"Report Date",FIPS,Locality,"VDH Health District","Total Cases",Hospitalizations,Deaths
03/17/2020,51001,Accomack,"Eastern Shore",0,0,0
03/17/2020,51003,Albemarle,"Thomas Jefferson",0,0,0
03/17/2020,51005,Alleghany,Alleghany,0,0,0
03/17/2020,51007,Amelia,Piedmont,0,0,0
03/17/2020,51009,Amherst,"Central Virginia",0,0,0
03/17/2020,51011,Appomattox,"Central Virginia",0,0,0
03/17/2020,51013,Arlington,Arlington,13,1,0
03/17/2020,51015,Augusta,"Central Shenandoah",0,0,0
03/17/2020,51017,Bath,"Central Shenandoah",0,0,0
03/17/2020,51019,Bedford,"Central Virginia",0,0,0
03/17/2020,51021,Bland,"Mount Rogers",0,0,0
03/17/2020,51023,Botetourt,Alleghany,0,0,0
03/17/2020,51025,Brunswick,Southside,0,0,0
03/17/2020,51027,Buchanan,"Cumberland Plateau",0,0,0
03/17/2020,51029,Buckingham,Piedmont,0,0,0
03/17/2020,51031,Campbell,"Central Virginia",0,0,0
03/17/2020,51033,Caroline,Rappahannock,0,0,0
03/17/2020,51035,Carroll,"Mount Rogers",0,0,0
03/17/2020,51036,"Charles City",Chickahominy,0,0,0
03/17/2020,51037,Charlotte,Piedmont,0,0,0
03/17/2020,51041,Chesterfield,Chesterfield,4,2,0
03/17/2020,51043,Clarke,"Lord Fairfax",0,0,0
03/17/2020,51045,Craig,Alleghany,0,0,0
03/17/2020,51047,Culpeper,"Rappahannock Rapidan",0,0,0
03/17/2020,51049,Cumberland,Piedmont,0,0,0
03/17/2020,51051,Dickenson,"Cumberland Plateau",0,0,0
03/17/2020,51053,Dinwiddie,Crater,0,0,0
03/17/2020,51057,Essex,"Three Rivers",0,0,0
03/17/2020,51059,Fairfax,Fairfax,12,3,0
03/17/2020,51061,Fauquier,"Rappahannock Rapidan",0,0,0
03/17/2020,51063,Floyd,"New River",0,0,0
03/17/2020,51065,Fluvanna,"Thomas Jefferson",0,0,0
03/17/2020,51067,"Franklin County","West Piedmont",0,0,0
03/17/2020,51069,Frederick,"Lord Fairfax",0,0,0
03/17/2020,51071,Giles,"New River",0,0,0
03/17/2020,51073,Gloucester,"Three Rivers",0,0,0
03/17/2020,51075,Goochland,Chickahominy,1,0,0
03/17/2020,51077,Grayson,"Mount Rogers",0,0,0
03/17/2020,51079,Greene,"Thomas Jefferson",0,0,0
03/17/2020,51081,Greensville,Crater,0,0,0
03/17/2020,51083,Halifax,Southside,0,0,0
03/17/2020,51085,Hanover,Chickahominy,1,0,0
03/17/2020,51087,Henrico,Henrico,2,1,0
03/17/2020,51089,Henry,"West Piedmont",0,0,0
03/17/2020,51091,Highland,"Central Shenandoah",0,0,0
03/17/2020,51093,"Isle of Wight","Western Tidewater",0,0,0
03/17/2020,51095,"James City",Peninsula,12,6,1
03/17/2020,51097,"King and Queen","Three Rivers",0,0,0
03/17/2020,51099,"King George",Rappahannock,0,0,0
03/17/2020,51101,"King William","Three Rivers",0,0,0
03/17/2020,51103,Lancaster,"Three Rivers",0,0,0
03/17/2020,51105,Lee,Lenowisco,0,0,0
03/17/2020,51107,Loudoun,Loudoun,5,2,0
03/17/2020,51109,Louisa,"Thomas Jefferson",0,0,0
03/17/2020,51111,Lunenburg,Piedmont,0,0,0
03/17/2020,51113,Madison,"Rappahannock Rapidan",0,0,0
03/17/2020,51115,Mathews,"Three Rivers",0,0,0
03/17/2020,51117,Mecklenburg,Southside,0,0,0
03/17/2020,51119,Middlesex,"Three Rivers",0,0,0
03/17/2020,51121,Montgomery,"New River",0,0,0
03/17/2020,51125,Nelson,"Thomas Jefferson",0,0,0
03/17/2020,51127,"New Kent",Chickahominy,0,0,0
03/17/2020,51131,Northampton,"Eastern Shore",0,0,0
03/17/2020,51133,Northumberland,"Three Rivers",0,0,0
03/17/2020,51135,Nottoway,Piedmont,0,0,0
03/17/2020,51137,Orange,"Rappahannock Rapidan",0,0,0
03/17/2020,51139,Page,"Lord Fairfax",0,0,0
03/17/2020,51141,Patrick,"West Piedmont",0,0,0
03/17/2020,51143,Pittsylvania,Pittsylvania-Danville,0,0,0
03/17/2020,51145,Powhatan,Chesterfield,0,0,0
03/17/2020,51147,"Prince Edward",Piedmont,1,0,0
03/17/2020,51149,"Prince George",Crater,0,0,0
03/17/2020,51153,"Prince William","Prince William",4,1,0
03/17/2020,51155,Pulaski,"New River",0,0,0
03/17/2020,51157,Rappahannock,"Rappahannock Rapidan",0,0,0
03/17/2020,51159,"Richmond County","Three Rivers",0,0,0
03/17/2020,51161,"Roanoke County",Alleghany,0,0,0
03/17/2020,51163,Rockbridge,"Central Shenandoah",0,0,0
03/17/2020,51165,Rockingham,"Central Shenandoah",0,0,0
03/17/2020,51167,Russell,"Cumberland Plateau",0,0,0
03/17/2020,51169,Scott,Lenowisco,0,0,0
03/17/2020,51171,Shenandoah,"Lord Fairfax",0,0,0
03/17/2020,51173,Smyth,"Mount Rogers",0,0,0
03/17/2020,51175,Southampton,"Western Tidewater",0,0,0
03/17/2020,51177,Spotsylvania,Rappahannock,1,0,0
03/17/2020,51179,Stafford,Rappahannock,1,1,0
03/17/2020,51181,Surry,Crater,0,0,0
03/17/2020,51183,Sussex,Crater,0,0,0
03/17/2020,51185,Tazewell,"Cumberland Plateau",0,0,0
03/17/2020,51187,Warren,"Lord Fairfax",0,0,0
03/17/2020,51191,Washington,"Mount Rogers",0,0,0
03/17/2020,51193,Westmoreland,"Three Rivers",0,0,0
03/17/2020,51195,Wise,Lenowisco,0,0,0
03/17/2020,51197,Wythe,"Mount Rogers",0,0,0
03/17/2020,51199,York,Peninsula,1,0,1
03/17/2020,51510,Alexandria,Alexandria,2,0,0
03/17/2020,51520,Bristol,"Mount Rogers",0,0,0
03/17/2020,51530,"Buena Vista City","Central Shenandoah",0,0,0
03/17/2020,51540,Charlottesville,"Thomas Jefferson",1,0,0
03/17/2020,51550,Chesapeake,Chesapeake,0,0,0
03/17/2020,51570,"Colonial Heights",Chesterfield,0,0,0
03/17/2020,51580,Covington,Alleghany,0,0,0
03/17/2020,51590,Danville,Pittsylvania-Danville,0,0,0
03/17/2020,51595,Emporia,Crater,0,0,0
03/17/2020,51600,"Fairfax City",Fairfax,0,0,0
03/17/2020,51610,"Falls Church",Fairfax,0,0,0
03/17/2020,51620,"Franklin City","Western Tidewater",0,0,0
03/17/2020,51630,Fredericksburg,Rappahannock,0,0,0
03/17/2020,51640,Galax,"Mount Rogers",0,0,0
03/17/2020,51650,Hampton,Hampton,0,0,0
03/17/2020,51660,Harrisonburg,"Central Shenandoah",1,1,0
03/17/2020,51670,Hopewell,Crater,0,0,0
03/17/2020,51678,Lexington,"Central Shenandoah",0,0,0
03/17/2020,51680,Lynchburg,"Central Virginia",0,0,0
03/17/2020,51683,"Manassas City","Prince William",0,0,0
03/17/2020,51685,"Manassas Park","Prince William",0,0,0
03/17/2020,51690,Martinsville,"West Piedmont",0,0,0
03/17/2020,51700,"Newport News",Peninsula,0,0,0
03/17/2020,51710,Norfolk,Norfolk,0,0,0
03/17/2020,51720,Norton,Lenowisco,0,0,0
03/17/2020,51730,Petersburg,Crater,0,0,0
03/17/2020,51735,Poquoson,Peninsula,0,0,0
03/17/2020,51740,Portsmouth,Portsmouth,0,0,0
03/17/2020,51750,Radford,"New River",0,0,0
03/17/2020,51760,"Richmond City",Richmond,0,0,0
03/17/2020,51770,"Roanoke City",Roanoke,0,0,0
03/17/2020,51775,Salem,Alleghany,0,0,0
03/17/2020,51790,Staunton,"Central Shenandoah",0,0,0
03/17/2020,51800,Suffolk,"Western Tidewater",0,0,0
03/17/2020,51810,"Virginia Beach","Virginia Beach",4,0,0
03/17/2020,51820,Waynesboro,"Central Shenandoah",0,0,0
03/17/2020,51830,Williamsburg,Peninsula,1,0,0
03/17/2020,51840,Winchester,"Lord Fairfax",0,0,0
03/18/2020,51001,Accomack,"Eastern Shore",0,0,0
03/18/2020,51003,Albemarle,"Thomas Jefferson",0,0,0
03/18/2020,51005,Alleghany,Alleghany,0,0,0
03/18/2020,51007,Amelia,Piedmont,0,0,0
03/18/2020,51009,Amherst,"Central Virginia",0,0,0
03/18/2020,51011,Appomattox,"Central Virginia",0,0,0
03/18/2020,51013,Arlington,Arlington,14,1,0
03/18/2020,51015,Augusta,"Central Shenandoah",0,0,0
03/18/2020,51017,Bath,"Central Shenandoah",0,0,0
03/18/2020,51019,Bedford,"Central Virginia",0,0,0
03/18/2020,51021,Bland,"Mount Rogers",0,0,0
03/18/2020,51023,Botetourt,Alleghany,0,0,0
03/18/2020,51025,Brunswick,Southside,0,0,0
03/18/2020,51027,Buchanan,"Cumberland Plateau",0,0,0
03/18/2020,51029,Buckingham,Piedmont,0,0,0
03/18/2020,51031,Campbell,"Central Virginia",0,0,0
03/18/2020,51033,Caroline,Rappahannock,0,0,0
03/18/2020,51035,Carroll,"Mount Rogers",0,0,0
03/18/2020,51036,"Charles City",Chickahominy,1,0,0
03/18/2020,51037,Charlotte,Piedmont,0,0,0
03/18/2020,51041,Chesterfield,Chesterfield,5,2,0
03/18/2020,51043,Clarke,"Lord Fairfax",0,0,0
03/18/2020,51045,Craig,Alleghany,0,0,0
03/18/2020,51047,Culpeper,"Rappahannock Rapidan",0,0,0
03/18/2020,51049,Cumberland,Piedmont,0,0,0
03/18/2020,51051,Dickenson,"Cumberland Plateau",0,0,0
03/18/2020,51053,Dinwiddie,Crater,0,0,0
03/18/2020,51057,Essex,"Three Rivers",0,0,0
03/18/2020,51059,Fairfax,Fairfax,14,3,0
03/18/2020,51061,Fauquier,"Rappahannock Rapidan",0,0,0
03/18/2020,51063,Floyd,"New River",0,0,0
03/18/2020,51065,Fluvanna,"Thomas Jefferson",0,0,0
03/18/2020,51067,"Franklin County","West Piedmont",0,0,0
03/18/2020,51069,Frederick,"Lord Fairfax",0,0,0
03/18/2020,51071,Giles,"New River",0,0,0
03/18/2020,51073,Gloucester,"Three Rivers",0,0,0
03/18/2020,51075,Goochland,Chickahominy,1,0,0
03/18/2020,51077,Grayson,"Mount Rogers",0,0,0
03/18/2020,51079,Greene,"Thomas Jefferson",0,0,0
03/18/2020,51081,Greensville,Crater,0,0,0
03/18/2020,51083,Halifax,Southside,0,0,0
03/18/2020,51085,Hanover,Chickahominy,1,0,0
03/18/2020,51087,Henrico,Henrico,2,1,0
03/18/2020,51089,Henry,"West Piedmont",0,0,0
03/18/2020,51091,Highland,"Central Shenandoah",0,0,0
03/18/2020,51093,"Isle of Wight","Western Tidewater",0,0,0
03/18/2020,51095,"James City",Peninsula,13,4,1
03/18/2020,51097,"King and Queen","Three Rivers",0,0,0
03/18/2020,51099,"King George",Rappahannock,0,0,0
03/18/2020,51101,"King William","Three Rivers",0,0,0
03/18/2020,51103,Lancaster,"Three Rivers",0,0,0
03/18/2020,51105,Lee,Lenowisco,0,0,0
03/18/2020,51107,Loudoun,Loudoun,5,2,0
03/18/2020,51109,Louisa,"Thomas Jefferson",0,0,0
03/18/2020,51111,Lunenburg,Piedmont,0,0,0
03/18/2020,51113,Madison,"Rappahannock Rapidan",0,0,0
03/18/2020,51115,Mathews,"Three Rivers",0,0,0
03/18/2020,51117,Mecklenburg,Southside,0,0,0
03/18/2020,51119,Middlesex,"Three Rivers",0,0,0
03/18/2020,51121,Montgomery,"New River",0,0,0
03/18/2020,51125,Nelson,"Thomas Jefferson",0,0,0
03/18/2020,51127,"New Kent",Chickahominy,0,0,0
03/18/2020,51131,Northampton,"Eastern Shore",0,0,0
03/18/2020,51133,Northumberland,"Three Rivers",0,0,0
03/18/2020,51135,Nottoway,Piedmont,0,0,0
03/18/2020,51137,Orange,"Rappahannock Rapidan",0,0,0
03/18/2020,51139,Page,"Lord Fairfax",0,0,0
03/18/2020,51141,Patrick,"West Piedmont",0,0,0
03/18/2020,51143,Pittsylvania,Pittsylvania-Danville,0,0,0
03/18/2020,51145,Powhatan,Chesterfield,0,0,0
03/18/2020,51147,"Prince Edward",Piedmont,1,0,0
03/18/2020,51149,"Prince George",Crater,0,0,0
03/18/2020,51153,"Prince William","Prince William",4,1,0
03/18/2020,51155,Pulaski,"New River",0,0,0
03/18/2020,51157,Rappahannock,"Rappahannock Rapidan",0,0,0
03/18/2020,51159,"Richmond County","Three Rivers",0,0,0
03/18/2020,51161,"Roanoke County",Alleghany,0,0,0
03/18/2020,51163,Rockbridge,"Central Shenandoah",0,0,0
03/18/2020,51165,Rockingham,"Central Shenandoah",0,0,0
03/18/2020,51167,Russell,"Cumberland Plateau",0,0,0
03/18/2020,51169,Scott,Lenowisco,0,0,0
03/18/2020,51171,Shenandoah,"Lord Fairfax",0,0,0
03/18/2020,51173,Smyth,"Mount Rogers",0,0,0
03/18/2020,51175,Southampton,"Western Tidewater",0,0,0
03/18/2020,51177,Spotsylvania,Rappahannock,1,0,0
03/18/2020,51179,Stafford,Rappahannock,2,1,0
03/18/2020,51181,Surry,Crater,0,0,0
03/18/2020,51183,Sussex,Crater,0,0,0
03/18/2020,51185,Tazewell,"Cumberland Plateau",0,0,0
03/18/2020,51187,Warren,"Lord Fairfax",0,0,0
03/18/2020,51191,Washington,"Mount Rogers",0,0,0
03/18/2020,51193,Westmoreland,"Three Rivers",0,0,0
03/18/2020,51195,Wise,Lenowisco,0,0,0
03/18/2020,51197,Wythe,"Mount Rogers",0,0,0
03/18/2020,51199,York,Peninsula,1,1,1
03/18/2020,51510,Alexandria,Alexandria,2,0,0
03/18/2020,51520,Bristol,"Mount Rogers",0,0,0
03/18/2020,51530,"Buena Vista City","Central Shenandoah",0,0,0
03/18/2020,51540,Charlottesville,"Thomas Jefferson",1,0,0
03/18/2020,51550,Chesapeake,Chesapeake,0,0,0
03/18/2020,51570,"Colonial Heights",Chesterfield,0,0,0
03/18/2020,51580,Covington,Alleghany,0,0,0
03/18/2020,51590,Danville,Pittsylvania-Danville,0,0,0
03/18/2020,51595,Emporia,Crater,0,0,0
03/18/2020,51600,"Fairfax City",Fairfax,0,0,0
03/18/2020,51610,"Falls Church",Fairfax,0,0,0
03/18/2020,51620,"Franklin City","Western Tidewater",0,0,0
03/18/2020,51630,Fredericksburg,Rappahannock,0,0,0
03/18/2020,51640,Galax,"Mount Rogers",0,0,0
03/18/2020,51650,Hampton,Hampton,0,0,0
03/18/2020,51660,Harrisonburg,"Central Shenandoah",1,1,0
03/18/2020,51670,Hopewell,Crater,0,0,0
03/18/2020,51678,Lexington,"Central Shenandoah",0,0,0
03/18/2020,51680,Lynchburg,"Central Virginia",0,0,0
03/18/2020,51683,"Manassas City","Prince William",0,0,0
03/18/2020,51685,"Manassas Park","Prince William",0,0,0
03/18/2020,51690,Martinsville,"West Piedmont",0,0,0
03/18/2020,51700,"Newport News",Peninsula,0,0,0
03/18/2020,51710,Norfolk,Norfolk,0,0,0
03/18/2020,51720,Norton,Lenowisco,0,0,0
03/18/2020,51730,Petersburg,Crater,0,0,0
03/18/2020,51735,Poquoson,Peninsula,0,0,0
03/18/2020,51740,Portsmouth,Portsmouth,0,0,0
03/18/2020,51750,Radford,"New River",0,0,0
03/18/2020,51760,"Richmond City",Richmond,3,0,0
03/18/2020,51770,"Roanoke City",Roanoke,0,0,0
03/18/2020,51775,Salem,Alleghany,0,0,0
03/18/2020,51790,Staunton,"Central Shenandoah",0,0,0
03/18/2020,51800,Suffolk,"Western Tidewater",0,0,0
03/18/2020,51810,"Virginia Beach","Virginia Beach",4,0,0
03/18/2020,51820,Waynesboro,"Central Shenandoah",0,0,0
03/18/2020,51830,Williamsburg,Peninsula,1,0,0
03/18/2020,51840,Winchester,"Lord Fairfax",0,0,0
03/19/2020,51001,Accomack,"Eastern Shore",0,0,0
03/19/2020,51003,Albemarle,"Thomas Jefferson",0,0,0
03/19/2020,51005,Alleghany,Alleghany,0,0,0
03/19/2020,51007,Amelia,Piedmont,0,0,0
03/19/2020,51009,Amherst,"Central Virginia",0,0,0
03/19/2020,51011,Appomattox,"Central Virginia",0,0,0
03/19/2020,51013,Arlington,Arlington,17,1,0
03/19/2020,51015,Augusta,"Central Shenandoah",0,0,0
03/19/2020,51017,Bath,"Central Shenandoah",0,0,0
03/19/2020,51019,Bedford,"Central Virginia",0,0,0
03/19/2020,51021,Bland,"Mount Rogers",0,0,0
03/19/2020,51023,Botetourt,Alleghany,0,0,0
03/19/2020,51025,Brunswick,Southside,0,0,0
03/19/2020,51027,Buchanan,"Cumberland Plateau",0,0,0
03/19/2020,51029,Buckingham,Piedmont,0,0,0
03/19/2020,51031,Campbell,"Central Virginia",0,0,0
03/19/2020,51033,Caroline,Rappahannock,0,0,0
03/19/2020,51035,Carroll,"Mount Rogers",0,0,0
03/19/2020,51036,"Charles City",Chickahominy,1,0,0
03/19/2020,51037,Charlotte,Piedmont,0,0,0
03/19/2020,51041,Chesterfield,Chesterfield,6,3,0
03/19/2020,51043,Clarke,"Lord Fairfax",0,0,0
03/19/2020,51045,Craig,Alleghany,0,0,0
03/19/2020,51047,Culpeper,"Rappahannock Rapidan",0,0,0
03/19/2020,51049,Cumberland,Piedmont,0,0,0
03/19/2020,51051,Dickenson,"Cumberland Plateau",0,0,0
03/19/2020,51053,Dinwiddie,Crater,0,0,0
03/19/2020,51057,Essex,"Three Rivers",0,0,0
03/19/2020,51059,Fairfax,Fairfax,16,3,0
03/19/2020,51061,Fauquier,"Rappahannock Rapidan",0,0,0
03/19/2020,51063,Floyd,"New River",0,0,0
03/19/2020,51065,Fluvanna,"Thomas Jefferson",0,0,0
03/19/2020,51067,"Franklin County","West Piedmont",0,0,0
03/19/2020,51069,Frederick,"Lord Fairfax",0,0,0
03/19/2020,51071,Giles,"New River",0,0,0
03/19/2020,51073,Gloucester,"Three Rivers",0,0,0
03/19/2020,51075,Goochland,Chickahominy,1,0,0
03/19/2020,51077,Grayson,"Mount Rogers",0,0,0
03/19/2020,51079,Greene,"Thomas Jefferson",0,0,0
03/19/2020,51081,Greensville,Crater,0,0,0
03/19/2020,51083,Halifax,Southside,0,0,0
03/19/2020,51085,Hanover,Chickahominy,1,0,0
03/19/2020,51087,Henrico,Henrico,3,1,0
03/19/2020,51089,Henry,"West Piedmont",0,0,0
03/19/2020,51091,Highland,"Central Shenandoah",0,0,0
03/19/2020,51093,"Isle of Wight","Western Tidewater",0,0,0
03/19/2020,51095,"James City",Peninsula,14,4,1
03/19/2020,51097,"King and Queen","Three Rivers",0,0,0
03/19/2020,51099,"King George",Rappahannock,0,0,0
03/19/2020,51101,"King William","Three Rivers",0,0,0
03/19/2020,51103,Lancaster,"Three Rivers",0,0,0
03/19/2020,51105,Lee,Lenowisco,0,0,0
03/19/2020,51107,Loudoun,Loudoun,5,2,0
03/19/2020,51109,Louisa,"Thomas Jefferson",0,0,0
03/19/2020,51111,Lunenburg,Piedmont,0,0,0
03/19/2020,51113,Madison,"Rappahannock Rapidan",0,0,0
03/19/2020,51115,Mathews,"Three Rivers",0,0,0
03/19/2020,51117,Mecklenburg,Southside,0,0,0
03/19/2020,51119,Middlesex,"Three Rivers",0,0,0
03/19/2020,51121,Montgomery,"New River",0,0,0
03/19/2020,51125,Nelson,"Thomas Jefferson",0,0,0
03/19/2020,51127,"New Kent",Chickahominy,0,0,0
03/19/2020,51131,Northampton,"Eastern Shore",0,0,0
03/19/2020,51133,Northumberland,"Three Rivers",0,0,0
03/19/2020,51135,Nottoway,Piedmont,0,0,0
03/19/2020,51137,Orange,"Rappahannock Rapidan",0,0,0
03/19/2020,51139,Page,"Lord Fairfax",0,0,0
03/19/2020,51141,Patrick,"West Piedmont",0,0,0
03/19/2020,51143,Pittsylvania,Pittsylvania-Danville,0,0,0
03/19/2020,51145,Powhatan,Chesterfield,0,0,0
03/19/2020,51147,"Prince Edward",Piedmont,1,0,0
03/19/2020,51149,"Prince George",Crater,0,0,0
03/19/2020,51153,"Prince William","Prince William",11,1,0
03/19/2020,51155,Pulaski,"New River",0,0,0
03/19/2020,51157,Rappahannock,"Rappahannock Rapidan",0,0,0
03/19/2020,51159,"Richmond County","Three Rivers",0,0,0
03/19/2020,51161,"Roanoke County",Alleghany,0,0,0
03/19/2020,51163,Rockbridge,"Central Shenandoah",0,0,0
03/19/2020,51165,Rockingham,"Central Shenandoah",0,0,0
03/19/2020,51167,Russell,"Cumberland Plateau",0,0,0
03/19/2020,51169,Scott,Lenowisco,0,0,0
03/19/2020,51171,Shenandoah,"Lord Fairfax",0,0,0
03/19/2020,51173,Smyth,"Mount Rogers",0,0,0
03/19/2020,51175,Southampton,"Western Tidewater",0,0,0
03/19/2020,51177,Spotsylvania,Rappahannock,1,0,0
03/19/2020,51179,Stafford,Rappahannock,2,1,0
03/19/2020,51181,Surry,Crater,0,0,0
03/19/2020,51183,Sussex,Crater,0,0,0
03/19/2020,51185,Tazewell,"Cumberland Plateau",0,0,0
03/19/2020,51187,Warren,"Lord Fairfax",0,0,0
03/19/2020,51191,Washington,"Mount Rogers",0,0,0
03/19/2020,51193,Westmoreland,"Three Rivers",0,0,0
03/19/2020,51195,Wise,Lenowisco,0,0,0
03/19/2020,51197,Wythe,"Mount Rogers",0,0,0
03/19/2020,51199,York,Peninsula,1,1,1
03/19/2020,51510,Alexandria,Alexandria,4,0,0
03/19/2020,51520,Bristol,"Mount Rogers",0,0,0
03/19/2020,51530,"Buena Vista City","Central Shenandoah",0,0,0
03/19/2020,51540,Charlottesville,"Thomas Jefferson",1,0,0
03/19/2020,51550,Chesapeake,Chesapeake,0,0,0
03/19/2020,51570,"Colonial Heights",Chesterfield,0,0,0
03/19/2020,51580,Covington,Alleghany,0,0,0
03/19/2020,51590,Danville,Pittsylvania-Danville,0,0,0
03/19/2020,51595,Emporia,Crater,0,0,0
03/19/2020,51600,"Fairfax City",Fairfax,0,0,0
03/19/2020,51610,"Falls Church",Fairfax,0,0,0
03/19/2020,51620,"Franklin City","Western Tidewater",0,0,0
03/19/2020,51630,Fredericksburg,Rappahannock,0,0,0
03/19/2020,51640,Galax,"Mount Rogers",0,0,0
03/19/2020,51650,Hampton,Hampton,0,0,0
03/19/2020,51660,Harrisonburg,"Central Shenandoah",1,1,0
03/19/2020,51670,Hopewell,Crater,0,0,0
03/19/2020,51678,Lexington,"Central Shenandoah",0,0,0
03/19/2020,51680,Lynchburg,"Central Virginia",0,0,0
03/19/2020,51683,"Manassas City","Prince William",0,0,0
03/19/2020,51685,"Manassas Park","Prince William",0,0,0
03/19/2020,51690,Martinsville,"West Piedmont",0,0,0
03/19/2020,51700,"Newport News",Peninsula,0,0,0
03/19/2020,51710,Norfolk,Norfolk,0,0,0
03/19/2020,51720,Norton,Lenowisco,0,0,0
03/19/2020,51730,Petersburg,Crater,0,0,0
03/19/2020,51735,Poquoson,Peninsula,0,0,0
03/19/2020,51740,Portsmouth,Portsmouth,0,0,0
03/19/2020,51750,Radford,"New River",0,0,0
03/19/2020,51760,"Richmond City",Richmond,3,0,0
03/19/2020,51770,"Roanoke City",Roanoke,0,0,0
03/19/2020,51775,Salem,Alleghany,0,0,0
03/19/2020,51790,Staunton,"Central Shenandoah",0,0,0
03/19/2020,51800,Suffolk,"Western Tidewater",0,0,0
03/19/2020,51810,"Virginia Beach","Virginia Beach",4,0,0
03/19/2020,51820,Waynesboro,"Central Shenandoah",0,0,0
03/19/2020,51830,Williamsburg,Peninsula,1,0,0
03/19/2020,51840,Winchester,"Lord Fairfax",0,0,0
03/20/2020,51001,Accomack,"Eastern Shore",1,0,0
03/20/2020,51003,Albemarle,"Thomas Jefferson",0,0,0
03/20/2020,51005,Alleghany,Alleghany,0,0,0
03/20/2020,51007,Amelia,Piedmont,0,0,0
03/20/2020,51009,Amherst,"Central Virginia",0,0,0
03/20/2020,51011,Appomattox,"Central Virginia",0,0,0
03/20/2020,51013,Arlington,Arlington,17,2,0
03/20/2020,51015,Augusta,"Central Shenandoah",0,0,0
03/20/2020,51017,Bath,"Central Shenandoah",0,0,0
03/20/2020,51019,Bedford,"Central Virginia",0,0,0
03/20/2020,51021,Bland,"Mount Rogers",0,0,0
03/20/2020,51023,Botetourt,Alleghany,0,0,0
03/20/2020,51025,Brunswick,Southside,0,0,0
03/20/2020,51027,Buchanan,"Cumberland Plateau",0,0,0
03/20/2020,51029,Buckingham,Piedmont,0,0,0
03/20/2020,51031,Campbell,"Central Virginia",0,0,0
03/20/2020,51033,Caroline,Rappahannock,0,0,0
03/20/2020,51035,Carroll,"Mount Rogers",0,0,0
03/20/2020,51036,"Charles City",Chickahominy,1,0,0
03/20/2020,51037,Charlotte,Piedmont,0,0,0
03/20/2020,51041,Chesterfield,Chesterfield,5,1,0
03/20/2020,51043,Clarke,"Lord Fairfax",0,0,0
03/20/2020,51045,Craig,Alleghany,0,0,0
03/20/2020,51047,Culpeper,"Rappahannock Rapidan",0,0,0
03/20/2020,51049,Cumberland,Piedmont,0,0,0
03/20/2020,51051,Dickenson,"Cumberland Plateau",0,0,0
03/20/2020,51053,Dinwiddie,Crater,0,0,0
03/20/2020,51057,Essex,"Three Rivers",0,0,0
03/20/2020,51059,Fairfax,Fairfax,16,1,0
03/20/2020,51061,Fauquier,"Rappahannock Rapidan",0,0,0
03/20/2020,51063,Floyd,"New River",0,0,0
03/20/2020,51065,Fluvanna,"Thomas Jefferson",0,0,0
03/20/2020,51067,"Franklin County","West Piedmont",0,0,0
03/20/2020,51069,Frederick,"Lord Fairfax",0,0,0
03/20/2020,51071,Giles,"New River",0,0,0
03/20/2020,51073,Gloucester,"Three Rivers",1,0,0
03/20/2020,51075,Goochland,Chickahominy,1,0,0
03/20/2020,51077,Grayson,"Mount Rogers",0,0,0
03/20/2020,51079,Greene,"Thomas Jefferson",0,0,0
03/20/2020,51081,Greensville,Crater,0,0,0
03/20/2020,51083,Halifax,Southside,0,0,0
03/20/2020,51085,Hanover,Chickahominy,1,0,0
03/20/2020,51087,Henrico,Henrico,3,1,0
03/20/2020,51089,Henry,"West Piedmont",0,0,0
03/20/2020,51091,Highland,"Central Shenandoah",0,0,0
03/20/2020,51093,"Isle of Wight","Western Tidewater",0,0,0
03/20/2020,51095,"James City",Peninsula,19,5,1
03/20/2020,51097,"King and Queen","Three Rivers",0,0,0
03/20/2020,51099,"King George",Rappahannock,0,0,0
03/20/2020,51101,"King William","Three Rivers",0,0,0
03/20/2020,51103,Lancaster,"Three Rivers",0,0,0
03/20/2020,51105,Lee,Lenowisco,0,0,0
03/20/2020,51107,Loudoun,Loudoun,9,2,0
03/20/2020,51109,Louisa,"Thomas Jefferson",0,0,0
03/20/2020,51111,Lunenburg,Piedmont,0,0,0
03/20/2020,51113,Madison,"Rappahannock Rapidan",0,0,0
03/20/2020,51115,Mathews,"Three Rivers",0,0,0
03/20/2020,51117,Mecklenburg,Southside,0,0,0
03/20/2020,51119,Middlesex,"Three Rivers",0,0,0
03/20/2020,51121,Montgomery,"New River",0,0,0
03/20/2020,51125,Nelson,"Thomas Jefferson",0,0,0
03/20/2020,51127,"New Kent",Chickahominy,0,0,0
03/20/2020,51131,Northampton,"Eastern Shore",0,0,0
03/20/2020,51133,Northumberland,"Three Rivers",0,0,0
03/20/2020,51135,Nottoway,Piedmont,0,0,0
03/20/2020,51137,Orange,"Rappahannock Rapidan",0,0,0
03/20/2020,51139,Page,"Lord Fairfax",0,0,0
03/20/2020,51141,Patrick,"West Piedmont",0,0,0
03/20/2020,51143,Pittsylvania,Pittsylvania-Danville,0,0,0
03/20/2020,51145,Powhatan,Chesterfield,0,0,0
03/20/2020,51147,"Prince Edward",Piedmont,1,0,0
03/20/2020,51149,"Prince George",Crater,0,0,0
03/20/2020,51153,"Prince William","Prince William",12,4,0
03/20/2020,51155,Pulaski,"New River",0,0,0
03/20/2020,51157,Rappahannock,"Rappahannock Rapidan",0,0,0
03/20/2020,51159,"Richmond County","Three Rivers",0,0,0
03/20/2020,51161,"Roanoke County",Alleghany,0,0,0
03/20/2020,51163,Rockbridge,"Central Shenandoah",0,0,0
03/20/2020,51165,Rockingham,"Central Shenandoah",0,0,0
03/20/2020,51167,Russell,"Cumberland Plateau",0,0,0
03/20/2020,51169,Scott,Lenowisco,0,0,0
03/20/2020,51171,Shenandoah,"Lord Fairfax",0,0,0
03/20/2020,51173,Smyth,"Mount Rogers",0,0,0
03/20/2020,51175,Southampton,"Western Tidewater",0,0,0
03/20/2020,51177,Spotsylvania,Rappahannock,1,0,0
03/20/2020,51179,Stafford,Rappahannock,2,0,0
03/20/2020,51181,Surry,Crater,0,0,0
03/20/2020,51183,Sussex,Crater,0,0,0
03/20/2020,51185,Tazewell,"Cumberland Plateau",0,0,0
03/20/2020,51187,Warren,"Lord Fairfax",0,0,0
03/20/2020,51191,Washington,"Mount Rogers",0,0,0
03/20/2020,51193,Westmoreland,"Three Rivers",0,0,0
03/20/2020,51195,Wise,Lenowisco,0,0,0
03/20/2020,51197,Wythe,"Mount Rogers",0,0,0
03/20/2020,51199,York,Peninsula,3,1,1
03/20/2020,51510,Alexandria,Alexandria,3,0,0
03/20/2020,51520,Bristol,"Mount Rogers",0,0,0
03/20/2020,51530,"Buena Vista City","Central Shenandoah",0,0,0
03/20/2020,51540,Charlottesville,"Thomas Jefferson",1,0,0
03/20/2020,51550,Chesapeake,Chesapeake,0,0,0
03/20/2020,51570,"Colonial Heights",Chesterfield,0,0,0
03/20/2020,51580,Covington,Alleghany,0,0,0
03/20/2020,51590,Danville,Pittsylvania-Danville,0,0,0
03/20/2020,51595,Emporia,Crater,0,0,0
03/20/2020,51600,"Fairfax City",Fairfax,0,0,0
03/20/2020,51610,"Falls Church",Fairfax,0,0,0
03/20/2020,51620,"Franklin City","Western Tidewater",0,0,0
03/20/2020,51630,Fredericksburg,Rappahannock,0,0,0
03/20/2020,51640,Galax,"Mount Rogers",0,0,0
03/20/2020,51650,Hampton,Hampton,0,0,0
03/20/2020,51660,Harrisonburg,"Central Shenandoah",1,0,0
03/20/2020,51670,Hopewell,Crater,0,0,0
03/20/2020,51678,Lexington,"Central Shenandoah",0,0,0
03/20/2020,51680,Lynchburg,"Central Virginia",0,0,0
03/20/2020,51683,"Manassas City","Prince William",0,0,0
03/20/2020,51685,"Manassas Park","Prince William",0,0,0
03/20/2020,51690,Martinsville,"West Piedmont",0,0,0
03/20/2020,51700,"Newport News",Peninsula,1,1,0
03/20/2020,51710,Norfolk,Norfolk,1,0,0
03/20/2020,51720,Norton,Lenowisco,0,0,0
03/20/2020,51730,Petersburg,Crater,0,0,0
03/20/2020,51735,Poquoson,Peninsula,0,0,0
03/20/2020,51740,Portsmouth,Portsmouth,1,0,0
03/20/2020,51750,Radford,"New River",0,0,0
03/20/2020,51760,"Richmond City",Richmond,5,1,0
03/20/2020,51770,"Roanoke City",Roanoke,0,0,0
03/20/2020,51775,Salem,Alleghany,0,0,0
03/20/2020,51790,Staunton,"Central Shenandoah",0,0,0
03/20/2020,51800,Suffolk,"Western Tidewater",0,0,0
03/20/2020,51810,"Virginia Beach","Virginia Beach",4,0,0
03/20/2020,51820,Waynesboro,"Central Shenandoah",0,0,0
03/20/2020,51830,Williamsburg,Peninsula,4,1,0
03/20/2020,51840,Winchester,"Lord Fairfax",0,0,0
03/21/2020,51001,Accomack,"Eastern Shore",1,0,0
03/21/2020,51003,Albemarle,"Thomas Jefferson",1,0,0
03/21/2020,51005,Alleghany,Alleghany,0,0,0
03/21/2020,51007,Amelia,Piedmont,0,0,0
03/21/2020,51009,Amherst,"Central Virginia",0,0,0
03/21/2020,51011,Appomattox,"Central Virginia",0,0,0
03/21/2020,51013,Arlington,Arlington,22,4,0
03/21/2020,51015,Augusta,"Central Shenandoah",0,0,0
03/21/2020,51017,Bath,"Central Shenandoah",0,0,0
03/21/2020,51019,Bedford,"Central Virginia",0,0,0
03/21/2020,51021,Bland,"Mount Rogers",0,0,0
03/21/2020,51023,Botetourt,Alleghany,1,1,0
03/21/2020,51025,Brunswick,Southside,0,0,0
03/21/2020,51027,Buchanan,"Cumberland Plateau",0,0,0
03/21/2020,51029,Buckingham,Piedmont,0,0,0
03/21/2020,51031,Campbell,"Central Virginia",0,0,0
03/21/2020,51033,Caroline,Rappahannock,0,0,0
03/21/2020,51035,Carroll,"Mount Rogers",0,0,0
03/21/2020,51036,"Charles City",Chickahominy,1,0,0
03/21/2020,51037,Charlotte,Piedmont,0,0,0
03/21/2020,51041,Chesterfield,Chesterfield,7,1,0
03/21/2020,51043,Clarke,"Lord Fairfax",0,0,0
03/21/2020,51045,Craig,Alleghany,0,0,0
03/21/2020,51047,Culpeper,"Rappahannock Rapidan",0,0,0
03/21/2020,51049,Cumberland,Piedmont,0,0,0
03/21/2020,51051,Dickenson,"Cumberland Plateau",0,0,0
03/21/2020,51053,Dinwiddie,Crater,0,0,0
03/21/2020,51057,Essex,"Three Rivers",0,0,0
03/21/2020,51059,Fairfax,Fairfax,22,1,0
03/21/2020,51061,Fauquier,"Rappahannock Rapidan",0,0,0
03/21/2020,51063,Floyd,"New River",0,0,0
03/21/2020,51065,Fluvanna,"Thomas Jefferson",0,0,0
03/21/2020,51067,"Franklin County","West Piedmont",1,0,0
03/21/2020,51069,Frederick,"Lord Fairfax",0,0,0
03/21/2020,51071,Giles,"New River",0,0,0
03/21/2020,51073,Gloucester,"Three Rivers",2,0,0
03/21/2020,51075,Goochland,Chickahominy,1,0,0
03/21/2020,51077,Grayson,"Mount Rogers",0,0,0
03/21/2020,51079,Greene,"Thomas Jefferson",0,0,0
03/21/2020,51081,Greensville,Crater,0,0,0
03/21/2020,51083,Halifax,Southside,0,0,0
03/21/2020,51085,Hanover,Chickahominy,1,0,0
03/21/2020,51087,Henrico,Henrico,7,1,0
03/21/2020,51089,Henry,"West Piedmont",0,0,0
03/21/2020,51091,Highland,"Central Shenandoah",0,0,0
03/21/2020,51093,"Isle of Wight","Western Tidewater",1,0,0
03/21/2020,51095,"James City",Peninsula,20,5,1
03/21/2020,51097,"King and Queen","Three Rivers",0,0,0
03/21/2020,51099,"King George",Rappahannock,0,0,0
03/21/2020,51101,"King William","Three Rivers",0,0,0
03/21/2020,51103,Lancaster,"Three Rivers",0,0,0
03/21/2020,51105,Lee,Lenowisco,0,0,0
03/21/2020,51107,Loudoun,Loudoun,14,3,0
03/21/2020,51109,Louisa,"Thomas Jefferson",0,0,0
03/21/2020,51111,Lunenburg,Piedmont,0,0,0
03/21/2020,51113,Madison,"Rappahannock Rapidan",0,0,0
03/21/2020,51115,Mathews,"Three Rivers",0,0,0
03/21/2020,51117,Mecklenburg,Southside,1,0,0
03/21/2020,51119,Middlesex,"Three Rivers",0,0,0
03/21/2020,51121,Montgomery,"New River",0,0,0
03/21/2020,51125,Nelson,"Thomas Jefferson",0,0,0
03/21/2020,51127,"New Kent",Chickahominy,0,0,0
03/21/2020,51131,Northampton,"Eastern Shore",0,0,0
03/21/2020,51133,Northumberland,"Three Rivers",0,0,0
03/21/2020,51135,Nottoway,Piedmont,0,0,0
03/21/2020,51137,Orange,"Rappahannock Rapidan",0,0,0
03/21/2020,51139,Page,"Lord Fairfax",0,0,0
03/21/2020,51141,Patrick,"West Piedmont",0,0,0
03/21/2020,51143,Pittsylvania,Pittsylvania-Danville,0,0,0
03/21/2020,51145,Powhatan,Chesterfield,0,0,0
03/21/2020,51147,"Prince Edward",Piedmont,1,0,0
03/21/2020,51149,"Prince George",Crater,0,0,0
03/21/2020,51153,"Prince William","Prince William",14,4,0
03/21/2020,51155,Pulaski,"New River",0,0,0
03/21/2020,51157,Rappahannock,"Rappahannock Rapidan",0,0,0
03/21/2020,51159,"Richmond County","Three Rivers",0,0,0
03/21/2020,51161,"Roanoke County",Alleghany,0,0,0
03/21/2020,51163,Rockbridge,"Central Shenandoah",0,0,0
03/21/2020,51165,Rockingham,"Central Shenandoah",0,0,0
03/21/2020,51167,Russell,"Cumberland Plateau",0,0,0
03/21/2020,51169,Scott,Lenowisco,0,0,0
03/21/2020,51171,Shenandoah,"Lord Fairfax",0,0,0
03/21/2020,51173,Smyth,"Mount Rogers",0,0,0
03/21/2020,51175,Southampton,"Western Tidewater",0,0,0
03/21/2020,51177,Spotsylvania,Rappahannock,1,0,0
03/21/2020,51179,Stafford,Rappahannock,2,0,0
03/21/2020,51181,Surry,Crater,0,0,0
03/21/2020,51183,Sussex,Crater,0,0,0
03/21/2020,51185,Tazewell,"Cumberland Plateau",0,0,0
03/21/2020,51187,Warren,"Lord Fairfax",0,0,0
03/21/2020,51191,Washington,"Mount Rogers",0,0,0
03/21/2020,51193,Westmoreland,"Three Rivers",0,0,0
03/21/2020,51195,Wise,Lenowisco,0,0,0
03/21/2020,51197,Wythe,"Mount Rogers",0,0,0
03/21/2020,51199,York,Peninsula,3,1,1
03/21/2020,51510,Alexandria,Alexandria,5,0,0
03/21/2020,51520,Bristol,"Mount Rogers",0,0,0
03/21/2020,51530,"Buena Vista City","Central Shenandoah",0,0,0
03/21/2020,51540,Charlottesville,"Thomas Jefferson",1,0,0
03/21/2020,51550,Chesapeake,Chesapeake,0,0,0
03/21/2020,51570,"Colonial Heights",Chesterfield,0,0,0
03/21/2020,51580,Covington,Alleghany,0,0,0
03/21/2020,51590,Danville,Pittsylvania-Danville,0,0,0
03/21/2020,51595,Emporia,Crater,0,0,0
03/21/2020,51600,"Fairfax City",Fairfax,0,0,0
03/21/2020,51610,"Falls Church",Fairfax,0,0,0
03/21/2020,51620,"Franklin City","Western Tidewater",0,0,0
03/21/2020,51630,Fredericksburg,Rappahannock,0,0,0
03/21/2020,51640,Galax,"Mount Rogers",0,0,0
03/21/2020,51650,Hampton,Hampton,0,0,0
03/21/2020,51660,Harrisonburg,"Central Shenandoah",1,0,0
03/21/2020,51670,Hopewell,Crater,0,0,0
03/21/2020,51678,Lexington,"Central Shenandoah",0,0,0
03/21/2020,51680,Lynchburg,"Central Virginia",0,0,0
03/21/2020,51683,"Manassas City","Prince William",0,0,0
03/21/2020,51685,"Manassas Park","Prince William",0,0,0
03/21/2020,51690,Martinsville,"West Piedmont",0,0,0
03/21/2020,51700,"Newport News",Peninsula,2,2,0
03/21/2020,51710,Norfolk,Norfolk,3,0,0
03/21/2020,51720,Norton,Lenowisco,0,0,0
03/21/2020,51730,Petersburg,Crater,0,0,0
03/21/2020,51735,Poquoson,Peninsula,0,0,0
03/21/2020,51740,Portsmouth,Portsmouth,1,0,0
03/21/2020,51750,Radford,"New River",0,0,0
03/21/2020,51760,"Richmond City",Richmond,6,1,0
03/21/2020,51770,"Roanoke City",Roanoke,0,0,0
03/21/2020,51775,Salem,Alleghany,0,0,0
03/21/2020,51790,Staunton,"Central Shenandoah",0,0,0
03/21/2020,51800,Suffolk,"Western Tidewater",1,0,0
03/21/2020,51810,"Virginia Beach","Virginia Beach",4,0,0
03/21/2020,51820,Waynesboro,"Central Shenandoah",0,0,0
03/21/2020,51830,Williamsburg,Peninsula,4,1,0
03/21/2020,51840,Winchester,"Lord Fairfax",0,0,0
03/22/2020,51001,Accomack,"Eastern Shore",1,0,0
03/22/2020,51003,Albemarle,"Thomas Jefferson",2,0,0
03/22/2020,51005,Alleghany,Alleghany,0,0,0
03/22/2020,51007,Amelia,Piedmont,0,0,0
03/22/2020,51009,Amherst,"Central Virginia",1,0,0
03/22/2020,51011,Appomattox,"Central Virginia",0,0,0
03/22/2020,51013,Arlington,Arlington,26,4,0
03/22/2020,51015,Augusta,"Central Shenandoah",0,0,0
03/22/2020,51017,Bath,"Central Shenandoah",0,0,0
03/22/2020,51019,Bedford,"Central Virginia",1,0,0
03/22/2020,51021,Bland,"Mount Rogers",0,0,0
03/22/2020,51023,Botetourt,Alleghany,1,1,0
03/22/2020,51025,Brunswick,Southside,0,0,0
03/22/2020,51027,Buchanan,"Cumberland Plateau",0,0,0
03/22/2020,51029,Buckingham,Piedmont,0,0,0
03/22/2020,51031,Campbell,"Central Virginia",0,0,0
03/22/2020,51033,Caroline,Rappahannock,0,0,0
03/22/2020,51035,Carroll,"Mount Rogers",0,0,0
03/22/2020,51036,"Charles City",Chickahominy,1,0,0
03/22/2020,51037,Charlotte,Piedmont,0,0,0
03/22/2020,51041,Chesterfield,Chesterfield,8,2,0
03/22/2020,51043,Clarke,"Lord Fairfax",0,0,0
03/22/2020,51045,Craig,Alleghany,0,0,0
03/22/2020,51047,Culpeper,"Rappahannock Rapidan",2,0,0
03/22/2020,51049,Cumberland,Piedmont,0,0,0
03/22/2020,51051,Dickenson,"Cumberland Plateau",0,0,0
03/22/2020,51053,Dinwiddie,Crater,0,0,0
03/22/2020,51057,Essex,"Three Rivers",0,0,0
03/22/2020,51059,Fairfax,Fairfax,31,2,1
03/22/2020,51061,Fauquier,"Rappahannock Rapidan",0,0,0
03/22/2020,51063,Floyd,"New River",0,0,0
03/22/2020,51065,Fluvanna,"Thomas Jefferson",1,0,0
03/22/2020,51067,"Franklin County","West Piedmont",1,0,0
03/22/2020,51069,Frederick,"Lord Fairfax",0,0,0
03/22/2020,51071,Giles,"New River",0,0,0
03/22/2020,51073,Gloucester,"Three Rivers",2,0,0
03/22/2020,51075,Goochland,Chickahominy,2,0,0
03/22/2020,51077,Grayson,"Mount Rogers",0,0,0
03/22/2020,51079,Greene,"Thomas Jefferson",0,0,0
03/22/2020,51081,Greensville,Crater,0,0,0
03/22/2020,51083,Halifax,Southside,0,0,0
03/22/2020,51085,Hanover,Chickahominy,1,0,0
03/22/2020,51087,Henrico,Henrico,8,2,0
03/22/2020,51089,Henry,"West Piedmont",0,0,0
03/22/2020,51091,Highland,"Central Shenandoah",0,0,0
03/22/2020,51093,"Isle of Wight","Western Tidewater",1,0,0
03/22/2020,51095,"James City",Peninsula,32,6,1
03/22/2020,51097,"King and Queen","Three Rivers",0,0,0
03/22/2020,51099,"King George",Rappahannock,0,0,0
03/22/2020,51101,"King William","Three Rivers",0,0,0
03/22/2020,51103,Lancaster,"Three Rivers",0,0,0
03/22/2020,51105,Lee,Lenowisco,2,0,0
03/22/2020,51107,Loudoun,Loudoun,15,4,0
03/22/2020,51109,Louisa,"Thomas Jefferson",1,0,0
03/22/2020,51111,Lunenburg,Piedmont,0,0,0
03/22/2020,51113,Madison,"Rappahannock Rapidan",0,0,0
03/22/2020,51115,Mathews,"Three Rivers",0,0,0
03/22/2020,51117,Mecklenburg,Southside,1,0,0
03/22/2020,51119,Middlesex,"Three Rivers",0,0,0
03/22/2020,51121,Montgomery,"New River",0,0,0
03/22/2020,51125,Nelson,"Thomas Jefferson",0,0,0
03/22/2020,51127,"New Kent",Chickahominy,0,0,0
03/22/2020,51131,Northampton,"Eastern Shore",0,0,0
03/22/2020,51133,Northumberland,"Three Rivers",0,0,0
03/22/2020,51135,Nottoway,Piedmont,0,0,0
03/22/2020,51137,Orange,"Rappahannock Rapidan",0,0,0
03/22/2020,51139,Page,"Lord Fairfax",0,0,0
03/22/2020,51141,Patrick,"West Piedmont",0,0,0
03/22/2020,51143,Pittsylvania,Pittsylvania-Danville,0,0,0
03/22/2020,51145,Powhatan,Chesterfield,0,0,0
03/22/2020,51147,"Prince Edward",Piedmont,1,0,0
03/22/2020,51149,"Prince George",Crater,0,0,0
03/22/2020,51153,"Prince William","Prince William",18,4,0
03/22/2020,51155,Pulaski,"New River",0,0,0
03/22/2020,51157,Rappahannock,"Rappahannock Rapidan",0,0,0
03/22/2020,51159,"Richmond County","Three Rivers",0,0,0
03/22/2020,51161,"Roanoke County",Alleghany,0,0,0
03/22/2020,51163,Rockbridge,"Central Shenandoah",0,0,0
03/22/2020,51165,Rockingham,"Central Shenandoah",2,0,0
03/22/2020,51167,Russell,"Cumberland Plateau",0,0,0
03/22/2020,51169,Scott,Lenowisco,0,0,0
03/22/2020,51171,Shenandoah,"Lord Fairfax",0,0,0
03/22/2020,51173,Smyth,"Mount Rogers",0,0,0
03/22/2020,51175,Southampton,"Western Tidewater",0,0,0
03/22/2020,51177,Spotsylvania,Rappahannock,2,0,0
03/22/2020,51179,Stafford,Rappahannock,5,0,0
03/22/2020,51181,Surry,Crater,0,0,0
03/22/2020,51183,Sussex,Crater,0,0,0
03/22/2020,51185,Tazewell,"Cumberland Plateau",0,0,0
03/22/2020,51187,Warren,"Lord Fairfax",0,0,0
03/22/2020,51191,Washington,"Mount Rogers",0,0,0
03/22/2020,51193,Westmoreland,"Three Rivers",0,0,0
03/22/2020,51195,Wise,Lenowisco,0,0,0
03/22/2020,51197,Wythe,"Mount Rogers",0,0,0
03/22/2020,51199,York,Peninsula,5,1,1
03/22/2020,51510,Alexandria,Alexandria,5,0,0
03/22/2020,51520,Bristol,"Mount Rogers",0,0,0
03/22/2020,51530,"Buena Vista City","Central Shenandoah",0,0,0
03/22/2020,51540,Charlottesville,"Thomas Jefferson",4,0,0
03/22/2020,51550,Chesapeake,Chesapeake,0,0,0
03/22/2020,51570,"Colonial Heights",Chesterfield,0,0,0
03/22/2020,51580,Covington,Alleghany,0,0,0
03/22/2020,51590,Danville,Pittsylvania-Danville,0,0,0
03/22/2020,51595,Emporia,Crater,0,0,0
03/22/2020,51600,"Fairfax City",Fairfax,0,0,0
03/22/2020,51610,"Falls Church",Fairfax,0,0,0
03/22/2020,51620,"Franklin City","Western Tidewater",0,0,0
03/22/2020,51630,Fredericksburg,Rappahannock,0,0,0
03/22/2020,51640,Galax,"Mount Rogers",0,0,0
03/22/2020,51650,Hampton,Hampton,0,0,0
03/22/2020,51660,Harrisonburg,"Central Shenandoah",1,0,0
03/22/2020,51670,Hopewell,Crater,0,0,0
03/22/2020,51678,Lexington,"Central Shenandoah",0,0,0
03/22/2020,51680,Lynchburg,"Central Virginia",0,0,0
03/22/2020,51683,"Manassas City","Prince William",0,0,0
03/22/2020,51685,"Manassas Park","Prince William",0,0,0
03/22/2020,51690,Martinsville,"West Piedmont",0,0,0
03/22/2020,51700,"Newport News",Peninsula,2,2,0
03/22/2020,51710,Norfolk,Norfolk,3,0,0
03/22/2020,51720,Norton,Lenowisco,0,0,0
03/22/2020,51730,Petersburg,Crater,0,0,0
03/22/2020,51735,Poquoson,Peninsula,0,0,0
03/22/2020,51740,Portsmouth,Portsmouth,1,0,0
03/22/2020,51750,Radford,"New River",0,0,0
03/22/2020,51760,"Richmond City",Richmond,6,0,0
03/22/2020,51770,"Roanoke City",Roanoke,0,0,0
03/22/2020,51775,Salem,Alleghany,0,0,0
03/22/2020,51790,Staunton,"Central Shenandoah",0,0,0
03/22/2020,51800,Suffolk,"Western Tidewater",1,0,0
03/22/2020,51810,"Virginia Beach","Virginia Beach",17,3,0
03/22/2020,51820,Waynesboro,"Central Shenandoah",0,0,0
03/22/2020,51830,Williamsburg,Peninsula,5,1,0
03/22/2020,51840,Winchester,"Lord Fairfax",0,0,0
03/23/2020,51001,Accomack,"Eastern Shore",1,0,0
03/23/2020,51003,Albemarle,"Thomas Jefferson",2,0,0
03/23/2020,51005,Alleghany,Alleghany,0,0,0
03/23/2020,51007,Amelia,Piedmont,0,0,0
03/23/2020,51009,Amherst,"Central Virginia",1,0,0
03/23/2020,51011,Appomattox,"Central Virginia",0,0,0
03/23/2020,51013,Arlington,Arlington,34,4,0
03/23/2020,51015,Augusta,"Central Shenandoah",0,0,0
03/23/2020,51017,Bath,"Central Shenandoah",0,0,0
03/23/2020,51019,Bedford,"Central Virginia",1,0,0
03/23/2020,51021,Bland,"Mount Rogers",0,0,0
03/23/2020,51023,Botetourt,Alleghany,1,1,0
03/23/2020,51025,Brunswick,Southside,0,0,0
03/23/2020,51027,Buchanan,"Cumberland Plateau",0,0,0
03/23/2020,51029,Buckingham,Piedmont,0,0,0
03/23/2020,51031,Campbell,"Central Virginia",0,0,0
03/23/2020,51033,Caroline,Rappahannock,0,0,0
03/23/2020,51035,Carroll,"Mount Rogers",0,0,0
03/23/2020,51036,"Charles City",Chickahominy,1,0,0
03/23/2020,51037,Charlotte,Piedmont,0,0,0
03/23/2020,51041,Chesterfield,Chesterfield,9,2,0
03/23/2020,51043,Clarke,"Lord Fairfax",0,0,0
03/23/2020,51045,Craig,Alleghany,0,0,0
03/23/2020,51047,Culpeper,"Rappahannock Rapidan",2,0,0
03/23/2020,51049,Cumberland,Piedmont,0,0,0
03/23/2020,51051,Dickenson,"Cumberland Plateau",0,0,0
03/23/2020,51053,Dinwiddie,Crater,0,0,0
03/23/2020,51057,Essex,"Three Rivers",0,0,0
03/23/2020,51059,Fairfax,Fairfax,43,5,1
03/23/2020,51061,Fauquier,"Rappahannock Rapidan",0,0,0
03/23/2020,51063,Floyd,"New River",0,0,0
03/23/2020,51065,Fluvanna,"Thomas Jefferson",1,0,0
03/23/2020,51067,"Franklin County","West Piedmont",1,0,0
03/23/2020,51069,Frederick,"Lord Fairfax",0,0,0
03/23/2020,51071,Giles,"New River",0,0,0
03/23/2020,51073,Gloucester,"Three Rivers",2,0,0
03/23/2020,51075,Goochland,Chickahominy,2,0,0
03/23/2020,51077,Grayson,"Mount Rogers",0,0,0
03/23/2020,51079,Greene,"Thomas Jefferson",0,0,0
03/23/2020,51081,Greensville,Crater,0,0,0
03/23/2020,51083,Halifax,Southside,0,0,0
03/23/2020,51085,Hanover,Chickahominy,2,0,0
03/23/2020,51087,Henrico,Henrico,11,4,0
03/23/2020,51089,Henry,"West Piedmont",0,0,0
03/23/2020,51091,Highland,"Central Shenandoah",0,0,0
03/23/2020,51093,"Isle of Wight","Western Tidewater",1,0,0
03/23/2020,51095,"James City",Peninsula,34,6,2
03/23/2020,51097,"King and Queen","Three Rivers",0,0,0
03/23/2020,51099,"King George",Rappahannock,0,0,0
03/23/2020,51101,"King William","Three Rivers",0,0,0
03/23/2020,51103,Lancaster,"Three Rivers",0,0,0
03/23/2020,51105,Lee,Lenowisco,2,0,0
03/23/2020,51107,Loudoun,Loudoun,15,4,0
03/23/2020,51109,Louisa,"Thomas Jefferson",2,0,0
03/23/2020,51111,Lunenburg,Piedmont,0,0,0
03/23/2020,51113,Madison,"Rappahannock Rapidan",0,0,0
03/23/2020,51115,Mathews,"Three Rivers",0,0,0
03/23/2020,51117,Mecklenburg,Southside,1,0,0
03/23/2020,51119,Middlesex,"Three Rivers",0,0,0
03/23/2020,51121,Montgomery,"New River",0,0,0
03/23/2020,51125,Nelson,"Thomas Jefferson",0,0,0
03/23/2020,51127,"New Kent",Chickahominy,0,0,0
03/23/2020,51131,Northampton,"Eastern Shore",0,0,0
03/23/2020,51133,Northumberland,"Three Rivers",0,0,0
03/23/2020,51135,Nottoway,Piedmont,0,0,0
03/23/2020,51137,Orange,"Rappahannock Rapidan",0,0,0
03/23/2020,51139,Page,"Lord Fairfax",0,0,0
03/23/2020,51141,Patrick,"West Piedmont",0,0,0
03/23/2020,51143,Pittsylvania,Pittsylvania-Danville,0,0,0
03/23/2020,51145,Powhatan,Chesterfield,0,0,0
03/23/2020,51147,"Prince Edward",Piedmont,1,0,0
03/23/2020,51149,"Prince George",Crater,0,0,0
03/23/2020,51153,"Prince William","Prince William",18,4,0
03/23/2020,51155,Pulaski,"New River",0,0,0
03/23/2020,51157,Rappahannock,"Rappahannock Rapidan",0,0,0
03/23/2020,51159,"Richmond County","Three Rivers",0,0,0
03/23/2020,51161,"Roanoke County",Alleghany,0,0,0
03/23/2020,51163,Rockbridge,"Central Shenandoah",1,0,0
03/23/2020,51165,Rockingham,"Central Shenandoah",2,0,0
03/23/2020,51167,Russell,"Cumberland Plateau",0,0,0
03/23/2020,51169,Scott,Lenowisco,0,0,0
03/23/2020,51171,Shenandoah,"Lord Fairfax",0,0,0
03/23/2020,51173,Smyth,"Mount Rogers",0,0,0
03/23/2020,51175,Southampton,"Western Tidewater",0,0,0
03/23/2020,51177,Spotsylvania,Rappahannock,2,0,0
03/23/2020,51179,Stafford,Rappahannock,6,0,0
03/23/2020,51181,Surry,Crater,0,0,0
03/23/2020,51183,Sussex,Crater,0,0,0
03/23/2020,51185,Tazewell,"Cumberland Plateau",0,0,0
03/23/2020,51187,Warren,"Lord Fairfax",0,0,0
03/23/2020,51191,Washington,"Mount Rogers",0,0,0
03/23/2020,51193,Westmoreland,"Three Rivers",0,0,0
03/23/2020,51195,Wise,Lenowisco,0,0,0
03/23/2020,51197,Wythe,"Mount Rogers",0,0,0
03/23/2020,51199,York,Peninsula,5,1,1
03/23/2020,51510,Alexandria,Alexandria,6,0,0
03/23/2020,51520,Bristol,"Mount Rogers",0,0,0
03/23/2020,51530,"Buena Vista City","Central Shenandoah",0,0,0
03/23/2020,51540,Charlottesville,"Thomas Jefferson",4,0,0
03/23/2020,51550,Chesapeake,Chesapeake,0,0,0
03/23/2020,51570,"Colonial Heights",Chesterfield,0,0,0
03/23/2020,51580,Covington,Alleghany,0,0,0
03/23/2020,51590,Danville,Pittsylvania-Danville,1,1,0
03/23/2020,51595,Emporia,Crater,0,0,0
03/23/2020,51600,"Fairfax City",Fairfax,0,0,0
03/23/2020,51610,"Falls Church",Fairfax,0,0,0
03/23/2020,51620,"Franklin City","Western Tidewater",0,0,0
03/23/2020,51630,Fredericksburg,Rappahannock,0,0,0
03/23/2020,51640,Galax,"Mount Rogers",0,0,0
03/23/2020,51650,Hampton,Hampton,0,0,0
03/23/2020,51660,Harrisonburg,"Central Shenandoah",1,0,0
03/23/2020,51670,Hopewell,Crater,0,0,0
03/23/2020,51678,Lexington,"Central Shenandoah",0,0,0
03/23/2020,51680,Lynchburg,"Central Virginia",0,0,0
03/23/2020,51683,"Manassas City","Prince William",0,0,0
03/23/2020,51685,"Manassas Park","Prince William",0,0,0
03/23/2020,51690,Martinsville,"West Piedmont",0,0,0
03/23/2020,51700,"Newport News",Peninsula,2,2,1
03/23/2020,51710,Norfolk,Norfolk,4,0,0
03/23/2020,51720,Norton,Lenowisco,0,0,0
03/23/2020,51730,Petersburg,Crater,0,0,0
03/23/2020,51735,Poquoson,Peninsula,0,0,0
03/23/2020,51740,Portsmouth,Portsmouth,1,0,0
03/23/2020,51750,Radford,"New River",0,0,0
03/23/2020,51760,"Richmond City",Richmond,8,0,0
03/23/2020,51770,"Roanoke City",Roanoke,0,0,0
03/23/2020,51775,Salem,Alleghany,0,0,0
03/23/2020,51790,Staunton,"Central Shenandoah",0,0,0
03/23/2020,51800,Suffolk,"Western Tidewater",1,0,0
03/23/2020,51810,"Virginia Beach","Virginia Beach",17,3,0
03/23/2020,51820,Waynesboro,"Central Shenandoah",0,0,0
03/23/2020,51830,Williamsburg,Peninsula,5,1,1
03/23/2020,51840,Winchester,"Lord Fairfax",0,0,0
03/24/2020,51001,Accomack,"Eastern Shore",1,0,0
03/24/2020,51003,Albemarle,"Thomas Jefferson",2,0,0
03/24/2020,51005,Alleghany,Alleghany,0,0,0
03/24/2020,51007,Amelia,Piedmont,0,0,0
03/24/2020,51009,Amherst,"Central Virginia",1,0,0
03/24/2020,51011,Appomattox,"Central Virginia",0,0,0
03/24/2020,51013,Arlington,Arlington,36,4,0
03/24/2020,51015,Augusta,"Central Shenandoah",0,0,0
03/24/2020,51017,Bath,"Central Shenandoah",0,0,0
03/24/2020,51019,Bedford,"Central Virginia",1,0,0
03/24/2020,51021,Bland,"Mount Rogers",0,0,0
03/24/2020,51023,Botetourt,Alleghany,1,1,0
03/24/2020,51025,Brunswick,Southside,0,0,0
03/24/2020,51027,Buchanan,"Cumberland Plateau",0,0,0
03/24/2020,51029,Buckingham,Piedmont,0,0,0
03/24/2020,51031,Campbell,"Central Virginia",0,0,0
03/24/2020,51033,Caroline,Rappahannock,0,0,0
03/24/2020,51035,Carroll,"Mount Rogers",0,0,0
03/24/2020,51036,"Charles City",Chickahominy,1,0,0
03/24/2020,51037,Charlotte,Piedmont,0,0,0
03/24/2020,51041,Chesterfield,Chesterfield,10,2,0
03/24/2020,51043,Clarke,"Lord Fairfax",0,0,0
03/24/2020,51045,Craig,Alleghany,0,0,0
03/24/2020,51047,Culpeper,"Rappahannock Rapidan",2,0,0
03/24/2020,51049,Cumberland,Piedmont,0,0,0
03/24/2020,51051,Dickenson,"Cumberland Plateau",0,0,0
03/24/2020,51053,Dinwiddie,Crater,0,0,0
03/24/2020,51057,Essex,"Three Rivers",0,0,0
03/24/2020,51059,Fairfax,Fairfax,46,5,1
03/24/2020,51061,Fauquier,"Rappahannock Rapidan",0,0,0
03/24/2020,51063,Floyd,"New River",0,0,0
03/24/2020,51065,Fluvanna,"Thomas Jefferson",1,0,0
03/24/2020,51067,"Franklin County","West Piedmont",1,0,0
03/24/2020,51069,Frederick,"Lord Fairfax",0,0,0
03/24/2020,51071,Giles,"New River",0,0,0
03/24/2020,51073,Gloucester,"Three Rivers",2,0,0
03/24/2020,51075,Goochland,Chickahominy,3,0,0
03/24/2020,51077,Grayson,"Mount Rogers",0,0,0
03/24/2020,51079,Greene,"Thomas Jefferson",0,0,0
03/24/2020,51081,Greensville,Crater,0,0,0
03/24/2020,51083,Halifax,Southside,1,0,0
03/24/2020,51085,Hanover,Chickahominy,1,0,0
03/24/2020,51087,Henrico,Henrico,14,4,0
03/24/2020,51089,Henry,"West Piedmont",0,0,0
03/24/2020,51091,Highland,"Central Shenandoah",0,0,0
03/24/2020,51093,"Isle of Wight","Western Tidewater",2,1,0
03/24/2020,51095,"James City",Peninsula,37,7,2
03/24/2020,51097,"King and Queen","Three Rivers",0,0,0
03/24/2020,51099,"King George",Rappahannock,0,0,0
03/24/2020,51101,"King William","Three Rivers",0,0,0
03/24/2020,51103,Lancaster,"Three Rivers",0,0,0
03/24/2020,51105,Lee,Lenowisco,2,0,0
03/24/2020,51107,Loudoun,Loudoun,18,4,0
03/24/2020,51109,Louisa,"Thomas Jefferson",2,0,0
03/24/2020,51111,Lunenburg,Piedmont,0,0,0
03/24/2020,51113,Madison,"Rappahannock Rapidan",0,0,0
03/24/2020,51115,Mathews,"Three Rivers",0,0,0
03/24/2020,51117,Mecklenburg,Southside,2,1,0
03/24/2020,51119,Middlesex,"Three Rivers",0,0,0
03/24/2020,51121,Montgomery,"New River",0,0,0
03/24/2020,51125,Nelson,"Thomas Jefferson",0,0,0
03/24/2020,51127,"New Kent",Chickahominy,0,0,0
03/24/2020,51131,Northampton,"Eastern Shore",0,0,0
03/24/2020,51133,Northumberland,"Three Rivers",0,0,0
03/24/2020,51135,Nottoway,Piedmont,0,0,0
03/24/2020,51137,Orange,"Rappahannock Rapidan",0,0,0
03/24/2020,51139,Page,"Lord Fairfax",0,0,0
03/24/2020,51141,Patrick,"West Piedmont",0,0,0
03/24/2020,51143,Pittsylvania,Pittsylvania-Danville,0,0,0
03/24/2020,51145,Powhatan,Chesterfield,0,0,0
03/24/2020,51147,"Prince Edward",Piedmont,1,0,0
03/24/2020,51149,"Prince George",Crater,0,0,0
03/24/2020,51153,"Prince William","Prince William",23,5,0
03/24/2020,51155,Pulaski,"New River",0,0,0
03/24/2020,51157,Rappahannock,"Rappahannock Rapidan",0,0,0
03/24/2020,51159,"Richmond County","Three Rivers",0,0,0
03/24/2020,51161,"Roanoke County",Alleghany,0,0,0
03/24/2020,51163,Rockbridge,"Central Shenandoah",1,0,0
03/24/2020,51165,Rockingham,"Central Shenandoah",3,0,0
03/24/2020,51167,Russell,"Cumberland Plateau",0,0,0
03/24/2020,51169,Scott,Lenowisco,0,0,0
03/24/2020,51171,Shenandoah,"Lord Fairfax",0,0,0
03/24/2020,51173,Smyth,"Mount Rogers",0,0,0
03/24/2020,51175,Southampton,"Western Tidewater",0,0,0
03/24/2020,51177,Spotsylvania,Rappahannock,2,0,0
03/24/2020,51179,Stafford,Rappahannock,6,0,0
03/24/2020,51181,Surry,Crater,0,0,0
03/24/2020,51183,Sussex,Crater,0,0,0
03/24/2020,51185,Tazewell,"Cumberland Plateau",0,0,0
03/24/2020,51187,Warren,"Lord Fairfax",0,0,0
03/24/2020,51191,Washington,"Mount Rogers",0,0,0
03/24/2020,51193,Westmoreland,"Three Rivers",0,0,0
03/24/2020,51195,Wise,Lenowisco,0,0,0
03/24/2020,51197,Wythe,"Mount Rogers",0,0,0
03/24/2020,51199,York,Peninsula,6,1,1
03/24/2020,51510,Alexandria,Alexandria,8,0,0
03/24/2020,51520,Bristol,"Mount Rogers",0,0,0
03/24/2020,51530,"Buena Vista City","Central Shenandoah",0,0,0
03/24/2020,51540,Charlottesville,"Thomas Jefferson",5,0,0
03/24/2020,51550,Chesapeake,Chesapeake,1,1,0
03/24/2020,51570,"Colonial Heights",Chesterfield,0,0,0
03/24/2020,51580,Covington,Alleghany,0,0,0
03/24/2020,51590,Danville,Pittsylvania-Danville,1,1,0
03/24/2020,51595,Emporia,Crater,0,0,0
03/24/2020,51600,"Fairfax City",Fairfax,0,0,0
03/24/2020,51610,"Falls Church",Fairfax,0,0,0
03/24/2020,51620,"Franklin City","Western Tidewater",0,0,0
03/24/2020,51630,Fredericksburg,Rappahannock,0,0,0
03/24/2020,51640,Galax,"Mount Rogers",0,0,0
03/24/2020,51650,Hampton,Hampton,0,0,0
03/24/2020,51660,Harrisonburg,"Central Shenandoah",1,0,0
03/24/2020,51670,Hopewell,Crater,0,0,0
03/24/2020,51678,Lexington,"Central Shenandoah",0,0,0
03/24/2020,51680,Lynchburg,"Central Virginia",0,0,0
03/24/2020,51683,"Manassas City","Prince William",0,0,0
03/24/2020,51685,"Manassas Park","Prince William",0,0,0
03/24/2020,51690,Martinsville,"West Piedmont",0,0,0
03/24/2020,51700,"Newport News",Peninsula,3,3,1
03/24/2020,51710,Norfolk,Norfolk,5,0,0
03/24/2020,51720,Norton,Lenowisco,0,0,0
03/24/2020,51730,Petersburg,Crater,0,0,0
03/24/2020,51735,Poquoson,Peninsula,0,0,0
03/24/2020,51740,Portsmouth,Portsmouth,3,1,0
03/24/2020,51750,Radford,"New River",0,0,0
03/24/2020,51760,"Richmond City",Richmond,11,0,0
03/24/2020,51770,"Roanoke City",Roanoke,0,0,0
03/24/2020,51775,Salem,Alleghany,0,0,0
03/24/2020,51790,Staunton,"Central Shenandoah",0,0,0
03/24/2020,51800,Suffolk,"Western Tidewater",1,0,0
03/24/2020,51810,"Virginia Beach","Virginia Beach",17,3,0
03/24/2020,51820,Waynesboro,"Central Shenandoah",0,0,0
03/24/2020,51830,Williamsburg,Peninsula,5,1,1
03/24/2020,51840,Winchester,"Lord Fairfax",0,0,0
03/25/2020,51001,Accomack,"Eastern Shore",1,0,0
03/25/2020,51003,Albemarle,"Thomas Jefferson",4,0,0
03/25/2020,51005,Alleghany,Alleghany,0,0,0
03/25/2020,51007,Amelia,Piedmont,0,0,0
03/25/2020,51009,Amherst,"Central Virginia",1,0,0
03/25/2020,51011,Appomattox,"Central Virginia",0,0,0
03/25/2020,51013,Arlington,Arlington,46,4,0
03/25/2020,51015,Augusta,"Central Shenandoah",0,0,0
03/25/2020,51017,Bath,"Central Shenandoah",0,0,0
03/25/2020,51019,Bedford,"Central Virginia",2,0,0
03/25/2020,51021,Bland,"Mount Rogers",0,0,0
03/25/2020,51023,Botetourt,Alleghany,1,1,0
03/25/2020,51025,Brunswick,Southside,0,0,0
03/25/2020,51027,Buchanan,"Cumberland Plateau",0,0,0
03/25/2020,51029,Buckingham,Piedmont,0,0,0
03/25/2020,51031,Campbell,"Central Virginia",0,0,0
03/25/2020,51033,Caroline,Rappahannock,0,0,0
03/25/2020,51035,Carroll,"Mount Rogers",0,0,0
03/25/2020,51036,"Charles City",Chickahominy,1,0,0
03/25/2020,51037,Charlotte,Piedmont,0,0,0
03/25/2020,51041,Chesterfield,Chesterfield,11,2,0
03/25/2020,51043,Clarke,"Lord Fairfax",0,0,0
03/25/2020,51045,Craig,Alleghany,0,0,0
03/25/2020,51047,Culpeper,"Rappahannock Rapidan",2,0,0
03/25/2020,51049,Cumberland,Piedmont,0,0,0
03/25/2020,51051,Dickenson,"Cumberland Plateau",0,0,0
03/25/2020,51053,Dinwiddie,Crater,0,0,0
03/25/2020,51057,Essex,"Three Rivers",0,0,0
03/25/2020,51059,Fairfax,Fairfax,76,9,1
03/25/2020,51061,Fauquier,"Rappahannock Rapidan",0,0,0
03/25/2020,51063,Floyd,"New River",0,0,0
03/25/2020,51065,Fluvanna,"Thomas Jefferson",1,0,0
03/25/2020,51067,"Franklin County","West Piedmont",1,0,0
03/25/2020,51069,Frederick,"Lord Fairfax",2,2,0
03/25/2020,51071,Giles,"New River",0,0,0
03/25/2020,51073,Gloucester,"Three Rivers",2,0,0
03/25/2020,51075,Goochland,Chickahominy,3,0,0
03/25/2020,51077,Grayson,"Mount Rogers",0,0,0
03/25/2020,51079,Greene,"Thomas Jefferson",0,0,0
03/25/2020,51081,Greensville,Crater,0,0,0
03/25/2020,51083,Halifax,Southside,1,0,0
03/25/2020,51085,Hanover,Chickahominy,2,1,0
03/25/2020,51087,Henrico,Henrico,20,6,2
03/25/2020,51089,Henry,"West Piedmont",0,0,0
03/25/2020,51091,Highland,"Central Shenandoah",0,0,0
03/25/2020,51093,"Isle of Wight","Western Tidewater",2,1,0
03/25/2020,51095,"James City",Peninsula,41,8,2
03/25/2020,51097,"King and Queen","Three Rivers",0,0,0
03/25/2020,51099,"King George",Rappahannock,0,0,0
03/25/2020,51101,"King William","Three Rivers",0,0,0
03/25/2020,51103,Lancaster,"Three Rivers",0,0,0
03/25/2020,51105,Lee,Lenowisco,2,0,0
03/25/2020,51107,Loudoun,Loudoun,20,5,0
03/25/2020,51109,Louisa,"Thomas Jefferson",3,0,0
03/25/2020,51111,Lunenburg,Piedmont,0,0,0
03/25/2020,51113,Madison,"Rappahannock Rapidan",1,0,0
03/25/2020,51115,Mathews,"Three Rivers",1,0,0
03/25/2020,51117,Mecklenburg,Southside,3,1,0
03/25/2020,51119,Middlesex,"Three Rivers",0,0,0
03/25/2020,51121,Montgomery,"New River",0,0,0
03/25/2020,51125,Nelson,"Thomas Jefferson",1,0,0
03/25/2020,51127,"New Kent",Chickahominy,0,0,0
03/25/2020,51131,Northampton,"Eastern Shore",0,0,0
03/25/2020,51133,Northumberland,"Three Rivers",0,0,0
03/25/2020,51135,Nottoway,Piedmont,1,0,0
03/25/2020,51137,Orange,"Rappahannock Rapidan",1,0,0
03/25/2020,51139,Page,"Lord Fairfax",0,0,0
03/25/2020,51141,Patrick,"West Piedmont",0,0,0
03/25/2020,51143,Pittsylvania,Pittsylvania-Danville,0,0,0
03/25/2020,51145,Powhatan,Chesterfield,0,0,0
03/25/2020,51147,"Prince Edward",Piedmont,2,0,0
03/25/2020,51149,"Prince George",Crater,0,0,0
03/25/2020,51153,"Prince William","Prince William",32,6,0
03/25/2020,51155,Pulaski,"New River",0,0,0
03/25/2020,51157,Rappahannock,"Rappahannock Rapidan",0,0,0
03/25/2020,51159,"Richmond County","Three Rivers",0,0,0
03/25/2020,51161,"Roanoke County",Alleghany,1,0,0
03/25/2020,51163,Rockbridge,"Central Shenandoah",1,0,0
03/25/2020,51165,Rockingham,"Central Shenandoah",2,0,0
03/25/2020,51167,Russell,"Cumberland Plateau",0,0,0
03/25/2020,51169,Scott,Lenowisco,0,0,0
03/25/2020,51171,Shenandoah,"Lord Fairfax",3,1,0
03/25/2020,51173,Smyth,"Mount Rogers",0,0,0
03/25/2020,51175,Southampton,"Western Tidewater",0,0,0
03/25/2020,51177,Spotsylvania,Rappahannock,3,0,0
03/25/2020,51179,Stafford,Rappahannock,6,0,0
03/25/2020,51181,Surry,Crater,0,0,0
03/25/2020,51183,Sussex,Crater,0,0,0
03/25/2020,51185,Tazewell,"Cumberland Plateau",0,0,0
03/25/2020,51187,Warren,"Lord Fairfax",0,0,0
03/25/2020,51191,Washington,"Mount Rogers",0,0,0
03/25/2020,51193,Westmoreland,"Three Rivers",0,0,0
03/25/2020,51195,Wise,Lenowisco,0,0,0
03/25/2020,51197,Wythe,"Mount Rogers",0,0,0
03/25/2020,51199,York,Peninsula,8,1,1
03/25/2020,51510,Alexandria,Alexandria,9,0,0
03/25/2020,51520,Bristol,"Mount Rogers",0,0,0
03/25/2020,51530,"Buena Vista City","Central Shenandoah",0,0,0
03/25/2020,51540,Charlottesville,"Thomas Jefferson",6,0,0
03/25/2020,51550,Chesapeake,Chesapeake,3,1,0
03/25/2020,51570,"Colonial Heights",Chesterfield,0,0,0
03/25/2020,51580,Covington,Alleghany,0,0,0
03/25/2020,51590,Danville,Pittsylvania-Danville,2,1,0
03/25/2020,51595,Emporia,Crater,0,0,0
03/25/2020,51600,"Fairfax City",Fairfax,1,0,0
03/25/2020,51610,"Falls Church",Fairfax,0,0,0
03/25/2020,51620,"Franklin City","Western Tidewater",0,0,0
03/25/2020,51630,Fredericksburg,Rappahannock,1,0,0
03/25/2020,51640,Galax,"Mount Rogers",0,0,0
03/25/2020,51650,Hampton,Hampton,0,0,0
03/25/2020,51660,Harrisonburg,"Central Shenandoah",2,0,0
03/25/2020,51670,Hopewell,Crater,0,0,0
03/25/2020,51678,Lexington,"Central Shenandoah",0,0,0
03/25/2020,51680,Lynchburg,"Central Virginia",0,0,0
03/25/2020,51683,"Manassas City","Prince William",2,0,0
03/25/2020,51685,"Manassas Park","Prince William",0,0,0
03/25/2020,51690,Martinsville,"West Piedmont",0,0,0
03/25/2020,51700,"Newport News",Peninsula,4,3,1
03/25/2020,51710,Norfolk,Norfolk,5,0,0
03/25/2020,51720,Norton,Lenowisco,0,0,0
03/25/2020,51730,Petersburg,Crater,0,0,0
03/25/2020,51735,Poquoson,Peninsula,0,0,0
03/25/2020,51740,Portsmouth,Portsmouth,3,1,0
03/25/2020,51750,Radford,"New River",0,0,0
03/25/2020,51760,"Richmond City",Richmond,13,0,0
03/25/2020,51770,"Roanoke City",Roanoke,0,0,0
03/25/2020,51775,Salem,Alleghany,0,0,0
03/25/2020,51790,Staunton,"Central Shenandoah",0,0,0
03/25/2020,51800,Suffolk,"Western Tidewater",1,0,0
03/25/2020,51810,"Virginia Beach","Virginia Beach",23,4,1
03/25/2020,51820,Waynesboro,"Central Shenandoah",0,0,0
03/25/2020,51830,Williamsburg,Peninsula,5,1,1
03/25/2020,51840,Winchester,"Lord Fairfax",0,0,0
03/26/2020,51001,Accomack,"Eastern Shore",2,0,0
03/26/2020,51003,Albemarle,"Thomas Jefferson",6,0,0
03/26/2020,51005,Alleghany,Alleghany,0,0,0
03/26/2020,51007,Amelia,Piedmont,1,1,0
03/26/2020,51009,Amherst,"Central Virginia",1,0,0
03/26/2020,51011,Appomattox,"Central Virginia",0,0,0
03/26/2020,51013,Arlington,Arlington,54,4,0
03/26/2020,51015,Augusta,"Central Shenandoah",0,0,0
03/26/2020,51017,Bath,"Central Shenandoah",0,0,0
03/26/2020,51019,Bedford,"Central Virginia",2,0,0
03/26/2020,51021,Bland,"Mount Rogers",0,0,0
03/26/2020,51023,Botetourt,Alleghany,1,1,0
03/26/2020,51025,Brunswick,Southside,0,0,0
03/26/2020,51027,Buchanan,"Cumberland Plateau",0,0,0
03/26/2020,51029,Buckingham,Piedmont,0,0,0
03/26/2020,51031,Campbell,"Central Virginia",0,0,0
03/26/2020,51033,Caroline,Rappahannock,0,0,0
03/26/2020,51035,Carroll,"Mount Rogers",0,0,0
03/26/2020,51036,"Charles City",Chickahominy,1,0,0
03/26/2020,51037,Charlotte,Piedmont,0,0,0
03/26/2020,51041,Chesterfield,Chesterfield,12,2,0
03/26/2020,51043,Clarke,"Lord Fairfax",0,0,0
03/26/2020,51045,Craig,Alleghany,0,0,0
03/26/2020,51047,Culpeper,"Rappahannock Rapidan",2,0,0
03/26/2020,51049,Cumberland,Piedmont,0,0,0
03/26/2020,51051,Dickenson,"Cumberland Plateau",0,0,0
03/26/2020,51053,Dinwiddie,Crater,0,0,0
03/26/2020,51057,Essex,"Three Rivers",0,0,0
03/26/2020,51059,Fairfax,Fairfax,79,9,1
03/26/2020,51061,Fauquier,"Rappahannock Rapidan",1,0,0
03/26/2020,51063,Floyd,"New River",0,0,0
03/26/2020,51065,Fluvanna,"Thomas Jefferson",3,0,0
03/26/2020,51067,"Franklin County","West Piedmont",1,0,0
03/26/2020,51069,Frederick,"Lord Fairfax",2,2,0
03/26/2020,51071,Giles,"New River",0,0,0
03/26/2020,51073,Gloucester,"Three Rivers",2,0,0
03/26/2020,51075,Goochland,Chickahominy,3,0,0
03/26/2020,51077,Grayson,"Mount Rogers",0,0,0
03/26/2020,51079,Greene,"Thomas Jefferson",0,0,0
03/26/2020,51081,Greensville,Crater,0,0,0
03/26/2020,51083,Halifax,Southside,1,0,0
03/26/2020,51085,Hanover,Chickahominy,2,1,0
03/26/2020,51087,Henrico,Henrico,21,6,3
03/26/2020,51089,Henry,"West Piedmont",0,0,0
03/26/2020,51091,Highland,"Central Shenandoah",0,0,0
03/26/2020,51093,"Isle of Wight","Western Tidewater",2,1,0
03/26/2020,51095,"James City",Peninsula,49,10,3
03/26/2020,51097,"King and Queen","Three Rivers",0,0,0
03/26/2020,51099,"King George",Rappahannock,0,0,0
03/26/2020,51101,"King William","Three Rivers",0,0,0
03/26/2020,51103,Lancaster,"Three Rivers",0,0,0
03/26/2020,51105,Lee,Lenowisco,2,0,0
03/26/2020,51107,Loudoun,Loudoun,28,5,0
03/26/2020,51109,Louisa,"Thomas Jefferson",4,0,0
03/26/2020,51111,Lunenburg,Piedmont,0,0,0
03/26/2020,51113,Madison,"Rappahannock Rapidan",1,0,0
03/26/2020,51115,Mathews,"Three Rivers",1,0,0
03/26/2020,51117,Mecklenburg,Southside,3,1,0
03/26/2020,51119,Middlesex,"Three Rivers",0,0,0
03/26/2020,51121,Montgomery,"New River",0,0,0
03/26/2020,51125,Nelson,"Thomas Jefferson",1,0,0
03/26/2020,51127,"New Kent",Chickahominy,0,0,0
03/26/2020,51131,Northampton,"Eastern Shore",0,0,0
03/26/2020,51133,Northumberland,"Three Rivers",0,0,0
03/26/2020,51135,Nottoway,Piedmont,1,0,0
03/26/2020,51137,Orange,"Rappahannock Rapidan",1,0,0
03/26/2020,51139,Page,"Lord Fairfax",0,0,0
03/26/2020,51141,Patrick,"West Piedmont",0,0,0
03/26/2020,51143,Pittsylvania,Pittsylvania-Danville,1,1,1
03/26/2020,51145,Powhatan,Chesterfield,0,0,0
03/26/2020,51147,"Prince Edward",Piedmont,2,0,0
03/26/2020,51149,"Prince George",Crater,0,0,0
03/26/2020,51153,"Prince William","Prince William",36,6,0
03/26/2020,51155,Pulaski,"New River",0,0,0
03/26/2020,51157,Rappahannock,"Rappahannock Rapidan",0,0,0
03/26/2020,51159,"Richmond County","Three Rivers",0,0,0
03/26/2020,51161,"Roanoke County",Alleghany,1,0,0
03/26/2020,51163,Rockbridge,"Central Shenandoah",1,0,0
03/26/2020,51165,Rockingham,"Central Shenandoah",2,0,0
03/26/2020,51167,Russell,"Cumberland Plateau",0,0,0
03/26/2020,51169,Scott,Lenowisco,0,0,0
03/26/2020,51171,Shenandoah,"Lord Fairfax",3,1,0
03/26/2020,51173,Smyth,"Mount Rogers",0,0,0
03/26/2020,51175,Southampton,"Western Tidewater",0,0,0
03/26/2020,51177,Spotsylvania,Rappahannock,2,0,0
03/26/2020,51179,Stafford,Rappahannock,7,0,0
03/26/2020,51181,Surry,Crater,0,0,0
03/26/2020,51183,Sussex,Crater,0,0,0
03/26/2020,51185,Tazewell,"Cumberland Plateau",0,0,0
03/26/2020,51187,Warren,"Lord Fairfax",1,0,0
03/26/2020,51191,Washington,"Mount Rogers",1,0,0
03/26/2020,51193,Westmoreland,"Three Rivers",0,0,0
03/26/2020,51195,Wise,Lenowisco,0,0,0
03/26/2020,51197,Wythe,"Mount Rogers",0,0,0
03/26/2020,51199,York,Peninsula,9,1,1
03/26/2020,51510,Alexandria,Alexandria,14,0,0
03/26/2020,51520,Bristol,"Mount Rogers",0,0,0
03/26/2020,51530,"Buena Vista City","Central Shenandoah",0,0,0
03/26/2020,51540,Charlottesville,"Thomas Jefferson",9,0,0
03/26/2020,51550,Chesapeake,Chesapeake,4,1,0
03/26/2020,51570,"Colonial Heights",Chesterfield,0,0,0
03/26/2020,51580,Covington,Alleghany,0,0,0
03/26/2020,51590,Danville,Pittsylvania-Danville,2,1,0
03/26/2020,51595,Emporia,Crater,0,0,0
03/26/2020,51600,"Fairfax City",Fairfax,1,0,0
03/26/2020,51610,"Falls Church",Fairfax,0,0,0
03/26/2020,51620,"Franklin City","Western Tidewater",0,0,0
03/26/2020,51630,Fredericksburg,Rappahannock,1,0,0
03/26/2020,51640,Galax,"Mount Rogers",0,0,0
03/26/2020,51650,Hampton,Hampton,1,0,0
03/26/2020,51660,Harrisonburg,"Central Shenandoah",3,0,0
03/26/2020,51670,Hopewell,Crater,0,0,0
03/26/2020,51678,Lexington,"Central Shenandoah",0,0,0
03/26/2020,51680,Lynchburg,"Central Virginia",1,0,0
03/26/2020,51683,"Manassas City","Prince William",3,0,0
03/26/2020,51685,"Manassas Park","Prince William",0,0,0
03/26/2020,51690,Martinsville,"West Piedmont",0,0,0
03/26/2020,51700,"Newport News",Peninsula,8,3,2
03/26/2020,51710,Norfolk,Norfolk,6,1,0
03/26/2020,51720,Norton,Lenowisco,0,0,0
03/26/2020,51730,Petersburg,Crater,0,0,0
03/26/2020,51735,Poquoson,Peninsula,1,0,0
03/26/2020,51740,Portsmouth,Portsmouth,3,1,0
03/26/2020,51750,Radford,"New River",1,0,0
03/26/2020,51760,"Richmond City",Richmond,14,1,0
03/26/2020,51770,"Roanoke City",Roanoke,0,0,0
03/26/2020,51775,Salem,Alleghany,0,0,0
03/26/2020,51790,Staunton,"Central Shenandoah",0,0,0
03/26/2020,51800,Suffolk,"Western Tidewater",1,0,0
03/26/2020,51810,"Virginia Beach","Virginia Beach",26,4,1
03/26/2020,51820,Waynesboro,"Central Shenandoah",0,0,0
03/26/2020,51830,Williamsburg,Peninsula,5,1,1
03/26/2020,51840,Winchester,"Lord Fairfax",0,0,0
03/27/2020,51001,Accomack,"Eastern Shore",2,0,0
03/27/2020,51003,Albemarle,"Thomas Jefferson",8,0,0
03/27/2020,51005,Alleghany,Alleghany,0,0,0
03/27/2020,51007,Amelia,Piedmont,1,1,0
03/27/2020,51009,Amherst,"Central Virginia",1,0,0
03/27/2020,51011,Appomattox,"Central Virginia",0,0,0
03/27/2020,51013,Arlington,Arlington,63,4,0
03/27/2020,51015,Augusta,"Central Shenandoah",0,0,0
03/27/2020,51017,Bath,"Central Shenandoah",0,0,0
03/27/2020,51019,Bedford,"Central Virginia",2,0,0
03/27/2020,51021,Bland,"Mount Rogers",0,0,0
03/27/2020,51023,Botetourt,Alleghany,1,1,0
03/27/2020,51025,Brunswick,Southside,0,0,0
03/27/2020,51027,Buchanan,"Cumberland Plateau",0,0,0
03/27/2020,51029,Buckingham,Piedmont,0,0,0
03/27/2020,51031,Campbell,"Central Virginia",0,0,0
03/27/2020,51033,Caroline,Rappahannock,0,0,0
03/27/2020,51035,Carroll,"Mount Rogers",0,0,0
03/27/2020,51036,"Charles City",Chickahominy,1,0,0
03/27/2020,51037,Charlotte,Piedmont,0,0,0
03/27/2020,51041,Chesterfield,Chesterfield,12,2,0
03/27/2020,51043,Clarke,"Lord Fairfax",0,0,0
03/27/2020,51045,Craig,Alleghany,0,0,0
03/27/2020,51047,Culpeper,"Rappahannock Rapidan",2,0,0
03/27/2020,51049,Cumberland,Piedmont,0,0,0
03/27/2020,51051,Dickenson,"Cumberland Plateau",0,0,0
03/27/2020,51053,Dinwiddie,Crater,0,0,0
03/27/2020,51057,Essex,"Three Rivers",0,0,0
03/27/2020,51059,Fairfax,Fairfax,124,12,1
03/27/2020,51061,Fauquier,"Rappahannock Rapidan",4,0,0
03/27/2020,51063,Floyd,"New River",0,0,0
03/27/2020,51065,Fluvanna,"Thomas Jefferson",3,0,0
03/27/2020,51067,"Franklin County","West Piedmont",1,0,0
03/27/2020,51069,Frederick,"Lord Fairfax",4,2,0
03/27/2020,51071,Giles,"New River",0,0,0
03/27/2020,51073,Gloucester,"Three Rivers",3,0,0
03/27/2020,51075,Goochland,Chickahominy,3,0,0
03/27/2020,51077,Grayson,"Mount Rogers",0,0,0
03/27/2020,51079,Greene,"Thomas Jefferson",1,0,0
03/27/2020,51081,Greensville,Crater,0,0,0
03/27/2020,51083,Halifax,Southside,1,0,0
03/27/2020,51085,Hanover,Chickahominy,2,1,0
03/27/2020,51087,Henrico,Henrico,28,7,3
03/27/2020,51089,Henry,"West Piedmont",0,0,0
03/27/2020,51091,Highland,"Central Shenandoah",0,0,0
03/27/2020,51093,"Isle of Wight","Western Tidewater",2,1,0
03/27/2020,51095,"James City",Peninsula,55,11,3
03/27/2020,51097,"King and Queen","Three Rivers",0,0,0
03/27/2020,51099,"King George",Rappahannock,1,0,0
03/27/2020,51101,"King William","Three Rivers",0,0,0
03/27/2020,51103,Lancaster,"Three Rivers",0,0,0
03/27/2020,51105,Lee,Lenowisco,2,0,0
03/27/2020,51107,Loudoun,Loudoun,43,6,1
03/27/2020,51109,Louisa,"Thomas Jefferson",5,0,0
03/27/2020,51111,Lunenburg,Piedmont,0,0,0
03/27/2020,51113,Madison,"Rappahannock Rapidan",2,0,0
03/27/2020,51115,Mathews,"Three Rivers",1,0,0
03/27/2020,51117,Mecklenburg,Southside,4,1,0
03/27/2020,51119,Middlesex,"Three Rivers",0,0,0
03/27/2020,51121,Montgomery,"New River",0,0,0
03/27/2020,51125,Nelson,"Thomas Jefferson",1,0,0
03/27/2020,51127,"New Kent",Chickahominy,0,0,0
03/27/2020,51131,Northampton,"Eastern Shore",1,0,0
03/27/2020,51133,Northumberland,"Three Rivers",0,0,0
03/27/2020,51135,Nottoway,Piedmont,1,0,0
03/27/2020,51137,Orange,"Rappahannock Rapidan",1,0,0
03/27/2020,51139,Page,"Lord Fairfax",0,0,0
03/27/2020,51141,Patrick,"West Piedmont",0,0,0
03/27/2020,51143,Pittsylvania,Pittsylvania-Danville,1,1,1
03/27/2020,51145,Powhatan,Chesterfield,0,0,0
03/27/2020,51147,"Prince Edward",Piedmont,2,0,0
03/27/2020,51149,"Prince George",Crater,2,1,0
03/27/2020,51153,"Prince William","Prince William",44,10,0
03/27/2020,51155,Pulaski,"New River",0,0,0
03/27/2020,51157,Rappahannock,"Rappahannock Rapidan",0,0,0
03/27/2020,51159,"Richmond County","Three Rivers",0,0,0
03/27/2020,51161,"Roanoke County",Alleghany,1,0,0
03/27/2020,51163,Rockbridge,"Central Shenandoah",1,0,0
03/27/2020,51165,Rockingham,"Central Shenandoah",4,0,0
03/27/2020,51167,Russell,"Cumberland Plateau",0,0,0
03/27/2020,51169,Scott,Lenowisco,0,0,0
03/27/2020,51171,Shenandoah,"Lord Fairfax",3,1,0
03/27/2020,51173,Smyth,"Mount Rogers",0,0,0
03/27/2020,51175,Southampton,"Western Tidewater",1,1,0
03/27/2020,51177,Spotsylvania,Rappahannock,2,1,0
03/27/2020,51179,Stafford,Rappahannock,11,0,0
03/27/2020,51181,Surry,Crater,0,0,0
03/27/2020,51183,Sussex,Crater,0,0,0
03/27/2020,51185,Tazewell,"Cumberland Plateau",0,0,0
03/27/2020,51187,Warren,"Lord Fairfax",2,0,0
03/27/2020,51191,Washington,"Mount Rogers",1,0,0
03/27/2020,51193,Westmoreland,"Three Rivers",0,0,0
03/27/2020,51195,Wise,Lenowisco,0,0,0
03/27/2020,51197,Wythe,"Mount Rogers",0,0,0
03/27/2020,51199,York,Peninsula,9,1,1
03/27/2020,51510,Alexandria,Alexandria,18,0,0
03/27/2020,51520,Bristol,"Mount Rogers",1,0,0
03/27/2020,51530,"Buena Vista City","Central Shenandoah",0,0,0
03/27/2020,51540,Charlottesville,"Thomas Jefferson",11,0,0
03/27/2020,51550,Chesapeake,Chesapeake,5,1,0
03/27/2020,51570,"Colonial Heights",Chesterfield,0,0,0
03/27/2020,51580,Covington,Alleghany,0,0,0
03/27/2020,51590,Danville,Pittsylvania-Danville,4,2,0
03/27/2020,51595,Emporia,Crater,0,0,0
03/27/2020,51600,"Fairfax City",Fairfax,0,0,0
03/27/2020,51610,"Falls Church",Fairfax,0,0,0
03/27/2020,51620,"Franklin City","Western Tidewater",0,0,0
03/27/2020,51630,Fredericksburg,Rappahannock,1,0,0
03/27/2020,51640,Galax,"Mount Rogers",1,1,0
03/27/2020,51650,Hampton,Hampton,5,0,0
03/27/2020,51660,Harrisonburg,"Central Shenandoah",5,0,0
03/27/2020,51670,Hopewell,Crater,0,0,0
03/27/2020,51678,Lexington,"Central Shenandoah",0,0,0
03/27/2020,51680,Lynchburg,"Central Virginia",2,1,0
03/27/2020,51683,"Manassas City","Prince William",3,0,0
03/27/2020,51685,"Manassas Park","Prince William",0,0,0
03/27/2020,51690,Martinsville,"West Piedmont",0,0,0
03/27/2020,51700,"Newport News",Peninsula,12,3,2
03/27/2020,51710,Norfolk,Norfolk,8,1,0
03/27/2020,51720,Norton,Lenowisco,0,0,0
03/27/2020,51730,Petersburg,Crater,0,0,0
03/27/2020,51735,Poquoson,Peninsula,1,0,0
03/27/2020,51740,Portsmouth,Portsmouth,3,1,0
03/27/2020,51750,Radford,"New River",1,0,0
03/27/2020,51760,"Richmond City",Richmond,17,1,0
03/27/2020,51770,"Roanoke City",Roanoke,1,0,0
03/27/2020,51775,Salem,Alleghany,0,0,0
03/27/2020,51790,Staunton,"Central Shenandoah",0,0,0
03/27/2020,51800,Suffolk,"Western Tidewater",1,0,0
03/27/2020,51810,"Virginia Beach","Virginia Beach",29,6,1
03/27/2020,51820,Waynesboro,"Central Shenandoah",0,0,0
03/27/2020,51830,Williamsburg,Peninsula,5,1,1
03/27/2020,51840,Winchester,"Lord Fairfax",0,0,0
03/28/2020,51001,Accomack,"Eastern Shore",2,0,0
03/28/2020,51003,Albemarle,"Thomas Jefferson",16,0,0
03/28/2020,51005,Alleghany,Alleghany,0,0,0
03/28/2020,51007,Amelia,Piedmont,1,1,0
03/28/2020,51009,Amherst,"Central Virginia",2,0,0
03/28/2020,51011,Appomattox,"Central Virginia",0,0,0
03/28/2020,51013,Arlington,Arlington,75,5,0
03/28/2020,51015,Augusta,"Central Shenandoah",0,0,0
03/28/2020,51017,Bath,"Central Shenandoah",0,0,0
03/28/2020,51019,Bedford,"Central Virginia",2,0,0
03/28/2020,51021,Bland,"Mount Rogers",0,0,0
03/28/2020,51023,Botetourt,Alleghany,1,1,0
03/28/2020,51025,Brunswick,Southside,0,0,0
03/28/2020,51027,Buchanan,"Cumberland Plateau",0,0,0
03/28/2020,51029,Buckingham,Piedmont,0,0,0
03/28/2020,51031,Campbell,"Central Virginia",0,0,0
03/28/2020,51033,Caroline,Rappahannock,0,0,0
03/28/2020,51035,Carroll,"Mount Rogers",0,0,0
03/28/2020,51036,"Charles City",Chickahominy,1,0,0
03/28/2020,51037,Charlotte,Piedmont,0,0,0
03/28/2020,51041,Chesterfield,Chesterfield,12,2,0
03/28/2020,51043,Clarke,"Lord Fairfax",0,0,0
03/28/2020,51045,Craig,Alleghany,0,0,0
03/28/2020,51047,Culpeper,"Rappahannock Rapidan",2,0,0
03/28/2020,51049,Cumberland,Piedmont,0,0,0
03/28/2020,51051,Dickenson,"Cumberland Plateau",0,0,0
03/28/2020,51053,Dinwiddie,Crater,0,0,0
03/28/2020,51057,Essex,"Three Rivers",0,0,0
03/28/2020,51059,Fairfax,Fairfax,156,16,2
03/28/2020,51061,Fauquier,"Rappahannock Rapidan",6,0,0
03/28/2020,51063,Floyd,"New River",0,0,0
03/28/2020,51065,Fluvanna,"Thomas Jefferson",3,0,0
03/28/2020,51067,"Franklin County","West Piedmont",1,0,0
03/28/2020,51069,Frederick,"Lord Fairfax",4,2,0
03/28/2020,51071,Giles,"New River",0,0,0
03/28/2020,51073,Gloucester,"Three Rivers",6,0,0
03/28/2020,51075,Goochland,Chickahominy,5,1,0
03/28/2020,51077,Grayson,"Mount Rogers",0,0,0
03/28/2020,51079,Greene,"Thomas Jefferson",1,0,0
03/28/2020,51081,Greensville,Crater,0,0,0
03/28/2020,51083,Halifax,Southside,1,0,0
03/28/2020,51085,Hanover,Chickahominy,3,1,0
03/28/2020,51087,Henrico,Henrico,31,8,4
03/28/2020,51089,Henry,"West Piedmont",0,0,0
03/28/2020,51091,Highland,"Central Shenandoah",0,0,0
03/28/2020,51093,"Isle of Wight","Western Tidewater",3,1,0
03/28/2020,51095,"James City",Peninsula,65,12,3
03/28/2020,51097,"King and Queen","Three Rivers",0,0,0
03/28/2020,51099,"King George",Rappahannock,2,0,0
03/28/2020,51101,"King William","Three Rivers",0,0,0
03/28/2020,51103,Lancaster,"Three Rivers",1,0,0
03/28/2020,51105,Lee,Lenowisco,2,0,0
03/28/2020,51107,Loudoun,Loudoun,54,7,1
03/28/2020,51109,Louisa,"Thomas Jefferson",6,0,0
03/28/2020,51111,Lunenburg,Piedmont,0,0,0
03/28/2020,51113,Madison,"Rappahannock Rapidan",3,0,0
03/28/2020,51115,Mathews,"Three Rivers",2,0,0
03/28/2020,51117,Mecklenburg,Southside,4,1,0
03/28/2020,51119,Middlesex,"Three Rivers",0,0,0
03/28/2020,51121,Montgomery,"New River",1,0,0
03/28/2020,51125,Nelson,"Thomas Jefferson",2,0,0
03/28/2020,51127,"New Kent",Chickahominy,1,0,0
03/28/2020,51131,Northampton,"Eastern Shore",1,0,0
03/28/2020,51133,Northumberland,"Three Rivers",2,0,0
03/28/2020,51135,Nottoway,Piedmont,1,0,0
03/28/2020,51137,Orange,"Rappahannock Rapidan",1,0,0
03/28/2020,51139,Page,"Lord Fairfax",0,0,0
03/28/2020,51141,Patrick,"West Piedmont",0,0,0
03/28/2020,51143,Pittsylvania,Pittsylvania-Danville,1,1,1
03/28/2020,51145,Powhatan,Chesterfield,1,0,0
03/28/2020,51147,"Prince Edward",Piedmont,2,0,0
03/28/2020,51149,"Prince George",Crater,2,1,0
03/28/2020,51153,"Prince William","Prince William",56,12,1
03/28/2020,51155,Pulaski,"New River",0,0,0
03/28/2020,51157,Rappahannock,"Rappahannock Rapidan",0,0,0
03/28/2020,51159,"Richmond County","Three Rivers",0,0,0
03/28/2020,51161,"Roanoke County",Alleghany,2,0,0
03/28/2020,51163,Rockbridge,"Central Shenandoah",2,0,0
03/28/2020,51165,Rockingham,"Central Shenandoah",4,0,0
03/28/2020,51167,Russell,"Cumberland Plateau",0,0,0
03/28/2020,51169,Scott,Lenowisco,0,0,0
03/28/2020,51171,Shenandoah,"Lord Fairfax",3,1,0
03/28/2020,51173,Smyth,"Mount Rogers",0,0,0
03/28/2020,51175,Southampton,"Western Tidewater",1,1,0
03/28/2020,51177,Spotsylvania,Rappahannock,3,2,0
03/28/2020,51179,Stafford,Rappahannock,11,1,0
03/28/2020,51181,Surry,Crater,0,0,0
03/28/2020,51183,Sussex,Crater,0,0,0
03/28/2020,51185,Tazewell,"Cumberland Plateau",0,0,0
03/28/2020,51187,Warren,"Lord Fairfax",2,0,0
03/28/2020,51191,Washington,"Mount Rogers",1,0,0
03/28/2020,51193,Westmoreland,"Three Rivers",0,0,0
03/28/2020,51195,Wise,Lenowisco,0,0,0
03/28/2020,51197,Wythe,"Mount Rogers",0,0,0
03/28/2020,51199,York,Peninsula,9,1,1
03/28/2020,51510,Alexandria,Alexandria,20,0,0
03/28/2020,51520,Bristol,"Mount Rogers",1,0,0
03/28/2020,51530,"Buena Vista City","Central Shenandoah",0,0,0
03/28/2020,51540,Charlottesville,"Thomas Jefferson",12,0,0
03/28/2020,51550,Chesapeake,Chesapeake,7,1,0
03/28/2020,51570,"Colonial Heights",Chesterfield,0,0,0
03/28/2020,51580,Covington,Alleghany,0,0,0
03/28/2020,51590,Danville,Pittsylvania-Danville,4,2,0
03/28/2020,51595,Emporia,Crater,0,0,0
03/28/2020,51600,"Fairfax City",Fairfax,0,0,0
03/28/2020,51610,"Falls Church",Fairfax,0,0,0
03/28/2020,51620,"Franklin City","Western Tidewater",0,0,0
03/28/2020,51630,Fredericksburg,Rappahannock,1,0,0
03/28/2020,51640,Galax,"Mount Rogers",1,1,0
03/28/2020,51650,Hampton,Hampton,7,0,0
03/28/2020,51660,Harrisonburg,"Central Shenandoah",5,0,0
03/28/2020,51670,Hopewell,Crater,1,0,0
03/28/2020,51678,Lexington,"Central Shenandoah",0,0,0
03/28/2020,51680,Lynchburg,"Central Virginia",2,1,0
03/28/2020,51683,"Manassas City","Prince William",4,0,0
03/28/2020,51685,"Manassas Park","Prince William",0,0,0
03/28/2020,51690,Martinsville,"West Piedmont",0,0,0
03/28/2020,51700,"Newport News",Peninsula,13,3,2
03/28/2020,51710,Norfolk,Norfolk,10,1,0
03/28/2020,51720,Norton,Lenowisco,0,0,0
03/28/2020,51730,Petersburg,Crater,0,0,0
03/28/2020,51735,Poquoson,Peninsula,2,0,0
03/28/2020,51740,Portsmouth,Portsmouth,4,1,0
03/28/2020,51750,Radford,"New River",1,0,0
03/28/2020,51760,"Richmond City",Richmond,20,2,0
03/28/2020,51770,"Roanoke City",Roanoke,0,0,0
03/28/2020,51775,Salem,Alleghany,0,0,0
03/28/2020,51790,Staunton,"Central Shenandoah",0,0,0
03/28/2020,51800,Suffolk,"Western Tidewater",1,0,0
03/28/2020,51810,"Virginia Beach","Virginia Beach",35,7,1
03/28/2020,51820,Waynesboro,"Central Shenandoah",0,0,0
03/28/2020,51830,Williamsburg,Peninsula,6,2,1
03/28/2020,51840,Winchester,"Lord Fairfax",0,0,0
03/29/2020,51001,Accomack,"Eastern Shore",3,0,0
03/29/2020,51003,Albemarle,"Thomas Jefferson",17,0,0
03/29/2020,51005,Alleghany,Alleghany,1,1,0
03/29/2020,51007,Amelia,Piedmont,1,1,0
03/29/2020,51009,Amherst,"Central Virginia",2,0,0
03/29/2020,51011,Appomattox,"Central Virginia",0,0,0
03/29/2020,51013,Arlington,Arlington,84,7,1
03/29/2020,51015,Augusta,"Central Shenandoah",0,0,0
03/29/2020,51017,Bath,"Central Shenandoah",0,0,0
03/29/2020,51019,Bedford,"Central Virginia",2,0,0
03/29/2020,51021,Bland,"Mount Rogers",0,0,0
03/29/2020,51023,Botetourt,Alleghany,2,1,1
03/29/2020,51025,Brunswick,Southside,0,0,0
03/29/2020,51027,Buchanan,"Cumberland Plateau",0,0,0
03/29/2020,51029,Buckingham,Piedmont,0,0,0
03/29/2020,51031,Campbell,"Central Virginia",0,0,0
03/29/2020,51033,Caroline,Rappahannock,0,0,0
03/29/2020,51035,Carroll,"Mount Rogers",0,0,0
03/29/2020,51036,"Charles City",Chickahominy,1,0,0
03/29/2020,51037,Charlotte,Piedmont,0,0,0
03/29/2020,51041,Chesterfield,Chesterfield,13,2,0
03/29/2020,51043,Clarke,"Lord Fairfax",0,0,0
03/29/2020,51045,Craig,Alleghany,0,0,0
03/29/2020,51047,Culpeper,"Rappahannock Rapidan",2,0,0
03/29/2020,51049,Cumberland,Piedmont,0,0,0
03/29/2020,51051,Dickenson,"Cumberland Plateau",0,0,0
03/29/2020,51053,Dinwiddie,Crater,0,0,0
03/29/2020,51057,Essex,"Three Rivers",0,0,0
03/29/2020,51059,Fairfax,Fairfax,187,15,2
03/29/2020,51061,Fauquier,"Rappahannock Rapidan",6,0,0
03/29/2020,51063,Floyd,"New River",0,0,0
03/29/2020,51065,Fluvanna,"Thomas Jefferson",3,0,0
03/29/2020,51067,"Franklin County","West Piedmont",5,0,0
03/29/2020,51069,Frederick,"Lord Fairfax",8,2,0
03/29/2020,51071,Giles,"New River",0,0,0
03/29/2020,51073,Gloucester,"Three Rivers",6,0,0
03/29/2020,51075,Goochland,Chickahominy,6,1,0
03/29/2020,51077,Grayson,"Mount Rogers",0,0,0
03/29/2020,51079,Greene,"Thomas Jefferson",1,0,0
03/29/2020,51081,Greensville,Crater,1,0,0
03/29/2020,51083,Halifax,Southside,1,0,0
03/29/2020,51085,Hanover,Chickahominy,4,1,0
03/29/2020,51087,Henrico,Henrico,40,8,5
03/29/2020,51089,Henry,"West Piedmont",0,0,0
03/29/2020,51091,Highland,"Central Shenandoah",0,0,0
03/29/2020,51093,"Isle of Wight","Western Tidewater",3,1,0
03/29/2020,51095,"James City",Peninsula,70,18,3
03/29/2020,51097,"King and Queen","Three Rivers",0,0,0
03/29/2020,51099,"King George",Rappahannock,2,0,0
03/29/2020,51101,"King William","Three Rivers",0,0,0
03/29/2020,51103,Lancaster,"Three Rivers",1,0,0
03/29/2020,51105,Lee,Lenowisco,2,0,0
03/29/2020,51107,Loudoun,Loudoun,61,7,2
03/29/2020,51109,Louisa,"Thomas Jefferson",7,0,0
03/29/2020,51111,Lunenburg,Piedmont,0,0,0
03/29/2020,51113,Madison,"Rappahannock Rapidan",3,0,0
03/29/2020,51115,Mathews,"Three Rivers",2,0,0
03/29/2020,51117,Mecklenburg,Southside,4,1,0
03/29/2020,51119,Middlesex,"Three Rivers",0,0,0
03/29/2020,51121,Montgomery,"New River",1,0,0
03/29/2020,51125,Nelson,"Thomas Jefferson",2,0,0
03/29/2020,51127,"New Kent",Chickahominy,1,0,0
03/29/2020,51131,Northampton,"Eastern Shore",1,0,0
03/29/2020,51133,Northumberland,"Three Rivers",2,0,0
03/29/2020,51135,Nottoway,Piedmont,1,0,0
03/29/2020,51137,Orange,"Rappahannock Rapidan",1,0,0
03/29/2020,51139,Page,"Lord Fairfax",0,0,0
03/29/2020,51141,Patrick,"West Piedmont",0,0,0
03/29/2020,51143,Pittsylvania,Pittsylvania-Danville,1,1,1
03/29/2020,51145,Powhatan,Chesterfield,1,0,0
03/29/2020,51147,"Prince Edward",Piedmont,2,0,0
03/29/2020,51149,"Prince George",Crater,4,1,0
03/29/2020,51153,"Prince William","Prince William",72,14,1
03/29/2020,51155,Pulaski,"New River",0,0,0
03/29/2020,51157,Rappahannock,"Rappahannock Rapidan",0,0,0
03/29/2020,51159,"Richmond County","Three Rivers",0,0,0
03/29/2020,51161,"Roanoke County",Alleghany,2,0,0
03/29/2020,51163,Rockbridge,"Central Shenandoah",2,0,0
03/29/2020,51165,Rockingham,"Central Shenandoah",4,0,0
03/29/2020,51167,Russell,"Cumberland Plateau",0,0,0
03/29/2020,51169,Scott,Lenowisco,0,0,0
03/29/2020,51171,Shenandoah,"Lord Fairfax",4,1,0
03/29/2020,51173,Smyth,"Mount Rogers",0,0,0
03/29/2020,51175,Southampton,"Western Tidewater",1,1,1
03/29/2020,51177,Spotsylvania,Rappahannock,5,2,0
03/29/2020,51179,Stafford,Rappahannock,13,1,0
03/29/2020,51181,Surry,Crater,0,0,0
03/29/2020,51183,Sussex,Crater,0,0,0
03/29/2020,51185,Tazewell,"Cumberland Plateau",1,0,0
03/29/2020,51187,Warren,"Lord Fairfax",2,0,0
03/29/2020,51191,Washington,"Mount Rogers",2,1,0
03/29/2020,51193,Westmoreland,"Three Rivers",0,0,0
03/29/2020,51195,Wise,Lenowisco,0,0,0
03/29/2020,51197,Wythe,"Mount Rogers",1,0,0
03/29/2020,51199,York,Peninsula,9,1,1
03/29/2020,51510,Alexandria,Alexandria,25,1,0
03/29/2020,51520,Bristol,"Mount Rogers",1,0,0
03/29/2020,51530,"Buena Vista City","Central Shenandoah",0,0,0
03/29/2020,51540,Charlottesville,"Thomas Jefferson",12,0,0
03/29/2020,51550,Chesapeake,Chesapeake,15,2,0
03/29/2020,51570,"Colonial Heights",Chesterfield,0,0,0
03/29/2020,51580,Covington,Alleghany,0,0,0
03/29/2020,51590,Danville,Pittsylvania-Danville,4,2,0
03/29/2020,51595,Emporia,Crater,0,0,0
03/29/2020,51600,"Fairfax City",Fairfax,1,0,0
03/29/2020,51610,"Falls Church",Fairfax,0,0,0
03/29/2020,51620,"Franklin City","Western Tidewater",0,0,0
03/29/2020,51630,Fredericksburg,Rappahannock,1,0,0
03/29/2020,51640,Galax,"Mount Rogers",1,1,0
03/29/2020,51650,Hampton,Hampton,7,0,0
03/29/2020,51660,Harrisonburg,"Central Shenandoah",5,0,0
03/29/2020,51670,Hopewell,Crater,1,0,0
03/29/2020,51678,Lexington,"Central Shenandoah",0,0,0
03/29/2020,51680,Lynchburg,"Central Virginia",3,1,0
03/29/2020,51683,"Manassas City","Prince William",5,0,0
03/29/2020,51685,"Manassas Park","Prince William",1,0,0
03/29/2020,51690,Martinsville,"West Piedmont",0,0,0
03/29/2020,51700,"Newport News",Peninsula,17,3,2
03/29/2020,51710,Norfolk,Norfolk,14,1,0
03/29/2020,51720,Norton,Lenowisco,0,0,0
03/29/2020,51730,Petersburg,Crater,0,0,0
03/29/2020,51735,Poquoson,Peninsula,2,0,0
03/29/2020,51740,Portsmouth,Portsmouth,4,1,0
03/29/2020,51750,Radford,"New River",1,0,0
03/29/2020,51760,"Richmond City",Richmond,25,2,0
03/29/2020,51770,"Roanoke City",Roanoke,1,0,0
03/29/2020,51775,Salem,Alleghany,0,0,0
03/29/2020,51790,Staunton,"Central Shenandoah",0,0,0
03/29/2020,51800,Suffolk,"Western Tidewater",1,0,0
03/29/2020,51810,"Virginia Beach","Virginia Beach",49,7,1
03/29/2020,51820,Waynesboro,"Central Shenandoah",0,0,0
03/29/2020,51830,Williamsburg,Peninsula,7,2,1
03/29/2020,51840,Winchester,"Lord Fairfax",1,0,0
03/30/2020,51001,Accomack,"Eastern Shore",6,3,0
03/30/2020,51003,Albemarle,"Thomas Jefferson",19,0,0
03/30/2020,51005,Alleghany,Alleghany,1,1,0
03/30/2020,51007,Amelia,Piedmont,1,1,0
03/30/2020,51009,Amherst,"Central Virginia",3,0,0
03/30/2020,51011,Appomattox,"Central Virginia",0,0,0
03/30/2020,51013,Arlington,Arlington,86,8,1
03/30/2020,51015,Augusta,"Central Shenandoah",0,0,0
03/30/2020,51017,Bath,"Central Shenandoah",0,0,0
03/30/2020,51019,Bedford,"Central Virginia",2,0,0
03/30/2020,51021,Bland,"Mount Rogers",0,0,0
03/30/2020,51023,Botetourt,Alleghany,5,2,1
03/30/2020,51025,Brunswick,Southside,0,0,0
03/30/2020,51027,Buchanan,"Cumberland Plateau",0,0,0
03/30/2020,51029,Buckingham,Piedmont,0,0,0
03/30/2020,51031,Campbell,"Central Virginia",0,0,0
03/30/2020,51033,Caroline,Rappahannock,0,0,0
03/30/2020,51035,Carroll,"Mount Rogers",0,0,0
03/30/2020,51036,"Charles City",Chickahominy,1,0,0
03/30/2020,51037,Charlotte,Piedmont,0,0,0
03/30/2020,51041,Chesterfield,Chesterfield,21,3,0
03/30/2020,51043,Clarke,"Lord Fairfax",0,0,0
03/30/2020,51045,Craig,Alleghany,0,0,0
03/30/2020,51047,Culpeper,"Rappahannock Rapidan",3,1,0
03/30/2020,51049,Cumberland,Piedmont,0,0,0
03/30/2020,51051,Dickenson,"Cumberland Plateau",0,0,0
03/30/2020,51053,Dinwiddie,Crater,0,0,0
03/30/2020,51057,Essex,"Three Rivers",0,0,0
03/30/2020,51059,Fairfax,Fairfax,224,15,2
03/30/2020,51061,Fauquier,"Rappahannock Rapidan",6,0,0
03/30/2020,51063,Floyd,"New River",0,0,0
03/30/2020,51065,Fluvanna,"Thomas Jefferson",3,0,0
03/30/2020,51067,"Franklin County","West Piedmont",5,0,0
03/30/2020,51069,Frederick,"Lord Fairfax",10,2,0
03/30/2020,51071,Giles,"New River",0,0,0
03/30/2020,51073,Gloucester,"Three Rivers",7,0,0
03/30/2020,51075,Goochland,Chickahominy,6,1,0
03/30/2020,51077,Grayson,"Mount Rogers",0,0,0
03/30/2020,51079,Greene,"Thomas Jefferson",1,0,0
03/30/2020,51081,Greensville,Crater,3,0,0
03/30/2020,51083,Halifax,Southside,1,0,0
03/30/2020,51085,Hanover,Chickahominy,5,1,0
03/30/2020,51087,Henrico,Henrico,44,8,6
03/30/2020,51089,Henry,"West Piedmont",1,0,0
03/30/2020,51091,Highland,"Central Shenandoah",0,0,0
03/30/2020,51093,"Isle of Wight","Western Tidewater",3,1,0
03/30/2020,51095,"James City",Peninsula,73,19,4
03/30/2020,51097,"King and Queen","Three Rivers",0,0,0
03/30/2020,51099,"King George",Rappahannock,3,0,0
03/30/2020,51101,"King William","Three Rivers",1,0,0
03/30/2020,51103,Lancaster,"Three Rivers",1,0,0
03/30/2020,51105,Lee,Lenowisco,2,0,0
03/30/2020,51107,Loudoun,Loudoun,61,7,2
03/30/2020,51109,Louisa,"Thomas Jefferson",8,0,0
03/30/2020,51111,Lunenburg,Piedmont,0,0,0
03/30/2020,51113,Madison,"Rappahannock Rapidan",3,0,0
03/30/2020,51115,Mathews,"Three Rivers",2,0,0
03/30/2020,51117,Mecklenburg,Southside,4,1,0
03/30/2020,51119,Middlesex,"Three Rivers",0,0,0
03/30/2020,51121,Montgomery,"New River",1,0,0
03/30/2020,51125,Nelson,"Thomas Jefferson",2,0,0
03/30/2020,51127,"New Kent",Chickahominy,1,0,0
03/30/2020,51131,Northampton,"Eastern Shore",1,0,0
03/30/2020,51133,Northumberland,"Three Rivers",2,0,0
03/30/2020,51135,Nottoway,Piedmont,1,0,0
03/30/2020,51137,Orange,"Rappahannock Rapidan",1,0,0
03/30/2020,51139,Page,"Lord Fairfax",0,0,0
03/30/2020,51141,Patrick,"West Piedmont",0,0,0
03/30/2020,51143,Pittsylvania,Pittsylvania-Danville,1,1,1
03/30/2020,51145,Powhatan,Chesterfield,3,0,0
03/30/2020,51147,"Prince Edward",Piedmont,2,0,0
03/30/2020,51149,"Prince George",Crater,5,1,0
03/30/2020,51153,"Prince William","Prince William",79,17,1
03/30/2020,51155,Pulaski,"New River",0,0,0
03/30/2020,51157,Rappahannock,"Rappahannock Rapidan",0,0,0
03/30/2020,51159,"Richmond County","Three Rivers",0,0,0
03/30/2020,51161,"Roanoke County",Alleghany,2,0,0
03/30/2020,51163,Rockbridge,"Central Shenandoah",2,0,0
03/30/2020,51165,Rockingham,"Central Shenandoah",5,0,0
03/30/2020,51167,Russell,"Cumberland Plateau",0,0,0
03/30/2020,51169,Scott,Lenowisco,0,0,0
03/30/2020,51171,Shenandoah,"Lord Fairfax",6,3,0
03/30/2020,51173,Smyth,"Mount Rogers",1,1,0
03/30/2020,51175,Southampton,"Western Tidewater",1,1,1
03/30/2020,51177,Spotsylvania,Rappahannock,6,2,0
03/30/2020,51179,Stafford,Rappahannock,20,1,0
03/30/2020,51181,Surry,Crater,0,0,0
03/30/2020,51183,Sussex,Crater,0,0,0
03/30/2020,51185,Tazewell,"Cumberland Plateau",2,0,0
03/30/2020,51187,Warren,"Lord Fairfax",2,0,0
03/30/2020,51191,Washington,"Mount Rogers",2,1,0
03/30/2020,51193,Westmoreland,"Three Rivers",0,0,0
03/30/2020,51195,Wise,Lenowisco,0,0,0
03/30/2020,51197,Wythe,"Mount Rogers",1,0,0
03/30/2020,51199,York,Peninsula,11,2,1
03/30/2020,51510,Alexandria,Alexandria,26,1,0
03/30/2020,51520,Bristol,"Mount Rogers",1,0,0
03/30/2020,51530,"Buena Vista City","Central Shenandoah",0,0,0
03/30/2020,51540,Charlottesville,"Thomas Jefferson",13,0,0
03/30/2020,51550,Chesapeake,Chesapeake,18,3,0
03/30/2020,51570,"Colonial Heights",Chesterfield,0,0,0
03/30/2020,51580,Covington,Alleghany,0,0,0
03/30/2020,51590,Danville,Pittsylvania-Danville,4,2,0
03/30/2020,51595,Emporia,Crater,0,0,0
03/30/2020,51600,"Fairfax City",Fairfax,1,0,0
03/30/2020,51610,"Falls Church",Fairfax,0,0,0
03/30/2020,51620,"Franklin City","Western Tidewater",0,0,0
03/30/2020,51630,Fredericksburg,Rappahannock,1,0,0
03/30/2020,51640,Galax,"Mount Rogers",1,1,0
03/30/2020,51650,Hampton,Hampton,9,1,0
03/30/2020,51660,Harrisonburg,"Central Shenandoah",6,0,0
03/30/2020,51670,Hopewell,Crater,3,0,0
03/30/2020,51678,Lexington,"Central Shenandoah",0,0,0
03/30/2020,51680,Lynchburg,"Central Virginia",4,1,0
03/30/2020,51683,"Manassas City","Prince William",7,0,0
03/30/2020,51685,"Manassas Park","Prince William",1,1,0
03/30/2020,51690,Martinsville,"West Piedmont",0,0,0
03/30/2020,51700,"Newport News",Peninsula,18,3,2
03/30/2020,51710,Norfolk,Norfolk,17,3,0
03/30/2020,51720,Norton,Lenowisco,0,0,0
03/30/2020,51730,Petersburg,Crater,2,0,0
03/30/2020,51735,Poquoson,Peninsula,2,0,0
03/30/2020,51740,Portsmouth,Portsmouth,4,1,0
03/30/2020,51750,Radford,"New River",1,0,0
03/30/2020,51760,"Richmond City",Richmond,25,2,0
03/30/2020,51770,"Roanoke City",Roanoke,6,1,0
03/30/2020,51775,Salem,Alleghany,0,0,0
03/30/2020,51790,Staunton,"Central Shenandoah",0,0,0
03/30/2020,51800,Suffolk,"Western Tidewater",3,0,0
03/30/2020,51810,"Virginia Beach","Virginia Beach",52,10,2
03/30/2020,51820,Waynesboro,"Central Shenandoah",0,0,0
03/30/2020,51830,Williamsburg,Peninsula,7,2,1
03/30/2020,51840,Winchester,"Lord Fairfax",3,0,0
03/31/2020,51001,Accomack,"Eastern Shore",7,3,0
03/31/2020,51003,Albemarle,"Thomas Jefferson",21,1,0
03/31/2020,51005,Alleghany,Alleghany,1,1,0
03/31/2020,51007,Amelia,Piedmont,2,2,1
03/31/2020,51009,Amherst,"Central Virginia",3,0,0
03/31/2020,51011,Appomattox,"Central Virginia",0,0,0
03/31/2020,51013,Arlington,Arlington,104,8,2
03/31/2020,51015,Augusta,"Central Shenandoah",0,0,0
03/31/2020,51017,Bath,"Central Shenandoah",0,0,0
03/31/2020,51019,Bedford,"Central Virginia",2,0,0
03/31/2020,51021,Bland,"Mount Rogers",0,0,0
03/31/2020,51023,Botetourt,Alleghany,5,2,1
03/31/2020,51025,Brunswick,Southside,1,1,0
03/31/2020,51027,Buchanan,"Cumberland Plateau",0,0,0
03/31/2020,51029,Buckingham,Piedmont,2,0,0
03/31/2020,51031,Campbell,"Central Virginia",1,0,0
03/31/2020,51033,Caroline,Rappahannock,0,0,0
03/31/2020,51035,Carroll,"Mount Rogers",1,0,0
03/31/2020,51036,"Charles City",Chickahominy,1,0,0
03/31/2020,51037,Charlotte,Piedmont,0,0,0
03/31/2020,51041,Chesterfield,Chesterfield,43,3,0
03/31/2020,51043,Clarke,"Lord Fairfax",1,1,0
03/31/2020,51045,Craig,Alleghany,0,0,0
03/31/2020,51047,Culpeper,"Rappahannock Rapidan",3,1,0
03/31/2020,51049,Cumberland,Piedmont,0,0,0
03/31/2020,51051,Dickenson,"Cumberland Plateau",0,0,0
03/31/2020,51053,Dinwiddie,Crater,0,0,0
03/31/2020,51057,Essex,"Three Rivers",0,0,0
03/31/2020,51059,Fairfax,Fairfax,244,17,2
03/31/2020,51061,Fauquier,"Rappahannock Rapidan",7,0,0
03/31/2020,51063,Floyd,"New River",0,0,0
03/31/2020,51065,Fluvanna,"Thomas Jefferson",3,0,0
03/31/2020,51067,"Franklin County","West Piedmont",5,0,0
03/31/2020,51069,Frederick,"Lord Fairfax",12,2,0
03/31/2020,51071,Giles,"New River",0,0,0
03/31/2020,51073,Gloucester,"Three Rivers",7,0,0
03/31/2020,51075,Goochland,Chickahominy,7,2,0
03/31/2020,51077,Grayson,"Mount Rogers",0,0,0
03/31/2020,51079,Greene,"Thomas Jefferson",1,0,0
03/31/2020,51081,Greensville,Crater,3,0,0
03/31/2020,51083,Halifax,Southside,1,0,0
03/31/2020,51085,Hanover,Chickahominy,6,1,0
03/31/2020,51087,Henrico,Henrico,62,10,6
03/31/2020,51089,Henry,"West Piedmont",1,0,0
03/31/2020,51091,Highland,"Central Shenandoah",0,0,0
03/31/2020,51093,"Isle of Wight","Western Tidewater",4,1,0
03/31/2020,51095,"James City",Peninsula,89,24,4
03/31/2020,51097,"King and Queen","Three Rivers",1,0,0
03/31/2020,51099,"King George",Rappahannock,3,0,0
03/31/2020,51101,"King William","Three Rivers",1,0,0
03/31/2020,51103,Lancaster,"Three Rivers",1,0,0
03/31/2020,51105,Lee,Lenowisco,2,0,0
03/31/2020,51107,Loudoun,Loudoun,87,8,2
03/31/2020,51109,Louisa,"Thomas Jefferson",9,0,0
03/31/2020,51111,Lunenburg,Piedmont,0,0,0
03/31/2020,51113,Madison,"Rappahannock Rapidan",3,0,0
03/31/2020,51115,Mathews,"Three Rivers",2,0,0
03/31/2020,51117,Mecklenburg,Southside,4,1,0
03/31/2020,51119,Middlesex,"Three Rivers",0,0,0
03/31/2020,51121,Montgomery,"New River",1,0,0
03/31/2020,51125,Nelson,"Thomas Jefferson",2,0,0
03/31/2020,51127,"New Kent",Chickahominy,1,0,0
03/31/2020,51131,Northampton,"Eastern Shore",1,0,0
03/31/2020,51133,Northumberland,"Three Rivers",3,0,0
03/31/2020,51135,Nottoway,Piedmont,1,0,0
03/31/2020,51137,Orange,"Rappahannock Rapidan",2,0,0
03/31/2020,51139,Page,"Lord Fairfax",1,0,0
03/31/2020,51141,Patrick,"West Piedmont",0,0,0
03/31/2020,51143,Pittsylvania,Pittsylvania-Danville,1,1,1
03/31/2020,51145,Powhatan,Chesterfield,4,0,0
03/31/2020,51147,"Prince Edward",Piedmont,2,0,0
03/31/2020,51149,"Prince George",Crater,7,1,0
03/31/2020,51153,"Prince William","Prince William",94,19,1
03/31/2020,51155,Pulaski,"New River",0,0,0
03/31/2020,51157,Rappahannock,"Rappahannock Rapidan",0,0,0
03/31/2020,51159,"Richmond County","Three Rivers",0,0,0
03/31/2020,51161,"Roanoke County",Alleghany,3,0,0
03/31/2020,51163,Rockbridge,"Central Shenandoah",2,0,0
03/31/2020,51165,Rockingham,"Central Shenandoah",5,0,0
03/31/2020,51167,Russell,"Cumberland Plateau",0,0,0
03/31/2020,51169,Scott,Lenowisco,0,0,0
03/31/2020,51171,Shenandoah,"Lord Fairfax",7,3,0
03/31/2020,51173,Smyth,"Mount Rogers",1,1,0
03/31/2020,51175,Southampton,"Western Tidewater",1,1,1
03/31/2020,51177,Spotsylvania,Rappahannock,7,2,0
03/31/2020,51179,Stafford,Rappahannock,24,2,0
03/31/2020,51181,Surry,Crater,1,0,0
03/31/2020,51183,Sussex,Crater,0,0,0
03/31/2020,51185,Tazewell,"Cumberland Plateau",2,0,0
03/31/2020,51187,Warren,"Lord Fairfax",3,1,0
03/31/2020,51191,Washington,"Mount Rogers",2,1,0
03/31/2020,51193,Westmoreland,"Three Rivers",0,0,0
03/31/2020,51195,Wise,Lenowisco,0,0,0
03/31/2020,51197,Wythe,"Mount Rogers",1,0,0
03/31/2020,51199,York,Peninsula,14,2,1
03/31/2020,51510,Alexandria,Alexandria,30,2,0
03/31/2020,51520,Bristol,"Mount Rogers",1,0,0
03/31/2020,51530,"Buena Vista City","Central Shenandoah",0,0,0
03/31/2020,51540,Charlottesville,"Thomas Jefferson",14,0,0
03/31/2020,51550,Chesapeake,Chesapeake,23,3,0
03/31/2020,51570,"Colonial Heights",Chesterfield,0,0,0
03/31/2020,51580,Covington,Alleghany,0,0,0
03/31/2020,51590,Danville,Pittsylvania-Danville,4,2,0
03/31/2020,51595,Emporia,Crater,0,0,0
03/31/2020,51600,"Fairfax City",Fairfax,1,0,0
03/31/2020,51610,"Falls Church",Fairfax,0,0,0
03/31/2020,51620,"Franklin City","Western Tidewater",1,0,0
03/31/2020,51630,Fredericksburg,Rappahannock,1,0,0
03/31/2020,51640,Galax,"Mount Rogers",1,1,0
03/31/2020,51650,Hampton,Hampton,13,3,0
03/31/2020,51660,Harrisonburg,"Central Shenandoah",6,0,0
03/31/2020,51670,Hopewell,Crater,4,0,0
03/31/2020,51678,Lexington,"Central Shenandoah",0,0,0
03/31/2020,51680,Lynchburg,"Central Virginia",5,1,0
03/31/2020,51683,"Manassas City","Prince William",8,0,0
03/31/2020,51685,"Manassas Park","Prince William",1,1,0
03/31/2020,51690,Martinsville,"West Piedmont",0,0,0
03/31/2020,51700,"Newport News",Peninsula,23,5,2
03/31/2020,51710,Norfolk,Norfolk,27,4,0
03/31/2020,51720,Norton,Lenowisco,0,0,0
03/31/2020,51730,Petersburg,Crater,2,0,0
03/31/2020,51735,Poquoson,Peninsula,2,1,0
03/31/2020,51740,Portsmouth,Portsmouth,12,3,0
03/31/2020,51750,Radford,"New River",1,0,0
03/31/2020,51760,"Richmond City",Richmond,26,2,0
03/31/2020,51770,"Roanoke City",Roanoke,6,1,0
03/31/2020,51775,Salem,Alleghany,0,0,0
03/31/2020,51790,Staunton,"Central Shenandoah",0,0,0
03/31/2020,51800,Suffolk,"Western Tidewater",4,0,0
03/31/2020,51810,"Virginia Beach","Virginia Beach",65,11,2
03/31/2020,51820,Waynesboro,"Central Shenandoah",2,0,0
03/31/2020,51830,Williamsburg,Peninsula,8,2,1
03/31/2020,51840,Winchester,"Lord Fairfax",3,0,0
04/01/2020,51001,Accomack,"Eastern Shore",7,4,0
04/01/2020,51003,Albemarle,"Thomas Jefferson",21,1,0
04/01/2020,51005,Alleghany,Alleghany,1,1,0
04/01/2020,51007,Amelia,Piedmont,2,2,1
04/01/2020,51009,Amherst,"Central Virginia",5,0,0
04/01/2020,51011,Appomattox,"Central Virginia",0,0,0
04/01/2020,51013,Arlington,Arlington,119,8,3
04/01/2020,51015,Augusta,"Central Shenandoah",1,0,0
04/01/2020,51017,Bath,"Central Shenandoah",0,0,0
04/01/2020,51019,Bedford,"Central Virginia",3,0,0
04/01/2020,51021,Bland,"Mount Rogers",0,0,0
04/01/2020,51023,Botetourt,Alleghany,6,2,1
04/01/2020,51025,Brunswick,Southside,1,1,0
04/01/2020,51027,Buchanan,"Cumberland Plateau",0,0,0
04/01/2020,51029,Buckingham,Piedmont,2,0,0
04/01/2020,51031,Campbell,"Central Virginia",2,0,0
04/01/2020,51033,Caroline,Rappahannock,0,0,0
04/01/2020,51035,Carroll,"Mount Rogers",1,0,0
04/01/2020,51036,"Charles City",Chickahominy,2,1,0
04/01/2020,51037,Charlotte,Piedmont,0,0,0
04/01/2020,51041,Chesterfield,Chesterfield,59,3,0
04/01/2020,51043,Clarke,"Lord Fairfax",1,1,0
04/01/2020,51045,Craig,Alleghany,0,0,0
04/01/2020,51047,Culpeper,"Rappahannock Rapidan",5,3,0
04/01/2020,51049,Cumberland,Piedmont,0,0,0
04/01/2020,51051,Dickenson,"Cumberland Plateau",0,0,0
04/01/2020,51053,Dinwiddie,Crater,0,0,0
04/01/2020,51057,Essex,"Three Rivers",0,0,0
04/01/2020,51059,Fairfax,Fairfax,288,32,5
04/01/2020,51061,Fauquier,"Rappahannock Rapidan",7,0,0
04/01/2020,51063,Floyd,"New River",0,0,0
04/01/2020,51065,Fluvanna,"Thomas Jefferson",3,0,0
04/01/2020,51067,"Franklin County","West Piedmont",5,0,0
04/01/2020,51069,Frederick,"Lord Fairfax",15,2,0
04/01/2020,51071,Giles,"New River",0,0,0
04/01/2020,51073,Gloucester,"Three Rivers",8,0,0
04/01/2020,51075,Goochland,Chickahominy,7,2,0
04/01/2020,51077,Grayson,"Mount Rogers",0,0,0
04/01/2020,51079,Greene,"Thomas Jefferson",1,0,0
04/01/2020,51081,Greensville,Crater,3,0,0
04/01/2020,51083,Halifax,Southside,1,0,0
04/01/2020,51085,Hanover,Chickahominy,6,1,0
04/01/2020,51087,Henrico,Henrico,78,12,6
04/01/2020,51089,Henry,"West Piedmont",2,0,0
04/01/2020,51091,Highland,"Central Shenandoah",0,0,0
04/01/2020,51093,"Isle of Wight","Western Tidewater",5,2,0
04/01/2020,51095,"James City",Peninsula,95,24,4
04/01/2020,51097,"King and Queen","Three Rivers",1,0,0
04/01/2020,51099,"King George",Rappahannock,4,0,0
04/01/2020,51101,"King William","Three Rivers",1,0,0
04/01/2020,51103,Lancaster,"Three Rivers",1,0,0
04/01/2020,51105,Lee,Lenowisco,2,0,0
04/01/2020,51107,Loudoun,Loudoun,105,15,2
04/01/2020,51109,Louisa,"Thomas Jefferson",11,0,0
04/01/2020,51111,Lunenburg,Piedmont,0,0,0
04/01/2020,51113,Madison,"Rappahannock Rapidan",3,0,0
04/01/2020,51115,Mathews,"Three Rivers",2,0,0
04/01/2020,51117,Mecklenburg,Southside,4,1,0
04/01/2020,51119,Middlesex,"Three Rivers",0,0,0
04/01/2020,51121,Montgomery,"New River",1,0,0
04/01/2020,51125,Nelson,"Thomas Jefferson",2,0,0
04/01/2020,51127,"New Kent",Chickahominy,1,0,0
04/01/2020,51131,Northampton,"Eastern Shore",1,0,0
04/01/2020,51133,Northumberland,"Three Rivers",3,0,0
04/01/2020,51135,Nottoway,Piedmont,1,0,0
04/01/2020,51137,Orange,"Rappahannock Rapidan",4,0,0
04/01/2020,51139,Page,"Lord Fairfax",1,0,0
04/01/2020,51141,Patrick,"West Piedmont",0,0,0
04/01/2020,51143,Pittsylvania,Pittsylvania-Danville,1,1,1
04/01/2020,51145,Powhatan,Chesterfield,3,0,0
04/01/2020,51147,"Prince Edward",Piedmont,2,0,0
04/01/2020,51149,"Prince George",Crater,8,1,0
04/01/2020,51153,"Prince William","Prince William",106,20,2
04/01/2020,51155,Pulaski,"New River",0,0,0
04/01/2020,51157,Rappahannock,"Rappahannock Rapidan",0,0,0
04/01/2020,51159,"Richmond County","Three Rivers",0,0,0
04/01/2020,51161,"Roanoke County",Alleghany,4,0,0
04/01/2020,51163,Rockbridge,"Central Shenandoah",2,0,0
04/01/2020,51165,Rockingham,"Central Shenandoah",9,0,0
04/01/2020,51167,Russell,"Cumberland Plateau",0,0,0
04/01/2020,51169,Scott,Lenowisco,0,0,0
04/01/2020,51171,Shenandoah,"Lord Fairfax",8,3,0
04/01/2020,51173,Smyth,"Mount Rogers",2,1,0
04/01/2020,51175,Southampton,"Western Tidewater",1,1,1
04/01/2020,51177,Spotsylvania,Rappahannock,8,2,0
04/01/2020,51179,Stafford,Rappahannock,28,3,0
04/01/2020,51181,Surry,Crater,1,0,0
04/01/2020,51183,Sussex,Crater,1,0,0
04/01/2020,51185,Tazewell,"Cumberland Plateau",2,0,0
04/01/2020,51187,Warren,"Lord Fairfax",3,1,0
04/01/2020,51191,Washington,"Mount Rogers",2,1,0
04/01/2020,51193,Westmoreland,"Three Rivers",0,0,0
04/01/2020,51195,Wise,Lenowisco,0,0,0
04/01/2020,51197,Wythe,"Mount Rogers",2,1,1
04/01/2020,51199,York,Peninsula,16,2,1
04/01/2020,51510,Alexandria,Alexandria,32,3,0
04/01/2020,51520,Bristol,"Mount Rogers",1,0,0
04/01/2020,51530,"Buena Vista City","Central Shenandoah",0,0,0
04/01/2020,51540,Charlottesville,"Thomas Jefferson",16,1,0
04/01/2020,51550,Chesapeake,Chesapeake,31,7,0
04/01/2020,51570,"Colonial Heights",Chesterfield,0,0,0
04/01/2020,51580,Covington,Alleghany,1,0,0
04/01/2020,51590,Danville,Pittsylvania-Danville,4,2,0
04/01/2020,51595,Emporia,Crater,0,0,0
04/01/2020,51600,"Fairfax City",Fairfax,0,0,0
04/01/2020,51610,"Falls Church",Fairfax,0,0,0
04/01/2020,51620,"Franklin City","Western Tidewater",1,0,0
04/01/2020,51630,Fredericksburg,Rappahannock,1,0,0
04/01/2020,51640,Galax,"Mount Rogers",1,1,0
04/01/2020,51650,Hampton,Hampton,14,3,0
04/01/2020,51660,Harrisonburg,"Central Shenandoah",10,0,0
04/01/2020,51670,Hopewell,Crater,4,0,0
04/01/2020,51678,Lexington,"Central Shenandoah",0,0,0
04/01/2020,51680,Lynchburg,"Central Virginia",7,1,0
04/01/2020,51683,"Manassas City","Prince William",9,0,0
04/01/2020,51685,"Manassas Park","Prince William",1,1,0
04/01/2020,51690,Martinsville,"West Piedmont",0,0,0
04/01/2020,51700,"Newport News",Peninsula,29,6,2
04/01/2020,51710,Norfolk,Norfolk,33,4,0
04/01/2020,51720,Norton,Lenowisco,0,0,0
04/01/2020,51730,Petersburg,Crater,4,0,0
04/01/2020,51735,Poquoson,Peninsula,3,1,0
04/01/2020,51740,Portsmouth,Portsmouth,13,3,0
04/01/2020,51750,Radford,"New River",1,0,0
04/01/2020,51760,"Richmond City",Richmond,33,2,0
04/01/2020,51770,"Roanoke City",Roanoke,6,1,0
04/01/2020,51775,Salem,Alleghany,0,0,0
04/01/2020,51790,Staunton,"Central Shenandoah",0,0,0
04/01/2020,51800,Suffolk,"Western Tidewater",6,1,0
04/01/2020,51810,"Virginia Beach","Virginia Beach",88,13,3
04/01/2020,51820,Waynesboro,"Central Shenandoah",2,0,0
04/01/2020,51830,Williamsburg,Peninsula,9,3,1
04/01/2020,51840,Winchester,"Lord Fairfax",5,0,0
04/02/2020,51001,Accomack,"Eastern Shore",10,4,0
04/02/2020,51003,Albemarle,"Thomas Jefferson",23,1,0
04/02/2020,51005,Alleghany,Alleghany,2,2,0
04/02/2020,51007,Amelia,Piedmont,4,2,1
04/02/2020,51009,Amherst,"Central Virginia",6,1,0
04/02/2020,51011,Appomattox,"Central Virginia",0,0,0
04/02/2020,51013,Arlington,Arlington,128,8,4
04/02/2020,51015,Augusta,"Central Shenandoah",2,0,0
04/02/2020,51017,Bath,"Central Shenandoah",0,0,0
04/02/2020,51019,Bedford,"Central Virginia",3,0,0
04/02/2020,51021,Bland,"Mount Rogers",0,0,0
04/02/2020,51023,Botetourt,Alleghany,8,3,1
04/02/2020,51025,Brunswick,Southside,1,1,0
04/02/2020,51027,Buchanan,"Cumberland Plateau",0,0,0
04/02/2020,51029,Buckingham,Piedmont,2,0,0
04/02/2020,51031,Campbell,"Central Virginia",2,0,0
04/02/2020,51033,Caroline,Rappahannock,0,0,0
04/02/2020,51035,Carroll,"Mount Rogers",1,0,0
04/02/2020,51036,"Charles City",Chickahominy,4,1,0
04/02/2020,51037,Charlotte,Piedmont,0,0,0
04/02/2020,51041,Chesterfield,Chesterfield,73,4,1
04/02/2020,51043,Clarke,"Lord Fairfax",1,1,0
04/02/2020,51045,Craig,Alleghany,0,0,0
04/02/2020,51047,Culpeper,"Rappahannock Rapidan",6,3,1
04/02/2020,51049,Cumberland,Piedmont,1,0,0
04/02/2020,51051,Dickenson,"Cumberland Plateau",0,0,0
04/02/2020,51053,Dinwiddie,Crater,0,0,0
04/02/2020,51057,Essex,"Three Rivers",0,0,0
04/02/2020,51059,Fairfax,Fairfax,328,42,5
04/02/2020,51061,Fauquier,"Rappahannock Rapidan",8,0,0
04/02/2020,51063,Floyd,"New River",0,0,0
04/02/2020,51065,Fluvanna,"Thomas Jefferson",4,0,0
04/02/2020,51067,"Franklin County","West Piedmont",6,0,0
04/02/2020,51069,Frederick,"Lord Fairfax",16,2,0
04/02/2020,51071,Giles,"New River",0,0,0
04/02/2020,51073,Gloucester,"Three Rivers",8,0,0
04/02/2020,51075,Goochland,Chickahominy,9,2,0
04/02/2020,51077,Grayson,"Mount Rogers",0,0,0
04/02/2020,51079,Greene,"Thomas Jefferson",1,0,0
04/02/2020,51081,Greensville,Crater,3,0,0
04/02/2020,51083,Halifax,Southside,1,0,0
04/02/2020,51085,Hanover,Chickahominy,8,2,0
04/02/2020,51087,Henrico,Henrico,87,13,6
04/02/2020,51089,Henry,"West Piedmont",2,0,0
04/02/2020,51091,Highland,"Central Shenandoah",0,0,0
04/02/2020,51093,"Isle of Wight","Western Tidewater",8,2,0
04/02/2020,51095,"James City",Peninsula,97,24,4
04/02/2020,51097,"King and Queen","Three Rivers",1,0,0
04/02/2020,51099,"King George",Rappahannock,4,0,0
04/02/2020,51101,"King William","Three Rivers",1,0,0
04/02/2020,51103,Lancaster,"Three Rivers",1,0,0
04/02/2020,51105,Lee,Lenowisco,2,0,0
04/02/2020,51107,Loudoun,Loudoun,121,19,3
04/02/2020,51109,Louisa,"Thomas Jefferson",12,0,0
04/02/2020,51111,Lunenburg,Piedmont,0,0,0
04/02/2020,51113,Madison,"Rappahannock Rapidan",3,0,0
04/02/2020,51115,Mathews,"Three Rivers",2,0,0
04/02/2020,51117,Mecklenburg,Southside,5,1,0
04/02/2020,51119,Middlesex,"Three Rivers",0,0,0
04/02/2020,51121,Montgomery,"New River",1,0,0
04/02/2020,51125,Nelson,"Thomas Jefferson",2,0,0
04/02/2020,51127,"New Kent",Chickahominy,3,0,0
04/02/2020,51131,Northampton,"Eastern Shore",1,0,0
04/02/2020,51133,Northumberland,"Three Rivers",3,0,0
04/02/2020,51135,Nottoway,Piedmont,1,0,0
04/02/2020,51137,Orange,"Rappahannock Rapidan",4,0,0
04/02/2020,51139,Page,"Lord Fairfax",2,0,0
04/02/2020,51141,Patrick,"West Piedmont",0,0,0
04/02/2020,51143,Pittsylvania,Pittsylvania-Danville,1,1,1
04/02/2020,51145,Powhatan,Chesterfield,3,0,0
04/02/2020,51147,"Prince Edward",Piedmont,2,0,0
04/02/2020,51149,"Prince George",Crater,8,1,0
04/02/2020,51153,"Prince William","Prince William",117,24,2
04/02/2020,51155,Pulaski,"New River",0,0,0
04/02/2020,51157,Rappahannock,"Rappahannock Rapidan",0,0,0
04/02/2020,51159,"Richmond County","Three Rivers",0,0,0
04/02/2020,51161,"Roanoke County",Alleghany,4,0,0
04/02/2020,51163,Rockbridge,"Central Shenandoah",2,0,0
04/02/2020,51165,Rockingham,"Central Shenandoah",11,1,0
04/02/2020,51167,Russell,"Cumberland Plateau",0,0,0
04/02/2020,51169,Scott,Lenowisco,0,0,0
04/02/2020,51171,Shenandoah,"Lord Fairfax",9,3,0
04/02/2020,51173,Smyth,"Mount Rogers",2,1,0
04/02/2020,51175,Southampton,"Western Tidewater",2,1,1
04/02/2020,51177,Spotsylvania,Rappahannock,9,2,0
04/02/2020,51179,Stafford,Rappahannock,27,3,0
04/02/2020,51181,Surry,Crater,1,0,0
04/02/2020,51183,Sussex,Crater,1,0,0
04/02/2020,51185,Tazewell,"Cumberland Plateau",2,0,0
04/02/2020,51187,Warren,"Lord Fairfax",3,1,0
04/02/2020,51191,Washington,"Mount Rogers",2,1,0
04/02/2020,51193,Westmoreland,"Three Rivers",0,0,0
04/02/2020,51195,Wise,Lenowisco,0,0,0
04/02/2020,51197,Wythe,"Mount Rogers",2,1,1
04/02/2020,51199,York,Peninsula,17,2,1
04/02/2020,51510,Alexandria,Alexandria,33,4,0
04/02/2020,51520,Bristol,"Mount Rogers",1,0,0
04/02/2020,51530,"Buena Vista City","Central Shenandoah",0,0,0
04/02/2020,51540,Charlottesville,"Thomas Jefferson",17,1,0
04/02/2020,51550,Chesapeake,Chesapeake,39,9,1
04/02/2020,51570,"Colonial Heights",Chesterfield,0,0,0
04/02/2020,51580,Covington,Alleghany,1,0,0
04/02/2020,51590,Danville,Pittsylvania-Danville,7,3,0
04/02/2020,51595,Emporia,Crater,0,0,0
04/02/2020,51600,"Fairfax City",Fairfax,0,0,0
04/02/2020,51610,"Falls Church",Fairfax,0,0,0
04/02/2020,51620,"Franklin City","Western Tidewater",1,0,0
04/02/2020,51630,Fredericksburg,Rappahannock,2,0,0
04/02/2020,51640,Galax,"Mount Rogers",1,1,0
04/02/2020,51650,Hampton,Hampton,16,3,0
04/02/2020,51660,Harrisonburg,"Central Shenandoah",15,1,0
04/02/2020,51670,Hopewell,Crater,5,1,0
04/02/2020,51678,Lexington,"Central Shenandoah",0,0,0
04/02/2020,51680,Lynchburg,"Central Virginia",9,1,0
04/02/2020,51683,"Manassas City","Prince William",12,0,0
04/02/2020,51685,"Manassas Park","Prince William",1,1,0
04/02/2020,51690,Martinsville,"West Piedmont",0,0,0
04/02/2020,51700,"Newport News",Peninsula,33,6,2
04/02/2020,51710,Norfolk,Norfolk,37,4,1
04/02/2020,51720,Norton,Lenowisco,0,0,0
04/02/2020,51730,Petersburg,Crater,4,0,0
04/02/2020,51735,Poquoson,Peninsula,3,1,0
04/02/2020,51740,Portsmouth,Portsmouth,16,5,0
04/02/2020,51750,Radford,"New River",1,0,0
04/02/2020,51760,"Richmond City",Richmond,52,2,1
04/02/2020,51770,"Roanoke City",Roanoke,9,1,0
04/02/2020,51775,Salem,Alleghany,1,0,0
04/02/2020,51790,Staunton,"Central Shenandoah",0,0,0
04/02/2020,51800,Suffolk,"Western Tidewater",6,1,0
04/02/2020,51810,"Virginia Beach","Virginia Beach",111,18,3
04/02/2020,51820,Waynesboro,"Central Shenandoah",2,0,0
04/02/2020,51830,Williamsburg,Peninsula,9,3,1
04/02/2020,51840,Winchester,"Lord Fairfax",5,0,0
04/03/2020,51001,Accomack,"Eastern Shore",8,4,0
04/03/2020,51003,Albemarle,"Thomas Jefferson",26,2,1
04/03/2020,51005,Alleghany,Alleghany,2,2,0
04/03/2020,51007,Amelia,Piedmont,5,4,1
04/03/2020,51009,Amherst,"Central Virginia",6,1,0
04/03/2020,51011,Appomattox,"Central Virginia",0,0,0
04/03/2020,51013,Arlington,Arlington,135,8,5
04/03/2020,51015,Augusta,"Central Shenandoah",4,0,0
04/03/2020,51017,Bath,"Central Shenandoah",0,0,0
04/03/2020,51019,Bedford,"Central Virginia",3,0,0
04/03/2020,51021,Bland,"Mount Rogers",0,0,0
04/03/2020,51023,Botetourt,Alleghany,8,3,1
04/03/2020,51025,Brunswick,Southside,1,1,0
04/03/2020,51027,Buchanan,"Cumberland Plateau",0,0,0
04/03/2020,51029,Buckingham,Piedmont,3,0,0
04/03/2020,51031,Campbell,"Central Virginia",2,0,0
04/03/2020,51033,Caroline,Rappahannock,1,0,0
04/03/2020,51035,Carroll,"Mount Rogers",1,0,0
04/03/2020,51036,"Charles City",Chickahominy,4,1,0
04/03/2020,51037,Charlotte,Piedmont,0,0,0
04/03/2020,51041,Chesterfield,Chesterfield,89,3,2
04/03/2020,51043,Clarke,"Lord Fairfax",2,1,0
04/03/2020,51045,Craig,Alleghany,0,0,0
04/03/2020,51047,Culpeper,"Rappahannock Rapidan",7,3,1
04/03/2020,51049,Cumberland,Piedmont,1,0,0
04/03/2020,51051,Dickenson,"Cumberland Plateau",0,0,0
04/03/2020,51053,Dinwiddie,Crater,0,0,0
04/03/2020,51057,Essex,"Three Rivers",0,0,0
04/03/2020,51059,Fairfax,Fairfax,372,57,5
04/03/2020,51061,Fauquier,"Rappahannock Rapidan",9,1,0
04/03/2020,51063,Floyd,"New River",0,0,0
04/03/2020,51065,Fluvanna,"Thomas Jefferson",5,0,0
04/03/2020,51067,"Franklin County","West Piedmont",9,0,0
04/03/2020,51069,Frederick,"Lord Fairfax",20,2,0
04/03/2020,51071,Giles,"New River",0,0,0
04/03/2020,51073,Gloucester,"Three Rivers",8,0,0
04/03/2020,51075,Goochland,Chickahominy,8,2,0
04/03/2020,51077,Grayson,"Mount Rogers",0,0,0
04/03/2020,51079,Greene,"Thomas Jefferson",1,0,0
04/03/2020,51081,Greensville,Crater,4,0,0
04/03/2020,51083,Halifax,Southside,1,0,0
04/03/2020,51085,Hanover,Chickahominy,12,4,0
04/03/2020,51087,Henrico,Henrico,112,16,7
04/03/2020,51089,Henry,"West Piedmont",3,0,0
04/03/2020,51091,Highland,"Central Shenandoah",0,0,0
04/03/2020,51093,"Isle of Wight","Western Tidewater",11,2,0
04/03/2020,51095,"James City",Peninsula,104,35,4
04/03/2020,51097,"King and Queen","Three Rivers",1,0,0
04/03/2020,51099,"King George",Rappahannock,6,0,0
04/03/2020,51101,"King William","Three Rivers",1,0,0
04/03/2020,51103,Lancaster,"Three Rivers",1,0,0
04/03/2020,51105,Lee,Lenowisco,2,0,0
04/03/2020,51107,Loudoun,Loudoun,130,20,3
04/03/2020,51109,Louisa,"Thomas Jefferson",12,0,0
04/03/2020,51111,Lunenburg,Piedmont,0,0,0
04/03/2020,51113,Madison,"Rappahannock Rapidan",2,0,0
04/03/2020,51115,Mathews,"Three Rivers",2,0,0
04/03/2020,51117,Mecklenburg,Southside,7,2,0
04/03/2020,51119,Middlesex,"Three Rivers",0,0,0
04/03/2020,51121,Montgomery,"New River",1,0,0
04/03/2020,51125,Nelson,"Thomas Jefferson",2,0,0
04/03/2020,51127,"New Kent",Chickahominy,6,1,0
04/03/2020,51131,Northampton,"Eastern Shore",2,1,0
04/03/2020,51133,Northumberland,"Three Rivers",3,0,0
04/03/2020,51135,Nottoway,Piedmont,1,0,0
04/03/2020,51137,Orange,"Rappahannock Rapidan",4,1,0
04/03/2020,51139,Page,"Lord Fairfax",2,0,0
04/03/2020,51141,Patrick,"West Piedmont",0,0,0
04/03/2020,51143,Pittsylvania,Pittsylvania-Danville,1,1,1
04/03/2020,51145,Powhatan,Chesterfield,4,0,0
04/03/2020,51147,"Prince Edward",Piedmont,2,0,0
04/03/2020,51149,"Prince George",Crater,10,1,0
04/03/2020,51153,"Prince William","Prince William",131,24,2
04/03/2020,51155,Pulaski,"New River",1,0,0
04/03/2020,51157,Rappahannock,"Rappahannock Rapidan",0,0,0
04/03/2020,51159,"Richmond County","Three Rivers",1,0,0
04/03/2020,51161,"Roanoke County",Alleghany,4,0,0
04/03/2020,51163,Rockbridge,"Central Shenandoah",2,0,0
04/03/2020,51165,Rockingham,"Central Shenandoah",11,1,0
04/03/2020,51167,Russell,"Cumberland Plateau",0,0,0
04/03/2020,51169,Scott,Lenowisco,0,0,0
04/03/2020,51171,Shenandoah,"Lord Fairfax",10,3,0
04/03/2020,51173,Smyth,"Mount Rogers",2,1,0
04/03/2020,51175,Southampton,"Western Tidewater",4,1,1
04/03/2020,51177,Spotsylvania,Rappahannock,11,2,0
04/03/2020,51179,Stafford,Rappahannock,29,3,0
04/03/2020,51181,Surry,Crater,3,0,0
04/03/2020,51183,Sussex,Crater,2,0,0
04/03/2020,51185,Tazewell,"Cumberland Plateau",2,0,0
04/03/2020,51187,Warren,"Lord Fairfax",4,1,0
04/03/2020,51191,Washington,"Mount Rogers",3,2,0
04/03/2020,51193,Westmoreland,"Three Rivers",1,0,0
04/03/2020,51195,Wise,Lenowisco,1,0,0
04/03/2020,51197,Wythe,"Mount Rogers",2,1,1
04/03/2020,51199,York,Peninsula,17,4,1
04/03/2020,51510,Alexandria,Alexandria,56,4,0
04/03/2020,51520,Bristol,"Mount Rogers",1,0,0
04/03/2020,51530,"Buena Vista City","Central Shenandoah",1,0,0
04/03/2020,51540,Charlottesville,"Thomas Jefferson",17,2,0
04/03/2020,51550,Chesapeake,Chesapeake,50,9,1
04/03/2020,51570,"Colonial Heights",Chesterfield,0,0,0
04/03/2020,51580,Covington,Alleghany,1,0,0
04/03/2020,51590,Danville,Pittsylvania-Danville,9,3,0
04/03/2020,51595,Emporia,Crater,1,0,0
04/03/2020,51600,"Fairfax City",Fairfax,0,0,0
04/03/2020,51610,"Falls Church",Fairfax,0,0,0
04/03/2020,51620,"Franklin City","Western Tidewater",3,0,0
04/03/2020,51630,Fredericksburg,Rappahannock,4,0,0
04/03/2020,51640,Galax,"Mount Rogers",1,1,0
04/03/2020,51650,Hampton,Hampton,29,11,0
04/03/2020,51660,Harrisonburg,"Central Shenandoah",22,1,0
04/03/2020,51670,Hopewell,Crater,7,1,0
04/03/2020,51678,Lexington,"Central Shenandoah",2,0,0
04/03/2020,51680,Lynchburg,"Central Virginia",9,1,0
04/03/2020,51683,"Manassas City","Prince William",13,1,0
04/03/2020,51685,"Manassas Park","Prince William",2,1,0
04/03/2020,51690,Martinsville,"West Piedmont",0,0,0
04/03/2020,51700,"Newport News",Peninsula,37,13,2
04/03/2020,51710,Norfolk,Norfolk,43,5,1
04/03/2020,51720,Norton,Lenowisco,0,0,0
04/03/2020,51730,Petersburg,Crater,8,0,0
04/03/2020,51735,Poquoson,Peninsula,3,1,0
04/03/2020,51740,Portsmouth,Portsmouth,17,6,1
04/03/2020,51750,Radford,"New River",1,0,0
04/03/2020,51760,"Richmond City",Richmond,76,3,1
04/03/2020,51770,"Roanoke City",Roanoke,9,1,0
04/03/2020,51775,Salem,Alleghany,1,0,0
04/03/2020,51790,Staunton,"Central Shenandoah",0,0,0
04/03/2020,51800,Suffolk,"Western Tidewater",10,1,0
04/03/2020,51810,"Virginia Beach","Virginia Beach",128,22,3
04/03/2020,51820,Waynesboro,"Central Shenandoah",3,0,0
04/03/2020,51830,Williamsburg,Peninsula,9,3,1
04/03/2020,51840,Winchester,"Lord Fairfax",9,0,0
04/04/2020,51001,Accomack,"Eastern Shore",8,4,0
04/04/2020,51003,Albemarle,"Thomas Jefferson",27,4,1
04/04/2020,51005,Alleghany,Alleghany,2,2,0
04/04/2020,51007,Amelia,Piedmont,6,4,1
04/04/2020,51009,Amherst,"Central Virginia",6,1,0
04/04/2020,51011,Appomattox,"Central Virginia",0,0,0
04/04/2020,51013,Arlington,Arlington,150,11,6
04/04/2020,51015,Augusta,"Central Shenandoah",7,0,0
04/04/2020,51017,Bath,"Central Shenandoah",0,0,0
04/04/2020,51019,Bedford,"Central Virginia",4,0,0
04/04/2020,51021,Bland,"Mount Rogers",0,0,0
04/04/2020,51023,Botetourt,Alleghany,14,5,1
04/04/2020,51025,Brunswick,Southside,1,1,0
04/04/2020,51027,Buchanan,"Cumberland Plateau",0,0,0
04/04/2020,51029,Buckingham,Piedmont,4,0,0
04/04/2020,51031,Campbell,"Central Virginia",2,0,0
04/04/2020,51033,Caroline,Rappahannock,1,0,0
04/04/2020,51035,Carroll,"Mount Rogers",1,0,0
04/04/2020,51036,"Charles City",Chickahominy,4,1,0
04/04/2020,51037,Charlotte,Piedmont,1,0,0
04/04/2020,51041,Chesterfield,Chesterfield,106,12,2
04/04/2020,51043,Clarke,"Lord Fairfax",2,1,0
04/04/2020,51045,Craig,Alleghany,0,0,0
04/04/2020,51047,Culpeper,"Rappahannock Rapidan",8,4,1
04/04/2020,51049,Cumberland,Piedmont,2,0,0
04/04/2020,51051,Dickenson,"Cumberland Plateau",0,0,0
04/04/2020,51053,Dinwiddie,Crater,0,0,0
04/04/2020,51057,Essex,"Three Rivers",0,0,0
04/04/2020,51059,Fairfax,Fairfax,387,58,6
04/04/2020,51061,Fauquier,"Rappahannock Rapidan",10,1,0
04/04/2020,51063,Floyd,"New River",0,0,0
04/04/2020,51065,Fluvanna,"Thomas Jefferson",5,0,0
04/04/2020,51067,"Franklin County","West Piedmont",10,0,0
04/04/2020,51069,Frederick,"Lord Fairfax",24,2,0
04/04/2020,51071,Giles,"New River",0,0,0
04/04/2020,51073,Gloucester,"Three Rivers",9,0,0
04/04/2020,51075,Goochland,Chickahominy,10,2,0
04/04/2020,51077,Grayson,"Mount Rogers",0,0,0
04/04/2020,51079,Greene,"Thomas Jefferson",2,0,0
04/04/2020,51081,Greensville,Crater,4,0,0
04/04/2020,51083,Halifax,Southside,1,0,0
04/04/2020,51085,Hanover,Chickahominy,12,4,0
04/04/2020,51087,Henrico,Henrico,174,20,7
04/04/2020,51089,Henry,"West Piedmont",3,0,0
04/04/2020,51091,Highland,"Central Shenandoah",0,0,0
04/04/2020,51093,"Isle of Wight","Western Tidewater",18,4,0
04/04/2020,51095,"James City",Peninsula,111,37,5
04/04/2020,51097,"King and Queen","Three Rivers",1,0,0
04/04/2020,51099,"King George",Rappahannock,8,1,0
04/04/2020,51101,"King William","Three Rivers",1,0,0
04/04/2020,51103,Lancaster,"Three Rivers",1,0,0
04/04/2020,51105,Lee,Lenowisco,2,0,0
04/04/2020,51107,Loudoun,Loudoun,150,24,4
04/04/2020,51109,Louisa,"Thomas Jefferson",13,4,0
04/04/2020,51111,Lunenburg,Piedmont,0,0,0
04/04/2020,51113,Madison,"Rappahannock Rapidan",2,0,0
04/04/2020,51115,Mathews,"Three Rivers",2,0,0
04/04/2020,51117,Mecklenburg,Southside,8,2,0
04/04/2020,51119,Middlesex,"Three Rivers",0,0,0
04/04/2020,51121,Montgomery,"New River",6,1,0
04/04/2020,51125,Nelson,"Thomas Jefferson",2,0,0
04/04/2020,51127,"New Kent",Chickahominy,8,1,0
04/04/2020,51131,Northampton,"Eastern Shore",2,1,0
04/04/2020,51133,Northumberland,"Three Rivers",3,0,0
04/04/2020,51135,Nottoway,Piedmont,1,0,0
04/04/2020,51137,Orange,"Rappahannock Rapidan",5,1,0
04/04/2020,51139,Page,"Lord Fairfax",2,0,0
04/04/2020,51141,Patrick,"West Piedmont",0,0,0
04/04/2020,51143,Pittsylvania,Pittsylvania-Danville,2,2,1
04/04/2020,51145,Powhatan,Chesterfield,4,0,0
04/04/2020,51147,"Prince Edward",Piedmont,3,0,0
04/04/2020,51149,"Prince George",Crater,16,1,0
04/04/2020,51153,"Prince William","Prince William",159,28,2
04/04/2020,51155,Pulaski,"New River",1,0,0
04/04/2020,51157,Rappahannock,"Rappahannock Rapidan",0,0,0
04/04/2020,51159,"Richmond County","Three Rivers",0,0,0
04/04/2020,51161,"Roanoke County",Alleghany,5,0,0
04/04/2020,51163,Rockbridge,"Central Shenandoah",3,0,0
04/04/2020,51165,Rockingham,"Central Shenandoah",15,2,0
04/04/2020,51167,Russell,"Cumberland Plateau",0,0,0
04/04/2020,51169,Scott,Lenowisco,0,0,0
04/04/2020,51171,Shenandoah,"Lord Fairfax",10,3,0
04/04/2020,51173,Smyth,"Mount Rogers",2,1,0
04/04/2020,51175,Southampton,"Western Tidewater",5,2,1
04/04/2020,51177,Spotsylvania,Rappahannock,18,3,1
04/04/2020,51179,Stafford,Rappahannock,38,3,0
04/04/2020,51181,Surry,Crater,3,0,0
04/04/2020,51183,Sussex,Crater,3,0,0
04/04/2020,51185,Tazewell,"Cumberland Plateau",2,0,0
04/04/2020,51187,Warren,"Lord Fairfax",4,1,0
04/04/2020,51191,Washington,"Mount Rogers",3,2,0
04/04/2020,51193,Westmoreland,"Three Rivers",2,0,0
04/04/2020,51195,Wise,Lenowisco,0,0,0
04/04/2020,51197,Wythe,"Mount Rogers",2,1,1
04/04/2020,51199,York,Peninsula,19,6,1
04/04/2020,51510,Alexandria,Alexandria,68,4,0
04/04/2020,51520,Bristol,"Mount Rogers",1,0,0
04/04/2020,51530,"Buena Vista City","Central Shenandoah",1,0,0
04/04/2020,51540,Charlottesville,"Thomas Jefferson",21,3,0
04/04/2020,51550,Chesapeake,Chesapeake,65,9,1
04/04/2020,51570,"Colonial Heights",Chesterfield,0,0,0
04/04/2020,51580,Covington,Alleghany,1,0,0
04/04/2020,51590,Danville,Pittsylvania-Danville,12,4,0
04/04/2020,51595,Emporia,Crater,2,1,0
04/04/2020,51600,"Fairfax City",Fairfax,0,0,0
04/04/2020,51610,"Falls Church",Fairfax,0,0,0
04/04/2020,51620,"Franklin City","Western Tidewater",4,0,0
04/04/2020,51630,Fredericksburg,Rappahannock,7,1,0
04/04/2020,51640,Galax,"Mount Rogers",1,1,0
04/04/2020,51650,Hampton,Hampton,39,14,0
04/04/2020,51660,Harrisonburg,"Central Shenandoah",22,1,0
04/04/2020,51670,Hopewell,Crater,9,2,0
04/04/2020,51678,Lexington,"Central Shenandoah",3,0,0
04/04/2020,51680,Lynchburg,"Central Virginia",10,1,0
04/04/2020,51683,"Manassas City","Prince William",14,1,0
04/04/2020,51685,"Manassas Park","Prince William",2,1,0
04/04/2020,51690,Martinsville,"West Piedmont",0,0,0
04/04/2020,51700,"Newport News",Peninsula,48,18,2
04/04/2020,51710,Norfolk,Norfolk,55,10,1
04/04/2020,51720,Norton,Lenowisco,0,0,0
04/04/2020,51730,Petersburg,Crater,10,0,0
04/04/2020,51735,Poquoson,Peninsula,3,1,0
04/04/2020,51740,Portsmouth,Portsmouth,26,9,1
04/04/2020,51750,Radford,"New River",1,0,0
04/04/2020,51760,"Richmond City",Richmond,96,4,2
04/04/2020,51770,"Roanoke City",Roanoke,10,1,0
04/04/2020,51775,Salem,Alleghany,1,0,0
04/04/2020,51790,Staunton,"Central Shenandoah",1,0,0
04/04/2020,51800,Suffolk,"Western Tidewater",20,9,0
04/04/2020,51810,"Virginia Beach","Virginia Beach",160,24,3
04/04/2020,51820,Waynesboro,"Central Shenandoah",2,0,0
04/04/2020,51830,Williamsburg,Peninsula,10,3,1
04/04/2020,51840,Winchester,"Lord Fairfax",10,0,0
04/05/2020,51001,Accomack,"Eastern Shore",11,6,0
04/05/2020,51003,Albemarle,"Thomas Jefferson",32,4,2
04/05/2020,51005,Alleghany,Alleghany,2,2,0
04/05/2020,51007,Amelia,Piedmont,6,4,1
04/05/2020,51009,Amherst,"Central Virginia",6,1,0
04/05/2020,51011,Appomattox,"Central Virginia",0,0,0
04/05/2020,51013,Arlington,Arlington,181,11,5
04/05/2020,51015,Augusta,"Central Shenandoah",8,0,0
04/05/2020,51017,Bath,"Central Shenandoah",0,0,0
04/05/2020,51019,Bedford,"Central Virginia",4,0,0
04/05/2020,51021,Bland,"Mount Rogers",0,0,0
04/05/2020,51023,Botetourt,Alleghany,15,5,1
04/05/2020,51025,Brunswick,Southside,1,1,0
04/05/2020,51027,Buchanan,"Cumberland Plateau",0,0,0
04/05/2020,51029,Buckingham,Piedmont,4,0,0
04/05/2020,51031,Campbell,"Central Virginia",2,0,0
04/05/2020,51033,Caroline,Rappahannock,1,0,0
04/05/2020,51035,Carroll,"Mount Rogers",1,0,0
04/05/2020,51036,"Charles City",Chickahominy,4,1,0
04/05/2020,51037,Charlotte,Piedmont,1,0,0
04/05/2020,51041,Chesterfield,Chesterfield,108,12,2
04/05/2020,51043,Clarke,"Lord Fairfax",2,1,0
04/05/2020,51045,Craig,Alleghany,0,0,0
04/05/2020,51047,Culpeper,"Rappahannock Rapidan",8,4,1
04/05/2020,51049,Cumberland,Piedmont,2,0,0
04/05/2020,51051,Dickenson,"Cumberland Plateau",0,0,0
04/05/2020,51053,Dinwiddie,Crater,0,0,0
04/05/2020,51057,Essex,"Three Rivers",0,0,0
04/05/2020,51059,Fairfax,Fairfax,426,83,6
04/05/2020,51061,Fauquier,"Rappahannock Rapidan",10,1,0
04/05/2020,51063,Floyd,"New River",0,0,0
04/05/2020,51065,Fluvanna,"Thomas Jefferson",7,0,0
04/05/2020,51067,"Franklin County","West Piedmont",10,0,0
04/05/2020,51069,Frederick,"Lord Fairfax",27,2,0
04/05/2020,51071,Giles,"New River",0,0,0
04/05/2020,51073,Gloucester,"Three Rivers",10,0,0
04/05/2020,51075,Goochland,Chickahominy,15,2,0
04/05/2020,51077,Grayson,"Mount Rogers",0,0,0
04/05/2020,51079,Greene,"Thomas Jefferson",3,0,0
04/05/2020,51081,Greensville,Crater,4,0,0
04/05/2020,51083,Halifax,Southside,2,1,0
04/05/2020,51085,Hanover,Chickahominy,12,4,0
04/05/2020,51087,Henrico,Henrico,194,20,6
04/05/2020,51089,Henry,"West Piedmont",3,0,0
04/05/2020,51091,Highland,"Central Shenandoah",0,0,0
04/05/2020,51093,"Isle of Wight","Western Tidewater",18,4,0
04/05/2020,51095,"James City",Peninsula,117,37,5
04/05/2020,51097,"King and Queen","Three Rivers",1,0,0
04/05/2020,51099,"King George",Rappahannock,8,1,0
04/05/2020,51101,"King William","Three Rivers",2,0,0
04/05/2020,51103,Lancaster,"Three Rivers",1,0,0
04/05/2020,51105,Lee,Lenowisco,2,0,0
04/05/2020,51107,Loudoun,Loudoun,167,26,4
04/05/2020,51109,Louisa,"Thomas Jefferson",14,4,0
04/05/2020,51111,Lunenburg,Piedmont,0,0,0
04/05/2020,51113,Madison,"Rappahannock Rapidan",3,0,0
04/05/2020,51115,Mathews,"Three Rivers",2,0,0
04/05/2020,51117,Mecklenburg,Southside,12,2,0
04/05/2020,51119,Middlesex,"Three Rivers",0,0,0
04/05/2020,51121,Montgomery,"New River",6,1,0
04/05/2020,51125,Nelson,"Thomas Jefferson",2,0,0
04/05/2020,51127,"New Kent",Chickahominy,9,1,0
04/05/2020,51131,Northampton,"Eastern Shore",2,1,0
04/05/2020,51133,Northumberland,"Three Rivers",3,0,0
04/05/2020,51135,Nottoway,Piedmont,1,0,0
04/05/2020,51137,Orange,"Rappahannock Rapidan",5,1,0
04/05/2020,51139,Page,"Lord Fairfax",2,0,0
04/05/2020,51141,Patrick,"West Piedmont",0,0,0
04/05/2020,51143,Pittsylvania,Pittsylvania-Danville,2,2,1
04/05/2020,51145,Powhatan,Chesterfield,4,0,0
04/05/2020,51147,"Prince Edward",Piedmont,3,0,0
04/05/2020,51149,"Prince George",Crater,18,1,0
04/05/2020,51153,"Prince William","Prince William",175,28,3
04/05/2020,51155,Pulaski,"New River",1,0,0
04/05/2020,51157,Rappahannock,"Rappahannock Rapidan",0,0,0
04/05/2020,51159,"Richmond County","Three Rivers",1,0,0
04/05/2020,51161,"Roanoke County",Alleghany,5,0,0
04/05/2020,51163,Rockbridge,"Central Shenandoah",3,0,0
04/05/2020,51165,Rockingham,"Central Shenandoah",16,2,0
04/05/2020,51167,Russell,"Cumberland Plateau",0,0,0
04/05/2020,51169,Scott,Lenowisco,0,0,0
04/05/2020,51171,Shenandoah,"Lord Fairfax",12,4,0
04/05/2020,51173,Smyth,"Mount Rogers",2,1,0
04/05/2020,51175,Southampton,"Western Tidewater",5,2,1
04/05/2020,51177,Spotsylvania,Rappahannock,24,3,1
04/05/2020,51179,Stafford,Rappahannock,41,3,0
04/05/2020,51181,Surry,Crater,3,0,0
04/05/2020,51183,Sussex,Crater,4,0,0
04/05/2020,51185,Tazewell,"Cumberland Plateau",2,0,0
04/05/2020,51187,Warren,"Lord Fairfax",4,1,0
04/05/2020,51191,Washington,"Mount Rogers",5,3,0
04/05/2020,51193,Westmoreland,"Three Rivers",2,0,0
04/05/2020,51195,Wise,Lenowisco,1,1,0
04/05/2020,51197,Wythe,"Mount Rogers",2,1,1
04/05/2020,51199,York,Peninsula,20,6,1
04/05/2020,51510,Alexandria,Alexandria,74,4,0
04/05/2020,51520,Bristol,"Mount Rogers",1,0,0
04/05/2020,51530,"Buena Vista City","Central Shenandoah",4,0,0
04/05/2020,51540,Charlottesville,"Thomas Jefferson",23,3,0
04/05/2020,51550,Chesapeake,Chesapeake,72,10,1
04/05/2020,51570,"Colonial Heights",Chesterfield,0,0,0
04/05/2020,51580,Covington,Alleghany,1,0,0
04/05/2020,51590,Danville,Pittsylvania-Danville,12,4,0
04/05/2020,51595,Emporia,Crater,2,1,0
04/05/2020,51600,"Fairfax City",Fairfax,0,0,0
04/05/2020,51610,"Falls Church",Fairfax,0,0,0
04/05/2020,51620,"Franklin City","Western Tidewater",4,0,0
04/05/2020,51630,Fredericksburg,Rappahannock,7,1,0
04/05/2020,51640,Galax,"Mount Rogers",1,1,0
04/05/2020,51650,Hampton,Hampton,40,14,0
04/05/2020,51660,Harrisonburg,"Central Shenandoah",25,2,0
04/05/2020,51670,Hopewell,Crater,10,2,0
04/05/2020,51678,Lexington,"Central Shenandoah",3,0,0
04/05/2020,51680,Lynchburg,"Central Virginia",10,1,0
04/05/2020,51683,"Manassas City","Prince William",14,1,0
04/05/2020,51685,"Manassas Park","Prince William",2,1,0
04/05/2020,51690,Martinsville,"West Piedmont",0,0,0
04/05/2020,51700,"Newport News",Peninsula,51,18,2
04/05/2020,51710,Norfolk,Norfolk,59,11,1
04/05/2020,51720,Norton,Lenowisco,0,0,0
04/05/2020,51730,Petersburg,Crater,10,0,0
04/05/2020,51735,Poquoson,Peninsula,3,1,0
04/05/2020,51740,Portsmouth,Portsmouth,26,9,1
04/05/2020,51750,Radford,"New River",1,0,0
04/05/2020,51760,"Richmond City",Richmond,99,7,1
04/05/2020,51770,"Roanoke City",Roanoke,10,1,0
04/05/2020,51775,Salem,Alleghany,1,0,0
04/05/2020,51790,Staunton,"Central Shenandoah",1,0,0
04/05/2020,51800,Suffolk,"Western Tidewater",22,9,0
04/05/2020,51810,"Virginia Beach","Virginia Beach",170,25,3
04/05/2020,51820,Waynesboro,"Central Shenandoah",2,0,0
04/05/2020,51830,Williamsburg,Peninsula,12,4,1
04/05/2020,51840,Winchester,"Lord Fairfax",11,0,0
04/06/2020,51001,Accomack,"Eastern Shore",11,6,0
04/06/2020,51003,Albemarle,"Thomas Jefferson",34,4,2
04/06/2020,51005,Alleghany,Alleghany,2,2,0
04/06/2020,51007,Amelia,Piedmont,6,5,1
04/06/2020,51009,Amherst,"Central Virginia",6,1,0
04/06/2020,51011,Appomattox,"Central Virginia",1,0,0
04/06/2020,51013,Arlington,Arlington,203,11,5
04/06/2020,51015,Augusta,"Central Shenandoah",9,0,0
04/06/2020,51017,Bath,"Central Shenandoah",0,0,0
04/06/2020,51019,Bedford,"Central Virginia",5,0,0
04/06/2020,51021,Bland,"Mount Rogers",0,0,0
04/06/2020,51023,Botetourt,Alleghany,15,5,1
04/06/2020,51025,Brunswick,Southside,1,1,0
04/06/2020,51027,Buchanan,"Cumberland Plateau",0,0,0
04/06/2020,51029,Buckingham,Piedmont,4,0,0
04/06/2020,51031,Campbell,"Central Virginia",2,0,0
04/06/2020,51033,Caroline,Rappahannock,1,0,0
04/06/2020,51035,Carroll,"Mount Rogers",1,0,0
04/06/2020,51036,"Charles City",Chickahominy,4,1,0
04/06/2020,51037,Charlotte,Piedmont,1,0,0
04/06/2020,51041,Chesterfield,Chesterfield,108,12,2
04/06/2020,51043,Clarke,"Lord Fairfax",2,1,0
04/06/2020,51045,Craig,Alleghany,0,0,0
04/06/2020,51047,Culpeper,"Rappahannock Rapidan",8,4,1
04/06/2020,51049,Cumberland,Piedmont,2,0,0
04/06/2020,51051,Dickenson,"Cumberland Plateau",0,0,0
04/06/2020,51053,Dinwiddie,Crater,0,0,0
04/06/2020,51057,Essex,"Three Rivers",0,0,0
04/06/2020,51059,Fairfax,Fairfax,488,119,6
04/06/2020,51061,Fauquier,"Rappahannock Rapidan",11,2,0
04/06/2020,51063,Floyd,"New River",0,0,0
04/06/2020,51065,Fluvanna,"Thomas Jefferson",9,2,0
04/06/2020,51067,"Franklin County","West Piedmont",10,0,0
04/06/2020,51069,Frederick,"Lord Fairfax",31,2,0
04/06/2020,51071,Giles,"New River",1,0,0
04/06/2020,51073,Gloucester,"Three Rivers",12,0,0
04/06/2020,51075,Goochland,Chickahominy,17,2,0
04/06/2020,51077,Grayson,"Mount Rogers",0,0,0
04/06/2020,51079,Greene,"Thomas Jefferson",4,0,0
04/06/2020,51081,Greensville,Crater,4,0,0
04/06/2020,51083,Halifax,Southside,2,1,0
04/06/2020,51085,Hanover,Chickahominy,13,4,0
04/06/2020,51087,Henrico,Henrico,207,20,6
04/06/2020,51089,Henry,"West Piedmont",3,0,0
04/06/2020,51091,Highland,"Central Shenandoah",0,0,0
04/06/2020,51093,"Isle of Wight","Western Tidewater",22,6,1
04/06/2020,51095,"James City",Peninsula,118,40,5
04/06/2020,51097,"King and Queen","Three Rivers",1,0,0
04/06/2020,51099,"King George",Rappahannock,10,1,0
04/06/2020,51101,"King William","Three Rivers",2,0,0
04/06/2020,51103,Lancaster,"Three Rivers",1,0,0
04/06/2020,51105,Lee,Lenowisco,2,0,0
04/06/2020,51107,Loudoun,Loudoun,188,30,4
04/06/2020,51109,Louisa,"Thomas Jefferson",14,5,0
04/06/2020,51111,Lunenburg,Piedmont,0,0,0
04/06/2020,51113,Madison,"Rappahannock Rapidan",4,1,0
04/06/2020,51115,Mathews,"Three Rivers",2,0,0
04/06/2020,51117,Mecklenburg,Southside,12,2,0
04/06/2020,51119,Middlesex,"Three Rivers",0,0,0
04/06/2020,51121,Montgomery,"New River",7,1,0
04/06/2020,51125,Nelson,"Thomas Jefferson",2,0,0
04/06/2020,51127,"New Kent",Chickahominy,12,1,0
04/06/2020,51131,Northampton,"Eastern Shore",2,1,0
04/06/2020,51133,Northumberland,"Three Rivers",3,0,0
04/06/2020,51135,Nottoway,Piedmont,1,0,0
04/06/2020,51137,Orange,"Rappahannock Rapidan",5,1,0
04/06/2020,51139,Page,"Lord Fairfax",2,0,0
04/06/2020,51141,Patrick,"West Piedmont",0,0,0
04/06/2020,51143,Pittsylvania,Pittsylvania-Danville,3,2,1
04/06/2020,51145,Powhatan,Chesterfield,4,0,0
04/06/2020,51147,"Prince Edward",Piedmont,3,0,0
04/06/2020,51149,"Prince George",Crater,18,1,0
04/06/2020,51153,"Prince William","Prince William",193,31,3
04/06/2020,51155,Pulaski,"New River",1,0,0
04/06/2020,51157,Rappahannock,"Rappahannock Rapidan",0,0,0
04/06/2020,51159,"Richmond County","Three Rivers",1,0,0
04/06/2020,51161,"Roanoke County",Alleghany,5,0,0
04/06/2020,51163,Rockbridge,"Central Shenandoah",3,0,0
04/06/2020,51165,Rockingham,"Central Shenandoah",15,2,0
04/06/2020,51167,Russell,"Cumberland Plateau",1,1,0
04/06/2020,51169,Scott,Lenowisco,0,0,0
04/06/2020,51171,Shenandoah,"Lord Fairfax",13,4,0
04/06/2020,51173,Smyth,"Mount Rogers",2,1,0
04/06/2020,51175,Southampton,"Western Tidewater",5,2,1
04/06/2020,51177,Spotsylvania,Rappahannock,26,3,1
04/06/2020,51179,Stafford,Rappahannock,43,3,0
04/06/2020,51181,Surry,Crater,3,0,0
04/06/2020,51183,Sussex,Crater,4,0,0
04/06/2020,51185,Tazewell,"Cumberland Plateau",3,0,0
04/06/2020,51187,Warren,"Lord Fairfax",5,1,0
04/06/2020,51191,Washington,"Mount Rogers",5,3,0
04/06/2020,51193,Westmoreland,"Three Rivers",3,0,0
04/06/2020,51195,Wise,Lenowisco,1,1,0
04/06/2020,51197,Wythe,"Mount Rogers",3,1,1
04/06/2020,51199,York,Peninsula,21,6,1
04/06/2020,51510,Alexandria,Alexandria,93,4,0
04/06/2020,51520,Bristol,"Mount Rogers",1,0,0
04/06/2020,51530,"Buena Vista City","Central Shenandoah",4,0,0
04/06/2020,51540,Charlottesville,"Thomas Jefferson",22,4,0
04/06/2020,51550,Chesapeake,Chesapeake,77,11,1
04/06/2020,51570,"Colonial Heights",Chesterfield,0,0,0
04/06/2020,51580,Covington,Alleghany,1,0,0
04/06/2020,51590,Danville,Pittsylvania-Danville,13,6,0
04/06/2020,51595,Emporia,Crater,2,1,0
04/06/2020,51600,"Fairfax City",Fairfax,0,0,0
04/06/2020,51610,"Falls Church",Fairfax,0,0,0
04/06/2020,51620,"Franklin City","Western Tidewater",4,0,0
04/06/2020,51630,Fredericksburg,Rappahannock,7,1,0
04/06/2020,51640,Galax,"Mount Rogers",1,1,0
04/06/2020,51650,Hampton,Hampton,41,16,1
04/06/2020,51660,Harrisonburg,"Central Shenandoah",27,3,0
04/06/2020,51670,Hopewell,Crater,10,2,0
04/06/2020,51678,Lexington,"Central Shenandoah",3,0,0
04/06/2020,51680,Lynchburg,"Central Virginia",11,1,0
04/06/2020,51683,"Manassas City","Prince William",17,2,0
04/06/2020,51685,"Manassas Park","Prince William",4,1,0
04/06/2020,51690,Martinsville,"West Piedmont",0,0,0
04/06/2020,51700,"Newport News",Peninsula,54,19,2
04/06/2020,51710,Norfolk,Norfolk,60,11,1
04/06/2020,51720,Norton,Lenowisco,0,0,0
04/06/2020,51730,Petersburg,Crater,10,0,0
04/06/2020,51735,Poquoson,Peninsula,3,1,0
04/06/2020,51740,Portsmouth,Portsmouth,27,9,1
04/06/2020,51750,Radford,"New River",1,0,0
04/06/2020,51760,"Richmond City",Richmond,105,8,2
04/06/2020,51770,"Roanoke City",Roanoke,11,1,0
04/06/2020,51775,Salem,Alleghany,1,0,0
04/06/2020,51790,Staunton,"Central Shenandoah",1,0,0
04/06/2020,51800,Suffolk,"Western Tidewater",28,10,0
04/06/2020,51810,"Virginia Beach","Virginia Beach",178,24,3
04/06/2020,51820,Waynesboro,"Central Shenandoah",3,0,0
04/06/2020,51830,Williamsburg,Peninsula,13,5,1
04/06/2020,51840,Winchester,"Lord Fairfax",13,0,0
04/07/2020,51001,Accomack,"Eastern Shore",11,6,0
04/07/2020,51003,Albemarle,"Thomas Jefferson",38,5,2
04/07/2020,51005,Alleghany,Alleghany,2,2,0
04/07/2020,51007,Amelia,Piedmont,7,5,1
04/07/2020,51009,Amherst,"Central Virginia",8,1,0
04/07/2020,51011,Appomattox,"Central Virginia",3,0,0
04/07/2020,51013,Arlington,Arlington,237,11,5
04/07/2020,51015,Augusta,"Central Shenandoah",10,0,0
04/07/2020,51017,Bath,"Central Shenandoah",0,0,0
04/07/2020,51019,Bedford,"Central Virginia",8,0,0
04/07/2020,51021,Bland,"Mount Rogers",0,0,0
04/07/2020,51023,Botetourt,Alleghany,18,6,1
04/07/2020,51025,Brunswick,Southside,1,1,0
04/07/2020,51027,Buchanan,"Cumberland Plateau",1,0,0
04/07/2020,51029,Buckingham,Piedmont,6,0,0
04/07/2020,51031,Campbell,"Central Virginia",3,0,0
04/07/2020,51033,Caroline,Rappahannock,4,0,0
04/07/2020,51035,Carroll,"Mount Rogers",2,1,0
04/07/2020,51036,"Charles City",Chickahominy,4,1,0
04/07/2020,51037,Charlotte,Piedmont,1,0,0
04/07/2020,51041,Chesterfield,Chesterfield,128,13,2
04/07/2020,51043,Clarke,"Lord Fairfax",2,1,0
04/07/2020,51045,Craig,Alleghany,2,0,0
04/07/2020,51047,Culpeper,"Rappahannock Rapidan",9,5,1
04/07/2020,51049,Cumberland,Piedmont,6,0,0
04/07/2020,51051,Dickenson,"Cumberland Plateau",0,0,0
04/07/2020,51053,Dinwiddie,Crater,1,0,0
04/07/2020,51057,Essex,"Three Rivers",0,0,0
04/07/2020,51059,Fairfax,Fairfax,532,142,9
04/07/2020,51061,Fauquier,"Rappahannock Rapidan",18,3,0
04/07/2020,51063,Floyd,"New River",0,0,0
04/07/2020,51065,Fluvanna,"Thomas Jefferson",9,2,0
04/07/2020,51067,"Franklin County","West Piedmont",11,0,0
04/07/2020,51069,Frederick,"Lord Fairfax",43,2,0
04/07/2020,51071,Giles,"New River",2,0,0
04/07/2020,51073,Gloucester,"Three Rivers",15,0,0
04/07/2020,51075,Goochland,Chickahominy,22,3,0
04/07/2020,51077,Grayson,"Mount Rogers",0,0,0
04/07/2020,51079,Greene,"Thomas Jefferson",4,0,0
04/07/2020,51081,Greensville,Crater,5,0,0
04/07/2020,51083,Halifax,Southside,2,1,0
04/07/2020,51085,Hanover,Chickahominy,19,5,0
04/07/2020,51087,Henrico,Henrico,267,21,10
04/07/2020,51089,Henry,"West Piedmont",4,0,0
04/07/2020,51091,Highland,"Central Shenandoah",0,0,0
04/07/2020,51093,"Isle of Wight","Western Tidewater",23,6,1
04/07/2020,51095,"James City",Peninsula,119,40,5
04/07/2020,51097,"King and Queen","Three Rivers",1,0,0
04/07/2020,51099,"King George",Rappahannock,10,2,0
04/07/2020,51101,"King William","Three Rivers",2,0,0
04/07/2020,51103,Lancaster,"Three Rivers",1,0,0
04/07/2020,51105,Lee,Lenowisco,2,0,0
04/07/2020,51107,Loudoun,Loudoun,209,31,4
04/07/2020,51109,Louisa,"Thomas Jefferson",14,5,0
04/07/2020,51111,Lunenburg,Piedmont,2,0,0
04/07/2020,51113,Madison,"Rappahannock Rapidan",4,1,0
04/07/2020,51115,Mathews,"Three Rivers",2,0,0
04/07/2020,51117,Mecklenburg,Southside,12,2,0
04/07/2020,51119,Middlesex,"Three Rivers",0,0,0
04/07/2020,51121,Montgomery,"New River",16,2,0
04/07/2020,51125,Nelson,"Thomas Jefferson",2,0,0
04/07/2020,51127,"New Kent",Chickahominy,12,1,0
04/07/2020,51131,Northampton,"Eastern Shore",2,1,0
04/07/2020,51133,Northumberland,"Three Rivers",3,0,0
04/07/2020,51135,Nottoway,Piedmont,3,0,0
04/07/2020,51137,Orange,"Rappahannock Rapidan",7,1,0
04/07/2020,51139,Page,"Lord Fairfax",3,0,0
04/07/2020,51141,Patrick,"West Piedmont",0,0,0
04/07/2020,51143,Pittsylvania,Pittsylvania-Danville,3,2,1
04/07/2020,51145,Powhatan,Chesterfield,4,0,0
04/07/2020,51147,"Prince Edward",Piedmont,3,0,0
04/07/2020,51149,"Prince George",Crater,21,1,0
04/07/2020,51153,"Prince William","Prince William",236,34,4
04/07/2020,51155,Pulaski,"New River",2,0,0
04/07/2020,51157,Rappahannock,"Rappahannock Rapidan",1,0,0
04/07/2020,51159,"Richmond County","Three Rivers",2,0,0
04/07/2020,51161,"Roanoke County",Alleghany,8,0,0
04/07/2020,51163,Rockbridge,"Central Shenandoah",3,0,0
04/07/2020,51165,Rockingham,"Central Shenandoah",16,2,0
04/07/2020,51167,Russell,"Cumberland Plateau",1,1,0
04/07/2020,51169,Scott,Lenowisco,0,0,0
04/07/2020,51171,Shenandoah,"Lord Fairfax",12,4,0
04/07/2020,51173,Smyth,"Mount Rogers",3,2,0
04/07/2020,51175,Southampton,"Western Tidewater",5,2,1
04/07/2020,51177,Spotsylvania,Rappahannock,29,5,1
04/07/2020,51179,Stafford,Rappahannock,49,6,0
04/07/2020,51181,Surry,Crater,3,0,0
04/07/2020,51183,Sussex,Crater,5,0,0
04/07/2020,51185,Tazewell,"Cumberland Plateau",4,0,0
04/07/2020,51187,Warren,"Lord Fairfax",6,1,0
04/07/2020,51191,Washington,"Mount Rogers",10,4,0
04/07/2020,51193,Westmoreland,"Three Rivers",3,0,0
04/07/2020,51195,Wise,Lenowisco,3,1,0
04/07/2020,51197,Wythe,"Mount Rogers",3,1,1
04/07/2020,51199,York,Peninsula,25,6,1
04/07/2020,51510,Alexandria,Alexandria,126,6,0
04/07/2020,51520,Bristol,"Mount Rogers",1,0,0
04/07/2020,51530,"Buena Vista City","Central Shenandoah",4,0,0
04/07/2020,51540,Charlottesville,"Thomas Jefferson",23,6,0
04/07/2020,51550,Chesapeake,Chesapeake,80,15,1
04/07/2020,51570,"Colonial Heights",Chesterfield,0,0,0
04/07/2020,51580,Covington,Alleghany,1,0,0
04/07/2020,51590,Danville,Pittsylvania-Danville,15,7,0
04/07/2020,51595,Emporia,Crater,2,1,0
04/07/2020,51600,"Fairfax City",Fairfax,0,0,0
04/07/2020,51610,"Falls Church",Fairfax,0,0,0
04/07/2020,51620,"Franklin City","Western Tidewater",4,0,0
04/07/2020,51630,Fredericksburg,Rappahannock,8,2,0
04/07/2020,51640,Galax,"Mount Rogers",1,1,0
04/07/2020,51650,Hampton,Hampton,43,16,1
04/07/2020,51660,Harrisonburg,"Central Shenandoah",27,4,0
04/07/2020,51670,Hopewell,Crater,13,3,0
04/07/2020,51678,Lexington,"Central Shenandoah",3,0,0
04/07/2020,51680,Lynchburg,"Central Virginia",20,1,0
04/07/2020,51683,"Manassas City","Prince William",20,2,0
04/07/2020,51685,"Manassas Park","Prince William",4,1,0
04/07/2020,51690,Martinsville,"West Piedmont",0,0,0
04/07/2020,51700,"Newport News",Peninsula,57,19,2
04/07/2020,51710,Norfolk,Norfolk,72,16,1
04/07/2020,51720,Norton,Lenowisco,0,0,0
04/07/2020,51730,Petersburg,Crater,10,0,0
04/07/2020,51735,Poquoson,Peninsula,4,1,0
04/07/2020,51740,Portsmouth,Portsmouth,36,12,1
04/07/2020,51750,Radford,"New River",1,0,0
04/07/2020,51760,"Richmond City",Richmond,110,8,3
04/07/2020,51770,"Roanoke City",Roanoke,12,1,0
04/07/2020,51775,Salem,Alleghany,1,0,0
04/07/2020,51790,Staunton,"Central Shenandoah",1,0,0
04/07/2020,51800,Suffolk,"Western Tidewater",30,11,0
04/07/2020,51810,"Virginia Beach","Virginia Beach",200,24,3
04/07/2020,51820,Waynesboro,"Central Shenandoah",2,0,0
04/07/2020,51830,Williamsburg,Peninsula,14,5,1
04/07/2020,51840,Winchester,"Lord Fairfax",14,0,0
04/08/2020,51001,Accomack,"Eastern Shore",11,6,0
04/08/2020,51003,Albemarle,"Thomas Jefferson",41,5,2
04/08/2020,51005,Alleghany,Alleghany,2,2,0
04/08/2020,51007,Amelia,Piedmont,8,5,1
04/08/2020,51009,Amherst,"Central Virginia",8,1,0
04/08/2020,51011,Appomattox,"Central Virginia",3,0,0
04/08/2020,51013,Arlington,Arlington,254,13,5
04/08/2020,51015,Augusta,"Central Shenandoah",13,0,0
04/08/2020,51017,Bath,"Central Shenandoah",0,0,0
04/08/2020,51019,Bedford,"Central Virginia",12,0,0
04/08/2020,51021,Bland,"Mount Rogers",0,0,0
04/08/2020,51023,Botetourt,Alleghany,18,6,2
04/08/2020,51025,Brunswick,Southside,1,1,0
04/08/2020,51027,Buchanan,"Cumberland Plateau",1,0,0
04/08/2020,51029,Buckingham,Piedmont,9,0,0
04/08/2020,51031,Campbell,"Central Virginia",4,0,0
04/08/2020,51033,Caroline,Rappahannock,4,1,0
04/08/2020,51035,Carroll,"Mount Rogers",2,1,0
04/08/2020,51036,"Charles City",Chickahominy,5,1,0
04/08/2020,51037,Charlotte,Piedmont,1,0,0
04/08/2020,51041,Chesterfield,Chesterfield,145,18,2
04/08/2020,51043,Clarke,"Lord Fairfax",3,1,0
04/08/2020,51045,Craig,Alleghany,2,0,0
04/08/2020,51047,Culpeper,"Rappahannock Rapidan",10,5,1
04/08/2020,51049,Cumberland,Piedmont,6,0,0
04/08/2020,51051,Dickenson,"Cumberland Plateau",0,0,0
04/08/2020,51053,Dinwiddie,Crater,2,0,0
04/08/2020,51057,Essex,"Three Rivers",0,0,0
04/08/2020,51059,Fairfax,Fairfax,570,151,9
04/08/2020,51061,Fauquier,"Rappahannock Rapidan",17,3,0
04/08/2020,51063,Floyd,"New River",0,0,0
04/08/2020,51065,Fluvanna,"Thomas Jefferson",12,2,0
04/08/2020,51067,"Franklin County","West Piedmont",12,0,0
04/08/2020,51069,Frederick,"Lord Fairfax",46,2,0
04/08/2020,51071,Giles,"New River",2,0,0
04/08/2020,51073,Gloucester,"Three Rivers",16,0,0
04/08/2020,51075,Goochland,Chickahominy,24,3,0
04/08/2020,51077,Grayson,"Mount Rogers",0,0,0
04/08/2020,51079,Greene,"Thomas Jefferson",4,0,0
04/08/2020,51081,Greensville,Crater,5,0,0
04/08/2020,51083,Halifax,Southside,2,1,0
04/08/2020,51085,Hanover,Chickahominy,22,5,0
04/08/2020,51087,Henrico,Henrico,291,22,15
04/08/2020,51089,Henry,"West Piedmont",4,0,0
04/08/2020,51091,Highland,"Central Shenandoah",0,0,0
04/08/2020,51093,"Isle of Wight","Western Tidewater",23,6,1
04/08/2020,51095,"James City",Peninsula,122,40,6
04/08/2020,51097,"King and Queen","Three Rivers",1,0,0
04/08/2020,51099,"King George",Rappahannock,11,3,0
04/08/2020,51101,"King William","Three Rivers",2,0,0
04/08/2020,51103,Lancaster,"Three Rivers",1,0,0
04/08/2020,51105,Lee,Lenowisco,3,0,0
04/08/2020,51107,Loudoun,Loudoun,238,32,4
04/08/2020,51109,Louisa,"Thomas Jefferson",16,5,0
04/08/2020,51111,Lunenburg,Piedmont,2,0,0
04/08/2020,51113,Madison,"Rappahannock Rapidan",5,1,0
04/08/2020,51115,Mathews,"Three Rivers",2,0,0
04/08/2020,51117,Mecklenburg,Southside,16,5,0
04/08/2020,51119,Middlesex,"Three Rivers",0,0,0
04/08/2020,51121,Montgomery,"New River",16,2,0
04/08/2020,51125,Nelson,"Thomas Jefferson",3,0,0
04/08/2020,51127,"New Kent",Chickahominy,11,1,0
04/08/2020,51131,Northampton,"Eastern Shore",2,1,0
04/08/2020,51133,Northumberland,"Three Rivers",3,0,0
04/08/2020,51135,Nottoway,Piedmont,3,0,0
04/08/2020,51137,Orange,"Rappahannock Rapidan",7,1,0
04/08/2020,51139,Page,"Lord Fairfax",3,0,0
04/08/2020,51141,Patrick,"West Piedmont",0,0,0
04/08/2020,51143,Pittsylvania,Pittsylvania-Danville,3,2,1
04/08/2020,51145,Powhatan,Chesterfield,4,0,0
04/08/2020,51147,"Prince Edward",Piedmont,3,0,0
04/08/2020,51149,"Prince George",Crater,24,1,0
04/08/2020,51153,"Prince William","Prince William",263,36,5
04/08/2020,51155,Pulaski,"New River",2,0,0
04/08/2020,51157,Rappahannock,"Rappahannock Rapidan",1,0,0
04/08/2020,51159,"Richmond County","Three Rivers",2,0,0
04/08/2020,51161,"Roanoke County",Alleghany,9,0,0
04/08/2020,51163,Rockbridge,"Central Shenandoah",3,0,0
04/08/2020,51165,Rockingham,"Central Shenandoah",20,2,0
04/08/2020,51167,Russell,"Cumberland Plateau",1,1,0
04/08/2020,51169,Scott,Lenowisco,0,0,0
04/08/2020,51171,Shenandoah,"Lord Fairfax",13,4,0
04/08/2020,51173,Smyth,"Mount Rogers",5,1,0
04/08/2020,51175,Southampton,"Western Tidewater",5,2,1
04/08/2020,51177,Spotsylvania,Rappahannock,31,7,2
04/08/2020,51179,Stafford,Rappahannock,48,11,0
04/08/2020,51181,Surry,Crater,3,0,0
04/08/2020,51183,Sussex,Crater,6,0,0
04/08/2020,51185,Tazewell,"Cumberland Plateau",4,0,0
04/08/2020,51187,Warren,"Lord Fairfax",8,1,0
04/08/2020,51191,Washington,"Mount Rogers",12,5,1
04/08/2020,51193,Westmoreland,"Three Rivers",5,0,0
04/08/2020,51195,Wise,Lenowisco,4,1,0
04/08/2020,51197,Wythe,"Mount Rogers",6,1,1
04/08/2020,51199,York,Peninsula,25,6,1
04/08/2020,51510,Alexandria,Alexandria,143,6,0
04/08/2020,51520,Bristol,"Mount Rogers",1,0,0
04/08/2020,51530,"Buena Vista City","Central Shenandoah",4,0,0
04/08/2020,51540,Charlottesville,"Thomas Jefferson",23,6,0
04/08/2020,51550,Chesapeake,Chesapeake,99,23,1
04/08/2020,51570,"Colonial Heights",Chesterfield,1,0,0
04/08/2020,51580,Covington,Alleghany,1,0,0
04/08/2020,51590,Danville,Pittsylvania-Danville,15,9,0
04/08/2020,51595,Emporia,Crater,4,1,0
04/08/2020,51600,"Fairfax City",Fairfax,0,0,0
04/08/2020,51610,"Falls Church",Fairfax,0,0,0
04/08/2020,51620,"Franklin City","Western Tidewater",5,0,0
04/08/2020,51630,Fredericksburg,Rappahannock,8,3,0
04/08/2020,51640,Galax,"Mount Rogers",1,1,0
04/08/2020,51650,Hampton,Hampton,53,16,1
04/08/2020,51660,Harrisonburg,"Central Shenandoah",36,4,0
04/08/2020,51670,Hopewell,Crater,13,3,0
04/08/2020,51678,Lexington,"Central Shenandoah",3,0,0
04/08/2020,51680,Lynchburg,"Central Virginia",20,2,0
04/08/2020,51683,"Manassas City","Prince William",20,2,0
04/08/2020,51685,"Manassas Park","Prince William",5,2,0
04/08/2020,51690,Martinsville,"West Piedmont",0,0,0
04/08/2020,51700,"Newport News",Peninsula,60,19,2
04/08/2020,51710,Norfolk,Norfolk,77,16,1
04/08/2020,51720,Norton,Lenowisco,0,0,0
04/08/2020,51730,Petersburg,Crater,9,0,0
04/08/2020,51735,Poquoson,Peninsula,4,1,0
04/08/2020,51740,Portsmouth,Portsmouth,41,13,1
04/08/2020,51750,Radford,"New River",1,0,0
04/08/2020,51760,"Richmond City",Richmond,119,9,5
04/08/2020,51770,"Roanoke City",Roanoke,14,1,0
04/08/2020,51775,Salem,Alleghany,1,0,0
04/08/2020,51790,Staunton,"Central Shenandoah",1,0,0
04/08/2020,51800,Suffolk,"Western Tidewater",31,11,0
04/08/2020,51810,"Virginia Beach","Virginia Beach",207,28,3
04/08/2020,51820,Waynesboro,"Central Shenandoah",2,0,0
04/08/2020,51830,Williamsburg,Peninsula,16,6,1
04/08/2020,51840,Winchester,"Lord Fairfax",15,0,0
04/09/2020,51001,Accomack,"Eastern Shore",11,6,0
04/09/2020,51003,Albemarle,"Thomas Jefferson",43,7,2
04/09/2020,51005,Alleghany,Alleghany,2,2,0
04/09/2020,51007,Amelia,Piedmont,8,5,1
04/09/2020,51009,Amherst,"Central Virginia",9,1,0
04/09/2020,51011,Appomattox,"Central Virginia",4,0,0
04/09/2020,51013,Arlington,Arlington,280,22,7
04/09/2020,51015,Augusta,"Central Shenandoah",13,0,0
04/09/2020,51017,Bath,"Central Shenandoah",0,0,0
04/09/2020,51019,Bedford,"Central Virginia",12,0,0
04/09/2020,51021,Bland,"Mount Rogers",0,0,0
04/09/2020,51023,Botetourt,Alleghany,18,6,2
04/09/2020,51025,Brunswick,Southside,1,1,0
04/09/2020,51027,Buchanan,"Cumberland Plateau",1,0,0
04/09/2020,51029,Buckingham,Piedmont,9,1,0
04/09/2020,51031,Campbell,"Central Virginia",4,0,0
04/09/2020,51033,Caroline,Rappahannock,4,1,0
04/09/2020,51035,Carroll,"Mount Rogers",3,1,0
04/09/2020,51036,"Charles City",Chickahominy,5,1,0
04/09/2020,51037,Charlotte,Piedmont,1,0,0
04/09/2020,51041,Chesterfield,Chesterfield,158,22,5
04/09/2020,51043,Clarke,"Lord Fairfax",3,1,0
04/09/2020,51045,Craig,Alleghany,2,0,0
04/09/2020,51047,Culpeper,"Rappahannock Rapidan",13,5,1
04/09/2020,51049,Cumberland,Piedmont,6,1,0
04/09/2020,51051,Dickenson,"Cumberland Plateau",0,0,0
04/09/2020,51053,Dinwiddie,Crater,2,0,0
04/09/2020,51057,Essex,"Three Rivers",0,0,0
04/09/2020,51059,Fairfax,Fairfax,690,166,16
04/09/2020,51061,Fauquier,"Rappahannock Rapidan",20,3,1
04/09/2020,51063,Floyd,"New River",1,0,0
04/09/2020,51065,Fluvanna,"Thomas Jefferson",16,3,0
04/09/2020,51067,"Franklin County","West Piedmont",13,0,0
04/09/2020,51069,Frederick,"Lord Fairfax",54,2,0
04/09/2020,51071,Giles,"New River",2,0,0
04/09/2020,51073,Gloucester,"Three Rivers",16,0,0
04/09/2020,51075,Goochland,Chickahominy,24,3,0
04/09/2020,51077,Grayson,"Mount Rogers",0,0,0
04/09/2020,51079,Greene,"Thomas Jefferson",4,0,0
04/09/2020,51081,Greensville,Crater,6,0,0
04/09/2020,51083,Halifax,Southside,4,1,0
04/09/2020,51085,Hanover,Chickahominy,29,5,0
04/09/2020,51087,Henrico,Henrico,319,22,30
04/09/2020,51089,Henry,"West Piedmont",5,0,0
04/09/2020,51091,Highland,"Central Shenandoah",0,0,0
04/09/2020,51093,"Isle of Wight","Western Tidewater",24,6,1
04/09/2020,51095,"James City",Peninsula,123,44,7
04/09/2020,51097,"King and Queen","Three Rivers",2,0,0
04/09/2020,51099,"King George",Rappahannock,13,4,0
04/09/2020,51101,"King William","Three Rivers",2,0,0
04/09/2020,51103,Lancaster,"Three Rivers",1,0,0
04/09/2020,51105,Lee,Lenowisco,3,0,0
04/09/2020,51107,Loudoun,Loudoun,258,35,5
04/09/2020,51109,Louisa,"Thomas Jefferson",17,5,0
04/09/2020,51111,Lunenburg,Piedmont,2,0,0
04/09/2020,51113,Madison,"Rappahannock Rapidan",5,1,0
04/09/2020,51115,Mathews,"Three Rivers",2,0,0
04/09/2020,51117,Mecklenburg,Southside,25,5,0
04/09/2020,51119,Middlesex,"Three Rivers",2,0,0
04/09/2020,51121,Montgomery,"New River",17,3,0
04/09/2020,51125,Nelson,"Thomas Jefferson",3,0,0
04/09/2020,51127,"New Kent",Chickahominy,11,1,0
04/09/2020,51131,Northampton,"Eastern Shore",2,1,0
04/09/2020,51133,Northumberland,"Three Rivers",3,0,0
04/09/2020,51135,Nottoway,Piedmont,3,0,0
04/09/2020,51137,Orange,"Rappahannock Rapidan",9,1,0
04/09/2020,51139,Page,"Lord Fairfax",5,0,0
04/09/2020,51141,Patrick,"West Piedmont",0,0,0
04/09/2020,51143,Pittsylvania,Pittsylvania-Danville,4,2,1
04/09/2020,51145,Powhatan,Chesterfield,4,0,0
04/09/2020,51147,"Prince Edward",Piedmont,3,0,0
04/09/2020,51149,"Prince George",Crater,25,1,0
04/09/2020,51153,"Prince William","Prince William",299,40,5
04/09/2020,51155,Pulaski,"New River",3,1,0
04/09/2020,51157,Rappahannock,"Rappahannock Rapidan",1,0,0
04/09/2020,51159,"Richmond County","Three Rivers",3,0,0
04/09/2020,51161,"Roanoke County",Alleghany,9,0,0
04/09/2020,51163,Rockbridge,"Central Shenandoah",3,0,0
04/09/2020,51165,Rockingham,"Central Shenandoah",21,2,0
04/09/2020,51167,Russell,"Cumberland Plateau",1,1,0
04/09/2020,51169,Scott,Lenowisco,0,0,0
04/09/2020,51171,Shenandoah,"Lord Fairfax",15,4,0
04/09/2020,51173,Smyth,"Mount Rogers",8,1,0
04/09/2020,51175,Southampton,"Western Tidewater",5,2,1
04/09/2020,51177,Spotsylvania,Rappahannock,36,8,2
04/09/2020,51179,Stafford,Rappahannock,54,13,0
04/09/2020,51181,Surry,Crater,3,0,0
04/09/2020,51183,Sussex,Crater,6,0,0
04/09/2020,51185,Tazewell,"Cumberland Plateau",4,0,0
04/09/2020,51187,Warren,"Lord Fairfax",9,1,0
04/09/2020,51191,Washington,"Mount Rogers",15,5,1
04/09/2020,51193,Westmoreland,"Three Rivers",5,0,0
04/09/2020,51195,Wise,Lenowisco,5,1,0
04/09/2020,51197,Wythe,"Mount Rogers",6,1,1
04/09/2020,51199,York,Peninsula,25,6,1
04/09/2020,51510,Alexandria,Alexandria,149,7,1
04/09/2020,51520,Bristol,"Mount Rogers",1,0,0
04/09/2020,51530,"Buena Vista City","Central Shenandoah",4,0,0
04/09/2020,51540,Charlottesville,"Thomas Jefferson",27,6,0
04/09/2020,51550,Chesapeake,Chesapeake,101,26,1
04/09/2020,51570,"Colonial Heights",Chesterfield,2,0,1
04/09/2020,51580,Covington,Alleghany,1,0,0
04/09/2020,51590,Danville,Pittsylvania-Danville,19,11,0
04/09/2020,51595,Emporia,Crater,5,1,0
04/09/2020,51600,"Fairfax City",Fairfax,0,0,0
04/09/2020,51610,"Falls Church",Fairfax,0,0,0
04/09/2020,51620,"Franklin City","Western Tidewater",6,0,0
04/09/2020,51630,Fredericksburg,Rappahannock,10,3,0
04/09/2020,51640,Galax,"Mount Rogers",1,1,0
04/09/2020,51650,Hampton,Hampton,53,16,1
04/09/2020,51660,Harrisonburg,"Central Shenandoah",39,4,0
04/09/2020,51670,Hopewell,Crater,13,3,0
04/09/2020,51678,Lexington,"Central Shenandoah",3,0,0
04/09/2020,51680,Lynchburg,"Central Virginia",21,3,1
04/09/2020,51683,"Manassas City","Prince William",25,4,0
04/09/2020,51685,"Manassas Park","Prince William",5,2,0
04/09/2020,51690,Martinsville,"West Piedmont",0,0,0
04/09/2020,51700,"Newport News",Peninsula,64,23,2
04/09/2020,51710,Norfolk,Norfolk,84,17,1
04/09/2020,51720,Norton,Lenowisco,0,0,0
04/09/2020,51730,Petersburg,Crater,12,1,0
04/09/2020,51735,Poquoson,Peninsula,5,1,0
04/09/2020,51740,Portsmouth,Portsmouth,44,17,2
04/09/2020,51750,Radford,"New River",1,0,0
04/09/2020,51760,"Richmond City",Richmond,126,9,4
04/09/2020,51770,"Roanoke City",Roanoke,15,1,0
04/09/2020,51775,Salem,Alleghany,1,0,0
04/09/2020,51790,Staunton,"Central Shenandoah",1,0,0
04/09/2020,51800,Suffolk,"Western Tidewater",31,11,0
04/09/2020,51810,"Virginia Beach","Virginia Beach",219,29,4
04/09/2020,51820,Waynesboro,"Central Shenandoah",3,0,0
04/09/2020,51830,Williamsburg,Peninsula,16,6,1
04/09/2020,51840,Winchester,"Lord Fairfax",16,0,0
04/10/2020,51001,Accomack,"Eastern Shore",12,6,1
04/10/2020,51003,Albemarle,"Thomas Jefferson",43,7,2
04/10/2020,51005,Alleghany,Alleghany,2,2,0
04/10/2020,51007,Amelia,Piedmont,9,5,1
04/10/2020,51009,Amherst,"Central Virginia",9,1,0
04/10/2020,51011,Appomattox,"Central Virginia",5,0,0
04/10/2020,51013,Arlington,Arlington,312,25,10
04/10/2020,51015,Augusta,"Central Shenandoah",15,0,0
04/10/2020,51017,Bath,"Central Shenandoah",0,0,0
04/10/2020,51019,Bedford,"Central Virginia",15,1,0
04/10/2020,51021,Bland,"Mount Rogers",0,0,0
04/10/2020,51023,Botetourt,Alleghany,21,6,2
04/10/2020,51025,Brunswick,Southside,2,2,0
04/10/2020,51027,Buchanan,"Cumberland Plateau",1,0,0
04/10/2020,51029,Buckingham,Piedmont,10,2,0
04/10/2020,51031,Campbell,"Central Virginia",7,0,0
04/10/2020,51033,Caroline,Rappahannock,6,1,0
04/10/2020,51035,Carroll,"Mount Rogers",3,1,0
04/10/2020,51036,"Charles City",Chickahominy,7,1,0
04/10/2020,51037,Charlotte,Piedmont,2,0,0
04/10/2020,51041,Chesterfield,Chesterfield,179,22,5
04/10/2020,51043,Clarke,"Lord Fairfax",3,1,0
04/10/2020,51045,Craig,Alleghany,2,0,0
04/10/2020,51047,Culpeper,"Rappahannock Rapidan",14,5,1
04/10/2020,51049,Cumberland,Piedmont,8,1,0
04/10/2020,51051,Dickenson,"Cumberland Plateau",0,0,0
04/10/2020,51053,Dinwiddie,Crater,3,1,0
04/10/2020,51057,Essex,"Three Rivers",0,0,0
04/10/2020,51059,Fairfax,Fairfax,777,197,19
04/10/2020,51061,Fauquier,"Rappahannock Rapidan",23,3,1
04/10/2020,51063,Floyd,"New River",0,0,0
04/10/2020,51065,Fluvanna,"Thomas Jefferson",15,3,0
04/10/2020,51067,"Franklin County","West Piedmont",13,0,0
04/10/2020,51069,Frederick,"Lord Fairfax",62,3,0
04/10/2020,51071,Giles,"New River",2,0,0
04/10/2020,51073,Gloucester,"Three Rivers",18,0,0
04/10/2020,51075,Goochland,Chickahominy,26,4,2
04/10/2020,51077,Grayson,"Mount Rogers",0,0,0
04/10/2020,51079,Greene,"Thomas Jefferson",4,0,0
04/10/2020,51081,Greensville,Crater,7,0,0
04/10/2020,51083,Halifax,Southside,5,1,0
04/10/2020,51085,Hanover,Chickahominy,31,5,0
04/10/2020,51087,Henrico,Henrico,342,25,30
04/10/2020,51089,Henry,"West Piedmont",5,0,0
04/10/2020,51091,Highland,"Central Shenandoah",0,0,0
04/10/2020,51093,"Isle of Wight","Western Tidewater",24,6,1
04/10/2020,51095,"James City",Peninsula,125,44,7
04/10/2020,51097,"King and Queen","Three Rivers",2,0,0
04/10/2020,51099,"King George",Rappahannock,14,4,0
04/10/2020,51101,"King William","Three Rivers",2,0,0
04/10/2020,51103,Lancaster,"Three Rivers",1,0,0
04/10/2020,51105,Lee,Lenowisco,3,1,0
04/10/2020,51107,Loudoun,Loudoun,274,34,5
04/10/2020,51109,Louisa,"Thomas Jefferson",20,6,0
04/10/2020,51111,Lunenburg,Piedmont,2,0,0
04/10/2020,51113,Madison,"Rappahannock Rapidan",5,1,0
04/10/2020,51115,Mathews,"Three Rivers",2,0,0
04/10/2020,51117,Mecklenburg,Southside,48,5,0
04/10/2020,51119,Middlesex,"Three Rivers",3,0,0
04/10/2020,51121,Montgomery,"New River",18,4,0
04/10/2020,51125,Nelson,"Thomas Jefferson",4,0,0
04/10/2020,51127,"New Kent",Chickahominy,13,1,1
04/10/2020,51131,Northampton,"Eastern Shore",4,1,0
04/10/2020,51133,Northumberland,"Three Rivers",3,0,0
04/10/2020,51135,Nottoway,Piedmont,3,0,0
04/10/2020,51137,Orange,"Rappahannock Rapidan",14,1,0
04/10/2020,51139,Page,"Lord Fairfax",5,0,0
04/10/2020,51141,Patrick,"West Piedmont",0,0,0
04/10/2020,51143,Pittsylvania,Pittsylvania-Danville,4,3,1
04/10/2020,51145,Powhatan,Chesterfield,4,0,0
04/10/2020,51147,"Prince Edward",Piedmont,5,0,0
04/10/2020,51149,"Prince George",Crater,26,1,0
04/10/2020,51153,"Prince William","Prince William",337,43,5
04/10/2020,51155,Pulaski,"New River",4,1,0
04/10/2020,51157,Rappahannock,"Rappahannock Rapidan",1,0,0
04/10/2020,51159,"Richmond County","Three Rivers",5,0,0
04/10/2020,51161,"Roanoke County",Alleghany,13,0,0
04/10/2020,51163,Rockbridge,"Central Shenandoah",3,0,0
04/10/2020,51165,Rockingham,"Central Shenandoah",31,2,0
04/10/2020,51167,Russell,"Cumberland Plateau",1,1,0
04/10/2020,51169,Scott,Lenowisco,3,1,0
04/10/2020,51171,Shenandoah,"Lord Fairfax",15,4,0
04/10/2020,51173,Smyth,"Mount Rogers",9,1,0
04/10/2020,51175,Southampton,"Western Tidewater",5,2,1
04/10/2020,51177,Spotsylvania,Rappahannock,43,9,2
04/10/2020,51179,Stafford,Rappahannock,60,14,0
04/10/2020,51181,Surry,Crater,3,0,0
04/10/2020,51183,Sussex,Crater,8,0,0
04/10/2020,51185,Tazewell,"Cumberland Plateau",4,0,0
04/10/2020,51187,Warren,"Lord Fairfax",10,1,0
04/10/2020,51191,Washington,"Mount Rogers",17,5,1
04/10/2020,51193,Westmoreland,"Three Rivers",8,0,0
04/10/2020,51195,Wise,Lenowisco,8,3,0
04/10/2020,51197,Wythe,"Mount Rogers",7,1,2
04/10/2020,51199,York,Peninsula,25,6,1
04/10/2020,51510,Alexandria,Alexandria,174,16,1
04/10/2020,51520,Bristol,"Mount Rogers",1,0,0
04/10/2020,51530,"Buena Vista City","Central Shenandoah",4,0,0
04/10/2020,51540,Charlottesville,"Thomas Jefferson",28,6,0
04/10/2020,51550,Chesapeake,Chesapeake,109,27,2
04/10/2020,51570,"Colonial Heights",Chesterfield,4,0,1
04/10/2020,51580,Covington,Alleghany,1,0,0
04/10/2020,51590,Danville,Pittsylvania-Danville,20,12,0
04/10/2020,51595,Emporia,Crater,5,1,0
04/10/2020,51600,"Fairfax City",Fairfax,1,0,0
04/10/2020,51610,"Falls Church",Fairfax,0,0,0
04/10/2020,51620,"Franklin City","Western Tidewater",6,0,0
04/10/2020,51630,Fredericksburg,Rappahannock,10,3,0
04/10/2020,51640,Galax,"Mount Rogers",1,1,0
04/10/2020,51650,Hampton,Hampton,62,17,1
04/10/2020,51660,Harrisonburg,"Central Shenandoah",57,5,0
04/10/2020,51670,Hopewell,Crater,14,3,0
04/10/2020,51678,Lexington,"Central Shenandoah",3,0,0
04/10/2020,51680,Lynchburg,"Central Virginia",27,4,1
04/10/2020,51683,"Manassas City","Prince William",29,5,0
04/10/2020,51685,"Manassas Park","Prince William",7,2,0
04/10/2020,51690,Martinsville,"West Piedmont",0,0,0
04/10/2020,51700,"Newport News",Peninsula,68,23,2
04/10/2020,51710,Norfolk,Norfolk,88,18,1
04/10/2020,51720,Norton,Lenowisco,0,0,0
04/10/2020,51730,Petersburg,Crater,13,1,0
04/10/2020,51735,Poquoson,Peninsula,6,2,0
04/10/2020,51740,Portsmouth,Portsmouth,48,18,2
04/10/2020,51750,Radford,"New River",1,0,0
04/10/2020,51760,"Richmond City",Richmond,139,14,4
04/10/2020,51770,"Roanoke City",Roanoke,16,1,0
04/10/2020,51775,Salem,Alleghany,1,0,0
04/10/2020,51790,Staunton,"Central Shenandoah",1,0,0
04/10/2020,51800,Suffolk,"Western Tidewater",35,11,0
04/10/2020,51810,"Virginia Beach","Virginia Beach",224,39,4
04/10/2020,51820,Waynesboro,"Central Shenandoah",5,0,0
04/10/2020,51830,Williamsburg,Peninsula,17,6,1
04/10/2020,51840,Winchester,"Lord Fairfax",16,0,0
04/11/2020,51001,Accomack,"Eastern Shore",15,8,1
04/11/2020,51003,Albemarle,"Thomas Jefferson",46,8,2
04/11/2020,51005,Alleghany,Alleghany,4,3,0
04/11/2020,51007,Amelia,Piedmont,9,5,1
04/11/2020,51009,Amherst,"Central Virginia",10,1,0
04/11/2020,51011,Appomattox,"Central Virginia",7,0,0
04/11/2020,51013,Arlington,Arlington,349,33,10
04/11/2020,51015,Augusta,"Central Shenandoah",17,1,0
04/11/2020,51017,Bath,"Central Shenandoah",0,0,0
04/11/2020,51019,Bedford,"Central Virginia",15,1,0
04/11/2020,51021,Bland,"Mount Rogers",0,0,0
04/11/2020,51023,Botetourt,Alleghany,22,6,2
04/11/2020,51025,Brunswick,Southside,3,2,0
04/11/2020,51027,Buchanan,"Cumberland Plateau",2,0,0
04/11/2020,51029,Buckingham,Piedmont,14,2,0
04/11/2020,51031,Campbell,"Central Virginia",9,0,0
04/11/2020,51033,Caroline,Rappahannock,6,1,0
04/11/2020,51035,Carroll,"Mount Rogers",3,1,0
04/11/2020,51036,"Charles City",Chickahominy,8,1,0
04/11/2020,51037,Charlotte,Piedmont,2,0,0
04/11/2020,51041,Chesterfield,Chesterfield,203,24,4
04/11/2020,51043,Clarke,"Lord Fairfax",3,1,0
04/11/2020,51045,Craig,Alleghany,2,0,0
04/11/2020,51047,Culpeper,"Rappahannock Rapidan",17,5,1
04/11/2020,51049,Cumberland,Piedmont,8,1,0
04/11/2020,51051,Dickenson,"Cumberland Plateau",0,0,0
04/11/2020,51053,Dinwiddie,Crater,6,1,0
04/11/2020,51057,Essex,"Three Rivers",0,0,0
04/11/2020,51059,Fairfax,Fairfax,946,199,20
04/11/2020,51061,Fauquier,"Rappahannock Rapidan",25,3,1
04/11/2020,51063,Floyd,"New River",1,0,0
04/11/2020,51065,Fluvanna,"Thomas Jefferson",19,3,0
04/11/2020,51067,"Franklin County","West Piedmont",14,0,0
04/11/2020,51069,Frederick,"Lord Fairfax",63,3,0
04/11/2020,51071,Giles,"New River",2,0,0
04/11/2020,51073,Gloucester,"Three Rivers",20,0,0
04/11/2020,51075,Goochland,Chickahominy,26,4,2
04/11/2020,51077,Grayson,"Mount Rogers",0,0,0
04/11/2020,51079,Greene,"Thomas Jefferson",4,0,0
04/11/2020,51081,Greensville,Crater,8,0,0
04/11/2020,51083,Halifax,Southside,7,1,0
04/11/2020,51085,Hanover,Chickahominy,38,6,0
04/11/2020,51087,Henrico,Henrico,368,28,33
04/11/2020,51089,Henry,"West Piedmont",8,1,0
04/11/2020,51091,Highland,"Central Shenandoah",0,0,0
04/11/2020,51093,"Isle of Wight","Western Tidewater",28,7,1
04/11/2020,51095,"James City",Peninsula,126,44,7
04/11/2020,51097,"King and Queen","Three Rivers",2,0,0
04/11/2020,51099,"King George",Rappahannock,13,5,0
04/11/2020,51101,"King William","Three Rivers",2,0,0
04/11/2020,51103,Lancaster,"Three Rivers",1,0,0
04/11/2020,51105,Lee,Lenowisco,6,1,0
04/11/2020,51107,Loudoun,Loudoun,296,35,5
04/11/2020,51109,Louisa,"Thomas Jefferson",25,7,0
04/11/2020,51111,Lunenburg,Piedmont,3,0,0
04/11/2020,51113,Madison,"Rappahannock Rapidan",6,1,0
04/11/2020,51115,Mathews,"Three Rivers",2,0,0
04/11/2020,51117,Mecklenburg,Southside,53,9,0
04/11/2020,51119,Middlesex,"Three Rivers",3,0,0
04/11/2020,51121,Montgomery,"New River",31,4,0
04/11/2020,51125,Nelson,"Thomas Jefferson",4,0,0
04/11/2020,51127,"New Kent",Chickahominy,12,1,1
04/11/2020,51131,Northampton,"Eastern Shore",4,1,0
04/11/2020,51133,Northumberland,"Three Rivers",4,0,0
04/11/2020,51135,Nottoway,Piedmont,4,0,0
04/11/2020,51137,Orange,"Rappahannock Rapidan",13,2,0
04/11/2020,51139,Page,"Lord Fairfax",6,0,0
04/11/2020,51141,Patrick,"West Piedmont",0,0,0
04/11/2020,51143,Pittsylvania,Pittsylvania-Danville,4,3,1
04/11/2020,51145,Powhatan,Chesterfield,5,0,0
04/11/2020,51147,"Prince Edward",Piedmont,8,1,0
04/11/2020,51149,"Prince George",Crater,26,1,0
04/11/2020,51153,"Prince William","Prince William",390,44,6
04/11/2020,51155,Pulaski,"New River",4,1,0
04/11/2020,51157,Rappahannock,"Rappahannock Rapidan",1,0,0
04/11/2020,51159,"Richmond County","Three Rivers",5,0,0
04/11/2020,51161,"Roanoke County",Alleghany,13,0,0
04/11/2020,51163,Rockbridge,"Central Shenandoah",3,0,0
04/11/2020,51165,Rockingham,"Central Shenandoah",44,4,1
04/11/2020,51167,Russell,"Cumberland Plateau",1,1,0
04/11/2020,51169,Scott,Lenowisco,3,1,0
04/11/2020,51171,Shenandoah,"Lord Fairfax",16,4,0
04/11/2020,51173,Smyth,"Mount Rogers",9,1,0
04/11/2020,51175,Southampton,"Western Tidewater",5,2,1
04/11/2020,51177,Spotsylvania,Rappahannock,47,13,2
04/11/2020,51179,Stafford,Rappahannock,67,14,0
04/11/2020,51181,Surry,Crater,3,0,0
04/11/2020,51183,Sussex,Crater,8,0,0
04/11/2020,51185,Tazewell,"Cumberland Plateau",4,0,0
04/11/2020,51187,Warren,"Lord Fairfax",15,2,0
04/11/2020,51191,Washington,"Mount Rogers",24,6,3
04/11/2020,51193,Westmoreland,"Three Rivers",8,0,0
04/11/2020,51195,Wise,Lenowisco,8,3,0
04/11/2020,51197,Wythe,"Mount Rogers",7,1,2
04/11/2020,51199,York,Peninsula,27,6,1
04/11/2020,51510,Alexandria,Alexandria,188,21,1
04/11/2020,51520,Bristol,"Mount Rogers",1,0,0
04/11/2020,51530,"Buena Vista City","Central Shenandoah",4,0,0
04/11/2020,51540,Charlottesville,"Thomas Jefferson",31,8,0
04/11/2020,51550,Chesapeake,Chesapeake,115,30,3
04/11/2020,51570,"Colonial Heights",Chesterfield,6,0,1
04/11/2020,51580,Covington,Alleghany,1,0,0
04/11/2020,51590,Danville,Pittsylvania-Danville,20,12,0
04/11/2020,51595,Emporia,Crater,7,1,0
04/11/2020,51600,"Fairfax City",Fairfax,1,0,0
04/11/2020,51610,"Falls Church",Fairfax,0,0,0
04/11/2020,51620,"Franklin City","Western Tidewater",6,0,0
04/11/2020,51630,Fredericksburg,Rappahannock,11,3,0
04/11/2020,51640,Galax,"Mount Rogers",1,1,0
04/11/2020,51650,Hampton,Hampton,64,18,1
04/11/2020,51660,Harrisonburg,"Central Shenandoah",79,7,0
04/11/2020,51670,Hopewell,Crater,14,3,0
04/11/2020,51678,Lexington,"Central Shenandoah",3,0,0
04/11/2020,51680,Lynchburg,"Central Virginia",31,4,1
04/11/2020,51683,"Manassas City","Prince William",34,5,0
04/11/2020,51685,"Manassas Park","Prince William",10,2,0
04/11/2020,51690,Martinsville,"West Piedmont",0,0,0
04/11/2020,51700,"Newport News",Peninsula,75,23,2
04/11/2020,51710,Norfolk,Norfolk,90,19,1
04/11/2020,51720,Norton,Lenowisco,0,0,0
04/11/2020,51730,Petersburg,Crater,17,1,0
04/11/2020,51735,Poquoson,Peninsula,6,2,0
04/11/2020,51740,Portsmouth,Portsmouth,49,18,2
04/11/2020,51750,Radford,"New River",1,0,0
04/11/2020,51760,"Richmond City",Richmond,148,18,5
04/11/2020,51770,"Roanoke City",Roanoke,17,1,0
04/11/2020,51775,Salem,Alleghany,1,0,0
04/11/2020,51790,Staunton,"Central Shenandoah",1,0,0
04/11/2020,51800,Suffolk,"Western Tidewater",40,11,0
04/11/2020,51810,"Virginia Beach","Virginia Beach",236,44,4
04/11/2020,51820,Waynesboro,"Central Shenandoah",5,1,0
04/11/2020,51830,Williamsburg,Peninsula,17,6,1
04/11/2020,51840,Winchester,"Lord Fairfax",19,0,0
04/12/2020,51001,Accomack,"Eastern Shore",15,9,1
04/12/2020,51003,Albemarle,"Thomas Jefferson",46,8,2
04/12/2020,51005,Alleghany,Alleghany,4,3,0
04/12/2020,51007,Amelia,Piedmont,9,5,1
04/12/2020,51009,Amherst,"Central Virginia",10,1,0
04/12/2020,51011,Appomattox,"Central Virginia",7,0,0
04/12/2020,51013,Arlington,Arlington,366,35,11
04/12/2020,51015,Augusta,"Central Shenandoah",17,1,0
04/12/2020,51017,Bath,"Central Shenandoah",0,0,0
04/12/2020,51019,Bedford,"Central Virginia",15,1,0
04/12/2020,51021,Bland,"Mount Rogers",0,0,0
04/12/2020,51023,Botetourt,Alleghany,23,7,2
04/12/2020,51025,Brunswick,Southside,3,2,0
04/12/2020,51027,Buchanan,"Cumberland Plateau",2,0,0
04/12/2020,51029,Buckingham,Piedmont,14,2,0
04/12/2020,51031,Campbell,"Central Virginia",9,0,0
04/12/2020,51033,Caroline,Rappahannock,6,1,0
04/12/2020,51035,Carroll,"Mount Rogers",3,1,0
04/12/2020,51036,"Charles City",Chickahominy,9,1,0
04/12/2020,51037,Charlotte,Piedmont,4,0,0
04/12/2020,51041,Chesterfield,Chesterfield,209,24,4
04/12/2020,51043,Clarke,"Lord Fairfax",3,1,0
04/12/2020,51045,Craig,Alleghany,2,0,0
04/12/2020,51047,Culpeper,"Rappahannock Rapidan",19,5,1
04/12/2020,51049,Cumberland,Piedmont,8,1,0
04/12/2020,51051,Dickenson,"Cumberland Plateau",0,0,0
04/12/2020,51053,Dinwiddie,Crater,6,1,0
04/12/2020,51057,Essex,"Three Rivers",0,0,0
04/12/2020,51059,Fairfax,Fairfax,1008,209,20
04/12/2020,51061,Fauquier,"Rappahannock Rapidan",25,3,1
04/12/2020,51063,Floyd,"New River",1,0,0
04/12/2020,51065,Fluvanna,"Thomas Jefferson",21,3,0
04/12/2020,51067,"Franklin County","West Piedmont",14,0,0
04/12/2020,51069,Frederick,"Lord Fairfax",65,3,0
04/12/2020,51071,Giles,"New River",3,0,0
04/12/2020,51073,Gloucester,"Three Rivers",20,0,0
04/12/2020,51075,Goochland,Chickahominy,32,4,2
04/12/2020,51077,Grayson,"Mount Rogers",0,0,0
04/12/2020,51079,Greene,"Thomas Jefferson",4,0,0
04/12/2020,51081,Greensville,Crater,8,3,3
04/12/2020,51083,Halifax,Southside,7,1,0
04/12/2020,51085,Hanover,Chickahominy,38,7,1
04/12/2020,51087,Henrico,Henrico,379,31,33
04/12/2020,51089,Henry,"West Piedmont",8,1,0
04/12/2020,51091,Highland,"Central Shenandoah",0,0,0
04/12/2020,51093,"Isle of Wight","Western Tidewater",31,8,1
04/12/2020,51095,"James City",Peninsula,126,44,7
04/12/2020,51097,"King and Queen","Three Rivers",2,0,0
04/12/2020,51099,"King George",Rappahannock,14,5,0
04/12/2020,51101,"King William","Three Rivers",2,0,0
04/12/2020,51103,Lancaster,"Three Rivers",1,0,0
04/12/2020,51105,Lee,Lenowisco,6,1,0
04/12/2020,51107,Loudoun,Loudoun,309,35,5
04/12/2020,51109,Louisa,"Thomas Jefferson",25,7,0
04/12/2020,51111,Lunenburg,Piedmont,3,0,0
04/12/2020,51113,Madison,"Rappahannock Rapidan",6,1,0
04/12/2020,51115,Mathews,"Three Rivers",2,0,0
04/12/2020,51117,Mecklenburg,Southside,55,9,1
04/12/2020,51119,Middlesex,"Three Rivers",3,0,0
04/12/2020,51121,Montgomery,"New River",32,5,0
04/12/2020,51125,Nelson,"Thomas Jefferson",5,0,0
04/12/2020,51127,"New Kent",Chickahominy,12,1,1
04/12/2020,51131,Northampton,"Eastern Shore",4,1,0
04/12/2020,51133,Northumberland,"Three Rivers",4,0,0
04/12/2020,51135,Nottoway,Piedmont,5,0,0
04/12/2020,51137,Orange,"Rappahannock Rapidan",13,2,0
04/12/2020,51139,Page,"Lord Fairfax",6,0,0
04/12/2020,51141,Patrick,"West Piedmont",0,0,0
04/12/2020,51143,Pittsylvania,Pittsylvania-Danville,4,3,1
04/12/2020,51145,Powhatan,Chesterfield,5,0,0
04/12/2020,51147,"Prince Edward",Piedmont,9,2,1
04/12/2020,51149,"Prince George",Crater,26,1,0
04/12/2020,51153,"Prince William","Prince William",389,43,6
04/12/2020,51155,Pulaski,"New River",4,1,0
04/12/2020,51157,Rappahannock,"Rappahannock Rapidan",1,0,0
04/12/2020,51159,"Richmond County","Three Rivers",5,0,0
04/12/2020,51161,"Roanoke County",Alleghany,14,0,0
04/12/2020,51163,Rockbridge,"Central Shenandoah",3,0,0
04/12/2020,51165,Rockingham,"Central Shenandoah",43,4,1
04/12/2020,51167,Russell,"Cumberland Plateau",1,1,0
04/12/2020,51169,Scott,Lenowisco,3,1,0
04/12/2020,51171,Shenandoah,"Lord Fairfax",17,4,0
04/12/2020,51173,Smyth,"Mount Rogers",9,1,0
04/12/2020,51175,Southampton,"Western Tidewater",5,2,1
04/12/2020,51177,Spotsylvania,Rappahannock,50,14,2
04/12/2020,51179,Stafford,Rappahannock,72,14,0
04/12/2020,51181,Surry,Crater,3,0,0
04/12/2020,51183,Sussex,Crater,8,0,0
04/12/2020,51185,Tazewell,"Cumberland Plateau",4,0,0
04/12/2020,51187,Warren,"Lord Fairfax",15,2,0
04/12/2020,51191,Washington,"Mount Rogers",24,6,3
04/12/2020,51193,Westmoreland,"Three Rivers",8,0,0
04/12/2020,51195,Wise,Lenowisco,8,3,0
04/12/2020,51197,Wythe,"Mount Rogers",7,1,2
04/12/2020,51199,York,Peninsula,29,6,1
04/12/2020,51510,Alexandria,Alexandria,198,22,1
04/12/2020,51520,Bristol,"Mount Rogers",1,0,0
04/12/2020,51530,"Buena Vista City","Central Shenandoah",4,0,0
04/12/2020,51540,Charlottesville,"Thomas Jefferson",31,8,0
04/12/2020,51550,Chesapeake,Chesapeake,121,30,3
04/12/2020,51570,"Colonial Heights",Chesterfield,6,0,1
04/12/2020,51580,Covington,Alleghany,1,0,0
04/12/2020,51590,Danville,Pittsylvania-Danville,20,12,0
04/12/2020,51595,Emporia,Crater,7,2,2
04/12/2020,51600,"Fairfax City",Fairfax,1,0,0
04/12/2020,51610,"Falls Church",Fairfax,2,0,0
04/12/2020,51620,"Franklin City","Western Tidewater",6,0,0
04/12/2020,51630,Fredericksburg,Rappahannock,12,3,0
04/12/2020,51640,Galax,"Mount Rogers",1,1,0
04/12/2020,51650,Hampton,Hampton,65,18,1
04/12/2020,51660,Harrisonburg,"Central Shenandoah",81,7,0
04/12/2020,51670,Hopewell,Crater,14,3,0
04/12/2020,51678,Lexington,"Central Shenandoah",3,0,0
04/12/2020,51680,Lynchburg,"Central Virginia",31,4,1
04/12/2020,51683,"Manassas City","Prince William",34,5,0
04/12/2020,51685,"Manassas Park","Prince William",10,2,0
04/12/2020,51690,Martinsville,"West Piedmont",0,0,0
04/12/2020,51700,"Newport News",Peninsula,78,24,2
04/12/2020,51710,Norfolk,Norfolk,90,20,1
04/12/2020,51720,Norton,Lenowisco,0,0,0
04/12/2020,51730,Petersburg,Crater,17,2,1
04/12/2020,51735,Poquoson,Peninsula,6,2,0
04/12/2020,51740,Portsmouth,Portsmouth,51,18,2
04/12/2020,51750,Radford,"New River",1,0,0
04/12/2020,51760,"Richmond City",Richmond,154,18,5
04/12/2020,51770,"Roanoke City",Roanoke,20,2,0
04/12/2020,51775,Salem,Alleghany,1,0,0
04/12/2020,51790,Staunton,"Central Shenandoah",1,0,0
04/12/2020,51800,Suffolk,"Western Tidewater",48,12,1
04/12/2020,51810,"Virginia Beach","Virginia Beach",243,48,4
04/12/2020,51820,Waynesboro,"Central Shenandoah",5,1,0
04/12/2020,51830,Williamsburg,Peninsula,17,6,1
04/12/2020,51840,Winchester,"Lord Fairfax",19,0,0
04/13/2020,51001,Accomack,"Eastern Shore",15,9,1
04/13/2020,51003,Albemarle,"Thomas Jefferson",49,9,3
04/13/2020,51005,Alleghany,Alleghany,4,3,0
04/13/2020,51007,Amelia,Piedmont,9,5,1
04/13/2020,51009,Amherst,"Central Virginia",10,1,0
04/13/2020,51011,Appomattox,"Central Virginia",7,0,0
04/13/2020,51013,Arlington,Arlington,390,35,11
04/13/2020,51015,Augusta,"Central Shenandoah",17,1,0
04/13/2020,51017,Bath,"Central Shenandoah",0,0,0
04/13/2020,51019,Bedford,"Central Virginia",16,1,0
04/13/2020,51021,Bland,"Mount Rogers",0,0,0
04/13/2020,51023,Botetourt,Alleghany,24,8,2
04/13/2020,51025,Brunswick,Southside,3,2,0
04/13/2020,51027,Buchanan,"Cumberland Plateau",2,0,0
04/13/2020,51029,Buckingham,Piedmont,16,2,0
04/13/2020,51031,Campbell,"Central Virginia",10,0,0
04/13/2020,51033,Caroline,Rappahannock,6,1,0
04/13/2020,51035,Carroll,"Mount Rogers",3,1,0
04/13/2020,51036,"Charles City",Chickahominy,9,1,0
04/13/2020,51037,Charlotte,Piedmont,4,0,0
04/13/2020,51041,Chesterfield,Chesterfield,211,24,4
04/13/2020,51043,Clarke,"Lord Fairfax",3,1,0
04/13/2020,51045,Craig,Alleghany,2,0,0
04/13/2020,51047,Culpeper,"Rappahannock Rapidan",20,6,1
04/13/2020,51049,Cumberland,Piedmont,8,1,0
04/13/2020,51051,Dickenson,"Cumberland Plateau",0,0,0
04/13/2020,51053,Dinwiddie,Crater,6,1,0
04/13/2020,51057,Essex,"Three Rivers",0,0,0
04/13/2020,51059,Fairfax,Fairfax,1164,218,21
04/13/2020,51061,Fauquier,"Rappahannock Rapidan",28,3,1
04/13/2020,51063,Floyd,"New River",1,0,0
04/13/2020,51065,Fluvanna,"Thomas Jefferson",23,3,0
04/13/2020,51067,"Franklin County","West Piedmont",14,0,0
04/13/2020,51069,Frederick,"Lord Fairfax",66,3,0
04/13/2020,51071,Giles,"New River",4,0,0
04/13/2020,51073,Gloucester,"Three Rivers",20,0,0
04/13/2020,51075,Goochland,Chickahominy,38,4,2
04/13/2020,51077,Grayson,"Mount Rogers",0,0,0
04/13/2020,51079,Greene,"Thomas Jefferson",5,0,0
04/13/2020,51081,Greensville,Crater,10,3,3
04/13/2020,51083,Halifax,Southside,7,1,0
04/13/2020,51085,Hanover,Chickahominy,39,7,1
04/13/2020,51087,Henrico,Henrico,397,31,33
04/13/2020,51089,Henry,"West Piedmont",8,1,0
04/13/2020,51091,Highland,"Central Shenandoah",0,0,0
04/13/2020,51093,"Isle of Wight","Western Tidewater",33,8,1
04/13/2020,51095,"James City",Peninsula,126,44,7
04/13/2020,51097,"King and Queen","Three Rivers",2,0,0
04/13/2020,51099,"King George",Rappahannock,14,5,0
04/13/2020,51101,"King William","Three Rivers",2,0,0
04/13/2020,51103,Lancaster,"Three Rivers",1,0,0
04/13/2020,51105,Lee,Lenowisco,7,1,0
04/13/2020,51107,Loudoun,Loudoun,324,35,5
04/13/2020,51109,Louisa,"Thomas Jefferson",27,7,0
04/13/2020,51111,Lunenburg,Piedmont,4,0,0
04/13/2020,51113,Madison,"Rappahannock Rapidan",6,1,0
04/13/2020,51115,Mathews,"Three Rivers",3,0,0
04/13/2020,51117,Mecklenburg,Southside,57,9,1
04/13/2020,51119,Middlesex,"Three Rivers",3,0,0
04/13/2020,51121,Montgomery,"New River",32,5,0
04/13/2020,51125,Nelson,"Thomas Jefferson",5,0,0
04/13/2020,51127,"New Kent",Chickahominy,13,1,1
04/13/2020,51131,Northampton,"Eastern Shore",4,1,0
04/13/2020,51133,Northumberland,"Three Rivers",4,0,0
04/13/2020,51135,Nottoway,Piedmont,5,0,0
04/13/2020,51137,Orange,"Rappahannock Rapidan",14,2,0
04/13/2020,51139,Page,"Lord Fairfax",6,0,0
04/13/2020,51141,Patrick,"West Piedmont",0,0,0
04/13/2020,51143,Pittsylvania,Pittsylvania-Danville,4,3,1
04/13/2020,51145,Powhatan,Chesterfield,5,0,0
04/13/2020,51147,"Prince Edward",Piedmont,13,3,1
04/13/2020,51149,"Prince George",Crater,27,1,0
04/13/2020,51153,"Prince William","Prince William",434,46,8
04/13/2020,51155,Pulaski,"New River",4,1,0
04/13/2020,51157,Rappahannock,"Rappahannock Rapidan",1,0,0
04/13/2020,51159,"Richmond County","Three Rivers",5,0,0
04/13/2020,51161,"Roanoke County",Alleghany,18,0,0
04/13/2020,51163,Rockbridge,"Central Shenandoah",3,0,0
04/13/2020,51165,Rockingham,"Central Shenandoah",49,6,1
04/13/2020,51167,Russell,"Cumberland Plateau",1,1,0
04/13/2020,51169,Scott,Lenowisco,3,1,0
04/13/2020,51171,Shenandoah,"Lord Fairfax",17,4,0
04/13/2020,51173,Smyth,"Mount Rogers",11,2,0
04/13/2020,51175,Southampton,"Western Tidewater",5,2,1
04/13/2020,51177,Spotsylvania,Rappahannock,51,14,2
04/13/2020,51179,Stafford,Rappahannock,87,14,0
04/13/2020,51181,Surry,Crater,3,0,0
04/13/2020,51183,Sussex,Crater,8,0,0
04/13/2020,51185,Tazewell,"Cumberland Plateau",4,0,0
04/13/2020,51187,Warren,"Lord Fairfax",17,2,0
04/13/2020,51191,Washington,"Mount Rogers",28,6,3
04/13/2020,51193,Westmoreland,"Three Rivers",8,0,0
04/13/2020,51195,Wise,Lenowisco,13,4,1
04/13/2020,51197,Wythe,"Mount Rogers",7,1,2
04/13/2020,51199,York,Peninsula,33,6,1
04/13/2020,51510,Alexandria,Alexandria,235,23,1
04/13/2020,51520,Bristol,"Mount Rogers",1,0,0
04/13/2020,51530,"Buena Vista City","Central Shenandoah",4,0,0
04/13/2020,51540,Charlottesville,"Thomas Jefferson",33,9,0
04/13/2020,51550,Chesapeake,Chesapeake,126,31,3
04/13/2020,51570,"Colonial Heights",Chesterfield,10,0,1
04/13/2020,51580,Covington,Alleghany,1,0,0
04/13/2020,51590,Danville,Pittsylvania-Danville,21,13,0
04/13/2020,51595,Emporia,Crater,7,2,2
04/13/2020,51600,"Fairfax City",Fairfax,1,0,0
04/13/2020,51610,"Falls Church",Fairfax,2,0,0
04/13/2020,51620,"Franklin City","Western Tidewater",7,0,0
04/13/2020,51630,Fredericksburg,Rappahannock,13,3,0
04/13/2020,51640,Galax,"Mount Rogers",1,1,0
04/13/2020,51650,Hampton,Hampton,72,19,1
04/13/2020,51660,Harrisonburg,"Central Shenandoah",87,7,0
04/13/2020,51670,Hopewell,Crater,14,3,0
04/13/2020,51678,Lexington,"Central Shenandoah",3,0,0
04/13/2020,51680,Lynchburg,"Central Virginia",33,4,1
04/13/2020,51683,"Manassas City","Prince William",41,5,0
04/13/2020,51685,"Manassas Park","Prince William",10,2,1
04/13/2020,51690,Martinsville,"West Piedmont",0,0,0
04/13/2020,51700,"Newport News",Peninsula,88,25,2
04/13/2020,51710,Norfolk,Norfolk,99,21,1
04/13/2020,51720,Norton,Lenowisco,0,0,0
04/13/2020,51730,Petersburg,Crater,19,2,1
04/13/2020,51735,Poquoson,Peninsula,6,2,0
04/13/2020,51740,Portsmouth,Portsmouth,54,18,2
04/13/2020,51750,Radford,"New River",1,0,0
04/13/2020,51760,"Richmond City",Richmond,167,18,6
04/13/2020,51770,"Roanoke City",Roanoke,21,3,0
04/13/2020,51775,Salem,Alleghany,1,0,0
04/13/2020,51790,Staunton,"Central Shenandoah",2,0,0
04/13/2020,51800,Suffolk,"Western Tidewater",51,12,1
04/13/2020,51810,"Virginia Beach","Virginia Beach",251,51,5
04/13/2020,51820,Waynesboro,"Central Shenandoah",6,1,0
04/13/2020,51830,Williamsburg,Peninsula,20,6,1
04/13/2020,51840,Winchester,"Lord Fairfax",20,0,0
04/14/2020,51001,Accomack,"Eastern Shore",15,9,1
04/14/2020,51003,Albemarle,"Thomas Jefferson",50,9,3
04/14/2020,51005,Alleghany,Alleghany,4,3,0
04/14/2020,51007,Amelia,Piedmont,9,5,1
04/14/2020,51009,Amherst,"Central Virginia",10,1,0
04/14/2020,51011,Appomattox,"Central Virginia",7,0,0
04/14/2020,51013,Arlington,Arlington,401,36,12
04/14/2020,51015,Augusta,"Central Shenandoah",17,1,0
04/14/2020,51017,Bath,"Central Shenandoah",0,0,0
04/14/2020,51019,Bedford,"Central Virginia",16,1,0
04/14/2020,51021,Bland,"Mount Rogers",0,0,0
04/14/2020,51023,Botetourt,Alleghany,23,7,2
04/14/2020,51025,Brunswick,Southside,9,2,0
04/14/2020,51027,Buchanan,"Cumberland Plateau",12,0,0
04/14/2020,51029,Buckingham,Piedmont,18,2,0
04/14/2020,51031,Campbell,"Central Virginia",11,0,0
04/14/2020,51033,Caroline,Rappahannock,7,1,0
04/14/2020,51035,Carroll,"Mount Rogers",3,1,0
04/14/2020,51036,"Charles City",Chickahominy,9,1,0
04/14/2020,51037,Charlotte,Piedmont,4,0,0
04/14/2020,51041,Chesterfield,Chesterfield,241,24,4
04/14/2020,51043,Clarke,"Lord Fairfax",5,1,0
04/14/2020,51045,Craig,Alleghany,2,0,0
04/14/2020,51047,Culpeper,"Rappahannock Rapidan",24,6,1
04/14/2020,51049,Cumberland,Piedmont,8,1,0
04/14/2020,51051,Dickenson,"Cumberland Plateau",0,0,0
04/14/2020,51053,Dinwiddie,Crater,7,1,0
04/14/2020,51057,Essex,"Three Rivers",0,0,0
04/14/2020,51059,Fairfax,Fairfax,1207,235,21
04/14/2020,51061,Fauquier,"Rappahannock Rapidan",28,4,1
04/14/2020,51063,Floyd,"New River",1,0,0
04/14/2020,51065,Fluvanna,"Thomas Jefferson",40,4,0
04/14/2020,51067,"Franklin County","West Piedmont",15,1,0
04/14/2020,51069,Frederick,"Lord Fairfax",71,3,0
04/14/2020,51071,Giles,"New River",4,0,0
04/14/2020,51073,Gloucester,"Three Rivers",20,4,0
04/14/2020,51075,Goochland,Chickahominy,39,4,2
04/14/2020,51077,Grayson,"Mount Rogers",0,0,0
04/14/2020,51079,Greene,"Thomas Jefferson",5,0,0
04/14/2020,51081,Greensville,Crater,15,3,3
04/14/2020,51083,Halifax,Southside,7,1,0
04/14/2020,51085,Hanover,Chickahominy,52,8,1
04/14/2020,51087,Henrico,Henrico,432,40,33
04/14/2020,51089,Henry,"West Piedmont",8,2,0
04/14/2020,51091,Highland,"Central Shenandoah",0,0,0
04/14/2020,51093,"Isle of Wight","Western Tidewater",60,8,1
04/14/2020,51095,"James City",Peninsula,128,44,7
04/14/2020,51097,"King and Queen","Three Rivers",2,0,0
04/14/2020,51099,"King George",Rappahannock,16,5,0
04/14/2020,51101,"King William","Three Rivers",2,0,0
04/14/2020,51103,Lancaster,"Three Rivers",1,1,0
04/14/2020,51105,Lee,Lenowisco,6,1,0
04/14/2020,51107,Loudoun,Loudoun,344,37,5
04/14/2020,51109,Louisa,"Thomas Jefferson",27,7,0
04/14/2020,51111,Lunenburg,Piedmont,3,0,0
04/14/2020,51113,Madison,"Rappahannock Rapidan",7,1,0
04/14/2020,51115,Mathews,"Three Rivers",3,1,0
04/14/2020,51117,Mecklenburg,Southside,57,9,1
04/14/2020,51119,Middlesex,"Three Rivers",3,0,0
04/14/2020,51121,Montgomery,"New River",33,5,0
04/14/2020,51125,Nelson,"Thomas Jefferson",5,0,0
04/14/2020,51127,"New Kent",Chickahominy,15,3,1
04/14/2020,51131,Northampton,"Eastern Shore",4,1,0
04/14/2020,51133,Northumberland,"Three Rivers",4,0,0
04/14/2020,51135,Nottoway,Piedmont,5,0,0
04/14/2020,51137,Orange,"Rappahannock Rapidan",15,3,0
04/14/2020,51139,Page,"Lord Fairfax",6,0,0
04/14/2020,51141,Patrick,"West Piedmont",0,0,0
04/14/2020,51143,Pittsylvania,Pittsylvania-Danville,4,3,1
04/14/2020,51145,Powhatan,Chesterfield,5,0,0
04/14/2020,51147,"Prince Edward",Piedmont,13,3,1
04/14/2020,51149,"Prince George",Crater,27,1,0
04/14/2020,51153,"Prince William","Prince William",508,59,9
04/14/2020,51155,Pulaski,"New River",4,1,0
04/14/2020,51157,Rappahannock,"Rappahannock Rapidan",1,0,0
04/14/2020,51159,"Richmond County","Three Rivers",7,1,0
04/14/2020,51161,"Roanoke County",Alleghany,16,0,0
04/14/2020,51163,Rockbridge,"Central Shenandoah",3,0,0
04/14/2020,51165,Rockingham,"Central Shenandoah",56,6,1
04/14/2020,51167,Russell,"Cumberland Plateau",2,1,0
04/14/2020,51169,Scott,Lenowisco,3,1,0
04/14/2020,51171,Shenandoah,"Lord Fairfax",23,5,0
04/14/2020,51173,Smyth,"Mount Rogers",11,3,0
04/14/2020,51175,Southampton,"Western Tidewater",6,3,1
04/14/2020,51177,Spotsylvania,Rappahannock,56,15,2
04/14/2020,51179,Stafford,Rappahannock,95,14,0
04/14/2020,51181,Surry,Crater,3,0,0
04/14/2020,51183,Sussex,Crater,8,0,0
04/14/2020,51185,Tazewell,"Cumberland Plateau",4,0,0
04/14/2020,51187,Warren,"Lord Fairfax",19,2,0
04/14/2020,51191,Washington,"Mount Rogers",27,6,3
04/14/2020,51193,Westmoreland,"Three Rivers",8,0,0
04/14/2020,51195,Wise,Lenowisco,14,5,1
04/14/2020,51197,Wythe,"Mount Rogers",7,1,1
04/14/2020,51199,York,Peninsula,35,6,1
04/14/2020,51510,Alexandria,Alexandria,247,23,2
04/14/2020,51520,Bristol,"Mount Rogers",1,0,0
04/14/2020,51530,"Buena Vista City","Central Shenandoah",4,0,0
04/14/2020,51540,Charlottesville,"Thomas Jefferson",36,9,0
04/14/2020,51550,Chesapeake,Chesapeake,136,34,3
04/14/2020,51570,"Colonial Heights",Chesterfield,16,0,1
04/14/2020,51580,Covington,Alleghany,1,0,0
04/14/2020,51590,Danville,Pittsylvania-Danville,22,13,0
04/14/2020,51595,Emporia,Crater,8,2,2
04/14/2020,51600,"Fairfax City",Fairfax,0,0,0
04/14/2020,51610,"Falls Church",Fairfax,0,0,0
04/14/2020,51620,"Franklin City","Western Tidewater",7,0,0
04/14/2020,51630,Fredericksburg,Rappahannock,14,3,0
04/14/2020,51640,Galax,"Mount Rogers",1,1,0
04/14/2020,51650,Hampton,Hampton,73,19,1
04/14/2020,51660,Harrisonburg,"Central Shenandoah",95,7,0
04/14/2020,51670,Hopewell,Crater,14,3,0
04/14/2020,51678,Lexington,"Central Shenandoah",3,0,0
04/14/2020,51680,Lynchburg,"Central Virginia",33,4,1
04/14/2020,51683,"Manassas City","Prince William",49,7,0
04/14/2020,51685,"Manassas Park","Prince William",13,2,1
04/14/2020,51690,Martinsville,"West Piedmont",0,0,0
04/14/2020,51700,"Newport News",Peninsula,93,25,2
04/14/2020,51710,Norfolk,Norfolk,97,24,1
04/14/2020,51720,Norton,Lenowisco,0,0,0
04/14/2020,51730,Petersburg,Crater,19,2,1
04/14/2020,51735,Poquoson,Peninsula,6,2,0
04/14/2020,51740,Portsmouth,Portsmouth,59,21,4
04/14/2020,51750,Radford,"New River",1,0,0
04/14/2020,51760,"Richmond City",Richmond,175,20,7
04/14/2020,51770,"Roanoke City",Roanoke,21,3,0
04/14/2020,51775,Salem,Alleghany,3,0,0
04/14/2020,51790,Staunton,"Central Shenandoah",2,0,0
04/14/2020,51800,Suffolk,"Western Tidewater",57,13,1
04/14/2020,51810,"Virginia Beach","Virginia Beach",252,51,5
04/14/2020,51820,Waynesboro,"Central Shenandoah",6,1,0
04/14/2020,51830,Williamsburg,Peninsula,20,6,1
04/14/2020,51840,Winchester,"Lord Fairfax",20,0,0
04/15/2020,51001,Accomack,"Eastern Shore",15,9,1
04/15/2020,51003,Albemarle,"Thomas Jefferson",53,9,3
04/15/2020,51005,Alleghany,Alleghany,4,3,0
04/15/2020,51007,Amelia,Piedmont,10,6,1
04/15/2020,51009,Amherst,"Central Virginia",10,1,0
04/15/2020,51011,Appomattox,"Central Virginia",7,0,0
04/15/2020,51013,Arlington,Arlington,420,44,14
04/15/2020,51015,Augusta,"Central Shenandoah",18,1,0
04/15/2020,51017,Bath,"Central Shenandoah",0,0,0
04/15/2020,51019,Bedford,"Central Virginia",16,1,0
04/15/2020,51021,Bland,"Mount Rogers",0,0,0
04/15/2020,51023,Botetourt,Alleghany,23,7,2
04/15/2020,51025,Brunswick,Southside,9,2,0
04/15/2020,51027,Buchanan,"Cumberland Plateau",12,0,0
04/15/2020,51029,Buckingham,Piedmont,22,3,0
04/15/2020,51031,Campbell,"Central Virginia",11,0,0
04/15/2020,51033,Caroline,Rappahannock,9,1,0
04/15/2020,51035,Carroll,"Mount Rogers",3,1,0
04/15/2020,51036,"Charles City",Chickahominy,9,2,0
04/15/2020,51037,Charlotte,Piedmont,5,0,0
04/15/2020,51041,Chesterfield,Chesterfield,254,24,6
04/15/2020,51043,Clarke,"Lord Fairfax",6,1,0
04/15/2020,51045,Craig,Alleghany,2,0,0
04/15/2020,51047,Culpeper,"Rappahannock Rapidan",25,7,1
04/15/2020,51049,Cumberland,Piedmont,8,1,0
04/15/2020,51051,Dickenson,"Cumberland Plateau",0,0,0
04/15/2020,51053,Dinwiddie,Crater,7,1,0
04/15/2020,51057,Essex,"Three Rivers",0,0,0
04/15/2020,51059,Fairfax,Fairfax,1298,256,30
04/15/2020,51061,Fauquier,"Rappahannock Rapidan",29,4,1
04/15/2020,51063,Floyd,"New River",1,0,0
04/15/2020,51065,Fluvanna,"Thomas Jefferson",62,6,1
04/15/2020,51067,"Franklin County","West Piedmont",15,1,0
04/15/2020,51069,Frederick,"Lord Fairfax",73,6,0
04/15/2020,51071,Giles,"New River",4,0,0
04/15/2020,51073,Gloucester,"Three Rivers",20,4,1
04/15/2020,51075,Goochland,Chickahominy,40,5,2
04/15/2020,51077,Grayson,"Mount Rogers",0,0,0
04/15/2020,51079,Greene,"Thomas Jefferson",5,0,0
04/15/2020,51081,Greensville,Crater,16,3,3
04/15/2020,51083,Halifax,Southside,7,1,0
04/15/2020,51085,Hanover,Chickahominy,53,8,1
04/15/2020,51087,Henrico,Henrico,453,46,52
04/15/2020,51089,Henry,"West Piedmont",8,2,0
04/15/2020,51091,Highland,"Central Shenandoah",0,0,0
04/15/2020,51093,"Isle of Wight","Western Tidewater",60,8,1
04/15/2020,51095,"James City",Peninsula,132,45,7
04/15/2020,51097,"King and Queen","Three Rivers",2,0,0
04/15/2020,51099,"King George",Rappahannock,17,5,0
04/15/2020,51101,"King William","Three Rivers",2,0,0
04/15/2020,51103,Lancaster,"Three Rivers",1,1,0
04/15/2020,51105,Lee,Lenowisco,6,1,0
04/15/2020,51107,Loudoun,Loudoun,367,40,6
04/15/2020,51109,Louisa,"Thomas Jefferson",29,7,0
04/15/2020,51111,Lunenburg,Piedmont,3,0,0
04/15/2020,51113,Madison,"Rappahannock Rapidan",8,1,0
04/15/2020,51115,Mathews,"Three Rivers",3,1,0
04/15/2020,51117,Mecklenburg,Southside,57,9,1
04/15/2020,51119,Middlesex,"Three Rivers",3,0,0
04/15/2020,51121,Montgomery,"New River",34,5,0
04/15/2020,51125,Nelson,"Thomas Jefferson",5,0,0
04/15/2020,51127,"New Kent",Chickahominy,16,3,1
04/15/2020,51131,Northampton,"Eastern Shore",4,1,0
04/15/2020,51133,Northumberland,"Three Rivers",4,0,0
04/15/2020,51135,Nottoway,Piedmont,5,0,0
04/15/2020,51137,Orange,"Rappahannock Rapidan",17,3,0
04/15/2020,51139,Page,"Lord Fairfax",6,0,0
04/15/2020,51141,Patrick,"West Piedmont",0,0,0
04/15/2020,51143,Pittsylvania,Pittsylvania-Danville,4,3,1
04/15/2020,51145,Powhatan,Chesterfield,5,0,0
04/15/2020,51147,"Prince Edward",Piedmont,15,3,1
04/15/2020,51149,"Prince George",Crater,27,1,0
04/15/2020,51153,"Prince William","Prince William",536,62,10
04/15/2020,51155,Pulaski,"New River",4,1,0
04/15/2020,51157,Rappahannock,"Rappahannock Rapidan",1,0,0
04/15/2020,51159,"Richmond County","Three Rivers",7,1,0
04/15/2020,51161,"Roanoke County",Alleghany,17,0,0
04/15/2020,51163,Rockbridge,"Central Shenandoah",3,0,0
04/15/2020,51165,Rockingham,"Central Shenandoah",67,6,1
04/15/2020,51167,Russell,"Cumberland Plateau",2,1,0
04/15/2020,51169,Scott,Lenowisco,3,1,0
04/15/2020,51171,Shenandoah,"Lord Fairfax",27,5,0
04/15/2020,51173,Smyth,"Mount Rogers",11,3,0
04/15/2020,51175,Southampton,"Western Tidewater",6,3,1
04/15/2020,51177,Spotsylvania,Rappahannock,60,16,2
04/15/2020,51179,Stafford,Rappahannock,108,16,0
04/15/2020,51181,Surry,Crater,3,0,0
04/15/2020,51183,Sussex,Crater,10,0,0
04/15/2020,51185,Tazewell,"Cumberland Plateau",4,0,0
04/15/2020,51187,Warren,"Lord Fairfax",20,2,0
04/15/2020,51191,Washington,"Mount Rogers",27,6,3
04/15/2020,51193,Westmoreland,"Three Rivers",8,0,0
04/15/2020,51195,Wise,Lenowisco,15,6,1
04/15/2020,51197,Wythe,"Mount Rogers",7,1,1
04/15/2020,51199,York,Peninsula,35,6,1
04/15/2020,51510,Alexandria,Alexandria,254,24,4
04/15/2020,51520,Bristol,"Mount Rogers",1,0,0
04/15/2020,51530,"Buena Vista City","Central Shenandoah",4,0,0
04/15/2020,51540,Charlottesville,"Thomas Jefferson",38,11,0
04/15/2020,51550,Chesapeake,Chesapeake,140,35,4
04/15/2020,51570,"Colonial Heights",Chesterfield,17,0,1
04/15/2020,51580,Covington,Alleghany,1,0,0
04/15/2020,51590,Danville,Pittsylvania-Danville,22,13,0
04/15/2020,51595,Emporia,Crater,7,1,1
04/15/2020,51600,"Fairfax City",Fairfax,0,0,0
04/15/2020,51610,"Falls Church",Fairfax,0,0,0
04/15/2020,51620,"Franklin City","Western Tidewater",7,0,0
04/15/2020,51630,Fredericksburg,Rappahannock,15,3,0
04/15/2020,51640,Galax,"Mount Rogers",1,1,0
04/15/2020,51650,Hampton,Hampton,75,19,1
04/15/2020,51660,Harrisonburg,"Central Shenandoah",101,7,0
04/15/2020,51670,Hopewell,Crater,14,3,0
04/15/2020,51678,Lexington,"Central Shenandoah",3,0,0
04/15/2020,51680,Lynchburg,"Central Virginia",34,4,1
04/15/2020,51683,"Manassas City","Prince William",53,8,0
04/15/2020,51685,"Manassas Park","Prince William",14,2,1
04/15/2020,51690,Martinsville,"West Piedmont",0,0,0
04/15/2020,51700,"Newport News",Peninsula,95,27,3
04/15/2020,51710,Norfolk,Norfolk,99,26,2
04/15/2020,51720,Norton,Lenowisco,0,0,0
04/15/2020,51730,Petersburg,Crater,19,2,1
04/15/2020,51735,Poquoson,Peninsula,6,2,0
04/15/2020,51740,Portsmouth,Portsmouth,59,22,4
04/15/2020,51750,Radford,"New River",1,0,0
04/15/2020,51760,"Richmond City",Richmond,177,21,8
04/15/2020,51770,"Roanoke City",Roanoke,22,4,0
04/15/2020,51775,Salem,Alleghany,3,0,0
04/15/2020,51790,Staunton,"Central Shenandoah",2,0,0
04/15/2020,51800,Suffolk,"Western Tidewater",59,14,1
04/15/2020,51810,"Virginia Beach","Virginia Beach",256,54,5
04/15/2020,51820,Waynesboro,"Central Shenandoah",6,1,0
04/15/2020,51830,Williamsburg,Peninsula,19,5,1
04/15/2020,51840,Winchester,"Lord Fairfax",21,0,0
04/16/2020,51001,Accomack,"Eastern Shore",19,9,1
04/16/2020,51003,Albemarle,"Thomas Jefferson",54,10,3
04/16/2020,51005,Alleghany,Alleghany,4,3,0
04/16/2020,51007,Amelia,Piedmont,13,6,1
04/16/2020,51009,Amherst,"Central Virginia",10,1,0
04/16/2020,51011,Appomattox,"Central Virginia",7,0,0
04/16/2020,51013,Arlington,Arlington,453,50,15
04/16/2020,51015,Augusta,"Central Shenandoah",19,1,0
04/16/2020,51017,Bath,"Central Shenandoah",0,0,0
04/16/2020,51019,Bedford,"Central Virginia",16,1,0
04/16/2020,51021,Bland,"Mount Rogers",0,0,0
04/16/2020,51023,Botetourt,Alleghany,23,7,2
04/16/2020,51025,Brunswick,Southside,10,2,0
04/16/2020,51027,Buchanan,"Cumberland Plateau",12,0,0
04/16/2020,51029,Buckingham,Piedmont,23,4,0
04/16/2020,51031,Campbell,"Central Virginia",9,0,0
04/16/2020,51033,Caroline,Rappahannock,11,2,0
04/16/2020,51035,Carroll,"Mount Rogers",3,1,0
04/16/2020,51036,"Charles City",Chickahominy,9,2,0
04/16/2020,51037,Charlotte,Piedmont,8,0,0
04/16/2020,51041,Chesterfield,Chesterfield,267,26,6
04/16/2020,51043,Clarke,"Lord Fairfax",6,1,0
04/16/2020,51045,Craig,Alleghany,2,0,0
04/16/2020,51047,Culpeper,"Rappahannock Rapidan",29,7,1
04/16/2020,51049,Cumberland,Piedmont,7,1,0
04/16/2020,51051,Dickenson,"Cumberland Plateau",0,0,0
04/16/2020,51053,Dinwiddie,Crater,7,1,0
04/16/2020,51057,Essex,"Three Rivers",2,0,0
04/16/2020,51059,Fairfax,Fairfax,1375,271,31
04/16/2020,51061,Fauquier,"Rappahannock Rapidan",32,4,1
04/16/2020,51063,Floyd,"New River",1,0,0
04/16/2020,51065,Fluvanna,"Thomas Jefferson",64,6,1
04/16/2020,51067,"Franklin County","West Piedmont",15,1,0
04/16/2020,51069,Frederick,"Lord Fairfax",72,6,0
04/16/2020,51071,Giles,"New River",4,0,0
04/16/2020,51073,Gloucester,"Three Rivers",20,4,1
04/16/2020,51075,Goochland,Chickahominy,41,5,2
04/16/2020,51077,Grayson,"Mount Rogers",0,0,0
04/16/2020,51079,Greene,"Thomas Jefferson",5,0,0
04/16/2020,51081,Greensville,Crater,16,3,3
04/16/2020,51083,Halifax,Southside,7,1,0
04/16/2020,51085,Hanover,Chickahominy,61,8,1
04/16/2020,51087,Henrico,Henrico,497,58,57
04/16/2020,51089,Henry,"West Piedmont",8,2,0
04/16/2020,51091,Highland,"Central Shenandoah",0,0,0
04/16/2020,51093,"Isle of Wight","Western Tidewater",63,8,1
04/16/2020,51095,"James City",Peninsula,135,45,7
04/16/2020,51097,"King and Queen","Three Rivers",2,0,0
04/16/2020,51099,"King George",Rappahannock,18,6,1
04/16/2020,51101,"King William","Three Rivers",2,0,0
04/16/2020,51103,Lancaster,"Three Rivers",1,1,0
04/16/2020,51105,Lee,Lenowisco,6,1,0
04/16/2020,51107,Loudoun,Loudoun,378,42,6
04/16/2020,51109,Louisa,"Thomas Jefferson",30,8,0
04/16/2020,51111,Lunenburg,Piedmont,3,0,0
04/16/2020,51113,Madison,"Rappahannock Rapidan",8,1,0
04/16/2020,51115,Mathews,"Three Rivers",3,1,0
04/16/2020,51117,Mecklenburg,Southside,61,11,1
04/16/2020,51119,Middlesex,"Three Rivers",3,0,0
04/16/2020,51121,Montgomery,"New River",34,5,0
04/16/2020,51125,Nelson,"Thomas Jefferson",5,0,0
04/16/2020,51127,"New Kent",Chickahominy,16,3,1
04/16/2020,51131,Northampton,"Eastern Shore",4,1,0
04/16/2020,51133,Northumberland,"Three Rivers",5,0,0
04/16/2020,51135,Nottoway,Piedmont,5,0,0
04/16/2020,51137,Orange,"Rappahannock Rapidan",18,3,0
04/16/2020,51139,Page,"Lord Fairfax",7,0,0
04/16/2020,51141,Patrick,"West Piedmont",0,0,0
04/16/2020,51143,Pittsylvania,Pittsylvania-Danville,5,3,1
04/16/2020,51145,Powhatan,Chesterfield,5,0,0
04/16/2020,51147,"Prince Edward",Piedmont,15,3,1
04/16/2020,51149,"Prince George",Crater,26,1,0
04/16/2020,51153,"Prince William","Prince William",582,65,11
04/16/2020,51155,Pulaski,"New River",5,2,0
04/16/2020,51157,Rappahannock,"Rappahannock Rapidan",1,0,0
04/16/2020,51159,"Richmond County","Three Rivers",7,1,0
04/16/2020,51161,"Roanoke County",Alleghany,19,0,0
04/16/2020,51163,Rockbridge,"Central Shenandoah",3,0,0
04/16/2020,51165,Rockingham,"Central Shenandoah",69,6,1
04/16/2020,51167,Russell,"Cumberland Plateau",2,1,0
04/16/2020,51169,Scott,Lenowisco,3,1,0
04/16/2020,51171,Shenandoah,"Lord Fairfax",28,5,0
04/16/2020,51173,Smyth,"Mount Rogers",11,4,0
04/16/2020,51175,Southampton,"Western Tidewater",6,3,1
04/16/2020,51177,Spotsylvania,Rappahannock,62,15,2
04/16/2020,51179,Stafford,Rappahannock,120,19,2
04/16/2020,51181,Surry,Crater,3,1,1
04/16/2020,51183,Sussex,Crater,9,0,0
04/16/2020,51185,Tazewell,"Cumberland Plateau",4,0,0
04/16/2020,51187,Warren,"Lord Fairfax",21,2,0
04/16/2020,51191,Washington,"Mount Rogers",27,6,3
04/16/2020,51193,Westmoreland,"Three Rivers",9,0,0
04/16/2020,51195,Wise,Lenowisco,18,7,1
04/16/2020,51197,Wythe,"Mount Rogers",7,1,1
04/16/2020,51199,York,Peninsula,37,6,1
04/16/2020,51510,Alexandria,Alexandria,275,32,4
04/16/2020,51520,Bristol,"Mount Rogers",1,0,0
04/16/2020,51530,"Buena Vista City","Central Shenandoah",4,0,0
04/16/2020,51540,Charlottesville,"Thomas Jefferson",38,11,0
04/16/2020,51550,Chesapeake,Chesapeake,143,35,4
04/16/2020,51570,"Colonial Heights",Chesterfield,18,0,1
04/16/2020,51580,Covington,Alleghany,1,0,0
04/16/2020,51590,Danville,Pittsylvania-Danville,22,13,0
04/16/2020,51595,Emporia,Crater,7,1,1
04/16/2020,51600,"Fairfax City",Fairfax,0,0,0
04/16/2020,51610,"Falls Church",Fairfax,0,0,0
04/16/2020,51620,"Franklin City","Western Tidewater",9,0,0
04/16/2020,51630,Fredericksburg,Rappahannock,15,3,0
04/16/2020,51640,Galax,"Mount Rogers",1,1,0
04/16/2020,51650,Hampton,Hampton,77,19,1
04/16/2020,51660,Harrisonburg,"Central Shenandoah",119,7,0
04/16/2020,51670,Hopewell,Crater,14,3,0
04/16/2020,51678,Lexington,"Central Shenandoah",3,0,0
04/16/2020,51680,Lynchburg,"Central Virginia",34,4,1
04/16/2020,51683,"Manassas City","Prince William",62,9,0
04/16/2020,51685,"Manassas Park","Prince William",16,2,1
04/16/2020,51690,Martinsville,"West Piedmont",0,0,0
04/16/2020,51700,"Newport News",Peninsula,97,28,4
04/16/2020,51710,Norfolk,Norfolk,105,27,2
04/16/2020,51720,Norton,Lenowisco,0,0,0
04/16/2020,51730,Petersburg,Crater,19,2,1
04/16/2020,51735,Poquoson,Peninsula,6,2,0
04/16/2020,51740,Portsmouth,Portsmouth,62,23,4
04/16/2020,51750,Radford,"New River",1,0,0
04/16/2020,51760,"Richmond City",Richmond,188,22,8
04/16/2020,51770,"Roanoke City",Roanoke,24,4,0
04/16/2020,51775,Salem,Alleghany,4,0,0
04/16/2020,51790,Staunton,"Central Shenandoah",3,0,0
04/16/2020,51800,Suffolk,"Western Tidewater",65,14,1
04/16/2020,51810,"Virginia Beach","Virginia Beach",258,54,5
04/16/2020,51820,Waynesboro,"Central Shenandoah",6,1,0
04/16/2020,51830,Williamsburg,Peninsula,19,5,1
04/16/2020,51840,Winchester,"Lord Fairfax",21,0,0
04/17/2020,51001,Accomack,"Eastern Shore",28,10,1
04/17/2020,51003,Albemarle,"Thomas Jefferson",56,10,3
04/17/2020,51005,Alleghany,Alleghany,4,3,0
04/17/2020,51007,Amelia,Piedmont,13,6,1
04/17/2020,51009,Amherst,"Central Virginia",10,1,0
04/17/2020,51011,Appomattox,"Central Virginia",7,0,0
04/17/2020,51013,Arlington,Arlington,485,53,15
04/17/2020,51015,Augusta,"Central Shenandoah",19,1,0
04/17/2020,51017,Bath,"Central Shenandoah",0,0,0
04/17/2020,51019,Bedford,"Central Virginia",17,1,0
04/17/2020,51021,Bland,"Mount Rogers",0,0,0
04/17/2020,51023,Botetourt,Alleghany,23,7,2
04/17/2020,51025,Brunswick,Southside,10,2,0
04/17/2020,51027,Buchanan,"Cumberland Plateau",12,0,0
04/17/2020,51029,Buckingham,Piedmont,24,4,0
04/17/2020,51031,Campbell,"Central Virginia",9,0,0
04/17/2020,51033,Caroline,Rappahannock,11,3,0
04/17/2020,51035,Carroll,"Mount Rogers",3,1,0
04/17/2020,51036,"Charles City",Chickahominy,10,2,0
04/17/2020,51037,Charlotte,Piedmont,8,0,0
04/17/2020,51041,Chesterfield,Chesterfield,291,26,6
04/17/2020,51043,Clarke,"Lord Fairfax",6,1,0
04/17/2020,51045,Craig,Alleghany,2,0,0
04/17/2020,51047,Culpeper,"Rappahannock Rapidan",32,7,1
04/17/2020,51049,Cumberland,Piedmont,8,1,0
04/17/2020,51051,Dickenson,"Cumberland Plateau",0,0,0
04/17/2020,51053,Dinwiddie,Crater,7,1,0
04/17/2020,51057,Essex,"Three Rivers",2,0,0
04/17/2020,51059,Fairfax,Fairfax,1476,285,37
04/17/2020,51061,Fauquier,"Rappahannock Rapidan",35,4,1
04/17/2020,51063,Floyd,"New River",1,0,0
04/17/2020,51065,Fluvanna,"Thomas Jefferson",64,9,1
04/17/2020,51067,"Franklin County","West Piedmont",15,1,0
04/17/2020,51069,Frederick,"Lord Fairfax",76,7,0
04/17/2020,51071,Giles,"New River",4,0,0
04/17/2020,51073,Gloucester,"Three Rivers",20,4,1
04/17/2020,51075,Goochland,Chickahominy,52,6,3
04/17/2020,51077,Grayson,"Mount Rogers",0,0,0
04/17/2020,51079,Greene,"Thomas Jefferson",7,1,0
04/17/2020,51081,Greensville,Crater,18,3,3
04/17/2020,51083,Halifax,Southside,7,1,0
04/17/2020,51085,Hanover,Chickahominy,70,12,2
04/17/2020,51087,Henrico,Henrico,532,72,62
04/17/2020,51089,Henry,"West Piedmont",10,2,1
04/17/2020,51091,Highland,"Central Shenandoah",0,0,0
04/17/2020,51093,"Isle of Wight","Western Tidewater",69,8,1
04/17/2020,51095,"James City",Peninsula,138,46,8
04/17/2020,51097,"King and Queen","Three Rivers",2,0,0
04/17/2020,51099,"King George",Rappahannock,18,11,1
04/17/2020,51101,"King William","Three Rivers",2,0,0
04/17/2020,51103,Lancaster,"Three Rivers",1,1,0
04/17/2020,51105,Lee,Lenowisco,7,1,0
04/17/2020,51107,Loudoun,Loudoun,385,46,7
04/17/2020,51109,Louisa,"Thomas Jefferson",33,8,0
04/17/2020,51111,Lunenburg,Piedmont,3,0,0
04/17/2020,51113,Madison,"Rappahannock Rapidan",8,1,0
04/17/2020,51115,Mathews,"Three Rivers",3,1,0
04/17/2020,51117,Mecklenburg,Southside,62,14,1
04/17/2020,51119,Middlesex,"Three Rivers",3,0,0
04/17/2020,51121,Montgomery,"New River",40,5,0
04/17/2020,51125,Nelson,"Thomas Jefferson",5,0,0
04/17/2020,51127,"New Kent",Chickahominy,17,3,1
04/17/2020,51131,Northampton,"Eastern Shore",5,1,0
04/17/2020,51133,Northumberland,"Three Rivers",5,0,0
04/17/2020,51135,Nottoway,Piedmont,5,0,0
04/17/2020,51137,Orange,"Rappahannock Rapidan",19,3,0
04/17/2020,51139,Page,"Lord Fairfax",10,0,0
04/17/2020,51141,Patrick,"West Piedmont",0,0,0
04/17/2020,51143,Pittsylvania,Pittsylvania-Danville,6,4,1
04/17/2020,51145,Powhatan,Chesterfield,7,0,0
04/17/2020,51147,"Prince Edward",Piedmont,17,3,1
04/17/2020,51149,"Prince George",Crater,28,1,0
04/17/2020,51153,"Prince William","Prince William",644,72,13
04/17/2020,51155,Pulaski,"New River",8,2,0
04/17/2020,51157,Rappahannock,"Rappahannock Rapidan",1,0,0
04/17/2020,51159,"Richmond County","Three Rivers",8,1,0
04/17/2020,51161,"Roanoke County",Alleghany,20,0,0
04/17/2020,51163,Rockbridge,"Central Shenandoah",5,0,0
04/17/2020,51165,Rockingham,"Central Shenandoah",83,6,1
04/17/2020,51167,Russell,"Cumberland Plateau",2,1,0
04/17/2020,51169,Scott,Lenowisco,3,1,0
04/17/2020,51171,Shenandoah,"Lord Fairfax",33,5,0
04/17/2020,51173,Smyth,"Mount Rogers",11,4,0
04/17/2020,51175,Southampton,"Western Tidewater",7,3,1
04/17/2020,51177,Spotsylvania,Rappahannock,69,18,2
04/17/2020,51179,Stafford,Rappahannock,128,33,2
04/17/2020,51181,Surry,Crater,3,1,1
04/17/2020,51183,Sussex,Crater,11,0,0
04/17/2020,51185,Tazewell,"Cumberland Plateau",4,0,0
04/17/2020,51187,Warren,"Lord Fairfax",22,2,0
04/17/2020,51191,Washington,"Mount Rogers",28,7,3
04/17/2020,51193,Westmoreland,"Three Rivers",9,0,0
04/17/2020,51195,Wise,Lenowisco,17,7,1
04/17/2020,51197,Wythe,"Mount Rogers",8,1,1
04/17/2020,51199,York,Peninsula,38,6,1
04/17/2020,51510,Alexandria,Alexandria,321,36,5
04/17/2020,51520,Bristol,"Mount Rogers",1,0,0
04/17/2020,51530,"Buena Vista City","Central Shenandoah",5,0,0
04/17/2020,51540,Charlottesville,"Thomas Jefferson",40,11,0
04/17/2020,51550,Chesapeake,Chesapeake,147,36,4
04/17/2020,51570,"Colonial Heights",Chesterfield,19,0,1
04/17/2020,51580,Covington,Alleghany,1,0,0
04/17/2020,51590,Danville,Pittsylvania-Danville,22,13,0
04/17/2020,51595,Emporia,Crater,7,1,1
04/17/2020,51600,"Fairfax City",Fairfax,2,0,0
04/17/2020,51610,"Falls Church",Fairfax,0,0,0
04/17/2020,51620,"Franklin City","Western Tidewater",9,0,0
04/17/2020,51630,Fredericksburg,Rappahannock,15,3,0
04/17/2020,51640,Galax,"Mount Rogers",1,1,0
04/17/2020,51650,Hampton,Hampton,78,21,1
04/17/2020,51660,Harrisonburg,"Central Shenandoah",214,7,0
04/17/2020,51670,Hopewell,Crater,14,3,0
04/17/2020,51678,Lexington,"Central Shenandoah",3,0,0
04/17/2020,51680,Lynchburg,"Central Virginia",38,4,1
04/17/2020,51683,"Manassas City","Prince William",72,9,0
04/17/2020,51685,"Manassas Park","Prince William",21,3,1
04/17/2020,51690,Martinsville,"West Piedmont",0,0,0
04/17/2020,51700,"Newport News",Peninsula,100,29,4
04/17/2020,51710,Norfolk,Norfolk,108,27,2
04/17/2020,51720,Norton,Lenowisco,0,0,0
04/17/2020,51730,Petersburg,Crater,21,4,2
04/17/2020,51735,Poquoson,Peninsula,6,2,0
04/17/2020,51740,Portsmouth,Portsmouth,63,23,4
04/17/2020,51750,Radford,"New River",1,0,0
04/17/2020,51760,"Richmond City",Richmond,201,31,10
04/17/2020,51770,"Roanoke City",Roanoke,24,4,0
04/17/2020,51775,Salem,Alleghany,6,0,0
04/17/2020,51790,Staunton,"Central Shenandoah",4,0,0
04/17/2020,51800,Suffolk,"Western Tidewater",70,16,1
04/17/2020,51810,"Virginia Beach","Virginia Beach",265,57,6
04/17/2020,51820,Waynesboro,"Central Shenandoah",7,1,0
04/17/2020,51830,Williamsburg,Peninsula,19,5,1
04/17/2020,51840,Winchester,"Lord Fairfax",22,0,0
04/18/2020,51001,Accomack,"Eastern Shore",33,11,1
04/18/2020,51003,Albemarle,"Thomas Jefferson",56,11,3
04/18/2020,51005,Alleghany,Alleghany,4,3,0
04/18/2020,51007,Amelia,Piedmont,13,6,1
04/18/2020,51009,Amherst,"Central Virginia",10,2,1
04/18/2020,51011,Appomattox,"Central Virginia",7,0,0
04/18/2020,51013,Arlington,Arlington,520,54,17
04/18/2020,51015,Augusta,"Central Shenandoah",22,1,0
04/18/2020,51017,Bath,"Central Shenandoah",0,0,0
04/18/2020,51019,Bedford,"Central Virginia",17,1,0
04/18/2020,51021,Bland,"Mount Rogers",0,0,0
04/18/2020,51023,Botetourt,Alleghany,23,7,2
04/18/2020,51025,Brunswick,Southside,12,2,0
04/18/2020,51027,Buchanan,"Cumberland Plateau",12,0,0
04/18/2020,51029,Buckingham,Piedmont,25,4,0
04/18/2020,51031,Campbell,"Central Virginia",9,0,0
04/18/2020,51033,Caroline,Rappahannock,13,3,0
04/18/2020,51035,Carroll,"Mount Rogers",3,1,0
04/18/2020,51036,"Charles City",Chickahominy,11,4,1
04/18/2020,51037,Charlotte,Piedmont,8,0,0
04/18/2020,51041,Chesterfield,Chesterfield,310,26,6
04/18/2020,51043,Clarke,"Lord Fairfax",6,1,0
04/18/2020,51045,Craig,Alleghany,2,0,0
04/18/2020,51047,Culpeper,"Rappahannock Rapidan",39,7,1
04/18/2020,51049,Cumberland,Piedmont,10,1,0
04/18/2020,51051,Dickenson,"Cumberland Plateau",0,0,0
04/18/2020,51053,Dinwiddie,Crater,7,1,0
04/18/2020,51057,Essex,"Three Rivers",2,0,0
04/18/2020,51059,Fairfax,Fairfax,1633,309,43
04/18/2020,51061,Fauquier,"Rappahannock Rapidan",36,4,1
04/18/2020,51063,Floyd,"New River",1,0,0
04/18/2020,51065,Fluvanna,"Thomas Jefferson",66,9,1
04/18/2020,51067,"Franklin County","West Piedmont",15,1,0
04/18/2020,51069,Frederick,"Lord Fairfax",81,8,0
04/18/2020,51071,Giles,"New River",4,0,0
04/18/2020,51073,Gloucester,"Three Rivers",21,4,1
04/18/2020,51075,Goochland,Chickahominy,55,6,3
04/18/2020,51077,Grayson,"Mount Rogers",0,0,0
04/18/2020,51079,Greene,"Thomas Jefferson",8,2,1
04/18/2020,51081,Greensville,Crater,18,3,3
04/18/2020,51083,Halifax,Southside,8,1,0
04/18/2020,51085,Hanover,Chickahominy,79,12,2
04/18/2020,51087,Henrico,Henrico,559,83,71
04/18/2020,51089,Henry,"West Piedmont",10,2,1
04/18/2020,51091,Highland,"Central Shenandoah",0,0,0
04/18/2020,51093,"Isle of Wight","Western Tidewater",83,8,1
04/18/2020,51095,"James City",Peninsula,139,48,10
04/18/2020,51097,"King and Queen","Three Rivers",2,0,0
04/18/2020,51099,"King George",Rappahannock,18,11,1
04/18/2020,51101,"King William","Three Rivers",2,0,0
04/18/2020,51103,Lancaster,"Three Rivers",1,1,0
04/18/2020,51105,Lee,Lenowisco,7,1,0
04/18/2020,51107,Loudoun,Loudoun,413,47,7
04/18/2020,51109,Louisa,"Thomas Jefferson",33,8,0
04/18/2020,51111,Lunenburg,Piedmont,3,0,0
04/18/2020,51113,Madison,"Rappahannock Rapidan",8,1,0
04/18/2020,51115,Mathews,"Three Rivers",3,1,0
04/18/2020,51117,Mecklenburg,Southside,64,15,1
04/18/2020,51119,Middlesex,"Three Rivers",3,0,0
04/18/2020,51121,Montgomery,"New River",42,6,0
04/18/2020,51125,Nelson,"Thomas Jefferson",5,0,0
04/18/2020,51127,"New Kent",Chickahominy,17,3,1
04/18/2020,51131,Northampton,"Eastern Shore",5,1,0
04/18/2020,51133,Northumberland,"Three Rivers",5,0,0
04/18/2020,51135,Nottoway,Piedmont,6,0,0
04/18/2020,51137,Orange,"Rappahannock Rapidan",20,3,0
04/18/2020,51139,Page,"Lord Fairfax",13,0,0
04/18/2020,51141,Patrick,"West Piedmont",0,0,0
04/18/2020,51143,Pittsylvania,Pittsylvania-Danville,6,4,1
04/18/2020,51145,Powhatan,Chesterfield,9,0,0
04/18/2020,51147,"Prince Edward",Piedmont,17,3,1
04/18/2020,51149,"Prince George",Crater,28,1,0
04/18/2020,51153,"Prince William","Prince William",700,75,14
04/18/2020,51155,Pulaski,"New River",8,2,0
04/18/2020,51157,Rappahannock,"Rappahannock Rapidan",1,0,0
04/18/2020,51159,"Richmond County","Three Rivers",8,1,0
04/18/2020,51161,"Roanoke County",Alleghany,20,0,0
04/18/2020,51163,Rockbridge,"Central Shenandoah",5,0,0
04/18/2020,51165,Rockingham,"Central Shenandoah",100,9,1
04/18/2020,51167,Russell,"Cumberland Plateau",2,1,0
04/18/2020,51169,Scott,Lenowisco,4,1,1
04/18/2020,51171,Shenandoah,"Lord Fairfax",39,7,0
04/18/2020,51173,Smyth,"Mount Rogers",12,4,0
04/18/2020,51175,Southampton,"Western Tidewater",9,3,1
04/18/2020,51177,Spotsylvania,Rappahannock,72,18,2
04/18/2020,51179,Stafford,Rappahannock,143,33,2
04/18/2020,51181,Surry,Crater,3,1,1
04/18/2020,51183,Sussex,Crater,11,0,0
04/18/2020,51185,Tazewell,"Cumberland Plateau",4,0,0
04/18/2020,51187,Warren,"Lord Fairfax",24,2,0
04/18/2020,51191,Washington,"Mount Rogers",27,7,3
04/18/2020,51193,Westmoreland,"Three Rivers",10,0,0
04/18/2020,51195,Wise,Lenowisco,18,7,1
04/18/2020,51197,Wythe,"Mount Rogers",8,1,1
04/18/2020,51199,York,Peninsula,38,6,1
04/18/2020,51510,Alexandria,Alexandria,354,40,7
04/18/2020,51520,Bristol,"Mount Rogers",1,0,0
04/18/2020,51530,"Buena Vista City","Central Shenandoah",5,0,0
04/18/2020,51540,Charlottesville,"Thomas Jefferson",41,11,1
04/18/2020,51550,Chesapeake,Chesapeake,154,37,4
04/18/2020,51570,"Colonial Heights",Chesterfield,23,0,1
04/18/2020,51580,Covington,Alleghany,1,0,0
04/18/2020,51590,Danville,Pittsylvania-Danville,24,13,0
04/18/2020,51595,Emporia,Crater,7,1,1
04/18/2020,51600,"Fairfax City",Fairfax,3,0,0
04/18/2020,51610,"Falls Church",Fairfax,0,0,0
04/18/2020,51620,"Franklin City","Western Tidewater",12,0,0
04/18/2020,51630,Fredericksburg,Rappahannock,15,3,0
04/18/2020,51640,Galax,"Mount Rogers",1,1,0
04/18/2020,51650,Hampton,Hampton,79,21,1
04/18/2020,51660,Harrisonburg,"Central Shenandoah",233,12,0
04/18/2020,51670,Hopewell,Crater,16,3,0
04/18/2020,51678,Lexington,"Central Shenandoah",3,0,0
04/18/2020,51680,Lynchburg,"Central Virginia",38,4,1
04/18/2020,51683,"Manassas City","Prince William",82,9,0
04/18/2020,51685,"Manassas Park","Prince William",21,4,1
04/18/2020,51690,Martinsville,"West Piedmont",0,0,0
04/18/2020,51700,"Newport News",Peninsula,102,29,4
04/18/2020,51710,Norfolk,Norfolk,109,27,2
04/18/2020,51720,Norton,Lenowisco,1,1,0
04/18/2020,51730,Petersburg,Crater,21,4,2
04/18/2020,51735,Poquoson,Peninsula,6,2,0
04/18/2020,51740,Portsmouth,Portsmouth,65,24,4
04/18/2020,51750,Radford,"New River",1,0,0
04/18/2020,51760,"Richmond City",Richmond,211,34,9
04/18/2020,51770,"Roanoke City",Roanoke,24,4,0
04/18/2020,51775,Salem,Alleghany,6,0,0
04/18/2020,51790,Staunton,"Central Shenandoah",5,0,0
04/18/2020,51800,Suffolk,"Western Tidewater",81,18,1
04/18/2020,51810,"Virginia Beach","Virginia Beach",271,58,7
04/18/2020,51820,Waynesboro,"Central Shenandoah",7,1,0
04/18/2020,51830,Williamsburg,Peninsula,19,5,1
04/18/2020,51840,Winchester,"Lord Fairfax",25,0,0
04/19/2020,51001,Accomack,"Eastern Shore",42,14,1
04/19/2020,51003,Albemarle,"Thomas Jefferson",57,12,3
04/19/2020,51005,Alleghany,Alleghany,5,3,0
04/19/2020,51007,Amelia,Piedmont,14,6,1
04/19/2020,51009,Amherst,"Central Virginia",10,2,1
04/19/2020,51011,Appomattox,"Central Virginia",7,0,0
04/19/2020,51013,Arlington,Arlington,575,110,20
04/19/2020,51015,Augusta,"Central Shenandoah",22,1,0
04/19/2020,51017,Bath,"Central Shenandoah",0,0,0
04/19/2020,51019,Bedford,"Central Virginia",18,1,0
04/19/2020,51021,Bland,"Mount Rogers",0,0,0
04/19/2020,51023,Botetourt,Alleghany,24,8,3
04/19/2020,51025,Brunswick,Southside,12,2,0
04/19/2020,51027,Buchanan,"Cumberland Plateau",12,0,0
04/19/2020,51029,Buckingham,Piedmont,26,4,0
04/19/2020,51031,Campbell,"Central Virginia",9,0,0
04/19/2020,51033,Caroline,Rappahannock,13,3,0
04/19/2020,51035,Carroll,"Mount Rogers",3,1,0
04/19/2020,51036,"Charles City",Chickahominy,11,4,1
04/19/2020,51037,Charlotte,Piedmont,8,0,0
04/19/2020,51041,Chesterfield,Chesterfield,311,27,6
04/19/2020,51043,Clarke,"Lord Fairfax",6,1,0
04/19/2020,51045,Craig,Alleghany,2,0,0
04/19/2020,51047,Culpeper,"Rappahannock Rapidan",43,8,1
04/19/2020,51049,Cumberland,Piedmont,10,1,0
04/19/2020,51051,Dickenson,"Cumberland Plateau",0,0,0
04/19/2020,51053,Dinwiddie,Crater,7,1,0
04/19/2020,51057,Essex,"Three Rivers",2,0,0
04/19/2020,51059,Fairfax,Fairfax,1809,334,48
04/19/2020,51061,Fauquier,"Rappahannock Rapidan",39,4,1
04/19/2020,51063,Floyd,"New River",1,0,0
04/19/2020,51065,Fluvanna,"Thomas Jefferson",66,9,2
04/19/2020,51067,"Franklin County","West Piedmont",15,1,0
04/19/2020,51069,Frederick,"Lord Fairfax",81,8,0
04/19/2020,51071,Giles,"New River",4,0,0
04/19/2020,51073,Gloucester,"Three Rivers",21,4,1
04/19/2020,51075,Goochland,Chickahominy,55,6,3
04/19/2020,51077,Grayson,"Mount Rogers",0,0,0
04/19/2020,51079,Greene,"Thomas Jefferson",8,2,1
04/19/2020,51081,Greensville,Crater,18,3,3
04/19/2020,51083,Halifax,Southside,8,1,0
04/19/2020,51085,Hanover,Chickahominy,84,14,3
04/19/2020,51087,Henrico,Henrico,584,83,71
04/19/2020,51089,Henry,"West Piedmont",10,2,1
04/19/2020,51091,Highland,"Central Shenandoah",0,0,0
04/19/2020,51093,"Isle of Wight","Western Tidewater",86,8,1
04/19/2020,51095,"James City",Peninsula,141,50,12
04/19/2020,51097,"King and Queen","Three Rivers",2,0,0
04/19/2020,51099,"King George",Rappahannock,18,11,2
04/19/2020,51101,"King William","Three Rivers",2,0,0
04/19/2020,51103,Lancaster,"Three Rivers",1,1,0
04/19/2020,51105,Lee,Lenowisco,7,1,0
04/19/2020,51107,Loudoun,Loudoun,425,50,7
04/19/2020,51109,Louisa,"Thomas Jefferson",33,8,0
04/19/2020,51111,Lunenburg,Piedmont,3,0,0
04/19/2020,51113,Madison,"Rappahannock Rapidan",8,1,0
04/19/2020,51115,Mathews,"Three Rivers",3,1,0
04/19/2020,51117,Mecklenburg,Southside,65,15,1
04/19/2020,51119,Middlesex,"Three Rivers",3,0,0
04/19/2020,51121,Montgomery,"New River",42,6,0
04/19/2020,51125,Nelson,"Thomas Jefferson",5,0,0
04/19/2020,51127,"New Kent",Chickahominy,17,3,1
04/19/2020,51131,Northampton,"Eastern Shore",7,1,0
04/19/2020,51133,Northumberland,"Three Rivers",5,0,0
04/19/2020,51135,Nottoway,Piedmont,8,0,0
04/19/2020,51137,Orange,"Rappahannock Rapidan",20,3,0
04/19/2020,51139,Page,"Lord Fairfax",13,0,0
04/19/2020,51141,Patrick,"West Piedmont",0,0,0
04/19/2020,51143,Pittsylvania,Pittsylvania-Danville,6,4,1
04/19/2020,51145,Powhatan,Chesterfield,8,0,0
04/19/2020,51147,"Prince Edward",Piedmont,17,3,1
04/19/2020,51149,"Prince George",Crater,28,1,0
04/19/2020,51153,"Prince William","Prince William",742,81,15
04/19/2020,51155,Pulaski,"New River",8,2,0
04/19/2020,51157,Rappahannock,"Rappahannock Rapidan",1,0,0
04/19/2020,51159,"Richmond County","Three Rivers",9,1,0
04/19/2020,51161,"Roanoke County",Alleghany,22,1,0
04/19/2020,51163,Rockbridge,"Central Shenandoah",5,0,0
04/19/2020,51165,Rockingham,"Central Shenandoah",100,9,1
04/19/2020,51167,Russell,"Cumberland Plateau",2,1,0
04/19/2020,51169,Scott,Lenowisco,4,1,1
04/19/2020,51171,Shenandoah,"Lord Fairfax",39,7,0
04/19/2020,51173,Smyth,"Mount Rogers",12,4,0
04/19/2020,51175,Southampton,"Western Tidewater",16,3,1
04/19/2020,51177,Spotsylvania,Rappahannock,74,18,2
04/19/2020,51179,Stafford,Rappahannock,152,33,2
04/19/2020,51181,Surry,Crater,3,1,1
04/19/2020,51183,Sussex,Crater,11,0,0
04/19/2020,51185,Tazewell,"Cumberland Plateau",4,0,0
04/19/2020,51187,Warren,"Lord Fairfax",24,2,0
04/19/2020,51191,Washington,"Mount Rogers",29,8,3
04/19/2020,51193,Westmoreland,"Three Rivers",10,0,0
04/19/2020,51195,Wise,Lenowisco,18,7,1
04/19/2020,51197,Wythe,"Mount Rogers",10,1,1
04/19/2020,51199,York,Peninsula,44,6,1
04/19/2020,51510,Alexandria,Alexandria,383,42,7
04/19/2020,51520,Bristol,"Mount Rogers",1,0,0
04/19/2020,51530,"Buena Vista City","Central Shenandoah",5,0,0
04/19/2020,51540,Charlottesville,"Thomas Jefferson",41,11,1
04/19/2020,51550,Chesapeake,Chesapeake,162,38,5
04/19/2020,51570,"Colonial Heights",Chesterfield,23,0,1
04/19/2020,51580,Covington,Alleghany,1,0,0
04/19/2020,51590,Danville,Pittsylvania-Danville,27,13,0
04/19/2020,51595,Emporia,Crater,7,1,1
04/19/2020,51600,"Fairfax City",Fairfax,11,1,0
04/19/2020,51610,"Falls Church",Fairfax,0,0,0
04/19/2020,51620,"Franklin City","Western Tidewater",12,0,0
04/19/2020,51630,Fredericksburg,Rappahannock,17,3,0
04/19/2020,51640,Galax,"Mount Rogers",1,1,0
04/19/2020,51650,Hampton,Hampton,83,27,1
04/19/2020,51660,Harrisonburg,"Central Shenandoah",236,12,0
04/19/2020,51670,Hopewell,Crater,16,3,0
04/19/2020,51678,Lexington,"Central Shenandoah",3,0,0
04/19/2020,51680,Lynchburg,"Central Virginia",38,4,1
04/19/2020,51683,"Manassas City","Prince William",93,10,0
04/19/2020,51685,"Manassas Park","Prince William",25,5,1
04/19/2020,51690,Martinsville,"West Piedmont",0,0,0
04/19/2020,51700,"Newport News",Peninsula,101,33,6
04/19/2020,51710,Norfolk,Norfolk,111,28,2
04/19/2020,51720,Norton,Lenowisco,2,1,0
04/19/2020,51730,Petersburg,Crater,21,4,2
04/19/2020,51735,Poquoson,Peninsula,6,2,0
04/19/2020,51740,Portsmouth,Portsmouth,65,24,4
04/19/2020,51750,Radford,"New River",1,0,0
04/19/2020,51760,"Richmond City",Richmond,231,34,9
04/19/2020,51770,"Roanoke City",Roanoke,24,4,0
04/19/2020,51775,Salem,Alleghany,6,0,0
04/19/2020,51790,Staunton,"Central Shenandoah",5,0,0
04/19/2020,51800,Suffolk,"Western Tidewater",91,22,1
04/19/2020,51810,"Virginia Beach","Virginia Beach",273,59,8
04/19/2020,51820,Waynesboro,"Central Shenandoah",7,1,0
04/19/2020,51830,Williamsburg,Peninsula,19,6,1
04/19/2020,51840,Winchester,"Lord Fairfax",25,0,0
04/20/2020,51001,Accomack,"Eastern Shore",52,15,1
04/20/2020,51003,Albemarle,"Thomas Jefferson",61,13,3
04/20/2020,51005,Alleghany,Alleghany,5,3,0
04/20/2020,51007,Amelia,Piedmont,14,6,1
04/20/2020,51009,Amherst,"Central Virginia",10,2,1
04/20/2020,51011,Appomattox,"Central Virginia",7,0,0
04/20/2020,51013,Arlington,Arlington,593,112,22
04/20/2020,51015,Augusta,"Central Shenandoah",24,1,0
04/20/2020,51017,Bath,"Central Shenandoah",0,0,0
04/20/2020,51019,Bedford,"Central Virginia",18,1,0
04/20/2020,51021,Bland,"Mount Rogers",0,0,0
04/20/2020,51023,Botetourt,Alleghany,24,8,3
04/20/2020,51025,Brunswick,Southside,12,2,0
04/20/2020,51027,Buchanan,"Cumberland Plateau",12,0,0
04/20/2020,51029,Buckingham,Piedmont,26,5,0
04/20/2020,51031,Campbell,"Central Virginia",9,0,0
04/20/2020,51033,Caroline,Rappahannock,14,3,0
04/20/2020,51035,Carroll,"Mount Rogers",3,1,0
04/20/2020,51036,"Charles City",Chickahominy,11,4,1
04/20/2020,51037,Charlotte,Piedmont,8,0,0
04/20/2020,51041,Chesterfield,Chesterfield,331,29,6
04/20/2020,51043,Clarke,"Lord Fairfax",6,1,0
04/20/2020,51045,Craig,Alleghany,2,0,0
04/20/2020,51047,Culpeper,"Rappahannock Rapidan",51,8,1
04/20/2020,51049,Cumberland,Piedmont,10,1,0
04/20/2020,51051,Dickenson,"Cumberland Plateau",0,0,0
04/20/2020,51053,Dinwiddie,Crater,8,1,0
04/20/2020,51057,Essex,"Three Rivers",2,0,0
04/20/2020,51059,Fairfax,Fairfax,1925,362,57
04/20/2020,51061,Fauquier,"Rappahannock Rapidan",41,5,1
04/20/2020,51063,Floyd,"New River",1,0,0
04/20/2020,51065,Fluvanna,"Thomas Jefferson",68,9,2
04/20/2020,51067,"Franklin County","West Piedmont",16,2,0
04/20/2020,51069,Frederick,"Lord Fairfax",81,8,0
04/20/2020,51071,Giles,"New River",4,0,0
04/20/2020,51073,Gloucester,"Three Rivers",21,4,1
04/20/2020,51075,Goochland,Chickahominy,58,7,3
04/20/2020,51077,Grayson,"Mount Rogers",0,0,0
04/20/2020,51079,Greene,"Thomas Jefferson",8,2,1
04/20/2020,51081,Greensville,Crater,21,3,4
04/20/2020,51083,Halifax,Southside,10,1,0
04/20/2020,51085,Hanover,Chickahominy,91,19,6
04/20/2020,51087,Henrico,Henrico,598,83,72
04/20/2020,51089,Henry,"West Piedmont",10,2,1
04/20/2020,51091,Highland,"Central Shenandoah",0,0,0
04/20/2020,51093,"Isle of Wight","Western Tidewater",86,8,1
04/20/2020,51095,"James City",Peninsula,141,50,12
04/20/2020,51097,"King and Queen","Three Rivers",2,0,0
04/20/2020,51099,"King George",Rappahannock,18,11,2
04/20/2020,51101,"King William","Three Rivers",2,0,0
04/20/2020,51103,Lancaster,"Three Rivers",1,1,0
04/20/2020,51105,Lee,Lenowisco,7,1,0
04/20/2020,51107,Loudoun,Loudoun,446,56,8
04/20/2020,51109,Louisa,"Thomas Jefferson",33,8,0
04/20/2020,51111,Lunenburg,Piedmont,3,0,0
04/20/2020,51113,Madison,"Rappahannock Rapidan",8,1,0
04/20/2020,51115,Mathews,"Three Rivers",3,1,0
04/20/2020,51117,Mecklenburg,Southside,65,15,1
04/20/2020,51119,Middlesex,"Three Rivers",3,0,0
04/20/2020,51121,Montgomery,"New River",44,6,0
04/20/2020,51125,Nelson,"Thomas Jefferson",5,0,0
04/20/2020,51127,"New Kent",Chickahominy,18,4,2
04/20/2020,51131,Northampton,"Eastern Shore",7,1,0
04/20/2020,51133,Northumberland,"Three Rivers",5,0,0
04/20/2020,51135,Nottoway,Piedmont,8,0,0
04/20/2020,51137,Orange,"Rappahannock Rapidan",21,3,0
04/20/2020,51139,Page,"Lord Fairfax",14,0,0
04/20/2020,51141,Patrick,"West Piedmont",0,0,0
04/20/2020,51143,Pittsylvania,Pittsylvania-Danville,6,4,1
04/20/2020,51145,Powhatan,Chesterfield,8,0,0
04/20/2020,51147,"Prince Edward",Piedmont,17,3,1
04/20/2020,51149,"Prince George",Crater,28,2,0
04/20/2020,51153,"Prince William","Prince William",793,92,16
04/20/2020,51155,Pulaski,"New River",8,2,0
04/20/2020,51157,Rappahannock,"Rappahannock Rapidan",1,0,0
04/20/2020,51159,"Richmond County","Three Rivers",9,1,0
04/20/2020,51161,"Roanoke County",Alleghany,24,1,0
04/20/2020,51163,Rockbridge,"Central Shenandoah",5,0,0
04/20/2020,51165,Rockingham,"Central Shenandoah",106,9,1
04/20/2020,51167,Russell,"Cumberland Plateau",2,1,0
04/20/2020,51169,Scott,Lenowisco,4,1,1
04/20/2020,51171,Shenandoah,"Lord Fairfax",41,7,0
04/20/2020,51173,Smyth,"Mount Rogers",13,4,0
04/20/2020,51175,Southampton,"Western Tidewater",17,3,1
04/20/2020,51177,Spotsylvania,Rappahannock,77,18,2
04/20/2020,51179,Stafford,Rappahannock,161,33,2
04/20/2020,51181,Surry,Crater,4,1,1
04/20/2020,51183,Sussex,Crater,12,1,1
04/20/2020,51185,Tazewell,"Cumberland Plateau",4,0,0
04/20/2020,51187,Warren,"Lord Fairfax",24,2,0
04/20/2020,51191,Washington,"Mount Rogers",29,8,3
04/20/2020,51193,Westmoreland,"Three Rivers",10,0,0
04/20/2020,51195,Wise,Lenowisco,18,7,1
04/20/2020,51197,Wythe,"Mount Rogers",10,1,1
04/20/2020,51199,York,Peninsula,44,6,1
04/20/2020,51510,Alexandria,Alexandria,421,45,8
04/20/2020,51520,Bristol,"Mount Rogers",1,0,0
04/20/2020,51530,"Buena Vista City","Central Shenandoah",5,0,0
04/20/2020,51540,Charlottesville,"Thomas Jefferson",41,11,1
04/20/2020,51550,Chesapeake,Chesapeake,166,38,5
04/20/2020,51570,"Colonial Heights",Chesterfield,26,0,1
04/20/2020,51580,Covington,Alleghany,1,0,0
04/20/2020,51590,Danville,Pittsylvania-Danville,28,13,0
04/20/2020,51595,Emporia,Crater,11,3,1
04/20/2020,51600,"Fairfax City",Fairfax,21,2,1
04/20/2020,51610,"Falls Church",Fairfax,24,2,1
04/20/2020,51620,"Franklin City","Western Tidewater",12,0,0
04/20/2020,51630,Fredericksburg,Rappahannock,17,3,0
04/20/2020,51640,Galax,"Mount Rogers",1,1,0
04/20/2020,51650,Hampton,Hampton,90,27,1
04/20/2020,51660,Harrisonburg,"Central Shenandoah",252,12,0
04/20/2020,51670,Hopewell,Crater,16,5,0
04/20/2020,51678,Lexington,"Central Shenandoah",3,0,0
04/20/2020,51680,Lynchburg,"Central Virginia",38,4,1
04/20/2020,51683,"Manassas City","Prince William",96,13,0
04/20/2020,51685,"Manassas Park","Prince William",30,5,1
04/20/2020,51690,Martinsville,"West Piedmont",0,0,0
04/20/2020,51700,"Newport News",Peninsula,102,33,6
04/20/2020,51710,Norfolk,Norfolk,113,28,2
04/20/2020,51720,Norton,Lenowisco,2,1,0
04/20/2020,51730,Petersburg,Crater,21,5,2
04/20/2020,51735,Poquoson,Peninsula,6,2,0
04/20/2020,51740,Portsmouth,Portsmouth,65,24,4
04/20/2020,51750,Radford,"New River",1,0,0
04/20/2020,51760,"Richmond City",Richmond,236,35,9
04/20/2020,51770,"Roanoke City",Roanoke,24,4,0
04/20/2020,51775,Salem,Alleghany,6,0,0
04/20/2020,51790,Staunton,"Central Shenandoah",8,0,0
04/20/2020,51800,Suffolk,"Western Tidewater",92,22,1
04/20/2020,51810,"Virginia Beach","Virginia Beach",281,59,8
04/20/2020,51820,Waynesboro,"Central Shenandoah",8,1,0
04/20/2020,51830,Williamsburg,Peninsula,19,6,1
04/20/2020,51840,Winchester,"Lord Fairfax",25,0,0
04/21/2020,51001,Accomack,"Eastern Shore",52,15,1
04/21/2020,51003,Albemarle,"Thomas Jefferson",66,13,3
04/21/2020,51005,Alleghany,Alleghany,5,4,0
04/21/2020,51007,Amelia,Piedmont,15,6,1
04/21/2020,51009,Amherst,"Central Virginia",10,2,1
04/21/2020,51011,Appomattox,"Central Virginia",7,0,0
04/21/2020,51013,Arlington,Arlington,625,114,23
04/21/2020,51015,Augusta,"Central Shenandoah",28,1,0
04/21/2020,51017,Bath,"Central Shenandoah",0,0,0
04/21/2020,51019,Bedford,"Central Virginia",19,1,0
04/21/2020,51021,Bland,"Mount Rogers",0,0,0
04/21/2020,51023,Botetourt,Alleghany,25,9,3
04/21/2020,51025,Brunswick,Southside,12,3,0
04/21/2020,51027,Buchanan,"Cumberland Plateau",12,0,0
04/21/2020,51029,Buckingham,Piedmont,27,6,0
04/21/2020,51031,Campbell,"Central Virginia",10,0,0
04/21/2020,51033,Caroline,Rappahannock,17,3,0
04/21/2020,51035,Carroll,"Mount Rogers",3,1,0
04/21/2020,51036,"Charles City",Chickahominy,11,4,1
04/21/2020,51037,Charlotte,Piedmont,8,0,0
04/21/2020,51041,Chesterfield,Chesterfield,346,29,7
04/21/2020,51043,Clarke,"Lord Fairfax",6,1,0
04/21/2020,51045,Craig,Alleghany,2,0,0
04/21/2020,51047,Culpeper,"Rappahannock Rapidan",65,9,1
04/21/2020,51049,Cumberland,Piedmont,10,1,0
04/21/2020,51051,Dickenson,"Cumberland Plateau",0,0,0
04/21/2020,51053,Dinwiddie,Crater,8,1,0
04/21/2020,51057,Essex,"Three Rivers",2,0,0
04/21/2020,51059,Fairfax,Fairfax,2077,379,64
04/21/2020,51061,Fauquier,"Rappahannock Rapidan",49,5,1
04/21/2020,51063,Floyd,"New River",1,0,0
04/21/2020,51065,Fluvanna,"Thomas Jefferson",68,12,4
04/21/2020,51067,"Franklin County","West Piedmont",16,2,0
04/21/2020,51069,Frederick,"Lord Fairfax",83,9,0
04/21/2020,51071,Giles,"New River",4,0,0
04/21/2020,51073,Gloucester,"Three Rivers",21,4,1
04/21/2020,51075,Goochland,Chickahominy,62,7,3
04/21/2020,51077,Grayson,"Mount Rogers",0,0,0
04/21/2020,51079,Greene,"Thomas Jefferson",8,2,1
04/21/2020,51081,Greensville,Crater,23,3,4
04/21/2020,51083,Halifax,Southside,12,1,0
04/21/2020,51085,Hanover,Chickahominy,93,19,6
04/21/2020,51087,Henrico,Henrico,621,90,77
04/21/2020,51089,Henry,"West Piedmont",10,2,1
04/21/2020,51091,Highland,"Central Shenandoah",0,0,0
04/21/2020,51093,"Isle of Wight","Western Tidewater",88,8,1
04/21/2020,51095,"James City",Peninsula,146,51,12
04/21/2020,51097,"King and Queen","Three Rivers",2,0,0
04/21/2020,51099,"King George",Rappahannock,19,11,2
04/21/2020,51101,"King William","Three Rivers",2,0,0
04/21/2020,51103,Lancaster,"Three Rivers",1,1,0
04/21/2020,51105,Lee,Lenowisco,7,1,0
04/21/2020,51107,Loudoun,Loudoun,468,59,8
04/21/2020,51109,Louisa,"Thomas Jefferson",35,8,0
04/21/2020,51111,Lunenburg,Piedmont,3,0,0
04/21/2020,51113,Madison,"Rappahannock Rapidan",12,1,0
04/21/2020,51115,Mathews,"Three Rivers",3,1,0
04/21/2020,51117,Mecklenburg,Southside,68,16,1
04/21/2020,51119,Middlesex,"Three Rivers",3,0,0
04/21/2020,51121,Montgomery,"New River",48,6,0
04/21/2020,51125,Nelson,"Thomas Jefferson",6,0,0
04/21/2020,51127,"New Kent",Chickahominy,20,5,2
04/21/2020,51131,Northampton,"Eastern Shore",7,1,0
04/21/2020,51133,Northumberland,"Three Rivers",5,0,0
04/21/2020,51135,Nottoway,Piedmont,8,0,0
04/21/2020,51137,Orange,"Rappahannock Rapidan",21,3,0
04/21/2020,51139,Page,"Lord Fairfax",14,0,0
04/21/2020,51141,Patrick,"West Piedmont",1,0,0
04/21/2020,51143,Pittsylvania,Pittsylvania-Danville,7,4,1
04/21/2020,51145,Powhatan,Chesterfield,8,0,0
04/21/2020,51147,"Prince Edward",Piedmont,19,3,2
04/21/2020,51149,"Prince George",Crater,28,2,0
04/21/2020,51153,"Prince William","Prince William",867,94,16
04/21/2020,51155,Pulaski,"New River",8,2,0
04/21/2020,51157,Rappahannock,"Rappahannock Rapidan",1,0,0
04/21/2020,51159,"Richmond County","Three Rivers",53,4,0
04/21/2020,51161,"Roanoke County",Alleghany,25,0,0
04/21/2020,51163,Rockbridge,"Central Shenandoah",5,0,0
04/21/2020,51165,Rockingham,"Central Shenandoah",122,9,1
04/21/2020,51167,Russell,"Cumberland Plateau",2,1,0
04/21/2020,51169,Scott,Lenowisco,5,1,1
04/21/2020,51171,Shenandoah,"Lord Fairfax",45,8,0
04/21/2020,51173,Smyth,"Mount Rogers",13,4,0
04/21/2020,51175,Southampton,"Western Tidewater",18,3,1
04/21/2020,51177,Spotsylvania,Rappahannock,79,18,2
04/21/2020,51179,Stafford,Rappahannock,164,37,2
04/21/2020,51181,Surry,Crater,4,1,1
04/21/2020,51183,Sussex,Crater,23,2,1
04/21/2020,51185,Tazewell,"Cumberland Plateau",4,0,0
04/21/2020,51187,Warren,"Lord Fairfax",26,3,0
04/21/2020,51191,Washington,"Mount Rogers",29,8,3
04/21/2020,51193,Westmoreland,"Three Rivers",10,0,0
04/21/2020,51195,Wise,Lenowisco,18,7,1
04/21/2020,51197,Wythe,"Mount Rogers",10,1,1
04/21/2020,51199,York,Peninsula,43,6,1
04/21/2020,51510,Alexandria,Alexandria,462,60,9
04/21/2020,51520,Bristol,"Mount Rogers",1,0,0
04/21/2020,51530,"Buena Vista City","Central Shenandoah",5,0,0
04/21/2020,51540,Charlottesville,"Thomas Jefferson",41,11,2
04/21/2020,51550,Chesapeake,Chesapeake,176,39,5
04/21/2020,51570,"Colonial Heights",Chesterfield,36,0,2
04/21/2020,51580,Covington,Alleghany,1,0,0
04/21/2020,51590,Danville,Pittsylvania-Danville,29,13,1
04/21/2020,51595,Emporia,Crater,12,3,1
04/21/2020,51600,"Fairfax City",Fairfax,22,2,1
04/21/2020,51610,"Falls Church",Fairfax,24,2,1
04/21/2020,51620,"Franklin City","Western Tidewater",12,0,0
04/21/2020,51630,Fredericksburg,Rappahannock,17,3,0
04/21/2020,51640,Galax,"Mount Rogers",1,1,0
04/21/2020,51650,Hampton,Hampton,92,26,1
04/21/2020,51660,Harrisonburg,"Central Shenandoah",264,12,0
04/21/2020,51670,Hopewell,Crater,16,5,0
04/21/2020,51678,Lexington,"Central Shenandoah",3,0,0
04/21/2020,51680,Lynchburg,"Central Virginia",43,4,1
04/21/2020,51683,"Manassas City","Prince William",110,14,0
04/21/2020,51685,"Manassas Park","Prince William",31,5,1
04/21/2020,51690,Martinsville,"West Piedmont",0,0,0
04/21/2020,51700,"Newport News",Peninsula,101,32,6
04/21/2020,51710,Norfolk,Norfolk,118,28,3
04/21/2020,51720,Norton,Lenowisco,2,1,0
04/21/2020,51730,Petersburg,Crater,24,8,2
04/21/2020,51735,Poquoson,Peninsula,6,2,0
04/21/2020,51740,Portsmouth,Portsmouth,82,28,4
04/21/2020,51750,Radford,"New River",1,0,0
04/21/2020,51760,"Richmond City",Richmond,246,39,10
04/21/2020,51770,"Roanoke City",Roanoke,25,5,0
04/21/2020,51775,Salem,Alleghany,6,0,0
04/21/2020,51790,Staunton,"Central Shenandoah",10,0,0
04/21/2020,51800,Suffolk,"Western Tidewater",111,24,2
04/21/2020,51810,"Virginia Beach","Virginia Beach",288,60,8
04/21/2020,51820,Waynesboro,"Central Shenandoah",8,1,0
04/21/2020,51830,Williamsburg,Peninsula,15,5,1
04/21/2020,51840,Winchester,"Lord Fairfax",27,0,0
04/22/2020,51001,Accomack,"Eastern Shore",59,15,1
04/22/2020,51003,Albemarle,"Thomas Jefferson",68,13,3
04/22/2020,51005,Alleghany,Alleghany,5,4,0
04/22/2020,51007,Amelia,Piedmont,15,6,1
04/22/2020,51009,Amherst,"Central Virginia",10,2,1
04/22/2020,51011,Appomattox,"Central Virginia",10,0,0
04/22/2020,51013,Arlington,Arlington,663,116,24
04/22/2020,51015,Augusta,"Central Shenandoah",30,2,0
04/22/2020,51017,Bath,"Central Shenandoah",0,0,0
04/22/2020,51019,Bedford,"Central Virginia",20,1,0
04/22/2020,51021,Bland,"Mount Rogers",0,0,0
04/22/2020,51023,Botetourt,Alleghany,26,9,3
04/22/2020,51025,Brunswick,Southside,13,3,0
04/22/2020,51027,Buchanan,"Cumberland Plateau",12,0,0
04/22/2020,51029,Buckingham,Piedmont,27,6,0
04/22/2020,51031,Campbell,"Central Virginia",10,0,0
04/22/2020,51033,Caroline,Rappahannock,20,3,0
04/22/2020,51035,Carroll,"Mount Rogers",3,1,0
04/22/2020,51036,"Charles City",Chickahominy,11,4,1
04/22/2020,51037,Charlotte,Piedmont,8,0,0
04/22/2020,51041,Chesterfield,Chesterfield,356,30,7
04/22/2020,51043,Clarke,"Lord Fairfax",6,1,0
04/22/2020,51045,Craig,Alleghany,2,0,0
04/22/2020,51047,Culpeper,"Rappahannock Rapidan",73,9,1
04/22/2020,51049,Cumberland,Piedmont,10,1,0
04/22/2020,51051,Dickenson,"Cumberland Plateau",0,0,0
04/22/2020,51053,Dinwiddie,Crater,8,1,0
04/22/2020,51057,Essex,"Three Rivers",2,0,0
04/22/2020,51059,Fairfax,Fairfax,2256,405,66
04/22/2020,51061,Fauquier,"Rappahannock Rapidan",56,5,1
04/22/2020,51063,Floyd,"New River",1,0,0
04/22/2020,51065,Fluvanna,"Thomas Jefferson",69,12,4
04/22/2020,51067,"Franklin County","West Piedmont",17,2,0
04/22/2020,51069,Frederick,"Lord Fairfax",86,9,0
04/22/2020,51071,Giles,"New River",4,0,0
04/22/2020,51073,Gloucester,"Three Rivers",21,4,1
04/22/2020,51075,Goochland,Chickahominy,63,7,3
04/22/2020,51077,Grayson,"Mount Rogers",0,0,0
04/22/2020,51079,Greene,"Thomas Jefferson",9,2,1
04/22/2020,51081,Greensville,Crater,24,4,4
04/22/2020,51083,Halifax,Southside,12,1,0
04/22/2020,51085,Hanover,Chickahominy,97,20,6
04/22/2020,51087,Henrico,Henrico,684,96,82
04/22/2020,51089,Henry,"West Piedmont",10,2,1
04/22/2020,51091,Highland,"Central Shenandoah",1,0,0
04/22/2020,51093,"Isle of Wight","Western Tidewater",90,8,2
04/22/2020,51095,"James City",Peninsula,147,51,12
04/22/2020,51097,"King and Queen","Three Rivers",2,0,0
04/22/2020,51099,"King George",Rappahannock,20,11,4
04/22/2020,51101,"King William","Three Rivers",2,0,0
04/22/2020,51103,Lancaster,"Three Rivers",1,1,0
04/22/2020,51105,Lee,Lenowisco,7,1,0
04/22/2020,51107,Loudoun,Loudoun,475,61,9
04/22/2020,51109,Louisa,"Thomas Jefferson",37,8,0
04/22/2020,51111,Lunenburg,Piedmont,3,0,0
04/22/2020,51113,Madison,"Rappahannock Rapidan",12,1,0
04/22/2020,51115,Mathews,"Three Rivers",3,1,0
04/22/2020,51117,Mecklenburg,Southside,69,17,1
04/22/2020,51119,Middlesex,"Three Rivers",3,0,0
04/22/2020,51121,Montgomery,"New River",50,6,0
04/22/2020,51125,Nelson,"Thomas Jefferson",7,0,0
04/22/2020,51127,"New Kent",Chickahominy,20,4,1
04/22/2020,51131,Northampton,"Eastern Shore",8,1,0
04/22/2020,51133,Northumberland,"Three Rivers",5,0,0
04/22/2020,51135,Nottoway,Piedmont,8,0,0
04/22/2020,51137,Orange,"Rappahannock Rapidan",22,3,0
04/22/2020,51139,Page,"Lord Fairfax",16,0,0
04/22/2020,51141,Patrick,"West Piedmont",1,0,0
04/22/2020,51143,Pittsylvania,Pittsylvania-Danville,9,4,1
04/22/2020,51145,Powhatan,Chesterfield,9,0,0
04/22/2020,51147,"Prince Edward",Piedmont,19,3,2
04/22/2020,51149,"Prince George",Crater,28,2,0
04/22/2020,51153,"Prince William","Prince William",924,101,17
04/22/2020,51155,Pulaski,"New River",9,2,0
04/22/2020,51157,Rappahannock,"Rappahannock Rapidan",1,0,0
04/22/2020,51159,"Richmond County","Three Rivers",53,4,0
04/22/2020,51161,"Roanoke County",Alleghany,31,0,0
04/22/2020,51163,Rockbridge,"Central Shenandoah",5,0,0
04/22/2020,51165,Rockingham,"Central Shenandoah",145,11,1
04/22/2020,51167,Russell,"Cumberland Plateau",2,1,0
04/22/2020,51169,Scott,Lenowisco,5,1,1
04/22/2020,51171,Shenandoah,"Lord Fairfax",53,8,0
04/22/2020,51173,Smyth,"Mount Rogers",13,4,0
04/22/2020,51175,Southampton,"Western Tidewater",19,3,1
04/22/2020,51177,Spotsylvania,Rappahannock,83,20,3
04/22/2020,51179,Stafford,Rappahannock,170,38,2
04/22/2020,51181,Surry,Crater,4,1,1
04/22/2020,51183,Sussex,Crater,23,2,1
04/22/2020,51185,Tazewell,"Cumberland Plateau",4,0,0
04/22/2020,51187,Warren,"Lord Fairfax",27,3,0
04/22/2020,51191,Washington,"Mount Rogers",29,8,3
04/22/2020,51193,Westmoreland,"Three Rivers",12,0,0
04/22/2020,51195,Wise,Lenowisco,18,7,1
04/22/2020,51197,Wythe,"Mount Rogers",11,1,1
04/22/2020,51199,York,Peninsula,43,6,1
04/22/2020,51510,Alexandria,Alexandria,474,65,12
04/22/2020,51520,Bristol,"Mount Rogers",1,0,0
04/22/2020,51530,"Buena Vista City","Central Shenandoah",5,0,0
04/22/2020,51540,Charlottesville,"Thomas Jefferson",44,11,2
04/22/2020,51550,Chesapeake,Chesapeake,180,39,5
04/22/2020,51570,"Colonial Heights",Chesterfield,37,0,2
04/22/2020,51580,Covington,Alleghany,1,0,0
04/22/2020,51590,Danville,Pittsylvania-Danville,29,13,1
04/22/2020,51595,Emporia,Crater,12,3,1
04/22/2020,51600,"Fairfax City",Fairfax,25,2,1
04/22/2020,51610,"Falls Church",Fairfax,25,2,1
04/22/2020,51620,"Franklin City","Western Tidewater",14,0,0
04/22/2020,51630,Fredericksburg,Rappahannock,17,3,0
04/22/2020,51640,Galax,"Mount Rogers",1,1,0
04/22/2020,51650,Hampton,Hampton,97,26,1
04/22/2020,51660,Harrisonburg,"Central Shenandoah",318,22,8
04/22/2020,51670,Hopewell,Crater,16,5,0
04/22/2020,51678,Lexington,"Central Shenandoah",3,0,0
04/22/2020,51680,Lynchburg,"Central Virginia",43,4,1
04/22/2020,51683,"Manassas City","Prince William",117,15,0
04/22/2020,51685,"Manassas Park","Prince William",34,6,1
04/22/2020,51690,Martinsville,"West Piedmont",0,0,0
04/22/2020,51700,"Newport News",Peninsula,101,32,6
04/22/2020,51710,Norfolk,Norfolk,126,29,3
04/22/2020,51720,Norton,Lenowisco,2,1,0
04/22/2020,51730,Petersburg,Crater,24,8,2
04/22/2020,51735,Poquoson,Peninsula,6,2,0
04/22/2020,51740,Portsmouth,Portsmouth,93,30,4
04/22/2020,51750,Radford,"New River",2,0,0
04/22/2020,51760,"Richmond City",Richmond,250,41,10
04/22/2020,51770,"Roanoke City",Roanoke,27,5,0
04/22/2020,51775,Salem,Alleghany,8,0,0
04/22/2020,51790,Staunton,"Central Shenandoah",10,0,0
04/22/2020,51800,Suffolk,"Western Tidewater",126,28,3
04/22/2020,51810,"Virginia Beach","Virginia Beach",313,60,8
04/22/2020,51820,Waynesboro,"Central Shenandoah",8,1,0
04/22/2020,51830,Williamsburg,Peninsula,14,5,1
04/22/2020,51840,Winchester,"Lord Fairfax",29,0,0
04/23/2020,51001,Accomack,"Eastern Shore",76,17,2
04/23/2020,51003,Albemarle,"Thomas Jefferson",71,13,3
04/23/2020,51005,Alleghany,Alleghany,5,4,0
04/23/2020,51007,Amelia,Piedmont,15,6,1
04/23/2020,51009,Amherst,"Central Virginia",9,1,0
04/23/2020,51011,Appomattox,"Central Virginia",12,0,0
04/23/2020,51013,Arlington,Arlington,686,118,24
04/23/2020,51015,Augusta,"Central Shenandoah",33,2,1
04/23/2020,51017,Bath,"Central Shenandoah",0,0,0
04/23/2020,51019,Bedford,"Central Virginia",21,1,0
04/23/2020,51021,Bland,"Mount Rogers",0,0,0
04/23/2020,51023,Botetourt,Alleghany,26,9,3
04/23/2020,51025,Brunswick,Southside,13,3,0
04/23/2020,51027,Buchanan,"Cumberland Plateau",12,0,0
04/23/2020,51029,Buckingham,Piedmont,31,6,0
04/23/2020,51031,Campbell,"Central Virginia",10,0,0
04/23/2020,51033,Caroline,Rappahannock,21,3,0
04/23/2020,51035,Carroll,"Mount Rogers",3,1,0
04/23/2020,51036,"Charles City",Chickahominy,12,4,1
04/23/2020,51037,Charlotte,Piedmont,8,1,0
04/23/2020,51041,Chesterfield,Chesterfield,402,34,7
04/23/2020,51043,Clarke,"Lord Fairfax",7,1,0
04/23/2020,51045,Craig,Alleghany,2,0,0
04/23/2020,51047,Culpeper,"Rappahannock Rapidan",84,9,1
04/23/2020,51049,Cumberland,Piedmont,10,1,0
04/23/2020,51051,Dickenson,"Cumberland Plateau",0,0,0
04/23/2020,51053,Dinwiddie,Crater,12,4,0
04/23/2020,51057,Essex,"Three Rivers",3,1,0
04/23/2020,51059,Fairfax,Fairfax,2362,431,76
04/23/2020,51061,Fauquier,"Rappahannock Rapidan",64,6,1
04/23/2020,51063,Floyd,"New River",1,0,0
04/23/2020,51065,Fluvanna,"Thomas Jefferson",72,12,4
04/23/2020,51067,"Franklin County","West Piedmont",17,2,0
04/23/2020,51069,Frederick,"Lord Fairfax",87,9,0
04/23/2020,51071,Giles,"New River",4,0,0
04/23/2020,51073,Gloucester,"Three Rivers",21,4,1
04/23/2020,51075,Goochland,Chickahominy,63,7,3
04/23/2020,51077,Grayson,"Mount Rogers",0,0,0
04/23/2020,51079,Greene,"Thomas Jefferson",10,2,1
04/23/2020,51081,Greensville,Crater,30,5,4
04/23/2020,51083,Halifax,Southside,13,1,0
04/23/2020,51085,Hanover,Chickahominy,99,23,7
04/23/2020,51087,Henrico,Henrico,718,99,83
04/23/2020,51089,Henry,"West Piedmont",10,2,1
04/23/2020,51091,Highland,"Central Shenandoah",1,0,0
04/23/2020,51093,"Isle of Wight","Western Tidewater",91,8,2
04/23/2020,51095,"James City",Peninsula,149,51,12
04/23/2020,51097,"King and Queen","Three Rivers",2,0,0
04/23/2020,51099,"King George",Rappahannock,21,11,4
04/23/2020,51101,"King William","Three Rivers",3,0,0
04/23/2020,51103,Lancaster,"Three Rivers",1,1,0
04/23/2020,51105,Lee,Lenowisco,7,1,0
04/23/2020,51107,Loudoun,Loudoun,498,64,10
04/23/2020,51109,Louisa,"Thomas Jefferson",38,8,0
04/23/2020,51111,Lunenburg,Piedmont,3,0,0
04/23/2020,51113,Madison,"Rappahannock Rapidan",14,1,0
04/23/2020,51115,Mathews,"Three Rivers",3,1,0
04/23/2020,51117,Mecklenburg,Southside,71,18,1
04/23/2020,51119,Middlesex,"Three Rivers",3,0,0
04/23/2020,51121,Montgomery,"New River",50,6,0
04/23/2020,51125,Nelson,"Thomas Jefferson",7,0,0
04/23/2020,51127,"New Kent",Chickahominy,20,4,1
04/23/2020,51131,Northampton,"Eastern Shore",12,1,0
04/23/2020,51133,Northumberland,"Three Rivers",6,0,0
04/23/2020,51135,Nottoway,Piedmont,8,0,0
04/23/2020,51137,Orange,"Rappahannock Rapidan",22,3,0
04/23/2020,51139,Page,"Lord Fairfax",22,6,0
04/23/2020,51141,Patrick,"West Piedmont",1,0,0
04/23/2020,51143,Pittsylvania,Pittsylvania-Danville,11,4,1
04/23/2020,51145,Powhatan,Chesterfield,9,0,0
04/23/2020,51147,"Prince Edward",Piedmont,29,3,2
04/23/2020,51149,"Prince George",Crater,29,2,0
04/23/2020,51153,"Prince William","Prince William",1027,108,18
04/23/2020,51155,Pulaski,"New River",9,2,0
04/23/2020,51157,Rappahannock,"Rappahannock Rapidan",1,0,0
04/23/2020,51159,"Richmond County","Three Rivers",66,4,0
04/23/2020,51161,"Roanoke County",Alleghany,34,0,0
04/23/2020,51163,Rockbridge,"Central Shenandoah",5,0,0
04/23/2020,51165,Rockingham,"Central Shenandoah",163,11,1
04/23/2020,51167,Russell,"Cumberland Plateau",2,1,0
04/23/2020,51169,Scott,Lenowisco,5,1,1
04/23/2020,51171,Shenandoah,"Lord Fairfax",58,9,0
04/23/2020,51173,Smyth,"Mount Rogers",13,4,0
04/23/2020,51175,Southampton,"Western Tidewater",71,3,1
04/23/2020,51177,Spotsylvania,Rappahannock,94,20,3
04/23/2020,51179,Stafford,Rappahannock,180,38,2
04/23/2020,51181,Surry,Crater,4,1,1
04/23/2020,51183,Sussex,Crater,25,2,1
04/23/2020,51185,Tazewell,"Cumberland Plateau",4,0,0
04/23/2020,51187,Warren,"Lord Fairfax",30,3,0
04/23/2020,51191,Washington,"Mount Rogers",30,8,3
04/23/2020,51193,Westmoreland,"Three Rivers",14,0,0
04/23/2020,51195,Wise,Lenowisco,20,9,1
04/23/2020,51197,Wythe,"Mount Rogers",11,1,1
04/23/2020,51199,York,Peninsula,43,6,1
04/23/2020,51510,Alexandria,Alexandria,512,74,14
04/23/2020,51520,Bristol,"Mount Rogers",1,0,0
04/23/2020,51530,"Buena Vista City","Central Shenandoah",5,0,0
04/23/2020,51540,Charlottesville,"Thomas Jefferson",44,13,2
04/23/2020,51550,Chesapeake,Chesapeake,186,40,5
04/23/2020,51570,"Colonial Heights",Chesterfield,41,0,2
04/23/2020,51580,Covington,Alleghany,1,0,0
04/23/2020,51590,Danville,Pittsylvania-Danville,31,13,1
04/23/2020,51595,Emporia,Crater,18,4,1
04/23/2020,51600,"Fairfax City",Fairfax,26,3,2
04/23/2020,51610,"Falls Church",Fairfax,25,2,2
04/23/2020,51620,"Franklin City","Western Tidewater",15,0,0
04/23/2020,51630,Fredericksburg,Rappahannock,20,3,0
04/23/2020,51640,Galax,"Mount Rogers",1,1,0
04/23/2020,51650,Hampton,Hampton,99,26,1
04/23/2020,51660,Harrisonburg,"Central Shenandoah",346,23,8
04/23/2020,51670,Hopewell,Crater,19,5,0
04/23/2020,51678,Lexington,"Central Shenandoah",3,0,0
04/23/2020,51680,Lynchburg,"Central Virginia",47,5,1
04/23/2020,51683,"Manassas City","Prince William",127,18,1
04/23/2020,51685,"Manassas Park","Prince William",38,6,1
04/23/2020,51690,Martinsville,"West Piedmont",0,0,0
04/23/2020,51700,"Newport News",Peninsula,105,32,6
04/23/2020,51710,Norfolk,Norfolk,136,31,3
04/23/2020,51720,Norton,Lenowisco,2,1,0
04/23/2020,51730,Petersburg,Crater,27,9,2
04/23/2020,51735,Poquoson,Peninsula,6,2,0
04/23/2020,51740,Portsmouth,Portsmouth,98,30,4
04/23/2020,51750,Radford,"New River",2,0,0
04/23/2020,51760,"Richmond City",Richmond,259,45,13
04/23/2020,51770,"Roanoke City",Roanoke,28,5,0
04/23/2020,51775,Salem,Alleghany,8,0,0
04/23/2020,51790,Staunton,"Central Shenandoah",10,0,0
04/23/2020,51800,Suffolk,"Western Tidewater",136,29,3
04/23/2020,51810,"Virginia Beach","Virginia Beach",328,61,8
04/23/2020,51820,Waynesboro,"Central Shenandoah",9,1,0
04/23/2020,51830,Williamsburg,Peninsula,14,5,1
04/23/2020,51840,Winchester,"Lord Fairfax",30,0,0
04/24/2020,51001,Accomack,"Eastern Shore",100,17,3
04/24/2020,51003,Albemarle,"Thomas Jefferson",72,13,3
04/24/2020,51005,Alleghany,Alleghany,5,4,0
04/24/2020,51007,Amelia,Piedmont,15,6,1
04/24/2020,51009,Amherst,"Central Virginia",9,1,0
04/24/2020,51011,Appomattox,"Central Virginia",12,0,0
04/24/2020,51013,Arlington,Arlington,722,120,24
04/24/2020,51015,Augusta,"Central Shenandoah",34,2,1
04/24/2020,51017,Bath,"Central Shenandoah",0,0,0
04/24/2020,51019,Bedford,"Central Virginia",23,1,0
04/24/2020,51021,Bland,"Mount Rogers",0,0,0
04/24/2020,51023,Botetourt,Alleghany,27,9,3
04/24/2020,51025,Brunswick,Southside,14,3,0
04/24/2020,51027,Buchanan,"Cumberland Plateau",12,0,0
04/24/2020,51029,Buckingham,Piedmont,31,6,0
04/24/2020,51031,Campbell,"Central Virginia",10,0,0
04/24/2020,51033,Caroline,Rappahannock,21,3,0
04/24/2020,51035,Carroll,"Mount Rogers",3,1,0
04/24/2020,51036,"Charles City",Chickahominy,12,5,1
04/24/2020,51037,Charlotte,Piedmont,8,1,0
04/24/2020,51041,Chesterfield,Chesterfield,423,38,17
04/24/2020,51043,Clarke,"Lord Fairfax",7,1,0
04/24/2020,51045,Craig,Alleghany,2,0,0
04/24/2020,51047,Culpeper,"Rappahannock Rapidan",90,10,1
04/24/2020,51049,Cumberland,Piedmont,10,1,0
04/24/2020,51051,Dickenson,"Cumberland Plateau",0,0,0
04/24/2020,51053,Dinwiddie,Crater,12,5,0
04/24/2020,51057,Essex,"Three Rivers",3,1,0
04/24/2020,51059,Fairfax,Fairfax,2534,455,85
04/24/2020,51061,Fauquier,"Rappahannock Rapidan",73,7,2
04/24/2020,51063,Floyd,"New River",1,0,0
04/24/2020,51065,Fluvanna,"Thomas Jefferson",72,12,5
04/24/2020,51067,"Franklin County","West Piedmont",19,3,0
04/24/2020,51069,Frederick,"Lord Fairfax",87,9,0
04/24/2020,51071,Giles,"New River",4,0,0
04/24/2020,51073,Gloucester,"Three Rivers",21,4,1
04/24/2020,51075,Goochland,Chickahominy,69,7,3
04/24/2020,51077,Grayson,"Mount Rogers",0,0,0
04/24/2020,51079,Greene,"Thomas Jefferson",10,2,1
04/24/2020,51081,Greensville,Crater,30,6,4
04/24/2020,51083,Halifax,Southside,16,1,0
04/24/2020,51085,Hanover,Chickahominy,100,24,7
04/24/2020,51087,Henrico,Henrico,729,107,86
04/24/2020,51089,Henry,"West Piedmont",12,2,1
04/24/2020,51091,Highland,"Central Shenandoah",1,0,0
04/24/2020,51093,"Isle of Wight","Western Tidewater",91,8,2
04/24/2020,51095,"James City",Peninsula,150,51,12
04/24/2020,51097,"King and Queen","Three Rivers",2,0,0
04/24/2020,51099,"King George",Rappahannock,23,11,4
04/24/2020,51101,"King William","Three Rivers",3,0,0
04/24/2020,51103,Lancaster,"Three Rivers",1,1,0
04/24/2020,51105,Lee,Lenowisco,8,1,0
04/24/2020,51107,Loudoun,Loudoun,529,67,10
04/24/2020,51109,Louisa,"Thomas Jefferson",38,9,0
04/24/2020,51111,Lunenburg,Piedmont,3,0,0
04/24/2020,51113,Madison,"Rappahannock Rapidan",14,1,0
04/24/2020,51115,Mathews,"Three Rivers",3,1,0
04/24/2020,51117,Mecklenburg,Southside,74,19,7
04/24/2020,51119,Middlesex,"Three Rivers",3,0,0
04/24/2020,51121,Montgomery,"New River",50,6,0
04/24/2020,51125,Nelson,"Thomas Jefferson",7,0,0
04/24/2020,51127,"New Kent",Chickahominy,20,4,1
04/24/2020,51131,Northampton,"Eastern Shore",15,1,0
04/24/2020,51133,Northumberland,"Three Rivers",6,0,0
04/24/2020,51135,Nottoway,Piedmont,10,0,0
04/24/2020,51137,Orange,"Rappahannock Rapidan",22,3,0
04/24/2020,51139,Page,"Lord Fairfax",30,8,0
04/24/2020,51141,Patrick,"West Piedmont",2,0,0
04/24/2020,51143,Pittsylvania,Pittsylvania-Danville,11,4,1
04/24/2020,51145,Powhatan,Chesterfield,9,0,0
04/24/2020,51147,"Prince Edward",Piedmont,34,3,2
04/24/2020,51149,"Prince George",Crater,29,2,0
04/24/2020,51153,"Prince William","Prince William",1110,112,18
04/24/2020,51155,Pulaski,"New River",10,2,0
04/24/2020,51157,Rappahannock,"Rappahannock Rapidan",1,0,0
04/24/2020,51159,"Richmond County","Three Rivers",66,4,0
04/24/2020,51161,"Roanoke County",Alleghany,39,1,0
04/24/2020,51163,Rockbridge,"Central Shenandoah",5,0,0
04/24/2020,51165,Rockingham,"Central Shenandoah",176,13,1
04/24/2020,51167,Russell,"Cumberland Plateau",2,1,0
04/24/2020,51169,Scott,Lenowisco,5,1,1
04/24/2020,51171,Shenandoah,"Lord Fairfax",65,10,0
04/24/2020,51173,Smyth,"Mount Rogers",13,4,0
04/24/2020,51175,Southampton,"Western Tidewater",75,3,1
04/24/2020,51177,Spotsylvania,Rappahannock,97,20,3
04/24/2020,51179,Stafford,Rappahannock,193,38,2
04/24/2020,51181,Surry,Crater,4,1,1
04/24/2020,51183,Sussex,Crater,28,2,1
04/24/2020,51185,Tazewell,"Cumberland Plateau",4,0,0
04/24/2020,51187,Warren,"Lord Fairfax",36,3,0
04/24/2020,51191,Washington,"Mount Rogers",30,8,3
04/24/2020,51193,Westmoreland,"Three Rivers",14,0,0
04/24/2020,51195,Wise,Lenowisco,20,9,1
04/24/2020,51197,Wythe,"Mount Rogers",11,1,1
04/24/2020,51199,York,Peninsula,43,6,1
04/24/2020,51510,Alexandria,Alexandria,547,81,15
04/24/2020,51520,Bristol,"Mount Rogers",1,0,0
04/24/2020,51530,"Buena Vista City","Central Shenandoah",5,0,0
04/24/2020,51540,Charlottesville,"Thomas Jefferson",45,13,2
04/24/2020,51550,Chesapeake,Chesapeake,197,43,5
04/24/2020,51570,"Colonial Heights",Chesterfield,41,0,3
04/24/2020,51580,Covington,Alleghany,1,0,0
04/24/2020,51590,Danville,Pittsylvania-Danville,31,13,1
04/24/2020,51595,Emporia,Crater,18,4,1
04/24/2020,51600,"Fairfax City",Fairfax,26,3,2
04/24/2020,51610,"Falls Church",Fairfax,24,2,2
04/24/2020,51620,"Franklin City","Western Tidewater",15,0,0
04/24/2020,51630,Fredericksburg,Rappahannock,21,3,0
04/24/2020,51640,Galax,"Mount Rogers",1,1,0
04/24/2020,51650,Hampton,Hampton,99,26,1
04/24/2020,51660,Harrisonburg,"Central Shenandoah",355,23,9
04/24/2020,51670,Hopewell,Crater,19,5,0
04/24/2020,51678,Lexington,"Central Shenandoah",3,0,0
04/24/2020,51680,Lynchburg,"Central Virginia",48,5,1
04/24/2020,51683,"Manassas City","Prince William",137,20,1
04/24/2020,51685,"Manassas Park","Prince William",44,6,1
04/24/2020,51690,Martinsville,"West Piedmont",0,0,0
04/24/2020,51700,"Newport News",Peninsula,107,32,6
04/24/2020,51710,Norfolk,Norfolk,141,31,3
04/24/2020,51720,Norton,Lenowisco,2,1,0
04/24/2020,51730,Petersburg,Crater,27,10,2
04/24/2020,51735,Poquoson,Peninsula,6,2,0
04/24/2020,51740,Portsmouth,Portsmouth,100,30,4
04/24/2020,51750,Radford,"New River",2,0,0
04/24/2020,51760,"Richmond City",Richmond,267,51,14
04/24/2020,51770,"Roanoke City",Roanoke,33,5,0
04/24/2020,51775,Salem,Alleghany,8,0,0
04/24/2020,51790,Staunton,"Central Shenandoah",10,0,0
04/24/2020,51800,Suffolk,"Western Tidewater",138,30,4
04/24/2020,51810,"Virginia Beach","Virginia Beach",331,65,10
04/24/2020,51820,Waynesboro,"Central Shenandoah",10,1,0
04/24/2020,51830,Williamsburg,Peninsula,14,5,1
04/24/2020,51840,Winchester,"Lord Fairfax",31,0,0
04/25/2020,51001,Accomack,"Eastern Shore",146,17,3
04/25/2020,51003,Albemarle,"Thomas Jefferson",73,13,3
04/25/2020,51005,Alleghany,Alleghany,5,4,0
04/25/2020,51007,Amelia,Piedmont,15,6,1
04/25/2020,51009,Amherst,"Central Virginia",9,1,0
04/25/2020,51011,Appomattox,"Central Virginia",12,0,0
04/25/2020,51013,Arlington,Arlington,764,139,29
04/25/2020,51015,Augusta,"Central Shenandoah",36,2,1
04/25/2020,51017,Bath,"Central Shenandoah",0,0,0
04/25/2020,51019,Bedford,"Central Virginia",24,1,0
04/25/2020,51021,Bland,"Mount Rogers",0,0,0
04/25/2020,51023,Botetourt,Alleghany,27,9,3
04/25/2020,51025,Brunswick,Southside,14,3,0
04/25/2020,51027,Buchanan,"Cumberland Plateau",13,0,0
04/25/2020,51029,Buckingham,Piedmont,34,6,0
04/25/2020,51031,Campbell,"Central Virginia",10,0,0
04/25/2020,51033,Caroline,Rappahannock,21,4,0
04/25/2020,51035,Carroll,"Mount Rogers",3,1,0
04/25/2020,51036,"Charles City",Chickahominy,12,5,1
04/25/2020,51037,Charlotte,Piedmont,7,1,0
04/25/2020,51041,Chesterfield,Chesterfield,440,39,18
04/25/2020,51043,Clarke,"Lord Fairfax",7,1,0
04/25/2020,51045,Craig,Alleghany,2,0,0
04/25/2020,51047,Culpeper,"Rappahannock Rapidan",95,10,1
04/25/2020,51049,Cumberland,Piedmont,10,1,0
04/25/2020,51051,Dickenson,"Cumberland Plateau",0,0,0
04/25/2020,51053,Dinwiddie,Crater,12,6,0
04/25/2020,51057,Essex,"Three Rivers",4,1,0
04/25/2020,51059,Fairfax,Fairfax,2745,481,90
04/25/2020,51061,Fauquier,"Rappahannock Rapidan",80,7,2
04/25/2020,51063,Floyd,"New River",1,0,0
04/25/2020,51065,Fluvanna,"Thomas Jefferson",72,13,5
04/25/2020,51067,"Franklin County","West Piedmont",19,3,0
04/25/2020,51069,Frederick,"Lord Fairfax",93,11,0
04/25/2020,51071,Giles,"New River",4,0,0
04/25/2020,51073,Gloucester,"Three Rivers",22,4,1
04/25/2020,51075,Goochland,Chickahominy,69,7,3
04/25/2020,51077,Grayson,"Mount Rogers",0,0,0
04/25/2020,51079,Greene,"Thomas Jefferson",10,2,1
04/25/2020,51081,Greensville,Crater,30,6,4
04/25/2020,51083,Halifax,Southside,16,1,0
04/25/2020,51085,Hanover,Chickahominy,103,24,7
04/25/2020,51087,Henrico,Henrico,764,115,89
04/25/2020,51089,Henry,"West Piedmont",13,2,1
04/25/2020,51091,Highland,"Central Shenandoah",1,0,0
04/25/2020,51093,"Isle of Wight","Western Tidewater",91,8,2
04/25/2020,51095,"James City",Peninsula,151,51,12
04/25/2020,51097,"King and Queen","Three Rivers",2,0,0
04/25/2020,51099,"King George",Rappahannock,25,11,4
04/25/2020,51101,"King William","Three Rivers",5,1,0
04/25/2020,51103,Lancaster,"Three Rivers",1,1,0
04/25/2020,51105,Lee,Lenowisco,8,1,0
04/25/2020,51107,Loudoun,Loudoun,564,72,11
04/25/2020,51109,Louisa,"Thomas Jefferson",39,9,0
04/25/2020,51111,Lunenburg,Piedmont,4,0,0
04/25/2020,51113,Madison,"Rappahannock Rapidan",14,1,0
04/25/2020,51115,Mathews,"Three Rivers",4,1,0
04/25/2020,51117,Mecklenburg,Southside,85,19,9
04/25/2020,51119,Middlesex,"Three Rivers",4,0,0
04/25/2020,51121,Montgomery,"New River",51,6,1
04/25/2020,51125,Nelson,"Thomas Jefferson",7,0,0
04/25/2020,51127,"New Kent",Chickahominy,20,4,1
04/25/2020,51131,Northampton,"Eastern Shore",20,1,0
04/25/2020,51133,Northumberland,"Three Rivers",8,0,0
04/25/2020,51135,Nottoway,Piedmont,11,0,0
04/25/2020,51137,Orange,"Rappahannock Rapidan",25,3,0
04/25/2020,51139,Page,"Lord Fairfax",82,9,0
04/25/2020,51141,Patrick,"West Piedmont",2,0,0
04/25/2020,51143,Pittsylvania,Pittsylvania-Danville,11,4,1
04/25/2020,51145,Powhatan,Chesterfield,11,0,0
04/25/2020,51147,"Prince Edward",Piedmont,37,3,2
04/25/2020,51149,"Prince George",Crater,30,2,0
04/25/2020,51153,"Prince William","Prince William",1184,120,19
04/25/2020,51155,Pulaski,"New River",10,2,0
04/25/2020,51157,Rappahannock,"Rappahannock Rapidan",2,0,0
04/25/2020,51159,"Richmond County","Three Rivers",79,4,0
04/25/2020,51161,"Roanoke County",Alleghany,39,1,0
04/25/2020,51163,Rockbridge,"Central Shenandoah",5,0,0
04/25/2020,51165,Rockingham,"Central Shenandoah",184,13,1
04/25/2020,51167,Russell,"Cumberland Plateau",3,1,0
04/25/2020,51169,Scott,Lenowisco,5,1,1
04/25/2020,51171,Shenandoah,"Lord Fairfax",72,10,1
04/25/2020,51173,Smyth,"Mount Rogers",13,4,0
04/25/2020,51175,Southampton,"Western Tidewater",75,3,1
04/25/2020,51177,Spotsylvania,Rappahannock,101,21,3
04/25/2020,51179,Stafford,Rappahannock,198,39,2
04/25/2020,51181,Surry,Crater,4,1,1
04/25/2020,51183,Sussex,Crater,28,2,1
04/25/2020,51185,Tazewell,"Cumberland Plateau",4,0,0
04/25/2020,51187,Warren,"Lord Fairfax",42,3,0
04/25/2020,51191,Washington,"Mount Rogers",30,8,3
04/25/2020,51193,Westmoreland,"Three Rivers",17,2,0
04/25/2020,51195,Wise,Lenowisco,20,9,1
04/25/2020,51197,Wythe,"Mount Rogers",11,1,1
04/25/2020,51199,York,Peninsula,44,6,1
04/25/2020,51510,Alexandria,Alexandria,575,80,18
04/25/2020,51520,Bristol,"Mount Rogers",1,0,0
04/25/2020,51530,"Buena Vista City","Central Shenandoah",5,0,0
04/25/2020,51540,Charlottesville,"Thomas Jefferson",48,13,2
04/25/2020,51550,Chesapeake,Chesapeake,200,45,6
04/25/2020,51570,"Colonial Heights",Chesterfield,43,0,3
04/25/2020,51580,Covington,Alleghany,1,0,0
04/25/2020,51590,Danville,Pittsylvania-Danville,32,13,1
04/25/2020,51595,Emporia,Crater,18,6,1
04/25/2020,51600,"Fairfax City",Fairfax,26,4,2
04/25/2020,51610,"Falls Church",Fairfax,26,3,2
04/25/2020,51620,"Franklin City","Western Tidewater",16,0,0
04/25/2020,51630,Fredericksburg,Rappahannock,23,3,0
04/25/2020,51640,Galax,"Mount Rogers",1,1,0
04/25/2020,51650,Hampton,Hampton,101,26,1
04/25/2020,51660,Harrisonburg,"Central Shenandoah",370,24,9
04/25/2020,51670,Hopewell,Crater,21,7,0
04/25/2020,51678,Lexington,"Central Shenandoah",3,0,0
04/25/2020,51680,Lynchburg,"Central Virginia",48,5,1
04/25/2020,51683,"Manassas City","Prince William",154,24,1
04/25/2020,51685,"Manassas Park","Prince William",44,6,1
04/25/2020,51690,Martinsville,"West Piedmont",0,0,0
04/25/2020,51700,"Newport News",Peninsula,109,32,6
04/25/2020,51710,Norfolk,Norfolk,169,32,3
04/25/2020,51720,Norton,Lenowisco,2,1,0
04/25/2020,51730,Petersburg,Crater,27,11,2
04/25/2020,51735,Poquoson,Peninsula,6,2,0
04/25/2020,51740,Portsmouth,Portsmouth,103,31,5
04/25/2020,51750,Radford,"New River",3,0,0
04/25/2020,51760,"Richmond City",Richmond,287,55,14
04/25/2020,51770,"Roanoke City",Roanoke,33,5,0
04/25/2020,51775,Salem,Alleghany,8,0,0
04/25/2020,51790,Staunton,"Central Shenandoah",10,0,0
04/25/2020,51800,Suffolk,"Western Tidewater",141,30,5
04/25/2020,51810,"Virginia Beach","Virginia Beach",335,71,10
04/25/2020,51820,Waynesboro,"Central Shenandoah",10,1,0
04/25/2020,51830,Williamsburg,Peninsula,15,6,1
04/25/2020,51840,Winchester,"Lord Fairfax",33,1,0
04/26/2020,51001,Accomack,"Eastern Shore",187,17,3
04/26/2020,51003,Albemarle,"Thomas Jefferson",76,13,3
04/26/2020,51005,Alleghany,Alleghany,5,4,0
04/26/2020,51007,Amelia,Piedmont,15,6,1
04/26/2020,51009,Amherst,"Central Virginia",9,1,0
04/26/2020,51011,Appomattox,"Central Virginia",17,0,0
04/26/2020,51013,Arlington,Arlington,790,141,32
04/26/2020,51015,Augusta,"Central Shenandoah",36,2,1
04/26/2020,51017,Bath,"Central Shenandoah",0,0,0
04/26/2020,51019,Bedford,"Central Virginia",24,1,0
04/26/2020,51021,Bland,"Mount Rogers",0,0,0
04/26/2020,51023,Botetourt,Alleghany,27,9,3
04/26/2020,51025,Brunswick,Southside,14,3,0
04/26/2020,51027,Buchanan,"Cumberland Plateau",13,0,0
04/26/2020,51029,Buckingham,Piedmont,35,6,0
04/26/2020,51031,Campbell,"Central Virginia",11,0,0
04/26/2020,51033,Caroline,Rappahannock,21,4,0
04/26/2020,51035,Carroll,"Mount Rogers",3,1,0
04/26/2020,51036,"Charles City",Chickahominy,13,5,1
04/26/2020,51037,Charlotte,Piedmont,7,1,0
04/26/2020,51041,Chesterfield,Chesterfield,457,39,18
04/26/2020,51043,Clarke,"Lord Fairfax",7,1,0
04/26/2020,51045,Craig,Alleghany,2,0,0
04/26/2020,51047,Culpeper,"Rappahannock Rapidan",103,10,1
04/26/2020,51049,Cumberland,Piedmont,10,1,0
04/26/2020,51051,Dickenson,"Cumberland Plateau",0,0,0
04/26/2020,51053,Dinwiddie,Crater,14,6,0
04/26/2020,51057,Essex,"Three Rivers",6,1,0
04/26/2020,51059,Fairfax,Fairfax,2889,509,95
04/26/2020,51061,Fauquier,"Rappahannock Rapidan",87,7,2
04/26/2020,51063,Floyd,"New River",1,0,0
04/26/2020,51065,Fluvanna,"Thomas Jefferson",72,13,5
04/26/2020,51067,"Franklin County","West Piedmont",19,3,0
04/26/2020,51069,Frederick,"Lord Fairfax",93,11,0
04/26/2020,51071,Giles,"New River",4,0,0
04/26/2020,51073,Gloucester,"Three Rivers",22,4,1
04/26/2020,51075,Goochland,Chickahominy,70,9,3
04/26/2020,51077,Grayson,"Mount Rogers",0,0,0
04/26/2020,51079,Greene,"Thomas Jefferson",10,2,1
04/26/2020,51081,Greensville,Crater,30,8,5
04/26/2020,51083,Halifax,Southside,17,1,0
04/26/2020,51085,Hanover,Chickahominy,105,25,7
04/26/2020,51087,Henrico,Henrico,792,116,89
04/26/2020,51089,Henry,"West Piedmont",14,2,1
04/26/2020,51091,Highland,"Central Shenandoah",1,0,0
04/26/2020,51093,"Isle of Wight","Western Tidewater",93,9,2
04/26/2020,51095,"James City",Peninsula,153,51,12
04/26/2020,51097,"King and Queen","Three Rivers",2,0,0
04/26/2020,51099,"King George",Rappahannock,27,12,4
04/26/2020,51101,"King William","Three Rivers",5,1,0
04/26/2020,51103,Lancaster,"Three Rivers",1,1,0
04/26/2020,51105,Lee,Lenowisco,8,1,0
04/26/2020,51107,Loudoun,Loudoun,596,76,11
04/26/2020,51109,Louisa,"Thomas Jefferson",40,9,0
04/26/2020,51111,Lunenburg,Piedmont,4,0,0
04/26/2020,51113,Madison,"Rappahannock Rapidan",14,1,0
04/26/2020,51115,Mathews,"Three Rivers",4,1,0
04/26/2020,51117,Mecklenburg,Southside,94,19,9
04/26/2020,51119,Middlesex,"Three Rivers",4,0,0
04/26/2020,51121,Montgomery,"New River",51,6,1
04/26/2020,51125,Nelson,"Thomas Jefferson",7,0,0
04/26/2020,51127,"New Kent",Chickahominy,20,4,1
04/26/2020,51131,Northampton,"Eastern Shore",24,1,0
04/26/2020,51133,Northumberland,"Three Rivers",8,0,0
04/26/2020,51135,Nottoway,Piedmont,11,0,0
04/26/2020,51137,Orange,"Rappahannock Rapidan",26,3,0
04/26/2020,51139,Page,"Lord Fairfax",84,9,0
04/26/2020,51141,Patrick,"West Piedmont",2,0,0
04/26/2020,51143,Pittsylvania,Pittsylvania-Danville,11,4,1
04/26/2020,51145,Powhatan,Chesterfield,11,0,0
04/26/2020,51147,"Prince Edward",Piedmont,41,3,2
04/26/2020,51149,"Prince George",Crater,30,4,0
04/26/2020,51153,"Prince William","Prince William",1265,124,19
04/26/2020,51155,Pulaski,"New River",10,2,0
04/26/2020,51157,Rappahannock,"Rappahannock Rapidan",2,0,0
04/26/2020,51159,"Richmond County","Three Rivers",89,4,0
04/26/2020,51161,"Roanoke County",Alleghany,39,1,0
04/26/2020,51163,Rockbridge,"Central Shenandoah",5,0,0
04/26/2020,51165,Rockingham,"Central Shenandoah",184,14,1
04/26/2020,51167,Russell,"Cumberland Plateau",3,1,0
04/26/2020,51169,Scott,Lenowisco,6,1,1
04/26/2020,51171,Shenandoah,"Lord Fairfax",74,10,1
04/26/2020,51173,Smyth,"Mount Rogers",13,4,0
04/26/2020,51175,Southampton,"Western Tidewater",115,3,1
04/26/2020,51177,Spotsylvania,Rappahannock,107,23,3
04/26/2020,51179,Stafford,Rappahannock,213,42,2
04/26/2020,51181,Surry,Crater,4,1,1
04/26/2020,51183,Sussex,Crater,28,3,1
04/26/2020,51185,Tazewell,"Cumberland Plateau",4,0,0
04/26/2020,51187,Warren,"Lord Fairfax",43,3,0
04/26/2020,51191,Washington,"Mount Rogers",34,8,3
04/26/2020,51193,Westmoreland,"Three Rivers",20,2,0
04/26/2020,51195,Wise,Lenowisco,20,9,1
04/26/2020,51197,Wythe,"Mount Rogers",11,1,1
04/26/2020,51199,York,Peninsula,44,6,1
04/26/2020,51510,Alexandria,Alexandria,591,80,19
04/26/2020,51520,Bristol,"Mount Rogers",1,0,0
04/26/2020,51530,"Buena Vista City","Central Shenandoah",5,0,0
04/26/2020,51540,Charlottesville,"Thomas Jefferson",49,13,2
04/26/2020,51550,Chesapeake,Chesapeake,208,45,6
04/26/2020,51570,"Colonial Heights",Chesterfield,45,0,3
04/26/2020,51580,Covington,Alleghany,1,0,0
04/26/2020,51590,Danville,Pittsylvania-Danville,33,13,1
04/26/2020,51595,Emporia,Crater,18,7,2
04/26/2020,51600,"Fairfax City",Fairfax,26,4,2
04/26/2020,51610,"Falls Church",Fairfax,26,3,2
04/26/2020,51620,"Franklin City","Western Tidewater",16,0,0
04/26/2020,51630,Fredericksburg,Rappahannock,23,6,0
04/26/2020,51640,Galax,"Mount Rogers",4,1,0
04/26/2020,51650,Hampton,Hampton,104,28,1
04/26/2020,51660,Harrisonburg,"Central Shenandoah",371,24,9
04/26/2020,51670,Hopewell,Crater,22,7,0
04/26/2020,51678,Lexington,"Central Shenandoah",3,0,0
04/26/2020,51680,Lynchburg,"Central Virginia",50,5,1
04/26/2020,51683,"Manassas City","Prince William",158,25,2
04/26/2020,51685,"Manassas Park","Prince William",45,6,1
04/26/2020,51690,Martinsville,"West Piedmont",0,0,0
04/26/2020,51700,"Newport News",Peninsula,111,32,6
04/26/2020,51710,Norfolk,Norfolk,179,34,3
04/26/2020,51720,Norton,Lenowisco,2,1,0
04/26/2020,51730,Petersburg,Crater,27,13,2
04/26/2020,51735,Poquoson,Peninsula,6,2,0
04/26/2020,51740,Portsmouth,Portsmouth,108,32,5
04/26/2020,51750,Radford,"New River",3,0,0
04/26/2020,51760,"Richmond City",Richmond,301,58,14
04/26/2020,51770,"Roanoke City",Roanoke,33,5,0
04/26/2020,51775,Salem,Alleghany,9,0,0
04/26/2020,51790,Staunton,"Central Shenandoah",10,0,0
04/26/2020,51800,Suffolk,"Western Tidewater",147,31,5
04/26/2020,51810,"Virginia Beach","Virginia Beach",345,72,10
04/26/2020,51820,Waynesboro,"Central Shenandoah",10,1,0
04/26/2020,51830,Williamsburg,Peninsula,15,6,1
04/26/2020,51840,Winchester,"Lord Fairfax",33,1,0
04/27/2020,51001,Accomack,"Eastern Shore",195,17,3
04/27/2020,51003,Albemarle,"Thomas Jefferson",77,14,3
04/27/2020,51005,Alleghany,Alleghany,5,4,0
04/27/2020,51007,Amelia,Piedmont,15,6,1
04/27/2020,51009,Amherst,"Central Virginia",9,1,0
04/27/2020,51011,Appomattox,"Central Virginia",17,0,0
04/27/2020,51013,Arlington,Arlington,836,144,32
04/27/2020,51015,Augusta,"Central Shenandoah",36,2,1
04/27/2020,51017,Bath,"Central Shenandoah",0,0,0
04/27/2020,51019,Bedford,"Central Virginia",25,1,0
04/27/2020,51021,Bland,"Mount Rogers",0,0,0
04/27/2020,51023,Botetourt,Alleghany,27,9,3
04/27/2020,51025,Brunswick,Southside,14,3,0
04/27/2020,51027,Buchanan,"Cumberland Plateau",14,0,0
04/27/2020,51029,Buckingham,Piedmont,45,6,0
04/27/2020,51031,Campbell,"Central Virginia",11,0,0
04/27/2020,51033,Caroline,Rappahannock,21,4,0
04/27/2020,51035,Carroll,"Mount Rogers",4,1,0
04/27/2020,51036,"Charles City",Chickahominy,13,5,1
04/27/2020,51037,Charlotte,Piedmont,7,1,0
04/27/2020,51041,Chesterfield,Chesterfield,457,39,18
04/27/2020,51043,Clarke,"Lord Fairfax",7,1,0
04/27/2020,51045,Craig,Alleghany,2,0,0
04/27/2020,51047,Culpeper,"Rappahannock Rapidan",113,10,2
04/27/2020,51049,Cumberland,Piedmont,10,1,0
04/27/2020,51051,Dickenson,"Cumberland Plateau",0,0,0
04/27/2020,51053,Dinwiddie,Crater,15,6,0
04/27/2020,51057,Essex,"Three Rivers",6,1,0
04/27/2020,51059,Fairfax,Fairfax,3002,522,100
04/27/2020,51061,Fauquier,"Rappahannock Rapidan",96,8,2
04/27/2020,51063,Floyd,"New River",1,0,0
04/27/2020,51065,Fluvanna,"Thomas Jefferson",73,19,5
04/27/2020,51067,"Franklin County","West Piedmont",19,3,0
04/27/2020,51069,Frederick,"Lord Fairfax",95,11,0
04/27/2020,51071,Giles,"New River",4,0,0
04/27/2020,51073,Gloucester,"Three Rivers",22,4,1
04/27/2020,51075,Goochland,Chickahominy,72,9,3
04/27/2020,51077,Grayson,"Mount Rogers",0,0,0
04/27/2020,51079,Greene,"Thomas Jefferson",10,2,1
04/27/2020,51081,Greensville,Crater,36,9,6
04/27/2020,51083,Halifax,Southside,17,1,0
04/27/2020,51085,Hanover,Chickahominy,108,25,7
04/27/2020,51087,Henrico,Henrico,817,116,89
04/27/2020,51089,Henry,"West Piedmont",15,2,1
04/27/2020,51091,Highland,"Central Shenandoah",1,0,0
04/27/2020,51093,"Isle of Wight","Western Tidewater",93,9,2
04/27/2020,51095,"James City",Peninsula,154,51,12
04/27/2020,51097,"King and Queen","Three Rivers",2,0,0
04/27/2020,51099,"King George",Rappahannock,28,12,4
04/27/2020,51101,"King William","Three Rivers",5,1,0
04/27/2020,51103,Lancaster,"Three Rivers",1,1,0
04/27/2020,51105,Lee,Lenowisco,8,1,0
04/27/2020,51107,Loudoun,Loudoun,628,78,12
04/27/2020,51109,Louisa,"Thomas Jefferson",41,9,0
04/27/2020,51111,Lunenburg,Piedmont,4,0,0
04/27/2020,51113,Madison,"Rappahannock Rapidan",14,1,0
04/27/2020,51115,Mathews,"Three Rivers",4,1,0
04/27/2020,51117,Mecklenburg,Southside,98,19,9
04/27/2020,51119,Middlesex,"Three Rivers",4,0,0
04/27/2020,51121,Montgomery,"New River",54,6,1
04/27/2020,51125,Nelson,"Thomas Jefferson",7,0,0
04/27/2020,51127,"New Kent",Chickahominy,20,4,1
04/27/2020,51131,Northampton,"Eastern Shore",28,3,0
04/27/2020,51133,Northumberland,"Three Rivers",8,0,0
04/27/2020,51135,Nottoway,Piedmont,11,0,0
04/27/2020,51137,Orange,"Rappahannock Rapidan",26,3,0
04/27/2020,51139,Page,"Lord Fairfax",87,9,0
04/27/2020,51141,Patrick,"West Piedmont",2,0,0
04/27/2020,51143,Pittsylvania,Pittsylvania-Danville,11,5,1
04/27/2020,51145,Powhatan,Chesterfield,11,0,0
04/27/2020,51147,"Prince Edward",Piedmont,41,3,2
04/27/2020,51149,"Prince George",Crater,31,4,0
04/27/2020,51153,"Prince William","Prince William",1353,137,20
04/27/2020,51155,Pulaski,"New River",9,2,0
04/27/2020,51157,Rappahannock,"Rappahannock Rapidan",1,0,0
04/27/2020,51159,"Richmond County","Three Rivers",132,4,0
04/27/2020,51161,"Roanoke County",Alleghany,41,1,0
04/27/2020,51163,Rockbridge,"Central Shenandoah",5,0,0
04/27/2020,51165,Rockingham,"Central Shenandoah",193,14,1
04/27/2020,51167,Russell,"Cumberland Plateau",3,1,0
04/27/2020,51169,Scott,Lenowisco,6,1,1
04/27/2020,51171,Shenandoah,"Lord Fairfax",78,10,2
04/27/2020,51173,Smyth,"Mount Rogers",13,4,0
04/27/2020,51175,Southampton,"Western Tidewater",115,3,1
04/27/2020,51177,Spotsylvania,Rappahannock,119,23,3
04/27/2020,51179,Stafford,Rappahannock,218,42,2
04/27/2020,51181,Surry,Crater,4,1,1
04/27/2020,51183,Sussex,Crater,30,3,1
04/27/2020,51185,Tazewell,"Cumberland Plateau",5,0,0
04/27/2020,51187,Warren,"Lord Fairfax",44,3,0
04/27/2020,51191,Washington,"Mount Rogers",34,8,3
04/27/2020,51193,Westmoreland,"Three Rivers",20,2,0
04/27/2020,51195,Wise,Lenowisco,21,9,1
04/27/2020,51197,Wythe,"Mount Rogers",11,1,1
04/27/2020,51199,York,Peninsula,44,6,1
04/27/2020,51510,Alexandria,Alexandria,627,79,18
04/27/2020,51520,Bristol,"Mount Rogers",1,0,0
04/27/2020,51530,"Buena Vista City","Central Shenandoah",5,0,0
04/27/2020,51540,Charlottesville,"Thomas Jefferson",50,13,2
04/27/2020,51550,Chesapeake,Chesapeake,214,45,6
04/27/2020,51570,"Colonial Heights",Chesterfield,45,0,3
04/27/2020,51580,Covington,Alleghany,1,0,0
04/27/2020,51590,Danville,Pittsylvania-Danville,33,13,1
04/27/2020,51595,Emporia,Crater,20,7,2
04/27/2020,51600,"Fairfax City",Fairfax,27,4,2
04/27/2020,51610,"Falls Church",Fairfax,26,3,2
04/27/2020,51620,"Franklin City","Western Tidewater",16,0,0
04/27/2020,51630,Fredericksburg,Rappahannock,24,6,0
04/27/2020,51640,Galax,"Mount Rogers",3,1,0
04/27/2020,51650,Hampton,Hampton,108,28,1
04/27/2020,51660,Harrisonburg,"Central Shenandoah",383,25,9
04/27/2020,51670,Hopewell,Crater,24,8,0
04/27/2020,51678,Lexington,"Central Shenandoah",3,0,0
04/27/2020,51680,Lynchburg,"Central Virginia",51,5,1
04/27/2020,51683,"Manassas City","Prince William",165,26,2
04/27/2020,51685,"Manassas Park","Prince William",50,8,1
04/27/2020,51690,Martinsville,"West Piedmont",0,0,0
04/27/2020,51700,"Newport News",Peninsula,112,33,7
04/27/2020,51710,Norfolk,Norfolk,184,36,3
04/27/2020,51720,Norton,Lenowisco,2,2,0
04/27/2020,51730,Petersburg,Crater,30,13,2
04/27/2020,51735,Poquoson,Peninsula,6,2,0
04/27/2020,51740,Portsmouth,Portsmouth,114,32,5
04/27/2020,51750,Radford,"New River",3,0,0
04/27/2020,51760,"Richmond City",Richmond,304,59,14
04/27/2020,51770,"Roanoke City",Roanoke,33,5,0
04/27/2020,51775,Salem,Alleghany,11,0,0
04/27/2020,51790,Staunton,"Central Shenandoah",10,0,0
04/27/2020,51800,Suffolk,"Western Tidewater",147,31,5
04/27/2020,51810,"Virginia Beach","Virginia Beach",355,72,10
04/27/2020,51820,Waynesboro,"Central Shenandoah",11,1,0
04/27/2020,51830,Williamsburg,Peninsula,15,6,1
04/27/2020,51840,Winchester,"Lord Fairfax",33,1,0
04/28/2020,51001,Accomack,"Eastern Shore",223,18,4
04/28/2020,51003,Albemarle,"Thomas Jefferson",80,16,4
04/28/2020,51005,Alleghany,Alleghany,5,4,0
04/28/2020,51007,Amelia,Piedmont,15,6,1
04/28/2020,51009,Amherst,"Central Virginia",9,1,0
04/28/2020,51011,Appomattox,"Central Virginia",17,0,0
04/28/2020,51013,Arlington,Arlington,865,157,32
04/28/2020,51015,Augusta,"Central Shenandoah",39,2,1
04/28/2020,51017,Bath,"Central Shenandoah",0,0,0
04/28/2020,51019,Bedford,"Central Virginia",25,1,0
04/28/2020,51021,Bland,"Mount Rogers",0,0,0
04/28/2020,51023,Botetourt,Alleghany,27,9,3
04/28/2020,51025,Brunswick,Southside,13,3,0
04/28/2020,51027,Buchanan,"Cumberland Plateau",16,0,0
04/28/2020,51029,Buckingham,Piedmont,55,7,0
04/28/2020,51031,Campbell,"Central Virginia",11,0,0
04/28/2020,51033,Caroline,Rappahannock,22,4,0
04/28/2020,51035,Carroll,"Mount Rogers",4,1,0
04/28/2020,51036,"Charles City",Chickahominy,13,5,1
04/28/2020,51037,Charlotte,Piedmont,7,1,0
04/28/2020,51041,Chesterfield,Chesterfield,488,40,19
04/28/2020,51043,Clarke,"Lord Fairfax",7,1,0
04/28/2020,51045,Craig,Alleghany,2,0,0
04/28/2020,51047,Culpeper,"Rappahannock Rapidan",126,10,2
04/28/2020,51049,Cumberland,Piedmont,11,1,0
04/28/2020,51051,Dickenson,"Cumberland Plateau",0,0,0
04/28/2020,51053,Dinwiddie,Crater,15,6,0
04/28/2020,51057,Essex,"Three Rivers",6,1,0
04/28/2020,51059,Fairfax,Fairfax,3278,555,114
04/28/2020,51061,Fauquier,"Rappahannock Rapidan",105,10,2
04/28/2020,51063,Floyd,"New River",1,0,0
04/28/2020,51065,Fluvanna,"Thomas Jefferson",73,19,5
04/28/2020,51067,"Franklin County","West Piedmont",20,3,0
04/28/2020,51069,Frederick,"Lord Fairfax",97,11,1
04/28/2020,51071,Giles,"New River",4,0,0
04/28/2020,51073,Gloucester,"Three Rivers",22,5,1
04/28/2020,51075,Goochland,Chickahominy,74,9,3
04/28/2020,51077,Grayson,"Mount Rogers",1,0,0
04/28/2020,51079,Greene,"Thomas Jefferson",9,2,1
04/28/2020,51081,Greensville,Crater,36,9,6
04/28/2020,51083,Halifax,Southside,17,1,0
04/28/2020,51085,Hanover,Chickahominy,109,28,9
04/28/2020,51087,Henrico,Henrico,835,120,95
04/28/2020,51089,Henry,"West Piedmont",16,2,1
04/28/2020,51091,Highland,"Central Shenandoah",2,0,0
04/28/2020,51093,"Isle of Wight","Western Tidewater",96,9,2
04/28/2020,51095,"James City",Peninsula,155,51,12
04/28/2020,51097,"King and Queen","Three Rivers",2,0,0
04/28/2020,51099,"King George",Rappahannock,30,12,4
04/28/2020,51101,"King William","Three Rivers",5,1,0
04/28/2020,51103,Lancaster,"Three Rivers",1,1,0
04/28/2020,51105,Lee,Lenowisco,9,1,0
04/28/2020,51107,Loudoun,Loudoun,688,84,12
04/28/2020,51109,Louisa,"Thomas Jefferson",41,9,0
04/28/2020,51111,Lunenburg,Piedmont,4,0,0
04/28/2020,51113,Madison,"Rappahannock Rapidan",14,1,0
04/28/2020,51115,Mathews,"Three Rivers",4,1,0
04/28/2020,51117,Mecklenburg,Southside,100,19,9
04/28/2020,51119,Middlesex,"Three Rivers",4,0,0
04/28/2020,51121,Montgomery,"New River",54,6,1
04/28/2020,51125,Nelson,"Thomas Jefferson",7,0,0
04/28/2020,51127,"New Kent",Chickahominy,21,4,1
04/28/2020,51131,Northampton,"Eastern Shore",35,3,0
04/28/2020,51133,Northumberland,"Three Rivers",8,0,0
04/28/2020,51135,Nottoway,Piedmont,11,0,0
04/28/2020,51137,Orange,"Rappahannock Rapidan",27,3,0
04/28/2020,51139,Page,"Lord Fairfax",89,10,0
04/28/2020,51141,Patrick,"West Piedmont",2,0,0
04/28/2020,51143,Pittsylvania,Pittsylvania-Danville,11,5,1
04/28/2020,51145,Powhatan,Chesterfield,11,0,0
04/28/2020,51147,"Prince Edward",Piedmont,41,3,2
04/28/2020,51149,"Prince George",Crater,31,4,0
04/28/2020,51153,"Prince William","Prince William",1449,147,20
04/28/2020,51155,Pulaski,"New River",9,2,0
04/28/2020,51157,Rappahannock,"Rappahannock Rapidan",3,0,0
04/28/2020,51159,"Richmond County","Three Rivers",141,4,0
04/28/2020,51161,"Roanoke County",Alleghany,41,1,0
04/28/2020,51163,Rockbridge,"Central Shenandoah",5,0,0
04/28/2020,51165,Rockingham,"Central Shenandoah",216,14,1
04/28/2020,51167,Russell,"Cumberland Plateau",3,1,0
04/28/2020,51169,Scott,Lenowisco,7,1,1
04/28/2020,51171,Shenandoah,"Lord Fairfax",79,10,2
04/28/2020,51173,Smyth,"Mount Rogers",13,4,0
04/28/2020,51175,Southampton,"Western Tidewater",115,3,1
04/28/2020,51177,Spotsylvania,Rappahannock,126,23,3
04/28/2020,51179,Stafford,Rappahannock,221,43,2
04/28/2020,51181,Surry,Crater,4,1,1
04/28/2020,51183,Sussex,Crater,30,3,1
04/28/2020,51185,Tazewell,"Cumberland Plateau",5,0,0
04/28/2020,51187,Warren,"Lord Fairfax",47,3,0
04/28/2020,51191,Washington,"Mount Rogers",34,8,3
04/28/2020,51193,Westmoreland,"Three Rivers",21,2,0
04/28/2020,51195,Wise,Lenowisco,22,9,1
04/28/2020,51197,Wythe,"Mount Rogers",11,1,1
04/28/2020,51199,York,Peninsula,45,6,1
04/28/2020,51510,Alexandria,Alexandria,653,82,20
04/28/2020,51520,Bristol,"Mount Rogers",1,0,0
04/28/2020,51530,"Buena Vista City","Central Shenandoah",5,0,0
04/28/2020,51540,Charlottesville,"Thomas Jefferson",51,13,2
04/28/2020,51550,Chesapeake,Chesapeake,220,50,6
04/28/2020,51570,"Colonial Heights",Chesterfield,47,0,4
04/28/2020,51580,Covington,Alleghany,1,0,0
04/28/2020,51590,Danville,Pittsylvania-Danville,33,13,1
04/28/2020,51595,Emporia,Crater,20,7,2
04/28/2020,51600,"Fairfax City",Fairfax,27,4,2
04/28/2020,51610,"Falls Church",Fairfax,26,3,2
04/28/2020,51620,"Franklin City","Western Tidewater",18,1,0
04/28/2020,51630,Fredericksburg,Rappahannock,27,6,0
04/28/2020,51640,Galax,"Mount Rogers",4,1,0
04/28/2020,51650,Hampton,Hampton,108,28,1
04/28/2020,51660,Harrisonburg,"Central Shenandoah",406,25,9
04/28/2020,51670,Hopewell,Crater,24,8,0
04/28/2020,51678,Lexington,"Central Shenandoah",3,0,0
04/28/2020,51680,Lynchburg,"Central Virginia",51,5,1
04/28/2020,51683,"Manassas City","Prince William",175,28,2
04/28/2020,51685,"Manassas Park","Prince William",53,8,1
04/28/2020,51690,Martinsville,"West Piedmont",2,0,0
04/28/2020,51700,"Newport News",Peninsula,112,33,7
04/28/2020,51710,Norfolk,Norfolk,188,38,3
04/28/2020,51720,Norton,Lenowisco,2,2,0
04/28/2020,51730,Petersburg,Crater,30,13,2
04/28/2020,51735,Poquoson,Peninsula,6,2,0
04/28/2020,51740,Portsmouth,Portsmouth,149,32,5
04/28/2020,51750,Radford,"New River",3,0,0
04/28/2020,51760,"Richmond City",Richmond,312,60,14
04/28/2020,51770,"Roanoke City",Roanoke,35,5,0
04/28/2020,51775,Salem,Alleghany,12,1,0
04/28/2020,51790,Staunton,"Central Shenandoah",11,0,0
04/28/2020,51800,Suffolk,"Western Tidewater",152,32,8
04/28/2020,51810,"Virginia Beach","Virginia Beach",359,76,12
04/28/2020,51820,Waynesboro,"Central Shenandoah",11,1,0
04/28/2020,51830,Williamsburg,Peninsula,18,6,1
04/28/2020,51840,Winchester,"Lord Fairfax",36,1,0
04/29/2020,51001,Accomack,"Eastern Shore",229,18,4
04/29/2020,51003,Albemarle,"Thomas Jefferson",81,16,4
04/29/2020,51005,Alleghany,Alleghany,6,4,0
04/29/2020,51007,Amelia,Piedmont,15,6,1
04/29/2020,51009,Amherst,"Central Virginia",11,1,0
04/29/2020,51011,Appomattox,"Central Virginia",18,0,0
04/29/2020,51013,Arlington,Arlington,912,163,32
04/29/2020,51015,Augusta,"Central Shenandoah",41,2,1
04/29/2020,51017,Bath,"Central Shenandoah",0,0,0
04/29/2020,51019,Bedford,"Central Virginia",27,1,0
04/29/2020,51021,Bland,"Mount Rogers",0,0,0
04/29/2020,51023,Botetourt,Alleghany,28,9,3
04/29/2020,51025,Brunswick,Southside,14,3,0
04/29/2020,51027,Buchanan,"Cumberland Plateau",16,0,0
04/29/2020,51029,Buckingham,Piedmont,55,7,0
04/29/2020,51031,Campbell,"Central Virginia",12,0,0
04/29/2020,51033,Caroline,Rappahannock,25,5,0
04/29/2020,51035,Carroll,"Mount Rogers",9,2,0
04/29/2020,51036,"Charles City",Chickahominy,13,5,1
04/29/2020,51037,Charlotte,Piedmont,7,1,0
04/29/2020,51041,Chesterfield,Chesterfield,501,41,19
04/29/2020,51043,Clarke,"Lord Fairfax",8,1,0
04/29/2020,51045,Craig,Alleghany,2,0,0
04/29/2020,51047,Culpeper,"Rappahannock Rapidan",129,11,3
04/29/2020,51049,Cumberland,Piedmont,11,1,0
04/29/2020,51051,Dickenson,"Cumberland Plateau",0,0,0
04/29/2020,51053,Dinwiddie,Crater,15,6,0
04/29/2020,51057,Essex,"Three Rivers",6,1,0
04/29/2020,51059,Fairfax,Fairfax,3448,585,124
04/29/2020,51061,Fauquier,"Rappahannock Rapidan",109,10,2
04/29/2020,51063,Floyd,"New River",2,0,0
04/29/2020,51065,Fluvanna,"Thomas Jefferson",73,19,5
04/29/2020,51067,"Franklin County","West Piedmont",21,3,0
04/29/2020,51069,Frederick,"Lord Fairfax",101,11,1
04/29/2020,51071,Giles,"New River",4,0,0
04/29/2020,51073,Gloucester,"Three Rivers",23,5,1
04/29/2020,51075,Goochland,Chickahominy,74,10,4
04/29/2020,51077,Grayson,"Mount Rogers",1,0,0
04/29/2020,51079,Greene,"Thomas Jefferson",10,2,1
04/29/2020,51081,Greensville,Crater,38,10,6
04/29/2020,51083,Halifax,Southside,17,1,0
04/29/2020,51085,Hanover,Chickahominy,113,30,9
04/29/2020,51087,Henrico,Henrico,846,122,98
04/29/2020,51089,Henry,"West Piedmont",16,2,1
04/29/2020,51091,Highland,"Central Shenandoah",2,0,0
04/29/2020,51093,"Isle of Wight","Western Tidewater",96,9,2
04/29/2020,51095,"James City",Peninsula,155,51,12
04/29/2020,51097,"King and Queen","Three Rivers",2,0,0
04/29/2020,51099,"King George",Rappahannock,30,12,4
04/29/2020,51101,"King William","Three Rivers",5,1,1
04/29/2020,51103,Lancaster,"Three Rivers",1,1,0
04/29/2020,51105,Lee,Lenowisco,9,1,0
04/29/2020,51107,Loudoun,Loudoun,727,87,14
04/29/2020,51109,Louisa,"Thomas Jefferson",41,9,0
04/29/2020,51111,Lunenburg,Piedmont,4,0,0
04/29/2020,51113,Madison,"Rappahannock Rapidan",14,1,0
04/29/2020,51115,Mathews,"Three Rivers",4,1,0
04/29/2020,51117,Mecklenburg,Southside,100,20,10
04/29/2020,51119,Middlesex,"Three Rivers",4,0,0
04/29/2020,51121,Montgomery,"New River",55,6,1
04/29/2020,51125,Nelson,"Thomas Jefferson",7,0,0
04/29/2020,51127,"New Kent",Chickahominy,23,4,1
04/29/2020,51131,Northampton,"Eastern Shore",36,3,0
04/29/2020,51133,Northumberland,"Three Rivers",8,0,0
04/29/2020,51135,Nottoway,Piedmont,12,0,0
04/29/2020,51137,Orange,"Rappahannock Rapidan",27,3,0
04/29/2020,51139,Page,"Lord Fairfax",91,10,1
04/29/2020,51141,Patrick,"West Piedmont",2,0,0
04/29/2020,51143,Pittsylvania,Pittsylvania-Danville,12,6,1
04/29/2020,51145,Powhatan,Chesterfield,12,0,0
04/29/2020,51147,"Prince Edward",Piedmont,46,4,2
04/29/2020,51149,"Prince George",Crater,33,4,0
04/29/2020,51153,"Prince William","Prince William",1527,159,22
04/29/2020,51155,Pulaski,"New River",9,2,0
04/29/2020,51157,Rappahannock,"Rappahannock Rapidan",3,0,0
04/29/2020,51159,"Richmond County","Three Rivers",143,5,0
04/29/2020,51161,"Roanoke County",Alleghany,47,1,0
04/29/2020,51163,Rockbridge,"Central Shenandoah",5,0,0
04/29/2020,51165,Rockingham,"Central Shenandoah",220,14,1
04/29/2020,51167,Russell,"Cumberland Plateau",3,1,0
04/29/2020,51169,Scott,Lenowisco,7,2,1
04/29/2020,51171,Shenandoah,"Lord Fairfax",95,11,2
04/29/2020,51173,Smyth,"Mount Rogers",13,4,0
04/29/2020,51175,Southampton,"Western Tidewater",115,3,1
04/29/2020,51177,Spotsylvania,Rappahannock,131,23,3
04/29/2020,51179,Stafford,Rappahannock,225,44,2
04/29/2020,51181,Surry,Crater,4,1,1
04/29/2020,51183,Sussex,Crater,30,3,1
04/29/2020,51185,Tazewell,"Cumberland Plateau",6,0,0
04/29/2020,51187,Warren,"Lord Fairfax",51,3,0
04/29/2020,51191,Washington,"Mount Rogers",36,8,3
04/29/2020,51193,Westmoreland,"Three Rivers",22,2,0
04/29/2020,51195,Wise,Lenowisco,22,9,1
04/29/2020,51197,Wythe,"Mount Rogers",11,1,1
04/29/2020,51199,York,Peninsula,45,6,1
04/29/2020,51510,Alexandria,Alexandria,700,92,21
04/29/2020,51520,Bristol,"Mount Rogers",1,0,0
04/29/2020,51530,"Buena Vista City","Central Shenandoah",5,0,0
04/29/2020,51540,Charlottesville,"Thomas Jefferson",52,13,2
04/29/2020,51550,Chesapeake,Chesapeake,232,56,6
04/29/2020,51570,"Colonial Heights",Chesterfield,49,1,4
04/29/2020,51580,Covington,Alleghany,0,0,0
04/29/2020,51590,Danville,Pittsylvania-Danville,34,13,1
04/29/2020,51595,Emporia,Crater,22,8,2
04/29/2020,51600,"Fairfax City",Fairfax,27,4,2
04/29/2020,51610,"Falls Church",Fairfax,26,3,2
04/29/2020,51620,"Franklin City","Western Tidewater",19,2,0
04/29/2020,51630,Fredericksburg,Rappahannock,28,7,0
04/29/2020,51640,Galax,"Mount Rogers",4,1,0
04/29/2020,51650,Hampton,Hampton,109,28,1
04/29/2020,51660,Harrisonburg,"Central Shenandoah",411,26,11
04/29/2020,51670,Hopewell,Crater,24,8,0
04/29/2020,51678,Lexington,"Central Shenandoah",3,0,0
04/29/2020,51680,Lynchburg,"Central Virginia",52,5,1
04/29/2020,51683,"Manassas City","Prince William",196,28,3
04/29/2020,51685,"Manassas Park","Prince William",60,8,1
04/29/2020,51690,Martinsville,"West Piedmont",2,0,0
04/29/2020,51700,"Newport News",Peninsula,114,33,7
04/29/2020,51710,Norfolk,Norfolk,192,39,3
04/29/2020,51720,Norton,Lenowisco,2,2,0
04/29/2020,51730,Petersburg,Crater,31,13,2
04/29/2020,51735,Poquoson,Peninsula,6,2,0
04/29/2020,51740,Portsmouth,Portsmouth,150,33,5
04/29/2020,51750,Radford,"New River",3,0,0
04/29/2020,51760,"Richmond City",Richmond,323,62,14
04/29/2020,51770,"Roanoke City",Roanoke,57,5,0
04/29/2020,51775,Salem,Alleghany,16,2,0
04/29/2020,51790,Staunton,"Central Shenandoah",12,0,0
04/29/2020,51800,Suffolk,"Western Tidewater",154,32,12
04/29/2020,51810,"Virginia Beach","Virginia Beach",365,76,12
04/29/2020,51820,Waynesboro,"Central Shenandoah",11,1,0
04/29/2020,51830,Williamsburg,Peninsula,18,6,1
04/29/2020,51840,Winchester,"Lord Fairfax",36,1,0
04/30/2020,51001,Accomack,"Eastern Shore",264,18,4
04/30/2020,51003,Albemarle,"Thomas Jefferson",103,16,4
04/30/2020,51005,Alleghany,Alleghany,6,4,0
04/30/2020,51007,Amelia,Piedmont,15,6,1
04/30/2020,51009,Amherst,"Central Virginia",12,1,0
04/30/2020,51011,Appomattox,"Central Virginia",20,0,0
04/30/2020,51013,Arlington,Arlington,967,167,41
04/30/2020,51015,Augusta,"Central Shenandoah",43,2,1
04/30/2020,51017,Bath,"Central Shenandoah",0,0,0
04/30/2020,51019,Bedford,"Central Virginia",30,1,0
04/30/2020,51021,Bland,"Mount Rogers",0,0,0
04/30/2020,51023,Botetourt,Alleghany,28,9,3
04/30/2020,51025,Brunswick,Southside,14,3,0
04/30/2020,51027,Buchanan,"Cumberland Plateau",16,0,0
04/30/2020,51029,Buckingham,Piedmont,58,7,0
04/30/2020,51031,Campbell,"Central Virginia",12,0,0
04/30/2020,51033,Caroline,Rappahannock,27,5,1
04/30/2020,51035,Carroll,"Mount Rogers",11,2,0
04/30/2020,51036,"Charles City",Chickahominy,13,5,1
04/30/2020,51037,Charlotte,Piedmont,7,1,0
04/30/2020,51041,Chesterfield,Chesterfield,531,43,20
04/30/2020,51043,Clarke,"Lord Fairfax",8,1,0
04/30/2020,51045,Craig,Alleghany,3,0,0
04/30/2020,51047,Culpeper,"Rappahannock Rapidan",141,11,3
04/30/2020,51049,Cumberland,Piedmont,13,1,0
04/30/2020,51051,Dickenson,"Cumberland Plateau",0,0,0
04/30/2020,51053,Dinwiddie,Crater,16,6,0
04/30/2020,51057,Essex,"Three Rivers",7,1,0
04/30/2020,51059,Fairfax,Fairfax,3611,606,134
04/30/2020,51061,Fauquier,"Rappahannock Rapidan",111,10,2
04/30/2020,51063,Floyd,"New River",2,0,0
04/30/2020,51065,Fluvanna,"Thomas Jefferson",73,19,6
04/30/2020,51067,"Franklin County","West Piedmont",21,3,0
04/30/2020,51069,Frederick,"Lord Fairfax",105,12,1
04/30/2020,51071,Giles,"New River",4,0,0
04/30/2020,51073,Gloucester,"Three Rivers",23,5,1
04/30/2020,51075,Goochland,Chickahominy,76,10,4
04/30/2020,51077,Grayson,"Mount Rogers",2,0,0
04/30/2020,51079,Greene,"Thomas Jefferson",10,2,1
04/30/2020,51081,Greensville,Crater,39,10,6
04/30/2020,51083,Halifax,Southside,18,1,0
04/30/2020,51085,Hanover,Chickahominy,118,30,9
04/30/2020,51087,Henrico,Henrico,876,126,100
04/30/2020,51089,Henry,"West Piedmont",16,2,1
04/30/2020,51091,Highland,"Central Shenandoah",2,0,0
04/30/2020,51093,"Isle of Wight","Western Tidewater",99,9,2
04/30/2020,51095,"James City",Peninsula,158,51,12
04/30/2020,51097,"King and Queen","Three Rivers",2,0,0
04/30/2020,51099,"King George",Rappahannock,32,12,4
04/30/2020,51101,"King William","Three Rivers",5,1,1
04/30/2020,51103,Lancaster,"Three Rivers",2,1,0
04/30/2020,51105,Lee,Lenowisco,9,1,0
04/30/2020,51107,Loudoun,Loudoun,746,90,15
04/30/2020,51109,Louisa,"Thomas Jefferson",43,9,0
04/30/2020,51111,Lunenburg,Piedmont,4,0,0
04/30/2020,51113,Madison,"Rappahannock Rapidan",14,1,0
04/30/2020,51115,Mathews,"Three Rivers",4,1,0
04/30/2020,51117,Mecklenburg,Southside,100,20,10
04/30/2020,51119,Middlesex,"Three Rivers",8,0,0
04/30/2020,51121,Montgomery,"New River",56,6,1
04/30/2020,51125,Nelson,"Thomas Jefferson",8,0,0
04/30/2020,51127,"New Kent",Chickahominy,23,4,1
04/30/2020,51131,Northampton,"Eastern Shore",64,3,0
04/30/2020,51133,Northumberland,"Three Rivers",9,0,0
04/30/2020,51135,Nottoway,Piedmont,12,1,0
04/30/2020,51137,Orange,"Rappahannock Rapidan",31,3,0
04/30/2020,51139,Page,"Lord Fairfax",100,11,1
04/30/2020,51141,Patrick,"West Piedmont",2,0,0
04/30/2020,51143,Pittsylvania,Pittsylvania-Danville,13,6,1
04/30/2020,51145,Powhatan,Chesterfield,13,0,0
04/30/2020,51147,"Prince Edward",Piedmont,49,5,2
04/30/2020,51149,"Prince George",Crater,33,4,0
04/30/2020,51153,"Prince William","Prince William",1645,169,24
04/30/2020,51155,Pulaski,"New River",9,2,0
04/30/2020,51157,Rappahannock,"Rappahannock Rapidan",5,0,0
04/30/2020,51159,"Richmond County","Three Rivers",144,5,0
04/30/2020,51161,"Roanoke County",Alleghany,51,1,0
04/30/2020,51163,Rockbridge,"Central Shenandoah",6,0,0
04/30/2020,51165,Rockingham,"Central Shenandoah",240,15,1
04/30/2020,51167,Russell,"Cumberland Plateau",3,1,0
04/30/2020,51169,Scott,Lenowisco,7,2,1
04/30/2020,51171,Shenandoah,"Lord Fairfax",108,12,2
04/30/2020,51173,Smyth,"Mount Rogers",13,4,0
04/30/2020,51175,Southampton,"Western Tidewater",125,3,1
04/30/2020,51177,Spotsylvania,Rappahannock,143,23,3
04/30/2020,51179,Stafford,Rappahannock,240,44,2
04/30/2020,51181,Surry,Crater,4,1,1
04/30/2020,51183,Sussex,Crater,31,3,1
04/30/2020,51185,Tazewell,"Cumberland Plateau",6,0,0
04/30/2020,51187,Warren,"Lord Fairfax",52,4,0
04/30/2020,51191,Washington,"Mount Rogers",36,8,3
04/30/2020,51193,Westmoreland,"Three Rivers",21,2,0
04/30/2020,51195,Wise,Lenowisco,22,9,1
04/30/2020,51197,Wythe,"Mount Rogers",11,1,1
04/30/2020,51199,York,Peninsula,46,6,1
04/30/2020,51510,Alexandria,Alexandria,754,97,21
04/30/2020,51520,Bristol,"Mount Rogers",1,0,0
04/30/2020,51530,"Buena Vista City","Central Shenandoah",6,0,0
04/30/2020,51540,Charlottesville,"Thomas Jefferson",56,13,2
04/30/2020,51550,Chesapeake,Chesapeake,242,57,6
04/30/2020,51570,"Colonial Heights",Chesterfield,54,2,5
04/30/2020,51580,Covington,Alleghany,0,0,0
04/30/2020,51590,Danville,Pittsylvania-Danville,35,13,1
04/30/2020,51595,Emporia,Crater,23,8,2
04/30/2020,51600,"Fairfax City",Fairfax,27,4,2
04/30/2020,51610,"Falls Church",Fairfax,26,3,2
04/30/2020,51620,"Franklin City","Western Tidewater",20,2,0
04/30/2020,51630,Fredericksburg,Rappahannock,33,7,0
04/30/2020,51640,Galax,"Mount Rogers",4,1,0
04/30/2020,51650,Hampton,Hampton,115,28,1
04/30/2020,51660,Harrisonburg,"Central Shenandoah",426,26,11
04/30/2020,51670,Hopewell,Crater,24,8,0
04/30/2020,51678,Lexington,"Central Shenandoah",3,0,0
04/30/2020,51680,Lynchburg,"Central Virginia",53,5,1
04/30/2020,51683,"Manassas City","Prince William",216,28,2
04/30/2020,51685,"Manassas Park","Prince William",61,8,1
04/30/2020,51690,Martinsville,"West Piedmont",2,1,0
04/30/2020,51700,"Newport News",Peninsula,118,33,7
04/30/2020,51710,Norfolk,Norfolk,198,40,3
04/30/2020,51720,Norton,Lenowisco,2,2,0
04/30/2020,51730,Petersburg,Crater,31,14,2
04/30/2020,51735,Poquoson,Peninsula,6,2,0
04/30/2020,51740,Portsmouth,Portsmouth,158,33,5
04/30/2020,51750,Radford,"New River",3,0,0
04/30/2020,51760,"Richmond City",Richmond,339,63,15
04/30/2020,51770,"Roanoke City",Roanoke,73,5,0
04/30/2020,51775,Salem,Alleghany,26,2,0
04/30/2020,51790,Staunton,"Central Shenandoah",12,0,0
04/30/2020,51800,Suffolk,"Western Tidewater",169,32,12
04/30/2020,51810,"Virginia Beach","Virginia Beach",385,77,14
04/30/2020,51820,Waynesboro,"Central Shenandoah",11,1,0
04/30/2020,51830,Williamsburg,Peninsula,18,6,1
04/30/2020,51840,Winchester,"Lord Fairfax",37,1,0
05/01/2020,51001,Accomack,"Eastern Shore",303,19,5
05/01/2020,51003,Albemarle,"Thomas Jefferson",103,16,4
05/01/2020,51005,Alleghany,Alleghany,6,4,0
05/01/2020,51007,Amelia,Piedmont,16,6,1
05/01/2020,51009,Amherst,"Central Virginia",13,1,0
05/01/2020,51011,Appomattox,"Central Virginia",20,0,0
05/01/2020,51013,Arlington,Arlington,1004,169,42
05/01/2020,51015,Augusta,"Central Shenandoah",44,2,1
05/01/2020,51017,Bath,"Central Shenandoah",0,0,0
05/01/2020,51019,Bedford,"Central Virginia",33,1,0
05/01/2020,51021,Bland,"Mount Rogers",0,0,0
05/01/2020,51023,Botetourt,Alleghany,28,9,3
05/01/2020,51025,Brunswick,Southside,14,3,0
05/01/2020,51027,Buchanan,"Cumberland Plateau",16,0,0
05/01/2020,51029,Buckingham,Piedmont,94,7,0
05/01/2020,51031,Campbell,"Central Virginia",12,0,0
05/01/2020,51033,Caroline,Rappahannock,32,5,1
05/01/2020,51035,Carroll,"Mount Rogers",12,2,0
05/01/2020,51036,"Charles City",Chickahominy,13,5,1
05/01/2020,51037,Charlotte,Piedmont,8,1,0
05/01/2020,51041,Chesterfield,Chesterfield,557,50,24
05/01/2020,51043,Clarke,"Lord Fairfax",9,1,0
05/01/2020,51045,Craig,Alleghany,3,0,0
05/01/2020,51047,Culpeper,"Rappahannock Rapidan",162,12,3
05/01/2020,51049,Cumberland,Piedmont,13,1,0
05/01/2020,51051,Dickenson,"Cumberland Plateau",0,0,0
05/01/2020,51053,Dinwiddie,Crater,16,6,0
05/01/2020,51057,Essex,"Three Rivers",8,2,0
05/01/2020,51059,Fairfax,Fairfax,3897,643,137
05/01/2020,51061,Fauquier,"Rappahannock Rapidan",128,10,2
05/01/2020,51063,Floyd,"New River",3,1,0
05/01/2020,51065,Fluvanna,"Thomas Jefferson",74,20,6
05/01/2020,51067,"Franklin County","West Piedmont",21,3,0
05/01/2020,51069,Frederick,"Lord Fairfax",115,13,1
05/01/2020,51071,Giles,"New River",4,0,0
05/01/2020,51073,Gloucester,"Three Rivers",24,5,1
05/01/2020,51075,Goochland,Chickahominy,78,10,4
05/01/2020,51077,Grayson,"Mount Rogers",2,0,0
05/01/2020,51079,Greene,"Thomas Jefferson",10,2,1
05/01/2020,51081,Greensville,Crater,39,10,6
05/01/2020,51083,Halifax,Southside,18,1,0
05/01/2020,51085,Hanover,Chickahominy,132,32,12
05/01/2020,51087,Henrico,Henrico,898,129,102
05/01/2020,51089,Henry,"West Piedmont",16,2,1
05/01/2020,51091,Highland,"Central Shenandoah",2,0,0
05/01/2020,51093,"Isle of Wight","Western Tidewater",99,9,2
05/01/2020,51095,"James City",Peninsula,160,51,12
05/01/2020,51097,"King and Queen","Three Rivers",2,0,0
05/01/2020,51099,"King George",Rappahannock,34,12,4
05/01/2020,51101,"King William","Three Rivers",5,1,1
05/01/2020,51103,Lancaster,"Three Rivers",3,1,0
05/01/2020,51105,Lee,Lenowisco,10,1,0
05/01/2020,51107,Loudoun,Loudoun,832,93,15
05/01/2020,51109,Louisa,"Thomas Jefferson",45,9,0
05/01/2020,51111,Lunenburg,Piedmont,4,0,0
05/01/2020,51113,Madison,"Rappahannock Rapidan",14,1,0
05/01/2020,51115,Mathews,"Three Rivers",4,1,0
05/01/2020,51117,Mecklenburg,Southside,103,20,10
05/01/2020,51119,Middlesex,"Three Rivers",7,0,0
05/01/2020,51121,Montgomery,"New River",56,7,1
05/01/2020,51125,Nelson,"Thomas Jefferson",8,0,0
05/01/2020,51127,"New Kent",Chickahominy,23,4,1
05/01/2020,51131,Northampton,"Eastern Shore",82,3,0
05/01/2020,51133,Northumberland,"Three Rivers",9,0,0
05/01/2020,51135,Nottoway,Piedmont,13,1,0
05/01/2020,51137,Orange,"Rappahannock Rapidan",36,3,0
05/01/2020,51139,Page,"Lord Fairfax",104,11,1
05/01/2020,51141,Patrick,"West Piedmont",2,0,0
05/01/2020,51143,Pittsylvania,Pittsylvania-Danville,13,6,1
05/01/2020,51145,Powhatan,Chesterfield,14,0,0
05/01/2020,51147,"Prince Edward",Piedmont,51,5,2
05/01/2020,51149,"Prince George",Crater,34,4,0
05/01/2020,51153,"Prince William","Prince William",1781,174,28
05/01/2020,51155,Pulaski,"New River",9,2,0
05/01/2020,51157,Rappahannock,"Rappahannock Rapidan",5,0,0
05/01/2020,51159,"Richmond County","Three Rivers",142,7,0
05/01/2020,51161,"Roanoke County",Alleghany,53,1,0
05/01/2020,51163,Rockbridge,"Central Shenandoah",7,0,0
05/01/2020,51165,Rockingham,"Central Shenandoah",249,15,1
05/01/2020,51167,Russell,"Cumberland Plateau",4,1,0
05/01/2020,51169,Scott,Lenowisco,7,2,1
05/01/2020,51171,Shenandoah,"Lord Fairfax",120,12,2
05/01/2020,51173,Smyth,"Mount Rogers",13,4,0
05/01/2020,51175,Southampton,"Western Tidewater",125,3,1
05/01/2020,51177,Spotsylvania,Rappahannock,155,23,4
05/01/2020,51179,Stafford,Rappahannock,251,44,2
05/01/2020,51181,Surry,Crater,4,1,1
05/01/2020,51183,Sussex,Crater,31,3,1
05/01/2020,51185,Tazewell,"Cumberland Plateau",6,0,0
05/01/2020,51187,Warren,"Lord Fairfax",57,4,0
05/01/2020,51191,Washington,"Mount Rogers",38,8,3
05/01/2020,51193,Westmoreland,"Three Rivers",23,5,0
05/01/2020,51195,Wise,Lenowisco,22,9,1
05/01/2020,51197,Wythe,"Mount Rogers",11,1,1
05/01/2020,51199,York,Peninsula,46,6,1
05/01/2020,51510,Alexandria,Alexandria,802,104,24
05/01/2020,51520,Bristol,"Mount Rogers",1,0,0
05/01/2020,51530,"Buena Vista City","Central Shenandoah",6,0,0
05/01/2020,51540,Charlottesville,"Thomas Jefferson",58,13,2
05/01/2020,51550,Chesapeake,Chesapeake,256,60,7
05/01/2020,51570,"Colonial Heights",Chesterfield,54,2,5
05/01/2020,51580,Covington,Alleghany,0,0,0
05/01/2020,51590,Danville,Pittsylvania-Danville,35,13,1
05/01/2020,51595,Emporia,Crater,23,8,2
05/01/2020,51600,"Fairfax City",Fairfax,29,4,2
05/01/2020,51610,"Falls Church",Fairfax,26,3,2
05/01/2020,51620,"Franklin City","Western Tidewater",23,3,1
05/01/2020,51630,Fredericksburg,Rappahannock,34,7,0
05/01/2020,51640,Galax,"Mount Rogers",9,1,0
05/01/2020,51650,Hampton,Hampton,119,28,1
05/01/2020,51660,Harrisonburg,"Central Shenandoah",456,26,11
05/01/2020,51670,Hopewell,Crater,25,8,0
05/01/2020,51678,Lexington,"Central Shenandoah",4,0,0
05/01/2020,51680,Lynchburg,"Central Virginia",58,5,1
05/01/2020,51683,"Manassas City","Prince William",222,29,2
05/01/2020,51685,"Manassas Park","Prince William",68,9,1
05/01/2020,51690,Martinsville,"West Piedmont",2,1,0
05/01/2020,51700,"Newport News",Peninsula,120,33,9
05/01/2020,51710,Norfolk,Norfolk,204,42,3
05/01/2020,51720,Norton,Lenowisco,2,2,0
05/01/2020,51730,Petersburg,Crater,33,15,2
05/01/2020,51735,Poquoson,Peninsula,6,2,0
05/01/2020,51740,Portsmouth,Portsmouth,170,33,7
05/01/2020,51750,Radford,"New River",3,0,0
05/01/2020,51760,"Richmond City",Richmond,364,66,15
05/01/2020,51770,"Roanoke City",Roanoke,80,5,0
05/01/2020,51775,Salem,Alleghany,26,2,0
05/01/2020,51790,Staunton,"Central Shenandoah",12,0,0
05/01/2020,51800,Suffolk,"Western Tidewater",175,32,13
05/01/2020,51810,"Virginia Beach","Virginia Beach",396,81,14
05/01/2020,51820,Waynesboro,"Central Shenandoah",13,1,0
05/01/2020,51830,Williamsburg,Peninsula,20,6,1
05/01/2020,51840,Winchester,"Lord Fairfax",41,1,0
05/02/2020,51001,Accomack,"Eastern Shore",353,19,5
05/02/2020,51003,Albemarle,"Thomas Jefferson",105,16,4
05/02/2020,51005,Alleghany,Alleghany,6,4,0
05/02/2020,51007,Amelia,Piedmont,16,7,1
05/02/2020,51009,Amherst,"Central Virginia",12,1,0
05/02/2020,51011,Appomattox,"Central Virginia",21,0,0
05/02/2020,51013,Arlington,Arlington,1044,191,46
05/02/2020,51015,Augusta,"Central Shenandoah",45,2,1
05/02/2020,51017,Bath,"Central Shenandoah",0,0,0
05/02/2020,51019,Bedford,"Central Virginia",34,1,0
05/02/2020,51021,Bland,"Mount Rogers",0,0,0
05/02/2020,51023,Botetourt,Alleghany,28,9,3
05/02/2020,51025,Brunswick,Southside,15,3,0
05/02/2020,51027,Buchanan,"Cumberland Plateau",16,0,0
05/02/2020,51029,Buckingham,Piedmont,137,8,0
05/02/2020,51031,Campbell,"Central Virginia",13,1,0
05/02/2020,51033,Caroline,Rappahannock,29,5,1
05/02/2020,51035,Carroll,"Mount Rogers",13,2,0
05/02/2020,51036,"Charles City",Chickahominy,13,5,1
05/02/2020,51037,Charlotte,Piedmont,9,1,0
05/02/2020,51041,Chesterfield,Chesterfield,593,51,24
05/02/2020,51043,Clarke,"Lord Fairfax",10,1,0
05/02/2020,51045,Craig,Alleghany,3,0,0
05/02/2020,51047,Culpeper,"Rappahannock Rapidan",177,14,3
05/02/2020,51049,Cumberland,Piedmont,12,1,0
05/02/2020,51051,Dickenson,"Cumberland Plateau",0,0,0
05/02/2020,51053,Dinwiddie,Crater,18,6,0
05/02/2020,51057,Essex,"Three Rivers",8,2,0
05/02/2020,51059,Fairfax,Fairfax,4046,686,153
05/02/2020,51061,Fauquier,"Rappahannock Rapidan",128,10,2
05/02/2020,51063,Floyd,"New River",3,1,0
05/02/2020,51065,Fluvanna,"Thomas Jefferson",76,20,6
05/02/2020,51067,"Franklin County","West Piedmont",22,3,0
05/02/2020,51069,Frederick,"Lord Fairfax",115,13,1
05/02/2020,51071,Giles,"New River",4,0,0
05/02/2020,51073,Gloucester,"Three Rivers",24,5,1
05/02/2020,51075,Goochland,Chickahominy,78,10,4
05/02/2020,51077,Grayson,"Mount Rogers",2,0,0
05/02/2020,51079,Greene,"Thomas Jefferson",10,2,1
05/02/2020,51081,Greensville,Crater,39,10,6
05/02/2020,51083,Halifax,Southside,19,1,0
05/02/2020,51085,Hanover,Chickahominy,133,32,11
05/02/2020,51087,Henrico,Henrico,926,135,104
05/02/2020,51089,Henry,"West Piedmont",19,2,1
05/02/2020,51091,Highland,"Central Shenandoah",2,0,0
05/02/2020,51093,"Isle of Wight","Western Tidewater",99,9,2
05/02/2020,51095,"James City",Peninsula,161,51,13
05/02/2020,51097,"King and Queen","Three Rivers",3,0,0
05/02/2020,51099,"King George",Rappahannock,33,12,4
05/02/2020,51101,"King William","Three Rivers",9,1,1
05/02/2020,51103,Lancaster,"Three Rivers",3,1,0
05/02/2020,51105,Lee,Lenowisco,10,1,0
05/02/2020,51107,Loudoun,Loudoun,881,95,16
05/02/2020,51109,Louisa,"Thomas Jefferson",46,9,0
05/02/2020,51111,Lunenburg,Piedmont,4,0,0
05/02/2020,51113,Madison,"Rappahannock Rapidan",15,1,0
05/02/2020,51115,Mathews,"Three Rivers",4,1,0
05/02/2020,51117,Mecklenburg,Southside,104,21,10
05/02/2020,51119,Middlesex,"Three Rivers",7,0,0
05/02/2020,51121,Montgomery,"New River",56,7,1
05/02/2020,51125,Nelson,"Thomas Jefferson",8,0,0
05/02/2020,51127,"New Kent",Chickahominy,23,4,1
05/02/2020,51131,Northampton,"Eastern Shore",94,3,0
05/02/2020,51133,Northumberland,"Three Rivers",9,0,0
05/02/2020,51135,Nottoway,Piedmont,13,1,0
05/02/2020,51137,Orange,"Rappahannock Rapidan",37,3,0
05/02/2020,51139,Page,"Lord Fairfax",107,11,2
05/02/2020,51141,Patrick,"West Piedmont",2,0,0
05/02/2020,51143,Pittsylvania,Pittsylvania-Danville,14,7,1
05/02/2020,51145,Powhatan,Chesterfield,14,0,0
05/02/2020,51147,"Prince Edward",Piedmont,55,5,2
05/02/2020,51149,"Prince George",Crater,35,4,0
05/02/2020,51153,"Prince William","Prince William",1900,180,29
05/02/2020,51155,Pulaski,"New River",9,2,0
05/02/2020,51157,Rappahannock,"Rappahannock Rapidan",6,0,0
05/02/2020,51159,"Richmond County","Three Rivers",143,7,0
05/02/2020,51161,"Roanoke County",Alleghany,54,1,0
05/02/2020,51163,Rockbridge,"Central Shenandoah",7,0,0
05/02/2020,51165,Rockingham,"Central Shenandoah",259,15,1
05/02/2020,51167,Russell,"Cumberland Plateau",5,2,0
05/02/2020,51169,Scott,Lenowisco,7,2,1
05/02/2020,51171,Shenandoah,"Lord Fairfax",134,12,2
05/02/2020,51173,Smyth,"Mount Rogers",13,4,0
05/02/2020,51175,Southampton,"Western Tidewater",125,3,1
05/02/2020,51177,Spotsylvania,Rappahannock,174,23,4
05/02/2020,51179,Stafford,Rappahannock,262,47,2
05/02/2020,51181,Surry,Crater,4,1,1
05/02/2020,51183,Sussex,Crater,31,3,1
05/02/2020,51185,Tazewell,"Cumberland Plateau",6,0,0
05/02/2020,51187,Warren,"Lord Fairfax",61,4,0
05/02/2020,51191,Washington,"Mount Rogers",39,8,3
05/02/2020,51193,Westmoreland,"Three Rivers",25,5,0
05/02/2020,51195,Wise,Lenowisco,22,9,1
05/02/2020,51197,Wythe,"Mount Rogers",11,1,1
05/02/2020,51199,York,Peninsula,46,7,1
05/02/2020,51510,Alexandria,Alexandria,848,108,26
05/02/2020,51520,Bristol,"Mount Rogers",1,0,0
05/02/2020,51530,"Buena Vista City","Central Shenandoah",6,0,0
05/02/2020,51540,Charlottesville,"Thomas Jefferson",58,13,2
05/02/2020,51550,Chesapeake,Chesapeake,263,61,7
05/02/2020,51570,"Colonial Heights",Chesterfield,57,2,5
05/02/2020,51580,Covington,Alleghany,0,0,0
05/02/2020,51590,Danville,Pittsylvania-Danville,37,13,1
05/02/2020,51595,Emporia,Crater,23,8,2
05/02/2020,51600,"Fairfax City",Fairfax,29,4,2
05/02/2020,51610,"Falls Church",Fairfax,26,3,2
05/02/2020,51620,"Franklin City","Western Tidewater",23,3,1
05/02/2020,51630,Fredericksburg,Rappahannock,37,8,0
05/02/2020,51640,Galax,"Mount Rogers",10,1,0
05/02/2020,51650,Hampton,Hampton,122,28,1
05/02/2020,51660,Harrisonburg,"Central Shenandoah",470,28,15
05/02/2020,51670,Hopewell,Crater,27,9,0
05/02/2020,51678,Lexington,"Central Shenandoah",5,0,0
05/02/2020,51680,Lynchburg,"Central Virginia",62,5,1
05/02/2020,51683,"Manassas City","Prince William",258,30,2
05/02/2020,51685,"Manassas Park","Prince William",76,9,1
05/02/2020,51690,Martinsville,"West Piedmont",2,1,0
05/02/2020,51700,"Newport News",Peninsula,123,33,9
05/02/2020,51710,Norfolk,Norfolk,211,42,3
05/02/2020,51720,Norton,Lenowisco,2,2,0
05/02/2020,51730,Petersburg,Crater,35,15,2
05/02/2020,51735,Poquoson,Peninsula,6,2,0
05/02/2020,51740,Portsmouth,Portsmouth,173,34,8
05/02/2020,51750,Radford,"New River",3,0,0
05/02/2020,51760,"Richmond City",Richmond,382,66,16
05/02/2020,51770,"Roanoke City",Roanoke,80,5,0
05/02/2020,51775,Salem,Alleghany,26,2,0
05/02/2020,51790,Staunton,"Central Shenandoah",13,0,0
05/02/2020,51800,Suffolk,"Western Tidewater",178,32,13
05/02/2020,51810,"Virginia Beach","Virginia Beach",413,81,15
05/02/2020,51820,Waynesboro,"Central Shenandoah",14,1,0
05/02/2020,51830,Williamsburg,Peninsula,21,6,2
05/02/2020,51840,Winchester,"Lord Fairfax",46,1,0
05/03/2020,51001,Accomack,"Eastern Shore",400,21,6
05/03/2020,51003,Albemarle,"Thomas Jefferson",108,16,4
05/03/2020,51005,Alleghany,Alleghany,6,4,0
05/03/2020,51007,Amelia,Piedmont,16,7,1
05/03/2020,51009,Amherst,"Central Virginia",14,1,0
05/03/2020,51011,Appomattox,"Central Virginia",21,0,0
05/03/2020,51013,Arlington,Arlington,1106,194,46
05/03/2020,51015,Augusta,"Central Shenandoah",46,2,1
05/03/2020,51017,Bath,"Central Shenandoah",0,0,0
05/03/2020,51019,Bedford,"Central Virginia",34,1,0
05/03/2020,51021,Bland,"Mount Rogers",0,0,0
05/03/2020,51023,Botetourt,Alleghany,28,9,3
05/03/2020,51025,Brunswick,Southside,15,3,0
05/03/2020,51027,Buchanan,"Cumberland Plateau",16,0,0
05/03/2020,51029,Buckingham,Piedmont,137,8,0
05/03/2020,51031,Campbell,"Central Virginia",13,1,0
05/03/2020,51033,Caroline,Rappahannock,31,5,1
05/03/2020,51035,Carroll,"Mount Rogers",15,2,0
05/03/2020,51036,"Charles City",Chickahominy,17,5,1
05/03/2020,51037,Charlotte,Piedmont,9,1,0
05/03/2020,51041,Chesterfield,Chesterfield,601,51,24
05/03/2020,51043,Clarke,"Lord Fairfax",10,1,0
05/03/2020,51045,Craig,Alleghany,3,0,0
05/03/2020,51047,Culpeper,"Rappahannock Rapidan",191,16,3
05/03/2020,51049,Cumberland,Piedmont,12,1,0
05/03/2020,51051,Dickenson,"Cumberland Plateau",0,0,0
05/03/2020,51053,Dinwiddie,Crater,18,6,0
05/03/2020,51057,Essex,"Three Rivers",11,2,0
05/03/2020,51059,Fairfax,Fairfax,4340,739,184
05/03/2020,51061,Fauquier,"Rappahannock Rapidan",133,10,2
05/03/2020,51063,Floyd,"New River",3,1,0
05/03/2020,51065,Fluvanna,"Thomas Jefferson",76,20,6
05/03/2020,51067,"Franklin County","West Piedmont",23,3,0
05/03/2020,51069,Frederick,"Lord Fairfax",121,13,1
05/03/2020,51071,Giles,"New River",4,0,0
05/03/2020,51073,Gloucester,"Three Rivers",25,5,1
05/03/2020,51075,Goochland,Chickahominy,79,11,5
05/03/2020,51077,Grayson,"Mount Rogers",2,0,0
05/03/2020,51079,Greene,"Thomas Jefferson",10,2,1
05/03/2020,51081,Greensville,Crater,39,10,6
05/03/2020,51083,Halifax,Southside,19,1,0
05/03/2020,51085,Hanover,Chickahominy,137,33,12
05/03/2020,51087,Henrico,Henrico,954,136,105
05/03/2020,51089,Henry,"West Piedmont",19,2,1
05/03/2020,51091,Highland,"Central Shenandoah",2,0,0
05/03/2020,51093,"Isle of Wight","Western Tidewater",99,9,2
05/03/2020,51095,"James City",Peninsula,163,51,13
05/03/2020,51097,"King and Queen","Three Rivers",3,0,0
05/03/2020,51099,"King George",Rappahannock,35,13,4
05/03/2020,51101,"King William","Three Rivers",9,1,1
05/03/2020,51103,Lancaster,"Three Rivers",4,1,0
05/03/2020,51105,Lee,Lenowisco,10,1,0
05/03/2020,51107,Loudoun,Loudoun,931,95,16
05/03/2020,51109,Louisa,"Thomas Jefferson",46,9,0
05/03/2020,51111,Lunenburg,Piedmont,4,0,0
05/03/2020,51113,Madison,"Rappahannock Rapidan",15,1,0
05/03/2020,51115,Mathews,"Three Rivers",4,1,0
05/03/2020,51117,Mecklenburg,Southside,106,21,10
05/03/2020,51119,Middlesex,"Three Rivers",7,0,0
05/03/2020,51121,Montgomery,"New River",56,7,1
05/03/2020,51125,Nelson,"Thomas Jefferson",8,0,0
05/03/2020,51127,"New Kent",Chickahominy,25,4,1
05/03/2020,51131,Northampton,"Eastern Shore",134,4,1
05/03/2020,51133,Northumberland,"Three Rivers",9,0,0
05/03/2020,51135,Nottoway,Piedmont,13,1,0
05/03/2020,51137,Orange,"Rappahannock Rapidan",37,3,0
05/03/2020,51139,Page,"Lord Fairfax",109,11,2
05/03/2020,51141,Patrick,"West Piedmont",2,0,0
05/03/2020,51143,Pittsylvania,Pittsylvania-Danville,14,7,1
05/03/2020,51145,Powhatan,Chesterfield,15,0,0
05/03/2020,51147,"Prince Edward",Piedmont,55,5,2
05/03/2020,51149,"Prince George",Crater,35,4,0
05/03/2020,51153,"Prince William","Prince William",2026,199,30
05/03/2020,51155,Pulaski,"New River",9,2,0
05/03/2020,51157,Rappahannock,"Rappahannock Rapidan",6,0,0
05/03/2020,51159,"Richmond County","Three Rivers",145,7,0
05/03/2020,51161,"Roanoke County",Alleghany,57,1,0
05/03/2020,51163,Rockbridge,"Central Shenandoah",7,0,0
05/03/2020,51165,Rockingham,"Central Shenandoah",265,15,1
05/03/2020,51167,Russell,"Cumberland Plateau",5,2,0
05/03/2020,51169,Scott,Lenowisco,7,2,1
05/03/2020,51171,Shenandoah,"Lord Fairfax",145,12,2
05/03/2020,51173,Smyth,"Mount Rogers",13,4,0
05/03/2020,51175,Southampton,"Western Tidewater",127,3,1
05/03/2020,51177,Spotsylvania,Rappahannock,186,23,4
05/03/2020,51179,Stafford,Rappahannock,271,47,2
05/03/2020,51181,Surry,Crater,4,1,1
05/03/2020,51183,Sussex,Crater,31,3,1
05/03/2020,51185,Tazewell,"Cumberland Plateau",6,0,0
05/03/2020,51187,Warren,"Lord Fairfax",61,4,0
05/03/2020,51191,Washington,"Mount Rogers",39,8,3
05/03/2020,51193,Westmoreland,"Three Rivers",26,5,0
05/03/2020,51195,Wise,Lenowisco,22,9,1
05/03/2020,51197,Wythe,"Mount Rogers",12,1,1
05/03/2020,51199,York,Peninsula,47,7,1
05/03/2020,51510,Alexandria,Alexandria,899,109,26
05/03/2020,51520,Bristol,"Mount Rogers",2,0,0
05/03/2020,51530,"Buena Vista City","Central Shenandoah",6,0,0
05/03/2020,51540,Charlottesville,"Thomas Jefferson",63,13,2
05/03/2020,51550,Chesapeake,Chesapeake,279,63,9
05/03/2020,51570,"Colonial Heights",Chesterfield,57,2,6
05/03/2020,51580,Covington,Alleghany,0,0,0
05/03/2020,51590,Danville,Pittsylvania-Danville,37,13,1
05/03/2020,51595,Emporia,Crater,24,9,3
05/03/2020,51600,"Fairfax City",Fairfax,32,5,2
05/03/2020,51610,"Falls Church",Fairfax,35,6,3
05/03/2020,51620,"Franklin City","Western Tidewater",23,2,1
05/03/2020,51630,Fredericksburg,Rappahannock,39,8,0
05/03/2020,51640,Galax,"Mount Rogers",12,1,0
05/03/2020,51650,Hampton,Hampton,123,28,1
05/03/2020,51660,Harrisonburg,"Central Shenandoah",478,28,16
05/03/2020,51670,Hopewell,Crater,27,9,0
05/03/2020,51678,Lexington,"Central Shenandoah",6,0,0
05/03/2020,51680,Lynchburg,"Central Virginia",64,5,1
05/03/2020,51683,"Manassas City","Prince William",266,31,1
05/03/2020,51685,"Manassas Park","Prince William",82,11,1
05/03/2020,51690,Martinsville,"West Piedmont",2,1,0
05/03/2020,51700,"Newport News",Peninsula,125,33,9
05/03/2020,51710,Norfolk,Norfolk,221,45,4
05/03/2020,51720,Norton,Lenowisco,2,2,0
05/03/2020,51730,Petersburg,Crater,35,15,2
05/03/2020,51735,Poquoson,Peninsula,6,2,0
05/03/2020,51740,Portsmouth,Portsmouth,183,35,8
05/03/2020,51750,Radford,"New River",3,0,0
05/03/2020,51760,"Richmond City",Richmond,403,72,16
05/03/2020,51770,"Roanoke City",Roanoke,81,5,0
05/03/2020,51775,Salem,Alleghany,26,2,0
05/03/2020,51790,Staunton,"Central Shenandoah",13,0,0
05/03/2020,51800,Suffolk,"Western Tidewater",190,36,14
05/03/2020,51810,"Virginia Beach","Virginia Beach",413,81,15
05/03/2020,51820,Waynesboro,"Central Shenandoah",14,1,0
05/03/2020,51830,Williamsburg,Peninsula,22,6,2
05/03/2020,51840,Winchester,"Lord Fairfax",49,1,0
05/04/2020,51001,Accomack,"Eastern Shore",425,21,6
05/04/2020,51003,Albemarle,"Thomas Jefferson",110,16,4
05/04/2020,51005,Alleghany,Alleghany,6,4,0
05/04/2020,51007,Amelia,Piedmont,16,7,1
05/04/2020,51009,Amherst,"Central Virginia",14,1,0
05/04/2020,51011,Appomattox,"Central Virginia",21,0,0
05/04/2020,51013,Arlington,Arlington,1139,194,47
05/04/2020,51015,Augusta,"Central Shenandoah",47,2,1
05/04/2020,51017,Bath,"Central Shenandoah",0,0,0
05/04/2020,51019,Bedford,"Central Virginia",35,1,0
05/04/2020,51021,Bland,"Mount Rogers",0,0,0
05/04/2020,51023,Botetourt,Alleghany,28,9,3
05/04/2020,51025,Brunswick,Southside,15,3,0
05/04/2020,51027,Buchanan,"Cumberland Plateau",16,0,0
05/04/2020,51029,Buckingham,Piedmont,137,8,0
05/04/2020,51031,Campbell,"Central Virginia",13,1,0
05/04/2020,51033,Caroline,Rappahannock,32,5,1
05/04/2020,51035,Carroll,"Mount Rogers",19,2,0
05/04/2020,51036,"Charles City",Chickahominy,17,5,1
05/04/2020,51037,Charlotte,Piedmont,10,1,0
05/04/2020,51041,Chesterfield,Chesterfield,601,51,24
05/04/2020,51043,Clarke,"Lord Fairfax",10,1,0
05/04/2020,51045,Craig,Alleghany,3,0,0
05/04/2020,51047,Culpeper,"Rappahannock Rapidan",196,16,3
05/04/2020,51049,Cumberland,Piedmont,12,1,0
05/04/2020,51051,Dickenson,"Cumberland Plateau",0,0,0
05/04/2020,51053,Dinwiddie,Crater,23,6,0
05/04/2020,51057,Essex,"Three Rivers",16,2,0
05/04/2020,51059,Fairfax,Fairfax,4615,771,198
05/04/2020,51061,Fauquier,"Rappahannock Rapidan",140,11,3
05/04/2020,51063,Floyd,"New River",3,1,0
05/04/2020,51065,Fluvanna,"Thomas Jefferson",76,20,6
05/04/2020,51067,"Franklin County","West Piedmont",23,3,0
05/04/2020,51069,Frederick,"Lord Fairfax",126,13,1
05/04/2020,51071,Giles,"New River",4,0,0
05/04/2020,51073,Gloucester,"Three Rivers",27,6,1
05/04/2020,51075,Goochland,Chickahominy,80,11,5
05/04/2020,51077,Grayson,"Mount Rogers",4,0,0
05/04/2020,51079,Greene,"Thomas Jefferson",12,2,1
05/04/2020,51081,Greensville,Crater,41,11,7
05/04/2020,51083,Halifax,Southside,19,1,0
05/04/2020,51085,Hanover,Chickahominy,141,33,12
05/04/2020,51087,Henrico,Henrico,964,137,105
05/04/2020,51089,Henry,"West Piedmont",19,2,1
05/04/2020,51091,Highland,"Central Shenandoah",2,0,0
05/04/2020,51093,"Isle of Wight","Western Tidewater",99,9,2
05/04/2020,51095,"James City",Peninsula,167,51,13
05/04/2020,51097,"King and Queen","Three Rivers",3,0,0
05/04/2020,51099,"King George",Rappahannock,35,13,4
05/04/2020,51101,"King William","Three Rivers",9,1,1
05/04/2020,51103,Lancaster,"Three Rivers",5,1,0
05/04/2020,51105,Lee,Lenowisco,10,1,0
05/04/2020,51107,Loudoun,Loudoun,961,96,18
05/04/2020,51109,Louisa,"Thomas Jefferson",49,9,0
05/04/2020,51111,Lunenburg,Piedmont,4,0,0
05/04/2020,51113,Madison,"Rappahannock Rapidan",16,2,1
05/04/2020,51115,Mathews,"Three Rivers",4,1,0
05/04/2020,51117,Mecklenburg,Southside,106,21,10
05/04/2020,51119,Middlesex,"Three Rivers",7,0,0
05/04/2020,51121,Montgomery,"New River",59,7,1
05/04/2020,51125,Nelson,"Thomas Jefferson",9,0,0
05/04/2020,51127,"New Kent",Chickahominy,26,4,1
05/04/2020,51131,Northampton,"Eastern Shore",139,5,1
05/04/2020,51133,Northumberland,"Three Rivers",9,0,0
05/04/2020,51135,Nottoway,Piedmont,14,1,0
05/04/2020,51137,Orange,"Rappahannock Rapidan",39,3,0
05/04/2020,51139,Page,"Lord Fairfax",113,11,2
05/04/2020,51141,Patrick,"West Piedmont",2,0,0
05/04/2020,51143,Pittsylvania,Pittsylvania-Danville,15,7,1
05/04/2020,51145,Powhatan,Chesterfield,15,0,0
05/04/2020,51147,"Prince Edward",Piedmont,55,5,2
05/04/2020,51149,"Prince George",Crater,40,4,0
05/04/2020,51153,"Prince William","Prince William",2146,222,32
05/04/2020,51155,Pulaski,"New River",9,2,0
05/04/2020,51157,Rappahannock,"Rappahannock Rapidan",6,0,0
05/04/2020,51159,"Richmond County","Three Rivers",145,7,0
05/04/2020,51161,"Roanoke County",Alleghany,57,1,0
05/04/2020,51163,Rockbridge,"Central Shenandoah",7,0,0
05/04/2020,51165,Rockingham,"Central Shenandoah",269,15,1
05/04/2020,51167,Russell,"Cumberland Plateau",5,2,0
05/04/2020,51169,Scott,Lenowisco,7,2,1
05/04/2020,51171,Shenandoah,"Lord Fairfax",149,12,2
05/04/2020,51173,Smyth,"Mount Rogers",13,4,0
05/04/2020,51175,Southampton,"Western Tidewater",127,3,1
05/04/2020,51177,Spotsylvania,Rappahannock,195,23,4
05/04/2020,51179,Stafford,Rappahannock,288,47,2
05/04/2020,51181,Surry,Crater,4,1,1
05/04/2020,51183,Sussex,Crater,32,3,1
05/04/2020,51185,Tazewell,"Cumberland Plateau",6,0,0
05/04/2020,51187,Warren,"Lord Fairfax",63,4,0
05/04/2020,51191,Washington,"Mount Rogers",39,8,3
05/04/2020,51193,Westmoreland,"Three Rivers",31,5,0
05/04/2020,51195,Wise,Lenowisco,22,9,1
05/04/2020,51197,Wythe,"Mount Rogers",12,1,1
05/04/2020,51199,York,Peninsula,47,7,1
05/04/2020,51510,Alexandria,Alexandria,940,110,26
05/04/2020,51520,Bristol,"Mount Rogers",2,0,0
05/04/2020,51530,"Buena Vista City","Central Shenandoah",6,0,0
05/04/2020,51540,Charlottesville,"Thomas Jefferson",63,13,2
05/04/2020,51550,Chesapeake,Chesapeake,284,63,9
05/04/2020,51570,"Colonial Heights",Chesterfield,57,2,6
05/04/2020,51580,Covington,Alleghany,0,0,0
05/04/2020,51590,Danville,Pittsylvania-Danville,37,13,1
05/04/2020,51595,Emporia,Crater,46,9,3
05/04/2020,51600,"Fairfax City",Fairfax,33,5,2
05/04/2020,51610,"Falls Church",Fairfax,36,8,4
05/04/2020,51620,"Franklin City","Western Tidewater",23,2,1
05/04/2020,51630,Fredericksburg,Rappahannock,45,8,0
05/04/2020,51640,Galax,"Mount Rogers",25,1,0
05/04/2020,51650,Hampton,Hampton,128,28,1
05/04/2020,51660,Harrisonburg,"Central Shenandoah",497,28,16
05/04/2020,51670,Hopewell,Crater,31,10,0
05/04/2020,51678,Lexington,"Central Shenandoah",6,0,0
05/04/2020,51680,Lynchburg,"Central Virginia",64,5,1
05/04/2020,51683,"Manassas City","Prince William",273,33,1
05/04/2020,51685,"Manassas Park","Prince William",88,11,2
05/04/2020,51690,Martinsville,"West Piedmont",2,1,0
05/04/2020,51700,"Newport News",Peninsula,132,35,9
05/04/2020,51710,Norfolk,Norfolk,239,45,4
05/04/2020,51720,Norton,Lenowisco,2,2,0
05/04/2020,51730,Petersburg,Crater,39,15,2
05/04/2020,51735,Poquoson,Peninsula,6,2,0
05/04/2020,51740,Portsmouth,Portsmouth,183,35,8
05/04/2020,51750,Radford,"New River",3,0,0
05/04/2020,51760,"Richmond City",Richmond,419,72,16
05/04/2020,51770,"Roanoke City",Roanoke,81,5,0
05/04/2020,51775,Salem,Alleghany,27,2,0
05/04/2020,51790,Staunton,"Central Shenandoah",13,0,0
05/04/2020,51800,Suffolk,"Western Tidewater",190,36,14
05/04/2020,51810,"Virginia Beach","Virginia Beach",439,83,15
05/04/2020,51820,Waynesboro,"Central Shenandoah",14,1,0
05/04/2020,51830,Williamsburg,Peninsula,23,7,2
05/04/2020,51840,Winchester,"Lord Fairfax",50,1,0
05/05/2020,51001,Accomack,"Eastern Shore",429,21,7
05/05/2020,51003,Albemarle,"Thomas Jefferson",110,16,4
05/05/2020,51005,Alleghany,Alleghany,6,4,0
05/05/2020,51007,Amelia,Piedmont,18,7,1
05/05/2020,51009,Amherst,"Central Virginia",15,1,0
05/05/2020,51011,Appomattox,"Central Virginia",21,0,0
05/05/2020,51013,Arlington,Arlington,1169,196,49
05/05/2020,51015,Augusta,"Central Shenandoah",47,2,1
05/05/2020,51017,Bath,"Central Shenandoah",0,0,0
05/05/2020,51019,Bedford,"Central Virginia",36,1,0
05/05/2020,51021,Bland,"Mount Rogers",0,0,0
05/05/2020,51023,Botetourt,Alleghany,29,9,3
05/05/2020,51025,Brunswick,Southside,15,3,0
05/05/2020,51027,Buchanan,"Cumberland Plateau",16,0,0
05/05/2020,51029,Buckingham,Piedmont,171,8,0
05/05/2020,51031,Campbell,"Central Virginia",13,1,0
05/05/2020,51033,Caroline,Rappahannock,34,5,1
05/05/2020,51035,Carroll,"Mount Rogers",19,2,0
05/05/2020,51036,"Charles City",Chickahominy,17,5,1
05/05/2020,51037,Charlotte,Piedmont,11,2,0
05/05/2020,51041,Chesterfield,Chesterfield,646,56,25
05/05/2020,51043,Clarke,"Lord Fairfax",12,1,0
05/05/2020,51045,Craig,Alleghany,4,0,0
05/05/2020,51047,Culpeper,"Rappahannock Rapidan",201,18,3
05/05/2020,51049,Cumberland,Piedmont,12,1,0
05/05/2020,51051,Dickenson,"Cumberland Plateau",0,0,0
05/05/2020,51053,Dinwiddie,Crater,25,7,0
05/05/2020,51057,Essex,"Three Rivers",17,3,0
05/05/2020,51059,Fairfax,Fairfax,4834,787,201
05/05/2020,51061,Fauquier,"Rappahannock Rapidan",147,11,3
05/05/2020,51063,Floyd,"New River",3,1,0
05/05/2020,51065,Fluvanna,"Thomas Jefferson",76,20,6
05/05/2020,51067,"Franklin County","West Piedmont",23,3,0
05/05/2020,51069,Frederick,"Lord Fairfax",132,13,1
05/05/2020,51071,Giles,"New River",4,0,0
05/05/2020,51073,Gloucester,"Three Rivers",26,7,1
05/05/2020,51075,Goochland,Chickahominy,80,11,5
05/05/2020,51077,Grayson,"Mount Rogers",5,0,0
05/05/2020,51079,Greene,"Thomas Jefferson",13,2,1
05/05/2020,51081,Greensville,Crater,41,11,7
05/05/2020,51083,Halifax,Southside,18,1,0
05/05/2020,51085,Hanover,Chickahominy,145,37,13
05/05/2020,51087,Henrico,Henrico,985,139,106
05/05/2020,51089,Henry,"West Piedmont",19,2,1
05/05/2020,51091,Highland,"Central Shenandoah",2,0,0
05/05/2020,51093,"Isle of Wight","Western Tidewater",100,10,3
05/05/2020,51095,"James City",Peninsula,166,51,14
05/05/2020,51097,"King and Queen","Three Rivers",3,0,0
05/05/2020,51099,"King George",Rappahannock,36,13,4
05/05/2020,51101,"King William","Three Rivers",10,1,1
05/05/2020,51103,Lancaster,"Three Rivers",5,1,0
05/05/2020,51105,Lee,Lenowisco,10,1,0
05/05/2020,51107,Loudoun,Loudoun,998,100,24
05/05/2020,51109,Louisa,"Thomas Jefferson",50,9,0
05/05/2020,51111,Lunenburg,Piedmont,4,0,0
05/05/2020,51113,Madison,"Rappahannock Rapidan",17,2,1
05/05/2020,51115,Mathews,"Three Rivers",4,1,0
05/05/2020,51117,Mecklenburg,Southside,106,21,10
05/05/2020,51119,Middlesex,"Three Rivers",7,0,0
05/05/2020,51121,Montgomery,"New River",61,9,1
05/05/2020,51125,Nelson,"Thomas Jefferson",9,0,0
05/05/2020,51127,"New Kent",Chickahominy,26,5,1
05/05/2020,51131,Northampton,"Eastern Shore",140,5,1
05/05/2020,51133,Northumberland,"Three Rivers",9,0,0
05/05/2020,51135,Nottoway,Piedmont,14,1,0
05/05/2020,51137,Orange,"Rappahannock Rapidan",41,3,0
05/05/2020,51139,Page,"Lord Fairfax",113,12,5
05/05/2020,51141,Patrick,"West Piedmont",2,0,0
05/05/2020,51143,Pittsylvania,Pittsylvania-Danville,16,7,1
05/05/2020,51145,Powhatan,Chesterfield,15,0,0
05/05/2020,51147,"Prince Edward",Piedmont,58,5,2
05/05/2020,51149,"Prince George",Crater,40,4,0
05/05/2020,51153,"Prince William","Prince William",2223,225,33
05/05/2020,51155,Pulaski,"New River",9,2,0
05/05/2020,51157,Rappahannock,"Rappahannock Rapidan",6,0,0
05/05/2020,51159,"Richmond County","Three Rivers",143,6,1
05/05/2020,51161,"Roanoke County",Alleghany,57,1,0
05/05/2020,51163,Rockbridge,"Central Shenandoah",8,0,0
05/05/2020,51165,Rockingham,"Central Shenandoah",282,16,1
05/05/2020,51167,Russell,"Cumberland Plateau",5,2,0
05/05/2020,51169,Scott,Lenowisco,7,2,1
05/05/2020,51171,Shenandoah,"Lord Fairfax",165,13,3
05/05/2020,51173,Smyth,"Mount Rogers",13,4,0
05/05/2020,51175,Southampton,"Western Tidewater",128,3,1
05/05/2020,51177,Spotsylvania,Rappahannock,206,24,4
05/05/2020,51179,Stafford,Rappahannock,308,49,2
05/05/2020,51181,Surry,Crater,4,1,1
05/05/2020,51183,Sussex,Crater,32,3,1
05/05/2020,51185,Tazewell,"Cumberland Plateau",6,0,0
05/05/2020,51187,Warren,"Lord Fairfax",68,4,0
05/05/2020,51191,Washington,"Mount Rogers",40,8,3
05/05/2020,51193,Westmoreland,"Three Rivers",30,5,0
05/05/2020,51195,Wise,Lenowisco,22,9,1
05/05/2020,51197,Wythe,"Mount Rogers",12,1,1
05/05/2020,51199,York,Peninsula,48,7,1
05/05/2020,51510,Alexandria,Alexandria,983,120,26
05/05/2020,51520,Bristol,"Mount Rogers",2,0,0
05/05/2020,51530,"Buena Vista City","Central Shenandoah",6,0,0
05/05/2020,51540,Charlottesville,"Thomas Jefferson",64,14,2
05/05/2020,51550,Chesapeake,Chesapeake,293,65,9
05/05/2020,51570,"Colonial Heights",Chesterfield,58,2,6
05/05/2020,51580,Covington,Alleghany,0,0,0
05/05/2020,51590,Danville,Pittsylvania-Danville,37,13,1
05/05/2020,51595,Emporia,Crater,46,9,3
05/05/2020,51600,"Fairfax City",Fairfax,33,5,2
05/05/2020,51610,"Falls Church",Fairfax,36,8,4
05/05/2020,51620,"Franklin City","Western Tidewater",23,2,1
05/05/2020,51630,Fredericksburg,Rappahannock,45,8,0
05/05/2020,51640,Galax,"Mount Rogers",25,1,0
05/05/2020,51650,Hampton,Hampton,128,28,3
05/05/2020,51660,Harrisonburg,"Central Shenandoah",525,31,19
05/05/2020,51670,Hopewell,Crater,31,10,0
05/05/2020,51678,Lexington,"Central Shenandoah",5,0,0
05/05/2020,51680,Lynchburg,"Central Virginia",65,5,1
05/05/2020,51683,"Manassas City","Prince William",289,33,1
05/05/2020,51685,"Manassas Park","Prince William",96,11,2
05/05/2020,51690,Martinsville,"West Piedmont",2,1,0
05/05/2020,51700,"Newport News",Peninsula,133,35,9
05/05/2020,51710,Norfolk,Norfolk,251,46,4
05/05/2020,51720,Norton,Lenowisco,2,2,0
05/05/2020,51730,Petersburg,Crater,40,14,2
05/05/2020,51735,Poquoson,Peninsula,7,2,0
05/05/2020,51740,Portsmouth,Portsmouth,187,36,8
05/05/2020,51750,Radford,"New River",3,0,0
05/05/2020,51760,"Richmond City",Richmond,438,76,16
05/05/2020,51770,"Roanoke City",Roanoke,82,5,0
05/05/2020,51775,Salem,Alleghany,31,2,0
05/05/2020,51790,Staunton,"Central Shenandoah",13,0,0
05/05/2020,51800,Suffolk,"Western Tidewater",205,37,15
05/05/2020,51810,"Virginia Beach","Virginia Beach",445,83,15
05/05/2020,51820,Waynesboro,"Central Shenandoah",16,1,0
05/05/2020,51830,Williamsburg,Peninsula,27,7,2
05/05/2020,51840,Winchester,"Lord Fairfax",56,1,0
05/06/2020,51001,Accomack,"Eastern Shore",433,21,7
05/06/2020,51003,Albemarle,"Thomas Jefferson",111,16,4
05/06/2020,51005,Alleghany,Alleghany,6,4,0
05/06/2020,51007,Amelia,Piedmont,18,7,1
05/06/2020,51009,Amherst,"Central Virginia",15,1,0
05/06/2020,51011,Appomattox,"Central Virginia",21,1,0
05/06/2020,51013,Arlington,Arlington,1200,216,51
05/06/2020,51015,Augusta,"Central Shenandoah",54,2,1
05/06/2020,51017,Bath,"Central Shenandoah",0,0,0
05/06/2020,51019,Bedford,"Central Virginia",37,1,1
05/06/2020,51021,Bland,"Mount Rogers",0,0,0
05/06/2020,51023,Botetourt,Alleghany,30,9,3
05/06/2020,51025,Brunswick,Southside,15,3,0
05/06/2020,51027,Buchanan,"Cumberland Plateau",16,0,0
05/06/2020,51029,Buckingham,Piedmont,201,8,0
05/06/2020,51031,Campbell,"Central Virginia",13,2,0
05/06/2020,51033,Caroline,Rappahannock,35,5,1
05/06/2020,51035,Carroll,"Mount Rogers",21,2,0
05/06/2020,51036,"Charles City",Chickahominy,17,7,1
05/06/2020,51037,Charlotte,Piedmont,11,2,0
05/06/2020,51041,Chesterfield,Chesterfield,681,57,25
05/06/2020,51043,Clarke,"Lord Fairfax",15,1,0
05/06/2020,51045,Craig,Alleghany,4,0,0
05/06/2020,51047,Culpeper,"Rappahannock Rapidan",209,18,3
05/06/2020,51049,Cumberland,Piedmont,12,1,0
05/06/2020,51051,Dickenson,"Cumberland Plateau",0,0,0
05/06/2020,51053,Dinwiddie,Crater,25,7,0
05/06/2020,51057,Essex,"Three Rivers",17,3,0
05/06/2020,51059,Fairfax,Fairfax,5016,824,206
05/06/2020,51061,Fauquier,"Rappahannock Rapidan",148,12,4
05/06/2020,51063,Floyd,"New River",3,1,0
05/06/2020,51065,Fluvanna,"Thomas Jefferson",76,20,6
05/06/2020,51067,"Franklin County","West Piedmont",23,3,0
05/06/2020,51069,Frederick,"Lord Fairfax",144,13,1
05/06/2020,51071,Giles,"New River",4,0,0
05/06/2020,51073,Gloucester,"Three Rivers",26,7,1
05/06/2020,51075,Goochland,Chickahominy,81,11,5
05/06/2020,51077,Grayson,"Mount Rogers",5,0,0
05/06/2020,51079,Greene,"Thomas Jefferson",13,2,1
05/06/2020,51081,Greensville,Crater,43,13,7
05/06/2020,51083,Halifax,Southside,18,1,0
05/06/2020,51085,Hanover,Chickahominy,153,37,14
05/06/2020,51087,Henrico,Henrico,1000,141,109
05/06/2020,51089,Henry,"West Piedmont",20,3,1
05/06/2020,51091,Highland,"Central Shenandoah",2,0,0
05/06/2020,51093,"Isle of Wight","Western Tidewater",101,10,3
05/06/2020,51095,"James City",Peninsula,166,51,14
05/06/2020,51097,"King and Queen","Three Rivers",3,0,0
05/06/2020,51099,"King George",Rappahannock,38,13,4
05/06/2020,51101,"King William","Three Rivers",11,1,1
05/06/2020,51103,Lancaster,"Three Rivers",5,1,0
05/06/2020,51105,Lee,Lenowisco,10,1,0
05/06/2020,51107,Loudoun,Loudoun,1025,102,25
05/06/2020,51109,Louisa,"Thomas Jefferson",50,9,0
05/06/2020,51111,Lunenburg,Piedmont,4,0,0
05/06/2020,51113,Madison,"Rappahannock Rapidan",18,2,1
05/06/2020,51115,Mathews,"Three Rivers",4,1,0
05/06/2020,51117,Mecklenburg,Southside,107,22,10
05/06/2020,51119,Middlesex,"Three Rivers",7,0,0
05/06/2020,51121,Montgomery,"New River",61,9,1
05/06/2020,51125,Nelson,"Thomas Jefferson",9,0,0
05/06/2020,51127,"New Kent",Chickahominy,26,5,1
05/06/2020,51131,Northampton,"Eastern Shore",143,5,1
05/06/2020,51133,Northumberland,"Three Rivers",9,0,0
05/06/2020,51135,Nottoway,Piedmont,14,1,0
05/06/2020,51137,Orange,"Rappahannock Rapidan",42,3,0
05/06/2020,51139,Page,"Lord Fairfax",120,12,7
05/06/2020,51141,Patrick,"West Piedmont",3,0,0
05/06/2020,51143,Pittsylvania,Pittsylvania-Danville,17,7,1
05/06/2020,51145,Powhatan,Chesterfield,16,0,0
05/06/2020,51147,"Prince Edward",Piedmont,62,5,2
05/06/2020,51149,"Prince George",Crater,40,4,0
05/06/2020,51153,"Prince William","Prince William",2304,241,37
05/06/2020,51155,Pulaski,"New River",9,2,0
05/06/2020,51157,Rappahannock,"Rappahannock Rapidan",6,0,0
05/06/2020,51159,"Richmond County","Three Rivers",144,6,1
05/06/2020,51161,"Roanoke County",Alleghany,59,1,0
05/06/2020,51163,Rockbridge,"Central Shenandoah",8,0,0
05/06/2020,51165,Rockingham,"Central Shenandoah",302,18,1
05/06/2020,51167,Russell,"Cumberland Plateau",6,2,0
05/06/2020,51169,Scott,Lenowisco,7,2,1
05/06/2020,51171,Shenandoah,"Lord Fairfax",190,15,3
05/06/2020,51173,Smyth,"Mount Rogers",13,4,0
05/06/2020,51175,Southampton,"Western Tidewater",128,3,1
05/06/2020,51177,Spotsylvania,Rappahannock,223,25,4
05/06/2020,51179,Stafford,Rappahannock,321,49,2
05/06/2020,51181,Surry,Crater,4,1,1
05/06/2020,51183,Sussex,Crater,32,3,1
05/06/2020,51185,Tazewell,"Cumberland Plateau",6,0,0
05/06/2020,51187,Warren,"Lord Fairfax",71,6,0
05/06/2020,51191,Washington,"Mount Rogers",41,8,3
05/06/2020,51193,Westmoreland,"Three Rivers",31,5,0
05/06/2020,51195,Wise,Lenowisco,22,9,1
05/06/2020,51197,Wythe,"Mount Rogers",12,1,1
05/06/2020,51199,York,Peninsula,50,7,1
05/06/2020,51510,Alexandria,Alexandria,1022,126,27
05/06/2020,51520,Bristol,"Mount Rogers",2,0,0
05/06/2020,51530,"Buena Vista City","Central Shenandoah",8,0,0
05/06/2020,51540,Charlottesville,"Thomas Jefferson",63,13,2
05/06/2020,51550,Chesapeake,Chesapeake,306,67,9
05/06/2020,51570,"Colonial Heights",Chesterfield,62,2,6
05/06/2020,51580,Covington,Alleghany,0,0,0
05/06/2020,51590,Danville,Pittsylvania-Danville,38,13,1
05/06/2020,51595,Emporia,Crater,46,9,3
05/06/2020,51600,"Fairfax City",Fairfax,34,6,2
05/06/2020,51610,"Falls Church",Fairfax,36,8,4
05/06/2020,51620,"Franklin City","Western Tidewater",23,2,1
05/06/2020,51630,Fredericksburg,Rappahannock,48,10,0
05/06/2020,51640,Galax,"Mount Rogers",31,1,0
05/06/2020,51650,Hampton,Hampton,131,28,3
05/06/2020,51660,Harrisonburg,"Central Shenandoah",544,32,19
05/06/2020,51670,Hopewell,Crater,33,11,0
05/06/2020,51678,Lexington,"Central Shenandoah",5,0,0
05/06/2020,51680,Lynchburg,"Central Virginia",68,6,1
05/06/2020,51683,"Manassas City","Prince William",310,34,1
05/06/2020,51685,"Manassas Park","Prince William",101,12,2
05/06/2020,51690,Martinsville,"West Piedmont",2,1,0
05/06/2020,51700,"Newport News",Peninsula,134,34,9
05/06/2020,51710,Norfolk,Norfolk,257,48,4
05/06/2020,51720,Norton,Lenowisco,2,2,0
05/06/2020,51730,Petersburg,Crater,42,15,2
05/06/2020,51735,Poquoson,Peninsula,7,2,0
05/06/2020,51740,Portsmouth,Portsmouth,189,37,8
05/06/2020,51750,Radford,"New River",3,0,0
05/06/2020,51760,"Richmond City",Richmond,453,77,17
05/06/2020,51770,"Roanoke City",Roanoke,84,6,0
05/06/2020,51775,Salem,Alleghany,30,2,0
05/06/2020,51790,Staunton,"Central Shenandoah",14,0,0
05/06/2020,51800,Suffolk,"Western Tidewater",207,38,15
05/06/2020,51810,"Virginia Beach","Virginia Beach",449,83,17
05/06/2020,51820,Waynesboro,"Central Shenandoah",20,1,0
05/06/2020,51830,Williamsburg,Peninsula,29,8,2
05/06/2020,51840,Winchester,"Lord Fairfax",60,2,0
05/07/2020,51001,Accomack,"Eastern Shore",463,22,7
05/07/2020,51003,Albemarle,"Thomas Jefferson",112,16,4
05/07/2020,51005,Alleghany,Alleghany,6,4,0
05/07/2020,51007,Amelia,Piedmont,17,7,1
05/07/2020,51009,Amherst,"Central Virginia",15,1,0
05/07/2020,51011,Appomattox,"Central Virginia",21,1,0
05/07/2020,51013,Arlington,Arlington,1248,222,52
05/07/2020,51015,Augusta,"Central Shenandoah",55,2,1
05/07/2020,51017,Bath,"Central Shenandoah",0,0,0
05/07/2020,51019,Bedford,"Central Virginia",37,1,1
05/07/2020,51021,Bland,"Mount Rogers",0,0,0
05/07/2020,51023,Botetourt,Alleghany,29,9,3
05/07/2020,51025,Brunswick,Southside,16,3,0
05/07/2020,51027,Buchanan,"Cumberland Plateau",16,0,0
05/07/2020,51029,Buckingham,Piedmont,225,10,0
05/07/2020,51031,Campbell,"Central Virginia",13,2,0
05/07/2020,51033,Caroline,Rappahannock,36,5,1
05/07/2020,51035,Carroll,"Mount Rogers",25,2,0
05/07/2020,51036,"Charles City",Chickahominy,17,7,1
05/07/2020,51037,Charlotte,Piedmont,11,2,0
05/07/2020,51041,Chesterfield,Chesterfield,707,59,26
05/07/2020,51043,Clarke,"Lord Fairfax",16,2,0
05/07/2020,51045,Craig,Alleghany,4,0,0
05/07/2020,51047,Culpeper,"Rappahannock Rapidan",217,18,4
05/07/2020,51049,Cumberland,Piedmont,12,1,0
05/07/2020,51051,Dickenson,"Cumberland Plateau",0,0,0
05/07/2020,51053,Dinwiddie,Crater,25,7,0
05/07/2020,51057,Essex,"Three Rivers",18,3,0
05/07/2020,51059,Fairfax,Fairfax,5045,832,211
05/07/2020,51061,Fauquier,"Rappahannock Rapidan",149,13,4
05/07/2020,51063,Floyd,"New River",3,1,0
05/07/2020,51065,Fluvanna,"Thomas Jefferson",78,20,6
05/07/2020,51067,"Franklin County","West Piedmont",24,3,0
05/07/2020,51069,Frederick,"Lord Fairfax",147,13,1
05/07/2020,51071,Giles,"New River",4,0,0
05/07/2020,51073,Gloucester,"Three Rivers",27,7,1
05/07/2020,51075,Goochland,Chickahominy,81,12,5
05/07/2020,51077,Grayson,"Mount Rogers",5,0,0
05/07/2020,51079,Greene,"Thomas Jefferson",13,2,1
05/07/2020,51081,Greensville,Crater,44,13,7
05/07/2020,51083,Halifax,Southside,19,1,0
05/07/2020,51085,Hanover,Chickahominy,154,38,15
05/07/2020,51087,Henrico,Henrico,1025,146,109
05/07/2020,51089,Henry,"West Piedmont",20,3,1
05/07/2020,51091,Highland,"Central Shenandoah",2,0,0
05/07/2020,51093,"Isle of Wight","Western Tidewater",103,10,3
05/07/2020,51095,"James City",Peninsula,167,52,15
05/07/2020,51097,"King and Queen","Three Rivers",4,1,0
05/07/2020,51099,"King George",Rappahannock,38,13,4
05/07/2020,51101,"King William","Three Rivers",11,1,1
05/07/2020,51103,Lancaster,"Three Rivers",6,1,0
05/07/2020,51105,Lee,Lenowisco,10,1,0
05/07/2020,51107,Loudoun,Loudoun,1043,105,26
05/07/2020,51109,Louisa,"Thomas Jefferson",51,9,0
05/07/2020,51111,Lunenburg,Piedmont,4,0,0
05/07/2020,51113,Madison,"Rappahannock Rapidan",18,2,1
05/07/2020,51115,Mathews,"Three Rivers",4,1,0
05/07/2020,51117,Mecklenburg,Southside,109,22,10
05/07/2020,51119,Middlesex,"Three Rivers",7,0,0
05/07/2020,51121,Montgomery,"New River",61,9,1
05/07/2020,51125,Nelson,"Thomas Jefferson",9,0,0
05/07/2020,51127,"New Kent",Chickahominy,26,5,1
05/07/2020,51131,Northampton,"Eastern Shore",149,7,3
05/07/2020,51133,Northumberland,"Three Rivers",9,0,1
05/07/2020,51135,Nottoway,Piedmont,14,1,0
05/07/2020,51137,Orange,"Rappahannock Rapidan",43,3,0
05/07/2020,51139,Page,"Lord Fairfax",122,13,11
05/07/2020,51141,Patrick,"West Piedmont",4,0,0
05/07/2020,51143,Pittsylvania,Pittsylvania-Danville,17,7,1
05/07/2020,51145,Powhatan,Chesterfield,17,0,0
05/07/2020,51147,"Prince Edward",Piedmont,63,5,2
05/07/2020,51149,"Prince George",Crater,42,4,0
05/07/2020,51153,"Prince William","Prince William",2398,247,39
05/07/2020,51155,Pulaski,"New River",9,2,0
05/07/2020,51157,Rappahannock,"Rappahannock Rapidan",7,0,0
05/07/2020,51159,"Richmond County","Three Rivers",187,6,2
05/07/2020,51161,"Roanoke County",Alleghany,60,1,0
05/07/2020,51163,Rockbridge,"Central Shenandoah",8,0,0
05/07/2020,51165,Rockingham,"Central Shenandoah",310,20,1
05/07/2020,51167,Russell,"Cumberland Plateau",6,2,0
05/07/2020,51169,Scott,Lenowisco,7,2,1
05/07/2020,51171,Shenandoah,"Lord Fairfax",213,17,3
05/07/2020,51173,Smyth,"Mount Rogers",13,4,0
05/07/2020,51175,Southampton,"Western Tidewater",128,3,1
05/07/2020,51177,Spotsylvania,Rappahannock,230,27,4
05/07/2020,51179,Stafford,Rappahannock,334,52,2
05/07/2020,51181,Surry,Crater,4,1,1
05/07/2020,51183,Sussex,Crater,32,3,1
05/07/2020,51185,Tazewell,"Cumberland Plateau",6,0,0
05/07/2020,51187,Warren,"Lord Fairfax",75,7,0
05/07/2020,51191,Washington,"Mount Rogers",41,8,3
05/07/2020,51193,Westmoreland,"Three Rivers",33,5,0
05/07/2020,51195,Wise,Lenowisco,22,9,1
05/07/2020,51197,Wythe,"Mount Rogers",12,1,1
05/07/2020,51199,York,Peninsula,51,8,1
05/07/2020,51510,Alexandria,Alexandria,1060,127,29
05/07/2020,51520,Bristol,"Mount Rogers",2,0,0
05/07/2020,51530,"Buena Vista City","Central Shenandoah",8,0,0
05/07/2020,51540,Charlottesville,"Thomas Jefferson",65,13,2
05/07/2020,51550,Chesapeake,Chesapeake,311,68,9
05/07/2020,51570,"Colonial Heights",Chesterfield,64,2,6
05/07/2020,51580,Covington,Alleghany,0,0,0
05/07/2020,51590,Danville,Pittsylvania-Danville,38,13,1
05/07/2020,51595,Emporia,Crater,47,9,3
05/07/2020,51600,"Fairfax City",Fairfax,35,6,3
05/07/2020,51610,"Falls Church",Fairfax,36,8,4
05/07/2020,51620,"Franklin City","Western Tidewater",23,2,1
05/07/2020,51630,Fredericksburg,Rappahannock,52,10,0
05/07/2020,51640,Galax,"Mount Rogers",32,1,0
05/07/2020,51650,Hampton,Hampton,131,28,3
05/07/2020,51660,Harrisonburg,"Central Shenandoah",552,33,20
05/07/2020,51670,Hopewell,Crater,33,11,0
05/07/2020,51678,Lexington,"Central Shenandoah",5,0,0
05/07/2020,51680,Lynchburg,"Central Virginia",68,6,1
05/07/2020,51683,"Manassas City","Prince William",332,38,1
05/07/2020,51685,"Manassas Park","Prince William",106,12,2
05/07/2020,51690,Martinsville,"West Piedmont",2,1,0
05/07/2020,51700,"Newport News",Peninsula,137,35,10
05/07/2020,51710,Norfolk,Norfolk,270,48,5
05/07/2020,51720,Norton,Lenowisco,2,2,0
05/07/2020,51730,Petersburg,Crater,41,15,2
05/07/2020,51735,Poquoson,Peninsula,7,2,0
05/07/2020,51740,Portsmouth,Portsmouth,193,37,8
05/07/2020,51750,Radford,"New River",3,0,0
05/07/2020,51760,"Richmond City",Richmond,473,81,17
05/07/2020,51770,"Roanoke City",Roanoke,88,6,1
05/07/2020,51775,Salem,Alleghany,30,2,0
05/07/2020,51790,Staunton,"Central Shenandoah",14,0,0
05/07/2020,51800,Suffolk,"Western Tidewater",208,38,19
05/07/2020,51810,"Virginia Beach","Virginia Beach",454,83,17
05/07/2020,51820,Waynesboro,"Central Shenandoah",20,1,0
05/07/2020,51830,Williamsburg,Peninsula,29,8,2
05/07/2020,51840,Winchester,"Lord Fairfax",61,2,0
05/08/2020,51001,Accomack,"Eastern Shore",463,22,7
05/08/2020,51003,Albemarle,"Thomas Jefferson",116,16,4
05/08/2020,51005,Alleghany,Alleghany,6,4,0
05/08/2020,51007,Amelia,Piedmont,17,7,1
05/08/2020,51009,Amherst,"Central Virginia",15,1,0
05/08/2020,51011,Appomattox,"Central Virginia",21,1,0
05/08/2020,51013,Arlington,Arlington,1281,227,57
05/08/2020,51015,Augusta,"Central Shenandoah",55,2,1
05/08/2020,51017,Bath,"Central Shenandoah",0,0,0
05/08/2020,51019,Bedford,"Central Virginia",37,1,1
05/08/2020,51021,Bland,"Mount Rogers",0,0,0
05/08/2020,51023,Botetourt,Alleghany,30,9,3
05/08/2020,51025,Brunswick,Southside,17,4,0
05/08/2020,51027,Buchanan,"Cumberland Plateau",16,0,0
05/08/2020,51029,Buckingham,Piedmont,225,10,1
05/08/2020,51031,Campbell,"Central Virginia",13,3,0
05/08/2020,51033,Caroline,Rappahannock,37,5,1
05/08/2020,51035,Carroll,"Mount Rogers",26,2,0
05/08/2020,51036,"Charles City",Chickahominy,19,7,1
05/08/2020,51037,Charlotte,Piedmont,11,2,0
05/08/2020,51041,Chesterfield,Chesterfield,741,62,26
05/08/2020,51043,Clarke,"Lord Fairfax",16,2,0
05/08/2020,51045,Craig,Alleghany,4,0,0
05/08/2020,51047,Culpeper,"Rappahannock Rapidan",239,20,4
05/08/2020,51049,Cumberland,Piedmont,13,2,0
05/08/2020,51051,Dickenson,"Cumberland Plateau",0,0,0
05/08/2020,51053,Dinwiddie,Crater,25,7,0
05/08/2020,51057,Essex,"Three Rivers",18,3,0
05/08/2020,51059,Fairfax,Fairfax,5338,881,227
05/08/2020,51061,Fauquier,"Rappahannock Rapidan",153,13,4
05/08/2020,51063,Floyd,"New River",3,1,0
05/08/2020,51065,Fluvanna,"Thomas Jefferson",78,21,6
05/08/2020,51067,"Franklin County","West Piedmont",25,3,0
05/08/2020,51069,Frederick,"Lord Fairfax",150,13,2
05/08/2020,51071,Giles,"New River",4,0,0
05/08/2020,51073,Gloucester,"Three Rivers",27,7,1
05/08/2020,51075,Goochland,Chickahominy,81,12,5
05/08/2020,51077,Grayson,"Mount Rogers",5,0,0
05/08/2020,51079,Greene,"Thomas Jefferson",14,2,1
05/08/2020,51081,Greensville,Crater,44,13,7
05/08/2020,51083,Halifax,Southside,20,1,0
05/08/2020,51085,Hanover,Chickahominy,155,38,15
05/08/2020,51087,Henrico,Henrico,1032,148,110
05/08/2020,51089,Henry,"West Piedmont",21,3,1
05/08/2020,51091,Highland,"Central Shenandoah",2,0,0
05/08/2020,51093,"Isle of Wight","Western Tidewater",105,10,3
05/08/2020,51095,"James City",Peninsula,170,52,15
05/08/2020,51097,"King and Queen","Three Rivers",4,1,0
05/08/2020,51099,"King George",Rappahannock,38,13,4
05/08/2020,51101,"King William","Three Rivers",11,2,1
05/08/2020,51103,Lancaster,"Three Rivers",6,1,0
05/08/2020,51105,Lee,Lenowisco,10,1,0
05/08/2020,51107,Loudoun,Loudoun,1070,109,29
05/08/2020,51109,Louisa,"Thomas Jefferson",53,9,0
05/08/2020,51111,Lunenburg,Piedmont,5,0,0
05/08/2020,51113,Madison,"Rappahannock Rapidan",20,2,1
05/08/2020,51115,Mathews,"Three Rivers",4,1,0
05/08/2020,51117,Mecklenburg,Southside,111,22,10
05/08/2020,51119,Middlesex,"Three Rivers",10,1,0
05/08/2020,51121,Montgomery,"New River",61,9,1
05/08/2020,51125,Nelson,"Thomas Jefferson",10,0,0
05/08/2020,51127,"New Kent",Chickahominy,26,5,1
05/08/2020,51131,Northampton,"Eastern Shore",149,9,5
05/08/2020,51133,Northumberland,"Three Rivers",9,0,1
05/08/2020,51135,Nottoway,Piedmont,14,1,0
05/08/2020,51137,Orange,"Rappahannock Rapidan",43,3,0
05/08/2020,51139,Page,"Lord Fairfax",123,13,11
05/08/2020,51141,Patrick,"West Piedmont",4,0,0
05/08/2020,51143,Pittsylvania,Pittsylvania-Danville,17,8,1
05/08/2020,51145,Powhatan,Chesterfield,18,0,0
05/08/2020,51147,"Prince Edward",Piedmont,65,6,2
05/08/2020,51149,"Prince George",Crater,42,4,0
05/08/2020,51153,"Prince William","Prince William",2474,255,46
05/08/2020,51155,Pulaski,"New River",9,2,0
05/08/2020,51157,Rappahannock,"Rappahannock Rapidan",6,0,0
05/08/2020,51159,"Richmond County","Three Rivers",187,7,3
05/08/2020,51161,"Roanoke County",Alleghany,62,2,0
05/08/2020,51163,Rockbridge,"Central Shenandoah",8,0,0
05/08/2020,51165,Rockingham,"Central Shenandoah",320,21,1
05/08/2020,51167,Russell,"Cumberland Plateau",6,2,0
05/08/2020,51169,Scott,Lenowisco,7,2,2
05/08/2020,51171,Shenandoah,"Lord Fairfax",236,18,4
05/08/2020,51173,Smyth,"Mount Rogers",13,4,0
05/08/2020,51175,Southampton,"Western Tidewater",129,3,1
05/08/2020,51177,Spotsylvania,Rappahannock,233,27,4
05/08/2020,51179,Stafford,Rappahannock,344,55,2
05/08/2020,51181,Surry,Crater,4,1,1
05/08/2020,51183,Sussex,Crater,32,3,1
05/08/2020,51185,Tazewell,"Cumberland Plateau",6,0,0
05/08/2020,51187,Warren,"Lord Fairfax",78,7,0
05/08/2020,51191,Washington,"Mount Rogers",42,8,3
05/08/2020,51193,Westmoreland,"Three Rivers",35,5,0
05/08/2020,51195,Wise,Lenowisco,22,9,1
05/08/2020,51197,Wythe,"Mount Rogers",12,1,1
05/08/2020,51199,York,Peninsula,55,8,2
05/08/2020,51510,Alexandria,Alexandria,1110,129,29
05/08/2020,51520,Bristol,"Mount Rogers",2,0,0
05/08/2020,51530,"Buena Vista City","Central Shenandoah",8,0,0
05/08/2020,51540,Charlottesville,"Thomas Jefferson",66,13,2
05/08/2020,51550,Chesapeake,Chesapeake,316,68,9
05/08/2020,51570,"Colonial Heights",Chesterfield,65,2,6
05/08/2020,51580,Covington,Alleghany,0,0,0
05/08/2020,51590,Danville,Pittsylvania-Danville,39,13,1
05/08/2020,51595,Emporia,Crater,47,9,3
05/08/2020,51600,"Fairfax City",Fairfax,39,6,3
05/08/2020,51610,"Falls Church",Fairfax,37,9,4
05/08/2020,51620,"Franklin City","Western Tidewater",23,2,1
05/08/2020,51630,Fredericksburg,Rappahannock,55,11,0
05/08/2020,51640,Galax,"Mount Rogers",33,1,0
05/08/2020,51650,Hampton,Hampton,135,28,3
05/08/2020,51660,Harrisonburg,"Central Shenandoah",574,33,21
05/08/2020,51670,Hopewell,Crater,33,11,0
05/08/2020,51678,Lexington,"Central Shenandoah",5,0,0
05/08/2020,51680,Lynchburg,"Central Virginia",68,6,1
05/08/2020,51683,"Manassas City","Prince William",355,40,2
05/08/2020,51685,"Manassas Park","Prince William",114,12,2
05/08/2020,51690,Martinsville,"West Piedmont",2,1,0
05/08/2020,51700,"Newport News",Peninsula,144,35,10
05/08/2020,51710,Norfolk,Norfolk,274,50,5
05/08/2020,51720,Norton,Lenowisco,2,2,0
05/08/2020,51730,Petersburg,Crater,41,15,2
05/08/2020,51735,Poquoson,Peninsula,7,2,0
05/08/2020,51740,Portsmouth,Portsmouth,194,37,8
05/08/2020,51750,Radford,"New River",3,0,0
05/08/2020,51760,"Richmond City",Richmond,494,85,18
05/08/2020,51770,"Roanoke City",Roanoke,91,6,1
05/08/2020,51775,Salem,Alleghany,30,2,0
05/08/2020,51790,Staunton,"Central Shenandoah",15,0,0
05/08/2020,51800,Suffolk,"Western Tidewater",209,39,19
05/08/2020,51810,"Virginia Beach","Virginia Beach",469,84,17
05/08/2020,51820,Waynesboro,"Central Shenandoah",20,1,0
05/08/2020,51830,Williamsburg,Peninsula,31,8,2
05/08/2020,51840,Winchester,"Lord Fairfax",61,2,0
05/09/2020,51001,Accomack,"Eastern Shore",496,23,7
05/09/2020,51003,Albemarle,"Thomas Jefferson",119,16,4
05/09/2020,51005,Alleghany,Alleghany,6,4,0
05/09/2020,51007,Amelia,Piedmont,17,7,1
05/09/2020,51009,Amherst,"Central Virginia",15,2,0
05/09/2020,51011,Appomattox,"Central Virginia",22,1,0
05/09/2020,51013,Arlington,Arlington,1332,260,60
05/09/2020,51015,Augusta,"Central Shenandoah",64,2,1
05/09/2020,51017,Bath,"Central Shenandoah",0,0,0
05/09/2020,51019,Bedford,"Central Virginia",38,1,1
05/09/2020,51021,Bland,"Mount Rogers",0,0,0
05/09/2020,51023,Botetourt,Alleghany,29,9,3
05/09/2020,51025,Brunswick,Southside,17,4,0
05/09/2020,51027,Buchanan,"Cumberland Plateau",16,0,0
05/09/2020,51029,Buckingham,Piedmont,246,10,1
05/09/2020,51031,Campbell,"Central Virginia",13,3,0
05/09/2020,51033,Caroline,Rappahannock,38,5,2
05/09/2020,51035,Carroll,"Mount Rogers",28,2,0
05/09/2020,51036,"Charles City",Chickahominy,21,8,1
05/09/2020,51037,Charlotte,Piedmont,12,2,0
05/09/2020,51041,Chesterfield,Chesterfield,765,64,26
05/09/2020,51043,Clarke,"Lord Fairfax",16,2,0
05/09/2020,51045,Craig,Alleghany,4,0,0
05/09/2020,51047,Culpeper,"Rappahannock Rapidan",253,20,5
05/09/2020,51049,Cumberland,Piedmont,13,2,0
05/09/2020,51051,Dickenson,"Cumberland Plateau",0,0,0
05/09/2020,51053,Dinwiddie,Crater,25,7,0
05/09/2020,51057,Essex,"Three Rivers",22,3,0
05/09/2020,51059,Fairfax,Fairfax,5610,902,230
05/09/2020,51061,Fauquier,"Rappahannock Rapidan",168,13,4
05/09/2020,51063,Floyd,"New River",3,1,0
05/09/2020,51065,Fluvanna,"Thomas Jefferson",79,21,6
05/09/2020,51067,"Franklin County","West Piedmont",26,3,0
05/09/2020,51069,Frederick,"Lord Fairfax",162,14,2
05/09/2020,51071,Giles,"New River",8,0,0
05/09/2020,51073,Gloucester,"Three Rivers",27,7,1
05/09/2020,51075,Goochland,Chickahominy,81,13,5
05/09/2020,51077,Grayson,"Mount Rogers",5,0,0
05/09/2020,51079,Greene,"Thomas Jefferson",14,2,1
05/09/2020,51081,Greensville,Crater,44,13,7
05/09/2020,51083,Halifax,Southside,22,1,0
05/09/2020,51085,Hanover,Chickahominy,163,39,16
05/09/2020,51087,Henrico,Henrico,1054,150,109
05/09/2020,51089,Henry,"West Piedmont",22,4,1
05/09/2020,51091,Highland,"Central Shenandoah",2,0,0
05/09/2020,51093,"Isle of Wight","Western Tidewater",108,10,3
05/09/2020,51095,"James City",Peninsula,169,52,15
05/09/2020,51097,"King and Queen","Three Rivers",5,1,0
05/09/2020,51099,"King George",Rappahannock,38,13,4
05/09/2020,51101,"King William","Three Rivers",11,2,1
05/09/2020,51103,Lancaster,"Three Rivers",6,1,0
05/09/2020,51105,Lee,Lenowisco,10,1,0
05/09/2020,51107,Loudoun,Loudoun,1127,109,30
05/09/2020,51109,Louisa,"Thomas Jefferson",55,9,0
05/09/2020,51111,Lunenburg,Piedmont,6,0,0
05/09/2020,51113,Madison,"Rappahannock Rapidan",20,2,1
05/09/2020,51115,Mathews,"Three Rivers",5,1,0
05/09/2020,51117,Mecklenburg,Southside,118,23,10
05/09/2020,51119,Middlesex,"Three Rivers",10,1,0
05/09/2020,51121,Montgomery,"New River",64,9,1
05/09/2020,51125,Nelson,"Thomas Jefferson",10,0,0
05/09/2020,51127,"New Kent",Chickahominy,26,5,1
05/09/2020,51131,Northampton,"Eastern Shore",159,9,5
05/09/2020,51133,Northumberland,"Three Rivers",9,0,1
05/09/2020,51135,Nottoway,Piedmont,14,1,0
05/09/2020,51137,Orange,"Rappahannock Rapidan",44,3,0
05/09/2020,51139,Page,"Lord Fairfax",128,13,12
05/09/2020,51141,Patrick,"West Piedmont",4,0,0
05/09/2020,51143,Pittsylvania,Pittsylvania-Danville,17,8,1
05/09/2020,51145,Powhatan,Chesterfield,18,0,0
05/09/2020,51147,"Prince Edward",Piedmont,66,7,2
05/09/2020,51149,"Prince George",Crater,42,4,0
05/09/2020,51153,"Prince William","Prince William",2548,258,47
05/09/2020,51155,Pulaski,"New River",9,2,0
05/09/2020,51157,Rappahannock,"Rappahannock Rapidan",7,0,0
05/09/2020,51159,"Richmond County","Three Rivers",188,7,3
05/09/2020,51161,"Roanoke County",Alleghany,62,2,0
05/09/2020,51163,Rockbridge,"Central Shenandoah",9,0,0
05/09/2020,51165,Rockingham,"Central Shenandoah",339,22,1
05/09/2020,51167,Russell,"Cumberland Plateau",6,2,0
05/09/2020,51169,Scott,Lenowisco,7,2,2
05/09/2020,51171,Shenandoah,"Lord Fairfax",242,22,6
05/09/2020,51173,Smyth,"Mount Rogers",13,4,0
05/09/2020,51175,Southampton,"Western Tidewater",131,3,1
05/09/2020,51177,Spotsylvania,Rappahannock,239,28,4
05/09/2020,51179,Stafford,Rappahannock,354,56,2
05/09/2020,51181,Surry,Crater,5,1,1
05/09/2020,51183,Sussex,Crater,32,3,1
05/09/2020,51185,Tazewell,"Cumberland Plateau",6,0,0
05/09/2020,51187,Warren,"Lord Fairfax",82,9,1
05/09/2020,51191,Washington,"Mount Rogers",42,8,3
05/09/2020,51193,Westmoreland,"Three Rivers",37,5,0
05/09/2020,51195,Wise,Lenowisco,22,9,1
05/09/2020,51197,Wythe,"Mount Rogers",13,1,1
05/09/2020,51199,York,Peninsula,55,8,2
05/09/2020,51510,Alexandria,Alexandria,1142,139,30
05/09/2020,51520,Bristol,"Mount Rogers",2,0,0
05/09/2020,51530,"Buena Vista City","Central Shenandoah",8,0,0
05/09/2020,51540,Charlottesville,"Thomas Jefferson",66,14,2
05/09/2020,51550,Chesapeake,Chesapeake,325,68,9
05/09/2020,51570,"Colonial Heights",Chesterfield,65,2,6
05/09/2020,51580,Covington,Alleghany,1,0,0
05/09/2020,51590,Danville,Pittsylvania-Danville,39,13,1
05/09/2020,51595,Emporia,Crater,47,9,3
05/09/2020,51600,"Fairfax City",Fairfax,39,6,3
05/09/2020,51610,"Falls Church",Fairfax,37,9,4
05/09/2020,51620,"Franklin City","Western Tidewater",25,3,1
05/09/2020,51630,Fredericksburg,Rappahannock,58,12,0
05/09/2020,51640,Galax,"Mount Rogers",34,1,0
05/09/2020,51650,Hampton,Hampton,138,29,3
05/09/2020,51660,Harrisonburg,"Central Shenandoah",578,35,21
05/09/2020,51670,Hopewell,Crater,33,11,0
05/09/2020,51678,Lexington,"Central Shenandoah",4,0,0
05/09/2020,51680,Lynchburg,"Central Virginia",68,6,1
05/09/2020,51683,"Manassas City","Prince William",358,40,2
05/09/2020,51685,"Manassas Park","Prince William",116,13,2
05/09/2020,51690,Martinsville,"West Piedmont",2,1,0
05/09/2020,51700,"Newport News",Peninsula,152,36,10
05/09/2020,51710,Norfolk,Norfolk,290,50,5
05/09/2020,51720,Norton,Lenowisco,2,2,0
05/09/2020,51730,Petersburg,Crater,41,15,2
05/09/2020,51735,Poquoson,Peninsula,7,2,0
05/09/2020,51740,Portsmouth,Portsmouth,202,38,8
05/09/2020,51750,Radford,"New River",3,0,0
05/09/2020,51760,"Richmond City",Richmond,512,89,18
05/09/2020,51770,"Roanoke City",Roanoke,93,6,1
05/09/2020,51775,Salem,Alleghany,31,4,0
05/09/2020,51790,Staunton,"Central Shenandoah",15,0,0
05/09/2020,51800,Suffolk,"Western Tidewater",215,39,19
05/09/2020,51810,"Virginia Beach","Virginia Beach",478,85,17
05/09/2020,51820,Waynesboro,"Central Shenandoah",21,1,0
05/09/2020,51830,Williamsburg,Peninsula,31,8,2
05/09/2020,51840,Winchester,"Lord Fairfax",64,2,0
05/10/2020,51001,Accomack,"Eastern Shore",508,23,7
05/10/2020,51003,Albemarle,"Thomas Jefferson",120,16,4
05/10/2020,51005,Alleghany,Alleghany,6,4,0
05/10/2020,51007,Amelia,Piedmont,17,7,1
05/10/2020,51009,Amherst,"Central Virginia",15,2,0
05/10/2020,51011,Appomattox,"Central Virginia",22,1,0
05/10/2020,51013,Arlington,Arlington,1368,260,61
05/10/2020,51015,Augusta,"Central Shenandoah",64,2,1
05/10/2020,51017,Bath,"Central Shenandoah",0,0,0
05/10/2020,51019,Bedford,"Central Virginia",38,1,1
05/10/2020,51021,Bland,"Mount Rogers",0,0,0
05/10/2020,51023,Botetourt,Alleghany,29,9,3
05/10/2020,51025,Brunswick,Southside,18,4,0
05/10/2020,51027,Buchanan,"Cumberland Plateau",16,0,0
05/10/2020,51029,Buckingham,Piedmont,246,10,1
05/10/2020,51031,Campbell,"Central Virginia",13,3,0
05/10/2020,51033,Caroline,Rappahannock,38,5,2
05/10/2020,51035,Carroll,"Mount Rogers",33,2,0
05/10/2020,51036,"Charles City",Chickahominy,21,8,1
05/10/2020,51037,Charlotte,Piedmont,11,2,0
05/10/2020,51041,Chesterfield,Chesterfield,787,64,26
05/10/2020,51043,Clarke,"Lord Fairfax",16,2,0
05/10/2020,51045,Craig,Alleghany,4,0,0
05/10/2020,51047,Culpeper,"Rappahannock Rapidan",264,22,5
05/10/2020,51049,Cumberland,Piedmont,13,2,0
05/10/2020,51051,Dickenson,"Cumberland Plateau",0,0,0
05/10/2020,51053,Dinwiddie,Crater,27,7,0
05/10/2020,51057,Essex,"Three Rivers",23,3,0
05/10/2020,51059,Fairfax,Fairfax,5892,923,239
05/10/2020,51061,Fauquier,"Rappahannock Rapidan",172,14,4
05/10/2020,51063,Floyd,"New River",3,1,0
05/10/2020,51065,Fluvanna,"Thomas Jefferson",79,21,6
05/10/2020,51067,"Franklin County","West Piedmont",27,3,0
05/10/2020,51069,Frederick,"Lord Fairfax",164,14,2
05/10/2020,51071,Giles,"New River",8,0,0
05/10/2020,51073,Gloucester,"Three Rivers",27,7,1
05/10/2020,51075,Goochland,Chickahominy,81,13,5
05/10/2020,51077,Grayson,"Mount Rogers",12,1,0
05/10/2020,51079,Greene,"Thomas Jefferson",15,2,1
05/10/2020,51081,Greensville,Crater,46,13,7
05/10/2020,51083,Halifax,Southside,22,2,0
05/10/2020,51085,Hanover,Chickahominy,170,39,16
05/10/2020,51087,Henrico,Henrico,1067,152,109
05/10/2020,51089,Henry,"West Piedmont",22,4,1
05/10/2020,51091,Highland,"Central Shenandoah",2,0,0
05/10/2020,51093,"Isle of Wight","Western Tidewater",110,10,3
05/10/2020,51095,"James City",Peninsula,173,52,15
05/10/2020,51097,"King and Queen","Three Rivers",5,1,0
05/10/2020,51099,"King George",Rappahannock,41,13,4
05/10/2020,51101,"King William","Three Rivers",11,2,1
05/10/2020,51103,Lancaster,"Three Rivers",6,1,0
05/10/2020,51105,Lee,Lenowisco,10,1,0
05/10/2020,51107,Loudoun,Loudoun,1159,115,30
05/10/2020,51109,Louisa,"Thomas Jefferson",55,9,0
05/10/2020,51111,Lunenburg,Piedmont,6,0,0
05/10/2020,51113,Madison,"Rappahannock Rapidan",21,2,1
05/10/2020,51115,Mathews,"Three Rivers",5,1,0
05/10/2020,51117,Mecklenburg,Southside,122,23,10
05/10/2020,51119,Middlesex,"Three Rivers",10,1,0
05/10/2020,51121,Montgomery,"New River",65,9,1
05/10/2020,51125,Nelson,"Thomas Jefferson",10,0,0
05/10/2020,51127,"New Kent",Chickahominy,26,5,1
05/10/2020,51131,Northampton,"Eastern Shore",163,9,5
05/10/2020,51133,Northumberland,"Three Rivers",10,0,1
05/10/2020,51135,Nottoway,Piedmont,14,1,0
05/10/2020,51137,Orange,"Rappahannock Rapidan",46,3,0
05/10/2020,51139,Page,"Lord Fairfax",128,13,12
05/10/2020,51141,Patrick,"West Piedmont",4,0,0
05/10/2020,51143,Pittsylvania,Pittsylvania-Danville,17,8,1
05/10/2020,51145,Powhatan,Chesterfield,18,0,0
05/10/2020,51147,"Prince Edward",Piedmont,66,7,2
05/10/2020,51149,"Prince George",Crater,44,5,0
05/10/2020,51153,"Prince William","Prince William",2740,265,48
05/10/2020,51155,Pulaski,"New River",9,2,0
05/10/2020,51157,Rappahannock,"Rappahannock Rapidan",8,0,0
05/10/2020,51159,"Richmond County","Three Rivers",189,7,3
05/10/2020,51161,"Roanoke County",Alleghany,62,2,0
05/10/2020,51163,Rockbridge,"Central Shenandoah",9,0,0
05/10/2020,51165,Rockingham,"Central Shenandoah",344,22,2
05/10/2020,51167,Russell,"Cumberland Plateau",6,2,0
05/10/2020,51169,Scott,Lenowisco,7,2,2
05/10/2020,51171,Shenandoah,"Lord Fairfax",245,22,6
05/10/2020,51173,Smyth,"Mount Rogers",13,4,0
05/10/2020,51175,Southampton,"Western Tidewater",131,3,1
05/10/2020,51177,Spotsylvania,Rappahannock,248,28,4
05/10/2020,51179,Stafford,Rappahannock,374,57,2
05/10/2020,51181,Surry,Crater,5,1,1
05/10/2020,51183,Sussex,Crater,33,4,1
05/10/2020,51185,Tazewell,"Cumberland Plateau",7,0,0
05/10/2020,51187,Warren,"Lord Fairfax",85,9,1
05/10/2020,51191,Washington,"Mount Rogers",49,8,3
05/10/2020,51193,Westmoreland,"Three Rivers",38,5,0
05/10/2020,51195,Wise,Lenowisco,22,9,1
05/10/2020,51197,Wythe,"Mount Rogers",13,1,1
05/10/2020,51199,York,Peninsula,56,8,2
05/10/2020,51510,Alexandria,Alexandria,1193,139,30
05/10/2020,51520,Bristol,"Mount Rogers",3,0,0
05/10/2020,51530,"Buena Vista City","Central Shenandoah",8,0,0
05/10/2020,51540,Charlottesville,"Thomas Jefferson",66,14,2
05/10/2020,51550,Chesapeake,Chesapeake,328,68,9
05/10/2020,51570,"Colonial Heights",Chesterfield,66,2,6
05/10/2020,51580,Covington,Alleghany,1,0,0
05/10/2020,51590,Danville,Pittsylvania-Danville,38,13,1
05/10/2020,51595,Emporia,Crater,48,9,3
05/10/2020,51600,"Fairfax City",Fairfax,39,6,3
05/10/2020,51610,"Falls Church",Fairfax,37,9,4
05/10/2020,51620,"Franklin City","Western Tidewater",26,3,1
05/10/2020,51630,Fredericksburg,Rappahannock,61,13,0
05/10/2020,51640,Galax,"Mount Rogers",45,1,0
05/10/2020,51650,Hampton,Hampton,144,29,3
05/10/2020,51660,Harrisonburg,"Central Shenandoah",579,35,21
05/10/2020,51670,Hopewell,Crater,37,11,0
05/10/2020,51678,Lexington,"Central Shenandoah",4,0,0
05/10/2020,51680,Lynchburg,"Central Virginia",68,6,1
05/10/2020,51683,"Manassas City","Prince William",381,40,2
05/10/2020,51685,"Manassas Park","Prince William",120,13,2
05/10/2020,51690,Martinsville,"West Piedmont",2,1,0
05/10/2020,51700,"Newport News",Peninsula,159,36,10
05/10/2020,51710,Norfolk,Norfolk,304,50,5
05/10/2020,51720,Norton,Lenowisco,2,2,0
05/10/2020,51730,Petersburg,Crater,45,16,2
05/10/2020,51735,Poquoson,Peninsula,7,2,0
05/10/2020,51740,Portsmouth,Portsmouth,202,38,8
05/10/2020,51750,Radford,"New River",3,0,0
05/10/2020,51760,"Richmond City",Richmond,530,90,18
05/10/2020,51770,"Roanoke City",Roanoke,93,6,1
05/10/2020,51775,Salem,Alleghany,31,4,0
05/10/2020,51790,Staunton,"Central Shenandoah",15,0,0
05/10/2020,51800,Suffolk,"Western Tidewater",215,39,19
05/10/2020,51810,"Virginia Beach","Virginia Beach",491,85,17
05/10/2020,51820,Waynesboro,"Central Shenandoah",21,1,0
05/10/2020,51830,Williamsburg,Peninsula,39,8,2
05/10/2020,51840,Winchester,"Lord Fairfax",66,2,0
05/11/2020,51001,Accomack,"Eastern Shore",524,23,7
05/11/2020,51003,Albemarle,"Thomas Jefferson",123,16,4
05/11/2020,51005,Alleghany,Alleghany,6,4,0
05/11/2020,51007,Amelia,Piedmont,17,7,1
05/11/2020,51009,Amherst,"Central Virginia",16,2,0
05/11/2020,51011,Appomattox,"Central Virginia",22,1,0
05/11/2020,51013,Arlington,Arlington,1399,286,60
05/11/2020,51015,Augusta,"Central Shenandoah",64,2,1
05/11/2020,51017,Bath,"Central Shenandoah",0,0,0
05/11/2020,51019,Bedford,"Central Virginia",38,1,1
05/11/2020,51021,Bland,"Mount Rogers",0,0,0
05/11/2020,51023,Botetourt,Alleghany,30,9,3
05/11/2020,51025,Brunswick,Southside,19,4,0
05/11/2020,51027,Buchanan,"Cumberland Plateau",16,0,0
05/11/2020,51029,Buckingham,Piedmont,246,10,1
05/11/2020,51031,Campbell,"Central Virginia",13,3,0
05/11/2020,51033,Caroline,Rappahannock,38,5,2
05/11/2020,51035,Carroll,"Mount Rogers",34,2,0
05/11/2020,51036,"Charles City",Chickahominy,21,8,1
05/11/2020,51037,Charlotte,Piedmont,11,2,0
05/11/2020,51041,Chesterfield,Chesterfield,789,64,26
05/11/2020,51043,Clarke,"Lord Fairfax",16,2,0
05/11/2020,51045,Craig,Alleghany,4,0,0
05/11/2020,51047,Culpeper,"Rappahannock Rapidan",276,23,5
05/11/2020,51049,Cumberland,Piedmont,13,2,0
05/11/2020,51051,Dickenson,"Cumberland Plateau",0,0,0
05/11/2020,51053,Dinwiddie,Crater,28,8,0
05/11/2020,51057,Essex,"Three Rivers",24,3,0
05/11/2020,51059,Fairfax,Fairfax,6200,946,243
05/11/2020,51061,Fauquier,"Rappahannock Rapidan",180,15,4
05/11/2020,51063,Floyd,"New River",3,1,0
05/11/2020,51065,Fluvanna,"Thomas Jefferson",79,21,6
05/11/2020,51067,"Franklin County","West Piedmont",28,3,0
05/11/2020,51069,Frederick,"Lord Fairfax",166,14,2
05/11/2020,51071,Giles,"New River",8,0,0
05/11/2020,51073,Gloucester,"Three Rivers",27,7,1
05/11/2020,51075,Goochland,Chickahominy,81,13,5
05/11/2020,51077,Grayson,"Mount Rogers",15,1,0
05/11/2020,51079,Greene,"Thomas Jefferson",15,2,1
05/11/2020,51081,Greensville,Crater,47,14,7
05/11/2020,51083,Halifax,Southside,22,2,0
05/11/2020,51085,Hanover,Chickahominy,171,39,16
05/11/2020,51087,Henrico,Henrico,1083,152,110
05/11/2020,51089,Henry,"West Piedmont",25,4,1
05/11/2020,51091,Highland,"Central Shenandoah",2,0,0
05/11/2020,51093,"Isle of Wight","Western Tidewater",112,10,3
05/11/2020,51095,"James City",Peninsula,173,53,15
05/11/2020,51097,"King and Queen","Three Rivers",5,1,0
05/11/2020,51099,"King George",Rappahannock,42,13,4
05/11/2020,51101,"King William","Three Rivers",12,2,1
05/11/2020,51103,Lancaster,"Three Rivers",6,1,0
05/11/2020,51105,Lee,Lenowisco,10,1,0
05/11/2020,51107,Loudoun,Loudoun,1195,116,30
05/11/2020,51109,Louisa,"Thomas Jefferson",56,9,0
05/11/2020,51111,Lunenburg,Piedmont,6,0,0
05/11/2020,51113,Madison,"Rappahannock Rapidan",21,2,1
05/11/2020,51115,Mathews,"Three Rivers",5,1,0
05/11/2020,51117,Mecklenburg,Southside,134,23,10
05/11/2020,51119,Middlesex,"Three Rivers",10,1,0
05/11/2020,51121,Montgomery,"New River",66,9,1
05/11/2020,51125,Nelson,"Thomas Jefferson",10,0,0
05/11/2020,51127,"New Kent",Chickahominy,26,5,1
05/11/2020,51131,Northampton,"Eastern Shore",170,9,5
05/11/2020,51133,Northumberland,"Three Rivers",10,0,1
05/11/2020,51135,Nottoway,Piedmont,14,1,0
05/11/2020,51137,Orange,"Rappahannock Rapidan",47,3,0
05/11/2020,51139,Page,"Lord Fairfax",129,13,12
05/11/2020,51141,Patrick,"West Piedmont",4,0,0
05/11/2020,51143,Pittsylvania,Pittsylvania-Danville,17,8,1
05/11/2020,51145,Powhatan,Chesterfield,18,0,0
05/11/2020,51147,"Prince Edward",Piedmont,66,7,2
05/11/2020,51149,"Prince George",Crater,45,5,0
05/11/2020,51153,"Prince William","Prince William",2991,284,53
05/11/2020,51155,Pulaski,"New River",9,2,0
05/11/2020,51157,Rappahannock,"Rappahannock Rapidan",10,0,0
05/11/2020,51159,"Richmond County","Three Rivers",190,7,3
05/11/2020,51161,"Roanoke County",Alleghany,79,5,0
05/11/2020,51163,Rockbridge,"Central Shenandoah",9,0,0
05/11/2020,51165,Rockingham,"Central Shenandoah",360,23,2
05/11/2020,51167,Russell,"Cumberland Plateau",6,2,0
05/11/2020,51169,Scott,Lenowisco,7,2,2
05/11/2020,51171,Shenandoah,"Lord Fairfax",250,22,6
05/11/2020,51173,Smyth,"Mount Rogers",13,4,0
05/11/2020,51175,Southampton,"Western Tidewater",131,3,1
05/11/2020,51177,Spotsylvania,Rappahannock,257,28,4
05/11/2020,51179,Stafford,Rappahannock,384,59,2
05/11/2020,51181,Surry,Crater,5,1,1
05/11/2020,51183,Sussex,Crater,34,4,1
05/11/2020,51185,Tazewell,"Cumberland Plateau",7,0,0
05/11/2020,51187,Warren,"Lord Fairfax",86,9,1
05/11/2020,51191,Washington,"Mount Rogers",49,8,3
05/11/2020,51193,Westmoreland,"Three Rivers",38,5,0
05/11/2020,51195,Wise,Lenowisco,22,9,1
05/11/2020,51197,Wythe,"Mount Rogers",13,1,1
05/11/2020,51199,York,Peninsula,57,8,2
05/11/2020,51510,Alexandria,Alexandria,1224,139,30
05/11/2020,51520,Bristol,"Mount Rogers",3,0,0
05/11/2020,51530,"Buena Vista City","Central Shenandoah",8,0,0
05/11/2020,51540,Charlottesville,"Thomas Jefferson",68,14,2
05/11/2020,51550,Chesapeake,Chesapeake,340,70,9
05/11/2020,51570,"Colonial Heights",Chesterfield,66,2,6
05/11/2020,51580,Covington,Alleghany,1,0,0
05/11/2020,51590,Danville,Pittsylvania-Danville,39,13,1
05/11/2020,51595,Emporia,Crater,49,9,3
05/11/2020,51600,"Fairfax City",Fairfax,39,6,3
05/11/2020,51610,"Falls Church",Fairfax,37,9,4
05/11/2020,51620,"Franklin City","Western Tidewater",26,3,1
05/11/2020,51630,Fredericksburg,Rappahannock,61,13,0
05/11/2020,51640,Galax,"Mount Rogers",55,1,0
05/11/2020,51650,Hampton,Hampton,146,29,3
05/11/2020,51660,Harrisonburg,"Central Shenandoah",583,35,21
05/11/2020,51670,Hopewell,Crater,39,11,0
05/11/2020,51678,Lexington,"Central Shenandoah",5,0,0
05/11/2020,51680,Lynchburg,"Central Virginia",69,6,1
05/11/2020,51683,"Manassas City","Prince William",428,42,3
05/11/2020,51685,"Manassas Park","Prince William",135,13,2
05/11/2020,51690,Martinsville,"West Piedmont",2,1,0
05/11/2020,51700,"Newport News",Peninsula,164,36,10
05/11/2020,51710,Norfolk,Norfolk,308,50,5
05/11/2020,51720,Norton,Lenowisco,2,2,0
05/11/2020,51730,Petersburg,Crater,48,17,2
05/11/2020,51735,Poquoson,Peninsula,7,2,0
05/11/2020,51740,Portsmouth,Portsmouth,208,38,8
05/11/2020,51750,Radford,"New River",3,0,0
05/11/2020,51760,"Richmond City",Richmond,546,92,18
05/11/2020,51770,"Roanoke City",Roanoke,106,7,1
05/11/2020,51775,Salem,Alleghany,32,4,0
05/11/2020,51790,Staunton,"Central Shenandoah",18,0,0
05/11/2020,51800,Suffolk,"Western Tidewater",216,39,19
05/11/2020,51810,"Virginia Beach","Virginia Beach",505,85,17
05/11/2020,51820,Waynesboro,"Central Shenandoah",21,1,0
05/11/2020,51830,Williamsburg,Peninsula,42,9,3
05/11/2020,51840,Winchester,"Lord Fairfax",66,2,0
05/12/2020,51001,Accomack,"Eastern Shore",530,23,7
05/12/2020,51003,Albemarle,"Thomas Jefferson",124,17,4
05/12/2020,51005,Alleghany,Alleghany,6,4,0
05/12/2020,51007,Amelia,Piedmont,17,7,1
05/12/2020,51009,Amherst,"Central Virginia",17,2,0
05/12/2020,51011,Appomattox,"Central Virginia",22,1,0
05/12/2020,51013,Arlington,Arlington,1416,288,66
05/12/2020,51015,Augusta,"Central Shenandoah",64,3,1
05/12/2020,51017,Bath,"Central Shenandoah",0,0,0
05/12/2020,51019,Bedford,"Central Virginia",38,2,1
05/12/2020,51021,Bland,"Mount Rogers",0,0,0
05/12/2020,51023,Botetourt,Alleghany,30,9,3
05/12/2020,51025,Brunswick,Southside,20,4,0
05/12/2020,51027,Buchanan,"Cumberland Plateau",16,0,0
05/12/2020,51029,Buckingham,Piedmont,301,14,2
05/12/2020,51031,Campbell,"Central Virginia",13,3,0
05/12/2020,51033,Caroline,Rappahannock,38,5,2
05/12/2020,51035,Carroll,"Mount Rogers",34,2,0
05/12/2020,51036,"Charles City",Chickahominy,21,8,1
05/12/2020,51037,Charlotte,Piedmont,11,2,0
05/12/2020,51041,Chesterfield,Chesterfield,837,67,28
05/12/2020,51043,Clarke,"Lord Fairfax",16,2,0
05/12/2020,51045,Craig,Alleghany,4,0,0
05/12/2020,51047,Culpeper,"Rappahannock Rapidan",291,25,5
05/12/2020,51049,Cumberland,Piedmont,16,2,0
05/12/2020,51051,Dickenson,"Cumberland Plateau",0,0,0
05/12/2020,51053,Dinwiddie,Crater,30,8,0
05/12/2020,51057,Essex,"Three Rivers",26,3,0
05/12/2020,51059,Fairfax,Fairfax,6470,972,253
05/12/2020,51061,Fauquier,"Rappahannock Rapidan",180,16,5
05/12/2020,51063,Floyd,"New River",3,1,0
05/12/2020,51065,Fluvanna,"Thomas Jefferson",78,21,6
05/12/2020,51067,"Franklin County","West Piedmont",28,3,0
05/12/2020,51069,Frederick,"Lord Fairfax",175,14,2
05/12/2020,51071,Giles,"New River",8,0,0
05/12/2020,51073,Gloucester,"Three Rivers",27,7,1
05/12/2020,51075,Goochland,Chickahominy,82,14,5
05/12/2020,51077,Grayson,"Mount Rogers",16,1,0
05/12/2020,51079,Greene,"Thomas Jefferson",16,2,1
05/12/2020,51081,Greensville,Crater,48,14,7
05/12/2020,51083,Halifax,Southside,24,2,0
05/12/2020,51085,Hanover,Chickahominy,174,40,17
05/12/2020,51087,Henrico,Henrico,1106,157,112
05/12/2020,51089,Henry,"West Piedmont",27,5,1
05/12/2020,51091,Highland,"Central Shenandoah",2,0,0
05/12/2020,51093,"Isle of Wight","Western Tidewater",113,10,3
05/12/2020,51095,"James City",Peninsula,174,53,15
05/12/2020,51097,"King and Queen","Three Rivers",6,1,0
05/12/2020,51099,"King George",Rappahannock,44,13,4
05/12/2020,51101,"King William","Three Rivers",12,1,0
05/12/2020,51103,Lancaster,"Three Rivers",7,1,0
05/12/2020,51105,Lee,Lenowisco,10,1,0
05/12/2020,51107,Loudoun,Loudoun,1210,119,35
05/12/2020,51109,Louisa,"Thomas Jefferson",56,9,0
05/12/2020,51111,Lunenburg,Piedmont,6,0,0
05/12/2020,51113,Madison,"Rappahannock Rapidan",21,2,1
05/12/2020,51115,Mathews,"Three Rivers",5,1,0
05/12/2020,51117,Mecklenburg,Southside,138,23,10
05/12/2020,51119,Middlesex,"Three Rivers",10,1,0
05/12/2020,51121,Montgomery,"New River",66,9,1
05/12/2020,51125,Nelson,"Thomas Jefferson",12,0,0
05/12/2020,51127,"New Kent",Chickahominy,26,5,1
05/12/2020,51131,Northampton,"Eastern Shore",171,9,5
05/12/2020,51133,Northumberland,"Three Rivers",10,0,1
05/12/2020,51135,Nottoway,Piedmont,14,1,0
05/12/2020,51137,Orange,"Rappahannock Rapidan",48,3,0
05/12/2020,51139,Page,"Lord Fairfax",129,13,12
05/12/2020,51141,Patrick,"West Piedmont",5,0,0
05/12/2020,51143,Pittsylvania,Pittsylvania-Danville,17,8,1
05/12/2020,51145,Powhatan,Chesterfield,21,0,0
05/12/2020,51147,"Prince Edward",Piedmont,68,9,2
05/12/2020,51149,"Prince George",Crater,45,5,0
05/12/2020,51153,"Prince William","Prince William",3078,299,58
05/12/2020,51155,Pulaski,"New River",9,2,0
05/12/2020,51157,Rappahannock,"Rappahannock Rapidan",10,0,0
05/12/2020,51159,"Richmond County","Three Rivers",200,7,3
05/12/2020,51161,"Roanoke County",Alleghany,79,5,0
05/12/2020,51163,Rockbridge,"Central Shenandoah",9,0,0
05/12/2020,51165,Rockingham,"Central Shenandoah",364,26,2
05/12/2020,51167,Russell,"Cumberland Plateau",6,2,0
05/12/2020,51169,Scott,Lenowisco,7,2,2
05/12/2020,51171,Shenandoah,"Lord Fairfax",260,23,7
05/12/2020,51173,Smyth,"Mount Rogers",13,4,0
05/12/2020,51175,Southampton,"Western Tidewater",131,3,1
05/12/2020,51177,Spotsylvania,Rappahannock,261,28,4
05/12/2020,51179,Stafford,Rappahannock,396,59,4
05/12/2020,51181,Surry,Crater,6,2,1
05/12/2020,51183,Sussex,Crater,38,5,1
05/12/2020,51185,Tazewell,"Cumberland Plateau",7,0,0
05/12/2020,51187,Warren,"Lord Fairfax",87,9,1
05/12/2020,51191,Washington,"Mount Rogers",48,8,3
05/12/2020,51193,Westmoreland,"Three Rivers",41,6,0
05/12/2020,51195,Wise,Lenowisco,22,9,1
05/12/2020,51197,Wythe,"Mount Rogers",14,1,1
05/12/2020,51199,York,Peninsula,59,8,2
05/12/2020,51510,Alexandria,Alexandria,1240,145,30
05/12/2020,51520,Bristol,"Mount Rogers",3,0,0
05/12/2020,51530,"Buena Vista City","Central Shenandoah",8,0,0
05/12/2020,51540,Charlottesville,"Thomas Jefferson",68,14,2
05/12/2020,51550,Chesapeake,Chesapeake,343,70,9
05/12/2020,51570,"Colonial Heights",Chesterfield,67,2,6
05/12/2020,51580,Covington,Alleghany,1,0,0
05/12/2020,51590,Danville,Pittsylvania-Danville,41,13,1
05/12/2020,51595,Emporia,Crater,49,9,3
05/12/2020,51600,"Fairfax City",Fairfax,40,6,3
05/12/2020,51610,"Falls Church",Fairfax,37,9,4
05/12/2020,51620,"Franklin City","Western Tidewater",26,3,2
05/12/2020,51630,Fredericksburg,Rappahannock,66,14,0
05/12/2020,51640,Galax,"Mount Rogers",56,1,0
05/12/2020,51650,Hampton,Hampton,147,29,3
05/12/2020,51660,Harrisonburg,"Central Shenandoah",584,37,21
05/12/2020,51670,Hopewell,Crater,44,11,0
05/12/2020,51678,Lexington,"Central Shenandoah",5,0,0
05/12/2020,51680,Lynchburg,"Central Virginia",70,6,1
05/12/2020,51683,"Manassas City","Prince William",430,42,3
05/12/2020,51685,"Manassas Park","Prince William",139,16,3
05/12/2020,51690,Martinsville,"West Piedmont",2,1,0
05/12/2020,51700,"Newport News",Peninsula,166,36,10
05/12/2020,51710,Norfolk,Norfolk,319,52,5
05/12/2020,51720,Norton,Lenowisco,2,2,0
05/12/2020,51730,Petersburg,Crater,53,18,2
05/12/2020,51735,Poquoson,Peninsula,7,2,0
05/12/2020,51740,Portsmouth,Portsmouth,210,38,9
05/12/2020,51750,Radford,"New River",3,0,0
05/12/2020,51760,"Richmond City",Richmond,565,96,18
05/12/2020,51770,"Roanoke City",Roanoke,108,7,1
05/12/2020,51775,Salem,Alleghany,32,4,0
05/12/2020,51790,Staunton,"Central Shenandoah",18,0,0
05/12/2020,51800,Suffolk,"Western Tidewater",219,39,20
05/12/2020,51810,"Virginia Beach","Virginia Beach",509,85,18
05/12/2020,51820,Waynesboro,"Central Shenandoah",21,1,0
05/12/2020,51830,Williamsburg,Peninsula,42,9,3
05/12/2020,51840,Winchester,"Lord Fairfax",69,3,1
05/13/2020,51001,Accomack,"Eastern Shore",545,24,7
05/13/2020,51003,Albemarle,"Thomas Jefferson",126,18,4
05/13/2020,51005,Alleghany,Alleghany,6,4,0
05/13/2020,51007,Amelia,Piedmont,17,7,1
05/13/2020,51009,Amherst,"Central Virginia",20,3,0
05/13/2020,51011,Appomattox,"Central Virginia",22,1,0
05/13/2020,51013,Arlington,Arlington,1460,300,69
05/13/2020,51015,Augusta,"Central Shenandoah",66,3,1
05/13/2020,51017,Bath,"Central Shenandoah",0,0,0
05/13/2020,51019,Bedford,"Central Virginia",40,2,1
05/13/2020,51021,Bland,"Mount Rogers",0,0,0
05/13/2020,51023,Botetourt,Alleghany,30,9,3
05/13/2020,51025,Brunswick,Southside,20,4,0
05/13/2020,51027,Buchanan,"Cumberland Plateau",16,0,0
05/13/2020,51029,Buckingham,Piedmont,347,14,2
05/13/2020,51031,Campbell,"Central Virginia",13,3,0
05/13/2020,51033,Caroline,Rappahannock,39,5,2
05/13/2020,51035,Carroll,"Mount Rogers",39,2,0
05/13/2020,51036,"Charles City",Chickahominy,21,8,1
05/13/2020,51037,Charlotte,Piedmont,11,2,0
05/13/2020,51041,Chesterfield,Chesterfield,862,68,29
05/13/2020,51043,Clarke,"Lord Fairfax",16,2,0
05/13/2020,51045,Craig,Alleghany,4,0,0
05/13/2020,51047,Culpeper,"Rappahannock Rapidan",320,26,5
05/13/2020,51049,Cumberland,Piedmont,18,2,0
05/13/2020,51051,Dickenson,"Cumberland Plateau",0,0,0
05/13/2020,51053,Dinwiddie,Crater,30,8,0
05/13/2020,51057,Essex,"Three Rivers",29,3,0
05/13/2020,51059,Fairfax,Fairfax,6666,999,262
05/13/2020,51061,Fauquier,"Rappahannock Rapidan",190,17,5
05/13/2020,51063,Floyd,"New River",4,1,0
05/13/2020,51065,Fluvanna,"Thomas Jefferson",79,21,6
05/13/2020,51067,"Franklin County","West Piedmont",30,3,0
05/13/2020,51069,Frederick,"Lord Fairfax",182,15,2
05/13/2020,51071,Giles,"New River",5,0,0
05/13/2020,51073,Gloucester,"Three Rivers",28,7,1
05/13/2020,51075,Goochland,Chickahominy,82,14,5
05/13/2020,51077,Grayson,"Mount Rogers",18,1,0
05/13/2020,51079,Greene,"Thomas Jefferson",16,2,1
05/13/2020,51081,Greensville,Crater,49,14,7
05/13/2020,51083,Halifax,Southside,25,2,0
05/13/2020,51085,Hanover,Chickahominy,183,40,17
05/13/2020,51087,Henrico,Henrico,1146,166,112
05/13/2020,51089,Henry,"West Piedmont",28,6,1
05/13/2020,51091,Highland,"Central Shenandoah",2,0,0
05/13/2020,51093,"Isle of Wight","Western Tidewater",113,10,3
05/13/2020,51095,"James City",Peninsula,174,53,15
05/13/2020,51097,"King and Queen","Three Rivers",6,1,0
05/13/2020,51099,"King George",Rappahannock,44,13,4
05/13/2020,51101,"King William","Three Rivers",12,1,0
05/13/2020,51103,Lancaster,"Three Rivers",7,1,0
05/13/2020,51105,Lee,Lenowisco,10,1,0
05/13/2020,51107,Loudoun,Loudoun,1283,129,38
05/13/2020,51109,Louisa,"Thomas Jefferson",59,9,0
05/13/2020,51111,Lunenburg,Piedmont,6,0,0
05/13/2020,51113,Madison,"Rappahannock Rapidan",22,2,1
05/13/2020,51115,Mathews,"Three Rivers",5,1,0
05/13/2020,51117,Mecklenburg,Southside,138,23,13
05/13/2020,51119,Middlesex,"Three Rivers",10,1,0
05/13/2020,51121,Montgomery,"New River",66,9,1
05/13/2020,51125,Nelson,"Thomas Jefferson",12,0,0
05/13/2020,51127,"New Kent",Chickahominy,28,7,1
05/13/2020,51131,Northampton,"Eastern Shore",174,10,5
05/13/2020,51133,Northumberland,"Three Rivers",11,0,1
05/13/2020,51135,Nottoway,Piedmont,14,2,0
05/13/2020,51137,Orange,"Rappahannock Rapidan",50,3,0
05/13/2020,51139,Page,"Lord Fairfax",140,19,16
05/13/2020,51141,Patrick,"West Piedmont",6,0,0
05/13/2020,51143,Pittsylvania,Pittsylvania-Danville,17,8,1
05/13/2020,51145,Powhatan,Chesterfield,22,0,0
05/13/2020,51147,"Prince Edward",Piedmont,69,9,2
05/13/2020,51149,"Prince George",Crater,46,5,0
05/13/2020,51153,"Prince William","Prince William",3181,316,65
05/13/2020,51155,Pulaski,"New River",9,2,0
05/13/2020,51157,Rappahannock,"Rappahannock Rapidan",10,0,0
05/13/2020,51159,"Richmond County","Three Rivers",200,7,3
05/13/2020,51161,"Roanoke County",Alleghany,80,6,0
05/13/2020,51163,Rockbridge,"Central Shenandoah",11,0,0
05/13/2020,51165,Rockingham,"Central Shenandoah",373,28,2
05/13/2020,51167,Russell,"Cumberland Plateau",6,2,0
05/13/2020,51169,Scott,Lenowisco,7,2,2
05/13/2020,51171,Shenandoah,"Lord Fairfax",271,23,8
05/13/2020,51173,Smyth,"Mount Rogers",15,4,0
05/13/2020,51175,Southampton,"Western Tidewater",132,4,2
05/13/2020,51177,Spotsylvania,Rappahannock,270,30,4
05/13/2020,51179,Stafford,Rappahannock,413,60,4
05/13/2020,51181,Surry,Crater,6,2,1
05/13/2020,51183,Sussex,Crater,38,5,1
05/13/2020,51185,Tazewell,"Cumberland Plateau",6,0,0
05/13/2020,51187,Warren,"Lord Fairfax",88,10,1
05/13/2020,51191,Washington,"Mount Rogers",49,8,3
05/13/2020,51193,Westmoreland,"Three Rivers",42,6,0
05/13/2020,51195,Wise,Lenowisco,23,10,2
05/13/2020,51197,Wythe,"Mount Rogers",15,1,1
05/13/2020,51199,York,Peninsula,60,8,2
05/13/2020,51510,Alexandria,Alexandria,1305,148,31
05/13/2020,51520,Bristol,"Mount Rogers",3,0,0
05/13/2020,51530,"Buena Vista City","Central Shenandoah",8,0,0
05/13/2020,51540,Charlottesville,"Thomas Jefferson",68,15,2
05/13/2020,51550,Chesapeake,Chesapeake,354,75,9
05/13/2020,51570,"Colonial Heights",Chesterfield,71,2,7
05/13/2020,51580,Covington,Alleghany,1,0,0
05/13/2020,51590,Danville,Pittsylvania-Danville,41,13,1
05/13/2020,51595,Emporia,Crater,50,9,3
05/13/2020,51600,"Fairfax City",Fairfax,43,6,3
05/13/2020,51610,"Falls Church",Fairfax,39,9,4
05/13/2020,51620,"Franklin City","Western Tidewater",25,2,1
05/13/2020,51630,Fredericksburg,Rappahannock,72,14,0
05/13/2020,51640,Galax,"Mount Rogers",64,1,0
05/13/2020,51650,Hampton,Hampton,148,29,3
05/13/2020,51660,Harrisonburg,"Central Shenandoah",607,39,21
05/13/2020,51670,Hopewell,Crater,45,11,0
05/13/2020,51678,Lexington,"Central Shenandoah",5,0,0
05/13/2020,51680,Lynchburg,"Central Virginia",72,6,1
05/13/2020,51683,"Manassas City","Prince William",459,44,4
05/13/2020,51685,"Manassas Park","Prince William",152,16,3
05/13/2020,51690,Martinsville,"West Piedmont",2,1,0
05/13/2020,51700,"Newport News",Peninsula,171,36,10
05/13/2020,51710,Norfolk,Norfolk,327,52,5
05/13/2020,51720,Norton,Lenowisco,2,2,0
05/13/2020,51730,Petersburg,Crater,53,18,2
05/13/2020,51735,Poquoson,Peninsula,7,2,0
05/13/2020,51740,Portsmouth,Portsmouth,213,39,9
05/13/2020,51750,Radford,"New River",3,0,0
05/13/2020,51760,"Richmond City",Richmond,592,102,18
05/13/2020,51770,"Roanoke City",Roanoke,116,7,1
05/13/2020,51775,Salem,Alleghany,32,4,0
05/13/2020,51790,Staunton,"Central Shenandoah",21,3,0
05/13/2020,51800,Suffolk,"Western Tidewater",221,40,21
05/13/2020,51810,"Virginia Beach","Virginia Beach",519,85,18
05/13/2020,51820,Waynesboro,"Central Shenandoah",21,1,0
05/13/2020,51830,Williamsburg,Peninsula,42,9,3
05/13/2020,51840,Winchester,"Lord Fairfax",73,3,1
05/14/2020,51001,Accomack,"Eastern Shore",593,26,8
05/14/2020,51003,Albemarle,"Thomas Jefferson",130,18,4
05/14/2020,51005,Alleghany,Alleghany,6,4,0
05/14/2020,51007,Amelia,Piedmont,17,7,1
05/14/2020,51009,Amherst,"Central Virginia",21,3,0
05/14/2020,51011,Appomattox,"Central Virginia",22,1,0
05/14/2020,51013,Arlington,Arlington,1499,305,70
05/14/2020,51015,Augusta,"Central Shenandoah",70,3,1
05/14/2020,51017,Bath,"Central Shenandoah",0,0,0
05/14/2020,51019,Bedford,"Central Virginia",40,2,1
05/14/2020,51021,Bland,"Mount Rogers",0,0,0
05/14/2020,51023,Botetourt,Alleghany,30,9,3
05/14/2020,51025,Brunswick,Southside,20,4,0
05/14/2020,51027,Buchanan,"Cumberland Plateau",16,0,0
05/14/2020,51029,Buckingham,Piedmont,348,14,2
05/14/2020,51031,Campbell,"Central Virginia",13,3,1
05/14/2020,51033,Caroline,Rappahannock,41,5,2
05/14/2020,51035,Carroll,"Mount Rogers",40,2,0
05/14/2020,51036,"Charles City",Chickahominy,21,8,1
05/14/2020,51037,Charlotte,Piedmont,11,2,0
05/14/2020,51041,Chesterfield,Chesterfield,909,68,29
05/14/2020,51043,Clarke,"Lord Fairfax",16,2,0
05/14/2020,51045,Craig,Alleghany,4,0,0
05/14/2020,51047,Culpeper,"Rappahannock Rapidan",329,27,5
05/14/2020,51049,Cumberland,Piedmont,18,2,0
05/14/2020,51051,Dickenson,"Cumberland Plateau",0,0,0
05/14/2020,51053,Dinwiddie,Crater,33,10,0
05/14/2020,51057,Essex,"Three Rivers",29,3,0
05/14/2020,51059,Fairfax,Fairfax,6951,1019,267
05/14/2020,51061,Fauquier,"Rappahannock Rapidan",200,20,5
05/14/2020,51063,Floyd,"New River",4,1,0
05/14/2020,51065,Fluvanna,"Thomas Jefferson",79,21,6
05/14/2020,51067,"Franklin County","West Piedmont",30,3,1
05/14/2020,51069,Frederick,"Lord Fairfax",191,15,3
05/14/2020,51071,Giles,"New River",5,0,0
05/14/2020,51073,Gloucester,"Three Rivers",28,7,1
05/14/2020,51075,Goochland,Chickahominy,86,15,5
05/14/2020,51077,Grayson,"Mount Rogers",18,1,0
05/14/2020,51079,Greene,"Thomas Jefferson",16,2,1
05/14/2020,51081,Greensville,Crater,49,14,7
05/14/2020,51083,Halifax,Southside,27,3,0
05/14/2020,51085,Hanover,Chickahominy,198,41,18
05/14/2020,51087,Henrico,Henrico,1174,168,112
05/14/2020,51089,Henry,"West Piedmont",28,6,1
05/14/2020,51091,Highland,"Central Shenandoah",2,0,0
05/14/2020,51093,"Isle of Wight","Western Tidewater",114,10,3
05/14/2020,51095,"James City",Peninsula,174,53,15
05/14/2020,51097,"King and Queen","Three Rivers",7,1,0
05/14/2020,51099,"King George",Rappahannock,44,13,4
05/14/2020,51101,"King William","Three Rivers",12,1,0
05/14/2020,51103,Lancaster,"Three Rivers",7,1,0
05/14/2020,51105,Lee,Lenowisco,10,1,0
05/14/2020,51107,Loudoun,Loudoun,1339,131,44
05/14/2020,51109,Louisa,"Thomas Jefferson",59,9,0
05/14/2020,51111,Lunenburg,Piedmont,6,0,0
05/14/2020,51113,Madison,"Rappahannock Rapidan",23,2,1
05/14/2020,51115,Mathews,"Three Rivers",5,1,0
05/14/2020,51117,Mecklenburg,Southside,146,23,13
05/14/2020,51119,Middlesex,"Three Rivers",11,1,0
05/14/2020,51121,Montgomery,"New River",66,9,1
05/14/2020,51125,Nelson,"Thomas Jefferson",12,0,0
05/14/2020,51127,"New Kent",Chickahominy,28,7,2
05/14/2020,51131,Northampton,"Eastern Shore",184,12,6
05/14/2020,51133,Northumberland,"Three Rivers",15,0,1
05/14/2020,51135,Nottoway,Piedmont,14,2,0
05/14/2020,51137,Orange,"Rappahannock Rapidan",50,3,0
05/14/2020,51139,Page,"Lord Fairfax",143,19,16
05/14/2020,51141,Patrick,"West Piedmont",6,0,0
05/14/2020,51143,Pittsylvania,Pittsylvania-Danville,17,8,1
05/14/2020,51145,Powhatan,Chesterfield,23,0,0
05/14/2020,51147,"Prince Edward",Piedmont,72,9,2
05/14/2020,51149,"Prince George",Crater,48,5,0
05/14/2020,51153,"Prince William","Prince William",3351,320,66
05/14/2020,51155,Pulaski,"New River",10,2,0
05/14/2020,51157,Rappahannock,"Rappahannock Rapidan",10,0,0
05/14/2020,51159,"Richmond County","Three Rivers",203,8,4
05/14/2020,51161,"Roanoke County",Alleghany,83,6,1
05/14/2020,51163,Rockbridge,"Central Shenandoah",11,0,0
05/14/2020,51165,Rockingham,"Central Shenandoah",381,30,2
05/14/2020,51167,Russell,"Cumberland Plateau",6,2,0
05/14/2020,51169,Scott,Lenowisco,7,2,2
05/14/2020,51171,Shenandoah,"Lord Fairfax",278,24,9
05/14/2020,51173,Smyth,"Mount Rogers",15,4,0
05/14/2020,51175,Southampton,"Western Tidewater",134,4,2
05/14/2020,51177,Spotsylvania,Rappahannock,282,30,4
05/14/2020,51179,Stafford,Rappahannock,426,61,4
05/14/2020,51181,Surry,Crater,6,2,1
05/14/2020,51183,Sussex,Crater,53,5,1
05/14/2020,51185,Tazewell,"Cumberland Plateau",6,0,0
05/14/2020,51187,Warren,"Lord Fairfax",90,11,2
05/14/2020,51191,Washington,"Mount Rogers",49,8,3
05/14/2020,51193,Westmoreland,"Three Rivers",42,6,0
05/14/2020,51195,Wise,Lenowisco,23,10,2
05/14/2020,51197,Wythe,"Mount Rogers",15,1,1
05/14/2020,51199,York,Peninsula,61,8,2
05/14/2020,51510,Alexandria,Alexandria,1349,152,32
05/14/2020,51520,Bristol,"Mount Rogers",3,0,0
05/14/2020,51530,"Buena Vista City","Central Shenandoah",8,0,0
05/14/2020,51540,Charlottesville,"Thomas Jefferson",68,15,2
05/14/2020,51550,Chesapeake,Chesapeake,362,76,9
05/14/2020,51570,"Colonial Heights",Chesterfield,73,2,7
05/14/2020,51580,Covington,Alleghany,2,0,0
05/14/2020,51590,Danville,Pittsylvania-Danville,43,13,1
05/14/2020,51595,Emporia,Crater,50,9,3
05/14/2020,51600,"Fairfax City",Fairfax,45,6,3
05/14/2020,51610,"Falls Church",Fairfax,39,9,4
05/14/2020,51620,"Franklin City","Western Tidewater",26,2,1
05/14/2020,51630,Fredericksburg,Rappahannock,80,14,0
05/14/2020,51640,Galax,"Mount Rogers",65,1,0
05/14/2020,51650,Hampton,Hampton,156,29,3
05/14/2020,51660,Harrisonburg,"Central Shenandoah",615,41,21
05/14/2020,51670,Hopewell,Crater,48,11,0
05/14/2020,51678,Lexington,"Central Shenandoah",5,0,0
05/14/2020,51680,Lynchburg,"Central Virginia",73,6,1
05/14/2020,51683,"Manassas City","Prince William",515,47,5
05/14/2020,51685,"Manassas Park","Prince William",170,18,3
05/14/2020,51690,Martinsville,"West Piedmont",3,1,0
05/14/2020,51700,"Newport News",Peninsula,179,36,10
05/14/2020,51710,Norfolk,Norfolk,338,56,5
05/14/2020,51720,Norton,Lenowisco,2,2,0
05/14/2020,51730,Petersburg,Crater,57,20,2
05/14/2020,51735,Poquoson,Peninsula,7,2,0
05/14/2020,51740,Portsmouth,Portsmouth,217,39,9
05/14/2020,51750,Radford,"New River",3,0,0
05/14/2020,51760,"Richmond City",Richmond,611,102,18
05/14/2020,51770,"Roanoke City",Roanoke,120,7,1
05/14/2020,51775,Salem,Alleghany,32,4,0
05/14/2020,51790,Staunton,"Central Shenandoah",23,3,0
05/14/2020,51800,Suffolk,"Western Tidewater",221,41,22
05/14/2020,51810,"Virginia Beach","Virginia Beach",528,86,19
05/14/2020,51820,Waynesboro,"Central Shenandoah",21,1,0
05/14/2020,51830,Williamsburg,Peninsula,42,9,3
05/14/2020,51840,Winchester,"Lord Fairfax",75,3,1
05/15/2020,51001,Accomack,"Eastern Shore",648,28,9
05/15/2020,51003,Albemarle,"Thomas Jefferson",133,18,4
05/15/2020,51005,Alleghany,Alleghany,6,4,0
05/15/2020,51007,Amelia,Piedmont,17,7,1
05/15/2020,51009,Amherst,"Central Virginia",22,3,0
05/15/2020,51011,Appomattox,"Central Virginia",23,1,0
05/15/2020,51013,Arlington,Arlington,1534,306,71
05/15/2020,51015,Augusta,"Central Shenandoah",74,3,1
05/15/2020,51017,Bath,"Central Shenandoah",0,0,0
05/15/2020,51019,Bedford,"Central Virginia",40,2,1
05/15/2020,51021,Bland,"Mount Rogers",0,0,0
05/15/2020,51023,Botetourt,Alleghany,30,9,3
05/15/2020,51025,Brunswick,Southside,20,5,1
05/15/2020,51027,Buchanan,"Cumberland Plateau",16,0,0
05/15/2020,51029,Buckingham,Piedmont,366,15,2
05/15/2020,51031,Campbell,"Central Virginia",13,3,1
05/15/2020,51033,Caroline,Rappahannock,42,5,2
05/15/2020,51035,Carroll,"Mount Rogers",42,2,0
05/15/2020,51036,"Charles City",Chickahominy,22,8,1
05/15/2020,51037,Charlotte,Piedmont,11,2,0
05/15/2020,51041,Chesterfield,Chesterfield,946,70,29
05/15/2020,51043,Clarke,"Lord Fairfax",17,2,0
05/15/2020,51045,Craig,Alleghany,4,0,0
05/15/2020,51047,Culpeper,"Rappahannock Rapidan",343,27,5
05/15/2020,51049,Cumberland,Piedmont,18,2,0
05/15/2020,51051,Dickenson,"Cumberland Plateau",0,0,0
05/15/2020,51053,Dinwiddie,Crater,36,10,0
05/15/2020,51057,Essex,"Three Rivers",30,3,0
05/15/2020,51059,Fairfax,Fairfax,7159,1035,273
05/15/2020,51061,Fauquier,"Rappahannock Rapidan",205,20,5
05/15/2020,51063,Floyd,"New River",4,1,0
05/15/2020,51065,Fluvanna,"Thomas Jefferson",79,21,6
05/15/2020,51067,"Franklin County","West Piedmont",30,3,1
05/15/2020,51069,Frederick,"Lord Fairfax",195,15,3
05/15/2020,51071,Giles,"New River",5,0,0
05/15/2020,51073,Gloucester,"Three Rivers",28,7,1
05/15/2020,51075,Goochland,Chickahominy,86,15,5
05/15/2020,51077,Grayson,"Mount Rogers",19,1,0
05/15/2020,51079,Greene,"Thomas Jefferson",16,2,1
05/15/2020,51081,Greensville,Crater,50,14,7
05/15/2020,51083,Halifax,Southside,27,3,0
05/15/2020,51085,Hanover,Chickahominy,208,42,19
05/15/2020,51087,Henrico,Henrico,1198,169,113
05/15/2020,51089,Henry,"West Piedmont",30,6,1
05/15/2020,51091,Highland,"Central Shenandoah",2,0,0
05/15/2020,51093,"Isle of Wight","Western Tidewater",115,10,3
05/15/2020,51095,"James City",Peninsula,179,53,15
05/15/2020,51097,"King and Queen","Three Rivers",7,1,0
05/15/2020,51099,"King George",Rappahannock,45,13,4
05/15/2020,51101,"King William","Three Rivers",13,1,0
05/15/2020,51103,Lancaster,"Three Rivers",7,1,0
05/15/2020,51105,Lee,Lenowisco,10,1,0
05/15/2020,51107,Loudoun,Loudoun,1374,134,48
05/15/2020,51109,Louisa,"Thomas Jefferson",59,9,0
05/15/2020,51111,Lunenburg,Piedmont,7,0,0
05/15/2020,51113,Madison,"Rappahannock Rapidan",23,3,1
05/15/2020,51115,Mathews,"Three Rivers",5,1,0
05/15/2020,51117,Mecklenburg,Southside,152,25,15
05/15/2020,51119,Middlesex,"Three Rivers",11,1,0
05/15/2020,51121,Montgomery,"New River",66,9,1
05/15/2020,51125,Nelson,"Thomas Jefferson",12,0,0
05/15/2020,51127,"New Kent",Chickahominy,26,6,1
05/15/2020,51131,Northampton,"Eastern Shore",193,13,7
05/15/2020,51133,Northumberland,"Three Rivers",15,0,1
05/15/2020,51135,Nottoway,Piedmont,16,2,0
05/15/2020,51137,Orange,"Rappahannock Rapidan",51,3,0
05/15/2020,51139,Page,"Lord Fairfax",145,19,16
05/15/2020,51141,Patrick,"West Piedmont",6,0,0
05/15/2020,51143,Pittsylvania,Pittsylvania-Danville,18,9,1
05/15/2020,51145,Powhatan,Chesterfield,23,0,0
05/15/2020,51147,"Prince Edward",Piedmont,72,9,2
05/15/2020,51149,"Prince George",Crater,49,5,0
05/15/2020,51153,"Prince William","Prince William",3421,333,67
05/15/2020,51155,Pulaski,"New River",10,2,0
05/15/2020,51157,Rappahannock,"Rappahannock Rapidan",11,0,0
05/15/2020,51159,"Richmond County","Three Rivers",201,8,4
05/15/2020,51161,"Roanoke County",Alleghany,83,6,1
05/15/2020,51163,Rockbridge,"Central Shenandoah",10,0,0
05/15/2020,51165,Rockingham,"Central Shenandoah",388,32,2
05/15/2020,51167,Russell,"Cumberland Plateau",6,2,0
05/15/2020,51169,Scott,Lenowisco,7,2,2
05/15/2020,51171,Shenandoah,"Lord Fairfax",285,24,10
05/15/2020,51173,Smyth,"Mount Rogers",15,4,0
05/15/2020,51175,Southampton,"Western Tidewater",135,4,2
05/15/2020,51177,Spotsylvania,Rappahannock,291,30,4
05/15/2020,51179,Stafford,Rappahannock,442,61,4
05/15/2020,51181,Surry,Crater,6,2,1
05/15/2020,51183,Sussex,Crater,67,5,1
05/15/2020,51185,Tazewell,"Cumberland Plateau",6,0,0
05/15/2020,51187,Warren,"Lord Fairfax",94,11,2
05/15/2020,51191,Washington,"Mount Rogers",49,8,3
05/15/2020,51193,Westmoreland,"Three Rivers",42,7,0
05/15/2020,51195,Wise,Lenowisco,23,10,2
05/15/2020,51197,Wythe,"Mount Rogers",15,1,1
05/15/2020,51199,York,Peninsula,62,9,3
05/15/2020,51510,Alexandria,Alexandria,1396,159,32
05/15/2020,51520,Bristol,"Mount Rogers",3,0,0
05/15/2020,51530,"Buena Vista City","Central Shenandoah",8,0,0
05/15/2020,51540,Charlottesville,"Thomas Jefferson",71,15,2
05/15/2020,51550,Chesapeake,Chesapeake,379,76,10
05/15/2020,51570,"Colonial Heights",Chesterfield,74,2,7
05/15/2020,51580,Covington,Alleghany,2,0,0
05/15/2020,51590,Danville,Pittsylvania-Danville,43,13,1
05/15/2020,51595,Emporia,Crater,50,9,3
05/15/2020,51600,"Fairfax City",Fairfax,46,6,3
05/15/2020,51610,"Falls Church",Fairfax,40,9,4
05/15/2020,51620,"Franklin City","Western Tidewater",27,2,1
05/15/2020,51630,Fredericksburg,Rappahannock,82,14,0
05/15/2020,51640,Galax,"Mount Rogers",66,1,0
05/15/2020,51650,Hampton,Hampton,158,29,3
05/15/2020,51660,Harrisonburg,"Central Shenandoah",620,43,21
05/15/2020,51670,Hopewell,Crater,49,11,0
05/15/2020,51678,Lexington,"Central Shenandoah",5,0,0
05/15/2020,51680,Lynchburg,"Central Virginia",73,7,1
05/15/2020,51683,"Manassas City","Prince William",533,47,5
05/15/2020,51685,"Manassas Park","Prince William",176,18,3
05/15/2020,51690,Martinsville,"West Piedmont",3,1,0
05/15/2020,51700,"Newport News",Peninsula,184,38,10
05/15/2020,51710,Norfolk,Norfolk,349,56,5
05/15/2020,51720,Norton,Lenowisco,2,2,0
05/15/2020,51730,Petersburg,Crater,58,20,2
05/15/2020,51735,Poquoson,Peninsula,7,2,0
05/15/2020,51740,Portsmouth,Portsmouth,219,39,10
05/15/2020,51750,Radford,"New River",3,0,0
05/15/2020,51760,"Richmond City",Richmond,665,105,18
05/15/2020,51770,"Roanoke City",Roanoke,120,7,1
05/15/2020,51775,Salem,Alleghany,32,4,0
05/15/2020,51790,Staunton,"Central Shenandoah",34,3,0
05/15/2020,51800,Suffolk,"Western Tidewater",255,41,22
05/15/2020,51810,"Virginia Beach","Virginia Beach",535,86,19
05/15/2020,51820,Waynesboro,"Central Shenandoah",22,1,0
05/15/2020,51830,Williamsburg,Peninsula,42,9,3
05/15/2020,51840,Winchester,"Lord Fairfax",79,4,1
05/16/2020,51001,Accomack,"Eastern Shore",668,30,9
05/16/2020,51003,Albemarle,"Thomas Jefferson",136,18,4
05/16/2020,51005,Alleghany,Alleghany,6,4,0
05/16/2020,51007,Amelia,Piedmont,18,7,1
05/16/2020,51009,Amherst,"Central Virginia",24,3,0
05/16/2020,51011,Appomattox,"Central Virginia",23,1,0
05/16/2020,51013,Arlington,Arlington,1560,317,74
05/16/2020,51015,Augusta,"Central Shenandoah",82,3,1
05/16/2020,51017,Bath,"Central Shenandoah",0,0,0
05/16/2020,51019,Bedford,"Central Virginia",40,2,1
05/16/2020,51021,Bland,"Mount Rogers",0,0,0
05/16/2020,51023,Botetourt,Alleghany,30,9,3
05/16/2020,51025,Brunswick,Southside,20,5,1
05/16/2020,51027,Buchanan,"Cumberland Plateau",16,0,0
05/16/2020,51029,Buckingham,Piedmont,411,15,2
05/16/2020,51031,Campbell,"Central Virginia",13,3,1
05/16/2020,51033,Caroline,Rappahannock,42,5,2
05/16/2020,51035,Carroll,"Mount Rogers",45,2,0
05/16/2020,51036,"Charles City",Chickahominy,22,8,1
05/16/2020,51037,Charlotte,Piedmont,11,2,0
05/16/2020,51041,Chesterfield,Chesterfield,978,70,29
05/16/2020,51043,Clarke,"Lord Fairfax",19,2,0
05/16/2020,51045,Craig,Alleghany,4,0,0
05/16/2020,51047,Culpeper,"Rappahannock Rapidan",365,27,5
05/16/2020,51049,Cumberland,Piedmont,23,3,0
05/16/2020,51051,Dickenson,"Cumberland Plateau",0,0,0
05/16/2020,51053,Dinwiddie,Crater,36,10,0
05/16/2020,51057,Essex,"Three Rivers",31,3,0
05/16/2020,51059,Fairfax,Fairfax,7386,1061,278
05/16/2020,51061,Fauquier,"Rappahannock Rapidan",211,20,5
05/16/2020,51063,Floyd,"New River",4,1,0
05/16/2020,51065,Fluvanna,"Thomas Jefferson",81,21,6
05/16/2020,51067,"Franklin County","West Piedmont",30,3,1
05/16/2020,51069,Frederick,"Lord Fairfax",209,15,3
05/16/2020,51071,Giles,"New River",5,0,0
05/16/2020,51073,Gloucester,"Three Rivers",28,7,1
05/16/2020,51075,Goochland,Chickahominy,87,15,5
05/16/2020,51077,Grayson,"Mount Rogers",20,1,0
05/16/2020,51079,Greene,"Thomas Jefferson",19,2,1
05/16/2020,51081,Greensville,Crater,50,14,7
05/16/2020,51083,Halifax,Southside,27,3,0
05/16/2020,51085,Hanover,Chickahominy,215,44,19
05/16/2020,51087,Henrico,Henrico,1226,170,113
05/16/2020,51089,Henry,"West Piedmont",34,6,2
05/16/2020,51091,Highland,"Central Shenandoah",2,0,0
05/16/2020,51093,"Isle of Wight","Western Tidewater",115,10,3
05/16/2020,51095,"James City",Peninsula,179,54,15
05/16/2020,51097,"King and Queen","Three Rivers",7,1,0
05/16/2020,51099,"King George",Rappahannock,47,13,4
05/16/2020,51101,"King William","Three Rivers",14,1,0
05/16/2020,51103,Lancaster,"Three Rivers",7,1,0
05/16/2020,51105,Lee,Lenowisco,10,1,0
05/16/2020,51107,Loudoun,Loudoun,1430,137,48
05/16/2020,51109,Louisa,"Thomas Jefferson",59,9,0
05/16/2020,51111,Lunenburg,Piedmont,7,0,0
05/16/2020,51113,Madison,"Rappahannock Rapidan",24,3,1
05/16/2020,51115,Mathews,"Three Rivers",5,1,0
05/16/2020,51117,Mecklenburg,Southside,164,26,16
05/16/2020,51119,Middlesex,"Three Rivers",12,1,0
05/16/2020,51121,Montgomery,"New River",66,9,1
05/16/2020,51125,Nelson,"Thomas Jefferson",12,0,0
05/16/2020,51127,"New Kent",Chickahominy,26,6,1
05/16/2020,51131,Northampton,"Eastern Shore",196,13,8
05/16/2020,51133,Northumberland,"Three Rivers",17,0,1
05/16/2020,51135,Nottoway,Piedmont,16,2,0
05/16/2020,51137,Orange,"Rappahannock Rapidan",53,3,0
05/16/2020,51139,Page,"Lord Fairfax",158,19,16
05/16/2020,51141,Patrick,"West Piedmont",6,0,0
05/16/2020,51143,Pittsylvania,Pittsylvania-Danville,23,10,1
05/16/2020,51145,Powhatan,Chesterfield,24,0,0
05/16/2020,51147,"Prince Edward",Piedmont,73,9,2
05/16/2020,51149,"Prince George",Crater,49,5,0
05/16/2020,51153,"Prince William","Prince William",3563,340,69
05/16/2020,51155,Pulaski,"New River",10,2,0
05/16/2020,51157,Rappahannock,"Rappahannock Rapidan",12,0,0
05/16/2020,51159,"Richmond County","Three Rivers",204,8,4
05/16/2020,51161,"Roanoke County",Alleghany,84,6,3
05/16/2020,51163,Rockbridge,"Central Shenandoah",11,0,0
05/16/2020,51165,Rockingham,"Central Shenandoah",387,34,2
05/16/2020,51167,Russell,"Cumberland Plateau",8,2,0
05/16/2020,51169,Scott,Lenowisco,7,2,2
05/16/2020,51171,Shenandoah,"Lord Fairfax",297,24,11
05/16/2020,51173,Smyth,"Mount Rogers",15,4,0
05/16/2020,51175,Southampton,"Western Tidewater",135,4,2
05/16/2020,51177,Spotsylvania,Rappahannock,304,30,4
05/16/2020,51179,Stafford,Rappahannock,458,61,4
05/16/2020,51181,Surry,Crater,6,2,1
05/16/2020,51183,Sussex,Crater,80,5,1
05/16/2020,51185,Tazewell,"Cumberland Plateau",6,0,0
05/16/2020,51187,Warren,"Lord Fairfax",96,11,2
05/16/2020,51191,Washington,"Mount Rogers",49,8,3
05/16/2020,51193,Westmoreland,"Three Rivers",42,7,0
05/16/2020,51195,Wise,Lenowisco,23,10,2
05/16/2020,51197,Wythe,"Mount Rogers",16,1,1
05/16/2020,51199,York,Peninsula,62,9,3
05/16/2020,51510,Alexandria,Alexandria,1460,158,34
05/16/2020,51520,Bristol,"Mount Rogers",3,0,0
05/16/2020,51530,"Buena Vista City","Central Shenandoah",8,0,0
05/16/2020,51540,Charlottesville,"Thomas Jefferson",71,15,2
05/16/2020,51550,Chesapeake,Chesapeake,380,76,10
05/16/2020,51570,"Colonial Heights",Chesterfield,76,2,7
05/16/2020,51580,Covington,Alleghany,2,0,0
05/16/2020,51590,Danville,Pittsylvania-Danville,44,13,1
05/16/2020,51595,Emporia,Crater,50,9,3
05/16/2020,51600,"Fairfax City",Fairfax,47,6,3
05/16/2020,51610,"Falls Church",Fairfax,42,9,4
05/16/2020,51620,"Franklin City","Western Tidewater",27,2,1
05/16/2020,51630,Fredericksburg,Rappahannock,89,14,0
05/16/2020,51640,Galax,"Mount Rogers",77,1,0
05/16/2020,51650,Hampton,Hampton,158,30,3
05/16/2020,51660,Harrisonburg,"Central Shenandoah",631,45,21
05/16/2020,51670,Hopewell,Crater,49,11,0
05/16/2020,51678,Lexington,"Central Shenandoah",5,0,0
05/16/2020,51680,Lynchburg,"Central Virginia",73,7,1
05/16/2020,51683,"Manassas City","Prince William",574,47,5
05/16/2020,51685,"Manassas Park","Prince William",183,18,3
05/16/2020,51690,Martinsville,"West Piedmont",4,3,0
05/16/2020,51700,"Newport News",Peninsula,187,38,10
05/16/2020,51710,Norfolk,Norfolk,350,56,5
05/16/2020,51720,Norton,Lenowisco,2,2,0
05/16/2020,51730,Petersburg,Crater,58,21,2
05/16/2020,51735,Poquoson,Peninsula,7,2,0
05/16/2020,51740,Portsmouth,Portsmouth,222,39,10
05/16/2020,51750,Radford,"New River",3,0,0
05/16/2020,51760,"Richmond City",Richmond,741,109,18
05/16/2020,51770,"Roanoke City",Roanoke,120,7,8
05/16/2020,51775,Salem,Alleghany,32,4,0
05/16/2020,51790,Staunton,"Central Shenandoah",33,3,0
05/16/2020,51800,Suffolk,"Western Tidewater",260,41,22
05/16/2020,51810,"Virginia Beach","Virginia Beach",539,86,19
05/16/2020,51820,Waynesboro,"Central Shenandoah",22,1,0
05/16/2020,51830,Williamsburg,Peninsula,43,9,3
05/16/2020,51840,Winchester,"Lord Fairfax",80,4,1
05/17/2020,51001,Accomack,"Eastern Shore",688,30,9
05/17/2020,51003,Albemarle,"Thomas Jefferson",138,18,4
05/17/2020,51005,Alleghany,Alleghany,7,4,0
05/17/2020,51007,Amelia,Piedmont,18,7,1
05/17/2020,51009,Amherst,"Central Virginia",25,3,0
05/17/2020,51011,Appomattox,"Central Virginia",23,1,0
05/17/2020,51013,Arlington,Arlington,1590,318,75
05/17/2020,51015,Augusta,"Central Shenandoah",84,3,1
05/17/2020,51017,Bath,"Central Shenandoah",0,0,0
05/17/2020,51019,Bedford,"Central Virginia",40,2,1
05/17/2020,51021,Bland,"Mount Rogers",0,0,0
05/17/2020,51023,Botetourt,Alleghany,31,9,3
05/17/2020,51025,Brunswick,Southside,20,5,1
05/17/2020,51027,Buchanan,"Cumberland Plateau",16,0,0
05/17/2020,51029,Buckingham,Piedmont,411,15,2
05/17/2020,51031,Campbell,"Central Virginia",13,3,1
05/17/2020,51033,Caroline,Rappahannock,42,5,2
05/17/2020,51035,Carroll,"Mount Rogers",48,2,0
05/17/2020,51036,"Charles City",Chickahominy,22,8,1
05/17/2020,51037,Charlotte,Piedmont,11,2,0
05/17/2020,51041,Chesterfield,Chesterfield,988,70,29
05/17/2020,51043,Clarke,"Lord Fairfax",19,2,0
05/17/2020,51045,Craig,Alleghany,4,0,0
05/17/2020,51047,Culpeper,"Rappahannock Rapidan",374,30,5
05/17/2020,51049,Cumberland,Piedmont,23,3,0
05/17/2020,51051,Dickenson,"Cumberland Plateau",0,0,0
05/17/2020,51053,Dinwiddie,Crater,36,10,0
05/17/2020,51057,Essex,"Three Rivers",31,3,0
05/17/2020,51059,Fairfax,Fairfax,7643,1084,282
05/17/2020,51061,Fauquier,"Rappahannock Rapidan",213,20,5
05/17/2020,51063,Floyd,"New River",4,1,0
05/17/2020,51065,Fluvanna,"Thomas Jefferson",81,21,6
05/17/2020,51067,"Franklin County","West Piedmont",30,3,1
05/17/2020,51069,Frederick,"Lord Fairfax",211,15,3
05/17/2020,51071,Giles,"New River",5,0,0
05/17/2020,51073,Gloucester,"Three Rivers",28,7,1
05/17/2020,51075,Goochland,Chickahominy,87,15,5
05/17/2020,51077,Grayson,"Mount Rogers",21,1,0
05/17/2020,51079,Greene,"Thomas Jefferson",19,2,1
05/17/2020,51081,Greensville,Crater,50,14,7
05/17/2020,51083,Halifax,Southside,27,3,0
05/17/2020,51085,Hanover,Chickahominy,220,45,19
05/17/2020,51087,Henrico,Henrico,1252,171,113
05/17/2020,51089,Henry,"West Piedmont",36,6,2
05/17/2020,51091,Highland,"Central Shenandoah",2,0,0
05/17/2020,51093,"Isle of Wight","Western Tidewater",115,10,3
05/17/2020,51095,"James City",Peninsula,186,54,15
05/17/2020,51097,"King and Queen","Three Rivers",7,1,0
05/17/2020,51099,"King George",Rappahannock,48,14,4
05/17/2020,51101,"King William","Three Rivers",14,1,0
05/17/2020,51103,Lancaster,"Three Rivers",7,1,0
05/17/2020,51105,Lee,Lenowisco,10,1,0
05/17/2020,51107,Loudoun,Loudoun,1446,139,48
05/17/2020,51109,Louisa,"Thomas Jefferson",59,9,0
05/17/2020,51111,Lunenburg,Piedmont,7,0,0
05/17/2020,51113,Madison,"Rappahannock Rapidan",24,3,1
05/17/2020,51115,Mathews,"Three Rivers",5,1,0
05/17/2020,51117,Mecklenburg,Southside,167,26,16
05/17/2020,51119,Middlesex,"Three Rivers",12,1,0
05/17/2020,51121,Montgomery,"New River",66,9,1
05/17/2020,51125,Nelson,"Thomas Jefferson",12,0,0
05/17/2020,51127,"New Kent",Chickahominy,26,6,1
05/17/2020,51131,Northampton,"Eastern Shore",198,14,9
05/17/2020,51133,Northumberland,"Three Rivers",18,0,1
05/17/2020,51135,Nottoway,Piedmont,16,2,0
05/17/2020,51137,Orange,"Rappahannock Rapidan",56,3,0
05/17/2020,51139,Page,"Lord Fairfax",161,19,16
05/17/2020,51141,Patrick,"West Piedmont",6,0,0
05/17/2020,51143,Pittsylvania,Pittsylvania-Danville,24,10,1
05/17/2020,51145,Powhatan,Chesterfield,24,0,0
05/17/2020,51147,"Prince Edward",Piedmont,73,9,2
05/17/2020,51149,"Prince George",Crater,49,5,0
05/17/2020,51153,"Prince William","Prince William",3666,350,70
05/17/2020,51155,Pulaski,"New River",10,2,0
05/17/2020,51157,Rappahannock,"Rappahannock Rapidan",12,0,0
05/17/2020,51159,"Richmond County","Three Rivers",261,8,4
05/17/2020,51161,"Roanoke County",Alleghany,85,6,3
05/17/2020,51163,Rockbridge,"Central Shenandoah",11,0,0
05/17/2020,51165,Rockingham,"Central Shenandoah",389,36,2
05/17/2020,51167,Russell,"Cumberland Plateau",8,2,0
05/17/2020,51169,Scott,Lenowisco,7,2,2
05/17/2020,51171,Shenandoah,"Lord Fairfax",303,24,11
05/17/2020,51173,Smyth,"Mount Rogers",15,4,0
05/17/2020,51175,Southampton,"Western Tidewater",135,4,2
05/17/2020,51177,Spotsylvania,Rappahannock,312,30,4
05/17/2020,51179,Stafford,Rappahannock,467,61,4
05/17/2020,51181,Surry,Crater,6,2,1
05/17/2020,51183,Sussex,Crater,80,5,1
05/17/2020,51185,Tazewell,"Cumberland Plateau",6,0,0
05/17/2020,51187,Warren,"Lord Fairfax",99,11,2
05/17/2020,51191,Washington,"Mount Rogers",49,8,3
05/17/2020,51193,Westmoreland,"Three Rivers",42,7,0
05/17/2020,51195,Wise,Lenowisco,23,10,2
05/17/2020,51197,Wythe,"Mount Rogers",16,1,1
05/17/2020,51199,York,Peninsula,62,9,3
05/17/2020,51510,Alexandria,Alexandria,1476,159,34
05/17/2020,51520,Bristol,"Mount Rogers",3,0,0
05/17/2020,51530,"Buena Vista City","Central Shenandoah",8,0,0
05/17/2020,51540,Charlottesville,"Thomas Jefferson",71,15,2
05/17/2020,51550,Chesapeake,Chesapeake,384,77,10
05/17/2020,51570,"Colonial Heights",Chesterfield,76,2,7
05/17/2020,51580,Covington,Alleghany,2,0,0
05/17/2020,51590,Danville,Pittsylvania-Danville,44,13,1
05/17/2020,51595,Emporia,Crater,52,9,3
05/17/2020,51600,"Fairfax City",Fairfax,47,6,3
05/17/2020,51610,"Falls Church",Fairfax,44,9,4
05/17/2020,51620,"Franklin City","Western Tidewater",29,2,1
05/17/2020,51630,Fredericksburg,Rappahannock,93,14,0
05/17/2020,51640,Galax,"Mount Rogers",80,1,0
05/17/2020,51650,Hampton,Hampton,161,30,3
05/17/2020,51660,Harrisonburg,"Central Shenandoah",632,45,21
05/17/2020,51670,Hopewell,Crater,51,11,0
05/17/2020,51678,Lexington,"Central Shenandoah",6,0,0
05/17/2020,51680,Lynchburg,"Central Virginia",73,7,1
05/17/2020,51683,"Manassas City","Prince William",594,48,5
05/17/2020,51685,"Manassas Park","Prince William",187,19,3
05/17/2020,51690,Martinsville,"West Piedmont",5,4,0
05/17/2020,51700,"Newport News",Peninsula,193,38,10
05/17/2020,51710,Norfolk,Norfolk,350,56,5
05/17/2020,51720,Norton,Lenowisco,2,2,0
05/17/2020,51730,Petersburg,Crater,58,21,2
05/17/2020,51735,Poquoson,Peninsula,7,2,0
05/17/2020,51740,Portsmouth,Portsmouth,225,39,10
05/17/2020,51750,Radford,"New River",3,0,0
05/17/2020,51760,"Richmond City",Richmond,758,110,18
05/17/2020,51770,"Roanoke City",Roanoke,120,7,8
05/17/2020,51775,Salem,Alleghany,32,4,0
05/17/2020,51790,Staunton,"Central Shenandoah",34,3,0
05/17/2020,51800,Suffolk,"Western Tidewater",264,41,22
05/17/2020,51810,"Virginia Beach","Virginia Beach",548,86,19
05/17/2020,51820,Waynesboro,"Central Shenandoah",22,1,0
05/17/2020,51830,Williamsburg,Peninsula,43,9,3
05/17/2020,51840,Winchester,"Lord Fairfax",80,4,1
05/18/2020,51001,Accomack,"Eastern Shore",690,30,9
05/18/2020,51003,Albemarle,"Thomas Jefferson",139,18,4
05/18/2020,51005,Alleghany,Alleghany,9,4,0
05/18/2020,51007,Amelia,Piedmont,20,7,1
05/18/2020,51009,Amherst,"Central Virginia",25,3,0
05/18/2020,51011,Appomattox,"Central Virginia",25,1,0
05/18/2020,51013,Arlington,Arlington,1638,323,77
05/18/2020,51015,Augusta,"Central Shenandoah",85,3,1
05/18/2020,51017,Bath,"Central Shenandoah",0,0,0
05/18/2020,51019,Bedford,"Central Virginia",41,2,1
05/18/2020,51021,Bland,"Mount Rogers",0,0,0
05/18/2020,51023,Botetourt,Alleghany,31,9,3
05/18/2020,51025,Brunswick,Southside,20,5,1
05/18/2020,51027,Buchanan,"Cumberland Plateau",16,0,0
05/18/2020,51029,Buckingham,Piedmont,417,15,2
05/18/2020,51031,Campbell,"Central Virginia",13,3,1
05/18/2020,51033,Caroline,Rappahannock,42,5,2
05/18/2020,51035,Carroll,"Mount Rogers",49,2,0
05/18/2020,51036,"Charles City",Chickahominy,23,8,1
05/18/2020,51037,Charlotte,Piedmont,14,2,0
05/18/2020,51041,Chesterfield,Chesterfield,1002,70,29
05/18/2020,51043,Clarke,"Lord Fairfax",18,2,0
05/18/2020,51045,Craig,Alleghany,4,0,0
05/18/2020,51047,Culpeper,"Rappahannock Rapidan",388,30,5
05/18/2020,51049,Cumberland,Piedmont,23,3,0
05/18/2020,51051,Dickenson,"Cumberland Plateau",0,0,0
05/18/2020,51053,Dinwiddie,Crater,38,10,0
05/18/2020,51057,Essex,"Three Rivers",31,3,0
05/18/2020,51059,Fairfax,Fairfax,7843,1100,284
05/18/2020,51061,Fauquier,"Rappahannock Rapidan",223,20,5
05/18/2020,51063,Floyd,"New River",4,1,0
05/18/2020,51065,Fluvanna,"Thomas Jefferson",82,22,6
05/18/2020,51067,"Franklin County","West Piedmont",30,3,1
05/18/2020,51069,Frederick,"Lord Fairfax",217,16,3
05/18/2020,51071,Giles,"New River",5,0,0
05/18/2020,51073,Gloucester,"Three Rivers",28,7,1
05/18/2020,51075,Goochland,Chickahominy,88,15,5
05/18/2020,51077,Grayson,"Mount Rogers",21,1,0
05/18/2020,51079,Greene,"Thomas Jefferson",19,2,1
05/18/2020,51081,Greensville,Crater,50,14,7
05/18/2020,51083,Halifax,Southside,27,3,0
05/18/2020,51085,Hanover,Chickahominy,225,45,19
05/18/2020,51087,Henrico,Henrico,1272,171,113
05/18/2020,51089,Henry,"West Piedmont",43,6,2
05/18/2020,51091,Highland,"Central Shenandoah",2,0,0
05/18/2020,51093,"Isle of Wight","Western Tidewater",119,10,3
05/18/2020,51095,"James City",Peninsula,187,54,15
05/18/2020,51097,"King and Queen","Three Rivers",7,1,0
05/18/2020,51099,"King George",Rappahannock,48,14,4
05/18/2020,51101,"King William","Three Rivers",15,1,0
05/18/2020,51103,Lancaster,"Three Rivers",7,1,0
05/18/2020,51105,Lee,Lenowisco,10,1,0
05/18/2020,51107,Loudoun,Loudoun,1486,139,48
05/18/2020,51109,Louisa,"Thomas Jefferson",60,9,0
05/18/2020,51111,Lunenburg,Piedmont,7,0,0
05/18/2020,51113,Madison,"Rappahannock Rapidan",24,3,1
05/18/2020,51115,Mathews,"Three Rivers",5,1,0
05/18/2020,51117,Mecklenburg,Southside,169,26,16
05/18/2020,51119,Middlesex,"Three Rivers",12,1,0
05/18/2020,51121,Montgomery,"New River",66,9,1
05/18/2020,51125,Nelson,"Thomas Jefferson",12,0,0
05/18/2020,51127,"New Kent",Chickahominy,26,6,1
05/18/2020,51131,Northampton,"Eastern Shore",198,14,9
05/18/2020,51133,Northumberland,"Three Rivers",18,0,1
05/18/2020,51135,Nottoway,Piedmont,18,2,0
05/18/2020,51137,Orange,"Rappahannock Rapidan",60,3,0
05/18/2020,51139,Page,"Lord Fairfax",161,19,16
05/18/2020,51141,Patrick,"West Piedmont",8,0,0
05/18/2020,51143,Pittsylvania,Pittsylvania-Danville,24,10,1
05/18/2020,51145,Powhatan,Chesterfield,24,0,0
05/18/2020,51147,"Prince Edward",Piedmont,77,9,2
05/18/2020,51149,"Prince George",Crater,52,5,0
05/18/2020,51153,"Prince William","Prince William",3759,355,70
05/18/2020,51155,Pulaski,"New River",10,2,0
05/18/2020,51157,Rappahannock,"Rappahannock Rapidan",12,0,0
05/18/2020,51159,"Richmond County","Three Rivers",263,8,4
05/18/2020,51161,"Roanoke County",Alleghany,86,6,3
05/18/2020,51163,Rockbridge,"Central Shenandoah",11,0,0
05/18/2020,51165,Rockingham,"Central Shenandoah",397,37,2
05/18/2020,51167,Russell,"Cumberland Plateau",8,2,0
05/18/2020,51169,Scott,Lenowisco,7,2,2
05/18/2020,51171,Shenandoah,"Lord Fairfax",319,28,12
05/18/2020,51173,Smyth,"Mount Rogers",15,4,0
05/18/2020,51175,Southampton,"Western Tidewater",137,4,2
05/18/2020,51177,Spotsylvania,Rappahannock,319,30,4
05/18/2020,51179,Stafford,Rappahannock,484,61,4
05/18/2020,51181,Surry,Crater,6,2,1
05/18/2020,51183,Sussex,Crater,91,5,1
05/18/2020,51185,Tazewell,"Cumberland Plateau",6,0,0
05/18/2020,51187,Warren,"Lord Fairfax",99,11,2
05/18/2020,51191,Washington,"Mount Rogers",49,8,3
05/18/2020,51193,Westmoreland,"Three Rivers",42,7,0
05/18/2020,51195,Wise,Lenowisco,23,10,2
05/18/2020,51197,Wythe,"Mount Rogers",16,1,1
05/18/2020,51199,York,Peninsula,63,9,3
05/18/2020,51510,Alexandria,Alexandria,1510,162,34
05/18/2020,51520,Bristol,"Mount Rogers",3,0,0
05/18/2020,51530,"Buena Vista City","Central Shenandoah",9,0,0
05/18/2020,51540,Charlottesville,"Thomas Jefferson",72,15,2
05/18/2020,51550,Chesapeake,Chesapeake,387,78,10
05/18/2020,51570,"Colonial Heights",Chesterfield,76,2,7
05/18/2020,51580,Covington,Alleghany,2,0,0
05/18/2020,51590,Danville,Pittsylvania-Danville,44,13,1
05/18/2020,51595,Emporia,Crater,55,9,3
05/18/2020,51600,"Fairfax City",Fairfax,47,6,3
05/18/2020,51610,"Falls Church",Fairfax,44,9,4
05/18/2020,51620,"Franklin City","Western Tidewater",32,2,1
05/18/2020,51630,Fredericksburg,Rappahannock,96,14,0
05/18/2020,51640,Galax,"Mount Rogers",82,1,0
05/18/2020,51650,Hampton,Hampton,163,30,3
05/18/2020,51660,Harrisonburg,"Central Shenandoah",633,45,21
05/18/2020,51670,Hopewell,Crater,53,11,0
05/18/2020,51678,Lexington,"Central Shenandoah",6,0,0
05/18/2020,51680,Lynchburg,"Central Virginia",74,7,1
05/18/2020,51683,"Manassas City","Prince William",628,48,5
05/18/2020,51685,"Manassas Park","Prince William",198,24,3
05/18/2020,51690,Martinsville,"West Piedmont",8,4,0
05/18/2020,51700,"Newport News",Peninsula,206,38,10
05/18/2020,51710,Norfolk,Norfolk,361,56,5
05/18/2020,51720,Norton,Lenowisco,2,2,0
05/18/2020,51730,Petersburg,Crater,60,21,2
05/18/2020,51735,Poquoson,Peninsula,7,2,0
05/18/2020,51740,Portsmouth,Portsmouth,228,39,10
05/18/2020,51750,Radford,"New River",3,0,0
05/18/2020,51760,"Richmond City",Richmond,779,115,18
05/18/2020,51770,"Roanoke City",Roanoke,128,7,8
05/18/2020,51775,Salem,Alleghany,32,4,0
05/18/2020,51790,Staunton,"Central Shenandoah",33,3,0
05/18/2020,51800,Suffolk,"Western Tidewater",269,41,22
05/18/2020,51810,"Virginia Beach","Virginia Beach",557,86,19
05/18/2020,51820,Waynesboro,"Central Shenandoah",24,1,0
05/18/2020,51830,Williamsburg,Peninsula,43,9,3
05/18/2020,51840,Winchester,"Lord Fairfax",84,4,1
05/19/2020,51001,Accomack,"Eastern Shore",701,34,9
05/19/2020,51003,Albemarle,"Thomas Jefferson",141,18,4
05/19/2020,51005,Alleghany,Alleghany,9,4,0
05/19/2020,51007,Amelia,Piedmont,20,7,1
05/19/2020,51009,Amherst,"Central Virginia",25,3,0
05/19/2020,51011,Appomattox,"Central Virginia",24,1,0
05/19/2020,51013,Arlington,Arlington,1688,331,79
05/19/2020,51015,Augusta,"Central Shenandoah",87,4,1
05/19/2020,51017,Bath,"Central Shenandoah",0,0,0
05/19/2020,51019,Bedford,"Central Virginia",41,2,1
05/19/2020,51021,Bland,"Mount Rogers",0,0,0
05/19/2020,51023,Botetourt,Alleghany,31,9,3
05/19/2020,51025,Brunswick,Southside,21,5,1
05/19/2020,51027,Buchanan,"Cumberland Plateau",18,0,0
05/19/2020,51029,Buckingham,Piedmont,419,15,2
05/19/2020,51031,Campbell,"Central Virginia",13,3,1
05/19/2020,51033,Caroline,Rappahannock,44,5,2
05/19/2020,51035,Carroll,"Mount Rogers",50,3,0
05/19/2020,51036,"Charles City",Chickahominy,24,8,1
05/19/2020,51037,Charlotte,Piedmont,14,2,0
05/19/2020,51041,Chesterfield,Chesterfield,1043,70,29
05/19/2020,51043,Clarke,"Lord Fairfax",19,2,0
05/19/2020,51045,Craig,Alleghany,4,0,0
05/19/2020,51047,Culpeper,"Rappahannock Rapidan",452,33,5
05/19/2020,51049,Cumberland,Piedmont,25,3,0
05/19/2020,51051,Dickenson,"Cumberland Plateau",0,0,0
05/19/2020,51053,Dinwiddie,Crater,45,10,0
05/19/2020,51057,Essex,"Three Rivers",35,3,0
05/19/2020,51059,Fairfax,Fairfax,8020,1113,292
05/19/2020,51061,Fauquier,"Rappahannock Rapidan",243,20,5
05/19/2020,51063,Floyd,"New River",4,1,0
05/19/2020,51065,Fluvanna,"Thomas Jefferson",82,22,6
05/19/2020,51067,"Franklin County","West Piedmont",30,3,1
05/19/2020,51069,Frederick,"Lord Fairfax",223,19,3
05/19/2020,51071,Giles,"New River",5,0,0
05/19/2020,51073,Gloucester,"Three Rivers",28,7,1
05/19/2020,51075,Goochland,Chickahominy,88,15,5
05/19/2020,51077,Grayson,"Mount Rogers",21,1,0
05/19/2020,51079,Greene,"Thomas Jefferson",19,2,1
05/19/2020,51081,Greensville,Crater,54,14,7
05/19/2020,51083,Halifax,Southside,29,3,0
05/19/2020,51085,Hanover,Chickahominy,232,45,19
05/19/2020,51087,Henrico,Henrico,1299,171,114
05/19/2020,51089,Henry,"West Piedmont",46,6,2
05/19/2020,51091,Highland,"Central Shenandoah",2,0,0
05/19/2020,51093,"Isle of Wight","Western Tidewater",119,10,3
05/19/2020,51095,"James City",Peninsula,189,54,15
05/19/2020,51097,"King and Queen","Three Rivers",7,1,0
05/19/2020,51099,"King George",Rappahannock,48,14,4
05/19/2020,51101,"King William","Three Rivers",15,1,0
05/19/2020,51103,Lancaster,"Three Rivers",7,1,0
05/19/2020,51105,Lee,Lenowisco,10,1,0
05/19/2020,51107,Loudoun,Loudoun,1527,140,48
05/19/2020,51109,Louisa,"Thomas Jefferson",60,9,0
05/19/2020,51111,Lunenburg,Piedmont,7,0,0
05/19/2020,51113,Madison,"Rappahannock Rapidan",27,3,1
05/19/2020,51115,Mathews,"Three Rivers",5,1,0
05/19/2020,51117,Mecklenburg,Southside,178,26,17
05/19/2020,51119,Middlesex,"Three Rivers",12,1,0
05/19/2020,51121,Montgomery,"New River",66,9,1
05/19/2020,51125,Nelson,"Thomas Jefferson",13,0,0
05/19/2020,51127,"New Kent",Chickahominy,27,6,1
05/19/2020,51131,Northampton,"Eastern Shore",204,17,11
05/19/2020,51133,Northumberland,"Three Rivers",20,0,1
05/19/2020,51135,Nottoway,Piedmont,18,2,0
05/19/2020,51137,Orange,"Rappahannock Rapidan",67,3,0
05/19/2020,51139,Page,"Lord Fairfax",165,19,17
05/19/2020,51141,Patrick,"West Piedmont",9,0,0
05/19/2020,51143,Pittsylvania,Pittsylvania-Danville,26,10,1
05/19/2020,51145,Powhatan,Chesterfield,25,0,0
05/19/2020,51147,"Prince Edward",Piedmont,83,10,2
05/19/2020,51149,"Prince George",Crater,56,5,0
05/19/2020,51153,"Prince William","Prince William",3934,374,73
05/19/2020,51155,Pulaski,"New River",10,2,0
05/19/2020,51157,Rappahannock,"Rappahannock Rapidan",12,0,0
05/19/2020,51159,"Richmond County","Three Rivers",265,8,4
05/19/2020,51161,"Roanoke County",Alleghany,88,6,3
05/19/2020,51163,Rockbridge,"Central Shenandoah",13,0,0
05/19/2020,51165,Rockingham,"Central Shenandoah",401,39,5
05/19/2020,51167,Russell,"Cumberland Plateau",8,2,0
05/19/2020,51169,Scott,Lenowisco,7,2,2
05/19/2020,51171,Shenandoah,"Lord Fairfax",329,30,12
05/19/2020,51173,Smyth,"Mount Rogers",15,4,0
05/19/2020,51175,Southampton,"Western Tidewater",137,4,2
05/19/2020,51177,Spotsylvania,Rappahannock,339,30,4
05/19/2020,51179,Stafford,Rappahannock,501,61,4
05/19/2020,51181,Surry,Crater,6,2,1
05/19/2020,51183,Sussex,Crater,98,5,1
05/19/2020,51185,Tazewell,"Cumberland Plateau",6,0,0
05/19/2020,51187,Warren,"Lord Fairfax",103,11,2
05/19/2020,51191,Washington,"Mount Rogers",50,8,4
05/19/2020,51193,Westmoreland,"Three Rivers",43,7,0
05/19/2020,51195,Wise,Lenowisco,23,10,2
05/19/2020,51197,Wythe,"Mount Rogers",16,1,1
05/19/2020,51199,York,Peninsula,63,9,3
05/19/2020,51510,Alexandria,Alexandria,1544,168,34
05/19/2020,51520,Bristol,"Mount Rogers",3,0,0
05/19/2020,51530,"Buena Vista City","Central Shenandoah",11,1,0
05/19/2020,51540,Charlottesville,"Thomas Jefferson",72,15,2
05/19/2020,51550,Chesapeake,Chesapeake,396,78,10
05/19/2020,51570,"Colonial Heights",Chesterfield,77,2,7
05/19/2020,51580,Covington,Alleghany,2,0,0
05/19/2020,51590,Danville,Pittsylvania-Danville,44,13,1
05/19/2020,51595,Emporia,Crater,58,11,3
05/19/2020,51600,"Fairfax City",Fairfax,47,6,3
05/19/2020,51610,"Falls Church",Fairfax,44,9,4
05/19/2020,51620,"Franklin City","Western Tidewater",32,2,1
05/19/2020,51630,Fredericksburg,Rappahannock,101,14,0
05/19/2020,51640,Galax,"Mount Rogers",82,1,0
05/19/2020,51650,Hampton,Hampton,164,30,3
05/19/2020,51660,Harrisonburg,"Central Shenandoah",647,46,21
05/19/2020,51670,Hopewell,Crater,58,11,0
05/19/2020,51678,Lexington,"Central Shenandoah",6,0,0
05/19/2020,51680,Lynchburg,"Central Virginia",75,7,1
05/19/2020,51683,"Manassas City","Prince William",680,48,5
05/19/2020,51685,"Manassas Park","Prince William",202,26,3
05/19/2020,51690,Martinsville,"West Piedmont",16,4,0
05/19/2020,51700,"Newport News",Peninsula,209,38,10
05/19/2020,51710,Norfolk,Norfolk,370,57,6
05/19/2020,51720,Norton,Lenowisco,2,2,0
05/19/2020,51730,Petersburg,Crater,75,22,2
05/19/2020,51735,Poquoson,Peninsula,7,2,0
05/19/2020,51740,Portsmouth,Portsmouth,237,39,10
05/19/2020,51750,Radford,"New River",3,0,0
05/19/2020,51760,"Richmond City",Richmond,811,118,19
05/19/2020,51770,"Roanoke City",Roanoke,135,7,8
05/19/2020,51775,Salem,Alleghany,33,4,0
05/19/2020,51790,Staunton,"Central Shenandoah",32,3,0
05/19/2020,51800,Suffolk,"Western Tidewater",269,41,25
05/19/2020,51810,"Virginia Beach","Virginia Beach",559,87,19
05/19/2020,51820,Waynesboro,"Central Shenandoah",28,1,0
05/19/2020,51830,Williamsburg,Peninsula,43,9,3
05/19/2020,51840,Winchester,"Lord Fairfax",96,7,1
05/20/2020,51001,Accomack,"Eastern Shore",709,39,11
05/20/2020,51003,Albemarle,"Thomas Jefferson",142,18,4
05/20/2020,51005,Alleghany,Alleghany,10,4,0
05/20/2020,51007,Amelia,Piedmont,21,7,1
05/20/2020,51009,Amherst,"Central Virginia",25,3,0
05/20/2020,51011,Appomattox,"Central Virginia",24,1,0
05/20/2020,51013,Arlington,Arlington,1728,334,81
05/20/2020,51015,Augusta,"Central Shenandoah",88,4,1
05/20/2020,51017,Bath,"Central Shenandoah",0,0,0
05/20/2020,51019,Bedford,"Central Virginia",41,2,1
05/20/2020,51021,Bland,"Mount Rogers",0,0,0
05/20/2020,51023,Botetourt,Alleghany,31,9,3
05/20/2020,51025,Brunswick,Southside,21,5,1
05/20/2020,51027,Buchanan,"Cumberland Plateau",18,0,0
05/20/2020,51029,Buckingham,Piedmont,419,15,2
05/20/2020,51031,Campbell,"Central Virginia",13,3,1
05/20/2020,51033,Caroline,Rappahannock,45,5,2
05/20/2020,51035,Carroll,"Mount Rogers",64,3,1
05/20/2020,51036,"Charles City",Chickahominy,24,9,1
05/20/2020,51037,Charlotte,Piedmont,15,2,0
05/20/2020,51041,Chesterfield,Chesterfield,1100,70,29
05/20/2020,51043,Clarke,"Lord Fairfax",19,2,0
05/20/2020,51045,Craig,Alleghany,4,0,0
05/20/2020,51047,Culpeper,"Rappahannock Rapidan",494,37,5
05/20/2020,51049,Cumberland,Piedmont,25,3,0
05/20/2020,51051,Dickenson,"Cumberland Plateau",0,0,0
05/20/2020,51053,Dinwiddie,Crater,47,11,0
05/20/2020,51057,Essex,"Three Rivers",35,3,0
05/20/2020,51059,Fairfax,Fairfax,8163,1133,302
05/20/2020,51061,Fauquier,"Rappahannock Rapidan",251,20,5
05/20/2020,51063,Floyd,"New River",4,1,0
05/20/2020,51065,Fluvanna,"Thomas Jefferson",82,22,6
05/20/2020,51067,"Franklin County","West Piedmont",30,3,1
05/20/2020,51069,Frederick,"Lord Fairfax",234,19,3
05/20/2020,51071,Giles,"New River",5,0,0
05/20/2020,51073,Gloucester,"Three Rivers",29,7,1
05/20/2020,51075,Goochland,Chickahominy,88,15,5
05/20/2020,51077,Grayson,"Mount Rogers",22,1,0
05/20/2020,51079,Greene,"Thomas Jefferson",20,3,1
05/20/2020,51081,Greensville,Crater,55,14,7
05/20/2020,51083,Halifax,Southside,29,3,0
05/20/2020,51085,Hanover,Chickahominy,238,46,19
05/20/2020,51087,Henrico,Henrico,1321,173,114
05/20/2020,51089,Henry,"West Piedmont",50,6,2
05/20/2020,51091,Highland,"Central Shenandoah",2,0,0
05/20/2020,51093,"Isle of Wight","Western Tidewater",120,10,3
05/20/2020,51095,"James City",Peninsula,189,54,15
05/20/2020,51097,"King and Queen","Three Rivers",7,1,0
05/20/2020,51099,"King George",Rappahannock,48,14,4
05/20/2020,51101,"King William","Three Rivers",15,1,0
05/20/2020,51103,Lancaster,"Three Rivers",7,1,0
05/20/2020,51105,Lee,Lenowisco,10,1,0
05/20/2020,51107,Loudoun,Loudoun,1579,146,49
05/20/2020,51109,Louisa,"Thomas Jefferson",61,9,0
05/20/2020,51111,Lunenburg,Piedmont,7,0,0
05/20/2020,51113,Madison,"Rappahannock Rapidan",27,3,1
05/20/2020,51115,Mathews,"Three Rivers",5,2,0
05/20/2020,51117,Mecklenburg,Southside,178,26,19
05/20/2020,51119,Middlesex,"Three Rivers",12,1,0
05/20/2020,51121,Montgomery,"New River",66,9,1
05/20/2020,51125,Nelson,"Thomas Jefferson",13,0,0
05/20/2020,51127,"New Kent",Chickahominy,27,6,1
05/20/2020,51131,Northampton,"Eastern Shore",205,17,15
05/20/2020,51133,Northumberland,"Three Rivers",21,0,1
05/20/2020,51135,Nottoway,Piedmont,18,3,0
05/20/2020,51137,Orange,"Rappahannock Rapidan",69,3,0
05/20/2020,51139,Page,"Lord Fairfax",166,19,17
05/20/2020,51141,Patrick,"West Piedmont",10,0,0
05/20/2020,51143,Pittsylvania,Pittsylvania-Danville,26,10,1
05/20/2020,51145,Powhatan,Chesterfield,25,0,0
05/20/2020,51147,"Prince Edward",Piedmont,86,10,2
05/20/2020,51149,"Prince George",Crater,56,5,0
05/20/2020,51153,"Prince William","Prince William",4054,384,79
05/20/2020,51155,Pulaski,"New River",10,2,0
05/20/2020,51157,Rappahannock,"Rappahannock Rapidan",12,0,0
05/20/2020,51159,"Richmond County","Three Rivers",263,8,4
05/20/2020,51161,"Roanoke County",Alleghany,88,6,3
05/20/2020,51163,Rockbridge,"Central Shenandoah",13,0,0
05/20/2020,51165,Rockingham,"Central Shenandoah",414,40,5
05/20/2020,51167,Russell,"Cumberland Plateau",8,2,0
05/20/2020,51169,Scott,Lenowisco,7,2,2
05/20/2020,51171,Shenandoah,"Lord Fairfax",345,33,12
05/20/2020,51173,Smyth,"Mount Rogers",15,4,0
05/20/2020,51175,Southampton,"Western Tidewater",137,4,2
05/20/2020,51177,Spotsylvania,Rappahannock,351,30,4
05/20/2020,51179,Stafford,Rappahannock,514,63,4
05/20/2020,51181,Surry,Crater,6,2,1
05/20/2020,51183,Sussex,Crater,99,5,1
05/20/2020,51185,Tazewell,"Cumberland Plateau",6,0,0
05/20/2020,51187,Warren,"Lord Fairfax",105,11,2
05/20/2020,51191,Washington,"Mount Rogers",50,8,4
05/20/2020,51193,Westmoreland,"Three Rivers",42,7,0
05/20/2020,51195,Wise,Lenowisco,23,10,2
05/20/2020,51197,Wythe,"Mount Rogers",16,1,1
05/20/2020,51199,York,Peninsula,63,9,3
05/20/2020,51510,Alexandria,Alexandria,1577,169,34
05/20/2020,51520,Bristol,"Mount Rogers",3,0,0
05/20/2020,51530,"Buena Vista City","Central Shenandoah",11,1,0
05/20/2020,51540,Charlottesville,"Thomas Jefferson",72,15,2
05/20/2020,51550,Chesapeake,Chesapeake,401,79,12
05/20/2020,51570,"Colonial Heights",Chesterfield,80,2,7
05/20/2020,51580,Covington,Alleghany,3,0,0
05/20/2020,51590,Danville,Pittsylvania-Danville,45,13,1
05/20/2020,51595,Emporia,Crater,58,11,3
05/20/2020,51600,"Fairfax City",Fairfax,47,6,3
05/20/2020,51610,"Falls Church",Fairfax,44,9,5
05/20/2020,51620,"Franklin City","Western Tidewater",32,2,1
05/20/2020,51630,Fredericksburg,Rappahannock,101,14,0
05/20/2020,51640,Galax,"Mount Rogers",82,1,0
05/20/2020,51650,Hampton,Hampton,165,30,3
05/20/2020,51660,Harrisonburg,"Central Shenandoah",675,47,21
05/20/2020,51670,Hopewell,Crater,61,11,0
05/20/2020,51678,Lexington,"Central Shenandoah",6,0,0
05/20/2020,51680,Lynchburg,"Central Virginia",75,7,1
05/20/2020,51683,"Manassas City","Prince William",699,51,6
05/20/2020,51685,"Manassas Park","Prince William",207,27,3
05/20/2020,51690,Martinsville,"West Piedmont",20,4,0
05/20/2020,51700,"Newport News",Peninsula,211,38,10
05/20/2020,51710,Norfolk,Norfolk,370,58,6
05/20/2020,51720,Norton,Lenowisco,2,2,0
05/20/2020,51730,Petersburg,Crater,80,22,2
05/20/2020,51735,Poquoson,Peninsula,7,2,0
05/20/2020,51740,Portsmouth,Portsmouth,241,39,11
05/20/2020,51750,Radford,"New River",4,0,0
05/20/2020,51760,"Richmond City",Richmond,835,123,19
05/20/2020,51770,"Roanoke City",Roanoke,135,7,8
05/20/2020,51775,Salem,Alleghany,33,4,0
05/20/2020,51790,Staunton,"Central Shenandoah",33,3,0
05/20/2020,51800,Suffolk,"Western Tidewater",274,41,25
05/20/2020,51810,"Virginia Beach","Virginia Beach",564,87,19
05/20/2020,51820,Waynesboro,"Central Shenandoah",29,1,0
05/20/2020,51830,Williamsburg,Peninsula,43,9,3
05/20/2020,51840,Winchester,"Lord Fairfax",104,7,1
05/21/2020,51001,Accomack,"Eastern Shore",709,40,11
05/21/2020,51003,Albemarle,"Thomas Jefferson",142,19,4
05/21/2020,51005,Alleghany,Alleghany,9,4,0
05/21/2020,51007,Amelia,Piedmont,22,7,1
05/21/2020,51009,Amherst,"Central Virginia",25,3,0
05/21/2020,51011,Appomattox,"Central Virginia",25,1,0
05/21/2020,51013,Arlington,Arlington,1763,346,89
05/21/2020,51015,Augusta,"Central Shenandoah",85,2,1
05/21/2020,51017,Bath,"Central Shenandoah",0,0,0
05/21/2020,51019,Bedford,"Central Virginia",41,2,1
05/21/2020,51021,Bland,"Mount Rogers",0,0,0
05/21/2020,51023,Botetourt,Alleghany,31,9,3
05/21/2020,51025,Brunswick,Southside,21,5,1
05/21/2020,51027,Buchanan,"Cumberland Plateau",18,0,0
05/21/2020,51029,Buckingham,Piedmont,438,16,2
05/21/2020,51031,Campbell,"Central Virginia",13,3,1
05/21/2020,51033,Caroline,Rappahannock,45,5,2
05/21/2020,51035,Carroll,"Mount Rogers",64,3,1
05/21/2020,51036,"Charles City",Chickahominy,25,9,1
05/21/2020,51037,Charlotte,Piedmont,16,2,0
05/21/2020,51041,Chesterfield,Chesterfield,1132,71,29
05/21/2020,51043,Clarke,"Lord Fairfax",19,2,0
05/21/2020,51045,Craig,Alleghany,5,0,0
05/21/2020,51047,Culpeper,"Rappahannock Rapidan",526,43,5
05/21/2020,51049,Cumberland,Piedmont,25,3,0
05/21/2020,51051,Dickenson,"Cumberland Plateau",0,0,0
05/21/2020,51053,Dinwiddie,Crater,47,11,0
05/21/2020,51057,Essex,"Three Rivers",36,3,0
05/21/2020,51059,Fairfax,Fairfax,8580,1165,309
05/21/2020,51061,Fauquier,"Rappahannock Rapidan",261,20,5
05/21/2020,51063,Floyd,"New River",4,1,0
05/21/2020,51065,Fluvanna,"Thomas Jefferson",83,22,6
05/21/2020,51067,"Franklin County","West Piedmont",30,3,1
05/21/2020,51069,Frederick,"Lord Fairfax",245,20,3
05/21/2020,51071,Giles,"New River",5,0,0
05/21/2020,51073,Gloucester,"Three Rivers",30,7,1
05/21/2020,51075,Goochland,Chickahominy,89,16,5
05/21/2020,51077,Grayson,"Mount Rogers",22,1,0
05/21/2020,51079,Greene,"Thomas Jefferson",20,3,1
05/21/2020,51081,Greensville,Crater,55,14,7
05/21/2020,51083,Halifax,Southside,29,3,0
05/21/2020,51085,Hanover,Chickahominy,244,46,19
05/21/2020,51087,Henrico,Henrico,1339,174,114
05/21/2020,51089,Henry,"West Piedmont",53,6,2
05/21/2020,51091,Highland,"Central Shenandoah",3,0,0
05/21/2020,51093,"Isle of Wight","Western Tidewater",121,10,3
05/21/2020,51095,"James City",Peninsula,189,55,15
05/21/2020,51097,"King and Queen","Three Rivers",7,1,0
05/21/2020,51099,"King George",Rappahannock,49,14,4
05/21/2020,51101,"King William","Three Rivers",16,2,0
05/21/2020,51103,Lancaster,"Three Rivers",8,1,0
05/21/2020,51105,Lee,Lenowisco,10,1,0
05/21/2020,51107,Loudoun,Loudoun,1700,147,49
05/21/2020,51109,Louisa,"Thomas Jefferson",64,9,0
05/21/2020,51111,Lunenburg,Piedmont,7,0,0
05/21/2020,51113,Madison,"Rappahannock Rapidan",27,3,1
05/21/2020,51115,Mathews,"Three Rivers",5,2,0
05/21/2020,51117,Mecklenburg,Southside,185,26,20
05/21/2020,51119,Middlesex,"Three Rivers",12,1,0
05/21/2020,51121,Montgomery,"New River",67,9,1
05/21/2020,51125,Nelson,"Thomas Jefferson",13,0,0
05/21/2020,51127,"New Kent",Chickahominy,26,6,1
05/21/2020,51131,Northampton,"Eastern Shore",206,18,16
05/21/2020,51133,Northumberland,"Three Rivers",21,0,1
05/21/2020,51135,Nottoway,Piedmont,19,3,0
05/21/2020,51137,Orange,"Rappahannock Rapidan",73,4,0
05/21/2020,51139,Page,"Lord Fairfax",166,19,19
05/21/2020,51141,Patrick,"West Piedmont",12,0,0
05/21/2020,51143,Pittsylvania,Pittsylvania-Danville,26,10,1
05/21/2020,51145,Powhatan,Chesterfield,26,0,0
05/21/2020,51147,"Prince Edward",Piedmont,99,10,2
05/21/2020,51149,"Prince George",Crater,56,5,0
05/21/2020,51153,"Prince William","Prince William",4183,408,79
05/21/2020,51155,Pulaski,"New River",10,2,0
05/21/2020,51157,Rappahannock,"Rappahannock Rapidan",12,0,0
05/21/2020,51159,"Richmond County","Three Rivers",263,9,4
05/21/2020,51161,"Roanoke County",Alleghany,89,7,3
05/21/2020,51163,Rockbridge,"Central Shenandoah",12,0,0
05/21/2020,51165,Rockingham,"Central Shenandoah",434,46,6
05/21/2020,51167,Russell,"Cumberland Plateau",8,2,0
05/21/2020,51169,Scott,Lenowisco,8,2,2
05/21/2020,51171,Shenandoah,"Lord Fairfax",355,34,12
05/21/2020,51173,Smyth,"Mount Rogers",15,4,0
05/21/2020,51175,Southampton,"Western Tidewater",138,4,2
05/21/2020,51177,Spotsylvania,Rappahannock,366,31,4
05/21/2020,51179,Stafford,Rappahannock,540,65,4
05/21/2020,51181,Surry,Crater,6,2,1
05/21/2020,51183,Sussex,Crater,100,5,1
05/21/2020,51185,Tazewell,"Cumberland Plateau",6,0,0
05/21/2020,51187,Warren,"Lord Fairfax",110,11,2
05/21/2020,51191,Washington,"Mount Rogers",51,8,4
05/21/2020,51193,Westmoreland,"Three Rivers",43,7,0
05/21/2020,51195,Wise,Lenowisco,24,10,2
05/21/2020,51197,Wythe,"Mount Rogers",16,1,1
05/21/2020,51199,York,Peninsula,65,9,3
05/21/2020,51510,Alexandria,Alexandria,1627,171,37
05/21/2020,51520,Bristol,"Mount Rogers",4,1,0
05/21/2020,51530,"Buena Vista City","Central Shenandoah",12,1,0
05/21/2020,51540,Charlottesville,"Thomas Jefferson",72,15,2
05/21/2020,51550,Chesapeake,Chesapeake,412,81,13
05/21/2020,51570,"Colonial Heights",Chesterfield,82,2,7
05/21/2020,51580,Covington,Alleghany,3,0,0
05/21/2020,51590,Danville,Pittsylvania-Danville,45,13,1
05/21/2020,51595,Emporia,Crater,58,11,3
05/21/2020,51600,"Fairfax City",Fairfax,51,6,3
05/21/2020,51610,"Falls Church",Fairfax,46,10,5
05/21/2020,51620,"Franklin City","Western Tidewater",34,2,1
05/21/2020,51630,Fredericksburg,Rappahannock,107,15,0
05/21/2020,51640,Galax,"Mount Rogers",82,1,0
05/21/2020,51650,Hampton,Hampton,167,30,3
05/21/2020,51660,Harrisonburg,"Central Shenandoah",695,51,21
05/21/2020,51670,Hopewell,Crater,62,11,0
05/21/2020,51678,Lexington,"Central Shenandoah",6,0,0
05/21/2020,51680,Lynchburg,"Central Virginia",75,6,1
05/21/2020,51683,"Manassas City","Prince William",743,56,6
05/21/2020,51685,"Manassas Park","Prince William",223,27,3
05/21/2020,51690,Martinsville,"West Piedmont",21,4,0
05/21/2020,51700,"Newport News",Peninsula,215,38,10
05/21/2020,51710,Norfolk,Norfolk,377,59,6
05/21/2020,51720,Norton,Lenowisco,2,2,0
05/21/2020,51730,Petersburg,Crater,84,22,2
05/21/2020,51735,Poquoson,Peninsula,7,2,0
05/21/2020,51740,Portsmouth,Portsmouth,245,40,11
05/21/2020,51750,Radford,"New River",4,0,0
05/21/2020,51760,"Richmond City",Richmond,888,123,20
05/21/2020,51770,"Roanoke City",Roanoke,135,7,8
05/21/2020,51775,Salem,Alleghany,33,4,0
05/21/2020,51790,Staunton,"Central Shenandoah",34,3,0
05/21/2020,51800,Suffolk,"Western Tidewater",278,42,25
05/21/2020,51810,"Virginia Beach","Virginia Beach",584,87,19
05/21/2020,51820,Waynesboro,"Central Shenandoah",33,1,0
05/21/2020,51830,Williamsburg,Peninsula,43,9,3
05/21/2020,51840,Winchester,"Lord Fairfax",110,7,1
05/22/2020,51001,Accomack,"Eastern Shore",711,40,11
05/22/2020,51003,Albemarle,"Thomas Jefferson",142,19,4
05/22/2020,51005,Alleghany,Alleghany,10,4,2
05/22/2020,51007,Amelia,Piedmont,22,7,1
05/22/2020,51009,Amherst,"Central Virginia",25,3,0
05/22/2020,51011,Appomattox,"Central Virginia",26,1,0
05/22/2020,51013,Arlington,Arlington,1795,346,91
05/22/2020,51015,Augusta,"Central Shenandoah",86,2,1
05/22/2020,51017,Bath,"Central Shenandoah",0,0,0
05/22/2020,51019,Bedford,"Central Virginia",41,2,2
05/22/2020,51021,Bland,"Mount Rogers",0,0,0
05/22/2020,51023,Botetourt,Alleghany,31,9,4
05/22/2020,51025,Brunswick,Southside,21,5,1
05/22/2020,51027,Buchanan,"Cumberland Plateau",18,0,0
05/22/2020,51029,Buckingham,Piedmont,439,16,2
05/22/2020,51031,Campbell,"Central Virginia",13,3,1
05/22/2020,51033,Caroline,Rappahannock,45,5,2
05/22/2020,51035,Carroll,"Mount Rogers",66,3,1
05/22/2020,51036,"Charles City",Chickahominy,25,9,1
05/22/2020,51037,Charlotte,Piedmont,19,4,0
05/22/2020,51041,Chesterfield,Chesterfield,1152,73,29
05/22/2020,51043,Clarke,"Lord Fairfax",21,3,0
05/22/2020,51045,Craig,Alleghany,5,0,0
05/22/2020,51047,Culpeper,"Rappahannock Rapidan",555,44,5
05/22/2020,51049,Cumberland,Piedmont,25,3,0
05/22/2020,51051,Dickenson,"Cumberland Plateau",0,0,0
05/22/2020,51053,Dinwiddie,Crater,47,11,0
05/22/2020,51057,Essex,"Three Rivers",36,3,0
05/22/2020,51059,Fairfax,Fairfax,8734,1181,321
05/22/2020,51061,Fauquier,"Rappahannock Rapidan",267,20,5
05/22/2020,51063,Floyd,"New River",4,1,0
05/22/2020,51065,Fluvanna,"Thomas Jefferson",84,22,6
05/22/2020,51067,"Franklin County","West Piedmont",31,3,1
05/22/2020,51069,Frederick,"Lord Fairfax",249,20,3
05/22/2020,51071,Giles,"New River",5,0,0
05/22/2020,51073,Gloucester,"Three Rivers",30,7,1
05/22/2020,51075,Goochland,Chickahominy,89,16,5
05/22/2020,51077,Grayson,"Mount Rogers",24,2,0
05/22/2020,51079,Greene,"Thomas Jefferson",21,3,1
05/22/2020,51081,Greensville,Crater,55,14,7
05/22/2020,51083,Halifax,Southside,29,3,0
05/22/2020,51085,Hanover,Chickahominy,246,46,19
05/22/2020,51087,Henrico,Henrico,1375,174,117
05/22/2020,51089,Henry,"West Piedmont",59,6,2
05/22/2020,51091,Highland,"Central Shenandoah",3,0,0
05/22/2020,51093,"Isle of Wight","Western Tidewater",122,11,3
05/22/2020,51095,"James City",Peninsula,191,55,16
05/22/2020,51097,"King and Queen","Three Rivers",7,1,0
05/22/2020,51099,"King George",Rappahannock,50,14,4
05/22/2020,51101,"King William","Three Rivers",19,2,0
05/22/2020,51103,Lancaster,"Three Rivers",10,1,0
05/22/2020,51105,Lee,Lenowisco,9,1,0
05/22/2020,51107,Loudoun,Loudoun,1807,149,51
05/22/2020,51109,Louisa,"Thomas Jefferson",67,9,1
05/22/2020,51111,Lunenburg,Piedmont,7,0,0
05/22/2020,51113,Madison,"Rappahannock Rapidan",27,3,1
05/22/2020,51115,Mathews,"Three Rivers",5,2,0
05/22/2020,51117,Mecklenburg,Southside,192,26,20
05/22/2020,51119,Middlesex,"Three Rivers",12,1,0
05/22/2020,51121,Montgomery,"New River",67,9,1
05/22/2020,51125,Nelson,"Thomas Jefferson",13,0,0
05/22/2020,51127,"New Kent",Chickahominy,26,6,1
05/22/2020,51131,Northampton,"Eastern Shore",206,19,16
05/22/2020,51133,Northumberland,"Three Rivers",22,0,1
05/22/2020,51135,Nottoway,Piedmont,19,3,0
05/22/2020,51137,Orange,"Rappahannock Rapidan",73,4,0
05/22/2020,51139,Page,"Lord Fairfax",172,20,19
05/22/2020,51141,Patrick,"West Piedmont",12,0,0
05/22/2020,51143,Pittsylvania,Pittsylvania-Danville,27,10,1
05/22/2020,51145,Powhatan,Chesterfield,26,0,0
05/22/2020,51147,"Prince Edward",Piedmont,104,10,2
05/22/2020,51149,"Prince George",Crater,56,5,0
05/22/2020,51153,"Prince William","Prince William",4315,411,80
05/22/2020,51155,Pulaski,"New River",10,2,0
05/22/2020,51157,Rappahannock,"Rappahannock Rapidan",12,0,0
05/22/2020,51159,"Richmond County","Three Rivers",267,9,4
05/22/2020,51161,"Roanoke County",Alleghany,90,8,5
05/22/2020,51163,Rockbridge,"Central Shenandoah",13,0,0
05/22/2020,51165,Rockingham,"Central Shenandoah",444,47,6
05/22/2020,51167,Russell,"Cumberland Plateau",8,2,0
05/22/2020,51169,Scott,Lenowisco,7,2,2
05/22/2020,51171,Shenandoah,"Lord Fairfax",358,34,12
05/22/2020,51173,Smyth,"Mount Rogers",15,4,0
05/22/2020,51175,Southampton,"Western Tidewater",137,4,2
05/22/2020,51177,Spotsylvania,Rappahannock,373,31,4
05/22/2020,51179,Stafford,Rappahannock,552,66,4
05/22/2020,51181,Surry,Crater,6,2,1
05/22/2020,51183,Sussex,Crater,100,5,1
05/22/2020,51185,Tazewell,"Cumberland Plateau",6,0,0
05/22/2020,51187,Warren,"Lord Fairfax",110,12,2
05/22/2020,51191,Washington,"Mount Rogers",51,8,4
05/22/2020,51193,Westmoreland,"Three Rivers",43,7,0
05/22/2020,51195,Wise,Lenowisco,24,10,2
05/22/2020,51197,Wythe,"Mount Rogers",17,1,1
05/22/2020,51199,York,Peninsula,67,9,3
05/22/2020,51510,Alexandria,Alexandria,1657,175,37
05/22/2020,51520,Bristol,"Mount Rogers",4,1,0
05/22/2020,51530,"Buena Vista City","Central Shenandoah",12,1,0
05/22/2020,51540,Charlottesville,"Thomas Jefferson",74,15,2
05/22/2020,51550,Chesapeake,Chesapeake,419,82,13
05/22/2020,51570,"Colonial Heights",Chesterfield,83,2,8
05/22/2020,51580,Covington,Alleghany,3,0,0
05/22/2020,51590,Danville,Pittsylvania-Danville,46,14,2
05/22/2020,51595,Emporia,Crater,60,11,3
05/22/2020,51600,"Fairfax City",Fairfax,51,7,4
05/22/2020,51610,"Falls Church",Fairfax,46,10,5
05/22/2020,51620,"Franklin City","Western Tidewater",34,2,1
05/22/2020,51630,Fredericksburg,Rappahannock,109,15,0
05/22/2020,51640,Galax,"Mount Rogers",85,1,0
05/22/2020,51650,Hampton,Hampton,169,30,3
05/22/2020,51660,Harrisonburg,"Central Shenandoah",704,51,21
05/22/2020,51670,Hopewell,Crater,66,11,0
05/22/2020,51678,Lexington,"Central Shenandoah",6,0,0
05/22/2020,51680,Lynchburg,"Central Virginia",77,6,1
05/22/2020,51683,"Manassas City","Prince William",764,58,7
05/22/2020,51685,"Manassas Park","Prince William",228,27,4
05/22/2020,51690,Martinsville,"West Piedmont",25,4,0
05/22/2020,51700,"Newport News",Peninsula,224,38,10
05/22/2020,51710,Norfolk,Norfolk,388,59,6
05/22/2020,51720,Norton,Lenowisco,2,2,0
05/22/2020,51730,Petersburg,Crater,84,22,2
05/22/2020,51735,Poquoson,Peninsula,7,2,0
05/22/2020,51740,Portsmouth,Portsmouth,251,40,11
05/22/2020,51750,Radford,"New River",4,0,0
05/22/2020,51760,"Richmond City",Richmond,934,127,20
05/22/2020,51770,"Roanoke City",Roanoke,140,7,9
05/22/2020,51775,Salem,Alleghany,32,3,3
05/22/2020,51790,Staunton,"Central Shenandoah",34,3,0
05/22/2020,51800,Suffolk,"Western Tidewater",283,43,25
05/22/2020,51810,"Virginia Beach","Virginia Beach",591,90,19
05/22/2020,51820,Waynesboro,"Central Shenandoah",36,2,0
05/22/2020,51830,Williamsburg,Peninsula,43,9,3
05/22/2020,51840,Winchester,"Lord Fairfax",121,7,1
05/23/2020,51001,Accomack,"Eastern Shore",722,41,11
05/23/2020,51003,Albemarle,"Thomas Jefferson",143,19,5
05/23/2020,51005,Alleghany,Alleghany,13,4,2
05/23/2020,51007,Amelia,Piedmont,22,7,1
05/23/2020,51009,Amherst,"Central Virginia",25,3,0
05/23/2020,51011,Appomattox,"Central Virginia",26,1,0
05/23/2020,51013,Arlington,Arlington,1804,346,95
05/23/2020,51015,Augusta,"Central Shenandoah",89,2,1
05/23/2020,51017,Bath,"Central Shenandoah",0,0,0
05/23/2020,51019,Bedford,"Central Virginia",41,2,2
05/23/2020,51021,Bland,"Mount Rogers",0,0,0
05/23/2020,51023,Botetourt,Alleghany,31,9,4
05/23/2020,51025,Brunswick,Southside,21,6,1
05/23/2020,51027,Buchanan,"Cumberland Plateau",18,0,0
05/23/2020,51029,Buckingham,Piedmont,443,16,2
05/23/2020,51031,Campbell,"Central Virginia",13,3,1
05/23/2020,51033,Caroline,Rappahannock,46,5,2
05/23/2020,51035,Carroll,"Mount Rogers",66,3,1
05/23/2020,51036,"Charles City",Chickahominy,27,9,1
05/23/2020,51037,Charlotte,Piedmont,19,4,0
05/23/2020,51041,Chesterfield,Chesterfield,1193,73,29
05/23/2020,51043,Clarke,"Lord Fairfax",21,3,0
05/23/2020,51045,Craig,Alleghany,5,0,0
05/23/2020,51047,Culpeper,"Rappahannock Rapidan",574,44,5
05/23/2020,51049,Cumberland,Piedmont,26,3,0
05/23/2020,51051,Dickenson,"Cumberland Plateau",0,0,0
05/23/2020,51053,Dinwiddie,Crater,48,11,0
05/23/2020,51057,Essex,"Three Rivers",41,3,0
05/23/2020,51059,Fairfax,Fairfax,8945,1192,326
05/23/2020,51061,Fauquier,"Rappahannock Rapidan",269,20,5
05/23/2020,51063,Floyd,"New River",4,1,0
05/23/2020,51065,Fluvanna,"Thomas Jefferson",84,22,6
05/23/2020,51067,"Franklin County","West Piedmont",32,3,1
05/23/2020,51069,Frederick,"Lord Fairfax",255,21,3
05/23/2020,51071,Giles,"New River",5,0,0
05/23/2020,51073,Gloucester,"Three Rivers",30,7,1
05/23/2020,51075,Goochland,Chickahominy,90,16,5
05/23/2020,51077,Grayson,"Mount Rogers",24,2,0
05/23/2020,51079,Greene,"Thomas Jefferson",21,3,1
05/23/2020,51081,Greensville,Crater,55,14,7
05/23/2020,51083,Halifax,Southside,29,3,0
05/23/2020,51085,Hanover,Chickahominy,252,46,19
05/23/2020,51087,Henrico,Henrico,1411,176,118
05/23/2020,51089,Henry,"West Piedmont",63,7,2
05/23/2020,51091,Highland,"Central Shenandoah",3,0,0
05/23/2020,51093,"Isle of Wight","Western Tidewater",124,11,3
05/23/2020,51095,"James City",Peninsula,192,55,16
05/23/2020,51097,"King and Queen","Three Rivers",7,1,0
05/23/2020,51099,"King George",Rappahannock,52,14,4
05/23/2020,51101,"King William","Three Rivers",20,2,0
05/23/2020,51103,Lancaster,"Three Rivers",10,1,0
05/23/2020,51105,Lee,Lenowisco,9,1,0
05/23/2020,51107,Loudoun,Loudoun,1831,149,52
05/23/2020,51109,Louisa,"Thomas Jefferson",67,9,1
05/23/2020,51111,Lunenburg,Piedmont,7,0,0
05/23/2020,51113,Madison,"Rappahannock Rapidan",27,3,1
05/23/2020,51115,Mathews,"Three Rivers",5,2,0
05/23/2020,51117,Mecklenburg,Southside,193,28,20
05/23/2020,51119,Middlesex,"Three Rivers",12,1,0
05/23/2020,51121,Montgomery,"New River",69,9,1
05/23/2020,51125,Nelson,"Thomas Jefferson",13,0,0
05/23/2020,51127,"New Kent",Chickahominy,27,6,1
05/23/2020,51131,Northampton,"Eastern Shore",210,19,16
05/23/2020,51133,Northumberland,"Three Rivers",22,0,1
05/23/2020,51135,Nottoway,Piedmont,19,3,0
05/23/2020,51137,Orange,"Rappahannock Rapidan",77,4,0
05/23/2020,51139,Page,"Lord Fairfax",186,21,21
05/23/2020,51141,Patrick,"West Piedmont",13,0,0
05/23/2020,51143,Pittsylvania,Pittsylvania-Danville,28,11,1
05/23/2020,51145,Powhatan,Chesterfield,29,0,0
05/23/2020,51147,"Prince Edward",Piedmont,108,10,2
05/23/2020,51149,"Prince George",Crater,60,5,0
05/23/2020,51153,"Prince William","Prince William",4408,414,84
05/23/2020,51155,Pulaski,"New River",10,2,0
05/23/2020,51157,Rappahannock,"Rappahannock Rapidan",12,0,0
05/23/2020,51159,"Richmond County","Three Rivers",276,9,4
05/23/2020,51161,"Roanoke County",Alleghany,90,8,5
05/23/2020,51163,Rockbridge,"Central Shenandoah",14,0,0
05/23/2020,51165,Rockingham,"Central Shenandoah",452,47,6
05/23/2020,51167,Russell,"Cumberland Plateau",8,2,0
05/23/2020,51169,Scott,Lenowisco,7,2,2
05/23/2020,51171,Shenandoah,"Lord Fairfax",365,34,16
05/23/2020,51173,Smyth,"Mount Rogers",15,4,0
05/23/2020,51175,Southampton,"Western Tidewater",141,4,2
05/23/2020,51177,Spotsylvania,Rappahannock,386,32,4
05/23/2020,51179,Stafford,Rappahannock,569,67,4
05/23/2020,51181,Surry,Crater,6,2,1
05/23/2020,51183,Sussex,Crater,114,6,1
05/23/2020,51185,Tazewell,"Cumberland Plateau",6,0,0
05/23/2020,51187,Warren,"Lord Fairfax",110,12,2
05/23/2020,51191,Washington,"Mount Rogers",51,8,4
05/23/2020,51193,Westmoreland,"Three Rivers",46,7,0
05/23/2020,51195,Wise,Lenowisco,24,10,2
05/23/2020,51197,Wythe,"Mount Rogers",17,1,1
05/23/2020,51199,York,Peninsula,67,9,3
05/23/2020,51510,Alexandria,Alexandria,1703,175,38
05/23/2020,51520,Bristol,"Mount Rogers",4,1,0
05/23/2020,51530,"Buena Vista City","Central Shenandoah",12,1,0
05/23/2020,51540,Charlottesville,"Thomas Jefferson",74,15,3
05/23/2020,51550,Chesapeake,Chesapeake,426,82,13
05/23/2020,51570,"Colonial Heights",Chesterfield,83,2,8
05/23/2020,51580,Covington,Alleghany,3,0,0
05/23/2020,51590,Danville,Pittsylvania-Danville,46,14,2
05/23/2020,51595,Emporia,Crater,60,11,3
05/23/2020,51600,"Fairfax City",Fairfax,52,6,3
05/23/2020,51610,"Falls Church",Fairfax,47,10,5
05/23/2020,51620,"Franklin City","Western Tidewater",38,2,1
05/23/2020,51630,Fredericksburg,Rappahannock,113,15,0
05/23/2020,51640,Galax,"Mount Rogers",87,1,0
05/23/2020,51650,Hampton,Hampton,172,30,3
05/23/2020,51660,Harrisonburg,"Central Shenandoah",709,51,21
05/23/2020,51670,Hopewell,Crater,67,11,0
05/23/2020,51678,Lexington,"Central Shenandoah",6,0,0
05/23/2020,51680,Lynchburg,"Central Virginia",77,6,1
05/23/2020,51683,"Manassas City","Prince William",792,59,7
05/23/2020,51685,"Manassas Park","Prince William",230,28,4
05/23/2020,51690,Martinsville,"West Piedmont",24,5,1
05/23/2020,51700,"Newport News",Peninsula,234,38,10
05/23/2020,51710,Norfolk,Norfolk,393,61,6
05/23/2020,51720,Norton,Lenowisco,2,2,0
05/23/2020,51730,Petersburg,Crater,87,22,2
05/23/2020,51735,Poquoson,Peninsula,7,2,0
05/23/2020,51740,Portsmouth,Portsmouth,253,40,11
05/23/2020,51750,Radford,"New River",4,0,0
05/23/2020,51760,"Richmond City",Richmond,979,130,19
05/23/2020,51770,"Roanoke City",Roanoke,141,7,9
05/23/2020,51775,Salem,Alleghany,32,3,3
05/23/2020,51790,Staunton,"Central Shenandoah",35,3,0
05/23/2020,51800,Suffolk,"Western Tidewater",290,43,25
05/23/2020,51810,"Virginia Beach","Virginia Beach",598,90,19
05/23/2020,51820,Waynesboro,"Central Shenandoah",38,2,0
05/23/2020,51830,Williamsburg,Peninsula,43,9,3
05/23/2020,51840,Winchester,"Lord Fairfax",128,9,1
05/24/2020,51001,Accomack,"Eastern Shore",727,41,11
05/24/2020,51003,Albemarle,"Thomas Jefferson",148,19,8
05/24/2020,51005,Alleghany,Alleghany,13,4,2
05/24/2020,51007,Amelia,Piedmont,21,7,1
05/24/2020,51009,Amherst,"Central Virginia",25,3,0
05/24/2020,51011,Appomattox,"Central Virginia",26,1,0
05/24/2020,51013,Arlington,Arlington,1873,364,98
05/24/2020,51015,Augusta,"Central Shenandoah",90,2,1
05/24/2020,51017,Bath,"Central Shenandoah",0,0,0
05/24/2020,51019,Bedford,"Central Virginia",41,2,2
05/24/2020,51021,Bland,"Mount Rogers",0,0,0
05/24/2020,51023,Botetourt,Alleghany,31,9,4
05/24/2020,51025,Brunswick,Southside,21,6,1
05/24/2020,51027,Buchanan,"Cumberland Plateau",18,0,0
05/24/2020,51029,Buckingham,Piedmont,442,16,2
05/24/2020,51031,Campbell,"Central Virginia",13,3,1
05/24/2020,51033,Caroline,Rappahannock,47,5,2
05/24/2020,51035,Carroll,"Mount Rogers",74,3,1
05/24/2020,51036,"Charles City",Chickahominy,27,9,1
05/24/2020,51037,Charlotte,Piedmont,19,4,0
05/24/2020,51041,Chesterfield,Chesterfield,1193,73,29
05/24/2020,51043,Clarke,"Lord Fairfax",21,3,0
05/24/2020,51045,Craig,Alleghany,5,0,0
05/24/2020,51047,Culpeper,"Rappahannock Rapidan",594,45,5
05/24/2020,51049,Cumberland,Piedmont,26,3,0
05/24/2020,51051,Dickenson,"Cumberland Plateau",0,0,0
05/24/2020,51053,Dinwiddie,Crater,48,11,0
05/24/2020,51057,Essex,"Three Rivers",43,3,0
05/24/2020,51059,Fairfax,Fairfax,8989,1194,327
05/24/2020,51061,Fauquier,"Rappahannock Rapidan",282,20,5
05/24/2020,51063,Floyd,"New River",4,1,0
05/24/2020,51065,Fluvanna,"Thomas Jefferson",84,22,6
05/24/2020,51067,"Franklin County","West Piedmont",32,3,1
05/24/2020,51069,Frederick,"Lord Fairfax",262,21,3
05/24/2020,51071,Giles,"New River",5,0,0
05/24/2020,51073,Gloucester,"Three Rivers",30,7,1
05/24/2020,51075,Goochland,Chickahominy,90,16,5
05/24/2020,51077,Grayson,"Mount Rogers",26,2,0
05/24/2020,51079,Greene,"Thomas Jefferson",22,3,1
05/24/2020,51081,Greensville,Crater,55,14,7
05/24/2020,51083,Halifax,Southside,29,3,0
05/24/2020,51085,Hanover,Chickahominy,252,46,19
05/24/2020,51087,Henrico,Henrico,1446,176,118
05/24/2020,51089,Henry,"West Piedmont",67,7,2
05/24/2020,51091,Highland,"Central Shenandoah",3,0,0
05/24/2020,51093,"Isle of Wight","Western Tidewater",124,11,3
05/24/2020,51095,"James City",Peninsula,196,55,16
05/24/2020,51097,"King and Queen","Three Rivers",7,1,0
05/24/2020,51099,"King George",Rappahannock,54,14,4
05/24/2020,51101,"King William","Three Rivers",20,2,0
05/24/2020,51103,Lancaster,"Three Rivers",10,1,0
05/24/2020,51105,Lee,Lenowisco,9,1,0
05/24/2020,51107,Loudoun,Loudoun,1821,150,52
05/24/2020,51109,Louisa,"Thomas Jefferson",69,9,1
05/24/2020,51111,Lunenburg,Piedmont,8,0,0
05/24/2020,51113,Madison,"Rappahannock Rapidan",32,3,1
05/24/2020,51115,Mathews,"Three Rivers",5,2,0
05/24/2020,51117,Mecklenburg,Southside,200,28,20
05/24/2020,51119,Middlesex,"Three Rivers",12,1,0
05/24/2020,51121,Montgomery,"New River",69,9,1
05/24/2020,51125,Nelson,"Thomas Jefferson",13,0,0
05/24/2020,51127,"New Kent",Chickahominy,27,6,1
05/24/2020,51131,Northampton,"Eastern Shore",213,19,16
05/24/2020,51133,Northumberland,"Three Rivers",22,0,1
05/24/2020,51135,Nottoway,Piedmont,19,3,0
05/24/2020,51137,Orange,"Rappahannock Rapidan",80,4,0
05/24/2020,51139,Page,"Lord Fairfax",188,22,21
05/24/2020,51141,Patrick,"West Piedmont",14,0,0
05/24/2020,51143,Pittsylvania,Pittsylvania-Danville,32,11,1
05/24/2020,51145,Powhatan,Chesterfield,29,0,0
05/24/2020,51147,"Prince Edward",Piedmont,108,10,2
05/24/2020,51149,"Prince George",Crater,60,5,0
05/24/2020,51153,"Prince William","Prince William",4468,414,84
05/24/2020,51155,Pulaski,"New River",10,2,0
05/24/2020,51157,Rappahannock,"Rappahannock Rapidan",12,0,0
05/24/2020,51159,"Richmond County","Three Rivers",275,9,4
05/24/2020,51161,"Roanoke County",Alleghany,90,8,5
05/24/2020,51163,Rockbridge,"Central Shenandoah",14,0,0
05/24/2020,51165,Rockingham,"Central Shenandoah",453,49,6
05/24/2020,51167,Russell,"Cumberland Plateau",8,2,0
05/24/2020,51169,Scott,Lenowisco,7,2,2
05/24/2020,51171,Shenandoah,"Lord Fairfax",372,34,16
05/24/2020,51173,Smyth,"Mount Rogers",15,4,0
05/24/2020,51175,Southampton,"Western Tidewater",143,5,2
05/24/2020,51177,Spotsylvania,Rappahannock,401,34,5
05/24/2020,51179,Stafford,Rappahannock,581,67,4
05/24/2020,51181,Surry,Crater,6,2,1
05/24/2020,51183,Sussex,Crater,114,6,1
05/24/2020,51185,Tazewell,"Cumberland Plateau",6,0,0
05/24/2020,51187,Warren,"Lord Fairfax",111,12,2
05/24/2020,51191,Washington,"Mount Rogers",51,8,4
05/24/2020,51193,Westmoreland,"Three Rivers",48,7,0
05/24/2020,51195,Wise,Lenowisco,24,10,2
05/24/2020,51197,Wythe,"Mount Rogers",17,1,1
05/24/2020,51199,York,Peninsula,68,9,3
05/24/2020,51510,Alexandria,Alexandria,1733,175,38
05/24/2020,51520,Bristol,"Mount Rogers",4,1,0
05/24/2020,51530,"Buena Vista City","Central Shenandoah",12,1,0
05/24/2020,51540,Charlottesville,"Thomas Jefferson",80,15,3
05/24/2020,51550,Chesapeake,Chesapeake,433,82,13
05/24/2020,51570,"Colonial Heights",Chesterfield,83,2,8
05/24/2020,51580,Covington,Alleghany,3,0,0
05/24/2020,51590,Danville,Pittsylvania-Danville,46,14,2
05/24/2020,51595,Emporia,Crater,60,11,3
05/24/2020,51600,"Fairfax City",Fairfax,52,6,3
05/24/2020,51610,"Falls Church",Fairfax,47,10,5
05/24/2020,51620,"Franklin City","Western Tidewater",38,2,1
05/24/2020,51630,Fredericksburg,Rappahannock,118,15,0
05/24/2020,51640,Galax,"Mount Rogers",88,1,0
05/24/2020,51650,Hampton,Hampton,174,30,3
05/24/2020,51660,Harrisonburg,"Central Shenandoah",716,52,21
05/24/2020,51670,Hopewell,Crater,66,11,0
05/24/2020,51678,Lexington,"Central Shenandoah",6,0,0
05/24/2020,51680,Lynchburg,"Central Virginia",77,6,1
05/24/2020,51683,"Manassas City","Prince William",806,59,7
05/24/2020,51685,"Manassas Park","Prince William",239,28,4
05/24/2020,51690,Martinsville,"West Piedmont",24,5,1
05/24/2020,51700,"Newport News",Peninsula,237,38,10
05/24/2020,51710,Norfolk,Norfolk,399,61,6
05/24/2020,51720,Norton,Lenowisco,2,2,0
05/24/2020,51730,Petersburg,Crater,86,22,2
05/24/2020,51735,Poquoson,Peninsula,7,2,0
05/24/2020,51740,Portsmouth,Portsmouth,262,40,11
05/24/2020,51750,Radford,"New River",6,1,0
05/24/2020,51760,"Richmond City",Richmond,1012,130,19
05/24/2020,51770,"Roanoke City",Roanoke,140,7,9
05/24/2020,51775,Salem,Alleghany,32,3,3
05/24/2020,51790,Staunton,"Central Shenandoah",35,3,0
05/24/2020,51800,Suffolk,"Western Tidewater",295,46,29
05/24/2020,51810,"Virginia Beach","Virginia Beach",603,90,19
05/24/2020,51820,Waynesboro,"Central Shenandoah",38,2,0
05/24/2020,51830,Williamsburg,Peninsula,43,9,3
05/24/2020,51840,Winchester,"Lord Fairfax",143,9,1
05/25/2020,51001,Accomack,"Eastern Shore",731,41,11
05/25/2020,51003,Albemarle,"Thomas Jefferson",149,19,8
05/25/2020,51005,Alleghany,Alleghany,13,4,2
05/25/2020,51007,Amelia,Piedmont,21,7,1
05/25/2020,51009,Amherst,"Central Virginia",26,3,0
05/25/2020,51011,Appomattox,"Central Virginia",26,1,0
05/25/2020,51013,Arlington,Arlington,1897,368,101
05/25/2020,51015,Augusta,"Central Shenandoah",93,2,1
05/25/2020,51017,Bath,"Central Shenandoah",0,0,0
05/25/2020,51019,Bedford,"Central Virginia",41,2,2
05/25/2020,51021,Bland,"Mount Rogers",0,0,0
05/25/2020,51023,Botetourt,Alleghany,32,9,4
05/25/2020,51025,Brunswick,Southside,21,6,1
05/25/2020,51027,Buchanan,"Cumberland Plateau",18,0,0
05/25/2020,51029,Buckingham,Piedmont,443,16,3
05/25/2020,51031,Campbell,"Central Virginia",13,3,1
05/25/2020,51033,Caroline,Rappahannock,49,5,2
05/25/2020,51035,Carroll,"Mount Rogers",77,3,1
05/25/2020,51036,"Charles City",Chickahominy,27,9,1
05/25/2020,51037,Charlotte,Piedmont,19,4,0
05/25/2020,51041,Chesterfield,Chesterfield,1200,74,30
05/25/2020,51043,Clarke,"Lord Fairfax",22,3,0
05/25/2020,51045,Craig,Alleghany,5,0,0
05/25/2020,51047,Culpeper,"Rappahannock Rapidan",614,46,5
05/25/2020,51049,Cumberland,Piedmont,27,3,0
05/25/2020,51051,Dickenson,"Cumberland Plateau",0,0,0
05/25/2020,51053,Dinwiddie,Crater,48,11,0
05/25/2020,51057,Essex,"Three Rivers",44,3,0
05/25/2020,51059,Fairfax,Fairfax,9482,1218,331
05/25/2020,51061,Fauquier,"Rappahannock Rapidan",285,20,5
05/25/2020,51063,Floyd,"New River",5,1,0
05/25/2020,51065,Fluvanna,"Thomas Jefferson",85,22,6
05/25/2020,51067,"Franklin County","West Piedmont",33,3,2
05/25/2020,51069,Frederick,"Lord Fairfax",271,21,4
05/25/2020,51071,Giles,"New River",5,0,0
05/25/2020,51073,Gloucester,"Three Rivers",30,7,1
05/25/2020,51075,Goochland,Chickahominy,93,16,6
05/25/2020,51077,Grayson,"Mount Rogers",30,2,0
05/25/2020,51079,Greene,"Thomas Jefferson",23,3,1
05/25/2020,51081,Greensville,Crater,55,14,7
05/25/2020,51083,Halifax,Southside,29,3,0
05/25/2020,51085,Hanover,Chickahominy,275,46,19
05/25/2020,51087,Henrico,Henrico,1492,177,118
05/25/2020,51089,Henry,"West Piedmont",77,7,2
05/25/2020,51091,Highland,"Central Shenandoah",3,0,0
05/25/2020,51093,"Isle of Wight","Western Tidewater",125,11,3
05/25/2020,51095,"James City",Peninsula,197,55,16
05/25/2020,51097,"King and Queen","Three Rivers",7,1,0
05/25/2020,51099,"King George",Rappahannock,56,14,4
05/25/2020,51101,"King William","Three Rivers",24,2,0
05/25/2020,51103,Lancaster,"Three Rivers",10,1,0
05/25/2020,51105,Lee,Lenowisco,9,1,0
05/25/2020,51107,Loudoun,Loudoun,2047,150,52
05/25/2020,51109,Louisa,"Thomas Jefferson",69,9,1
05/25/2020,51111,Lunenburg,Piedmont,8,0,0
05/25/2020,51113,Madison,"Rappahannock Rapidan",32,3,1
05/25/2020,51115,Mathews,"Three Rivers",5,2,0
05/25/2020,51117,Mecklenburg,Southside,205,28,20
05/25/2020,51119,Middlesex,"Three Rivers",12,1,0
05/25/2020,51121,Montgomery,"New River",69,9,1
05/25/2020,51125,Nelson,"Thomas Jefferson",14,0,0
05/25/2020,51127,"New Kent",Chickahominy,29,6,1
05/25/2020,51131,Northampton,"Eastern Shore",216,21,17
05/25/2020,51133,Northumberland,"Three Rivers",23,0,1
05/25/2020,51135,Nottoway,Piedmont,19,3,0
05/25/2020,51137,Orange,"Rappahannock Rapidan",81,4,0
05/25/2020,51139,Page,"Lord Fairfax",197,22,21
05/25/2020,51141,Patrick,"West Piedmont",14,0,0
05/25/2020,51143,Pittsylvania,Pittsylvania-Danville,35,11,1
05/25/2020,51145,Powhatan,Chesterfield,29,0,0
05/25/2020,51147,"Prince Edward",Piedmont,108,11,2
05/25/2020,51149,"Prince George",Crater,60,5,0
05/25/2020,51153,"Prince William","Prince William",4702,423,94
05/25/2020,51155,Pulaski,"New River",11,2,0
05/25/2020,51157,Rappahannock,"Rappahannock Rapidan",13,0,0
05/25/2020,51159,"Richmond County","Three Rivers",275,9,4
05/25/2020,51161,"Roanoke County",Alleghany,94,8,7
05/25/2020,51163,Rockbridge,"Central Shenandoah",16,0,0
05/25/2020,51165,Rockingham,"Central Shenandoah",467,50,6
05/25/2020,51167,Russell,"Cumberland Plateau",8,2,0
05/25/2020,51169,Scott,Lenowisco,7,2,2
05/25/2020,51171,Shenandoah,"Lord Fairfax",376,36,17
05/25/2020,51173,Smyth,"Mount Rogers",15,4,0
05/25/2020,51175,Southampton,"Western Tidewater",143,5,2
05/25/2020,51177,Spotsylvania,Rappahannock,422,35,6
05/25/2020,51179,Stafford,Rappahannock,599,68,4
05/25/2020,51181,Surry,Crater,6,2,1
05/25/2020,51183,Sussex,Crater,114,6,1
05/25/2020,51185,Tazewell,"Cumberland Plateau",6,0,0
05/25/2020,51187,Warren,"Lord Fairfax",117,12,2
05/25/2020,51191,Washington,"Mount Rogers",51,8,4
05/25/2020,51193,Westmoreland,"Three Rivers",50,7,0
05/25/2020,51195,Wise,Lenowisco,24,10,2
05/25/2020,51197,Wythe,"Mount Rogers",18,1,1
05/25/2020,51199,York,Peninsula,69,9,3
05/25/2020,51510,Alexandria,Alexandria,1754,175,38
05/25/2020,51520,Bristol,"Mount Rogers",4,1,0
05/25/2020,51530,"Buena Vista City","Central Shenandoah",12,1,0
05/25/2020,51540,Charlottesville,"Thomas Jefferson",82,15,3
05/25/2020,51550,Chesapeake,Chesapeake,449,82,14
05/25/2020,51570,"Colonial Heights",Chesterfield,83,2,8
05/25/2020,51580,Covington,Alleghany,3,0,0
05/25/2020,51590,Danville,Pittsylvania-Danville,48,14,2
05/25/2020,51595,Emporia,Crater,62,11,5
05/25/2020,51600,"Fairfax City",Fairfax,57,7,3
05/25/2020,51610,"Falls Church",Fairfax,48,10,5
05/25/2020,51620,"Franklin City","Western Tidewater",39,2,1
05/25/2020,51630,Fredericksburg,Rappahannock,123,15,0
05/25/2020,51640,Galax,"Mount Rogers",95,1,0
05/25/2020,51650,Hampton,Hampton,181,30,3
05/25/2020,51660,Harrisonburg,"Central Shenandoah",727,52,21
05/25/2020,51670,Hopewell,Crater,66,11,0
05/25/2020,51678,Lexington,"Central Shenandoah",6,0,0
05/25/2020,51680,Lynchburg,"Central Virginia",77,6,1
05/25/2020,51683,"Manassas City","Prince William",849,60,9
05/25/2020,51685,"Manassas Park","Prince William",261,29,5
05/25/2020,51690,Martinsville,"West Piedmont",24,5,1
05/25/2020,51700,"Newport News",Peninsula,245,38,10
05/25/2020,51710,Norfolk,Norfolk,432,61,6
05/25/2020,51720,Norton,Lenowisco,2,2,0
05/25/2020,51730,Petersburg,Crater,88,22,2
05/25/2020,51735,Poquoson,Peninsula,7,2,0
05/25/2020,51740,Portsmouth,Portsmouth,272,40,11
05/25/2020,51750,Radford,"New River",7,1,0
05/25/2020,51760,"Richmond City",Richmond,1040,134,20
05/25/2020,51770,"Roanoke City",Roanoke,140,7,9
05/25/2020,51775,Salem,Alleghany,32,3,3
05/25/2020,51790,Staunton,"Central Shenandoah",35,3,0
05/25/2020,51800,Suffolk,"Western Tidewater",300,46,31
05/25/2020,51810,"Virginia Beach","Virginia Beach",618,90,20
05/25/2020,51820,Waynesboro,"Central Shenandoah",39,2,0
05/25/2020,51830,Williamsburg,Peninsula,43,9,3
05/25/2020,51840,Winchester,"Lord Fairfax",145,9,1
05/26/2020,51001,Accomack,"Eastern Shore",758,42,11
05/26/2020,51003,Albemarle,"Thomas Jefferson",161,19,8
05/26/2020,51005,Alleghany,Alleghany,16,4,2
05/26/2020,51007,Amelia,Piedmont,23,7,1
05/26/2020,51009,Amherst,"Central Virginia",26,3,0
05/26/2020,51011,Appomattox,"Central Virginia",26,1,0
05/26/2020,51013,Arlington,Arlington,1935,367,104
05/26/2020,51015,Augusta,"Central Shenandoah",100,2,1
05/26/2020,51017,Bath,"Central Shenandoah",0,0,0
05/26/2020,51019,Bedford,"Central Virginia",43,2,2
05/26/2020,51021,Bland,"Mount Rogers",0,0,0
05/26/2020,51023,Botetourt,Alleghany,32,9,4
05/26/2020,51025,Brunswick,Southside,21,6,1
05/26/2020,51027,Buchanan,"Cumberland Plateau",19,0,0
05/26/2020,51029,Buckingham,Piedmont,445,16,3
05/26/2020,51031,Campbell,"Central Virginia",15,4,1
05/26/2020,51033,Caroline,Rappahannock,53,5,2
05/26/2020,51035,Carroll,"Mount Rogers",84,3,1
05/26/2020,51036,"Charles City",Chickahominy,27,9,1
05/26/2020,51037,Charlotte,Piedmont,23,4,0
05/26/2020,51041,Chesterfield,Chesterfield,1213,74,32
05/26/2020,51043,Clarke,"Lord Fairfax",22,3,0
05/26/2020,51045,Craig,Alleghany,5,0,0
05/26/2020,51047,Culpeper,"Rappahannock Rapidan",638,47,6
05/26/2020,51049,Cumberland,Piedmont,31,3,0
05/26/2020,51051,Dickenson,"Cumberland Plateau",0,0,0
05/26/2020,51053,Dinwiddie,Crater,55,11,0
05/26/2020,51057,Essex,"Three Rivers",44,3,0
05/26/2020,51059,Fairfax,Fairfax,9839,1245,340
05/26/2020,51061,Fauquier,"Rappahannock Rapidan",300,20,5
05/26/2020,51063,Floyd,"New River",5,1,0
05/26/2020,51065,Fluvanna,"Thomas Jefferson",87,22,6
05/26/2020,51067,"Franklin County","West Piedmont",34,3,2
05/26/2020,51069,Frederick,"Lord Fairfax",272,21,4
05/26/2020,51071,Giles,"New River",5,0,0
05/26/2020,51073,Gloucester,"Three Rivers",30,7,1
05/26/2020,51075,Goochland,Chickahominy,93,16,6
05/26/2020,51077,Grayson,"Mount Rogers",31,2,0
05/26/2020,51079,Greene,"Thomas Jefferson",25,3,1
05/26/2020,51081,Greensville,Crater,57,14,7
05/26/2020,51083,Halifax,Southside,30,3,0
05/26/2020,51085,Hanover,Chickahominy,301,46,19
05/26/2020,51087,Henrico,Henrico,1546,179,118
05/26/2020,51089,Henry,"West Piedmont",84,7,2
05/26/2020,51091,Highland,"Central Shenandoah",3,0,0
05/26/2020,51093,"Isle of Wight","Western Tidewater",125,11,3
05/26/2020,51095,"James City",Peninsula,200,55,16
05/26/2020,51097,"King and Queen","Three Rivers",7,1,0
05/26/2020,51099,"King George",Rappahannock,60,14,4
05/26/2020,51101,"King William","Three Rivers",24,2,0
05/26/2020,51103,Lancaster,"Three Rivers",10,1,0
05/26/2020,51105,Lee,Lenowisco,9,1,0
05/26/2020,51107,Loudoun,Loudoun,2186,153,52
05/26/2020,51109,Louisa,"Thomas Jefferson",73,9,1
05/26/2020,51111,Lunenburg,Piedmont,10,0,0
05/26/2020,51113,Madison,"Rappahannock Rapidan",37,3,1
05/26/2020,51115,Mathews,"Three Rivers",5,2,0
05/26/2020,51117,Mecklenburg,Southside,211,28,20
05/26/2020,51119,Middlesex,"Three Rivers",14,1,0
05/26/2020,51121,Montgomery,"New River",69,9,1
05/26/2020,51125,Nelson,"Thomas Jefferson",15,0,0
05/26/2020,51127,"New Kent",Chickahominy,35,6,1
05/26/2020,51131,Northampton,"Eastern Shore",221,21,17
05/26/2020,51133,Northumberland,"Three Rivers",23,0,1
05/26/2020,51135,Nottoway,Piedmont,20,3,0
05/26/2020,51137,Orange,"Rappahannock Rapidan",86,4,0
05/26/2020,51139,Page,"Lord Fairfax",199,23,21
05/26/2020,51141,Patrick,"West Piedmont",14,0,0
05/26/2020,51143,Pittsylvania,Pittsylvania-Danville,35,11,1
05/26/2020,51145,Powhatan,Chesterfield,29,0,0
05/26/2020,51147,"Prince Edward",Piedmont,122,10,2
05/26/2020,51149,"Prince George",Crater,71,5,0
05/26/2020,51153,"Prince William","Prince William",4992,430,96
05/26/2020,51155,Pulaski,"New River",12,2,0
05/26/2020,51157,Rappahannock,"Rappahannock Rapidan",13,0,0
05/26/2020,51159,"Richmond County","Three Rivers",278,9,4
05/26/2020,51161,"Roanoke County",Alleghany,96,8,7
05/26/2020,51163,Rockbridge,"Central Shenandoah",17,0,0
05/26/2020,51165,Rockingham,"Central Shenandoah",478,51,6
05/26/2020,51167,Russell,"Cumberland Plateau",8,2,0
05/26/2020,51169,Scott,Lenowisco,7,2,2
05/26/2020,51171,Shenandoah,"Lord Fairfax",378,36,17
05/26/2020,51173,Smyth,"Mount Rogers",15,4,0
05/26/2020,51175,Southampton,"Western Tidewater",143,5,2
05/26/2020,51177,Spotsylvania,Rappahannock,463,35,6
05/26/2020,51179,Stafford,Rappahannock,642,69,4
05/26/2020,51181,Surry,Crater,7,2,1
05/26/2020,51183,Sussex,Crater,135,6,1
05/26/2020,51185,Tazewell,"Cumberland Plateau",6,0,0
05/26/2020,51187,Warren,"Lord Fairfax",117,12,2
05/26/2020,51191,Washington,"Mount Rogers",51,8,4
05/26/2020,51193,Westmoreland,"Three Rivers",54,7,0
05/26/2020,51195,Wise,Lenowisco,24,10,2
05/26/2020,51197,Wythe,"Mount Rogers",21,1,1
05/26/2020,51199,York,Peninsula,71,9,3
05/26/2020,51510,Alexandria,Alexandria,1785,175,41
05/26/2020,51520,Bristol,"Mount Rogers",4,1,0
05/26/2020,51530,"Buena Vista City","Central Shenandoah",13,1,0
05/26/2020,51540,Charlottesville,"Thomas Jefferson",90,15,3
05/26/2020,51550,Chesapeake,Chesapeake,459,84,14
05/26/2020,51570,"Colonial Heights",Chesterfield,85,2,10
05/26/2020,51580,Covington,Alleghany,3,0,0
05/26/2020,51590,Danville,Pittsylvania-Danville,48,14,2
05/26/2020,51595,Emporia,Crater,62,11,5
05/26/2020,51600,"Fairfax City",Fairfax,59,8,4
05/26/2020,51610,"Falls Church",Fairfax,49,10,6
05/26/2020,51620,"Franklin City","Western Tidewater",39,2,1
05/26/2020,51630,Fredericksburg,Rappahannock,136,16,0
05/26/2020,51640,Galax,"Mount Rogers",104,2,0
05/26/2020,51650,Hampton,Hampton,183,30,3
05/26/2020,51660,Harrisonburg,"Central Shenandoah",742,53,21
05/26/2020,51670,Hopewell,Crater,73,11,0
05/26/2020,51678,Lexington,"Central Shenandoah",6,0,0
05/26/2020,51680,Lynchburg,"Central Virginia",79,6,1
05/26/2020,51683,"Manassas City","Prince William",956,61,9
05/26/2020,51685,"Manassas Park","Prince William",277,30,6
05/26/2020,51690,Martinsville,"West Piedmont",27,5,1
05/26/2020,51700,"Newport News",Peninsula,250,38,10
05/26/2020,51710,Norfolk,Norfolk,450,61,6
05/26/2020,51720,Norton,Lenowisco,2,2,0
05/26/2020,51730,Petersburg,Crater,96,22,2
05/26/2020,51735,Poquoson,Peninsula,7,2,0
05/26/2020,51740,Portsmouth,Portsmouth,281,41,11
05/26/2020,51750,Radford,"New River",7,1,0
05/26/2020,51760,"Richmond City",Richmond,1089,134,20
05/26/2020,51770,"Roanoke City",Roanoke,146,9,9
05/26/2020,51775,Salem,Alleghany,32,3,3
05/26/2020,51790,Staunton,"Central Shenandoah",36,5,0
05/26/2020,51800,Suffolk,"Western Tidewater",303,46,31
05/26/2020,51810,"Virginia Beach","Virginia Beach",638,90,23
05/26/2020,51820,Waynesboro,"Central Shenandoah",41,2,0
05/26/2020,51830,Williamsburg,Peninsula,43,9,3
05/26/2020,51840,Winchester,"Lord Fairfax",147,9,1
05/27/2020,51001,Accomack,"Eastern Shore",780,42,12
05/27/2020,51003,Albemarle,"Thomas Jefferson",168,19,8
05/27/2020,51005,Alleghany,Alleghany,16,4,2
05/27/2020,51007,Amelia,Piedmont,23,7,1
05/27/2020,51009,Amherst,"Central Virginia",27,3,0
05/27/2020,51011,Appomattox,"Central Virginia",31,1,0
05/27/2020,51013,Arlington,Arlington,1988,371,109
05/27/2020,51015,Augusta,"Central Shenandoah",102,2,1
05/27/2020,51017,Bath,"Central Shenandoah",0,0,0
05/27/2020,51019,Bedford,"Central Virginia",45,2,2
05/27/2020,51021,Bland,"Mount Rogers",0,0,0
05/27/2020,51023,Botetourt,Alleghany,32,9,4
05/27/2020,51025,Brunswick,Southside,21,6,1
05/27/2020,51027,Buchanan,"Cumberland Plateau",18,0,0
05/27/2020,51029,Buckingham,Piedmont,445,16,3
05/27/2020,51031,Campbell,"Central Virginia",16,4,1
05/27/2020,51033,Caroline,Rappahannock,55,5,2
05/27/2020,51035,Carroll,"Mount Rogers",86,3,1
05/27/2020,51036,"Charles City",Chickahominy,27,10,1
05/27/2020,51037,Charlotte,Piedmont,23,4,0
05/27/2020,51041,Chesterfield,Chesterfield,1263,74,32
05/27/2020,51043,Clarke,"Lord Fairfax",23,3,0
05/27/2020,51045,Craig,Alleghany,5,0,0
05/27/2020,51047,Culpeper,"Rappahannock Rapidan",645,46,5
05/27/2020,51049,Cumberland,Piedmont,32,3,0
05/27/2020,51051,Dickenson,"Cumberland Plateau",0,0,0
05/27/2020,51053,Dinwiddie,Crater,61,11,0
05/27/2020,51057,Essex,"Three Rivers",43,3,0
05/27/2020,51059,Fairfax,Fairfax,10069,1266,364
05/27/2020,51061,Fauquier,"Rappahannock Rapidan",302,20,5
05/27/2020,51063,Floyd,"New River",5,1,0
05/27/2020,51065,Fluvanna,"Thomas Jefferson",87,22,6
05/27/2020,51067,"Franklin County","West Piedmont",35,4,2
05/27/2020,51069,Frederick,"Lord Fairfax",296,23,4
05/27/2020,51071,Giles,"New River",5,0,0
05/27/2020,51073,Gloucester,"Three Rivers",30,7,1
05/27/2020,51075,Goochland,Chickahominy,94,16,6
05/27/2020,51077,Grayson,"Mount Rogers",32,2,0
05/27/2020,51079,Greene,"Thomas Jefferson",27,3,1
05/27/2020,51081,Greensville,Crater,58,14,7
05/27/2020,51083,Halifax,Southside,30,3,0
05/27/2020,51085,Hanover,Chickahominy,309,46,22
05/27/2020,51087,Henrico,Henrico,1579,180,119
05/27/2020,51089,Henry,"West Piedmont",92,8,3
05/27/2020,51091,Highland,"Central Shenandoah",3,0,0
05/27/2020,51093,"Isle of Wight","Western Tidewater",125,11,3
05/27/2020,51095,"James City",Peninsula,200,55,16
05/27/2020,51097,"King and Queen","Three Rivers",8,1,0
05/27/2020,51099,"King George",Rappahannock,60,14,4
05/27/2020,51101,"King William","Three Rivers",25,2,0
05/27/2020,51103,Lancaster,"Three Rivers",10,1,0
05/27/2020,51105,Lee,Lenowisco,9,1,0
05/27/2020,51107,Loudoun,Loudoun,2274,155,53
05/27/2020,51109,Louisa,"Thomas Jefferson",75,9,1
05/27/2020,51111,Lunenburg,Piedmont,10,0,0
05/27/2020,51113,Madison,"Rappahannock Rapidan",38,3,1
05/27/2020,51115,Mathews,"Three Rivers",5,2,0
05/27/2020,51117,Mecklenburg,Southside,212,28,21
05/27/2020,51119,Middlesex,"Three Rivers",14,1,0
05/27/2020,51121,Montgomery,"New River",70,9,1
05/27/2020,51125,Nelson,"Thomas Jefferson",16,0,0
05/27/2020,51127,"New Kent",Chickahominy,35,6,1
05/27/2020,51131,Northampton,"Eastern Shore",225,23,18
05/27/2020,51133,Northumberland,"Three Rivers",23,0,1
05/27/2020,51135,Nottoway,Piedmont,21,3,0
05/27/2020,51137,Orange,"Rappahannock Rapidan",91,5,0
05/27/2020,51139,Page,"Lord Fairfax",208,24,21
05/27/2020,51141,Patrick,"West Piedmont",15,0,0
05/27/2020,51143,Pittsylvania,Pittsylvania-Danville,35,11,1
05/27/2020,51145,Powhatan,Chesterfield,29,0,0
05/27/2020,51147,"Prince Edward",Piedmont,129,10,2
05/27/2020,51149,"Prince George",Crater,79,5,0
05/27/2020,51153,"Prince William","Prince William",5074,435,99
05/27/2020,51155,Pulaski,"New River",14,3,0
05/27/2020,51157,Rappahannock,"Rappahannock Rapidan",13,0,0
05/27/2020,51159,"Richmond County","Three Rivers",275,9,4
05/27/2020,51161,"Roanoke County",Alleghany,96,8,7
05/27/2020,51163,Rockbridge,"Central Shenandoah",17,0,0
05/27/2020,51165,Rockingham,"Central Shenandoah",483,51,6
05/27/2020,51167,Russell,"Cumberland Plateau",8,2,0
05/27/2020,51169,Scott,Lenowisco,7,2,2
05/27/2020,51171,Shenandoah,"Lord Fairfax",394,40,17
05/27/2020,51173,Smyth,"Mount Rogers",15,4,0
05/27/2020,51175,Southampton,"Western Tidewater",144,6,2
05/27/2020,51177,Spotsylvania,Rappahannock,474,35,6
05/27/2020,51179,Stafford,Rappahannock,657,69,4
05/27/2020,51181,Surry,Crater,8,2,1
05/27/2020,51183,Sussex,Crater,138,6,1
05/27/2020,51185,Tazewell,"Cumberland Plateau",6,0,0
05/27/2020,51187,Warren,"Lord Fairfax",129,12,2
05/27/2020,51191,Washington,"Mount Rogers",51,8,4
05/27/2020,51193,Westmoreland,"Three Rivers",61,8,0
05/27/2020,51195,Wise,Lenowisco,24,10,2
05/27/2020,51197,Wythe,"Mount Rogers",21,1,1
05/27/2020,51199,York,Peninsula,71,9,3
05/27/2020,51510,Alexandria,Alexandria,1824,175,42
05/27/2020,51520,Bristol,"Mount Rogers",4,1,0
05/27/2020,51530,"Buena Vista City","Central Shenandoah",13,1,0
05/27/2020,51540,Charlottesville,"Thomas Jefferson",97,15,3
05/27/2020,51550,Chesapeake,Chesapeake,472,85,14
05/27/2020,51570,"Colonial Heights",Chesterfield,85,2,10
05/27/2020,51580,Covington,Alleghany,3,0,0
05/27/2020,51590,Danville,Pittsylvania-Danville,48,14,2
05/27/2020,51595,Emporia,Crater,70,12,5
05/27/2020,51600,"Fairfax City",Fairfax,59,8,4
05/27/2020,51610,"Falls Church",Fairfax,53,11,8
05/27/2020,51620,"Franklin City","Western Tidewater",39,2,1
05/27/2020,51630,Fredericksburg,Rappahannock,135,16,0
05/27/2020,51640,Galax,"Mount Rogers",106,3,0
05/27/2020,51650,Hampton,Hampton,183,30,3
05/27/2020,51660,Harrisonburg,"Central Shenandoah",746,55,21
05/27/2020,51670,Hopewell,Crater,78,11,0
05/27/2020,51678,Lexington,"Central Shenandoah",6,0,0
05/27/2020,51680,Lynchburg,"Central Virginia",80,6,1
05/27/2020,51683,"Manassas City","Prince William",966,61,10
05/27/2020,51685,"Manassas Park","Prince William",280,30,6
05/27/2020,51690,Martinsville,"West Piedmont",29,6,1
05/27/2020,51700,"Newport News",Peninsula,254,38,10
05/27/2020,51710,Norfolk,Norfolk,451,62,6
05/27/2020,51720,Norton,Lenowisco,2,2,0
05/27/2020,51730,Petersburg,Crater,101,22,3
05/27/2020,51735,Poquoson,Peninsula,7,2,0
05/27/2020,51740,Portsmouth,Portsmouth,282,41,11
05/27/2020,51750,Radford,"New River",7,1,0
05/27/2020,51760,"Richmond City",Richmond,1112,137,21
05/27/2020,51770,"Roanoke City",Roanoke,146,9,9
05/27/2020,51775,Salem,Alleghany,32,3,3
05/27/2020,51790,Staunton,"Central Shenandoah",36,5,0
05/27/2020,51800,Suffolk,"Western Tidewater",308,46,31
05/27/2020,51810,"Virginia Beach","Virginia Beach",646,90,22
05/27/2020,51820,Waynesboro,"Central Shenandoah",41,2,0
05/27/2020,51830,Williamsburg,Peninsula,43,9,3
05/27/2020,51840,Winchester,"Lord Fairfax",156,10,1
05/28/2020,51001,Accomack,"Eastern Shore",807,44,12
05/28/2020,51003,Albemarle,"Thomas Jefferson",170,19,8
05/28/2020,51005,Alleghany,Alleghany,17,4,2
05/28/2020,51007,Amelia,Piedmont,23,7,1
05/28/2020,51009,Amherst,"Central Virginia",27,3,0
05/28/2020,51011,Appomattox,"Central Virginia",31,1,0
05/28/2020,51013,Arlington,Arlington,2039,373,109
05/28/2020,51015,Augusta,"Central Shenandoah",105,2,1
05/28/2020,51017,Bath,"Central Shenandoah",0,0,0
05/28/2020,51019,Bedford,"Central Virginia",47,2,2
05/28/2020,51021,Bland,"Mount Rogers",0,0,0
05/28/2020,51023,Botetourt,Alleghany,32,9,4
05/28/2020,51025,Brunswick,Southside,24,6,1
05/28/2020,51027,Buchanan,"Cumberland Plateau",18,0,0
05/28/2020,51029,Buckingham,Piedmont,453,16,3
05/28/2020,51031,Campbell,"Central Virginia",16,4,1
05/28/2020,51033,Caroline,Rappahannock,56,5,2
05/28/2020,51035,Carroll,"Mount Rogers",88,3,1
05/28/2020,51036,"Charles City",Chickahominy,27,10,1
05/28/2020,51037,Charlotte,Piedmont,23,4,0
05/28/2020,51041,Chesterfield,Chesterfield,1331,76,36
05/28/2020,51043,Clarke,"Lord Fairfax",24,3,0
05/28/2020,51045,Craig,Alleghany,5,0,0
05/28/2020,51047,Culpeper,"Rappahannock Rapidan",656,46,5
05/28/2020,51049,Cumberland,Piedmont,32,3,0
05/28/2020,51051,Dickenson,"Cumberland Plateau",0,0,0
05/28/2020,51053,Dinwiddie,Crater,68,12,0
05/28/2020,51057,Essex,"Three Rivers",46,4,0
05/28/2020,51059,Fairfax,Fairfax,10503,1267,371
05/28/2020,51061,Fauquier,"Rappahannock Rapidan",303,20,6
05/28/2020,51063,Floyd,"New River",5,1,0
05/28/2020,51065,Fluvanna,"Thomas Jefferson",88,22,6
05/28/2020,51067,"Franklin County","West Piedmont",35,4,1
05/28/2020,51069,Frederick,"Lord Fairfax",319,23,4
05/28/2020,51071,Giles,"New River",5,0,0
05/28/2020,51073,Gloucester,"Three Rivers",30,7,1
05/28/2020,51075,Goochland,Chickahominy,93,16,6
05/28/2020,51077,Grayson,"Mount Rogers",32,2,0
05/28/2020,51079,Greene,"Thomas Jefferson",28,3,1
05/28/2020,51081,Greensville,Crater,63,14,7
05/28/2020,51083,Halifax,Southside,30,3,0
05/28/2020,51085,Hanover,Chickahominy,316,47,24
05/28/2020,51087,Henrico,Henrico,1624,184,131
05/28/2020,51089,Henry,"West Piedmont",95,9,3
05/28/2020,51091,Highland,"Central Shenandoah",3,0,0
05/28/2020,51093,"Isle of Wight","Western Tidewater",126,11,3
05/28/2020,51095,"James City",Peninsula,202,54,15
05/28/2020,51097,"King and Queen","Three Rivers",10,2,1
05/28/2020,51099,"King George",Rappahannock,62,14,4
05/28/2020,51101,"King William","Three Rivers",26,2,0
05/28/2020,51103,Lancaster,"Three Rivers",10,1,0
05/28/2020,51105,Lee,Lenowisco,9,1,0
05/28/2020,51107,Loudoun,Loudoun,2318,156,63
05/28/2020,51109,Louisa,"Thomas Jefferson",76,9,1
05/28/2020,51111,Lunenburg,Piedmont,11,0,0
05/28/2020,51113,Madison,"Rappahannock Rapidan",38,3,1
05/28/2020,51115,Mathews,"Three Rivers",5,2,0
05/28/2020,51117,Mecklenburg,Southside,214,29,21
05/28/2020,51119,Middlesex,"Three Rivers",14,1,0
05/28/2020,51121,Montgomery,"New River",72,9,1
05/28/2020,51125,Nelson,"Thomas Jefferson",16,0,0
05/28/2020,51127,"New Kent",Chickahominy,36,6,1
05/28/2020,51131,Northampton,"Eastern Shore",227,23,20
05/28/2020,51133,Northumberland,"Three Rivers",25,0,1
05/28/2020,51135,Nottoway,Piedmont,24,4,0
05/28/2020,51137,Orange,"Rappahannock Rapidan",92,5,0
05/28/2020,51139,Page,"Lord Fairfax",213,24,21
05/28/2020,51141,Patrick,"West Piedmont",18,0,0
05/28/2020,51143,Pittsylvania,Pittsylvania-Danville,38,12,1
05/28/2020,51145,Powhatan,Chesterfield,30,0,0
05/28/2020,51147,"Prince Edward",Piedmont,129,10,2
05/28/2020,51149,"Prince George",Crater,81,6,0
05/28/2020,51153,"Prince William","Prince William",5157,439,101
05/28/2020,51155,Pulaski,"New River",18,4,0
05/28/2020,51157,Rappahannock,"Rappahannock Rapidan",13,1,0
05/28/2020,51159,"Richmond County","Three Rivers",275,9,4
05/28/2020,51161,"Roanoke County",Alleghany,97,8,7
05/28/2020,51163,Rockbridge,"Central Shenandoah",16,0,0
05/28/2020,51165,Rockingham,"Central Shenandoah",490,52,6
05/28/2020,51167,Russell,"Cumberland Plateau",8,2,0
05/28/2020,51169,Scott,Lenowisco,7,2,2
05/28/2020,51171,Shenandoah,"Lord Fairfax",414,44,20
05/28/2020,51173,Smyth,"Mount Rogers",15,4,0
05/28/2020,51175,Southampton,"Western Tidewater",146,6,2
05/28/2020,51177,Spotsylvania,Rappahannock,487,36,6
05/28/2020,51179,Stafford,Rappahannock,672,70,4
05/28/2020,51181,Surry,Crater,9,3,1
05/28/2020,51183,Sussex,Crater,142,7,2
05/28/2020,51185,Tazewell,"Cumberland Plateau",7,0,0
05/28/2020,51187,Warren,"Lord Fairfax",141,14,2
05/28/2020,51191,Washington,"Mount Rogers",51,8,4
05/28/2020,51193,Westmoreland,"Three Rivers",63,8,1
05/28/2020,51195,Wise,Lenowisco,24,11,2
05/28/2020,51197,Wythe,"Mount Rogers",21,1,1
05/28/2020,51199,York,Peninsula,72,9,3
05/28/2020,51510,Alexandria,Alexandria,1887,180,44
05/28/2020,51520,Bristol,"Mount Rogers",4,1,0
05/28/2020,51530,"Buena Vista City","Central Shenandoah",13,1,0
05/28/2020,51540,Charlottesville,"Thomas Jefferson",102,15,3
05/28/2020,51550,Chesapeake,Chesapeake,481,86,14
05/28/2020,51570,"Colonial Heights",Chesterfield,86,4,15
05/28/2020,51580,Covington,Alleghany,3,0,0
05/28/2020,51590,Danville,Pittsylvania-Danville,50,15,2
05/28/2020,51595,Emporia,Crater,76,13,5
05/28/2020,51600,"Fairfax City",Fairfax,63,8,6
05/28/2020,51610,"Falls Church",Fairfax,53,11,8
05/28/2020,51620,"Franklin City","Western Tidewater",41,3,2
05/28/2020,51630,Fredericksburg,Rappahannock,142,18,0
05/28/2020,51640,Galax,"Mount Rogers",107,3,0
05/28/2020,51650,Hampton,Hampton,190,30,3
05/28/2020,51660,Harrisonburg,"Central Shenandoah",757,56,23
05/28/2020,51670,Hopewell,Crater,81,11,0
05/28/2020,51678,Lexington,"Central Shenandoah",7,0,0
05/28/2020,51680,Lynchburg,"Central Virginia",80,6,1
05/28/2020,51683,"Manassas City","Prince William",971,63,10
05/28/2020,51685,"Manassas Park","Prince William",281,30,6
05/28/2020,51690,Martinsville,"West Piedmont",31,6,1
05/28/2020,51700,"Newport News",Peninsula,257,38,10
05/28/2020,51710,Norfolk,Norfolk,452,62,6
05/28/2020,51720,Norton,Lenowisco,2,2,0
05/28/2020,51730,Petersburg,Crater,112,22,3
05/28/2020,51735,Poquoson,Peninsula,7,2,0
05/28/2020,51740,Portsmouth,Portsmouth,284,42,11
05/28/2020,51750,Radford,"New River",6,0,0
05/28/2020,51760,"Richmond City",Richmond,1133,138,21
05/28/2020,51770,"Roanoke City",Roanoke,147,9,9
05/28/2020,51775,Salem,Alleghany,32,3,3
05/28/2020,51790,Staunton,"Central Shenandoah",36,5,0
05/28/2020,51800,Suffolk,"Western Tidewater",308,46,31
05/28/2020,51810,"Virginia Beach","Virginia Beach",662,91,22
05/28/2020,51820,Waynesboro,"Central Shenandoah",41,2,0
05/28/2020,51830,Williamsburg,Peninsula,44,10,4
05/28/2020,51840,Winchester,"Lord Fairfax",168,10,1
05/29/2020,51001,Accomack,"Eastern Shore",827,49,12
05/29/2020,51003,Albemarle,"Thomas Jefferson",180,19,8
05/29/2020,51005,Alleghany,Alleghany,19,4,2
05/29/2020,51007,Amelia,Piedmont,25,8,1
05/29/2020,51009,Amherst,"Central Virginia",27,3,0
05/29/2020,51011,Appomattox,"Central Virginia",31,1,0
05/29/2020,51013,Arlington,Arlington,2089,372,111
05/29/2020,51015,Augusta,"Central Shenandoah",105,2,1
05/29/2020,51017,Bath,"Central Shenandoah",0,0,0
05/29/2020,51019,Bedford,"Central Virginia",47,2,2
05/29/2020,51021,Bland,"Mount Rogers",0,0,0
05/29/2020,51023,Botetourt,Alleghany,32,9,4
05/29/2020,51025,Brunswick,Southside,25,6,1
05/29/2020,51027,Buchanan,"Cumberland Plateau",18,0,0
05/29/2020,51029,Buckingham,Piedmont,453,16,3
05/29/2020,51031,Campbell,"Central Virginia",17,4,1
05/29/2020,51033,Caroline,Rappahannock,58,5,2
05/29/2020,51035,Carroll,"Mount Rogers",90,3,1
05/29/2020,51036,"Charles City",Chickahominy,27,10,1
05/29/2020,51037,Charlotte,Piedmont,23,4,0
05/29/2020,51041,Chesterfield,Chesterfield,1400,76,35
05/29/2020,51043,Clarke,"Lord Fairfax",25,3,0
05/29/2020,51045,Craig,Alleghany,5,0,0
05/29/2020,51047,Culpeper,"Rappahannock Rapidan",666,46,6
05/29/2020,51049,Cumberland,Piedmont,35,4,0
05/29/2020,51051,Dickenson,"Cumberland Plateau",0,0,0
05/29/2020,51053,Dinwiddie,Crater,71,12,0
05/29/2020,51057,Essex,"Three Rivers",46,4,0
05/29/2020,51059,Fairfax,Fairfax,10738,1281,378
05/29/2020,51061,Fauquier,"Rappahannock Rapidan",308,20,6
05/29/2020,51063,Floyd,"New River",6,2,0
05/29/2020,51065,Fluvanna,"Thomas Jefferson",90,22,6
05/29/2020,51067,"Franklin County","West Piedmont",35,4,1
05/29/2020,51069,Frederick,"Lord Fairfax",331,23,4
05/29/2020,51071,Giles,"New River",5,0,0
05/29/2020,51073,Gloucester,"Three Rivers",30,7,1
05/29/2020,51075,Goochland,Chickahominy,95,16,6
05/29/2020,51077,Grayson,"Mount Rogers",34,4,0
05/29/2020,51079,Greene,"Thomas Jefferson",31,4,1
05/29/2020,51081,Greensville,Crater,69,14,7
05/29/2020,51083,Halifax,Southside,30,3,0
05/29/2020,51085,Hanover,Chickahominy,320,49,24
05/29/2020,51087,Henrico,Henrico,1678,194,133
05/29/2020,51089,Henry,"West Piedmont",99,9,3
05/29/2020,51091,Highland,"Central Shenandoah",3,0,0
05/29/2020,51093,"Isle of Wight","Western Tidewater",127,12,3
05/29/2020,51095,"James City",Peninsula,202,54,15
05/29/2020,51097,"King and Queen","Three Rivers",10,2,1
05/29/2020,51099,"King George",Rappahannock,62,14,4
05/29/2020,51101,"King William","Three Rivers",26,2,0
05/29/2020,51103,Lancaster,"Three Rivers",10,1,0
05/29/2020,51105,Lee,Lenowisco,9,1,0
05/29/2020,51107,Loudoun,Loudoun,2429,159,62
05/29/2020,51109,Louisa,"Thomas Jefferson",76,9,1
05/29/2020,51111,Lunenburg,Piedmont,12,0,0
05/29/2020,51113,Madison,"Rappahannock Rapidan",39,3,1
05/29/2020,51115,Mathews,"Three Rivers",5,2,0
05/29/2020,51117,Mecklenburg,Southside,214,29,21
05/29/2020,51119,Middlesex,"Three Rivers",14,1,0
05/29/2020,51121,Montgomery,"New River",73,9,1
05/29/2020,51125,Nelson,"Thomas Jefferson",16,0,0
05/29/2020,51127,"New Kent",Chickahominy,36,6,1
05/29/2020,51131,Northampton,"Eastern Shore",228,26,20
05/29/2020,51133,Northumberland,"Three Rivers",25,0,1
05/29/2020,51135,Nottoway,Piedmont,25,5,0
05/29/2020,51137,Orange,"Rappahannock Rapidan",97,7,1
05/29/2020,51139,Page,"Lord Fairfax",214,24,21
05/29/2020,51141,Patrick,"West Piedmont",18,0,0
05/29/2020,51143,Pittsylvania,Pittsylvania-Danville,39,13,1
05/29/2020,51145,Powhatan,Chesterfield,32,0,0
05/29/2020,51147,"Prince Edward",Piedmont,129,10,2
05/29/2020,51149,"Prince George",Crater,121,6,0
05/29/2020,51153,"Prince William","Prince William",5270,447,101
05/29/2020,51155,Pulaski,"New River",19,4,0
05/29/2020,51157,Rappahannock,"Rappahannock Rapidan",13,1,0
05/29/2020,51159,"Richmond County","Three Rivers",276,9,4
05/29/2020,51161,"Roanoke County",Alleghany,102,8,7
05/29/2020,51163,Rockbridge,"Central Shenandoah",16,0,0
05/29/2020,51165,Rockingham,"Central Shenandoah",505,52,6
05/29/2020,51167,Russell,"Cumberland Plateau",8,2,0
05/29/2020,51169,Scott,Lenowisco,7,2,2
05/29/2020,51171,Shenandoah,"Lord Fairfax",429,44,21
05/29/2020,51173,Smyth,"Mount Rogers",15,4,0
05/29/2020,51175,Southampton,"Western Tidewater",146,6,2
05/29/2020,51177,Spotsylvania,Rappahannock,500,39,7
05/29/2020,51179,Stafford,Rappahannock,681,71,4
05/29/2020,51181,Surry,Crater,10,3,1
05/29/2020,51183,Sussex,Crater,151,8,2
05/29/2020,51185,Tazewell,"Cumberland Plateau",7,0,0
05/29/2020,51187,Warren,"Lord Fairfax",146,14,2
05/29/2020,51191,Washington,"Mount Rogers",51,8,4
05/29/2020,51193,Westmoreland,"Three Rivers",63,8,1
05/29/2020,51195,Wise,Lenowisco,24,11,2
05/29/2020,51197,Wythe,"Mount Rogers",21,1,1
05/29/2020,51199,York,Peninsula,72,9,3
05/29/2020,51510,Alexandria,Alexandria,1941,181,44
05/29/2020,51520,Bristol,"Mount Rogers",4,1,0
05/29/2020,51530,"Buena Vista City","Central Shenandoah",13,1,0
05/29/2020,51540,Charlottesville,"Thomas Jefferson",105,15,3
05/29/2020,51550,Chesapeake,Chesapeake,494,86,15
05/29/2020,51570,"Colonial Heights",Chesterfield,86,9,17
05/29/2020,51580,Covington,Alleghany,3,0,0
05/29/2020,51590,Danville,Pittsylvania-Danville,51,15,2
05/29/2020,51595,Emporia,Crater,78,13,5
05/29/2020,51600,"Fairfax City",Fairfax,63,8,6
05/29/2020,51610,"Falls Church",Fairfax,55,11,8
05/29/2020,51620,"Franklin City","Western Tidewater",42,3,2
05/29/2020,51630,Fredericksburg,Rappahannock,147,19,0
05/29/2020,51640,Galax,"Mount Rogers",107,3,0
05/29/2020,51650,Hampton,Hampton,192,30,3
05/29/2020,51660,Harrisonburg,"Central Shenandoah",765,56,23
05/29/2020,51670,Hopewell,Crater,85,11,0
05/29/2020,51678,Lexington,"Central Shenandoah",7,0,0
05/29/2020,51680,Lynchburg,"Central Virginia",80,6,1
05/29/2020,51683,"Manassas City","Prince William",1004,63,10
05/29/2020,51685,"Manassas Park","Prince William",287,29,6
05/29/2020,51690,Martinsville,"West Piedmont",31,6,1
05/29/2020,51700,"Newport News",Peninsula,257,39,10
05/29/2020,51710,Norfolk,Norfolk,470,67,6
05/29/2020,51720,Norton,Lenowisco,2,2,0
05/29/2020,51730,Petersburg,Crater,118,23,3
05/29/2020,51735,Poquoson,Peninsula,7,2,0
05/29/2020,51740,Portsmouth,Portsmouth,294,43,11
05/29/2020,51750,Radford,"New River",6,0,0
05/29/2020,51760,"Richmond City",Richmond,1202,146,22
05/29/2020,51770,"Roanoke City",Roanoke,152,9,9
05/29/2020,51775,Salem,Alleghany,34,3,3
05/29/2020,51790,Staunton,"Central Shenandoah",36,5,0
05/29/2020,51800,Suffolk,"Western Tidewater",311,49,32
05/29/2020,51810,"Virginia Beach","Virginia Beach",680,92,23
05/29/2020,51820,Waynesboro,"Central Shenandoah",41,2,0
05/29/2020,51830,Williamsburg,Peninsula,44,10,4
05/29/2020,51840,Winchester,"Lord Fairfax",176,11,2
05/30/2020,51001,Accomack,"Eastern Shore",863,48,12
05/30/2020,51003,Albemarle,"Thomas Jefferson",187,19,8
05/30/2020,51005,Alleghany,Alleghany,20,4,2
05/30/2020,51007,Amelia,Piedmont,25,8,1
05/30/2020,51009,Amherst,"Central Virginia",27,3,0
05/30/2020,51011,Appomattox,"Central Virginia",31,1,0
05/30/2020,51013,Arlington,Arlington,2107,371,113
05/30/2020,51015,Augusta,"Central Shenandoah",109,2,1
05/30/2020,51017,Bath,"Central Shenandoah",0,0,0
05/30/2020,51019,Bedford,"Central Virginia",51,2,2
05/30/2020,51021,Bland,"Mount Rogers",0,0,0
05/30/2020,51023,Botetourt,Alleghany,32,9,4
05/30/2020,51025,Brunswick,Southside,25,6,1
05/30/2020,51027,Buchanan,"Cumberland Plateau",18,0,0
05/30/2020,51029,Buckingham,Piedmont,456,16,3
05/30/2020,51031,Campbell,"Central Virginia",18,4,1
05/30/2020,51033,Caroline,Rappahannock,64,5,2
05/30/2020,51035,Carroll,"Mount Rogers",91,3,1
05/30/2020,51036,"Charles City",Chickahominy,27,10,1
05/30/2020,51037,Charlotte,Piedmont,23,4,0
05/30/2020,51041,Chesterfield,Chesterfield,1461,78,35
05/30/2020,51043,Clarke,"Lord Fairfax",25,3,0
05/30/2020,51045,Craig,Alleghany,5,0,0
05/30/2020,51047,Culpeper,"Rappahannock Rapidan",674,46,6
05/30/2020,51049,Cumberland,Piedmont,37,4,0
05/30/2020,51051,Dickenson,"Cumberland Plateau",0,0,0
05/30/2020,51053,Dinwiddie,Crater,77,12,0
05/30/2020,51057,Essex,"Three Rivers",46,4,0
05/30/2020,51059,Fairfax,Fairfax,10906,1300,383
05/30/2020,51061,Fauquier,"Rappahannock Rapidan",312,21,6
05/30/2020,51063,Floyd,"New River",6,2,0
05/30/2020,51065,Fluvanna,"Thomas Jefferson",91,23,6
05/30/2020,51067,"Franklin County","West Piedmont",36,4,1
05/30/2020,51069,Frederick,"Lord Fairfax",344,22,4
05/30/2020,51071,Giles,"New River",5,0,0
05/30/2020,51073,Gloucester,"Three Rivers",31,8,1
05/30/2020,51075,Goochland,Chickahominy,96,18,6
05/30/2020,51077,Grayson,"Mount Rogers",37,4,0
05/30/2020,51079,Greene,"Thomas Jefferson",34,4,1
05/30/2020,51081,Greensville,Crater,73,14,7
05/30/2020,51083,Halifax,Southside,30,3,0
05/30/2020,51085,Hanover,Chickahominy,322,50,24
05/30/2020,51087,Henrico,Henrico,1754,201,133
05/30/2020,51089,Henry,"West Piedmont",104,9,3
05/30/2020,51091,Highland,"Central Shenandoah",3,0,0
05/30/2020,51093,"Isle of Wight","Western Tidewater",128,12,3
05/30/2020,51095,"James City",Peninsula,202,54,15
05/30/2020,51097,"King and Queen","Three Rivers",10,2,1
05/30/2020,51099,"King George",Rappahannock,65,14,4
05/30/2020,51101,"King William","Three Rivers",30,3,0
05/30/2020,51103,Lancaster,"Three Rivers",10,1,0
05/30/2020,51105,Lee,Lenowisco,9,1,0
05/30/2020,51107,Loudoun,Loudoun,2529,162,62
05/30/2020,51109,Louisa,"Thomas Jefferson",78,9,1
05/30/2020,51111,Lunenburg,Piedmont,13,0,0
05/30/2020,51113,Madison,"Rappahannock Rapidan",40,3,1
05/30/2020,51115,Mathews,"Three Rivers",5,2,0
05/30/2020,51117,Mecklenburg,Southside,217,29,21
05/30/2020,51119,Middlesex,"Three Rivers",15,1,0
05/30/2020,51121,Montgomery,"New River",73,9,1
05/30/2020,51125,Nelson,"Thomas Jefferson",17,0,0
05/30/2020,51127,"New Kent",Chickahominy,36,6,1
05/30/2020,51131,Northampton,"Eastern Shore",230,27,20
05/30/2020,51133,Northumberland,"Three Rivers",25,0,1
05/30/2020,51135,Nottoway,Piedmont,28,5,0
05/30/2020,51137,Orange,"Rappahannock Rapidan",101,7,1
05/30/2020,51139,Page,"Lord Fairfax",219,24,21
05/30/2020,51141,Patrick,"West Piedmont",18,0,0
05/30/2020,51143,Pittsylvania,Pittsylvania-Danville,40,13,1
05/30/2020,51145,Powhatan,Chesterfield,32,0,0
05/30/2020,51147,"Prince Edward",Piedmont,134,10,2
05/30/2020,51149,"Prince George",Crater,126,6,0
05/30/2020,51153,"Prince William","Prince William",5412,460,104
05/30/2020,51155,Pulaski,"New River",19,4,0
05/30/2020,51157,Rappahannock,"Rappahannock Rapidan",13,1,0
05/30/2020,51159,"Richmond County","Three Rivers",275,9,4
05/30/2020,51161,"Roanoke County",Alleghany,104,8,7
05/30/2020,51163,Rockbridge,"Central Shenandoah",18,0,0
05/30/2020,51165,Rockingham,"Central Shenandoah",511,53,6
05/30/2020,51167,Russell,"Cumberland Plateau",8,2,0
05/30/2020,51169,Scott,Lenowisco,7,2,2
05/30/2020,51171,Shenandoah,"Lord Fairfax",444,44,21
05/30/2020,51173,Smyth,"Mount Rogers",15,4,0
05/30/2020,51175,Southampton,"Western Tidewater",146,6,2
05/30/2020,51177,Spotsylvania,Rappahannock,524,40,7
05/30/2020,51179,Stafford,Rappahannock,702,72,4
05/30/2020,51181,Surry,Crater,10,3,1
05/30/2020,51183,Sussex,Crater,154,8,2
05/30/2020,51185,Tazewell,"Cumberland Plateau",7,0,0
05/30/2020,51187,Warren,"Lord Fairfax",155,14,2
05/30/2020,51191,Washington,"Mount Rogers",51,8,4
05/30/2020,51193,Westmoreland,"Three Rivers",63,8,1
05/30/2020,51195,Wise,Lenowisco,24,11,2
05/30/2020,51197,Wythe,"Mount Rogers",21,1,1
05/30/2020,51199,York,Peninsula,72,9,3
05/30/2020,51510,Alexandria,Alexandria,1960,187,44
05/30/2020,51520,Bristol,"Mount Rogers",4,1,0
05/30/2020,51530,"Buena Vista City","Central Shenandoah",13,1,0
05/30/2020,51540,Charlottesville,"Thomas Jefferson",108,15,3
05/30/2020,51550,Chesapeake,Chesapeake,520,87,15
05/30/2020,51570,"Colonial Heights",Chesterfield,91,10,17
05/30/2020,51580,Covington,Alleghany,4,0,0
05/30/2020,51590,Danville,Pittsylvania-Danville,51,15,2
05/30/2020,51595,Emporia,Crater,78,13,5
05/30/2020,51600,"Fairfax City",Fairfax,65,8,6
05/30/2020,51610,"Falls Church",Fairfax,55,11,8
05/30/2020,51620,"Franklin City","Western Tidewater",42,3,2
05/30/2020,51630,Fredericksburg,Rappahannock,158,19,0
05/30/2020,51640,Galax,"Mount Rogers",112,4,0
05/30/2020,51650,Hampton,Hampton,197,30,3
05/30/2020,51660,Harrisonburg,"Central Shenandoah",774,57,23
05/30/2020,51670,Hopewell,Crater,87,11,0
05/30/2020,51678,Lexington,"Central Shenandoah",7,0,0
05/30/2020,51680,Lynchburg,"Central Virginia",80,6,1
05/30/2020,51683,"Manassas City","Prince William",1046,64,10
05/30/2020,51685,"Manassas Park","Prince William",299,29,6
05/30/2020,51690,Martinsville,"West Piedmont",31,6,1
05/30/2020,51700,"Newport News",Peninsula,258,40,10
05/30/2020,51710,Norfolk,Norfolk,490,69,6
05/30/2020,51720,Norton,Lenowisco,2,2,0
05/30/2020,51730,Petersburg,Crater,127,23,3
05/30/2020,51735,Poquoson,Peninsula,7,2,0
05/30/2020,51740,Portsmouth,Portsmouth,307,44,11
05/30/2020,51750,Radford,"New River",6,0,0
05/30/2020,51760,"Richmond City",Richmond,1249,149,24
05/30/2020,51770,"Roanoke City",Roanoke,155,9,9
05/30/2020,51775,Salem,Alleghany,34,3,3
05/30/2020,51790,Staunton,"Central Shenandoah",39,5,0
05/30/2020,51800,Suffolk,"Western Tidewater",314,50,32
05/30/2020,51810,"Virginia Beach","Virginia Beach",699,92,23
05/30/2020,51820,Waynesboro,"Central Shenandoah",43,2,0
05/30/2020,51830,Williamsburg,Peninsula,44,10,4
05/30/2020,51840,Winchester,"Lord Fairfax",187,12,2
05/31/2020,51001,Accomack,"Eastern Shore",909,48,12
05/31/2020,51003,Albemarle,"Thomas Jefferson",187,19,8
05/31/2020,51005,Alleghany,Alleghany,20,4,2
05/31/2020,51007,Amelia,Piedmont,25,8,1
05/31/2020,51009,Amherst,"Central Virginia",27,3,0
05/31/2020,51011,Appomattox,"Central Virginia",31,1,0
05/31/2020,51013,Arlington,Arlington,2116,372,115
05/31/2020,51015,Augusta,"Central Shenandoah",109,2,1
05/31/2020,51017,Bath,"Central Shenandoah",0,0,0
05/31/2020,51019,Bedford,"Central Virginia",57,2,2
05/31/2020,51021,Bland,"Mount Rogers",0,0,0
05/31/2020,51023,Botetourt,Alleghany,32,9,4
05/31/2020,51025,Brunswick,Southside,25,6,1
05/31/2020,51027,Buchanan,"Cumberland Plateau",18,0,0
05/31/2020,51029,Buckingham,Piedmont,459,16,3
05/31/2020,51031,Campbell,"Central Virginia",18,4,1
05/31/2020,51033,Caroline,Rappahannock,67,5,2
05/31/2020,51035,Carroll,"Mount Rogers",96,3,1
05/31/2020,51036,"Charles City",Chickahominy,27,10,1
05/31/2020,51037,Charlotte,Piedmont,23,4,0
05/31/2020,51041,Chesterfield,Chesterfield,1548,78,35
05/31/2020,51043,Clarke,"Lord Fairfax",27,3,0
05/31/2020,51045,Craig,Alleghany,5,0,0
05/31/2020,51047,Culpeper,"Rappahannock Rapidan",691,48,6
05/31/2020,51049,Cumberland,Piedmont,37,4,0
05/31/2020,51051,Dickenson,"Cumberland Plateau",0,0,0
05/31/2020,51053,Dinwiddie,Crater,80,12,0
05/31/2020,51057,Essex,"Three Rivers",48,4,0
05/31/2020,51059,Fairfax,Fairfax,11110,1311,383
05/31/2020,51061,Fauquier,"Rappahannock Rapidan",315,21,6
05/31/2020,51063,Floyd,"New River",6,2,0
05/31/2020,51065,Fluvanna,"Thomas Jefferson",92,23,6
05/31/2020,51067,"Franklin County","West Piedmont",36,4,1
05/31/2020,51069,Frederick,"Lord Fairfax",349,23,4
05/31/2020,51071,Giles,"New River",5,0,0
05/31/2020,51073,Gloucester,"Three Rivers",31,8,1
05/31/2020,51075,Goochland,Chickahominy,99,18,6
05/31/2020,51077,Grayson,"Mount Rogers",38,4,0
05/31/2020,51079,Greene,"Thomas Jefferson",34,4,1
05/31/2020,51081,Greensville,Crater,73,14,7
05/31/2020,51083,Halifax,Southside,30,3,0
05/31/2020,51085,Hanover,Chickahominy,326,51,24
05/31/2020,51087,Henrico,Henrico,1820,203,133
05/31/2020,51089,Henry,"West Piedmont",113,9,3
05/31/2020,51091,Highland,"Central Shenandoah",3,0,0
05/31/2020,51093,"Isle of Wight","Western Tidewater",128,12,3
05/31/2020,51095,"James City",Peninsula,205,54,15
05/31/2020,51097,"King and Queen","Three Rivers",13,2,1
05/31/2020,51099,"King George",Rappahannock,68,14,4
05/31/2020,51101,"King William","Three Rivers",30,3,0
05/31/2020,51103,Lancaster,"Three Rivers",10,1,0
05/31/2020,51105,Lee,Lenowisco,9,1,0
05/31/2020,51107,Loudoun,Loudoun,2575,163,62
05/31/2020,51109,Louisa,"Thomas Jefferson",79,9,1
05/31/2020,51111,Lunenburg,Piedmont,13,0,0
05/31/2020,51113,Madison,"Rappahannock Rapidan",41,3,1
05/31/2020,51115,Mathews,"Three Rivers",5,2,0
05/31/2020,51117,Mecklenburg,Southside,217,29,21
05/31/2020,51119,Middlesex,"Three Rivers",15,1,0
05/31/2020,51121,Montgomery,"New River",77,9,1
05/31/2020,51125,Nelson,"Thomas Jefferson",17,0,0
05/31/2020,51127,"New Kent",Chickahominy,36,6,1
05/31/2020,51131,Northampton,"Eastern Shore",237,28,23
05/31/2020,51133,Northumberland,"Three Rivers",25,0,1
05/31/2020,51135,Nottoway,Piedmont,29,5,0
05/31/2020,51137,Orange,"Rappahannock Rapidan",102,7,1
05/31/2020,51139,Page,"Lord Fairfax",220,24,21
05/31/2020,51141,Patrick,"West Piedmont",19,0,0
05/31/2020,51143,Pittsylvania,Pittsylvania-Danville,44,12,1
05/31/2020,51145,Powhatan,Chesterfield,35,0,0
05/31/2020,51147,"Prince Edward",Piedmont,134,10,2
05/31/2020,51149,"Prince George",Crater,126,6,0
05/31/2020,51153,"Prince William","Prince William",5533,463,104
05/31/2020,51155,Pulaski,"New River",19,4,0
05/31/2020,51157,Rappahannock,"Rappahannock Rapidan",13,1,0
05/31/2020,51159,"Richmond County","Three Rivers",276,9,4
05/31/2020,51161,"Roanoke County",Alleghany,105,8,7
05/31/2020,51163,Rockbridge,"Central Shenandoah",18,0,0
05/31/2020,51165,Rockingham,"Central Shenandoah",518,53,6
05/31/2020,51167,Russell,"Cumberland Plateau",8,2,0
05/31/2020,51169,Scott,Lenowisco,7,2,2
05/31/2020,51171,Shenandoah,"Lord Fairfax",448,44,21
05/31/2020,51173,Smyth,"Mount Rogers",15,4,0
05/31/2020,51175,Southampton,"Western Tidewater",147,6,2
05/31/2020,51177,Spotsylvania,Rappahannock,556,40,7
05/31/2020,51179,Stafford,Rappahannock,713,74,4
05/31/2020,51181,Surry,Crater,10,3,1
05/31/2020,51183,Sussex,Crater,154,8,2
05/31/2020,51185,Tazewell,"Cumberland Plateau",9,0,0
05/31/2020,51187,Warren,"Lord Fairfax",157,14,2
05/31/2020,51191,Washington,"Mount Rogers",51,8,4
05/31/2020,51193,Westmoreland,"Three Rivers",65,8,1
05/31/2020,51195,Wise,Lenowisco,25,11,2
05/31/2020,51197,Wythe,"Mount Rogers",23,2,1
05/31/2020,51199,York,Peninsula,74,9,3
05/31/2020,51510,Alexandria,Alexandria,1974,190,44
05/31/2020,51520,Bristol,"Mount Rogers",4,1,0
05/31/2020,51530,"Buena Vista City","Central Shenandoah",13,1,0
05/31/2020,51540,Charlottesville,"Thomas Jefferson",116,15,3
05/31/2020,51550,Chesapeake,Chesapeake,521,87,15
05/31/2020,51570,"Colonial Heights",Chesterfield,95,10,17
05/31/2020,51580,Covington,Alleghany,4,0,0
05/31/2020,51590,Danville,Pittsylvania-Danville,55,15,2
05/31/2020,51595,Emporia,Crater,79,13,5
05/31/2020,51600,"Fairfax City",Fairfax,65,8,6
05/31/2020,51610,"Falls Church",Fairfax,55,11,8
05/31/2020,51620,"Franklin City","Western Tidewater",42,3,2
05/31/2020,51630,Fredericksburg,Rappahannock,164,21,0
05/31/2020,51640,Galax,"Mount Rogers",123,12,0
05/31/2020,51650,Hampton,Hampton,207,30,3
05/31/2020,51660,Harrisonburg,"Central Shenandoah",779,57,23
05/31/2020,51670,Hopewell,Crater,90,11,0
05/31/2020,51678,Lexington,"Central Shenandoah",7,0,0
05/31/2020,51680,Lynchburg,"Central Virginia",80,6,1
05/31/2020,51683,"Manassas City","Prince William",1092,64,10
05/31/2020,51685,"Manassas Park","Prince William",305,29,6
05/31/2020,51690,Martinsville,"West Piedmont",31,6,1
05/31/2020,51700,"Newport News",Peninsula,273,40,10
05/31/2020,51710,Norfolk,Norfolk,503,69,6
05/31/2020,51720,Norton,Lenowisco,2,2,0
05/31/2020,51730,Petersburg,Crater,134,23,3
05/31/2020,51735,Poquoson,Peninsula,8,2,0
05/31/2020,51740,Portsmouth,Portsmouth,308,44,11
05/31/2020,51750,Radford,"New River",6,0,0
05/31/2020,51760,"Richmond City",Richmond,1316,151,24
05/31/2020,51770,"Roanoke City",Roanoke,160,9,9
05/31/2020,51775,Salem,Alleghany,34,3,3
05/31/2020,51790,Staunton,"Central Shenandoah",45,5,0
05/31/2020,51800,Suffolk,"Western Tidewater",315,50,32
05/31/2020,51810,"Virginia Beach","Virginia Beach",708,94,23
05/31/2020,51820,Waynesboro,"Central Shenandoah",46,2,0
05/31/2020,51830,Williamsburg,Peninsula,44,10,4
05/31/2020,51840,Winchester,"Lord Fairfax",189,12,2
06/01/2020,51001,Accomack,"Eastern Shore",917,49,12
06/01/2020,51003,Albemarle,"Thomas Jefferson",199,19,8
06/01/2020,51005,Alleghany,Alleghany,23,4,2
06/01/2020,51007,Amelia,Piedmont,25,8,1
06/01/2020,51009,Amherst,"Central Virginia",27,3,0
06/01/2020,51011,Appomattox,"Central Virginia",31,1,0
06/01/2020,51013,Arlington,Arlington,2123,376,116
06/01/2020,51015,Augusta,"Central Shenandoah",112,2,1
06/01/2020,51017,Bath,"Central Shenandoah",0,0,0
06/01/2020,51019,Bedford,"Central Virginia",60,2,2
06/01/2020,51021,Bland,"Mount Rogers",0,0,0
06/01/2020,51023,Botetourt,Alleghany,32,9,4
06/01/2020,51025,Brunswick,Southside,27,6,1
06/01/2020,51027,Buchanan,"Cumberland Plateau",18,0,0
06/01/2020,51029,Buckingham,Piedmont,461,16,3
06/01/2020,51031,Campbell,"Central Virginia",18,4,1
06/01/2020,51033,Caroline,Rappahannock,69,6,2
06/01/2020,51035,Carroll,"Mount Rogers",97,3,1
06/01/2020,51036,"Charles City",Chickahominy,27,10,1
06/01/2020,51037,Charlotte,Piedmont,24,4,0
06/01/2020,51041,Chesterfield,Chesterfield,1568,78,35
06/01/2020,51043,Clarke,"Lord Fairfax",28,3,0
06/01/2020,51045,Craig,Alleghany,5,0,0
06/01/2020,51047,Culpeper,"Rappahannock Rapidan",713,48,6
06/01/2020,51049,Cumberland,Piedmont,38,4,0
06/01/2020,51051,Dickenson,"Cumberland Plateau",0,0,0
06/01/2020,51053,Dinwiddie,Crater,83,12,0
06/01/2020,51057,Essex,"Three Rivers",48,4,0
06/01/2020,51059,Fairfax,Fairfax,11219,1329,387
06/01/2020,51061,Fauquier,"Rappahannock Rapidan",323,21,6
06/01/2020,51063,Floyd,"New River",6,2,0
06/01/2020,51065,Fluvanna,"Thomas Jefferson",92,23,6
06/01/2020,51067,"Franklin County","West Piedmont",36,4,1
06/01/2020,51069,Frederick,"Lord Fairfax",359,23,4
06/01/2020,51071,Giles,"New River",5,0,0
06/01/2020,51073,Gloucester,"Three Rivers",31,8,1
06/01/2020,51075,Goochland,Chickahominy,99,18,6
06/01/2020,51077,Grayson,"Mount Rogers",38,4,0
06/01/2020,51079,Greene,"Thomas Jefferson",34,4,1
06/01/2020,51081,Greensville,Crater,74,14,7
06/01/2020,51083,Halifax,Southside,30,3,0
06/01/2020,51085,Hanover,Chickahominy,327,51,24
06/01/2020,51087,Henrico,Henrico,1858,203,134
06/01/2020,51089,Henry,"West Piedmont",114,9,3
06/01/2020,51091,Highland,"Central Shenandoah",3,0,0
06/01/2020,51093,"Isle of Wight","Western Tidewater",128,12,3
06/01/2020,51095,"James City",Peninsula,206,54,15
06/01/2020,51097,"King and Queen","Three Rivers",13,2,1
06/01/2020,51099,"King George",Rappahannock,69,14,4
06/01/2020,51101,"King William","Three Rivers",31,3,0
06/01/2020,51103,Lancaster,"Three Rivers",10,1,0
06/01/2020,51105,Lee,Lenowisco,9,1,0
06/01/2020,51107,Loudoun,Loudoun,2611,163,66
06/01/2020,51109,Louisa,"Thomas Jefferson",79,9,1
06/01/2020,51111,Lunenburg,Piedmont,13,0,0
06/01/2020,51113,Madison,"Rappahannock Rapidan",41,3,1
06/01/2020,51115,Mathews,"Three Rivers",5,2,0
06/01/2020,51117,Mecklenburg,Southside,218,29,21
06/01/2020,51119,Middlesex,"Three Rivers",15,1,0
06/01/2020,51121,Montgomery,"New River",78,9,1
06/01/2020,51125,Nelson,"Thomas Jefferson",17,0,0
06/01/2020,51127,"New Kent",Chickahominy,36,6,1
06/01/2020,51131,Northampton,"Eastern Shore",241,28,23
06/01/2020,51133,Northumberland,"Three Rivers",25,0,1
06/01/2020,51135,Nottoway,Piedmont,33,5,0
06/01/2020,51137,Orange,"Rappahannock Rapidan",106,7,1
06/01/2020,51139,Page,"Lord Fairfax",225,25,21
06/01/2020,51141,Patrick,"West Piedmont",19,0,0
06/01/2020,51143,Pittsylvania,Pittsylvania-Danville,44,12,1
06/01/2020,51145,Powhatan,Chesterfield,35,0,0
06/01/2020,51147,"Prince Edward",Piedmont,137,11,2
06/01/2020,51149,"Prince George",Crater,129,7,0
06/01/2020,51153,"Prince William","Prince William",5663,470,104
06/01/2020,51155,Pulaski,"New River",19,4,0
06/01/2020,51157,Rappahannock,"Rappahannock Rapidan",13,1,0
06/01/2020,51159,"Richmond County","Three Rivers",287,9,4
06/01/2020,51161,"Roanoke County",Alleghany,106,8,7
06/01/2020,51163,Rockbridge,"Central Shenandoah",18,0,0
06/01/2020,51165,Rockingham,"Central Shenandoah",541,53,6
06/01/2020,51167,Russell,"Cumberland Plateau",8,2,0
06/01/2020,51169,Scott,Lenowisco,7,2,2
06/01/2020,51171,Shenandoah,"Lord Fairfax",458,44,21
06/01/2020,51173,Smyth,"Mount Rogers",15,4,0
06/01/2020,51175,Southampton,"Western Tidewater",147,6,2
06/01/2020,51177,Spotsylvania,Rappahannock,571,41,7
06/01/2020,51179,Stafford,Rappahannock,722,75,5
06/01/2020,51181,Surry,Crater,10,3,1
06/01/2020,51183,Sussex,Crater,161,8,2
06/01/2020,51185,Tazewell,"Cumberland Plateau",9,0,0
06/01/2020,51187,Warren,"Lord Fairfax",157,14,2
06/01/2020,51191,Washington,"Mount Rogers",51,8,4
06/01/2020,51193,Westmoreland,"Three Rivers",68,8,1
06/01/2020,51195,Wise,Lenowisco,25,11,2
06/01/2020,51197,Wythe,"Mount Rogers",23,2,1
06/01/2020,51199,York,Peninsula,77,9,3
06/01/2020,51510,Alexandria,Alexandria,1981,192,45
06/01/2020,51520,Bristol,"Mount Rogers",4,1,0
06/01/2020,51530,"Buena Vista City","Central Shenandoah",13,1,0
06/01/2020,51540,Charlottesville,"Thomas Jefferson",125,15,3
06/01/2020,51550,Chesapeake,Chesapeake,535,88,15
06/01/2020,51570,"Colonial Heights",Chesterfield,96,10,17
06/01/2020,51580,Covington,Alleghany,4,0,0
06/01/2020,51590,Danville,Pittsylvania-Danville,56,16,2
06/01/2020,51595,Emporia,Crater,82,13,6
06/01/2020,51600,"Fairfax City",Fairfax,67,8,6
06/01/2020,51610,"Falls Church",Fairfax,55,11,8
06/01/2020,51620,"Franklin City","Western Tidewater",42,3,2
06/01/2020,51630,Fredericksburg,Rappahannock,166,22,0
06/01/2020,51640,Galax,"Mount Rogers",124,12,0
06/01/2020,51650,Hampton,Hampton,210,30,3
06/01/2020,51660,Harrisonburg,"Central Shenandoah",797,59,23
06/01/2020,51670,Hopewell,Crater,92,11,1
06/01/2020,51678,Lexington,"Central Shenandoah",7,0,0
06/01/2020,51680,Lynchburg,"Central Virginia",80,6,1
06/01/2020,51683,"Manassas City","Prince William",1105,68,11
06/01/2020,51685,"Manassas Park","Prince William",317,31,6
06/01/2020,51690,Martinsville,"West Piedmont",32,6,1
06/01/2020,51700,"Newport News",Peninsula,282,40,10
06/01/2020,51710,Norfolk,Norfolk,521,69,6
06/01/2020,51720,Norton,Lenowisco,2,2,0
06/01/2020,51730,Petersburg,Crater,138,24,3
06/01/2020,51735,Poquoson,Peninsula,8,2,0
06/01/2020,51740,Portsmouth,Portsmouth,313,44,11
06/01/2020,51750,Radford,"New River",6,0,0
06/01/2020,51760,"Richmond City",Richmond,1397,151,25
06/01/2020,51770,"Roanoke City",Roanoke,167,9,9
06/01/2020,51775,Salem,Alleghany,34,3,3
06/01/2020,51790,Staunton,"Central Shenandoah",47,5,0
06/01/2020,51800,Suffolk,"Western Tidewater",316,51,33
06/01/2020,51810,"Virginia Beach","Virginia Beach",745,94,23
06/01/2020,51820,Waynesboro,"Central Shenandoah",47,2,0
06/01/2020,51830,Williamsburg,Peninsula,44,10,4
06/01/2020,51840,Winchester,"Lord Fairfax",191,12,2
06/02/2020,51001,Accomack,"Eastern Shore",939,49,12
06/02/2020,51003,Albemarle,"Thomas Jefferson",200,19,8
06/02/2020,51005,Alleghany,Alleghany,24,4,2
06/02/2020,51007,Amelia,Piedmont,26,8,1
06/02/2020,51009,Amherst,"Central Virginia",27,3,0
06/02/2020,51011,Appomattox,"Central Virginia",31,1,0
06/02/2020,51013,Arlington,Arlington,2133,377,117
06/02/2020,51015,Augusta,"Central Shenandoah",115,4,2
06/02/2020,51017,Bath,"Central Shenandoah",0,0,0
06/02/2020,51019,Bedford,"Central Virginia",62,2,2
06/02/2020,51021,Bland,"Mount Rogers",0,0,0
06/02/2020,51023,Botetourt,Alleghany,34,9,4
06/02/2020,51025,Brunswick,Southside,28,6,1
06/02/2020,51027,Buchanan,"Cumberland Plateau",18,0,0
06/02/2020,51029,Buckingham,Piedmont,465,16,3
06/02/2020,51031,Campbell,"Central Virginia",18,4,1
06/02/2020,51033,Caroline,Rappahannock,76,6,2
06/02/2020,51035,Carroll,"Mount Rogers",100,3,1
06/02/2020,51036,"Charles City",Chickahominy,27,10,1
06/02/2020,51037,Charlotte,Piedmont,25,4,0
06/02/2020,51041,Chesterfield,Chesterfield,1627,78,37
06/02/2020,51043,Clarke,"Lord Fairfax",28,3,0
06/02/2020,51045,Craig,Alleghany,5,0,0
06/02/2020,51047,Culpeper,"Rappahannock Rapidan",720,50,8
06/02/2020,51049,Cumberland,Piedmont,38,4,0
06/02/2020,51051,Dickenson,"Cumberland Plateau",0,0,0
06/02/2020,51053,Dinwiddie,Crater,83,12,0
06/02/2020,51057,Essex,"Three Rivers",48,4,0
06/02/2020,51059,Fairfax,Fairfax,11426,1358,391
06/02/2020,51061,Fauquier,"Rappahannock Rapidan",326,22,6
06/02/2020,51063,Floyd,"New River",7,2,0
06/02/2020,51065,Fluvanna,"Thomas Jefferson",92,23,6
06/02/2020,51067,"Franklin County","West Piedmont",36,5,1
06/02/2020,51069,Frederick,"Lord Fairfax",371,23,4
06/02/2020,51071,Giles,"New River",5,0,0
06/02/2020,51073,Gloucester,"Three Rivers",31,8,1
06/02/2020,51075,Goochland,Chickahominy,101,18,6
06/02/2020,51077,Grayson,"Mount Rogers",40,4,0
06/02/2020,51079,Greene,"Thomas Jefferson",34,4,1
06/02/2020,51081,Greensville,Crater,100,14,7
06/02/2020,51083,Halifax,Southside,30,3,0
06/02/2020,51085,Hanover,Chickahominy,335,51,24
06/02/2020,51087,Henrico,Henrico,1919,208,135
06/02/2020,51089,Henry,"West Piedmont",136,10,3
06/02/2020,51091,Highland,"Central Shenandoah",3,0,0
06/02/2020,51093,"Isle of Wight","Western Tidewater",132,12,3
06/02/2020,51095,"James City",Peninsula,210,54,15
06/02/2020,51097,"King and Queen","Three Rivers",13,2,1
06/02/2020,51099,"King George",Rappahannock,70,14,4
06/02/2020,51101,"King William","Three Rivers",31,3,0
06/02/2020,51103,Lancaster,"Three Rivers",10,1,0
06/02/2020,51105,Lee,Lenowisco,9,1,0
06/02/2020,51107,Loudoun,Loudoun,2636,165,67
06/02/2020,51109,Louisa,"Thomas Jefferson",81,9,1
06/02/2020,51111,Lunenburg,Piedmont,15,0,0
06/02/2020,51113,Madison,"Rappahannock Rapidan",41,3,1
06/02/2020,51115,Mathews,"Three Rivers",5,2,0
06/02/2020,51117,Mecklenburg,Southside,218,30,22
06/02/2020,51119,Middlesex,"Three Rivers",15,1,0
06/02/2020,51121,Montgomery,"New River",80,9,1
06/02/2020,51125,Nelson,"Thomas Jefferson",17,0,0
06/02/2020,51127,"New Kent",Chickahominy,38,6,1
06/02/2020,51131,Northampton,"Eastern Shore",243,28,23
06/02/2020,51133,Northumberland,"Three Rivers",25,0,1
06/02/2020,51135,Nottoway,Piedmont,39,6,0
06/02/2020,51137,Orange,"Rappahannock Rapidan",110,7,1
06/02/2020,51139,Page,"Lord Fairfax",230,26,24
06/02/2020,51141,Patrick,"West Piedmont",19,0,0
06/02/2020,51143,Pittsylvania,Pittsylvania-Danville,45,12,1
06/02/2020,51145,Powhatan,Chesterfield,36,0,0
06/02/2020,51147,"Prince Edward",Piedmont,143,13,2
06/02/2020,51149,"Prince George",Crater,135,7,0
06/02/2020,51153,"Prince William","Prince William",5724,476,104
06/02/2020,51155,Pulaski,"New River",20,4,0
06/02/2020,51157,Rappahannock,"Rappahannock Rapidan",14,1,0
06/02/2020,51159,"Richmond County","Three Rivers",287,9,4
06/02/2020,51161,"Roanoke County",Alleghany,110,8,7
06/02/2020,51163,Rockbridge,"Central Shenandoah",19,1,0
06/02/2020,51165,Rockingham,"Central Shenandoah",545,53,6
06/02/2020,51167,Russell,"Cumberland Plateau",8,2,0
06/02/2020,51169,Scott,Lenowisco,7,2,2
06/02/2020,51171,Shenandoah,"Lord Fairfax",465,45,22
06/02/2020,51173,Smyth,"Mount Rogers",15,4,0
06/02/2020,51175,Southampton,"Western Tidewater",149,6,2
06/02/2020,51177,Spotsylvania,Rappahannock,586,42,7
06/02/2020,51179,Stafford,Rappahannock,733,75,5
06/02/2020,51181,Surry,Crater,11,3,1
06/02/2020,51183,Sussex,Crater,161,8,2
06/02/2020,51185,Tazewell,"Cumberland Plateau",9,0,0
06/02/2020,51187,Warren,"Lord Fairfax",166,14,2
06/02/2020,51191,Washington,"Mount Rogers",52,8,4
06/02/2020,51193,Westmoreland,"Three Rivers",70,8,1
06/02/2020,51195,Wise,Lenowisco,25,11,2
06/02/2020,51197,Wythe,"Mount Rogers",23,2,1
06/02/2020,51199,York,Peninsula,77,10,3
06/02/2020,51510,Alexandria,Alexandria,2000,193,44
06/02/2020,51520,Bristol,"Mount Rogers",4,1,0
06/02/2020,51530,"Buena Vista City","Central Shenandoah",13,1,0
06/02/2020,51540,Charlottesville,"Thomas Jefferson",128,15,3
06/02/2020,51550,Chesapeake,Chesapeake,541,89,15
06/02/2020,51570,"Colonial Heights",Chesterfield,96,10,17
06/02/2020,51580,Covington,Alleghany,4,0,0
06/02/2020,51590,Danville,Pittsylvania-Danville,57,16,2
06/02/2020,51595,Emporia,Crater,82,13,6
06/02/2020,51600,"Fairfax City",Fairfax,67,8,6
06/02/2020,51610,"Falls Church",Fairfax,55,11,8
06/02/2020,51620,"Franklin City","Western Tidewater",42,3,2
06/02/2020,51630,Fredericksburg,Rappahannock,172,22,0
06/02/2020,51640,Galax,"Mount Rogers",127,12,0
06/02/2020,51650,Hampton,Hampton,212,30,3
06/02/2020,51660,Harrisonburg,"Central Shenandoah",799,57,23
06/02/2020,51670,Hopewell,Crater,96,11,1
06/02/2020,51678,Lexington,"Central Shenandoah",7,0,0
06/02/2020,51680,Lynchburg,"Central Virginia",80,6,1
06/02/2020,51683,"Manassas City","Prince William",1135,70,11
06/02/2020,51685,"Manassas Park","Prince William",327,32,6
06/02/2020,51690,Martinsville,"West Piedmont",37,6,1
06/02/2020,51700,"Newport News",Peninsula,291,41,10
06/02/2020,51710,Norfolk,Norfolk,530,70,6
06/02/2020,51720,Norton,Lenowisco,2,2,0
06/02/2020,51730,Petersburg,Crater,141,24,3
06/02/2020,51735,Poquoson,Peninsula,8,2,0
06/02/2020,51740,Portsmouth,Portsmouth,325,47,11
06/02/2020,51750,Radford,"New River",6,0,0
06/02/2020,51760,"Richmond City",Richmond,1434,158,24
06/02/2020,51770,"Roanoke City",Roanoke,171,9,9
06/02/2020,51775,Salem,Alleghany,34,3,3
06/02/2020,51790,Staunton,"Central Shenandoah",49,5,0
06/02/2020,51800,Suffolk,"Western Tidewater",317,52,33
06/02/2020,51810,"Virginia Beach","Virginia Beach",752,95,23
06/02/2020,51820,Waynesboro,"Central Shenandoah",47,2,0
06/02/2020,51830,Williamsburg,Peninsula,44,10,4
06/02/2020,51840,Winchester,"Lord Fairfax",196,12,2
06/03/2020,51001,Accomack,"Eastern Shore",953,52,12
06/03/2020,51003,Albemarle,"Thomas Jefferson",204,19,8
06/03/2020,51005,Alleghany,Alleghany,24,4,2
06/03/2020,51007,Amelia,Piedmont,28,8,1
06/03/2020,51009,Amherst,"Central Virginia",27,3,0
06/03/2020,51011,Appomattox,"Central Virginia",31,1,0
06/03/2020,51013,Arlington,Arlington,2142,379,120
06/03/2020,51015,Augusta,"Central Shenandoah",115,4,2
06/03/2020,51017,Bath,"Central Shenandoah",0,0,0
06/03/2020,51019,Bedford,"Central Virginia",62,2,2
06/03/2020,51021,Bland,"Mount Rogers",0,0,0
06/03/2020,51023,Botetourt,Alleghany,34,9,4
06/03/2020,51025,Brunswick,Southside,30,6,1
06/03/2020,51027,Buchanan,"Cumberland Plateau",18,0,0
06/03/2020,51029,Buckingham,Piedmont,467,19,3
06/03/2020,51031,Campbell,"Central Virginia",18,4,1
06/03/2020,51033,Caroline,Rappahannock,76,6,2
06/03/2020,51035,Carroll,"Mount Rogers",105,3,1
06/03/2020,51036,"Charles City",Chickahominy,27,10,2
06/03/2020,51037,Charlotte,Piedmont,27,4,0
06/03/2020,51041,Chesterfield,Chesterfield,1661,85,37
06/03/2020,51043,Clarke,"Lord Fairfax",29,3,0
06/03/2020,51045,Craig,Alleghany,5,0,0
06/03/2020,51047,Culpeper,"Rappahannock Rapidan",727,51,8
06/03/2020,51049,Cumberland,Piedmont,39,4,0
06/03/2020,51051,Dickenson,"Cumberland Plateau",0,0,0
06/03/2020,51053,Dinwiddie,Crater,84,12,0
06/03/2020,51057,Essex,"Three Rivers",48,4,0
06/03/2020,51059,Fairfax,Fairfax,11596,1377,396
06/03/2020,51061,Fauquier,"Rappahannock Rapidan",329,23,6
06/03/2020,51063,Floyd,"New River",7,2,0
06/03/2020,51065,Fluvanna,"Thomas Jefferson",92,23,6
06/03/2020,51067,"Franklin County","West Piedmont",36,5,1
06/03/2020,51069,Frederick,"Lord Fairfax",378,24,4
06/03/2020,51071,Giles,"New River",5,0,0
06/03/2020,51073,Gloucester,"Three Rivers",31,8,1
06/03/2020,51075,Goochland,Chickahominy,103,18,6
06/03/2020,51077,Grayson,"Mount Rogers",42,4,0
06/03/2020,51079,Greene,"Thomas Jefferson",34,4,1
06/03/2020,51081,Greensville,Crater,150,14,7
06/03/2020,51083,Halifax,Southside,30,4,1
06/03/2020,51085,Hanover,Chickahominy,331,53,24
06/03/2020,51087,Henrico,Henrico,1933,214,134
06/03/2020,51089,Henry,"West Piedmont",145,10,3
06/03/2020,51091,Highland,"Central Shenandoah",3,0,0
06/03/2020,51093,"Isle of Wight","Western Tidewater",133,13,3
06/03/2020,51095,"James City",Peninsula,211,54,15
06/03/2020,51097,"King and Queen","Three Rivers",13,2,1
06/03/2020,51099,"King George",Rappahannock,70,14,4
06/03/2020,51101,"King William","Three Rivers",31,3,0
06/03/2020,51103,Lancaster,"Three Rivers",10,1,0
06/03/2020,51105,Lee,Lenowisco,9,1,0
06/03/2020,51107,Loudoun,Loudoun,2659,171,67
06/03/2020,51109,Louisa,"Thomas Jefferson",81,9,1
06/03/2020,51111,Lunenburg,Piedmont,15,0,0
06/03/2020,51113,Madison,"Rappahannock Rapidan",41,3,1
06/03/2020,51115,Mathews,"Three Rivers",5,2,0
06/03/2020,51117,Mecklenburg,Southside,219,30,23
06/03/2020,51119,Middlesex,"Three Rivers",15,1,0
06/03/2020,51121,Montgomery,"New River",80,9,1
06/03/2020,51125,Nelson,"Thomas Jefferson",17,0,0
06/03/2020,51127,"New Kent",Chickahominy,38,6,1
06/03/2020,51131,Northampton,"Eastern Shore",245,28,23
06/03/2020,51133,Northumberland,"Three Rivers",25,0,1
06/03/2020,51135,Nottoway,Piedmont,40,6,0
06/03/2020,51137,Orange,"Rappahannock Rapidan",111,9,1
06/03/2020,51139,Page,"Lord Fairfax",231,26,24
06/03/2020,51141,Patrick,"West Piedmont",21,0,0
06/03/2020,51143,Pittsylvania,Pittsylvania-Danville,45,12,1
06/03/2020,51145,Powhatan,Chesterfield,36,1,0
06/03/2020,51147,"Prince Edward",Piedmont,143,13,2
06/03/2020,51149,"Prince George",Crater,135,8,0
06/03/2020,51153,"Prince William","Prince William",5837,501,109
06/03/2020,51155,Pulaski,"New River",21,4,0
06/03/2020,51157,Rappahannock,"Rappahannock Rapidan",14,1,0
06/03/2020,51159,"Richmond County","Three Rivers",287,9,5
06/03/2020,51161,"Roanoke County",Alleghany,113,8,6
06/03/2020,51163,Rockbridge,"Central Shenandoah",19,1,0
06/03/2020,51165,Rockingham,"Central Shenandoah",548,54,6
06/03/2020,51167,Russell,"Cumberland Plateau",8,2,0
06/03/2020,51169,Scott,Lenowisco,7,2,2
06/03/2020,51171,Shenandoah,"Lord Fairfax",465,45,22
06/03/2020,51173,Smyth,"Mount Rogers",15,4,0
06/03/2020,51175,Southampton,"Western Tidewater",150,7,2
06/03/2020,51177,Spotsylvania,Rappahannock,590,42,7
06/03/2020,51179,Stafford,Rappahannock,738,76,5
06/03/2020,51181,Surry,Crater,11,3,1
06/03/2020,51183,Sussex,Crater,165,9,2
06/03/2020,51185,Tazewell,"Cumberland Plateau",9,0,0
06/03/2020,51187,Warren,"Lord Fairfax",204,15,3
06/03/2020,51191,Washington,"Mount Rogers",53,8,4
06/03/2020,51193,Westmoreland,"Three Rivers",76,8,1
06/03/2020,51195,Wise,Lenowisco,25,11,2
06/03/2020,51197,Wythe,"Mount Rogers",29,2,1
06/03/2020,51199,York,Peninsula,77,10,3
06/03/2020,51510,Alexandria,Alexandria,2016,197,46
06/03/2020,51520,Bristol,"Mount Rogers",4,1,0
06/03/2020,51530,"Buena Vista City","Central Shenandoah",13,1,0
06/03/2020,51540,Charlottesville,"Thomas Jefferson",128,15,3
06/03/2020,51550,Chesapeake,Chesapeake,548,90,15
06/03/2020,51570,"Colonial Heights",Chesterfield,96,14,17
06/03/2020,51580,Covington,Alleghany,4,0,0
06/03/2020,51590,Danville,Pittsylvania-Danville,58,16,2
06/03/2020,51595,Emporia,Crater,86,13,6
06/03/2020,51600,"Fairfax City",Fairfax,67,8,6
06/03/2020,51610,"Falls Church",Fairfax,55,11,8
06/03/2020,51620,"Franklin City","Western Tidewater",42,3,2
06/03/2020,51630,Fredericksburg,Rappahannock,172,22,0
06/03/2020,51640,Galax,"Mount Rogers",131,12,1
06/03/2020,51650,Hampton,Hampton,212,30,3
06/03/2020,51660,Harrisonburg,"Central Shenandoah",809,60,23
06/03/2020,51670,Hopewell,Crater,98,12,1
06/03/2020,51678,Lexington,"Central Shenandoah",7,0,0
06/03/2020,51680,Lynchburg,"Central Virginia",80,6,1
06/03/2020,51683,"Manassas City","Prince William",1154,74,12
06/03/2020,51685,"Manassas Park","Prince William",332,33,6
06/03/2020,51690,Martinsville,"West Piedmont",38,6,1
06/03/2020,51700,"Newport News",Peninsula,292,41,10
06/03/2020,51710,Norfolk,Norfolk,539,70,6
06/03/2020,51720,Norton,Lenowisco,2,2,0
06/03/2020,51730,Petersburg,Crater,143,27,3
06/03/2020,51735,Poquoson,Peninsula,8,2,0
06/03/2020,51740,Portsmouth,Portsmouth,322,47,11
06/03/2020,51750,Radford,"New River",6,0,0
06/03/2020,51760,"Richmond City",Richmond,1455,161,24
06/03/2020,51770,"Roanoke City",Roanoke,176,10,10
06/03/2020,51775,Salem,Alleghany,36,3,3
06/03/2020,51790,Staunton,"Central Shenandoah",50,5,0
06/03/2020,51800,Suffolk,"Western Tidewater",318,52,33
06/03/2020,51810,"Virginia Beach","Virginia Beach",752,97,23
06/03/2020,51820,Waynesboro,"Central Shenandoah",47,2,0
06/03/2020,51830,Williamsburg,Peninsula,45,10,4
06/03/2020,51840,Winchester,"Lord Fairfax",198,12,2
06/04/2020,51001,Accomack,"Eastern Shore",966,53,12
06/04/2020,51003,Albemarle,"Thomas Jefferson",213,19,8
06/04/2020,51005,Alleghany,Alleghany,24,4,2
06/04/2020,51007,Amelia,Piedmont,28,8,1
06/04/2020,51009,Amherst,"Central Virginia",27,3,0
06/04/2020,51011,Appomattox,"Central Virginia",31,1,0
06/04/2020,51013,Arlington,Arlington,2150,384,120
06/04/2020,51015,Augusta,"Central Shenandoah",122,4,2
06/04/2020,51017,Bath,"Central Shenandoah",0,0,0
06/04/2020,51019,Bedford,"Central Virginia",63,2,2
06/04/2020,51021,Bland,"Mount Rogers",0,0,0
06/04/2020,51023,Botetourt,Alleghany,34,9,4
06/04/2020,51025,Brunswick,Southside,31,6,1
06/04/2020,51027,Buchanan,"Cumberland Plateau",18,0,0
06/04/2020,51029,Buckingham,Piedmont,469,19,3
06/04/2020,51031,Campbell,"Central Virginia",18,4,1
06/04/2020,51033,Caroline,Rappahannock,76,6,3
06/04/2020,51035,Carroll,"Mount Rogers",122,4,1
06/04/2020,51036,"Charles City",Chickahominy,27,10,2
06/04/2020,51037,Charlotte,Piedmont,28,4,0
06/04/2020,51041,Chesterfield,Chesterfield,1721,86,37
06/04/2020,51043,Clarke,"Lord Fairfax",31,3,0
06/04/2020,51045,Craig,Alleghany,5,0,0
06/04/2020,51047,Culpeper,"Rappahannock Rapidan",732,53,8
06/04/2020,51049,Cumberland,Piedmont,39,4,0
06/04/2020,51051,Dickenson,"Cumberland Plateau",0,0,0
06/04/2020,51053,Dinwiddie,Crater,90,13,0
06/04/2020,51057,Essex,"Three Rivers",52,4,0
06/04/2020,51059,Fairfax,Fairfax,11815,1386,403
06/04/2020,51061,Fauquier,"Rappahannock Rapidan",334,24,6
06/04/2020,51063,Floyd,"New River",6,2,1
06/04/2020,51065,Fluvanna,"Thomas Jefferson",94,23,6
06/04/2020,51067,"Franklin County","West Piedmont",37,5,1
06/04/2020,51069,Frederick,"Lord Fairfax",384,25,4
06/04/2020,51071,Giles,"New River",5,0,0
06/04/2020,51073,Gloucester,"Three Rivers",31,8,1
06/04/2020,51075,Goochland,Chickahominy,103,18,6
06/04/2020,51077,Grayson,"Mount Rogers",46,4,0
06/04/2020,51079,Greene,"Thomas Jefferson",34,4,1
06/04/2020,51081,Greensville,Crater,213,14,7
06/04/2020,51083,Halifax,Southside,31,4,1
06/04/2020,51085,Hanover,Chickahominy,336,53,24
06/04/2020,51087,Henrico,Henrico,1946,217,134
06/04/2020,51089,Henry,"West Piedmont",152,11,3
06/04/2020,51091,Highland,"Central Shenandoah",3,0,0
06/04/2020,51093,"Isle of Wight","Western Tidewater",133,13,3
06/04/2020,51095,"James City",Peninsula,211,54,15
06/04/2020,51097,"King and Queen","Three Rivers",21,2,1
06/04/2020,51099,"King George",Rappahannock,72,14,4
06/04/2020,51101,"King William","Three Rivers",31,3,0
06/04/2020,51103,Lancaster,"Three Rivers",10,1,0
06/04/2020,51105,Lee,Lenowisco,9,1,0
06/04/2020,51107,Loudoun,Loudoun,2794,173,67
06/04/2020,51109,Louisa,"Thomas Jefferson",84,11,1
06/04/2020,51111,Lunenburg,Piedmont,16,0,0
06/04/2020,51113,Madison,"Rappahannock Rapidan",41,3,1
06/04/2020,51115,Mathews,"Three Rivers",5,2,0
06/04/2020,51117,Mecklenburg,Southside,219,30,23
06/04/2020,51119,Middlesex,"Three Rivers",15,1,0
06/04/2020,51121,Montgomery,"New River",82,9,1
06/04/2020,51125,Nelson,"Thomas Jefferson",17,0,0
06/04/2020,51127,"New Kent",Chickahominy,39,6,1
06/04/2020,51131,Northampton,"Eastern Shore",247,29,25
06/04/2020,51133,Northumberland,"Three Rivers",25,0,1
06/04/2020,51135,Nottoway,Piedmont,40,7,0
06/04/2020,51137,Orange,"Rappahannock Rapidan",115,9,1
06/04/2020,51139,Page,"Lord Fairfax",231,26,24
06/04/2020,51141,Patrick,"West Piedmont",22,0,0
06/04/2020,51143,Pittsylvania,Pittsylvania-Danville,45,12,1
06/04/2020,51145,Powhatan,Chesterfield,36,1,0
06/04/2020,51147,"Prince Edward",Piedmont,146,15,2
06/04/2020,51149,"Prince George",Crater,142,8,0
06/04/2020,51153,"Prince William","Prince William",5932,512,110
06/04/2020,51155,Pulaski,"New River",21,4,0
06/04/2020,51157,Rappahannock,"Rappahannock Rapidan",15,1,0
06/04/2020,51159,"Richmond County","Three Rivers",287,9,5
06/04/2020,51161,"Roanoke County",Alleghany,113,8,6
06/04/2020,51163,Rockbridge,"Central Shenandoah",18,1,0
06/04/2020,51165,Rockingham,"Central Shenandoah",555,54,6
06/04/2020,51167,Russell,"Cumberland Plateau",8,2,0
06/04/2020,51169,Scott,Lenowisco,7,2,2
06/04/2020,51171,Shenandoah,"Lord Fairfax",470,45,22
06/04/2020,51173,Smyth,"Mount Rogers",15,4,0
06/04/2020,51175,Southampton,"Western Tidewater",150,7,2
06/04/2020,51177,Spotsylvania,Rappahannock,593,44,7
06/04/2020,51179,Stafford,Rappahannock,742,76,5
06/04/2020,51181,Surry,Crater,10,3,1
06/04/2020,51183,Sussex,Crater,173,9,2
06/04/2020,51185,Tazewell,"Cumberland Plateau",9,0,0
06/04/2020,51187,Warren,"Lord Fairfax",217,15,3
06/04/2020,51191,Washington,"Mount Rogers",53,8,4
06/04/2020,51193,Westmoreland,"Three Rivers",80,8,1
06/04/2020,51195,Wise,Lenowisco,27,11,2
06/04/2020,51197,Wythe,"Mount Rogers",30,2,1
06/04/2020,51199,York,Peninsula,77,10,3
06/04/2020,51510,Alexandria,Alexandria,2031,202,46
06/04/2020,51520,Bristol,"Mount Rogers",4,1,0
06/04/2020,51530,"Buena Vista City","Central Shenandoah",13,1,0
06/04/2020,51540,Charlottesville,"Thomas Jefferson",131,15,3
06/04/2020,51550,Chesapeake,Chesapeake,554,90,15
06/04/2020,51570,"Colonial Heights",Chesterfield,97,14,17
06/04/2020,51580,Covington,Alleghany,4,0,0
06/04/2020,51590,Danville,Pittsylvania-Danville,58,16,2
06/04/2020,51595,Emporia,Crater,89,13,6
06/04/2020,51600,"Fairfax City",Fairfax,67,8,6
06/04/2020,51610,"Falls Church",Fairfax,56,11,8
06/04/2020,51620,"Franklin City","Western Tidewater",42,3,2
06/04/2020,51630,Fredericksburg,Rappahannock,178,24,1
06/04/2020,51640,Galax,"Mount Rogers",140,12,1
06/04/2020,51650,Hampton,Hampton,214,32,4
06/04/2020,51660,Harrisonburg,"Central Shenandoah",814,60,23
06/04/2020,51670,Hopewell,Crater,103,14,2
06/04/2020,51678,Lexington,"Central Shenandoah",7,0,0
06/04/2020,51680,Lynchburg,"Central Virginia",80,6,1
06/04/2020,51683,"Manassas City","Prince William",1166,77,12
06/04/2020,51685,"Manassas Park","Prince William",339,34,6
06/04/2020,51690,Martinsville,"West Piedmont",39,6,1
06/04/2020,51700,"Newport News",Peninsula,299,41,10
06/04/2020,51710,Norfolk,Norfolk,552,71,6
06/04/2020,51720,Norton,Lenowisco,2,2,0
06/04/2020,51730,Petersburg,Crater,152,30,3
06/04/2020,51735,Poquoson,Peninsula,8,2,0
06/04/2020,51740,Portsmouth,Portsmouth,325,47,11
06/04/2020,51750,Radford,"New River",6,0,0
06/04/2020,51760,"Richmond City",Richmond,1488,163,24
06/04/2020,51770,"Roanoke City",Roanoke,176,10,10
06/04/2020,51775,Salem,Alleghany,36,3,3
06/04/2020,51790,Staunton,"Central Shenandoah",52,5,0
06/04/2020,51800,Suffolk,"Western Tidewater",320,52,33
06/04/2020,51810,"Virginia Beach","Virginia Beach",770,100,24
06/04/2020,51820,Waynesboro,"Central Shenandoah",47,2,0
06/04/2020,51830,Williamsburg,Peninsula,45,11,5
06/04/2020,51840,Winchester,"Lord Fairfax",215,13,2
06/05/2020,51001,Accomack,"Eastern Shore",969,53,12
06/05/2020,51003,Albemarle,"Thomas Jefferson",217,19,8
06/05/2020,51005,Alleghany,Alleghany,24,4,2
06/05/2020,51007,Amelia,Piedmont,28,8,1
06/05/2020,51009,Amherst,"Central Virginia",27,3,0
06/05/2020,51011,Appomattox,"Central Virginia",33,2,0
06/05/2020,51013,Arlington,Arlington,2173,385,121
06/05/2020,51015,Augusta,"Central Shenandoah",124,4,2
06/05/2020,51017,Bath,"Central Shenandoah",0,0,0
06/05/2020,51019,Bedford,"Central Virginia",72,2,2
06/05/2020,51021,Bland,"Mount Rogers",0,0,0
06/05/2020,51023,Botetourt,Alleghany,35,9,4
06/05/2020,51025,Brunswick,Southside,32,7,1
06/05/2020,51027,Buchanan,"Cumberland Plateau",18,0,0
06/05/2020,51029,Buckingham,Piedmont,475,19,3
06/05/2020,51031,Campbell,"Central Virginia",20,4,1
06/05/2020,51033,Caroline,Rappahannock,79,6,3
06/05/2020,51035,Carroll,"Mount Rogers",122,4,1
06/05/2020,51036,"Charles City",Chickahominy,27,10,2
06/05/2020,51037,Charlotte,Piedmont,28,4,0
06/05/2020,51041,Chesterfield,Chesterfield,1761,86,37
06/05/2020,51043,Clarke,"Lord Fairfax",31,3,0
06/05/2020,51045,Craig,Alleghany,5,0,0
06/05/2020,51047,Culpeper,"Rappahannock Rapidan",740,54,8
06/05/2020,51049,Cumberland,Piedmont,41,4,0
06/05/2020,51051,Dickenson,"Cumberland Plateau",0,0,0
06/05/2020,51053,Dinwiddie,Crater,93,13,0
06/05/2020,51057,Essex,"Three Rivers",53,4,0
06/05/2020,51059,Fairfax,Fairfax,11904,1401,410
06/05/2020,51061,Fauquier,"Rappahannock Rapidan",339,24,6
06/05/2020,51063,Floyd,"New River",6,2,1
06/05/2020,51065,Fluvanna,"Thomas Jefferson",94,24,6
06/05/2020,51067,"Franklin County","West Piedmont",38,5,1
06/05/2020,51069,Frederick,"Lord Fairfax",388,27,4
06/05/2020,51071,Giles,"New River",5,0,0
06/05/2020,51073,Gloucester,"Three Rivers",32,8,1
06/05/2020,51075,Goochland,Chickahominy,105,18,6
06/05/2020,51077,Grayson,"Mount Rogers",46,4,0
06/05/2020,51079,Greene,"Thomas Jefferson",35,4,1
06/05/2020,51081,Greensville,Crater,229,14,7
06/05/2020,51083,Halifax,Southside,31,4,1
06/05/2020,51085,Hanover,Chickahominy,338,53,24
06/05/2020,51087,Henrico,Henrico,1983,218,134
06/05/2020,51089,Henry,"West Piedmont",155,11,3
06/05/2020,51091,Highland,"Central Shenandoah",3,0,0
06/05/2020,51093,"Isle of Wight","Western Tidewater",137,14,3
06/05/2020,51095,"James City",Peninsula,211,54,15
06/05/2020,51097,"King and Queen","Three Rivers",21,2,1
06/05/2020,51099,"King George",Rappahannock,72,14,4
06/05/2020,51101,"King William","Three Rivers",31,3,0
06/05/2020,51103,Lancaster,"Three Rivers",10,1,0
06/05/2020,51105,Lee,Lenowisco,9,1,0
06/05/2020,51107,Loudoun,Loudoun,2837,175,67
06/05/2020,51109,Louisa,"Thomas Jefferson",85,11,1
06/05/2020,51111,Lunenburg,Piedmont,17,0,0
06/05/2020,51113,Madison,"Rappahannock Rapidan",41,3,1
06/05/2020,51115,Mathews,"Three Rivers",5,2,0
06/05/2020,51117,Mecklenburg,Southside,220,30,23
06/05/2020,51119,Middlesex,"Three Rivers",14,1,0
06/05/2020,51121,Montgomery,"New River",85,9,1
06/05/2020,51125,Nelson,"Thomas Jefferson",17,0,0
06/05/2020,51127,"New Kent",Chickahominy,39,6,1
06/05/2020,51131,Northampton,"Eastern Shore",249,31,25
06/05/2020,51133,Northumberland,"Three Rivers",25,0,1
06/05/2020,51135,Nottoway,Piedmont,44,7,0
06/05/2020,51137,Orange,"Rappahannock Rapidan",119,11,1
06/05/2020,51139,Page,"Lord Fairfax",233,26,24
06/05/2020,51141,Patrick,"West Piedmont",23,0,0
06/05/2020,51143,Pittsylvania,Pittsylvania-Danville,47,12,1
06/05/2020,51145,Powhatan,Chesterfield,37,1,0
06/05/2020,51147,"Prince Edward",Piedmont,146,15,2
06/05/2020,51149,"Prince George",Crater,142,8,0
06/05/2020,51153,"Prince William","Prince William",6030,519,110
06/05/2020,51155,Pulaski,"New River",21,4,0
06/05/2020,51157,Rappahannock,"Rappahannock Rapidan",15,1,0
06/05/2020,51159,"Richmond County","Three Rivers",289,9,5
06/05/2020,51161,"Roanoke County",Alleghany,119,9,6
06/05/2020,51163,Rockbridge,"Central Shenandoah",18,1,0
06/05/2020,51165,Rockingham,"Central Shenandoah",561,55,6
06/05/2020,51167,Russell,"Cumberland Plateau",8,2,0
06/05/2020,51169,Scott,Lenowisco,7,2,2
06/05/2020,51171,Shenandoah,"Lord Fairfax",472,46,22
06/05/2020,51173,Smyth,"Mount Rogers",15,4,0
06/05/2020,51175,Southampton,"Western Tidewater",152,7,2
06/05/2020,51177,Spotsylvania,Rappahannock,615,45,7
06/05/2020,51179,Stafford,Rappahannock,750,76,5
06/05/2020,51181,Surry,Crater,10,3,1
06/05/2020,51183,Sussex,Crater,174,9,2
06/05/2020,51185,Tazewell,"Cumberland Plateau",9,0,0
06/05/2020,51187,Warren,"Lord Fairfax",220,15,4
06/05/2020,51191,Washington,"Mount Rogers",53,8,4
06/05/2020,51193,Westmoreland,"Three Rivers",80,8,1
06/05/2020,51195,Wise,Lenowisco,27,11,2
06/05/2020,51197,Wythe,"Mount Rogers",30,2,1
06/05/2020,51199,York,Peninsula,79,10,3
06/05/2020,51510,Alexandria,Alexandria,2045,203,45
06/05/2020,51520,Bristol,"Mount Rogers",4,1,0
06/05/2020,51530,"Buena Vista City","Central Shenandoah",13,1,0
06/05/2020,51540,Charlottesville,"Thomas Jefferson",131,15,3
06/05/2020,51550,Chesapeake,Chesapeake,563,91,15
06/05/2020,51570,"Colonial Heights",Chesterfield,97,14,17
06/05/2020,51580,Covington,Alleghany,4,0,0
06/05/2020,51590,Danville,Pittsylvania-Danville,60,16,2
06/05/2020,51595,Emporia,Crater,86,13,6
06/05/2020,51600,"Fairfax City",Fairfax,67,7,5
06/05/2020,51610,"Falls Church",Fairfax,56,11,8
06/05/2020,51620,"Franklin City","Western Tidewater",42,3,2
06/05/2020,51630,Fredericksburg,Rappahannock,186,24,0
06/05/2020,51640,Galax,"Mount Rogers",140,12,1
06/05/2020,51650,Hampton,Hampton,215,33,4
06/05/2020,51660,Harrisonburg,"Central Shenandoah",817,60,23
06/05/2020,51670,Hopewell,Crater,110,14,2
06/05/2020,51678,Lexington,"Central Shenandoah",7,0,0
06/05/2020,51680,Lynchburg,"Central Virginia",87,6,1
06/05/2020,51683,"Manassas City","Prince William",1190,77,12
06/05/2020,51685,"Manassas Park","Prince William",343,35,6
06/05/2020,51690,Martinsville,"West Piedmont",41,6,1
06/05/2020,51700,"Newport News",Peninsula,309,41,10
06/05/2020,51710,Norfolk,Norfolk,560,71,6
06/05/2020,51720,Norton,Lenowisco,2,2,0
06/05/2020,51730,Petersburg,Crater,159,30,3
06/05/2020,51735,Poquoson,Peninsula,8,2,0
06/05/2020,51740,Portsmouth,Portsmouth,325,47,11
06/05/2020,51750,Radford,"New River",6,0,0
06/05/2020,51760,"Richmond City",Richmond,1527,165,25
06/05/2020,51770,"Roanoke City",Roanoke,190,10,10
06/05/2020,51775,Salem,Alleghany,37,3,3
06/05/2020,51790,Staunton,"Central Shenandoah",53,5,0
06/05/2020,51800,Suffolk,"Western Tidewater",322,53,33
06/05/2020,51810,"Virginia Beach","Virginia Beach",784,102,25
06/05/2020,51820,Waynesboro,"Central Shenandoah",48,2,0
06/05/2020,51830,Williamsburg,Peninsula,45,11,5
06/05/2020,51840,Winchester,"Lord Fairfax",225,15,2
06/06/2020,51001,Accomack,"Eastern Shore",970,55,13
06/06/2020,51003,Albemarle,"Thomas Jefferson",221,19,8
06/06/2020,51005,Alleghany,Alleghany,26,4,2
06/06/2020,51007,Amelia,Piedmont,31,8,1
06/06/2020,51009,Amherst,"Central Virginia",27,3,0
06/06/2020,51011,Appomattox,"Central Virginia",33,2,0
06/06/2020,51013,Arlington,Arlington,2195,389,120
06/06/2020,51015,Augusta,"Central Shenandoah",125,4,2
06/06/2020,51017,Bath,"Central Shenandoah",0,0,0
06/06/2020,51019,Bedford,"Central Virginia",76,2,2
06/06/2020,51021,Bland,"Mount Rogers",0,0,0
06/06/2020,51023,Botetourt,Alleghany,39,9,4
06/06/2020,51025,Brunswick,Southside,32,7,1
06/06/2020,51027,Buchanan,"Cumberland Plateau",18,0,0
06/06/2020,51029,Buckingham,Piedmont,477,19,3
06/06/2020,51031,Campbell,"Central Virginia",20,4,1
06/06/2020,51033,Caroline,Rappahannock,83,6,3
06/06/2020,51035,Carroll,"Mount Rogers",125,6,1
06/06/2020,51036,"Charles City",Chickahominy,27,10,2
06/06/2020,51037,Charlotte,Piedmont,28,4,0
06/06/2020,51041,Chesterfield,Chesterfield,1797,86,37
06/06/2020,51043,Clarke,"Lord Fairfax",31,3,0
06/06/2020,51045,Craig,Alleghany,6,0,0
06/06/2020,51047,Culpeper,"Rappahannock Rapidan",745,55,8
06/06/2020,51049,Cumberland,Piedmont,41,4,0
06/06/2020,51051,Dickenson,"Cumberland Plateau",0,0,0
06/06/2020,51053,Dinwiddie,Crater,98,13,0
06/06/2020,51057,Essex,"Three Rivers",53,4,0
06/06/2020,51059,Fairfax,Fairfax,12056,1409,413
06/06/2020,51061,Fauquier,"Rappahannock Rapidan",345,24,6
06/06/2020,51063,Floyd,"New River",6,2,1
06/06/2020,51065,Fluvanna,"Thomas Jefferson",94,24,6
06/06/2020,51067,"Franklin County","West Piedmont",39,5,1
06/06/2020,51069,Frederick,"Lord Fairfax",393,27,4
06/06/2020,51071,Giles,"New River",5,0,0
06/06/2020,51073,Gloucester,"Three Rivers",32,8,1
06/06/2020,51075,Goochland,Chickahominy,105,18,6
06/06/2020,51077,Grayson,"Mount Rogers",48,4,0
06/06/2020,51079,Greene,"Thomas Jefferson",38,5,1
06/06/2020,51081,Greensville,Crater,239,14,7
06/06/2020,51083,Halifax,Southside,31,4,1
06/06/2020,51085,Hanover,Chickahominy,340,53,24
06/06/2020,51087,Henrico,Henrico,2033,218,134
06/06/2020,51089,Henry,"West Piedmont",159,12,3
06/06/2020,51091,Highland,"Central Shenandoah",3,0,0
06/06/2020,51093,"Isle of Wight","Western Tidewater",142,14,3
06/06/2020,51095,"James City",Peninsula,211,54,15
06/06/2020,51097,"King and Queen","Three Rivers",22,3,1
06/06/2020,51099,"King George",Rappahannock,73,14,4
06/06/2020,51101,"King William","Three Rivers",32,3,0
06/06/2020,51103,Lancaster,"Three Rivers",10,1,0
06/06/2020,51105,Lee,Lenowisco,9,1,0
06/06/2020,51107,Loudoun,Loudoun,2939,177,67
06/06/2020,51109,Louisa,"Thomas Jefferson",92,11,1
06/06/2020,51111,Lunenburg,Piedmont,17,0,0
06/06/2020,51113,Madison,"Rappahannock Rapidan",41,3,1
06/06/2020,51115,Mathews,"Three Rivers",5,2,0
06/06/2020,51117,Mecklenburg,Southside,222,30,23
06/06/2020,51119,Middlesex,"Three Rivers",14,1,0
06/06/2020,51121,Montgomery,"New River",91,9,1
06/06/2020,51125,Nelson,"Thomas Jefferson",17,0,0
06/06/2020,51127,"New Kent",Chickahominy,43,7,1
06/06/2020,51131,Northampton,"Eastern Shore",251,31,25
06/06/2020,51133,Northumberland,"Three Rivers",25,0,1
06/06/2020,51135,Nottoway,Piedmont,48,8,0
06/06/2020,51137,Orange,"Rappahannock Rapidan",117,11,2
06/06/2020,51139,Page,"Lord Fairfax",237,26,24
06/06/2020,51141,Patrick,"West Piedmont",27,0,0
06/06/2020,51143,Pittsylvania,Pittsylvania-Danville,47,12,1
06/06/2020,51145,Powhatan,Chesterfield,44,1,0
06/06/2020,51147,"Prince Edward",Piedmont,148,15,2
06/06/2020,51149,"Prince George",Crater,146,8,0
06/06/2020,51153,"Prince William","Prince William",6121,524,110
06/06/2020,51155,Pulaski,"New River",24,5,1
06/06/2020,51157,Rappahannock,"Rappahannock Rapidan",18,1,0
06/06/2020,51159,"Richmond County","Three Rivers",291,10,6
06/06/2020,51161,"Roanoke County",Alleghany,122,9,6
06/06/2020,51163,Rockbridge,"Central Shenandoah",18,1,0
06/06/2020,51165,Rockingham,"Central Shenandoah",572,56,6
06/06/2020,51167,Russell,"Cumberland Plateau",8,2,0
06/06/2020,51169,Scott,Lenowisco,7,2,2
06/06/2020,51171,Shenandoah,"Lord Fairfax",476,46,22
06/06/2020,51173,Smyth,"Mount Rogers",15,4,0
06/06/2020,51175,Southampton,"Western Tidewater",152,7,2
06/06/2020,51177,Spotsylvania,Rappahannock,634,45,7
06/06/2020,51179,Stafford,Rappahannock,765,77,5
06/06/2020,51181,Surry,Crater,10,4,1
06/06/2020,51183,Sussex,Crater,175,10,2
06/06/2020,51185,Tazewell,"Cumberland Plateau",10,0,0
06/06/2020,51187,Warren,"Lord Fairfax",222,15,4
06/06/2020,51191,Washington,"Mount Rogers",53,8,4
06/06/2020,51193,Westmoreland,"Three Rivers",81,8,1
06/06/2020,51195,Wise,Lenowisco,27,11,2
06/06/2020,51197,Wythe,"Mount Rogers",33,2,1
06/06/2020,51199,York,Peninsula,82,10,3
06/06/2020,51510,Alexandria,Alexandria,2070,209,45
06/06/2020,51520,Bristol,"Mount Rogers",4,1,0
06/06/2020,51530,"Buena Vista City","Central Shenandoah",13,1,0
06/06/2020,51540,Charlottesville,"Thomas Jefferson",131,15,3
06/06/2020,51550,Chesapeake,Chesapeake,577,94,15
06/06/2020,51570,"Colonial Heights",Chesterfield,97,14,17
06/06/2020,51580,Covington,Alleghany,4,0,0
06/06/2020,51590,Danville,Pittsylvania-Danville,60,16,2
06/06/2020,51595,Emporia,Crater,88,13,6
06/06/2020,51600,"Fairfax City",Fairfax,68,7,5
06/06/2020,51610,"Falls Church",Fairfax,56,11,8
06/06/2020,51620,"Franklin City","Western Tidewater",42,3,2
06/06/2020,51630,Fredericksburg,Rappahannock,192,24,0
06/06/2020,51640,Galax,"Mount Rogers",143,12,1
06/06/2020,51650,Hampton,Hampton,215,33,4
06/06/2020,51660,Harrisonburg,"Central Shenandoah",823,60,23
06/06/2020,51670,Hopewell,Crater,114,14,2
06/06/2020,51678,Lexington,"Central Shenandoah",7,0,0
06/06/2020,51680,Lynchburg,"Central Virginia",88,6,1
06/06/2020,51683,"Manassas City","Prince William",1214,77,12
06/06/2020,51685,"Manassas Park","Prince William",351,35,6
06/06/2020,51690,Martinsville,"West Piedmont",47,6,1
06/06/2020,51700,"Newport News",Peninsula,314,41,10
06/06/2020,51710,Norfolk,Norfolk,562,71,7
06/06/2020,51720,Norton,Lenowisco,2,2,0
06/06/2020,51730,Petersburg,Crater,163,30,3
06/06/2020,51735,Poquoson,Peninsula,8,2,0
06/06/2020,51740,Portsmouth,Portsmouth,335,47,11
06/06/2020,51750,Radford,"New River",7,0,0
06/06/2020,51760,"Richmond City",Richmond,1592,167,25
06/06/2020,51770,"Roanoke City",Roanoke,197,10,10
06/06/2020,51775,Salem,Alleghany,38,3,3
06/06/2020,51790,Staunton,"Central Shenandoah",52,5,0
06/06/2020,51800,Suffolk,"Western Tidewater",323,53,33
06/06/2020,51810,"Virginia Beach","Virginia Beach",798,102,25
06/06/2020,51820,Waynesboro,"Central Shenandoah",49,2,0
06/06/2020,51830,Williamsburg,Peninsula,45,11,5
06/06/2020,51840,Winchester,"Lord Fairfax",232,15,2
06/07/2020,51001,Accomack,"Eastern Shore",983,55,13
06/07/2020,51003,Albemarle,"Thomas Jefferson",251,20,8
06/07/2020,51005,Alleghany,Alleghany,26,4,2
06/07/2020,51007,Amelia,Piedmont,31,8,1
06/07/2020,51009,Amherst,"Central Virginia",27,3,0
06/07/2020,51011,Appomattox,"Central Virginia",33,2,0
06/07/2020,51013,Arlington,Arlington,2225,392,121
06/07/2020,51015,Augusta,"Central Shenandoah",132,5,2
06/07/2020,51017,Bath,"Central Shenandoah",0,0,0
06/07/2020,51019,Bedford,"Central Virginia",79,2,2
06/07/2020,51021,Bland,"Mount Rogers",0,0,0
06/07/2020,51023,Botetourt,Alleghany,40,9,4
06/07/2020,51025,Brunswick,Southside,39,10,1
06/07/2020,51027,Buchanan,"Cumberland Plateau",18,0,0
06/07/2020,51029,Buckingham,Piedmont,481,20,3
06/07/2020,51031,Campbell,"Central Virginia",20,4,1
06/07/2020,51033,Caroline,Rappahannock,90,6,3
06/07/2020,51035,Carroll,"Mount Rogers",130,8,2
06/07/2020,51036,"Charles City",Chickahominy,28,10,2
06/07/2020,51037,Charlotte,Piedmont,28,4,0
06/07/2020,51041,Chesterfield,Chesterfield,1831,86,37
06/07/2020,51043,Clarke,"Lord Fairfax",33,3,0
06/07/2020,51045,Craig,Alleghany,6,0,0
06/07/2020,51047,Culpeper,"Rappahannock Rapidan",764,55,8
06/07/2020,51049,Cumberland,Piedmont,41,4,0
06/07/2020,51051,Dickenson,"Cumberland Plateau",0,0,0
06/07/2020,51053,Dinwiddie,Crater,98,13,0
06/07/2020,51057,Essex,"Three Rivers",53,4,0
06/07/2020,51059,Fairfax,Fairfax,12455,1423,414
06/07/2020,51061,Fauquier,"Rappahannock Rapidan",355,25,6
06/07/2020,51063,Floyd,"New River",6,2,1
06/07/2020,51065,Fluvanna,"Thomas Jefferson",94,24,6
06/07/2020,51067,"Franklin County","West Piedmont",40,5,1
06/07/2020,51069,Frederick,"Lord Fairfax",410,27,4
06/07/2020,51071,Giles,"New River",5,0,0
06/07/2020,51073,Gloucester,"Three Rivers",32,8,1
06/07/2020,51075,Goochland,Chickahominy,107,18,6
06/07/2020,51077,Grayson,"Mount Rogers",53,4,0
06/07/2020,51079,Greene,"Thomas Jefferson",43,6,1
06/07/2020,51081,Greensville,Crater,254,14,7
06/07/2020,51083,Halifax,Southside,32,4,1
06/07/2020,51085,Hanover,Chickahominy,348,53,24
06/07/2020,51087,Henrico,Henrico,2096,218,134
06/07/2020,51089,Henry,"West Piedmont",166,12,3
06/07/2020,51091,Highland,"Central Shenandoah",3,0,0
06/07/2020,51093,"Isle of Wight","Western Tidewater",142,14,3
06/07/2020,51095,"James City",Peninsula,216,54,15
06/07/2020,51097,"King and Queen","Three Rivers",24,3,1
06/07/2020,51099,"King George",Rappahannock,78,13,4
06/07/2020,51101,"King William","Three Rivers",32,3,0
06/07/2020,51103,Lancaster,"Three Rivers",10,1,0
06/07/2020,51105,Lee,Lenowisco,10,1,0
06/07/2020,51107,Loudoun,Loudoun,3094,179,67
06/07/2020,51109,Louisa,"Thomas Jefferson",92,11,1
06/07/2020,51111,Lunenburg,Piedmont,17,0,0
06/07/2020,51113,Madison,"Rappahannock Rapidan",41,3,1
06/07/2020,51115,Mathews,"Three Rivers",5,2,0
06/07/2020,51117,Mecklenburg,Southside,224,30,23
06/07/2020,51119,Middlesex,"Three Rivers",14,1,0
06/07/2020,51121,Montgomery,"New River",91,9,1
06/07/2020,51125,Nelson,"Thomas Jefferson",17,0,0
06/07/2020,51127,"New Kent",Chickahominy,44,7,1
06/07/2020,51131,Northampton,"Eastern Shore",255,32,26
06/07/2020,51133,Northumberland,"Three Rivers",25,0,1
06/07/2020,51135,Nottoway,Piedmont,48,8,0
06/07/2020,51137,Orange,"Rappahannock Rapidan",117,11,2
06/07/2020,51139,Page,"Lord Fairfax",244,26,24
06/07/2020,51141,Patrick,"West Piedmont",28,0,0
06/07/2020,51143,Pittsylvania,Pittsylvania-Danville,50,12,1
06/07/2020,51145,Powhatan,Chesterfield,45,1,0
06/07/2020,51147,"Prince Edward",Piedmont,148,15,2
06/07/2020,51149,"Prince George",Crater,148,8,0
06/07/2020,51153,"Prince William","Prince William",6207,532,118
06/07/2020,51155,Pulaski,"New River",27,5,1
06/07/2020,51157,Rappahannock,"Rappahannock Rapidan",17,1,0
06/07/2020,51159,"Richmond County","Three Rivers",293,11,6
06/07/2020,51161,"Roanoke County",Alleghany,122,9,6
06/07/2020,51163,Rockbridge,"Central Shenandoah",19,1,0
06/07/2020,51165,Rockingham,"Central Shenandoah",580,56,6
06/07/2020,51167,Russell,"Cumberland Plateau",8,2,0
06/07/2020,51169,Scott,Lenowisco,7,2,2
06/07/2020,51171,Shenandoah,"Lord Fairfax",480,46,22
06/07/2020,51173,Smyth,"Mount Rogers",15,4,0
06/07/2020,51175,Southampton,"Western Tidewater",153,7,2
06/07/2020,51177,Spotsylvania,Rappahannock,695,47,7
06/07/2020,51179,Stafford,Rappahannock,803,83,5
06/07/2020,51181,Surry,Crater,10,4,1
06/07/2020,51183,Sussex,Crater,175,10,2
06/07/2020,51185,Tazewell,"Cumberland Plateau",10,0,0
06/07/2020,51187,Warren,"Lord Fairfax",222,15,4
06/07/2020,51191,Washington,"Mount Rogers",57,8,4
06/07/2020,51193,Westmoreland,"Three Rivers",81,8,1
06/07/2020,51195,Wise,Lenowisco,27,11,2
06/07/2020,51197,Wythe,"Mount Rogers",36,2,1
06/07/2020,51199,York,Peninsula,86,10,3
06/07/2020,51510,Alexandria,Alexandria,2095,208,45
06/07/2020,51520,Bristol,"Mount Rogers",4,1,0
06/07/2020,51530,"Buena Vista City","Central Shenandoah",13,1,0
06/07/2020,51540,Charlottesville,"Thomas Jefferson",137,15,3
06/07/2020,51550,Chesapeake,Chesapeake,592,96,15
06/07/2020,51570,"Colonial Heights",Chesterfield,98,14,17
06/07/2020,51580,Covington,Alleghany,4,0,0
06/07/2020,51590,Danville,Pittsylvania-Danville,60,16,2
06/07/2020,51595,Emporia,Crater,89,13,6
06/07/2020,51600,"Fairfax City",Fairfax,69,7,5
06/07/2020,51610,"Falls Church",Fairfax,56,11,8
06/07/2020,51620,"Franklin City","Western Tidewater",42,3,2
06/07/2020,51630,Fredericksburg,Rappahannock,208,22,0
06/07/2020,51640,Galax,"Mount Rogers",147,11,1
06/07/2020,51650,Hampton,Hampton,226,33,4
06/07/2020,51660,Harrisonburg,"Central Shenandoah",832,62,23
06/07/2020,51670,Hopewell,Crater,116,14,2
06/07/2020,51678,Lexington,"Central Shenandoah",8,0,0
06/07/2020,51680,Lynchburg,"Central Virginia",88,6,1
06/07/2020,51683,"Manassas City","Prince William",1228,78,11
06/07/2020,51685,"Manassas Park","Prince William",355,37,6
06/07/2020,51690,Martinsville,"West Piedmont",48,6,1
06/07/2020,51700,"Newport News",Peninsula,320,41,10
06/07/2020,51710,Norfolk,Norfolk,583,71,7
06/07/2020,51720,Norton,Lenowisco,2,2,0
06/07/2020,51730,Petersburg,Crater,165,30,3
06/07/2020,51735,Poquoson,Peninsula,9,2,0
06/07/2020,51740,Portsmouth,Portsmouth,343,48,11
06/07/2020,51750,Radford,"New River",7,0,0
06/07/2020,51760,"Richmond City",Richmond,1621,169,26
06/07/2020,51770,"Roanoke City",Roanoke,199,10,10
06/07/2020,51775,Salem,Alleghany,38,3,3
06/07/2020,51790,Staunton,"Central Shenandoah",53,5,0
06/07/2020,51800,Suffolk,"Western Tidewater",323,53,33
06/07/2020,51810,"Virginia Beach","Virginia Beach",801,102,25
06/07/2020,51820,Waynesboro,"Central Shenandoah",49,2,0
06/07/2020,51830,Williamsburg,Peninsula,46,11,5
06/07/2020,51840,Winchester,"Lord Fairfax",232,15,2
06/08/2020,51001,Accomack,"Eastern Shore",983,55,13
06/08/2020,51003,Albemarle,"Thomas Jefferson",255,21,8
06/08/2020,51005,Alleghany,Alleghany,26,4,2
06/08/2020,51007,Amelia,Piedmont,32,8,1
06/08/2020,51009,Amherst,"Central Virginia",27,3,0
06/08/2020,51011,Appomattox,"Central Virginia",33,2,0
06/08/2020,51013,Arlington,Arlington,2256,392,122
06/08/2020,51015,Augusta,"Central Shenandoah",136,5,2
06/08/2020,51017,Bath,"Central Shenandoah",0,0,0
06/08/2020,51019,Bedford,"Central Virginia",79,2,2
06/08/2020,51021,Bland,"Mount Rogers",0,0,0
06/08/2020,51023,Botetourt,Alleghany,40,9,4
06/08/2020,51025,Brunswick,Southside,41,10,1
06/08/2020,51027,Buchanan,"Cumberland Plateau",18,0,0
06/08/2020,51029,Buckingham,Piedmont,481,20,3
06/08/2020,51031,Campbell,"Central Virginia",20,4,1
06/08/2020,51033,Caroline,Rappahannock,93,6,3
06/08/2020,51035,Carroll,"Mount Rogers",141,11,4
06/08/2020,51036,"Charles City",Chickahominy,28,10,2
06/08/2020,51037,Charlotte,Piedmont,28,4,0
06/08/2020,51041,Chesterfield,Chesterfield,1866,86,37
06/08/2020,51043,Clarke,"Lord Fairfax",35,3,0
06/08/2020,51045,Craig,Alleghany,6,0,0
06/08/2020,51047,Culpeper,"Rappahannock Rapidan",767,56,8
06/08/2020,51049,Cumberland,Piedmont,45,4,0
06/08/2020,51051,Dickenson,"Cumberland Plateau",0,0,0
06/08/2020,51053,Dinwiddie,Crater,98,13,0
06/08/2020,51057,Essex,"Three Rivers",53,4,0
06/08/2020,51059,Fairfax,Fairfax,12603,1431,414
06/08/2020,51061,Fauquier,"Rappahannock Rapidan",363,25,6
06/08/2020,51063,Floyd,"New River",8,2,1
06/08/2020,51065,Fluvanna,"Thomas Jefferson",95,24,6
06/08/2020,51067,"Franklin County","West Piedmont",40,5,1
06/08/2020,51069,Frederick,"Lord Fairfax",409,26,4
06/08/2020,51071,Giles,"New River",5,0,0
06/08/2020,51073,Gloucester,"Three Rivers",33,8,1
06/08/2020,51075,Goochland,Chickahominy,107,18,6
06/08/2020,51077,Grayson,"Mount Rogers",54,4,0
06/08/2020,51079,Greene,"Thomas Jefferson",44,6,1
06/08/2020,51081,Greensville,Crater,255,14,7
06/08/2020,51083,Halifax,Southside,32,4,1
06/08/2020,51085,Hanover,Chickahominy,347,53,24
06/08/2020,51087,Henrico,Henrico,2128,218,134
06/08/2020,51089,Henry,"West Piedmont",169,12,3
06/08/2020,51091,Highland,"Central Shenandoah",3,0,0
06/08/2020,51093,"Isle of Wight","Western Tidewater",145,14,3
06/08/2020,51095,"James City",Peninsula,217,54,15
06/08/2020,51097,"King and Queen","Three Rivers",24,3,1
06/08/2020,51099,"King George",Rappahannock,78,13,4
06/08/2020,51101,"King William","Three Rivers",32,3,0
06/08/2020,51103,Lancaster,"Three Rivers",10,1,0
06/08/2020,51105,Lee,Lenowisco,10,1,0
06/08/2020,51107,Loudoun,Loudoun,3147,181,67
06/08/2020,51109,Louisa,"Thomas Jefferson",94,11,1
06/08/2020,51111,Lunenburg,Piedmont,17,0,0
06/08/2020,51113,Madison,"Rappahannock Rapidan",41,3,1
06/08/2020,51115,Mathews,"Three Rivers",5,2,0
06/08/2020,51117,Mecklenburg,Southside,224,30,23
06/08/2020,51119,Middlesex,"Three Rivers",14,1,0
06/08/2020,51121,Montgomery,"New River",94,9,1
06/08/2020,51125,Nelson,"Thomas Jefferson",17,0,0
06/08/2020,51127,"New Kent",Chickahominy,44,7,1
06/08/2020,51131,Northampton,"Eastern Shore",255,32,26
06/08/2020,51133,Northumberland,"Three Rivers",25,0,1
06/08/2020,51135,Nottoway,Piedmont,50,8,0
06/08/2020,51137,Orange,"Rappahannock Rapidan",117,11,2
06/08/2020,51139,Page,"Lord Fairfax",245,26,24
06/08/2020,51141,Patrick,"West Piedmont",28,0,0
06/08/2020,51143,Pittsylvania,Pittsylvania-Danville,50,12,1
06/08/2020,51145,Powhatan,Chesterfield,47,1,0
06/08/2020,51147,"Prince Edward",Piedmont,151,15,2
06/08/2020,51149,"Prince George",Crater,150,8,0
06/08/2020,51153,"Prince William","Prince William",6278,544,118
06/08/2020,51155,Pulaski,"New River",28,6,1
06/08/2020,51157,Rappahannock,"Rappahannock Rapidan",15,1,0
06/08/2020,51159,"Richmond County","Three Rivers",293,11,6
06/08/2020,51161,"Roanoke County",Alleghany,122,9,6
06/08/2020,51163,Rockbridge,"Central Shenandoah",20,1,0
06/08/2020,51165,Rockingham,"Central Shenandoah",589,56,6
06/08/2020,51167,Russell,"Cumberland Plateau",8,2,0
06/08/2020,51169,Scott,Lenowisco,7,2,2
06/08/2020,51171,Shenandoah,"Lord Fairfax",484,50,24
06/08/2020,51173,Smyth,"Mount Rogers",15,4,0
06/08/2020,51175,Southampton,"Western Tidewater",153,7,2
06/08/2020,51177,Spotsylvania,Rappahannock,707,47,7
06/08/2020,51179,Stafford,Rappahannock,815,84,5
06/08/2020,51181,Surry,Crater,10,4,1
06/08/2020,51183,Sussex,Crater,175,10,2
06/08/2020,51185,Tazewell,"Cumberland Plateau",10,0,0
06/08/2020,51187,Warren,"Lord Fairfax",220,14,4
06/08/2020,51191,Washington,"Mount Rogers",57,8,4
06/08/2020,51193,Westmoreland,"Three Rivers",82,8,1
06/08/2020,51195,Wise,Lenowisco,27,11,2
06/08/2020,51197,Wythe,"Mount Rogers",36,2,1
06/08/2020,51199,York,Peninsula,86,10,3
06/08/2020,51510,Alexandria,Alexandria,2102,208,45
06/08/2020,51520,Bristol,"Mount Rogers",4,1,0
06/08/2020,51530,"Buena Vista City","Central Shenandoah",13,1,0
06/08/2020,51540,Charlottesville,"Thomas Jefferson",139,15,3
06/08/2020,51550,Chesapeake,Chesapeake,596,97,15
06/08/2020,51570,"Colonial Heights",Chesterfield,101,14,17
06/08/2020,51580,Covington,Alleghany,4,0,0
06/08/2020,51590,Danville,Pittsylvania-Danville,60,16,2
06/08/2020,51595,Emporia,Crater,89,13,6
06/08/2020,51600,"Fairfax City",Fairfax,69,7,5
06/08/2020,51610,"Falls Church",Fairfax,56,11,8
06/08/2020,51620,"Franklin City","Western Tidewater",42,3,2
06/08/2020,51630,Fredericksburg,Rappahannock,196,22,0
06/08/2020,51640,Galax,"Mount Rogers",147,11,1
06/08/2020,51650,Hampton,Hampton,227,33,4
06/08/2020,51660,Harrisonburg,"Central Shenandoah",833,62,23
06/08/2020,51670,Hopewell,Crater,118,14,2
06/08/2020,51678,Lexington,"Central Shenandoah",8,0,0
06/08/2020,51680,Lynchburg,"Central Virginia",88,6,1
06/08/2020,51683,"Manassas City","Prince William",1248,77,11
06/08/2020,51685,"Manassas Park","Prince William",359,37,6
06/08/2020,51690,Martinsville,"West Piedmont",50,6,1
06/08/2020,51700,"Newport News",Peninsula,322,41,10
06/08/2020,51710,Norfolk,Norfolk,589,71,7
06/08/2020,51720,Norton,Lenowisco,2,2,0
06/08/2020,51730,Petersburg,Crater,167,30,3
06/08/2020,51735,Poquoson,Peninsula,9,2,0
06/08/2020,51740,Portsmouth,Portsmouth,343,48,11
06/08/2020,51750,Radford,"New River",7,0,0
06/08/2020,51760,"Richmond City",Richmond,1651,174,26
06/08/2020,51770,"Roanoke City",Roanoke,199,10,10
06/08/2020,51775,Salem,Alleghany,40,3,3
06/08/2020,51790,Staunton,"Central Shenandoah",58,6,0
06/08/2020,51800,Suffolk,"Western Tidewater",325,53,33
06/08/2020,51810,"Virginia Beach","Virginia Beach",810,102,25
06/08/2020,51820,Waynesboro,"Central Shenandoah",49,2,0
06/08/2020,51830,Williamsburg,Peninsula,46,11,5
06/08/2020,51840,Winchester,"Lord Fairfax",235,15,2
06/09/2020,51001,Accomack,"Eastern Shore",983,55,13
06/09/2020,51003,Albemarle,"Thomas Jefferson",258,21,8
06/09/2020,51005,Alleghany,Alleghany,26,4,2
06/09/2020,51007,Amelia,Piedmont,33,8,1
06/09/2020,51009,Amherst,"Central Virginia",27,3,0
06/09/2020,51011,Appomattox,"Central Virginia",33,2,0
06/09/2020,51013,Arlington,Arlington,2265,395,122
06/09/2020,51015,Augusta,"Central Shenandoah",137,5,2
06/09/2020,51017,Bath,"Central Shenandoah",0,0,0
06/09/2020,51019,Bedford,"Central Virginia",81,2,2
06/09/2020,51021,Bland,"Mount Rogers",0,0,0
06/09/2020,51023,Botetourt,Alleghany,40,9,4
06/09/2020,51025,Brunswick,Southside,41,10,1
06/09/2020,51027,Buchanan,"Cumberland Plateau",18,0,0
06/09/2020,51029,Buckingham,Piedmont,484,20,3
06/09/2020,51031,Campbell,"Central Virginia",20,4,1
06/09/2020,51033,Caroline,Rappahannock,97,7,3
06/09/2020,51035,Carroll,"Mount Rogers",149,14,5
06/09/2020,51036,"Charles City",Chickahominy,28,10,2
06/09/2020,51037,Charlotte,Piedmont,29,4,0
06/09/2020,51041,Chesterfield,Chesterfield,1942,88,37
06/09/2020,51043,Clarke,"Lord Fairfax",35,3,0
06/09/2020,51045,Craig,Alleghany,6,0,0
06/09/2020,51047,Culpeper,"Rappahannock Rapidan",772,56,8
06/09/2020,51049,Cumberland,Piedmont,45,4,0
06/09/2020,51051,Dickenson,"Cumberland Plateau",0,0,0
06/09/2020,51053,Dinwiddie,Crater,99,13,0
06/09/2020,51057,Essex,"Three Rivers",53,4,0
06/09/2020,51059,Fairfax,Fairfax,12695,1437,416
06/09/2020,51061,Fauquier,"Rappahannock Rapidan",365,25,6
06/09/2020,51063,Floyd,"New River",8,2,1
06/09/2020,51065,Fluvanna,"Thomas Jefferson",95,24,6
06/09/2020,51067,"Franklin County","West Piedmont",41,5,1
06/09/2020,51069,Frederick,"Lord Fairfax",413,27,4
06/09/2020,51071,Giles,"New River",5,0,0
06/09/2020,51073,Gloucester,"Three Rivers",33,8,1
06/09/2020,51075,Goochland,Chickahominy,108,20,6
06/09/2020,51077,Grayson,"Mount Rogers",55,4,1
06/09/2020,51079,Greene,"Thomas Jefferson",44,6,1
06/09/2020,51081,Greensville,Crater,277,14,7
06/09/2020,51083,Halifax,Southside,32,4,1
06/09/2020,51085,Hanover,Chickahominy,351,53,24
06/09/2020,51087,Henrico,Henrico,2146,220,134
06/09/2020,51089,Henry,"West Piedmont",174,15,3
06/09/2020,51091,Highland,"Central Shenandoah",3,0,0
06/09/2020,51093,"Isle of Wight","Western Tidewater",149,14,8
06/09/2020,51095,"James City",Peninsula,224,54,15
06/09/2020,51097,"King and Queen","Three Rivers",23,3,1
06/09/2020,51099,"King George",Rappahannock,79,13,4
06/09/2020,51101,"King William","Three Rivers",32,3,0
06/09/2020,51103,Lancaster,"Three Rivers",10,1,0
06/09/2020,51105,Lee,Lenowisco,9,1,0
06/09/2020,51107,Loudoun,Loudoun,3174,185,67
06/09/2020,51109,Louisa,"Thomas Jefferson",94,11,1
06/09/2020,51111,Lunenburg,Piedmont,18,0,0
06/09/2020,51113,Madison,"Rappahannock Rapidan",41,3,1
06/09/2020,51115,Mathews,"Three Rivers",5,2,0
06/09/2020,51117,Mecklenburg,Southside,224,30,24
06/09/2020,51119,Middlesex,"Three Rivers",14,1,0
06/09/2020,51121,Montgomery,"New River",95,9,1
06/09/2020,51125,Nelson,"Thomas Jefferson",17,0,0
06/09/2020,51127,"New Kent",Chickahominy,45,7,1
06/09/2020,51131,Northampton,"Eastern Shore",256,33,27
06/09/2020,51133,Northumberland,"Three Rivers",25,0,1
06/09/2020,51135,Nottoway,Piedmont,50,8,0
06/09/2020,51137,Orange,"Rappahannock Rapidan",118,11,2
06/09/2020,51139,Page,"Lord Fairfax",246,26,24
06/09/2020,51141,Patrick,"West Piedmont",28,0,0
06/09/2020,51143,Pittsylvania,Pittsylvania-Danville,50,12,1
06/09/2020,51145,Powhatan,Chesterfield,47,1,0
06/09/2020,51147,"Prince Edward",Piedmont,151,16,2
06/09/2020,51149,"Prince George",Crater,153,8,0
06/09/2020,51153,"Prince William","Prince William",6336,554,119
06/09/2020,51155,Pulaski,"New River",28,6,1
06/09/2020,51157,Rappahannock,"Rappahannock Rapidan",16,1,0
06/09/2020,51159,"Richmond County","Three Rivers",289,10,5
06/09/2020,51161,"Roanoke County",Alleghany,126,9,6
06/09/2020,51163,Rockbridge,"Central Shenandoah",19,0,0
06/09/2020,51165,Rockingham,"Central Shenandoah",596,58,6
06/09/2020,51167,Russell,"Cumberland Plateau",8,2,0
06/09/2020,51169,Scott,Lenowisco,7,2,2
06/09/2020,51171,Shenandoah,"Lord Fairfax",487,51,24
06/09/2020,51173,Smyth,"Mount Rogers",15,4,0
06/09/2020,51175,Southampton,"Western Tidewater",153,7,2
06/09/2020,51177,Spotsylvania,Rappahannock,712,50,9
06/09/2020,51179,Stafford,Rappahannock,824,84,5
06/09/2020,51181,Surry,Crater,10,4,1
06/09/2020,51183,Sussex,Crater,175,10,2
06/09/2020,51185,Tazewell,"Cumberland Plateau",9,0,0
06/09/2020,51187,Warren,"Lord Fairfax",222,14,4
06/09/2020,51191,Washington,"Mount Rogers",57,8,4
06/09/2020,51193,Westmoreland,"Three Rivers",83,8,1
06/09/2020,51195,Wise,Lenowisco,27,11,2
06/09/2020,51197,Wythe,"Mount Rogers",38,2,1
06/09/2020,51199,York,Peninsula,86,10,3
06/09/2020,51510,Alexandria,Alexandria,2115,212,47
06/09/2020,51520,Bristol,"Mount Rogers",4,1,0
06/09/2020,51530,"Buena Vista City","Central Shenandoah",13,1,0
06/09/2020,51540,Charlottesville,"Thomas Jefferson",141,15,3
06/09/2020,51550,Chesapeake,Chesapeake,605,97,15
06/09/2020,51570,"Colonial Heights",Chesterfield,104,14,17
06/09/2020,51580,Covington,Alleghany,4,0,0
06/09/2020,51590,Danville,Pittsylvania-Danville,60,16,2
06/09/2020,51595,Emporia,Crater,91,13,6
06/09/2020,51600,"Fairfax City",Fairfax,69,7,5
06/09/2020,51610,"Falls Church",Fairfax,56,11,8
06/09/2020,51620,"Franklin City","Western Tidewater",42,3,2
06/09/2020,51630,Fredericksburg,Rappahannock,193,23,0
06/09/2020,51640,Galax,"Mount Rogers",148,12,1
06/09/2020,51650,Hampton,Hampton,228,35,4
06/09/2020,51660,Harrisonburg,"Central Shenandoah",837,63,23
06/09/2020,51670,Hopewell,Crater,118,14,2
06/09/2020,51678,Lexington,"Central Shenandoah",8,0,0
06/09/2020,51680,Lynchburg,"Central Virginia",89,6,1
06/09/2020,51683,"Manassas City","Prince William",1254,78,11
06/09/2020,51685,"Manassas Park","Prince William",359,37,6
06/09/2020,51690,Martinsville,"West Piedmont",50,6,1
06/09/2020,51700,"Newport News",Peninsula,323,41,10
06/09/2020,51710,Norfolk,Norfolk,596,73,7
06/09/2020,51720,Norton,Lenowisco,2,2,0
06/09/2020,51730,Petersburg,Crater,170,30,3
06/09/2020,51735,Poquoson,Peninsula,9,2,0
06/09/2020,51740,Portsmouth,Portsmouth,351,48,11
06/09/2020,51750,Radford,"New River",7,0,0
06/09/2020,51760,"Richmond City",Richmond,1667,177,27
06/09/2020,51770,"Roanoke City",Roanoke,204,10,10
06/09/2020,51775,Salem,Alleghany,41,3,3
06/09/2020,51790,Staunton,"Central Shenandoah",58,6,0
06/09/2020,51800,Suffolk,"Western Tidewater",325,53,34
06/09/2020,51810,"Virginia Beach","Virginia Beach",815,104,27
06/09/2020,51820,Waynesboro,"Central Shenandoah",50,2,0
06/09/2020,51830,Williamsburg,Peninsula,48,11,5
06/09/2020,51840,Winchester,"Lord Fairfax",238,15,2
06/10/2020,51001,Accomack,"Eastern Shore",984,55,13
06/10/2020,51003,Albemarle,"Thomas Jefferson",260,21,8
06/10/2020,51005,Alleghany,Alleghany,26,4,2
06/10/2020,51007,Amelia,Piedmont,34,8,1
06/10/2020,51009,Amherst,"Central Virginia",27,3,0
06/10/2020,51011,Appomattox,"Central Virginia",33,2,0
06/10/2020,51013,Arlington,Arlington,2280,394,121
06/10/2020,51015,Augusta,"Central Shenandoah",139,5,2
06/10/2020,51017,Bath,"Central Shenandoah",0,0,0
06/10/2020,51019,Bedford,"Central Virginia",83,2,2
06/10/2020,51021,Bland,"Mount Rogers",0,0,0
06/10/2020,51023,Botetourt,Alleghany,40,9,4
06/10/2020,51025,Brunswick,Southside,43,10,1
06/10/2020,51027,Buchanan,"Cumberland Plateau",18,0,0
06/10/2020,51029,Buckingham,Piedmont,497,20,3
06/10/2020,51031,Campbell,"Central Virginia",22,4,1
06/10/2020,51033,Caroline,Rappahannock,99,7,3
06/10/2020,51035,Carroll,"Mount Rogers",153,14,5
06/10/2020,51036,"Charles City",Chickahominy,28,11,2
06/10/2020,51037,Charlotte,Piedmont,29,4,0
06/10/2020,51041,Chesterfield,Chesterfield,1995,89,38
06/10/2020,51043,Clarke,"Lord Fairfax",35,3,0
06/10/2020,51045,Craig,Alleghany,6,0,0
06/10/2020,51047,Culpeper,"Rappahannock Rapidan",773,56,9
06/10/2020,51049,Cumberland,Piedmont,45,4,0
06/10/2020,51051,Dickenson,"Cumberland Plateau",0,0,0
06/10/2020,51053,Dinwiddie,Crater,101,13,0
06/10/2020,51057,Essex,"Three Rivers",53,4,0
06/10/2020,51059,Fairfax,Fairfax,12746,1451,422
06/10/2020,51061,Fauquier,"Rappahannock Rapidan",370,25,6
06/10/2020,51063,Floyd,"New River",8,2,1
06/10/2020,51065,Fluvanna,"Thomas Jefferson",98,24,6
06/10/2020,51067,"Franklin County","West Piedmont",41,5,1
06/10/2020,51069,Frederick,"Lord Fairfax",415,27,4
06/10/2020,51071,Giles,"New River",5,0,0
06/10/2020,51073,Gloucester,"Three Rivers",33,8,1
06/10/2020,51075,Goochland,Chickahominy,106,21,6
06/10/2020,51077,Grayson,"Mount Rogers",60,4,2
06/10/2020,51079,Greene,"Thomas Jefferson",44,6,1
06/10/2020,51081,Greensville,Crater,300,14,7
06/10/2020,51083,Halifax,Southside,32,4,1
06/10/2020,51085,Hanover,Chickahominy,354,56,25
06/10/2020,51087,Henrico,Henrico,2162,223,135
06/10/2020,51089,Henry,"West Piedmont",182,17,3
06/10/2020,51091,Highland,"Central Shenandoah",2,0,0
06/10/2020,51093,"Isle of Wight","Western Tidewater",150,15,8
06/10/2020,51095,"James City",Peninsula,224,56,15
06/10/2020,51097,"King and Queen","Three Rivers",24,4,1
06/10/2020,51099,"King George",Rappahannock,83,13,4
06/10/2020,51101,"King William","Three Rivers",32,3,0
06/10/2020,51103,Lancaster,"Three Rivers",10,1,0
06/10/2020,51105,Lee,Lenowisco,9,1,0
06/10/2020,51107,Loudoun,Loudoun,3180,196,67
06/10/2020,51109,Louisa,"Thomas Jefferson",94,11,1
06/10/2020,51111,Lunenburg,Piedmont,18,0,0
06/10/2020,51113,Madison,"Rappahannock Rapidan",41,3,1
06/10/2020,51115,Mathews,"Three Rivers",5,2,0
06/10/2020,51117,Mecklenburg,Southside,224,30,24
06/10/2020,51119,Middlesex,"Three Rivers",14,1,0
06/10/2020,51121,Montgomery,"New River",96,10,1
06/10/2020,51125,Nelson,"Thomas Jefferson",17,0,0
06/10/2020,51127,"New Kent",Chickahominy,45,7,1
06/10/2020,51131,Northampton,"Eastern Shore",257,33,27
06/10/2020,51133,Northumberland,"Three Rivers",25,0,1
06/10/2020,51135,Nottoway,Piedmont,51,9,0
06/10/2020,51137,Orange,"Rappahannock Rapidan",119,11,2
06/10/2020,51139,Page,"Lord Fairfax",247,26,24
06/10/2020,51141,Patrick,"West Piedmont",28,0,0
06/10/2020,51143,Pittsylvania,Pittsylvania-Danville,54,12,1
06/10/2020,51145,Powhatan,Chesterfield,48,1,0
06/10/2020,51147,"Prince Edward",Piedmont,153,16,3
06/10/2020,51149,"Prince George",Crater,153,8,0
06/10/2020,51153,"Prince William","Prince William",6376,564,118
06/10/2020,51155,Pulaski,"New River",30,6,1
06/10/2020,51157,Rappahannock,"Rappahannock Rapidan",16,1,0
06/10/2020,51159,"Richmond County","Three Rivers",290,10,5
06/10/2020,51161,"Roanoke County",Alleghany,125,9,5
06/10/2020,51163,Rockbridge,"Central Shenandoah",19,0,0
06/10/2020,51165,Rockingham,"Central Shenandoah",602,58,6
06/10/2020,51167,Russell,"Cumberland Plateau",8,2,0
06/10/2020,51169,Scott,Lenowisco,7,2,2
06/10/2020,51171,Shenandoah,"Lord Fairfax",492,51,25
06/10/2020,51173,Smyth,"Mount Rogers",15,4,0
06/10/2020,51175,Southampton,"Western Tidewater",154,7,2
06/10/2020,51177,Spotsylvania,Rappahannock,723,51,10
06/10/2020,51179,Stafford,Rappahannock,831,84,5
06/10/2020,51181,Surry,Crater,10,4,1
06/10/2020,51183,Sussex,Crater,175,10,2
06/10/2020,51185,Tazewell,"Cumberland Plateau",9,0,0
06/10/2020,51187,Warren,"Lord Fairfax",225,14,4
06/10/2020,51191,Washington,"Mount Rogers",58,8,4
06/10/2020,51193,Westmoreland,"Three Rivers",83,9,1
06/10/2020,51195,Wise,Lenowisco,27,11,2
06/10/2020,51197,Wythe,"Mount Rogers",38,2,1
06/10/2020,51199,York,Peninsula,86,10,3
06/10/2020,51510,Alexandria,Alexandria,2125,216,47
06/10/2020,51520,Bristol,"Mount Rogers",4,1,0
06/10/2020,51530,"Buena Vista City","Central Shenandoah",13,1,0
06/10/2020,51540,Charlottesville,"Thomas Jefferson",142,15,3
06/10/2020,51550,Chesapeake,Chesapeake,617,97,15
06/10/2020,51570,"Colonial Heights",Chesterfield,106,14,17
06/10/2020,51580,Covington,Alleghany,4,0,0
06/10/2020,51590,Danville,Pittsylvania-Danville,61,16,2
06/10/2020,51595,Emporia,Crater,93,14,6
06/10/2020,51600,"Fairfax City",Fairfax,69,7,6
06/10/2020,51610,"Falls Church",Fairfax,56,11,8
06/10/2020,51620,"Franklin City","Western Tidewater",42,3,2
06/10/2020,51630,Fredericksburg,Rappahannock,194,23,0
06/10/2020,51640,Galax,"Mount Rogers",154,13,6
06/10/2020,51650,Hampton,Hampton,231,36,5
06/10/2020,51660,Harrisonburg,"Central Shenandoah",842,63,23
06/10/2020,51670,Hopewell,Crater,120,14,2
06/10/2020,51678,Lexington,"Central Shenandoah",8,0,0
06/10/2020,51680,Lynchburg,"Central Virginia",89,6,1
06/10/2020,51683,"Manassas City","Prince William",1262,79,12
06/10/2020,51685,"Manassas Park","Prince William",360,40,6
06/10/2020,51690,Martinsville,"West Piedmont",52,6,1
06/10/2020,51700,"Newport News",Peninsula,328,41,10
06/10/2020,51710,Norfolk,Norfolk,605,74,7
06/10/2020,51720,Norton,Lenowisco,2,2,0
06/10/2020,51730,Petersburg,Crater,174,30,3
06/10/2020,51735,Poquoson,Peninsula,9,2,0
06/10/2020,51740,Portsmouth,Portsmouth,354,49,11
06/10/2020,51750,Radford,"New River",7,0,0
06/10/2020,51760,"Richmond City",Richmond,1686,180,26
06/10/2020,51770,"Roanoke City",Roanoke,207,10,10
06/10/2020,51775,Salem,Alleghany,42,3,3
06/10/2020,51790,Staunton,"Central Shenandoah",58,6,0
06/10/2020,51800,Suffolk,"Western Tidewater",330,52,33
06/10/2020,51810,"Virginia Beach","Virginia Beach",823,105,27
06/10/2020,51820,Waynesboro,"Central Shenandoah",51,2,0
06/10/2020,51830,Williamsburg,Peninsula,48,11,5
06/10/2020,51840,Winchester,"Lord Fairfax",248,15,3
06/11/2020,51001,Accomack,"Eastern Shore",984,55,13
06/11/2020,51003,Albemarle,"Thomas Jefferson",269,22,8
06/11/2020,51005,Alleghany,Alleghany,26,4,2
06/11/2020,51007,Amelia,Piedmont,34,8,1
06/11/2020,51009,Amherst,"Central Virginia",27,3,0
06/11/2020,51011,Appomattox,"Central Virginia",33,2,0
06/11/2020,51013,Arlington,Arlington,2299,396,124
06/11/2020,51015,Augusta,"Central Shenandoah",139,5,2
06/11/2020,51017,Bath,"Central Shenandoah",0,0,0
06/11/2020,51019,Bedford,"Central Virginia",82,2,2
06/11/2020,51021,Bland,"Mount Rogers",0,0,0
06/11/2020,51023,Botetourt,Alleghany,44,9,4
06/11/2020,51025,Brunswick,Southside,44,10,1
06/11/2020,51027,Buchanan,"Cumberland Plateau",18,0,0
06/11/2020,51029,Buckingham,Piedmont,517,19,3
06/11/2020,51031,Campbell,"Central Virginia",22,4,1
06/11/2020,51033,Caroline,Rappahannock,100,8,3
06/11/2020,51035,Carroll,"Mount Rogers",158,14,5
06/11/2020,51036,"Charles City",Chickahominy,28,11,2
06/11/2020,51037,Charlotte,Piedmont,29,4,0
06/11/2020,51041,Chesterfield,Chesterfield,2041,101,38
06/11/2020,51043,Clarke,"Lord Fairfax",36,3,0
06/11/2020,51045,Craig,Alleghany,6,0,0
06/11/2020,51047,Culpeper,"Rappahannock Rapidan",774,57,9
06/11/2020,51049,Cumberland,Piedmont,46,4,0
06/11/2020,51051,Dickenson,"Cumberland Plateau",0,0,0
06/11/2020,51053,Dinwiddie,Crater,101,13,0
06/11/2020,51057,Essex,"Three Rivers",52,4,0
06/11/2020,51059,Fairfax,Fairfax,12812,1460,418
06/11/2020,51061,Fauquier,"Rappahannock Rapidan",374,25,6
06/11/2020,51063,Floyd,"New River",8,2,1
06/11/2020,51065,Fluvanna,"Thomas Jefferson",98,24,6
06/11/2020,51067,"Franklin County","West Piedmont",42,5,1
06/11/2020,51069,Frederick,"Lord Fairfax",416,27,4
06/11/2020,51071,Giles,"New River",5,0,0
06/11/2020,51073,Gloucester,"Three Rivers",34,8,1
06/11/2020,51075,Goochland,Chickahominy,109,21,6
06/11/2020,51077,Grayson,"Mount Rogers",63,4,2
06/11/2020,51079,Greene,"Thomas Jefferson",45,6,1
06/11/2020,51081,Greensville,Crater,303,14,7
06/11/2020,51083,Halifax,Southside,32,4,1
06/11/2020,51085,Hanover,Chickahominy,357,57,25
06/11/2020,51087,Henrico,Henrico,2170,229,135
06/11/2020,51089,Henry,"West Piedmont",188,18,3
06/11/2020,51091,Highland,"Central Shenandoah",2,0,0
06/11/2020,51093,"Isle of Wight","Western Tidewater",150,15,8
06/11/2020,51095,"James City",Peninsula,225,56,15
06/11/2020,51097,"King and Queen","Three Rivers",24,4,1
06/11/2020,51099,"King George",Rappahannock,83,13,4
06/11/2020,51101,"King William","Three Rivers",32,3,0
06/11/2020,51103,Lancaster,"Three Rivers",11,1,0
06/11/2020,51105,Lee,Lenowisco,9,1,0
06/11/2020,51107,Loudoun,Loudoun,3229,201,69
06/11/2020,51109,Louisa,"Thomas Jefferson",95,11,1
06/11/2020,51111,Lunenburg,Piedmont,18,0,0
06/11/2020,51113,Madison,"Rappahannock Rapidan",41,3,1
06/11/2020,51115,Mathews,"Three Rivers",5,2,0
06/11/2020,51117,Mecklenburg,Southside,225,30,24
06/11/2020,51119,Middlesex,"Three Rivers",14,1,0
06/11/2020,51121,Montgomery,"New River",96,10,2
06/11/2020,51125,Nelson,"Thomas Jefferson",18,0,0
06/11/2020,51127,"New Kent",Chickahominy,45,7,1
06/11/2020,51131,Northampton,"Eastern Shore",259,34,27
06/11/2020,51133,Northumberland,"Three Rivers",25,0,1
06/11/2020,51135,Nottoway,Piedmont,58,12,0
06/11/2020,51137,Orange,"Rappahannock Rapidan",119,12,2
06/11/2020,51139,Page,"Lord Fairfax",249,27,24
06/11/2020,51141,Patrick,"West Piedmont",29,0,0
06/11/2020,51143,Pittsylvania,Pittsylvania-Danville,56,14,1
06/11/2020,51145,Powhatan,Chesterfield,48,2,0
06/11/2020,51147,"Prince Edward",Piedmont,155,16,3
06/11/2020,51149,"Prince George",Crater,158,9,0
06/11/2020,51153,"Prince William","Prince William",6396,576,118
06/11/2020,51155,Pulaski,"New River",30,6,1
06/11/2020,51157,Rappahannock,"Rappahannock Rapidan",16,1,0
06/11/2020,51159,"Richmond County","Three Rivers",290,10,5
06/11/2020,51161,"Roanoke County",Alleghany,128,9,5
06/11/2020,51163,Rockbridge,"Central Shenandoah",19,0,0
06/11/2020,51165,Rockingham,"Central Shenandoah",606,60,7
06/11/2020,51167,Russell,"Cumberland Plateau",8,2,0
06/11/2020,51169,Scott,Lenowisco,7,2,2
06/11/2020,51171,Shenandoah,"Lord Fairfax",499,51,25
06/11/2020,51173,Smyth,"Mount Rogers",16,4,0
06/11/2020,51175,Southampton,"Western Tidewater",155,7,2
06/11/2020,51177,Spotsylvania,Rappahannock,729,51,11
06/11/2020,51179,Stafford,Rappahannock,841,84,5
06/11/2020,51181,Surry,Crater,11,4,1
06/11/2020,51183,Sussex,Crater,176,10,2
06/11/2020,51185,Tazewell,"Cumberland Plateau",9,0,0
06/11/2020,51187,Warren,"Lord Fairfax",225,14,4
06/11/2020,51191,Washington,"Mount Rogers",58,8,4
06/11/2020,51193,Westmoreland,"Three Rivers",83,10,1
06/11/2020,51195,Wise,Lenowisco,27,11,2
06/11/2020,51197,Wythe,"Mount Rogers",42,2,1
06/11/2020,51199,York,Peninsula,89,10,3
06/11/2020,51510,Alexandria,Alexandria,2127,218,48
06/11/2020,51520,Bristol,"Mount Rogers",4,1,0
06/11/2020,51530,"Buena Vista City","Central Shenandoah",12,1,0
06/11/2020,51540,Charlottesville,"Thomas Jefferson",144,15,3
06/11/2020,51550,Chesapeake,Chesapeake,622,98,15
06/11/2020,51570,"Colonial Heights",Chesterfield,106,14,17
06/11/2020,51580,Covington,Alleghany,4,0,0
06/11/2020,51590,Danville,Pittsylvania-Danville,61,16,2
06/11/2020,51595,Emporia,Crater,94,14,6
06/11/2020,51600,"Fairfax City",Fairfax,68,7,6
06/11/2020,51610,"Falls Church",Fairfax,56,11,8
06/11/2020,51620,"Franklin City","Western Tidewater",43,3,2
06/11/2020,51630,Fredericksburg,Rappahannock,197,24,0
06/11/2020,51640,Galax,"Mount Rogers",165,19,7
06/11/2020,51650,Hampton,Hampton,233,37,5
06/11/2020,51660,Harrisonburg,"Central Shenandoah",846,64,23
06/11/2020,51670,Hopewell,Crater,120,14,2
06/11/2020,51678,Lexington,"Central Shenandoah",8,0,0
06/11/2020,51680,Lynchburg,"Central Virginia",89,6,1
06/11/2020,51683,"Manassas City","Prince William",1271,79,12
06/11/2020,51685,"Manassas Park","Prince William",361,40,6
06/11/2020,51690,Martinsville,"West Piedmont",53,6,1
06/11/2020,51700,"Newport News",Peninsula,337,41,10
06/11/2020,51710,Norfolk,Norfolk,619,74,7
06/11/2020,51720,Norton,Lenowisco,2,2,0
06/11/2020,51730,Petersburg,Crater,176,30,3
06/11/2020,51735,Poquoson,Peninsula,10,2,0
06/11/2020,51740,Portsmouth,Portsmouth,364,56,11
06/11/2020,51750,Radford,"New River",7,0,0
06/11/2020,51760,"Richmond City",Richmond,1709,184,26
06/11/2020,51770,"Roanoke City",Roanoke,222,10,10
06/11/2020,51775,Salem,Alleghany,42,3,3
06/11/2020,51790,Staunton,"Central Shenandoah",55,6,0
06/11/2020,51800,Suffolk,"Western Tidewater",333,52,33
06/11/2020,51810,"Virginia Beach","Virginia Beach",832,107,27
06/11/2020,51820,Waynesboro,"Central Shenandoah",53,2,0
06/11/2020,51830,Williamsburg,Peninsula,49,11,5
06/11/2020,51840,Winchester,"Lord Fairfax",250,15,3
06/12/2020,51001,Accomack,"Eastern Shore",987,58,13
06/12/2020,51003,Albemarle,"Thomas Jefferson",272,22,8
06/12/2020,51005,Alleghany,Alleghany,27,4,2
06/12/2020,51007,Amelia,Piedmont,37,8,1
06/12/2020,51009,Amherst,"Central Virginia",27,3,0
06/12/2020,51011,Appomattox,"Central Virginia",34,2,0
06/12/2020,51013,Arlington,Arlington,2307,397,125
06/12/2020,51015,Augusta,"Central Shenandoah",141,5,2
06/12/2020,51017,Bath,"Central Shenandoah",0,0,0
06/12/2020,51019,Bedford,"Central Virginia",86,2,2
06/12/2020,51021,Bland,"Mount Rogers",0,0,0
06/12/2020,51023,Botetourt,Alleghany,44,9,4
06/12/2020,51025,Brunswick,Southside,44,10,1
06/12/2020,51027,Buchanan,"Cumberland Plateau",18,0,0
06/12/2020,51029,Buckingham,Piedmont,518,19,3
06/12/2020,51031,Campbell,"Central Virginia",22,4,1
06/12/2020,51033,Caroline,Rappahannock,101,8,3
06/12/2020,51035,Carroll,"Mount Rogers",159,14,5
06/12/2020,51036,"Charles City",Chickahominy,28,11,2
06/12/2020,51037,Charlotte,Piedmont,30,4,0
06/12/2020,51041,Chesterfield,Chesterfield,2109,109,38
06/12/2020,51043,Clarke,"Lord Fairfax",37,3,0
06/12/2020,51045,Craig,Alleghany,6,0,0
06/12/2020,51047,Culpeper,"Rappahannock Rapidan",774,57,9
06/12/2020,51049,Cumberland,Piedmont,46,4,0
06/12/2020,51051,Dickenson,"Cumberland Plateau",0,0,0
06/12/2020,51053,Dinwiddie,Crater,105,14,0
06/12/2020,51057,Essex,"Three Rivers",52,4,0
06/12/2020,51059,Fairfax,Fairfax,12863,1464,421
06/12/2020,51061,Fauquier,"Rappahannock Rapidan",376,25,6
06/12/2020,51063,Floyd,"New River",8,2,1
06/12/2020,51065,Fluvanna,"Thomas Jefferson",101,25,6
06/12/2020,51067,"Franklin County","West Piedmont",42,5,1
06/12/2020,51069,Frederick,"Lord Fairfax",423,28,4
06/12/2020,51071,Giles,"New River",5,0,0
06/12/2020,51073,Gloucester,"Three Rivers",35,9,1
06/12/2020,51075,Goochland,Chickahominy,112,21,6
06/12/2020,51077,Grayson,"Mount Rogers",63,4,2
06/12/2020,51079,Greene,"Thomas Jefferson",45,6,1
06/12/2020,51081,Greensville,Crater,306,14,7
06/12/2020,51083,Halifax,Southside,32,4,1
06/12/2020,51085,Hanover,Chickahominy,362,57,25
06/12/2020,51087,Henrico,Henrico,2193,231,136
06/12/2020,51089,Henry,"West Piedmont",193,18,3
06/12/2020,51091,Highland,"Central Shenandoah",2,0,0
06/12/2020,51093,"Isle of Wight","Western Tidewater",150,15,8
06/12/2020,51095,"James City",Peninsula,230,56,15
06/12/2020,51097,"King and Queen","Three Rivers",24,4,1
06/12/2020,51099,"King George",Rappahannock,87,14,4
06/12/2020,51101,"King William","Three Rivers",32,4,0
06/12/2020,51103,Lancaster,"Three Rivers",11,1,0
06/12/2020,51105,Lee,Lenowisco,9,1,0
06/12/2020,51107,Loudoun,Loudoun,3280,204,70
06/12/2020,51109,Louisa,"Thomas Jefferson",98,11,1
06/12/2020,51111,Lunenburg,Piedmont,19,0,0
06/12/2020,51113,Madison,"Rappahannock Rapidan",42,3,1
06/12/2020,51115,Mathews,"Three Rivers",5,2,0
06/12/2020,51117,Mecklenburg,Southside,226,30,24
06/12/2020,51119,Middlesex,"Three Rivers",14,1,0
06/12/2020,51121,Montgomery,"New River",96,10,2
06/12/2020,51125,Nelson,"Thomas Jefferson",18,0,0
06/12/2020,51127,"New Kent",Chickahominy,44,6,1
06/12/2020,51131,Northampton,"Eastern Shore",259,34,27
06/12/2020,51133,Northumberland,"Three Rivers",25,0,1
06/12/2020,51135,Nottoway,Piedmont,63,17,0
06/12/2020,51137,Orange,"Rappahannock Rapidan",124,13,2
06/12/2020,51139,Page,"Lord Fairfax",250,27,24
06/12/2020,51141,Patrick,"West Piedmont",31,2,0
06/12/2020,51143,Pittsylvania,Pittsylvania-Danville,59,14,1
06/12/2020,51145,Powhatan,Chesterfield,50,3,0
06/12/2020,51147,"Prince Edward",Piedmont,161,16,3
06/12/2020,51149,"Prince George",Crater,158,9,0
06/12/2020,51153,"Prince William","Prince William",6439,598,120
06/12/2020,51155,Pulaski,"New River",30,6,1
06/12/2020,51157,Rappahannock,"Rappahannock Rapidan",16,1,0
06/12/2020,51159,"Richmond County","Three Rivers",290,10,5
06/12/2020,51161,"Roanoke County",Alleghany,132,10,5
06/12/2020,51163,Rockbridge,"Central Shenandoah",19,0,0
06/12/2020,51165,Rockingham,"Central Shenandoah",614,60,7
06/12/2020,51167,Russell,"Cumberland Plateau",8,2,0
06/12/2020,51169,Scott,Lenowisco,7,2,2
06/12/2020,51171,Shenandoah,"Lord Fairfax",505,51,26
06/12/2020,51173,Smyth,"Mount Rogers",18,4,0
06/12/2020,51175,Southampton,"Western Tidewater",155,7,2
06/12/2020,51177,Spotsylvania,Rappahannock,739,52,12
06/12/2020,51179,Stafford,Rappahannock,862,88,5
06/12/2020,51181,Surry,Crater,13,4,1
06/12/2020,51183,Sussex,Crater,177,10,2
06/12/2020,51185,Tazewell,"Cumberland Plateau",9,0,0
06/12/2020,51187,Warren,"Lord Fairfax",228,14,4
06/12/2020,51191,Washington,"Mount Rogers",58,8,4
06/12/2020,51193,Westmoreland,"Three Rivers",84,10,1
06/12/2020,51195,Wise,Lenowisco,27,11,2
06/12/2020,51197,Wythe,"Mount Rogers",42,2,1
06/12/2020,51199,York,Peninsula,90,10,3
06/12/2020,51510,Alexandria,Alexandria,2128,222,48
06/12/2020,51520,Bristol,"Mount Rogers",4,1,0
06/12/2020,51530,"Buena Vista City","Central Shenandoah",12,1,0
06/12/2020,51540,Charlottesville,"Thomas Jefferson",146,15,3
06/12/2020,51550,Chesapeake,Chesapeake,636,99,16
06/12/2020,51570,"Colonial Heights",Chesterfield,111,14,17
06/12/2020,51580,Covington,Alleghany,4,0,0
06/12/2020,51590,Danville,Pittsylvania-Danville,63,17,2
06/12/2020,51595,Emporia,Crater,94,14,6
06/12/2020,51600,"Fairfax City",Fairfax,68,7,6
06/12/2020,51610,"Falls Church",Fairfax,56,11,8
06/12/2020,51620,"Franklin City","Western Tidewater",43,3,2
06/12/2020,51630,Fredericksburg,Rappahannock,199,24,0
06/12/2020,51640,Galax,"Mount Rogers",171,23,8
06/12/2020,51650,Hampton,Hampton,234,37,5
06/12/2020,51660,Harrisonburg,"Central Shenandoah",850,64,23
06/12/2020,51670,Hopewell,Crater,129,14,2
06/12/2020,51678,Lexington,"Central Shenandoah",8,0,0
06/12/2020,51680,Lynchburg,"Central Virginia",91,6,1
06/12/2020,51683,"Manassas City","Prince William",1282,86,12
06/12/2020,51685,"Manassas Park","Prince William",369,41,6
06/12/2020,51690,Martinsville,"West Piedmont",54,7,1
06/12/2020,51700,"Newport News",Peninsula,351,41,10
06/12/2020,51710,Norfolk,Norfolk,630,74,7
06/12/2020,51720,Norton,Lenowisco,2,2,0
06/12/2020,51730,Petersburg,Crater,178,30,3
06/12/2020,51735,Poquoson,Peninsula,11,2,0
06/12/2020,51740,Portsmouth,Portsmouth,370,56,11
06/12/2020,51750,Radford,"New River",7,0,0
06/12/2020,51760,"Richmond City",Richmond,1733,185,28
06/12/2020,51770,"Roanoke City",Roanoke,232,11,10
06/12/2020,51775,Salem,Alleghany,43,3,3
06/12/2020,51790,Staunton,"Central Shenandoah",57,6,0
06/12/2020,51800,Suffolk,"Western Tidewater",337,52,33
06/12/2020,51810,"Virginia Beach","Virginia Beach",847,107,27
06/12/2020,51820,Waynesboro,"Central Shenandoah",53,2,0
06/12/2020,51830,Williamsburg,Peninsula,49,11,5
06/12/2020,51840,Winchester,"Lord Fairfax",260,16,3
06/13/2020,51001,Accomack,"Eastern Shore",989,59,14
06/13/2020,51003,Albemarle,"Thomas Jefferson",275,22,8
06/13/2020,51005,Alleghany,Alleghany,28,5,2
06/13/2020,51007,Amelia,Piedmont,38,8,1
06/13/2020,51009,Amherst,"Central Virginia",27,3,0
06/13/2020,51011,Appomattox,"Central Virginia",34,2,0
06/13/2020,51013,Arlington,Arlington,2321,398,125
06/13/2020,51015,Augusta,"Central Shenandoah",143,6,2
06/13/2020,51017,Bath,"Central Shenandoah",0,0,0
06/13/2020,51019,Bedford,"Central Virginia",91,2,2
06/13/2020,51021,Bland,"Mount Rogers",0,0,0
06/13/2020,51023,Botetourt,Alleghany,47,9,4
06/13/2020,51025,Brunswick,Southside,46,11,1
06/13/2020,51027,Buchanan,"Cumberland Plateau",18,0,0
06/13/2020,51029,Buckingham,Piedmont,519,19,3
06/13/2020,51031,Campbell,"Central Virginia",23,4,1
06/13/2020,51033,Caroline,Rappahannock,106,9,4
06/13/2020,51035,Carroll,"Mount Rogers",165,15,5
06/13/2020,51036,"Charles City",Chickahominy,29,11,2
06/13/2020,51037,Charlotte,Piedmont,30,4,0
06/13/2020,51041,Chesterfield,Chesterfield,2150,110,39
06/13/2020,51043,Clarke,"Lord Fairfax",37,4,0
06/13/2020,51045,Craig,Alleghany,6,0,0
06/13/2020,51047,Culpeper,"Rappahannock Rapidan",777,57,9
06/13/2020,51049,Cumberland,Piedmont,47,4,0
06/13/2020,51051,Dickenson,"Cumberland Plateau",0,0,0
06/13/2020,51053,Dinwiddie,Crater,107,14,0
06/13/2020,51057,Essex,"Three Rivers",52,4,0
06/13/2020,51059,Fairfax,Fairfax,12939,1468,423
06/13/2020,51061,Fauquier,"Rappahannock Rapidan",380,25,6
06/13/2020,51063,Floyd,"New River",9,2,1
06/13/2020,51065,Fluvanna,"Thomas Jefferson",101,25,6
06/13/2020,51067,"Franklin County","West Piedmont",43,5,1
06/13/2020,51069,Frederick,"Lord Fairfax",428,30,4
06/13/2020,51071,Giles,"New River",5,0,0
06/13/2020,51073,Gloucester,"Three Rivers",36,9,1
06/13/2020,51075,Goochland,Chickahominy,114,21,6
06/13/2020,51077,Grayson,"Mount Rogers",66,4,2
06/13/2020,51079,Greene,"Thomas Jefferson",45,6,1
06/13/2020,51081,Greensville,Crater,336,14,7
06/13/2020,51083,Halifax,Southside,35,4,1
06/13/2020,51085,Hanover,Chickahominy,368,59,25
06/13/2020,51087,Henrico,Henrico,2234,233,136
06/13/2020,51089,Henry,"West Piedmont",198,19,3
06/13/2020,51091,Highland,"Central Shenandoah",2,0,0
06/13/2020,51093,"Isle of Wight","Western Tidewater",154,15,8
06/13/2020,51095,"James City",Peninsula,231,56,15
06/13/2020,51097,"King and Queen","Three Rivers",24,4,1
06/13/2020,51099,"King George",Rappahannock,87,14,4
06/13/2020,51101,"King William","Three Rivers",33,4,0
06/13/2020,51103,Lancaster,"Three Rivers",11,1,0
06/13/2020,51105,Lee,Lenowisco,9,1,0
06/13/2020,51107,Loudoun,Loudoun,3321,204,71
06/13/2020,51109,Louisa,"Thomas Jefferson",98,11,1
06/13/2020,51111,Lunenburg,Piedmont,20,0,0
06/13/2020,51113,Madison,"Rappahannock Rapidan",42,3,1
06/13/2020,51115,Mathews,"Three Rivers",5,2,0
06/13/2020,51117,Mecklenburg,Southside,226,30,24
06/13/2020,51119,Middlesex,"Three Rivers",14,1,0
06/13/2020,51121,Montgomery,"New River",96,10,2
06/13/2020,51125,Nelson,"Thomas Jefferson",18,0,0
06/13/2020,51127,"New Kent",Chickahominy,45,6,1
06/13/2020,51131,Northampton,"Eastern Shore",261,34,27
06/13/2020,51133,Northumberland,"Three Rivers",26,0,1
06/13/2020,51135,Nottoway,Piedmont,65,17,0
06/13/2020,51137,Orange,"Rappahannock Rapidan",124,13,2
06/13/2020,51139,Page,"Lord Fairfax",251,28,24
06/13/2020,51141,Patrick,"West Piedmont",31,2,0
06/13/2020,51143,Pittsylvania,Pittsylvania-Danville,60,14,1
06/13/2020,51145,Powhatan,Chesterfield,51,3,0
06/13/2020,51147,"Prince Edward",Piedmont,161,18,3
06/13/2020,51149,"Prince George",Crater,162,9,0
06/13/2020,51153,"Prince William","Prince William",6509,613,120
06/13/2020,51155,Pulaski,"New River",30,6,1
06/13/2020,51157,Rappahannock,"Rappahannock Rapidan",17,1,0
06/13/2020,51159,"Richmond County","Three Rivers",291,11,5
06/13/2020,51161,"Roanoke County",Alleghany,134,10,5
06/13/2020,51163,Rockbridge,"Central Shenandoah",19,0,0
06/13/2020,51165,Rockingham,"Central Shenandoah",621,60,7
06/13/2020,51167,Russell,"Cumberland Plateau",8,2,0
06/13/2020,51169,Scott,Lenowisco,7,2,2
06/13/2020,51171,Shenandoah,"Lord Fairfax",509,51,26
06/13/2020,51173,Smyth,"Mount Rogers",18,4,0
06/13/2020,51175,Southampton,"Western Tidewater",155,7,2
06/13/2020,51177,Spotsylvania,Rappahannock,752,52,13
06/13/2020,51179,Stafford,Rappahannock,877,89,5
06/13/2020,51181,Surry,Crater,13,4,1
06/13/2020,51183,Sussex,Crater,178,11,2
06/13/2020,51185,Tazewell,"Cumberland Plateau",9,0,0
06/13/2020,51187,Warren,"Lord Fairfax",229,14,4
06/13/2020,51191,Washington,"Mount Rogers",58,8,4
06/13/2020,51193,Westmoreland,"Three Rivers",85,10,1
06/13/2020,51195,Wise,Lenowisco,27,11,2
06/13/2020,51197,Wythe,"Mount Rogers",42,2,1
06/13/2020,51199,York,Peninsula,91,10,3
06/13/2020,51510,Alexandria,Alexandria,2134,223,48
06/13/2020,51520,Bristol,"Mount Rogers",4,1,0
06/13/2020,51530,"Buena Vista City","Central Shenandoah",12,1,0
06/13/2020,51540,Charlottesville,"Thomas Jefferson",148,17,3
06/13/2020,51550,Chesapeake,Chesapeake,650,100,16
06/13/2020,51570,"Colonial Heights",Chesterfield,115,14,17
06/13/2020,51580,Covington,Alleghany,4,0,0
06/13/2020,51590,Danville,Pittsylvania-Danville,63,17,2
06/13/2020,51595,Emporia,Crater,95,14,6
06/13/2020,51600,"Fairfax City",Fairfax,67,7,6
06/13/2020,51610,"Falls Church",Fairfax,56,11,7
06/13/2020,51620,"Franklin City","Western Tidewater",44,3,2
06/13/2020,51630,Fredericksburg,Rappahannock,201,24,0
06/13/2020,51640,Galax,"Mount Rogers",193,26,8
06/13/2020,51650,Hampton,Hampton,234,37,5
06/13/2020,51660,Harrisonburg,"Central Shenandoah",847,65,23
06/13/2020,51670,Hopewell,Crater,138,15,2
06/13/2020,51678,Lexington,"Central Shenandoah",8,0,0
06/13/2020,51680,Lynchburg,"Central Virginia",92,6,1
06/13/2020,51683,"Manassas City","Prince William",1299,86,12
06/13/2020,51685,"Manassas Park","Prince William",372,42,6
06/13/2020,51690,Martinsville,"West Piedmont",54,7,1
06/13/2020,51700,"Newport News",Peninsula,357,42,10
06/13/2020,51710,Norfolk,Norfolk,643,80,7
06/13/2020,51720,Norton,Lenowisco,2,2,0
06/13/2020,51730,Petersburg,Crater,180,32,3
06/13/2020,51735,Poquoson,Peninsula,11,2,0
06/13/2020,51740,Portsmouth,Portsmouth,375,57,12
06/13/2020,51750,Radford,"New River",8,0,0
06/13/2020,51760,"Richmond City",Richmond,1789,186,28
06/13/2020,51770,"Roanoke City",Roanoke,247,11,10
06/13/2020,51775,Salem,Alleghany,43,3,3
06/13/2020,51790,Staunton,"Central Shenandoah",60,6,0
06/13/2020,51800,Suffolk,"Western Tidewater",341,53,33
06/13/2020,51810,"Virginia Beach","Virginia Beach",869,107,27
06/13/2020,51820,Waynesboro,"Central Shenandoah",53,2,0
06/13/2020,51830,Williamsburg,Peninsula,49,11,5
06/13/2020,51840,Winchester,"Lord Fairfax",263,19,3
06/14/2020,51001,Accomack,"Eastern Shore",993,59,14
06/14/2020,51003,Albemarle,"Thomas Jefferson",286,22,8
06/14/2020,51005,Alleghany,Alleghany,28,5,2
06/14/2020,51007,Amelia,Piedmont,38,8,1
06/14/2020,51009,Amherst,"Central Virginia",27,3,0
06/14/2020,51011,Appomattox,"Central Virginia",34,2,0
06/14/2020,51013,Arlington,Arlington,2338,400,125
06/14/2020,51015,Augusta,"Central Shenandoah",146,6,2
06/14/2020,51017,Bath,"Central Shenandoah",0,0,0
06/14/2020,51019,Bedford,"Central Virginia",91,2,2
06/14/2020,51021,Bland,"Mount Rogers",0,0,0
06/14/2020,51023,Botetourt,Alleghany,47,9,4
06/14/2020,51025,Brunswick,Southside,46,11,1
06/14/2020,51027,Buchanan,"Cumberland Plateau",18,0,0
06/14/2020,51029,Buckingham,Piedmont,519,19,3
06/14/2020,51031,Campbell,"Central Virginia",25,4,1
06/14/2020,51033,Caroline,Rappahannock,109,9,4
06/14/2020,51035,Carroll,"Mount Rogers",171,15,5
06/14/2020,51036,"Charles City",Chickahominy,30,12,2
06/14/2020,51037,Charlotte,Piedmont,30,4,0
06/14/2020,51041,Chesterfield,Chesterfield,2181,110,39
06/14/2020,51043,Clarke,"Lord Fairfax",38,4,0
06/14/2020,51045,Craig,Alleghany,6,0,0
06/14/2020,51047,Culpeper,"Rappahannock Rapidan",780,59,9
06/14/2020,51049,Cumberland,Piedmont,47,4,0
06/14/2020,51051,Dickenson,"Cumberland Plateau",0,0,0
06/14/2020,51053,Dinwiddie,Crater,108,14,0
06/14/2020,51057,Essex,"Three Rivers",53,4,0
06/14/2020,51059,Fairfax,Fairfax,13017,1472,423
06/14/2020,51061,Fauquier,"Rappahannock Rapidan",385,25,6
06/14/2020,51063,Floyd,"New River",9,2,1
06/14/2020,51065,Fluvanna,"Thomas Jefferson",102,25,6
06/14/2020,51067,"Franklin County","West Piedmont",43,5,1
06/14/2020,51069,Frederick,"Lord Fairfax",433,30,4
06/14/2020,51071,Giles,"New River",6,0,0
06/14/2020,51073,Gloucester,"Three Rivers",37,9,1
06/14/2020,51075,Goochland,Chickahominy,114,21,6
06/14/2020,51077,Grayson,"Mount Rogers",66,4,2
06/14/2020,51079,Greene,"Thomas Jefferson",45,6,1
06/14/2020,51081,Greensville,Crater,343,14,7
06/14/2020,51083,Halifax,Southside,37,4,1
06/14/2020,51085,Hanover,Chickahominy,371,60,25
06/14/2020,51087,Henrico,Henrico,2264,237,136
06/14/2020,51089,Henry,"West Piedmont",199,19,3
06/14/2020,51091,Highland,"Central Shenandoah",3,0,0
06/14/2020,51093,"Isle of Wight","Western Tidewater",156,15,8
06/14/2020,51095,"James City",Peninsula,233,56,15
06/14/2020,51097,"King and Queen","Three Rivers",24,4,1
06/14/2020,51099,"King George",Rappahannock,88,14,4
06/14/2020,51101,"King William","Three Rivers",33,4,0
06/14/2020,51103,Lancaster,"Three Rivers",11,1,0
06/14/2020,51105,Lee,Lenowisco,9,1,0
06/14/2020,51107,Loudoun,Loudoun,3384,204,71
06/14/2020,51109,Louisa,"Thomas Jefferson",98,11,1
06/14/2020,51111,Lunenburg,Piedmont,21,1,0
06/14/2020,51113,Madison,"Rappahannock Rapidan",42,4,1
06/14/2020,51115,Mathews,"Three Rivers",5,2,0
06/14/2020,51117,Mecklenburg,Southside,226,30,24
06/14/2020,51119,Middlesex,"Three Rivers",14,1,0
06/14/2020,51121,Montgomery,"New River",96,10,2
06/14/2020,51125,Nelson,"Thomas Jefferson",18,0,0
06/14/2020,51127,"New Kent",Chickahominy,46,6,1
06/14/2020,51131,Northampton,"Eastern Shore",262,34,27
06/14/2020,51133,Northumberland,"Three Rivers",26,0,1
06/14/2020,51135,Nottoway,Piedmont,67,17,0
06/14/2020,51137,Orange,"Rappahannock Rapidan",130,13,2
06/14/2020,51139,Page,"Lord Fairfax",251,28,24
06/14/2020,51141,Patrick,"West Piedmont",31,2,0
06/14/2020,51143,Pittsylvania,Pittsylvania-Danville,69,15,1
06/14/2020,51145,Powhatan,Chesterfield,51,3,0
06/14/2020,51147,"Prince Edward",Piedmont,162,18,3
06/14/2020,51149,"Prince George",Crater,163,9,0
06/14/2020,51153,"Prince William","Prince William",6580,613,120
06/14/2020,51155,Pulaski,"New River",30,6,1
06/14/2020,51157,Rappahannock,"Rappahannock Rapidan",17,1,0
06/14/2020,51159,"Richmond County","Three Rivers",291,11,5
06/14/2020,51161,"Roanoke County",Alleghany,134,10,5
06/14/2020,51163,Rockbridge,"Central Shenandoah",19,0,0
06/14/2020,51165,Rockingham,"Central Shenandoah",627,60,7
06/14/2020,51167,Russell,"Cumberland Plateau",8,2,0
06/14/2020,51169,Scott,Lenowisco,7,2,2
06/14/2020,51171,Shenandoah,"Lord Fairfax",510,51,26
06/14/2020,51173,Smyth,"Mount Rogers",18,4,0
06/14/2020,51175,Southampton,"Western Tidewater",155,7,2
06/14/2020,51177,Spotsylvania,Rappahannock,813,53,15
06/14/2020,51179,Stafford,Rappahannock,887,89,5
06/14/2020,51181,Surry,Crater,13,4,1
06/14/2020,51183,Sussex,Crater,181,11,2
06/14/2020,51185,Tazewell,"Cumberland Plateau",9,0,0
06/14/2020,51187,Warren,"Lord Fairfax",230,14,4
06/14/2020,51191,Washington,"Mount Rogers",58,8,4
06/14/2020,51193,Westmoreland,"Three Rivers",87,10,1
06/14/2020,51195,Wise,Lenowisco,27,11,2
06/14/2020,51197,Wythe,"Mount Rogers",42,2,1
06/14/2020,51199,York,Peninsula,93,10,3
06/14/2020,51510,Alexandria,Alexandria,2151,223,48
06/14/2020,51520,Bristol,"Mount Rogers",4,1,0
06/14/2020,51530,"Buena Vista City","Central Shenandoah",12,1,0
06/14/2020,51540,Charlottesville,"Thomas Jefferson",152,17,3
06/14/2020,51550,Chesapeake,Chesapeake,659,100,16
06/14/2020,51570,"Colonial Heights",Chesterfield,115,14,17
06/14/2020,51580,Covington,Alleghany,4,0,0
06/14/2020,51590,Danville,Pittsylvania-Danville,65,17,2
06/14/2020,51595,Emporia,Crater,97,14,6
06/14/2020,51600,"Fairfax City",Fairfax,67,7,6
06/14/2020,51610,"Falls Church",Fairfax,56,11,7
06/14/2020,51620,"Franklin City","Western Tidewater",44,3,2
06/14/2020,51630,Fredericksburg,Rappahannock,208,24,0
06/14/2020,51640,Galax,"Mount Rogers",204,29,10
06/14/2020,51650,Hampton,Hampton,238,37,5
06/14/2020,51660,Harrisonburg,"Central Shenandoah",855,65,23
06/14/2020,51670,Hopewell,Crater,138,15,2
06/14/2020,51678,Lexington,"Central Shenandoah",8,0,0
06/14/2020,51680,Lynchburg,"Central Virginia",92,6,1
06/14/2020,51683,"Manassas City","Prince William",1309,86,12
06/14/2020,51685,"Manassas Park","Prince William",378,42,6
06/14/2020,51690,Martinsville,"West Piedmont",54,7,1
06/14/2020,51700,"Newport News",Peninsula,371,42,10
06/14/2020,51710,Norfolk,Norfolk,660,80,7
06/14/2020,51720,Norton,Lenowisco,2,2,0
06/14/2020,51730,Petersburg,Crater,185,32,3
06/14/2020,51735,Poquoson,Peninsula,11,2,0
06/14/2020,51740,Portsmouth,Portsmouth,375,57,12
06/14/2020,51750,Radford,"New River",8,0,0
06/14/2020,51760,"Richmond City",Richmond,1814,188,29
06/14/2020,51770,"Roanoke City",Roanoke,250,11,10
06/14/2020,51775,Salem,Alleghany,44,3,3
06/14/2020,51790,Staunton,"Central Shenandoah",60,6,0
06/14/2020,51800,Suffolk,"Western Tidewater",344,53,33
06/14/2020,51810,"Virginia Beach","Virginia Beach",890,108,27
06/14/2020,51820,Waynesboro,"Central Shenandoah",53,3,0
06/14/2020,51830,Williamsburg,Peninsula,50,11,5
06/14/2020,51840,Winchester,"Lord Fairfax",264,19,3
06/15/2020,51001,Accomack,"Eastern Shore",996,59,14
06/15/2020,51003,Albemarle,"Thomas Jefferson",290,22,8
06/15/2020,51005,Alleghany,Alleghany,28,5,2
06/15/2020,51007,Amelia,Piedmont,39,8,1
06/15/2020,51009,Amherst,"Central Virginia",27,3,0
06/15/2020,51011,Appomattox,"Central Virginia",34,2,0
06/15/2020,51013,Arlington,Arlington,2346,405,125
06/15/2020,51015,Augusta,"Central Shenandoah",146,6,2
06/15/2020,51017,Bath,"Central Shenandoah",0,0,0
06/15/2020,51019,Bedford,"Central Virginia",91,2,2
06/15/2020,51021,Bland,"Mount Rogers",0,0,0
06/15/2020,51023,Botetourt,Alleghany,47,9,4
06/15/2020,51025,Brunswick,Southside,46,11,1
06/15/2020,51027,Buchanan,"Cumberland Plateau",18,0,0
06/15/2020,51029,Buckingham,Piedmont,521,19,3
06/15/2020,51031,Campbell,"Central Virginia",25,4,1
06/15/2020,51033,Caroline,Rappahannock,111,9,4
06/15/2020,51035,Carroll,"Mount Rogers",173,15,5
06/15/2020,51036,"Charles City",Chickahominy,32,13,3
06/15/2020,51037,Charlotte,Piedmont,30,4,0
06/15/2020,51041,Chesterfield,Chesterfield,2194,110,39
06/15/2020,51043,Clarke,"Lord Fairfax",38,4,0
06/15/2020,51045,Craig,Alleghany,6,0,0
06/15/2020,51047,Culpeper,"Rappahannock Rapidan",783,59,9
06/15/2020,51049,Cumberland,Piedmont,49,4,0
06/15/2020,51051,Dickenson,"Cumberland Plateau",0,0,0
06/15/2020,51053,Dinwiddie,Crater,110,14,0
06/15/2020,51057,Essex,"Three Rivers",53,4,0
06/15/2020,51059,Fairfax,Fairfax,13092,1500,423
06/15/2020,51061,Fauquier,"Rappahannock Rapidan",386,25,6
06/15/2020,51063,Floyd,"New River",10,2,1
06/15/2020,51065,Fluvanna,"Thomas Jefferson",102,25,6
06/15/2020,51067,"Franklin County","West Piedmont",43,5,1
06/15/2020,51069,Frederick,"Lord Fairfax",435,30,4
06/15/2020,51071,Giles,"New River",6,0,0
06/15/2020,51073,Gloucester,"Three Rivers",38,9,1
06/15/2020,51075,Goochland,Chickahominy,116,22,6
06/15/2020,51077,Grayson,"Mount Rogers",66,4,2
06/15/2020,51079,Greene,"Thomas Jefferson",45,6,1
06/15/2020,51081,Greensville,Crater,344,14,7
06/15/2020,51083,Halifax,Southside,37,4,1
06/15/2020,51085,Hanover,Chickahominy,374,60,25
06/15/2020,51087,Henrico,Henrico,2289,238,136
06/15/2020,51089,Henry,"West Piedmont",202,19,3
06/15/2020,51091,Highland,"Central Shenandoah",3,0,0
06/15/2020,51093,"Isle of Wight","Western Tidewater",156,15,8
06/15/2020,51095,"James City",Peninsula,233,56,15
06/15/2020,51097,"King and Queen","Three Rivers",24,4,1
06/15/2020,51099,"King George",Rappahannock,88,14,4
06/15/2020,51101,"King William","Three Rivers",33,4,0
06/15/2020,51103,Lancaster,"Three Rivers",11,1,0
06/15/2020,51105,Lee,Lenowisco,9,1,0
06/15/2020,51107,Loudoun,Loudoun,3404,204,71
06/15/2020,51109,Louisa,"Thomas Jefferson",99,11,1
06/15/2020,51111,Lunenburg,Piedmont,21,1,0
06/15/2020,51113,Madison,"Rappahannock Rapidan",42,4,1
06/15/2020,51115,Mathews,"Three Rivers",5,2,0
06/15/2020,51117,Mecklenburg,Southside,229,30,24
06/15/2020,51119,Middlesex,"Three Rivers",14,1,0
06/15/2020,51121,Montgomery,"New River",95,10,2
06/15/2020,51125,Nelson,"Thomas Jefferson",18,0,0
06/15/2020,51127,"New Kent",Chickahominy,46,6,1
06/15/2020,51131,Northampton,"Eastern Shore",262,34,27
06/15/2020,51133,Northumberland,"Three Rivers",27,0,1
06/15/2020,51135,Nottoway,Piedmont,67,17,0
06/15/2020,51137,Orange,"Rappahannock Rapidan",131,13,2
06/15/2020,51139,Page,"Lord Fairfax",252,28,24
06/15/2020,51141,Patrick,"West Piedmont",32,2,0
06/15/2020,51143,Pittsylvania,Pittsylvania-Danville,70,15,1
06/15/2020,51145,Powhatan,Chesterfield,51,3,0
06/15/2020,51147,"Prince Edward",Piedmont,170,18,3
06/15/2020,51149,"Prince George",Crater,167,9,0
06/15/2020,51153,"Prince William","Prince William",6608,613,122
06/15/2020,51155,Pulaski,"New River",30,6,1
06/15/2020,51157,Rappahannock,"Rappahannock Rapidan",17,1,0
06/15/2020,51159,"Richmond County","Three Rivers",292,11,5
06/15/2020,51161,"Roanoke County",Alleghany,134,10,5
06/15/2020,51163,Rockbridge,"Central Shenandoah",19,0,0
06/15/2020,51165,Rockingham,"Central Shenandoah",629,62,7
06/15/2020,51167,Russell,"Cumberland Plateau",8,2,0
06/15/2020,51169,Scott,Lenowisco,8,2,2
06/15/2020,51171,Shenandoah,"Lord Fairfax",511,51,26
06/15/2020,51173,Smyth,"Mount Rogers",20,4,0
06/15/2020,51175,Southampton,"Western Tidewater",155,7,2
06/15/2020,51177,Spotsylvania,Rappahannock,837,55,16
06/15/2020,51179,Stafford,Rappahannock,893,89,5
06/15/2020,51181,Surry,Crater,13,4,1
06/15/2020,51183,Sussex,Crater,183,11,2
06/15/2020,51185,Tazewell,"Cumberland Plateau",9,0,0
06/15/2020,51187,Warren,"Lord Fairfax",231,15,4
06/15/2020,51191,Washington,"Mount Rogers",58,8,4
06/15/2020,51193,Westmoreland,"Three Rivers",87,10,1
06/15/2020,51195,Wise,Lenowisco,27,11,2
06/15/2020,51197,Wythe,"Mount Rogers",42,2,1
06/15/2020,51199,York,Peninsula,93,10,3
06/15/2020,51510,Alexandria,Alexandria,2160,225,48
06/15/2020,51520,Bristol,"Mount Rogers",4,1,0
06/15/2020,51530,"Buena Vista City","Central Shenandoah",12,1,0
06/15/2020,51540,Charlottesville,"Thomas Jefferson",154,17,3
06/15/2020,51550,Chesapeake,Chesapeake,672,102,16
06/15/2020,51570,"Colonial Heights",Chesterfield,115,14,17
06/15/2020,51580,Covington,Alleghany,4,0,0
06/15/2020,51590,Danville,Pittsylvania-Danville,66,17,2
06/15/2020,51595,Emporia,Crater,98,14,6
06/15/2020,51600,"Fairfax City",Fairfax,67,7,6
06/15/2020,51610,"Falls Church",Fairfax,56,11,7
06/15/2020,51620,"Franklin City","Western Tidewater",44,3,2
06/15/2020,51630,Fredericksburg,Rappahannock,211,24,0
06/15/2020,51640,Galax,"Mount Rogers",205,29,10
06/15/2020,51650,Hampton,Hampton,241,37,5
06/15/2020,51660,Harrisonburg,"Central Shenandoah",856,66,23
06/15/2020,51670,Hopewell,Crater,141,15,2
06/15/2020,51678,Lexington,"Central Shenandoah",8,0,0
06/15/2020,51680,Lynchburg,"Central Virginia",92,6,1
06/15/2020,51683,"Manassas City","Prince William",1314,86,13
06/15/2020,51685,"Manassas Park","Prince William",384,45,6
06/15/2020,51690,Martinsville,"West Piedmont",54,7,1
06/15/2020,51700,"Newport News",Peninsula,381,42,10
06/15/2020,51710,Norfolk,Norfolk,668,82,7
06/15/2020,51720,Norton,Lenowisco,2,2,0
06/15/2020,51730,Petersburg,Crater,191,32,3
06/15/2020,51735,Poquoson,Peninsula,12,2,0
06/15/2020,51740,Portsmouth,Portsmouth,386,58,12
06/15/2020,51750,Radford,"New River",8,0,0
06/15/2020,51760,"Richmond City",Richmond,1832,188,29
06/15/2020,51770,"Roanoke City",Roanoke,250,11,10
06/15/2020,51775,Salem,Alleghany,44,3,3
06/15/2020,51790,Staunton,"Central Shenandoah",60,6,0
06/15/2020,51800,Suffolk,"Western Tidewater",345,53,34
06/15/2020,51810,"Virginia Beach","Virginia Beach",899,108,27
06/15/2020,51820,Waynesboro,"Central Shenandoah",54,3,0
06/15/2020,51830,Williamsburg,Peninsula,50,11,5
06/15/2020,51840,Winchester,"Lord Fairfax",265,19,3
06/16/2020,51001,Accomack,"Eastern Shore",1007,66,14
06/16/2020,51003,Albemarle,"Thomas Jefferson",293,22,8
06/16/2020,51005,Alleghany,Alleghany,30,5,2
06/16/2020,51007,Amelia,Piedmont,38,9,1
06/16/2020,51009,Amherst,"Central Virginia",28,3,0
06/16/2020,51011,Appomattox,"Central Virginia",34,2,0
06/16/2020,51013,Arlington,Arlington,2363,407,125
06/16/2020,51015,Augusta,"Central Shenandoah",152,6,2
06/16/2020,51017,Bath,"Central Shenandoah",0,0,0
06/16/2020,51019,Bedford,"Central Virginia",94,2,2
06/16/2020,51021,Bland,"Mount Rogers",0,0,0
06/16/2020,51023,Botetourt,Alleghany,50,9,4
06/16/2020,51025,Brunswick,Southside,54,11,1
06/16/2020,51027,Buchanan,"Cumberland Plateau",18,0,0
06/16/2020,51029,Buckingham,Piedmont,534,19,3
06/16/2020,51031,Campbell,"Central Virginia",28,4,1
06/16/2020,51033,Caroline,Rappahannock,113,9,4
06/16/2020,51035,Carroll,"Mount Rogers",175,15,5
06/16/2020,51036,"Charles City",Chickahominy,33,13,3
06/16/2020,51037,Charlotte,Piedmont,30,4,0
06/16/2020,51041,Chesterfield,Chesterfield,2259,111,39
06/16/2020,51043,Clarke,"Lord Fairfax",40,4,0
06/16/2020,51045,Craig,Alleghany,6,0,0
06/16/2020,51047,Culpeper,"Rappahannock Rapidan",787,59,9
06/16/2020,51049,Cumberland,Piedmont,50,4,0
06/16/2020,51051,Dickenson,"Cumberland Plateau",1,0,0
06/16/2020,51053,Dinwiddie,Crater,110,15,0
06/16/2020,51057,Essex,"Three Rivers",53,4,0
06/16/2020,51059,Fairfax,Fairfax,13103,1509,428
06/16/2020,51061,Fauquier,"Rappahannock Rapidan",393,26,6
06/16/2020,51063,Floyd,"New River",10,2,1
06/16/2020,51065,Fluvanna,"Thomas Jefferson",102,25,6
06/16/2020,51067,"Franklin County","West Piedmont",43,5,1
06/16/2020,51069,Frederick,"Lord Fairfax",435,31,4
06/16/2020,51071,Giles,"New River",6,0,0
06/16/2020,51073,Gloucester,"Three Rivers",38,9,1
06/16/2020,51075,Goochland,Chickahominy,116,22,6
06/16/2020,51077,Grayson,"Mount Rogers",66,4,2
06/16/2020,51079,Greene,"Thomas Jefferson",45,6,1
06/16/2020,51081,Greensville,Crater,342,14,7
06/16/2020,51083,Halifax,Southside,38,4,1
06/16/2020,51085,Hanover,Chickahominy,375,61,25
06/16/2020,51087,Henrico,Henrico,2311,240,137
06/16/2020,51089,Henry,"West Piedmont",210,19,3
06/16/2020,51091,Highland,"Central Shenandoah",3,0,0
06/16/2020,51093,"Isle of Wight","Western Tidewater",158,15,8
06/16/2020,51095,"James City",Peninsula,236,57,15
06/16/2020,51097,"King and Queen","Three Rivers",24,4,1
06/16/2020,51099,"King George",Rappahannock,91,14,4
06/16/2020,51101,"King William","Three Rivers",33,4,0
06/16/2020,51103,Lancaster,"Three Rivers",11,1,0
06/16/2020,51105,Lee,Lenowisco,9,1,0
06/16/2020,51107,Loudoun,Loudoun,3439,206,76
06/16/2020,51109,Louisa,"Thomas Jefferson",99,11,1
06/16/2020,51111,Lunenburg,Piedmont,21,1,0
06/16/2020,51113,Madison,"Rappahannock Rapidan",42,4,1
06/16/2020,51115,Mathews,"Three Rivers",5,2,0
06/16/2020,51117,Mecklenburg,Southside,231,30,24
06/16/2020,51119,Middlesex,"Three Rivers",14,1,0
06/16/2020,51121,Montgomery,"New River",97,10,2
06/16/2020,51125,Nelson,"Thomas Jefferson",18,0,0
06/16/2020,51127,"New Kent",Chickahominy,46,6,1
06/16/2020,51131,Northampton,"Eastern Shore",264,36,27
06/16/2020,51133,Northumberland,"Three Rivers",27,0,1
06/16/2020,51135,Nottoway,Piedmont,68,17,0
06/16/2020,51137,Orange,"Rappahannock Rapidan",133,13,2
06/16/2020,51139,Page,"Lord Fairfax",256,28,24
06/16/2020,51141,Patrick,"West Piedmont",32,2,0
06/16/2020,51143,Pittsylvania,Pittsylvania-Danville,70,15,1
06/16/2020,51145,Powhatan,Chesterfield,53,3,0
06/16/2020,51147,"Prince Edward",Piedmont,171,19,3
06/16/2020,51149,"Prince George",Crater,168,9,0
06/16/2020,51153,"Prince William","Prince William",6621,621,127
06/16/2020,51155,Pulaski,"New River",30,6,1
06/16/2020,51157,Rappahannock,"Rappahannock Rapidan",17,1,0
06/16/2020,51159,"Richmond County","Three Rivers",294,11,6
06/16/2020,51161,"Roanoke County",Alleghany,141,10,5
06/16/2020,51163,Rockbridge,"Central Shenandoah",18,0,0
06/16/2020,51165,Rockingham,"Central Shenandoah",631,63,7
06/16/2020,51167,Russell,"Cumberland Plateau",8,2,0
06/16/2020,51169,Scott,Lenowisco,8,2,2
06/16/2020,51171,Shenandoah,"Lord Fairfax",516,51,27
06/16/2020,51173,Smyth,"Mount Rogers",22,4,0
06/16/2020,51175,Southampton,"Western Tidewater",155,7,2
06/16/2020,51177,Spotsylvania,Rappahannock,849,56,17
06/16/2020,51179,Stafford,Rappahannock,900,89,5
06/16/2020,51181,Surry,Crater,13,4,1
06/16/2020,51183,Sussex,Crater,183,13,2
06/16/2020,51185,Tazewell,"Cumberland Plateau",9,0,0
06/16/2020,51187,Warren,"Lord Fairfax",233,15,4
06/16/2020,51191,Washington,"Mount Rogers",58,8,4
06/16/2020,51193,Westmoreland,"Three Rivers",87,10,1
06/16/2020,51195,Wise,Lenowisco,27,11,2
06/16/2020,51197,Wythe,"Mount Rogers",42,2,1
06/16/2020,51199,York,Peninsula,94,10,3
06/16/2020,51510,Alexandria,Alexandria,2168,224,47
06/16/2020,51520,Bristol,"Mount Rogers",4,1,0
06/16/2020,51530,"Buena Vista City","Central Shenandoah",12,1,0
06/16/2020,51540,Charlottesville,"Thomas Jefferson",160,17,3
06/16/2020,51550,Chesapeake,Chesapeake,678,102,16
06/16/2020,51570,"Colonial Heights",Chesterfield,117,14,17
06/16/2020,51580,Covington,Alleghany,4,0,0
06/16/2020,51590,Danville,Pittsylvania-Danville,66,17,2
06/16/2020,51595,Emporia,Crater,101,14,6
06/16/2020,51600,"Fairfax City",Fairfax,67,7,6
06/16/2020,51610,"Falls Church",Fairfax,58,11,7
06/16/2020,51620,"Franklin City","Western Tidewater",44,3,2
06/16/2020,51630,Fredericksburg,Rappahannock,213,24,0
06/16/2020,51640,Galax,"Mount Rogers",206,29,10
06/16/2020,51650,Hampton,Hampton,246,37,5
06/16/2020,51660,Harrisonburg,"Central Shenandoah",859,67,22
06/16/2020,51670,Hopewell,Crater,144,15,2
06/16/2020,51678,Lexington,"Central Shenandoah",8,0,0
06/16/2020,51680,Lynchburg,"Central Virginia",96,6,1
06/16/2020,51683,"Manassas City","Prince William",1317,87,14
06/16/2020,51685,"Manassas Park","Prince William",388,45,6
06/16/2020,51690,Martinsville,"West Piedmont",56,7,1
06/16/2020,51700,"Newport News",Peninsula,390,43,10
06/16/2020,51710,Norfolk,Norfolk,681,84,7
06/16/2020,51720,Norton,Lenowisco,2,2,0
06/16/2020,51730,Petersburg,Crater,192,33,3
06/16/2020,51735,Poquoson,Peninsula,12,2,0
06/16/2020,51740,Portsmouth,Portsmouth,387,59,12
06/16/2020,51750,Radford,"New River",9,0,0
06/16/2020,51760,"Richmond City",Richmond,1848,191,29
06/16/2020,51770,"Roanoke City",Roanoke,270,11,10
06/16/2020,51775,Salem,Alleghany,47,3,3
06/16/2020,51790,Staunton,"Central Shenandoah",60,6,0
06/16/2020,51800,Suffolk,"Western Tidewater",347,53,34
06/16/2020,51810,"Virginia Beach","Virginia Beach",909,110,27
06/16/2020,51820,Waynesboro,"Central Shenandoah",55,3,0
06/16/2020,51830,Williamsburg,Peninsula,53,11,5
06/16/2020,51840,Winchester,"Lord Fairfax",269,19,3
06/17/2020,51001,Accomack,"Eastern Shore",1018,67,14
06/17/2020,51003,Albemarle,"Thomas Jefferson",293,22,8
06/17/2020,51005,Alleghany,Alleghany,30,5,2
06/17/2020,51007,Amelia,Piedmont,38,9,1
06/17/2020,51009,Amherst,"Central Virginia",28,3,0
06/17/2020,51011,Appomattox,"Central Virginia",34,2,0
06/17/2020,51013,Arlington,Arlington,2372,407,124
06/17/2020,51015,Augusta,"Central Shenandoah",157,6,2
06/17/2020,51017,Bath,"Central Shenandoah",0,0,0
06/17/2020,51019,Bedford,"Central Virginia",96,2,2
06/17/2020,51021,Bland,"Mount Rogers",0,0,0
06/17/2020,51023,Botetourt,Alleghany,51,9,4
06/17/2020,51025,Brunswick,Southside,59,12,1
06/17/2020,51027,Buchanan,"Cumberland Plateau",18,0,0
06/17/2020,51029,Buckingham,Piedmont,542,20,3
06/17/2020,51031,Campbell,"Central Virginia",28,4,1
06/17/2020,51033,Caroline,Rappahannock,116,10,4
06/17/2020,51035,Carroll,"Mount Rogers",177,15,5
06/17/2020,51036,"Charles City",Chickahominy,34,13,3
06/17/2020,51037,Charlotte,Piedmont,30,4,0
06/17/2020,51041,Chesterfield,Chesterfield,2316,111,40
06/17/2020,51043,Clarke,"Lord Fairfax",40,4,0
06/17/2020,51045,Craig,Alleghany,6,0,0
06/17/2020,51047,Culpeper,"Rappahannock Rapidan",790,59,9
06/17/2020,51049,Cumberland,Piedmont,50,4,0
06/17/2020,51051,Dickenson,"Cumberland Plateau",1,0,0
06/17/2020,51053,Dinwiddie,Crater,113,16,0
06/17/2020,51057,Essex,"Three Rivers",53,4,0
06/17/2020,51059,Fairfax,Fairfax,13153,1517,429
06/17/2020,51061,Fauquier,"Rappahannock Rapidan",398,26,6
06/17/2020,51063,Floyd,"New River",10,2,1
06/17/2020,51065,Fluvanna,"Thomas Jefferson",103,25,6
06/17/2020,51067,"Franklin County","West Piedmont",46,5,1
06/17/2020,51069,Frederick,"Lord Fairfax",440,31,4
06/17/2020,51071,Giles,"New River",6,0,0
06/17/2020,51073,Gloucester,"Three Rivers",38,9,1
06/17/2020,51075,Goochland,Chickahominy,116,22,6
06/17/2020,51077,Grayson,"Mount Rogers",68,4,2
06/17/2020,51079,Greene,"Thomas Jefferson",46,6,1
06/17/2020,51081,Greensville,Crater,343,14,7
06/17/2020,51083,Halifax,Southside,39,4,1
06/17/2020,51085,Hanover,Chickahominy,378,61,25
06/17/2020,51087,Henrico,Henrico,2332,241,140
06/17/2020,51089,Henry,"West Piedmont",212,18,3
06/17/2020,51091,Highland,"Central Shenandoah",3,0,0
06/17/2020,51093,"Isle of Wight","Western Tidewater",158,15,8
06/17/2020,51095,"James City",Peninsula,236,57,15
06/17/2020,51097,"King and Queen","Three Rivers",24,4,1
06/17/2020,51099,"King George",Rappahannock,93,14,4
06/17/2020,51101,"King William","Three Rivers",33,4,0
06/17/2020,51103,Lancaster,"Three Rivers",11,1,0
06/17/2020,51105,Lee,Lenowisco,9,1,0
06/17/2020,51107,Loudoun,Loudoun,3458,217,80
06/17/2020,51109,Louisa,"Thomas Jefferson",101,11,1
06/17/2020,51111,Lunenburg,Piedmont,21,3,0
06/17/2020,51113,Madison,"Rappahannock Rapidan",42,4,1
06/17/2020,51115,Mathews,"Three Rivers",5,2,0
06/17/2020,51117,Mecklenburg,Southside,231,30,24
06/17/2020,51119,Middlesex,"Three Rivers",14,1,0
06/17/2020,51121,Montgomery,"New River",97,10,2
06/17/2020,51125,Nelson,"Thomas Jefferson",18,0,0
06/17/2020,51127,"New Kent",Chickahominy,47,6,1
06/17/2020,51131,Northampton,"Eastern Shore",265,38,27
06/17/2020,51133,Northumberland,"Three Rivers",27,0,1
06/17/2020,51135,Nottoway,Piedmont,68,17,0
06/17/2020,51137,Orange,"Rappahannock Rapidan",135,13,2
06/17/2020,51139,Page,"Lord Fairfax",256,28,24
06/17/2020,51141,Patrick,"West Piedmont",33,2,0
06/17/2020,51143,Pittsylvania,Pittsylvania-Danville,73,15,1
06/17/2020,51145,Powhatan,Chesterfield,54,3,0
06/17/2020,51147,"Prince Edward",Piedmont,171,19,3
06/17/2020,51149,"Prince George",Crater,169,9,0
06/17/2020,51153,"Prince William","Prince William",6654,623,127
06/17/2020,51155,Pulaski,"New River",30,6,1
06/17/2020,51157,Rappahannock,"Rappahannock Rapidan",17,1,0
06/17/2020,51159,"Richmond County","Three Rivers",294,11,6
06/17/2020,51161,"Roanoke County",Alleghany,148,11,5
06/17/2020,51163,Rockbridge,"Central Shenandoah",18,0,0
06/17/2020,51165,Rockingham,"Central Shenandoah",636,63,7
06/17/2020,51167,Russell,"Cumberland Plateau",9,2,0
06/17/2020,51169,Scott,Lenowisco,8,2,2
06/17/2020,51171,Shenandoah,"Lord Fairfax",522,52,27
06/17/2020,51173,Smyth,"Mount Rogers",26,4,0
06/17/2020,51175,Southampton,"Western Tidewater",154,7,2
06/17/2020,51177,Spotsylvania,Rappahannock,858,56,17
06/17/2020,51179,Stafford,Rappahannock,906,91,5
06/17/2020,51181,Surry,Crater,13,4,1
06/17/2020,51183,Sussex,Crater,184,13,2
06/17/2020,51185,Tazewell,"Cumberland Plateau",9,0,0
06/17/2020,51187,Warren,"Lord Fairfax",233,15,4
06/17/2020,51191,Washington,"Mount Rogers",58,8,4
06/17/2020,51193,Westmoreland,"Three Rivers",87,10,1
06/17/2020,51195,Wise,Lenowisco,27,11,2
06/17/2020,51197,Wythe,"Mount Rogers",42,2,1
06/17/2020,51199,York,Peninsula,94,10,3
06/17/2020,51510,Alexandria,Alexandria,2175,225,48
06/17/2020,51520,Bristol,"Mount Rogers",4,1,0
06/17/2020,51530,"Buena Vista City","Central Shenandoah",12,1,0
06/17/2020,51540,Charlottesville,"Thomas Jefferson",161,17,3
06/17/2020,51550,Chesapeake,Chesapeake,684,103,16
06/17/2020,51570,"Colonial Heights",Chesterfield,117,14,17
06/17/2020,51580,Covington,Alleghany,4,0,0
06/17/2020,51590,Danville,Pittsylvania-Danville,66,17,2
06/17/2020,51595,Emporia,Crater,106,15,6
06/17/2020,51600,"Fairfax City",Fairfax,68,7,7
06/17/2020,51610,"Falls Church",Fairfax,58,11,7
06/17/2020,51620,"Franklin City","Western Tidewater",44,3,2
06/17/2020,51630,Fredericksburg,Rappahannock,215,24,0
06/17/2020,51640,Galax,"Mount Rogers",208,28,11
06/17/2020,51650,Hampton,Hampton,248,37,5
06/17/2020,51660,Harrisonburg,"Central Shenandoah",864,68,23
06/17/2020,51670,Hopewell,Crater,149,15,2
06/17/2020,51678,Lexington,"Central Shenandoah",8,0,0
06/17/2020,51680,Lynchburg,"Central Virginia",96,6,1
06/17/2020,51683,"Manassas City","Prince William",1320,87,14
06/17/2020,51685,"Manassas Park","Prince William",390,45,6
06/17/2020,51690,Martinsville,"West Piedmont",58,7,1
06/17/2020,51700,"Newport News",Peninsula,399,43,10
06/17/2020,51710,Norfolk,Norfolk,698,85,7
06/17/2020,51720,Norton,Lenowisco,2,2,0
06/17/2020,51730,Petersburg,Crater,194,36,3
06/17/2020,51735,Poquoson,Peninsula,12,2,0
06/17/2020,51740,Portsmouth,Portsmouth,395,60,13
06/17/2020,51750,Radford,"New River",9,0,0
06/17/2020,51760,"Richmond City",Richmond,1872,195,28
06/17/2020,51770,"Roanoke City",Roanoke,277,12,10
06/17/2020,51775,Salem,Alleghany,48,3,3
06/17/2020,51790,Staunton,"Central Shenandoah",61,6,0
06/17/2020,51800,Suffolk,"Western Tidewater",348,53,34
06/17/2020,51810,"Virginia Beach","Virginia Beach",923,112,28
06/17/2020,51820,Waynesboro,"Central Shenandoah",58,3,0
06/17/2020,51830,Williamsburg,Peninsula,54,11,5
06/17/2020,51840,Winchester,"Lord Fairfax",273,19,3
06/18/2020,51001,Accomack,"Eastern Shore",1018,66,14
06/18/2020,51003,Albemarle,"Thomas Jefferson",302,22,8
06/18/2020,51005,Alleghany,Alleghany,30,5,2
06/18/2020,51007,Amelia,Piedmont,39,9,1
06/18/2020,51009,Amherst,"Central Virginia",28,3,0
06/18/2020,51011,Appomattox,"Central Virginia",34,2,0
06/18/2020,51013,Arlington,Arlington,2382,409,126
06/18/2020,51015,Augusta,"Central Shenandoah",164,7,2
06/18/2020,51017,Bath,"Central Shenandoah",0,0,0
06/18/2020,51019,Bedford,"Central Virginia",94,2,2
06/18/2020,51021,Bland,"Mount Rogers",0,0,0
06/18/2020,51023,Botetourt,Alleghany,51,9,4
06/18/2020,51025,Brunswick,Southside,72,12,1
06/18/2020,51027,Buchanan,"Cumberland Plateau",18,0,0
06/18/2020,51029,Buckingham,Piedmont,552,20,3
06/18/2020,51031,Campbell,"Central Virginia",28,4,1
06/18/2020,51033,Caroline,Rappahannock,119,11,4
06/18/2020,51035,Carroll,"Mount Rogers",178,15,5
06/18/2020,51036,"Charles City",Chickahominy,34,13,3
06/18/2020,51037,Charlotte,Piedmont,30,4,0
06/18/2020,51041,Chesterfield,Chesterfield,2375,111,40
06/18/2020,51043,Clarke,"Lord Fairfax",43,4,0
06/18/2020,51045,Craig,Alleghany,6,0,0
06/18/2020,51047,Culpeper,"Rappahannock Rapidan",790,59,9
06/18/2020,51049,Cumberland,Piedmont,50,4,0
06/18/2020,51051,Dickenson,"Cumberland Plateau",1,0,0
06/18/2020,51053,Dinwiddie,Crater,114,16,0
06/18/2020,51057,Essex,"Three Rivers",54,4,0
06/18/2020,51059,Fairfax,Fairfax,13209,1529,431
06/18/2020,51061,Fauquier,"Rappahannock Rapidan",399,26,6
06/18/2020,51063,Floyd,"New River",10,2,1
06/18/2020,51065,Fluvanna,"Thomas Jefferson",103,25,6
06/18/2020,51067,"Franklin County","West Piedmont",46,5,1
06/18/2020,51069,Frederick,"Lord Fairfax",444,31,4
06/18/2020,51071,Giles,"New River",6,0,0
06/18/2020,51073,Gloucester,"Three Rivers",40,9,1
06/18/2020,51075,Goochland,Chickahominy,116,22,6
06/18/2020,51077,Grayson,"Mount Rogers",69,4,2
06/18/2020,51079,Greene,"Thomas Jefferson",48,6,1
06/18/2020,51081,Greensville,Crater,344,15,7
06/18/2020,51083,Halifax,Southside,39,4,1
06/18/2020,51085,Hanover,Chickahominy,380,62,25
06/18/2020,51087,Henrico,Henrico,2342,241,139
06/18/2020,51089,Henry,"West Piedmont",214,20,3
06/18/2020,51091,Highland,"Central Shenandoah",3,0,0
06/18/2020,51093,"Isle of Wight","Western Tidewater",158,15,8
06/18/2020,51095,"James City",Peninsula,237,57,15
06/18/2020,51097,"King and Queen","Three Rivers",24,4,1
06/18/2020,51099,"King George",Rappahannock,95,14,4
06/18/2020,51101,"King William","Three Rivers",33,4,0
06/18/2020,51103,Lancaster,"Three Rivers",11,1,0
06/18/2020,51105,Lee,Lenowisco,9,1,0
06/18/2020,51107,Loudoun,Loudoun,3499,228,82
06/18/2020,51109,Louisa,"Thomas Jefferson",102,11,1
06/18/2020,51111,Lunenburg,Piedmont,21,3,0
06/18/2020,51113,Madison,"Rappahannock Rapidan",42,4,1
06/18/2020,51115,Mathews,"Three Rivers",5,2,0
06/18/2020,51117,Mecklenburg,Southside,233,30,24
06/18/2020,51119,Middlesex,"Three Rivers",14,1,0
06/18/2020,51121,Montgomery,"New River",97,10,2
06/18/2020,51125,Nelson,"Thomas Jefferson",18,0,0
06/18/2020,51127,"New Kent",Chickahominy,48,7,1
06/18/2020,51131,Northampton,"Eastern Shore",267,39,27
06/18/2020,51133,Northumberland,"Three Rivers",27,0,1
06/18/2020,51135,Nottoway,Piedmont,74,18,0
06/18/2020,51137,Orange,"Rappahannock Rapidan",136,13,2
06/18/2020,51139,Page,"Lord Fairfax",259,28,24
06/18/2020,51141,Patrick,"West Piedmont",36,2,0
06/18/2020,51143,Pittsylvania,Pittsylvania-Danville,76,16,1
06/18/2020,51145,Powhatan,Chesterfield,55,3,0
06/18/2020,51147,"Prince Edward",Piedmont,173,20,3
06/18/2020,51149,"Prince George",Crater,170,9,0
06/18/2020,51153,"Prince William","Prince William",6684,624,127
06/18/2020,51155,Pulaski,"New River",31,6,1
06/18/2020,51157,Rappahannock,"Rappahannock Rapidan",16,1,0
06/18/2020,51159,"Richmond County","Three Rivers",295,11,5
06/18/2020,51161,"Roanoke County",Alleghany,149,11,5
06/18/2020,51163,Rockbridge,"Central Shenandoah",18,0,0
06/18/2020,51165,Rockingham,"Central Shenandoah",641,63,7
06/18/2020,51167,Russell,"Cumberland Plateau",9,2,0
06/18/2020,51169,Scott,Lenowisco,8,2,2
06/18/2020,51171,Shenandoah,"Lord Fairfax",530,52,27
06/18/2020,51173,Smyth,"Mount Rogers",28,4,0
06/18/2020,51175,Southampton,"Western Tidewater",154,7,2
06/18/2020,51177,Spotsylvania,Rappahannock,862,56,17
06/18/2020,51179,Stafford,Rappahannock,917,91,5
06/18/2020,51181,Surry,Crater,13,4,1
06/18/2020,51183,Sussex,Crater,185,14,2
06/18/2020,51185,Tazewell,"Cumberland Plateau",9,0,0
06/18/2020,51187,Warren,"Lord Fairfax",234,15,4
06/18/2020,51191,Washington,"Mount Rogers",58,8,4
06/18/2020,51193,Westmoreland,"Three Rivers",87,10,1
06/18/2020,51195,Wise,Lenowisco,27,11,2
06/18/2020,51197,Wythe,"Mount Rogers",42,2,1
06/18/2020,51199,York,Peninsula,94,10,3
06/18/2020,51510,Alexandria,Alexandria,2186,229,48
06/18/2020,51520,Bristol,"Mount Rogers",4,1,0
06/18/2020,51530,"Buena Vista City","Central Shenandoah",12,1,0
06/18/2020,51540,Charlottesville,"Thomas Jefferson",164,17,3
06/18/2020,51550,Chesapeake,Chesapeake,697,105,16
06/18/2020,51570,"Colonial Heights",Chesterfield,119,14,17
06/18/2020,51580,Covington,Alleghany,4,0,0
06/18/2020,51590,Danville,Pittsylvania-Danville,68,17,2
06/18/2020,51595,Emporia,Crater,107,15,6
06/18/2020,51600,"Fairfax City",Fairfax,67,7,6
06/18/2020,51610,"Falls Church",Fairfax,58,11,7
06/18/2020,51620,"Franklin City","Western Tidewater",44,3,2
06/18/2020,51630,Fredericksburg,Rappahannock,218,24,0
06/18/2020,51640,Galax,"Mount Rogers",211,28,11
06/18/2020,51650,Hampton,Hampton,251,37,5
06/18/2020,51660,Harrisonburg,"Central Shenandoah",870,68,23
06/18/2020,51670,Hopewell,Crater,150,15,2
06/18/2020,51678,Lexington,"Central Shenandoah",8,0,0
06/18/2020,51680,Lynchburg,"Central Virginia",99,6,1
06/18/2020,51683,"Manassas City","Prince William",1337,88,14
06/18/2020,51685,"Manassas Park","Prince William",393,45,6
06/18/2020,51690,Martinsville,"West Piedmont",58,7,1
06/18/2020,51700,"Newport News",Peninsula,402,43,10
06/18/2020,51710,Norfolk,Norfolk,704,88,7
06/18/2020,51720,Norton,Lenowisco,2,2,0
06/18/2020,51730,Petersburg,Crater,196,38,3
06/18/2020,51735,Poquoson,Peninsula,12,2,0
06/18/2020,51740,Portsmouth,Portsmouth,402,60,13
06/18/2020,51750,Radford,"New River",9,0,0
06/18/2020,51760,"Richmond City",Richmond,1895,198,29
06/18/2020,51770,"Roanoke City",Roanoke,277,12,10
06/18/2020,51775,Salem,Alleghany,48,3,3
06/18/2020,51790,Staunton,"Central Shenandoah",62,6,0
06/18/2020,51800,Suffolk,"Western Tidewater",349,53,34
06/18/2020,51810,"Virginia Beach","Virginia Beach",936,112,27
06/18/2020,51820,Waynesboro,"Central Shenandoah",61,3,0
06/18/2020,51830,Williamsburg,Peninsula,54,11,5
06/18/2020,51840,Winchester,"Lord Fairfax",276,19,3
06/19/2020,51001,Accomack,"Eastern Shore",1022,67,14
06/19/2020,51003,Albemarle,"Thomas Jefferson",304,22,8
06/19/2020,51005,Alleghany,Alleghany,30,5,2
06/19/2020,51007,Amelia,Piedmont,41,10,1
06/19/2020,51009,Amherst,"Central Virginia",28,3,0
06/19/2020,51011,Appomattox,"Central Virginia",35,2,0
06/19/2020,51013,Arlington,Arlington,2396,409,126
06/19/2020,51015,Augusta,"Central Shenandoah",166,7,2
06/19/2020,51017,Bath,"Central Shenandoah",0,0,0
06/19/2020,51019,Bedford,"Central Virginia",95,2,2
06/19/2020,51021,Bland,"Mount Rogers",1,0,0
06/19/2020,51023,Botetourt,Alleghany,55,9,4
06/19/2020,51025,Brunswick,Southside,90,13,1
06/19/2020,51027,Buchanan,"Cumberland Plateau",18,0,0
06/19/2020,51029,Buckingham,Piedmont,552,20,3
06/19/2020,51031,Campbell,"Central Virginia",30,4,1
06/19/2020,51033,Caroline,Rappahannock,121,12,4
06/19/2020,51035,Carroll,"Mount Rogers",187,15,5
06/19/2020,51036,"Charles City",Chickahominy,35,12,2
06/19/2020,51037,Charlotte,Piedmont,30,4,0
06/19/2020,51041,Chesterfield,Chesterfield,2456,112,46
06/19/2020,51043,Clarke,"Lord Fairfax",44,4,0
06/19/2020,51045,Craig,Alleghany,6,0,0
06/19/2020,51047,Culpeper,"Rappahannock Rapidan",792,59,9
06/19/2020,51049,Cumberland,Piedmont,50,4,0
06/19/2020,51051,Dickenson,"Cumberland Plateau",1,0,0
06/19/2020,51053,Dinwiddie,Crater,118,16,0
06/19/2020,51057,Essex,"Three Rivers",54,4,0
06/19/2020,51059,Fairfax,Fairfax,13244,1547,432
06/19/2020,51061,Fauquier,"Rappahannock Rapidan",401,26,6
06/19/2020,51063,Floyd,"New River",10,2,1
06/19/2020,51065,Fluvanna,"Thomas Jefferson",103,25,6
06/19/2020,51067,"Franklin County","West Piedmont",48,5,1
06/19/2020,51069,Frederick,"Lord Fairfax",446,32,4
06/19/2020,51071,Giles,"New River",6,0,0
06/19/2020,51073,Gloucester,"Three Rivers",41,9,1
06/19/2020,51075,Goochland,Chickahominy,115,22,6
06/19/2020,51077,Grayson,"Mount Rogers",74,5,2
06/19/2020,51079,Greene,"Thomas Jefferson",48,6,1
06/19/2020,51081,Greensville,Crater,344,15,7
06/19/2020,51083,Halifax,Southside,39,4,1
06/19/2020,51085,Hanover,Chickahominy,387,62,25
06/19/2020,51087,Henrico,Henrico,2368,241,138
06/19/2020,51089,Henry,"West Piedmont",224,22,3
06/19/2020,51091,Highland,"Central Shenandoah",3,0,0
06/19/2020,51093,"Isle of Wight","Western Tidewater",159,15,8
06/19/2020,51095,"James City",Peninsula,238,57,15
06/19/2020,51097,"King and Queen","Three Rivers",24,4,1
06/19/2020,51099,"King George",Rappahannock,95,14,4
06/19/2020,51101,"King William","Three Rivers",33,4,0
06/19/2020,51103,Lancaster,"Three Rivers",11,1,0
06/19/2020,51105,Lee,Lenowisco,9,1,0
06/19/2020,51107,Loudoun,Loudoun,3504,232,82
06/19/2020,51109,Louisa,"Thomas Jefferson",102,11,1
06/19/2020,51111,Lunenburg,Piedmont,21,3,0
06/19/2020,51113,Madison,"Rappahannock Rapidan",42,4,1
06/19/2020,51115,Mathews,"Three Rivers",5,2,0
06/19/2020,51117,Mecklenburg,Southside,234,30,24
06/19/2020,51119,Middlesex,"Three Rivers",14,1,0
06/19/2020,51121,Montgomery,"New River",97,10,2
06/19/2020,51125,Nelson,"Thomas Jefferson",18,0,0
06/19/2020,51127,"New Kent",Chickahominy,48,7,1
06/19/2020,51131,Northampton,"Eastern Shore",267,39,27
06/19/2020,51133,Northumberland,"Three Rivers",28,0,1
06/19/2020,51135,Nottoway,Piedmont,80,18,0
06/19/2020,51137,Orange,"Rappahannock Rapidan",136,13,2
06/19/2020,51139,Page,"Lord Fairfax",261,28,24
06/19/2020,51141,Patrick,"West Piedmont",36,2,0
06/19/2020,51143,Pittsylvania,Pittsylvania-Danville,76,16,1
06/19/2020,51145,Powhatan,Chesterfield,59,4,2
06/19/2020,51147,"Prince Edward",Piedmont,173,20,3
06/19/2020,51149,"Prince George",Crater,179,9,0
06/19/2020,51153,"Prince William","Prince William",6756,629,131
06/19/2020,51155,Pulaski,"New River",31,6,1
06/19/2020,51157,Rappahannock,"Rappahannock Rapidan",16,1,0
06/19/2020,51159,"Richmond County","Three Rivers",301,13,7
06/19/2020,51161,"Roanoke County",Alleghany,161,11,5
06/19/2020,51163,Rockbridge,"Central Shenandoah",18,0,0
06/19/2020,51165,Rockingham,"Central Shenandoah",646,63,7
06/19/2020,51167,Russell,"Cumberland Plateau",9,2,0
06/19/2020,51169,Scott,Lenowisco,8,2,2
06/19/2020,51171,Shenandoah,"Lord Fairfax",534,54,27
06/19/2020,51173,Smyth,"Mount Rogers",30,4,0
06/19/2020,51175,Southampton,"Western Tidewater",154,7,2
06/19/2020,51177,Spotsylvania,Rappahannock,874,58,19
06/19/2020,51179,Stafford,Rappahannock,921,93,5
06/19/2020,51181,Surry,Crater,13,4,1
06/19/2020,51183,Sussex,Crater,185,14,2
06/19/2020,51185,Tazewell,"Cumberland Plateau",9,0,0
06/19/2020,51187,Warren,"Lord Fairfax",235,16,4
06/19/2020,51191,Washington,"Mount Rogers",58,8,4
06/19/2020,51193,Westmoreland,"Three Rivers",87,10,1
06/19/2020,51195,Wise,Lenowisco,27,11,2
06/19/2020,51197,Wythe,"Mount Rogers",42,2,1
06/19/2020,51199,York,Peninsula,97,10,3
06/19/2020,51510,Alexandria,Alexandria,2198,230,48
06/19/2020,51520,Bristol,"Mount Rogers",4,1,0
06/19/2020,51530,"Buena Vista City","Central Shenandoah",12,1,0
06/19/2020,51540,Charlottesville,"Thomas Jefferson",164,17,3
06/19/2020,51550,Chesapeake,Chesapeake,709,105,16
06/19/2020,51570,"Colonial Heights",Chesterfield,126,14,17
06/19/2020,51580,Covington,Alleghany,4,0,0
06/19/2020,51590,Danville,Pittsylvania-Danville,68,17,2
06/19/2020,51595,Emporia,Crater,112,15,6
06/19/2020,51600,"Fairfax City",Fairfax,67,7,6
06/19/2020,51610,"Falls Church",Fairfax,58,11,7
06/19/2020,51620,"Franklin City","Western Tidewater",44,3,2
06/19/2020,51630,Fredericksburg,Rappahannock,219,25,0
06/19/2020,51640,Galax,"Mount Rogers",217,28,11
06/19/2020,51650,Hampton,Hampton,252,37,5
06/19/2020,51660,Harrisonburg,"Central Shenandoah",874,68,23
06/19/2020,51670,Hopewell,Crater,151,15,2
06/19/2020,51678,Lexington,"Central Shenandoah",8,0,0
06/19/2020,51680,Lynchburg,"Central Virginia",105,6,1
06/19/2020,51683,"Manassas City","Prince William",1352,89,16
06/19/2020,51685,"Manassas Park","Prince William",402,44,5
06/19/2020,51690,Martinsville,"West Piedmont",59,7,1
06/19/2020,51700,"Newport News",Peninsula,410,44,10
06/19/2020,51710,Norfolk,Norfolk,707,89,7
06/19/2020,51720,Norton,Lenowisco,2,2,0
06/19/2020,51730,Petersburg,Crater,197,38,3
06/19/2020,51735,Poquoson,Peninsula,12,2,0
06/19/2020,51740,Portsmouth,Portsmouth,405,60,13
06/19/2020,51750,Radford,"New River",9,0,0
06/19/2020,51760,"Richmond City",Richmond,1929,200,29
06/19/2020,51770,"Roanoke City",Roanoke,291,12,10
06/19/2020,51775,Salem,Alleghany,49,3,3
06/19/2020,51790,Staunton,"Central Shenandoah",62,6,0
06/19/2020,51800,Suffolk,"Western Tidewater",353,53,34
06/19/2020,51810,"Virginia Beach","Virginia Beach",950,112,27
06/19/2020,51820,Waynesboro,"Central Shenandoah",61,3,0
06/19/2020,51830,Williamsburg,Peninsula,54,11,5
06/19/2020,51840,Winchester,"Lord Fairfax",278,21,3
06/20/2020,51001,Accomack,"Eastern Shore",1024,67,14
06/20/2020,51003,Albemarle,"Thomas Jefferson",321,22,8
06/20/2020,51005,Alleghany,Alleghany,30,5,2
06/20/2020,51007,Amelia,Piedmont,41,10,1
06/20/2020,51009,Amherst,"Central Virginia",29,3,0
06/20/2020,51011,Appomattox,"Central Virginia",36,2,0
06/20/2020,51013,Arlington,Arlington,2405,411,126
06/20/2020,51015,Augusta,"Central Shenandoah",167,7,2
06/20/2020,51017,Bath,"Central Shenandoah",0,0,0
06/20/2020,51019,Bedford,"Central Virginia",98,2,2
06/20/2020,51021,Bland,"Mount Rogers",1,0,0
06/20/2020,51023,Botetourt,Alleghany,58,11,4
06/20/2020,51025,Brunswick,Southside,90,13,1
06/20/2020,51027,Buchanan,"Cumberland Plateau",18,0,0
06/20/2020,51029,Buckingham,Piedmont,552,20,3
06/20/2020,51031,Campbell,"Central Virginia",32,4,1
06/20/2020,51033,Caroline,Rappahannock,125,13,4
06/20/2020,51035,Carroll,"Mount Rogers",187,15,5
06/20/2020,51036,"Charles City",Chickahominy,37,12,2
06/20/2020,51037,Charlotte,Piedmont,31,4,0
06/20/2020,51041,Chesterfield,Chesterfield,2541,112,46
06/20/2020,51043,Clarke,"Lord Fairfax",44,4,0
06/20/2020,51045,Craig,Alleghany,6,0,0
06/20/2020,51047,Culpeper,"Rappahannock Rapidan",794,59,9
06/20/2020,51049,Cumberland,Piedmont,50,4,0
06/20/2020,51051,Dickenson,"Cumberland Plateau",1,0,0
06/20/2020,51053,Dinwiddie,Crater,121,16,0
06/20/2020,51057,Essex,"Three Rivers",54,4,0
06/20/2020,51059,Fairfax,Fairfax,13341,1548,435
06/20/2020,51061,Fauquier,"Rappahannock Rapidan",403,26,6
06/20/2020,51063,Floyd,"New River",10,2,1
06/20/2020,51065,Fluvanna,"Thomas Jefferson",104,25,6
06/20/2020,51067,"Franklin County","West Piedmont",48,5,1
06/20/2020,51069,Frederick,"Lord Fairfax",449,32,4
06/20/2020,51071,Giles,"New River",7,0,0
06/20/2020,51073,Gloucester,"Three Rivers",42,9,1
06/20/2020,51075,Goochland,Chickahominy,115,22,6
06/20/2020,51077,Grayson,"Mount Rogers",77,5,2
06/20/2020,51079,Greene,"Thomas Jefferson",48,6,1
06/20/2020,51081,Greensville,Crater,343,15,7
06/20/2020,51083,Halifax,Southside,39,4,1
06/20/2020,51085,Hanover,Chickahominy,397,62,25
06/20/2020,51087,Henrico,Henrico,2383,241,138
06/20/2020,51089,Henry,"West Piedmont",227,22,3
06/20/2020,51091,Highland,"Central Shenandoah",3,0,0
06/20/2020,51093,"Isle of Wight","Western Tidewater",161,15,8
06/20/2020,51095,"James City",Peninsula,239,57,15
06/20/2020,51097,"King and Queen","Three Rivers",24,4,1
06/20/2020,51099,"King George",Rappahannock,96,14,4
06/20/2020,51101,"King William","Three Rivers",35,4,0
06/20/2020,51103,Lancaster,"Three Rivers",12,1,0
06/20/2020,51105,Lee,Lenowisco,9,1,0
06/20/2020,51107,Loudoun,Loudoun,3543,232,82
06/20/2020,51109,Louisa,"Thomas Jefferson",108,11,1
06/20/2020,51111,Lunenburg,Piedmont,21,3,0
06/20/2020,51113,Madison,"Rappahannock Rapidan",42,4,1
06/20/2020,51115,Mathews,"Three Rivers",5,2,0
06/20/2020,51117,Mecklenburg,Southside,234,30,24
06/20/2020,51119,Middlesex,"Three Rivers",15,1,0
06/20/2020,51121,Montgomery,"New River",107,11,2
06/20/2020,51125,Nelson,"Thomas Jefferson",18,0,0
06/20/2020,51127,"New Kent",Chickahominy,48,7,1
06/20/2020,51131,Northampton,"Eastern Shore",268,39,27
06/20/2020,51133,Northumberland,"Three Rivers",28,0,1
06/20/2020,51135,Nottoway,Piedmont,80,18,0
06/20/2020,51137,Orange,"Rappahannock Rapidan",137,13,2
06/20/2020,51139,Page,"Lord Fairfax",261,28,24
06/20/2020,51141,Patrick,"West Piedmont",36,2,0
06/20/2020,51143,Pittsylvania,Pittsylvania-Danville,82,16,1
06/20/2020,51145,Powhatan,Chesterfield,61,4,2
06/20/2020,51147,"Prince Edward",Piedmont,173,20,3
06/20/2020,51149,"Prince George",Crater,191,9,0
06/20/2020,51153,"Prince William","Prince William",6807,628,131
06/20/2020,51155,Pulaski,"New River",36,6,1
06/20/2020,51157,Rappahannock,"Rappahannock Rapidan",17,1,0
06/20/2020,51159,"Richmond County","Three Rivers",317,13,7
06/20/2020,51161,"Roanoke County",Alleghany,171,11,5
06/20/2020,51163,Rockbridge,"Central Shenandoah",18,0,0
06/20/2020,51165,Rockingham,"Central Shenandoah",651,63,7
06/20/2020,51167,Russell,"Cumberland Plateau",9,2,0
06/20/2020,51169,Scott,Lenowisco,8,2,2
06/20/2020,51171,Shenandoah,"Lord Fairfax",536,54,27
06/20/2020,51173,Smyth,"Mount Rogers",33,4,0
06/20/2020,51175,Southampton,"Western Tidewater",154,7,2
06/20/2020,51177,Spotsylvania,Rappahannock,891,60,20
06/20/2020,51179,Stafford,Rappahannock,920,92,5
06/20/2020,51181,Surry,Crater,13,4,1
06/20/2020,51183,Sussex,Crater,185,14,2
06/20/2020,51185,Tazewell,"Cumberland Plateau",9,0,0
06/20/2020,51187,Warren,"Lord Fairfax",236,16,4
06/20/2020,51191,Washington,"Mount Rogers",59,8,4
06/20/2020,51193,Westmoreland,"Three Rivers",88,10,1
06/20/2020,51195,Wise,Lenowisco,27,11,2
06/20/2020,51197,Wythe,"Mount Rogers",43,2,1
06/20/2020,51199,York,Peninsula,98,10,3
06/20/2020,51510,Alexandria,Alexandria,2217,231,49
06/20/2020,51520,Bristol,"Mount Rogers",4,1,0
06/20/2020,51530,"Buena Vista City","Central Shenandoah",12,1,0
06/20/2020,51540,Charlottesville,"Thomas Jefferson",166,17,3
06/20/2020,51550,Chesapeake,Chesapeake,721,105,16
06/20/2020,51570,"Colonial Heights",Chesterfield,131,14,17
06/20/2020,51580,Covington,Alleghany,4,0,0
06/20/2020,51590,Danville,Pittsylvania-Danville,72,17,2
06/20/2020,51595,Emporia,Crater,112,15,6
06/20/2020,51600,"Fairfax City",Fairfax,68,7,6
06/20/2020,51610,"Falls Church",Fairfax,59,11,7
06/20/2020,51620,"Franklin City","Western Tidewater",44,3,2
06/20/2020,51630,Fredericksburg,Rappahannock,223,25,0
06/20/2020,51640,Galax,"Mount Rogers",222,28,11
06/20/2020,51650,Hampton,Hampton,258,37,5
06/20/2020,51660,Harrisonburg,"Central Shenandoah",885,68,23
06/20/2020,51670,Hopewell,Crater,151,15,2
06/20/2020,51678,Lexington,"Central Shenandoah",9,0,0
06/20/2020,51680,Lynchburg,"Central Virginia",108,6,1
06/20/2020,51683,"Manassas City","Prince William",1353,89,16
06/20/2020,51685,"Manassas Park","Prince William",407,44,5
06/20/2020,51690,Martinsville,"West Piedmont",59,7,1
06/20/2020,51700,"Newport News",Peninsula,430,44,10
06/20/2020,51710,Norfolk,Norfolk,723,90,7
06/20/2020,51720,Norton,Lenowisco,2,2,0
06/20/2020,51730,Petersburg,Crater,198,38,3
06/20/2020,51735,Poquoson,Peninsula,14,2,0
06/20/2020,51740,Portsmouth,Portsmouth,405,60,13
06/20/2020,51750,Radford,"New River",9,0,0
06/20/2020,51760,"Richmond City",Richmond,1960,199,29
06/20/2020,51770,"Roanoke City",Roanoke,308,13,10
06/20/2020,51775,Salem,Alleghany,50,3,3
06/20/2020,51790,Staunton,"Central Shenandoah",65,6,0
06/20/2020,51800,Suffolk,"Western Tidewater",356,54,34
06/20/2020,51810,"Virginia Beach","Virginia Beach",956,112,27
06/20/2020,51820,Waynesboro,"Central Shenandoah",60,3,0
06/20/2020,51830,Williamsburg,Peninsula,54,11,5
06/20/2020,51840,Winchester,"Lord Fairfax",279,21,3
06/21/2020,51001,Accomack,"Eastern Shore",1031,67,14
06/21/2020,51003,Albemarle,"Thomas Jefferson",334,22,8
06/21/2020,51005,Alleghany,Alleghany,30,5,2
06/21/2020,51007,Amelia,Piedmont,41,10,1
06/21/2020,51009,Amherst,"Central Virginia",29,3,0
06/21/2020,51011,Appomattox,"Central Virginia",36,2,0
06/21/2020,51013,Arlington,Arlington,2418,412,126
06/21/2020,51015,Augusta,"Central Shenandoah",169,7,2
06/21/2020,51017,Bath,"Central Shenandoah",0,0,0
06/21/2020,51019,Bedford,"Central Virginia",99,2,2
06/21/2020,51021,Bland,"Mount Rogers",2,0,0
06/21/2020,51023,Botetourt,Alleghany,58,11,4
06/21/2020,51025,Brunswick,Southside,91,13,1
06/21/2020,51027,Buchanan,"Cumberland Plateau",18,0,0
06/21/2020,51029,Buckingham,Piedmont,552,20,3
06/21/2020,51031,Campbell,"Central Virginia",32,4,1
06/21/2020,51033,Caroline,Rappahannock,126,13,4
06/21/2020,51035,Carroll,"Mount Rogers",188,15,5
06/21/2020,51036,"Charles City",Chickahominy,37,12,2
06/21/2020,51037,Charlotte,Piedmont,31,4,0
06/21/2020,51041,Chesterfield,Chesterfield,2557,112,46
06/21/2020,51043,Clarke,"Lord Fairfax",45,4,0
06/21/2020,51045,Craig,Alleghany,6,0,0
06/21/2020,51047,Culpeper,"Rappahannock Rapidan",795,59,9
06/21/2020,51049,Cumberland,Piedmont,50,4,0
06/21/2020,51051,Dickenson,"Cumberland Plateau",1,0,0
06/21/2020,51053,Dinwiddie,Crater,121,16,0
06/21/2020,51057,Essex,"Three Rivers",54,4,0
06/21/2020,51059,Fairfax,Fairfax,13419,1555,435
06/21/2020,51061,Fauquier,"Rappahannock Rapidan",404,26,6
06/21/2020,51063,Floyd,"New River",14,2,1
06/21/2020,51065,Fluvanna,"Thomas Jefferson",105,25,6
06/21/2020,51067,"Franklin County","West Piedmont",50,5,1
06/21/2020,51069,Frederick,"Lord Fairfax",456,33,4
06/21/2020,51071,Giles,"New River",7,0,0
06/21/2020,51073,Gloucester,"Three Rivers",42,9,1
06/21/2020,51075,Goochland,Chickahominy,115,22,6
06/21/2020,51077,Grayson,"Mount Rogers",79,5,2
06/21/2020,51079,Greene,"Thomas Jefferson",49,6,1
06/21/2020,51081,Greensville,Crater,343,15,7
06/21/2020,51083,Halifax,Southside,39,4,1
06/21/2020,51085,Hanover,Chickahominy,403,63,25
06/21/2020,51087,Henrico,Henrico,2413,240,138
06/21/2020,51089,Henry,"West Piedmont",226,22,3
06/21/2020,51091,Highland,"Central Shenandoah",3,0,0
06/21/2020,51093,"Isle of Wight","Western Tidewater",161,15,8
06/21/2020,51095,"James City",Peninsula,242,57,15
06/21/2020,51097,"King and Queen","Three Rivers",24,4,1
06/21/2020,51099,"King George",Rappahannock,96,14,4
06/21/2020,51101,"King William","Three Rivers",36,4,0
06/21/2020,51103,Lancaster,"Three Rivers",12,1,0
06/21/2020,51105,Lee,Lenowisco,9,1,0
06/21/2020,51107,Loudoun,Loudoun,3585,248,83
06/21/2020,51109,Louisa,"Thomas Jefferson",109,11,1
06/21/2020,51111,Lunenburg,Piedmont,22,3,0
06/21/2020,51113,Madison,"Rappahannock Rapidan",43,4,1
06/21/2020,51115,Mathews,"Three Rivers",5,2,0
06/21/2020,51117,Mecklenburg,Southside,234,30,24
06/21/2020,51119,Middlesex,"Three Rivers",15,1,0
06/21/2020,51121,Montgomery,"New River",110,11,2
06/21/2020,51125,Nelson,"Thomas Jefferson",18,0,0
06/21/2020,51127,"New Kent",Chickahominy,49,7,1
06/21/2020,51131,Northampton,"Eastern Shore",270,39,28
06/21/2020,51133,Northumberland,"Three Rivers",28,0,1
06/21/2020,51135,Nottoway,Piedmont,79,18,0
06/21/2020,51137,Orange,"Rappahannock Rapidan",137,13,2
06/21/2020,51139,Page,"Lord Fairfax",263,28,24
06/21/2020,51141,Patrick,"West Piedmont",38,2,0
06/21/2020,51143,Pittsylvania,Pittsylvania-Danville,85,16,1
06/21/2020,51145,Powhatan,Chesterfield,62,4,2
06/21/2020,51147,"Prince Edward",Piedmont,173,20,3
06/21/2020,51149,"Prince George",Crater,213,9,0
06/21/2020,51153,"Prince William","Prince William",6879,629,133
06/21/2020,51155,Pulaski,"New River",36,6,1
06/21/2020,51157,Rappahannock,"Rappahannock Rapidan",16,1,0
06/21/2020,51159,"Richmond County","Three Rivers",317,13,7
06/21/2020,51161,"Roanoke County",Alleghany,171,11,5
06/21/2020,51163,Rockbridge,"Central Shenandoah",18,0,0
06/21/2020,51165,Rockingham,"Central Shenandoah",653,63,7
06/21/2020,51167,Russell,"Cumberland Plateau",9,2,0
06/21/2020,51169,Scott,Lenowisco,8,2,2
06/21/2020,51171,Shenandoah,"Lord Fairfax",540,54,27
06/21/2020,51173,Smyth,"Mount Rogers",32,4,0
06/21/2020,51175,Southampton,"Western Tidewater",154,7,2
06/21/2020,51177,Spotsylvania,Rappahannock,902,61,20
06/21/2020,51179,Stafford,Rappahannock,924,92,5
06/21/2020,51181,Surry,Crater,13,4,1
06/21/2020,51183,Sussex,Crater,185,14,2
06/21/2020,51185,Tazewell,"Cumberland Plateau",9,0,0
06/21/2020,51187,Warren,"Lord Fairfax",254,16,4
06/21/2020,51191,Washington,"Mount Rogers",60,8,4
06/21/2020,51193,Westmoreland,"Three Rivers",91,10,1
06/21/2020,51195,Wise,Lenowisco,27,11,2
06/21/2020,51197,Wythe,"Mount Rogers",44,3,1
06/21/2020,51199,York,Peninsula,99,10,3
06/21/2020,51510,Alexandria,Alexandria,2227,231,49
06/21/2020,51520,Bristol,"Mount Rogers",4,1,0
06/21/2020,51530,"Buena Vista City","Central Shenandoah",12,1,0
06/21/2020,51540,Charlottesville,"Thomas Jefferson",169,17,3
06/21/2020,51550,Chesapeake,Chesapeake,733,105,16
06/21/2020,51570,"Colonial Heights",Chesterfield,131,14,17
06/21/2020,51580,Covington,Alleghany,4,0,0
06/21/2020,51590,Danville,Pittsylvania-Danville,73,17,2
06/21/2020,51595,Emporia,Crater,112,15,6
06/21/2020,51600,"Fairfax City",Fairfax,68,7,6
06/21/2020,51610,"Falls Church",Fairfax,59,11,7
06/21/2020,51620,"Franklin City","Western Tidewater",45,3,2
06/21/2020,51630,Fredericksburg,Rappahannock,227,25,0
06/21/2020,51640,Galax,"Mount Rogers",223,28,11
06/21/2020,51650,Hampton,Hampton,264,37,5
06/21/2020,51660,Harrisonburg,"Central Shenandoah",889,69,23
06/21/2020,51670,Hopewell,Crater,151,15,2
06/21/2020,51678,Lexington,"Central Shenandoah",9,0,0
06/21/2020,51680,Lynchburg,"Central Virginia",108,6,1
06/21/2020,51683,"Manassas City","Prince William",1363,89,16
06/21/2020,51685,"Manassas Park","Prince William",410,44,5
06/21/2020,51690,Martinsville,"West Piedmont",59,7,1
06/21/2020,51700,"Newport News",Peninsula,438,44,10
06/21/2020,51710,Norfolk,Norfolk,737,90,7
06/21/2020,51720,Norton,Lenowisco,2,2,0
06/21/2020,51730,Petersburg,Crater,198,38,3
06/21/2020,51735,Poquoson,Peninsula,16,2,0
06/21/2020,51740,Portsmouth,Portsmouth,406,60,13
06/21/2020,51750,Radford,"New River",10,1,0
06/21/2020,51760,"Richmond City",Richmond,1985,199,29
06/21/2020,51770,"Roanoke City",Roanoke,313,13,10
06/21/2020,51775,Salem,Alleghany,50,3,3
06/21/2020,51790,Staunton,"Central Shenandoah",66,6,0
06/21/2020,51800,Suffolk,"Western Tidewater",365,54,34
06/21/2020,51810,"Virginia Beach","Virginia Beach",988,115,27
06/21/2020,51820,Waynesboro,"Central Shenandoah",63,3,0
06/21/2020,51830,Williamsburg,Peninsula,54,11,5
06/21/2020,51840,Winchester,"Lord Fairfax",286,21,3
06/22/2020,51001,Accomack,"Eastern Shore",1032,67,14
06/22/2020,51003,Albemarle,"Thomas Jefferson",340,22,8
06/22/2020,51005,Alleghany,Alleghany,31,5,2
06/22/2020,51007,Amelia,Piedmont,42,10,1
06/22/2020,51009,Amherst,"Central Virginia",29,3,0
06/22/2020,51011,Appomattox,"Central Virginia",36,2,0
06/22/2020,51013,Arlington,Arlington,2424,412,126
06/22/2020,51015,Augusta,"Central Shenandoah",171,7,2
06/22/2020,51017,Bath,"Central Shenandoah",0,0,0
06/22/2020,51019,Bedford,"Central Virginia",99,2,2
06/22/2020,51021,Bland,"Mount Rogers",2,0,0
06/22/2020,51023,Botetourt,Alleghany,59,12,4
06/22/2020,51025,Brunswick,Southside,92,13,1
06/22/2020,51027,Buchanan,"Cumberland Plateau",18,0,0
06/22/2020,51029,Buckingham,Piedmont,553,20,3
06/22/2020,51031,Campbell,"Central Virginia",32,4,1
06/22/2020,51033,Caroline,Rappahannock,126,13,4
06/22/2020,51035,Carroll,"Mount Rogers",189,16,5
06/22/2020,51036,"Charles City",Chickahominy,37,12,3
06/22/2020,51037,Charlotte,Piedmont,31,4,0
06/22/2020,51041,Chesterfield,Chesterfield,2577,112,46
06/22/2020,51043,Clarke,"Lord Fairfax",46,4,0
06/22/2020,51045,Craig,Alleghany,6,0,0
06/22/2020,51047,Culpeper,"Rappahannock Rapidan",795,59,9
06/22/2020,51049,Cumberland,Piedmont,51,4,0
06/22/2020,51051,Dickenson,"Cumberland Plateau",1,0,0
06/22/2020,51053,Dinwiddie,Crater,123,17,0
06/22/2020,51057,Essex,"Three Rivers",54,4,0
06/22/2020,51059,Fairfax,Fairfax,13499,1563,438
06/22/2020,51061,Fauquier,"Rappahannock Rapidan",409,26,6
06/22/2020,51063,Floyd,"New River",14,2,1
06/22/2020,51065,Fluvanna,"Thomas Jefferson",105,25,6
06/22/2020,51067,"Franklin County","West Piedmont",50,5,1
06/22/2020,51069,Frederick,"Lord Fairfax",460,33,4
06/22/2020,51071,Giles,"New River",7,0,0
06/22/2020,51073,Gloucester,"Three Rivers",42,9,1
06/22/2020,51075,Goochland,Chickahominy,116,22,6
06/22/2020,51077,Grayson,"Mount Rogers",80,5,2
06/22/2020,51079,Greene,"Thomas Jefferson",55,6,1
06/22/2020,51081,Greensville,Crater,346,16,7
06/22/2020,51083,Halifax,Southside,39,4,1
06/22/2020,51085,Hanover,Chickahominy,405,63,25
06/22/2020,51087,Henrico,Henrico,2426,240,138
06/22/2020,51089,Henry,"West Piedmont",227,22,3
06/22/2020,51091,Highland,"Central Shenandoah",3,0,0
06/22/2020,51093,"Isle of Wight","Western Tidewater",163,15,8
06/22/2020,51095,"James City",Peninsula,245,57,15
06/22/2020,51097,"King and Queen","Three Rivers",24,4,1
06/22/2020,51099,"King George",Rappahannock,96,14,4
06/22/2020,51101,"King William","Three Rivers",37,4,0
06/22/2020,51103,Lancaster,"Three Rivers",12,1,0
06/22/2020,51105,Lee,Lenowisco,9,1,0
06/22/2020,51107,Loudoun,Loudoun,3612,255,84
06/22/2020,51109,Louisa,"Thomas Jefferson",109,11,1
06/22/2020,51111,Lunenburg,Piedmont,28,3,0
06/22/2020,51113,Madison,"Rappahannock Rapidan",43,4,1
06/22/2020,51115,Mathews,"Three Rivers",5,2,0
06/22/2020,51117,Mecklenburg,Southside,235,30,24
06/22/2020,51119,Middlesex,"Three Rivers",15,1,0
06/22/2020,51121,Montgomery,"New River",110,11,2
06/22/2020,51125,Nelson,"Thomas Jefferson",18,0,0
06/22/2020,51127,"New Kent",Chickahominy,49,7,1
06/22/2020,51131,Northampton,"Eastern Shore",271,39,28
06/22/2020,51133,Northumberland,"Three Rivers",28,0,1
06/22/2020,51135,Nottoway,Piedmont,99,18,0
06/22/2020,51137,Orange,"Rappahannock Rapidan",138,13,2
06/22/2020,51139,Page,"Lord Fairfax",263,28,24
06/22/2020,51141,Patrick,"West Piedmont",39,2,0
06/22/2020,51143,Pittsylvania,Pittsylvania-Danville,87,16,1
06/22/2020,51145,Powhatan,Chesterfield,62,4,2
06/22/2020,51147,"Prince Edward",Piedmont,173,20,3
06/22/2020,51149,"Prince George",Crater,215,9,0
06/22/2020,51153,"Prince William","Prince William",6904,629,133
06/22/2020,51155,Pulaski,"New River",36,6,1
06/22/2020,51157,Rappahannock,"Rappahannock Rapidan",17,1,0
06/22/2020,51159,"Richmond County","Three Rivers",317,13,7
06/22/2020,51161,"Roanoke County",Alleghany,177,11,5
06/22/2020,51163,Rockbridge,"Central Shenandoah",21,0,0
06/22/2020,51165,Rockingham,"Central Shenandoah",657,64,9
06/22/2020,51167,Russell,"Cumberland Plateau",9,2,0
06/22/2020,51169,Scott,Lenowisco,8,2,2
06/22/2020,51171,Shenandoah,"Lord Fairfax",542,56,27
06/22/2020,51173,Smyth,"Mount Rogers",33,4,0
06/22/2020,51175,Southampton,"Western Tidewater",154,7,2
06/22/2020,51177,Spotsylvania,Rappahannock,909,61,21
06/22/2020,51179,Stafford,Rappahannock,930,93,5
06/22/2020,51181,Surry,Crater,13,4,1
06/22/2020,51183,Sussex,Crater,186,14,2
06/22/2020,51185,Tazewell,"Cumberland Plateau",9,0,0
06/22/2020,51187,Warren,"Lord Fairfax",265,16,4
06/22/2020,51191,Washington,"Mount Rogers",60,8,4
06/22/2020,51193,Westmoreland,"Three Rivers",91,10,1
06/22/2020,51195,Wise,Lenowisco,27,11,2
06/22/2020,51197,Wythe,"Mount Rogers",44,3,1
06/22/2020,51199,York,Peninsula,101,10,3
06/22/2020,51510,Alexandria,Alexandria,2236,231,49
06/22/2020,51520,Bristol,"Mount Rogers",4,1,0
06/22/2020,51530,"Buena Vista City","Central Shenandoah",12,1,0
06/22/2020,51540,Charlottesville,"Thomas Jefferson",172,17,3
06/22/2020,51550,Chesapeake,Chesapeake,759,106,16
06/22/2020,51570,"Colonial Heights",Chesterfield,131,14,17
06/22/2020,51580,Covington,Alleghany,4,0,0
06/22/2020,51590,Danville,Pittsylvania-Danville,73,17,2
06/22/2020,51595,Emporia,Crater,116,15,6
06/22/2020,51600,"Fairfax City",Fairfax,68,7,7
06/22/2020,51610,"Falls Church",Fairfax,59,11,7
06/22/2020,51620,"Franklin City","Western Tidewater",45,3,2
06/22/2020,51630,Fredericksburg,Rappahannock,232,25,0
06/22/2020,51640,Galax,"Mount Rogers",224,28,11
06/22/2020,51650,Hampton,Hampton,271,37,5
06/22/2020,51660,Harrisonburg,"Central Shenandoah",893,69,23
06/22/2020,51670,Hopewell,Crater,152,15,2
06/22/2020,51678,Lexington,"Central Shenandoah",10,0,0
06/22/2020,51680,Lynchburg,"Central Virginia",108,6,1
06/22/2020,51683,"Manassas City","Prince William",1366,90,16
06/22/2020,51685,"Manassas Park","Prince William",414,44,5
06/22/2020,51690,Martinsville,"West Piedmont",60,7,1
06/22/2020,51700,"Newport News",Peninsula,447,44,10
06/22/2020,51710,Norfolk,Norfolk,746,91,7
06/22/2020,51720,Norton,Lenowisco,4,2,0
06/22/2020,51730,Petersburg,Crater,199,38,3
06/22/2020,51735,Poquoson,Peninsula,16,2,0
06/22/2020,51740,Portsmouth,Portsmouth,419,62,13
06/22/2020,51750,Radford,"New River",10,1,0
06/22/2020,51760,"Richmond City",Richmond,2008,199,29
06/22/2020,51770,"Roanoke City",Roanoke,324,13,10
06/22/2020,51775,Salem,Alleghany,50,3,3
06/22/2020,51790,Staunton,"Central Shenandoah",67,6,0
06/22/2020,51800,Suffolk,"Western Tidewater",377,55,34
06/22/2020,51810,"Virginia Beach","Virginia Beach",1006,115,27
06/22/2020,51820,Waynesboro,"Central Shenandoah",63,3,0
06/22/2020,51830,Williamsburg,Peninsula,54,11,5
06/22/2020,51840,Winchester,"Lord Fairfax",292,21,3
06/23/2020,51001,Accomack,"Eastern Shore",1033,69,14
06/23/2020,51003,Albemarle,"Thomas Jefferson",352,22,8
06/23/2020,51005,Alleghany,Alleghany,31,5,2
06/23/2020,51007,Amelia,Piedmont,42,10,1
06/23/2020,51009,Amherst,"Central Virginia",31,3,0
06/23/2020,51011,Appomattox,"Central Virginia",36,2,0
06/23/2020,51013,Arlington,Arlington,2431,414,126
06/23/2020,51015,Augusta,"Central Shenandoah",171,7,2
06/23/2020,51017,Bath,"Central Shenandoah",0,0,0
06/23/2020,51019,Bedford,"Central Virginia",103,2,3
06/23/2020,51021,Bland,"Mount Rogers",2,0,0
06/23/2020,51023,Botetourt,Alleghany,67,12,4
06/23/2020,51025,Brunswick,Southside,92,13,1
06/23/2020,51027,Buchanan,"Cumberland Plateau",18,0,0
06/23/2020,51029,Buckingham,Piedmont,553,20,4
06/23/2020,51031,Campbell,"Central Virginia",33,4,1
06/23/2020,51033,Caroline,Rappahannock,124,14,4
06/23/2020,51035,Carroll,"Mount Rogers",193,16,5
06/23/2020,51036,"Charles City",Chickahominy,37,12,3
06/23/2020,51037,Charlotte,Piedmont,31,4,0
06/23/2020,51041,Chesterfield,Chesterfield,2651,114,49
06/23/2020,51043,Clarke,"Lord Fairfax",48,4,0
06/23/2020,51045,Craig,Alleghany,6,0,0
06/23/2020,51047,Culpeper,"Rappahannock Rapidan",802,59,9
06/23/2020,51049,Cumberland,Piedmont,51,4,0
06/23/2020,51051,Dickenson,"Cumberland Plateau",1,0,0
06/23/2020,51053,Dinwiddie,Crater,127,17,0
06/23/2020,51057,Essex,"Three Rivers",54,4,0
06/23/2020,51059,Fairfax,Fairfax,13579,1570,445
06/23/2020,51061,Fauquier,"Rappahannock Rapidan",413,26,6
06/23/2020,51063,Floyd,"New River",14,2,1
06/23/2020,51065,Fluvanna,"Thomas Jefferson",108,25,6
06/23/2020,51067,"Franklin County","West Piedmont",52,5,1
06/23/2020,51069,Frederick,"Lord Fairfax",461,34,4
06/23/2020,51071,Giles,"New River",7,0,0
06/23/2020,51073,Gloucester,"Three Rivers",42,9,1
06/23/2020,51075,Goochland,Chickahominy,118,22,6
06/23/2020,51077,Grayson,"Mount Rogers",81,6,2
06/23/2020,51079,Greene,"Thomas Jefferson",55,6,1
06/23/2020,51081,Greensville,Crater,347,16,7
06/23/2020,51083,Halifax,Southside,41,4,1
06/23/2020,51085,Hanover,Chickahominy,410,63,25
06/23/2020,51087,Henrico,Henrico,2448,240,138
06/23/2020,51089,Henry,"West Piedmont",228,22,4
06/23/2020,51091,Highland,"Central Shenandoah",3,0,0
06/23/2020,51093,"Isle of Wight","Western Tidewater",165,15,8
06/23/2020,51095,"James City",Peninsula,245,57,15
06/23/2020,51097,"King and Queen","Three Rivers",24,4,1
06/23/2020,51099,"King George",Rappahannock,96,14,4
06/23/2020,51101,"King William","Three Rivers",36,4,0
06/23/2020,51103,Lancaster,"Three Rivers",12,1,0
06/23/2020,51105,Lee,Lenowisco,9,1,0
06/23/2020,51107,Loudoun,Loudoun,3632,255,84
06/23/2020,51109,Louisa,"Thomas Jefferson",110,11,1
06/23/2020,51111,Lunenburg,Piedmont,28,3,0
06/23/2020,51113,Madison,"Rappahannock Rapidan",43,4,1
06/23/2020,51115,Mathews,"Three Rivers",5,2,0
06/23/2020,51117,Mecklenburg,Southside,237,30,24
06/23/2020,51119,Middlesex,"Three Rivers",15,1,0
06/23/2020,51121,Montgomery,"New River",112,11,2
06/23/2020,51125,Nelson,"Thomas Jefferson",18,0,0
06/23/2020,51127,"New Kent",Chickahominy,50,7,1
06/23/2020,51131,Northampton,"Eastern Shore",271,39,28
06/23/2020,51133,Northumberland,"Three Rivers",28,0,1
06/23/2020,51135,Nottoway,Piedmont,102,20,2
06/23/2020,51137,Orange,"Rappahannock Rapidan",141,14,2
06/23/2020,51139,Page,"Lord Fairfax",264,28,24
06/23/2020,51141,Patrick,"West Piedmont",40,2,0
06/23/2020,51143,Pittsylvania,Pittsylvania-Danville,88,16,1
06/23/2020,51145,Powhatan,Chesterfield,66,4,2
06/23/2020,51147,"Prince Edward",Piedmont,175,20,3
06/23/2020,51149,"Prince George",Crater,207,9,0
06/23/2020,51153,"Prince William","Prince William",6962,634,134
06/23/2020,51155,Pulaski,"New River",37,6,1
06/23/2020,51157,Rappahannock,"Rappahannock Rapidan",18,1,0
06/23/2020,51159,"Richmond County","Three Rivers",318,13,8
06/23/2020,51161,"Roanoke County",Alleghany,195,11,5
06/23/2020,51163,Rockbridge,"Central Shenandoah",23,0,0
06/23/2020,51165,Rockingham,"Central Shenandoah",660,65,9
06/23/2020,51167,Russell,"Cumberland Plateau",9,2,0
06/23/2020,51169,Scott,Lenowisco,9,2,2
06/23/2020,51171,Shenandoah,"Lord Fairfax",546,57,27
06/23/2020,51173,Smyth,"Mount Rogers",34,4,0
06/23/2020,51175,Southampton,"Western Tidewater",154,7,2
06/23/2020,51177,Spotsylvania,Rappahannock,917,65,24
06/23/2020,51179,Stafford,Rappahannock,936,92,5
06/23/2020,51181,Surry,Crater,13,4,1
06/23/2020,51183,Sussex,Crater,187,14,2
06/23/2020,51185,Tazewell,"Cumberland Plateau",9,0,0
06/23/2020,51187,Warren,"Lord Fairfax",266,16,4
06/23/2020,51191,Washington,"Mount Rogers",60,8,4
06/23/2020,51193,Westmoreland,"Three Rivers",92,11,1
06/23/2020,51195,Wise,Lenowisco,27,11,2
06/23/2020,51197,Wythe,"Mount Rogers",46,3,1
06/23/2020,51199,York,Peninsula,106,10,3
06/23/2020,51510,Alexandria,Alexandria,2248,231,49
06/23/2020,51520,Bristol,"Mount Rogers",4,1,0
06/23/2020,51530,"Buena Vista City","Central Shenandoah",14,1,0
06/23/2020,51540,Charlottesville,"Thomas Jefferson",176,17,3
06/23/2020,51550,Chesapeake,Chesapeake,774,109,16
06/23/2020,51570,"Colonial Heights",Chesterfield,132,14,17
06/23/2020,51580,Covington,Alleghany,4,0,0
06/23/2020,51590,Danville,Pittsylvania-Danville,72,17,2
06/23/2020,51595,Emporia,Crater,118,16,6
06/23/2020,51600,"Fairfax City",Fairfax,68,7,7
06/23/2020,51610,"Falls Church",Fairfax,58,11,7
06/23/2020,51620,"Franklin City","Western Tidewater",46,3,2
06/23/2020,51630,Fredericksburg,Rappahannock,234,25,1
06/23/2020,51640,Galax,"Mount Rogers",227,28,11
06/23/2020,51650,Hampton,Hampton,271,38,5
06/23/2020,51660,Harrisonburg,"Central Shenandoah",896,69,23
06/23/2020,51670,Hopewell,Crater,155,15,2
06/23/2020,51678,Lexington,"Central Shenandoah",10,0,0
06/23/2020,51680,Lynchburg,"Central Virginia",113,6,1
06/23/2020,51683,"Manassas City","Prince William",1367,91,16
06/23/2020,51685,"Manassas Park","Prince William",416,44,5
06/23/2020,51690,Martinsville,"West Piedmont",61,7,1
06/23/2020,51700,"Newport News",Peninsula,452,44,10
06/23/2020,51710,Norfolk,Norfolk,747,92,7
06/23/2020,51720,Norton,Lenowisco,4,2,0
06/23/2020,51730,Petersburg,Crater,201,38,3
06/23/2020,51735,Poquoson,Peninsula,16,2,0
06/23/2020,51740,Portsmouth,Portsmouth,421,66,16
06/23/2020,51750,Radford,"New River",10,1,0
06/23/2020,51760,"Richmond City",Richmond,2031,200,30
06/23/2020,51770,"Roanoke City",Roanoke,343,13,10
06/23/2020,51775,Salem,Alleghany,50,3,3
06/23/2020,51790,Staunton,"Central Shenandoah",68,7,0
06/23/2020,51800,Suffolk,"Western Tidewater",380,55,34
06/23/2020,51810,"Virginia Beach","Virginia Beach",1020,116,27
06/23/2020,51820,Waynesboro,"Central Shenandoah",66,3,0
06/23/2020,51830,Williamsburg,Peninsula,54,11,5
06/23/2020,51840,Winchester,"Lord Fairfax",297,21,3
06/24/2020,51001,Accomack,"Eastern Shore",1034,69,14
06/24/2020,51003,Albemarle,"Thomas Jefferson",359,24,8
06/24/2020,51005,Alleghany,Alleghany,31,5,2
06/24/2020,51007,Amelia,Piedmont,42,10,1
06/24/2020,51009,Amherst,"Central Virginia",31,3,0
06/24/2020,51011,Appomattox,"Central Virginia",36,2,0
06/24/2020,51013,Arlington,Arlington,2438,415,126
06/24/2020,51015,Augusta,"Central Shenandoah",174,8,2
06/24/2020,51017,Bath,"Central Shenandoah",0,0,0
06/24/2020,51019,Bedford,"Central Virginia",104,2,3
06/24/2020,51021,Bland,"Mount Rogers",2,0,0
06/24/2020,51023,Botetourt,Alleghany,69,12,4
06/24/2020,51025,Brunswick,Southside,93,13,1
06/24/2020,51027,Buchanan,"Cumberland Plateau",18,0,0
06/24/2020,51029,Buckingham,Piedmont,553,20,4
06/24/2020,51031,Campbell,"Central Virginia",32,3,1
06/24/2020,51033,Caroline,Rappahannock,125,14,4
06/24/2020,51035,Carroll,"Mount Rogers",196,16,6
06/24/2020,51036,"Charles City",Chickahominy,40,14,4
06/24/2020,51037,Charlotte,Piedmont,31,4,0
06/24/2020,51041,Chesterfield,Chesterfield,2710,113,49
06/24/2020,51043,Clarke,"Lord Fairfax",48,4,0
06/24/2020,51045,Craig,Alleghany,6,0,0
06/24/2020,51047,Culpeper,"Rappahannock Rapidan",803,61,9
06/24/2020,51049,Cumberland,Piedmont,51,4,0
06/24/2020,51051,Dickenson,"Cumberland Plateau",1,0,0
06/24/2020,51053,Dinwiddie,Crater,130,17,0
06/24/2020,51057,Essex,"Three Rivers",54,4,0
06/24/2020,51059,Fairfax,Fairfax,13588,1579,450
06/24/2020,51061,Fauquier,"Rappahannock Rapidan",417,26,6
06/24/2020,51063,Floyd,"New River",15,2,1
06/24/2020,51065,Fluvanna,"Thomas Jefferson",107,25,6
06/24/2020,51067,"Franklin County","West Piedmont",53,5,1
06/24/2020,51069,Frederick,"Lord Fairfax",461,34,4
06/24/2020,51071,Giles,"New River",7,0,0
06/24/2020,51073,Gloucester,"Three Rivers",45,9,1
06/24/2020,51075,Goochland,Chickahominy,118,22,6
06/24/2020,51077,Grayson,"Mount Rogers",81,6,2
06/24/2020,51079,Greene,"Thomas Jefferson",55,6,1
06/24/2020,51081,Greensville,Crater,350,17,7
06/24/2020,51083,Halifax,Southside,41,4,1
06/24/2020,51085,Hanover,Chickahominy,410,62,25
06/24/2020,51087,Henrico,Henrico,2463,240,138
06/24/2020,51089,Henry,"West Piedmont",230,22,4
06/24/2020,51091,Highland,"Central Shenandoah",3,0,0
06/24/2020,51093,"Isle of Wight","Western Tidewater",165,15,8
06/24/2020,51095,"James City",Peninsula,247,57,15
06/24/2020,51097,"King and Queen","Three Rivers",24,4,1
06/24/2020,51099,"King George",Rappahannock,96,14,4
06/24/2020,51101,"King William","Three Rivers",37,4,0
06/24/2020,51103,Lancaster,"Three Rivers",12,1,0
06/24/2020,51105,Lee,Lenowisco,9,1,0
06/24/2020,51107,Loudoun,Loudoun,3683,258,84
06/24/2020,51109,Louisa,"Thomas Jefferson",111,11,1
06/24/2020,51111,Lunenburg,Piedmont,30,3,0
06/24/2020,51113,Madison,"Rappahannock Rapidan",43,4,1
06/24/2020,51115,Mathews,"Three Rivers",5,2,0
06/24/2020,51117,Mecklenburg,Southside,237,30,26
06/24/2020,51119,Middlesex,"Three Rivers",15,1,0
06/24/2020,51121,Montgomery,"New River",116,11,2
06/24/2020,51125,Nelson,"Thomas Jefferson",18,0,0
06/24/2020,51127,"New Kent",Chickahominy,50,7,1
06/24/2020,51131,Northampton,"Eastern Shore",270,38,28
06/24/2020,51133,Northumberland,"Three Rivers",28,0,1
06/24/2020,51135,Nottoway,Piedmont,106,20,2
06/24/2020,51137,Orange,"Rappahannock Rapidan",141,14,2
06/24/2020,51139,Page,"Lord Fairfax",264,28,24
06/24/2020,51141,Patrick,"West Piedmont",39,2,1
06/24/2020,51143,Pittsylvania,Pittsylvania-Danville,88,16,1
06/24/2020,51145,Powhatan,Chesterfield,71,4,2
06/24/2020,51147,"Prince Edward",Piedmont,176,20,3
06/24/2020,51149,"Prince George",Crater,215,10,0
06/24/2020,51153,"Prince William","Prince William",7038,637,136
06/24/2020,51155,Pulaski,"New River",39,7,1
06/24/2020,51157,Rappahannock,"Rappahannock Rapidan",19,1,0
06/24/2020,51159,"Richmond County","Three Rivers",295,12,6
06/24/2020,51161,"Roanoke County",Alleghany,200,11,5
06/24/2020,51163,Rockbridge,"Central Shenandoah",24,0,0
06/24/2020,51165,Rockingham,"Central Shenandoah",663,67,9
06/24/2020,51167,Russell,"Cumberland Plateau",9,2,0
06/24/2020,51169,Scott,Lenowisco,9,2,2
06/24/2020,51171,Shenandoah,"Lord Fairfax",547,57,27
06/24/2020,51173,Smyth,"Mount Rogers",34,4,1
06/24/2020,51175,Southampton,"Western Tidewater",155,7,2
06/24/2020,51177,Spotsylvania,Rappahannock,924,66,26
06/24/2020,51179,Stafford,Rappahannock,949,92,5
06/24/2020,51181,Surry,Crater,14,4,1
06/24/2020,51183,Sussex,Crater,191,13,2
06/24/2020,51185,Tazewell,"Cumberland Plateau",11,0,0
06/24/2020,51187,Warren,"Lord Fairfax",266,16,4
06/24/2020,51191,Washington,"Mount Rogers",60,8,4
06/24/2020,51193,Westmoreland,"Three Rivers",92,11,1
06/24/2020,51195,Wise,Lenowisco,27,11,2
06/24/2020,51197,Wythe,"Mount Rogers",46,3,1
06/24/2020,51199,York,Peninsula,106,10,3
06/24/2020,51510,Alexandria,Alexandria,2258,231,50
06/24/2020,51520,Bristol,"Mount Rogers",4,1,0
06/24/2020,51530,"Buena Vista City","Central Shenandoah",14,1,0
06/24/2020,51540,Charlottesville,"Thomas Jefferson",182,17,3
06/24/2020,51550,Chesapeake,Chesapeake,792,116,16
06/24/2020,51570,"Colonial Heights",Chesterfield,139,15,17
06/24/2020,51580,Covington,Alleghany,4,0,0
06/24/2020,51590,Danville,Pittsylvania-Danville,73,17,2
06/24/2020,51595,Emporia,Crater,123,16,6
06/24/2020,51600,"Fairfax City",Fairfax,69,7,7
06/24/2020,51610,"Falls Church",Fairfax,57,11,7
06/24/2020,51620,"Franklin City","Western Tidewater",46,3,2
06/24/2020,51630,Fredericksburg,Rappahannock,235,24,0
06/24/2020,51640,Galax,"Mount Rogers",233,28,13
06/24/2020,51650,Hampton,Hampton,276,38,5
06/24/2020,51660,Harrisonburg,"Central Shenandoah",901,69,23
06/24/2020,51670,Hopewell,Crater,163,16,2
06/24/2020,51678,Lexington,"Central Shenandoah",10,0,0
06/24/2020,51680,Lynchburg,"Central Virginia",116,6,1
06/24/2020,51683,"Manassas City","Prince William",1370,91,16
06/24/2020,51685,"Manassas Park","Prince William",416,44,5
06/24/2020,51690,Martinsville,"West Piedmont",70,9,1
06/24/2020,51700,"Newport News",Peninsula,463,44,10
06/24/2020,51710,Norfolk,Norfolk,771,93,7
06/24/2020,51720,Norton,Lenowisco,4,2,0
06/24/2020,51730,Petersburg,Crater,211,40,3
06/24/2020,51735,Poquoson,Peninsula,16,2,0
06/24/2020,51740,Portsmouth,Portsmouth,426,66,16
06/24/2020,51750,Radford,"New River",11,1,0
06/24/2020,51760,"Richmond City",Richmond,2071,203,31
06/24/2020,51770,"Roanoke City",Roanoke,359,14,10
06/24/2020,51775,Salem,Alleghany,50,3,3
06/24/2020,51790,Staunton,"Central Shenandoah",68,7,0
06/24/2020,51800,Suffolk,"Western Tidewater",385,55,34
06/24/2020,51810,"Virginia Beach","Virginia Beach",1038,118,27
06/24/2020,51820,Waynesboro,"Central Shenandoah",67,3,0
06/24/2020,51830,Williamsburg,Peninsula,54,11,5
06/24/2020,51840,Winchester,"Lord Fairfax",300,21,3
06/25/2020,51001,Accomack,"Eastern Shore",1037,70,14
06/25/2020,51003,Albemarle,"Thomas Jefferson",367,24,8
06/25/2020,51005,Alleghany,Alleghany,31,5,2
06/25/2020,51007,Amelia,Piedmont,42,10,1
06/25/2020,51009,Amherst,"Central Virginia",32,3,0
06/25/2020,51011,Appomattox,"Central Virginia",37,2,0
06/25/2020,51013,Arlington,Arlington,2445,416,127
06/25/2020,51015,Augusta,"Central Shenandoah",178,8,2
06/25/2020,51017,Bath,"Central Shenandoah",0,0,0
06/25/2020,51019,Bedford,"Central Virginia",106,2,3
06/25/2020,51021,Bland,"Mount Rogers",2,0,0
06/25/2020,51023,Botetourt,Alleghany,69,12,4
06/25/2020,51025,Brunswick,Southside,96,13,1
06/25/2020,51027,Buchanan,"Cumberland Plateau",18,0,0
06/25/2020,51029,Buckingham,Piedmont,555,20,4
06/25/2020,51031,Campbell,"Central Virginia",34,3,1
06/25/2020,51033,Caroline,Rappahannock,126,14,4
06/25/2020,51035,Carroll,"Mount Rogers",200,16,6
06/25/2020,51036,"Charles City",Chickahominy,39,13,3
06/25/2020,51037,Charlotte,Piedmont,30,4,0
06/25/2020,51041,Chesterfield,Chesterfield,2735,114,49
06/25/2020,51043,Clarke,"Lord Fairfax",47,4,0
06/25/2020,51045,Craig,Alleghany,6,0,0
06/25/2020,51047,Culpeper,"Rappahannock Rapidan",803,61,9
06/25/2020,51049,Cumberland,Piedmont,51,4,0
06/25/2020,51051,Dickenson,"Cumberland Plateau",1,0,0
06/25/2020,51053,Dinwiddie,Crater,129,17,0
06/25/2020,51057,Essex,"Three Rivers",54,4,0
06/25/2020,51059,Fairfax,Fairfax,13611,1586,457
06/25/2020,51061,Fauquier,"Rappahannock Rapidan",415,26,6
06/25/2020,51063,Floyd,"New River",14,2,1
06/25/2020,51065,Fluvanna,"Thomas Jefferson",107,25,6
06/25/2020,51067,"Franklin County","West Piedmont",53,5,1
06/25/2020,51069,Frederick,"Lord Fairfax",464,34,4
06/25/2020,51071,Giles,"New River",8,1,0
06/25/2020,51073,Gloucester,"Three Rivers",46,9,1
06/25/2020,51075,Goochland,Chickahominy,118,22,6
06/25/2020,51077,Grayson,"Mount Rogers",81,6,2
06/25/2020,51079,Greene,"Thomas Jefferson",57,6,1
06/25/2020,51081,Greensville,Crater,351,17,7
06/25/2020,51083,Halifax,Southside,41,3,1
06/25/2020,51085,Hanover,Chickahominy,412,62,25
06/25/2020,51087,Henrico,Henrico,2500,242,140
06/25/2020,51089,Henry,"West Piedmont",232,22,4
06/25/2020,51091,Highland,"Central Shenandoah",3,0,0
06/25/2020,51093,"Isle of Wight","Western Tidewater",168,16,8
06/25/2020,51095,"James City",Peninsula,248,58,15
06/25/2020,51097,"King and Queen","Three Rivers",24,4,1
06/25/2020,51099,"King George",Rappahannock,96,14,4
06/25/2020,51101,"King William","Three Rivers",38,4,0
06/25/2020,51103,Lancaster,"Three Rivers",12,1,0
06/25/2020,51105,Lee,Lenowisco,9,1,0
06/25/2020,51107,Loudoun,Loudoun,3739,261,85
06/25/2020,51109,Louisa,"Thomas Jefferson",112,11,1
06/25/2020,51111,Lunenburg,Piedmont,30,3,0
06/25/2020,51113,Madison,"Rappahannock Rapidan",43,4,1
06/25/2020,51115,Mathews,"Three Rivers",5,2,0
06/25/2020,51117,Mecklenburg,Southside,238,30,26
06/25/2020,51119,Middlesex,"Three Rivers",15,1,0
06/25/2020,51121,Montgomery,"New River",116,11,2
06/25/2020,51125,Nelson,"Thomas Jefferson",18,0,0
06/25/2020,51127,"New Kent",Chickahominy,52,7,1
06/25/2020,51131,Northampton,"Eastern Shore",269,39,28
06/25/2020,51133,Northumberland,"Three Rivers",28,0,1
06/25/2020,51135,Nottoway,Piedmont,107,20,2
06/25/2020,51137,Orange,"Rappahannock Rapidan",142,14,2
06/25/2020,51139,Page,"Lord Fairfax",266,28,24
06/25/2020,51141,Patrick,"West Piedmont",39,2,1
06/25/2020,51143,Pittsylvania,Pittsylvania-Danville,95,19,1
06/25/2020,51145,Powhatan,Chesterfield,74,4,2
06/25/2020,51147,"Prince Edward",Piedmont,178,20,3
06/25/2020,51149,"Prince George",Crater,222,10,0
06/25/2020,51153,"Prince William","Prince William",7064,641,137
06/25/2020,51155,Pulaski,"New River",39,7,2
06/25/2020,51157,Rappahannock,"Rappahannock Rapidan",20,1,0
06/25/2020,51159,"Richmond County","Three Rivers",295,12,6
06/25/2020,51161,"Roanoke County",Alleghany,200,11,5
06/25/2020,51163,Rockbridge,"Central Shenandoah",27,0,0
06/25/2020,51165,Rockingham,"Central Shenandoah",674,67,9
06/25/2020,51167,Russell,"Cumberland Plateau",9,2,0
06/25/2020,51169,Scott,Lenowisco,9,2,2
06/25/2020,51171,Shenandoah,"Lord Fairfax",552,57,28
06/25/2020,51173,Smyth,"Mount Rogers",35,5,1
06/25/2020,51175,Southampton,"Western Tidewater",155,7,2
06/25/2020,51177,Spotsylvania,Rappahannock,931,68,26
06/25/2020,51179,Stafford,Rappahannock,954,91,5
06/25/2020,51181,Surry,Crater,14,4,1
06/25/2020,51183,Sussex,Crater,193,13,2
06/25/2020,51185,Tazewell,"Cumberland Plateau",13,0,0
06/25/2020,51187,Warren,"Lord Fairfax",269,18,4
06/25/2020,51191,Washington,"Mount Rogers",60,8,4
06/25/2020,51193,Westmoreland,"Three Rivers",92,11,1
06/25/2020,51195,Wise,Lenowisco,27,11,2
06/25/2020,51197,Wythe,"Mount Rogers",48,3,1
06/25/2020,51199,York,Peninsula,106,10,3
06/25/2020,51510,Alexandria,Alexandria,2271,231,50
06/25/2020,51520,Bristol,"Mount Rogers",4,1,0
06/25/2020,51530,"Buena Vista City","Central Shenandoah",14,1,0
06/25/2020,51540,Charlottesville,"Thomas Jefferson",193,17,3
06/25/2020,51550,Chesapeake,Chesapeake,800,116,16
06/25/2020,51570,"Colonial Heights",Chesterfield,142,15,17
06/25/2020,51580,Covington,Alleghany,3,0,0
06/25/2020,51590,Danville,Pittsylvania-Danville,73,17,2
06/25/2020,51595,Emporia,Crater,124,16,6
06/25/2020,51600,"Fairfax City",Fairfax,69,7,7
06/25/2020,51610,"Falls Church",Fairfax,57,11,7
06/25/2020,51620,"Franklin City","Western Tidewater",46,3,2
06/25/2020,51630,Fredericksburg,Rappahannock,236,24,0
06/25/2020,51640,Galax,"Mount Rogers",238,29,13
06/25/2020,51650,Hampton,Hampton,281,38,5
06/25/2020,51660,Harrisonburg,"Central Shenandoah",907,69,23
06/25/2020,51670,Hopewell,Crater,163,18,2
06/25/2020,51678,Lexington,"Central Shenandoah",10,0,0
06/25/2020,51680,Lynchburg,"Central Virginia",122,6,1
06/25/2020,51683,"Manassas City","Prince William",1374,92,16
06/25/2020,51685,"Manassas Park","Prince William",417,44,5
06/25/2020,51690,Martinsville,"West Piedmont",70,9,1
06/25/2020,51700,"Newport News",Peninsula,466,44,10
06/25/2020,51710,Norfolk,Norfolk,795,95,8
06/25/2020,51720,Norton,Lenowisco,4,2,0
06/25/2020,51730,Petersburg,Crater,212,41,3
06/25/2020,51735,Poquoson,Peninsula,16,2,0
06/25/2020,51740,Portsmouth,Portsmouth,442,67,16
06/25/2020,51750,Radford,"New River",11,1,0
06/25/2020,51760,"Richmond City",Richmond,2089,206,30
06/25/2020,51770,"Roanoke City",Roanoke,359,14,10
06/25/2020,51775,Salem,Alleghany,50,3,3
06/25/2020,51790,Staunton,"Central Shenandoah",68,7,0
06/25/2020,51800,Suffolk,"Western Tidewater",389,55,34
06/25/2020,51810,"Virginia Beach","Virginia Beach",1053,118,27
06/25/2020,51820,Waynesboro,"Central Shenandoah",70,3,0
06/25/2020,51830,Williamsburg,Peninsula,55,12,6
06/25/2020,51840,Winchester,"Lord Fairfax",301,21,3
06/26/2020,51001,Accomack,"Eastern Shore",1037,71,14
06/26/2020,51003,Albemarle,"Thomas Jefferson",374,27,8
06/26/2020,51005,Alleghany,Alleghany,31,5,2
06/26/2020,51007,Amelia,Piedmont,42,11,1
06/26/2020,51009,Amherst,"Central Virginia",35,3,0
06/26/2020,51011,Appomattox,"Central Virginia",38,2,0
06/26/2020,51013,Arlington,Arlington,2449,417,132
06/26/2020,51015,Augusta,"Central Shenandoah",179,7,2
06/26/2020,51017,Bath,"Central Shenandoah",0,0,0
06/26/2020,51019,Bedford,"Central Virginia",107,2,3
06/26/2020,51021,Bland,"Mount Rogers",2,0,0
06/26/2020,51023,Botetourt,Alleghany,69,12,4
06/26/2020,51025,Brunswick,Southside,96,13,1
06/26/2020,51027,Buchanan,"Cumberland Plateau",18,0,0
06/26/2020,51029,Buckingham,Piedmont,555,20,4
06/26/2020,51031,Campbell,"Central Virginia",41,3,1
06/26/2020,51033,Caroline,Rappahannock,128,15,4
06/26/2020,51035,Carroll,"Mount Rogers",198,16,6
06/26/2020,51036,"Charles City",Chickahominy,39,14,3
06/26/2020,51037,Charlotte,Piedmont,30,4,0
06/26/2020,51041,Chesterfield,Chesterfield,2784,115,49
06/26/2020,51043,Clarke,"Lord Fairfax",48,4,0
06/26/2020,51045,Craig,Alleghany,6,0,0
06/26/2020,51047,Culpeper,"Rappahannock Rapidan",806,62,9
06/26/2020,51049,Cumberland,Piedmont,51,4,0
06/26/2020,51051,Dickenson,"Cumberland Plateau",1,0,0
06/26/2020,51053,Dinwiddie,Crater,131,18,0
06/26/2020,51057,Essex,"Three Rivers",56,4,0
06/26/2020,51059,Fairfax,Fairfax,13653,1598,463
06/26/2020,51061,Fauquier,"Rappahannock Rapidan",416,26,6
06/26/2020,51063,Floyd,"New River",15,2,1
06/26/2020,51065,Fluvanna,"Thomas Jefferson",109,25,6
06/26/2020,51067,"Franklin County","West Piedmont",54,5,1
06/26/2020,51069,Frederick,"Lord Fairfax",465,34,4
06/26/2020,51071,Giles,"New River",8,1,0
06/26/2020,51073,Gloucester,"Three Rivers",47,9,1
06/26/2020,51075,Goochland,Chickahominy,118,22,6
06/26/2020,51077,Grayson,"Mount Rogers",84,6,2
06/26/2020,51079,Greene,"Thomas Jefferson",57,7,1
06/26/2020,51081,Greensville,Crater,352,18,7
06/26/2020,51083,Halifax,Southside,42,3,1
06/26/2020,51085,Hanover,Chickahominy,415,63,25
06/26/2020,51087,Henrico,Henrico,2543,244,141
06/26/2020,51089,Henry,"West Piedmont",237,22,4
06/26/2020,51091,Highland,"Central Shenandoah",3,0,0
06/26/2020,51093,"Isle of Wight","Western Tidewater",169,16,8
06/26/2020,51095,"James City",Peninsula,251,58,15
06/26/2020,51097,"King and Queen","Three Rivers",23,4,1
06/26/2020,51099,"King George",Rappahannock,98,15,4
06/26/2020,51101,"King William","Three Rivers",40,4,0
06/26/2020,51103,Lancaster,"Three Rivers",10,1,0
06/26/2020,51105,Lee,Lenowisco,9,1,0
06/26/2020,51107,Loudoun,Loudoun,3806,261,86
06/26/2020,51109,Louisa,"Thomas Jefferson",114,11,1
06/26/2020,51111,Lunenburg,Piedmont,29,3,0
06/26/2020,51113,Madison,"Rappahannock Rapidan",43,4,1
06/26/2020,51115,Mathews,"Three Rivers",5,2,0
06/26/2020,51117,Mecklenburg,Southside,238,30,26
06/26/2020,51119,Middlesex,"Three Rivers",15,1,0
06/26/2020,51121,Montgomery,"New River",122,11,2
06/26/2020,51125,Nelson,"Thomas Jefferson",18,0,0
06/26/2020,51127,"New Kent",Chickahominy,55,7,1
06/26/2020,51131,Northampton,"Eastern Shore",269,39,28
06/26/2020,51133,Northumberland,"Three Rivers",38,0,1
06/26/2020,51135,Nottoway,Piedmont,107,20,2
06/26/2020,51137,Orange,"Rappahannock Rapidan",143,14,2
06/26/2020,51139,Page,"Lord Fairfax",266,28,24
06/26/2020,51141,Patrick,"West Piedmont",40,2,1
06/26/2020,51143,Pittsylvania,Pittsylvania-Danville,102,20,1
06/26/2020,51145,Powhatan,Chesterfield,75,4,2
06/26/2020,51147,"Prince Edward",Piedmont,178,20,3
06/26/2020,51149,"Prince George",Crater,227,10,0
06/26/2020,51153,"Prince William","Prince William",7107,645,138
06/26/2020,51155,Pulaski,"New River",39,7,2
06/26/2020,51157,Rappahannock,"Rappahannock Rapidan",20,1,0
06/26/2020,51159,"Richmond County","Three Rivers",296,12,4
06/26/2020,51161,"Roanoke County",Alleghany,199,11,5
06/26/2020,51163,Rockbridge,"Central Shenandoah",28,0,0
06/26/2020,51165,Rockingham,"Central Shenandoah",685,69,9
06/26/2020,51167,Russell,"Cumberland Plateau",9,2,0
06/26/2020,51169,Scott,Lenowisco,9,2,2
06/26/2020,51171,Shenandoah,"Lord Fairfax",552,57,28
06/26/2020,51173,Smyth,"Mount Rogers",33,5,1
06/26/2020,51175,Southampton,"Western Tidewater",155,7,2
06/26/2020,51177,Spotsylvania,Rappahannock,945,72,28
06/26/2020,51179,Stafford,Rappahannock,965,91,5
06/26/2020,51181,Surry,Crater,14,4,1
06/26/2020,51183,Sussex,Crater,194,13,2
06/26/2020,51185,Tazewell,"Cumberland Plateau",13,0,0
06/26/2020,51187,Warren,"Lord Fairfax",269,19,5
06/26/2020,51191,Washington,"Mount Rogers",62,8,4
06/26/2020,51193,Westmoreland,"Three Rivers",93,11,2
06/26/2020,51195,Wise,Lenowisco,27,11,2
06/26/2020,51197,Wythe,"Mount Rogers",47,4,1
06/26/2020,51199,York,Peninsula,108,10,3
06/26/2020,51510,Alexandria,Alexandria,2287,237,56
06/26/2020,51520,Bristol,"Mount Rogers",4,1,0
06/26/2020,51530,"Buena Vista City","Central Shenandoah",14,1,0
06/26/2020,51540,Charlottesville,"Thomas Jefferson",196,17,3
06/26/2020,51550,Chesapeake,Chesapeake,846,124,18
06/26/2020,51570,"Colonial Heights",Chesterfield,142,15,17
06/26/2020,51580,Covington,Alleghany,3,0,0
06/26/2020,51590,Danville,Pittsylvania-Danville,77,17,2
06/26/2020,51595,Emporia,Crater,127,17,6
06/26/2020,51600,"Fairfax City",Fairfax,69,7,7
06/26/2020,51610,"Falls Church",Fairfax,56,11,7
06/26/2020,51620,"Franklin City","Western Tidewater",46,3,2
06/26/2020,51630,Fredericksburg,Rappahannock,238,24,0
06/26/2020,51640,Galax,"Mount Rogers",243,30,13
06/26/2020,51650,Hampton,Hampton,296,39,5
06/26/2020,51660,Harrisonburg,"Central Shenandoah",913,70,23
06/26/2020,51670,Hopewell,Crater,163,18,2
06/26/2020,51678,Lexington,"Central Shenandoah",10,0,0
06/26/2020,51680,Lynchburg,"Central Virginia",132,6,1
06/26/2020,51683,"Manassas City","Prince William",1379,95,16
06/26/2020,51685,"Manassas Park","Prince William",419,45,5
06/26/2020,51690,Martinsville,"West Piedmont",70,9,1
06/26/2020,51700,"Newport News",Peninsula,474,44,10
06/26/2020,51710,Norfolk,Norfolk,822,97,8
06/26/2020,51720,Norton,Lenowisco,4,2,0
06/26/2020,51730,Petersburg,Crater,219,42,3
06/26/2020,51735,Poquoson,Peninsula,17,2,0
06/26/2020,51740,Portsmouth,Portsmouth,449,67,16
06/26/2020,51750,Radford,"New River",11,1,0
06/26/2020,51760,"Richmond City",Richmond,2133,212,30
06/26/2020,51770,"Roanoke City",Roanoke,360,14,10
06/26/2020,51775,Salem,Alleghany,50,3,3
06/26/2020,51790,Staunton,"Central Shenandoah",68,8,0
06/26/2020,51800,Suffolk,"Western Tidewater",393,56,34
06/26/2020,51810,"Virginia Beach","Virginia Beach",1082,117,28
06/26/2020,51820,Waynesboro,"Central Shenandoah",73,5,0
06/26/2020,51830,Williamsburg,Peninsula,55,12,6
06/26/2020,51840,Winchester,"Lord Fairfax",302,22,3
06/27/2020,51001,Accomack,"Eastern Shore",1039,71,14
06/27/2020,51003,Albemarle,"Thomas Jefferson",382,28,8
06/27/2020,51005,Alleghany,Alleghany,31,5,2
06/27/2020,51007,Amelia,Piedmont,42,11,1
06/27/2020,51009,Amherst,"Central Virginia",35,3,0
06/27/2020,51011,Appomattox,"Central Virginia",38,2,0
06/27/2020,51013,Arlington,Arlington,2454,417,132
06/27/2020,51015,Augusta,"Central Shenandoah",179,7,2
06/27/2020,51017,Bath,"Central Shenandoah",0,0,0
06/27/2020,51019,Bedford,"Central Virginia",107,2,3
06/27/2020,51021,Bland,"Mount Rogers",2,0,0
06/27/2020,51023,Botetourt,Alleghany,69,12,4
06/27/2020,51025,Brunswick,Southside,99,13,1
06/27/2020,51027,Buchanan,"Cumberland Plateau",31,0,0
06/27/2020,51029,Buckingham,Piedmont,556,20,4
06/27/2020,51031,Campbell,"Central Virginia",41,3,1
06/27/2020,51033,Caroline,Rappahannock,128,16,4
06/27/2020,51035,Carroll,"Mount Rogers",203,18,8
06/27/2020,51036,"Charles City",Chickahominy,39,14,3
06/27/2020,51037,Charlotte,Piedmont,30,4,0
06/27/2020,51041,Chesterfield,Chesterfield,2842,115,49
06/27/2020,51043,Clarke,"Lord Fairfax",49,4,0
06/27/2020,51045,Craig,Alleghany,6,0,0
06/27/2020,51047,Culpeper,"Rappahannock Rapidan",807,62,10
06/27/2020,51049,Cumberland,Piedmont,50,4,0
06/27/2020,51051,Dickenson,"Cumberland Plateau",3,0,0
06/27/2020,51053,Dinwiddie,Crater,141,18,0
06/27/2020,51057,Essex,"Three Rivers",56,4,0
06/27/2020,51059,Fairfax,Fairfax,13728,1605,468
06/27/2020,51061,Fauquier,"Rappahannock Rapidan",417,26,6
06/27/2020,51063,Floyd,"New River",15,2,1
06/27/2020,51065,Fluvanna,"Thomas Jefferson",109,25,6
06/27/2020,51067,"Franklin County","West Piedmont",60,5,1
06/27/2020,51069,Frederick,"Lord Fairfax",479,37,5
06/27/2020,51071,Giles,"New River",8,1,0
06/27/2020,51073,Gloucester,"Three Rivers",44,9,1
06/27/2020,51075,Goochland,Chickahominy,118,22,6
06/27/2020,51077,Grayson,"Mount Rogers",84,6,2
06/27/2020,51079,Greene,"Thomas Jefferson",60,7,1
06/27/2020,51081,Greensville,Crater,355,18,7
06/27/2020,51083,Halifax,Southside,49,3,1
06/27/2020,51085,Hanover,Chickahominy,416,64,26
06/27/2020,51087,Henrico,Henrico,2560,249,141
06/27/2020,51089,Henry,"West Piedmont",243,22,4
06/27/2020,51091,Highland,"Central Shenandoah",3,0,0
06/27/2020,51093,"Isle of Wight","Western Tidewater",177,16,8
06/27/2020,51095,"James City",Peninsula,252,58,15
06/27/2020,51097,"King and Queen","Three Rivers",23,4,1
06/27/2020,51099,"King George",Rappahannock,97,15,4
06/27/2020,51101,"King William","Three Rivers",40,4,0
06/27/2020,51103,Lancaster,"Three Rivers",10,1,0
06/27/2020,51105,Lee,Lenowisco,9,1,0
06/27/2020,51107,Loudoun,Loudoun,3890,262,86
06/27/2020,51109,Louisa,"Thomas Jefferson",117,11,1
06/27/2020,51111,Lunenburg,Piedmont,30,3,0
06/27/2020,51113,Madison,"Rappahannock Rapidan",43,4,1
06/27/2020,51115,Mathews,"Three Rivers",5,2,0
06/27/2020,51117,Mecklenburg,Southside,240,30,26
06/27/2020,51119,Middlesex,"Three Rivers",15,1,0
06/27/2020,51121,Montgomery,"New River",126,11,2
06/27/2020,51125,Nelson,"Thomas Jefferson",18,0,0
06/27/2020,51127,"New Kent",Chickahominy,57,7,1
06/27/2020,51131,Northampton,"Eastern Shore",269,39,28
06/27/2020,51133,Northumberland,"Three Rivers",38,0,1
06/27/2020,51135,Nottoway,Piedmont,109,20,2
06/27/2020,51137,Orange,"Rappahannock Rapidan",145,14,3
06/27/2020,51139,Page,"Lord Fairfax",267,28,24
06/27/2020,51141,Patrick,"West Piedmont",41,2,1
06/27/2020,51143,Pittsylvania,Pittsylvania-Danville,107,20,1
06/27/2020,51145,Powhatan,Chesterfield,77,4,2
06/27/2020,51147,"Prince Edward",Piedmont,182,20,3
06/27/2020,51149,"Prince George",Crater,228,11,1
06/27/2020,51153,"Prince William","Prince William",7166,650,139
06/27/2020,51155,Pulaski,"New River",39,7,2
06/27/2020,51157,Rappahannock,"Rappahannock Rapidan",20,1,0
06/27/2020,51159,"Richmond County","Three Rivers",296,12,4
06/27/2020,51161,"Roanoke County",Alleghany,200,11,5
06/27/2020,51163,Rockbridge,"Central Shenandoah",29,0,0
06/27/2020,51165,Rockingham,"Central Shenandoah",701,72,9
06/27/2020,51167,Russell,"Cumberland Plateau",9,2,0
06/27/2020,51169,Scott,Lenowisco,9,2,2
06/27/2020,51171,Shenandoah,"Lord Fairfax",558,61,29
06/27/2020,51173,Smyth,"Mount Rogers",33,5,1
06/27/2020,51175,Southampton,"Western Tidewater",155,7,2
06/27/2020,51177,Spotsylvania,Rappahannock,975,73,29
06/27/2020,51179,Stafford,Rappahannock,974,91,5
06/27/2020,51181,Surry,Crater,14,4,1
06/27/2020,51183,Sussex,Crater,195,13,2
06/27/2020,51185,Tazewell,"Cumberland Plateau",15,0,0
06/27/2020,51187,Warren,"Lord Fairfax",278,19,5
06/27/2020,51191,Washington,"Mount Rogers",63,8,4
06/27/2020,51193,Westmoreland,"Three Rivers",100,11,2
06/27/2020,51195,Wise,Lenowisco,27,11,2
06/27/2020,51197,Wythe,"Mount Rogers",47,4,1
06/27/2020,51199,York,Peninsula,110,10,3
06/27/2020,51510,Alexandria,Alexandria,2303,238,57
06/27/2020,51520,Bristol,"Mount Rogers",4,1,0
06/27/2020,51530,"Buena Vista City","Central Shenandoah",14,1,0
06/27/2020,51540,Charlottesville,"Thomas Jefferson",200,17,3
06/27/2020,51550,Chesapeake,Chesapeake,854,125,20
06/27/2020,51570,"Colonial Heights",Chesterfield,143,15,17
06/27/2020,51580,Covington,Alleghany,3,0,0
06/27/2020,51590,Danville,Pittsylvania-Danville,79,18,2
06/27/2020,51595,Emporia,Crater,133,17,10
06/27/2020,51600,"Fairfax City",Fairfax,70,7,7
06/27/2020,51610,"Falls Church",Fairfax,56,11,7
06/27/2020,51620,"Franklin City","Western Tidewater",47,3,2
06/27/2020,51630,Fredericksburg,Rappahannock,239,24,0
06/27/2020,51640,Galax,"Mount Rogers",244,30,13
06/27/2020,51650,Hampton,Hampton,305,41,5
06/27/2020,51660,Harrisonburg,"Central Shenandoah",925,70,23
06/27/2020,51670,Hopewell,Crater,169,19,2
06/27/2020,51678,Lexington,"Central Shenandoah",10,0,0
06/27/2020,51680,Lynchburg,"Central Virginia",132,6,1
06/27/2020,51683,"Manassas City","Prince William",1382,95,16
06/27/2020,51685,"Manassas Park","Prince William",422,44,5
06/27/2020,51690,Martinsville,"West Piedmont",70,9,1
06/27/2020,51700,"Newport News",Peninsula,490,44,10
06/27/2020,51710,Norfolk,Norfolk,842,101,9
06/27/2020,51720,Norton,Lenowisco,4,2,0
06/27/2020,51730,Petersburg,Crater,221,42,3
06/27/2020,51735,Poquoson,Peninsula,19,2,0
06/27/2020,51740,Portsmouth,Portsmouth,455,68,16
06/27/2020,51750,Radford,"New River",11,1,0
06/27/2020,51760,"Richmond City",Richmond,2159,214,30
06/27/2020,51770,"Roanoke City",Roanoke,363,14,10
06/27/2020,51775,Salem,Alleghany,51,3,3
06/27/2020,51790,Staunton,"Central Shenandoah",68,8,0
06/27/2020,51800,Suffolk,"Western Tidewater",397,57,34
06/27/2020,51810,"Virginia Beach","Virginia Beach",1092,118,29
06/27/2020,51820,Waynesboro,"Central Shenandoah",74,5,0
06/27/2020,51830,Williamsburg,Peninsula,55,12,6
06/27/2020,51840,Winchester,"Lord Fairfax",310,22,3
06/28/2020,51001,Accomack,"Eastern Shore",1039,71,14
06/28/2020,51003,Albemarle,"Thomas Jefferson",393,28,8
06/28/2020,51005,Alleghany,Alleghany,31,5,2
06/28/2020,51007,Amelia,Piedmont,42,11,1
06/28/2020,51009,Amherst,"Central Virginia",35,3,0
06/28/2020,51011,Appomattox,"Central Virginia",39,2,0
06/28/2020,51013,Arlington,Arlington,2464,417,132
06/28/2020,51015,Augusta,"Central Shenandoah",183,7,2
06/28/2020,51017,Bath,"Central Shenandoah",0,0,0
06/28/2020,51019,Bedford,"Central Virginia",109,2,3
06/28/2020,51021,Bland,"Mount Rogers",2,0,0
06/28/2020,51023,Botetourt,Alleghany,73,12,4
06/28/2020,51025,Brunswick,Southside,102,15,1
06/28/2020,51027,Buchanan,"Cumberland Plateau",31,0,0
06/28/2020,51029,Buckingham,Piedmont,556,20,4
06/28/2020,51031,Campbell,"Central Virginia",43,3,1
06/28/2020,51033,Caroline,Rappahannock,128,16,4
06/28/2020,51035,Carroll,"Mount Rogers",206,18,8
06/28/2020,51036,"Charles City",Chickahominy,39,14,3
06/28/2020,51037,Charlotte,Piedmont,30,4,0
06/28/2020,51041,Chesterfield,Chesterfield,2856,115,49
06/28/2020,51043,Clarke,"Lord Fairfax",49,4,0
06/28/2020,51045,Craig,Alleghany,6,0,0
06/28/2020,51047,Culpeper,"Rappahannock Rapidan",808,62,10
06/28/2020,51049,Cumberland,Piedmont,50,4,0
06/28/2020,51051,Dickenson,"Cumberland Plateau",3,0,0
06/28/2020,51053,Dinwiddie,Crater,141,18,0
06/28/2020,51057,Essex,"Three Rivers",56,4,0
06/28/2020,51059,Fairfax,Fairfax,13778,1607,473
06/28/2020,51061,Fauquier,"Rappahannock Rapidan",417,26,6
06/28/2020,51063,Floyd,"New River",16,2,1
06/28/2020,51065,Fluvanna,"Thomas Jefferson",109,25,6
06/28/2020,51067,"Franklin County","West Piedmont",66,5,1
06/28/2020,51069,Frederick,"Lord Fairfax",488,37,5
06/28/2020,51071,Giles,"New River",13,1,0
06/28/2020,51073,Gloucester,"Three Rivers",45,9,1
06/28/2020,51075,Goochland,Chickahominy,119,22,6
06/28/2020,51077,Grayson,"Mount Rogers",84,6,2
06/28/2020,51079,Greene,"Thomas Jefferson",65,7,1
06/28/2020,51081,Greensville,Crater,355,18,7
06/28/2020,51083,Halifax,Southside,49,3,1
06/28/2020,51085,Hanover,Chickahominy,420,64,26
06/28/2020,51087,Henrico,Henrico,2579,250,141
06/28/2020,51089,Henry,"West Piedmont",249,22,4
06/28/2020,51091,Highland,"Central Shenandoah",3,0,0
06/28/2020,51093,"Isle of Wight","Western Tidewater",177,16,8
06/28/2020,51095,"James City",Peninsula,254,58,15
06/28/2020,51097,"King and Queen","Three Rivers",23,4,1
06/28/2020,51099,"King George",Rappahannock,97,15,4
06/28/2020,51101,"King William","Three Rivers",42,4,0
06/28/2020,51103,Lancaster,"Three Rivers",11,1,0
06/28/2020,51105,Lee,Lenowisco,9,1,0
06/28/2020,51107,Loudoun,Loudoun,3932,265,87
06/28/2020,51109,Louisa,"Thomas Jefferson",118,11,1
06/28/2020,51111,Lunenburg,Piedmont,30,3,0
06/28/2020,51113,Madison,"Rappahannock Rapidan",43,4,1
06/28/2020,51115,Mathews,"Three Rivers",5,2,0
06/28/2020,51117,Mecklenburg,Southside,240,30,26
06/28/2020,51119,Middlesex,"Three Rivers",15,1,0
06/28/2020,51121,Montgomery,"New River",136,11,2
06/28/2020,51125,Nelson,"Thomas Jefferson",18,0,0
06/28/2020,51127,"New Kent",Chickahominy,57,7,1
06/28/2020,51131,Northampton,"Eastern Shore",269,39,28
06/28/2020,51133,Northumberland,"Three Rivers",38,0,1
06/28/2020,51135,Nottoway,Piedmont,109,20,2
06/28/2020,51137,Orange,"Rappahannock Rapidan",145,14,3
06/28/2020,51139,Page,"Lord Fairfax",267,28,24
06/28/2020,51141,Patrick,"West Piedmont",42,2,1
06/28/2020,51143,Pittsylvania,Pittsylvania-Danville,108,20,1
06/28/2020,51145,Powhatan,Chesterfield,77,4,2
06/28/2020,51147,"Prince Edward",Piedmont,182,20,3
06/28/2020,51149,"Prince George",Crater,229,11,1
06/28/2020,51153,"Prince William","Prince William",7204,650,139
06/28/2020,51155,Pulaski,"New River",39,7,2
06/28/2020,51157,Rappahannock,"Rappahannock Rapidan",20,1,0
06/28/2020,51159,"Richmond County","Three Rivers",296,12,4
06/28/2020,51161,"Roanoke County",Alleghany,206,11,5
06/28/2020,51163,Rockbridge,"Central Shenandoah",30,0,0
06/28/2020,51165,Rockingham,"Central Shenandoah",707,73,10
06/28/2020,51167,Russell,"Cumberland Plateau",9,2,0
06/28/2020,51169,Scott,Lenowisco,10,2,2
06/28/2020,51171,Shenandoah,"Lord Fairfax",558,61,29
06/28/2020,51173,Smyth,"Mount Rogers",35,5,1
06/28/2020,51175,Southampton,"Western Tidewater",155,7,2
06/28/2020,51177,Spotsylvania,Rappahannock,981,73,29
06/28/2020,51179,Stafford,Rappahannock,983,91,5
06/28/2020,51181,Surry,Crater,14,4,1
06/28/2020,51183,Sussex,Crater,195,13,2
06/28/2020,51185,Tazewell,"Cumberland Plateau",15,0,0
06/28/2020,51187,Warren,"Lord Fairfax",285,19,5
06/28/2020,51191,Washington,"Mount Rogers",63,8,4
06/28/2020,51193,Westmoreland,"Three Rivers",104,12,2
06/28/2020,51195,Wise,Lenowisco,27,11,2
06/28/2020,51197,Wythe,"Mount Rogers",49,4,1
06/28/2020,51199,York,Peninsula,114,10,3
06/28/2020,51510,Alexandria,Alexandria,2312,238,57
06/28/2020,51520,Bristol,"Mount Rogers",4,1,0
06/28/2020,51530,"Buena Vista City","Central Shenandoah",14,1,0
06/28/2020,51540,Charlottesville,"Thomas Jefferson",209,17,3
06/28/2020,51550,Chesapeake,Chesapeake,879,128,20
06/28/2020,51570,"Colonial Heights",Chesterfield,143,15,17
06/28/2020,51580,Covington,Alleghany,3,0,0
06/28/2020,51590,Danville,Pittsylvania-Danville,80,19,2
06/28/2020,51595,Emporia,Crater,133,17,10
06/28/2020,51600,"Fairfax City",Fairfax,70,7,7
06/28/2020,51610,"Falls Church",Fairfax,56,11,7
06/28/2020,51620,"Franklin City","Western Tidewater",47,3,2
06/28/2020,51630,Fredericksburg,Rappahannock,246,24,0
06/28/2020,51640,Galax,"Mount Rogers",252,30,13
06/28/2020,51650,Hampton,Hampton,310,41,5
06/28/2020,51660,Harrisonburg,"Central Shenandoah",933,71,24
06/28/2020,51670,Hopewell,Crater,169,19,2
06/28/2020,51678,Lexington,"Central Shenandoah",10,0,0
06/28/2020,51680,Lynchburg,"Central Virginia",134,6,1
06/28/2020,51683,"Manassas City","Prince William",1387,96,16
06/28/2020,51685,"Manassas Park","Prince William",428,44,5
06/28/2020,51690,Martinsville,"West Piedmont",72,9,1
06/28/2020,51700,"Newport News",Peninsula,500,44,10
06/28/2020,51710,Norfolk,Norfolk,855,101,9
06/28/2020,51720,Norton,Lenowisco,4,2,0
06/28/2020,51730,Petersburg,Crater,221,42,3
06/28/2020,51735,Poquoson,Peninsula,19,2,0
06/28/2020,51740,Portsmouth,Portsmouth,459,68,16
06/28/2020,51750,Radford,"New River",11,1,0
06/28/2020,51760,"Richmond City",Richmond,2184,214,30
06/28/2020,51770,"Roanoke City",Roanoke,368,14,10
06/28/2020,51775,Salem,Alleghany,51,3,3
06/28/2020,51790,Staunton,"Central Shenandoah",68,8,0
06/28/2020,51800,Suffolk,"Western Tidewater",398,57,34
06/28/2020,51810,"Virginia Beach","Virginia Beach",1123,118,29
06/28/2020,51820,Waynesboro,"Central Shenandoah",77,5,0
06/28/2020,51830,Williamsburg,Peninsula,55,12,6
06/28/2020,51840,Winchester,"Lord Fairfax",311,22,3
06/29/2020,51001,Accomack,"Eastern Shore",1039,71,14
06/29/2020,51003,Albemarle,"Thomas Jefferson",394,28,8
06/29/2020,51005,Alleghany,Alleghany,31,5,2
06/29/2020,51007,Amelia,Piedmont,44,11,1
06/29/2020,51009,Amherst,"Central Virginia",35,3,0
06/29/2020,51011,Appomattox,"Central Virginia",39,2,0
06/29/2020,51013,Arlington,Arlington,2466,418,132
06/29/2020,51015,Augusta,"Central Shenandoah",183,7,2
06/29/2020,51017,Bath,"Central Shenandoah",0,0,0
06/29/2020,51019,Bedford,"Central Virginia",114,2,3
06/29/2020,51021,Bland,"Mount Rogers",2,0,0
06/29/2020,51023,Botetourt,Alleghany,86,12,4
06/29/2020,51025,Brunswick,Southside,102,15,1
06/29/2020,51027,Buchanan,"Cumberland Plateau",31,0,0
06/29/2020,51029,Buckingham,Piedmont,556,20,4
06/29/2020,51031,Campbell,"Central Virginia",44,3,1
06/29/2020,51033,Caroline,Rappahannock,128,16,4
06/29/2020,51035,Carroll,"Mount Rogers",209,18,8
06/29/2020,51036,"Charles City",Chickahominy,40,14,3
06/29/2020,51037,Charlotte,Piedmont,31,4,0
06/29/2020,51041,Chesterfield,Chesterfield,2869,115,49
06/29/2020,51043,Clarke,"Lord Fairfax",49,4,0
06/29/2020,51045,Craig,Alleghany,7,0,0
06/29/2020,51047,Culpeper,"Rappahannock Rapidan",808,62,10
06/29/2020,51049,Cumberland,Piedmont,50,4,0
06/29/2020,51051,Dickenson,"Cumberland Plateau",4,0,0
06/29/2020,51053,Dinwiddie,Crater,140,18,0
06/29/2020,51057,Essex,"Three Rivers",57,4,0
06/29/2020,51059,Fairfax,Fairfax,13840,1609,478
06/29/2020,51061,Fauquier,"Rappahannock Rapidan",417,26,6
06/29/2020,51063,Floyd,"New River",17,2,1
06/29/2020,51065,Fluvanna,"Thomas Jefferson",110,25,6
06/29/2020,51067,"Franklin County","West Piedmont",72,5,1
06/29/2020,51069,Frederick,"Lord Fairfax",491,37,5
06/29/2020,51071,Giles,"New River",14,1,0
06/29/2020,51073,Gloucester,"Three Rivers",48,9,1
06/29/2020,51075,Goochland,Chickahominy,119,22,6
06/29/2020,51077,Grayson,"Mount Rogers",84,6,2
06/29/2020,51079,Greene,"Thomas Jefferson",65,7,1
06/29/2020,51081,Greensville,Crater,354,18,7
06/29/2020,51083,Halifax,Southside,50,3,1
06/29/2020,51085,Hanover,Chickahominy,423,64,26
06/29/2020,51087,Henrico,Henrico,2584,251,141
06/29/2020,51089,Henry,"West Piedmont",250,22,4
06/29/2020,51091,Highland,"Central Shenandoah",3,0,0
06/29/2020,51093,"Isle of Wight","Western Tidewater",178,16,8
06/29/2020,51095,"James City",Peninsula,258,58,15
06/29/2020,51097,"King and Queen","Three Rivers",23,4,1
06/29/2020,51099,"King George",Rappahannock,97,15,4
06/29/2020,51101,"King William","Three Rivers",42,4,0
06/29/2020,51103,Lancaster,"Three Rivers",11,1,0
06/29/2020,51105,Lee,Lenowisco,9,1,0
06/29/2020,51107,Loudoun,Loudoun,3968,271,87
06/29/2020,51109,Louisa,"Thomas Jefferson",118,11,1
06/29/2020,51111,Lunenburg,Piedmont,31,3,0
06/29/2020,51113,Madison,"Rappahannock Rapidan",43,4,1
06/29/2020,51115,Mathews,"Three Rivers",5,2,0
06/29/2020,51117,Mecklenburg,Southside,240,30,26
06/29/2020,51119,Middlesex,"Three Rivers",15,1,0
06/29/2020,51121,Montgomery,"New River",143,11,2
06/29/2020,51125,Nelson,"Thomas Jefferson",18,0,0
06/29/2020,51127,"New Kent",Chickahominy,57,7,1
06/29/2020,51131,Northampton,"Eastern Shore",269,39,28
06/29/2020,51133,Northumberland,"Three Rivers",39,0,1
06/29/2020,51135,Nottoway,Piedmont,110,21,2
06/29/2020,51137,Orange,"Rappahannock Rapidan",146,14,3
06/29/2020,51139,Page,"Lord Fairfax",267,28,24
06/29/2020,51141,Patrick,"West Piedmont",42,2,1
06/29/2020,51143,Pittsylvania,Pittsylvania-Danville,117,22,1
06/29/2020,51145,Powhatan,Chesterfield,79,4,2
06/29/2020,51147,"Prince Edward",Piedmont,186,21,3
06/29/2020,51149,"Prince George",Crater,235,12,1
06/29/2020,51153,"Prince William","Prince William",7210,653,139
06/29/2020,51155,Pulaski,"New River",45,7,2
06/29/2020,51157,Rappahannock,"Rappahannock Rapidan",20,1,0
06/29/2020,51159,"Richmond County","Three Rivers",296,12,4
06/29/2020,51161,"Roanoke County",Alleghany,234,11,5
06/29/2020,51163,Rockbridge,"Central Shenandoah",30,0,0
06/29/2020,51165,Rockingham,"Central Shenandoah",713,73,10
06/29/2020,51167,Russell,"Cumberland Plateau",11,2,0
06/29/2020,51169,Scott,Lenowisco,10,2,2
06/29/2020,51171,Shenandoah,"Lord Fairfax",559,62,29
06/29/2020,51173,Smyth,"Mount Rogers",36,5,1
06/29/2020,51175,Southampton,"Western Tidewater",155,7,2
06/29/2020,51177,Spotsylvania,Rappahannock,985,73,29
06/29/2020,51179,Stafford,Rappahannock,985,91,5
06/29/2020,51181,Surry,Crater,14,4,1
06/29/2020,51183,Sussex,Crater,195,13,2
06/29/2020,51185,Tazewell,"Cumberland Plateau",15,0,0
06/29/2020,51187,Warren,"Lord Fairfax",285,19,5
06/29/2020,51191,Washington,"Mount Rogers",63,8,4
06/29/2020,51193,Westmoreland,"Three Rivers",105,12,2
06/29/2020,51195,Wise,Lenowisco,27,11,2
06/29/2020,51197,Wythe,"Mount Rogers",49,4,1
06/29/2020,51199,York,Peninsula,115,10,3
06/29/2020,51510,Alexandria,Alexandria,2317,238,57
06/29/2020,51520,Bristol,"Mount Rogers",4,1,0
06/29/2020,51530,"Buena Vista City","Central Shenandoah",14,1,0
06/29/2020,51540,Charlottesville,"Thomas Jefferson",211,17,3
06/29/2020,51550,Chesapeake,Chesapeake,887,130,20
06/29/2020,51570,"Colonial Heights",Chesterfield,143,15,17
06/29/2020,51580,Covington,Alleghany,3,0,0
06/29/2020,51590,Danville,Pittsylvania-Danville,82,19,2
06/29/2020,51595,Emporia,Crater,133,17,12
06/29/2020,51600,"Fairfax City",Fairfax,70,7,7
06/29/2020,51610,"Falls Church",Fairfax,56,11,8
06/29/2020,51620,"Franklin City","Western Tidewater",50,3,2
06/29/2020,51630,Fredericksburg,Rappahannock,247,24,0
06/29/2020,51640,Galax,"Mount Rogers",253,30,13
06/29/2020,51650,Hampton,Hampton,316,41,5
06/29/2020,51660,Harrisonburg,"Central Shenandoah",936,71,24
06/29/2020,51670,Hopewell,Crater,169,19,2
06/29/2020,51678,Lexington,"Central Shenandoah",10,0,0
06/29/2020,51680,Lynchburg,"Central Virginia",139,6,1
06/29/2020,51683,"Manassas City","Prince William",1385,96,16
06/29/2020,51685,"Manassas Park","Prince William",427,44,5
06/29/2020,51690,Martinsville,"West Piedmont",74,9,1
06/29/2020,51700,"Newport News",Peninsula,513,44,10
06/29/2020,51710,Norfolk,Norfolk,889,104,9
06/29/2020,51720,Norton,Lenowisco,4,2,0
06/29/2020,51730,Petersburg,Crater,226,42,3
06/29/2020,51735,Poquoson,Peninsula,19,2,0
06/29/2020,51740,Portsmouth,Portsmouth,471,68,16
06/29/2020,51750,Radford,"New River",11,1,0
06/29/2020,51760,"Richmond City",Richmond,2195,218,30
06/29/2020,51770,"Roanoke City",Roanoke,403,14,10
06/29/2020,51775,Salem,Alleghany,59,3,3
06/29/2020,51790,Staunton,"Central Shenandoah",72,8,0
06/29/2020,51800,Suffolk,"Western Tidewater",403,57,34
06/29/2020,51810,"Virginia Beach","Virginia Beach",1145,118,29
06/29/2020,51820,Waynesboro,"Central Shenandoah",81,5,0
06/29/2020,51830,Williamsburg,Peninsula,56,12,6
06/29/2020,51840,Winchester,"Lord Fairfax",314,22,3
06/30/2020,51001,Accomack,"Eastern Shore",1042,71,14
06/30/2020,51003,Albemarle,"Thomas Jefferson",401,28,8
06/30/2020,51005,Alleghany,Alleghany,31,5,2
06/30/2020,51007,Amelia,Piedmont,44,11,1
06/30/2020,51009,Amherst,"Central Virginia",36,3,0
06/30/2020,51011,Appomattox,"Central Virginia",40,2,0
06/30/2020,51013,Arlington,Arlington,2479,418,132
06/30/2020,51015,Augusta,"Central Shenandoah",185,7,2
06/30/2020,51017,Bath,"Central Shenandoah",0,0,0
06/30/2020,51019,Bedford,"Central Virginia",118,2,3
06/30/2020,51021,Bland,"Mount Rogers",2,0,0
06/30/2020,51023,Botetourt,Alleghany,121,12,4
06/30/2020,51025,Brunswick,Southside,103,15,1
06/30/2020,51027,Buchanan,"Cumberland Plateau",31,0,0
06/30/2020,51029,Buckingham,Piedmont,556,20,4
06/30/2020,51031,Campbell,"Central Virginia",45,3,1
06/30/2020,51033,Caroline,Rappahannock,128,16,4
06/30/2020,51035,Carroll,"Mount Rogers",214,18,8
06/30/2020,51036,"Charles City",Chickahominy,39,14,3
06/30/2020,51037,Charlotte,Piedmont,31,4,0
06/30/2020,51041,Chesterfield,Chesterfield,2897,116,50
06/30/2020,51043,Clarke,"Lord Fairfax",49,4,0
06/30/2020,51045,Craig,Alleghany,7,0,0
06/30/2020,51047,Culpeper,"Rappahannock Rapidan",808,62,10
06/30/2020,51049,Cumberland,Piedmont,51,4,0
06/30/2020,51051,Dickenson,"Cumberland Plateau",4,0,0
06/30/2020,51053,Dinwiddie,Crater,142,19,0
06/30/2020,51057,Essex,"Three Rivers",58,4,0
06/30/2020,51059,Fairfax,Fairfax,13850,1613,488
06/30/2020,51061,Fauquier,"Rappahannock Rapidan",420,27,6
06/30/2020,51063,Floyd,"New River",17,2,1
06/30/2020,51065,Fluvanna,"Thomas Jefferson",110,25,7
06/30/2020,51067,"Franklin County","West Piedmont",88,5,1
06/30/2020,51069,Frederick,"Lord Fairfax",493,37,6
06/30/2020,51071,Giles,"New River",15,1,0
06/30/2020,51073,Gloucester,"Three Rivers",49,9,1
06/30/2020,51075,Goochland,Chickahominy,119,22,6
06/30/2020,51077,Grayson,"Mount Rogers",84,6,2
06/30/2020,51079,Greene,"Thomas Jefferson",67,7,1
06/30/2020,51081,Greensville,Crater,359,18,7
06/30/2020,51083,Halifax,Southside,53,3,1
06/30/2020,51085,Hanover,Chickahominy,429,64,26
06/30/2020,51087,Henrico,Henrico,2591,254,141
06/30/2020,51089,Henry,"West Piedmont",260,23,4
06/30/2020,51091,Highland,"Central Shenandoah",3,0,0
06/30/2020,51093,"Isle of Wight","Western Tidewater",179,16,8
06/30/2020,51095,"James City",Peninsula,263,58,15
06/30/2020,51097,"King and Queen","Three Rivers",23,4,1
06/30/2020,51099,"King George",Rappahannock,97,15,4
06/30/2020,51101,"King William","Three Rivers",42,4,0
06/30/2020,51103,Lancaster,"Three Rivers",11,1,0
06/30/2020,51105,Lee,Lenowisco,11,1,0
06/30/2020,51107,Loudoun,Loudoun,4000,275,87
06/30/2020,51109,Louisa,"Thomas Jefferson",118,11,1
06/30/2020,51111,Lunenburg,Piedmont,31,3,0
06/30/2020,51113,Madison,"Rappahannock Rapidan",43,4,1
06/30/2020,51115,Mathews,"Three Rivers",6,2,0
06/30/2020,51117,Mecklenburg,Southside,240,30,26
06/30/2020,51119,Middlesex,"Three Rivers",15,1,0
06/30/2020,51121,Montgomery,"New River",145,11,2
06/30/2020,51125,Nelson,"Thomas Jefferson",18,0,0
06/30/2020,51127,"New Kent",Chickahominy,57,7,1
06/30/2020,51131,Northampton,"Eastern Shore",269,40,28
06/30/2020,51133,Northumberland,"Three Rivers",37,0,1
06/30/2020,51135,Nottoway,Piedmont,111,22,2
06/30/2020,51137,Orange,"Rappahannock Rapidan",149,14,3
06/30/2020,51139,Page,"Lord Fairfax",269,29,24
06/30/2020,51141,Patrick,"West Piedmont",46,2,1
06/30/2020,51143,Pittsylvania,Pittsylvania-Danville,122,22,1
06/30/2020,51145,Powhatan,Chesterfield,82,4,2
06/30/2020,51147,"Prince Edward",Piedmont,187,22,3
06/30/2020,51149,"Prince George",Crater,238,12,1
06/30/2020,51153,"Prince William","Prince William",7285,656,144
06/30/2020,51155,Pulaski,"New River",45,7,2
06/30/2020,51157,Rappahannock,"Rappahannock Rapidan",20,1,0
06/30/2020,51159,"Richmond County","Three Rivers",298,13,4
06/30/2020,51161,"Roanoke County",Alleghany,254,11,6
06/30/2020,51163,Rockbridge,"Central Shenandoah",30,0,0
06/30/2020,51165,Rockingham,"Central Shenandoah",720,73,10
06/30/2020,51167,Russell,"Cumberland Plateau",12,2,0
06/30/2020,51169,Scott,Lenowisco,10,2,2
06/30/2020,51171,Shenandoah,"Lord Fairfax",562,62,29
06/30/2020,51173,Smyth,"Mount Rogers",36,5,1
06/30/2020,51175,Southampton,"Western Tidewater",156,7,4
06/30/2020,51177,Spotsylvania,Rappahannock,993,74,29
06/30/2020,51179,Stafford,Rappahannock,988,92,5
06/30/2020,51181,Surry,Crater,15,4,1
06/30/2020,51183,Sussex,Crater,194,13,2
06/30/2020,51185,Tazewell,"Cumberland Plateau",15,0,0
06/30/2020,51187,Warren,"Lord Fairfax",284,19,5
06/30/2020,51191,Washington,"Mount Rogers",64,8,4
06/30/2020,51193,Westmoreland,"Three Rivers",108,12,2
06/30/2020,51195,Wise,Lenowisco,28,12,2
06/30/2020,51197,Wythe,"Mount Rogers",50,4,1
06/30/2020,51199,York,Peninsula,115,10,3
06/30/2020,51510,Alexandria,Alexandria,2325,238,57
06/30/2020,51520,Bristol,"Mount Rogers",4,1,0
06/30/2020,51530,"Buena Vista City","Central Shenandoah",15,1,0
06/30/2020,51540,Charlottesville,"Thomas Jefferson",212,17,3
06/30/2020,51550,Chesapeake,Chesapeake,895,130,20
06/30/2020,51570,"Colonial Heights",Chesterfield,143,15,17
06/30/2020,51580,Covington,Alleghany,5,0,0
06/30/2020,51590,Danville,Pittsylvania-Danville,86,19,2
06/30/2020,51595,Emporia,Crater,136,20,14
06/30/2020,51600,"Fairfax City",Fairfax,70,7,7
06/30/2020,51610,"Falls Church",Fairfax,56,11,8
06/30/2020,51620,"Franklin City","Western Tidewater",51,3,2
06/30/2020,51630,Fredericksburg,Rappahannock,246,24,0
06/30/2020,51640,Galax,"Mount Rogers",253,30,13
06/30/2020,51650,Hampton,Hampton,328,41,5
06/30/2020,51660,Harrisonburg,"Central Shenandoah",939,71,24
06/30/2020,51670,Hopewell,Crater,174,19,2
06/30/2020,51678,Lexington,"Central Shenandoah",10,0,0
06/30/2020,51680,Lynchburg,"Central Virginia",147,6,1
06/30/2020,51683,"Manassas City","Prince William",1397,97,16
06/30/2020,51685,"Manassas Park","Prince William",431,46,6
06/30/2020,51690,Martinsville,"West Piedmont",78,10,1
06/30/2020,51700,"Newport News",Peninsula,523,44,10
06/30/2020,51710,Norfolk,Norfolk,915,105,9
06/30/2020,51720,Norton,Lenowisco,4,2,0
06/30/2020,51730,Petersburg,Crater,234,43,3
06/30/2020,51735,Poquoson,Peninsula,19,2,0
06/30/2020,51740,Portsmouth,Portsmouth,482,68,16
06/30/2020,51750,Radford,"New River",11,1,0
06/30/2020,51760,"Richmond City",Richmond,2209,220,30
06/30/2020,51770,"Roanoke City",Roanoke,439,14,9
06/30/2020,51775,Salem,Alleghany,68,3,3
06/30/2020,51790,Staunton,"Central Shenandoah",73,8,0
06/30/2020,51800,Suffolk,"Western Tidewater",414,57,34
06/30/2020,51810,"Virginia Beach","Virginia Beach",1176,118,29
06/30/2020,51820,Waynesboro,"Central Shenandoah",82,6,0
06/30/2020,51830,Williamsburg,Peninsula,60,12,6
06/30/2020,51840,Winchester,"Lord Fairfax",317,23,3
07/01/2020,51001,Accomack,"Eastern Shore",1043,72,14
07/01/2020,51003,Albemarle,"Thomas Jefferson",407,31,9
07/01/2020,51005,Alleghany,Alleghany,33,5,2
07/01/2020,51007,Amelia,Piedmont,44,11,1
07/01/2020,51009,Amherst,"Central Virginia",36,3,0
07/01/2020,51011,Appomattox,"Central Virginia",40,2,0
07/01/2020,51013,Arlington,Arlington,2484,418,132
07/01/2020,51015,Augusta,"Central Shenandoah",184,7,2
07/01/2020,51017,Bath,"Central Shenandoah",0,0,0
07/01/2020,51019,Bedford,"Central Virginia",119,2,3
07/01/2020,51021,Bland,"Mount Rogers",2,0,0
07/01/2020,51023,Botetourt,Alleghany,123,12,4
07/01/2020,51025,Brunswick,Southside,106,15,1
07/01/2020,51027,Buchanan,"Cumberland Plateau",31,0,0
07/01/2020,51029,Buckingham,Piedmont,559,20,4
07/01/2020,51031,Campbell,"Central Virginia",45,3,1
07/01/2020,51033,Caroline,Rappahannock,125,16,4
07/01/2020,51035,Carroll,"Mount Rogers",221,19,8
07/01/2020,51036,"Charles City",Chickahominy,39,14,3
07/01/2020,51037,Charlotte,Piedmont,32,4,0
07/01/2020,51041,Chesterfield,Chesterfield,2914,119,53
07/01/2020,51043,Clarke,"Lord Fairfax",51,4,0
07/01/2020,51045,Craig,Alleghany,7,0,0
07/01/2020,51047,Culpeper,"Rappahannock Rapidan",811,63,10
07/01/2020,51049,Cumberland,Piedmont,52,4,0
07/01/2020,51051,Dickenson,"Cumberland Plateau",4,0,0
07/01/2020,51053,Dinwiddie,Crater,142,22,0
07/01/2020,51057,Essex,"Three Rivers",59,4,0
07/01/2020,51059,Fairfax,Fairfax,13864,1622,488
07/01/2020,51061,Fauquier,"Rappahannock Rapidan",420,27,7
07/01/2020,51063,Floyd,"New River",18,2,1
07/01/2020,51065,Fluvanna,"Thomas Jefferson",112,25,7
07/01/2020,51067,"Franklin County","West Piedmont",91,6,1
07/01/2020,51069,Frederick,"Lord Fairfax",505,37,6
07/01/2020,51071,Giles,"New River",15,1,0
07/01/2020,51073,Gloucester,"Three Rivers",49,9,1
07/01/2020,51075,Goochland,Chickahominy,120,22,6
07/01/2020,51077,Grayson,"Mount Rogers",86,6,2
07/01/2020,51079,Greene,"Thomas Jefferson",66,7,1
07/01/2020,51081,Greensville,Crater,361,18,7
07/01/2020,51083,Halifax,Southside,54,3,1
07/01/2020,51085,Hanover,Chickahominy,429,66,27
07/01/2020,51087,Henrico,Henrico,2603,257,146
07/01/2020,51089,Henry,"West Piedmont",264,23,4
07/01/2020,51091,Highland,"Central Shenandoah",3,0,0
07/01/2020,51093,"Isle of Wight","Western Tidewater",181,16,8
07/01/2020,51095,"James City",Peninsula,265,58,15
07/01/2020,51097,"King and Queen","Three Rivers",23,4,1
07/01/2020,51099,"King George",Rappahannock,97,15,4
07/01/2020,51101,"King William","Three Rivers",42,4,0
07/01/2020,51103,Lancaster,"Three Rivers",11,1,0
07/01/2020,51105,Lee,Lenowisco,11,1,0
07/01/2020,51107,Loudoun,Loudoun,4047,279,87
07/01/2020,51109,Louisa,"Thomas Jefferson",119,14,1
07/01/2020,51111,Lunenburg,Piedmont,34,3,0
07/01/2020,51113,Madison,"Rappahannock Rapidan",43,4,1
07/01/2020,51115,Mathews,"Three Rivers",6,2,0
07/01/2020,51117,Mecklenburg,Southside,242,31,26
07/01/2020,51119,Middlesex,"Three Rivers",15,1,0
07/01/2020,51121,Montgomery,"New River",147,11,2
07/01/2020,51125,Nelson,"Thomas Jefferson",18,0,0
07/01/2020,51127,"New Kent",Chickahominy,57,7,1
07/01/2020,51131,Northampton,"Eastern Shore",269,40,28
07/01/2020,51133,Northumberland,"Three Rivers",37,0,1
07/01/2020,51135,Nottoway,Piedmont,111,22,2
07/01/2020,51137,Orange,"Rappahannock Rapidan",150,14,3
07/01/2020,51139,Page,"Lord Fairfax",275,29,24
07/01/2020,51141,Patrick,"West Piedmont",47,2,1
07/01/2020,51143,Pittsylvania,Pittsylvania-Danville,122,22,1
07/01/2020,51145,Powhatan,Chesterfield,82,4,2
07/01/2020,51147,"Prince Edward",Piedmont,191,23,4
07/01/2020,51149,"Prince George",Crater,239,12,1
07/01/2020,51153,"Prince William","Prince William",7331,659,144
07/01/2020,51155,Pulaski,"New River",46,7,2
07/01/2020,51157,Rappahannock,"Rappahannock Rapidan",20,1,0
07/01/2020,51159,"Richmond County","Three Rivers",298,12,4
07/01/2020,51161,"Roanoke County",Alleghany,253,11,6
07/01/2020,51163,Rockbridge,"Central Shenandoah",31,0,0
07/01/2020,51165,Rockingham,"Central Shenandoah",720,73,11
07/01/2020,51167,Russell,"Cumberland Plateau",12,2,0
07/01/2020,51169,Scott,Lenowisco,10,2,2
07/01/2020,51171,Shenandoah,"Lord Fairfax",567,63,29
07/01/2020,51173,Smyth,"Mount Rogers",39,5,1
07/01/2020,51175,Southampton,"Western Tidewater",157,8,5
07/01/2020,51177,Spotsylvania,Rappahannock,994,76,30
07/01/2020,51179,Stafford,Rappahannock,990,92,5
07/01/2020,51181,Surry,Crater,16,4,1
07/01/2020,51183,Sussex,Crater,200,13,3
07/01/2020,51185,Tazewell,"Cumberland Plateau",15,0,0
07/01/2020,51187,Warren,"Lord Fairfax",290,19,5
07/01/2020,51191,Washington,"Mount Rogers",64,8,4
07/01/2020,51193,Westmoreland,"Three Rivers",108,12,2
07/01/2020,51195,Wise,Lenowisco,28,12,2
07/01/2020,51197,Wythe,"Mount Rogers",53,5,1
07/01/2020,51199,York,Peninsula,115,10,3
07/01/2020,51510,Alexandria,Alexandria,2325,237,57
07/01/2020,51520,Bristol,"Mount Rogers",4,1,0
07/01/2020,51530,"Buena Vista City","Central Shenandoah",16,1,0
07/01/2020,51540,Charlottesville,"Thomas Jefferson",216,17,4
07/01/2020,51550,Chesapeake,Chesapeake,925,137,20
07/01/2020,51570,"Colonial Heights",Chesterfield,144,15,17
07/01/2020,51580,Covington,Alleghany,5,0,0
07/01/2020,51590,Danville,Pittsylvania-Danville,87,19,2
07/01/2020,51595,Emporia,Crater,137,21,14
07/01/2020,51600,"Fairfax City",Fairfax,70,7,7
07/01/2020,51610,"Falls Church",Fairfax,52,11,8
07/01/2020,51620,"Franklin City","Western Tidewater",52,4,2
07/01/2020,51630,Fredericksburg,Rappahannock,249,24,0
07/01/2020,51640,Galax,"Mount Rogers",256,30,14
07/01/2020,51650,Hampton,Hampton,336,41,5
07/01/2020,51660,Harrisonburg,"Central Shenandoah",937,71,24
07/01/2020,51670,Hopewell,Crater,176,19,2
07/01/2020,51678,Lexington,"Central Shenandoah",10,0,0
07/01/2020,51680,Lynchburg,"Central Virginia",145,6,1
07/01/2020,51683,"Manassas City","Prince William",1414,98,18
07/01/2020,51685,"Manassas Park","Prince William",430,46,6
07/01/2020,51690,Martinsville,"West Piedmont",78,10,1
07/01/2020,51700,"Newport News",Peninsula,535,44,10
07/01/2020,51710,Norfolk,Norfolk,934,107,10
07/01/2020,51720,Norton,Lenowisco,4,2,0
07/01/2020,51730,Petersburg,Crater,239,43,4
07/01/2020,51735,Poquoson,Peninsula,19,2,0
07/01/2020,51740,Portsmouth,Portsmouth,497,69,16
07/01/2020,51750,Radford,"New River",12,1,0
07/01/2020,51760,"Richmond City",Richmond,2213,222,29
07/01/2020,51770,"Roanoke City",Roanoke,438,14,10
07/01/2020,51775,Salem,Alleghany,69,3,3
07/01/2020,51790,Staunton,"Central Shenandoah",74,7,0
07/01/2020,51800,Suffolk,"Western Tidewater",420,59,35
07/01/2020,51810,"Virginia Beach","Virginia Beach",1203,119,29
07/01/2020,51820,Waynesboro,"Central Shenandoah",84,6,0
07/01/2020,51830,Williamsburg,Peninsula,61,12,6
07/01/2020,51840,Winchester,"Lord Fairfax",326,23,3
07/02/2020,51001,Accomack,"Eastern Shore",1042,72,14
07/02/2020,51003,Albemarle,"Thomas Jefferson",412,33,9
07/02/2020,51005,Alleghany,Alleghany,33,5,2
07/02/2020,51007,Amelia,Piedmont,44,11,1
07/02/2020,51009,Amherst,"Central Virginia",36,3,0
07/02/2020,51011,Appomattox,"Central Virginia",41,2,0
07/02/2020,51013,Arlington,Arlington,2496,421,132
07/02/2020,51015,Augusta,"Central Shenandoah",189,7,2
07/02/2020,51017,Bath,"Central Shenandoah",0,0,0
07/02/2020,51019,Bedford,"Central Virginia",125,2,3
07/02/2020,51021,Bland,"Mount Rogers",2,0,0
07/02/2020,51023,Botetourt,Alleghany,125,12,4
07/02/2020,51025,Brunswick,Southside,107,15,1
07/02/2020,51027,Buchanan,"Cumberland Plateau",31,0,0
07/02/2020,51029,Buckingham,Piedmont,560,20,4
07/02/2020,51031,Campbell,"Central Virginia",45,3,1
07/02/2020,51033,Caroline,Rappahannock,128,16,4
07/02/2020,51035,Carroll,"Mount Rogers",224,19,8
07/02/2020,51036,"Charles City",Chickahominy,39,14,3
07/02/2020,51037,Charlotte,Piedmont,32,4,0
07/02/2020,51041,Chesterfield,Chesterfield,2939,128,53
07/02/2020,51043,Clarke,"Lord Fairfax",54,5,0
07/02/2020,51045,Craig,Alleghany,7,0,0
07/02/2020,51047,Culpeper,"Rappahannock Rapidan",812,63,11
07/02/2020,51049,Cumberland,Piedmont,52,4,0
07/02/2020,51051,Dickenson,"Cumberland Plateau",5,0,0
07/02/2020,51053,Dinwiddie,Crater,143,22,0
07/02/2020,51057,Essex,"Three Rivers",59,4,0
07/02/2020,51059,Fairfax,Fairfax,13886,1640,492
07/02/2020,51061,Fauquier,"Rappahannock Rapidan",421,27,7
07/02/2020,51063,Floyd,"New River",18,2,1
07/02/2020,51065,Fluvanna,"Thomas Jefferson",114,25,7
07/02/2020,51067,"Franklin County","West Piedmont",92,6,1
07/02/2020,51069,Frederick,"Lord Fairfax",512,39,6
07/02/2020,51071,Giles,"New River",17,1,0
07/02/2020,51073,Gloucester,"Three Rivers",49,9,1
07/02/2020,51075,Goochland,Chickahominy,121,22,6
07/02/2020,51077,Grayson,"Mount Rogers",87,6,2
07/02/2020,51079,Greene,"Thomas Jefferson",67,7,1
07/02/2020,51081,Greensville,Crater,366,18,7
07/02/2020,51083,Halifax,Southside,57,3,1
07/02/2020,51085,Hanover,Chickahominy,435,67,27
07/02/2020,51087,Henrico,Henrico,2615,257,152
07/02/2020,51089,Henry,"West Piedmont",273,23,4
07/02/2020,51091,Highland,"Central Shenandoah",3,0,0
07/02/2020,51093,"Isle of Wight","Western Tidewater",181,16,8
07/02/2020,51095,"James City",Peninsula,268,58,15
07/02/2020,51097,"King and Queen","Three Rivers",24,4,1
07/02/2020,51099,"King George",Rappahannock,99,15,4
07/02/2020,51101,"King William","Three Rivers",42,4,0
07/02/2020,51103,Lancaster,"Three Rivers",11,1,0
07/02/2020,51105,Lee,Lenowisco,12,1,0
07/02/2020,51107,Loudoun,Loudoun,4083,278,89
07/02/2020,51109,Louisa,"Thomas Jefferson",119,15,1
07/02/2020,51111,Lunenburg,Piedmont,36,3,0
07/02/2020,51113,Madison,"Rappahannock Rapidan",43,4,1
07/02/2020,51115,Mathews,"Three Rivers",6,2,0
07/02/2020,51117,Mecklenburg,Southside,246,31,28
07/02/2020,51119,Middlesex,"Three Rivers",15,1,0
07/02/2020,51121,Montgomery,"New River",149,11,2
07/02/2020,51125,Nelson,"Thomas Jefferson",18,0,0
07/02/2020,51127,"New Kent",Chickahominy,57,7,1
07/02/2020,51131,Northampton,"Eastern Shore",271,40,28
07/02/2020,51133,Northumberland,"Three Rivers",37,0,1
07/02/2020,51135,Nottoway,Piedmont,112,23,2
07/02/2020,51137,Orange,"Rappahannock Rapidan",152,14,3
07/02/2020,51139,Page,"Lord Fairfax",278,29,23
07/02/2020,51141,Patrick,"West Piedmont",47,2,1
07/02/2020,51143,Pittsylvania,Pittsylvania-Danville,123,22,1
07/02/2020,51145,Powhatan,Chesterfield,82,6,2
07/02/2020,51147,"Prince Edward",Piedmont,194,24,5
07/02/2020,51149,"Prince George",Crater,238,12,1
07/02/2020,51153,"Prince William","Prince William",7390,664,143
07/02/2020,51155,Pulaski,"New River",46,7,2
07/02/2020,51157,Rappahannock,"Rappahannock Rapidan",20,1,0
07/02/2020,51159,"Richmond County","Three Rivers",298,12,4
07/02/2020,51161,"Roanoke County",Alleghany,260,11,6
07/02/2020,51163,Rockbridge,"Central Shenandoah",32,0,0
07/02/2020,51165,Rockingham,"Central Shenandoah",730,78,11
07/02/2020,51167,Russell,"Cumberland Plateau",13,2,0
07/02/2020,51169,Scott,Lenowisco,10,2,2
07/02/2020,51171,Shenandoah,"Lord Fairfax",582,64,29
07/02/2020,51173,Smyth,"Mount Rogers",40,5,1
07/02/2020,51175,Southampton,"Western Tidewater",160,8,6
07/02/2020,51177,Spotsylvania,Rappahannock,1001,77,31
07/02/2020,51179,Stafford,Rappahannock,1000,92,5
07/02/2020,51181,Surry,Crater,16,4,1
07/02/2020,51183,Sussex,Crater,205,13,4
07/02/2020,51185,Tazewell,"Cumberland Plateau",16,0,0
07/02/2020,51187,Warren,"Lord Fairfax",292,18,6
07/02/2020,51191,Washington,"Mount Rogers",65,8,4
07/02/2020,51193,Westmoreland,"Three Rivers",108,12,2
07/02/2020,51195,Wise,Lenowisco,28,12,2
07/02/2020,51197,Wythe,"Mount Rogers",53,5,1
07/02/2020,51199,York,Peninsula,116,10,3
07/02/2020,51510,Alexandria,Alexandria,2327,237,57
07/02/2020,51520,Bristol,"Mount Rogers",4,1,0
07/02/2020,51530,"Buena Vista City","Central Shenandoah",16,1,0
07/02/2020,51540,Charlottesville,"Thomas Jefferson",218,17,5
07/02/2020,51550,Chesapeake,Chesapeake,959,140,21
07/02/2020,51570,"Colonial Heights",Chesterfield,145,15,18
07/02/2020,51580,Covington,Alleghany,5,0,0
07/02/2020,51590,Danville,Pittsylvania-Danville,89,19,2
07/02/2020,51595,Emporia,Crater,140,21,14
07/02/2020,51600,"Fairfax City",Fairfax,71,7,7
07/02/2020,51610,"Falls Church",Fairfax,53,11,8
07/02/2020,51620,"Franklin City","Western Tidewater",51,4,2
07/02/2020,51630,Fredericksburg,Rappahannock,250,25,0
07/02/2020,51640,Galax,"Mount Rogers",261,30,15
07/02/2020,51650,Hampton,Hampton,339,41,5
07/02/2020,51660,Harrisonburg,"Central Shenandoah",941,72,26
07/02/2020,51670,Hopewell,Crater,182,19,2
07/02/2020,51678,Lexington,"Central Shenandoah",11,0,0
07/02/2020,51680,Lynchburg,"Central Virginia",146,6,1
07/02/2020,51683,"Manassas City","Prince William",1417,101,18
07/02/2020,51685,"Manassas Park","Prince William",431,46,6
07/02/2020,51690,Martinsville,"West Piedmont",80,12,1
07/02/2020,51700,"Newport News",Peninsula,541,45,10
07/02/2020,51710,Norfolk,Norfolk,987,108,11
07/02/2020,51720,Norton,Lenowisco,4,2,0
07/02/2020,51730,Petersburg,Crater,249,43,4
07/02/2020,51735,Poquoson,Peninsula,19,2,0
07/02/2020,51740,Portsmouth,Portsmouth,513,71,18
07/02/2020,51750,Radford,"New River",13,1,0
07/02/2020,51760,"Richmond City",Richmond,2227,225,30
07/02/2020,51770,"Roanoke City",Roanoke,436,14,10
07/02/2020,51775,Salem,Alleghany,70,3,3
07/02/2020,51790,Staunton,"Central Shenandoah",74,7,0
07/02/2020,51800,Suffolk,"Western Tidewater",425,60,36
07/02/2020,51810,"Virginia Beach","Virginia Beach",1225,121,30
07/02/2020,51820,Waynesboro,"Central Shenandoah",86,6,0
07/02/2020,51830,Williamsburg,Peninsula,61,12,6
07/02/2020,51840,Winchester,"Lord Fairfax",330,23,3
07/03/2020,51001,Accomack,"Eastern Shore",1042,72,14
07/03/2020,51003,Albemarle,"Thomas Jefferson",420,34,9
07/03/2020,51005,Alleghany,Alleghany,34,5,2
07/03/2020,51007,Amelia,Piedmont,45,11,1
07/03/2020,51009,Amherst,"Central Virginia",37,3,0
07/03/2020,51011,Appomattox,"Central Virginia",43,2,0
07/03/2020,51013,Arlington,Arlington,2500,421,132
07/03/2020,51015,Augusta,"Central Shenandoah",190,7,2
07/03/2020,51017,Bath,"Central Shenandoah",0,0,0
07/03/2020,51019,Bedford,"Central Virginia",131,2,3
07/03/2020,51021,Bland,"Mount Rogers",2,0,0
07/03/2020,51023,Botetourt,Alleghany,133,12,4
07/03/2020,51025,Brunswick,Southside,107,15,1
07/03/2020,51027,Buchanan,"Cumberland Plateau",31,0,0
07/03/2020,51029,Buckingham,Piedmont,566,20,4
07/03/2020,51031,Campbell,"Central Virginia",48,3,1
07/03/2020,51033,Caroline,Rappahannock,128,15,4
07/03/2020,51035,Carroll,"Mount Rogers",225,19,9
07/03/2020,51036,"Charles City",Chickahominy,41,14,3
07/03/2020,51037,Charlotte,Piedmont,33,4,0
07/03/2020,51041,Chesterfield,Chesterfield,2974,128,53
07/03/2020,51043,Clarke,"Lord Fairfax",54,5,0
07/03/2020,51045,Craig,Alleghany,7,0,0
07/03/2020,51047,Culpeper,"Rappahannock Rapidan",814,63,11
07/03/2020,51049,Cumberland,Piedmont,57,4,0
07/03/2020,51051,Dickenson,"Cumberland Plateau",5,0,0
07/03/2020,51053,Dinwiddie,Crater,148,22,2
07/03/2020,51057,Essex,"Three Rivers",59,4,0
07/03/2020,51059,Fairfax,Fairfax,13965,1651,494
07/03/2020,51061,Fauquier,"Rappahannock Rapidan",427,27,7
07/03/2020,51063,Floyd,"New River",19,2,1
07/03/2020,51065,Fluvanna,"Thomas Jefferson",116,26,8
07/03/2020,51067,"Franklin County","West Piedmont",92,6,1
07/03/2020,51069,Frederick,"Lord Fairfax",517,42,6
07/03/2020,51071,Giles,"New River",17,1,0
07/03/2020,51073,Gloucester,"Three Rivers",49,9,1
07/03/2020,51075,Goochland,Chickahominy,126,23,6
07/03/2020,51077,Grayson,"Mount Rogers",87,6,2
07/03/2020,51079,Greene,"Thomas Jefferson",67,7,1
07/03/2020,51081,Greensville,Crater,366,19,7
07/03/2020,51083,Halifax,Southside,59,3,1
07/03/2020,51085,Hanover,Chickahominy,442,67,29
07/03/2020,51087,Henrico,Henrico,2629,258,157
07/03/2020,51089,Henry,"West Piedmont",280,24,4
07/03/2020,51091,Highland,"Central Shenandoah",3,0,0
07/03/2020,51093,"Isle of Wight","Western Tidewater",186,16,9
07/03/2020,51095,"James City",Peninsula,270,58,15
07/03/2020,51097,"King and Queen","Three Rivers",24,4,1
07/03/2020,51099,"King George",Rappahannock,99,15,4
07/03/2020,51101,"King William","Three Rivers",42,5,0
07/03/2020,51103,Lancaster,"Three Rivers",11,1,0
07/03/2020,51105,Lee,Lenowisco,12,1,0
07/03/2020,51107,Loudoun,Loudoun,4113,279,91
07/03/2020,51109,Louisa,"Thomas Jefferson",119,15,1
07/03/2020,51111,Lunenburg,Piedmont,37,3,0
07/03/2020,51113,Madison,"Rappahannock Rapidan",43,4,1
07/03/2020,51115,Mathews,"Three Rivers",6,2,0
07/03/2020,51117,Mecklenburg,Southside,248,31,28
07/03/2020,51119,Middlesex,"Three Rivers",15,1,0
07/03/2020,51121,Montgomery,"New River",154,11,2
07/03/2020,51125,Nelson,"Thomas Jefferson",18,0,0
07/03/2020,51127,"New Kent",Chickahominy,60,7,1
07/03/2020,51131,Northampton,"Eastern Shore",271,41,28
07/03/2020,51133,Northumberland,"Three Rivers",36,0,1
07/03/2020,51135,Nottoway,Piedmont,114,23,2
07/03/2020,51137,Orange,"Rappahannock Rapidan",152,14,3
07/03/2020,51139,Page,"Lord Fairfax",281,29,23
07/03/2020,51141,Patrick,"West Piedmont",48,3,1
07/03/2020,51143,Pittsylvania,Pittsylvania-Danville,132,22,1
07/03/2020,51145,Powhatan,Chesterfield,84,6,2
07/03/2020,51147,"Prince Edward",Piedmont,213,24,6
07/03/2020,51149,"Prince George",Crater,243,12,1
07/03/2020,51153,"Prince William","Prince William",7442,670,146
07/03/2020,51155,Pulaski,"New River",48,7,2
07/03/2020,51157,Rappahannock,"Rappahannock Rapidan",21,1,0
07/03/2020,51159,"Richmond County","Three Rivers",298,12,4
07/03/2020,51161,"Roanoke County",Alleghany,274,11,6
07/03/2020,51163,Rockbridge,"Central Shenandoah",32,0,0
07/03/2020,51165,Rockingham,"Central Shenandoah",739,79,11
07/03/2020,51167,Russell,"Cumberland Plateau",13,2,0
07/03/2020,51169,Scott,Lenowisco,10,2,2
07/03/2020,51171,Shenandoah,"Lord Fairfax",584,65,30
07/03/2020,51173,Smyth,"Mount Rogers",42,5,1
07/03/2020,51175,Southampton,"Western Tidewater",162,8,7
07/03/2020,51177,Spotsylvania,Rappahannock,1010,76,31
07/03/2020,51179,Stafford,Rappahannock,998,94,5
07/03/2020,51181,Surry,Crater,16,4,1
07/03/2020,51183,Sussex,Crater,208,13,5
07/03/2020,51185,Tazewell,"Cumberland Plateau",16,0,0
07/03/2020,51187,Warren,"Lord Fairfax",294,18,7
07/03/2020,51191,Washington,"Mount Rogers",65,8,4
07/03/2020,51193,Westmoreland,"Three Rivers",108,12,2
07/03/2020,51195,Wise,Lenowisco,29,12,2
07/03/2020,51197,Wythe,"Mount Rogers",54,5,1
07/03/2020,51199,York,Peninsula,120,10,3
07/03/2020,51510,Alexandria,Alexandria,2338,238,57
07/03/2020,51520,Bristol,"Mount Rogers",5,1,0
07/03/2020,51530,"Buena Vista City","Central Shenandoah",16,1,0
07/03/2020,51540,Charlottesville,"Thomas Jefferson",220,17,6
07/03/2020,51550,Chesapeake,Chesapeake,972,143,21
07/03/2020,51570,"Colonial Heights",Chesterfield,145,15,18
07/03/2020,51580,Covington,Alleghany,5,0,0
07/03/2020,51590,Danville,Pittsylvania-Danville,91,19,2
07/03/2020,51595,Emporia,Crater,141,22,15
07/03/2020,51600,"Fairfax City",Fairfax,70,6,7
07/03/2020,51610,"Falls Church",Fairfax,54,11,8
07/03/2020,51620,"Franklin City","Western Tidewater",52,4,2
07/03/2020,51630,Fredericksburg,Rappahannock,254,26,0
07/03/2020,51640,Galax,"Mount Rogers",263,30,15
07/03/2020,51650,Hampton,Hampton,354,41,5
07/03/2020,51660,Harrisonburg,"Central Shenandoah",957,72,27
07/03/2020,51670,Hopewell,Crater,184,19,2
07/03/2020,51678,Lexington,"Central Shenandoah",11,0,0
07/03/2020,51680,Lynchburg,"Central Virginia",159,6,1
07/03/2020,51683,"Manassas City","Prince William",1430,104,18
07/03/2020,51685,"Manassas Park","Prince William",434,46,6
07/03/2020,51690,Martinsville,"West Piedmont",81,12,1
07/03/2020,51700,"Newport News",Peninsula,549,45,10
07/03/2020,51710,Norfolk,Norfolk,1000,111,11
07/03/2020,51720,Norton,Lenowisco,4,2,0
07/03/2020,51730,Petersburg,Crater,256,43,5
07/03/2020,51735,Poquoson,Peninsula,19,2,0
07/03/2020,51740,Portsmouth,Portsmouth,526,73,18
07/03/2020,51750,Radford,"New River",14,1,0
07/03/2020,51760,"Richmond City",Richmond,2248,227,30
07/03/2020,51770,"Roanoke City",Roanoke,465,14,10
07/03/2020,51775,Salem,Alleghany,78,3,3
07/03/2020,51790,Staunton,"Central Shenandoah",74,7,0
07/03/2020,51800,Suffolk,"Western Tidewater",441,60,37
07/03/2020,51810,"Virginia Beach","Virginia Beach",1254,121,30
07/03/2020,51820,Waynesboro,"Central Shenandoah",89,7,0
07/03/2020,51830,Williamsburg,Peninsula,61,12,6
07/03/2020,51840,Winchester,"Lord Fairfax",330,24,3
07/04/2020,51001,Accomack,"Eastern Shore",1043,72,14
07/04/2020,51003,Albemarle,"Thomas Jefferson",456,34,9
07/04/2020,51005,Alleghany,Alleghany,35,5,2
07/04/2020,51007,Amelia,Piedmont,45,11,1
07/04/2020,51009,Amherst,"Central Virginia",37,3,0
07/04/2020,51011,Appomattox,"Central Virginia",43,2,0
07/04/2020,51013,Arlington,Arlington,2519,421,131
07/04/2020,51015,Augusta,"Central Shenandoah",192,7,2
07/04/2020,51017,Bath,"Central Shenandoah",0,0,0
07/04/2020,51019,Bedford,"Central Virginia",137,2,3
07/04/2020,51021,Bland,"Mount Rogers",2,0,0
07/04/2020,51023,Botetourt,Alleghany,133,12,4
07/04/2020,51025,Brunswick,Southside,109,15,1
07/04/2020,51027,Buchanan,"Cumberland Plateau",31,0,0
07/04/2020,51029,Buckingham,Piedmont,566,20,4
07/04/2020,51031,Campbell,"Central Virginia",51,3,1
07/04/2020,51033,Caroline,Rappahannock,128,15,4
07/04/2020,51035,Carroll,"Mount Rogers",227,19,9
07/04/2020,51036,"Charles City",Chickahominy,40,14,3
07/04/2020,51037,Charlotte,Piedmont,33,4,0
07/04/2020,51041,Chesterfield,Chesterfield,2972,128,53
07/04/2020,51043,Clarke,"Lord Fairfax",55,5,0
07/04/2020,51045,Craig,Alleghany,8,0,0
07/04/2020,51047,Culpeper,"Rappahannock Rapidan",817,63,11
07/04/2020,51049,Cumberland,Piedmont,57,4,0
07/04/2020,51051,Dickenson,"Cumberland Plateau",5,0,0
07/04/2020,51053,Dinwiddie,Crater,148,22,2
07/04/2020,51057,Essex,"Three Rivers",59,4,0
07/04/2020,51059,Fairfax,Fairfax,14072,1657,495
07/04/2020,51061,Fauquier,"Rappahannock Rapidan",431,27,7
07/04/2020,51063,Floyd,"New River",20,2,1
07/04/2020,51065,Fluvanna,"Thomas Jefferson",120,26,8
07/04/2020,51067,"Franklin County","West Piedmont",92,6,1
07/04/2020,51069,Frederick,"Lord Fairfax",518,42,6
07/04/2020,51071,Giles,"New River",18,1,0
07/04/2020,51073,Gloucester,"Three Rivers",49,9,1
07/04/2020,51075,Goochland,Chickahominy,126,23,6
07/04/2020,51077,Grayson,"Mount Rogers",88,6,2
07/04/2020,51079,Greene,"Thomas Jefferson",72,7,1
07/04/2020,51081,Greensville,Crater,368,19,7
07/04/2020,51083,Halifax,Southside,63,4,1
07/04/2020,51085,Hanover,Chickahominy,443,67,29
07/04/2020,51087,Henrico,Henrico,2663,261,158
07/04/2020,51089,Henry,"West Piedmont",284,24,4
07/04/2020,51091,Highland,"Central Shenandoah",3,0,0
07/04/2020,51093,"Isle of Wight","Western Tidewater",190,16,9
07/04/2020,51095,"James City",Peninsula,279,58,15
07/04/2020,51097,"King and Queen","Three Rivers",24,4,1
07/04/2020,51099,"King George",Rappahannock,100,15,4
07/04/2020,51101,"King William","Three Rivers",43,5,0
07/04/2020,51103,Lancaster,"Three Rivers",11,1,0
07/04/2020,51105,Lee,Lenowisco,12,1,0
07/04/2020,51107,Loudoun,Loudoun,4175,279,91
07/04/2020,51109,Louisa,"Thomas Jefferson",127,15,1
07/04/2020,51111,Lunenburg,Piedmont,37,3,0
07/04/2020,51113,Madison,"Rappahannock Rapidan",43,4,1
07/04/2020,51115,Mathews,"Three Rivers",6,2,0
07/04/2020,51117,Mecklenburg,Southside,248,31,28
07/04/2020,51119,Middlesex,"Three Rivers",15,1,0
07/04/2020,51121,Montgomery,"New River",155,11,2
07/04/2020,51125,Nelson,"Thomas Jefferson",20,0,0
07/04/2020,51127,"New Kent",Chickahominy,60,7,1
07/04/2020,51131,Northampton,"Eastern Shore",271,41,28
07/04/2020,51133,Northumberland,"Three Rivers",36,0,1
07/04/2020,51135,Nottoway,Piedmont,114,23,2
07/04/2020,51137,Orange,"Rappahannock Rapidan",153,14,3
07/04/2020,51139,Page,"Lord Fairfax",281,29,23
07/04/2020,51141,Patrick,"West Piedmont",48,3,1
07/04/2020,51143,Pittsylvania,Pittsylvania-Danville,134,23,1
07/04/2020,51145,Powhatan,Chesterfield,84,6,2
07/04/2020,51147,"Prince Edward",Piedmont,213,24,6
07/04/2020,51149,"Prince George",Crater,244,12,1
07/04/2020,51153,"Prince William","Prince William",7484,672,147
07/04/2020,51155,Pulaski,"New River",48,7,2
07/04/2020,51157,Rappahannock,"Rappahannock Rapidan",22,1,0
07/04/2020,51159,"Richmond County","Three Rivers",298,12,4
07/04/2020,51161,"Roanoke County",Alleghany,278,11,6
07/04/2020,51163,Rockbridge,"Central Shenandoah",33,0,0
07/04/2020,51165,Rockingham,"Central Shenandoah",743,79,11
07/04/2020,51167,Russell,"Cumberland Plateau",14,2,0
07/04/2020,51169,Scott,Lenowisco,10,2,2
07/04/2020,51171,Shenandoah,"Lord Fairfax",587,65,31
07/04/2020,51173,Smyth,"Mount Rogers",42,5,1
07/04/2020,51175,Southampton,"Western Tidewater",163,8,7
07/04/2020,51177,Spotsylvania,Rappahannock,1027,76,31
07/04/2020,51179,Stafford,Rappahannock,1008,95,5
07/04/2020,51181,Surry,Crater,17,4,1
07/04/2020,51183,Sussex,Crater,209,13,5
07/04/2020,51185,Tazewell,"Cumberland Plateau",16,0,0
07/04/2020,51187,Warren,"Lord Fairfax",295,18,8
07/04/2020,51191,Washington,"Mount Rogers",66,8,4
07/04/2020,51193,Westmoreland,"Three Rivers",108,12,2
07/04/2020,51195,Wise,Lenowisco,30,12,2
07/04/2020,51197,Wythe,"Mount Rogers",54,5,1
07/04/2020,51199,York,Peninsula,124,10,3
07/04/2020,51510,Alexandria,Alexandria,2357,239,57
07/04/2020,51520,Bristol,"Mount Rogers",5,1,0
07/04/2020,51530,"Buena Vista City","Central Shenandoah",15,1,0
07/04/2020,51540,Charlottesville,"Thomas Jefferson",230,17,6
07/04/2020,51550,Chesapeake,Chesapeake,1003,147,21
07/04/2020,51570,"Colonial Heights",Chesterfield,145,15,18
07/04/2020,51580,Covington,Alleghany,5,0,0
07/04/2020,51590,Danville,Pittsylvania-Danville,93,19,2
07/04/2020,51595,Emporia,Crater,141,22,15
07/04/2020,51600,"Fairfax City",Fairfax,71,6,7
07/04/2020,51610,"Falls Church",Fairfax,54,11,8
07/04/2020,51620,"Franklin City","Western Tidewater",53,4,2
07/04/2020,51630,Fredericksburg,Rappahannock,255,26,0
07/04/2020,51640,Galax,"Mount Rogers",265,30,15
07/04/2020,51650,Hampton,Hampton,360,41,5
07/04/2020,51660,Harrisonburg,"Central Shenandoah",963,72,27
07/04/2020,51670,Hopewell,Crater,185,19,2
07/04/2020,51678,Lexington,"Central Shenandoah",13,0,0
07/04/2020,51680,Lynchburg,"Central Virginia",162,6,1
07/04/2020,51683,"Manassas City","Prince William",1435,104,18
07/04/2020,51685,"Manassas Park","Prince William",435,46,6
07/04/2020,51690,Martinsville,"West Piedmont",82,12,1
07/04/2020,51700,"Newport News",Peninsula,568,45,10
07/04/2020,51710,Norfolk,Norfolk,1067,113,12
07/04/2020,51720,Norton,Lenowisco,4,2,0
07/04/2020,51730,Petersburg,Crater,271,43,5
07/04/2020,51735,Poquoson,Peninsula,19,2,0
07/04/2020,51740,Portsmouth,Portsmouth,539,73,18
07/04/2020,51750,Radford,"New River",14,1,0
07/04/2020,51760,"Richmond City",Richmond,2262,226,29
07/04/2020,51770,"Roanoke City",Roanoke,476,14,10
07/04/2020,51775,Salem,Alleghany,78,3,3
07/04/2020,51790,Staunton,"Central Shenandoah",77,7,0
07/04/2020,51800,Suffolk,"Western Tidewater",443,61,37
07/04/2020,51810,"Virginia Beach","Virginia Beach",1300,123,30
07/04/2020,51820,Waynesboro,"Central Shenandoah",91,7,0
07/04/2020,51830,Williamsburg,Peninsula,64,12,6
07/04/2020,51840,Winchester,"Lord Fairfax",332,24,3
07/05/2020,51001,Accomack,"Eastern Shore",1044,72,14
07/05/2020,51003,Albemarle,"Thomas Jefferson",460,34,9
07/05/2020,51005,Alleghany,Alleghany,35,5,2
07/05/2020,51007,Amelia,Piedmont,45,11,1
07/05/2020,51009,Amherst,"Central Virginia",37,3,0
07/05/2020,51011,Appomattox,"Central Virginia",43,2,0
07/05/2020,51013,Arlington,Arlington,2533,421,131
07/05/2020,51015,Augusta,"Central Shenandoah",193,7,2
07/05/2020,51017,Bath,"Central Shenandoah",0,0,0
07/05/2020,51019,Bedford,"Central Virginia",137,2,3
07/05/2020,51021,Bland,"Mount Rogers",2,0,0
07/05/2020,51023,Botetourt,Alleghany,134,12,4
07/05/2020,51025,Brunswick,Southside,112,15,1
07/05/2020,51027,Buchanan,"Cumberland Plateau",33,0,0
07/05/2020,51029,Buckingham,Piedmont,566,20,4
07/05/2020,51031,Campbell,"Central Virginia",51,3,1
07/05/2020,51033,Caroline,Rappahannock,129,15,4
07/05/2020,51035,Carroll,"Mount Rogers",232,19,9
07/05/2020,51036,"Charles City",Chickahominy,41,14,3
07/05/2020,51037,Charlotte,Piedmont,33,4,0
07/05/2020,51041,Chesterfield,Chesterfield,3015,128,53
07/05/2020,51043,Clarke,"Lord Fairfax",56,5,0
07/05/2020,51045,Craig,Alleghany,8,0,0
07/05/2020,51047,Culpeper,"Rappahannock Rapidan",822,63,11
07/05/2020,51049,Cumberland,Piedmont,57,4,0
07/05/2020,51051,Dickenson,"Cumberland Plateau",5,0,0
07/05/2020,51053,Dinwiddie,Crater,148,22,2
07/05/2020,51057,Essex,"Three Rivers",59,4,0
07/05/2020,51059,Fairfax,Fairfax,14153,1660,496
07/05/2020,51061,Fauquier,"Rappahannock Rapidan",442,27,7
07/05/2020,51063,Floyd,"New River",20,2,1
07/05/2020,51065,Fluvanna,"Thomas Jefferson",120,26,8
07/05/2020,51067,"Franklin County","West Piedmont",96,6,1
07/05/2020,51069,Frederick,"Lord Fairfax",521,42,6
07/05/2020,51071,Giles,"New River",18,1,0
07/05/2020,51073,Gloucester,"Three Rivers",50,9,1
07/05/2020,51075,Goochland,Chickahominy,127,23,6
07/05/2020,51077,Grayson,"Mount Rogers",89,6,2
07/05/2020,51079,Greene,"Thomas Jefferson",73,7,1
07/05/2020,51081,Greensville,Crater,368,19,7
07/05/2020,51083,Halifax,Southside,63,4,1
07/05/2020,51085,Hanover,Chickahominy,447,67,29
07/05/2020,51087,Henrico,Henrico,2681,262,158
07/05/2020,51089,Henry,"West Piedmont",288,24,4
07/05/2020,51091,Highland,"Central Shenandoah",3,0,0
07/05/2020,51093,"Isle of Wight","Western Tidewater",193,16,9
07/05/2020,51095,"James City",Peninsula,293,58,15
07/05/2020,51097,"King and Queen","Three Rivers",24,4,1
07/05/2020,51099,"King George",Rappahannock,100,15,4
07/05/2020,51101,"King William","Three Rivers",44,5,0
07/05/2020,51103,Lancaster,"Three Rivers",11,1,0
07/05/2020,51105,Lee,Lenowisco,15,1,0
07/05/2020,51107,Loudoun,Loudoun,4207,278,90
07/05/2020,51109,Louisa,"Thomas Jefferson",130,15,1
07/05/2020,51111,Lunenburg,Piedmont,37,3,0
07/05/2020,51113,Madison,"Rappahannock Rapidan",44,4,1
07/05/2020,51115,Mathews,"Three Rivers",6,2,0
07/05/2020,51117,Mecklenburg,Southside,248,31,28
07/05/2020,51119,Middlesex,"Three Rivers",15,1,0
07/05/2020,51121,Montgomery,"New River",158,11,2
07/05/2020,51125,Nelson,"Thomas Jefferson",20,0,0
07/05/2020,51127,"New Kent",Chickahominy,60,7,1
07/05/2020,51131,Northampton,"Eastern Shore",272,41,28
07/05/2020,51133,Northumberland,"Three Rivers",37,0,1
07/05/2020,51135,Nottoway,Piedmont,114,23,2
07/05/2020,51137,Orange,"Rappahannock Rapidan",153,14,3
07/05/2020,51139,Page,"Lord Fairfax",283,29,23
07/05/2020,51141,Patrick,"West Piedmont",48,3,1
07/05/2020,51143,Pittsylvania,Pittsylvania-Danville,137,23,1
07/05/2020,51145,Powhatan,Chesterfield,84,6,2
07/05/2020,51147,"Prince Edward",Piedmont,213,24,6
07/05/2020,51149,"Prince George",Crater,244,12,1
07/05/2020,51153,"Prince William","Prince William",7570,673,147
07/05/2020,51155,Pulaski,"New River",48,7,2
07/05/2020,51157,Rappahannock,"Rappahannock Rapidan",23,1,0
07/05/2020,51159,"Richmond County","Three Rivers",299,12,4
07/05/2020,51161,"Roanoke County",Alleghany,283,11,6
07/05/2020,51163,Rockbridge,"Central Shenandoah",33,0,0
07/05/2020,51165,Rockingham,"Central Shenandoah",746,79,11
07/05/2020,51167,Russell,"Cumberland Plateau",14,2,0
07/05/2020,51169,Scott,Lenowisco,11,2,2
07/05/2020,51171,Shenandoah,"Lord Fairfax",598,66,34
07/05/2020,51173,Smyth,"Mount Rogers",42,5,1
07/05/2020,51175,Southampton,"Western Tidewater",163,8,7
07/05/2020,51177,Spotsylvania,Rappahannock,1036,77,31
07/05/2020,51179,Stafford,Rappahannock,1011,95,5
07/05/2020,51181,Surry,Crater,17,4,1
07/05/2020,51183,Sussex,Crater,209,13,5
07/05/2020,51185,Tazewell,"Cumberland Plateau",16,0,0
07/05/2020,51187,Warren,"Lord Fairfax",297,18,8
07/05/2020,51191,Washington,"Mount Rogers",67,8,4
07/05/2020,51193,Westmoreland,"Three Rivers",116,12,2
07/05/2020,51195,Wise,Lenowisco,30,12,2
07/05/2020,51197,Wythe,"Mount Rogers",56,6,1
07/05/2020,51199,York,Peninsula,129,10,3
07/05/2020,51510,Alexandria,Alexandria,2376,239,57
07/05/2020,51520,Bristol,"Mount Rogers",5,1,0
07/05/2020,51530,"Buena Vista City","Central Shenandoah",15,1,0
07/05/2020,51540,Charlottesville,"Thomas Jefferson",237,17,6
07/05/2020,51550,Chesapeake,Chesapeake,1015,147,21
07/05/2020,51570,"Colonial Heights",Chesterfield,148,15,18
07/05/2020,51580,Covington,Alleghany,5,0,0
07/05/2020,51590,Danville,Pittsylvania-Danville,99,20,2
07/05/2020,51595,Emporia,Crater,143,23,15
07/05/2020,51600,"Fairfax City",Fairfax,71,6,7
07/05/2020,51610,"Falls Church",Fairfax,55,11,8
07/05/2020,51620,"Franklin City","Western Tidewater",54,4,2
07/05/2020,51630,Fredericksburg,Rappahannock,255,26,0
07/05/2020,51640,Galax,"Mount Rogers",272,30,15
07/05/2020,51650,Hampton,Hampton,369,41,5
07/05/2020,51660,Harrisonburg,"Central Shenandoah",966,72,27
07/05/2020,51670,Hopewell,Crater,186,19,2
07/05/2020,51678,Lexington,"Central Shenandoah",13,0,0
07/05/2020,51680,Lynchburg,"Central Virginia",162,6,1
07/05/2020,51683,"Manassas City","Prince William",1451,104,18
07/05/2020,51685,"Manassas Park","Prince William",444,46,6
07/05/2020,51690,Martinsville,"West Piedmont",86,12,1
07/05/2020,51700,"Newport News",Peninsula,584,45,10
07/05/2020,51710,Norfolk,Norfolk,1072,114,12
07/05/2020,51720,Norton,Lenowisco,4,2,0
07/05/2020,51730,Petersburg,Crater,275,43,5
07/05/2020,51735,Poquoson,Peninsula,19,2,0
07/05/2020,51740,Portsmouth,Portsmouth,549,73,18
07/05/2020,51750,Radford,"New River",14,1,0
07/05/2020,51760,"Richmond City",Richmond,2276,228,29
07/05/2020,51770,"Roanoke City",Roanoke,479,14,10
07/05/2020,51775,Salem,Alleghany,78,3,3
07/05/2020,51790,Staunton,"Central Shenandoah",79,7,0
07/05/2020,51800,Suffolk,"Western Tidewater",451,62,38
07/05/2020,51810,"Virginia Beach","Virginia Beach",1350,123,30
07/05/2020,51820,Waynesboro,"Central Shenandoah",92,7,0
07/05/2020,51830,Williamsburg,Peninsula,72,12,6
07/05/2020,51840,Winchester,"Lord Fairfax",334,24,3
07/06/2020,51001,Accomack,"Eastern Shore",1044,72,14
07/06/2020,51003,Albemarle,"Thomas Jefferson",467,36,9
07/06/2020,51005,Alleghany,Alleghany,36,5,2
07/06/2020,51007,Amelia,Piedmont,45,11,1
07/06/2020,51009,Amherst,"Central Virginia",38,3,0
07/06/2020,51011,Appomattox,"Central Virginia",43,2,0
07/06/2020,51013,Arlington,Arlington,2533,421,131
07/06/2020,51015,Augusta,"Central Shenandoah",194,7,2
07/06/2020,51017,Bath,"Central Shenandoah",0,0,0
07/06/2020,51019,Bedford,"Central Virginia",140,2,3
07/06/2020,51021,Bland,"Mount Rogers",2,0,0
07/06/2020,51023,Botetourt,Alleghany,139,12,4
07/06/2020,51025,Brunswick,Southside,113,15,1
07/06/2020,51027,Buchanan,"Cumberland Plateau",33,0,0
07/06/2020,51029,Buckingham,Piedmont,571,20,4
07/06/2020,51031,Campbell,"Central Virginia",51,3,1
07/06/2020,51033,Caroline,Rappahannock,129,15,4
07/06/2020,51035,Carroll,"Mount Rogers",233,19,9
07/06/2020,51036,"Charles City",Chickahominy,41,14,3
07/06/2020,51037,Charlotte,Piedmont,33,4,0
07/06/2020,51041,Chesterfield,Chesterfield,3026,128,53
07/06/2020,51043,Clarke,"Lord Fairfax",57,5,0
07/06/2020,51045,Craig,Alleghany,8,0,0
07/06/2020,51047,Culpeper,"Rappahannock Rapidan",823,63,11
07/06/2020,51049,Cumberland,Piedmont,57,4,0
07/06/2020,51051,Dickenson,"Cumberland Plateau",5,0,0
07/06/2020,51053,Dinwiddie,Crater,151,23,2
07/06/2020,51057,Essex,"Three Rivers",59,4,0
07/06/2020,51059,Fairfax,Fairfax,14205,1662,495
07/06/2020,51061,Fauquier,"Rappahannock Rapidan",446,28,7
07/06/2020,51063,Floyd,"New River",21,2,1
07/06/2020,51065,Fluvanna,"Thomas Jefferson",121,26,8
07/06/2020,51067,"Franklin County","West Piedmont",104,6,1
07/06/2020,51069,Frederick,"Lord Fairfax",520,42,6
07/06/2020,51071,Giles,"New River",18,1,0
07/06/2020,51073,Gloucester,"Three Rivers",50,9,1
07/06/2020,51075,Goochland,Chickahominy,127,23,6
07/06/2020,51077,Grayson,"Mount Rogers",90,6,2
07/06/2020,51079,Greene,"Thomas Jefferson",75,7,1
07/06/2020,51081,Greensville,Crater,368,19,7
07/06/2020,51083,Halifax,Southside,65,4,1
07/06/2020,51085,Hanover,Chickahominy,449,67,29
07/06/2020,51087,Henrico,Henrico,2685,264,159
07/06/2020,51089,Henry,"West Piedmont",293,24,4
07/06/2020,51091,Highland,"Central Shenandoah",3,0,0
07/06/2020,51093,"Isle of Wight","Western Tidewater",194,16,9
07/06/2020,51095,"James City",Peninsula,297,58,15
07/06/2020,51097,"King and Queen","Three Rivers",24,4,1
07/06/2020,51099,"King George",Rappahannock,100,15,4
07/06/2020,51101,"King William","Three Rivers",44,5,0
07/06/2020,51103,Lancaster,"Three Rivers",11,1,0
07/06/2020,51105,Lee,Lenowisco,16,1,0
07/06/2020,51107,Loudoun,Loudoun,4216,278,90
07/06/2020,51109,Louisa,"Thomas Jefferson",131,15,1
07/06/2020,51111,Lunenburg,Piedmont,39,3,0
07/06/2020,51113,Madison,"Rappahannock Rapidan",45,4,1
07/06/2020,51115,Mathews,"Three Rivers",6,2,0
07/06/2020,51117,Mecklenburg,Southside,249,31,28
07/06/2020,51119,Middlesex,"Three Rivers",15,1,0
07/06/2020,51121,Montgomery,"New River",163,11,2
07/06/2020,51125,Nelson,"Thomas Jefferson",21,0,0
07/06/2020,51127,"New Kent",Chickahominy,60,7,1
07/06/2020,51131,Northampton,"Eastern Shore",272,41,28
07/06/2020,51133,Northumberland,"Three Rivers",37,0,1
07/06/2020,51135,Nottoway,Piedmont,114,23,2
07/06/2020,51137,Orange,"Rappahannock Rapidan",153,14,3
07/06/2020,51139,Page,"Lord Fairfax",285,29,23
07/06/2020,51141,Patrick,"West Piedmont",48,3,1
07/06/2020,51143,Pittsylvania,Pittsylvania-Danville,137,23,1
07/06/2020,51145,Powhatan,Chesterfield,84,6,2
07/06/2020,51147,"Prince Edward",Piedmont,214,24,6
07/06/2020,51149,"Prince George",Crater,245,12,1
07/06/2020,51153,"Prince William","Prince William",7582,675,147
07/06/2020,51155,Pulaski,"New River",48,7,2
07/06/2020,51157,Rappahannock,"Rappahannock Rapidan",26,2,0
07/06/2020,51159,"Richmond County","Three Rivers",299,12,4
07/06/2020,51161,"Roanoke County",Alleghany,287,11,6
07/06/2020,51163,Rockbridge,"Central Shenandoah",33,0,0
07/06/2020,51165,Rockingham,"Central Shenandoah",744,78,11
07/06/2020,51167,Russell,"Cumberland Plateau",14,2,0
07/06/2020,51169,Scott,Lenowisco,11,2,2
07/06/2020,51171,Shenandoah,"Lord Fairfax",598,66,34
07/06/2020,51173,Smyth,"Mount Rogers",42,5,1
07/06/2020,51175,Southampton,"Western Tidewater",163,8,7
07/06/2020,51177,Spotsylvania,Rappahannock,1038,78,31
07/06/2020,51179,Stafford,Rappahannock,1012,96,5
07/06/2020,51181,Surry,Crater,17,4,1
07/06/2020,51183,Sussex,Crater,210,13,5
07/06/2020,51185,Tazewell,"Cumberland Plateau",17,0,0
07/06/2020,51187,Warren,"Lord Fairfax",299,18,8
07/06/2020,51191,Washington,"Mount Rogers",67,8,4
07/06/2020,51193,Westmoreland,"Three Rivers",116,12,2
07/06/2020,51195,Wise,Lenowisco,32,12,2
07/06/2020,51197,Wythe,"Mount Rogers",58,6,1
07/06/2020,51199,York,Peninsula,131,10,3
07/06/2020,51510,Alexandria,Alexandria,2380,240,57
07/06/2020,51520,Bristol,"Mount Rogers",5,1,0
07/06/2020,51530,"Buena Vista City","Central Shenandoah",15,1,0
07/06/2020,51540,Charlottesville,"Thomas Jefferson",237,17,6
07/06/2020,51550,Chesapeake,Chesapeake,1026,147,21
07/06/2020,51570,"Colonial Heights",Chesterfield,150,15,18
07/06/2020,51580,Covington,Alleghany,5,0,0
07/06/2020,51590,Danville,Pittsylvania-Danville,99,20,2
07/06/2020,51595,Emporia,Crater,143,23,15
07/06/2020,51600,"Fairfax City",Fairfax,71,6,7
07/06/2020,51610,"Falls Church",Fairfax,55,11,8
07/06/2020,51620,"Franklin City","Western Tidewater",55,4,2
07/06/2020,51630,Fredericksburg,Rappahannock,255,26,0
07/06/2020,51640,Galax,"Mount Rogers",276,30,15
07/06/2020,51650,Hampton,Hampton,376,41,5
07/06/2020,51660,Harrisonburg,"Central Shenandoah",966,72,27
07/06/2020,51670,Hopewell,Crater,188,19,2
07/06/2020,51678,Lexington,"Central Shenandoah",13,0,0
07/06/2020,51680,Lynchburg,"Central Virginia",164,6,1
07/06/2020,51683,"Manassas City","Prince William",1452,104,18
07/06/2020,51685,"Manassas Park","Prince William",445,46,6
07/06/2020,51690,Martinsville,"West Piedmont",87,12,1
07/06/2020,51700,"Newport News",Peninsula,592,45,10
07/06/2020,51710,Norfolk,Norfolk,1105,115,12
07/06/2020,51720,Norton,Lenowisco,4,2,0
07/06/2020,51730,Petersburg,Crater,290,45,5
07/06/2020,51735,Poquoson,Peninsula,19,2,0
07/06/2020,51740,Portsmouth,Portsmouth,549,73,18
07/06/2020,51750,Radford,"New River",14,1,0
07/06/2020,51760,"Richmond City",Richmond,2288,228,29
07/06/2020,51770,"Roanoke City",Roanoke,492,14,10
07/06/2020,51775,Salem,Alleghany,80,3,3
07/06/2020,51790,Staunton,"Central Shenandoah",80,7,0
07/06/2020,51800,Suffolk,"Western Tidewater",457,63,38
07/06/2020,51810,"Virginia Beach","Virginia Beach",1392,123,30
07/06/2020,51820,Waynesboro,"Central Shenandoah",94,7,0
07/06/2020,51830,Williamsburg,Peninsula,74,12,6
07/06/2020,51840,Winchester,"Lord Fairfax",334,24,3
07/07/2020,51001,Accomack,"Eastern Shore",1042,72,14
07/07/2020,51003,Albemarle,"Thomas Jefferson",472,36,10
07/07/2020,51005,Alleghany,Alleghany,38,5,2
07/07/2020,51007,Amelia,Piedmont,46,11,1
07/07/2020,51009,Amherst,"Central Virginia",38,3,0
07/07/2020,51011,Appomattox,"Central Virginia",44,2,0
07/07/2020,51013,Arlington,Arlington,2550,422,131
07/07/2020,51015,Augusta,"Central Shenandoah",200,7,2
07/07/2020,51017,Bath,"Central Shenandoah",0,0,0
07/07/2020,51019,Bedford,"Central Virginia",140,2,4
07/07/2020,51021,Bland,"Mount Rogers",2,0,0
07/07/2020,51023,Botetourt,Alleghany,145,12,4
07/07/2020,51025,Brunswick,Southside,116,16,1
07/07/2020,51027,Buchanan,"Cumberland Plateau",34,0,0
07/07/2020,51029,Buckingham,Piedmont,570,21,5
07/07/2020,51031,Campbell,"Central Virginia",53,3,1
07/07/2020,51033,Caroline,Rappahannock,129,15,4
07/07/2020,51035,Carroll,"Mount Rogers",235,19,9
07/07/2020,51036,"Charles City",Chickahominy,41,14,3
07/07/2020,51037,Charlotte,Piedmont,33,4,0
07/07/2020,51041,Chesterfield,Chesterfield,3059,137,56
07/07/2020,51043,Clarke,"Lord Fairfax",58,5,0
07/07/2020,51045,Craig,Alleghany,9,0,0
07/07/2020,51047,Culpeper,"Rappahannock Rapidan",829,63,11
07/07/2020,51049,Cumberland,Piedmont,58,4,0
07/07/2020,51051,Dickenson,"Cumberland Plateau",5,0,0
07/07/2020,51053,Dinwiddie,Crater,152,23,2
07/07/2020,51057,Essex,"Three Rivers",59,4,0
07/07/2020,51059,Fairfax,Fairfax,14191,1681,495
07/07/2020,51061,Fauquier,"Rappahannock Rapidan",450,29,8
07/07/2020,51063,Floyd,"New River",21,2,1
07/07/2020,51065,Fluvanna,"Thomas Jefferson",123,26,8
07/07/2020,51067,"Franklin County","West Piedmont",104,6,1
07/07/2020,51069,Frederick,"Lord Fairfax",524,42,6
07/07/2020,51071,Giles,"New River",18,1,0
07/07/2020,51073,Gloucester,"Three Rivers",53,9,1
07/07/2020,51075,Goochland,Chickahominy,128,23,6
07/07/2020,51077,Grayson,"Mount Rogers",91,6,2
07/07/2020,51079,Greene,"Thomas Jefferson",76,7,2
07/07/2020,51081,Greensville,Crater,367,20,8
07/07/2020,51083,Halifax,Southside,68,4,1
07/07/2020,51085,Hanover,Chickahominy,452,66,31
07/07/2020,51087,Henrico,Henrico,2708,265,163
07/07/2020,51089,Henry,"West Piedmont",301,24,5
07/07/2020,51091,Highland,"Central Shenandoah",3,0,0
07/07/2020,51093,"Isle of Wight","Western Tidewater",199,16,9
07/07/2020,51095,"James City",Peninsula,306,58,15
07/07/2020,51097,"King and Queen","Three Rivers",24,4,1
07/07/2020,51099,"King George",Rappahannock,100,15,4
07/07/2020,51101,"King William","Three Rivers",47,6,1
07/07/2020,51103,Lancaster,"Three Rivers",11,1,0
07/07/2020,51105,Lee,Lenowisco,16,1,0
07/07/2020,51107,Loudoun,Loudoun,4252,280,93
07/07/2020,51109,Louisa,"Thomas Jefferson",132,15,2
07/07/2020,51111,Lunenburg,Piedmont,39,3,0
07/07/2020,51113,Madison,"Rappahannock Rapidan",46,4,1
07/07/2020,51115,Mathews,"Three Rivers",6,2,0
07/07/2020,51117,Mecklenburg,Southside,249,31,28
07/07/2020,51119,Middlesex,"Three Rivers",15,1,0
07/07/2020,51121,Montgomery,"New River",167,11,2
07/07/2020,51125,Nelson,"Thomas Jefferson",21,0,0
07/07/2020,51127,"New Kent",Chickahominy,62,7,1
07/07/2020,51131,Northampton,"Eastern Shore",272,41,28
07/07/2020,51133,Northumberland,"Three Rivers",37,0,1
07/07/2020,51135,Nottoway,Piedmont,114,23,2
07/07/2020,51137,Orange,"Rappahannock Rapidan",154,14,3
07/07/2020,51139,Page,"Lord Fairfax",290,30,23
07/07/2020,51141,Patrick,"West Piedmont",48,4,1
07/07/2020,51143,Pittsylvania,Pittsylvania-Danville,139,23,1
07/07/2020,51145,Powhatan,Chesterfield,86,7,2
07/07/2020,51147,"Prince Edward",Piedmont,216,24,6
07/07/2020,51149,"Prince George",Crater,246,12,1
07/07/2020,51153,"Prince William","Prince William",7638,691,148
07/07/2020,51155,Pulaski,"New River",48,7,2
07/07/2020,51157,Rappahannock,"Rappahannock Rapidan",30,3,0
07/07/2020,51159,"Richmond County","Three Rivers",300,13,4
07/07/2020,51161,"Roanoke County",Alleghany,292,11,6
07/07/2020,51163,Rockbridge,"Central Shenandoah",33,0,0
07/07/2020,51165,Rockingham,"Central Shenandoah",751,78,11
07/07/2020,51167,Russell,"Cumberland Plateau",14,2,0
07/07/2020,51169,Scott,Lenowisco,11,2,2
07/07/2020,51171,Shenandoah,"Lord Fairfax",600,67,34
07/07/2020,51173,Smyth,"Mount Rogers",42,5,1
07/07/2020,51175,Southampton,"Western Tidewater",165,8,8
07/07/2020,51177,Spotsylvania,Rappahannock,1048,80,31
07/07/2020,51179,Stafford,Rappahannock,1022,96,5
07/07/2020,51181,Surry,Crater,17,4,1
07/07/2020,51183,Sussex,Crater,211,13,5
07/07/2020,51185,Tazewell,"Cumberland Plateau",22,0,0
07/07/2020,51187,Warren,"Lord Fairfax",300,18,8
07/07/2020,51191,Washington,"Mount Rogers",68,8,4
07/07/2020,51193,Westmoreland,"Three Rivers",118,12,2
07/07/2020,51195,Wise,Lenowisco,32,12,2
07/07/2020,51197,Wythe,"Mount Rogers",57,6,1
07/07/2020,51199,York,Peninsula,131,10,3
07/07/2020,51510,Alexandria,Alexandria,2399,241,57
07/07/2020,51520,Bristol,"Mount Rogers",5,1,0
07/07/2020,51530,"Buena Vista City","Central Shenandoah",16,1,0
07/07/2020,51540,Charlottesville,"Thomas Jefferson",239,17,7
07/07/2020,51550,Chesapeake,Chesapeake,1046,154,22
07/07/2020,51570,"Colonial Heights",Chesterfield,151,15,18
07/07/2020,51580,Covington,Alleghany,5,0,0
07/07/2020,51590,Danville,Pittsylvania-Danville,99,20,2
07/07/2020,51595,Emporia,Crater,145,23,15
07/07/2020,51600,"Fairfax City",Fairfax,72,6,7
07/07/2020,51610,"Falls Church",Fairfax,54,11,8
07/07/2020,51620,"Franklin City","Western Tidewater",58,4,2
07/07/2020,51630,Fredericksburg,Rappahannock,260,26,0
07/07/2020,51640,Galax,"Mount Rogers",281,30,16
07/07/2020,51650,Hampton,Hampton,390,41,5
07/07/2020,51660,Harrisonburg,"Central Shenandoah",967,72,28
07/07/2020,51670,Hopewell,Crater,191,19,3
07/07/2020,51678,Lexington,"Central Shenandoah",13,0,0
07/07/2020,51680,Lynchburg,"Central Virginia",169,6,1
07/07/2020,51683,"Manassas City","Prince William",1458,105,18
07/07/2020,51685,"Manassas Park","Prince William",447,48,6
07/07/2020,51690,Martinsville,"West Piedmont",98,12,1
07/07/2020,51700,"Newport News",Peninsula,613,45,10
07/07/2020,51710,Norfolk,Norfolk,1162,116,12
07/07/2020,51720,Norton,Lenowisco,4,2,0
07/07/2020,51730,Petersburg,Crater,311,47,5
07/07/2020,51735,Poquoson,Peninsula,19,2,0
07/07/2020,51740,Portsmouth,Portsmouth,572,75,18
07/07/2020,51750,Radford,"New River",14,1,0
07/07/2020,51760,"Richmond City",Richmond,2301,228,29
07/07/2020,51770,"Roanoke City",Roanoke,502,14,10
07/07/2020,51775,Salem,Alleghany,83,3,3
07/07/2020,51790,Staunton,"Central Shenandoah",81,7,0
07/07/2020,51800,Suffolk,"Western Tidewater",470,63,38
07/07/2020,51810,"Virginia Beach","Virginia Beach",1455,124,30
07/07/2020,51820,Waynesboro,"Central Shenandoah",102,7,0
07/07/2020,51830,Williamsburg,Peninsula,75,12,6
07/07/2020,51840,Winchester,"Lord Fairfax",334,24,3
07/08/2020,51001,Accomack,"Eastern Shore",1042,72,14
07/08/2020,51003,Albemarle,"Thomas Jefferson",498,36,10
07/08/2020,51005,Alleghany,Alleghany,39,5,2
07/08/2020,51007,Amelia,Piedmont,48,11,1
07/08/2020,51009,Amherst,"Central Virginia",38,3,0
07/08/2020,51011,Appomattox,"Central Virginia",44,2,0
07/08/2020,51013,Arlington,Arlington,2558,422,132
07/08/2020,51015,Augusta,"Central Shenandoah",201,7,2
07/08/2020,51017,Bath,"Central Shenandoah",1,0,0
07/08/2020,51019,Bedford,"Central Virginia",140,2,4
07/08/2020,51021,Bland,"Mount Rogers",2,0,0
07/08/2020,51023,Botetourt,Alleghany,148,12,4
07/08/2020,51025,Brunswick,Southside,117,17,1
07/08/2020,51027,Buchanan,"Cumberland Plateau",36,0,0
07/08/2020,51029,Buckingham,Piedmont,571,21,5
07/08/2020,51031,Campbell,"Central Virginia",54,3,1
07/08/2020,51033,Caroline,Rappahannock,131,16,4
07/08/2020,51035,Carroll,"Mount Rogers",239,20,9
07/08/2020,51036,"Charles City",Chickahominy,41,14,3
07/08/2020,51037,Charlotte,Piedmont,33,4,0
07/08/2020,51041,Chesterfield,Chesterfield,3078,139,59
07/08/2020,51043,Clarke,"Lord Fairfax",59,6,0
07/08/2020,51045,Craig,Alleghany,9,0,0
07/08/2020,51047,Culpeper,"Rappahannock Rapidan",831,64,11
07/08/2020,51049,Cumberland,Piedmont,59,4,0
07/08/2020,51051,Dickenson,"Cumberland Plateau",5,0,0
07/08/2020,51053,Dinwiddie,Crater,154,23,2
07/08/2020,51057,Essex,"Three Rivers",59,4,0
07/08/2020,51059,Fairfax,Fairfax,14253,1696,495
07/08/2020,51061,Fauquier,"Rappahannock Rapidan",455,29,8
07/08/2020,51063,Floyd,"New River",20,2,1
07/08/2020,51065,Fluvanna,"Thomas Jefferson",125,26,8
07/08/2020,51067,"Franklin County","West Piedmont",104,7,1
07/08/2020,51069,Frederick,"Lord Fairfax",529,42,6
07/08/2020,51071,Giles,"New River",18,1,0
07/08/2020,51073,Gloucester,"Three Rivers",52,9,1
07/08/2020,51075,Goochland,Chickahominy,128,23,6
07/08/2020,51077,Grayson,"Mount Rogers",91,6,2
07/08/2020,51079,Greene,"Thomas Jefferson",76,7,2
07/08/2020,51081,Greensville,Crater,370,20,8
07/08/2020,51083,Halifax,Southside,70,4,1
07/08/2020,51085,Hanover,Chickahominy,456,66,31
07/08/2020,51087,Henrico,Henrico,2721,264,165
07/08/2020,51089,Henry,"West Piedmont",315,25,5
07/08/2020,51091,Highland,"Central Shenandoah",3,0,0
07/08/2020,51093,"Isle of Wight","Western Tidewater",204,16,9
07/08/2020,51095,"James City",Peninsula,313,58,16
07/08/2020,51097,"King and Queen","Three Rivers",25,4,1
07/08/2020,51099,"King George",Rappahannock,99,15,4
07/08/2020,51101,"King William","Three Rivers",47,7,1
07/08/2020,51103,Lancaster,"Three Rivers",11,1,0
07/08/2020,51105,Lee,Lenowisco,15,1,0
07/08/2020,51107,Loudoun,Loudoun,4282,283,98
07/08/2020,51109,Louisa,"Thomas Jefferson",133,15,2
07/08/2020,51111,Lunenburg,Piedmont,39,3,0
07/08/2020,51113,Madison,"Rappahannock Rapidan",46,4,1
07/08/2020,51115,Mathews,"Three Rivers",6,2,0
07/08/2020,51117,Mecklenburg,Southside,250,31,29
07/08/2020,51119,Middlesex,"Three Rivers",15,1,0
07/08/2020,51121,Montgomery,"New River",170,11,3
07/08/2020,51125,Nelson,"Thomas Jefferson",22,0,0
07/08/2020,51127,"New Kent",Chickahominy,62,7,1
07/08/2020,51131,Northampton,"Eastern Shore",272,41,28
07/08/2020,51133,Northumberland,"Three Rivers",37,0,1
07/08/2020,51135,Nottoway,Piedmont,115,28,3
07/08/2020,51137,Orange,"Rappahannock Rapidan",154,14,3
07/08/2020,51139,Page,"Lord Fairfax",293,30,23
07/08/2020,51141,Patrick,"West Piedmont",48,4,1
07/08/2020,51143,Pittsylvania,Pittsylvania-Danville,146,23,1
07/08/2020,51145,Powhatan,Chesterfield,86,7,2
07/08/2020,51147,"Prince Edward",Piedmont,219,24,6
07/08/2020,51149,"Prince George",Crater,254,12,2
07/08/2020,51153,"Prince William","Prince William",7664,695,151
07/08/2020,51155,Pulaski,"New River",48,7,2
07/08/2020,51157,Rappahannock,"Rappahannock Rapidan",31,3,0
07/08/2020,51159,"Richmond County","Three Rivers",299,13,4
07/08/2020,51161,"Roanoke County",Alleghany,296,11,6
07/08/2020,51163,Rockbridge,"Central Shenandoah",33,0,0
07/08/2020,51165,Rockingham,"Central Shenandoah",758,80,11
07/08/2020,51167,Russell,"Cumberland Plateau",15,2,0
07/08/2020,51169,Scott,Lenowisco,11,2,2
07/08/2020,51171,Shenandoah,"Lord Fairfax",601,67,34
07/08/2020,51173,Smyth,"Mount Rogers",42,5,1
07/08/2020,51175,Southampton,"Western Tidewater",166,8,8
07/08/2020,51177,Spotsylvania,Rappahannock,1053,81,31
07/08/2020,51179,Stafford,Rappahannock,1029,99,5
07/08/2020,51181,Surry,Crater,17,4,1
07/08/2020,51183,Sussex,Crater,212,14,5
07/08/2020,51185,Tazewell,"Cumberland Plateau",23,0,0
07/08/2020,51187,Warren,"Lord Fairfax",302,18,8
07/08/2020,51191,Washington,"Mount Rogers",70,8,4
07/08/2020,51193,Westmoreland,"Three Rivers",118,13,2
07/08/2020,51195,Wise,Lenowisco,33,12,2
07/08/2020,51197,Wythe,"Mount Rogers",57,6,1
07/08/2020,51199,York,Peninsula,135,10,3
07/08/2020,51510,Alexandria,Alexandria,2408,242,57
07/08/2020,51520,Bristol,"Mount Rogers",7,1,0
07/08/2020,51530,"Buena Vista City","Central Shenandoah",16,1,0
07/08/2020,51540,Charlottesville,"Thomas Jefferson",241,17,7
07/08/2020,51550,Chesapeake,Chesapeake,1088,155,22
07/08/2020,51570,"Colonial Heights",Chesterfield,151,15,18
07/08/2020,51580,Covington,Alleghany,5,0,0
07/08/2020,51590,Danville,Pittsylvania-Danville,101,20,2
07/08/2020,51595,Emporia,Crater,145,23,15
07/08/2020,51600,"Fairfax City",Fairfax,72,6,7
07/08/2020,51610,"Falls Church",Fairfax,54,11,8
07/08/2020,51620,"Franklin City","Western Tidewater",61,5,2
07/08/2020,51630,Fredericksburg,Rappahannock,263,26,0
07/08/2020,51640,Galax,"Mount Rogers",282,30,16
07/08/2020,51650,Hampton,Hampton,409,41,5
07/08/2020,51660,Harrisonburg,"Central Shenandoah",972,72,28
07/08/2020,51670,Hopewell,Crater,191,19,4
07/08/2020,51678,Lexington,"Central Shenandoah",13,1,0
07/08/2020,51680,Lynchburg,"Central Virginia",169,6,1
07/08/2020,51683,"Manassas City","Prince William",1464,105,18
07/08/2020,51685,"Manassas Park","Prince William",449,47,6
07/08/2020,51690,Martinsville,"West Piedmont",101,13,1
07/08/2020,51700,"Newport News",Peninsula,634,45,10
07/08/2020,51710,Norfolk,Norfolk,1194,119,14
07/08/2020,51720,Norton,Lenowisco,4,2,0
07/08/2020,51730,Petersburg,Crater,313,48,7
07/08/2020,51735,Poquoson,Peninsula,19,2,0
07/08/2020,51740,Portsmouth,Portsmouth,593,79,18
07/08/2020,51750,Radford,"New River",15,1,0
07/08/2020,51760,"Richmond City",Richmond,2321,230,29
07/08/2020,51770,"Roanoke City",Roanoke,525,14,10
07/08/2020,51775,Salem,Alleghany,83,3,3
07/08/2020,51790,Staunton,"Central Shenandoah",84,8,0
07/08/2020,51800,Suffolk,"Western Tidewater",487,64,38
07/08/2020,51810,"Virginia Beach","Virginia Beach",1520,128,30
07/08/2020,51820,Waynesboro,"Central Shenandoah",113,7,0
07/08/2020,51830,Williamsburg,Peninsula,77,12,6
07/08/2020,51840,Winchester,"Lord Fairfax",334,25,3
07/09/2020,51001,Accomack,"Eastern Shore",1042,72,14
07/09/2020,51003,Albemarle,"Thomas Jefferson",512,36,10
07/09/2020,51005,Alleghany,Alleghany,39,5,2
07/09/2020,51007,Amelia,Piedmont,49,11,1
07/09/2020,51009,Amherst,"Central Virginia",38,3,0
07/09/2020,51011,Appomattox,"Central Virginia",44,2,0
07/09/2020,51013,Arlington,Arlington,2567,423,132
07/09/2020,51015,Augusta,"Central Shenandoah",200,7,2
07/09/2020,51017,Bath,"Central Shenandoah",1,0,0
07/09/2020,51019,Bedford,"Central Virginia",142,2,4
07/09/2020,51021,Bland,"Mount Rogers",2,0,0
07/09/2020,51023,Botetourt,Alleghany,150,12,4
07/09/2020,51025,Brunswick,Southside,116,18,1
07/09/2020,51027,Buchanan,"Cumberland Plateau",38,0,0
07/09/2020,51029,Buckingham,Piedmont,572,21,6
07/09/2020,51031,Campbell,"Central Virginia",54,3,1
07/09/2020,51033,Caroline,Rappahannock,132,16,4
07/09/2020,51035,Carroll,"Mount Rogers",241,21,9
07/09/2020,51036,"Charles City",Chickahominy,41,14,3
07/09/2020,51037,Charlotte,Piedmont,33,4,0
07/09/2020,51041,Chesterfield,Chesterfield,3108,142,61
07/09/2020,51043,Clarke,"Lord Fairfax",58,6,0
07/09/2020,51045,Craig,Alleghany,9,0,0
07/09/2020,51047,Culpeper,"Rappahannock Rapidan",837,64,12
07/09/2020,51049,Cumberland,Piedmont,59,4,0
07/09/2020,51051,Dickenson,"Cumberland Plateau",5,0,0
07/09/2020,51053,Dinwiddie,Crater,154,23,2
07/09/2020,51057,Essex,"Three Rivers",64,4,0
07/09/2020,51059,Fairfax,Fairfax,14284,1701,497
07/09/2020,51061,Fauquier,"Rappahannock Rapidan",460,29,8
07/09/2020,51063,Floyd,"New River",20,2,1
07/09/2020,51065,Fluvanna,"Thomas Jefferson",126,26,8
07/09/2020,51067,"Franklin County","West Piedmont",106,7,1
07/09/2020,51069,Frederick,"Lord Fairfax",534,42,6
07/09/2020,51071,Giles,"New River",18,1,0
07/09/2020,51073,Gloucester,"Three Rivers",64,10,1
07/09/2020,51075,Goochland,Chickahominy,129,24,6
07/09/2020,51077,Grayson,"Mount Rogers",91,6,4
07/09/2020,51079,Greene,"Thomas Jefferson",78,7,2
07/09/2020,51081,Greensville,Crater,373,20,8
07/09/2020,51083,Halifax,Southside,73,4,1
07/09/2020,51085,Hanover,Chickahominy,459,67,31
07/09/2020,51087,Henrico,Henrico,2725,265,169
07/09/2020,51089,Henry,"West Piedmont",330,29,5
07/09/2020,51091,Highland,"Central Shenandoah",3,0,0
07/09/2020,51093,"Isle of Wight","Western Tidewater",209,16,9
07/09/2020,51095,"James City",Peninsula,323,58,16
07/09/2020,51097,"King and Queen","Three Rivers",26,4,1
07/09/2020,51099,"King George",Rappahannock,102,15,4
07/09/2020,51101,"King William","Three Rivers",54,7,1
07/09/2020,51103,Lancaster,"Three Rivers",12,1,0
07/09/2020,51105,Lee,Lenowisco,15,1,0
07/09/2020,51107,Loudoun,Loudoun,4319,286,99
07/09/2020,51109,Louisa,"Thomas Jefferson",134,15,2
07/09/2020,51111,Lunenburg,Piedmont,39,3,0
07/09/2020,51113,Madison,"Rappahannock Rapidan",46,4,1
07/09/2020,51115,Mathews,"Three Rivers",7,2,0
07/09/2020,51117,Mecklenburg,Southside,252,31,29
07/09/2020,51119,Middlesex,"Three Rivers",15,1,0
07/09/2020,51121,Montgomery,"New River",172,12,3
07/09/2020,51125,Nelson,"Thomas Jefferson",22,0,0
07/09/2020,51127,"New Kent",Chickahominy,62,7,1
07/09/2020,51131,Northampton,"Eastern Shore",272,41,28
07/09/2020,51133,Northumberland,"Three Rivers",37,0,1
07/09/2020,51135,Nottoway,Piedmont,114,30,4
07/09/2020,51137,Orange,"Rappahannock Rapidan",155,14,3
07/09/2020,51139,Page,"Lord Fairfax",295,30,23
07/09/2020,51141,Patrick,"West Piedmont",48,4,1
07/09/2020,51143,Pittsylvania,Pittsylvania-Danville,146,23,1
07/09/2020,51145,Powhatan,Chesterfield,86,7,2
07/09/2020,51147,"Prince Edward",Piedmont,234,24,6
07/09/2020,51149,"Prince George",Crater,254,12,2
07/09/2020,51153,"Prince William","Prince William",7687,695,155
07/09/2020,51155,Pulaski,"New River",48,7,2
07/09/2020,51157,Rappahannock,"Rappahannock Rapidan",31,3,0
07/09/2020,51159,"Richmond County","Three Rivers",304,13,4
07/09/2020,51161,"Roanoke County",Alleghany,301,11,6
07/09/2020,51163,Rockbridge,"Central Shenandoah",33,0,0
07/09/2020,51165,Rockingham,"Central Shenandoah",763,80,12
07/09/2020,51167,Russell,"Cumberland Plateau",15,2,0
07/09/2020,51169,Scott,Lenowisco,11,2,2
07/09/2020,51171,Shenandoah,"Lord Fairfax",604,67,35
07/09/2020,51173,Smyth,"Mount Rogers",42,5,1
07/09/2020,51175,Southampton,"Western Tidewater",168,8,9
07/09/2020,51177,Spotsylvania,Rappahannock,1060,82,31
07/09/2020,51179,Stafford,Rappahannock,1038,102,6
07/09/2020,51181,Surry,Crater,17,4,1
07/09/2020,51183,Sussex,Crater,210,15,7
07/09/2020,51185,Tazewell,"Cumberland Plateau",23,0,0
07/09/2020,51187,Warren,"Lord Fairfax",303,18,7
07/09/2020,51191,Washington,"Mount Rogers",74,8,4
07/09/2020,51193,Westmoreland,"Three Rivers",124,13,2
07/09/2020,51195,Wise,Lenowisco,34,12,2
07/09/2020,51197,Wythe,"Mount Rogers",57,6,1
07/09/2020,51199,York,Peninsula,140,10,3
07/09/2020,51510,Alexandria,Alexandria,2419,244,57
07/09/2020,51520,Bristol,"Mount Rogers",8,1,0
07/09/2020,51530,"Buena Vista City","Central Shenandoah",15,1,0
07/09/2020,51540,Charlottesville,"Thomas Jefferson",251,17,7
07/09/2020,51550,Chesapeake,Chesapeake,1117,155,22
07/09/2020,51570,"Colonial Heights",Chesterfield,151,18,20
07/09/2020,51580,Covington,Alleghany,5,0,0
07/09/2020,51590,Danville,Pittsylvania-Danville,102,20,2
07/09/2020,51595,Emporia,Crater,147,23,15
07/09/2020,51600,"Fairfax City",Fairfax,72,6,7
07/09/2020,51610,"Falls Church",Fairfax,53,10,7
07/09/2020,51620,"Franklin City","Western Tidewater",66,5,3
07/09/2020,51630,Fredericksburg,Rappahannock,264,26,0
07/09/2020,51640,Galax,"Mount Rogers",282,30,16
07/09/2020,51650,Hampton,Hampton,424,40,4
07/09/2020,51660,Harrisonburg,"Central Shenandoah",975,72,28
07/09/2020,51670,Hopewell,Crater,192,19,5
07/09/2020,51678,Lexington,"Central Shenandoah",12,1,0
07/09/2020,51680,Lynchburg,"Central Virginia",169,6,1
07/09/2020,51683,"Manassas City","Prince William",1464,105,18
07/09/2020,51685,"Manassas Park","Prince William",451,47,6
07/09/2020,51690,Martinsville,"West Piedmont",104,13,1
07/09/2020,51700,"Newport News",Peninsula,659,46,10
07/09/2020,51710,Norfolk,Norfolk,1289,120,14
07/09/2020,51720,Norton,Lenowisco,4,2,0
07/09/2020,51730,Petersburg,Crater,314,48,8
07/09/2020,51735,Poquoson,Peninsula,20,2,0
07/09/2020,51740,Portsmouth,Portsmouth,605,82,18
07/09/2020,51750,Radford,"New River",16,1,0
07/09/2020,51760,"Richmond City",Richmond,2333,236,33
07/09/2020,51770,"Roanoke City",Roanoke,542,14,10
07/09/2020,51775,Salem,Alleghany,84,3,3
07/09/2020,51790,Staunton,"Central Shenandoah",85,8,0
07/09/2020,51800,Suffolk,"Western Tidewater",504,66,40
07/09/2020,51810,"Virginia Beach","Virginia Beach",1547,130,30
07/09/2020,51820,Waynesboro,"Central Shenandoah",114,7,0
07/09/2020,51830,Williamsburg,Peninsula,78,12,6
07/09/2020,51840,Winchester,"Lord Fairfax",334,25,3
07/10/2020,51001,Accomack,"Eastern Shore",1042,72,14
07/10/2020,51003,Albemarle,"Thomas Jefferson",520,36,10
07/10/2020,51005,Alleghany,Alleghany,39,5,2
07/10/2020,51007,Amelia,Piedmont,49,12,1
07/10/2020,51009,Amherst,"Central Virginia",38,3,0
07/10/2020,51011,Appomattox,"Central Virginia",46,2,0
07/10/2020,51013,Arlington,Arlington,2582,425,133
07/10/2020,51015,Augusta,"Central Shenandoah",204,7,2
07/10/2020,51017,Bath,"Central Shenandoah",1,0,0
07/10/2020,51019,Bedford,"Central Virginia",144,2,4
07/10/2020,51021,Bland,"Mount Rogers",3,0,0
07/10/2020,51023,Botetourt,Alleghany,151,12,4
07/10/2020,51025,Brunswick,Southside,123,19,1
07/10/2020,51027,Buchanan,"Cumberland Plateau",39,1,0
07/10/2020,51029,Buckingham,Piedmont,574,21,6
07/10/2020,51031,Campbell,"Central Virginia",56,3,1
07/10/2020,51033,Caroline,Rappahannock,135,17,4
07/10/2020,51035,Carroll,"Mount Rogers",244,21,9
07/10/2020,51036,"Charles City",Chickahominy,41,14,3
07/10/2020,51037,Charlotte,Piedmont,35,4,0
07/10/2020,51041,Chesterfield,Chesterfield,3135,143,62
07/10/2020,51043,Clarke,"Lord Fairfax",58,6,0
07/10/2020,51045,Craig,Alleghany,9,0,0
07/10/2020,51047,Culpeper,"Rappahannock Rapidan",841,66,12
07/10/2020,51049,Cumberland,Piedmont,59,4,0
07/10/2020,51051,Dickenson,"Cumberland Plateau",5,0,0
07/10/2020,51053,Dinwiddie,Crater,154,23,2
07/10/2020,51057,Essex,"Three Rivers",63,4,0
07/10/2020,51059,Fairfax,Fairfax,14356,1702,499
07/10/2020,51061,Fauquier,"Rappahannock Rapidan",471,29,8
07/10/2020,51063,Floyd,"New River",20,2,1
07/10/2020,51065,Fluvanna,"Thomas Jefferson",128,27,8
07/10/2020,51067,"Franklin County","West Piedmont",105,7,1
07/10/2020,51069,Frederick,"Lord Fairfax",536,42,6
07/10/2020,51071,Giles,"New River",18,1,0
07/10/2020,51073,Gloucester,"Three Rivers",65,11,1
07/10/2020,51075,Goochland,Chickahominy,129,24,6
07/10/2020,51077,Grayson,"Mount Rogers",91,6,4
07/10/2020,51079,Greene,"Thomas Jefferson",80,7,2
07/10/2020,51081,Greensville,Crater,374,21,9
07/10/2020,51083,Halifax,Southside,76,4,1
07/10/2020,51085,Hanover,Chickahominy,467,68,31
07/10/2020,51087,Henrico,Henrico,2784,268,172
07/10/2020,51089,Henry,"West Piedmont",339,30,5
07/10/2020,51091,Highland,"Central Shenandoah",3,0,0
07/10/2020,51093,"Isle of Wight","Western Tidewater",215,16,9
07/10/2020,51095,"James City",Peninsula,332,58,16
07/10/2020,51097,"King and Queen","Three Rivers",26,4,1
07/10/2020,51099,"King George",Rappahannock,104,15,4
07/10/2020,51101,"King William","Three Rivers",54,7,2
07/10/2020,51103,Lancaster,"Three Rivers",12,1,0
07/10/2020,51105,Lee,Lenowisco,17,1,0
07/10/2020,51107,Loudoun,Loudoun,4349,288,99
07/10/2020,51109,Louisa,"Thomas Jefferson",134,15,2
07/10/2020,51111,Lunenburg,Piedmont,40,3,0
07/10/2020,51113,Madison,"Rappahannock Rapidan",46,4,1
07/10/2020,51115,Mathews,"Three Rivers",7,2,0
07/10/2020,51117,Mecklenburg,Southside,253,31,29
07/10/2020,51119,Middlesex,"Three Rivers",16,1,0
07/10/2020,51121,Montgomery,"New River",177,12,3
07/10/2020,51125,Nelson,"Thomas Jefferson",22,0,0
07/10/2020,51127,"New Kent",Chickahominy,63,7,1
07/10/2020,51131,Northampton,"Eastern Shore",273,41,28
07/10/2020,51133,Northumberland,"Three Rivers",38,0,1
07/10/2020,51135,Nottoway,Piedmont,117,34,5
07/10/2020,51137,Orange,"Rappahannock Rapidan",158,14,3
07/10/2020,51139,Page,"Lord Fairfax",296,30,23
07/10/2020,51141,Patrick,"West Piedmont",48,4,1
07/10/2020,51143,Pittsylvania,Pittsylvania-Danville,148,23,2
07/10/2020,51145,Powhatan,Chesterfield,87,8,2
07/10/2020,51147,"Prince Edward",Piedmont,236,25,6
07/10/2020,51149,"Prince George",Crater,255,12,2
07/10/2020,51153,"Prince William","Prince William",7742,696,156
07/10/2020,51155,Pulaski,"New River",51,7,2
07/10/2020,51157,Rappahannock,"Rappahannock Rapidan",31,3,0
07/10/2020,51159,"Richmond County","Three Rivers",308,14,6
07/10/2020,51161,"Roanoke County",Alleghany,309,11,6
07/10/2020,51163,Rockbridge,"Central Shenandoah",32,0,0
07/10/2020,51165,Rockingham,"Central Shenandoah",771,81,12
07/10/2020,51167,Russell,"Cumberland Plateau",18,3,0
07/10/2020,51169,Scott,Lenowisco,11,2,2
07/10/2020,51171,Shenandoah,"Lord Fairfax",606,67,35
07/10/2020,51173,Smyth,"Mount Rogers",43,5,1
07/10/2020,51175,Southampton,"Western Tidewater",170,8,10
07/10/2020,51177,Spotsylvania,Rappahannock,1077,83,31
07/10/2020,51179,Stafford,Rappahannock,1048,103,6
07/10/2020,51181,Surry,Crater,17,4,1
07/10/2020,51183,Sussex,Crater,211,15,7
07/10/2020,51185,Tazewell,"Cumberland Plateau",24,0,0
07/10/2020,51187,Warren,"Lord Fairfax",304,19,8
07/10/2020,51191,Washington,"Mount Rogers",76,8,4
07/10/2020,51193,Westmoreland,"Three Rivers",171,14,2
07/10/2020,51195,Wise,Lenowisco,36,12,2
07/10/2020,51197,Wythe,"Mount Rogers",57,6,1
07/10/2020,51199,York,Peninsula,144,10,3
07/10/2020,51510,Alexandria,Alexandria,2439,247,57
07/10/2020,51520,Bristol,"Mount Rogers",10,1,0
07/10/2020,51530,"Buena Vista City","Central Shenandoah",18,1,0
07/10/2020,51540,Charlottesville,"Thomas Jefferson",260,17,7
07/10/2020,51550,Chesapeake,Chesapeake,1162,156,22
07/10/2020,51570,"Colonial Heights",Chesterfield,152,19,20
07/10/2020,51580,Covington,Alleghany,5,0,0
07/10/2020,51590,Danville,Pittsylvania-Danville,104,20,2
07/10/2020,51595,Emporia,Crater,147,23,15
07/10/2020,51600,"Fairfax City",Fairfax,72,6,7
07/10/2020,51610,"Falls Church",Fairfax,51,10,7
07/10/2020,51620,"Franklin City","Western Tidewater",69,5,3
07/10/2020,51630,Fredericksburg,Rappahannock,264,26,0
07/10/2020,51640,Galax,"Mount Rogers",283,30,16
07/10/2020,51650,Hampton,Hampton,454,40,4
07/10/2020,51660,Harrisonburg,"Central Shenandoah",976,72,28
07/10/2020,51670,Hopewell,Crater,193,19,5
07/10/2020,51678,Lexington,"Central Shenandoah",13,1,0
07/10/2020,51680,Lynchburg,"Central Virginia",177,6,1
07/10/2020,51683,"Manassas City","Prince William",1472,105,18
07/10/2020,51685,"Manassas Park","Prince William",455,47,6
07/10/2020,51690,Martinsville,"West Piedmont",107,15,1
07/10/2020,51700,"Newport News",Peninsula,679,46,10
07/10/2020,51710,Norfolk,Norfolk,1360,123,15
07/10/2020,51720,Norton,Lenowisco,4,2,0
07/10/2020,51730,Petersburg,Crater,320,48,8
07/10/2020,51735,Poquoson,Peninsula,20,2,0
07/10/2020,51740,Portsmouth,Portsmouth,627,83,18
07/10/2020,51750,Radford,"New River",16,1,0
07/10/2020,51760,"Richmond City",Richmond,2361,237,35
07/10/2020,51770,"Roanoke City",Roanoke,552,14,10
07/10/2020,51775,Salem,Alleghany,87,3,3
07/10/2020,51790,Staunton,"Central Shenandoah",90,8,0
07/10/2020,51800,Suffolk,"Western Tidewater",526,67,42
07/10/2020,51810,"Virginia Beach","Virginia Beach",1663,133,30
07/10/2020,51820,Waynesboro,"Central Shenandoah",117,7,0
07/10/2020,51830,Williamsburg,Peninsula,78,12,6
07/10/2020,51840,Winchester,"Lord Fairfax",336,25,3
07/11/2020,51001,Accomack,"Eastern Shore",1042,72,14
07/11/2020,51003,Albemarle,"Thomas Jefferson",533,37,10
07/11/2020,51005,Alleghany,Alleghany,40,5,2
07/11/2020,51007,Amelia,Piedmont,49,12,1
07/11/2020,51009,Amherst,"Central Virginia",40,3,0
07/11/2020,51011,Appomattox,"Central Virginia",47,2,0
07/11/2020,51013,Arlington,Arlington,2597,425,134
07/11/2020,51015,Augusta,"Central Shenandoah",205,7,2
07/11/2020,51017,Bath,"Central Shenandoah",1,0,0
07/11/2020,51019,Bedford,"Central Virginia",156,2,4
07/11/2020,51021,Bland,"Mount Rogers",3,0,0
07/11/2020,51023,Botetourt,Alleghany,152,12,4
07/11/2020,51025,Brunswick,Southside,127,19,1
07/11/2020,51027,Buchanan,"Cumberland Plateau",39,1,0
07/11/2020,51029,Buckingham,Piedmont,576,21,6
07/11/2020,51031,Campbell,"Central Virginia",63,3,1
07/11/2020,51033,Caroline,Rappahannock,137,17,4
07/11/2020,51035,Carroll,"Mount Rogers",245,21,9
07/11/2020,51036,"Charles City",Chickahominy,41,14,3
07/11/2020,51037,Charlotte,Piedmont,36,5,0
07/11/2020,51041,Chesterfield,Chesterfield,3169,146,62
07/11/2020,51043,Clarke,"Lord Fairfax",60,6,0
07/11/2020,51045,Craig,Alleghany,9,0,0
07/11/2020,51047,Culpeper,"Rappahannock Rapidan",852,66,12
07/11/2020,51049,Cumberland,Piedmont,59,4,0
07/11/2020,51051,Dickenson,"Cumberland Plateau",5,0,0
07/11/2020,51053,Dinwiddie,Crater,154,23,2
07/11/2020,51057,Essex,"Three Rivers",63,4,0
07/11/2020,51059,Fairfax,Fairfax,14403,1707,498
07/11/2020,51061,Fauquier,"Rappahannock Rapidan",476,30,8
07/11/2020,51063,Floyd,"New River",20,2,1
07/11/2020,51065,Fluvanna,"Thomas Jefferson",130,27,8
07/11/2020,51067,"Franklin County","West Piedmont",106,7,1
07/11/2020,51069,Frederick,"Lord Fairfax",543,42,6
07/11/2020,51071,Giles,"New River",18,1,0
07/11/2020,51073,Gloucester,"Three Rivers",67,11,1
07/11/2020,51075,Goochland,Chickahominy,129,24,6
07/11/2020,51077,Grayson,"Mount Rogers",91,6,4
07/11/2020,51079,Greene,"Thomas Jefferson",80,7,2
07/11/2020,51081,Greensville,Crater,375,21,9
07/11/2020,51083,Halifax,Southside,80,5,1
07/11/2020,51085,Hanover,Chickahominy,469,69,31
07/11/2020,51087,Henrico,Henrico,2822,268,173
07/11/2020,51089,Henry,"West Piedmont",350,31,5
07/11/2020,51091,Highland,"Central Shenandoah",3,0,0
07/11/2020,51093,"Isle of Wight","Western Tidewater",222,16,9
07/11/2020,51095,"James City",Peninsula,336,58,16
07/11/2020,51097,"King and Queen","Three Rivers",26,4,1
07/11/2020,51099,"King George",Rappahannock,105,15,4
07/11/2020,51101,"King William","Three Rivers",54,7,2
07/11/2020,51103,Lancaster,"Three Rivers",13,1,0
07/11/2020,51105,Lee,Lenowisco,17,1,0
07/11/2020,51107,Loudoun,Loudoun,4373,289,99
07/11/2020,51109,Louisa,"Thomas Jefferson",135,15,2
07/11/2020,51111,Lunenburg,Piedmont,40,4,0
07/11/2020,51113,Madison,"Rappahannock Rapidan",47,4,1
07/11/2020,51115,Mathews,"Three Rivers",7,2,0
07/11/2020,51117,Mecklenburg,Southside,257,31,29
07/11/2020,51119,Middlesex,"Three Rivers",17,1,0
07/11/2020,51121,Montgomery,"New River",182,12,3
07/11/2020,51125,Nelson,"Thomas Jefferson",25,0,0
07/11/2020,51127,"New Kent",Chickahominy,68,7,1
07/11/2020,51131,Northampton,"Eastern Shore",274,41,28
07/11/2020,51133,Northumberland,"Three Rivers",40,0,1
07/11/2020,51135,Nottoway,Piedmont,120,35,5
07/11/2020,51137,Orange,"Rappahannock Rapidan",159,14,3
07/11/2020,51139,Page,"Lord Fairfax",298,30,23
07/11/2020,51141,Patrick,"West Piedmont",48,4,1
07/11/2020,51143,Pittsylvania,Pittsylvania-Danville,159,23,2
07/11/2020,51145,Powhatan,Chesterfield,91,8,2
07/11/2020,51147,"Prince Edward",Piedmont,237,26,6
07/11/2020,51149,"Prince George",Crater,258,12,2
07/11/2020,51153,"Prince William","Prince William",7769,697,156
07/11/2020,51155,Pulaski,"New River",51,7,2
07/11/2020,51157,Rappahannock,"Rappahannock Rapidan",32,3,1
07/11/2020,51159,"Richmond County","Three Rivers",311,14,6
07/11/2020,51161,"Roanoke County",Alleghany,311,11,6
07/11/2020,51163,Rockbridge,"Central Shenandoah",34,0,0
07/11/2020,51165,Rockingham,"Central Shenandoah",778,81,12
07/11/2020,51167,Russell,"Cumberland Plateau",21,2,0
07/11/2020,51169,Scott,Lenowisco,11,2,2
07/11/2020,51171,Shenandoah,"Lord Fairfax",609,67,35
07/11/2020,51173,Smyth,"Mount Rogers",43,5,1
07/11/2020,51175,Southampton,"Western Tidewater",173,8,10
07/11/2020,51177,Spotsylvania,Rappahannock,1076,82,31
07/11/2020,51179,Stafford,Rappahannock,1056,104,6
07/11/2020,51181,Surry,Crater,18,4,1
07/11/2020,51183,Sussex,Crater,211,15,7
07/11/2020,51185,Tazewell,"Cumberland Plateau",26,0,0
07/11/2020,51187,Warren,"Lord Fairfax",308,19,8
07/11/2020,51191,Washington,"Mount Rogers",80,9,4
07/11/2020,51193,Westmoreland,"Three Rivers",183,14,2
07/11/2020,51195,Wise,Lenowisco,38,12,2
07/11/2020,51197,Wythe,"Mount Rogers",57,6,1
07/11/2020,51199,York,Peninsula,149,10,3
07/11/2020,51510,Alexandria,Alexandria,2453,248,57
07/11/2020,51520,Bristol,"Mount Rogers",12,1,0
07/11/2020,51530,"Buena Vista City","Central Shenandoah",18,1,0
07/11/2020,51540,Charlottesville,"Thomas Jefferson",270,17,7
07/11/2020,51550,Chesapeake,Chesapeake,1204,157,22
07/11/2020,51570,"Colonial Heights",Chesterfield,156,19,20
07/11/2020,51580,Covington,Alleghany,5,0,0
07/11/2020,51590,Danville,Pittsylvania-Danville,113,20,2
07/11/2020,51595,Emporia,Crater,146,23,15
07/11/2020,51600,"Fairfax City",Fairfax,72,6,7
07/11/2020,51610,"Falls Church",Fairfax,53,10,7
07/11/2020,51620,"Franklin City","Western Tidewater",70,5,3
07/11/2020,51630,Fredericksburg,Rappahannock,277,27,0
07/11/2020,51640,Galax,"Mount Rogers",287,30,16
07/11/2020,51650,Hampton,Hampton,469,40,4
07/11/2020,51660,Harrisonburg,"Central Shenandoah",978,73,28
07/11/2020,51670,Hopewell,Crater,198,20,5
07/11/2020,51678,Lexington,"Central Shenandoah",16,1,0
07/11/2020,51680,Lynchburg,"Central Virginia",187,6,1
07/11/2020,51683,"Manassas City","Prince William",1482,106,19
07/11/2020,51685,"Manassas Park","Prince William",457,47,6
07/11/2020,51690,Martinsville,"West Piedmont",112,15,1
07/11/2020,51700,"Newport News",Peninsula,693,47,10
07/11/2020,51710,Norfolk,Norfolk,1448,125,15
07/11/2020,51720,Norton,Lenowisco,4,2,0
07/11/2020,51730,Petersburg,Crater,331,48,8
07/11/2020,51735,Poquoson,Peninsula,20,2,0
07/11/2020,51740,Portsmouth,Portsmouth,662,86,19
07/11/2020,51750,Radford,"New River",16,1,0
07/11/2020,51760,"Richmond City",Richmond,2386,237,35
07/11/2020,51770,"Roanoke City",Roanoke,557,14,10
07/11/2020,51775,Salem,Alleghany,87,3,3
07/11/2020,51790,Staunton,"Central Shenandoah",95,8,0
07/11/2020,51800,Suffolk,"Western Tidewater",535,67,42
07/11/2020,51810,"Virginia Beach","Virginia Beach",1759,134,30
07/11/2020,51820,Waynesboro,"Central Shenandoah",121,7,0
07/11/2020,51830,Williamsburg,Peninsula,78,12,6
07/11/2020,51840,Winchester,"Lord Fairfax",340,25,3
07/12/2020,51001,Accomack,"Eastern Shore",1042,72,14
07/12/2020,51003,Albemarle,"Thomas Jefferson",552,37,10
07/12/2020,51005,Alleghany,Alleghany,52,5,2
07/12/2020,51007,Amelia,Piedmont,50,12,1
07/12/2020,51009,Amherst,"Central Virginia",40,3,0
07/12/2020,51011,Appomattox,"Central Virginia",47,2,0
07/12/2020,51013,Arlington,Arlington,2615,425,134
07/12/2020,51015,Augusta,"Central Shenandoah",208,7,2
07/12/2020,51017,Bath,"Central Shenandoah",1,0,0
07/12/2020,51019,Bedford,"Central Virginia",162,2,4
07/12/2020,51021,Bland,"Mount Rogers",3,0,0
07/12/2020,51023,Botetourt,Alleghany,155,12,4
07/12/2020,51025,Brunswick,Southside,130,21,1
07/12/2020,51027,Buchanan,"Cumberland Plateau",39,1,0
07/12/2020,51029,Buckingham,Piedmont,577,21,6
07/12/2020,51031,Campbell,"Central Virginia",65,3,1
07/12/2020,51033,Caroline,Rappahannock,140,17,4
07/12/2020,51035,Carroll,"Mount Rogers",249,21,9
07/12/2020,51036,"Charles City",Chickahominy,41,14,3
07/12/2020,51037,Charlotte,Piedmont,36,5,0
07/12/2020,51041,Chesterfield,Chesterfield,3189,147,62
07/12/2020,51043,Clarke,"Lord Fairfax",60,6,0
07/12/2020,51045,Craig,Alleghany,9,0,0
07/12/2020,51047,Culpeper,"Rappahannock Rapidan",853,66,12
07/12/2020,51049,Cumberland,Piedmont,59,4,0
07/12/2020,51051,Dickenson,"Cumberland Plateau",6,0,0
07/12/2020,51053,Dinwiddie,Crater,156,23,2
07/12/2020,51057,Essex,"Three Rivers",63,4,0
07/12/2020,51059,Fairfax,Fairfax,14482,1712,500
07/12/2020,51061,Fauquier,"Rappahannock Rapidan",492,31,8
07/12/2020,51063,Floyd,"New River",20,2,1
07/12/2020,51065,Fluvanna,"Thomas Jefferson",134,28,8
07/12/2020,51067,"Franklin County","West Piedmont",106,7,1
07/12/2020,51069,Frederick,"Lord Fairfax",551,42,6
07/12/2020,51071,Giles,"New River",18,1,0
07/12/2020,51073,Gloucester,"Three Rivers",67,11,1
07/12/2020,51075,Goochland,Chickahominy,130,24,6
07/12/2020,51077,Grayson,"Mount Rogers",92,6,4
07/12/2020,51079,Greene,"Thomas Jefferson",84,7,2
07/12/2020,51081,Greensville,Crater,376,21,9
07/12/2020,51083,Halifax,Southside,83,5,1
07/12/2020,51085,Hanover,Chickahominy,476,70,31
07/12/2020,51087,Henrico,Henrico,2860,269,173
07/12/2020,51089,Henry,"West Piedmont",350,31,5
07/12/2020,51091,Highland,"Central Shenandoah",3,0,0
07/12/2020,51093,"Isle of Wight","Western Tidewater",224,16,9
07/12/2020,51095,"James City",Peninsula,341,58,16
07/12/2020,51097,"King and Queen","Three Rivers",27,4,1
07/12/2020,51099,"King George",Rappahannock,105,15,4
07/12/2020,51101,"King William","Three Rivers",54,7,2
07/12/2020,51103,Lancaster,"Three Rivers",13,1,0
07/12/2020,51105,Lee,Lenowisco,19,1,0
07/12/2020,51107,Loudoun,Loudoun,4407,289,99
07/12/2020,51109,Louisa,"Thomas Jefferson",137,15,2
07/12/2020,51111,Lunenburg,Piedmont,41,4,0
07/12/2020,51113,Madison,"Rappahannock Rapidan",47,4,1
07/12/2020,51115,Mathews,"Three Rivers",7,2,0
07/12/2020,51117,Mecklenburg,Southside,257,31,29
07/12/2020,51119,Middlesex,"Three Rivers",17,1,0
07/12/2020,51121,Montgomery,"New River",191,12,3
07/12/2020,51125,Nelson,"Thomas Jefferson",25,0,0
07/12/2020,51127,"New Kent",Chickahominy,73,7,1
07/12/2020,51131,Northampton,"Eastern Shore",274,41,28
07/12/2020,51133,Northumberland,"Three Rivers",40,0,1
07/12/2020,51135,Nottoway,Piedmont,120,35,5
07/12/2020,51137,Orange,"Rappahannock Rapidan",160,14,3
07/12/2020,51139,Page,"Lord Fairfax",299,30,23
07/12/2020,51141,Patrick,"West Piedmont",48,4,1
07/12/2020,51143,Pittsylvania,Pittsylvania-Danville,171,23,2
07/12/2020,51145,Powhatan,Chesterfield,92,8,2
07/12/2020,51147,"Prince Edward",Piedmont,237,26,6
07/12/2020,51149,"Prince George",Crater,262,12,2
07/12/2020,51153,"Prince William","Prince William",7809,705,157
07/12/2020,51155,Pulaski,"New River",51,7,2
07/12/2020,51157,Rappahannock,"Rappahannock Rapidan",32,3,1
07/12/2020,51159,"Richmond County","Three Rivers",311,14,6
07/12/2020,51161,"Roanoke County",Alleghany,324,11,6
07/12/2020,51163,Rockbridge,"Central Shenandoah",35,0,0
07/12/2020,51165,Rockingham,"Central Shenandoah",782,81,12
07/12/2020,51167,Russell,"Cumberland Plateau",23,4,0
07/12/2020,51169,Scott,Lenowisco,14,2,2
07/12/2020,51171,Shenandoah,"Lord Fairfax",611,67,35
07/12/2020,51173,Smyth,"Mount Rogers",43,5,1
07/12/2020,51175,Southampton,"Western Tidewater",181,8,10
07/12/2020,51177,Spotsylvania,Rappahannock,1082,82,31
07/12/2020,51179,Stafford,Rappahannock,1060,104,6
07/12/2020,51181,Surry,Crater,18,4,1
07/12/2020,51183,Sussex,Crater,212,15,7
07/12/2020,51185,Tazewell,"Cumberland Plateau",28,0,0
07/12/2020,51187,Warren,"Lord Fairfax",312,19,8
07/12/2020,51191,Washington,"Mount Rogers",87,10,4
07/12/2020,51193,Westmoreland,"Three Rivers",183,14,2
07/12/2020,51195,Wise,Lenowisco,41,12,2
07/12/2020,51197,Wythe,"Mount Rogers",59,6,1
07/12/2020,51199,York,Peninsula,160,10,3
07/12/2020,51510,Alexandria,Alexandria,2455,249,57
07/12/2020,51520,Bristol,"Mount Rogers",13,1,0
07/12/2020,51530,"Buena Vista City","Central Shenandoah",21,1,0
07/12/2020,51540,Charlottesville,"Thomas Jefferson",276,17,7
07/12/2020,51550,Chesapeake,Chesapeake,1253,157,22
07/12/2020,51570,"Colonial Heights",Chesterfield,157,19,20
07/12/2020,51580,Covington,Alleghany,5,0,0
07/12/2020,51590,Danville,Pittsylvania-Danville,135,23,2
07/12/2020,51595,Emporia,Crater,146,23,15
07/12/2020,51600,"Fairfax City",Fairfax,72,6,7
07/12/2020,51610,"Falls Church",Fairfax,53,10,7
07/12/2020,51620,"Franklin City","Western Tidewater",75,5,3
07/12/2020,51630,Fredericksburg,Rappahannock,279,27,0
07/12/2020,51640,Galax,"Mount Rogers",288,30,16
07/12/2020,51650,Hampton,Hampton,488,40,4
07/12/2020,51660,Harrisonburg,"Central Shenandoah",979,73,28
07/12/2020,51670,Hopewell,Crater,201,20,5
07/12/2020,51678,Lexington,"Central Shenandoah",17,1,0
07/12/2020,51680,Lynchburg,"Central Virginia",191,6,1
07/12/2020,51683,"Manassas City","Prince William",1485,107,19
07/12/2020,51685,"Manassas Park","Prince William",458,47,6
07/12/2020,51690,Martinsville,"West Piedmont",112,15,1
07/12/2020,51700,"Newport News",Peninsula,719,47,10
07/12/2020,51710,Norfolk,Norfolk,1548,128,16
07/12/2020,51720,Norton,Lenowisco,4,2,0
07/12/2020,51730,Petersburg,Crater,332,48,8
07/12/2020,51735,Poquoson,Peninsula,20,2,0
07/12/2020,51740,Portsmouth,Portsmouth,686,86,19
07/12/2020,51750,Radford,"New River",16,1,0
07/12/2020,51760,"Richmond City",Richmond,2415,237,35
07/12/2020,51770,"Roanoke City",Roanoke,582,15,10
07/12/2020,51775,Salem,Alleghany,95,3,3
07/12/2020,51790,Staunton,"Central Shenandoah",95,8,0
07/12/2020,51800,Suffolk,"Western Tidewater",554,67,42
07/12/2020,51810,"Virginia Beach","Virginia Beach",1821,139,30
07/12/2020,51820,Waynesboro,"Central Shenandoah",123,7,0
07/12/2020,51830,Williamsburg,Peninsula,78,12,6
07/12/2020,51840,Winchester,"Lord Fairfax",354,25,3
07/13/2020,51001,Accomack,"Eastern Shore",1041,72,14
07/13/2020,51003,Albemarle,"Thomas Jefferson",563,38,10
07/13/2020,51005,Alleghany,Alleghany,52,5,2
07/13/2020,51007,Amelia,Piedmont,51,12,1
07/13/2020,51009,Amherst,"Central Virginia",40,3,0
07/13/2020,51011,Appomattox,"Central Virginia",48,2,0
07/13/2020,51013,Arlington,Arlington,2626,422,134
07/13/2020,51015,Augusta,"Central Shenandoah",213,7,2
07/13/2020,51017,Bath,"Central Shenandoah",1,0,0
07/13/2020,51019,Bedford,"Central Virginia",167,2,4
07/13/2020,51021,Bland,"Mount Rogers",3,0,0
07/13/2020,51023,Botetourt,Alleghany,156,12,4
07/13/2020,51025,Brunswick,Southside,138,21,1
07/13/2020,51027,Buchanan,"Cumberland Plateau",42,1,0
07/13/2020,51029,Buckingham,Piedmont,577,21,6
07/13/2020,51031,Campbell,"Central Virginia",66,3,1
07/13/2020,51033,Caroline,Rappahannock,142,17,4
07/13/2020,51035,Carroll,"Mount Rogers",251,21,9
07/13/2020,51036,"Charles City",Chickahominy,41,14,3
07/13/2020,51037,Charlotte,Piedmont,38,5,0
07/13/2020,51041,Chesterfield,Chesterfield,3216,147,62
07/13/2020,51043,Clarke,"Lord Fairfax",61,7,0
07/13/2020,51045,Craig,Alleghany,9,0,0
07/13/2020,51047,Culpeper,"Rappahannock Rapidan",857,67,12
07/13/2020,51049,Cumberland,Piedmont,61,4,0
07/13/2020,51051,Dickenson,"Cumberland Plateau",6,0,0
07/13/2020,51053,Dinwiddie,Crater,156,23,2
07/13/2020,51057,Essex,"Three Rivers",64,4,0
07/13/2020,51059,Fairfax,Fairfax,14556,1713,500
07/13/2020,51061,Fauquier,"Rappahannock Rapidan",497,31,8
07/13/2020,51063,Floyd,"New River",24,2,1
07/13/2020,51065,Fluvanna,"Thomas Jefferson",138,28,8
07/13/2020,51067,"Franklin County","West Piedmont",106,7,1
07/13/2020,51069,Frederick,"Lord Fairfax",553,42,6
07/13/2020,51071,Giles,"New River",18,1,0
07/13/2020,51073,Gloucester,"Three Rivers",69,11,1
07/13/2020,51075,Goochland,Chickahominy,131,24,6
07/13/2020,51077,Grayson,"Mount Rogers",92,6,4
07/13/2020,51079,Greene,"Thomas Jefferson",87,7,2
07/13/2020,51081,Greensville,Crater,381,21,9
07/13/2020,51083,Halifax,Southside,87,5,1
07/13/2020,51085,Hanover,Chickahominy,483,70,31
07/13/2020,51087,Henrico,Henrico,2891,270,173
07/13/2020,51089,Henry,"West Piedmont",350,31,5
07/13/2020,51091,Highland,"Central Shenandoah",3,0,0
07/13/2020,51093,"Isle of Wight","Western Tidewater",226,16,9
07/13/2020,51095,"James City",Peninsula,361,58,16
07/13/2020,51097,"King and Queen","Three Rivers",28,4,1
07/13/2020,51099,"King George",Rappahannock,105,15,4
07/13/2020,51101,"King William","Three Rivers",56,7,2
07/13/2020,51103,Lancaster,"Three Rivers",16,1,0
07/13/2020,51105,Lee,Lenowisco,20,1,0
07/13/2020,51107,Loudoun,Loudoun,4431,289,99
07/13/2020,51109,Louisa,"Thomas Jefferson",138,15,2
07/13/2020,51111,Lunenburg,Piedmont,41,4,0
07/13/2020,51113,Madison,"Rappahannock Rapidan",48,4,1
07/13/2020,51115,Mathews,"Three Rivers",7,2,0
07/13/2020,51117,Mecklenburg,Southside,262,31,29
07/13/2020,51119,Middlesex,"Three Rivers",17,1,0
07/13/2020,51121,Montgomery,"New River",197,12,3
07/13/2020,51125,Nelson,"Thomas Jefferson",25,0,0
07/13/2020,51127,"New Kent",Chickahominy,74,7,1
07/13/2020,51131,Northampton,"Eastern Shore",274,41,28
07/13/2020,51133,Northumberland,"Three Rivers",47,1,1
07/13/2020,51135,Nottoway,Piedmont,120,35,5
07/13/2020,51137,Orange,"Rappahannock Rapidan",161,15,3
07/13/2020,51139,Page,"Lord Fairfax",302,30,23
07/13/2020,51141,Patrick,"West Piedmont",48,4,1
07/13/2020,51143,Pittsylvania,Pittsylvania-Danville,173,23,2
07/13/2020,51145,Powhatan,Chesterfield,92,8,2
07/13/2020,51147,"Prince Edward",Piedmont,238,26,6
07/13/2020,51149,"Prince George",Crater,265,12,2
07/13/2020,51153,"Prince William","Prince William",7847,705,157
07/13/2020,51155,Pulaski,"New River",53,7,2
07/13/2020,51157,Rappahannock,"Rappahannock Rapidan",32,3,1
07/13/2020,51159,"Richmond County","Three Rivers",312,14,6
07/13/2020,51161,"Roanoke County",Alleghany,328,11,6
07/13/2020,51163,Rockbridge,"Central Shenandoah",35,0,0
07/13/2020,51165,Rockingham,"Central Shenandoah",795,82,12
07/13/2020,51167,Russell,"Cumberland Plateau",23,4,0
07/13/2020,51169,Scott,Lenowisco,16,2,2
07/13/2020,51171,Shenandoah,"Lord Fairfax",615,67,35
07/13/2020,51173,Smyth,"Mount Rogers",45,5,1
07/13/2020,51175,Southampton,"Western Tidewater",184,10,10
07/13/2020,51177,Spotsylvania,Rappahannock,1083,82,31
07/13/2020,51179,Stafford,Rappahannock,1065,106,6
07/13/2020,51181,Surry,Crater,19,4,1
07/13/2020,51183,Sussex,Crater,214,15,7
07/13/2020,51185,Tazewell,"Cumberland Plateau",30,0,0
07/13/2020,51187,Warren,"Lord Fairfax",313,19,8
07/13/2020,51191,Washington,"Mount Rogers",88,11,4
07/13/2020,51193,Westmoreland,"Three Rivers",183,14,2
07/13/2020,51195,Wise,Lenowisco,40,12,2
07/13/2020,51197,Wythe,"Mount Rogers",59,6,1
07/13/2020,51199,York,Peninsula,168,10,3
07/13/2020,51510,Alexandria,Alexandria,2456,249,57
07/13/2020,51520,Bristol,"Mount Rogers",13,1,0
07/13/2020,51530,"Buena Vista City","Central Shenandoah",23,2,0
07/13/2020,51540,Charlottesville,"Thomas Jefferson",285,18,7
07/13/2020,51550,Chesapeake,Chesapeake,1326,157,22
07/13/2020,51570,"Colonial Heights",Chesterfield,158,19,20
07/13/2020,51580,Covington,Alleghany,5,0,0
07/13/2020,51590,Danville,Pittsylvania-Danville,138,23,2
07/13/2020,51595,Emporia,Crater,146,23,15
07/13/2020,51600,"Fairfax City",Fairfax,73,6,7
07/13/2020,51610,"Falls Church",Fairfax,53,10,7
07/13/2020,51620,"Franklin City","Western Tidewater",77,5,3
07/13/2020,51630,Fredericksburg,Rappahannock,285,28,0
07/13/2020,51640,Galax,"Mount Rogers",289,30,16
07/13/2020,51650,Hampton,Hampton,544,40,4
07/13/2020,51660,Harrisonburg,"Central Shenandoah",988,73,28
07/13/2020,51670,Hopewell,Crater,209,21,5
07/13/2020,51678,Lexington,"Central Shenandoah",19,1,0
07/13/2020,51680,Lynchburg,"Central Virginia",194,6,1
07/13/2020,51683,"Manassas City","Prince William",1493,107,19
07/13/2020,51685,"Manassas Park","Prince William",462,47,6
07/13/2020,51690,Martinsville,"West Piedmont",112,15,1
07/13/2020,51700,"Newport News",Peninsula,815,49,10
07/13/2020,51710,Norfolk,Norfolk,1588,129,16
07/13/2020,51720,Norton,Lenowisco,4,2,0
07/13/2020,51730,Petersburg,Crater,335,49,8
07/13/2020,51735,Poquoson,Peninsula,22,2,0
07/13/2020,51740,Portsmouth,Portsmouth,714,86,19
07/13/2020,51750,Radford,"New River",17,1,0
07/13/2020,51760,"Richmond City",Richmond,2432,238,35
07/13/2020,51770,"Roanoke City",Roanoke,588,15,10
07/13/2020,51775,Salem,Alleghany,96,3,3
07/13/2020,51790,Staunton,"Central Shenandoah",98,8,0
07/13/2020,51800,Suffolk,"Western Tidewater",573,68,42
07/13/2020,51810,"Virginia Beach","Virginia Beach",1978,140,32
07/13/2020,51820,Waynesboro,"Central Shenandoah",125,7,0
07/13/2020,51830,Williamsburg,Peninsula,82,12,6
07/13/2020,51840,Winchester,"Lord Fairfax",356,25,3
07/14/2020,51001,Accomack,"Eastern Shore",1045,72,14
07/14/2020,51003,Albemarle,"Thomas Jefferson",578,38,10
07/14/2020,51005,Alleghany,Alleghany,52,5,2
07/14/2020,51007,Amelia,Piedmont,53,12,1
07/14/2020,51009,Amherst,"Central Virginia",40,3,0
07/14/2020,51011,Appomattox,"Central Virginia",48,2,0
07/14/2020,51013,Arlington,Arlington,2660,422,134
07/14/2020,51015,Augusta,"Central Shenandoah",213,7,2
07/14/2020,51017,Bath,"Central Shenandoah",1,0,0
07/14/2020,51019,Bedford,"Central Virginia",170,2,4
07/14/2020,51021,Bland,"Mount Rogers",3,0,0
07/14/2020,51023,Botetourt,Alleghany,160,12,4
07/14/2020,51025,Brunswick,Southside,143,21,1
07/14/2020,51027,Buchanan,"Cumberland Plateau",46,1,0
07/14/2020,51029,Buckingham,Piedmont,577,21,6
07/14/2020,51031,Campbell,"Central Virginia",70,3,1
07/14/2020,51033,Caroline,Rappahannock,145,17,4
07/14/2020,51035,Carroll,"Mount Rogers",255,22,10
07/14/2020,51036,"Charles City",Chickahominy,41,14,3
07/14/2020,51037,Charlotte,Piedmont,38,5,0
07/14/2020,51041,Chesterfield,Chesterfield,3278,149,63
07/14/2020,51043,Clarke,"Lord Fairfax",61,7,0
07/14/2020,51045,Craig,Alleghany,9,0,0
07/14/2020,51047,Culpeper,"Rappahannock Rapidan",863,70,12
07/14/2020,51049,Cumberland,Piedmont,61,4,0
07/14/2020,51051,Dickenson,"Cumberland Plateau",6,0,0
07/14/2020,51053,Dinwiddie,Crater,160,24,2
07/14/2020,51057,Essex,"Three Rivers",66,4,0
07/14/2020,51059,Fairfax,Fairfax,14574,1723,500
07/14/2020,51061,Fauquier,"Rappahannock Rapidan",497,31,8
07/14/2020,51063,Floyd,"New River",25,2,1
07/14/2020,51065,Fluvanna,"Thomas Jefferson",139,27,8
07/14/2020,51067,"Franklin County","West Piedmont",114,7,1
07/14/2020,51069,Frederick,"Lord Fairfax",558,42,6
07/14/2020,51071,Giles,"New River",18,1,0
07/14/2020,51073,Gloucester,"Three Rivers",76,11,1
07/14/2020,51075,Goochland,Chickahominy,131,24,6
07/14/2020,51077,Grayson,"Mount Rogers",93,6,4
07/14/2020,51079,Greene,"Thomas Jefferson",87,7,2
07/14/2020,51081,Greensville,Crater,382,21,9
07/14/2020,51083,Halifax,Southside,89,5,1
07/14/2020,51085,Hanover,Chickahominy,486,70,31
07/14/2020,51087,Henrico,Henrico,2925,270,173
07/14/2020,51089,Henry,"West Piedmont",363,31,5
07/14/2020,51091,Highland,"Central Shenandoah",3,0,0
07/14/2020,51093,"Isle of Wight","Western Tidewater",237,16,9
07/14/2020,51095,"James City",Peninsula,378,58,16
07/14/2020,51097,"King and Queen","Three Rivers",30,4,1
07/14/2020,51099,"King George",Rappahannock,104,15,4
07/14/2020,51101,"King William","Three Rivers",58,7,2
07/14/2020,51103,Lancaster,"Three Rivers",20,1,0
07/14/2020,51105,Lee,Lenowisco,22,1,0
07/14/2020,51107,Loudoun,Loudoun,4458,296,99
07/14/2020,51109,Louisa,"Thomas Jefferson",138,15,2
07/14/2020,51111,Lunenburg,Piedmont,42,4,0
07/14/2020,51113,Madison,"Rappahannock Rapidan",49,4,1
07/14/2020,51115,Mathews,"Three Rivers",7,2,0
07/14/2020,51117,Mecklenburg,Southside,263,31,29
07/14/2020,51119,Middlesex,"Three Rivers",17,1,0
07/14/2020,51121,Montgomery,"New River",199,12,3
07/14/2020,51125,Nelson,"Thomas Jefferson",25,0,0
07/14/2020,51127,"New Kent",Chickahominy,76,7,1
07/14/2020,51131,Northampton,"Eastern Shore",274,41,28
07/14/2020,51133,Northumberland,"Three Rivers",47,1,1
07/14/2020,51135,Nottoway,Piedmont,124,36,5
07/14/2020,51137,Orange,"Rappahannock Rapidan",165,15,3
07/14/2020,51139,Page,"Lord Fairfax",303,30,23
07/14/2020,51141,Patrick,"West Piedmont",52,6,1
07/14/2020,51143,Pittsylvania,Pittsylvania-Danville,175,23,2
07/14/2020,51145,Powhatan,Chesterfield,97,8,3
07/14/2020,51147,"Prince Edward",Piedmont,238,27,6
07/14/2020,51149,"Prince George",Crater,265,12,2
07/14/2020,51153,"Prince William","Prince William",7890,710,157
07/14/2020,51155,Pulaski,"New River",55,7,2
07/14/2020,51157,Rappahannock,"Rappahannock Rapidan",32,3,1
07/14/2020,51159,"Richmond County","Three Rivers",310,12,5
07/14/2020,51161,"Roanoke County",Alleghany,341,12,6
07/14/2020,51163,Rockbridge,"Central Shenandoah",36,0,0
07/14/2020,51165,Rockingham,"Central Shenandoah",799,84,15
07/14/2020,51167,Russell,"Cumberland Plateau",26,5,0
07/14/2020,51169,Scott,Lenowisco,16,2,2
07/14/2020,51171,Shenandoah,"Lord Fairfax",616,67,35
07/14/2020,51173,Smyth,"Mount Rogers",45,5,1
07/14/2020,51175,Southampton,"Western Tidewater",186,10,11
07/14/2020,51177,Spotsylvania,Rappahannock,1088,84,32
07/14/2020,51179,Stafford,Rappahannock,1075,106,6
07/14/2020,51181,Surry,Crater,21,4,1
07/14/2020,51183,Sussex,Crater,216,15,7
07/14/2020,51185,Tazewell,"Cumberland Plateau",33,0,0
07/14/2020,51187,Warren,"Lord Fairfax",314,20,8
07/14/2020,51191,Washington,"Mount Rogers",89,12,4
07/14/2020,51193,Westmoreland,"Three Rivers",185,14,2
07/14/2020,51195,Wise,Lenowisco,47,13,2
07/14/2020,51197,Wythe,"Mount Rogers",59,6,1
07/14/2020,51199,York,Peninsula,176,10,3
07/14/2020,51510,Alexandria,Alexandria,2465,250,57
07/14/2020,51520,Bristol,"Mount Rogers",14,1,0
07/14/2020,51530,"Buena Vista City","Central Shenandoah",22,2,0
07/14/2020,51540,Charlottesville,"Thomas Jefferson",310,18,7
07/14/2020,51550,Chesapeake,Chesapeake,1379,159,23
07/14/2020,51570,"Colonial Heights",Chesterfield,161,19,20
07/14/2020,51580,Covington,Alleghany,5,0,0
07/14/2020,51590,Danville,Pittsylvania-Danville,138,23,2
07/14/2020,51595,Emporia,Crater,146,23,15
07/14/2020,51600,"Fairfax City",Fairfax,74,6,7
07/14/2020,51610,"Falls Church",Fairfax,53,10,7
07/14/2020,51620,"Franklin City","Western Tidewater",78,5,3
07/14/2020,51630,Fredericksburg,Rappahannock,287,28,0
07/14/2020,51640,Galax,"Mount Rogers",290,30,16
07/14/2020,51650,Hampton,Hampton,568,42,4
07/14/2020,51660,Harrisonburg,"Central Shenandoah",992,73,28
07/14/2020,51670,Hopewell,Crater,210,21,5
07/14/2020,51678,Lexington,"Central Shenandoah",19,1,0
07/14/2020,51680,Lynchburg,"Central Virginia",193,6,1
07/14/2020,51683,"Manassas City","Prince William",1494,107,19
07/14/2020,51685,"Manassas Park","Prince William",461,47,6
07/14/2020,51690,Martinsville,"West Piedmont",117,15,1
07/14/2020,51700,"Newport News",Peninsula,856,49,10
07/14/2020,51710,Norfolk,Norfolk,1606,132,16
07/14/2020,51720,Norton,Lenowisco,4,2,0
07/14/2020,51730,Petersburg,Crater,338,50,8
07/14/2020,51735,Poquoson,Peninsula,23,2,0
07/14/2020,51740,Portsmouth,Portsmouth,761,88,19
07/14/2020,51750,Radford,"New River",18,1,0
07/14/2020,51760,"Richmond City",Richmond,2457,240,36
07/14/2020,51770,"Roanoke City",Roanoke,611,15,10
07/14/2020,51775,Salem,Alleghany,101,3,3
07/14/2020,51790,Staunton,"Central Shenandoah",99,8,0
07/14/2020,51800,Suffolk,"Western Tidewater",612,68,42
07/14/2020,51810,"Virginia Beach","Virginia Beach",1993,140,32
07/14/2020,51820,Waynesboro,"Central Shenandoah",126,7,0
07/14/2020,51830,Williamsburg,Peninsula,85,12,6
07/14/2020,51840,Winchester,"Lord Fairfax",357,25,3
07/15/2020,51001,Accomack,"Eastern Shore",1045,72,14
07/15/2020,51003,Albemarle,"Thomas Jefferson",583,39,10
07/15/2020,51005,Alleghany,Alleghany,53,5,2
07/15/2020,51007,Amelia,Piedmont,55,12,1
07/15/2020,51009,Amherst,"Central Virginia",42,3,0
07/15/2020,51011,Appomattox,"Central Virginia",48,2,0
07/15/2020,51013,Arlington,Arlington,2677,422,134
07/15/2020,51015,Augusta,"Central Shenandoah",218,8,2
07/15/2020,51017,Bath,"Central Shenandoah",1,0,0
07/15/2020,51019,Bedford,"Central Virginia",174,2,4
07/15/2020,51021,Bland,"Mount Rogers",3,0,0
07/15/2020,51023,Botetourt,Alleghany,161,12,4
07/15/2020,51025,Brunswick,Southside,143,21,1
07/15/2020,51027,Buchanan,"Cumberland Plateau",48,1,0
07/15/2020,51029,Buckingham,Piedmont,577,22,6
07/15/2020,51031,Campbell,"Central Virginia",71,3,1
07/15/2020,51033,Caroline,Rappahannock,147,17,4
07/15/2020,51035,Carroll,"Mount Rogers",263,22,10
07/15/2020,51036,"Charles City",Chickahominy,42,14,3
07/15/2020,51037,Charlotte,Piedmont,38,5,0
07/15/2020,51041,Chesterfield,Chesterfield,3324,150,63
07/15/2020,51043,Clarke,"Lord Fairfax",61,7,0
07/15/2020,51045,Craig,Alleghany,9,0,0
07/15/2020,51047,Culpeper,"Rappahannock Rapidan",872,70,12
07/15/2020,51049,Cumberland,Piedmont,61,4,0
07/15/2020,51051,Dickenson,"Cumberland Plateau",7,0,0
07/15/2020,51053,Dinwiddie,Crater,162,24,2
07/15/2020,51057,Essex,"Three Rivers",66,4,0
07/15/2020,51059,Fairfax,Fairfax,14653,1753,502
07/15/2020,51061,Fauquier,"Rappahannock Rapidan",498,31,8
07/15/2020,51063,Floyd,"New River",25,2,1
07/15/2020,51065,Fluvanna,"Thomas Jefferson",139,27,8
07/15/2020,51067,"Franklin County","West Piedmont",115,7,1
07/15/2020,51069,Frederick,"Lord Fairfax",565,43,7
07/15/2020,51071,Giles,"New River",18,1,0
07/15/2020,51073,Gloucester,"Three Rivers",79,11,1
07/15/2020,51075,Goochland,Chickahominy,135,24,6
07/15/2020,51077,Grayson,"Mount Rogers",95,6,4
07/15/2020,51079,Greene,"Thomas Jefferson",88,7,2
07/15/2020,51081,Greensville,Crater,384,22,9
07/15/2020,51083,Halifax,Southside,89,5,1
07/15/2020,51085,Hanover,Chickahominy,491,69,30
07/15/2020,51087,Henrico,Henrico,2947,273,175
07/15/2020,51089,Henry,"West Piedmont",381,35,5
07/15/2020,51091,Highland,"Central Shenandoah",3,0,0
07/15/2020,51093,"Isle of Wight","Western Tidewater",240,17,9
07/15/2020,51095,"James City",Peninsula,388,59,16
07/15/2020,51097,"King and Queen","Three Rivers",31,4,1
07/15/2020,51099,"King George",Rappahannock,105,15,4
07/15/2020,51101,"King William","Three Rivers",59,7,2
07/15/2020,51103,Lancaster,"Three Rivers",22,1,0
07/15/2020,51105,Lee,Lenowisco,26,1,0
07/15/2020,51107,Loudoun,Loudoun,4519,301,101
07/15/2020,51109,Louisa,"Thomas Jefferson",143,17,2
07/15/2020,51111,Lunenburg,Piedmont,42,4,0
07/15/2020,51113,Madison,"Rappahannock Rapidan",48,4,1
07/15/2020,51115,Mathews,"Three Rivers",7,2,0
07/15/2020,51117,Mecklenburg,Southside,267,32,29
07/15/2020,51119,Middlesex,"Three Rivers",18,2,0
07/15/2020,51121,Montgomery,"New River",201,12,3
07/15/2020,51125,Nelson,"Thomas Jefferson",27,0,0
07/15/2020,51127,"New Kent",Chickahominy,76,7,1
07/15/2020,51131,Northampton,"Eastern Shore",275,41,28
07/15/2020,51133,Northumberland,"Three Rivers",47,1,1
07/15/2020,51135,Nottoway,Piedmont,135,36,5
07/15/2020,51137,Orange,"Rappahannock Rapidan",167,15,3
07/15/2020,51139,Page,"Lord Fairfax",310,30,23
07/15/2020,51141,Patrick,"West Piedmont",52,6,1
07/15/2020,51143,Pittsylvania,Pittsylvania-Danville,187,23,2
07/15/2020,51145,Powhatan,Chesterfield,100,8,3
07/15/2020,51147,"Prince Edward",Piedmont,238,27,6
07/15/2020,51149,"Prince George",Crater,276,12,2
07/15/2020,51153,"Prince William","Prince William",7947,715,160
07/15/2020,51155,Pulaski,"New River",55,7,2
07/15/2020,51157,Rappahannock,"Rappahannock Rapidan",33,3,1
07/15/2020,51159,"Richmond County","Three Rivers",309,12,4
07/15/2020,51161,"Roanoke County",Alleghany,342,12,6
07/15/2020,51163,Rockbridge,"Central Shenandoah",41,0,0
07/15/2020,51165,Rockingham,"Central Shenandoah",803,85,15
07/15/2020,51167,Russell,"Cumberland Plateau",26,5,0
07/15/2020,51169,Scott,Lenowisco,17,3,2
07/15/2020,51171,Shenandoah,"Lord Fairfax",619,68,35
07/15/2020,51173,Smyth,"Mount Rogers",46,5,1
07/15/2020,51175,Southampton,"Western Tidewater",186,10,11
07/15/2020,51177,Spotsylvania,Rappahannock,1094,84,32
07/15/2020,51179,Stafford,Rappahannock,1085,108,6
07/15/2020,51181,Surry,Crater,21,4,1
07/15/2020,51183,Sussex,Crater,219,16,7
07/15/2020,51185,Tazewell,"Cumberland Plateau",34,0,0
07/15/2020,51187,Warren,"Lord Fairfax",317,21,8
07/15/2020,51191,Washington,"Mount Rogers",90,12,4
07/15/2020,51193,Westmoreland,"Three Rivers",186,14,2
07/15/2020,51195,Wise,Lenowisco,48,13,2
07/15/2020,51197,Wythe,"Mount Rogers",62,6,1
07/15/2020,51199,York,Peninsula,180,10,3
07/15/2020,51510,Alexandria,Alexandria,2486,253,57
07/15/2020,51520,Bristol,"Mount Rogers",14,1,0
07/15/2020,51530,"Buena Vista City","Central Shenandoah",25,2,0
07/15/2020,51540,Charlottesville,"Thomas Jefferson",318,19,7
07/15/2020,51550,Chesapeake,Chesapeake,1441,160,23
07/15/2020,51570,"Colonial Heights",Chesterfield,163,19,20
07/15/2020,51580,Covington,Alleghany,5,0,0
07/15/2020,51590,Danville,Pittsylvania-Danville,148,23,2
07/15/2020,51595,Emporia,Crater,146,23,15
07/15/2020,51600,"Fairfax City",Fairfax,74,6,7
07/15/2020,51610,"Falls Church",Fairfax,54,10,7
07/15/2020,51620,"Franklin City","Western Tidewater",80,6,3
07/15/2020,51630,Fredericksburg,Rappahannock,288,28,0
07/15/2020,51640,Galax,"Mount Rogers",292,31,16
07/15/2020,51650,Hampton,Hampton,592,42,4
07/15/2020,51660,Harrisonburg,"Central Shenandoah",996,73,29
07/15/2020,51670,Hopewell,Crater,212,22,5
07/15/2020,51678,Lexington,"Central Shenandoah",21,1,0
07/15/2020,51680,Lynchburg,"Central Virginia",200,6,1
07/15/2020,51683,"Manassas City","Prince William",1497,107,19
07/15/2020,51685,"Manassas Park","Prince William",463,47,6
07/15/2020,51690,Martinsville,"West Piedmont",123,16,1
07/15/2020,51700,"Newport News",Peninsula,900,51,10
07/15/2020,51710,Norfolk,Norfolk,1742,133,18
07/15/2020,51720,Norton,Lenowisco,4,2,0
07/15/2020,51730,Petersburg,Crater,348,52,9
07/15/2020,51735,Poquoson,Peninsula,23,2,0
07/15/2020,51740,Portsmouth,Portsmouth,794,89,19
07/15/2020,51750,Radford,"New River",18,1,0
07/15/2020,51760,"Richmond City",Richmond,2473,245,36
07/15/2020,51770,"Roanoke City",Roanoke,612,15,10
07/15/2020,51775,Salem,Alleghany,100,3,3
07/15/2020,51790,Staunton,"Central Shenandoah",106,8,0
07/15/2020,51800,Suffolk,"Western Tidewater",633,69,42
07/15/2020,51810,"Virginia Beach","Virginia Beach",2137,142,34
07/15/2020,51820,Waynesboro,"Central Shenandoah",129,7,0
07/15/2020,51830,Williamsburg,Peninsula,87,12,6
07/15/2020,51840,Winchester,"Lord Fairfax",361,25,4
07/16/2020,51001,Accomack,"Eastern Shore",1045,73,14
07/16/2020,51003,Albemarle,"Thomas Jefferson",583,42,10
07/16/2020,51005,Alleghany,Alleghany,54,5,2
07/16/2020,51007,Amelia,Piedmont,56,13,1
07/16/2020,51009,Amherst,"Central Virginia",43,3,0
07/16/2020,51011,Appomattox,"Central Virginia",48,2,0
07/16/2020,51013,Arlington,Arlington,2691,426,134
07/16/2020,51015,Augusta,"Central Shenandoah",219,8,2
07/16/2020,51017,Bath,"Central Shenandoah",2,0,0
07/16/2020,51019,Bedford,"Central Virginia",176,3,4
07/16/2020,51021,Bland,"Mount Rogers",5,0,0
07/16/2020,51023,Botetourt,Alleghany,164,13,4
07/16/2020,51025,Brunswick,Southside,143,21,1
07/16/2020,51027,Buchanan,"Cumberland Plateau",51,1,0
07/16/2020,51029,Buckingham,Piedmont,578,22,6
07/16/2020,51031,Campbell,"Central Virginia",70,3,1
07/16/2020,51033,Caroline,Rappahannock,151,17,4
07/16/2020,51035,Carroll,"Mount Rogers",267,23,10
07/16/2020,51036,"Charles City",Chickahominy,42,14,3
07/16/2020,51037,Charlotte,Piedmont,39,5,0
07/16/2020,51041,Chesterfield,Chesterfield,3359,166,64
07/16/2020,51043,Clarke,"Lord Fairfax",61,7,0
07/16/2020,51045,Craig,Alleghany,10,1,0
07/16/2020,51047,Culpeper,"Rappahannock Rapidan",873,69,12
07/16/2020,51049,Cumberland,Piedmont,60,4,0
07/16/2020,51051,Dickenson,"Cumberland Plateau",8,0,0
07/16/2020,51053,Dinwiddie,Crater,163,27,2
07/16/2020,51057,Essex,"Three Rivers",68,5,0
07/16/2020,51059,Fairfax,Fairfax,14687,1767,509
07/16/2020,51061,Fauquier,"Rappahannock Rapidan",503,32,8
07/16/2020,51063,Floyd,"New River",25,2,1
07/16/2020,51065,Fluvanna,"Thomas Jefferson",139,27,8
07/16/2020,51067,"Franklin County","West Piedmont",117,7,1
07/16/2020,51069,Frederick,"Lord Fairfax",570,44,7
07/16/2020,51071,Giles,"New River",18,1,0
07/16/2020,51073,Gloucester,"Three Rivers",80,11,1
07/16/2020,51075,Goochland,Chickahominy,135,24,6
07/16/2020,51077,Grayson,"Mount Rogers",97,6,4
07/16/2020,51079,Greene,"Thomas Jefferson",88,7,2
07/16/2020,51081,Greensville,Crater,386,22,9
07/16/2020,51083,Halifax,Southside,97,5,1
07/16/2020,51085,Hanover,Chickahominy,504,69,30
07/16/2020,51087,Henrico,Henrico,2964,278,175
07/16/2020,51089,Henry,"West Piedmont",387,39,5
07/16/2020,51091,Highland,"Central Shenandoah",3,0,0
07/16/2020,51093,"Isle of Wight","Western Tidewater",245,17,9
07/16/2020,51095,"James City",Peninsula,390,59,16
07/16/2020,51097,"King and Queen","Three Rivers",31,4,1
07/16/2020,51099,"King George",Rappahannock,106,15,4
07/16/2020,51101,"King William","Three Rivers",61,7,2
07/16/2020,51103,Lancaster,"Three Rivers",22,1,0
07/16/2020,51105,Lee,Lenowisco,26,1,0
07/16/2020,51107,Loudoun,Loudoun,4557,308,101
07/16/2020,51109,Louisa,"Thomas Jefferson",143,18,2
07/16/2020,51111,Lunenburg,Piedmont,43,4,0
07/16/2020,51113,Madison,"Rappahannock Rapidan",49,4,1
07/16/2020,51115,Mathews,"Three Rivers",7,2,0
07/16/2020,51117,Mecklenburg,Southside,269,32,29
07/16/2020,51119,Middlesex,"Three Rivers",18,2,0
07/16/2020,51121,Montgomery,"New River",204,13,3
07/16/2020,51125,Nelson,"Thomas Jefferson",27,0,0
07/16/2020,51127,"New Kent",Chickahominy,76,7,1
07/16/2020,51131,Northampton,"Eastern Shore",276,41,28
07/16/2020,51133,Northumberland,"Three Rivers",47,1,1
07/16/2020,51135,Nottoway,Piedmont,136,37,5
07/16/2020,51137,Orange,"Rappahannock Rapidan",168,15,3
07/16/2020,51139,Page,"Lord Fairfax",309,32,23
07/16/2020,51141,Patrick,"West Piedmont",53,7,1
07/16/2020,51143,Pittsylvania,Pittsylvania-Danville,190,23,2
07/16/2020,51145,Powhatan,Chesterfield,100,8,3
07/16/2020,51147,"Prince Edward",Piedmont,238,27,6
07/16/2020,51149,"Prince George",Crater,277,13,2
07/16/2020,51153,"Prince William","Prince William",7978,720,160
07/16/2020,51155,Pulaski,"New River",56,7,2
07/16/2020,51157,Rappahannock,"Rappahannock Rapidan",33,4,1
07/16/2020,51159,"Richmond County","Three Rivers",309,12,4
07/16/2020,51161,"Roanoke County",Alleghany,349,13,6
07/16/2020,51163,Rockbridge,"Central Shenandoah",41,0,0
07/16/2020,51165,Rockingham,"Central Shenandoah",808,87,15
07/16/2020,51167,Russell,"Cumberland Plateau",27,5,0
07/16/2020,51169,Scott,Lenowisco,20,3,2
07/16/2020,51171,Shenandoah,"Lord Fairfax",633,68,37
07/16/2020,51173,Smyth,"Mount Rogers",49,5,1
07/16/2020,51175,Southampton,"Western Tidewater",193,10,11
07/16/2020,51177,Spotsylvania,Rappahannock,1108,84,31
07/16/2020,51179,Stafford,Rappahannock,1096,108,6
07/16/2020,51181,Surry,Crater,21,4,1
07/16/2020,51183,Sussex,Crater,227,17,7
07/16/2020,51185,Tazewell,"Cumberland Plateau",35,0,0
07/16/2020,51187,Warren,"Lord Fairfax",318,21,8
07/16/2020,51191,Washington,"Mount Rogers",95,13,4
07/16/2020,51193,Westmoreland,"Three Rivers",186,14,2
07/16/2020,51195,Wise,Lenowisco,49,13,3
07/16/2020,51197,Wythe,"Mount Rogers",64,6,1
07/16/2020,51199,York,Peninsula,181,11,3
07/16/2020,51510,Alexandria,Alexandria,2507,253,56
07/16/2020,51520,Bristol,"Mount Rogers",15,1,0
07/16/2020,51530,"Buena Vista City","Central Shenandoah",25,2,0
07/16/2020,51540,Charlottesville,"Thomas Jefferson",318,19,7
07/16/2020,51550,Chesapeake,Chesapeake,1509,161,24
07/16/2020,51570,"Colonial Heights",Chesterfield,163,20,20
07/16/2020,51580,Covington,Alleghany,5,0,0
07/16/2020,51590,Danville,Pittsylvania-Danville,151,25,2
07/16/2020,51595,Emporia,Crater,148,23,15
07/16/2020,51600,"Fairfax City",Fairfax,74,6,7
07/16/2020,51610,"Falls Church",Fairfax,54,10,7
07/16/2020,51620,"Franklin City","Western Tidewater",83,6,4
07/16/2020,51630,Fredericksburg,Rappahannock,288,29,1
07/16/2020,51640,Galax,"Mount Rogers",296,31,16
07/16/2020,51650,Hampton,Hampton,607,42,4
07/16/2020,51660,Harrisonburg,"Central Shenandoah",999,76,29
07/16/2020,51670,Hopewell,Crater,216,22,5
07/16/2020,51678,Lexington,"Central Shenandoah",20,1,0
07/16/2020,51680,Lynchburg,"Central Virginia",205,6,1
07/16/2020,51683,"Manassas City","Prince William",1499,110,19
07/16/2020,51685,"Manassas Park","Prince William",464,47,6
07/16/2020,51690,Martinsville,"West Piedmont",128,19,1
07/16/2020,51700,"Newport News",Peninsula,940,52,10
07/16/2020,51710,Norfolk,Norfolk,1888,134,19
07/16/2020,51720,Norton,Lenowisco,4,2,0
07/16/2020,51730,Petersburg,Crater,352,53,9
07/16/2020,51735,Poquoson,Peninsula,23,2,0
07/16/2020,51740,Portsmouth,Portsmouth,827,95,19
07/16/2020,51750,Radford,"New River",19,1,0
07/16/2020,51760,"Richmond City",Richmond,2498,249,36
07/16/2020,51770,"Roanoke City",Roanoke,617,15,10
07/16/2020,51775,Salem,Alleghany,107,5,3
07/16/2020,51790,Staunton,"Central Shenandoah",108,8,0
07/16/2020,51800,Suffolk,"Western Tidewater",647,70,44
07/16/2020,51810,"Virginia Beach","Virginia Beach",2272,142,34
07/16/2020,51820,Waynesboro,"Central Shenandoah",133,7,0
07/16/2020,51830,Williamsburg,Peninsula,88,12,6
07/16/2020,51840,Winchester,"Lord Fairfax",361,27,4
07/17/2020,51001,Accomack,"Eastern Shore",1048,73,14
07/17/2020,51003,Albemarle,"Thomas Jefferson",593,42,10
07/17/2020,51005,Alleghany,Alleghany,54,5,2
07/17/2020,51007,Amelia,Piedmont,59,13,1
07/17/2020,51009,Amherst,"Central Virginia",45,3,0
07/17/2020,51011,Appomattox,"Central Virginia",48,2,0
07/17/2020,51013,Arlington,Arlington,2704,427,135
07/17/2020,51015,Augusta,"Central Shenandoah",221,8,2
07/17/2020,51017,Bath,"Central Shenandoah",2,0,0
07/17/2020,51019,Bedford,"Central Virginia",177,3,4
07/17/2020,51021,Bland,"Mount Rogers",5,0,0
07/17/2020,51023,Botetourt,Alleghany,165,13,4
07/17/2020,51025,Brunswick,Southside,146,22,1
07/17/2020,51027,Buchanan,"Cumberland Plateau",52,1,0
07/17/2020,51029,Buckingham,Piedmont,579,22,6
07/17/2020,51031,Campbell,"Central Virginia",73,3,1
07/17/2020,51033,Caroline,Rappahannock,154,17,4
07/17/2020,51035,Carroll,"Mount Rogers",268,23,10
07/17/2020,51036,"Charles City",Chickahominy,42,14,3
07/17/2020,51037,Charlotte,Piedmont,39,5,0
07/17/2020,51041,Chesterfield,Chesterfield,3402,170,64
07/17/2020,51043,Clarke,"Lord Fairfax",61,7,0
07/17/2020,51045,Craig,Alleghany,10,1,0
07/17/2020,51047,Culpeper,"Rappahannock Rapidan",885,69,12
07/17/2020,51049,Cumberland,Piedmont,60,4,0
07/17/2020,51051,Dickenson,"Cumberland Plateau",9,0,0
07/17/2020,51053,Dinwiddie,Crater,164,28,2
07/17/2020,51057,Essex,"Three Rivers",67,5,0
07/17/2020,51059,Fairfax,Fairfax,14731,1787,508
07/17/2020,51061,Fauquier,"Rappahannock Rapidan",511,32,8
07/17/2020,51063,Floyd,"New River",27,2,1
07/17/2020,51065,Fluvanna,"Thomas Jefferson",142,27,8
07/17/2020,51067,"Franklin County","West Piedmont",117,8,1
07/17/2020,51069,Frederick,"Lord Fairfax",575,44,7
07/17/2020,51071,Giles,"New River",18,1,0
07/17/2020,51073,Gloucester,"Three Rivers",86,11,1
07/17/2020,51075,Goochland,Chickahominy,138,24,6
07/17/2020,51077,Grayson,"Mount Rogers",99,6,4
07/17/2020,51079,Greene,"Thomas Jefferson",92,7,2
07/17/2020,51081,Greensville,Crater,386,22,9
07/17/2020,51083,Halifax,Southside,97,5,1
07/17/2020,51085,Hanover,Chickahominy,508,69,30
07/17/2020,51087,Henrico,Henrico,2987,279,175
07/17/2020,51089,Henry,"West Piedmont",391,40,5
07/17/2020,51091,Highland,"Central Shenandoah",3,0,0
07/17/2020,51093,"Isle of Wight","Western Tidewater",251,18,9
07/17/2020,51095,"James City",Peninsula,396,59,16
07/17/2020,51097,"King and Queen","Three Rivers",31,4,1
07/17/2020,51099,"King George",Rappahannock,107,15,4
07/17/2020,51101,"King William","Three Rivers",60,7,2
07/17/2020,51103,Lancaster,"Three Rivers",22,1,0
07/17/2020,51105,Lee,Lenowisco,27,1,0
07/17/2020,51107,Loudoun,Loudoun,4576,315,102
07/17/2020,51109,Louisa,"Thomas Jefferson",147,18,2
07/17/2020,51111,Lunenburg,Piedmont,42,4,0
07/17/2020,51113,Madison,"Rappahannock Rapidan",51,4,1
07/17/2020,51115,Mathews,"Three Rivers",7,2,0
07/17/2020,51117,Mecklenburg,Southside,271,32,29
07/17/2020,51119,Middlesex,"Three Rivers",18,2,0
07/17/2020,51121,Montgomery,"New River",207,13,3
07/17/2020,51125,Nelson,"Thomas Jefferson",28,0,0
07/17/2020,51127,"New Kent",Chickahominy,84,7,1
07/17/2020,51131,Northampton,"Eastern Shore",277,41,28
07/17/2020,51133,Northumberland,"Three Rivers",49,1,1
07/17/2020,51135,Nottoway,Piedmont,142,38,6
07/17/2020,51137,Orange,"Rappahannock Rapidan",171,15,3
07/17/2020,51139,Page,"Lord Fairfax",312,32,23
07/17/2020,51141,Patrick,"West Piedmont",54,7,1
07/17/2020,51143,Pittsylvania,Pittsylvania-Danville,197,23,2
07/17/2020,51145,Powhatan,Chesterfield,102,8,3
07/17/2020,51147,"Prince Edward",Piedmont,239,27,6
07/17/2020,51149,"Prince George",Crater,280,13,2
07/17/2020,51153,"Prince William","Prince William",8034,723,161
07/17/2020,51155,Pulaski,"New River",57,7,2
07/17/2020,51157,Rappahannock,"Rappahannock Rapidan",35,4,1
07/17/2020,51159,"Richmond County","Three Rivers",311,13,4
07/17/2020,51161,"Roanoke County",Alleghany,350,13,6
07/17/2020,51163,Rockbridge,"Central Shenandoah",42,0,0
07/17/2020,51165,Rockingham,"Central Shenandoah",814,87,15
07/17/2020,51167,Russell,"Cumberland Plateau",28,5,0
07/17/2020,51169,Scott,Lenowisco,20,3,2
07/17/2020,51171,Shenandoah,"Lord Fairfax",637,71,38
07/17/2020,51173,Smyth,"Mount Rogers",63,6,1
07/17/2020,51175,Southampton,"Western Tidewater",195,10,11
07/17/2020,51177,Spotsylvania,Rappahannock,1124,84,32
07/17/2020,51179,Stafford,Rappahannock,1101,108,6
07/17/2020,51181,Surry,Crater,21,4,1
07/17/2020,51183,Sussex,Crater,229,17,7
07/17/2020,51185,Tazewell,"Cumberland Plateau",36,1,0
07/17/2020,51187,Warren,"Lord Fairfax",322,21,8
07/17/2020,51191,Washington,"Mount Rogers",100,13,4
07/17/2020,51193,Westmoreland,"Three Rivers",184,14,2
07/17/2020,51195,Wise,Lenowisco,51,13,3
07/17/2020,51197,Wythe,"Mount Rogers",64,6,1
07/17/2020,51199,York,Peninsula,191,11,3
07/17/2020,51510,Alexandria,Alexandria,2523,255,56
07/17/2020,51520,Bristol,"Mount Rogers",15,1,0
07/17/2020,51530,"Buena Vista City","Central Shenandoah",26,2,0
07/17/2020,51540,Charlottesville,"Thomas Jefferson",333,19,7
07/17/2020,51550,Chesapeake,Chesapeake,1560,163,24
07/17/2020,51570,"Colonial Heights",Chesterfield,163,20,20
07/17/2020,51580,Covington,Alleghany,6,0,0
07/17/2020,51590,Danville,Pittsylvania-Danville,157,29,2
07/17/2020,51595,Emporia,Crater,148,23,15
07/17/2020,51600,"Fairfax City",Fairfax,73,9,7
07/17/2020,51610,"Falls Church",Fairfax,54,10,7
07/17/2020,51620,"Franklin City","Western Tidewater",83,6,4
07/17/2020,51630,Fredericksburg,Rappahannock,290,29,0
07/17/2020,51640,Galax,"Mount Rogers",296,31,16
07/17/2020,51650,Hampton,Hampton,625,42,4
07/17/2020,51660,Harrisonburg,"Central Shenandoah",1001,76,29
07/17/2020,51670,Hopewell,Crater,224,22,5
07/17/2020,51678,Lexington,"Central Shenandoah",23,1,0
07/17/2020,51680,Lynchburg,"Central Virginia",221,6,1
07/17/2020,51683,"Manassas City","Prince William",1511,110,19
07/17/2020,51685,"Manassas Park","Prince William",468,48,7
07/17/2020,51690,Martinsville,"West Piedmont",129,19,1
07/17/2020,51700,"Newport News",Peninsula,984,52,10
07/17/2020,51710,Norfolk,Norfolk,2020,137,19
07/17/2020,51720,Norton,Lenowisco,4,2,0
07/17/2020,51730,Petersburg,Crater,353,55,9
07/17/2020,51735,Poquoson,Peninsula,24,2,0
07/17/2020,51740,Portsmouth,Portsmouth,872,96,20
07/17/2020,51750,Radford,"New River",20,1,0
07/17/2020,51760,"Richmond City",Richmond,2521,250,36
07/17/2020,51770,"Roanoke City",Roanoke,622,15,10
07/17/2020,51775,Salem,Alleghany,109,5,3
07/17/2020,51790,Staunton,"Central Shenandoah",112,8,0
07/17/2020,51800,Suffolk,"Western Tidewater",676,70,44
07/17/2020,51810,"Virginia Beach","Virginia Beach",2396,142,34
07/17/2020,51820,Waynesboro,"Central Shenandoah",137,7,0
07/17/2020,51830,Williamsburg,Peninsula,91,12,6
07/17/2020,51840,Winchester,"Lord Fairfax",366,27,4
07/18/2020,51001,Accomack,"Eastern Shore",1051,73,15
07/18/2020,51003,Albemarle,"Thomas Jefferson",608,42,10
07/18/2020,51005,Alleghany,Alleghany,54,5,2
07/18/2020,51007,Amelia,Piedmont,59,13,1
07/18/2020,51009,Amherst,"Central Virginia",49,3,0
07/18/2020,51011,Appomattox,"Central Virginia",49,2,0
07/18/2020,51013,Arlington,Arlington,2726,427,135
07/18/2020,51015,Augusta,"Central Shenandoah",225,9,2
07/18/2020,51017,Bath,"Central Shenandoah",2,0,0
07/18/2020,51019,Bedford,"Central Virginia",178,3,4
07/18/2020,51021,Bland,"Mount Rogers",5,0,0
07/18/2020,51023,Botetourt,Alleghany,165,13,4
07/18/2020,51025,Brunswick,Southside,150,23,1
07/18/2020,51027,Buchanan,"Cumberland Plateau",54,1,0
07/18/2020,51029,Buckingham,Piedmont,579,22,6
07/18/2020,51031,Campbell,"Central Virginia",74,3,1
07/18/2020,51033,Caroline,Rappahannock,157,17,4
07/18/2020,51035,Carroll,"Mount Rogers",275,24,10
07/18/2020,51036,"Charles City",Chickahominy,43,14,3
07/18/2020,51037,Charlotte,Piedmont,39,5,0
07/18/2020,51041,Chesterfield,Chesterfield,3427,176,65
07/18/2020,51043,Clarke,"Lord Fairfax",61,7,0
07/18/2020,51045,Craig,Alleghany,11,1,0
07/18/2020,51047,Culpeper,"Rappahannock Rapidan",890,70,12
07/18/2020,51049,Cumberland,Piedmont,60,4,0
07/18/2020,51051,Dickenson,"Cumberland Plateau",9,0,0
07/18/2020,51053,Dinwiddie,Crater,166,28,2
07/18/2020,51057,Essex,"Three Rivers",68,5,0
07/18/2020,51059,Fairfax,Fairfax,14798,1789,508
07/18/2020,51061,Fauquier,"Rappahannock Rapidan",522,32,8
07/18/2020,51063,Floyd,"New River",27,2,1
07/18/2020,51065,Fluvanna,"Thomas Jefferson",145,28,8
07/18/2020,51067,"Franklin County","West Piedmont",117,8,1
07/18/2020,51069,Frederick,"Lord Fairfax",582,44,7
07/18/2020,51071,Giles,"New River",18,1,0
07/18/2020,51073,Gloucester,"Three Rivers",88,11,1
07/18/2020,51075,Goochland,Chickahominy,138,24,6
07/18/2020,51077,Grayson,"Mount Rogers",100,6,4
07/18/2020,51079,Greene,"Thomas Jefferson",92,7,2
07/18/2020,51081,Greensville,Crater,387,22,9
07/18/2020,51083,Halifax,Southside,98,5,1
07/18/2020,51085,Hanover,Chickahominy,511,69,30
07/18/2020,51087,Henrico,Henrico,3005,282,175
07/18/2020,51089,Henry,"West Piedmont",393,42,5
07/18/2020,51091,Highland,"Central Shenandoah",3,0,0
07/18/2020,51093,"Isle of Wight","Western Tidewater",259,19,9
07/18/2020,51095,"James City",Peninsula,402,59,16
07/18/2020,51097,"King and Queen","Three Rivers",32,4,1
07/18/2020,51099,"King George",Rappahannock,107,15,4
07/18/2020,51101,"King William","Three Rivers",60,7,2
07/18/2020,51103,Lancaster,"Three Rivers",23,1,0
07/18/2020,51105,Lee,Lenowisco,32,2,0
07/18/2020,51107,Loudoun,Loudoun,4596,317,103
07/18/2020,51109,Louisa,"Thomas Jefferson",149,19,2
07/18/2020,51111,Lunenburg,Piedmont,42,4,0
07/18/2020,51113,Madison,"Rappahannock Rapidan",52,4,1
07/18/2020,51115,Mathews,"Three Rivers",7,2,0
07/18/2020,51117,Mecklenburg,Southside,273,32,30
07/18/2020,51119,Middlesex,"Three Rivers",18,2,0
07/18/2020,51121,Montgomery,"New River",211,13,3
07/18/2020,51125,Nelson,"Thomas Jefferson",28,0,0
07/18/2020,51127,"New Kent",Chickahominy,84,7,1
07/18/2020,51131,Northampton,"Eastern Shore",278,43,28
07/18/2020,51133,Northumberland,"Three Rivers",50,2,1
07/18/2020,51135,Nottoway,Piedmont,143,39,6
07/18/2020,51137,Orange,"Rappahannock Rapidan",174,15,3
07/18/2020,51139,Page,"Lord Fairfax",314,32,23
07/18/2020,51141,Patrick,"West Piedmont",57,8,1
07/18/2020,51143,Pittsylvania,Pittsylvania-Danville,204,23,2
07/18/2020,51145,Powhatan,Chesterfield,102,8,3
07/18/2020,51147,"Prince Edward",Piedmont,239,27,6
07/18/2020,51149,"Prince George",Crater,283,13,2
07/18/2020,51153,"Prince William","Prince William",8104,724,161
07/18/2020,51155,Pulaski,"New River",59,8,2
07/18/2020,51157,Rappahannock,"Rappahannock Rapidan",35,4,1
07/18/2020,51159,"Richmond County","Three Rivers",311,13,4
07/18/2020,51161,"Roanoke County",Alleghany,350,13,6
07/18/2020,51163,Rockbridge,"Central Shenandoah",46,0,0
07/18/2020,51165,Rockingham,"Central Shenandoah",818,88,16
07/18/2020,51167,Russell,"Cumberland Plateau",28,6,0
07/18/2020,51169,Scott,Lenowisco,25,4,2
07/18/2020,51171,Shenandoah,"Lord Fairfax",644,71,38
07/18/2020,51173,Smyth,"Mount Rogers",69,6,1
07/18/2020,51175,Southampton,"Western Tidewater",200,10,11
07/18/2020,51177,Spotsylvania,Rappahannock,1136,85,32
07/18/2020,51179,Stafford,Rappahannock,1112,110,6
07/18/2020,51181,Surry,Crater,22,4,1
07/18/2020,51183,Sussex,Crater,233,18,7
07/18/2020,51185,Tazewell,"Cumberland Plateau",39,1,0
07/18/2020,51187,Warren,"Lord Fairfax",326,21,8
07/18/2020,51191,Washington,"Mount Rogers",104,14,4
07/18/2020,51193,Westmoreland,"Three Rivers",185,14,2
07/18/2020,51195,Wise,Lenowisco,52,13,3
07/18/2020,51197,Wythe,"Mount Rogers",65,6,1
07/18/2020,51199,York,Peninsula,200,12,3
07/18/2020,51510,Alexandria,Alexandria,2540,255,56
07/18/2020,51520,Bristol,"Mount Rogers",18,2,0
07/18/2020,51530,"Buena Vista City","Central Shenandoah",29,2,0
07/18/2020,51540,Charlottesville,"Thomas Jefferson",341,19,7
07/18/2020,51550,Chesapeake,Chesapeake,1612,164,24
07/18/2020,51570,"Colonial Heights",Chesterfield,163,22,20
07/18/2020,51580,Covington,Alleghany,6,0,0
07/18/2020,51590,Danville,Pittsylvania-Danville,169,29,2
07/18/2020,51595,Emporia,Crater,151,24,15
07/18/2020,51600,"Fairfax City",Fairfax,73,9,7
07/18/2020,51610,"Falls Church",Fairfax,54,10,7
07/18/2020,51620,"Franklin City","Western Tidewater",87,6,4
07/18/2020,51630,Fredericksburg,Rappahannock,294,29,0
07/18/2020,51640,Galax,"Mount Rogers",299,31,16
07/18/2020,51650,Hampton,Hampton,645,42,4
07/18/2020,51660,Harrisonburg,"Central Shenandoah",1004,76,29
07/18/2020,51670,Hopewell,Crater,225,22,5
07/18/2020,51678,Lexington,"Central Shenandoah",23,1,0
07/18/2020,51680,Lynchburg,"Central Virginia",226,6,1
07/18/2020,51683,"Manassas City","Prince William",1521,111,20
07/18/2020,51685,"Manassas Park","Prince William",470,48,7
07/18/2020,51690,Martinsville,"West Piedmont",132,20,1
07/18/2020,51700,"Newport News",Peninsula,1029,59,13
07/18/2020,51710,Norfolk,Norfolk,2134,138,19
07/18/2020,51720,Norton,Lenowisco,4,2,0
07/18/2020,51730,Petersburg,Crater,359,55,9
07/18/2020,51735,Poquoson,Peninsula,25,2,0
07/18/2020,51740,Portsmouth,Portsmouth,925,96,20
07/18/2020,51750,Radford,"New River",20,1,0
07/18/2020,51760,"Richmond City",Richmond,2541,250,36
07/18/2020,51770,"Roanoke City",Roanoke,621,15,10
07/18/2020,51775,Salem,Alleghany,108,5,3
07/18/2020,51790,Staunton,"Central Shenandoah",116,8,0
07/18/2020,51800,Suffolk,"Western Tidewater",701,74,44
07/18/2020,51810,"Virginia Beach","Virginia Beach",2464,144,36
07/18/2020,51820,Waynesboro,"Central Shenandoah",142,7,1
07/18/2020,51830,Williamsburg,Peninsula,91,12,6
07/18/2020,51840,Winchester,"Lord Fairfax",371,27,4
07/19/2020,51001,Accomack,"Eastern Shore",1052,73,15
07/19/2020,51003,Albemarle,"Thomas Jefferson",616,42,10
07/19/2020,51005,Alleghany,Alleghany,55,5,2
07/19/2020,51007,Amelia,Piedmont,60,13,1
07/19/2020,51009,Amherst,"Central Virginia",52,3,0
07/19/2020,51011,Appomattox,"Central Virginia",49,2,0
07/19/2020,51013,Arlington,Arlington,2733,430,135
07/19/2020,51015,Augusta,"Central Shenandoah",226,9,2
07/19/2020,51017,Bath,"Central Shenandoah",2,0,0
07/19/2020,51019,Bedford,"Central Virginia",181,3,4
07/19/2020,51021,Bland,"Mount Rogers",5,0,0
07/19/2020,51023,Botetourt,Alleghany,165,13,4
07/19/2020,51025,Brunswick,Southside,154,23,1
07/19/2020,51027,Buchanan,"Cumberland Plateau",53,2,0
07/19/2020,51029,Buckingham,Piedmont,582,22,6
07/19/2020,51031,Campbell,"Central Virginia",77,3,1
07/19/2020,51033,Caroline,Rappahannock,157,17,4
07/19/2020,51035,Carroll,"Mount Rogers",279,24,10
07/19/2020,51036,"Charles City",Chickahominy,43,14,3
07/19/2020,51037,Charlotte,Piedmont,39,5,0
07/19/2020,51041,Chesterfield,Chesterfield,3447,176,65
07/19/2020,51043,Clarke,"Lord Fairfax",61,7,0
07/19/2020,51045,Craig,Alleghany,11,1,0
07/19/2020,51047,Culpeper,"Rappahannock Rapidan",895,70,12
07/19/2020,51049,Cumberland,Piedmont,60,4,0
07/19/2020,51051,Dickenson,"Cumberland Plateau",10,0,0
07/19/2020,51053,Dinwiddie,Crater,167,28,2
07/19/2020,51057,Essex,"Three Rivers",69,5,0
07/19/2020,51059,Fairfax,Fairfax,14878,1791,508
07/19/2020,51061,Fauquier,"Rappahannock Rapidan",528,32,8
07/19/2020,51063,Floyd,"New River",28,2,1
07/19/2020,51065,Fluvanna,"Thomas Jefferson",145,28,8
07/19/2020,51067,"Franklin County","West Piedmont",117,8,1
07/19/2020,51069,Frederick,"Lord Fairfax",588,44,7
07/19/2020,51071,Giles,"New River",18,1,0
07/19/2020,51073,Gloucester,"Three Rivers",93,11,1
07/19/2020,51075,Goochland,Chickahominy,139,24,6
07/19/2020,51077,Grayson,"Mount Rogers",103,6,4
07/19/2020,51079,Greene,"Thomas Jefferson",93,7,2
07/19/2020,51081,Greensville,Crater,387,22,9
07/19/2020,51083,Halifax,Southside,102,5,1
07/19/2020,51085,Hanover,Chickahominy,514,69,30
07/19/2020,51087,Henrico,Henrico,3037,284,175
07/19/2020,51089,Henry,"West Piedmont",393,42,5
07/19/2020,51091,Highland,"Central Shenandoah",3,0,0
07/19/2020,51093,"Isle of Wight","Western Tidewater",265,19,9
07/19/2020,51095,"James City",Peninsula,437,59,16
07/19/2020,51097,"King and Queen","Three Rivers",32,4,1
07/19/2020,51099,"King George",Rappahannock,108,15,4
07/19/2020,51101,"King William","Three Rivers",62,7,2
07/19/2020,51103,Lancaster,"Three Rivers",23,1,0
07/19/2020,51105,Lee,Lenowisco,32,2,0
07/19/2020,51107,Loudoun,Loudoun,4647,317,103
07/19/2020,51109,Louisa,"Thomas Jefferson",151,20,2
07/19/2020,51111,Lunenburg,Piedmont,42,4,0
07/19/2020,51113,Madison,"Rappahannock Rapidan",51,4,1
07/19/2020,51115,Mathews,"Three Rivers",8,2,0
07/19/2020,51117,Mecklenburg,Southside,277,32,30
07/19/2020,51119,Middlesex,"Three Rivers",18,2,0
07/19/2020,51121,Montgomery,"New River",216,13,3
07/19/2020,51125,Nelson,"Thomas Jefferson",28,0,0
07/19/2020,51127,"New Kent",Chickahominy,88,8,1
07/19/2020,51131,Northampton,"Eastern Shore",278,43,28
07/19/2020,51133,Northumberland,"Three Rivers",52,2,1
07/19/2020,51135,Nottoway,Piedmont,142,39,6
07/19/2020,51137,Orange,"Rappahannock Rapidan",176,15,3
07/19/2020,51139,Page,"Lord Fairfax",316,32,23
07/19/2020,51141,Patrick,"West Piedmont",57,8,1
07/19/2020,51143,Pittsylvania,Pittsylvania-Danville,217,23,2
07/19/2020,51145,Powhatan,Chesterfield,103,8,3
07/19/2020,51147,"Prince Edward",Piedmont,239,27,6
07/19/2020,51149,"Prince George",Crater,288,13,2
07/19/2020,51153,"Prince William","Prince William",8152,725,162
07/19/2020,51155,Pulaski,"New River",60,8,2
07/19/2020,51157,Rappahannock,"Rappahannock Rapidan",36,4,1
07/19/2020,51159,"Richmond County","Three Rivers",311,13,4
07/19/2020,51161,"Roanoke County",Alleghany,355,13,6
07/19/2020,51163,Rockbridge,"Central Shenandoah",46,0,0
07/19/2020,51165,Rockingham,"Central Shenandoah",817,87,16
07/19/2020,51167,Russell,"Cumberland Plateau",29,6,0
07/19/2020,51169,Scott,Lenowisco,25,4,2
07/19/2020,51171,Shenandoah,"Lord Fairfax",645,71,38
07/19/2020,51173,Smyth,"Mount Rogers",69,6,1
07/19/2020,51175,Southampton,"Western Tidewater",201,10,11
07/19/2020,51177,Spotsylvania,Rappahannock,1148,85,32
07/19/2020,51179,Stafford,Rappahannock,1119,110,6
07/19/2020,51181,Surry,Crater,25,4,1
07/19/2020,51183,Sussex,Crater,234,18,7
07/19/2020,51185,Tazewell,"Cumberland Plateau",43,1,0
07/19/2020,51187,Warren,"Lord Fairfax",326,21,8
07/19/2020,51191,Washington,"Mount Rogers",111,14,4
07/19/2020,51193,Westmoreland,"Three Rivers",187,14,2
07/19/2020,51195,Wise,Lenowisco,52,13,3
07/19/2020,51197,Wythe,"Mount Rogers",69,6,1
07/19/2020,51199,York,Peninsula,216,12,3
07/19/2020,51510,Alexandria,Alexandria,2547,255,56
07/19/2020,51520,Bristol,"Mount Rogers",21,2,0
07/19/2020,51530,"Buena Vista City","Central Shenandoah",29,2,0
07/19/2020,51540,Charlottesville,"Thomas Jefferson",343,19,7
07/19/2020,51550,Chesapeake,Chesapeake,1685,164,24
07/19/2020,51570,"Colonial Heights",Chesterfield,163,22,20
07/19/2020,51580,Covington,Alleghany,7,0,0
07/19/2020,51590,Danville,Pittsylvania-Danville,188,29,2
07/19/2020,51595,Emporia,Crater,151,24,15
07/19/2020,51600,"Fairfax City",Fairfax,73,9,7
07/19/2020,51610,"Falls Church",Fairfax,54,10,7
07/19/2020,51620,"Franklin City","Western Tidewater",89,6,4
07/19/2020,51630,Fredericksburg,Rappahannock,296,29,0
07/19/2020,51640,Galax,"Mount Rogers",300,31,16
07/19/2020,51650,Hampton,Hampton,701,42,4
07/19/2020,51660,Harrisonburg,"Central Shenandoah",1006,76,29
07/19/2020,51670,Hopewell,Crater,228,22,5
07/19/2020,51678,Lexington,"Central Shenandoah",23,1,0
07/19/2020,51680,Lynchburg,"Central Virginia",236,6,1
07/19/2020,51683,"Manassas City","Prince William",1527,111,20
07/19/2020,51685,"Manassas Park","Prince William",472,48,7
07/19/2020,51690,Martinsville,"West Piedmont",132,20,1
07/19/2020,51700,"Newport News",Peninsula,1151,59,13
07/19/2020,51710,Norfolk,Norfolk,2155,140,19
07/19/2020,51720,Norton,Lenowisco,4,2,0
07/19/2020,51730,Petersburg,Crater,369,57,9
07/19/2020,51735,Poquoson,Peninsula,26,2,0
07/19/2020,51740,Portsmouth,Portsmouth,966,96,20
07/19/2020,51750,Radford,"New River",21,1,0
07/19/2020,51760,"Richmond City",Richmond,2563,250,36
07/19/2020,51770,"Roanoke City",Roanoke,637,15,10
07/19/2020,51775,Salem,Alleghany,111,5,3
07/19/2020,51790,Staunton,"Central Shenandoah",116,8,0
07/19/2020,51800,Suffolk,"Western Tidewater",725,74,44
07/19/2020,51810,"Virginia Beach","Virginia Beach",2610,148,37
07/19/2020,51820,Waynesboro,"Central Shenandoah",142,7,1
07/19/2020,51830,Williamsburg,Peninsula,94,12,6
07/19/2020,51840,Winchester,"Lord Fairfax",374,27,4
07/20/2020,51001,Accomack,"Eastern Shore",1053,73,15
07/20/2020,51003,Albemarle,"Thomas Jefferson",628,42,10
07/20/2020,51005,Alleghany,Alleghany,55,5,2
07/20/2020,51007,Amelia,Piedmont,60,13,1
07/20/2020,51009,Amherst,"Central Virginia",60,3,0
07/20/2020,51011,Appomattox,"Central Virginia",54,2,0
07/20/2020,51013,Arlington,Arlington,2737,430,135
07/20/2020,51015,Augusta,"Central Shenandoah",229,9,2
07/20/2020,51017,Bath,"Central Shenandoah",2,0,0
07/20/2020,51019,Bedford,"Central Virginia",191,3,4
07/20/2020,51021,Bland,"Mount Rogers",5,0,0
07/20/2020,51023,Botetourt,Alleghany,166,13,4
07/20/2020,51025,Brunswick,Southside,157,23,1
07/20/2020,51027,Buchanan,"Cumberland Plateau",54,2,0
07/20/2020,51029,Buckingham,Piedmont,584,22,6
07/20/2020,51031,Campbell,"Central Virginia",80,3,1
07/20/2020,51033,Caroline,Rappahannock,157,17,4
07/20/2020,51035,Carroll,"Mount Rogers",279,24,10
07/20/2020,51036,"Charles City",Chickahominy,43,14,3
07/20/2020,51037,Charlotte,Piedmont,39,5,0
07/20/2020,51041,Chesterfield,Chesterfield,3472,177,65
07/20/2020,51043,Clarke,"Lord Fairfax",64,7,0
07/20/2020,51045,Craig,Alleghany,11,1,0
07/20/2020,51047,Culpeper,"Rappahannock Rapidan",900,71,12
07/20/2020,51049,Cumberland,Piedmont,60,4,0
07/20/2020,51051,Dickenson,"Cumberland Plateau",10,0,0
07/20/2020,51053,Dinwiddie,Crater,168,29,2
07/20/2020,51057,Essex,"Three Rivers",71,5,0
07/20/2020,51059,Fairfax,Fairfax,14934,1793,508
07/20/2020,51061,Fauquier,"Rappahannock Rapidan",530,32,8
07/20/2020,51063,Floyd,"New River",28,2,1
07/20/2020,51065,Fluvanna,"Thomas Jefferson",146,28,8
07/20/2020,51067,"Franklin County","West Piedmont",117,8,1
07/20/2020,51069,Frederick,"Lord Fairfax",597,45,7
07/20/2020,51071,Giles,"New River",18,1,0
07/20/2020,51073,Gloucester,"Three Rivers",99,11,1
07/20/2020,51075,Goochland,Chickahominy,139,24,6
07/20/2020,51077,Grayson,"Mount Rogers",104,6,4
07/20/2020,51079,Greene,"Thomas Jefferson",96,7,2
07/20/2020,51081,Greensville,Crater,388,22,9
07/20/2020,51083,Halifax,Southside,105,5,1
07/20/2020,51085,Hanover,Chickahominy,518,69,30
07/20/2020,51087,Henrico,Henrico,3058,285,175
07/20/2020,51089,Henry,"West Piedmont",393,42,5
07/20/2020,51091,Highland,"Central Shenandoah",3,0,0
07/20/2020,51093,"Isle of Wight","Western Tidewater",277,19,9
07/20/2020,51095,"James City",Peninsula,452,59,16
07/20/2020,51097,"King and Queen","Three Rivers",32,4,1
07/20/2020,51099,"King George",Rappahannock,108,15,4
07/20/2020,51101,"King William","Three Rivers",63,7,2
07/20/2020,51103,Lancaster,"Three Rivers",23,1,0
07/20/2020,51105,Lee,Lenowisco,35,2,0
07/20/2020,51107,Loudoun,Loudoun,4670,317,103
07/20/2020,51109,Louisa,"Thomas Jefferson",155,20,2
07/20/2020,51111,Lunenburg,Piedmont,43,4,0
07/20/2020,51113,Madison,"Rappahannock Rapidan",51,4,1
07/20/2020,51115,Mathews,"Three Rivers",10,2,0
07/20/2020,51117,Mecklenburg,Southside,280,32,30
07/20/2020,51119,Middlesex,"Three Rivers",20,2,1
07/20/2020,51121,Montgomery,"New River",220,13,3
07/20/2020,51125,Nelson,"Thomas Jefferson",28,0,0
07/20/2020,51127,"New Kent",Chickahominy,90,8,1
07/20/2020,51131,Northampton,"Eastern Shore",279,44,28
07/20/2020,51133,Northumberland,"Three Rivers",55,2,1
07/20/2020,51135,Nottoway,Piedmont,150,39,6
07/20/2020,51137,Orange,"Rappahannock Rapidan",179,16,3
07/20/2020,51139,Page,"Lord Fairfax",317,32,23
07/20/2020,51141,Patrick,"West Piedmont",57,8,1
07/20/2020,51143,Pittsylvania,Pittsylvania-Danville,232,24,2
07/20/2020,51145,Powhatan,Chesterfield,103,8,3
07/20/2020,51147,"Prince Edward",Piedmont,241,27,6
07/20/2020,51149,"Prince George",Crater,291,13,2
07/20/2020,51153,"Prince William","Prince William",8190,725,162
07/20/2020,51155,Pulaski,"New River",61,8,2
07/20/2020,51157,Rappahannock,"Rappahannock Rapidan",34,4,1
07/20/2020,51159,"Richmond County","Three Rivers",313,13,4
07/20/2020,51161,"Roanoke County",Alleghany,363,13,6
07/20/2020,51163,Rockbridge,"Central Shenandoah",47,0,0
07/20/2020,51165,Rockingham,"Central Shenandoah",829,89,16
07/20/2020,51167,Russell,"Cumberland Plateau",30,7,0
07/20/2020,51169,Scott,Lenowisco,25,4,2
07/20/2020,51171,Shenandoah,"Lord Fairfax",650,71,38
07/20/2020,51173,Smyth,"Mount Rogers",73,6,1
07/20/2020,51175,Southampton,"Western Tidewater",204,10,11
07/20/2020,51177,Spotsylvania,Rappahannock,1154,85,32
07/20/2020,51179,Stafford,Rappahannock,1128,110,6
07/20/2020,51181,Surry,Crater,26,4,1
07/20/2020,51183,Sussex,Crater,235,18,7
07/20/2020,51185,Tazewell,"Cumberland Plateau",45,1,0
07/20/2020,51187,Warren,"Lord Fairfax",334,22,8
07/20/2020,51191,Washington,"Mount Rogers",112,14,4
07/20/2020,51193,Westmoreland,"Three Rivers",187,14,2
07/20/2020,51195,Wise,Lenowisco,54,13,3
07/20/2020,51197,Wythe,"Mount Rogers",72,7,1
07/20/2020,51199,York,Peninsula,226,12,3
07/20/2020,51510,Alexandria,Alexandria,2559,255,56
07/20/2020,51520,Bristol,"Mount Rogers",23,2,0
07/20/2020,51530,"Buena Vista City","Central Shenandoah",29,2,0
07/20/2020,51540,Charlottesville,"Thomas Jefferson",361,19,7
07/20/2020,51550,Chesapeake,Chesapeake,1758,169,24
07/20/2020,51570,"Colonial Heights",Chesterfield,164,22,20
07/20/2020,51580,Covington,Alleghany,7,0,0
07/20/2020,51590,Danville,Pittsylvania-Danville,196,32,3
07/20/2020,51595,Emporia,Crater,151,24,15
07/20/2020,51600,"Fairfax City",Fairfax,73,9,7
07/20/2020,51610,"Falls Church",Fairfax,55,10,7
07/20/2020,51620,"Franklin City","Western Tidewater",93,7,4
07/20/2020,51630,Fredericksburg,Rappahannock,296,29,0
07/20/2020,51640,Galax,"Mount Rogers",304,33,16
07/20/2020,51650,Hampton,Hampton,723,43,4
07/20/2020,51660,Harrisonburg,"Central Shenandoah",1009,76,29
07/20/2020,51670,Hopewell,Crater,231,22,5
07/20/2020,51678,Lexington,"Central Shenandoah",23,1,0
07/20/2020,51680,Lynchburg,"Central Virginia",251,6,1
07/20/2020,51683,"Manassas City","Prince William",1530,111,20
07/20/2020,51685,"Manassas Park","Prince William",473,48,7
07/20/2020,51690,Martinsville,"West Piedmont",132,20,1
07/20/2020,51700,"Newport News",Peninsula,1206,60,14
07/20/2020,51710,Norfolk,Norfolk,2214,142,20
07/20/2020,51720,Norton,Lenowisco,5,2,0
07/20/2020,51730,Petersburg,Crater,370,57,9
07/20/2020,51735,Poquoson,Peninsula,27,2,0
07/20/2020,51740,Portsmouth,Portsmouth,1009,97,20
07/20/2020,51750,Radford,"New River",21,1,0
07/20/2020,51760,"Richmond City",Richmond,2588,252,36
07/20/2020,51770,"Roanoke City",Roanoke,659,15,10
07/20/2020,51775,Salem,Alleghany,113,5,3
07/20/2020,51790,Staunton,"Central Shenandoah",117,8,0
07/20/2020,51800,Suffolk,"Western Tidewater",757,76,44
07/20/2020,51810,"Virginia Beach","Virginia Beach",2720,149,37
07/20/2020,51820,Waynesboro,"Central Shenandoah",142,7,1
07/20/2020,51830,Williamsburg,Peninsula,94,12,6
07/20/2020,51840,Winchester,"Lord Fairfax",377,27,4
07/21/2020,51001,Accomack,"Eastern Shore",1057,74,15
07/21/2020,51003,Albemarle,"Thomas Jefferson",638,42,10
07/21/2020,51005,Alleghany,Alleghany,55,5,2
07/21/2020,51007,Amelia,Piedmont,60,13,1
07/21/2020,51009,Amherst,"Central Virginia",61,3,0
07/21/2020,51011,Appomattox,"Central Virginia",54,2,0
07/21/2020,51013,Arlington,Arlington,2750,431,135
07/21/2020,51015,Augusta,"Central Shenandoah",227,8,2
07/21/2020,51017,Bath,"Central Shenandoah",2,0,0
07/21/2020,51019,Bedford,"Central Virginia",201,4,4
07/21/2020,51021,Bland,"Mount Rogers",7,0,0
07/21/2020,51023,Botetourt,Alleghany,166,13,4
07/21/2020,51025,Brunswick,Southside,161,23,1
07/21/2020,51027,Buchanan,"Cumberland Plateau",54,2,0
07/21/2020,51029,Buckingham,Piedmont,587,22,6
07/21/2020,51031,Campbell,"Central Virginia",84,3,1
07/21/2020,51033,Caroline,Rappahannock,161,18,4
07/21/2020,51035,Carroll,"Mount Rogers",280,25,10
07/21/2020,51036,"Charles City",Chickahominy,45,15,3
07/21/2020,51037,Charlotte,Piedmont,40,5,0
07/21/2020,51041,Chesterfield,Chesterfield,3538,187,65
07/21/2020,51043,Clarke,"Lord Fairfax",64,7,0
07/21/2020,51045,Craig,Alleghany,11,1,0
07/21/2020,51047,Culpeper,"Rappahannock Rapidan",909,71,12
07/21/2020,51049,Cumberland,Piedmont,60,4,0
07/21/2020,51051,Dickenson,"Cumberland Plateau",10,0,0
07/21/2020,51053,Dinwiddie,Crater,169,30,2
07/21/2020,51057,Essex,"Three Rivers",71,5,0
07/21/2020,51059,Fairfax,Fairfax,14994,1794,510
07/21/2020,51061,Fauquier,"Rappahannock Rapidan",536,32,8
07/21/2020,51063,Floyd,"New River",28,2,1
07/21/2020,51065,Fluvanna,"Thomas Jefferson",151,28,8
07/21/2020,51067,"Franklin County","West Piedmont",125,8,1
07/21/2020,51069,Frederick,"Lord Fairfax",597,46,7
07/21/2020,51071,Giles,"New River",18,1,0
07/21/2020,51073,Gloucester,"Three Rivers",109,11,1
07/21/2020,51075,Goochland,Chickahominy,141,24,6
07/21/2020,51077,Grayson,"Mount Rogers",107,6,4
07/21/2020,51079,Greene,"Thomas Jefferson",100,7,2
07/21/2020,51081,Greensville,Crater,389,23,9
07/21/2020,51083,Halifax,Southside,108,5,1
07/21/2020,51085,Hanover,Chickahominy,532,69,30
07/21/2020,51087,Henrico,Henrico,3097,291,177
07/21/2020,51089,Henry,"West Piedmont",410,42,5
07/21/2020,51091,Highland,"Central Shenandoah",3,0,0
07/21/2020,51093,"Isle of Wight","Western Tidewater",283,19,9
07/21/2020,51095,"James City",Peninsula,456,59,16
07/21/2020,51097,"King and Queen","Three Rivers",32,4,1
07/21/2020,51099,"King George",Rappahannock,108,15,4
07/21/2020,51101,"King William","Three Rivers",66,7,2
07/21/2020,51103,Lancaster,"Three Rivers",23,1,0
07/21/2020,51105,Lee,Lenowisco,44,3,0
07/21/2020,51107,Loudoun,Loudoun,4695,324,106
07/21/2020,51109,Louisa,"Thomas Jefferson",155,20,2
07/21/2020,51111,Lunenburg,Piedmont,44,4,0
07/21/2020,51113,Madison,"Rappahannock Rapidan",51,4,1
07/21/2020,51115,Mathews,"Three Rivers",9,2,0
07/21/2020,51117,Mecklenburg,Southside,281,32,30
07/21/2020,51119,Middlesex,"Three Rivers",20,2,1
07/21/2020,51121,Montgomery,"New River",220,13,3
07/21/2020,51125,Nelson,"Thomas Jefferson",29,0,0
07/21/2020,51127,"New Kent",Chickahominy,94,8,1
07/21/2020,51131,Northampton,"Eastern Shore",281,44,28
07/21/2020,51133,Northumberland,"Three Rivers",55,2,1
07/21/2020,51135,Nottoway,Piedmont,152,39,6
07/21/2020,51137,Orange,"Rappahannock Rapidan",185,16,3
07/21/2020,51139,Page,"Lord Fairfax",317,32,23
07/21/2020,51141,Patrick,"West Piedmont",57,8,2
07/21/2020,51143,Pittsylvania,Pittsylvania-Danville,232,24,2
07/21/2020,51145,Powhatan,Chesterfield,105,8,3
07/21/2020,51147,"Prince Edward",Piedmont,242,27,6
07/21/2020,51149,"Prince George",Crater,293,13,2
07/21/2020,51153,"Prince William","Prince William",8240,728,164
07/21/2020,51155,Pulaski,"New River",61,8,2
07/21/2020,51157,Rappahannock,"Rappahannock Rapidan",34,4,1
07/21/2020,51159,"Richmond County","Three Rivers",314,13,4
07/21/2020,51161,"Roanoke County",Alleghany,365,13,6
07/21/2020,51163,Rockbridge,"Central Shenandoah",47,0,0
07/21/2020,51165,Rockingham,"Central Shenandoah",833,89,16
07/21/2020,51167,Russell,"Cumberland Plateau",31,7,0
07/21/2020,51169,Scott,Lenowisco,30,4,2
07/21/2020,51171,Shenandoah,"Lord Fairfax",654,71,40
07/21/2020,51173,Smyth,"Mount Rogers",73,6,1
07/21/2020,51175,Southampton,"Western Tidewater",204,10,11
07/21/2020,51177,Spotsylvania,Rappahannock,1168,86,33
07/21/2020,51179,Stafford,Rappahannock,1140,110,6
07/21/2020,51181,Surry,Crater,29,4,1
07/21/2020,51183,Sussex,Crater,236,18,7
07/21/2020,51185,Tazewell,"Cumberland Plateau",48,1,0
07/21/2020,51187,Warren,"Lord Fairfax",334,22,8
07/21/2020,51191,Washington,"Mount Rogers",114,15,4
07/21/2020,51193,Westmoreland,"Three Rivers",187,14,2
07/21/2020,51195,Wise,Lenowisco,54,13,3
07/21/2020,51197,Wythe,"Mount Rogers",73,7,1
07/21/2020,51199,York,Peninsula,234,12,3
07/21/2020,51510,Alexandria,Alexandria,2582,255,56
07/21/2020,51520,Bristol,"Mount Rogers",25,2,0
07/21/2020,51530,"Buena Vista City","Central Shenandoah",31,2,0
07/21/2020,51540,Charlottesville,"Thomas Jefferson",367,19,8
07/21/2020,51550,Chesapeake,Chesapeake,1790,174,24
07/21/2020,51570,"Colonial Heights",Chesterfield,167,22,20
07/21/2020,51580,Covington,Alleghany,7,0,0
07/21/2020,51590,Danville,Pittsylvania-Danville,196,32,3
07/21/2020,51595,Emporia,Crater,152,24,15
07/21/2020,51600,"Fairfax City",Fairfax,73,9,7
07/21/2020,51610,"Falls Church",Fairfax,54,10,6
07/21/2020,51620,"Franklin City","Western Tidewater",96,7,4
07/21/2020,51630,Fredericksburg,Rappahannock,300,29,0
07/21/2020,51640,Galax,"Mount Rogers",305,34,16
07/21/2020,51650,Hampton,Hampton,751,43,4
07/21/2020,51660,Harrisonburg,"Central Shenandoah",1010,76,29
07/21/2020,51670,Hopewell,Crater,234,22,5
07/21/2020,51678,Lexington,"Central Shenandoah",23,1,0
07/21/2020,51680,Lynchburg,"Central Virginia",270,6,1
07/21/2020,51683,"Manassas City","Prince William",1531,113,20
07/21/2020,51685,"Manassas Park","Prince William",477,48,7
07/21/2020,51690,Martinsville,"West Piedmont",143,21,1
07/21/2020,51700,"Newport News",Peninsula,1237,64,14
07/21/2020,51710,Norfolk,Norfolk,2329,145,21
07/21/2020,51720,Norton,Lenowisco,5,2,0
07/21/2020,51730,Petersburg,Crater,371,57,9
07/21/2020,51735,Poquoson,Peninsula,28,2,0
07/21/2020,51740,Portsmouth,Portsmouth,1046,101,21
07/21/2020,51750,Radford,"New River",21,1,0
07/21/2020,51760,"Richmond City",Richmond,2623,254,35
07/21/2020,51770,"Roanoke City",Roanoke,665,15,10
07/21/2020,51775,Salem,Alleghany,113,5,3
07/21/2020,51790,Staunton,"Central Shenandoah",118,8,0
07/21/2020,51800,Suffolk,"Western Tidewater",780,76,45
07/21/2020,51810,"Virginia Beach","Virginia Beach",2829,154,38
07/21/2020,51820,Waynesboro,"Central Shenandoah",149,8,2
07/21/2020,51830,Williamsburg,Peninsula,96,12,6
07/21/2020,51840,Winchester,"Lord Fairfax",378,27,4
07/22/2020,51001,Accomack,"Eastern Shore",1057,76,15
07/22/2020,51003,Albemarle,"Thomas Jefferson",647,46,10
07/22/2020,51005,Alleghany,Alleghany,56,5,2
07/22/2020,51007,Amelia,Piedmont,60,13,1
07/22/2020,51009,Amherst,"Central Virginia",66,3,0
07/22/2020,51011,Appomattox,"Central Virginia",55,2,0
07/22/2020,51013,Arlington,Arlington,2763,431,135
07/22/2020,51015,Augusta,"Central Shenandoah",230,8,2
07/22/2020,51017,Bath,"Central Shenandoah",2,0,0
07/22/2020,51019,Bedford,"Central Virginia",207,4,4
07/22/2020,51021,Bland,"Mount Rogers",7,0,0
07/22/2020,51023,Botetourt,Alleghany,166,13,4
07/22/2020,51025,Brunswick,Southside,162,23,1
07/22/2020,51027,Buchanan,"Cumberland Plateau",61,2,0
07/22/2020,51029,Buckingham,Piedmont,587,22,6
07/22/2020,51031,Campbell,"Central Virginia",89,3,1
07/22/2020,51033,Caroline,Rappahannock,163,19,4
07/22/2020,51035,Carroll,"Mount Rogers",281,25,10
07/22/2020,51036,"Charles City",Chickahominy,45,15,3
07/22/2020,51037,Charlotte,Piedmont,42,5,0
07/22/2020,51041,Chesterfield,Chesterfield,3564,188,65
07/22/2020,51043,Clarke,"Lord Fairfax",64,7,0
07/22/2020,51045,Craig,Alleghany,11,1,0
07/22/2020,51047,Culpeper,"Rappahannock Rapidan",912,71,12
07/22/2020,51049,Cumberland,Piedmont,60,4,0
07/22/2020,51051,Dickenson,"Cumberland Plateau",10,0,0
07/22/2020,51053,Dinwiddie,Crater,172,30,2
07/22/2020,51057,Essex,"Three Rivers",72,5,0
07/22/2020,51059,Fairfax,Fairfax,15078,1793,510
07/22/2020,51061,Fauquier,"Rappahannock Rapidan",545,32,8
07/22/2020,51063,Floyd,"New River",27,2,1
07/22/2020,51065,Fluvanna,"Thomas Jefferson",151,29,8
07/22/2020,51067,"Franklin County","West Piedmont",132,8,1
07/22/2020,51069,Frederick,"Lord Fairfax",607,46,7
07/22/2020,51071,Giles,"New River",18,1,0
07/22/2020,51073,Gloucester,"Three Rivers",112,11,1
07/22/2020,51075,Goochland,Chickahominy,142,24,6
07/22/2020,51077,Grayson,"Mount Rogers",107,6,4
07/22/2020,51079,Greene,"Thomas Jefferson",105,7,2
07/22/2020,51081,Greensville,Crater,390,23,9
07/22/2020,51083,Halifax,Southside,109,5,1
07/22/2020,51085,Hanover,Chickahominy,531,70,30
07/22/2020,51087,Henrico,Henrico,3112,295,177
07/22/2020,51089,Henry,"West Piedmont",413,42,5
07/22/2020,51091,Highland,"Central Shenandoah",3,0,0
07/22/2020,51093,"Isle of Wight","Western Tidewater",288,19,9
07/22/2020,51095,"James City",Peninsula,464,59,16
07/22/2020,51097,"King and Queen","Three Rivers",32,4,1
07/22/2020,51099,"King George",Rappahannock,110,15,4
07/22/2020,51101,"King William","Three Rivers",67,7,2
07/22/2020,51103,Lancaster,"Three Rivers",23,1,0
07/22/2020,51105,Lee,Lenowisco,52,3,0
07/22/2020,51107,Loudoun,Loudoun,4738,324,106
07/22/2020,51109,Louisa,"Thomas Jefferson",155,21,2
07/22/2020,51111,Lunenburg,Piedmont,44,4,0
07/22/2020,51113,Madison,"Rappahannock Rapidan",52,5,1
07/22/2020,51115,Mathews,"Three Rivers",9,2,0
07/22/2020,51117,Mecklenburg,Southside,283,32,30
07/22/2020,51119,Middlesex,"Three Rivers",21,2,1
07/22/2020,51121,Montgomery,"New River",224,13,3
07/22/2020,51125,Nelson,"Thomas Jefferson",29,0,0
07/22/2020,51127,"New Kent",Chickahominy,98,8,1
07/22/2020,51131,Northampton,"Eastern Shore",285,44,28
07/22/2020,51133,Northumberland,"Three Rivers",55,2,1
07/22/2020,51135,Nottoway,Piedmont,157,40,6
07/22/2020,51137,Orange,"Rappahannock Rapidan",187,16,3
07/22/2020,51139,Page,"Lord Fairfax",324,32,23
07/22/2020,51141,Patrick,"West Piedmont",67,14,2
07/22/2020,51143,Pittsylvania,Pittsylvania-Danville,248,24,2
07/22/2020,51145,Powhatan,Chesterfield,105,8,3
07/22/2020,51147,"Prince Edward",Piedmont,242,27,6
07/22/2020,51149,"Prince George",Crater,293,13,2
07/22/2020,51153,"Prince William","Prince William",8265,743,165
07/22/2020,51155,Pulaski,"New River",61,8,2
07/22/2020,51157,Rappahannock,"Rappahannock Rapidan",36,4,1
07/22/2020,51159,"Richmond County","Three Rivers",319,13,4
07/22/2020,51161,"Roanoke County",Alleghany,377,13,6
07/22/2020,51163,Rockbridge,"Central Shenandoah",51,0,0
07/22/2020,51165,Rockingham,"Central Shenandoah",836,89,16
07/22/2020,51167,Russell,"Cumberland Plateau",35,7,0
07/22/2020,51169,Scott,Lenowisco,30,4,2
07/22/2020,51171,Shenandoah,"Lord Fairfax",655,71,40
07/22/2020,51173,Smyth,"Mount Rogers",74,6,1
07/22/2020,51175,Southampton,"Western Tidewater",205,10,11
07/22/2020,51177,Spotsylvania,Rappahannock,1197,86,33
07/22/2020,51179,Stafford,Rappahannock,1151,110,6
07/22/2020,51181,Surry,Crater,30,4,1
07/22/2020,51183,Sussex,Crater,238,19,7
07/22/2020,51185,Tazewell,"Cumberland Plateau",54,1,0
07/22/2020,51187,Warren,"Lord Fairfax",340,22,8
07/22/2020,51191,Washington,"Mount Rogers",118,16,4
07/22/2020,51193,Westmoreland,"Three Rivers",187,14,2
07/22/2020,51195,Wise,Lenowisco,58,13,3
07/22/2020,51197,Wythe,"Mount Rogers",78,8,2
07/22/2020,51199,York,Peninsula,237,13,3
07/22/2020,51510,Alexandria,Alexandria,2618,256,56
07/22/2020,51520,Bristol,"Mount Rogers",27,2,0
07/22/2020,51530,"Buena Vista City","Central Shenandoah",36,2,0
07/22/2020,51540,Charlottesville,"Thomas Jefferson",371,21,8
07/22/2020,51550,Chesapeake,Chesapeake,1850,176,24
07/22/2020,51570,"Colonial Heights",Chesterfield,168,22,20
07/22/2020,51580,Covington,Alleghany,7,0,0
07/22/2020,51590,Danville,Pittsylvania-Danville,214,32,3
07/22/2020,51595,Emporia,Crater,154,24,15
07/22/2020,51600,"Fairfax City",Fairfax,74,9,7
07/22/2020,51610,"Falls Church",Fairfax,54,10,6
07/22/2020,51620,"Franklin City","Western Tidewater",96,7,4
07/22/2020,51630,Fredericksburg,Rappahannock,302,30,1
07/22/2020,51640,Galax,"Mount Rogers",305,34,16
07/22/2020,51650,Hampton,Hampton,772,43,4
07/22/2020,51660,Harrisonburg,"Central Shenandoah",1013,77,29
07/22/2020,51670,Hopewell,Crater,236,22,5
07/22/2020,51678,Lexington,"Central Shenandoah",26,1,0
07/22/2020,51680,Lynchburg,"Central Virginia",294,6,1
07/22/2020,51683,"Manassas City","Prince William",1544,117,20
07/22/2020,51685,"Manassas Park","Prince William",478,49,7
07/22/2020,51690,Martinsville,"West Piedmont",145,21,1
07/22/2020,51700,"Newport News",Peninsula,1276,65,14
07/22/2020,51710,Norfolk,Norfolk,2389,149,20
07/22/2020,51720,Norton,Lenowisco,5,2,0
07/22/2020,51730,Petersburg,Crater,374,57,9
07/22/2020,51735,Poquoson,Peninsula,30,2,0
07/22/2020,51740,Portsmouth,Portsmouth,1085,103,21
07/22/2020,51750,Radford,"New River",21,1,0
07/22/2020,51760,"Richmond City",Richmond,2643,261,35
07/22/2020,51770,"Roanoke City",Roanoke,679,15,10
07/22/2020,51775,Salem,Alleghany,116,5,3
07/22/2020,51790,Staunton,"Central Shenandoah",122,8,0
07/22/2020,51800,Suffolk,"Western Tidewater",797,77,45
07/22/2020,51810,"Virginia Beach","Virginia Beach",2968,170,39
07/22/2020,51820,Waynesboro,"Central Shenandoah",150,8,2
07/22/2020,51830,Williamsburg,Peninsula,97,12,6
07/22/2020,51840,Winchester,"Lord Fairfax",380,27,4
07/23/2020,51067,"Franklin County","West Piedmont",132,8,1
07/23/2020,51071,Giles,"New River",18,1,0
07/23/2020,51630,Fredericksburg,Rappahannock,308,31,1
07/23/2020,51113,Madison,"Rappahannock Rapidan",51,5,1
07/23/2020,51185,Tazewell,"Cumberland Plateau",55,1,0
07/23/2020,51760,"Richmond City",Richmond,2670,263,35
07/23/2020,51730,Petersburg,Crater,380,57,9
07/23/2020,51163,Rockbridge,"Central Shenandoah",51,0,0
07/23/2020,51165,Rockingham,"Central Shenandoah",838,91,16
07/23/2020,51015,Augusta,"Central Shenandoah",233,8,2
07/23/2020,51087,Henrico,Henrico,3139,300,177
07/23/2020,51640,Galax,"Mount Rogers",306,34,16
07/23/2020,51069,Frederick,"Lord Fairfax",614,46,7
07/23/2020,51147,"Prince Edward",Piedmont,242,27,6
07/23/2020,51059,Fairfax,Fairfax,15126,1797,511
07/23/2020,51750,Radford,"New River",21,1,0
07/23/2020,51131,Northampton,"Eastern Shore",289,44,28
07/23/2020,51051,Dickenson,"Cumberland Plateau",11,0,0
07/23/2020,51179,Stafford,Rappahannock,1163,111,7
07/23/2020,51037,Charlotte,Piedmont,43,5,0
07/23/2020,51035,Carroll,"Mount Rogers",284,25,10
07/23/2020,51073,Gloucester,"Three Rivers",115,12,1
07/23/2020,51173,Smyth,"Mount Rogers",75,6,1
07/23/2020,51683,"Manassas City","Prince William",1553,117,20
07/23/2020,51097,"King and Queen","Three Rivers",32,4,1
07/23/2020,51001,Accomack,"Eastern Shore",1059,76,15
07/23/2020,51091,Highland,"Central Shenandoah",3,0,0
07/23/2020,51620,"Franklin City","Western Tidewater",97,7,4
07/23/2020,51115,Mathews,"Three Rivers",9,2,0
07/23/2020,51678,Lexington,"Central Shenandoah",26,1,0
07/23/2020,51193,Westmoreland,"Three Rivers",187,14,2
07/23/2020,51191,Washington,"Mount Rogers",119,16,4
07/23/2020,51700,"Newport News",Peninsula,1308,69,14
07/23/2020,51027,Buchanan,"Cumberland Plateau",62,2,0
07/23/2020,51135,Nottoway,Piedmont,157,40,6
07/23/2020,51740,Portsmouth,Portsmouth,1115,107,21
07/23/2020,51181,Surry,Crater,31,4,1
07/23/2020,51187,Warren,"Lord Fairfax",339,22,7
07/23/2020,51007,Amelia,Piedmont,61,13,1
07/23/2020,51045,Craig,Alleghany,11,1,0
07/23/2020,51650,Hampton,Hampton,786,46,4
07/23/2020,51167,Russell,"Cumberland Plateau",36,7,0
07/23/2020,51820,Waynesboro,"Central Shenandoah",154,8,2
07/23/2020,51177,Spotsylvania,Rappahannock,1212,87,33
07/23/2020,51009,Amherst,"Central Virginia",67,3,0
07/23/2020,51103,Lancaster,"Three Rivers",24,1,0
07/23/2020,51049,Cumberland,Piedmont,60,4,0
07/23/2020,51199,York,Peninsula,243,14,3
07/23/2020,51680,Lynchburg,"Central Virginia",295,6,1
07/23/2020,51089,Henry,"West Piedmont",422,42,5
07/23/2020,51183,Sussex,Crater,245,19,7
07/23/2020,51735,Poquoson,Peninsula,30,2,0
07/23/2020,51025,Brunswick,Southside,163,23,1
07/23/2020,51117,Mecklenburg,Southside,286,34,30
07/23/2020,51685,"Manassas Park","Prince William",479,49,7
07/23/2020,51720,Norton,Lenowisco,8,2,0
07/23/2020,51109,Louisa,"Thomas Jefferson",157,21,2
07/23/2020,51810,"Virginia Beach","Virginia Beach",3030,174,39
07/23/2020,51101,"King William","Three Rivers",67,7,2
07/23/2020,51061,Fauquier,"Rappahannock Rapidan",551,33,8
07/23/2020,51053,Dinwiddie,Crater,172,30,2
07/23/2020,51077,Grayson,"Mount Rogers",110,6,4
07/23/2020,51775,Salem,Alleghany,117,5,3
07/23/2020,51081,Greensville,Crater,394,23,9
07/23/2020,51660,Harrisonburg,"Central Shenandoah",1015,79,29
07/23/2020,51790,Staunton,"Central Shenandoah",124,8,0
07/23/2020,51520,Bristol,"Mount Rogers",31,2,0
07/23/2020,51127,"New Kent",Chickahominy,99,8,1
07/23/2020,51197,Wythe,"Mount Rogers",83,9,2
07/23/2020,51175,Southampton,"Western Tidewater",210,11,11
07/23/2020,51570,"Colonial Heights",Chesterfield,168,22,20
07/23/2020,51155,Pulaski,"New River",62,8,2
07/23/2020,51195,Wise,Lenowisco,61,13,3
07/23/2020,51043,Clarke,"Lord Fairfax",62,7,0
07/23/2020,51137,Orange,"Rappahannock Rapidan",188,15,3
07/23/2020,51710,Norfolk,Norfolk,2489,152,20
07/23/2020,51840,Winchester,"Lord Fairfax",382,27,4
07/23/2020,51031,Campbell,"Central Virginia",89,3,1
07/23/2020,51033,Caroline,Rappahannock,167,21,4
07/23/2020,51075,Goochland,Chickahominy,143,24,6
07/23/2020,51800,Suffolk,"Western Tidewater",826,80,45
07/23/2020,51149,"Prince George",Crater,298,13,2
07/23/2020,51083,Halifax,Southside,110,5,1
07/23/2020,51036,"Charles City",Chickahominy,45,15,3
07/23/2020,51017,Bath,"Central Shenandoah",3,0,0
07/23/2020,51153,"Prince William","Prince William",8321,758,165
07/23/2020,51093,"Isle of Wight","Western Tidewater",294,19,9
07/23/2020,51019,Bedford,"Central Virginia",212,4,4
07/23/2020,51159,"Richmond County","Three Rivers",318,13,4
07/23/2020,51690,Martinsville,"West Piedmont",147,21,1
07/23/2020,51550,Chesapeake,Chesapeake,1867,179,24
07/23/2020,51830,Williamsburg,Peninsula,99,12,6
07/23/2020,51099,"King George",Rappahannock,111,15,4
07/23/2020,51079,Greene,"Thomas Jefferson",108,7,2
07/23/2020,51095,"James City",Peninsula,471,59,16
07/23/2020,51139,Page,"Lord Fairfax",326,35,24
07/23/2020,51590,Danville,Pittsylvania-Danville,229,33,3
07/23/2020,51133,Northumberland,"Three Rivers",55,3,1
07/23/2020,51171,Shenandoah,"Lord Fairfax",649,70,40
07/23/2020,51063,Floyd,"New River",26,2,1
07/23/2020,51600,"Fairfax City",Fairfax,74,9,7
07/23/2020,51005,Alleghany,Alleghany,56,5,2
07/23/2020,51580,Covington,Alleghany,7,0,0
07/23/2020,51540,Charlottesville,"Thomas Jefferson",385,22,8
07/23/2020,51057,Essex,"Three Rivers",72,5,0
07/23/2020,51161,"Roanoke County",Alleghany,383,13,6
07/23/2020,51107,Loudoun,Loudoun,4758,325,106
07/23/2020,51041,Chesterfield,Chesterfield,3609,195,65
07/23/2020,51029,Buckingham,Piedmont,590,23,6
07/23/2020,51111,Lunenburg,Piedmont,45,4,0
07/23/2020,51610,"Falls Church",Fairfax,55,10,6
07/23/2020,51121,Montgomery,"New River",232,13,3
07/23/2020,51530,"Buena Vista City","Central Shenandoah",37,2,0
07/23/2020,51021,Bland,"Mount Rogers",7,0,0
07/23/2020,51143,Pittsylvania,Pittsylvania-Danville,253,24,2
07/23/2020,51013,Arlington,Arlington,2776,431,135
07/23/2020,51125,Nelson,"Thomas Jefferson",30,0,0
07/23/2020,51595,Emporia,Crater,156,24,15
07/23/2020,51047,Culpeper,"Rappahannock Rapidan",915,72,12
07/23/2020,51065,Fluvanna,"Thomas Jefferson",154,29,8
07/23/2020,51670,Hopewell,Crater,238,22,5
07/23/2020,51003,Albemarle,"Thomas Jefferson",671,50,10
07/23/2020,51157,Rappahannock,"Rappahannock Rapidan",36,4,1
07/23/2020,51085,Hanover,Chickahominy,539,71,30
07/23/2020,51011,Appomattox,"Central Virginia",55,2,0
07/23/2020,51023,Botetourt,Alleghany,168,13,4
07/23/2020,51169,Scott,Lenowisco,30,4,2
07/23/2020,51145,Powhatan,Chesterfield,108,8,3
07/23/2020,51105,Lee,Lenowisco,58,4,0
07/23/2020,51510,Alexandria,Alexandria,2639,256,56
07/23/2020,51770,"Roanoke City",Roanoke,684,15,10
07/23/2020,51141,Patrick,"West Piedmont",67,14,3
07/23/2020,51119,Middlesex,"Three Rivers",21,2,1
07/24/2020,51001,Accomack,"Eastern Shore",1059,76,15
07/24/2020,51003,Albemarle,"Thomas Jefferson",685,50,10
07/24/2020,51005,Alleghany,Alleghany,56,5,2
07/24/2020,51007,Amelia,Piedmont,61,13,1
07/24/2020,51009,Amherst,"Central Virginia",71,3,0
07/24/2020,51011,Appomattox,"Central Virginia",55,2,0
07/24/2020,51013,Arlington,Arlington,2783,431,135
07/24/2020,51015,Augusta,"Central Shenandoah",236,8,3
07/24/2020,51017,Bath,"Central Shenandoah",3,0,0
07/24/2020,51019,Bedford,"Central Virginia",217,5,4
07/24/2020,51021,Bland,"Mount Rogers",7,0,0
07/24/2020,51023,Botetourt,Alleghany,171,13,4
07/24/2020,51025,Brunswick,Southside,170,23,1
07/24/2020,51027,Buchanan,"Cumberland Plateau",62,2,0
07/24/2020,51029,Buckingham,Piedmont,590,23,6
07/24/2020,51031,Campbell,"Central Virginia",94,3,1
07/24/2020,51033,Caroline,Rappahannock,167,22,4
07/24/2020,51035,Carroll,"Mount Rogers",290,26,10
07/24/2020,51036,"Charles City",Chickahominy,45,15,3
07/24/2020,51037,Charlotte,Piedmont,45,5,0
07/24/2020,51041,Chesterfield,Chesterfield,3673,197,66
07/24/2020,51043,Clarke,"Lord Fairfax",63,7,0
07/24/2020,51045,Craig,Alleghany,11,1,0
07/24/2020,51047,Culpeper,"Rappahannock Rapidan",916,72,12
07/24/2020,51049,Cumberland,Piedmont,60,4,0
07/24/2020,51051,Dickenson,"Cumberland Plateau",12,0,0
07/24/2020,51053,Dinwiddie,Crater,173,30,2
07/24/2020,51057,Essex,"Three Rivers",73,5,0
07/24/2020,51059,Fairfax,Fairfax,15231,1837,513
07/24/2020,51061,Fauquier,"Rappahannock Rapidan",552,34,8
07/24/2020,51063,Floyd,"New River",26,2,1
07/24/2020,51065,Fluvanna,"Thomas Jefferson",157,29,8
07/24/2020,51067,"Franklin County","West Piedmont",137,8,1
07/24/2020,51069,Frederick,"Lord Fairfax",626,46,7
07/24/2020,51071,Giles,"New River",18,1,0
07/24/2020,51073,Gloucester,"Three Rivers",118,12,1
07/24/2020,51075,Goochland,Chickahominy,144,24,6
07/24/2020,51077,Grayson,"Mount Rogers",113,6,4
07/24/2020,51079,Greene,"Thomas Jefferson",114,7,2
07/24/2020,51081,Greensville,Crater,398,24,9
07/24/2020,51083,Halifax,Southside,113,5,1
07/24/2020,51085,Hanover,Chickahominy,546,71,30
07/24/2020,51087,Henrico,Henrico,3190,300,177
07/24/2020,51089,Henry,"West Piedmont",424,43,5
07/24/2020,51091,Highland,"Central Shenandoah",3,0,0
07/24/2020,51093,"Isle of Wight","Western Tidewater",300,19,9
07/24/2020,51095,"James City",Peninsula,484,59,16
07/24/2020,51097,"King and Queen","Three Rivers",33,4,1
07/24/2020,51099,"King George",Rappahannock,112,15,4
07/24/2020,51101,"King William","Three Rivers",69,7,2
07/24/2020,51103,Lancaster,"Three Rivers",24,1,0
07/24/2020,51105,Lee,Lenowisco,61,4,0
07/24/2020,51107,Loudoun,Loudoun,4769,326,106
07/24/2020,51109,Louisa,"Thomas Jefferson",158,21,2
07/24/2020,51111,Lunenburg,Piedmont,45,4,0
07/24/2020,51113,Madison,"Rappahannock Rapidan",51,5,1
07/24/2020,51115,Mathews,"Three Rivers",11,2,0
07/24/2020,51117,Mecklenburg,Southside,288,34,30
07/24/2020,51119,Middlesex,"Three Rivers",20,2,1
07/24/2020,51121,Montgomery,"New River",234,13,3
07/24/2020,51125,Nelson,"Thomas Jefferson",32,0,0
07/24/2020,51127,"New Kent",Chickahominy,103,8,1
07/24/2020,51131,Northampton,"Eastern Shore",292,45,28
07/24/2020,51133,Northumberland,"Three Rivers",56,3,1
07/24/2020,51135,Nottoway,Piedmont,157,40,6
07/24/2020,51137,Orange,"Rappahannock Rapidan",191,15,3
07/24/2020,51139,Page,"Lord Fairfax",326,35,24
07/24/2020,51141,Patrick,"West Piedmont",85,14,3
07/24/2020,51143,Pittsylvania,Pittsylvania-Danville,254,24,2
07/24/2020,51145,Powhatan,Chesterfield,110,8,3
07/24/2020,51147,"Prince Edward",Piedmont,242,27,6
07/24/2020,51149,"Prince George",Crater,302,13,2
07/24/2020,51153,"Prince William","Prince William",8370,762,167
07/24/2020,51155,Pulaski,"New River",63,8,2
07/24/2020,51157,Rappahannock,"Rappahannock Rapidan",39,4,1
07/24/2020,51159,"Richmond County","Three Rivers",318,13,4
07/24/2020,51161,"Roanoke County",Alleghany,390,13,6
07/24/2020,51163,Rockbridge,"Central Shenandoah",54,1,0
07/24/2020,51165,Rockingham,"Central Shenandoah",841,91,16
07/24/2020,51167,Russell,"Cumberland Plateau",38,7,1
07/24/2020,51169,Scott,Lenowisco,33,4,3
07/24/2020,51171,Shenandoah,"Lord Fairfax",658,70,40
07/24/2020,51173,Smyth,"Mount Rogers",86,6,2
07/24/2020,51175,Southampton,"Western Tidewater",217,11,11
07/24/2020,51177,Spotsylvania,Rappahannock,1213,87,33
07/24/2020,51179,Stafford,Rappahannock,1169,111,7
07/24/2020,51181,Surry,Crater,35,4,1
07/24/2020,51183,Sussex,Crater,253,20,7
07/24/2020,51185,Tazewell,"Cumberland Plateau",57,1,0
07/24/2020,51187,Warren,"Lord Fairfax",339,22,7
07/24/2020,51191,Washington,"Mount Rogers",131,16,4
07/24/2020,51193,Westmoreland,"Three Rivers",187,14,2
07/24/2020,51195,Wise,Lenowisco,61,13,3
07/24/2020,51197,Wythe,"Mount Rogers",84,9,3
07/24/2020,51199,York,Peninsula,259,14,3
07/24/2020,51510,Alexandria,Alexandria,2662,262,56
07/24/2020,51520,Bristol,"Mount Rogers",34,2,0
07/24/2020,51530,"Buena Vista City","Central Shenandoah",36,2,0
07/24/2020,51540,Charlottesville,"Thomas Jefferson",405,22,8
07/24/2020,51550,Chesapeake,Chesapeake,1953,180,24
07/24/2020,51570,"Colonial Heights",Chesterfield,171,22,20
07/24/2020,51580,Covington,Alleghany,8,0,0
07/24/2020,51590,Danville,Pittsylvania-Danville,233,33,3
07/24/2020,51595,Emporia,Crater,156,24,15
07/24/2020,51600,"Fairfax City",Fairfax,73,10,7
07/24/2020,51610,"Falls Church",Fairfax,55,10,6
07/24/2020,51620,"Franklin City","Western Tidewater",98,7,4
07/24/2020,51630,Fredericksburg,Rappahannock,312,31,1
07/24/2020,51640,Galax,"Mount Rogers",312,34,16
07/24/2020,51650,Hampton,Hampton,822,48,4
07/24/2020,51660,Harrisonburg,"Central Shenandoah",1018,79,29
07/24/2020,51670,Hopewell,Crater,239,22,5
07/24/2020,51678,Lexington,"Central Shenandoah",26,1,0
07/24/2020,51680,Lynchburg,"Central Virginia",301,6,1
07/24/2020,51683,"Manassas City","Prince William",1559,117,20
07/24/2020,51685,"Manassas Park","Prince William",482,49,7
07/24/2020,51690,Martinsville,"West Piedmont",149,21,1
07/24/2020,51700,"Newport News",Peninsula,1356,69,14
07/24/2020,51710,Norfolk,Norfolk,2582,155,20
07/24/2020,51720,Norton,Lenowisco,9,2,0
07/24/2020,51730,Petersburg,Crater,385,57,9
07/24/2020,51735,Poquoson,Peninsula,32,2,0
07/24/2020,51740,Portsmouth,Portsmouth,1165,107,21
07/24/2020,51750,Radford,"New River",22,1,0
07/24/2020,51760,"Richmond City",Richmond,2686,265,36
07/24/2020,51770,"Roanoke City",Roanoke,690,15,10
07/24/2020,51775,Salem,Alleghany,119,5,3
07/24/2020,51790,Staunton,"Central Shenandoah",128,9,0
07/24/2020,51800,Suffolk,"Western Tidewater",862,83,45
07/24/2020,51810,"Virginia Beach","Virginia Beach",3119,177,41
07/24/2020,51820,Waynesboro,"Central Shenandoah",160,8,2
07/24/2020,51830,Williamsburg,Peninsula,100,12,6
07/24/2020,51840,Winchester,"Lord Fairfax",383,27,4
07/25/2020,51001,Accomack,"Eastern Shore",1060,76,15
07/25/2020,51003,Albemarle,"Thomas Jefferson",695,50,10
07/25/2020,51005,Alleghany,Alleghany,56,5,2
07/25/2020,51007,Amelia,Piedmont,65,13,1
07/25/2020,51009,Amherst,"Central Virginia",76,3,0
07/25/2020,51011,Appomattox,"Central Virginia",56,2,0
07/25/2020,51013,Arlington,Arlington,2801,431,135
07/25/2020,51015,Augusta,"Central Shenandoah",238,8,3
07/25/2020,51017,Bath,"Central Shenandoah",3,0,0
07/25/2020,51019,Bedford,"Central Virginia",224,5,4
07/25/2020,51021,Bland,"Mount Rogers",7,0,0
07/25/2020,51023,Botetourt,Alleghany,172,13,4
07/25/2020,51025,Brunswick,Southside,172,23,1
07/25/2020,51027,Buchanan,"Cumberland Plateau",62,2,0
07/25/2020,51029,Buckingham,Piedmont,591,23,6
07/25/2020,51031,Campbell,"Central Virginia",101,3,1
07/25/2020,51033,Caroline,Rappahannock,170,22,4
07/25/2020,51035,Carroll,"Mount Rogers",295,27,10
07/25/2020,51036,"Charles City",Chickahominy,45,15,3
07/25/2020,51037,Charlotte,Piedmont,46,5,0
07/25/2020,51041,Chesterfield,Chesterfield,3702,202,66
07/25/2020,51043,Clarke,"Lord Fairfax",63,7,0
07/25/2020,51045,Craig,Alleghany,11,1,0
07/25/2020,51047,Culpeper,"Rappahannock Rapidan",916,72,12
07/25/2020,51049,Cumberland,Piedmont,60,4,0
07/25/2020,51051,Dickenson,"Cumberland Plateau",12,0,0
07/25/2020,51053,Dinwiddie,Crater,175,30,2
07/25/2020,51057,Essex,"Three Rivers",73,7,1
07/25/2020,51059,Fairfax,Fairfax,15265,1849,515
07/25/2020,51061,Fauquier,"Rappahannock Rapidan",557,34,8
07/25/2020,51063,Floyd,"New River",27,2,1
07/25/2020,51065,Fluvanna,"Thomas Jefferson",157,29,8
07/25/2020,51067,"Franklin County","West Piedmont",138,8,1
07/25/2020,51069,Frederick,"Lord Fairfax",634,47,7
07/25/2020,51071,Giles,"New River",18,1,0
07/25/2020,51073,Gloucester,"Three Rivers",123,12,1
07/25/2020,51075,Goochland,Chickahominy,144,24,6
07/25/2020,51077,Grayson,"Mount Rogers",113,6,4
07/25/2020,51079,Greene,"Thomas Jefferson",119,7,2
07/25/2020,51081,Greensville,Crater,404,25,9
07/25/2020,51083,Halifax,Southside,118,5,1
07/25/2020,51085,Hanover,Chickahominy,557,73,30
07/25/2020,51087,Henrico,Henrico,3261,301,177
07/25/2020,51089,Henry,"West Piedmont",429,45,5
07/25/2020,51091,Highland,"Central Shenandoah",3,0,0
07/25/2020,51093,"Isle of Wight","Western Tidewater",306,19,9
07/25/2020,51095,"James City",Peninsula,490,59,16
07/25/2020,51097,"King and Queen","Three Rivers",33,4,1
07/25/2020,51099,"King George",Rappahannock,113,15,4
07/25/2020,51101,"King William","Three Rivers",70,7,2
07/25/2020,51103,Lancaster,"Three Rivers",26,1,0
07/25/2020,51105,Lee,Lenowisco,66,6,0
07/25/2020,51107,Loudoun,Loudoun,4796,325,106
07/25/2020,51109,Louisa,"Thomas Jefferson",160,21,2
07/25/2020,51111,Lunenburg,Piedmont,46,4,0
07/25/2020,51113,Madison,"Rappahannock Rapidan",53,5,1
07/25/2020,51115,Mathews,"Three Rivers",11,2,0
07/25/2020,51117,Mecklenburg,Southside,293,34,30
07/25/2020,51119,Middlesex,"Three Rivers",22,2,1
07/25/2020,51121,Montgomery,"New River",239,14,3
07/25/2020,51125,Nelson,"Thomas Jefferson",32,0,0
07/25/2020,51127,"New Kent",Chickahominy,106,9,1
07/25/2020,51131,Northampton,"Eastern Shore",293,45,28
07/25/2020,51133,Northumberland,"Three Rivers",56,3,1
07/25/2020,51135,Nottoway,Piedmont,159,40,6
07/25/2020,51137,Orange,"Rappahannock Rapidan",192,15,3
07/25/2020,51139,Page,"Lord Fairfax",328,36,24
07/25/2020,51141,Patrick,"West Piedmont",89,14,3
07/25/2020,51143,Pittsylvania,Pittsylvania-Danville,263,24,2
07/25/2020,51145,Powhatan,Chesterfield,111,8,3
07/25/2020,51147,"Prince Edward",Piedmont,246,27,6
07/25/2020,51149,"Prince George",Crater,304,14,2
07/25/2020,51153,"Prince William","Prince William",8417,762,167
07/25/2020,51155,Pulaski,"New River",63,8,2
07/25/2020,51157,Rappahannock,"Rappahannock Rapidan",39,4,1
07/25/2020,51159,"Richmond County","Three Rivers",320,14,4
07/25/2020,51161,"Roanoke County",Alleghany,390,13,6
07/25/2020,51163,Rockbridge,"Central Shenandoah",57,1,0
07/25/2020,51165,Rockingham,"Central Shenandoah",850,91,16
07/25/2020,51167,Russell,"Cumberland Plateau",39,7,1
07/25/2020,51169,Scott,Lenowisco,34,5,3
07/25/2020,51171,Shenandoah,"Lord Fairfax",657,69,40
07/25/2020,51173,Smyth,"Mount Rogers",88,6,2
07/25/2020,51175,Southampton,"Western Tidewater",219,11,11
07/25/2020,51177,Spotsylvania,Rappahannock,1212,89,32
07/25/2020,51179,Stafford,Rappahannock,1176,111,7
07/25/2020,51181,Surry,Crater,35,4,1
07/25/2020,51183,Sussex,Crater,256,20,7
07/25/2020,51185,Tazewell,"Cumberland Plateau",65,2,0
07/25/2020,51187,Warren,"Lord Fairfax",341,22,7
07/25/2020,51191,Washington,"Mount Rogers",136,16,4
07/25/2020,51193,Westmoreland,"Three Rivers",188,14,2
07/25/2020,51195,Wise,Lenowisco,62,13,3
07/25/2020,51197,Wythe,"Mount Rogers",88,9,3
07/25/2020,51199,York,Peninsula,270,14,3
07/25/2020,51510,Alexandria,Alexandria,2687,264,57
07/25/2020,51520,Bristol,"Mount Rogers",39,2,0
07/25/2020,51530,"Buena Vista City","Central Shenandoah",40,2,0
07/25/2020,51540,Charlottesville,"Thomas Jefferson",412,22,8
07/25/2020,51550,Chesapeake,Chesapeake,2079,181,24
07/25/2020,51570,"Colonial Heights",Chesterfield,171,23,20
07/25/2020,51580,Covington,Alleghany,8,0,0
07/25/2020,51590,Danville,Pittsylvania-Danville,241,33,3
07/25/2020,51595,Emporia,Crater,156,24,15
07/25/2020,51600,"Fairfax City",Fairfax,74,10,7
07/25/2020,51610,"Falls Church",Fairfax,55,10,6
07/25/2020,51620,"Franklin City","Western Tidewater",103,7,4
07/25/2020,51630,Fredericksburg,Rappahannock,318,36,2
07/25/2020,51640,Galax,"Mount Rogers",317,34,16
07/25/2020,51650,Hampton,Hampton,848,48,4
07/25/2020,51660,Harrisonburg,"Central Shenandoah",1021,79,29
07/25/2020,51670,Hopewell,Crater,239,22,5
07/25/2020,51678,Lexington,"Central Shenandoah",28,1,0
07/25/2020,51680,Lynchburg,"Central Virginia",312,6,1
07/25/2020,51683,"Manassas City","Prince William",1561,117,20
07/25/2020,51685,"Manassas Park","Prince William",482,49,7
07/25/2020,51690,Martinsville,"West Piedmont",149,21,2
07/25/2020,51700,"Newport News",Peninsula,1385,71,15
07/25/2020,51710,Norfolk,Norfolk,2661,157,20
07/25/2020,51720,Norton,Lenowisco,9,2,0
07/25/2020,51730,Petersburg,Crater,390,57,9
07/25/2020,51735,Poquoson,Peninsula,32,2,0
07/25/2020,51740,Portsmouth,Portsmouth,1225,109,21
07/25/2020,51750,Radford,"New River",22,1,0
07/25/2020,51760,"Richmond City",Richmond,2695,265,36
07/25/2020,51770,"Roanoke City",Roanoke,698,15,10
07/25/2020,51775,Salem,Alleghany,119,5,3
07/25/2020,51790,Staunton,"Central Shenandoah",131,9,0
07/25/2020,51800,Suffolk,"Western Tidewater",886,83,45
07/25/2020,51810,"Virginia Beach","Virginia Beach",3448,180,43
07/25/2020,51820,Waynesboro,"Central Shenandoah",163,8,2
07/25/2020,51830,Williamsburg,Peninsula,101,12,6
07/25/2020,51840,Winchester,"Lord Fairfax",385,28,4
07/26/2020,51001,Accomack,"Eastern Shore",1063,76,15
07/26/2020,51003,Albemarle,"Thomas Jefferson",705,50,10
07/26/2020,51005,Alleghany,Alleghany,57,5,2
07/26/2020,51007,Amelia,Piedmont,66,13,1
07/26/2020,51009,Amherst,"Central Virginia",81,3,0
07/26/2020,51011,Appomattox,"Central Virginia",59,2,0
07/26/2020,51013,Arlington,Arlington,2807,431,135
07/26/2020,51015,Augusta,"Central Shenandoah",239,8,3
07/26/2020,51017,Bath,"Central Shenandoah",3,0,0
07/26/2020,51019,Bedford,"Central Virginia",232,5,4
07/26/2020,51021,Bland,"Mount Rogers",7,0,0
07/26/2020,51023,Botetourt,Alleghany,177,13,4
07/26/2020,51025,Brunswick,Southside,174,23,1
07/26/2020,51027,Buchanan,"Cumberland Plateau",64,2,0
07/26/2020,51029,Buckingham,Piedmont,592,23,6
07/26/2020,51031,Campbell,"Central Virginia",102,3,1
07/26/2020,51033,Caroline,Rappahannock,170,22,4
07/26/2020,51035,Carroll,"Mount Rogers",299,27,10
07/26/2020,51036,"Charles City",Chickahominy,45,15,3
07/26/2020,51037,Charlotte,Piedmont,46,5,0
07/26/2020,51041,Chesterfield,Chesterfield,3730,203,66
07/26/2020,51043,Clarke,"Lord Fairfax",63,7,0
07/26/2020,51045,Craig,Alleghany,12,1,0
07/26/2020,51047,Culpeper,"Rappahannock Rapidan",919,72,12
07/26/2020,51049,Cumberland,Piedmont,60,4,0
07/26/2020,51051,Dickenson,"Cumberland Plateau",13,1,0
07/26/2020,51053,Dinwiddie,Crater,179,30,2
07/26/2020,51057,Essex,"Three Rivers",73,7,1
07/26/2020,51059,Fairfax,Fairfax,15304,1851,515
07/26/2020,51061,Fauquier,"Rappahannock Rapidan",559,34,8
07/26/2020,51063,Floyd,"New River",27,2,1
07/26/2020,51065,Fluvanna,"Thomas Jefferson",160,29,8
07/26/2020,51067,"Franklin County","West Piedmont",141,8,1
07/26/2020,51069,Frederick,"Lord Fairfax",638,47,7
07/26/2020,51071,Giles,"New River",20,1,0
07/26/2020,51073,Gloucester,"Three Rivers",127,12,1
07/26/2020,51075,Goochland,Chickahominy,145,24,6
07/26/2020,51077,Grayson,"Mount Rogers",117,7,4
07/26/2020,51079,Greene,"Thomas Jefferson",123,7,2
07/26/2020,51081,Greensville,Crater,403,25,9
07/26/2020,51083,Halifax,Southside,123,5,1
07/26/2020,51085,Hanover,Chickahominy,563,74,30
07/26/2020,51087,Henrico,Henrico,3290,301,178
07/26/2020,51089,Henry,"West Piedmont",434,46,5
07/26/2020,51091,Highland,"Central Shenandoah",3,0,0
07/26/2020,51093,"Isle of Wight","Western Tidewater",305,19,9
07/26/2020,51095,"James City",Peninsula,497,59,16
07/26/2020,51097,"King and Queen","Three Rivers",34,4,1
07/26/2020,51099,"King George",Rappahannock,116,15,4
07/26/2020,51101,"King William","Three Rivers",71,7,2
07/26/2020,51103,Lancaster,"Three Rivers",26,1,0
07/26/2020,51105,Lee,Lenowisco,74,6,0
07/26/2020,51107,Loudoun,Loudoun,4820,325,106
07/26/2020,51109,Louisa,"Thomas Jefferson",160,21,2
07/26/2020,51111,Lunenburg,Piedmont,46,4,0
07/26/2020,51113,Madison,"Rappahannock Rapidan",53,5,1
07/26/2020,51115,Mathews,"Three Rivers",11,2,0
07/26/2020,51117,Mecklenburg,Southside,294,34,30
07/26/2020,51119,Middlesex,"Three Rivers",22,2,1
07/26/2020,51121,Montgomery,"New River",242,14,3
07/26/2020,51125,Nelson,"Thomas Jefferson",32,0,0
07/26/2020,51127,"New Kent",Chickahominy,106,9,1
07/26/2020,51131,Northampton,"Eastern Shore",293,45,28
07/26/2020,51133,Northumberland,"Three Rivers",59,3,1
07/26/2020,51135,Nottoway,Piedmont,159,40,6
07/26/2020,51137,Orange,"Rappahannock Rapidan",194,15,3
07/26/2020,51139,Page,"Lord Fairfax",328,36,24
07/26/2020,51141,Patrick,"West Piedmont",99,15,3
07/26/2020,51143,Pittsylvania,Pittsylvania-Danville,270,24,2
07/26/2020,51145,Powhatan,Chesterfield,111,8,3
07/26/2020,51147,"Prince Edward",Piedmont,258,27,6
07/26/2020,51149,"Prince George",Crater,318,14,2
07/26/2020,51153,"Prince William","Prince William",8458,763,167
07/26/2020,51155,Pulaski,"New River",67,8,2
07/26/2020,51157,Rappahannock,"Rappahannock Rapidan",39,4,1
07/26/2020,51159,"Richmond County","Three Rivers",322,14,4
07/26/2020,51161,"Roanoke County",Alleghany,398,13,6
07/26/2020,51163,Rockbridge,"Central Shenandoah",62,1,0
07/26/2020,51165,Rockingham,"Central Shenandoah",852,91,16
07/26/2020,51167,Russell,"Cumberland Plateau",46,7,1
07/26/2020,51169,Scott,Lenowisco,37,5,3
07/26/2020,51171,Shenandoah,"Lord Fairfax",659,69,40
07/26/2020,51173,Smyth,"Mount Rogers",90,6,2
07/26/2020,51175,Southampton,"Western Tidewater",224,11,11
07/26/2020,51177,Spotsylvania,Rappahannock,1225,89,32
07/26/2020,51179,Stafford,Rappahannock,1185,111,7
07/26/2020,51181,Surry,Crater,35,4,1
07/26/2020,51183,Sussex,Crater,259,21,7
07/26/2020,51185,Tazewell,"Cumberland Plateau",67,2,0
07/26/2020,51187,Warren,"Lord Fairfax",342,22,7
07/26/2020,51191,Washington,"Mount Rogers",142,16,4
07/26/2020,51193,Westmoreland,"Three Rivers",190,15,2
07/26/2020,51195,Wise,Lenowisco,62,13,3
07/26/2020,51197,Wythe,"Mount Rogers",93,10,3
07/26/2020,51199,York,Peninsula,279,14,3
07/26/2020,51510,Alexandria,Alexandria,2695,265,57
07/26/2020,51520,Bristol,"Mount Rogers",40,2,0
07/26/2020,51530,"Buena Vista City","Central Shenandoah",42,2,0
07/26/2020,51540,Charlottesville,"Thomas Jefferson",420,22,8
07/26/2020,51550,Chesapeake,Chesapeake,2151,183,25
07/26/2020,51570,"Colonial Heights",Chesterfield,172,23,20
07/26/2020,51580,Covington,Alleghany,9,0,0
07/26/2020,51590,Danville,Pittsylvania-Danville,247,33,3
07/26/2020,51595,Emporia,Crater,157,24,15
07/26/2020,51600,"Fairfax City",Fairfax,74,10,7
07/26/2020,51610,"Falls Church",Fairfax,55,10,6
07/26/2020,51620,"Franklin City","Western Tidewater",107,7,4
07/26/2020,51630,Fredericksburg,Rappahannock,320,37,3
07/26/2020,51640,Galax,"Mount Rogers",322,36,16
07/26/2020,51650,Hampton,Hampton,873,48,4
07/26/2020,51660,Harrisonburg,"Central Shenandoah",1024,79,29
07/26/2020,51670,Hopewell,Crater,242,22,5
07/26/2020,51678,Lexington,"Central Shenandoah",28,1,0
07/26/2020,51680,Lynchburg,"Central Virginia",323,6,1
07/26/2020,51683,"Manassas City","Prince William",1567,118,20
07/26/2020,51685,"Manassas Park","Prince William",483,49,7
07/26/2020,51690,Martinsville,"West Piedmont",149,21,2
07/26/2020,51700,"Newport News",Peninsula,1424,71,15
07/26/2020,51710,Norfolk,Norfolk,2771,157,20
07/26/2020,51720,Norton,Lenowisco,9,2,0
07/26/2020,51730,Petersburg,Crater,391,57,9
07/26/2020,51735,Poquoson,Peninsula,32,2,0
07/26/2020,51740,Portsmouth,Portsmouth,1267,109,21
07/26/2020,51750,Radford,"New River",23,1,0
07/26/2020,51760,"Richmond City",Richmond,2712,265,36
07/26/2020,51770,"Roanoke City",Roanoke,724,16,10
07/26/2020,51775,Salem,Alleghany,122,5,3
07/26/2020,51790,Staunton,"Central Shenandoah",133,9,0
07/26/2020,51800,Suffolk,"Western Tidewater",914,83,45
07/26/2020,51810,"Virginia Beach","Virginia Beach",3548,183,43
07/26/2020,51820,Waynesboro,"Central Shenandoah",163,8,2
07/26/2020,51830,Williamsburg,Peninsula,102,12,6
07/26/2020,51840,Winchester,"Lord Fairfax",387,28,4
07/27/2020,51001,Accomack,"Eastern Shore",1065,76,15
07/27/2020,51003,Albemarle,"Thomas Jefferson",718,51,10
07/27/2020,51005,Alleghany,Alleghany,57,5,2
07/27/2020,51007,Amelia,Piedmont,66,13,1
07/27/2020,51009,Amherst,"Central Virginia",88,3,0
07/27/2020,51011,Appomattox,"Central Virginia",61,2,0
07/27/2020,51013,Arlington,Arlington,2823,431,135
07/27/2020,51015,Augusta,"Central Shenandoah",243,8,3
07/27/2020,51017,Bath,"Central Shenandoah",3,0,0
07/27/2020,51019,Bedford,"Central Virginia",236,5,4
07/27/2020,51021,Bland,"Mount Rogers",7,0,0
07/27/2020,51023,Botetourt,Alleghany,179,13,4
07/27/2020,51025,Brunswick,Southside,179,23,1
07/27/2020,51027,Buchanan,"Cumberland Plateau",64,2,0
07/27/2020,51029,Buckingham,Piedmont,592,23,6
07/27/2020,51031,Campbell,"Central Virginia",117,3,1
07/27/2020,51033,Caroline,Rappahannock,171,22,4
07/27/2020,51035,Carroll,"Mount Rogers",299,27,10
07/27/2020,51036,"Charles City",Chickahominy,45,15,3
07/27/2020,51037,Charlotte,Piedmont,46,5,0
07/27/2020,51041,Chesterfield,Chesterfield,3766,204,66
07/27/2020,51043,Clarke,"Lord Fairfax",64,7,0
07/27/2020,51045,Craig,Alleghany,14,1,0
07/27/2020,51047,Culpeper,"Rappahannock Rapidan",926,72,12
07/27/2020,51049,Cumberland,Piedmont,60,4,0
07/27/2020,51051,Dickenson,"Cumberland Plateau",16,1,0
07/27/2020,51053,Dinwiddie,Crater,187,30,2
07/27/2020,51057,Essex,"Three Rivers",73,7,1
07/27/2020,51059,Fairfax,Fairfax,15455,1855,517
07/27/2020,51061,Fauquier,"Rappahannock Rapidan",567,34,8
07/27/2020,51063,Floyd,"New River",29,2,1
07/27/2020,51065,Fluvanna,"Thomas Jefferson",165,30,8
07/27/2020,51067,"Franklin County","West Piedmont",141,8,1
07/27/2020,51069,Frederick,"Lord Fairfax",639,47,7
07/27/2020,51071,Giles,"New River",20,1,0
07/27/2020,51073,Gloucester,"Three Rivers",132,12,1
07/27/2020,51075,Goochland,Chickahominy,147,24,6
07/27/2020,51077,Grayson,"Mount Rogers",120,7,4
07/27/2020,51079,Greene,"Thomas Jefferson",134,8,2
07/27/2020,51081,Greensville,Crater,406,25,9
07/27/2020,51083,Halifax,Southside,123,5,1
07/27/2020,51085,Hanover,Chickahominy,575,74,30
07/27/2020,51087,Henrico,Henrico,3371,303,178
07/27/2020,51089,Henry,"West Piedmont",434,46,5
07/27/2020,51091,Highland,"Central Shenandoah",3,0,0
07/27/2020,51093,"Isle of Wight","Western Tidewater",315,20,9
07/27/2020,51095,"James City",Peninsula,510,59,16
07/27/2020,51097,"King and Queen","Three Rivers",34,4,1
07/27/2020,51099,"King George",Rappahannock,118,16,4
07/27/2020,51101,"King William","Three Rivers",73,7,2
07/27/2020,51103,Lancaster,"Three Rivers",28,1,0
07/27/2020,51105,Lee,Lenowisco,78,7,0
07/27/2020,51107,Loudoun,Loudoun,4914,327,106
07/27/2020,51109,Louisa,"Thomas Jefferson",165,22,2
07/27/2020,51111,Lunenburg,Piedmont,46,4,0
07/27/2020,51113,Madison,"Rappahannock Rapidan",56,5,1
07/27/2020,51115,Mathews,"Three Rivers",11,2,0
07/27/2020,51117,Mecklenburg,Southside,295,34,30
07/27/2020,51119,Middlesex,"Three Rivers",22,2,1
07/27/2020,51121,Montgomery,"New River",257,14,3
07/27/2020,51125,Nelson,"Thomas Jefferson",33,0,0
07/27/2020,51127,"New Kent",Chickahominy,108,9,1
07/27/2020,51131,Northampton,"Eastern Shore",297,45,28
07/27/2020,51133,Northumberland,"Three Rivers",59,3,1
07/27/2020,51135,Nottoway,Piedmont,159,40,6
07/27/2020,51137,Orange,"Rappahannock Rapidan",201,15,3
07/27/2020,51139,Page,"Lord Fairfax",329,36,24
07/27/2020,51141,Patrick,"West Piedmont",99,15,3
07/27/2020,51143,Pittsylvania,Pittsylvania-Danville,291,24,2
07/27/2020,51145,Powhatan,Chesterfield,112,9,4
07/27/2020,51147,"Prince Edward",Piedmont,258,27,6
07/27/2020,51149,"Prince George",Crater,319,14,2
07/27/2020,51153,"Prince William","Prince William",8580,764,167
07/27/2020,51155,Pulaski,"New River",71,9,2
07/27/2020,51157,Rappahannock,"Rappahannock Rapidan",39,4,2
07/27/2020,51159,"Richmond County","Three Rivers",316,13,4
07/27/2020,51161,"Roanoke County",Alleghany,405,13,6
07/27/2020,51163,Rockbridge,"Central Shenandoah",62,1,0
07/27/2020,51165,Rockingham,"Central Shenandoah",860,91,16
07/27/2020,51167,Russell,"Cumberland Plateau",50,8,1
07/27/2020,51169,Scott,Lenowisco,40,5,3
07/27/2020,51171,Shenandoah,"Lord Fairfax",660,70,40
07/27/2020,51173,Smyth,"Mount Rogers",91,6,2
07/27/2020,51175,Southampton,"Western Tidewater",226,12,11
07/27/2020,51177,Spotsylvania,Rappahannock,1244,91,33
07/27/2020,51179,Stafford,Rappahannock,1202,115,7
07/27/2020,51181,Surry,Crater,35,4,1
07/27/2020,51183,Sussex,Crater,264,21,7
07/27/2020,51185,Tazewell,"Cumberland Plateau",68,2,0
07/27/2020,51187,Warren,"Lord Fairfax",345,22,7
07/27/2020,51191,Washington,"Mount Rogers",146,16,4
07/27/2020,51193,Westmoreland,"Three Rivers",191,15,2
07/27/2020,51195,Wise,Lenowisco,70,14,3
07/27/2020,51197,Wythe,"Mount Rogers",93,10,3
07/27/2020,51199,York,Peninsula,282,14,3
07/27/2020,51510,Alexandria,Alexandria,2735,266,57
07/27/2020,51520,Bristol,"Mount Rogers",41,2,0
07/27/2020,51530,"Buena Vista City","Central Shenandoah",45,2,0
07/27/2020,51540,Charlottesville,"Thomas Jefferson",433,22,8
07/27/2020,51550,Chesapeake,Chesapeake,2246,191,25
07/27/2020,51570,"Colonial Heights",Chesterfield,173,23,20
07/27/2020,51580,Covington,Alleghany,10,0,0
07/27/2020,51590,Danville,Pittsylvania-Danville,269,33,3
07/27/2020,51595,Emporia,Crater,161,24,15
07/27/2020,51600,"Fairfax City",Fairfax,76,10,7
07/27/2020,51610,"Falls Church",Fairfax,55,10,6
07/27/2020,51620,"Franklin City","Western Tidewater",109,7,4
07/27/2020,51630,Fredericksburg,Rappahannock,329,38,2
07/27/2020,51640,Galax,"Mount Rogers",326,36,16
07/27/2020,51650,Hampton,Hampton,916,48,4
07/27/2020,51660,Harrisonburg,"Central Shenandoah",1028,79,29
07/27/2020,51670,Hopewell,Crater,248,22,5
07/27/2020,51678,Lexington,"Central Shenandoah",28,1,0
07/27/2020,51680,Lynchburg,"Central Virginia",354,6,1
07/27/2020,51683,"Manassas City","Prince William",1575,118,20
07/27/2020,51685,"Manassas Park","Prince William",486,49,7
07/27/2020,51690,Martinsville,"West Piedmont",149,21,2
07/27/2020,51700,"Newport News",Peninsula,1474,71,15
07/27/2020,51710,Norfolk,Norfolk,2779,158,20
07/27/2020,51720,Norton,Lenowisco,10,2,0
07/27/2020,51730,Petersburg,Crater,404,58,9
07/27/2020,51735,Poquoson,Peninsula,33,2,0
07/27/2020,51740,Portsmouth,Portsmouth,1291,109,21
07/27/2020,51750,Radford,"New River",25,2,0
07/27/2020,51760,"Richmond City",Richmond,2762,266,36
07/27/2020,51770,"Roanoke City",Roanoke,737,16,10
07/27/2020,51775,Salem,Alleghany,128,5,3
07/27/2020,51790,Staunton,"Central Shenandoah",135,9,0
07/27/2020,51800,Suffolk,"Western Tidewater",948,90,45
07/27/2020,51810,"Virginia Beach","Virginia Beach",3742,188,43
07/27/2020,51820,Waynesboro,"Central Shenandoah",164,8,2
07/27/2020,51830,Williamsburg,Peninsula,105,12,6
07/27/2020,51840,Winchester,"Lord Fairfax",390,28,4
07/28/2020,51001,Accomack,"Eastern Shore",1069,76,15
07/28/2020,51003,Albemarle,"Thomas Jefferson",723,51,10
07/28/2020,51005,Alleghany,Alleghany,57,5,2
07/28/2020,51007,Amelia,Piedmont,71,13,1
07/28/2020,51009,Amherst,"Central Virginia",92,3,0
07/28/2020,51011,Appomattox,"Central Virginia",63,2,0
07/28/2020,51013,Arlington,Arlington,2843,431,135
07/28/2020,51015,Augusta,"Central Shenandoah",244,8,3
07/28/2020,51017,Bath,"Central Shenandoah",4,0,0
07/28/2020,51019,Bedford,"Central Virginia",244,7,4
07/28/2020,51021,Bland,"Mount Rogers",7,0,0
07/28/2020,51023,Botetourt,Alleghany,178,13,4
07/28/2020,51025,Brunswick,Southside,184,23,1
07/28/2020,51027,Buchanan,"Cumberland Plateau",64,2,0
07/28/2020,51029,Buckingham,Piedmont,592,23,6
07/28/2020,51031,Campbell,"Central Virginia",121,3,1
07/28/2020,51033,Caroline,Rappahannock,174,22,4
07/28/2020,51035,Carroll,"Mount Rogers",300,27,11
07/28/2020,51036,"Charles City",Chickahominy,45,15,3
07/28/2020,51037,Charlotte,Piedmont,48,5,0
07/28/2020,51041,Chesterfield,Chesterfield,3796,205,66
07/28/2020,51043,Clarke,"Lord Fairfax",64,7,0
07/28/2020,51045,Craig,Alleghany,15,1,0
07/28/2020,51047,Culpeper,"Rappahannock Rapidan",932,72,12
07/28/2020,51049,Cumberland,Piedmont,63,4,0
07/28/2020,51051,Dickenson,"Cumberland Plateau",16,1,0
07/28/2020,51053,Dinwiddie,Crater,193,30,2
07/28/2020,51057,Essex,"Three Rivers",74,7,1
07/28/2020,51059,Fairfax,Fairfax,15509,1858,519
07/28/2020,51061,Fauquier,"Rappahannock Rapidan",568,34,8
07/28/2020,51063,Floyd,"New River",29,2,1
07/28/2020,51065,Fluvanna,"Thomas Jefferson",167,30,8
07/28/2020,51067,"Franklin County","West Piedmont",146,8,1
07/28/2020,51069,Frederick,"Lord Fairfax",641,47,7
07/28/2020,51071,Giles,"New River",20,1,0
07/28/2020,51073,Gloucester,"Three Rivers",138,12,1
07/28/2020,51075,Goochland,Chickahominy,148,25,7
07/28/2020,51077,Grayson,"Mount Rogers",121,7,4
07/28/2020,51079,Greene,"Thomas Jefferson",134,8,2
07/28/2020,51081,Greensville,Crater,410,25,9
07/28/2020,51083,Halifax,Southside,126,5,1
07/28/2020,51085,Hanover,Chickahominy,576,74,30
07/28/2020,51087,Henrico,Henrico,3436,304,178
07/28/2020,51089,Henry,"West Piedmont",458,50,5
07/28/2020,51091,Highland,"Central Shenandoah",3,0,0
07/28/2020,51093,"Isle of Wight","Western Tidewater",314,20,9
07/28/2020,51095,"James City",Peninsula,518,59,16
07/28/2020,51097,"King and Queen","Three Rivers",35,4,1
07/28/2020,51099,"King George",Rappahannock,119,16,4
07/28/2020,51101,"King William","Three Rivers",75,7,2
07/28/2020,51103,Lancaster,"Three Rivers",29,1,0
07/28/2020,51105,Lee,Lenowisco,80,7,0
07/28/2020,51107,Loudoun,Loudoun,4939,328,108
07/28/2020,51109,Louisa,"Thomas Jefferson",165,22,2
07/28/2020,51111,Lunenburg,Piedmont,52,4,0
07/28/2020,51113,Madison,"Rappahannock Rapidan",57,5,1
07/28/2020,51115,Mathews,"Three Rivers",12,2,0
07/28/2020,51117,Mecklenburg,Southside,297,34,30
07/28/2020,51119,Middlesex,"Three Rivers",25,2,1
07/28/2020,51121,Montgomery,"New River",259,14,3
07/28/2020,51125,Nelson,"Thomas Jefferson",33,0,0
07/28/2020,51127,"New Kent",Chickahominy,111,9,1
07/28/2020,51131,Northampton,"Eastern Shore",298,45,28
07/28/2020,51133,Northumberland,"Three Rivers",60,3,1
07/28/2020,51135,Nottoway,Piedmont,168,40,6
07/28/2020,51137,Orange,"Rappahannock Rapidan",202,15,3
07/28/2020,51139,Page,"Lord Fairfax",330,36,24
07/28/2020,51141,Patrick,"West Piedmont",104,17,3
07/28/2020,51143,Pittsylvania,Pittsylvania-Danville,292,24,2
07/28/2020,51145,Powhatan,Chesterfield,116,9,4
07/28/2020,51147,"Prince Edward",Piedmont,284,27,6
07/28/2020,51149,"Prince George",Crater,326,14,2
07/28/2020,51153,"Prince William","Prince William",8663,766,167
07/28/2020,51155,Pulaski,"New River",73,9,2
07/28/2020,51157,Rappahannock,"Rappahannock Rapidan",40,4,2
07/28/2020,51159,"Richmond County","Three Rivers",316,13,4
07/28/2020,51161,"Roanoke County",Alleghany,405,13,6
07/28/2020,51163,Rockbridge,"Central Shenandoah",62,1,0
07/28/2020,51165,Rockingham,"Central Shenandoah",870,93,16
07/28/2020,51167,Russell,"Cumberland Plateau",52,8,1
07/28/2020,51169,Scott,Lenowisco,41,5,3
07/28/2020,51171,Shenandoah,"Lord Fairfax",662,70,40
07/28/2020,51173,Smyth,"Mount Rogers",93,6,2
07/28/2020,51175,Southampton,"Western Tidewater",229,12,12
07/28/2020,51177,Spotsylvania,Rappahannock,1254,91,33
07/28/2020,51179,Stafford,Rappahannock,1214,115,7
07/28/2020,51181,Surry,Crater,35,4,2
07/28/2020,51183,Sussex,Crater,270,22,7
07/28/2020,51185,Tazewell,"Cumberland Plateau",77,2,0
07/28/2020,51187,Warren,"Lord Fairfax",344,22,7
07/28/2020,51191,Washington,"Mount Rogers",146,16,4
07/28/2020,51193,Westmoreland,"Three Rivers",192,15,2
07/28/2020,51195,Wise,Lenowisco,70,14,3
07/28/2020,51197,Wythe,"Mount Rogers",94,10,3
07/28/2020,51199,York,Peninsula,287,14,3
07/28/2020,51510,Alexandria,Alexandria,2749,266,57
07/28/2020,51520,Bristol,"Mount Rogers",44,2,0
07/28/2020,51530,"Buena Vista City","Central Shenandoah",47,3,0
07/28/2020,51540,Charlottesville,"Thomas Jefferson",441,22,8
07/28/2020,51550,Chesapeake,Chesapeake,2276,195,26
07/28/2020,51570,"Colonial Heights",Chesterfield,175,24,20
07/28/2020,51580,Covington,Alleghany,10,0,0
07/28/2020,51590,Danville,Pittsylvania-Danville,269,34,3
07/28/2020,51595,Emporia,Crater,163,24,15
07/28/2020,51600,"Fairfax City",Fairfax,77,10,7
07/28/2020,51610,"Falls Church",Fairfax,53,10,6
07/28/2020,51620,"Franklin City","Western Tidewater",114,7,5
07/28/2020,51630,Fredericksburg,Rappahannock,338,38,2
07/28/2020,51640,Galax,"Mount Rogers",326,36,16
07/28/2020,51650,Hampton,Hampton,938,48,4
07/28/2020,51660,Harrisonburg,"Central Shenandoah",1035,78,29
07/28/2020,51670,Hopewell,Crater,252,22,5
07/28/2020,51678,Lexington,"Central Shenandoah",28,1,0
07/28/2020,51680,Lynchburg,"Central Virginia",370,6,1
07/28/2020,51683,"Manassas City","Prince William",1584,118,20
07/28/2020,51685,"Manassas Park","Prince William",488,50,7
07/28/2020,51690,Martinsville,"West Piedmont",155,21,2
07/28/2020,51700,"Newport News",Peninsula,1489,71,15
07/28/2020,51710,Norfolk,Norfolk,2814,162,20
07/28/2020,51720,Norton,Lenowisco,10,2,0
07/28/2020,51730,Petersburg,Crater,408,60,10
07/28/2020,51735,Poquoson,Peninsula,34,2,0
07/28/2020,51740,Portsmouth,Portsmouth,1367,111,21
07/28/2020,51750,Radford,"New River",26,2,0
07/28/2020,51760,"Richmond City",Richmond,2794,266,37
07/28/2020,51770,"Roanoke City",Roanoke,739,16,10
07/28/2020,51775,Salem,Alleghany,128,5,3
07/28/2020,51790,Staunton,"Central Shenandoah",137,10,0
07/28/2020,51800,Suffolk,"Western Tidewater",974,90,46
07/28/2020,51810,"Virginia Beach","Virginia Beach",3788,191,43
07/28/2020,51820,Waynesboro,"Central Shenandoah",164,8,2
07/28/2020,51830,Williamsburg,Peninsula,105,12,6
07/28/2020,51840,Winchester,"Lord Fairfax",390,28,4
07/29/2020,51053,Dinwiddie,Crater,195,30,4
07/29/2020,51077,Grayson,"Mount Rogers",123,7,4
07/29/2020,51775,Salem,Alleghany,128,5,3
07/29/2020,51081,Greensville,Crater,411,25,9
07/29/2020,51660,Harrisonburg,"Central Shenandoah",1037,78,29
07/29/2020,51790,Staunton,"Central Shenandoah",139,10,0
07/29/2020,51520,Bristol,"Mount Rogers",48,4,0
07/29/2020,51127,"New Kent",Chickahominy,112,9,1
07/29/2020,51197,Wythe,"Mount Rogers",95,10,3
07/29/2020,51175,Southampton,"Western Tidewater",229,12,12
07/29/2020,51570,"Colonial Heights",Chesterfield,175,24,20
07/29/2020,51155,Pulaski,"New River",74,9,3
07/29/2020,51195,Wise,Lenowisco,74,14,3
07/29/2020,51043,Clarke,"Lord Fairfax",66,7,0
07/29/2020,51137,Orange,"Rappahannock Rapidan",204,15,3
07/29/2020,51710,Norfolk,Norfolk,2937,164,22
07/29/2020,51840,Winchester,"Lord Fairfax",390,28,4
07/29/2020,51031,Campbell,"Central Virginia",131,5,2
07/29/2020,51033,Caroline,Rappahannock,177,22,4
07/29/2020,51183,Sussex,Crater,271,23,8
07/29/2020,51735,Poquoson,Peninsula,34,2,0
07/29/2020,51025,Brunswick,Southside,188,23,1
07/29/2020,51117,Mecklenburg,Southside,303,34,31
07/29/2020,51685,"Manassas Park","Prince William",493,50,7
07/29/2020,51720,Norton,Lenowisco,10,2,0
07/29/2020,51109,Louisa,"Thomas Jefferson",165,22,2
07/29/2020,51810,"Virginia Beach","Virginia Beach",3908,192,43
07/29/2020,51101,"King William","Three Rivers",76,7,2
07/29/2020,51061,Fauquier,"Rappahannock Rapidan",570,34,8
07/29/2020,51149,"Prince George",Crater,327,14,2
07/29/2020,51083,Halifax,Southside,128,5,1
07/29/2020,51036,"Charles City",Chickahominy,46,15,3
07/29/2020,51017,Bath,"Central Shenandoah",4,0,0
07/29/2020,51153,"Prince William","Prince William",8724,769,168
07/29/2020,51093,"Isle of Wight","Western Tidewater",318,20,9
07/29/2020,51019,Bedford,"Central Virginia",255,7,5
07/29/2020,51159,"Richmond County","Three Rivers",315,13,4
07/29/2020,51550,Chesapeake,Chesapeake,2348,199,27
07/29/2020,51690,Martinsville,"West Piedmont",156,21,3
07/29/2020,51830,Williamsburg,Peninsula,105,12,6
07/29/2020,51099,"King George",Rappahannock,119,16,4
07/29/2020,51079,Greene,"Thomas Jefferson",134,8,2
07/29/2020,51095,"James City",Peninsula,525,59,16
07/29/2020,51075,Goochland,Chickahominy,149,25,7
07/29/2020,51800,Suffolk,"Western Tidewater",989,91,48
07/29/2020,51121,Montgomery,"New River",260,15,3
07/29/2020,51530,"Buena Vista City","Central Shenandoah",47,3,0
07/29/2020,51021,Bland,"Mount Rogers",7,0,0
07/29/2020,51143,Pittsylvania,Pittsylvania-Danville,296,24,2
07/29/2020,51013,Arlington,Arlington,2857,431,135
07/29/2020,51125,Nelson,"Thomas Jefferson",33,0,0
07/29/2020,51595,Emporia,Crater,164,24,15
07/29/2020,51047,Culpeper,"Rappahannock Rapidan",934,72,12
07/29/2020,51065,Fluvanna,"Thomas Jefferson",170,31,8
07/29/2020,51670,Hopewell,Crater,253,22,5
07/29/2020,51003,Albemarle,"Thomas Jefferson",724,52,10
07/29/2020,51157,Rappahannock,"Rappahannock Rapidan",40,4,2
07/29/2020,51085,Hanover,Chickahominy,579,75,30
07/29/2020,51011,Appomattox,"Central Virginia",67,2,0
07/29/2020,51135,Nottoway,Piedmont,168,40,8
07/29/2020,51740,Portsmouth,Portsmouth,1390,114,21
07/29/2020,51181,Surry,Crater,35,4,2
07/29/2020,51187,Warren,"Lord Fairfax",344,23,7
07/29/2020,51007,Amelia,Piedmont,71,13,1
07/29/2020,51045,Craig,Alleghany,15,1,0
07/29/2020,51650,Hampton,Hampton,963,49,4
07/29/2020,51167,Russell,"Cumberland Plateau",59,8,1
07/29/2020,51820,Waynesboro,"Central Shenandoah",165,8,2
07/29/2020,51177,Spotsylvania,Rappahannock,1271,91,33
07/29/2020,51009,Amherst,"Central Virginia",99,3,0
07/29/2020,51103,Lancaster,"Three Rivers",29,1,0
07/29/2020,51049,Cumberland,Piedmont,63,4,0
07/29/2020,51199,York,Peninsula,290,14,3
07/29/2020,51680,Lynchburg,"Central Virginia",392,7,2
07/29/2020,51089,Henry,"West Piedmont",461,51,5
07/29/2020,51087,Henrico,Henrico,3466,306,177
07/29/2020,51640,Galax,"Mount Rogers",327,36,17
07/29/2020,51069,Frederick,"Lord Fairfax",644,49,7
07/29/2020,51147,"Prince Edward",Piedmont,289,27,7
07/29/2020,51059,Fairfax,Fairfax,15570,1867,519
07/29/2020,51750,Radford,"New River",26,2,0
07/29/2020,51131,Northampton,"Eastern Shore",297,45,28
07/29/2020,51051,Dickenson,"Cumberland Plateau",18,1,0
07/29/2020,51179,Stafford,Rappahannock,1227,115,7
07/29/2020,51037,Charlotte,Piedmont,48,5,0
07/29/2020,51035,Carroll,"Mount Rogers",303,28,11
07/29/2020,51073,Gloucester,"Three Rivers",138,12,2
07/29/2020,51173,Smyth,"Mount Rogers",97,6,2
07/29/2020,51683,"Manassas City","Prince William",1586,118,20
07/29/2020,51097,"King and Queen","Three Rivers",35,4,1
07/29/2020,51001,Accomack,"Eastern Shore",1072,77,15
07/29/2020,51091,Highland,"Central Shenandoah",3,0,0
07/29/2020,51620,"Franklin City","Western Tidewater",115,7,6
07/29/2020,51115,Mathews,"Three Rivers",12,2,0
07/29/2020,51678,Lexington,"Central Shenandoah",28,1,0
07/29/2020,51193,Westmoreland,"Three Rivers",192,15,2
07/29/2020,51191,Washington,"Mount Rogers",157,16,4
07/29/2020,51700,"Newport News",Peninsula,1519,71,15
07/29/2020,51027,Buchanan,"Cumberland Plateau",67,2,0
07/29/2020,51023,Botetourt,Alleghany,182,13,4
07/29/2020,51169,Scott,Lenowisco,45,6,3
07/29/2020,51145,Powhatan,Chesterfield,118,9,4
07/29/2020,51105,Lee,Lenowisco,83,7,0
07/29/2020,51510,Alexandria,Alexandria,2759,266,57
07/29/2020,51770,"Roanoke City",Roanoke,780,17,10
07/29/2020,51141,Patrick,"West Piedmont",104,18,3
07/29/2020,51119,Middlesex,"Three Rivers",25,2,1
07/29/2020,51139,Page,"Lord Fairfax",330,36,24
07/29/2020,51590,Danville,Pittsylvania-Danville,278,34,4
07/29/2020,51133,Northumberland,"Three Rivers",60,3,2
07/29/2020,51171,Shenandoah,"Lord Fairfax",665,70,40
07/29/2020,51063,Floyd,"New River",31,2,1
07/29/2020,51600,"Fairfax City",Fairfax,79,10,7
07/29/2020,51005,Alleghany,Alleghany,56,5,2
07/29/2020,51580,Covington,Alleghany,11,0,0
07/29/2020,51540,Charlottesville,"Thomas Jefferson",443,22,8
07/29/2020,51057,Essex,"Three Rivers",74,7,1
07/29/2020,51161,"Roanoke County",Alleghany,414,13,7
07/29/2020,51107,Loudoun,Loudoun,4965,328,109
07/29/2020,51041,Chesterfield,Chesterfield,3829,206,69
07/29/2020,51029,Buckingham,Piedmont,592,23,6
07/29/2020,51111,Lunenburg,Piedmont,53,4,0
07/29/2020,51610,"Falls Church",Fairfax,54,10,6
07/29/2020,51067,"Franklin County","West Piedmont",150,8,1
07/29/2020,51071,Giles,"New River",20,1,0
07/29/2020,51630,Fredericksburg,Rappahannock,340,38,2
07/29/2020,51113,Madison,"Rappahannock Rapidan",58,5,1
07/29/2020,51185,Tazewell,"Cumberland Plateau",80,4,0
07/29/2020,51760,"Richmond City",Richmond,2831,270,39
07/29/2020,51730,Petersburg,Crater,411,60,10
07/29/2020,51163,Rockbridge,"Central Shenandoah",63,1,0
07/29/2020,51165,Rockingham,"Central Shenandoah",878,93,16
07/29/2020,51015,Augusta,"Central Shenandoah",245,8,4
07/30/2020,51001,Accomack,"Eastern Shore",1074,77,15
07/30/2020,51003,Albemarle,"Thomas Jefferson",733,51,10
07/30/2020,51005,Alleghany,Alleghany,56,5,3
07/30/2020,51007,Amelia,Piedmont,72,13,1
07/30/2020,51009,Amherst,"Central Virginia",101,4,0
07/30/2020,51011,Appomattox,"Central Virginia",67,2,0
07/30/2020,51013,Arlington,Arlington,2874,433,135
07/30/2020,51015,Augusta,"Central Shenandoah",246,8,4
07/30/2020,51017,Bath,"Central Shenandoah",4,0,0
07/30/2020,51019,Bedford,"Central Virginia",261,7,5
07/30/2020,51021,Bland,"Mount Rogers",7,0,0
07/30/2020,51023,Botetourt,Alleghany,183,13,5
07/30/2020,51025,Brunswick,Southside,197,24,1
07/30/2020,51027,Buchanan,"Cumberland Plateau",69,2,0
07/30/2020,51029,Buckingham,Piedmont,592,23,6
07/30/2020,51031,Campbell,"Central Virginia",132,5,2
07/30/2020,51033,Caroline,Rappahannock,179,22,4
07/30/2020,51035,Carroll,"Mount Rogers",305,28,11
07/30/2020,51036,"Charles City",Chickahominy,47,15,3
07/30/2020,51037,Charlotte,Piedmont,49,5,0
07/30/2020,51041,Chesterfield,Chesterfield,3877,208,71
07/30/2020,51043,Clarke,"Lord Fairfax",66,7,0
07/30/2020,51045,Craig,Alleghany,15,1,0
07/30/2020,51047,Culpeper,"Rappahannock Rapidan",938,73,12
07/30/2020,51049,Cumberland,Piedmont,64,4,0
07/30/2020,51051,Dickenson,"Cumberland Plateau",21,1,0
07/30/2020,51053,Dinwiddie,Crater,196,30,4
07/30/2020,51057,Essex,"Three Rivers",74,7,1
07/30/2020,51059,Fairfax,Fairfax,15606,1872,519
07/30/2020,51061,Fauquier,"Rappahannock Rapidan",571,34,8
07/30/2020,51063,Floyd,"New River",31,2,1
07/30/2020,51065,Fluvanna,"Thomas Jefferson",170,31,8
07/30/2020,51067,"Franklin County","West Piedmont",150,8,1
07/30/2020,51069,Frederick,"Lord Fairfax",649,49,7
07/30/2020,51071,Giles,"New River",21,1,0
07/30/2020,51073,Gloucester,"Three Rivers",140,12,2
07/30/2020,51075,Goochland,Chickahominy,149,25,7
07/30/2020,51077,Grayson,"Mount Rogers",124,7,4
07/30/2020,51079,Greene,"Thomas Jefferson",134,8,2
07/30/2020,51081,Greensville,Crater,415,25,9
07/30/2020,51083,Halifax,Southside,130,5,1
07/30/2020,51085,Hanover,Chickahominy,583,75,30
07/30/2020,51087,Henrico,Henrico,3509,308,178
07/30/2020,51089,Henry,"West Piedmont",467,53,5
07/30/2020,51091,Highland,"Central Shenandoah",3,0,0
07/30/2020,51093,"Isle of Wight","Western Tidewater",323,20,9
07/30/2020,51095,"James City",Peninsula,531,59,16
07/30/2020,51097,"King and Queen","Three Rivers",35,4,1
07/30/2020,51099,"King George",Rappahannock,121,16,4
07/30/2020,51101,"King William","Three Rivers",76,7,2
07/30/2020,51103,Lancaster,"Three Rivers",29,1,0
07/30/2020,51105,Lee,Lenowisco,86,7,0
07/30/2020,51107,Loudoun,Loudoun,4985,331,109
07/30/2020,51109,Louisa,"Thomas Jefferson",165,22,2
07/30/2020,51111,Lunenburg,Piedmont,54,4,1
07/30/2020,51113,Madison,"Rappahannock Rapidan",58,5,1
07/30/2020,51115,Mathews,"Three Rivers",12,2,0
07/30/2020,51117,Mecklenburg,Southside,303,34,31
07/30/2020,51119,Middlesex,"Three Rivers",26,2,1
07/30/2020,51121,Montgomery,"New River",264,15,3
07/30/2020,51125,Nelson,"Thomas Jefferson",32,0,0
07/30/2020,51127,"New Kent",Chickahominy,113,9,1
07/30/2020,51131,Northampton,"Eastern Shore",292,45,28
07/30/2020,51133,Northumberland,"Three Rivers",62,3,2
07/30/2020,51135,Nottoway,Piedmont,169,40,8
07/30/2020,51137,Orange,"Rappahannock Rapidan",205,15,3
07/30/2020,51139,Page,"Lord Fairfax",331,36,24
07/30/2020,51141,Patrick,"West Piedmont",106,18,3
07/30/2020,51143,Pittsylvania,Pittsylvania-Danville,309,25,2
07/30/2020,51145,Powhatan,Chesterfield,120,9,4
07/30/2020,51147,"Prince Edward",Piedmont,300,27,9
07/30/2020,51149,"Prince George",Crater,328,14,2
07/30/2020,51153,"Prince William","Prince William",8784,770,169
07/30/2020,51155,Pulaski,"New River",74,9,3
07/30/2020,51157,Rappahannock,"Rappahannock Rapidan",40,4,2
07/30/2020,51159,"Richmond County","Three Rivers",317,13,4
07/30/2020,51161,"Roanoke County",Alleghany,425,13,7
07/30/2020,51163,Rockbridge,"Central Shenandoah",65,1,0
07/30/2020,51165,Rockingham,"Central Shenandoah",883,93,17
07/30/2020,51167,Russell,"Cumberland Plateau",60,8,1
07/30/2020,51169,Scott,Lenowisco,47,6,3
07/30/2020,51171,Shenandoah,"Lord Fairfax",665,70,40
07/30/2020,51173,Smyth,"Mount Rogers",102,7,3
07/30/2020,51175,Southampton,"Western Tidewater",229,12,12
07/30/2020,51177,Spotsylvania,Rappahannock,1291,91,33
07/30/2020,51179,Stafford,Rappahannock,1237,116,7
07/30/2020,51181,Surry,Crater,35,4,2
07/30/2020,51183,Sussex,Crater,276,24,8
07/30/2020,51185,Tazewell,"Cumberland Plateau",81,5,0
07/30/2020,51187,Warren,"Lord Fairfax",345,23,7
07/30/2020,51191,Washington,"Mount Rogers",164,18,4
07/30/2020,51193,Westmoreland,"Three Rivers",193,15,2
07/30/2020,51195,Wise,Lenowisco,75,14,3
07/30/2020,51197,Wythe,"Mount Rogers",98,10,3
07/30/2020,51199,York,Peninsula,293,14,3
07/30/2020,51510,Alexandria,Alexandria,2779,266,57
07/30/2020,51520,Bristol,"Mount Rogers",50,5,0
07/30/2020,51530,"Buena Vista City","Central Shenandoah",47,3,0
07/30/2020,51540,Charlottesville,"Thomas Jefferson",451,23,9
07/30/2020,51550,Chesapeake,Chesapeake,2391,199,27
07/30/2020,51570,"Colonial Heights",Chesterfield,177,24,21
07/30/2020,51580,Covington,Alleghany,11,0,0
07/30/2020,51590,Danville,Pittsylvania-Danville,291,35,5
07/30/2020,51595,Emporia,Crater,163,24,15
07/30/2020,51600,"Fairfax City",Fairfax,81,10,7
07/30/2020,51610,"Falls Church",Fairfax,61,10,6
07/30/2020,51620,"Franklin City","Western Tidewater",117,7,6
07/30/2020,51630,Fredericksburg,Rappahannock,345,38,2
07/30/2020,51640,Galax,"Mount Rogers",329,37,17
07/30/2020,51650,Hampton,Hampton,973,49,5
07/30/2020,51660,Harrisonburg,"Central Shenandoah",1037,79,29
07/30/2020,51670,Hopewell,Crater,253,22,5
07/30/2020,51678,Lexington,"Central Shenandoah",28,1,0
07/30/2020,51680,Lynchburg,"Central Virginia",396,7,2
07/30/2020,51683,"Manassas City","Prince William",1596,118,20
07/30/2020,51685,"Manassas Park","Prince William",495,50,7
07/30/2020,51690,Martinsville,"West Piedmont",159,24,3
07/30/2020,51700,"Newport News",Peninsula,1544,71,16
07/30/2020,51710,Norfolk,Norfolk,3080,165,22
07/30/2020,51720,Norton,Lenowisco,10,2,0
07/30/2020,51730,Petersburg,Crater,426,60,10
07/30/2020,51735,Poquoson,Peninsula,35,2,0
07/30/2020,51740,Portsmouth,Portsmouth,1417,122,22
07/30/2020,51750,Radford,"New River",25,2,0
07/30/2020,51760,"Richmond City",Richmond,2857,273,38
07/30/2020,51770,"Roanoke City",Roanoke,805,18,10
07/30/2020,51775,Salem,Alleghany,129,5,3
07/30/2020,51790,Staunton,"Central Shenandoah",140,10,0
07/30/2020,51800,Suffolk,"Western Tidewater",1001,91,48
07/30/2020,51810,"Virginia Beach","Virginia Beach",3979,193,43
07/30/2020,51820,Waynesboro,"Central Shenandoah",165,8,2
07/30/2020,51830,Williamsburg,Peninsula,106,12,6
07/30/2020,51840,Winchester,"Lord Fairfax",390,28,4
07/31/2020,51001,Accomack,"Eastern Shore",1074,77,15
07/31/2020,51003,Albemarle,"Thomas Jefferson",735,51,11
07/31/2020,51005,Alleghany,Alleghany,56,5,3
07/31/2020,51007,Amelia,Piedmont,72,13,1
07/31/2020,51009,Amherst,"Central Virginia",105,4,0
07/31/2020,51011,Appomattox,"Central Virginia",68,2,0
07/31/2020,51013,Arlington,Arlington,2897,434,136
07/31/2020,51015,Augusta,"Central Shenandoah",249,9,4
07/31/2020,51017,Bath,"Central Shenandoah",4,0,0
07/31/2020,51019,Bedford,"Central Virginia",286,8,6
07/31/2020,51021,Bland,"Mount Rogers",7,0,0
07/31/2020,51023,Botetourt,Alleghany,185,13,5
07/31/2020,51025,Brunswick,Southside,197,24,1
07/31/2020,51027,Buchanan,"Cumberland Plateau",71,2,0
07/31/2020,51029,Buckingham,Piedmont,593,23,6
07/31/2020,51031,Campbell,"Central Virginia",144,5,2
07/31/2020,51033,Caroline,Rappahannock,183,22,4
07/31/2020,51035,Carroll,"Mount Rogers",307,29,14
07/31/2020,51036,"Charles City",Chickahominy,49,16,3
07/31/2020,51037,Charlotte,Piedmont,50,5,0
07/31/2020,51041,Chesterfield,Chesterfield,3937,208,72
07/31/2020,51043,Clarke,"Lord Fairfax",69,7,0
07/31/2020,51045,Craig,Alleghany,15,1,0
07/31/2020,51047,Culpeper,"Rappahannock Rapidan",942,73,12
07/31/2020,51049,Cumberland,Piedmont,65,4,0
07/31/2020,51051,Dickenson,"Cumberland Plateau",22,1,0
07/31/2020,51053,Dinwiddie,Crater,197,30,4
07/31/2020,51057,Essex,"Three Rivers",75,7,1
07/31/2020,51059,Fairfax,Fairfax,15616,1899,520
07/31/2020,51061,Fauquier,"Rappahannock Rapidan",571,34,8
07/31/2020,51063,Floyd,"New River",32,2,1
07/31/2020,51065,Fluvanna,"Thomas Jefferson",173,31,8
07/31/2020,51067,"Franklin County","West Piedmont",151,8,1
07/31/2020,51069,Frederick,"Lord Fairfax",651,49,7
07/31/2020,51071,Giles,"New River",23,1,0
07/31/2020,51073,Gloucester,"Three Rivers",141,12,2
07/31/2020,51075,Goochland,Chickahominy,150,25,7
07/31/2020,51077,Grayson,"Mount Rogers",128,8,4
07/31/2020,51079,Greene,"Thomas Jefferson",134,8,2
07/31/2020,51081,Greensville,Crater,417,25,9
07/31/2020,51083,Halifax,Southside,130,5,1
07/31/2020,51085,Hanover,Chickahominy,584,78,31
07/31/2020,51087,Henrico,Henrico,3541,310,180
07/31/2020,51089,Henry,"West Piedmont",477,54,5
07/31/2020,51091,Highland,"Central Shenandoah",3,0,0
07/31/2020,51093,"Isle of Wight","Western Tidewater",325,20,9
07/31/2020,51095,"James City",Peninsula,538,59,16
07/31/2020,51097,"King and Queen","Three Rivers",35,4,1
07/31/2020,51099,"King George",Rappahannock,122,16,4
07/31/2020,51101,"King William","Three Rivers",77,7,2
07/31/2020,51103,Lancaster,"Three Rivers",29,1,0
07/31/2020,51105,Lee,Lenowisco,91,7,1
07/31/2020,51107,Loudoun,Loudoun,4995,335,110
07/31/2020,51109,Louisa,"Thomas Jefferson",165,22,2
07/31/2020,51111,Lunenburg,Piedmont,55,4,1
07/31/2020,51113,Madison,"Rappahannock Rapidan",60,5,1
07/31/2020,51115,Mathews,"Three Rivers",12,2,0
07/31/2020,51117,Mecklenburg,Southside,303,35,32
07/31/2020,51119,Middlesex,"Three Rivers",26,2,1
07/31/2020,51121,Montgomery,"New River",273,15,3
07/31/2020,51125,Nelson,"Thomas Jefferson",32,0,0
07/31/2020,51127,"New Kent",Chickahominy,115,10,1
07/31/2020,51131,Northampton,"Eastern Shore",292,45,28
07/31/2020,51133,Northumberland,"Three Rivers",63,3,2
07/31/2020,51135,Nottoway,Piedmont,172,40,9
07/31/2020,51137,Orange,"Rappahannock Rapidan",207,16,3
07/31/2020,51139,Page,"Lord Fairfax",330,36,24
07/31/2020,51141,Patrick,"West Piedmont",108,18,3
07/31/2020,51143,Pittsylvania,Pittsylvania-Danville,316,25,2
07/31/2020,51145,Powhatan,Chesterfield,122,9,4
07/31/2020,51147,"Prince Edward",Piedmont,323,27,9
07/31/2020,51149,"Prince George",Crater,329,14,2
07/31/2020,51153,"Prince William","Prince William",8838,774,170
07/31/2020,51155,Pulaski,"New River",74,9,3
07/31/2020,51157,Rappahannock,"Rappahannock Rapidan",40,4,2
07/31/2020,51159,"Richmond County","Three Rivers",316,13,4
07/31/2020,51161,"Roanoke County",Alleghany,430,13,7
07/31/2020,51163,Rockbridge,"Central Shenandoah",66,1,0
07/31/2020,51165,Rockingham,"Central Shenandoah",890,93,17
07/31/2020,51167,Russell,"Cumberland Plateau",60,8,1
07/31/2020,51169,Scott,Lenowisco,51,6,3
07/31/2020,51171,Shenandoah,"Lord Fairfax",667,70,42
07/31/2020,51173,Smyth,"Mount Rogers",107,8,3
07/31/2020,51175,Southampton,"Western Tidewater",234,12,12
07/31/2020,51177,Spotsylvania,Rappahannock,1305,92,33
07/31/2020,51179,Stafford,Rappahannock,1243,116,7
07/31/2020,51181,Surry,Crater,35,4,2
07/31/2020,51183,Sussex,Crater,276,24,9
07/31/2020,51185,Tazewell,"Cumberland Plateau",87,5,0
07/31/2020,51187,Warren,"Lord Fairfax",348,23,7
07/31/2020,51191,Washington,"Mount Rogers",170,18,4
07/31/2020,51193,Westmoreland,"Three Rivers",193,15,2
07/31/2020,51195,Wise,Lenowisco,79,14,3
07/31/2020,51197,Wythe,"Mount Rogers",100,10,3
07/31/2020,51199,York,Peninsula,301,14,3
07/31/2020,51510,Alexandria,Alexandria,2798,269,58
07/31/2020,51520,Bristol,"Mount Rogers",57,6,0
07/31/2020,51530,"Buena Vista City","Central Shenandoah",47,3,0
07/31/2020,51540,Charlottesville,"Thomas Jefferson",466,24,11
07/31/2020,51550,Chesapeake,Chesapeake,2450,201,28
07/31/2020,51570,"Colonial Heights",Chesterfield,178,24,21
07/31/2020,51580,Covington,Alleghany,12,0,0
07/31/2020,51590,Danville,Pittsylvania-Danville,300,35,5
07/31/2020,51595,Emporia,Crater,163,24,15
07/31/2020,51600,"Fairfax City",Fairfax,79,11,7
07/31/2020,51610,"Falls Church",Fairfax,60,10,6
07/31/2020,51620,"Franklin City","Western Tidewater",119,7,6
07/31/2020,51630,Fredericksburg,Rappahannock,348,38,2
07/31/2020,51640,Galax,"Mount Rogers",331,37,19
07/31/2020,51650,Hampton,Hampton,1007,49,5
07/31/2020,51660,Harrisonburg,"Central Shenandoah",1039,79,29
07/31/2020,51670,Hopewell,Crater,254,22,5
07/31/2020,51678,Lexington,"Central Shenandoah",28,1,0
07/31/2020,51680,Lynchburg,"Central Virginia",429,8,2
07/31/2020,51683,"Manassas City","Prince William",1604,118,20
07/31/2020,51685,"Manassas Park","Prince William",497,50,7
07/31/2020,51690,Martinsville,"West Piedmont",159,24,3
07/31/2020,51700,"Newport News",Peninsula,1573,74,16
07/31/2020,51710,Norfolk,Norfolk,3180,168,24
07/31/2020,51720,Norton,Lenowisco,11,2,0
07/31/2020,51730,Petersburg,Crater,442,61,11
07/31/2020,51735,Poquoson,Peninsula,36,2,0
07/31/2020,51740,Portsmouth,Portsmouth,1462,122,22
07/31/2020,51750,Radford,"New River",27,2,0
07/31/2020,51760,"Richmond City",Richmond,2893,276,39
07/31/2020,51770,"Roanoke City",Roanoke,814,18,11
07/31/2020,51775,Salem,Alleghany,131,5,3
07/31/2020,51790,Staunton,"Central Shenandoah",140,10,0
07/31/2020,51800,Suffolk,"Western Tidewater",1034,92,49
07/31/2020,51810,"Virginia Beach","Virginia Beach",4055,200,45
07/31/2020,51820,Waynesboro,"Central Shenandoah",166,8,2
07/31/2020,51830,Williamsburg,Peninsula,107,12,6
07/31/2020,51840,Winchester,"Lord Fairfax",391,29,4
08/01/2020,51001,Accomack,"Eastern Shore",1077,78,15
08/01/2020,51003,Albemarle,"Thomas Jefferson",741,51,12
08/01/2020,51005,Alleghany,Alleghany,56,5,3
08/01/2020,51007,Amelia,Piedmont,73,13,1
08/01/2020,51009,Amherst,"Central Virginia",108,4,0
08/01/2020,51011,Appomattox,"Central Virginia",68,2,0
08/01/2020,51013,Arlington,Arlington,2906,435,136
08/01/2020,51015,Augusta,"Central Shenandoah",251,9,4
08/01/2020,51017,Bath,"Central Shenandoah",4,0,0
08/01/2020,51019,Bedford,"Central Virginia",293,8,6
08/01/2020,51021,Bland,"Mount Rogers",7,0,0
08/01/2020,51023,Botetourt,Alleghany,185,15,7
08/01/2020,51025,Brunswick,Southside,204,24,1
08/01/2020,51027,Buchanan,"Cumberland Plateau",71,2,0
08/01/2020,51029,Buckingham,Piedmont,594,23,6
08/01/2020,51031,Campbell,"Central Virginia",149,5,2
08/01/2020,51033,Caroline,Rappahannock,190,22,4
08/01/2020,51035,Carroll,"Mount Rogers",308,29,14
08/01/2020,51036,"Charles City",Chickahominy,50,16,5
08/01/2020,51037,Charlotte,Piedmont,49,4,0
08/01/2020,51041,Chesterfield,Chesterfield,3968,210,75
08/01/2020,51043,Clarke,"Lord Fairfax",69,7,0
08/01/2020,51045,Craig,Alleghany,16,1,0
08/01/2020,51047,Culpeper,"Rappahannock Rapidan",946,73,12
08/01/2020,51049,Cumberland,Piedmont,65,4,0
08/01/2020,51051,Dickenson,"Cumberland Plateau",23,2,0
08/01/2020,51053,Dinwiddie,Crater,198,30,6
08/01/2020,51057,Essex,"Three Rivers",76,7,1
08/01/2020,51059,Fairfax,Fairfax,15689,1900,522
08/01/2020,51061,Fauquier,"Rappahannock Rapidan",572,34,8
08/01/2020,51063,Floyd,"New River",33,2,1
08/01/2020,51065,Fluvanna,"Thomas Jefferson",173,31,8
08/01/2020,51067,"Franklin County","West Piedmont",156,8,1
08/01/2020,51069,Frederick,"Lord Fairfax",661,49,9
08/01/2020,51071,Giles,"New River",23,1,0
08/01/2020,51073,Gloucester,"Three Rivers",143,12,2
08/01/2020,51075,Goochland,Chickahominy,151,25,7
08/01/2020,51077,Grayson,"Mount Rogers",129,8,4
08/01/2020,51079,Greene,"Thomas Jefferson",137,8,2
08/01/2020,51081,Greensville,Crater,420,25,9
08/01/2020,51083,Halifax,Southside,135,5,1
08/01/2020,51085,Hanover,Chickahominy,588,78,31
08/01/2020,51087,Henrico,Henrico,3601,312,182
08/01/2020,51089,Henry,"West Piedmont",502,56,6
08/01/2020,51091,Highland,"Central Shenandoah",3,0,0
08/01/2020,51093,"Isle of Wight","Western Tidewater",331,20,9
08/01/2020,51095,"James City",Peninsula,541,59,16
08/01/2020,51097,"King and Queen","Three Rivers",35,4,1
08/01/2020,51099,"King George",Rappahannock,124,16,4
08/01/2020,51101,"King William","Three Rivers",77,7,2
08/01/2020,51103,Lancaster,"Three Rivers",31,1,0
08/01/2020,51105,Lee,Lenowisco,95,7,1
08/01/2020,51107,Loudoun,Loudoun,5014,336,112
08/01/2020,51109,Louisa,"Thomas Jefferson",166,22,2
08/01/2020,51111,Lunenburg,Piedmont,55,4,1
08/01/2020,51113,Madison,"Rappahannock Rapidan",61,5,1
08/01/2020,51115,Mathews,"Three Rivers",13,2,0
08/01/2020,51117,Mecklenburg,Southside,305,35,32
08/01/2020,51119,Middlesex,"Three Rivers",27,3,1
08/01/2020,51121,Montgomery,"New River",275,15,3
08/01/2020,51125,Nelson,"Thomas Jefferson",32,0,0
08/01/2020,51127,"New Kent",Chickahominy,116,10,1
08/01/2020,51131,Northampton,"Eastern Shore",292,45,28
08/01/2020,51133,Northumberland,"Three Rivers",65,3,2
08/01/2020,51135,Nottoway,Piedmont,174,40,9
08/01/2020,51137,Orange,"Rappahannock Rapidan",210,16,3
08/01/2020,51139,Page,"Lord Fairfax",331,36,24
08/01/2020,51141,Patrick,"West Piedmont",111,22,3
08/01/2020,51143,Pittsylvania,Pittsylvania-Danville,329,25,2
08/01/2020,51145,Powhatan,Chesterfield,122,9,4
08/01/2020,51147,"Prince Edward",Piedmont,341,28,10
08/01/2020,51149,"Prince George",Crater,332,14,2
08/01/2020,51153,"Prince William","Prince William",8893,779,172
08/01/2020,51155,Pulaski,"New River",74,9,3
08/01/2020,51157,Rappahannock,"Rappahannock Rapidan",40,4,2
08/01/2020,51159,"Richmond County","Three Rivers",318,13,4
08/01/2020,51161,"Roanoke County",Alleghany,437,13,7
08/01/2020,51163,Rockbridge,"Central Shenandoah",66,1,0
08/01/2020,51165,Rockingham,"Central Shenandoah",898,94,17
08/01/2020,51167,Russell,"Cumberland Plateau",60,8,1
08/01/2020,51169,Scott,Lenowisco,53,7,3
08/01/2020,51171,Shenandoah,"Lord Fairfax",675,70,42
08/01/2020,51173,Smyth,"Mount Rogers",112,8,3
08/01/2020,51175,Southampton,"Western Tidewater",236,12,13
08/01/2020,51177,Spotsylvania,Rappahannock,1318,92,35
08/01/2020,51179,Stafford,Rappahannock,1258,116,7
08/01/2020,51181,Surry,Crater,37,4,2
08/01/2020,51183,Sussex,Crater,277,24,9
08/01/2020,51185,Tazewell,"Cumberland Plateau",92,5,0
08/01/2020,51187,Warren,"Lord Fairfax",348,23,7
08/01/2020,51191,Washington,"Mount Rogers",172,18,4
08/01/2020,51193,Westmoreland,"Three Rivers",193,15,2
08/01/2020,51195,Wise,Lenowisco,84,15,3
08/01/2020,51197,Wythe,"Mount Rogers",102,10,3
08/01/2020,51199,York,Peninsula,308,14,3
08/01/2020,51510,Alexandria,Alexandria,2811,270,59
08/01/2020,51520,Bristol,"Mount Rogers",59,6,0
08/01/2020,51530,"Buena Vista City","Central Shenandoah",47,3,0
08/01/2020,51540,Charlottesville,"Thomas Jefferson",471,24,13
08/01/2020,51550,Chesapeake,Chesapeake,2462,204,29
08/01/2020,51570,"Colonial Heights",Chesterfield,181,24,21
08/01/2020,51580,Covington,Alleghany,12,0,0
08/01/2020,51590,Danville,Pittsylvania-Danville,314,36,7
08/01/2020,51595,Emporia,Crater,165,24,15
08/01/2020,51600,"Fairfax City",Fairfax,80,11,7
08/01/2020,51610,"Falls Church",Fairfax,59,10,6
08/01/2020,51620,"Franklin City","Western Tidewater",120,7,6
08/01/2020,51630,Fredericksburg,Rappahannock,356,40,2
08/01/2020,51640,Galax,"Mount Rogers",331,37,21
08/01/2020,51650,Hampton,Hampton,1009,49,5
08/01/2020,51660,Harrisonburg,"Central Shenandoah",1045,79,29
08/01/2020,51670,Hopewell,Crater,253,22,5
08/01/2020,51678,Lexington,"Central Shenandoah",29,1,0
08/01/2020,51680,Lynchburg,"Central Virginia",440,8,2
08/01/2020,51683,"Manassas City","Prince William",1607,118,20
08/01/2020,51685,"Manassas Park","Prince William",498,50,7
08/01/2020,51690,Martinsville,"West Piedmont",168,24,3
08/01/2020,51700,"Newport News",Peninsula,1589,74,16
08/01/2020,51710,Norfolk,Norfolk,3185,170,26
08/01/2020,51720,Norton,Lenowisco,13,2,0
08/01/2020,51730,Petersburg,Crater,454,61,13
08/01/2020,51735,Poquoson,Peninsula,36,2,0
08/01/2020,51740,Portsmouth,Portsmouth,1492,124,24
08/01/2020,51750,Radford,"New River",26,2,0
08/01/2020,51760,"Richmond City",Richmond,2936,278,39
08/01/2020,51770,"Roanoke City",Roanoke,861,18,11
08/01/2020,51775,Salem,Alleghany,131,5,3
08/01/2020,51790,Staunton,"Central Shenandoah",141,10,0
08/01/2020,51800,Suffolk,"Western Tidewater",1059,93,49
08/01/2020,51810,"Virginia Beach","Virginia Beach",4178,201,46
08/01/2020,51820,Waynesboro,"Central Shenandoah",166,9,3
08/01/2020,51830,Williamsburg,Peninsula,109,12,6
08/01/2020,51840,Winchester,"Lord Fairfax",391,31,4
08/02/2020,51135,Nottoway,Piedmont,176,40,9
08/02/2020,51740,Portsmouth,Portsmouth,1539,125,24
08/02/2020,51181,Surry,Crater,37,4,2
08/02/2020,51187,Warren,"Lord Fairfax",348,23,7
08/02/2020,51007,Amelia,Piedmont,73,13,1
08/02/2020,51045,Craig,Alleghany,16,1,0
08/02/2020,51650,Hampton,Hampton,1048,49,5
08/02/2020,51167,Russell,"Cumberland Plateau",62,9,1
08/02/2020,51820,Waynesboro,"Central Shenandoah",166,9,3
08/02/2020,51177,Spotsylvania,Rappahannock,1332,93,35
08/02/2020,51009,Amherst,"Central Virginia",114,6,0
08/02/2020,51103,Lancaster,"Three Rivers",31,1,0
08/02/2020,51049,Cumberland,Piedmont,68,4,0
08/02/2020,51199,York,Peninsula,310,14,3
08/02/2020,51680,Lynchburg,"Central Virginia",459,13,2
08/02/2020,51089,Henry,"West Piedmont",511,58,6
08/02/2020,51139,Page,"Lord Fairfax",332,36,24
08/02/2020,51590,Danville,Pittsylvania-Danville,330,38,7
08/02/2020,51133,Northumberland,"Three Rivers",66,3,2
08/02/2020,51171,Shenandoah,"Lord Fairfax",680,70,42
08/02/2020,51063,Floyd,"New River",37,2,1
08/02/2020,51600,"Fairfax City",Fairfax,81,11,7
08/02/2020,51005,Alleghany,Alleghany,56,5,3
08/02/2020,51580,Covington,Alleghany,12,0,0
08/02/2020,51540,Charlottesville,"Thomas Jefferson",479,24,13
08/02/2020,51057,Essex,"Three Rivers",77,7,1
08/02/2020,51161,"Roanoke County",Alleghany,447,13,7
08/02/2020,51107,Loudoun,Loudoun,5034,336,112
08/02/2020,51041,Chesterfield,Chesterfield,4020,210,75
08/02/2020,51029,Buckingham,Piedmont,596,23,6
08/02/2020,51111,Lunenburg,Piedmont,55,4,1
08/02/2020,51610,"Falls Church",Fairfax,59,10,6
08/02/2020,51067,"Franklin County","West Piedmont",160,8,1
08/02/2020,51071,Giles,"New River",23,1,0
08/02/2020,51630,Fredericksburg,Rappahannock,358,41,2
08/02/2020,51113,Madison,"Rappahannock Rapidan",61,5,1
08/02/2020,51185,Tazewell,"Cumberland Plateau",95,6,0
08/02/2020,51760,"Richmond City",Richmond,2946,278,39
08/02/2020,51730,Petersburg,Crater,465,63,13
08/02/2020,51163,Rockbridge,"Central Shenandoah",68,1,0
08/02/2020,51165,Rockingham,"Central Shenandoah",901,94,17
08/02/2020,51015,Augusta,"Central Shenandoah",252,9,4
08/02/2020,51053,Dinwiddie,Crater,200,30,6
08/02/2020,51077,Grayson,"Mount Rogers",130,8,4
08/02/2020,51775,Salem,Alleghany,138,5,3
08/02/2020,51081,Greensville,Crater,425,25,9
08/02/2020,51660,Harrisonburg,"Central Shenandoah",1048,79,29
08/02/2020,51790,Staunton,"Central Shenandoah",142,10,0
08/02/2020,51520,Bristol,"Mount Rogers",63,6,0
08/02/2020,51127,"New Kent",Chickahominy,117,10,1
08/02/2020,51197,Wythe,"Mount Rogers",105,10,3
08/02/2020,51175,Southampton,"Western Tidewater",238,12,13
08/02/2020,51570,"Colonial Heights",Chesterfield,184,24,21
08/02/2020,51155,Pulaski,"New River",74,9,3
08/02/2020,51195,Wise,Lenowisco,84,15,3
08/02/2020,51043,Clarke,"Lord Fairfax",69,7,0
08/02/2020,51137,Orange,"Rappahannock Rapidan",212,16,3
08/02/2020,51710,Norfolk,Norfolk,3210,172,26
08/02/2020,51840,Winchester,"Lord Fairfax",392,31,4
08/02/2020,51031,Campbell,"Central Virginia",151,6,2
08/02/2020,51033,Caroline,Rappahannock,191,22,4
08/02/2020,51023,Botetourt,Alleghany,188,15,7
08/02/2020,51169,Scott,Lenowisco,54,8,3
08/02/2020,51145,Powhatan,Chesterfield,127,9,4
08/02/2020,51105,Lee,Lenowisco,95,7,1
08/02/2020,51510,Alexandria,Alexandria,2820,268,59
08/02/2020,51770,"Roanoke City",Roanoke,903,18,11
08/02/2020,51141,Patrick,"West Piedmont",115,24,3
08/02/2020,51119,Middlesex,"Three Rivers",27,3,1
08/02/2020,51183,Sussex,Crater,277,24,9
08/02/2020,51735,Poquoson,Peninsula,36,2,0
08/02/2020,51025,Brunswick,Southside,205,24,1
08/02/2020,51117,Mecklenburg,Southside,308,36,32
08/02/2020,51685,"Manassas Park","Prince William",500,50,7
08/02/2020,51720,Norton,Lenowisco,13,2,0
08/02/2020,51109,Louisa,"Thomas Jefferson",166,22,2
08/02/2020,51810,"Virginia Beach","Virginia Beach",4299,202,47
08/02/2020,51101,"King William","Three Rivers",77,7,2
08/02/2020,51061,Fauquier,"Rappahannock Rapidan",574,34,8
08/02/2020,51149,"Prince George",Crater,334,14,2
08/02/2020,51083,Halifax,Southside,137,5,1
08/02/2020,51036,"Charles City",Chickahominy,50,16,5
08/02/2020,51017,Bath,"Central Shenandoah",4,0,0
08/02/2020,51153,"Prince William","Prince William",8907,783,172
08/02/2020,51093,"Isle of Wight","Western Tidewater",338,20,9
08/02/2020,51019,Bedford,"Central Virginia",299,12,6
08/02/2020,51159,"Richmond County","Three Rivers",317,14,4
08/02/2020,51550,Chesapeake,Chesapeake,2538,206,29
08/02/2020,51690,Martinsville,"West Piedmont",169,25,3
08/02/2020,51830,Williamsburg,Peninsula,111,12,6
08/02/2020,51099,"King George",Rappahannock,124,16,4
08/02/2020,51079,Greene,"Thomas Jefferson",138,8,2
08/02/2020,51095,"James City",Peninsula,549,59,16
08/02/2020,51087,Henrico,Henrico,3609,312,182
08/02/2020,51640,Galax,"Mount Rogers",331,37,22
08/02/2020,51069,Frederick,"Lord Fairfax",663,49,9
08/02/2020,51147,"Prince Edward",Piedmont,351,28,10
08/02/2020,51059,Fairfax,Fairfax,15768,1902,523
08/02/2020,51750,Radford,"New River",26,2,0
08/02/2020,51131,Northampton,"Eastern Shore",292,45,28
08/02/2020,51051,Dickenson,"Cumberland Plateau",24,2,0
08/02/2020,51179,Stafford,Rappahannock,1266,116,7
08/02/2020,51037,Charlotte,Piedmont,49,4,0
08/02/2020,51035,Carroll,"Mount Rogers",311,29,14
08/02/2020,51073,Gloucester,"Three Rivers",145,12,2
08/02/2020,51173,Smyth,"Mount Rogers",120,8,3
08/02/2020,51683,"Manassas City","Prince William",1609,118,20
08/02/2020,51097,"King and Queen","Three Rivers",35,4,1
08/02/2020,51001,Accomack,"Eastern Shore",1079,78,15
08/02/2020,51091,Highland,"Central Shenandoah",3,0,0
08/02/2020,51620,"Franklin City","Western Tidewater",126,7,6
08/02/2020,51115,Mathews,"Three Rivers",14,2,0
08/02/2020,51678,Lexington,"Central Shenandoah",32,1,0
08/02/2020,51193,Westmoreland,"Three Rivers",193,15,2
08/02/2020,51191,Washington,"Mount Rogers",181,19,4
08/02/2020,51700,"Newport News",Peninsula,1639,74,16
08/02/2020,51027,Buchanan,"Cumberland Plateau",71,2,0
08/02/2020,51075,Goochland,Chickahominy,151,25,7
08/02/2020,51800,Suffolk,"Western Tidewater",1092,93,49
08/02/2020,51121,Montgomery,"New River",280,16,3
08/02/2020,51530,"Buena Vista City","Central Shenandoah",48,3,0
08/02/2020,51021,Bland,"Mount Rogers",7,0,0
08/02/2020,51143,Pittsylvania,Pittsylvania-Danville,354,25,2
08/02/2020,51013,Arlington,Arlington,2925,435,136
08/02/2020,51125,Nelson,"Thomas Jefferson",34,0,0
08/02/2020,51595,Emporia,Crater,165,24,15
08/02/2020,51047,Culpeper,"Rappahannock Rapidan",951,73,12
08/02/2020,51065,Fluvanna,"Thomas Jefferson",174,31,8
08/02/2020,51670,Hopewell,Crater,254,22,5
08/02/2020,51003,Albemarle,"Thomas Jefferson",758,51,12
08/02/2020,51157,Rappahannock,"Rappahannock Rapidan",40,4,2
08/02/2020,51085,Hanover,Chickahominy,590,78,31
08/02/2020,51011,Appomattox,"Central Virginia",70,7,0
08/03/2020,51001,Accomack,"Eastern Shore",1080,78,15
08/03/2020,51003,Albemarle,"Thomas Jefferson",775,51,12
08/03/2020,51005,Alleghany,Alleghany,56,5,3
08/03/2020,51007,Amelia,Piedmont,73,13,1
08/03/2020,51009,Amherst,"Central Virginia",118,6,0
08/03/2020,51011,Appomattox,"Central Virginia",71,7,0
08/03/2020,51013,Arlington,Arlington,2945,436,136
08/03/2020,51015,Augusta,"Central Shenandoah",253,9,4
08/03/2020,51017,Bath,"Central Shenandoah",4,0,0
08/03/2020,51019,Bedford,"Central Virginia",307,16,6
08/03/2020,51021,Bland,"Mount Rogers",7,0,0
08/03/2020,51023,Botetourt,Alleghany,192,15,7
08/03/2020,51025,Brunswick,Southside,212,24,1
08/03/2020,51027,Buchanan,"Cumberland Plateau",72,2,0
08/03/2020,51029,Buckingham,Piedmont,596,23,6
08/03/2020,51031,Campbell,"Central Virginia",157,7,2
08/03/2020,51033,Caroline,Rappahannock,191,22,4
08/03/2020,51035,Carroll,"Mount Rogers",314,29,14
08/03/2020,51036,"Charles City",Chickahominy,50,16,5
08/03/2020,51037,Charlotte,Piedmont,49,4,0
08/03/2020,51041,Chesterfield,Chesterfield,4097,212,75
08/03/2020,51043,Clarke,"Lord Fairfax",69,7,0
08/03/2020,51045,Craig,Alleghany,16,1,0
08/03/2020,51047,Culpeper,"Rappahannock Rapidan",957,73,12
08/03/2020,51049,Cumberland,Piedmont,68,4,0
08/03/2020,51051,Dickenson,"Cumberland Plateau",29,3,0
08/03/2020,51053,Dinwiddie,Crater,209,30,6
08/03/2020,51057,Essex,"Three Rivers",83,7,1
08/03/2020,51059,Fairfax,Fairfax,15907,1903,523
08/03/2020,51061,Fauquier,"Rappahannock Rapidan",580,34,8
08/03/2020,51063,Floyd,"New River",39,2,1
08/03/2020,51065,Fluvanna,"Thomas Jefferson",175,31,8
08/03/2020,51067,"Franklin County","West Piedmont",160,8,1
08/03/2020,51069,Frederick,"Lord Fairfax",670,50,9
08/03/2020,51071,Giles,"New River",23,2,0
08/03/2020,51073,Gloucester,"Three Rivers",145,12,2
08/03/2020,51075,Goochland,Chickahominy,151,25,7
08/03/2020,51077,Grayson,"Mount Rogers",134,8,4
08/03/2020,51079,Greene,"Thomas Jefferson",147,8,2
08/03/2020,51081,Greensville,Crater,437,25,10
08/03/2020,51083,Halifax,Southside,141,5,1
08/03/2020,51085,Hanover,Chickahominy,597,78,31
08/03/2020,51087,Henrico,Henrico,3654,317,182
08/03/2020,51089,Henry,"West Piedmont",511,58,6
08/03/2020,51091,Highland,"Central Shenandoah",3,0,0
08/03/2020,51093,"Isle of Wight","Western Tidewater",353,20,9
08/03/2020,51095,"James City",Peninsula,562,59,16
08/03/2020,51097,"King and Queen","Three Rivers",36,4,1
08/03/2020,51099,"King George",Rappahannock,124,16,4
08/03/2020,51101,"King William","Three Rivers",77,7,2
08/03/2020,51103,Lancaster,"Three Rivers",31,1,0
08/03/2020,51105,Lee,Lenowisco,100,7,1
08/03/2020,51107,Loudoun,Loudoun,5059,339,112
08/03/2020,51109,Louisa,"Thomas Jefferson",167,22,2
08/03/2020,51111,Lunenburg,Piedmont,55,4,1
08/03/2020,51113,Madison,"Rappahannock Rapidan",62,5,1
08/03/2020,51115,Mathews,"Three Rivers",14,2,0
08/03/2020,51117,Mecklenburg,Southside,309,36,32
08/03/2020,51119,Middlesex,"Three Rivers",28,3,1
08/03/2020,51121,Montgomery,"New River",289,17,3
08/03/2020,51125,Nelson,"Thomas Jefferson",34,0,0
08/03/2020,51127,"New Kent",Chickahominy,119,10,1
08/03/2020,51131,Northampton,"Eastern Shore",294,45,28
08/03/2020,51133,Northumberland,"Three Rivers",66,3,2
08/03/2020,51135,Nottoway,Piedmont,176,40,9
08/03/2020,51137,Orange,"Rappahannock Rapidan",213,16,3
08/03/2020,51139,Page,"Lord Fairfax",333,36,24
08/03/2020,51141,Patrick,"West Piedmont",115,24,3
08/03/2020,51143,Pittsylvania,Pittsylvania-Danville,375,27,2
08/03/2020,51145,Powhatan,Chesterfield,128,9,4
08/03/2020,51147,"Prince Edward",Piedmont,356,28,10
08/03/2020,51149,"Prince George",Crater,341,14,2
08/03/2020,51153,"Prince William","Prince William",8988,787,173
08/03/2020,51155,Pulaski,"New River",75,9,3
08/03/2020,51157,Rappahannock,"Rappahannock Rapidan",40,4,2
08/03/2020,51159,"Richmond County","Three Rivers",317,14,4
08/03/2020,51161,"Roanoke County",Alleghany,456,13,7
08/03/2020,51163,Rockbridge,"Central Shenandoah",67,1,0
08/03/2020,51165,Rockingham,"Central Shenandoah",908,94,17
08/03/2020,51167,Russell,"Cumberland Plateau",70,10,1
08/03/2020,51169,Scott,Lenowisco,60,8,3
08/03/2020,51171,Shenandoah,"Lord Fairfax",681,70,42
08/03/2020,51173,Smyth,"Mount Rogers",123,9,3
08/03/2020,51175,Southampton,"Western Tidewater",240,12,13
08/03/2020,51177,Spotsylvania,Rappahannock,1357,93,34
08/03/2020,51179,Stafford,Rappahannock,1283,116,7
08/03/2020,51181,Surry,Crater,38,4,2
08/03/2020,51183,Sussex,Crater,279,25,9
08/03/2020,51185,Tazewell,"Cumberland Plateau",98,6,0
08/03/2020,51187,Warren,"Lord Fairfax",348,22,6
08/03/2020,51191,Washington,"Mount Rogers",181,19,4
08/03/2020,51193,Westmoreland,"Three Rivers",195,15,2
08/03/2020,51195,Wise,Lenowisco,94,15,3
08/03/2020,51197,Wythe,"Mount Rogers",108,11,3
08/03/2020,51199,York,Peninsula,318,14,3
08/03/2020,51510,Alexandria,Alexandria,2844,269,59
08/03/2020,51520,Bristol,"Mount Rogers",65,6,0
08/03/2020,51530,"Buena Vista City","Central Shenandoah",48,3,0
08/03/2020,51540,Charlottesville,"Thomas Jefferson",495,25,13
08/03/2020,51550,Chesapeake,Chesapeake,2617,213,29
08/03/2020,51570,"Colonial Heights",Chesterfield,185,24,21
08/03/2020,51580,Covington,Alleghany,12,0,0
08/03/2020,51590,Danville,Pittsylvania-Danville,344,38,7
08/03/2020,51595,Emporia,Crater,167,25,15
08/03/2020,51600,"Fairfax City",Fairfax,82,11,7
08/03/2020,51610,"Falls Church",Fairfax,59,10,6
08/03/2020,51620,"Franklin City","Western Tidewater",148,7,6
08/03/2020,51630,Fredericksburg,Rappahannock,368,42,2
08/03/2020,51640,Galax,"Mount Rogers",338,37,22
08/03/2020,51650,Hampton,Hampton,1070,49,5
08/03/2020,51660,Harrisonburg,"Central Shenandoah",1055,79,29
08/03/2020,51670,Hopewell,Crater,258,23,5
08/03/2020,51678,Lexington,"Central Shenandoah",33,1,0
08/03/2020,51680,Lynchburg,"Central Virginia",469,20,2
08/03/2020,51683,"Manassas City","Prince William",1612,118,20
08/03/2020,51685,"Manassas Park","Prince William",500,50,7
08/03/2020,51690,Martinsville,"West Piedmont",171,26,3
08/03/2020,51700,"Newport News",Peninsula,1671,74,16
08/03/2020,51710,Norfolk,Norfolk,3345,173,26
08/03/2020,51720,Norton,Lenowisco,13,2,0
08/03/2020,51730,Petersburg,Crater,473,63,13
08/03/2020,51735,Poquoson,Peninsula,39,2,0
08/03/2020,51740,Portsmouth,Portsmouth,1540,125,24
08/03/2020,51750,Radford,"New River",26,2,0
08/03/2020,51760,"Richmond City",Richmond,2992,283,39
08/03/2020,51770,"Roanoke City",Roanoke,909,19,11
08/03/2020,51775,Salem,Alleghany,139,5,3
08/03/2020,51790,Staunton,"Central Shenandoah",143,10,0
08/03/2020,51800,Suffolk,"Western Tidewater",1112,93,49
08/03/2020,51810,"Virginia Beach","Virginia Beach",4427,208,47
08/03/2020,51820,Waynesboro,"Central Shenandoah",167,9,3
08/03/2020,51830,Williamsburg,Peninsula,114,12,6
08/03/2020,51840,Winchester,"Lord Fairfax",392,31,4
08/04/2020,51001,Accomack,"Eastern Shore",1082,78,15
08/04/2020,51003,Albemarle,"Thomas Jefferson",790,51,14
08/04/2020,51005,Alleghany,Alleghany,56,5,3
08/04/2020,51007,Amelia,Piedmont,73,13,1
08/04/2020,51009,Amherst,"Central Virginia",124,6,0
08/04/2020,51011,Appomattox,"Central Virginia",72,7,0
08/04/2020,51013,Arlington,Arlington,2973,436,136
08/04/2020,51015,Augusta,"Central Shenandoah",260,10,4
08/04/2020,51017,Bath,"Central Shenandoah",4,0,0
08/04/2020,51019,Bedford,"Central Virginia",311,16,7
08/04/2020,51021,Bland,"Mount Rogers",7,0,0
08/04/2020,51023,Botetourt,Alleghany,192,16,7
08/04/2020,51025,Brunswick,Southside,212,24,2
08/04/2020,51027,Buchanan,"Cumberland Plateau",73,2,0
08/04/2020,51029,Buckingham,Piedmont,596,23,8
08/04/2020,51031,Campbell,"Central Virginia",162,7,2
08/04/2020,51033,Caroline,Rappahannock,192,22,5
08/04/2020,51035,Carroll,"Mount Rogers",304,26,12
08/04/2020,51036,"Charles City",Chickahominy,51,16,5
08/04/2020,51037,Charlotte,Piedmont,49,4,0
08/04/2020,51041,Chesterfield,Chesterfield,4141,219,75
08/04/2020,51043,Clarke,"Lord Fairfax",69,7,0
08/04/2020,51045,Craig,Alleghany,16,1,0
08/04/2020,51047,Culpeper,"Rappahannock Rapidan",962,74,12
08/04/2020,51049,Cumberland,Piedmont,69,5,0
08/04/2020,51051,Dickenson,"Cumberland Plateau",29,3,0
08/04/2020,51053,Dinwiddie,Crater,210,30,6
08/04/2020,51057,Essex,"Three Rivers",83,7,1
08/04/2020,51059,Fairfax,Fairfax,15987,1907,528
08/04/2020,51061,Fauquier,"Rappahannock Rapidan",584,34,8
08/04/2020,51063,Floyd,"New River",41,2,1
08/04/2020,51065,Fluvanna,"Thomas Jefferson",175,31,8
08/04/2020,51067,"Franklin County","West Piedmont",164,8,1
08/04/2020,51069,Frederick,"Lord Fairfax",672,50,9
08/04/2020,51071,Giles,"New River",23,2,0
08/04/2020,51073,Gloucester,"Three Rivers",147,13,2
08/04/2020,51075,Goochland,Chickahominy,152,25,7
08/04/2020,51077,Grayson,"Mount Rogers",144,12,5
08/04/2020,51079,Greene,"Thomas Jefferson",151,8,2
08/04/2020,51081,Greensville,Crater,438,25,10
08/04/2020,51083,Halifax,Southside,143,5,1
08/04/2020,51085,Hanover,Chickahominy,605,78,31
08/04/2020,51087,Henrico,Henrico,3690,321,182
08/04/2020,51089,Henry,"West Piedmont",523,59,6
08/04/2020,51091,Highland,"Central Shenandoah",4,0,0
08/04/2020,51093,"Isle of Wight","Western Tidewater",363,20,9
08/04/2020,51095,"James City",Peninsula,572,59,16
08/04/2020,51097,"King and Queen","Three Rivers",37,4,1
08/04/2020,51099,"King George",Rappahannock,124,16,4
08/04/2020,51101,"King William","Three Rivers",78,7,2
08/04/2020,51103,Lancaster,"Three Rivers",32,1,0
08/04/2020,51105,Lee,Lenowisco,101,7,1
08/04/2020,51107,Loudoun,Loudoun,5093,339,113
08/04/2020,51109,Louisa,"Thomas Jefferson",170,22,2
08/04/2020,51111,Lunenburg,Piedmont,59,4,1
08/04/2020,51113,Madison,"Rappahannock Rapidan",62,5,1
08/04/2020,51115,Mathews,"Three Rivers",15,2,0
08/04/2020,51117,Mecklenburg,Southside,311,36,32
08/04/2020,51119,Middlesex,"Three Rivers",29,3,1
08/04/2020,51121,Montgomery,"New River",288,17,3
08/04/2020,51125,Nelson,"Thomas Jefferson",34,0,0
08/04/2020,51127,"New Kent",Chickahominy,121,11,1
08/04/2020,51131,Northampton,"Eastern Shore",295,48,29
08/04/2020,51133,Northumberland,"Three Rivers",69,3,2
08/04/2020,51135,Nottoway,Piedmont,177,40,9
08/04/2020,51137,Orange,"Rappahannock Rapidan",215,16,3
08/04/2020,51139,Page,"Lord Fairfax",334,36,24
08/04/2020,51141,Patrick,"West Piedmont",118,24,3
08/04/2020,51143,Pittsylvania,Pittsylvania-Danville,380,28,2
08/04/2020,51145,Powhatan,Chesterfield,132,9,4
08/04/2020,51147,"Prince Edward",Piedmont,358,28,10
08/04/2020,51149,"Prince George",Crater,340,16,2
08/04/2020,51153,"Prince William","Prince William",9089,788,173
08/04/2020,51155,Pulaski,"New River",78,9,3
08/04/2020,51157,Rappahannock,"Rappahannock Rapidan",40,4,2
08/04/2020,51159,"Richmond County","Three Rivers",317,14,4
08/04/2020,51161,"Roanoke County",Alleghany,456,13,4
08/04/2020,51163,Rockbridge,"Central Shenandoah",66,1,0
08/04/2020,51165,Rockingham,"Central Shenandoah",919,94,17
08/04/2020,51167,Russell,"Cumberland Plateau",73,10,1
08/04/2020,51169,Scott,Lenowisco,62,8,3
08/04/2020,51171,Shenandoah,"Lord Fairfax",685,71,42
08/04/2020,51173,Smyth,"Mount Rogers",123,9,3
08/04/2020,51175,Southampton,"Western Tidewater",245,12,13
08/04/2020,51177,Spotsylvania,Rappahannock,1375,95,34
08/04/2020,51179,Stafford,Rappahannock,1294,117,7
08/04/2020,51181,Surry,Crater,39,4,2
08/04/2020,51183,Sussex,Crater,280,25,9
08/04/2020,51185,Tazewell,"Cumberland Plateau",102,7,0
08/04/2020,51187,Warren,"Lord Fairfax",351,22,6
08/04/2020,51191,Washington,"Mount Rogers",184,19,4
08/04/2020,51193,Westmoreland,"Three Rivers",195,15,2
08/04/2020,51195,Wise,Lenowisco,102,15,3
08/04/2020,51197,Wythe,"Mount Rogers",107,12,3
08/04/2020,51199,York,Peninsula,330,14,3
08/04/2020,51510,Alexandria,Alexandria,2867,273,60
08/04/2020,51520,Bristol,"Mount Rogers",66,6,0
08/04/2020,51530,"Buena Vista City","Central Shenandoah",48,3,1
08/04/2020,51540,Charlottesville,"Thomas Jefferson",504,25,13
08/04/2020,51550,Chesapeake,Chesapeake,2689,217,30
08/04/2020,51570,"Colonial Heights",Chesterfield,187,24,21
08/04/2020,51580,Covington,Alleghany,12,0,0
08/04/2020,51590,Danville,Pittsylvania-Danville,347,38,7
08/04/2020,51595,Emporia,Crater,171,26,15
08/04/2020,51600,"Fairfax City",Fairfax,82,11,7
08/04/2020,51610,"Falls Church",Fairfax,58,9,5
08/04/2020,51620,"Franklin City","Western Tidewater",152,7,6
08/04/2020,51630,Fredericksburg,Rappahannock,371,43,2
08/04/2020,51640,Galax,"Mount Rogers",341,37,24
08/04/2020,51650,Hampton,Hampton,1103,49,7
08/04/2020,51660,Harrisonburg,"Central Shenandoah",1065,79,29
08/04/2020,51670,Hopewell,Crater,259,23,5
08/04/2020,51678,Lexington,"Central Shenandoah",33,1,0
08/04/2020,51680,Lynchburg,"Central Virginia",486,20,2
08/04/2020,51683,"Manassas City","Prince William",1614,118,20
08/04/2020,51685,"Manassas Park","Prince William",502,50,7
08/04/2020,51690,Martinsville,"West Piedmont",173,26,3
08/04/2020,51700,"Newport News",Peninsula,1717,78,18
08/04/2020,51710,Norfolk,Norfolk,3425,178,26
08/04/2020,51720,Norton,Lenowisco,14,2,0
08/04/2020,51730,Petersburg,Crater,478,64,16
08/04/2020,51735,Poquoson,Peninsula,40,2,0
08/04/2020,51740,Portsmouth,Portsmouth,1631,129,24
08/04/2020,51750,Radford,"New River",33,2,0
08/04/2020,51760,"Richmond City",Richmond,3015,282,39
08/04/2020,51770,"Roanoke City",Roanoke,913,21,14
08/04/2020,51775,Salem,Alleghany,140,5,3
08/04/2020,51790,Staunton,"Central Shenandoah",143,10,0
08/04/2020,51800,Suffolk,"Western Tidewater",1141,93,49
08/04/2020,51810,"Virginia Beach","Virginia Beach",4529,215,49
08/04/2020,51820,Waynesboro,"Central Shenandoah",167,9,3
08/04/2020,51830,Williamsburg,Peninsula,117,12,6
08/04/2020,51840,Winchester,"Lord Fairfax",394,31,4
08/05/2020,51001,Accomack,"Eastern Shore",1085,79,15
08/05/2020,51003,Albemarle,"Thomas Jefferson",791,51,16
08/05/2020,51005,Alleghany,Alleghany,57,5,4
08/05/2020,51007,Amelia,Piedmont,74,13,1
08/05/2020,51009,Amherst,"Central Virginia",130,6,0
08/05/2020,51011,Appomattox,"Central Virginia",75,7,0
08/05/2020,51013,Arlington,Arlington,2997,436,135
08/05/2020,51015,Augusta,"Central Shenandoah",262,10,4
08/05/2020,51017,Bath,"Central Shenandoah",4,0,0
08/05/2020,51019,Bedford,"Central Virginia",321,17,7
08/05/2020,51021,Bland,"Mount Rogers",8,0,0
08/05/2020,51023,Botetourt,Alleghany,193,16,7
08/05/2020,51025,Brunswick,Southside,215,24,2
08/05/2020,51027,Buchanan,"Cumberland Plateau",73,2,0
08/05/2020,51029,Buckingham,Piedmont,597,23,8
08/05/2020,51031,Campbell,"Central Virginia",168,7,2
08/05/2020,51033,Caroline,Rappahannock,193,22,5
08/05/2020,51035,Carroll,"Mount Rogers",305,26,12
08/05/2020,51036,"Charles City",Chickahominy,51,16,5
08/05/2020,51037,Charlotte,Piedmont,50,4,0
08/05/2020,51041,Chesterfield,Chesterfield,4170,219,75
08/05/2020,51043,Clarke,"Lord Fairfax",69,7,0
08/05/2020,51045,Craig,Alleghany,16,1,0
08/05/2020,51047,Culpeper,"Rappahannock Rapidan",964,74,12
08/05/2020,51049,Cumberland,Piedmont,71,6,0
08/05/2020,51051,Dickenson,"Cumberland Plateau",33,3,1
08/05/2020,51053,Dinwiddie,Crater,209,30,7
08/05/2020,51057,Essex,"Three Rivers",84,7,1
08/05/2020,51059,Fairfax,Fairfax,16019,1905,530
08/05/2020,51061,Fauquier,"Rappahannock Rapidan",588,34,9
08/05/2020,51063,Floyd,"New River",41,2,1
08/05/2020,51065,Fluvanna,"Thomas Jefferson",176,31,8
08/05/2020,51067,"Franklin County","West Piedmont",163,7,1
08/05/2020,51069,Frederick,"Lord Fairfax",673,51,9
08/05/2020,51071,Giles,"New River",23,2,0
08/05/2020,51073,Gloucester,"Three Rivers",147,13,2
08/05/2020,51075,Goochland,Chickahominy,153,25,7
08/05/2020,51077,Grayson,"Mount Rogers",145,12,5
08/05/2020,51079,Greene,"Thomas Jefferson",152,8,2
08/05/2020,51081,Greensville,Crater,438,26,10
08/05/2020,51083,Halifax,Southside,145,5,1
08/05/2020,51085,Hanover,Chickahominy,611,78,32
08/05/2020,51087,Henrico,Henrico,3714,322,182
08/05/2020,51089,Henry,"West Piedmont",530,60,6
08/05/2020,51091,Highland,"Central Shenandoah",4,0,0
08/05/2020,51093,"Isle of Wight","Western Tidewater",365,20,9
08/05/2020,51095,"James City",Peninsula,573,59,16
08/05/2020,51097,"King and Queen","Three Rivers",37,4,1
08/05/2020,51099,"King George",Rappahannock,124,16,4
08/05/2020,51101,"King William","Three Rivers",79,7,2
08/05/2020,51103,Lancaster,"Three Rivers",32,1,0
08/05/2020,51105,Lee,Lenowisco,104,8,1
08/05/2020,51107,Loudoun,Loudoun,5117,340,113
08/05/2020,51109,Louisa,"Thomas Jefferson",171,22,2
08/05/2020,51111,Lunenburg,Piedmont,59,4,1
08/05/2020,51113,Madison,"Rappahannock Rapidan",64,5,1
08/05/2020,51115,Mathews,"Three Rivers",15,2,0
08/05/2020,51117,Mecklenburg,Southside,329,36,32
08/05/2020,51119,Middlesex,"Three Rivers",32,3,1
08/05/2020,51121,Montgomery,"New River",291,17,3
08/05/2020,51125,Nelson,"Thomas Jefferson",34,0,0
08/05/2020,51127,"New Kent",Chickahominy,121,11,1
08/05/2020,51131,Northampton,"Eastern Shore",295,48,29
08/05/2020,51133,Northumberland,"Three Rivers",69,3,2
08/05/2020,51135,Nottoway,Piedmont,178,40,9
08/05/2020,51137,Orange,"Rappahannock Rapidan",221,16,3
08/05/2020,51139,Page,"Lord Fairfax",337,37,24
08/05/2020,51141,Patrick,"West Piedmont",119,24,4
08/05/2020,51143,Pittsylvania,Pittsylvania-Danville,383,29,2
08/05/2020,51145,Powhatan,Chesterfield,135,9,4
08/05/2020,51147,"Prince Edward",Piedmont,386,29,10
08/05/2020,51149,"Prince George",Crater,345,16,2
08/05/2020,51153,"Prince William","Prince William",9139,794,175
08/05/2020,51155,Pulaski,"New River",79,9,3
08/05/2020,51157,Rappahannock,"Rappahannock Rapidan",41,4,2
08/05/2020,51159,"Richmond County","Three Rivers",317,14,4
08/05/2020,51161,"Roanoke County",Alleghany,460,13,4
08/05/2020,51163,Rockbridge,"Central Shenandoah",66,1,0
08/05/2020,51165,Rockingham,"Central Shenandoah",920,94,17
08/05/2020,51167,Russell,"Cumberland Plateau",89,11,2
08/05/2020,51169,Scott,Lenowisco,63,8,3
08/05/2020,51171,Shenandoah,"Lord Fairfax",686,71,42
08/05/2020,51173,Smyth,"Mount Rogers",126,9,3
08/05/2020,51175,Southampton,"Western Tidewater",247,12,13
08/05/2020,51177,Spotsylvania,Rappahannock,1390,94,35
08/05/2020,51179,Stafford,Rappahannock,1300,118,8
08/05/2020,51181,Surry,Crater,42,4,2
08/05/2020,51183,Sussex,Crater,281,25,9
08/05/2020,51185,Tazewell,"Cumberland Plateau",103,8,0
08/05/2020,51187,Warren,"Lord Fairfax",352,22,6
08/05/2020,51191,Washington,"Mount Rogers",191,20,5
08/05/2020,51193,Westmoreland,"Three Rivers",197,15,3
08/05/2020,51195,Wise,Lenowisco,109,16,3
08/05/2020,51197,Wythe,"Mount Rogers",108,12,3
08/05/2020,51199,York,Peninsula,335,14,4
08/05/2020,51510,Alexandria,Alexandria,2872,274,60
08/05/2020,51520,Bristol,"Mount Rogers",70,6,0
08/05/2020,51530,"Buena Vista City","Central Shenandoah",50,3,1
08/05/2020,51540,Charlottesville,"Thomas Jefferson",504,25,13
08/05/2020,51550,Chesapeake,Chesapeake,2714,221,33
08/05/2020,51570,"Colonial Heights",Chesterfield,188,24,21
08/05/2020,51580,Covington,Alleghany,12,0,0
08/05/2020,51590,Danville,Pittsylvania-Danville,354,39,7
08/05/2020,51595,Emporia,Crater,171,27,15
08/05/2020,51600,"Fairfax City",Fairfax,82,11,7
08/05/2020,51610,"Falls Church",Fairfax,59,9,5
08/05/2020,51620,"Franklin City","Western Tidewater",157,7,6
08/05/2020,51630,Fredericksburg,Rappahannock,380,43,3
08/05/2020,51640,Galax,"Mount Rogers",342,37,24
08/05/2020,51650,Hampton,Hampton,1129,49,7
08/05/2020,51660,Harrisonburg,"Central Shenandoah",1069,79,30
08/05/2020,51670,Hopewell,Crater,259,23,5
08/05/2020,51678,Lexington,"Central Shenandoah",33,1,0
08/05/2020,51680,Lynchburg,"Central Virginia",503,21,4
08/05/2020,51683,"Manassas City","Prince William",1620,120,20
08/05/2020,51685,"Manassas Park","Prince William",505,50,7
08/05/2020,51690,Martinsville,"West Piedmont",179,27,4
08/05/2020,51700,"Newport News",Peninsula,1734,78,18
08/05/2020,51710,Norfolk,Norfolk,3493,179,28
08/05/2020,51720,Norton,Lenowisco,15,2,0
08/05/2020,51730,Petersburg,Crater,488,64,18
08/05/2020,51735,Poquoson,Peninsula,41,2,0
08/05/2020,51740,Portsmouth,Portsmouth,1663,131,25
08/05/2020,51750,Radford,"New River",34,2,0
08/05/2020,51760,"Richmond City",Richmond,3034,286,39
08/05/2020,51770,"Roanoke City",Roanoke,932,21,14
08/05/2020,51775,Salem,Alleghany,144,5,3
08/05/2020,51790,Staunton,"Central Shenandoah",144,10,0
08/05/2020,51800,Suffolk,"Western Tidewater",1167,93,49
08/05/2020,51810,"Virginia Beach","Virginia Beach",4583,219,49
08/05/2020,51820,Waynesboro,"Central Shenandoah",167,9,3
08/05/2020,51830,Williamsburg,Peninsula,119,12,6
08/05/2020,51840,Winchester,"Lord Fairfax",396,31,4
08/06/2020,51001,Accomack,"Eastern Shore",1085,79,16
08/06/2020,51003,Albemarle,"Thomas Jefferson",798,52,16
08/06/2020,51005,Alleghany,Alleghany,58,6,4
08/06/2020,51007,Amelia,Piedmont,77,13,2
08/06/2020,51009,Amherst,"Central Virginia",137,6,0
08/06/2020,51011,Appomattox,"Central Virginia",77,7,0
08/06/2020,51013,Arlington,Arlington,3013,436,135
08/06/2020,51015,Augusta,"Central Shenandoah",261,10,4
08/06/2020,51017,Bath,"Central Shenandoah",4,0,0
08/06/2020,51019,Bedford,"Central Virginia",327,18,7
08/06/2020,51021,Bland,"Mount Rogers",9,0,0
08/06/2020,51023,Botetourt,Alleghany,200,16,7
08/06/2020,51025,Brunswick,Southside,216,24,2
08/06/2020,51027,Buchanan,"Cumberland Plateau",74,2,0
08/06/2020,51029,Buckingham,Piedmont,598,23,8
08/06/2020,51031,Campbell,"Central Virginia",176,7,2
08/06/2020,51033,Caroline,Rappahannock,194,22,5
08/06/2020,51035,Carroll,"Mount Rogers",309,27,12
08/06/2020,51036,"Charles City",Chickahominy,51,16,5
08/06/2020,51037,Charlotte,Piedmont,50,4,0
08/06/2020,51041,Chesterfield,Chesterfield,4216,219,77
08/06/2020,51043,Clarke,"Lord Fairfax",69,7,0
08/06/2020,51045,Craig,Alleghany,17,1,0
08/06/2020,51047,Culpeper,"Rappahannock Rapidan",977,75,12
08/06/2020,51049,Cumberland,Piedmont,72,7,0
08/06/2020,51051,Dickenson,"Cumberland Plateau",38,4,1
08/06/2020,51053,Dinwiddie,Crater,211,30,7
08/06/2020,51057,Essex,"Three Rivers",84,7,1
08/06/2020,51059,Fairfax,Fairfax,16087,1913,527
08/06/2020,51061,Fauquier,"Rappahannock Rapidan",592,34,9
08/06/2020,51063,Floyd,"New River",43,2,1
08/06/2020,51065,Fluvanna,"Thomas Jefferson",179,31,9
08/06/2020,51067,"Franklin County","West Piedmont",163,7,1
08/06/2020,51069,Frederick,"Lord Fairfax",675,51,9
08/06/2020,51071,Giles,"New River",23,2,0
08/06/2020,51073,Gloucester,"Three Rivers",147,13,2
08/06/2020,51075,Goochland,Chickahominy,157,25,7
08/06/2020,51077,Grayson,"Mount Rogers",145,12,5
08/06/2020,51079,Greene,"Thomas Jefferson",153,8,2
08/06/2020,51081,Greensville,Crater,441,26,11
08/06/2020,51083,Halifax,Southside,145,5,1
08/06/2020,51085,Hanover,Chickahominy,615,78,32
08/06/2020,51087,Henrico,Henrico,3742,327,182
08/06/2020,51089,Henry,"West Piedmont",543,63,7
08/06/2020,51091,Highland,"Central Shenandoah",4,0,0
08/06/2020,51093,"Isle of Wight","Western Tidewater",370,20,9
08/06/2020,51095,"James City",Peninsula,575,59,16
08/06/2020,51097,"King and Queen","Three Rivers",37,4,1
08/06/2020,51099,"King George",Rappahannock,125,16,4
08/06/2020,51101,"King William","Three Rivers",79,7,2
08/06/2020,51103,Lancaster,"Three Rivers",32,1,0
08/06/2020,51105,Lee,Lenowisco,105,8,1
08/06/2020,51107,Loudoun,Loudoun,5150,342,115
08/06/2020,51109,Louisa,"Thomas Jefferson",174,22,2
08/06/2020,51111,Lunenburg,Piedmont,58,4,1
08/06/2020,51113,Madison,"Rappahannock Rapidan",64,5,1
08/06/2020,51115,Mathews,"Three Rivers",16,2,0
08/06/2020,51117,Mecklenburg,Southside,360,37,32
08/06/2020,51119,Middlesex,"Three Rivers",33,3,1
08/06/2020,51121,Montgomery,"New River",296,17,3
08/06/2020,51125,Nelson,"Thomas Jefferson",36,0,0
08/06/2020,51127,"New Kent",Chickahominy,122,11,1
08/06/2020,51131,Northampton,"Eastern Shore",295,48,29
08/06/2020,51133,Northumberland,"Three Rivers",69,3,2
08/06/2020,51135,Nottoway,Piedmont,178,41,10
08/06/2020,51137,Orange,"Rappahannock Rapidan",222,16,3
08/06/2020,51139,Page,"Lord Fairfax",335,37,24
08/06/2020,51141,Patrick,"West Piedmont",126,28,4
08/06/2020,51143,Pittsylvania,Pittsylvania-Danville,392,31,2
08/06/2020,51145,Powhatan,Chesterfield,135,9,4
08/06/2020,51147,"Prince Edward",Piedmont,389,29,10
08/06/2020,51149,"Prince George",Crater,357,16,2
08/06/2020,51153,"Prince William","Prince William",9163,794,177
08/06/2020,51155,Pulaski,"New River",82,9,3
08/06/2020,51157,Rappahannock,"Rappahannock Rapidan",41,4,2
08/06/2020,51159,"Richmond County","Three Rivers",318,14,4
08/06/2020,51161,"Roanoke County",Alleghany,471,14,4
08/06/2020,51163,Rockbridge,"Central Shenandoah",66,2,1
08/06/2020,51165,Rockingham,"Central Shenandoah",925,96,18
08/06/2020,51167,Russell,"Cumberland Plateau",91,11,2
08/06/2020,51169,Scott,Lenowisco,66,8,3
08/06/2020,51171,Shenandoah,"Lord Fairfax",689,71,43
08/06/2020,51173,Smyth,"Mount Rogers",130,9,3
08/06/2020,51175,Southampton,"Western Tidewater",249,12,13
08/06/2020,51177,Spotsylvania,Rappahannock,1421,95,35
08/06/2020,51179,Stafford,Rappahannock,1316,118,8
08/06/2020,51181,Surry,Crater,44,5,2
08/06/2020,51183,Sussex,Crater,283,25,9
08/06/2020,51185,Tazewell,"Cumberland Plateau",106,8,0
08/06/2020,51187,Warren,"Lord Fairfax",353,22,6
08/06/2020,51191,Washington,"Mount Rogers",203,20,5
08/06/2020,51193,Westmoreland,"Three Rivers",197,15,3
08/06/2020,51195,Wise,Lenowisco,110,16,3
08/06/2020,51197,Wythe,"Mount Rogers",108,12,3
08/06/2020,51199,York,Peninsula,338,14,4
08/06/2020,51510,Alexandria,Alexandria,2887,274,60
08/06/2020,51520,Bristol,"Mount Rogers",71,6,0
08/06/2020,51530,"Buena Vista City","Central Shenandoah",50,3,1
08/06/2020,51540,Charlottesville,"Thomas Jefferson",505,25,15
08/06/2020,51550,Chesapeake,Chesapeake,2761,223,37
08/06/2020,51570,"Colonial Heights",Chesterfield,189,23,21
08/06/2020,51580,Covington,Alleghany,13,0,0
08/06/2020,51590,Danville,Pittsylvania-Danville,362,39,7
08/06/2020,51595,Emporia,Crater,172,27,15
08/06/2020,51600,"Fairfax City",Fairfax,81,11,7
08/06/2020,51610,"Falls Church",Fairfax,60,9,6
08/06/2020,51620,"Franklin City","Western Tidewater",158,7,6
08/06/2020,51630,Fredericksburg,Rappahannock,388,43,3
08/06/2020,51640,Galax,"Mount Rogers",342,38,24
08/06/2020,51650,Hampton,Hampton,1131,49,7
08/06/2020,51660,Harrisonburg,"Central Shenandoah",1070,79,30
08/06/2020,51670,Hopewell,Crater,260,23,5
08/06/2020,51678,Lexington,"Central Shenandoah",33,1,0
08/06/2020,51680,Lynchburg,"Central Virginia",514,22,4
08/06/2020,51683,"Manassas City","Prince William",1625,120,20
08/06/2020,51685,"Manassas Park","Prince William",506,50,7
08/06/2020,51690,Martinsville,"West Piedmont",184,31,3
08/06/2020,51700,"Newport News",Peninsula,1736,78,18
08/06/2020,51710,Norfolk,Norfolk,3496,182,29
08/06/2020,51720,Norton,Lenowisco,15,2,0
08/06/2020,51730,Petersburg,Crater,493,64,19
08/06/2020,51735,Poquoson,Peninsula,41,2,0
08/06/2020,51740,Portsmouth,Portsmouth,1676,132,25
08/06/2020,51750,Radford,"New River",36,3,0
08/06/2020,51760,"Richmond City",Richmond,3067,289,41
08/06/2020,51770,"Roanoke City",Roanoke,973,21,14
08/06/2020,51775,Salem,Alleghany,153,5,3
08/06/2020,51790,Staunton,"Central Shenandoah",143,10,0
08/06/2020,51800,Suffolk,"Western Tidewater",1184,93,49
08/06/2020,51810,"Virginia Beach","Virginia Beach",4658,222,52
08/06/2020,51820,Waynesboro,"Central Shenandoah",167,9,3
08/06/2020,51830,Williamsburg,Peninsula,119,12,6
08/06/2020,51840,Winchester,"Lord Fairfax",396,31,4
08/07/2020,51001,Accomack,"Eastern Shore",1087,79,16
08/07/2020,51003,Albemarle,"Thomas Jefferson",817,54,16
08/07/2020,51005,Alleghany,Alleghany,61,7,4
08/07/2020,51007,Amelia,Piedmont,78,13,2
08/07/2020,51009,Amherst,"Central Virginia",154,6,0
08/07/2020,51011,Appomattox,"Central Virginia",83,7,0
08/07/2020,51013,Arlington,Arlington,3037,436,135
08/07/2020,51015,Augusta,"Central Shenandoah",264,10,4
08/07/2020,51017,Bath,"Central Shenandoah",4,0,0
08/07/2020,51019,Bedford,"Central Virginia",341,18,7
08/07/2020,51021,Bland,"Mount Rogers",11,0,0
08/07/2020,51023,Botetourt,Alleghany,210,16,7
08/07/2020,51025,Brunswick,Southside,226,24,2
08/07/2020,51027,Buchanan,"Cumberland Plateau",78,2,0
08/07/2020,51029,Buckingham,Piedmont,601,23,8
08/07/2020,51031,Campbell,"Central Virginia",190,7,2
08/07/2020,51033,Caroline,Rappahannock,200,22,5
08/07/2020,51035,Carroll,"Mount Rogers",321,27,12
08/07/2020,51036,"Charles City",Chickahominy,51,16,5
08/07/2020,51037,Charlotte,Piedmont,52,4,0
08/07/2020,51041,Chesterfield,Chesterfield,4283,224,80
08/07/2020,51043,Clarke,"Lord Fairfax",70,7,0
08/07/2020,51045,Craig,Alleghany,17,1,0
08/07/2020,51047,Culpeper,"Rappahannock Rapidan",988,76,12
08/07/2020,51049,Cumberland,Piedmont,75,8,0
08/07/2020,51051,Dickenson,"Cumberland Plateau",38,4,1
08/07/2020,51053,Dinwiddie,Crater,212,31,7
08/07/2020,51057,Essex,"Three Rivers",94,7,1
08/07/2020,51059,Fairfax,Fairfax,16241,1927,530
08/07/2020,51061,Fauquier,"Rappahannock Rapidan",606,35,9
08/07/2020,51063,Floyd,"New River",51,2,2
08/07/2020,51065,Fluvanna,"Thomas Jefferson",184,32,9
08/07/2020,51067,"Franklin County","West Piedmont",168,7,1
08/07/2020,51069,Frederick,"Lord Fairfax",680,51,9
08/07/2020,51071,Giles,"New River",23,2,0
08/07/2020,51073,Gloucester,"Three Rivers",152,13,2
08/07/2020,51075,Goochland,Chickahominy,159,25,7
08/07/2020,51077,Grayson,"Mount Rogers",148,12,5
08/07/2020,51079,Greene,"Thomas Jefferson",153,8,2
08/07/2020,51081,Greensville,Crater,452,26,11
08/07/2020,51083,Halifax,Southside,152,5,1
08/07/2020,51085,Hanover,Chickahominy,637,81,32
08/07/2020,51087,Henrico,Henrico,3811,331,184
08/07/2020,51089,Henry,"West Piedmont",573,64,7
08/07/2020,51091,Highland,"Central Shenandoah",6,0,0
08/07/2020,51093,"Isle of Wight","Western Tidewater",378,20,9
08/07/2020,51095,"James City",Peninsula,596,59,16
08/07/2020,51097,"King and Queen","Three Rivers",39,4,1
08/07/2020,51099,"King George",Rappahannock,137,18,4
08/07/2020,51101,"King William","Three Rivers",83,7,2
08/07/2020,51103,Lancaster,"Three Rivers",35,2,0
08/07/2020,51105,Lee,Lenowisco,110,9,1
08/07/2020,51107,Loudoun,Loudoun,5196,346,115
08/07/2020,51109,Louisa,"Thomas Jefferson",181,22,2
08/07/2020,51111,Lunenburg,Piedmont,60,4,1
08/07/2020,51113,Madison,"Rappahannock Rapidan",66,5,1
08/07/2020,51115,Mathews,"Three Rivers",17,2,0
08/07/2020,51117,Mecklenburg,Southside,385,37,32
08/07/2020,51119,Middlesex,"Three Rivers",34,3,1
08/07/2020,51121,Montgomery,"New River",301,17,3
08/07/2020,51125,Nelson,"Thomas Jefferson",39,0,0
08/07/2020,51127,"New Kent",Chickahominy,124,11,1
08/07/2020,51131,Northampton,"Eastern Shore",295,48,29
08/07/2020,51133,Northumberland,"Three Rivers",70,3,2
08/07/2020,51135,Nottoway,Piedmont,181,43,13
08/07/2020,51137,Orange,"Rappahannock Rapidan",226,17,3
08/07/2020,51139,Page,"Lord Fairfax",337,37,24
08/07/2020,51141,Patrick,"West Piedmont",134,29,4
08/07/2020,51143,Pittsylvania,Pittsylvania-Danville,418,31,2
08/07/2020,51145,Powhatan,Chesterfield,141,9,4
08/07/2020,51147,"Prince Edward",Piedmont,397,29,10
08/07/2020,51149,"Prince George",Crater,377,16,2
08/07/2020,51153,"Prince William","Prince William",9340,801,177
08/07/2020,51155,Pulaski,"New River",84,9,3
08/07/2020,51157,Rappahannock,"Rappahannock Rapidan",41,4,2
08/07/2020,51159,"Richmond County","Three Rivers",318,14,4
08/07/2020,51161,"Roanoke County",Alleghany,495,15,4
08/07/2020,51163,Rockbridge,"Central Shenandoah",66,2,1
08/07/2020,51165,Rockingham,"Central Shenandoah",933,98,19
08/07/2020,51167,Russell,"Cumberland Plateau",101,11,2
08/07/2020,51169,Scott,Lenowisco,85,8,3
08/07/2020,51171,Shenandoah,"Lord Fairfax",690,72,43
08/07/2020,51173,Smyth,"Mount Rogers",140,9,3
08/07/2020,51175,Southampton,"Western Tidewater",257,12,13
08/07/2020,51177,Spotsylvania,Rappahannock,1449,95,35
08/07/2020,51179,Stafford,Rappahannock,1350,120,8
08/07/2020,51181,Surry,Crater,47,5,2
08/07/2020,51183,Sussex,Crater,290,24,9
08/07/2020,51185,Tazewell,"Cumberland Plateau",116,8,0
08/07/2020,51187,Warren,"Lord Fairfax",354,22,6
08/07/2020,51191,Washington,"Mount Rogers",211,21,5
08/07/2020,51193,Westmoreland,"Three Rivers",202,16,3
08/07/2020,51195,Wise,Lenowisco,117,16,3
08/07/2020,51197,Wythe,"Mount Rogers",112,12,3
08/07/2020,51199,York,Peninsula,355,14,4
08/07/2020,51510,Alexandria,Alexandria,2917,275,60
08/07/2020,51520,Bristol,"Mount Rogers",76,6,0
08/07/2020,51530,"Buena Vista City","Central Shenandoah",50,3,1
08/07/2020,51540,Charlottesville,"Thomas Jefferson",520,25,15
08/07/2020,51550,Chesapeake,Chesapeake,2828,225,37
08/07/2020,51570,"Colonial Heights",Chesterfield,195,23,21
08/07/2020,51580,Covington,Alleghany,13,0,0
08/07/2020,51590,Danville,Pittsylvania-Danville,386,42,7
08/07/2020,51595,Emporia,Crater,174,27,15
08/07/2020,51600,"Fairfax City",Fairfax,84,11,7
08/07/2020,51610,"Falls Church",Fairfax,60,9,6
08/07/2020,51620,"Franklin City","Western Tidewater",174,7,6
08/07/2020,51630,Fredericksburg,Rappahannock,396,44,3
08/07/2020,51640,Galax,"Mount Rogers",348,38,24
08/07/2020,51650,Hampton,Hampton,1173,49,7
08/07/2020,51660,Harrisonburg,"Central Shenandoah",1075,81,31
08/07/2020,51670,Hopewell,Crater,265,23,5
08/07/2020,51678,Lexington,"Central Shenandoah",33,1,0
08/07/2020,51680,Lynchburg,"Central Virginia",553,24,5
08/07/2020,51683,"Manassas City","Prince William",1636,121,21
08/07/2020,51685,"Manassas Park","Prince William",507,50,7
08/07/2020,51690,Martinsville,"West Piedmont",196,34,3
08/07/2020,51700,"Newport News",Peninsula,1788,80,18
08/07/2020,51710,Norfolk,Norfolk,3629,187,30
08/07/2020,51720,Norton,Lenowisco,18,2,0
08/07/2020,51730,Petersburg,Crater,506,64,19
08/07/2020,51735,Poquoson,Peninsula,43,2,0
08/07/2020,51740,Portsmouth,Portsmouth,1726,133,25
08/07/2020,51750,Radford,"New River",48,3,0
08/07/2020,51760,"Richmond City",Richmond,3112,296,41
08/07/2020,51770,"Roanoke City",Roanoke,1000,21,14
08/07/2020,51775,Salem,Alleghany,157,5,3
08/07/2020,51790,Staunton,"Central Shenandoah",147,10,0
08/07/2020,51800,Suffolk,"Western Tidewater",1231,93,49
08/07/2020,51810,"Virginia Beach","Virginia Beach",4781,229,53
08/07/2020,51820,Waynesboro,"Central Shenandoah",168,9,3
08/07/2020,51830,Williamsburg,Peninsula,121,12,6
08/07/2020,51840,Winchester,"Lord Fairfax",399,31,4
08/08/2020,51001,Accomack,"Eastern Shore",1095,80,16
08/08/2020,51003,Albemarle,"Thomas Jefferson",833,56,16
08/08/2020,51005,Alleghany,Alleghany,62,7,4
08/08/2020,51007,Amelia,Piedmont,79,13,2
08/08/2020,51009,Amherst,"Central Virginia",165,6,0
08/08/2020,51011,Appomattox,"Central Virginia",84,7,0
08/08/2020,51013,Arlington,Arlington,3062,437,135
08/08/2020,51015,Augusta,"Central Shenandoah",275,10,4
08/08/2020,51017,Bath,"Central Shenandoah",4,0,0
08/08/2020,51019,Bedford,"Central Virginia",347,18,7
08/08/2020,51021,Bland,"Mount Rogers",11,0,0
08/08/2020,51023,Botetourt,Alleghany,212,16,7
08/08/2020,51025,Brunswick,Southside,227,24,2
08/08/2020,51027,Buchanan,"Cumberland Plateau",77,3,0
08/08/2020,51029,Buckingham,Piedmont,605,23,8
08/08/2020,51031,Campbell,"Central Virginia",206,7,2
08/08/2020,51033,Caroline,Rappahannock,206,22,5
08/08/2020,51035,Carroll,"Mount Rogers",327,28,13
08/08/2020,51036,"Charles City",Chickahominy,52,16,5
08/08/2020,51037,Charlotte,Piedmont,53,4,0
08/08/2020,51041,Chesterfield,Chesterfield,4350,227,80
08/08/2020,51043,Clarke,"Lord Fairfax",71,7,0
08/08/2020,51045,Craig,Alleghany,17,1,0
08/08/2020,51047,Culpeper,"Rappahannock Rapidan",996,77,12
08/08/2020,51049,Cumberland,Piedmont,76,8,0
08/08/2020,51051,Dickenson,"Cumberland Plateau",40,4,1
08/08/2020,51053,Dinwiddie,Crater,217,31,7
08/08/2020,51057,Essex,"Three Rivers",99,7,1
08/08/2020,51059,Fairfax,Fairfax,16302,1933,529
08/08/2020,51061,Fauquier,"Rappahannock Rapidan",614,35,9
08/08/2020,51063,Floyd,"New River",57,3,2
08/08/2020,51065,Fluvanna,"Thomas Jefferson",188,32,9
08/08/2020,51067,"Franklin County","West Piedmont",168,7,1
08/08/2020,51069,Frederick,"Lord Fairfax",680,51,9
08/08/2020,51071,Giles,"New River",23,2,0
08/08/2020,51073,Gloucester,"Three Rivers",156,13,2
08/08/2020,51075,Goochland,Chickahominy,161,25,7
08/08/2020,51077,Grayson,"Mount Rogers",152,12,5
08/08/2020,51079,Greene,"Thomas Jefferson",154,8,2
08/08/2020,51081,Greensville,Crater,463,27,11
08/08/2020,51083,Halifax,Southside,153,5,1
08/08/2020,51085,Hanover,Chickahominy,641,81,32
08/08/2020,51087,Henrico,Henrico,3839,333,184
08/08/2020,51089,Henry,"West Piedmont",579,66,7
08/08/2020,51091,Highland,"Central Shenandoah",6,0,0
08/08/2020,51093,"Isle of Wight","Western Tidewater",383,20,9
08/08/2020,51095,"James City",Peninsula,602,59,16
08/08/2020,51097,"King and Queen","Three Rivers",39,4,1
08/08/2020,51099,"King George",Rappahannock,141,18,4
08/08/2020,51101,"King William","Three Rivers",87,7,2
08/08/2020,51103,Lancaster,"Three Rivers",36,2,0
08/08/2020,51105,Lee,Lenowisco,114,9,1
08/08/2020,51107,Loudoun,Loudoun,5254,349,115
08/08/2020,51109,Louisa,"Thomas Jefferson",182,22,2
08/08/2020,51111,Lunenburg,Piedmont,62,4,1
08/08/2020,51113,Madison,"Rappahannock Rapidan",68,5,1
08/08/2020,51115,Mathews,"Three Rivers",18,2,0
08/08/2020,51117,Mecklenburg,Southside,440,37,32
08/08/2020,51119,Middlesex,"Three Rivers",37,3,1
08/08/2020,51121,Montgomery,"New River",301,16,3
08/08/2020,51125,Nelson,"Thomas Jefferson",45,1,0
08/08/2020,51127,"New Kent",Chickahominy,127,11,1
08/08/2020,51131,Northampton,"Eastern Shore",296,48,29
08/08/2020,51133,Northumberland,"Three Rivers",71,3,2
08/08/2020,51135,Nottoway,Piedmont,182,43,13
08/08/2020,51137,Orange,"Rappahannock Rapidan",231,17,3
08/08/2020,51139,Page,"Lord Fairfax",343,37,24
08/08/2020,51141,Patrick,"West Piedmont",154,33,4
08/08/2020,51143,Pittsylvania,Pittsylvania-Danville,424,31,2
08/08/2020,51145,Powhatan,Chesterfield,144,9,4
08/08/2020,51147,"Prince Edward",Piedmont,411,29,10
08/08/2020,51149,"Prince George",Crater,380,16,2
08/08/2020,51153,"Prince William","Prince William",9428,799,176
08/08/2020,51155,Pulaski,"New River",88,9,3
08/08/2020,51157,Rappahannock,"Rappahannock Rapidan",42,4,2
08/08/2020,51159,"Richmond County","Three Rivers",319,14,5
08/08/2020,51161,"Roanoke County",Alleghany,493,15,4
08/08/2020,51163,Rockbridge,"Central Shenandoah",67,2,1
08/08/2020,51165,Rockingham,"Central Shenandoah",938,98,19
08/08/2020,51167,Russell,"Cumberland Plateau",112,11,2
08/08/2020,51169,Scott,Lenowisco,90,9,3
08/08/2020,51171,Shenandoah,"Lord Fairfax",700,74,44
08/08/2020,51173,Smyth,"Mount Rogers",146,10,3
08/08/2020,51175,Southampton,"Western Tidewater",264,12,13
08/08/2020,51177,Spotsylvania,Rappahannock,1471,95,35
08/08/2020,51179,Stafford,Rappahannock,1366,119,8
08/08/2020,51181,Surry,Crater,49,5,2
08/08/2020,51183,Sussex,Crater,297,24,9
08/08/2020,51185,Tazewell,"Cumberland Plateau",117,8,0
08/08/2020,51187,Warren,"Lord Fairfax",355,22,6
08/08/2020,51191,Washington,"Mount Rogers",217,21,5
08/08/2020,51193,Westmoreland,"Three Rivers",209,16,3
08/08/2020,51195,Wise,Lenowisco,126,16,3
08/08/2020,51197,Wythe,"Mount Rogers",115,12,3
08/08/2020,51199,York,Peninsula,361,14,4
08/08/2020,51510,Alexandria,Alexandria,2949,278,60
08/08/2020,51520,Bristol,"Mount Rogers",77,7,0
08/08/2020,51530,"Buena Vista City","Central Shenandoah",50,3,1
08/08/2020,51540,Charlottesville,"Thomas Jefferson",537,25,15
08/08/2020,51550,Chesapeake,Chesapeake,2872,226,37
08/08/2020,51570,"Colonial Heights",Chesterfield,197,23,21
08/08/2020,51580,Covington,Alleghany,13,0,0
08/08/2020,51590,Danville,Pittsylvania-Danville,395,44,7
08/08/2020,51595,Emporia,Crater,174,27,15
08/08/2020,51600,"Fairfax City",Fairfax,85,11,7
08/08/2020,51610,"Falls Church",Fairfax,60,9,6
08/08/2020,51620,"Franklin City","Western Tidewater",178,7,6
08/08/2020,51630,Fredericksburg,Rappahannock,400,46,3
08/08/2020,51640,Galax,"Mount Rogers",346,38,24
08/08/2020,51650,Hampton,Hampton,1210,50,7
08/08/2020,51660,Harrisonburg,"Central Shenandoah",1076,81,31
08/08/2020,51670,Hopewell,Crater,269,23,5
08/08/2020,51678,Lexington,"Central Shenandoah",33,1,0
08/08/2020,51680,Lynchburg,"Central Virginia",591,24,5
08/08/2020,51683,"Manassas City","Prince William",1643,122,22
08/08/2020,51685,"Manassas Park","Prince William",513,50,7
08/08/2020,51690,Martinsville,"West Piedmont",202,34,3
08/08/2020,51700,"Newport News",Peninsula,1816,80,18
08/08/2020,51710,Norfolk,Norfolk,3700,191,30
08/08/2020,51720,Norton,Lenowisco,18,2,0
08/08/2020,51730,Petersburg,Crater,507,64,19
08/08/2020,51735,Poquoson,Peninsula,43,2,0
08/08/2020,51740,Portsmouth,Portsmouth,1758,133,25
08/08/2020,51750,Radford,"New River",51,3,0
08/08/2020,51760,"Richmond City",Richmond,3132,299,41
08/08/2020,51770,"Roanoke City",Roanoke,1009,23,15
08/08/2020,51775,Salem,Alleghany,161,5,3
08/08/2020,51790,Staunton,"Central Shenandoah",151,10,0
08/08/2020,51800,Suffolk,"Western Tidewater",1258,93,50
08/08/2020,51810,"Virginia Beach","Virginia Beach",4895,230,54
08/08/2020,51820,Waynesboro,"Central Shenandoah",173,9,3
08/08/2020,51830,Williamsburg,Peninsula,122,12,6
08/08/2020,51840,Winchester,"Lord Fairfax",399,31,4
08/09/2020,51001,Accomack,"Eastern Shore",1100,80,16
08/09/2020,51003,Albemarle,"Thomas Jefferson",838,56,16
08/09/2020,51005,Alleghany,Alleghany,62,8,4
08/09/2020,51007,Amelia,Piedmont,79,13,2
08/09/2020,51009,Amherst,"Central Virginia",175,6,0
08/09/2020,51011,Appomattox,"Central Virginia",85,7,0
08/09/2020,51013,Arlington,Arlington,3077,437,135
08/09/2020,51015,Augusta,"Central Shenandoah",276,10,4
08/09/2020,51017,Bath,"Central Shenandoah",4,0,0
08/09/2020,51019,Bedford,"Central Virginia",359,18,7
08/09/2020,51021,Bland,"Mount Rogers",19,0,0
08/09/2020,51023,Botetourt,Alleghany,214,16,7
08/09/2020,51025,Brunswick,Southside,228,25,2
08/09/2020,51027,Buchanan,"Cumberland Plateau",80,3,0
08/09/2020,51029,Buckingham,Piedmont,605,23,8
08/09/2020,51031,Campbell,"Central Virginia",213,7,2
08/09/2020,51033,Caroline,Rappahannock,208,23,5
08/09/2020,51035,Carroll,"Mount Rogers",334,28,13
08/09/2020,51036,"Charles City",Chickahominy,52,16,5
08/09/2020,51037,Charlotte,Piedmont,53,4,0
08/09/2020,51041,Chesterfield,Chesterfield,4362,227,80
08/09/2020,51043,Clarke,"Lord Fairfax",71,7,0
08/09/2020,51045,Craig,Alleghany,17,1,0
08/09/2020,51047,Culpeper,"Rappahannock Rapidan",1005,77,12
08/09/2020,51049,Cumberland,Piedmont,76,8,0
08/09/2020,51051,Dickenson,"Cumberland Plateau",41,4,1
08/09/2020,51053,Dinwiddie,Crater,219,31,7
08/09/2020,51057,Essex,"Three Rivers",102,7,1
08/09/2020,51059,Fairfax,Fairfax,16376,1937,529
08/09/2020,51061,Fauquier,"Rappahannock Rapidan",616,35,9
08/09/2020,51063,Floyd,"New River",75,3,2
08/09/2020,51065,Fluvanna,"Thomas Jefferson",192,32,9
08/09/2020,51067,"Franklin County","West Piedmont",172,7,1
08/09/2020,51069,Frederick,"Lord Fairfax",681,51,9
08/09/2020,51071,Giles,"New River",24,2,0
08/09/2020,51073,Gloucester,"Three Rivers",160,13,2
08/09/2020,51075,Goochland,Chickahominy,163,25,7
08/09/2020,51077,Grayson,"Mount Rogers",157,12,5
08/09/2020,51079,Greene,"Thomas Jefferson",163,8,2
08/09/2020,51081,Greensville,Crater,482,27,11
08/09/2020,51083,Halifax,Southside,155,5,1
08/09/2020,51085,Hanover,Chickahominy,644,81,32
08/09/2020,51087,Henrico,Henrico,3871,335,185
08/09/2020,51089,Henry,"West Piedmont",588,66,7
08/09/2020,51091,Highland,"Central Shenandoah",6,0,0
08/09/2020,51093,"Isle of Wight","Western Tidewater",387,20,9
08/09/2020,51095,"James City",Peninsula,608,59,16
08/09/2020,51097,"King and Queen","Three Rivers",42,4,1
08/09/2020,51099,"King George",Rappahannock,144,18,4
08/09/2020,51101,"King William","Three Rivers",87,7,2
08/09/2020,51103,Lancaster,"Three Rivers",37,2,0
08/09/2020,51105,Lee,Lenowisco,115,9,1
08/09/2020,51107,Loudoun,Loudoun,5280,349,115
08/09/2020,51109,Louisa,"Thomas Jefferson",182,22,2
08/09/2020,51111,Lunenburg,Piedmont,62,4,1
08/09/2020,51113,Madison,"Rappahannock Rapidan",69,5,1
08/09/2020,51115,Mathews,"Three Rivers",18,2,0
08/09/2020,51117,Mecklenburg,Southside,444,38,32
08/09/2020,51119,Middlesex,"Three Rivers",41,3,1
08/09/2020,51121,Montgomery,"New River",305,16,3
08/09/2020,51125,Nelson,"Thomas Jefferson",48,1,0
08/09/2020,51127,"New Kent",Chickahominy,128,11,1
08/09/2020,51131,Northampton,"Eastern Shore",296,48,29
08/09/2020,51133,Northumberland,"Three Rivers",72,3,2
08/09/2020,51135,Nottoway,Piedmont,182,43,13
08/09/2020,51137,Orange,"Rappahannock Rapidan",231,17,3
08/09/2020,51139,Page,"Lord Fairfax",345,37,25
08/09/2020,51141,Patrick,"West Piedmont",157,33,4
08/09/2020,51143,Pittsylvania,Pittsylvania-Danville,487,31,2
08/09/2020,51145,Powhatan,Chesterfield,147,9,4
08/09/2020,51147,"Prince Edward",Piedmont,410,29,10
08/09/2020,51149,"Prince George",Crater,384,16,2
08/09/2020,51153,"Prince William","Prince William",9488,801,176
08/09/2020,51155,Pulaski,"New River",89,9,3
08/09/2020,51157,Rappahannock,"Rappahannock Rapidan",43,4,2
08/09/2020,51159,"Richmond County","Three Rivers",317,14,4
08/09/2020,51161,"Roanoke County",Alleghany,496,15,4
08/09/2020,51163,Rockbridge,"Central Shenandoah",67,2,1
08/09/2020,51165,Rockingham,"Central Shenandoah",938,98,19
08/09/2020,51167,Russell,"Cumberland Plateau",115,11,2
08/09/2020,51169,Scott,Lenowisco,91,9,3
08/09/2020,51171,Shenandoah,"Lord Fairfax",717,74,44
08/09/2020,51173,Smyth,"Mount Rogers",148,10,3
08/09/2020,51175,Southampton,"Western Tidewater",267,12,13
08/09/2020,51177,Spotsylvania,Rappahannock,1486,95,35
08/09/2020,51179,Stafford,Rappahannock,1374,120,9
08/09/2020,51181,Surry,Crater,52,5,2
08/09/2020,51183,Sussex,Crater,302,24,9
08/09/2020,51185,Tazewell,"Cumberland Plateau",117,8,0
08/09/2020,51187,Warren,"Lord Fairfax",355,22,6
08/09/2020,51191,Washington,"Mount Rogers",229,21,5
08/09/2020,51193,Westmoreland,"Three Rivers",211,17,3
08/09/2020,51195,Wise,Lenowisco,130,16,3
08/09/2020,51197,Wythe,"Mount Rogers",115,12,3
08/09/2020,51199,York,Peninsula,366,14,4
08/09/2020,51510,Alexandria,Alexandria,2964,278,60
08/09/2020,51520,Bristol,"Mount Rogers",78,7,0
08/09/2020,51530,"Buena Vista City","Central Shenandoah",50,3,1
08/09/2020,51540,Charlottesville,"Thomas Jefferson",542,25,15
08/09/2020,51550,Chesapeake,Chesapeake,2912,230,37
08/09/2020,51570,"Colonial Heights",Chesterfield,197,23,21
08/09/2020,51580,Covington,Alleghany,13,0,0
08/09/2020,51590,Danville,Pittsylvania-Danville,405,46,7
08/09/2020,51595,Emporia,Crater,175,27,15
08/09/2020,51600,"Fairfax City",Fairfax,88,11,7
08/09/2020,51610,"Falls Church",Fairfax,60,9,6
08/09/2020,51620,"Franklin City","Western Tidewater",181,7,6
08/09/2020,51630,Fredericksburg,Rappahannock,403,46,4
08/09/2020,51640,Galax,"Mount Rogers",347,38,24
08/09/2020,51650,Hampton,Hampton,1228,50,7
08/09/2020,51660,Harrisonburg,"Central Shenandoah",1077,81,31
08/09/2020,51670,Hopewell,Crater,272,24,5
08/09/2020,51678,Lexington,"Central Shenandoah",33,1,0
08/09/2020,51680,Lynchburg,"Central Virginia",617,24,5
08/09/2020,51683,"Manassas City","Prince William",1653,123,22
08/09/2020,51685,"Manassas Park","Prince William",516,50,7
08/09/2020,51690,Martinsville,"West Piedmont",209,34,3
08/09/2020,51700,"Newport News",Peninsula,1827,80,18
08/09/2020,51710,Norfolk,Norfolk,3703,194,31
08/09/2020,51720,Norton,Lenowisco,18,2,0
08/09/2020,51730,Petersburg,Crater,515,64,19
08/09/2020,51735,Poquoson,Peninsula,44,2,0
08/09/2020,51740,Portsmouth,Portsmouth,1759,133,25
08/09/2020,51750,Radford,"New River",53,3,0
08/09/2020,51760,"Richmond City",Richmond,3165,302,41
08/09/2020,51770,"Roanoke City",Roanoke,1017,24,15
08/09/2020,51775,Salem,Alleghany,161,5,3
08/09/2020,51790,Staunton,"Central Shenandoah",151,10,0
08/09/2020,51800,Suffolk,"Western Tidewater",1282,93,50
08/09/2020,51810,"Virginia Beach","Virginia Beach",4973,238,54
08/09/2020,51820,Waynesboro,"Central Shenandoah",173,9,3
08/09/2020,51830,Williamsburg,Peninsula,126,12,6
08/09/2020,51840,Winchester,"Lord Fairfax",399,31,4
08/10/2020,51001,Accomack,"Eastern Shore",1102,80,16
08/10/2020,51003,Albemarle,"Thomas Jefferson",842,56,16
08/10/2020,51005,Alleghany,Alleghany,62,8,4
08/10/2020,51007,Amelia,Piedmont,79,13,2
08/10/2020,51009,Amherst,"Central Virginia",176,6,0
08/10/2020,51011,Appomattox,"Central Virginia",87,7,0
08/10/2020,51013,Arlington,Arlington,3091,437,135
08/10/2020,51015,Augusta,"Central Shenandoah",280,10,4
08/10/2020,51017,Bath,"Central Shenandoah",4,0,0
08/10/2020,51019,Bedford,"Central Virginia",361,18,7
08/10/2020,51021,Bland,"Mount Rogers",19,0,0
08/10/2020,51023,Botetourt,Alleghany,215,16,7
08/10/2020,51025,Brunswick,Southside,230,25,2
08/10/2020,51027,Buchanan,"Cumberland Plateau",80,3,0
08/10/2020,51029,Buckingham,Piedmont,605,23,8
08/10/2020,51031,Campbell,"Central Virginia",213,7,2
08/10/2020,51033,Caroline,Rappahannock,214,23,5
08/10/2020,51035,Carroll,"Mount Rogers",334,28,13
08/10/2020,51036,"Charles City",Chickahominy,52,16,5
08/10/2020,51037,Charlotte,Piedmont,53,4,0
08/10/2020,51041,Chesterfield,Chesterfield,4370,229,80
08/10/2020,51043,Clarke,"Lord Fairfax",71,7,0
08/10/2020,51045,Craig,Alleghany,17,1,0
08/10/2020,51047,Culpeper,"Rappahannock Rapidan",1008,77,12
08/10/2020,51049,Cumberland,Piedmont,76,8,0
08/10/2020,51051,Dickenson,"Cumberland Plateau",43,4,1
08/10/2020,51053,Dinwiddie,Crater,221,31,7
08/10/2020,51057,Essex,"Three Rivers",103,7,1
08/10/2020,51059,Fairfax,Fairfax,16445,1939,529
08/10/2020,51061,Fauquier,"Rappahannock Rapidan",620,35,9
08/10/2020,51063,Floyd,"New River",75,3,2
08/10/2020,51065,Fluvanna,"Thomas Jefferson",193,33,9
08/10/2020,51067,"Franklin County","West Piedmont",175,7,1
08/10/2020,51069,Frederick,"Lord Fairfax",681,51,9
08/10/2020,51071,Giles,"New River",24,2,0
08/10/2020,51073,Gloucester,"Three Rivers",161,13,2
08/10/2020,51075,Goochland,Chickahominy,164,25,7
08/10/2020,51077,Grayson,"Mount Rogers",157,12,5
08/10/2020,51079,Greene,"Thomas Jefferson",166,8,2
08/10/2020,51081,Greensville,Crater,495,27,11
08/10/2020,51083,Halifax,Southside,156,5,1
08/10/2020,51085,Hanover,Chickahominy,653,81,32
08/10/2020,51087,Henrico,Henrico,3904,336,185
08/10/2020,51089,Henry,"West Piedmont",591,66,7
08/10/2020,51091,Highland,"Central Shenandoah",6,0,0
08/10/2020,51093,"Isle of Wight","Western Tidewater",387,20,9
08/10/2020,51095,"James City",Peninsula,617,59,16
08/10/2020,51097,"King and Queen","Three Rivers",42,4,1
08/10/2020,51099,"King George",Rappahannock,145,18,4
08/10/2020,51101,"King William","Three Rivers",90,7,2
08/10/2020,51103,Lancaster,"Three Rivers",40,2,0
08/10/2020,51105,Lee,Lenowisco,121,9,1
08/10/2020,51107,Loudoun,Loudoun,5306,349,115
08/10/2020,51109,Louisa,"Thomas Jefferson",183,22,2
08/10/2020,51111,Lunenburg,Piedmont,62,4,1
08/10/2020,51113,Madison,"Rappahannock Rapidan",69,5,1
08/10/2020,51115,Mathews,"Three Rivers",18,2,0
08/10/2020,51117,Mecklenburg,Southside,446,38,32
08/10/2020,51119,Middlesex,"Three Rivers",42,3,1
08/10/2020,51121,Montgomery,"New River",305,16,3
08/10/2020,51125,Nelson,"Thomas Jefferson",49,1,0
08/10/2020,51127,"New Kent",Chickahominy,129,11,1
08/10/2020,51131,Northampton,"Eastern Shore",296,48,29
08/10/2020,51133,Northumberland,"Three Rivers",74,3,2
08/10/2020,51135,Nottoway,Piedmont,182,43,13
08/10/2020,51137,Orange,"Rappahannock Rapidan",231,17,3
08/10/2020,51139,Page,"Lord Fairfax",346,37,25
08/10/2020,51141,Patrick,"West Piedmont",158,33,4
08/10/2020,51143,Pittsylvania,Pittsylvania-Danville,493,31,2
08/10/2020,51145,Powhatan,Chesterfield,147,9,4
08/10/2020,51147,"Prince Edward",Piedmont,410,29,10
08/10/2020,51149,"Prince George",Crater,384,17,2
08/10/2020,51153,"Prince William","Prince William",9516,802,176
08/10/2020,51155,Pulaski,"New River",89,9,3
08/10/2020,51157,Rappahannock,"Rappahannock Rapidan",43,4,2
08/10/2020,51159,"Richmond County","Three Rivers",321,14,4
08/10/2020,51161,"Roanoke County",Alleghany,496,17,4
08/10/2020,51163,Rockbridge,"Central Shenandoah",69,3,1
08/10/2020,51165,Rockingham,"Central Shenandoah",946,98,19
08/10/2020,51167,Russell,"Cumberland Plateau",128,11,2
08/10/2020,51169,Scott,Lenowisco,102,9,3
08/10/2020,51171,Shenandoah,"Lord Fairfax",717,74,44
08/10/2020,51173,Smyth,"Mount Rogers",150,10,3
08/10/2020,51175,Southampton,"Western Tidewater",267,12,13
08/10/2020,51177,Spotsylvania,Rappahannock,1499,95,35
08/10/2020,51179,Stafford,Rappahannock,1385,120,9
08/10/2020,51181,Surry,Crater,52,5,2
08/10/2020,51183,Sussex,Crater,307,24,9
08/10/2020,51185,Tazewell,"Cumberland Plateau",119,8,0
08/10/2020,51187,Warren,"Lord Fairfax",355,22,6
08/10/2020,51191,Washington,"Mount Rogers",233,21,5
08/10/2020,51193,Westmoreland,"Three Rivers",211,17,3
08/10/2020,51195,Wise,Lenowisco,141,17,3
08/10/2020,51197,Wythe,"Mount Rogers",115,12,3
08/10/2020,51199,York,Peninsula,373,14,4
08/10/2020,51510,Alexandria,Alexandria,2976,278,60
08/10/2020,51520,Bristol,"Mount Rogers",80,7,0
08/10/2020,51530,"Buena Vista City","Central Shenandoah",50,3,1
08/10/2020,51540,Charlottesville,"Thomas Jefferson",543,25,15
08/10/2020,51550,Chesapeake,Chesapeake,2949,230,37
08/10/2020,51570,"Colonial Heights",Chesterfield,197,23,21
08/10/2020,51580,Covington,Alleghany,13,0,0
08/10/2020,51590,Danville,Pittsylvania-Danville,411,46,7
08/10/2020,51595,Emporia,Crater,178,27,15
08/10/2020,51600,"Fairfax City",Fairfax,90,11,7
08/10/2020,51610,"Falls Church",Fairfax,61,9,6
08/10/2020,51620,"Franklin City","Western Tidewater",182,7,6
08/10/2020,51630,Fredericksburg,Rappahannock,406,46,4
08/10/2020,51640,Galax,"Mount Rogers",347,38,24
08/10/2020,51650,Hampton,Hampton,1245,51,7
08/10/2020,51660,Harrisonburg,"Central Shenandoah",1079,81,31
08/10/2020,51670,Hopewell,Crater,272,24,5
08/10/2020,51678,Lexington,"Central Shenandoah",33,1,0
08/10/2020,51680,Lynchburg,"Central Virginia",627,24,5
08/10/2020,51683,"Manassas City","Prince William",1662,123,22
08/10/2020,51685,"Manassas Park","Prince William",515,50,7
08/10/2020,51690,Martinsville,"West Piedmont",212,35,3
08/10/2020,51700,"Newport News",Peninsula,1847,81,18
08/10/2020,51710,Norfolk,Norfolk,3703,195,32
08/10/2020,51720,Norton,Lenowisco,19,2,0
08/10/2020,51730,Petersburg,Crater,520,64,19
08/10/2020,51735,Poquoson,Peninsula,44,2,0
08/10/2020,51740,Portsmouth,Portsmouth,1788,133,25
08/10/2020,51750,Radford,"New River",54,3,0
08/10/2020,51760,"Richmond City",Richmond,3190,304,41
08/10/2020,51770,"Roanoke City",Roanoke,1015,24,15
08/10/2020,51775,Salem,Alleghany,161,5,3
08/10/2020,51790,Staunton,"Central Shenandoah",152,10,0
08/10/2020,51800,Suffolk,"Western Tidewater",1297,93,50
08/10/2020,51810,"Virginia Beach","Virginia Beach",5050,242,54
08/10/2020,51820,Waynesboro,"Central Shenandoah",174,9,3
08/10/2020,51830,Williamsburg,Peninsula,128,12,6
08/10/2020,51840,Winchester,"Lord Fairfax",399,31,4
08/11/2020,51001,Accomack,"Eastern Shore",1106,80,16
08/11/2020,51003,Albemarle,"Thomas Jefferson",848,56,16
08/11/2020,51005,Alleghany,Alleghany,62,8,4
08/11/2020,51007,Amelia,Piedmont,81,13,2
08/11/2020,51009,Amherst,"Central Virginia",183,7,1
08/11/2020,51011,Appomattox,"Central Virginia",88,7,0
08/11/2020,51013,Arlington,Arlington,3105,437,135
08/11/2020,51015,Augusta,"Central Shenandoah",282,10,4
08/11/2020,51017,Bath,"Central Shenandoah",4,0,0
08/11/2020,51019,Bedford,"Central Virginia",367,19,8
08/11/2020,51021,Bland,"Mount Rogers",22,0,0
08/11/2020,51023,Botetourt,Alleghany,215,16,7
08/11/2020,51025,Brunswick,Southside,237,25,2
08/11/2020,51027,Buchanan,"Cumberland Plateau",80,4,1
08/11/2020,51029,Buckingham,Piedmont,610,23,8
08/11/2020,51031,Campbell,"Central Virginia",218,7,2
08/11/2020,51033,Caroline,Rappahannock,216,23,5
08/11/2020,51035,Carroll,"Mount Rogers",332,28,14
08/11/2020,51036,"Charles City",Chickahominy,53,16,5
08/11/2020,51037,Charlotte,Piedmont,54,4,0
08/11/2020,51041,Chesterfield,Chesterfield,4439,231,80
08/11/2020,51043,Clarke,"Lord Fairfax",71,7,0
08/11/2020,51045,Craig,Alleghany,17,1,0
08/11/2020,51047,Culpeper,"Rappahannock Rapidan",1012,78,12
08/11/2020,51049,Cumberland,Piedmont,76,8,0
08/11/2020,51051,Dickenson,"Cumberland Plateau",48,4,1
08/11/2020,51053,Dinwiddie,Crater,223,31,7
08/11/2020,51057,Essex,"Three Rivers",104,7,1
08/11/2020,51059,Fairfax,Fairfax,16544,1941,529
08/11/2020,51061,Fauquier,"Rappahannock Rapidan",623,35,9
08/11/2020,51063,Floyd,"New River",77,3,2
08/11/2020,51065,Fluvanna,"Thomas Jefferson",194,33,9
08/11/2020,51067,"Franklin County","West Piedmont",175,7,1
08/11/2020,51069,Frederick,"Lord Fairfax",685,51,9
08/11/2020,51071,Giles,"New River",26,2,0
08/11/2020,51073,Gloucester,"Three Rivers",162,13,2
08/11/2020,51075,Goochland,Chickahominy,165,25,7
08/11/2020,51077,Grayson,"Mount Rogers",156,12,5
08/11/2020,51079,Greene,"Thomas Jefferson",167,8,2
08/11/2020,51081,Greensville,Crater,497,27,11
08/11/2020,51083,Halifax,Southside,157,5,1
08/11/2020,51085,Hanover,Chickahominy,656,81,32
08/11/2020,51087,Henrico,Henrico,3948,336,186
08/11/2020,51089,Henry,"West Piedmont",596,69,9
08/11/2020,51091,Highland,"Central Shenandoah",6,0,0
08/11/2020,51093,"Isle of Wight","Western Tidewater",390,20,9
08/11/2020,51095,"James City",Peninsula,618,59,17
08/11/2020,51097,"King and Queen","Three Rivers",42,4,1
08/11/2020,51099,"King George",Rappahannock,149,18,4
08/11/2020,51101,"King William","Three Rivers",90,7,2
08/11/2020,51103,Lancaster,"Three Rivers",40,2,0
08/11/2020,51105,Lee,Lenowisco,125,9,1
08/11/2020,51107,Loudoun,Loudoun,5346,352,115
08/11/2020,51109,Louisa,"Thomas Jefferson",190,22,2
08/11/2020,51111,Lunenburg,Piedmont,64,4,1
08/11/2020,51113,Madison,"Rappahannock Rapidan",70,5,1
08/11/2020,51115,Mathews,"Three Rivers",18,2,0
08/11/2020,51117,Mecklenburg,Southside,446,38,32
08/11/2020,51119,Middlesex,"Three Rivers",46,3,1
08/11/2020,51121,Montgomery,"New River",307,16,3
08/11/2020,51125,Nelson,"Thomas Jefferson",52,1,0
08/11/2020,51127,"New Kent",Chickahominy,128,11,1
08/11/2020,51131,Northampton,"Eastern Shore",296,48,29
08/11/2020,51133,Northumberland,"Three Rivers",78,5,3
08/11/2020,51135,Nottoway,Piedmont,182,43,14
08/11/2020,51137,Orange,"Rappahannock Rapidan",230,17,3
08/11/2020,51139,Page,"Lord Fairfax",346,37,25
08/11/2020,51141,Patrick,"West Piedmont",161,34,4
08/11/2020,51143,Pittsylvania,Pittsylvania-Danville,507,31,2
08/11/2020,51145,Powhatan,Chesterfield,149,9,4
08/11/2020,51147,"Prince Edward",Piedmont,423,29,11
08/11/2020,51149,"Prince George",Crater,416,18,2
08/11/2020,51153,"Prince William","Prince William",9566,804,176
08/11/2020,51155,Pulaski,"New River",90,9,3
08/11/2020,51157,Rappahannock,"Rappahannock Rapidan",44,4,2
08/11/2020,51159,"Richmond County","Three Rivers",322,14,4
08/11/2020,51161,"Roanoke County",Alleghany,498,18,4
08/11/2020,51163,Rockbridge,"Central Shenandoah",68,3,1
08/11/2020,51165,Rockingham,"Central Shenandoah",950,98,19
08/11/2020,51167,Russell,"Cumberland Plateau",130,12,2
08/11/2020,51169,Scott,Lenowisco,111,11,3
08/11/2020,51171,Shenandoah,"Lord Fairfax",722,78,46
08/11/2020,51173,Smyth,"Mount Rogers",151,10,3
08/11/2020,51175,Southampton,"Western Tidewater",274,12,13
08/11/2020,51177,Spotsylvania,Rappahannock,1514,97,36
08/11/2020,51179,Stafford,Rappahannock,1405,121,9
08/11/2020,51181,Surry,Crater,52,5,2
08/11/2020,51183,Sussex,Crater,308,24,9
08/11/2020,51185,Tazewell,"Cumberland Plateau",122,8,0
08/11/2020,51187,Warren,"Lord Fairfax",356,22,6
08/11/2020,51191,Washington,"Mount Rogers",231,21,6
08/11/2020,51193,Westmoreland,"Three Rivers",213,18,3
08/11/2020,51195,Wise,Lenowisco,168,20,3
08/11/2020,51197,Wythe,"Mount Rogers",116,12,3
08/11/2020,51199,York,Peninsula,374,14,4
08/11/2020,51510,Alexandria,Alexandria,2995,281,60
08/11/2020,51520,Bristol,"Mount Rogers",88,7,0
08/11/2020,51530,"Buena Vista City","Central Shenandoah",56,3,1
08/11/2020,51540,Charlottesville,"Thomas Jefferson",546,25,15
08/11/2020,51550,Chesapeake,Chesapeake,2958,238,38
08/11/2020,51570,"Colonial Heights",Chesterfield,200,23,21
08/11/2020,51580,Covington,Alleghany,13,0,0
08/11/2020,51590,Danville,Pittsylvania-Danville,415,46,7
08/11/2020,51595,Emporia,Crater,178,27,15
08/11/2020,51600,"Fairfax City",Fairfax,91,11,7
08/11/2020,51610,"Falls Church",Fairfax,60,9,6
08/11/2020,51620,"Franklin City","Western Tidewater",185,7,6
08/11/2020,51630,Fredericksburg,Rappahannock,406,43,3
08/11/2020,51640,Galax,"Mount Rogers",350,38,24
08/11/2020,51650,Hampton,Hampton,1257,51,7
08/11/2020,51660,Harrisonburg,"Central Shenandoah",1082,81,31
08/11/2020,51670,Hopewell,Crater,275,24,5
08/11/2020,51678,Lexington,"Central Shenandoah",33,1,0
08/11/2020,51680,Lynchburg,"Central Virginia",644,24,5
08/11/2020,51683,"Manassas City","Prince William",1666,123,22
08/11/2020,51685,"Manassas Park","Prince William",516,50,7
08/11/2020,51690,Martinsville,"West Piedmont",215,35,3
08/11/2020,51700,"Newport News",Peninsula,1855,81,19
08/11/2020,51710,Norfolk,Norfolk,3787,201,32
08/11/2020,51720,Norton,Lenowisco,21,2,0
08/11/2020,51730,Petersburg,Crater,526,64,19
08/11/2020,51735,Poquoson,Peninsula,44,2,0
08/11/2020,51740,Portsmouth,Portsmouth,1833,133,25
08/11/2020,51750,Radford,"New River",56,3,0
08/11/2020,51760,"Richmond City",Richmond,3229,309,41
08/11/2020,51770,"Roanoke City",Roanoke,1032,26,15
08/11/2020,51775,Salem,Alleghany,163,6,3
08/11/2020,51790,Staunton,"Central Shenandoah",154,10,0
08/11/2020,51800,Suffolk,"Western Tidewater",1316,93,51
08/11/2020,51810,"Virginia Beach","Virginia Beach",5111,252,54
08/11/2020,51820,Waynesboro,"Central Shenandoah",177,9,3
08/11/2020,51830,Williamsburg,Peninsula,128,12,6
08/11/2020,51840,Winchester,"Lord Fairfax",403,31,4
08/12/2020,51001,Accomack,"Eastern Shore",1108,82,17
08/12/2020,51003,Albemarle,"Thomas Jefferson",856,56,16
08/12/2020,51005,Alleghany,Alleghany,62,8,4
08/12/2020,51007,Amelia,Piedmont,82,13,2
08/12/2020,51009,Amherst,"Central Virginia",184,8,1
08/12/2020,51011,Appomattox,"Central Virginia",89,7,0
08/12/2020,51013,Arlington,Arlington,3118,437,135
08/12/2020,51015,Augusta,"Central Shenandoah",287,11,4
08/12/2020,51017,Bath,"Central Shenandoah",4,0,0
08/12/2020,51019,Bedford,"Central Virginia",370,19,8
08/12/2020,51021,Bland,"Mount Rogers",25,1,0
08/12/2020,51023,Botetourt,Alleghany,216,16,7
08/12/2020,51025,Brunswick,Southside,239,25,2
08/12/2020,51027,Buchanan,"Cumberland Plateau",80,4,1
08/12/2020,51029,Buckingham,Piedmont,611,23,8
08/12/2020,51031,Campbell,"Central Virginia",216,7,2
08/12/2020,51033,Caroline,Rappahannock,218,23,5
08/12/2020,51035,Carroll,"Mount Rogers",333,28,14
08/12/2020,51036,"Charles City",Chickahominy,53,16,5
08/12/2020,51037,Charlotte,Piedmont,55,4,0
08/12/2020,51041,Chesterfield,Chesterfield,4475,234,80
08/12/2020,51043,Clarke,"Lord Fairfax",72,8,0
08/12/2020,51045,Craig,Alleghany,17,1,0
08/12/2020,51047,Culpeper,"Rappahannock Rapidan",1012,78,12
08/12/2020,51049,Cumberland,Piedmont,77,8,0
08/12/2020,51051,Dickenson,"Cumberland Plateau",49,4,1
08/12/2020,51053,Dinwiddie,Crater,223,32,7
08/12/2020,51057,Essex,"Three Rivers",105,7,1
08/12/2020,51059,Fairfax,Fairfax,16642,1953,529
08/12/2020,51061,Fauquier,"Rappahannock Rapidan",623,35,9
08/12/2020,51063,Floyd,"New River",90,3,2
08/12/2020,51065,Fluvanna,"Thomas Jefferson",196,33,9
08/12/2020,51067,"Franklin County","West Piedmont",176,7,1
08/12/2020,51069,Frederick,"Lord Fairfax",686,52,9
08/12/2020,51071,Giles,"New River",27,2,0
08/12/2020,51073,Gloucester,"Three Rivers",166,13,2
08/12/2020,51075,Goochland,Chickahominy,167,25,7
08/12/2020,51077,Grayson,"Mount Rogers",156,12,5
08/12/2020,51079,Greene,"Thomas Jefferson",169,8,2
08/12/2020,51081,Greensville,Crater,529,27,11
08/12/2020,51083,Halifax,Southside,159,6,2
08/12/2020,51085,Hanover,Chickahominy,660,81,33
08/12/2020,51087,Henrico,Henrico,3968,344,186
08/12/2020,51089,Henry,"West Piedmont",611,69,9
08/12/2020,51091,Highland,"Central Shenandoah",6,0,0
08/12/2020,51093,"Isle of Wight","Western Tidewater",401,20,9
08/12/2020,51095,"James City",Peninsula,621,59,17
08/12/2020,51097,"King and Queen","Three Rivers",42,4,1
08/12/2020,51099,"King George",Rappahannock,153,18,4
08/12/2020,51101,"King William","Three Rivers",91,7,2
08/12/2020,51103,Lancaster,"Three Rivers",41,2,0
08/12/2020,51105,Lee,Lenowisco,130,9,1
08/12/2020,51107,Loudoun,Loudoun,5372,353,115
08/12/2020,51109,Louisa,"Thomas Jefferson",195,22,2
08/12/2020,51111,Lunenburg,Piedmont,66,5,1
08/12/2020,51113,Madison,"Rappahannock Rapidan",71,5,1
08/12/2020,51115,Mathews,"Three Rivers",18,2,0
08/12/2020,51117,Mecklenburg,Southside,447,38,32
08/12/2020,51119,Middlesex,"Three Rivers",46,3,1
08/12/2020,51121,Montgomery,"New River",312,16,3
08/12/2020,51125,Nelson,"Thomas Jefferson",54,1,0
08/12/2020,51127,"New Kent",Chickahominy,129,11,1
08/12/2020,51131,Northampton,"Eastern Shore",296,48,29
08/12/2020,51133,Northumberland,"Three Rivers",78,5,3
08/12/2020,51135,Nottoway,Piedmont,182,43,14
08/12/2020,51137,Orange,"Rappahannock Rapidan",231,17,3
08/12/2020,51139,Page,"Lord Fairfax",347,37,25
08/12/2020,51141,Patrick,"West Piedmont",161,34,4
08/12/2020,51143,Pittsylvania,Pittsylvania-Danville,516,31,2
08/12/2020,51145,Powhatan,Chesterfield,151,10,4
08/12/2020,51147,"Prince Edward",Piedmont,423,29,11
08/12/2020,51149,"Prince George",Crater,424,18,2
08/12/2020,51153,"Prince William","Prince William",9605,804,176
08/12/2020,51155,Pulaski,"New River",90,9,3
08/12/2020,51157,Rappahannock,"Rappahannock Rapidan",44,4,2
08/12/2020,51159,"Richmond County","Three Rivers",322,14,4
08/12/2020,51161,"Roanoke County",Alleghany,502,18,4
08/12/2020,51163,Rockbridge,"Central Shenandoah",69,3,1
08/12/2020,51165,Rockingham,"Central Shenandoah",957,99,19
08/12/2020,51167,Russell,"Cumberland Plateau",134,13,2
08/12/2020,51169,Scott,Lenowisco,111,11,3
08/12/2020,51171,Shenandoah,"Lord Fairfax",724,79,46
08/12/2020,51173,Smyth,"Mount Rogers",154,11,3
08/12/2020,51175,Southampton,"Western Tidewater",285,12,13
08/12/2020,51177,Spotsylvania,Rappahannock,1536,98,35
08/12/2020,51179,Stafford,Rappahannock,1424,122,9
08/12/2020,51181,Surry,Crater,51,5,2
08/12/2020,51183,Sussex,Crater,310,24,9
08/12/2020,51185,Tazewell,"Cumberland Plateau",123,8,0
08/12/2020,51187,Warren,"Lord Fairfax",356,22,6
08/12/2020,51191,Washington,"Mount Rogers",237,22,6
08/12/2020,51193,Westmoreland,"Three Rivers",214,18,3
08/12/2020,51195,Wise,Lenowisco,181,21,3
08/12/2020,51197,Wythe,"Mount Rogers",119,13,3
08/12/2020,51199,York,Peninsula,375,14,4
08/12/2020,51510,Alexandria,Alexandria,3014,281,60
08/12/2020,51520,Bristol,"Mount Rogers",88,7,0
08/12/2020,51530,"Buena Vista City","Central Shenandoah",58,3,1
08/12/2020,51540,Charlottesville,"Thomas Jefferson",550,25,15
08/12/2020,51550,Chesapeake,Chesapeake,3008,239,38
08/12/2020,51570,"Colonial Heights",Chesterfield,203,23,22
08/12/2020,51580,Covington,Alleghany,13,0,0
08/12/2020,51590,Danville,Pittsylvania-Danville,419,46,7
08/12/2020,51595,Emporia,Crater,180,28,15
08/12/2020,51600,"Fairfax City",Fairfax,92,11,7
08/12/2020,51610,"Falls Church",Fairfax,61,9,6
08/12/2020,51620,"Franklin City","Western Tidewater",188,7,6
08/12/2020,51630,Fredericksburg,Rappahannock,414,44,4
08/12/2020,51640,Galax,"Mount Rogers",351,38,24
08/12/2020,51650,Hampton,Hampton,1273,52,7
08/12/2020,51660,Harrisonburg,"Central Shenandoah",1083,81,31
08/12/2020,51670,Hopewell,Crater,278,25,5
08/12/2020,51678,Lexington,"Central Shenandoah",33,1,0
08/12/2020,51680,Lynchburg,"Central Virginia",654,24,5
08/12/2020,51683,"Manassas City","Prince William",1670,124,23
08/12/2020,51685,"Manassas Park","Prince William",518,50,7
08/12/2020,51690,Martinsville,"West Piedmont",219,35,3
08/12/2020,51700,"Newport News",Peninsula,1872,82,19
08/12/2020,51710,Norfolk,Norfolk,3802,208,33
08/12/2020,51720,Norton,Lenowisco,21,2,0
08/12/2020,51730,Petersburg,Crater,531,64,19
08/12/2020,51735,Poquoson,Peninsula,44,2,0
08/12/2020,51740,Portsmouth,Portsmouth,1855,133,25
08/12/2020,51750,Radford,"New River",58,3,0
08/12/2020,51760,"Richmond City",Richmond,3248,315,41
08/12/2020,51770,"Roanoke City",Roanoke,1036,27,15
08/12/2020,51775,Salem,Alleghany,163,6,3
08/12/2020,51790,Staunton,"Central Shenandoah",154,11,0
08/12/2020,51800,Suffolk,"Western Tidewater",1334,95,53
08/12/2020,51810,"Virginia Beach","Virginia Beach",5139,258,54
08/12/2020,51820,Waynesboro,"Central Shenandoah",177,9,3
08/12/2020,51830,Williamsburg,Peninsula,128,12,6
08/12/2020,51840,Winchester,"Lord Fairfax",404,31,4
08/13/2020,51001,Accomack,"Eastern Shore",1111,83,17
08/13/2020,51003,Albemarle,"Thomas Jefferson",869,57,16
08/13/2020,51005,Alleghany,Alleghany,62,8,4
08/13/2020,51007,Amelia,Piedmont,82,13,2
08/13/2020,51009,Amherst,"Central Virginia",196,8,1
08/13/2020,51011,Appomattox,"Central Virginia",93,7,0
08/13/2020,51013,Arlington,Arlington,3134,437,135
08/13/2020,51015,Augusta,"Central Shenandoah",296,11,4
08/13/2020,51017,Bath,"Central Shenandoah",4,0,0
08/13/2020,51019,Bedford,"Central Virginia",377,19,8
08/13/2020,51021,Bland,"Mount Rogers",27,1,0
08/13/2020,51023,Botetourt,Alleghany,217,16,7
08/13/2020,51025,Brunswick,Southside,240,25,2
08/13/2020,51027,Buchanan,"Cumberland Plateau",81,4,1
08/13/2020,51029,Buckingham,Piedmont,612,23,8
08/13/2020,51031,Campbell,"Central Virginia",228,7,2
08/13/2020,51033,Caroline,Rappahannock,221,23,5
08/13/2020,51035,Carroll,"Mount Rogers",335,28,14
08/13/2020,51036,"Charles City",Chickahominy,53,16,5
08/13/2020,51037,Charlotte,Piedmont,55,4,0
08/13/2020,51041,Chesterfield,Chesterfield,4512,234,80
08/13/2020,51043,Clarke,"Lord Fairfax",72,8,0
08/13/2020,51045,Craig,Alleghany,18,1,0
08/13/2020,51047,Culpeper,"Rappahannock Rapidan",1021,78,12
08/13/2020,51049,Cumberland,Piedmont,78,8,0
08/13/2020,51051,Dickenson,"Cumberland Plateau",49,4,1
08/13/2020,51053,Dinwiddie,Crater,226,32,7
08/13/2020,51057,Essex,"Three Rivers",107,7,1
08/13/2020,51059,Fairfax,Fairfax,16703,1955,530
08/13/2020,51061,Fauquier,"Rappahannock Rapidan",624,35,9
08/13/2020,51063,Floyd,"New River",109,3,2
08/13/2020,51065,Fluvanna,"Thomas Jefferson",197,33,9
08/13/2020,51067,"Franklin County","West Piedmont",177,7,1
08/13/2020,51069,Frederick,"Lord Fairfax",688,52,9
08/13/2020,51071,Giles,"New River",27,2,0
08/13/2020,51073,Gloucester,"Three Rivers",171,13,2
08/13/2020,51075,Goochland,Chickahominy,169,25,7
08/13/2020,51077,Grayson,"Mount Rogers",157,12,5
08/13/2020,51079,Greene,"Thomas Jefferson",172,8,2
08/13/2020,51081,Greensville,Crater,535,27,11
08/13/2020,51083,Halifax,Southside,160,6,2
08/13/2020,51085,Hanover,Chickahominy,676,81,33
08/13/2020,51087,Henrico,Henrico,3999,347,187
08/13/2020,51089,Henry,"West Piedmont",644,72,9
08/13/2020,51091,Highland,"Central Shenandoah",6,0,0
08/13/2020,51093,"Isle of Wight","Western Tidewater",415,20,9
08/13/2020,51095,"James City",Peninsula,624,59,17
08/13/2020,51097,"King and Queen","Three Rivers",42,4,1
08/13/2020,51099,"King George",Rappahannock,158,18,4
08/13/2020,51101,"King William","Three Rivers",93,7,2
08/13/2020,51103,Lancaster,"Three Rivers",45,2,0
08/13/2020,51105,Lee,Lenowisco,135,9,1
08/13/2020,51107,Loudoun,Loudoun,5403,356,115
08/13/2020,51109,Louisa,"Thomas Jefferson",198,23,2
08/13/2020,51111,Lunenburg,Piedmont,66,6,1
08/13/2020,51113,Madison,"Rappahannock Rapidan",73,5,1
08/13/2020,51115,Mathews,"Three Rivers",20,2,0
08/13/2020,51117,Mecklenburg,Southside,449,38,32
08/13/2020,51119,Middlesex,"Three Rivers",49,4,1
08/13/2020,51121,Montgomery,"New River",313,15,3
08/13/2020,51125,Nelson,"Thomas Jefferson",57,1,0
08/13/2020,51127,"New Kent",Chickahominy,132,11,1
08/13/2020,51131,Northampton,"Eastern Shore",297,49,29
08/13/2020,51133,Northumberland,"Three Rivers",77,5,3
08/13/2020,51135,Nottoway,Piedmont,183,43,14
08/13/2020,51137,Orange,"Rappahannock Rapidan",232,17,3
08/13/2020,51139,Page,"Lord Fairfax",349,37,25
08/13/2020,51141,Patrick,"West Piedmont",167,34,4
08/13/2020,51143,Pittsylvania,Pittsylvania-Danville,530,31,2
08/13/2020,51145,Powhatan,Chesterfield,156,10,4
08/13/2020,51147,"Prince Edward",Piedmont,427,28,10
08/13/2020,51149,"Prince George",Crater,424,20,2
08/13/2020,51153,"Prince William","Prince William",9686,812,178
08/13/2020,51155,Pulaski,"New River",90,9,3
08/13/2020,51157,Rappahannock,"Rappahannock Rapidan",44,4,2
08/13/2020,51159,"Richmond County","Three Rivers",321,14,4
08/13/2020,51161,"Roanoke County",Alleghany,506,18,4
08/13/2020,51163,Rockbridge,"Central Shenandoah",71,3,1
08/13/2020,51165,Rockingham,"Central Shenandoah",963,99,20
08/13/2020,51167,Russell,"Cumberland Plateau",136,13,2
08/13/2020,51169,Scott,Lenowisco,111,11,3
08/13/2020,51171,Shenandoah,"Lord Fairfax",728,79,46
08/13/2020,51173,Smyth,"Mount Rogers",158,11,3
08/13/2020,51175,Southampton,"Western Tidewater",278,12,13
08/13/2020,51177,Spotsylvania,Rappahannock,1570,99,35
08/13/2020,51179,Stafford,Rappahannock,1446,123,10
08/13/2020,51181,Surry,Crater,52,5,2
08/13/2020,51183,Sussex,Crater,313,24,9
08/13/2020,51185,Tazewell,"Cumberland Plateau",126,9,0
08/13/2020,51187,Warren,"Lord Fairfax",360,22,6
08/13/2020,51191,Washington,"Mount Rogers",242,23,6
08/13/2020,51193,Westmoreland,"Three Rivers",216,18,3
08/13/2020,51195,Wise,Lenowisco,201,21,4
08/13/2020,51197,Wythe,"Mount Rogers",120,13,3
08/13/2020,51199,York,Peninsula,383,14,4
08/13/2020,51510,Alexandria,Alexandria,3020,281,60
08/13/2020,51520,Bristol,"Mount Rogers",90,7,0
08/13/2020,51530,"Buena Vista City","Central Shenandoah",62,4,1
08/13/2020,51540,Charlottesville,"Thomas Jefferson",554,26,15
08/13/2020,51550,Chesapeake,Chesapeake,3082,247,41
08/13/2020,51570,"Colonial Heights",Chesterfield,204,23,22
08/13/2020,51580,Covington,Alleghany,13,0,0
08/13/2020,51590,Danville,Pittsylvania-Danville,430,47,8
08/13/2020,51595,Emporia,Crater,182,28,15
08/13/2020,51600,"Fairfax City",Fairfax,92,11,7
08/13/2020,51610,"Falls Church",Fairfax,63,9,6
08/13/2020,51620,"Franklin City","Western Tidewater",201,7,6
08/13/2020,51630,Fredericksburg,Rappahannock,421,44,4
08/13/2020,51640,Galax,"Mount Rogers",352,38,25
08/13/2020,51650,Hampton,Hampton,1291,52,7
08/13/2020,51660,Harrisonburg,"Central Shenandoah",1086,81,31
08/13/2020,51670,Hopewell,Crater,279,25,5
08/13/2020,51678,Lexington,"Central Shenandoah",34,1,0
08/13/2020,51680,Lynchburg,"Central Virginia",680,25,5
08/13/2020,51683,"Manassas City","Prince William",1679,124,22
08/13/2020,51685,"Manassas Park","Prince William",520,50,7
08/13/2020,51690,Martinsville,"West Piedmont",229,36,3
08/13/2020,51700,"Newport News",Peninsula,1898,83,20
08/13/2020,51710,Norfolk,Norfolk,3858,215,33
08/13/2020,51720,Norton,Lenowisco,22,2,0
08/13/2020,51730,Petersburg,Crater,531,65,19
08/13/2020,51735,Poquoson,Peninsula,44,2,0
08/13/2020,51740,Portsmouth,Portsmouth,1907,133,25
08/13/2020,51750,Radford,"New River",60,3,0
08/13/2020,51760,"Richmond City",Richmond,3280,321,41
08/13/2020,51770,"Roanoke City",Roanoke,1041,27,15
08/13/2020,51775,Salem,Alleghany,164,6,3
08/13/2020,51790,Staunton,"Central Shenandoah",155,11,0
08/13/2020,51800,Suffolk,"Western Tidewater",1351,96,53
08/13/2020,51810,"Virginia Beach","Virginia Beach",5204,259,54
08/13/2020,51820,Waynesboro,"Central Shenandoah",180,9,3
08/13/2020,51830,Williamsburg,Peninsula,130,12,6
08/13/2020,51840,Winchester,"Lord Fairfax",408,32,4
08/14/2020,51001,Accomack,"Eastern Shore",1116,84,17
08/14/2020,51003,Albemarle,"Thomas Jefferson",883,57,16
08/14/2020,51005,Alleghany,Alleghany,62,8,4
08/14/2020,51007,Amelia,Piedmont,83,13,2
08/14/2020,51009,Amherst,"Central Virginia",202,8,1
08/14/2020,51011,Appomattox,"Central Virginia",98,7,0
08/14/2020,51013,Arlington,Arlington,3176,437,135
08/14/2020,51015,Augusta,"Central Shenandoah",300,12,4
08/14/2020,51017,Bath,"Central Shenandoah",4,0,0
08/14/2020,51019,Bedford,"Central Virginia",384,19,8
08/14/2020,51021,Bland,"Mount Rogers",30,1,0
08/14/2020,51023,Botetourt,Alleghany,219,16,7
08/14/2020,51025,Brunswick,Southside,247,25,2
08/14/2020,51027,Buchanan,"Cumberland Plateau",83,4,1
08/14/2020,51029,Buckingham,Piedmont,613,23,8
08/14/2020,51031,Campbell,"Central Virginia",237,7,2
08/14/2020,51033,Caroline,Rappahannock,223,23,5
08/14/2020,51035,Carroll,"Mount Rogers",339,28,14
08/14/2020,51036,"Charles City",Chickahominy,53,16,5
08/14/2020,51037,Charlotte,Piedmont,56,4,0
08/14/2020,51041,Chesterfield,Chesterfield,4542,234,80
08/14/2020,51043,Clarke,"Lord Fairfax",73,8,0
08/14/2020,51045,Craig,Alleghany,19,1,0
08/14/2020,51047,Culpeper,"Rappahannock Rapidan",1029,78,12
08/14/2020,51049,Cumberland,Piedmont,79,8,0
08/14/2020,51051,Dickenson,"Cumberland Plateau",49,4,1
08/14/2020,51053,Dinwiddie,Crater,227,32,7
08/14/2020,51057,Essex,"Three Rivers",108,8,1
08/14/2020,51059,Fairfax,Fairfax,16816,1956,531
08/14/2020,51061,Fauquier,"Rappahannock Rapidan",627,35,9
08/14/2020,51063,Floyd,"New River",111,4,2
08/14/2020,51065,Fluvanna,"Thomas Jefferson",199,33,9
08/14/2020,51067,"Franklin County","West Piedmont",179,7,1
08/14/2020,51069,Frederick,"Lord Fairfax",690,52,9
08/14/2020,51071,Giles,"New River",28,2,0
08/14/2020,51073,Gloucester,"Three Rivers",173,13,2
08/14/2020,51075,Goochland,Chickahominy,170,25,7
08/14/2020,51077,Grayson,"Mount Rogers",161,13,5
08/14/2020,51079,Greene,"Thomas Jefferson",173,8,2
08/14/2020,51081,Greensville,Crater,569,27,11
08/14/2020,51083,Halifax,Southside,164,6,2
08/14/2020,51085,Hanover,Chickahominy,690,81,33
08/14/2020,51087,Henrico,Henrico,4042,350,187
08/14/2020,51089,Henry,"West Piedmont",660,73,9
08/14/2020,51091,Highland,"Central Shenandoah",6,0,0
08/14/2020,51093,"Isle of Wight","Western Tidewater",424,21,9
08/14/2020,51095,"James City",Peninsula,632,59,17
08/14/2020,51097,"King and Queen","Three Rivers",42,4,1
08/14/2020,51099,"King George",Rappahannock,160,18,4
08/14/2020,51101,"King William","Three Rivers",100,7,2
08/14/2020,51103,Lancaster,"Three Rivers",45,2,0
08/14/2020,51105,Lee,Lenowisco,140,10,1
08/14/2020,51107,Loudoun,Loudoun,5441,358,115
08/14/2020,51109,Louisa,"Thomas Jefferson",198,23,2
08/14/2020,51111,Lunenburg,Piedmont,66,6,1
08/14/2020,51113,Madison,"Rappahannock Rapidan",73,5,1
08/14/2020,51115,Mathews,"Three Rivers",21,2,0
08/14/2020,51117,Mecklenburg,Southside,454,38,32
08/14/2020,51119,Middlesex,"Three Rivers",50,4,1
08/14/2020,51121,Montgomery,"New River",315,15,3
08/14/2020,51125,Nelson,"Thomas Jefferson",59,2,0
08/14/2020,51127,"New Kent",Chickahominy,133,11,1
08/14/2020,51131,Northampton,"Eastern Shore",298,49,29
08/14/2020,51133,Northumberland,"Three Rivers",79,5,3
08/14/2020,51135,Nottoway,Piedmont,183,43,14
08/14/2020,51137,Orange,"Rappahannock Rapidan",233,17,3
08/14/2020,51139,Page,"Lord Fairfax",351,38,25
08/14/2020,51141,Patrick,"West Piedmont",174,35,4
08/14/2020,51143,Pittsylvania,Pittsylvania-Danville,553,31,2
08/14/2020,51145,Powhatan,Chesterfield,159,10,4
08/14/2020,51147,"Prince Edward",Piedmont,436,28,10
08/14/2020,51149,"Prince George",Crater,443,20,2
08/14/2020,51153,"Prince William","Prince William",9773,813,178
08/14/2020,51155,Pulaski,"New River",90,9,3
08/14/2020,51157,Rappahannock,"Rappahannock Rapidan",45,4,2
08/14/2020,51159,"Richmond County","Three Rivers",322,14,4
08/14/2020,51161,"Roanoke County",Alleghany,513,18,4
08/14/2020,51163,Rockbridge,"Central Shenandoah",72,3,1
08/14/2020,51165,Rockingham,"Central Shenandoah",964,99,20
08/14/2020,51167,Russell,"Cumberland Plateau",140,14,3
08/14/2020,51169,Scott,Lenowisco,112,11,3
08/14/2020,51171,Shenandoah,"Lord Fairfax",732,79,46
08/14/2020,51173,Smyth,"Mount Rogers",160,11,3
08/14/2020,51175,Southampton,"Western Tidewater",293,12,13
08/14/2020,51177,Spotsylvania,Rappahannock,1581,103,35
08/14/2020,51179,Stafford,Rappahannock,1460,124,10
08/14/2020,51181,Surry,Crater,51,5,2
08/14/2020,51183,Sussex,Crater,315,24,9
08/14/2020,51185,Tazewell,"Cumberland Plateau",127,9,0
08/14/2020,51187,Warren,"Lord Fairfax",366,22,6
08/14/2020,51191,Washington,"Mount Rogers",250,24,6
08/14/2020,51193,Westmoreland,"Three Rivers",215,18,3
08/14/2020,51195,Wise,Lenowisco,208,23,5
08/14/2020,51197,Wythe,"Mount Rogers",122,13,3
08/14/2020,51199,York,Peninsula,394,14,4
08/14/2020,51510,Alexandria,Alexandria,3050,282,61
08/14/2020,51520,Bristol,"Mount Rogers",91,8,0
08/14/2020,51530,"Buena Vista City","Central Shenandoah",64,4,1
08/14/2020,51540,Charlottesville,"Thomas Jefferson",555,26,15
08/14/2020,51550,Chesapeake,Chesapeake,3158,250,41
08/14/2020,51570,"Colonial Heights",Chesterfield,204,23,22
08/14/2020,51580,Covington,Alleghany,13,0,0
08/14/2020,51590,Danville,Pittsylvania-Danville,441,49,8
08/14/2020,51595,Emporia,Crater,183,28,15
08/14/2020,51600,"Fairfax City",Fairfax,93,11,7
08/14/2020,51610,"Falls Church",Fairfax,63,9,6
08/14/2020,51620,"Franklin City","Western Tidewater",205,7,6
08/14/2020,51630,Fredericksburg,Rappahannock,424,45,4
08/14/2020,51640,Galax,"Mount Rogers",353,38,27
08/14/2020,51650,Hampton,Hampton,1309,52,7
08/14/2020,51660,Harrisonburg,"Central Shenandoah",1088,82,31
08/14/2020,51670,Hopewell,Crater,282,25,5
08/14/2020,51678,Lexington,"Central Shenandoah",35,1,0
08/14/2020,51680,Lynchburg,"Central Virginia",703,25,5
08/14/2020,51683,"Manassas City","Prince William",1689,124,22
08/14/2020,51685,"Manassas Park","Prince William",530,50,7
08/14/2020,51690,Martinsville,"West Piedmont",238,38,3
08/14/2020,51700,"Newport News",Peninsula,1936,83,20
08/14/2020,51710,Norfolk,Norfolk,3895,223,33
08/14/2020,51720,Norton,Lenowisco,22,2,0
08/14/2020,51730,Petersburg,Crater,531,65,19
08/14/2020,51735,Poquoson,Peninsula,44,2,0
08/14/2020,51740,Portsmouth,Portsmouth,1952,134,25
08/14/2020,51750,Radford,"New River",63,3,0
08/14/2020,51760,"Richmond City",Richmond,3308,327,41
08/14/2020,51770,"Roanoke City",Roanoke,1051,29,15
08/14/2020,51775,Salem,Alleghany,165,6,3
08/14/2020,51790,Staunton,"Central Shenandoah",156,11,0
08/14/2020,51800,Suffolk,"Western Tidewater",1379,97,53
08/14/2020,51810,"Virginia Beach","Virginia Beach",5277,261,55
08/14/2020,51820,Waynesboro,"Central Shenandoah",185,9,3
08/14/2020,51830,Williamsburg,Peninsula,132,12,6
08/14/2020,51840,Winchester,"Lord Fairfax",412,32,4
08/15/2020,51001,Accomack,"Eastern Shore",1120,86,17
08/15/2020,51003,Albemarle,"Thomas Jefferson",890,57,16
08/15/2020,51005,Alleghany,Alleghany,59,8,4
08/15/2020,51007,Amelia,Piedmont,83,13,2
08/15/2020,51009,Amherst,"Central Virginia",206,8,1
08/15/2020,51011,Appomattox,"Central Virginia",102,7,0
08/15/2020,51013,Arlington,Arlington,3196,437,135
08/15/2020,51015,Augusta,"Central Shenandoah",306,12,4
08/15/2020,51017,Bath,"Central Shenandoah",4,0,0
08/15/2020,51019,Bedford,"Central Virginia",397,19,8
08/15/2020,51021,Bland,"Mount Rogers",30,1,0
08/15/2020,51023,Botetourt,Alleghany,220,17,7
08/15/2020,51025,Brunswick,Southside,247,25,2
08/15/2020,51027,Buchanan,"Cumberland Plateau",83,4,1
08/15/2020,51029,Buckingham,Piedmont,616,23,8
08/15/2020,51031,Campbell,"Central Virginia",244,7,3
08/15/2020,51033,Caroline,Rappahannock,224,23,5
08/15/2020,51035,Carroll,"Mount Rogers",340,28,14
08/15/2020,51036,"Charles City",Chickahominy,54,16,5
08/15/2020,51037,Charlotte,Piedmont,57,4,0
08/15/2020,51041,Chesterfield,Chesterfield,4596,234,80
08/15/2020,51043,Clarke,"Lord Fairfax",73,8,0
08/15/2020,51045,Craig,Alleghany,19,1,0
08/15/2020,51047,Culpeper,"Rappahannock Rapidan",1033,78,12
08/15/2020,51049,Cumberland,Piedmont,80,8,0
08/15/2020,51051,Dickenson,"Cumberland Plateau",52,4,1
08/15/2020,51053,Dinwiddie,Crater,232,32,7
08/15/2020,51057,Essex,"Three Rivers",108,8,1
08/15/2020,51059,Fairfax,Fairfax,16882,1967,533
08/15/2020,51061,Fauquier,"Rappahannock Rapidan",632,35,9
08/15/2020,51063,Floyd,"New River",111,4,2
08/15/2020,51065,Fluvanna,"Thomas Jefferson",201,33,9
08/15/2020,51067,"Franklin County","West Piedmont",182,8,1
08/15/2020,51069,Frederick,"Lord Fairfax",695,52,10
08/15/2020,51071,Giles,"New River",29,2,0
08/15/2020,51073,Gloucester,"Three Rivers",175,13,2
08/15/2020,51075,Goochland,Chickahominy,171,25,7
08/15/2020,51077,Grayson,"Mount Rogers",164,14,5
08/15/2020,51079,Greene,"Thomas Jefferson",176,8,2
08/15/2020,51081,Greensville,Crater,569,29,11
08/15/2020,51083,Halifax,Southside,167,6,2
08/15/2020,51085,Hanover,Chickahominy,695,81,33
08/15/2020,51087,Henrico,Henrico,4068,351,187
08/15/2020,51089,Henry,"West Piedmont",672,73,9
08/15/2020,51091,Highland,"Central Shenandoah",6,0,0
08/15/2020,51093,"Isle of Wight","Western Tidewater",429,21,9
08/15/2020,51095,"James City",Peninsula,637,59,17
08/15/2020,51097,"King and Queen","Three Rivers",42,4,1
08/15/2020,51099,"King George",Rappahannock,164,18,4
08/15/2020,51101,"King William","Three Rivers",101,7,2
08/15/2020,51103,Lancaster,"Three Rivers",49,2,0
08/15/2020,51105,Lee,Lenowisco,144,10,2
08/15/2020,51107,Loudoun,Loudoun,5482,360,115
08/15/2020,51109,Louisa,"Thomas Jefferson",203,24,2
08/15/2020,51111,Lunenburg,Piedmont,67,6,1
08/15/2020,51113,Madison,"Rappahannock Rapidan",72,5,1
08/15/2020,51115,Mathews,"Three Rivers",23,2,0
08/15/2020,51117,Mecklenburg,Southside,458,38,32
08/15/2020,51119,Middlesex,"Three Rivers",51,4,1
08/15/2020,51121,Montgomery,"New River",321,15,3
08/15/2020,51125,Nelson,"Thomas Jefferson",61,2,0
08/15/2020,51127,"New Kent",Chickahominy,134,11,1
08/15/2020,51131,Northampton,"Eastern Shore",298,49,29
08/15/2020,51133,Northumberland,"Three Rivers",79,5,3
08/15/2020,51135,Nottoway,Piedmont,183,43,14
08/15/2020,51137,Orange,"Rappahannock Rapidan",233,17,3
08/15/2020,51139,Page,"Lord Fairfax",352,38,25
08/15/2020,51141,Patrick,"West Piedmont",176,36,5
08/15/2020,51143,Pittsylvania,Pittsylvania-Danville,560,31,2
08/15/2020,51145,Powhatan,Chesterfield,161,10,4
08/15/2020,51147,"Prince Edward",Piedmont,447,28,10
08/15/2020,51149,"Prince George",Crater,454,20,2
08/15/2020,51153,"Prince William","Prince William",9824,814,178
08/15/2020,51155,Pulaski,"New River",91,9,3
08/15/2020,51157,Rappahannock,"Rappahannock Rapidan",45,4,2
08/15/2020,51159,"Richmond County","Three Rivers",323,14,4
08/15/2020,51161,"Roanoke County",Alleghany,515,19,4
08/15/2020,51163,Rockbridge,"Central Shenandoah",75,3,1
08/15/2020,51165,Rockingham,"Central Shenandoah",968,99,20
08/15/2020,51167,Russell,"Cumberland Plateau",145,16,3
08/15/2020,51169,Scott,Lenowisco,114,11,3
08/15/2020,51171,Shenandoah,"Lord Fairfax",736,79,47
08/15/2020,51173,Smyth,"Mount Rogers",164,11,3
08/15/2020,51175,Southampton,"Western Tidewater",301,13,13
08/15/2020,51177,Spotsylvania,Rappahannock,1598,103,35
08/15/2020,51179,Stafford,Rappahannock,1480,124,10
08/15/2020,51181,Surry,Crater,51,5,2
08/15/2020,51183,Sussex,Crater,316,24,9
08/15/2020,51185,Tazewell,"Cumberland Plateau",130,9,0
08/15/2020,51187,Warren,"Lord Fairfax",367,22,6
08/15/2020,51191,Washington,"Mount Rogers",261,24,6
08/15/2020,51193,Westmoreland,"Three Rivers",216,18,3
08/15/2020,51195,Wise,Lenowisco,229,25,5
08/15/2020,51197,Wythe,"Mount Rogers",125,14,3
08/15/2020,51199,York,Peninsula,400,14,4
08/15/2020,51510,Alexandria,Alexandria,3082,283,61
08/15/2020,51520,Bristol,"Mount Rogers",92,8,0
08/15/2020,51530,"Buena Vista City","Central Shenandoah",64,4,1
08/15/2020,51540,Charlottesville,"Thomas Jefferson",558,26,15
08/15/2020,51550,Chesapeake,Chesapeake,3197,253,41
08/15/2020,51570,"Colonial Heights",Chesterfield,205,23,22
08/15/2020,51580,Covington,Alleghany,13,0,0
08/15/2020,51590,Danville,Pittsylvania-Danville,451,50,8
08/15/2020,51595,Emporia,Crater,188,28,15
08/15/2020,51600,"Fairfax City",Fairfax,98,11,7
08/15/2020,51610,"Falls Church",Fairfax,62,9,6
08/15/2020,51620,"Franklin City","Western Tidewater",205,7,6
08/15/2020,51630,Fredericksburg,Rappahannock,426,45,4
08/15/2020,51640,Galax,"Mount Rogers",353,38,27
08/15/2020,51650,Hampton,Hampton,1321,53,9
08/15/2020,51660,Harrisonburg,"Central Shenandoah",1093,82,31
08/15/2020,51670,Hopewell,Crater,286,25,5
08/15/2020,51678,Lexington,"Central Shenandoah",35,1,0
08/15/2020,51680,Lynchburg,"Central Virginia",719,25,5
08/15/2020,51683,"Manassas City","Prince William",1696,124,22
08/15/2020,51685,"Manassas Park","Prince William",530,50,7
08/15/2020,51690,Martinsville,"West Piedmont",240,38,3
08/15/2020,51700,"Newport News",Peninsula,1960,83,20
08/15/2020,51710,Norfolk,Norfolk,3944,229,34
08/15/2020,51720,Norton,Lenowisco,23,2,0
08/15/2020,51730,Petersburg,Crater,537,65,19
08/15/2020,51735,Poquoson,Peninsula,45,2,0
08/15/2020,51740,Portsmouth,Portsmouth,1964,137,25
08/15/2020,51750,Radford,"New River",65,3,0
08/15/2020,51760,"Richmond City",Richmond,3339,327,42
08/15/2020,51770,"Roanoke City",Roanoke,1056,30,15
08/15/2020,51775,Salem,Alleghany,165,6,3
08/15/2020,51790,Staunton,"Central Shenandoah",158,11,0
08/15/2020,51800,Suffolk,"Western Tidewater",1401,97,53
08/15/2020,51810,"Virginia Beach","Virginia Beach",5322,265,55
08/15/2020,51820,Waynesboro,"Central Shenandoah",187,9,3
08/15/2020,51830,Williamsburg,Peninsula,133,12,6
08/15/2020,51840,Winchester,"Lord Fairfax",416,32,4
08/16/2020,51001,Accomack,"Eastern Shore",1123,86,17
08/16/2020,51003,Albemarle,"Thomas Jefferson",906,58,16
08/16/2020,51005,Alleghany,Alleghany,60,8,4
08/16/2020,51007,Amelia,Piedmont,85,13,2
08/16/2020,51009,Amherst,"Central Virginia",219,8,1
08/16/2020,51011,Appomattox,"Central Virginia",103,7,0
08/16/2020,51013,Arlington,Arlington,3229,437,135
08/16/2020,51015,Augusta,"Central Shenandoah",310,12,4
08/16/2020,51017,Bath,"Central Shenandoah",4,0,0
08/16/2020,51019,Bedford,"Central Virginia",414,20,8
08/16/2020,51021,Bland,"Mount Rogers",31,1,0
08/16/2020,51023,Botetourt,Alleghany,220,17,7
08/16/2020,51025,Brunswick,Southside,247,25,2
08/16/2020,51027,Buchanan,"Cumberland Plateau",84,4,1
08/16/2020,51029,Buckingham,Piedmont,617,23,8
08/16/2020,51031,Campbell,"Central Virginia",251,8,3
08/16/2020,51033,Caroline,Rappahannock,228,23,5
08/16/2020,51035,Carroll,"Mount Rogers",341,28,14
08/16/2020,51036,"Charles City",Chickahominy,55,16,5
08/16/2020,51037,Charlotte,Piedmont,58,4,0
08/16/2020,51041,Chesterfield,Chesterfield,4621,234,80
08/16/2020,51043,Clarke,"Lord Fairfax",74,8,0
08/16/2020,51045,Craig,Alleghany,19,1,0
08/16/2020,51047,Culpeper,"Rappahannock Rapidan",1039,78,12
08/16/2020,51049,Cumberland,Piedmont,81,8,0
08/16/2020,51051,Dickenson,"Cumberland Plateau",52,4,1
08/16/2020,51053,Dinwiddie,Crater,238,32,7
08/16/2020,51057,Essex,"Three Rivers",108,8,1
08/16/2020,51059,Fairfax,Fairfax,16995,1968,533
08/16/2020,51061,Fauquier,"Rappahannock Rapidan",638,35,9
08/16/2020,51063,Floyd,"New River",112,4,2
08/16/2020,51065,Fluvanna,"Thomas Jefferson",202,33,9
08/16/2020,51067,"Franklin County","West Piedmont",182,8,1
08/16/2020,51069,Frederick,"Lord Fairfax",698,52,10
08/16/2020,51071,Giles,"New River",32,2,0
08/16/2020,51073,Gloucester,"Three Rivers",175,13,2
08/16/2020,51075,Goochland,Chickahominy,172,25,7
08/16/2020,51077,Grayson,"Mount Rogers",165,14,5
08/16/2020,51079,Greene,"Thomas Jefferson",177,8,2
08/16/2020,51081,Greensville,Crater,570,29,11
08/16/2020,51083,Halifax,Southside,169,6,2
08/16/2020,51085,Hanover,Chickahominy,700,81,33
08/16/2020,51087,Henrico,Henrico,4109,352,187
08/16/2020,51089,Henry,"West Piedmont",672,73,9
08/16/2020,51091,Highland,"Central Shenandoah",6,0,0
08/16/2020,51093,"Isle of Wight","Western Tidewater",431,22,9
08/16/2020,51095,"James City",Peninsula,641,59,17
08/16/2020,51097,"King and Queen","Three Rivers",42,4,1
08/16/2020,51099,"King George",Rappahannock,167,18,4
08/16/2020,51101,"King William","Three Rivers",102,8,2
08/16/2020,51103,Lancaster,"Three Rivers",49,2,0
08/16/2020,51105,Lee,Lenowisco,148,10,2
08/16/2020,51107,Loudoun,Loudoun,5511,360,115
08/16/2020,51109,Louisa,"Thomas Jefferson",204,25,2
08/16/2020,51111,Lunenburg,Piedmont,68,6,1
08/16/2020,51113,Madison,"Rappahannock Rapidan",72,5,1
08/16/2020,51115,Mathews,"Three Rivers",23,2,0
08/16/2020,51117,Mecklenburg,Southside,459,38,32
08/16/2020,51119,Middlesex,"Three Rivers",51,4,1
08/16/2020,51121,Montgomery,"New River",327,15,3
08/16/2020,51125,Nelson,"Thomas Jefferson",67,2,0
08/16/2020,51127,"New Kent",Chickahominy,135,11,1
08/16/2020,51131,Northampton,"Eastern Shore",299,49,29
08/16/2020,51133,Northumberland,"Three Rivers",79,5,3
08/16/2020,51135,Nottoway,Piedmont,183,43,14
08/16/2020,51137,Orange,"Rappahannock Rapidan",235,17,3
08/16/2020,51139,Page,"Lord Fairfax",353,39,25
08/16/2020,51141,Patrick,"West Piedmont",176,36,5
08/16/2020,51143,Pittsylvania,Pittsylvania-Danville,567,32,2
08/16/2020,51145,Powhatan,Chesterfield,167,10,4
08/16/2020,51147,"Prince Edward",Piedmont,447,28,10
08/16/2020,51149,"Prince George",Crater,456,20,2
08/16/2020,51153,"Prince William","Prince William",9890,815,178
08/16/2020,51155,Pulaski,"New River",91,9,3
08/16/2020,51157,Rappahannock,"Rappahannock Rapidan",46,4,2
08/16/2020,51159,"Richmond County","Three Rivers",324,14,4
08/16/2020,51161,"Roanoke County",Alleghany,514,19,4
08/16/2020,51163,Rockbridge,"Central Shenandoah",80,3,1
08/16/2020,51165,Rockingham,"Central Shenandoah",975,99,20
08/16/2020,51167,Russell,"Cumberland Plateau",150,16,3
08/16/2020,51169,Scott,Lenowisco,118,12,3
08/16/2020,51171,Shenandoah,"Lord Fairfax",742,79,47
08/16/2020,51173,Smyth,"Mount Rogers",169,15,3
08/16/2020,51175,Southampton,"Western Tidewater",303,13,13
08/16/2020,51177,Spotsylvania,Rappahannock,1607,103,35
08/16/2020,51179,Stafford,Rappahannock,1496,125,10
08/16/2020,51181,Surry,Crater,51,5,2
08/16/2020,51183,Sussex,Crater,316,24,9
08/16/2020,51185,Tazewell,"Cumberland Plateau",131,9,0
08/16/2020,51187,Warren,"Lord Fairfax",367,22,6
08/16/2020,51191,Washington,"Mount Rogers",283,25,6
08/16/2020,51193,Westmoreland,"Three Rivers",216,18,3
08/16/2020,51195,Wise,Lenowisco,238,25,5
08/16/2020,51197,Wythe,"Mount Rogers",125,14,3
08/16/2020,51199,York,Peninsula,406,14,4
08/16/2020,51510,Alexandria,Alexandria,3104,284,61
08/16/2020,51520,Bristol,"Mount Rogers",92,8,0
08/16/2020,51530,"Buena Vista City","Central Shenandoah",65,4,1
08/16/2020,51540,Charlottesville,"Thomas Jefferson",560,26,15
08/16/2020,51550,Chesapeake,Chesapeake,3258,257,41
08/16/2020,51570,"Colonial Heights",Chesterfield,206,23,22
08/16/2020,51580,Covington,Alleghany,13,0,0
08/16/2020,51590,Danville,Pittsylvania-Danville,465,50,8
08/16/2020,51595,Emporia,Crater,188,28,15
08/16/2020,51600,"Fairfax City",Fairfax,103,11,7
08/16/2020,51610,"Falls Church",Fairfax,62,9,6
08/16/2020,51620,"Franklin City","Western Tidewater",210,7,6
08/16/2020,51630,Fredericksburg,Rappahannock,428,45,4
08/16/2020,51640,Galax,"Mount Rogers",353,38,27
08/16/2020,51650,Hampton,Hampton,1337,53,9
08/16/2020,51660,Harrisonburg,"Central Shenandoah",1099,82,31
08/16/2020,51670,Hopewell,Crater,291,25,5
08/16/2020,51678,Lexington,"Central Shenandoah",36,1,0
08/16/2020,51680,Lynchburg,"Central Virginia",736,25,5
08/16/2020,51683,"Manassas City","Prince William",1710,125,22
08/16/2020,51685,"Manassas Park","Prince William",535,50,7
08/16/2020,51690,Martinsville,"West Piedmont",240,38,3
08/16/2020,51700,"Newport News",Peninsula,1980,83,20
08/16/2020,51710,Norfolk,Norfolk,3982,234,34
08/16/2020,51720,Norton,Lenowisco,23,2,0
08/16/2020,51730,Petersburg,Crater,541,65,19
08/16/2020,51735,Poquoson,Peninsula,46,2,0
08/16/2020,51740,Portsmouth,Portsmouth,1965,137,25
08/16/2020,51750,Radford,"New River",67,3,0
08/16/2020,51760,"Richmond City",Richmond,3354,332,42
08/16/2020,51770,"Roanoke City",Roanoke,1064,30,15
08/16/2020,51775,Salem,Alleghany,165,6,3
08/16/2020,51790,Staunton,"Central Shenandoah",158,11,0
08/16/2020,51800,Suffolk,"Western Tidewater",1425,98,53
08/16/2020,51810,"Virginia Beach","Virginia Beach",5394,266,55
08/16/2020,51820,Waynesboro,"Central Shenandoah",188,9,3
08/16/2020,51830,Williamsburg,Peninsula,135,12,6
08/16/2020,51840,Winchester,"Lord Fairfax",421,32,4
08/17/2020,51001,Accomack,"Eastern Shore",1127,86,17
08/17/2020,51003,Albemarle,"Thomas Jefferson",913,58,16
08/17/2020,51005,Alleghany,Alleghany,60,8,4
08/17/2020,51007,Amelia,Piedmont,85,13,2
08/17/2020,51009,Amherst,"Central Virginia",217,8,1
08/17/2020,51011,Appomattox,"Central Virginia",103,7,0
08/17/2020,51013,Arlington,Arlington,3246,437,135
08/17/2020,51015,Augusta,"Central Shenandoah",313,14,4
08/17/2020,51017,Bath,"Central Shenandoah",4,0,0
08/17/2020,51019,Bedford,"Central Virginia",418,20,8
08/17/2020,51021,Bland,"Mount Rogers",37,1,0
08/17/2020,51023,Botetourt,Alleghany,223,17,7
08/17/2020,51025,Brunswick,Southside,248,25,2
08/17/2020,51027,Buchanan,"Cumberland Plateau",84,4,1
08/17/2020,51029,Buckingham,Piedmont,620,23,8
08/17/2020,51031,Campbell,"Central Virginia",253,8,3
08/17/2020,51033,Caroline,Rappahannock,229,23,5
08/17/2020,51035,Carroll,"Mount Rogers",344,31,14
08/17/2020,51036,"Charles City",Chickahominy,56,16,5
08/17/2020,51037,Charlotte,Piedmont,58,4,0
08/17/2020,51041,Chesterfield,Chesterfield,4623,234,80
08/17/2020,51043,Clarke,"Lord Fairfax",74,8,0
08/17/2020,51045,Craig,Alleghany,19,1,0
08/17/2020,51047,Culpeper,"Rappahannock Rapidan",1041,78,12
08/17/2020,51049,Cumberland,Piedmont,84,8,0
08/17/2020,51051,Dickenson,"Cumberland Plateau",52,4,1
08/17/2020,51053,Dinwiddie,Crater,240,32,7
08/17/2020,51057,Essex,"Three Rivers",109,9,1
08/17/2020,51059,Fairfax,Fairfax,17070,1969,535
08/17/2020,51061,Fauquier,"Rappahannock Rapidan",642,35,9
08/17/2020,51063,Floyd,"New River",114,4,2
08/17/2020,51065,Fluvanna,"Thomas Jefferson",203,33,9
08/17/2020,51067,"Franklin County","West Piedmont",182,8,1
08/17/2020,51069,Frederick,"Lord Fairfax",701,54,10
08/17/2020,51071,Giles,"New River",33,2,0
08/17/2020,51073,Gloucester,"Three Rivers",179,13,2
08/17/2020,51075,Goochland,Chickahominy,173,25,7
08/17/2020,51077,Grayson,"Mount Rogers",165,14,5
08/17/2020,51079,Greene,"Thomas Jefferson",179,8,2
08/17/2020,51081,Greensville,Crater,572,29,11
08/17/2020,51083,Halifax,Southside,170,6,2
08/17/2020,51085,Hanover,Chickahominy,703,82,33
08/17/2020,51087,Henrico,Henrico,4149,354,187
08/17/2020,51089,Henry,"West Piedmont",672,73,9
08/17/2020,51091,Highland,"Central Shenandoah",6,0,0
08/17/2020,51093,"Isle of Wight","Western Tidewater",437,22,9
08/17/2020,51095,"James City",Peninsula,651,59,17
08/17/2020,51097,"King and Queen","Three Rivers",42,4,1
08/17/2020,51099,"King George",Rappahannock,169,19,4
08/17/2020,51101,"King William","Three Rivers",105,8,2
08/17/2020,51103,Lancaster,"Three Rivers",49,2,0
08/17/2020,51105,Lee,Lenowisco,150,10,2
08/17/2020,51107,Loudoun,Loudoun,5528,361,115
08/17/2020,51109,Louisa,"Thomas Jefferson",209,25,2
08/17/2020,51111,Lunenburg,Piedmont,70,6,1
08/17/2020,51113,Madison,"Rappahannock Rapidan",76,5,1
08/17/2020,51115,Mathews,"Three Rivers",23,2,0
08/17/2020,51117,Mecklenburg,Southside,459,38,32
08/17/2020,51119,Middlesex,"Three Rivers",52,4,1
08/17/2020,51121,Montgomery,"New River",332,15,3
08/17/2020,51125,Nelson,"Thomas Jefferson",70,2,0
08/17/2020,51127,"New Kent",Chickahominy,136,11,1
08/17/2020,51131,Northampton,"Eastern Shore",299,49,29
08/17/2020,51133,Northumberland,"Three Rivers",81,5,3
08/17/2020,51135,Nottoway,Piedmont,183,43,14
08/17/2020,51137,Orange,"Rappahannock Rapidan",236,17,3
08/17/2020,51139,Page,"Lord Fairfax",353,39,25
08/17/2020,51141,Patrick,"West Piedmont",176,36,5
08/17/2020,51143,Pittsylvania,Pittsylvania-Danville,571,32,2
08/17/2020,51145,Powhatan,Chesterfield,167,10,4
08/17/2020,51147,"Prince Edward",Piedmont,449,28,10
08/17/2020,51149,"Prince George",Crater,459,20,2
08/17/2020,51153,"Prince William","Prince William",9924,815,178
08/17/2020,51155,Pulaski,"New River",91,9,3
08/17/2020,51157,Rappahannock,"Rappahannock Rapidan",46,4,2
08/17/2020,51159,"Richmond County","Three Rivers",327,14,4
08/17/2020,51161,"Roanoke County",Alleghany,522,19,4
08/17/2020,51163,Rockbridge,"Central Shenandoah",80,3,1
08/17/2020,51165,Rockingham,"Central Shenandoah",979,100,20
08/17/2020,51167,Russell,"Cumberland Plateau",157,16,3
08/17/2020,51169,Scott,Lenowisco,120,12,3
08/17/2020,51171,Shenandoah,"Lord Fairfax",743,79,47
08/17/2020,51173,Smyth,"Mount Rogers",171,16,3
08/17/2020,51175,Southampton,"Western Tidewater",309,13,13
08/17/2020,51177,Spotsylvania,Rappahannock,1621,104,35
08/17/2020,51179,Stafford,Rappahannock,1506,125,10
08/17/2020,51181,Surry,Crater,52,5,2
08/17/2020,51183,Sussex,Crater,317,24,9
08/17/2020,51185,Tazewell,"Cumberland Plateau",131,9,0
08/17/2020,51187,Warren,"Lord Fairfax",367,22,6
08/17/2020,51191,Washington,"Mount Rogers",288,25,6
08/17/2020,51193,Westmoreland,"Three Rivers",217,19,3
08/17/2020,51195,Wise,Lenowisco,244,25,5
08/17/2020,51197,Wythe,"Mount Rogers",127,14,3
08/17/2020,51199,York,Peninsula,409,14,4
08/17/2020,51510,Alexandria,Alexandria,3130,284,61
08/17/2020,51520,Bristol,"Mount Rogers",100,8,1
08/17/2020,51530,"Buena Vista City","Central Shenandoah",65,4,1
08/17/2020,51540,Charlottesville,"Thomas Jefferson",560,26,15
08/17/2020,51550,Chesapeake,Chesapeake,3303,257,41
08/17/2020,51570,"Colonial Heights",Chesterfield,207,23,22
08/17/2020,51580,Covington,Alleghany,13,0,0
08/17/2020,51590,Danville,Pittsylvania-Danville,477,50,9
08/17/2020,51595,Emporia,Crater,192,28,15
08/17/2020,51600,"Fairfax City",Fairfax,103,11,7
08/17/2020,51610,"Falls Church",Fairfax,63,9,6
08/17/2020,51620,"Franklin City","Western Tidewater",212,8,6
08/17/2020,51630,Fredericksburg,Rappahannock,428,45,4
08/17/2020,51640,Galax,"Mount Rogers",354,38,27
08/17/2020,51650,Hampton,Hampton,1349,53,9
08/17/2020,51660,Harrisonburg,"Central Shenandoah",1106,82,31
08/17/2020,51670,Hopewell,Crater,297,27,5
08/17/2020,51678,Lexington,"Central Shenandoah",37,1,0
08/17/2020,51680,Lynchburg,"Central Virginia",735,25,5
08/17/2020,51683,"Manassas City","Prince William",1716,125,22
08/17/2020,51685,"Manassas Park","Prince William",538,50,7
08/17/2020,51690,Martinsville,"West Piedmont",241,38,3
08/17/2020,51700,"Newport News",Peninsula,1993,83,20
08/17/2020,51710,Norfolk,Norfolk,4002,234,34
08/17/2020,51720,Norton,Lenowisco,23,2,0
08/17/2020,51730,Petersburg,Crater,544,65,19
08/17/2020,51735,Poquoson,Peninsula,48,2,0
08/17/2020,51740,Portsmouth,Portsmouth,1995,137,25
08/17/2020,51750,Radford,"New River",68,3,0
08/17/2020,51760,"Richmond City",Richmond,3404,336,42
08/17/2020,51770,"Roanoke City",Roanoke,1082,31,15
08/17/2020,51775,Salem,Alleghany,170,7,3
08/17/2020,51790,Staunton,"Central Shenandoah",159,11,0
08/17/2020,51800,Suffolk,"Western Tidewater",1438,99,53
08/17/2020,51810,"Virginia Beach","Virginia Beach",5444,267,55
08/17/2020,51820,Waynesboro,"Central Shenandoah",195,10,3
08/17/2020,51830,Williamsburg,Peninsula,136,12,6
08/17/2020,51840,Winchester,"Lord Fairfax",421,32,4
08/18/2020,51001,Accomack,"Eastern Shore",1127,86,17
08/18/2020,51003,Albemarle,"Thomas Jefferson",916,59,16
08/18/2020,51005,Alleghany,Alleghany,59,8,4
08/18/2020,51007,Amelia,Piedmont,85,13,2
08/18/2020,51009,Amherst,"Central Virginia",223,9,1
08/18/2020,51011,Appomattox,"Central Virginia",109,7,0
08/18/2020,51013,Arlington,Arlington,3264,438,135
08/18/2020,51015,Augusta,"Central Shenandoah",315,17,4
08/18/2020,51017,Bath,"Central Shenandoah",4,0,0
08/18/2020,51019,Bedford,"Central Virginia",429,20,8
08/18/2020,51021,Bland,"Mount Rogers",38,1,0
08/18/2020,51023,Botetourt,Alleghany,222,18,7
08/18/2020,51025,Brunswick,Southside,250,25,2
08/18/2020,51027,Buchanan,"Cumberland Plateau",84,4,1
08/18/2020,51029,Buckingham,Piedmont,622,23,8
08/18/2020,51031,Campbell,"Central Virginia",260,8,3
08/18/2020,51033,Caroline,Rappahannock,230,23,5
08/18/2020,51035,Carroll,"Mount Rogers",349,31,15
08/18/2020,51036,"Charles City",Chickahominy,56,17,5
08/18/2020,51037,Charlotte,Piedmont,59,4,0
08/18/2020,51041,Chesterfield,Chesterfield,4684,237,81
08/18/2020,51043,Clarke,"Lord Fairfax",74,8,0
08/18/2020,51045,Craig,Alleghany,20,1,0
08/18/2020,51047,Culpeper,"Rappahannock Rapidan",1045,78,12
08/18/2020,51049,Cumberland,Piedmont,85,8,0
08/18/2020,51051,Dickenson,"Cumberland Plateau",54,5,1
08/18/2020,51053,Dinwiddie,Crater,243,32,7
08/18/2020,51057,Essex,"Three Rivers",108,8,1
08/18/2020,51059,Fairfax,Fairfax,17154,1975,537
08/18/2020,51061,Fauquier,"Rappahannock Rapidan",647,35,9
08/18/2020,51063,Floyd,"New River",115,4,2
08/18/2020,51065,Fluvanna,"Thomas Jefferson",204,33,9
08/18/2020,51067,"Franklin County","West Piedmont",192,8,1
08/18/2020,51069,Frederick,"Lord Fairfax",709,54,10
08/18/2020,51071,Giles,"New River",33,2,0
08/18/2020,51073,Gloucester,"Three Rivers",178,13,2
08/18/2020,51075,Goochland,Chickahominy,174,25,7
08/18/2020,51077,Grayson,"Mount Rogers",166,14,5
08/18/2020,51079,Greene,"Thomas Jefferson",182,9,2
08/18/2020,51081,Greensville,Crater,573,30,11
08/18/2020,51083,Halifax,Southside,170,6,2
08/18/2020,51085,Hanover,Chickahominy,716,82,33
08/18/2020,51087,Henrico,Henrico,4189,357,187
08/18/2020,51089,Henry,"West Piedmont",692,74,9
08/18/2020,51091,Highland,"Central Shenandoah",6,0,0
08/18/2020,51093,"Isle of Wight","Western Tidewater",443,22,10
08/18/2020,51095,"James City",Peninsula,653,59,17
08/18/2020,51097,"King and Queen","Three Rivers",43,5,1
08/18/2020,51099,"King George",Rappahannock,170,20,4
08/18/2020,51101,"King William","Three Rivers",105,8,2
08/18/2020,51103,Lancaster,"Three Rivers",49,2,0
08/18/2020,51105,Lee,Lenowisco,152,11,2
08/18/2020,51107,Loudoun,Loudoun,5552,361,115
08/18/2020,51109,Louisa,"Thomas Jefferson",215,25,2
08/18/2020,51111,Lunenburg,Piedmont,71,6,1
08/18/2020,51113,Madison,"Rappahannock Rapidan",76,5,1
08/18/2020,51115,Mathews,"Three Rivers",23,2,0
08/18/2020,51117,Mecklenburg,Southside,465,38,33
08/18/2020,51119,Middlesex,"Three Rivers",54,6,1
08/18/2020,51121,Montgomery,"New River",337,15,3
08/18/2020,51125,Nelson,"Thomas Jefferson",75,3,0
08/18/2020,51127,"New Kent",Chickahominy,134,11,1
08/18/2020,51131,Northampton,"Eastern Shore",300,49,29
08/18/2020,51133,Northumberland,"Three Rivers",81,5,3
08/18/2020,51135,Nottoway,Piedmont,183,43,14
08/18/2020,51137,Orange,"Rappahannock Rapidan",239,18,3
08/18/2020,51139,Page,"Lord Fairfax",354,39,25
08/18/2020,51141,Patrick,"West Piedmont",183,38,5
08/18/2020,51143,Pittsylvania,Pittsylvania-Danville,581,32,2
08/18/2020,51145,Powhatan,Chesterfield,167,10,4
08/18/2020,51147,"Prince Edward",Piedmont,451,28,10
08/18/2020,51149,"Prince George",Crater,462,20,2
08/18/2020,51153,"Prince William","Prince William",9989,820,179
08/18/2020,51155,Pulaski,"New River",95,9,3
08/18/2020,51157,Rappahannock,"Rappahannock Rapidan",46,4,2
08/18/2020,51159,"Richmond County","Three Rivers",324,14,4
08/18/2020,51161,"Roanoke County",Alleghany,527,19,4
08/18/2020,51163,Rockbridge,"Central Shenandoah",78,3,1
08/18/2020,51165,Rockingham,"Central Shenandoah",980,100,20
08/18/2020,51167,Russell,"Cumberland Plateau",160,16,3
08/18/2020,51169,Scott,Lenowisco,127,12,3
08/18/2020,51171,Shenandoah,"Lord Fairfax",747,79,47
08/18/2020,51173,Smyth,"Mount Rogers",182,18,3
08/18/2020,51175,Southampton,"Western Tidewater",310,14,13
08/18/2020,51177,Spotsylvania,Rappahannock,1642,104,36
08/18/2020,51179,Stafford,Rappahannock,1534,126,10
08/18/2020,51181,Surry,Crater,52,5,2
08/18/2020,51183,Sussex,Crater,318,24,9
08/18/2020,51185,Tazewell,"Cumberland Plateau",138,10,0
08/18/2020,51187,Warren,"Lord Fairfax",374,22,6
08/18/2020,51191,Washington,"Mount Rogers",290,25,7
08/18/2020,51193,Westmoreland,"Three Rivers",219,19,3
08/18/2020,51195,Wise,Lenowisco,256,25,5
08/18/2020,51197,Wythe,"Mount Rogers",130,14,3
08/18/2020,51199,York,Peninsula,410,14,4
08/18/2020,51510,Alexandria,Alexandria,3146,287,61
08/18/2020,51520,Bristol,"Mount Rogers",100,8,1
08/18/2020,51530,"Buena Vista City","Central Shenandoah",67,4,1
08/18/2020,51540,Charlottesville,"Thomas Jefferson",561,26,15
08/18/2020,51550,Chesapeake,Chesapeake,3319,268,41
08/18/2020,51570,"Colonial Heights",Chesterfield,209,23,22
08/18/2020,51580,Covington,Alleghany,15,0,0
08/18/2020,51590,Danville,Pittsylvania-Danville,487,50,9
08/18/2020,51595,Emporia,Crater,192,28,15
08/18/2020,51600,"Fairfax City",Fairfax,102,11,7
08/18/2020,51610,"Falls Church",Fairfax,63,9,6
08/18/2020,51620,"Franklin City","Western Tidewater",219,8,6
08/18/2020,51630,Fredericksburg,Rappahannock,428,44,3
08/18/2020,51640,Galax,"Mount Rogers",356,38,27
08/18/2020,51650,Hampton,Hampton,1362,53,9
08/18/2020,51660,Harrisonburg,"Central Shenandoah",1109,83,31
08/18/2020,51670,Hopewell,Crater,298,28,5
08/18/2020,51678,Lexington,"Central Shenandoah",37,1,0
08/18/2020,51680,Lynchburg,"Central Virginia",753,25,5
08/18/2020,51683,"Manassas City","Prince William",1723,125,22
08/18/2020,51685,"Manassas Park","Prince William",540,50,7
08/18/2020,51690,Martinsville,"West Piedmont",256,40,3
08/18/2020,51700,"Newport News",Peninsula,2016,83,20
08/18/2020,51710,Norfolk,Norfolk,4032,237,34
08/18/2020,51720,Norton,Lenowisco,22,2,0
08/18/2020,51730,Petersburg,Crater,546,66,19
08/18/2020,51735,Poquoson,Peninsula,49,2,0
08/18/2020,51740,Portsmouth,Portsmouth,2022,139,25
08/18/2020,51750,Radford,"New River",69,3,0
08/18/2020,51760,"Richmond City",Richmond,3425,342,42
08/18/2020,51770,"Roanoke City",Roanoke,1084,32,15
08/18/2020,51775,Salem,Alleghany,172,8,3
08/18/2020,51790,Staunton,"Central Shenandoah",161,11,0
08/18/2020,51800,Suffolk,"Western Tidewater",1458,107,55
08/18/2020,51810,"Virginia Beach","Virginia Beach",5470,268,56
08/18/2020,51820,Waynesboro,"Central Shenandoah",195,10,3
08/18/2020,51830,Williamsburg,Peninsula,137,12,6
08/18/2020,51840,Winchester,"Lord Fairfax",422,32,4
08/19/2020,51001,Accomack,"Eastern Shore",1129,86,18
08/19/2020,51003,Albemarle,"Thomas Jefferson",921,60,16
08/19/2020,51005,Alleghany,Alleghany,59,7,4
08/19/2020,51007,Amelia,Piedmont,85,13,2
08/19/2020,51009,Amherst,"Central Virginia",228,9,1
08/19/2020,51011,Appomattox,"Central Virginia",113,7,0
08/19/2020,51013,Arlington,Arlington,3293,442,135
08/19/2020,51015,Augusta,"Central Shenandoah",323,17,4
08/19/2020,51017,Bath,"Central Shenandoah",4,0,0
08/19/2020,51019,Bedford,"Central Virginia",436,21,8
08/19/2020,51021,Bland,"Mount Rogers",38,1,0
08/19/2020,51023,Botetourt,Alleghany,220,18,7
08/19/2020,51025,Brunswick,Southside,254,25,2
08/19/2020,51027,Buchanan,"Cumberland Plateau",87,6,1
08/19/2020,51029,Buckingham,Piedmont,622,23,8
08/19/2020,51031,Campbell,"Central Virginia",264,8,3
08/19/2020,51033,Caroline,Rappahannock,231,23,5
08/19/2020,51035,Carroll,"Mount Rogers",354,31,15
08/19/2020,51036,"Charles City",Chickahominy,57,17,5
08/19/2020,51037,Charlotte,Piedmont,59,4,0
08/19/2020,51041,Chesterfield,Chesterfield,4720,240,76
08/19/2020,51043,Clarke,"Lord Fairfax",75,8,0
08/19/2020,51045,Craig,Alleghany,20,1,0
08/19/2020,51047,Culpeper,"Rappahannock Rapidan",1050,79,13
08/19/2020,51049,Cumberland,Piedmont,85,8,0
08/19/2020,51051,Dickenson,"Cumberland Plateau",54,5,1
08/19/2020,51053,Dinwiddie,Crater,246,32,7
08/19/2020,51057,Essex,"Three Rivers",109,9,2
08/19/2020,51059,Fairfax,Fairfax,17230,1987,538
08/19/2020,51061,Fauquier,"Rappahannock Rapidan",653,35,9
08/19/2020,51063,Floyd,"New River",117,4,2
08/19/2020,51065,Fluvanna,"Thomas Jefferson",204,33,9
08/19/2020,51067,"Franklin County","West Piedmont",194,8,1
08/19/2020,51069,Frederick,"Lord Fairfax",715,55,10
08/19/2020,51071,Giles,"New River",34,2,0
08/19/2020,51073,Gloucester,"Three Rivers",179,13,2
08/19/2020,51075,Goochland,Chickahominy,175,25,7
08/19/2020,51077,Grayson,"Mount Rogers",166,14,5
08/19/2020,51079,Greene,"Thomas Jefferson",182,9,2
08/19/2020,51081,Greensville,Crater,577,30,11
08/19/2020,51083,Halifax,Southside,170,6,2
08/19/2020,51085,Hanover,Chickahominy,722,82,33
08/19/2020,51087,Henrico,Henrico,4202,358,187
08/19/2020,51089,Henry,"West Piedmont",699,75,13
08/19/2020,51091,Highland,"Central Shenandoah",6,0,0
08/19/2020,51093,"Isle of Wight","Western Tidewater",450,22,10
08/19/2020,51095,"James City",Peninsula,652,59,17
08/19/2020,51097,"King and Queen","Three Rivers",44,5,1
08/19/2020,51099,"King George",Rappahannock,171,20,4
08/19/2020,51101,"King William","Three Rivers",105,8,2
08/19/2020,51103,Lancaster,"Three Rivers",49,3,0
08/19/2020,51105,Lee,Lenowisco,153,11,2
08/19/2020,51107,Loudoun,Loudoun,5580,361,115
08/19/2020,51109,Louisa,"Thomas Jefferson",219,25,2
08/19/2020,51111,Lunenburg,Piedmont,71,6,1
08/19/2020,51113,Madison,"Rappahannock Rapidan",78,5,1
08/19/2020,51115,Mathews,"Three Rivers",23,2,0
08/19/2020,51117,Mecklenburg,Southside,465,38,33
08/19/2020,51119,Middlesex,"Three Rivers",54,6,1
08/19/2020,51121,Montgomery,"New River",337,16,3
08/19/2020,51125,Nelson,"Thomas Jefferson",75,3,0
08/19/2020,51127,"New Kent",Chickahominy,136,11,1
08/19/2020,51131,Northampton,"Eastern Shore",300,49,29
08/19/2020,51133,Northumberland,"Three Rivers",81,5,3
08/19/2020,51135,Nottoway,Piedmont,183,43,14
08/19/2020,51137,Orange,"Rappahannock Rapidan",243,18,3
08/19/2020,51139,Page,"Lord Fairfax",353,39,25
08/19/2020,51141,Patrick,"West Piedmont",186,40,8
08/19/2020,51143,Pittsylvania,Pittsylvania-Danville,588,32,2
08/19/2020,51145,Powhatan,Chesterfield,168,10,4
08/19/2020,51147,"Prince Edward",Piedmont,447,28,10
08/19/2020,51149,"Prince George",Crater,473,20,2
08/19/2020,51153,"Prince William","Prince William",10034,824,179
08/19/2020,51155,Pulaski,"New River",96,9,3
08/19/2020,51157,Rappahannock,"Rappahannock Rapidan",46,4,2
08/19/2020,51159,"Richmond County","Three Rivers",323,14,4
08/19/2020,51161,"Roanoke County",Alleghany,526,19,4
08/19/2020,51163,Rockbridge,"Central Shenandoah",80,3,1
08/19/2020,51165,Rockingham,"Central Shenandoah",982,100,20
08/19/2020,51167,Russell,"Cumberland Plateau",161,16,4
08/19/2020,51169,Scott,Lenowisco,128,13,3
08/19/2020,51171,Shenandoah,"Lord Fairfax",748,79,47
08/19/2020,51173,Smyth,"Mount Rogers",185,18,3
08/19/2020,51175,Southampton,"Western Tidewater",311,14,13
08/19/2020,51177,Spotsylvania,Rappahannock,1649,104,35
08/19/2020,51179,Stafford,Rappahannock,1543,127,10
08/19/2020,51181,Surry,Crater,52,5,2
08/19/2020,51183,Sussex,Crater,318,25,9
08/19/2020,51185,Tazewell,"Cumberland Plateau",140,10,0
08/19/2020,51187,Warren,"Lord Fairfax",375,22,6
08/19/2020,51191,Washington,"Mount Rogers",295,25,7
08/19/2020,51193,Westmoreland,"Three Rivers",220,19,3
08/19/2020,51195,Wise,Lenowisco,262,25,5
08/19/2020,51197,Wythe,"Mount Rogers",131,15,3
08/19/2020,51199,York,Peninsula,412,14,4
08/19/2020,51510,Alexandria,Alexandria,3165,287,61
08/19/2020,51520,Bristol,"Mount Rogers",103,8,2
08/19/2020,51530,"Buena Vista City","Central Shenandoah",67,4,1
08/19/2020,51540,Charlottesville,"Thomas Jefferson",566,26,14
08/19/2020,51550,Chesapeake,Chesapeake,3358,269,41
08/19/2020,51570,"Colonial Heights",Chesterfield,210,23,22
08/19/2020,51580,Covington,Alleghany,15,0,0
08/19/2020,51590,Danville,Pittsylvania-Danville,496,50,9
08/19/2020,51595,Emporia,Crater,203,28,15
08/19/2020,51600,"Fairfax City",Fairfax,103,11,7
08/19/2020,51610,"Falls Church",Fairfax,63,9,6
08/19/2020,51620,"Franklin City","Western Tidewater",220,8,6
08/19/2020,51630,Fredericksburg,Rappahannock,431,45,4
08/19/2020,51640,Galax,"Mount Rogers",388,39,26
08/19/2020,51650,Hampton,Hampton,1377,53,9
08/19/2020,51660,Harrisonburg,"Central Shenandoah",1115,83,31
08/19/2020,51670,Hopewell,Crater,301,28,4
08/19/2020,51678,Lexington,"Central Shenandoah",37,1,0
08/19/2020,51680,Lynchburg,"Central Virginia",762,25,5
08/19/2020,51683,"Manassas City","Prince William",1729,125,23
08/19/2020,51685,"Manassas Park","Prince William",542,51,7
08/19/2020,51690,Martinsville,"West Piedmont",260,43,3
08/19/2020,51700,"Newport News",Peninsula,2034,83,20
08/19/2020,51710,Norfolk,Norfolk,4062,241,37
08/19/2020,51720,Norton,Lenowisco,22,2,0
08/19/2020,51730,Petersburg,Crater,552,66,19
08/19/2020,51735,Poquoson,Peninsula,49,2,0
08/19/2020,51740,Portsmouth,Portsmouth,2024,141,25
08/19/2020,51750,Radford,"New River",72,3,0
08/19/2020,51760,"Richmond City",Richmond,3455,348,43
08/19/2020,51770,"Roanoke City",Roanoke,1085,36,15
08/19/2020,51775,Salem,Alleghany,173,8,3
08/19/2020,51790,Staunton,"Central Shenandoah",161,11,0
08/19/2020,51800,Suffolk,"Western Tidewater",1476,107,55
08/19/2020,51810,"Virginia Beach","Virginia Beach",5522,282,60
08/19/2020,51820,Waynesboro,"Central Shenandoah",196,10,3
08/19/2020,51830,Williamsburg,Peninsula,139,12,6
08/19/2020,51840,Winchester,"Lord Fairfax",424,32,4
08/20/2020,51001,Accomack,"Eastern Shore",1131,86,18
08/20/2020,51003,Albemarle,"Thomas Jefferson",930,60,16
08/20/2020,51005,Alleghany,Alleghany,59,7,4
08/20/2020,51007,Amelia,Piedmont,89,13,2
08/20/2020,51009,Amherst,"Central Virginia",237,9,1
08/20/2020,51011,Appomattox,"Central Virginia",121,7,0
08/20/2020,51013,Arlington,Arlington,3310,447,137
08/20/2020,51015,Augusta,"Central Shenandoah",327,17,4
08/20/2020,51017,Bath,"Central Shenandoah",4,0,0
08/20/2020,51019,Bedford,"Central Virginia",447,21,8
08/20/2020,51021,Bland,"Mount Rogers",38,1,0
08/20/2020,51023,Botetourt,Alleghany,221,19,7
08/20/2020,51025,Brunswick,Southside,259,25,2
08/20/2020,51027,Buchanan,"Cumberland Plateau",88,6,1
08/20/2020,51029,Buckingham,Piedmont,629,23,8
08/20/2020,51031,Campbell,"Central Virginia",270,8,3
08/20/2020,51033,Caroline,Rappahannock,235,23,5
08/20/2020,51035,Carroll,"Mount Rogers",358,31,16
08/20/2020,51036,"Charles City",Chickahominy,58,17,5
08/20/2020,51037,Charlotte,Piedmont,59,4,0
08/20/2020,51041,Chesterfield,Chesterfield,4747,241,76
08/20/2020,51043,Clarke,"Lord Fairfax",75,8,0
08/20/2020,51045,Craig,Alleghany,20,1,0
08/20/2020,51047,Culpeper,"Rappahannock Rapidan",1055,80,13
08/20/2020,51049,Cumberland,Piedmont,86,8,0
08/20/2020,51051,Dickenson,"Cumberland Plateau",55,5,1
08/20/2020,51053,Dinwiddie,Crater,250,32,7
08/20/2020,51057,Essex,"Three Rivers",109,9,2
08/20/2020,51059,Fairfax,Fairfax,17330,2002,539
08/20/2020,51061,Fauquier,"Rappahannock Rapidan",658,35,9
08/20/2020,51063,Floyd,"New River",118,5,2
08/20/2020,51065,Fluvanna,"Thomas Jefferson",204,34,9
08/20/2020,51067,"Franklin County","West Piedmont",197,8,1
08/20/2020,51069,Frederick,"Lord Fairfax",719,55,10
08/20/2020,51071,Giles,"New River",34,2,0
08/20/2020,51073,Gloucester,"Three Rivers",181,13,2
08/20/2020,51075,Goochland,Chickahominy,175,25,7
08/20/2020,51077,Grayson,"Mount Rogers",166,14,5
08/20/2020,51079,Greene,"Thomas Jefferson",185,9,2
08/20/2020,51081,Greensville,Crater,578,30,11
08/20/2020,51083,Halifax,Southside,176,6,2
08/20/2020,51085,Hanover,Chickahominy,729,82,33
08/20/2020,51087,Henrico,Henrico,4224,359,188
08/20/2020,51089,Henry,"West Piedmont",717,77,13
08/20/2020,51091,Highland,"Central Shenandoah",6,0,0
08/20/2020,51093,"Isle of Wight","Western Tidewater",452,22,10
08/20/2020,51095,"James City",Peninsula,662,59,17
08/20/2020,51097,"King and Queen","Three Rivers",44,5,1
08/20/2020,51099,"King George",Rappahannock,177,20,4
08/20/2020,51101,"King William","Three Rivers",104,8,2
08/20/2020,51103,Lancaster,"Three Rivers",52,3,0
08/20/2020,51105,Lee,Lenowisco,153,11,2
08/20/2020,51107,Loudoun,Loudoun,5614,363,115
08/20/2020,51109,Louisa,"Thomas Jefferson",223,25,2
08/20/2020,51111,Lunenburg,Piedmont,74,6,1
08/20/2020,51113,Madison,"Rappahannock Rapidan",78,5,1
08/20/2020,51115,Mathews,"Three Rivers",23,2,0
08/20/2020,51117,Mecklenburg,Southside,470,38,33
08/20/2020,51119,Middlesex,"Three Rivers",54,6,1
08/20/2020,51121,Montgomery,"New River",341,16,3
08/20/2020,51125,Nelson,"Thomas Jefferson",76,3,0
08/20/2020,51127,"New Kent",Chickahominy,137,11,1
08/20/2020,51131,Northampton,"Eastern Shore",301,49,29
08/20/2020,51133,Northumberland,"Three Rivers",81,5,3
08/20/2020,51135,Nottoway,Piedmont,183,43,14
08/20/2020,51137,Orange,"Rappahannock Rapidan",243,18,3
08/20/2020,51139,Page,"Lord Fairfax",357,39,25
08/20/2020,51141,Patrick,"West Piedmont",190,41,9
08/20/2020,51143,Pittsylvania,Pittsylvania-Danville,603,33,2
08/20/2020,51145,Powhatan,Chesterfield,172,10,4
08/20/2020,51147,"Prince Edward",Piedmont,447,28,11
08/20/2020,51149,"Prince George",Crater,475,20,2
08/20/2020,51153,"Prince William","Prince William",10100,825,180
08/20/2020,51155,Pulaski,"New River",99,10,3
08/20/2020,51157,Rappahannock,"Rappahannock Rapidan",47,4,2
08/20/2020,51159,"Richmond County","Three Rivers",325,14,4
08/20/2020,51161,"Roanoke County",Alleghany,530,19,4
08/20/2020,51163,Rockbridge,"Central Shenandoah",80,3,1
08/20/2020,51165,Rockingham,"Central Shenandoah",987,101,20
08/20/2020,51167,Russell,"Cumberland Plateau",166,16,4
08/20/2020,51169,Scott,Lenowisco,133,13,3
08/20/2020,51171,Shenandoah,"Lord Fairfax",749,79,47
08/20/2020,51173,Smyth,"Mount Rogers",192,18,3
08/20/2020,51175,Southampton,"Western Tidewater",311,14,13
08/20/2020,51177,Spotsylvania,Rappahannock,1662,105,35
08/20/2020,51179,Stafford,Rappahannock,1556,129,10
08/20/2020,51181,Surry,Crater,53,5,2
08/20/2020,51183,Sussex,Crater,319,26,9
08/20/2020,51185,Tazewell,"Cumberland Plateau",145,10,0
08/20/2020,51187,Warren,"Lord Fairfax",380,22,6
08/20/2020,51191,Washington,"Mount Rogers",297,25,7
08/20/2020,51193,Westmoreland,"Three Rivers",219,19,3
08/20/2020,51195,Wise,Lenowisco,269,26,5
08/20/2020,51197,Wythe,"Mount Rogers",131,15,3
08/20/2020,51199,York,Peninsula,413,14,4
08/20/2020,51510,Alexandria,Alexandria,3186,287,61
08/20/2020,51520,Bristol,"Mount Rogers",103,8,2
08/20/2020,51530,"Buena Vista City","Central Shenandoah",68,4,1
08/20/2020,51540,Charlottesville,"Thomas Jefferson",570,26,14
08/20/2020,51550,Chesapeake,Chesapeake,3384,274,41
08/20/2020,51570,"Colonial Heights",Chesterfield,212,23,22
08/20/2020,51580,Covington,Alleghany,15,0,0
08/20/2020,51590,Danville,Pittsylvania-Danville,506,52,9
08/20/2020,51595,Emporia,Crater,204,28,15
08/20/2020,51600,"Fairfax City",Fairfax,105,13,7
08/20/2020,51610,"Falls Church",Fairfax,64,10,7
08/20/2020,51620,"Franklin City","Western Tidewater",222,8,6
08/20/2020,51630,Fredericksburg,Rappahannock,439,45,4
08/20/2020,51640,Galax,"Mount Rogers",388,39,26
08/20/2020,51650,Hampton,Hampton,1388,53,9
08/20/2020,51660,Harrisonburg,"Central Shenandoah",1115,83,31
08/20/2020,51670,Hopewell,Crater,302,28,4
08/20/2020,51678,Lexington,"Central Shenandoah",38,1,0
08/20/2020,51680,Lynchburg,"Central Virginia",789,25,5
08/20/2020,51683,"Manassas City","Prince William",1734,125,23
08/20/2020,51685,"Manassas Park","Prince William",546,52,7
08/20/2020,51690,Martinsville,"West Piedmont",265,43,3
08/20/2020,51700,"Newport News",Peninsula,2048,83,20
08/20/2020,51710,Norfolk,Norfolk,4091,244,39
08/20/2020,51720,Norton,Lenowisco,22,2,0
08/20/2020,51730,Petersburg,Crater,564,66,19
08/20/2020,51735,Poquoson,Peninsula,50,2,0
08/20/2020,51740,Portsmouth,Portsmouth,2045,152,28
08/20/2020,51750,Radford,"New River",75,3,0
08/20/2020,51760,"Richmond City",Richmond,3480,350,43
08/20/2020,51770,"Roanoke City",Roanoke,1104,36,15
08/20/2020,51775,Salem,Alleghany,176,9,3
08/20/2020,51790,Staunton,"Central Shenandoah",162,11,0
08/20/2020,51800,Suffolk,"Western Tidewater",1483,110,57
08/20/2020,51810,"Virginia Beach","Virginia Beach",5562,284,61
08/20/2020,51820,Waynesboro,"Central Shenandoah",197,10,3
08/20/2020,51830,Williamsburg,Peninsula,140,12,6
08/20/2020,51840,Winchester,"Lord Fairfax",427,32,4
08/21/2020,51001,Accomack,"Eastern Shore",1133,86,18
08/21/2020,51003,Albemarle,"Thomas Jefferson",943,60,16
08/21/2020,51005,Alleghany,Alleghany,60,7,4
08/21/2020,51007,Amelia,Piedmont,91,13,2
08/21/2020,51009,Amherst,"Central Virginia",246,9,1
08/21/2020,51011,Appomattox,"Central Virginia",125,7,0
08/21/2020,51013,Arlington,Arlington,3334,448,137
08/21/2020,51015,Augusta,"Central Shenandoah",335,17,4
08/21/2020,51017,Bath,"Central Shenandoah",4,0,0
08/21/2020,51019,Bedford,"Central Virginia",453,21,8
08/21/2020,51021,Bland,"Mount Rogers",38,1,0
08/21/2020,51023,Botetourt,Alleghany,224,19,7
08/21/2020,51025,Brunswick,Southside,261,25,2
08/21/2020,51027,Buchanan,"Cumberland Plateau",93,6,1
08/21/2020,51029,Buckingham,Piedmont,631,23,8
08/21/2020,51031,Campbell,"Central Virginia",277,8,3
08/21/2020,51033,Caroline,Rappahannock,240,23,5
08/21/2020,51035,Carroll,"Mount Rogers",363,31,16
08/21/2020,51036,"Charles City",Chickahominy,60,17,5
08/21/2020,51037,Charlotte,Piedmont,59,4,0
08/21/2020,51041,Chesterfield,Chesterfield,4772,244,76
08/21/2020,51043,Clarke,"Lord Fairfax",75,8,0
08/21/2020,51045,Craig,Alleghany,20,1,0
08/21/2020,51047,Culpeper,"Rappahannock Rapidan",1060,81,13
08/21/2020,51049,Cumberland,Piedmont,89,8,0
08/21/2020,51051,Dickenson,"Cumberland Plateau",55,5,1
08/21/2020,51053,Dinwiddie,Crater,251,32,7
08/21/2020,51057,Essex,"Three Rivers",110,9,2
08/21/2020,51059,Fairfax,Fairfax,17419,2005,539
08/21/2020,51061,Fauquier,"Rappahannock Rapidan",667,35,9
08/21/2020,51063,Floyd,"New River",120,5,2
08/21/2020,51065,Fluvanna,"Thomas Jefferson",207,35,9
08/21/2020,51067,"Franklin County","West Piedmont",197,8,1
08/21/2020,51069,Frederick,"Lord Fairfax",724,55,10
08/21/2020,51071,Giles,"New River",34,2,0
08/21/2020,51073,Gloucester,"Three Rivers",184,13,2
08/21/2020,51075,Goochland,Chickahominy,177,25,7
08/21/2020,51077,Grayson,"Mount Rogers",168,14,5
08/21/2020,51079,Greene,"Thomas Jefferson",188,9,2
08/21/2020,51081,Greensville,Crater,579,30,11
08/21/2020,51083,Halifax,Southside,178,6,2
08/21/2020,51085,Hanover,Chickahominy,732,82,33
08/21/2020,51087,Henrico,Henrico,4259,360,188
08/21/2020,51089,Henry,"West Piedmont",723,78,14
08/21/2020,51091,Highland,"Central Shenandoah",6,0,0
08/21/2020,51093,"Isle of Wight","Western Tidewater",463,22,10
08/21/2020,51095,"James City",Peninsula,667,60,17
08/21/2020,51097,"King and Queen","Three Rivers",45,5,1
08/21/2020,51099,"King George",Rappahannock,180,21,4
08/21/2020,51101,"King William","Three Rivers",106,8,2
08/21/2020,51103,Lancaster,"Three Rivers",54,3,0
08/21/2020,51105,Lee,Lenowisco,153,11,2
08/21/2020,51107,Loudoun,Loudoun,5647,364,115
08/21/2020,51109,Louisa,"Thomas Jefferson",225,25,2
08/21/2020,51111,Lunenburg,Piedmont,78,6,1
08/21/2020,51113,Madison,"Rappahannock Rapidan",83,5,1
08/21/2020,51115,Mathews,"Three Rivers",23,2,0
08/21/2020,51117,Mecklenburg,Southside,476,38,33
08/21/2020,51119,Middlesex,"Three Rivers",54,6,1
08/21/2020,51121,Montgomery,"New River",353,16,3
08/21/2020,51125,Nelson,"Thomas Jefferson",79,3,0
08/21/2020,51127,"New Kent",Chickahominy,138,11,1
08/21/2020,51131,Northampton,"Eastern Shore",303,49,29
08/21/2020,51133,Northumberland,"Three Rivers",81,5,3
08/21/2020,51135,Nottoway,Piedmont,184,43,14
08/21/2020,51137,Orange,"Rappahannock Rapidan",243,18,3
08/21/2020,51139,Page,"Lord Fairfax",357,39,25
08/21/2020,51141,Patrick,"West Piedmont",193,42,9
08/21/2020,51143,Pittsylvania,Pittsylvania-Danville,611,34,4
08/21/2020,51145,Powhatan,Chesterfield,175,11,4
08/21/2020,51147,"Prince Edward",Piedmont,451,28,11
08/21/2020,51149,"Prince George",Crater,481,20,2
08/21/2020,51153,"Prince William","Prince William",10187,831,180
08/21/2020,51155,Pulaski,"New River",102,10,3
08/21/2020,51157,Rappahannock,"Rappahannock Rapidan",48,5,2
08/21/2020,51159,"Richmond County","Three Rivers",326,14,4
08/21/2020,51161,"Roanoke County",Alleghany,542,20,4
08/21/2020,51163,Rockbridge,"Central Shenandoah",78,3,1
08/21/2020,51165,Rockingham,"Central Shenandoah",990,101,20
08/21/2020,51167,Russell,"Cumberland Plateau",166,16,4
08/21/2020,51169,Scott,Lenowisco,136,14,3
08/21/2020,51171,Shenandoah,"Lord Fairfax",750,79,47
08/21/2020,51173,Smyth,"Mount Rogers",203,18,3
08/21/2020,51175,Southampton,"Western Tidewater",320,15,13
08/21/2020,51177,Spotsylvania,Rappahannock,1673,106,35
08/21/2020,51179,Stafford,Rappahannock,1570,130,10
08/21/2020,51181,Surry,Crater,56,5,2
08/21/2020,51183,Sussex,Crater,319,26,9
08/21/2020,51185,Tazewell,"Cumberland Plateau",148,10,0
08/21/2020,51187,Warren,"Lord Fairfax",378,22,6
08/21/2020,51191,Washington,"Mount Rogers",301,25,7
08/21/2020,51193,Westmoreland,"Three Rivers",219,19,3
08/21/2020,51195,Wise,Lenowisco,276,27,5
08/21/2020,51197,Wythe,"Mount Rogers",133,15,3
08/21/2020,51199,York,Peninsula,419,14,4
08/21/2020,51510,Alexandria,Alexandria,3203,288,61
08/21/2020,51520,Bristol,"Mount Rogers",103,8,2
08/21/2020,51530,"Buena Vista City","Central Shenandoah",70,4,1
08/21/2020,51540,Charlottesville,"Thomas Jefferson",575,26,14
08/21/2020,51550,Chesapeake,Chesapeake,3412,277,41
08/21/2020,51570,"Colonial Heights",Chesterfield,212,23,22
08/21/2020,51580,Covington,Alleghany,16,0,0
08/21/2020,51590,Danville,Pittsylvania-Danville,522,55,12
08/21/2020,51595,Emporia,Crater,204,28,15
08/21/2020,51600,"Fairfax City",Fairfax,106,13,7
08/21/2020,51610,"Falls Church",Fairfax,64,10,7
08/21/2020,51620,"Franklin City","Western Tidewater",240,8,6
08/21/2020,51630,Fredericksburg,Rappahannock,440,47,4
08/21/2020,51640,Galax,"Mount Rogers",388,39,26
08/21/2020,51650,Hampton,Hampton,1417,53,10
08/21/2020,51660,Harrisonburg,"Central Shenandoah",1119,83,31
08/21/2020,51670,Hopewell,Crater,309,30,4
08/21/2020,51678,Lexington,"Central Shenandoah",39,1,0
08/21/2020,51680,Lynchburg,"Central Virginia",803,25,5
08/21/2020,51683,"Manassas City","Prince William",1740,125,23
08/21/2020,51685,"Manassas Park","Prince William",549,52,7
08/21/2020,51690,Martinsville,"West Piedmont",271,44,3
08/21/2020,51700,"Newport News",Peninsula,2072,83,20
08/21/2020,51710,Norfolk,Norfolk,4119,251,39
08/21/2020,51720,Norton,Lenowisco,22,2,0
08/21/2020,51730,Petersburg,Crater,575,66,19
08/21/2020,51735,Poquoson,Peninsula,53,2,0
08/21/2020,51740,Portsmouth,Portsmouth,2057,156,30
08/21/2020,51750,Radford,"New River",91,3,0
08/21/2020,51760,"Richmond City",Richmond,3502,352,43
08/21/2020,51770,"Roanoke City",Roanoke,1122,38,15
08/21/2020,51775,Salem,Alleghany,183,9,3
08/21/2020,51790,Staunton,"Central Shenandoah",162,11,0
08/21/2020,51800,Suffolk,"Western Tidewater",1503,112,57
08/21/2020,51810,"Virginia Beach","Virginia Beach",5623,298,61
08/21/2020,51820,Waynesboro,"Central Shenandoah",198,10,3
08/21/2020,51830,Williamsburg,Peninsula,141,12,6
08/21/2020,51840,Winchester,"Lord Fairfax",428,32,4
08/22/2020,51001,Accomack,"Eastern Shore",1135,87,18
08/22/2020,51003,Albemarle,"Thomas Jefferson",955,64,16
08/22/2020,51005,Alleghany,Alleghany,61,7,4
08/22/2020,51007,Amelia,Piedmont,92,13,2
08/22/2020,51009,Amherst,"Central Virginia",253,9,1
08/22/2020,51011,Appomattox,"Central Virginia",130,8,1
08/22/2020,51013,Arlington,Arlington,3357,449,137
08/22/2020,51015,Augusta,"Central Shenandoah",341,17,4
08/22/2020,51017,Bath,"Central Shenandoah",4,0,0
08/22/2020,51019,Bedford,"Central Virginia",467,21,8
08/22/2020,51021,Bland,"Mount Rogers",38,1,0
08/22/2020,51023,Botetourt,Alleghany,226,19,7
08/22/2020,51025,Brunswick,Southside,263,25,2
08/22/2020,51027,Buchanan,"Cumberland Plateau",93,6,1
08/22/2020,51029,Buckingham,Piedmont,634,23,8
08/22/2020,51031,Campbell,"Central Virginia",289,8,3
08/22/2020,51033,Caroline,Rappahannock,243,23,5
08/22/2020,51035,Carroll,"Mount Rogers",372,31,16
08/22/2020,51036,"Charles City",Chickahominy,61,18,5
08/22/2020,51037,Charlotte,Piedmont,59,4,0
08/22/2020,51041,Chesterfield,Chesterfield,4815,250,76
08/22/2020,51043,Clarke,"Lord Fairfax",75,8,0
08/22/2020,51045,Craig,Alleghany,22,1,0
08/22/2020,51047,Culpeper,"Rappahannock Rapidan",1065,81,13
08/22/2020,51049,Cumberland,Piedmont,92,8,0
08/22/2020,51051,Dickenson,"Cumberland Plateau",55,5,1
08/22/2020,51053,Dinwiddie,Crater,260,33,7
08/22/2020,51057,Essex,"Three Rivers",112,9,2
08/22/2020,51059,Fairfax,Fairfax,17531,2006,539
08/22/2020,51061,Fauquier,"Rappahannock Rapidan",678,35,9
08/22/2020,51063,Floyd,"New River",121,6,2
08/22/2020,51065,Fluvanna,"Thomas Jefferson",208,35,9
08/22/2020,51067,"Franklin County","West Piedmont",198,8,1
08/22/2020,51069,Frederick,"Lord Fairfax",730,55,10
08/22/2020,51071,Giles,"New River",35,2,0
08/22/2020,51073,Gloucester,"Three Rivers",187,13,2
08/22/2020,51075,Goochland,Chickahominy,178,25,7
08/22/2020,51077,Grayson,"Mount Rogers",169,14,5
08/22/2020,51079,Greene,"Thomas Jefferson",189,9,2
08/22/2020,51081,Greensville,Crater,617,31,11
08/22/2020,51083,Halifax,Southside,184,6,2
08/22/2020,51085,Hanover,Chickahominy,736,82,33
08/22/2020,51087,Henrico,Henrico,4294,360,188
08/22/2020,51089,Henry,"West Piedmont",741,80,14
08/22/2020,51091,Highland,"Central Shenandoah",6,0,0
08/22/2020,51093,"Isle of Wight","Western Tidewater",473,22,10
08/22/2020,51095,"James City",Peninsula,694,60,17
08/22/2020,51097,"King and Queen","Three Rivers",46,6,1
08/22/2020,51099,"King George",Rappahannock,184,21,4
08/22/2020,51101,"King William","Three Rivers",106,8,2
08/22/2020,51103,Lancaster,"Three Rivers",56,3,0
08/22/2020,51105,Lee,Lenowisco,156,11,2
08/22/2020,51107,Loudoun,Loudoun,5684,365,115
08/22/2020,51109,Louisa,"Thomas Jefferson",230,25,2
08/22/2020,51111,Lunenburg,Piedmont,81,6,1
08/22/2020,51113,Madison,"Rappahannock Rapidan",84,5,1
08/22/2020,51115,Mathews,"Three Rivers",23,2,0
08/22/2020,51117,Mecklenburg,Southside,478,38,33
08/22/2020,51119,Middlesex,"Three Rivers",54,6,1
08/22/2020,51121,Montgomery,"New River",362,16,3
08/22/2020,51125,Nelson,"Thomas Jefferson",81,3,0
08/22/2020,51127,"New Kent",Chickahominy,139,11,1
08/22/2020,51131,Northampton,"Eastern Shore",303,49,29
08/22/2020,51133,Northumberland,"Three Rivers",82,6,3
08/22/2020,51135,Nottoway,Piedmont,184,43,14
08/22/2020,51137,Orange,"Rappahannock Rapidan",244,17,3
08/22/2020,51139,Page,"Lord Fairfax",357,39,25
08/22/2020,51141,Patrick,"West Piedmont",195,42,9
08/22/2020,51143,Pittsylvania,Pittsylvania-Danville,625,34,4
08/22/2020,51145,Powhatan,Chesterfield,178,11,4
08/22/2020,51147,"Prince Edward",Piedmont,466,28,11
08/22/2020,51149,"Prince George",Crater,485,20,2
08/22/2020,51153,"Prince William","Prince William",10278,833,182
08/22/2020,51155,Pulaski,"New River",104,10,3
08/22/2020,51157,Rappahannock,"Rappahannock Rapidan",48,5,2
08/22/2020,51159,"Richmond County","Three Rivers",323,14,4
08/22/2020,51161,"Roanoke County",Alleghany,551,21,4
08/22/2020,51163,Rockbridge,"Central Shenandoah",79,3,1
08/22/2020,51165,Rockingham,"Central Shenandoah",997,101,20
08/22/2020,51167,Russell,"Cumberland Plateau",167,16,4
08/22/2020,51169,Scott,Lenowisco,136,14,3
08/22/2020,51171,Shenandoah,"Lord Fairfax",756,79,47
08/22/2020,51173,Smyth,"Mount Rogers",213,19,3
08/22/2020,51175,Southampton,"Western Tidewater",326,15,13
08/22/2020,51177,Spotsylvania,Rappahannock,1691,107,36
08/22/2020,51179,Stafford,Rappahannock,1579,132,10
08/22/2020,51181,Surry,Crater,57,5,2
08/22/2020,51183,Sussex,Crater,322,26,9
08/22/2020,51185,Tazewell,"Cumberland Plateau",169,11,0
08/22/2020,51187,Warren,"Lord Fairfax",381,22,6
08/22/2020,51191,Washington,"Mount Rogers",306,27,7
08/22/2020,51193,Westmoreland,"Three Rivers",219,19,3
08/22/2020,51195,Wise,Lenowisco,279,27,5
08/22/2020,51197,Wythe,"Mount Rogers",137,16,3
08/22/2020,51199,York,Peninsula,423,14,4
08/22/2020,51510,Alexandria,Alexandria,3238,292,61
08/22/2020,51520,Bristol,"Mount Rogers",105,8,2
08/22/2020,51530,"Buena Vista City","Central Shenandoah",70,4,1
08/22/2020,51540,Charlottesville,"Thomas Jefferson",584,26,14
08/22/2020,51550,Chesapeake,Chesapeake,3462,287,42
08/22/2020,51570,"Colonial Heights",Chesterfield,213,23,22
08/22/2020,51580,Covington,Alleghany,19,0,0
08/22/2020,51590,Danville,Pittsylvania-Danville,535,56,12
08/22/2020,51595,Emporia,Crater,207,28,15
08/22/2020,51600,"Fairfax City",Fairfax,106,13,7
08/22/2020,51610,"Falls Church",Fairfax,64,10,7
08/22/2020,51620,"Franklin City","Western Tidewater",255,8,6
08/22/2020,51630,Fredericksburg,Rappahannock,447,47,4
08/22/2020,51640,Galax,"Mount Rogers",390,39,26
08/22/2020,51650,Hampton,Hampton,1437,53,10
08/22/2020,51660,Harrisonburg,"Central Shenandoah",1124,83,31
08/22/2020,51670,Hopewell,Crater,314,31,4
08/22/2020,51678,Lexington,"Central Shenandoah",41,1,0
08/22/2020,51680,Lynchburg,"Central Virginia",824,25,5
08/22/2020,51683,"Manassas City","Prince William",1747,125,23
08/22/2020,51685,"Manassas Park","Prince William",551,52,7
08/22/2020,51690,Martinsville,"West Piedmont",276,44,3
08/22/2020,51700,"Newport News",Peninsula,2111,85,20
08/22/2020,51710,Norfolk,Norfolk,4164,255,39
08/22/2020,51720,Norton,Lenowisco,22,2,0
08/22/2020,51730,Petersburg,Crater,576,66,19
08/22/2020,51735,Poquoson,Peninsula,53,2,0
08/22/2020,51740,Portsmouth,Portsmouth,2085,159,30
08/22/2020,51750,Radford,"New River",107,3,0
08/22/2020,51760,"Richmond City",Richmond,3548,352,43
08/22/2020,51770,"Roanoke City",Roanoke,1121,40,15
08/22/2020,51775,Salem,Alleghany,186,9,3
08/22/2020,51790,Staunton,"Central Shenandoah",164,11,0
08/22/2020,51800,Suffolk,"Western Tidewater",1521,112,57
08/22/2020,51810,"Virginia Beach","Virginia Beach",5668,306,63
08/22/2020,51820,Waynesboro,"Central Shenandoah",206,10,3
08/22/2020,51830,Williamsburg,Peninsula,141,12,6
08/22/2020,51840,Winchester,"Lord Fairfax",428,32,4
08/23/2020,51001,Accomack,"Eastern Shore",1135,88,18
08/23/2020,51003,Albemarle,"Thomas Jefferson",961,64,16
08/23/2020,51005,Alleghany,Alleghany,61,7,4
08/23/2020,51007,Amelia,Piedmont,92,13,2
08/23/2020,51009,Amherst,"Central Virginia",259,9,1
08/23/2020,51011,Appomattox,"Central Virginia",135,8,1
08/23/2020,51013,Arlington,Arlington,3383,449,137
08/23/2020,51015,Augusta,"Central Shenandoah",345,17,4
08/23/2020,51017,Bath,"Central Shenandoah",4,0,0
08/23/2020,51019,Bedford,"Central Virginia",485,21,8
08/23/2020,51021,Bland,"Mount Rogers",38,1,0
08/23/2020,51023,Botetourt,Alleghany,226,19,8
08/23/2020,51025,Brunswick,Southside,264,25,2
08/23/2020,51027,Buchanan,"Cumberland Plateau",93,6,1
08/23/2020,51029,Buckingham,Piedmont,634,23,8
08/23/2020,51031,Campbell,"Central Virginia",296,8,3
08/23/2020,51033,Caroline,Rappahannock,247,23,5
08/23/2020,51035,Carroll,"Mount Rogers",374,31,16
08/23/2020,51036,"Charles City",Chickahominy,65,18,5
08/23/2020,51037,Charlotte,Piedmont,59,4,0
08/23/2020,51041,Chesterfield,Chesterfield,4853,251,76
08/23/2020,51043,Clarke,"Lord Fairfax",76,8,0
08/23/2020,51045,Craig,Alleghany,22,1,0
08/23/2020,51047,Culpeper,"Rappahannock Rapidan",1070,81,13
08/23/2020,51049,Cumberland,Piedmont,92,8,0
08/23/2020,51051,Dickenson,"Cumberland Plateau",55,5,1
08/23/2020,51053,Dinwiddie,Crater,262,33,8
08/23/2020,51057,Essex,"Three Rivers",112,9,2
08/23/2020,51059,Fairfax,Fairfax,17647,2013,542
08/23/2020,51061,Fauquier,"Rappahannock Rapidan",717,35,9
08/23/2020,51063,Floyd,"New River",121,6,2
08/23/2020,51065,Fluvanna,"Thomas Jefferson",209,35,9
08/23/2020,51067,"Franklin County","West Piedmont",200,8,1
08/23/2020,51069,Frederick,"Lord Fairfax",738,55,10
08/23/2020,51071,Giles,"New River",35,2,0
08/23/2020,51073,Gloucester,"Three Rivers",186,13,2
08/23/2020,51075,Goochland,Chickahominy,179,25,7
08/23/2020,51077,Grayson,"Mount Rogers",172,14,5
08/23/2020,51079,Greene,"Thomas Jefferson",191,9,2
08/23/2020,51081,Greensville,Crater,657,31,11
08/23/2020,51083,Halifax,Southside,186,6,2
08/23/2020,51085,Hanover,Chickahominy,741,83,34
08/23/2020,51087,Henrico,Henrico,4319,361,189
08/23/2020,51089,Henry,"West Piedmont",747,80,14
08/23/2020,51091,Highland,"Central Shenandoah",6,0,0
08/23/2020,51093,"Isle of Wight","Western Tidewater",478,22,10
08/23/2020,51095,"James City",Peninsula,701,60,17
08/23/2020,51097,"King and Queen","Three Rivers",46,6,1
08/23/2020,51099,"King George",Rappahannock,186,21,4
08/23/2020,51101,"King William","Three Rivers",106,8,2
08/23/2020,51103,Lancaster,"Three Rivers",57,4,0
08/23/2020,51105,Lee,Lenowisco,158,11,2
08/23/2020,51107,Loudoun,Loudoun,5712,366,115
08/23/2020,51109,Louisa,"Thomas Jefferson",231,25,2
08/23/2020,51111,Lunenburg,Piedmont,81,6,1
08/23/2020,51113,Madison,"Rappahannock Rapidan",85,5,2
08/23/2020,51115,Mathews,"Three Rivers",23,2,0
08/23/2020,51117,Mecklenburg,Southside,481,38,33
08/23/2020,51119,Middlesex,"Three Rivers",54,6,1
08/23/2020,51121,Montgomery,"New River",374,16,3
08/23/2020,51125,Nelson,"Thomas Jefferson",81,3,0
08/23/2020,51127,"New Kent",Chickahominy,140,12,1
08/23/2020,51131,Northampton,"Eastern Shore",303,49,29
08/23/2020,51133,Northumberland,"Three Rivers",83,7,3
08/23/2020,51135,Nottoway,Piedmont,184,43,14
08/23/2020,51137,Orange,"Rappahannock Rapidan",244,17,3
08/23/2020,51139,Page,"Lord Fairfax",358,39,25
08/23/2020,51141,Patrick,"West Piedmont",200,42,10
08/23/2020,51143,Pittsylvania,Pittsylvania-Danville,641,34,4
08/23/2020,51145,Powhatan,Chesterfield,178,11,4
08/23/2020,51147,"Prince Edward",Piedmont,466,28,11
08/23/2020,51149,"Prince George",Crater,489,20,2
08/23/2020,51153,"Prince William","Prince William",10341,835,183
08/23/2020,51155,Pulaski,"New River",108,10,3
08/23/2020,51157,Rappahannock,"Rappahannock Rapidan",49,5,2
08/23/2020,51159,"Richmond County","Three Rivers",323,14,4
08/23/2020,51161,"Roanoke County",Alleghany,552,21,4
08/23/2020,51163,Rockbridge,"Central Shenandoah",80,3,1
08/23/2020,51165,Rockingham,"Central Shenandoah",999,101,20
08/23/2020,51167,Russell,"Cumberland Plateau",168,16,4
08/23/2020,51169,Scott,Lenowisco,140,14,3
08/23/2020,51171,Shenandoah,"Lord Fairfax",758,79,47
08/23/2020,51173,Smyth,"Mount Rogers",219,21,3
08/23/2020,51175,Southampton,"Western Tidewater",329,15,13
08/23/2020,51177,Spotsylvania,Rappahannock,1701,108,37
08/23/2020,51179,Stafford,Rappahannock,1589,134,10
08/23/2020,51181,Surry,Crater,58,5,2
08/23/2020,51183,Sussex,Crater,324,26,9
08/23/2020,51185,Tazewell,"Cumberland Plateau",171,11,0
08/23/2020,51187,Warren,"Lord Fairfax",386,22,6
08/23/2020,51191,Washington,"Mount Rogers",311,27,7
08/23/2020,51193,Westmoreland,"Three Rivers",220,19,3
08/23/2020,51195,Wise,Lenowisco,283,28,5
08/23/2020,51197,Wythe,"Mount Rogers",139,16,3
08/23/2020,51199,York,Peninsula,427,14,5
08/23/2020,51510,Alexandria,Alexandria,3257,292,61
08/23/2020,51520,Bristol,"Mount Rogers",105,8,2
08/23/2020,51530,"Buena Vista City","Central Shenandoah",70,4,1
08/23/2020,51540,Charlottesville,"Thomas Jefferson",588,26,16
08/23/2020,51550,Chesapeake,Chesapeake,3523,293,42
08/23/2020,51570,"Colonial Heights",Chesterfield,215,23,22
08/23/2020,51580,Covington,Alleghany,19,0,0
08/23/2020,51590,Danville,Pittsylvania-Danville,542,58,12
08/23/2020,51595,Emporia,Crater,212,29,15
08/23/2020,51600,"Fairfax City",Fairfax,106,13,7
08/23/2020,51610,"Falls Church",Fairfax,64,10,7
08/23/2020,51620,"Franklin City","Western Tidewater",260,8,6
08/23/2020,51630,Fredericksburg,Rappahannock,451,47,4
08/23/2020,51640,Galax,"Mount Rogers",390,40,28
08/23/2020,51650,Hampton,Hampton,1454,53,11
08/23/2020,51660,Harrisonburg,"Central Shenandoah",1130,83,31
08/23/2020,51670,Hopewell,Crater,316,31,4
08/23/2020,51678,Lexington,"Central Shenandoah",41,2,0
08/23/2020,51680,Lynchburg,"Central Virginia",832,25,5
08/23/2020,51683,"Manassas City","Prince William",1754,125,23
08/23/2020,51685,"Manassas Park","Prince William",552,52,7
08/23/2020,51690,Martinsville,"West Piedmont",278,44,3
08/23/2020,51700,"Newport News",Peninsula,2130,85,20
08/23/2020,51710,Norfolk,Norfolk,4164,256,43
08/23/2020,51720,Norton,Lenowisco,22,2,0
08/23/2020,51730,Petersburg,Crater,582,66,19
08/23/2020,51735,Poquoson,Peninsula,56,2,0
08/23/2020,51740,Portsmouth,Portsmouth,2086,159,30
08/23/2020,51750,Radford,"New River",133,3,0
08/23/2020,51760,"Richmond City",Richmond,3588,353,43
08/23/2020,51770,"Roanoke City",Roanoke,1123,40,15
08/23/2020,51775,Salem,Alleghany,186,9,3
08/23/2020,51790,Staunton,"Central Shenandoah",165,11,0
08/23/2020,51800,Suffolk,"Western Tidewater",1536,112,59
08/23/2020,51810,"Virginia Beach","Virginia Beach",5693,307,64
08/23/2020,51820,Waynesboro,"Central Shenandoah",206,10,3
08/23/2020,51830,Williamsburg,Peninsula,144,12,6
08/23/2020,51840,Winchester,"Lord Fairfax",429,32,4
08/24/2020,51001,Accomack,"Eastern Shore",1135,88,18
08/24/2020,51003,Albemarle,"Thomas Jefferson",963,64,16
08/24/2020,51005,Alleghany,Alleghany,61,7,4
08/24/2020,51007,Amelia,Piedmont,92,13,2
08/24/2020,51009,Amherst,"Central Virginia",262,9,1
08/24/2020,51011,Appomattox,"Central Virginia",136,8,1
08/24/2020,51013,Arlington,Arlington,3400,449,137
08/24/2020,51015,Augusta,"Central Shenandoah",346,17,4
08/24/2020,51017,Bath,"Central Shenandoah",4,0,0
08/24/2020,51019,Bedford,"Central Virginia",487,21,8
08/24/2020,51021,Bland,"Mount Rogers",38,1,0
08/24/2020,51023,Botetourt,Alleghany,230,19,8
08/24/2020,51025,Brunswick,Southside,269,25,2
08/24/2020,51027,Buchanan,"Cumberland Plateau",93,6,1
08/24/2020,51029,Buckingham,Piedmont,634,23,8
08/24/2020,51031,Campbell,"Central Virginia",298,8,3
08/24/2020,51033,Caroline,Rappahannock,252,23,5
08/24/2020,51035,Carroll,"Mount Rogers",378,33,16
08/24/2020,51036,"Charles City",Chickahominy,66,18,5
08/24/2020,51037,Charlotte,Piedmont,59,4,0
08/24/2020,51041,Chesterfield,Chesterfield,4867,252,76
08/24/2020,51043,Clarke,"Lord Fairfax",76,8,0
08/24/2020,51045,Craig,Alleghany,22,1,0
08/24/2020,51047,Culpeper,"Rappahannock Rapidan",1073,81,13
08/24/2020,51049,Cumberland,Piedmont,92,8,0
08/24/2020,51051,Dickenson,"Cumberland Plateau",55,5,1
08/24/2020,51053,Dinwiddie,Crater,264,33,8
08/24/2020,51057,Essex,"Three Rivers",113,9,2
08/24/2020,51059,Fairfax,Fairfax,17729,2014,543
08/24/2020,51061,Fauquier,"Rappahannock Rapidan",720,35,9
08/24/2020,51063,Floyd,"New River",124,6,2
08/24/2020,51065,Fluvanna,"Thomas Jefferson",210,35,9
08/24/2020,51067,"Franklin County","West Piedmont",201,8,1
08/24/2020,51069,Frederick,"Lord Fairfax",744,55,10
08/24/2020,51071,Giles,"New River",35,2,0
08/24/2020,51073,Gloucester,"Three Rivers",188,13,2
08/24/2020,51075,Goochland,Chickahominy,180,25,7
08/24/2020,51077,Grayson,"Mount Rogers",174,15,5
08/24/2020,51079,Greene,"Thomas Jefferson",192,9,2
08/24/2020,51081,Greensville,Crater,657,31,11
08/24/2020,51083,Halifax,Southside,186,6,2
08/24/2020,51085,Hanover,Chickahominy,743,83,34
08/24/2020,51087,Henrico,Henrico,4359,364,189
08/24/2020,51089,Henry,"West Piedmont",750,80,14
08/24/2020,51091,Highland,"Central Shenandoah",6,0,0
08/24/2020,51093,"Isle of Wight","Western Tidewater",485,25,10
08/24/2020,51095,"James City",Peninsula,712,62,17
08/24/2020,51097,"King and Queen","Three Rivers",47,6,1
08/24/2020,51099,"King George",Rappahannock,193,21,4
08/24/2020,51101,"King William","Three Rivers",106,8,2
08/24/2020,51103,Lancaster,"Three Rivers",60,5,0
08/24/2020,51105,Lee,Lenowisco,161,11,2
08/24/2020,51107,Loudoun,Loudoun,5735,366,115
08/24/2020,51109,Louisa,"Thomas Jefferson",233,25,2
08/24/2020,51111,Lunenburg,Piedmont,81,6,1
08/24/2020,51113,Madison,"Rappahannock Rapidan",85,5,2
08/24/2020,51115,Mathews,"Three Rivers",23,2,0
08/24/2020,51117,Mecklenburg,Southside,482,38,33
08/24/2020,51119,Middlesex,"Three Rivers",54,6,1
08/24/2020,51121,Montgomery,"New River",387,16,3
08/24/2020,51125,Nelson,"Thomas Jefferson",82,3,0
08/24/2020,51127,"New Kent",Chickahominy,142,12,1
08/24/2020,51131,Northampton,"Eastern Shore",303,49,29
08/24/2020,51133,Northumberland,"Three Rivers",85,7,3
08/24/2020,51135,Nottoway,Piedmont,184,43,14
08/24/2020,51137,Orange,"Rappahannock Rapidan",244,17,3
08/24/2020,51139,Page,"Lord Fairfax",358,39,25
08/24/2020,51141,Patrick,"West Piedmont",199,42,10
08/24/2020,51143,Pittsylvania,Pittsylvania-Danville,644,34,4
08/24/2020,51145,Powhatan,Chesterfield,179,11,4
08/24/2020,51147,"Prince Edward",Piedmont,466,28,11
08/24/2020,51149,"Prince George",Crater,491,21,2
08/24/2020,51153,"Prince William","Prince William",10392,836,183
08/24/2020,51155,Pulaski,"New River",109,10,3
08/24/2020,51157,Rappahannock,"Rappahannock Rapidan",49,5,2
08/24/2020,51159,"Richmond County","Three Rivers",328,14,4
08/24/2020,51161,"Roanoke County",Alleghany,557,21,4
08/24/2020,51163,Rockbridge,"Central Shenandoah",81,3,1
08/24/2020,51165,Rockingham,"Central Shenandoah",1000,101,20
08/24/2020,51167,Russell,"Cumberland Plateau",168,16,4
08/24/2020,51169,Scott,Lenowisco,143,14,3
08/24/2020,51171,Shenandoah,"Lord Fairfax",759,79,47
08/24/2020,51173,Smyth,"Mount Rogers",222,21,3
08/24/2020,51175,Southampton,"Western Tidewater",331,15,13
08/24/2020,51177,Spotsylvania,Rappahannock,1718,108,37
08/24/2020,51179,Stafford,Rappahannock,1602,134,10
08/24/2020,51181,Surry,Crater,60,5,2
08/24/2020,51183,Sussex,Crater,324,26,9
08/24/2020,51185,Tazewell,"Cumberland Plateau",171,11,0
08/24/2020,51187,Warren,"Lord Fairfax",386,22,6
08/24/2020,51191,Washington,"Mount Rogers",311,27,7
08/24/2020,51193,Westmoreland,"Three Rivers",220,19,3
08/24/2020,51195,Wise,Lenowisco,287,28,5
08/24/2020,51197,Wythe,"Mount Rogers",139,16,3
08/24/2020,51199,York,Peninsula,432,14,5
08/24/2020,51510,Alexandria,Alexandria,3270,293,61
08/24/2020,51520,Bristol,"Mount Rogers",105,8,2
08/24/2020,51530,"Buena Vista City","Central Shenandoah",70,4,1
08/24/2020,51540,Charlottesville,"Thomas Jefferson",589,26,16
08/24/2020,51550,Chesapeake,Chesapeake,3564,299,43
08/24/2020,51570,"Colonial Heights",Chesterfield,214,23,22
08/24/2020,51580,Covington,Alleghany,19,0,0
08/24/2020,51590,Danville,Pittsylvania-Danville,544,58,12
08/24/2020,51595,Emporia,Crater,214,29,15
08/24/2020,51600,"Fairfax City",Fairfax,106,13,7
08/24/2020,51610,"Falls Church",Fairfax,64,10,7
08/24/2020,51620,"Franklin City","Western Tidewater",264,8,6
08/24/2020,51630,Fredericksburg,Rappahannock,453,47,4
08/24/2020,51640,Galax,"Mount Rogers",394,40,28
08/24/2020,51650,Hampton,Hampton,1463,53,11
08/24/2020,51660,Harrisonburg,"Central Shenandoah",1143,83,31
08/24/2020,51670,Hopewell,Crater,318,31,4
08/24/2020,51678,Lexington,"Central Shenandoah",42,2,0
08/24/2020,51680,Lynchburg,"Central Virginia",839,25,5
08/24/2020,51683,"Manassas City","Prince William",1758,125,23
08/24/2020,51685,"Manassas Park","Prince William",552,52,7
08/24/2020,51690,Martinsville,"West Piedmont",280,44,3
08/24/2020,51700,"Newport News",Peninsula,2145,87,20
08/24/2020,51710,Norfolk,Norfolk,4164,257,43
08/24/2020,51720,Norton,Lenowisco,22,2,0
08/24/2020,51730,Petersburg,Crater,587,66,20
08/24/2020,51735,Poquoson,Peninsula,57,2,0
08/24/2020,51740,Portsmouth,Portsmouth,2086,159,31
08/24/2020,51750,Radford,"New River",166,3,0
08/24/2020,51760,"Richmond City",Richmond,3615,357,43
08/24/2020,51770,"Roanoke City",Roanoke,1129,41,15
08/24/2020,51775,Salem,Alleghany,190,9,3
08/24/2020,51790,Staunton,"Central Shenandoah",165,11,0
08/24/2020,51800,Suffolk,"Western Tidewater",1545,112,59
08/24/2020,51810,"Virginia Beach","Virginia Beach",5739,307,64
08/24/2020,51820,Waynesboro,"Central Shenandoah",208,10,3
08/24/2020,51830,Williamsburg,Peninsula,145,12,6
08/24/2020,51840,Winchester,"Lord Fairfax",429,32,4
08/25/2020,51001,Accomack,"Eastern Shore",1135,88,18
08/25/2020,51003,Albemarle,"Thomas Jefferson",975,65,16
08/25/2020,51005,Alleghany,Alleghany,61,7,4
08/25/2020,51007,Amelia,Piedmont,93,13,2
08/25/2020,51009,Amherst,"Central Virginia",270,9,1
08/25/2020,51011,Appomattox,"Central Virginia",142,8,1
08/25/2020,51013,Arlington,Arlington,3415,452,138
08/25/2020,51015,Augusta,"Central Shenandoah",347,18,4
08/25/2020,51017,Bath,"Central Shenandoah",4,0,0
08/25/2020,51019,Bedford,"Central Virginia",502,21,8
08/25/2020,51021,Bland,"Mount Rogers",42,1,0
08/25/2020,51023,Botetourt,Alleghany,231,20,8
08/25/2020,51025,Brunswick,Southside,273,25,2
08/25/2020,51027,Buchanan,"Cumberland Plateau",97,6,1
08/25/2020,51029,Buckingham,Piedmont,637,23,8
08/25/2020,51031,Campbell,"Central Virginia",300,8,3
08/25/2020,51033,Caroline,Rappahannock,251,23,5
08/25/2020,51035,Carroll,"Mount Rogers",382,33,19
08/25/2020,51036,"Charles City",Chickahominy,66,18,5
08/25/2020,51037,Charlotte,Piedmont,65,4,0
08/25/2020,51041,Chesterfield,Chesterfield,4888,255,77
08/25/2020,51043,Clarke,"Lord Fairfax",76,8,0
08/25/2020,51045,Craig,Alleghany,22,1,0
08/25/2020,51047,Culpeper,"Rappahannock Rapidan",1084,81,13
08/25/2020,51049,Cumberland,Piedmont,95,8,0
08/25/2020,51051,Dickenson,"Cumberland Plateau",56,5,1
08/25/2020,51053,Dinwiddie,Crater,266,33,8
08/25/2020,51057,Essex,"Three Rivers",113,9,2
08/25/2020,51059,Fairfax,Fairfax,17784,2012,547
08/25/2020,51061,Fauquier,"Rappahannock Rapidan",723,35,9
08/25/2020,51063,Floyd,"New River",125,6,2
08/25/2020,51065,Fluvanna,"Thomas Jefferson",218,35,9
08/25/2020,51067,"Franklin County","West Piedmont",203,8,1
08/25/2020,51069,Frederick,"Lord Fairfax",753,56,10
08/25/2020,51071,Giles,"New River",36,2,0
08/25/2020,51073,Gloucester,"Three Rivers",188,13,2
08/25/2020,51075,Goochland,Chickahominy,182,25,7
08/25/2020,51077,Grayson,"Mount Rogers",175,15,6
08/25/2020,51079,Greene,"Thomas Jefferson",195,9,2
08/25/2020,51081,Greensville,Crater,658,31,11
08/25/2020,51083,Halifax,Southside,191,6,2
08/25/2020,51085,Hanover,Chickahominy,745,83,34
08/25/2020,51087,Henrico,Henrico,4403,368,189
08/25/2020,51089,Henry,"West Piedmont",763,80,14
08/25/2020,51091,Highland,"Central Shenandoah",6,0,0
08/25/2020,51093,"Isle of Wight","Western Tidewater",489,25,10
08/25/2020,51095,"James City",Peninsula,716,63,18
08/25/2020,51097,"King and Queen","Three Rivers",47,6,1
08/25/2020,51099,"King George",Rappahannock,194,21,4
08/25/2020,51101,"King William","Three Rivers",109,8,2
08/25/2020,51103,Lancaster,"Three Rivers",61,5,0
08/25/2020,51105,Lee,Lenowisco,169,13,3
08/25/2020,51107,Loudoun,Loudoun,5769,369,115
08/25/2020,51109,Louisa,"Thomas Jefferson",233,25,2
08/25/2020,51111,Lunenburg,Piedmont,89,6,2
08/25/2020,51113,Madison,"Rappahannock Rapidan",86,5,2
08/25/2020,51115,Mathews,"Three Rivers",23,2,0
08/25/2020,51117,Mecklenburg,Southside,484,38,33
08/25/2020,51119,Middlesex,"Three Rivers",54,6,1
08/25/2020,51121,Montgomery,"New River",392,16,3
08/25/2020,51125,Nelson,"Thomas Jefferson",81,3,0
08/25/2020,51127,"New Kent",Chickahominy,143,13,1
08/25/2020,51131,Northampton,"Eastern Shore",303,49,29
08/25/2020,51133,Northumberland,"Three Rivers",85,7,3
08/25/2020,51135,Nottoway,Piedmont,186,43,14
08/25/2020,51137,Orange,"Rappahannock Rapidan",249,18,3
08/25/2020,51139,Page,"Lord Fairfax",358,39,25
08/25/2020,51141,Patrick,"West Piedmont",205,44,10
08/25/2020,51143,Pittsylvania,Pittsylvania-Danville,663,34,4
08/25/2020,51145,Powhatan,Chesterfield,180,11,4
08/25/2020,51147,"Prince Edward",Piedmont,470,30,11
08/25/2020,51149,"Prince George",Crater,492,21,2
08/25/2020,51153,"Prince William","Prince William",10470,839,183
08/25/2020,51155,Pulaski,"New River",116,10,3
08/25/2020,51157,Rappahannock,"Rappahannock Rapidan",49,5,2
08/25/2020,51159,"Richmond County","Three Rivers",325,14,4
08/25/2020,51161,"Roanoke County",Alleghany,559,21,4
08/25/2020,51163,Rockbridge,"Central Shenandoah",81,3,1
08/25/2020,51165,Rockingham,"Central Shenandoah",1009,103,20
08/25/2020,51167,Russell,"Cumberland Plateau",171,16,4
08/25/2020,51169,Scott,Lenowisco,144,14,3
08/25/2020,51171,Shenandoah,"Lord Fairfax",762,80,48
08/25/2020,51173,Smyth,"Mount Rogers",230,23,3
08/25/2020,51175,Southampton,"Western Tidewater",333,15,13
08/25/2020,51177,Spotsylvania,Rappahannock,1730,109,37
08/25/2020,51179,Stafford,Rappahannock,1612,135,10
08/25/2020,51181,Surry,Crater,62,5,2
08/25/2020,51183,Sussex,Crater,324,26,9
08/25/2020,51185,Tazewell,"Cumberland Plateau",175,11,0
08/25/2020,51187,Warren,"Lord Fairfax",386,22,6
08/25/2020,51191,Washington,"Mount Rogers",321,28,7
08/25/2020,51193,Westmoreland,"Three Rivers",221,19,3
08/25/2020,51195,Wise,Lenowisco,310,27,5
08/25/2020,51197,Wythe,"Mount Rogers",142,16,3
08/25/2020,51199,York,Peninsula,433,14,5
08/25/2020,51510,Alexandria,Alexandria,3309,294,61
08/25/2020,51520,Bristol,"Mount Rogers",108,8,2
08/25/2020,51530,"Buena Vista City","Central Shenandoah",70,4,1
08/25/2020,51540,Charlottesville,"Thomas Jefferson",592,26,17
08/25/2020,51550,Chesapeake,Chesapeake,3582,303,43
08/25/2020,51570,"Colonial Heights",Chesterfield,218,23,22
08/25/2020,51580,Covington,Alleghany,19,0,0
08/25/2020,51590,Danville,Pittsylvania-Danville,550,58,12
08/25/2020,51595,Emporia,Crater,215,29,15
08/25/2020,51600,"Fairfax City",Fairfax,106,13,7
08/25/2020,51610,"Falls Church",Fairfax,66,11,7
08/25/2020,51620,"Franklin City","Western Tidewater",269,8,6
08/25/2020,51630,Fredericksburg,Rappahannock,455,47,4
08/25/2020,51640,Galax,"Mount Rogers",394,40,28
08/25/2020,51650,Hampton,Hampton,1474,54,15
08/25/2020,51660,Harrisonburg,"Central Shenandoah",1155,83,32
08/25/2020,51670,Hopewell,Crater,324,31,4
08/25/2020,51678,Lexington,"Central Shenandoah",42,2,0
08/25/2020,51680,Lynchburg,"Central Virginia",867,25,5
08/25/2020,51683,"Manassas City","Prince William",1769,126,23
08/25/2020,51685,"Manassas Park","Prince William",554,52,7
08/25/2020,51690,Martinsville,"West Piedmont",289,44,4
08/25/2020,51700,"Newport News",Peninsula,2155,88,21
08/25/2020,51710,Norfolk,Norfolk,4245,261,44
08/25/2020,51720,Norton,Lenowisco,24,2,0
08/25/2020,51730,Petersburg,Crater,588,66,20
08/25/2020,51735,Poquoson,Peninsula,58,2,0
08/25/2020,51740,Portsmouth,Portsmouth,2135,160,31
08/25/2020,51750,Radford,"New River",188,3,0
08/25/2020,51760,"Richmond City",Richmond,3662,359,43
08/25/2020,51770,"Roanoke City",Roanoke,1129,41,15
08/25/2020,51775,Salem,Alleghany,194,9,3
08/25/2020,51790,Staunton,"Central Shenandoah",167,11,0
08/25/2020,51800,Suffolk,"Western Tidewater",1553,112,59
08/25/2020,51810,"Virginia Beach","Virginia Beach",5788,309,64
08/25/2020,51820,Waynesboro,"Central Shenandoah",210,10,3
08/25/2020,51830,Williamsburg,Peninsula,146,12,6
08/25/2020,51840,Winchester,"Lord Fairfax",435,32,4
08/26/2020,51001,Accomack,"Eastern Shore",1136,88,18
08/26/2020,51003,Albemarle,"Thomas Jefferson",980,65,17
08/26/2020,51005,Alleghany,Alleghany,63,7,4
08/26/2020,51007,Amelia,Piedmont,94,13,3
08/26/2020,51009,Amherst,"Central Virginia",269,9,1
08/26/2020,51011,Appomattox,"Central Virginia",145,9,1
08/26/2020,51013,Arlington,Arlington,3435,452,138
08/26/2020,51015,Augusta,"Central Shenandoah",349,18,4
08/26/2020,51017,Bath,"Central Shenandoah",4,0,0
08/26/2020,51019,Bedford,"Central Virginia",502,21,8
08/26/2020,51021,Bland,"Mount Rogers",42,1,0
08/26/2020,51023,Botetourt,Alleghany,237,20,8
08/26/2020,51025,Brunswick,Southside,273,25,2
08/26/2020,51027,Buchanan,"Cumberland Plateau",97,6,1
08/26/2020,51029,Buckingham,Piedmont,640,23,8
08/26/2020,51031,Campbell,"Central Virginia",298,8,3
08/26/2020,51033,Caroline,Rappahannock,250,24,5
08/26/2020,51035,Carroll,"Mount Rogers",384,33,19
08/26/2020,51036,"Charles City",Chickahominy,66,18,5
08/26/2020,51037,Charlotte,Piedmont,64,4,0
08/26/2020,51041,Chesterfield,Chesterfield,4915,256,77
08/26/2020,51043,Clarke,"Lord Fairfax",76,8,0
08/26/2020,51045,Craig,Alleghany,21,1,0
08/26/2020,51047,Culpeper,"Rappahannock Rapidan",1090,84,13
08/26/2020,51049,Cumberland,Piedmont,96,8,0
08/26/2020,51051,Dickenson,"Cumberland Plateau",58,6,1
08/26/2020,51053,Dinwiddie,Crater,267,33,8
08/26/2020,51057,Essex,"Three Rivers",113,9,2
08/26/2020,51059,Fairfax,Fairfax,17878,2017,549
08/26/2020,51061,Fauquier,"Rappahannock Rapidan",724,35,9
08/26/2020,51063,Floyd,"New River",139,6,2
08/26/2020,51065,Fluvanna,"Thomas Jefferson",219,36,9
08/26/2020,51067,"Franklin County","West Piedmont",204,8,1
08/26/2020,51069,Frederick,"Lord Fairfax",755,56,10
08/26/2020,51071,Giles,"New River",37,2,0
08/26/2020,51073,Gloucester,"Three Rivers",189,13,2
08/26/2020,51075,Goochland,Chickahominy,212,25,7
08/26/2020,51077,Grayson,"Mount Rogers",177,16,6
08/26/2020,51079,Greene,"Thomas Jefferson",196,9,2
08/26/2020,51081,Greensville,Crater,660,31,11
08/26/2020,51083,Halifax,Southside,193,6,2
08/26/2020,51085,Hanover,Chickahominy,757,83,34
08/26/2020,51087,Henrico,Henrico,4428,372,190
08/26/2020,51089,Henry,"West Piedmont",778,86,14
08/26/2020,51091,Highland,"Central Shenandoah",6,0,0
08/26/2020,51093,"Isle of Wight","Western Tidewater",494,25,10
08/26/2020,51095,"James City",Peninsula,717,63,18
08/26/2020,51097,"King and Queen","Three Rivers",48,6,1
08/26/2020,51099,"King George",Rappahannock,196,21,4
08/26/2020,51101,"King William","Three Rivers",110,9,2
08/26/2020,51103,Lancaster,"Three Rivers",63,5,0
08/26/2020,51105,Lee,Lenowisco,172,13,3
08/26/2020,51107,Loudoun,Loudoun,5787,370,117
08/26/2020,51109,Louisa,"Thomas Jefferson",238,25,2
08/26/2020,51111,Lunenburg,Piedmont,89,6,2
08/26/2020,51113,Madison,"Rappahannock Rapidan",86,5,2
08/26/2020,51115,Mathews,"Three Rivers",23,2,0
08/26/2020,51117,Mecklenburg,Southside,491,38,33
08/26/2020,51119,Middlesex,"Three Rivers",54,6,1
08/26/2020,51121,Montgomery,"New River",404,16,3
08/26/2020,51125,Nelson,"Thomas Jefferson",81,3,0
08/26/2020,51127,"New Kent",Chickahominy,145,13,1
08/26/2020,51131,Northampton,"Eastern Shore",303,49,29
08/26/2020,51133,Northumberland,"Three Rivers",86,7,3
08/26/2020,51135,Nottoway,Piedmont,188,43,14
08/26/2020,51137,Orange,"Rappahannock Rapidan",251,18,3
08/26/2020,51139,Page,"Lord Fairfax",358,39,25
08/26/2020,51141,Patrick,"West Piedmont",209,44,10
08/26/2020,51143,Pittsylvania,Pittsylvania-Danville,678,35,4
08/26/2020,51145,Powhatan,Chesterfield,181,12,4
08/26/2020,51147,"Prince Edward",Piedmont,472,30,11
08/26/2020,51149,"Prince George",Crater,495,21,2
08/26/2020,51153,"Prince William","Prince William",10511,843,183
08/26/2020,51155,Pulaski,"New River",122,10,3
08/26/2020,51157,Rappahannock,"Rappahannock Rapidan",51,5,2
08/26/2020,51159,"Richmond County","Three Rivers",324,14,4
08/26/2020,51161,"Roanoke County",Alleghany,565,21,4
08/26/2020,51163,Rockbridge,"Central Shenandoah",82,3,1
08/26/2020,51165,Rockingham,"Central Shenandoah",1011,103,20
08/26/2020,51167,Russell,"Cumberland Plateau",172,19,4
08/26/2020,51169,Scott,Lenowisco,144,14,3
08/26/2020,51171,Shenandoah,"Lord Fairfax",762,80,48
08/26/2020,51173,Smyth,"Mount Rogers",233,23,3
08/26/2020,51175,Southampton,"Western Tidewater",335,15,13
08/26/2020,51177,Spotsylvania,Rappahannock,1735,110,37
08/26/2020,51179,Stafford,Rappahannock,1625,135,10
08/26/2020,51181,Surry,Crater,62,5,2
08/26/2020,51183,Sussex,Crater,326,26,9
08/26/2020,51185,Tazewell,"Cumberland Plateau",178,12,1
08/26/2020,51187,Warren,"Lord Fairfax",388,22,6
08/26/2020,51191,Washington,"Mount Rogers",326,28,8
08/26/2020,51193,Westmoreland,"Three Rivers",221,19,3
08/26/2020,51195,Wise,Lenowisco,310,27,5
08/26/2020,51197,Wythe,"Mount Rogers",146,17,3
08/26/2020,51199,York,Peninsula,437,15,5
08/26/2020,51510,Alexandria,Alexandria,3324,296,61
08/26/2020,51520,Bristol,"Mount Rogers",109,8,2
08/26/2020,51530,"Buena Vista City","Central Shenandoah",71,4,1
08/26/2020,51540,Charlottesville,"Thomas Jefferson",595,26,17
08/26/2020,51550,Chesapeake,Chesapeake,3625,306,45
08/26/2020,51570,"Colonial Heights",Chesterfield,218,23,22
08/26/2020,51580,Covington,Alleghany,19,0,0
08/26/2020,51590,Danville,Pittsylvania-Danville,558,58,12
08/26/2020,51595,Emporia,Crater,216,29,15
08/26/2020,51600,"Fairfax City",Fairfax,109,13,7
08/26/2020,51610,"Falls Church",Fairfax,66,11,7
08/26/2020,51620,"Franklin City","Western Tidewater",272,8,6
08/26/2020,51630,Fredericksburg,Rappahannock,456,47,4
08/26/2020,51640,Galax,"Mount Rogers",394,40,28
08/26/2020,51650,Hampton,Hampton,1483,54,15
08/26/2020,51660,Harrisonburg,"Central Shenandoah",1161,83,32
08/26/2020,51670,Hopewell,Crater,334,31,4
08/26/2020,51678,Lexington,"Central Shenandoah",41,2,0
08/26/2020,51680,Lynchburg,"Central Virginia",874,25,5
08/26/2020,51683,"Manassas City","Prince William",1772,126,23
08/26/2020,51685,"Manassas Park","Prince William",555,52,7
08/26/2020,51690,Martinsville,"West Piedmont",293,45,5
08/26/2020,51700,"Newport News",Peninsula,2167,89,21
08/26/2020,51710,Norfolk,Norfolk,4260,269,47
08/26/2020,51720,Norton,Lenowisco,26,2,0
08/26/2020,51730,Petersburg,Crater,604,66,20
08/26/2020,51735,Poquoson,Peninsula,59,2,0
08/26/2020,51740,Portsmouth,Portsmouth,2142,163,34
08/26/2020,51750,Radford,"New River",223,3,0
08/26/2020,51760,"Richmond City",Richmond,3735,362,44
08/26/2020,51770,"Roanoke City",Roanoke,1140,42,15
08/26/2020,51775,Salem,Alleghany,203,9,3
08/26/2020,51790,Staunton,"Central Shenandoah",167,11,0
08/26/2020,51800,Suffolk,"Western Tidewater",1573,113,59
08/26/2020,51810,"Virginia Beach","Virginia Beach",5821,314,66
08/26/2020,51820,Waynesboro,"Central Shenandoah",210,10,3
08/26/2020,51830,Williamsburg,Peninsula,146,12,6
08/26/2020,51840,Winchester,"Lord Fairfax",436,32,4
08/27/2020,51001,Accomack,"Eastern Shore",1139,88,18
08/27/2020,51003,Albemarle,"Thomas Jefferson",990,65,17
08/27/2020,51005,Alleghany,Alleghany,63,7,4
08/27/2020,51007,Amelia,Piedmont,96,13,3
08/27/2020,51009,Amherst,"Central Virginia",273,9,1
08/27/2020,51011,Appomattox,"Central Virginia",150,9,1
08/27/2020,51013,Arlington,Arlington,3457,454,138
08/27/2020,51015,Augusta,"Central Shenandoah",353,18,4
08/27/2020,51017,Bath,"Central Shenandoah",4,0,0
08/27/2020,51019,Bedford,"Central Virginia",514,21,8
08/27/2020,51021,Bland,"Mount Rogers",42,1,0
08/27/2020,51023,Botetourt,Alleghany,238,20,8
08/27/2020,51025,Brunswick,Southside,279,25,2
08/27/2020,51027,Buchanan,"Cumberland Plateau",97,6,1
08/27/2020,51029,Buckingham,Piedmont,644,23,8
08/27/2020,51031,Campbell,"Central Virginia",307,8,3
08/27/2020,51033,Caroline,Rappahannock,252,24,5
08/27/2020,51035,Carroll,"Mount Rogers",385,33,19
08/27/2020,51036,"Charles City",Chickahominy,66,18,5
08/27/2020,51037,Charlotte,Piedmont,64,4,0
08/27/2020,51041,Chesterfield,Chesterfield,4946,261,78
08/27/2020,51043,Clarke,"Lord Fairfax",77,8,0
08/27/2020,51045,Craig,Alleghany,21,1,0
08/27/2020,51047,Culpeper,"Rappahannock Rapidan",1103,84,13
08/27/2020,51049,Cumberland,Piedmont,96,8,0
08/27/2020,51051,Dickenson,"Cumberland Plateau",59,7,1
08/27/2020,51053,Dinwiddie,Crater,274,33,8
08/27/2020,51057,Essex,"Three Rivers",114,9,2
08/27/2020,51059,Fairfax,Fairfax,17959,2030,549
08/27/2020,51061,Fauquier,"Rappahannock Rapidan",731,36,9
08/27/2020,51063,Floyd,"New River",140,6,2
08/27/2020,51065,Fluvanna,"Thomas Jefferson",223,36,9
08/27/2020,51067,"Franklin County","West Piedmont",204,9,1
08/27/2020,51069,Frederick,"Lord Fairfax",758,56,10
08/27/2020,51071,Giles,"New River",37,2,0
08/27/2020,51073,Gloucester,"Three Rivers",198,13,2
08/27/2020,51075,Goochland,Chickahominy,213,25,7
08/27/2020,51077,Grayson,"Mount Rogers",184,18,6
08/27/2020,51079,Greene,"Thomas Jefferson",197,9,3
08/27/2020,51081,Greensville,Crater,665,31,11
08/27/2020,51083,Halifax,Southside,200,6,2
08/27/2020,51085,Hanover,Chickahominy,762,83,34
08/27/2020,51087,Henrico,Henrico,4467,374,191
08/27/2020,51089,Henry,"West Piedmont",803,88,15
08/27/2020,51091,Highland,"Central Shenandoah",6,0,0
08/27/2020,51093,"Isle of Wight","Western Tidewater",504,25,11
08/27/2020,51095,"James City",Peninsula,723,63,18
08/27/2020,51097,"King and Queen","Three Rivers",49,7,1
08/27/2020,51099,"King George",Rappahannock,200,21,4
08/27/2020,51101,"King William","Three Rivers",110,9,2
08/27/2020,51103,Lancaster,"Three Rivers",64,5,0
08/27/2020,51105,Lee,Lenowisco,178,14,3
08/27/2020,51107,Loudoun,Loudoun,5825,373,117
08/27/2020,51109,Louisa,"Thomas Jefferson",239,25,2
08/27/2020,51111,Lunenburg,Piedmont,92,6,2
08/27/2020,51113,Madison,"Rappahannock Rapidan",86,5,2
08/27/2020,51115,Mathews,"Three Rivers",23,2,0
08/27/2020,51117,Mecklenburg,Southside,498,38,33
08/27/2020,51119,Middlesex,"Three Rivers",55,6,1
08/27/2020,51121,Montgomery,"New River",411,16,3
08/27/2020,51125,Nelson,"Thomas Jefferson",83,3,0
08/27/2020,51127,"New Kent",Chickahominy,146,13,1
08/27/2020,51131,Northampton,"Eastern Shore",303,49,29
08/27/2020,51133,Northumberland,"Three Rivers",86,7,3
08/27/2020,51135,Nottoway,Piedmont,191,43,14
08/27/2020,51137,Orange,"Rappahannock Rapidan",254,18,3
08/27/2020,51139,Page,"Lord Fairfax",358,39,25
08/27/2020,51141,Patrick,"West Piedmont",213,45,11
08/27/2020,51143,Pittsylvania,Pittsylvania-Danville,695,36,4
08/27/2020,51145,Powhatan,Chesterfield,183,12,4
08/27/2020,51147,"Prince Edward",Piedmont,473,30,11
08/27/2020,51149,"Prince George",Crater,499,21,2
08/27/2020,51153,"Prince William","Prince William",10577,846,183
08/27/2020,51155,Pulaski,"New River",123,10,3
08/27/2020,51157,Rappahannock,"Rappahannock Rapidan",51,5,2
08/27/2020,51159,"Richmond County","Three Rivers",328,14,5
08/27/2020,51161,"Roanoke County",Alleghany,584,21,4
08/27/2020,51163,Rockbridge,"Central Shenandoah",84,3,1
08/27/2020,51165,Rockingham,"Central Shenandoah",1022,103,20
08/27/2020,51167,Russell,"Cumberland Plateau",174,19,4
08/27/2020,51169,Scott,Lenowisco,144,14,3
08/27/2020,51171,Shenandoah,"Lord Fairfax",763,80,48
08/27/2020,51173,Smyth,"Mount Rogers",241,23,3
08/27/2020,51175,Southampton,"Western Tidewater",337,15,13
08/27/2020,51177,Spotsylvania,Rappahannock,1759,112,38
08/27/2020,51179,Stafford,Rappahannock,1639,135,10
08/27/2020,51181,Surry,Crater,62,5,2
08/27/2020,51183,Sussex,Crater,330,26,9
08/27/2020,51185,Tazewell,"Cumberland Plateau",184,13,1
08/27/2020,51187,Warren,"Lord Fairfax",390,22,6
08/27/2020,51191,Washington,"Mount Rogers",339,29,8
08/27/2020,51193,Westmoreland,"Three Rivers",223,19,3
08/27/2020,51195,Wise,Lenowisco,318,27,5
08/27/2020,51197,Wythe,"Mount Rogers",146,17,3
08/27/2020,51199,York,Peninsula,444,15,5
08/27/2020,51510,Alexandria,Alexandria,3333,297,61
08/27/2020,51520,Bristol,"Mount Rogers",113,8,2
08/27/2020,51530,"Buena Vista City","Central Shenandoah",72,4,1
08/27/2020,51540,Charlottesville,"Thomas Jefferson",604,26,17
08/27/2020,51550,Chesapeake,Chesapeake,3660,309,47
08/27/2020,51570,"Colonial Heights",Chesterfield,218,23,22
08/27/2020,51580,Covington,Alleghany,22,0,0
08/27/2020,51590,Danville,Pittsylvania-Danville,575,58,12
08/27/2020,51595,Emporia,Crater,219,29,15
08/27/2020,51600,"Fairfax City",Fairfax,109,13,7
08/27/2020,51610,"Falls Church",Fairfax,66,11,7
08/27/2020,51620,"Franklin City","Western Tidewater",279,8,6
08/27/2020,51630,Fredericksburg,Rappahannock,470,47,4
08/27/2020,51640,Galax,"Mount Rogers",394,40,28
08/27/2020,51650,Hampton,Hampton,1505,54,15
08/27/2020,51660,Harrisonburg,"Central Shenandoah",1179,83,32
08/27/2020,51670,Hopewell,Crater,337,31,4
08/27/2020,51678,Lexington,"Central Shenandoah",42,2,0
08/27/2020,51680,Lynchburg,"Central Virginia",911,25,5
08/27/2020,51683,"Manassas City","Prince William",1778,126,23
08/27/2020,51685,"Manassas Park","Prince William",555,52,7
08/27/2020,51690,Martinsville,"West Piedmont",314,47,5
08/27/2020,51700,"Newport News",Peninsula,2190,89,21
08/27/2020,51710,Norfolk,Norfolk,4297,276,49
08/27/2020,51720,Norton,Lenowisco,26,2,0
08/27/2020,51730,Petersburg,Crater,611,66,20
08/27/2020,51735,Poquoson,Peninsula,63,2,0
08/27/2020,51740,Portsmouth,Portsmouth,2161,167,34
08/27/2020,51750,Radford,"New River",252,3,0
08/27/2020,51760,"Richmond City",Richmond,3767,365,45
08/27/2020,51770,"Roanoke City",Roanoke,1169,44,15
08/27/2020,51775,Salem,Alleghany,206,9,3
08/27/2020,51790,Staunton,"Central Shenandoah",170,11,0
08/27/2020,51800,Suffolk,"Western Tidewater",1590,113,59
08/27/2020,51810,"Virginia Beach","Virginia Beach",5876,314,65
08/27/2020,51820,Waynesboro,"Central Shenandoah",213,10,3
08/27/2020,51830,Williamsburg,Peninsula,148,12,6
08/27/2020,51840,Winchester,"Lord Fairfax",432,32,4
08/28/2020,51001,Accomack,"Eastern Shore",1141,88,19
08/28/2020,51003,Albemarle,"Thomas Jefferson",1002,65,18
08/28/2020,51005,Alleghany,Alleghany,64,7,4
08/28/2020,51007,Amelia,Piedmont,98,13,3
08/28/2020,51009,Amherst,"Central Virginia",277,9,1
08/28/2020,51011,Appomattox,"Central Virginia",157,9,1
08/28/2020,51013,Arlington,Arlington,3492,458,137
08/28/2020,51015,Augusta,"Central Shenandoah",354,18,4
08/28/2020,51017,Bath,"Central Shenandoah",4,0,0
08/28/2020,51019,Bedford,"Central Virginia",526,23,8
08/28/2020,51021,Bland,"Mount Rogers",42,1,0
08/28/2020,51023,Botetourt,Alleghany,247,20,8
08/28/2020,51025,Brunswick,Southside,281,25,2
08/28/2020,51027,Buchanan,"Cumberland Plateau",97,6,1
08/28/2020,51029,Buckingham,Piedmont,644,23,8
08/28/2020,51031,Campbell,"Central Virginia",310,8,3
08/28/2020,51033,Caroline,Rappahannock,256,25,5
08/28/2020,51035,Carroll,"Mount Rogers",388,33,19
08/28/2020,51036,"Charles City",Chickahominy,66,18,5
08/28/2020,51037,Charlotte,Piedmont,67,4,0
08/28/2020,51041,Chesterfield,Chesterfield,4974,263,82
08/28/2020,51043,Clarke,"Lord Fairfax",78,8,0
08/28/2020,51045,Craig,Alleghany,21,1,0
08/28/2020,51047,Culpeper,"Rappahannock Rapidan",1104,84,13
08/28/2020,51049,Cumberland,Piedmont,96,8,0
08/28/2020,51051,Dickenson,"Cumberland Plateau",63,7,1
08/28/2020,51053,Dinwiddie,Crater,281,33,8
08/28/2020,51057,Essex,"Three Rivers",116,9,2
08/28/2020,51059,Fairfax,Fairfax,18084,2043,550
08/28/2020,51061,Fauquier,"Rappahannock Rapidan",742,36,9
08/28/2020,51063,Floyd,"New River",140,6,2
08/28/2020,51065,Fluvanna,"Thomas Jefferson",222,35,9
08/28/2020,51067,"Franklin County","West Piedmont",208,11,1
08/28/2020,51069,Frederick,"Lord Fairfax",757,56,10
08/28/2020,51071,Giles,"New River",37,2,0
08/28/2020,51073,Gloucester,"Three Rivers",200,13,2
08/28/2020,51075,Goochland,Chickahominy,214,25,7
08/28/2020,51077,Grayson,"Mount Rogers",184,18,6
08/28/2020,51079,Greene,"Thomas Jefferson",199,9,3
08/28/2020,51081,Greensville,Crater,668,31,11
08/28/2020,51083,Halifax,Southside,202,6,2
08/28/2020,51085,Hanover,Chickahominy,768,83,34
08/28/2020,51087,Henrico,Henrico,4510,376,193
08/28/2020,51089,Henry,"West Piedmont",809,90,15
08/28/2020,51091,Highland,"Central Shenandoah",6,0,0
08/28/2020,51093,"Isle of Wight","Western Tidewater",519,25,11
08/28/2020,51095,"James City",Peninsula,726,63,18
08/28/2020,51097,"King and Queen","Three Rivers",49,7,1
08/28/2020,51099,"King George",Rappahannock,202,21,4
08/28/2020,51101,"King William","Three Rivers",111,9,2
08/28/2020,51103,Lancaster,"Three Rivers",66,5,0
08/28/2020,51105,Lee,Lenowisco,183,14,3
08/28/2020,51107,Loudoun,Loudoun,5878,374,118
08/28/2020,51109,Louisa,"Thomas Jefferson",243,27,2
08/28/2020,51111,Lunenburg,Piedmont,93,6,2
08/28/2020,51113,Madison,"Rappahannock Rapidan",87,5,2
08/28/2020,51115,Mathews,"Three Rivers",23,2,0
08/28/2020,51117,Mecklenburg,Southside,501,38,33
08/28/2020,51119,Middlesex,"Three Rivers",55,6,1
08/28/2020,51121,Montgomery,"New River",427,16,3
08/28/2020,51125,Nelson,"Thomas Jefferson",83,3,0
08/28/2020,51127,"New Kent",Chickahominy,147,13,1
08/28/2020,51131,Northampton,"Eastern Shore",303,49,29
08/28/2020,51133,Northumberland,"Three Rivers",86,8,4
08/28/2020,51135,Nottoway,Piedmont,194,43,14
08/28/2020,51137,Orange,"Rappahannock Rapidan",257,18,3
08/28/2020,51139,Page,"Lord Fairfax",360,39,25
08/28/2020,51141,Patrick,"West Piedmont",217,45,11
08/28/2020,51143,Pittsylvania,Pittsylvania-Danville,714,36,4
08/28/2020,51145,Powhatan,Chesterfield,185,12,4
08/28/2020,51147,"Prince Edward",Piedmont,478,30,11
08/28/2020,51149,"Prince George",Crater,506,21,2
08/28/2020,51153,"Prince William","Prince William",10648,848,183
08/28/2020,51155,Pulaski,"New River",126,10,3
08/28/2020,51157,Rappahannock,"Rappahannock Rapidan",53,5,2
08/28/2020,51159,"Richmond County","Three Rivers",326,14,5
08/28/2020,51161,"Roanoke County",Alleghany,598,21,4
08/28/2020,51163,Rockbridge,"Central Shenandoah",84,3,1
08/28/2020,51165,Rockingham,"Central Shenandoah",1032,103,20
08/28/2020,51167,Russell,"Cumberland Plateau",177,19,4
08/28/2020,51169,Scott,Lenowisco,148,14,4
08/28/2020,51171,Shenandoah,"Lord Fairfax",764,80,48
08/28/2020,51173,Smyth,"Mount Rogers",253,24,3
08/28/2020,51175,Southampton,"Western Tidewater",338,15,13
08/28/2020,51177,Spotsylvania,Rappahannock,1769,114,38
08/28/2020,51179,Stafford,Rappahannock,1660,135,10
08/28/2020,51181,Surry,Crater,63,5,2
08/28/2020,51183,Sussex,Crater,334,27,9
08/28/2020,51185,Tazewell,"Cumberland Plateau",186,13,1
08/28/2020,51187,Warren,"Lord Fairfax",389,22,6
08/28/2020,51191,Washington,"Mount Rogers",345,31,9
08/28/2020,51193,Westmoreland,"Three Rivers",223,20,3
08/28/2020,51195,Wise,Lenowisco,317,27,5
08/28/2020,51197,Wythe,"Mount Rogers",149,17,3
08/28/2020,51199,York,Peninsula,444,15,5
08/28/2020,51510,Alexandria,Alexandria,3352,297,64
08/28/2020,51520,Bristol,"Mount Rogers",115,8,2
08/28/2020,51530,"Buena Vista City","Central Shenandoah",72,4,1
08/28/2020,51540,Charlottesville,"Thomas Jefferson",623,27,17
08/28/2020,51550,Chesapeake,Chesapeake,3685,313,47
08/28/2020,51570,"Colonial Heights",Chesterfield,219,23,22
08/28/2020,51580,Covington,Alleghany,23,0,0
08/28/2020,51590,Danville,Pittsylvania-Danville,582,58,12
08/28/2020,51595,Emporia,Crater,219,30,16
08/28/2020,51600,"Fairfax City",Fairfax,110,13,7
08/28/2020,51610,"Falls Church",Fairfax,66,11,7
08/28/2020,51620,"Franklin City","Western Tidewater",283,8,6
08/28/2020,51630,Fredericksburg,Rappahannock,472,47,4
08/28/2020,51640,Galax,"Mount Rogers",394,40,28
08/28/2020,51650,Hampton,Hampton,1519,54,16
08/28/2020,51660,Harrisonburg,"Central Shenandoah",1203,83,32
08/28/2020,51670,Hopewell,Crater,338,31,4
08/28/2020,51678,Lexington,"Central Shenandoah",42,2,0
08/28/2020,51680,Lynchburg,"Central Virginia",936,25,5
08/28/2020,51683,"Manassas City","Prince William",1782,126,23
08/28/2020,51685,"Manassas Park","Prince William",558,52,7
08/28/2020,51690,Martinsville,"West Piedmont",316,48,6
08/28/2020,51700,"Newport News",Peninsula,2216,89,21
08/28/2020,51710,Norfolk,Norfolk,4328,281,52
08/28/2020,51720,Norton,Lenowisco,26,2,0
08/28/2020,51730,Petersburg,Crater,614,66,20
08/28/2020,51735,Poquoson,Peninsula,63,2,0
08/28/2020,51740,Portsmouth,Portsmouth,2186,172,34
08/28/2020,51750,Radford,"New River",282,3,0
08/28/2020,51760,"Richmond City",Richmond,3795,372,47
08/28/2020,51770,"Roanoke City",Roanoke,1179,44,15
08/28/2020,51775,Salem,Alleghany,208,9,3
08/28/2020,51790,Staunton,"Central Shenandoah",170,11,0
08/28/2020,51800,Suffolk,"Western Tidewater",1603,113,59
08/28/2020,51810,"Virginia Beach","Virginia Beach",5906,319,65
08/28/2020,51820,Waynesboro,"Central Shenandoah",213,10,3
08/28/2020,51830,Williamsburg,Peninsula,148,12,6
08/28/2020,51840,Winchester,"Lord Fairfax",431,32,4
08/29/2020,51135,Nottoway,Piedmont,198,43,14
08/29/2020,51740,Portsmouth,Portsmouth,2198,173,34
08/29/2020,51181,Surry,Crater,65,5,3
08/29/2020,51187,Warren,"Lord Fairfax",389,22,6
08/29/2020,51007,Amelia,Piedmont,98,13,3
08/29/2020,51045,Craig,Alleghany,21,1,0
08/29/2020,51650,Hampton,Hampton,1529,54,16
08/29/2020,51167,Russell,"Cumberland Plateau",179,19,4
08/29/2020,51820,Waynesboro,"Central Shenandoah",214,10,3
08/29/2020,51177,Spotsylvania,Rappahannock,1781,116,38
08/29/2020,51009,Amherst,"Central Virginia",282,9,1
08/29/2020,51103,Lancaster,"Three Rivers",68,5,0
08/29/2020,51049,Cumberland,Piedmont,97,8,0
08/29/2020,51199,York,Peninsula,451,15,5
08/29/2020,51680,Lynchburg,"Central Virginia",968,28,5
08/29/2020,51089,Henry,"West Piedmont",835,91,16
08/29/2020,51139,Page,"Lord Fairfax",360,39,25
08/29/2020,51590,Danville,Pittsylvania-Danville,595,59,14
08/29/2020,51133,Northumberland,"Three Rivers",87,8,4
08/29/2020,51171,Shenandoah,"Lord Fairfax",765,80,48
08/29/2020,51063,Floyd,"New River",148,6,2
08/29/2020,51600,"Fairfax City",Fairfax,120,13,7
08/29/2020,51005,Alleghany,Alleghany,64,7,4
08/29/2020,51580,Covington,Alleghany,23,0,0
08/29/2020,51540,Charlottesville,"Thomas Jefferson",648,27,18
08/29/2020,51057,Essex,"Three Rivers",121,9,2
08/29/2020,51161,"Roanoke County",Alleghany,589,22,4
08/29/2020,51107,Loudoun,Loudoun,5924,379,118
08/29/2020,51041,Chesterfield,Chesterfield,5013,267,82
08/29/2020,51029,Buckingham,Piedmont,644,23,8
08/29/2020,51111,Lunenburg,Piedmont,93,6,2
08/29/2020,51610,"Falls Church",Fairfax,66,11,7
08/29/2020,51067,"Franklin County","West Piedmont",209,11,1
08/29/2020,51071,Giles,"New River",41,2,0
08/29/2020,51630,Fredericksburg,Rappahannock,476,47,5
08/29/2020,51113,Madison,"Rappahannock Rapidan",89,5,2
08/29/2020,51185,Tazewell,"Cumberland Plateau",188,13,1
08/29/2020,51760,"Richmond City",Richmond,3831,372,47
08/29/2020,51730,Petersburg,Crater,621,69,20
08/29/2020,51163,Rockbridge,"Central Shenandoah",84,3,1
08/29/2020,51165,Rockingham,"Central Shenandoah",1044,103,20
08/29/2020,51015,Augusta,"Central Shenandoah",361,18,4
08/29/2020,51053,Dinwiddie,Crater,283,33,8
08/29/2020,51077,Grayson,"Mount Rogers",189,19,6
08/29/2020,51775,Salem,Alleghany,209,9,3
08/29/2020,51081,Greensville,Crater,704,32,11
08/29/2020,51660,Harrisonburg,"Central Shenandoah",1240,83,32
08/29/2020,51790,Staunton,"Central Shenandoah",170,11,0
08/29/2020,51520,Bristol,"Mount Rogers",118,8,2
08/29/2020,51127,"New Kent",Chickahominy,150,13,1
08/29/2020,51197,Wythe,"Mount Rogers",154,17,3
08/29/2020,51175,Southampton,"Western Tidewater",342,15,13
08/29/2020,51570,"Colonial Heights",Chesterfield,217,23,22
08/29/2020,51155,Pulaski,"New River",130,10,3
08/29/2020,51195,Wise,Lenowisco,321,27,5
08/29/2020,51043,Clarke,"Lord Fairfax",79,8,0
08/29/2020,51137,Orange,"Rappahannock Rapidan",260,18,4
08/29/2020,51710,Norfolk,Norfolk,4334,283,52
08/29/2020,51840,Winchester,"Lord Fairfax",436,34,4
08/29/2020,51031,Campbell,"Central Virginia",312,8,3
08/29/2020,51033,Caroline,Rappahannock,259,25,5
08/29/2020,51023,Botetourt,Alleghany,246,19,8
08/29/2020,51169,Scott,Lenowisco,150,14,4
08/29/2020,51145,Powhatan,Chesterfield,187,12,4
08/29/2020,51105,Lee,Lenowisco,189,15,3
08/29/2020,51510,Alexandria,Alexandria,3358,297,62
08/29/2020,51770,"Roanoke City",Roanoke,1186,44,15
08/29/2020,51141,Patrick,"West Piedmont",223,46,11
08/29/2020,51119,Middlesex,"Three Rivers",55,6,1
08/29/2020,51183,Sussex,Crater,335,28,9
08/29/2020,51735,Poquoson,Peninsula,64,2,0
08/29/2020,51025,Brunswick,Southside,283,25,2
08/29/2020,51117,Mecklenburg,Southside,506,38,33
08/29/2020,51685,"Manassas Park","Prince William",561,53,7
08/29/2020,51720,Norton,Lenowisco,26,2,0
08/29/2020,51109,Louisa,"Thomas Jefferson",248,27,2
08/29/2020,51810,"Virginia Beach","Virginia Beach",5948,320,67
08/29/2020,51101,"King William","Three Rivers",113,9,2
08/29/2020,51061,Fauquier,"Rappahannock Rapidan",748,36,9
08/29/2020,51149,"Prince George",Crater,519,21,2
08/29/2020,51083,Halifax,Southside,204,6,2
08/29/2020,51036,"Charles City",Chickahominy,70,18,5
08/29/2020,51017,Bath,"Central Shenandoah",4,0,0
08/29/2020,51153,"Prince William","Prince William",10722,851,184
08/29/2020,51093,"Isle of Wight","Western Tidewater",538,25,11
08/29/2020,51019,Bedford,"Central Virginia",533,23,8
08/29/2020,51159,"Richmond County","Three Rivers",328,14,5
08/29/2020,51690,Martinsville,"West Piedmont",325,48,6
08/29/2020,51550,Chesapeake,Chesapeake,3736,316,47
08/29/2020,51830,Williamsburg,Peninsula,153,12,6
08/29/2020,51099,"King George",Rappahannock,201,21,4
08/29/2020,51079,Greene,"Thomas Jefferson",199,9,3
08/29/2020,51095,"James City",Peninsula,734,63,18
08/29/2020,51087,Henrico,Henrico,4553,377,192
08/29/2020,51640,Galax,"Mount Rogers",396,40,28
08/29/2020,51069,Frederick,"Lord Fairfax",762,56,10
08/29/2020,51147,"Prince Edward",Piedmont,488,30,11
08/29/2020,51059,Fairfax,Fairfax,18192,2051,555
08/29/2020,51750,Radford,"New River",334,3,0
08/29/2020,51131,Northampton,"Eastern Shore",304,49,29
08/29/2020,51051,Dickenson,"Cumberland Plateau",64,7,1
08/29/2020,51179,Stafford,Rappahannock,1681,136,10
08/29/2020,51037,Charlotte,Piedmont,69,4,0
08/29/2020,51035,Carroll,"Mount Rogers",394,34,19
08/29/2020,51073,Gloucester,"Three Rivers",201,13,2
08/29/2020,51173,Smyth,"Mount Rogers",260,24,3
08/29/2020,51683,"Manassas City","Prince William",1790,126,23
08/29/2020,51097,"King and Queen","Three Rivers",49,7,1
08/29/2020,51001,Accomack,"Eastern Shore",1143,88,19
08/29/2020,51091,Highland,"Central Shenandoah",6,0,0
08/29/2020,51620,"Franklin City","Western Tidewater",294,8,6
08/29/2020,51115,Mathews,"Three Rivers",23,2,0
08/29/2020,51678,Lexington,"Central Shenandoah",42,2,0
08/29/2020,51193,Westmoreland,"Three Rivers",223,20,3
08/29/2020,51191,Washington,"Mount Rogers",357,31,9
08/29/2020,51700,"Newport News",Peninsula,2273,89,24
08/29/2020,51027,Buchanan,"Cumberland Plateau",97,6,1
08/29/2020,51075,Goochland,Chickahominy,217,25,7
08/29/2020,51800,Suffolk,"Western Tidewater",1620,113,60
08/29/2020,51121,Montgomery,"New River",449,16,4
08/29/2020,51530,"Buena Vista City","Central Shenandoah",72,4,1
08/29/2020,51021,Bland,"Mount Rogers",46,1,0
08/29/2020,51143,Pittsylvania,Pittsylvania-Danville,723,36,4
08/29/2020,51013,Arlington,Arlington,3513,461,137
08/29/2020,51125,Nelson,"Thomas Jefferson",84,3,0
08/29/2020,51595,Emporia,Crater,221,30,16
08/29/2020,51047,Culpeper,"Rappahannock Rapidan",1111,84,13
08/29/2020,51065,Fluvanna,"Thomas Jefferson",223,35,9
08/29/2020,51670,Hopewell,Crater,342,31,4
08/29/2020,51003,Albemarle,"Thomas Jefferson",1022,65,18
08/29/2020,51157,Rappahannock,"Rappahannock Rapidan",53,5,2
08/29/2020,51085,Hanover,Chickahominy,779,84,35
08/29/2020,51011,Appomattox,"Central Virginia",163,9,1
08/30/2020,51001,Accomack,"Eastern Shore",1143,88,19
08/30/2020,51003,Albemarle,"Thomas Jefferson",1027,65,18
08/30/2020,51005,Alleghany,Alleghany,64,7,4
08/30/2020,51007,Amelia,Piedmont,98,13,3
08/30/2020,51009,Amherst,"Central Virginia",286,9,1
08/30/2020,51011,Appomattox,"Central Virginia",166,9,1
08/30/2020,51013,Arlington,Arlington,3540,466,137
08/30/2020,51015,Augusta,"Central Shenandoah",363,18,4
08/30/2020,51017,Bath,"Central Shenandoah",4,0,0
08/30/2020,51019,Bedford,"Central Virginia",537,23,8
08/30/2020,51021,Bland,"Mount Rogers",47,1,0
08/30/2020,51023,Botetourt,Alleghany,248,19,8
08/30/2020,51025,Brunswick,Southside,285,25,2
08/30/2020,51027,Buchanan,"Cumberland Plateau",97,6,1
08/30/2020,51029,Buckingham,Piedmont,644,23,8
08/30/2020,51031,Campbell,"Central Virginia",317,9,3
08/30/2020,51033,Caroline,Rappahannock,261,25,5
08/30/2020,51035,Carroll,"Mount Rogers",395,35,19
08/30/2020,51036,"Charles City",Chickahominy,70,18,5
08/30/2020,51037,Charlotte,Piedmont,69,4,0
08/30/2020,51041,Chesterfield,Chesterfield,5027,269,82
08/30/2020,51043,Clarke,"Lord Fairfax",80,9,0
08/30/2020,51045,Craig,Alleghany,21,1,0
08/30/2020,51047,Culpeper,"Rappahannock Rapidan",1113,84,13
08/30/2020,51049,Cumberland,Piedmont,97,8,0
08/30/2020,51051,Dickenson,"Cumberland Plateau",65,7,1
08/30/2020,51053,Dinwiddie,Crater,286,33,8
08/30/2020,51057,Essex,"Three Rivers",122,9,2
08/30/2020,51059,Fairfax,Fairfax,18310,2054,555
08/30/2020,51061,Fauquier,"Rappahannock Rapidan",756,37,9
08/30/2020,51063,Floyd,"New River",153,6,2
08/30/2020,51065,Fluvanna,"Thomas Jefferson",225,35,9
08/30/2020,51067,"Franklin County","West Piedmont",212,11,1
08/30/2020,51069,Frederick,"Lord Fairfax",763,56,10
08/30/2020,51071,Giles,"New River",41,2,0
08/30/2020,51073,Gloucester,"Three Rivers",201,13,2
08/30/2020,51075,Goochland,Chickahominy,219,25,7
08/30/2020,51077,Grayson,"Mount Rogers",190,19,6
08/30/2020,51079,Greene,"Thomas Jefferson",199,10,3
08/30/2020,51081,Greensville,Crater,706,32,11
08/30/2020,51083,Halifax,Southside,205,6,2
08/30/2020,51085,Hanover,Chickahominy,787,84,35
08/30/2020,51087,Henrico,Henrico,4579,379,192
08/30/2020,51089,Henry,"West Piedmont",844,91,16
08/30/2020,51091,Highland,"Central Shenandoah",6,0,0
08/30/2020,51093,"Isle of Wight","Western Tidewater",546,25,11
08/30/2020,51095,"James City",Peninsula,735,63,18
08/30/2020,51097,"King and Queen","Three Rivers",49,7,1
08/30/2020,51099,"King George",Rappahannock,201,21,4
08/30/2020,51101,"King William","Three Rivers",114,9,2
08/30/2020,51103,Lancaster,"Three Rivers",69,5,0
08/30/2020,51105,Lee,Lenowisco,194,15,3
08/30/2020,51107,Loudoun,Loudoun,5945,383,118
08/30/2020,51109,Louisa,"Thomas Jefferson",248,27,2
08/30/2020,51111,Lunenburg,Piedmont,93,6,2
08/30/2020,51113,Madison,"Rappahannock Rapidan",91,6,2
08/30/2020,51115,Mathews,"Three Rivers",23,2,0
08/30/2020,51117,Mecklenburg,Southside,506,38,33
08/30/2020,51119,Middlesex,"Three Rivers",55,6,1
08/30/2020,51121,Montgomery,"New River",477,16,4
08/30/2020,51125,Nelson,"Thomas Jefferson",85,3,0
08/30/2020,51127,"New Kent",Chickahominy,150,13,1
08/30/2020,51131,Northampton,"Eastern Shore",304,49,29
08/30/2020,51133,Northumberland,"Three Rivers",88,8,4
08/30/2020,51135,Nottoway,Piedmont,198,43,14
08/30/2020,51137,Orange,"Rappahannock Rapidan",262,18,4
08/30/2020,51139,Page,"Lord Fairfax",360,39,25
08/30/2020,51141,Patrick,"West Piedmont",224,46,11
08/30/2020,51143,Pittsylvania,Pittsylvania-Danville,768,36,4
08/30/2020,51145,Powhatan,Chesterfield,187,12,4
08/30/2020,51147,"Prince Edward",Piedmont,488,30,11
08/30/2020,51149,"Prince George",Crater,529,21,2
08/30/2020,51153,"Prince William","Prince William",10767,854,184
08/30/2020,51155,Pulaski,"New River",132,10,3
08/30/2020,51157,Rappahannock,"Rappahannock Rapidan",53,5,2
08/30/2020,51159,"Richmond County","Three Rivers",332,14,5
08/30/2020,51161,"Roanoke County",Alleghany,590,22,4
08/30/2020,51163,Rockbridge,"Central Shenandoah",85,3,1
08/30/2020,51165,Rockingham,"Central Shenandoah",1050,103,20
08/30/2020,51167,Russell,"Cumberland Plateau",179,19,4
08/30/2020,51169,Scott,Lenowisco,151,14,4
08/30/2020,51171,Shenandoah,"Lord Fairfax",766,80,48
08/30/2020,51173,Smyth,"Mount Rogers",268,25,3
08/30/2020,51175,Southampton,"Western Tidewater",344,15,13
08/30/2020,51177,Spotsylvania,Rappahannock,1793,119,38
08/30/2020,51179,Stafford,Rappahannock,1691,136,10
08/30/2020,51181,Surry,Crater,66,5,3
08/30/2020,51183,Sussex,Crater,337,28,9
08/30/2020,51185,Tazewell,"Cumberland Plateau",189,13,1
08/30/2020,51187,Warren,"Lord Fairfax",391,22,6
08/30/2020,51191,Washington,"Mount Rogers",362,32,9
08/30/2020,51193,Westmoreland,"Three Rivers",223,20,3
08/30/2020,51195,Wise,Lenowisco,328,29,5
08/30/2020,51197,Wythe,"Mount Rogers",159,17,3
08/30/2020,51199,York,Peninsula,454,15,5
08/30/2020,51510,Alexandria,Alexandria,3369,298,62
08/30/2020,51520,Bristol,"Mount Rogers",121,8,2
08/30/2020,51530,"Buena Vista City","Central Shenandoah",73,4,1
08/30/2020,51540,Charlottesville,"Thomas Jefferson",674,27,18
08/30/2020,51550,Chesapeake,Chesapeake,3778,319,47
08/30/2020,51570,"Colonial Heights",Chesterfield,219,23,22
08/30/2020,51580,Covington,Alleghany,23,0,0
08/30/2020,51590,Danville,Pittsylvania-Danville,604,59,14
08/30/2020,51595,Emporia,Crater,230,30,16
08/30/2020,51600,"Fairfax City",Fairfax,120,13,7
08/30/2020,51610,"Falls Church",Fairfax,66,11,7
08/30/2020,51620,"Franklin City","Western Tidewater",298,8,6
08/30/2020,51630,Fredericksburg,Rappahannock,479,47,5
08/30/2020,51640,Galax,"Mount Rogers",396,40,28
08/30/2020,51650,Hampton,Hampton,1542,54,16
08/30/2020,51660,Harrisonburg,"Central Shenandoah",1285,83,32
08/30/2020,51670,Hopewell,Crater,348,31,4
08/30/2020,51678,Lexington,"Central Shenandoah",43,2,0
08/30/2020,51680,Lynchburg,"Central Virginia",980,28,5
08/30/2020,51683,"Manassas City","Prince William",1795,126,23
08/30/2020,51685,"Manassas Park","Prince William",562,53,7
08/30/2020,51690,Martinsville,"West Piedmont",326,49,6
08/30/2020,51700,"Newport News",Peninsula,2300,89,24
08/30/2020,51710,Norfolk,Norfolk,4361,285,52
08/30/2020,51720,Norton,Lenowisco,26,2,0
08/30/2020,51730,Petersburg,Crater,627,69,20
08/30/2020,51735,Poquoson,Peninsula,67,2,0
08/30/2020,51740,Portsmouth,Portsmouth,2213,175,34
08/30/2020,51750,Radford,"New River",384,3,0
08/30/2020,51760,"Richmond City",Richmond,3879,373,47
08/30/2020,51770,"Roanoke City",Roanoke,1189,44,15
08/30/2020,51775,Salem,Alleghany,210,9,3
08/30/2020,51790,Staunton,"Central Shenandoah",170,11,0
08/30/2020,51800,Suffolk,"Western Tidewater",1631,113,60
08/30/2020,51810,"Virginia Beach","Virginia Beach",5985,321,68
08/30/2020,51820,Waynesboro,"Central Shenandoah",215,10,3
08/30/2020,51830,Williamsburg,Peninsula,154,12,6
08/30/2020,51840,Winchester,"Lord Fairfax",438,34,4
08/31/2020,51001,Accomack,"Eastern Shore",1145,88,19
08/31/2020,51003,Albemarle,"Thomas Jefferson",1034,65,18
08/31/2020,51005,Alleghany,Alleghany,65,7,4
08/31/2020,51007,Amelia,Piedmont,98,13,3
08/31/2020,51009,Amherst,"Central Virginia",290,9,1
08/31/2020,51011,Appomattox,"Central Virginia",169,9,1
08/31/2020,51013,Arlington,Arlington,3555,467,138
08/31/2020,51015,Augusta,"Central Shenandoah",364,18,4
08/31/2020,51017,Bath,"Central Shenandoah",4,0,0
08/31/2020,51019,Bedford,"Central Virginia",546,23,8
08/31/2020,51021,Bland,"Mount Rogers",47,1,0
08/31/2020,51023,Botetourt,Alleghany,249,19,8
08/31/2020,51025,Brunswick,Southside,293,25,2
08/31/2020,51027,Buchanan,"Cumberland Plateau",99,6,1
08/31/2020,51029,Buckingham,Piedmont,644,23,8
08/31/2020,51031,Campbell,"Central Virginia",324,9,3
08/31/2020,51033,Caroline,Rappahannock,263,25,5
08/31/2020,51035,Carroll,"Mount Rogers",396,35,19
08/31/2020,51036,"Charles City",Chickahominy,70,18,5
08/31/2020,51037,Charlotte,Piedmont,69,4,0
08/31/2020,51041,Chesterfield,Chesterfield,5046,269,82
08/31/2020,51043,Clarke,"Lord Fairfax",81,9,0
08/31/2020,51045,Craig,Alleghany,21,1,0
08/31/2020,51047,Culpeper,"Rappahannock Rapidan",1117,84,13
08/31/2020,51049,Cumberland,Piedmont,97,8,0
08/31/2020,51051,Dickenson,"Cumberland Plateau",67,7,1
08/31/2020,51053,Dinwiddie,Crater,292,33,8
08/31/2020,51057,Essex,"Three Rivers",128,9,2
08/31/2020,51059,Fairfax,Fairfax,18417,2056,558
08/31/2020,51061,Fauquier,"Rappahannock Rapidan",762,37,9
08/31/2020,51063,Floyd,"New River",153,6,2
08/31/2020,51065,Fluvanna,"Thomas Jefferson",226,35,9
08/31/2020,51067,"Franklin County","West Piedmont",213,11,1
08/31/2020,51069,Frederick,"Lord Fairfax",764,56,10
08/31/2020,51071,Giles,"New River",43,2,0
08/31/2020,51073,Gloucester,"Three Rivers",201,13,2
08/31/2020,51075,Goochland,Chickahominy,220,25,7
08/31/2020,51077,Grayson,"Mount Rogers",194,19,6
08/31/2020,51079,Greene,"Thomas Jefferson",199,10,3
08/31/2020,51081,Greensville,Crater,709,32,11
08/31/2020,51083,Halifax,Southside,210,6,2
08/31/2020,51085,Hanover,Chickahominy,794,84,35
08/31/2020,51087,Henrico,Henrico,4608,379,192
08/31/2020,51089,Henry,"West Piedmont",844,91,16
08/31/2020,51091,Highland,"Central Shenandoah",6,0,0
08/31/2020,51093,"Isle of Wight","Western Tidewater",552,25,11
08/31/2020,51095,"James City",Peninsula,743,63,18
08/31/2020,51097,"King and Queen","Three Rivers",49,7,1
08/31/2020,51099,"King George",Rappahannock,201,21,4
08/31/2020,51101,"King William","Three Rivers",115,9,2
08/31/2020,51103,Lancaster,"Three Rivers",71,5,0
08/31/2020,51105,Lee,Lenowisco,201,15,3
08/31/2020,51107,Loudoun,Loudoun,5979,384,118
08/31/2020,51109,Louisa,"Thomas Jefferson",250,28,2
08/31/2020,51111,Lunenburg,Piedmont,93,6,2
08/31/2020,51113,Madison,"Rappahannock Rapidan",91,6,2
08/31/2020,51115,Mathews,"Three Rivers",23,2,0
08/31/2020,51117,Mecklenburg,Southside,516,38,33
08/31/2020,51119,Middlesex,"Three Rivers",55,6,1
08/31/2020,51121,Montgomery,"New River",493,16,4
08/31/2020,51125,Nelson,"Thomas Jefferson",85,3,0
08/31/2020,51127,"New Kent",Chickahominy,151,13,1
08/31/2020,51131,Northampton,"Eastern Shore",304,49,29
08/31/2020,51133,Northumberland,"Three Rivers",89,8,4
08/31/2020,51135,Nottoway,Piedmont,198,43,14
08/31/2020,51137,Orange,"Rappahannock Rapidan",262,18,4
08/31/2020,51139,Page,"Lord Fairfax",361,39,25
08/31/2020,51141,Patrick,"West Piedmont",224,46,11
08/31/2020,51143,Pittsylvania,Pittsylvania-Danville,770,36,4
08/31/2020,51145,Powhatan,Chesterfield,189,12,4
08/31/2020,51147,"Prince Edward",Piedmont,488,30,11
08/31/2020,51149,"Prince George",Crater,554,21,2
08/31/2020,51153,"Prince William","Prince William",10836,854,185
08/31/2020,51155,Pulaski,"New River",135,10,3
08/31/2020,51157,Rappahannock,"Rappahannock Rapidan",53,5,2
08/31/2020,51159,"Richmond County","Three Rivers",333,14,5
08/31/2020,51161,"Roanoke County",Alleghany,606,22,4
08/31/2020,51163,Rockbridge,"Central Shenandoah",85,3,1
08/31/2020,51165,Rockingham,"Central Shenandoah",1058,103,20
08/31/2020,51167,Russell,"Cumberland Plateau",187,21,4
08/31/2020,51169,Scott,Lenowisco,153,14,4
08/31/2020,51171,Shenandoah,"Lord Fairfax",769,80,48
08/31/2020,51173,Smyth,"Mount Rogers",273,25,3
08/31/2020,51175,Southampton,"Western Tidewater",351,15,13
08/31/2020,51177,Spotsylvania,Rappahannock,1801,119,38
08/31/2020,51179,Stafford,Rappahannock,1704,136,10
08/31/2020,51181,Surry,Crater,68,5,3
08/31/2020,51183,Sussex,Crater,339,28,9
08/31/2020,51185,Tazewell,"Cumberland Plateau",195,14,1
08/31/2020,51187,Warren,"Lord Fairfax",391,22,6
08/31/2020,51191,Washington,"Mount Rogers",368,32,9
08/31/2020,51193,Westmoreland,"Three Rivers",223,20,3
08/31/2020,51195,Wise,Lenowisco,329,29,5
08/31/2020,51197,Wythe,"Mount Rogers",160,17,3
08/31/2020,51199,York,Peninsula,461,15,6
08/31/2020,51510,Alexandria,Alexandria,3378,298,62
08/31/2020,51520,Bristol,"Mount Rogers",121,8,2
08/31/2020,51530,"Buena Vista City","Central Shenandoah",75,4,1
08/31/2020,51540,Charlottesville,"Thomas Jefferson",681,27,18
08/31/2020,51550,Chesapeake,Chesapeake,3801,322,47
08/31/2020,51570,"Colonial Heights",Chesterfield,220,23,22
08/31/2020,51580,Covington,Alleghany,25,0,0
08/31/2020,51590,Danville,Pittsylvania-Danville,606,59,16
08/31/2020,51595,Emporia,Crater,231,30,16
08/31/2020,51600,"Fairfax City",Fairfax,120,13,7
08/31/2020,51610,"Falls Church",Fairfax,66,11,7
08/31/2020,51620,"Franklin City","Western Tidewater",298,8,6
08/31/2020,51630,Fredericksburg,Rappahannock,481,47,5
08/31/2020,51640,Galax,"Mount Rogers",396,40,28
08/31/2020,51650,Hampton,Hampton,1554,54,16
08/31/2020,51660,Harrisonburg,"Central Shenandoah",1346,83,33
08/31/2020,51670,Hopewell,Crater,350,32,4
08/31/2020,51678,Lexington,"Central Shenandoah",43,2,0
08/31/2020,51680,Lynchburg,"Central Virginia",986,28,5
08/31/2020,51683,"Manassas City","Prince William",1805,126,23
08/31/2020,51685,"Manassas Park","Prince William",565,53,7
08/31/2020,51690,Martinsville,"West Piedmont",327,49,6
08/31/2020,51700,"Newport News",Peninsula,2317,89,25
08/31/2020,51710,Norfolk,Norfolk,4394,285,52
08/31/2020,51720,Norton,Lenowisco,26,2,0
08/31/2020,51730,Petersburg,Crater,631,69,20
08/31/2020,51735,Poquoson,Peninsula,67,2,0
08/31/2020,51740,Portsmouth,Portsmouth,2213,175,34
08/31/2020,51750,Radford,"New River",399,3,0
08/31/2020,51760,"Richmond City",Richmond,3897,375,47
08/31/2020,51770,"Roanoke City",Roanoke,1200,44,15
08/31/2020,51775,Salem,Alleghany,212,9,3
08/31/2020,51790,Staunton,"Central Shenandoah",170,11,0
08/31/2020,51800,Suffolk,"Western Tidewater",1635,113,61
08/31/2020,51810,"Virginia Beach","Virginia Beach",6028,321,68
08/31/2020,51820,Waynesboro,"Central Shenandoah",215,10,3
08/31/2020,51830,Williamsburg,Peninsula,155,12,6
08/31/2020,51840,Winchester,"Lord Fairfax",439,34,4
09/01/2020,51001,Accomack,"Eastern Shore",1148,87,19
09/01/2020,51003,Albemarle,"Thomas Jefferson",1042,67,18
09/01/2020,51005,Alleghany,Alleghany,65,7,4
09/01/2020,51007,Amelia,Piedmont,100,13,3
09/01/2020,51009,Amherst,"Central Virginia",298,9,1
09/01/2020,51011,Appomattox,"Central Virginia",172,9,1
09/01/2020,51013,Arlington,Arlington,3560,466,140
09/01/2020,51015,Augusta,"Central Shenandoah",369,18,4
09/01/2020,51017,Bath,"Central Shenandoah",4,0,0
09/01/2020,51019,Bedford,"Central Virginia",551,23,9
09/01/2020,51021,Bland,"Mount Rogers",47,1,0
09/01/2020,51023,Botetourt,Alleghany,250,22,10
09/01/2020,51025,Brunswick,Southside,295,25,2
09/01/2020,51027,Buchanan,"Cumberland Plateau",99,6,1
09/01/2020,51029,Buckingham,Piedmont,648,23,8
09/01/2020,51031,Campbell,"Central Virginia",329,9,3
09/01/2020,51033,Caroline,Rappahannock,264,25,5
09/01/2020,51035,Carroll,"Mount Rogers",410,35,19
09/01/2020,51036,"Charles City",Chickahominy,69,18,5
09/01/2020,51037,Charlotte,Piedmont,74,4,0
09/01/2020,51041,Chesterfield,Chesterfield,5106,268,83
09/01/2020,51043,Clarke,"Lord Fairfax",81,9,0
09/01/2020,51045,Craig,Alleghany,21,1,0
09/01/2020,51047,Culpeper,"Rappahannock Rapidan",1122,85,13
09/01/2020,51049,Cumberland,Piedmont,99,8,0
09/01/2020,51051,Dickenson,"Cumberland Plateau",67,7,1
09/01/2020,51053,Dinwiddie,Crater,296,33,8
09/01/2020,51057,Essex,"Three Rivers",130,9,2
09/01/2020,51059,Fairfax,Fairfax,18508,2058,560
09/01/2020,51061,Fauquier,"Rappahannock Rapidan",770,38,9
09/01/2020,51063,Floyd,"New River",152,6,2
09/01/2020,51065,Fluvanna,"Thomas Jefferson",226,35,9
09/01/2020,51067,"Franklin County","West Piedmont",216,11,1
09/01/2020,51069,Frederick,"Lord Fairfax",766,60,11
09/01/2020,51071,Giles,"New River",47,2,0
09/01/2020,51073,Gloucester,"Three Rivers",204,13,2
09/01/2020,51075,Goochland,Chickahominy,222,25,7
09/01/2020,51077,Grayson,"Mount Rogers",199,21,7
09/01/2020,51079,Greene,"Thomas Jefferson",199,10,3
09/01/2020,51081,Greensville,Crater,711,32,11
09/01/2020,51083,Halifax,Southside,212,6,2
09/01/2020,51085,Hanover,Chickahominy,810,84,35
09/01/2020,51087,Henrico,Henrico,4651,381,193
09/01/2020,51089,Henry,"West Piedmont",849,92,16
09/01/2020,51091,Highland,"Central Shenandoah",6,0,0
09/01/2020,51093,"Isle of Wight","Western Tidewater",560,25,11
09/01/2020,51095,"James City",Peninsula,746,63,18
09/01/2020,51097,"King and Queen","Three Rivers",49,8,1
09/01/2020,51099,"King George",Rappahannock,202,21,4
09/01/2020,51101,"King William","Three Rivers",115,9,2
09/01/2020,51103,Lancaster,"Three Rivers",72,5,0
09/01/2020,51105,Lee,Lenowisco,210,17,3
09/01/2020,51107,Loudoun,Loudoun,6008,387,118
09/01/2020,51109,Louisa,"Thomas Jefferson",251,28,2
09/01/2020,51111,Lunenburg,Piedmont,97,6,2
09/01/2020,51113,Madison,"Rappahannock Rapidan",91,6,2
09/01/2020,51115,Mathews,"Three Rivers",23,2,0
09/01/2020,51117,Mecklenburg,Southside,529,38,33
09/01/2020,51119,Middlesex,"Three Rivers",55,6,1
09/01/2020,51121,Montgomery,"New River",532,16,4
09/01/2020,51125,Nelson,"Thomas Jefferson",86,3,0
09/01/2020,51127,"New Kent",Chickahominy,151,13,1
09/01/2020,51131,Northampton,"Eastern Shore",304,49,29
09/01/2020,51133,Northumberland,"Three Rivers",90,8,5
09/01/2020,51135,Nottoway,Piedmont,201,43,14
09/01/2020,51137,Orange,"Rappahannock Rapidan",264,18,4
09/01/2020,51139,Page,"Lord Fairfax",361,39,25
09/01/2020,51141,Patrick,"West Piedmont",229,46,11
09/01/2020,51143,Pittsylvania,Pittsylvania-Danville,780,37,4
09/01/2020,51145,Powhatan,Chesterfield,190,12,4
09/01/2020,51147,"Prince Edward",Piedmont,493,30,12
09/01/2020,51149,"Prince George",Crater,560,21,2
09/01/2020,51153,"Prince William","Prince William",10904,859,185
09/01/2020,51155,Pulaski,"New River",137,10,3
09/01/2020,51157,Rappahannock,"Rappahannock Rapidan",53,5,2
09/01/2020,51159,"Richmond County","Three Rivers",328,14,4
09/01/2020,51161,"Roanoke County",Alleghany,611,22,4
09/01/2020,51163,Rockbridge,"Central Shenandoah",86,3,1
09/01/2020,51165,Rockingham,"Central Shenandoah",1069,104,20
09/01/2020,51167,Russell,"Cumberland Plateau",188,21,4
09/01/2020,51169,Scott,Lenowisco,156,14,4
09/01/2020,51171,Shenandoah,"Lord Fairfax",773,81,48
09/01/2020,51173,Smyth,"Mount Rogers",281,26,5
09/01/2020,51175,Southampton,"Western Tidewater",359,15,13
09/01/2020,51177,Spotsylvania,Rappahannock,1824,121,38
09/01/2020,51179,Stafford,Rappahannock,1717,137,10
09/01/2020,51181,Surry,Crater,71,5,3
09/01/2020,51183,Sussex,Crater,342,28,9
09/01/2020,51185,Tazewell,"Cumberland Plateau",196,14,2
09/01/2020,51187,Warren,"Lord Fairfax",391,22,6
09/01/2020,51191,Washington,"Mount Rogers",375,32,9
09/01/2020,51193,Westmoreland,"Three Rivers",224,20,3
09/01/2020,51195,Wise,Lenowisco,332,29,5
09/01/2020,51197,Wythe,"Mount Rogers",164,19,3
09/01/2020,51199,York,Peninsula,467,15,6
09/01/2020,51510,Alexandria,Alexandria,3395,298,62
09/01/2020,51520,Bristol,"Mount Rogers",121,8,2
09/01/2020,51530,"Buena Vista City","Central Shenandoah",75,4,1
09/01/2020,51540,Charlottesville,"Thomas Jefferson",686,27,18
09/01/2020,51550,Chesapeake,Chesapeake,3811,328,48
09/01/2020,51570,"Colonial Heights",Chesterfield,228,23,23
09/01/2020,51580,Covington,Alleghany,25,0,0
09/01/2020,51590,Danville,Pittsylvania-Danville,611,61,16
09/01/2020,51595,Emporia,Crater,233,30,17
09/01/2020,51600,"Fairfax City",Fairfax,122,13,7
09/01/2020,51610,"Falls Church",Fairfax,66,11,7
09/01/2020,51620,"Franklin City","Western Tidewater",312,8,6
09/01/2020,51630,Fredericksburg,Rappahannock,482,47,5
09/01/2020,51640,Galax,"Mount Rogers",397,40,28
09/01/2020,51650,Hampton,Hampton,1562,54,16
09/01/2020,51660,Harrisonburg,"Central Shenandoah",1423,83,33
09/01/2020,51670,Hopewell,Crater,350,32,4
09/01/2020,51678,Lexington,"Central Shenandoah",43,2,0
09/01/2020,51680,Lynchburg,"Central Virginia",1007,28,5
09/01/2020,51683,"Manassas City","Prince William",1810,126,24
09/01/2020,51685,"Manassas Park","Prince William",568,53,7
09/01/2020,51690,Martinsville,"West Piedmont",328,49,6
09/01/2020,51700,"Newport News",Peninsula,2335,89,27
09/01/2020,51710,Norfolk,Norfolk,4406,288,55
09/01/2020,51720,Norton,Lenowisco,26,2,0
09/01/2020,51730,Petersburg,Crater,633,69,22
09/01/2020,51735,Poquoson,Peninsula,68,2,0
09/01/2020,51740,Portsmouth,Portsmouth,2234,180,36
09/01/2020,51750,Radford,"New River",467,3,0
09/01/2020,51760,"Richmond City",Richmond,3920,374,49
09/01/2020,51770,"Roanoke City",Roanoke,1201,45,15
09/01/2020,51775,Salem,Alleghany,210,9,4
09/01/2020,51790,Staunton,"Central Shenandoah",173,11,0
09/01/2020,51800,Suffolk,"Western Tidewater",1660,113,61
09/01/2020,51810,"Virginia Beach","Virginia Beach",6049,321,69
09/01/2020,51820,Waynesboro,"Central Shenandoah",216,10,3
09/01/2020,51830,Williamsburg,Peninsula,155,12,6
09/01/2020,51840,Winchester,"Lord Fairfax",446,35,4
09/02/2020,51001,Accomack,"Eastern Shore",1148,87,19
09/02/2020,51003,Albemarle,"Thomas Jefferson",1052,67,18
09/02/2020,51005,Alleghany,Alleghany,68,8,4
09/02/2020,51007,Amelia,Piedmont,100,13,3
09/02/2020,51009,Amherst,"Central Virginia",307,9,1
09/02/2020,51011,Appomattox,"Central Virginia",176,9,1
09/02/2020,51013,Arlington,Arlington,3569,469,141
09/02/2020,51015,Augusta,"Central Shenandoah",372,18,4
09/02/2020,51017,Bath,"Central Shenandoah",4,0,0
09/02/2020,51019,Bedford,"Central Virginia",559,23,9
09/02/2020,51021,Bland,"Mount Rogers",50,1,0
09/02/2020,51023,Botetourt,Alleghany,251,22,10
09/02/2020,51025,Brunswick,Southside,301,25,2
09/02/2020,51027,Buchanan,"Cumberland Plateau",99,6,1
09/02/2020,51029,Buckingham,Piedmont,649,23,8
09/02/2020,51031,Campbell,"Central Virginia",335,9,3
09/02/2020,51033,Caroline,Rappahannock,265,25,5
09/02/2020,51035,Carroll,"Mount Rogers",411,35,19
09/02/2020,51036,"Charles City",Chickahominy,69,18,5
09/02/2020,51037,Charlotte,Piedmont,74,4,0
09/02/2020,51041,Chesterfield,Chesterfield,5146,269,83
09/02/2020,51043,Clarke,"Lord Fairfax",82,10,0
09/02/2020,51045,Craig,Alleghany,21,1,0
09/02/2020,51047,Culpeper,"Rappahannock Rapidan",1122,85,14
09/02/2020,51049,Cumberland,Piedmont,99,8,0
09/02/2020,51051,Dickenson,"Cumberland Plateau",68,7,1
09/02/2020,51053,Dinwiddie,Crater,298,34,8
09/02/2020,51057,Essex,"Three Rivers",131,9,2
09/02/2020,51059,Fairfax,Fairfax,18606,2062,561
09/02/2020,51061,Fauquier,"Rappahannock Rapidan",779,38,9
09/02/2020,51063,Floyd,"New River",153,6,2
09/02/2020,51065,Fluvanna,"Thomas Jefferson",227,35,9
09/02/2020,51067,"Franklin County","West Piedmont",218,11,1
09/02/2020,51069,Frederick,"Lord Fairfax",772,60,11
09/02/2020,51071,Giles,"New River",51,2,0
09/02/2020,51073,Gloucester,"Three Rivers",206,13,2
09/02/2020,51075,Goochland,Chickahominy,222,25,7
09/02/2020,51077,Grayson,"Mount Rogers",225,23,8
09/02/2020,51079,Greene,"Thomas Jefferson",199,10,3
09/02/2020,51081,Greensville,Crater,713,32,11
09/02/2020,51083,Halifax,Southside,214,6,2
09/02/2020,51085,Hanover,Chickahominy,816,87,35
09/02/2020,51087,Henrico,Henrico,4670,381,194
09/02/2020,51089,Henry,"West Piedmont",858,94,16
09/02/2020,51091,Highland,"Central Shenandoah",6,0,0
09/02/2020,51093,"Isle of Wight","Western Tidewater",566,25,11
09/02/2020,51095,"James City",Peninsula,749,63,18
09/02/2020,51097,"King and Queen","Three Rivers",49,8,1
09/02/2020,51099,"King George",Rappahannock,204,21,4
09/02/2020,51101,"King William","Three Rivers",115,9,2
09/02/2020,51103,Lancaster,"Three Rivers",73,5,0
09/02/2020,51105,Lee,Lenowisco,214,17,3
09/02/2020,51107,Loudoun,Loudoun,6053,389,118
09/02/2020,51109,Louisa,"Thomas Jefferson",252,28,3
09/02/2020,51111,Lunenburg,Piedmont,97,6,2
09/02/2020,51113,Madison,"Rappahannock Rapidan",91,6,2
09/02/2020,51115,Mathews,"Three Rivers",23,2,0
09/02/2020,51117,Mecklenburg,Southside,537,40,33
09/02/2020,51119,Middlesex,"Three Rivers",55,6,1
09/02/2020,51121,Montgomery,"New River",600,16,4
09/02/2020,51125,Nelson,"Thomas Jefferson",86,3,0
09/02/2020,51127,"New Kent",Chickahominy,153,13,1
09/02/2020,51131,Northampton,"Eastern Shore",304,49,29
09/02/2020,51133,Northumberland,"Three Rivers",91,8,5
09/02/2020,51135,Nottoway,Piedmont,203,43,14
09/02/2020,51137,Orange,"Rappahannock Rapidan",265,18,4
09/02/2020,51139,Page,"Lord Fairfax",362,39,26
09/02/2020,51141,Patrick,"West Piedmont",237,47,13
09/02/2020,51143,Pittsylvania,Pittsylvania-Danville,791,37,4
09/02/2020,51145,Powhatan,Chesterfield,191,12,4
09/02/2020,51147,"Prince Edward",Piedmont,503,30,12
09/02/2020,51149,"Prince George",Crater,573,21,2
09/02/2020,51153,"Prince William","Prince William",10944,860,187
09/02/2020,51155,Pulaski,"New River",138,10,3
09/02/2020,51157,Rappahannock,"Rappahannock Rapidan",53,5,2
09/02/2020,51159,"Richmond County","Three Rivers",327,14,4
09/02/2020,51161,"Roanoke County",Alleghany,610,22,4
09/02/2020,51163,Rockbridge,"Central Shenandoah",84,3,1
09/02/2020,51165,Rockingham,"Central Shenandoah",1080,105,20
09/02/2020,51167,Russell,"Cumberland Plateau",189,21,4
09/02/2020,51169,Scott,Lenowisco,156,14,4
09/02/2020,51171,Shenandoah,"Lord Fairfax",775,82,50
09/02/2020,51173,Smyth,"Mount Rogers",282,26,5
09/02/2020,51175,Southampton,"Western Tidewater",361,15,13
09/02/2020,51177,Spotsylvania,Rappahannock,1836,122,38
09/02/2020,51179,Stafford,Rappahannock,1729,137,11
09/02/2020,51181,Surry,Crater,78,6,3
09/02/2020,51183,Sussex,Crater,345,29,9
09/02/2020,51185,Tazewell,"Cumberland Plateau",198,14,2
09/02/2020,51187,Warren,"Lord Fairfax",394,22,6
09/02/2020,51191,Washington,"Mount Rogers",381,35,9
09/02/2020,51193,Westmoreland,"Three Rivers",228,20,3
09/02/2020,51195,Wise,Lenowisco,334,30,5
09/02/2020,51197,Wythe,"Mount Rogers",165,19,3
09/02/2020,51199,York,Peninsula,468,15,6
09/02/2020,51510,Alexandria,Alexandria,3415,300,62
09/02/2020,51520,Bristol,"Mount Rogers",125,8,2
09/02/2020,51530,"Buena Vista City","Central Shenandoah",75,4,1
09/02/2020,51540,Charlottesville,"Thomas Jefferson",699,27,20
09/02/2020,51550,Chesapeake,Chesapeake,3826,334,49
09/02/2020,51570,"Colonial Heights",Chesterfield,229,23,23
09/02/2020,51580,Covington,Alleghany,25,0,0
09/02/2020,51590,Danville,Pittsylvania-Danville,616,63,16
09/02/2020,51595,Emporia,Crater,234,30,17
09/02/2020,51600,"Fairfax City",Fairfax,121,13,7
09/02/2020,51610,"Falls Church",Fairfax,66,11,7
09/02/2020,51620,"Franklin City","Western Tidewater",313,8,7
09/02/2020,51630,Fredericksburg,Rappahannock,486,47,5
09/02/2020,51640,Galax,"Mount Rogers",398,40,28
09/02/2020,51650,Hampton,Hampton,1570,54,16
09/02/2020,51660,Harrisonburg,"Central Shenandoah",1496,83,33
09/02/2020,51670,Hopewell,Crater,350,32,4
09/02/2020,51678,Lexington,"Central Shenandoah",43,2,0
09/02/2020,51680,Lynchburg,"Central Virginia",1008,30,5
09/02/2020,51683,"Manassas City","Prince William",1813,128,24
09/02/2020,51685,"Manassas Park","Prince William",571,53,7
09/02/2020,51690,Martinsville,"West Piedmont",329,48,6
09/02/2020,51700,"Newport News",Peninsula,2364,89,28
09/02/2020,51710,Norfolk,Norfolk,4429,291,57
09/02/2020,51720,Norton,Lenowisco,27,2,0
09/02/2020,51730,Petersburg,Crater,637,69,23
09/02/2020,51735,Poquoson,Peninsula,68,2,0
09/02/2020,51740,Portsmouth,Portsmouth,2242,186,41
09/02/2020,51750,Radford,"New River",504,3,0
09/02/2020,51760,"Richmond City",Richmond,3950,373,49
09/02/2020,51770,"Roanoke City",Roanoke,1203,45,15
09/02/2020,51775,Salem,Alleghany,210,9,4
09/02/2020,51790,Staunton,"Central Shenandoah",173,11,0
09/02/2020,51800,Suffolk,"Western Tidewater",1674,113,62
09/02/2020,51810,"Virginia Beach","Virginia Beach",6081,324,70
09/02/2020,51820,Waynesboro,"Central Shenandoah",218,10,3
09/02/2020,51830,Williamsburg,Peninsula,154,12,6
09/02/2020,51840,Winchester,"Lord Fairfax",447,35,4
09/03/2020,51001,Accomack,"Eastern Shore",1151,87,19
09/03/2020,51003,Albemarle,"Thomas Jefferson",1060,68,19
09/03/2020,51005,Alleghany,Alleghany,68,8,4
09/03/2020,51007,Amelia,Piedmont,100,13,3
09/03/2020,51009,Amherst,"Central Virginia",313,9,1
09/03/2020,51011,Appomattox,"Central Virginia",178,9,1
09/03/2020,51013,Arlington,Arlington,3587,470,141
09/03/2020,51015,Augusta,"Central Shenandoah",373,18,4
09/03/2020,51017,Bath,"Central Shenandoah",4,0,0
09/03/2020,51019,Bedford,"Central Virginia",576,23,9
09/03/2020,51021,Bland,"Mount Rogers",50,1,1
09/03/2020,51023,Botetourt,Alleghany,255,22,10
09/03/2020,51025,Brunswick,Southside,302,25,2
09/03/2020,51027,Buchanan,"Cumberland Plateau",99,6,2
09/03/2020,51029,Buckingham,Piedmont,651,23,8
09/03/2020,51031,Campbell,"Central Virginia",342,9,3
09/03/2020,51033,Caroline,Rappahannock,269,26,5
09/03/2020,51035,Carroll,"Mount Rogers",413,35,19
09/03/2020,51036,"Charles City",Chickahominy,69,18,5
09/03/2020,51037,Charlotte,Piedmont,77,4,0
09/03/2020,51041,Chesterfield,Chesterfield,5185,269,83
09/03/2020,51043,Clarke,"Lord Fairfax",82,11,0
09/03/2020,51045,Craig,Alleghany,22,1,0
09/03/2020,51047,Culpeper,"Rappahannock Rapidan",1124,85,14
09/03/2020,51049,Cumberland,Piedmont,99,8,0
09/03/2020,51051,Dickenson,"Cumberland Plateau",68,7,1
09/03/2020,51053,Dinwiddie,Crater,305,34,8
09/03/2020,51057,Essex,"Three Rivers",136,9,2
09/03/2020,51059,Fairfax,Fairfax,18671,2076,562
09/03/2020,51061,Fauquier,"Rappahannock Rapidan",786,40,9
09/03/2020,51063,Floyd,"New River",153,6,2
09/03/2020,51065,Fluvanna,"Thomas Jefferson",229,35,9
09/03/2020,51067,"Franklin County","West Piedmont",225,11,1
09/03/2020,51069,Frederick,"Lord Fairfax",774,61,11
09/03/2020,51071,Giles,"New River",52,2,0
09/03/2020,51073,Gloucester,"Three Rivers",207,13,2
09/03/2020,51075,Goochland,Chickahominy,224,25,7
09/03/2020,51077,Grayson,"Mount Rogers",225,23,8
09/03/2020,51079,Greene,"Thomas Jefferson",199,10,3
09/03/2020,51081,Greensville,Crater,713,32,11
09/03/2020,51083,Halifax,Southside,216,6,2
09/03/2020,51085,Hanover,Chickahominy,832,87,35
09/03/2020,51087,Henrico,Henrico,4707,383,194
09/03/2020,51089,Henry,"West Piedmont",870,94,16
09/03/2020,51091,Highland,"Central Shenandoah",6,0,0
09/03/2020,51093,"Isle of Wight","Western Tidewater",582,25,11
09/03/2020,51095,"James City",Peninsula,754,63,18
09/03/2020,51097,"King and Queen","Three Rivers",53,8,1
09/03/2020,51099,"King George",Rappahannock,205,21,4
09/03/2020,51101,"King William","Three Rivers",117,9,2
09/03/2020,51103,Lancaster,"Three Rivers",73,5,0
09/03/2020,51105,Lee,Lenowisco,217,19,3
09/03/2020,51107,Loudoun,Loudoun,6077,391,118
09/03/2020,51109,Louisa,"Thomas Jefferson",255,28,3
09/03/2020,51111,Lunenburg,Piedmont,97,6,2
09/03/2020,51113,Madison,"Rappahannock Rapidan",92,6,2
09/03/2020,51115,Mathews,"Three Rivers",23,2,0
09/03/2020,51117,Mecklenburg,Southside,550,40,33
09/03/2020,51119,Middlesex,"Three Rivers",55,6,1
09/03/2020,51121,Montgomery,"New River",660,16,4
09/03/2020,51125,Nelson,"Thomas Jefferson",87,3,0
09/03/2020,51127,"New Kent",Chickahominy,155,13,1
09/03/2020,51131,Northampton,"Eastern Shore",304,49,29
09/03/2020,51133,Northumberland,"Three Rivers",94,8,5
09/03/2020,51135,Nottoway,Piedmont,204,43,15
09/03/2020,51137,Orange,"Rappahannock Rapidan",267,18,4
09/03/2020,51139,Page,"Lord Fairfax",363,39,26
09/03/2020,51141,Patrick,"West Piedmont",239,47,13
09/03/2020,51143,Pittsylvania,Pittsylvania-Danville,807,38,4
09/03/2020,51145,Powhatan,Chesterfield,191,12,4
09/03/2020,51147,"Prince Edward",Piedmont,505,30,12
09/03/2020,51149,"Prince George",Crater,586,21,2
09/03/2020,51153,"Prince William","Prince William",11024,864,188
09/03/2020,51155,Pulaski,"New River",142,10,3
09/03/2020,51157,Rappahannock,"Rappahannock Rapidan",54,5,2
09/03/2020,51159,"Richmond County","Three Rivers",328,14,4
09/03/2020,51161,"Roanoke County",Alleghany,622,22,4
09/03/2020,51163,Rockbridge,"Central Shenandoah",84,3,1
09/03/2020,51165,Rockingham,"Central Shenandoah",1091,105,20
09/03/2020,51167,Russell,"Cumberland Plateau",191,21,4
09/03/2020,51169,Scott,Lenowisco,161,14,4
09/03/2020,51171,Shenandoah,"Lord Fairfax",775,82,50
09/03/2020,51173,Smyth,"Mount Rogers",290,27,5
09/03/2020,51175,Southampton,"Western Tidewater",371,15,13
09/03/2020,51177,Spotsylvania,Rappahannock,1853,123,38
09/03/2020,51179,Stafford,Rappahannock,1737,137,10
09/03/2020,51181,Surry,Crater,82,6,3
09/03/2020,51183,Sussex,Crater,347,29,9
09/03/2020,51185,Tazewell,"Cumberland Plateau",200,14,2
09/03/2020,51187,Warren,"Lord Fairfax",395,22,6
09/03/2020,51191,Washington,"Mount Rogers",395,36,9
09/03/2020,51193,Westmoreland,"Three Rivers",231,20,3
09/03/2020,51195,Wise,Lenowisco,339,30,5
09/03/2020,51197,Wythe,"Mount Rogers",178,19,3
09/03/2020,51199,York,Peninsula,474,15,6
09/03/2020,51510,Alexandria,Alexandria,3436,301,62
09/03/2020,51520,Bristol,"Mount Rogers",120,8,2
09/03/2020,51530,"Buena Vista City","Central Shenandoah",75,4,1
09/03/2020,51540,Charlottesville,"Thomas Jefferson",732,27,22
09/03/2020,51550,Chesapeake,Chesapeake,3859,339,49
09/03/2020,51570,"Colonial Heights",Chesterfield,230,23,23
09/03/2020,51580,Covington,Alleghany,26,0,0
09/03/2020,51590,Danville,Pittsylvania-Danville,630,66,16
09/03/2020,51595,Emporia,Crater,235,30,17
09/03/2020,51600,"Fairfax City",Fairfax,121,13,7
09/03/2020,51610,"Falls Church",Fairfax,66,11,7
09/03/2020,51620,"Franklin City","Western Tidewater",315,8,7
09/03/2020,51630,Fredericksburg,Rappahannock,488,47,5
09/03/2020,51640,Galax,"Mount Rogers",401,40,28
09/03/2020,51650,Hampton,Hampton,1589,54,16
09/03/2020,51660,Harrisonburg,"Central Shenandoah",1551,84,33
09/03/2020,51670,Hopewell,Crater,350,33,5
09/03/2020,51678,Lexington,"Central Shenandoah",43,2,0
09/03/2020,51680,Lynchburg,"Central Virginia",1025,31,5
09/03/2020,51683,"Manassas City","Prince William",1819,128,24
09/03/2020,51685,"Manassas Park","Prince William",571,53,7
09/03/2020,51690,Martinsville,"West Piedmont",330,48,6
09/03/2020,51700,"Newport News",Peninsula,2400,89,28
09/03/2020,51710,Norfolk,Norfolk,4450,300,59
09/03/2020,51720,Norton,Lenowisco,27,2,0
09/03/2020,51730,Petersburg,Crater,642,68,23
09/03/2020,51735,Poquoson,Peninsula,69,2,0
09/03/2020,51740,Portsmouth,Portsmouth,2258,188,42
09/03/2020,51750,Radford,"New River",527,3,0
09/03/2020,51760,"Richmond City",Richmond,4027,376,49
09/03/2020,51770,"Roanoke City",Roanoke,1199,46,15
09/03/2020,51775,Salem,Alleghany,214,9,4
09/03/2020,51790,Staunton,"Central Shenandoah",173,11,0
09/03/2020,51800,Suffolk,"Western Tidewater",1693,113,62
09/03/2020,51810,"Virginia Beach","Virginia Beach",6128,326,70
09/03/2020,51820,Waynesboro,"Central Shenandoah",220,10,3
09/03/2020,51830,Williamsburg,Peninsula,155,12,6
09/03/2020,51840,Winchester,"Lord Fairfax",451,35,4
09/04/2020,51135,Nottoway,Piedmont,205,43,15
09/04/2020,51740,Portsmouth,Portsmouth,2269,191,42
09/04/2020,51181,Surry,Crater,85,6,3
09/04/2020,51187,Warren,"Lord Fairfax",393,22,6
09/04/2020,51007,Amelia,Piedmont,101,13,3
09/04/2020,51045,Craig,Alleghany,22,1,0
09/04/2020,51650,Hampton,Hampton,1603,54,16
09/04/2020,51167,Russell,"Cumberland Plateau",193,21,4
09/04/2020,51820,Waynesboro,"Central Shenandoah",221,10,3
09/04/2020,51177,Spotsylvania,Rappahannock,1863,125,39
09/04/2020,51009,Amherst,"Central Virginia",319,9,1
09/04/2020,51103,Lancaster,"Three Rivers",76,5,0
09/04/2020,51049,Cumberland,Piedmont,100,8,0
09/04/2020,51199,York,Peninsula,480,15,6
09/04/2020,51680,Lynchburg,"Central Virginia",1048,32,5
09/04/2020,51089,Henry,"West Piedmont",880,95,16
09/04/2020,51183,Sussex,Crater,349,29,9
09/04/2020,51735,Poquoson,Peninsula,69,2,0
09/04/2020,51025,Brunswick,Southside,306,25,2
09/04/2020,51117,Mecklenburg,Southside,573,40,33
09/04/2020,51685,"Manassas Park","Prince William",572,53,7
09/04/2020,51720,Norton,Lenowisco,27,2,0
09/04/2020,51109,Louisa,"Thomas Jefferson",257,28,3
09/04/2020,51810,"Virginia Beach","Virginia Beach",6160,327,71
09/04/2020,51101,"King William","Three Rivers",117,9,2
09/04/2020,51061,Fauquier,"Rappahannock Rapidan",792,40,9
09/04/2020,51053,Dinwiddie,Crater,309,34,8
09/04/2020,51077,Grayson,"Mount Rogers",228,23,8
09/04/2020,51775,Salem,Alleghany,218,9,4
09/04/2020,51081,Greensville,Crater,716,31,11
09/04/2020,51660,Harrisonburg,"Central Shenandoah",1587,85,33
09/04/2020,51790,Staunton,"Central Shenandoah",174,11,0
09/04/2020,51520,Bristol,"Mount Rogers",121,8,2
09/04/2020,51127,"New Kent",Chickahominy,157,13,1
09/04/2020,51197,Wythe,"Mount Rogers",185,19,3
09/04/2020,51175,Southampton,"Western Tidewater",372,15,13
09/04/2020,51570,"Colonial Heights",Chesterfield,231,24,23
09/04/2020,51155,Pulaski,"New River",145,10,3
09/04/2020,51195,Wise,Lenowisco,346,31,5
09/04/2020,51043,Clarke,"Lord Fairfax",82,12,0
09/04/2020,51137,Orange,"Rappahannock Rapidan",269,19,4
09/04/2020,51710,Norfolk,Norfolk,4468,301,59
09/04/2020,51840,Winchester,"Lord Fairfax",455,35,4
09/04/2020,51031,Campbell,"Central Virginia",342,9,3
09/04/2020,51033,Caroline,Rappahannock,270,26,5
09/04/2020,51075,Goochland,Chickahominy,224,25,7
09/04/2020,51800,Suffolk,"Western Tidewater",1705,114,63
09/04/2020,51149,"Prince George",Crater,591,21,2
09/04/2020,51083,Halifax,Southside,219,6,2
09/04/2020,51036,"Charles City",Chickahominy,69,18,5
09/04/2020,51017,Bath,"Central Shenandoah",4,0,0
09/04/2020,51153,"Prince William","Prince William",11085,865,188
09/04/2020,51093,"Isle of Wight","Western Tidewater",595,25,11
09/04/2020,51019,Bedford,"Central Virginia",593,24,9
09/04/2020,51159,"Richmond County","Three Rivers",327,14,4
09/04/2020,51550,Chesapeake,Chesapeake,3887,342,49
09/04/2020,51690,Martinsville,"West Piedmont",334,49,6
09/04/2020,51830,Williamsburg,Peninsula,156,12,6
09/04/2020,51099,"King George",Rappahannock,206,21,4
09/04/2020,51079,Greene,"Thomas Jefferson",199,10,3
09/04/2020,51095,"James City",Peninsula,759,63,18
09/04/2020,51139,Page,"Lord Fairfax",365,41,26
09/04/2020,51590,Danville,Pittsylvania-Danville,647,66,16
09/04/2020,51133,Northumberland,"Three Rivers",97,8,5
09/04/2020,51171,Shenandoah,"Lord Fairfax",776,82,50
09/04/2020,51063,Floyd,"New River",153,6,2
09/04/2020,51600,"Fairfax City",Fairfax,124,13,7
09/04/2020,51005,Alleghany,Alleghany,69,8,4
09/04/2020,51580,Covington,Alleghany,26,0,0
09/04/2020,51540,Charlottesville,"Thomas Jefferson",758,27,23
09/04/2020,51057,Essex,"Three Rivers",140,9,2
09/04/2020,51161,"Roanoke County",Alleghany,634,23,5
09/04/2020,51107,Loudoun,Loudoun,6146,394,118
09/04/2020,51041,Chesterfield,Chesterfield,5209,271,83
09/04/2020,51029,Buckingham,Piedmont,654,23,8
09/04/2020,51111,Lunenburg,Piedmont,98,6,2
09/04/2020,51610,"Falls Church",Fairfax,66,11,7
09/04/2020,51121,Montgomery,"New River",766,16,4
09/04/2020,51530,"Buena Vista City","Central Shenandoah",76,4,1
09/04/2020,51021,Bland,"Mount Rogers",59,2,1
09/04/2020,51143,Pittsylvania,Pittsylvania-Danville,827,38,4
09/04/2020,51013,Arlington,Arlington,3605,472,142
09/04/2020,51125,Nelson,"Thomas Jefferson",87,3,0
09/04/2020,51595,Emporia,Crater,236,30,18
09/04/2020,51047,Culpeper,"Rappahannock Rapidan",1128,86,14
09/04/2020,51065,Fluvanna,"Thomas Jefferson",229,35,9
09/04/2020,51670,Hopewell,Crater,351,33,5
09/04/2020,51003,Albemarle,"Thomas Jefferson",1067,68,19
09/04/2020,51157,Rappahannock,"Rappahannock Rapidan",56,5,2
09/04/2020,51085,Hanover,Chickahominy,846,88,35
09/04/2020,51011,Appomattox,"Central Virginia",179,10,1
09/04/2020,51023,Botetourt,Alleghany,255,22,10
09/04/2020,51169,Scott,Lenowisco,161,14,4
09/04/2020,51145,Powhatan,Chesterfield,194,12,4
09/04/2020,51105,Lee,Lenowisco,222,19,3
09/04/2020,51510,Alexandria,Alexandria,3459,302,62
09/04/2020,51770,"Roanoke City",Roanoke,1220,50,15
09/04/2020,51141,Patrick,"West Piedmont",242,47,13
09/04/2020,51119,Middlesex,"Three Rivers",61,6,1
09/04/2020,51067,"Franklin County","West Piedmont",235,12,1
09/04/2020,51071,Giles,"New River",54,2,0
09/04/2020,51630,Fredericksburg,Rappahannock,488,47,5
09/04/2020,51113,Madison,"Rappahannock Rapidan",92,6,2
09/04/2020,51185,Tazewell,"Cumberland Plateau",202,15,2
09/04/2020,51760,"Richmond City",Richmond,4052,381,49
09/04/2020,51730,Petersburg,Crater,652,68,23
09/04/2020,51163,Rockbridge,"Central Shenandoah",84,3,1
09/04/2020,51165,Rockingham,"Central Shenandoah",1108,105,20
09/04/2020,51015,Augusta,"Central Shenandoah",380,18,4
09/04/2020,51087,Henrico,Henrico,4738,386,194
09/04/2020,51640,Galax,"Mount Rogers",401,40,28
09/04/2020,51069,Frederick,"Lord Fairfax",775,61,11
09/04/2020,51147,"Prince Edward",Piedmont,506,30,12
09/04/2020,51059,Fairfax,Fairfax,18740,2079,562
09/04/2020,51750,Radford,"New River",550,3,0
09/04/2020,51131,Northampton,"Eastern Shore",304,49,29
09/04/2020,51051,Dickenson,"Cumberland Plateau",69,7,1
09/04/2020,51179,Stafford,Rappahannock,1752,140,12
09/04/2020,51037,Charlotte,Piedmont,78,4,0
09/04/2020,51035,Carroll,"Mount Rogers",421,35,19
09/04/2020,51073,Gloucester,"Three Rivers",207,13,2
09/04/2020,51173,Smyth,"Mount Rogers",297,27,5
09/04/2020,51683,"Manassas City","Prince William",1826,128,24
09/04/2020,51097,"King and Queen","Three Rivers",53,8,1
09/04/2020,51001,Accomack,"Eastern Shore",1151,87,19
09/04/2020,51091,Highland,"Central Shenandoah",6,0,0
09/04/2020,51620,"Franklin City","Western Tidewater",326,8,7
09/04/2020,51115,Mathews,"Three Rivers",23,2,0
09/04/2020,51678,Lexington,"Central Shenandoah",43,3,1
09/04/2020,51193,Westmoreland,"Three Rivers",231,20,3
09/04/2020,51191,Washington,"Mount Rogers",402,37,9
09/04/2020,51700,"Newport News",Peninsula,2438,89,28
09/04/2020,51027,Buchanan,"Cumberland Plateau",99,6,2
09/05/2020,51001,Accomack,"Eastern Shore",1152,87,19
09/05/2020,51003,Albemarle,"Thomas Jefferson",1079,68,19
09/05/2020,51005,Alleghany,Alleghany,69,8,4
09/05/2020,51007,Amelia,Piedmont,101,13,3
09/05/2020,51009,Amherst,"Central Virginia",320,9,1
09/05/2020,51011,Appomattox,"Central Virginia",180,10,1
09/05/2020,51013,Arlington,Arlington,3620,476,143
09/05/2020,51015,Augusta,"Central Shenandoah",382,20,4
09/05/2020,51017,Bath,"Central Shenandoah",4,0,0
09/05/2020,51019,Bedford,"Central Virginia",602,24,9
09/05/2020,51021,Bland,"Mount Rogers",60,2,1
09/05/2020,51023,Botetourt,Alleghany,256,23,10
09/05/2020,51025,Brunswick,Southside,308,25,2
09/05/2020,51027,Buchanan,"Cumberland Plateau",99,6,2
09/05/2020,51029,Buckingham,Piedmont,655,23,8
09/05/2020,51031,Campbell,"Central Virginia",348,9,3
09/05/2020,51033,Caroline,Rappahannock,274,26,5
09/05/2020,51035,Carroll,"Mount Rogers",436,35,19
09/05/2020,51036,"Charles City",Chickahominy,69,18,5
09/05/2020,51037,Charlotte,Piedmont,79,4,0
09/05/2020,51041,Chesterfield,Chesterfield,5251,273,83
09/05/2020,51043,Clarke,"Lord Fairfax",83,12,0
09/05/2020,51045,Craig,Alleghany,22,1,0
09/05/2020,51047,Culpeper,"Rappahannock Rapidan",1131,87,14
09/05/2020,51049,Cumberland,Piedmont,101,8,0
09/05/2020,51051,Dickenson,"Cumberland Plateau",69,7,1
09/05/2020,51053,Dinwiddie,Crater,314,35,8
09/05/2020,51057,Essex,"Three Rivers",143,9,2
09/05/2020,51059,Fairfax,Fairfax,18876,2083,562
09/05/2020,51061,Fauquier,"Rappahannock Rapidan",794,43,15
09/05/2020,51063,Floyd,"New River",154,6,2
09/05/2020,51065,Fluvanna,"Thomas Jefferson",229,35,9
09/05/2020,51067,"Franklin County","West Piedmont",240,12,1
09/05/2020,51069,Frederick,"Lord Fairfax",777,61,11
09/05/2020,51071,Giles,"New River",58,2,0
09/05/2020,51073,Gloucester,"Three Rivers",207,13,2
09/05/2020,51075,Goochland,Chickahominy,224,25,7
09/05/2020,51077,Grayson,"Mount Rogers",241,23,8
09/05/2020,51079,Greene,"Thomas Jefferson",200,10,3
09/05/2020,51081,Greensville,Crater,716,31,11
09/05/2020,51083,Halifax,Southside,230,7,4
09/05/2020,51085,Hanover,Chickahominy,855,88,35
09/05/2020,51087,Henrico,Henrico,4757,387,194
09/05/2020,51089,Henry,"West Piedmont",907,96,16
09/05/2020,51091,Highland,"Central Shenandoah",6,0,0
09/05/2020,51093,"Isle of Wight","Western Tidewater",603,25,11
09/05/2020,51095,"James City",Peninsula,760,63,18
09/05/2020,51097,"King and Queen","Three Rivers",54,8,1
09/05/2020,51099,"King George",Rappahannock,210,21,4
09/05/2020,51101,"King William","Three Rivers",119,9,2
09/05/2020,51103,Lancaster,"Three Rivers",81,5,0
09/05/2020,51105,Lee,Lenowisco,224,19,4
09/05/2020,51107,Loudoun,Loudoun,6166,394,118
09/05/2020,51109,Louisa,"Thomas Jefferson",260,28,3
09/05/2020,51111,Lunenburg,Piedmont,100,6,2
09/05/2020,51113,Madison,"Rappahannock Rapidan",92,6,2
09/05/2020,51115,Mathews,"Three Rivers",23,2,0
09/05/2020,51117,Mecklenburg,Southside,582,40,33
09/05/2020,51119,Middlesex,"Three Rivers",61,6,1
09/05/2020,51121,Montgomery,"New River",828,17,4
09/05/2020,51125,Nelson,"Thomas Jefferson",88,3,0
09/05/2020,51127,"New Kent",Chickahominy,158,13,1
09/05/2020,51131,Northampton,"Eastern Shore",304,49,29
09/05/2020,51133,Northumberland,"Three Rivers",97,8,5
09/05/2020,51135,Nottoway,Piedmont,206,43,15
09/05/2020,51137,Orange,"Rappahannock Rapidan",269,19,4
09/05/2020,51139,Page,"Lord Fairfax",365,41,27
09/05/2020,51141,Patrick,"West Piedmont",244,48,13
09/05/2020,51143,Pittsylvania,Pittsylvania-Danville,833,38,5
09/05/2020,51145,Powhatan,Chesterfield,195,12,4
09/05/2020,51147,"Prince Edward",Piedmont,508,30,12
09/05/2020,51149,"Prince George",Crater,601,21,2
09/05/2020,51153,"Prince William","Prince William",11125,868,188
09/05/2020,51155,Pulaski,"New River",146,10,3
09/05/2020,51157,Rappahannock,"Rappahannock Rapidan",56,5,2
09/05/2020,51159,"Richmond County","Three Rivers",327,14,4
09/05/2020,51161,"Roanoke County",Alleghany,643,24,5
09/05/2020,51163,Rockbridge,"Central Shenandoah",84,3,1
09/05/2020,51165,Rockingham,"Central Shenandoah",1119,105,20
09/05/2020,51167,Russell,"Cumberland Plateau",194,21,4
09/05/2020,51169,Scott,Lenowisco,162,14,4
09/05/2020,51171,Shenandoah,"Lord Fairfax",776,82,50
09/05/2020,51173,Smyth,"Mount Rogers",307,28,5
09/05/2020,51175,Southampton,"Western Tidewater",375,16,13
09/05/2020,51177,Spotsylvania,Rappahannock,1871,125,39
09/05/2020,51179,Stafford,Rappahannock,1762,142,13
09/05/2020,51181,Surry,Crater,86,6,3
09/05/2020,51183,Sussex,Crater,350,29,9
09/05/2020,51185,Tazewell,"Cumberland Plateau",207,15,2
09/05/2020,51187,Warren,"Lord Fairfax",393,22,6
09/05/2020,51191,Washington,"Mount Rogers",404,37,9
09/05/2020,51193,Westmoreland,"Three Rivers",231,20,3
09/05/2020,51195,Wise,Lenowisco,353,32,5
09/05/2020,51197,Wythe,"Mount Rogers",189,19,3
09/05/2020,51199,York,Peninsula,482,15,6
09/05/2020,51510,Alexandria,Alexandria,3476,302,62
09/05/2020,51520,Bristol,"Mount Rogers",123,8,2
09/05/2020,51530,"Buena Vista City","Central Shenandoah",76,4,1
09/05/2020,51540,Charlottesville,"Thomas Jefferson",768,27,23
09/05/2020,51550,Chesapeake,Chesapeake,3899,342,49
09/05/2020,51570,"Colonial Heights",Chesterfield,232,24,23
09/05/2020,51580,Covington,Alleghany,26,0,0
09/05/2020,51590,Danville,Pittsylvania-Danville,652,67,16
09/05/2020,51595,Emporia,Crater,238,31,19
09/05/2020,51600,"Fairfax City",Fairfax,126,13,7
09/05/2020,51610,"Falls Church",Fairfax,66,11,7
09/05/2020,51620,"Franklin City","Western Tidewater",329,8,7
09/05/2020,51630,Fredericksburg,Rappahannock,491,48,4
09/05/2020,51640,Galax,"Mount Rogers",401,40,28
09/05/2020,51650,Hampton,Hampton,1614,55,16
09/05/2020,51660,Harrisonburg,"Central Shenandoah",1665,87,33
09/05/2020,51670,Hopewell,Crater,355,33,5
09/05/2020,51678,Lexington,"Central Shenandoah",43,3,1
09/05/2020,51680,Lynchburg,"Central Virginia",1063,32,5
09/05/2020,51683,"Manassas City","Prince William",1830,128,24
09/05/2020,51685,"Manassas Park","Prince William",575,53,7
09/05/2020,51690,Martinsville,"West Piedmont",339,49,6
09/05/2020,51700,"Newport News",Peninsula,2450,89,28
09/05/2020,51710,Norfolk,Norfolk,4481,308,60
09/05/2020,51720,Norton,Lenowisco,27,2,0
09/05/2020,51730,Petersburg,Crater,652,68,23
09/05/2020,51735,Poquoson,Peninsula,71,2,0
09/05/2020,51740,Portsmouth,Portsmouth,2277,193,43
09/05/2020,51750,Radford,"New River",564,3,0
09/05/2020,51760,"Richmond City",Richmond,4099,384,49
09/05/2020,51770,"Roanoke City",Roanoke,1235,51,15
09/05/2020,51775,Salem,Alleghany,218,9,4
09/05/2020,51790,Staunton,"Central Shenandoah",177,11,0
09/05/2020,51800,Suffolk,"Western Tidewater",1719,114,63
09/05/2020,51810,"Virginia Beach","Virginia Beach",6183,327,71
09/05/2020,51820,Waynesboro,"Central Shenandoah",224,10,3
09/05/2020,51830,Williamsburg,Peninsula,157,12,6
09/05/2020,51840,Winchester,"Lord Fairfax",455,35,4
09/06/2020,51001,Accomack,"Eastern Shore",1153,87,19
09/06/2020,51003,Albemarle,"Thomas Jefferson",1086,68,19
09/06/2020,51005,Alleghany,Alleghany,71,8,4
09/06/2020,51007,Amelia,Piedmont,102,13,3
09/06/2020,51009,Amherst,"Central Virginia",323,9,1
09/06/2020,51011,Appomattox,"Central Virginia",182,10,1
09/06/2020,51013,Arlington,Arlington,3632,476,143
09/06/2020,51015,Augusta,"Central Shenandoah",385,20,4
09/06/2020,51017,Bath,"Central Shenandoah",4,0,0
09/06/2020,51019,Bedford,"Central Virginia",610,24,9
09/06/2020,51021,Bland,"Mount Rogers",62,2,1
09/06/2020,51023,Botetourt,Alleghany,260,23,10
09/06/2020,51025,Brunswick,Southside,310,26,2
09/06/2020,51027,Buchanan,"Cumberland Plateau",99,6,2
09/06/2020,51029,Buckingham,Piedmont,655,23,8
09/06/2020,51031,Campbell,"Central Virginia",352,9,3
09/06/2020,51033,Caroline,Rappahannock,281,26,5
09/06/2020,51035,Carroll,"Mount Rogers",439,35,19
09/06/2020,51036,"Charles City",Chickahominy,69,18,5
09/06/2020,51037,Charlotte,Piedmont,80,4,0
09/06/2020,51041,Chesterfield,Chesterfield,5259,275,83
09/06/2020,51043,Clarke,"Lord Fairfax",83,12,0
09/06/2020,51045,Craig,Alleghany,22,1,0
09/06/2020,51047,Culpeper,"Rappahannock Rapidan",1134,87,14
09/06/2020,51049,Cumberland,Piedmont,101,8,0
09/06/2020,51051,Dickenson,"Cumberland Plateau",71,7,1
09/06/2020,51053,Dinwiddie,Crater,318,35,8
09/06/2020,51057,Essex,"Three Rivers",146,9,2
09/06/2020,51059,Fairfax,Fairfax,18983,2086,562
09/06/2020,51061,Fauquier,"Rappahannock Rapidan",801,43,15
09/06/2020,51063,Floyd,"New River",156,6,2
09/06/2020,51065,Fluvanna,"Thomas Jefferson",234,35,9
09/06/2020,51067,"Franklin County","West Piedmont",243,12,1
09/06/2020,51069,Frederick,"Lord Fairfax",784,61,11
09/06/2020,51071,Giles,"New River",60,2,0
09/06/2020,51073,Gloucester,"Three Rivers",208,13,2
09/06/2020,51075,Goochland,Chickahominy,228,25,7
09/06/2020,51077,Grayson,"Mount Rogers",252,23,8
09/06/2020,51079,Greene,"Thomas Jefferson",203,10,3
09/06/2020,51081,Greensville,Crater,720,31,11
09/06/2020,51083,Halifax,Southside,234,7,4
09/06/2020,51085,Hanover,Chickahominy,863,88,35
09/06/2020,51087,Henrico,Henrico,4795,390,194
09/06/2020,51089,Henry,"West Piedmont",912,96,16
09/06/2020,51091,Highland,"Central Shenandoah",6,0,0
09/06/2020,51093,"Isle of Wight","Western Tidewater",612,26,11
09/06/2020,51095,"James City",Peninsula,765,63,18
09/06/2020,51097,"King and Queen","Three Rivers",57,8,1
09/06/2020,51099,"King George",Rappahannock,210,21,4
09/06/2020,51101,"King William","Three Rivers",120,9,2
09/06/2020,51103,Lancaster,"Three Rivers",81,5,0
09/06/2020,51105,Lee,Lenowisco,229,20,4
09/06/2020,51107,Loudoun,Loudoun,6198,394,118
09/06/2020,51109,Louisa,"Thomas Jefferson",265,28,3
09/06/2020,51111,Lunenburg,Piedmont,100,6,2
09/06/2020,51113,Madison,"Rappahannock Rapidan",95,6,2
09/06/2020,51115,Mathews,"Three Rivers",23,2,0
09/06/2020,51117,Mecklenburg,Southside,596,40,33
09/06/2020,51119,Middlesex,"Three Rivers",61,6,1
09/06/2020,51121,Montgomery,"New River",969,17,4
09/06/2020,51125,Nelson,"Thomas Jefferson",89,3,0
09/06/2020,51127,"New Kent",Chickahominy,159,13,1
09/06/2020,51131,Northampton,"Eastern Shore",304,49,29
09/06/2020,51133,Northumberland,"Three Rivers",101,8,5
09/06/2020,51135,Nottoway,Piedmont,206,43,15
09/06/2020,51137,Orange,"Rappahannock Rapidan",272,19,4
09/06/2020,51139,Page,"Lord Fairfax",366,41,27
09/06/2020,51141,Patrick,"West Piedmont",245,48,13
09/06/2020,51143,Pittsylvania,Pittsylvania-Danville,855,38,5
09/06/2020,51145,Powhatan,Chesterfield,195,12,4
09/06/2020,51147,"Prince Edward",Piedmont,508,30,12
09/06/2020,51149,"Prince George",Crater,626,21,2
09/06/2020,51153,"Prince William","Prince William",11217,870,188
09/06/2020,51155,Pulaski,"New River",147,10,3
09/06/2020,51157,Rappahannock,"Rappahannock Rapidan",56,5,2
09/06/2020,51159,"Richmond County","Three Rivers",331,14,4
09/06/2020,51161,"Roanoke County",Alleghany,650,24,5
09/06/2020,51163,Rockbridge,"Central Shenandoah",84,3,1
09/06/2020,51165,Rockingham,"Central Shenandoah",1133,106,20
09/06/2020,51167,Russell,"Cumberland Plateau",195,21,4
09/06/2020,51169,Scott,Lenowisco,166,14,4
09/06/2020,51171,Shenandoah,"Lord Fairfax",776,82,50
09/06/2020,51173,Smyth,"Mount Rogers",313,28,5
09/06/2020,51175,Southampton,"Western Tidewater",376,16,13
09/06/2020,51177,Spotsylvania,Rappahannock,1885,125,39
09/06/2020,51179,Stafford,Rappahannock,1769,144,13
09/06/2020,51181,Surry,Crater,87,6,3
09/06/2020,51183,Sussex,Crater,353,29,9
09/06/2020,51185,Tazewell,"Cumberland Plateau",210,15,2
09/06/2020,51187,Warren,"Lord Fairfax",394,22,6
09/06/2020,51191,Washington,"Mount Rogers",416,38,9
09/06/2020,51193,Westmoreland,"Three Rivers",232,20,3
09/06/2020,51195,Wise,Lenowisco,358,32,5
09/06/2020,51197,Wythe,"Mount Rogers",191,19,3
09/06/2020,51199,York,Peninsula,486,15,6
09/06/2020,51510,Alexandria,Alexandria,3500,302,62
09/06/2020,51520,Bristol,"Mount Rogers",135,8,2
09/06/2020,51530,"Buena Vista City","Central Shenandoah",76,4,1
09/06/2020,51540,Charlottesville,"Thomas Jefferson",787,27,23
09/06/2020,51550,Chesapeake,Chesapeake,3932,344,50
09/06/2020,51570,"Colonial Heights",Chesterfield,231,24,23
09/06/2020,51580,Covington,Alleghany,27,0,0
09/06/2020,51590,Danville,Pittsylvania-Danville,675,68,16
09/06/2020,51595,Emporia,Crater,240,31,19
09/06/2020,51600,"Fairfax City",Fairfax,125,13,7
09/06/2020,51610,"Falls Church",Fairfax,66,11,7
09/06/2020,51620,"Franklin City","Western Tidewater",334,9,7
09/06/2020,51630,Fredericksburg,Rappahannock,495,48,4
09/06/2020,51640,Galax,"Mount Rogers",402,41,28
09/06/2020,51650,Hampton,Hampton,1628,57,16
09/06/2020,51660,Harrisonburg,"Central Shenandoah",1735,87,33
09/06/2020,51670,Hopewell,Crater,358,33,5
09/06/2020,51678,Lexington,"Central Shenandoah",43,3,1
09/06/2020,51680,Lynchburg,"Central Virginia",1081,32,5
09/06/2020,51683,"Manassas City","Prince William",1833,128,24
09/06/2020,51685,"Manassas Park","Prince William",580,53,7
09/06/2020,51690,Martinsville,"West Piedmont",344,49,6
09/06/2020,51700,"Newport News",Peninsula,2477,89,28
09/06/2020,51710,Norfolk,Norfolk,4484,308,60
09/06/2020,51720,Norton,Lenowisco,30,3,0
09/06/2020,51730,Petersburg,Crater,658,68,23
09/06/2020,51735,Poquoson,Peninsula,73,2,0
09/06/2020,51740,Portsmouth,Portsmouth,2283,194,43
09/06/2020,51750,Radford,"New River",593,3,0
09/06/2020,51760,"Richmond City",Richmond,4135,387,49
09/06/2020,51770,"Roanoke City",Roanoke,1267,52,15
09/06/2020,51775,Salem,Alleghany,225,9,4
09/06/2020,51790,Staunton,"Central Shenandoah",179,11,0
09/06/2020,51800,Suffolk,"Western Tidewater",1728,115,63
09/06/2020,51810,"Virginia Beach","Virginia Beach",6223,328,71
09/06/2020,51820,Waynesboro,"Central Shenandoah",225,10,3
09/06/2020,51830,Williamsburg,Peninsula,157,12,6
09/06/2020,51840,Winchester,"Lord Fairfax",459,35,4
09/07/2020,51001,Accomack,"Eastern Shore",1153,87,19
09/07/2020,51003,Albemarle,"Thomas Jefferson",1093,68,19
09/07/2020,51005,Alleghany,Alleghany,71,8,4
09/07/2020,51007,Amelia,Piedmont,105,13,3
09/07/2020,51009,Amherst,"Central Virginia",325,10,1
09/07/2020,51011,Appomattox,"Central Virginia",183,10,1
09/07/2020,51013,Arlington,Arlington,3640,476,143
09/07/2020,51015,Augusta,"Central Shenandoah",384,20,4
09/07/2020,51017,Bath,"Central Shenandoah",4,0,0
09/07/2020,51019,Bedford,"Central Virginia",614,24,9
09/07/2020,51021,Bland,"Mount Rogers",62,2,1
09/07/2020,51023,Botetourt,Alleghany,266,23,10
09/07/2020,51025,Brunswick,Southside,310,26,2
09/07/2020,51027,Buchanan,"Cumberland Plateau",100,6,2
09/07/2020,51029,Buckingham,Piedmont,656,23,8
09/07/2020,51031,Campbell,"Central Virginia",354,9,3
09/07/2020,51033,Caroline,Rappahannock,280,26,5
09/07/2020,51035,Carroll,"Mount Rogers",443,35,19
09/07/2020,51036,"Charles City",Chickahominy,69,18,5
09/07/2020,51037,Charlotte,Piedmont,84,4,0
09/07/2020,51041,Chesterfield,Chesterfield,5264,275,83
09/07/2020,51043,Clarke,"Lord Fairfax",85,12,0
09/07/2020,51045,Craig,Alleghany,23,1,0
09/07/2020,51047,Culpeper,"Rappahannock Rapidan",1136,87,14
09/07/2020,51049,Cumberland,Piedmont,102,8,0
09/07/2020,51051,Dickenson,"Cumberland Plateau",71,7,1
09/07/2020,51053,Dinwiddie,Crater,318,35,8
09/07/2020,51057,Essex,"Three Rivers",147,9,2
09/07/2020,51059,Fairfax,Fairfax,19055,2087,562
09/07/2020,51061,Fauquier,"Rappahannock Rapidan",809,43,18
09/07/2020,51063,Floyd,"New River",156,6,2
09/07/2020,51065,Fluvanna,"Thomas Jefferson",235,35,9
09/07/2020,51067,"Franklin County","West Piedmont",249,12,1
09/07/2020,51069,Frederick,"Lord Fairfax",787,61,11
09/07/2020,51071,Giles,"New River",61,2,0
09/07/2020,51073,Gloucester,"Three Rivers",209,13,2
09/07/2020,51075,Goochland,Chickahominy,228,25,7
09/07/2020,51077,Grayson,"Mount Rogers",263,23,8
09/07/2020,51079,Greene,"Thomas Jefferson",203,10,3
09/07/2020,51081,Greensville,Crater,722,31,11
09/07/2020,51083,Halifax,Southside,235,7,4
09/07/2020,51085,Hanover,Chickahominy,876,88,35
09/07/2020,51087,Henrico,Henrico,4806,390,194
09/07/2020,51089,Henry,"West Piedmont",914,96,16
09/07/2020,51091,Highland,"Central Shenandoah",6,0,0
09/07/2020,51093,"Isle of Wight","Western Tidewater",615,26,11
09/07/2020,51095,"James City",Peninsula,769,63,18
09/07/2020,51097,"King and Queen","Three Rivers",58,8,1
09/07/2020,51099,"King George",Rappahannock,211,21,4
09/07/2020,51101,"King William","Three Rivers",121,9,2
09/07/2020,51103,Lancaster,"Three Rivers",81,5,0
09/07/2020,51105,Lee,Lenowisco,231,20,4
09/07/2020,51107,Loudoun,Loudoun,6223,395,118
09/07/2020,51109,Louisa,"Thomas Jefferson",265,28,3
09/07/2020,51111,Lunenburg,Piedmont,100,6,2
09/07/2020,51113,Madison,"Rappahannock Rapidan",95,6,2
09/07/2020,51115,Mathews,"Three Rivers",23,2,0
09/07/2020,51117,Mecklenburg,Southside,597,41,33
09/07/2020,51119,Middlesex,"Three Rivers",61,6,1
09/07/2020,51121,Montgomery,"New River",984,17,4
09/07/2020,51125,Nelson,"Thomas Jefferson",90,4,0
09/07/2020,51127,"New Kent",Chickahominy,159,13,1
09/07/2020,51131,Northampton,"Eastern Shore",304,49,29
09/07/2020,51133,Northumberland,"Three Rivers",101,8,5
09/07/2020,51135,Nottoway,Piedmont,206,43,15
09/07/2020,51137,Orange,"Rappahannock Rapidan",273,19,4
09/07/2020,51139,Page,"Lord Fairfax",366,41,27
09/07/2020,51141,Patrick,"West Piedmont",245,48,13
09/07/2020,51143,Pittsylvania,Pittsylvania-Danville,856,39,6
09/07/2020,51145,Powhatan,Chesterfield,195,12,4
09/07/2020,51147,"Prince Edward",Piedmont,509,30,12
09/07/2020,51149,"Prince George",Crater,626,21,2
09/07/2020,51153,"Prince William","Prince William",11253,872,188
09/07/2020,51155,Pulaski,"New River",148,10,3
09/07/2020,51157,Rappahannock,"Rappahannock Rapidan",57,5,2
09/07/2020,51159,"Richmond County","Three Rivers",332,14,4
09/07/2020,51161,"Roanoke County",Alleghany,661,24,5
09/07/2020,51163,Rockbridge,"Central Shenandoah",84,3,1
09/07/2020,51165,Rockingham,"Central Shenandoah",1145,106,20
09/07/2020,51167,Russell,"Cumberland Plateau",196,21,4
09/07/2020,51169,Scott,Lenowisco,166,14,4
09/07/2020,51171,Shenandoah,"Lord Fairfax",778,82,50
09/07/2020,51173,Smyth,"Mount Rogers",331,29,5
09/07/2020,51175,Southampton,"Western Tidewater",380,16,13
09/07/2020,51177,Spotsylvania,Rappahannock,1892,125,39
09/07/2020,51179,Stafford,Rappahannock,1779,144,13
09/07/2020,51181,Surry,Crater,89,6,3
09/07/2020,51183,Sussex,Crater,354,29,9
09/07/2020,51185,Tazewell,"Cumberland Plateau",211,15,2
09/07/2020,51187,Warren,"Lord Fairfax",395,22,6
09/07/2020,51191,Washington,"Mount Rogers",426,38,9
09/07/2020,51193,Westmoreland,"Three Rivers",232,20,3
09/07/2020,51195,Wise,Lenowisco,363,32,5
09/07/2020,51197,Wythe,"Mount Rogers",193,20,3
09/07/2020,51199,York,Peninsula,488,15,6
09/07/2020,51510,Alexandria,Alexandria,3511,302,62
09/07/2020,51520,Bristol,"Mount Rogers",145,8,2
09/07/2020,51530,"Buena Vista City","Central Shenandoah",76,4,1
09/07/2020,51540,Charlottesville,"Thomas Jefferson",789,27,23
09/07/2020,51550,Chesapeake,Chesapeake,3946,346,50
09/07/2020,51570,"Colonial Heights",Chesterfield,231,24,23
09/07/2020,51580,Covington,Alleghany,29,0,0
09/07/2020,51590,Danville,Pittsylvania-Danville,682,69,17
09/07/2020,51595,Emporia,Crater,241,31,19
09/07/2020,51600,"Fairfax City",Fairfax,125,13,7
09/07/2020,51610,"Falls Church",Fairfax,66,11,7
09/07/2020,51620,"Franklin City","Western Tidewater",339,9,7
09/07/2020,51630,Fredericksburg,Rappahannock,496,48,4
09/07/2020,51640,Galax,"Mount Rogers",403,41,28
09/07/2020,51650,Hampton,Hampton,1629,57,16
09/07/2020,51660,Harrisonburg,"Central Shenandoah",1793,88,33
09/07/2020,51670,Hopewell,Crater,358,33,5
09/07/2020,51678,Lexington,"Central Shenandoah",43,3,1
09/07/2020,51680,Lynchburg,"Central Virginia",1092,33,5
09/07/2020,51683,"Manassas City","Prince William",1837,128,24
09/07/2020,51685,"Manassas Park","Prince William",582,53,7
09/07/2020,51690,Martinsville,"West Piedmont",345,49,6
09/07/2020,51700,"Newport News",Peninsula,2486,90,28
09/07/2020,51710,Norfolk,Norfolk,4533,308,60
09/07/2020,51720,Norton,Lenowisco,30,3,0
09/07/2020,51730,Petersburg,Crater,660,68,23
09/07/2020,51735,Poquoson,Peninsula,73,3,1
09/07/2020,51740,Portsmouth,Portsmouth,2286,194,43
09/07/2020,51750,Radford,"New River",600,3,0
09/07/2020,51760,"Richmond City",Richmond,4153,389,49
09/07/2020,51770,"Roanoke City",Roanoke,1305,52,15
09/07/2020,51775,Salem,Alleghany,231,9,4
09/07/2020,51790,Staunton,"Central Shenandoah",179,11,0
09/07/2020,51800,Suffolk,"Western Tidewater",1733,116,63
09/07/2020,51810,"Virginia Beach","Virginia Beach",6226,328,71
09/07/2020,51820,Waynesboro,"Central Shenandoah",227,10,3
09/07/2020,51830,Williamsburg,Peninsula,157,12,6
09/07/2020,51840,Winchester,"Lord Fairfax",461,36,4
09/08/2020,51001,Accomack,"Eastern Shore",1154,87,19
09/08/2020,51003,Albemarle,"Thomas Jefferson",1096,69,19
09/08/2020,51005,Alleghany,Alleghany,71,8,4
09/08/2020,51007,Amelia,Piedmont,110,13,3
09/08/2020,51009,Amherst,"Central Virginia",325,10,1
09/08/2020,51011,Appomattox,"Central Virginia",183,10,1
09/08/2020,51013,Arlington,Arlington,3656,478,143
09/08/2020,51015,Augusta,"Central Shenandoah",387,20,4
09/08/2020,51017,Bath,"Central Shenandoah",4,0,0
09/08/2020,51019,Bedford,"Central Virginia",616,25,9
09/08/2020,51021,Bland,"Mount Rogers",62,2,1
09/08/2020,51023,Botetourt,Alleghany,266,24,10
09/08/2020,51025,Brunswick,Southside,317,26,2
09/08/2020,51027,Buchanan,"Cumberland Plateau",100,6,2
09/08/2020,51029,Buckingham,Piedmont,656,23,8
09/08/2020,51031,Campbell,"Central Virginia",355,9,3
09/08/2020,51033,Caroline,Rappahannock,285,26,5
09/08/2020,51035,Carroll,"Mount Rogers",446,35,19
09/08/2020,51036,"Charles City",Chickahominy,70,18,5
09/08/2020,51037,Charlotte,Piedmont,86,4,0
09/08/2020,51041,Chesterfield,Chesterfield,5307,277,83
09/08/2020,51043,Clarke,"Lord Fairfax",86,12,0
09/08/2020,51045,Craig,Alleghany,23,1,0
09/08/2020,51047,Culpeper,"Rappahannock Rapidan",1141,87,14
09/08/2020,51049,Cumberland,Piedmont,102,8,0
09/08/2020,51051,Dickenson,"Cumberland Plateau",71,7,1
09/08/2020,51053,Dinwiddie,Crater,322,35,8
09/08/2020,51057,Essex,"Three Rivers",147,9,2
09/08/2020,51059,Fairfax,Fairfax,19135,2090,563
09/08/2020,51061,Fauquier,"Rappahannock Rapidan",814,43,18
09/08/2020,51063,Floyd,"New River",158,6,2
09/08/2020,51065,Fluvanna,"Thomas Jefferson",236,35,9
09/08/2020,51067,"Franklin County","West Piedmont",251,13,1
09/08/2020,51069,Frederick,"Lord Fairfax",793,61,11
09/08/2020,51071,Giles,"New River",61,2,0
09/08/2020,51073,Gloucester,"Three Rivers",210,13,2
09/08/2020,51075,Goochland,Chickahominy,229,25,7
09/08/2020,51077,Grayson,"Mount Rogers",265,23,8
09/08/2020,51079,Greene,"Thomas Jefferson",204,10,3
09/08/2020,51081,Greensville,Crater,724,31,11
09/08/2020,51083,Halifax,Southside,243,7,4
09/08/2020,51085,Hanover,Chickahominy,890,90,35
09/08/2020,51087,Henrico,Henrico,4844,390,194
09/08/2020,51089,Henry,"West Piedmont",915,96,16
09/08/2020,51091,Highland,"Central Shenandoah",6,0,0
09/08/2020,51093,"Isle of Wight","Western Tidewater",617,26,11
09/08/2020,51095,"James City",Peninsula,774,63,18
09/08/2020,51097,"King and Queen","Three Rivers",59,8,1
09/08/2020,51099,"King George",Rappahannock,212,21,4
09/08/2020,51101,"King William","Three Rivers",125,9,2
09/08/2020,51103,Lancaster,"Three Rivers",83,5,0
09/08/2020,51105,Lee,Lenowisco,232,21,4
09/08/2020,51107,Loudoun,Loudoun,6263,396,118
09/08/2020,51109,Louisa,"Thomas Jefferson",265,29,3
09/08/2020,51111,Lunenburg,Piedmont,100,6,2
09/08/2020,51113,Madison,"Rappahannock Rapidan",95,6,2
09/08/2020,51115,Mathews,"Three Rivers",23,2,0
09/08/2020,51117,Mecklenburg,Southside,601,41,33
09/08/2020,51119,Middlesex,"Three Rivers",62,6,1
09/08/2020,51121,Montgomery,"New River",1015,17,4
09/08/2020,51125,Nelson,"Thomas Jefferson",90,4,0
09/08/2020,51127,"New Kent",Chickahominy,160,13,1
09/08/2020,51131,Northampton,"Eastern Shore",304,49,29
09/08/2020,51133,Northumberland,"Three Rivers",101,8,5
09/08/2020,51135,Nottoway,Piedmont,208,43,15
09/08/2020,51137,Orange,"Rappahannock Rapidan",273,19,4
09/08/2020,51139,Page,"Lord Fairfax",366,41,27
09/08/2020,51141,Patrick,"West Piedmont",245,48,13
09/08/2020,51143,Pittsylvania,Pittsylvania-Danville,867,39,6
09/08/2020,51145,Powhatan,Chesterfield,196,12,4
09/08/2020,51147,"Prince Edward",Piedmont,516,30,12
09/08/2020,51149,"Prince George",Crater,626,21,2
09/08/2020,51153,"Prince William","Prince William",11304,873,188
09/08/2020,51155,Pulaski,"New River",148,10,3
09/08/2020,51157,Rappahannock,"Rappahannock Rapidan",58,5,2
09/08/2020,51159,"Richmond County","Three Rivers",333,14,4
09/08/2020,51161,"Roanoke County",Alleghany,661,24,5
09/08/2020,51163,Rockbridge,"Central Shenandoah",87,3,1
09/08/2020,51165,Rockingham,"Central Shenandoah",1171,107,20
09/08/2020,51167,Russell,"Cumberland Plateau",199,21,4
09/08/2020,51169,Scott,Lenowisco,167,14,4
09/08/2020,51171,Shenandoah,"Lord Fairfax",782,82,50
09/08/2020,51173,Smyth,"Mount Rogers",345,31,6
09/08/2020,51175,Southampton,"Western Tidewater",384,16,13
09/08/2020,51177,Spotsylvania,Rappahannock,1905,126,39
09/08/2020,51179,Stafford,Rappahannock,1784,145,13
09/08/2020,51181,Surry,Crater,89,6,3
09/08/2020,51183,Sussex,Crater,357,29,9
09/08/2020,51185,Tazewell,"Cumberland Plateau",217,15,2
09/08/2020,51187,Warren,"Lord Fairfax",395,22,6
09/08/2020,51191,Washington,"Mount Rogers",432,38,9
09/08/2020,51193,Westmoreland,"Three Rivers",232,20,3
09/08/2020,51195,Wise,Lenowisco,364,32,5
09/08/2020,51197,Wythe,"Mount Rogers",193,20,3
09/08/2020,51199,York,Peninsula,492,15,6
09/08/2020,51510,Alexandria,Alexandria,3527,302,62
09/08/2020,51520,Bristol,"Mount Rogers",146,8,2
09/08/2020,51530,"Buena Vista City","Central Shenandoah",76,4,1
09/08/2020,51540,Charlottesville,"Thomas Jefferson",797,27,23
09/08/2020,51550,Chesapeake,Chesapeake,3962,348,50
09/08/2020,51570,"Colonial Heights",Chesterfield,232,24,23
09/08/2020,51580,Covington,Alleghany,29,0,0
09/08/2020,51590,Danville,Pittsylvania-Danville,688,69,17
09/08/2020,51595,Emporia,Crater,241,31,19
09/08/2020,51600,"Fairfax City",Fairfax,125,13,7
09/08/2020,51610,"Falls Church",Fairfax,66,11,7
09/08/2020,51620,"Franklin City","Western Tidewater",340,10,7
09/08/2020,51630,Fredericksburg,Rappahannock,497,48,4
09/08/2020,51640,Galax,"Mount Rogers",403,41,28
09/08/2020,51650,Hampton,Hampton,1651,57,16
09/08/2020,51660,Harrisonburg,"Central Shenandoah",1936,88,33
09/08/2020,51670,Hopewell,Crater,359,33,5
09/08/2020,51678,Lexington,"Central Shenandoah",44,3,1
09/08/2020,51680,Lynchburg,"Central Virginia",1092,34,5
09/08/2020,51683,"Manassas City","Prince William",1836,128,24
09/08/2020,51685,"Manassas Park","Prince William",582,53,7
09/08/2020,51690,Martinsville,"West Piedmont",346,49,6
09/08/2020,51700,"Newport News",Peninsula,2499,90,28
09/08/2020,51710,Norfolk,Norfolk,4537,310,60
09/08/2020,51720,Norton,Lenowisco,31,3,0
09/08/2020,51730,Petersburg,Crater,665,68,23
09/08/2020,51735,Poquoson,Peninsula,74,3,1
09/08/2020,51740,Portsmouth,Portsmouth,2309,195,43
09/08/2020,51750,Radford,"New River",600,3,0
09/08/2020,51760,"Richmond City",Richmond,4176,390,49
09/08/2020,51770,"Roanoke City",Roanoke,1306,52,15
09/08/2020,51775,Salem,Alleghany,233,9,4
09/08/2020,51790,Staunton,"Central Shenandoah",182,11,0
09/08/2020,51800,Suffolk,"Western Tidewater",1748,116,63
09/08/2020,51810,"Virginia Beach","Virginia Beach",6227,328,71
09/08/2020,51820,Waynesboro,"Central Shenandoah",228,10,3
09/08/2020,51830,Williamsburg,Peninsula,157,12,6
09/08/2020,51840,Winchester,"Lord Fairfax",461,36,4
09/09/2020,51001,Accomack,"Eastern Shore",1155,88,19
09/09/2020,51003,Albemarle,"Thomas Jefferson",1101,69,19
09/09/2020,51005,Alleghany,Alleghany,71,8,4
09/09/2020,51007,Amelia,Piedmont,113,13,3
09/09/2020,51009,Amherst,"Central Virginia",327,10,1
09/09/2020,51011,Appomattox,"Central Virginia",183,10,1
09/09/2020,51013,Arlington,Arlington,3679,480,143
09/09/2020,51015,Augusta,"Central Shenandoah",398,20,4
09/09/2020,51017,Bath,"Central Shenandoah",4,0,0
09/09/2020,51019,Bedford,"Central Virginia",621,25,9
09/09/2020,51021,Bland,"Mount Rogers",62,2,1
09/09/2020,51023,Botetourt,Alleghany,265,23,10
09/09/2020,51025,Brunswick,Southside,318,26,2
09/09/2020,51027,Buchanan,"Cumberland Plateau",101,6,2
09/09/2020,51029,Buckingham,Piedmont,657,23,8
09/09/2020,51031,Campbell,"Central Virginia",359,10,3
09/09/2020,51033,Caroline,Rappahannock,283,27,5
09/09/2020,51035,Carroll,"Mount Rogers",448,35,19
09/09/2020,51036,"Charles City",Chickahominy,71,18,5
09/09/2020,51037,Charlotte,Piedmont,86,4,0
09/09/2020,51041,Chesterfield,Chesterfield,5347,283,85
09/09/2020,51043,Clarke,"Lord Fairfax",86,12,0
09/09/2020,51045,Craig,Alleghany,24,1,0
09/09/2020,51047,Culpeper,"Rappahannock Rapidan",1140,88,14
09/09/2020,51049,Cumberland,Piedmont,102,8,0
09/09/2020,51051,Dickenson,"Cumberland Plateau",74,7,1
09/09/2020,51053,Dinwiddie,Crater,327,35,8
09/09/2020,51057,Essex,"Three Rivers",150,10,2
09/09/2020,51059,Fairfax,Fairfax,19177,2096,566
09/09/2020,51061,Fauquier,"Rappahannock Rapidan",827,44,20
09/09/2020,51063,Floyd,"New River",161,7,2
09/09/2020,51065,Fluvanna,"Thomas Jefferson",237,35,9
09/09/2020,51067,"Franklin County","West Piedmont",254,14,1
09/09/2020,51069,Frederick,"Lord Fairfax",794,62,11
09/09/2020,51071,Giles,"New River",61,2,0
09/09/2020,51073,Gloucester,"Three Rivers",211,13,2
09/09/2020,51075,Goochland,Chickahominy,231,25,7
09/09/2020,51077,Grayson,"Mount Rogers",266,22,8
09/09/2020,51079,Greene,"Thomas Jefferson",203,10,3
09/09/2020,51081,Greensville,Crater,727,31,11
09/09/2020,51083,Halifax,Southside,257,7,4
09/09/2020,51085,Hanover,Chickahominy,901,90,35
09/09/2020,51087,Henrico,Henrico,4872,392,195
09/09/2020,51089,Henry,"West Piedmont",920,98,16
09/09/2020,51091,Highland,"Central Shenandoah",6,0,0
09/09/2020,51093,"Isle of Wight","Western Tidewater",625,26,11
09/09/2020,51095,"James City",Peninsula,777,63,18
09/09/2020,51097,"King and Queen","Three Rivers",60,8,1
09/09/2020,51099,"King George",Rappahannock,214,21,4
09/09/2020,51101,"King William","Three Rivers",126,9,2
09/09/2020,51103,Lancaster,"Three Rivers",84,5,0
09/09/2020,51105,Lee,Lenowisco,234,21,4
09/09/2020,51107,Loudoun,Loudoun,6273,399,118
09/09/2020,51109,Louisa,"Thomas Jefferson",265,29,3
09/09/2020,51111,Lunenburg,Piedmont,101,6,2
09/09/2020,51113,Madison,"Rappahannock Rapidan",96,6,2
09/09/2020,51115,Mathews,"Three Rivers",23,2,0
09/09/2020,51117,Mecklenburg,Southside,609,41,33
09/09/2020,51119,Middlesex,"Three Rivers",62,6,1
09/09/2020,51121,Montgomery,"New River",1073,17,4
09/09/2020,51125,Nelson,"Thomas Jefferson",90,4,0
09/09/2020,51127,"New Kent",Chickahominy,160,13,1
09/09/2020,51131,Northampton,"Eastern Shore",304,49,29
09/09/2020,51133,Northumberland,"Three Rivers",102,8,5
09/09/2020,51135,Nottoway,Piedmont,209,43,15
09/09/2020,51137,Orange,"Rappahannock Rapidan",277,19,4
09/09/2020,51139,Page,"Lord Fairfax",366,41,27
09/09/2020,51141,Patrick,"West Piedmont",245,48,13
09/09/2020,51143,Pittsylvania,Pittsylvania-Danville,869,40,6
09/09/2020,51145,Powhatan,Chesterfield,197,12,5
09/09/2020,51147,"Prince Edward",Piedmont,518,30,12
09/09/2020,51149,"Prince George",Crater,665,21,2
09/09/2020,51153,"Prince William","Prince William",11364,876,188
09/09/2020,51155,Pulaski,"New River",156,10,3
09/09/2020,51157,Rappahannock,"Rappahannock Rapidan",58,5,2
09/09/2020,51159,"Richmond County","Three Rivers",334,14,4
09/09/2020,51161,"Roanoke County",Alleghany,667,24,5
09/09/2020,51163,Rockbridge,"Central Shenandoah",87,3,1
09/09/2020,51165,Rockingham,"Central Shenandoah",1183,107,20
09/09/2020,51167,Russell,"Cumberland Plateau",199,21,4
09/09/2020,51169,Scott,Lenowisco,168,14,4
09/09/2020,51171,Shenandoah,"Lord Fairfax",782,84,50
09/09/2020,51173,Smyth,"Mount Rogers",348,31,6
09/09/2020,51175,Southampton,"Western Tidewater",385,16,13
09/09/2020,51177,Spotsylvania,Rappahannock,1926,127,39
09/09/2020,51179,Stafford,Rappahannock,1799,145,13
09/09/2020,51181,Surry,Crater,92,6,3
09/09/2020,51183,Sussex,Crater,360,29,9
09/09/2020,51185,Tazewell,"Cumberland Plateau",219,15,2
09/09/2020,51187,Warren,"Lord Fairfax",396,22,6
09/09/2020,51191,Washington,"Mount Rogers",432,40,9
09/09/2020,51193,Westmoreland,"Three Rivers",232,20,3
09/09/2020,51195,Wise,Lenowisco,365,32,5
09/09/2020,51197,Wythe,"Mount Rogers",196,20,3
09/09/2020,51199,York,Peninsula,492,15,6
09/09/2020,51510,Alexandria,Alexandria,3546,302,62
09/09/2020,51520,Bristol,"Mount Rogers",149,8,2
09/09/2020,51530,"Buena Vista City","Central Shenandoah",77,4,1
09/09/2020,51540,Charlottesville,"Thomas Jefferson",819,27,24
09/09/2020,51550,Chesapeake,Chesapeake,3982,349,50
09/09/2020,51570,"Colonial Heights",Chesterfield,233,24,23
09/09/2020,51580,Covington,Alleghany,29,0,0
09/09/2020,51590,Danville,Pittsylvania-Danville,698,69,17
09/09/2020,51595,Emporia,Crater,241,31,19
09/09/2020,51600,"Fairfax City",Fairfax,126,13,7
09/09/2020,51610,"Falls Church",Fairfax,66,11,7
09/09/2020,51620,"Franklin City","Western Tidewater",343,10,7
09/09/2020,51630,Fredericksburg,Rappahannock,511,48,4
09/09/2020,51640,Galax,"Mount Rogers",403,41,28
09/09/2020,51650,Hampton,Hampton,1661,57,16
09/09/2020,51660,Harrisonburg,"Central Shenandoah",1989,88,34
09/09/2020,51670,Hopewell,Crater,359,34,5
09/09/2020,51678,Lexington,"Central Shenandoah",44,3,1
09/09/2020,51680,Lynchburg,"Central Virginia",1116,34,5
09/09/2020,51683,"Manassas City","Prince William",1842,128,24
09/09/2020,51685,"Manassas Park","Prince William",587,53,7
09/09/2020,51690,Martinsville,"West Piedmont",348,49,6
09/09/2020,51700,"Newport News",Peninsula,2505,90,28
09/09/2020,51710,Norfolk,Norfolk,4545,312,60
09/09/2020,51720,Norton,Lenowisco,31,3,0
09/09/2020,51730,Petersburg,Crater,670,69,23
09/09/2020,51735,Poquoson,Peninsula,74,3,1
09/09/2020,51740,Portsmouth,Portsmouth,2324,217,43
09/09/2020,51750,Radford,"New River",607,3,0
09/09/2020,51760,"Richmond City",Richmond,4198,393,49
09/09/2020,51770,"Roanoke City",Roanoke,1312,53,15
09/09/2020,51775,Salem,Alleghany,234,10,4
09/09/2020,51790,Staunton,"Central Shenandoah",187,11,0
09/09/2020,51800,Suffolk,"Western Tidewater",1758,116,63
09/09/2020,51810,"Virginia Beach","Virginia Beach",6305,335,71
09/09/2020,51820,Waynesboro,"Central Shenandoah",230,10,3
09/09/2020,51830,Williamsburg,Peninsula,158,12,6
09/09/2020,51840,Winchester,"Lord Fairfax",461,36,4
09/10/2020,51001,Accomack,"Eastern Shore",1156,88,19
09/10/2020,51003,Albemarle,"Thomas Jefferson",1110,70,19
09/10/2020,51005,Alleghany,Alleghany,73,8,4
09/10/2020,51007,Amelia,Piedmont,114,13,3
09/10/2020,51009,Amherst,"Central Virginia",328,11,1
09/10/2020,51011,Appomattox,"Central Virginia",185,10,1
09/10/2020,51013,Arlington,Arlington,3687,481,144
09/10/2020,51015,Augusta,"Central Shenandoah",408,20,4
09/10/2020,51017,Bath,"Central Shenandoah",4,0,0
09/10/2020,51019,Bedford,"Central Virginia",630,26,9
09/10/2020,51021,Bland,"Mount Rogers",61,2,1
09/10/2020,51023,Botetourt,Alleghany,269,23,10
09/10/2020,51025,Brunswick,Southside,320,26,2
09/10/2020,51027,Buchanan,"Cumberland Plateau",105,6,2
09/10/2020,51029,Buckingham,Piedmont,663,24,8
09/10/2020,51031,Campbell,"Central Virginia",359,10,3
09/10/2020,51033,Caroline,Rappahannock,287,28,5
09/10/2020,51035,Carroll,"Mount Rogers",450,36,19
09/10/2020,51036,"Charles City",Chickahominy,73,18,5
09/10/2020,51037,Charlotte,Piedmont,90,4,0
09/10/2020,51041,Chesterfield,Chesterfield,5401,284,85
09/10/2020,51043,Clarke,"Lord Fairfax",86,12,0
09/10/2020,51045,Craig,Alleghany,24,1,0
09/10/2020,51047,Culpeper,"Rappahannock Rapidan",1144,89,14
09/10/2020,51049,Cumberland,Piedmont,102,8,0
09/10/2020,51051,Dickenson,"Cumberland Plateau",75,7,1
09/10/2020,51053,Dinwiddie,Crater,329,35,8
09/10/2020,51057,Essex,"Three Rivers",155,10,2
09/10/2020,51059,Fairfax,Fairfax,19282,2099,566
09/10/2020,51061,Fauquier,"Rappahannock Rapidan",832,44,21
09/10/2020,51063,Floyd,"New River",166,10,3
09/10/2020,51065,Fluvanna,"Thomas Jefferson",239,35,9
09/10/2020,51067,"Franklin County","West Piedmont",259,15,1
09/10/2020,51069,Frederick,"Lord Fairfax",799,62,11
09/10/2020,51071,Giles,"New River",63,2,0
09/10/2020,51073,Gloucester,"Three Rivers",216,13,2
09/10/2020,51075,Goochland,Chickahominy,238,26,7
09/10/2020,51077,Grayson,"Mount Rogers",267,22,8
09/10/2020,51079,Greene,"Thomas Jefferson",204,10,3
09/10/2020,51081,Greensville,Crater,730,31,11
09/10/2020,51083,Halifax,Southside,264,7,4
09/10/2020,51085,Hanover,Chickahominy,1023,90,35
09/10/2020,51087,Henrico,Henrico,4925,395,195
09/10/2020,51089,Henry,"West Piedmont",937,105,16
09/10/2020,51091,Highland,"Central Shenandoah",6,0,0
09/10/2020,51093,"Isle of Wight","Western Tidewater",635,26,11
09/10/2020,51095,"James City",Peninsula,782,63,18
09/10/2020,51097,"King and Queen","Three Rivers",60,8,1
09/10/2020,51099,"King George",Rappahannock,217,21,4
09/10/2020,51101,"King William","Three Rivers",130,10,2
09/10/2020,51103,Lancaster,"Three Rivers",87,5,0
09/10/2020,51105,Lee,Lenowisco,238,21,4
09/10/2020,51107,Loudoun,Loudoun,6327,402,118
09/10/2020,51109,Louisa,"Thomas Jefferson",266,29,3
09/10/2020,51111,Lunenburg,Piedmont,101,6,2
09/10/2020,51113,Madison,"Rappahannock Rapidan",96,6,2
09/10/2020,51115,Mathews,"Three Rivers",23,2,0
09/10/2020,51117,Mecklenburg,Southside,612,41,33
09/10/2020,51119,Middlesex,"Three Rivers",62,6,1
09/10/2020,51121,Montgomery,"New River",1140,17,4
09/10/2020,51125,Nelson,"Thomas Jefferson",91,4,0
09/10/2020,51127,"New Kent",Chickahominy,161,13,1
09/10/2020,51131,Northampton,"Eastern Shore",304,49,29
09/10/2020,51133,Northumberland,"Three Rivers",103,8,5
09/10/2020,51135,Nottoway,Piedmont,210,43,15
09/10/2020,51137,Orange,"Rappahannock Rapidan",278,19,4
09/10/2020,51139,Page,"Lord Fairfax",366,41,27
09/10/2020,51141,Patrick,"West Piedmont",246,48,13
09/10/2020,51143,Pittsylvania,Pittsylvania-Danville,880,40,6
09/10/2020,51145,Powhatan,Chesterfield,198,13,5
09/10/2020,51147,"Prince Edward",Piedmont,519,30,12
09/10/2020,51149,"Prince George",Crater,676,22,2
09/10/2020,51153,"Prince William","Prince William",11432,880,191
09/10/2020,51155,Pulaski,"New River",158,11,3
09/10/2020,51157,Rappahannock,"Rappahannock Rapidan",58,5,2
09/10/2020,51159,"Richmond County","Three Rivers",334,14,4
09/10/2020,51161,"Roanoke County",Alleghany,677,24,5
09/10/2020,51163,Rockbridge,"Central Shenandoah",88,3,1
09/10/2020,51165,Rockingham,"Central Shenandoah",1204,108,20
09/10/2020,51167,Russell,"Cumberland Plateau",203,21,4
09/10/2020,51169,Scott,Lenowisco,170,14,4
09/10/2020,51171,Shenandoah,"Lord Fairfax",782,84,50
09/10/2020,51173,Smyth,"Mount Rogers",359,31,6
09/10/2020,51175,Southampton,"Western Tidewater",393,16,13
09/10/2020,51177,Spotsylvania,Rappahannock,1952,127,39
09/10/2020,51179,Stafford,Rappahannock,1813,145,13
09/10/2020,51181,Surry,Crater,95,6,3
09/10/2020,51183,Sussex,Crater,363,29,9
09/10/2020,51185,Tazewell,"Cumberland Plateau",223,15,2
09/10/2020,51187,Warren,"Lord Fairfax",398,22,6
09/10/2020,51191,Washington,"Mount Rogers",433,40,10
09/10/2020,51193,Westmoreland,"Three Rivers",234,20,3
09/10/2020,51195,Wise,Lenowisco,371,32,5
09/10/2020,51197,Wythe,"Mount Rogers",201,20,3
09/10/2020,51199,York,Peninsula,497,15,6
09/10/2020,51510,Alexandria,Alexandria,3558,303,62
09/10/2020,51520,Bristol,"Mount Rogers",151,8,2
09/10/2020,51530,"Buena Vista City","Central Shenandoah",77,4,1
09/10/2020,51540,Charlottesville,"Thomas Jefferson",833,27,24
09/10/2020,51550,Chesapeake,Chesapeake,4007,352,50
09/10/2020,51570,"Colonial Heights",Chesterfield,235,24,23
09/10/2020,51580,Covington,Alleghany,29,1,0
09/10/2020,51590,Danville,Pittsylvania-Danville,710,69,17
09/10/2020,51595,Emporia,Crater,242,32,19
09/10/2020,51600,"Fairfax City",Fairfax,126,13,7
09/10/2020,51610,"Falls Church",Fairfax,66,11,7
09/10/2020,51620,"Franklin City","Western Tidewater",350,10,7
09/10/2020,51630,Fredericksburg,Rappahannock,509,49,4
09/10/2020,51640,Galax,"Mount Rogers",403,41,28
09/10/2020,51650,Hampton,Hampton,1687,57,16
09/10/2020,51660,Harrisonburg,"Central Shenandoah",2036,88,34
09/10/2020,51670,Hopewell,Crater,362,35,5
09/10/2020,51678,Lexington,"Central Shenandoah",46,3,1
09/10/2020,51680,Lynchburg,"Central Virginia",1131,34,5
09/10/2020,51683,"Manassas City","Prince William",1844,127,24
09/10/2020,51685,"Manassas Park","Prince William",593,54,8
09/10/2020,51690,Martinsville,"West Piedmont",351,52,6
09/10/2020,51700,"Newport News",Peninsula,2527,90,28
09/10/2020,51710,Norfolk,Norfolk,4577,319,60
09/10/2020,51720,Norton,Lenowisco,31,3,0
09/10/2020,51730,Petersburg,Crater,675,69,23
09/10/2020,51735,Poquoson,Peninsula,74,3,1
09/10/2020,51740,Portsmouth,Portsmouth,2337,236,45
09/10/2020,51750,Radford,"New River",620,3,0
09/10/2020,51760,"Richmond City",Richmond,4220,394,50
09/10/2020,51770,"Roanoke City",Roanoke,1329,54,15
09/10/2020,51775,Salem,Alleghany,240,10,4
09/10/2020,51790,Staunton,"Central Shenandoah",189,11,0
09/10/2020,51800,Suffolk,"Western Tidewater",1773,116,63
09/10/2020,51810,"Virginia Beach","Virginia Beach",6345,335,71
09/10/2020,51820,Waynesboro,"Central Shenandoah",234,10,3
09/10/2020,51830,Williamsburg,Peninsula,161,12,6
09/10/2020,51840,Winchester,"Lord Fairfax",463,35,4
09/11/2020,51001,Accomack,"Eastern Shore",1158,88,19
09/11/2020,51003,Albemarle,"Thomas Jefferson",1122,71,19
09/11/2020,51005,Alleghany,Alleghany,75,8,4
09/11/2020,51007,Amelia,Piedmont,115,13,3
09/11/2020,51009,Amherst,"Central Virginia",333,11,1
09/11/2020,51011,Appomattox,"Central Virginia",190,10,1
09/11/2020,51013,Arlington,Arlington,3700,481,144
09/11/2020,51015,Augusta,"Central Shenandoah",414,20,4
09/11/2020,51017,Bath,"Central Shenandoah",4,0,0
09/11/2020,51019,Bedford,"Central Virginia",650,27,9
09/11/2020,51021,Bland,"Mount Rogers",64,2,1
09/11/2020,51023,Botetourt,Alleghany,272,23,10
09/11/2020,51025,Brunswick,Southside,326,26,2
09/11/2020,51027,Buchanan,"Cumberland Plateau",107,6,2
09/11/2020,51029,Buckingham,Piedmont,665,24,8
09/11/2020,51031,Campbell,"Central Virginia",366,10,3
09/11/2020,51033,Caroline,Rappahannock,290,28,5
09/11/2020,51035,Carroll,"Mount Rogers",452,36,19
09/11/2020,51036,"Charles City",Chickahominy,76,20,5
09/11/2020,51037,Charlotte,Piedmont,95,5,0
09/11/2020,51041,Chesterfield,Chesterfield,5450,288,85
09/11/2020,51043,Clarke,"Lord Fairfax",86,12,0
09/11/2020,51045,Craig,Alleghany,25,1,0
09/11/2020,51047,Culpeper,"Rappahannock Rapidan",1150,90,14
09/11/2020,51049,Cumberland,Piedmont,102,8,0
09/11/2020,51051,Dickenson,"Cumberland Plateau",76,7,1
09/11/2020,51053,Dinwiddie,Crater,330,35,8
09/11/2020,51057,Essex,"Three Rivers",159,11,2
09/11/2020,51059,Fairfax,Fairfax,19359,2100,567
09/11/2020,51061,Fauquier,"Rappahannock Rapidan",838,45,21
09/11/2020,51063,Floyd,"New River",172,10,3
09/11/2020,51065,Fluvanna,"Thomas Jefferson",242,35,9
09/11/2020,51067,"Franklin County","West Piedmont",263,15,1
09/11/2020,51069,Frederick,"Lord Fairfax",806,62,11
09/11/2020,51071,Giles,"New River",65,2,0
09/11/2020,51073,Gloucester,"Three Rivers",218,13,2
09/11/2020,51075,Goochland,Chickahominy,241,26,7
09/11/2020,51077,Grayson,"Mount Rogers",269,22,8
09/11/2020,51079,Greene,"Thomas Jefferson",207,10,3
09/11/2020,51081,Greensville,Crater,732,31,11
09/11/2020,51083,Halifax,Southside,267,7,4
09/11/2020,51085,Hanover,Chickahominy,1049,90,35
09/11/2020,51087,Henrico,Henrico,4966,397,195
09/11/2020,51089,Henry,"West Piedmont",943,106,16
09/11/2020,51091,Highland,"Central Shenandoah",6,0,0
09/11/2020,51093,"Isle of Wight","Western Tidewater",640,26,11
09/11/2020,51095,"James City",Peninsula,784,63,18
09/11/2020,51097,"King and Queen","Three Rivers",63,8,1
09/11/2020,51099,"King George",Rappahannock,220,21,4
09/11/2020,51101,"King William","Three Rivers",132,11,2
09/11/2020,51103,Lancaster,"Three Rivers",93,5,0
09/11/2020,51105,Lee,Lenowisco,244,21,4
09/11/2020,51107,Loudoun,Loudoun,6377,408,118
09/11/2020,51109,Louisa,"Thomas Jefferson",267,29,3
09/11/2020,51111,Lunenburg,Piedmont,105,6,2
09/11/2020,51113,Madison,"Rappahannock Rapidan",95,6,2
09/11/2020,51115,Mathews,"Three Rivers",23,2,0
09/11/2020,51117,Mecklenburg,Southside,626,42,33
09/11/2020,51119,Middlesex,"Three Rivers",66,7,1
09/11/2020,51121,Montgomery,"New River",1211,17,4
09/11/2020,51125,Nelson,"Thomas Jefferson",91,4,0
09/11/2020,51127,"New Kent",Chickahominy,164,13,2
09/11/2020,51131,Northampton,"Eastern Shore",304,49,29
09/11/2020,51133,Northumberland,"Three Rivers",111,8,5
09/11/2020,51135,Nottoway,Piedmont,219,43,15
09/11/2020,51137,Orange,"Rappahannock Rapidan",281,19,4
09/11/2020,51139,Page,"Lord Fairfax",367,41,27
09/11/2020,51141,Patrick,"West Piedmont",249,48,13
09/11/2020,51143,Pittsylvania,Pittsylvania-Danville,891,42,6
09/11/2020,51145,Powhatan,Chesterfield,199,13,5
09/11/2020,51147,"Prince Edward",Piedmont,523,30,12
09/11/2020,51149,"Prince George",Crater,676,22,2
09/11/2020,51153,"Prince William","Prince William",11525,880,191
09/11/2020,51155,Pulaski,"New River",159,11,3
09/11/2020,51157,Rappahannock,"Rappahannock Rapidan",59,5,2
09/11/2020,51159,"Richmond County","Three Rivers",335,14,4
09/11/2020,51161,"Roanoke County",Alleghany,687,24,5
09/11/2020,51163,Rockbridge,"Central Shenandoah",89,4,2
09/11/2020,51165,Rockingham,"Central Shenandoah",1213,108,20
09/11/2020,51167,Russell,"Cumberland Plateau",207,21,4
09/11/2020,51169,Scott,Lenowisco,172,14,4
09/11/2020,51171,Shenandoah,"Lord Fairfax",785,84,50
09/11/2020,51173,Smyth,"Mount Rogers",366,32,6
09/11/2020,51175,Southampton,"Western Tidewater",395,16,13
09/11/2020,51177,Spotsylvania,Rappahannock,1973,128,39
09/11/2020,51179,Stafford,Rappahannock,1831,145,13
09/11/2020,51181,Surry,Crater,95,7,3
09/11/2020,51183,Sussex,Crater,366,29,9
09/11/2020,51185,Tazewell,"Cumberland Plateau",227,15,2
09/11/2020,51187,Warren,"Lord Fairfax",400,23,6
09/11/2020,51191,Washington,"Mount Rogers",442,42,10
09/11/2020,51193,Westmoreland,"Three Rivers",236,20,3
09/11/2020,51195,Wise,Lenowisco,373,32,5
09/11/2020,51197,Wythe,"Mount Rogers",201,20,3
09/11/2020,51199,York,Peninsula,497,15,6
09/11/2020,51510,Alexandria,Alexandria,3577,304,62
09/11/2020,51520,Bristol,"Mount Rogers",153,8,2
09/11/2020,51530,"Buena Vista City","Central Shenandoah",77,4,1
09/11/2020,51540,Charlottesville,"Thomas Jefferson",867,27,24
09/11/2020,51550,Chesapeake,Chesapeake,4026,357,49
09/11/2020,51570,"Colonial Heights",Chesterfield,237,24,23
09/11/2020,51580,Covington,Alleghany,29,1,0
09/11/2020,51590,Danville,Pittsylvania-Danville,716,71,17
09/11/2020,51595,Emporia,Crater,242,32,19
09/11/2020,51600,"Fairfax City",Fairfax,127,13,7
09/11/2020,51610,"Falls Church",Fairfax,67,11,7
09/11/2020,51620,"Franklin City","Western Tidewater",360,10,7
09/11/2020,51630,Fredericksburg,Rappahannock,508,49,4
09/11/2020,51640,Galax,"Mount Rogers",403,41,28
09/11/2020,51650,Hampton,Hampton,1690,57,16
09/11/2020,51660,Harrisonburg,"Central Shenandoah",2090,89,34
09/11/2020,51670,Hopewell,Crater,362,35,5
09/11/2020,51678,Lexington,"Central Shenandoah",46,3,1
09/11/2020,51680,Lynchburg,"Central Virginia",1147,34,5
09/11/2020,51683,"Manassas City","Prince William",1850,127,24
09/11/2020,51685,"Manassas Park","Prince William",592,54,8
09/11/2020,51690,Martinsville,"West Piedmont",358,53,6
09/11/2020,51700,"Newport News",Peninsula,2532,90,28
09/11/2020,51710,Norfolk,Norfolk,4612,327,61
09/11/2020,51720,Norton,Lenowisco,32,3,0
09/11/2020,51730,Petersburg,Crater,677,69,23
09/11/2020,51735,Poquoson,Peninsula,73,3,1
09/11/2020,51740,Portsmouth,Portsmouth,2343,249,45
09/11/2020,51750,Radford,"New River",632,4,0
09/11/2020,51760,"Richmond City",Richmond,4259,395,50
09/11/2020,51770,"Roanoke City",Roanoke,1359,55,15
09/11/2020,51775,Salem,Alleghany,243,10,4
09/11/2020,51790,Staunton,"Central Shenandoah",198,11,0
09/11/2020,51800,Suffolk,"Western Tidewater",1780,117,63
09/11/2020,51810,"Virginia Beach","Virginia Beach",6368,336,71
09/11/2020,51820,Waynesboro,"Central Shenandoah",236,10,3
09/11/2020,51830,Williamsburg,Peninsula,162,12,6
09/11/2020,51840,Winchester,"Lord Fairfax",461,35,4
09/12/2020,51001,Accomack,"Eastern Shore",1158,88,19
09/12/2020,51003,Albemarle,"Thomas Jefferson",1128,72,19
09/12/2020,51005,Alleghany,Alleghany,74,8,4
09/12/2020,51007,Amelia,Piedmont,120,13,3
09/12/2020,51009,Amherst,"Central Virginia",339,11,1
09/12/2020,51011,Appomattox,"Central Virginia",192,10,1
09/12/2020,51013,Arlington,Arlington,3710,481,145
09/12/2020,51015,Augusta,"Central Shenandoah",421,21,4
09/12/2020,51017,Bath,"Central Shenandoah",4,0,0
09/12/2020,51019,Bedford,"Central Virginia",655,28,9
09/12/2020,51021,Bland,"Mount Rogers",64,2,1
09/12/2020,51023,Botetourt,Alleghany,274,23,10
09/12/2020,51025,Brunswick,Southside,327,27,2
09/12/2020,51027,Buchanan,"Cumberland Plateau",109,6,2
09/12/2020,51029,Buckingham,Piedmont,665,24,8
09/12/2020,51031,Campbell,"Central Virginia",377,10,3
09/12/2020,51033,Caroline,Rappahannock,294,28,5
09/12/2020,51035,Carroll,"Mount Rogers",457,36,19
09/12/2020,51036,"Charles City",Chickahominy,76,20,5
09/12/2020,51037,Charlotte,Piedmont,96,5,0
09/12/2020,51041,Chesterfield,Chesterfield,5500,292,85
09/12/2020,51043,Clarke,"Lord Fairfax",87,12,0
09/12/2020,51045,Craig,Alleghany,25,1,0
09/12/2020,51047,Culpeper,"Rappahannock Rapidan",1152,90,14
09/12/2020,51049,Cumberland,Piedmont,102,8,0
09/12/2020,51051,Dickenson,"Cumberland Plateau",79,7,1
09/12/2020,51053,Dinwiddie,Crater,336,35,8
09/12/2020,51057,Essex,"Three Rivers",160,11,2
09/12/2020,51059,Fairfax,Fairfax,19495,2107,568
09/12/2020,51061,Fauquier,"Rappahannock Rapidan",854,45,21
09/12/2020,51063,Floyd,"New River",178,10,3
09/12/2020,51065,Fluvanna,"Thomas Jefferson",246,35,9
09/12/2020,51067,"Franklin County","West Piedmont",266,15,1
09/12/2020,51069,Frederick,"Lord Fairfax",809,62,11
09/12/2020,51071,Giles,"New River",67,2,0
09/12/2020,51073,Gloucester,"Three Rivers",222,13,2
09/12/2020,51075,Goochland,Chickahominy,242,26,7
09/12/2020,51077,Grayson,"Mount Rogers",269,23,8
09/12/2020,51079,Greene,"Thomas Jefferson",207,10,3
09/12/2020,51081,Greensville,Crater,735,31,11
09/12/2020,51083,Halifax,Southside,277,7,4
09/12/2020,51085,Hanover,Chickahominy,1068,91,35
09/12/2020,51087,Henrico,Henrico,5000,396,195
09/12/2020,51089,Henry,"West Piedmont",953,106,16
09/12/2020,51091,Highland,"Central Shenandoah",6,0,0
09/12/2020,51093,"Isle of Wight","Western Tidewater",644,26,11
09/12/2020,51095,"James City",Peninsula,792,63,18
09/12/2020,51097,"King and Queen","Three Rivers",64,8,1
09/12/2020,51099,"King George",Rappahannock,222,21,4
09/12/2020,51101,"King William","Three Rivers",134,11,2
09/12/2020,51103,Lancaster,"Three Rivers",96,6,0
09/12/2020,51105,Lee,Lenowisco,246,21,5
09/12/2020,51107,Loudoun,Loudoun,6409,410,118
09/12/2020,51109,Louisa,"Thomas Jefferson",270,29,3
09/12/2020,51111,Lunenburg,Piedmont,106,6,2
09/12/2020,51113,Madison,"Rappahannock Rapidan",96,6,2
09/12/2020,51115,Mathews,"Three Rivers",23,2,0
09/12/2020,51117,Mecklenburg,Southside,628,42,33
09/12/2020,51119,Middlesex,"Three Rivers",77,7,3
09/12/2020,51121,Montgomery,"New River",1341,19,4
09/12/2020,51125,Nelson,"Thomas Jefferson",92,4,0
09/12/2020,51127,"New Kent",Chickahominy,164,13,2
09/12/2020,51131,Northampton,"Eastern Shore",304,49,29
09/12/2020,51133,Northumberland,"Three Rivers",114,8,5
09/12/2020,51135,Nottoway,Piedmont,221,43,15
09/12/2020,51137,Orange,"Rappahannock Rapidan",281,19,4
09/12/2020,51139,Page,"Lord Fairfax",370,41,27
09/12/2020,51141,Patrick,"West Piedmont",250,48,13
09/12/2020,51143,Pittsylvania,Pittsylvania-Danville,901,44,6
09/12/2020,51145,Powhatan,Chesterfield,202,13,5
09/12/2020,51147,"Prince Edward",Piedmont,528,30,12
09/12/2020,51149,"Prince George",Crater,682,22,2
09/12/2020,51153,"Prince William","Prince William",11608,882,191
09/12/2020,51155,Pulaski,"New River",172,13,3
09/12/2020,51157,Rappahannock,"Rappahannock Rapidan",59,5,2
09/12/2020,51159,"Richmond County","Three Rivers",336,14,4
09/12/2020,51161,"Roanoke County",Alleghany,696,24,5
09/12/2020,51163,Rockbridge,"Central Shenandoah",90,4,2
09/12/2020,51165,Rockingham,"Central Shenandoah",1254,108,20
09/12/2020,51167,Russell,"Cumberland Plateau",209,21,4
09/12/2020,51169,Scott,Lenowisco,172,14,4
09/12/2020,51171,Shenandoah,"Lord Fairfax",787,84,50
09/12/2020,51173,Smyth,"Mount Rogers",375,33,6
09/12/2020,51175,Southampton,"Western Tidewater",401,16,14
09/12/2020,51177,Spotsylvania,Rappahannock,2002,129,39
09/12/2020,51179,Stafford,Rappahannock,1846,146,13
09/12/2020,51181,Surry,Crater,101,7,3
09/12/2020,51183,Sussex,Crater,367,29,9
09/12/2020,51185,Tazewell,"Cumberland Plateau",230,15,2
09/12/2020,51187,Warren,"Lord Fairfax",402,23,6
09/12/2020,51191,Washington,"Mount Rogers",462,42,12
09/12/2020,51193,Westmoreland,"Three Rivers",237,20,3
09/12/2020,51195,Wise,Lenowisco,377,32,6
09/12/2020,51197,Wythe,"Mount Rogers",203,20,3
09/12/2020,51199,York,Peninsula,503,15,6
09/12/2020,51510,Alexandria,Alexandria,3594,305,62
09/12/2020,51520,Bristol,"Mount Rogers",157,9,2
09/12/2020,51530,"Buena Vista City","Central Shenandoah",77,4,1
09/12/2020,51540,Charlottesville,"Thomas Jefferson",899,27,24
09/12/2020,51550,Chesapeake,Chesapeake,4048,364,49
09/12/2020,51570,"Colonial Heights",Chesterfield,239,24,23
09/12/2020,51580,Covington,Alleghany,29,1,0
09/12/2020,51590,Danville,Pittsylvania-Danville,729,74,17
09/12/2020,51595,Emporia,Crater,242,32,19
09/12/2020,51600,"Fairfax City",Fairfax,127,13,7
09/12/2020,51610,"Falls Church",Fairfax,66,11,7
09/12/2020,51620,"Franklin City","Western Tidewater",363,10,7
09/12/2020,51630,Fredericksburg,Rappahannock,512,49,4
09/12/2020,51640,Galax,"Mount Rogers",404,41,28
09/12/2020,51650,Hampton,Hampton,1706,58,17
09/12/2020,51660,Harrisonburg,"Central Shenandoah",2143,89,34
09/12/2020,51670,Hopewell,Crater,367,35,5
09/12/2020,51678,Lexington,"Central Shenandoah",47,3,1
09/12/2020,51680,Lynchburg,"Central Virginia",1169,34,5
09/12/2020,51683,"Manassas City","Prince William",1852,127,24
09/12/2020,51685,"Manassas Park","Prince William",594,54,8
09/12/2020,51690,Martinsville,"West Piedmont",359,55,6
09/12/2020,51700,"Newport News",Peninsula,2548,90,28
09/12/2020,51710,Norfolk,Norfolk,4630,333,61
09/12/2020,51720,Norton,Lenowisco,32,3,0
09/12/2020,51730,Petersburg,Crater,684,70,23
09/12/2020,51735,Poquoson,Peninsula,73,3,1
09/12/2020,51740,Portsmouth,Portsmouth,2373,255,45
09/12/2020,51750,Radford,"New River",654,5,0
09/12/2020,51760,"Richmond City",Richmond,4291,396,50
09/12/2020,51770,"Roanoke City",Roanoke,1365,56,15
09/12/2020,51775,Salem,Alleghany,245,10,4
09/12/2020,51790,Staunton,"Central Shenandoah",204,11,0
09/12/2020,51800,Suffolk,"Western Tidewater",1810,118,63
09/12/2020,51810,"Virginia Beach","Virginia Beach",6421,337,72
09/12/2020,51820,Waynesboro,"Central Shenandoah",239,10,3
09/12/2020,51830,Williamsburg,Peninsula,162,12,6
09/12/2020,51840,Winchester,"Lord Fairfax",465,35,4
09/13/2020,51001,Accomack,"Eastern Shore",1159,88,19
09/13/2020,51003,Albemarle,"Thomas Jefferson",1137,72,19
09/13/2020,51005,Alleghany,Alleghany,74,8,4
09/13/2020,51007,Amelia,Piedmont,120,13,3
09/13/2020,51009,Amherst,"Central Virginia",343,11,1
09/13/2020,51011,Appomattox,"Central Virginia",193,10,1
09/13/2020,51013,Arlington,Arlington,3727,484,145
09/13/2020,51015,Augusta,"Central Shenandoah",423,21,4
09/13/2020,51017,Bath,"Central Shenandoah",4,0,0
09/13/2020,51019,Bedford,"Central Virginia",660,28,9
09/13/2020,51021,Bland,"Mount Rogers",64,2,1
09/13/2020,51023,Botetourt,Alleghany,277,23,10
09/13/2020,51025,Brunswick,Southside,331,27,2
09/13/2020,51027,Buchanan,"Cumberland Plateau",112,6,2
09/13/2020,51029,Buckingham,Piedmont,665,24,8
09/13/2020,51031,Campbell,"Central Virginia",383,10,3
09/13/2020,51033,Caroline,Rappahannock,299,28,5
09/13/2020,51035,Carroll,"Mount Rogers",460,36,19
09/13/2020,51036,"Charles City",Chickahominy,76,20,5
09/13/2020,51037,Charlotte,Piedmont,96,5,0
09/13/2020,51041,Chesterfield,Chesterfield,5540,293,85
09/13/2020,51043,Clarke,"Lord Fairfax",87,12,0
09/13/2020,51045,Craig,Alleghany,25,1,0
09/13/2020,51047,Culpeper,"Rappahannock Rapidan",1159,90,14
09/13/2020,51049,Cumberland,Piedmont,102,8,0
09/13/2020,51051,Dickenson,"Cumberland Plateau",79,7,1
09/13/2020,51053,Dinwiddie,Crater,336,35,8
09/13/2020,51057,Essex,"Three Rivers",162,11,2
09/13/2020,51059,Fairfax,Fairfax,19601,2111,568
09/13/2020,51061,Fauquier,"Rappahannock Rapidan",861,45,21
09/13/2020,51063,Floyd,"New River",181,10,3
09/13/2020,51065,Fluvanna,"Thomas Jefferson",246,35,9
09/13/2020,51067,"Franklin County","West Piedmont",266,15,1
09/13/2020,51069,Frederick,"Lord Fairfax",813,62,11
09/13/2020,51071,Giles,"New River",67,2,0
09/13/2020,51073,Gloucester,"Three Rivers",223,13,2
09/13/2020,51075,Goochland,Chickahominy,247,26,7
09/13/2020,51077,Grayson,"Mount Rogers",287,25,8
09/13/2020,51079,Greene,"Thomas Jefferson",206,10,3
09/13/2020,51081,Greensville,Crater,735,31,11
09/13/2020,51083,Halifax,Southside,289,7,4
09/13/2020,51085,Hanover,Chickahominy,1090,91,35
09/13/2020,51087,Henrico,Henrico,5037,396,195
09/13/2020,51089,Henry,"West Piedmont",953,106,16
09/13/2020,51091,Highland,"Central Shenandoah",6,0,0
09/13/2020,51093,"Isle of Wight","Western Tidewater",647,27,11
09/13/2020,51095,"James City",Peninsula,793,63,18
09/13/2020,51097,"King and Queen","Three Rivers",65,8,1
09/13/2020,51099,"King George",Rappahannock,224,21,4
09/13/2020,51101,"King William","Three Rivers",135,11,2
09/13/2020,51103,Lancaster,"Three Rivers",101,6,0
09/13/2020,51105,Lee,Lenowisco,246,21,5
09/13/2020,51107,Loudoun,Loudoun,6443,410,118
09/13/2020,51109,Louisa,"Thomas Jefferson",270,29,3
09/13/2020,51111,Lunenburg,Piedmont,106,6,2
09/13/2020,51113,Madison,"Rappahannock Rapidan",96,6,2
09/13/2020,51115,Mathews,"Three Rivers",23,2,0
09/13/2020,51117,Mecklenburg,Southside,634,42,33
09/13/2020,51119,Middlesex,"Three Rivers",77,7,3
09/13/2020,51121,Montgomery,"New River",1395,19,4
09/13/2020,51125,Nelson,"Thomas Jefferson",92,4,0
09/13/2020,51127,"New Kent",Chickahominy,167,13,2
09/13/2020,51131,Northampton,"Eastern Shore",304,49,29
09/13/2020,51133,Northumberland,"Three Rivers",114,8,5
09/13/2020,51135,Nottoway,Piedmont,221,43,15
09/13/2020,51137,Orange,"Rappahannock Rapidan",284,19,4
09/13/2020,51139,Page,"Lord Fairfax",371,41,27
09/13/2020,51141,Patrick,"West Piedmont",250,48,13
09/13/2020,51143,Pittsylvania,Pittsylvania-Danville,906,44,6
09/13/2020,51145,Powhatan,Chesterfield,203,13,5
09/13/2020,51147,"Prince Edward",Piedmont,529,30,12
09/13/2020,51149,"Prince George",Crater,682,22,2
09/13/2020,51153,"Prince William","Prince William",11665,886,191
09/13/2020,51155,Pulaski,"New River",175,13,3
09/13/2020,51157,Rappahannock,"Rappahannock Rapidan",59,5,2
09/13/2020,51159,"Richmond County","Three Rivers",338,14,4
09/13/2020,51161,"Roanoke County",Alleghany,702,25,5
09/13/2020,51163,Rockbridge,"Central Shenandoah",90,4,2
09/13/2020,51165,Rockingham,"Central Shenandoah",1262,108,20
09/13/2020,51167,Russell,"Cumberland Plateau",212,21,4
09/13/2020,51169,Scott,Lenowisco,174,14,4
09/13/2020,51171,Shenandoah,"Lord Fairfax",789,84,50
09/13/2020,51173,Smyth,"Mount Rogers",393,35,6
09/13/2020,51175,Southampton,"Western Tidewater",407,16,14
09/13/2020,51177,Spotsylvania,Rappahannock,2011,129,39
09/13/2020,51179,Stafford,Rappahannock,1858,147,13
09/13/2020,51181,Surry,Crater,101,7,3
09/13/2020,51183,Sussex,Crater,367,29,9
09/13/2020,51185,Tazewell,"Cumberland Plateau",232,15,2
09/13/2020,51187,Warren,"Lord Fairfax",404,23,6
09/13/2020,51191,Washington,"Mount Rogers",470,44,14
09/13/2020,51193,Westmoreland,"Three Rivers",238,20,3
09/13/2020,51195,Wise,Lenowisco,380,32,6
09/13/2020,51197,Wythe,"Mount Rogers",204,20,3
09/13/2020,51199,York,Peninsula,506,15,6
09/13/2020,51510,Alexandria,Alexandria,3602,305,62
09/13/2020,51520,Bristol,"Mount Rogers",164,9,2
09/13/2020,51530,"Buena Vista City","Central Shenandoah",77,4,1
09/13/2020,51540,Charlottesville,"Thomas Jefferson",908,28,24
09/13/2020,51550,Chesapeake,Chesapeake,4067,365,49
09/13/2020,51570,"Colonial Heights",Chesterfield,240,24,23
09/13/2020,51580,Covington,Alleghany,29,1,0
09/13/2020,51590,Danville,Pittsylvania-Danville,745,75,17
09/13/2020,51595,Emporia,Crater,242,32,19
09/13/2020,51600,"Fairfax City",Fairfax,128,13,7
09/13/2020,51610,"Falls Church",Fairfax,67,11,7
09/13/2020,51620,"Franklin City","Western Tidewater",372,10,7
09/13/2020,51630,Fredericksburg,Rappahannock,515,49,4
09/13/2020,51640,Galax,"Mount Rogers",405,41,28
09/13/2020,51650,Hampton,Hampton,1714,58,17
09/13/2020,51660,Harrisonburg,"Central Shenandoah",2148,89,34
09/13/2020,51670,Hopewell,Crater,367,35,5
09/13/2020,51678,Lexington,"Central Shenandoah",47,3,1
09/13/2020,51680,Lynchburg,"Central Virginia",1180,34,5
09/13/2020,51683,"Manassas City","Prince William",1861,127,24
09/13/2020,51685,"Manassas Park","Prince William",594,54,8
09/13/2020,51690,Martinsville,"West Piedmont",359,55,6
09/13/2020,51700,"Newport News",Peninsula,2573,90,28
09/13/2020,51710,Norfolk,Norfolk,4647,333,61
09/13/2020,51720,Norton,Lenowisco,32,3,0
09/13/2020,51730,Petersburg,Crater,684,70,23
09/13/2020,51735,Poquoson,Peninsula,76,3,1
09/13/2020,51740,Portsmouth,Portsmouth,2391,255,45
09/13/2020,51750,Radford,"New River",661,5,0
09/13/2020,51760,"Richmond City",Richmond,4317,396,50
09/13/2020,51770,"Roanoke City",Roanoke,1373,57,15
09/13/2020,51775,Salem,Alleghany,248,11,4
09/13/2020,51790,Staunton,"Central Shenandoah",205,11,0
09/13/2020,51800,Suffolk,"Western Tidewater",1835,118,63
09/13/2020,51810,"Virginia Beach","Virginia Beach",6453,337,72
09/13/2020,51820,Waynesboro,"Central Shenandoah",241,10,3
09/13/2020,51830,Williamsburg,Peninsula,164,12,6
09/13/2020,51840,Winchester,"Lord Fairfax",467,35,4
09/14/2020,51001,Accomack,"Eastern Shore",1161,88,19
09/14/2020,51003,Albemarle,"Thomas Jefferson",1140,74,19
09/14/2020,51005,Alleghany,Alleghany,76,8,4
09/14/2020,51007,Amelia,Piedmont,120,13,3
09/14/2020,51009,Amherst,"Central Virginia",345,11,2
09/14/2020,51011,Appomattox,"Central Virginia",195,10,1
09/14/2020,51013,Arlington,Arlington,3741,487,145
09/14/2020,51015,Augusta,"Central Shenandoah",429,21,4
09/14/2020,51017,Bath,"Central Shenandoah",4,0,0
09/14/2020,51019,Bedford,"Central Virginia",662,28,9
09/14/2020,51021,Bland,"Mount Rogers",64,2,1
09/14/2020,51023,Botetourt,Alleghany,277,23,10
09/14/2020,51025,Brunswick,Southside,332,27,2
09/14/2020,51027,Buchanan,"Cumberland Plateau",112,6,2
09/14/2020,51029,Buckingham,Piedmont,665,24,8
09/14/2020,51031,Campbell,"Central Virginia",384,10,3
09/14/2020,51033,Caroline,Rappahannock,299,28,5
09/14/2020,51035,Carroll,"Mount Rogers",461,36,20
09/14/2020,51036,"Charles City",Chickahominy,76,20,5
09/14/2020,51037,Charlotte,Piedmont,96,5,0
09/14/2020,51041,Chesterfield,Chesterfield,5558,293,86
09/14/2020,51043,Clarke,"Lord Fairfax",87,12,0
09/14/2020,51045,Craig,Alleghany,26,1,0
09/14/2020,51047,Culpeper,"Rappahannock Rapidan",1163,90,14
09/14/2020,51049,Cumberland,Piedmont,102,8,0
09/14/2020,51051,Dickenson,"Cumberland Plateau",79,7,1
09/14/2020,51053,Dinwiddie,Crater,336,35,8
09/14/2020,51057,Essex,"Three Rivers",162,11,2
09/14/2020,51059,Fairfax,Fairfax,19658,2116,568
09/14/2020,51061,Fauquier,"Rappahannock Rapidan",864,45,21
09/14/2020,51063,Floyd,"New River",184,10,3
09/14/2020,51065,Fluvanna,"Thomas Jefferson",247,35,9
09/14/2020,51067,"Franklin County","West Piedmont",272,15,1
09/14/2020,51069,Frederick,"Lord Fairfax",815,62,11
09/14/2020,51071,Giles,"New River",69,2,0
09/14/2020,51073,Gloucester,"Three Rivers",226,13,2
09/14/2020,51075,Goochland,Chickahominy,249,26,7
09/14/2020,51077,Grayson,"Mount Rogers",289,25,8
09/14/2020,51079,Greene,"Thomas Jefferson",207,10,3
09/14/2020,51081,Greensville,Crater,739,31,11
09/14/2020,51083,Halifax,Southside,292,7,4
09/14/2020,51085,Hanover,Chickahominy,1124,91,35
09/14/2020,51087,Henrico,Henrico,5068,396,198
09/14/2020,51089,Henry,"West Piedmont",957,105,16
09/14/2020,51091,Highland,"Central Shenandoah",6,0,0
09/14/2020,51093,"Isle of Wight","Western Tidewater",652,27,12
09/14/2020,51095,"James City",Peninsula,799,63,18
09/14/2020,51097,"King and Queen","Three Rivers",65,9,1
09/14/2020,51099,"King George",Rappahannock,224,21,4
09/14/2020,51101,"King William","Three Rivers",135,11,2
09/14/2020,51103,Lancaster,"Three Rivers",110,7,0
09/14/2020,51105,Lee,Lenowisco,247,21,5
09/14/2020,51107,Loudoun,Loudoun,6449,411,118
09/14/2020,51109,Louisa,"Thomas Jefferson",272,29,3
09/14/2020,51111,Lunenburg,Piedmont,107,6,2
09/14/2020,51113,Madison,"Rappahannock Rapidan",98,6,2
09/14/2020,51115,Mathews,"Three Rivers",25,2,0
09/14/2020,51117,Mecklenburg,Southside,635,42,33
09/14/2020,51119,Middlesex,"Three Rivers",78,7,4
09/14/2020,51121,Montgomery,"New River",1487,19,4
09/14/2020,51125,Nelson,"Thomas Jefferson",92,4,0
09/14/2020,51127,"New Kent",Chickahominy,168,13,2
09/14/2020,51131,Northampton,"Eastern Shore",304,49,29
09/14/2020,51133,Northumberland,"Three Rivers",116,8,5
09/14/2020,51135,Nottoway,Piedmont,221,43,15
09/14/2020,51137,Orange,"Rappahannock Rapidan",286,19,4
09/14/2020,51139,Page,"Lord Fairfax",374,42,27
09/14/2020,51141,Patrick,"West Piedmont",250,48,14
09/14/2020,51143,Pittsylvania,Pittsylvania-Danville,906,46,7
09/14/2020,51145,Powhatan,Chesterfield,203,13,5
09/14/2020,51147,"Prince Edward",Piedmont,530,30,12
09/14/2020,51149,"Prince George",Crater,685,24,2
09/14/2020,51153,"Prince William","Prince William",11688,886,191
09/14/2020,51155,Pulaski,"New River",182,13,3
09/14/2020,51157,Rappahannock,"Rappahannock Rapidan",60,5,2
09/14/2020,51159,"Richmond County","Three Rivers",337,14,4
09/14/2020,51161,"Roanoke County",Alleghany,710,25,5
09/14/2020,51163,Rockbridge,"Central Shenandoah",90,4,2
09/14/2020,51165,Rockingham,"Central Shenandoah",1278,109,20
09/14/2020,51167,Russell,"Cumberland Plateau",212,21,4
09/14/2020,51169,Scott,Lenowisco,174,14,4
09/14/2020,51171,Shenandoah,"Lord Fairfax",790,87,51
09/14/2020,51173,Smyth,"Mount Rogers",397,36,6
09/14/2020,51175,Southampton,"Western Tidewater",466,20,14
09/14/2020,51177,Spotsylvania,Rappahannock,2014,129,39
09/14/2020,51179,Stafford,Rappahannock,1869,147,13
09/14/2020,51181,Surry,Crater,101,7,3
09/14/2020,51183,Sussex,Crater,374,29,9
09/14/2020,51185,Tazewell,"Cumberland Plateau",232,15,2
09/14/2020,51187,Warren,"Lord Fairfax",405,23,6
09/14/2020,51191,Washington,"Mount Rogers",475,44,14
09/14/2020,51193,Westmoreland,"Three Rivers",241,20,3
09/14/2020,51195,Wise,Lenowisco,382,32,6
09/14/2020,51197,Wythe,"Mount Rogers",206,20,3
09/14/2020,51199,York,Peninsula,507,15,6
09/14/2020,51510,Alexandria,Alexandria,3613,305,62
09/14/2020,51520,Bristol,"Mount Rogers",165,9,2
09/14/2020,51530,"Buena Vista City","Central Shenandoah",77,4,1
09/14/2020,51540,Charlottesville,"Thomas Jefferson",922,28,24
09/14/2020,51550,Chesapeake,Chesapeake,4086,372,49
09/14/2020,51570,"Colonial Heights",Chesterfield,240,24,23
09/14/2020,51580,Covington,Alleghany,29,1,0
09/14/2020,51590,Danville,Pittsylvania-Danville,756,77,20
09/14/2020,51595,Emporia,Crater,243,32,19
09/14/2020,51600,"Fairfax City",Fairfax,129,13,7
09/14/2020,51610,"Falls Church",Fairfax,67,11,7
09/14/2020,51620,"Franklin City","Western Tidewater",376,15,9
09/14/2020,51630,Fredericksburg,Rappahannock,516,49,4
09/14/2020,51640,Galax,"Mount Rogers",406,41,28
09/14/2020,51650,Hampton,Hampton,1723,58,17
09/14/2020,51660,Harrisonburg,"Central Shenandoah",2184,89,34
09/14/2020,51670,Hopewell,Crater,370,35,5
09/14/2020,51678,Lexington,"Central Shenandoah",47,3,1
09/14/2020,51680,Lynchburg,"Central Virginia",1192,34,7
09/14/2020,51683,"Manassas City","Prince William",1864,127,24
09/14/2020,51685,"Manassas Park","Prince William",595,54,8
09/14/2020,51690,Martinsville,"West Piedmont",363,56,7
09/14/2020,51700,"Newport News",Peninsula,2586,90,28
09/14/2020,51710,Norfolk,Norfolk,4651,333,61
09/14/2020,51720,Norton,Lenowisco,32,3,0
09/14/2020,51730,Petersburg,Crater,691,70,23
09/14/2020,51735,Poquoson,Peninsula,75,3,1
09/14/2020,51740,Portsmouth,Portsmouth,2391,255,45
09/14/2020,51750,Radford,"New River",669,5,0
09/14/2020,51760,"Richmond City",Richmond,4336,399,50
09/14/2020,51770,"Roanoke City",Roanoke,1391,57,15
09/14/2020,51775,Salem,Alleghany,252,11,4
09/14/2020,51790,Staunton,"Central Shenandoah",210,11,0
09/14/2020,51800,Suffolk,"Western Tidewater",1842,118,63
09/14/2020,51810,"Virginia Beach","Virginia Beach",6482,342,72
09/14/2020,51820,Waynesboro,"Central Shenandoah",243,10,3
09/14/2020,51830,Williamsburg,Peninsula,163,12,6
09/14/2020,51840,Winchester,"Lord Fairfax",468,35,4
09/15/2020,51001,Accomack,"Eastern Shore",1161,88,19
09/15/2020,51003,Albemarle,"Thomas Jefferson",1140,73,19
09/15/2020,51005,Alleghany,Alleghany,75,8,4
09/15/2020,51007,Amelia,Piedmont,120,13,3
09/15/2020,51009,Amherst,"Central Virginia",351,11,3
09/15/2020,51011,Appomattox,"Central Virginia",197,12,2
09/15/2020,51013,Arlington,Arlington,3759,487,145
09/15/2020,51015,Augusta,"Central Shenandoah",436,21,7
09/15/2020,51017,Bath,"Central Shenandoah",4,0,0
09/15/2020,51019,Bedford,"Central Virginia",663,30,9
09/15/2020,51021,Bland,"Mount Rogers",64,2,2
09/15/2020,51023,Botetourt,Alleghany,278,23,10
09/15/2020,51025,Brunswick,Southside,333,27,3
09/15/2020,51027,Buchanan,"Cumberland Plateau",111,6,2
09/15/2020,51029,Buckingham,Piedmont,670,24,8
09/15/2020,51031,Campbell,"Central Virginia",385,10,3
09/15/2020,51033,Caroline,Rappahannock,299,28,5
09/15/2020,51035,Carroll,"Mount Rogers",463,36,21
09/15/2020,51036,"Charles City",Chickahominy,77,20,5
09/15/2020,51037,Charlotte,Piedmont,97,5,0
09/15/2020,51041,Chesterfield,Chesterfield,5593,296,87
09/15/2020,51043,Clarke,"Lord Fairfax",88,12,0
09/15/2020,51045,Craig,Alleghany,26,1,0
09/15/2020,51047,Culpeper,"Rappahannock Rapidan",1167,91,16
09/15/2020,51049,Cumberland,Piedmont,102,8,1
09/15/2020,51051,Dickenson,"Cumberland Plateau",79,7,1
09/15/2020,51053,Dinwiddie,Crater,341,35,9
09/15/2020,51057,Essex,"Three Rivers",163,11,2
09/15/2020,51059,Fairfax,Fairfax,19732,2111,569
09/15/2020,51061,Fauquier,"Rappahannock Rapidan",866,46,21
09/15/2020,51063,Floyd,"New River",184,10,4
09/15/2020,51065,Fluvanna,"Thomas Jefferson",247,35,9
09/15/2020,51067,"Franklin County","West Piedmont",280,15,3
09/15/2020,51069,Frederick,"Lord Fairfax",821,62,11
09/15/2020,51071,Giles,"New River",71,2,0
09/15/2020,51073,Gloucester,"Three Rivers",227,13,2
09/15/2020,51075,Goochland,Chickahominy,252,26,7
09/15/2020,51077,Grayson,"Mount Rogers",290,25,8
09/15/2020,51079,Greene,"Thomas Jefferson",207,10,3
09/15/2020,51081,Greensville,Crater,740,31,11
09/15/2020,51083,Halifax,Southside,297,7,4
09/15/2020,51085,Hanover,Chickahominy,1187,93,35
09/15/2020,51087,Henrico,Henrico,5079,398,203
09/15/2020,51089,Henry,"West Piedmont",963,105,18
09/15/2020,51091,Highland,"Central Shenandoah",6,0,0
09/15/2020,51093,"Isle of Wight","Western Tidewater",666,27,14
09/15/2020,51095,"James City",Peninsula,801,63,19
09/15/2020,51097,"King and Queen","Three Rivers",65,9,1
09/15/2020,51099,"King George",Rappahannock,224,21,4
09/15/2020,51101,"King William","Three Rivers",140,11,2
09/15/2020,51103,Lancaster,"Three Rivers",111,7,0
09/15/2020,51105,Lee,Lenowisco,248,21,6
09/15/2020,51107,Loudoun,Loudoun,6489,414,119
09/15/2020,51109,Louisa,"Thomas Jefferson",273,29,4
09/15/2020,51111,Lunenburg,Piedmont,107,6,2
09/15/2020,51113,Madison,"Rappahannock Rapidan",99,6,3
09/15/2020,51115,Mathews,"Three Rivers",25,2,0
09/15/2020,51117,Mecklenburg,Southside,634,43,33
09/15/2020,51119,Middlesex,"Three Rivers",81,7,8
09/15/2020,51121,Montgomery,"New River",1515,20,4
09/15/2020,51125,Nelson,"Thomas Jefferson",93,4,1
09/15/2020,51127,"New Kent",Chickahominy,168,13,2
09/15/2020,51131,Northampton,"Eastern Shore",304,49,29
09/15/2020,51133,Northumberland,"Three Rivers",123,8,5
09/15/2020,51135,Nottoway,Piedmont,233,43,15
09/15/2020,51137,Orange,"Rappahannock Rapidan",289,20,4
09/15/2020,51139,Page,"Lord Fairfax",376,42,28
09/15/2020,51141,Patrick,"West Piedmont",255,48,18
09/15/2020,51143,Pittsylvania,Pittsylvania-Danville,914,46,7
09/15/2020,51145,Powhatan,Chesterfield,207,13,5
09/15/2020,51147,"Prince Edward",Piedmont,541,30,12
09/15/2020,51149,"Prince George",Crater,689,24,4
09/15/2020,51153,"Prince William","Prince William",11765,889,193
09/15/2020,51155,Pulaski,"New River",188,13,3
09/15/2020,51157,Rappahannock,"Rappahannock Rapidan",62,5,2
09/15/2020,51159,"Richmond County","Three Rivers",338,14,4
09/15/2020,51161,"Roanoke County",Alleghany,715,26,5
09/15/2020,51163,Rockbridge,"Central Shenandoah",92,4,2
09/15/2020,51165,Rockingham,"Central Shenandoah",1294,111,20
09/15/2020,51167,Russell,"Cumberland Plateau",219,22,4
09/15/2020,51169,Scott,Lenowisco,176,15,4
09/15/2020,51171,Shenandoah,"Lord Fairfax",791,87,55
09/15/2020,51173,Smyth,"Mount Rogers",402,36,7
09/15/2020,51175,Southampton,"Western Tidewater",474,20,16
09/15/2020,51177,Spotsylvania,Rappahannock,2029,130,41
09/15/2020,51179,Stafford,Rappahannock,1872,147,14
09/15/2020,51181,Surry,Crater,104,7,3
09/15/2020,51183,Sussex,Crater,374,29,10
09/15/2020,51185,Tazewell,"Cumberland Plateau",231,15,2
09/15/2020,51187,Warren,"Lord Fairfax",407,23,6
09/15/2020,51191,Washington,"Mount Rogers",489,44,14
09/15/2020,51193,Westmoreland,"Three Rivers",242,20,3
09/15/2020,51195,Wise,Lenowisco,382,32,7
09/15/2020,51197,Wythe,"Mount Rogers",209,20,3
09/15/2020,51199,York,Peninsula,509,15,6
09/15/2020,51510,Alexandria,Alexandria,3615,305,65
09/15/2020,51520,Bristol,"Mount Rogers",169,9,2
09/15/2020,51530,"Buena Vista City","Central Shenandoah",78,4,1
09/15/2020,51540,Charlottesville,"Thomas Jefferson",923,29,25
09/15/2020,51550,Chesapeake,Chesapeake,4096,373,53
09/15/2020,51570,"Colonial Heights",Chesterfield,240,24,23
09/15/2020,51580,Covington,Alleghany,29,1,0
09/15/2020,51590,Danville,Pittsylvania-Danville,767,79,20
09/15/2020,51595,Emporia,Crater,244,32,22
09/15/2020,51600,"Fairfax City",Fairfax,131,13,7
09/15/2020,51610,"Falls Church",Fairfax,67,11,7
09/15/2020,51620,"Franklin City","Western Tidewater",377,15,9
09/15/2020,51630,Fredericksburg,Rappahannock,518,49,5
09/15/2020,51640,Galax,"Mount Rogers",406,41,30
09/15/2020,51650,Hampton,Hampton,1730,58,19
09/15/2020,51660,Harrisonburg,"Central Shenandoah",2269,89,34
09/15/2020,51670,Hopewell,Crater,373,35,5
09/15/2020,51678,Lexington,"Central Shenandoah",47,3,1
09/15/2020,51680,Lynchburg,"Central Virginia",1207,34,8
09/15/2020,51683,"Manassas City","Prince William",1869,127,24
09/15/2020,51685,"Manassas Park","Prince William",597,55,8
09/15/2020,51690,Martinsville,"West Piedmont",366,57,9
09/15/2020,51700,"Newport News",Peninsula,2591,90,32
09/15/2020,51710,Norfolk,Norfolk,4676,337,66
09/15/2020,51720,Norton,Lenowisco,33,3,0
09/15/2020,51730,Petersburg,Crater,691,70,24
09/15/2020,51735,Poquoson,Peninsula,76,3,1
09/15/2020,51740,Portsmouth,Portsmouth,2424,258,46
09/15/2020,51750,Radford,"New River",685,5,0
09/15/2020,51760,"Richmond City",Richmond,4363,401,55
09/15/2020,51770,"Roanoke City",Roanoke,1394,57,15
09/15/2020,51775,Salem,Alleghany,252,11,4
09/15/2020,51790,Staunton,"Central Shenandoah",219,11,0
09/15/2020,51800,Suffolk,"Western Tidewater",1858,118,64
09/15/2020,51810,"Virginia Beach","Virginia Beach",6523,349,74
09/15/2020,51820,Waynesboro,"Central Shenandoah",248,10,3
09/15/2020,51830,Williamsburg,Peninsula,167,12,7
09/15/2020,51840,Winchester,"Lord Fairfax",471,35,4
09/16/2020,51001,Accomack,"Eastern Shore",1161,88,19
09/16/2020,51003,Albemarle,"Thomas Jefferson",1145,73,19
09/16/2020,51005,Alleghany,Alleghany,77,8,4
09/16/2020,51007,Amelia,Piedmont,121,13,3
09/16/2020,51009,Amherst,"Central Virginia",354,11,3
09/16/2020,51011,Appomattox,"Central Virginia",198,13,2
09/16/2020,51013,Arlington,Arlington,3779,488,146
09/16/2020,51015,Augusta,"Central Shenandoah",443,22,7
09/16/2020,51017,Bath,"Central Shenandoah",4,0,0
09/16/2020,51019,Bedford,"Central Virginia",666,31,10
09/16/2020,51021,Bland,"Mount Rogers",64,2,2
09/16/2020,51023,Botetourt,Alleghany,280,23,10
09/16/2020,51025,Brunswick,Southside,336,27,3
09/16/2020,51027,Buchanan,"Cumberland Plateau",113,7,2
09/16/2020,51029,Buckingham,Piedmont,671,24,9
09/16/2020,51031,Campbell,"Central Virginia",388,11,4
09/16/2020,51033,Caroline,Rappahannock,302,28,5
09/16/2020,51035,Carroll,"Mount Rogers",465,37,21
09/16/2020,51036,"Charles City",Chickahominy,79,20,5
09/16/2020,51037,Charlotte,Piedmont,97,5,0
09/16/2020,51041,Chesterfield,Chesterfield,5628,299,89
09/16/2020,51043,Clarke,"Lord Fairfax",88,12,0
09/16/2020,51045,Craig,Alleghany,26,1,0
09/16/2020,51047,Culpeper,"Rappahannock Rapidan",1167,91,16
09/16/2020,51049,Cumberland,Piedmont,102,8,1
09/16/2020,51051,Dickenson,"Cumberland Plateau",79,7,1
09/16/2020,51053,Dinwiddie,Crater,343,35,10
09/16/2020,51057,Essex,"Three Rivers",163,11,2
09/16/2020,51059,Fairfax,Fairfax,19837,2119,572
09/16/2020,51061,Fauquier,"Rappahannock Rapidan",877,46,21
09/16/2020,51063,Floyd,"New River",189,10,5
09/16/2020,51065,Fluvanna,"Thomas Jefferson",288,35,9
09/16/2020,51067,"Franklin County","West Piedmont",284,15,3
09/16/2020,51069,Frederick,"Lord Fairfax",823,63,11
09/16/2020,51071,Giles,"New River",73,2,0
09/16/2020,51073,Gloucester,"Three Rivers",226,13,2
09/16/2020,51075,Goochland,Chickahominy,252,26,7
09/16/2020,51077,Grayson,"Mount Rogers",292,25,10
09/16/2020,51079,Greene,"Thomas Jefferson",207,10,3
09/16/2020,51081,Greensville,Crater,741,31,11
09/16/2020,51083,Halifax,Southside,304,7,4
09/16/2020,51085,Hanover,Chickahominy,1190,96,35
09/16/2020,51087,Henrico,Henrico,5120,403,205
09/16/2020,51089,Henry,"West Piedmont",971,106,18
09/16/2020,51091,Highland,"Central Shenandoah",6,0,0
09/16/2020,51093,"Isle of Wight","Western Tidewater",672,27,14
09/16/2020,51095,"James City",Peninsula,804,63,19
09/16/2020,51097,"King and Queen","Three Rivers",66,9,1
09/16/2020,51099,"King George",Rappahannock,225,21,4
09/16/2020,51101,"King William","Three Rivers",142,11,2
09/16/2020,51103,Lancaster,"Three Rivers",115,7,0
09/16/2020,51105,Lee,Lenowisco,251,21,6
09/16/2020,51107,Loudoun,Loudoun,6523,417,119
09/16/2020,51109,Louisa,"Thomas Jefferson",273,29,4
09/16/2020,51111,Lunenburg,Piedmont,107,6,2
09/16/2020,51113,Madison,"Rappahannock Rapidan",99,6,3
09/16/2020,51115,Mathews,"Three Rivers",31,2,0
09/16/2020,51117,Mecklenburg,Southside,642,43,33
09/16/2020,51119,Middlesex,"Three Rivers",83,7,8
09/16/2020,51121,Montgomery,"New River",1554,20,4
09/16/2020,51125,Nelson,"Thomas Jefferson",95,4,1
09/16/2020,51127,"New Kent",Chickahominy,172,13,2
09/16/2020,51131,Northampton,"Eastern Shore",304,49,30
09/16/2020,51133,Northumberland,"Three Rivers",128,9,5
09/16/2020,51135,Nottoway,Piedmont,235,43,15
09/16/2020,51137,Orange,"Rappahannock Rapidan",295,20,4
09/16/2020,51139,Page,"Lord Fairfax",378,42,29
09/16/2020,51141,Patrick,"West Piedmont",260,49,23
09/16/2020,51143,Pittsylvania,Pittsylvania-Danville,921,46,7
09/16/2020,51145,Powhatan,Chesterfield,208,13,5
09/16/2020,51147,"Prince Edward",Piedmont,543,30,12
09/16/2020,51149,"Prince George",Crater,694,24,4
09/16/2020,51153,"Prince William","Prince William",11810,891,196
09/16/2020,51155,Pulaski,"New River",190,13,3
09/16/2020,51157,Rappahannock,"Rappahannock Rapidan",63,5,2
09/16/2020,51159,"Richmond County","Three Rivers",342,14,4
09/16/2020,51161,"Roanoke County",Alleghany,725,26,5
09/16/2020,51163,Rockbridge,"Central Shenandoah",93,4,2
09/16/2020,51165,Rockingham,"Central Shenandoah",1312,111,21
09/16/2020,51167,Russell,"Cumberland Plateau",227,22,4
09/16/2020,51169,Scott,Lenowisco,176,15,4
09/16/2020,51171,Shenandoah,"Lord Fairfax",793,87,56
09/16/2020,51173,Smyth,"Mount Rogers",404,37,7
09/16/2020,51175,Southampton,"Western Tidewater",505,20,16
09/16/2020,51177,Spotsylvania,Rappahannock,2041,130,43
09/16/2020,51179,Stafford,Rappahannock,1880,148,13
09/16/2020,51181,Surry,Crater,105,7,3
09/16/2020,51183,Sussex,Crater,375,29,10
09/16/2020,51185,Tazewell,"Cumberland Plateau",232,15,2
09/16/2020,51187,Warren,"Lord Fairfax",409,23,6
09/16/2020,51191,Washington,"Mount Rogers",492,45,14
09/16/2020,51193,Westmoreland,"Three Rivers",245,20,3
09/16/2020,51195,Wise,Lenowisco,383,32,7
09/16/2020,51197,Wythe,"Mount Rogers",210,20,3
09/16/2020,51199,York,Peninsula,513,15,6
09/16/2020,51510,Alexandria,Alexandria,3628,305,66
09/16/2020,51520,Bristol,"Mount Rogers",169,9,2
09/16/2020,51530,"Buena Vista City","Central Shenandoah",78,4,1
09/16/2020,51540,Charlottesville,"Thomas Jefferson",935,29,26
09/16/2020,51550,Chesapeake,Chesapeake,4119,379,55
09/16/2020,51570,"Colonial Heights",Chesterfield,241,24,24
09/16/2020,51580,Covington,Alleghany,30,1,0
09/16/2020,51590,Danville,Pittsylvania-Danville,783,79,22
09/16/2020,51595,Emporia,Crater,244,32,23
09/16/2020,51600,"Fairfax City",Fairfax,132,13,7
09/16/2020,51610,"Falls Church",Fairfax,66,10,6
09/16/2020,51620,"Franklin City","Western Tidewater",377,15,9
09/16/2020,51630,Fredericksburg,Rappahannock,518,49,5
09/16/2020,51640,Galax,"Mount Rogers",406,41,30
09/16/2020,51650,Hampton,Hampton,1736,58,20
09/16/2020,51660,Harrisonburg,"Central Shenandoah",2293,90,34
09/16/2020,51670,Hopewell,Crater,372,35,6
09/16/2020,51678,Lexington,"Central Shenandoah",48,3,1
09/16/2020,51680,Lynchburg,"Central Virginia",1221,35,9
09/16/2020,51683,"Manassas City","Prince William",1869,127,24
09/16/2020,51685,"Manassas Park","Prince William",598,55,8
09/16/2020,51690,Martinsville,"West Piedmont",368,57,10
09/16/2020,51700,"Newport News",Peninsula,2620,90,32
09/16/2020,51710,Norfolk,Norfolk,4685,338,66
09/16/2020,51720,Norton,Lenowisco,33,3,0
09/16/2020,51730,Petersburg,Crater,695,70,26
09/16/2020,51735,Poquoson,Peninsula,76,3,1
09/16/2020,51740,Portsmouth,Portsmouth,2427,262,47
09/16/2020,51750,Radford,"New River",694,5,0
09/16/2020,51760,"Richmond City",Richmond,4384,403,55
09/16/2020,51770,"Roanoke City",Roanoke,1413,57,15
09/16/2020,51775,Salem,Alleghany,254,11,4
09/16/2020,51790,Staunton,"Central Shenandoah",220,11,0
09/16/2020,51800,Suffolk,"Western Tidewater",1859,118,65
09/16/2020,51810,"Virginia Beach","Virginia Beach",6515,349,76
09/16/2020,51820,Waynesboro,"Central Shenandoah",249,10,3
09/16/2020,51830,Williamsburg,Peninsula,169,12,7
09/16/2020,51840,Winchester,"Lord Fairfax",471,35,4
09/17/2020,51001,Accomack,"Eastern Shore",1163,88,19
09/17/2020,51003,Albemarle,"Thomas Jefferson",1150,73,20
09/17/2020,51005,Alleghany,Alleghany,77,8,4
09/17/2020,51007,Amelia,Piedmont,122,13,4
09/17/2020,51009,Amherst,"Central Virginia",357,11,3
09/17/2020,51011,Appomattox,"Central Virginia",199,13,2
09/17/2020,51013,Arlington,Arlington,3791,491,146
09/17/2020,51015,Augusta,"Central Shenandoah",452,22,7
09/17/2020,51017,Bath,"Central Shenandoah",6,0,1
09/17/2020,51019,Bedford,"Central Virginia",681,32,12
09/17/2020,51021,Bland,"Mount Rogers",64,3,4
09/17/2020,51023,Botetourt,Alleghany,281,23,10
09/17/2020,51025,Brunswick,Southside,340,27,3
09/17/2020,51027,Buchanan,"Cumberland Plateau",113,7,2
09/17/2020,51029,Buckingham,Piedmont,675,24,9
09/17/2020,51031,Campbell,"Central Virginia",393,11,4
09/17/2020,51033,Caroline,Rappahannock,303,28,5
09/17/2020,51035,Carroll,"Mount Rogers",465,38,21
09/17/2020,51036,"Charles City",Chickahominy,81,20,5
09/17/2020,51037,Charlotte,Piedmont,98,5,0
09/17/2020,51041,Chesterfield,Chesterfield,5656,301,91
09/17/2020,51043,Clarke,"Lord Fairfax",90,12,0
09/17/2020,51045,Craig,Alleghany,27,1,0
09/17/2020,51047,Culpeper,"Rappahannock Rapidan",1170,92,16
09/17/2020,51049,Cumberland,Piedmont,102,8,1
09/17/2020,51051,Dickenson,"Cumberland Plateau",81,7,1
09/17/2020,51053,Dinwiddie,Crater,347,35,10
09/17/2020,51057,Essex,"Three Rivers",164,11,2
09/17/2020,51059,Fairfax,Fairfax,19921,2123,573
09/17/2020,51061,Fauquier,"Rappahannock Rapidan",885,46,21
09/17/2020,51063,Floyd,"New River",188,10,5
09/17/2020,51065,Fluvanna,"Thomas Jefferson",336,35,9
09/17/2020,51067,"Franklin County","West Piedmont",287,15,3
09/17/2020,51069,Frederick,"Lord Fairfax",829,63,11
09/17/2020,51071,Giles,"New River",74,2,0
09/17/2020,51073,Gloucester,"Three Rivers",226,13,2
09/17/2020,51075,Goochland,Chickahominy,252,26,7
09/17/2020,51077,Grayson,"Mount Rogers",292,25,10
09/17/2020,51079,Greene,"Thomas Jefferson",208,10,3
09/17/2020,51081,Greensville,Crater,761,33,11
09/17/2020,51083,Halifax,Southside,310,9,4
09/17/2020,51085,Hanover,Chickahominy,1195,96,35
09/17/2020,51087,Henrico,Henrico,5155,406,205
09/17/2020,51089,Henry,"West Piedmont",983,106,18
09/17/2020,51091,Highland,"Central Shenandoah",6,0,0
09/17/2020,51093,"Isle of Wight","Western Tidewater",683,33,16
09/17/2020,51095,"James City",Peninsula,812,63,19
09/17/2020,51097,"King and Queen","Three Rivers",66,9,1
09/17/2020,51099,"King George",Rappahannock,226,21,4
09/17/2020,51101,"King William","Three Rivers",146,11,2
09/17/2020,51103,Lancaster,"Three Rivers",120,7,0
09/17/2020,51105,Lee,Lenowisco,254,22,6
09/17/2020,51107,Loudoun,Loudoun,6567,420,120
09/17/2020,51109,Louisa,"Thomas Jefferson",275,30,4
09/17/2020,51111,Lunenburg,Piedmont,107,6,2
09/17/2020,51113,Madison,"Rappahannock Rapidan",100,6,3
09/17/2020,51115,Mathews,"Three Rivers",35,3,0
09/17/2020,51117,Mecklenburg,Southside,656,43,33
09/17/2020,51119,Middlesex,"Three Rivers",84,7,8
09/17/2020,51121,Montgomery,"New River",1589,20,4
09/17/2020,51125,Nelson,"Thomas Jefferson",97,4,1
09/17/2020,51127,"New Kent",Chickahominy,179,14,2
09/17/2020,51131,Northampton,"Eastern Shore",304,49,30
09/17/2020,51133,Northumberland,"Three Rivers",133,9,5
09/17/2020,51135,Nottoway,Piedmont,241,43,15
09/17/2020,51137,Orange,"Rappahannock Rapidan",302,20,4
09/17/2020,51139,Page,"Lord Fairfax",378,42,29
09/17/2020,51141,Patrick,"West Piedmont",269,51,24
09/17/2020,51143,Pittsylvania,Pittsylvania-Danville,928,46,8
09/17/2020,51145,Powhatan,Chesterfield,208,14,5
09/17/2020,51147,"Prince Edward",Piedmont,549,30,12
09/17/2020,51149,"Prince George",Crater,698,24,4
09/17/2020,51153,"Prince William","Prince William",11883,894,196
09/17/2020,51155,Pulaski,"New River",194,13,3
09/17/2020,51157,Rappahannock,"Rappahannock Rapidan",64,5,2
09/17/2020,51159,"Richmond County","Three Rivers",346,16,5
09/17/2020,51161,"Roanoke County",Alleghany,745,26,6
09/17/2020,51163,Rockbridge,"Central Shenandoah",96,4,2
09/17/2020,51165,Rockingham,"Central Shenandoah",1326,111,21
09/17/2020,51167,Russell,"Cumberland Plateau",228,22,4
09/17/2020,51169,Scott,Lenowisco,177,15,4
09/17/2020,51171,Shenandoah,"Lord Fairfax",798,87,56
09/17/2020,51173,Smyth,"Mount Rogers",409,37,7
09/17/2020,51175,Southampton,"Western Tidewater",525,21,19
09/17/2020,51177,Spotsylvania,Rappahannock,2060,130,42
09/17/2020,51179,Stafford,Rappahannock,1904,150,13
09/17/2020,51181,Surry,Crater,105,7,3
09/17/2020,51183,Sussex,Crater,376,29,10
09/17/2020,51185,Tazewell,"Cumberland Plateau",238,15,2
09/17/2020,51187,Warren,"Lord Fairfax",409,23,6
09/17/2020,51191,Washington,"Mount Rogers",499,46,14
09/17/2020,51193,Westmoreland,"Three Rivers",252,20,3
09/17/2020,51195,Wise,Lenowisco,385,32,7
09/17/2020,51197,Wythe,"Mount Rogers",212,20,3
09/17/2020,51199,York,Peninsula,514,15,6
09/17/2020,51510,Alexandria,Alexandria,3649,306,66
09/17/2020,51520,Bristol,"Mount Rogers",171,9,3
09/17/2020,51530,"Buena Vista City","Central Shenandoah",78,4,1
09/17/2020,51540,Charlottesville,"Thomas Jefferson",961,29,26
09/17/2020,51550,Chesapeake,Chesapeake,4141,381,58
09/17/2020,51570,"Colonial Heights",Chesterfield,242,24,24
09/17/2020,51580,Covington,Alleghany,30,1,0
09/17/2020,51590,Danville,Pittsylvania-Danville,796,79,22
09/17/2020,51595,Emporia,Crater,245,33,24
09/17/2020,51600,"Fairfax City",Fairfax,133,13,7
09/17/2020,51610,"Falls Church",Fairfax,67,11,6
09/17/2020,51620,"Franklin City","Western Tidewater",380,18,9
09/17/2020,51630,Fredericksburg,Rappahannock,523,49,5
09/17/2020,51640,Galax,"Mount Rogers",406,41,30
09/17/2020,51650,Hampton,Hampton,1748,58,20
09/17/2020,51660,Harrisonburg,"Central Shenandoah",2343,91,34
09/17/2020,51670,Hopewell,Crater,376,36,7
09/17/2020,51678,Lexington,"Central Shenandoah",49,3,1
09/17/2020,51680,Lynchburg,"Central Virginia",1237,35,9
09/17/2020,51683,"Manassas City","Prince William",1874,127,24
09/17/2020,51685,"Manassas Park","Prince William",599,55,8
09/17/2020,51690,Martinsville,"West Piedmont",370,58,11
09/17/2020,51700,"Newport News",Peninsula,2629,90,32
09/17/2020,51710,Norfolk,Norfolk,4707,342,67
09/17/2020,51720,Norton,Lenowisco,33,3,0
09/17/2020,51730,Petersburg,Crater,699,71,26
09/17/2020,51735,Poquoson,Peninsula,76,3,1
09/17/2020,51740,Portsmouth,Portsmouth,2439,266,48
09/17/2020,51750,Radford,"New River",695,5,0
09/17/2020,51760,"Richmond City",Richmond,4407,403,56
09/17/2020,51770,"Roanoke City",Roanoke,1447,61,16
09/17/2020,51775,Salem,Alleghany,255,12,4
09/17/2020,51790,Staunton,"Central Shenandoah",223,11,0
09/17/2020,51800,Suffolk,"Western Tidewater",1877,123,69
09/17/2020,51810,"Virginia Beach","Virginia Beach",6553,349,78
09/17/2020,51820,Waynesboro,"Central Shenandoah",250,10,3
09/17/2020,51830,Williamsburg,Peninsula,170,12,7
09/17/2020,51840,Winchester,"Lord Fairfax",475,35,4
09/18/2020,51139,Page,"Lord Fairfax",379,42,29
09/18/2020,51590,Danville,Pittsylvania-Danville,812,81,22
09/18/2020,51133,Northumberland,"Three Rivers",139,9,5
09/18/2020,51171,Shenandoah,"Lord Fairfax",798,87,56
09/18/2020,51063,Floyd,"New River",189,10,5
09/18/2020,51600,"Fairfax City",Fairfax,133,13,7
09/18/2020,51005,Alleghany,Alleghany,78,8,4
09/18/2020,51580,Covington,Alleghany,30,1,0
09/18/2020,51540,Charlottesville,"Thomas Jefferson",1021,29,27
09/18/2020,51057,Essex,"Three Rivers",169,11,2
09/18/2020,51161,"Roanoke County",Alleghany,764,26,6
09/18/2020,51107,Loudoun,Loudoun,6615,425,122
09/18/2020,51041,Chesterfield,Chesterfield,5702,304,90
09/18/2020,51029,Buckingham,Piedmont,675,24,9
09/18/2020,51111,Lunenburg,Piedmont,109,6,2
09/18/2020,51610,"Falls Church",Fairfax,68,12,6
09/18/2020,51067,"Franklin County","West Piedmont",291,16,3
09/18/2020,51071,Giles,"New River",78,2,0
09/18/2020,51630,Fredericksburg,Rappahannock,524,49,5
09/18/2020,51113,Madison,"Rappahannock Rapidan",101,6,3
09/18/2020,51185,Tazewell,"Cumberland Plateau",243,15,2
09/18/2020,51760,"Richmond City",Richmond,4434,406,55
09/18/2020,51730,Petersburg,Crater,710,71,26
09/18/2020,51163,Rockbridge,"Central Shenandoah",97,4,2
09/18/2020,51165,Rockingham,"Central Shenandoah",1340,110,21
09/18/2020,51015,Augusta,"Central Shenandoah",454,22,7
09/18/2020,51087,Henrico,Henrico,5182,410,206
09/18/2020,51640,Galax,"Mount Rogers",407,41,30
09/18/2020,51069,Frederick,"Lord Fairfax",833,63,11
09/18/2020,51147,"Prince Edward",Piedmont,556,30,12
09/18/2020,51059,Fairfax,Fairfax,20041,2121,574
09/18/2020,51750,Radford,"New River",704,6,0
09/18/2020,51131,Northampton,"Eastern Shore",305,49,31
09/18/2020,51051,Dickenson,"Cumberland Plateau",85,7,1
09/18/2020,51179,Stafford,Rappahannock,1915,151,14
09/18/2020,51037,Charlotte,Piedmont,99,5,0
09/18/2020,51035,Carroll,"Mount Rogers",468,38,21
09/18/2020,51073,Gloucester,"Three Rivers",225,13,2
09/18/2020,51083,Halifax,Southside,316,11,5
09/18/2020,51036,"Charles City",Chickahominy,81,20,5
09/18/2020,51017,Bath,"Central Shenandoah",6,0,1
09/18/2020,51153,"Prince William","Prince William",11966,895,196
09/18/2020,51093,"Isle of Wight","Western Tidewater",688,34,16
09/18/2020,51019,Bedford,"Central Virginia",689,32,12
09/18/2020,51159,"Richmond County","Three Rivers",347,16,6
09/18/2020,51550,Chesapeake,Chesapeake,4169,382,66
09/18/2020,51690,Martinsville,"West Piedmont",372,60,13
09/18/2020,51830,Williamsburg,Peninsula,170,12,7
09/18/2020,51099,"King George",Rappahannock,226,21,4
09/18/2020,51079,Greene,"Thomas Jefferson",208,10,3
09/18/2020,51095,"James City",Peninsula,818,63,19
09/18/2020,51670,Hopewell,Crater,378,36,7
09/18/2020,51003,Albemarle,"Thomas Jefferson",1158,73,20
09/18/2020,51157,Rappahannock,"Rappahannock Rapidan",64,5,2
09/18/2020,51085,Hanover,Chickahominy,1198,97,35
09/18/2020,51011,Appomattox,"Central Virginia",200,13,2
09/18/2020,51023,Botetourt,Alleghany,283,23,10
09/18/2020,51169,Scott,Lenowisco,177,15,4
09/18/2020,51145,Powhatan,Chesterfield,207,14,5
09/18/2020,51105,Lee,Lenowisco,255,22,6
09/18/2020,51510,Alexandria,Alexandria,3671,308,67
09/18/2020,51770,"Roanoke City",Roanoke,1508,61,16
09/18/2020,51141,Patrick,"West Piedmont",269,51,24
09/18/2020,51119,Middlesex,"Three Rivers",84,7,8
09/18/2020,51177,Spotsylvania,Rappahannock,2067,131,42
09/18/2020,51009,Amherst,"Central Virginia",367,11,4
09/18/2020,51103,Lancaster,"Three Rivers",127,7,0
09/18/2020,51049,Cumberland,Piedmont,102,8,1
09/18/2020,51199,York,Peninsula,520,16,6
09/18/2020,51680,Lynchburg,"Central Virginia",1255,36,9
09/18/2020,51089,Henry,"West Piedmont",991,106,19
09/18/2020,51700,"Newport News",Peninsula,2638,90,32
09/18/2020,51027,Buchanan,"Cumberland Plateau",120,7,2
09/18/2020,51053,Dinwiddie,Crater,355,36,10
09/18/2020,51077,Grayson,"Mount Rogers",292,25,10
09/18/2020,51775,Salem,Alleghany,257,12,4
09/18/2020,51081,Greensville,Crater,763,34,11
09/18/2020,51660,Harrisonburg,"Central Shenandoah",2405,91,34
09/18/2020,51790,Staunton,"Central Shenandoah",233,12,0
09/18/2020,51520,Bristol,"Mount Rogers",174,9,3
09/18/2020,51127,"New Kent",Chickahominy,179,14,2
09/18/2020,51135,Nottoway,Piedmont,244,43,15
09/18/2020,51740,Portsmouth,Portsmouth,2500,268,49
09/18/2020,51181,Surry,Crater,106,7,3
09/18/2020,51187,Warren,"Lord Fairfax",409,23,6
09/18/2020,51007,Amelia,Piedmont,121,13,4
09/18/2020,51045,Craig,Alleghany,29,1,0
09/18/2020,51650,Hampton,Hampton,1761,58,21
09/18/2020,51167,Russell,"Cumberland Plateau",229,23,4
09/18/2020,51820,Waynesboro,"Central Shenandoah",253,10,3
09/18/2020,51197,Wythe,"Mount Rogers",217,20,3
09/18/2020,51175,Southampton,"Western Tidewater",526,21,20
09/18/2020,51570,"Colonial Heights",Chesterfield,242,25,24
09/18/2020,51155,Pulaski,"New River",204,13,4
09/18/2020,51195,Wise,Lenowisco,385,32,7
09/18/2020,51043,Clarke,"Lord Fairfax",91,12,0
09/18/2020,51137,Orange,"Rappahannock Rapidan",304,20,4
09/18/2020,51710,Norfolk,Norfolk,4721,346,67
09/18/2020,51840,Winchester,"Lord Fairfax",481,35,4
09/18/2020,51031,Campbell,"Central Virginia",395,12,4
09/18/2020,51183,Sussex,Crater,379,29,10
09/18/2020,51735,Poquoson,Peninsula,76,3,2
09/18/2020,51025,Brunswick,Southside,341,29,4
09/18/2020,51117,Mecklenburg,Southside,661,44,33
09/18/2020,51685,"Manassas Park","Prince William",603,54,7
09/18/2020,51720,Norton,Lenowisco,33,3,0
09/18/2020,51109,Louisa,"Thomas Jefferson",278,30,5
09/18/2020,51810,"Virginia Beach","Virginia Beach",6596,354,78
09/18/2020,51101,"King William","Three Rivers",147,11,2
09/18/2020,51061,Fauquier,"Rappahannock Rapidan",897,46,21
09/18/2020,51149,"Prince George",Crater,712,24,4
09/18/2020,51143,Pittsylvania,Pittsylvania-Danville,938,47,8
09/18/2020,51013,Arlington,Arlington,3819,491,146
09/18/2020,51125,Nelson,"Thomas Jefferson",98,4,1
09/18/2020,51595,Emporia,Crater,245,33,25
09/18/2020,51047,Culpeper,"Rappahannock Rapidan",1176,92,16
09/18/2020,51065,Fluvanna,"Thomas Jefferson",341,35,9
09/18/2020,51173,Smyth,"Mount Rogers",414,37,7
09/18/2020,51683,"Manassas City","Prince William",1877,128,25
09/18/2020,51097,"King and Queen","Three Rivers",66,9,1
09/18/2020,51001,Accomack,"Eastern Shore",1167,89,19
09/18/2020,51091,Highland,"Central Shenandoah",6,0,0
09/18/2020,51620,"Franklin City","Western Tidewater",383,18,9
09/18/2020,51115,Mathews,"Three Rivers",35,3,0
09/18/2020,51678,Lexington,"Central Shenandoah",51,3,1
09/18/2020,51193,Westmoreland,"Three Rivers",255,21,3
09/18/2020,51191,Washington,"Mount Rogers",519,47,14
09/18/2020,51033,Caroline,Rappahannock,326,28,5
09/18/2020,51075,Goochland,Chickahominy,254,26,7
09/18/2020,51800,Suffolk,"Western Tidewater",1885,123,70
09/18/2020,51121,Montgomery,"New River",1637,21,4
09/18/2020,51530,"Buena Vista City","Central Shenandoah",79,4,1
09/18/2020,51021,Bland,"Mount Rogers",64,3,4
09/19/2020,51001,Accomack,"Eastern Shore",1166,89,19
09/19/2020,51003,Albemarle,"Thomas Jefferson",1175,74,21
09/19/2020,51005,Alleghany,Alleghany,78,8,4
09/19/2020,51007,Amelia,Piedmont,123,13,5
09/19/2020,51009,Amherst,"Central Virginia",370,12,4
09/19/2020,51011,Appomattox,"Central Virginia",208,13,2
09/19/2020,51013,Arlington,Arlington,3835,491,146
09/19/2020,51015,Augusta,"Central Shenandoah",460,22,7
09/19/2020,51017,Bath,"Central Shenandoah",6,0,1
09/19/2020,51019,Bedford,"Central Virginia",699,32,12
09/19/2020,51021,Bland,"Mount Rogers",64,3,4
09/19/2020,51023,Botetourt,Alleghany,284,23,10
09/19/2020,51025,Brunswick,Southside,344,29,4
09/19/2020,51027,Buchanan,"Cumberland Plateau",125,7,2
09/19/2020,51029,Buckingham,Piedmont,676,24,9
09/19/2020,51031,Campbell,"Central Virginia",400,12,4
09/19/2020,51033,Caroline,Rappahannock,327,28,5
09/19/2020,51035,Carroll,"Mount Rogers",474,40,22
09/19/2020,51036,"Charles City",Chickahominy,82,21,5
09/19/2020,51037,Charlotte,Piedmont,99,5,0
09/19/2020,51041,Chesterfield,Chesterfield,5724,305,90
09/19/2020,51043,Clarke,"Lord Fairfax",91,12,0
09/19/2020,51045,Craig,Alleghany,28,1,0
09/19/2020,51047,Culpeper,"Rappahannock Rapidan",1179,92,16
09/19/2020,51049,Cumberland,Piedmont,102,8,1
09/19/2020,51051,Dickenson,"Cumberland Plateau",87,7,1
09/19/2020,51053,Dinwiddie,Crater,362,36,10
09/19/2020,51057,Essex,"Three Rivers",169,11,2
09/19/2020,51059,Fairfax,Fairfax,20155,2125,579
09/19/2020,51061,Fauquier,"Rappahannock Rapidan",901,46,21
09/19/2020,51063,Floyd,"New River",191,10,5
09/19/2020,51065,Fluvanna,"Thomas Jefferson",358,35,9
09/19/2020,51067,"Franklin County","West Piedmont",303,16,3
09/19/2020,51069,Frederick,"Lord Fairfax",838,63,11
09/19/2020,51071,Giles,"New River",83,2,0
09/19/2020,51073,Gloucester,"Three Rivers",226,13,2
09/19/2020,51075,Goochland,Chickahominy,255,26,7
09/19/2020,51077,Grayson,"Mount Rogers",294,25,10
09/19/2020,51079,Greene,"Thomas Jefferson",209,10,3
09/19/2020,51081,Greensville,Crater,764,34,11
09/19/2020,51083,Halifax,Southside,318,11,5
09/19/2020,51085,Hanover,Chickahominy,1212,97,36
09/19/2020,51087,Henrico,Henrico,5224,413,208
09/19/2020,51089,Henry,"West Piedmont",996,109,20
09/19/2020,51091,Highland,"Central Shenandoah",6,0,0
09/19/2020,51093,"Isle of Wight","Western Tidewater",695,34,17
09/19/2020,51095,"James City",Peninsula,824,63,19
09/19/2020,51097,"King and Queen","Three Rivers",66,9,1
09/19/2020,51099,"King George",Rappahannock,225,21,4
09/19/2020,51101,"King William","Three Rivers",149,12,2
09/19/2020,51103,Lancaster,"Three Rivers",132,7,0
09/19/2020,51105,Lee,Lenowisco,258,22,6
09/19/2020,51107,Loudoun,Loudoun,6633,426,123
09/19/2020,51109,Louisa,"Thomas Jefferson",280,30,5
09/19/2020,51111,Lunenburg,Piedmont,110,6,3
09/19/2020,51113,Madison,"Rappahannock Rapidan",102,6,3
09/19/2020,51115,Mathews,"Three Rivers",35,3,0
09/19/2020,51117,Mecklenburg,Southside,663,44,33
09/19/2020,51119,Middlesex,"Three Rivers",108,7,9
09/19/2020,51121,Montgomery,"New River",1679,20,4
09/19/2020,51125,Nelson,"Thomas Jefferson",98,4,1
09/19/2020,51127,"New Kent",Chickahominy,180,14,2
09/19/2020,51131,Northampton,"Eastern Shore",305,49,31
09/19/2020,51133,Northumberland,"Three Rivers",141,9,5
09/19/2020,51135,Nottoway,Piedmont,247,43,16
09/19/2020,51137,Orange,"Rappahannock Rapidan",308,20,4
09/19/2020,51139,Page,"Lord Fairfax",380,42,29
09/19/2020,51141,Patrick,"West Piedmont",269,51,24
09/19/2020,51143,Pittsylvania,Pittsylvania-Danville,941,49,9
09/19/2020,51145,Powhatan,Chesterfield,210,14,5
09/19/2020,51147,"Prince Edward",Piedmont,559,30,12
09/19/2020,51149,"Prince George",Crater,721,24,4
09/19/2020,51153,"Prince William","Prince William",12027,896,199
09/19/2020,51155,Pulaski,"New River",209,14,4
09/19/2020,51157,Rappahannock,"Rappahannock Rapidan",65,5,2
09/19/2020,51159,"Richmond County","Three Rivers",349,17,6
09/19/2020,51161,"Roanoke County",Alleghany,774,26,7
09/19/2020,51163,Rockbridge,"Central Shenandoah",98,4,2
09/19/2020,51165,Rockingham,"Central Shenandoah",1352,110,21
09/19/2020,51167,Russell,"Cumberland Plateau",229,23,4
09/19/2020,51169,Scott,Lenowisco,179,15,4
09/19/2020,51171,Shenandoah,"Lord Fairfax",799,87,57
09/19/2020,51173,Smyth,"Mount Rogers",419,37,7
09/19/2020,51175,Southampton,"Western Tidewater",530,21,21
09/19/2020,51177,Spotsylvania,Rappahannock,2076,131,43
09/19/2020,51179,Stafford,Rappahannock,1934,153,14
09/19/2020,51181,Surry,Crater,109,7,3
09/19/2020,51183,Sussex,Crater,388,29,10
09/19/2020,51185,Tazewell,"Cumberland Plateau",251,15,2
09/19/2020,51187,Warren,"Lord Fairfax",412,23,6
09/19/2020,51191,Washington,"Mount Rogers",533,50,16
09/19/2020,51193,Westmoreland,"Three Rivers",255,21,3
09/19/2020,51195,Wise,Lenowisco,388,32,7
09/19/2020,51197,Wythe,"Mount Rogers",220,20,3
09/19/2020,51199,York,Peninsula,523,16,6
09/19/2020,51510,Alexandria,Alexandria,3684,310,68
09/19/2020,51520,Bristol,"Mount Rogers",175,9,3
09/19/2020,51530,"Buena Vista City","Central Shenandoah",79,4,1
09/19/2020,51540,Charlottesville,"Thomas Jefferson",1048,28,27
09/19/2020,51550,Chesapeake,Chesapeake,4184,383,67
09/19/2020,51570,"Colonial Heights",Chesterfield,242,25,24
09/19/2020,51580,Covington,Alleghany,30,1,0
09/19/2020,51590,Danville,Pittsylvania-Danville,811,81,22
09/19/2020,51595,Emporia,Crater,246,33,25
09/19/2020,51600,"Fairfax City",Fairfax,134,13,7
09/19/2020,51610,"Falls Church",Fairfax,68,12,6
09/19/2020,51620,"Franklin City","Western Tidewater",385,18,9
09/19/2020,51630,Fredericksburg,Rappahannock,525,49,5
09/19/2020,51640,Galax,"Mount Rogers",407,41,30
09/19/2020,51650,Hampton,Hampton,1768,59,21
09/19/2020,51660,Harrisonburg,"Central Shenandoah",2420,91,34
09/19/2020,51670,Hopewell,Crater,381,36,7
09/19/2020,51678,Lexington,"Central Shenandoah",51,3,1
09/19/2020,51680,Lynchburg,"Central Virginia",1278,37,11
09/19/2020,51683,"Manassas City","Prince William",1877,128,25
09/19/2020,51685,"Manassas Park","Prince William",605,54,7
09/19/2020,51690,Martinsville,"West Piedmont",375,60,15
09/19/2020,51700,"Newport News",Peninsula,2658,90,33
09/19/2020,51710,Norfolk,Norfolk,4723,351,68
09/19/2020,51720,Norton,Lenowisco,33,3,0
09/19/2020,51730,Petersburg,Crater,717,72,26
09/19/2020,51735,Poquoson,Peninsula,76,3,2
09/19/2020,51740,Portsmouth,Portsmouth,2518,268,51
09/19/2020,51750,Radford,"New River",710,7,1
09/19/2020,51760,"Richmond City",Richmond,4468,408,55
09/19/2020,51770,"Roanoke City",Roanoke,1563,61,17
09/19/2020,51775,Salem,Alleghany,259,13,4
09/19/2020,51790,Staunton,"Central Shenandoah",234,12,0
09/19/2020,51800,Suffolk,"Western Tidewater",1889,123,71
09/19/2020,51810,"Virginia Beach","Virginia Beach",6620,355,79
09/19/2020,51820,Waynesboro,"Central Shenandoah",253,10,3
09/19/2020,51830,Williamsburg,Peninsula,172,12,7
09/19/2020,51840,Winchester,"Lord Fairfax",482,35,4
09/20/2020,51001,Accomack,"Eastern Shore",1166,89,19
09/20/2020,51003,Albemarle,"Thomas Jefferson",1195,74,21
09/20/2020,51005,Alleghany,Alleghany,78,8,4
09/20/2020,51007,Amelia,Piedmont,123,13,5
09/20/2020,51009,Amherst,"Central Virginia",372,12,4
09/20/2020,51011,Appomattox,"Central Virginia",208,13,3
09/20/2020,51013,Arlington,Arlington,3840,492,146
09/20/2020,51015,Augusta,"Central Shenandoah",462,22,7
09/20/2020,51017,Bath,"Central Shenandoah",6,0,1
09/20/2020,51019,Bedford,"Central Virginia",705,32,12
09/20/2020,51021,Bland,"Mount Rogers",64,3,4
09/20/2020,51023,Botetourt,Alleghany,290,23,10
09/20/2020,51025,Brunswick,Southside,346,29,4
09/20/2020,51027,Buchanan,"Cumberland Plateau",129,7,2
09/20/2020,51029,Buckingham,Piedmont,676,24,9
09/20/2020,51031,Campbell,"Central Virginia",402,12,4
09/20/2020,51033,Caroline,Rappahannock,330,28,5
09/20/2020,51035,Carroll,"Mount Rogers",480,40,23
09/20/2020,51036,"Charles City",Chickahominy,83,21,5
09/20/2020,51037,Charlotte,Piedmont,100,5,0
09/20/2020,51041,Chesterfield,Chesterfield,5758,307,91
09/20/2020,51043,Clarke,"Lord Fairfax",91,12,0
09/20/2020,51045,Craig,Alleghany,28,1,0
09/20/2020,51047,Culpeper,"Rappahannock Rapidan",1182,92,16
09/20/2020,51049,Cumberland,Piedmont,102,8,1
09/20/2020,51051,Dickenson,"Cumberland Plateau",88,7,1
09/20/2020,51053,Dinwiddie,Crater,366,36,11
09/20/2020,51057,Essex,"Three Rivers",170,11,2
09/20/2020,51059,Fairfax,Fairfax,20259,2126,581
09/20/2020,51061,Fauquier,"Rappahannock Rapidan",908,47,21
09/20/2020,51063,Floyd,"New River",191,10,5
09/20/2020,51065,Fluvanna,"Thomas Jefferson",366,35,9
09/20/2020,51067,"Franklin County","West Piedmont",310,16,3
09/20/2020,51069,Frederick,"Lord Fairfax",845,64,11
09/20/2020,51071,Giles,"New River",83,2,0
09/20/2020,51073,Gloucester,"Three Rivers",228,13,2
09/20/2020,51075,Goochland,Chickahominy,256,26,7
09/20/2020,51077,Grayson,"Mount Rogers",294,25,10
09/20/2020,51079,Greene,"Thomas Jefferson",212,10,3
09/20/2020,51081,Greensville,Crater,765,34,11
09/20/2020,51083,Halifax,Southside,325,11,6
09/20/2020,51085,Hanover,Chickahominy,1222,97,36
09/20/2020,51087,Henrico,Henrico,5269,416,209
09/20/2020,51089,Henry,"West Piedmont",1006,110,20
09/20/2020,51091,Highland,"Central Shenandoah",6,0,0
09/20/2020,51093,"Isle of Wight","Western Tidewater",697,34,17
09/20/2020,51095,"James City",Peninsula,828,64,19
09/20/2020,51097,"King and Queen","Three Rivers",70,10,1
09/20/2020,51099,"King George",Rappahannock,225,21,4
09/20/2020,51101,"King William","Three Rivers",151,12,2
09/20/2020,51103,Lancaster,"Three Rivers",135,7,0
09/20/2020,51105,Lee,Lenowisco,260,23,6
09/20/2020,51107,Loudoun,Loudoun,6656,426,123
09/20/2020,51109,Louisa,"Thomas Jefferson",280,30,5
09/20/2020,51111,Lunenburg,Piedmont,111,6,3
09/20/2020,51113,Madison,"Rappahannock Rapidan",102,6,3
09/20/2020,51115,Mathews,"Three Rivers",37,3,0
09/20/2020,51117,Mecklenburg,Southside,664,44,33
09/20/2020,51119,Middlesex,"Three Rivers",110,7,9
09/20/2020,51121,Montgomery,"New River",1724,20,4
09/20/2020,51125,Nelson,"Thomas Jefferson",98,4,1
09/20/2020,51127,"New Kent",Chickahominy,180,14,2
09/20/2020,51131,Northampton,"Eastern Shore",305,49,31
09/20/2020,51133,Northumberland,"Three Rivers",142,9,5
09/20/2020,51135,Nottoway,Piedmont,249,43,16
09/20/2020,51137,Orange,"Rappahannock Rapidan",312,20,4
09/20/2020,51139,Page,"Lord Fairfax",382,42,29
09/20/2020,51141,Patrick,"West Piedmont",271,51,24
09/20/2020,51143,Pittsylvania,Pittsylvania-Danville,954,51,9
09/20/2020,51145,Powhatan,Chesterfield,212,14,5
09/20/2020,51147,"Prince Edward",Piedmont,561,30,12
09/20/2020,51149,"Prince George",Crater,722,24,5
09/20/2020,51153,"Prince William","Prince William",12093,898,199
09/20/2020,51155,Pulaski,"New River",214,14,4
09/20/2020,51157,Rappahannock,"Rappahannock Rapidan",65,5,2
09/20/2020,51159,"Richmond County","Three Rivers",353,17,7
09/20/2020,51161,"Roanoke County",Alleghany,786,26,7
09/20/2020,51163,Rockbridge,"Central Shenandoah",101,4,2
09/20/2020,51165,Rockingham,"Central Shenandoah",1367,110,21
09/20/2020,51167,Russell,"Cumberland Plateau",231,23,4
09/20/2020,51169,Scott,Lenowisco,180,16,4
09/20/2020,51171,Shenandoah,"Lord Fairfax",800,87,58
09/20/2020,51173,Smyth,"Mount Rogers",421,37,8
09/20/2020,51175,Southampton,"Western Tidewater",538,21,22
09/20/2020,51177,Spotsylvania,Rappahannock,2082,131,43
09/20/2020,51179,Stafford,Rappahannock,1941,154,14
09/20/2020,51181,Surry,Crater,109,7,3
09/20/2020,51183,Sussex,Crater,389,29,10
09/20/2020,51185,Tazewell,"Cumberland Plateau",253,15,2
09/20/2020,51187,Warren,"Lord Fairfax",412,23,6
09/20/2020,51191,Washington,"Mount Rogers",536,50,16
09/20/2020,51193,Westmoreland,"Three Rivers",257,21,3
09/20/2020,51195,Wise,Lenowisco,388,32,8
09/20/2020,51197,Wythe,"Mount Rogers",221,20,3
09/20/2020,51199,York,Peninsula,528,16,6
09/20/2020,51510,Alexandria,Alexandria,3696,312,68
09/20/2020,51520,Bristol,"Mount Rogers",175,9,3
09/20/2020,51530,"Buena Vista City","Central Shenandoah",79,4,1
09/20/2020,51540,Charlottesville,"Thomas Jefferson",1071,28,28
09/20/2020,51550,Chesapeake,Chesapeake,4198,385,68
09/20/2020,51570,"Colonial Heights",Chesterfield,244,25,24
09/20/2020,51580,Covington,Alleghany,30,1,0
09/20/2020,51590,Danville,Pittsylvania-Danville,824,83,22
09/20/2020,51595,Emporia,Crater,246,33,25
09/20/2020,51600,"Fairfax City",Fairfax,134,13,7
09/20/2020,51610,"Falls Church",Fairfax,68,12,6
09/20/2020,51620,"Franklin City","Western Tidewater",385,18,9
09/20/2020,51630,Fredericksburg,Rappahannock,527,49,5
09/20/2020,51640,Galax,"Mount Rogers",407,41,30
09/20/2020,51650,Hampton,Hampton,1780,59,21
09/20/2020,51660,Harrisonburg,"Central Shenandoah",2458,91,34
09/20/2020,51670,Hopewell,Crater,382,36,7
09/20/2020,51678,Lexington,"Central Shenandoah",54,3,1
09/20/2020,51680,Lynchburg,"Central Virginia",1292,37,11
09/20/2020,51683,"Manassas City","Prince William",1889,128,25
09/20/2020,51685,"Manassas Park","Prince William",605,54,7
09/20/2020,51690,Martinsville,"West Piedmont",375,60,15
09/20/2020,51700,"Newport News",Peninsula,2674,90,33
09/20/2020,51710,Norfolk,Norfolk,4745,352,68
09/20/2020,51720,Norton,Lenowisco,33,3,0
09/20/2020,51730,Petersburg,Crater,718,72,28
09/20/2020,51735,Poquoson,Peninsula,76,3,2
09/20/2020,51740,Portsmouth,Portsmouth,2522,270,53
09/20/2020,51750,Radford,"New River",713,7,1
09/20/2020,51760,"Richmond City",Richmond,4495,408,56
09/20/2020,51770,"Roanoke City",Roanoke,1577,62,21
09/20/2020,51775,Salem,Alleghany,261,13,4
09/20/2020,51790,Staunton,"Central Shenandoah",240,12,0
09/20/2020,51800,Suffolk,"Western Tidewater",1893,123,71
09/20/2020,51810,"Virginia Beach","Virginia Beach",6644,355,79
09/20/2020,51820,Waynesboro,"Central Shenandoah",253,10,3
09/20/2020,51830,Williamsburg,Peninsula,175,12,7
09/20/2020,51840,Winchester,"Lord Fairfax",485,35,4
09/21/2020,51001,Accomack,"Eastern Shore",1167,89,19
09/21/2020,51003,Albemarle,"Thomas Jefferson",1199,74,21
09/21/2020,51005,Alleghany,Alleghany,77,8,4
09/21/2020,51007,Amelia,Piedmont,123,13,5
09/21/2020,51009,Amherst,"Central Virginia",374,12,4
09/21/2020,51011,Appomattox,"Central Virginia",208,13,3
09/21/2020,51013,Arlington,Arlington,3851,493,147
09/21/2020,51015,Augusta,"Central Shenandoah",469,22,7
09/21/2020,51017,Bath,"Central Shenandoah",6,0,1
09/21/2020,51019,Bedford,"Central Virginia",710,32,12
09/21/2020,51021,Bland,"Mount Rogers",64,3,4
09/21/2020,51023,Botetourt,Alleghany,290,23,10
09/21/2020,51025,Brunswick,Southside,346,29,4
09/21/2020,51027,Buchanan,"Cumberland Plateau",130,7,2
09/21/2020,51029,Buckingham,Piedmont,676,24,9
09/21/2020,51031,Campbell,"Central Virginia",408,12,4
09/21/2020,51033,Caroline,Rappahannock,335,28,5
09/21/2020,51035,Carroll,"Mount Rogers",481,40,23
09/21/2020,51036,"Charles City",Chickahominy,83,21,5
09/21/2020,51037,Charlotte,Piedmont,100,5,0
09/21/2020,51041,Chesterfield,Chesterfield,5797,309,91
09/21/2020,51043,Clarke,"Lord Fairfax",93,12,0
09/21/2020,51045,Craig,Alleghany,28,1,0
09/21/2020,51047,Culpeper,"Rappahannock Rapidan",1182,92,16
09/21/2020,51049,Cumberland,Piedmont,102,8,1
09/21/2020,51051,Dickenson,"Cumberland Plateau",89,7,1
09/21/2020,51053,Dinwiddie,Crater,370,36,11
09/21/2020,51057,Essex,"Three Rivers",171,11,2
09/21/2020,51059,Fairfax,Fairfax,20305,2128,581
09/21/2020,51061,Fauquier,"Rappahannock Rapidan",911,47,22
09/21/2020,51063,Floyd,"New River",193,10,5
09/21/2020,51065,Fluvanna,"Thomas Jefferson",367,35,9
09/21/2020,51067,"Franklin County","West Piedmont",310,16,3
09/21/2020,51069,Frederick,"Lord Fairfax",848,64,11
09/21/2020,51071,Giles,"New River",84,2,0
09/21/2020,51073,Gloucester,"Three Rivers",228,13,2
09/21/2020,51075,Goochland,Chickahominy,257,26,7
09/21/2020,51077,Grayson,"Mount Rogers",307,25,10
09/21/2020,51079,Greene,"Thomas Jefferson",212,10,3
09/21/2020,51081,Greensville,Crater,769,34,11
09/21/2020,51083,Halifax,Southside,328,11,6
09/21/2020,51085,Hanover,Chickahominy,1230,97,36
09/21/2020,51087,Henrico,Henrico,5295,416,209
09/21/2020,51089,Henry,"West Piedmont",1007,110,20
09/21/2020,51091,Highland,"Central Shenandoah",6,0,0
09/21/2020,51093,"Isle of Wight","Western Tidewater",702,34,17
09/21/2020,51095,"James City",Peninsula,831,64,19
09/21/2020,51097,"King and Queen","Three Rivers",71,10,1
09/21/2020,51099,"King George",Rappahannock,227,21,4
09/21/2020,51101,"King William","Three Rivers",151,12,2
09/21/2020,51103,Lancaster,"Three Rivers",140,7,0
09/21/2020,51105,Lee,Lenowisco,261,23,6
09/21/2020,51107,Loudoun,Loudoun,6678,426,123
09/21/2020,51109,Louisa,"Thomas Jefferson",280,30,5
09/21/2020,51111,Lunenburg,Piedmont,111,6,3
09/21/2020,51113,Madison,"Rappahannock Rapidan",102,6,3
09/21/2020,51115,Mathews,"Three Rivers",37,3,0
09/21/2020,51117,Mecklenburg,Southside,669,44,33
09/21/2020,51119,Middlesex,"Three Rivers",110,7,9
09/21/2020,51121,Montgomery,"New River",1760,20,4
09/21/2020,51125,Nelson,"Thomas Jefferson",98,4,1
09/21/2020,51127,"New Kent",Chickahominy,180,14,2
09/21/2020,51131,Northampton,"Eastern Shore",305,49,31
09/21/2020,51133,Northumberland,"Three Rivers",145,10,5
09/21/2020,51135,Nottoway,Piedmont,249,43,16
09/21/2020,51137,Orange,"Rappahannock Rapidan",315,20,4
09/21/2020,51139,Page,"Lord Fairfax",384,42,29
09/21/2020,51141,Patrick,"West Piedmont",271,51,24
09/21/2020,51143,Pittsylvania,Pittsylvania-Danville,959,51,9
09/21/2020,51145,Powhatan,Chesterfield,214,14,5
09/21/2020,51147,"Prince Edward",Piedmont,562,30,12
09/21/2020,51149,"Prince George",Crater,722,24,5
09/21/2020,51153,"Prince William","Prince William",12122,900,199
09/21/2020,51155,Pulaski,"New River",217,14,4
09/21/2020,51157,Rappahannock,"Rappahannock Rapidan",65,5,2
09/21/2020,51159,"Richmond County","Three Rivers",353,17,7
09/21/2020,51161,"Roanoke County",Alleghany,784,26,7
09/21/2020,51163,Rockbridge,"Central Shenandoah",102,4,2
09/21/2020,51165,Rockingham,"Central Shenandoah",1380,110,21
09/21/2020,51167,Russell,"Cumberland Plateau",236,23,4
09/21/2020,51169,Scott,Lenowisco,180,16,4
09/21/2020,51171,Shenandoah,"Lord Fairfax",799,87,58
09/21/2020,51173,Smyth,"Mount Rogers",444,38,8
09/21/2020,51175,Southampton,"Western Tidewater",575,21,22
09/21/2020,51177,Spotsylvania,Rappahannock,2088,131,43
09/21/2020,51179,Stafford,Rappahannock,1951,154,14
09/21/2020,51181,Surry,Crater,110,7,3
09/21/2020,51183,Sussex,Crater,404,29,10
09/21/2020,51185,Tazewell,"Cumberland Plateau",255,15,2
09/21/2020,51187,Warren,"Lord Fairfax",413,24,6
09/21/2020,51191,Washington,"Mount Rogers",539,51,16
09/21/2020,51193,Westmoreland,"Three Rivers",259,21,3
09/21/2020,51195,Wise,Lenowisco,390,32,8
09/21/2020,51197,Wythe,"Mount Rogers",222,20,3
09/21/2020,51199,York,Peninsula,532,16,6
09/21/2020,51510,Alexandria,Alexandria,3716,312,68
09/21/2020,51520,Bristol,"Mount Rogers",176,9,3
09/21/2020,51530,"Buena Vista City","Central Shenandoah",79,4,1
09/21/2020,51540,Charlottesville,"Thomas Jefferson",1085,28,28
09/21/2020,51550,Chesapeake,Chesapeake,4212,389,68
09/21/2020,51570,"Colonial Heights",Chesterfield,245,25,24
09/21/2020,51580,Covington,Alleghany,30,1,0
09/21/2020,51590,Danville,Pittsylvania-Danville,831,83,25
09/21/2020,51595,Emporia,Crater,248,33,25
09/21/2020,51600,"Fairfax City",Fairfax,134,13,7
09/21/2020,51610,"Falls Church",Fairfax,68,12,6
09/21/2020,51620,"Franklin City","Western Tidewater",387,18,9
09/21/2020,51630,Fredericksburg,Rappahannock,527,49,5
09/21/2020,51640,Galax,"Mount Rogers",408,41,30
09/21/2020,51650,Hampton,Hampton,1782,63,21
09/21/2020,51660,Harrisonburg,"Central Shenandoah",2488,91,34
09/21/2020,51670,Hopewell,Crater,383,36,7
09/21/2020,51678,Lexington,"Central Shenandoah",53,3,1
09/21/2020,51680,Lynchburg,"Central Virginia",1307,37,11
09/21/2020,51683,"Manassas City","Prince William",1890,128,25
09/21/2020,51685,"Manassas Park","Prince William",607,54,7
09/21/2020,51690,Martinsville,"West Piedmont",375,60,15
09/21/2020,51700,"Newport News",Peninsula,2681,91,33
09/21/2020,51710,Norfolk,Norfolk,4745,352,68
09/21/2020,51720,Norton,Lenowisco,33,3,0
09/21/2020,51730,Petersburg,Crater,721,72,28
09/21/2020,51735,Poquoson,Peninsula,76,3,2
09/21/2020,51740,Portsmouth,Portsmouth,2525,271,53
09/21/2020,51750,Radford,"New River",716,7,1
09/21/2020,51760,"Richmond City",Richmond,4516,409,56
09/21/2020,51770,"Roanoke City",Roanoke,1578,62,22
09/21/2020,51775,Salem,Alleghany,261,13,4
09/21/2020,51790,Staunton,"Central Shenandoah",243,12,0
09/21/2020,51800,Suffolk,"Western Tidewater",1897,123,71
09/21/2020,51810,"Virginia Beach","Virginia Beach",6656,355,79
09/21/2020,51820,Waynesboro,"Central Shenandoah",255,10,3
09/21/2020,51830,Williamsburg,Peninsula,175,12,7
09/21/2020,51840,Winchester,"Lord Fairfax",489,35,4
09/22/2020,51001,Accomack,"Eastern Shore",1167,90,19
09/22/2020,51003,Albemarle,"Thomas Jefferson",1202,74,21
09/22/2020,51005,Alleghany,Alleghany,77,8,4
09/22/2020,51007,Amelia,Piedmont,124,13,5
09/22/2020,51009,Amherst,"Central Virginia",379,12,4
09/22/2020,51011,Appomattox,"Central Virginia",209,13,3
09/22/2020,51013,Arlington,Arlington,3855,494,148
09/22/2020,51015,Augusta,"Central Shenandoah",469,22,7
09/22/2020,51017,Bath,"Central Shenandoah",7,0,1
09/22/2020,51019,Bedford,"Central Virginia",715,33,12
09/22/2020,51021,Bland,"Mount Rogers",65,3,4
09/22/2020,51023,Botetourt,Alleghany,291,23,10
09/22/2020,51025,Brunswick,Southside,346,29,4
09/22/2020,51027,Buchanan,"Cumberland Plateau",131,7,2
09/22/2020,51029,Buckingham,Piedmont,677,24,9
09/22/2020,51031,Campbell,"Central Virginia",415,14,4
09/22/2020,51033,Caroline,Rappahannock,341,28,5
09/22/2020,51035,Carroll,"Mount Rogers",486,40,23
09/22/2020,51036,"Charles City",Chickahominy,83,21,5
09/22/2020,51037,Charlotte,Piedmont,102,5,0
09/22/2020,51041,Chesterfield,Chesterfield,5829,314,93
09/22/2020,51043,Clarke,"Lord Fairfax",93,12,0
09/22/2020,51045,Craig,Alleghany,28,1,0
09/22/2020,51047,Culpeper,"Rappahannock Rapidan",1183,92,16
09/22/2020,51049,Cumberland,Piedmont,104,8,2
09/22/2020,51051,Dickenson,"Cumberland Plateau",91,7,1
09/22/2020,51053,Dinwiddie,Crater,371,38,11
09/22/2020,51057,Essex,"Three Rivers",172,11,2
09/22/2020,51059,Fairfax,Fairfax,20373,2143,583
09/22/2020,51061,Fauquier,"Rappahannock Rapidan",917,47,22
09/22/2020,51063,Floyd,"New River",196,10,8
09/22/2020,51065,Fluvanna,"Thomas Jefferson",371,35,9
09/22/2020,51067,"Franklin County","West Piedmont",320,16,3
09/22/2020,51069,Frederick,"Lord Fairfax",859,64,12
09/22/2020,51071,Giles,"New River",85,2,0
09/22/2020,51073,Gloucester,"Three Rivers",228,13,2
09/22/2020,51075,Goochland,Chickahominy,260,27,7
09/22/2020,51077,Grayson,"Mount Rogers",307,25,10
09/22/2020,51079,Greene,"Thomas Jefferson",212,10,3
09/22/2020,51081,Greensville,Crater,772,34,11
09/22/2020,51083,Halifax,Southside,331,11,6
09/22/2020,51085,Hanover,Chickahominy,1241,97,36
09/22/2020,51087,Henrico,Henrico,5315,420,210
09/22/2020,51089,Henry,"West Piedmont",1023,110,20
09/22/2020,51091,Highland,"Central Shenandoah",6,0,0
09/22/2020,51093,"Isle of Wight","Western Tidewater",704,34,17
09/22/2020,51095,"James City",Peninsula,834,64,19
09/22/2020,51097,"King and Queen","Three Rivers",71,10,1
09/22/2020,51099,"King George",Rappahannock,227,21,4
09/22/2020,51101,"King William","Three Rivers",153,12,2
09/22/2020,51103,Lancaster,"Three Rivers",140,7,0
09/22/2020,51105,Lee,Lenowisco,262,23,7
09/22/2020,51107,Loudoun,Loudoun,6698,428,123
09/22/2020,51109,Louisa,"Thomas Jefferson",280,30,6
09/22/2020,51111,Lunenburg,Piedmont,112,6,3
09/22/2020,51113,Madison,"Rappahannock Rapidan",102,6,3
09/22/2020,51115,Mathews,"Three Rivers",39,3,0
09/22/2020,51117,Mecklenburg,Southside,671,44,33
09/22/2020,51119,Middlesex,"Three Rivers",110,7,9
09/22/2020,51121,Montgomery,"New River",1766,21,4
09/22/2020,51125,Nelson,"Thomas Jefferson",98,4,2
09/22/2020,51127,"New Kent",Chickahominy,181,14,2
09/22/2020,51131,Northampton,"Eastern Shore",305,49,31
09/22/2020,51133,Northumberland,"Three Rivers",146,10,6
09/22/2020,51135,Nottoway,Piedmont,254,44,16
09/22/2020,51137,Orange,"Rappahannock Rapidan",316,20,4
09/22/2020,51139,Page,"Lord Fairfax",385,42,29
09/22/2020,51141,Patrick,"West Piedmont",271,51,24
09/22/2020,51143,Pittsylvania,Pittsylvania-Danville,964,52,9
09/22/2020,51145,Powhatan,Chesterfield,218,14,5
09/22/2020,51147,"Prince Edward",Piedmont,567,31,12
09/22/2020,51149,"Prince George",Crater,763,24,5
09/22/2020,51153,"Prince William","Prince William",12183,901,201
09/22/2020,51155,Pulaski,"New River",221,14,4
09/22/2020,51157,Rappahannock,"Rappahannock Rapidan",64,5,2
09/22/2020,51159,"Richmond County","Three Rivers",339,14,4
09/22/2020,51161,"Roanoke County",Alleghany,784,26,7
09/22/2020,51163,Rockbridge,"Central Shenandoah",104,4,2
09/22/2020,51165,Rockingham,"Central Shenandoah",1383,112,21
09/22/2020,51167,Russell,"Cumberland Plateau",236,24,5
09/22/2020,51169,Scott,Lenowisco,181,16,4
09/22/2020,51171,Shenandoah,"Lord Fairfax",800,87,58
09/22/2020,51173,Smyth,"Mount Rogers",447,38,8
09/22/2020,51175,Southampton,"Western Tidewater",721,21,22
09/22/2020,51177,Spotsylvania,Rappahannock,2099,132,44
09/22/2020,51179,Stafford,Rappahannock,1963,154,14
09/22/2020,51181,Surry,Crater,114,7,3
09/22/2020,51183,Sussex,Crater,416,29,10
09/22/2020,51185,Tazewell,"Cumberland Plateau",258,15,2
09/22/2020,51187,Warren,"Lord Fairfax",413,24,6
09/22/2020,51191,Washington,"Mount Rogers",544,55,17
09/22/2020,51193,Westmoreland,"Three Rivers",265,21,3
09/22/2020,51195,Wise,Lenowisco,392,32,8
09/22/2020,51197,Wythe,"Mount Rogers",223,20,4
09/22/2020,51199,York,Peninsula,534,16,8
09/22/2020,51510,Alexandria,Alexandria,3727,314,68
09/22/2020,51520,Bristol,"Mount Rogers",178,10,3
09/22/2020,51530,"Buena Vista City","Central Shenandoah",80,4,1
09/22/2020,51540,Charlottesville,"Thomas Jefferson",1093,28,28
09/22/2020,51550,Chesapeake,Chesapeake,4220,392,69
09/22/2020,51570,"Colonial Heights",Chesterfield,249,25,25
09/22/2020,51580,Covington,Alleghany,30,1,0
09/22/2020,51590,Danville,Pittsylvania-Danville,838,83,25
09/22/2020,51595,Emporia,Crater,248,33,26
09/22/2020,51600,"Fairfax City",Fairfax,135,13,7
09/22/2020,51610,"Falls Church",Fairfax,68,12,6
09/22/2020,51620,"Franklin City","Western Tidewater",396,18,9
09/22/2020,51630,Fredericksburg,Rappahannock,533,49,6
09/22/2020,51640,Galax,"Mount Rogers",411,41,30
09/22/2020,51650,Hampton,Hampton,1789,63,21
09/22/2020,51660,Harrisonburg,"Central Shenandoah",2524,91,34
09/22/2020,51670,Hopewell,Crater,386,36,7
09/22/2020,51678,Lexington,"Central Shenandoah",57,3,1
09/22/2020,51680,Lynchburg,"Central Virginia",1323,37,11
09/22/2020,51683,"Manassas City","Prince William",1902,128,25
09/22/2020,51685,"Manassas Park","Prince William",606,54,7
09/22/2020,51690,Martinsville,"West Piedmont",377,60,15
09/22/2020,51700,"Newport News",Peninsula,2690,92,33
09/22/2020,51710,Norfolk,Norfolk,4764,352,72
09/22/2020,51720,Norton,Lenowisco,33,3,0
09/22/2020,51730,Petersburg,Crater,723,72,29
09/22/2020,51735,Poquoson,Peninsula,75,3,2
09/22/2020,51740,Portsmouth,Portsmouth,2529,274,58
09/22/2020,51750,Radford,"New River",718,8,1
09/22/2020,51760,"Richmond City",Richmond,4540,413,58
09/22/2020,51770,"Roanoke City",Roanoke,1610,63,22
09/22/2020,51775,Salem,Alleghany,261,13,4
09/22/2020,51790,Staunton,"Central Shenandoah",245,12,0
09/22/2020,51800,Suffolk,"Western Tidewater",1908,123,72
09/22/2020,51810,"Virginia Beach","Virginia Beach",6674,357,81
09/22/2020,51820,Waynesboro,"Central Shenandoah",255,10,3
09/22/2020,51830,Williamsburg,Peninsula,176,12,7
09/22/2020,51840,Winchester,"Lord Fairfax",490,35,4
09/23/2020,51001,Accomack,"Eastern Shore",1169,90,19
09/23/2020,51003,Albemarle,"Thomas Jefferson",1203,74,21
09/23/2020,51005,Alleghany,Alleghany,77,8,4
09/23/2020,51007,Amelia,Piedmont,124,13,5
09/23/2020,51009,Amherst,"Central Virginia",381,12,4
09/23/2020,51011,Appomattox,"Central Virginia",208,13,3
09/23/2020,51013,Arlington,Arlington,3877,497,148
09/23/2020,51015,Augusta,"Central Shenandoah",470,22,7
09/23/2020,51017,Bath,"Central Shenandoah",6,0,0
09/23/2020,51019,Bedford,"Central Virginia",718,34,12
09/23/2020,51021,Bland,"Mount Rogers",65,3,4
09/23/2020,51023,Botetourt,Alleghany,292,23,10
09/23/2020,51025,Brunswick,Southside,347,29,4
09/23/2020,51027,Buchanan,"Cumberland Plateau",135,7,2
09/23/2020,51029,Buckingham,Piedmont,677,24,9
09/23/2020,51031,Campbell,"Central Virginia",422,14,4
09/23/2020,51033,Caroline,Rappahannock,343,28,5
09/23/2020,51035,Carroll,"Mount Rogers",488,41,23
09/23/2020,51036,"Charles City",Chickahominy,83,21,5
09/23/2020,51037,Charlotte,Piedmont,103,5,0
09/23/2020,51041,Chesterfield,Chesterfield,5851,319,94
09/23/2020,51043,Clarke,"Lord Fairfax",93,12,0
09/23/2020,51045,Craig,Alleghany,29,1,0
09/23/2020,51047,Culpeper,"Rappahannock Rapidan",1184,94,16
09/23/2020,51049,Cumberland,Piedmont,104,8,2
09/23/2020,51051,Dickenson,"Cumberland Plateau",93,7,1
09/23/2020,51053,Dinwiddie,Crater,373,38,11
09/23/2020,51057,Essex,"Three Rivers",173,11,2
09/23/2020,51059,Fairfax,Fairfax,20437,2147,583
09/23/2020,51061,Fauquier,"Rappahannock Rapidan",917,47,25
09/23/2020,51063,Floyd,"New River",197,10,8
09/23/2020,51065,Fluvanna,"Thomas Jefferson",372,35,9
09/23/2020,51067,"Franklin County","West Piedmont",325,16,3
09/23/2020,51069,Frederick,"Lord Fairfax",860,65,13
09/23/2020,51071,Giles,"New River",85,2,0
09/23/2020,51073,Gloucester,"Three Rivers",230,13,2
09/23/2020,51075,Goochland,Chickahominy,260,27,7
09/23/2020,51077,Grayson,"Mount Rogers",307,25,10
09/23/2020,51079,Greene,"Thomas Jefferson",212,10,3
09/23/2020,51081,Greensville,Crater,774,34,11
09/23/2020,51083,Halifax,Southside,332,11,6
09/23/2020,51085,Hanover,Chickahominy,1248,97,36
09/23/2020,51087,Henrico,Henrico,5331,422,211
09/23/2020,51089,Henry,"West Piedmont",1025,111,20
09/23/2020,51091,Highland,"Central Shenandoah",6,0,0
09/23/2020,51093,"Isle of Wight","Western Tidewater",709,35,18
09/23/2020,51095,"James City",Peninsula,838,64,20
09/23/2020,51097,"King and Queen","Three Rivers",71,10,1
09/23/2020,51099,"King George",Rappahannock,227,21,4
09/23/2020,51101,"King William","Three Rivers",154,12,2
09/23/2020,51103,Lancaster,"Three Rivers",140,7,0
09/23/2020,51105,Lee,Lenowisco,262,24,7
09/23/2020,51107,Loudoun,Loudoun,6720,428,123
09/23/2020,51109,Louisa,"Thomas Jefferson",281,30,6
09/23/2020,51111,Lunenburg,Piedmont,113,6,3
09/23/2020,51113,Madison,"Rappahannock Rapidan",103,6,3
09/23/2020,51115,Mathews,"Three Rivers",41,3,0
09/23/2020,51117,Mecklenburg,Southside,671,44,33
09/23/2020,51119,Middlesex,"Three Rivers",112,7,10
09/23/2020,51121,Montgomery,"New River",1783,21,4
09/23/2020,51125,Nelson,"Thomas Jefferson",99,4,2
09/23/2020,51127,"New Kent",Chickahominy,183,14,2
09/23/2020,51131,Northampton,"Eastern Shore",305,49,31
09/23/2020,51133,Northumberland,"Three Rivers",147,10,6
09/23/2020,51135,Nottoway,Piedmont,254,44,17
09/23/2020,51137,Orange,"Rappahannock Rapidan",317,20,4
09/23/2020,51139,Page,"Lord Fairfax",389,42,29
09/23/2020,51141,Patrick,"West Piedmont",271,51,24
09/23/2020,51143,Pittsylvania,Pittsylvania-Danville,969,52,9
09/23/2020,51145,Powhatan,Chesterfield,219,14,5
09/23/2020,51147,"Prince Edward",Piedmont,568,31,12
09/23/2020,51149,"Prince George",Crater,774,24,5
09/23/2020,51153,"Prince William","Prince William",12215,902,201
09/23/2020,51155,Pulaski,"New River",220,14,5
09/23/2020,51157,Rappahannock,"Rappahannock Rapidan",64,5,2
09/23/2020,51159,"Richmond County","Three Rivers",341,15,4
09/23/2020,51161,"Roanoke County",Alleghany,806,26,7
09/23/2020,51163,Rockbridge,"Central Shenandoah",106,5,2
09/23/2020,51165,Rockingham,"Central Shenandoah",1390,113,21
09/23/2020,51167,Russell,"Cumberland Plateau",242,24,5
09/23/2020,51169,Scott,Lenowisco,181,16,4
09/23/2020,51171,Shenandoah,"Lord Fairfax",801,87,58
09/23/2020,51173,Smyth,"Mount Rogers",449,39,8
09/23/2020,51175,Southampton,"Western Tidewater",744,21,22
09/23/2020,51177,Spotsylvania,Rappahannock,2106,132,43
09/23/2020,51179,Stafford,Rappahannock,1971,155,17
09/23/2020,51181,Surry,Crater,114,8,3
09/23/2020,51183,Sussex,Crater,419,29,10
09/23/2020,51185,Tazewell,"Cumberland Plateau",278,15,2
09/23/2020,51187,Warren,"Lord Fairfax",415,24,6
09/23/2020,51191,Washington,"Mount Rogers",544,54,17
09/23/2020,51193,Westmoreland,"Three Rivers",266,21,3
09/23/2020,51195,Wise,Lenowisco,393,32,8
09/23/2020,51197,Wythe,"Mount Rogers",227,21,4
09/23/2020,51199,York,Peninsula,537,16,8
09/23/2020,51510,Alexandria,Alexandria,3741,314,68
09/23/2020,51520,Bristol,"Mount Rogers",178,10,3
09/23/2020,51530,"Buena Vista City","Central Shenandoah",80,4,1
09/23/2020,51540,Charlottesville,"Thomas Jefferson",1105,29,28
09/23/2020,51550,Chesapeake,Chesapeake,4241,393,70
09/23/2020,51570,"Colonial Heights",Chesterfield,250,25,25
09/23/2020,51580,Covington,Alleghany,30,1,0
09/23/2020,51590,Danville,Pittsylvania-Danville,843,84,26
09/23/2020,51595,Emporia,Crater,250,33,26
09/23/2020,51600,"Fairfax City",Fairfax,134,13,7
09/23/2020,51610,"Falls Church",Fairfax,69,12,6
09/23/2020,51620,"Franklin City","Western Tidewater",397,18,9
09/23/2020,51630,Fredericksburg,Rappahannock,531,49,5
09/23/2020,51640,Galax,"Mount Rogers",413,41,30
09/23/2020,51650,Hampton,Hampton,1793,63,24
09/23/2020,51660,Harrisonburg,"Central Shenandoah",2541,92,34
09/23/2020,51670,Hopewell,Crater,387,36,7
09/23/2020,51678,Lexington,"Central Shenandoah",59,3,1
09/23/2020,51680,Lynchburg,"Central Virginia",1336,39,12
09/23/2020,51683,"Manassas City","Prince William",1904,128,25
09/23/2020,51685,"Manassas Park","Prince William",607,54,7
09/23/2020,51690,Martinsville,"West Piedmont",378,60,15
09/23/2020,51700,"Newport News",Peninsula,2700,95,37
09/23/2020,51710,Norfolk,Norfolk,4765,355,75
09/23/2020,51720,Norton,Lenowisco,33,3,0
09/23/2020,51730,Petersburg,Crater,726,72,29
09/23/2020,51735,Poquoson,Peninsula,75,3,2
09/23/2020,51740,Portsmouth,Portsmouth,2534,274,58
09/23/2020,51750,Radford,"New River",725,8,1
09/23/2020,51760,"Richmond City",Richmond,4551,412,60
09/23/2020,51770,"Roanoke City",Roanoke,1621,63,23
09/23/2020,51775,Salem,Alleghany,263,13,4
09/23/2020,51790,Staunton,"Central Shenandoah",246,12,0
09/23/2020,51800,Suffolk,"Western Tidewater",1916,123,72
09/23/2020,51810,"Virginia Beach","Virginia Beach",6689,360,83
09/23/2020,51820,Waynesboro,"Central Shenandoah",257,10,3
09/23/2020,51830,Williamsburg,Peninsula,177,12,7
09/23/2020,51840,Winchester,"Lord Fairfax",490,35,4
09/24/2020,51001,Accomack,"Eastern Shore",1169,90,19
09/24/2020,51003,Albemarle,"Thomas Jefferson",1215,75,21
09/24/2020,51005,Alleghany,Alleghany,77,8,4
09/24/2020,51007,Amelia,Piedmont,124,13,5
09/24/2020,51009,Amherst,"Central Virginia",388,13,4
09/24/2020,51011,Appomattox,"Central Virginia",210,13,3
09/24/2020,51013,Arlington,Arlington,3889,498,148
09/24/2020,51015,Augusta,"Central Shenandoah",474,22,7
09/24/2020,51017,Bath,"Central Shenandoah",7,0,0
09/24/2020,51019,Bedford,"Central Virginia",730,34,12
09/24/2020,51021,Bland,"Mount Rogers",65,3,4
09/24/2020,51023,Botetourt,Alleghany,293,24,10
09/24/2020,51025,Brunswick,Southside,349,29,5
09/24/2020,51027,Buchanan,"Cumberland Plateau",136,8,2
09/24/2020,51029,Buckingham,Piedmont,677,24,9
09/24/2020,51031,Campbell,"Central Virginia",435,14,4
09/24/2020,51033,Caroline,Rappahannock,347,29,5
09/24/2020,51035,Carroll,"Mount Rogers",489,41,24
09/24/2020,51036,"Charles City",Chickahominy,84,21,5
09/24/2020,51037,Charlotte,Piedmont,106,5,0
09/24/2020,51041,Chesterfield,Chesterfield,5870,322,94
09/24/2020,51043,Clarke,"Lord Fairfax",93,12,0
09/24/2020,51045,Craig,Alleghany,29,1,0
09/24/2020,51047,Culpeper,"Rappahannock Rapidan",1188,94,16
09/24/2020,51049,Cumberland,Piedmont,104,8,2
09/24/2020,51051,Dickenson,"Cumberland Plateau",97,7,1
09/24/2020,51053,Dinwiddie,Crater,375,38,11
09/24/2020,51057,Essex,"Three Rivers",176,11,2
09/24/2020,51059,Fairfax,Fairfax,20504,2155,583
09/24/2020,51061,Fauquier,"Rappahannock Rapidan",920,47,25
09/24/2020,51063,Floyd,"New River",198,10,9
09/24/2020,51065,Fluvanna,"Thomas Jefferson",374,35,9
09/24/2020,51067,"Franklin County","West Piedmont",329,16,3
09/24/2020,51069,Frederick,"Lord Fairfax",865,66,13
09/24/2020,51071,Giles,"New River",88,3,0
09/24/2020,51073,Gloucester,"Three Rivers",234,13,2
09/24/2020,51075,Goochland,Chickahominy,261,27,7
09/24/2020,51077,Grayson,"Mount Rogers",307,25,12
09/24/2020,51079,Greene,"Thomas Jefferson",213,10,3
09/24/2020,51081,Greensville,Crater,780,34,11
09/24/2020,51083,Halifax,Southside,336,11,6
09/24/2020,51085,Hanover,Chickahominy,1265,97,36
09/24/2020,51087,Henrico,Henrico,5371,424,210
09/24/2020,51089,Henry,"West Piedmont",1035,112,20
09/24/2020,51091,Highland,"Central Shenandoah",6,0,0
09/24/2020,51093,"Isle of Wight","Western Tidewater",718,35,18
09/24/2020,51095,"James City",Peninsula,839,64,20
09/24/2020,51097,"King and Queen","Three Rivers",72,10,1
09/24/2020,51099,"King George",Rappahannock,227,21,4
09/24/2020,51101,"King William","Three Rivers",155,12,2
09/24/2020,51103,Lancaster,"Three Rivers",141,7,0
09/24/2020,51105,Lee,Lenowisco,263,24,7
09/24/2020,51107,Loudoun,Loudoun,6747,428,124
09/24/2020,51109,Louisa,"Thomas Jefferson",286,30,6
09/24/2020,51111,Lunenburg,Piedmont,116,6,3
09/24/2020,51113,Madison,"Rappahannock Rapidan",106,6,3
09/24/2020,51115,Mathews,"Three Rivers",42,3,0
09/24/2020,51117,Mecklenburg,Southside,694,44,33
09/24/2020,51119,Middlesex,"Three Rivers",112,7,10
09/24/2020,51121,Montgomery,"New River",1818,21,4
09/24/2020,51125,Nelson,"Thomas Jefferson",100,5,2
09/24/2020,51127,"New Kent",Chickahominy,184,14,3
09/24/2020,51131,Northampton,"Eastern Shore",305,49,31
09/24/2020,51133,Northumberland,"Three Rivers",147,10,6
09/24/2020,51135,Nottoway,Piedmont,256,44,18
09/24/2020,51137,Orange,"Rappahannock Rapidan",320,20,4
09/24/2020,51139,Page,"Lord Fairfax",389,42,29
09/24/2020,51141,Patrick,"West Piedmont",274,51,24
09/24/2020,51143,Pittsylvania,Pittsylvania-Danville,976,52,9
09/24/2020,51145,Powhatan,Chesterfield,220,14,5
09/24/2020,51147,"Prince Edward",Piedmont,576,32,12
09/24/2020,51149,"Prince George",Crater,782,24,5
09/24/2020,51153,"Prince William","Prince William",12250,904,202
09/24/2020,51155,Pulaski,"New River",225,14,5
09/24/2020,51157,Rappahannock,"Rappahannock Rapidan",64,5,2
09/24/2020,51159,"Richmond County","Three Rivers",343,15,4
09/24/2020,51161,"Roanoke County",Alleghany,824,27,7
09/24/2020,51163,Rockbridge,"Central Shenandoah",106,5,2
09/24/2020,51165,Rockingham,"Central Shenandoah",1403,114,21
09/24/2020,51167,Russell,"Cumberland Plateau",246,24,5
09/24/2020,51169,Scott,Lenowisco,181,16,4
09/24/2020,51171,Shenandoah,"Lord Fairfax",804,87,58
09/24/2020,51173,Smyth,"Mount Rogers",454,42,9
09/24/2020,51175,Southampton,"Western Tidewater",746,21,22
09/24/2020,51177,Spotsylvania,Rappahannock,2119,132,44
09/24/2020,51179,Stafford,Rappahannock,1984,157,18
09/24/2020,51181,Surry,Crater,118,8,3
09/24/2020,51183,Sussex,Crater,461,29,10
09/24/2020,51185,Tazewell,"Cumberland Plateau",283,15,2
09/24/2020,51187,Warren,"Lord Fairfax",415,24,6
09/24/2020,51191,Washington,"Mount Rogers",550,54,17
09/24/2020,51193,Westmoreland,"Three Rivers",269,21,3
09/24/2020,51195,Wise,Lenowisco,398,32,9
09/24/2020,51197,Wythe,"Mount Rogers",229,21,4
09/24/2020,51199,York,Peninsula,541,16,8
09/24/2020,51510,Alexandria,Alexandria,3761,317,69
09/24/2020,51520,Bristol,"Mount Rogers",178,10,4
09/24/2020,51530,"Buena Vista City","Central Shenandoah",80,4,1
09/24/2020,51540,Charlottesville,"Thomas Jefferson",1119,29,28
09/24/2020,51550,Chesapeake,Chesapeake,4262,396,70
09/24/2020,51570,"Colonial Heights",Chesterfield,251,25,25
09/24/2020,51580,Covington,Alleghany,30,1,0
09/24/2020,51590,Danville,Pittsylvania-Danville,854,84,27
09/24/2020,51595,Emporia,Crater,255,33,26
09/24/2020,51600,"Fairfax City",Fairfax,136,13,7
09/24/2020,51610,"Falls Church",Fairfax,70,13,6
09/24/2020,51620,"Franklin City","Western Tidewater",403,18,9
09/24/2020,51630,Fredericksburg,Rappahannock,533,49,5
09/24/2020,51640,Galax,"Mount Rogers",413,41,30
09/24/2020,51650,Hampton,Hampton,1800,63,24
09/24/2020,51660,Harrisonburg,"Central Shenandoah",2564,92,34
09/24/2020,51670,Hopewell,Crater,386,35,7
09/24/2020,51678,Lexington,"Central Shenandoah",71,3,1
09/24/2020,51680,Lynchburg,"Central Virginia",1355,38,12
09/24/2020,51683,"Manassas City","Prince William",1910,128,25
09/24/2020,51685,"Manassas Park","Prince William",607,54,7
09/24/2020,51690,Martinsville,"West Piedmont",379,60,16
09/24/2020,51700,"Newport News",Peninsula,2704,96,37
09/24/2020,51710,Norfolk,Norfolk,4781,356,78
09/24/2020,51720,Norton,Lenowisco,33,3,0
09/24/2020,51730,Petersburg,Crater,732,72,29
09/24/2020,51735,Poquoson,Peninsula,75,3,2
09/24/2020,51740,Portsmouth,Portsmouth,2539,274,58
09/24/2020,51750,Radford,"New River",728,8,1
09/24/2020,51760,"Richmond City",Richmond,4578,416,61
09/24/2020,51770,"Roanoke City",Roanoke,1640,65,23
09/24/2020,51775,Salem,Alleghany,264,13,5
09/24/2020,51790,Staunton,"Central Shenandoah",250,12,0
09/24/2020,51800,Suffolk,"Western Tidewater",1928,123,72
09/24/2020,51810,"Virginia Beach","Virginia Beach",6734,365,86
09/24/2020,51820,Waynesboro,"Central Shenandoah",257,10,3
09/24/2020,51830,Williamsburg,Peninsula,178,12,7
09/24/2020,51840,Winchester,"Lord Fairfax",494,35,4
09/25/2020,51001,Accomack,"Eastern Shore",1172,90,19
09/25/2020,51003,Albemarle,"Thomas Jefferson",1233,76,21
09/25/2020,51005,Alleghany,Alleghany,78,8,4
09/25/2020,51007,Amelia,Piedmont,124,13,5
09/25/2020,51009,Amherst,"Central Virginia",390,13,4
09/25/2020,51011,Appomattox,"Central Virginia",213,13,3
09/25/2020,51013,Arlington,Arlington,3909,498,148
09/25/2020,51015,Augusta,"Central Shenandoah",478,23,7
09/25/2020,51017,Bath,"Central Shenandoah",7,0,0
09/25/2020,51019,Bedford,"Central Virginia",739,37,13
09/25/2020,51021,Bland,"Mount Rogers",64,3,5
09/25/2020,51023,Botetourt,Alleghany,297,24,10
09/25/2020,51025,Brunswick,Southside,351,29,5
09/25/2020,51027,Buchanan,"Cumberland Plateau",137,8,2
09/25/2020,51029,Buckingham,Piedmont,677,24,9
09/25/2020,51031,Campbell,"Central Virginia",436,14,4
09/25/2020,51033,Caroline,Rappahannock,347,28,5
09/25/2020,51035,Carroll,"Mount Rogers",492,41,24
09/25/2020,51036,"Charles City",Chickahominy,84,21,5
09/25/2020,51037,Charlotte,Piedmont,106,5,0
09/25/2020,51041,Chesterfield,Chesterfield,5916,322,94
09/25/2020,51043,Clarke,"Lord Fairfax",94,12,0
09/25/2020,51045,Craig,Alleghany,29,1,0
09/25/2020,51047,Culpeper,"Rappahannock Rapidan",1190,94,17
09/25/2020,51049,Cumberland,Piedmont,104,8,2
09/25/2020,51051,Dickenson,"Cumberland Plateau",99,7,1
09/25/2020,51053,Dinwiddie,Crater,376,38,11
09/25/2020,51057,Essex,"Three Rivers",176,11,2
09/25/2020,51059,Fairfax,Fairfax,20627,2146,586
09/25/2020,51061,Fauquier,"Rappahannock Rapidan",925,47,25
09/25/2020,51063,Floyd,"New River",201,10,9
09/25/2020,51065,Fluvanna,"Thomas Jefferson",375,35,9
09/25/2020,51067,"Franklin County","West Piedmont",333,16,3
09/25/2020,51069,Frederick,"Lord Fairfax",873,66,13
09/25/2020,51071,Giles,"New River",88,3,0
09/25/2020,51073,Gloucester,"Three Rivers",235,13,2
09/25/2020,51075,Goochland,Chickahominy,266,29,7
09/25/2020,51077,Grayson,"Mount Rogers",308,25,12
09/25/2020,51079,Greene,"Thomas Jefferson",216,10,3
09/25/2020,51081,Greensville,Crater,782,34,11
09/25/2020,51083,Halifax,Southside,342,11,6
09/25/2020,51085,Hanover,Chickahominy,1286,98,37
09/25/2020,51087,Henrico,Henrico,5399,427,211
09/25/2020,51089,Henry,"West Piedmont",1042,113,20
09/25/2020,51091,Highland,"Central Shenandoah",7,0,0
09/25/2020,51093,"Isle of Wight","Western Tidewater",723,35,19
09/25/2020,51095,"James City",Peninsula,842,64,20
09/25/2020,51097,"King and Queen","Three Rivers",72,10,1
09/25/2020,51099,"King George",Rappahannock,228,21,4
09/25/2020,51101,"King William","Three Rivers",157,12,2
09/25/2020,51103,Lancaster,"Three Rivers",142,7,0
09/25/2020,51105,Lee,Lenowisco,266,24,7
09/25/2020,51107,Loudoun,Loudoun,6774,428,124
09/25/2020,51109,Louisa,"Thomas Jefferson",287,30,6
09/25/2020,51111,Lunenburg,Piedmont,116,6,3
09/25/2020,51113,Madison,"Rappahannock Rapidan",106,6,3
09/25/2020,51115,Mathews,"Three Rivers",49,5,0
09/25/2020,51117,Mecklenburg,Southside,711,44,33
09/25/2020,51119,Middlesex,"Three Rivers",113,7,10
09/25/2020,51121,Montgomery,"New River",1880,21,4
09/25/2020,51125,Nelson,"Thomas Jefferson",100,5,2
09/25/2020,51127,"New Kent",Chickahominy,188,14,3
09/25/2020,51131,Northampton,"Eastern Shore",305,49,31
09/25/2020,51133,Northumberland,"Three Rivers",152,10,6
09/25/2020,51135,Nottoway,Piedmont,257,44,18
09/25/2020,51137,Orange,"Rappahannock Rapidan",320,20,4
09/25/2020,51139,Page,"Lord Fairfax",390,42,29
09/25/2020,51141,Patrick,"West Piedmont",276,51,24
09/25/2020,51143,Pittsylvania,Pittsylvania-Danville,985,52,9
09/25/2020,51145,Powhatan,Chesterfield,219,14,5
09/25/2020,51147,"Prince Edward",Piedmont,577,32,12
09/25/2020,51149,"Prince George",Crater,791,24,5
09/25/2020,51153,"Prince William","Prince William",12318,906,202
09/25/2020,51155,Pulaski,"New River",225,15,5
09/25/2020,51157,Rappahannock,"Rappahannock Rapidan",64,5,2
09/25/2020,51159,"Richmond County","Three Rivers",346,15,4
09/25/2020,51161,"Roanoke County",Alleghany,842,27,7
09/25/2020,51163,Rockbridge,"Central Shenandoah",108,5,2
09/25/2020,51165,Rockingham,"Central Shenandoah",1414,115,21
09/25/2020,51167,Russell,"Cumberland Plateau",254,24,5
09/25/2020,51169,Scott,Lenowisco,184,16,4
09/25/2020,51171,Shenandoah,"Lord Fairfax",805,87,58
09/25/2020,51173,Smyth,"Mount Rogers",457,43,10
09/25/2020,51175,Southampton,"Western Tidewater",748,22,23
09/25/2020,51177,Spotsylvania,Rappahannock,2121,132,44
09/25/2020,51179,Stafford,Rappahannock,1998,157,17
09/25/2020,51181,Surry,Crater,118,8,3
09/25/2020,51183,Sussex,Crater,462,29,11
09/25/2020,51185,Tazewell,"Cumberland Plateau",284,15,2
09/25/2020,51187,Warren,"Lord Fairfax",415,24,7
09/25/2020,51191,Washington,"Mount Rogers",553,55,20
09/25/2020,51193,Westmoreland,"Three Rivers",273,22,3
09/25/2020,51195,Wise,Lenowisco,400,32,9
09/25/2020,51197,Wythe,"Mount Rogers",232,21,4
09/25/2020,51199,York,Peninsula,541,16,8
09/25/2020,51510,Alexandria,Alexandria,3780,318,69
09/25/2020,51520,Bristol,"Mount Rogers",182,10,5
09/25/2020,51530,"Buena Vista City","Central Shenandoah",80,4,1
09/25/2020,51540,Charlottesville,"Thomas Jefferson",1144,29,28
09/25/2020,51550,Chesapeake,Chesapeake,4271,402,71
09/25/2020,51570,"Colonial Heights",Chesterfield,253,25,25
09/25/2020,51580,Covington,Alleghany,32,1,0
09/25/2020,51590,Danville,Pittsylvania-Danville,860,84,27
09/25/2020,51595,Emporia,Crater,255,33,26
09/25/2020,51600,"Fairfax City",Fairfax,135,14,8
09/25/2020,51610,"Falls Church",Fairfax,70,13,6
09/25/2020,51620,"Franklin City","Western Tidewater",413,18,9
09/25/2020,51630,Fredericksburg,Rappahannock,535,49,5
09/25/2020,51640,Galax,"Mount Rogers",413,41,30
09/25/2020,51650,Hampton,Hampton,1803,65,24
09/25/2020,51660,Harrisonburg,"Central Shenandoah",2578,93,34
09/25/2020,51670,Hopewell,Crater,390,35,7
09/25/2020,51678,Lexington,"Central Shenandoah",73,3,1
09/25/2020,51680,Lynchburg,"Central Virginia",1374,41,13
09/25/2020,51683,"Manassas City","Prince William",1918,128,25
09/25/2020,51685,"Manassas Park","Prince William",610,54,8
09/25/2020,51690,Martinsville,"West Piedmont",380,61,16
09/25/2020,51700,"Newport News",Peninsula,2715,96,38
09/25/2020,51710,Norfolk,Norfolk,4800,361,78
09/25/2020,51720,Norton,Lenowisco,33,3,0
09/25/2020,51730,Petersburg,Crater,734,72,29
09/25/2020,51735,Poquoson,Peninsula,74,3,2
09/25/2020,51740,Portsmouth,Portsmouth,2547,274,58
09/25/2020,51750,Radford,"New River",734,8,1
09/25/2020,51760,"Richmond City",Richmond,4595,416,61
09/25/2020,51770,"Roanoke City",Roanoke,1656,65,23
09/25/2020,51775,Salem,Alleghany,264,14,5
09/25/2020,51790,Staunton,"Central Shenandoah",251,12,0
09/25/2020,51800,Suffolk,"Western Tidewater",1963,123,72
09/25/2020,51810,"Virginia Beach","Virginia Beach",6776,369,88
09/25/2020,51820,Waynesboro,"Central Shenandoah",259,10,3
09/25/2020,51830,Williamsburg,Peninsula,177,12,7
09/25/2020,51840,Winchester,"Lord Fairfax",495,35,4