"Report Date","Health District or Health District Group","Race and Ethnicity","Number of Cases","Number of Hospitalizations","Number of Deaths"
12/01/2020,"Rappahannock Rapidan","Not Reported",1014,12,7
12/01/2020,Portsmouth,"Other Race",75,11,5
12/01/2020,"Western Tidewater","Two or more races",76,1,0
12/01/2020,Piedmont,White,1151,87,33
12/01/2020,Chesterfield,Latino,2491,131,11
12/01/2020,Lenowisco,White,2478,161,65
12/01/2020,Lenowisco,"Two or more races",33,3,3
12/01/2020,Hampton,"Not Reported",685,3,1
12/01/2020,Southside,"Not Reported",719,7,5
12/01/2020,Roanoke,Black,892,45,15
12/01/2020,Hampton,Black,1299,87,24
12/01/2020,Alleghany,"Other Race",46,2,0
12/01/2020,Lenowisco,Latino,60,0,0
12/01/2020,Loudoun,"Other Race",539,23,3
12/01/2020,"Central Shenandoah",Latino,1409,64,7
12/01/2020,"Rappahannock Rapidan",Latino,1056,71,8
12/01/2020,"Eastern Shore",Black,914,105,29
12/01/2020,Norfolk,Latino,526,34,0
12/01/2020,Hampton,"Two or more races",27,1,0
12/01/2020,Richmond,Black,2361,307,43
12/01/2020,Henrico,"Two or more races",129,9,2
12/01/2020,Fairfax,"Two or more races",256,11,0
12/01/2020,Alleghany,"Not Reported",1536,7,2
12/01/2020,Portsmouth,"Not Reported",467,8,2
12/01/2020,"Cumberland Plateau","Other Race",6,0,0
12/01/2020,Southside,"Two or more races",136,0,5
12/01/2020,Portsmouth,White,550,51,14
12/01/2020,"Rappahannock Rapidan","Two or more races",55,2,0
12/01/2020,Fairfax,White,7316,647,334
12/01/2020,Fairfax,"Other Race",1374,113,22
12/01/2020,Crater,"Two or more races",21,1,1
12/01/2020,"West Piedmont","Not Reported",1020,17,3
12/01/2020,Henrico,"Other Race",272,20,1
12/01/2020,"Three Rivers",White,1332,84,28
12/01/2020,"Central Virginia",Black,726,55,18
12/01/2020,Lenowisco,"Other Race",12,0,0
12/01/2020,"Three Rivers","Other Race",39,3,0
12/01/2020,"Western Tidewater",White,1577,87,79
12/01/2020,"Mount Rogers",Black,154,10,3
12/01/2020,"Three Rivers","Not Reported",327,3,1
12/01/2020,"Thomas Jefferson",Black,713,90,18
12/01/2020,"Eastern Shore",White,405,38,20
12/01/2020,"Central Virginia",White,3339,165,50
12/01/2020,Lenowisco,Black,82,3,3
12/01/2020,"Central Virginia","Two or more races",40,1,0
12/01/2020,Richmond,"Two or more races",70,4,1
12/01/2020,Crater,"Not Reported",1231,11,5
12/01/2020,Chesterfield,"Two or more races",88,9,0
12/01/2020,"New River",Latino,284,5,0
12/01/2020,Richmond,Latino,1568,118,8
12/01/2020,Portsmouth,Latino,112,11,1
12/01/2020,Pittsylvania-Danville,"Not Reported",943,18,2
12/01/2020,Chesapeake,"Not Reported",805,3,0
12/01/2020,Chickahominy,Latino,152,9,1
12/01/2020,Crater,Black,2851,240,76
12/01/2020,Chesterfield,Black,2035,164,37
12/01/2020,Chesterfield,"Other Race",264,16,0
12/01/2020,Peninsula,Black,1822,113,30
12/01/2020,Roanoke,White,1246,43,59
12/01/2020,"New River",Black,315,5,2
12/01/2020,Southside,Latino,15,0,0
12/01/2020,Peninsula,Latino,566,25,2
12/01/2020,Rappahannock,"Two or more races",89,4,0
12/01/2020,"Virginia Beach",Black,2419,176,30
12/01/2020,"Mount Rogers","Not Reported",528,14,6
12/01/2020,Loudoun,"Not Reported",2470,7,0
12/01/2020,Chesapeake,"Other Race",82,5,1
12/01/2020,Chickahominy,"Two or more races",15,1,0
12/01/2020,Crater,"Other Race",83,0,1
12/01/2020,Norfolk,"Two or more races",80,7,0
12/01/2020,"Eastern Shore","Two or more races",1,1,0
12/01/2020,"Central Shenandoah",White,5848,285,93
12/01/2020,"New River","Other Race",27,0,0
12/01/2020,"New River",White,3950,114,42
12/01/2020,"Central Shenandoah","Other Race",128,3,0
12/01/2020,"West Piedmont",Black,832,115,25
12/01/2020,Alleghany,Latino,253,13,1
12/01/2020,"Central Shenandoah","Not Reported",1633,13,3
12/01/2020,Roanoke,"Two or more races",31,2,0
12/01/2020,Peninsula,"Two or more races",90,4,1
12/01/2020,Richmond,"Not Reported",1037,2,1
12/01/2020,Arlington,"Other Race",188,15,4
12/01/2020,Norfolk,"Not Reported",1295,7,1
12/01/2020,Alexandria,"Other Race",145,11,2
12/01/2020,"Virginia Beach",White,4311,250,63
12/01/2020,Chesapeake,"Two or more races",82,3,0
12/01/2020,Alleghany,White,3002,129,67
12/01/2020,"Rappahannock Rapidan","Other Race",54,4,0
12/01/2020,Chickahominy,"Not Reported",722,3,1
12/01/2020,Portsmouth,Black,1952,260,49
12/01/2020,Chickahominy,"Other Race",43,3,0
12/01/2020,"Virginia Beach",Latino,772,37,5
12/01/2020,Chesapeake,White,2629,192,36
12/01/2020,Southside,Black,754,53,25
12/01/2020,Rappahannock,Latino,1785,124,11
12/01/2020,"Three Rivers","Two or more races",24,2,0
12/01/2020,Henrico,Black,2583,287,105
12/01/2020,Pittsylvania-Danville,Black,1134,129,23
12/01/2020,"Lord Fairfax","Two or more races",53,2,1
12/01/2020,"Prince William",Latino,8726,741,83
12/01/2020,"Mount Rogers","Other Race",27,2,2
12/01/2020,"Central Shenandoah",Black,405,21,8
12/01/2020,Peninsula,White,1957,106,55
12/01/2020,"Eastern Shore","Not Reported",76,0,0
12/01/2020,"Thomas Jefferson","Other Race",192,7,1
12/01/2020,Hampton,"Other Race",102,3,1
12/01/2020,"Lord Fairfax","Not Reported",756,6,7
12/01/2020,"Central Virginia","Other Race",54,0,0
12/01/2020,"Western Tidewater","Other Race",104,1,2
12/01/2020,Crater,Latino,294,11,5
12/01/2020,Chesapeake,Latino,499,37,2
12/01/2020,Chesterfield,White,3451,221,102
12/01/2020,"Western Tidewater","Not Reported",1158,6,3
12/01/2020,Fairfax,"Not Reported",3758,47,30
12/01/2020,Arlington,Black,559,100,36
12/01/2020,"Central Virginia",Latino,139,7,4
12/01/2020,Alexandria,"Not Reported",395,3,1
12/01/2020,"Three Rivers",Black,961,71,17
12/01/2020,"Prince William","Two or more races",201,3,0
12/01/2020,Loudoun,"Two or more races",106,6,0
12/01/2020,Peninsula,"Other Race",272,4,0
12/01/2020,"Thomas Jefferson",White,2917,128,59
12/01/2020,Norfolk,"Other Race",137,5,2
12/01/2020,"Prince William","Not Reported",5204,25,1
12/01/2020,"West Piedmont",White,2466,217,80
12/01/2020,Rappahannock,Black,1275,118,20
12/01/2020,Norfolk,Black,2949,310,63
12/01/2020,Roanoke,Latino,584,33,2
12/01/2020,Piedmont,Latino,90,9,2
12/01/2020,Roanoke,"Not Reported",1258,2,1
12/01/2020,"Virginia Beach","Other Race",201,5,0
12/01/2020,Arlington,"Two or more races",71,4,0
12/01/2020,Alexandria,White,1197,72,40
12/01/2020,"Lord Fairfax","Other Race",136,7,1
12/01/2020,"Thomas Jefferson","Not Reported",380,3,0
12/01/2020,"Virginia Beach","Not Reported",2656,19,4
12/01/2020,Loudoun,Black,459,37,9
12/01/2020,Pittsylvania-Danville,Latino,119,5,0
12/01/2020,"Cumberland Plateau","Not Reported",333,7,0
12/01/2020,Chesterfield,"Not Reported",1824,5,12
12/01/2020,"Mount Rogers",White,5244,393,156
12/01/2020,Richmond,White,1418,61,26
12/01/2020,Lenowisco,"Not Reported",383,9,6
12/01/2020,"Three Rivers",Latino,221,6,1
12/01/2020,Piedmont,"Not Reported",929,12,4
12/01/2020,"Mount Rogers",Latino,371,8,0
12/01/2020,"Central Shenandoah","Two or more races",77,1,1
12/01/2020,Crater,White,1469,81,34
12/01/2020,Arlington,White,1953,157,74
12/01/2020,Pittsylvania-Danville,"Other Race",5,0,0
12/01/2020,Chickahominy,Black,581,67,16
12/01/2020,Fairfax,Black,2545,284,66
12/01/2020,"Eastern Shore",Latino,292,12,3
12/01/2020,Norfolk,White,1468,85,24
12/01/2020,"Mount Rogers","Two or more races",21,1,0
12/01/2020,Alleghany,"Two or more races",34,1,1
12/01/2020,Southside,White,663,43,25
12/01/2020,"Thomas Jefferson","Two or more races",123,6,0
12/01/2020,"Prince William",Black,2278,208,61
12/01/2020,"Lord Fairfax",White,4112,326,118
12/01/2020,"Cumberland Plateau",Latino,21,0,0
12/01/2020,Arlington,"Not Reported",923,9,0
12/01/2020,Rappahannock,"Other Race",247,6,0
12/01/2020,"Rappahannock Rapidan",Black,522,47,16
12/01/2020,"New River","Two or more races",113,6,4
12/01/2020,Arlington,Latino,2325,274,30
12/01/2020,Henrico,White,2488,191,124
12/01/2020,Loudoun,White,2797,165,100
12/01/2020,Hampton,White,575,21,8
12/01/2020,Alleghany,Black,316,10,8
12/01/2020,"Prince William",White,3117,217,103
12/01/2020,Rappahannock,White,2677,199,64
12/01/2020,Southside,"Other Race",19,1,1
12/01/2020,Portsmouth,"Two or more races",31,6,0
12/01/2020,"Western Tidewater",Black,2341,177,76
12/01/2020,Hampton,Latino,115,6,0
12/01/2020,Henrico,"Not Reported",1461,9,2
12/01/2020,"West Piedmont","Two or more races",26,0,0
12/01/2020,Peninsula,"Not Reported",1855,1,0
12/01/2020,Loudoun,Latino,3079,252,18
12/01/2020,Alexandria,Black,1089,116,20
12/01/2020,Piedmont,Black,876,92,27
12/01/2020,Roanoke,"Other Race",46,1,0
12/01/2020,Alexandria,"Two or more races",45,2,0
12/01/2020,"Western Tidewater",Latino,71,1,2
12/01/2020,Rappahannock,"Not Reported",2039,34,0
12/01/2020,"West Piedmont","Other Race",19,1,1
12/01/2020,Chickahominy,White,1919,152,54
12/01/2020,"Thomas Jefferson",Latino,881,36,3
12/01/2020,"Cumberland Plateau",Black,65,0,0
12/01/2020,"Lord Fairfax",Latino,1068,67,10
12/01/2020,"West Piedmont",Latino,374,14,1
12/01/2020,"Cumberland Plateau",White,2175,141,23
12/01/2020,"Eastern Shore","Other Race",14,1,0
12/01/2020,"Cumberland Plateau","Two or more races",2,0,0
12/01/2020,Pittsylvania-Danville,"Two or more races",12,0,0
12/01/2020,Piedmont,"Other Race",21,0,0
12/01/2020,Alexandria,Latino,2333,151,13
12/01/2020,Chesapeake,Black,2460,284,35
12/01/2020,Richmond,"Other Race",212,7,2
12/01/2020,Henrico,Latino,1131,65,13
12/01/2020,Piedmont,"Two or more races",45,2,1
12/01/2020,"Prince William","Other Race",1017,25,0
12/01/2020,"New River","Not Reported",1611,23,0
12/01/2020,"Rappahannock Rapidan",White,1920,97,29
12/01/2020,"Central Virginia","Not Reported",2746,32,8
12/01/2020,"Virginia Beach","Two or more races",140,7,3
12/01/2020,Pittsylvania-Danville,White,1203,106,49
12/01/2020,"Lord Fairfax",Black,267,32,8
12/01/2020,Fairfax,Latino,13345,1161,104
12/01/2020,Chesterfield,"Asian or Pacific Islander",182,7,1
12/01/2020,Crater,"Asian or Pacific Islander",39,0,0
12/01/2020,Fairfax,"Asian or Pacific Islander",2961,327,82
12/01/2020,Hampton,"Asian or Pacific Islander",23,0,0
12/01/2020,"Rappahannock Rapidan","Asian or Pacific Islander",27,2,1
12/01/2020,"Mount Rogers","Asian or Pacific Islander",10,1,0
12/01/2020,"New River","Asian or Pacific Islander",160,0,0
12/01/2020,"Central Virginia","Asian or Pacific Islander",47,1,0
12/01/2020,"Lord Fairfax","Asian or Pacific Islander",44,2,0
12/01/2020,Southside,"Asian or Pacific Islander",5,0,0
12/01/2020,Alleghany,"Asian or Pacific Islander",69,1,0
12/01/2020,Portsmouth,"Asian or Pacific Islander",25,1,0
12/01/2020,Roanoke,"Asian or Pacific Islander",73,4,0
12/01/2020,Richmond,"Asian or Pacific Islander",83,6,1
12/01/2020,"Thomas Jefferson","Asian or Pacific Islander",168,4,1
12/01/2020,"Virginia Beach","Asian or Pacific Islander",446,39,8
12/01/2020,Henrico,"Asian or Pacific Islander",385,13,4
12/01/2020,Piedmont,"Asian or Pacific Islander",14,0,1
12/01/2020,"Western Tidewater","Asian or Pacific Islander",25,2,3
12/01/2020,"West Piedmont","Asian or Pacific Islander",22,2,1
12/01/2020,Chickahominy,"Asian or Pacific Islander",26,3,0
12/01/2020,Peninsula,"Asian or Pacific Islander",93,7,7
12/01/2020,Norfolk,"Asian or Pacific Islander",99,9,0
12/01/2020,Arlington,"Asian or Pacific Islander",308,30,13
12/01/2020,Loudoun,"Asian or Pacific Islander",773,71,14
12/01/2020,Alexandria,"Asian or Pacific Islander",196,11,1
12/01/2020,Rappahannock,"Asian or Pacific Islander",159,12,3
12/01/2020,Chesapeake,"Asian or Pacific Islander",128,12,6
12/01/2020,"Cumberland Plateau and Lenowisco","Asian or Pacific Islander",8,0,0
12/01/2020,"Central Shenandoah","Asian or Pacific Islander",112,2,0
12/01/2020,"Prince William","Asian or Pacific Islander",961,69,22
12/01/2020,Pittsylvania-Danville,"Asian or Pacific Islander",7,0,0
12/01/2020,"Eastern Shore and Three Rivers","Asian or Pacific Islander",17,1,0
12/01/2020,Piedmont,"Native American",7,0,0
12/01/2020,"New River","Native American",5,0,0
12/01/2020,"Central Shenandoah","Native American",4,1,0
12/01/2020,"Eastern Shore and Three Rivers","Native American",6,0,0
12/01/2020,Fairfax,"Native American",50,1,1
12/01/2020,Chesapeake,"Native American",14,0,0
12/01/2020,"Western Tidewater","Native American",5,0,0
12/01/2020,Portsmouth,"Native American",4,2,0
12/01/2020,Richmond,"Native American",5,0,0
12/01/2020,Chickahominy,"Native American",15,1,0
12/01/2020,"Thomas Jefferson","Native American",6,0,0
12/01/2020,Arlington,"Native American",7,0,0
12/01/2020,"Virginia Beach","Native American",18,0,0
12/01/2020,Peninsula,"Native American",9,2,1
12/01/2020,Hampton,"Native American",3,0,1
12/01/2020,"West Piedmont","Native American",4,0,0
12/01/2020,"Cumberland Plateau, Lenowisco, and Mount Rogers","Native American",15,0,0
12/01/2020,Henrico,"Native American",18,0,0
12/01/2020,Norfolk,"Native American",12,1,1
12/01/2020,"Prince William","Native American",36,1,1
12/01/2020,"Central Virginia","Native American",12,0,0
12/01/2020,Chesterfield,"Native American",11,1,0
12/01/2020,Rappahannock,"Native American",10,0,0
12/01/2020,Loudoun,"Native American",9,0,0
12/01/2020,Alexandria,"Native American",4,0,0
12/01/2020,"Alleghany and Roanoke","Native American",5,0,0
12/01/2020,Crater,"Native American",7,1,1
12/01/2020,"Rappahannock Rapidan","Native American",4,0,0
12/01/2020,"Lord Fairfax","Native American",4,1,1
12/01/2020,"Pittsylvania-Danville and Southside","Native American",4,1,0
12/02/2020,"Rappahannock Rapidan","Not Reported",1035,13,7
12/02/2020,Portsmouth,"Other Race",74,11,5
12/02/2020,"Western Tidewater","Two or more races",77,1,0
12/02/2020,Piedmont,White,1171,88,34
12/02/2020,Chesterfield,Latino,2502,133,11
12/02/2020,Lenowisco,White,2532,163,67
12/02/2020,Lenowisco,"Two or more races",35,3,3
12/02/2020,Hampton,"Not Reported",688,3,1
12/02/2020,Southside,"Not Reported",719,7,5
12/02/2020,Roanoke,Black,897,45,15
12/02/2020,Hampton,Black,1303,91,24
12/02/2020,Alleghany,"Other Race",47,2,0
12/02/2020,Lenowisco,Latino,60,0,0
12/02/2020,Loudoun,"Other Race",558,23,3
12/02/2020,"Central Shenandoah",Latino,1413,64,7
12/02/2020,"Rappahannock Rapidan",Latino,1060,71,8
12/02/2020,"Eastern Shore",Black,915,105,29
12/02/2020,Norfolk,Latino,529,34,0
12/02/2020,Hampton,"Two or more races",28,1,0
12/02/2020,Richmond,Black,2380,309,43
12/02/2020,Henrico,"Two or more races",130,10,2
12/02/2020,Fairfax,"Two or more races",261,12,0
12/02/2020,Alleghany,"Not Reported",1542,7,2
12/02/2020,Portsmouth,"Not Reported",467,8,2
12/02/2020,"Cumberland Plateau","Other Race",6,0,0
12/02/2020,Southside,"Two or more races",136,0,5
12/02/2020,Portsmouth,White,557,51,14
12/02/2020,"Rappahannock Rapidan","Two or more races",56,2,0
12/02/2020,Fairfax,White,7481,654,334
12/02/2020,Fairfax,"Other Race",1392,115,22
12/02/2020,Crater,"Two or more races",21,1,1
12/02/2020,"West Piedmont","Not Reported",1017,18,3
12/02/2020,Henrico,"Other Race",274,20,1
12/02/2020,"Three Rivers",White,1345,86,28
12/02/2020,"Central Virginia",Black,735,58,20
12/02/2020,Lenowisco,"Other Race",12,0,0
12/02/2020,"Three Rivers","Other Race",39,3,0
12/02/2020,"Western Tidewater",White,1601,92,79
12/02/2020,"Mount Rogers",Black,158,10,3
12/02/2020,"Three Rivers","Not Reported",324,3,1
12/02/2020,"Thomas Jefferson",Black,719,91,18
12/02/2020,"Eastern Shore",White,406,39,20
12/02/2020,"Central Virginia",White,3371,166,51
12/02/2020,Lenowisco,Black,85,3,3
12/02/2020,"Central Virginia","Two or more races",39,1,0
12/02/2020,Richmond,"Two or more races",71,4,1
12/02/2020,Crater,"Not Reported",1234,11,5
12/02/2020,Chesterfield,"Two or more races",93,9,0
12/02/2020,"New River",Latino,283,5,0
12/02/2020,Richmond,Latino,1573,118,8
12/02/2020,Portsmouth,Latino,113,12,1
12/02/2020,Pittsylvania-Danville,"Not Reported",959,19,3
12/02/2020,Chesapeake,"Not Reported",809,3,0
12/02/2020,Chickahominy,Latino,153,9,1
12/02/2020,Crater,Black,2857,240,76
12/02/2020,Chesterfield,Black,2061,164,37
12/02/2020,Chesterfield,"Other Race",263,16,0
12/02/2020,Peninsula,Black,1839,119,30
12/02/2020,Roanoke,White,1259,43,58
12/02/2020,"New River",Black,317,5,2
12/02/2020,Southside,Latino,15,1,0
12/02/2020,Peninsula,Latino,569,26,2
12/02/2020,Rappahannock,"Two or more races",91,4,0
12/02/2020,"Virginia Beach",Black,2435,177,32
12/02/2020,"Mount Rogers","Not Reported",544,15,6
12/02/2020,Loudoun,"Not Reported",2472,7,0
12/02/2020,Chesapeake,"Other Race",82,5,1
12/02/2020,Chickahominy,"Two or more races",16,1,0
12/02/2020,Crater,"Other Race",84,0,1
12/02/2020,Norfolk,"Two or more races",82,7,0
12/02/2020,"Eastern Shore","Two or more races",1,1,0
12/02/2020,"Central Shenandoah",White,5959,292,93
12/02/2020,"New River","Other Race",28,0,0
12/02/2020,"New River",White,3987,117,44
12/02/2020,"Central Shenandoah","Other Race",136,3,0
12/02/2020,"West Piedmont",Black,839,115,25
12/02/2020,Alleghany,Latino,255,13,1
12/02/2020,"Central Shenandoah","Not Reported",1635,14,3
12/02/2020,Roanoke,"Two or more races",32,2,0
12/02/2020,Peninsula,"Two or more races",93,4,1
12/02/2020,Richmond,"Not Reported",1044,2,1
12/02/2020,Arlington,"Other Race",190,16,4
12/02/2020,Norfolk,"Not Reported",1307,7,1
12/02/2020,Alexandria,"Other Race",147,11,2
12/02/2020,"Virginia Beach",White,4369,256,63
12/02/2020,Chesapeake,"Two or more races",81,3,0
12/02/2020,Alleghany,White,3040,130,68
12/02/2020,"Rappahannock Rapidan","Other Race",54,4,0
12/02/2020,Chickahominy,"Not Reported",729,3,1
12/02/2020,Portsmouth,Black,1962,260,49
12/02/2020,Chickahominy,"Other Race",43,3,0
12/02/2020,"Virginia Beach",Latino,796,37,5
12/02/2020,Chesapeake,White,2655,192,36
12/02/2020,Southside,Black,759,53,25
12/02/2020,Rappahannock,Latino,1795,124,11
12/02/2020,"Three Rivers","Two or more races",24,2,0
12/02/2020,Henrico,Black,2615,289,106
12/02/2020,Pittsylvania-Danville,Black,1152,130,23
12/02/2020,"Lord Fairfax","Two or more races",52,2,1
12/02/2020,"Prince William",Latino,8796,745,83
12/02/2020,"Mount Rogers","Other Race",27,2,2
12/02/2020,"Central Shenandoah",Black,410,21,8
12/02/2020,Peninsula,White,1994,110,55
12/02/2020,"Eastern Shore","Not Reported",76,0,0
12/02/2020,"Thomas Jefferson","Other Race",192,7,1
12/02/2020,Hampton,"Other Race",103,3,1
12/02/2020,"Lord Fairfax","Not Reported",762,6,7
12/02/2020,"Central Virginia","Other Race",54,0,0
12/02/2020,"Western Tidewater","Other Race",104,1,2
12/02/2020,Crater,Latino,294,11,5
12/02/2020,Chesapeake,Latino,499,37,2
12/02/2020,Chesterfield,White,3518,231,102
12/02/2020,"Western Tidewater","Not Reported",1152,5,3
12/02/2020,Fairfax,"Not Reported",3762,48,30
12/02/2020,Arlington,Black,567,101,36
12/02/2020,"Central Virginia",Latino,142,7,4
12/02/2020,Alexandria,"Not Reported",396,3,1
12/02/2020,"Three Rivers",Black,969,71,17
12/02/2020,"Prince William","Two or more races",203,3,0
12/02/2020,Loudoun,"Two or more races",109,6,0
12/02/2020,Peninsula,"Other Race",276,4,0
12/02/2020,"Thomas Jefferson",White,2935,129,59
12/02/2020,Norfolk,"Other Race",136,5,2
12/02/2020,"Prince William","Not Reported",5212,25,1
12/02/2020,"West Piedmont",White,2492,223,80
12/02/2020,Rappahannock,Black,1292,119,20
12/02/2020,Norfolk,Black,2963,316,63
12/02/2020,Roanoke,Latino,589,33,2
12/02/2020,Piedmont,Latino,90,9,2
12/02/2020,Roanoke,"Not Reported",1253,2,2
12/02/2020,"Virginia Beach","Other Race",199,5,0
12/02/2020,Arlington,"Two or more races",73,4,0
12/02/2020,Alexandria,White,1214,73,41
12/02/2020,"Lord Fairfax","Other Race",136,7,1
12/02/2020,"Thomas Jefferson","Not Reported",381,3,0
12/02/2020,"Virginia Beach","Not Reported",2659,20,4
12/02/2020,Loudoun,Black,464,37,9
12/02/2020,Pittsylvania-Danville,Latino,119,5,0
12/02/2020,"Cumberland Plateau","Not Reported",373,8,0
12/02/2020,Chesterfield,"Not Reported",1848,7,12
12/02/2020,"Mount Rogers",White,5309,394,156
12/02/2020,Richmond,White,1433,61,26
12/02/2020,Lenowisco,"Not Reported",382,9,6
12/02/2020,"Three Rivers",Latino,223,6,1
12/02/2020,Piedmont,"Not Reported",932,12,4
12/02/2020,"Mount Rogers",Latino,372,8,0
12/02/2020,"Central Shenandoah","Two or more races",79,1,1
12/02/2020,Crater,White,1493,81,34
12/02/2020,Arlington,White,1975,158,74
12/02/2020,Pittsylvania-Danville,"Other Race",6,0,0
12/02/2020,Chickahominy,Black,581,67,16
12/02/2020,Fairfax,Black,2572,285,66
12/02/2020,"Eastern Shore",Latino,292,12,3
12/02/2020,Norfolk,White,1489,85,24
12/02/2020,"Mount Rogers","Two or more races",22,1,0
12/02/2020,Alleghany,"Two or more races",35,1,1
12/02/2020,Southside,White,671,44,25
12/02/2020,"Thomas Jefferson","Two or more races",124,6,0
12/02/2020,"Prince William",Black,2299,209,61
12/02/2020,"Lord Fairfax",White,4175,332,121
12/02/2020,"Cumberland Plateau",Latino,21,0,0
12/02/2020,Arlington,"Not Reported",956,9,0
12/02/2020,Rappahannock,"Other Race",253,6,0
12/02/2020,"Rappahannock Rapidan",Black,523,47,16
12/02/2020,"New River","Two or more races",113,6,4
12/02/2020,Arlington,Latino,2340,275,30
12/02/2020,Henrico,White,2535,195,127
12/02/2020,Loudoun,White,2822,168,100
12/02/2020,Hampton,White,582,23,8
12/02/2020,Alleghany,Black,319,11,8
12/02/2020,"Prince William",White,3159,218,103
12/02/2020,Rappahannock,White,2727,200,65
12/02/2020,Southside,"Other Race",19,1,1
12/02/2020,Portsmouth,"Two or more races",32,6,0
12/02/2020,"Western Tidewater",Black,2365,179,76
12/02/2020,Hampton,Latino,116,6,0
12/02/2020,Henrico,"Not Reported",1457,9,2
12/02/2020,"West Piedmont","Two or more races",26,0,0
12/02/2020,Peninsula,"Not Reported",1873,1,0
12/02/2020,Loudoun,Latino,3090,253,18
12/02/2020,Alexandria,Black,1093,116,19
12/02/2020,Piedmont,Black,881,92,27
12/02/2020,Roanoke,"Other Race",47,1,0
12/02/2020,Alexandria,"Two or more races",46,2,0
12/02/2020,"Western Tidewater",Latino,71,1,2
12/02/2020,Rappahannock,"Not Reported",2045,34,0
12/02/2020,"West Piedmont","Other Race",19,1,1
12/02/2020,Chickahominy,White,1938,152,54
12/02/2020,"Thomas Jefferson",Latino,883,36,3
12/02/2020,"Cumberland Plateau",Black,65,0,0
12/02/2020,"Lord Fairfax",Latino,1074,67,10
12/02/2020,"West Piedmont",Latino,379,14,1
12/02/2020,"Cumberland Plateau",White,2242,144,23
12/02/2020,"Eastern Shore","Other Race",14,1,0
12/02/2020,"Cumberland Plateau","Two or more races",2,0,0
12/02/2020,Pittsylvania-Danville,"Two or more races",12,0,0
12/02/2020,Piedmont,"Other Race",21,0,0
12/02/2020,Alexandria,Latino,2351,154,13
12/02/2020,Chesapeake,Black,2469,285,35
12/02/2020,Richmond,"Other Race",213,7,2
12/02/2020,Henrico,Latino,1133,65,13
12/02/2020,Piedmont,"Two or more races",46,2,1
12/02/2020,"Prince William","Other Race",1054,25,0
12/02/2020,"New River","Not Reported",1618,23,0
12/02/2020,"Rappahannock Rapidan",White,1939,97,29
12/02/2020,"Central Virginia","Not Reported",2749,32,8
12/02/2020,"Virginia Beach","Two or more races",143,7,3
12/02/2020,Pittsylvania-Danville,White,1227,106,49
12/02/2020,"Lord Fairfax",Black,274,32,8
12/02/2020,Fairfax,Latino,13457,1169,104
12/02/2020,Chesterfield,"Asian or Pacific Islander",184,7,1
12/02/2020,Crater,"Asian or Pacific Islander",39,0,0
12/02/2020,Fairfax,"Asian or Pacific Islander",3007,329,82
12/02/2020,Hampton,"Asian or Pacific Islander",23,0,0
12/02/2020,"Rappahannock Rapidan","Asian or Pacific Islander",27,2,1
12/02/2020,"Mount Rogers","Asian or Pacific Islander",10,1,0
12/02/2020,"New River","Asian or Pacific Islander",162,1,0
12/02/2020,"Central Virginia","Asian or Pacific Islander",47,1,0
12/02/2020,"Lord Fairfax","Asian or Pacific Islander",47,2,0
12/02/2020,Southside,"Asian or Pacific Islander",5,0,0
12/02/2020,Alleghany,"Asian or Pacific Islander",74,2,0
12/02/2020,Portsmouth,"Asian or Pacific Islander",25,1,0
12/02/2020,Roanoke,"Asian or Pacific Islander",73,4,0
12/02/2020,Richmond,"Asian or Pacific Islander",84,6,1
12/02/2020,"Thomas Jefferson","Asian or Pacific Islander",168,4,1
12/02/2020,"Virginia Beach","Asian or Pacific Islander",451,41,8
12/02/2020,Henrico,"Asian or Pacific Islander",387,13,4
12/02/2020,Piedmont,"Asian or Pacific Islander",14,0,1
12/02/2020,"Western Tidewater","Asian or Pacific Islander",25,2,3
12/02/2020,"West Piedmont","Asian or Pacific Islander",22,2,1
12/02/2020,Chickahominy,"Asian or Pacific Islander",26,3,0
12/02/2020,Peninsula,"Asian or Pacific Islander",97,7,7
12/02/2020,Norfolk,"Asian or Pacific Islander",99,9,0
12/02/2020,Arlington,"Asian or Pacific Islander",309,30,13
12/02/2020,Loudoun,"Asian or Pacific Islander",778,72,14
12/02/2020,Alexandria,"Asian or Pacific Islander",196,11,1
12/02/2020,Rappahannock,"Asian or Pacific Islander",164,12,3
12/02/2020,Chesapeake,"Asian or Pacific Islander",130,12,6
12/02/2020,"Cumberland Plateau and Lenowisco","Asian or Pacific Islander",8,0,0
12/02/2020,"Central Shenandoah","Asian or Pacific Islander",113,2,0
12/02/2020,"Prince William","Asian or Pacific Islander",968,69,22
12/02/2020,Pittsylvania-Danville,"Asian or Pacific Islander",7,0,0
12/02/2020,"Eastern Shore and Three Rivers","Asian or Pacific Islander",18,1,0
12/02/2020,Piedmont,"Native American",7,0,0
12/02/2020,"New River","Native American",5,0,0
12/02/2020,"Central Shenandoah","Native American",4,1,0
12/02/2020,"Eastern Shore and Three Rivers","Native American",6,0,0
12/02/2020,Fairfax,"Native American",50,1,1
12/02/2020,Chesapeake,"Native American",14,0,0
12/02/2020,"Western Tidewater","Native American",5,0,0
12/02/2020,Portsmouth,"Native American",4,2,0
12/02/2020,Richmond,"Native American",5,0,0
12/02/2020,Chickahominy,"Native American",15,1,0
12/02/2020,"Thomas Jefferson","Native American",6,0,0
12/02/2020,Arlington,"Native American",7,0,0
12/02/2020,"Virginia Beach","Native American",18,0,0
12/02/2020,Peninsula,"Native American",8,2,1
12/02/2020,Hampton,"Native American",3,0,1
12/02/2020,"West Piedmont","Native American",4,0,0
12/02/2020,"Cumberland Plateau, Lenowisco, and Mount Rogers","Native American",15,0,0
12/02/2020,Henrico,"Native American",18,0,0
12/02/2020,Norfolk,"Native American",12,1,1
12/02/2020,"Prince William","Native American",36,1,1
12/02/2020,"Central Virginia","Native American",12,0,0
12/02/2020,Chesterfield,"Native American",11,1,0
12/02/2020,Rappahannock,"Native American",10,0,0
12/02/2020,Loudoun,"Native American",9,0,0
12/02/2020,Alexandria,"Native American",4,0,0
12/02/2020,"Alleghany and Roanoke","Native American",5,0,0
12/02/2020,Crater,"Native American",7,1,1
12/02/2020,"Rappahannock Rapidan","Native American",4,0,0
12/02/2020,"Lord Fairfax","Native American",4,1,1
12/02/2020,"Pittsylvania-Danville and Southside","Native American",5,1,0
12/03/2020,"Rappahannock Rapidan","Not Reported",1030,13,7
12/03/2020,Portsmouth,"Other Race",74,11,5
12/03/2020,"Western Tidewater","Two or more races",78,1,0
12/03/2020,Piedmont,White,1177,90,33
12/03/2020,Chesterfield,Latino,2506,135,12
12/03/2020,Lenowisco,White,2566,164,68
12/03/2020,Lenowisco,"Two or more races",35,3,3
12/03/2020,Hampton,"Not Reported",694,3,1
12/03/2020,Southside,"Not Reported",731,7,5
12/03/2020,Roanoke,Black,904,45,15
12/03/2020,Hampton,Black,1310,94,24
12/03/2020,Alleghany,"Other Race",49,2,0
12/03/2020,Lenowisco,Latino,62,0,0
12/03/2020,Loudoun,"Other Race",555,23,3
12/03/2020,"Central Shenandoah",Latino,1417,65,7
12/03/2020,"Rappahannock Rapidan",Latino,1062,71,8
12/03/2020,"Eastern Shore",Black,914,105,29
12/03/2020,Norfolk,Latino,531,34,0
12/03/2020,Hampton,"Two or more races",29,1,0
12/03/2020,Richmond,Black,2390,309,43
12/03/2020,Henrico,"Two or more races",131,10,2
12/03/2020,Fairfax,"Two or more races",266,12,0
12/03/2020,Alleghany,"Not Reported",1542,7,2
12/03/2020,Portsmouth,"Not Reported",471,8,2
12/03/2020,"Cumberland Plateau","Other Race",7,0,0
12/03/2020,Southside,"Two or more races",136,0,5
12/03/2020,Portsmouth,White,560,52,14
12/03/2020,"Rappahannock Rapidan","Two or more races",58,2,0
12/03/2020,Fairfax,White,7565,658,334
12/03/2020,Fairfax,"Other Race",1398,117,22
12/03/2020,Crater,"Two or more races",21,1,1
12/03/2020,"West Piedmont","Not Reported",1030,18,3
12/03/2020,Henrico,"Other Race",274,20,1
12/03/2020,"Three Rivers",White,1364,88,28
12/03/2020,"Central Virginia",Black,739,59,20
12/03/2020,Lenowisco,"Other Race",12,0,0
12/03/2020,"Three Rivers","Other Race",39,3,0
12/03/2020,"Western Tidewater",White,1603,92,79
12/03/2020,"Mount Rogers",Black,158,10,3
12/03/2020,"Three Rivers","Not Reported",325,3,1
12/03/2020,"Thomas Jefferson",Black,731,92,18
12/03/2020,"Eastern Shore",White,410,40,20
12/03/2020,"Central Virginia",White,3400,167,51
12/03/2020,Lenowisco,Black,87,3,3
12/03/2020,"Central Virginia","Two or more races",39,1,0
12/03/2020,Richmond,"Two or more races",71,4,1
12/03/2020,Crater,"Not Reported",1227,11,5
12/03/2020,Chesterfield,"Two or more races",93,9,0
12/03/2020,"New River",Latino,285,5,0
12/03/2020,Richmond,Latino,1577,118,8
12/03/2020,Portsmouth,Latino,113,12,1
12/03/2020,Pittsylvania-Danville,"Not Reported",971,19,3
12/03/2020,Chesapeake,"Not Reported",819,3,0
12/03/2020,Chickahominy,Latino,154,9,1
12/03/2020,Crater,Black,2872,241,76
12/03/2020,Chesterfield,Black,2075,165,38
12/03/2020,Chesterfield,"Other Race",263,16,0
12/03/2020,Peninsula,Black,1854,129,30
12/03/2020,Roanoke,White,1263,43,59
12/03/2020,"New River",Black,319,5,2
12/03/2020,Southside,Latino,15,1,0
12/03/2020,Peninsula,Latino,572,27,2
12/03/2020,Rappahannock,"Two or more races",91,4,0
12/03/2020,"Virginia Beach",Black,2449,179,32
12/03/2020,"Mount Rogers","Not Reported",548,15,6
12/03/2020,Loudoun,"Not Reported",2506,7,0
12/03/2020,Chesapeake,"Other Race",86,6,1
12/03/2020,Chickahominy,"Two or more races",17,2,0
12/03/2020,Crater,"Other Race",86,0,1
12/03/2020,Norfolk,"Two or more races",83,7,0
12/03/2020,"Eastern Shore","Two or more races",1,1,0
12/03/2020,"Central Shenandoah",White,6042,299,93
12/03/2020,"New River","Other Race",28,0,0
12/03/2020,"New River",White,4051,124,45
12/03/2020,"Central Shenandoah","Other Race",136,3,0
12/03/2020,"West Piedmont",Black,851,118,25
12/03/2020,Alleghany,Latino,259,13,1
12/03/2020,"Central Shenandoah","Not Reported",1653,14,3
12/03/2020,Roanoke,"Two or more races",32,2,0
12/03/2020,Peninsula,"Two or more races",94,4,1
12/03/2020,Richmond,"Not Reported",1046,2,1
12/03/2020,Arlington,"Other Race",194,16,4
12/03/2020,Norfolk,"Not Reported",1318,10,1
12/03/2020,Alexandria,"Other Race",147,11,2
12/03/2020,"Virginia Beach",White,4407,263,64
12/03/2020,Chesapeake,"Two or more races",81,3,0
12/03/2020,Alleghany,White,3062,133,73
12/03/2020,"Rappahannock Rapidan","Other Race",53,4,0
12/03/2020,Chickahominy,"Not Reported",737,3,1
12/03/2020,Portsmouth,Black,1967,262,49
12/03/2020,Chickahominy,"Other Race",43,3,0
12/03/2020,"Virginia Beach",Latino,802,37,5
12/03/2020,Chesapeake,White,2679,190,37
12/03/2020,Southside,Black,760,53,25
12/03/2020,Rappahannock,Latino,1802,124,11
12/03/2020,"Three Rivers","Two or more races",24,2,0
12/03/2020,Henrico,Black,2626,289,106
12/03/2020,Pittsylvania-Danville,Black,1160,131,23
12/03/2020,"Lord Fairfax","Two or more races",53,2,1
12/03/2020,"Prince William",Latino,8852,747,83
12/03/2020,"Mount Rogers","Other Race",27,2,2
12/03/2020,"Central Shenandoah",Black,413,21,8
12/03/2020,Peninsula,White,2012,113,55
12/03/2020,"Eastern Shore","Not Reported",76,0,0
12/03/2020,"Thomas Jefferson","Other Race",192,7,1
12/03/2020,Hampton,"Other Race",103,3,1
12/03/2020,"Lord Fairfax","Not Reported",770,6,7
12/03/2020,"Central Virginia","Other Race",54,0,0
12/03/2020,"Western Tidewater","Other Race",104,1,2
12/03/2020,Crater,Latino,294,11,5
12/03/2020,Chesapeake,Latino,501,37,2
12/03/2020,Chesterfield,White,3567,231,104
12/03/2020,"Western Tidewater","Not Reported",1160,5,3
12/03/2020,Fairfax,"Not Reported",3778,48,30
12/03/2020,Arlington,Black,570,101,36
12/03/2020,"Central Virginia",Latino,142,7,4
12/03/2020,Alexandria,"Not Reported",405,3,1
12/03/2020,"Three Rivers",Black,978,75,17
12/03/2020,"Prince William","Two or more races",206,3,0
12/03/2020,Loudoun,"Two or more races",109,6,0
12/03/2020,Peninsula,"Other Race",274,4,0
12/03/2020,"Thomas Jefferson",White,2945,129,59
12/03/2020,Norfolk,"Other Race",137,5,2
12/03/2020,"Prince William","Not Reported",5251,27,1
12/03/2020,"West Piedmont",White,2527,225,80
12/03/2020,Rappahannock,Black,1294,121,20
12/03/2020,Norfolk,Black,2976,318,63
12/03/2020,Roanoke,Latino,594,33,2
12/03/2020,Piedmont,Latino,92,9,2
12/03/2020,Roanoke,"Not Reported",1258,3,1
12/03/2020,"Virginia Beach","Other Race",200,5,0
12/03/2020,Arlington,"Two or more races",75,4,0
12/03/2020,Alexandria,White,1225,76,43
12/03/2020,"Lord Fairfax","Other Race",140,7,1
12/03/2020,"Thomas Jefferson","Not Reported",379,3,0
12/03/2020,"Virginia Beach","Not Reported",2676,20,4
12/03/2020,Loudoun,Black,467,38,9
12/03/2020,Pittsylvania-Danville,Latino,119,5,0
12/03/2020,"Cumberland Plateau","Not Reported",383,8,0
12/03/2020,Chesterfield,"Not Reported",1861,7,12
12/03/2020,"Mount Rogers",White,5384,400,160
12/03/2020,Richmond,White,1451,61,26
12/03/2020,Lenowisco,"Not Reported",387,9,6
12/03/2020,"Three Rivers",Latino,225,6,1
12/03/2020,Piedmont,"Not Reported",930,12,4
12/03/2020,"Mount Rogers",Latino,372,8,1
12/03/2020,"Central Shenandoah","Two or more races",79,1,1
12/03/2020,Crater,White,1508,81,34
12/03/2020,Arlington,White,1980,158,74
12/03/2020,Pittsylvania-Danville,"Other Race",6,0,0
12/03/2020,Chickahominy,Black,586,67,16
12/03/2020,Fairfax,Black,2584,286,66
12/03/2020,"Eastern Shore",Latino,293,12,3
12/03/2020,Norfolk,White,1498,86,25
12/03/2020,"Mount Rogers","Two or more races",23,1,0
12/03/2020,Alleghany,"Two or more races",36,1,1
12/03/2020,Southside,White,671,44,26
12/03/2020,"Thomas Jefferson","Two or more races",124,6,0
12/03/2020,"Prince William",Black,2331,209,61
12/03/2020,"Lord Fairfax",White,4261,335,122
12/03/2020,"Cumberland Plateau",Latino,22,0,0
12/03/2020,Arlington,"Not Reported",991,9,0
12/03/2020,Rappahannock,"Other Race",251,6,0
12/03/2020,"Rappahannock Rapidan",Black,525,47,16
12/03/2020,"New River","Two or more races",114,6,5
12/03/2020,Arlington,Latino,2346,275,30
12/03/2020,Henrico,White,2565,197,128
12/03/2020,Loudoun,White,2843,168,106
12/03/2020,Hampton,White,588,25,8
12/03/2020,Alleghany,Black,320,11,8
12/03/2020,"Prince William",White,3214,219,103
12/03/2020,Rappahannock,White,2753,200,65
12/03/2020,Southside,"Other Race",19,1,1
12/03/2020,Portsmouth,"Two or more races",32,6,0
12/03/2020,"Western Tidewater",Black,2365,180,76
12/03/2020,Hampton,Latino,117,6,0
12/03/2020,Henrico,"Not Reported",1476,10,6
12/03/2020,"West Piedmont","Two or more races",25,0,0
12/03/2020,Peninsula,"Not Reported",1878,1,0
12/03/2020,Loudoun,Latino,3102,253,18
12/03/2020,Alexandria,Black,1097,116,19
12/03/2020,Piedmont,Black,888,93,27
12/03/2020,Roanoke,"Other Race",48,1,0
12/03/2020,Alexandria,"Two or more races",46,2,0
12/03/2020,"Western Tidewater",Latino,71,1,2
12/03/2020,Rappahannock,"Not Reported",2100,34,0
12/03/2020,"West Piedmont","Other Race",19,1,1
12/03/2020,Chickahominy,White,1977,153,54
12/03/2020,"Thomas Jefferson",Latino,883,36,3
12/03/2020,"Cumberland Plateau",Black,65,0,0
12/03/2020,"Lord Fairfax",Latino,1082,68,10
12/03/2020,"West Piedmont",Latino,380,14,1
12/03/2020,"Cumberland Plateau",White,2267,147,23
12/03/2020,"Eastern Shore","Other Race",14,1,0
12/03/2020,"Cumberland Plateau","Two or more races",2,0,0
12/03/2020,Pittsylvania-Danville,"Two or more races",12,0,0
12/03/2020,Piedmont,"Other Race",21,0,0
12/03/2020,Alexandria,Latino,2357,154,13
12/03/2020,Chesapeake,Black,2480,288,35
12/03/2020,Richmond,"Other Race",215,7,2
12/03/2020,Henrico,Latino,1136,65,13
12/03/2020,Piedmont,"Two or more races",46,2,1
12/03/2020,"Prince William","Other Race",1067,25,0
12/03/2020,"New River","Not Reported",1645,24,0
12/03/2020,"Rappahannock Rapidan",White,1976,99,29
12/03/2020,"Central Virginia","Not Reported",2761,32,8
12/03/2020,"Virginia Beach","Two or more races",148,7,3
12/03/2020,Pittsylvania-Danville,White,1235,106,49
12/03/2020,"Lord Fairfax",Black,278,32,8
12/03/2020,Fairfax,Latino,13552,1174,104
12/03/2020,Chesterfield,"Asian or Pacific Islander",187,8,1
12/03/2020,Crater,"Asian or Pacific Islander",39,0,0
12/03/2020,Fairfax,"Asian or Pacific Islander",3048,331,82
12/03/2020,Hampton,"Asian or Pacific Islander",23,0,0
12/03/2020,"Rappahannock Rapidan","Asian or Pacific Islander",27,2,1
12/03/2020,"Mount Rogers","Asian or Pacific Islander",12,1,0
12/03/2020,"New River","Asian or Pacific Islander",163,1,0
12/03/2020,"Central Virginia","Asian or Pacific Islander",48,1,0
12/03/2020,"Lord Fairfax","Asian or Pacific Islander",48,2,0
12/03/2020,Southside,"Asian or Pacific Islander",5,0,0
12/03/2020,Alleghany,"Asian or Pacific Islander",75,2,0
12/03/2020,Portsmouth,"Asian or Pacific Islander",25,1,0
12/03/2020,Roanoke,"Asian or Pacific Islander",75,4,0
12/03/2020,Richmond,"Asian or Pacific Islander",85,6,1
12/03/2020,"Thomas Jefferson","Asian or Pacific Islander",170,4,1
12/03/2020,"Virginia Beach","Asian or Pacific Islander",450,41,8
12/03/2020,Henrico,"Asian or Pacific Islander",389,13,4
12/03/2020,Piedmont,"Asian or Pacific Islander",14,0,1
12/03/2020,"Western Tidewater","Asian or Pacific Islander",25,2,3
12/03/2020,"West Piedmont","Asian or Pacific Islander",22,2,1
12/03/2020,Chickahominy,"Asian or Pacific Islander",26,3,0
12/03/2020,Peninsula,"Asian or Pacific Islander",97,7,7
12/03/2020,Norfolk,"Asian or Pacific Islander",99,9,0
12/03/2020,Arlington,"Asian or Pacific Islander",309,30,13
12/03/2020,Loudoun,"Asian or Pacific Islander",786,72,14
12/03/2020,Alexandria,"Asian or Pacific Islander",198,11,1
12/03/2020,Rappahannock,"Asian or Pacific Islander",164,12,3
12/03/2020,Chesapeake,"Asian or Pacific Islander",130,13,6
12/03/2020,"Cumberland Plateau and Lenowisco","Asian or Pacific Islander",8,0,0
12/03/2020,"Central Shenandoah","Asian or Pacific Islander",112,2,0
12/03/2020,"Prince William","Asian or Pacific Islander",978,69,22
12/03/2020,Pittsylvania-Danville,"Asian or Pacific Islander",7,0,0
12/03/2020,"Eastern Shore and Three Rivers","Asian or Pacific Islander",19,1,0
12/03/2020,Piedmont,"Native American",7,0,0
12/03/2020,"New River","Native American",6,0,0
12/03/2020,"Central Shenandoah","Native American",4,1,0
12/03/2020,"Eastern Shore and Three Rivers","Native American",7,0,0
12/03/2020,Fairfax,"Native American",49,1,1
12/03/2020,Chesapeake,"Native American",14,0,0
12/03/2020,"Western Tidewater","Native American",5,0,0
12/03/2020,Portsmouth,"Native American",4,2,0
12/03/2020,Richmond,"Native American",5,0,0
12/03/2020,Chickahominy,"Native American",15,1,0
12/03/2020,"Thomas Jefferson","Native American",6,0,0
12/03/2020,Arlington,"Native American",7,0,0
12/03/2020,"Virginia Beach","Native American",17,0,0
12/03/2020,Peninsula,"Native American",8,2,1
12/03/2020,Hampton,"Native American",3,0,1
12/03/2020,"West Piedmont","Native American",4,0,0
12/03/2020,"Cumberland Plateau, Lenowisco, and Mount Rogers","Native American",16,0,0
12/03/2020,Henrico,"Native American",18,0,0
12/03/2020,Norfolk,"Native American",12,1,1
12/03/2020,"Prince William","Native American",37,1,1
12/03/2020,"Central Virginia","Native American",12,0,0
12/03/2020,Chesterfield,"Native American",11,1,0
12/03/2020,Rappahannock,"Native American",10,0,0
12/03/2020,Loudoun,"Native American",8,0,0
12/03/2020,Alexandria,"Native American",4,0,0
12/03/2020,"Alleghany and Roanoke","Native American",5,0,0
12/03/2020,Crater,"Native American",7,1,1
12/03/2020,"Rappahannock Rapidan","Native American",4,0,0
12/03/2020,"Lord Fairfax","Native American",4,1,1
12/03/2020,"Pittsylvania-Danville and Southside","Native American",5,1,0
06/23/2020,Lenowisco,Latino,0,0,0
12/04/2020,"Rappahannock Rapidan","Not Reported",1051,13,7
12/04/2020,Portsmouth,"Other Race",74,11,5
12/04/2020,"Western Tidewater","Two or more races",78,1,0
12/04/2020,Piedmont,White,1201,90,33
12/04/2020,Chesterfield,Latino,2519,134,12
12/04/2020,Lenowisco,White,2609,164,68
12/04/2020,Lenowisco,"Two or more races",36,3,3
12/04/2020,Hampton,"Not Reported",700,3,1
12/04/2020,Southside,"Not Reported",742,7,5
12/04/2020,Roanoke,Black,912,45,15
12/04/2020,Hampton,Black,1312,96,24
12/04/2020,Alleghany,"Other Race",51,2,0
12/04/2020,Lenowisco,Latino,62,0,0
12/04/2020,Loudoun,"Other Race",560,23,3
12/04/2020,"Central Shenandoah",Latino,1421,65,7
12/04/2020,"Rappahannock Rapidan",Latino,1069,71,8
12/04/2020,"Eastern Shore",Black,913,104,29
12/04/2020,Norfolk,Latino,533,34,0
12/04/2020,Hampton,"Two or more races",29,1,0
12/04/2020,Richmond,Black,2413,310,43
12/04/2020,Henrico,"Two or more races",133,10,2
12/04/2020,Fairfax,"Two or more races",280,12,0
12/04/2020,Alleghany,"Not Reported",1571,7,2
12/04/2020,Portsmouth,"Not Reported",471,8,2
12/04/2020,"Cumberland Plateau","Other Race",7,0,0
12/04/2020,Southside,"Two or more races",135,0,4
12/04/2020,Portsmouth,White,562,52,14
12/04/2020,"Rappahannock Rapidan","Two or more races",58,2,0
12/04/2020,Fairfax,White,7675,662,334
12/04/2020,Fairfax,"Other Race",1400,118,22
12/04/2020,Crater,"Two or more races",21,1,1
12/04/2020,"West Piedmont","Not Reported",1073,18,3
12/04/2020,Henrico,"Other Race",280,21,1
12/04/2020,"Three Rivers",White,1400,90,29
12/04/2020,"Central Virginia",Black,756,59,20
12/04/2020,Lenowisco,"Other Race",12,0,0
12/04/2020,"Three Rivers","Other Race",39,3,0
12/04/2020,"Western Tidewater",White,1609,92,79
12/04/2020,"Mount Rogers",Black,161,10,3
12/04/2020,"Three Rivers","Not Reported",332,3,1
12/04/2020,"Thomas Jefferson",Black,739,93,18
12/04/2020,"Eastern Shore",White,413,41,20
12/04/2020,"Central Virginia",White,3463,169,51
12/04/2020,Lenowisco,Black,87,3,3
12/04/2020,"Central Virginia","Two or more races",39,1,0
12/04/2020,Richmond,"Two or more races",72,4,1
12/04/2020,Crater,"Not Reported",1250,11,5
12/04/2020,Chesterfield,"Two or more races",95,9,0
12/04/2020,"New River",Latino,287,5,0
12/04/2020,Richmond,Latino,1583,119,8
12/04/2020,Portsmouth,Latino,115,12,1
12/04/2020,Pittsylvania-Danville,"Not Reported",970,19,3
12/04/2020,Chesapeake,"Not Reported",828,3,0
12/04/2020,Chickahominy,Latino,155,9,1
12/04/2020,Crater,Black,2884,242,76
12/04/2020,Chesterfield,Black,2087,165,38
12/04/2020,Chesterfield,"Other Race",264,16,0
12/04/2020,Peninsula,Black,1867,133,30
12/04/2020,Roanoke,White,1288,44,60
12/04/2020,"New River",Black,321,5,2
12/04/2020,Southside,Latino,15,1,0
12/04/2020,Peninsula,Latino,573,27,2
12/04/2020,Rappahannock,"Two or more races",91,4,0
12/04/2020,"Virginia Beach",Black,2466,181,32
12/04/2020,"Mount Rogers","Not Reported",569,16,6
12/04/2020,Loudoun,"Not Reported",2549,7,0
12/04/2020,Chesapeake,"Other Race",86,6,1
12/04/2020,Chickahominy,"Two or more races",17,2,0
12/04/2020,Crater,"Other Race",85,0,1
12/04/2020,Norfolk,"Two or more races",84,7,0
12/04/2020,"Eastern Shore","Two or more races",1,1,0
12/04/2020,"Central Shenandoah",White,6176,305,93
12/04/2020,"New River","Other Race",28,0,0
12/04/2020,"New River",White,4106,126,46
12/04/2020,"Central Shenandoah","Other Race",137,3,0
12/04/2020,"West Piedmont",Black,865,119,25
12/04/2020,Alleghany,Latino,259,13,1
12/04/2020,"Central Shenandoah","Not Reported",1703,14,3
12/04/2020,Roanoke,"Two or more races",32,2,0
12/04/2020,Peninsula,"Two or more races",97,4,1
12/04/2020,Richmond,"Not Reported",1052,2,1
12/04/2020,Arlington,"Other Race",199,16,4
12/04/2020,Norfolk,"Not Reported",1348,10,1
12/04/2020,Alexandria,"Other Race",147,11,2
12/04/2020,"Virginia Beach",White,4488,263,64
12/04/2020,Chesapeake,"Two or more races",81,3,0
12/04/2020,Alleghany,White,3115,133,77
12/04/2020,"Rappahannock Rapidan","Other Race",54,4,0
12/04/2020,Chickahominy,"Not Reported",752,3,1
12/04/2020,Portsmouth,Black,1973,265,49
12/04/2020,Chickahominy,"Other Race",43,3,0
12/04/2020,"Virginia Beach",Latino,816,37,5
12/04/2020,Chesapeake,White,2711,192,37
12/04/2020,Southside,Black,764,53,25
12/04/2020,Rappahannock,Latino,1818,124,11
12/04/2020,"Three Rivers","Two or more races",24,2,0
12/04/2020,Henrico,Black,2646,293,106
12/04/2020,Pittsylvania-Danville,Black,1169,132,23
12/04/2020,"Lord Fairfax","Two or more races",53,2,1
12/04/2020,"Prince William",Latino,8907,753,83
12/04/2020,"Mount Rogers","Other Race",26,2,2
12/04/2020,"Central Shenandoah",Black,418,21,8
12/04/2020,Peninsula,White,2040,114,55
12/04/2020,"Eastern Shore","Not Reported",77,0,0
12/04/2020,"Thomas Jefferson","Other Race",192,7,1
12/04/2020,Hampton,"Other Race",104,3,1
12/04/2020,"Lord Fairfax","Not Reported",781,6,7
12/04/2020,"Central Virginia","Other Race",55,0,0
12/04/2020,"Western Tidewater","Other Race",104,1,2
12/04/2020,Crater,Latino,296,11,5
12/04/2020,Chesapeake,Latino,504,38,2
12/04/2020,Chesterfield,White,3626,236,104
12/04/2020,"Western Tidewater","Not Reported",1192,5,3
12/04/2020,Fairfax,"Not Reported",3826,48,30
12/04/2020,Arlington,Black,574,101,36
12/04/2020,"Central Virginia",Latino,142,7,4
12/04/2020,Alexandria,"Not Reported",414,3,1
12/04/2020,"Three Rivers",Black,983,76,18
12/04/2020,"Prince William","Two or more races",206,3,0
12/04/2020,Loudoun,"Two or more races",108,6,0
12/04/2020,Peninsula,"Other Race",275,4,0
12/04/2020,"Thomas Jefferson",White,2990,132,59
12/04/2020,Norfolk,"Other Race",137,5,2
12/04/2020,"Prince William","Not Reported",5284,27,1
12/04/2020,"West Piedmont",White,2560,229,80
12/04/2020,Rappahannock,Black,1313,121,20
12/04/2020,Norfolk,Black,2991,319,63
12/04/2020,Roanoke,Latino,598,33,2
12/04/2020,Piedmont,Latino,93,9,2
12/04/2020,Roanoke,"Not Reported",1278,3,1
12/04/2020,"Virginia Beach","Other Race",202,6,0
12/04/2020,Arlington,"Two or more races",75,4,0
12/04/2020,Alexandria,White,1234,76,44
12/04/2020,"Lord Fairfax","Other Race",141,7,1
12/04/2020,"Thomas Jefferson","Not Reported",386,3,0
12/04/2020,"Virginia Beach","Not Reported",2719,20,4
12/04/2020,Loudoun,Black,470,39,9
12/04/2020,Pittsylvania-Danville,Latino,122,5,0
12/04/2020,"Cumberland Plateau","Not Reported",389,8,0
12/04/2020,Chesterfield,"Not Reported",1885,7,12
12/04/2020,"Mount Rogers",White,5472,404,160
12/04/2020,Richmond,White,1472,62,26
12/04/2020,Lenowisco,"Not Reported",389,9,6
12/04/2020,"Three Rivers",Latino,227,6,1
12/04/2020,Piedmont,"Not Reported",932,12,4
12/04/2020,"Mount Rogers",Latino,374,8,1
12/04/2020,"Central Shenandoah","Two or more races",83,1,1
12/04/2020,Crater,White,1522,81,34
12/04/2020,Arlington,White,1998,159,74
12/04/2020,Pittsylvania-Danville,"Other Race",6,0,0
12/04/2020,Chickahominy,Black,591,67,17
12/04/2020,Fairfax,Black,2599,286,66
12/04/2020,"Eastern Shore",Latino,293,12,3
12/04/2020,Norfolk,White,1524,86,25
12/04/2020,"Mount Rogers","Two or more races",23,1,0
12/04/2020,Alleghany,"Two or more races",35,1,1
12/04/2020,Southside,White,681,45,27
12/04/2020,"Thomas Jefferson","Two or more races",123,6,0
12/04/2020,"Prince William",Black,2347,209,61
12/04/2020,"Lord Fairfax",White,4296,337,122
12/04/2020,"Cumberland Plateau",Latino,23,0,0
12/04/2020,Arlington,"Not Reported",1023,10,0
12/04/2020,Rappahannock,"Other Race",256,6,0
12/04/2020,"Rappahannock Rapidan",Black,527,47,16
12/04/2020,"New River","Two or more races",115,6,7
12/04/2020,Arlington,Latino,2349,276,30
12/04/2020,Henrico,White,2615,199,128
12/04/2020,Loudoun,White,2878,168,106
12/04/2020,Hampton,White,595,25,8
12/04/2020,Alleghany,Black,322,11,8
12/04/2020,"Prince William",White,3240,220,103
12/04/2020,Rappahannock,White,2819,200,65
12/04/2020,Southside,"Other Race",20,1,1
12/04/2020,Portsmouth,"Two or more races",32,6,0
12/04/2020,"Western Tidewater",Black,2366,184,75
12/04/2020,Hampton,Latino,116,6,0
12/04/2020,Henrico,"Not Reported",1478,10,6
12/04/2020,"West Piedmont","Two or more races",25,0,0
12/04/2020,Peninsula,"Not Reported",1889,1,0
12/04/2020,Loudoun,Latino,3106,253,18
12/04/2020,Alexandria,Black,1104,116,19
12/04/2020,Piedmont,Black,904,94,27
12/04/2020,Roanoke,"Other Race",48,1,0
12/04/2020,Alexandria,"Two or more races",47,2,0
12/04/2020,"Western Tidewater",Latino,71,1,2
12/04/2020,Rappahannock,"Not Reported",2123,35,0
12/04/2020,"West Piedmont","Other Race",22,1,1
12/04/2020,Chickahominy,White,2018,154,55
12/04/2020,"Thomas Jefferson",Latino,902,39,3
12/04/2020,"Cumberland Plateau",Black,65,0,0
12/04/2020,"Lord Fairfax",Latino,1089,68,10
12/04/2020,"West Piedmont",Latino,383,14,1
12/04/2020,"Cumberland Plateau",White,2298,148,23
12/04/2020,"Eastern Shore","Other Race",14,1,0
12/04/2020,"Cumberland Plateau","Two or more races",3,0,0
12/04/2020,Pittsylvania-Danville,"Two or more races",12,0,0
12/04/2020,Piedmont,"Other Race",21,0,0
12/04/2020,Alexandria,Latino,2364,154,14
12/04/2020,Chesapeake,Black,2485,289,35
12/04/2020,Richmond,"Other Race",213,7,2
12/04/2020,Henrico,Latino,1143,65,13
12/04/2020,Piedmont,"Two or more races",58,2,1
12/04/2020,"Prince William","Other Race",1064,25,0
12/04/2020,"New River","Not Reported",1689,24,0
12/04/2020,"Rappahannock Rapidan",White,2022,99,28
12/04/2020,"Central Virginia","Not Reported",2851,32,8
12/04/2020,"Virginia Beach","Two or more races",150,7,3
12/04/2020,Pittsylvania-Danville,White,1248,106,49
12/04/2020,"Lord Fairfax",Black,278,32,8
12/04/2020,Fairfax,Latino,13657,1182,105
12/04/2020,Chesterfield,"Asian or Pacific Islander",193,8,1
12/04/2020,Crater,"Asian or Pacific Islander",40,0,0
12/04/2020,Fairfax,"Asian or Pacific Islander",3091,331,82
12/04/2020,Hampton,"Asian or Pacific Islander",23,0,0
12/04/2020,"Rappahannock Rapidan","Asian or Pacific Islander",27,2,1
12/04/2020,"Mount Rogers","Asian or Pacific Islander",13,2,0
12/04/2020,"New River","Asian or Pacific Islander",163,1,0
12/04/2020,"Central Virginia","Asian or Pacific Islander",49,1,0
12/04/2020,"Lord Fairfax","Asian or Pacific Islander",48,2,0
12/04/2020,Southside,"Asian or Pacific Islander",5,0,0
12/04/2020,Alleghany,"Asian or Pacific Islander",75,2,0
12/04/2020,Portsmouth,"Asian or Pacific Islander",25,1,0
12/04/2020,Roanoke,"Asian or Pacific Islander",77,4,0
12/04/2020,Richmond,"Asian or Pacific Islander",86,6,1
12/04/2020,"Thomas Jefferson","Asian or Pacific Islander",172,4,1
12/04/2020,"Virginia Beach","Asian or Pacific Islander",460,42,8
12/04/2020,Henrico,"Asian or Pacific Islander",396,13,4
12/04/2020,Piedmont,"Asian or Pacific Islander",14,0,1
12/04/2020,"Western Tidewater","Asian or Pacific Islander",25,2,3
12/04/2020,"West Piedmont","Asian or Pacific Islander",23,2,1
12/04/2020,Chickahominy,"Asian or Pacific Islander",26,3,0
12/04/2020,Peninsula,"Asian or Pacific Islander",98,7,7
12/04/2020,Norfolk,"Asian or Pacific Islander",99,9,0
12/04/2020,Arlington,"Asian or Pacific Islander",310,30,13
12/04/2020,Loudoun,"Asian or Pacific Islander",790,72,14
12/04/2020,Alexandria,"Asian or Pacific Islander",199,11,1
12/04/2020,Rappahannock,"Asian or Pacific Islander",168,12,3
12/04/2020,Chesapeake,"Asian or Pacific Islander",131,13,6
12/04/2020,"Cumberland Plateau and Lenowisco","Asian or Pacific Islander",8,0,0
12/04/2020,"Central Shenandoah","Asian or Pacific Islander",112,2,0
12/04/2020,"Prince William","Asian or Pacific Islander",987,69,22
12/04/2020,Pittsylvania-Danville,"Asian or Pacific Islander",7,0,0
12/04/2020,"Eastern Shore and Three Rivers","Asian or Pacific Islander",19,1,0
12/04/2020,Piedmont,"Native American",7,0,0
12/04/2020,"New River","Native American",6,0,0
12/04/2020,"Central Shenandoah","Native American",5,1,0
12/04/2020,"Eastern Shore and Three Rivers","Native American",7,0,0
12/04/2020,Fairfax,"Native American",49,1,1
12/04/2020,Chesapeake,"Native American",15,0,0
12/04/2020,"Western Tidewater","Native American",5,0,0
12/04/2020,Portsmouth,"Native American",4,2,0
12/04/2020,Richmond,"Native American",5,0,0
12/04/2020,Chickahominy,"Native American",15,1,0
12/04/2020,"Thomas Jefferson","Native American",6,0,0
12/04/2020,Arlington,"Native American",7,0,0
12/04/2020,"Virginia Beach","Native American",17,0,0
12/04/2020,Peninsula,"Native American",8,2,1
12/04/2020,Hampton,"Native American",3,0,1
12/04/2020,"West Piedmont","Native American",4,0,0
12/04/2020,"Cumberland Plateau, Lenowisco, and Mount Rogers","Native American",17,0,0
12/04/2020,Henrico,"Native American",19,0,0
12/04/2020,Norfolk,"Native American",12,1,1
12/04/2020,"Prince William","Native American",36,1,1
12/04/2020,"Central Virginia","Native American",12,0,0
12/04/2020,Chesterfield,"Native American",11,1,0
12/04/2020,Rappahannock,"Native American",10,0,0
12/04/2020,Loudoun,"Native American",8,0,0
12/04/2020,Alexandria,"Native American",4,0,0
12/04/2020,"Alleghany and Roanoke","Native American",5,0,0
12/04/2020,Crater,"Native American",7,1,1
12/04/2020,"Rappahannock Rapidan","Native American",4,0,0
12/04/2020,"Lord Fairfax","Native American",5,1,1
12/04/2020,"Pittsylvania-Danville and Southside","Native American",5,1,0
12/05/2020,"Rappahannock Rapidan","Not Reported",1077,13,7
12/05/2020,Portsmouth,"Other Race",76,11,5
12/05/2020,"Western Tidewater","Two or more races",78,1,0
12/05/2020,Piedmont,White,1219,92,33
12/05/2020,Chesterfield,Latino,2530,134,12
12/05/2020,Lenowisco,White,2672,169,70
12/05/2020,Lenowisco,"Two or more races",36,3,3
12/05/2020,Hampton,"Not Reported",708,3,1
12/05/2020,Southside,"Not Reported",746,7,5
12/05/2020,Roanoke,Black,924,45,15
12/05/2020,Hampton,Black,1317,103,24
12/05/2020,Alleghany,"Other Race",56,2,0
12/05/2020,Lenowisco,Latino,62,0,0
12/05/2020,Loudoun,"Other Race",574,23,3
12/05/2020,"Central Shenandoah",Latino,1431,66,7
12/05/2020,"Rappahannock Rapidan",Latino,1078,71,8
12/05/2020,"Eastern Shore",Black,915,104,29
12/05/2020,Norfolk,Latino,533,34,0
12/05/2020,Hampton,"Two or more races",30,1,0
12/05/2020,Richmond,Black,2442,311,43
12/05/2020,Henrico,"Two or more races",133,10,2
12/05/2020,Fairfax,"Two or more races",283,12,0
12/05/2020,Alleghany,"Not Reported",1617,8,2
12/05/2020,Portsmouth,"Not Reported",488,8,2
12/05/2020,"Cumberland Plateau","Other Race",7,0,0
12/05/2020,Southside,"Two or more races",134,0,4
12/05/2020,Portsmouth,White,571,52,14
12/05/2020,"Rappahannock Rapidan","Two or more races",57,2,0
12/05/2020,Fairfax,White,7776,663,334
12/05/2020,Fairfax,"Other Race",1425,119,22
12/05/2020,Crater,"Two or more races",22,1,1
12/05/2020,"West Piedmont","Not Reported",1064,19,3
12/05/2020,Henrico,"Other Race",284,21,1
12/05/2020,"Three Rivers",White,1420,93,29
12/05/2020,"Central Virginia",Black,790,60,20
12/05/2020,Lenowisco,"Other Race",12,0,0
12/05/2020,"Three Rivers","Other Race",39,3,0
12/05/2020,"Western Tidewater",White,1623,93,79
12/05/2020,"Mount Rogers",Black,168,10,3
12/05/2020,"Three Rivers","Not Reported",339,3,1
12/05/2020,"Thomas Jefferson",Black,750,93,18
12/05/2020,"Eastern Shore",White,423,41,20
12/05/2020,"Central Virginia",White,3546,170,50
12/05/2020,Lenowisco,Black,88,3,3
12/05/2020,"Central Virginia","Two or more races",43,1,0
12/05/2020,Richmond,"Two or more races",74,4,1
12/05/2020,Crater,"Not Reported",1251,13,5
12/05/2020,Chesterfield,"Two or more races",96,9,0
12/05/2020,"New River",Latino,287,5,0
12/05/2020,Richmond,Latino,1586,119,8
12/05/2020,Portsmouth,Latino,115,12,1
12/05/2020,Pittsylvania-Danville,"Not Reported",994,19,3
12/05/2020,Chesapeake,"Not Reported",821,3,0
12/05/2020,Chickahominy,Latino,156,9,1
12/05/2020,Crater,Black,2906,243,76
12/05/2020,Chesterfield,Black,2104,165,38
12/05/2020,Chesterfield,"Other Race",266,16,0
12/05/2020,Peninsula,Black,1871,136,30
12/05/2020,Roanoke,White,1318,44,60
12/05/2020,"New River",Black,323,6,2
12/05/2020,Southside,Latino,15,1,0
12/05/2020,Peninsula,Latino,576,30,2
12/05/2020,Rappahannock,"Two or more races",93,4,0
12/05/2020,"Virginia Beach",Black,2486,181,33
12/05/2020,"Mount Rogers","Not Reported",667,18,6
12/05/2020,Loudoun,"Not Reported",2537,7,0
12/05/2020,Chesapeake,"Other Race",89,6,1
12/05/2020,Chickahominy,"Two or more races",20,2,0
12/05/2020,Crater,"Other Race",86,0,1
12/05/2020,Norfolk,"Two or more races",83,7,0
12/05/2020,"Eastern Shore","Two or more races",1,1,0
12/05/2020,"Central Shenandoah",White,6341,311,93
12/05/2020,"New River","Other Race",28,0,0
12/05/2020,"New River",White,4176,132,50
12/05/2020,"Central Shenandoah","Other Race",137,3,0
12/05/2020,"West Piedmont",Black,877,119,25
12/05/2020,Alleghany,Latino,261,13,1
12/05/2020,"Central Shenandoah","Not Reported",1776,14,3
12/05/2020,Roanoke,"Two or more races",32,2,0
12/05/2020,Peninsula,"Two or more races",101,4,1
12/05/2020,Richmond,"Not Reported",1059,2,1
12/05/2020,Arlington,"Other Race",200,16,4
12/05/2020,Norfolk,"Not Reported",1372,10,2
12/05/2020,Alexandria,"Other Race",149,11,2
12/05/2020,"Virginia Beach",White,4599,265,66
12/05/2020,Chesapeake,"Two or more races",82,3,0
12/05/2020,Alleghany,White,3221,135,77
12/05/2020,"Rappahannock Rapidan","Other Race",59,4,0
12/05/2020,Chickahominy,"Not Reported",757,3,1
12/05/2020,Portsmouth,Black,1986,268,49
12/05/2020,Chickahominy,"Other Race",43,3,0
12/05/2020,"Virginia Beach",Latino,831,37,5
12/05/2020,Chesapeake,White,2740,193,37
12/05/2020,Southside,Black,770,53,27
12/05/2020,Rappahannock,Latino,1835,124,11
12/05/2020,"Three Rivers","Two or more races",24,2,0
12/05/2020,Henrico,Black,2678,293,105
12/05/2020,Pittsylvania-Danville,Black,1175,133,23
12/05/2020,"Lord Fairfax","Two or more races",53,2,1
12/05/2020,"Prince William",Latino,8961,760,83
12/05/2020,"Mount Rogers","Other Race",26,2,2
12/05/2020,"Central Shenandoah",Black,430,21,8
12/05/2020,Peninsula,White,2049,117,56
12/05/2020,"Eastern Shore","Not Reported",77,0,0
12/05/2020,"Thomas Jefferson","Other Race",203,7,1
12/05/2020,Hampton,"Other Race",104,3,1
12/05/2020,"Lord Fairfax","Not Reported",799,6,7
12/05/2020,"Central Virginia","Other Race",59,0,0
12/05/2020,"Western Tidewater","Other Race",106,1,2
12/05/2020,Crater,Latino,298,11,5
12/05/2020,Chesapeake,Latino,509,38,2
12/05/2020,Chesterfield,White,3721,242,104
12/05/2020,"Western Tidewater","Not Reported",1220,5,3
12/05/2020,Fairfax,"Not Reported",3913,48,30
12/05/2020,Arlington,Black,583,101,36
12/05/2020,"Central Virginia",Latino,142,7,4
12/05/2020,Alexandria,"Not Reported",443,3,1
12/05/2020,"Three Rivers",Black,990,77,19
12/05/2020,"Prince William","Two or more races",212,3,0
12/05/2020,Loudoun,"Two or more races",107,6,0
12/05/2020,Peninsula,"Other Race",278,5,1
12/05/2020,"Thomas Jefferson",White,3047,133,59
12/05/2020,Norfolk,"Other Race",137,5,2
12/05/2020,"Prince William","Not Reported",5340,27,1
12/05/2020,"West Piedmont",White,2584,231,80
12/05/2020,Rappahannock,Black,1331,121,20
12/05/2020,Norfolk,Black,3005,321,63
12/05/2020,Roanoke,Latino,599,33,2
12/05/2020,Piedmont,Latino,93,9,2
12/05/2020,Roanoke,"Not Reported",1291,3,1
12/05/2020,"Virginia Beach","Other Race",207,7,0
12/05/2020,Arlington,"Two or more races",75,4,0
12/05/2020,Alexandria,White,1251,78,45
12/05/2020,"Lord Fairfax","Other Race",144,7,1
12/05/2020,"Thomas Jefferson","Not Reported",403,3,0
12/05/2020,"Virginia Beach","Not Reported",2789,24,4
12/05/2020,Loudoun,Black,479,39,9
12/05/2020,Pittsylvania-Danville,Latino,125,5,0
12/05/2020,"Cumberland Plateau","Not Reported",412,9,2
12/05/2020,Chesterfield,"Not Reported",1913,7,12
12/05/2020,"Mount Rogers",White,5623,408,160
12/05/2020,Richmond,White,1494,62,26
12/05/2020,Lenowisco,"Not Reported",391,9,6
12/05/2020,"Three Rivers",Latino,228,6,1
12/05/2020,Piedmont,"Not Reported",1028,13,5
12/05/2020,"Mount Rogers",Latino,385,8,1
12/05/2020,"Central Shenandoah","Two or more races",85,1,1
12/05/2020,Crater,White,1535,82,34
12/05/2020,Arlington,White,2009,160,75
12/05/2020,Pittsylvania-Danville,"Other Race",6,0,0
12/05/2020,Chickahominy,Black,601,67,17
12/05/2020,Fairfax,Black,2622,286,66
12/05/2020,"Eastern Shore",Latino,294,12,3
12/05/2020,Norfolk,White,1545,89,25
12/05/2020,"Mount Rogers","Two or more races",25,1,0
12/05/2020,Alleghany,"Two or more races",36,1,1
12/05/2020,Southside,White,686,45,27
12/05/2020,"Thomas Jefferson","Two or more races",125,6,0
12/05/2020,"Prince William",Black,2363,211,61
12/05/2020,"Lord Fairfax",White,4385,338,122
12/05/2020,"Cumberland Plateau",Latino,23,0,0
12/05/2020,Arlington,"Not Reported",1082,10,0
12/05/2020,Rappahannock,"Other Race",261,6,0
12/05/2020,"Rappahannock Rapidan",Black,532,47,16
12/05/2020,"New River","Two or more races",116,6,7
12/05/2020,Arlington,Latino,2369,276,30
12/05/2020,Henrico,White,2657,199,129
12/05/2020,Loudoun,White,2918,168,106
12/05/2020,Hampton,White,600,25,8
12/05/2020,Alleghany,Black,330,11,8
12/05/2020,"Prince William",White,3287,220,103
12/05/2020,Rappahannock,White,2876,202,66
12/05/2020,Southside,"Other Race",20,1,1
12/05/2020,Portsmouth,"Two or more races",32,6,0
12/05/2020,"Western Tidewater",Black,2374,187,75
12/05/2020,Hampton,Latino,117,7,0
12/05/2020,Henrico,"Not Reported",1511,10,6
12/05/2020,"West Piedmont","Two or more races",26,0,0
12/05/2020,Peninsula,"Not Reported",1892,1,0
12/05/2020,Loudoun,Latino,3128,255,18
12/05/2020,Alexandria,Black,1114,117,19
12/05/2020,Piedmont,Black,921,95,27
12/05/2020,Roanoke,"Other Race",49,1,0
12/05/2020,Alexandria,"Two or more races",50,2,0
12/05/2020,"Western Tidewater",Latino,71,1,2
12/05/2020,Rappahannock,"Not Reported",2210,36,0
12/05/2020,"West Piedmont","Other Race",20,1,1
12/05/2020,Chickahominy,White,2052,154,55
12/05/2020,"Thomas Jefferson",Latino,906,39,3
12/05/2020,"Cumberland Plateau",Black,66,0,0
12/05/2020,"Lord Fairfax",Latino,1101,70,10
12/05/2020,"West Piedmont",Latino,391,15,1
12/05/2020,"Cumberland Plateau",White,2389,155,40
12/05/2020,"Eastern Shore","Other Race",14,1,0
12/05/2020,"Cumberland Plateau","Two or more races",3,0,0
12/05/2020,Pittsylvania-Danville,"Two or more races",12,0,0
12/05/2020,Piedmont,"Other Race",21,0,0
12/05/2020,Alexandria,Latino,2386,155,14
12/05/2020,Chesapeake,Black,2499,292,35
12/05/2020,Richmond,"Other Race",213,7,2
12/05/2020,Henrico,Latino,1150,65,13
12/05/2020,Piedmont,"Two or more races",58,2,1
12/05/2020,"Prince William","Other Race",1094,27,0
12/05/2020,"New River","Not Reported",1711,26,0
12/05/2020,"Rappahannock Rapidan",White,2067,99,28
12/05/2020,"Central Virginia","Not Reported",2909,32,8
12/05/2020,"Virginia Beach","Two or more races",153,7,3
12/05/2020,Pittsylvania-Danville,White,1273,107,49
12/05/2020,"Lord Fairfax",Black,284,32,8
12/05/2020,Fairfax,Latino,13738,1184,106
12/05/2020,Chesterfield,"Asian or Pacific Islander",195,8,1
12/05/2020,Crater,"Asian or Pacific Islander",42,0,0
12/05/2020,Fairfax,"Asian or Pacific Islander",3115,331,82
12/05/2020,Hampton,"Asian or Pacific Islander",24,0,0
12/05/2020,"Rappahannock Rapidan","Asian or Pacific Islander",27,2,1
12/05/2020,"Mount Rogers","Asian or Pacific Islander",13,2,0
12/05/2020,"New River","Asian or Pacific Islander",167,1,0
12/05/2020,"Central Virginia","Asian or Pacific Islander",51,1,0
12/05/2020,"Lord Fairfax","Asian or Pacific Islander",51,2,0
12/05/2020,Southside,"Asian or Pacific Islander",5,0,0
12/05/2020,Alleghany,"Asian or Pacific Islander",76,2,0
12/05/2020,Portsmouth,"Asian or Pacific Islander",26,1,0
12/05/2020,Roanoke,"Asian or Pacific Islander",80,4,0
12/05/2020,Richmond,"Asian or Pacific Islander",87,6,1
12/05/2020,"Thomas Jefferson","Asian or Pacific Islander",176,4,1
12/05/2020,"Virginia Beach","Asian or Pacific Islander",469,44,8
12/05/2020,Henrico,"Asian or Pacific Islander",405,13,4
12/05/2020,Piedmont,"Asian or Pacific Islander",14,0,1
12/05/2020,"Western Tidewater","Asian or Pacific Islander",25,2,3
12/05/2020,"West Piedmont","Asian or Pacific Islander",23,2,1
12/05/2020,Chickahominy,"Asian or Pacific Islander",26,3,0
12/05/2020,Peninsula,"Asian or Pacific Islander",98,8,6
12/05/2020,Norfolk,"Asian or Pacific Islander",99,9,0
12/05/2020,Arlington,"Asian or Pacific Islander",315,30,13
12/05/2020,Loudoun,"Asian or Pacific Islander",806,72,14
12/05/2020,Alexandria,"Asian or Pacific Islander",205,12,1
12/05/2020,Rappahannock,"Asian or Pacific Islander",169,12,3
12/05/2020,Chesapeake,"Asian or Pacific Islander",133,13,6
12/05/2020,"Cumberland Plateau and Lenowisco","Asian or Pacific Islander",8,0,0
12/05/2020,"Central Shenandoah","Asian or Pacific Islander",113,2,0
12/05/2020,"Prince William","Asian or Pacific Islander",996,69,22
12/05/2020,Pittsylvania-Danville,"Asian or Pacific Islander",7,0,0
12/05/2020,"Eastern Shore and Three Rivers","Asian or Pacific Islander",19,1,0
12/05/2020,Piedmont,"Native American",7,0,0
12/05/2020,"New River","Native American",6,0,0
12/05/2020,"Central Shenandoah","Native American",6,1,0
12/05/2020,"Eastern Shore and Three Rivers","Native American",7,0,0
12/05/2020,Fairfax,"Native American",49,1,1
12/05/2020,Chesapeake,"Native American",15,0,0
12/05/2020,"Western Tidewater","Native American",5,0,0
12/05/2020,Portsmouth,"Native American",4,2,0
12/05/2020,Richmond,"Native American",5,0,0
12/05/2020,Chickahominy,"Native American",15,1,0
12/05/2020,"Thomas Jefferson","Native American",6,0,0
12/05/2020,Arlington,"Native American",7,0,0
12/05/2020,"Virginia Beach","Native American",18,0,0
12/05/2020,Peninsula,"Native American",8,2,1
12/05/2020,Hampton,"Native American",3,0,1
12/05/2020,"West Piedmont","Native American",4,0,0
12/05/2020,"Cumberland Plateau, Lenowisco, and Mount Rogers","Native American",17,0,0
12/05/2020,Henrico,"Native American",20,0,0
12/05/2020,Norfolk,"Native American",12,1,1
12/05/2020,"Prince William","Native American",36,1,1
12/05/2020,"Central Virginia","Native American",12,0,0
12/05/2020,Chesterfield,"Native American",11,1,0
12/05/2020,Rappahannock,"Native American",10,0,0
12/05/2020,Loudoun,"Native American",8,0,0
12/05/2020,Alexandria,"Native American",4,0,0
12/05/2020,"Alleghany and Roanoke","Native American",6,0,0
12/05/2020,Crater,"Native American",7,1,1
12/05/2020,"Rappahannock Rapidan","Native American",4,0,0
12/05/2020,"Lord Fairfax","Native American",5,1,1
12/05/2020,"Pittsylvania-Danville and Southside","Native American",5,1,0
12/06/2020,"Rappahannock Rapidan","Not Reported",1083,13,7
12/06/2020,Portsmouth,"Other Race",78,11,5
12/06/2020,"Western Tidewater","Two or more races",81,1,0
12/06/2020,Piedmont,White,1254,93,33
12/06/2020,Chesterfield,Latino,2542,134,12
12/06/2020,Lenowisco,White,2738,170,70
12/06/2020,Lenowisco,"Two or more races",36,3,3
12/06/2020,Hampton,"Not Reported",714,3,1
12/06/2020,Southside,"Not Reported",763,7,5
12/06/2020,Roanoke,Black,928,45,15
12/06/2020,Hampton,Black,1330,103,24
12/06/2020,Alleghany,"Other Race",56,2,0
12/06/2020,Lenowisco,Latino,62,0,0
12/06/2020,Loudoun,"Other Race",575,23,3
12/06/2020,"Central Shenandoah",Latino,1456,66,7
12/06/2020,"Rappahannock Rapidan",Latino,1091,71,8
12/06/2020,"Eastern Shore",Black,918,104,29
12/06/2020,Norfolk,Latino,534,34,0
12/06/2020,Hampton,"Two or more races",31,1,0
12/06/2020,Richmond,Black,2472,311,43
12/06/2020,Henrico,"Two or more races",134,10,2
12/06/2020,Fairfax,"Two or more races",290,12,0
12/06/2020,Alleghany,"Not Reported",1629,8,2
12/06/2020,Portsmouth,"Not Reported",501,8,2
12/06/2020,"Cumberland Plateau","Other Race",7,0,0
12/06/2020,Southside,"Two or more races",135,0,4
12/06/2020,Portsmouth,White,578,52,14
12/06/2020,"Rappahannock Rapidan","Two or more races",57,2,0
12/06/2020,Fairfax,White,7878,664,334
12/06/2020,Fairfax,"Other Race",1454,119,22
12/06/2020,Crater,"Two or more races",23,2,1
12/06/2020,"West Piedmont","Not Reported",1066,19,3
12/06/2020,Henrico,"Other Race",288,20,1
12/06/2020,"Three Rivers",White,1453,93,29
12/06/2020,"Central Virginia",Black,807,60,20
12/06/2020,Lenowisco,"Other Race",12,0,0
12/06/2020,"Three Rivers","Other Race",40,3,0
12/06/2020,"Western Tidewater",White,1654,93,79
12/06/2020,"Mount Rogers",Black,172,10,3
12/06/2020,"Three Rivers","Not Reported",341,3,1
12/06/2020,"Thomas Jefferson",Black,770,94,18
12/06/2020,"Eastern Shore",White,434,41,20
12/06/2020,"Central Virginia",White,3585,170,50
12/06/2020,Lenowisco,Black,88,3,3
12/06/2020,"Central Virginia","Two or more races",43,1,0
12/06/2020,Richmond,"Two or more races",76,4,1
12/06/2020,Crater,"Not Reported",1262,13,5
12/06/2020,Chesterfield,"Two or more races",95,9,0
12/06/2020,"New River",Latino,287,5,0
12/06/2020,Richmond,Latino,1589,119,8
12/06/2020,Portsmouth,Latino,119,12,1
12/06/2020,Pittsylvania-Danville,"Not Reported",1008,19,3
12/06/2020,Chesapeake,"Not Reported",828,3,0
12/06/2020,Chickahominy,Latino,156,9,1
12/06/2020,Crater,Black,2919,243,76
12/06/2020,Chesterfield,Black,2128,165,38
12/06/2020,Chesterfield,"Other Race",268,16,0
12/06/2020,Peninsula,Black,1903,137,30
12/06/2020,Roanoke,White,1324,44,60
12/06/2020,"New River",Black,324,6,2
12/06/2020,Southside,Latino,17,1,0
12/06/2020,Peninsula,Latino,582,30,2
12/06/2020,Rappahannock,"Two or more races",93,4,0
12/06/2020,"Virginia Beach",Black,2511,181,33
12/06/2020,"Mount Rogers","Not Reported",712,16,6
12/06/2020,Loudoun,"Not Reported",2573,7,0
12/06/2020,Chesapeake,"Other Race",89,6,1
12/06/2020,Chickahominy,"Two or more races",22,2,0
12/06/2020,Crater,"Other Race",89,0,1
12/06/2020,Norfolk,"Two or more races",82,7,0
12/06/2020,"Eastern Shore","Two or more races",1,1,0
12/06/2020,"Central Shenandoah",White,6473,312,93
12/06/2020,"New River","Other Race",28,0,0
12/06/2020,"New River",White,4217,133,51
12/06/2020,"Central Shenandoah","Other Race",142,3,0
12/06/2020,"West Piedmont",Black,890,119,25
12/06/2020,Alleghany,Latino,261,13,1
12/06/2020,"Central Shenandoah","Not Reported",1859,14,3
12/06/2020,Roanoke,"Two or more races",32,2,0
12/06/2020,Peninsula,"Two or more races",102,4,1
12/06/2020,Richmond,"Not Reported",1082,2,1
12/06/2020,Arlington,"Other Race",204,16,4
12/06/2020,Norfolk,"Not Reported",1362,10,2
12/06/2020,Alexandria,"Other Race",154,11,2
12/06/2020,"Virginia Beach",White,4678,265,66
12/06/2020,Chesapeake,"Two or more races",85,3,0
12/06/2020,Alleghany,White,3262,135,77
12/06/2020,"Rappahannock Rapidan","Other Race",60,4,0
12/06/2020,Chickahominy,"Not Reported",764,3,1
12/06/2020,Portsmouth,Black,2001,268,49
12/06/2020,Chickahominy,"Other Race",44,3,0
12/06/2020,"Virginia Beach",Latino,846,37,5
12/06/2020,Chesapeake,White,2774,195,37
12/06/2020,Southside,Black,782,53,27
12/06/2020,Rappahannock,Latino,1848,124,11
12/06/2020,"Three Rivers","Two or more races",24,2,0
12/06/2020,Henrico,Black,2710,293,105
12/06/2020,Pittsylvania-Danville,Black,1199,133,23
12/06/2020,"Lord Fairfax","Two or more races",56,2,1
12/06/2020,"Prince William",Latino,9019,758,83
12/06/2020,"Mount Rogers","Other Race",29,2,2
12/06/2020,"Central Shenandoah",Black,442,21,8
12/06/2020,Peninsula,White,2123,117,56
12/06/2020,"Eastern Shore","Not Reported",77,0,0
12/06/2020,"Thomas Jefferson","Other Race",206,7,1
12/06/2020,Hampton,"Other Race",105,3,1
12/06/2020,"Lord Fairfax","Not Reported",837,6,7
12/06/2020,"Central Virginia","Other Race",59,0,0
12/06/2020,"Western Tidewater","Other Race",108,1,2
12/06/2020,Crater,Latino,299,11,5
12/06/2020,Chesapeake,Latino,515,37,2
12/06/2020,Chesterfield,White,3754,242,104
12/06/2020,"Western Tidewater","Not Reported",1247,5,3
12/06/2020,Fairfax,"Not Reported",4176,48,30
12/06/2020,Arlington,Black,586,101,36
12/06/2020,"Central Virginia",Latino,144,7,4
12/06/2020,Alexandria,"Not Reported",472,3,1
12/06/2020,"Three Rivers",Black,993,77,19
12/06/2020,"Prince William","Two or more races",214,3,0
12/06/2020,Loudoun,"Two or more races",111,6,0
12/06/2020,Peninsula,"Other Race",282,5,1
12/06/2020,"Thomas Jefferson",White,3099,134,59
12/06/2020,Norfolk,"Other Race",137,5,2
12/06/2020,"Prince William","Not Reported",5453,28,1
12/06/2020,"West Piedmont",White,2622,231,80
12/06/2020,Rappahannock,Black,1348,121,20
12/06/2020,Norfolk,Black,3009,321,63
12/06/2020,Roanoke,Latino,599,33,2
12/06/2020,Piedmont,Latino,93,9,2
12/06/2020,Roanoke,"Not Reported",1300,3,1
12/06/2020,"Virginia Beach","Other Race",212,7,0
12/06/2020,Arlington,"Two or more races",76,4,0
12/06/2020,Alexandria,White,1259,80,45
12/06/2020,"Lord Fairfax","Other Race",145,7,1
12/06/2020,"Thomas Jefferson","Not Reported",425,3,0
12/06/2020,"Virginia Beach","Not Reported",2881,24,4
12/06/2020,Loudoun,Black,486,39,9
12/06/2020,Pittsylvania-Danville,Latino,127,5,0
12/06/2020,"Cumberland Plateau","Not Reported",436,9,2
12/06/2020,Chesterfield,"Not Reported",1935,7,12
12/06/2020,"Mount Rogers",White,5767,419,160
12/06/2020,Richmond,White,1525,62,26
12/06/2020,Lenowisco,"Not Reported",398,9,6
12/06/2020,"Three Rivers",Latino,230,6,1
12/06/2020,Piedmont,"Not Reported",1114,13,5
12/06/2020,"Mount Rogers",Latino,387,8,1
12/06/2020,"Central Shenandoah","Two or more races",85,1,1
12/06/2020,Crater,White,1546,83,34
12/06/2020,Arlington,White,2024,160,75
12/06/2020,Pittsylvania-Danville,"Other Race",6,0,0
12/06/2020,Chickahominy,Black,605,67,17
12/06/2020,Fairfax,Black,2657,286,66
12/06/2020,"Eastern Shore",Latino,296,12,3
12/06/2020,Norfolk,White,1547,89,25
12/06/2020,"Mount Rogers","Two or more races",30,1,0
12/06/2020,Alleghany,"Two or more races",36,1,1
12/06/2020,Southside,White,707,45,27
12/06/2020,"Thomas Jefferson","Two or more races",125,6,0
12/06/2020,"Prince William",Black,2386,211,61
12/06/2020,"Lord Fairfax",White,4459,340,122
12/06/2020,"Cumberland Plateau",Latino,25,0,0
12/06/2020,Arlington,"Not Reported",1123,10,0
12/06/2020,Rappahannock,"Other Race",270,6,0
12/06/2020,"Rappahannock Rapidan",Black,540,47,16
12/06/2020,"New River","Two or more races",116,6,7
12/06/2020,Arlington,Latino,2444,276,30
12/06/2020,Henrico,White,2699,200,129
12/06/2020,Loudoun,White,2934,168,106
12/06/2020,Hampton,White,610,25,8
12/06/2020,Alleghany,Black,334,12,8
12/06/2020,"Prince William",White,3329,220,103
12/06/2020,Rappahannock,White,2923,204,66
12/06/2020,Southside,"Other Race",20,1,1
12/06/2020,Portsmouth,"Two or more races",32,6,0
12/06/2020,"Western Tidewater",Black,2397,187,75
12/06/2020,Hampton,Latino,119,7,0
12/06/2020,Henrico,"Not Reported",1570,10,6
12/06/2020,"West Piedmont","Two or more races",27,0,0
12/06/2020,Peninsula,"Not Reported",1917,1,0
12/06/2020,Loudoun,Latino,3139,255,18
12/06/2020,Alexandria,Black,1123,118,19
12/06/2020,Piedmont,Black,940,95,27
12/06/2020,Roanoke,"Other Race",49,1,0
12/06/2020,Alexandria,"Two or more races",50,2,0
12/06/2020,"Western Tidewater",Latino,72,1,2
12/06/2020,Rappahannock,"Not Reported",2280,36,0
12/06/2020,"West Piedmont","Other Race",24,1,1
12/06/2020,Chickahominy,White,2090,156,55
12/06/2020,"Thomas Jefferson",Latino,911,39,3
12/06/2020,"Cumberland Plateau",Black,66,0,0
12/06/2020,"Lord Fairfax",Latino,1105,70,10
12/06/2020,"West Piedmont",Latino,399,16,1
12/06/2020,"Cumberland Plateau",White,2449,159,40
12/06/2020,"Eastern Shore","Other Race",14,1,0
12/06/2020,"Cumberland Plateau","Two or more races",3,0,0
12/06/2020,Pittsylvania-Danville,"Two or more races",13,0,0
12/06/2020,Piedmont,"Other Race",21,0,0
12/06/2020,Alexandria,Latino,2401,156,14
12/06/2020,Chesapeake,Black,2521,293,35
12/06/2020,Richmond,"Other Race",213,7,2
12/06/2020,Henrico,Latino,1157,66,13
12/06/2020,Piedmont,"Two or more races",59,2,1
12/06/2020,"Prince William","Other Race",1105,27,0
12/06/2020,"New River","Not Reported",1734,26,0
12/06/2020,"Rappahannock Rapidan",White,2156,100,28
12/06/2020,"Central Virginia","Not Reported",2928,32,8
12/06/2020,"Virginia Beach","Two or more races",158,7,3
12/06/2020,Pittsylvania-Danville,White,1298,107,50
12/06/2020,"Lord Fairfax",Black,286,32,8
12/06/2020,Fairfax,Latino,13830,1184,106
12/06/2020,Chesterfield,"Asian or Pacific Islander",195,8,1
12/06/2020,Crater,"Asian or Pacific Islander",43,0,0
12/06/2020,Fairfax,"Asian or Pacific Islander",3153,332,82
12/06/2020,Hampton,"Asian or Pacific Islander",25,0,0
12/06/2020,"Rappahannock Rapidan","Asian or Pacific Islander",27,2,1
12/06/2020,"Mount Rogers","Asian or Pacific Islander",15,2,0
12/06/2020,"New River","Asian or Pacific Islander",167,1,0
12/06/2020,"Central Virginia","Asian or Pacific Islander",51,1,0
12/06/2020,"Lord Fairfax","Asian or Pacific Islander",51,3,1
12/06/2020,Southside,"Asian or Pacific Islander",5,0,0
12/06/2020,Alleghany,"Asian or Pacific Islander",76,2,0
12/06/2020,Portsmouth,"Asian or Pacific Islander",26,1,0
12/06/2020,Roanoke,"Asian or Pacific Islander",80,4,0
12/06/2020,Richmond,"Asian or Pacific Islander",88,6,1
12/06/2020,"Thomas Jefferson","Asian or Pacific Islander",176,4,1
12/06/2020,"Virginia Beach","Asian or Pacific Islander",474,44,8
12/06/2020,Henrico,"Asian or Pacific Islander",410,13,4
12/06/2020,Piedmont,"Asian or Pacific Islander",14,0,1
12/06/2020,"Western Tidewater","Asian or Pacific Islander",25,2,3
12/06/2020,"West Piedmont","Asian or Pacific Islander",23,2,1
12/06/2020,Chickahominy,"Asian or Pacific Islander",27,3,0
12/06/2020,Peninsula,"Asian or Pacific Islander",100,8,6
12/06/2020,Norfolk,"Asian or Pacific Islander",100,9,0
12/06/2020,Arlington,"Asian or Pacific Islander",328,30,13
12/06/2020,Loudoun,"Asian or Pacific Islander",809,72,14
12/06/2020,Alexandria,"Asian or Pacific Islander",206,12,1
12/06/2020,Rappahannock,"Asian or Pacific Islander",170,12,3
12/06/2020,Chesapeake,"Asian or Pacific Islander",136,13,6
12/06/2020,"Cumberland Plateau and Lenowisco","Asian or Pacific Islander",8,0,0
12/06/2020,"Central Shenandoah","Asian or Pacific Islander",115,2,0
12/06/2020,"Prince William","Asian or Pacific Islander",1008,69,22
12/06/2020,Pittsylvania-Danville,"Asian or Pacific Islander",7,0,0
12/06/2020,"Eastern Shore and Three Rivers","Asian or Pacific Islander",20,1,0
12/06/2020,Piedmont,"Native American",7,0,0
12/06/2020,"New River","Native American",6,0,0
12/06/2020,"Central Shenandoah","Native American",6,1,0
12/06/2020,"Eastern Shore and Three Rivers","Native American",7,0,0
12/06/2020,Fairfax,"Native American",50,1,1
12/06/2020,Chesapeake,"Native American",16,0,0
12/06/2020,"Western Tidewater","Native American",5,0,0
12/06/2020,Portsmouth,"Native American",4,2,0
12/06/2020,Richmond,"Native American",5,0,0
12/06/2020,Chickahominy,"Native American",15,1,0
12/06/2020,"Thomas Jefferson","Native American",6,0,0
12/06/2020,Arlington,"Native American",7,0,0
12/06/2020,"Virginia Beach","Native American",18,0,0
12/06/2020,Peninsula,"Native American",8,2,1
12/06/2020,Hampton,"Native American",3,0,1
12/06/2020,"West Piedmont","Native American",4,0,0
12/06/2020,"Cumberland Plateau, Lenowisco, and Mount Rogers","Native American",17,0,0
12/06/2020,Henrico,"Native American",20,0,0
12/06/2020,Norfolk,"Native American",12,1,1
12/06/2020,"Prince William","Native American",37,1,1
12/06/2020,"Central Virginia","Native American",12,0,0
12/06/2020,Chesterfield,"Native American",11,1,0
12/06/2020,Rappahannock,"Native American",10,0,0
12/06/2020,Loudoun,"Native American",8,0,0
12/06/2020,Alexandria,"Native American",4,0,0
12/06/2020,"Alleghany and Roanoke","Native American",6,0,0
12/06/2020,Crater,"Native American",7,1,1
12/06/2020,"Rappahannock Rapidan","Native American",4,0,0
12/06/2020,"Lord Fairfax","Native American",5,1,1
12/06/2020,"Pittsylvania-Danville and Southside","Native American",5,1,0
12/07/2020,"Rappahannock Rapidan","Not Reported",1088,14,7
12/07/2020,Portsmouth,"Other Race",80,11,5
12/07/2020,"Western Tidewater","Two or more races",82,1,0
12/07/2020,Piedmont,White,1270,93,33
12/07/2020,Chesterfield,Latino,2557,134,12
12/07/2020,Lenowisco,White,2779,173,71
12/07/2020,Lenowisco,"Two or more races",36,3,3
12/07/2020,Hampton,"Not Reported",724,3,1
12/07/2020,Southside,"Not Reported",773,6,4
12/07/2020,Roanoke,Black,934,45,15
12/07/2020,Hampton,Black,1347,103,24
12/07/2020,Alleghany,"Other Race",56,2,0
12/07/2020,Lenowisco,Latino,62,0,0
12/07/2020,Loudoun,"Other Race",641,23,3
12/07/2020,"Central Shenandoah",Latino,1482,66,7
12/07/2020,"Rappahannock Rapidan",Latino,1100,71,8
12/07/2020,"Eastern Shore",Black,929,104,29
12/07/2020,Norfolk,Latino,540,34,0
12/07/2020,Hampton,"Two or more races",30,1,0
12/07/2020,Richmond,Black,2519,311,43
12/07/2020,Henrico,"Two or more races",136,10,2
12/07/2020,Fairfax,"Two or more races",299,12,0
12/07/2020,Alleghany,"Not Reported",1632,8,2
12/07/2020,Portsmouth,"Not Reported",512,8,2
12/07/2020,"Cumberland Plateau","Other Race",7,0,0
12/07/2020,Southside,"Two or more races",135,0,4
12/07/2020,Portsmouth,White,590,52,14
12/07/2020,"Rappahannock Rapidan","Two or more races",59,2,0
12/07/2020,Fairfax,White,8005,674,334
12/07/2020,Fairfax,"Other Race",1505,120,22
12/07/2020,Crater,"Two or more races",23,2,1
12/07/2020,"West Piedmont","Not Reported",1079,18,3
12/07/2020,Henrico,"Other Race",292,20,1
12/07/2020,"Three Rivers",White,1457,93,29
12/07/2020,"Central Virginia",Black,819,62,22
12/07/2020,Lenowisco,"Other Race",12,0,0
12/07/2020,"Three Rivers","Other Race",40,3,0
12/07/2020,"Western Tidewater",White,1679,93,79
12/07/2020,"Mount Rogers",Black,175,10,3
12/07/2020,"Three Rivers","Not Reported",341,3,1
12/07/2020,"Thomas Jefferson",Black,795,96,18
12/07/2020,"Eastern Shore",White,441,41,20
12/07/2020,"Central Virginia",White,3624,171,51
12/07/2020,Lenowisco,Black,88,3,3
12/07/2020,"Central Virginia","Two or more races",43,1,0
12/07/2020,Richmond,"Two or more races",79,4,1
12/07/2020,Crater,"Not Reported",1292,13,5
12/07/2020,Chesterfield,"Two or more races",95,9,0
12/07/2020,"New River",Latino,288,6,0
12/07/2020,Richmond,Latino,1592,119,8
12/07/2020,Portsmouth,Latino,119,12,1
12/07/2020,Pittsylvania-Danville,"Not Reported",1049,19,3
12/07/2020,Chesapeake,"Not Reported",845,3,0
12/07/2020,Chickahominy,Latino,156,9,1
12/07/2020,Crater,Black,2947,244,76
12/07/2020,Chesterfield,Black,2142,165,38
12/07/2020,Chesterfield,"Other Race",267,16,0
12/07/2020,Peninsula,Black,1929,137,30
12/07/2020,Roanoke,White,1329,44,60
12/07/2020,"New River",Black,329,6,2
12/07/2020,Southside,Latino,17,1,0
12/07/2020,Peninsula,Latino,586,30,2
12/07/2020,Rappahannock,"Two or more races",98,4,0
12/07/2020,"Virginia Beach",Black,2529,181,33
12/07/2020,"Mount Rogers","Not Reported",732,17,6
12/07/2020,Loudoun,"Not Reported",2659,7,0
12/07/2020,Chesapeake,"Other Race",91,6,1
12/07/2020,Chickahominy,"Two or more races",23,2,0
12/07/2020,Crater,"Other Race",89,0,1
12/07/2020,Norfolk,"Two or more races",84,7,0
12/07/2020,"Eastern Shore","Two or more races",1,1,0
12/07/2020,"Central Shenandoah",White,6622,312,93
12/07/2020,"New River","Other Race",29,0,0
12/07/2020,"New River",White,4281,134,51
12/07/2020,"Central Shenandoah","Other Race",148,3,0
12/07/2020,"West Piedmont",Black,904,120,25
12/07/2020,Alleghany,Latino,261,13,1
12/07/2020,"Central Shenandoah","Not Reported",1903,15,3
12/07/2020,Roanoke,"Two or more races",32,2,0
12/07/2020,Peninsula,"Two or more races",103,4,1
12/07/2020,Richmond,"Not Reported",1124,2,1
12/07/2020,Arlington,"Other Race",209,16,4
12/07/2020,Norfolk,"Not Reported",1403,10,2
12/07/2020,Alexandria,"Other Race",160,11,2
12/07/2020,"Virginia Beach",White,4767,265,66
12/07/2020,Chesapeake,"Two or more races",85,3,0
12/07/2020,Alleghany,White,3281,135,77
12/07/2020,"Rappahannock Rapidan","Other Race",61,4,0
12/07/2020,Chickahominy,"Not Reported",788,3,1
12/07/2020,Portsmouth,Black,2017,268,49
12/07/2020,Chickahominy,"Other Race",45,3,0
12/07/2020,"Virginia Beach",Latino,851,37,5
12/07/2020,Chesapeake,White,2797,196,38
12/07/2020,Southside,Black,784,55,28
12/07/2020,Rappahannock,Latino,1865,124,11
12/07/2020,"Three Rivers","Two or more races",23,2,0
12/07/2020,Henrico,Black,2764,293,105
12/07/2020,Pittsylvania-Danville,Black,1218,133,23
12/07/2020,"Lord Fairfax","Two or more races",57,2,1
12/07/2020,"Prince William",Latino,9043,759,83
12/07/2020,"Mount Rogers","Other Race",29,2,2
12/07/2020,"Central Shenandoah",Black,449,21,8
12/07/2020,Peninsula,White,2158,117,56
12/07/2020,"Eastern Shore","Not Reported",77,0,0
12/07/2020,"Thomas Jefferson","Other Race",209,7,1
12/07/2020,Hampton,"Other Race",106,3,1
12/07/2020,"Lord Fairfax","Not Reported",850,6,7
12/07/2020,"Central Virginia","Other Race",61,0,0
12/07/2020,"Western Tidewater","Other Race",111,1,2
12/07/2020,Crater,Latino,299,11,5
12/07/2020,Chesapeake,Latino,515,37,2
12/07/2020,Chesterfield,White,3805,242,104
12/07/2020,"Western Tidewater","Not Reported",1260,5,3
12/07/2020,Fairfax,"Not Reported",4357,48,30
12/07/2020,Arlington,Black,593,101,36
12/07/2020,"Central Virginia",Latino,145,7,4
12/07/2020,Alexandria,"Not Reported",535,3,1
12/07/2020,"Three Rivers",Black,996,77,19
12/07/2020,"Prince William","Two or more races",214,3,0
12/07/2020,Loudoun,"Two or more races",120,6,0
12/07/2020,Peninsula,"Other Race",287,5,1
12/07/2020,"Thomas Jefferson",White,3130,139,59
12/07/2020,Norfolk,"Other Race",137,5,2
12/07/2020,"Prince William","Not Reported",5488,28,1
12/07/2020,"West Piedmont",White,2669,232,80
12/07/2020,Rappahannock,Black,1379,121,20
12/07/2020,Norfolk,Black,3037,321,63
12/07/2020,Roanoke,Latino,603,33,2
12/07/2020,Piedmont,Latino,93,9,2
12/07/2020,Roanoke,"Not Reported",1306,3,1
12/07/2020,"Virginia Beach","Other Race",217,7,0
12/07/2020,Arlington,"Two or more races",80,4,0
12/07/2020,Alexandria,White,1277,81,45
12/07/2020,"Lord Fairfax","Other Race",150,7,1
12/07/2020,"Thomas Jefferson","Not Reported",447,3,0
12/07/2020,"Virginia Beach","Not Reported",2942,24,4
12/07/2020,Loudoun,Black,486,39,9
12/07/2020,Pittsylvania-Danville,Latino,127,5,0
12/07/2020,"Cumberland Plateau","Not Reported",451,9,2
12/07/2020,Chesterfield,"Not Reported",1962,7,12
12/07/2020,"Mount Rogers",White,5871,425,160
12/07/2020,Richmond,White,1552,62,26
12/07/2020,Lenowisco,"Not Reported",405,9,6
12/07/2020,"Three Rivers",Latino,230,6,1
12/07/2020,Piedmont,"Not Reported",1177,13,5
12/07/2020,"Mount Rogers",Latino,393,9,1
12/07/2020,"Central Shenandoah","Two or more races",88,1,1
12/07/2020,Crater,White,1561,84,34
12/07/2020,Arlington,White,2048,160,75
12/07/2020,Pittsylvania-Danville,"Other Race",6,0,0
12/07/2020,Chickahominy,Black,609,67,17
12/07/2020,Fairfax,Black,2694,288,66
12/07/2020,"Eastern Shore",Latino,297,12,3
12/07/2020,Norfolk,White,1577,88,25
12/07/2020,"Mount Rogers","Two or more races",33,1,0
12/07/2020,Alleghany,"Two or more races",37,1,1
12/07/2020,Southside,White,711,45,27
12/07/2020,"Thomas Jefferson","Two or more races",125,6,0
12/07/2020,"Prince William",Black,2398,211,61
12/07/2020,"Lord Fairfax",White,4533,341,123
12/07/2020,"Cumberland Plateau",Latino,27,0,0
12/07/2020,Arlington,"Not Reported",1180,10,0
12/07/2020,Rappahannock,"Other Race",287,6,0
12/07/2020,"Rappahannock Rapidan",Black,544,48,16
12/07/2020,"New River","Two or more races",116,6,7
12/07/2020,Arlington,Latino,2453,276,30
12/07/2020,Henrico,White,2743,200,129
12/07/2020,Loudoun,White,2953,168,106
12/07/2020,Hampton,White,619,26,8
12/07/2020,Alleghany,Black,334,12,8
12/07/2020,"Prince William",White,3346,220,103
12/07/2020,Rappahannock,White,2993,204,66
12/07/2020,Southside,"Other Race",20,1,1
12/07/2020,Portsmouth,"Two or more races",32,6,0
12/07/2020,"Western Tidewater",Black,2425,187,75
12/07/2020,Hampton,Latino,121,8,0
12/07/2020,Henrico,"Not Reported",1606,10,6
12/07/2020,"West Piedmont","Two or more races",26,0,0
12/07/2020,Peninsula,"Not Reported",1934,1,0
12/07/2020,Loudoun,Latino,3150,255,18
12/07/2020,Alexandria,Black,1138,118,19
12/07/2020,Piedmont,Black,946,95,27
12/07/2020,Roanoke,"Other Race",49,1,0
12/07/2020,Alexandria,"Two or more races",53,2,0
12/07/2020,"Western Tidewater",Latino,73,1,2
12/07/2020,Rappahannock,"Not Reported",2363,36,0
12/07/2020,"West Piedmont","Other Race",24,1,1
12/07/2020,Chickahominy,White,2137,156,55
12/07/2020,"Thomas Jefferson",Latino,921,39,3
12/07/2020,"Cumberland Plateau",Black,66,0,0
12/07/2020,"Lord Fairfax",Latino,1118,70,10
12/07/2020,"West Piedmont",Latino,401,16,1
12/07/2020,"Cumberland Plateau",White,2506,161,40
12/07/2020,"Eastern Shore","Other Race",14,1,0
12/07/2020,"Cumberland Plateau","Two or more races",3,0,0
12/07/2020,Pittsylvania-Danville,"Two or more races",13,0,0
12/07/2020,Piedmont,"Other Race",21,0,0
12/07/2020,Alexandria,Latino,2416,156,14
12/07/2020,Chesapeake,Black,2532,293,36
12/07/2020,Richmond,"Other Race",216,7,2
12/07/2020,Henrico,Latino,1159,66,13
12/07/2020,Piedmont,"Two or more races",60,2,1
12/07/2020,"Prince William","Other Race",1107,28,0
12/07/2020,"New River","Not Reported",1785,26,0
12/07/2020,"Rappahannock Rapidan",White,2188,102,28
12/07/2020,"Central Virginia","Not Reported",2974,33,9
12/07/2020,"Virginia Beach","Two or more races",159,7,3
12/07/2020,Pittsylvania-Danville,White,1333,107,50
12/07/2020,"Lord Fairfax",Black,287,32,8
12/07/2020,Fairfax,Latino,13988,1189,106
12/07/2020,Chesterfield,"Asian or Pacific Islander",198,8,1
12/07/2020,Crater,"Asian or Pacific Islander",43,0,0
12/07/2020,Fairfax,"Asian or Pacific Islander",3209,334,82
12/07/2020,Hampton,"Asian or Pacific Islander",25,0,0
12/07/2020,"Rappahannock Rapidan","Asian or Pacific Islander",28,2,1
12/07/2020,"Mount Rogers","Asian or Pacific Islander",15,2,0
12/07/2020,"New River","Asian or Pacific Islander",168,1,0
12/07/2020,"Central Virginia","Asian or Pacific Islander",51,1,0
12/07/2020,"Lord Fairfax","Asian or Pacific Islander",51,3,1
12/07/2020,Southside,"Asian or Pacific Islander",5,0,0
12/07/2020,Alleghany,"Asian or Pacific Islander",76,2,0
12/07/2020,Portsmouth,"Asian or Pacific Islander",26,1,0
12/07/2020,Roanoke,"Asian or Pacific Islander",83,4,0
12/07/2020,Richmond,"Asian or Pacific Islander",89,6,1
12/07/2020,"Thomas Jefferson","Asian or Pacific Islander",177,4,1
12/07/2020,"Virginia Beach","Asian or Pacific Islander",482,44,8
12/07/2020,Henrico,"Asian or Pacific Islander",417,13,4
12/07/2020,Piedmont,"Asian or Pacific Islander",14,0,1
12/07/2020,"Western Tidewater","Asian or Pacific Islander",25,2,3
12/07/2020,"West Piedmont","Asian or Pacific Islander",23,2,1
12/07/2020,Chickahominy,"Asian or Pacific Islander",27,3,0
12/07/2020,Peninsula,"Asian or Pacific Islander",101,8,6
12/07/2020,Norfolk,"Asian or Pacific Islander",104,9,0
12/07/2020,Arlington,"Asian or Pacific Islander",334,30,13
12/07/2020,Loudoun,"Asian or Pacific Islander",814,72,14
12/07/2020,Alexandria,"Asian or Pacific Islander",207,12,1
12/07/2020,Rappahannock,"Asian or Pacific Islander",178,12,3
12/07/2020,Chesapeake,"Asian or Pacific Islander",136,13,6
12/07/2020,"Cumberland Plateau and Lenowisco","Asian or Pacific Islander",8,0,0
12/07/2020,"Central Shenandoah","Asian or Pacific Islander",117,2,0
12/07/2020,"Prince William","Asian or Pacific Islander",1014,69,22
12/07/2020,Pittsylvania-Danville,"Asian or Pacific Islander",7,0,0
12/07/2020,"Eastern Shore and Three Rivers","Asian or Pacific Islander",20,1,0
12/07/2020,Piedmont,"Native American",7,0,0
12/07/2020,"New River","Native American",6,0,0
12/07/2020,"Central Shenandoah","Native American",6,1,0
12/07/2020,"Eastern Shore and Three Rivers","Native American",7,0,0
12/07/2020,Fairfax,"Native American",51,1,1
12/07/2020,Chesapeake,"Native American",16,0,0
12/07/2020,"Western Tidewater","Native American",5,0,0
12/07/2020,Portsmouth,"Native American",4,2,0
12/07/2020,Richmond,"Native American",5,0,0
12/07/2020,Chickahominy,"Native American",15,1,0
12/07/2020,"Thomas Jefferson","Native American",6,0,0
12/07/2020,Arlington,"Native American",7,0,0
12/07/2020,"Virginia Beach","Native American",18,0,0
12/07/2020,Peninsula,"Native American",8,2,1
12/07/2020,Hampton,"Native American",3,0,1
12/07/2020,"West Piedmont","Native American",4,0,0
12/07/2020,"Cumberland Plateau, Lenowisco, and Mount Rogers","Native American",17,0,0
12/07/2020,Henrico,"Native American",20,0,0
12/07/2020,Norfolk,"Native American",12,1,1
12/07/2020,"Prince William","Native American",37,1,1
12/07/2020,"Central Virginia","Native American",12,0,0
12/07/2020,Chesterfield,"Native American",11,1,0
12/07/2020,Rappahannock,"Native American",10,0,0
12/07/2020,Loudoun,"Native American",9,0,0
12/07/2020,Alexandria,"Native American",4,0,0
12/07/2020,"Alleghany and Roanoke","Native American",6,0,0
12/07/2020,Crater,"Native American",7,1,1
12/07/2020,"Rappahannock Rapidan","Native American",4,0,0
12/07/2020,"Lord Fairfax","Native American",6,1,1
12/07/2020,"Pittsylvania-Danville and Southside","Native American",5,1,0
12/08/2020,"Rappahannock Rapidan","Not Reported",1095,14,7
12/08/2020,Portsmouth,"Other Race",80,11,5
12/08/2020,"Western Tidewater","Two or more races",83,1,2
12/08/2020,Piedmont,White,1282,94,33
12/08/2020,Chesterfield,Latino,2575,134,12
12/08/2020,Lenowisco,White,2829,173,72
12/08/2020,Lenowisco,"Two or more races",36,3,3
12/08/2020,Hampton,"Not Reported",743,3,1
12/08/2020,Southside,"Not Reported",773,6,4
12/08/2020,Roanoke,Black,938,45,15
12/08/2020,Hampton,Black,1368,103,24
12/08/2020,Alleghany,"Other Race",63,2,0
12/08/2020,Lenowisco,Latino,62,0,0
12/08/2020,Loudoun,"Other Race",655,23,3
12/08/2020,"Central Shenandoah",Latino,1485,66,7
12/08/2020,"Rappahannock Rapidan",Latino,1103,71,8
12/08/2020,"Eastern Shore",Black,931,104,29
12/08/2020,Norfolk,Latino,547,34,0
12/08/2020,Hampton,"Two or more races",35,1,0
12/08/2020,Richmond,Black,2543,310,43
12/08/2020,Henrico,"Two or more races",139,10,2
12/08/2020,Fairfax,"Two or more races",310,12,0
12/08/2020,Alleghany,"Not Reported",1696,8,2
12/08/2020,Portsmouth,"Not Reported",522,8,2
12/08/2020,"Cumberland Plateau","Other Race",7,0,0
12/08/2020,Southside,"Two or more races",135,0,5
12/08/2020,Portsmouth,White,595,52,14
12/08/2020,"Rappahannock Rapidan","Two or more races",60,2,0
12/08/2020,Fairfax,White,8138,679,336
12/08/2020,Fairfax,"Other Race",1569,121,22
12/08/2020,Crater,"Two or more races",23,2,1
12/08/2020,"West Piedmont","Not Reported",1087,18,3
12/08/2020,Henrico,"Other Race",296,20,1
12/08/2020,"Three Rivers",White,1463,94,29
12/08/2020,"Central Virginia",Black,847,62,22
12/08/2020,Lenowisco,"Other Race",12,0,0
12/08/2020,"Three Rivers","Other Race",40,3,0
12/08/2020,"Western Tidewater",White,1687,94,79
12/08/2020,"Mount Rogers",Black,181,10,3
12/08/2020,"Three Rivers","Not Reported",344,3,1
12/08/2020,"Thomas Jefferson",Black,803,99,18
12/08/2020,"Eastern Shore",White,448,42,20
12/08/2020,"Central Virginia",White,3708,171,52
12/08/2020,Lenowisco,Black,88,3,3
12/08/2020,"Central Virginia","Two or more races",44,1,0
12/08/2020,Richmond,"Two or more races",80,5,1
12/08/2020,Crater,"Not Reported",1297,13,5
12/08/2020,Chesterfield,"Two or more races",97,10,0
12/08/2020,"New River",Latino,289,6,0
12/08/2020,Richmond,Latino,1596,120,8
12/08/2020,Portsmouth,Latino,119,12,1
12/08/2020,Pittsylvania-Danville,"Not Reported",1058,19,3
12/08/2020,Chesapeake,"Not Reported",854,3,0
12/08/2020,Chickahominy,Latino,157,9,1
12/08/2020,Crater,Black,2959,245,77
12/08/2020,Chesterfield,Black,2174,166,38
12/08/2020,Chesterfield,"Other Race",272,16,0
12/08/2020,Peninsula,Black,1932,140,30
12/08/2020,Roanoke,White,1347,44,60
12/08/2020,"New River",Black,330,6,2
12/08/2020,Southside,Latino,17,1,0
12/08/2020,Peninsula,Latino,587,30,2
12/08/2020,Rappahannock,"Two or more races",97,4,0
12/08/2020,"Virginia Beach",Black,2570,181,33
12/08/2020,"Mount Rogers","Not Reported",744,18,6
12/08/2020,Loudoun,"Not Reported",2709,8,0
12/08/2020,Chesapeake,"Other Race",93,6,1
12/08/2020,Chickahominy,"Two or more races",22,2,0
12/08/2020,Crater,"Other Race",90,0,1
12/08/2020,Norfolk,"Two or more races",85,7,0
12/08/2020,"Eastern Shore","Two or more races",1,1,0
12/08/2020,"Central Shenandoah",White,6671,316,96
12/08/2020,"New River","Other Race",29,0,0
12/08/2020,"New River",White,4367,137,54
12/08/2020,"Central Shenandoah","Other Race",150,3,0
12/08/2020,"West Piedmont",Black,913,120,25
12/08/2020,Alleghany,Latino,262,13,1
12/08/2020,"Central Shenandoah","Not Reported",1902,15,3
12/08/2020,Roanoke,"Two or more races",33,2,0
12/08/2020,Peninsula,"Two or more races",103,4,1
12/08/2020,Richmond,"Not Reported",1132,2,1
12/08/2020,Arlington,"Other Race",208,16,4
12/08/2020,Norfolk,"Not Reported",1444,10,3
12/08/2020,Alexandria,"Other Race",157,11,2
12/08/2020,"Virginia Beach",White,4841,268,66
12/08/2020,Chesapeake,"Two or more races",85,3,0
12/08/2020,Alleghany,White,3391,140,83
12/08/2020,"Rappahannock Rapidan","Other Race",59,4,0
12/08/2020,Chickahominy,"Not Reported",797,3,1
12/08/2020,Portsmouth,Black,2031,269,49
12/08/2020,Chickahominy,"Other Race",47,3,0
12/08/2020,"Virginia Beach",Latino,872,37,5
12/08/2020,Chesapeake,White,2829,196,39
12/08/2020,Southside,Black,787,57,28
12/08/2020,Rappahannock,Latino,1875,125,11
12/08/2020,"Three Rivers","Two or more races",23,2,0
12/08/2020,Henrico,Black,2796,295,105
12/08/2020,Pittsylvania-Danville,Black,1226,133,24
12/08/2020,"Lord Fairfax","Two or more races",58,2,1
12/08/2020,"Prince William",Latino,9107,760,83
12/08/2020,"Mount Rogers","Other Race",29,2,2
12/08/2020,"Central Shenandoah",Black,453,21,8
12/08/2020,Peninsula,White,2174,119,56
12/08/2020,"Eastern Shore","Not Reported",78,0,0
12/08/2020,"Thomas Jefferson","Other Race",209,7,1
12/08/2020,Hampton,"Other Race",107,3,1
12/08/2020,"Lord Fairfax","Not Reported",890,6,7
12/08/2020,"Central Virginia","Other Race",64,0,0
12/08/2020,"Western Tidewater","Other Race",111,1,2
12/08/2020,Crater,Latino,300,11,5
12/08/2020,Chesapeake,Latino,517,37,2
12/08/2020,Chesterfield,White,3873,243,108
12/08/2020,"Western Tidewater","Not Reported",1271,5,3
12/08/2020,Fairfax,"Not Reported",4631,48,30
12/08/2020,Arlington,Black,602,101,36
12/08/2020,"Central Virginia",Latino,150,7,4
12/08/2020,Alexandria,"Not Reported",537,3,1
12/08/2020,"Three Rivers",Black,999,77,20
12/08/2020,"Prince William","Two or more races",220,3,0
12/08/2020,Loudoun,"Two or more races",124,6,0
12/08/2020,Peninsula,"Other Race",286,5,1
12/08/2020,"Thomas Jefferson",White,3144,142,59
12/08/2020,Norfolk,"Other Race",142,5,2
12/08/2020,"Prince William","Not Reported",5621,28,2
12/08/2020,"West Piedmont",White,2706,237,82
12/08/2020,Rappahannock,Black,1399,121,20
12/08/2020,Norfolk,Black,3097,325,66
12/08/2020,Roanoke,Latino,610,33,2
12/08/2020,Piedmont,Latino,93,9,2
12/08/2020,Roanoke,"Not Reported",1316,3,1
12/08/2020,"Virginia Beach","Other Race",218,7,0
12/08/2020,Arlington,"Two or more races",80,4,0
12/08/2020,Alexandria,White,1299,81,44
12/08/2020,"Lord Fairfax","Other Race",153,7,1
12/08/2020,"Thomas Jefferson","Not Reported",462,3,0
12/08/2020,"Virginia Beach","Not Reported",2972,26,6
12/08/2020,Loudoun,Black,497,39,9
12/08/2020,Pittsylvania-Danville,Latino,129,5,0
12/08/2020,"Cumberland Plateau","Not Reported",464,9,2
12/08/2020,Chesterfield,"Not Reported",2007,7,12
12/08/2020,"Mount Rogers",White,5998,433,161
12/08/2020,Richmond,White,1563,61,26
12/08/2020,Lenowisco,"Not Reported",407,9,6
12/08/2020,"Three Rivers",Latino,229,6,1
12/08/2020,Piedmont,"Not Reported",1237,12,4
12/08/2020,"Mount Rogers",Latino,398,9,1
12/08/2020,"Central Shenandoah","Two or more races",88,1,1
12/08/2020,Crater,White,1579,84,34
12/08/2020,Arlington,White,2052,159,75
12/08/2020,Pittsylvania-Danville,"Other Race",6,0,0
12/08/2020,Chickahominy,Black,617,67,17
12/08/2020,Fairfax,Black,2742,292,66
12/08/2020,"Eastern Shore",Latino,297,12,3
12/08/2020,Norfolk,White,1606,92,26
12/08/2020,"Mount Rogers","Two or more races",40,1,0
12/08/2020,Alleghany,"Two or more races",40,1,2
12/08/2020,Southside,White,713,47,27
12/08/2020,"Thomas Jefferson","Two or more races",126,6,0
12/08/2020,"Prince William",Black,2427,211,61
12/08/2020,"Lord Fairfax",White,4639,344,126
12/08/2020,"Cumberland Plateau",Latino,29,0,0
12/08/2020,Arlington,"Not Reported",1193,12,1
12/08/2020,Rappahannock,"Other Race",292,6,0
12/08/2020,"Rappahannock Rapidan",Black,547,48,16
12/08/2020,"New River","Two or more races",116,6,7
12/08/2020,Arlington,Latino,2464,278,32
12/08/2020,Henrico,White,2805,202,129
12/08/2020,Loudoun,White,3017,166,107
12/08/2020,Hampton,White,631,26,8
12/08/2020,Alleghany,Black,338,13,9
12/08/2020,"Prince William",White,3379,223,103
12/08/2020,Rappahannock,White,3021,209,67
12/08/2020,Southside,"Other Race",20,1,1
12/08/2020,Portsmouth,"Two or more races",33,6,0
12/08/2020,"Western Tidewater",Black,2442,188,75
12/08/2020,Hampton,Latino,122,8,0
12/08/2020,Henrico,"Not Reported",1637,11,6
12/08/2020,"West Piedmont","Two or more races",27,0,0
12/08/2020,Peninsula,"Not Reported",1943,2,0
12/08/2020,Loudoun,Latino,3167,256,18
12/08/2020,Alexandria,Black,1153,118,19
12/08/2020,Piedmont,Black,959,96,27
12/08/2020,Roanoke,"Other Race",50,1,0
12/08/2020,Alexandria,"Two or more races",57,2,0
12/08/2020,"Western Tidewater",Latino,74,1,2
12/08/2020,Rappahannock,"Not Reported",2408,35,0
12/08/2020,"West Piedmont","Other Race",25,1,1
12/08/2020,Chickahominy,White,2166,156,57
12/08/2020,"Thomas Jefferson",Latino,925,39,3
12/08/2020,"Cumberland Plateau",Black,67,0,0
12/08/2020,"Lord Fairfax",Latino,1141,70,10
12/08/2020,"West Piedmont",Latino,401,17,1
12/08/2020,"Cumberland Plateau",White,2642,163,40
12/08/2020,"Eastern Shore","Other Race",15,1,0
12/08/2020,"Cumberland Plateau","Two or more races",3,0,0
12/08/2020,Pittsylvania-Danville,"Two or more races",13,0,0
12/08/2020,Piedmont,"Other Race",22,0,0
12/08/2020,Alexandria,Latino,2449,157,14
12/08/2020,Chesapeake,Black,2537,293,37
12/08/2020,Richmond,"Other Race",215,7,2
12/08/2020,Henrico,Latino,1167,66,13
12/08/2020,Piedmont,"Two or more races",61,2,1
12/08/2020,"Prince William","Other Race",1129,28,0
12/08/2020,"New River","Not Reported",1832,26,0
12/08/2020,"Rappahannock Rapidan",White,2205,103,28
12/08/2020,"Central Virginia","Not Reported",3034,33,9
12/08/2020,"Virginia Beach","Two or more races",160,7,3
12/08/2020,Pittsylvania-Danville,White,1356,108,52
12/08/2020,"Lord Fairfax",Black,289,32,8
12/08/2020,Fairfax,Latino,14132,1190,106
12/08/2020,Chesterfield,"Asian or Pacific Islander",201,8,1
12/08/2020,Crater,"Asian or Pacific Islander",43,0,0
12/08/2020,Fairfax,"Asian or Pacific Islander",3261,336,82
12/08/2020,Hampton,"Asian or Pacific Islander",26,0,0
12/08/2020,"Rappahannock Rapidan","Asian or Pacific Islander",28,2,1
12/08/2020,"Mount Rogers","Asian or Pacific Islander",15,2,0
12/08/2020,"New River","Asian or Pacific Islander",170,1,0
12/08/2020,"Central Virginia","Asian or Pacific Islander",53,1,0
12/08/2020,"Lord Fairfax","Asian or Pacific Islander",56,3,1
12/08/2020,Southside,"Asian or Pacific Islander",5,0,0
12/08/2020,Alleghany,"Asian or Pacific Islander",78,2,0
12/08/2020,Portsmouth,"Asian or Pacific Islander",26,1,0
12/08/2020,Roanoke,"Asian or Pacific Islander",83,4,0
12/08/2020,Richmond,"Asian or Pacific Islander",90,6,1
12/08/2020,"Thomas Jefferson","Asian or Pacific Islander",177,4,1
12/08/2020,"Virginia Beach","Asian or Pacific Islander",491,44,8
12/08/2020,Henrico,"Asian or Pacific Islander",421,13,4
12/08/2020,Piedmont,"Asian or Pacific Islander",14,0,1
12/08/2020,"Western Tidewater","Asian or Pacific Islander",25,2,3
12/08/2020,"West Piedmont","Asian or Pacific Islander",22,2,1
12/08/2020,Chickahominy,"Asian or Pacific Islander",27,3,0
12/08/2020,Peninsula,"Asian or Pacific Islander",104,8,6
12/08/2020,Norfolk,"Asian or Pacific Islander",105,9,0
12/08/2020,Arlington,"Asian or Pacific Islander",338,33,13
12/08/2020,Loudoun,"Asian or Pacific Islander",827,73,14
12/08/2020,Alexandria,"Asian or Pacific Islander",218,12,1
12/08/2020,Rappahannock,"Asian or Pacific Islander",183,12,3
12/08/2020,Chesapeake,"Asian or Pacific Islander",140,15,7
12/08/2020,"Cumberland Plateau and Lenowisco","Asian or Pacific Islander",8,0,0
12/08/2020,"Central Shenandoah","Asian or Pacific Islander",117,2,0
12/08/2020,"Prince William","Asian or Pacific Islander",1032,69,22
12/08/2020,Pittsylvania-Danville,"Asian or Pacific Islander",7,0,0
12/08/2020,"Eastern Shore and Three Rivers","Asian or Pacific Islander",19,1,0
12/08/2020,Piedmont,"Native American",7,0,0
12/08/2020,"New River","Native American",6,0,0
12/08/2020,"Central Shenandoah","Native American",7,1,0
12/08/2020,"Eastern Shore and Three Rivers","Native American",7,0,0
12/08/2020,Fairfax,"Native American",53,1,1
12/08/2020,Chesapeake,"Native American",16,0,0
12/08/2020,"Western Tidewater","Native American",5,0,0
12/08/2020,Portsmouth,"Native American",4,2,0
12/08/2020,Richmond,"Native American",5,0,0
12/08/2020,Chickahominy,"Native American",15,1,0
12/08/2020,"Thomas Jefferson","Native American",6,0,0
12/08/2020,Arlington,"Native American",7,0,0
12/08/2020,"Virginia Beach","Native American",18,0,0
12/08/2020,Peninsula,"Native American",8,2,1
12/08/2020,Hampton,"Native American",3,0,1
12/08/2020,"West Piedmont","Native American",4,0,0
12/08/2020,"Cumberland Plateau, Lenowisco, and Mount Rogers","Native American",19,0,0
12/08/2020,Henrico,"Native American",20,0,0
12/08/2020,Norfolk,"Native American",12,1,1
12/08/2020,"Prince William","Native American",37,1,1
12/08/2020,"Central Virginia","Native American",12,0,0
12/08/2020,Chesterfield,"Native American",11,1,0
12/08/2020,Rappahannock,"Native American",10,0,0
12/08/2020,Loudoun,"Native American",9,0,0
12/08/2020,Alexandria,"Native American",4,0,0
12/08/2020,"Alleghany and Roanoke","Native American",6,0,0
12/08/2020,Crater,"Native American",7,1,1
12/08/2020,"Rappahannock Rapidan","Native American",4,0,0
12/08/2020,"Lord Fairfax","Native American",6,1,1
12/08/2020,"Pittsylvania-Danville and Southside","Native American",5,1,0
12/09/2020,"Rappahannock Rapidan","Not Reported",1112,14,7
12/09/2020,Portsmouth,"Other Race",81,11,5
12/09/2020,"Western Tidewater","Two or more races",83,1,2
12/09/2020,Piedmont,White,1291,95,33
12/09/2020,Chesterfield,Latino,2601,134,12
12/09/2020,Lenowisco,White,2878,178,72
12/09/2020,Lenowisco,"Two or more races",36,3,3
12/09/2020,Hampton,"Not Reported",759,3,1
12/09/2020,Southside,"Not Reported",780,6,4
12/09/2020,Roanoke,Black,946,45,15
12/09/2020,Hampton,Black,1419,105,24
12/09/2020,Alleghany,"Other Race",65,2,0
12/09/2020,Lenowisco,Latino,62,0,0
12/09/2020,Loudoun,"Other Race",709,23,3
12/09/2020,"Central Shenandoah",Latino,1503,66,7
12/09/2020,"Rappahannock Rapidan",Latino,1110,71,8
12/09/2020,"Eastern Shore",Black,942,104,29
12/09/2020,Norfolk,Latino,555,34,0
12/09/2020,Hampton,"Two or more races",36,1,0
12/09/2020,Richmond,Black,2581,312,44
12/09/2020,Henrico,"Two or more races",139,10,2
12/09/2020,Fairfax,"Two or more races",314,12,0
12/09/2020,Alleghany,"Not Reported",1778,8,2
12/09/2020,Portsmouth,"Not Reported",518,8,2
12/09/2020,"Cumberland Plateau","Other Race",7,0,0
12/09/2020,Southside,"Two or more races",135,0,5
12/09/2020,Portsmouth,White,608,54,14
12/09/2020,"Rappahannock Rapidan","Two or more races",62,2,0
12/09/2020,Fairfax,White,8283,682,338
12/09/2020,Fairfax,"Other Race",1583,121,22
12/09/2020,Crater,"Two or more races",22,2,1
12/09/2020,"West Piedmont","Not Reported",1098,18,3
12/09/2020,Henrico,"Other Race",297,20,1
12/09/2020,"Three Rivers",White,1471,92,29
12/09/2020,"Central Virginia",Black,874,62,22
12/09/2020,Lenowisco,"Other Race",12,0,0
12/09/2020,"Three Rivers","Other Race",40,3,0
12/09/2020,"Western Tidewater",White,1710,99,80
12/09/2020,"Mount Rogers",Black,185,10,3
12/09/2020,"Three Rivers","Not Reported",348,3,1
12/09/2020,"Thomas Jefferson",Black,809,99,18
12/09/2020,"Eastern Shore",White,458,43,20
12/09/2020,"Central Virginia",White,3790,173,53
12/09/2020,Lenowisco,Black,89,3,3
12/09/2020,"Central Virginia","Two or more races",44,1,0
12/09/2020,Richmond,"Two or more races",83,5,1
12/09/2020,Crater,"Not Reported",1277,13,5
12/09/2020,Chesterfield,"Two or more races",101,10,0
12/09/2020,"New River",Latino,290,6,0
12/09/2020,Richmond,Latino,1602,120,8
12/09/2020,Portsmouth,Latino,119,12,1
12/09/2020,Pittsylvania-Danville,"Not Reported",1090,20,3
12/09/2020,Chesapeake,"Not Reported",850,3,0
12/09/2020,Chickahominy,Latino,158,9,1
12/09/2020,Crater,Black,2969,247,77
12/09/2020,Chesterfield,Black,2232,166,38
12/09/2020,Chesterfield,"Other Race",277,16,0
12/09/2020,Peninsula,Black,1959,141,30
12/09/2020,Roanoke,White,1388,45,60
12/09/2020,"New River",Black,332,6,2
12/09/2020,Southside,Latino,17,1,0
12/09/2020,Peninsula,Latino,589,30,2
12/09/2020,Rappahannock,"Two or more races",100,4,0
12/09/2020,"Virginia Beach",Black,2612,185,33
12/09/2020,"Mount Rogers","Not Reported",759,22,6
12/09/2020,Loudoun,"Not Reported",2781,8,0
12/09/2020,Chesapeake,"Other Race",90,6,1
12/09/2020,Chickahominy,"Two or more races",23,2,0
12/09/2020,Crater,"Other Race",94,0,1
12/09/2020,Norfolk,"Two or more races",89,7,0
12/09/2020,"Eastern Shore","Two or more races",1,1,0
12/09/2020,"Central Shenandoah",White,6827,317,96
12/09/2020,"New River","Other Race",29,0,0
12/09/2020,"New River",White,4421,137,54
12/09/2020,"Central Shenandoah","Other Race",154,3,0
12/09/2020,"West Piedmont",Black,920,122,25
12/09/2020,Alleghany,Latino,263,13,1
12/09/2020,"Central Shenandoah","Not Reported",1923,15,3
12/09/2020,Roanoke,"Two or more races",33,2,0
12/09/2020,Peninsula,"Two or more races",103,4,1
12/09/2020,Richmond,"Not Reported",1156,2,1
12/09/2020,Arlington,"Other Race",210,16,4
12/09/2020,Norfolk,"Not Reported",1450,10,3
12/09/2020,Alexandria,"Other Race",159,12,2
12/09/2020,"Virginia Beach",White,4942,272,67
12/09/2020,Chesapeake,"Two or more races",86,3,0
12/09/2020,Alleghany,White,3560,141,83
12/09/2020,"Rappahannock Rapidan","Other Race",60,4,0
12/09/2020,Chickahominy,"Not Reported",811,3,1
12/09/2020,Portsmouth,Black,2046,271,50
12/09/2020,Chickahominy,"Other Race",48,3,0
12/09/2020,"Virginia Beach",Latino,889,37,5
12/09/2020,Chesapeake,White,2863,197,39
12/09/2020,Southside,Black,796,58,28
12/09/2020,Rappahannock,Latino,1889,125,11
12/09/2020,"Three Rivers","Two or more races",22,2,0
12/09/2020,Henrico,Black,2841,296,105
12/09/2020,Pittsylvania-Danville,Black,1247,133,24
12/09/2020,"Lord Fairfax","Two or more races",58,2,1
12/09/2020,"Prince William",Latino,9177,764,83
12/09/2020,"Mount Rogers","Other Race",33,2,2
12/09/2020,"Central Shenandoah",Black,468,21,8
12/09/2020,Peninsula,White,2207,122,56
12/09/2020,"Eastern Shore","Not Reported",78,0,0
12/09/2020,"Thomas Jefferson","Other Race",213,7,1
12/09/2020,Hampton,"Other Race",110,3,1
12/09/2020,"Lord Fairfax","Not Reported",910,6,7
12/09/2020,"Central Virginia","Other Race",65,0,0
12/09/2020,"Western Tidewater","Other Race",111,1,2
12/09/2020,Crater,Latino,302,11,5
12/09/2020,Chesapeake,Latino,517,37,2
12/09/2020,Chesterfield,White,3953,245,108
12/09/2020,"Western Tidewater","Not Reported",1277,5,3
12/09/2020,Fairfax,"Not Reported",4753,48,30
12/09/2020,Arlington,Black,611,102,36
12/09/2020,"Central Virginia",Latino,152,7,4
12/09/2020,Alexandria,"Not Reported",541,3,1
12/09/2020,"Three Rivers",Black,1007,77,19
12/09/2020,"Prince William","Two or more races",227,4,0
12/09/2020,Loudoun,"Two or more races",130,6,0
12/09/2020,Peninsula,"Other Race",287,5,1
12/09/2020,"Thomas Jefferson",White,3168,143,59
12/09/2020,Norfolk,"Other Race",143,5,2
12/09/2020,"Prince William","Not Reported",5735,28,2
12/09/2020,"West Piedmont",White,2737,244,82
12/09/2020,Rappahannock,Black,1422,121,20
12/09/2020,Norfolk,Black,3126,329,66
12/09/2020,Roanoke,Latino,613,34,2
12/09/2020,Piedmont,Latino,93,9,2
12/09/2020,Roanoke,"Not Reported",1351,3,1
12/09/2020,"Virginia Beach","Other Race",219,7,0
12/09/2020,Arlington,"Two or more races",81,4,0
12/09/2020,Alexandria,White,1323,81,44
12/09/2020,"Lord Fairfax","Other Race",157,7,1
12/09/2020,"Thomas Jefferson","Not Reported",466,3,0
12/09/2020,"Virginia Beach","Not Reported",3035,27,7
12/09/2020,Loudoun,Black,503,40,9
12/09/2020,Pittsylvania-Danville,Latino,130,5,0
12/09/2020,"Cumberland Plateau","Not Reported",474,9,2
12/09/2020,Chesterfield,"Not Reported",2027,7,12
12/09/2020,"Mount Rogers",White,6103,439,163
12/09/2020,Richmond,White,1578,61,26
12/09/2020,Lenowisco,"Not Reported",412,9,6
12/09/2020,"Three Rivers",Latino,225,6,1
12/09/2020,Piedmont,"Not Reported",1249,12,4
12/09/2020,"Mount Rogers",Latino,403,9,1
12/09/2020,"Central Shenandoah","Two or more races",90,1,1
12/09/2020,Crater,White,1592,84,34
12/09/2020,Arlington,White,2099,159,75
12/09/2020,Pittsylvania-Danville,"Other Race",6,0,0
12/09/2020,Chickahominy,Black,623,67,17
12/09/2020,Fairfax,Black,2790,292,66
12/09/2020,"Eastern Shore",Latino,297,12,3
12/09/2020,Norfolk,White,1624,94,26
12/09/2020,"Mount Rogers","Two or more races",44,1,0
12/09/2020,Alleghany,"Two or more races",41,1,2
12/09/2020,Southside,White,728,47,27
12/09/2020,"Thomas Jefferson","Two or more races",127,6,0
12/09/2020,"Prince William",Black,2455,214,61
12/09/2020,"Lord Fairfax",White,4751,346,126
12/09/2020,"Cumberland Plateau",Latino,30,0,0
12/09/2020,Arlington,"Not Reported",1217,11,1
12/09/2020,Rappahannock,"Other Race",301,6,0
12/09/2020,"Rappahannock Rapidan",Black,553,48,16
12/09/2020,"New River","Two or more races",117,6,7
12/09/2020,Arlington,Latino,2491,279,32
12/09/2020,Henrico,White,2860,207,134
12/09/2020,Loudoun,White,3090,166,107
12/09/2020,Hampton,White,656,26,8
12/09/2020,Alleghany,Black,357,13,9
12/09/2020,"Prince William",White,3458,224,104
12/09/2020,Rappahannock,White,3064,210,67
12/09/2020,Southside,"Other Race",20,1,1
12/09/2020,Portsmouth,"Two or more races",33,6,0
12/09/2020,"Western Tidewater",Black,2470,195,75
12/09/2020,Hampton,Latino,126,8,0
12/09/2020,Henrico,"Not Reported",1682,11,7
12/09/2020,"West Piedmont","Two or more races",26,0,0
12/09/2020,Peninsula,"Not Reported",1954,2,0
12/09/2020,Loudoun,Latino,3209,256,18
12/09/2020,Alexandria,Black,1169,121,19
12/09/2020,Piedmont,Black,969,97,27
12/09/2020,Roanoke,"Other Race",53,1,0
12/09/2020,Alexandria,"Two or more races",58,2,0
12/09/2020,"Western Tidewater",Latino,75,1,2
12/09/2020,Rappahannock,"Not Reported",2459,35,0
12/09/2020,"West Piedmont","Other Race",25,1,1
12/09/2020,Chickahominy,White,2204,157,57
12/09/2020,"Thomas Jefferson",Latino,962,39,3
12/09/2020,"Cumberland Plateau",Black,67,0,0
12/09/2020,"Lord Fairfax",Latino,1161,70,10
12/09/2020,"West Piedmont",Latino,403,17,1
12/09/2020,"Cumberland Plateau",White,2734,168,43
12/09/2020,"Eastern Shore","Other Race",16,1,0
12/09/2020,"Cumberland Plateau","Two or more races",3,0,0
12/09/2020,Pittsylvania-Danville,"Two or more races",13,0,0
12/09/2020,Piedmont,"Other Race",24,0,0
12/09/2020,Alexandria,Latino,2475,157,14
12/09/2020,Chesapeake,Black,2567,295,37
12/09/2020,Richmond,"Other Race",214,7,2
12/09/2020,Henrico,Latino,1173,66,13
12/09/2020,Piedmont,"Two or more races",62,2,1
12/09/2020,"Prince William","Other Race",1160,28,0
12/09/2020,"New River","Not Reported",1879,26,0
12/09/2020,"Rappahannock Rapidan",White,2236,104,28
12/09/2020,"Central Virginia","Not Reported",3154,33,9
12/09/2020,"Virginia Beach","Two or more races",160,8,3
12/09/2020,Pittsylvania-Danville,White,1394,109,53
12/09/2020,"Lord Fairfax",Black,297,32,8
12/09/2020,Fairfax,Latino,14238,1195,106
12/09/2020,Chesterfield,"Asian or Pacific Islander",206,8,1
12/09/2020,Crater,"Asian or Pacific Islander",46,0,0
12/09/2020,Fairfax,"Asian or Pacific Islander",3341,339,82
12/09/2020,Hampton,"Asian or Pacific Islander",29,0,0
12/09/2020,"Rappahannock Rapidan","Asian or Pacific Islander",28,2,1
12/09/2020,"Mount Rogers","Asian or Pacific Islander",15,2,0
12/09/2020,"New River","Asian or Pacific Islander",173,1,0
12/09/2020,"Central Virginia","Asian or Pacific Islander",54,1,0
12/09/2020,"Lord Fairfax","Asian or Pacific Islander",59,3,1
12/09/2020,Southside,"Asian or Pacific Islander",5,0,0
12/09/2020,Alleghany,"Asian or Pacific Islander",80,2,0
12/09/2020,Portsmouth,"Asian or Pacific Islander",26,1,0
12/09/2020,Roanoke,"Asian or Pacific Islander",85,4,0
12/09/2020,Richmond,"Asian or Pacific Islander",95,6,1
12/09/2020,"Thomas Jefferson","Asian or Pacific Islander",177,4,1
12/09/2020,"Virginia Beach","Asian or Pacific Islander",501,44,8
12/09/2020,Henrico,"Asian or Pacific Islander",428,13,4
12/09/2020,Piedmont,"Asian or Pacific Islander",15,0,1
12/09/2020,"Western Tidewater","Asian or Pacific Islander",25,2,3
12/09/2020,"West Piedmont","Asian or Pacific Islander",22,2,1
12/09/2020,Chickahominy,"Asian or Pacific Islander",27,3,0
12/09/2020,Peninsula,"Asian or Pacific Islander",108,8,6
12/09/2020,Norfolk,"Asian or Pacific Islander",107,10,0
12/09/2020,Arlington,"Asian or Pacific Islander",346,33,14
12/09/2020,Loudoun,"Asian or Pacific Islander",839,73,14
12/09/2020,Alexandria,"Asian or Pacific Islander",221,12,1
12/09/2020,Rappahannock,"Asian or Pacific Islander",183,12,3
12/09/2020,Chesapeake,"Asian or Pacific Islander",145,15,7
12/09/2020,"Cumberland Plateau and Lenowisco","Asian or Pacific Islander",9,0,0
12/09/2020,"Central Shenandoah","Asian or Pacific Islander",121,2,0
12/09/2020,"Prince William","Asian or Pacific Islander",1046,69,22
12/09/2020,Pittsylvania-Danville,"Asian or Pacific Islander",7,0,0
12/09/2020,"Eastern Shore and Three Rivers","Asian or Pacific Islander",18,1,0
12/09/2020,Piedmont,"Native American",7,0,0
12/09/2020,"New River","Native American",6,0,0
12/09/2020,"Central Shenandoah","Native American",7,1,0
12/09/2020,"Eastern Shore and Three Rivers","Native American",7,0,0
12/09/2020,Fairfax,"Native American",54,1,1
12/09/2020,Chesapeake,"Native American",17,0,0
12/09/2020,"Western Tidewater","Native American",5,0,0
12/09/2020,Portsmouth,"Native American",4,2,0
12/09/2020,Richmond,"Native American",6,0,0
12/09/2020,Chickahominy,"Native American",15,1,0
12/09/2020,"Thomas Jefferson","Native American",6,0,0
12/09/2020,Arlington,"Native American",7,0,0
12/09/2020,"Virginia Beach","Native American",18,0,0
12/09/2020,Peninsula,"Native American",9,2,1
12/09/2020,Hampton,"Native American",4,0,1
12/09/2020,"West Piedmont","Native American",4,0,0
12/09/2020,"Cumberland Plateau, Lenowisco, and Mount Rogers","Native American",18,0,0
12/09/2020,Henrico,"Native American",20,0,0
12/09/2020,Norfolk,"Native American",12,1,1
12/09/2020,"Prince William","Native American",38,1,1
12/09/2020,"Central Virginia","Native American",15,0,0
12/09/2020,Chesterfield,"Native American",12,1,0
12/09/2020,Rappahannock,"Native American",10,0,0
12/09/2020,Loudoun,"Native American",9,0,0
12/09/2020,Alexandria,"Native American",4,0,0
12/09/2020,"Alleghany and Roanoke","Native American",6,0,0
12/09/2020,Crater,"Native American",7,1,1
12/09/2020,"Rappahannock Rapidan","Native American",4,0,0
12/09/2020,"Lord Fairfax","Native American",6,1,1
12/09/2020,"Pittsylvania-Danville and Southside","Native American",6,1,0
12/10/2020,"Rappahannock Rapidan","Not Reported",1115,14,7
12/10/2020,Portsmouth,"Other Race",81,11,5
12/10/2020,"Western Tidewater","Two or more races",85,1,2
12/10/2020,Piedmont,White,1316,96,34
12/10/2020,Chesterfield,Latino,2620,137,12
12/10/2020,Lenowisco,White,2950,181,73
12/10/2020,Lenowisco,"Two or more races",36,3,3
12/10/2020,Hampton,"Not Reported",766,3,1
12/10/2020,Southside,"Not Reported",785,6,4
12/10/2020,Roanoke,Black,956,45,15
12/10/2020,Hampton,Black,1430,109,26
12/10/2020,Alleghany,"Other Race",66,2,0
12/10/2020,Lenowisco,Latino,63,0,0
12/10/2020,Loudoun,"Other Race",712,23,3
12/10/2020,"Central Shenandoah",Latino,1512,66,7
12/10/2020,"Rappahannock Rapidan",Latino,1119,71,8
12/10/2020,"Eastern Shore",Black,946,104,29
12/10/2020,Norfolk,Latino,558,35,0
12/10/2020,Hampton,"Two or more races",37,1,0
12/10/2020,Richmond,Black,2611,312,44
12/10/2020,Henrico,"Two or more races",140,10,2
12/10/2020,Fairfax,"Two or more races",326,12,0
12/10/2020,Alleghany,"Not Reported",1824,9,3
12/10/2020,Portsmouth,"Not Reported",530,8,2
12/10/2020,"Cumberland Plateau","Other Race",7,0,0
12/10/2020,Southside,"Two or more races",137,0,7
12/10/2020,Portsmouth,White,623,58,14
12/10/2020,"Rappahannock Rapidan","Two or more races",62,2,0
12/10/2020,Fairfax,White,8412,683,339
12/10/2020,Fairfax,"Other Race",1616,120,22
12/10/2020,Crater,"Two or more races",22,2,1
12/10/2020,"West Piedmont","Not Reported",1129,18,4
12/10/2020,Henrico,"Other Race",301,20,1
12/10/2020,"Three Rivers",White,1513,92,29
12/10/2020,"Central Virginia",Black,897,63,23
12/10/2020,Lenowisco,"Other Race",12,0,0
12/10/2020,"Three Rivers","Other Race",41,3,0
12/10/2020,"Western Tidewater",White,1732,102,80
12/10/2020,"Mount Rogers",Black,187,10,3
12/10/2020,"Three Rivers","Not Reported",361,3,1
12/10/2020,"Thomas Jefferson",Black,824,99,18
12/10/2020,"Eastern Shore",White,465,44,20
12/10/2020,"Central Virginia",White,3865,176,56
12/10/2020,Lenowisco,Black,91,3,3
12/10/2020,"Central Virginia","Two or more races",45,1,0
12/10/2020,Richmond,"Two or more races",86,5,1
12/10/2020,Crater,"Not Reported",1275,13,5
12/10/2020,Chesterfield,"Two or more races",101,10,0
12/10/2020,"New River",Latino,290,6,0
12/10/2020,Richmond,Latino,1605,121,8
12/10/2020,Portsmouth,Latino,120,12,1
12/10/2020,Pittsylvania-Danville,"Not Reported",1111,19,3
12/10/2020,Chesapeake,"Not Reported",864,3,0
12/10/2020,Chickahominy,Latino,159,9,1
12/10/2020,Crater,Black,2981,249,77
12/10/2020,Chesterfield,Black,2262,167,40
12/10/2020,Chesterfield,"Other Race",277,18,0
12/10/2020,Peninsula,Black,1979,142,31
12/10/2020,Roanoke,White,1417,46,61
12/10/2020,"New River",Black,335,6,2
12/10/2020,Southside,Latino,17,2,0
12/10/2020,Peninsula,Latino,593,30,2
12/10/2020,Rappahannock,"Two or more races",100,4,0
12/10/2020,"Virginia Beach",Black,2633,187,34
12/10/2020,"Mount Rogers","Not Reported",815,22,6
12/10/2020,Loudoun,"Not Reported",2848,8,0
12/10/2020,Chesapeake,"Other Race",89,6,1
12/10/2020,Chickahominy,"Two or more races",26,2,0
12/10/2020,Crater,"Other Race",95,0,1
12/10/2020,Norfolk,"Two or more races",89,8,1
12/10/2020,"Eastern Shore","Two or more races",1,1,0
12/10/2020,"Central Shenandoah",White,6990,322,99
12/10/2020,"New River","Other Race",29,0,0
12/10/2020,"New River",White,4469,137,59
12/10/2020,"Central Shenandoah","Other Race",159,3,0
12/10/2020,"West Piedmont",Black,929,123,26
12/10/2020,Alleghany,Latino,266,13,1
12/10/2020,"Central Shenandoah","Not Reported",2104,15,4
12/10/2020,Roanoke,"Two or more races",33,2,0
12/10/2020,Peninsula,"Two or more races",107,4,1
12/10/2020,Richmond,"Not Reported",1176,2,1
12/10/2020,Arlington,"Other Race",212,16,4
12/10/2020,Norfolk,"Not Reported",1460,11,3
12/10/2020,Alexandria,"Other Race",158,12,2
12/10/2020,"Virginia Beach",White,5016,274,67
12/10/2020,Chesapeake,"Two or more races",90,4,0
12/10/2020,Alleghany,White,3629,142,84
12/10/2020,"Rappahannock Rapidan","Other Race",61,4,0
12/10/2020,Chickahominy,"Not Reported",824,3,1
12/10/2020,Portsmouth,Black,2063,277,51
12/10/2020,Chickahominy,"Other Race",50,3,0
12/10/2020,"Virginia Beach",Latino,897,37,5
12/10/2020,Chesapeake,White,2907,198,40
12/10/2020,Southside,Black,804,58,28
12/10/2020,Rappahannock,Latino,1906,125,11
12/10/2020,"Three Rivers","Two or more races",25,2,0
12/10/2020,Henrico,Black,2881,300,105
12/10/2020,Pittsylvania-Danville,Black,1262,133,25
12/10/2020,"Lord Fairfax","Two or more races",59,2,1
12/10/2020,"Prince William",Latino,9265,764,85
12/10/2020,"Mount Rogers","Other Race",33,2,2
12/10/2020,"Central Shenandoah",Black,476,21,8
12/10/2020,Peninsula,White,2238,124,56
12/10/2020,"Eastern Shore","Not Reported",78,0,0
12/10/2020,"Thomas Jefferson","Other Race",218,7,1
12/10/2020,Hampton,"Other Race",111,3,1
12/10/2020,"Lord Fairfax","Not Reported",966,6,7
12/10/2020,"Central Virginia","Other Race",66,0,0
12/10/2020,"Western Tidewater","Other Race",113,1,2
12/10/2020,Crater,Latino,302,11,5
12/10/2020,Chesapeake,Latino,517,37,2
12/10/2020,Chesterfield,White,4006,247,110
12/10/2020,"Western Tidewater","Not Reported",1300,5,3
12/10/2020,Fairfax,"Not Reported",4792,49,31
12/10/2020,Arlington,Black,612,102,37
12/10/2020,"Central Virginia",Latino,156,7,4
12/10/2020,Alexandria,"Not Reported",521,3,1
12/10/2020,"Three Rivers",Black,1019,79,19
12/10/2020,"Prince William","Two or more races",235,4,0
12/10/2020,Loudoun,"Two or more races",129,6,0
12/10/2020,Peninsula,"Other Race",292,5,1
12/10/2020,"Thomas Jefferson",White,3206,143,60
12/10/2020,Norfolk,"Other Race",143,5,2
12/10/2020,"Prince William","Not Reported",5748,28,2
12/10/2020,"West Piedmont",White,2779,245,84
12/10/2020,Rappahannock,Black,1440,124,20
12/10/2020,Norfolk,Black,3148,336,66
12/10/2020,Roanoke,Latino,618,34,2
12/10/2020,Piedmont,Latino,93,9,2
12/10/2020,Roanoke,"Not Reported",1355,3,1
12/10/2020,"Virginia Beach","Other Race",221,7,0
12/10/2020,Arlington,"Two or more races",82,4,0
12/10/2020,Alexandria,White,1347,81,44
12/10/2020,"Lord Fairfax","Other Race",158,7,1
12/10/2020,"Thomas Jefferson","Not Reported",489,3,0
12/10/2020,"Virginia Beach","Not Reported",3102,27,7
12/10/2020,Loudoun,Black,510,40,9
12/10/2020,Pittsylvania-Danville,Latino,131,5,0
12/10/2020,"Cumberland Plateau","Not Reported",479,9,2
12/10/2020,Chesterfield,"Not Reported",2036,7,12
12/10/2020,"Mount Rogers",White,6225,446,163
12/10/2020,Richmond,White,1612,62,27
12/10/2020,Lenowisco,"Not Reported",423,9,6
12/10/2020,"Three Rivers",Latino,235,7,1
12/10/2020,Piedmont,"Not Reported",1254,13,4
12/10/2020,"Mount Rogers",Latino,406,9,1
12/10/2020,"Central Shenandoah","Two or more races",96,1,1
12/10/2020,Crater,White,1600,85,34
12/10/2020,Arlington,White,2107,160,75
12/10/2020,Pittsylvania-Danville,"Other Race",6,0,0
12/10/2020,Chickahominy,Black,630,67,18
12/10/2020,Fairfax,Black,2823,293,67
12/10/2020,"Eastern Shore",Latino,297,12,3
12/10/2020,Norfolk,White,1655,97,26
12/10/2020,"Mount Rogers","Two or more races",44,2,0
12/10/2020,Alleghany,"Two or more races",43,1,2
12/10/2020,Southside,White,731,49,28
12/10/2020,"Thomas Jefferson","Two or more races",130,6,1
12/10/2020,"Prince William",Black,2480,215,61
12/10/2020,"Lord Fairfax",White,4875,347,128
12/10/2020,"Cumberland Plateau",Latino,30,0,0
12/10/2020,Arlington,"Not Reported",1231,11,1
12/10/2020,Rappahannock,"Other Race",307,6,0
12/10/2020,"Rappahannock Rapidan",Black,569,48,16
12/10/2020,"New River","Two or more races",117,6,8
12/10/2020,Arlington,Latino,2495,279,32
12/10/2020,Henrico,White,2896,207,134
12/10/2020,Loudoun,White,3126,167,107
12/10/2020,Hampton,White,665,27,9
12/10/2020,Alleghany,Black,360,13,9
12/10/2020,"Prince William",White,3546,226,104
12/10/2020,Rappahannock,White,3105,211,67
12/10/2020,Southside,"Other Race",20,1,1
12/10/2020,Portsmouth,"Two or more races",33,6,0
12/10/2020,"Western Tidewater",Black,2494,200,75
12/10/2020,Hampton,Latino,129,8,0
12/10/2020,Henrico,"Not Reported",1745,11,7
12/10/2020,"West Piedmont","Two or more races",25,0,0
12/10/2020,Peninsula,"Not Reported",1965,2,0
12/10/2020,Loudoun,Latino,3234,256,18
12/10/2020,Alexandria,Black,1185,123,20
12/10/2020,Piedmont,Black,986,97,27
12/10/2020,Roanoke,"Other Race",55,1,0
12/10/2020,Alexandria,"Two or more races",66,2,0
12/10/2020,"Western Tidewater",Latino,75,1,2
12/10/2020,Rappahannock,"Not Reported",2511,35,0
12/10/2020,"West Piedmont","Other Race",25,1,1
12/10/2020,Chickahominy,White,2230,157,57
12/10/2020,"Thomas Jefferson",Latino,973,40,3
12/10/2020,"Cumberland Plateau",Black,71,0,0
12/10/2020,"Lord Fairfax",Latino,1174,71,10
12/10/2020,"West Piedmont",Latino,409,17,1
12/10/2020,"Cumberland Plateau",White,2813,172,43
12/10/2020,"Eastern Shore","Other Race",16,1,0
12/10/2020,"Cumberland Plateau","Two or more races",3,0,0
12/10/2020,Pittsylvania-Danville,"Two or more races",13,0,0
12/10/2020,Piedmont,"Other Race",23,0,0
12/10/2020,Alexandria,Latino,2505,157,14
12/10/2020,Chesapeake,Black,2597,298,37
12/10/2020,Richmond,"Other Race",214,7,2
12/10/2020,Henrico,Latino,1180,67,13
12/10/2020,Piedmont,"Two or more races",62,2,1
12/10/2020,"Prince William","Other Race",1171,29,0
12/10/2020,"New River","Not Reported",1917,27,0
12/10/2020,"Rappahannock Rapidan",White,2293,104,28
12/10/2020,"Central Virginia","Not Reported",3195,33,9
12/10/2020,"Virginia Beach","Two or more races",163,8,3
12/10/2020,Pittsylvania-Danville,White,1424,111,54
12/10/2020,"Lord Fairfax",Black,303,32,8
12/10/2020,Fairfax,Latino,14358,1196,106
12/10/2020,Chesterfield,"Asian or Pacific Islander",209,8,1
12/10/2020,Crater,"Asian or Pacific Islander",46,0,0
12/10/2020,Fairfax,"Asian or Pacific Islander",3414,341,82
12/10/2020,Hampton,"Asian or Pacific Islander",29,0,0
12/10/2020,"Rappahannock Rapidan","Asian or Pacific Islander",28,3,1
12/10/2020,"Mount Rogers","Asian or Pacific Islander",16,2,0
12/10/2020,"New River","Asian or Pacific Islander",174,1,0
12/10/2020,"Central Virginia","Asian or Pacific Islander",57,1,0
12/10/2020,"Lord Fairfax","Asian or Pacific Islander",60,3,1
12/10/2020,Southside,"Asian or Pacific Islander",5,0,0
12/10/2020,Alleghany,"Asian or Pacific Islander",83,3,0
12/10/2020,Portsmouth,"Asian or Pacific Islander",26,1,0
12/10/2020,Roanoke,"Asian or Pacific Islander",87,4,0
12/10/2020,Richmond,"Asian or Pacific Islander",96,6,1
12/10/2020,"Thomas Jefferson","Asian or Pacific Islander",178,4,1
12/10/2020,"Virginia Beach","Asian or Pacific Islander",505,44,8
12/10/2020,Henrico,"Asian or Pacific Islander",434,13,4
12/10/2020,Piedmont,"Asian or Pacific Islander",15,0,1
12/10/2020,"Western Tidewater","Asian or Pacific Islander",25,2,3
12/10/2020,"West Piedmont","Asian or Pacific Islander",23,2,1
12/10/2020,Chickahominy,"Asian or Pacific Islander",28,3,0
12/10/2020,Peninsula,"Asian or Pacific Islander",107,8,6
12/10/2020,Norfolk,"Asian or Pacific Islander",109,10,0
12/10/2020,Arlington,"Asian or Pacific Islander",351,35,15
12/10/2020,Loudoun,"Asian or Pacific Islander",852,75,14
12/10/2020,Alexandria,"Asian or Pacific Islander",225,12,1
12/10/2020,Rappahannock,"Asian or Pacific Islander",184,12,3
12/10/2020,Chesapeake,"Asian or Pacific Islander",146,14,7
12/10/2020,"Cumberland Plateau and Lenowisco","Asian or Pacific Islander",9,0,0
12/10/2020,"Central Shenandoah","Asian or Pacific Islander",123,2,0
12/10/2020,"Prince William","Asian or Pacific Islander",1058,69,22
12/10/2020,Pittsylvania-Danville,"Asian or Pacific Islander",7,0,0
12/10/2020,"Eastern Shore and Three Rivers","Asian or Pacific Islander",18,1,0
12/10/2020,Piedmont,"Native American",7,0,0
12/10/2020,"New River","Native American",6,0,0
12/10/2020,"Central Shenandoah","Native American",7,1,0
12/10/2020,"Eastern Shore and Three Rivers","Native American",8,0,0
12/10/2020,Fairfax,"Native American",55,1,1
12/10/2020,Chesapeake,"Native American",17,0,0
12/10/2020,"Western Tidewater","Native American",5,0,0
12/10/2020,Portsmouth,"Native American",4,2,0
12/10/2020,Richmond,"Native American",6,0,0
12/10/2020,Chickahominy,"Native American",15,1,0
12/10/2020,"Thomas Jefferson","Native American",7,0,0
12/10/2020,Arlington,"Native American",7,0,0
12/10/2020,"Virginia Beach","Native American",18,0,0
12/10/2020,Peninsula,"Native American",8,2,1
12/10/2020,Hampton,"Native American",4,0,1
12/10/2020,"West Piedmont","Native American",4,0,0
12/10/2020,"Cumberland Plateau, Lenowisco, and Mount Rogers","Native American",18,0,0
12/10/2020,Henrico,"Native American",20,0,0
12/10/2020,Norfolk,"Native American",14,1,1
12/10/2020,"Prince William","Native American",40,1,1
12/10/2020,"Central Virginia","Native American",15,0,0
12/10/2020,Chesterfield,"Native American",12,1,0
12/10/2020,Rappahannock,"Native American",10,0,0
12/10/2020,Loudoun,"Native American",9,0,0
12/10/2020,Alexandria,"Native American",5,0,0
12/10/2020,"Alleghany and Roanoke","Native American",7,0,0
12/10/2020,Crater,"Native American",7,1,1
12/10/2020,"Rappahannock Rapidan","Native American",5,0,0
12/10/2020,"Lord Fairfax","Native American",6,1,1
12/10/2020,"Pittsylvania-Danville and Southside","Native American",6,1,0
12/11/2020,"Rappahannock Rapidan","Not Reported",1142,14,7
12/11/2020,Portsmouth,"Other Race",84,11,5
12/11/2020,"Western Tidewater","Two or more races",85,1,2
12/11/2020,Piedmont,White,1332,96,34
12/11/2020,Chesterfield,Latino,2639,138,12
12/11/2020,Lenowisco,White,2978,184,74
12/11/2020,Lenowisco,"Two or more races",36,3,3
12/11/2020,Hampton,"Not Reported",766,3,1
12/11/2020,Southside,"Not Reported",788,6,4
12/11/2020,Roanoke,Black,958,45,15
12/11/2020,Hampton,Black,1458,113,26
12/11/2020,Alleghany,"Other Race",65,2,0
12/11/2020,Lenowisco,Latino,63,0,0
12/11/2020,Loudoun,"Other Race",717,23,3
12/11/2020,"Central Shenandoah",Latino,1518,67,7
12/11/2020,"Rappahannock Rapidan",Latino,1125,72,8
12/11/2020,"Eastern Shore",Black,952,104,29
12/11/2020,Norfolk,Latino,560,35,0
12/11/2020,Hampton,"Two or more races",41,1,0
12/11/2020,Richmond,Black,2651,314,46
12/11/2020,Henrico,"Two or more races",141,10,2
12/11/2020,Fairfax,"Two or more races",327,12,0
12/11/2020,Alleghany,"Not Reported",1843,9,3
12/11/2020,Portsmouth,"Not Reported",531,8,2
12/11/2020,"Cumberland Plateau","Other Race",7,0,0
12/11/2020,Southside,"Two or more races",137,0,7
12/11/2020,Portsmouth,White,634,59,14
12/11/2020,"Rappahannock Rapidan","Two or more races",61,2,0
12/11/2020,Fairfax,White,8531,688,339
12/11/2020,Fairfax,"Other Race",1616,121,22
12/11/2020,Crater,"Two or more races",22,2,1
12/11/2020,"West Piedmont","Not Reported",1155,18,4
12/11/2020,Henrico,"Other Race",299,20,1
12/11/2020,"Three Rivers",White,1528,95,29
12/11/2020,"Central Virginia",Black,919,66,25
12/11/2020,Lenowisco,"Other Race",12,0,0
12/11/2020,"Three Rivers","Other Race",41,3,0
12/11/2020,"Western Tidewater",White,1760,103,80
12/11/2020,"Mount Rogers",Black,188,10,3
12/11/2020,"Three Rivers","Not Reported",379,3,1
12/11/2020,"Thomas Jefferson",Black,831,101,18
12/11/2020,"Eastern Shore",White,479,45,20
12/11/2020,"Central Virginia",White,3964,177,56
12/11/2020,Lenowisco,Black,91,3,3
12/11/2020,"Central Virginia","Two or more races",46,1,0
12/11/2020,Richmond,"Two or more races",86,5,1
12/11/2020,Crater,"Not Reported",1266,13,5
12/11/2020,Chesterfield,"Two or more races",100,10,0
12/11/2020,"New River",Latino,294,6,0
12/11/2020,Richmond,Latino,1608,121,8
12/11/2020,Portsmouth,Latino,121,12,1
12/11/2020,Pittsylvania-Danville,"Not Reported",1145,19,3
12/11/2020,Chesapeake,"Not Reported",897,3,0
12/11/2020,Chickahominy,Latino,163,9,1
12/11/2020,Crater,Black,2986,249,77
12/11/2020,Chesterfield,Black,2315,169,42
12/11/2020,Chesterfield,"Other Race",277,19,0
12/11/2020,Peninsula,Black,1988,142,32
12/11/2020,Roanoke,White,1431,46,61
12/11/2020,"New River",Black,339,6,2
12/11/2020,Southside,Latino,17,2,0
12/11/2020,Peninsula,Latino,597,30,2
12/11/2020,Rappahannock,"Two or more races",102,4,0
12/11/2020,"Virginia Beach",Black,2656,190,35
12/11/2020,"Mount Rogers","Not Reported",828,22,6
12/11/2020,Loudoun,"Not Reported",2899,8,0
12/11/2020,Chesapeake,"Other Race",91,6,1
12/11/2020,Chickahominy,"Two or more races",27,2,0
12/11/2020,Crater,"Other Race",95,0,1
12/11/2020,Norfolk,"Two or more races",88,8,1
12/11/2020,"Eastern Shore","Two or more races",1,1,0
12/11/2020,"Central Shenandoah",White,7111,328,104
12/11/2020,"New River","Other Race",32,0,0
12/11/2020,"New River",White,4574,146,62
12/11/2020,"Central Shenandoah","Other Race",161,4,0
12/11/2020,"West Piedmont",Black,935,123,26
12/11/2020,Alleghany,Latino,270,14,1
12/11/2020,"Central Shenandoah","Not Reported",2143,15,4
12/11/2020,Roanoke,"Two or more races",33,2,0
12/11/2020,Peninsula,"Two or more races",111,4,1
12/11/2020,Richmond,"Not Reported",1176,2,1
12/11/2020,Arlington,"Other Race",219,16,4
12/11/2020,Norfolk,"Not Reported",1487,11,3
12/11/2020,Alexandria,"Other Race",163,12,2
12/11/2020,"Virginia Beach",White,5086,284,67
12/11/2020,Chesapeake,"Two or more races",89,4,0
12/11/2020,Alleghany,White,3694,144,84
12/11/2020,"Rappahannock Rapidan","Other Race",64,4,0
12/11/2020,Chickahominy,"Not Reported",831,3,1
12/11/2020,Portsmouth,Black,2076,278,51
12/11/2020,Chickahominy,"Other Race",51,3,0
12/11/2020,"Virginia Beach",Latino,899,37,5
12/11/2020,Chesapeake,White,2926,201,40
12/11/2020,Southside,Black,810,58,28
12/11/2020,Rappahannock,Latino,1921,125,11
12/11/2020,"Three Rivers","Two or more races",25,2,0
12/11/2020,Henrico,Black,2913,300,106
12/11/2020,Pittsylvania-Danville,Black,1276,135,25
12/11/2020,"Lord Fairfax","Two or more races",60,3,1
12/11/2020,"Prince William",Latino,9343,764,85
12/11/2020,"Mount Rogers","Other Race",33,2,2
12/11/2020,"Central Shenandoah",Black,481,22,10
12/11/2020,Peninsula,White,2261,125,57
12/11/2020,"Eastern Shore","Not Reported",77,0,0
12/11/2020,"Thomas Jefferson","Other Race",217,7,1
12/11/2020,Hampton,"Other Race",112,3,1
12/11/2020,"Lord Fairfax","Not Reported",983,6,7
12/11/2020,"Central Virginia","Other Race",68,0,0
12/11/2020,"Western Tidewater","Other Race",113,1,2
12/11/2020,Crater,Latino,303,11,5
12/11/2020,Chesapeake,Latino,517,37,2
12/11/2020,Chesterfield,White,4070,251,111
12/11/2020,"Western Tidewater","Not Reported",1310,5,3
12/11/2020,Fairfax,"Not Reported",4819,50,31
12/11/2020,Arlington,Black,621,102,37
12/11/2020,"Central Virginia",Latino,158,7,4
12/11/2020,Alexandria,"Not Reported",548,3,1
12/11/2020,"Three Rivers",Black,1042,80,19
12/11/2020,"Prince William","Two or more races",235,4,0
12/11/2020,Loudoun,"Two or more races",131,6,0
12/11/2020,Peninsula,"Other Race",293,5,1
12/11/2020,"Thomas Jefferson",White,3222,145,60
12/11/2020,Norfolk,"Other Race",145,5,2
12/11/2020,"Prince William","Not Reported",5866,28,2
12/11/2020,"West Piedmont",White,2810,247,84
12/11/2020,Rappahannock,Black,1454,126,20
12/11/2020,Norfolk,Black,3166,334,66
12/11/2020,Roanoke,Latino,626,34,2
12/11/2020,Piedmont,Latino,93,9,2
12/11/2020,Roanoke,"Not Reported",1364,3,1
12/11/2020,"Virginia Beach","Other Race",224,8,0
12/11/2020,Arlington,"Two or more races",84,5,0
12/11/2020,Alexandria,White,1355,81,44
12/11/2020,"Lord Fairfax","Other Race",164,7,1
12/11/2020,"Thomas Jefferson","Not Reported",505,3,0
12/11/2020,"Virginia Beach","Not Reported",3145,28,7
12/11/2020,Loudoun,Black,518,40,9
12/11/2020,Pittsylvania-Danville,Latino,131,5,0
12/11/2020,"Cumberland Plateau","Not Reported",491,9,2
12/11/2020,Chesterfield,"Not Reported",2067,7,12
12/11/2020,"Mount Rogers",White,6329,448,166
12/11/2020,Richmond,White,1642,62,27
12/11/2020,Lenowisco,"Not Reported",435,9,6
12/11/2020,"Three Rivers",Latino,236,7,1
12/11/2020,Piedmont,"Not Reported",1266,13,4
12/11/2020,"Mount Rogers",Latino,407,9,1
12/11/2020,"Central Shenandoah","Two or more races",98,1,1
12/11/2020,Crater,White,1610,86,34
12/11/2020,Arlington,White,2139,160,75
12/11/2020,Pittsylvania-Danville,"Other Race",6,0,0
12/11/2020,Chickahominy,Black,640,67,18
12/11/2020,Fairfax,Black,2848,295,67
12/11/2020,"Eastern Shore",Latino,300,12,3
12/11/2020,Norfolk,White,1681,98,26
12/11/2020,"Mount Rogers","Two or more races",47,2,0
12/11/2020,Alleghany,"Two or more races",43,1,2
12/11/2020,Southside,White,742,49,29
12/11/2020,"Thomas Jefferson","Two or more races",129,6,1
12/11/2020,"Prince William",Black,2505,216,61
12/11/2020,"Lord Fairfax",White,4951,351,130
12/11/2020,"Cumberland Plateau",Latino,31,0,0
12/11/2020,Arlington,"Not Reported",1269,11,1
12/11/2020,Rappahannock,"Other Race",317,6,0
12/11/2020,"Rappahannock Rapidan",Black,572,48,16
12/11/2020,"New River","Two or more races",121,6,8
12/11/2020,Arlington,Latino,2511,281,32
12/11/2020,Henrico,White,2935,213,135
12/11/2020,Loudoun,White,3160,170,107
12/11/2020,Hampton,White,687,28,9
12/11/2020,Alleghany,Black,364,14,9
12/11/2020,"Prince William",White,3587,227,104
12/11/2020,Rappahannock,White,3147,211,67
12/11/2020,Southside,"Other Race",20,1,1
12/11/2020,Portsmouth,"Two or more races",33,6,0
12/11/2020,"Western Tidewater",Black,2536,203,75
12/11/2020,Hampton,Latino,133,8,0
12/11/2020,Henrico,"Not Reported",1780,10,7
12/11/2020,"West Piedmont","Two or more races",26,0,0
12/11/2020,Peninsula,"Not Reported",1986,2,1
12/11/2020,Loudoun,Latino,3252,258,18
12/11/2020,Alexandria,Black,1197,123,20
12/11/2020,Piedmont,Black,997,97,27
12/11/2020,Roanoke,"Other Race",56,1,0
12/11/2020,Alexandria,"Two or more races",65,2,0
12/11/2020,"Western Tidewater",Latino,75,1,2
12/11/2020,Rappahannock,"Not Reported",2553,35,0
12/11/2020,"West Piedmont","Other Race",27,1,1
12/11/2020,Chickahominy,White,2257,159,57
12/11/2020,"Thomas Jefferson",Latino,980,40,3
12/11/2020,"Cumberland Plateau",Black,73,0,0
12/11/2020,"Lord Fairfax",Latino,1179,72,10
12/11/2020,"West Piedmont",Latino,412,18,1
12/11/2020,"Cumberland Plateau",White,2886,174,43
12/11/2020,"Eastern Shore","Other Race",15,1,0
12/11/2020,"Cumberland Plateau","Two or more races",3,0,0
12/11/2020,Pittsylvania-Danville,"Two or more races",13,0,0
12/11/2020,Piedmont,"Other Race",23,0,0
12/11/2020,Alexandria,Latino,2528,157,14
12/11/2020,Chesapeake,Black,2605,299,38
12/11/2020,Richmond,"Other Race",217,7,2
12/11/2020,Henrico,Latino,1188,67,13
12/11/2020,Piedmont,"Two or more races",62,2,1
12/11/2020,"Prince William","Other Race",1180,29,0
12/11/2020,"New River","Not Reported",1934,29,0
12/11/2020,"Rappahannock Rapidan",White,2345,104,28
12/11/2020,"Central Virginia","Not Reported",3256,33,9
12/11/2020,"Virginia Beach","Two or more races",164,8,3
12/11/2020,Pittsylvania-Danville,White,1455,113,56
12/11/2020,"Lord Fairfax",Black,305,32,8
12/11/2020,Fairfax,Latino,14456,1202,106
12/11/2020,Chesterfield,"Asian or Pacific Islander",210,9,1
12/11/2020,Crater,"Asian or Pacific Islander",46,0,0
12/11/2020,Fairfax,"Asian or Pacific Islander",3464,344,83
12/11/2020,Hampton,"Asian or Pacific Islander",30,0,0
12/11/2020,"Rappahannock Rapidan","Asian or Pacific Islander",29,3,1
12/11/2020,"Mount Rogers","Asian or Pacific Islander",16,2,0
12/11/2020,"New River","Asian or Pacific Islander",174,1,0
12/11/2020,"Central Virginia","Asian or Pacific Islander",59,1,0
12/11/2020,"Lord Fairfax","Asian or Pacific Islander",61,3,1
12/11/2020,Southside,"Asian or Pacific Islander",5,0,0
12/11/2020,Alleghany,"Asian or Pacific Islander",84,3,0
12/11/2020,Portsmouth,"Asian or Pacific Islander",26,1,0
12/11/2020,Roanoke,"Asian or Pacific Islander",88,4,0
12/11/2020,Richmond,"Asian or Pacific Islander",98,6,1
12/11/2020,"Thomas Jefferson","Asian or Pacific Islander",178,4,1
12/11/2020,"Virginia Beach","Asian or Pacific Islander",510,44,8
12/11/2020,Henrico,"Asian or Pacific Islander",443,13,4
12/11/2020,Piedmont,"Asian or Pacific Islander",15,0,1
12/11/2020,"Western Tidewater","Asian or Pacific Islander",25,2,3
12/11/2020,"West Piedmont","Asian or Pacific Islander",23,2,1
12/11/2020,Chickahominy,"Asian or Pacific Islander",28,3,0
12/11/2020,Peninsula,"Asian or Pacific Islander",106,8,6
12/11/2020,Norfolk,"Asian or Pacific Islander",109,10,0
12/11/2020,Arlington,"Asian or Pacific Islander",356,36,15
12/11/2020,Loudoun,"Asian or Pacific Islander",859,75,14
12/11/2020,Alexandria,"Asian or Pacific Islander",228,12,1
12/11/2020,Rappahannock,"Asian or Pacific Islander",185,12,3
12/11/2020,Chesapeake,"Asian or Pacific Islander",147,14,7
12/11/2020,"Cumberland Plateau and Lenowisco","Asian or Pacific Islander",9,0,0
12/11/2020,"Central Shenandoah","Asian or Pacific Islander",123,2,0
12/11/2020,"Prince William","Asian or Pacific Islander",1077,72,23
12/11/2020,Pittsylvania-Danville,"Asian or Pacific Islander",7,0,0
12/11/2020,"Eastern Shore and Three Rivers","Asian or Pacific Islander",18,1,0
12/11/2020,Piedmont,"Native American",7,0,0
12/11/2020,"New River","Native American",6,0,0
12/11/2020,"Central Shenandoah","Native American",7,1,0
12/11/2020,"Eastern Shore and Three Rivers","Native American",8,0,0
12/11/2020,Fairfax,"Native American",58,1,1
12/11/2020,Chesapeake,"Native American",17,0,0
12/11/2020,"Western Tidewater","Native American",5,0,0
12/11/2020,Portsmouth,"Native American",4,2,0
12/11/2020,Richmond,"Native American",6,0,0
12/11/2020,Chickahominy,"Native American",15,1,0
12/11/2020,"Thomas Jefferson","Native American",7,0,0
12/11/2020,Arlington,"Native American",7,0,0
12/11/2020,"Virginia Beach","Native American",18,0,0
12/11/2020,Peninsula,"Native American",8,2,1
12/11/2020,Hampton,"Native American",4,0,1
12/11/2020,"West Piedmont","Native American",4,0,0
12/11/2020,"Cumberland Plateau, Lenowisco, and Mount Rogers","Native American",18,0,0
12/11/2020,Henrico,"Native American",21,0,0
12/11/2020,Norfolk,"Native American",14,1,1
12/11/2020,"Prince William","Native American",40,1,1
12/11/2020,"Central Virginia","Native American",15,0,0
12/11/2020,Chesterfield,"Native American",12,1,0
12/11/2020,Rappahannock,"Native American",10,0,0
12/11/2020,Loudoun,"Native American",9,0,0
12/11/2020,Alexandria,"Native American",5,0,0
12/11/2020,"Alleghany and Roanoke","Native American",7,0,0
12/11/2020,Crater,"Native American",7,1,1
12/11/2020,"Rappahannock Rapidan","Native American",6,0,0
12/11/2020,"Lord Fairfax","Native American",6,1,1
12/11/2020,"Pittsylvania-Danville and Southside","Native American",6,1,0
12/12/2020,"Rappahannock Rapidan","Not Reported",1165,16,7
12/12/2020,Portsmouth,"Other Race",86,12,5
12/12/2020,"Western Tidewater","Two or more races",85,1,2
12/12/2020,Piedmont,White,1342,98,34
12/12/2020,Chesterfield,Latino,2650,138,12
12/12/2020,Lenowisco,White,3044,188,76
12/12/2020,Lenowisco,"Two or more races",37,3,3
12/12/2020,Hampton,"Not Reported",773,3,1
12/12/2020,Southside,"Not Reported",792,6,4
12/12/2020,Roanoke,Black,969,45,15
12/12/2020,Hampton,Black,1489,113,26
12/12/2020,Alleghany,"Other Race",67,2,0
12/12/2020,Lenowisco,Latino,64,0,0
12/12/2020,Loudoun,"Other Race",754,23,3
12/12/2020,"Central Shenandoah",Latino,1536,67,7
12/12/2020,"Rappahannock Rapidan",Latino,1126,72,8
12/12/2020,"Eastern Shore",Black,959,104,29
12/12/2020,Norfolk,Latino,560,35,0
12/12/2020,Hampton,"Two or more races",46,1,0
12/12/2020,Richmond,Black,2691,316,46
12/12/2020,Henrico,"Two or more races",143,10,2
12/12/2020,Fairfax,"Two or more races",331,12,0
12/12/2020,Alleghany,"Not Reported",1878,8,3
12/12/2020,Portsmouth,"Not Reported",536,8,2
12/12/2020,"Cumberland Plateau","Other Race",7,0,0
12/12/2020,Southside,"Two or more races",136,0,7
12/12/2020,Portsmouth,White,642,59,14
12/12/2020,"Rappahannock Rapidan","Two or more races",61,2,0
12/12/2020,Fairfax,White,8629,690,343
12/12/2020,Fairfax,"Other Race",1635,122,22
12/12/2020,Crater,"Two or more races",23,2,1
12/12/2020,"West Piedmont","Not Reported",1167,18,4
12/12/2020,Henrico,"Other Race",303,20,1
12/12/2020,"Three Rivers",White,1614,97,29
12/12/2020,"Central Virginia",Black,947,67,26
12/12/2020,Lenowisco,"Other Race",12,0,0
12/12/2020,"Three Rivers","Other Race",41,3,0
12/12/2020,"Western Tidewater",White,1776,104,80
12/12/2020,"Mount Rogers",Black,192,10,3
12/12/2020,"Three Rivers","Not Reported",393,3,1
12/12/2020,"Thomas Jefferson",Black,843,103,18
12/12/2020,"Eastern Shore",White,491,46,20
12/12/2020,"Central Virginia",White,4043,178,57
12/12/2020,Lenowisco,Black,91,3,3
12/12/2020,"Central Virginia","Two or more races",46,1,0
12/12/2020,Richmond,"Two or more races",88,5,1
12/12/2020,Crater,"Not Reported",1273,13,5
12/12/2020,Chesterfield,"Two or more races",101,10,0
12/12/2020,"New River",Latino,294,6,0
12/12/2020,Richmond,Latino,1613,121,8
12/12/2020,Portsmouth,Latino,121,12,1
12/12/2020,Pittsylvania-Danville,"Not Reported",1159,19,3
12/12/2020,Chesapeake,"Not Reported",909,3,0
12/12/2020,Chickahominy,Latino,167,9,1
12/12/2020,Crater,Black,3001,249,77
12/12/2020,Chesterfield,Black,2339,171,43
12/12/2020,Chesterfield,"Other Race",284,19,0
12/12/2020,Peninsula,Black,2032,142,33
12/12/2020,Roanoke,White,1464,47,63
12/12/2020,"New River",Black,344,6,2
12/12/2020,Southside,Latino,17,2,0
12/12/2020,Peninsula,Latino,598,30,2
12/12/2020,Rappahannock,"Two or more races",102,4,0
12/12/2020,"Virginia Beach",Black,2690,191,35
12/12/2020,"Mount Rogers","Not Reported",870,24,6
12/12/2020,Loudoun,"Not Reported",2941,8,0
12/12/2020,Chesapeake,"Other Race",92,6,1
12/12/2020,Chickahominy,"Two or more races",27,2,0
12/12/2020,Crater,"Other Race",96,0,1
12/12/2020,Norfolk,"Two or more races",89,8,1
12/12/2020,"Eastern Shore","Two or more races",1,1,0
12/12/2020,"Central Shenandoah",White,7236,330,106
12/12/2020,"New River","Other Race",32,0,0
12/12/2020,"New River",White,4656,148,63
12/12/2020,"Central Shenandoah","Other Race",162,4,0
12/12/2020,"West Piedmont",Black,953,125,26
12/12/2020,Alleghany,Latino,272,14,1
12/12/2020,"Central Shenandoah","Not Reported",2272,16,4
12/12/2020,Roanoke,"Two or more races",33,2,0
12/12/2020,Peninsula,"Two or more races",115,4,1
12/12/2020,Richmond,"Not Reported",1194,2,1
12/12/2020,Arlington,"Other Race",222,16,4
12/12/2020,Norfolk,"Not Reported",1508,11,3
12/12/2020,Alexandria,"Other Race",163,12,2
12/12/2020,"Virginia Beach",White,5165,288,67
12/12/2020,Chesapeake,"Two or more races",91,4,0
12/12/2020,Alleghany,White,3792,147,86
12/12/2020,"Rappahannock Rapidan","Other Race",66,4,0
12/12/2020,Chickahominy,"Not Reported",846,3,1
12/12/2020,Portsmouth,Black,2098,279,51
12/12/2020,Chickahominy,"Other Race",51,3,0
12/12/2020,"Virginia Beach",Latino,910,37,5
12/12/2020,Chesapeake,White,2954,202,40
12/12/2020,Southside,Black,822,58,28
12/12/2020,Rappahannock,Latino,1936,125,11
12/12/2020,"Three Rivers","Two or more races",26,2,0
12/12/2020,Henrico,Black,2954,300,106
12/12/2020,Pittsylvania-Danville,Black,1288,135,25
12/12/2020,"Lord Fairfax","Two or more races",62,3,1
12/12/2020,"Prince William",Latino,9476,765,86
12/12/2020,"Mount Rogers","Other Race",32,2,2
12/12/2020,"Central Shenandoah",Black,492,22,10
12/12/2020,Peninsula,White,2312,126,59
12/12/2020,"Eastern Shore","Not Reported",80,0,0
12/12/2020,"Thomas Jefferson","Other Race",222,7,1
12/12/2020,Hampton,"Other Race",116,3,1
12/12/2020,"Lord Fairfax","Not Reported",1010,6,7
12/12/2020,"Central Virginia","Other Race",73,0,0
12/12/2020,"Western Tidewater","Other Race",117,1,2
12/12/2020,Crater,Latino,303,11,5
12/12/2020,Chesapeake,Latino,523,37,2
12/12/2020,Chesterfield,White,4122,254,112
12/12/2020,"Western Tidewater","Not Reported",1323,5,3
12/12/2020,Fairfax,"Not Reported",4906,51,32
12/12/2020,Arlington,Black,626,102,37
12/12/2020,"Central Virginia",Latino,162,7,4
12/12/2020,Alexandria,"Not Reported",555,3,1
12/12/2020,"Three Rivers",Black,1080,82,19
12/12/2020,"Prince William","Two or more races",251,4,0
12/12/2020,Loudoun,"Two or more races",135,6,0
12/12/2020,Peninsula,"Other Race",298,5,1
12/12/2020,"Thomas Jefferson",White,3281,146,60
12/12/2020,Norfolk,"Other Race",147,5,2
12/12/2020,"Prince William","Not Reported",5944,27,2
12/12/2020,"West Piedmont",White,2864,247,87
12/12/2020,Rappahannock,Black,1476,127,20
12/12/2020,Norfolk,Black,3190,336,66
12/12/2020,Roanoke,Latino,629,34,2
12/12/2020,Piedmont,Latino,93,9,2
12/12/2020,Roanoke,"Not Reported",1375,3,1
12/12/2020,"Virginia Beach","Other Race",227,8,0
12/12/2020,Arlington,"Two or more races",84,5,0
12/12/2020,Alexandria,White,1374,82,44
12/12/2020,"Lord Fairfax","Other Race",171,7,1
12/12/2020,"Thomas Jefferson","Not Reported",531,3,0
12/12/2020,"Virginia Beach","Not Reported",3171,28,7
12/12/2020,Loudoun,Black,520,40,9
12/12/2020,Pittsylvania-Danville,Latino,131,5,0
12/12/2020,"Cumberland Plateau","Not Reported",511,9,2
12/12/2020,Chesterfield,"Not Reported",2077,7,12
12/12/2020,"Mount Rogers",White,6474,454,167
12/12/2020,Richmond,White,1663,63,27
12/12/2020,Lenowisco,"Not Reported",449,10,6
12/12/2020,"Three Rivers",Latino,239,7,1
12/12/2020,Piedmont,"Not Reported",1265,13,4
12/12/2020,"Mount Rogers",Latino,408,9,1
12/12/2020,"Central Shenandoah","Two or more races",99,1,1
12/12/2020,Crater,White,1623,87,34
12/12/2020,Arlington,White,2159,161,75
12/12/2020,Pittsylvania-Danville,"Other Race",6,0,0
12/12/2020,Chickahominy,Black,647,67,19
12/12/2020,Fairfax,Black,2876,295,67
12/12/2020,"Eastern Shore",Latino,302,12,3
12/12/2020,Norfolk,White,1711,103,26
12/12/2020,"Mount Rogers","Two or more races",45,2,0
12/12/2020,Alleghany,"Two or more races",43,1,2
12/12/2020,Southside,White,750,50,29
12/12/2020,"Thomas Jefferson","Two or more races",130,6,1
12/12/2020,"Prince William",Black,2549,218,61
12/12/2020,"Lord Fairfax",White,5059,353,134
12/12/2020,"Cumberland Plateau",Latino,32,0,0
12/12/2020,Arlington,"Not Reported",1284,11,1
12/12/2020,Rappahannock,"Other Race",324,6,0
12/12/2020,"Rappahannock Rapidan",Black,576,48,16
12/12/2020,"New River","Two or more races",121,6,8
12/12/2020,Arlington,Latino,2520,281,32
12/12/2020,Henrico,White,2987,214,136
12/12/2020,Loudoun,White,3210,172,107
12/12/2020,Hampton,White,705,28,9
12/12/2020,Alleghany,Black,367,14,9
12/12/2020,"Prince William",White,3676,227,105
12/12/2020,Rappahannock,White,3201,213,67
12/12/2020,Southside,"Other Race",20,1,1
12/12/2020,Portsmouth,"Two or more races",33,6,0
12/12/2020,"Western Tidewater",Black,2560,207,75
12/12/2020,Hampton,Latino,135,9,0
12/12/2020,Henrico,"Not Reported",1822,10,7
12/12/2020,"West Piedmont","Two or more races",26,0,0
12/12/2020,Peninsula,"Not Reported",1998,2,0
12/12/2020,Loudoun,Latino,3269,259,18
12/12/2020,Alexandria,Black,1212,124,20
12/12/2020,Piedmont,Black,1004,97,27
12/12/2020,Roanoke,"Other Race",59,1,0
12/12/2020,Alexandria,"Two or more races",66,2,0
12/12/2020,"Western Tidewater",Latino,76,1,2
12/12/2020,Rappahannock,"Not Reported",2621,35,0
12/12/2020,"West Piedmont","Other Race",27,1,1
12/12/2020,Chickahominy,White,2295,159,58
12/12/2020,"Thomas Jefferson",Latino,993,40,3
12/12/2020,"Cumberland Plateau",Black,92,0,0
12/12/2020,"Lord Fairfax",Latino,1190,72,10
12/12/2020,"West Piedmont",Latino,416,18,1
12/12/2020,"Cumberland Plateau",White,2977,179,43
12/12/2020,"Eastern Shore","Other Race",16,1,0
12/12/2020,"Cumberland Plateau","Two or more races",4,0,0
12/12/2020,Pittsylvania-Danville,"Two or more races",13,0,0
12/12/2020,Piedmont,"Other Race",23,0,0
12/12/2020,Alexandria,Latino,2555,160,14
12/12/2020,Chesapeake,Black,2614,300,38
12/12/2020,Richmond,"Other Race",218,7,2
12/12/2020,Henrico,Latino,1195,67,13
12/12/2020,Piedmont,"Two or more races",62,2,1
12/12/2020,"Prince William","Other Race",1217,29,0
12/12/2020,"New River","Not Reported",1953,29,0
12/12/2020,"Rappahannock Rapidan",White,2358,105,30
12/12/2020,"Central Virginia","Not Reported",3368,33,9
12/12/2020,"Virginia Beach","Two or more races",167,8,3
12/12/2020,Pittsylvania-Danville,White,1474,113,56
12/12/2020,"Lord Fairfax",Black,307,32,9
12/12/2020,Fairfax,Latino,14546,1205,107
12/12/2020,Chesterfield,"Asian or Pacific Islander",212,9,1
12/12/2020,Crater,"Asian or Pacific Islander",46,0,0
12/12/2020,Fairfax,"Asian or Pacific Islander",3511,346,85
12/12/2020,Hampton,"Asian or Pacific Islander",30,0,0
12/12/2020,"Rappahannock Rapidan","Asian or Pacific Islander",29,3,1
12/12/2020,"Mount Rogers","Asian or Pacific Islander",16,2,0
12/12/2020,"New River","Asian or Pacific Islander",174,1,0
12/12/2020,"Central Virginia","Asian or Pacific Islander",61,2,0
12/12/2020,"Lord Fairfax","Asian or Pacific Islander",62,3,1
12/12/2020,Southside,"Asian or Pacific Islander",5,0,0
12/12/2020,Alleghany,"Asian or Pacific Islander",84,3,0
12/12/2020,Portsmouth,"Asian or Pacific Islander",26,1,0
12/12/2020,Roanoke,"Asian or Pacific Islander",88,4,0
12/12/2020,Richmond,"Asian or Pacific Islander",101,6,1
12/12/2020,"Thomas Jefferson","Asian or Pacific Islander",180,4,1
12/12/2020,"Virginia Beach","Asian or Pacific Islander",517,44,8
12/12/2020,Henrico,"Asian or Pacific Islander",449,13,4
12/12/2020,Piedmont,"Asian or Pacific Islander",15,0,1
12/12/2020,"Western Tidewater","Asian or Pacific Islander",26,2,3
12/12/2020,"West Piedmont","Asian or Pacific Islander",23,2,1
12/12/2020,Chickahominy,"Asian or Pacific Islander",28,3,0
12/12/2020,Peninsula,"Asian or Pacific Islander",108,8,6
12/12/2020,Norfolk,"Asian or Pacific Islander",112,10,0
12/12/2020,Arlington,"Asian or Pacific Islander",361,36,15
12/12/2020,Loudoun,"Asian or Pacific Islander",870,75,14
12/12/2020,Alexandria,"Asian or Pacific Islander",235,12,1
12/12/2020,Rappahannock,"Asian or Pacific Islander",186,12,3
12/12/2020,Chesapeake,"Asian or Pacific Islander",148,14,7
12/12/2020,"Cumberland Plateau and Lenowisco","Asian or Pacific Islander",9,0,0
12/12/2020,"Central Shenandoah","Asian or Pacific Islander",124,2,0
12/12/2020,"Prince William","Asian or Pacific Islander",1098,72,23
12/12/2020,Pittsylvania-Danville,"Asian or Pacific Islander",7,0,0
12/12/2020,"Eastern Shore and Three Rivers","Asian or Pacific Islander",19,1,0
12/12/2020,Piedmont,"Native American",7,0,0
12/12/2020,"New River","Native American",6,0,0
12/12/2020,"Central Shenandoah","Native American",7,1,0
12/12/2020,"Eastern Shore and Three Rivers","Native American",8,0,0
12/12/2020,Fairfax,"Native American",57,1,1
12/12/2020,Chesapeake,"Native American",17,0,0
12/12/2020,"Western Tidewater","Native American",5,0,0
12/12/2020,Portsmouth,"Native American",4,2,0
12/12/2020,Richmond,"Native American",6,0,0
12/12/2020,Chickahominy,"Native American",15,1,0
12/12/2020,"Thomas Jefferson","Native American",7,0,0
12/12/2020,Arlington,"Native American",7,0,0
12/12/2020,"Virginia Beach","Native American",18,0,0
12/12/2020,Peninsula,"Native American",8,2,1
12/12/2020,Hampton,"Native American",4,0,1
12/12/2020,"West Piedmont","Native American",4,0,0
12/12/2020,"Cumberland Plateau, Lenowisco, and Mount Rogers","Native American",18,0,0
12/12/2020,Henrico,"Native American",21,0,0
12/12/2020,Norfolk,"Native American",14,1,1
12/12/2020,"Prince William","Native American",41,1,1
12/12/2020,"Central Virginia","Native American",15,0,0
12/12/2020,Chesterfield,"Native American",12,1,0
12/12/2020,Rappahannock,"Native American",10,0,0
12/12/2020,Loudoun,"Native American",10,0,0
12/12/2020,Alexandria,"Native American",5,0,0
12/12/2020,"Alleghany and Roanoke","Native American",7,0,0
12/12/2020,Crater,"Native American",7,1,1
12/12/2020,"Rappahannock Rapidan","Native American",6,0,0
12/12/2020,"Lord Fairfax","Native American",6,1,1
12/12/2020,"Pittsylvania-Danville and Southside","Native American",6,1,0
12/13/2020,"Rappahannock Rapidan","Not Reported",1198,16,7
12/13/2020,Portsmouth,"Other Race",84,12,5
12/13/2020,"Western Tidewater","Two or more races",85,1,2
12/13/2020,Piedmont,White,1379,100,34
12/13/2020,Chesterfield,Latino,2657,138,12
12/13/2020,Lenowisco,White,3082,189,76
12/13/2020,Lenowisco,"Two or more races",37,3,3
12/13/2020,Hampton,"Not Reported",788,3,1
12/13/2020,Southside,"Not Reported",792,6,4
12/13/2020,Roanoke,Black,977,45,15
12/13/2020,Hampton,Black,1516,115,26
12/13/2020,Alleghany,"Other Race",71,2,0
12/13/2020,Lenowisco,Latino,64,0,0
12/13/2020,Loudoun,"Other Race",766,23,3
12/13/2020,"Central Shenandoah",Latino,1542,68,7
12/13/2020,"Rappahannock Rapidan",Latino,1139,72,8
12/13/2020,"Eastern Shore",Black,966,104,29
12/13/2020,Norfolk,Latino,565,35,0
12/13/2020,Hampton,"Two or more races",48,1,0
12/13/2020,Richmond,Black,2722,316,46
12/13/2020,Henrico,"Two or more races",143,10,2
12/13/2020,Fairfax,"Two or more races",333,12,0
12/13/2020,Alleghany,"Not Reported",1909,8,3
12/13/2020,Portsmouth,"Not Reported",551,8,2
12/13/2020,"Cumberland Plateau","Other Race",7,0,0
12/13/2020,Southside,"Two or more races",137,0,7
12/13/2020,Portsmouth,White,658,62,14
12/13/2020,"Rappahannock Rapidan","Two or more races",62,2,0
12/13/2020,Fairfax,White,8724,691,343
12/13/2020,Fairfax,"Other Race",1682,122,22
12/13/2020,Crater,"Two or more races",23,2,1
12/13/2020,"West Piedmont","Not Reported",1187,18,4
12/13/2020,Henrico,"Other Race",306,20,1
12/13/2020,"Three Rivers",White,1638,98,29
12/13/2020,"Central Virginia",Black,956,67,26
12/13/2020,Lenowisco,"Other Race",12,0,0
12/13/2020,"Three Rivers","Other Race",41,3,0
12/13/2020,"Western Tidewater",White,1811,104,80
12/13/2020,"Mount Rogers",Black,196,10,3
12/13/2020,"Three Rivers","Not Reported",396,3,1
12/13/2020,"Thomas Jefferson",Black,848,105,18
12/13/2020,"Eastern Shore",White,496,46,20
12/13/2020,"Central Virginia",White,4064,178,57
12/13/2020,Lenowisco,Black,91,3,3
12/13/2020,"Central Virginia","Two or more races",46,1,0
12/13/2020,Richmond,"Two or more races",89,5,1
12/13/2020,Crater,"Not Reported",1284,13,5
12/13/2020,Chesterfield,"Two or more races",103,10,0
12/13/2020,"New River",Latino,294,6,0
12/13/2020,Richmond,Latino,1615,121,8
12/13/2020,Portsmouth,Latino,122,12,1
12/13/2020,Pittsylvania-Danville,"Not Reported",1167,19,3
12/13/2020,Chesapeake,"Not Reported",951,3,0
12/13/2020,Chickahominy,Latino,167,9,1
12/13/2020,Crater,Black,3000,249,77
12/13/2020,Chesterfield,Black,2352,171,43
12/13/2020,Chesterfield,"Other Race",287,19,0
12/13/2020,Peninsula,Black,2061,142,33
12/13/2020,Roanoke,White,1478,47,63
12/13/2020,"New River",Black,347,6,2
12/13/2020,Southside,Latino,18,2,0
12/13/2020,Peninsula,Latino,605,30,2
12/13/2020,Rappahannock,"Two or more races",103,4,0
12/13/2020,"Virginia Beach",Black,2723,191,35
12/13/2020,"Mount Rogers","Not Reported",911,23,6
12/13/2020,Loudoun,"Not Reported",2970,8,0
12/13/2020,Chesapeake,"Other Race",95,6,1
12/13/2020,Chickahominy,"Two or more races",27,2,0
12/13/2020,Crater,"Other Race",96,0,1
12/13/2020,Norfolk,"Two or more races",90,8,1
12/13/2020,"Eastern Shore","Two or more races",1,1,0
12/13/2020,"Central Shenandoah",White,7328,333,106
12/13/2020,"New River","Other Race",32,0,0
12/13/2020,"New River",White,4693,148,63
12/13/2020,"Central Shenandoah","Other Race",162,4,0
12/13/2020,"West Piedmont",Black,964,125,26
12/13/2020,Alleghany,Latino,273,14,1
12/13/2020,"Central Shenandoah","Not Reported",2283,16,4
12/13/2020,Roanoke,"Two or more races",33,2,0
12/13/2020,Peninsula,"Two or more races",117,4,1
12/13/2020,Richmond,"Not Reported",1202,2,1
12/13/2020,Arlington,"Other Race",227,16,4
12/13/2020,Norfolk,"Not Reported",1503,11,3
12/13/2020,Alexandria,"Other Race",165,12,2
12/13/2020,"Virginia Beach",White,5252,289,67
12/13/2020,Chesapeake,"Two or more races",93,4,0
12/13/2020,Alleghany,White,3851,147,86
12/13/2020,"Rappahannock Rapidan","Other Race",66,4,0
12/13/2020,Chickahominy,"Not Reported",853,3,1
12/13/2020,Portsmouth,Black,2115,280,51
12/13/2020,Chickahominy,"Other Race",51,3,0
12/13/2020,"Virginia Beach",Latino,919,37,5
12/13/2020,Chesapeake,White,3038,202,40
12/13/2020,Southside,Black,825,61,28
12/13/2020,Rappahannock,Latino,1936,125,11
12/13/2020,"Three Rivers","Two or more races",28,2,0
12/13/2020,Henrico,Black,2975,300,106
12/13/2020,Pittsylvania-Danville,Black,1296,135,25
12/13/2020,"Lord Fairfax","Two or more races",63,3,1
12/13/2020,"Prince William",Latino,9543,766,86
12/13/2020,"Mount Rogers","Other Race",33,2,2
12/13/2020,"Central Shenandoah",Black,531,22,10
12/13/2020,Peninsula,White,2366,126,59
12/13/2020,"Eastern Shore","Not Reported",78,0,0
12/13/2020,"Thomas Jefferson","Other Race",222,7,1
12/13/2020,Hampton,"Other Race",118,3,1
12/13/2020,"Lord Fairfax","Not Reported",1060,6,7
12/13/2020,"Central Virginia","Other Race",74,0,0
12/13/2020,"Western Tidewater","Other Race",119,1,2
12/13/2020,Crater,Latino,303,11,5
12/13/2020,Chesapeake,Latino,531,37,2
12/13/2020,Chesterfield,White,4170,254,112
12/13/2020,"Western Tidewater","Not Reported",1343,5,3
12/13/2020,Fairfax,"Not Reported",5043,51,32
12/13/2020,Arlington,Black,633,102,37
12/13/2020,"Central Virginia",Latino,162,7,4
12/13/2020,Alexandria,"Not Reported",562,3,1
12/13/2020,"Three Rivers",Black,1094,82,19
12/13/2020,"Prince William","Two or more races",257,5,0
12/13/2020,Loudoun,"Two or more races",135,6,0
12/13/2020,Peninsula,"Other Race",305,5,1
12/13/2020,"Thomas Jefferson",White,3304,147,60
12/13/2020,Norfolk,"Other Race",148,5,2
12/13/2020,"Prince William","Not Reported",6035,27,2
12/13/2020,"West Piedmont",White,2899,249,87
12/13/2020,Rappahannock,Black,1476,128,20
12/13/2020,Norfolk,Black,3208,336,66
12/13/2020,Roanoke,Latino,630,34,2
12/13/2020,Piedmont,Latino,93,9,2
12/13/2020,Roanoke,"Not Reported",1390,3,1
12/13/2020,"Virginia Beach","Other Race",231,9,0
12/13/2020,Arlington,"Two or more races",87,5,0
12/13/2020,Alexandria,White,1390,83,44
12/13/2020,"Lord Fairfax","Other Race",177,7,1
12/13/2020,"Thomas Jefferson","Not Reported",543,3,0
12/13/2020,"Virginia Beach","Not Reported",3225,28,7
12/13/2020,Loudoun,Black,521,40,9
12/13/2020,Pittsylvania-Danville,Latino,131,5,0
12/13/2020,"Cumberland Plateau","Not Reported",525,9,2
12/13/2020,Chesterfield,"Not Reported",2096,7,12
12/13/2020,"Mount Rogers",White,6604,458,168
12/13/2020,Richmond,White,1682,64,27
12/13/2020,Lenowisco,"Not Reported",462,10,6
12/13/2020,"Three Rivers",Latino,239,7,1
12/13/2020,Piedmont,"Not Reported",1285,13,4
12/13/2020,"Mount Rogers",Latino,410,9,1
12/13/2020,"Central Shenandoah","Two or more races",100,1,1
12/13/2020,Crater,White,1625,87,34
12/13/2020,Arlington,White,2201,161,75
12/13/2020,Pittsylvania-Danville,"Other Race",6,0,0
12/13/2020,Chickahominy,Black,648,67,19
12/13/2020,Fairfax,Black,2910,297,67
12/13/2020,"Eastern Shore",Latino,304,12,3
12/13/2020,Norfolk,White,1727,103,26
12/13/2020,"Mount Rogers","Two or more races",49,2,0
12/13/2020,Alleghany,"Two or more races",43,1,2
12/13/2020,Southside,White,755,50,29
12/13/2020,"Thomas Jefferson","Two or more races",131,6,1
12/13/2020,"Prince William",Black,2582,218,61
12/13/2020,"Lord Fairfax",White,5141,355,134
12/13/2020,"Cumberland Plateau",Latino,32,0,0
12/13/2020,Arlington,"Not Reported",1339,11,1
12/13/2020,Rappahannock,"Other Race",323,6,0
12/13/2020,"Rappahannock Rapidan",Black,583,48,16
12/13/2020,"New River","Two or more races",122,6,8
12/13/2020,Arlington,Latino,2537,281,32
12/13/2020,Henrico,White,3020,214,136
12/13/2020,Loudoun,White,3232,172,107
12/13/2020,Hampton,White,721,28,9
12/13/2020,Alleghany,Black,369,14,9
12/13/2020,"Prince William",White,3741,227,105
12/13/2020,Rappahannock,White,3204,213,67
12/13/2020,Southside,"Other Race",20,1,1
12/13/2020,Portsmouth,"Two or more races",33,6,0
12/13/2020,"Western Tidewater",Black,2576,209,75
12/13/2020,Hampton,Latino,140,9,0
12/13/2020,Henrico,"Not Reported",1870,10,7
12/13/2020,"West Piedmont","Two or more races",26,0,0
12/13/2020,Peninsula,"Not Reported",2027,2,0
12/13/2020,Loudoun,Latino,3277,260,18
12/13/2020,Alexandria,Black,1217,124,20
12/13/2020,Piedmont,Black,1020,97,27
12/13/2020,Roanoke,"Other Race",59,1,0
12/13/2020,Alexandria,"Two or more races",69,2,0
12/13/2020,"Western Tidewater",Latino,78,1,2
12/13/2020,Rappahannock,"Not Reported",2618,35,0
12/13/2020,"West Piedmont","Other Race",26,1,1
12/13/2020,Chickahominy,White,2326,159,58
12/13/2020,"Thomas Jefferson",Latino,997,41,3
12/13/2020,"Cumberland Plateau",Black,95,0,0
12/13/2020,"Lord Fairfax",Latino,1194,72,10
12/13/2020,"West Piedmont",Latino,420,18,1
12/13/2020,"Cumberland Plateau",White,3008,182,44
12/13/2020,"Eastern Shore","Other Race",16,1,0
12/13/2020,"Cumberland Plateau","Two or more races",5,0,0
12/13/2020,Pittsylvania-Danville,"Two or more races",13,0,0
12/13/2020,Piedmont,"Other Race",23,0,0
12/13/2020,Alexandria,Latino,2569,160,14
12/13/2020,Chesapeake,Black,2665,300,38
12/13/2020,Richmond,"Other Race",218,7,2
12/13/2020,Henrico,Latino,1198,67,13
12/13/2020,Piedmont,"Two or more races",64,2,1
12/13/2020,"Prince William","Other Race",1238,29,0
12/13/2020,"New River","Not Reported",1976,29,0
12/13/2020,"Rappahannock Rapidan",White,2398,106,30
12/13/2020,"Central Virginia","Not Reported",3391,33,9
12/13/2020,"Virginia Beach","Two or more races",167,8,3
12/13/2020,Pittsylvania-Danville,White,1491,113,56
12/13/2020,"Lord Fairfax",Black,311,32,9
12/13/2020,Fairfax,Latino,14629,1207,107
12/13/2020,Chesterfield,"Asian or Pacific Islander",213,9,1
12/13/2020,Crater,"Asian or Pacific Islander",46,0,0
12/13/2020,Fairfax,"Asian or Pacific Islander",3555,346,85
12/13/2020,Hampton,"Asian or Pacific Islander",30,0,0
12/13/2020,"Rappahannock Rapidan","Asian or Pacific Islander",29,3,1
06/28/2020,Fairfax,White,2003,381,253
12/13/2020,"Mount Rogers","Asian or Pacific Islander",16,2,0
12/13/2020,"New River","Asian or Pacific Islander",174,1,0
12/13/2020,"Central Virginia","Asian or Pacific Islander",61,2,0
12/13/2020,"Lord Fairfax","Asian or Pacific Islander",62,3,1
12/13/2020,Southside,"Asian or Pacific Islander",5,0,0
12/13/2020,Alleghany,"Asian or Pacific Islander",85,3,0
12/13/2020,Portsmouth,"Asian or Pacific Islander",26,1,0
12/13/2020,Roanoke,"Asian or Pacific Islander",88,4,0
12/13/2020,Richmond,"Asian or Pacific Islander",102,6,1
12/13/2020,"Thomas Jefferson","Asian or Pacific Islander",180,4,1
12/13/2020,"Virginia Beach","Asian or Pacific Islander",528,44,8
12/13/2020,Henrico,"Asian or Pacific Islander",456,13,4
12/13/2020,Piedmont,"Asian or Pacific Islander",15,0,1
12/13/2020,"Western Tidewater","Asian or Pacific Islander",26,2,3
12/13/2020,"West Piedmont","Asian or Pacific Islander",23,2,1
12/13/2020,Chickahominy,"Asian or Pacific Islander",28,3,0
12/13/2020,Peninsula,"Asian or Pacific Islander",111,8,6
12/13/2020,Norfolk,"Asian or Pacific Islander",113,10,0
12/13/2020,Arlington,"Asian or Pacific Islander",364,36,15
12/13/2020,Loudoun,"Asian or Pacific Islander",877,75,14
12/13/2020,Alexandria,"Asian or Pacific Islander",238,12,1
12/13/2020,Rappahannock,"Asian or Pacific Islander",186,12,3
12/13/2020,Chesapeake,"Asian or Pacific Islander",150,14,7
12/13/2020,"Cumberland Plateau and Lenowisco","Asian or Pacific Islander",9,0,0
12/13/2020,"Central Shenandoah","Asian or Pacific Islander",124,2,0
12/13/2020,"Prince William","Asian or Pacific Islander",1124,72,23
12/13/2020,Pittsylvania-Danville,"Asian or Pacific Islander",7,0,0
12/13/2020,"Eastern Shore and Three Rivers","Asian or Pacific Islander",19,1,0
12/13/2020,Piedmont,"Native American",7,0,0
12/13/2020,"New River","Native American",6,0,0
12/13/2020,"Central Shenandoah","Native American",7,1,0
12/13/2020,"Eastern Shore and Three Rivers","Native American",8,0,0
12/13/2020,Fairfax,"Native American",57,1,1
12/13/2020,Chesapeake,"Native American",17,0,0
12/13/2020,"Western Tidewater","Native American",5,0,0
12/13/2020,Portsmouth,"Native American",4,2,0
12/13/2020,Richmond,"Native American",6,0,0
12/13/2020,Chickahominy,"Native American",15,1,0
12/13/2020,"Thomas Jefferson","Native American",7,0,0
12/13/2020,Arlington,"Native American",7,0,0
12/13/2020,"Virginia Beach","Native American",18,0,0
12/13/2020,Peninsula,"Native American",8,2,1
12/13/2020,Hampton,"Native American",4,0,1
12/13/2020,"West Piedmont","Native American",4,0,0
12/13/2020,"Cumberland Plateau, Lenowisco, and Mount Rogers","Native American",18,0,0
12/13/2020,Henrico,"Native American",21,0,0
12/13/2020,Norfolk,"Native American",14,1,1
12/13/2020,"Prince William","Native American",42,1,1
12/13/2020,"Central Virginia","Native American",15,0,0
12/13/2020,Chesterfield,"Native American",12,1,0
12/13/2020,Rappahannock,"Native American",10,0,0
12/13/2020,Loudoun,"Native American",10,0,0
12/13/2020,Alexandria,"Native American",5,0,0
12/13/2020,"Alleghany and Roanoke","Native American",7,0,0
12/13/2020,Crater,"Native American",7,1,1
12/13/2020,"Rappahannock Rapidan","Native American",6,0,0
12/13/2020,"Lord Fairfax","Native American",6,1,1
12/13/2020,"Pittsylvania-Danville and Southside","Native American",6,1,0
12/14/2020,"Rappahannock Rapidan","Not Reported",1216,19,7
12/14/2020,Portsmouth,"Other Race",84,12,5
12/14/2020,"Western Tidewater","Two or more races",85,1,2
12/14/2020,Piedmont,White,1390,100,34
12/14/2020,Chesterfield,Latino,2670,138,12
12/14/2020,Lenowisco,White,3123,189,76
12/14/2020,Lenowisco,"Two or more races",38,3,3
12/14/2020,Hampton,"Not Reported",793,3,1
12/14/2020,Southside,"Not Reported",791,6,4
12/14/2020,Roanoke,Black,977,45,15
12/14/2020,Hampton,Black,1533,115,26
12/14/2020,Alleghany,"Other Race",71,2,0
12/14/2020,Lenowisco,Latino,64,0,0
12/14/2020,Loudoun,"Other Race",814,23,3
12/14/2020,"Central Shenandoah",Latino,1549,69,7
12/14/2020,"Rappahannock Rapidan",Latino,1145,73,8
12/14/2020,"Eastern Shore",Black,969,104,29
12/14/2020,Norfolk,Latino,566,35,0
12/14/2020,Hampton,"Two or more races",51,1,0
12/14/2020,Richmond,Black,2746,319,46
12/14/2020,Henrico,"Two or more races",144,10,2
12/14/2020,Fairfax,"Two or more races",341,12,0
12/14/2020,Alleghany,"Not Reported",1929,8,3
12/14/2020,Portsmouth,"Not Reported",562,8,2
12/14/2020,"Cumberland Plateau","Other Race",7,0,0
12/14/2020,Southside,"Two or more races",137,0,7
12/14/2020,Portsmouth,White,669,63,14
12/14/2020,"Rappahannock Rapidan","Two or more races",62,2,0
12/14/2020,Fairfax,White,8855,691,343
12/14/2020,Fairfax,"Other Race",1707,122,22
12/14/2020,Crater,"Two or more races",23,2,1
12/14/2020,"West Piedmont","Not Reported",1196,18,4
12/14/2020,Henrico,"Other Race",308,20,1
12/14/2020,"Three Rivers",White,1721,100,30
12/14/2020,"Central Virginia",Black,977,67,26
12/14/2020,Lenowisco,"Other Race",12,0,0
12/14/2020,"Three Rivers","Other Race",44,3,0
12/14/2020,"Western Tidewater",White,1841,105,80
12/14/2020,"Mount Rogers",Black,196,10,3
12/14/2020,"Three Rivers","Not Reported",411,3,1
12/14/2020,"Thomas Jefferson",Black,858,105,18
12/14/2020,"Eastern Shore",White,500,46,20
12/14/2020,"Central Virginia",White,4136,179,57
12/14/2020,Lenowisco,Black,91,3,3
12/14/2020,"Central Virginia","Two or more races",47,1,0
12/14/2020,Richmond,"Two or more races",89,5,1
12/14/2020,Crater,"Not Reported",1294,13,5
12/14/2020,Chesterfield,"Two or more races",103,10,0
12/14/2020,"New River",Latino,294,6,0
12/14/2020,Richmond,Latino,1616,121,8
12/14/2020,Portsmouth,Latino,122,12,1
12/14/2020,Pittsylvania-Danville,"Not Reported",1162,19,3
12/14/2020,Chesapeake,"Not Reported",977,3,0
12/14/2020,Chickahominy,Latino,167,9,1
12/14/2020,Crater,Black,3029,250,77
12/14/2020,Chesterfield,Black,2371,171,43
12/14/2020,Chesterfield,"Other Race",285,19,0
12/14/2020,Peninsula,Black,2093,144,33
12/14/2020,Roanoke,White,1478,47,63
12/14/2020,"New River",Black,353,6,2
12/14/2020,Southside,Latino,18,2,0
12/14/2020,Peninsula,Latino,607,30,2
12/14/2020,Rappahannock,"Two or more races",105,4,0
12/14/2020,"Virginia Beach",Black,2740,191,35
12/14/2020,"Mount Rogers","Not Reported",936,27,7
12/14/2020,Loudoun,"Not Reported",3017,8,0
12/14/2020,Chesapeake,"Other Race",95,6,1
12/14/2020,Chickahominy,"Two or more races",28,2,0
12/14/2020,Crater,"Other Race",96,0,1
12/14/2020,Norfolk,"Two or more races",91,8,1
12/14/2020,"Eastern Shore","Two or more races",1,1,0
12/14/2020,"Central Shenandoah",White,7495,334,106
12/14/2020,"New River","Other Race",32,0,0
12/14/2020,"New River",White,4733,150,63
12/14/2020,"Central Shenandoah","Other Race",170,4,0
12/14/2020,"West Piedmont",Black,966,125,26
12/14/2020,Alleghany,Latino,273,14,1
12/14/2020,"Central Shenandoah","Not Reported",2329,16,4
12/14/2020,Roanoke,"Two or more races",33,2,0
12/14/2020,Peninsula,"Two or more races",120,4,1
12/14/2020,Richmond,"Not Reported",1232,2,1
12/14/2020,Arlington,"Other Race",233,16,4
12/14/2020,Norfolk,"Not Reported",1510,11,3
12/14/2020,Alexandria,"Other Race",168,12,2
12/14/2020,"Virginia Beach",White,5287,290,67
12/14/2020,Chesapeake,"Two or more races",93,4,0
12/14/2020,Alleghany,White,3863,147,86
12/14/2020,"Rappahannock Rapidan","Other Race",67,4,0
12/14/2020,Chickahominy,"Not Reported",861,3,1
12/14/2020,Portsmouth,Black,2123,281,51
12/14/2020,Chickahominy,"Other Race",51,3,0
12/14/2020,"Virginia Beach",Latino,922,37,5
12/14/2020,Chesapeake,White,3074,202,40
12/14/2020,Southside,Black,824,61,28
12/14/2020,Rappahannock,Latino,1961,125,11
12/14/2020,"Three Rivers","Two or more races",31,2,0
12/14/2020,Henrico,Black,3000,300,106
12/14/2020,Pittsylvania-Danville,Black,1299,135,25
12/14/2020,"Lord Fairfax","Two or more races",63,3,1
12/14/2020,"Prince William",Latino,9584,768,86
12/14/2020,"Mount Rogers","Other Race",35,2,2
12/14/2020,"Central Shenandoah",Black,620,23,10
12/14/2020,Peninsula,White,2398,127,59
12/14/2020,"Eastern Shore","Not Reported",78,0,0
12/14/2020,"Thomas Jefferson","Other Race",228,7,1
12/14/2020,Hampton,"Other Race",120,3,1
12/14/2020,"Lord Fairfax","Not Reported",1080,6,7
12/14/2020,"Central Virginia","Other Race",74,0,0
12/14/2020,"Western Tidewater","Other Race",121,1,2
12/14/2020,Crater,Latino,306,11,5
12/14/2020,Chesapeake,Latino,531,37,2
12/14/2020,Chesterfield,White,4211,256,112
12/14/2020,"Western Tidewater","Not Reported",1370,5,3
12/14/2020,Fairfax,"Not Reported",5188,51,32
12/14/2020,Arlington,Black,637,102,37
12/14/2020,"Central Virginia",Latino,163,7,4
12/14/2020,Alexandria,"Not Reported",570,3,1
12/14/2020,"Three Rivers",Black,1119,82,19
12/14/2020,"Prince William","Two or more races",262,5,0
12/14/2020,Loudoun,"Two or more races",140,6,0
12/14/2020,Peninsula,"Other Race",310,5,1
12/14/2020,"Thomas Jefferson",White,3344,147,60
12/14/2020,Norfolk,"Other Race",148,5,2
12/14/2020,"Prince William","Not Reported",6037,27,2
12/14/2020,"West Piedmont",White,2922,249,87
12/14/2020,Rappahannock,Black,1507,128,20
12/14/2020,Norfolk,Black,3215,337,66
12/14/2020,Roanoke,Latino,630,34,2
12/14/2020,Piedmont,Latino,93,9,2
12/14/2020,Roanoke,"Not Reported",1391,3,1
12/14/2020,"Virginia Beach","Other Race",236,9,0
12/14/2020,Arlington,"Two or more races",90,5,0
12/14/2020,Alexandria,White,1398,83,44
12/14/2020,"Lord Fairfax","Other Race",183,7,1
12/14/2020,"Thomas Jefferson","Not Reported",561,3,0
12/14/2020,"Virginia Beach","Not Reported",3282,28,7
12/14/2020,Loudoun,Black,524,40,9
12/14/2020,Pittsylvania-Danville,Latino,131,5,0
12/14/2020,"Cumberland Plateau","Not Reported",548,9,2
12/14/2020,Chesterfield,"Not Reported",2089,7,12
12/14/2020,"Mount Rogers",White,6712,463,169
12/14/2020,Richmond,White,1692,64,27
12/14/2020,Lenowisco,"Not Reported",476,10,6
12/14/2020,"Three Rivers",Latino,246,7,1
12/14/2020,Piedmont,"Not Reported",1298,13,4
12/14/2020,"Mount Rogers",Latino,412,9,1
12/14/2020,"Central Shenandoah","Two or more races",101,1,1
12/14/2020,Crater,White,1649,87,34
12/14/2020,Arlington,White,2214,161,75
12/14/2020,Pittsylvania-Danville,"Other Race",6,0,0
12/14/2020,Chickahominy,Black,652,68,19
12/14/2020,Fairfax,Black,2944,297,67
12/14/2020,"Eastern Shore",Latino,304,12,3
12/14/2020,Norfolk,White,1738,102,26
12/14/2020,"Mount Rogers","Two or more races",52,2,0
12/14/2020,Alleghany,"Two or more races",43,1,2
12/14/2020,Southside,White,754,50,29
12/14/2020,"Thomas Jefferson","Two or more races",132,6,1
12/14/2020,"Prince William",Black,2598,220,61
12/14/2020,"Lord Fairfax",White,5228,355,134
12/14/2020,"Cumberland Plateau",Latino,32,0,0
12/14/2020,Arlington,"Not Reported",1357,11,1
12/14/2020,Rappahannock,"Other Race",334,6,0
12/14/2020,"Rappahannock Rapidan",Black,590,48,16
12/14/2020,"New River","Two or more races",123,7,8
12/14/2020,Arlington,Latino,2558,281,32
12/14/2020,Henrico,White,3055,215,136
12/14/2020,Loudoun,White,3261,172,107
12/14/2020,Hampton,White,737,29,9
12/14/2020,Alleghany,Black,370,14,9
12/14/2020,"Prince William",White,3771,228,105
12/14/2020,Rappahannock,White,3266,214,67
12/14/2020,Southside,"Other Race",20,1,1
12/14/2020,Portsmouth,"Two or more races",33,6,0
12/14/2020,"Western Tidewater",Black,2602,213,75
12/14/2020,Hampton,Latino,142,9,0
12/14/2020,Henrico,"Not Reported",1898,10,7
12/14/2020,"West Piedmont","Two or more races",27,0,0
12/14/2020,Peninsula,"Not Reported",2050,2,0
12/14/2020,Loudoun,Latino,3287,260,18
12/14/2020,Alexandria,Black,1223,123,20
12/14/2020,Piedmont,Black,1029,97,27
12/14/2020,Roanoke,"Other Race",59,1,0
12/14/2020,Alexandria,"Two or more races",69,2,0
12/14/2020,"Western Tidewater",Latino,79,1,2
12/14/2020,Rappahannock,"Not Reported",2703,35,0
12/14/2020,"West Piedmont","Other Race",27,1,1
12/14/2020,Chickahominy,White,2332,159,58
12/14/2020,"Thomas Jefferson",Latino,1005,42,3
12/14/2020,"Cumberland Plateau",Black,96,0,0
12/14/2020,"Lord Fairfax",Latino,1202,72,10
12/14/2020,"West Piedmont",Latino,421,18,1
12/14/2020,"Cumberland Plateau",White,3052,185,44
12/14/2020,"Eastern Shore","Other Race",16,1,0
12/14/2020,"Cumberland Plateau","Two or more races",5,0,0
12/14/2020,Pittsylvania-Danville,"Two or more races",13,0,0
12/14/2020,Piedmont,"Other Race",23,0,0
12/14/2020,Alexandria,Latino,2584,161,14
12/14/2020,Chesapeake,Black,2683,301,38
12/14/2020,Richmond,"Other Race",219,7,2
12/14/2020,Henrico,Latino,1199,67,13
12/14/2020,Piedmont,"Two or more races",64,2,1
12/14/2020,"Prince William","Other Race",1247,29,0
12/14/2020,"New River","Not Reported",1991,29,0
12/14/2020,"Rappahannock Rapidan",White,2423,110,30
12/14/2020,"Central Virginia","Not Reported",3457,33,9
12/14/2020,"Virginia Beach","Two or more races",169,8,3
12/14/2020,Pittsylvania-Danville,White,1493,113,56
12/14/2020,"Lord Fairfax",Black,311,32,9
12/14/2020,Fairfax,Latino,14741,1208,107
12/14/2020,Chesterfield,"Asian or Pacific Islander",219,9,1
12/14/2020,Crater,"Asian or Pacific Islander",47,0,0
12/14/2020,Fairfax,"Asian or Pacific Islander",3607,346,85
12/14/2020,Hampton,"Asian or Pacific Islander",31,0,0
12/14/2020,"Rappahannock Rapidan","Asian or Pacific Islander",31,3,1
07/03/2020,Norfolk,Black,503,74,7
12/14/2020,"Mount Rogers","Asian or Pacific Islander",16,2,0
12/14/2020,"New River","Asian or Pacific Islander",174,1,0
12/14/2020,"Central Virginia","Asian or Pacific Islander",61,2,0
12/14/2020,"Lord Fairfax","Asian or Pacific Islander",62,3,1
12/14/2020,Southside,"Asian or Pacific Islander",5,0,0
12/14/2020,Alleghany,"Asian or Pacific Islander",85,3,0
12/14/2020,Portsmouth,"Asian or Pacific Islander",26,1,0
12/14/2020,Roanoke,"Asian or Pacific Islander",88,4,0
12/14/2020,Richmond,"Asian or Pacific Islander",104,6,1
12/14/2020,"Thomas Jefferson","Asian or Pacific Islander",185,4,1
12/14/2020,"Virginia Beach","Asian or Pacific Islander",537,44,8
12/14/2020,Henrico,"Asian or Pacific Islander",462,13,4
12/14/2020,Piedmont,"Asian or Pacific Islander",15,0,1
12/14/2020,"Western Tidewater","Asian or Pacific Islander",26,2,3
12/14/2020,"West Piedmont","Asian or Pacific Islander",23,2,1
12/14/2020,Chickahominy,"Asian or Pacific Islander",29,3,0
12/14/2020,Peninsula,"Asian or Pacific Islander",111,8,6
12/14/2020,Norfolk,"Asian or Pacific Islander",113,10,0
12/14/2020,Arlington,"Asian or Pacific Islander",367,36,15
12/14/2020,Loudoun,"Asian or Pacific Islander",884,75,14
12/14/2020,Alexandria,"Asian or Pacific Islander",243,12,1
12/14/2020,Rappahannock,"Asian or Pacific Islander",190,12,3
12/14/2020,Chesapeake,"Asian or Pacific Islander",150,14,7
12/14/2020,"Cumberland Plateau and Lenowisco","Asian or Pacific Islander",9,0,0
12/14/2020,"Central Shenandoah","Asian or Pacific Islander",126,2,0
12/14/2020,"Prince William","Asian or Pacific Islander",1133,73,23
12/14/2020,Pittsylvania-Danville,"Asian or Pacific Islander",7,0,0
12/14/2020,"Eastern Shore and Three Rivers","Asian or Pacific Islander",19,1,0
12/14/2020,Piedmont,"Native American",7,0,0
12/14/2020,"New River","Native American",6,0,0
12/14/2020,"Central Shenandoah","Native American",7,1,0
12/14/2020,"Eastern Shore and Three Rivers","Native American",8,0,0
12/14/2020,Fairfax,"Native American",57,1,1
12/14/2020,Chesapeake,"Native American",17,0,0
12/14/2020,"Western Tidewater","Native American",5,0,0
12/14/2020,Portsmouth,"Native American",4,2,0
12/14/2020,Richmond,"Native American",6,0,0
12/14/2020,Chickahominy,"Native American",15,1,0
12/14/2020,"Thomas Jefferson","Native American",7,0,0
12/14/2020,Arlington,"Native American",7,0,0
12/14/2020,"Virginia Beach","Native American",18,0,0
12/14/2020,Peninsula,"Native American",8,2,1
12/14/2020,Hampton,"Native American",4,0,1
12/14/2020,"West Piedmont","Native American",4,0,0
12/14/2020,"Cumberland Plateau, Lenowisco, and Mount Rogers","Native American",18,0,0
12/14/2020,Henrico,"Native American",21,0,0
12/14/2020,Norfolk,"Native American",14,1,1
12/14/2020,"Prince William","Native American",42,1,1
12/14/2020,"Central Virginia","Native American",16,0,0
12/14/2020,Chesterfield,"Native American",14,1,0
12/14/2020,Rappahannock,"Native American",10,0,0
12/14/2020,Loudoun,"Native American",10,0,0
12/14/2020,Alexandria,"Native American",5,0,0
12/14/2020,"Alleghany and Roanoke","Native American",7,0,0
12/14/2020,Crater,"Native American",7,1,1
12/14/2020,"Rappahannock Rapidan","Native American",6,0,0
12/14/2020,"Lord Fairfax","Native American",6,1,1
12/14/2020,"Pittsylvania-Danville and Southside","Native American",6,1,0
12/15/2020,"Rappahannock Rapidan","Not Reported",1216,18,7
12/15/2020,Portsmouth,"Other Race",86,12,5
12/15/2020,"Western Tidewater","Two or more races",85,1,2
12/15/2020,Piedmont,White,1396,101,34
12/15/2020,Chesterfield,Latino,2693,139,12
12/15/2020,Lenowisco,White,3149,195,80
12/15/2020,Lenowisco,"Two or more races",38,3,3
12/15/2020,Hampton,"Not Reported",799,3,1
12/15/2020,Southside,"Not Reported",807,6,4
12/15/2020,Roanoke,Black,983,45,15
12/15/2020,Hampton,Black,1569,115,27
12/15/2020,Alleghany,"Other Race",70,2,0
12/15/2020,Lenowisco,Latino,64,0,0
12/15/2020,Loudoun,"Other Race",824,25,4
12/15/2020,"Central Shenandoah",Latino,1564,69,7
12/15/2020,"Rappahannock Rapidan",Latino,1146,73,8
12/15/2020,"Eastern Shore",Black,977,104,29
12/15/2020,Norfolk,Latino,570,36,0
12/15/2020,Hampton,"Two or more races",52,1,0
12/15/2020,Richmond,Black,2776,319,46
12/15/2020,Henrico,"Two or more races",146,10,2
12/15/2020,Fairfax,"Two or more races",345,13,1
12/15/2020,Alleghany,"Not Reported",1955,8,3
12/15/2020,Portsmouth,"Not Reported",557,8,2
12/15/2020,"Cumberland Plateau","Other Race",8,0,0
12/15/2020,Southside,"Two or more races",138,0,8
12/15/2020,Portsmouth,White,679,63,14
12/15/2020,"Rappahannock Rapidan","Two or more races",63,2,0
12/15/2020,Fairfax,White,8937,691,345
12/15/2020,Fairfax,"Other Race",1721,121,22
12/15/2020,Crater,"Two or more races",23,2,1
12/15/2020,"West Piedmont","Not Reported",1212,18,4
12/15/2020,Henrico,"Other Race",312,20,1
12/15/2020,"Three Rivers",White,1731,101,30
12/15/2020,"Central Virginia",Black,1005,70,26
12/15/2020,Lenowisco,"Other Race",12,0,0
12/15/2020,"Three Rivers","Other Race",44,3,0
12/15/2020,"Western Tidewater",White,1855,106,82
12/15/2020,"Mount Rogers",Black,198,10,3
12/15/2020,"Three Rivers","Not Reported",412,3,1
12/15/2020,"Thomas Jefferson",Black,863,108,19
12/15/2020,"Eastern Shore",White,515,46,20
12/15/2020,"Central Virginia",White,4203,179,58
12/15/2020,Lenowisco,Black,91,3,3
12/15/2020,"Central Virginia","Two or more races",47,1,0
12/15/2020,Richmond,"Two or more races",91,5,1
12/15/2020,Crater,"Not Reported",1308,13,5
12/15/2020,Chesterfield,"Two or more races",104,10,0
12/15/2020,"New River",Latino,295,7,0
12/15/2020,Richmond,Latino,1623,123,8
12/15/2020,Portsmouth,Latino,122,12,1
12/15/2020,Pittsylvania-Danville,"Not Reported",1175,19,3
12/15/2020,Chesapeake,"Not Reported",1010,3,0
12/15/2020,Chickahominy,Latino,168,9,1
12/15/2020,Crater,Black,3052,253,77
12/15/2020,Chesterfield,Black,2413,172,43
12/15/2020,Chesterfield,"Other Race",293,19,0
12/15/2020,Peninsula,Black,2134,146,34
12/15/2020,Roanoke,White,1479,48,63
12/15/2020,"New River",Black,358,6,2
12/15/2020,Southside,Latino,18,2,0
12/15/2020,Peninsula,Latino,609,30,3
12/15/2020,Rappahannock,"Two or more races",107,4,0
12/15/2020,"Virginia Beach",Black,2753,193,35
12/15/2020,"Mount Rogers","Not Reported",927,27,7
12/15/2020,Loudoun,"Not Reported",3026,8,0
12/15/2020,Chesapeake,"Other Race",99,6,1
12/15/2020,Chickahominy,"Two or more races",29,2,0
12/15/2020,Crater,"Other Race",98,0,1
12/15/2020,Norfolk,"Two or more races",96,8,1
12/15/2020,"Eastern Shore","Two or more races",1,1,0
12/15/2020,"Central Shenandoah",White,7684,347,114
12/15/2020,"New River","Other Race",32,0,0
12/15/2020,"New River",White,4771,150,65
12/15/2020,"Central Shenandoah","Other Race",176,4,0
12/15/2020,"West Piedmont",Black,972,126,26
12/15/2020,Alleghany,Latino,273,14,1
12/15/2020,"Central Shenandoah","Not Reported",2391,16,4
12/15/2020,Roanoke,"Two or more races",33,2,0
12/15/2020,Peninsula,"Two or more races",128,4,1
12/15/2020,Richmond,"Not Reported",1246,2,1
12/15/2020,Arlington,"Other Race",239,16,4
12/15/2020,Norfolk,"Not Reported",1539,11,3
12/15/2020,Alexandria,"Other Race",170,12,2
12/15/2020,"Virginia Beach",White,5345,291,67
12/15/2020,Chesapeake,"Two or more races",94,4,0
12/15/2020,Alleghany,White,3891,148,89
12/15/2020,"Rappahannock Rapidan","Other Race",67,4,0
12/15/2020,Chickahominy,"Not Reported",874,3,1
12/15/2020,Portsmouth,Black,2135,282,51
12/15/2020,Chickahominy,"Other Race",54,3,0
12/15/2020,"Virginia Beach",Latino,933,38,6
12/15/2020,Chesapeake,White,3106,202,41
12/15/2020,Southside,Black,832,62,28
12/15/2020,Rappahannock,Latino,1972,126,11
12/15/2020,"Three Rivers","Two or more races",29,2,0
12/15/2020,Henrico,Black,3035,300,106
12/15/2020,Pittsylvania-Danville,Black,1312,136,26
12/15/2020,"Lord Fairfax","Two or more races",65,3,2
12/15/2020,"Prince William",Latino,9631,769,87
12/15/2020,"Mount Rogers","Other Race",35,2,2
12/15/2020,"Central Shenandoah",Black,631,23,10
12/15/2020,Peninsula,White,2455,132,62
12/15/2020,"Eastern Shore","Not Reported",79,0,0
12/15/2020,"Thomas Jefferson","Other Race",230,7,1
12/15/2020,Hampton,"Other Race",121,3,1
12/15/2020,"Lord Fairfax","Not Reported",1125,6,7
12/15/2020,"Central Virginia","Other Race",77,0,0
12/15/2020,"Western Tidewater","Other Race",123,1,2
12/15/2020,Crater,Latino,309,11,5
12/15/2020,Chesapeake,Latino,535,37,2
12/15/2020,Chesterfield,White,4288,261,114
12/15/2020,"Western Tidewater","Not Reported",1383,5,3
12/15/2020,Fairfax,"Not Reported",5233,51,32
12/15/2020,Arlington,Black,641,102,37
12/15/2020,"Central Virginia",Latino,164,7,4
12/15/2020,Alexandria,"Not Reported",562,3,1
12/15/2020,"Three Rivers",Black,1114,82,19
12/15/2020,"Prince William","Two or more races",267,5,0
12/15/2020,Loudoun,"Two or more races",140,6,0
12/15/2020,Peninsula,"Other Race",319,5,1
12/15/2020,"Thomas Jefferson",White,3366,147,60
12/15/2020,Norfolk,"Other Race",147,5,2
12/15/2020,"Prince William","Not Reported",6097,27,2
12/15/2020,"West Piedmont",White,2943,250,87
12/15/2020,Rappahannock,Black,1516,128,20
12/15/2020,Norfolk,Black,3253,337,67
12/15/2020,Roanoke,Latino,630,34,2
12/15/2020,Piedmont,Latino,93,9,2
12/15/2020,Roanoke,"Not Reported",1385,3,1
12/15/2020,"Virginia Beach","Other Race",238,9,0
12/15/2020,Arlington,"Two or more races",91,5,0
12/15/2020,Alexandria,White,1419,84,44
12/15/2020,"Lord Fairfax","Other Race",186,7,1
12/15/2020,"Thomas Jefferson","Not Reported",566,3,0
12/15/2020,"Virginia Beach","Not Reported",3312,28,7
12/15/2020,Loudoun,Black,527,40,9
12/15/2020,Pittsylvania-Danville,Latino,131,5,0
12/15/2020,"Cumberland Plateau","Not Reported",583,9,2
12/15/2020,Chesterfield,"Not Reported",2125,7,12
12/15/2020,"Mount Rogers",White,6777,464,172
12/15/2020,Richmond,White,1711,64,27
12/15/2020,Lenowisco,"Not Reported",479,10,6
12/15/2020,"Three Rivers",Latino,246,6,1
12/15/2020,Piedmont,"Not Reported",1300,13,4
12/15/2020,"Mount Rogers",Latino,414,10,1
12/15/2020,"Central Shenandoah","Two or more races",104,1,1
12/15/2020,Crater,White,1664,87,34
12/15/2020,Arlington,White,2236,162,75
12/15/2020,Pittsylvania-Danville,"Other Race",6,0,0
12/15/2020,Chickahominy,Black,656,68,19
12/15/2020,Fairfax,Black,2971,300,68
12/15/2020,"Eastern Shore",Latino,310,12,3
12/15/2020,Norfolk,White,1770,106,26
12/15/2020,"Mount Rogers","Two or more races",51,2,0
12/15/2020,Alleghany,"Two or more races",44,1,3
12/15/2020,Southside,White,764,50,29
12/15/2020,"Thomas Jefferson","Two or more races",132,6,1
12/15/2020,"Prince William",Black,2623,220,61
12/15/2020,"Lord Fairfax",White,5320,358,134
12/15/2020,"Cumberland Plateau",Latino,32,0,0
12/15/2020,Arlington,"Not Reported",1373,12,1
12/15/2020,Rappahannock,"Other Race",339,6,0
12/15/2020,"Rappahannock Rapidan",Black,593,48,16
12/15/2020,"New River","Two or more races",123,7,8
12/15/2020,Arlington,Latino,2564,282,32
12/15/2020,Henrico,White,3080,215,137
12/15/2020,Loudoun,White,3299,175,108
12/15/2020,Hampton,White,760,30,9
12/15/2020,Alleghany,Black,373,14,9
12/15/2020,"Prince William",White,3815,230,106
12/15/2020,Rappahannock,White,3309,218,69
12/15/2020,Southside,"Other Race",20,1,1
12/15/2020,Portsmouth,"Two or more races",33,6,0
12/15/2020,"Western Tidewater",Black,2621,217,75
12/15/2020,Hampton,Latino,148,9,0
12/15/2020,Henrico,"Not Reported",1907,10,7
12/15/2020,"West Piedmont","Two or more races",28,0,0
12/15/2020,Peninsula,"Not Reported",2071,2,0
12/15/2020,Loudoun,Latino,3312,265,19
12/15/2020,Alexandria,Black,1233,123,20
12/15/2020,Piedmont,Black,1033,98,27
12/15/2020,Roanoke,"Other Race",59,1,0
12/15/2020,Alexandria,"Two or more races",71,2,0
12/15/2020,"Western Tidewater",Latino,79,1,2
12/15/2020,Rappahannock,"Not Reported",2733,35,0
12/15/2020,"West Piedmont","Other Race",29,1,1
12/15/2020,Chickahominy,White,2358,162,59
12/15/2020,"Thomas Jefferson",Latino,1009,42,3
12/15/2020,"Cumberland Plateau",Black,107,0,0
12/15/2020,"Lord Fairfax",Latino,1211,72,10
12/15/2020,"West Piedmont",Latino,426,18,1
12/15/2020,"Cumberland Plateau",White,3152,186,44
12/15/2020,"Eastern Shore","Other Race",16,1,0
12/15/2020,"Cumberland Plateau","Two or more races",5,0,0
12/15/2020,Pittsylvania-Danville,"Two or more races",13,0,0
12/15/2020,Piedmont,"Other Race",23,0,0
12/15/2020,Alexandria,Latino,2608,162,14
12/15/2020,Chesapeake,Black,2705,301,38
12/15/2020,Richmond,"Other Race",220,7,2
12/15/2020,Henrico,Latino,1203,68,13
12/15/2020,Piedmont,"Two or more races",67,2,1
12/15/2020,"Prince William","Other Race",1246,29,0
12/15/2020,"New River","Not Reported",2053,29,0
12/15/2020,"Rappahannock Rapidan",White,2441,111,30
12/15/2020,"Central Virginia","Not Reported",3520,34,9
12/15/2020,"Virginia Beach","Two or more races",172,8,3
12/15/2020,Pittsylvania-Danville,White,1516,115,57
12/15/2020,"Lord Fairfax",Black,315,32,9
12/15/2020,Fairfax,Latino,14849,1211,107
12/15/2020,Chesterfield,"Asian or Pacific Islander",225,9,1
12/15/2020,Crater,"Asian or Pacific Islander",47,0,0
12/15/2020,Fairfax,"Asian or Pacific Islander",3665,347,87
12/15/2020,Hampton,"Asian or Pacific Islander",32,0,0
12/15/2020,"Rappahannock Rapidan","Asian or Pacific Islander",31,3,1
07/13/2020,Lenowisco,Black,1,0,0
12/15/2020,"Mount Rogers","Asian or Pacific Islander",17,2,0
12/15/2020,"New River","Asian or Pacific Islander",174,1,0
12/15/2020,"Central Virginia","Asian or Pacific Islander",62,2,0
12/15/2020,"Lord Fairfax","Asian or Pacific Islander",62,3,1
12/15/2020,Southside,"Asian or Pacific Islander",5,0,0
12/15/2020,Alleghany,"Asian or Pacific Islander",85,3,0
12/15/2020,Portsmouth,"Asian or Pacific Islander",26,1,0
12/15/2020,Roanoke,"Asian or Pacific Islander",88,4,0
12/15/2020,Richmond,"Asian or Pacific Islander",106,6,1
12/15/2020,"Thomas Jefferson","Asian or Pacific Islander",187,4,1
12/15/2020,"Virginia Beach","Asian or Pacific Islander",546,44,8
12/15/2020,Henrico,"Asian or Pacific Islander",465,13,4
12/15/2020,Piedmont,"Asian or Pacific Islander",15,0,1
12/15/2020,"Western Tidewater","Asian or Pacific Islander",26,2,3
12/15/2020,"West Piedmont","Asian or Pacific Islander",24,2,1
12/15/2020,Chickahominy,"Asian or Pacific Islander",29,3,0
12/15/2020,Peninsula,"Asian or Pacific Islander",113,8,6
12/15/2020,Norfolk,"Asian or Pacific Islander",114,10,0
12/15/2020,Arlington,"Asian or Pacific Islander",374,36,15
12/15/2020,Loudoun,"Asian or Pacific Islander",891,76,14
12/15/2020,Alexandria,"Asian or Pacific Islander",247,12,1
12/15/2020,Rappahannock,"Asian or Pacific Islander",192,12,3
12/15/2020,Chesapeake,"Asian or Pacific Islander",153,14,7
12/15/2020,"Cumberland Plateau and Lenowisco","Asian or Pacific Islander",9,0,0
12/15/2020,"Central Shenandoah","Asian or Pacific Islander",131,2,0
12/15/2020,"Prince William","Asian or Pacific Islander",1138,74,24
12/15/2020,Pittsylvania-Danville,"Asian or Pacific Islander",7,0,0
12/15/2020,"Eastern Shore and Three Rivers","Asian or Pacific Islander",18,1,0
12/15/2020,Piedmont,"Native American",7,0,0
12/15/2020,"New River","Native American",7,0,0
12/15/2020,"Central Shenandoah","Native American",7,1,0
12/15/2020,"Eastern Shore and Three Rivers","Native American",8,0,0
12/15/2020,Fairfax,"Native American",58,1,1
12/15/2020,Chesapeake,"Native American",17,0,0
12/15/2020,"Western Tidewater","Native American",5,0,0
12/15/2020,Portsmouth,"Native American",4,2,0
12/15/2020,Richmond,"Native American",6,0,0
12/15/2020,Chickahominy,"Native American",16,1,0
12/15/2020,"Thomas Jefferson","Native American",7,0,0
12/15/2020,Arlington,"Native American",7,0,0
12/15/2020,"Virginia Beach","Native American",18,0,0
12/15/2020,Peninsula,"Native American",8,2,1
12/15/2020,Hampton,"Native American",4,0,1
12/15/2020,"West Piedmont","Native American",4,0,0
12/15/2020,"Cumberland Plateau, Lenowisco, and Mount Rogers","Native American",18,0,0
12/15/2020,Henrico,"Native American",21,0,0
12/15/2020,Norfolk,"Native American",14,1,1
12/15/2020,"Prince William","Native American",42,1,1
12/15/2020,"Central Virginia","Native American",16,0,0
12/15/2020,Chesterfield,"Native American",12,1,0
12/15/2020,Rappahannock,"Native American",10,0,0
12/15/2020,Loudoun,"Native American",10,0,0
12/15/2020,Alexandria,"Native American",5,0,0
12/15/2020,"Alleghany and Roanoke","Native American",7,0,0
12/15/2020,Crater,"Native American",7,1,1
12/15/2020,"Rappahannock Rapidan","Native American",6,0,0
12/15/2020,"Lord Fairfax","Native American",6,1,1
12/15/2020,"Pittsylvania-Danville and Southside","Native American",6,1,0
12/16/2020,"Rappahannock Rapidan","Not Reported",1219,19,7
12/16/2020,Portsmouth,"Other Race",85,12,5
12/16/2020,"Western Tidewater","Two or more races",87,1,2
12/16/2020,Piedmont,White,1417,101,35
12/16/2020,Chesterfield,Latino,2718,139,12
12/16/2020,Lenowisco,White,3201,197,87
12/16/2020,Lenowisco,"Two or more races",38,3,7
12/16/2020,Hampton,"Not Reported",818,4,1
12/16/2020,Southside,"Not Reported",815,6,4
12/16/2020,Roanoke,Black,993,45,15
12/16/2020,Hampton,Black,1597,118,29
12/16/2020,Alleghany,"Other Race",74,2,0
12/16/2020,Lenowisco,Latino,64,0,0
12/16/2020,Loudoun,"Other Race",850,25,4
12/16/2020,"Central Shenandoah",Latino,1575,70,7
12/16/2020,"Rappahannock Rapidan",Latino,1154,74,8
12/16/2020,"Eastern Shore",Black,980,104,29
12/16/2020,Norfolk,Latino,574,36,0
12/16/2020,Hampton,"Two or more races",55,1,0
12/16/2020,Richmond,Black,2801,320,46
12/16/2020,Henrico,"Two or more races",147,10,2
12/16/2020,Fairfax,"Two or more races",346,13,1
12/16/2020,Alleghany,"Not Reported",2041,9,3
12/16/2020,Portsmouth,"Not Reported",559,8,2
12/16/2020,"Cumberland Plateau","Other Race",9,0,0
12/16/2020,Southside,"Two or more races",139,0,8
12/16/2020,Portsmouth,White,701,64,14
12/16/2020,"Rappahannock Rapidan","Two or more races",64,2,0
12/16/2020,Fairfax,White,9045,696,345
12/16/2020,Fairfax,"Other Race",1726,122,23
12/16/2020,Crater,"Two or more races",25,2,1
12/16/2020,"West Piedmont","Not Reported",1231,17,4
12/16/2020,Henrico,"Other Race",310,20,1
12/16/2020,"Three Rivers",White,1788,102,30
12/16/2020,"Central Virginia",Black,1029,72,27
12/16/2020,Lenowisco,"Other Race",12,0,0
12/16/2020,"Three Rivers","Other Race",45,3,0
12/16/2020,"Western Tidewater",White,1879,108,83
12/16/2020,"Mount Rogers",Black,202,10,3
12/16/2020,"Three Rivers","Not Reported",420,3,1
12/16/2020,"Thomas Jefferson",Black,872,108,19
12/16/2020,"Eastern Shore",White,522,48,21
12/16/2020,"Central Virginia",White,4301,181,61
12/16/2020,Lenowisco,Black,91,4,3
12/16/2020,"Central Virginia","Two or more races",48,1,0
12/16/2020,Richmond,"Two or more races",91,5,1
12/16/2020,Crater,"Not Reported",1325,13,5
12/16/2020,Chesterfield,"Two or more races",106,10,0
12/16/2020,"New River",Latino,295,7,0
12/16/2020,Richmond,Latino,1635,123,8
12/16/2020,Portsmouth,Latino,124,12,1
12/16/2020,Pittsylvania-Danville,"Not Reported",1224,19,3
12/16/2020,Chesapeake,"Not Reported",1065,3,0
12/16/2020,Chickahominy,Latino,169,9,1
12/16/2020,Crater,Black,3083,253,77
12/16/2020,Chesterfield,Black,2439,174,44
12/16/2020,Chesterfield,"Other Race",291,19,0
12/16/2020,Peninsula,Black,2184,150,34
12/16/2020,Roanoke,White,1470,47,62
12/16/2020,"New River",Black,359,6,2
12/16/2020,Southside,Latino,18,2,0
12/16/2020,Peninsula,Latino,618,31,3
12/16/2020,Rappahannock,"Two or more races",108,4,0
12/16/2020,"Virginia Beach",Black,2776,203,36
12/16/2020,"Mount Rogers","Not Reported",971,28,7
12/16/2020,Loudoun,"Not Reported",3080,9,0
12/16/2020,Chesapeake,"Other Race",100,6,1
12/16/2020,Chickahominy,"Two or more races",29,2,0
12/16/2020,Crater,"Other Race",98,0,1
12/16/2020,Norfolk,"Two or more races",98,9,1
12/16/2020,"Eastern Shore","Two or more races",1,1,0
12/16/2020,"Central Shenandoah",White,7832,354,114
12/16/2020,"New River","Other Race",32,0,0
12/16/2020,"New River",White,4833,150,65
12/16/2020,"Central Shenandoah","Other Race",179,4,0
12/16/2020,"West Piedmont",Black,980,126,26
12/16/2020,Alleghany,Latino,276,14,1
12/16/2020,"Central Shenandoah","Not Reported",2419,15,4
12/16/2020,Roanoke,"Two or more races",34,2,0
12/16/2020,Peninsula,"Two or more races",133,5,1
12/16/2020,Richmond,"Not Reported",1253,2,1
12/16/2020,Arlington,"Other Race",245,16,4
12/16/2020,Norfolk,"Not Reported",1554,11,3
12/16/2020,Alexandria,"Other Race",169,12,2
12/16/2020,"Virginia Beach",White,5413,308,67
12/16/2020,Chesapeake,"Two or more races",92,5,0
12/16/2020,Alleghany,White,3998,148,90
12/16/2020,"Rappahannock Rapidan","Other Race",69,4,0
12/16/2020,Chickahominy,"Not Reported",879,3,1
12/16/2020,Portsmouth,Black,2145,282,51
12/16/2020,Chickahominy,"Other Race",54,3,0
12/16/2020,"Virginia Beach",Latino,936,38,6
12/16/2020,Chesapeake,White,3172,204,41
12/16/2020,Southside,Black,842,62,28
12/16/2020,Rappahannock,Latino,1991,126,11
12/16/2020,"Three Rivers","Two or more races",30,2,0
12/16/2020,Henrico,Black,3062,303,106
12/16/2020,Pittsylvania-Danville,Black,1330,136,26
12/16/2020,"Lord Fairfax","Two or more races",65,3,2
12/16/2020,"Prince William",Latino,9684,772,87
12/16/2020,"Mount Rogers","Other Race",35,2,2
12/16/2020,"Central Shenandoah",Black,638,24,10
12/16/2020,Peninsula,White,2521,133,62
12/16/2020,"Eastern Shore","Not Reported",78,0,0
12/16/2020,"Thomas Jefferson","Other Race",231,7,1
12/16/2020,Hampton,"Other Race",123,3,1
12/16/2020,"Lord Fairfax","Not Reported",1168,6,7
12/16/2020,"Central Virginia","Other Race",79,0,0
12/16/2020,"Western Tidewater","Other Race",123,1,2
12/16/2020,Crater,Latino,311,11,5
12/16/2020,Chesapeake,Latino,539,37,2
12/16/2020,Chesterfield,White,4356,262,114
12/16/2020,"Western Tidewater","Not Reported",1399,5,3
12/16/2020,Fairfax,"Not Reported",5256,51,32
12/16/2020,Arlington,Black,644,104,37
12/16/2020,"Central Virginia",Latino,166,7,4
12/16/2020,Alexandria,"Not Reported",562,3,1
12/16/2020,"Three Rivers",Black,1137,84,19
12/16/2020,"Prince William","Two or more races",266,5,0
12/16/2020,Loudoun,"Two or more races",146,6,0
12/16/2020,Peninsula,"Other Race",326,5,1
12/16/2020,"Thomas Jefferson",White,3384,148,60
12/16/2020,Norfolk,"Other Race",145,5,2
12/16/2020,"Prince William","Not Reported",6169,27,2
12/16/2020,"West Piedmont",White,2987,252,87
12/16/2020,Rappahannock,Black,1542,130,22
12/16/2020,Norfolk,Black,3274,338,68
12/16/2020,Roanoke,Latino,630,34,2
12/16/2020,Piedmont,Latino,94,9,2
12/16/2020,Roanoke,"Not Reported",1414,4,1
12/16/2020,"Virginia Beach","Other Race",238,9,0
12/16/2020,Arlington,"Two or more races",91,6,0
12/16/2020,Alexandria,White,1444,85,44
12/16/2020,"Lord Fairfax","Other Race",191,7,1
12/16/2020,"Thomas Jefferson","Not Reported",577,3,0
12/16/2020,"Virginia Beach","Not Reported",3341,34,9
12/16/2020,Loudoun,Black,531,40,9
12/16/2020,Pittsylvania-Danville,Latino,133,5,0
12/16/2020,"Cumberland Plateau","Not Reported",624,9,1
12/16/2020,Chesterfield,"Not Reported",2153,7,12
12/16/2020,"Mount Rogers",White,6895,473,174
12/16/2020,Richmond,White,1733,66,27
12/16/2020,Lenowisco,"Not Reported",492,10,6
12/16/2020,"Three Rivers",Latino,250,6,1
12/16/2020,Piedmont,"Not Reported",1328,13,4
12/16/2020,"Mount Rogers",Latino,416,10,1
12/16/2020,"Central Shenandoah","Two or more races",108,1,1
12/16/2020,Crater,White,1686,87,34
12/16/2020,Arlington,White,2256,169,76
12/16/2020,Pittsylvania-Danville,"Other Race",6,0,0
12/16/2020,Chickahominy,Black,662,68,19
12/16/2020,Fairfax,Black,2993,301,68
12/16/2020,"Eastern Shore",Latino,310,12,3
12/16/2020,Norfolk,White,1797,106,26
12/16/2020,"Mount Rogers","Two or more races",53,2,0
12/16/2020,Alleghany,"Two or more races",45,1,3
12/16/2020,Southside,White,776,51,29
12/16/2020,"Thomas Jefferson","Two or more races",132,6,1
12/16/2020,"Prince William",Black,2653,221,61
12/16/2020,"Lord Fairfax",White,5394,359,134
12/16/2020,"Cumberland Plateau",Latino,33,0,0
12/16/2020,Arlington,"Not Reported",1397,14,2
12/16/2020,Rappahannock,"Other Race",342,6,0
12/16/2020,"Rappahannock Rapidan",Black,609,49,16
12/16/2020,"New River","Two or more races",123,7,8
12/16/2020,Arlington,Latino,2578,284,32
12/16/2020,Henrico,White,3120,216,137
12/16/2020,Loudoun,White,3341,177,108
12/16/2020,Hampton,White,773,31,9
12/16/2020,Alleghany,Black,385,14,9
12/16/2020,"Prince William",White,3877,230,106
12/16/2020,Rappahannock,White,3355,221,70
12/16/2020,Southside,"Other Race",20,1,1
12/16/2020,Portsmouth,"Two or more races",33,6,0
12/16/2020,"Western Tidewater",Black,2636,218,77
12/16/2020,Hampton,Latino,150,9,0
12/16/2020,Henrico,"Not Reported",1918,10,7
12/16/2020,"West Piedmont","Two or more races",27,0,0
12/16/2020,Peninsula,"Not Reported",2114,2,0
12/16/2020,Loudoun,Latino,3332,267,19
12/16/2020,Alexandria,Black,1243,125,20
12/16/2020,Piedmont,Black,1047,99,27
12/16/2020,Roanoke,"Other Race",58,1,0
12/16/2020,Alexandria,"Two or more races",72,2,0
12/16/2020,"Western Tidewater",Latino,80,1,2
12/16/2020,Rappahannock,"Not Reported",2788,35,0
12/16/2020,"West Piedmont","Other Race",30,1,1
12/16/2020,Chickahominy,White,2400,162,59
12/16/2020,"Thomas Jefferson",Latino,1033,43,3
12/16/2020,"Cumberland Plateau",Black,112,1,1
12/16/2020,"Lord Fairfax",Latino,1221,72,10
12/16/2020,"West Piedmont",Latino,427,18,1
12/16/2020,"Cumberland Plateau",White,3245,187,46
12/16/2020,"Eastern Shore","Other Race",16,1,0
12/16/2020,"Cumberland Plateau","Two or more races",6,0,0
12/16/2020,Pittsylvania-Danville,"Two or more races",13,0,0
12/16/2020,Piedmont,"Other Race",24,0,0
12/16/2020,Alexandria,Latino,2621,162,14
12/16/2020,Chesapeake,Black,2751,303,38
12/16/2020,Richmond,"Other Race",220,7,2
12/16/2020,Henrico,Latino,1212,68,14
12/16/2020,Piedmont,"Two or more races",67,2,1
12/16/2020,"Prince William","Other Race",1282,29,0
12/16/2020,"New River","Not Reported",2069,29,0
12/16/2020,"Rappahannock Rapidan",White,2481,113,30
12/16/2020,"Central Virginia","Not Reported",3604,34,9
12/16/2020,"Virginia Beach","Two or more races",174,8,3
12/16/2020,Pittsylvania-Danville,White,1547,116,57
12/16/2020,"Lord Fairfax",Black,316,32,9
12/16/2020,Fairfax,Latino,14948,1216,107
12/16/2020,Chesterfield,"Asian or Pacific Islander",225,9,1
12/16/2020,Crater,"Asian or Pacific Islander",47,0,0
12/16/2020,Fairfax,"Asian or Pacific Islander",3718,355,87
12/16/2020,Hampton,"Asian or Pacific Islander",33,0,0
12/16/2020,"Rappahannock Rapidan","Asian or Pacific Islander",32,3,1
07/17/2020,Norfolk,White,220,28,6
12/16/2020,"Mount Rogers","Asian or Pacific Islander",18,2,0
12/16/2020,"New River","Asian or Pacific Islander",174,1,0
12/16/2020,"Central Virginia","Asian or Pacific Islander",62,2,0
12/16/2020,"Lord Fairfax","Asian or Pacific Islander",65,3,1
12/16/2020,Southside,"Asian or Pacific Islander",5,0,0
12/16/2020,Alleghany,"Asian or Pacific Islander",86,3,0
12/16/2020,Portsmouth,"Asian or Pacific Islander",26,1,0
12/16/2020,Roanoke,"Asian or Pacific Islander",91,4,0
12/16/2020,Richmond,"Asian or Pacific Islander",106,6,1
12/16/2020,"Thomas Jefferson","Asian or Pacific Islander",187,4,1
12/16/2020,"Virginia Beach","Asian or Pacific Islander",556,44,8
12/16/2020,Henrico,"Asian or Pacific Islander",469,13,4
12/16/2020,Piedmont,"Asian or Pacific Islander",15,0,1
12/16/2020,"Western Tidewater","Asian or Pacific Islander",26,2,3
12/16/2020,"West Piedmont","Asian or Pacific Islander",28,2,1
12/16/2020,Chickahominy,"Asian or Pacific Islander",30,3,0
12/16/2020,Peninsula,"Asian or Pacific Islander",114,8,6
12/16/2020,Norfolk,"Asian or Pacific Islander",116,10,0
12/16/2020,Arlington,"Asian or Pacific Islander",376,36,15
12/16/2020,Loudoun,"Asian or Pacific Islander",903,77,14
12/16/2020,Alexandria,"Asian or Pacific Islander",251,12,1
12/16/2020,Rappahannock,"Asian or Pacific Islander",196,13,3
12/16/2020,Chesapeake,"Asian or Pacific Islander",153,14,7
12/16/2020,"Cumberland Plateau and Lenowisco","Asian or Pacific Islander",9,0,0
12/16/2020,"Central Shenandoah","Asian or Pacific Islander",132,4,0
12/16/2020,"Prince William","Asian or Pacific Islander",1152,74,24
12/16/2020,Pittsylvania-Danville,"Asian or Pacific Islander",7,0,0
12/16/2020,"Eastern Shore and Three Rivers","Asian or Pacific Islander",18,1,0
12/16/2020,Piedmont,"Native American",7,0,0
12/16/2020,"New River","Native American",7,0,0
12/16/2020,"Central Shenandoah","Native American",7,1,0
12/16/2020,"Eastern Shore and Three Rivers","Native American",8,0,0
12/16/2020,Fairfax,"Native American",57,1,1
12/16/2020,Chesapeake,"Native American",18,0,0
12/16/2020,"Western Tidewater","Native American",5,0,0
12/16/2020,Portsmouth,"Native American",4,2,0
12/16/2020,Richmond,"Native American",6,0,0
12/16/2020,Chickahominy,"Native American",16,1,0
12/16/2020,"Thomas Jefferson","Native American",7,0,0
12/16/2020,Arlington,"Native American",7,0,0
12/16/2020,"Virginia Beach","Native American",18,0,0
12/16/2020,Peninsula,"Native American",8,2,1
12/16/2020,Hampton,"Native American",4,0,1
12/16/2020,"West Piedmont","Native American",4,0,0
12/16/2020,"Cumberland Plateau, Lenowisco, and Mount Rogers","Native American",19,0,0
12/16/2020,Henrico,"Native American",22,0,0
12/16/2020,Norfolk,"Native American",14,1,1
12/16/2020,"Prince William","Native American",43,1,1
12/16/2020,"Central Virginia","Native American",17,0,0
12/16/2020,Chesterfield,"Native American",12,1,0
12/16/2020,Rappahannock,"Native American",10,0,0
12/16/2020,Loudoun,"Native American",10,0,0
12/16/2020,Alexandria,"Native American",5,0,0
12/16/2020,"Alleghany and Roanoke","Native American",8,0,0
12/16/2020,Crater,"Native American",7,1,1
12/16/2020,"Rappahannock Rapidan","Native American",6,0,0
12/16/2020,"Lord Fairfax","Native American",6,1,1
12/16/2020,"Pittsylvania-Danville and Southside","Native American",6,1,0
12/17/2020,"Rappahannock Rapidan","Not Reported",1264,21,7
12/17/2020,Portsmouth,"Other Race",85,12,5
12/17/2020,"Western Tidewater","Two or more races",87,1,2
12/17/2020,Piedmont,White,1421,101,35
12/17/2020,Chesterfield,Latino,2735,139,13
12/17/2020,Lenowisco,White,3247,199,88
12/17/2020,Lenowisco,"Two or more races",38,3,7
12/17/2020,Hampton,"Not Reported",841,4,1
12/17/2020,Southside,"Not Reported",822,6,4
12/17/2020,Roanoke,Black,1006,45,15
12/17/2020,Hampton,Black,1625,126,30
12/17/2020,Alleghany,"Other Race",75,2,0
12/17/2020,Lenowisco,Latino,65,0,0
12/17/2020,Loudoun,"Other Race",850,27,4
12/17/2020,"Central Shenandoah",Latino,1606,72,7
12/17/2020,"Rappahannock Rapidan",Latino,1166,74,8
12/17/2020,"Eastern Shore",Black,984,105,29
12/17/2020,Norfolk,Latino,577,36,0
12/17/2020,Hampton,"Two or more races",58,1,0
12/17/2020,Richmond,Black,2829,320,46
12/17/2020,Henrico,"Two or more races",149,10,2
12/17/2020,Fairfax,"Two or more races",353,13,1
12/17/2020,Alleghany,"Not Reported",2072,9,3
12/17/2020,Portsmouth,"Not Reported",568,8,2
12/17/2020,"Cumberland Plateau","Other Race",9,0,0
12/17/2020,Southside,"Two or more races",139,0,9
12/17/2020,Portsmouth,White,717,65,14
12/17/2020,"Rappahannock Rapidan","Two or more races",64,2,0
12/17/2020,Fairfax,White,9165,703,345
12/17/2020,Fairfax,"Other Race",1746,121,23
12/17/2020,Crater,"Two or more races",25,2,1
12/17/2020,"West Piedmont","Not Reported",1250,17,4
12/17/2020,Henrico,"Other Race",310,20,1
12/17/2020,"Three Rivers",White,1815,102,32
12/17/2020,"Central Virginia",Black,1041,72,27
12/17/2020,Lenowisco,"Other Race",12,0,0
12/17/2020,"Three Rivers","Other Race",47,3,0
12/17/2020,"Western Tidewater",White,1932,111,83
12/17/2020,"Mount Rogers",Black,203,10,3
12/17/2020,"Three Rivers","Not Reported",432,3,1
12/17/2020,"Thomas Jefferson",Black,884,110,19
12/17/2020,"Eastern Shore",White,532,49,22
12/17/2020,"Central Virginia",White,4370,186,62
12/17/2020,Lenowisco,Black,92,4,3
12/17/2020,"Central Virginia","Two or more races",48,1,0
12/17/2020,Richmond,"Two or more races",91,5,1
12/17/2020,Crater,"Not Reported",1342,13,5
12/17/2020,Chesterfield,"Two or more races",109,10,0
12/17/2020,"New River",Latino,296,7,0
12/17/2020,Richmond,Latino,1639,123,8
12/17/2020,Portsmouth,Latino,125,12,1
12/17/2020,Pittsylvania-Danville,"Not Reported",1232,19,3
12/17/2020,Chesapeake,"Not Reported",1105,3,0
12/17/2020,Chickahominy,Latino,169,9,1
12/17/2020,Crater,Black,3100,255,77
12/17/2020,Chesterfield,Black,2471,174,44
12/17/2020,Chesterfield,"Other Race",291,18,0
12/17/2020,Peninsula,Black,2211,152,34
12/17/2020,Roanoke,White,1491,46,65
12/17/2020,"New River",Black,362,6,3
12/17/2020,Southside,Latino,19,2,0
12/17/2020,Peninsula,Latino,622,31,3
12/17/2020,Rappahannock,"Two or more races",108,4,0
12/17/2020,"Virginia Beach",Black,2797,204,36
12/17/2020,"Mount Rogers","Not Reported",1016,32,8
12/17/2020,Loudoun,"Not Reported",3108,9,0
12/17/2020,Chesapeake,"Other Race",100,6,1
12/17/2020,Chickahominy,"Two or more races",29,2,0
12/17/2020,Crater,"Other Race",98,0,1
12/17/2020,Norfolk,"Two or more races",100,10,1
12/17/2020,"Eastern Shore","Two or more races",1,1,0
12/17/2020,"Central Shenandoah",White,8103,356,117
12/17/2020,"New River","Other Race",33,0,0
12/17/2020,"New River",White,4903,150,67
12/17/2020,"Central Shenandoah","Other Race",188,4,0
12/17/2020,"West Piedmont",Black,986,127,26
12/17/2020,Alleghany,Latino,278,14,1
12/17/2020,"Central Shenandoah","Not Reported",2456,15,4
12/17/2020,Roanoke,"Two or more races",34,2,0
12/17/2020,Peninsula,"Two or more races",136,5,1
12/17/2020,Richmond,"Not Reported",1268,2,1
12/17/2020,Arlington,"Other Race",252,16,4
12/17/2020,Norfolk,"Not Reported",1554,11,3
12/17/2020,Alexandria,"Other Race",172,12,2
12/17/2020,"Virginia Beach",White,5520,312,68
12/17/2020,Chesapeake,"Two or more races",92,5,1
12/17/2020,Alleghany,White,4071,155,92
12/17/2020,"Rappahannock Rapidan","Other Race",74,4,0
12/17/2020,Chickahominy,"Not Reported",885,3,1
12/17/2020,Portsmouth,Black,2163,283,51
12/17/2020,Chickahominy,"Other Race",55,3,0
12/17/2020,"Virginia Beach",Latino,946,38,6
12/17/2020,Chesapeake,White,3236,204,43
12/17/2020,Southside,Black,850,62,28
12/17/2020,Rappahannock,Latino,1999,126,11
12/17/2020,"Three Rivers","Two or more races",30,2,0
12/17/2020,Henrico,Black,3090,303,106
12/17/2020,Pittsylvania-Danville,Black,1338,136,26
12/17/2020,"Lord Fairfax","Two or more races",65,3,2
12/17/2020,"Prince William",Latino,9760,772,87
12/17/2020,"Mount Rogers","Other Race",36,2,2
12/17/2020,"Central Shenandoah",Black,651,24,10
12/17/2020,Peninsula,White,2581,134,62
12/17/2020,"Eastern Shore","Not Reported",77,0,0
12/17/2020,"Thomas Jefferson","Other Race",235,8,1
12/17/2020,Hampton,"Other Race",123,4,1
12/17/2020,"Lord Fairfax","Not Reported",1215,6,7
12/17/2020,"Central Virginia","Other Race",82,0,0
12/17/2020,"Western Tidewater","Other Race",125,1,2
12/17/2020,Crater,Latino,311,11,5
12/17/2020,Chesapeake,Latino,541,37,2
12/17/2020,Chesterfield,White,4399,267,115
12/17/2020,"Western Tidewater","Not Reported",1373,5,3
12/17/2020,Fairfax,"Not Reported",5317,52,32
12/17/2020,Arlington,Black,645,104,37
12/17/2020,"Central Virginia",Latino,166,7,4
12/17/2020,Alexandria,"Not Reported",565,3,1
12/17/2020,"Three Rivers",Black,1147,84,20
12/17/2020,"Prince William","Two or more races",278,5,0
12/17/2020,Loudoun,"Two or more races",147,6,0
12/17/2020,Peninsula,"Other Race",334,5,1
12/17/2020,"Thomas Jefferson",White,3432,153,61
12/17/2020,Norfolk,"Other Race",145,5,2
12/17/2020,"Prince William","Not Reported",6231,27,2
12/17/2020,"West Piedmont",White,3024,253,87
12/17/2020,Rappahannock,Black,1553,130,22
12/17/2020,Norfolk,Black,3302,345,68
12/17/2020,Roanoke,Latino,635,34,2
12/17/2020,Piedmont,Latino,95,9,2
12/17/2020,Roanoke,"Not Reported",1433,4,1
12/17/2020,"Virginia Beach","Other Race",245,9,0
12/17/2020,Arlington,"Two or more races",92,6,0
12/17/2020,Alexandria,White,1461,89,44
12/17/2020,"Lord Fairfax","Other Race",194,7,1
12/17/2020,"Thomas Jefferson","Not Reported",592,5,1
12/17/2020,"Virginia Beach","Not Reported",3387,34,9
12/17/2020,Loudoun,Black,541,40,10
12/17/2020,Pittsylvania-Danville,Latino,134,5,0
12/17/2020,"Cumberland Plateau","Not Reported",647,9,1
12/17/2020,Chesterfield,"Not Reported",2170,8,12
12/17/2020,"Mount Rogers",White,7010,478,174
12/17/2020,Richmond,White,1746,66,28
12/17/2020,Lenowisco,"Not Reported",505,10,6
12/17/2020,"Three Rivers",Latino,251,6,1
12/17/2020,Piedmont,"Not Reported",1324,13,4
12/17/2020,"Mount Rogers",Latino,418,11,1
12/17/2020,"Central Shenandoah","Two or more races",111,1,1
12/17/2020,Crater,White,1704,89,34
12/17/2020,Arlington,White,2280,170,77
12/17/2020,Pittsylvania-Danville,"Other Race",6,0,0
12/17/2020,Chickahominy,Black,669,68,19
12/17/2020,Fairfax,Black,3009,303,68
12/17/2020,"Eastern Shore",Latino,311,12,3
12/17/2020,Norfolk,White,1826,106,26
12/17/2020,"Mount Rogers","Two or more races",54,2,0
12/17/2020,Alleghany,"Two or more races",45,1,3
12/17/2020,Southside,White,791,51,29
12/17/2020,"Thomas Jefferson","Two or more races",135,6,1
12/17/2020,"Prince William",Black,2698,224,61
12/17/2020,"Lord Fairfax",White,5511,363,136
12/17/2020,"Cumberland Plateau",Latino,33,0,0
12/17/2020,Arlington,"Not Reported",1418,14,2
12/17/2020,Rappahannock,"Other Race",352,6,0
12/17/2020,"Rappahannock Rapidan",Black,618,51,16
12/17/2020,"New River","Two or more races",124,7,8
12/17/2020,Arlington,Latino,2588,285,32
12/17/2020,Henrico,White,3147,217,137
12/17/2020,Loudoun,White,3381,181,108
12/17/2020,Hampton,White,795,33,9
12/17/2020,Alleghany,Black,387,14,10
12/17/2020,"Prince William",White,3961,231,108
12/17/2020,Rappahannock,White,3398,222,71
12/17/2020,Southside,"Other Race",20,1,1
12/17/2020,Portsmouth,"Two or more races",34,6,0
12/17/2020,"Western Tidewater",Black,2673,219,77
12/17/2020,Hampton,Latino,155,9,0
12/17/2020,Henrico,"Not Reported",1919,10,7
12/17/2020,"West Piedmont","Two or more races",29,0,0
12/17/2020,Peninsula,"Not Reported",2137,2,0
12/17/2020,Loudoun,Latino,3351,272,19
12/17/2020,Alexandria,Black,1249,126,20
12/17/2020,Piedmont,Black,1048,99,27
12/17/2020,Roanoke,"Other Race",59,1,0
12/17/2020,Alexandria,"Two or more races",72,2,0
12/17/2020,"Western Tidewater",Latino,80,1,2
12/17/2020,Rappahannock,"Not Reported",2822,35,0
12/17/2020,"West Piedmont","Other Race",28,1,1
12/17/2020,Chickahominy,White,2414,163,62
12/17/2020,"Thomas Jefferson",Latino,1049,44,3
12/17/2020,"Cumberland Plateau",Black,112,1,1
12/17/2020,"Lord Fairfax",Latino,1236,72,10
12/17/2020,"West Piedmont",Latino,439,18,1
12/17/2020,"Cumberland Plateau",White,3296,193,48
12/17/2020,"Eastern Shore","Other Race",16,1,0
12/17/2020,"Cumberland Plateau","Two or more races",6,0,0
12/17/2020,Pittsylvania-Danville,"Two or more races",13,0,0
12/17/2020,Piedmont,"Other Race",24,0,0
12/17/2020,Alexandria,Latino,2643,163,14
12/17/2020,Chesapeake,Black,2785,305,38
12/17/2020,Richmond,"Other Race",219,7,2
12/17/2020,Henrico,Latino,1229,69,14
12/17/2020,Piedmont,"Two or more races",67,2,1
12/17/2020,"Prince William","Other Race",1295,29,0
12/17/2020,"New River","Not Reported",2120,29,0
12/17/2020,"Rappahannock Rapidan",White,2524,113,30
12/17/2020,"Central Virginia","Not Reported",3679,34,9
12/17/2020,"Virginia Beach","Two or more races",175,8,3
12/17/2020,Pittsylvania-Danville,White,1567,117,58
12/17/2020,"Lord Fairfax",Black,324,33,9
12/17/2020,Fairfax,Latino,15082,1220,107
12/17/2020,Chesterfield,"Asian or Pacific Islander",226,10,2
12/17/2020,Crater,"Asian or Pacific Islander",47,0,0
12/17/2020,Fairfax,"Asian or Pacific Islander",3760,361,88
12/17/2020,Hampton,"Asian or Pacific Islander",35,0,0
12/17/2020,"Rappahannock Rapidan","Asian or Pacific Islander",33,3,1
07/17/2020,Roanoke,White,100,5,8
12/17/2020,"Mount Rogers","Asian or Pacific Islander",18,2,0
12/17/2020,"New River","Asian or Pacific Islander",174,1,0
12/17/2020,"Central Virginia","Asian or Pacific Islander",68,3,0
12/17/2020,"Lord Fairfax","Asian or Pacific Islander",65,3,1
12/17/2020,Southside,"Asian or Pacific Islander",5,0,0
12/17/2020,Alleghany,"Asian or Pacific Islander",88,3,0
12/17/2020,Portsmouth,"Asian or Pacific Islander",26,1,0
12/17/2020,Roanoke,"Asian or Pacific Islander",93,4,0
12/17/2020,Richmond,"Asian or Pacific Islander",107,6,1
12/17/2020,"Thomas Jefferson","Asian or Pacific Islander",189,4,1
12/17/2020,"Virginia Beach","Asian or Pacific Islander",563,44,8
12/17/2020,Henrico,"Asian or Pacific Islander",479,13,4
12/17/2020,Piedmont,"Asian or Pacific Islander",16,0,1
12/17/2020,"Western Tidewater","Asian or Pacific Islander",27,2,3
12/17/2020,"West Piedmont","Asian or Pacific Islander",28,2,1
12/17/2020,Chickahominy,"Asian or Pacific Islander",31,3,0
12/17/2020,Peninsula,"Asian or Pacific Islander",115,8,6
12/17/2020,Norfolk,"Asian or Pacific Islander",117,10,0
12/17/2020,Arlington,"Asian or Pacific Islander",379,36,15
12/17/2020,Loudoun,"Asian or Pacific Islander",909,77,14
12/17/2020,Alexandria,"Asian or Pacific Islander",254,12,1
12/17/2020,Rappahannock,"Asian or Pacific Islander",197,13,3
12/17/2020,Chesapeake,"Asian or Pacific Islander",153,14,7
12/17/2020,"Cumberland Plateau and Lenowisco","Asian or Pacific Islander",10,0,0
12/17/2020,"Central Shenandoah","Asian or Pacific Islander",134,4,0
12/17/2020,"Prince William","Asian or Pacific Islander",1168,74,24
12/17/2020,Pittsylvania-Danville,"Asian or Pacific Islander",7,0,0
12/17/2020,"Eastern Shore and Three Rivers","Asian or Pacific Islander",18,1,0
12/17/2020,Piedmont,"Native American",7,0,0
12/17/2020,"New River","Native American",7,0,0
12/17/2020,"Central Shenandoah","Native American",7,1,0
12/17/2020,"Eastern Shore and Three Rivers","Native American",8,0,0
12/17/2020,Fairfax,"Native American",58,1,1
12/17/2020,Chesapeake,"Native American",19,0,0
12/17/2020,"Western Tidewater","Native American",5,0,0
12/17/2020,Portsmouth,"Native American",4,2,0
12/17/2020,Richmond,"Native American",6,0,0
12/17/2020,Chickahominy,"Native American",16,1,0
12/17/2020,"Thomas Jefferson","Native American",7,0,0
12/17/2020,Arlington,"Native American",7,0,0
12/17/2020,"Virginia Beach","Native American",19,0,0
12/17/2020,Peninsula,"Native American",9,2,1
12/17/2020,Hampton,"Native American",4,0,1
12/17/2020,"West Piedmont","Native American",4,0,0
12/17/2020,"Cumberland Plateau, Lenowisco, and Mount Rogers","Native American",19,0,0
12/17/2020,Henrico,"Native American",22,0,0
12/17/2020,Norfolk,"Native American",14,1,1
12/17/2020,"Prince William","Native American",43,1,1
12/17/2020,"Central Virginia","Native American",18,0,0
12/17/2020,Chesterfield,"Native American",11,1,0
12/17/2020,Rappahannock,"Native American",10,0,0
12/17/2020,Loudoun,"Native American",10,0,0
12/17/2020,Alexandria,"Native American",5,0,0
12/17/2020,"Alleghany and Roanoke","Native American",8,0,0
12/17/2020,Crater,"Native American",7,1,1
12/17/2020,"Rappahannock Rapidan","Native American",6,0,0
12/17/2020,"Lord Fairfax","Native American",6,1,1
12/17/2020,"Pittsylvania-Danville and Southside","Native American",6,1,0
12/18/2020,"Rappahannock Rapidan","Not Reported",1274,21,7
12/18/2020,Portsmouth,"Other Race",85,12,5
12/18/2020,"Western Tidewater","Two or more races",90,1,2
12/18/2020,Piedmont,White,1443,101,35
12/18/2020,Chesterfield,Latino,2756,140,13
12/18/2020,Lenowisco,White,3299,202,88
12/18/2020,Lenowisco,"Two or more races",38,3,7
12/18/2020,Hampton,"Not Reported",852,4,1
12/18/2020,Southside,"Not Reported",829,6,4
12/18/2020,Roanoke,Black,1013,45,15
12/18/2020,Hampton,Black,1647,127,31
12/18/2020,Alleghany,"Other Race",75,2,0
12/18/2020,Lenowisco,Latino,65,0,0
12/18/2020,Loudoun,"Other Race",854,27,4
12/18/2020,"Central Shenandoah",Latino,1615,72,7
12/18/2020,"Rappahannock Rapidan",Latino,1183,75,8
12/18/2020,"Eastern Shore",Black,985,105,29
12/18/2020,Norfolk,Latino,580,36,0
12/18/2020,Hampton,"Two or more races",59,1,0
12/18/2020,Richmond,Black,2853,324,47
12/18/2020,Henrico,"Two or more races",150,11,2
12/18/2020,Fairfax,"Two or more races",358,13,1
12/18/2020,Alleghany,"Not Reported",2083,9,3
12/18/2020,Portsmouth,"Not Reported",580,8,2
12/18/2020,"Cumberland Plateau","Other Race",9,0,0
12/18/2020,Southside,"Two or more races",139,0,10
12/18/2020,Portsmouth,White,730,67,14
12/18/2020,"Rappahannock Rapidan","Two or more races",65,2,0
12/18/2020,Fairfax,White,9284,708,345
12/18/2020,Fairfax,"Other Race",1759,123,23
12/18/2020,Crater,"Two or more races",26,2,1
12/18/2020,"West Piedmont","Not Reported",1270,18,4
12/18/2020,Henrico,"Other Race",318,20,1
12/18/2020,"Three Rivers",White,1854,103,33
12/18/2020,"Central Virginia",Black,1054,72,27
12/18/2020,Lenowisco,"Other Race",12,0,0
12/18/2020,"Three Rivers","Other Race",49,3,0
12/18/2020,"Western Tidewater",White,1945,114,83
12/18/2020,"Mount Rogers",Black,205,10,3
12/18/2020,"Three Rivers","Not Reported",452,3,1
12/18/2020,"Thomas Jefferson",Black,888,112,20
12/18/2020,"Eastern Shore",White,538,49,22
12/18/2020,"Central Virginia",White,4413,187,64
12/18/2020,Lenowisco,Black,92,4,3
12/18/2020,"Central Virginia","Two or more races",48,1,0
12/18/2020,Richmond,"Two or more races",92,5,1
12/18/2020,Crater,"Not Reported",1341,13,5
12/18/2020,Chesterfield,"Two or more races",109,10,0
12/18/2020,"New River",Latino,299,7,0
12/18/2020,Richmond,Latino,1642,123,8
12/18/2020,Portsmouth,Latino,125,12,1
12/18/2020,Pittsylvania-Danville,"Not Reported",1275,19,3
12/18/2020,Chesapeake,"Not Reported",1121,4,0
12/18/2020,Chickahominy,Latino,175,9,1
12/18/2020,Crater,Black,3115,256,77
12/18/2020,Chesterfield,Black,2528,175,44
12/18/2020,Chesterfield,"Other Race",295,19,0
12/18/2020,Peninsula,Black,2244,155,34
12/18/2020,Roanoke,White,1507,47,66
12/18/2020,"New River",Black,365,8,3
12/18/2020,Southside,Latino,19,2,0
12/18/2020,Peninsula,Latino,627,31,3
12/18/2020,Rappahannock,"Two or more races",108,5,1
12/18/2020,"Virginia Beach",Black,2833,208,37
12/18/2020,"Mount Rogers","Not Reported",1033,33,8
12/18/2020,Loudoun,"Not Reported",3140,9,0
12/18/2020,Chesapeake,"Other Race",103,6,1
12/18/2020,Chickahominy,"Two or more races",31,2,0
12/18/2020,Crater,"Other Race",98,0,1
12/18/2020,Norfolk,"Two or more races",103,9,1
12/18/2020,"Eastern Shore","Two or more races",1,1,0
12/18/2020,"Central Shenandoah",White,8232,358,117
12/18/2020,"New River","Other Race",33,0,0
12/18/2020,"New River",White,4961,162,72
12/18/2020,"Central Shenandoah","Other Race",190,4,0
12/18/2020,"West Piedmont",Black,988,128,26
12/18/2020,Alleghany,Latino,279,14,1
12/18/2020,"Central Shenandoah","Not Reported",2486,16,4
12/18/2020,Roanoke,"Two or more races",34,2,0
12/18/2020,Peninsula,"Two or more races",143,5,1
12/18/2020,Richmond,"Not Reported",1278,2,1
12/18/2020,Arlington,"Other Race",253,17,4
12/18/2020,Norfolk,"Not Reported",1563,11,3
12/18/2020,Alexandria,"Other Race",171,12,2
12/18/2020,"Virginia Beach",White,5612,322,69
12/18/2020,Chesapeake,"Two or more races",96,5,1
12/18/2020,Alleghany,White,4140,162,97
12/18/2020,"Rappahannock Rapidan","Other Race",76,4,0
12/18/2020,Chickahominy,"Not Reported",901,3,1
12/18/2020,Portsmouth,Black,2174,290,52
12/18/2020,Chickahominy,"Other Race",55,3,0
12/18/2020,"Virginia Beach",Latino,958,38,6
12/18/2020,Chesapeake,White,3298,208,43
12/18/2020,Southside,Black,860,63,28
12/18/2020,Rappahannock,Latino,2021,128,11
12/18/2020,"Three Rivers","Two or more races",30,2,0
12/18/2020,Henrico,Black,3134,306,107
12/18/2020,Pittsylvania-Danville,Black,1351,137,27
12/18/2020,"Lord Fairfax","Two or more races",67,3,2
12/18/2020,"Prince William",Latino,9841,776,87
12/18/2020,"Mount Rogers","Other Race",36,2,2
12/18/2020,"Central Shenandoah",Black,662,25,10
12/18/2020,Peninsula,White,2639,134,63
12/18/2020,"Eastern Shore","Not Reported",77,0,0
12/18/2020,"Thomas Jefferson","Other Race",237,8,1
12/18/2020,Hampton,"Other Race",124,4,1
12/18/2020,"Lord Fairfax","Not Reported",1240,6,7
12/18/2020,"Central Virginia","Other Race",83,0,0
12/18/2020,"Western Tidewater","Other Race",126,1,2
12/18/2020,Crater,Latino,311,11,5
12/18/2020,Chesapeake,Latino,549,37,2
12/18/2020,Chesterfield,White,4478,269,118
12/18/2020,"Western Tidewater","Not Reported",1391,5,3
12/18/2020,Fairfax,"Not Reported",5358,53,32
12/18/2020,Arlington,Black,650,104,37
12/18/2020,"Central Virginia",Latino,167,7,4
12/18/2020,Alexandria,"Not Reported",571,3,1
12/18/2020,"Three Rivers",Black,1159,86,20
12/18/2020,"Prince William","Two or more races",282,5,0
12/18/2020,Loudoun,"Two or more races",147,6,0
12/18/2020,Peninsula,"Other Race",337,5,1
12/18/2020,"Thomas Jefferson",White,3449,156,61
12/18/2020,Norfolk,"Other Race",148,5,2
12/18/2020,"Prince William","Not Reported",6250,27,2
12/18/2020,"West Piedmont",White,3055,253,87
12/18/2020,Rappahannock,Black,1575,132,23
12/18/2020,Norfolk,Black,3320,346,68
12/18/2020,Roanoke,Latino,639,34,2
12/18/2020,Piedmont,Latino,96,10,2
12/18/2020,Roanoke,"Not Reported",1449,4,1
12/18/2020,"Virginia Beach","Other Race",250,9,0
12/18/2020,Arlington,"Two or more races",95,7,1
12/18/2020,Alexandria,White,1476,89,44
12/18/2020,"Lord Fairfax","Other Race",198,7,1
12/18/2020,"Thomas Jefferson","Not Reported",593,5,1
12/18/2020,"Virginia Beach","Not Reported",3411,35,9
12/18/2020,Loudoun,Black,542,40,10
12/18/2020,Pittsylvania-Danville,Latino,135,5,0
12/18/2020,"Cumberland Plateau","Not Reported",656,10,2
12/18/2020,Chesterfield,"Not Reported",2203,8,12
12/18/2020,"Mount Rogers",White,7091,490,183
12/18/2020,Richmond,White,1761,66,28
12/18/2020,Lenowisco,"Not Reported",519,11,6
12/18/2020,"Three Rivers",Latino,258,6,1
12/18/2020,Piedmont,"Not Reported",1361,13,4
12/18/2020,"Mount Rogers",Latino,418,11,1
12/18/2020,"Central Shenandoah","Two or more races",113,1,1
12/18/2020,Crater,White,1720,89,34
12/18/2020,Arlington,White,2290,170,77
12/18/2020,Pittsylvania-Danville,"Other Race",6,0,0
12/18/2020,Chickahominy,Black,670,69,20
12/18/2020,Fairfax,Black,3038,303,68
12/18/2020,"Eastern Shore",Latino,313,12,3
12/18/2020,Norfolk,White,1837,107,26
12/18/2020,"Mount Rogers","Two or more races",55,2,0
12/18/2020,Alleghany,"Two or more races",45,1,3
12/18/2020,Southside,White,795,51,29
12/18/2020,"Thomas Jefferson","Two or more races",135,6,1
12/18/2020,"Prince William",Black,2724,226,61
12/18/2020,"Lord Fairfax",White,5588,367,136
12/18/2020,"Cumberland Plateau",Latino,33,0,0
12/18/2020,Arlington,"Not Reported",1428,14,2
12/18/2020,Rappahannock,"Other Race",353,6,0
12/18/2020,"Rappahannock Rapidan",Black,621,51,15
12/18/2020,"New River","Two or more races",125,8,8
12/18/2020,Arlington,Latino,2606,285,32
12/18/2020,Henrico,White,3193,220,137
12/18/2020,Loudoun,White,3413,183,108
12/18/2020,Hampton,White,799,33,9
12/18/2020,Alleghany,Black,394,14,10
12/18/2020,"Prince William",White,4027,233,109
12/18/2020,Rappahannock,White,3455,223,71
12/18/2020,Southside,"Other Race",20,1,1
12/18/2020,Portsmouth,"Two or more races",35,6,0
12/18/2020,"Western Tidewater",Black,2683,222,77
12/18/2020,Hampton,Latino,156,9,0
12/18/2020,Henrico,"Not Reported",1944,10,7
12/18/2020,"West Piedmont","Two or more races",30,0,0
12/18/2020,Peninsula,"Not Reported",2198,2,1
12/18/2020,Loudoun,Latino,3367,274,19
12/18/2020,Alexandria,Black,1255,126,20
12/18/2020,Piedmont,Black,1061,101,27
12/18/2020,Roanoke,"Other Race",59,1,0
12/18/2020,Alexandria,"Two or more races",72,2,0
12/18/2020,"Western Tidewater",Latino,82,1,2
12/18/2020,Rappahannock,"Not Reported",2863,35,0
12/18/2020,"West Piedmont","Other Race",30,1,1
12/18/2020,Chickahominy,White,2437,166,62
12/18/2020,"Thomas Jefferson",Latino,1053,44,3
12/18/2020,"Cumberland Plateau",Black,112,1,1
12/18/2020,"Lord Fairfax",Latino,1242,72,10
12/18/2020,"West Piedmont",Latino,441,19,1
12/18/2020,"Cumberland Plateau",White,3359,194,48
12/18/2020,"Eastern Shore","Other Race",16,1,0
12/18/2020,"Cumberland Plateau","Two or more races",6,0,0
12/18/2020,Pittsylvania-Danville,"Two or more races",13,0,0
12/18/2020,Piedmont,"Other Race",24,0,0
12/18/2020,Alexandria,Latino,2646,164,14
12/18/2020,Chesapeake,Black,2828,307,38
12/18/2020,Richmond,"Other Race",219,9,2
12/18/2020,Henrico,Latino,1238,69,14
12/18/2020,Piedmont,"Two or more races",67,2,1
12/18/2020,"Prince William","Other Race",1313,30,0
12/18/2020,"New River","Not Reported",2121,30,0
12/18/2020,"Rappahannock Rapidan",White,2546,114,31
12/18/2020,"Central Virginia","Not Reported",3677,34,9
12/18/2020,"Virginia Beach","Two or more races",179,8,3
12/18/2020,Pittsylvania-Danville,White,1601,117,58
12/18/2020,"Lord Fairfax",Black,324,33,9
12/18/2020,Fairfax,Latino,15210,1223,109
12/18/2020,Chesterfield,"Asian or Pacific Islander",229,10,2
12/18/2020,Crater,"Asian or Pacific Islander",47,0,0
12/18/2020,Fairfax,"Asian or Pacific Islander",3818,368,88
12/18/2020,Hampton,"Asian or Pacific Islander",37,0,0
12/18/2020,"Rappahannock Rapidan","Asian or Pacific Islander",34,3,1
07/18/2020,Fairfax,White,2341,408,273
12/18/2020,"Mount Rogers","Asian or Pacific Islander",18,2,0
12/18/2020,"New River","Asian or Pacific Islander",174,1,0
12/18/2020,"Central Virginia","Asian or Pacific Islander",68,3,0
12/18/2020,"Lord Fairfax","Asian or Pacific Islander",66,3,1
12/18/2020,Southside,"Asian or Pacific Islander",5,0,0
12/18/2020,Alleghany,"Asian or Pacific Islander",88,3,0
12/18/2020,Portsmouth,"Asian or Pacific Islander",27,1,0
12/18/2020,Roanoke,"Asian or Pacific Islander",93,4,0
12/18/2020,Richmond,"Asian or Pacific Islander",110,6,1
12/18/2020,"Thomas Jefferson","Asian or Pacific Islander",190,4,1
12/18/2020,"Virginia Beach","Asian or Pacific Islander",577,47,8
12/18/2020,Henrico,"Asian or Pacific Islander",489,14,4
12/18/2020,Piedmont,"Asian or Pacific Islander",16,0,1
12/18/2020,"Western Tidewater","Asian or Pacific Islander",27,2,3
12/18/2020,"West Piedmont","Asian or Pacific Islander",28,2,1
12/18/2020,Chickahominy,"Asian or Pacific Islander",31,3,0
12/18/2020,Peninsula,"Asian or Pacific Islander",118,8,6
12/18/2020,Norfolk,"Asian or Pacific Islander",119,10,0
12/18/2020,Arlington,"Asian or Pacific Islander",381,36,15
12/18/2020,Loudoun,"Asian or Pacific Islander",913,77,14
12/18/2020,Alexandria,"Asian or Pacific Islander",259,13,1
12/18/2020,Rappahannock,"Asian or Pacific Islander",198,13,3
12/18/2020,Chesapeake,"Asian or Pacific Islander",153,14,7
12/18/2020,"Cumberland Plateau and Lenowisco","Asian or Pacific Islander",11,0,0
12/18/2020,"Central Shenandoah","Asian or Pacific Islander",134,4,0
12/18/2020,"Prince William","Asian or Pacific Islander",1183,75,24
12/18/2020,Pittsylvania-Danville,"Asian or Pacific Islander",7,0,0
12/18/2020,"Eastern Shore and Three Rivers","Asian or Pacific Islander",18,1,0
12/18/2020,Piedmont,"Native American",7,0,0
12/18/2020,"New River","Native American",7,0,0
12/18/2020,"Central Shenandoah","Native American",7,1,0
12/18/2020,"Eastern Shore and Three Rivers","Native American",8,0,0
12/18/2020,Fairfax,"Native American",60,1,1
12/18/2020,Chesapeake,"Native American",20,0,0
12/18/2020,"Western Tidewater","Native American",5,0,0
12/18/2020,Portsmouth,"Native American",4,2,0
12/18/2020,Richmond,"Native American",6,0,0
12/18/2020,Chickahominy,"Native American",16,1,0
12/18/2020,"Thomas Jefferson","Native American",7,0,0
12/18/2020,Arlington,"Native American",7,0,0
12/18/2020,"Virginia Beach","Native American",20,0,0
12/18/2020,Peninsula,"Native American",9,2,1
12/18/2020,Hampton,"Native American",4,0,1
12/18/2020,"West Piedmont","Native American",4,0,0
12/18/2020,"Cumberland Plateau, Lenowisco, and Mount Rogers","Native American",19,0,0
12/18/2020,Henrico,"Native American",22,0,0
12/18/2020,Norfolk,"Native American",14,1,1
12/18/2020,"Prince William","Native American",43,1,1
12/18/2020,"Central Virginia","Native American",18,0,0
12/18/2020,Chesterfield,"Native American",11,1,0
12/18/2020,Rappahannock,"Native American",10,0,0
12/18/2020,Loudoun,"Native American",10,0,0
12/18/2020,Alexandria,"Native American",6,0,0
12/18/2020,"Alleghany and Roanoke","Native American",8,0,0
12/18/2020,Crater,"Native American",7,1,1
12/18/2020,"Rappahannock Rapidan","Native American",6,0,0
12/18/2020,"Lord Fairfax","Native American",6,1,1
12/18/2020,"Pittsylvania-Danville and Southside","Native American",6,1,0
12/19/2020,"Rappahannock Rapidan","Not Reported",1296,20,7
12/19/2020,Portsmouth,"Other Race",90,12,5
12/19/2020,"Western Tidewater","Two or more races",92,1,2
12/19/2020,Piedmont,White,1462,103,35
12/19/2020,Chesterfield,Latino,2776,140,13
12/19/2020,Lenowisco,White,3358,206,88
12/19/2020,Lenowisco,"Two or more races",39,3,7
12/19/2020,Hampton,"Not Reported",864,4,1
12/19/2020,Southside,"Not Reported",832,6,4
12/19/2020,Roanoke,Black,1018,45,16
12/19/2020,Hampton,Black,1673,132,31
12/19/2020,Alleghany,"Other Race",75,2,0
12/19/2020,Lenowisco,Latino,66,0,0
12/19/2020,Loudoun,"Other Race",860,27,4
12/19/2020,"Central Shenandoah",Latino,1619,71,7
12/19/2020,"Rappahannock Rapidan",Latino,1199,75,8
12/19/2020,"Eastern Shore",Black,994,105,29
12/19/2020,Norfolk,Latino,584,36,0
12/19/2020,Hampton,"Two or more races",58,1,0
12/19/2020,Richmond,Black,2903,325,48
12/19/2020,Henrico,"Two or more races",155,12,4
12/19/2020,Fairfax,"Two or more races",368,13,1
12/19/2020,Alleghany,"Not Reported",2087,9,3
12/19/2020,Portsmouth,"Not Reported",599,8,2
12/19/2020,"Cumberland Plateau","Other Race",9,0,0
12/19/2020,Southside,"Two or more races",139,0,10
12/19/2020,Portsmouth,White,754,70,15
12/19/2020,"Rappahannock Rapidan","Two or more races",65,2,0
12/19/2020,Fairfax,White,9347,712,345
12/19/2020,Fairfax,"Other Race",1771,125,23
12/19/2020,Crater,"Two or more races",26,2,1
12/19/2020,"West Piedmont","Not Reported",1307,19,4
12/19/2020,Henrico,"Other Race",322,20,1
12/19/2020,"Three Rivers",White,1877,104,33
12/19/2020,"Central Virginia",Black,1079,72,27
12/19/2020,Lenowisco,"Other Race",13,0,0
12/19/2020,"Three Rivers","Other Race",51,3,0
12/19/2020,"Western Tidewater",White,1977,116,83
12/19/2020,"Mount Rogers",Black,209,10,3
12/19/2020,"Three Rivers","Not Reported",454,3,1
12/19/2020,"Thomas Jefferson",Black,892,112,20
12/19/2020,"Eastern Shore",White,542,49,24
12/19/2020,"Central Virginia",White,4509,188,64
12/19/2020,Lenowisco,Black,95,4,3
12/19/2020,"Central Virginia","Two or more races",51,1,0
12/19/2020,Richmond,"Two or more races",92,4,1
12/19/2020,Crater,"Not Reported",1353,14,5
12/19/2020,Chesterfield,"Two or more races",115,11,0
12/19/2020,"New River",Latino,300,7,0
12/19/2020,Richmond,Latino,1650,123,8
12/19/2020,Portsmouth,Latino,125,12,1
12/19/2020,Pittsylvania-Danville,"Not Reported",1278,19,4
12/19/2020,Chesapeake,"Not Reported",1151,4,0
12/19/2020,Chickahominy,Latino,175,9,1
12/19/2020,Crater,Black,3118,258,77
12/19/2020,Chesterfield,Black,2559,175,44
12/19/2020,Chesterfield,"Other Race",297,19,0
12/19/2020,Peninsula,Black,2288,157,34
12/19/2020,Roanoke,White,1531,47,67
12/19/2020,"New River",Black,369,9,3
12/19/2020,Southside,Latino,19,2,0
12/19/2020,Peninsula,Latino,637,32,3
12/19/2020,Rappahannock,"Two or more races",109,5,1
12/19/2020,"Virginia Beach",Black,2845,213,37
12/19/2020,"Mount Rogers","Not Reported",1075,35,8
12/19/2020,Loudoun,"Not Reported",3169,9,0
12/19/2020,Chesapeake,"Other Race",106,6,1
12/19/2020,Chickahominy,"Two or more races",32,2,0
12/19/2020,Crater,"Other Race",99,0,1
12/19/2020,Norfolk,"Two or more races",104,9,1
12/19/2020,"Eastern Shore","Two or more races",1,1,0
12/19/2020,"Central Shenandoah",White,8396,363,119
12/19/2020,"New River","Other Race",33,0,0
12/19/2020,"New River",White,5054,165,74
12/19/2020,"Central Shenandoah","Other Race",190,5,1
12/19/2020,"West Piedmont",Black,1001,129,27
12/19/2020,Alleghany,Latino,281,14,2
12/19/2020,"Central Shenandoah","Not Reported",2535,15,4
12/19/2020,Roanoke,"Two or more races",35,2,0
12/19/2020,Peninsula,"Two or more races",145,5,1
12/19/2020,Richmond,"Not Reported",1306,2,1
12/19/2020,Arlington,"Other Race",258,17,4
12/19/2020,Norfolk,"Not Reported",1574,11,3
12/19/2020,Alexandria,"Other Race",176,12,2
12/19/2020,"Virginia Beach",White,5658,324,69
12/19/2020,Chesapeake,"Two or more races",99,5,1
12/19/2020,Alleghany,White,4209,164,99
12/19/2020,"Rappahannock Rapidan","Other Race",80,4,0
12/19/2020,Chickahominy,"Not Reported",911,3,1
12/19/2020,Portsmouth,Black,2192,292,52
12/19/2020,Chickahominy,"Other Race",55,3,0
12/19/2020,"Virginia Beach",Latino,961,38,6
12/19/2020,Chesapeake,White,3339,209,44
12/19/2020,Southside,Black,874,64,30
12/19/2020,Rappahannock,Latino,2026,128,11
12/19/2020,"Three Rivers","Two or more races",32,2,0
12/19/2020,Henrico,Black,3169,306,107
12/19/2020,Pittsylvania-Danville,Black,1361,140,27
12/19/2020,"Lord Fairfax","Two or more races",68,3,2
12/19/2020,"Prince William",Latino,9873,779,87
12/19/2020,"Mount Rogers","Other Race",35,2,2
12/19/2020,"Central Shenandoah",Black,671,25,10
12/19/2020,Peninsula,White,2701,137,64
12/19/2020,"Eastern Shore","Not Reported",80,0,0
12/19/2020,"Thomas Jefferson","Other Race",241,8,1
12/19/2020,Hampton,"Other Race",123,4,1
12/19/2020,"Lord Fairfax","Not Reported",1248,6,7
12/19/2020,"Central Virginia","Other Race",87,0,0
12/19/2020,"Western Tidewater","Other Race",129,1,2
12/19/2020,Crater,Latino,313,11,5
12/19/2020,Chesapeake,Latino,549,37,2
12/19/2020,Chesterfield,White,4538,271,118
12/19/2020,"Western Tidewater","Not Reported",1415,5,3
12/19/2020,Fairfax,"Not Reported",5372,53,32
12/19/2020,Arlington,Black,656,104,37
12/19/2020,"Central Virginia",Latino,168,7,4
12/19/2020,Alexandria,"Not Reported",603,3,1
12/19/2020,"Three Rivers",Black,1178,86,20
12/19/2020,"Prince William","Two or more races",286,5,0
12/19/2020,Loudoun,"Two or more races",152,6,0
12/19/2020,Peninsula,"Other Race",345,5,1
12/19/2020,"Thomas Jefferson",White,3474,157,62
12/19/2020,Norfolk,"Other Race",148,5,2
12/19/2020,"Prince William","Not Reported",6303,27,2
12/19/2020,"West Piedmont",White,3091,256,88
12/19/2020,Rappahannock,Black,1585,134,23
12/19/2020,Norfolk,Black,3333,350,68
12/19/2020,Roanoke,Latino,640,34,2
12/19/2020,Piedmont,Latino,96,10,2
12/19/2020,Roanoke,"Not Reported",1459,4,1
12/19/2020,"Virginia Beach","Other Race",253,9,0
12/19/2020,Arlington,"Two or more races",96,7,1
12/19/2020,Alexandria,White,1491,90,45
12/19/2020,"Lord Fairfax","Other Race",200,7,1
12/19/2020,"Thomas Jefferson","Not Reported",607,5,1
12/19/2020,"Virginia Beach","Not Reported",3492,36,9
12/19/2020,Loudoun,Black,550,40,10
12/19/2020,Pittsylvania-Danville,Latino,135,5,0
12/19/2020,"Cumberland Plateau","Not Reported",687,10,2
12/19/2020,Chesterfield,"Not Reported",2214,8,12
12/19/2020,"Mount Rogers",White,7257,498,188
12/19/2020,Richmond,White,1807,66,28
12/19/2020,Lenowisco,"Not Reported",532,12,6
12/19/2020,"Three Rivers",Latino,261,6,1
12/19/2020,Piedmont,"Not Reported",1392,13,4
12/19/2020,"Mount Rogers",Latino,420,11,1
12/19/2020,"Central Shenandoah","Two or more races",114,1,1
12/19/2020,Crater,White,1730,91,34
12/19/2020,Arlington,White,2323,170,77
12/19/2020,Pittsylvania-Danville,"Other Race",6,0,0
12/19/2020,Chickahominy,Black,674,69,20
12/19/2020,Fairfax,Black,3065,304,68
12/19/2020,"Eastern Shore",Latino,315,12,3
12/19/2020,Norfolk,White,1845,108,26
12/19/2020,"Mount Rogers","Two or more races",57,3,2
12/19/2020,Alleghany,"Two or more races",46,1,3
12/19/2020,Southside,White,801,51,29
12/19/2020,"Thomas Jefferson","Two or more races",140,6,1
12/19/2020,"Prince William",Black,2737,228,61
12/19/2020,"Lord Fairfax",White,5684,369,136
12/19/2020,"Cumberland Plateau",Latino,36,0,0
12/19/2020,Arlington,"Not Reported",1467,14,2
12/19/2020,Rappahannock,"Other Race",355,6,0
12/19/2020,"Rappahannock Rapidan",Black,630,53,15
12/19/2020,"New River","Two or more races",126,8,8
12/19/2020,Arlington,Latino,2628,285,32
12/19/2020,Henrico,White,3225,221,138
12/19/2020,Loudoun,White,3451,186,108
12/19/2020,Hampton,White,822,35,9
12/19/2020,Alleghany,Black,402,14,10
12/19/2020,"Prince William",White,4081,236,109
12/19/2020,Rappahannock,White,3487,227,72
12/19/2020,Southside,"Other Race",20,1,1
12/19/2020,Portsmouth,"Two or more races",35,6,0
12/19/2020,"Western Tidewater",Black,2699,224,78
12/19/2020,Hampton,Latino,161,9,0
12/19/2020,Henrico,"Not Reported",1986,10,7
12/19/2020,"West Piedmont","Two or more races",30,0,0
12/19/2020,Peninsula,"Not Reported",2221,2,1
12/19/2020,Loudoun,Latino,3388,275,19
12/19/2020,Alexandria,Black,1261,126,20
12/19/2020,Piedmont,Black,1077,101,27
12/19/2020,Roanoke,"Other Race",58,1,0
12/19/2020,Alexandria,"Two or more races",73,3,0
12/19/2020,"Western Tidewater",Latino,84,1,2
12/19/2020,Rappahannock,"Not Reported",2893,35,1
12/19/2020,"West Piedmont","Other Race",29,1,1
12/19/2020,Chickahominy,White,2462,166,63
12/19/2020,"Thomas Jefferson",Latino,1061,44,3
12/19/2020,"Cumberland Plateau",Black,113,1,1
12/19/2020,"Lord Fairfax",Latino,1248,72,10
12/19/2020,"West Piedmont",Latino,443,19,1
12/19/2020,"Cumberland Plateau",White,3408,200,52
12/19/2020,"Eastern Shore","Other Race",17,1,0
12/19/2020,"Cumberland Plateau","Two or more races",6,0,0
12/19/2020,Pittsylvania-Danville,"Two or more races",13,0,0
12/19/2020,Piedmont,"Other Race",24,0,0
12/19/2020,Alexandria,Latino,2660,164,14
12/19/2020,Chesapeake,Black,2853,309,39
12/19/2020,Richmond,"Other Race",219,9,2
12/19/2020,Henrico,Latino,1246,69,14
12/19/2020,Piedmont,"Two or more races",70,2,1
12/19/2020,"Prince William","Other Race",1344,32,0
12/19/2020,"New River","Not Reported",2174,31,0
12/19/2020,"Rappahannock Rapidan",White,2586,118,31
12/19/2020,"Central Virginia","Not Reported",3729,34,9
12/19/2020,"Virginia Beach","Two or more races",182,8,3
12/19/2020,Pittsylvania-Danville,White,1613,117,58
12/19/2020,"Lord Fairfax",Black,327,33,9
12/19/2020,Fairfax,Latino,15310,1228,110
12/19/2020,Chesterfield,"Asian or Pacific Islander",231,10,2
12/19/2020,Crater,"Asian or Pacific Islander",48,0,0
12/19/2020,Fairfax,"Asian or Pacific Islander",3854,370,89
12/19/2020,Hampton,"Asian or Pacific Islander",37,0,0
12/19/2020,"Rappahannock Rapidan","Asian or Pacific Islander",34,3,1
07/21/2020,Henrico,Black,869,140,77
12/19/2020,"Mount Rogers","Asian or Pacific Islander",18,2,0
12/19/2020,"New River","Asian or Pacific Islander",175,1,0
12/19/2020,"Central Virginia","Asian or Pacific Islander",68,3,0
12/19/2020,"Lord Fairfax","Asian or Pacific Islander",67,3,1
12/19/2020,Southside,"Asian or Pacific Islander",5,0,0
12/19/2020,Alleghany,"Asian or Pacific Islander",89,3,0
12/19/2020,Portsmouth,"Asian or Pacific Islander",27,1,0
12/19/2020,Roanoke,"Asian or Pacific Islander",94,4,0
12/19/2020,Richmond,"Asian or Pacific Islander",112,6,1
12/19/2020,"Thomas Jefferson","Asian or Pacific Islander",191,4,1
12/19/2020,"Virginia Beach","Asian or Pacific Islander",580,48,8
12/19/2020,Henrico,"Asian or Pacific Islander",496,14,4
12/19/2020,Piedmont,"Asian or Pacific Islander",16,0,1
12/19/2020,"Western Tidewater","Asian or Pacific Islander",27,2,3
12/19/2020,"West Piedmont","Asian or Pacific Islander",29,2,1
12/19/2020,Chickahominy,"Asian or Pacific Islander",31,3,0
12/19/2020,Peninsula,"Asian or Pacific Islander",120,8,6
12/19/2020,Norfolk,"Asian or Pacific Islander",120,10,0
12/19/2020,Arlington,"Asian or Pacific Islander",386,36,15
12/19/2020,Loudoun,"Asian or Pacific Islander",923,77,14
12/19/2020,Alexandria,"Asian or Pacific Islander",261,13,1
12/19/2020,Rappahannock,"Asian or Pacific Islander",198,13,3
12/19/2020,Chesapeake,"Asian or Pacific Islander",153,14,7
12/19/2020,"Cumberland Plateau and Lenowisco","Asian or Pacific Islander",11,0,0
12/19/2020,"Central Shenandoah","Asian or Pacific Islander",134,4,0
12/19/2020,"Prince William","Asian or Pacific Islander",1195,75,24
12/19/2020,Pittsylvania-Danville,"Asian or Pacific Islander",7,0,0
12/19/2020,"Eastern Shore and Three Rivers","Asian or Pacific Islander",20,1,0
12/19/2020,Piedmont,"Native American",7,0,0
12/19/2020,"New River","Native American",7,0,0
12/19/2020,"Central Shenandoah","Native American",7,1,0
12/19/2020,"Eastern Shore and Three Rivers","Native American",8,0,0
12/19/2020,Fairfax,"Native American",62,1,1
12/19/2020,Chesapeake,"Native American",20,0,0
12/19/2020,"Western Tidewater","Native American",5,0,0
12/19/2020,Portsmouth,"Native American",4,2,0
12/19/2020,Richmond,"Native American",7,0,1
12/19/2020,Chickahominy,"Native American",16,1,0
12/19/2020,"Thomas Jefferson","Native American",7,0,0
12/19/2020,Arlington,"Native American",7,0,0
12/19/2020,"Virginia Beach","Native American",21,0,0
12/19/2020,Peninsula,"Native American",9,2,1
12/19/2020,Hampton,"Native American",4,0,1
12/19/2020,"West Piedmont","Native American",4,0,0
12/19/2020,"Cumberland Plateau, Lenowisco, and Mount Rogers","Native American",20,1,0
12/19/2020,Henrico,"Native American",22,0,0
12/19/2020,Norfolk,"Native American",15,1,1
12/19/2020,"Prince William","Native American",43,1,1
12/19/2020,"Central Virginia","Native American",18,0,0
12/19/2020,Chesterfield,"Native American",12,1,0
12/19/2020,Rappahannock,"Native American",10,0,0
12/19/2020,Loudoun,"Native American",10,0,0
12/19/2020,Alexandria,"Native American",8,0,0
12/19/2020,"Alleghany and Roanoke","Native American",8,0,0
12/19/2020,Crater,"Native American",7,1,1
12/19/2020,"Rappahannock Rapidan","Native American",7,0,0
12/19/2020,"Lord Fairfax","Native American",7,1,1
12/19/2020,"Pittsylvania-Danville and Southside","Native American",6,1,0
12/20/2020,"Rappahannock Rapidan","Not Reported",1303,20,7
12/20/2020,Portsmouth,"Other Race",92,12,5
12/20/2020,"Western Tidewater","Two or more races",92,1,2
12/20/2020,Piedmont,White,1477,103,35
12/20/2020,Chesterfield,Latino,2777,140,13
12/20/2020,Lenowisco,White,3414,207,89
12/20/2020,Lenowisco,"Two or more races",39,3,7
12/20/2020,Hampton,"Not Reported",881,4,1
12/20/2020,Southside,"Not Reported",835,6,4
12/20/2020,Roanoke,Black,1024,45,16
12/20/2020,Hampton,Black,1715,132,31
12/20/2020,Alleghany,"Other Race",75,2,0
12/20/2020,Lenowisco,Latino,78,0,0
12/20/2020,Loudoun,"Other Race",872,27,4
12/20/2020,"Central Shenandoah",Latino,1621,71,7
12/20/2020,"Rappahannock Rapidan",Latino,1208,75,8
12/20/2020,"Eastern Shore",Black,1002,107,29
12/20/2020,Norfolk,Latino,586,36,0
12/20/2020,Hampton,"Two or more races",61,1,0
12/20/2020,Richmond,Black,2953,325,48
12/20/2020,Henrico,"Two or more races",158,12,4
12/20/2020,Fairfax,"Two or more races",378,13,1
12/20/2020,Alleghany,"Not Reported",2124,9,3
12/20/2020,Portsmouth,"Not Reported",612,8,2
12/20/2020,"Cumberland Plateau","Other Race",9,0,0
12/20/2020,Southside,"Two or more races",139,0,10
12/20/2020,Portsmouth,White,788,71,15
12/20/2020,"Rappahannock Rapidan","Two or more races",66,2,0
12/20/2020,Fairfax,White,9456,713,345
12/20/2020,Fairfax,"Other Race",1799,125,23
12/20/2020,Crater,"Two or more races",27,2,1
12/20/2020,"West Piedmont","Not Reported",1319,18,4
12/20/2020,Henrico,"Other Race",325,20,1
12/20/2020,"Three Rivers",White,1909,107,33
12/20/2020,"Central Virginia",Black,1099,72,27
12/20/2020,Lenowisco,"Other Race",13,0,0
12/20/2020,"Three Rivers","Other Race",53,3,0
12/20/2020,"Western Tidewater",White,2026,120,83
12/20/2020,"Mount Rogers",Black,211,10,3
12/20/2020,"Three Rivers","Not Reported",458,3,1
12/20/2020,"Thomas Jefferson",Black,905,114,20
12/20/2020,"Eastern Shore",White,554,49,24
12/20/2020,"Central Virginia",White,4575,188,64
12/20/2020,Lenowisco,Black,104,4,3
12/20/2020,"Central Virginia","Two or more races",54,1,0
12/20/2020,Richmond,"Two or more races",94,4,1
12/20/2020,Crater,"Not Reported",1370,14,5
12/20/2020,Chesterfield,"Two or more races",114,11,0
12/20/2020,"New River",Latino,300,7,0
12/20/2020,Richmond,Latino,1658,123,8
12/20/2020,Portsmouth,Latino,125,12,1
12/20/2020,Pittsylvania-Danville,"Not Reported",1310,19,4
12/20/2020,Chesapeake,"Not Reported",1185,4,0
12/20/2020,Chickahominy,Latino,176,9,1
12/20/2020,Crater,Black,3137,258,77
12/20/2020,Chesterfield,Black,2571,176,44
12/20/2020,Chesterfield,"Other Race",297,19,0
12/20/2020,Peninsula,Black,2314,157,34
12/20/2020,Roanoke,White,1542,47,67
12/20/2020,"New River",Black,370,9,3
12/20/2020,Southside,Latino,19,2,0
12/20/2020,Peninsula,Latino,646,32,3
12/20/2020,Rappahannock,"Two or more races",110,5,1
12/20/2020,"Virginia Beach",Black,2872,213,37
12/20/2020,"Mount Rogers","Not Reported",1106,34,8
12/20/2020,Loudoun,"Not Reported",3240,9,0
12/20/2020,Chesapeake,"Other Race",106,6,1
12/20/2020,Chickahominy,"Two or more races",33,2,0
12/20/2020,Crater,"Other Race",100,0,1
12/20/2020,Norfolk,"Two or more races",106,9,1
12/20/2020,"Eastern Shore","Two or more races",1,1,0
12/20/2020,"Central Shenandoah",White,8517,366,119
12/20/2020,"New River","Other Race",33,0,0
12/20/2020,"New River",White,5083,165,74
12/20/2020,"Central Shenandoah","Other Race",190,5,1
12/20/2020,"West Piedmont",Black,1010,130,27
12/20/2020,Alleghany,Latino,282,14,2
12/20/2020,"Central Shenandoah","Not Reported",2580,15,4
12/20/2020,Roanoke,"Two or more races",35,2,0
12/20/2020,Peninsula,"Two or more races",145,5,1
12/20/2020,Richmond,"Not Reported",1331,2,1
12/20/2020,Arlington,"Other Race",269,17,4
12/20/2020,Norfolk,"Not Reported",1591,11,3
12/20/2020,Alexandria,"Other Race",184,12,2
12/20/2020,"Virginia Beach",White,5782,325,69
12/20/2020,Chesapeake,"Two or more races",100,5,1
12/20/2020,Alleghany,White,4251,165,99
12/20/2020,"Rappahannock Rapidan","Other Race",83,4,0
12/20/2020,Chickahominy,"Not Reported",926,3,1
12/20/2020,Portsmouth,Black,2212,292,52
12/20/2020,Chickahominy,"Other Race",55,3,0
12/20/2020,"Virginia Beach",Latino,972,38,6
12/20/2020,Chesapeake,White,3374,209,44
12/20/2020,Southside,Black,886,64,30
12/20/2020,Rappahannock,Latino,2035,128,11
12/20/2020,"Three Rivers","Two or more races",34,2,0
12/20/2020,Henrico,Black,3214,307,107
12/20/2020,Pittsylvania-Danville,Black,1370,140,27
12/20/2020,"Lord Fairfax","Two or more races",68,3,2
12/20/2020,"Prince William",Latino,9901,780,87
12/20/2020,"Mount Rogers","Other Race",35,2,2
12/20/2020,"Central Shenandoah",Black,681,25,10
12/20/2020,Peninsula,White,2751,139,64
12/20/2020,"Eastern Shore","Not Reported",77,0,0
12/20/2020,"Thomas Jefferson","Other Race",244,8,1
12/20/2020,Hampton,"Other Race",128,4,1
12/20/2020,"Lord Fairfax","Not Reported",1268,6,7
12/20/2020,"Central Virginia","Other Race",90,0,0
12/20/2020,"Western Tidewater","Other Race",130,1,2
12/20/2020,Crater,Latino,315,11,5
12/20/2020,Chesapeake,Latino,551,37,2
12/20/2020,Chesterfield,White,4565,274,118
12/20/2020,"Western Tidewater","Not Reported",1458,5,3
12/20/2020,Fairfax,"Not Reported",5529,54,33
12/20/2020,Arlington,Black,662,104,37
12/20/2020,"Central Virginia",Latino,170,7,4
12/20/2020,Alexandria,"Not Reported",656,3,1
12/20/2020,"Three Rivers",Black,1191,86,20
12/20/2020,"Prince William","Two or more races",290,5,0
12/20/2020,Loudoun,"Two or more races",153,6,0
12/20/2020,Peninsula,"Other Race",352,5,1
12/20/2020,"Thomas Jefferson",White,3542,158,62
12/20/2020,Norfolk,"Other Race",149,5,2
12/20/2020,"Prince William","Not Reported",6421,27,2
12/20/2020,"West Piedmont",White,3111,258,88
12/20/2020,Rappahannock,Black,1599,135,23
12/20/2020,Norfolk,Black,3343,350,68
12/20/2020,Roanoke,Latino,642,34,2
12/20/2020,Piedmont,Latino,96,10,2
12/20/2020,Roanoke,"Not Reported",1479,4,1
12/20/2020,"Virginia Beach","Other Race",262,9,0
12/20/2020,Arlington,"Two or more races",99,7,1
12/20/2020,Alexandria,White,1517,91,45
12/20/2020,"Lord Fairfax","Other Race",200,7,1
12/20/2020,"Thomas Jefferson","Not Reported",630,5,1
12/20/2020,"Virginia Beach","Not Reported",3540,36,9
12/20/2020,Loudoun,Black,557,40,10
12/20/2020,Pittsylvania-Danville,Latino,135,5,0
12/20/2020,"Cumberland Plateau","Not Reported",692,10,2
12/20/2020,Chesterfield,"Not Reported",2231,8,12
12/20/2020,"Mount Rogers",White,7390,504,190
12/20/2020,Richmond,White,1846,66,28
12/20/2020,Lenowisco,"Not Reported",548,12,6
12/20/2020,"Three Rivers",Latino,264,6,1
12/20/2020,Piedmont,"Not Reported",1433,13,4
12/20/2020,"Mount Rogers",Latino,422,11,1
12/20/2020,"Central Shenandoah","Two or more races",116,1,1
12/20/2020,Crater,White,1752,92,34
12/20/2020,Arlington,White,2361,171,77
12/20/2020,Pittsylvania-Danville,"Other Race",6,0,0
12/20/2020,Chickahominy,Black,684,69,20
12/20/2020,Fairfax,Black,3092,304,68
12/20/2020,"Eastern Shore",Latino,319,13,3
12/20/2020,Norfolk,White,1856,108,26
12/20/2020,"Mount Rogers","Two or more races",57,3,2
12/20/2020,Alleghany,"Two or more races",46,1,3
12/20/2020,Southside,White,810,51,29
12/20/2020,"Thomas Jefferson","Two or more races",146,6,1
12/20/2020,"Prince William",Black,2760,228,61
12/20/2020,"Lord Fairfax",White,5734,370,136
12/20/2020,"Cumberland Plateau",Latino,36,0,0
12/20/2020,Arlington,"Not Reported",1526,14,2
12/20/2020,Rappahannock,"Other Race",358,6,0
12/20/2020,"Rappahannock Rapidan",Black,634,55,15
12/20/2020,"New River","Two or more races",126,8,8
12/20/2020,Arlington,Latino,2657,285,32
12/20/2020,Henrico,White,3286,221,138
12/20/2020,Loudoun,White,3498,186,108
12/20/2020,Hampton,White,842,35,9
12/20/2020,Alleghany,Black,409,14,10
12/20/2020,"Prince William",White,4130,236,109
12/20/2020,Rappahannock,White,3514,229,75
12/20/2020,Southside,"Other Race",20,1,1
12/20/2020,Portsmouth,"Two or more races",35,6,0
12/20/2020,"Western Tidewater",Black,2737,225,78
12/20/2020,Hampton,Latino,164,9,0
12/20/2020,Henrico,"Not Reported",2039,10,7
12/20/2020,"West Piedmont","Two or more races",30,0,0
12/20/2020,Peninsula,"Not Reported",2233,2,1
12/20/2020,Loudoun,Latino,3416,275,19
12/20/2020,Alexandria,Black,1280,126,20
12/20/2020,Piedmont,Black,1086,101,27
12/20/2020,Roanoke,"Other Race",58,1,0
12/20/2020,Alexandria,"Two or more races",79,3,0
12/20/2020,"Western Tidewater",Latino,85,1,2
12/20/2020,Rappahannock,"Not Reported",2933,35,1
12/20/2020,"West Piedmont","Other Race",29,1,1
12/20/2020,Chickahominy,White,2498,167,63
12/20/2020,"Thomas Jefferson",Latino,1064,44,3
12/20/2020,"Cumberland Plateau",Black,113,1,1
12/20/2020,"Lord Fairfax",Latino,1251,72,10
12/20/2020,"West Piedmont",Latino,443,19,1
12/20/2020,"Cumberland Plateau",White,3426,200,52
12/20/2020,"Eastern Shore","Other Race",17,1,0
12/20/2020,"Cumberland Plateau","Two or more races",6,0,0
12/20/2020,Pittsylvania-Danville,"Two or more races",13,0,0
12/20/2020,Piedmont,"Other Race",24,0,0
12/20/2020,Alexandria,Latino,2674,165,14
12/20/2020,Chesapeake,Black,2873,309,39
12/20/2020,Richmond,"Other Race",221,9,2
12/20/2020,Henrico,Latino,1251,69,14
12/20/2020,Piedmont,"Two or more races",70,2,1
12/20/2020,"Prince William","Other Race",1355,32,0
12/20/2020,"New River","Not Reported",2204,31,0
12/20/2020,"Rappahannock Rapidan",White,2617,119,31
12/20/2020,"Central Virginia","Not Reported",3784,34,9
12/20/2020,"Virginia Beach","Two or more races",184,8,3
12/20/2020,Pittsylvania-Danville,White,1625,117,58
12/20/2020,"Lord Fairfax",Black,329,33,9
12/20/2020,Fairfax,Latino,15395,1230,110
12/20/2020,Chesterfield,"Asian or Pacific Islander",231,10,2
12/20/2020,Crater,"Asian or Pacific Islander",49,0,0
12/20/2020,Fairfax,"Asian or Pacific Islander",3925,371,89
12/20/2020,Hampton,"Asian or Pacific Islander",37,0,0
12/20/2020,"Rappahannock Rapidan","Asian or Pacific Islander",34,3,1
07/23/2020,Fairfax,Black,948,186,53
12/20/2020,"Mount Rogers","Asian or Pacific Islander",20,2,0
12/20/2020,"New River","Asian or Pacific Islander",175,1,0
12/20/2020,"Central Virginia","Asian or Pacific Islander",72,3,0
12/20/2020,"Lord Fairfax","Asian or Pacific Islander",67,3,1
12/20/2020,Southside,"Asian or Pacific Islander",5,0,0
12/20/2020,Alleghany,"Asian or Pacific Islander",92,3,0
12/20/2020,Portsmouth,"Asian or Pacific Islander",27,1,0
12/20/2020,Roanoke,"Asian or Pacific Islander",94,4,0
12/20/2020,Richmond,"Asian or Pacific Islander",115,6,1
12/20/2020,"Thomas Jefferson","Asian or Pacific Islander",191,4,1
12/20/2020,"Virginia Beach","Asian or Pacific Islander",593,48,8
12/20/2020,Henrico,"Asian or Pacific Islander",502,14,4
12/20/2020,Piedmont,"Asian or Pacific Islander",16,0,1
12/20/2020,"Western Tidewater","Asian or Pacific Islander",28,2,3
12/20/2020,"West Piedmont","Asian or Pacific Islander",29,2,1
12/20/2020,Chickahominy,"Asian or Pacific Islander",31,3,0
12/20/2020,Peninsula,"Asian or Pacific Islander",122,8,6
12/20/2020,Norfolk,"Asian or Pacific Islander",120,10,0
12/20/2020,Arlington,"Asian or Pacific Islander",394,36,15
12/20/2020,Loudoun,"Asian or Pacific Islander",933,77,14
12/20/2020,Alexandria,"Asian or Pacific Islander",263,13,1
12/20/2020,Rappahannock,"Asian or Pacific Islander",200,13,3
12/20/2020,Chesapeake,"Asian or Pacific Islander",153,14,7
12/20/2020,"Cumberland Plateau and Lenowisco","Asian or Pacific Islander",11,0,0
12/20/2020,"Central Shenandoah","Asian or Pacific Islander",135,4,0
12/20/2020,"Prince William","Asian or Pacific Islander",1216,76,24
12/20/2020,Pittsylvania-Danville,"Asian or Pacific Islander",7,0,0
12/20/2020,"Eastern Shore and Three Rivers","Asian or Pacific Islander",20,1,0
12/20/2020,Piedmont,"Native American",7,0,0
12/20/2020,"New River","Native American",7,0,0
12/20/2020,"Central Shenandoah","Native American",7,1,0
12/20/2020,"Eastern Shore and Three Rivers","Native American",8,0,0
12/20/2020,Fairfax,"Native American",63,1,1
12/20/2020,Chesapeake,"Native American",20,0,0
12/20/2020,"Western Tidewater","Native American",5,0,0
12/20/2020,Portsmouth,"Native American",4,2,0
12/20/2020,Richmond,"Native American",7,0,1
12/20/2020,Chickahominy,"Native American",17,1,0
12/20/2020,"Thomas Jefferson","Native American",7,0,0
12/20/2020,Arlington,"Native American",7,0,0
12/20/2020,"Virginia Beach","Native American",21,0,0
12/20/2020,Peninsula,"Native American",10,2,1
12/20/2020,Hampton,"Native American",5,0,1
12/20/2020,"West Piedmont","Native American",4,0,0
12/20/2020,"Cumberland Plateau, Lenowisco, and Mount Rogers","Native American",22,1,0
12/20/2020,Henrico,"Native American",22,0,0
12/20/2020,Norfolk,"Native American",16,1,1
12/20/2020,"Prince William","Native American",44,1,1
12/20/2020,"Central Virginia","Native American",18,0,0
12/20/2020,Chesterfield,"Native American",12,1,0
12/20/2020,Rappahannock,"Native American",12,0,0
12/20/2020,Loudoun,"Native American",13,0,0
12/20/2020,Alexandria,"Native American",7,0,0
12/20/2020,"Alleghany and Roanoke","Native American",8,0,0
12/20/2020,Crater,"Native American",7,1,1
12/20/2020,"Rappahannock Rapidan","Native American",7,0,0
12/20/2020,"Lord Fairfax","Native American",7,1,1
12/20/2020,"Pittsylvania-Danville and Southside","Native American",6,1,0
12/21/2020,"Rappahannock Rapidan","Not Reported",1319,21,7
12/21/2020,Portsmouth,"Other Race",92,12,5
12/21/2020,"Western Tidewater","Two or more races",93,1,2
12/21/2020,Piedmont,White,1491,103,35
12/21/2020,Chesterfield,Latino,2785,141,13
12/21/2020,Lenowisco,White,3451,208,89
12/21/2020,Lenowisco,"Two or more races",39,3,7
12/21/2020,Hampton,"Not Reported",899,4,1
12/21/2020,Southside,"Not Reported",834,6,4
12/21/2020,Roanoke,Black,1028,45,16
12/21/2020,Hampton,Black,1753,133,31
12/21/2020,Alleghany,"Other Race",79,2,0
12/21/2020,Lenowisco,Latino,79,0,0
12/21/2020,Loudoun,"Other Race",892,27,4
12/21/2020,"Central Shenandoah",Latino,1630,71,7
12/21/2020,"Rappahannock Rapidan",Latino,1217,75,8
12/21/2020,"Eastern Shore",Black,1009,108,29
12/21/2020,Norfolk,Latino,588,36,0
12/21/2020,Hampton,"Two or more races",62,1,0
12/21/2020,Richmond,Black,3006,328,48
12/21/2020,Henrico,"Two or more races",158,12,4
12/21/2020,Fairfax,"Two or more races",396,13,1
12/21/2020,Alleghany,"Not Reported",2159,9,3
12/21/2020,Portsmouth,"Not Reported",641,8,2
12/21/2020,"Cumberland Plateau","Other Race",9,0,0
12/21/2020,Southside,"Two or more races",139,0,10
12/21/2020,Portsmouth,White,797,72,15
12/21/2020,"Rappahannock Rapidan","Two or more races",66,2,0
12/21/2020,Fairfax,White,9618,714,345
12/21/2020,Fairfax,"Other Race",1867,127,23
12/21/2020,Crater,"Two or more races",27,2,1
12/21/2020,"West Piedmont","Not Reported",1344,18,4
12/21/2020,Henrico,"Other Race",328,20,1
12/21/2020,"Three Rivers",White,1935,109,33
12/21/2020,"Central Virginia",Black,1102,72,27
12/21/2020,Lenowisco,"Other Race",13,0,0
12/21/2020,"Three Rivers","Other Race",56,3,0
12/21/2020,"Western Tidewater",White,2052,121,84
12/21/2020,"Mount Rogers",Black,211,10,3
12/21/2020,"Three Rivers","Not Reported",466,3,1
12/21/2020,"Thomas Jefferson",Black,915,114,20
12/21/2020,"Eastern Shore",White,555,50,24
12/21/2020,"Central Virginia",White,4624,188,64
12/21/2020,Lenowisco,Black,105,4,3
12/21/2020,"Central Virginia","Two or more races",55,1,0
12/21/2020,Richmond,"Two or more races",95,4,1
12/21/2020,Crater,"Not Reported",1397,14,5
12/21/2020,Chesterfield,"Two or more races",117,11,0
12/21/2020,"New River",Latino,300,7,0
12/21/2020,Richmond,Latino,1661,123,8
12/21/2020,Portsmouth,Latino,126,12,1
12/21/2020,Pittsylvania-Danville,"Not Reported",1308,19,5
12/21/2020,Chesapeake,"Not Reported",1216,4,0
12/21/2020,Chickahominy,Latino,178,9,1
12/21/2020,Crater,Black,3162,260,77
12/21/2020,Chesterfield,Black,2590,177,44
12/21/2020,Chesterfield,"Other Race",302,19,0
12/21/2020,Peninsula,Black,2330,157,34
12/21/2020,Roanoke,White,1544,47,67
12/21/2020,"New River",Black,371,9,3
12/21/2020,Southside,Latino,19,2,0
12/21/2020,Peninsula,Latino,650,32,3
12/21/2020,Rappahannock,"Two or more races",111,5,1
12/21/2020,"Virginia Beach",Black,2898,213,37
12/21/2020,"Mount Rogers","Not Reported",1108,34,8
12/21/2020,Loudoun,"Not Reported",3353,9,0
12/21/2020,Chesapeake,"Other Race",106,6,1
12/21/2020,Chickahominy,"Two or more races",33,2,0
12/21/2020,Crater,"Other Race",102,0,1
12/21/2020,Norfolk,"Two or more races",108,9,1
12/21/2020,"Eastern Shore","Two or more races",1,1,0
12/21/2020,"Central Shenandoah",White,8674,372,119
12/21/2020,"New River","Other Race",34,0,0
12/21/2020,"New River",White,5139,165,74
12/21/2020,"Central Shenandoah","Other Race",192,6,1
12/21/2020,"West Piedmont",Black,1016,131,27
12/21/2020,Alleghany,Latino,282,14,2
12/21/2020,"Central Shenandoah","Not Reported",2613,15,4
12/21/2020,Roanoke,"Two or more races",35,2,0
12/21/2020,Peninsula,"Two or more races",146,5,1
12/21/2020,Richmond,"Not Reported",1352,2,1
12/21/2020,Arlington,"Other Race",276,17,4
12/21/2020,Norfolk,"Not Reported",1599,11,3
12/21/2020,Alexandria,"Other Race",184,12,2
12/21/2020,"Virginia Beach",White,5871,325,69
12/21/2020,Chesapeake,"Two or more races",101,5,1
12/21/2020,Alleghany,White,4286,165,99
12/21/2020,"Rappahannock Rapidan","Other Race",85,4,0
12/21/2020,Chickahominy,"Not Reported",973,3,1
12/21/2020,Portsmouth,Black,2225,292,52
12/21/2020,Chickahominy,"Other Race",57,3,0
12/21/2020,"Virginia Beach",Latino,982,38,6
12/21/2020,Chesapeake,White,3397,209,44
12/21/2020,Southside,Black,890,64,30
12/21/2020,Rappahannock,Latino,2057,128,11
12/21/2020,"Three Rivers","Two or more races",35,2,0
12/21/2020,Henrico,Black,3254,309,107
12/21/2020,Pittsylvania-Danville,Black,1382,142,27
12/21/2020,"Lord Fairfax","Two or more races",68,3,2
12/21/2020,"Prince William",Latino,9939,780,87
12/21/2020,"Mount Rogers","Other Race",35,2,2
12/21/2020,"Central Shenandoah",Black,693,25,10
12/21/2020,Peninsula,White,2782,141,64
12/21/2020,"Eastern Shore","Not Reported",77,0,0
12/21/2020,"Thomas Jefferson","Other Race",246,8,1
12/21/2020,Hampton,"Other Race",134,4,1
12/21/2020,"Lord Fairfax","Not Reported",1276,6,7
12/21/2020,"Central Virginia","Other Race",91,0,0
12/21/2020,"Western Tidewater","Other Race",137,1,2
12/21/2020,Crater,Latino,318,11,5
12/21/2020,Chesapeake,Latino,555,37,2
12/21/2020,Chesterfield,White,4614,274,118
12/21/2020,"Western Tidewater","Not Reported",1469,5,3
12/21/2020,Fairfax,"Not Reported",5963,56,33
12/21/2020,Arlington,Black,664,104,37
12/21/2020,"Central Virginia",Latino,171,7,4
12/21/2020,Alexandria,"Not Reported",650,3,1
12/21/2020,"Three Rivers",Black,1200,86,20
12/21/2020,"Prince William","Two or more races",295,5,0
12/21/2020,Loudoun,"Two or more races",155,6,0
12/21/2020,Peninsula,"Other Race",354,5,1
12/21/2020,"Thomas Jefferson",White,3563,159,62
12/21/2020,Norfolk,"Other Race",151,5,2
12/21/2020,"Prince William","Not Reported",6469,27,2
12/21/2020,"West Piedmont",White,3135,259,88
12/21/2020,Rappahannock,Black,1641,137,23
12/21/2020,Norfolk,Black,3362,351,68
12/21/2020,Roanoke,Latino,642,34,2
12/21/2020,Piedmont,Latino,96,10,2
12/21/2020,Roanoke,"Not Reported",1487,4,1
12/21/2020,"Virginia Beach","Other Race",272,9,0
12/21/2020,Arlington,"Two or more races",99,7,1
12/21/2020,Alexandria,White,1532,91,45
12/21/2020,"Lord Fairfax","Other Race",202,7,1
12/21/2020,"Thomas Jefferson","Not Reported",637,5,1
12/21/2020,"Virginia Beach","Not Reported",3608,36,9
12/21/2020,Loudoun,Black,562,40,10
12/21/2020,Pittsylvania-Danville,Latino,137,5,0
12/21/2020,"Cumberland Plateau","Not Reported",708,11,1
12/21/2020,Chesterfield,"Not Reported",2245,8,12
12/21/2020,"Mount Rogers",White,7440,515,190
12/21/2020,Richmond,White,1889,66,28
12/21/2020,Lenowisco,"Not Reported",562,12,6
12/21/2020,"Three Rivers",Latino,265,6,1
12/21/2020,Piedmont,"Not Reported",1475,13,4
12/21/2020,"Mount Rogers",Latino,425,11,1
12/21/2020,"Central Shenandoah","Two or more races",117,1,1
12/21/2020,Crater,White,1777,92,34
12/21/2020,Arlington,White,2388,171,78
12/21/2020,Pittsylvania-Danville,"Other Race",6,0,0
12/21/2020,Chickahominy,Black,698,69,20
12/21/2020,Fairfax,Black,3128,304,68
12/21/2020,"Eastern Shore",Latino,320,13,3
12/21/2020,Norfolk,White,1879,108,26
12/21/2020,"Mount Rogers","Two or more races",57,3,2
12/21/2020,Alleghany,"Two or more races",46,1,3
12/21/2020,Southside,White,815,52,29
12/21/2020,"Thomas Jefferson","Two or more races",146,6,1
12/21/2020,"Prince William",Black,2780,229,61
12/21/2020,"Lord Fairfax",White,5843,373,136
12/21/2020,"Cumberland Plateau",Latino,36,0,0
12/21/2020,Arlington,"Not Reported",1558,14,2
12/21/2020,Rappahannock,"Other Race",376,6,0
12/21/2020,"Rappahannock Rapidan",Black,643,55,15
12/21/2020,"New River","Two or more races",127,8,8
12/21/2020,Arlington,Latino,2668,285,32
12/21/2020,Henrico,White,3329,222,138
12/21/2020,Loudoun,White,3519,186,108
12/21/2020,Hampton,White,869,35,9
12/21/2020,Alleghany,Black,410,14,10
12/21/2020,"Prince William",White,4155,236,109
12/21/2020,Rappahannock,White,3624,229,75
12/21/2020,Southside,"Other Race",20,1,1
12/21/2020,Portsmouth,"Two or more races",35,6,0
12/21/2020,"Western Tidewater",Black,2760,230,79
12/21/2020,Hampton,Latino,170,9,0
12/21/2020,Henrico,"Not Reported",2057,10,7
12/21/2020,"West Piedmont","Two or more races",30,0,0
12/21/2020,Peninsula,"Not Reported",2253,2,1
12/21/2020,Loudoun,Latino,3426,275,19
12/21/2020,Alexandria,Black,1295,126,20
12/21/2020,Piedmont,Black,1099,101,27
12/21/2020,Roanoke,"Other Race",58,1,0
12/21/2020,Alexandria,"Two or more races",83,4,0
12/21/2020,"Western Tidewater",Latino,85,1,2
12/21/2020,Rappahannock,"Not Reported",3050,35,1
12/21/2020,"West Piedmont","Other Race",33,1,1
12/21/2020,Chickahominy,White,2577,167,63
12/21/2020,"Thomas Jefferson",Latino,1066,44,3
12/21/2020,"Cumberland Plateau",Black,113,1,1
12/21/2020,"Lord Fairfax",Latino,1253,72,10
12/21/2020,"West Piedmont",Latino,450,19,1
12/21/2020,"Cumberland Plateau",White,3440,201,53
12/21/2020,"Eastern Shore","Other Race",16,1,0
12/21/2020,"Cumberland Plateau","Two or more races",6,0,0
12/21/2020,Pittsylvania-Danville,"Two or more races",14,0,0
12/21/2020,Piedmont,"Other Race",24,0,0
12/21/2020,Alexandria,Latino,2700,165,14
12/21/2020,Chesapeake,Black,2887,309,39
12/21/2020,Richmond,"Other Race",221,9,2
12/21/2020,Henrico,Latino,1268,69,14
12/21/2020,Piedmont,"Two or more races",70,2,1
12/21/2020,"Prince William","Other Race",1381,32,0
12/21/2020,"New River","Not Reported",2257,31,0
12/21/2020,"Rappahannock Rapidan",White,2645,119,31
12/21/2020,"Central Virginia","Not Reported",3835,34,9
12/21/2020,"Virginia Beach","Two or more races",188,8,3
12/21/2020,Pittsylvania-Danville,White,1644,117,58
12/21/2020,"Lord Fairfax",Black,332,33,9
12/21/2020,Fairfax,Latino,15535,1231,110
12/21/2020,Chesterfield,"Asian or Pacific Islander",233,10,2
12/21/2020,Crater,"Asian or Pacific Islander",49,0,0
12/21/2020,Fairfax,"Asian or Pacific Islander",3979,374,89
12/21/2020,Hampton,"Asian or Pacific Islander",38,0,0
12/21/2020,"Rappahannock Rapidan","Asian or Pacific Islander",37,3,1
12/21/2020,"Mount Rogers","Asian or Pacific Islander",20,2,0
12/21/2020,"New River","Asian or Pacific Islander",176,1,0
12/21/2020,"Central Virginia","Asian or Pacific Islander",72,3,0
12/21/2020,"Lord Fairfax","Asian or Pacific Islander",68,3,1
12/21/2020,Southside,"Asian or Pacific Islander",5,0,0
12/21/2020,Alleghany,"Asian or Pacific Islander",92,3,0
12/21/2020,Portsmouth,"Asian or Pacific Islander",27,1,0
12/21/2020,Roanoke,"Asian or Pacific Islander",94,4,0
12/21/2020,Richmond,"Asian or Pacific Islander",117,6,1
12/21/2020,"Thomas Jefferson","Asian or Pacific Islander",191,4,1
12/21/2020,"Virginia Beach","Asian or Pacific Islander",596,48,8
12/21/2020,Henrico,"Asian or Pacific Islander",508,14,4
12/21/2020,Piedmont,"Asian or Pacific Islander",16,0,1
12/21/2020,"Western Tidewater","Asian or Pacific Islander",30,2,3
12/21/2020,"West Piedmont","Asian or Pacific Islander",29,2,1
12/21/2020,Chickahominy,"Asian or Pacific Islander",31,3,0
12/21/2020,Peninsula,"Asian or Pacific Islander",123,8,6
12/21/2020,Norfolk,"Asian or Pacific Islander",121,10,0
12/21/2020,Arlington,"Asian or Pacific Islander",394,36,15
12/21/2020,Loudoun,"Asian or Pacific Islander",941,78,14
12/21/2020,Alexandria,"Asian or Pacific Islander",266,13,1
12/21/2020,Rappahannock,"Asian or Pacific Islander",203,13,3
12/21/2020,Chesapeake,"Asian or Pacific Islander",153,14,7
12/21/2020,"Cumberland Plateau and Lenowisco","Asian or Pacific Islander",11,0,0
12/21/2020,"Central Shenandoah","Asian or Pacific Islander",135,4,0
12/21/2020,"Prince William","Asian or Pacific Islander",1218,76,24
12/21/2020,Pittsylvania-Danville,"Asian or Pacific Islander",7,0,0
12/21/2020,"Eastern Shore and Three Rivers","Asian or Pacific Islander",20,1,0
12/21/2020,Piedmont,"Native American",7,0,0
12/21/2020,"New River","Native American",7,0,0
12/21/2020,"Central Shenandoah","Native American",7,1,0
12/21/2020,"Eastern Shore and Three Rivers","Native American",8,0,0
12/21/2020,Fairfax,"Native American",65,1,1
12/21/2020,Chesapeake,"Native American",20,0,0
12/21/2020,"Western Tidewater","Native American",5,0,0
12/21/2020,Portsmouth,"Native American",4,2,0
12/21/2020,Richmond,"Native American",8,0,1
12/21/2020,Chickahominy,"Native American",17,1,0
12/21/2020,"Thomas Jefferson","Native American",7,0,0
12/21/2020,Arlington,"Native American",7,0,0
12/21/2020,"Virginia Beach","Native American",21,0,0
12/21/2020,Peninsula,"Native American",10,2,1
12/21/2020,Hampton,"Native American",5,0,1
12/21/2020,"West Piedmont","Native American",4,0,0
12/21/2020,"Cumberland Plateau, Lenowisco, and Mount Rogers","Native American",22,1,0
12/21/2020,Henrico,"Native American",22,0,0
12/21/2020,Norfolk,"Native American",15,1,1
12/21/2020,"Prince William","Native American",45,1,1
12/21/2020,"Central Virginia","Native American",18,0,0
12/21/2020,Chesterfield,"Native American",12,1,0
12/21/2020,Rappahannock,"Native American",12,0,0
12/21/2020,Loudoun,"Native American",13,0,0
12/21/2020,Alexandria,"Native American",7,0,0
12/21/2020,"Alleghany and Roanoke","Native American",8,0,0
12/21/2020,Crater,"Native American",7,1,1
12/21/2020,"Rappahannock Rapidan","Native American",7,0,0
12/21/2020,"Lord Fairfax","Native American",7,1,1
12/21/2020,"Pittsylvania-Danville and Southside","Native American",6,1,0
12/22/2020,"Rappahannock Rapidan","Not Reported",1322,21,7
12/22/2020,Portsmouth,"Other Race",92,13,6
12/22/2020,"Western Tidewater","Two or more races",93,1,2
12/22/2020,Piedmont,White,1506,103,35
12/22/2020,Chesterfield,Latino,2821,143,14
12/22/2020,Lenowisco,White,3490,210,93
12/22/2020,Lenowisco,"Two or more races",39,3,7
12/22/2020,Hampton,"Not Reported",897,4,1
12/22/2020,Southside,"Not Reported",840,6,4
12/22/2020,Roanoke,Black,1035,45,16
12/22/2020,Hampton,Black,1753,133,31
12/22/2020,Alleghany,"Other Race",77,2,0
12/22/2020,Lenowisco,Latino,79,0,0
12/22/2020,Loudoun,"Other Race",905,27,4
12/22/2020,"Central Shenandoah",Latino,1637,71,7
12/22/2020,"Rappahannock Rapidan",Latino,1224,75,8
12/22/2020,"Eastern Shore",Black,1011,108,29
12/22/2020,Norfolk,Latino,599,36,0
12/22/2020,Hampton,"Two or more races",62,1,0
12/22/2020,Richmond,Black,3035,329,48
12/22/2020,Henrico,"Two or more races",162,12,4
12/22/2020,Fairfax,"Two or more races",400,13,1
12/22/2020,Alleghany,"Not Reported",2163,9,3
12/22/2020,Portsmouth,"Not Reported",649,8,2
12/22/2020,"Cumberland Plateau","Other Race",9,0,0
12/22/2020,Southside,"Two or more races",139,0,10
12/22/2020,Portsmouth,White,819,72,15
12/22/2020,"Rappahannock Rapidan","Two or more races",66,2,0
12/22/2020,Fairfax,White,9728,719,349
12/22/2020,Fairfax,"Other Race",1894,127,23
12/22/2020,Crater,"Two or more races",27,2,1
12/22/2020,"West Piedmont","Not Reported",1354,18,4
12/22/2020,Henrico,"Other Race",336,20,1
12/22/2020,"Three Rivers",White,1990,113,33
12/22/2020,"Central Virginia",Black,1114,73,27
12/22/2020,Lenowisco,"Other Race",13,0,0
12/22/2020,"Three Rivers","Other Race",60,3,0
12/22/2020,"Western Tidewater",White,2067,123,84
12/22/2020,"Mount Rogers",Black,212,10,3
12/22/2020,"Three Rivers","Not Reported",481,3,1
12/22/2020,"Thomas Jefferson",Black,930,114,20
12/22/2020,"Eastern Shore",White,560,50,24
12/22/2020,"Central Virginia",White,4731,190,67
12/22/2020,Lenowisco,Black,106,4,3
12/22/2020,"Central Virginia","Two or more races",56,1,0
12/22/2020,Richmond,"Two or more races",97,4,1
12/22/2020,Crater,"Not Reported",1395,15,5
12/22/2020,Chesterfield,"Two or more races",117,11,0
12/22/2020,"New River",Latino,300,7,0
12/22/2020,Richmond,Latino,1666,123,8
12/22/2020,Portsmouth,Latino,126,12,1
12/22/2020,Pittsylvania-Danville,"Not Reported",1314,20,5
12/22/2020,Chesapeake,"Not Reported",1227,4,0
12/22/2020,Chickahominy,Latino,179,9,1
12/22/2020,Crater,Black,3168,263,78
12/22/2020,Chesterfield,Black,2633,180,46
12/22/2020,Chesterfield,"Other Race",309,20,0
12/22/2020,Peninsula,Black,2394,159,34
12/22/2020,Roanoke,White,1556,47,68
12/22/2020,"New River",Black,374,10,3
12/22/2020,Southside,Latino,19,2,0
12/22/2020,Peninsula,Latino,660,32,3
12/22/2020,Rappahannock,"Two or more races",112,5,1
12/22/2020,"Virginia Beach",Black,2934,213,38
12/22/2020,"Mount Rogers","Not Reported",1141,36,8
12/22/2020,Loudoun,"Not Reported",3351,11,0
12/22/2020,Chesapeake,"Other Race",108,6,1
12/22/2020,Chickahominy,"Two or more races",34,2,0
12/22/2020,Crater,"Other Race",104,0,1
12/22/2020,Norfolk,"Two or more races",107,9,1
12/22/2020,"Eastern Shore","Two or more races",1,1,0
12/22/2020,"Central Shenandoah",White,8762,381,120
12/22/2020,"New River","Other Race",35,0,0
12/22/2020,"New River",White,5172,168,77
12/22/2020,"Central Shenandoah","Other Race",194,6,1
12/22/2020,"West Piedmont",Black,1023,132,27
12/22/2020,Alleghany,Latino,282,14,2
12/22/2020,"Central Shenandoah","Not Reported",2615,16,4
12/22/2020,Roanoke,"Two or more races",35,2,0
12/22/2020,Peninsula,"Two or more races",148,6,1
12/22/2020,Richmond,"Not Reported",1368,2,1
12/22/2020,Arlington,"Other Race",280,17,4
12/22/2020,Norfolk,"Not Reported",1632,11,3
12/22/2020,Alexandria,"Other Race",185,13,2
12/22/2020,"Virginia Beach",White,5978,327,70
12/22/2020,Chesapeake,"Two or more races",101,5,1
12/22/2020,Alleghany,White,4333,169,101
12/22/2020,"Rappahannock Rapidan","Other Race",82,4,0
12/22/2020,Chickahominy,"Not Reported",1005,3,1
12/22/2020,Portsmouth,Black,2236,292,51
12/22/2020,Chickahominy,"Other Race",57,3,0
12/22/2020,"Virginia Beach",Latino,989,38,6
12/22/2020,Chesapeake,White,3459,209,45
12/22/2020,Southside,Black,900,65,30
12/22/2020,Rappahannock,Latino,2063,129,11
12/22/2020,"Three Rivers","Two or more races",36,2,0
12/22/2020,Henrico,Black,3296,313,111
12/22/2020,Pittsylvania-Danville,Black,1390,142,27
12/22/2020,"Lord Fairfax","Two or more races",69,3,2
12/22/2020,"Prince William",Latino,10038,782,87
12/22/2020,"Mount Rogers","Other Race",36,2,2
12/22/2020,"Central Shenandoah",Black,700,25,10
12/22/2020,Peninsula,White,2857,142,64
12/22/2020,"Eastern Shore","Not Reported",76,0,0
12/22/2020,"Thomas Jefferson","Other Race",248,8,1
12/22/2020,Hampton,"Other Race",134,4,1
12/22/2020,"Lord Fairfax","Not Reported",1308,6,7
12/22/2020,"Central Virginia","Other Race",92,0,0
12/22/2020,"Western Tidewater","Other Race",138,1,2
12/22/2020,Crater,Latino,322,11,5
12/22/2020,Chesapeake,Latino,564,37,2
12/22/2020,Chesterfield,White,4708,275,118
12/22/2020,"Western Tidewater","Not Reported",1483,5,3
12/22/2020,Fairfax,"Not Reported",6022,57,33
12/22/2020,Arlington,Black,669,105,37
12/22/2020,"Central Virginia",Latino,174,7,4
12/22/2020,Alexandria,"Not Reported",664,3,1
12/22/2020,"Three Rivers",Black,1225,90,20
12/22/2020,"Prince William","Two or more races",304,5,0
12/22/2020,Loudoun,"Two or more races",157,6,0
12/22/2020,Peninsula,"Other Race",360,5,1
12/22/2020,"Thomas Jefferson",White,3595,161,62
12/22/2020,Norfolk,"Other Race",157,6,2
12/22/2020,"Prince William","Not Reported",6559,27,2
12/22/2020,"West Piedmont",White,3179,261,89
12/22/2020,Rappahannock,Black,1654,139,23
12/22/2020,Norfolk,Black,3415,353,69
12/22/2020,Roanoke,Latino,643,34,3
12/22/2020,Piedmont,Latino,99,10,2
12/22/2020,Roanoke,"Not Reported",1498,4,1
12/22/2020,"Virginia Beach","Other Race",275,9,0
12/22/2020,Arlington,"Two or more races",99,7,1
12/22/2020,Alexandria,White,1550,91,45
12/22/2020,"Lord Fairfax","Other Race",205,7,1
12/22/2020,"Thomas Jefferson","Not Reported",648,5,1
12/22/2020,"Virginia Beach","Not Reported",3630,36,9
12/22/2020,Loudoun,Black,564,41,10
12/22/2020,Pittsylvania-Danville,Latino,138,5,0
12/22/2020,"Cumberland Plateau","Not Reported",739,12,2
12/22/2020,Chesterfield,"Not Reported",2301,8,12
12/22/2020,"Mount Rogers",White,7508,520,194
12/22/2020,Richmond,White,1916,67,28
12/22/2020,Lenowisco,"Not Reported",570,14,7
12/22/2020,"Three Rivers",Latino,266,6,1
12/22/2020,Piedmont,"Not Reported",1496,13,4
12/22/2020,"Mount Rogers",Latino,425,11,1
12/22/2020,"Central Shenandoah","Two or more races",120,1,1
12/22/2020,Crater,White,1787,94,34
12/22/2020,Arlington,White,2400,171,78
12/22/2020,Pittsylvania-Danville,"Other Race",6,0,0
12/22/2020,Chickahominy,Black,704,70,20
12/22/2020,Fairfax,Black,3152,305,68
12/22/2020,"Eastern Shore",Latino,321,13,3
12/22/2020,Norfolk,White,1937,109,26
12/22/2020,"Mount Rogers","Two or more races",57,3,2
12/22/2020,Alleghany,"Two or more races",45,1,3
12/22/2020,Southside,White,837,52,30
12/22/2020,"Thomas Jefferson","Two or more races",149,6,1
12/22/2020,"Prince William",Black,2810,229,61
12/22/2020,"Lord Fairfax",White,5900,373,136
12/22/2020,"Cumberland Plateau",Latino,37,0,0
12/22/2020,Arlington,"Not Reported",1580,15,2
12/22/2020,Rappahannock,"Other Race",387,6,0
12/22/2020,"Rappahannock Rapidan",Black,646,55,15
12/22/2020,"New River","Two or more races",127,8,8
12/22/2020,Arlington,Latino,2687,285,32
12/22/2020,Henrico,White,3384,222,140
12/22/2020,Loudoun,White,3550,188,108
12/22/2020,Hampton,White,870,35,9
12/22/2020,Alleghany,Black,416,14,10
12/22/2020,"Prince William",White,4226,236,109
12/22/2020,Rappahannock,White,3683,229,76
12/22/2020,Southside,"Other Race",20,1,1
12/22/2020,Portsmouth,"Two or more races",38,6,0
12/22/2020,"Western Tidewater",Black,2777,230,79
12/22/2020,Hampton,Latino,171,9,0
12/22/2020,Henrico,"Not Reported",2089,10,9
12/22/2020,"West Piedmont","Two or more races",30,0,0
12/22/2020,Peninsula,"Not Reported",2289,2,1
12/22/2020,Loudoun,Latino,3442,276,19
12/22/2020,Alexandria,Black,1307,129,20
12/22/2020,Piedmont,Black,1110,102,27
12/22/2020,Roanoke,"Other Race",60,1,0
12/22/2020,Alexandria,"Two or more races",84,4,0
12/22/2020,"Western Tidewater",Latino,85,1,2
12/22/2020,Rappahannock,"Not Reported",3096,35,1
12/22/2020,"West Piedmont","Other Race",40,1,1
12/22/2020,Chickahominy,White,2632,166,65
12/22/2020,"Thomas Jefferson",Latino,1073,44,3
12/22/2020,"Cumberland Plateau",Black,115,1,1
12/22/2020,"Lord Fairfax",Latino,1266,72,10
12/22/2020,"West Piedmont",Latino,454,19,1
12/22/2020,"Cumberland Plateau",White,3528,206,54
12/22/2020,"Eastern Shore","Other Race",17,1,0
12/22/2020,"Cumberland Plateau","Two or more races",7,0,0
12/22/2020,Pittsylvania-Danville,"Two or more races",14,0,0
12/22/2020,Piedmont,"Other Race",24,0,0
12/22/2020,Alexandria,Latino,2715,165,15
12/22/2020,Chesapeake,Black,2910,312,39
12/22/2020,Richmond,"Other Race",226,9,2
12/22/2020,Henrico,Latino,1275,69,14
12/22/2020,Piedmont,"Two or more races",70,2,1
12/22/2020,"Prince William","Other Race",1404,32,0
12/22/2020,"New River","Not Reported",2271,32,0
12/22/2020,"Rappahannock Rapidan",White,2666,119,31
12/22/2020,"Central Virginia","Not Reported",3881,34,9
12/22/2020,"Virginia Beach","Two or more races",190,9,3
12/22/2020,Pittsylvania-Danville,White,1664,117,58
12/22/2020,"Lord Fairfax",Black,334,33,10
12/22/2020,Fairfax,Latino,15628,1241,111
12/22/2020,Chesterfield,"Asian or Pacific Islander",238,10,2
12/22/2020,Crater,"Asian or Pacific Islander",49,0,0
12/22/2020,Fairfax,"Asian or Pacific Islander",4032,382,90
12/22/2020,Hampton,"Asian or Pacific Islander",38,0,0
12/22/2020,"Rappahannock Rapidan","Asian or Pacific Islander",38,3,1
07/27/2020,Lenowisco,Black,1,0,0
12/22/2020,"Mount Rogers","Asian or Pacific Islander",20,2,0
12/22/2020,"New River","Asian or Pacific Islander",177,1,0
12/22/2020,"Central Virginia","Asian or Pacific Islander",73,3,0
12/22/2020,"Lord Fairfax","Asian or Pacific Islander",69,3,1
12/22/2020,Southside,"Asian or Pacific Islander",5,0,0
12/22/2020,Alleghany,"Asian or Pacific Islander",92,3,0
12/22/2020,Portsmouth,"Asian or Pacific Islander",27,1,0
12/22/2020,Roanoke,"Asian or Pacific Islander",93,4,0
12/22/2020,Richmond,"Asian or Pacific Islander",119,6,1
12/22/2020,"Thomas Jefferson","Asian or Pacific Islander",191,4,1
12/22/2020,"Virginia Beach","Asian or Pacific Islander",602,47,8
12/22/2020,Henrico,"Asian or Pacific Islander",517,15,5
12/22/2020,Piedmont,"Asian or Pacific Islander",16,0,1
12/22/2020,"Western Tidewater","Asian or Pacific Islander",30,2,3
12/22/2020,"West Piedmont","Asian or Pacific Islander",29,2,1
12/22/2020,Chickahominy,"Asian or Pacific Islander",31,3,0
12/22/2020,Peninsula,"Asian or Pacific Islander",125,8,6
12/22/2020,Norfolk,"Asian or Pacific Islander",126,10,0
12/22/2020,Arlington,"Asian or Pacific Islander",399,36,15
12/22/2020,Loudoun,"Asian or Pacific Islander",943,79,13
12/22/2020,Alexandria,"Asian or Pacific Islander",269,13,1
12/22/2020,Rappahannock,"Asian or Pacific Islander",204,13,3
12/22/2020,Chesapeake,"Asian or Pacific Islander",157,14,7
12/22/2020,"Cumberland Plateau and Lenowisco","Asian or Pacific Islander",11,0,0
12/22/2020,"Central Shenandoah","Asian or Pacific Islander",135,4,0
12/22/2020,"Prince William","Asian or Pacific Islander",1230,77,24
12/22/2020,Pittsylvania-Danville,"Asian or Pacific Islander",7,0,0
12/22/2020,"Eastern Shore and Three Rivers","Asian or Pacific Islander",20,1,0
12/22/2020,Piedmont,"Native American",7,0,0
12/22/2020,"New River","Native American",7,0,0
12/22/2020,"Central Shenandoah","Native American",7,1,0
12/22/2020,"Eastern Shore and Three Rivers","Native American",8,0,0
12/22/2020,Fairfax,"Native American",65,1,1
12/22/2020,Chesapeake,"Native American",21,0,0
12/22/2020,"Western Tidewater","Native American",5,0,0
12/22/2020,Portsmouth,"Native American",4,2,0
12/22/2020,Richmond,"Native American",8,0,1
12/22/2020,Chickahominy,"Native American",17,1,0
12/22/2020,"Thomas Jefferson","Native American",7,0,0
12/22/2020,Arlington,"Native American",7,0,0
12/22/2020,"Virginia Beach","Native American",21,0,0
12/22/2020,Peninsula,"Native American",10,2,1
12/22/2020,Hampton,"Native American",5,0,1
12/22/2020,"West Piedmont","Native American",4,0,0
12/22/2020,"Cumberland Plateau, Lenowisco, and Mount Rogers","Native American",22,1,0
12/22/2020,Henrico,"Native American",22,0,0
12/22/2020,Norfolk,"Native American",15,1,1
12/22/2020,"Prince William","Native American",47,1,1
12/22/2020,"Central Virginia","Native American",18,0,0
12/22/2020,Chesterfield,"Native American",12,1,0
12/22/2020,Rappahannock,"Native American",12,0,0
12/22/2020,Loudoun,"Native American",13,0,0
12/22/2020,Alexandria,"Native American",8,0,0
12/22/2020,"Alleghany and Roanoke","Native American",8,0,0
12/22/2020,Crater,"Native American",7,1,1
12/22/2020,"Rappahannock Rapidan","Native American",7,0,0
12/22/2020,"Lord Fairfax","Native American",7,1,1
12/22/2020,"Pittsylvania-Danville and Southside","Native American",6,1,0
12/23/2020,Southside,"Not Reported",859,6,4
12/23/2020,Chesapeake,White,3523,211,45
12/23/2020,"Three Rivers","Other Race",67,3,0
12/23/2020,"Central Virginia","Other Race",93,0,0
12/23/2020,"Central Virginia","Two or more races",56,1,0
12/23/2020,"Cumberland Plateau",White,3664,211,55
12/23/2020,Lenowisco,"Two or more races",39,3,7
12/23/2020,"Western Tidewater",Black,2798,232,79
12/23/2020,"Western Tidewater",Latino,87,1,2
12/23/2020,Fairfax,"Not Reported",5919,60,33
12/23/2020,Chesapeake,"Not Reported",1254,4,0
12/23/2020,"Thomas Jefferson",White,3647,163,62
12/23/2020,"Cumberland Plateau","Two or more races",9,0,0
12/23/2020,Loudoun,Black,567,41,10
12/23/2020,Loudoun,Latino,3464,276,19
12/23/2020,Alleghany,Latino,287,14,2
12/23/2020,Alleghany,Black,429,14,10
12/23/2020,"Three Rivers",Black,1249,91,20
12/23/2020,"Three Rivers",Latino,271,6,1
12/23/2020,"Central Shenandoah","Two or more races",123,1,1
12/23/2020,Hampton,Black,1784,134,31
12/23/2020,Hampton,Latino,173,9,0
12/23/2020,Southside,"Other Race",20,1,1
12/23/2020,Piedmont,"Other Race",24,0,0
12/23/2020,"Prince William","Other Race",1432,33,0
12/23/2020,Richmond,"Other Race",229,9,2
12/23/2020,Hampton,"Two or more races",63,1,0
12/23/2020,Norfolk,Latino,604,36,0
12/23/2020,"Lord Fairfax","Not Reported",1329,6,8
12/23/2020,Norfolk,Black,3465,356,70
12/23/2020,"Central Virginia",Black,1140,76,28
12/23/2020,Rappahannock,Latino,2081,129,11
12/23/2020,"Central Virginia",Latino,175,7,4
12/23/2020,Rappahannock,Black,1673,141,23
12/23/2020,"West Piedmont",White,3221,265,91
12/23/2020,Rappahannock,"Not Reported",3128,35,1
12/23/2020,"Central Shenandoah","Not Reported",2669,16,4
12/23/2020,Chesterfield,Latino,2839,144,14
12/23/2020,Chesterfield,Black,2672,183,47
12/23/2020,"Central Shenandoah",Latino,1653,71,8
12/23/2020,Southside,Latino,21,2,0
12/23/2020,Southside,Black,912,68,29
12/23/2020,"Central Shenandoah",Black,711,25,10
12/23/2020,Peninsula,White,2920,144,66
12/23/2020,"Rappahannock Rapidan",White,2715,120,31
12/23/2020,"New River",Latino,303,7,0
12/23/2020,"New River",Black,378,10,3
12/23/2020,Roanoke,"Other Race",60,1,0
12/23/2020,"Three Rivers","Two or more races",36,2,0
12/23/2020,"Prince William",White,4311,237,109
12/23/2020,"West Piedmont","Two or more races",30,0,0
12/23/2020,"New River","Not Reported",2321,32,0
12/23/2020,Chesterfield,"Not Reported",2359,8,12
12/23/2020,Crater,"Two or more races",30,2,1
12/23/2020,Lenowisco,White,3540,217,94
12/23/2020,"Western Tidewater",White,2103,123,85
12/23/2020,"Lord Fairfax","Other Race",209,7,1
12/23/2020,Chickahominy,"Two or more races",34,1,0
12/23/2020,Henrico,Black,3347,314,112
12/23/2020,Henrico,Latino,1288,70,14
12/23/2020,Alleghany,White,4444,169,105
12/23/2020,Peninsula,Black,2434,160,34
12/23/2020,Peninsula,Latino,663,32,3
12/23/2020,Loudoun,"Other Race",908,27,4
12/23/2020,Arlington,"Not Reported",1622,14,2
12/23/2020,"Mount Rogers","Not Reported",1143,34,8
12/23/2020,Portsmouth,White,841,73,15
12/23/2020,"Western Tidewater","Two or more races",94,1,2
12/23/2020,"Thomas Jefferson","Not Reported",651,5,1
12/23/2020,"Three Rivers","Not Reported",543,3,1
12/23/2020,Richmond,Black,3066,331,48
12/23/2020,Richmond,Latino,1666,124,8
12/23/2020,"Cumberland Plateau",Latino,39,0,0
12/23/2020,Rappahannock,"Other Race",399,6,0
12/23/2020,"Cumberland Plateau",Black,118,1,1
12/23/2020,Loudoun,"Not Reported",3426,11,0
12/23/2020,Loudoun,White,3589,188,108
12/23/2020,Peninsula,"Not Reported",2327,2,1
12/23/2020,Henrico,White,3462,223,141
12/23/2020,Chesterfield,"Two or more races",117,11,0
12/23/2020,Richmond,White,1948,68,29
12/23/2020,Chesapeake,"Two or more races",103,5,1
12/23/2020,Chickahominy,White,2709,166,65
12/23/2020,Lenowisco,Latino,80,0,0
12/23/2020,Lenowisco,Black,106,4,3
12/23/2020,Roanoke,"Two or more races",35,2,0
12/23/2020,Piedmont,Latino,99,10,2
12/23/2020,Piedmont,Black,1124,103,27
12/23/2020,Chesterfield,White,4786,280,120
12/23/2020,"Lord Fairfax","Two or more races",69,3,2
12/23/2020,"Central Virginia",White,4834,194,67
12/23/2020,Rappahannock,White,3754,230,76
12/23/2020,"New River",White,5254,172,79
12/23/2020,Crater,White,1806,95,35
12/23/2020,Alleghany,"Not Reported",2237,9,3
12/23/2020,Arlington,"Two or more races",100,7,2
12/23/2020,Portsmouth,"Other Race",93,13,6
12/23/2020,Piedmont,White,1520,103,35
12/23/2020,Alleghany,"Two or more races",45,1,3
12/23/2020,Crater,Black,3193,265,79
12/23/2020,Crater,Latino,324,11,5
12/23/2020,Piedmont,"Two or more races",72,2,1
12/23/2020,Pittsylvania-Danville,White,1696,120,61
12/23/2020,"Rappahannock Rapidan","Other Race",85,4,0
12/23/2020,Richmond,"Not Reported",1384,2,1
12/23/2020,Henrico,"Two or more races",164,12,4
12/23/2020,Henrico,"Other Race",343,21,1
12/23/2020,Loudoun,"Two or more races",162,6,0
12/23/2020,"Rappahannock Rapidan","Two or more races",67,2,0
12/23/2020,Portsmouth,Latino,126,12,1
12/23/2020,Portsmouth,Black,2255,294,52
12/23/2020,Portsmouth,"Not Reported",660,8,2
12/23/2020,Alexandria,"Two or more races",85,4,0
12/23/2020,"Virginia Beach","Other Race",275,9,0
12/23/2020,Norfolk,"Not Reported",1679,11,3
12/23/2020,Rappahannock,"Two or more races",114,5,1
12/23/2020,Arlington,Black,676,105,37
12/23/2020,Arlington,Latino,2696,287,32
12/23/2020,"Eastern Shore",White,569,51,24
12/23/2020,"Eastern Shore","Not Reported",78,0,0
12/23/2020,Roanoke,White,1568,49,68
12/23/2020,Alexandria,"Other Race",184,13,2
12/23/2020,"Cumberland Plateau","Other Race",9,0,0
12/23/2020,"Western Tidewater","Other Race",139,1,2
12/23/2020,Lenowisco,"Other Race",14,0,0
12/23/2020,Pittsylvania-Danville,"Two or more races",13,0,0
12/23/2020,Henrico,"Not Reported",2108,10,8
12/23/2020,Crater,"Other Race",104,0,1
12/23/2020,Chickahominy,"Other Race",61,3,0
12/23/2020,Roanoke,Black,1043,45,16
12/23/2020,Roanoke,Latino,645,34,3
12/23/2020,Peninsula,"Two or more races",152,6,1
12/23/2020,Peninsula,"Other Race",367,5,1
12/23/2020,"Thomas Jefferson","Two or more races",148,6,1
12/23/2020,Arlington,White,2436,172,81
12/23/2020,Norfolk,"Two or more races",110,10,1
12/23/2020,Alexandria,White,1568,92,46
12/23/2020,Hampton,"Not Reported",902,4,1
12/23/2020,"Mount Rogers",White,7681,526,196
12/23/2020,Alexandria,"Not Reported",669,3,1
12/23/2020,"Western Tidewater","Not Reported",1499,5,3
12/23/2020,"Cumberland Plateau","Not Reported",775,12,2
12/23/2020,"Thomas Jefferson","Other Race",249,8,1
12/23/2020,"Mount Rogers",Black,215,10,3
12/23/2020,"Mount Rogers",Latino,428,11,1
12/23/2020,"West Piedmont",Black,1037,132,28
12/23/2020,"West Piedmont",Latino,464,19,1
12/23/2020,"Virginia Beach",White,6098,339,73
12/23/2020,"West Piedmont","Other Race",35,1,1
12/23/2020,Richmond,"Two or more races",99,4,1
12/23/2020,"Virginia Beach","Not Reported",3701,38,9
12/23/2020,Hampton,"Other Race",134,4,1
12/23/2020,"Virginia Beach",Black,2959,218,41
12/23/2020,"Virginia Beach",Latino,1001,41,6
12/23/2020,Fairfax,Black,3188,306,68
12/23/2020,Fairfax,Latino,15761,1249,112
12/23/2020,"Prince William",Latino,10129,789,88
12/23/2020,"Prince William",Black,2857,229,62
12/23/2020,Piedmont,"Not Reported",1496,13,4
12/23/2020,Chesapeake,Latino,567,37,2
12/23/2020,Chesapeake,Black,2924,313,40
12/23/2020,Pittsylvania-Danville,"Not Reported",1337,22,7
12/23/2020,Alleghany,"Other Race",78,2,0
12/23/2020,"West Piedmont","Not Reported",1393,18,4
12/23/2020,Norfolk,White,1986,111,27
12/23/2020,"Virginia Beach","Two or more races",191,10,3
12/23/2020,Chesapeake,"Other Race",108,6,1
12/23/2020,Norfolk,"Other Race",163,6,2
12/23/2020,Chickahominy,Latino,180,9,1
12/23/2020,Chickahominy,Black,717,70,20
12/23/2020,"Eastern Shore",Black,1019,108,29
12/23/2020,"Eastern Shore",Latino,324,13,3
12/23/2020,"Prince William","Two or more races",319,5,0
12/23/2020,Hampton,White,889,36,9
12/23/2020,"Prince William","Not Reported",6702,27,2
12/23/2020,"Mount Rogers","Two or more races",57,3,2
12/23/2020,Fairfax,White,9882,729,350
12/23/2020,"Thomas Jefferson",Black,943,115,21
12/23/2020,"Thomas Jefferson",Latino,1096,44,3
12/23/2020,"Rappahannock Rapidan","Not Reported",1329,21,7
12/23/2020,Southside,"Two or more races",141,0,10
12/23/2020,Lenowisco,"Not Reported",574,14,7
12/23/2020,Crater,"Not Reported",1391,15,5
12/23/2020,Chickahominy,"Not Reported",1032,3,1
12/23/2020,Fairfax,"Other Race",1899,130,23
12/23/2020,Portsmouth,"Two or more races",39,6,0
12/23/2020,Alexandria,Black,1328,130,20
12/23/2020,Alexandria,Latino,2731,166,15
12/23/2020,Roanoke,"Not Reported",1512,4,1
12/23/2020,Pittsylvania-Danville,Black,1408,144,27
12/23/2020,Pittsylvania-Danville,Latino,138,5,0
12/23/2020,"Eastern Shore","Two or more races",1,1,0
12/23/2020,"Lord Fairfax",White,5996,382,137
12/23/2020,Chesterfield,"Other Race",314,20,0
12/23/2020,"Mount Rogers","Other Race",36,2,2
12/23/2020,"Eastern Shore","Other Race",16,1,0
12/23/2020,"Three Rivers",White,2068,116,34
12/23/2020,Pittsylvania-Danville,"Other Race",5,0,0
12/23/2020,"Rappahannock Rapidan",Latino,1237,76,8
12/23/2020,"Rappahannock Rapidan",Black,652,55,15
12/23/2020,"Central Virginia","Not Reported",3921,36,9
12/23/2020,"Lord Fairfax",Latino,1272,73,10
12/23/2020,"Lord Fairfax",Black,337,33,10
12/23/2020,"Central Shenandoah","Other Race",195,6,1
12/23/2020,Fairfax,"Two or more races",401,13,1
12/23/2020,Arlington,"Other Race",283,17,4
12/23/2020,"New River","Two or more races",129,8,8
12/23/2020,"Central Shenandoah",White,8897,384,120
12/23/2020,Southside,White,850,53,31
12/23/2020,"New River","Other Race",36,0,0
12/23/2020,Chesterfield,"Asian or Pacific Islander",245,11,2
12/23/2020,Crater,"Asian or Pacific Islander",49,0,0
12/23/2020,Fairfax,"Asian or Pacific Islander",4111,389,91
12/23/2020,Hampton,"Asian or Pacific Islander",38,0,0
12/23/2020,"Rappahannock Rapidan","Asian or Pacific Islander",39,3,1
07/31/2020,Hampton,Black,417,34,4
12/23/2020,"Mount Rogers","Asian or Pacific Islander",20,2,0
12/23/2020,"New River","Asian or Pacific Islander",178,1,0
12/23/2020,"Central Virginia","Asian or Pacific Islander",73,3,0
12/23/2020,"Lord Fairfax","Asian or Pacific Islander",71,3,1
12/23/2020,Southside,"Asian or Pacific Islander",5,0,0
12/23/2020,Alleghany,"Asian or Pacific Islander",93,3,0
12/23/2020,Portsmouth,"Asian or Pacific Islander",27,1,0
12/23/2020,Roanoke,"Asian or Pacific Islander",93,4,0
12/23/2020,Richmond,"Asian or Pacific Islander",125,6,1
12/23/2020,"Thomas Jefferson","Asian or Pacific Islander",194,4,1
12/23/2020,"Virginia Beach","Asian or Pacific Islander",612,50,8
12/23/2020,Henrico,"Asian or Pacific Islander",523,15,5
12/23/2020,Piedmont,"Asian or Pacific Islander",16,0,1
12/23/2020,"Western Tidewater","Asian or Pacific Islander",33,2,3
12/23/2020,"West Piedmont","Asian or Pacific Islander",29,2,1
12/23/2020,Chickahominy,"Asian or Pacific Islander",31,3,0
12/23/2020,Peninsula,"Asian or Pacific Islander",125,8,6
12/23/2020,Norfolk,"Asian or Pacific Islander",128,11,0
12/23/2020,Arlington,"Asian or Pacific Islander",401,37,16
12/23/2020,Loudoun,"Asian or Pacific Islander",954,79,13
12/23/2020,Alexandria,"Asian or Pacific Islander",272,13,1
12/23/2020,Rappahannock,"Asian or Pacific Islander",207,13,3
12/23/2020,Chesapeake,"Asian or Pacific Islander",160,14,7
12/23/2020,"Cumberland Plateau and Lenowisco","Asian or Pacific Islander",12,0,0
12/23/2020,"Central Shenandoah","Asian or Pacific Islander",137,4,0
12/23/2020,"Prince William","Asian or Pacific Islander",1242,79,24
12/23/2020,Pittsylvania-Danville,"Asian or Pacific Islander",7,0,0
12/23/2020,"Eastern Shore and Three Rivers","Asian or Pacific Islander",20,1,0
12/23/2020,Piedmont,"Native American",7,0,0
12/23/2020,"New River","Native American",7,0,0
12/23/2020,"Central Shenandoah","Native American",7,1,0
12/23/2020,"Eastern Shore and Three Rivers","Native American",8,0,0
12/23/2020,Fairfax,"Native American",64,1,1
12/23/2020,Chesapeake,"Native American",20,0,0
12/23/2020,"Western Tidewater","Native American",5,0,0
12/23/2020,Portsmouth,"Native American",4,2,0
12/23/2020,Richmond,"Native American",8,0,1
12/23/2020,Chickahominy,"Native American",19,1,0
12/23/2020,"Thomas Jefferson","Native American",7,0,0
12/23/2020,Arlington,"Native American",8,0,0
12/23/2020,"Virginia Beach","Native American",22,0,0
12/23/2020,Peninsula,"Native American",10,2,1
12/23/2020,Hampton,"Native American",5,0,1
12/23/2020,"West Piedmont","Native American",4,0,0
12/23/2020,"Cumberland Plateau, Lenowisco, and Mount Rogers","Native American",21,1,0
12/23/2020,Henrico,"Native American",22,0,0
12/23/2020,Norfolk,"Native American",15,1,1
12/23/2020,"Prince William","Native American",49,1,1
12/23/2020,"Central Virginia","Native American",18,0,0
12/23/2020,Chesterfield,"Native American",12,1,0
12/23/2020,Rappahannock,"Native American",12,0,0
12/23/2020,Loudoun,"Native American",12,0,0
12/23/2020,Alexandria,"Native American",8,0,0
12/23/2020,"Alleghany and Roanoke","Native American",8,0,0
12/23/2020,Crater,"Native American",7,1,1
12/23/2020,"Rappahannock Rapidan","Native American",8,0,0
12/23/2020,"Lord Fairfax","Native American",7,1,1
12/23/2020,"Pittsylvania-Danville and Southside","Native American",6,1,0
12/24/2020,Chesterfield,"Asian or Pacific Islander",250,11,2
12/24/2020,Crater,"Asian or Pacific Islander",50,0,0
12/24/2020,Fairfax,"Asian or Pacific Islander",4192,391,91
12/24/2020,Hampton,"Asian or Pacific Islander",38,0,0
12/24/2020,"Rappahannock Rapidan","Asian or Pacific Islander",41,3,1
12/24/2020,"Mount Rogers","Asian or Pacific Islander",21,2,0
12/24/2020,"New River","Asian or Pacific Islander",178,1,0
12/24/2020,"Central Virginia","Asian or Pacific Islander",74,3,0
12/24/2020,"Lord Fairfax","Asian or Pacific Islander",71,3,1
12/24/2020,Southside,"Asian or Pacific Islander",5,0,0
12/24/2020,Alleghany,"Asian or Pacific Islander",93,3,0
12/24/2020,Portsmouth,"Asian or Pacific Islander",27,1,0
12/24/2020,Roanoke,"Asian or Pacific Islander",94,4,0
12/24/2020,Richmond,"Asian or Pacific Islander",126,6,1
12/24/2020,"Thomas Jefferson","Asian or Pacific Islander",194,4,1
12/24/2020,"Virginia Beach","Asian or Pacific Islander",624,50,8
12/24/2020,Henrico,"Asian or Pacific Islander",532,15,5
12/24/2020,Piedmont,"Asian or Pacific Islander",16,0,1
12/24/2020,"Western Tidewater","Asian or Pacific Islander",34,2,3
12/24/2020,"West Piedmont","Asian or Pacific Islander",30,2,1
12/24/2020,Chickahominy,"Asian or Pacific Islander",31,3,0
12/24/2020,Peninsula,"Asian or Pacific Islander",128,8,6
12/24/2020,Norfolk,"Asian or Pacific Islander",128,11,0
12/24/2020,Arlington,"Asian or Pacific Islander",402,37,17
12/24/2020,Loudoun,"Asian or Pacific Islander",959,79,13
12/24/2020,Alexandria,"Asian or Pacific Islander",274,13,1
12/24/2020,Rappahannock,"Asian or Pacific Islander",209,13,3
12/24/2020,Chesapeake,"Asian or Pacific Islander",162,14,7
12/24/2020,"Cumberland Plateau and Lenowisco","Asian or Pacific Islander",12,0,0
12/24/2020,"Central Shenandoah","Asian or Pacific Islander",137,4,0
12/24/2020,"Prince William","Asian or Pacific Islander",1257,79,24
12/24/2020,Pittsylvania-Danville,"Asian or Pacific Islander",7,0,0
12/24/2020,"Eastern Shore and Three Rivers","Asian or Pacific Islander",20,1,0
12/24/2020,Piedmont,"Native American",7,0,0
12/24/2020,"New River","Native American",7,0,0
12/24/2020,"Central Shenandoah","Native American",7,1,0
12/24/2020,"Eastern Shore and Three Rivers","Native American",8,0,0
12/24/2020,Fairfax,"Native American",68,1,1
12/24/2020,Chesapeake,"Native American",20,0,0
12/24/2020,"Western Tidewater","Native American",5,0,0
12/24/2020,Portsmouth,"Native American",4,2,0
12/24/2020,Richmond,"Native American",8,0,1
12/24/2020,Chickahominy,"Native American",20,1,0
12/24/2020,"Thomas Jefferson","Native American",7,0,0
12/24/2020,Arlington,"Native American",8,0,0
12/24/2020,"Virginia Beach","Native American",22,0,0
12/24/2020,Peninsula,"Native American",10,2,1
12/24/2020,Hampton,"Native American",5,0,1
12/24/2020,"West Piedmont","Native American",4,0,0
12/24/2020,"Cumberland Plateau, Lenowisco, and Mount Rogers","Native American",22,1,0
12/24/2020,Henrico,"Native American",22,0,0
12/24/2020,Norfolk,"Native American",15,1,1
12/24/2020,"Prince William","Native American",49,1,1
12/24/2020,"Central Virginia","Native American",18,0,0
12/24/2020,Chesterfield,"Native American",12,1,0
12/24/2020,Rappahannock,"Native American",12,0,0
12/24/2020,Loudoun,"Native American",12,0,0
12/24/2020,Alexandria,"Native American",8,0,0
12/24/2020,"Alleghany and Roanoke","Native American",8,0,0
12/24/2020,Crater,"Native American",7,1,1
12/24/2020,"Rappahannock Rapidan","Native American",9,0,0
12/24/2020,"Lord Fairfax","Native American",7,1,1
12/24/2020,"Pittsylvania-Danville and Southside","Native American",7,1,0
12/24/2020,Southside,"Not Reported",872,7,4
12/24/2020,Chesapeake,White,3592,213,45
12/24/2020,"Three Rivers","Other Race",67,3,0
12/24/2020,"Central Virginia","Other Race",94,0,0
12/24/2020,"Central Virginia","Two or more races",57,1,0
12/24/2020,"Cumberland Plateau",White,3753,215,57
12/24/2020,Lenowisco,"Two or more races",39,3,7
12/24/2020,"Western Tidewater",Black,2848,237,79
12/24/2020,"Western Tidewater",Latino,90,1,2
12/24/2020,Fairfax,"Not Reported",6026,60,33
12/24/2020,Chesapeake,"Not Reported",1273,4,0
12/24/2020,"Thomas Jefferson",White,3714,164,62
12/24/2020,"Cumberland Plateau","Two or more races",11,0,0
12/24/2020,Loudoun,Black,572,41,10
12/24/2020,Loudoun,Latino,3479,276,19
12/24/2020,Alleghany,Latino,288,14,2
12/24/2020,Alleghany,Black,432,14,11
12/24/2020,"Three Rivers",Black,1263,91,20
12/24/2020,"Three Rivers",Latino,274,6,1
12/24/2020,"Central Shenandoah","Two or more races",124,1,1
12/24/2020,Hampton,Black,1804,136,31
12/24/2020,Hampton,Latino,174,9,0
12/24/2020,Southside,"Other Race",21,1,1
12/24/2020,Piedmont,"Other Race",25,0,0
12/24/2020,"Prince William","Other Race",1496,33,0
12/24/2020,Richmond,"Other Race",230,9,2
12/24/2020,Hampton,"Two or more races",66,1,0
12/24/2020,Norfolk,Latino,608,36,0
12/24/2020,"Lord Fairfax","Not Reported",1363,6,9
12/24/2020,Norfolk,Black,3479,357,70
12/24/2020,"Central Virginia",Black,1174,76,29
12/24/2020,Rappahannock,Latino,2111,129,11
12/24/2020,"Central Virginia",Latino,178,7,4
12/24/2020,Rappahannock,Black,1716,143,23
12/24/2020,"West Piedmont",White,3269,268,91
12/24/2020,Rappahannock,"Not Reported",3216,35,1
12/24/2020,"Central Shenandoah","Not Reported",2746,16,4
12/24/2020,Chesterfield,Latino,2849,144,15
12/24/2020,Chesterfield,Black,2707,183,48
12/24/2020,"Central Shenandoah",Latino,1669,71,8
12/24/2020,Southside,Latino,23,2,0
12/24/2020,Southside,Black,935,68,30
12/24/2020,"Central Shenandoah",Black,730,26,10
12/24/2020,Peninsula,White,2981,148,66
12/24/2020,"Rappahannock Rapidan",White,2758,122,32
12/24/2020,"New River",Latino,303,7,0
12/24/2020,"New River",Black,379,10,3
12/24/2020,Roanoke,"Other Race",59,1,0
12/24/2020,"Three Rivers","Two or more races",37,2,0
12/24/2020,"Prince William",White,4408,237,109
12/24/2020,"West Piedmont","Two or more races",30,0,0
12/24/2020,"New River","Not Reported",2364,33,0
12/24/2020,Chesterfield,"Not Reported",2368,8,12
12/24/2020,Crater,"Two or more races",30,2,1
12/24/2020,Lenowisco,White,3590,217,94
12/24/2020,"Western Tidewater",White,2156,124,86
12/24/2020,"Lord Fairfax","Other Race",211,7,1
12/24/2020,Chickahominy,"Two or more races",34,1,0
12/24/2020,Henrico,Black,3390,314,112
12/24/2020,Henrico,Latino,1300,70,14
12/24/2020,Alleghany,White,4535,169,108
12/24/2020,Peninsula,Black,2475,162,34
12/24/2020,Peninsula,Latino,672,32,3
12/24/2020,Loudoun,"Other Race",918,27,4
12/24/2020,Arlington,"Not Reported",1647,13,2
12/24/2020,"Mount Rogers","Not Reported",1182,33,8
12/24/2020,Portsmouth,White,872,74,15
12/24/2020,"Western Tidewater","Two or more races",96,1,2
12/24/2020,"Thomas Jefferson","Not Reported",659,5,1
12/24/2020,"Three Rivers","Not Reported",552,3,1
12/24/2020,Richmond,Black,3097,332,48
12/24/2020,Richmond,Latino,1674,124,8
12/24/2020,"Cumberland Plateau",Latino,39,0,0
12/24/2020,Rappahannock,"Other Race",412,6,0
12/24/2020,"Cumberland Plateau",Black,122,1,1
12/24/2020,Loudoun,"Not Reported",3454,11,0
12/24/2020,Loudoun,White,3609,188,108
12/24/2020,Peninsula,"Not Reported",2391,2,1
12/24/2020,Henrico,White,3526,225,142
12/24/2020,Chesterfield,"Two or more races",118,11,0
12/24/2020,Richmond,White,1993,68,29
12/24/2020,Chesapeake,"Two or more races",104,5,1
12/24/2020,Chickahominy,White,2736,167,66
12/24/2020,Lenowisco,Latino,89,0,0
12/24/2020,Lenowisco,Black,122,4,3
12/24/2020,Roanoke,"Two or more races",36,2,0
12/24/2020,Piedmont,Latino,101,10,2
12/24/2020,Piedmont,Black,1149,104,27
12/24/2020,Chesterfield,White,4851,284,120
12/24/2020,"Lord Fairfax","Two or more races",69,3,2
12/24/2020,"Central Virginia",White,4961,194,70
12/24/2020,Rappahannock,White,3866,233,76
12/24/2020,"New River",White,5316,174,80
12/24/2020,Crater,White,1823,95,35
12/24/2020,Alleghany,"Not Reported",2296,9,3
12/24/2020,Arlington,"Two or more races",103,7,2
12/24/2020,Portsmouth,"Other Race",95,13,6
12/24/2020,Piedmont,White,1554,103,35
12/24/2020,Alleghany,"Two or more races",47,1,3
12/24/2020,Crater,Black,3214,267,79
12/24/2020,Crater,Latino,326,11,5
12/24/2020,Piedmont,"Two or more races",73,2,1
12/24/2020,Pittsylvania-Danville,White,1722,120,61
12/24/2020,"Rappahannock Rapidan","Other Race",89,5,0
12/24/2020,Richmond,"Not Reported",1402,2,1
12/24/2020,Henrico,"Two or more races",169,13,4
12/24/2020,Henrico,"Other Race",350,21,1
12/24/2020,Loudoun,"Two or more races",168,6,0
12/24/2020,"Rappahannock Rapidan","Two or more races",68,2,0
12/24/2020,Portsmouth,Latino,130,13,1
12/24/2020,Portsmouth,Black,2276,295,52
12/24/2020,Portsmouth,"Not Reported",684,8,2
12/24/2020,Alexandria,"Two or more races",86,4,0
12/24/2020,"Virginia Beach","Other Race",285,9,0
12/24/2020,Norfolk,"Not Reported",1706,11,3
12/24/2020,Rappahannock,"Two or more races",119,5,1
12/24/2020,Arlington,Black,680,106,37
12/24/2020,Arlington,Latino,2702,293,32
12/24/2020,"Eastern Shore",White,586,51,24
12/24/2020,"Eastern Shore","Not Reported",81,0,0
12/24/2020,Roanoke,White,1607,49,68
12/24/2020,Alexandria,"Other Race",188,13,2
12/24/2020,"Cumberland Plateau","Other Race",9,0,0
12/24/2020,"Western Tidewater","Other Race",143,1,2
12/24/2020,Lenowisco,"Other Race",14,0,0
12/24/2020,Pittsylvania-Danville,"Two or more races",13,0,0
12/24/2020,Henrico,"Not Reported",2126,10,8
12/24/2020,Crater,"Other Race",106,0,1
12/24/2020,Chickahominy,"Other Race",60,3,0
12/24/2020,Roanoke,Black,1050,45,16
12/24/2020,Roanoke,Latino,647,34,3
12/24/2020,Peninsula,"Two or more races",155,6,1
12/24/2020,Peninsula,"Other Race",379,5,1
12/24/2020,"Thomas Jefferson","Two or more races",148,6,1
12/24/2020,Arlington,White,2456,176,82
12/24/2020,Norfolk,"Two or more races",112,10,1
12/24/2020,Alexandria,White,1587,92,46
12/24/2020,Hampton,"Not Reported",902,4,1
12/24/2020,"Mount Rogers",White,7841,533,198
12/24/2020,Alexandria,"Not Reported",684,3,1
12/24/2020,"Western Tidewater","Not Reported",1525,5,3
12/24/2020,"Cumberland Plateau","Not Reported",789,13,2
12/24/2020,"Thomas Jefferson","Other Race",250,8,1
12/24/2020,"Mount Rogers",Black,217,10,3
12/24/2020,"Mount Rogers",Latino,430,11,1
08/01/2020,Loudoun,White,1085,108,81
12/24/2020,"West Piedmont",Black,1043,133,28
12/24/2020,"West Piedmont",Latino,470,19,2
12/24/2020,"Virginia Beach",White,6212,340,73
12/24/2020,"West Piedmont","Other Race",35,1,1
12/24/2020,Richmond,"Two or more races",103,4,1
12/24/2020,"Virginia Beach","Not Reported",3812,38,9
12/24/2020,Hampton,"Other Race",133,4,1
12/24/2020,"Virginia Beach",Black,2972,218,41
12/24/2020,"Virginia Beach",Latino,1008,41,6
12/24/2020,Fairfax,Black,3240,308,68
12/24/2020,Fairfax,Latino,15905,1252,114
12/24/2020,"Prince William",Latino,10206,791,88
12/24/2020,"Prince William",Black,2886,230,62
12/24/2020,Piedmont,"Not Reported",1481,14,4
12/24/2020,Chesapeake,Latino,570,38,2
12/24/2020,Chesapeake,Black,2953,315,40
12/24/2020,Pittsylvania-Danville,"Not Reported",1386,23,7
12/24/2020,Alleghany,"Other Race",81,2,0
12/24/2020,"West Piedmont","Not Reported",1416,20,4
12/24/2020,Norfolk,White,2014,113,27
12/24/2020,"Virginia Beach","Two or more races",193,10,3
12/24/2020,Chesapeake,"Other Race",110,6,1
12/24/2020,Norfolk,"Other Race",168,5,2
12/24/2020,Chickahominy,Latino,182,9,1
12/24/2020,Chickahominy,Black,720,72,21
12/24/2020,"Eastern Shore",Black,1021,108,29
12/24/2020,"Eastern Shore",Latino,330,13,3
12/24/2020,"Prince William","Two or more races",334,6,0
12/24/2020,Hampton,White,900,37,9
12/24/2020,"Prince William","Not Reported",6751,27,2
12/24/2020,"Mount Rogers","Two or more races",59,3,2
12/24/2020,Fairfax,White,10026,734,351
12/24/2020,"Thomas Jefferson",Black,957,115,21
12/24/2020,"Thomas Jefferson",Latino,1110,46,3
12/24/2020,"Rappahannock Rapidan","Not Reported",1367,23,8
12/24/2020,Southside,"Two or more races",141,0,10
12/24/2020,Lenowisco,"Not Reported",589,15,7
12/24/2020,Crater,"Not Reported",1393,15,5
12/24/2020,Chickahominy,"Not Reported",1043,3,1
12/24/2020,Fairfax,"Other Race",1916,130,23
12/24/2020,Portsmouth,"Two or more races",40,6,0
12/24/2020,Alexandria,Black,1342,130,20
12/24/2020,Alexandria,Latino,2744,167,15
12/24/2020,Roanoke,"Not Reported",1520,4,1
12/24/2020,Pittsylvania-Danville,Black,1425,144,28
12/24/2020,Pittsylvania-Danville,Latino,139,5,0
12/24/2020,"Eastern Shore","Two or more races",1,1,0
12/24/2020,"Lord Fairfax",White,6058,387,138
12/24/2020,Chesterfield,"Other Race",319,20,0
12/24/2020,"Mount Rogers","Other Race",39,2,2
12/24/2020,"Eastern Shore","Other Race",17,1,0
12/24/2020,"Three Rivers",White,2097,117,34
12/24/2020,Pittsylvania-Danville,"Other Race",5,0,0
12/24/2020,"Rappahannock Rapidan",Latino,1246,76,8
12/24/2020,"Rappahannock Rapidan",Black,670,56,15
12/24/2020,"Central Virginia","Not Reported",3968,36,9
12/24/2020,"Lord Fairfax",Latino,1280,73,10
12/24/2020,"Lord Fairfax",Black,338,33,10
12/24/2020,"Central Shenandoah","Other Race",197,6,1
12/24/2020,Fairfax,"Two or more races",411,13,1
12/24/2020,Arlington,"Other Race",291,17,4
12/24/2020,"New River","Two or more races",129,8,8
12/24/2020,"Central Shenandoah",White,9081,388,120
12/24/2020,Southside,White,882,54,31
12/24/2020,"New River","Other Race",36,1,0
12/25/2020,Chesterfield,"Asian or Pacific Islander",253,11,2
12/25/2020,Crater,"Asian or Pacific Islander",50,0,0
12/25/2020,Fairfax,"Asian or Pacific Islander",4256,394,92
12/25/2020,Hampton,"Asian or Pacific Islander",39,0,0
12/25/2020,"Rappahannock Rapidan","Asian or Pacific Islander",41,3,1
12/25/2020,"Mount Rogers","Asian or Pacific Islander",21,2,0
12/25/2020,"New River","Asian or Pacific Islander",179,1,0
12/25/2020,"Central Virginia","Asian or Pacific Islander",74,3,0
12/25/2020,"Lord Fairfax","Asian or Pacific Islander",71,3,1
12/25/2020,Southside,"Asian or Pacific Islander",5,0,0
12/25/2020,Alleghany,"Asian or Pacific Islander",94,3,0
12/25/2020,Portsmouth,"Asian or Pacific Islander",27,1,0
12/25/2020,Roanoke,"Asian or Pacific Islander",95,4,0
12/25/2020,Richmond,"Asian or Pacific Islander",127,6,1
12/25/2020,"Thomas Jefferson","Asian or Pacific Islander",195,4,1
12/25/2020,"Virginia Beach","Asian or Pacific Islander",629,50,8
12/25/2020,Henrico,"Asian or Pacific Islander",535,15,5
12/25/2020,Piedmont,"Asian or Pacific Islander",16,0,1
12/25/2020,"Western Tidewater","Asian or Pacific Islander",34,2,3
12/25/2020,"West Piedmont","Asian or Pacific Islander",30,2,1
12/25/2020,Chickahominy,"Asian or Pacific Islander",31,3,0
12/25/2020,Peninsula,"Asian or Pacific Islander",128,8,6
12/25/2020,Norfolk,"Asian or Pacific Islander",128,11,0
12/25/2020,Arlington,"Asian or Pacific Islander",408,37,17
12/25/2020,Loudoun,"Asian or Pacific Islander",969,80,13
12/25/2020,Alexandria,"Asian or Pacific Islander",282,13,1
12/25/2020,Rappahannock,"Asian or Pacific Islander",210,13,3
12/25/2020,Chesapeake,"Asian or Pacific Islander",162,14,7
12/25/2020,"Cumberland Plateau and Lenowisco","Asian or Pacific Islander",12,0,0
12/25/2020,"Central Shenandoah","Asian or Pacific Islander",137,4,0
12/25/2020,"Prince William","Asian or Pacific Islander",1266,79,24
12/25/2020,Pittsylvania-Danville,"Asian or Pacific Islander",7,0,0
12/25/2020,"Eastern Shore and Three Rivers","Asian or Pacific Islander",20,1,0
12/25/2020,Piedmont,"Native American",7,0,0
12/25/2020,"New River","Native American",7,0,0
12/25/2020,"Central Shenandoah","Native American",7,1,0
12/25/2020,"Eastern Shore and Three Rivers","Native American",8,0,0
12/25/2020,Fairfax,"Native American",69,1,1
12/25/2020,Chesapeake,"Native American",20,0,0
12/25/2020,"Western Tidewater","Native American",5,0,0
12/25/2020,Portsmouth,"Native American",4,2,0
12/25/2020,Richmond,"Native American",9,0,1
12/25/2020,Chickahominy,"Native American",20,1,0
12/25/2020,"Thomas Jefferson","Native American",7,0,0
12/25/2020,Arlington,"Native American",8,0,0
12/25/2020,"Virginia Beach","Native American",22,0,0
12/25/2020,Peninsula,"Native American",11,2,1
12/25/2020,Hampton,"Native American",5,0,1
12/25/2020,"West Piedmont","Native American",4,0,0
12/25/2020,"Cumberland Plateau, Lenowisco, and Mount Rogers","Native American",22,1,0
12/25/2020,Henrico,"Native American",22,0,0
12/25/2020,Norfolk,"Native American",15,1,1
12/25/2020,"Prince William","Native American",50,1,1
12/25/2020,"Central Virginia","Native American",18,0,0
12/25/2020,Chesterfield,"Native American",12,1,0
12/25/2020,Rappahannock,"Native American",13,0,0
12/25/2020,Loudoun,"Native American",12,0,0
12/25/2020,Alexandria,"Native American",8,0,0
12/25/2020,"Alleghany and Roanoke","Native American",10,0,1
12/25/2020,Crater,"Native American",7,1,1
12/25/2020,"Rappahannock Rapidan","Native American",9,0,0
12/25/2020,"Lord Fairfax","Native American",7,1,1
12/25/2020,"Pittsylvania-Danville and Southside","Native American",7,1,0
12/25/2020,Southside,"Not Reported",873,7,4
12/25/2020,Chesapeake,White,3621,214,46
12/25/2020,"Three Rivers","Other Race",67,3,0
12/25/2020,"Central Virginia","Other Race",96,0,0
12/25/2020,"Central Virginia","Two or more races",58,1,0
12/25/2020,"Cumberland Plateau",White,3791,216,57
12/25/2020,Lenowisco,"Two or more races",39,3,7
12/25/2020,"Western Tidewater",Black,2870,237,79
12/25/2020,"Western Tidewater",Latino,90,1,2
12/25/2020,Fairfax,"Not Reported",6019,61,33
12/25/2020,Chesapeake,"Not Reported",1289,4,0
12/25/2020,"Thomas Jefferson",White,3754,165,63
12/25/2020,"Cumberland Plateau","Two or more races",11,0,0
12/25/2020,Loudoun,Black,576,41,10
12/25/2020,Loudoun,Latino,3490,276,19
12/25/2020,Alleghany,Latino,289,14,2
12/25/2020,Alleghany,Black,434,14,12
12/25/2020,"Three Rivers",Black,1279,92,20
12/25/2020,"Three Rivers",Latino,278,6,1
12/25/2020,"Central Shenandoah","Two or more races",125,1,1
12/25/2020,Hampton,Black,1843,136,31
12/25/2020,Hampton,Latino,176,9,0
12/25/2020,Southside,"Other Race",21,1,1
12/25/2020,Piedmont,"Other Race",26,0,0
12/25/2020,"Prince William","Other Race",1508,33,0
12/25/2020,Richmond,"Other Race",231,9,2
12/25/2020,Hampton,"Two or more races",68,1,0
12/25/2020,Norfolk,Latino,609,36,0
12/25/2020,"Lord Fairfax","Not Reported",1415,6,9
12/25/2020,Norfolk,Black,3498,357,70
12/25/2020,"Central Virginia",Black,1195,77,29
12/25/2020,Rappahannock,Latino,2118,129,11
12/25/2020,"Central Virginia",Latino,179,7,4
12/25/2020,Rappahannock,Black,1743,144,23
12/25/2020,"West Piedmont",White,3313,271,92
12/25/2020,Rappahannock,"Not Reported",3311,35,1
12/25/2020,"Central Shenandoah","Not Reported",2917,18,4
12/25/2020,Chesterfield,Latino,2861,145,15
12/25/2020,Chesterfield,Black,2737,184,48
12/25/2020,"Central Shenandoah",Latino,1676,71,8
12/25/2020,Southside,Latino,24,2,0
12/25/2020,Southside,Black,937,68,31
12/25/2020,"Central Shenandoah",Black,748,26,10
12/25/2020,Peninsula,White,3015,148,67
12/25/2020,"Rappahannock Rapidan",White,2812,125,32
12/25/2020,"New River",Latino,306,7,0
12/25/2020,"New River",Black,384,11,3
12/25/2020,Roanoke,"Other Race",59,1,0
12/25/2020,"Three Rivers","Two or more races",39,1,0
12/25/2020,"Prince William",White,4496,237,109
12/25/2020,"West Piedmont","Two or more races",32,0,0
12/25/2020,"New River","Not Reported",2400,32,0
12/25/2020,Chesterfield,"Not Reported",2379,8,12
12/25/2020,Crater,"Two or more races",31,2,1
12/25/2020,Lenowisco,White,3631,218,97
12/25/2020,"Western Tidewater",White,2203,124,86
12/25/2020,"Lord Fairfax","Other Race",216,7,1
12/25/2020,Chickahominy,"Two or more races",35,1,0
12/25/2020,Henrico,Black,3427,315,112
12/25/2020,Henrico,Latino,1311,70,14
12/25/2020,Alleghany,White,4602,169,109
12/25/2020,Peninsula,Black,2491,163,34
12/25/2020,Peninsula,Latino,672,32,3
12/25/2020,Loudoun,"Other Race",926,27,4
12/25/2020,Arlington,"Not Reported",1709,13,2
12/25/2020,"Mount Rogers","Not Reported",1197,33,8
12/25/2020,Portsmouth,White,891,74,15
12/25/2020,"Western Tidewater","Two or more races",97,1,2
12/25/2020,"Thomas Jefferson","Not Reported",673,5,1
12/25/2020,"Three Rivers","Not Reported",579,3,1
12/25/2020,Richmond,Black,3132,333,48
12/25/2020,Richmond,Latino,1677,124,8
12/25/2020,"Cumberland Plateau",Latino,39,0,0
12/25/2020,Rappahannock,"Other Race",433,6,0
12/25/2020,"Cumberland Plateau",Black,123,1,1
12/25/2020,Loudoun,"Not Reported",3487,11,0
12/25/2020,Loudoun,White,3649,188,108
12/25/2020,Peninsula,"Not Reported",2398,2,1
12/25/2020,Henrico,White,3575,225,143
12/25/2020,Chesterfield,"Two or more races",121,11,0
12/25/2020,Richmond,White,2019,68,29
12/25/2020,Chesapeake,"Two or more races",105,5,1
12/25/2020,Chickahominy,White,2776,167,66
12/25/2020,Lenowisco,Latino,91,0,0
12/25/2020,Lenowisco,Black,123,4,3
12/25/2020,Roanoke,"Two or more races",38,2,0
12/25/2020,Piedmont,Latino,102,10,2
12/25/2020,Piedmont,Black,1174,104,27
12/25/2020,Chesterfield,White,4918,284,121
12/25/2020,"Lord Fairfax","Two or more races",71,3,2
12/25/2020,"Central Virginia",White,5015,194,70
12/25/2020,Rappahannock,White,3967,233,76
12/25/2020,"New River",White,5377,178,81
12/25/2020,Crater,White,1826,95,35
12/25/2020,Alleghany,"Not Reported",2337,9,3
12/25/2020,Arlington,"Two or more races",102,7,2
12/25/2020,Portsmouth,"Other Race",98,13,6
12/25/2020,Piedmont,White,1588,102,35
12/25/2020,Alleghany,"Two or more races",47,1,3
12/25/2020,Crater,Black,3218,267,80
12/25/2020,Crater,Latino,326,11,5
12/25/2020,Piedmont,"Two or more races",73,2,1
12/25/2020,Pittsylvania-Danville,White,1752,122,61
12/25/2020,"Rappahannock Rapidan","Other Race",91,5,0
12/25/2020,Richmond,"Not Reported",1419,3,1
12/25/2020,Henrico,"Two or more races",170,12,3
12/25/2020,Henrico,"Other Race",352,21,1
12/25/2020,Loudoun,"Two or more races",171,6,0
12/25/2020,"Rappahannock Rapidan","Two or more races",69,2,0
12/25/2020,Portsmouth,Latino,132,13,1
12/25/2020,Portsmouth,Black,2293,295,52
12/25/2020,Portsmouth,"Not Reported",695,8,2
12/25/2020,Alexandria,"Two or more races",86,4,0
12/25/2020,"Virginia Beach","Other Race",293,9,0
12/25/2020,Norfolk,"Not Reported",1714,11,3
12/25/2020,Rappahannock,"Two or more races",122,5,1
12/25/2020,Arlington,Black,694,106,37
12/25/2020,Arlington,Latino,2722,292,32
12/25/2020,"Eastern Shore",White,595,51,24
12/25/2020,"Eastern Shore","Not Reported",78,0,0
12/25/2020,Roanoke,White,1631,51,70
12/25/2020,Alexandria,"Other Race",190,13,2
12/25/2020,"Cumberland Plateau","Other Race",9,0,0
12/25/2020,"Western Tidewater","Other Race",145,1,2
12/25/2020,Lenowisco,"Other Race",15,0,0
12/25/2020,Pittsylvania-Danville,"Two or more races",13,0,0
12/25/2020,Henrico,"Not Reported",2164,10,8
12/25/2020,Crater,"Other Race",106,0,1
12/25/2020,Chickahominy,"Other Race",60,3,0
12/25/2020,Roanoke,Black,1057,45,16
12/25/2020,Roanoke,Latino,648,34,4
12/25/2020,Peninsula,"Two or more races",155,6,1
12/25/2020,Peninsula,"Other Race",385,5,1
12/25/2020,"Thomas Jefferson","Two or more races",148,6,1
12/25/2020,Arlington,White,2474,175,82
12/25/2020,Norfolk,"Two or more races",113,10,1
12/25/2020,Alexandria,White,1605,94,46
12/25/2020,Hampton,"Not Reported",919,4,1
12/25/2020,"Mount Rogers",White,7870,534,199
12/25/2020,Alexandria,"Not Reported",702,3,1
12/25/2020,"Western Tidewater","Not Reported",1541,5,3
12/25/2020,"Cumberland Plateau","Not Reported",816,14,2
12/25/2020,"Thomas Jefferson","Other Race",251,8,1
12/25/2020,"Mount Rogers",Black,218,11,3
12/25/2020,"Mount Rogers",Latino,429,11,1
08/01/2020,Hampton,White,114,9,1
12/25/2020,"West Piedmont",Black,1053,133,29
12/25/2020,"West Piedmont",Latino,472,19,2
12/25/2020,"Virginia Beach",White,6315,340,74
12/25/2020,"West Piedmont","Other Race",38,1,1
12/25/2020,Richmond,"Two or more races",104,4,1
12/25/2020,"Virginia Beach","Not Reported",3890,38,9
12/25/2020,Hampton,"Other Race",138,4,1
12/25/2020,"Virginia Beach",Black,3002,218,41
12/25/2020,"Virginia Beach",Latino,1017,41,6
12/25/2020,Fairfax,Black,3273,310,68
12/25/2020,Fairfax,Latino,16020,1256,116
12/25/2020,"Prince William",Latino,10317,793,88
12/25/2020,"Prince William",Black,2916,232,62
12/25/2020,Piedmont,"Not Reported",1531,14,4
12/25/2020,Chesapeake,Latino,573,38,2
12/25/2020,Chesapeake,Black,2979,315,40
12/25/2020,Pittsylvania-Danville,"Not Reported",1382,23,7
12/25/2020,Alleghany,"Other Race",84,2,0
12/25/2020,"West Piedmont","Not Reported",1417,20,4
12/25/2020,Norfolk,White,2028,113,27
12/25/2020,"Virginia Beach","Two or more races",200,10,3
12/25/2020,Chesapeake,"Other Race",114,6,1
12/25/2020,Norfolk,"Other Race",170,5,2
12/25/2020,Chickahominy,Latino,182,9,1
12/25/2020,Chickahominy,Black,723,72,21
12/25/2020,"Eastern Shore",Black,1026,108,29
12/25/2020,"Eastern Shore",Latino,332,13,3
12/25/2020,"Prince William","Two or more races",333,6,0
12/25/2020,Hampton,White,935,38,9
12/25/2020,"Prince William","Not Reported",6918,28,2
12/25/2020,"Mount Rogers","Two or more races",59,3,2
12/25/2020,Fairfax,White,10224,744,352
12/25/2020,"Thomas Jefferson",Black,963,115,21
12/25/2020,"Thomas Jefferson",Latino,1114,46,3
12/25/2020,"Rappahannock Rapidan","Not Reported",1373,23,8
12/25/2020,Southside,"Two or more races",141,0,10
12/25/2020,Lenowisco,"Not Reported",613,15,7
12/25/2020,Crater,"Not Reported",1397,15,5
12/25/2020,Chickahominy,"Not Reported",1049,3,1
12/25/2020,Fairfax,"Other Race",1930,131,23
12/25/2020,Portsmouth,"Two or more races",42,6,0
12/25/2020,Alexandria,Black,1359,130,21
12/25/2020,Alexandria,Latino,2753,167,15
12/25/2020,Roanoke,"Not Reported",1534,4,1
12/25/2020,Pittsylvania-Danville,Black,1443,144,28
12/25/2020,Pittsylvania-Danville,Latino,140,5,0
12/25/2020,"Eastern Shore","Two or more races",1,1,0
12/25/2020,"Lord Fairfax",White,6132,387,139
12/25/2020,Chesterfield,"Other Race",316,20,0
12/25/2020,"Mount Rogers","Other Race",39,2,2
12/25/2020,"Eastern Shore","Other Race",17,1,0
12/25/2020,"Three Rivers",White,2116,117,34
12/25/2020,Pittsylvania-Danville,"Other Race",5,0,0
12/25/2020,"Rappahannock Rapidan",Latino,1255,76,8
12/25/2020,"Rappahannock Rapidan",Black,679,58,15
12/25/2020,"Central Virginia","Not Reported",4041,36,9
12/25/2020,"Lord Fairfax",Latino,1285,73,10
12/25/2020,"Lord Fairfax",Black,343,33,10
12/25/2020,"Central Shenandoah","Other Race",200,6,1
12/25/2020,Fairfax,"Two or more races",415,14,1
12/25/2020,Arlington,"Other Race",297,17,4
12/25/2020,"New River","Two or more races",130,8,8
12/25/2020,"Central Shenandoah",White,9275,389,121
12/25/2020,Southside,White,885,54,33
12/25/2020,"New River","Other Race",37,1,0
08/03/2020,Lenowisco,Black,2,0,0
12/26/2020,Chesterfield,"Asian or Pacific Islander",253,11,2
12/26/2020,Crater,"Asian or Pacific Islander",51,0,0
12/26/2020,Fairfax,"Asian or Pacific Islander",4258,394,92
12/26/2020,Hampton,"Asian or Pacific Islander",39,0,0
12/26/2020,"Rappahannock Rapidan","Asian or Pacific Islander",41,3,1
12/26/2020,"Mount Rogers","Asian or Pacific Islander",21,2,0
12/26/2020,"New River","Asian or Pacific Islander",179,1,0
12/26/2020,"Central Virginia","Asian or Pacific Islander",75,3,0
12/26/2020,"Lord Fairfax","Asian or Pacific Islander",71,3,1
12/26/2020,Southside,"Asian or Pacific Islander",5,0,0
12/26/2020,Alleghany,"Asian or Pacific Islander",95,3,0
12/26/2020,Portsmouth,"Asian or Pacific Islander",27,1,0
12/26/2020,Roanoke,"Asian or Pacific Islander",95,4,0
12/26/2020,Richmond,"Asian or Pacific Islander",127,6,1
12/26/2020,"Thomas Jefferson","Asian or Pacific Islander",195,4,1
12/26/2020,"Virginia Beach","Asian or Pacific Islander",630,50,8
12/26/2020,Henrico,"Asian or Pacific Islander",536,15,5
12/26/2020,Piedmont,"Asian or Pacific Islander",16,0,1
12/26/2020,"Western Tidewater","Asian or Pacific Islander",34,2,3
12/26/2020,"West Piedmont","Asian or Pacific Islander",30,2,1
12/26/2020,Chickahominy,"Asian or Pacific Islander",32,3,0
12/26/2020,Peninsula,"Asian or Pacific Islander",128,8,6
12/26/2020,Norfolk,"Asian or Pacific Islander",129,11,0
12/26/2020,Arlington,"Asian or Pacific Islander",416,37,17
12/26/2020,Loudoun,"Asian or Pacific Islander",981,80,13
12/26/2020,Alexandria,"Asian or Pacific Islander",282,13,1
12/26/2020,Rappahannock,"Asian or Pacific Islander",210,13,3
12/26/2020,Chesapeake,"Asian or Pacific Islander",162,14,7
12/26/2020,"Cumberland Plateau and Lenowisco","Asian or Pacific Islander",13,0,0
12/26/2020,"Central Shenandoah","Asian or Pacific Islander",137,4,0
12/26/2020,"Prince William","Asian or Pacific Islander",1271,79,24
12/26/2020,Pittsylvania-Danville,"Asian or Pacific Islander",7,0,0
12/26/2020,"Eastern Shore and Three Rivers","Asian or Pacific Islander",20,1,0
12/26/2020,Piedmont,"Native American",7,0,0
12/26/2020,"New River","Native American",7,0,0
12/26/2020,"Central Shenandoah","Native American",7,1,0
12/26/2020,"Eastern Shore and Three Rivers","Native American",8,0,0
12/26/2020,Fairfax,"Native American",69,1,1
12/26/2020,Chesapeake,"Native American",20,0,0
12/26/2020,"Western Tidewater","Native American",5,0,0
12/26/2020,Portsmouth,"Native American",4,2,0
12/26/2020,Richmond,"Native American",9,0,1
12/26/2020,Chickahominy,"Native American",20,1,0
12/26/2020,"Thomas Jefferson","Native American",7,0,0
12/26/2020,Arlington,"Native American",8,0,0
12/26/2020,"Virginia Beach","Native American",22,0,0
12/26/2020,Peninsula,"Native American",11,2,1
12/26/2020,Hampton,"Native American",5,0,1
12/26/2020,"West Piedmont","Native American",4,0,0
12/26/2020,"Cumberland Plateau, Lenowisco, and Mount Rogers","Native American",22,1,0
12/26/2020,Henrico,"Native American",22,0,0
12/26/2020,Norfolk,"Native American",16,1,1
12/26/2020,"Prince William","Native American",51,1,1
12/26/2020,"Central Virginia","Native American",18,0,0
12/26/2020,Chesterfield,"Native American",12,1,0
12/26/2020,Rappahannock,"Native American",13,0,0
12/26/2020,Loudoun,"Native American",12,0,0
12/26/2020,Alexandria,"Native American",8,0,0
12/26/2020,"Alleghany and Roanoke","Native American",10,0,1
12/26/2020,Crater,"Native American",7,1,1
12/26/2020,"Rappahannock Rapidan","Native American",9,0,0
12/26/2020,"Lord Fairfax","Native American",7,1,1
12/26/2020,"Pittsylvania-Danville and Southside","Native American",7,1,0
12/26/2020,Southside,"Not Reported",882,7,4
12/26/2020,Chesapeake,White,3626,214,46
12/26/2020,"Three Rivers","Other Race",68,3,0
12/26/2020,"Central Virginia","Other Race",100,0,0
12/26/2020,"Central Virginia","Two or more races",58,1,0
12/26/2020,"Cumberland Plateau",White,3846,216,57
12/26/2020,Lenowisco,"Two or more races",40,3,7
12/26/2020,"Western Tidewater",Black,2871,237,79
12/26/2020,"Western Tidewater",Latino,91,1,2
12/26/2020,Fairfax,"Not Reported",6025,61,33
12/26/2020,Chesapeake,"Not Reported",1305,4,0
12/26/2020,"Thomas Jefferson",White,3755,165,63
12/26/2020,"Cumberland Plateau","Two or more races",13,1,0
12/26/2020,Loudoun,Black,581,41,10
12/26/2020,Loudoun,Latino,3507,276,19
12/26/2020,Alleghany,Latino,290,14,2
12/26/2020,Alleghany,Black,437,14,12
12/26/2020,"Three Rivers",Black,1284,92,20
12/26/2020,"Three Rivers",Latino,280,6,1
12/26/2020,"Central Shenandoah","Two or more races",127,1,1
12/26/2020,Hampton,Black,1843,136,31
12/26/2020,Hampton,Latino,176,9,0
12/26/2020,Southside,"Other Race",21,1,1
12/26/2020,Piedmont,"Other Race",26,0,0
12/26/2020,"Prince William","Other Race",1532,34,0
12/26/2020,Richmond,"Other Race",231,9,2
12/26/2020,Hampton,"Two or more races",68,1,0
12/26/2020,Norfolk,Latino,610,36,0
12/26/2020,"Lord Fairfax","Not Reported",1423,6,9
12/26/2020,Norfolk,Black,3512,358,70
12/26/2020,"Central Virginia",Black,1204,77,29
12/26/2020,Rappahannock,Latino,2120,129,11
12/26/2020,"Central Virginia",Latino,179,7,4
12/26/2020,Rappahannock,Black,1749,144,23
12/26/2020,"West Piedmont",White,3341,271,92
12/26/2020,Rappahannock,"Not Reported",3324,35,1
12/26/2020,"Central Shenandoah","Not Reported",2922,18,4
12/26/2020,Chesterfield,Latino,2864,145,15
12/26/2020,Chesterfield,Black,2747,184,48
12/26/2020,"Central Shenandoah",Latino,1679,71,8
12/26/2020,Southside,Latino,24,2,0
12/26/2020,Southside,Black,945,69,31
12/26/2020,"Central Shenandoah",Black,751,26,11
12/26/2020,Peninsula,White,3020,149,67
12/26/2020,"Rappahannock Rapidan",White,2816,125,32
12/26/2020,"New River",Latino,306,7,0
12/26/2020,"New River",Black,384,11,3
12/26/2020,Roanoke,"Other Race",59,1,0
12/26/2020,"Three Rivers","Two or more races",40,1,0
12/26/2020,"Prince William",White,4542,237,109
12/26/2020,"West Piedmont","Two or more races",32,0,0
12/26/2020,"New River","Not Reported",2405,32,0
12/26/2020,Chesterfield,"Not Reported",2398,8,12
12/26/2020,Crater,"Two or more races",31,2,1
12/26/2020,Lenowisco,White,3662,219,97
12/26/2020,"Western Tidewater",White,2206,124,86
12/26/2020,"Lord Fairfax","Other Race",220,7,1
12/26/2020,Chickahominy,"Two or more races",35,1,0
12/26/2020,Henrico,Black,3446,315,112
12/26/2020,Henrico,Latino,1311,70,14
12/26/2020,Alleghany,White,4634,169,112
12/26/2020,Peninsula,Black,2493,163,35
12/26/2020,Peninsula,Latino,672,32,3
12/26/2020,Loudoun,"Other Race",946,27,4
12/26/2020,Arlington,"Not Reported",1729,13,2
12/26/2020,"Mount Rogers","Not Reported",1193,33,8
12/26/2020,Portsmouth,White,896,74,15
12/26/2020,"Western Tidewater","Two or more races",98,1,2
12/26/2020,"Thomas Jefferson","Not Reported",675,5,1
12/26/2020,"Three Rivers","Not Reported",583,3,1
12/26/2020,Richmond,Black,3150,333,48
12/26/2020,Richmond,Latino,1677,124,8
12/26/2020,"Cumberland Plateau",Latino,39,0,0
12/26/2020,Rappahannock,"Other Race",432,6,0
12/26/2020,"Cumberland Plateau",Black,124,1,1
12/26/2020,Loudoun,"Not Reported",3517,11,0
12/26/2020,Loudoun,White,3719,188,108
12/26/2020,Peninsula,"Not Reported",2403,3,1
12/26/2020,Henrico,White,3608,225,144
12/26/2020,Chesterfield,"Two or more races",121,11,0
12/26/2020,Richmond,White,2034,68,29
12/26/2020,Chesapeake,"Two or more races",105,5,1
12/26/2020,Chickahominy,White,2827,167,66
12/26/2020,Lenowisco,Latino,91,0,0
12/26/2020,Lenowisco,Black,124,4,3
12/26/2020,Roanoke,"Two or more races",38,2,0
12/26/2020,Piedmont,Latino,102,10,2
12/26/2020,Piedmont,Black,1176,104,27
12/26/2020,Chesterfield,White,4938,284,121
12/26/2020,"Lord Fairfax","Two or more races",71,3,2
12/26/2020,"Central Virginia",White,5070,194,71
12/26/2020,Rappahannock,White,3975,234,77
12/26/2020,"New River",White,5380,178,82
12/26/2020,Crater,White,1831,95,35
12/26/2020,Alleghany,"Not Reported",2370,9,3
12/26/2020,Arlington,"Two or more races",103,7,2
12/26/2020,Portsmouth,"Other Race",98,13,6
12/26/2020,Piedmont,White,1593,102,36
12/26/2020,Alleghany,"Two or more races",49,1,3
12/26/2020,Crater,Black,3231,267,80
12/26/2020,Crater,Latino,330,11,5
12/26/2020,Piedmont,"Two or more races",73,2,1
12/26/2020,Pittsylvania-Danville,White,1770,122,62
12/26/2020,"Rappahannock Rapidan","Other Race",91,5,0
12/26/2020,Richmond,"Not Reported",1440,4,1
12/26/2020,Henrico,"Two or more races",175,12,3
12/26/2020,Henrico,"Other Race",352,21,1
12/26/2020,Loudoun,"Two or more races",178,6,0
12/26/2020,"Rappahannock Rapidan","Two or more races",69,2,0
12/26/2020,Portsmouth,Latino,132,13,1
12/26/2020,Portsmouth,Black,2299,295,53
12/26/2020,Portsmouth,"Not Reported",695,8,2
12/26/2020,Alexandria,"Two or more races",86,4,0
12/26/2020,"Virginia Beach","Other Race",294,9,0
12/26/2020,Norfolk,"Not Reported",1723,11,3
12/26/2020,Rappahannock,"Two or more races",123,5,1
12/26/2020,Arlington,Black,697,106,37
12/26/2020,Arlington,Latino,2735,292,32
12/26/2020,"Eastern Shore",White,595,51,24
12/26/2020,"Eastern Shore","Not Reported",78,0,0
12/26/2020,Roanoke,White,1639,51,70
12/26/2020,Alexandria,"Other Race",190,13,2
12/26/2020,"Cumberland Plateau","Other Race",9,0,0
12/26/2020,"Western Tidewater","Other Race",145,1,2
12/26/2020,Lenowisco,"Other Race",16,0,0
12/26/2020,Pittsylvania-Danville,"Two or more races",14,0,0
12/26/2020,Henrico,"Not Reported",2200,10,8
12/26/2020,Crater,"Other Race",105,0,1
12/26/2020,Chickahominy,"Other Race",63,3,0
12/26/2020,Roanoke,Black,1060,45,16
12/26/2020,Roanoke,Latino,649,34,5
12/26/2020,Peninsula,"Two or more races",155,6,1
12/26/2020,Peninsula,"Other Race",385,5,1
12/26/2020,"Thomas Jefferson","Two or more races",148,6,1
12/26/2020,Arlington,White,2485,175,82
12/26/2020,Norfolk,"Two or more races",114,10,1
12/26/2020,Alexandria,White,1605,94,46
12/26/2020,Hampton,"Not Reported",919,4,1
12/26/2020,"Mount Rogers",White,7876,535,202
12/26/2020,Alexandria,"Not Reported",702,3,1
12/26/2020,"Western Tidewater","Not Reported",1542,5,3
12/26/2020,"Cumberland Plateau","Not Reported",824,15,2
12/26/2020,"Thomas Jefferson","Other Race",251,8,1
12/26/2020,"Mount Rogers",Black,219,11,4
12/26/2020,"Mount Rogers",Latino,430,11,1
08/08/2020,Henrico,Black,1159,162,80
12/26/2020,"West Piedmont",Black,1058,133,29
12/26/2020,"West Piedmont",Latino,472,19,2
12/26/2020,"Virginia Beach",White,6325,340,74
12/26/2020,"West Piedmont","Other Race",42,1,1
12/26/2020,Richmond,"Two or more races",106,4,1
12/26/2020,"Virginia Beach","Not Reported",3898,38,9
12/26/2020,Hampton,"Other Race",138,4,1
12/26/2020,"Virginia Beach",Black,3005,218,41
12/26/2020,"Virginia Beach",Latino,1018,41,6
12/26/2020,Fairfax,Black,3273,310,68
12/26/2020,Fairfax,Latino,16021,1256,117
12/26/2020,"Prince William",Latino,10355,794,89
12/26/2020,"Prince William",Black,2932,232,62
12/26/2020,Piedmont,"Not Reported",1531,14,4
12/26/2020,Chesapeake,Latino,573,38,2
12/26/2020,Chesapeake,Black,2983,315,40
12/26/2020,Pittsylvania-Danville,"Not Reported",1395,23,7
12/26/2020,Alleghany,"Other Race",86,2,0
12/26/2020,"West Piedmont","Not Reported",1431,20,4
12/26/2020,Norfolk,White,2048,113,27
12/26/2020,"Virginia Beach","Two or more races",200,10,3
12/26/2020,Chesapeake,"Other Race",114,6,1
12/26/2020,Norfolk,"Other Race",170,5,2
12/26/2020,Chickahominy,Latino,183,9,1
12/26/2020,Chickahominy,Black,732,72,21
12/26/2020,"Eastern Shore",Black,1026,108,29
12/26/2020,"Eastern Shore",Latino,332,13,3
12/26/2020,"Prince William","Two or more races",340,6,0
12/26/2020,Hampton,White,935,38,9
12/26/2020,"Prince William","Not Reported",6976,28,2
12/26/2020,"Mount Rogers","Two or more races",59,3,2
12/26/2020,Fairfax,White,10226,744,352
12/26/2020,"Thomas Jefferson",Black,963,115,21
12/26/2020,"Thomas Jefferson",Latino,1114,46,3
12/26/2020,"Rappahannock Rapidan","Not Reported",1382,23,8
12/26/2020,Southside,"Two or more races",142,0,10
12/26/2020,Lenowisco,"Not Reported",627,15,7
12/26/2020,Crater,"Not Reported",1402,15,5
12/26/2020,Chickahominy,"Not Reported",1074,3,1
12/26/2020,Fairfax,"Other Race",1930,131,23
12/26/2020,Portsmouth,"Two or more races",42,6,0
12/26/2020,Alexandria,Black,1359,130,21
12/26/2020,Alexandria,Latino,2753,167,15
12/26/2020,Roanoke,"Not Reported",1539,4,1
12/26/2020,Pittsylvania-Danville,Black,1457,144,28
12/26/2020,Pittsylvania-Danville,Latino,140,5,0
12/26/2020,"Eastern Shore","Two or more races",1,1,0
12/26/2020,"Lord Fairfax",White,6211,387,139
12/26/2020,Chesterfield,"Other Race",316,20,0
12/26/2020,"Mount Rogers","Other Race",39,2,2
12/26/2020,"Eastern Shore","Other Race",17,1,0
12/26/2020,"Three Rivers",White,2138,117,34
12/26/2020,Pittsylvania-Danville,"Other Race",6,0,0
12/26/2020,"Rappahannock Rapidan",Latino,1256,76,8
12/26/2020,"Rappahannock Rapidan",Black,681,58,15
12/26/2020,"Central Virginia","Not Reported",4102,36,9
12/26/2020,"Lord Fairfax",Latino,1295,73,10
12/26/2020,"Lord Fairfax",Black,347,33,10
12/26/2020,"Central Shenandoah","Other Race",201,6,1
12/26/2020,Fairfax,"Two or more races",415,14,1
12/26/2020,Arlington,"Other Race",302,17,4
12/26/2020,"New River","Two or more races",130,8,8
12/26/2020,"Central Shenandoah",White,9306,389,121
12/26/2020,Southside,White,892,56,34
12/26/2020,"New River","Other Race",37,1,0
08/11/2020,Crater,Black,1240,159,47
12/27/2020,Chesterfield,"Asian or Pacific Islander",254,11,2
12/27/2020,Crater,"Asian or Pacific Islander",50,0,0
12/27/2020,Fairfax,"Asian or Pacific Islander",4331,394,92
12/27/2020,Hampton,"Asian or Pacific Islander",39,0,0
12/27/2020,"Rappahannock Rapidan","Asian or Pacific Islander",42,3,1
12/27/2020,"Mount Rogers","Asian or Pacific Islander",21,2,0
12/27/2020,"New River","Asian or Pacific Islander",179,1,0
12/27/2020,"Central Virginia","Asian or Pacific Islander",77,3,0
12/27/2020,"Lord Fairfax","Asian or Pacific Islander",74,3,1
12/27/2020,Southside,"Asian or Pacific Islander",5,0,0
12/27/2020,Alleghany,"Asian or Pacific Islander",95,3,0
12/27/2020,Portsmouth,"Asian or Pacific Islander",27,1,0
12/27/2020,Roanoke,"Asian or Pacific Islander",95,4,0
12/27/2020,Richmond,"Asian or Pacific Islander",128,6,1
12/27/2020,"Thomas Jefferson","Asian or Pacific Islander",198,4,1
12/27/2020,"Virginia Beach","Asian or Pacific Islander",639,50,8
12/27/2020,Henrico,"Asian or Pacific Islander",547,16,5
12/27/2020,Piedmont,"Asian or Pacific Islander",16,0,1
12/27/2020,"Western Tidewater","Asian or Pacific Islander",35,2,3
12/27/2020,"West Piedmont","Asian or Pacific Islander",30,2,1
12/27/2020,Chickahominy,"Asian or Pacific Islander",32,3,0
12/27/2020,Peninsula,"Asian or Pacific Islander",130,8,6
12/27/2020,Norfolk,"Asian or Pacific Islander",131,11,0
12/27/2020,Arlington,"Asian or Pacific Islander",421,37,17
12/27/2020,Loudoun,"Asian or Pacific Islander",999,80,13
12/27/2020,Alexandria,"Asian or Pacific Islander",283,13,1
12/27/2020,Rappahannock,"Asian or Pacific Islander",210,13,3
12/27/2020,Chesapeake,"Asian or Pacific Islander",162,14,7
12/27/2020,"Cumberland Plateau and Lenowisco","Asian or Pacific Islander",14,0,0
12/27/2020,"Central Shenandoah","Asian or Pacific Islander",141,4,0
12/27/2020,"Prince William","Asian or Pacific Islander",1283,80,24
12/27/2020,Pittsylvania-Danville,"Asian or Pacific Islander",7,0,0
12/27/2020,"Eastern Shore and Three Rivers","Asian or Pacific Islander",21,1,0
12/27/2020,Piedmont,"Native American",7,0,0
12/27/2020,"New River","Native American",7,0,0
12/27/2020,"Central Shenandoah","Native American",8,1,0
12/27/2020,"Eastern Shore and Three Rivers","Native American",8,0,0
12/27/2020,Fairfax,"Native American",70,1,1
12/27/2020,Chesapeake,"Native American",20,0,0
12/27/2020,"Western Tidewater","Native American",5,0,0
12/27/2020,Portsmouth,"Native American",4,2,0
12/27/2020,Richmond,"Native American",9,0,1
12/27/2020,Chickahominy,"Native American",20,1,0
12/27/2020,"Thomas Jefferson","Native American",7,0,0
12/27/2020,Arlington,"Native American",8,0,0
12/27/2020,"Virginia Beach","Native American",23,0,0
12/27/2020,Peninsula,"Native American",11,2,1
12/27/2020,Hampton,"Native American",5,0,1
12/27/2020,"West Piedmont","Native American",4,0,0
12/27/2020,"Cumberland Plateau, Lenowisco, and Mount Rogers","Native American",22,1,0
12/27/2020,Henrico,"Native American",23,0,0
12/27/2020,Norfolk,"Native American",16,1,1
12/27/2020,"Prince William","Native American",52,1,1
12/27/2020,"Central Virginia","Native American",18,0,0
12/27/2020,Chesterfield,"Native American",12,1,0
12/27/2020,Rappahannock,"Native American",13,0,0
12/27/2020,Loudoun,"Native American",12,0,0
12/27/2020,Alexandria,"Native American",7,0,0
12/27/2020,"Alleghany and Roanoke","Native American",10,0,1
12/27/2020,Crater,"Native American",7,1,1
12/27/2020,"Rappahannock Rapidan","Native American",8,0,0
12/27/2020,"Lord Fairfax","Native American",7,1,1
12/27/2020,"Pittsylvania-Danville and Southside","Native American",7,1,0
12/27/2020,Southside,"Not Reported",883,7,4
12/27/2020,Chesapeake,White,3674,216,46
12/27/2020,"Three Rivers","Other Race",67,3,0
12/27/2020,"Central Virginia","Other Race",102,0,0
12/27/2020,"Central Virginia","Two or more races",57,1,0
12/27/2020,"Cumberland Plateau",White,3886,216,57
12/27/2020,Lenowisco,"Two or more races",40,3,7
12/27/2020,"Western Tidewater",Black,2898,241,79
12/27/2020,"Western Tidewater",Latino,91,1,2
12/27/2020,Fairfax,"Not Reported",6203,62,33
12/27/2020,Chesapeake,"Not Reported",1316,5,0
12/27/2020,"Thomas Jefferson",White,3819,167,63
12/27/2020,"Cumberland Plateau","Two or more races",14,1,0
12/27/2020,Loudoun,Black,591,42,10
12/27/2020,Loudoun,Latino,3517,276,19
12/27/2020,Alleghany,Latino,290,14,2
12/27/2020,Alleghany,Black,438,14,12
12/27/2020,"Three Rivers",Black,1287,92,20
12/27/2020,"Three Rivers",Latino,281,6,1
12/27/2020,"Central Shenandoah","Two or more races",129,1,1
12/27/2020,Hampton,Black,1852,137,31
12/27/2020,Hampton,Latino,176,9,0
12/27/2020,Southside,"Other Race",21,1,1
12/27/2020,Piedmont,"Other Race",27,0,0
12/27/2020,"Prince William","Other Race",1557,34,0
12/27/2020,Richmond,"Other Race",232,9,2
12/27/2020,Hampton,"Two or more races",68,1,0
12/27/2020,Norfolk,Latino,614,36,0
12/27/2020,"Lord Fairfax","Not Reported",1455,6,9
12/27/2020,Norfolk,Black,3536,359,70
12/27/2020,"Central Virginia",Black,1217,77,29
12/27/2020,Rappahannock,Latino,2120,129,11
12/27/2020,"Central Virginia",Latino,178,7,4
12/27/2020,Rappahannock,Black,1753,144,23
12/27/2020,"West Piedmont",White,3367,272,92
12/27/2020,Rappahannock,"Not Reported",3327,35,1
12/27/2020,"Central Shenandoah","Not Reported",2970,18,4
12/27/2020,Chesterfield,Latino,2873,144,14
12/27/2020,Chesterfield,Black,2773,185,48
12/27/2020,"Central Shenandoah",Latino,1689,72,8
12/27/2020,Southside,Latino,24,2,0
12/27/2020,Southside,Black,949,69,31
12/27/2020,"Central Shenandoah",Black,760,28,11
12/27/2020,Peninsula,White,3045,149,67
12/27/2020,"Rappahannock Rapidan",White,2870,125,32
12/27/2020,"New River",Latino,306,7,0
12/27/2020,"New River",Black,389,11,3
12/27/2020,Roanoke,"Other Race",60,1,0
12/27/2020,"Three Rivers","Two or more races",40,1,0
12/27/2020,"Prince William",White,4625,237,109
12/27/2020,"West Piedmont","Two or more races",33,0,0
12/27/2020,"New River","Not Reported",2426,32,0
12/27/2020,Chesterfield,"Not Reported",2392,8,12
12/27/2020,Crater,"Two or more races",34,2,1
12/27/2020,Lenowisco,White,3714,222,97
12/27/2020,"Western Tidewater",White,2243,125,86
12/27/2020,"Lord Fairfax","Other Race",227,7,1
12/27/2020,Chickahominy,"Two or more races",35,1,0
12/27/2020,Henrico,Black,3468,315,112
12/27/2020,Henrico,Latino,1315,70,14
12/27/2020,Alleghany,White,4661,170,112
12/27/2020,Peninsula,Black,2507,163,35
12/27/2020,Peninsula,Latino,672,32,3
12/27/2020,Loudoun,"Other Race",961,27,4
12/27/2020,Arlington,"Not Reported",1757,13,2
12/27/2020,"Mount Rogers","Not Reported",1251,34,11
12/27/2020,Portsmouth,White,925,76,15
12/27/2020,"Western Tidewater","Two or more races",99,1,2
12/27/2020,"Thomas Jefferson","Not Reported",706,5,1
12/27/2020,"Three Rivers","Not Reported",584,3,1
12/27/2020,Richmond,Black,3178,333,48
12/27/2020,Richmond,Latino,1680,125,9
12/27/2020,"Cumberland Plateau",Latino,39,0,0
12/27/2020,Rappahannock,"Other Race",433,6,0
12/27/2020,"Cumberland Plateau",Black,130,1,1
12/27/2020,Loudoun,"Not Reported",3575,11,0
12/27/2020,Loudoun,White,3765,188,108
12/27/2020,Peninsula,"Not Reported",2407,3,1
12/27/2020,Henrico,White,3652,226,145
12/27/2020,Chesterfield,"Two or more races",122,11,0
12/27/2020,Richmond,White,2047,68,29
12/27/2020,Chesapeake,"Two or more races",109,5,1
12/27/2020,Chickahominy,White,2859,171,66
12/27/2020,Lenowisco,Latino,91,0,0
12/27/2020,Lenowisco,Black,124,4,3
12/27/2020,Roanoke,"Two or more races",39,2,0
12/27/2020,Piedmont,Latino,103,10,2
12/27/2020,Piedmont,Black,1202,104,27
12/27/2020,Chesterfield,White,4985,288,121
12/27/2020,"Lord Fairfax","Two or more races",72,3,2
12/27/2020,"Central Virginia",White,5127,196,71
12/27/2020,Rappahannock,White,3977,235,77
12/27/2020,"New River",White,5432,183,82
12/27/2020,Crater,White,1862,95,35
12/27/2020,Alleghany,"Not Reported",2400,9,3
12/27/2020,Arlington,"Two or more races",104,7,2
12/27/2020,Portsmouth,"Other Race",101,13,6
12/27/2020,Piedmont,White,1613,102,36
12/27/2020,Alleghany,"Two or more races",50,1,3
12/27/2020,Crater,Black,3259,267,80
12/27/2020,Crater,Latino,331,11,5
12/27/2020,Piedmont,"Two or more races",73,2,1
12/27/2020,Pittsylvania-Danville,White,1779,122,62
12/27/2020,"Rappahannock Rapidan","Other Race",94,5,0
12/27/2020,Richmond,"Not Reported",1442,4,1
12/27/2020,Henrico,"Two or more races",173,12,3
12/27/2020,Henrico,"Other Race",358,21,1
12/27/2020,Loudoun,"Two or more races",180,6,0
12/27/2020,"Rappahannock Rapidan","Two or more races",69,2,0
12/27/2020,Portsmouth,Latino,133,13,1
12/27/2020,Portsmouth,Black,2336,301,53
12/27/2020,Portsmouth,"Not Reported",727,8,2
12/27/2020,Alexandria,"Two or more races",91,4,0
12/27/2020,"Virginia Beach","Other Race",307,9,0
12/27/2020,Norfolk,"Not Reported",1749,11,3
12/27/2020,Rappahannock,"Two or more races",123,5,1
12/27/2020,Arlington,Black,704,106,37
12/27/2020,Arlington,Latino,2749,292,32
12/27/2020,"Eastern Shore",White,607,51,24
12/27/2020,"Eastern Shore","Not Reported",79,0,0
12/27/2020,Roanoke,White,1645,51,70
12/27/2020,Alexandria,"Other Race",193,14,2
12/27/2020,"Cumberland Plateau","Other Race",10,0,0
12/27/2020,"Western Tidewater","Other Race",150,1,2
12/27/2020,Lenowisco,"Other Race",17,0,0
12/27/2020,Pittsylvania-Danville,"Two or more races",14,0,0
12/27/2020,Henrico,"Not Reported",2205,10,8
12/27/2020,Crater,"Other Race",107,0,1
12/27/2020,Chickahominy,"Other Race",64,3,0
12/27/2020,Roanoke,Black,1065,46,16
12/27/2020,Roanoke,Latino,651,34,5
12/27/2020,Peninsula,"Two or more races",156,6,1
12/27/2020,Peninsula,"Other Race",399,5,1
12/27/2020,"Thomas Jefferson","Two or more races",153,6,1
12/27/2020,Arlington,White,2515,175,82
12/27/2020,Norfolk,"Two or more races",116,10,1
12/27/2020,Alexandria,White,1621,95,46
12/27/2020,Hampton,"Not Reported",919,4,1
12/27/2020,"Mount Rogers",White,8003,541,209
12/27/2020,Alexandria,"Not Reported",705,3,1
12/27/2020,"Western Tidewater","Not Reported",1565,5,3
12/27/2020,"Cumberland Plateau","Not Reported",843,16,2
12/27/2020,"Thomas Jefferson","Other Race",258,8,1
12/27/2020,"Mount Rogers",Black,221,11,4
12/27/2020,"Mount Rogers",Latino,431,11,1
08/15/2020,Henrico,Black,1273,174,80
12/27/2020,"West Piedmont",Black,1069,133,29
12/27/2020,"West Piedmont",Latino,476,20,2
12/27/2020,"Virginia Beach",White,6466,340,74
12/27/2020,"West Piedmont","Other Race",41,1,1
12/27/2020,Richmond,"Two or more races",109,4,1
12/27/2020,"Virginia Beach","Not Reported",3962,38,9
12/27/2020,Hampton,"Other Race",138,4,1
12/27/2020,"Virginia Beach",Black,3030,218,41
12/27/2020,"Virginia Beach",Latino,1030,41,6
12/27/2020,Fairfax,Black,3310,311,68
12/27/2020,Fairfax,Latino,16168,1258,117
12/27/2020,"Prince William",Latino,10435,795,89
12/27/2020,"Prince William",Black,2967,232,62
12/27/2020,Piedmont,"Not Reported",1555,14,4
12/27/2020,Chesapeake,Latino,577,38,2
12/27/2020,Chesapeake,Black,3008,315,40
12/27/2020,Pittsylvania-Danville,"Not Reported",1385,23,7
12/27/2020,Alleghany,"Other Race",88,2,0
12/27/2020,"West Piedmont","Not Reported",1419,21,4
12/27/2020,Norfolk,White,2087,114,27
12/27/2020,"Virginia Beach","Two or more races",210,10,3
12/27/2020,Chesapeake,"Other Race",123,6,1
12/27/2020,Norfolk,"Other Race",171,5,2
12/27/2020,Chickahominy,Latino,185,9,1
12/27/2020,Chickahominy,Black,736,74,21
12/27/2020,"Eastern Shore",Black,1038,109,29
12/27/2020,"Eastern Shore",Latino,340,13,3
12/27/2020,"Prince William","Two or more races",348,6,0
12/27/2020,Hampton,White,938,38,9
12/27/2020,"Prince William","Not Reported",7129,28,2
12/27/2020,"Mount Rogers","Two or more races",59,3,2
12/27/2020,Fairfax,White,10408,745,352
12/27/2020,"Thomas Jefferson",Black,979,117,21
12/27/2020,"Thomas Jefferson",Latino,1121,46,3
12/27/2020,"Rappahannock Rapidan","Not Reported",1440,23,8
12/27/2020,Southside,"Two or more races",142,0,10
12/27/2020,Lenowisco,"Not Reported",646,15,7
12/27/2020,Crater,"Not Reported",1444,15,5
12/27/2020,Chickahominy,"Not Reported",1099,3,1
12/27/2020,Fairfax,"Other Race",1998,132,23
12/27/2020,Portsmouth,"Two or more races",42,6,0
12/27/2020,Alexandria,Black,1387,130,21
12/27/2020,Alexandria,Latino,2781,167,15
12/27/2020,Roanoke,"Not Reported",1551,4,1
12/27/2020,Pittsylvania-Danville,Black,1460,144,28
12/27/2020,Pittsylvania-Danville,Latino,141,5,0
12/27/2020,"Eastern Shore","Two or more races",1,1,0
12/27/2020,"Lord Fairfax",White,6312,388,139
12/27/2020,Chesterfield,"Other Race",320,21,0
12/27/2020,"Mount Rogers","Other Race",50,2,2
12/27/2020,"Eastern Shore","Other Race",17,1,0
12/27/2020,"Three Rivers",White,2157,117,34
12/27/2020,Pittsylvania-Danville,"Other Race",6,0,0
12/27/2020,"Rappahannock Rapidan",Latino,1258,76,8
12/27/2020,"Rappahannock Rapidan",Black,686,58,16
12/27/2020,"Central Virginia","Not Reported",4124,36,9
12/27/2020,"Lord Fairfax",Latino,1307,73,10
12/27/2020,"Lord Fairfax",Black,353,33,10
12/27/2020,"Central Shenandoah","Other Race",203,6,1
12/27/2020,Fairfax,"Two or more races",433,14,1
12/27/2020,Arlington,"Other Race",310,17,5
12/27/2020,"New River","Two or more races",130,8,8
12/27/2020,"Central Shenandoah",White,9464,396,122
12/27/2020,Southside,White,893,56,34
12/27/2020,"New River","Other Race",37,1,0
12/28/2020,Chesterfield,"Asian or Pacific Islander",259,11,2
12/28/2020,Crater,"Asian or Pacific Islander",52,0,0
12/28/2020,Fairfax,"Asian or Pacific Islander",4371,394,92
12/28/2020,Hampton,"Asian or Pacific Islander",39,0,0
12/28/2020,"Rappahannock Rapidan","Asian or Pacific Islander",42,3,1
12/28/2020,"Mount Rogers","Asian or Pacific Islander",21,2,0
12/28/2020,"New River","Asian or Pacific Islander",179,1,0
12/28/2020,"Central Virginia","Asian or Pacific Islander",77,3,0
12/28/2020,"Lord Fairfax","Asian or Pacific Islander",74,3,1
12/28/2020,Southside,"Asian or Pacific Islander",5,0,0
12/28/2020,Alleghany,"Asian or Pacific Islander",95,3,0
12/28/2020,Portsmouth,"Asian or Pacific Islander",27,1,0
12/28/2020,Roanoke,"Asian or Pacific Islander",96,4,0
12/28/2020,Richmond,"Asian or Pacific Islander",130,6,1
12/28/2020,"Thomas Jefferson","Asian or Pacific Islander",200,4,1
12/28/2020,"Virginia Beach","Asian or Pacific Islander",641,50,8
12/28/2020,Henrico,"Asian or Pacific Islander",549,16,5
12/28/2020,Piedmont,"Asian or Pacific Islander",16,0,1
12/28/2020,"Western Tidewater","Asian or Pacific Islander",36,2,3
12/28/2020,"West Piedmont","Asian or Pacific Islander",30,2,1
12/28/2020,Chickahominy,"Asian or Pacific Islander",32,3,0
12/28/2020,Peninsula,"Asian or Pacific Islander",133,8,6
12/28/2020,Norfolk,"Asian or Pacific Islander",132,11,0
12/28/2020,Arlington,"Asian or Pacific Islander",423,37,17
12/28/2020,Loudoun,"Asian or Pacific Islander",1005,80,13
12/28/2020,Alexandria,"Asian or Pacific Islander",285,13,1
12/28/2020,Rappahannock,"Asian or Pacific Islander",210,13,3
12/28/2020,Chesapeake,"Asian or Pacific Islander",163,14,7
12/28/2020,"Cumberland Plateau and Lenowisco","Asian or Pacific Islander",14,0,0
12/28/2020,"Central Shenandoah","Asian or Pacific Islander",141,4,0
12/28/2020,"Prince William","Asian or Pacific Islander",1296,82,24
12/28/2020,Pittsylvania-Danville,"Asian or Pacific Islander",7,0,0
12/28/2020,"Eastern Shore and Three Rivers","Asian or Pacific Islander",22,1,0
12/28/2020,Piedmont,"Native American",7,0,0
12/28/2020,"New River","Native American",7,0,0
12/28/2020,"Central Shenandoah","Native American",8,1,0
12/28/2020,"Eastern Shore and Three Rivers","Native American",8,0,0
12/28/2020,Fairfax,"Native American",70,1,1
12/28/2020,Chesapeake,"Native American",20,0,0
12/28/2020,"Western Tidewater","Native American",5,0,0
12/28/2020,Portsmouth,"Native American",4,2,0
12/28/2020,Richmond,"Native American",9,0,1
12/28/2020,Chickahominy,"Native American",20,1,0
12/28/2020,"Thomas Jefferson","Native American",7,0,0
12/28/2020,Arlington,"Native American",8,0,0
12/28/2020,"Virginia Beach","Native American",23,0,0
12/28/2020,Peninsula,"Native American",11,2,1
12/28/2020,Hampton,"Native American",5,0,1
12/28/2020,"West Piedmont","Native American",4,0,0
12/28/2020,"Cumberland Plateau, Lenowisco, and Mount Rogers","Native American",22,1,0
12/28/2020,Henrico,"Native American",23,0,0
12/28/2020,Norfolk,"Native American",16,1,1
12/28/2020,"Prince William","Native American",52,1,1
12/28/2020,"Central Virginia","Native American",18,0,0
12/28/2020,Chesterfield,"Native American",12,1,0
12/28/2020,Rappahannock,"Native American",13,0,0
12/28/2020,Loudoun,"Native American",15,0,0
12/28/2020,Alexandria,"Native American",7,0,0
12/28/2020,"Alleghany and Roanoke","Native American",10,0,1
12/28/2020,Crater,"Native American",7,1,1
12/28/2020,"Rappahannock Rapidan","Native American",8,0,0
12/28/2020,"Lord Fairfax","Native American",7,1,1
12/28/2020,"Pittsylvania-Danville and Southside","Native American",7,1,0
12/28/2020,Southside,"Not Reported",904,7,4
12/28/2020,Chesapeake,White,3700,217,46
12/28/2020,"Three Rivers","Other Race",69,3,0
12/28/2020,"Central Virginia","Other Race",103,0,0
12/28/2020,"Central Virginia","Two or more races",57,1,0
12/28/2020,"Cumberland Plateau",White,3918,217,57
12/28/2020,Lenowisco,"Two or more races",40,3,7
12/28/2020,"Western Tidewater",Black,2909,241,79
12/28/2020,"Western Tidewater",Latino,94,1,2
12/28/2020,Fairfax,"Not Reported",6190,61,33
12/28/2020,Chesapeake,"Not Reported",1318,5,0
12/28/2020,"Thomas Jefferson",White,3845,167,63
12/28/2020,"Cumberland Plateau","Two or more races",14,1,0
12/28/2020,Loudoun,Black,595,42,10
12/28/2020,Loudoun,Latino,3528,277,19
12/28/2020,Alleghany,Latino,290,14,2
12/28/2020,Alleghany,Black,440,16,12
12/28/2020,"Three Rivers",Black,1298,92,20
12/28/2020,"Three Rivers",Latino,281,6,1
12/28/2020,"Central Shenandoah","Two or more races",130,1,1
12/28/2020,Hampton,Black,1860,137,31
12/28/2020,Hampton,Latino,177,9,0
12/28/2020,Southside,"Other Race",21,1,1
12/28/2020,Piedmont,"Other Race",26,0,0
12/28/2020,"Prince William","Other Race",1591,34,0
12/28/2020,Richmond,"Other Race",232,9,2
12/28/2020,Hampton,"Two or more races",69,1,0
12/28/2020,Norfolk,Latino,616,36,0
12/28/2020,"Lord Fairfax","Not Reported",1468,7,9
12/28/2020,Norfolk,Black,3550,361,70
12/28/2020,"Central Virginia",Black,1224,77,29
12/28/2020,Rappahannock,Latino,2127,129,11
12/28/2020,"Central Virginia",Latino,178,7,4
12/28/2020,Rappahannock,Black,1775,144,23
12/28/2020,"West Piedmont",White,3383,273,92
12/28/2020,Rappahannock,"Not Reported",3358,35,1
12/28/2020,"Central Shenandoah","Not Reported",2984,18,4
12/28/2020,Chesterfield,Latino,2889,144,14
12/28/2020,Chesterfield,Black,2819,187,48
12/28/2020,"Central Shenandoah",Latino,1699,72,8
12/28/2020,Southside,Latino,24,2,0
12/28/2020,Southside,Black,957,69,31
12/28/2020,"Central Shenandoah",Black,771,29,11
12/28/2020,Peninsula,White,3106,149,67
12/28/2020,"Rappahannock Rapidan",White,2890,126,32
12/28/2020,"New River",Latino,306,7,0
12/28/2020,"New River",Black,390,11,3
12/28/2020,Roanoke,"Other Race",60,1,0
12/28/2020,"Three Rivers","Two or more races",40,1,0
12/28/2020,"Prince William",White,4654,237,109
12/28/2020,"West Piedmont","Two or more races",34,0,0
12/28/2020,"New River","Not Reported",2450,33,0
12/28/2020,Chesterfield,"Not Reported",2430,8,12
12/28/2020,Crater,"Two or more races",35,2,1
12/28/2020,Lenowisco,White,3736,224,99
12/28/2020,"Western Tidewater",White,2268,125,86
12/28/2020,"Lord Fairfax","Other Race",228,7,1
12/28/2020,Chickahominy,"Two or more races",35,1,0
12/28/2020,Henrico,Black,3506,315,112
12/28/2020,Henrico,Latino,1318,70,14
12/28/2020,Alleghany,White,4688,172,112
12/28/2020,Peninsula,Black,2546,163,35
12/28/2020,Peninsula,Latino,676,32,3
12/28/2020,Loudoun,"Other Race",983,27,4
12/28/2020,Arlington,"Not Reported",1770,13,2
12/28/2020,"Mount Rogers","Not Reported",1268,34,11
12/28/2020,Portsmouth,White,944,77,15
12/28/2020,"Western Tidewater","Two or more races",101,1,2
12/28/2020,"Thomas Jefferson","Not Reported",716,5,1
12/28/2020,"Three Rivers","Not Reported",584,3,1
12/28/2020,Richmond,Black,3220,334,48
12/28/2020,Richmond,Latino,1681,125,9
12/28/2020,"Cumberland Plateau",Latino,39,0,0
12/28/2020,Rappahannock,"Other Race",437,6,0
12/28/2020,"Cumberland Plateau",Black,130,1,1
12/28/2020,Loudoun,"Not Reported",3593,11,0
12/28/2020,Loudoun,White,3778,188,108
12/28/2020,Peninsula,"Not Reported",2422,3,1
12/28/2020,Henrico,White,3701,226,145
12/28/2020,Chesterfield,"Two or more races",122,11,0
12/28/2020,Richmond,White,2074,68,29
12/28/2020,Chesapeake,"Two or more races",109,5,1
12/28/2020,Chickahominy,White,2886,172,66
12/28/2020,Lenowisco,Latino,92,0,0
12/28/2020,Lenowisco,Black,125,4,3
12/28/2020,Roanoke,"Two or more races",41,2,0
12/28/2020,Piedmont,Latino,103,10,2
12/28/2020,Piedmont,Black,1205,105,27
12/28/2020,Chesterfield,White,5054,288,121
12/28/2020,"Lord Fairfax","Two or more races",73,4,2
12/28/2020,"Central Virginia",White,5152,196,71
12/28/2020,Rappahannock,White,4015,235,77
12/28/2020,"New River",White,5478,183,82
12/28/2020,Crater,White,1887,96,35
12/28/2020,Alleghany,"Not Reported",2406,9,3
12/28/2020,Arlington,"Two or more races",104,7,2
12/28/2020,Portsmouth,"Other Race",101,13,6
12/28/2020,Piedmont,White,1625,102,36
12/28/2020,Alleghany,"Two or more races",50,1,3
12/28/2020,Crater,Black,3274,267,80
12/28/2020,Crater,Latino,337,11,5
12/28/2020,Piedmont,"Two or more races",74,2,1
12/28/2020,Pittsylvania-Danville,White,1787,122,62
12/28/2020,"Rappahannock Rapidan","Other Race",94,5,0
12/28/2020,Richmond,"Not Reported",1445,4,1
12/28/2020,Henrico,"Two or more races",174,12,3
12/28/2020,Henrico,"Other Race",363,21,1
12/28/2020,Loudoun,"Two or more races",186,6,0
12/28/2020,"Rappahannock Rapidan","Two or more races",70,2,0
12/28/2020,Portsmouth,Latino,134,13,1
12/28/2020,Portsmouth,Black,2351,302,53
12/28/2020,Portsmouth,"Not Reported",733,8,2
12/28/2020,Alexandria,"Two or more races",90,4,0
12/28/2020,"Virginia Beach","Other Race",310,9,0
12/28/2020,Norfolk,"Not Reported",1752,11,3
12/28/2020,Rappahannock,"Two or more races",124,5,1
12/28/2020,Arlington,Black,711,106,37
12/28/2020,Arlington,Latino,2755,292,32
12/28/2020,"Eastern Shore",White,617,52,24
12/28/2020,"Eastern Shore","Not Reported",78,0,0
12/28/2020,Roanoke,White,1649,51,70
12/28/2020,Alexandria,"Other Race",196,14,2
12/28/2020,"Cumberland Plateau","Other Race",10,0,0
12/28/2020,"Western Tidewater","Other Race",152,1,2
12/28/2020,Lenowisco,"Other Race",18,0,0
12/28/2020,Pittsylvania-Danville,"Two or more races",14,0,0
12/28/2020,Henrico,"Not Reported",2210,10,8
12/28/2020,Crater,"Other Race",108,0,1
12/28/2020,Chickahominy,"Other Race",66,3,0
12/28/2020,Roanoke,Black,1069,46,16
12/28/2020,Roanoke,Latino,652,34,5
12/28/2020,Peninsula,"Two or more races",163,6,1
12/28/2020,Peninsula,"Other Race",411,5,1
12/28/2020,"Thomas Jefferson","Two or more races",155,6,1
12/28/2020,Arlington,White,2546,175,82
12/28/2020,Norfolk,"Two or more races",115,10,1
12/28/2020,Alexandria,White,1632,95,46
12/28/2020,Hampton,"Not Reported",921,4,1
12/28/2020,"Mount Rogers",White,8090,551,212
12/28/2020,Alexandria,"Not Reported",706,3,1
12/28/2020,"Western Tidewater","Not Reported",1571,5,3
12/28/2020,"Cumberland Plateau","Not Reported",862,16,2
12/28/2020,"Thomas Jefferson","Other Race",260,8,1
12/28/2020,"Mount Rogers",Black,221,11,4
12/28/2020,"Mount Rogers",Latino,433,11,1
08/18/2020,Crater,Black,1359,169,47
12/28/2020,"West Piedmont",Black,1078,134,29
12/28/2020,"West Piedmont",Latino,482,20,2
12/28/2020,"Virginia Beach",White,6581,340,74
12/28/2020,"West Piedmont","Other Race",40,1,1
12/28/2020,Richmond,"Two or more races",110,4,1
12/28/2020,"Virginia Beach","Not Reported",4006,38,9
12/28/2020,Hampton,"Other Race",139,4,1
12/28/2020,"Virginia Beach",Black,3054,218,41
12/28/2020,"Virginia Beach",Latino,1037,41,6
12/28/2020,Fairfax,Black,3343,312,68
12/28/2020,Fairfax,Latino,16273,1259,117
12/28/2020,"Prince William",Latino,10462,795,89
12/28/2020,"Prince William",Black,2981,232,62
12/28/2020,Piedmont,"Not Reported",1552,14,4
12/28/2020,Chesapeake,Latino,580,39,2
12/28/2020,Chesapeake,Black,3027,316,40
12/28/2020,Pittsylvania-Danville,"Not Reported",1407,23,7
12/28/2020,Alleghany,"Other Race",88,2,0
12/28/2020,"West Piedmont","Not Reported",1422,21,4
12/28/2020,Norfolk,White,2096,115,28
12/28/2020,"Virginia Beach","Two or more races",212,10,3
12/28/2020,Chesapeake,"Other Race",126,6,1
12/28/2020,Norfolk,"Other Race",171,5,2
12/28/2020,Chickahominy,Latino,187,9,1
12/28/2020,Chickahominy,Black,741,75,21
12/28/2020,"Eastern Shore",Black,1041,109,29
12/28/2020,"Eastern Shore",Latino,339,13,3
12/28/2020,"Prince William","Two or more races",355,6,0
12/28/2020,Hampton,White,946,39,9
12/28/2020,"Prince William","Not Reported",7153,28,2
12/28/2020,"Mount Rogers","Two or more races",58,3,2
12/28/2020,Fairfax,White,10526,747,352
12/28/2020,"Thomas Jefferson",Black,986,118,21
12/28/2020,"Thomas Jefferson",Latino,1128,46,3
12/28/2020,"Rappahannock Rapidan","Not Reported",1430,23,8
12/28/2020,Southside,"Two or more races",142,0,10
12/28/2020,Lenowisco,"Not Reported",648,15,8
12/28/2020,Crater,"Not Reported",1453,15,5
12/28/2020,Chickahominy,"Not Reported",1093,3,1
12/28/2020,Fairfax,"Other Race",2040,132,23
12/28/2020,Portsmouth,"Two or more races",43,6,0
12/28/2020,Alexandria,Black,1398,130,21
12/28/2020,Alexandria,Latino,2793,167,15
12/28/2020,Roanoke,"Not Reported",1553,4,1
12/28/2020,Pittsylvania-Danville,Black,1468,145,28
12/28/2020,Pittsylvania-Danville,Latino,141,5,0
12/28/2020,"Eastern Shore","Two or more races",1,1,0
12/28/2020,"Lord Fairfax",White,6361,390,139
12/28/2020,Chesterfield,"Other Race",321,21,0
12/28/2020,"Mount Rogers","Other Race",50,2,2
12/28/2020,"Eastern Shore","Other Race",17,1,0
12/28/2020,"Three Rivers",White,2179,118,34
12/28/2020,Pittsylvania-Danville,"Other Race",6,0,0
12/28/2020,"Rappahannock Rapidan",Latino,1258,76,8
12/28/2020,"Rappahannock Rapidan",Black,690,58,16
12/28/2020,"Central Virginia","Not Reported",4143,36,9
12/28/2020,"Lord Fairfax",Latino,1309,73,10
12/28/2020,"Lord Fairfax",Black,357,33,10
12/28/2020,"Central Shenandoah","Other Race",204,6,1
12/28/2020,Fairfax,"Two or more races",438,14,1
12/28/2020,Arlington,"Other Race",314,17,5
12/28/2020,"New River","Two or more races",131,8,8
12/28/2020,"Central Shenandoah",White,9612,401,122
12/28/2020,Southside,White,907,56,34
12/28/2020,"New River","Other Race",38,1,0
12/29/2020,Chesterfield,"Asian or Pacific Islander",261,11,2
12/29/2020,Crater,"Asian or Pacific Islander",52,0,0
12/29/2020,Fairfax,"Asian or Pacific Islander",4417,401,93
12/29/2020,Hampton,"Asian or Pacific Islander",39,0,0
12/29/2020,"Rappahannock Rapidan","Asian or Pacific Islander",42,3,1
12/29/2020,"Mount Rogers","Asian or Pacific Islander",21,2,0
12/29/2020,"New River","Asian or Pacific Islander",179,1,0
12/29/2020,"Central Virginia","Asian or Pacific Islander",77,3,0
12/29/2020,"Lord Fairfax","Asian or Pacific Islander",75,3,1
12/29/2020,Southside,"Asian or Pacific Islander",5,0,0
12/29/2020,Alleghany,"Asian or Pacific Islander",95,3,0
12/29/2020,Portsmouth,"Asian or Pacific Islander",27,1,0
12/29/2020,Roanoke,"Asian or Pacific Islander",97,4,0
12/29/2020,Richmond,"Asian or Pacific Islander",130,6,1
12/29/2020,"Thomas Jefferson","Asian or Pacific Islander",200,4,1
12/29/2020,"Virginia Beach","Asian or Pacific Islander",649,51,8
12/29/2020,Henrico,"Asian or Pacific Islander",556,16,5
12/29/2020,Piedmont,"Asian or Pacific Islander",16,0,1
12/29/2020,"Western Tidewater","Asian or Pacific Islander",36,2,3
12/29/2020,"West Piedmont","Asian or Pacific Islander",30,2,1
12/29/2020,Chickahominy,"Asian or Pacific Islander",31,3,0
12/29/2020,Peninsula,"Asian or Pacific Islander",140,8,6
12/29/2020,Norfolk,"Asian or Pacific Islander",138,11,0
12/29/2020,Arlington,"Asian or Pacific Islander",425,38,17
12/29/2020,Loudoun,"Asian or Pacific Islander",1029,82,13
12/29/2020,Alexandria,"Asian or Pacific Islander",289,13,1
12/29/2020,Rappahannock,"Asian or Pacific Islander",214,13,3
12/29/2020,Chesapeake,"Asian or Pacific Islander",166,14,7
12/29/2020,"Cumberland Plateau and Lenowisco","Asian or Pacific Islander",14,0,0
12/29/2020,"Central Shenandoah","Asian or Pacific Islander",141,4,0
12/29/2020,"Prince William","Asian or Pacific Islander",1312,83,25
12/29/2020,Pittsylvania-Danville,"Asian or Pacific Islander",7,0,0
12/29/2020,"Eastern Shore and Three Rivers","Asian or Pacific Islander",22,1,0
12/29/2020,Piedmont,"Native American",7,0,0
12/29/2020,"New River","Native American",7,0,0
12/29/2020,"Central Shenandoah","Native American",8,1,0
12/29/2020,"Eastern Shore and Three Rivers","Native American",8,0,0
12/29/2020,Fairfax,"Native American",71,2,1
12/29/2020,Chesapeake,"Native American",20,0,0
12/29/2020,"Western Tidewater","Native American",5,0,0
12/29/2020,Portsmouth,"Native American",4,2,0
12/29/2020,Richmond,"Native American",9,0,1
12/29/2020,Chickahominy,"Native American",22,1,0
12/29/2020,"Thomas Jefferson","Native American",7,0,0
12/29/2020,Arlington,"Native American",8,0,0
12/29/2020,"Virginia Beach","Native American",23,0,0
12/29/2020,Peninsula,"Native American",11,2,1
12/29/2020,Hampton,"Native American",5,0,1
12/29/2020,"West Piedmont","Native American",4,0,0
12/29/2020,"Cumberland Plateau, Lenowisco, and Mount Rogers","Native American",22,1,0
12/29/2020,Henrico,"Native American",23,0,0
12/29/2020,Norfolk,"Native American",16,1,1
12/29/2020,"Prince William","Native American",52,1,1
12/29/2020,"Central Virginia","Native American",18,0,0
12/29/2020,Chesterfield,"Native American",12,1,0
12/29/2020,Rappahannock,"Native American",13,0,0
12/29/2020,Loudoun,"Native American",16,0,0
12/29/2020,Alexandria,"Native American",7,0,0
12/29/2020,"Alleghany and Roanoke","Native American",10,0,1
12/29/2020,Crater,"Native American",7,1,1
12/29/2020,"Rappahannock Rapidan","Native American",8,0,0
12/29/2020,"Lord Fairfax","Native American",7,1,1
12/29/2020,"Pittsylvania-Danville and Southside","Native American",7,1,0
12/29/2020,Southside,"Not Reported",909,7,4
12/29/2020,Chesapeake,White,3755,219,48
12/29/2020,"Three Rivers","Other Race",70,3,0
12/29/2020,"Central Virginia","Other Race",102,0,0
12/29/2020,"Central Virginia","Two or more races",57,1,0
12/29/2020,"Cumberland Plateau",White,3997,222,58
12/29/2020,Lenowisco,"Two or more races",40,3,7
12/29/2020,"Western Tidewater",Black,2925,241,79
12/29/2020,"Western Tidewater",Latino,95,1,2
12/29/2020,Fairfax,"Not Reported",6221,60,33
12/29/2020,Chesapeake,"Not Reported",1339,5,0
12/29/2020,"Thomas Jefferson",White,3873,166,64
12/29/2020,"Cumberland Plateau","Two or more races",15,1,0
12/29/2020,Loudoun,Black,601,42,10
12/29/2020,Loudoun,Latino,3546,278,19
12/29/2020,Alleghany,Latino,294,14,2
12/29/2020,Alleghany,Black,441,15,12
12/29/2020,"Three Rivers",Black,1307,93,20
12/29/2020,"Three Rivers",Latino,285,6,1
12/29/2020,"Central Shenandoah","Two or more races",140,1,1
12/29/2020,Hampton,Black,1885,137,35
12/29/2020,Hampton,Latino,177,9,1
12/29/2020,Southside,"Other Race",21,1,1
12/29/2020,Piedmont,"Other Race",25,0,0
12/29/2020,"Prince William","Other Race",1607,34,0
12/29/2020,Richmond,"Other Race",234,9,2
12/29/2020,Hampton,"Two or more races",70,1,0
12/29/2020,Norfolk,Latino,624,36,0
12/29/2020,"Lord Fairfax","Not Reported",1494,7,9
12/29/2020,Norfolk,Black,3595,363,70
12/29/2020,"Central Virginia",Black,1255,78,29
12/29/2020,Rappahannock,Latino,2147,131,12
12/29/2020,"Central Virginia",Latino,183,7,4
12/29/2020,Rappahannock,Black,1806,144,23
12/29/2020,"West Piedmont",White,3421,274,92
12/29/2020,Rappahannock,"Not Reported",3440,35,1
12/29/2020,"Central Shenandoah","Not Reported",3050,18,4
12/29/2020,Chesterfield,Latino,2904,144,14
12/29/2020,Chesterfield,Black,2868,187,48
12/29/2020,"Central Shenandoah",Latino,1710,74,9
12/29/2020,Southside,Latino,24,2,0
12/29/2020,Southside,Black,966,70,31
12/29/2020,"Central Shenandoah",Black,787,30,11
12/29/2020,Peninsula,White,3254,153,68
12/29/2020,"Rappahannock Rapidan",White,2913,127,33
12/29/2020,"New River",Latino,308,7,0
12/29/2020,"New River",Black,393,12,3
12/29/2020,Roanoke,"Other Race",60,1,0
12/29/2020,"Three Rivers","Two or more races",41,1,0
12/29/2020,"Prince William",White,4734,240,110
12/29/2020,"West Piedmont","Two or more races",35,1,0
12/29/2020,"New River","Not Reported",2468,33,0
12/29/2020,Chesterfield,"Not Reported",2477,8,12
12/29/2020,Crater,"Two or more races",35,2,1
12/29/2020,Lenowisco,White,3771,227,100
12/29/2020,"Western Tidewater",White,2282,125,86
12/29/2020,"Lord Fairfax","Other Race",232,7,1
12/29/2020,Chickahominy,"Two or more races",36,1,0
12/29/2020,Henrico,Black,3542,317,112
12/29/2020,Henrico,Latino,1325,70,14
12/29/2020,Alleghany,White,4745,173,111
12/29/2020,Peninsula,Black,2614,166,37
12/29/2020,Peninsula,Latino,689,32,3
12/29/2020,Loudoun,"Other Race",997,26,4
12/29/2020,Arlington,"Not Reported",1794,13,2
12/29/2020,"Mount Rogers","Not Reported",1263,34,11
12/29/2020,Portsmouth,White,963,79,15
12/29/2020,"Western Tidewater","Two or more races",102,1,2
12/29/2020,"Thomas Jefferson","Not Reported",730,5,1
12/29/2020,"Three Rivers","Not Reported",600,3,1
12/29/2020,Richmond,Black,3244,334,48
12/29/2020,Richmond,Latino,1685,125,9
12/29/2020,"Cumberland Plateau",Latino,39,0,0
12/29/2020,Rappahannock,"Other Race",451,6,0
12/29/2020,"Cumberland Plateau",Black,132,1,1
12/29/2020,Loudoun,"Not Reported",3622,13,0
12/29/2020,Loudoun,White,3844,191,110
12/29/2020,Peninsula,"Not Reported",2470,3,1
12/29/2020,Henrico,White,3776,229,147
12/29/2020,Chesterfield,"Two or more races",126,11,0
12/29/2020,Richmond,White,2088,69,30
12/29/2020,Chesapeake,"Two or more races",109,5,1
12/29/2020,Chickahominy,White,2912,172,68
12/29/2020,Lenowisco,Latino,93,0,0
12/29/2020,Lenowisco,Black,126,4,3
12/29/2020,Roanoke,"Two or more races",41,2,0
12/29/2020,Piedmont,Latino,105,10,2
12/29/2020,Piedmont,Black,1226,107,27
12/29/2020,Chesterfield,White,5149,289,123
12/29/2020,"Lord Fairfax","Two or more races",73,4,2
12/29/2020,"Central Virginia",White,5236,198,73
12/29/2020,Rappahannock,White,4111,238,78
12/29/2020,"New River",White,5538,187,84
12/29/2020,Crater,White,1907,97,35
12/29/2020,Alleghany,"Not Reported",2431,9,3
12/29/2020,Arlington,"Two or more races",103,7,1
12/29/2020,Portsmouth,"Other Race",102,13,6
12/29/2020,Piedmont,White,1655,103,37
12/29/2020,Alleghany,"Two or more races",50,1,3
12/29/2020,Crater,Black,3301,268,80
12/29/2020,Crater,Latino,341,11,5
12/29/2020,Piedmont,"Two or more races",75,2,1
12/29/2020,Pittsylvania-Danville,White,1800,124,63
12/29/2020,"Rappahannock Rapidan","Other Race",94,5,0
12/29/2020,Richmond,"Not Reported",1453,4,1
12/29/2020,Henrico,"Two or more races",174,12,3
12/29/2020,Henrico,"Other Race",364,21,1
12/29/2020,Loudoun,"Two or more races",193,7,0
12/29/2020,"Rappahannock Rapidan","Two or more races",73,2,0
12/29/2020,Portsmouth,Latino,134,13,1
12/29/2020,Portsmouth,Black,2371,306,53
12/29/2020,Portsmouth,"Not Reported",743,8,2
12/29/2020,Alexandria,"Two or more races",94,6,1
12/29/2020,"Virginia Beach","Other Race",314,10,0
12/29/2020,Norfolk,"Not Reported",1775,11,3
12/29/2020,Rappahannock,"Two or more races",126,6,1
12/29/2020,Arlington,Black,715,108,39
12/29/2020,Arlington,Latino,2764,293,33
12/29/2020,"Eastern Shore",White,623,52,24
12/29/2020,"Eastern Shore","Not Reported",79,0,0
12/29/2020,Roanoke,White,1669,51,72
12/29/2020,Alexandria,"Other Race",197,14,2
12/29/2020,"Cumberland Plateau","Other Race",10,0,0
12/29/2020,"Western Tidewater","Other Race",155,1,2
12/29/2020,Lenowisco,"Other Race",18,0,0
12/29/2020,Pittsylvania-Danville,"Two or more races",15,0,0
12/29/2020,Henrico,"Not Reported",2239,10,8
12/29/2020,Crater,"Other Race",108,0,1
12/29/2020,Chickahominy,"Other Race",65,3,0
12/29/2020,Roanoke,Black,1079,46,16
12/29/2020,Roanoke,Latino,652,34,5
12/29/2020,Peninsula,"Two or more races",165,6,1
12/29/2020,Peninsula,"Other Race",436,5,1
12/29/2020,"Thomas Jefferson","Two or more races",156,7,1
12/29/2020,Arlington,White,2562,177,84
12/29/2020,Norfolk,"Two or more races",120,10,1
12/29/2020,Alexandria,White,1654,95,46
12/29/2020,Hampton,"Not Reported",930,4,1
12/29/2020,"Mount Rogers",White,8183,556,214
12/29/2020,Alexandria,"Not Reported",705,3,1
12/29/2020,"Western Tidewater","Not Reported",1573,5,3
12/29/2020,"Cumberland Plateau","Not Reported",883,17,2
12/29/2020,"Thomas Jefferson","Other Race",260,9,1
12/29/2020,"Mount Rogers",Black,220,11,4
12/29/2020,"Mount Rogers",Latino,437,12,1
09/01/2020,Norfolk,Black,2194,208,36
12/29/2020,"West Piedmont",Black,1097,136,30
12/29/2020,"West Piedmont",Latino,486,20,2
12/29/2020,"Virginia Beach",White,6694,356,78
12/29/2020,"West Piedmont","Other Race",45,1,1
12/29/2020,Richmond,"Two or more races",111,5,1
12/29/2020,"Virginia Beach","Not Reported",4061,42,9
12/29/2020,Hampton,"Other Race",138,4,1
12/29/2020,"Virginia Beach",Black,3076,222,42
12/29/2020,"Virginia Beach",Latino,1039,43,6
12/29/2020,Fairfax,Black,3378,314,68
12/29/2020,Fairfax,Latino,16360,1267,117
12/29/2020,"Prince William",Latino,10533,798,89
12/29/2020,"Prince William",Black,3013,233,62
12/29/2020,Piedmont,"Not Reported",1563,15,4
12/29/2020,Chesapeake,Latino,583,39,2
12/29/2020,Chesapeake,Black,3053,322,40
12/29/2020,Pittsylvania-Danville,"Not Reported",1418,24,8
12/29/2020,Alleghany,"Other Race",89,2,0
12/29/2020,"West Piedmont","Not Reported",1436,21,4
12/29/2020,Norfolk,White,2167,115,28
12/29/2020,"Virginia Beach","Two or more races",216,10,3
12/29/2020,Chesapeake,"Other Race",126,6,1
12/29/2020,Norfolk,"Other Race",174,5,2
12/29/2020,Chickahominy,Latino,187,9,1
12/29/2020,Chickahominy,Black,746,75,21
12/29/2020,"Eastern Shore",Black,1041,109,29
12/29/2020,"Eastern Shore",Latino,339,13,3
12/29/2020,"Prince William","Two or more races",360,6,0
12/29/2020,Hampton,White,955,40,9
12/29/2020,"Prince William","Not Reported",7216,28,2
12/29/2020,"Mount Rogers","Two or more races",58,3,2
12/29/2020,Fairfax,White,10644,749,354
12/29/2020,"Thomas Jefferson",Black,1000,119,21
12/29/2020,"Thomas Jefferson",Latino,1134,46,3
12/29/2020,"Rappahannock Rapidan","Not Reported",1449,24,8
12/29/2020,Southside,"Two or more races",143,0,10
12/29/2020,Lenowisco,"Not Reported",669,16,9
12/29/2020,Crater,"Not Reported",1470,15,5
12/29/2020,Chickahominy,"Not Reported",1092,3,1
12/29/2020,Fairfax,"Other Race",2047,135,24
12/29/2020,Portsmouth,"Two or more races",46,6,1
12/29/2020,Alexandria,Black,1416,130,21
12/29/2020,Alexandria,Latino,2801,169,15
12/29/2020,Roanoke,"Not Reported",1554,4,1
12/29/2020,Pittsylvania-Danville,Black,1474,146,28
12/29/2020,Pittsylvania-Danville,Latino,141,5,0
12/29/2020,"Eastern Shore","Two or more races",1,1,0
12/29/2020,"Lord Fairfax",White,6503,392,143
12/29/2020,Chesterfield,"Other Race",327,21,0
12/29/2020,"Mount Rogers","Other Race",48,2,2
12/29/2020,"Eastern Shore","Other Race",17,1,0
12/29/2020,"Three Rivers",White,2238,118,33
12/29/2020,Pittsylvania-Danville,"Other Race",5,0,0
12/29/2020,"Rappahannock Rapidan",Latino,1267,76,8
12/29/2020,"Rappahannock Rapidan",Black,693,58,16
12/29/2020,"Central Virginia","Not Reported",4263,41,9
12/29/2020,"Lord Fairfax",Latino,1320,73,11
12/29/2020,"Lord Fairfax",Black,365,33,10
12/29/2020,"Central Shenandoah","Other Race",206,6,1
12/29/2020,Fairfax,"Two or more races",440,14,1
12/29/2020,Arlington,"Other Race",316,17,4
12/29/2020,"New River","Two or more races",131,8,8
12/29/2020,"Central Shenandoah",White,9747,410,123
12/29/2020,Southside,White,916,56,34
12/29/2020,"New River","Other Race",38,1,0
12/30/2020,Southside,"Not Reported",916,7,4
12/30/2020,Chesapeake,White,3790,219,48
12/30/2020,"Three Rivers","Other Race",69,3,0
12/30/2020,"Central Virginia","Other Race",103,0,0
12/30/2020,"Central Virginia","Two or more races",58,1,0
12/30/2020,"Cumberland Plateau",White,4102,237,59
12/30/2020,Lenowisco,"Two or more races",40,3,7
12/30/2020,"Western Tidewater",Black,2930,241,79
12/30/2020,"Western Tidewater",Latino,96,1,2
12/30/2020,Fairfax,"Not Reported",6228,60,33
12/30/2020,Chesapeake,"Not Reported",1360,5,0
12/30/2020,"Thomas Jefferson",White,3917,166,64
12/30/2020,"Cumberland Plateau","Two or more races",18,1,0
12/30/2020,Loudoun,Black,609,43,10
12/30/2020,Loudoun,Latino,3559,279,19
12/30/2020,Alleghany,Latino,295,14,2
12/30/2020,Alleghany,Black,451,16,12
12/30/2020,"Three Rivers",Black,1326,94,20
12/30/2020,"Three Rivers",Latino,286,6,1
12/30/2020,"Central Shenandoah","Two or more races",140,2,2
12/30/2020,Hampton,Black,1893,137,35
12/30/2020,Hampton,Latino,179,9,1
12/30/2020,Southside,"Other Race",22,1,1
12/30/2020,Piedmont,"Other Race",26,0,0
12/30/2020,"Prince William","Other Race",1630,34,0
12/30/2020,Richmond,"Other Race",237,9,2
12/30/2020,Hampton,"Two or more races",72,1,0
12/30/2020,Norfolk,Latino,625,36,0
12/30/2020,"Lord Fairfax","Not Reported",1520,7,9
12/30/2020,Norfolk,Black,3620,365,70
12/30/2020,"Central Virginia",Black,1277,78,29
12/30/2020,Rappahannock,Latino,2164,131,12
12/30/2020,"Central Virginia",Latino,185,7,4
12/30/2020,Rappahannock,Black,1823,145,23
12/30/2020,"West Piedmont",White,3463,277,92
12/30/2020,Rappahannock,"Not Reported",3505,35,1
12/30/2020,"Central Shenandoah","Not Reported",3167,20,6
12/30/2020,Chesterfield,Latino,2920,145,15
12/30/2020,Chesterfield,Black,2917,189,48
12/30/2020,"Central Shenandoah",Latino,1717,75,10
12/30/2020,Southside,Latino,24,2,0
12/30/2020,Southside,Black,987,70,31
12/30/2020,"Central Shenandoah",Black,793,35,16
12/30/2020,Peninsula,White,3295,154,69
12/30/2020,"Rappahannock Rapidan",White,2969,127,33
12/30/2020,"New River",Latino,309,7,0
12/30/2020,"New River",Black,396,12,3
12/30/2020,Roanoke,"Other Race",60,1,0
12/30/2020,"Three Rivers","Two or more races",42,1,0
12/30/2020,"Prince William",White,4804,241,113
12/30/2020,"West Piedmont","Two or more races",35,1,0
12/30/2020,"New River","Not Reported",2484,33,0
12/30/2020,Chesterfield,"Not Reported",2510,8,12
12/30/2020,Crater,"Two or more races",35,2,1
12/30/2020,Lenowisco,White,3806,228,103
12/30/2020,"Western Tidewater",White,2303,125,87
12/30/2020,"Lord Fairfax","Other Race",235,7,1
12/30/2020,Chickahominy,"Two or more races",36,1,0
12/30/2020,Henrico,Black,3598,318,112
12/30/2020,Henrico,Latino,1337,70,14
12/30/2020,Alleghany,White,4839,175,116
12/30/2020,Peninsula,Black,2639,168,38
12/30/2020,Peninsula,Latino,694,32,3
12/30/2020,Loudoun,"Other Race",1013,28,4
12/30/2020,Arlington,"Not Reported",1839,13,2
12/30/2020,"Mount Rogers","Not Reported",1278,34,11
12/30/2020,Portsmouth,White,969,79,15
12/30/2020,"Western Tidewater","Two or more races",102,1,2
12/30/2020,"Thomas Jefferson","Not Reported",729,5,1
12/30/2020,"Three Rivers","Not Reported",624,3,1
12/30/2020,Richmond,Black,3291,337,48
12/30/2020,Richmond,Latino,1693,126,9
12/30/2020,"Cumberland Plateau",Latino,40,0,0
12/30/2020,Rappahannock,"Other Race",469,6,0
12/30/2020,"Cumberland Plateau",Black,134,2,1
12/30/2020,Loudoun,"Not Reported",3666,13,0
12/30/2020,Loudoun,White,3892,191,112
12/30/2020,Peninsula,"Not Reported",2493,3,1
12/30/2020,Henrico,White,3829,229,148
12/30/2020,Chesterfield,"Two or more races",129,12,0
12/30/2020,Richmond,White,2114,69,31
12/30/2020,Chesapeake,"Two or more races",110,5,1
12/30/2020,Chickahominy,White,2949,173,68
12/30/2020,Lenowisco,Latino,95,0,0
12/30/2020,Lenowisco,Black,126,4,3
12/30/2020,Roanoke,"Two or more races",42,2,0
12/30/2020,Piedmont,Latino,105,10,2
12/30/2020,Piedmont,Black,1229,108,27
12/30/2020,Chesterfield,White,5247,290,126
12/30/2020,"Lord Fairfax","Two or more races",76,4,2
12/30/2020,"Central Virginia",White,5321,198,74
12/30/2020,Rappahannock,White,4198,239,78
12/30/2020,"New River",White,5655,190,84
12/30/2020,Crater,White,1932,97,36
12/30/2020,Alleghany,"Not Reported",2488,8,3
12/30/2020,Arlington,"Two or more races",102,7,2
12/30/2020,Portsmouth,"Other Race",102,13,6
12/30/2020,Piedmont,White,1675,104,37
12/30/2020,Alleghany,"Two or more races",50,1,3
12/30/2020,Crater,Black,3327,268,80
12/30/2020,Crater,Latino,342,11,5
12/30/2020,Piedmont,"Two or more races",76,2,1
12/30/2020,Pittsylvania-Danville,White,1814,125,64
12/30/2020,"Rappahannock Rapidan","Other Race",95,5,0
12/30/2020,Richmond,"Not Reported",1458,3,1
12/30/2020,Henrico,"Two or more races",183,12,3
12/30/2020,Henrico,"Other Race",363,21,1
12/30/2020,Loudoun,"Two or more races",195,7,0
12/30/2020,"Rappahannock Rapidan","Two or more races",74,2,0
12/30/2020,Portsmouth,Latino,135,13,1
12/30/2020,Portsmouth,Black,2387,307,53
12/30/2020,Portsmouth,"Not Reported",751,8,2
12/30/2020,Alexandria,"Two or more races",94,6,1
12/30/2020,"Virginia Beach","Other Race",318,10,0
12/30/2020,Norfolk,"Not Reported",1799,11,3
12/30/2020,Rappahannock,"Two or more races",129,6,1
12/30/2020,Arlington,Black,719,108,39
12/30/2020,Arlington,Latino,2776,293,33
12/30/2020,"Eastern Shore",White,637,52,24
12/30/2020,"Eastern Shore","Not Reported",81,0,0
12/30/2020,Roanoke,White,1681,52,72
12/30/2020,Alexandria,"Other Race",199,14,2
12/30/2020,"Cumberland Plateau","Other Race",11,0,0
12/30/2020,"Western Tidewater","Other Race",157,1,2
12/30/2020,Lenowisco,"Other Race",18,0,0
12/30/2020,Pittsylvania-Danville,"Two or more races",15,0,0
12/30/2020,Henrico,"Not Reported",2258,11,8
12/30/2020,Crater,"Other Race",109,0,1
12/30/2020,Chickahominy,"Other Race",69,3,0
12/30/2020,Roanoke,Black,1090,47,17
12/30/2020,Roanoke,Latino,652,34,5
12/30/2020,Peninsula,"Two or more races",169,6,1
12/30/2020,Peninsula,"Other Race",439,5,1
12/30/2020,"Thomas Jefferson","Two or more races",157,8,1
12/30/2020,Arlington,White,2587,179,84
12/30/2020,Norfolk,"Two or more races",122,10,1
12/30/2020,Alexandria,White,1664,95,46
12/30/2020,Hampton,"Not Reported",937,4,1
12/30/2020,"Mount Rogers",White,8279,561,215
12/30/2020,Alexandria,"Not Reported",725,3,1
12/30/2020,"Western Tidewater","Not Reported",1585,5,3
12/30/2020,"Cumberland Plateau","Not Reported",913,19,2
12/30/2020,"Thomas Jefferson","Other Race",261,9,1
12/30/2020,"Mount Rogers",Black,221,12,4
12/30/2020,"Mount Rogers",Latino,437,12,1
12/30/2020,"West Piedmont",Black,1113,136,30
12/30/2020,"West Piedmont",Latino,489,20,2
12/30/2020,"Virginia Beach",White,6818,357,79
12/30/2020,"West Piedmont","Other Race",46,1,1
12/30/2020,Richmond,"Two or more races",112,5,1
12/30/2020,"Virginia Beach","Not Reported",4111,42,9
12/30/2020,Hampton,"Other Race",138,4,1
12/30/2020,"Virginia Beach",Black,3101,223,42
12/30/2020,"Virginia Beach",Latino,1043,43,6
12/30/2020,Fairfax,Black,3408,315,68
12/30/2020,Fairfax,Latino,16458,1277,117
12/30/2020,"Prince William",Latino,10597,801,91
12/30/2020,"Prince William",Black,3046,233,62
12/30/2020,Piedmont,"Not Reported",1610,15,4
12/30/2020,Chesapeake,Latino,586,39,2
12/30/2020,Chesapeake,Black,3065,323,40
12/30/2020,Pittsylvania-Danville,"Not Reported",1428,24,8
12/30/2020,Alleghany,"Other Race",93,2,0
12/30/2020,"West Piedmont","Not Reported",1444,21,4
12/30/2020,Norfolk,White,2202,115,28
12/30/2020,"Virginia Beach","Two or more races",223,10,3
12/30/2020,Chesapeake,"Other Race",127,6,1
12/30/2020,Norfolk,"Other Race",175,5,2
12/30/2020,Chickahominy,Latino,188,9,1
12/30/2020,Chickahominy,Black,755,75,21
12/30/2020,"Eastern Shore",Black,1042,109,31
12/30/2020,"Eastern Shore",Latino,344,15,3
12/30/2020,"Prince William","Two or more races",364,6,0
12/30/2020,Hampton,White,972,40,9
12/30/2020,"Prince William","Not Reported",7222,28,2
12/30/2020,"Mount Rogers","Two or more races",58,3,2
12/30/2020,Fairfax,White,10763,753,358
12/30/2020,"Thomas Jefferson",Black,1007,119,21
12/30/2020,"Thomas Jefferson",Latino,1158,46,3
12/30/2020,"Rappahannock Rapidan","Not Reported",1485,24,8
12/30/2020,Southside,"Two or more races",144,0,10
12/30/2020,Lenowisco,"Not Reported",677,16,9
12/30/2020,Crater,"Not Reported",1491,15,5
12/30/2020,Chickahominy,"Not Reported",1099,4,1
12/30/2020,Fairfax,"Other Race",2057,138,24
12/30/2020,Portsmouth,"Two or more races",46,6,1
12/30/2020,Alexandria,Black,1431,130,21
12/30/2020,Alexandria,Latino,2820,169,15
12/30/2020,Roanoke,"Not Reported",1572,4,1
12/30/2020,Pittsylvania-Danville,Black,1485,146,28
12/30/2020,Pittsylvania-Danville,Latino,141,5,0
12/30/2020,"Eastern Shore","Two or more races",1,1,0
12/30/2020,"Lord Fairfax",White,6626,392,143
12/30/2020,Chesterfield,"Other Race",328,21,0
12/30/2020,"Mount Rogers","Other Race",48,2,2
12/30/2020,"Eastern Shore","Other Race",18,1,0
12/30/2020,"Three Rivers",White,2277,119,33
12/30/2020,Pittsylvania-Danville,"Other Race",5,0,0
12/30/2020,"Rappahannock Rapidan",Latino,1273,76,8
12/30/2020,"Rappahannock Rapidan",Black,696,58,16
12/30/2020,"Central Virginia","Not Reported",4314,42,10
12/30/2020,"Lord Fairfax",Latino,1332,73,11
12/30/2020,"Lord Fairfax",Black,374,33,10
12/30/2020,"Central Shenandoah","Other Race",209,6,1
12/30/2020,Fairfax,"Two or more races",443,14,1
12/30/2020,Arlington,"Other Race",325,17,4
12/30/2020,"New River","Two or more races",134,8,8
12/30/2020,"Central Shenandoah",White,9890,426,138
12/30/2020,Southside,White,948,56,35
12/30/2020,"New River","Other Race",38,1,0
12/30/2020,Chesterfield,"Asian or Pacific Islander",267,11,2
12/30/2020,Crater,"Asian or Pacific Islander",53,0,0
12/30/2020,Fairfax,"Asian or Pacific Islander",4483,409,93
12/30/2020,Hampton,"Asian or Pacific Islander",40,0,0
12/30/2020,"Rappahannock Rapidan","Asian or Pacific Islander",42,3,1
09/05/2020,Henrico,White,1210,115,94
12/30/2020,"Mount Rogers","Asian or Pacific Islander",21,2,0
12/30/2020,"New River","Asian or Pacific Islander",179,1,0
12/30/2020,"Central Virginia","Asian or Pacific Islander",79,3,0
12/30/2020,"Lord Fairfax","Asian or Pacific Islander",77,3,1
12/30/2020,Southside,"Asian or Pacific Islander",6,0,0
12/30/2020,Alleghany,"Asian or Pacific Islander",96,3,0
12/30/2020,Portsmouth,"Asian or Pacific Islander",27,1,0
12/30/2020,Roanoke,"Asian or Pacific Islander",97,4,0
12/30/2020,Richmond,"Asian or Pacific Islander",132,6,1
12/30/2020,"Thomas Jefferson","Asian or Pacific Islander",201,4,1
12/30/2020,"Virginia Beach","Asian or Pacific Islander",657,51,8
12/30/2020,Henrico,"Asian or Pacific Islander",566,16,5
12/30/2020,Piedmont,"Asian or Pacific Islander",16,0,1
12/30/2020,"Western Tidewater","Asian or Pacific Islander",36,2,3
12/30/2020,"West Piedmont","Asian or Pacific Islander",30,2,1
12/30/2020,Chickahominy,"Asian or Pacific Islander",31,3,0
12/30/2020,Peninsula,"Asian or Pacific Islander",140,8,6
12/30/2020,Norfolk,"Asian or Pacific Islander",138,11,0
12/30/2020,Arlington,"Asian or Pacific Islander",430,38,17
12/30/2020,Loudoun,"Asian or Pacific Islander",1046,82,13
12/30/2020,Alexandria,"Asian or Pacific Islander",291,13,1
12/30/2020,Rappahannock,"Asian or Pacific Islander",216,13,3
12/30/2020,Chesapeake,"Asian or Pacific Islander",166,14,7
12/30/2020,"Cumberland Plateau and Lenowisco","Asian or Pacific Islander",14,0,0
12/30/2020,"Central Shenandoah","Asian or Pacific Islander",141,4,0
12/30/2020,"Prince William","Asian or Pacific Islander",1324,83,25
12/30/2020,Pittsylvania-Danville,"Asian or Pacific Islander",7,0,0
12/30/2020,"Eastern Shore and Three Rivers","Asian or Pacific Islander",22,1,0
12/30/2020,Piedmont,"Native American",7,0,0
12/30/2020,"New River","Native American",7,0,0
12/30/2020,"Central Shenandoah","Native American",9,1,0
12/30/2020,"Eastern Shore and Three Rivers","Native American",10,0,0
12/30/2020,Fairfax,"Native American",72,2,1
12/30/2020,Chesapeake,"Native American",20,0,0
12/30/2020,"Western Tidewater","Native American",5,0,0
12/30/2020,Portsmouth,"Native American",4,2,0
12/30/2020,Richmond,"Native American",9,0,1
12/30/2020,Chickahominy,"Native American",22,1,0
12/30/2020,"Thomas Jefferson","Native American",7,0,0
12/30/2020,Arlington,"Native American",8,0,0
12/30/2020,"Virginia Beach","Native American",23,0,0
12/30/2020,Peninsula,"Native American",11,2,1
12/30/2020,Hampton,"Native American",5,0,1
12/30/2020,"West Piedmont","Native American",4,0,0
12/30/2020,"Cumberland Plateau, Lenowisco, and Mount Rogers","Native American",22,1,0
12/30/2020,Henrico,"Native American",23,0,0
12/30/2020,Norfolk,"Native American",16,1,1
12/30/2020,"Prince William","Native American",53,1,1
12/30/2020,"Central Virginia","Native American",18,0,0
12/30/2020,Chesterfield,"Native American",12,1,0
12/30/2020,Rappahannock,"Native American",13,0,0
12/30/2020,Loudoun,"Native American",16,0,0
12/30/2020,Alexandria,"Native American",7,0,0
12/30/2020,"Alleghany and Roanoke","Native American",10,0,1
12/30/2020,Crater,"Native American",7,1,1
12/30/2020,"Rappahannock Rapidan","Native American",8,0,0
12/30/2020,"Lord Fairfax","Native American",7,1,1
12/30/2020,"Pittsylvania-Danville and Southside","Native American",7,1,0
09/05/2020,Loudoun,White,1427,118,86
09/05/2020,Hampton,White,235,9,1
09/11/2020,Fairfax,Black,1585,239,62
09/13/2020,Fairfax,White,3692,482,304
09/14/2020,Crater,Latino,190,9,4
09/19/2020,Hampton,Black,724,40,14
09/20/2020,Henrico,White,1417,131,105
09/20/2020,Loudoun,White,1583,122,90
09/20/2020,Hampton,White,260,10,4
09/29/2020,Crater,Latino,203,9,4
10/05/2020,Henrico,Black,1809,216,91
10/08/2020,Norfolk,Black,2489,270,53
10/20/2020,Henrico,Black,1930,223,95
10/23/2020,Crater,Black,2417,217,73
10/26/2020,Roanoke,Black,579,38,8
10/26/2020,Hampton,Black,962,65,23
11/04/2020,Hampton,White,385,15,7
11/13/2020,Crater,Latino,272,11,5
11/25/2020,Henrico,Black,2457,278,104
06/15/2020,Alexandria,"Asian or Pacific Islander",72,6,1
06/15/2020,Alexandria,Black,316,60,12
06/15/2020,Alexandria,Latino,1202,102,6
06/15/2020,Alexandria,"Native American",3,0,0
06/15/2020,Alexandria,"Not Reported",123,6,1
06/15/2020,Alexandria,"Other Race",29,3,1
06/15/2020,Alexandria,"Two or more races",4,1,0
06/15/2020,Alexandria,White,411,47,27
06/15/2020,Alleghany,"Asian or Pacific Islander",3,0,0
06/15/2020,Alleghany,Black,7,1,1
06/15/2020,Alleghany,Latino,40,4,0
06/15/2020,Alleghany,"Not Reported",76,1,0
06/15/2020,Alleghany,"Other Race",1,0,0
06/15/2020,Alleghany,"Two or more races",0,0,0
06/15/2020,Alleghany,White,136,21,13
06/15/2020,"Alleghany and Roanoke","Native American",0,0,0
06/15/2020,Arlington,"Asian or Pacific Islander",115,21,10
06/15/2020,Arlington,Black,195,59,28
06/15/2020,Arlington,Latino,1139,193,19
06/15/2020,Arlington,"Native American",1,0,0
06/15/2020,Arlington,"Not Reported",152,13,4
06/15/2020,Arlington,"Other Race",46,8,4
06/15/2020,Arlington,"Two or more races",14,2,0
06/15/2020,Arlington,White,684,109,60
06/15/2020,"Central Shenandoah","Asian or Pacific Islander",17,2,0
06/15/2020,"Central Shenandoah",Black,78,4,2
06/15/2020,"Central Shenandoah",Latino,723,45,3
06/15/2020,"Central Shenandoah","Native American",1,1,0
06/15/2020,"Central Shenandoah","Not Reported",179,5,0
06/15/2020,"Central Shenandoah","Other Race",28,1,0
06/15/2020,"Central Shenandoah","Two or more races",7,1,0
06/15/2020,"Central Shenandoah",White,754,85,27
06/15/2020,"Central Virginia","Asian or Pacific Islander",0,0,0
06/15/2020,"Central Virginia",Black,22,2,1
06/15/2020,"Central Virginia",Latino,20,1,1
06/15/2020,"Central Virginia","Native American",0,0,0
06/15/2020,"Central Virginia","Not Reported",155,4,0
06/15/2020,"Central Virginia","Other Race",1,0,0
06/15/2020,"Central Virginia","Two or more races",0,0,0
06/15/2020,"Central Virginia",White,71,10,2
06/15/2020,Chesapeake,"Asian or Pacific Islander",18,1,1
06/15/2020,Chesapeake,Black,229,50,5
06/15/2020,Chesapeake,Latino,67,9,1
06/15/2020,Chesapeake,"Native American",8,0,0
06/15/2020,Chesapeake,"Not Reported",76,2,0
06/15/2020,Chesapeake,"Other Race",9,0,0
06/15/2020,Chesapeake,"Two or more races",6,0,0
06/15/2020,Chesapeake,White,259,40,9
06/15/2020,Chesterfield,"Asian or Pacific Islander",23,1,0
06/15/2020,Chesterfield,Black,306,48,11
06/15/2020,Chesterfield,Latino,451,21,1
06/15/2020,Chesterfield,"Native American",2,0,0
06/15/2020,Chesterfield,"Not Reported",1033,3,5
06/15/2020,Chesterfield,"Other Race",135,6,0
06/15/2020,Chesterfield,"Two or more races",3,0,0
06/15/2020,Chesterfield,White,407,48,39
06/15/2020,Chickahominy,"Asian or Pacific Islander",1,1,0
06/15/2020,Chickahominy,Black,95,31,9
06/15/2020,Chickahominy,Latino,36,3,0
06/15/2020,Chickahominy,"Native American",1,1,0
06/15/2020,Chickahominy,"Not Reported",179,4,1
06/15/2020,Chickahominy,"Other Race",9,3,0
06/15/2020,Chickahominy,"Two or more races",1,1,0
06/15/2020,Chickahominy,White,246,57,25
06/15/2020,Crater,"Asian or Pacific Islander",1,0,0
06/15/2020,Crater,Black,568,87,11
06/15/2020,Crater,Latino,79,2,2
06/15/2020,Crater,"Native American",2,0,0
06/15/2020,Crater,"Not Reported",368,4,2
06/15/2020,Crater,"Other Race",11,0,0
06/15/2020,Crater,"Two or more races",1,0,0
06/15/2020,Crater,White,217,20,6
06/15/2020,"Cumberland Plateau",Black,12,0,0
06/15/2020,"Cumberland Plateau",Latino,0,0,0
06/15/2020,"Cumberland Plateau","Not Reported",1,0,0
06/15/2020,"Cumberland Plateau","Other Race",0,0,0
06/15/2020,"Cumberland Plateau","Two or more races",0,0,0
06/15/2020,"Cumberland Plateau",White,22,2,0
06/15/2020,"Cumberland Plateau and Lenowisco","Asian or Pacific Islander",0,0,0
06/15/2020,"Cumberland Plateau, Lenowisco, and Mount Rogers","Native American",0,0,0
06/15/2020,"Eastern Shore",Black,748,72,25
06/15/2020,"Eastern Shore",Latino,220,6,3
06/15/2020,"Eastern Shore","Not Reported",102,0,0
06/15/2020,"Eastern Shore","Other Race",12,1,0
06/15/2020,"Eastern Shore","Two or more races",0,0,0
06/15/2020,"Eastern Shore",White,173,14,13
06/15/2020,"Eastern Shore and Three Rivers","Asian or Pacific Islander",7,1,0
06/15/2020,"Eastern Shore and Three Rivers","Native American",1,0,0
06/15/2020,Fairfax,"Asian or Pacific Islander",1007,186,51
06/15/2020,Fairfax,Black,746,159,33
06/15/2020,Fairfax,Latino,6568,682,53
06/15/2020,Fairfax,"Native American",18,1,1
06/15/2020,Fairfax,"Not Reported",2571,78,69
06/15/2020,Fairfax,"Other Race",471,56,13
06/15/2020,Fairfax,"Two or more races",13,2,1
06/15/2020,Fairfax,White,1821,354,215
06/15/2020,Hampton,"Asian or Pacific Islander",3,0,0
06/15/2020,Hampton,Black,123,27,5
06/15/2020,Hampton,Latino,29,2,0
06/15/2020,Hampton,"Native American",0,0,0
06/15/2020,Hampton,"Not Reported",39,0,0
06/15/2020,Hampton,"Other Race",4,2,0
06/15/2020,Hampton,"Two or more races",2,0,0
06/15/2020,Hampton,White,41,6,0
06/15/2020,Henrico,"Asian or Pacific Islander",103,5,3
06/15/2020,Henrico,Black,673,119,59
06/15/2020,Henrico,Latino,384,29,4
06/15/2020,Henrico,"Native American",7,0,0
06/15/2020,Henrico,"Not Reported",492,3,1
06/15/2020,Henrico,"Other Race",64,10,1
06/15/2020,Henrico,"Two or more races",5,0,0
06/15/2020,Henrico,White,561,72,68
06/15/2020,Lenowisco,Black,0,0,0
06/15/2020,Lenowisco,Latino,0,0,0
06/15/2020,Lenowisco,"Not Reported",8,1,1
06/15/2020,Lenowisco,"Other Race",1,0,0
06/15/2020,Lenowisco,"Two or more races",0,0,0
06/15/2020,Lenowisco,White,37,15,3
06/15/2020,"Lord Fairfax","Asian or Pacific Islander",5,0,0
06/15/2020,"Lord Fairfax",Black,56,5,1
06/15/2020,"Lord Fairfax",Latino,469,32,7
06/15/2020,"Lord Fairfax","Native American",1,0,0
06/15/2020,"Lord Fairfax","Not Reported",259,5,6
06/15/2020,"Lord Fairfax","Other Race",64,5,0
06/15/2020,"Lord Fairfax","Two or more races",8,0,0
06/15/2020,"Lord Fairfax",White,870,100,47
06/15/2020,Loudoun,"Asian or Pacific Islander",138,27,8
06/15/2020,Loudoun,Black,115,15,2
06/15/2020,Loudoun,Latino,808,81,6
06/15/2020,Loudoun,"Native American",1,0,0
06/15/2020,Loudoun,"Not Reported",1722,4,3
06/15/2020,Loudoun,"Other Race",106,4,1
06/15/2020,Loudoun,"Two or more races",10,0,0
06/15/2020,Loudoun,White,504,73,51
06/15/2020,"Mount Rogers","Asian or Pacific Islander",2,1,0
06/15/2020,"Mount Rogers",Black,15,4,1
06/15/2020,"Mount Rogers",Latino,140,0,0
06/15/2020,"Mount Rogers","Not Reported",36,0,1
06/15/2020,"Mount Rogers","Other Race",1,0,0
06/15/2020,"Mount Rogers","Two or more races",2,0,0
06/15/2020,"Mount Rogers",White,372,58,20
06/15/2020,"New River","Asian or Pacific Islander",1,0,0
06/15/2020,"New River",Black,7,1,0
06/15/2020,"New River",Latino,15,1,0
06/15/2020,"New River","Native American",0,0,0
06/15/2020,"New River","Not Reported",36,0,0
06/15/2020,"New River","Other Race",0,0,0
06/15/2020,"New River","Two or more races",0,0,0
06/15/2020,"New River",White,90,16,4
06/15/2020,Norfolk,"Asian or Pacific Islander",11,1,0
06/15/2020,Norfolk,Black,306,52,5
06/15/2020,Norfolk,Latino,122,13,0
06/15/2020,Norfolk,"Native American",0,0,0
06/15/2020,Norfolk,"Not Reported",116,0,0
06/15/2020,Norfolk,"Other Race",18,1,0
06/15/2020,Norfolk,"Two or more races",1,0,0
06/15/2020,Norfolk,White,94,15,2
06/15/2020,Peninsula,"Asian or Pacific Islander",7,2,1
06/15/2020,Peninsula,Black,192,34,10
06/15/2020,Peninsula,Latino,131,10,0
06/15/2020,Peninsula,"Native American",2,0,0
06/15/2020,Peninsula,"Not Reported",134,1,0
06/15/2020,Peninsula,"Other Race",12,0,0
06/15/2020,Peninsula,"Two or more races",7,2,0
06/15/2020,Peninsula,White,284,72,22
06/16/2020,Hampton,White,43,6,0
06/15/2020,Piedmont,"Asian or Pacific Islander",4,0,0
06/15/2020,Piedmont,Black,303,42,2
06/15/2020,Piedmont,Latino,32,0,1
06/15/2020,Piedmont,"Native American",1,0,0
06/15/2020,Piedmont,"Not Reported",310,8,2
06/15/2020,Piedmont,"Other Race",7,1,0
06/15/2020,Piedmont,"Two or more races",2,0,0
06/15/2020,Piedmont,White,238,20,2
06/15/2020,Pittsylvania-Danville,"Asian or Pacific Islander",0,0,0
06/15/2020,Pittsylvania-Danville,Black,47,11,0
06/15/2020,Pittsylvania-Danville,Latino,17,1,0
06/15/2020,Pittsylvania-Danville,"Not Reported",15,4,0
06/15/2020,Pittsylvania-Danville,"Other Race",0,0,0
06/15/2020,Pittsylvania-Danville,"Two or more races",0,0,0
06/15/2020,Pittsylvania-Danville,White,57,16,3
06/15/2020,"Pittsylvania-Danville and Southside","Native American",0,0,0
06/15/2020,Portsmouth,"Asian or Pacific Islander",3,2,0
06/15/2020,Portsmouth,Black,187,44,9
06/15/2020,Portsmouth,Latino,13,2,0
06/15/2020,Portsmouth,"Native American",1,0,0
06/15/2020,Portsmouth,"Not Reported",100,1,1
06/15/2020,Portsmouth,"Other Race",14,0,0
06/15/2020,Portsmouth,"Two or more races",2,1,0
06/15/2020,Portsmouth,White,66,8,2
06/15/2020,"Prince William","Asian or Pacific Islander",213,37,9
06/15/2020,"Prince William",Black,590,112,31
06/15/2020,"Prince William",Latino,3400,454,38
06/15/2020,"Prince William","Native American",10,1,0
06/15/2020,"Prince William","Not Reported",3186,15,0
06/15/2020,"Prince William","Other Race",200,12,0
06/15/2020,"Prince William","Two or more races",5,1,0
06/15/2020,"Prince William",White,702,112,63
06/15/2020,Rappahannock,"Asian or Pacific Islander",27,6,0
06/15/2020,Rappahannock,Black,227,35,4
06/15/2020,Rappahannock,Latino,723,68,3
06/15/2020,Rappahannock,"Native American",3,0,0
06/15/2020,Rappahannock,"Not Reported",675,23,1
06/15/2020,Rappahannock,"Other Race",32,3,0
06/15/2020,Rappahannock,"Two or more races",7,1,0
06/15/2020,Rappahannock,White,446,55,21
06/15/2020,"Rappahannock Rapidan","Asian or Pacific Islander",3,1,0
06/15/2020,"Rappahannock Rapidan",Black,67,14,4
06/15/2020,"Rappahannock Rapidan",Latino,614,45,5
06/15/2020,"Rappahannock Rapidan","Native American",0,0,0
06/15/2020,"Rappahannock Rapidan","Not Reported",436,15,2
06/15/2020,"Rappahannock Rapidan","Other Race",12,2,0
06/15/2020,"Rappahannock Rapidan","Two or more races",0,0,0
06/15/2020,"Rappahannock Rapidan",White,227,25,7
06/15/2020,Richmond,"Asian or Pacific Islander",6,2,0
06/15/2020,Richmond,Black,489,101,21
06/15/2020,Richmond,Latino,618,56,2
06/15/2020,Richmond,"Native American",0,0,0
06/15/2020,Richmond,"Not Reported",451,2,1
06/15/2020,Richmond,"Other Race",104,10,1
06/15/2020,Richmond,"Two or more races",4,1,0
06/15/2020,Richmond,White,160,16,4
06/15/2020,Roanoke,"Asian or Pacific Islander",1,0,0
06/15/2020,Roanoke,Black,25,6,2
06/15/2020,Roanoke,Latino,81,1,0
06/15/2020,Roanoke,"Not Reported",80,0,0
06/15/2020,Roanoke,"Other Race",0,0,0
06/15/2020,Roanoke,"Two or more races",0,0,0
06/15/2020,Roanoke,White,63,4,8
06/15/2020,Southside,"Asian or Pacific Islander",0,0,0
06/15/2020,Southside,Black,63,17,7
06/15/2020,Southside,Latino,2,1,0
06/15/2020,Southside,"Not Reported",145,13,7
06/15/2020,Southside,"Other Race",6,0,1
06/15/2020,Southside,"Two or more races",19,0,0
06/15/2020,Southside,White,77,14,11
06/18/2020,Loudoun,Black,117,17,2
06/15/2020,"Thomas Jefferson","Asian or Pacific Islander",8,0,0
06/15/2020,"Thomas Jefferson",Black,132,41,5
06/15/2020,"Thomas Jefferson",Latino,181,6,0
06/15/2020,"Thomas Jefferson","Native American",2,0,0
06/15/2020,"Thomas Jefferson","Not Reported",82,0,0
06/15/2020,"Thomas Jefferson","Other Race",24,2,1
06/15/2020,"Thomas Jefferson","Two or more races",3,0,0
06/15/2020,"Thomas Jefferson",White,276,32,13
06/15/2020,"Three Rivers",Black,175,15,2
06/15/2020,"Three Rivers",Latino,69,2,0
06/15/2020,"Three Rivers","Not Reported",123,5,1
06/15/2020,"Three Rivers","Other Race",5,1,0
06/15/2020,"Three Rivers","Two or more races",3,0,0
06/15/2020,"Three Rivers",White,204,22,6
06/15/2020,"Virginia Beach","Asian or Pacific Islander",49,12,1
06/15/2020,"Virginia Beach",Black,223,23,4
06/15/2020,"Virginia Beach",Latino,90,8,1
06/15/2020,"Virginia Beach","Native American",0,0,0
06/15/2020,"Virginia Beach","Not Reported",132,3,0
06/15/2020,"Virginia Beach","Other Race",13,2,1
06/15/2020,"Virginia Beach","Two or more races",7,2,0
06/15/2020,"Virginia Beach",White,385,58,20
06/15/2020,"West Piedmont","Asian or Pacific Islander",9,1,1
06/15/2020,"West Piedmont",Black,71,17,1
06/15/2020,"West Piedmont",Latino,92,5,0
06/15/2020,"West Piedmont","Native American",0,0,0
06/15/2020,"West Piedmont","Not Reported",38,1,0
06/15/2020,"West Piedmont","Other Race",1,0,0
06/15/2020,"West Piedmont","Two or more races",0,0,0
06/15/2020,"West Piedmont",White,120,9,3
06/15/2020,"Western Tidewater","Asian or Pacific Islander",5,1,0
06/15/2020,"Western Tidewater",Black,275,43,21
06/15/2020,"Western Tidewater",Latino,5,1,0
06/15/2020,"Western Tidewater","Native American",0,0,0
06/15/2020,"Western Tidewater","Not Reported",207,1,1
06/15/2020,"Western Tidewater","Other Race",15,0,0
06/15/2020,"Western Tidewater","Two or more races",2,0,0
06/15/2020,"Western Tidewater",White,191,32,24
06/16/2020,Alexandria,"Asian or Pacific Islander",74,6,1
06/16/2020,Alexandria,Black,317,60,12
06/16/2020,Alexandria,Latino,1204,102,6
06/16/2020,Alexandria,"Native American",3,0,0
06/16/2020,Alexandria,"Not Reported",126,6,1
06/16/2020,Alexandria,"Other Race",28,2,0
06/16/2020,Alexandria,"Two or more races",4,1,0
06/16/2020,Alexandria,White,412,47,27
06/16/2020,Alleghany,"Asian or Pacific Islander",3,0,0
06/16/2020,Alleghany,Black,9,1,1
06/16/2020,Alleghany,Latino,46,4,0
06/16/2020,Alleghany,"Not Reported",79,1,0
06/16/2020,Alleghany,"Other Race",1,0,0
06/16/2020,Alleghany,"Two or more races",0,0,0
06/16/2020,Alleghany,White,140,21,13
06/16/2020,"Alleghany and Roanoke","Native American",0,0,0
06/16/2020,Arlington,"Asian or Pacific Islander",117,21,11
06/16/2020,Arlington,Black,196,60,28
06/16/2020,Arlington,Latino,1147,197,19
06/16/2020,Arlington,"Native American",1,0,0
06/16/2020,Arlington,"Not Reported",154,10,4
06/16/2020,Arlington,"Other Race",46,8,4
06/16/2020,Arlington,"Two or more races",14,2,0
06/16/2020,Arlington,White,688,109,59
06/16/2020,"Central Shenandoah","Asian or Pacific Islander",17,2,0
06/16/2020,"Central Shenandoah",Black,77,4,2
06/16/2020,"Central Shenandoah",Latino,724,46,2
06/16/2020,"Central Shenandoah","Native American",1,1,0
06/16/2020,"Central Shenandoah","Not Reported",181,5,0
06/16/2020,"Central Shenandoah","Other Race",28,1,0
06/16/2020,"Central Shenandoah","Two or more races",8,1,0
06/16/2020,"Central Shenandoah",White,762,86,27
06/16/2020,"Central Virginia","Asian or Pacific Islander",0,0,0
06/16/2020,"Central Virginia",Black,22,2,1
06/16/2020,"Central Virginia",Latino,21,1,1
06/16/2020,"Central Virginia","Native American",0,0,0
06/16/2020,"Central Virginia","Not Reported",164,4,0
06/16/2020,"Central Virginia","Other Race",1,0,0
06/16/2020,"Central Virginia","Two or more races",0,0,0
06/16/2020,"Central Virginia",White,72,10,2
06/16/2020,Chesapeake,"Asian or Pacific Islander",18,1,1
06/16/2020,Chesapeake,Black,232,50,5
06/16/2020,Chesapeake,Latino,67,9,1
06/16/2020,Chesapeake,"Native American",8,0,0
06/16/2020,Chesapeake,"Not Reported",78,2,0
06/16/2020,Chesapeake,"Other Race",9,0,0
06/16/2020,Chesapeake,"Two or more races",6,0,0
06/16/2020,Chesapeake,White,260,40,9
06/16/2020,Chesterfield,"Asian or Pacific Islander",24,1,0
06/16/2020,Chesterfield,Black,315,48,11
06/16/2020,Chesterfield,Latino,464,22,1
06/16/2020,Chesterfield,"Native American",2,0,0
06/16/2020,Chesterfield,"Not Reported",1056,3,5
06/16/2020,Chesterfield,"Other Race",147,6,0
06/16/2020,Chesterfield,"Two or more races",3,0,0
06/16/2020,Chesterfield,White,418,48,39
06/16/2020,Chickahominy,"Asian or Pacific Islander",1,1,0
06/16/2020,Chickahominy,Black,96,31,9
06/16/2020,Chickahominy,Latino,36,3,0
06/16/2020,Chickahominy,"Native American",1,1,0
06/16/2020,Chickahominy,"Not Reported",180,4,1
06/16/2020,Chickahominy,"Other Race",9,3,0
06/16/2020,Chickahominy,"Two or more races",1,1,0
06/16/2020,Chickahominy,White,246,58,25
06/16/2020,Crater,"Asian or Pacific Islander",1,0,0
06/16/2020,Crater,Black,575,90,11
06/16/2020,Crater,Latino,85,2,2
06/16/2020,Crater,"Native American",2,0,0
06/16/2020,Crater,"Not Reported",358,4,2
06/16/2020,Crater,"Other Race",10,0,0
06/16/2020,Crater,"Two or more races",1,0,0
06/16/2020,Crater,White,221,21,6
06/16/2020,"Cumberland Plateau",Black,12,0,0
06/16/2020,"Cumberland Plateau",Latino,0,0,0
06/16/2020,"Cumberland Plateau","Not Reported",1,0,0
06/16/2020,"Cumberland Plateau","Other Race",0,0,0
06/16/2020,"Cumberland Plateau","Two or more races",0,0,0
06/16/2020,"Cumberland Plateau",White,23,2,0
06/16/2020,"Cumberland Plateau and Lenowisco","Asian or Pacific Islander",0,0,0
06/16/2020,"Cumberland Plateau, Lenowisco, and Mount Rogers","Native American",0,0,0
06/16/2020,"Eastern Shore",Black,756,79,25
06/16/2020,"Eastern Shore",Latino,222,7,3
06/16/2020,"Eastern Shore","Not Reported",104,0,0
06/16/2020,"Eastern Shore","Other Race",12,1,0
06/16/2020,"Eastern Shore","Two or more races",0,0,0
06/16/2020,"Eastern Shore",White,174,15,13
06/16/2020,"Eastern Shore and Three Rivers","Asian or Pacific Islander",7,1,0
06/16/2020,"Eastern Shore and Three Rivers","Native American",1,0,0
06/16/2020,Fairfax,"Asian or Pacific Islander",1008,187,51
06/16/2020,Fairfax,Black,750,159,34
06/16/2020,Fairfax,Latino,6600,686,56
06/16/2020,Fairfax,"Native American",18,1,1
06/16/2020,Fairfax,"Not Reported",2534,78,68
06/16/2020,Fairfax,"Other Race",475,56,15
06/16/2020,Fairfax,"Two or more races",13,2,1
06/16/2020,Fairfax,White,1830,358,215
06/16/2020,Hampton,"Asian or Pacific Islander",3,0,0
06/16/2020,Hampton,Black,125,27,5
06/16/2020,Hampton,Latino,30,2,0
06/16/2020,Hampton,"Native American",0,0,0
06/16/2020,Hampton,"Not Reported",39,0,0
06/16/2020,Hampton,"Other Race",4,2,0
06/16/2020,Hampton,"Two or more races",2,0,0
06/16/2020,Henrico,"Asian or Pacific Islander",103,5,3
06/16/2020,Henrico,Black,681,119,59
06/16/2020,Henrico,Latino,398,30,4
06/16/2020,Henrico,"Native American",7,0,0
06/16/2020,Henrico,"Not Reported",492,3,1
06/16/2020,Henrico,"Other Race",63,11,1
06/16/2020,Henrico,"Two or more races",5,0,0
06/16/2020,Henrico,White,562,72,69
06/16/2020,Lenowisco,Black,0,0,0
06/16/2020,Lenowisco,Latino,0,0,0
06/16/2020,Lenowisco,"Not Reported",8,1,1
06/16/2020,Lenowisco,"Other Race",1,0,0
06/16/2020,Lenowisco,"Two or more races",0,0,0
06/16/2020,Lenowisco,White,37,15,3
06/16/2020,"Lord Fairfax","Asian or Pacific Islander",5,0,0
06/16/2020,"Lord Fairfax",Black,56,5,1
06/16/2020,"Lord Fairfax",Latino,473,32,8
06/16/2020,"Lord Fairfax","Native American",1,0,0
06/16/2020,"Lord Fairfax","Not Reported",261,5,6
06/16/2020,"Lord Fairfax","Other Race",63,5,0
06/16/2020,"Lord Fairfax","Two or more races",9,0,0
06/16/2020,"Lord Fairfax",White,881,101,47
06/16/2020,Loudoun,"Asian or Pacific Islander",141,28,8
06/16/2020,Loudoun,Black,116,15,2
06/16/2020,Loudoun,Latino,819,82,6
06/16/2020,Loudoun,"Native American",1,0,0
06/16/2020,Loudoun,"Not Reported",1735,4,3
06/16/2020,Loudoun,"Other Race",107,4,1
06/16/2020,Loudoun,"Two or more races",10,0,0
06/16/2020,Loudoun,White,510,73,56
06/16/2020,"Mount Rogers","Asian or Pacific Islander",2,1,0
06/16/2020,"Mount Rogers",Black,15,4,1
06/16/2020,"Mount Rogers",Latino,140,0,0
06/16/2020,"Mount Rogers","Not Reported",36,0,1
06/16/2020,"Mount Rogers","Other Race",1,0,0
06/16/2020,"Mount Rogers","Two or more races",3,0,0
06/16/2020,"Mount Rogers",White,376,58,20
06/16/2020,"New River","Asian or Pacific Islander",1,0,0
06/16/2020,"New River",Black,7,1,0
06/16/2020,"New River",Latino,15,1,0
06/16/2020,"New River","Native American",0,0,0
06/16/2020,"New River","Not Reported",38,0,0
06/16/2020,"New River","Other Race",0,0,0
06/16/2020,"New River","Two or more races",0,0,0
06/16/2020,"New River",White,91,16,4
06/16/2020,Norfolk,"Asian or Pacific Islander",12,1,0
06/16/2020,Norfolk,Black,309,54,5
06/16/2020,Norfolk,Latino,122,13,0
06/16/2020,Norfolk,"Native American",0,0,0
06/16/2020,Norfolk,"Not Reported",118,0,0
06/16/2020,Norfolk,"Other Race",21,1,0
06/16/2020,Norfolk,"Two or more races",1,0,0
06/16/2020,Norfolk,White,98,15,2
06/16/2020,Peninsula,"Asian or Pacific Islander",7,2,1
06/16/2020,Peninsula,Black,195,34,10
06/16/2020,Peninsula,Latino,138,10,0
06/16/2020,Peninsula,"Native American",2,0,0
06/16/2020,Peninsula,"Not Reported",136,1,0
06/16/2020,Peninsula,"Other Race",11,1,0
06/16/2020,Peninsula,"Two or more races",7,2,0
06/16/2020,Peninsula,White,289,73,22
06/16/2020,Piedmont,"Asian or Pacific Islander",4,0,0
06/16/2020,Piedmont,Black,311,43,2
06/16/2020,Piedmont,Latino,34,0,1
06/16/2020,Piedmont,"Native American",1,0,0
06/16/2020,Piedmont,"Not Reported",302,8,2
06/16/2020,Piedmont,"Other Race",7,1,0
06/16/2020,Piedmont,"Two or more races",2,0,0
06/16/2020,Piedmont,White,251,21,2
06/16/2020,Pittsylvania-Danville,"Asian or Pacific Islander",0,0,0
06/16/2020,Pittsylvania-Danville,Black,47,11,0
06/16/2020,Pittsylvania-Danville,Latino,17,1,0
06/16/2020,Pittsylvania-Danville,"Not Reported",15,4,0
06/16/2020,Pittsylvania-Danville,"Other Race",0,0,0
06/16/2020,Pittsylvania-Danville,"Two or more races",0,0,0
06/16/2020,Pittsylvania-Danville,White,57,16,3
06/16/2020,"Pittsylvania-Danville and Southside","Native American",0,0,0
06/16/2020,Portsmouth,"Asian or Pacific Islander",3,2,0
06/16/2020,Portsmouth,Black,187,45,9
06/16/2020,Portsmouth,Latino,13,2,0
06/16/2020,Portsmouth,"Native American",1,0,0
06/16/2020,Portsmouth,"Not Reported",101,1,1
06/16/2020,Portsmouth,"Other Race",14,0,0
06/16/2020,Portsmouth,"Two or more races",2,1,0
06/16/2020,Portsmouth,White,66,8,2
06/16/2020,"Prince William","Asian or Pacific Islander",219,38,10
06/16/2020,"Prince William",Black,592,112,33
06/16/2020,"Prince William",Latino,3436,458,38
06/16/2020,"Prince William","Native American",10,1,0
06/16/2020,"Prince William","Not Reported",3158,16,0
06/16/2020,"Prince William","Other Race",200,12,0
06/16/2020,"Prince William","Two or more races",5,1,0
06/16/2020,"Prince William",White,706,115,66
06/16/2020,Rappahannock,"Asian or Pacific Islander",28,6,0
06/16/2020,Rappahannock,Black,230,35,4
06/16/2020,Rappahannock,Latino,729,68,3
06/16/2020,Rappahannock,"Native American",3,0,0
06/16/2020,Rappahannock,"Not Reported",682,23,0
06/16/2020,Rappahannock,"Other Race",33,3,0
06/16/2020,Rappahannock,"Two or more races",8,1,0
06/16/2020,Rappahannock,White,453,56,23
06/16/2020,"Rappahannock Rapidan","Asian or Pacific Islander",3,1,0
06/16/2020,"Rappahannock Rapidan",Black,69,14,4
06/16/2020,"Rappahannock Rapidan",Latino,617,46,5
06/16/2020,"Rappahannock Rapidan","Native American",0,0,0
06/16/2020,"Rappahannock Rapidan","Not Reported",437,14,2
06/16/2020,"Rappahannock Rapidan","Other Race",13,2,0
06/16/2020,"Rappahannock Rapidan","Two or more races",1,0,0
06/16/2020,"Rappahannock Rapidan",White,232,26,7
06/16/2020,Richmond,"Asian or Pacific Islander",6,2,0
06/16/2020,Richmond,Black,492,103,21
06/16/2020,Richmond,Latino,631,57,1
06/16/2020,Richmond,"Native American",0,0,0
06/16/2020,Richmond,"Not Reported",455,2,1
06/16/2020,Richmond,"Other Race",102,10,2
06/16/2020,Richmond,"Two or more races",3,1,0
06/16/2020,Richmond,White,159,16,4
06/16/2020,Roanoke,"Asian or Pacific Islander",1,0,0
06/16/2020,Roanoke,Black,26,6,2
06/16/2020,Roanoke,Latino,93,1,0
06/16/2020,Roanoke,"Not Reported",84,0,0
06/16/2020,Roanoke,"Other Race",0,0,0
06/16/2020,Roanoke,"Two or more races",0,0,0
06/16/2020,Roanoke,White,66,4,8
06/16/2020,Southside,"Asian or Pacific Islander",0,0,0
06/16/2020,Southside,Black,68,17,7
06/16/2020,Southside,Latino,2,1,0
06/16/2020,Southside,"Not Reported",148,13,7
06/16/2020,Southside,"Other Race",6,0,1
06/16/2020,Southside,"Two or more races",19,0,0
06/16/2020,Southside,White,80,14,11
06/16/2020,"Thomas Jefferson","Asian or Pacific Islander",8,0,0
06/16/2020,"Thomas Jefferson",Black,132,41,5
06/16/2020,"Thomas Jefferson",Latino,184,6,0
06/16/2020,"Thomas Jefferson","Native American",2,0,0
06/16/2020,"Thomas Jefferson","Not Reported",86,0,0
06/16/2020,"Thomas Jefferson","Other Race",24,2,1
06/16/2020,"Thomas Jefferson","Two or more races",3,0,0
06/16/2020,"Thomas Jefferson",White,278,32,13
06/16/2020,"Three Rivers",Black,176,15,3
06/16/2020,"Three Rivers",Latino,69,2,0
06/16/2020,"Three Rivers","Not Reported",123,5,1
06/16/2020,"Three Rivers","Other Race",5,1,0
06/16/2020,"Three Rivers","Two or more races",3,0,0
06/16/2020,"Three Rivers",White,205,22,6
06/16/2020,"Virginia Beach","Asian or Pacific Islander",50,12,1
06/16/2020,"Virginia Beach",Black,225,23,4
06/16/2020,"Virginia Beach",Latino,91,8,1
06/16/2020,"Virginia Beach","Native American",0,0,0
06/16/2020,"Virginia Beach","Not Reported",131,3,0
06/16/2020,"Virginia Beach","Other Race",13,2,1
06/16/2020,"Virginia Beach","Two or more races",7,2,0
06/16/2020,"Virginia Beach",White,392,60,20
06/16/2020,"West Piedmont","Asian or Pacific Islander",9,1,1
06/16/2020,"West Piedmont",Black,72,17,1
06/16/2020,"West Piedmont",Latino,100,5,0
06/16/2020,"West Piedmont","Native American",0,0,0
06/16/2020,"West Piedmont","Not Reported",39,1,0
06/16/2020,"West Piedmont","Other Race",1,0,0
06/16/2020,"West Piedmont","Two or more races",0,0,0
06/16/2020,"West Piedmont",White,120,9,3
06/16/2020,"Western Tidewater","Asian or Pacific Islander",5,1,0
06/16/2020,"Western Tidewater",Black,275,43,21
06/16/2020,"Western Tidewater",Latino,5,1,0
06/16/2020,"Western Tidewater","Native American",0,0,0
06/16/2020,"Western Tidewater","Not Reported",211,1,1
06/16/2020,"Western Tidewater","Other Race",15,0,0
06/16/2020,"Western Tidewater","Two or more races",2,0,0
06/16/2020,"Western Tidewater",White,191,32,24
06/17/2020,Alexandria,"Asian or Pacific Islander",75,6,1
06/17/2020,Alexandria,Black,317,60,12
06/17/2020,Alexandria,Latino,1210,102,6
06/17/2020,Alexandria,"Native American",3,0,0
06/17/2020,Alexandria,"Not Reported",122,6,1
06/17/2020,Alexandria,"Other Race",30,3,1
06/17/2020,Alexandria,"Two or more races",4,1,0
06/17/2020,Alexandria,White,414,47,27
06/17/2020,Alleghany,"Asian or Pacific Islander",3,0,0
06/17/2020,Alleghany,Black,9,1,1
06/17/2020,Alleghany,Latino,49,5,0
06/17/2020,Alleghany,"Not Reported",81,1,0
06/17/2020,Alleghany,"Other Race",1,0,0
06/17/2020,Alleghany,"Two or more races",0,0,0
06/17/2020,Alleghany,White,144,21,13
06/17/2020,"Alleghany and Roanoke","Native American",0,0,0
06/17/2020,Arlington,"Asian or Pacific Islander",117,21,11
06/17/2020,Arlington,Black,197,61,27
06/17/2020,Arlington,Latino,1156,198,20
06/17/2020,Arlington,"Native American",1,0,0
06/17/2020,Arlington,"Not Reported",149,9,3
06/17/2020,Arlington,"Other Race",45,7,3
06/17/2020,Arlington,"Two or more races",14,2,0
06/17/2020,Arlington,White,693,109,60
06/17/2020,"Central Shenandoah","Asian or Pacific Islander",17,2,0
06/17/2020,"Central Shenandoah",Black,77,4,2
06/17/2020,"Central Shenandoah",Latino,727,46,3
06/17/2020,"Central Shenandoah","Native American",1,1,0
06/17/2020,"Central Shenandoah","Not Reported",194,5,0
06/17/2020,"Central Shenandoah","Other Race",28,1,0
06/17/2020,"Central Shenandoah","Two or more races",8,1,0
06/17/2020,"Central Shenandoah",White,765,87,27
06/17/2020,"Central Virginia","Asian or Pacific Islander",0,0,0
06/17/2020,"Central Virginia",Black,22,2,1
06/17/2020,"Central Virginia",Latino,22,1,1
06/17/2020,"Central Virginia","Native American",0,0,0
06/17/2020,"Central Virginia","Not Reported",165,4,0
06/17/2020,"Central Virginia","Other Race",1,0,0
06/17/2020,"Central Virginia","Two or more races",0,0,0
06/17/2020,"Central Virginia",White,72,10,2
06/17/2020,Chesapeake,"Asian or Pacific Islander",20,3,2
06/17/2020,Chesapeake,Black,237,50,5
06/17/2020,Chesapeake,Latino,72,9,1
06/17/2020,Chesapeake,"Native American",8,0,0
06/17/2020,Chesapeake,"Not Reported",66,2,0
06/17/2020,Chesapeake,"Other Race",6,0,0
06/17/2020,Chesapeake,"Two or more races",6,0,0
06/17/2020,Chesapeake,White,269,39,8
06/17/2020,Chesterfield,"Asian or Pacific Islander",24,1,0
06/17/2020,Chesterfield,Black,323,48,11
06/17/2020,Chesterfield,Latino,485,22,1
06/17/2020,Chesterfield,"Native American",2,0,0
06/17/2020,Chesterfield,"Not Reported",1071,3,6
06/17/2020,Chesterfield,"Other Race",149,6,0
06/17/2020,Chesterfield,"Two or more races",3,0,0
06/17/2020,Chesterfield,White,430,48,39
06/17/2020,Chickahominy,"Asian or Pacific Islander",1,1,0
06/17/2020,Chickahominy,Black,97,31,9
06/17/2020,Chickahominy,Latino,36,3,0
06/17/2020,Chickahominy,"Native American",1,1,0
06/17/2020,Chickahominy,"Not Reported",179,4,1
06/17/2020,Chickahominy,"Other Race",9,3,0
06/17/2020,Chickahominy,"Two or more races",1,1,0
06/17/2020,Chickahominy,White,251,58,25
06/17/2020,Crater,"Asian or Pacific Islander",2,0,0
06/17/2020,Crater,Black,590,95,11
06/17/2020,Crater,Latino,93,2,2
06/17/2020,Crater,"Native American",2,0,0
06/17/2020,Crater,"Not Reported",345,4,2
06/17/2020,Crater,"Other Race",10,0,0
06/17/2020,Crater,"Two or more races",1,0,0
06/17/2020,Crater,White,228,21,6
06/17/2020,"Cumberland Plateau",Black,12,0,0
06/17/2020,"Cumberland Plateau",Latino,0,0,0
06/17/2020,"Cumberland Plateau","Not Reported",1,0,0
06/17/2020,"Cumberland Plateau","Other Race",0,0,0
06/17/2020,"Cumberland Plateau","Two or more races",0,0,0
06/17/2020,"Cumberland Plateau",White,24,2,0
06/17/2020,"Cumberland Plateau and Lenowisco","Asian or Pacific Islander",0,0,0
06/17/2020,"Cumberland Plateau, Lenowisco, and Mount Rogers","Native American",0,0,0
06/17/2020,"Eastern Shore",Black,757,81,25
06/17/2020,"Eastern Shore",Latino,222,7,3
06/17/2020,"Eastern Shore","Not Reported",115,0,0
06/17/2020,"Eastern Shore","Other Race",12,1,0
06/17/2020,"Eastern Shore","Two or more races",0,0,0
06/17/2020,"Eastern Shore",White,174,16,13
06/17/2020,"Eastern Shore and Three Rivers","Asian or Pacific Islander",7,1,0
06/17/2020,"Eastern Shore and Three Rivers","Native American",1,0,0
06/17/2020,Fairfax,"Asian or Pacific Islander",1013,190,53
06/17/2020,Fairfax,Black,757,161,37
06/17/2020,Fairfax,Latino,6667,692,55
06/17/2020,Fairfax,"Native American",18,1,1
06/17/2020,Fairfax,"Not Reported",2506,78,68
06/17/2020,Fairfax,"Other Race",469,55,13
06/17/2020,Fairfax,"Two or more races",13,1,0
06/17/2020,Fairfax,White,1836,357,216
06/17/2020,Hampton,"Asian or Pacific Islander",3,0,0
06/17/2020,Hampton,Black,125,27,5
06/17/2020,Hampton,Latino,30,2,0
06/17/2020,Hampton,"Native American",0,0,0
06/17/2020,Hampton,"Not Reported",40,0,0
06/17/2020,Hampton,"Other Race",4,2,0
06/17/2020,Hampton,"Two or more races",2,0,0
06/17/2020,Hampton,White,44,6,0
06/17/2020,Henrico,"Asian or Pacific Islander",104,5,3
06/17/2020,Henrico,Black,681,119,59
06/17/2020,Henrico,Latino,408,31,4
06/17/2020,Henrico,"Native American",7,0,0
06/17/2020,Henrico,"Not Reported",499,3,1
06/17/2020,Henrico,"Other Race",62,11,1
06/17/2020,Henrico,"Two or more races",5,0,0
06/17/2020,Henrico,White,566,72,72
06/17/2020,Lenowisco,Black,0,0,0
06/17/2020,Lenowisco,Latino,0,0,0
06/17/2020,Lenowisco,"Not Reported",7,1,1
06/17/2020,Lenowisco,"Other Race",1,0,0
06/17/2020,Lenowisco,"Two or more races",0,0,0
06/17/2020,Lenowisco,White,38,15,3
06/17/2020,"Lord Fairfax","Asian or Pacific Islander",5,0,0
06/17/2020,"Lord Fairfax",Black,56,5,1
06/17/2020,"Lord Fairfax",Latino,474,32,7
06/17/2020,"Lord Fairfax","Native American",1,0,0
06/17/2020,"Lord Fairfax","Not Reported",263,5,6
06/17/2020,"Lord Fairfax","Other Race",63,5,0
06/17/2020,"Lord Fairfax","Two or more races",9,0,0
06/17/2020,"Lord Fairfax",White,893,102,48
06/17/2020,Loudoun,"Asian or Pacific Islander",142,29,8
06/17/2020,Loudoun,Black,116,16,2
06/17/2020,Loudoun,Latino,840,89,7
06/17/2020,Loudoun,"Native American",1,0,0
06/17/2020,Loudoun,"Not Reported",1726,3,3
06/17/2020,Loudoun,"Other Race",110,4,2
06/17/2020,Loudoun,"Two or more races",11,0,0
06/17/2020,Loudoun,White,512,76,58
06/17/2020,"Mount Rogers","Asian or Pacific Islander",2,1,0
06/17/2020,"Mount Rogers",Black,19,4,1
06/17/2020,"Mount Rogers",Latino,142,0,0
06/17/2020,"Mount Rogers","Not Reported",36,0,1
06/17/2020,"Mount Rogers","Other Race",1,0,0
06/17/2020,"Mount Rogers","Two or more races",3,0,0
06/17/2020,"Mount Rogers",White,380,57,21
06/17/2020,"New River","Asian or Pacific Islander",1,0,0
06/17/2020,"New River",Black,7,1,0
06/17/2020,"New River",Latino,15,1,0
06/17/2020,"New River","Native American",0,0,0
06/17/2020,"New River","Not Reported",38,0,0
06/17/2020,"New River","Other Race",0,0,0
06/17/2020,"New River","Two or more races",0,0,0
06/17/2020,"New River",White,91,16,4
06/17/2020,Norfolk,"Asian or Pacific Islander",12,1,0
06/17/2020,Norfolk,Black,318,54,5
06/17/2020,Norfolk,Latino,129,13,0
06/17/2020,Norfolk,"Native American",0,0,0
06/17/2020,Norfolk,"Not Reported",121,0,0
06/17/2020,Norfolk,"Other Race",17,1,0
06/17/2020,Norfolk,"Two or more races",1,0,0
06/17/2020,Norfolk,White,100,16,2
06/17/2020,Peninsula,"Asian or Pacific Islander",7,2,1
06/17/2020,Peninsula,Black,198,34,10
06/17/2020,Peninsula,Latino,139,10,0
06/17/2020,Peninsula,"Native American",2,0,0
06/17/2020,Peninsula,"Not Reported",140,1,0
06/17/2020,Peninsula,"Other Race",12,1,0
06/17/2020,Peninsula,"Two or more races",7,2,0
06/17/2020,Peninsula,White,290,73,22
06/17/2020,Piedmont,"Asian or Pacific Islander",4,0,0
06/17/2020,Piedmont,Black,317,44,2
06/17/2020,Piedmont,Latino,34,0,1
06/17/2020,Piedmont,"Native American",1,0,0
06/17/2020,Piedmont,"Not Reported",298,9,2
06/17/2020,Piedmont,"Other Race",7,1,0
06/17/2020,Piedmont,"Two or more races",2,0,0
06/17/2020,Piedmont,White,257,22,2
06/17/2020,Pittsylvania-Danville,"Asian or Pacific Islander",0,0,0
06/17/2020,Pittsylvania-Danville,Black,47,11,0
06/17/2020,Pittsylvania-Danville,Latino,18,1,0
06/17/2020,Pittsylvania-Danville,"Not Reported",16,4,0
06/17/2020,Pittsylvania-Danville,"Other Race",0,0,0
06/17/2020,Pittsylvania-Danville,"Two or more races",0,0,0
06/17/2020,Pittsylvania-Danville,White,58,16,3
06/17/2020,"Pittsylvania-Danville and Southside","Native American",0,0,0
06/17/2020,Portsmouth,"Asian or Pacific Islander",3,2,0
06/17/2020,Portsmouth,Black,193,46,10
06/17/2020,Portsmouth,Latino,13,2,0
06/17/2020,Portsmouth,"Native American",1,0,0
06/17/2020,Portsmouth,"Not Reported",102,1,1
06/17/2020,Portsmouth,"Other Race",14,0,0
06/17/2020,Portsmouth,"Two or more races",2,1,0
06/17/2020,Portsmouth,White,67,8,2
06/17/2020,"Prince William","Asian or Pacific Islander",221,38,10
06/17/2020,"Prince William",Black,596,112,33
06/17/2020,"Prince William",Latino,3480,461,38
06/17/2020,"Prince William","Native American",10,1,0
06/17/2020,"Prince William","Not Reported",3144,16,0
06/17/2020,"Prince William","Other Race",197,11,0
06/17/2020,"Prince William","Two or more races",5,1,0
06/17/2020,"Prince William",White,711,115,66
06/17/2020,Rappahannock,"Asian or Pacific Islander",30,6,0
06/17/2020,Rappahannock,Black,232,36,4
06/17/2020,Rappahannock,Latino,740,68,3
06/17/2020,Rappahannock,"Native American",3,0,0
06/17/2020,Rappahannock,"Not Reported",685,24,0
06/17/2020,Rappahannock,"Other Race",32,3,0
06/17/2020,Rappahannock,"Two or more races",9,1,0
06/17/2020,Rappahannock,White,457,57,23
06/17/2020,"Rappahannock Rapidan","Asian or Pacific Islander",3,1,0
06/17/2020,"Rappahannock Rapidan",Black,71,14,4
06/17/2020,"Rappahannock Rapidan",Latino,620,46,5
06/17/2020,"Rappahannock Rapidan","Native American",0,0,0
06/17/2020,"Rappahannock Rapidan","Not Reported",435,14,2
06/17/2020,"Rappahannock Rapidan","Other Race",13,2,0
06/17/2020,"Rappahannock Rapidan","Two or more races",1,0,0
06/17/2020,"Rappahannock Rapidan",White,239,26,7
06/17/2020,Richmond,"Asian or Pacific Islander",6,2,0
06/17/2020,Richmond,Black,493,106,21
06/17/2020,Richmond,Latino,646,57,1
06/17/2020,Richmond,"Native American",0,0,0
06/17/2020,Richmond,"Not Reported",462,2,0
06/17/2020,Richmond,"Other Race",101,10,2
06/17/2020,Richmond,"Two or more races",3,1,0
06/17/2020,Richmond,White,161,17,4
06/17/2020,Roanoke,"Asian or Pacific Islander",1,0,0
06/17/2020,Roanoke,Black,28,7,2
06/17/2020,Roanoke,Latino,97,1,0
06/17/2020,Roanoke,"Not Reported",84,0,0
06/17/2020,Roanoke,"Other Race",0,0,0
06/17/2020,Roanoke,"Two or more races",0,0,0
06/17/2020,Roanoke,White,67,4,8
06/17/2020,Southside,"Asian or Pacific Islander",0,0,0
06/17/2020,Southside,Black,72,18,7
06/17/2020,Southside,Latino,2,1,0
06/17/2020,Southside,"Not Reported",148,13,7
06/17/2020,Southside,"Other Race",6,0,1
06/17/2020,Southside,"Two or more races",19,0,0
06/17/2020,Southside,White,82,14,11
06/17/2020,"Thomas Jefferson","Asian or Pacific Islander",8,0,0
06/17/2020,"Thomas Jefferson",Black,132,41,5
06/17/2020,"Thomas Jefferson",Latino,189,6,0
06/17/2020,"Thomas Jefferson","Native American",2,0,0
06/17/2020,"Thomas Jefferson","Not Reported",84,0,0
06/17/2020,"Thomas Jefferson","Other Race",24,2,1
06/17/2020,"Thomas Jefferson","Two or more races",3,0,0
06/17/2020,"Thomas Jefferson",White,280,32,13
06/17/2020,"Three Rivers",Black,178,16,4
06/17/2020,"Three Rivers",Latino,70,3,0
06/17/2020,"Three Rivers","Not Reported",119,3,0
06/17/2020,"Three Rivers","Other Race",5,1,0
06/17/2020,"Three Rivers","Two or more races",3,0,0
06/17/2020,"Three Rivers",White,206,22,6
06/17/2020,"Virginia Beach","Asian or Pacific Islander",51,12,1
06/17/2020,"Virginia Beach",Black,229,23,4
06/17/2020,"Virginia Beach",Latino,95,8,1
06/17/2020,"Virginia Beach","Native American",0,0,0
06/17/2020,"Virginia Beach","Not Reported",122,4,1
06/17/2020,"Virginia Beach","Other Race",14,2,1
06/17/2020,"Virginia Beach","Two or more races",9,2,0
06/17/2020,"Virginia Beach",White,403,61,20
06/17/2020,"West Piedmont","Asian or Pacific Islander",9,1,1
06/17/2020,"West Piedmont",Black,74,17,1
06/17/2020,"West Piedmont",Latino,107,5,0
06/17/2020,"West Piedmont","Native American",0,0,0
06/17/2020,"West Piedmont","Not Reported",33,0,0
06/17/2020,"West Piedmont","Other Race",1,0,0
06/17/2020,"West Piedmont","Two or more races",0,0,0
06/17/2020,"West Piedmont",White,125,9,3
06/17/2020,"Western Tidewater","Asian or Pacific Islander",5,1,0
06/17/2020,"Western Tidewater",Black,275,43,21
06/17/2020,"Western Tidewater",Latino,5,1,0
06/17/2020,"Western Tidewater","Native American",0,0,0
06/17/2020,"Western Tidewater","Not Reported",211,1,1
06/17/2020,"Western Tidewater","Other Race",15,0,0
06/17/2020,"Western Tidewater","Two or more races",2,0,0
06/17/2020,"Western Tidewater",White,191,32,24
06/18/2020,Alexandria,"Asian or Pacific Islander",75,7,1
06/18/2020,Alexandria,Black,318,61,12
06/18/2020,Alexandria,Latino,1212,103,6
06/18/2020,Alexandria,"Native American",3,0,0
06/18/2020,Alexandria,"Not Reported",124,6,1
06/18/2020,Alexandria,"Other Race",33,3,1
06/18/2020,Alexandria,"Two or more races",4,1,0
06/18/2020,Alexandria,White,417,48,27
06/18/2020,Alleghany,"Asian or Pacific Islander",3,0,0
06/18/2020,Alleghany,Black,9,1,1
06/18/2020,Alleghany,Latino,49,5,0
06/18/2020,Alleghany,"Not Reported",82,1,0
06/18/2020,Alleghany,"Other Race",1,0,0
06/18/2020,Alleghany,"Two or more races",0,0,0
06/18/2020,Alleghany,White,144,21,13
06/18/2020,"Alleghany and Roanoke","Native American",0,0,0
06/18/2020,Arlington,"Asian or Pacific Islander",118,22,12
06/18/2020,Arlington,Black,198,62,28
06/18/2020,Arlington,Latino,1161,198,20
06/18/2020,Arlington,"Native American",1,0,0
06/18/2020,Arlington,"Not Reported",145,9,3
06/18/2020,Arlington,"Other Race",45,7,3
06/18/2020,Arlington,"Two or more races",15,2,0
06/18/2020,Arlington,White,699,109,60
06/18/2020,"Central Shenandoah","Asian or Pacific Islander",17,2,0
06/18/2020,"Central Shenandoah",Black,79,4,2
06/18/2020,"Central Shenandoah",Latino,731,46,3
06/18/2020,"Central Shenandoah","Native American",1,1,0
06/18/2020,"Central Shenandoah","Not Reported",182,5,0
06/18/2020,"Central Shenandoah","Other Race",29,1,0
06/18/2020,"Central Shenandoah","Two or more races",8,1,0
06/18/2020,"Central Shenandoah",White,792,88,27
06/18/2020,"Central Virginia","Asian or Pacific Islander",0,0,0
06/18/2020,"Central Virginia",Black,22,2,1
06/18/2020,"Central Virginia",Latino,22,1,1
06/18/2020,"Central Virginia","Native American",0,0,0
06/18/2020,"Central Virginia","Not Reported",166,4,0
06/18/2020,"Central Virginia","Other Race",1,0,0
06/18/2020,"Central Virginia","Two or more races",0,0,0
06/18/2020,"Central Virginia",White,72,10,2
06/18/2020,Chesapeake,"Asian or Pacific Islander",20,3,2
06/18/2020,Chesapeake,Black,241,51,5
06/18/2020,Chesapeake,Latino,73,10,1
06/18/2020,Chesapeake,"Native American",8,0,0
06/18/2020,Chesapeake,"Not Reported",70,2,0
06/18/2020,Chesapeake,"Other Race",7,0,0
06/18/2020,Chesapeake,"Two or more races",6,0,0
06/18/2020,Chesapeake,White,272,39,8
06/18/2020,Chesterfield,"Asian or Pacific Islander",24,1,0
06/18/2020,Chesterfield,Black,335,48,11
06/18/2020,Chesterfield,Latino,508,22,1
06/18/2020,Chesterfield,"Native American",2,0,0
06/18/2020,Chesterfield,"Not Reported",1082,3,6
06/18/2020,Chesterfield,"Other Race",153,6,0
06/18/2020,Chesterfield,"Two or more races",3,0,0
06/18/2020,Chesterfield,White,442,48,39
06/18/2020,Chickahominy,"Asian or Pacific Islander",2,1,0
06/18/2020,Chickahominy,Black,98,31,9
06/18/2020,Chickahominy,Latino,37,3,0
06/18/2020,Chickahominy,"Native American",1,1,0
06/18/2020,Chickahominy,"Not Reported",177,4,1
06/18/2020,Chickahominy,"Other Race",9,3,0
06/18/2020,Chickahominy,"Two or more races",1,1,0
06/18/2020,Chickahominy,White,253,60,25
06/18/2020,Crater,"Asian or Pacific Islander",2,0,0
06/18/2020,Crater,Black,596,97,11
06/18/2020,Crater,Latino,96,2,2
06/18/2020,Crater,"Native American",2,0,0
06/18/2020,Crater,"Not Reported",340,4,2
06/18/2020,Crater,"Other Race",11,0,0
06/18/2020,Crater,"Two or more races",1,0,0
06/18/2020,Crater,White,231,23,6
06/18/2020,"Cumberland Plateau",Black,12,0,0
06/18/2020,"Cumberland Plateau",Latino,0,0,0
06/18/2020,"Cumberland Plateau","Not Reported",1,0,0
06/18/2020,"Cumberland Plateau","Other Race",0,0,0
06/18/2020,"Cumberland Plateau","Two or more races",0,0,0
06/18/2020,"Cumberland Plateau",White,24,2,0
06/18/2020,"Cumberland Plateau and Lenowisco","Asian or Pacific Islander",0,0,0
06/18/2020,"Cumberland Plateau, Lenowisco, and Mount Rogers","Native American",0,0,0
06/18/2020,"Eastern Shore",Black,757,81,25
06/18/2020,"Eastern Shore",Latino,223,7,3
06/18/2020,"Eastern Shore","Not Reported",115,0,0
06/18/2020,"Eastern Shore","Other Race",12,1,0
06/18/2020,"Eastern Shore","Two or more races",0,0,0
06/18/2020,"Eastern Shore",White,175,16,13
06/18/2020,"Eastern Shore and Three Rivers","Asian or Pacific Islander",7,1,0
06/18/2020,"Eastern Shore and Three Rivers","Native American",1,0,0
06/18/2020,Fairfax,"Asian or Pacific Islander",1019,190,52
06/18/2020,Fairfax,Black,760,162,36
06/18/2020,Fairfax,Latino,6733,698,55
06/18/2020,Fairfax,"Native American",18,1,1
06/18/2020,Fairfax,"Not Reported",2457,78,67
06/18/2020,Fairfax,"Other Race",473,55,13
06/18/2020,Fairfax,"Two or more races",14,2,0
06/18/2020,Fairfax,White,1860,361,220
06/18/2020,Hampton,"Asian or Pacific Islander",3,0,0
06/18/2020,Hampton,Black,127,27,5
06/18/2020,Hampton,Latino,31,2,0
06/18/2020,Hampton,"Native American",0,0,0
06/18/2020,Hampton,"Not Reported",38,0,0
06/18/2020,Hampton,"Other Race",4,2,0
06/18/2020,Hampton,"Two or more races",2,0,0
06/18/2020,Hampton,White,46,6,0
06/18/2020,Henrico,"Asian or Pacific Islander",104,5,2
06/18/2020,Henrico,Black,685,119,59
06/18/2020,Henrico,Latino,414,31,4
06/18/2020,Henrico,"Native American",7,0,0
06/18/2020,Henrico,"Not Reported",493,3,1
06/18/2020,Henrico,"Other Race",64,11,1
06/18/2020,Henrico,"Two or more races",5,0,0
06/18/2020,Henrico,White,570,72,72
06/18/2020,Lenowisco,Black,0,0,0
06/18/2020,Lenowisco,Latino,0,0,0
06/18/2020,Lenowisco,"Not Reported",7,1,1
06/18/2020,Lenowisco,"Other Race",1,0,0
06/18/2020,Lenowisco,"Two or more races",0,0,0
06/18/2020,Lenowisco,White,38,15,3
06/18/2020,"Lord Fairfax","Asian or Pacific Islander",5,0,0
06/18/2020,"Lord Fairfax",Black,56,5,1
06/18/2020,"Lord Fairfax",Latino,489,32,7
06/18/2020,"Lord Fairfax","Native American",1,0,0
06/18/2020,"Lord Fairfax","Not Reported",258,5,6
06/18/2020,"Lord Fairfax","Other Race",62,5,0
06/18/2020,"Lord Fairfax","Two or more races",10,0,0
06/18/2020,"Lord Fairfax",White,905,102,48
06/18/2020,Loudoun,"Asian or Pacific Islander",144,30,8
06/18/2020,Loudoun,Latino,850,94,7
06/18/2020,Loudoun,"Native American",1,0,0
06/18/2020,Loudoun,"Not Reported",1751,4,2
06/18/2020,Loudoun,"Other Race",109,4,2
06/18/2020,Loudoun,"Two or more races",10,0,0
06/18/2020,Loudoun,White,517,79,61
06/18/2020,"Mount Rogers","Asian or Pacific Islander",2,1,0
06/18/2020,"Mount Rogers",Black,19,4,1
06/18/2020,"Mount Rogers",Latino,142,0,0
06/18/2020,"Mount Rogers","Not Reported",36,0,1
06/18/2020,"Mount Rogers","Other Race",1,0,0
06/18/2020,"Mount Rogers","Two or more races",3,0,0
06/18/2020,"Mount Rogers",White,387,57,21
06/18/2020,"New River","Asian or Pacific Islander",1,0,0
06/18/2020,"New River",Black,7,1,0
06/18/2020,"New River",Latino,15,1,0
06/18/2020,"New River","Native American",0,0,0
06/18/2020,"New River","Not Reported",39,0,0
06/18/2020,"New River","Other Race",0,0,0
06/18/2020,"New River","Two or more races",0,0,0
06/18/2020,"New River",White,91,16,4
06/18/2020,Norfolk,"Asian or Pacific Islander",12,1,0
06/18/2020,Norfolk,Black,328,56,5
06/18/2020,Norfolk,Latino,132,13,0
06/18/2020,Norfolk,"Native American",0,0,0
06/18/2020,Norfolk,"Not Reported",114,0,0
06/18/2020,Norfolk,"Other Race",15,1,0
06/18/2020,Norfolk,"Two or more races",1,0,0
06/18/2020,Norfolk,White,102,17,2
06/18/2020,Peninsula,"Asian or Pacific Islander",7,2,1
06/18/2020,Peninsula,Black,203,34,10
06/18/2020,Peninsula,Latino,143,10,0
06/18/2020,Peninsula,"Native American",2,0,0
06/18/2020,Peninsula,"Not Reported",131,1,0
06/18/2020,Peninsula,"Other Race",12,1,0
06/18/2020,Peninsula,"Two or more races",7,2,0
06/18/2020,Peninsula,White,294,73,22
06/18/2020,Piedmont,"Asian or Pacific Islander",4,0,0
06/18/2020,Piedmont,Black,323,46,2
06/18/2020,Piedmont,Latino,39,0,1
06/18/2020,Piedmont,"Native American",1,0,0
06/18/2020,Piedmont,"Not Reported",294,9,2
06/18/2020,Piedmont,"Other Race",6,1,0
06/18/2020,Piedmont,"Two or more races",2,0,0
06/18/2020,Piedmont,White,270,22,2
06/18/2020,Pittsylvania-Danville,"Asian or Pacific Islander",0,0,0
06/18/2020,Pittsylvania-Danville,Black,50,11,0
06/18/2020,Pittsylvania-Danville,Latino,19,2,0
06/18/2020,Pittsylvania-Danville,"Not Reported",17,4,0
06/18/2020,Pittsylvania-Danville,"Other Race",0,0,0
06/18/2020,Pittsylvania-Danville,"Two or more races",0,0,0
06/18/2020,Pittsylvania-Danville,White,58,16,3
06/18/2020,"Pittsylvania-Danville and Southside","Native American",0,0,0
06/18/2020,Portsmouth,"Asian or Pacific Islander",3,2,0
06/18/2020,Portsmouth,Black,199,46,10
06/18/2020,Portsmouth,Latino,13,2,0
06/18/2020,Portsmouth,"Native American",1,0,0
06/18/2020,Portsmouth,"Not Reported",100,1,1
06/18/2020,Portsmouth,"Other Race",14,0,0
06/18/2020,Portsmouth,"Two or more races",2,1,0
06/18/2020,Portsmouth,White,70,8,2
06/18/2020,"Prince William","Asian or Pacific Islander",222,38,10
06/18/2020,"Prince William",Black,595,112,33
06/18/2020,"Prince William",Latino,3512,463,38
06/18/2020,"Prince William","Native American",10,1,0
06/18/2020,"Prince William","Not Reported",3159,16,0
06/18/2020,"Prince William","Other Race",196,11,0
06/18/2020,"Prince William","Two or more races",5,1,0
06/18/2020,"Prince William",White,715,115,66
06/18/2020,Rappahannock,"Asian or Pacific Islander",31,6,0
06/18/2020,Rappahannock,Black,236,37,4
06/18/2020,Rappahannock,Latino,751,68,3
06/18/2020,Rappahannock,"Native American",3,0,0
06/18/2020,Rappahannock,"Not Reported",682,24,0
06/18/2020,Rappahannock,"Other Race",35,3,0
06/18/2020,Rappahannock,"Two or more races",9,1,0
06/18/2020,Rappahannock,White,464,57,23
06/18/2020,"Rappahannock Rapidan","Asian or Pacific Islander",3,1,0
06/18/2020,"Rappahannock Rapidan",Black,72,14,4
06/18/2020,"Rappahannock Rapidan",Latino,623,46,5
06/18/2020,"Rappahannock Rapidan","Native American",0,0,0
06/18/2020,"Rappahannock Rapidan","Not Reported",428,14,2
06/18/2020,"Rappahannock Rapidan","Other Race",14,2,0
06/18/2020,"Rappahannock Rapidan","Two or more races",1,0,0
06/18/2020,"Rappahannock Rapidan",White,242,26,7
06/18/2020,Richmond,"Asian or Pacific Islander",6,2,0
06/18/2020,Richmond,Black,505,106,22
06/18/2020,Richmond,Latino,665,60,1
06/18/2020,Richmond,"Native American",0,0,0
06/18/2020,Richmond,"Not Reported",450,2,0
06/18/2020,Richmond,"Other Race",101,10,2
06/18/2020,Richmond,"Two or more races",4,1,0
06/18/2020,Richmond,White,164,17,4
06/18/2020,Roanoke,"Asian or Pacific Islander",1,0,0
06/18/2020,Roanoke,Black,28,7,2
06/18/2020,Roanoke,Latino,97,1,0
06/18/2020,Roanoke,"Not Reported",83,0,0
06/18/2020,Roanoke,"Other Race",0,0,0
06/18/2020,Roanoke,"Two or more races",0,0,0
06/18/2020,Roanoke,White,68,4,8
06/18/2020,Southside,"Asian or Pacific Islander",1,0,0
06/18/2020,Southside,Black,84,18,7
06/18/2020,Southside,Latino,2,1,0
06/18/2020,Southside,"Not Reported",147,13,7
06/18/2020,Southside,"Other Race",6,0,1
06/18/2020,Southside,"Two or more races",20,0,0
06/18/2020,Southside,White,84,14,11
06/18/2020,"Thomas Jefferson","Asian or Pacific Islander",8,0,0
06/18/2020,"Thomas Jefferson",Black,132,41,5
06/18/2020,"Thomas Jefferson",Latino,199,6,0
06/18/2020,"Thomas Jefferson","Native American",2,0,0
06/18/2020,"Thomas Jefferson","Not Reported",85,0,0
06/18/2020,"Thomas Jefferson","Other Race",25,2,1
06/18/2020,"Thomas Jefferson","Two or more races",3,0,0
06/18/2020,"Thomas Jefferson",White,283,32,13
06/18/2020,"Three Rivers",Black,177,16,3
06/18/2020,"Three Rivers",Latino,71,3,0
06/18/2020,"Three Rivers","Not Reported",121,3,0
06/18/2020,"Three Rivers","Other Race",6,1,0
06/18/2020,"Three Rivers","Two or more races",3,0,0
06/18/2020,"Three Rivers",White,207,22,6
06/18/2020,"Virginia Beach","Asian or Pacific Islander",51,12,1
06/18/2020,"Virginia Beach",Black,234,23,4
06/18/2020,"Virginia Beach",Latino,101,8,1
06/18/2020,"Virginia Beach","Native American",0,0,0
06/18/2020,"Virginia Beach","Not Reported",121,4,1
06/18/2020,"Virginia Beach","Other Race",14,2,1
06/18/2020,"Virginia Beach","Two or more races",10,2,0
06/18/2020,"Virginia Beach",White,405,61,19
06/18/2020,"West Piedmont","Asian or Pacific Islander",9,1,1
06/18/2020,"West Piedmont",Black,76,18,1
06/18/2020,"West Piedmont",Latino,109,6,0
06/18/2020,"West Piedmont","Native American",0,0,0
06/18/2020,"West Piedmont","Not Reported",31,0,0
06/18/2020,"West Piedmont","Other Race",1,0,0
06/18/2020,"West Piedmont","Two or more races",0,0,0
06/18/2020,"West Piedmont",White,128,9,3
06/18/2020,"Western Tidewater","Asian or Pacific Islander",5,1,0
06/18/2020,"Western Tidewater",Black,276,43,21
06/18/2020,"Western Tidewater",Latino,5,1,0
06/18/2020,"Western Tidewater","Native American",0,0,0
06/18/2020,"Western Tidewater","Not Reported",210,1,1
06/18/2020,"Western Tidewater","Other Race",16,0,0
06/18/2020,"Western Tidewater","Two or more races",2,0,0
06/18/2020,"Western Tidewater",White,191,32,24
06/19/2020,Alexandria,"Asian or Pacific Islander",77,7,1
06/19/2020,Alexandria,Black,319,61,12
06/19/2020,Alexandria,Latino,1218,103,7
06/19/2020,Alexandria,"Native American",3,0,0
06/19/2020,Alexandria,"Not Reported",125,6,0
06/19/2020,Alexandria,"Other Race",34,3,1
06/19/2020,Alexandria,"Two or more races",4,1,0
06/19/2020,Alexandria,White,418,49,27
06/19/2020,Alleghany,"Asian or Pacific Islander",3,0,0
06/19/2020,Alleghany,Black,10,1,1
06/19/2020,Alleghany,Latino,52,5,0
06/19/2020,Alleghany,"Not Reported",90,1,0
06/19/2020,Alleghany,"Other Race",1,0,0
06/19/2020,Alleghany,"Two or more races",0,0,0
06/19/2020,Alleghany,White,149,21,13
06/19/2020,"Alleghany and Roanoke","Native American",0,0,0
06/19/2020,Arlington,"Asian or Pacific Islander",118,22,12
06/19/2020,Arlington,Black,199,63,29
06/19/2020,Arlington,Latino,1173,198,21
06/19/2020,Arlington,"Native American",1,0,0
06/19/2020,Arlington,"Not Reported",146,9,3
06/19/2020,Arlington,"Other Race",44,6,2
06/19/2020,Arlington,"Two or more races",15,2,0
06/19/2020,Arlington,White,700,109,59
06/19/2020,"Central Shenandoah","Asian or Pacific Islander",17,2,0
06/19/2020,"Central Shenandoah",Black,82,4,2
06/19/2020,"Central Shenandoah",Latino,734,46,3
06/19/2020,"Central Shenandoah","Native American",1,1,0
06/19/2020,"Central Shenandoah","Not Reported",170,5,0
06/19/2020,"Central Shenandoah","Other Race",29,1,0
06/19/2020,"Central Shenandoah","Two or more races",8,1,0
06/19/2020,"Central Shenandoah",White,809,88,27
06/19/2020,"Central Virginia","Asian or Pacific Islander",0,0,0
06/19/2020,"Central Virginia",Black,22,2,1
06/19/2020,"Central Virginia",Latino,22,1,1
06/19/2020,"Central Virginia","Native American",0,0,0
06/19/2020,"Central Virginia","Not Reported",176,4,0
06/19/2020,"Central Virginia","Other Race",1,0,0
06/19/2020,"Central Virginia","Two or more races",0,0,0
06/19/2020,"Central Virginia",White,72,10,2
06/19/2020,Chesapeake,"Asian or Pacific Islander",21,3,2
06/19/2020,Chesapeake,Black,245,51,5
06/19/2020,Chesapeake,Latino,73,10,1
06/19/2020,Chesapeake,"Native American",8,0,0
06/19/2020,Chesapeake,"Not Reported",76,2,0
06/19/2020,Chesapeake,"Other Race",7,0,0
06/19/2020,Chesapeake,"Two or more races",6,0,0
06/19/2020,Chesapeake,White,273,39,8
06/19/2020,Chesterfield,"Asian or Pacific Islander",24,1,0
06/19/2020,Chesterfield,Black,351,49,13
06/19/2020,Chesterfield,Latino,518,22,1
06/19/2020,Chesterfield,"Native American",3,0,0
06/19/2020,Chesterfield,"Not Reported",1125,3,11
06/19/2020,Chesterfield,"Other Race",160,6,0
06/19/2020,Chesterfield,"Two or more races",4,0,0
06/19/2020,Chesterfield,White,456,49,40
06/19/2020,Chickahominy,"Asian or Pacific Islander",2,1,0
06/19/2020,Chickahominy,Black,100,31,9
06/19/2020,Chickahominy,Latino,39,3,0
06/19/2020,Chickahominy,"Native American",1,1,0
06/19/2020,Chickahominy,"Not Reported",180,4,1
06/19/2020,Chickahominy,"Other Race",9,3,0
06/19/2020,Chickahominy,"Two or more races",1,1,0
06/19/2020,Chickahominy,White,253,59,24
06/19/2020,Crater,"Asian or Pacific Islander",3,0,0
06/19/2020,Crater,Black,609,97,11
06/19/2020,Crater,Latino,96,2,2
06/19/2020,Crater,"Native American",2,0,0
06/19/2020,Crater,"Not Reported",342,4,2
06/19/2020,Crater,"Other Race",11,0,0
06/19/2020,Crater,"Two or more races",1,0,0
06/19/2020,Crater,White,235,23,6
06/19/2020,"Cumberland Plateau",Black,12,0,0
06/19/2020,"Cumberland Plateau",Latino,0,0,0
06/19/2020,"Cumberland Plateau","Not Reported",1,0,0
06/19/2020,"Cumberland Plateau","Other Race",0,0,0
06/19/2020,"Cumberland Plateau","Two or more races",0,0,0
06/19/2020,"Cumberland Plateau",White,24,2,0
06/19/2020,"Cumberland Plateau and Lenowisco","Asian or Pacific Islander",0,0,0
06/19/2020,"Cumberland Plateau, Lenowisco, and Mount Rogers","Native American",0,0,0
06/19/2020,"Eastern Shore",Black,759,82,25
06/19/2020,"Eastern Shore",Latino,224,7,3
06/19/2020,"Eastern Shore","Not Reported",116,0,0
06/19/2020,"Eastern Shore","Other Race",12,1,0
06/19/2020,"Eastern Shore","Two or more races",0,0,0
06/19/2020,"Eastern Shore",White,175,16,13
06/19/2020,"Eastern Shore and Three Rivers","Asian or Pacific Islander",7,1,0
06/19/2020,"Eastern Shore and Three Rivers","Native American",1,0,0
06/19/2020,Fairfax,"Asian or Pacific Islander",1026,194,52
06/19/2020,Fairfax,Black,763,165,38
06/19/2020,Fairfax,Latino,6751,706,56
06/19/2020,Fairfax,"Native American",18,1,1
06/19/2020,Fairfax,"Not Reported",2446,78,60
06/19/2020,Fairfax,"Other Race",475,55,11
06/19/2020,Fairfax,"Two or more races",14,2,0
06/19/2020,Fairfax,White,1876,364,227
06/19/2020,Hampton,"Asian or Pacific Islander",3,0,0
06/19/2020,Hampton,Black,128,27,5
06/19/2020,Hampton,Latino,31,2,0
06/19/2020,Hampton,"Native American",0,0,0
06/19/2020,Hampton,"Not Reported",38,0,0
06/19/2020,Hampton,"Other Race",4,2,0
06/19/2020,Hampton,"Two or more races",2,0,0
06/19/2020,Hampton,White,46,6,0
06/19/2020,Henrico,"Asian or Pacific Islander",107,5,3
06/19/2020,Henrico,Black,691,119,59
06/19/2020,Henrico,Latino,435,32,3
06/19/2020,Henrico,"Native American",7,0,0
06/19/2020,Henrico,"Not Reported",484,3,1
06/19/2020,Henrico,"Other Race",67,11,1
06/19/2020,Henrico,"Two or more races",5,0,0
06/19/2020,Henrico,White,572,71,71
06/19/2020,Lenowisco,Black,0,0,0
06/19/2020,Lenowisco,Latino,0,0,0
06/19/2020,Lenowisco,"Not Reported",7,1,1
06/19/2020,Lenowisco,"Other Race",1,0,0
06/19/2020,Lenowisco,"Two or more races",0,0,0
06/19/2020,Lenowisco,White,38,15,3
06/19/2020,"Lord Fairfax","Asian or Pacific Islander",5,0,0
06/19/2020,"Lord Fairfax",Black,56,5,1
06/19/2020,"Lord Fairfax",Latino,493,35,8
06/19/2020,"Lord Fairfax","Native American",1,0,0
06/19/2020,"Lord Fairfax","Not Reported",251,5,6
06/19/2020,"Lord Fairfax","Other Race",62,5,0
06/19/2020,"Lord Fairfax","Two or more races",10,0,0
06/19/2020,"Lord Fairfax",White,920,105,47
06/19/2020,Loudoun,"Asian or Pacific Islander",146,30,8
06/19/2020,Loudoun,Black,117,17,2
06/19/2020,Loudoun,Latino,854,98,7
06/19/2020,Loudoun,"Native American",1,0,0
06/19/2020,Loudoun,"Not Reported",1748,3,2
06/19/2020,Loudoun,"Other Race",109,4,2
06/19/2020,Loudoun,"Two or more races",10,0,0
06/19/2020,Loudoun,White,519,80,61
06/19/2020,"Mount Rogers","Asian or Pacific Islander",2,1,0
06/19/2020,"Mount Rogers",Black,21,4,1
06/19/2020,"Mount Rogers",Latino,149,1,0
06/19/2020,"Mount Rogers","Not Reported",36,0,1
06/19/2020,"Mount Rogers","Other Race",2,0,0
06/19/2020,"Mount Rogers","Two or more races",3,0,0
06/19/2020,"Mount Rogers",White,400,57,21
06/19/2020,"New River","Asian or Pacific Islander",1,0,0
06/19/2020,"New River",Black,7,1,0
06/19/2020,"New River",Latino,15,1,0
06/19/2020,"New River","Native American",0,0,0
06/19/2020,"New River","Not Reported",39,0,0
06/19/2020,"New River","Other Race",0,0,0
06/19/2020,"New River","Two or more races",0,0,0
06/19/2020,"New River",White,91,16,4
06/19/2020,Norfolk,"Asian or Pacific Islander",12,1,0
06/19/2020,Norfolk,Black,331,56,5
06/19/2020,Norfolk,Latino,132,14,0
06/19/2020,Norfolk,"Native American",0,0,0
06/19/2020,Norfolk,"Not Reported",111,0,0
06/19/2020,Norfolk,"Other Race",15,1,0
06/19/2020,Norfolk,"Two or more races",1,0,0
06/19/2020,Norfolk,White,105,17,2
06/19/2020,Peninsula,"Asian or Pacific Islander",7,2,1
06/19/2020,Peninsula,Black,206,34,10
06/19/2020,Peninsula,Latino,144,10,0
06/19/2020,Peninsula,"Native American",2,0,0
06/19/2020,Peninsula,"Not Reported",135,1,0
06/19/2020,Peninsula,"Other Race",12,1,0
06/19/2020,Peninsula,"Two or more races",7,2,0
06/19/2020,Peninsula,White,298,74,22
06/19/2020,Piedmont,"Asian or Pacific Islander",4,0,0
06/19/2020,Piedmont,Black,330,47,2
06/19/2020,Piedmont,Latino,39,0,1
06/19/2020,Piedmont,"Native American",1,0,0
06/19/2020,Piedmont,"Not Reported",293,9,2
06/19/2020,Piedmont,"Other Race",6,1,0
06/19/2020,Piedmont,"Two or more races",2,0,0
06/19/2020,Piedmont,White,272,22,2
06/19/2020,Pittsylvania-Danville,"Asian or Pacific Islander",0,0,0
06/19/2020,Pittsylvania-Danville,Black,50,11,0
06/19/2020,Pittsylvania-Danville,Latino,19,2,0
06/19/2020,Pittsylvania-Danville,"Not Reported",16,4,0
06/19/2020,Pittsylvania-Danville,"Other Race",0,0,0
06/19/2020,Pittsylvania-Danville,"Two or more races",0,0,0
06/19/2020,Pittsylvania-Danville,White,59,16,3
06/19/2020,"Pittsylvania-Danville and Southside","Native American",0,0,0
06/19/2020,Portsmouth,"Asian or Pacific Islander",3,2,0
06/19/2020,Portsmouth,Black,201,46,10
06/19/2020,Portsmouth,Latino,13,2,0
06/19/2020,Portsmouth,"Native American",1,0,0
06/19/2020,Portsmouth,"Not Reported",101,1,1
06/19/2020,Portsmouth,"Other Race",14,0,0
06/19/2020,Portsmouth,"Two or more races",2,1,0
06/19/2020,Portsmouth,White,70,8,2
06/19/2020,"Prince William","Asian or Pacific Islander",224,38,10
06/19/2020,"Prince William",Black,594,112,33
06/19/2020,"Prince William",Latino,3544,467,41
06/19/2020,"Prince William","Native American",10,1,0
06/19/2020,"Prince William","Not Reported",3175,16,0
06/19/2020,"Prince William","Other Race",240,11,0
06/19/2020,"Prince William","Two or more races",6,1,0
06/19/2020,"Prince William",White,717,116,68
06/19/2020,Rappahannock,"Asian or Pacific Islander",32,6,0
06/19/2020,Rappahannock,Black,237,38,5
06/19/2020,Rappahannock,Latino,760,72,4
06/19/2020,Rappahannock,"Native American",3,0,0
06/19/2020,Rappahannock,"Not Reported",684,25,0
06/19/2020,Rappahannock,"Other Race",33,3,0
06/19/2020,Rappahannock,"Two or more races",9,1,0
06/19/2020,Rappahannock,White,472,57,23
06/19/2020,"Rappahannock Rapidan","Asian or Pacific Islander",3,1,0
06/19/2020,"Rappahannock Rapidan",Black,72,14,4
06/19/2020,"Rappahannock Rapidan",Latino,624,46,5
06/19/2020,"Rappahannock Rapidan","Native American",0,0,0
06/19/2020,"Rappahannock Rapidan","Not Reported",428,14,2
06/19/2020,"Rappahannock Rapidan","Other Race",14,2,0
06/19/2020,"Rappahannock Rapidan","Two or more races",1,0,0
06/19/2020,"Rappahannock Rapidan",White,245,26,7
06/19/2020,Richmond,"Asian or Pacific Islander",6,2,0
06/19/2020,Richmond,Black,509,107,22
06/19/2020,Richmond,Latino,687,61,1
06/19/2020,Richmond,"Native American",0,0,0
06/19/2020,Richmond,"Not Reported",452,2,0
06/19/2020,Richmond,"Other Race",104,10,2
06/19/2020,Richmond,"Two or more races",4,1,0
06/19/2020,Richmond,White,167,17,4
06/19/2020,Roanoke,"Asian or Pacific Islander",1,0,0
06/19/2020,Roanoke,Black,28,7,2
06/19/2020,Roanoke,Latino,100,1,0
06/19/2020,Roanoke,"Not Reported",93,0,0
06/19/2020,Roanoke,"Other Race",0,0,0
06/19/2020,Roanoke,"Two or more races",0,0,0
06/19/2020,Roanoke,White,69,4,8
06/19/2020,Southside,"Asian or Pacific Islander",1,0,0
06/19/2020,Southside,Black,95,18,7
06/19/2020,Southside,Latino,2,1,0
06/19/2020,Southside,"Not Reported",152,14,7
06/19/2020,Southside,"Other Race",6,0,1
06/19/2020,Southside,"Two or more races",20,0,0
06/19/2020,Southside,White,87,14,11
06/19/2020,"Thomas Jefferson","Asian or Pacific Islander",8,0,0
06/19/2020,"Thomas Jefferson",Black,133,40,4
06/19/2020,"Thomas Jefferson",Latino,201,6,0
06/19/2020,"Thomas Jefferson","Native American",2,0,0
06/19/2020,"Thomas Jefferson","Not Reported",82,0,0
06/19/2020,"Thomas Jefferson","Other Race",25,3,1
06/19/2020,"Thomas Jefferson","Two or more races",3,0,0
06/19/2020,"Thomas Jefferson",White,285,32,14
06/19/2020,"Three Rivers",Black,179,17,4
06/19/2020,"Three Rivers",Latino,75,3,0
06/19/2020,"Three Rivers","Not Reported",120,3,0
06/19/2020,"Three Rivers","Other Race",5,1,0
06/19/2020,"Three Rivers","Two or more races",3,0,0
06/19/2020,"Three Rivers",White,211,23,7
06/19/2020,"Virginia Beach","Asian or Pacific Islander",51,12,1
06/19/2020,"Virginia Beach",Black,238,23,4
06/19/2020,"Virginia Beach",Latino,102,8,1
06/19/2020,"Virginia Beach","Native American",0,0,0
06/19/2020,"Virginia Beach","Not Reported",129,4,1
06/19/2020,"Virginia Beach","Other Race",14,2,1
06/19/2020,"Virginia Beach","Two or more races",10,2,0
06/19/2020,"Virginia Beach",White,406,61,19
06/19/2020,"West Piedmont","Asian or Pacific Islander",9,1,1
06/19/2020,"West Piedmont",Black,77,19,1
06/19/2020,"West Piedmont",Latino,113,6,0
06/19/2020,"West Piedmont","Native American",0,0,0
06/19/2020,"West Piedmont","Not Reported",36,1,0
06/19/2020,"West Piedmont","Other Race",1,0,0
06/19/2020,"West Piedmont","Two or more races",0,0,0
06/19/2020,"West Piedmont",White,131,9,3
06/19/2020,"Western Tidewater","Asian or Pacific Islander",5,1,0
06/19/2020,"Western Tidewater",Black,275,42,20
06/19/2020,"Western Tidewater",Latino,5,1,0
06/19/2020,"Western Tidewater","Native American",0,0,0
06/19/2020,"Western Tidewater","Not Reported",214,1,0
06/19/2020,"Western Tidewater","Other Race",16,0,0
06/19/2020,"Western Tidewater","Two or more races",2,0,0
06/19/2020,"Western Tidewater",White,193,33,26
06/20/2020,Alexandria,"Asian or Pacific Islander",77,7,1
06/20/2020,Alexandria,Black,321,61,12
06/20/2020,Alexandria,Latino,1223,104,7
06/20/2020,Alexandria,"Native American",3,0,0
06/20/2020,Alexandria,"Not Reported",126,6,0
06/20/2020,Alexandria,"Other Race",39,3,1
06/20/2020,Alexandria,"Two or more races",4,1,0
06/20/2020,Alexandria,White,424,49,28
06/20/2020,Alleghany,"Asian or Pacific Islander",3,0,0
06/20/2020,Alleghany,Black,10,1,1
06/20/2020,Alleghany,Latino,53,5,0
06/20/2020,Alleghany,"Not Reported",95,1,0
06/20/2020,Alleghany,"Other Race",1,0,0
06/20/2020,Alleghany,"Two or more races",0,0,0
06/20/2020,Alleghany,White,157,23,13
06/20/2020,"Alleghany and Roanoke","Native American",0,0,0
06/20/2020,Arlington,"Asian or Pacific Islander",118,22,12
06/20/2020,Arlington,Black,199,63,29
06/20/2020,Arlington,Latino,1180,198,21
06/20/2020,Arlington,"Native American",2,0,0
06/20/2020,Arlington,"Not Reported",145,9,3
06/20/2020,Arlington,"Other Race",44,6,2
06/20/2020,Arlington,"Two or more races",16,2,0
06/20/2020,Arlington,White,701,111,59
06/20/2020,"Central Shenandoah","Asian or Pacific Islander",17,2,0
06/20/2020,"Central Shenandoah",Black,82,4,2
06/20/2020,"Central Shenandoah",Latino,740,46,3
06/20/2020,"Central Shenandoah","Native American",1,1,0
06/20/2020,"Central Shenandoah","Not Reported",178,5,0
06/20/2020,"Central Shenandoah","Other Race",30,1,0
06/20/2020,"Central Shenandoah","Two or more races",8,1,0
06/20/2020,"Central Shenandoah",White,814,88,27
06/20/2020,"Central Virginia","Asian or Pacific Islander",0,0,0
06/20/2020,"Central Virginia",Black,23,2,1
06/20/2020,"Central Virginia",Latino,22,1,1
06/20/2020,"Central Virginia","Native American",0,0,0
06/20/2020,"Central Virginia","Not Reported",183,4,0
06/20/2020,"Central Virginia","Other Race",1,0,0
06/20/2020,"Central Virginia","Two or more races",0,0,0
06/20/2020,"Central Virginia",White,74,10,2
06/20/2020,Chesapeake,"Asian or Pacific Islander",21,3,2
06/20/2020,Chesapeake,Black,255,51,5
06/20/2020,Chesapeake,Latino,75,10,1
06/20/2020,Chesapeake,"Native American",8,0,0
06/20/2020,Chesapeake,"Not Reported",75,2,0
06/20/2020,Chesapeake,"Other Race",7,0,0
06/20/2020,Chesapeake,"Two or more races",6,0,0
06/20/2020,Chesapeake,White,274,39,8
06/20/2020,Chesterfield,"Asian or Pacific Islander",25,1,0
06/20/2020,Chesterfield,Black,359,49,13
06/20/2020,Chesterfield,Latino,542,22,1
06/20/2020,Chesterfield,"Native American",3,0,0
06/20/2020,Chesterfield,"Not Reported",1172,3,11
06/20/2020,Chesterfield,"Other Race",166,6,0
06/20/2020,Chesterfield,"Two or more races",4,0,0
06/20/2020,Chesterfield,White,462,49,40
06/20/2020,Chickahominy,"Asian or Pacific Islander",2,1,0
06/20/2020,Chickahominy,Black,104,31,9
06/20/2020,Chickahominy,Latino,39,3,0
06/20/2020,Chickahominy,"Native American",1,1,0
06/20/2020,Chickahominy,"Not Reported",184,4,1
06/20/2020,Chickahominy,"Other Race",9,3,0
06/20/2020,Chickahominy,"Two or more races",1,1,0
06/20/2020,Chickahominy,White,257,59,24
06/20/2020,Crater,"Asian or Pacific Islander",3,0,0
06/20/2020,Crater,Black,617,97,11
06/20/2020,Crater,Latino,98,2,2
06/20/2020,Crater,"Native American",2,0,0
06/20/2020,Crater,"Not Reported",340,4,2
06/20/2020,Crater,"Other Race",11,0,0
06/20/2020,Crater,"Two or more races",1,0,0
06/20/2020,Crater,White,242,23,6
06/20/2020,"Cumberland Plateau",Black,12,0,0
06/20/2020,"Cumberland Plateau",Latino,0,0,0
06/20/2020,"Cumberland Plateau","Not Reported",1,0,0
06/20/2020,"Cumberland Plateau","Other Race",0,0,0
06/20/2020,"Cumberland Plateau","Two or more races",0,0,0
06/20/2020,"Cumberland Plateau",White,24,2,0
06/20/2020,Norfolk,Black,339,57,5
06/20/2020,"Cumberland Plateau and Lenowisco","Asian or Pacific Islander",0,0,0
06/20/2020,"Cumberland Plateau, Lenowisco, and Mount Rogers","Native American",0,0,0
06/20/2020,"Eastern Shore",Black,760,82,25
06/20/2020,"Eastern Shore",Latino,225,7,3
06/20/2020,"Eastern Shore","Not Reported",116,0,0
06/20/2020,"Eastern Shore","Other Race",12,1,0
06/20/2020,"Eastern Shore","Two or more races",0,0,0
06/20/2020,"Eastern Shore",White,176,16,13
06/20/2020,"Eastern Shore and Three Rivers","Asian or Pacific Islander",7,1,0
06/20/2020,"Eastern Shore and Three Rivers","Native American",1,0,0
06/20/2020,Fairfax,"Asian or Pacific Islander",1030,194,52
06/20/2020,Fairfax,Black,767,165,38
06/20/2020,Fairfax,Latino,6781,707,58
06/20/2020,Fairfax,"Native American",18,1,1
06/20/2020,Fairfax,"Not Reported",2469,78,60
06/20/2020,Fairfax,"Other Race",500,55,11
06/20/2020,Fairfax,"Two or more races",14,2,0
06/20/2020,Fairfax,White,1889,364,228
06/20/2020,Hampton,"Asian or Pacific Islander",3,0,0
06/20/2020,Hampton,Black,128,27,5
06/20/2020,Hampton,Latino,31,2,0
06/20/2020,Hampton,"Native American",0,0,0
06/20/2020,Hampton,"Not Reported",43,0,0
06/20/2020,Hampton,"Other Race",5,2,0
06/20/2020,Hampton,"Two or more races",2,0,0
06/20/2020,Hampton,White,46,6,0
06/20/2020,Henrico,"Asian or Pacific Islander",107,5,3
06/20/2020,Henrico,Black,692,119,59
06/20/2020,Henrico,Latino,440,32,3
06/20/2020,Henrico,"Native American",7,0,0
06/20/2020,Henrico,"Not Reported",493,3,1
06/20/2020,Henrico,"Other Race",67,11,1
06/20/2020,Henrico,"Two or more races",5,0,0
06/20/2020,Henrico,White,572,71,71
06/20/2020,Lenowisco,Black,0,0,0
06/20/2020,Lenowisco,Latino,0,0,0
06/20/2020,Lenowisco,"Not Reported",7,1,1
06/20/2020,Lenowisco,"Other Race",1,0,0
06/20/2020,Lenowisco,"Two or more races",0,0,0
06/20/2020,Lenowisco,White,38,15,3
06/20/2020,"Lord Fairfax","Asian or Pacific Islander",5,0,0
06/20/2020,"Lord Fairfax",Black,56,5,1
06/20/2020,"Lord Fairfax",Latino,493,35,8
06/20/2020,"Lord Fairfax","Native American",1,0,0
06/20/2020,"Lord Fairfax","Not Reported",254,5,6
06/20/2020,"Lord Fairfax","Other Race",62,5,0
06/20/2020,"Lord Fairfax","Two or more races",10,0,0
06/20/2020,"Lord Fairfax",White,924,105,47
06/20/2020,Loudoun,"Asian or Pacific Islander",146,30,8
06/20/2020,Loudoun,Black,117,17,2
06/20/2020,Loudoun,Latino,856,98,7
06/20/2020,Loudoun,"Native American",1,0,0
06/20/2020,Loudoun,"Not Reported",1784,3,2
06/20/2020,Loudoun,"Other Race",110,4,2
06/20/2020,Loudoun,"Two or more races",10,0,0
06/20/2020,Loudoun,White,519,80,61
06/20/2020,"Mount Rogers","Asian or Pacific Islander",2,1,0
06/20/2020,"Mount Rogers",Black,21,4,1
06/20/2020,"Mount Rogers",Latino,151,1,0
06/20/2020,"Mount Rogers","Not Reported",38,0,1
06/20/2020,"Mount Rogers","Other Race",2,0,0
06/20/2020,"Mount Rogers","Two or more races",3,0,0
06/20/2020,"Mount Rogers",White,409,57,21
06/20/2020,"New River","Asian or Pacific Islander",1,0,0
06/20/2020,"New River",Black,9,2,0
06/20/2020,"New River",Latino,16,1,0
06/20/2020,"New River","Native American",0,0,0
06/20/2020,"New River","Not Reported",39,0,0
06/20/2020,"New River","Other Race",0,0,0
06/20/2020,"New River","Two or more races",0,0,0
06/20/2020,"New River",White,104,16,4
06/20/2020,Norfolk,"Asian or Pacific Islander",12,1,0
06/20/2020,Norfolk,Latino,133,14,0
06/20/2020,Norfolk,"Native American",0,0,0
06/20/2020,Norfolk,"Not Reported",113,0,0
06/20/2020,Norfolk,"Other Race",16,1,0
06/20/2020,Norfolk,"Two or more races",1,0,0
06/20/2020,Norfolk,White,109,17,2
06/20/2020,Peninsula,"Asian or Pacific Islander",7,2,1
06/20/2020,Peninsula,Black,210,34,10
06/20/2020,Peninsula,Latino,147,10,0
06/20/2020,Peninsula,"Native American",2,0,0
06/20/2020,Peninsula,"Not Reported",145,1,0
06/20/2020,Peninsula,"Other Race",16,1,0
06/20/2020,Peninsula,"Two or more races",7,2,0
06/20/2020,Peninsula,White,301,74,22
06/20/2020,Piedmont,"Asian or Pacific Islander",4,0,0
06/20/2020,Piedmont,Black,330,47,2
06/20/2020,Piedmont,Latino,39,0,1
06/20/2020,Piedmont,"Native American",1,0,0
06/20/2020,Piedmont,"Not Reported",294,9,2
06/20/2020,Piedmont,"Other Race",6,1,0
06/20/2020,Piedmont,"Two or more races",2,0,0
06/20/2020,Piedmont,White,272,22,2
06/20/2020,Pittsylvania-Danville,"Asian or Pacific Islander",0,0,0
06/20/2020,Pittsylvania-Danville,Black,51,11,0
06/20/2020,Pittsylvania-Danville,Latino,23,2,0
06/20/2020,Pittsylvania-Danville,"Not Reported",19,4,0
06/20/2020,Pittsylvania-Danville,"Other Race",0,0,0
06/20/2020,Pittsylvania-Danville,"Two or more races",0,0,0
06/20/2020,Pittsylvania-Danville,White,61,16,3
06/20/2020,"Pittsylvania-Danville and Southside","Native American",0,0,0
06/20/2020,Portsmouth,"Asian or Pacific Islander",3,2,0
06/20/2020,Portsmouth,Black,201,46,10
06/20/2020,Portsmouth,Latino,13,2,0
06/20/2020,Portsmouth,"Native American",1,0,0
06/20/2020,Portsmouth,"Not Reported",101,1,1
06/20/2020,Portsmouth,"Other Race",14,0,0
06/20/2020,Portsmouth,"Two or more races",2,1,0
06/20/2020,Portsmouth,White,70,8,2
06/20/2020,"Prince William","Asian or Pacific Islander",226,38,10
06/20/2020,"Prince William",Black,599,112,33
06/20/2020,"Prince William",Latino,3561,466,41
06/20/2020,"Prince William","Native American",11,1,0
06/20/2020,"Prince William","Not Reported",3211,16,0
06/20/2020,"Prince William","Other Race",230,11,0
06/20/2020,"Prince William","Two or more races",5,1,0
06/20/2020,"Prince William",White,724,116,68
06/20/2020,Rappahannock,"Asian or Pacific Islander",33,7,0
06/20/2020,Rappahannock,Black,241,38,5
06/20/2020,Rappahannock,Latino,767,73,4
06/20/2020,Rappahannock,"Native American",3,0,0
06/20/2020,Rappahannock,"Not Reported",690,24,0
06/20/2020,Rappahannock,"Other Race",33,3,0
06/20/2020,Rappahannock,"Two or more races",9,1,0
06/20/2020,Rappahannock,White,479,58,24
06/20/2020,"Rappahannock Rapidan","Asian or Pacific Islander",3,1,0
06/20/2020,"Rappahannock Rapidan",Black,73,14,4
06/20/2020,"Rappahannock Rapidan",Latino,625,46,5
06/20/2020,"Rappahannock Rapidan","Native American",0,0,0
06/20/2020,"Rappahannock Rapidan","Not Reported",428,14,2
06/20/2020,"Rappahannock Rapidan","Other Race",14,2,0
06/20/2020,"Rappahannock Rapidan","Two or more races",2,0,0
06/20/2020,"Rappahannock Rapidan",White,248,26,7
06/20/2020,Richmond,"Asian or Pacific Islander",6,2,0
06/20/2020,Richmond,Black,513,107,22
06/20/2020,Richmond,Latino,701,61,1
06/20/2020,Richmond,"Native American",0,0,0
06/20/2020,Richmond,"Not Reported",463,2,0
06/20/2020,Richmond,"Other Race",103,9,2
06/20/2020,Richmond,"Two or more races",4,1,0
06/20/2020,Richmond,White,170,17,4
06/21/2020,Fairfax,Black,770,165,38
06/20/2020,Roanoke,"Asian or Pacific Islander",1,0,0
06/20/2020,Roanoke,Black,31,7,2
06/20/2020,Roanoke,Latino,107,1,0
06/20/2020,Roanoke,"Not Reported",97,0,0
06/20/2020,Roanoke,"Other Race",1,0,0
06/20/2020,Roanoke,"Two or more races",0,0,0
06/20/2020,Roanoke,White,71,5,8
06/20/2020,Southside,"Asian or Pacific Islander",1,0,0
06/20/2020,Southside,Black,95,18,7
06/20/2020,Southside,Latino,2,1,0
06/20/2020,Southside,"Not Reported",152,14,7
06/20/2020,Southside,"Other Race",6,0,1
06/20/2020,Southside,"Two or more races",20,0,0
06/20/2020,Southside,White,87,14,11
06/20/2020,"Thomas Jefferson","Asian or Pacific Islander",8,0,0
06/20/2020,"Thomas Jefferson",Black,134,40,4
06/20/2020,"Thomas Jefferson",Latino,214,6,0
06/20/2020,"Thomas Jefferson","Native American",2,0,0
06/20/2020,"Thomas Jefferson","Not Reported",88,0,0
06/20/2020,"Thomas Jefferson","Other Race",29,3,1
06/20/2020,"Thomas Jefferson","Two or more races",3,0,0
06/20/2020,"Thomas Jefferson",White,287,32,14
06/20/2020,"Three Rivers",Black,180,17,4
06/20/2020,"Three Rivers",Latino,90,3,0
06/20/2020,"Three Rivers","Not Reported",123,3,0
06/20/2020,"Three Rivers","Other Race",5,1,0
06/20/2020,"Three Rivers","Two or more races",3,0,0
06/20/2020,"Three Rivers",White,214,23,7
06/20/2020,"Virginia Beach","Asian or Pacific Islander",51,12,1
06/20/2020,"Virginia Beach",Black,238,23,4
06/20/2020,"Virginia Beach",Latino,102,8,1
06/20/2020,"Virginia Beach","Native American",0,0,0
06/20/2020,"Virginia Beach","Not Reported",134,4,1
06/20/2020,"Virginia Beach","Other Race",14,2,1
06/20/2020,"Virginia Beach","Two or more races",10,2,0
06/20/2020,"Virginia Beach",White,407,61,19
06/20/2020,"West Piedmont","Asian or Pacific Islander",9,1,1
06/20/2020,"West Piedmont",Black,77,19,1
06/20/2020,"West Piedmont",Latino,113,6,0
06/20/2020,"West Piedmont","Native American",0,0,0
06/20/2020,"West Piedmont","Not Reported",37,1,0
06/20/2020,"West Piedmont","Other Race",1,0,0
06/20/2020,"West Piedmont","Two or more races",0,0,0
06/20/2020,"West Piedmont",White,133,9,3
06/20/2020,"Western Tidewater","Asian or Pacific Islander",5,1,0
06/20/2020,"Western Tidewater",Black,275,43,20
06/20/2020,"Western Tidewater",Latino,5,1,0
06/20/2020,"Western Tidewater","Native American",0,0,0
06/20/2020,"Western Tidewater","Not Reported",217,1,0
06/20/2020,"Western Tidewater","Other Race",16,0,0
06/20/2020,"Western Tidewater","Two or more races",2,0,0
06/20/2020,"Western Tidewater",White,195,33,26
06/21/2020,Alexandria,"Asian or Pacific Islander",77,7,1
06/21/2020,Alexandria,Black,322,61,12
06/21/2020,Alexandria,Latino,1231,104,7
06/21/2020,Alexandria,"Native American",3,0,0
06/21/2020,Alexandria,"Not Reported",128,6,0
06/21/2020,Alexandria,"Other Race",40,3,1
06/21/2020,Alexandria,"Two or more races",4,1,0
06/21/2020,Alexandria,White,422,49,28
06/21/2020,Alleghany,"Asian or Pacific Islander",3,0,0
06/21/2020,Alleghany,Black,10,1,1
06/21/2020,Alleghany,Latino,53,5,0
06/21/2020,Alleghany,"Not Reported",95,1,0
06/21/2020,Alleghany,"Other Race",1,0,0
06/21/2020,Alleghany,"Two or more races",0,0,0
06/21/2020,Alleghany,White,157,23,13
06/21/2020,"Alleghany and Roanoke","Native American",0,0,0
06/21/2020,Arlington,"Asian or Pacific Islander",120,22,12
06/21/2020,Arlington,Black,199,63,29
06/21/2020,Arlington,Latino,1186,199,21
06/21/2020,Arlington,"Native American",2,0,0
06/21/2020,Arlington,"Not Reported",146,9,3
06/21/2020,Arlington,"Other Race",47,6,2
06/21/2020,Arlington,"Two or more races",16,2,0
06/21/2020,Arlington,White,702,111,59
06/21/2020,"Central Shenandoah","Asian or Pacific Islander",17,2,0
06/21/2020,"Central Shenandoah",Black,85,4,2
06/21/2020,"Central Shenandoah",Latino,742,46,3
06/21/2020,"Central Shenandoah","Native American",1,1,0
06/21/2020,"Central Shenandoah","Not Reported",184,5,0
06/21/2020,"Central Shenandoah","Other Race",30,1,0
06/21/2020,"Central Shenandoah","Two or more races",8,1,0
06/21/2020,"Central Shenandoah",White,815,89,27
06/21/2020,"Central Virginia","Asian or Pacific Islander",0,0,0
06/21/2020,"Central Virginia",Black,23,2,1
06/21/2020,"Central Virginia",Latino,22,1,1
06/21/2020,"Central Virginia","Native American",0,0,0
06/21/2020,"Central Virginia","Not Reported",184,4,0
06/21/2020,"Central Virginia","Other Race",1,0,0
06/21/2020,"Central Virginia","Two or more races",0,0,0
06/21/2020,"Central Virginia",White,74,10,2
06/21/2020,Chesapeake,"Asian or Pacific Islander",21,3,2
06/21/2020,Chesapeake,Black,260,52,5
06/21/2020,Chesapeake,Latino,79,9,1
06/21/2020,Chesapeake,"Native American",8,0,0
06/21/2020,Chesapeake,"Not Reported",77,2,0
06/21/2020,Chesapeake,"Other Race",7,0,0
06/21/2020,Chesapeake,"Two or more races",5,0,0
06/21/2020,Chesapeake,White,276,39,8
06/21/2020,Chesterfield,"Asian or Pacific Islander",26,1,0
06/21/2020,Chesterfield,Black,361,49,13
06/21/2020,Chesterfield,Latino,547,22,1
06/21/2020,Chesterfield,"Native American",3,0,0
06/21/2020,Chesterfield,"Not Reported",1176,3,11
06/21/2020,Chesterfield,"Other Race",167,6,0
06/21/2020,Chesterfield,"Two or more races",4,0,0
06/21/2020,Chesterfield,White,466,49,40
06/21/2020,Chickahominy,"Asian or Pacific Islander",2,1,0
06/21/2020,Chickahominy,Black,106,33,9
06/21/2020,Chickahominy,Latino,39,3,0
06/21/2020,Chickahominy,"Native American",1,1,0
06/21/2020,Chickahominy,"Not Reported",187,3,1
06/21/2020,Chickahominy,"Other Race",10,3,0
06/21/2020,Chickahominy,"Two or more races",1,1,0
06/21/2020,Chickahominy,White,258,59,24
06/21/2020,Crater,"Asian or Pacific Islander",3,0,0
06/21/2020,Crater,Black,628,97,11
06/21/2020,Crater,Latino,98,2,2
06/21/2020,Crater,"Native American",2,0,0
06/21/2020,Crater,"Not Reported",340,4,2
06/21/2020,Crater,"Other Race",11,0,0
06/21/2020,Crater,"Two or more races",1,0,0
06/21/2020,Crater,White,253,23,6
06/21/2020,"Cumberland Plateau",Black,12,0,0
06/21/2020,"Cumberland Plateau",Latino,0,0,0
06/21/2020,"Cumberland Plateau","Not Reported",1,0,0
06/21/2020,"Cumberland Plateau","Other Race",0,0,0
06/21/2020,"Cumberland Plateau","Two or more races",0,0,0
06/21/2020,"Cumberland Plateau",White,24,2,0
06/21/2020,"Cumberland Plateau and Lenowisco","Asian or Pacific Islander",0,0,0
06/21/2020,"Cumberland Plateau, Lenowisco, and Mount Rogers","Native American",0,0,0
06/21/2020,"Eastern Shore",Black,767,82,25
06/21/2020,"Eastern Shore",Latino,238,7,3
06/21/2020,"Eastern Shore","Not Reported",106,0,0
06/21/2020,"Eastern Shore","Other Race",12,1,0
06/21/2020,"Eastern Shore","Two or more races",0,0,0
06/21/2020,"Eastern Shore",White,175,16,14
06/21/2020,"Eastern Shore and Three Rivers","Asian or Pacific Islander",7,1,0
06/21/2020,"Eastern Shore and Three Rivers","Native American",1,0,0
06/21/2020,Fairfax,"Asian or Pacific Islander",1038,194,52
06/21/2020,Fairfax,Latino,6843,712,58
06/21/2020,Fairfax,"Native American",18,1,1
06/21/2020,Fairfax,"Not Reported",2464,79,60
06/21/2020,Fairfax,"Other Race",498,55,11
06/21/2020,Fairfax,"Two or more races",14,2,0
06/21/2020,Fairfax,White,1901,365,228
06/21/2020,Hampton,"Asian or Pacific Islander",3,0,0
06/21/2020,Hampton,Black,128,27,5
06/21/2020,Hampton,Latino,32,2,0
06/21/2020,Hampton,"Native American",0,0,0
06/21/2020,Hampton,"Not Reported",47,0,0
06/21/2020,Hampton,"Other Race",5,2,0
06/21/2020,Hampton,"Two or more races",2,0,0
06/21/2020,Hampton,White,47,6,0
06/21/2020,Henrico,"Asian or Pacific Islander",108,5,3
06/21/2020,Henrico,Black,695,119,59
06/21/2020,Henrico,Latino,451,32,3
06/21/2020,Henrico,"Native American",7,0,0
06/21/2020,Henrico,"Not Reported",507,3,1
06/21/2020,Henrico,"Other Race",67,10,1
06/21/2020,Henrico,"Two or more races",5,0,0
06/21/2020,Henrico,White,573,71,71
06/21/2020,Lenowisco,Black,0,0,0
06/21/2020,Lenowisco,Latino,0,0,0
06/21/2020,Lenowisco,"Not Reported",7,1,1
06/21/2020,Lenowisco,"Other Race",1,0,0
06/21/2020,Lenowisco,"Two or more races",0,0,0
06/21/2020,Lenowisco,White,38,15,3
06/21/2020,"Lord Fairfax","Asian or Pacific Islander",5,0,0
06/21/2020,"Lord Fairfax",Black,62,5,1
06/21/2020,"Lord Fairfax",Latino,497,36,8
06/21/2020,"Lord Fairfax","Native American",1,0,0
06/21/2020,"Lord Fairfax","Not Reported",254,5,6
06/21/2020,"Lord Fairfax","Other Race",64,5,0
06/21/2020,"Lord Fairfax","Two or more races",10,0,0
06/21/2020,"Lord Fairfax",White,951,105,47
06/21/2020,Loudoun,"Asian or Pacific Islander",150,32,8
06/21/2020,Loudoun,Black,117,17,2
06/21/2020,Loudoun,Latino,874,111,8
06/21/2020,Loudoun,"Native American",1,0,0
06/21/2020,Loudoun,"Not Reported",1798,3,2
06/21/2020,Loudoun,"Other Race",109,4,2
06/21/2020,Loudoun,"Two or more races",9,0,0
06/21/2020,Loudoun,White,527,81,61
06/21/2020,"Mount Rogers","Asian or Pacific Islander",2,1,0
06/21/2020,"Mount Rogers",Black,22,4,1
06/21/2020,"Mount Rogers",Latino,152,1,0
06/21/2020,"Mount Rogers","Not Reported",38,0,1
06/21/2020,"Mount Rogers","Other Race",2,0,0
06/21/2020,"Mount Rogers","Two or more races",3,0,0
06/21/2020,"Mount Rogers",White,413,58,21
06/21/2020,"New River","Asian or Pacific Islander",1,0,0
06/21/2020,"New River",Black,9,2,0
06/21/2020,"New River",Latino,16,1,0
06/21/2020,"New River","Native American",0,0,0
06/21/2020,"New River","Not Reported",37,0,0
06/21/2020,"New River","Other Race",0,0,0
06/21/2020,"New River","Two or more races",0,0,0
06/21/2020,"New River",White,114,17,4
06/21/2020,Norfolk,"Asian or Pacific Islander",13,1,0
06/21/2020,Norfolk,Black,352,57,5
06/21/2020,Norfolk,Latino,134,14,0
06/21/2020,Norfolk,"Native American",0,0,0
06/21/2020,Norfolk,"Not Reported",112,0,0
06/21/2020,Norfolk,"Other Race",15,1,0
06/21/2020,Norfolk,"Two or more races",1,0,0
06/21/2020,Norfolk,White,110,17,2
06/21/2020,Peninsula,"Asian or Pacific Islander",7,2,1
06/21/2020,Peninsula,Black,211,34,10
06/21/2020,Peninsula,Latino,147,10,0
06/21/2020,Peninsula,"Native American",2,0,0
06/21/2020,Peninsula,"Not Reported",157,1,0
06/21/2020,Peninsula,"Other Race",16,1,0
06/23/2020,Henrico,White,579,71,71
06/21/2020,Peninsula,"Two or more races",7,2,0
06/21/2020,Peninsula,White,302,74,22
06/21/2020,Piedmont,"Asian or Pacific Islander",4,0,0
06/21/2020,Piedmont,Black,330,47,2
06/21/2020,Piedmont,Latino,39,0,1
06/21/2020,Piedmont,"Native American",1,0,0
06/21/2020,Piedmont,"Not Reported",293,9,2
06/21/2020,Piedmont,"Other Race",6,1,0
06/21/2020,Piedmont,"Two or more races",2,0,0
06/21/2020,Piedmont,White,273,22,2
06/21/2020,Pittsylvania-Danville,"Asian or Pacific Islander",0,0,0
06/21/2020,Pittsylvania-Danville,Black,51,11,0
06/21/2020,Pittsylvania-Danville,Latino,24,2,0
06/21/2020,Pittsylvania-Danville,"Not Reported",17,4,0
06/21/2020,Pittsylvania-Danville,"Other Race",0,0,0
06/21/2020,Pittsylvania-Danville,"Two or more races",0,0,0
06/21/2020,Pittsylvania-Danville,White,66,16,3
06/21/2020,"Pittsylvania-Danville and Southside","Native American",0,0,0
06/21/2020,Portsmouth,"Asian or Pacific Islander",3,2,0
06/21/2020,Portsmouth,Black,203,46,10
06/21/2020,Portsmouth,Latino,13,2,0
06/21/2020,Portsmouth,"Native American",1,0,0
06/21/2020,Portsmouth,"Not Reported",100,1,1
06/21/2020,Portsmouth,"Other Race",14,0,0
06/21/2020,Portsmouth,"Two or more races",2,1,0
06/21/2020,Portsmouth,White,70,8,2
06/21/2020,"Prince William","Asian or Pacific Islander",228,39,10
06/21/2020,"Prince William",Black,602,112,33
06/21/2020,"Prince William",Latino,3585,468,43
06/21/2020,"Prince William","Native American",12,1,0
06/21/2020,"Prince William","Not Reported",3259,16,0
06/21/2020,"Prince William","Other Race",232,9,0
06/21/2020,"Prince William","Two or more races",5,1,0
06/21/2020,"Prince William",White,729,116,68
06/21/2020,Rappahannock,"Asian or Pacific Islander",33,7,0
06/21/2020,Rappahannock,Black,242,38,5
06/21/2020,Rappahannock,Latino,771,73,4
06/21/2020,Rappahannock,"Native American",3,0,0
06/21/2020,Rappahannock,"Not Reported",696,24,0
06/21/2020,Rappahannock,"Other Race",35,3,0
06/21/2020,Rappahannock,"Two or more races",10,1,0
06/21/2020,Rappahannock,White,485,59,24
06/21/2020,"Rappahannock Rapidan","Asian or Pacific Islander",3,1,0
06/21/2020,"Rappahannock Rapidan",Black,74,14,4
06/21/2020,"Rappahannock Rapidan",Latino,628,47,5
06/21/2020,"Rappahannock Rapidan","Native American",0,0,0
06/21/2020,"Rappahannock Rapidan","Not Reported",428,13,2
06/21/2020,"Rappahannock Rapidan","Other Race",14,2,0
06/21/2020,"Rappahannock Rapidan","Two or more races",2,0,0
06/21/2020,"Rappahannock Rapidan",White,246,26,7
06/21/2020,Richmond,"Asian or Pacific Islander",6,2,0
06/21/2020,Richmond,Black,515,107,22
06/21/2020,Richmond,Latino,710,61,1
06/21/2020,Richmond,"Native American",0,0,0
06/21/2020,Richmond,"Not Reported",476,2,0
06/21/2020,Richmond,"Other Race",104,9,2
06/21/2020,Richmond,"Two or more races",4,1,0
06/21/2020,Richmond,White,170,17,4
06/21/2020,Roanoke,"Asian or Pacific Islander",1,0,0
06/21/2020,Roanoke,Black,31,7,2
06/21/2020,Roanoke,Latino,108,1,0
06/21/2020,Roanoke,"Not Reported",101,0,0
06/21/2020,Roanoke,"Other Race",1,0,0
06/21/2020,Roanoke,"Two or more races",0,0,0
06/21/2020,Roanoke,White,71,5,8
06/21/2020,Southside,"Asian or Pacific Islander",1,0,0
06/21/2020,Southside,Black,95,18,7
06/21/2020,Southside,Latino,2,1,0
06/21/2020,Southside,"Not Reported",152,14,7
06/21/2020,Southside,"Other Race",6,0,1
06/23/2020,Lenowisco,Black,1,0,0
06/21/2020,Southside,"Two or more races",20,0,0
06/21/2020,Southside,White,88,14,11
06/21/2020,"Thomas Jefferson","Asian or Pacific Islander",8,0,0
06/21/2020,"Thomas Jefferson",Black,134,40,4
06/21/2020,"Thomas Jefferson",Latino,224,6,0
06/21/2020,"Thomas Jefferson","Native American",2,0,0
06/21/2020,"Thomas Jefferson","Not Reported",90,0,0
06/21/2020,"Thomas Jefferson","Other Race",30,3,1
06/21/2020,"Thomas Jefferson","Two or more races",3,0,0
06/21/2020,"Thomas Jefferson",White,293,32,14
06/21/2020,"Three Rivers",Black,180,17,4
06/21/2020,"Three Rivers",Latino,90,3,0
06/21/2020,"Three Rivers","Not Reported",125,3,0
06/21/2020,"Three Rivers","Other Race",6,1,0
06/21/2020,"Three Rivers","Two or more races",3,0,0
06/21/2020,"Three Rivers",White,215,23,7
06/21/2020,"Virginia Beach","Asian or Pacific Islander",52,12,1
06/21/2020,"Virginia Beach",Black,243,24,4
06/21/2020,"Virginia Beach",Latino,105,9,1
06/21/2020,"Virginia Beach","Native American",0,0,0
06/21/2020,"Virginia Beach","Not Reported",150,4,1
06/21/2020,"Virginia Beach","Other Race",15,2,1
06/21/2020,"Virginia Beach","Two or more races",10,2,0
06/21/2020,"Virginia Beach",White,413,62,19
06/21/2020,"West Piedmont","Asian or Pacific Islander",9,1,1
06/21/2020,"West Piedmont",Black,77,19,1
06/21/2020,"West Piedmont",Latino,114,6,0
06/21/2020,"West Piedmont","Native American",0,0,0
06/21/2020,"West Piedmont","Not Reported",36,1,0
06/21/2020,"West Piedmont","Other Race",1,0,0
06/21/2020,"West Piedmont","Two or more races",0,0,0
06/21/2020,"West Piedmont",White,136,9,3
06/21/2020,"Western Tidewater","Asian or Pacific Islander",5,1,0
06/21/2020,"Western Tidewater",Black,283,43,20
06/21/2020,"Western Tidewater",Latino,5,1,0
06/21/2020,"Western Tidewater","Native American",0,0,0
06/21/2020,"Western Tidewater","Not Reported",218,1,0
06/21/2020,"Western Tidewater","Other Race",16,0,0
06/21/2020,"Western Tidewater","Two or more races",2,0,0
06/21/2020,"Western Tidewater",White,196,33,26
06/22/2020,Alexandria,"Asian or Pacific Islander",77,7,1
06/22/2020,Alexandria,Black,323,61,12
06/22/2020,Alexandria,Latino,1232,104,7
06/22/2020,Alexandria,"Native American",3,0,0
06/22/2020,Alexandria,"Not Reported",132,6,0
06/22/2020,Alexandria,"Other Race",41,3,1
06/22/2020,Alexandria,"Two or more races",4,1,0
06/22/2020,Alexandria,White,424,49,28
06/22/2020,Alleghany,"Asian or Pacific Islander",3,0,0
06/22/2020,Alleghany,Black,10,2,1
06/22/2020,Alleghany,Latino,53,5,0
06/22/2020,Alleghany,"Not Reported",101,1,0
06/22/2020,Alleghany,"Other Race",2,0,0
06/22/2020,Alleghany,"Two or more races",0,0,0
06/22/2020,Alleghany,White,158,23,13
06/22/2020,"Alleghany and Roanoke","Native American",0,0,0
06/22/2020,Arlington,"Asian or Pacific Islander",120,22,12
06/22/2020,Arlington,Black,199,63,29
06/22/2020,Arlington,Latino,1188,199,21
06/22/2020,Arlington,"Native American",2,0,0
06/22/2020,Arlington,"Not Reported",149,9,3
06/22/2020,Arlington,"Other Race",47,6,2
06/22/2020,Arlington,"Two or more races",16,2,0
06/22/2020,Arlington,White,703,111,59
06/22/2020,"Central Shenandoah","Asian or Pacific Islander",17,2,0
06/22/2020,"Central Shenandoah",Black,84,4,2
06/22/2020,"Central Shenandoah",Latino,743,46,4
06/22/2020,"Central Shenandoah","Native American",1,1,0
06/22/2020,"Central Shenandoah","Not Reported",189,5,0
06/22/2020,"Central Shenandoah","Other Race",30,1,0
06/22/2020,"Central Shenandoah","Two or more races",8,1,0
06/22/2020,"Central Shenandoah",White,825,90,28
06/22/2020,"Central Virginia","Asian or Pacific Islander",0,0,0
06/22/2020,"Central Virginia",Black,23,2,1
06/22/2020,"Central Virginia",Latino,22,1,1
06/22/2020,"Central Virginia","Native American",0,0,0
06/22/2020,"Central Virginia","Not Reported",184,4,0
06/22/2020,"Central Virginia","Other Race",1,0,0
06/22/2020,"Central Virginia","Two or more races",0,0,0
06/22/2020,"Central Virginia",White,74,10,2
06/22/2020,Chesapeake,"Asian or Pacific Islander",22,3,2
06/22/2020,Chesapeake,Black,265,53,5
06/22/2020,Chesapeake,Latino,97,9,1
06/22/2020,Chesapeake,"Native American",8,0,0
06/22/2020,Chesapeake,"Not Reported",78,2,0
06/22/2020,Chesapeake,"Other Race",7,0,0
06/22/2020,Chesapeake,"Two or more races",5,0,0
06/22/2020,Chesapeake,White,277,39,8
06/22/2020,Chesterfield,"Asian or Pacific Islander",26,1,0
06/22/2020,Chesterfield,Black,363,49,13
06/22/2020,Chesterfield,Latino,548,22,1
06/22/2020,Chesterfield,"Native American",3,0,0
06/22/2020,Chesterfield,"Not Reported",1188,3,11
06/22/2020,Chesterfield,"Other Race",171,6,0
06/22/2020,Chesterfield,"Two or more races",4,0,0
06/22/2020,Chesterfield,White,467,49,40
06/22/2020,Chickahominy,"Asian or Pacific Islander",2,1,0
06/22/2020,Chickahominy,Black,106,33,9
06/22/2020,Chickahominy,Latino,39,3,0
06/22/2020,Chickahominy,"Native American",1,1,0
06/22/2020,Chickahominy,"Not Reported",190,3,1
06/22/2020,Chickahominy,"Other Race",10,3,0
06/22/2020,Chickahominy,"Two or more races",1,1,0
06/22/2020,Chickahominy,White,258,59,25
06/22/2020,Crater,"Asian or Pacific Islander",3,0,0
06/22/2020,Crater,Black,634,99,11
06/22/2020,Crater,Latino,101,2,2
06/22/2020,Crater,"Native American",2,0,0
06/22/2020,Crater,"Not Reported",344,4,2
06/22/2020,Crater,"Other Race",11,0,0
06/22/2020,Crater,"Two or more races",1,0,0
06/22/2020,Crater,White,254,23,6
06/22/2020,"Cumberland Plateau",Black,12,0,0
06/22/2020,"Cumberland Plateau",Latino,0,0,0
06/22/2020,"Cumberland Plateau","Not Reported",1,0,0
06/22/2020,"Cumberland Plateau","Other Race",0,0,0
06/22/2020,"Cumberland Plateau","Two or more races",0,0,0
06/22/2020,"Cumberland Plateau",White,24,2,0
06/22/2020,"Cumberland Plateau and Lenowisco","Asian or Pacific Islander",0,0,0
06/22/2020,"Cumberland Plateau, Lenowisco, and Mount Rogers","Native American",0,0,0
06/22/2020,"Eastern Shore",Black,768,82,25
06/22/2020,"Eastern Shore",Latino,238,7,3
06/22/2020,"Eastern Shore","Not Reported",107,0,0
06/22/2020,"Eastern Shore","Other Race",12,1,0
06/22/2020,"Eastern Shore","Two or more races",0,0,0
06/22/2020,"Eastern Shore",White,175,16,14
06/22/2020,"Eastern Shore and Three Rivers","Asian or Pacific Islander",7,1,0
06/22/2020,"Eastern Shore and Three Rivers","Native American",1,0,0
06/22/2020,Fairfax,"Asian or Pacific Islander",1043,197,53
06/22/2020,Fairfax,Black,771,165,38
06/22/2020,Fairfax,Latino,6892,716,59
06/22/2020,Fairfax,"Native American",18,1,1
06/22/2020,Fairfax,"Not Reported",2477,78,60
06/22/2020,Fairfax,"Other Race",499,56,11
06/22/2020,Fairfax,"Two or more races",14,2,0
06/22/2020,Fairfax,White,1912,366,230
06/22/2020,Hampton,"Asian or Pacific Islander",3,0,0
06/22/2020,Hampton,Black,129,27,5
06/22/2020,Hampton,Latino,32,2,0
06/22/2020,Hampton,"Native American",0,0,0
06/22/2020,Hampton,"Not Reported",53,0,0
06/22/2020,Hampton,"Other Race",5,2,0
06/22/2020,Hampton,"Two or more races",2,0,0
06/22/2020,Hampton,White,47,6,0
06/22/2020,Henrico,"Asian or Pacific Islander",108,5,3
06/22/2020,Henrico,Black,697,119,59
06/22/2020,Henrico,Latino,452,32,3
06/22/2020,Henrico,"Native American",7,0,0
06/22/2020,Henrico,"Not Reported",515,3,1
06/22/2020,Henrico,"Other Race",67,10,1
06/22/2020,Henrico,"Two or more races",5,0,0
06/22/2020,Henrico,White,575,71,71
06/22/2020,Lenowisco,Black,1,0,0
06/22/2020,Lenowisco,Latino,0,0,0
06/22/2020,Lenowisco,"Not Reported",7,1,1
06/22/2020,Lenowisco,"Other Race",1,0,0
06/22/2020,Lenowisco,"Two or more races",0,0,0
06/22/2020,Lenowisco,White,39,15,3
06/22/2020,"Lord Fairfax","Asian or Pacific Islander",5,0,0
06/22/2020,"Lord Fairfax",Black,68,5,1
06/22/2020,"Lord Fairfax",Latino,501,36,8
06/22/2020,"Lord Fairfax","Native American",1,0,0
06/22/2020,"Lord Fairfax","Not Reported",259,5,6
06/22/2020,"Lord Fairfax","Other Race",65,5,0
06/22/2020,"Lord Fairfax","Two or more races",10,0,0
06/22/2020,"Lord Fairfax",White,959,107,47
06/22/2020,Loudoun,"Asian or Pacific Islander",151,34,8
06/22/2020,Loudoun,Black,117,17,2
06/22/2020,Loudoun,Latino,876,114,8
06/22/2020,Loudoun,"Native American",1,0,0
06/22/2020,Loudoun,"Not Reported",1820,3,2
06/22/2020,Loudoun,"Other Race",110,4,2
06/22/2020,Loudoun,"Two or more races",9,0,0
06/22/2020,Loudoun,White,528,83,62
06/22/2020,"Mount Rogers","Asian or Pacific Islander",2,1,0
06/22/2020,"Mount Rogers",Black,22,4,1
06/22/2020,"Mount Rogers",Latino,152,1,0
06/22/2020,"Mount Rogers","Not Reported",38,0,1
06/22/2020,"Mount Rogers","Other Race",2,0,0
06/22/2020,"Mount Rogers","Two or more races",3,0,0
06/22/2020,"Mount Rogers",White,417,59,21
06/22/2020,"New River","Asian or Pacific Islander",1,0,0
06/22/2020,"New River",Black,9,2,0
06/22/2020,"New River",Latino,16,1,0
06/22/2020,"New River","Native American",0,0,0
06/22/2020,"New River","Not Reported",37,0,0
06/22/2020,"New River","Other Race",0,0,0
06/22/2020,"New River","Two or more races",0,0,0
06/22/2020,"New River",White,114,17,4
06/22/2020,Norfolk,"Asian or Pacific Islander",13,1,0
06/22/2020,Norfolk,Black,357,58,5
06/22/2020,Norfolk,Latino,134,14,0
06/22/2020,Norfolk,"Native American",0,0,0
06/22/2020,Norfolk,"Not Reported",116,0,0
06/22/2020,Norfolk,"Other Race",15,1,0
06/22/2020,Norfolk,"Two or more races",1,0,0
06/22/2020,Norfolk,White,110,17,2
06/22/2020,Peninsula,"Asian or Pacific Islander",8,2,1
06/22/2020,Peninsula,Black,216,34,10
06/22/2020,Peninsula,Latino,147,10,0
06/22/2020,Peninsula,"Native American",2,0,0
06/22/2020,Peninsula,"Not Reported",162,1,0
06/22/2020,Peninsula,"Other Race",17,1,0
06/22/2020,Peninsula,"Two or more races",7,2,0
06/22/2020,Peninsula,White,304,74,22
06/22/2020,Piedmont,"Asian or Pacific Islander",4,0,0
06/22/2020,Piedmont,Black,331,47,2
06/22/2020,Piedmont,Latino,39,0,1
06/22/2020,Piedmont,"Native American",1,0,0
06/22/2020,Piedmont,"Not Reported",318,9,2
06/22/2020,Piedmont,"Other Race",6,1,0
06/22/2020,Piedmont,"Two or more races",2,0,0
06/22/2020,Piedmont,White,276,22,2
06/22/2020,Pittsylvania-Danville,"Asian or Pacific Islander",0,0,0
06/22/2020,Pittsylvania-Danville,Black,51,11,0
06/22/2020,Pittsylvania-Danville,Latino,26,2,0
06/22/2020,Pittsylvania-Danville,"Not Reported",17,4,0
06/22/2020,Pittsylvania-Danville,"Other Race",0,0,0
06/22/2020,Pittsylvania-Danville,"Two or more races",0,0,0
06/22/2020,Pittsylvania-Danville,White,66,16,3
06/22/2020,"Pittsylvania-Danville and Southside","Native American",0,0,0
06/22/2020,Portsmouth,"Asian or Pacific Islander",3,2,0
06/22/2020,Portsmouth,Black,210,48,10
06/22/2020,Portsmouth,Latino,14,2,0
06/22/2020,Portsmouth,"Native American",1,0,0
06/22/2020,Portsmouth,"Not Reported",104,1,1
06/22/2020,Portsmouth,"Other Race",15,0,0
06/22/2020,Portsmouth,"Two or more races",2,1,0
06/22/2020,Portsmouth,White,70,8,2
06/22/2020,"Prince William","Asian or Pacific Islander",229,39,10
06/22/2020,"Prince William",Black,604,112,33
06/22/2020,"Prince William",Latino,3628,469,43
06/22/2020,"Prince William","Native American",12,1,0
06/22/2020,"Prince William","Not Reported",3245,16,0
06/22/2020,"Prince William","Other Race",229,9,0
06/22/2020,"Prince William","Two or more races",5,1,0
06/22/2020,"Prince William",White,732,116,68
06/22/2020,Rappahannock,"Asian or Pacific Islander",34,7,0
06/22/2020,Rappahannock,Black,245,39,6
06/22/2020,Rappahannock,Latino,773,73,4
06/22/2020,Rappahannock,"Native American",3,0,0
06/22/2020,Rappahannock,"Not Reported",699,24,0
06/22/2020,Rappahannock,"Other Race",40,3,0
06/22/2020,Rappahannock,"Two or more races",10,1,0
06/22/2020,Rappahannock,White,489,59,24
06/22/2020,"Rappahannock Rapidan","Asian or Pacific Islander",3,1,0
06/22/2020,"Rappahannock Rapidan",Black,74,14,4
06/22/2020,"Rappahannock Rapidan",Latino,629,47,5
06/22/2020,"Rappahannock Rapidan","Native American",0,0,0
06/22/2020,"Rappahannock Rapidan","Not Reported",431,13,2
06/22/2020,"Rappahannock Rapidan","Other Race",14,2,0
06/22/2020,"Rappahannock Rapidan","Two or more races",2,0,0
06/22/2020,"Rappahannock Rapidan",White,249,26,7
06/22/2020,Richmond,"Asian or Pacific Islander",6,2,0
06/22/2020,Richmond,Black,517,107,22
06/22/2020,Richmond,Latino,718,61,1
06/22/2020,Richmond,"Native American",0,0,0
06/22/2020,Richmond,"Not Reported",488,2,0
06/22/2020,Richmond,"Other Race",105,9,2
06/22/2020,Richmond,"Two or more races",4,1,0
06/22/2020,Richmond,White,170,17,4
06/22/2020,Roanoke,"Asian or Pacific Islander",1,0,0
06/22/2020,Roanoke,Black,31,7,2
06/22/2020,Roanoke,Latino,114,1,0
06/22/2020,Roanoke,"Not Reported",106,0,0
06/22/2020,Roanoke,"Other Race",1,0,0
06/22/2020,Roanoke,"Two or more races",0,0,0
06/22/2020,Roanoke,White,71,5,8
06/22/2020,Southside,"Asian or Pacific Islander",1,0,0
06/22/2020,Southside,Black,95,18,7
06/22/2020,Southside,Latino,2,1,0
06/22/2020,Southside,"Not Reported",154,14,7
06/22/2020,Southside,"Other Race",6,0,1
06/22/2020,Southside,"Two or more races",20,0,0
06/22/2020,Southside,White,88,14,11
06/22/2020,"Thomas Jefferson","Asian or Pacific Islander",8,0,0
06/22/2020,"Thomas Jefferson",Black,135,40,4
06/22/2020,"Thomas Jefferson",Latino,236,6,0
06/22/2020,"Thomas Jefferson","Native American",2,0,0
06/22/2020,"Thomas Jefferson","Not Reported",89,0,0
06/22/2020,"Thomas Jefferson","Other Race",30,3,1
06/22/2020,"Thomas Jefferson","Two or more races",3,0,0
06/22/2020,"Thomas Jefferson",White,296,32,14
06/22/2020,"Three Rivers",Black,180,17,4
06/22/2020,"Three Rivers",Latino,90,3,0
06/22/2020,"Three Rivers","Not Reported",126,3,0
06/22/2020,"Three Rivers","Other Race",6,1,0
06/22/2020,"Three Rivers","Two or more races",3,0,0
06/22/2020,"Three Rivers",White,215,23,7
06/22/2020,"Virginia Beach","Asian or Pacific Islander",53,12,1
06/22/2020,"Virginia Beach",Black,244,24,4
06/22/2020,"Virginia Beach",Latino,107,9,1
06/22/2020,"Virginia Beach","Native American",0,0,0
06/22/2020,"Virginia Beach","Not Reported",155,4,1
06/22/2020,"Virginia Beach","Other Race",15,2,1
06/22/2020,"Virginia Beach","Two or more races",10,2,0
06/22/2020,"Virginia Beach",White,422,62,19
06/22/2020,"West Piedmont","Asian or Pacific Islander",9,1,1
06/22/2020,"West Piedmont",Black,77,19,1
06/22/2020,"West Piedmont",Latino,114,6,0
06/22/2020,"West Piedmont","Native American",0,0,0
06/22/2020,"West Piedmont","Not Reported",39,1,0
06/22/2020,"West Piedmont","Other Race",1,0,0
06/22/2020,"West Piedmont","Two or more races",0,0,0
06/22/2020,"West Piedmont",White,136,9,3
06/22/2020,"Western Tidewater","Asian or Pacific Islander",5,1,0
06/22/2020,"Western Tidewater",Black,289,44,20
06/22/2020,"Western Tidewater",Latino,9,1,0
06/22/2020,"Western Tidewater","Native American",0,0,0
06/22/2020,"Western Tidewater","Not Reported",221,1,0
06/22/2020,"Western Tidewater","Other Race",16,0,0
06/22/2020,"Western Tidewater","Two or more races",2,0,0
06/22/2020,"Western Tidewater",White,197,33,26
06/23/2020,Alexandria,"Asian or Pacific Islander",77,7,1
06/23/2020,Alexandria,Black,325,61,12
06/23/2020,Alexandria,Latino,1245,104,7
06/23/2020,Alexandria,"Native American",3,0,0
06/23/2020,Alexandria,"Not Reported",126,6,0
06/23/2020,Alexandria,"Other Race",41,3,1
06/23/2020,Alexandria,"Two or more races",4,1,0
06/23/2020,Alexandria,White,427,49,28
06/23/2020,Alleghany,"Asian or Pacific Islander",3,0,0
06/23/2020,Alleghany,Black,10,2,1
06/23/2020,Alleghany,Latino,57,5,0
06/23/2020,Alleghany,"Not Reported",114,1,0
06/23/2020,Alleghany,"Other Race",2,0,0
06/23/2020,Alleghany,"Two or more races",0,0,0
06/23/2020,Alleghany,White,167,23,13
06/23/2020,"Alleghany and Roanoke","Native American",0,0,0
06/23/2020,Arlington,"Asian or Pacific Islander",120,22,12
06/23/2020,Arlington,Black,200,64,29
06/23/2020,Arlington,Latino,1192,199,21
06/23/2020,Arlington,"Native American",2,0,0
06/23/2020,Arlington,"Not Reported",148,10,3
06/23/2020,Arlington,"Other Race",46,6,2
06/23/2020,Arlington,"Two or more races",16,2,0
06/23/2020,Arlington,White,707,111,59
06/23/2020,"Central Shenandoah","Asian or Pacific Islander",17,2,0
06/23/2020,"Central Shenandoah",Black,84,4,2
06/23/2020,"Central Shenandoah",Latino,745,46,4
06/23/2020,"Central Shenandoah","Native American",1,1,0
06/23/2020,"Central Shenandoah","Not Reported",190,5,0
06/23/2020,"Central Shenandoah","Other Race",30,1,0
06/23/2020,"Central Shenandoah","Two or more races",8,1,0
06/23/2020,"Central Shenandoah",White,836,92,28
06/23/2020,"Central Virginia","Asian or Pacific Islander",0,0,0
06/23/2020,"Central Virginia",Black,23,2,1
06/23/2020,"Central Virginia",Latino,22,1,1
06/23/2020,"Central Virginia","Native American",0,0,0
06/23/2020,"Central Virginia","Not Reported",196,4,1
06/23/2020,"Central Virginia","Other Race",1,0,0
06/23/2020,"Central Virginia","Two or more races",0,0,0
06/23/2020,"Central Virginia",White,74,10,2
06/23/2020,Chesapeake,"Asian or Pacific Islander",22,4,2
06/23/2020,Chesapeake,Black,267,55,5
06/23/2020,Chesapeake,Latino,101,9,1
06/23/2020,Chesapeake,"Native American",8,0,0
06/23/2020,Chesapeake,"Not Reported",85,2,0
06/23/2020,Chesapeake,"Other Race",7,0,0
06/23/2020,Chesapeake,"Two or more races",5,0,0
06/23/2020,Chesapeake,White,279,39,8
06/23/2020,Chesterfield,"Asian or Pacific Islander",26,1,0
06/23/2020,Chesterfield,Black,373,50,13
06/23/2020,Chesterfield,Latino,566,22,1
06/23/2020,Chesterfield,"Native American",3,0,0
06/23/2020,Chesterfield,"Not Reported",1228,3,14
06/23/2020,Chesterfield,"Other Race",175,6,0
06/23/2020,Chesterfield,"Two or more races",5,0,0
06/23/2020,Chesterfield,White,473,50,40
06/23/2020,Chickahominy,"Asian or Pacific Islander",2,1,0
06/23/2020,Chickahominy,Black,106,33,9
06/23/2020,Chickahominy,Latino,40,3,0
06/23/2020,Chickahominy,"Native American",1,1,0
06/23/2020,Chickahominy,"Not Reported",193,3,1
06/23/2020,Chickahominy,"Other Race",10,3,0
06/23/2020,Chickahominy,"Two or more races",1,1,0
06/23/2020,Chickahominy,White,262,59,25
06/23/2020,Crater,"Asian or Pacific Islander",3,0,0
06/23/2020,Crater,Black,634,100,11
06/23/2020,Crater,Latino,101,2,2
06/23/2020,Crater,"Native American",2,0,0
06/23/2020,Crater,"Not Reported",346,4,2
06/23/2020,Crater,"Other Race",11,0,0
06/23/2020,Crater,"Two or more races",1,0,0
06/23/2020,Crater,White,257,23,6
06/23/2020,"Cumberland Plateau",Black,12,0,0
06/23/2020,"Cumberland Plateau",Latino,0,0,0
06/23/2020,"Cumberland Plateau","Not Reported",1,0,0
06/23/2020,"Cumberland Plateau","Other Race",0,0,0
06/23/2020,"Cumberland Plateau","Two or more races",0,0,0
06/23/2020,"Cumberland Plateau",White,24,2,0
06/23/2020,"Cumberland Plateau and Lenowisco","Asian or Pacific Islander",0,0,0
06/23/2020,"Cumberland Plateau, Lenowisco, and Mount Rogers","Native American",0,0,0
06/23/2020,"Eastern Shore",Black,768,83,25
06/23/2020,"Eastern Shore",Latino,239,7,3
06/23/2020,"Eastern Shore","Not Reported",106,0,0
06/23/2020,"Eastern Shore","Other Race",12,1,0
06/23/2020,"Eastern Shore","Two or more races",1,1,0
06/23/2020,"Eastern Shore",White,175,16,14
06/23/2020,"Eastern Shore and Three Rivers","Asian or Pacific Islander",7,1,0
06/23/2020,"Eastern Shore and Three Rivers","Native American",1,0,0
06/23/2020,Fairfax,"Asian or Pacific Islander",1053,197,54
06/23/2020,Fairfax,Black,777,168,39
06/23/2020,Fairfax,Latino,6942,721,59
06/23/2020,Fairfax,"Native American",18,1,1
06/23/2020,Fairfax,"Not Reported",2473,77,59
06/23/2020,Fairfax,"Other Race",498,55,10
06/23/2020,Fairfax,"Two or more races",14,2,0
06/23/2020,Fairfax,White,1930,367,237
06/23/2020,Hampton,"Asian or Pacific Islander",3,0,0
06/23/2020,Hampton,Black,129,27,5
06/23/2020,Hampton,Latino,34,3,0
06/23/2020,Hampton,"Native American",0,0,0
06/23/2020,Hampton,"Not Reported",50,0,0
06/23/2020,Hampton,"Other Race",4,2,0
06/23/2020,Hampton,"Two or more races",2,0,0
06/23/2020,Hampton,White,49,6,0
06/23/2020,Henrico,"Asian or Pacific Islander",108,5,3
06/23/2020,Henrico,Black,700,118,59
06/23/2020,Henrico,Latino,460,33,3
06/23/2020,Henrico,"Native American",7,0,0
06/23/2020,Henrico,"Not Reported",522,3,1
06/23/2020,Henrico,"Other Race",67,10,1
06/23/2020,Henrico,"Two or more races",5,0,0
06/23/2020,Lenowisco,"Not Reported",7,1,1
06/23/2020,Lenowisco,"Other Race",1,0,0
06/23/2020,Lenowisco,"Two or more races",0,0,0
06/23/2020,Lenowisco,White,40,15,3
06/23/2020,"Lord Fairfax","Asian or Pacific Islander",5,0,0
06/23/2020,"Lord Fairfax",Black,68,5,1
06/23/2020,"Lord Fairfax",Latino,509,36,8
06/23/2020,"Lord Fairfax","Native American",2,1,1
06/23/2020,"Lord Fairfax","Not Reported",254,5,6
06/23/2020,"Lord Fairfax","Other Race",66,5,0
06/23/2020,"Lord Fairfax","Two or more races",9,0,0
06/23/2020,"Lord Fairfax",White,969,108,46
06/23/2020,Loudoun,"Asian or Pacific Islander",150,34,8
06/23/2020,Loudoun,Black,118,17,3
06/23/2020,Loudoun,Latino,888,114,8
06/23/2020,Loudoun,"Native American",1,0,0
06/23/2020,Loudoun,"Not Reported",1824,3,2
06/23/2020,Loudoun,"Other Race",110,4,2
06/23/2020,Loudoun,"Two or more races",10,0,0
06/23/2020,Loudoun,White,531,83,61
06/23/2020,"Mount Rogers","Asian or Pacific Islander",2,1,0
06/23/2020,"Mount Rogers",Black,24,4,1
06/23/2020,"Mount Rogers",Latino,154,1,0
06/23/2020,"Mount Rogers","Not Reported",38,0,1
06/23/2020,"Mount Rogers","Other Race",2,0,0
06/23/2020,"Mount Rogers","Two or more races",3,0,0
06/23/2020,"Mount Rogers",White,424,60,21
06/23/2020,"New River","Asian or Pacific Islander",1,0,0
06/23/2020,"New River",Black,9,2,0
06/23/2020,"New River",Latino,16,1,0
06/23/2020,"New River","Native American",0,0,0
06/23/2020,"New River","Not Reported",37,0,0
06/23/2020,"New River","Other Race",0,0,0
06/23/2020,"New River","Two or more races",0,0,0
06/23/2020,"New River",White,117,17,4
06/23/2020,Norfolk,"Asian or Pacific Islander",13,1,0
06/23/2020,Norfolk,Black,359,58,5
06/23/2020,Norfolk,Latino,134,14,0
06/23/2020,Norfolk,"Native American",0,0,0
06/23/2020,Norfolk,"Not Reported",113,0,0
06/23/2020,Norfolk,"Other Race",15,2,0
06/23/2020,Norfolk,"Two or more races",1,0,0
06/23/2020,Norfolk,White,112,17,2
06/23/2020,Peninsula,"Asian or Pacific Islander",8,2,1
06/23/2020,Peninsula,Black,218,34,10
06/23/2020,Peninsula,Latino,151,10,0
06/23/2020,Peninsula,"Native American",2,0,0
06/23/2020,Peninsula,"Not Reported",158,1,0
06/23/2020,Peninsula,"Other Race",17,1,0
06/23/2020,Peninsula,"Two or more races",7,2,0
06/23/2020,Peninsula,White,312,74,22
06/23/2020,Piedmont,"Asian or Pacific Islander",4,0,0
06/23/2020,Piedmont,Black,332,47,2
06/23/2020,Piedmont,Latino,39,0,1
06/23/2020,Piedmont,"Native American",1,0,0
06/23/2020,Piedmont,"Not Reported",319,10,4
06/23/2020,Piedmont,"Other Race",6,1,0
06/23/2020,Piedmont,"Two or more races",2,0,0
06/23/2020,Piedmont,White,279,23,3
06/23/2020,Pittsylvania-Danville,"Asian or Pacific Islander",0,0,0
06/23/2020,Pittsylvania-Danville,Black,51,11,0
06/23/2020,Pittsylvania-Danville,Latino,26,2,0
06/23/2020,Pittsylvania-Danville,"Not Reported",17,4,0
06/23/2020,Pittsylvania-Danville,"Other Race",0,0,0
06/23/2020,Pittsylvania-Danville,"Two or more races",0,0,0
06/23/2020,Pittsylvania-Danville,White,66,16,3
06/23/2020,"Pittsylvania-Danville and Southside","Native American",0,0,0
06/23/2020,Portsmouth,"Asian or Pacific Islander",3,2,0
06/23/2020,Portsmouth,Black,215,49,12
06/23/2020,Portsmouth,Latino,15,3,0
06/23/2020,Portsmouth,"Native American",1,0,0
06/23/2020,Portsmouth,"Not Reported",98,1,1
06/23/2020,Portsmouth,"Other Race",14,0,0
06/23/2020,Portsmouth,"Two or more races",2,1,0
06/23/2020,Portsmouth,White,73,10,3
06/23/2020,"Prince William","Asian or Pacific Islander",232,40,11
06/23/2020,"Prince William",Black,611,113,34
06/23/2020,"Prince William",Latino,3686,473,43
06/23/2020,"Prince William","Native American",12,1,0
06/23/2020,"Prince William","Not Reported",3230,17,0
06/23/2020,"Prince William","Other Race",231,9,0
06/23/2020,"Prince William","Two or more races",6,1,0
06/23/2020,"Prince William",White,737,115,67
06/23/2020,Rappahannock,"Asian or Pacific Islander",37,7,0
06/23/2020,Rappahannock,Black,249,40,9
06/23/2020,Rappahannock,Latino,783,75,4
06/23/2020,Rappahannock,"Native American",3,0,0
06/23/2020,Rappahannock,"Not Reported",697,24,1
06/23/2020,Rappahannock,"Other Race",38,3,0
06/23/2020,Rappahannock,"Two or more races",10,1,0
06/23/2020,Rappahannock,White,490,60,24
06/23/2020,"Rappahannock Rapidan","Asian or Pacific Islander",3,1,0
06/23/2020,"Rappahannock Rapidan",Black,74,14,4
06/23/2020,"Rappahannock Rapidan",Latino,633,47,5
06/23/2020,"Rappahannock Rapidan","Native American",0,0,0
06/23/2020,"Rappahannock Rapidan","Not Reported",430,13,2
06/23/2020,"Rappahannock Rapidan","Other Race",15,2,0
06/23/2020,"Rappahannock Rapidan","Two or more races",4,0,0
06/23/2020,"Rappahannock Rapidan",White,258,27,7
06/23/2020,Richmond,"Asian or Pacific Islander",6,2,0
06/23/2020,Richmond,Black,518,108,22
06/23/2020,Richmond,Latino,726,61,2
06/23/2020,Richmond,"Native American",0,0,0
06/23/2020,Richmond,"Not Reported",498,2,0
06/23/2020,Richmond,"Other Race",106,9,1
06/23/2020,Richmond,"Two or more races",4,1,0
06/23/2020,Richmond,White,173,17,5
06/23/2020,Roanoke,"Asian or Pacific Islander",1,0,0
06/23/2020,Roanoke,Black,33,7,2
06/23/2020,Roanoke,Latino,122,1,0
06/23/2020,Roanoke,"Not Reported",111,0,0
06/23/2020,Roanoke,"Other Race",1,0,0
06/23/2020,Roanoke,"Two or more races",0,0,0
06/23/2020,Roanoke,White,75,5,8
06/23/2020,Southside,"Asian or Pacific Islander",1,0,0
06/23/2020,Southside,Black,95,18,7
06/23/2020,Southside,Latino,2,1,0
06/23/2020,Southside,"Not Reported",157,14,7
06/23/2020,Southside,"Other Race",6,0,1
06/23/2020,Southside,"Two or more races",20,0,0
06/23/2020,Southside,White,89,14,11
06/23/2020,"Thomas Jefferson","Asian or Pacific Islander",8,0,0
06/23/2020,"Thomas Jefferson",Black,136,40,4
06/23/2020,"Thomas Jefferson",Latino,243,6,0
06/23/2020,"Thomas Jefferson","Native American",2,0,0
06/23/2020,"Thomas Jefferson","Not Reported",96,0,0
06/23/2020,"Thomas Jefferson","Other Race",30,3,1
06/23/2020,"Thomas Jefferson","Two or more races",3,0,0
06/23/2020,"Thomas Jefferson",White,301,32,14
06/23/2020,"Three Rivers",Black,181,18,4
06/23/2020,"Three Rivers",Latino,91,3,1
06/23/2020,"Three Rivers","Not Reported",124,3,0
06/23/2020,"Three Rivers","Other Race",6,1,0
06/23/2020,"Three Rivers","Two or more races",3,0,0
06/23/2020,"Three Rivers",White,216,23,7
06/23/2020,"Virginia Beach","Asian or Pacific Islander",53,12,1
06/23/2020,"Virginia Beach",Black,254,24,4
06/23/2020,"Virginia Beach",Latino,112,11,2
06/23/2020,"Virginia Beach","Native American",0,0,0
06/23/2020,"Virginia Beach","Not Reported",143,4,1
06/23/2020,"Virginia Beach","Other Race",12,1,0
06/23/2020,"Virginia Beach","Two or more races",11,2,0
06/23/2020,"Virginia Beach",White,435,62,19
06/23/2020,"West Piedmont","Asian or Pacific Islander",10,1,1
06/23/2020,"West Piedmont",Black,78,19,2
06/23/2020,"West Piedmont",Latino,115,6,0
06/23/2020,"West Piedmont","Native American",0,0,0
06/23/2020,"West Piedmont","Not Reported",34,1,0
06/23/2020,"West Piedmont","Other Race",1,0,0
06/23/2020,"West Piedmont","Two or more races",0,0,0
06/23/2020,"West Piedmont",White,143,9,3
06/23/2020,"Western Tidewater","Asian or Pacific Islander",5,1,0
06/23/2020,"Western Tidewater",Black,292,44,20
06/23/2020,"Western Tidewater",Latino,9,1,0
06/23/2020,"Western Tidewater","Native American",0,0,0
06/23/2020,"Western Tidewater","Not Reported",224,1,0
06/23/2020,"Western Tidewater","Other Race",16,0,0
06/23/2020,"Western Tidewater","Two or more races",2,0,0
06/23/2020,"Western Tidewater",White,197,33,26
06/24/2020,Alexandria,"Asian or Pacific Islander",78,7,1
06/24/2020,Alexandria,Black,331,61,13
06/24/2020,Alexandria,Latino,1245,104,7
06/24/2020,Alexandria,"Native American",3,0,0
06/24/2020,Alexandria,"Not Reported",125,6,0
06/24/2020,Alexandria,"Other Race",43,4,2
06/24/2020,Alexandria,"Two or more races",4,1,0
06/24/2020,Alexandria,White,429,48,27
06/24/2020,Alleghany,"Asian or Pacific Islander",3,0,0
06/24/2020,Alleghany,Black,10,2,1
06/24/2020,Alleghany,Latino,61,5,0
06/24/2020,Alleghany,"Not Reported",115,1,0
06/24/2020,Alleghany,"Other Race",2,0,0
06/24/2020,Alleghany,"Two or more races",0,0,0
06/24/2020,Alleghany,White,169,23,13
06/24/2020,"Alleghany and Roanoke","Native American",0,0,0
06/24/2020,Arlington,"Asian or Pacific Islander",122,22,12
06/24/2020,Arlington,Black,200,64,29
06/24/2020,Arlington,Latino,1196,200,21
06/24/2020,Arlington,"Native American",2,0,0
06/24/2020,Arlington,"Not Reported",149,10,3
06/24/2020,Arlington,"Other Race",45,6,2
06/24/2020,Arlington,"Two or more races",16,2,0
06/24/2020,Arlington,White,708,111,59
06/24/2020,"Central Shenandoah","Asian or Pacific Islander",17,2,0
06/24/2020,"Central Shenandoah",Black,87,6,2
06/24/2020,"Central Shenandoah",Latino,748,46,4
06/24/2020,"Central Shenandoah","Native American",1,1,0
06/24/2020,"Central Shenandoah","Not Reported",183,4,0
06/24/2020,"Central Shenandoah","Other Race",30,1,0
06/24/2020,"Central Shenandoah","Two or more races",9,1,0
06/24/2020,"Central Shenandoah",White,849,94,28
06/24/2020,"Central Virginia","Asian or Pacific Islander",0,0,0
06/24/2020,"Central Virginia",Black,24,2,1
06/24/2020,"Central Virginia",Latino,22,1,1
06/24/2020,"Central Virginia","Native American",0,0,0
06/24/2020,"Central Virginia","Not Reported",199,4,1
06/24/2020,"Central Virginia","Other Race",1,0,0
06/24/2020,"Central Virginia","Two or more races",0,0,0
06/24/2020,"Central Virginia",White,73,9,2
06/24/2020,Chesapeake,"Asian or Pacific Islander",22,4,2
06/24/2020,Chesapeake,Black,278,61,5
06/24/2020,Chesapeake,Latino,108,9,1
06/24/2020,Chesapeake,"Native American",8,0,0
06/24/2020,Chesapeake,"Not Reported",78,2,0
06/24/2020,Chesapeake,"Other Race",8,1,0
06/24/2020,Chesapeake,"Two or more races",5,0,0
06/24/2020,Chesapeake,White,285,39,8
06/24/2020,Chesterfield,"Asian or Pacific Islander",26,1,0
06/24/2020,Chesterfield,Black,376,50,13
06/24/2020,Chesterfield,Latino,579,22,1
06/24/2020,Chesterfield,"Native American",3,0,0
06/24/2020,Chesterfield,"Not Reported",1274,3,14
06/24/2020,Chesterfield,"Other Race",180,6,0
06/24/2020,Chesterfield,"Two or more races",5,0,0
06/24/2020,Chesterfield,White,477,50,40
06/24/2020,Chickahominy,"Asian or Pacific Islander",2,1,0
06/24/2020,Chickahominy,Black,108,33,9
06/24/2020,Chickahominy,Latino,40,3,0
06/24/2020,Chickahominy,"Native American",1,1,0
06/24/2020,Chickahominy,"Not Reported",192,3,1
06/24/2020,Chickahominy,"Other Race",10,3,0
06/24/2020,Chickahominy,"Two or more races",1,1,0
06/24/2020,Chickahominy,White,264,60,26
06/24/2020,Crater,"Asian or Pacific Islander",3,0,0
06/24/2020,Crater,Black,657,101,11
06/24/2020,Crater,Latino,103,2,2
06/24/2020,Crater,"Native American",2,0,0
06/24/2020,Crater,"Not Reported",346,4,2
06/24/2020,Crater,"Other Race",12,0,0
06/24/2020,Crater,"Two or more races",1,0,0
06/24/2020,Crater,White,273,26,6
06/24/2020,"Cumberland Plateau",Black,12,0,0
06/24/2020,"Cumberland Plateau",Latino,0,0,0
06/24/2020,"Cumberland Plateau","Not Reported",2,0,0
06/24/2020,"Cumberland Plateau","Other Race",0,0,0
06/24/2020,"Cumberland Plateau","Two or more races",0,0,0
06/24/2020,"Cumberland Plateau",White,25,2,0
06/24/2020,"Cumberland Plateau and Lenowisco","Asian or Pacific Islander",0,0,0
06/24/2020,"Cumberland Plateau, Lenowisco, and Mount Rogers","Native American",0,0,0
06/24/2020,"Eastern Shore",Black,768,83,25
06/24/2020,"Eastern Shore",Latino,240,7,3
06/24/2020,"Eastern Shore","Not Reported",104,0,0
06/24/2020,"Eastern Shore","Other Race",12,1,0
06/24/2020,"Eastern Shore","Two or more races",1,1,0
06/24/2020,"Eastern Shore",White,176,15,14
06/24/2020,"Eastern Shore and Three Rivers","Asian or Pacific Islander",7,1,0
06/24/2020,"Eastern Shore and Three Rivers","Native American",1,0,0
06/24/2020,Fairfax,"Asian or Pacific Islander",1054,198,58
06/24/2020,Fairfax,Black,777,168,41
06/24/2020,Fairfax,Latino,6975,726,59
06/24/2020,Fairfax,"Native American",18,1,1
06/24/2020,Fairfax,"Not Reported",2433,77,53
06/24/2020,Fairfax,"Other Race",499,55,11
06/24/2020,Fairfax,"Two or more races",16,2,0
06/24/2020,Fairfax,White,1942,370,241
06/24/2020,Hampton,"Asian or Pacific Islander",3,0,0
06/24/2020,Hampton,Black,131,27,5
06/24/2020,Hampton,Latino,34,3,0
06/24/2020,Hampton,"Native American",0,0,0
06/24/2020,Hampton,"Not Reported",53,0,0
06/24/2020,Hampton,"Other Race",4,2,0
06/24/2020,Hampton,"Two or more races",2,0,0
06/24/2020,Hampton,White,49,6,0
06/24/2020,Henrico,"Asian or Pacific Islander",109,5,3
06/24/2020,Henrico,Black,704,118,59
06/24/2020,Henrico,Latino,471,34,3
06/24/2020,Henrico,"Native American",7,0,0
06/24/2020,Henrico,"Not Reported",522,3,1
06/24/2020,Henrico,"Other Race",66,9,1
06/24/2020,Henrico,"Two or more races",5,0,0
06/24/2020,Henrico,White,579,71,71
06/24/2020,Lenowisco,Black,1,0,0
06/24/2020,Lenowisco,Latino,0,0,0
06/24/2020,Lenowisco,"Not Reported",7,1,1
06/24/2020,Lenowisco,"Other Race",1,0,0
06/24/2020,Lenowisco,"Two or more races",0,0,0
06/24/2020,Lenowisco,White,40,15,3
06/24/2020,"Lord Fairfax","Asian or Pacific Islander",5,0,0
06/24/2020,"Lord Fairfax",Black,69,5,1
06/24/2020,"Lord Fairfax",Latino,510,36,8
06/24/2020,"Lord Fairfax","Native American",2,1,1
06/24/2020,"Lord Fairfax","Not Reported",253,3,4
06/24/2020,"Lord Fairfax","Other Race",66,5,0
06/24/2020,"Lord Fairfax","Two or more races",9,0,0
06/24/2020,"Lord Fairfax",White,972,110,48
06/24/2020,Loudoun,"Asian or Pacific Islander",150,34,8
06/24/2020,Loudoun,Black,118,17,3
06/24/2020,Loudoun,Latino,900,116,8
06/24/2020,Loudoun,"Native American",1,0,0
06/24/2020,Loudoun,"Not Reported",1857,3,2
06/24/2020,Loudoun,"Other Race",111,4,2
06/24/2020,Loudoun,"Two or more races",10,0,0
06/24/2020,Loudoun,White,536,84,61
06/24/2020,"Mount Rogers","Asian or Pacific Islander",2,1,0
06/24/2020,"Mount Rogers",Black,24,4,2
06/24/2020,"Mount Rogers",Latino,161,1,0
06/24/2020,"Mount Rogers","Not Reported",36,0,1
06/24/2020,"Mount Rogers","Other Race",2,0,0
06/24/2020,"Mount Rogers","Two or more races",3,0,0
06/24/2020,"Mount Rogers",White,428,60,24
06/24/2020,"New River","Asian or Pacific Islander",1,0,0
06/24/2020,"New River",Black,10,3,0
06/24/2020,"New River",Latino,17,1,0
06/24/2020,"New River","Native American",0,0,0
06/24/2020,"New River","Not Reported",40,0,0
06/24/2020,"New River","Other Race",0,0,0
06/24/2020,"New River","Two or more races",0,0,0
06/24/2020,"New River",White,120,17,4
06/24/2020,Norfolk,"Asian or Pacific Islander",13,1,0
06/24/2020,Norfolk,Black,367,59,5
06/24/2020,Norfolk,Latino,137,14,0
06/24/2020,Norfolk,"Native American",0,0,0
06/24/2020,Norfolk,"Not Reported",124,0,0
06/24/2020,Norfolk,"Other Race",15,2,0
06/24/2020,Norfolk,"Two or more races",1,0,0
06/24/2020,Norfolk,White,114,17,2
06/24/2020,Peninsula,"Asian or Pacific Islander",8,2,1
06/24/2020,Peninsula,Black,223,34,10
06/24/2020,Peninsula,Latino,152,10,0
06/24/2020,Peninsula,"Native American",2,0,0
06/24/2020,Peninsula,"Not Reported",165,1,0
06/24/2020,Peninsula,"Other Race",17,1,0
06/24/2020,Peninsula,"Two or more races",7,2,0
06/24/2020,Peninsula,White,312,74,22
06/24/2020,Piedmont,"Asian or Pacific Islander",4,0,0
06/24/2020,Piedmont,Black,334,47,2
06/24/2020,Piedmont,Latino,39,0,1
06/24/2020,Piedmont,"Native American",1,0,0
06/24/2020,Piedmont,"Not Reported",318,10,4
06/24/2020,Piedmont,"Other Race",7,1,0
06/24/2020,Piedmont,"Two or more races",2,0,0
06/24/2020,Piedmont,White,284,23,3
06/24/2020,Pittsylvania-Danville,"Asian or Pacific Islander",0,0,0
06/24/2020,Pittsylvania-Danville,Black,52,11,0
06/24/2020,Pittsylvania-Danville,Latino,26,2,0
06/24/2020,Pittsylvania-Danville,"Not Reported",17,4,0
06/24/2020,Pittsylvania-Danville,"Other Race",0,0,0
06/24/2020,Pittsylvania-Danville,"Two or more races",0,0,0
06/24/2020,Pittsylvania-Danville,White,66,16,3
06/24/2020,"Pittsylvania-Danville and Southside","Native American",0,0,0
06/24/2020,Portsmouth,"Asian or Pacific Islander",3,2,0
06/24/2020,Portsmouth,Black,218,49,12
06/24/2020,Portsmouth,Latino,17,3,0
06/24/2020,Portsmouth,"Native American",1,0,0
06/24/2020,Portsmouth,"Not Reported",97,1,1
06/24/2020,Portsmouth,"Other Race",14,0,0
06/24/2020,Portsmouth,"Two or more races",2,1,0
06/24/2020,Portsmouth,White,74,10,3
06/24/2020,"Prince William","Asian or Pacific Islander",233,40,11
06/24/2020,"Prince William",Black,617,113,34
06/24/2020,"Prince William",Latino,3742,474,44
06/24/2020,"Prince William","Native American",12,1,0
06/24/2020,"Prince William","Not Reported",3230,17,0
06/24/2020,"Prince William","Other Race",230,8,0
06/24/2020,"Prince William","Two or more races",7,1,0
06/24/2020,"Prince William",White,753,118,68
06/24/2020,Rappahannock,"Asian or Pacific Islander",37,7,0
06/24/2020,Rappahannock,Black,254,40,9
06/24/2020,Rappahannock,Latino,798,75,4
06/24/2020,Rappahannock,"Native American",3,0,0
06/24/2020,Rappahannock,"Not Reported",696,24,1
06/24/2020,Rappahannock,"Other Race",38,3,0
06/24/2020,Rappahannock,"Two or more races",10,1,0
06/24/2020,Rappahannock,White,493,60,25
06/24/2020,"Rappahannock Rapidan","Asian or Pacific Islander",5,1,0
06/24/2020,"Rappahannock Rapidan",Black,74,15,4
06/24/2020,"Rappahannock Rapidan",Latino,629,48,5
06/24/2020,"Rappahannock Rapidan","Native American",0,0,0
06/24/2020,"Rappahannock Rapidan","Not Reported",410,10,2
06/24/2020,"Rappahannock Rapidan","Other Race",21,2,0
06/24/2020,"Rappahannock Rapidan","Two or more races",10,0,0
06/24/2020,"Rappahannock Rapidan",White,274,30,7
06/24/2020,Richmond,"Asian or Pacific Islander",6,2,0
06/24/2020,Richmond,Black,522,109,22
06/24/2020,Richmond,Latino,764,61,3
06/24/2020,Richmond,"Native American",0,0,0
06/24/2020,Richmond,"Not Reported",496,2,0
06/24/2020,Richmond,"Other Race",103,9,1
06/24/2020,Richmond,"Two or more races",4,1,0
06/24/2020,Richmond,White,176,19,5
06/24/2020,Roanoke,"Asian or Pacific Islander",1,0,0
06/24/2020,Roanoke,Black,33,7,2
06/24/2020,Roanoke,Latino,132,1,0
06/24/2020,Roanoke,"Not Reported",116,1,0
06/24/2020,Roanoke,"Other Race",1,0,0
06/24/2020,Roanoke,"Two or more races",0,0,0
06/24/2020,Roanoke,White,76,5,8
06/24/2020,Southside,"Asian or Pacific Islander",1,0,0
06/24/2020,Southside,Black,96,18,7
06/24/2020,Southside,Latino,2,1,0
06/24/2020,Southside,"Not Reported",156,13,7
06/24/2020,Southside,"Other Race",6,0,1
06/24/2020,Southside,"Two or more races",20,0,0
06/24/2020,Southside,White,90,15,13
06/24/2020,"Thomas Jefferson","Asian or Pacific Islander",8,0,0
06/24/2020,"Thomas Jefferson",Black,137,40,4
06/24/2020,"Thomas Jefferson",Latino,252,8,0
06/24/2020,"Thomas Jefferson","Native American",2,0,0
06/24/2020,"Thomas Jefferson","Not Reported",94,0,0
06/24/2020,"Thomas Jefferson","Other Race",32,3,1
06/24/2020,"Thomas Jefferson","Two or more races",3,0,0
06/24/2020,"Thomas Jefferson",White,304,32,14
06/24/2020,"Three Rivers",Black,181,18,4
06/24/2020,"Three Rivers",Latino,70,3,0
06/24/2020,"Three Rivers","Not Reported",123,3,0
06/24/2020,"Three Rivers","Other Race",6,1,0
06/24/2020,"Three Rivers","Two or more races",3,0,0
06/24/2020,"Three Rivers",White,219,22,6
06/24/2020,"Virginia Beach","Asian or Pacific Islander",54,12,1
06/24/2020,"Virginia Beach",Black,260,25,4
06/24/2020,"Virginia Beach",Latino,113,12,2
06/24/2020,"Virginia Beach","Native American",0,0,0
06/24/2020,"Virginia Beach","Not Reported",149,4,1
06/24/2020,"Virginia Beach","Other Race",12,1,0
06/24/2020,"Virginia Beach","Two or more races",11,2,0
06/24/2020,"Virginia Beach",White,439,62,19
06/24/2020,"West Piedmont","Asian or Pacific Islander",10,1,1
06/24/2020,"West Piedmont",Black,81,20,2
06/24/2020,"West Piedmont",Latino,121,6,0
06/24/2020,"West Piedmont","Native American",0,0,0
06/24/2020,"West Piedmont","Not Reported",32,1,0
06/24/2020,"West Piedmont","Other Race",1,0,0
06/24/2020,"West Piedmont","Two or more races",0,0,0
06/24/2020,"West Piedmont",White,147,10,4
06/24/2020,"Western Tidewater","Asian or Pacific Islander",5,1,0
06/24/2020,"Western Tidewater",Black,293,44,20
06/24/2020,"Western Tidewater",Latino,9,1,0
06/24/2020,"Western Tidewater","Native American",0,0,0
06/24/2020,"Western Tidewater","Not Reported",229,1,0
06/24/2020,"Western Tidewater","Other Race",16,0,0
06/24/2020,"Western Tidewater","Two or more races",2,0,0
06/24/2020,"Western Tidewater",White,197,33,26
06/25/2020,Alexandria,"Asian or Pacific Islander",82,7,1
06/25/2020,Alexandria,Black,331,61,13
06/25/2020,Alexandria,Latino,1252,104,7
06/25/2020,Alexandria,"Native American",3,0,0
06/25/2020,Alexandria,"Not Reported",127,6,0
06/25/2020,Alexandria,"Other Race",40,4,2
06/25/2020,Alexandria,"Two or more races",4,1,0
06/25/2020,Alexandria,White,432,48,27
06/25/2020,Alleghany,"Asian or Pacific Islander",3,0,0
06/25/2020,Alleghany,Black,10,2,1
06/25/2020,Alleghany,Latino,61,5,0
06/25/2020,Alleghany,"Not Reported",115,1,0
06/25/2020,Alleghany,"Other Race",2,0,0
06/25/2020,Alleghany,"Two or more races",0,0,0
06/25/2020,Alleghany,White,168,23,13
06/25/2020,"Alleghany and Roanoke","Native American",0,0,0
06/25/2020,Arlington,"Asian or Pacific Islander",122,22,12
06/25/2020,Arlington,Black,200,64,29
06/25/2020,Arlington,Latino,1201,201,22
06/25/2020,Arlington,"Native American",2,0,0
06/25/2020,Arlington,"Not Reported",148,9,2
06/25/2020,Arlington,"Other Race",45,6,2
06/25/2020,Arlington,"Two or more races",16,2,0
06/25/2020,Arlington,White,711,112,60
06/25/2020,"Central Shenandoah","Asian or Pacific Islander",17,2,0
06/25/2020,"Central Shenandoah",Black,88,6,2
06/25/2020,"Central Shenandoah",Latino,751,46,4
06/25/2020,"Central Shenandoah","Native American",1,1,0
06/25/2020,"Central Shenandoah","Not Reported",183,4,0
06/25/2020,"Central Shenandoah","Other Race",31,1,0
06/25/2020,"Central Shenandoah","Two or more races",9,1,0
06/25/2020,"Central Shenandoah",White,871,94,28
06/25/2020,"Central Virginia","Asian or Pacific Islander",0,0,0
06/25/2020,"Central Virginia",Black,24,2,1
06/25/2020,"Central Virginia",Latino,22,1,1
06/25/2020,"Central Virginia","Native American",0,0,0
06/25/2020,"Central Virginia","Not Reported",206,4,1
06/25/2020,"Central Virginia","Other Race",1,0,0
06/25/2020,"Central Virginia","Two or more races",0,0,0
06/25/2020,"Central Virginia",White,78,9,2
06/25/2020,Chesapeake,"Asian or Pacific Islander",22,4,2
06/25/2020,Chesapeake,Black,282,61,5
06/25/2020,Chesapeake,Latino,108,9,1
06/25/2020,Chesapeake,"Native American",8,0,0
06/25/2020,Chesapeake,"Not Reported",82,2,0
06/25/2020,Chesapeake,"Other Race",8,1,0
06/25/2020,Chesapeake,"Two or more races",5,0,0
06/25/2020,Chesapeake,White,285,39,8
06/25/2020,Chesterfield,"Asian or Pacific Islander",26,1,0
06/25/2020,Chesterfield,Black,379,50,13
06/25/2020,Chesterfield,Latino,590,22,1
06/25/2020,Chesterfield,"Native American",3,0,0
06/25/2020,Chesterfield,"Not Reported",1286,3,14
06/25/2020,Chesterfield,"Other Race",179,6,0
06/25/2020,Chesterfield,"Two or more races",5,0,0
06/25/2020,Chesterfield,White,483,51,40
06/25/2020,Chickahominy,"Asian or Pacific Islander",2,1,0
06/25/2020,Chickahominy,Black,108,33,9
06/25/2020,Chickahominy,Latino,40,3,0
06/25/2020,Chickahominy,"Native American",1,1,0
06/25/2020,Chickahominy,"Not Reported",195,3,1
06/25/2020,Chickahominy,"Other Race",10,3,0
06/25/2020,Chickahominy,"Two or more races",1,1,0
06/25/2020,Chickahominy,White,264,59,25
06/25/2020,Crater,"Asian or Pacific Islander",3,0,0
06/25/2020,Crater,Black,663,104,12
06/25/2020,Crater,Latino,105,3,2
06/25/2020,Crater,"Native American",2,0,0
06/25/2020,Crater,"Not Reported",344,4,2
06/25/2020,Crater,"Other Race",13,0,0
06/25/2020,Crater,"Two or more races",1,0,0
06/25/2020,Crater,White,277,25,5
06/25/2020,"Cumberland Plateau",Black,12,0,0
06/25/2020,"Cumberland Plateau",Latino,0,0,0
06/25/2020,"Cumberland Plateau","Not Reported",3,0,0
06/25/2020,"Cumberland Plateau","Other Race",0,0,0
06/25/2020,"Cumberland Plateau","Two or more races",0,0,0
06/25/2020,"Cumberland Plateau",White,26,2,0
06/25/2020,"Cumberland Plateau and Lenowisco","Asian or Pacific Islander",0,0,0
06/25/2020,"Cumberland Plateau, Lenowisco, and Mount Rogers","Native American",0,0,0
06/25/2020,"Eastern Shore",Black,771,85,25
06/25/2020,"Eastern Shore",Latino,241,7,3
06/25/2020,"Eastern Shore","Not Reported",102,0,0
06/25/2020,"Eastern Shore","Other Race",12,1,0
06/25/2020,"Eastern Shore","Two or more races",1,1,0
06/25/2020,"Eastern Shore",White,176,15,14
06/25/2020,"Eastern Shore and Three Rivers","Asian or Pacific Islander",7,1,0
06/25/2020,"Eastern Shore and Three Rivers","Native American",1,0,0
06/25/2020,Fairfax,"Asian or Pacific Islander",1059,198,59
06/25/2020,Fairfax,Black,778,169,41
06/25/2020,Fairfax,Latino,7016,732,61
06/25/2020,Fairfax,"Native American",19,1,1
06/25/2020,Fairfax,"Not Reported",2402,75,53
06/25/2020,Fairfax,"Other Race",496,55,11
06/25/2020,Fairfax,"Two or more races",16,2,0
06/25/2020,Fairfax,White,1951,372,245
06/25/2020,Hampton,"Asian or Pacific Islander",3,0,0
06/25/2020,Hampton,Black,133,27,5
06/25/2020,Hampton,Latino,34,3,0
06/25/2020,Hampton,"Native American",0,0,0
06/25/2020,Hampton,"Not Reported",54,0,0
06/25/2020,Hampton,"Other Race",4,2,0
06/25/2020,Hampton,"Two or more races",2,0,0
06/25/2020,Hampton,White,51,6,0
06/25/2020,Henrico,"Asian or Pacific Islander",109,5,3
06/25/2020,Henrico,Black,708,118,60
06/25/2020,Henrico,Latino,485,36,4
06/25/2020,Henrico,"Native American",7,0,0
06/25/2020,Henrico,"Not Reported",535,3,1
06/25/2020,Henrico,"Other Race",63,8,1
06/25/2020,Henrico,"Two or more races",5,0,0
06/25/2020,Henrico,White,588,72,71
06/25/2020,Lenowisco,Black,1,0,0
06/25/2020,Lenowisco,Latino,0,0,0
06/25/2020,Lenowisco,"Not Reported",7,1,1
06/25/2020,Lenowisco,"Other Race",1,0,0
06/25/2020,Lenowisco,"Two or more races",0,0,0
06/25/2020,Lenowisco,White,40,15,3
06/25/2020,"Lord Fairfax","Asian or Pacific Islander",5,0,0
06/25/2020,"Lord Fairfax",Black,70,6,1
06/25/2020,"Lord Fairfax",Latino,512,36,8
06/25/2020,"Lord Fairfax","Native American",2,1,1
06/25/2020,"Lord Fairfax","Not Reported",250,3,4
06/25/2020,"Lord Fairfax","Other Race",66,5,0
06/25/2020,"Lord Fairfax","Two or more races",9,0,0
06/25/2020,"Lord Fairfax",White,985,111,49
06/25/2020,Loudoun,"Asian or Pacific Islander",152,34,8
06/25/2020,Loudoun,Black,120,17,3
06/25/2020,Loudoun,Latino,911,118,8
06/25/2020,Loudoun,"Native American",1,0,0
06/25/2020,Loudoun,"Not Reported",1883,3,2
06/25/2020,Loudoun,"Other Race",117,4,2
06/25/2020,Loudoun,"Two or more races",10,0,0
06/25/2020,Loudoun,White,545,85,62
06/25/2020,"Mount Rogers","Asian or Pacific Islander",2,1,0
06/25/2020,"Mount Rogers",Black,24,5,2
06/25/2020,"Mount Rogers",Latino,165,1,0
06/25/2020,"Mount Rogers","Not Reported",36,0,1
06/25/2020,"Mount Rogers","Other Race",2,0,0
06/25/2020,"Mount Rogers","Two or more races",3,0,0
06/25/2020,"Mount Rogers",White,436,61,24
06/25/2020,"New River","Asian or Pacific Islander",1,0,0
06/25/2020,"New River",Black,10,3,0
06/25/2020,"New River",Latino,17,1,0
06/25/2020,"New River","Native American",0,0,0
06/25/2020,"New River","Not Reported",39,0,0
06/25/2020,"New River","Other Race",0,0,0
06/25/2020,"New River","Two or more races",0,0,0
06/25/2020,"New River",White,121,18,5
06/25/2020,Norfolk,"Asian or Pacific Islander",13,1,0
06/25/2020,Norfolk,Black,380,61,6
06/25/2020,Norfolk,Latino,142,14,0
06/25/2020,Norfolk,"Native American",0,0,0
06/25/2020,Norfolk,"Not Reported",129,0,0
06/25/2020,Norfolk,"Other Race",15,2,0
06/25/2020,Norfolk,"Two or more races",1,0,0
06/25/2020,Norfolk,White,115,17,2
06/25/2020,Peninsula,"Asian or Pacific Islander",9,2,1
06/25/2020,Peninsula,Black,227,34,10
06/25/2020,Peninsula,Latino,154,11,0
06/25/2020,Peninsula,"Native American",2,0,0
06/25/2020,Peninsula,"Not Reported",160,1,0
06/25/2020,Peninsula,"Other Race",18,1,0
06/25/2020,Peninsula,"Two or more races",7,2,0
06/25/2020,Peninsula,White,314,75,23
06/25/2020,Piedmont,"Asian or Pacific Islander",4,0,0
06/25/2020,Piedmont,Black,338,47,2
06/25/2020,Piedmont,Latino,43,0,1
06/25/2020,Piedmont,"Native American",1,0,0
06/25/2020,Piedmont,"Not Reported",313,10,4
06/25/2020,Piedmont,"Other Race",7,1,0
06/25/2020,Piedmont,"Two or more races",2,0,0
06/25/2020,Piedmont,White,285,23,3
06/25/2020,Pittsylvania-Danville,"Asian or Pacific Islander",0,0,0
06/25/2020,Pittsylvania-Danville,Black,55,12,0
06/25/2020,Pittsylvania-Danville,Latino,27,2,0
06/25/2020,Pittsylvania-Danville,"Not Reported",18,5,0
06/25/2020,Pittsylvania-Danville,"Other Race",0,0,0
06/25/2020,Pittsylvania-Danville,"Two or more races",0,0,0
06/25/2020,Pittsylvania-Danville,White,68,17,3
06/25/2020,"Pittsylvania-Danville and Southside","Native American",0,0,0
06/25/2020,Portsmouth,"Asian or Pacific Islander",3,2,0
06/25/2020,Portsmouth,Black,223,50,12
06/25/2020,Portsmouth,Latino,19,3,0
06/25/2020,Portsmouth,"Native American",2,0,0
06/25/2020,Portsmouth,"Not Reported",104,1,1
06/25/2020,Portsmouth,"Other Race",14,0,0
06/25/2020,Portsmouth,"Two or more races",3,1,0
06/25/2020,Portsmouth,White,74,10,3
06/25/2020,"Prince William","Asian or Pacific Islander",236,40,11
06/25/2020,"Prince William",Black,619,114,34
06/25/2020,"Prince William",Latino,3775,476,45
06/25/2020,"Prince William","Native American",12,1,0
06/25/2020,"Prince William","Not Reported",3216,17,0
06/25/2020,"Prince William","Other Race",232,9,0
06/25/2020,"Prince William","Two or more races",8,1,0
06/25/2020,"Prince William",White,757,119,68
06/25/2020,Rappahannock,"Asian or Pacific Islander",37,7,0
06/25/2020,Rappahannock,Black,255,41,9
06/25/2020,Rappahannock,Latino,802,76,4
06/25/2020,Rappahannock,"Native American",3,0,0
06/25/2020,Rappahannock,"Not Reported",702,23,1
06/25/2020,Rappahannock,"Other Race",39,3,0
06/25/2020,Rappahannock,"Two or more races",10,1,0
06/25/2020,Rappahannock,White,495,60,25
06/25/2020,"Rappahannock Rapidan","Asian or Pacific Islander",5,1,0
06/25/2020,"Rappahannock Rapidan",Black,75,15,4
06/25/2020,"Rappahannock Rapidan",Latino,624,48,5
06/25/2020,"Rappahannock Rapidan","Native American",0,0,0
06/25/2020,"Rappahannock Rapidan","Not Reported",412,10,2
06/25/2020,"Rappahannock Rapidan","Other Race",21,2,0
06/25/2020,"Rappahannock Rapidan","Two or more races",10,0,0
06/25/2020,"Rappahannock Rapidan",White,276,30,7
06/25/2020,Richmond,"Asian or Pacific Islander",7,2,0
06/25/2020,Richmond,Black,524,110,21
06/25/2020,Richmond,Latino,793,64,3
06/25/2020,Richmond,"Native American",0,0,0
06/25/2020,Richmond,"Not Reported",485,2,0
06/25/2020,Richmond,"Other Race",99,8,1
06/25/2020,Richmond,"Two or more races",4,1,0
06/25/2020,Richmond,White,177,19,5
06/25/2020,Roanoke,"Asian or Pacific Islander",1,0,0
06/25/2020,Roanoke,Black,33,7,2
06/25/2020,Roanoke,Latino,132,1,0
06/25/2020,Roanoke,"Not Reported",116,1,0
06/25/2020,Roanoke,"Other Race",1,0,0
06/25/2020,Roanoke,"Two or more races",0,0,0
06/25/2020,Roanoke,White,76,5,8
06/25/2020,Southside,"Asian or Pacific Islander",1,0,0
06/25/2020,Southside,Black,96,17,7
06/25/2020,Southside,Latino,1,0,0
06/25/2020,Southside,"Not Reported",160,15,8
06/25/2020,Southside,"Other Race",6,0,1
06/25/2020,Southside,"Two or more races",21,0,0
06/25/2020,Southside,White,90,14,12
06/25/2020,"Thomas Jefferson","Asian or Pacific Islander",9,0,0
06/25/2020,"Thomas Jefferson",Black,139,40,4
06/25/2020,"Thomas Jefferson",Latino,263,8,0
06/25/2020,"Thomas Jefferson","Native American",2,0,0
06/25/2020,"Thomas Jefferson","Not Reported",96,0,0
06/25/2020,"Thomas Jefferson","Other Race",32,3,1
06/25/2020,"Thomas Jefferson","Two or more races",3,0,0
06/25/2020,"Thomas Jefferson",White,310,32,14
06/25/2020,"Three Rivers",Black,182,18,4
06/25/2020,"Three Rivers",Latino,70,3,0
06/25/2020,"Three Rivers","Not Reported",124,3,0
06/25/2020,"Three Rivers","Other Race",6,1,0
06/25/2020,"Three Rivers","Two or more races",3,0,0
06/25/2020,"Three Rivers",White,219,22,6
06/25/2020,"Virginia Beach","Asian or Pacific Islander",55,12,1
06/25/2020,"Virginia Beach",Black,264,25,4
06/25/2020,"Virginia Beach",Latino,114,12,2
06/25/2020,"Virginia Beach","Native American",0,0,0
06/25/2020,"Virginia Beach","Not Reported",152,4,1
06/25/2020,"Virginia Beach","Other Race",12,1,0
06/25/2020,"Virginia Beach","Two or more races",11,2,0
06/25/2020,"Virginia Beach",White,445,62,19
06/25/2020,"West Piedmont","Asian or Pacific Islander",10,1,1
06/25/2020,"West Piedmont",Black,81,20,2
06/25/2020,"West Piedmont",Latino,122,6,0
06/25/2020,"West Piedmont","Native American",0,0,0
06/25/2020,"West Piedmont","Not Reported",29,1,0
06/25/2020,"West Piedmont","Other Race",1,0,0
06/25/2020,"West Piedmont","Two or more races",0,0,0
06/25/2020,"West Piedmont",White,151,10,4
06/25/2020,"Western Tidewater","Asian or Pacific Islander",5,1,0
06/25/2020,"Western Tidewater",Black,295,44,20
06/25/2020,"Western Tidewater",Latino,9,1,0
06/25/2020,"Western Tidewater","Native American",0,0,0
06/25/2020,"Western Tidewater","Not Reported",233,1,0
06/25/2020,"Western Tidewater","Other Race",16,0,0
06/25/2020,"Western Tidewater","Two or more races",2,0,0
06/25/2020,"Western Tidewater",White,198,34,26
06/26/2020,Alexandria,"Asian or Pacific Islander",83,8,1
06/26/2020,Alexandria,Black,332,61,13
06/26/2020,Alexandria,Latino,1258,109,9
06/26/2020,Alexandria,"Native American",3,0,0
06/26/2020,Alexandria,"Not Reported",136,6,0
06/26/2020,Alexandria,"Other Race",38,4,2
06/26/2020,Alexandria,"Two or more races",4,1,0
06/26/2020,Alexandria,White,433,48,31
06/26/2020,Alleghany,"Asian or Pacific Islander",3,0,0
06/26/2020,Alleghany,Black,10,2,1
06/26/2020,Alleghany,Latino,61,5,0
06/26/2020,Alleghany,"Not Reported",115,1,0
06/26/2020,Alleghany,"Other Race",2,0,0
06/26/2020,Alleghany,"Two or more races",0,0,0
06/26/2020,Alleghany,White,167,23,13
06/26/2020,"Alleghany and Roanoke","Native American",0,0,0
06/26/2020,Arlington,"Asian or Pacific Islander",122,22,12
06/26/2020,Arlington,Black,200,64,29
06/26/2020,Arlington,Latino,1202,201,23
06/26/2020,Arlington,"Native American",2,0,0
06/26/2020,Arlington,"Not Reported",148,9,3
06/26/2020,Arlington,"Other Race",45,6,2
06/26/2020,Arlington,"Two or more races",16,2,0
06/26/2020,Arlington,White,714,113,63
06/26/2020,"Central Shenandoah","Asian or Pacific Islander",17,2,0
06/26/2020,"Central Shenandoah",Black,88,7,2
06/26/2020,"Central Shenandoah",Latino,758,47,4
06/26/2020,"Central Shenandoah","Native American",1,1,0
06/26/2020,"Central Shenandoah","Not Reported",184,4,0
06/26/2020,"Central Shenandoah","Other Race",31,1,0
06/26/2020,"Central Shenandoah","Two or more races",9,1,0
06/26/2020,"Central Shenandoah",White,885,97,28
06/26/2020,"Central Virginia","Asian or Pacific Islander",0,0,0
06/26/2020,"Central Virginia",Black,24,2,1
06/26/2020,"Central Virginia",Latino,22,1,1
06/26/2020,"Central Virginia","Native American",0,0,0
06/26/2020,"Central Virginia","Not Reported",226,4,1
06/26/2020,"Central Virginia","Other Race",1,0,0
06/26/2020,"Central Virginia","Two or more races",0,0,0
06/26/2020,"Central Virginia",White,80,9,2
06/26/2020,Chesapeake,"Asian or Pacific Islander",23,4,2
06/26/2020,Chesapeake,Black,293,65,6
06/26/2020,Chesapeake,Latino,111,10,1
06/26/2020,Chesapeake,"Native American",8,0,0
06/26/2020,Chesapeake,"Not Reported",98,2,0
06/26/2020,Chesapeake,"Other Race",8,2,0
06/26/2020,Chesapeake,"Two or more races",6,1,0
06/26/2020,Chesapeake,White,299,40,9
06/26/2020,Chesterfield,"Asian or Pacific Islander",26,1,0
06/26/2020,Chesterfield,Black,381,50,13
06/26/2020,Chesterfield,Latino,612,21,1
06/26/2020,Chesterfield,"Native American",3,0,0
06/26/2020,Chesterfield,"Not Reported",1309,3,13
06/26/2020,Chesterfield,"Other Race",179,6,0
06/26/2020,Chesterfield,"Two or more races",5,0,0
06/26/2020,Chesterfield,White,486,53,41
06/26/2020,Chickahominy,"Asian or Pacific Islander",2,1,0
06/26/2020,Chickahominy,Black,110,34,9
06/26/2020,Chickahominy,Latino,40,3,0
06/26/2020,Chickahominy,"Native American",1,1,0
06/26/2020,Chickahominy,"Not Reported",194,3,1
06/26/2020,Chickahominy,"Other Race",10,3,0
06/26/2020,Chickahominy,"Two or more races",1,1,0
06/26/2020,Chickahominy,White,269,60,25
06/26/2020,Crater,"Asian or Pacific Islander",3,0,0
06/26/2020,Crater,Black,672,106,12
06/26/2020,Crater,Latino,108,4,2
06/26/2020,Crater,"Native American",2,0,0
06/26/2020,Crater,"Not Reported",348,4,2
06/26/2020,Crater,"Other Race",14,0,0
06/26/2020,Crater,"Two or more races",2,0,0
06/26/2020,Crater,White,278,26,5
06/26/2020,"Cumberland Plateau",Black,12,0,0
06/26/2020,"Cumberland Plateau",Latino,0,0,0
06/26/2020,"Cumberland Plateau","Not Reported",3,0,0
06/26/2020,"Cumberland Plateau","Other Race",0,0,0
06/26/2020,"Cumberland Plateau","Two or more races",0,0,0
06/26/2020,"Cumberland Plateau",White,26,2,0
06/26/2020,"Cumberland Plateau and Lenowisco","Asian or Pacific Islander",0,0,0
06/26/2020,"Cumberland Plateau, Lenowisco, and Mount Rogers","Native American",0,0,0
06/26/2020,"Eastern Shore",Black,771,86,25
06/26/2020,"Eastern Shore",Latino,241,7,3
06/26/2020,"Eastern Shore","Not Reported",102,0,0
06/26/2020,"Eastern Shore","Other Race",12,1,0
06/26/2020,"Eastern Shore","Two or more races",1,1,0
06/26/2020,"Eastern Shore",White,176,15,14
06/26/2020,"Eastern Shore and Three Rivers","Asian or Pacific Islander",7,1,0
06/26/2020,"Eastern Shore and Three Rivers","Native American",1,0,0
06/26/2020,Fairfax,"Asian or Pacific Islander",1062,200,60
06/26/2020,Fairfax,Black,785,169,44
06/26/2020,Fairfax,Latino,7054,736,61
06/26/2020,Fairfax,"Native American",20,1,1
06/26/2020,Fairfax,"Not Reported",2375,76,51
06/26/2020,Fairfax,"Other Race",500,57,11
06/26/2020,Fairfax,"Two or more races",16,2,0
06/26/2020,Fairfax,White,1966,375,249
06/26/2020,Hampton,"Asian or Pacific Islander",3,0,0
06/26/2020,Hampton,Black,139,28,5
06/26/2020,Hampton,Latino,34,3,0
06/26/2020,Hampton,"Native American",0,0,0
06/26/2020,Hampton,"Not Reported",61,0,0
06/26/2020,Hampton,"Other Race",4,2,0
06/26/2020,Hampton,"Two or more races",2,0,0
06/26/2020,Hampton,White,53,6,0
06/26/2020,Henrico,"Asian or Pacific Islander",110,5,3
06/26/2020,Henrico,Black,715,118,60
06/26/2020,Henrico,Latino,523,37,4
06/26/2020,Henrico,"Native American",7,0,0
06/26/2020,Henrico,"Not Reported",517,1,1
06/26/2020,Henrico,"Other Race",69,10,1
06/26/2020,Henrico,"Two or more races",6,0,0
06/26/2020,Henrico,White,596,73,72
06/26/2020,Lenowisco,Black,1,0,0
06/26/2020,Lenowisco,Latino,0,0,0
06/26/2020,Lenowisco,"Not Reported",7,1,1
06/26/2020,Lenowisco,"Other Race",1,0,0
06/26/2020,Lenowisco,"Two or more races",0,0,0
06/26/2020,Lenowisco,White,40,15,3
06/26/2020,"Lord Fairfax","Asian or Pacific Islander",5,0,0
06/26/2020,"Lord Fairfax",Black,70,6,2
06/26/2020,"Lord Fairfax",Latino,514,36,8
06/26/2020,"Lord Fairfax","Native American",2,1,1
06/26/2020,"Lord Fairfax","Not Reported",249,3,4
06/26/2020,"Lord Fairfax","Other Race",65,5,0
06/26/2020,"Lord Fairfax","Two or more races",9,0,0
06/26/2020,"Lord Fairfax",White,988,113,49
06/26/2020,Loudoun,"Asian or Pacific Islander",154,34,8
06/26/2020,Loudoun,Black,120,17,3
06/26/2020,Loudoun,Latino,927,118,8
06/26/2020,Loudoun,"Native American",1,0,0
06/26/2020,Loudoun,"Not Reported",1922,2,2
06/26/2020,Loudoun,"Other Race",117,4,2
06/26/2020,Loudoun,"Two or more races",10,0,0
06/26/2020,Loudoun,White,555,86,63
06/26/2020,"Mount Rogers","Asian or Pacific Islander",2,1,0
06/26/2020,"Mount Rogers",Black,24,5,2
06/26/2020,"Mount Rogers",Latino,165,1,0
06/26/2020,"Mount Rogers","Not Reported",36,0,1
06/26/2020,"Mount Rogers","Other Race",2,0,0
06/26/2020,"Mount Rogers","Two or more races",3,0,0
06/26/2020,"Mount Rogers",White,441,63,24
06/26/2020,"New River","Asian or Pacific Islander",1,0,0
06/26/2020,"New River",Black,10,3,0
06/26/2020,"New River",Latino,17,1,0
06/26/2020,"New River","Native American",0,0,0
06/26/2020,"New River","Not Reported",40,0,0
06/26/2020,"New River","Other Race",0,0,0
06/26/2020,"New River","Two or more races",0,0,0
06/26/2020,"New River",White,127,18,5
06/26/2020,Norfolk,"Asian or Pacific Islander",14,1,0
06/26/2020,Norfolk,Black,394,63,6
06/26/2020,Norfolk,Latino,143,14,0
06/26/2020,Norfolk,"Native American",0,0,0
06/26/2020,Norfolk,"Not Reported",133,0,0
06/26/2020,Norfolk,"Other Race",15,2,0
06/26/2020,Norfolk,"Two or more races",1,0,0
06/26/2020,Norfolk,White,122,17,2
06/26/2020,Peninsula,"Asian or Pacific Islander",9,2,1
06/26/2020,Peninsula,Black,230,34,10
06/26/2020,Peninsula,Latino,154,11,0
06/26/2020,Peninsula,"Native American",2,0,0
06/26/2020,Peninsula,"Not Reported",169,1,0
06/26/2020,Peninsula,"Other Race",19,1,0
06/26/2020,Peninsula,"Two or more races",7,2,0
06/26/2020,Peninsula,White,315,75,23
06/26/2020,Piedmont,"Asian or Pacific Islander",4,0,0
06/26/2020,Piedmont,Black,337,47,2
06/26/2020,Piedmont,Latino,44,1,1
06/26/2020,Piedmont,"Native American",1,0,0
06/26/2020,Piedmont,"Not Reported",310,10,4
06/26/2020,Piedmont,"Other Race",6,0,0
06/26/2020,Piedmont,"Two or more races",3,1,0
06/26/2020,Piedmont,White,287,23,3
06/26/2020,Pittsylvania-Danville,"Asian or Pacific Islander",0,0,0
06/26/2020,Pittsylvania-Danville,Black,58,13,0
06/26/2020,Pittsylvania-Danville,Latino,27,2,0
06/26/2020,Pittsylvania-Danville,"Not Reported",18,5,0
06/26/2020,Pittsylvania-Danville,"Other Race",0,0,0
06/26/2020,Pittsylvania-Danville,"Two or more races",0,0,0
06/26/2020,Pittsylvania-Danville,White,76,17,3
06/26/2020,"Pittsylvania-Danville and Southside","Native American",0,0,0
06/26/2020,Portsmouth,"Asian or Pacific Islander",3,2,0
06/26/2020,Portsmouth,Black,226,50,12
06/26/2020,Portsmouth,Latino,19,3,0
06/26/2020,Portsmouth,"Native American",2,0,0
06/26/2020,Portsmouth,"Not Reported",108,1,1
06/26/2020,Portsmouth,"Other Race",15,0,0
06/26/2020,Portsmouth,"Two or more races",2,1,0
06/26/2020,Portsmouth,White,74,10,3
06/26/2020,"Prince William","Asian or Pacific Islander",241,40,11
06/26/2020,"Prince William",Black,622,116,35
06/26/2020,"Prince William",Latino,3819,481,45
06/26/2020,"Prince William","Native American",12,1,0
06/26/2020,"Prince William","Not Reported",3211,17,0
06/26/2020,"Prince William","Other Race",226,8,0
06/26/2020,"Prince William","Two or more races",7,1,0
06/26/2020,"Prince William",White,767,121,68
06/26/2020,Rappahannock,"Asian or Pacific Islander",38,7,0
06/26/2020,Rappahannock,Black,258,42,9
06/26/2020,Rappahannock,Latino,816,78,4
06/26/2020,Rappahannock,"Native American",3,0,0
06/26/2020,Rappahannock,"Not Reported",709,23,1
06/26/2020,Rappahannock,"Other Race",39,3,0
06/26/2020,Rappahannock,"Two or more races",10,1,0
06/26/2020,Rappahannock,White,501,63,27
06/26/2020,"Rappahannock Rapidan","Asian or Pacific Islander",5,1,0
06/26/2020,"Rappahannock Rapidan",Black,75,16,4
06/26/2020,"Rappahannock Rapidan",Latino,626,48,5
06/26/2020,"Rappahannock Rapidan","Native American",0,0,0
06/26/2020,"Rappahannock Rapidan","Not Reported",414,10,2
06/26/2020,"Rappahannock Rapidan","Other Race",21,2,0
06/26/2020,"Rappahannock Rapidan","Two or more races",10,0,0
06/26/2020,"Rappahannock Rapidan",White,277,30,7
06/26/2020,Richmond,"Asian or Pacific Islander",7,2,0
06/26/2020,Richmond,Black,528,113,22
06/26/2020,Richmond,Latino,821,65,3
06/26/2020,Richmond,"Native American",0,0,0
06/26/2020,Richmond,"Not Reported",492,2,0
06/26/2020,Richmond,"Other Race",101,9,1
06/26/2020,Richmond,"Two or more races",4,2,0
06/26/2020,Richmond,White,180,19,4
06/26/2020,Roanoke,"Asian or Pacific Islander",1,0,0
06/26/2020,Roanoke,Black,33,7,2
06/26/2020,Roanoke,Latino,132,1,0
06/26/2020,Roanoke,"Not Reported",117,1,0
06/26/2020,Roanoke,"Other Race",1,0,0
06/26/2020,Roanoke,"Two or more races",0,0,0
06/26/2020,Roanoke,White,76,5,8
06/26/2020,Southside,"Asian or Pacific Islander",1,0,0
06/26/2020,Southside,Black,96,17,7
06/26/2020,Southside,Latino,1,0,0
06/26/2020,Southside,"Not Reported",161,15,8
06/26/2020,Southside,"Other Race",6,0,1
06/26/2020,Southside,"Two or more races",21,0,0
06/26/2020,Southside,White,90,14,12
06/26/2020,"Thomas Jefferson","Asian or Pacific Islander",9,0,0
06/26/2020,"Thomas Jefferson",Black,141,40,4
06/26/2020,"Thomas Jefferson",Latino,269,10,0
06/26/2020,"Thomas Jefferson","Native American",2,0,0
06/26/2020,"Thomas Jefferson","Not Reported",96,0,0
06/26/2020,"Thomas Jefferson","Other Race",33,3,1
06/26/2020,"Thomas Jefferson","Two or more races",3,0,0
06/26/2020,"Thomas Jefferson",White,315,34,14
06/26/2020,"Three Rivers",Black,184,17,3
06/26/2020,"Three Rivers",Latino,70,3,0
06/26/2020,"Three Rivers","Not Reported",129,3,0
06/26/2020,"Three Rivers","Other Race",6,1,0
06/26/2020,"Three Rivers","Two or more races",3,0,0
06/26/2020,"Three Rivers",White,226,23,6
06/26/2020,"Virginia Beach","Asian or Pacific Islander",56,12,1
06/26/2020,"Virginia Beach",Black,271,24,4
06/26/2020,"Virginia Beach",Latino,116,12,2
06/26/2020,"Virginia Beach","Native American",0,0,0
06/26/2020,"Virginia Beach","Not Reported",167,4,2
06/26/2020,"Virginia Beach","Other Race",13,1,0
06/26/2020,"Virginia Beach","Two or more races",11,2,0
06/26/2020,"Virginia Beach",White,448,62,19
06/26/2020,"West Piedmont","Asian or Pacific Islander",10,1,1
06/26/2020,"West Piedmont",Black,81,20,2
06/26/2020,"West Piedmont",Latino,123,6,0
06/26/2020,"West Piedmont","Native American",0,0,0
06/26/2020,"West Piedmont","Not Reported",32,1,0
06/26/2020,"West Piedmont","Other Race",1,0,0
06/26/2020,"West Piedmont","Two or more races",0,0,0
06/26/2020,"West Piedmont",White,154,10,4
06/26/2020,"Western Tidewater","Asian or Pacific Islander",5,1,0
06/26/2020,"Western Tidewater",Black,296,44,20
06/26/2020,"Western Tidewater",Latino,9,1,0
06/26/2020,"Western Tidewater","Native American",0,0,0
06/26/2020,"Western Tidewater","Not Reported",236,2,0
06/26/2020,"Western Tidewater","Other Race",16,0,0
06/26/2020,"Western Tidewater","Two or more races",2,0,0
06/26/2020,"Western Tidewater",White,199,34,26
06/27/2020,Alexandria,"Asian or Pacific Islander",83,8,1
06/27/2020,Alexandria,Black,333,61,13
06/27/2020,Alexandria,Latino,1272,110,9
06/27/2020,Alexandria,"Native American",3,0,0
06/27/2020,Alexandria,"Not Reported",133,6,0
06/27/2020,Alexandria,"Other Race",39,4,2
06/27/2020,Alexandria,"Two or more races",4,1,0
06/27/2020,Alexandria,White,436,48,32
06/27/2020,Alleghany,"Asian or Pacific Islander",3,0,0
06/27/2020,Alleghany,Black,10,2,1
06/27/2020,Alleghany,Latino,61,5,0
06/27/2020,Alleghany,"Not Reported",116,1,0
06/27/2020,Alleghany,"Other Race",2,0,0
06/27/2020,Alleghany,"Two or more races",0,0,0
06/27/2020,Alleghany,White,168,23,13
06/27/2020,"Alleghany and Roanoke","Native American",0,0,0
06/27/2020,Arlington,"Asian or Pacific Islander",123,22,12
06/27/2020,Arlington,Black,200,64,29
06/27/2020,Arlington,Latino,1203,201,23
06/27/2020,Arlington,"Native American",2,0,0
06/27/2020,Arlington,"Not Reported",149,9,3
06/27/2020,Arlington,"Other Race",47,6,2
06/27/2020,Arlington,"Two or more races",16,2,0
06/27/2020,Arlington,White,714,113,63
06/27/2020,"Central Shenandoah","Asian or Pacific Islander",17,2,0
06/27/2020,"Central Shenandoah",Black,88,7,2
06/27/2020,"Central Shenandoah",Latino,769,47,4
06/27/2020,"Central Shenandoah","Native American",1,1,0
06/27/2020,"Central Shenandoah","Not Reported",179,3,0
06/27/2020,"Central Shenandoah","Other Race",32,1,0
06/27/2020,"Central Shenandoah","Two or more races",9,1,0
06/27/2020,"Central Shenandoah",White,908,101,28
06/27/2020,"Central Virginia","Asian or Pacific Islander",0,0,0
06/27/2020,"Central Virginia",Black,24,2,1
06/27/2020,"Central Virginia",Latino,22,1,1
06/27/2020,"Central Virginia","Native American",0,0,0
06/27/2020,"Central Virginia","Not Reported",225,4,1
06/27/2020,"Central Virginia","Other Race",1,0,0
06/27/2020,"Central Virginia","Two or more races",0,0,0
06/27/2020,"Central Virginia",White,81,9,2
06/27/2020,Chesapeake,"Asian or Pacific Islander",23,4,2
06/27/2020,Chesapeake,Black,299,65,6
06/27/2020,Chesapeake,Latino,111,10,1
06/27/2020,Chesapeake,"Native American",8,0,0
06/27/2020,Chesapeake,"Not Reported",99,2,0
06/27/2020,Chesapeake,"Other Race",8,2,0
06/27/2020,Chesapeake,"Two or more races",6,1,0
06/27/2020,Chesapeake,White,300,41,11
06/27/2020,Chesterfield,"Asian or Pacific Islander",26,1,0
06/27/2020,Chesterfield,Black,388,50,13
06/27/2020,Chesterfield,Latino,618,21,1
06/27/2020,Chesterfield,"Native American",3,0,0
06/27/2020,Chesterfield,"Not Reported",1346,3,13
06/27/2020,Chesterfield,"Other Race",181,6,0
06/27/2020,Chesterfield,"Two or more races",5,0,0
06/27/2020,Chesterfield,White,495,53,41
06/27/2020,Chickahominy,"Asian or Pacific Islander",2,1,0
06/27/2020,Chickahominy,Black,112,34,10
06/27/2020,Chickahominy,Latino,40,3,0
06/27/2020,Chickahominy,"Native American",1,1,0
06/27/2020,Chickahominy,"Not Reported",191,3,1
06/27/2020,Chickahominy,"Other Race",10,3,0
06/27/2020,Chickahominy,"Two or more races",1,1,0
06/27/2020,Chickahominy,White,273,61,25
06/27/2020,Crater,"Asian or Pacific Islander",3,0,0
06/27/2020,Crater,Black,681,107,13
06/27/2020,Crater,Latino,110,4,2
06/27/2020,Crater,"Native American",2,0,0
06/27/2020,Crater,"Not Reported",360,4,5
06/27/2020,Crater,"Other Race",14,0,0
06/27/2020,Crater,"Two or more races",2,0,0
06/27/2020,Crater,White,284,27,6
06/27/2020,"Cumberland Plateau",Black,12,0,0
06/27/2020,"Cumberland Plateau",Latino,0,0,0
06/27/2020,"Cumberland Plateau","Not Reported",15,0,0
06/27/2020,"Cumberland Plateau","Other Race",0,0,0
06/27/2020,"Cumberland Plateau","Two or more races",1,0,0
06/27/2020,"Cumberland Plateau",White,29,2,0
06/27/2020,"Cumberland Plateau and Lenowisco","Asian or Pacific Islander",1,0,0
06/27/2020,"Cumberland Plateau, Lenowisco, and Mount Rogers","Native American",0,0,0
06/27/2020,"Eastern Shore",Black,783,86,25
06/27/2020,"Eastern Shore",Latino,244,7,3
06/27/2020,"Eastern Shore","Not Reported",88,0,0
06/27/2020,"Eastern Shore","Other Race",13,1,0
06/27/2020,"Eastern Shore","Two or more races",1,1,0
06/27/2020,"Eastern Shore",White,176,15,14
06/27/2020,"Eastern Shore and Three Rivers","Asian or Pacific Islander",7,1,0
06/27/2020,"Eastern Shore and Three Rivers","Native American",1,0,0
06/27/2020,Fairfax,"Asian or Pacific Islander",1072,200,60
06/27/2020,Fairfax,Black,789,170,44
06/27/2020,Fairfax,Latino,7089,738,63
06/27/2020,Fairfax,"Native American",20,1,1
06/27/2020,Fairfax,"Not Reported",2377,74,51
06/27/2020,Fairfax,"Other Race",500,57,12
06/27/2020,Fairfax,"Two or more races",18,2,0
06/27/2020,Fairfax,White,1989,381,251
06/27/2020,Hampton,"Asian or Pacific Islander",3,0,0
06/27/2020,Hampton,Black,144,29,5
06/27/2020,Hampton,Latino,35,3,0
06/27/2020,Hampton,"Native American",0,0,0
06/27/2020,Hampton,"Not Reported",62,0,0
06/27/2020,Hampton,"Other Race",4,2,0
06/27/2020,Hampton,"Two or more races",2,0,0
06/27/2020,Hampton,White,55,7,0
06/27/2020,Henrico,"Asian or Pacific Islander",112,5,3
06/27/2020,Henrico,Black,719,120,60
06/27/2020,Henrico,Latino,534,38,4
06/27/2020,Henrico,"Native American",7,0,0
06/27/2020,Henrico,"Not Reported",508,1,1
06/27/2020,Henrico,"Other Race",74,11,1
06/27/2020,Henrico,"Two or more races",6,0,0
06/27/2020,Henrico,White,600,74,72
06/27/2020,Lenowisco,Black,1,0,0
06/27/2020,Lenowisco,Latino,0,0,0
06/27/2020,Lenowisco,"Not Reported",7,1,1
06/27/2020,Lenowisco,"Other Race",1,0,0
06/27/2020,Lenowisco,"Two or more races",0,0,0
06/27/2020,Lenowisco,White,40,15,3
06/27/2020,"Lord Fairfax","Asian or Pacific Islander",6,0,0
06/27/2020,"Lord Fairfax",Black,71,6,2
06/27/2020,"Lord Fairfax",Latino,518,36,8
06/27/2020,"Lord Fairfax","Native American",2,1,1
06/27/2020,"Lord Fairfax","Not Reported",254,3,4
06/27/2020,"Lord Fairfax","Other Race",67,5,0
06/27/2020,"Lord Fairfax","Two or more races",9,0,0
06/27/2020,"Lord Fairfax",White,1014,120,51
06/27/2020,Loudoun,"Asian or Pacific Islander",158,35,8
06/27/2020,Loudoun,Black,120,17,3
06/27/2020,Loudoun,Latino,935,118,8
06/27/2020,Loudoun,"Native American",0,0,0
06/27/2020,Loudoun,"Not Reported",1985,2,2
06/27/2020,Loudoun,"Other Race",117,4,2
06/27/2020,Loudoun,"Two or more races",11,0,0
06/27/2020,Loudoun,White,564,86,63
06/27/2020,"Mount Rogers","Asian or Pacific Islander",2,1,0
06/27/2020,"Mount Rogers",Black,24,5,2
06/27/2020,"Mount Rogers",Latino,166,1,0
06/27/2020,"Mount Rogers","Not Reported",36,0,1
06/27/2020,"Mount Rogers","Other Race",2,0,0
06/27/2020,"Mount Rogers","Two or more races",3,0,0
06/27/2020,"Mount Rogers",White,447,65,26
06/27/2020,"New River","Asian or Pacific Islander",1,0,0
06/27/2020,"New River",Black,10,3,0
06/27/2020,"New River",Latino,17,1,0
06/27/2020,"New River","Native American",0,0,0
06/27/2020,"New River","Not Reported",40,0,0
06/27/2020,"New River","Other Race",0,0,0
06/27/2020,"New River","Two or more races",0,0,0
06/27/2020,"New River",White,131,18,5
06/27/2020,Norfolk,"Asian or Pacific Islander",14,1,0
06/27/2020,Norfolk,Black,407,67,7
06/27/2020,Norfolk,Latino,148,14,0
06/27/2020,Norfolk,"Native American",0,0,0
06/27/2020,Norfolk,"Not Reported",131,0,0
06/27/2020,Norfolk,"Other Race",16,2,0
06/27/2020,Norfolk,"Two or more races",1,0,0
06/27/2020,Norfolk,White,125,17,2
06/27/2020,Peninsula,"Asian or Pacific Islander",9,2,1
06/27/2020,Peninsula,Black,234,34,10
06/27/2020,Peninsula,Latino,154,11,0
06/27/2020,Peninsula,"Native American",2,0,0
06/27/2020,Peninsula,"Not Reported",186,1,0
06/27/2020,Peninsula,"Other Race",19,1,0
06/27/2020,Peninsula,"Two or more races",7,2,0
06/27/2020,Peninsula,White,315,75,23
06/27/2020,Piedmont,"Asian or Pacific Islander",4,0,0
06/27/2020,Piedmont,Black,338,47,2
06/27/2020,Piedmont,Latino,45,1,1
06/27/2020,Piedmont,"Native American",1,0,0
06/27/2020,Piedmont,"Not Reported",311,10,4
06/27/2020,Piedmont,"Other Race",7,0,0
06/27/2020,Piedmont,"Two or more races",3,1,0
06/27/2020,Piedmont,White,290,23,3
06/27/2020,Pittsylvania-Danville,"Asian or Pacific Islander",0,0,0
06/27/2020,Pittsylvania-Danville,Black,61,13,0
06/27/2020,Pittsylvania-Danville,Latino,27,2,0
06/27/2020,Pittsylvania-Danville,"Not Reported",19,5,0
06/27/2020,Pittsylvania-Danville,"Other Race",0,0,0
06/27/2020,Pittsylvania-Danville,"Two or more races",0,0,0
06/27/2020,Pittsylvania-Danville,White,79,18,3
06/27/2020,"Pittsylvania-Danville and Southside","Native American",0,0,0
06/27/2020,Portsmouth,"Asian or Pacific Islander",3,2,0
06/27/2020,Portsmouth,Black,227,50,12
06/27/2020,Portsmouth,Latino,20,4,0
06/27/2020,Portsmouth,"Native American",2,0,0
06/27/2020,Portsmouth,"Not Reported",112,1,1
06/27/2020,Portsmouth,"Other Race",15,0,0
06/27/2020,Portsmouth,"Two or more races",2,1,0
06/27/2020,Portsmouth,White,74,10,3
06/27/2020,"Prince William","Asian or Pacific Islander",244,40,11
06/27/2020,"Prince William",Black,631,116,35
06/27/2020,"Prince William",Latino,3883,482,45
06/27/2020,"Prince William","Native American",12,1,0
06/27/2020,"Prince William","Not Reported",3188,17,0
06/27/2020,"Prince William","Other Race",229,9,0
06/27/2020,"Prince William","Two or more races",8,1,0
06/27/2020,"Prince William",White,775,123,69
06/27/2020,Rappahannock,"Asian or Pacific Islander",39,7,0
06/27/2020,Rappahannock,Black,265,43,9
06/27/2020,Rappahannock,Latino,838,79,4
06/27/2020,Rappahannock,"Native American",3,0,0
06/27/2020,Rappahannock,"Not Reported",703,22,1
06/27/2020,Rappahannock,"Other Race",42,4,0
06/27/2020,Rappahannock,"Two or more races",10,1,0
06/27/2020,Rappahannock,White,513,63,28
06/27/2020,"Rappahannock Rapidan","Asian or Pacific Islander",5,1,0
06/27/2020,"Rappahannock Rapidan",Black,75,16,5
06/27/2020,"Rappahannock Rapidan",Latino,626,48,5
06/27/2020,"Rappahannock Rapidan","Native American",0,0,0
06/27/2020,"Rappahannock Rapidan","Not Reported",414,10,2
06/27/2020,"Rappahannock Rapidan","Other Race",21,2,0
06/27/2020,"Rappahannock Rapidan","Two or more races",10,0,0
06/27/2020,"Rappahannock Rapidan",White,281,30,8
06/27/2020,Richmond,"Asian or Pacific Islander",7,2,0
06/27/2020,Richmond,Black,536,113,22
06/27/2020,Richmond,Latino,832,67,3
06/27/2020,Richmond,"Native American",0,0,0
06/27/2020,Richmond,"Not Reported",498,2,0
06/27/2020,Richmond,"Other Race",100,9,1
06/27/2020,Richmond,"Two or more races",4,2,0
06/27/2020,Richmond,White,182,19,4
06/27/2020,Roanoke,"Asian or Pacific Islander",1,0,0
06/27/2020,Roanoke,Black,33,7,2
06/27/2020,Roanoke,Latino,134,1,0
06/27/2020,Roanoke,"Not Reported",118,1,0
06/27/2020,Roanoke,"Other Race",1,0,0
06/27/2020,Roanoke,"Two or more races",0,0,0
06/27/2020,Roanoke,White,76,5,8
06/27/2020,Southside,"Asian or Pacific Islander",1,0,0
06/27/2020,Southside,Black,99,17,7
06/27/2020,Southside,Latino,1,0,0
06/27/2020,Southside,"Not Reported",170,15,8
06/27/2020,Southside,"Other Race",6,0,1
06/27/2020,Southside,"Two or more races",21,0,0
06/27/2020,Southside,White,90,14,12
06/27/2020,"Thomas Jefferson","Asian or Pacific Islander",9,0,0
06/27/2020,"Thomas Jefferson",Black,141,40,4
06/27/2020,"Thomas Jefferson",Latino,275,11,0
06/27/2020,"Thomas Jefferson","Native American",2,0,0
06/27/2020,"Thomas Jefferson","Not Reported",104,0,0
06/27/2020,"Thomas Jefferson","Other Race",33,3,1
06/27/2020,"Thomas Jefferson","Two or more races",3,0,0
06/27/2020,"Thomas Jefferson",White,319,34,14
06/27/2020,"Three Rivers",Black,185,17,3
06/27/2020,"Three Rivers",Latino,71,3,0
06/27/2020,"Three Rivers","Not Reported",131,3,0
06/27/2020,"Three Rivers","Other Race",6,1,0
06/27/2020,"Three Rivers","Two or more races",3,0,0
06/27/2020,"Three Rivers",White,226,23,6
06/27/2020,"Virginia Beach","Asian or Pacific Islander",57,12,1
06/27/2020,"Virginia Beach",Black,273,25,4
06/27/2020,"Virginia Beach",Latino,120,12,2
06/27/2020,"Virginia Beach","Native American",0,0,0
06/27/2020,"Virginia Beach","Not Reported",162,4,2
06/27/2020,"Virginia Beach","Other Race",13,1,0
06/27/2020,"Virginia Beach","Two or more races",11,2,0
06/27/2020,"Virginia Beach",White,456,62,20
06/27/2020,"West Piedmont","Asian or Pacific Islander",10,1,1
06/27/2020,"West Piedmont",Black,81,20,2
06/27/2020,"West Piedmont",Latino,125,6,0
06/27/2020,"West Piedmont","Native American",0,0,0
06/27/2020,"West Piedmont","Not Reported",41,1,0
06/27/2020,"West Piedmont","Other Race",1,0,0
06/27/2020,"West Piedmont","Two or more races",0,0,0
06/27/2020,"West Piedmont",White,156,10,4
06/27/2020,"Western Tidewater","Asian or Pacific Islander",5,1,0
06/27/2020,"Western Tidewater",Black,302,45,20
06/27/2020,"Western Tidewater",Latino,9,1,0
06/27/2020,"Western Tidewater","Native American",0,0,0
06/27/2020,"Western Tidewater","Not Reported",243,2,0
06/27/2020,"Western Tidewater","Other Race",16,0,0
06/27/2020,"Western Tidewater","Two or more races",2,0,0
06/27/2020,"Western Tidewater",White,199,34,26
06/28/2020,Alexandria,"Asian or Pacific Islander",83,8,1
06/28/2020,Alexandria,Black,333,61,13
06/28/2020,Alexandria,Latino,1274,110,9
06/28/2020,Alexandria,"Native American",3,0,0
06/28/2020,Alexandria,"Not Reported",138,6,0
06/28/2020,Alexandria,"Other Race",39,4,2
06/28/2020,Alexandria,"Two or more races",4,1,0
06/28/2020,Alexandria,White,438,48,32
06/28/2020,Alleghany,"Asian or Pacific Islander",3,0,0
06/28/2020,Alleghany,Black,11,2,1
06/28/2020,Alleghany,Latino,62,5,0
06/28/2020,Alleghany,"Not Reported",114,1,0
06/28/2020,Alleghany,"Other Race",2,0,0
06/28/2020,Alleghany,"Two or more races",1,0,0
06/28/2020,Alleghany,White,177,23,13
06/28/2020,"Alleghany and Roanoke","Native American",0,0,0
06/28/2020,Arlington,"Asian or Pacific Islander",123,22,12
06/28/2020,Arlington,Black,202,64,29
06/28/2020,Arlington,Latino,1206,201,23
06/28/2020,Arlington,"Native American",2,0,0
06/28/2020,Arlington,"Not Reported",153,9,3
06/28/2020,Arlington,"Other Race",47,6,2
06/28/2020,Arlington,"Two or more races",16,2,0
06/28/2020,Arlington,White,715,113,63
06/28/2020,"Central Shenandoah","Asian or Pacific Islander",17,2,0
06/28/2020,"Central Shenandoah",Black,89,8,3
06/28/2020,"Central Shenandoah",Latino,771,47,4
06/28/2020,"Central Shenandoah","Native American",1,1,0
06/28/2020,"Central Shenandoah","Not Reported",180,3,0
06/28/2020,"Central Shenandoah","Other Race",32,1,0
06/28/2020,"Central Shenandoah","Two or more races",9,1,0
06/28/2020,"Central Shenandoah",White,926,102,29
06/28/2020,"Central Virginia","Asian or Pacific Islander",0,0,0
06/28/2020,"Central Virginia",Black,24,2,1
06/28/2020,"Central Virginia",Latino,22,1,1
06/28/2020,"Central Virginia","Native American",0,0,0
06/28/2020,"Central Virginia","Not Reported",231,4,1
06/28/2020,"Central Virginia","Other Race",1,0,0
06/28/2020,"Central Virginia","Two or more races",0,0,0
06/28/2020,"Central Virginia",White,82,9,2
06/28/2020,Chesapeake,"Asian or Pacific Islander",24,4,2
06/28/2020,Chesapeake,Black,310,66,6
06/28/2020,Chesapeake,Latino,115,10,1
06/28/2020,Chesapeake,"Native American",8,0,0
06/28/2020,Chesapeake,"Not Reported",102,3,0
06/28/2020,Chesapeake,"Other Race",8,2,0
06/28/2020,Chesapeake,"Two or more races",6,1,0
06/28/2020,Chesapeake,White,306,42,11
06/28/2020,Chesterfield,"Asian or Pacific Islander",26,1,0
06/28/2020,Chesterfield,Black,389,50,13
06/28/2020,Chesterfield,Latino,624,21,1
06/28/2020,Chesterfield,"Native American",3,0,0
06/28/2020,Chesterfield,"Not Reported",1352,3,13
06/28/2020,Chesterfield,"Other Race",181,6,0
06/28/2020,Chesterfield,"Two or more races",5,0,0
06/28/2020,Chesterfield,White,496,53,41
06/28/2020,Chickahominy,"Asian or Pacific Islander",2,1,0
06/28/2020,Chickahominy,Black,112,34,10
06/28/2020,Chickahominy,Latino,41,3,0
06/28/2020,Chickahominy,"Native American",1,1,0
06/28/2020,Chickahominy,"Not Reported",193,3,1
06/28/2020,Chickahominy,"Other Race",10,3,0
06/28/2020,Chickahominy,"Two or more races",1,1,0
06/28/2020,Chickahominy,White,275,61,25
06/28/2020,Crater,"Asian or Pacific Islander",3,0,0
06/28/2020,Crater,Black,681,107,13
06/28/2020,Crater,Latino,110,4,2
06/28/2020,Crater,"Native American",2,0,0
06/28/2020,Crater,"Not Reported",361,4,5
06/28/2020,Crater,"Other Race",14,0,0
06/28/2020,Crater,"Two or more races",2,0,0
06/28/2020,Crater,White,284,27,6
06/28/2020,"Cumberland Plateau",Black,12,0,0
06/28/2020,"Cumberland Plateau",Latino,0,0,0
06/28/2020,"Cumberland Plateau","Not Reported",15,0,0
06/28/2020,"Cumberland Plateau","Other Race",0,0,0
06/28/2020,"Cumberland Plateau","Two or more races",1,0,0
06/28/2020,"Cumberland Plateau",White,29,2,0
06/28/2020,"Cumberland Plateau and Lenowisco","Asian or Pacific Islander",1,0,0
06/28/2020,"Cumberland Plateau, Lenowisco, and Mount Rogers","Native American",0,0,0
06/28/2020,"Eastern Shore",Black,784,86,25
06/28/2020,"Eastern Shore",Latino,244,7,3
06/28/2020,"Eastern Shore","Not Reported",87,0,0
06/28/2020,"Eastern Shore","Other Race",13,1,0
06/28/2020,"Eastern Shore","Two or more races",1,1,0
06/28/2020,"Eastern Shore",White,176,15,14
06/28/2020,"Eastern Shore and Three Rivers","Asian or Pacific Islander",7,1,0
06/28/2020,"Eastern Shore and Three Rivers","Native American",1,0,0
06/28/2020,Fairfax,"Asian or Pacific Islander",1077,200,60
06/28/2020,Fairfax,Black,789,169,45
06/28/2020,Fairfax,Latino,7119,741,65
06/28/2020,Fairfax,"Native American",20,1,1
06/28/2020,Fairfax,"Not Reported",2378,74,51
06/28/2020,Fairfax,"Other Race",500,57,12
06/28/2020,Fairfax,"Two or more races",18,2,0
06/28/2020,Hampton,"Asian or Pacific Islander",3,0,0
06/28/2020,Hampton,Black,146,29,5
06/28/2020,Hampton,Latino,35,3,0
06/28/2020,Hampton,"Native American",0,0,0
06/28/2020,Hampton,"Not Reported",65,0,0
06/28/2020,Hampton,"Other Race",4,2,0
06/28/2020,Hampton,"Two or more races",2,0,0
06/28/2020,Hampton,White,55,7,0
06/28/2020,Henrico,"Asian or Pacific Islander",112,6,3
06/28/2020,Henrico,Black,719,120,60
06/28/2020,Henrico,Latino,536,38,4
06/28/2020,Henrico,"Native American",7,0,0
06/28/2020,Henrico,"Not Reported",522,1,1
06/28/2020,Henrico,"Other Race",75,11,1
06/28/2020,Henrico,"Two or more races",6,0,0
06/28/2020,Henrico,White,602,74,72
06/28/2020,Lenowisco,Black,1,0,0
06/28/2020,Lenowisco,Latino,0,0,0
06/28/2020,Lenowisco,"Not Reported",8,1,1
06/28/2020,Lenowisco,"Other Race",1,0,0
06/28/2020,Lenowisco,"Two or more races",0,0,0
06/28/2020,Lenowisco,White,40,15,3
06/28/2020,"Lord Fairfax","Asian or Pacific Islander",6,0,0
06/28/2020,"Lord Fairfax",Black,71,6,2
06/28/2020,"Lord Fairfax",Latino,522,36,8
06/28/2020,"Lord Fairfax","Native American",2,1,1
06/28/2020,"Lord Fairfax","Not Reported",258,3,4
06/28/2020,"Lord Fairfax","Other Race",67,5,0
06/28/2020,"Lord Fairfax","Two or more races",9,0,0
06/28/2020,"Lord Fairfax",White,1023,120,51
06/28/2020,Loudoun,"Asian or Pacific Islander",159,35,8
06/28/2020,Loudoun,Black,121,19,4
06/28/2020,Loudoun,Latino,940,120,8
06/28/2020,Loudoun,"Native American",0,0,0
06/28/2020,Loudoun,"Not Reported",2011,1,2
06/28/2020,Loudoun,"Other Race",120,4,2
06/28/2020,Loudoun,"Two or more races",11,0,0
06/28/2020,Loudoun,White,570,86,63
06/28/2020,"Mount Rogers","Asian or Pacific Islander",2,1,0
06/28/2020,"Mount Rogers",Black,24,5,2
06/28/2020,"Mount Rogers",Latino,174,1,0
06/28/2020,"Mount Rogers","Not Reported",36,0,1
06/28/2020,"Mount Rogers","Other Race",2,0,0
06/28/2020,"Mount Rogers","Two or more races",3,0,0
06/28/2020,"Mount Rogers",White,454,65,26
06/28/2020,"New River","Asian or Pacific Islander",2,0,0
06/28/2020,"New River",Black,15,3,0
06/28/2020,"New River",Latino,18,1,0
06/28/2020,"New River","Native American",0,0,0
06/28/2020,"New River","Not Reported",42,0,0
06/28/2020,"New River","Other Race",0,0,0
06/28/2020,"New River","Two or more races",0,0,0
06/28/2020,"New River",White,138,18,5
06/28/2020,Norfolk,"Asian or Pacific Islander",14,1,0
06/28/2020,Norfolk,Black,409,67,7
06/28/2020,Norfolk,Latino,148,14,0
06/28/2020,Norfolk,"Native American",0,0,0
06/28/2020,Norfolk,"Not Reported",141,0,0
06/28/2020,Norfolk,"Other Race",16,2,0
06/28/2020,Norfolk,"Two or more races",1,0,0
06/28/2020,Norfolk,White,126,17,2
06/28/2020,Peninsula,"Asian or Pacific Islander",9,2,1
06/28/2020,Peninsula,Black,234,34,10
06/28/2020,Peninsula,Latino,156,11,0
06/28/2020,Peninsula,"Native American",2,0,0
06/28/2020,Peninsula,"Not Reported",200,1,0
06/28/2020,Peninsula,"Other Race",19,1,0
06/28/2020,Peninsula,"Two or more races",7,2,0
06/28/2020,Peninsula,White,315,75,23
06/28/2020,Piedmont,"Asian or Pacific Islander",4,0,0
06/28/2020,Piedmont,Black,338,47,2
06/28/2020,Piedmont,Latino,45,1,1
06/28/2020,Piedmont,"Native American",1,0,0
06/28/2020,Piedmont,"Not Reported",311,10,4
06/28/2020,Piedmont,"Other Race",7,0,0
06/28/2020,Piedmont,"Two or more races",3,1,0
06/28/2020,Piedmont,White,290,23,3
06/28/2020,Pittsylvania-Danville,"Asian or Pacific Islander",0,0,0
06/28/2020,Pittsylvania-Danville,Black,63,14,0
06/28/2020,Pittsylvania-Danville,Latino,26,2,0
06/28/2020,Pittsylvania-Danville,"Not Reported",20,5,0
06/28/2020,Pittsylvania-Danville,"Other Race",0,0,0
06/28/2020,Pittsylvania-Danville,"Two or more races",0,0,0
06/28/2020,Pittsylvania-Danville,White,79,18,3
06/28/2020,"Pittsylvania-Danville and Southside","Native American",0,0,0
06/28/2020,Portsmouth,"Asian or Pacific Islander",3,2,0
06/28/2020,Portsmouth,Black,229,50,12
06/28/2020,Portsmouth,Latino,20,4,0
06/28/2020,Portsmouth,"Native American",2,0,0
06/28/2020,Portsmouth,"Not Reported",113,1,1
06/28/2020,Portsmouth,"Other Race",15,0,0
06/28/2020,Portsmouth,"Two or more races",2,1,0
06/28/2020,Portsmouth,White,75,10,3
06/28/2020,"Prince William","Asian or Pacific Islander",245,40,11
06/28/2020,"Prince William",Black,636,116,35
06/28/2020,"Prince William",Latino,3896,483,45
06/28/2020,"Prince William","Native American",12,1,0
06/28/2020,"Prince William","Not Reported",3205,17,0
06/28/2020,"Prince William","Other Race",231,9,0
06/28/2020,"Prince William","Two or more races",8,1,0
06/28/2020,"Prince William",White,786,123,69
06/28/2020,Rappahannock,"Asian or Pacific Islander",39,7,0
06/28/2020,Rappahannock,Black,268,43,9
06/28/2020,Rappahannock,Latino,840,79,4
06/28/2020,Rappahannock,"Native American",3,0,0
06/28/2020,Rappahannock,"Not Reported",718,22,1
06/28/2020,Rappahannock,"Other Race",42,4,0
06/28/2020,Rappahannock,"Two or more races",10,1,0
06/28/2020,Rappahannock,White,515,63,28
06/28/2020,"Rappahannock Rapidan","Asian or Pacific Islander",5,1,0
06/28/2020,"Rappahannock Rapidan",Black,75,16,5
06/28/2020,"Rappahannock Rapidan",Latino,626,48,5
06/28/2020,"Rappahannock Rapidan","Native American",0,0,0
06/28/2020,"Rappahannock Rapidan","Not Reported",414,10,2
06/28/2020,"Rappahannock Rapidan","Other Race",21,2,0
06/28/2020,"Rappahannock Rapidan","Two or more races",10,0,0
06/28/2020,"Rappahannock Rapidan",White,282,30,8
06/28/2020,Richmond,"Asian or Pacific Islander",7,2,0
06/28/2020,Richmond,Black,541,113,22
06/28/2020,Richmond,Latino,839,67,3
06/28/2020,Richmond,"Native American",0,0,0
06/28/2020,Richmond,"Not Reported",504,2,0
06/28/2020,Richmond,"Other Race",104,9,1
06/28/2020,Richmond,"Two or more races",5,2,0
06/28/2020,Richmond,White,184,19,4
06/28/2020,Roanoke,"Asian or Pacific Islander",1,0,0
06/28/2020,Roanoke,Black,33,7,2
06/28/2020,Roanoke,Latino,137,1,0
06/28/2020,Roanoke,"Not Reported",117,1,0
06/28/2020,Roanoke,"Other Race",1,0,0
06/28/2020,Roanoke,"Two or more races",0,0,0
06/28/2020,Roanoke,White,79,5,8
06/28/2020,Southside,"Asian or Pacific Islander",1,0,0
06/28/2020,Southside,Black,101,19,7
06/28/2020,Southside,Latino,2,0,0
06/28/2020,Southside,"Not Reported",170,15,8
06/28/2020,Southside,"Other Race",6,0,1
06/28/2020,Southside,"Two or more races",21,0,0
06/28/2020,Southside,White,90,14,12
06/28/2020,"Thomas Jefferson","Asian or Pacific Islander",9,0,0
06/28/2020,"Thomas Jefferson",Black,142,40,4
06/28/2020,"Thomas Jefferson",Latino,285,11,0
06/28/2020,"Thomas Jefferson","Native American",2,0,0
06/28/2020,"Thomas Jefferson","Not Reported",109,0,0
06/28/2020,"Thomas Jefferson","Other Race",34,3,1
06/28/2020,"Thomas Jefferson","Two or more races",3,0,0
06/28/2020,"Thomas Jefferson",White,328,34,14
06/28/2020,"Three Rivers",Black,185,17,3
06/28/2020,"Three Rivers",Latino,72,3,0
06/28/2020,"Three Rivers","Not Reported",136,4,0
06/28/2020,"Three Rivers","Other Race",6,1,0
06/28/2020,"Three Rivers","Two or more races",3,0,0
06/28/2020,"Three Rivers",White,228,23,6
06/28/2020,"Virginia Beach","Asian or Pacific Islander",57,12,1
06/28/2020,"Virginia Beach",Black,278,25,4
06/28/2020,"Virginia Beach",Latino,121,12,2
06/28/2020,"Virginia Beach","Native American",0,0,0
06/28/2020,"Virginia Beach","Not Reported",176,4,2
06/28/2020,"Virginia Beach","Other Race",13,1,0
06/28/2020,"Virginia Beach","Two or more races",11,2,0
06/28/2020,"Virginia Beach",White,467,62,20
06/28/2020,"West Piedmont","Asian or Pacific Islander",10,1,1
06/28/2020,"West Piedmont",Black,81,20,2
06/28/2020,"West Piedmont",Latino,128,6,0
06/28/2020,"West Piedmont","Native American",0,0,0
06/28/2020,"West Piedmont","Not Reported",48,1,0
06/28/2020,"West Piedmont","Other Race",1,0,0
06/28/2020,"West Piedmont","Two or more races",0,0,0
06/28/2020,"West Piedmont",White,161,10,4
06/28/2020,"Western Tidewater","Asian or Pacific Islander",5,1,0
06/28/2020,"Western Tidewater",Black,302,45,20
06/28/2020,"Western Tidewater",Latino,9,1,0
06/28/2020,"Western Tidewater","Native American",0,0,0
06/28/2020,"Western Tidewater","Not Reported",244,2,0
06/28/2020,"Western Tidewater","Other Race",16,0,0
06/28/2020,"Western Tidewater","Two or more races",2,0,0
06/28/2020,"Western Tidewater",White,199,34,26
06/29/2020,Alexandria,"Asian or Pacific Islander",83,8,1
06/29/2020,Alexandria,Black,333,61,13
06/29/2020,Alexandria,Latino,1277,110,9
06/29/2020,Alexandria,"Native American",3,0,0
06/29/2020,Alexandria,"Not Reported",135,6,0
06/29/2020,Alexandria,"Other Race",39,4,2
06/29/2020,Alexandria,"Two or more races",4,1,0
06/29/2020,Alexandria,White,443,48,32
06/29/2020,Alleghany,"Asian or Pacific Islander",3,0,0
06/29/2020,Alleghany,Black,11,2,1
06/29/2020,Alleghany,Latino,65,5,0
06/29/2020,Alleghany,"Not Reported",140,1,0
06/29/2020,Alleghany,"Other Race",2,0,0
06/29/2020,Alleghany,"Two or more races",1,0,0
06/29/2020,Alleghany,White,198,23,13
06/29/2020,"Alleghany and Roanoke","Native American",0,0,0
06/29/2020,Arlington,"Asian or Pacific Islander",123,22,12
06/29/2020,Arlington,Black,202,64,29
06/29/2020,Arlington,Latino,1212,201,23
06/29/2020,Arlington,"Native American",2,0,0
06/29/2020,Arlington,"Not Reported",154,10,3
06/29/2020,Arlington,"Other Race",46,6,2
06/29/2020,Arlington,"Two or more races",14,2,0
06/29/2020,Arlington,White,713,113,63
06/29/2020,"Central Shenandoah","Asian or Pacific Islander",17,2,0
06/29/2020,"Central Shenandoah",Black,89,8,3
06/29/2020,"Central Shenandoah",Latino,774,47,4
06/29/2020,"Central Shenandoah","Native American",1,1,0
06/29/2020,"Central Shenandoah","Not Reported",183,3,0
06/29/2020,"Central Shenandoah","Other Race",33,1,0
06/29/2020,"Central Shenandoah","Two or more races",9,1,0
06/29/2020,"Central Shenandoah",White,936,102,29
06/29/2020,"Central Virginia","Asian or Pacific Islander",0,0,0
06/29/2020,"Central Virginia",Black,24,2,1
06/29/2020,"Central Virginia",Latino,22,1,1
06/29/2020,"Central Virginia","Native American",0,0,0
06/29/2020,"Central Virginia","Not Reported",240,4,1
06/29/2020,"Central Virginia","Other Race",1,0,0
06/29/2020,"Central Virginia","Two or more races",0,0,0
06/29/2020,"Central Virginia",White,84,9,2
06/29/2020,Chesapeake,"Asian or Pacific Islander",24,4,2
06/29/2020,Chesapeake,Black,311,66,6
06/29/2020,Chesapeake,Latino,117,10,1
06/29/2020,Chesapeake,"Native American",8,0,0
06/29/2020,Chesapeake,"Not Reported",101,3,0
06/29/2020,Chesapeake,"Other Race",8,2,0
06/29/2020,Chesapeake,"Two or more races",6,1,0
06/29/2020,Chesapeake,White,312,44,11
06/29/2020,Chesterfield,"Asian or Pacific Islander",26,1,0
06/29/2020,Chesterfield,Black,389,50,13
06/29/2020,Chesterfield,Latino,624,21,1
06/29/2020,Chesterfield,"Native American",3,0,0
06/29/2020,Chesterfield,"Not Reported",1365,3,13
06/29/2020,Chesterfield,"Other Race",180,6,0
06/29/2020,Chesterfield,"Two or more races",5,0,0
06/29/2020,Chesterfield,White,499,53,41
06/29/2020,Chickahominy,"Asian or Pacific Islander",2,1,0
06/29/2020,Chickahominy,Black,114,34,10
06/29/2020,Chickahominy,Latino,41,3,0
06/29/2020,Chickahominy,"Native American",1,1,0
06/29/2020,Chickahominy,"Not Reported",193,3,1
06/29/2020,Chickahominy,"Other Race",10,3,0
06/29/2020,Chickahominy,"Two or more races",2,1,0
06/29/2020,Chickahominy,White,276,61,25
06/29/2020,Crater,"Asian or Pacific Islander",3,0,0
06/29/2020,Crater,Black,681,108,15
06/29/2020,Crater,Latino,111,4,2
06/29/2020,Crater,"Native American",2,0,0
06/29/2020,Crater,"Not Reported",370,4,5
06/29/2020,Crater,"Other Race",14,0,0
06/29/2020,Crater,"Two or more races",1,0,0
06/29/2020,Crater,White,284,27,6
06/29/2020,"Cumberland Plateau",Black,12,0,0
06/29/2020,"Cumberland Plateau",Latino,0,0,0
06/29/2020,"Cumberland Plateau","Not Reported",2,0,0
06/29/2020,"Cumberland Plateau","Other Race",0,0,0
06/29/2020,"Cumberland Plateau","Two or more races",1,0,0
06/29/2020,"Cumberland Plateau",White,45,2,0
06/29/2020,"Cumberland Plateau and Lenowisco","Asian or Pacific Islander",1,0,0
06/29/2020,"Cumberland Plateau, Lenowisco, and Mount Rogers","Native American",0,0,0
06/29/2020,"Eastern Shore",Black,784,86,25
06/29/2020,"Eastern Shore",Latino,244,7,3
06/29/2020,"Eastern Shore","Not Reported",87,0,0
06/29/2020,"Eastern Shore","Other Race",13,1,0
06/29/2020,"Eastern Shore","Two or more races",1,1,0
06/29/2020,"Eastern Shore",White,176,15,14
06/29/2020,"Eastern Shore and Three Rivers","Asian or Pacific Islander",7,1,0
06/29/2020,"Eastern Shore and Three Rivers","Native American",1,0,0
06/29/2020,Fairfax,"Asian or Pacific Islander",1081,200,61
06/29/2020,Fairfax,Black,792,169,45
06/29/2020,Fairfax,Latino,7149,744,66
06/29/2020,Fairfax,"Native American",20,1,1
06/29/2020,Fairfax,"Not Reported",2383,73,51
06/29/2020,Fairfax,"Other Race",510,57,12
06/29/2020,Fairfax,"Two or more races",18,2,0
06/29/2020,Fairfax,White,2013,381,257
06/29/2020,Hampton,"Asian or Pacific Islander",3,0,0
06/29/2020,Hampton,Black,150,29,5
06/29/2020,Hampton,Latino,35,3,0
06/29/2020,Hampton,"Native American",0,0,0
06/29/2020,Hampton,"Not Reported",67,0,0
06/29/2020,Hampton,"Other Race",4,2,0
06/29/2020,Hampton,"Two or more races",2,0,0
06/29/2020,Hampton,White,55,7,0
06/29/2020,Henrico,"Asian or Pacific Islander",112,6,3
06/29/2020,Henrico,Black,722,121,60
06/29/2020,Henrico,Latino,540,38,4
06/29/2020,Henrico,"Native American",7,0,0
06/29/2020,Henrico,"Not Reported",515,1,1
06/29/2020,Henrico,"Other Race",75,11,1
06/29/2020,Henrico,"Two or more races",6,0,0
06/29/2020,Henrico,White,607,74,72
06/29/2020,Lenowisco,Black,1,0,0
06/29/2020,Lenowisco,Latino,0,0,0
06/29/2020,Lenowisco,"Not Reported",8,1,1
06/29/2020,Lenowisco,"Other Race",1,0,0
06/29/2020,Lenowisco,"Two or more races",0,0,0
06/29/2020,Lenowisco,White,40,15,3
06/29/2020,"Lord Fairfax","Asian or Pacific Islander",6,0,0
06/29/2020,"Lord Fairfax",Black,72,6,2
06/29/2020,"Lord Fairfax",Latino,524,36,8
06/29/2020,"Lord Fairfax","Native American",2,1,1
06/29/2020,"Lord Fairfax","Not Reported",259,3,4
06/29/2020,"Lord Fairfax","Other Race",67,5,0
06/29/2020,"Lord Fairfax","Two or more races",9,0,0
06/29/2020,"Lord Fairfax",White,1026,121,51
06/29/2020,Loudoun,"Asian or Pacific Islander",160,36,8
06/29/2020,Loudoun,Black,122,19,4
06/29/2020,Loudoun,Latino,940,122,8
06/29/2020,Loudoun,"Native American",0,0,0
06/29/2020,Loudoun,"Not Reported",2044,2,2
06/29/2020,Loudoun,"Other Race",118,4,2
06/29/2020,Loudoun,"Two or more races",11,0,0
06/29/2020,Loudoun,White,573,88,63
06/29/2020,"Mount Rogers","Asian or Pacific Islander",2,1,0
06/29/2020,"Mount Rogers",Black,24,5,2
06/29/2020,"Mount Rogers",Latino,175,1,0
06/29/2020,"Mount Rogers","Not Reported",36,0,1
06/29/2020,"Mount Rogers","Other Race",2,0,0
06/29/2020,"Mount Rogers","Two or more races",3,0,0
06/29/2020,"Mount Rogers",White,458,65,26
06/29/2020,"New River","Asian or Pacific Islander",2,0,0
06/29/2020,"New River",Black,17,3,0
06/29/2020,"New River",Latino,18,1,0
06/29/2020,"New River","Native American",0,0,0
06/29/2020,"New River","Not Reported",42,0,0
06/29/2020,"New River","Other Race",0,0,0
06/29/2020,"New River","Two or more races",0,0,0
06/29/2020,"New River",White,151,18,5
06/29/2020,Norfolk,"Asian or Pacific Islander",14,1,0
06/29/2020,Norfolk,Black,431,69,7
06/29/2020,Norfolk,Latino,154,15,0
06/29/2020,Norfolk,"Native American",1,0,0
06/29/2020,Norfolk,"Not Reported",147,0,0
06/29/2020,Norfolk,"Other Race",15,2,0
06/29/2020,Norfolk,"Two or more races",1,0,0
06/29/2020,Norfolk,White,126,17,2
06/29/2020,Peninsula,"Asian or Pacific Islander",9,2,1
06/29/2020,Peninsula,Black,237,34,10
06/29/2020,Peninsula,Latino,157,11,0
06/29/2020,Peninsula,"Native American",2,0,0
06/29/2020,Peninsula,"Not Reported",210,1,0
06/29/2020,Peninsula,"Other Race",21,1,0
06/29/2020,Peninsula,"Two or more races",7,2,0
06/29/2020,Peninsula,White,318,75,23
06/29/2020,Piedmont,"Asian or Pacific Islander",4,0,0
06/29/2020,Piedmont,Black,338,47,2
06/29/2020,Piedmont,Latino,47,2,1
06/29/2020,Piedmont,"Native American",1,0,0
06/29/2020,Piedmont,"Not Reported",315,10,4
06/29/2020,Piedmont,"Other Race",7,0,0
06/29/2020,Piedmont,"Two or more races",3,1,0
06/29/2020,Piedmont,White,293,24,3
06/29/2020,Pittsylvania-Danville,"Asian or Pacific Islander",0,0,0
06/29/2020,Pittsylvania-Danville,Black,67,15,0
06/29/2020,Pittsylvania-Danville,Latino,28,2,0
06/29/2020,Pittsylvania-Danville,"Not Reported",24,6,0
06/29/2020,Pittsylvania-Danville,"Other Race",0,0,0
06/29/2020,Pittsylvania-Danville,"Two or more races",0,0,0
06/29/2020,Pittsylvania-Danville,White,80,18,3
06/29/2020,"Pittsylvania-Danville and Southside","Native American",0,0,0
06/29/2020,Portsmouth,"Asian or Pacific Islander",3,2,0
06/29/2020,Portsmouth,Black,234,50,12
06/29/2020,Portsmouth,Latino,21,4,0
06/29/2020,Portsmouth,"Native American",2,0,0
06/29/2020,Portsmouth,"Not Reported",118,1,1
06/29/2020,Portsmouth,"Other Race",15,0,0
06/29/2020,Portsmouth,"Two or more races",2,1,0
06/29/2020,Portsmouth,White,76,10,3
06/29/2020,"Prince William","Asian or Pacific Islander",246,40,11
06/29/2020,"Prince William",Black,636,116,35
06/29/2020,"Prince William",Latino,3901,486,45
06/29/2020,"Prince William","Native American",12,1,0
06/29/2020,"Prince William","Not Reported",3202,17,0
06/29/2020,"Prince William","Other Race",229,9,0
06/29/2020,"Prince William","Two or more races",8,1,0
06/29/2020,"Prince William",White,788,123,69
06/29/2020,Rappahannock,"Asian or Pacific Islander",39,7,0
06/29/2020,Rappahannock,Black,269,43,9
06/29/2020,Rappahannock,Latino,844,79,4
06/29/2020,Rappahannock,"Native American",3,0,0
06/29/2020,Rappahannock,"Not Reported",718,22,1
06/29/2020,Rappahannock,"Other Race",42,4,0
06/29/2020,Rappahannock,"Two or more races",10,1,0
06/29/2020,Rappahannock,White,517,63,28
06/29/2020,"Rappahannock Rapidan","Asian or Pacific Islander",5,1,0
06/29/2020,"Rappahannock Rapidan",Black,75,16,5
06/29/2020,"Rappahannock Rapidan",Latino,626,48,5
06/29/2020,"Rappahannock Rapidan","Native American",0,0,0
06/29/2020,"Rappahannock Rapidan","Not Reported",414,10,2
06/29/2020,"Rappahannock Rapidan","Other Race",21,2,0
06/29/2020,"Rappahannock Rapidan","Two or more races",10,0,0
06/29/2020,"Rappahannock Rapidan",White,283,30,8
06/29/2020,Richmond,"Asian or Pacific Islander",7,2,0
06/29/2020,Richmond,Black,544,117,22
06/29/2020,Richmond,Latino,853,67,3
06/29/2020,Richmond,"Native American",0,0,0
06/29/2020,Richmond,"Not Reported",496,2,0
06/29/2020,Richmond,"Other Race",103,9,1
06/29/2020,Richmond,"Two or more races",5,2,0
06/29/2020,Richmond,White,187,19,4
06/29/2020,Roanoke,"Asian or Pacific Islander",1,0,0
06/29/2020,Roanoke,Black,34,7,2
06/29/2020,Roanoke,Latino,144,1,0
06/29/2020,Roanoke,"Not Reported",137,1,0
06/29/2020,Roanoke,"Other Race",1,0,0
06/29/2020,Roanoke,"Two or more races",0,0,0
06/29/2020,Roanoke,White,86,5,8
06/29/2020,Southside,"Asian or Pacific Islander",1,0,0
06/29/2020,Southside,Black,101,19,7
06/29/2020,Southside,Latino,2,0,0
06/29/2020,Southside,"Not Reported",171,15,8
06/29/2020,Southside,"Other Race",6,0,1
06/29/2020,Southside,"Two or more races",21,0,0
06/29/2020,Southside,White,90,14,12
06/29/2020,"Thomas Jefferson","Asian or Pacific Islander",10,0,0
06/29/2020,"Thomas Jefferson",Black,144,40,4
06/29/2020,"Thomas Jefferson",Latino,287,11,0
06/29/2020,"Thomas Jefferson","Native American",2,0,0
06/29/2020,"Thomas Jefferson","Not Reported",108,0,0
06/29/2020,"Thomas Jefferson","Other Race",34,3,1
06/29/2020,"Thomas Jefferson","Two or more races",3,0,0
06/29/2020,"Thomas Jefferson",White,328,34,14
06/29/2020,"Three Rivers",Black,190,17,3
06/29/2020,"Three Rivers",Latino,72,3,0
06/29/2020,"Three Rivers","Not Reported",137,4,0
06/29/2020,"Three Rivers","Other Race",6,1,0
06/29/2020,"Three Rivers","Two or more races",3,0,0
06/29/2020,"Three Rivers",White,228,23,6
06/29/2020,"Virginia Beach","Asian or Pacific Islander",58,12,1
06/29/2020,"Virginia Beach",Black,281,25,4
06/29/2020,"Virginia Beach",Latino,125,12,2
06/29/2020,"Virginia Beach","Native American",0,0,0
06/29/2020,"Virginia Beach","Not Reported",178,4,2
06/29/2020,"Virginia Beach","Other Race",14,1,0
06/29/2020,"Virginia Beach","Two or more races",11,2,0
06/29/2020,"Virginia Beach",White,478,62,20
06/29/2020,"West Piedmont","Asian or Pacific Islander",10,1,1
06/29/2020,"West Piedmont",Black,83,20,2
06/29/2020,"West Piedmont",Latino,128,6,0
06/29/2020,"West Piedmont","Native American",0,0,0
06/29/2020,"West Piedmont","Not Reported",54,1,0
06/29/2020,"West Piedmont","Other Race",1,0,0
06/29/2020,"West Piedmont","Two or more races",0,0,0
06/29/2020,"West Piedmont",White,162,10,4
06/29/2020,"Western Tidewater","Asian or Pacific Islander",6,1,0
06/29/2020,"Western Tidewater",Black,304,45,20
06/29/2020,"Western Tidewater",Latino,9,1,0
06/29/2020,"Western Tidewater","Native American",0,0,0
06/29/2020,"Western Tidewater","Not Reported",248,2,0
06/29/2020,"Western Tidewater","Other Race",16,0,0
06/29/2020,"Western Tidewater","Two or more races",2,0,0
06/29/2020,"Western Tidewater",White,201,34,26
06/30/2020,Alexandria,"Asian or Pacific Islander",83,8,1
06/30/2020,Alexandria,Black,333,61,13
06/30/2020,Alexandria,Latino,1280,110,9
06/30/2020,Alexandria,"Native American",3,0,0
06/30/2020,Alexandria,"Not Reported",137,6,0
06/30/2020,Alexandria,"Other Race",40,4,2
06/30/2020,Alexandria,"Two or more races",4,1,0
06/30/2020,Alexandria,White,445,48,32
06/30/2020,Alleghany,"Asian or Pacific Islander",3,0,0
06/30/2020,Alleghany,Black,13,2,1
06/30/2020,Alleghany,Latino,67,5,0
06/30/2020,Alleghany,"Not Reported",193,1,0
06/30/2020,Alleghany,"Other Race",3,0,0
06/30/2020,Alleghany,"Two or more races",2,0,0
06/30/2020,Alleghany,White,205,23,14
06/30/2020,"Alleghany and Roanoke","Native American",0,0,0
06/30/2020,Arlington,"Asian or Pacific Islander",124,22,12
06/30/2020,Arlington,Black,204,64,29
06/30/2020,Arlington,Latino,1218,201,23
06/30/2020,Arlington,"Native American",2,0,0
06/30/2020,Arlington,"Not Reported",154,9,3
06/30/2020,Arlington,"Other Race",49,6,2
06/30/2020,Arlington,"Two or more races",14,2,0
06/30/2020,Arlington,White,714,114,63
06/30/2020,"Central Shenandoah","Asian or Pacific Islander",17,2,0
06/30/2020,"Central Shenandoah",Black,90,8,3
06/30/2020,"Central Shenandoah",Latino,773,47,4
06/30/2020,"Central Shenandoah","Native American",1,1,0
06/30/2020,"Central Shenandoah","Not Reported",191,3,0
06/30/2020,"Central Shenandoah","Other Race",33,1,0
06/30/2020,"Central Shenandoah","Two or more races",9,1,0
06/30/2020,"Central Shenandoah",White,943,103,29
06/30/2020,"Central Virginia","Asian or Pacific Islander",0,0,0
06/30/2020,"Central Virginia",Black,24,2,1
06/30/2020,"Central Virginia",Latino,22,1,1
06/30/2020,"Central Virginia","Native American",0,0,0
06/30/2020,"Central Virginia","Not Reported",255,4,1
06/30/2020,"Central Virginia","Other Race",1,0,0
06/30/2020,"Central Virginia","Two or more races",0,0,0
06/30/2020,"Central Virginia",White,84,9,2
06/30/2020,Chesapeake,"Asian or Pacific Islander",24,4,2
06/30/2020,Chesapeake,Black,312,66,6
06/30/2020,Chesapeake,Latino,119,10,1
06/30/2020,Chesapeake,"Native American",8,0,0
06/30/2020,Chesapeake,"Not Reported",106,3,0
06/30/2020,Chesapeake,"Other Race",9,2,0
06/30/2020,Chesapeake,"Two or more races",6,1,0
06/30/2020,Chesapeake,White,311,44,11
06/30/2020,Chesterfield,"Asian or Pacific Islander",27,1,0
06/30/2020,Chesterfield,Black,392,50,13
06/30/2020,Chesterfield,Latino,630,22,1
06/30/2020,Chesterfield,"Native American",3,0,0
06/30/2020,Chesterfield,"Not Reported",1381,3,13
06/30/2020,Chesterfield,"Other Race",182,6,0
06/30/2020,Chesterfield,"Two or more races",5,0,0
06/30/2020,Chesterfield,White,502,53,42
06/30/2020,Chickahominy,"Asian or Pacific Islander",3,1,0
06/30/2020,Chickahominy,Black,114,34,10
06/30/2020,Chickahominy,Latino,41,3,0
06/30/2020,Chickahominy,"Native American",1,1,0
06/30/2020,Chickahominy,"Not Reported",191,3,1
06/30/2020,Chickahominy,"Other Race",10,3,0
06/30/2020,Chickahominy,"Two or more races",2,1,0
06/30/2020,Chickahominy,White,282,61,25
06/30/2020,Crater,"Asian or Pacific Islander",3,0,0
06/30/2020,Crater,Black,697,108,15
06/30/2020,Crater,Latino,115,4,2
06/30/2020,Crater,"Native American",3,0,0
06/30/2020,Crater,"Not Reported",370,6,7
06/30/2020,Crater,"Other Race",15,0,0
06/30/2020,Crater,"Two or more races",1,0,0
06/30/2020,Crater,White,288,30,6
06/30/2020,"Cumberland Plateau",Black,12,0,0
06/30/2020,"Cumberland Plateau",Latino,0,0,0
06/30/2020,"Cumberland Plateau","Not Reported",2,0,0
06/30/2020,"Cumberland Plateau","Other Race",0,0,0
06/30/2020,"Cumberland Plateau","Two or more races",1,0,0
06/30/2020,"Cumberland Plateau",White,46,2,0
06/30/2020,"Cumberland Plateau and Lenowisco","Asian or Pacific Islander",1,0,0
06/30/2020,"Cumberland Plateau, Lenowisco, and Mount Rogers","Native American",0,0,0
06/30/2020,"Eastern Shore",Black,788,87,25
06/30/2020,"Eastern Shore",Latino,244,7,3
06/30/2020,"Eastern Shore","Not Reported",87,0,0
06/30/2020,"Eastern Shore","Other Race",13,1,0
06/30/2020,"Eastern Shore","Two or more races",1,1,0
06/30/2020,"Eastern Shore",White,175,15,14
06/30/2020,"Eastern Shore and Three Rivers","Asian or Pacific Islander",7,1,0
06/30/2020,"Eastern Shore and Three Rivers","Native American",1,0,0
06/30/2020,Fairfax,"Asian or Pacific Islander",1082,200,63
06/30/2020,Fairfax,Black,792,169,46
06/30/2020,Fairfax,Latino,7180,746,69
06/30/2020,Fairfax,"Native American",20,1,1
06/30/2020,Fairfax,"Not Reported",2352,73,51
06/30/2020,Fairfax,"Other Race",510,58,12
06/30/2020,Fairfax,"Two or more races",19,3,0
06/30/2020,Fairfax,White,2021,381,261
06/30/2020,Hampton,"Asian or Pacific Islander",4,0,0
06/30/2020,Hampton,Black,154,29,5
06/30/2020,Hampton,Latino,35,3,0
06/30/2020,Hampton,"Native American",0,0,0
06/30/2020,Hampton,"Not Reported",71,0,0
06/30/2020,Hampton,"Other Race",4,2,0
06/30/2020,Hampton,"Two or more races",2,0,0
06/30/2020,Hampton,White,58,7,0
06/30/2020,Henrico,"Asian or Pacific Islander",114,7,3
06/30/2020,Henrico,Black,721,121,60
06/30/2020,Henrico,Latino,544,38,4
06/30/2020,Henrico,"Native American",7,0,0
06/30/2020,Henrico,"Not Reported",517,2,1
06/30/2020,Henrico,"Other Race",74,12,1
06/30/2020,Henrico,"Two or more races",6,0,0
06/30/2020,Henrico,White,608,74,72
06/30/2020,Lenowisco,Black,1,0,0
06/30/2020,Lenowisco,Latino,0,0,0
06/30/2020,Lenowisco,"Not Reported",10,1,1
06/30/2020,Lenowisco,"Other Race",1,0,0
06/30/2020,Lenowisco,"Two or more races",0,0,0
06/30/2020,Lenowisco,White,41,16,3
06/30/2020,"Lord Fairfax","Asian or Pacific Islander",6,0,0
06/30/2020,"Lord Fairfax",Black,72,6,3
06/30/2020,"Lord Fairfax",Latino,526,36,8
06/30/2020,"Lord Fairfax","Native American",2,1,1
06/30/2020,"Lord Fairfax","Not Reported",259,3,4
06/30/2020,"Lord Fairfax","Other Race",67,5,0
06/30/2020,"Lord Fairfax","Two or more races",9,0,0
06/30/2020,"Lord Fairfax",White,1033,123,51
06/30/2020,Loudoun,"Asian or Pacific Islander",163,36,8
06/30/2020,Loudoun,Black,124,19,4
06/30/2020,Loudoun,Latino,951,125,8
06/30/2020,Loudoun,"Native American",0,0,0
06/30/2020,Loudoun,"Not Reported",2059,2,2
06/30/2020,Loudoun,"Other Race",115,4,2
06/30/2020,Loudoun,"Two or more races",11,0,0
06/30/2020,Loudoun,White,577,89,63
06/30/2020,"Mount Rogers","Asian or Pacific Islander",2,1,0
06/30/2020,"Mount Rogers",Black,24,5,2
06/30/2020,"Mount Rogers",Latino,176,1,0
06/30/2020,"Mount Rogers","Not Reported",38,0,1
06/30/2020,"Mount Rogers","Other Race",2,0,0
06/30/2020,"Mount Rogers","Two or more races",3,0,0
06/30/2020,"Mount Rogers",White,462,65,26
06/30/2020,"New River","Asian or Pacific Islander",3,0,0
06/30/2020,"New River",Black,17,3,0
06/30/2020,"New River",Latino,18,1,0
06/30/2020,"New River","Native American",0,0,0
06/30/2020,"New River","Not Reported",42,0,0
06/30/2020,"New River","Other Race",0,0,0
06/30/2020,"New River","Two or more races",0,0,0
06/30/2020,"New River",White,153,18,5
06/30/2020,Norfolk,"Asian or Pacific Islander",13,1,0
06/30/2020,Norfolk,Black,454,70,7
06/30/2020,Norfolk,Latino,156,15,0
06/30/2020,Norfolk,"Native American",1,0,0
06/30/2020,Norfolk,"Not Reported",147,0,0
06/30/2020,Norfolk,"Other Race",15,2,0
06/30/2020,Norfolk,"Two or more races",1,0,0
06/30/2020,Norfolk,White,128,17,2
06/30/2020,Peninsula,"Asian or Pacific Islander",9,2,1
06/30/2020,Peninsula,Black,238,34,10
06/30/2020,Peninsula,Latino,159,11,0
06/30/2020,Peninsula,"Native American",2,0,0
06/30/2020,Peninsula,"Not Reported",221,1,0
06/30/2020,Peninsula,"Other Race",22,1,0
06/30/2020,Peninsula,"Two or more races",7,2,0
06/30/2020,Peninsula,White,322,75,23
06/30/2020,Piedmont,"Asian or Pacific Islander",4,0,0
06/30/2020,Piedmont,Black,339,47,2
06/30/2020,Piedmont,Latino,48,3,1
06/30/2020,Piedmont,"Native American",1,0,0
06/30/2020,Piedmont,"Not Reported",316,11,4
06/30/2020,Piedmont,"Other Race",6,0,0
06/30/2020,Piedmont,"Two or more races",3,1,0
06/30/2020,Piedmont,White,294,24,3
06/30/2020,Pittsylvania-Danville,"Asian or Pacific Islander",0,0,0
06/30/2020,Pittsylvania-Danville,Black,68,15,0
06/30/2020,Pittsylvania-Danville,Latino,28,2,0
06/30/2020,Pittsylvania-Danville,"Not Reported",30,6,0
06/30/2020,Pittsylvania-Danville,"Other Race",0,0,0
06/30/2020,Pittsylvania-Danville,"Two or more races",0,0,0
06/30/2020,Pittsylvania-Danville,White,82,18,3
06/30/2020,"Pittsylvania-Danville and Southside","Native American",0,0,0
06/30/2020,Portsmouth,"Asian or Pacific Islander",3,2,0
06/30/2020,Portsmouth,Black,237,50,12
06/30/2020,Portsmouth,Latino,27,4,0
06/30/2020,Portsmouth,"Native American",2,0,0
06/30/2020,Portsmouth,"Not Reported",121,1,1
06/30/2020,Portsmouth,"Other Race",14,0,0
06/30/2020,Portsmouth,"Two or more races",2,1,0
06/30/2020,Portsmouth,White,76,10,3
06/30/2020,"Prince William","Asian or Pacific Islander",250,40,11
06/30/2020,"Prince William",Black,641,118,36
06/30/2020,"Prince William",Latino,3944,490,47
06/30/2020,"Prince William","Native American",12,1,0
06/30/2020,"Prince William","Not Reported",3230,17,0
06/30/2020,"Prince William","Other Race",230,9,0
06/30/2020,"Prince William","Two or more races",10,1,0
06/30/2020,"Prince William",White,796,123,72
06/30/2020,Rappahannock,"Asian or Pacific Islander",39,7,0
06/30/2020,Rappahannock,Black,271,44,9
06/30/2020,Rappahannock,Latino,846,80,4
06/30/2020,Rappahannock,"Native American",3,0,0
06/30/2020,Rappahannock,"Not Reported",717,22,1
06/30/2020,Rappahannock,"Other Race",41,4,0
06/30/2020,Rappahannock,"Two or more races",10,1,0
06/30/2020,Rappahannock,White,525,63,28
06/30/2020,"Rappahannock Rapidan","Asian or Pacific Islander",5,1,0
06/30/2020,"Rappahannock Rapidan",Black,75,16,5
06/30/2020,"Rappahannock Rapidan",Latino,627,49,5
06/30/2020,"Rappahannock Rapidan","Native American",0,0,0
06/30/2020,"Rappahannock Rapidan","Not Reported",414,10,2
06/30/2020,"Rappahannock Rapidan","Other Race",22,2,0
06/30/2020,"Rappahannock Rapidan","Two or more races",10,0,0
06/30/2020,"Rappahannock Rapidan",White,287,30,8
06/30/2020,Richmond,"Asian or Pacific Islander",8,2,0
06/30/2020,Richmond,Black,554,119,22
06/30/2020,Richmond,Latino,861,67,3
06/30/2020,Richmond,"Native American",0,0,0
06/30/2020,Richmond,"Not Reported",490,2,0
06/30/2020,Richmond,"Other Race",101,9,1
06/30/2020,Richmond,"Two or more races",5,2,0
06/30/2020,Richmond,White,190,19,4
06/30/2020,Roanoke,"Asian or Pacific Islander",2,0,0
06/30/2020,Roanoke,Black,34,7,2
06/30/2020,Roanoke,Latino,150,1,0
06/30/2020,Roanoke,"Not Reported",167,1,0
06/30/2020,Roanoke,"Other Race",1,0,0
06/30/2020,Roanoke,"Two or more races",0,0,0
06/30/2020,Roanoke,White,85,5,7
06/30/2020,Southside,"Asian or Pacific Islander",1,0,0
06/30/2020,Southside,Black,103,19,7
06/30/2020,Southside,Latino,2,0,0
06/30/2020,Southside,"Not Reported",173,15,8
06/30/2020,Southside,"Other Race",6,0,1
06/30/2020,Southside,"Two or more races",21,0,0
06/30/2020,Southside,White,90,14,12
06/30/2020,"Thomas Jefferson","Asian or Pacific Islander",10,0,0
06/30/2020,"Thomas Jefferson",Black,144,40,4
06/30/2020,"Thomas Jefferson",Latino,301,11,0
06/30/2020,"Thomas Jefferson","Native American",2,0,0
06/30/2020,"Thomas Jefferson","Not Reported",104,0,0
06/30/2020,"Thomas Jefferson","Other Race",27,3,1
06/30/2020,"Thomas Jefferson","Two or more races",3,0,0
06/30/2020,"Thomas Jefferson",White,335,34,15
06/30/2020,"Three Rivers",Black,190,18,3
06/30/2020,"Three Rivers",Latino,72,3,0
06/30/2020,"Three Rivers","Not Reported",141,4,0
06/30/2020,"Three Rivers","Other Race",6,1,0
06/30/2020,"Three Rivers","Two or more races",3,0,0
06/30/2020,"Three Rivers",White,230,23,6
06/30/2020,"Virginia Beach","Asian or Pacific Islander",58,12,1
06/30/2020,"Virginia Beach",Black,288,25,4
06/30/2020,"Virginia Beach",Latino,127,12,2
06/30/2020,"Virginia Beach","Native American",0,0,0
06/30/2020,"Virginia Beach","Not Reported",194,4,2
06/30/2020,"Virginia Beach","Other Race",14,1,0
06/30/2020,"Virginia Beach","Two or more races",11,2,0
06/30/2020,"Virginia Beach",White,484,62,20
06/30/2020,"West Piedmont","Asian or Pacific Islander",11,1,1
06/30/2020,"West Piedmont",Black,86,22,2
06/30/2020,"West Piedmont",Latino,134,6,0
06/30/2020,"West Piedmont","Native American",0,0,0
06/30/2020,"West Piedmont","Not Reported",71,1,0
06/30/2020,"West Piedmont","Other Race",1,0,0
06/30/2020,"West Piedmont","Two or more races",0,0,0
06/30/2020,"West Piedmont",White,169,10,4
06/30/2020,"Western Tidewater","Asian or Pacific Islander",6,1,0
06/30/2020,"Western Tidewater",Black,309,45,21
06/30/2020,"Western Tidewater",Latino,9,1,0
06/30/2020,"Western Tidewater","Native American",0,0,0
06/30/2020,"Western Tidewater","Not Reported",255,2,1
06/30/2020,"Western Tidewater","Other Race",16,0,0
06/30/2020,"Western Tidewater","Two or more races",2,0,0
06/30/2020,"Western Tidewater",White,203,34,26
07/01/2020,Alexandria,"Asian or Pacific Islander",83,8,1
07/01/2020,Alexandria,Black,335,61,13
07/01/2020,Alexandria,Latino,1280,109,9
07/01/2020,Alexandria,"Native American",3,0,0
07/01/2020,Alexandria,"Not Reported",137,6,0
07/01/2020,Alexandria,"Other Race",39,4,2
07/01/2020,Alexandria,"Two or more races",4,1,0
07/01/2020,Alexandria,White,444,48,32
07/01/2020,Alleghany,"Asian or Pacific Islander",3,0,0
07/01/2020,Alleghany,Black,14,2,1
07/01/2020,Alleghany,Latino,67,5,0
07/01/2020,Alleghany,"Not Reported",193,1,0
07/01/2020,Alleghany,"Other Race",3,0,0
07/01/2020,Alleghany,"Two or more races",2,0,0
07/01/2020,Alleghany,White,208,23,14
07/01/2020,"Alleghany and Roanoke","Native American",0,0,0
07/01/2020,Arlington,"Asian or Pacific Islander",124,22,12
07/01/2020,Arlington,Black,206,64,29
07/01/2020,Arlington,Latino,1221,201,23
07/01/2020,Arlington,"Native American",2,0,0
07/01/2020,Arlington,"Not Reported",152,9,3
07/01/2020,Arlington,"Other Race",49,6,2
07/01/2020,Arlington,"Two or more races",14,2,0
07/01/2020,Arlington,White,716,114,63
07/01/2020,"Central Shenandoah","Asian or Pacific Islander",17,2,0
07/01/2020,"Central Shenandoah",Black,91,9,3
07/01/2020,"Central Shenandoah",Latino,774,47,4
07/01/2020,"Central Shenandoah","Native American",1,1,0
07/01/2020,"Central Shenandoah","Not Reported",184,2,0
07/01/2020,"Central Shenandoah","Other Race",33,1,0
07/01/2020,"Central Shenandoah","Two or more races",9,1,0
07/01/2020,"Central Shenandoah",White,950,102,30
07/01/2020,"Central Virginia","Asian or Pacific Islander",0,0,0
07/01/2020,"Central Virginia",Black,24,2,1
07/01/2020,"Central Virginia",Latino,22,1,1
07/01/2020,"Central Virginia","Native American",0,0,0
07/01/2020,"Central Virginia","Not Reported",254,4,1
07/01/2020,"Central Virginia","Other Race",1,0,0
07/01/2020,"Central Virginia","Two or more races",0,0,0
07/01/2020,"Central Virginia",White,84,9,2
07/01/2020,Chesapeake,"Asian or Pacific Islander",24,4,2
07/01/2020,Chesapeake,Black,326,71,6
07/01/2020,Chesapeake,Latino,120,10,1
07/01/2020,Chesapeake,"Native American",8,0,0
07/01/2020,Chesapeake,"Not Reported",114,3,0
07/01/2020,Chesapeake,"Other Race",10,2,0
07/01/2020,Chesapeake,"Two or more races",6,1,0
07/01/2020,Chesapeake,White,317,46,11
07/01/2020,Chesterfield,"Asian or Pacific Islander",28,1,0
07/01/2020,Chesterfield,Black,398,50,14
07/01/2020,Chesterfield,Latino,638,24,1
07/01/2020,Chesterfield,"Native American",3,0,0
07/01/2020,Chesterfield,"Not Reported",1387,3,13
07/01/2020,Chesterfield,"Other Race",180,6,0
07/01/2020,Chesterfield,"Two or more races",5,0,0
07/01/2020,Chesterfield,White,501,54,44
07/01/2020,Chickahominy,"Asian or Pacific Islander",4,1,0
07/01/2020,Chickahominy,Black,115,34,10
07/01/2020,Chickahominy,Latino,41,3,0
07/01/2020,Chickahominy,"Native American",1,1,0
07/01/2020,Chickahominy,"Not Reported",187,3,1
07/01/2020,Chickahominy,"Other Race",10,3,0
07/01/2020,Chickahominy,"Two or more races",2,1,0
07/01/2020,Chickahominy,White,285,63,26
07/01/2020,Crater,"Asian or Pacific Islander",4,0,0
07/01/2020,Crater,Black,704,109,16
07/01/2020,Crater,Latino,119,4,2
07/01/2020,Crater,"Native American",3,0,0
07/01/2020,Crater,"Not Reported",372,7,7
07/01/2020,Crater,"Other Race",15,0,0
07/01/2020,Crater,"Two or more races",1,0,0
07/01/2020,Crater,White,292,32,7
07/01/2020,"Cumberland Plateau",Black,12,0,0
07/01/2020,"Cumberland Plateau",Latino,0,0,0
07/01/2020,"Cumberland Plateau","Not Reported",2,0,0
07/01/2020,"Cumberland Plateau","Other Race",0,0,0
07/01/2020,"Cumberland Plateau","Two or more races",1,0,0
07/01/2020,"Cumberland Plateau",White,46,2,0
07/01/2020,"Cumberland Plateau and Lenowisco","Asian or Pacific Islander",1,0,0
07/01/2020,"Cumberland Plateau, Lenowisco, and Mount Rogers","Native American",0,0,0
07/01/2020,"Eastern Shore",Black,789,88,25
07/01/2020,"Eastern Shore",Latino,244,7,3
07/01/2020,"Eastern Shore","Not Reported",87,0,0
07/01/2020,"Eastern Shore","Other Race",13,1,0
07/01/2020,"Eastern Shore","Two or more races",1,1,0
07/01/2020,"Eastern Shore",White,175,15,14
07/01/2020,"Eastern Shore and Three Rivers","Asian or Pacific Islander",7,1,0
07/01/2020,"Eastern Shore and Three Rivers","Native American",1,0,0
07/01/2020,Fairfax,"Asian or Pacific Islander",1091,200,63
07/01/2020,Fairfax,Black,796,170,46
07/01/2020,Fairfax,Latino,7211,752,69
07/01/2020,Fairfax,"Native American",20,1,1
07/01/2020,Fairfax,"Not Reported",2313,73,51
07/01/2020,Fairfax,"Other Race",506,59,12
07/01/2020,Fairfax,"Two or more races",21,3,0
07/01/2020,Fairfax,White,2028,382,261
07/01/2020,Hampton,"Asian or Pacific Islander",4,0,0
07/01/2020,Hampton,Black,157,29,5
07/01/2020,Hampton,Latino,35,3,0
07/01/2020,Hampton,"Native American",0,0,0
07/01/2020,Hampton,"Not Reported",76,0,0
07/01/2020,Hampton,"Other Race",4,2,0
07/01/2020,Hampton,"Two or more races",2,0,0
07/01/2020,Hampton,White,58,7,0
07/01/2020,Henrico,"Asian or Pacific Islander",113,7,3
07/01/2020,Henrico,Black,728,123,62
07/01/2020,Henrico,Latino,556,39,5
07/01/2020,Henrico,"Native American",7,0,0
07/01/2020,Henrico,"Not Reported",509,2,1
07/01/2020,Henrico,"Other Race",72,12,1
07/01/2020,Henrico,"Two or more races",6,0,0
07/01/2020,Henrico,White,612,74,74
07/01/2020,Lenowisco,Black,1,0,0
07/01/2020,Lenowisco,Latino,0,0,0
07/01/2020,Lenowisco,"Not Reported",10,1,1
07/01/2020,Lenowisco,"Other Race",1,0,0
07/01/2020,Lenowisco,"Two or more races",0,0,0
07/01/2020,Lenowisco,White,41,16,3
07/01/2020,"Lord Fairfax","Asian or Pacific Islander",6,0,0
07/01/2020,"Lord Fairfax",Black,72,6,3
07/01/2020,"Lord Fairfax",Latino,535,36,8
07/01/2020,"Lord Fairfax","Native American",2,1,1
07/01/2020,"Lord Fairfax","Not Reported",269,3,4
07/01/2020,"Lord Fairfax","Other Race",65,5,0
07/01/2020,"Lord Fairfax","Two or more races",9,0,0
07/01/2020,"Lord Fairfax",White,1056,124,51
07/01/2020,Loudoun,"Asian or Pacific Islander",165,36,8
07/01/2020,Loudoun,Black,126,19,4
07/01/2020,Loudoun,Latino,959,128,8
07/01/2020,Loudoun,"Native American",0,0,0
07/01/2020,Loudoun,"Not Reported",2061,2,2
07/01/2020,Loudoun,"Other Race",113,4,2
07/01/2020,Loudoun,"Two or more races",13,0,0
07/01/2020,Loudoun,White,610,90,63
07/01/2020,"Mount Rogers","Asian or Pacific Islander",2,1,0
07/01/2020,"Mount Rogers",Black,27,5,2
07/01/2020,"Mount Rogers",Latino,179,1,0
07/01/2020,"Mount Rogers","Not Reported",39,1,1
07/01/2020,"Mount Rogers","Other Race",2,0,0
07/01/2020,"Mount Rogers","Two or more races",3,0,0
07/01/2020,"Mount Rogers",White,473,66,27
07/01/2020,"New River","Asian or Pacific Islander",3,0,0
07/01/2020,"New River",Black,17,3,0
07/01/2020,"New River",Latino,18,1,0
07/01/2020,"New River","Native American",0,0,0
07/01/2020,"New River","Not Reported",44,0,0
07/01/2020,"New River","Other Race",0,0,0
07/01/2020,"New River","Two or more races",0,0,0
07/01/2020,"New River",White,156,18,5
07/01/2020,Norfolk,"Asian or Pacific Islander",13,1,0
07/01/2020,Norfolk,Black,461,71,7
07/01/2020,Norfolk,Latino,159,15,0
07/01/2020,Norfolk,"Native American",1,0,0
07/01/2020,Norfolk,"Not Reported",155,0,0
07/01/2020,Norfolk,"Other Race",15,2,0
07/01/2020,Norfolk,"Two or more races",1,0,0
07/01/2020,Norfolk,White,129,18,3
07/01/2020,Peninsula,"Asian or Pacific Islander",9,2,1
07/01/2020,Peninsula,Black,246,34,10
07/01/2020,Peninsula,Latino,161,11,0
07/01/2020,Peninsula,"Native American",2,0,0
07/01/2020,Peninsula,"Not Reported",227,1,0
07/01/2020,Peninsula,"Other Race",21,1,0
07/01/2020,Peninsula,"Two or more races",7,2,0
07/01/2020,Peninsula,White,322,75,23
07/01/2020,Piedmont,"Asian or Pacific Islander",4,0,0
07/01/2020,Piedmont,Black,344,47,2
07/01/2020,Piedmont,Latino,48,3,1
07/01/2020,Piedmont,"Native American",1,0,0
07/01/2020,Piedmont,"Not Reported",321,12,5
07/01/2020,Piedmont,"Other Race",6,0,0
07/01/2020,Piedmont,"Two or more races",3,1,0
07/01/2020,Piedmont,White,296,24,3
07/01/2020,Pittsylvania-Danville,"Asian or Pacific Islander",0,0,0
07/01/2020,Pittsylvania-Danville,Black,69,15,0
07/01/2020,Pittsylvania-Danville,Latino,28,2,0
07/01/2020,Pittsylvania-Danville,"Not Reported",30,6,0
07/01/2020,Pittsylvania-Danville,"Other Race",0,0,0
07/01/2020,Pittsylvania-Danville,"Two or more races",0,0,0
07/01/2020,Pittsylvania-Danville,White,82,18,3
07/01/2020,"Pittsylvania-Danville and Southside","Native American",0,0,0
07/01/2020,Portsmouth,"Asian or Pacific Islander",3,2,0
07/01/2020,Portsmouth,Black,245,51,12
07/01/2020,Portsmouth,Latino,27,4,0
07/01/2020,Portsmouth,"Native American",2,0,0
07/01/2020,Portsmouth,"Not Reported",128,1,1
07/01/2020,Portsmouth,"Other Race",14,0,0
07/01/2020,Portsmouth,"Two or more races",2,1,0
07/01/2020,Portsmouth,White,76,10,3
07/01/2020,"Prince William","Asian or Pacific Islander",251,40,11
07/01/2020,"Prince William",Black,646,118,37
07/01/2020,"Prince William",Latino,3982,493,47
07/01/2020,"Prince William","Native American",12,1,0
07/01/2020,"Prince William","Not Reported",3226,17,0
07/01/2020,"Prince William","Other Race",221,9,0
07/01/2020,"Prince William","Two or more races",10,1,0
07/01/2020,"Prince William",White,827,124,73
07/01/2020,Rappahannock,"Asian or Pacific Islander",39,7,0
07/01/2020,Rappahannock,Black,274,44,9
07/01/2020,Rappahannock,Latino,852,81,4
07/01/2020,Rappahannock,"Native American",3,0,0
07/01/2020,Rappahannock,"Not Reported",707,22,1
07/01/2020,Rappahannock,"Other Race",41,4,0
07/01/2020,Rappahannock,"Two or more races",10,1,0
07/01/2020,Rappahannock,White,529,64,29
07/01/2020,"Rappahannock Rapidan","Asian or Pacific Islander",5,1,0
07/01/2020,"Rappahannock Rapidan",Black,75,16,5
07/01/2020,"Rappahannock Rapidan",Latino,628,49,5
07/01/2020,"Rappahannock Rapidan","Native American",0,0,0
07/01/2020,"Rappahannock Rapidan","Not Reported",413,10,2
07/01/2020,"Rappahannock Rapidan","Other Race",21,2,0
07/01/2020,"Rappahannock Rapidan","Two or more races",10,1,0
07/01/2020,"Rappahannock Rapidan",White,292,30,9
07/01/2020,Richmond,"Asian or Pacific Islander",8,2,0
07/01/2020,Richmond,Black,561,121,21
07/01/2020,Richmond,Latino,862,68,3
07/01/2020,Richmond,"Native American",0,0,0
07/01/2020,Richmond,"Not Reported",483,2,0
07/01/2020,Richmond,"Other Race",101,9,1
07/01/2020,Richmond,"Two or more races",4,1,0
07/01/2020,Richmond,White,194,19,4
07/01/2020,Roanoke,"Asian or Pacific Islander",2,0,0
07/01/2020,Roanoke,Black,34,7,2
07/01/2020,Roanoke,Latino,148,1,0
07/01/2020,Roanoke,"Not Reported",166,1,0
07/01/2020,Roanoke,"Other Race",1,0,0
07/01/2020,Roanoke,"Two or more races",0,0,0
07/01/2020,Roanoke,White,87,5,8
07/01/2020,Southside,"Asian or Pacific Islander",1,0,0
07/01/2020,Southside,Black,108,20,7
07/01/2020,Southside,Latino,2,0,0
07/01/2020,Southside,"Not Reported",173,15,8
07/01/2020,Southside,"Other Race",6,0,1
07/01/2020,Southside,"Two or more races",21,0,0
07/01/2020,Southside,White,91,14,12
07/01/2020,"Thomas Jefferson","Asian or Pacific Islander",11,0,0
07/01/2020,"Thomas Jefferson",Black,148,44,5
07/01/2020,"Thomas Jefferson",Latino,310,14,0
07/01/2020,"Thomas Jefferson","Native American",2,0,0
07/01/2020,"Thomas Jefferson","Not Reported",97,0,0
07/01/2020,"Thomas Jefferson","Other Race",26,2,1
07/01/2020,"Thomas Jefferson","Two or more races",3,0,0
07/01/2020,"Thomas Jefferson",White,341,34,16
07/01/2020,"Three Rivers",Black,192,17,3
07/01/2020,"Three Rivers",Latino,76,3,0
07/01/2020,"Three Rivers","Not Reported",136,4,0
07/01/2020,"Three Rivers","Other Race",6,1,0
07/01/2020,"Three Rivers","Two or more races",3,0,0
07/01/2020,"Three Rivers",White,230,23,6
07/01/2020,"Virginia Beach","Asian or Pacific Islander",61,12,1
07/01/2020,"Virginia Beach",Black,294,25,4
07/01/2020,"Virginia Beach",Latino,127,12,2
07/01/2020,"Virginia Beach","Native American",0,0,0
07/01/2020,"Virginia Beach","Not Reported",207,4,2
07/01/2020,"Virginia Beach","Other Race",14,1,0
07/01/2020,"Virginia Beach","Two or more races",11,2,0
07/01/2020,"Virginia Beach",White,489,63,20
07/01/2020,"West Piedmont","Asian or Pacific Islander",11,1,1
07/01/2020,"West Piedmont",Black,87,22,2
07/01/2020,"West Piedmont",Latino,136,7,0
07/01/2020,"West Piedmont","Native American",0,0,0
07/01/2020,"West Piedmont","Not Reported",71,1,0
07/01/2020,"West Piedmont","Other Race",1,0,0
07/01/2020,"West Piedmont","Two or more races",0,0,0
07/01/2020,"West Piedmont",White,174,10,4
07/01/2020,"Western Tidewater","Asian or Pacific Islander",6,1,0
07/01/2020,"Western Tidewater",Black,315,48,21
07/01/2020,"Western Tidewater",Latino,9,1,0
07/01/2020,"Western Tidewater","Native American",0,0,0
07/01/2020,"Western Tidewater","Not Reported",258,2,1
07/01/2020,"Western Tidewater","Other Race",16,0,0
07/01/2020,"Western Tidewater","Two or more races",2,0,0
07/01/2020,"Western Tidewater",White,204,35,28
07/02/2020,Alexandria,"Asian or Pacific Islander",83,8,1
07/02/2020,Alexandria,Black,335,61,13
07/02/2020,Alexandria,Latino,1279,109,9
07/02/2020,Alexandria,"Native American",3,0,0
07/02/2020,Alexandria,"Not Reported",139,6,0
07/02/2020,Alexandria,"Other Race",39,4,2
07/02/2020,Alexandria,"Two or more races",4,1,0
07/02/2020,Alexandria,White,445,48,32
07/02/2020,Alleghany,"Asian or Pacific Islander",3,0,0
07/02/2020,Alleghany,Black,16,2,1
07/02/2020,Alleghany,Latino,67,5,0
07/02/2020,Alleghany,"Not Reported",198,1,0
07/02/2020,Alleghany,"Other Race",3,0,0
07/02/2020,Alleghany,"Two or more races",2,0,0
07/02/2020,Alleghany,White,211,23,14
07/02/2020,"Alleghany and Roanoke","Native American",0,0,0
07/02/2020,Arlington,"Asian or Pacific Islander",123,22,12
07/02/2020,Arlington,Black,213,66,29
07/02/2020,Arlington,Latino,1222,202,22
07/02/2020,Arlington,"Native American",2,0,0
07/02/2020,Arlington,"Not Reported",150,9,4
07/02/2020,Arlington,"Other Race",52,6,2
07/02/2020,Arlington,"Two or more races",14,2,0
07/02/2020,Arlington,White,720,114,63
07/02/2020,"Central Shenandoah","Asian or Pacific Islander",17,2,0
07/02/2020,"Central Shenandoah",Black,91,9,3
07/02/2020,"Central Shenandoah",Latino,774,47,4
07/02/2020,"Central Shenandoah","Native American",1,1,0
07/02/2020,"Central Shenandoah","Not Reported",186,2,1
07/02/2020,"Central Shenandoah","Other Race",32,1,0
07/02/2020,"Central Shenandoah","Two or more races",9,1,0
07/02/2020,"Central Shenandoah",White,972,108,31
07/02/2020,"Central Virginia","Asian or Pacific Islander",0,0,0
07/02/2020,"Central Virginia",Black,24,2,1
07/02/2020,"Central Virginia",Latino,23,1,1
07/02/2020,"Central Virginia","Native American",0,0,0
07/02/2020,"Central Virginia","Not Reported",258,4,1
07/02/2020,"Central Virginia","Other Race",1,0,0
07/02/2020,"Central Virginia","Two or more races",0,0,0
07/02/2020,"Central Virginia",White,87,9,2
07/02/2020,Chesapeake,"Asian or Pacific Islander",24,4,2
07/02/2020,Chesapeake,Black,345,72,6
07/02/2020,Chesapeake,Latino,121,11,1
07/02/2020,Chesapeake,"Native American",8,0,0
07/02/2020,Chesapeake,"Not Reported",121,3,1
07/02/2020,Chesapeake,"Other Race",11,2,0
07/02/2020,Chesapeake,"Two or more races",7,1,0
07/02/2020,Chesapeake,White,322,47,11
07/02/2020,Chesterfield,"Asian or Pacific Islander",29,1,0
07/02/2020,Chesterfield,Black,399,53,14
07/02/2020,Chesterfield,Latino,644,29,1
07/02/2020,Chesterfield,"Native American",3,0,0
07/02/2020,Chesterfield,"Not Reported",1402,3,13
07/02/2020,Chesterfield,"Other Race",180,6,0
07/02/2020,Chesterfield,"Two or more races",5,0,0
07/02/2020,Chesterfield,White,504,57,45
07/02/2020,Chickahominy,"Asian or Pacific Islander",4,1,0
07/02/2020,Chickahominy,Black,115,34,10
07/02/2020,Chickahominy,Latino,43,3,0
07/02/2020,Chickahominy,"Native American",1,1,0
07/02/2020,Chickahominy,"Not Reported",189,3,1
07/02/2020,Chickahominy,"Other Race",10,3,0
07/02/2020,Chickahominy,"Two or more races",2,1,0
07/02/2020,Chickahominy,White,288,64,26
07/02/2020,Crater,"Asian or Pacific Islander",4,0,0
07/02/2020,Crater,Black,718,109,17
07/02/2020,Crater,Latino,119,4,2
07/02/2020,Crater,"Native American",3,0,0
07/02/2020,Crater,"Not Reported",381,7,7
07/02/2020,Crater,"Other Race",15,0,0
07/02/2020,Crater,"Two or more races",1,0,0
07/02/2020,Crater,White,298,32,7
07/02/2020,"Cumberland Plateau",Black,12,0,0
07/02/2020,"Cumberland Plateau",Latino,0,0,0
07/02/2020,"Cumberland Plateau","Not Reported",2,0,0
07/02/2020,"Cumberland Plateau","Other Race",0,0,0
07/02/2020,"Cumberland Plateau","Two or more races",1,0,0
07/02/2020,"Cumberland Plateau",White,49,2,0
07/02/2020,"Cumberland Plateau and Lenowisco","Asian or Pacific Islander",1,0,0
07/02/2020,"Cumberland Plateau, Lenowisco, and Mount Rogers","Native American",0,0,0
07/02/2020,"Eastern Shore",Black,790,88,25
07/02/2020,"Eastern Shore",Latino,244,7,3
07/02/2020,"Eastern Shore","Not Reported",85,0,0
07/02/2020,"Eastern Shore","Other Race",13,1,0
07/02/2020,"Eastern Shore","Two or more races",1,1,0
07/02/2020,"Eastern Shore",White,176,15,14
07/02/2020,"Eastern Shore and Three Rivers","Asian or Pacific Islander",8,1,0
07/02/2020,"Eastern Shore and Three Rivers","Native American",1,0,0
07/02/2020,Fairfax,"Asian or Pacific Islander",1096,202,64
07/02/2020,Fairfax,Black,797,171,47
07/02/2020,Fairfax,Latino,7254,763,70
07/02/2020,Fairfax,"Native American",20,1,1
07/02/2020,Fairfax,"Not Reported",2272,73,49
07/02/2020,Fairfax,"Other Race",503,59,12
07/02/2020,Fairfax,"Two or more races",23,4,0
07/02/2020,Fairfax,White,2045,385,264
07/02/2020,Hampton,"Asian or Pacific Islander",4,0,0
07/02/2020,Hampton,Black,159,29,5
07/02/2020,Hampton,Latino,35,3,0
07/02/2020,Hampton,"Native American",0,0,0
07/02/2020,Hampton,"Not Reported",76,0,0
07/02/2020,Hampton,"Other Race",4,2,0
07/02/2020,Hampton,"Two or more races",3,0,0
07/02/2020,Hampton,White,58,7,0
07/02/2020,Henrico,"Asian or Pacific Islander",116,7,3
07/02/2020,Henrico,Black,734,123,65
07/02/2020,Henrico,Latino,559,39,5
07/02/2020,Henrico,"Native American",7,0,0
07/02/2020,Henrico,"Not Reported",504,2,3
07/02/2020,Henrico,"Other Race",72,12,1
07/02/2020,Henrico,"Two or more races",6,0,0
07/02/2020,Henrico,White,617,74,75
07/02/2020,Lenowisco,Black,1,0,0
07/02/2020,Lenowisco,Latino,0,0,0
07/02/2020,Lenowisco,"Not Reported",10,1,1
07/02/2020,Lenowisco,"Other Race",1,0,0
07/02/2020,Lenowisco,"Two or more races",0,0,0
07/02/2020,Lenowisco,White,42,16,3
07/02/2020,"Lord Fairfax","Asian or Pacific Islander",6,0,0
07/02/2020,"Lord Fairfax",Black,73,7,3
07/02/2020,"Lord Fairfax",Latino,550,36,8
07/02/2020,"Lord Fairfax","Native American",2,1,1
07/02/2020,"Lord Fairfax","Not Reported",264,3,4
07/02/2020,"Lord Fairfax","Other Race",62,5,0
07/02/2020,"Lord Fairfax","Two or more races",10,0,0
07/02/2020,"Lord Fairfax",White,1081,126,51
07/02/2020,Loudoun,"Asian or Pacific Islander",168,36,8
07/02/2020,Loudoun,Black,129,19,4
07/02/2020,Loudoun,Latino,972,127,9
07/02/2020,Loudoun,"Native American",0,0,0
07/02/2020,Loudoun,"Not Reported",2060,2,2
07/02/2020,Loudoun,"Other Race",114,4,2
07/02/2020,Loudoun,"Two or more races",14,0,0
07/02/2020,Loudoun,White,626,90,64
07/02/2020,"Mount Rogers","Asian or Pacific Islander",2,1,0
07/02/2020,"Mount Rogers",Black,27,5,2
07/02/2020,"Mount Rogers",Latino,181,1,0
07/02/2020,"Mount Rogers","Not Reported",40,1,1
07/02/2020,"Mount Rogers","Other Race",2,0,0
07/02/2020,"Mount Rogers","Two or more races",3,0,0
07/02/2020,"Mount Rogers",White,481,66,28
07/02/2020,"New River","Asian or Pacific Islander",3,0,0
07/02/2020,"New River",Black,18,3,0
07/02/2020,"New River",Latino,18,1,0
07/02/2020,"New River","Native American",0,0,0
07/02/2020,"New River","Not Reported",44,0,0
07/02/2020,"New River","Other Race",0,0,0
07/02/2020,"New River","Two or more races",0,0,0
07/02/2020,"New River",White,160,18,5
07/02/2020,Norfolk,"Asian or Pacific Islander",13,1,0
07/02/2020,Norfolk,Black,497,71,7
07/02/2020,Norfolk,Latino,161,15,0
07/02/2020,Norfolk,"Native American",1,0,0
07/02/2020,Norfolk,"Not Reported",166,0,0
07/02/2020,Norfolk,"Other Race",15,2,0
07/02/2020,Norfolk,"Two or more races",1,0,0
07/02/2020,Norfolk,White,133,19,4
07/02/2020,Peninsula,"Asian or Pacific Islander",10,2,1
07/02/2020,Peninsula,Black,248,34,10
07/02/2020,Peninsula,Latino,164,12,0
07/02/2020,Peninsula,"Native American",2,0,0
07/02/2020,Peninsula,"Not Reported",229,1,0
07/02/2020,Peninsula,"Other Race",21,1,0
07/02/2020,Peninsula,"Two or more races",7,2,0
07/02/2020,Peninsula,White,324,75,23
07/02/2020,Piedmont,"Asian or Pacific Islander",4,0,0
07/02/2020,Piedmont,Black,346,48,2
07/02/2020,Piedmont,Latino,51,4,1
07/02/2020,Piedmont,"Native American",1,0,0
07/02/2020,Piedmont,"Not Reported",320,12,6
07/02/2020,Piedmont,"Other Race",6,0,0
07/02/2020,Piedmont,"Two or more races",3,1,0
07/02/2020,Piedmont,White,299,24,3
07/02/2020,Pittsylvania-Danville,"Asian or Pacific Islander",0,0,0
07/02/2020,Pittsylvania-Danville,Black,71,15,0
07/02/2020,Pittsylvania-Danville,Latino,29,2,0
07/02/2020,Pittsylvania-Danville,"Not Reported",30,6,0
07/02/2020,Pittsylvania-Danville,"Other Race",0,0,0
07/02/2020,Pittsylvania-Danville,"Two or more races",0,0,0
07/02/2020,Pittsylvania-Danville,White,82,18,3
07/02/2020,"Pittsylvania-Danville and Southside","Native American",0,0,0
07/02/2020,Portsmouth,"Asian or Pacific Islander",3,2,0
07/02/2020,Portsmouth,Black,248,52,12
07/02/2020,Portsmouth,Latino,28,4,0
07/02/2020,Portsmouth,"Native American",2,0,0
07/02/2020,Portsmouth,"Not Reported",135,1,1
07/02/2020,Portsmouth,"Other Race",14,1,1
07/02/2020,Portsmouth,"Two or more races",2,1,0
07/02/2020,Portsmouth,White,81,10,4
07/02/2020,"Prince William","Asian or Pacific Islander",252,41,11
07/02/2020,"Prince William",Black,651,118,37
07/02/2020,"Prince William",Latino,4032,498,47
07/02/2020,"Prince William","Native American",12,1,0
07/02/2020,"Prince William","Not Reported",3216,19,0
07/02/2020,"Prince William","Other Race",221,9,0
07/02/2020,"Prince William","Two or more races",10,1,0
07/02/2020,"Prince William",White,844,124,72
07/02/2020,Rappahannock,"Asian or Pacific Islander",40,7,0
07/02/2020,Rappahannock,Black,276,45,9
07/02/2020,Rappahannock,Latino,860,81,5
07/02/2020,Rappahannock,"Native American",3,0,0
07/02/2020,Rappahannock,"Not Reported",715,22,1
07/02/2020,Rappahannock,"Other Race",42,4,0
07/02/2020,Rappahannock,"Two or more races",10,1,0
07/02/2020,Rappahannock,White,532,65,29
07/02/2020,"Rappahannock Rapidan","Asian or Pacific Islander",5,1,0
07/02/2020,"Rappahannock Rapidan",Black,76,16,6
07/02/2020,"Rappahannock Rapidan",Latino,629,49,5
07/02/2020,"Rappahannock Rapidan","Native American",0,0,0
07/02/2020,"Rappahannock Rapidan","Not Reported",412,10,2
07/02/2020,"Rappahannock Rapidan","Other Race",21,2,0
07/02/2020,"Rappahannock Rapidan","Two or more races",11,1,0
07/02/2020,"Rappahannock Rapidan",White,294,30,9
07/02/2020,Richmond,"Asian or Pacific Islander",7,2,0
07/02/2020,Richmond,Black,563,122,21
07/02/2020,Richmond,Latino,869,69,3
07/02/2020,Richmond,"Native American",0,0,0
07/02/2020,Richmond,"Not Reported",490,2,0
07/02/2020,Richmond,"Other Race",98,10,1
07/02/2020,Richmond,"Two or more races",4,1,1
07/02/2020,Richmond,White,196,19,4
07/02/2020,Roanoke,"Asian or Pacific Islander",2,0,0
07/02/2020,Roanoke,Black,34,7,2
07/02/2020,Roanoke,Latino,146,1,0
07/02/2020,Roanoke,"Not Reported",166,1,0
07/02/2020,Roanoke,"Other Race",1,0,0
07/02/2020,Roanoke,"Two or more races",0,0,0
07/02/2020,Roanoke,White,87,5,8
07/02/2020,Southside,"Asian or Pacific Islander",1,0,0
07/02/2020,Southside,Black,110,20,7
07/02/2020,Southside,Latino,2,0,0
07/02/2020,Southside,"Not Reported",177,15,8
07/02/2020,Southside,"Other Race",6,0,1
07/02/2020,Southside,"Two or more races",21,0,0
07/02/2020,Southside,White,93,14,14
07/02/2020,"Thomas Jefferson","Asian or Pacific Islander",11,0,0
07/02/2020,"Thomas Jefferson",Black,150,45,5
07/02/2020,"Thomas Jefferson",Latino,317,16,0
07/02/2020,"Thomas Jefferson","Native American",2,0,0
07/02/2020,"Thomas Jefferson","Not Reported",91,0,0
07/02/2020,"Thomas Jefferson","Other Race",26,2,1
07/02/2020,"Thomas Jefferson","Two or more races",4,0,0
07/02/2020,"Thomas Jefferson",White,347,34,17
07/02/2020,"Three Rivers",Black,192,17,3
07/02/2020,"Three Rivers",Latino,76,3,0
07/02/2020,"Three Rivers","Not Reported",137,4,0
07/02/2020,"Three Rivers","Other Race",6,1,0
07/02/2020,"Three Rivers","Two or more races",3,0,0
07/02/2020,"Three Rivers",White,230,23,6
07/02/2020,"Virginia Beach","Asian or Pacific Islander",61,12,1
07/02/2020,"Virginia Beach",Black,310,25,4
07/02/2020,"Virginia Beach",Latino,131,12,2
07/02/2020,"Virginia Beach","Native American",0,0,0
07/02/2020,"Virginia Beach","Not Reported",192,5,3
07/02/2020,"Virginia Beach","Other Race",14,1,0
07/02/2020,"Virginia Beach","Two or more races",15,2,0
07/02/2020,"Virginia Beach",White,502,64,20
07/02/2020,"West Piedmont","Asian or Pacific Islander",11,1,1
07/02/2020,"West Piedmont",Black,89,23,2
07/02/2020,"West Piedmont",Latino,137,7,0
07/02/2020,"West Piedmont","Native American",0,0,0
07/02/2020,"West Piedmont","Not Reported",75,1,0
07/02/2020,"West Piedmont","Other Race",1,0,0
07/02/2020,"West Piedmont","Two or more races",0,0,0
07/02/2020,"West Piedmont",White,179,11,4
07/02/2020,"Western Tidewater","Asian or Pacific Islander",6,1,0
07/02/2020,"Western Tidewater",Black,320,48,21
07/02/2020,"Western Tidewater",Latino,9,1,0
07/02/2020,"Western Tidewater","Native American",0,0,0
07/02/2020,"Western Tidewater","Not Reported",260,2,2
07/02/2020,"Western Tidewater","Other Race",16,0,1
07/02/2020,"Western Tidewater","Two or more races",2,0,0
07/02/2020,"Western Tidewater",White,204,36,28
07/03/2020,Alexandria,"Asian or Pacific Islander",83,8,1
07/03/2020,Alexandria,Black,337,61,13
07/03/2020,Alexandria,Latino,1291,109,9
07/03/2020,Alexandria,"Native American",3,0,0
07/03/2020,Alexandria,"Not Reported",134,6,0
07/03/2020,Alexandria,"Other Race",40,5,2
07/03/2020,Alexandria,"Two or more races",4,1,0
07/03/2020,Alexandria,White,446,48,32
07/03/2020,Alleghany,"Asian or Pacific Islander",3,0,0
07/03/2020,Alleghany,Black,16,2,1
07/03/2020,Alleghany,Latino,68,5,0
07/03/2020,Alleghany,"Not Reported",219,1,0
07/03/2020,Alleghany,"Other Race",4,0,0
07/03/2020,Alleghany,"Two or more races",2,0,0
07/03/2020,Alleghany,White,219,23,14
07/03/2020,"Alleghany and Roanoke","Native American",0,0,0
07/03/2020,Arlington,"Asian or Pacific Islander",123,22,12
07/03/2020,Arlington,Black,214,66,29
07/03/2020,Arlington,Latino,1230,202,22
07/03/2020,Arlington,"Native American",2,0,0
07/03/2020,Arlington,"Not Reported",145,9,4
07/03/2020,Arlington,"Other Race",51,6,2
07/03/2020,Arlington,"Two or more races",14,2,0
07/03/2020,Arlington,White,721,114,63
07/03/2020,"Central Shenandoah","Asian or Pacific Islander",18,2,0
07/03/2020,"Central Shenandoah",Black,91,9,4
07/03/2020,"Central Shenandoah",Latino,774,47,4
07/03/2020,"Central Shenandoah","Native American",1,1,0
07/03/2020,"Central Shenandoah","Not Reported",192,2,1
07/03/2020,"Central Shenandoah","Other Race",32,1,0
07/03/2020,"Central Shenandoah","Two or more races",10,1,0
07/03/2020,"Central Shenandoah",White,993,110,31
07/03/2020,"Central Virginia","Asian or Pacific Islander",0,0,0
07/03/2020,"Central Virginia",Black,24,2,1
07/03/2020,"Central Virginia",Latino,23,1,1
07/03/2020,"Central Virginia","Native American",0,0,0
07/03/2020,"Central Virginia","Not Reported",282,4,1
07/03/2020,"Central Virginia","Other Race",1,0,0
07/03/2020,"Central Virginia","Two or more races",0,0,0
07/03/2020,"Central Virginia",White,88,9,2
07/03/2020,Chesapeake,"Asian or Pacific Islander",24,4,2
07/03/2020,Chesapeake,Black,353,73,6
07/03/2020,Chesapeake,Latino,128,11,1
07/03/2020,Chesapeake,"Native American",8,0,0
07/03/2020,Chesapeake,"Not Reported",118,4,1
07/03/2020,Chesapeake,"Other Race",9,2,0
07/03/2020,Chesapeake,"Two or more races",7,1,0
07/03/2020,Chesapeake,White,325,48,11
07/03/2020,Chesterfield,"Asian or Pacific Islander",29,1,0
07/03/2020,Chesterfield,Black,406,53,14
07/03/2020,Chesterfield,Latino,652,29,1
07/03/2020,Chesterfield,"Native American",3,0,0
07/03/2020,Chesterfield,"Not Reported",1421,3,13
07/03/2020,Chesterfield,"Other Race",180,6,0
07/03/2020,Chesterfield,"Two or more races",5,0,0
07/03/2020,Chesterfield,White,507,57,45
07/03/2020,Chickahominy,"Asian or Pacific Islander",4,1,0
07/03/2020,Chickahominy,Black,115,34,10
07/03/2020,Chickahominy,Latino,44,3,0
07/03/2020,Chickahominy,"Native American",1,1,0
07/03/2020,Chickahominy,"Not Reported",199,3,1
07/03/2020,Chickahominy,"Other Race",10,3,0
07/03/2020,Chickahominy,"Two or more races",2,1,0
07/03/2020,Chickahominy,White,294,65,28
07/03/2020,Crater,"Asian or Pacific Islander",4,0,0
07/03/2020,Crater,Black,731,111,20
07/03/2020,Crater,Latino,120,4,2
07/03/2020,Crater,"Native American",3,0,0
07/03/2020,Crater,"Not Reported",387,7,8
07/03/2020,Crater,"Other Race",14,0,0
07/03/2020,Crater,"Two or more races",1,0,0
07/03/2020,Crater,White,302,32,8
07/03/2020,"Cumberland Plateau",Black,12,0,0
07/03/2020,"Cumberland Plateau",Latino,0,0,0
07/03/2020,"Cumberland Plateau","Not Reported",1,0,0
07/03/2020,"Cumberland Plateau","Other Race",0,0,0
07/03/2020,"Cumberland Plateau","Two or more races",1,0,0
07/03/2020,"Cumberland Plateau",White,50,2,0
07/03/2020,"Cumberland Plateau and Lenowisco","Asian or Pacific Islander",1,0,0
07/03/2020,"Cumberland Plateau, Lenowisco, and Mount Rogers","Native American",0,0,0
07/03/2020,"Eastern Shore",Black,791,89,25
07/03/2020,"Eastern Shore",Latino,244,7,3
07/03/2020,"Eastern Shore","Not Reported",84,0,0
07/03/2020,"Eastern Shore","Other Race",13,1,0
07/03/2020,"Eastern Shore","Two or more races",1,1,0
07/03/2020,"Eastern Shore",White,176,15,14
07/03/2020,"Eastern Shore and Three Rivers","Asian or Pacific Islander",8,1,0
07/03/2020,"Eastern Shore and Three Rivers","Native American",1,0,0
07/03/2020,Fairfax,"Asian or Pacific Islander",1106,203,64
07/03/2020,Fairfax,Black,809,171,48
07/03/2020,Fairfax,Latino,7324,771,71
07/03/2020,Fairfax,"Native American",22,1,1
07/03/2020,Fairfax,"Not Reported",2230,73,49
07/03/2020,Fairfax,"Other Race",503,59,12
07/03/2020,Fairfax,"Two or more races",25,4,0
07/03/2020,Fairfax,White,2070,386,264
07/03/2020,Hampton,"Asian or Pacific Islander",5,0,0
07/03/2020,Hampton,Black,163,29,5
07/03/2020,Hampton,Latino,36,3,0
07/03/2020,Hampton,"Native American",0,0,0
07/03/2020,Hampton,"Not Reported",85,0,0
07/03/2020,Hampton,"Other Race",4,2,0
07/03/2020,Hampton,"Two or more races",3,0,0
07/03/2020,Hampton,White,58,7,0
07/03/2020,Henrico,"Asian or Pacific Islander",118,8,3
07/03/2020,Henrico,Black,738,123,68
07/03/2020,Henrico,Latino,565,39,5
07/03/2020,Henrico,"Native American",7,0,0
07/03/2020,Henrico,"Not Reported",506,2,2
07/03/2020,Henrico,"Other Race",69,11,1
07/03/2020,Henrico,"Two or more races",6,0,0
07/03/2020,Henrico,White,620,75,78
07/03/2020,Lenowisco,Black,1,0,0
07/03/2020,Lenowisco,Latino,0,0,0
07/03/2020,Lenowisco,"Not Reported",10,1,1
07/03/2020,Lenowisco,"Other Race",1,0,0
07/03/2020,Lenowisco,"Two or more races",0,0,0
07/03/2020,Lenowisco,White,43,16,3
07/03/2020,"Lord Fairfax","Asian or Pacific Islander",6,0,0
07/03/2020,"Lord Fairfax",Black,73,8,4
07/03/2020,"Lord Fairfax",Latino,562,35,8
07/03/2020,"Lord Fairfax","Native American",2,1,1
07/03/2020,"Lord Fairfax","Not Reported",260,3,4
07/03/2020,"Lord Fairfax","Other Race",53,5,0
07/03/2020,"Lord Fairfax","Two or more races",10,0,0
07/03/2020,"Lord Fairfax",White,1094,131,52
07/03/2020,Loudoun,"Asian or Pacific Islander",171,36,8
07/03/2020,Loudoun,Black,132,19,4
07/03/2020,Loudoun,Latino,985,127,10
07/03/2020,Loudoun,"Native American",0,0,0
07/03/2020,Loudoun,"Not Reported",2041,2,2
07/03/2020,Loudoun,"Other Race",112,5,2
07/03/2020,Loudoun,"Two or more races",17,0,0
07/03/2020,Loudoun,White,655,90,65
07/03/2020,"Mount Rogers","Asian or Pacific Islander",2,1,0
07/03/2020,"Mount Rogers",Black,27,5,2
07/03/2020,"Mount Rogers",Latino,182,1,0
07/03/2020,"Mount Rogers","Not Reported",40,1,1
07/03/2020,"Mount Rogers","Other Race",2,0,0
07/03/2020,"Mount Rogers","Two or more races",3,0,0
07/03/2020,"Mount Rogers",White,487,66,29
07/03/2020,"New River","Asian or Pacific Islander",4,0,0
07/03/2020,"New River",Black,18,3,0
07/03/2020,"New River",Latino,18,1,0
07/03/2020,"New River","Native American",0,0,0
07/03/2020,"New River","Not Reported",44,0,0
07/03/2020,"New River","Other Race",0,0,0
07/03/2020,"New River","Two or more races",0,0,0
07/03/2020,"New River",White,168,18,5
07/03/2020,Norfolk,"Asian or Pacific Islander",13,1,0
07/03/2020,Norfolk,Latino,164,15,0
07/03/2020,Norfolk,"Native American",1,0,0
07/03/2020,Norfolk,"Not Reported",167,0,0
07/03/2020,Norfolk,"Other Race",16,2,0
07/03/2020,Norfolk,"Two or more races",1,0,0
07/03/2020,Norfolk,White,135,19,4
07/03/2020,Peninsula,"Asian or Pacific Islander",10,2,1
07/03/2020,Peninsula,Black,251,34,10
07/03/2020,Peninsula,Latino,165,12,0
07/03/2020,Peninsula,"Native American",2,0,0
07/03/2020,Peninsula,"Not Reported",236,1,0
07/03/2020,Peninsula,"Other Race",22,1,0
07/03/2020,Peninsula,"Two or more races",7,2,0
07/03/2020,Peninsula,White,326,75,23
07/03/2020,Piedmont,"Asian or Pacific Islander",4,0,0
07/03/2020,Piedmont,Black,349,48,3
07/03/2020,Piedmont,Latino,58,4,1
07/03/2020,Piedmont,"Native American",1,0,0
07/03/2020,Piedmont,"Not Reported",340,12,6
07/03/2020,Piedmont,"Other Race",6,0,0
07/03/2020,Piedmont,"Two or more races",3,1,0
07/03/2020,Piedmont,White,304,24,3
07/03/2020,Pittsylvania-Danville,"Asian or Pacific Islander",0,0,0
07/03/2020,Pittsylvania-Danville,Black,74,15,0
07/03/2020,Pittsylvania-Danville,Latino,29,2,0
07/03/2020,Pittsylvania-Danville,"Not Reported",36,6,0
07/03/2020,Pittsylvania-Danville,"Other Race",0,0,0
07/03/2020,Pittsylvania-Danville,"Two or more races",0,0,0
07/03/2020,Pittsylvania-Danville,White,84,18,3
07/03/2020,"Pittsylvania-Danville and Southside","Native American",0,0,0
07/03/2020,Portsmouth,"Asian or Pacific Islander",3,2,0
07/03/2020,Portsmouth,Black,253,53,12
07/03/2020,Portsmouth,Latino,31,4,0
07/03/2020,Portsmouth,"Native American",2,0,0
07/03/2020,Portsmouth,"Not Reported",139,1,1
07/03/2020,Portsmouth,"Other Race",15,2,1
07/03/2020,Portsmouth,"Two or more races",2,1,0
07/03/2020,Portsmouth,White,81,10,4
07/03/2020,"Prince William","Asian or Pacific Islander",259,41,11
07/03/2020,"Prince William",Black,654,120,38
07/03/2020,"Prince William",Latino,4083,503,49
07/03/2020,"Prince William","Native American",12,1,0
07/03/2020,"Prince William","Not Reported",3205,19,0
07/03/2020,"Prince William","Other Race",223,10,0
07/03/2020,"Prince William","Two or more races",11,1,0
07/03/2020,"Prince William",White,859,125,72
07/03/2020,Rappahannock,"Asian or Pacific Islander",40,7,0
07/03/2020,Rappahannock,Black,281,46,9
07/03/2020,Rappahannock,Latino,865,81,5
07/03/2020,Rappahannock,"Native American",3,0,0
07/03/2020,Rappahannock,"Not Reported",707,22,1
07/03/2020,Rappahannock,"Other Race",41,4,0
07/03/2020,Rappahannock,"Two or more races",10,1,0
07/03/2020,Rappahannock,White,542,65,29
07/03/2020,"Rappahannock Rapidan","Asian or Pacific Islander",5,1,0
07/03/2020,"Rappahannock Rapidan",Black,76,16,6
07/03/2020,"Rappahannock Rapidan",Latino,632,49,5
07/03/2020,"Rappahannock Rapidan","Native American",0,0,0
07/03/2020,"Rappahannock Rapidan","Not Reported",412,10,2
07/03/2020,"Rappahannock Rapidan","Other Race",21,2,0
07/03/2020,"Rappahannock Rapidan","Two or more races",11,1,0
07/03/2020,"Rappahannock Rapidan",White,300,30,9
07/03/2020,Richmond,"Asian or Pacific Islander",7,2,0
07/03/2020,Richmond,Black,565,123,21
07/03/2020,Richmond,Latino,877,70,3
07/03/2020,Richmond,"Native American",0,0,0
07/03/2020,Richmond,"Not Reported",500,2,0
07/03/2020,Richmond,"Other Race",97,10,1
07/03/2020,Richmond,"Two or more races",3,1,1
07/03/2020,Richmond,White,199,19,4
07/03/2020,Roanoke,"Asian or Pacific Islander",2,0,0
07/03/2020,Roanoke,Black,35,7,2
07/03/2020,Roanoke,Latino,147,1,0
07/03/2020,Roanoke,"Not Reported",189,1,0
07/03/2020,Roanoke,"Other Race",1,0,0
07/03/2020,Roanoke,"Two or more races",0,0,0
07/03/2020,Roanoke,White,91,5,8
07/03/2020,Southside,"Asian or Pacific Islander",1,0,0
07/03/2020,Southside,Black,111,20,7
07/03/2020,Southside,Latino,2,0,0
07/03/2020,Southside,"Not Reported",179,15,8
07/03/2020,Southside,"Other Race",6,0,1
07/03/2020,Southside,"Two or more races",21,0,0
07/03/2020,Southside,White,94,14,14
07/03/2020,"Thomas Jefferson","Asian or Pacific Islander",11,0,0
07/03/2020,"Thomas Jefferson",Black,151,45,6
07/03/2020,"Thomas Jefferson",Latino,331,16,0
07/03/2020,"Thomas Jefferson","Native American",2,0,0
07/03/2020,"Thomas Jefferson","Not Reported",83,0,0
07/03/2020,"Thomas Jefferson","Other Race",26,2,1
07/03/2020,"Thomas Jefferson","Two or more races",4,0,0
07/03/2020,"Thomas Jefferson",White,352,36,18
07/03/2020,"Three Rivers",Black,192,17,3
07/03/2020,"Three Rivers",Latino,76,3,0
07/03/2020,"Three Rivers","Not Reported",135,4,0
07/03/2020,"Three Rivers","Other Race",6,1,0
07/03/2020,"Three Rivers","Two or more races",3,0,0
07/03/2020,"Three Rivers",White,231,24,6
07/03/2020,"Virginia Beach","Asian or Pacific Islander",61,12,1
07/03/2020,"Virginia Beach",Black,319,25,4
07/03/2020,"Virginia Beach",Latino,133,12,2
07/03/2020,"Virginia Beach","Native American",0,0,0
07/03/2020,"Virginia Beach","Not Reported",199,5,3
07/03/2020,"Virginia Beach","Other Race",15,1,0
07/03/2020,"Virginia Beach","Two or more races",15,2,0
07/03/2020,"Virginia Beach",White,512,64,20
07/03/2020,"West Piedmont","Asian or Pacific Islander",11,1,1
07/03/2020,"West Piedmont",Black,93,23,2
07/03/2020,"West Piedmont",Latino,139,7,0
07/03/2020,"West Piedmont","Native American",0,0,0
07/03/2020,"West Piedmont","Not Reported",76,1,0
07/03/2020,"West Piedmont","Other Race",1,0,0
07/03/2020,"West Piedmont","Two or more races",0,0,0
07/03/2020,"West Piedmont",White,181,13,4
07/03/2020,"Western Tidewater","Asian or Pacific Islander",7,1,0
07/03/2020,"Western Tidewater",Black,333,48,22
07/03/2020,"Western Tidewater",Latino,12,1,0
07/03/2020,"Western Tidewater","Native American",0,0,0
07/03/2020,"Western Tidewater","Not Reported",266,2,2
07/03/2020,"Western Tidewater","Other Race",16,0,2
07/03/2020,"Western Tidewater","Two or more races",2,0,0
07/03/2020,"Western Tidewater",White,205,36,29
07/04/2020,Alexandria,"Asian or Pacific Islander",84,8,1
07/04/2020,Alexandria,Black,342,61,13
07/04/2020,Alexandria,Latino,1298,110,9
07/04/2020,Alexandria,"Native American",3,0,0
07/04/2020,Alexandria,"Not Reported",140,6,0
07/04/2020,Alexandria,"Other Race",40,5,2
07/04/2020,Alexandria,"Two or more races",4,1,0
07/04/2020,Alexandria,White,446,48,32
07/04/2020,Alleghany,"Asian or Pacific Islander",3,0,0
07/04/2020,Alleghany,Black,16,2,1
07/04/2020,Alleghany,Latino,67,5,0
07/04/2020,Alleghany,"Not Reported",221,1,0
07/04/2020,Alleghany,"Other Race",4,0,0
07/04/2020,Alleghany,"Two or more races",2,0,0
07/04/2020,Alleghany,White,224,23,14
07/04/2020,"Alleghany and Roanoke","Native American",0,0,0
07/04/2020,Arlington,"Asian or Pacific Islander",124,22,12
07/04/2020,Arlington,Black,214,66,29
07/04/2020,Arlington,Latino,1235,203,22
07/04/2020,Arlington,"Native American",2,0,0
07/04/2020,Arlington,"Not Reported",158,8,3
07/04/2020,Arlington,"Other Race",51,6,2
07/04/2020,Arlington,"Two or more races",15,2,0
07/04/2020,Arlington,White,720,114,63
07/04/2020,"Central Shenandoah","Asian or Pacific Islander",16,2,0
07/04/2020,"Central Shenandoah",Black,92,9,4
07/04/2020,"Central Shenandoah",Latino,781,47,4
07/04/2020,"Central Shenandoah","Native American",1,1,0
07/04/2020,"Central Shenandoah","Not Reported",198,2,1
07/04/2020,"Central Shenandoah","Other Race",32,1,0
07/04/2020,"Central Shenandoah","Two or more races",10,1,0
07/04/2020,"Central Shenandoah",White,1000,110,31
07/04/2020,"Central Virginia","Asian or Pacific Islander",0,0,0
07/04/2020,"Central Virginia",Black,24,2,1
07/04/2020,"Central Virginia",Latino,25,1,1
07/04/2020,"Central Virginia","Native American",0,0,0
07/04/2020,"Central Virginia","Not Reported",292,4,1
07/04/2020,"Central Virginia","Other Race",1,0,0
07/04/2020,"Central Virginia","Two or more races",0,0,0
07/04/2020,"Central Virginia",White,88,9,2
07/04/2020,Chesapeake,"Asian or Pacific Islander",24,4,2
07/04/2020,Chesapeake,Black,369,75,6
07/04/2020,Chesapeake,Latino,132,13,1
07/04/2020,Chesapeake,"Native American",8,0,0
07/04/2020,Chesapeake,"Not Reported",126,4,1
07/04/2020,Chesapeake,"Other Race",10,2,0
07/04/2020,Chesapeake,"Two or more races",7,1,0
07/04/2020,Chesapeake,White,327,48,11
07/04/2020,Chesterfield,"Asian or Pacific Islander",29,1,0
07/04/2020,Chesterfield,Black,405,53,14
07/04/2020,Chesterfield,Latino,655,29,1
07/04/2020,Chesterfield,"Native American",3,0,0
07/04/2020,Chesterfield,"Not Reported",1419,3,13
07/04/2020,Chesterfield,"Other Race",179,6,0
07/04/2020,Chesterfield,"Two or more races",5,0,0
07/04/2020,Chesterfield,White,506,57,45
07/04/2020,Chickahominy,"Asian or Pacific Islander",4,1,0
07/04/2020,Chickahominy,Black,114,34,10
07/04/2020,Chickahominy,Latino,44,3,0
07/04/2020,Chickahominy,"Native American",1,1,0
07/04/2020,Chickahominy,"Not Reported",200,3,1
07/04/2020,Chickahominy,"Other Race",10,3,0
07/04/2020,Chickahominy,"Two or more races",2,1,0
07/04/2020,Chickahominy,White,294,65,28
07/04/2020,Crater,"Asian or Pacific Islander",4,0,0
07/04/2020,Crater,Black,743,111,20
07/04/2020,Crater,Latino,120,4,2
07/04/2020,Crater,"Native American",3,0,0
07/04/2020,Crater,"Not Reported",389,7,8
07/04/2020,Crater,"Other Race",14,0,0
07/04/2020,Crater,"Two or more races",2,0,0
07/04/2020,Crater,White,308,32,8
07/04/2020,"Cumberland Plateau",Black,12,0,0
07/04/2020,"Cumberland Plateau",Latino,0,0,0
07/04/2020,"Cumberland Plateau","Not Reported",1,0,0
07/04/2020,"Cumberland Plateau","Other Race",0,0,0
07/04/2020,"Cumberland Plateau","Two or more races",1,0,0
07/04/2020,"Cumberland Plateau",White,51,2,0
07/04/2020,"Cumberland Plateau and Lenowisco","Asian or Pacific Islander",1,0,0
07/04/2020,"Cumberland Plateau, Lenowisco, and Mount Rogers","Native American",0,0,0
07/04/2020,"Eastern Shore",Black,792,89,25
07/04/2020,"Eastern Shore",Latino,244,7,3
07/04/2020,"Eastern Shore","Not Reported",84,0,0
07/04/2020,"Eastern Shore","Other Race",13,1,0
07/04/2020,"Eastern Shore","Two or more races",1,1,0
07/04/2020,"Eastern Shore",White,176,15,14
07/04/2020,"Eastern Shore and Three Rivers","Asian or Pacific Islander",8,1,0
07/04/2020,"Eastern Shore and Three Rivers","Native American",1,0,0
07/04/2020,Fairfax,"Asian or Pacific Islander",1108,204,64
07/04/2020,Fairfax,Black,814,171,48
07/04/2020,Fairfax,Latino,7368,774,71
07/04/2020,Fairfax,"Native American",23,1,1
07/04/2020,Fairfax,"Not Reported",2269,75,50
07/04/2020,Fairfax,"Other Race",507,59,12
07/04/2020,Fairfax,"Two or more races",24,4,0
07/04/2020,Fairfax,White,2084,386,264
07/04/2020,Hampton,"Asian or Pacific Islander",5,0,0
07/04/2020,Hampton,Black,166,29,5
07/04/2020,Hampton,Latino,36,3,0
07/04/2020,Hampton,"Native American",0,0,0
07/04/2020,Hampton,"Not Reported",88,0,0
07/04/2020,Hampton,"Other Race",4,2,0
07/04/2020,Hampton,"Two or more races",3,0,0
07/04/2020,Hampton,White,58,7,0
07/04/2020,Henrico,"Asian or Pacific Islander",118,8,3
07/04/2020,Henrico,Black,746,125,69
07/04/2020,Henrico,Latino,568,40,5
07/04/2020,Henrico,"Native American",7,0,0
07/04/2020,Henrico,"Not Reported",527,2,2
07/04/2020,Henrico,"Other Race",69,11,1
07/04/2020,Henrico,"Two or more races",6,0,0
07/04/2020,Henrico,White,622,75,78
07/04/2020,Lenowisco,Black,1,0,0
07/04/2020,Lenowisco,Latino,0,0,0
07/04/2020,Lenowisco,"Not Reported",11,1,1
07/04/2020,Lenowisco,"Other Race",1,0,0
07/04/2020,Lenowisco,"Two or more races",0,0,0
07/04/2020,Lenowisco,White,43,16,3
07/04/2020,"Lord Fairfax","Asian or Pacific Islander",6,0,0
07/04/2020,"Lord Fairfax",Black,73,8,5
07/04/2020,"Lord Fairfax",Latino,565,35,8
07/04/2020,"Lord Fairfax","Native American",2,1,1
07/04/2020,"Lord Fairfax","Not Reported",260,3,4
07/04/2020,"Lord Fairfax","Other Race",53,5,0
07/04/2020,"Lord Fairfax","Two or more races",11,0,0
07/04/2020,"Lord Fairfax",White,1098,131,53
07/04/2020,Loudoun,"Asian or Pacific Islander",172,36,8
07/04/2020,Loudoun,Black,137,19,4
07/04/2020,Loudoun,Latino,1005,127,10
07/04/2020,Loudoun,"Native American",1,0,0
07/04/2020,Loudoun,"Not Reported",2036,2,2
07/04/2020,Loudoun,"Other Race",114,5,2
07/04/2020,Loudoun,"Two or more races",24,0,0
07/04/2020,Loudoun,White,686,90,65
07/04/2020,"Mount Rogers","Asian or Pacific Islander",2,1,0
07/04/2020,"Mount Rogers",Black,27,5,2
07/04/2020,"Mount Rogers",Latino,183,1,0
07/04/2020,"Mount Rogers","Not Reported",41,1,1
07/04/2020,"Mount Rogers","Other Race",2,0,0
07/04/2020,"Mount Rogers","Two or more races",3,0,0
07/04/2020,"Mount Rogers",White,491,66,29
07/04/2020,"New River","Asian or Pacific Islander",4,0,0
07/04/2020,"New River",Black,18,3,0
07/04/2020,"New River",Latino,18,1,0
07/04/2020,"New River","Native American",0,0,0
07/04/2020,"New River","Not Reported",45,0,0
07/04/2020,"New River","Other Race",0,0,0
07/04/2020,"New River","Two or more races",0,0,0
07/04/2020,"New River",White,170,18,5
07/04/2020,Norfolk,"Asian or Pacific Islander",13,1,0
07/04/2020,Norfolk,Black,531,76,8
07/04/2020,Norfolk,Latino,170,15,0
07/04/2020,Norfolk,"Native American",1,0,0
07/04/2020,Norfolk,"Not Reported",194,0,0
07/04/2020,Norfolk,"Other Race",17,2,0
07/04/2020,Norfolk,"Two or more races",1,0,0
07/04/2020,Norfolk,White,140,19,4
07/04/2020,Peninsula,"Asian or Pacific Islander",10,2,1
07/04/2020,Peninsula,Black,259,34,10
07/04/2020,Peninsula,Latino,166,12,0
07/04/2020,Peninsula,"Native American",2,0,0
07/04/2020,Peninsula,"Not Reported",257,1,0
07/04/2020,Peninsula,"Other Race",24,1,0
07/04/2020,Peninsula,"Two or more races",7,2,0
07/04/2020,Peninsula,White,329,75,23
07/04/2020,Piedmont,"Asian or Pacific Islander",4,0,0
07/04/2020,Piedmont,Black,349,48,3
07/04/2020,Piedmont,Latino,58,4,1
07/04/2020,Piedmont,"Native American",1,0,0
07/04/2020,Piedmont,"Not Reported",339,12,6
07/04/2020,Piedmont,"Other Race",6,0,0
07/04/2020,Piedmont,"Two or more races",4,1,0
07/04/2020,Piedmont,White,304,24,3
07/04/2020,Pittsylvania-Danville,"Asian or Pacific Islander",0,0,0
07/04/2020,Pittsylvania-Danville,Black,77,16,0
07/04/2020,Pittsylvania-Danville,Latino,29,2,0
07/04/2020,Pittsylvania-Danville,"Not Reported",35,6,0
07/04/2020,Pittsylvania-Danville,"Other Race",0,0,0
07/04/2020,Pittsylvania-Danville,"Two or more races",0,0,0
07/04/2020,Pittsylvania-Danville,White,86,18,3
07/04/2020,"Pittsylvania-Danville and Southside","Native American",0,0,0
07/04/2020,Portsmouth,"Asian or Pacific Islander",3,2,0
07/04/2020,Portsmouth,Black,259,53,12
07/04/2020,Portsmouth,Latino,32,4,0
07/04/2020,Portsmouth,"Native American",2,0,0
07/04/2020,Portsmouth,"Not Reported",144,1,1
07/04/2020,Portsmouth,"Other Race",15,2,1
07/04/2020,Portsmouth,"Two or more races",2,1,0
07/04/2020,Portsmouth,White,82,10,4
07/04/2020,"Prince William","Asian or Pacific Islander",262,41,11
07/04/2020,"Prince William",Black,659,121,38
07/04/2020,"Prince William",Latino,4104,504,50
07/04/2020,"Prince William","Native American",12,1,0
07/04/2020,"Prince William","Not Reported",3219,19,0
07/04/2020,"Prince William","Other Race",224,10,0
07/04/2020,"Prince William","Two or more races",11,1,0
07/04/2020,"Prince William",White,863,125,72
07/04/2020,Rappahannock,"Asian or Pacific Islander",40,7,0
07/04/2020,Rappahannock,Black,284,46,9
07/04/2020,Rappahannock,Latino,874,81,5
07/04/2020,Rappahannock,"Native American",3,0,0
07/04/2020,Rappahannock,"Not Reported",716,22,1
07/04/2020,Rappahannock,"Other Race",44,5,0
07/04/2020,Rappahannock,"Two or more races",11,1,0
07/04/2020,Rappahannock,White,546,65,29
07/04/2020,"Rappahannock Rapidan","Asian or Pacific Islander",5,1,0
07/04/2020,"Rappahannock Rapidan",Black,76,16,6
07/04/2020,"Rappahannock Rapidan",Latino,634,49,5
07/04/2020,"Rappahannock Rapidan","Native American",0,0,0
07/04/2020,"Rappahannock Rapidan","Not Reported",418,10,2
07/04/2020,"Rappahannock Rapidan","Other Race",21,2,0
07/04/2020,"Rappahannock Rapidan","Two or more races",11,1,0
07/04/2020,"Rappahannock Rapidan",White,301,30,9
07/04/2020,Richmond,"Asian or Pacific Islander",7,2,0
07/04/2020,Richmond,Black,569,122,20
07/04/2020,Richmond,Latino,880,71,3
07/04/2020,Richmond,"Native American",0,0,0
07/04/2020,Richmond,"Not Reported",505,2,0
07/04/2020,Richmond,"Other Race",97,9,1
07/04/2020,Richmond,"Two or more races",3,1,1
07/04/2020,Richmond,White,201,19,4
07/04/2020,Roanoke,"Asian or Pacific Islander",2,0,0
07/04/2020,Roanoke,Black,36,7,2
07/04/2020,Roanoke,Latino,151,1,0
07/04/2020,Roanoke,"Not Reported",192,1,0
07/04/2020,Roanoke,"Other Race",1,0,0
07/04/2020,Roanoke,"Two or more races",0,0,0
07/04/2020,Roanoke,White,94,5,8
07/04/2020,Southside,"Asian or Pacific Islander",1,0,0
07/04/2020,Southside,Black,111,20,7
07/04/2020,Southside,Latino,2,0,0
07/04/2020,Southside,"Not Reported",183,15,8
07/04/2020,Southside,"Other Race",6,0,1
07/04/2020,Southside,"Two or more races",21,0,0
07/04/2020,Southside,White,96,15,14
07/04/2020,"Thomas Jefferson","Asian or Pacific Islander",14,0,0
07/04/2020,"Thomas Jefferson",Black,156,45,6
07/04/2020,"Thomas Jefferson",Latino,353,16,0
07/04/2020,"Thomas Jefferson","Native American",2,0,0
07/04/2020,"Thomas Jefferson","Not Reported",98,0,0
07/04/2020,"Thomas Jefferson","Other Race",27,2,1
07/04/2020,"Thomas Jefferson","Two or more races",5,0,0
07/04/2020,"Thomas Jefferson",White,370,36,18
07/04/2020,"Three Rivers",Black,192,17,3
07/04/2020,"Three Rivers",Latino,76,3,0
07/04/2020,"Three Rivers","Not Reported",135,4,0
07/04/2020,"Three Rivers","Other Race",6,1,0
07/04/2020,"Three Rivers","Two or more races",3,0,0
07/04/2020,"Three Rivers",White,232,24,6
07/04/2020,"Virginia Beach","Asian or Pacific Islander",63,12,1
07/04/2020,"Virginia Beach",Black,334,26,4
07/04/2020,"Virginia Beach",Latino,136,12,2
07/04/2020,"Virginia Beach","Native American",0,0,0
07/04/2020,"Virginia Beach","Not Reported",217,5,3
07/04/2020,"Virginia Beach","Other Race",16,1,0
07/04/2020,"Virginia Beach","Two or more races",15,2,0
07/04/2020,"Virginia Beach",White,519,65,20
07/04/2020,"West Piedmont","Asian or Pacific Islander",11,1,1
07/04/2020,"West Piedmont",Black,93,23,2
07/04/2020,"West Piedmont",Latino,139,7,0
07/04/2020,"West Piedmont","Native American",0,0,0
07/04/2020,"West Piedmont","Not Reported",82,1,0
07/04/2020,"West Piedmont","Other Race",1,0,0
07/04/2020,"West Piedmont","Two or more races",0,0,0
07/04/2020,"West Piedmont",White,180,13,4
07/04/2020,"Western Tidewater","Asian or Pacific Islander",7,1,0
07/04/2020,"Western Tidewater",Black,337,49,22
07/04/2020,"Western Tidewater",Latino,12,1,0
07/04/2020,"Western Tidewater","Native American",0,0,0
07/04/2020,"Western Tidewater","Not Reported",271,2,2
07/04/2020,"Western Tidewater","Other Race",16,0,2
07/04/2020,"Western Tidewater","Two or more races",2,0,0
07/04/2020,"Western Tidewater",White,204,36,29
07/05/2020,Alexandria,"Asian or Pacific Islander",84,8,1
07/05/2020,Alexandria,Black,347,61,13
07/05/2020,Alexandria,Latino,1306,110,9
07/05/2020,Alexandria,"Native American",3,0,0
07/05/2020,Alexandria,"Not Reported",141,6,0
07/05/2020,Alexandria,"Other Race",40,5,2
07/05/2020,Alexandria,"Two or more races",4,1,0
07/05/2020,Alexandria,White,451,48,32
07/05/2020,Alleghany,"Asian or Pacific Islander",3,0,0
07/05/2020,Alleghany,Black,16,2,1
07/05/2020,Alleghany,Latino,67,5,0
07/05/2020,Alleghany,"Not Reported",227,1,0
07/05/2020,Alleghany,"Other Race",4,0,0
07/05/2020,Alleghany,"Two or more races",2,0,0
07/05/2020,Alleghany,White,224,23,14
07/05/2020,"Alleghany and Roanoke","Native American",0,0,0
07/05/2020,Arlington,"Asian or Pacific Islander",124,22,12
07/05/2020,Arlington,Black,216,66,29
07/05/2020,Arlington,Latino,1236,203,22
07/05/2020,Arlington,"Native American",2,0,0
07/05/2020,Arlington,"Not Reported",169,8,3
07/05/2020,Arlington,"Other Race",51,6,2
07/05/2020,Arlington,"Two or more races",15,2,0
07/05/2020,Arlington,White,720,114,63
07/05/2020,"Central Shenandoah","Asian or Pacific Islander",17,2,0
07/05/2020,"Central Shenandoah",Black,92,9,4
07/05/2020,"Central Shenandoah",Latino,782,47,4
07/05/2020,"Central Shenandoah","Native American",1,1,0
07/05/2020,"Central Shenandoah","Not Reported",200,2,1
07/05/2020,"Central Shenandoah","Other Race",31,1,0
07/05/2020,"Central Shenandoah","Two or more races",10,1,0
07/05/2020,"Central Shenandoah",White,1007,110,31
07/05/2020,"Central Virginia","Asian or Pacific Islander",0,0,0
07/05/2020,"Central Virginia",Black,24,2,1
07/05/2020,"Central Virginia",Latino,25,1,1
07/05/2020,"Central Virginia","Native American",0,0,0
07/05/2020,"Central Virginia","Not Reported",291,4,1
07/05/2020,"Central Virginia","Other Race",1,0,0
07/05/2020,"Central Virginia","Two or more races",0,0,0
07/05/2020,"Central Virginia",White,89,9,2
07/05/2020,Chesapeake,"Asian or Pacific Islander",24,4,2
07/05/2020,Chesapeake,Black,374,76,6
07/05/2020,Chesapeake,Latino,132,13,1
07/05/2020,Chesapeake,"Native American",8,0,0
07/05/2020,Chesapeake,"Not Reported",134,4,1
07/05/2020,Chesapeake,"Other Race",9,1,0
07/05/2020,Chesapeake,"Two or more races",7,1,0
07/05/2020,Chesapeake,White,327,48,11
07/05/2020,Chesterfield,"Asian or Pacific Islander",29,1,0
07/05/2020,Chesterfield,Black,411,53,14
07/05/2020,Chesterfield,Latino,658,29,1
07/05/2020,Chesterfield,"Native American",3,0,0
07/05/2020,Chesterfield,"Not Reported",1450,3,13
07/05/2020,Chesterfield,"Other Race",179,6,0
07/05/2020,Chesterfield,"Two or more races",5,0,0
07/05/2020,Chesterfield,White,512,57,45
07/05/2020,Chickahominy,"Asian or Pacific Islander",4,1,0
07/05/2020,Chickahominy,Black,114,34,10
07/05/2020,Chickahominy,Latino,44,3,0
07/05/2020,Chickahominy,"Native American",1,1,0
07/05/2020,Chickahominy,"Not Reported",202,3,1
07/05/2020,Chickahominy,"Other Race",10,3,0
07/05/2020,Chickahominy,"Two or more races",2,1,0
07/05/2020,Chickahominy,White,298,65,28
07/05/2020,Crater,"Asian or Pacific Islander",4,0,0
07/05/2020,Crater,Black,749,111,20
07/05/2020,Crater,Latino,120,4,2
07/05/2020,Crater,"Native American",3,0,0
07/05/2020,Crater,"Not Reported",390,8,8
07/05/2020,Crater,"Other Race",14,0,0
07/05/2020,Crater,"Two or more races",2,0,0
07/05/2020,Crater,White,308,32,8
07/05/2020,"Cumberland Plateau",Black,12,0,0
07/05/2020,"Cumberland Plateau",Latino,0,0,0
07/05/2020,"Cumberland Plateau","Not Reported",1,0,0
07/05/2020,"Cumberland Plateau","Other Race",0,0,0
07/05/2020,"Cumberland Plateau","Two or more races",1,0,0
07/05/2020,"Cumberland Plateau",White,53,2,0
07/05/2020,"Cumberland Plateau and Lenowisco","Asian or Pacific Islander",1,0,0
07/05/2020,"Cumberland Plateau, Lenowisco, and Mount Rogers","Native American",0,0,0
07/05/2020,"Eastern Shore",Black,794,89,25
07/05/2020,"Eastern Shore",Latino,244,7,3
07/05/2020,"Eastern Shore","Not Reported",84,0,0
07/05/2020,"Eastern Shore","Other Race",13,1,0
07/05/2020,"Eastern Shore","Two or more races",1,1,0
07/05/2020,"Eastern Shore",White,176,15,14
07/05/2020,"Eastern Shore and Three Rivers","Asian or Pacific Islander",8,1,0
07/05/2020,"Eastern Shore and Three Rivers","Native American",1,0,0
07/05/2020,Fairfax,"Asian or Pacific Islander",1111,204,64
07/05/2020,Fairfax,Black,825,173,49
07/05/2020,Fairfax,Latino,7389,775,71
07/05/2020,Fairfax,"Native American",24,1,1
07/05/2020,Fairfax,"Not Reported",2297,74,50
07/05/2020,Fairfax,"Other Race",508,59,12
07/05/2020,Fairfax,"Two or more races",24,4,0
07/05/2020,Fairfax,White,2101,387,264
07/05/2020,Hampton,"Asian or Pacific Islander",5,0,0
07/05/2020,Hampton,Black,167,29,5
07/05/2020,Hampton,Latino,36,3,0
07/05/2020,Hampton,"Native American",0,0,0
07/05/2020,Hampton,"Not Reported",95,0,0
07/05/2020,Hampton,"Other Race",5,2,0
07/05/2020,Hampton,"Two or more races",3,0,0
07/05/2020,Hampton,White,58,7,0
07/05/2020,Henrico,"Asian or Pacific Islander",119,8,3
07/05/2020,Henrico,Black,748,125,69
07/05/2020,Henrico,Latino,573,41,5
07/05/2020,Henrico,"Native American",7,0,0
07/05/2020,Henrico,"Not Reported",535,2,2
07/05/2020,Henrico,"Other Race",69,11,1
07/05/2020,Henrico,"Two or more races",6,0,0
07/05/2020,Henrico,White,624,75,78
07/05/2020,Lenowisco,Black,1,0,0
07/05/2020,Lenowisco,Latino,0,0,0
07/05/2020,Lenowisco,"Not Reported",12,1,1
07/05/2020,Lenowisco,"Other Race",1,0,0
07/05/2020,Lenowisco,"Two or more races",0,0,0
07/05/2020,Lenowisco,White,46,16,3
07/05/2020,"Lord Fairfax","Asian or Pacific Islander",7,0,0
07/05/2020,"Lord Fairfax",Black,75,8,6
07/05/2020,"Lord Fairfax",Latino,566,35,8
07/05/2020,"Lord Fairfax","Native American",2,1,1
07/05/2020,"Lord Fairfax","Not Reported",264,3,5
07/05/2020,"Lord Fairfax","Other Race",53,5,0
07/05/2020,"Lord Fairfax","Two or more races",11,0,0
07/05/2020,"Lord Fairfax",White,1111,132,54
07/05/2020,Loudoun,"Asian or Pacific Islander",173,36,8
07/05/2020,Loudoun,Black,136,18,3
07/05/2020,Loudoun,Latino,1007,127,10
07/05/2020,Loudoun,"Native American",1,0,0
07/05/2020,Loudoun,"Not Reported",2056,2,2
07/05/2020,Loudoun,"Other Race",114,5,2
07/05/2020,Loudoun,"Two or more races",24,0,0
07/05/2020,Loudoun,White,696,90,65
07/05/2020,"Mount Rogers","Asian or Pacific Islander",2,1,0
07/05/2020,"Mount Rogers",Black,27,5,2
07/05/2020,"Mount Rogers",Latino,189,1,0
07/05/2020,"Mount Rogers","Not Reported",41,1,1
07/05/2020,"Mount Rogers","Other Race",2,0,0
07/05/2020,"Mount Rogers","Two or more races",3,0,0
07/05/2020,"Mount Rogers",White,501,67,29
07/05/2020,"New River","Asian or Pacific Islander",4,0,0
07/05/2020,"New River",Black,18,3,0
07/05/2020,"New River",Latino,18,1,0
07/05/2020,"New River","Native American",0,0,0
07/05/2020,"New River","Not Reported",47,0,0
07/05/2020,"New River","Other Race",1,0,0
07/05/2020,"New River","Two or more races",0,0,0
07/05/2020,"New River",White,170,18,5
07/05/2020,Norfolk,"Asian or Pacific Islander",13,1,0
07/05/2020,Norfolk,Black,535,77,8
07/05/2020,Norfolk,Latino,171,15,0
07/05/2020,Norfolk,"Native American",1,0,0
07/05/2020,Norfolk,"Not Reported",194,0,0
07/05/2020,Norfolk,"Other Race",17,2,0
07/05/2020,Norfolk,"Two or more races",1,0,0
07/05/2020,Norfolk,White,140,19,4
07/05/2020,Peninsula,"Asian or Pacific Islander",10,2,1
07/05/2020,Peninsula,Black,267,34,10
07/05/2020,Peninsula,Latino,171,12,0
07/05/2020,Peninsula,"Native American",2,0,0
07/05/2020,Peninsula,"Not Reported",282,1,0
07/05/2020,Peninsula,"Other Race",26,1,0
07/05/2020,Peninsula,"Two or more races",7,2,0
07/05/2020,Peninsula,White,332,75,23
07/05/2020,Piedmont,"Asian or Pacific Islander",4,0,0
07/05/2020,Piedmont,Black,349,48,3
07/05/2020,Piedmont,Latino,58,4,1
07/05/2020,Piedmont,"Native American",1,0,0
07/05/2020,Piedmont,"Not Reported",339,12,6
07/05/2020,Piedmont,"Other Race",6,0,0
07/05/2020,Piedmont,"Two or more races",4,1,0
07/05/2020,Piedmont,White,304,24,3
07/05/2020,Pittsylvania-Danville,"Asian or Pacific Islander",0,0,0
07/05/2020,Pittsylvania-Danville,Black,79,17,0
07/05/2020,Pittsylvania-Danville,Latino,29,2,0
07/05/2020,Pittsylvania-Danville,"Not Reported",40,6,0
07/05/2020,Pittsylvania-Danville,"Other Race",0,0,0
07/05/2020,Pittsylvania-Danville,"Two or more races",0,0,0
07/05/2020,Pittsylvania-Danville,White,88,18,3
07/05/2020,"Pittsylvania-Danville and Southside","Native American",0,0,0
07/05/2020,Portsmouth,"Asian or Pacific Islander",3,2,0
07/05/2020,Portsmouth,Black,264,53,12
07/05/2020,Portsmouth,Latino,32,4,0
07/05/2020,Portsmouth,"Native American",2,0,0
07/05/2020,Portsmouth,"Not Reported",149,1,1
07/05/2020,Portsmouth,"Other Race",15,2,1
07/05/2020,Portsmouth,"Two or more races",2,1,0
07/05/2020,Portsmouth,White,82,10,4
07/05/2020,"Prince William","Asian or Pacific Islander",262,41,11
07/05/2020,"Prince William",Black,663,122,38
07/05/2020,"Prince William",Latino,4117,504,50
07/05/2020,"Prince William","Native American",12,1,0
07/05/2020,"Prince William","Not Reported",3310,19,0
07/05/2020,"Prince William","Other Race",225,10,0
07/05/2020,"Prince William","Two or more races",11,1,0
07/05/2020,"Prince William",White,865,125,72
07/05/2020,Rappahannock,"Asian or Pacific Islander",40,7,0
07/05/2020,Rappahannock,Black,284,46,9
07/05/2020,Rappahannock,Latino,874,81,5
07/05/2020,Rappahannock,"Native American",3,0,0
07/05/2020,Rappahannock,"Not Reported",725,22,1
07/05/2020,Rappahannock,"Other Race",44,5,0
07/05/2020,Rappahannock,"Two or more races",11,1,0
07/05/2020,Rappahannock,White,550,66,29
07/05/2020,"Rappahannock Rapidan","Asian or Pacific Islander",5,1,0
07/05/2020,"Rappahannock Rapidan",Black,76,16,6
07/05/2020,"Rappahannock Rapidan",Latino,636,49,5
07/05/2020,"Rappahannock Rapidan","Native American",0,0,0
07/05/2020,"Rappahannock Rapidan","Not Reported",429,10,2
07/05/2020,"Rappahannock Rapidan","Other Race",21,2,0
07/05/2020,"Rappahannock Rapidan","Two or more races",12,1,0
07/05/2020,"Rappahannock Rapidan",White,305,30,9
07/05/2020,Richmond,"Asian or Pacific Islander",7,2,0
07/05/2020,Richmond,Black,576,125,20
07/05/2020,Richmond,Latino,878,70,3
07/05/2020,Richmond,"Native American",0,0,0
07/05/2020,Richmond,"Not Reported",509,2,0
07/05/2020,Richmond,"Other Race",98,9,1
07/05/2020,Richmond,"Two or more races",3,1,1
07/05/2020,Richmond,White,205,19,4
07/05/2020,Roanoke,"Asian or Pacific Islander",2,0,0
07/05/2020,Roanoke,Black,36,7,2
07/05/2020,Roanoke,Latino,151,1,0
07/05/2020,Roanoke,"Not Reported",194,1,0
07/05/2020,Roanoke,"Other Race",1,0,0
07/05/2020,Roanoke,"Two or more races",0,0,0
07/05/2020,Roanoke,White,95,5,8
07/05/2020,Southside,"Asian or Pacific Islander",1,0,0
07/05/2020,Southside,Black,113,20,7
07/05/2020,Southside,Latino,2,0,0
07/05/2020,Southside,"Not Reported",184,15,8
07/05/2020,Southside,"Other Race",6,0,1
07/05/2020,Southside,"Two or more races",21,0,0
07/05/2020,Southside,White,96,15,14
07/05/2020,"Thomas Jefferson","Asian or Pacific Islander",16,0,0
07/05/2020,"Thomas Jefferson",Black,156,45,6
07/05/2020,"Thomas Jefferson",Latino,356,16,0
07/05/2020,"Thomas Jefferson","Native American",2,0,0
07/05/2020,"Thomas Jefferson","Not Reported",98,0,0
07/05/2020,"Thomas Jefferson","Other Race",30,2,1
07/05/2020,"Thomas Jefferson","Two or more races",6,0,0
07/05/2020,"Thomas Jefferson",White,376,36,18
07/05/2020,"Three Rivers",Black,194,17,3
07/05/2020,"Three Rivers",Latino,76,3,0
07/05/2020,"Three Rivers","Not Reported",144,4,0
07/05/2020,"Three Rivers","Other Race",6,1,0
07/05/2020,"Three Rivers","Two or more races",3,0,0
07/05/2020,"Three Rivers",White,233,24,6
07/05/2020,"Virginia Beach","Asian or Pacific Islander",63,12,1
07/05/2020,"Virginia Beach",Black,354,26,4
07/05/2020,"Virginia Beach",Latino,137,12,2
07/05/2020,"Virginia Beach","Native American",0,0,0
07/05/2020,"Virginia Beach","Not Reported",227,5,3
07/05/2020,"Virginia Beach","Other Race",16,1,0
07/05/2020,"Virginia Beach","Two or more races",15,2,0
07/05/2020,"Virginia Beach",White,538,65,20
07/05/2020,"West Piedmont","Asian or Pacific Islander",11,1,1
07/05/2020,"West Piedmont",Black,93,23,2
07/05/2020,"West Piedmont",Latino,139,7,0
07/05/2020,"West Piedmont","Native American",0,0,0
07/05/2020,"West Piedmont","Not Reported",93,1,0
07/05/2020,"West Piedmont","Other Race",1,0,0
07/05/2020,"West Piedmont","Two or more races",0,0,0
07/05/2020,"West Piedmont",White,181,13,4
07/05/2020,"Western Tidewater","Asian or Pacific Islander",7,1,0
07/05/2020,"Western Tidewater",Black,345,50,23
07/05/2020,"Western Tidewater",Latino,13,1,0
07/05/2020,"Western Tidewater","Native American",0,0,0
07/05/2020,"Western Tidewater","Not Reported",272,2,2
07/05/2020,"Western Tidewater","Other Race",16,0,2
07/05/2020,"Western Tidewater","Two or more races",2,0,0
07/05/2020,"Western Tidewater",White,206,36,29
07/06/2020,Alexandria,"Asian or Pacific Islander",84,8,1
07/06/2020,Alexandria,Black,348,62,13
07/06/2020,Alexandria,Latino,1310,110,9
07/06/2020,Alexandria,"Native American",3,0,0
07/06/2020,Alexandria,"Not Reported",139,6,0
07/06/2020,Alexandria,"Other Race",41,5,2
07/06/2020,Alexandria,"Two or more races",4,1,0
07/06/2020,Alexandria,White,451,48,32
07/06/2020,Alleghany,"Asian or Pacific Islander",3,0,0
07/06/2020,Alleghany,Black,18,2,1
07/06/2020,Alleghany,Latino,69,5,0
07/06/2020,Alleghany,"Not Reported",228,1,0
07/06/2020,Alleghany,"Other Race",4,0,0
07/06/2020,Alleghany,"Two or more races",2,0,0
07/06/2020,Alleghany,White,231,23,14
07/06/2020,"Alleghany and Roanoke","Native American",0,0,0
07/06/2020,Arlington,"Asian or Pacific Islander",124,22,12
07/06/2020,Arlington,Black,215,66,29
07/06/2020,Arlington,Latino,1236,203,22
07/06/2020,Arlington,"Native American",2,0,0
07/06/2020,Arlington,"Not Reported",171,8,3
07/06/2020,Arlington,"Other Race",51,6,2
07/06/2020,Arlington,"Two or more races",15,2,0
07/06/2020,Arlington,White,719,114,63
07/06/2020,"Central Shenandoah","Asian or Pacific Islander",17,2,0
07/06/2020,"Central Shenandoah",Black,92,9,4
07/06/2020,"Central Shenandoah",Latino,782,47,4
07/06/2020,"Central Shenandoah","Native American",1,1,0
07/06/2020,"Central Shenandoah","Not Reported",200,2,1
07/06/2020,"Central Shenandoah","Other Race",30,1,0
07/06/2020,"Central Shenandoah","Two or more races",10,1,0
07/06/2020,"Central Shenandoah",White,1010,109,31
07/06/2020,"Central Virginia","Asian or Pacific Islander",0,0,0
07/06/2020,"Central Virginia",Black,25,2,1
07/06/2020,"Central Virginia",Latino,25,1,1
07/06/2020,"Central Virginia","Native American",0,0,0
07/06/2020,"Central Virginia","Not Reported",296,4,1
07/06/2020,"Central Virginia","Other Race",1,0,0
07/06/2020,"Central Virginia","Two or more races",0,0,0
07/06/2020,"Central Virginia",White,89,9,2
07/06/2020,Chesapeake,"Asian or Pacific Islander",24,4,2
07/06/2020,Chesapeake,Black,380,76,6
07/06/2020,Chesapeake,Latino,133,13,1
07/06/2020,Chesapeake,"Native American",8,0,0
07/06/2020,Chesapeake,"Not Reported",137,4,1
07/06/2020,Chesapeake,"Other Race",9,1,0
07/06/2020,Chesapeake,"Two or more races",7,1,0
07/06/2020,Chesapeake,White,328,48,11
07/06/2020,Chesterfield,"Asian or Pacific Islander",29,1,0
07/06/2020,Chesterfield,Black,414,53,14
07/06/2020,Chesterfield,Latino,658,29,1
07/06/2020,Chesterfield,"Native American",3,0,0
07/06/2020,Chesterfield,"Not Reported",1458,3,13
07/06/2020,Chesterfield,"Other Race",179,6,0
07/06/2020,Chesterfield,"Two or more races",5,0,0
07/06/2020,Chesterfield,White,514,57,45
07/06/2020,Chickahominy,"Asian or Pacific Islander",4,1,0
07/06/2020,Chickahominy,Black,115,34,10
07/06/2020,Chickahominy,Latino,44,3,0
07/06/2020,Chickahominy,"Native American",1,1,0
07/06/2020,Chickahominy,"Not Reported",201,3,1
07/06/2020,Chickahominy,"Other Race",10,3,0
07/06/2020,Chickahominy,"Two or more races",2,1,0
07/06/2020,Chickahominy,White,300,65,28
07/06/2020,Crater,"Asian or Pacific Islander",5,0,0
07/06/2020,Crater,Black,761,113,20
07/06/2020,Crater,Latino,121,4,2
07/06/2020,Crater,"Native American",3,0,0
07/06/2020,Crater,"Not Reported",392,8,8
07/06/2020,Crater,"Other Race",14,0,0
07/06/2020,Crater,"Two or more races",2,0,0
07/06/2020,Crater,White,314,33,8
07/06/2020,"Cumberland Plateau",Black,12,0,0
07/06/2020,"Cumberland Plateau",Latino,0,0,0
07/06/2020,"Cumberland Plateau","Not Reported",1,0,0
07/06/2020,"Cumberland Plateau","Other Race",0,0,0
07/06/2020,"Cumberland Plateau","Two or more races",1,0,0
07/06/2020,"Cumberland Plateau",White,54,2,0
07/06/2020,"Cumberland Plateau and Lenowisco","Asian or Pacific Islander",1,0,0
07/06/2020,"Cumberland Plateau, Lenowisco, and Mount Rogers","Native American",0,0,0
07/06/2020,"Eastern Shore",Black,794,89,25
07/06/2020,"Eastern Shore",Latino,244,7,3
07/06/2020,"Eastern Shore","Not Reported",84,0,0
07/06/2020,"Eastern Shore","Other Race",13,1,0
07/06/2020,"Eastern Shore","Two or more races",1,1,0
07/06/2020,"Eastern Shore",White,176,15,14
07/06/2020,"Eastern Shore and Three Rivers","Asian or Pacific Islander",8,1,0
07/06/2020,"Eastern Shore and Three Rivers","Native American",1,0,0
07/06/2020,Fairfax,"Asian or Pacific Islander",1118,204,64
07/06/2020,Fairfax,Black,829,174,49
07/06/2020,Fairfax,Latino,7417,776,71
07/06/2020,Fairfax,"Native American",24,1,1
07/06/2020,Fairfax,"Not Reported",2299,75,50
07/06/2020,Fairfax,"Other Race",509,59,12
07/06/2020,Fairfax,"Two or more races",24,4,0
07/06/2020,Fairfax,White,2111,386,263
07/06/2020,Hampton,"Asian or Pacific Islander",5,0,0
07/06/2020,Hampton,Black,170,29,5
07/06/2020,Hampton,Latino,36,3,0
07/06/2020,Hampton,"Native American",0,0,0
07/06/2020,Hampton,"Not Reported",99,0,0
07/06/2020,Hampton,"Other Race",5,2,0
07/06/2020,Hampton,"Two or more races",3,0,0
07/06/2020,Hampton,White,58,7,0
07/06/2020,Henrico,"Asian or Pacific Islander",119,8,3
07/06/2020,Henrico,Black,749,125,69
07/06/2020,Henrico,Latino,574,42,5
07/06/2020,Henrico,"Native American",7,0,0
07/06/2020,Henrico,"Not Reported",535,2,2
07/06/2020,Henrico,"Other Race",69,11,1
07/06/2020,Henrico,"Two or more races",6,0,0
07/06/2020,Henrico,White,626,76,79
07/06/2020,Lenowisco,Black,1,0,0
07/06/2020,Lenowisco,Latino,0,0,0
07/06/2020,Lenowisco,"Not Reported",12,1,1
07/06/2020,Lenowisco,"Other Race",1,0,0
07/06/2020,Lenowisco,"Two or more races",0,0,0
07/06/2020,Lenowisco,White,49,16,3
07/06/2020,"Lord Fairfax","Asian or Pacific Islander",7,0,0
07/06/2020,"Lord Fairfax",Black,75,8,6
07/06/2020,"Lord Fairfax",Latino,566,35,8
07/06/2020,"Lord Fairfax","Native American",2,1,1
07/06/2020,"Lord Fairfax","Not Reported",266,3,5
07/06/2020,"Lord Fairfax","Other Race",53,5,0
07/06/2020,"Lord Fairfax","Two or more races",11,0,0
07/06/2020,"Lord Fairfax",White,1113,132,54
07/06/2020,Loudoun,"Asian or Pacific Islander",173,36,8
07/06/2020,Loudoun,Black,136,18,3
07/06/2020,Loudoun,Latino,1009,127,10
07/06/2020,Loudoun,"Native American",1,0,0
07/06/2020,Loudoun,"Not Reported",2061,2,2
07/06/2020,Loudoun,"Other Race",115,5,2
07/06/2020,Loudoun,"Two or more races",24,0,0
07/06/2020,Loudoun,White,697,90,65
07/06/2020,"Mount Rogers","Asian or Pacific Islander",2,1,0
07/06/2020,"Mount Rogers",Black,28,5,2
07/06/2020,"Mount Rogers",Latino,189,1,0
07/06/2020,"Mount Rogers","Not Reported",44,1,1
07/06/2020,"Mount Rogers","Other Race",2,0,0
07/06/2020,"Mount Rogers","Two or more races",3,0,0
07/06/2020,"Mount Rogers",White,505,67,29
07/06/2020,"New River","Asian or Pacific Islander",4,0,0
07/06/2020,"New River",Black,19,3,0
07/06/2020,"New River",Latino,18,1,0
07/06/2020,"New River","Native American",0,0,0
07/06/2020,"New River","Not Reported",48,0,0
07/06/2020,"New River","Other Race",1,0,0
07/06/2020,"New River","Two or more races",0,0,0
07/06/2020,"New River",White,174,18,5
07/06/2020,Norfolk,"Asian or Pacific Islander",13,1,0
07/06/2020,Norfolk,Black,553,77,8
07/06/2020,Norfolk,Latino,173,15,0
07/06/2020,Norfolk,"Native American",1,0,0
07/06/2020,Norfolk,"Not Reported",201,0,0
07/06/2020,Norfolk,"Other Race",17,2,0
07/06/2020,Norfolk,"Two or more races",1,0,0
07/06/2020,Norfolk,White,146,20,4
07/06/2020,Peninsula,"Asian or Pacific Islander",10,2,1
07/06/2020,Peninsula,Black,269,34,10
07/06/2020,Peninsula,Latino,171,12,0
07/06/2020,Peninsula,"Native American",2,0,0
07/06/2020,Peninsula,"Not Reported",296,1,0
07/06/2020,Peninsula,"Other Race",26,1,0
07/06/2020,Peninsula,"Two or more races",7,2,0
07/06/2020,Peninsula,White,332,75,23
07/06/2020,Piedmont,"Asian or Pacific Islander",4,0,0
07/06/2020,Piedmont,Black,352,48,3
07/06/2020,Piedmont,Latino,58,4,1
07/06/2020,Piedmont,"Native American",1,0,0
07/06/2020,Piedmont,"Not Reported",344,12,6
07/06/2020,Piedmont,"Other Race",6,0,0
07/06/2020,Piedmont,"Two or more races",4,1,0
07/06/2020,Piedmont,White,304,24,3
07/06/2020,Pittsylvania-Danville,"Asian or Pacific Islander",0,0,0
07/06/2020,Pittsylvania-Danville,Black,85,18,0
07/06/2020,Pittsylvania-Danville,Latino,29,2,0
07/06/2020,Pittsylvania-Danville,"Not Reported",33,5,0
07/06/2020,Pittsylvania-Danville,"Other Race",0,0,0
07/06/2020,Pittsylvania-Danville,"Two or more races",0,0,0
07/06/2020,Pittsylvania-Danville,White,89,18,3
07/06/2020,"Pittsylvania-Danville and Southside","Native American",0,0,0
07/06/2020,Portsmouth,"Asian or Pacific Islander",3,2,0
07/06/2020,Portsmouth,Black,264,53,12
07/06/2020,Portsmouth,Latino,32,4,0
07/06/2020,Portsmouth,"Native American",2,0,0
07/06/2020,Portsmouth,"Not Reported",149,1,1
07/06/2020,Portsmouth,"Other Race",15,2,1
07/06/2020,Portsmouth,"Two or more races",2,1,0
07/06/2020,Portsmouth,White,82,10,4
07/06/2020,"Prince William","Asian or Pacific Islander",263,41,11
07/06/2020,"Prince William",Black,667,122,38
07/06/2020,"Prince William",Latino,4131,506,50
07/06/2020,"Prince William","Native American",12,1,0
07/06/2020,"Prince William","Not Reported",3300,19,0
07/06/2020,"Prince William","Other Race",227,10,0
07/06/2020,"Prince William","Two or more races",11,1,0
07/06/2020,"Prince William",White,868,125,72
07/06/2020,Rappahannock,"Asian or Pacific Islander",40,7,0
07/06/2020,Rappahannock,Black,284,46,9
07/06/2020,Rappahannock,Latino,874,82,5
07/06/2020,Rappahannock,"Native American",3,0,0
07/06/2020,Rappahannock,"Not Reported",725,22,1
07/06/2020,Rappahannock,"Other Race",44,5,0
07/06/2020,Rappahannock,"Two or more races",11,1,0
07/06/2020,Rappahannock,White,553,67,29
07/06/2020,"Rappahannock Rapidan","Asian or Pacific Islander",5,1,0
07/06/2020,"Rappahannock Rapidan",Black,77,16,6
07/06/2020,"Rappahannock Rapidan",Latino,635,49,5
07/06/2020,"Rappahannock Rapidan","Native American",0,0,0
07/06/2020,"Rappahannock Rapidan","Not Reported",429,10,2
07/06/2020,"Rappahannock Rapidan","Other Race",21,2,0
07/06/2020,"Rappahannock Rapidan","Two or more races",12,1,0
07/06/2020,"Rappahannock Rapidan",White,314,32,9
07/06/2020,Richmond,"Asian or Pacific Islander",7,2,0
07/06/2020,Richmond,Black,578,125,20
07/06/2020,Richmond,Latino,890,70,3
07/06/2020,Richmond,"Native American",0,0,0
07/06/2020,Richmond,"Not Reported",505,2,0
07/06/2020,Richmond,"Other Race",98,8,1
07/06/2020,Richmond,"Two or more races",3,1,1
07/06/2020,Richmond,White,207,20,4
07/06/2020,Roanoke,"Asian or Pacific Islander",2,0,0
07/06/2020,Roanoke,Black,38,7,2
07/06/2020,Roanoke,Latino,160,1,0
07/06/2020,Roanoke,"Not Reported",194,1,0
07/06/2020,Roanoke,"Other Race",1,0,0
07/06/2020,Roanoke,"Two or more races",0,0,0
07/06/2020,Roanoke,White,97,5,8
07/06/2020,Southside,"Asian or Pacific Islander",1,0,0
07/06/2020,Southside,Black,113,20,7
07/06/2020,Southside,Latino,2,0,0
07/06/2020,Southside,"Not Reported",185,15,8
07/06/2020,Southside,"Other Race",6,0,1
07/06/2020,Southside,"Two or more races",21,0,0
07/06/2020,Southside,White,99,15,14
07/06/2020,"Thomas Jefferson","Asian or Pacific Islander",16,0,0
07/06/2020,"Thomas Jefferson",Black,157,45,6
07/06/2020,"Thomas Jefferson",Latino,363,17,0
07/06/2020,"Thomas Jefferson","Native American",2,0,0
07/06/2020,"Thomas Jefferson","Not Reported",97,0,0
07/06/2020,"Thomas Jefferson","Other Race",31,3,1
07/06/2020,"Thomas Jefferson","Two or more races",6,0,0
07/06/2020,"Thomas Jefferson",White,380,36,18
07/06/2020,"Three Rivers",Black,194,17,3
07/06/2020,"Three Rivers",Latino,79,3,0
07/06/2020,"Three Rivers","Not Reported",141,4,0
07/06/2020,"Three Rivers","Other Race",6,1,0
07/06/2020,"Three Rivers","Two or more races",3,0,0
07/06/2020,"Three Rivers",White,233,24,6
07/06/2020,"Virginia Beach","Asian or Pacific Islander",63,12,1
07/06/2020,"Virginia Beach",Black,370,26,4
07/06/2020,"Virginia Beach",Latino,138,12,2
07/06/2020,"Virginia Beach","Native American",1,0,0
07/06/2020,"Virginia Beach","Not Reported",242,5,3
07/06/2020,"Virginia Beach","Other Race",16,1,0
07/06/2020,"Virginia Beach","Two or more races",15,2,0
07/06/2020,"Virginia Beach",White,547,65,20
07/06/2020,"West Piedmont","Asian or Pacific Islander",11,1,1
07/06/2020,"West Piedmont",Black,93,23,2
07/06/2020,"West Piedmont",Latino,140,7,0
07/06/2020,"West Piedmont","Native American",0,0,0
07/06/2020,"West Piedmont","Not Reported",104,1,0
07/06/2020,"West Piedmont","Other Race",1,0,0
07/06/2020,"West Piedmont","Two or more races",0,0,0
07/06/2020,"West Piedmont",White,183,13,4
07/06/2020,"Western Tidewater","Asian or Pacific Islander",7,1,0
07/06/2020,"Western Tidewater",Black,349,51,23
07/06/2020,"Western Tidewater",Latino,13,1,0
07/06/2020,"Western Tidewater","Native American",0,0,0
07/06/2020,"Western Tidewater","Not Reported",275,2,2
07/06/2020,"Western Tidewater","Other Race",16,0,2
07/06/2020,"Western Tidewater","Two or more races",2,0,0
07/06/2020,"Western Tidewater",White,207,36,29
07/07/2020,Alexandria,"Asian or Pacific Islander",84,8,1
07/07/2020,Alexandria,Black,351,62,13
07/07/2020,Alexandria,Latino,1317,111,9
07/07/2020,Alexandria,"Native American",3,0,0
07/07/2020,Alexandria,"Not Reported",143,6,0
07/07/2020,Alexandria,"Other Race",43,5,2
07/07/2020,Alexandria,"Two or more races",4,1,0
07/07/2020,Alexandria,White,454,48,32
07/07/2020,Alleghany,"Asian or Pacific Islander",3,0,0
07/07/2020,Alleghany,Black,19,2,1
07/07/2020,Alleghany,Latino,70,5,0
07/07/2020,Alleghany,"Not Reported",239,1,0
07/07/2020,Alleghany,"Other Race",4,0,0
07/07/2020,Alleghany,"Two or more races",2,0,0
07/07/2020,Alleghany,White,235,23,14
07/07/2020,"Alleghany and Roanoke","Native American",0,0,0
07/07/2020,Arlington,"Asian or Pacific Islander",125,23,12
07/07/2020,Arlington,Black,219,66,29
07/07/2020,Arlington,Latino,1245,203,22
07/07/2020,Arlington,"Native American",2,0,0
07/07/2020,Arlington,"Not Reported",162,8,3
07/07/2020,Arlington,"Other Race",51,6,2
07/07/2020,Arlington,"Two or more races",17,2,0
07/07/2020,Arlington,White,729,114,63
07/07/2020,"Central Shenandoah","Asian or Pacific Islander",17,2,0
07/07/2020,"Central Shenandoah",Black,94,9,4
07/07/2020,"Central Shenandoah",Latino,789,47,4
07/07/2020,"Central Shenandoah","Native American",1,1,0
07/07/2020,"Central Shenandoah","Not Reported",199,2,1
07/07/2020,"Central Shenandoah","Other Race",31,1,0
07/07/2020,"Central Shenandoah","Two or more races",10,1,0
07/07/2020,"Central Shenandoah",White,1025,109,32
07/07/2020,"Central Virginia","Asian or Pacific Islander",0,0,0
07/07/2020,"Central Virginia",Black,25,2,1
07/07/2020,"Central Virginia",Latino,25,1,1
07/07/2020,"Central Virginia","Native American",0,0,0
07/07/2020,"Central Virginia","Not Reported",303,4,2
07/07/2020,"Central Virginia","Other Race",1,0,0
07/07/2020,"Central Virginia","Two or more races",0,0,0
07/07/2020,"Central Virginia",White,90,9,2
07/07/2020,Chesapeake,"Asian or Pacific Islander",25,5,2
07/07/2020,Chesapeake,Black,392,80,6
07/07/2020,Chesapeake,Latino,135,14,2
07/07/2020,Chesapeake,"Native American",8,0,0
07/07/2020,Chesapeake,"Not Reported",140,3,1
07/07/2020,Chesapeake,"Other Race",9,1,0
07/07/2020,Chesapeake,"Two or more races",7,1,0
07/07/2020,Chesapeake,White,330,50,11
07/07/2020,Chesterfield,"Asian or Pacific Islander",29,2,0
07/07/2020,Chesterfield,Black,415,54,14
07/07/2020,Chesterfield,Latino,660,35,1
07/07/2020,Chesterfield,"Native American",3,0,0
07/07/2020,Chesterfield,"Not Reported",1486,3,13
07/07/2020,Chesterfield,"Other Race",179,6,0
07/07/2020,Chesterfield,"Two or more races",5,0,0
07/07/2020,Chesterfield,White,519,59,48
07/07/2020,Chickahominy,"Asian or Pacific Islander",4,1,0
07/07/2020,Chickahominy,Black,115,33,10
07/07/2020,Chickahominy,Latino,45,3,0
07/07/2020,Chickahominy,"Native American",1,1,0
07/07/2020,Chickahominy,"Not Reported",204,3,1
07/07/2020,Chickahominy,"Other Race",10,3,1
07/07/2020,Chickahominy,"Two or more races",2,1,0
07/07/2020,Chickahominy,White,302,65,29
07/07/2020,Crater,"Asian or Pacific Islander",5,0,0
07/07/2020,Crater,Black,767,115,22
07/07/2020,Crater,Latino,122,4,2
07/07/2020,Crater,"Native American",3,0,0
07/07/2020,Crater,"Not Reported",408,9,8
07/07/2020,Crater,"Other Race",14,0,0
07/07/2020,Crater,"Two or more races",2,0,0
07/07/2020,Crater,White,319,33,8
07/07/2020,"Cumberland Plateau",Black,12,0,0
07/07/2020,"Cumberland Plateau",Latino,0,0,0
07/07/2020,"Cumberland Plateau","Not Reported",2,0,0
07/07/2020,"Cumberland Plateau","Other Race",0,0,0
07/07/2020,"Cumberland Plateau","Two or more races",2,0,0
07/07/2020,"Cumberland Plateau",White,58,2,0
07/07/2020,"Cumberland Plateau and Lenowisco","Asian or Pacific Islander",1,0,0
07/07/2020,"Cumberland Plateau, Lenowisco, and Mount Rogers","Native American",0,0,0
07/07/2020,"Eastern Shore",Black,793,89,25
07/07/2020,"Eastern Shore",Latino,243,7,3
07/07/2020,"Eastern Shore","Not Reported",84,0,0
07/07/2020,"Eastern Shore","Other Race",13,1,0
07/07/2020,"Eastern Shore","Two or more races",1,1,0
07/07/2020,"Eastern Shore",White,176,15,14
07/07/2020,"Eastern Shore and Three Rivers","Asian or Pacific Islander",8,1,0
07/07/2020,"Eastern Shore and Three Rivers","Native American",1,0,0
07/07/2020,Fairfax,"Asian or Pacific Islander",1127,207,64
07/07/2020,Fairfax,Black,831,174,49
07/07/2020,Fairfax,Latino,7445,786,71
07/07/2020,Fairfax,"Native American",24,1,1
07/07/2020,Fairfax,"Not Reported",2246,77,50
07/07/2020,Fairfax,"Other Race",505,60,12
07/07/2020,Fairfax,"Two or more races",24,4,0
07/07/2020,Fairfax,White,2115,389,263
07/07/2020,Hampton,"Asian or Pacific Islander",5,0,0
07/07/2020,Hampton,Black,177,29,5
07/07/2020,Hampton,Latino,36,3,0
07/07/2020,Hampton,"Native American",0,0,0
07/07/2020,Hampton,"Not Reported",105,0,0
07/07/2020,Hampton,"Other Race",5,2,0
07/07/2020,Hampton,"Two or more races",4,0,0
07/07/2020,Hampton,White,58,7,0
07/07/2020,Henrico,"Asian or Pacific Islander",119,8,3
07/07/2020,Henrico,Black,756,126,69
07/07/2020,Henrico,Latino,573,43,5
07/07/2020,Henrico,"Native American",7,0,0
07/07/2020,Henrico,"Not Reported",553,2,2
07/07/2020,Henrico,"Other Race",68,10,1
07/07/2020,Henrico,"Two or more races",6,0,0
07/07/2020,Henrico,White,626,76,83
07/07/2020,Lenowisco,Black,1,0,0
07/07/2020,Lenowisco,Latino,0,0,0
07/07/2020,Lenowisco,"Not Reported",12,1,1
07/07/2020,Lenowisco,"Other Race",1,0,0
07/07/2020,Lenowisco,"Two or more races",0,0,0
07/07/2020,Lenowisco,White,49,16,3
07/07/2020,"Lord Fairfax","Asian or Pacific Islander",7,0,0
07/07/2020,"Lord Fairfax",Black,75,8,6
07/07/2020,"Lord Fairfax",Latino,566,35,8
07/07/2020,"Lord Fairfax","Native American",2,1,1
07/07/2020,"Lord Fairfax","Not Reported",267,3,5
07/07/2020,"Lord Fairfax","Other Race",53,5,0
07/07/2020,"Lord Fairfax","Two or more races",11,0,0
07/07/2020,"Lord Fairfax",White,1125,134,54
07/07/2020,Loudoun,"Asian or Pacific Islander",176,36,8
07/07/2020,Loudoun,Black,136,18,2
07/07/2020,Loudoun,Latino,1031,128,10
07/07/2020,Loudoun,"Native American",1,0,0
07/07/2020,Loudoun,"Not Reported",2057,2,2
07/07/2020,Loudoun,"Other Race",117,6,2
07/07/2020,Loudoun,"Two or more races",24,0,0
07/07/2020,Loudoun,White,710,90,69
07/07/2020,"Mount Rogers","Asian or Pacific Islander",2,1,0
07/07/2020,"Mount Rogers",Black,28,5,2
07/07/2020,"Mount Rogers",Latino,191,1,0
07/07/2020,"Mount Rogers","Not Reported",48,1,1
07/07/2020,"Mount Rogers","Other Race",2,0,0
07/07/2020,"Mount Rogers","Two or more races",3,0,0
07/07/2020,"Mount Rogers",White,507,67,30
07/07/2020,"New River","Asian or Pacific Islander",5,0,0
07/07/2020,"New River",Black,19,3,0
07/07/2020,"New River",Latino,18,1,0
07/07/2020,"New River","Native American",0,0,0
07/07/2020,"New River","Not Reported",47,0,0
07/07/2020,"New River","Other Race",1,0,0
07/07/2020,"New River","Two or more races",0,0,0
07/07/2020,"New River",White,178,18,5
07/07/2020,Norfolk,"Asian or Pacific Islander",14,1,0
07/07/2020,Norfolk,Black,578,77,8
07/07/2020,Norfolk,Latino,175,15,0
07/07/2020,Norfolk,"Native American",1,0,0
07/07/2020,Norfolk,"Not Reported",226,0,0
07/07/2020,Norfolk,"Other Race",16,2,0
07/07/2020,Norfolk,"Two or more races",1,0,0
07/07/2020,Norfolk,White,151,21,4
07/07/2020,Peninsula,"Asian or Pacific Islander",10,2,1
07/07/2020,Peninsula,Black,276,34,10
07/07/2020,Peninsula,Latino,173,12,0
07/07/2020,Peninsula,"Native American",2,0,0
07/07/2020,Peninsula,"Not Reported",316,1,0
07/07/2020,Peninsula,"Other Race",28,1,0
07/07/2020,Peninsula,"Two or more races",7,2,0
07/07/2020,Peninsula,White,332,75,23
07/07/2020,Piedmont,"Asian or Pacific Islander",4,0,0
07/07/2020,Piedmont,Black,356,49,4
07/07/2020,Piedmont,Latino,59,4,1
07/07/2020,Piedmont,"Native American",1,0,0
07/07/2020,Piedmont,"Not Reported",340,12,6
07/07/2020,Piedmont,"Other Race",6,0,0
07/07/2020,Piedmont,"Two or more races",4,1,0
07/07/2020,Piedmont,White,306,24,3
07/07/2020,Pittsylvania-Danville,"Asian or Pacific Islander",0,0,0
07/07/2020,Pittsylvania-Danville,Black,85,18,0
07/07/2020,Pittsylvania-Danville,Latino,29,2,0
07/07/2020,Pittsylvania-Danville,"Not Reported",33,5,0
07/07/2020,Pittsylvania-Danville,"Other Race",0,0,0
07/07/2020,Pittsylvania-Danville,"Two or more races",0,0,0
07/07/2020,Pittsylvania-Danville,White,91,18,3
07/07/2020,"Pittsylvania-Danville and Southside","Native American",0,0,0
07/07/2020,Portsmouth,"Asian or Pacific Islander",3,2,0
07/07/2020,Portsmouth,Black,270,54,12
07/07/2020,Portsmouth,Latino,32,5,0
07/07/2020,Portsmouth,"Native American",2,0,0
07/07/2020,Portsmouth,"Not Reported",166,1,1
07/07/2020,Portsmouth,"Other Race",15,2,1
07/07/2020,Portsmouth,"Two or more races",2,1,0
07/07/2020,Portsmouth,White,82,10,4
07/07/2020,"Prince William","Asian or Pacific Islander",267,42,12
07/07/2020,"Prince William",Black,672,123,38
07/07/2020,"Prince William",Latino,4181,518,50
07/07/2020,"Prince William","Native American",12,1,0
07/07/2020,"Prince William","Not Reported",3301,19,0
07/07/2020,"Prince William","Other Race",223,10,0
07/07/2020,"Prince William","Two or more races",11,1,0
07/07/2020,"Prince William",White,876,130,72
07/07/2020,Rappahannock,"Asian or Pacific Islander",43,7,0
07/07/2020,Rappahannock,Black,288,46,9
07/07/2020,Rappahannock,Latino,883,84,5
07/07/2020,Rappahannock,"Native American",3,0,0
07/07/2020,Rappahannock,"Not Reported",725,22,1
07/07/2020,Rappahannock,"Other Race",45,5,0
07/07/2020,Rappahannock,"Two or more races",11,1,0
07/07/2020,Rappahannock,White,561,67,29
07/07/2020,"Rappahannock Rapidan","Asian or Pacific Islander",5,1,0
07/07/2020,"Rappahannock Rapidan",Black,79,16,6
07/07/2020,"Rappahannock Rapidan",Latino,637,50,6
07/07/2020,"Rappahannock Rapidan","Native American",0,0,0
07/07/2020,"Rappahannock Rapidan","Not Reported",438,10,2
07/07/2020,"Rappahannock Rapidan","Other Race",21,2,0
07/07/2020,"Rappahannock Rapidan","Two or more races",12,1,0
07/07/2020,"Rappahannock Rapidan",White,317,33,9
07/07/2020,Richmond,"Asian or Pacific Islander",7,2,0
07/07/2020,Richmond,Black,580,125,20
07/07/2020,Richmond,Latino,893,70,3
07/07/2020,Richmond,"Native American",0,0,0
07/07/2020,Richmond,"Not Reported",510,2,0
07/07/2020,Richmond,"Other Race",99,8,1
07/07/2020,Richmond,"Two or more races",3,1,1
07/07/2020,Richmond,White,209,20,4
07/07/2020,Roanoke,"Asian or Pacific Islander",2,0,0
07/07/2020,Roanoke,Black,38,7,2
07/07/2020,Roanoke,Latino,161,1,0
07/07/2020,Roanoke,"Not Reported",199,1,0
07/07/2020,Roanoke,"Other Race",2,0,0
07/07/2020,Roanoke,"Two or more races",1,0,0
07/07/2020,Roanoke,White,99,5,8
07/07/2020,Southside,"Asian or Pacific Islander",1,0,0
07/07/2020,Southside,Black,114,20,7
07/07/2020,Southside,Latino,2,0,0
07/07/2020,Southside,"Not Reported",189,16,8
07/07/2020,Southside,"Other Race",6,0,1
07/07/2020,Southside,"Two or more races",21,0,0
07/07/2020,Southside,White,100,15,14
07/07/2020,"Thomas Jefferson","Asian or Pacific Islander",20,0,0
07/07/2020,"Thomas Jefferson",Black,158,45,8
07/07/2020,"Thomas Jefferson",Latino,367,17,0
07/07/2020,"Thomas Jefferson","Native American",2,0,0
07/07/2020,"Thomas Jefferson","Not Reported",94,0,0
07/07/2020,"Thomas Jefferson","Other Race",32,3,1
07/07/2020,"Thomas Jefferson","Two or more races",6,0,0
07/07/2020,"Thomas Jefferson",White,384,36,20
07/07/2020,"Three Rivers",Black,196,19,4
07/07/2020,"Three Rivers",Latino,80,3,0
07/07/2020,"Three Rivers","Not Reported",144,4,0
07/07/2020,"Three Rivers","Other Race",6,1,0
07/07/2020,"Three Rivers","Two or more races",3,0,0
07/07/2020,"Three Rivers",White,236,24,6
07/07/2020,"Virginia Beach","Asian or Pacific Islander",64,12,1
07/07/2020,"Virginia Beach",Black,380,27,4
07/07/2020,"Virginia Beach",Latino,141,12,2
07/07/2020,"Virginia Beach","Native American",1,0,0
07/07/2020,"Virginia Beach","Not Reported",269,5,3
07/07/2020,"Virginia Beach","Other Race",19,1,0
07/07/2020,"Virginia Beach","Two or more races",15,2,0
07/07/2020,"Virginia Beach",White,566,65,20
07/07/2020,"West Piedmont","Asian or Pacific Islander",11,1,1
07/07/2020,"West Piedmont",Black,95,23,2
07/07/2020,"West Piedmont",Latino,140,7,0
07/07/2020,"West Piedmont","Native American",0,0,0
07/07/2020,"West Piedmont","Not Reported",119,1,1
07/07/2020,"West Piedmont","Other Race",1,0,0
07/07/2020,"West Piedmont","Two or more races",0,0,0
07/07/2020,"West Piedmont",White,185,14,4
07/07/2020,"Western Tidewater","Asian or Pacific Islander",7,1,0
07/07/2020,"Western Tidewater",Black,351,51,23
07/07/2020,"Western Tidewater",Latino,13,1,0
07/07/2020,"Western Tidewater","Native American",0,0,0
07/07/2020,"Western Tidewater","Not Reported",296,2,3
07/07/2020,"Western Tidewater","Other Race",16,0,2
07/07/2020,"Western Tidewater","Two or more races",2,0,0
07/07/2020,"Western Tidewater",White,207,36,29
07/08/2020,Alexandria,"Asian or Pacific Islander",84,8,1
07/08/2020,Alexandria,Black,352,62,13
07/08/2020,Alexandria,Latino,1320,111,8
07/08/2020,Alexandria,"Native American",3,0,0
07/08/2020,Alexandria,"Not Reported",142,6,0
07/08/2020,Alexandria,"Other Race",43,5,2
07/08/2020,Alexandria,"Two or more races",4,1,0
07/08/2020,Alexandria,White,460,49,33
07/08/2020,Alleghany,"Asian or Pacific Islander",3,0,0
07/08/2020,Alleghany,Black,19,2,1
07/08/2020,Alleghany,Latino,71,5,0
07/08/2020,Alleghany,"Not Reported",245,1,0
07/08/2020,Alleghany,"Other Race",4,0,0
07/08/2020,Alleghany,"Two or more races",2,0,0
07/08/2020,Alleghany,White,236,23,14
07/08/2020,"Alleghany and Roanoke","Native American",0,0,0
07/08/2020,Arlington,"Asian or Pacific Islander",124,23,12
07/08/2020,Arlington,Black,220,65,30
07/08/2020,Arlington,Latino,1253,203,22
07/08/2020,Arlington,"Native American",2,0,0
07/08/2020,Arlington,"Not Reported",157,8,2
07/08/2020,Arlington,"Other Race",52,7,3
07/08/2020,Arlington,"Two or more races",18,2,0
07/08/2020,Arlington,White,732,114,63
07/08/2020,"Central Shenandoah","Asian or Pacific Islander",17,2,0
07/08/2020,"Central Shenandoah",Black,95,9,4
07/08/2020,"Central Shenandoah",Latino,791,48,4
07/08/2020,"Central Shenandoah","Native American",1,1,0
07/08/2020,"Central Shenandoah","Not Reported",196,2,1
07/08/2020,"Central Shenandoah","Other Race",30,1,0
07/08/2020,"Central Shenandoah","Two or more races",11,1,0
07/08/2020,"Central Shenandoah",White,1053,112,32
07/08/2020,"Central Virginia","Asian or Pacific Islander",0,0,0
07/08/2020,"Central Virginia",Black,26,2,1
07/08/2020,"Central Virginia",Latino,25,1,1
07/08/2020,"Central Virginia","Native American",0,0,0
07/08/2020,"Central Virginia","Not Reported",302,4,1
07/08/2020,"Central Virginia","Other Race",1,0,0
07/08/2020,"Central Virginia","Two or more races",0,0,0
07/08/2020,"Central Virginia",White,91,9,3
07/08/2020,Chesapeake,"Asian or Pacific Islander",25,5,2
07/08/2020,Chesapeake,Black,412,80,6
07/08/2020,Chesapeake,Latino,137,15,2
07/08/2020,Chesapeake,"Native American",8,0,0
07/08/2020,Chesapeake,"Not Reported",154,2,0
07/08/2020,Chesapeake,"Other Race",9,1,0
07/08/2020,Chesapeake,"Two or more races",7,1,0
07/08/2020,Chesapeake,White,336,51,12
07/08/2020,Chesterfield,"Asian or Pacific Islander",29,2,0
07/08/2020,Chesterfield,Black,423,55,17
07/08/2020,Chesterfield,Latino,663,35,1
07/08/2020,Chesterfield,"Native American",3,0,0
07/08/2020,Chesterfield,"Not Reported",1488,3,13
07/08/2020,Chesterfield,"Other Race",180,6,0
07/08/2020,Chesterfield,"Two or more races",5,0,0
07/08/2020,Chesterfield,White,524,60,48
07/08/2020,Chickahominy,"Asian or Pacific Islander",4,1,0
07/08/2020,Chickahominy,Black,115,33,10
07/08/2020,Chickahominy,Latino,46,3,0
07/08/2020,Chickahominy,"Native American",1,1,0
07/08/2020,Chickahominy,"Not Reported",202,3,1
07/08/2020,Chickahominy,"Other Race",10,3,1
07/08/2020,Chickahominy,"Two or more races",2,1,0
07/08/2020,Chickahominy,White,307,65,29
07/08/2020,Crater,"Asian or Pacific Islander",5,0,0
07/08/2020,Crater,Black,776,117,25
07/08/2020,Crater,Latino,126,4,2
07/08/2020,Crater,"Native American",3,0,0
07/08/2020,Crater,"Not Reported",407,9,8
07/08/2020,Crater,"Other Race",14,0,0
07/08/2020,Crater,"Two or more races",2,0,0
07/08/2020,Crater,White,323,33,9
07/08/2020,"Cumberland Plateau",Black,12,0,0
07/08/2020,"Cumberland Plateau",Latino,0,0,0
07/08/2020,"Cumberland Plateau","Not Reported",3,0,0
07/08/2020,"Cumberland Plateau","Other Race",0,0,0
07/08/2020,"Cumberland Plateau","Two or more races",2,0,0
07/08/2020,"Cumberland Plateau",White,61,2,0
07/08/2020,"Cumberland Plateau and Lenowisco","Asian or Pacific Islander",1,0,0
07/08/2020,"Cumberland Plateau, Lenowisco, and Mount Rogers","Native American",0,0,0
07/08/2020,"Eastern Shore",Black,793,89,25
07/08/2020,"Eastern Shore",Latino,243,7,3
07/08/2020,"Eastern Shore","Not Reported",84,0,0
07/08/2020,"Eastern Shore","Other Race",13,1,0
07/08/2020,"Eastern Shore","Two or more races",1,1,0
07/08/2020,"Eastern Shore",White,176,15,14
07/08/2020,"Eastern Shore and Three Rivers","Asian or Pacific Islander",8,1,0
07/08/2020,"Eastern Shore and Three Rivers","Native American",1,0,0
07/08/2020,Fairfax,"Asian or Pacific Islander",1137,211,66
07/08/2020,Fairfax,Black,841,176,50
07/08/2020,Fairfax,Latino,7493,790,70
07/08/2020,Fairfax,"Native American",24,1,1
07/08/2020,Fairfax,"Not Reported",2209,79,47
07/08/2020,Fairfax,"Other Race",508,60,12
07/08/2020,Fairfax,"Two or more races",26,4,0
07/08/2020,Fairfax,White,2141,392,264
07/08/2020,Hampton,"Asian or Pacific Islander",5,0,0
07/08/2020,Hampton,Black,188,29,5
07/08/2020,Hampton,Latino,36,3,0
07/08/2020,Hampton,"Native American",0,0,0
07/08/2020,Hampton,"Not Reported",111,0,0
07/08/2020,Hampton,"Other Race",6,2,0
07/08/2020,Hampton,"Two or more races",4,0,0
07/08/2020,Hampton,White,59,7,0
07/08/2020,Henrico,"Asian or Pacific Islander",119,8,3
07/08/2020,Henrico,Black,761,125,69
07/08/2020,Henrico,Latino,581,42,6
07/08/2020,Henrico,"Native American",7,0,0
07/08/2020,Henrico,"Not Reported",549,2,2
07/08/2020,Henrico,"Other Race",68,11,1
07/08/2020,Henrico,"Two or more races",7,0,0
07/08/2020,Henrico,White,629,76,84
07/08/2020,Lenowisco,Black,1,0,0
07/08/2020,Lenowisco,Latino,0,0,0
07/08/2020,Lenowisco,"Not Reported",12,1,1
07/08/2020,Lenowisco,"Other Race",1,0,0
07/08/2020,Lenowisco,"Two or more races",0,0,0
07/08/2020,Lenowisco,White,49,16,3
07/08/2020,"Lord Fairfax","Asian or Pacific Islander",7,0,0
07/08/2020,"Lord Fairfax",Black,75,8,6
07/08/2020,"Lord Fairfax",Latino,565,36,8
07/08/2020,"Lord Fairfax","Native American",2,1,1
07/08/2020,"Lord Fairfax","Not Reported",269,3,5
07/08/2020,"Lord Fairfax","Other Race",53,5,0
07/08/2020,"Lord Fairfax","Two or more races",11,0,0
07/08/2020,"Lord Fairfax",White,1136,135,54
07/08/2020,Loudoun,"Asian or Pacific Islander",178,36,8
07/08/2020,Loudoun,Black,142,18,3
07/08/2020,Loudoun,Latino,1054,130,10
07/08/2020,Loudoun,"Native American",1,0,0
07/08/2020,Loudoun,"Not Reported",2031,2,2
07/08/2020,Loudoun,"Other Race",115,6,2
07/08/2020,Loudoun,"Two or more races",25,0,0
07/08/2020,Loudoun,White,736,91,73
07/08/2020,"Mount Rogers","Asian or Pacific Islander",2,1,0
07/08/2020,"Mount Rogers",Black,28,5,2
07/08/2020,"Mount Rogers",Latino,192,1,0
07/08/2020,"Mount Rogers","Not Reported",48,1,1
07/08/2020,"Mount Rogers","Other Race",3,0,0
07/08/2020,"Mount Rogers","Two or more races",4,0,0
07/08/2020,"Mount Rogers",White,513,68,30
07/08/2020,"New River","Asian or Pacific Islander",5,0,0
07/08/2020,"New River",Black,19,3,0
07/08/2020,"New River",Latino,18,1,0
07/08/2020,"New River","Native American",0,0,0
07/08/2020,"New River","Not Reported",47,0,0
07/08/2020,"New River","Other Race",2,0,0
07/08/2020,"New River","Two or more races",0,0,0
07/08/2020,"New River",White,180,18,6
07/08/2020,Norfolk,"Asian or Pacific Islander",16,1,0
07/08/2020,Norfolk,Black,601,77,9
07/08/2020,Norfolk,Latino,175,15,0
07/08/2020,Norfolk,"Native American",1,0,0
07/08/2020,Norfolk,"Not Reported",227,0,0
07/08/2020,Norfolk,"Other Race",17,2,0
07/08/2020,Norfolk,"Two or more races",1,0,0
07/08/2020,Norfolk,White,156,24,5
07/08/2020,Peninsula,"Asian or Pacific Islander",10,2,1
07/08/2020,Peninsula,Black,285,34,10
07/08/2020,Peninsula,Latino,180,12,0
07/08/2020,Peninsula,"Native American",2,0,0
07/08/2020,Peninsula,"Not Reported",329,1,0
07/08/2020,Peninsula,"Other Race",29,1,0
07/08/2020,Peninsula,"Two or more races",7,2,0
07/08/2020,Peninsula,White,336,75,24
07/08/2020,Piedmont,"Asian or Pacific Islander",4,0,0
07/08/2020,Piedmont,Black,362,48,4
07/08/2020,Piedmont,Latino,59,4,1
07/08/2020,Piedmont,"Native American",1,0,0
07/08/2020,Piedmont,"Not Reported",333,12,4
07/08/2020,Piedmont,"Other Race",6,0,0
07/08/2020,Piedmont,"Two or more races",4,1,0
07/08/2020,Piedmont,White,315,30,6
07/08/2020,Pittsylvania-Danville,"Asian or Pacific Islander",0,0,0
07/08/2020,Pittsylvania-Danville,Black,87,18,0
07/08/2020,Pittsylvania-Danville,Latino,29,2,0
07/08/2020,Pittsylvania-Danville,"Not Reported",35,5,0
07/08/2020,Pittsylvania-Danville,"Other Race",0,0,0
07/08/2020,Pittsylvania-Danville,"Two or more races",0,0,0
07/08/2020,Pittsylvania-Danville,White,96,18,3
07/08/2020,"Pittsylvania-Danville and Southside","Native American",0,0,0
07/08/2020,Portsmouth,"Asian or Pacific Islander",3,2,0
07/08/2020,Portsmouth,Black,289,55,12
07/08/2020,Portsmouth,Latino,34,7,0
07/08/2020,Portsmouth,"Native American",2,0,0
07/08/2020,Portsmouth,"Not Reported",164,1,1
07/08/2020,Portsmouth,"Other Race",15,2,1
07/08/2020,Portsmouth,"Two or more races",2,1,0
07/08/2020,Portsmouth,White,84,11,4
07/08/2020,"Prince William","Asian or Pacific Islander",269,43,12
07/08/2020,"Prince William",Black,676,123,38
07/08/2020,"Prince William",Latino,4208,516,50
07/08/2020,"Prince William","Native American",12,1,0
07/08/2020,"Prince William","Not Reported",3295,20,0
07/08/2020,"Prince William","Other Race",220,10,0
07/08/2020,"Prince William","Two or more races",11,1,0
07/08/2020,"Prince William",White,886,133,75
07/08/2020,Rappahannock,"Asian or Pacific Islander",42,7,0
07/08/2020,Rappahannock,Black,292,46,9
07/08/2020,Rappahannock,Latino,890,87,5
07/08/2020,Rappahannock,"Native American",3,0,0
07/08/2020,Rappahannock,"Not Reported",726,22,0
07/08/2020,Rappahannock,"Other Race",45,5,0
07/08/2020,Rappahannock,"Two or more races",11,1,0
07/08/2020,Rappahannock,White,566,69,30
07/08/2020,"Rappahannock Rapidan","Asian or Pacific Islander",5,1,0
07/08/2020,"Rappahannock Rapidan",Black,79,16,6
07/08/2020,"Rappahannock Rapidan",Latino,639,51,6
07/08/2020,"Rappahannock Rapidan","Native American",0,0,0
07/08/2020,"Rappahannock Rapidan","Not Reported",436,10,2
07/08/2020,"Rappahannock Rapidan","Other Race",21,2,0
07/08/2020,"Rappahannock Rapidan","Two or more races",12,1,0
07/08/2020,"Rappahannock Rapidan",White,325,33,9
07/08/2020,Richmond,"Asian or Pacific Islander",7,2,0
07/08/2020,Richmond,Black,591,126,20
07/08/2020,Richmond,Latino,911,71,3
07/08/2020,Richmond,"Native American",0,0,0
07/08/2020,Richmond,"Not Reported",498,2,0
07/08/2020,Richmond,"Other Race",97,8,1
07/08/2020,Richmond,"Two or more races",3,1,1
07/08/2020,Richmond,White,214,20,4
07/08/2020,Roanoke,"Asian or Pacific Islander",2,0,0
07/08/2020,Roanoke,Black,40,7,2
07/08/2020,Roanoke,Latino,165,1,0
07/08/2020,Roanoke,"Not Reported",215,1,0
07/08/2020,Roanoke,"Other Race",3,0,0
07/08/2020,Roanoke,"Two or more races",1,0,0
07/08/2020,Roanoke,White,99,5,8
07/08/2020,Southside,"Asian or Pacific Islander",1,0,0
07/08/2020,Southside,Black,116,21,8
07/08/2020,Southside,Latino,2,0,0
07/08/2020,Southside,"Not Reported",189,16,8
07/08/2020,Southside,"Other Race",6,0,1
07/08/2020,Southside,"Two or more races",21,0,0
07/08/2020,Southside,White,102,15,14
07/08/2020,"Thomas Jefferson","Asian or Pacific Islander",22,0,1
07/08/2020,"Thomas Jefferson",Black,163,45,8
07/08/2020,"Thomas Jefferson",Latino,369,17,0
07/08/2020,"Thomas Jefferson","Native American",2,0,0
07/08/2020,"Thomas Jefferson","Not Reported",96,0,0
07/08/2020,"Thomas Jefferson","Other Race",31,3,0
07/08/2020,"Thomas Jefferson","Two or more races",6,0,0
07/08/2020,"Thomas Jefferson",White,406,36,20
07/08/2020,"Three Rivers",Black,201,20,4
07/08/2020,"Three Rivers",Latino,80,3,0
07/08/2020,"Three Rivers","Not Reported",139,4,0
07/08/2020,"Three Rivers","Other Race",6,2,0
07/08/2020,"Three Rivers","Two or more races",3,0,0
07/08/2020,"Three Rivers",White,235,24,6
07/08/2020,"Virginia Beach","Asian or Pacific Islander",64,12,1
07/08/2020,"Virginia Beach",Black,411,28,4
07/08/2020,"Virginia Beach",Latino,148,16,2
07/08/2020,"Virginia Beach","Native American",1,0,0
07/08/2020,"Virginia Beach","Not Reported",266,5,3
07/08/2020,"Virginia Beach","Other Race",17,1,0
07/08/2020,"Virginia Beach","Two or more races",17,2,0
07/08/2020,"Virginia Beach",White,596,64,20
07/08/2020,"West Piedmont","Asian or Pacific Islander",11,1,1
07/08/2020,"West Piedmont",Black,104,24,1
07/08/2020,"West Piedmont",Latino,152,8,0
07/08/2020,"West Piedmont","Native American",0,0,0
07/08/2020,"West Piedmont","Not Reported",106,1,1
07/08/2020,"West Piedmont","Other Race",3,1,1
07/08/2020,"West Piedmont","Two or more races",0,0,0
07/08/2020,"West Piedmont",White,192,14,4
07/08/2020,"Western Tidewater","Asian or Pacific Islander",7,1,0
07/08/2020,"Western Tidewater",Black,369,53,25
07/08/2020,"Western Tidewater",Latino,13,1,0
07/08/2020,"Western Tidewater","Native American",1,0,0
07/08/2020,"Western Tidewater","Not Reported",297,2,2
07/08/2020,"Western Tidewater","Other Race",15,0,1
07/08/2020,"Western Tidewater","Two or more races",2,0,0
07/08/2020,"Western Tidewater",White,214,36,29
07/09/2020,Alexandria,"Asian or Pacific Islander",85,8,1
07/09/2020,Alexandria,Black,354,62,13
07/09/2020,Alexandria,Latino,1325,112,8
07/09/2020,Alexandria,"Native American",3,0,0
07/09/2020,Alexandria,"Not Reported",142,6,0
07/09/2020,Alexandria,"Other Race",43,5,2
07/09/2020,Alexandria,"Two or more races",4,1,0
07/09/2020,Alexandria,White,463,50,33
07/09/2020,Alleghany,"Asian or Pacific Islander",3,0,0
07/09/2020,Alleghany,Black,19,2,1
07/09/2020,Alleghany,Latino,71,5,0
07/09/2020,Alleghany,"Not Reported",253,1,0
07/09/2020,Alleghany,"Other Race",4,0,0
07/09/2020,Alleghany,"Two or more races",2,0,0
07/09/2020,Alleghany,White,236,23,14
07/09/2020,"Alleghany and Roanoke","Native American",0,0,0
07/09/2020,Arlington,"Asian or Pacific Islander",124,23,12
07/09/2020,Arlington,Black,221,65,30
07/09/2020,Arlington,Latino,1255,204,22
07/09/2020,Arlington,"Native American",2,0,0
07/09/2020,Arlington,"Not Reported",164,8,2
07/09/2020,Arlington,"Other Race",53,7,3
07/09/2020,Arlington,"Two or more races",18,2,0
07/09/2020,Arlington,White,730,114,63
07/09/2020,"Central Shenandoah","Asian or Pacific Islander",17,2,0
07/09/2020,"Central Shenandoah",Black,97,9,4
07/09/2020,"Central Shenandoah",Latino,792,48,4
07/09/2020,"Central Shenandoah","Native American",1,1,0
07/09/2020,"Central Shenandoah","Not Reported",192,2,1
07/09/2020,"Central Shenandoah","Other Race",30,1,0
07/09/2020,"Central Shenandoah","Two or more races",10,1,0
07/09/2020,"Central Shenandoah",White,1062,112,33
07/09/2020,"Central Virginia","Asian or Pacific Islander",0,0,0
07/09/2020,"Central Virginia",Black,26,2,1
07/09/2020,"Central Virginia",Latino,25,1,1
07/09/2020,"Central Virginia","Native American",0,0,0
07/09/2020,"Central Virginia","Not Reported",303,4,1
07/09/2020,"Central Virginia","Other Race",1,0,0
07/09/2020,"Central Virginia","Two or more races",0,0,0
07/09/2020,"Central Virginia",White,92,9,3
07/09/2020,Chesapeake,"Asian or Pacific Islander",26,5,2
07/09/2020,Chesapeake,Black,432,80,6
07/09/2020,Chesapeake,Latino,139,15,2
07/09/2020,Chesapeake,"Native American",8,0,0
07/09/2020,Chesapeake,"Not Reported",152,2,0
07/09/2020,Chesapeake,"Other Race",10,1,0
07/09/2020,Chesapeake,"Two or more races",8,1,0
07/09/2020,Chesapeake,White,342,51,12
07/09/2020,Chesterfield,"Asian or Pacific Islander",30,2,0
07/09/2020,Chesterfield,Black,424,58,18
07/09/2020,Chesterfield,Latino,675,36,3
07/09/2020,Chesterfield,"Native American",3,0,0
07/09/2020,Chesterfield,"Not Reported",1498,4,13
07/09/2020,Chesterfield,"Other Race",180,6,0
07/09/2020,Chesterfield,"Two or more races",6,1,0
07/09/2020,Chesterfield,White,529,60,49
07/09/2020,Chickahominy,"Asian or Pacific Islander",5,1,0
07/09/2020,Chickahominy,Black,118,34,10
07/09/2020,Chickahominy,Latino,46,3,0
07/09/2020,Chickahominy,"Native American",1,1,0
07/09/2020,Chickahominy,"Not Reported",199,3,1
07/09/2020,Chickahominy,"Other Race",9,2,0
07/09/2020,Chickahominy,"Two or more races",2,1,0
07/09/2020,Chickahominy,White,311,67,30
07/09/2020,Crater,"Asian or Pacific Islander",5,0,0
07/09/2020,Crater,Black,782,118,28
07/09/2020,Crater,Latino,126,4,2
07/09/2020,Crater,"Native American",3,0,0
07/09/2020,Crater,"Not Reported",403,9,9
07/09/2020,Crater,"Other Race",14,0,0
07/09/2020,Crater,"Two or more races",2,0,0
07/09/2020,Crater,White,326,33,9
07/09/2020,"Cumberland Plateau",Black,12,0,0
07/09/2020,"Cumberland Plateau",Latino,0,0,0
07/09/2020,"Cumberland Plateau","Not Reported",0,0,0
07/09/2020,"Cumberland Plateau","Other Race",0,0,0
07/09/2020,"Cumberland Plateau","Two or more races",2,0,0
07/09/2020,"Cumberland Plateau",White,66,2,0
07/09/2020,"Cumberland Plateau and Lenowisco","Asian or Pacific Islander",1,0,0
07/09/2020,"Cumberland Plateau, Lenowisco, and Mount Rogers","Native American",0,0,0
07/09/2020,"Eastern Shore",Black,793,89,25
07/09/2020,"Eastern Shore",Latino,243,7,3
07/09/2020,"Eastern Shore","Not Reported",84,0,0
07/09/2020,"Eastern Shore","Other Race",13,1,0
07/09/2020,"Eastern Shore","Two or more races",1,1,0
07/09/2020,"Eastern Shore",White,176,15,14
07/09/2020,"Eastern Shore and Three Rivers","Asian or Pacific Islander",8,1,0
07/09/2020,"Eastern Shore and Three Rivers","Native American",1,0,0
07/09/2020,Fairfax,"Asian or Pacific Islander",1138,211,68
07/09/2020,Fairfax,Black,842,177,50
07/09/2020,Fairfax,Latino,7520,794,71
07/09/2020,Fairfax,"Native American",24,1,1
07/09/2020,Fairfax,"Not Reported",2206,75,45
07/09/2020,Fairfax,"Other Race",508,62,11
07/09/2020,Fairfax,"Two or more races",26,4,0
07/09/2020,Fairfax,White,2145,393,265
07/09/2020,Hampton,"Asian or Pacific Islander",5,0,0
07/09/2020,Hampton,Black,189,28,4
07/09/2020,Hampton,Latino,36,3,0
07/09/2020,Hampton,"Native American",0,0,0
07/09/2020,Hampton,"Not Reported",125,0,0
07/09/2020,Hampton,"Other Race",5,2,0
07/09/2020,Hampton,"Two or more races",4,0,0
07/09/2020,Hampton,White,60,7,0
07/09/2020,Henrico,"Asian or Pacific Islander",119,8,3
07/09/2020,Henrico,Black,763,126,70
07/09/2020,Henrico,Latino,580,42,6
07/09/2020,Henrico,"Native American",7,0,0
07/09/2020,Henrico,"Not Reported",546,2,3
07/09/2020,Henrico,"Other Race",65,10,1
07/09/2020,Henrico,"Two or more races",8,0,0
07/09/2020,Henrico,White,637,77,86
07/09/2020,Lenowisco,Black,1,0,0
07/09/2020,Lenowisco,Latino,0,0,0
07/09/2020,Lenowisco,"Not Reported",12,1,1
07/09/2020,Lenowisco,"Other Race",1,0,0
07/09/2020,Lenowisco,"Two or more races",0,0,0
07/09/2020,Lenowisco,White,50,16,3
07/09/2020,"Lord Fairfax","Asian or Pacific Islander",7,0,0
07/09/2020,"Lord Fairfax",Black,76,8,6
07/09/2020,"Lord Fairfax",Latino,564,35,7
07/09/2020,"Lord Fairfax","Native American",2,1,1
07/09/2020,"Lord Fairfax","Not Reported",266,3,5
07/09/2020,"Lord Fairfax","Other Race",55,6,1
07/09/2020,"Lord Fairfax","Two or more races",11,0,0
07/09/2020,"Lord Fairfax",White,1147,135,54
07/09/2020,Loudoun,"Asian or Pacific Islander",179,37,8
07/09/2020,Loudoun,Black,143,19,3
07/09/2020,Loudoun,Latino,1078,130,10
07/09/2020,Loudoun,"Native American",1,0,0
07/09/2020,Loudoun,"Not Reported",2017,2,2
07/09/2020,Loudoun,"Other Race",114,7,2
07/09/2020,Loudoun,"Two or more races",26,0,0
07/09/2020,Loudoun,White,761,91,74
07/09/2020,"Mount Rogers","Asian or Pacific Islander",2,1,0
07/09/2020,"Mount Rogers",Black,28,5,2
07/09/2020,"Mount Rogers",Latino,192,1,0
07/09/2020,"Mount Rogers","Not Reported",48,1,1
07/09/2020,"Mount Rogers","Other Race",3,0,0
07/09/2020,"Mount Rogers","Two or more races",4,0,0
07/09/2020,"Mount Rogers",White,520,69,32
07/09/2020,"New River","Asian or Pacific Islander",5,0,0
07/09/2020,"New River",Black,19,3,0
07/09/2020,"New River",Latino,19,2,0
07/09/2020,"New River","Native American",0,0,0
07/09/2020,"New River","Not Reported",48,0,0
07/09/2020,"New River","Other Race",2,0,0
07/09/2020,"New River","Two or more races",0,0,0
07/09/2020,"New River",White,181,18,6
07/09/2020,Norfolk,"Asian or Pacific Islander",18,1,0
07/09/2020,Norfolk,Black,652,78,9
07/09/2020,Norfolk,Latino,179,15,0
07/09/2020,Norfolk,"Native American",1,0,0
07/09/2020,Norfolk,"Not Reported",258,0,0
07/09/2020,Norfolk,"Other Race",16,2,0
07/09/2020,Norfolk,"Two or more races",1,0,0
07/09/2020,Norfolk,White,164,24,5
07/09/2020,Peninsula,"Asian or Pacific Islander",10,2,1
07/09/2020,Peninsula,Black,293,35,10
07/09/2020,Peninsula,Latino,184,12,0
07/09/2020,Peninsula,"Native American",2,0,0
07/09/2020,Peninsula,"Not Reported",353,1,0
07/09/2020,Peninsula,"Other Race",31,1,0
07/09/2020,Peninsula,"Two or more races",7,2,0
07/09/2020,Peninsula,White,340,75,24
07/09/2020,Piedmont,"Asian or Pacific Islander",4,0,0
07/09/2020,Piedmont,Black,366,48,5
07/09/2020,Piedmont,Latino,59,4,1
07/09/2020,Piedmont,"Native American",1,0,0
07/09/2020,Piedmont,"Not Reported",340,11,3
07/09/2020,Piedmont,"Other Race",6,0,0
07/09/2020,Piedmont,"Two or more races",4,1,0
07/09/2020,Piedmont,White,320,33,8
07/09/2020,Pittsylvania-Danville,"Asian or Pacific Islander",0,0,0
07/09/2020,Pittsylvania-Danville,Black,87,18,0
07/09/2020,Pittsylvania-Danville,Latino,29,2,0
07/09/2020,Pittsylvania-Danville,"Not Reported",35,5,0
07/09/2020,Pittsylvania-Danville,"Other Race",0,0,0
07/09/2020,Pittsylvania-Danville,"Two or more races",0,0,0
07/09/2020,Pittsylvania-Danville,White,97,18,3
07/09/2020,"Pittsylvania-Danville and Southside","Native American",0,0,0
07/09/2020,Portsmouth,"Asian or Pacific Islander",3,2,0
07/09/2020,Portsmouth,Black,301,57,12
07/09/2020,Portsmouth,Latino,36,8,0
07/09/2020,Portsmouth,"Native American",2,0,0
07/09/2020,Portsmouth,"Not Reported",162,1,1
07/09/2020,Portsmouth,"Other Race",15,2,1
07/09/2020,Portsmouth,"Two or more races",2,1,0
07/09/2020,Portsmouth,White,84,11,4
07/09/2020,"Prince William","Asian or Pacific Islander",273,43,13
07/09/2020,"Prince William",Black,682,123,38
07/09/2020,"Prince William",Latino,4234,516,52
07/09/2020,"Prince William","Native American",12,1,0
07/09/2020,"Prince William","Not Reported",3270,20,0
07/09/2020,"Prince William","Other Race",221,10,0
07/09/2020,"Prince William","Two or more races",11,1,0
07/09/2020,"Prince William",White,899,133,76
07/09/2020,Rappahannock,"Asian or Pacific Islander",43,8,1
07/09/2020,Rappahannock,Black,296,46,9
07/09/2020,Rappahannock,Latino,894,90,6
07/09/2020,Rappahannock,"Native American",3,0,0
07/09/2020,Rappahannock,"Not Reported",737,23,0
07/09/2020,Rappahannock,"Other Race",44,4,0
07/09/2020,Rappahannock,"Two or more races",11,1,0
07/09/2020,Rappahannock,White,568,69,29
07/09/2020,"Rappahannock Rapidan","Asian or Pacific Islander",5,1,0
07/09/2020,"Rappahannock Rapidan",Black,81,16,6
07/09/2020,"Rappahannock Rapidan",Latino,639,51,6
07/09/2020,"Rappahannock Rapidan","Native American",0,0,0
07/09/2020,"Rappahannock Rapidan","Not Reported",437,10,2
07/09/2020,"Rappahannock Rapidan","Other Race",21,2,0
07/09/2020,"Rappahannock Rapidan","Two or more races",12,1,0
07/09/2020,"Rappahannock Rapidan",White,334,33,10
07/09/2020,Richmond,"Asian or Pacific Islander",8,3,1
07/09/2020,Richmond,Black,599,129,21
07/09/2020,Richmond,Latino,927,73,5
07/09/2020,Richmond,"Native American",0,0,0
07/09/2020,Richmond,"Not Reported",485,2,0
07/09/2020,Richmond,"Other Race",92,7,1
07/09/2020,Richmond,"Two or more races",2,1,1
07/09/2020,Richmond,White,220,21,4
07/09/2020,Roanoke,"Asian or Pacific Islander",2,0,0
07/09/2020,Roanoke,Black,40,7,2
07/09/2020,Roanoke,Latino,169,1,0
07/09/2020,Roanoke,"Not Reported",228,1,0
07/09/2020,Roanoke,"Other Race",3,0,0
07/09/2020,Roanoke,"Two or more races",1,0,0
07/09/2020,Roanoke,White,99,5,8
07/09/2020,Southside,"Asian or Pacific Islander",1,0,0
07/09/2020,Southside,Black,116,22,8
07/09/2020,Southside,Latino,2,0,0
07/09/2020,Southside,"Not Reported",192,16,8
07/09/2020,Southside,"Other Race",6,0,1
07/09/2020,Southside,"Two or more races",21,0,0
07/09/2020,Southside,White,103,15,14
07/09/2020,"Thomas Jefferson","Asian or Pacific Islander",22,0,1
07/09/2020,"Thomas Jefferson",Black,171,45,8
07/09/2020,"Thomas Jefferson",Latino,375,17,0
07/09/2020,"Thomas Jefferson","Native American",2,0,0
07/09/2020,"Thomas Jefferson","Not Reported",100,0,0
07/09/2020,"Thomas Jefferson","Other Race",32,3,0
07/09/2020,"Thomas Jefferson","Two or more races",6,0,0
07/09/2020,"Thomas Jefferson",White,415,36,20
07/09/2020,"Three Rivers",Black,212,20,4
07/09/2020,"Three Rivers",Latino,83,3,0
07/09/2020,"Three Rivers","Not Reported",153,4,0
07/09/2020,"Three Rivers","Other Race",7,3,0
07/09/2020,"Three Rivers","Two or more races",3,0,0
07/09/2020,"Three Rivers",White,244,24,6
07/09/2020,"Virginia Beach","Asian or Pacific Islander",64,12,1
07/09/2020,"Virginia Beach",Black,420,29,4
07/09/2020,"Virginia Beach",Latino,152,16,2
07/09/2020,"Virginia Beach","Native American",1,0,0
07/09/2020,"Virginia Beach","Not Reported",265,5,3
07/09/2020,"Virginia Beach","Other Race",17,1,0
07/09/2020,"Virginia Beach","Two or more races",17,2,0
07/09/2020,"Virginia Beach",White,611,65,20
07/09/2020,"West Piedmont","Asian or Pacific Islander",11,1,1
07/09/2020,"West Piedmont",Black,107,26,1
07/09/2020,"West Piedmont",Latino,152,8,0
07/09/2020,"West Piedmont","Native American",0,0,0
07/09/2020,"West Piedmont","Not Reported",121,1,1
07/09/2020,"West Piedmont","Other Race",3,1,1
07/09/2020,"West Piedmont","Two or more races",0,0,0
07/09/2020,"West Piedmont",White,194,16,4
07/09/2020,"Western Tidewater","Asian or Pacific Islander",7,1,0
07/09/2020,"Western Tidewater",Black,385,55,28
07/09/2020,"Western Tidewater",Latino,13,1,0
07/09/2020,"Western Tidewater","Native American",1,0,0
07/09/2020,"Western Tidewater","Not Reported",307,2,1
07/09/2020,"Western Tidewater","Other Race",15,0,1
07/09/2020,"Western Tidewater","Two or more races",2,0,0
07/09/2020,"Western Tidewater",White,217,36,31
07/10/2020,Alexandria,"Asian or Pacific Islander",85,8,1
07/10/2020,Alexandria,Black,363,63,13
07/10/2020,Alexandria,Latino,1330,114,8
07/10/2020,Alexandria,"Native American",3,0,0
07/10/2020,Alexandria,"Not Reported",146,6,0
07/10/2020,Alexandria,"Other Race",43,5,2
07/10/2020,Alexandria,"Two or more races",4,1,0
07/10/2020,Alexandria,White,465,50,33
07/10/2020,Alleghany,"Asian or Pacific Islander",4,0,0
07/10/2020,Alleghany,Black,19,2,1
07/10/2020,Alleghany,Latino,71,5,0
07/10/2020,Alleghany,"Not Reported",263,1,0
07/10/2020,Alleghany,"Other Race",4,0,0
07/10/2020,Alleghany,"Two or more races",2,0,0
07/10/2020,Alleghany,White,237,23,14
07/10/2020,"Alleghany and Roanoke","Native American",0,0,0
07/10/2020,Arlington,"Asian or Pacific Islander",124,23,12
07/10/2020,Arlington,Black,225,67,31
07/10/2020,Arlington,Latino,1266,209,22
07/10/2020,Arlington,"Native American",2,0,0
07/10/2020,Arlington,"Not Reported",160,1,0
07/10/2020,Arlington,"Other Race",54,8,3
07/10/2020,Arlington,"Two or more races",17,2,0
07/10/2020,Arlington,White,734,115,65
07/10/2020,"Central Shenandoah","Asian or Pacific Islander",16,2,0
07/10/2020,"Central Shenandoah",Black,98,9,4
07/10/2020,"Central Shenandoah",Latino,792,49,4
07/10/2020,"Central Shenandoah","Native American",1,1,0
07/10/2020,"Central Shenandoah","Not Reported",194,2,1
07/10/2020,"Central Shenandoah","Other Race",32,1,0
07/10/2020,"Central Shenandoah","Two or more races",10,1,0
07/10/2020,"Central Shenandoah",White,1082,112,33
07/10/2020,"Central Virginia","Asian or Pacific Islander",0,0,0
07/10/2020,"Central Virginia",Black,26,2,1
07/10/2020,"Central Virginia",Latino,25,1,1
07/10/2020,"Central Virginia","Native American",0,0,0
07/10/2020,"Central Virginia","Not Reported",315,4,1
07/10/2020,"Central Virginia","Other Race",1,0,0
07/10/2020,"Central Virginia","Two or more races",0,0,0
07/10/2020,"Central Virginia",White,94,9,3
07/10/2020,Chesapeake,"Asian or Pacific Islander",26,5,2
07/10/2020,Chesapeake,Black,448,80,6
07/10/2020,Chesapeake,Latino,139,15,2
07/10/2020,Chesapeake,"Native American",8,0,0
07/10/2020,Chesapeake,"Not Reported",171,2,0
07/10/2020,Chesapeake,"Other Race",10,1,0
07/10/2020,Chesapeake,"Two or more races",8,1,0
07/10/2020,Chesapeake,White,352,52,12
07/10/2020,Chesterfield,"Asian or Pacific Islander",31,2,0
07/10/2020,Chesterfield,Black,437,59,20
07/10/2020,Chesterfield,Latino,685,36,3
07/10/2020,Chesterfield,"Native American",3,0,0
07/10/2020,Chesterfield,"Not Reported",1491,4,10
07/10/2020,Chesterfield,"Other Race",177,6,0
07/10/2020,Chesterfield,"Two or more races",7,1,0
07/10/2020,Chesterfield,White,543,62,51
07/10/2020,Chickahominy,"Asian or Pacific Islander",5,1,0
07/10/2020,Chickahominy,Black,121,34,10
07/10/2020,Chickahominy,Latino,49,3,0
07/10/2020,Chickahominy,"Native American",1,1,0
07/10/2020,Chickahominy,"Not Reported",194,3,1
07/10/2020,Chickahominy,"Other Race",9,2,0
07/10/2020,Chickahominy,"Two or more races",1,1,0
07/10/2020,Chickahominy,White,320,68,30
07/10/2020,Crater,"Asian or Pacific Islander",5,0,0
07/10/2020,Crater,Black,786,119,29
07/10/2020,Crater,Latino,130,4,2
07/10/2020,Crater,"Native American",3,0,0
07/10/2020,Crater,"Not Reported",402,9,8
07/10/2020,Crater,"Other Race",14,0,0
07/10/2020,Crater,"Two or more races",2,0,0
07/10/2020,Crater,White,329,33,10
07/10/2020,"Cumberland Plateau",Black,12,0,0
07/10/2020,"Cumberland Plateau",Latino,0,0,0
07/10/2020,"Cumberland Plateau","Not Reported",0,0,0
07/10/2020,"Cumberland Plateau","Other Race",0,0,0
07/10/2020,"Cumberland Plateau","Two or more races",2,0,0
07/10/2020,"Cumberland Plateau",White,71,4,0
07/10/2020,"Cumberland Plateau and Lenowisco","Asian or Pacific Islander",1,0,0
07/10/2020,"Cumberland Plateau, Lenowisco, and Mount Rogers","Native American",0,0,0
07/10/2020,"Eastern Shore",Black,794,89,25
07/10/2020,"Eastern Shore",Latino,243,7,3
07/10/2020,"Eastern Shore","Not Reported",84,0,0
07/10/2020,"Eastern Shore","Other Race",13,1,0
07/10/2020,"Eastern Shore","Two or more races",1,1,0
07/10/2020,"Eastern Shore",White,176,15,14
07/10/2020,"Eastern Shore and Three Rivers","Asian or Pacific Islander",8,1,0
07/10/2020,"Eastern Shore and Three Rivers","Native American",1,0,0
07/10/2020,Fairfax,"Asian or Pacific Islander",1141,211,69
07/10/2020,Fairfax,Black,847,177,50
07/10/2020,Fairfax,Latino,7543,795,71
07/10/2020,Fairfax,"Native American",24,1,1
07/10/2020,Fairfax,"Not Reported",2226,74,44
07/10/2020,Fairfax,"Other Race",512,62,11
07/10/2020,Fairfax,"Two or more races",26,4,0
07/10/2020,Fairfax,White,2160,394,267
07/10/2020,Hampton,"Asian or Pacific Islander",5,0,0
07/10/2020,Hampton,Black,201,28,4
07/10/2020,Hampton,Latino,36,3,0
07/10/2020,Hampton,"Native American",0,0,0
07/10/2020,Hampton,"Not Reported",142,0,0
07/10/2020,Hampton,"Other Race",5,2,0
07/10/2020,Hampton,"Two or more races",4,0,0
07/10/2020,Hampton,White,61,7,0
07/10/2020,Henrico,"Asian or Pacific Islander",119,8,3
07/10/2020,Henrico,Black,781,127,72
07/10/2020,Henrico,Latino,585,42,6
07/10/2020,Henrico,"Native American",7,0,0
07/10/2020,Henrico,"Not Reported",560,2,3
07/10/2020,Henrico,"Other Race",68,11,1
07/10/2020,Henrico,"Two or more races",8,0,0
07/10/2020,Henrico,White,656,78,87
07/10/2020,Lenowisco,Black,1,0,0
07/10/2020,Lenowisco,Latino,0,0,0
07/10/2020,Lenowisco,"Not Reported",12,1,1
07/10/2020,Lenowisco,"Other Race",1,0,0
07/10/2020,Lenowisco,"Two or more races",0,0,0
07/10/2020,Lenowisco,White,54,16,3
07/10/2020,"Lord Fairfax","Asian or Pacific Islander",7,0,0
07/10/2020,"Lord Fairfax",Black,77,8,6
07/10/2020,"Lord Fairfax",Latino,568,36,8
07/10/2020,"Lord Fairfax","Native American",2,1,1
07/10/2020,"Lord Fairfax","Not Reported",266,3,5
07/10/2020,"Lord Fairfax","Other Race",55,6,1
07/10/2020,"Lord Fairfax","Two or more races",11,0,0
07/10/2020,"Lord Fairfax",White,1150,135,54
07/10/2020,Loudoun,"Asian or Pacific Islander",180,37,8
07/10/2020,Loudoun,Black,143,19,3
07/10/2020,Loudoun,Latino,1088,130,10
07/10/2020,Loudoun,"Native American",1,0,0
07/10/2020,Loudoun,"Not Reported",2021,2,2
07/10/2020,Loudoun,"Other Race",113,7,2
07/10/2020,Loudoun,"Two or more races",26,0,0
07/10/2020,Loudoun,White,777,93,74
07/10/2020,"Mount Rogers","Asian or Pacific Islander",2,1,0
07/10/2020,"Mount Rogers",Black,28,5,2
07/10/2020,"Mount Rogers",Latino,193,1,0
07/10/2020,"Mount Rogers","Not Reported",47,1,1
07/10/2020,"Mount Rogers","Other Race",3,0,0
07/10/2020,"Mount Rogers","Two or more races",4,0,0
07/10/2020,"Mount Rogers",White,530,69,32
07/10/2020,"New River","Asian or Pacific Islander",5,0,0
07/10/2020,"New River",Black,20,3,0
07/10/2020,"New River",Latino,19,2,0
07/10/2020,"New River","Native American",0,0,0
07/10/2020,"New River","Not Reported",48,0,0
07/10/2020,"New River","Other Race",2,0,0
07/10/2020,"New River","Two or more races",0,0,0
07/10/2020,"New River",White,188,18,6
07/10/2020,Norfolk,"Asian or Pacific Islander",18,1,0
07/10/2020,Norfolk,Black,688,80,10
07/10/2020,Norfolk,Latino,181,16,0
07/10/2020,Norfolk,"Native American",3,0,0
07/10/2020,Norfolk,"Not Reported",280,0,0
07/10/2020,Norfolk,"Other Race",19,2,0
07/10/2020,Norfolk,"Two or more races",1,0,0
07/10/2020,Norfolk,White,170,24,5
07/10/2020,Peninsula,"Asian or Pacific Islander",10,2,1
07/10/2020,Peninsula,Black,299,35,10
07/10/2020,Peninsula,Latino,187,12,0
07/10/2020,Peninsula,"Native American",2,0,0
07/10/2020,Peninsula,"Not Reported",373,1,0
07/10/2020,Peninsula,"Other Race",31,1,0
07/10/2020,Peninsula,"Two or more races",8,2,0
07/10/2020,Peninsula,White,343,75,24
07/10/2020,Piedmont,"Asian or Pacific Islander",4,0,0
07/10/2020,Piedmont,Black,367,50,5
07/10/2020,Piedmont,Latino,60,5,1
07/10/2020,Piedmont,"Native American",1,0,0
07/10/2020,Piedmont,"Not Reported",346,13,3
07/10/2020,Piedmont,"Other Race",6,0,0
07/10/2020,Piedmont,"Two or more races",4,1,0
07/10/2020,Piedmont,White,322,34,9
07/10/2020,Pittsylvania-Danville,"Asian or Pacific Islander",0,0,0
07/10/2020,Pittsylvania-Danville,Black,89,18,1
07/10/2020,Pittsylvania-Danville,Latino,29,2,0
07/10/2020,Pittsylvania-Danville,"Not Reported",37,5,0
07/10/2020,Pittsylvania-Danville,"Other Race",0,0,0
07/10/2020,Pittsylvania-Danville,"Two or more races",0,0,0
07/10/2020,Pittsylvania-Danville,White,97,18,3
07/10/2020,"Pittsylvania-Danville and Southside","Native American",0,0,0
07/10/2020,Portsmouth,"Asian or Pacific Islander",3,2,0
07/10/2020,Portsmouth,Black,316,57,12
07/10/2020,Portsmouth,Latino,37,8,0
07/10/2020,Portsmouth,"Native American",2,0,0
07/10/2020,Portsmouth,"Not Reported",172,1,0
07/10/2020,Portsmouth,"Other Race",14,3,2
07/10/2020,Portsmouth,"Two or more races",2,1,0
07/10/2020,Portsmouth,White,81,11,4
07/10/2020,"Prince William","Asian or Pacific Islander",277,43,13
07/10/2020,"Prince William",Black,687,123,38
07/10/2020,"Prince William",Latino,4276,518,53
07/10/2020,"Prince William","Native American",12,1,0
07/10/2020,"Prince William","Not Reported",3268,20,0
07/10/2020,"Prince William","Other Race",223,10,0
07/10/2020,"Prince William","Two or more races",11,1,0
07/10/2020,"Prince William",White,915,132,76
07/10/2020,Rappahannock,"Asian or Pacific Islander",43,8,1
07/10/2020,Rappahannock,Black,300,47,9
07/10/2020,Rappahannock,Latino,907,92,6
07/10/2020,Rappahannock,"Native American",3,0,0
07/10/2020,Rappahannock,"Not Reported",741,23,0
07/10/2020,Rappahannock,"Other Race",44,4,0
07/10/2020,Rappahannock,"Two or more races",11,1,0
07/10/2020,Rappahannock,White,579,69,29
07/10/2020,"Rappahannock Rapidan","Asian or Pacific Islander",5,1,0
07/10/2020,"Rappahannock Rapidan",Black,80,16,6
07/10/2020,"Rappahannock Rapidan",Latino,645,53,6
07/10/2020,"Rappahannock Rapidan","Native American",0,0,0
07/10/2020,"Rappahannock Rapidan","Not Reported",436,10,2
07/10/2020,"Rappahannock Rapidan","Other Race",22,2,0
07/10/2020,"Rappahannock Rapidan","Two or more races",12,1,0
07/10/2020,"Rappahannock Rapidan",White,347,33,10
07/10/2020,Richmond,"Asian or Pacific Islander",8,3,1
07/10/2020,Richmond,Black,604,131,22
07/10/2020,Richmond,Latino,936,73,5
07/10/2020,Richmond,"Native American",0,0,0
07/10/2020,Richmond,"Not Reported",499,2,0
07/10/2020,Richmond,"Other Race",94,8,2
07/10/2020,Richmond,"Two or more races",2,1,1
07/10/2020,Richmond,White,218,19,4
07/10/2020,Roanoke,"Asian or Pacific Islander",2,0,0
07/10/2020,Roanoke,Black,42,7,2
07/10/2020,Roanoke,Latino,169,1,0
07/10/2020,Roanoke,"Not Reported",236,1,0
07/10/2020,Roanoke,"Other Race",3,0,0
07/10/2020,Roanoke,"Two or more races",1,0,0
07/10/2020,Roanoke,White,99,5,8
07/10/2020,Southside,"Asian or Pacific Islander",1,0,0
07/10/2020,Southside,Black,119,23,8
07/10/2020,Southside,Latino,2,0,0
07/10/2020,Southside,"Not Reported",198,16,8
07/10/2020,Southside,"Other Race",6,0,1
07/10/2020,Southside,"Two or more races",21,0,0
07/10/2020,Southside,White,105,15,14
07/10/2020,"Thomas Jefferson","Asian or Pacific Islander",22,0,1
07/10/2020,"Thomas Jefferson",Black,177,46,8
07/10/2020,"Thomas Jefferson",Latino,379,17,0
07/10/2020,"Thomas Jefferson","Native American",2,0,0
07/10/2020,"Thomas Jefferson","Not Reported",101,0,0
07/10/2020,"Thomas Jefferson","Other Race",36,3,0
07/10/2020,"Thomas Jefferson","Two or more races",8,0,0
07/10/2020,"Thomas Jefferson",White,419,36,20
07/10/2020,"Three Rivers",Black,221,22,6
07/10/2020,"Three Rivers",Latino,83,3,0
07/10/2020,"Three Rivers","Not Reported",192,3,0
07/10/2020,"Three Rivers","Other Race",7,3,0
07/10/2020,"Three Rivers","Two or more races",3,0,0
07/10/2020,"Three Rivers",White,249,26,7
07/10/2020,"Virginia Beach","Asian or Pacific Islander",67,12,1
07/10/2020,"Virginia Beach",Black,461,31,4
07/10/2020,"Virginia Beach",Latino,166,16,2
07/10/2020,"Virginia Beach","Native American",1,0,0
07/10/2020,"Virginia Beach","Not Reported",279,5,3
07/10/2020,"Virginia Beach","Other Race",17,1,0
07/10/2020,"Virginia Beach","Two or more races",18,2,0
07/10/2020,"Virginia Beach",White,654,66,20
07/10/2020,"West Piedmont","Asian or Pacific Islander",11,1,1
07/10/2020,"West Piedmont",Black,113,29,1
07/10/2020,"West Piedmont",Latino,153,8,0
07/10/2020,"West Piedmont","Native American",0,0,0
07/10/2020,"West Piedmont","Not Reported",121,1,1
07/10/2020,"West Piedmont","Other Race",3,1,1
07/10/2020,"West Piedmont","Two or more races",0,0,0
07/10/2020,"West Piedmont",White,198,16,4
07/10/2020,"Western Tidewater","Asian or Pacific Islander",8,1,0
07/10/2020,"Western Tidewater",Black,396,56,29
07/10/2020,"Western Tidewater",Latino,13,1,0
07/10/2020,"Western Tidewater","Native American",1,0,0
07/10/2020,"Western Tidewater","Not Reported",317,2,3
07/10/2020,"Western Tidewater","Other Race",17,0,1
07/10/2020,"Western Tidewater","Two or more races",2,0,0
07/10/2020,"Western Tidewater",White,226,36,31
07/11/2020,Alexandria,"Asian or Pacific Islander",85,8,1
07/11/2020,Alexandria,Black,368,63,13
07/11/2020,Alexandria,Latino,1341,115,8
07/11/2020,Alexandria,"Native American",3,0,0
07/11/2020,Alexandria,"Not Reported",146,6,0
07/11/2020,Alexandria,"Other Race",43,5,2
07/11/2020,Alexandria,"Two or more races",5,1,0
07/11/2020,Alexandria,White,462,50,33
07/11/2020,Alleghany,"Asian or Pacific Islander",4,0,0
07/11/2020,Alleghany,Black,19,2,1
07/11/2020,Alleghany,Latino,71,5,0
07/11/2020,Alleghany,"Not Reported",264,1,0
07/11/2020,Alleghany,"Other Race",4,0,0
07/11/2020,Alleghany,"Two or more races",2,0,0
07/11/2020,Alleghany,White,240,23,14
07/11/2020,"Alleghany and Roanoke","Native American",0,0,0
07/11/2020,Arlington,"Asian or Pacific Islander",124,23,12
07/11/2020,Arlington,Black,224,67,31
07/11/2020,Arlington,Latino,1270,209,23
07/11/2020,Arlington,"Native American",3,0,0
07/11/2020,Arlington,"Not Reported",163,1,0
07/11/2020,Arlington,"Other Race",53,8,3
07/11/2020,Arlington,"Two or more races",17,2,0
07/11/2020,Arlington,White,743,115,65
07/11/2020,"Central Shenandoah","Asian or Pacific Islander",17,2,0
07/11/2020,"Central Shenandoah",Black,100,9,4
07/11/2020,"Central Shenandoah",Latino,796,49,4
07/11/2020,"Central Shenandoah","Native American",1,1,0
07/11/2020,"Central Shenandoah","Not Reported",198,2,1
07/11/2020,"Central Shenandoah","Other Race",34,1,0
07/11/2020,"Central Shenandoah","Two or more races",10,1,0
07/11/2020,"Central Shenandoah",White,1093,113,33
07/11/2020,"Central Virginia","Asian or Pacific Islander",0,0,0
07/11/2020,"Central Virginia",Black,29,2,1
07/11/2020,"Central Virginia",Latino,25,1,1
07/11/2020,"Central Virginia","Native American",0,0,0
07/11/2020,"Central Virginia","Not Reported",342,4,1
07/11/2020,"Central Virginia","Other Race",1,0,0
07/11/2020,"Central Virginia","Two or more races",0,0,0
07/11/2020,"Central Virginia",White,96,9,3
07/11/2020,Chesapeake,"Asian or Pacific Islander",25,5,2
07/11/2020,Chesapeake,Black,464,80,6
07/11/2020,Chesapeake,Latino,139,15,2
07/11/2020,Chesapeake,"Native American",8,0,0
07/11/2020,Chesapeake,"Not Reported",187,2,0
07/11/2020,Chesapeake,"Other Race",13,1,0
07/11/2020,Chesapeake,"Two or more races",9,1,0
07/11/2020,Chesapeake,White,359,53,12
07/11/2020,Chesterfield,"Asian or Pacific Islander",32,2,0
07/11/2020,Chesterfield,Black,443,61,20
07/11/2020,Chesterfield,Latino,701,38,3
07/11/2020,Chesterfield,"Native American",3,0,0
07/11/2020,Chesterfield,"Not Reported",1502,3,10
07/11/2020,Chesterfield,"Other Race",177,6,0
07/11/2020,Chesterfield,"Two or more races",8,1,0
07/11/2020,Chesterfield,White,550,62,51
07/11/2020,Chickahominy,"Asian or Pacific Islander",5,1,0
07/11/2020,Chickahominy,Black,123,34,10
07/11/2020,Chickahominy,Latino,49,3,0
07/11/2020,Chickahominy,"Native American",1,1,0
07/11/2020,Chickahominy,"Not Reported",197,3,1
07/11/2020,Chickahominy,"Other Race",9,2,0
07/11/2020,Chickahominy,"Two or more races",1,1,0
07/11/2020,Chickahominy,White,322,69,30
07/11/2020,Crater,"Asian or Pacific Islander",5,0,0
07/11/2020,Crater,Black,793,119,29
07/11/2020,Crater,Latino,132,5,2
07/11/2020,Crater,"Native American",3,0,0
07/11/2020,Crater,"Not Reported",405,9,8
07/11/2020,Crater,"Other Race",15,0,0
07/11/2020,Crater,"Two or more races",2,0,0
07/11/2020,Crater,White,336,33,10
07/11/2020,"Cumberland Plateau",Black,12,0,0
07/11/2020,"Cumberland Plateau",Latino,0,0,0
07/11/2020,"Cumberland Plateau","Not Reported",3,0,0
07/11/2020,"Cumberland Plateau","Other Race",0,0,0
07/11/2020,"Cumberland Plateau","Two or more races",2,0,0
07/11/2020,"Cumberland Plateau",White,73,3,0
07/11/2020,"Cumberland Plateau and Lenowisco","Asian or Pacific Islander",1,0,0
07/11/2020,"Cumberland Plateau, Lenowisco, and Mount Rogers","Native American",0,0,0
07/11/2020,"Eastern Shore",Black,794,89,25
07/11/2020,"Eastern Shore",Latino,243,7,3
07/11/2020,"Eastern Shore","Not Reported",84,0,0
07/11/2020,"Eastern Shore","Other Race",13,1,0
07/11/2020,"Eastern Shore","Two or more races",1,1,0
07/11/2020,"Eastern Shore",White,177,15,14
07/11/2020,"Eastern Shore and Three Rivers","Asian or Pacific Islander",8,1,0
07/11/2020,"Eastern Shore and Three Rivers","Native American",1,0,0
07/11/2020,Fairfax,"Asian or Pacific Islander",1148,212,69
07/11/2020,Fairfax,Black,852,177,50
07/11/2020,Fairfax,Latino,7568,800,71
07/11/2020,Fairfax,"Native American",24,1,1
07/11/2020,Fairfax,"Not Reported",2213,72,44
07/11/2020,Fairfax,"Other Race",513,62,11
07/11/2020,Fairfax,"Two or more races",28,4,0
07/11/2020,Fairfax,White,2182,395,266
07/11/2020,Hampton,"Asian or Pacific Islander",5,0,0
07/11/2020,Hampton,Black,206,28,4
07/11/2020,Hampton,Latino,36,3,0
07/11/2020,Hampton,"Native American",0,0,0
07/11/2020,Hampton,"Not Reported",152,0,0
07/11/2020,Hampton,"Other Race",5,2,0
07/11/2020,Hampton,"Two or more races",4,0,0
07/11/2020,Hampton,White,61,7,0
07/11/2020,Henrico,"Asian or Pacific Islander",121,8,3
07/11/2020,Henrico,Black,798,128,75
07/11/2020,Henrico,Latino,591,43,6
07/11/2020,Henrico,"Native American",7,0,0
07/11/2020,Henrico,"Not Reported",562,2,3
07/11/2020,Henrico,"Other Race",70,9,0
07/11/2020,Henrico,"Two or more races",8,0,0
07/11/2020,Henrico,White,665,78,86
07/11/2020,Lenowisco,Black,1,0,0
07/11/2020,Lenowisco,Latino,0,0,0
07/11/2020,Lenowisco,"Not Reported",12,1,1
07/11/2020,Lenowisco,"Other Race",1,0,0
07/11/2020,Lenowisco,"Two or more races",0,0,0
07/11/2020,Lenowisco,White,56,16,3
07/11/2020,"Lord Fairfax","Asian or Pacific Islander",7,0,0
07/11/2020,"Lord Fairfax",Black,77,8,6
07/11/2020,"Lord Fairfax",Latino,573,36,8
07/11/2020,"Lord Fairfax","Native American",2,1,1
07/11/2020,"Lord Fairfax","Not Reported",269,3,5
07/11/2020,"Lord Fairfax","Other Race",56,6,1
07/11/2020,"Lord Fairfax","Two or more races",11,0,0
07/11/2020,"Lord Fairfax",White,1163,135,54
07/11/2020,Loudoun,"Asian or Pacific Islander",182,37,8
07/11/2020,Loudoun,Black,146,19,3
07/11/2020,Loudoun,Latino,1106,131,10
07/11/2020,Loudoun,"Native American",1,0,0
07/11/2020,Loudoun,"Not Reported",2014,2,2
07/11/2020,Loudoun,"Other Race",111,7,1
07/11/2020,Loudoun,"Two or more races",26,0,0
07/11/2020,Loudoun,White,787,93,75
07/11/2020,"Mount Rogers","Asian or Pacific Islander",2,1,0
07/11/2020,"Mount Rogers",Black,29,5,2
07/11/2020,"Mount Rogers",Latino,197,1,0
07/11/2020,"Mount Rogers","Not Reported",47,1,1
07/11/2020,"Mount Rogers","Other Race",3,0,0
07/11/2020,"Mount Rogers","Two or more races",4,0,0
07/11/2020,"Mount Rogers",White,536,70,32
07/11/2020,"New River","Asian or Pacific Islander",6,0,0
07/11/2020,"New River",Black,21,3,0
07/11/2020,"New River",Latino,20,2,0
07/11/2020,"New River","Native American",0,0,0
07/11/2020,"New River","Not Reported",47,0,0
07/11/2020,"New River","Other Race",2,0,0
07/11/2020,"New River","Two or more races",0,0,0
07/11/2020,"New River",White,191,18,6
07/11/2020,Norfolk,"Asian or Pacific Islander",18,1,0
07/11/2020,Norfolk,Black,741,81,10
07/11/2020,Norfolk,Latino,187,18,0
07/11/2020,Norfolk,"Native American",3,0,0
07/11/2020,Norfolk,"Not Reported",301,0,0
07/11/2020,Norfolk,"Other Race",20,1,0
07/11/2020,Norfolk,"Two or more races",1,0,0
07/11/2020,Norfolk,White,177,24,5
07/11/2020,Peninsula,"Asian or Pacific Islander",10,2,1
07/11/2020,Peninsula,Black,305,35,10
07/11/2020,Peninsula,Latino,192,13,0
07/11/2020,Peninsula,"Native American",2,0,0
07/11/2020,Peninsula,"Not Reported",378,1,0
07/11/2020,Peninsula,"Other Race",32,1,0
07/11/2020,Peninsula,"Two or more races",8,2,0
07/11/2020,Peninsula,White,349,75,24
07/11/2020,Piedmont,"Asian or Pacific Islander",4,0,0
07/11/2020,Piedmont,Black,370,50,6
07/11/2020,Piedmont,Latino,60,5,1
07/11/2020,Piedmont,"Native American",1,0,0
07/11/2020,Piedmont,"Not Reported",343,13,2
07/11/2020,Piedmont,"Other Race",6,0,0
07/11/2020,Piedmont,"Two or more races",5,2,0
07/11/2020,Piedmont,White,328,37,9
07/11/2020,Pittsylvania-Danville,"Asian or Pacific Islander",0,0,0
07/11/2020,Pittsylvania-Danville,Black,93,18,1
07/11/2020,Pittsylvania-Danville,Latino,32,2,0
07/11/2020,Pittsylvania-Danville,"Not Reported",47,5,0
07/11/2020,Pittsylvania-Danville,"Other Race",0,0,0
07/11/2020,Pittsylvania-Danville,"Two or more races",0,0,0
07/11/2020,Pittsylvania-Danville,White,100,18,3
07/11/2020,"Pittsylvania-Danville and Southside","Native American",0,0,0
07/11/2020,Portsmouth,"Asian or Pacific Islander",3,2,0
07/11/2020,Portsmouth,Black,339,59,13
07/11/2020,Portsmouth,Latino,38,9,1
07/11/2020,Portsmouth,"Native American",2,0,0
07/11/2020,Portsmouth,"Not Reported",185,2,0
07/11/2020,Portsmouth,"Other Race",13,2,1
07/11/2020,Portsmouth,"Two or more races",2,1,0
07/11/2020,Portsmouth,White,80,11,4
07/11/2020,"Prince William","Asian or Pacific Islander",281,43,13
07/11/2020,"Prince William",Black,689,123,38
07/11/2020,"Prince William",Latino,4295,521,54
07/11/2020,"Prince William","Native American",12,1,0
07/11/2020,"Prince William","Not Reported",3269,19,0
07/11/2020,"Prince William","Other Race",223,10,0
07/11/2020,"Prince William","Two or more races",11,1,0
07/11/2020,"Prince William",White,928,132,76
07/11/2020,Rappahannock,"Asian or Pacific Islander",43,8,1
07/11/2020,Rappahannock,Black,306,47,9
07/11/2020,Rappahannock,Latino,912,93,6
07/11/2020,Rappahannock,"Native American",3,0,0
07/11/2020,Rappahannock,"Not Reported",745,23,0
07/11/2020,Rappahannock,"Other Race",46,4,0
07/11/2020,Rappahannock,"Two or more races",12,1,0
07/11/2020,Rappahannock,White,584,69,29
07/11/2020,"Rappahannock Rapidan","Asian or Pacific Islander",5,1,0
07/11/2020,"Rappahannock Rapidan",Black,82,16,6
07/11/2020,"Rappahannock Rapidan",Latino,648,53,6
07/11/2020,"Rappahannock Rapidan","Native American",0,0,0
07/11/2020,"Rappahannock Rapidan","Not Reported",443,11,2
07/11/2020,"Rappahannock Rapidan","Other Race",23,2,0
07/11/2020,"Rappahannock Rapidan","Two or more races",12,1,0
07/11/2020,"Rappahannock Rapidan",White,353,33,11
07/11/2020,Richmond,"Asian or Pacific Islander",8,3,1
07/11/2020,Richmond,Black,608,132,23
07/11/2020,Richmond,Latino,947,73,5
07/11/2020,Richmond,"Native American",0,0,0
07/11/2020,Richmond,"Not Reported",504,2,0
07/11/2020,Richmond,"Other Race",98,8,2
07/11/2020,Richmond,"Two or more races",1,0,0
07/11/2020,Richmond,White,220,19,4
07/11/2020,Roanoke,"Asian or Pacific Islander",2,0,0
07/11/2020,Roanoke,Black,43,7,2
07/11/2020,Roanoke,Latino,169,1,0
07/11/2020,Roanoke,"Not Reported",240,1,0
07/11/2020,Roanoke,"Other Race",3,0,0
07/11/2020,Roanoke,"Two or more races",1,0,0
07/11/2020,Roanoke,White,99,5,8
07/11/2020,Southside,"Asian or Pacific Islander",1,0,0
07/11/2020,Southside,Black,123,25,9
07/11/2020,Southside,Latino,2,0,0
07/11/2020,Southside,"Not Reported",204,14,7
07/11/2020,Southside,"Other Race",6,0,1
07/11/2020,Southside,"Two or more races",21,0,0
07/11/2020,Southside,White,107,16,14
07/11/2020,"Thomas Jefferson","Asian or Pacific Islander",22,0,1
07/11/2020,"Thomas Jefferson",Black,184,46,8
07/11/2020,"Thomas Jefferson",Latino,386,18,0
07/11/2020,"Thomas Jefferson","Native American",2,0,0
07/11/2020,"Thomas Jefferson","Not Reported",111,0,0
07/11/2020,"Thomas Jefferson","Other Race",38,3,0
07/11/2020,"Thomas Jefferson","Two or more races",9,0,0
07/11/2020,"Thomas Jefferson",White,421,36,20
07/11/2020,"Three Rivers",Black,223,22,6
07/11/2020,"Three Rivers",Latino,112,3,0
07/11/2020,"Three Rivers","Not Reported",178,3,0
07/11/2020,"Three Rivers","Other Race",7,3,0
07/11/2020,"Three Rivers","Two or more races",3,0,0
07/11/2020,"Three Rivers",White,253,26,7
07/11/2020,"Virginia Beach","Asian or Pacific Islander",69,13,1
07/11/2020,"Virginia Beach",Black,489,31,4
07/11/2020,"Virginia Beach",Latino,172,16,2
07/11/2020,"Virginia Beach","Native American",1,0,0
07/11/2020,"Virginia Beach","Not Reported",313,5,3
07/11/2020,"Virginia Beach","Other Race",17,1,0
07/11/2020,"Virginia Beach","Two or more races",20,2,0
07/11/2020,"Virginia Beach",White,678,66,20
07/11/2020,"West Piedmont","Asian or Pacific Islander",11,1,1
07/11/2020,"West Piedmont",Black,115,30,1
07/11/2020,"West Piedmont",Latino,167,8,0
07/11/2020,"West Piedmont","Native American",0,0,0
07/11/2020,"West Piedmont","Not Reported",121,1,1
07/11/2020,"West Piedmont","Other Race",3,1,1
07/11/2020,"West Piedmont","Two or more races",0,0,0
07/11/2020,"West Piedmont",White,199,16,4
07/11/2020,"Western Tidewater","Asian or Pacific Islander",8,1,0
07/11/2020,"Western Tidewater",Black,403,56,29
07/11/2020,"Western Tidewater",Latino,13,1,0
07/11/2020,"Western Tidewater","Native American",1,0,0
07/11/2020,"Western Tidewater","Not Reported",324,2,3
07/11/2020,"Western Tidewater","Other Race",17,0,1
07/11/2020,"Western Tidewater","Two or more races",2,0,0
07/11/2020,"Western Tidewater",White,232,36,31
07/12/2020,Alexandria,"Asian or Pacific Islander",85,8,1
07/12/2020,Alexandria,Black,370,63,13
07/12/2020,Alexandria,Latino,1342,116,8
07/12/2020,Alexandria,"Native American",3,0,0
07/12/2020,Alexandria,"Not Reported",144,6,0
07/12/2020,Alexandria,"Other Race",43,5,2
07/12/2020,Alexandria,"Two or more races",5,1,0
07/12/2020,Alexandria,White,463,50,33
07/12/2020,Alleghany,"Asian or Pacific Islander",4,0,0
07/12/2020,Alleghany,Black,21,2,1
07/12/2020,Alleghany,Latino,72,5,0
07/12/2020,Alleghany,"Not Reported",284,1,0
07/12/2020,Alleghany,"Other Race",4,0,0
07/12/2020,Alleghany,"Two or more races",2,0,0
07/12/2020,Alleghany,White,253,23,14
07/12/2020,"Alleghany and Roanoke","Native American",0,0,0
07/12/2020,Arlington,"Asian or Pacific Islander",125,23,12
07/12/2020,Arlington,Black,227,67,31
07/12/2020,Arlington,Latino,1277,209,23
07/12/2020,Arlington,"Native American",3,0,0
07/12/2020,Arlington,"Not Reported",163,1,0
07/12/2020,Arlington,"Other Race",56,8,3
07/12/2020,Arlington,"Two or more races",17,2,0
07/12/2020,Arlington,White,747,115,65
07/12/2020,"Central Shenandoah","Asian or Pacific Islander",17,2,0
07/12/2020,"Central Shenandoah",Black,100,9,4
07/12/2020,"Central Shenandoah",Latino,798,49,4
07/12/2020,"Central Shenandoah","Native American",1,1,0
07/12/2020,"Central Shenandoah","Not Reported",196,2,1
07/12/2020,"Central Shenandoah","Other Race",34,1,0
07/12/2020,"Central Shenandoah","Two or more races",10,1,0
07/12/2020,"Central Shenandoah",White,1108,113,33
07/12/2020,"Central Virginia","Asian or Pacific Islander",0,0,0
07/12/2020,"Central Virginia",Black,29,2,1
07/12/2020,"Central Virginia",Latino,25,1,1
07/12/2020,"Central Virginia","Native American",0,0,0
07/12/2020,"Central Virginia","Not Reported",354,4,1
07/12/2020,"Central Virginia","Other Race",1,0,0
07/12/2020,"Central Virginia","Two or more races",0,0,0
07/12/2020,"Central Virginia",White,96,9,3
07/12/2020,Chesapeake,"Asian or Pacific Islander",25,5,2
07/12/2020,Chesapeake,Black,482,80,6
07/12/2020,Chesapeake,Latino,140,15,2
07/12/2020,Chesapeake,"Native American",8,0,0
07/12/2020,Chesapeake,"Not Reported",210,2,0
07/12/2020,Chesapeake,"Other Race",14,1,0
07/12/2020,Chesapeake,"Two or more races",9,1,0
07/12/2020,Chesapeake,White,365,53,12
07/12/2020,Chesterfield,"Asian or Pacific Islander",32,2,0
07/12/2020,Chesterfield,Black,445,61,20
07/12/2020,Chesterfield,Latino,705,39,3
07/12/2020,Chesterfield,"Native American",3,0,0
07/12/2020,Chesterfield,"Not Reported",1518,3,10
07/12/2020,Chesterfield,"Other Race",177,6,0
07/12/2020,Chesterfield,"Two or more races",8,1,0
07/12/2020,Chesterfield,White,550,62,51
07/12/2020,Chickahominy,"Asian or Pacific Islander",5,1,0
07/12/2020,Chickahominy,Black,124,34,10
07/12/2020,Chickahominy,Latino,49,3,0
07/12/2020,Chickahominy,"Native American",1,1,0
07/12/2020,Chickahominy,"Not Reported",207,3,1
07/12/2020,Chickahominy,"Other Race",9,2,0
07/12/2020,Chickahominy,"Two or more races",1,1,0
07/12/2020,Chickahominy,White,324,70,30
07/12/2020,Crater,"Asian or Pacific Islander",5,0,0
07/12/2020,Crater,Black,797,119,29
07/12/2020,Crater,Latino,132,5,2
07/12/2020,Crater,"Native American",3,0,0
07/12/2020,Crater,"Not Reported",410,9,8
07/12/2020,Crater,"Other Race",15,0,0
07/12/2020,Crater,"Two or more races",2,0,0
07/12/2020,Crater,White,339,33,10
07/12/2020,"Cumberland Plateau",Black,12,0,0
07/12/2020,"Cumberland Plateau",Latino,0,0,0
07/12/2020,"Cumberland Plateau","Not Reported",2,0,0
07/12/2020,"Cumberland Plateau","Other Race",0,0,0
07/12/2020,"Cumberland Plateau","Two or more races",2,0,0
07/12/2020,"Cumberland Plateau",White,79,5,0
07/12/2020,"Cumberland Plateau and Lenowisco","Asian or Pacific Islander",1,0,0
07/12/2020,"Cumberland Plateau, Lenowisco, and Mount Rogers","Native American",0,0,0
07/12/2020,"Eastern Shore",Black,794,89,25
07/12/2020,"Eastern Shore",Latino,243,7,3
07/12/2020,"Eastern Shore","Not Reported",84,0,0
07/12/2020,"Eastern Shore","Other Race",13,1,0
07/12/2020,"Eastern Shore","Two or more races",1,1,0
07/12/2020,"Eastern Shore",White,177,15,14
07/12/2020,"Eastern Shore and Three Rivers","Asian or Pacific Islander",8,1,0
07/12/2020,"Eastern Shore and Three Rivers","Native American",1,0,0
07/12/2020,Fairfax,"Asian or Pacific Islander",1155,212,69
07/12/2020,Fairfax,Black,860,177,50
07/12/2020,Fairfax,Latino,7608,803,71
07/12/2020,Fairfax,"Native American",24,1,1
07/12/2020,Fairfax,"Not Reported",2215,73,46
07/12/2020,Fairfax,"Other Race",517,62,11
07/12/2020,Fairfax,"Two or more races",28,4,0
07/12/2020,Fairfax,White,2200,396,266
07/12/2020,Hampton,"Asian or Pacific Islander",5,0,0
07/12/2020,Hampton,Black,211,28,4
07/12/2020,Hampton,Latino,36,3,0
07/12/2020,Hampton,"Native American",0,0,0
07/12/2020,Hampton,"Not Reported",165,0,0
07/12/2020,Hampton,"Other Race",5,2,0
07/12/2020,Hampton,"Two or more races",4,0,0
07/12/2020,Hampton,White,62,7,0
07/12/2020,Henrico,"Asian or Pacific Islander",121,8,3
07/12/2020,Henrico,Black,808,128,75
07/12/2020,Henrico,Latino,599,43,6
07/12/2020,Henrico,"Native American",7,0,0
07/12/2020,Henrico,"Not Reported",580,2,3
07/12/2020,Henrico,"Other Race",70,9,0
07/12/2020,Henrico,"Two or more races",8,0,0
07/12/2020,Henrico,White,667,79,86
07/12/2020,Lenowisco,Black,1,0,0
07/12/2020,Lenowisco,Latino,1,0,0
07/12/2020,Lenowisco,"Not Reported",12,1,1
07/12/2020,Lenowisco,"Other Race",1,0,0
07/12/2020,Lenowisco,"Two or more races",0,0,0
07/12/2020,Lenowisco,White,63,16,3
07/12/2020,"Lord Fairfax","Asian or Pacific Islander",7,0,0
07/12/2020,"Lord Fairfax",Black,78,8,6
07/12/2020,"Lord Fairfax",Latino,586,36,8
07/12/2020,"Lord Fairfax","Native American",2,1,1
07/12/2020,"Lord Fairfax","Not Reported",272,3,5
07/12/2020,"Lord Fairfax","Other Race",58,6,1
07/12/2020,"Lord Fairfax","Two or more races",11,0,0
07/12/2020,"Lord Fairfax",White,1173,135,54
07/12/2020,Loudoun,"Asian or Pacific Islander",183,37,8
07/12/2020,Loudoun,Black,147,19,3
07/12/2020,Loudoun,Latino,1111,131,10
07/12/2020,Loudoun,"Native American",1,0,0
07/12/2020,Loudoun,"Not Reported",2033,2,2
07/12/2020,Loudoun,"Other Race",113,7,1
07/12/2020,Loudoun,"Two or more races",26,0,0
07/12/2020,Loudoun,White,793,93,75
07/12/2020,"Mount Rogers","Asian or Pacific Islander",2,1,0
07/12/2020,"Mount Rogers",Black,29,5,2
07/12/2020,"Mount Rogers",Latino,200,1,0
07/12/2020,"Mount Rogers","Not Reported",48,1,1
07/12/2020,"Mount Rogers","Other Race",3,0,0
07/12/2020,"Mount Rogers","Two or more races",4,0,0
07/12/2020,"Mount Rogers",White,548,71,32
07/12/2020,"New River","Asian or Pacific Islander",6,0,0
07/12/2020,"New River",Black,21,3,0
07/12/2020,"New River",Latino,20,2,0
07/12/2020,"New River","Native American",0,0,0
07/12/2020,"New River","Not Reported",47,0,0
07/12/2020,"New River","Other Race",2,0,0
07/12/2020,"New River","Two or more races",0,0,0
07/12/2020,"New River",White,200,18,6
07/12/2020,Norfolk,"Asian or Pacific Islander",18,1,0
07/12/2020,Norfolk,Black,770,83,10
07/12/2020,Norfolk,Latino,187,18,0
07/12/2020,Norfolk,"Native American",3,0,0
07/12/2020,Norfolk,"Not Reported",368,0,0
07/12/2020,Norfolk,"Other Race",20,1,0
07/12/2020,Norfolk,"Two or more races",1,0,0
07/12/2020,Norfolk,White,181,25,6
07/12/2020,Peninsula,"Asian or Pacific Islander",10,2,1
07/12/2020,Peninsula,Black,313,35,10
07/12/2020,Peninsula,Latino,192,13,0
07/12/2020,Peninsula,"Native American",2,0,0
07/12/2020,Peninsula,"Not Reported",409,1,0
07/12/2020,Peninsula,"Other Race",33,1,0
07/12/2020,Peninsula,"Two or more races",8,2,0
07/12/2020,Peninsula,White,351,75,24
07/12/2020,Piedmont,"Asian or Pacific Islander",4,0,0
07/12/2020,Piedmont,Black,370,50,6
07/12/2020,Piedmont,Latino,60,5,1
07/12/2020,Piedmont,"Native American",1,0,0
07/12/2020,Piedmont,"Not Reported",345,13,2
07/12/2020,Piedmont,"Other Race",6,0,0
07/12/2020,Piedmont,"Two or more races",5,2,0
07/12/2020,Piedmont,White,329,37,9
07/12/2020,Pittsylvania-Danville,"Asian or Pacific Islander",0,0,0
07/12/2020,Pittsylvania-Danville,Black,105,20,1
07/12/2020,Pittsylvania-Danville,Latino,34,2,0
07/12/2020,Pittsylvania-Danville,"Not Reported",63,5,0
07/12/2020,Pittsylvania-Danville,"Other Race",0,0,0
07/12/2020,Pittsylvania-Danville,"Two or more races",0,0,0
07/12/2020,Pittsylvania-Danville,White,104,19,3
07/12/2020,"Pittsylvania-Danville and Southside","Native American",0,0,0
07/12/2020,Portsmouth,"Asian or Pacific Islander",3,2,0
07/12/2020,Portsmouth,Black,349,59,13
07/12/2020,Portsmouth,Latino,38,9,1
07/12/2020,Portsmouth,"Native American",2,0,0
07/12/2020,Portsmouth,"Not Reported",196,2,0
07/12/2020,Portsmouth,"Other Race",14,2,1
07/12/2020,Portsmouth,"Two or more races",2,1,0
07/12/2020,Portsmouth,White,82,11,4
07/12/2020,"Prince William","Asian or Pacific Islander",284,43,13
07/12/2020,"Prince William",Black,692,124,38
07/12/2020,"Prince William",Latino,4322,529,54
07/12/2020,"Prince William","Native American",12,1,0
07/12/2020,"Prince William","Not Reported",3276,19,0
07/12/2020,"Prince William","Other Race",223,10,0
07/12/2020,"Prince William","Two or more races",11,1,0
07/12/2020,"Prince William",White,932,132,77
07/12/2020,Rappahannock,"Asian or Pacific Islander",43,8,1
07/12/2020,Rappahannock,Black,308,47,9
07/12/2020,Rappahannock,Latino,916,93,6
07/12/2020,Rappahannock,"Native American",3,0,0
07/12/2020,Rappahannock,"Not Reported",752,23,0
07/12/2020,Rappahannock,"Other Race",47,4,0
07/12/2020,Rappahannock,"Two or more races",12,1,0
07/12/2020,Rappahannock,White,585,69,29
07/12/2020,"Rappahannock Rapidan","Asian or Pacific Islander",5,1,0
07/12/2020,"Rappahannock Rapidan",Black,82,17,6
07/12/2020,"Rappahannock Rapidan",Latino,649,53,6
07/12/2020,"Rappahannock Rapidan","Native American",0,0,0
07/12/2020,"Rappahannock Rapidan","Not Reported",443,11,2
07/12/2020,"Rappahannock Rapidan","Other Race",23,2,0
07/12/2020,"Rappahannock Rapidan","Two or more races",13,1,0
07/12/2020,"Rappahannock Rapidan",White,369,33,11
07/12/2020,Richmond,"Asian or Pacific Islander",8,3,1
07/12/2020,Richmond,Black,616,132,23
07/12/2020,Richmond,Latino,954,73,5
07/12/2020,Richmond,"Native American",0,0,0
07/12/2020,Richmond,"Not Reported",515,2,0
07/12/2020,Richmond,"Other Race",99,8,2
07/12/2020,Richmond,"Two or more races",1,0,0
07/12/2020,Richmond,White,222,19,4
07/12/2020,Roanoke,"Asian or Pacific Islander",2,0,0
07/12/2020,Roanoke,Black,43,7,2
07/12/2020,Roanoke,Latino,179,2,0
07/12/2020,Roanoke,"Not Reported",254,1,0
07/12/2020,Roanoke,"Other Race",3,0,0
07/12/2020,Roanoke,"Two or more races",1,0,0
07/12/2020,Roanoke,White,100,5,8
07/12/2020,Southside,"Asian or Pacific Islander",1,0,0
07/12/2020,Southside,Black,126,27,9
07/12/2020,Southside,Latino,2,0,0
07/12/2020,Southside,"Not Reported",205,14,7
07/12/2020,Southside,"Other Race",6,0,1
07/12/2020,Southside,"Two or more races",21,0,0
07/12/2020,Southside,White,109,16,14
07/12/2020,"Thomas Jefferson","Asian or Pacific Islander",22,0,1
07/12/2020,"Thomas Jefferson",Black,190,47,8
07/12/2020,"Thomas Jefferson",Latino,399,18,0
07/12/2020,"Thomas Jefferson","Native American",2,0,0
07/12/2020,"Thomas Jefferson","Not Reported",111,0,0
07/12/2020,"Thomas Jefferson","Other Race",39,3,0
07/12/2020,"Thomas Jefferson","Two or more races",11,0,0
07/12/2020,"Thomas Jefferson",White,434,36,20
07/12/2020,"Three Rivers",Black,224,22,6
07/12/2020,"Three Rivers",Latino,113,3,0
07/12/2020,"Three Rivers","Not Reported",176,3,0
07/12/2020,"Three Rivers","Other Race",7,3,0
07/12/2020,"Three Rivers","Two or more races",3,0,0
07/12/2020,"Three Rivers",White,254,26,7
07/12/2020,"Virginia Beach","Asian or Pacific Islander",70,13,1
07/12/2020,"Virginia Beach",Black,502,36,4
07/12/2020,"Virginia Beach",Latino,174,16,2
07/12/2020,"Virginia Beach","Native American",1,0,0
07/12/2020,"Virginia Beach","Not Reported",345,5,3
07/12/2020,"Virginia Beach","Other Race",19,1,0
07/12/2020,"Virginia Beach","Two or more races",20,2,0
07/12/2020,"Virginia Beach",White,690,66,20
07/12/2020,"West Piedmont","Asian or Pacific Islander",11,1,1
07/12/2020,"West Piedmont",Black,115,30,1
07/12/2020,"West Piedmont",Latino,167,8,0
07/12/2020,"West Piedmont","Native American",0,0,0
07/12/2020,"West Piedmont","Not Reported",121,1,1
07/12/2020,"West Piedmont","Other Race",3,1,1
07/12/2020,"West Piedmont","Two or more races",0,0,0
07/12/2020,"West Piedmont",White,199,16,4
07/12/2020,"Western Tidewater","Asian or Pacific Islander",8,1,0
07/12/2020,"Western Tidewater",Black,412,56,29
07/12/2020,"Western Tidewater",Latino,13,1,0
07/12/2020,"Western Tidewater","Native American",1,0,0
07/12/2020,"Western Tidewater","Not Reported",344,2,3
07/12/2020,"Western Tidewater","Other Race",17,0,1
07/12/2020,"Western Tidewater","Two or more races",2,0,0
07/12/2020,"Western Tidewater",White,237,36,31
07/13/2020,Alexandria,"Asian or Pacific Islander",85,8,1
07/13/2020,Alexandria,Black,370,63,13
07/13/2020,Alexandria,Latino,1344,116,8
07/13/2020,Alexandria,"Native American",2,0,0
07/13/2020,Alexandria,"Not Reported",143,6,0
07/13/2020,Alexandria,"Other Race",43,5,2
07/13/2020,Alexandria,"Two or more races",5,1,0
07/13/2020,Alexandria,White,464,50,33
07/13/2020,Alleghany,"Asian or Pacific Islander",4,0,0
07/13/2020,Alleghany,Black,22,2,1
07/13/2020,Alleghany,Latino,72,5,0
07/13/2020,Alleghany,"Not Reported",289,1,0
07/13/2020,Alleghany,"Other Race",4,0,0
07/13/2020,Alleghany,"Two or more races",2,0,0
07/13/2020,Alleghany,White,253,23,14
07/13/2020,"Alleghany and Roanoke","Native American",0,0,0
07/13/2020,Arlington,"Asian or Pacific Islander",126,22,12
07/13/2020,Arlington,Black,229,68,31
07/13/2020,Arlington,Latino,1277,207,23
07/13/2020,Arlington,"Native American",3,0,0
07/13/2020,Arlington,"Not Reported",168,1,0
07/13/2020,Arlington,"Other Race",57,8,3
07/13/2020,Arlington,"Two or more races",17,2,0
07/13/2020,Arlington,White,749,114,65
07/13/2020,"Central Shenandoah","Asian or Pacific Islander",17,2,0
07/13/2020,"Central Shenandoah",Black,101,9,4
07/13/2020,"Central Shenandoah",Latino,811,49,4
07/13/2020,"Central Shenandoah","Native American",1,1,0
07/13/2020,"Central Shenandoah","Not Reported",202,4,1
07/13/2020,"Central Shenandoah","Other Race",34,1,0
07/13/2020,"Central Shenandoah","Two or more races",10,1,0
07/13/2020,"Central Shenandoah",White,1124,113,33
07/13/2020,"Central Virginia","Asian or Pacific Islander",0,0,0
07/13/2020,"Central Virginia",Black,29,2,1
07/13/2020,"Central Virginia",Latino,25,1,1
07/13/2020,"Central Virginia","Native American",0,0,0
07/13/2020,"Central Virginia","Not Reported",364,4,1
07/13/2020,"Central Virginia","Other Race",1,0,0
07/13/2020,"Central Virginia","Two or more races",0,0,0
07/13/2020,"Central Virginia",White,96,9,3
07/13/2020,Chesapeake,"Asian or Pacific Islander",26,5,2
07/13/2020,Chesapeake,Black,502,80,6
07/13/2020,Chesapeake,Latino,140,15,2
07/13/2020,Chesapeake,"Native American",8,0,0
07/13/2020,Chesapeake,"Not Reported",252,2,0
07/13/2020,Chesapeake,"Other Race",16,1,0
07/13/2020,Chesapeake,"Two or more races",9,1,0
07/13/2020,Chesapeake,White,373,53,12
07/13/2020,Chesterfield,"Asian or Pacific Islander",32,2,0
07/13/2020,Chesterfield,Black,444,61,20
07/13/2020,Chesterfield,Latino,716,39,3
07/13/2020,Chesterfield,"Native American",3,0,0
07/13/2020,Chesterfield,"Not Reported",1536,3,10
07/13/2020,Chesterfield,"Other Race",177,6,0
07/13/2020,Chesterfield,"Two or more races",8,1,0
07/13/2020,Chesterfield,White,550,62,51
07/13/2020,Chickahominy,"Asian or Pacific Islander",5,1,0
07/13/2020,Chickahominy,Black,125,34,10
07/13/2020,Chickahominy,Latino,49,3,0
07/13/2020,Chickahominy,"Native American",1,1,0
07/13/2020,Chickahominy,"Not Reported",209,3,1
07/13/2020,Chickahominy,"Other Race",9,2,0
07/13/2020,Chickahominy,"Two or more races",1,1,0
07/13/2020,Chickahominy,White,330,70,30
07/13/2020,Crater,"Asian or Pacific Islander",5,0,0
07/13/2020,Crater,Black,802,120,29
07/13/2020,Crater,Latino,134,5,2
07/13/2020,Crater,"Native American",3,0,0
07/13/2020,Crater,"Not Reported",422,9,8
07/13/2020,Crater,"Other Race",15,0,0
07/13/2020,Crater,"Two or more races",2,0,0
07/13/2020,Crater,White,342,34,10
07/13/2020,"Cumberland Plateau",Black,12,0,0
07/13/2020,"Cumberland Plateau",Latino,0,0,0
07/13/2020,"Cumberland Plateau","Not Reported",2,0,0
07/13/2020,"Cumberland Plateau","Other Race",0,0,0
07/13/2020,"Cumberland Plateau","Two or more races",2,0,0
07/13/2020,"Cumberland Plateau",White,84,5,0
07/13/2020,"Cumberland Plateau and Lenowisco","Asian or Pacific Islander",1,0,0
07/13/2020,"Cumberland Plateau, Lenowisco, and Mount Rogers","Native American",0,0,0
07/13/2020,"Eastern Shore",Black,794,89,25
07/13/2020,"Eastern Shore",Latino,243,7,3
07/13/2020,"Eastern Shore","Not Reported",84,0,0
07/13/2020,"Eastern Shore","Other Race",13,1,0
07/13/2020,"Eastern Shore","Two or more races",1,1,0
07/13/2020,"Eastern Shore",White,176,15,14
07/13/2020,"Eastern Shore and Three Rivers","Asian or Pacific Islander",8,1,0
07/13/2020,"Eastern Shore and Three Rivers","Native American",1,0,0
07/13/2020,Fairfax,"Asian or Pacific Islander",1158,212,69
07/13/2020,Fairfax,Black,866,177,50
07/13/2020,Fairfax,Latino,7626,804,71
07/13/2020,Fairfax,"Native American",24,1,1
07/13/2020,Fairfax,"Not Reported",2239,73,46
07/13/2020,Fairfax,"Other Race",525,62,11
07/13/2020,Fairfax,"Two or more races",28,4,0
07/13/2020,Fairfax,White,2216,396,266
07/13/2020,Hampton,"Asian or Pacific Islander",5,0,0
07/13/2020,Hampton,Black,226,28,4
07/13/2020,Hampton,Latino,36,3,0
07/13/2020,Hampton,"Native American",0,0,0
07/13/2020,Hampton,"Not Reported",204,0,0
07/13/2020,Hampton,"Other Race",5,2,0
07/13/2020,Hampton,"Two or more races",4,0,0
07/13/2020,Hampton,White,64,7,0
07/13/2020,Henrico,"Asian or Pacific Islander",122,8,3
07/13/2020,Henrico,Black,813,129,75
07/13/2020,Henrico,Latino,602,43,6
07/13/2020,Henrico,"Native American",7,0,0
07/13/2020,Henrico,"Not Reported",600,2,3
07/13/2020,Henrico,"Other Race",70,9,0
07/13/2020,Henrico,"Two or more races",8,0,0
07/13/2020,Henrico,White,669,79,86
07/13/2020,Lenowisco,Latino,1,0,0
07/13/2020,Lenowisco,"Not Reported",12,1,1
07/13/2020,Lenowisco,"Other Race",1,0,0
07/13/2020,Lenowisco,"Two or more races",0,0,0
07/13/2020,Lenowisco,White,65,16,3
07/13/2020,"Lord Fairfax","Asian or Pacific Islander",7,0,0
07/13/2020,"Lord Fairfax",Black,79,8,6
07/13/2020,"Lord Fairfax",Latino,586,36,8
07/13/2020,"Lord Fairfax","Native American",2,1,1
07/13/2020,"Lord Fairfax","Not Reported",273,3,5
07/13/2020,"Lord Fairfax","Other Race",58,6,1
07/13/2020,"Lord Fairfax","Two or more races",11,0,0
07/13/2020,"Lord Fairfax",White,1184,136,54
07/13/2020,Loudoun,"Asian or Pacific Islander",183,37,8
07/13/2020,Loudoun,Black,147,19,3
07/13/2020,Loudoun,Latino,1112,131,10
07/13/2020,Loudoun,"Native American",1,0,0
07/13/2020,Loudoun,"Not Reported",2055,2,2
07/13/2020,Loudoun,"Other Race",115,7,1
07/13/2020,Loudoun,"Two or more races",26,0,0
07/13/2020,Loudoun,White,792,93,75
07/13/2020,"Mount Rogers","Asian or Pacific Islander",2,1,0
07/13/2020,"Mount Rogers",Black,29,5,2
07/13/2020,"Mount Rogers",Latino,203,1,0
07/13/2020,"Mount Rogers","Not Reported",49,2,1
07/13/2020,"Mount Rogers","Other Race",3,0,0
07/13/2020,"Mount Rogers","Two or more races",4,0,0
07/13/2020,"Mount Rogers",White,550,71,32
07/13/2020,"New River","Asian or Pacific Islander",6,0,0
07/13/2020,"New River",Black,21,3,0
07/13/2020,"New River",Latino,21,2,0
07/13/2020,"New River","Native American",0,0,0
07/13/2020,"New River","Not Reported",47,0,0
07/13/2020,"New River","Other Race",2,0,0
07/13/2020,"New River","Two or more races",0,0,0
07/13/2020,"New River",White,212,18,6
07/13/2020,Norfolk,"Asian or Pacific Islander",19,1,0
07/13/2020,Norfolk,Black,787,84,10
07/13/2020,Norfolk,Latino,190,18,0
07/13/2020,Norfolk,"Native American",3,0,0
07/13/2020,Norfolk,"Not Reported",386,0,0
07/13/2020,Norfolk,"Other Race",20,1,0
07/13/2020,Norfolk,"Two or more races",1,0,0
07/13/2020,Norfolk,White,182,25,6
07/13/2020,Peninsula,"Asian or Pacific Islander",11,3,1
07/13/2020,Peninsula,Black,334,36,10
07/13/2020,Peninsula,Latino,195,13,0
07/13/2020,Peninsula,"Native American",2,0,0
07/13/2020,Peninsula,"Not Reported",499,1,0
07/13/2020,Peninsula,"Other Race",36,1,0
07/13/2020,Peninsula,"Two or more races",8,2,0
07/13/2020,Peninsula,White,363,75,24
07/13/2020,Piedmont,"Asian or Pacific Islander",4,0,0
07/13/2020,Piedmont,Black,372,50,6
07/13/2020,Piedmont,Latino,60,5,1
07/13/2020,Piedmont,"Native American",1,0,0
07/13/2020,Piedmont,"Not Reported",350,13,2
07/13/2020,Piedmont,"Other Race",6,0,0
07/13/2020,Piedmont,"Two or more races",4,2,0
07/13/2020,Piedmont,White,329,37,9
07/13/2020,Pittsylvania-Danville,"Asian or Pacific Islander",0,0,0
07/13/2020,Pittsylvania-Danville,Black,112,20,1
07/13/2020,Pittsylvania-Danville,Latino,35,2,0
07/13/2020,Pittsylvania-Danville,"Not Reported",60,5,0
07/13/2020,Pittsylvania-Danville,"Other Race",0,0,0
07/13/2020,Pittsylvania-Danville,"Two or more races",0,0,0
07/13/2020,Pittsylvania-Danville,White,104,19,3
07/13/2020,"Pittsylvania-Danville and Southside","Native American",0,0,0
07/13/2020,Portsmouth,"Asian or Pacific Islander",3,2,0
07/13/2020,Portsmouth,Black,361,59,13
07/13/2020,Portsmouth,Latino,41,9,1
07/13/2020,Portsmouth,"Native American",2,0,0
07/13/2020,Portsmouth,"Not Reported",206,2,0
07/13/2020,Portsmouth,"Other Race",15,2,1
07/13/2020,Portsmouth,"Two or more races",2,1,0
07/13/2020,Portsmouth,White,84,11,4
07/13/2020,"Prince William","Asian or Pacific Islander",284,43,13
07/13/2020,"Prince William",Black,696,124,38
07/13/2020,"Prince William",Latino,4332,529,54
07/13/2020,"Prince William","Native American",12,1,0
07/13/2020,"Prince William","Not Reported",3309,19,0
07/13/2020,"Prince William","Other Race",225,10,0
07/13/2020,"Prince William","Two or more races",11,1,0
07/13/2020,"Prince William",White,933,132,77
07/13/2020,Rappahannock,"Asian or Pacific Islander",43,8,1
07/13/2020,Rappahannock,Black,311,48,9
07/13/2020,Rappahannock,Latino,918,94,6
07/13/2020,Rappahannock,"Native American",3,0,0
07/13/2020,Rappahannock,"Not Reported",757,23,0
07/13/2020,Rappahannock,"Other Race",48,4,0
07/13/2020,Rappahannock,"Two or more races",12,1,0
07/13/2020,Rappahannock,White,588,70,29
07/13/2020,"Rappahannock Rapidan","Asian or Pacific Islander",5,1,0
07/13/2020,"Rappahannock Rapidan",Black,84,18,6
07/13/2020,"Rappahannock Rapidan",Latino,656,54,6
07/13/2020,"Rappahannock Rapidan","Native American",0,0,0
07/13/2020,"Rappahannock Rapidan","Not Reported",441,11,2
07/13/2020,"Rappahannock Rapidan","Other Race",23,2,0
07/13/2020,"Rappahannock Rapidan","Two or more races",13,1,0
07/13/2020,"Rappahannock Rapidan",White,373,33,11
07/13/2020,Richmond,"Asian or Pacific Islander",8,3,1
07/13/2020,Richmond,Black,619,132,23
07/13/2020,Richmond,Latino,959,74,5
07/13/2020,Richmond,"Native American",0,0,0
07/13/2020,Richmond,"Not Reported",524,2,0
07/13/2020,Richmond,"Other Race",98,8,2
07/13/2020,Richmond,"Two or more races",1,0,0
07/13/2020,Richmond,White,223,19,4
07/13/2020,Roanoke,"Asian or Pacific Islander",2,0,0
07/13/2020,Roanoke,Black,44,7,2
07/13/2020,Roanoke,Latino,180,2,0
07/13/2020,Roanoke,"Not Reported",257,1,0
07/13/2020,Roanoke,"Other Race",4,0,0
07/13/2020,Roanoke,"Two or more races",1,0,0
07/13/2020,Roanoke,White,100,5,8
07/13/2020,Southside,"Asian or Pacific Islander",1,0,0
07/13/2020,Southside,Black,132,27,9
07/13/2020,Southside,Latino,2,0,0
07/13/2020,Southside,"Not Reported",214,14,7
07/13/2020,Southside,"Other Race",6,0,1
07/13/2020,Southside,"Two or more races",21,0,0
07/13/2020,Southside,White,111,16,14
07/13/2020,"Thomas Jefferson","Asian or Pacific Islander",22,0,1
07/13/2020,"Thomas Jefferson",Black,199,49,8
07/13/2020,"Thomas Jefferson",Latino,403,18,0
07/13/2020,"Thomas Jefferson","Native American",2,0,0
07/13/2020,"Thomas Jefferson","Not Reported",112,0,0
07/13/2020,"Thomas Jefferson","Other Race",40,3,0
07/13/2020,"Thomas Jefferson","Two or more races",11,0,0
07/13/2020,"Thomas Jefferson",White,447,36,20
07/13/2020,"Three Rivers",Black,224,22,6
07/13/2020,"Three Rivers",Latino,113,3,0
07/13/2020,"Three Rivers","Not Reported",184,3,0
07/13/2020,"Three Rivers","Other Race",7,3,0
07/13/2020,"Three Rivers","Two or more races",3,0,0
07/13/2020,"Three Rivers",White,263,27,7
07/13/2020,"Virginia Beach","Asian or Pacific Islander",73,13,1
07/13/2020,"Virginia Beach",Black,555,37,5
07/13/2020,"Virginia Beach",Latino,178,16,3
07/13/2020,"Virginia Beach","Native American",1,0,0
07/13/2020,"Virginia Beach","Not Reported",400,5,3
07/13/2020,"Virginia Beach","Other Race",21,1,0
07/13/2020,"Virginia Beach","Two or more races",20,2,0
07/13/2020,"Virginia Beach",White,730,66,20
07/13/2020,"West Piedmont","Asian or Pacific Islander",11,1,1
07/13/2020,"West Piedmont",Black,115,30,1
07/13/2020,"West Piedmont",Latino,167,8,0
07/13/2020,"West Piedmont","Native American",0,0,0
07/13/2020,"West Piedmont","Not Reported",121,1,1
07/13/2020,"West Piedmont","Other Race",3,1,1
07/13/2020,"West Piedmont","Two or more races",0,0,0
07/13/2020,"West Piedmont",White,199,16,4
07/13/2020,"Western Tidewater","Asian or Pacific Islander",8,1,0
07/13/2020,"Western Tidewater",Black,426,56,29
07/13/2020,"Western Tidewater",Latino,13,1,0
07/13/2020,"Western Tidewater","Native American",1,0,0
07/13/2020,"Western Tidewater","Not Reported",351,3,2
07/13/2020,"Western Tidewater","Other Race",17,0,1
07/13/2020,"Western Tidewater","Two or more races",2,0,0
07/13/2020,"Western Tidewater",White,242,38,32
07/14/2020,Alexandria,"Asian or Pacific Islander",85,8,1
07/14/2020,Alexandria,Black,374,64,13
07/14/2020,Alexandria,Latino,1344,116,8
07/14/2020,Alexandria,"Native American",2,0,0
07/14/2020,Alexandria,"Not Reported",146,6,0
07/14/2020,Alexandria,"Other Race",43,5,2
07/14/2020,Alexandria,"Two or more races",5,1,0
07/14/2020,Alexandria,White,466,50,33
07/14/2020,Alleghany,"Asian or Pacific Islander",4,0,0
07/14/2020,Alleghany,Black,22,2,1
07/14/2020,Alleghany,Latino,77,5,0
07/14/2020,Alleghany,"Not Reported",304,1,0
07/14/2020,Alleghany,"Other Race",4,0,0
07/14/2020,Alleghany,"Two or more races",2,0,0
07/14/2020,Alleghany,White,255,24,14
07/14/2020,"Alleghany and Roanoke","Native American",0,0,0
07/14/2020,Arlington,"Asian or Pacific Islander",127,22,12
07/14/2020,Arlington,Black,231,68,31
07/14/2020,Arlington,Latino,1280,207,23
07/14/2020,Arlington,"Native American",3,0,0
07/14/2020,Arlington,"Not Reported",181,1,0
07/14/2020,Arlington,"Other Race",57,8,3
07/14/2020,Arlington,"Two or more races",17,2,0
07/14/2020,Arlington,White,764,114,65
07/14/2020,"Central Shenandoah","Asian or Pacific Islander",17,2,0
07/14/2020,"Central Shenandoah",Black,101,9,4
07/14/2020,"Central Shenandoah",Latino,812,49,4
07/14/2020,"Central Shenandoah","Native American",2,1,0
07/14/2020,"Central Shenandoah","Not Reported",202,4,1
07/14/2020,"Central Shenandoah","Other Race",34,1,0
07/14/2020,"Central Shenandoah","Two or more races",10,1,0
07/14/2020,"Central Shenandoah",White,1132,115,36
07/14/2020,"Central Virginia","Asian or Pacific Islander",0,0,0
07/14/2020,"Central Virginia",Black,28,2,1
07/14/2020,"Central Virginia",Latino,25,1,1
07/14/2020,"Central Virginia","Native American",0,0,0
07/14/2020,"Central Virginia","Not Reported",371,4,1
07/14/2020,"Central Virginia","Other Race",1,0,0
07/14/2020,"Central Virginia","Two or more races",0,0,0
07/14/2020,"Central Virginia",White,96,9,3
07/14/2020,Chesapeake,"Asian or Pacific Islander",26,5,2
07/14/2020,Chesapeake,Black,522,82,7
07/14/2020,Chesapeake,Latino,143,15,2
07/14/2020,Chesapeake,"Native American",8,0,0
07/14/2020,Chesapeake,"Not Reported",269,2,0
07/14/2020,Chesapeake,"Other Race",17,1,0
07/14/2020,Chesapeake,"Two or more races",10,1,0
07/14/2020,Chesapeake,White,384,53,12
07/14/2020,Chesterfield,"Asian or Pacific Islander",32,2,0
07/14/2020,Chesterfield,Black,450,62,21
07/14/2020,Chesterfield,Latino,726,39,3
07/14/2020,Chesterfield,"Native American",3,0,0
07/14/2020,Chesterfield,"Not Reported",1583,3,10
07/14/2020,Chesterfield,"Other Race",179,6,0
07/14/2020,Chesterfield,"Two or more races",8,1,0
07/14/2020,Chesterfield,White,555,63,52
07/14/2020,Chickahominy,"Asian or Pacific Islander",5,1,0
07/14/2020,Chickahominy,Black,127,34,10
07/14/2020,Chickahominy,Latino,50,3,0
07/14/2020,Chickahominy,"Native American",1,1,0
07/14/2020,Chickahominy,"Not Reported",203,2,1
07/14/2020,Chickahominy,"Other Race",9,2,0
07/14/2020,Chickahominy,"Two or more races",1,1,0
07/14/2020,Chickahominy,White,338,71,30
07/14/2020,Crater,"Asian or Pacific Islander",5,0,0
07/14/2020,Crater,Black,811,122,29
07/14/2020,Crater,Latino,136,5,2
07/14/2020,Crater,"Native American",3,0,0
07/14/2020,Crater,"Not Reported",421,9,8
07/14/2020,Crater,"Other Race",16,0,0
07/14/2020,Crater,"Two or more races",2,0,0
07/14/2020,Crater,White,344,34,10
07/14/2020,"Cumberland Plateau",Black,13,0,0
07/14/2020,"Cumberland Plateau",Latino,0,0,0
07/14/2020,"Cumberland Plateau","Not Reported",4,0,0
07/14/2020,"Cumberland Plateau","Other Race",0,0,0
07/14/2020,"Cumberland Plateau","Two or more races",2,0,0
07/14/2020,"Cumberland Plateau",White,91,6,0
07/14/2020,"Cumberland Plateau and Lenowisco","Asian or Pacific Islander",1,0,0
07/14/2020,"Cumberland Plateau, Lenowisco, and Mount Rogers","Native American",0,0,0
07/14/2020,"Eastern Shore",Black,795,89,25
07/14/2020,"Eastern Shore",Latino,246,7,3
07/14/2020,"Eastern Shore","Not Reported",84,0,0
07/14/2020,"Eastern Shore","Other Race",13,1,0
07/14/2020,"Eastern Shore","Two or more races",1,1,0
07/14/2020,"Eastern Shore",White,176,15,14
07/14/2020,"Eastern Shore and Three Rivers","Asian or Pacific Islander",8,1,0
07/14/2020,"Eastern Shore and Three Rivers","Native American",2,0,0
07/14/2020,Fairfax,"Asian or Pacific Islander",1162,212,69
07/14/2020,Fairfax,Black,872,178,50
07/14/2020,Fairfax,Latino,7666,812,71
07/14/2020,Fairfax,"Native American",24,1,1
07/14/2020,Fairfax,"Not Reported",2183,72,45
07/14/2020,Fairfax,"Other Race",524,62,11
07/14/2020,Fairfax,"Two or more races",30,4,0
07/14/2020,Fairfax,White,2240,398,267
07/14/2020,Hampton,"Asian or Pacific Islander",5,0,0
07/14/2020,Hampton,Black,233,28,4
07/14/2020,Hampton,Latino,38,4,0
07/14/2020,Hampton,"Native American",0,0,0
07/14/2020,Hampton,"Not Reported",215,0,0
07/14/2020,Hampton,"Other Race",5,2,0
07/14/2020,Hampton,"Two or more races",4,0,0
07/14/2020,Hampton,White,68,8,0
07/14/2020,Henrico,"Asian or Pacific Islander",122,8,3
07/14/2020,Henrico,Black,816,129,75
07/14/2020,Henrico,Latino,603,43,6
07/14/2020,Henrico,"Native American",7,0,0
07/14/2020,Henrico,"Not Reported",626,2,3
07/14/2020,Henrico,"Other Race",70,9,0
07/14/2020,Henrico,"Two or more races",8,0,0
07/14/2020,Henrico,White,673,79,86
07/14/2020,Lenowisco,Black,1,0,0
07/14/2020,Lenowisco,Latino,1,0,0
07/14/2020,Lenowisco,"Not Reported",12,1,1
07/14/2020,Lenowisco,"Other Race",1,0,0
07/14/2020,Lenowisco,"Two or more races",0,0,0
07/14/2020,Lenowisco,White,74,17,3
07/14/2020,"Lord Fairfax","Asian or Pacific Islander",7,0,0
07/14/2020,"Lord Fairfax",Black,81,8,6
07/14/2020,"Lord Fairfax",Latino,590,37,8
07/14/2020,"Lord Fairfax","Native American",2,1,1
07/14/2020,"Lord Fairfax","Not Reported",276,3,5
07/14/2020,"Lord Fairfax","Other Race",56,6,1
07/14/2020,"Lord Fairfax","Two or more races",11,0,0
07/14/2020,"Lord Fairfax",White,1186,136,54
07/14/2020,Loudoun,"Asian or Pacific Islander",187,38,8
07/14/2020,Loudoun,Black,148,20,3
07/14/2020,Loudoun,Latino,1140,134,10
07/14/2020,Loudoun,"Native American",1,0,0
07/14/2020,Loudoun,"Not Reported",2031,1,2
07/14/2020,Loudoun,"Other Race",113,8,1
07/14/2020,Loudoun,"Two or more races",26,0,0
07/14/2020,Loudoun,White,812,95,75
07/14/2020,"Mount Rogers","Asian or Pacific Islander",2,1,0
07/14/2020,"Mount Rogers",Black,29,5,2
07/14/2020,"Mount Rogers",Latino,205,1,0
07/14/2020,"Mount Rogers","Not Reported",49,2,1
07/14/2020,"Mount Rogers","Other Race",3,0,0
07/14/2020,"Mount Rogers","Two or more races",4,0,0
07/14/2020,"Mount Rogers",White,556,73,33
07/14/2020,"New River","Asian or Pacific Islander",6,0,0
07/14/2020,"New River",Black,21,3,0
07/14/2020,"New River",Latino,23,2,0
07/14/2020,"New River","Native American",0,0,0
07/14/2020,"New River","Not Reported",47,0,0
07/14/2020,"New River","Other Race",2,0,0
07/14/2020,"New River","Two or more races",0,0,0
07/14/2020,"New River",White,216,18,6
07/14/2020,Norfolk,"Asian or Pacific Islander",19,1,0
07/14/2020,Norfolk,Black,798,87,10
07/14/2020,Norfolk,Latino,193,18,0
07/14/2020,Norfolk,"Native American",3,0,0
07/14/2020,Norfolk,"Not Reported",389,0,0
07/14/2020,Norfolk,"Other Race",21,1,0
07/14/2020,Norfolk,"Two or more races",1,0,0
07/14/2020,Norfolk,White,182,25,6
07/14/2020,Peninsula,"Asian or Pacific Islander",11,3,1
07/14/2020,Peninsula,Black,350,36,10
07/14/2020,Peninsula,Latino,198,13,0
07/14/2020,Peninsula,"Native American",2,0,0
07/14/2020,Peninsula,"Not Reported",544,1,0
07/14/2020,Peninsula,"Other Race",36,1,0
07/14/2020,Peninsula,"Two or more races",9,2,0
07/14/2020,Peninsula,White,368,75,24
07/14/2020,Piedmont,"Asian or Pacific Islander",4,0,0
07/14/2020,Piedmont,Black,373,50,6
07/14/2020,Piedmont,Latino,61,6,1
07/14/2020,Piedmont,"Native American",1,0,0
07/14/2020,Piedmont,"Not Reported",354,13,2
07/14/2020,Piedmont,"Other Race",6,0,0
07/14/2020,Piedmont,"Two or more races",4,2,0
07/14/2020,Piedmont,White,330,38,9
07/14/2020,Pittsylvania-Danville,"Asian or Pacific Islander",0,0,0
07/14/2020,Pittsylvania-Danville,Black,113,20,1
07/14/2020,Pittsylvania-Danville,Latino,36,2,0
07/14/2020,Pittsylvania-Danville,"Not Reported",59,5,0
07/14/2020,Pittsylvania-Danville,"Other Race",0,0,0
07/14/2020,Pittsylvania-Danville,"Two or more races",0,0,0
07/14/2020,Pittsylvania-Danville,White,105,19,3
07/14/2020,"Pittsylvania-Danville and Southside","Native American",0,0,0
07/14/2020,Portsmouth,"Asian or Pacific Islander",3,2,0
07/14/2020,Portsmouth,Black,382,60,13
07/14/2020,Portsmouth,Latino,44,9,1
07/14/2020,Portsmouth,"Native American",2,0,0
07/14/2020,Portsmouth,"Not Reported",230,2,0
07/14/2020,Portsmouth,"Other Race",13,2,1
07/14/2020,Portsmouth,"Two or more races",2,1,0
07/14/2020,Portsmouth,White,85,12,4
07/14/2020,"Prince William","Asian or Pacific Islander",284,43,13
07/14/2020,"Prince William",Black,704,124,38
07/14/2020,"Prince William",Latino,4361,533,54
07/14/2020,"Prince William","Native American",12,1,0
07/14/2020,"Prince William","Not Reported",3306,19,0
07/14/2020,"Prince William","Other Race",222,10,0
07/14/2020,"Prince William","Two or more races",11,1,0
07/14/2020,"Prince William",White,945,133,77
07/14/2020,Rappahannock,"Asian or Pacific Islander",44,8,1
07/14/2020,Rappahannock,Black,313,48,9
07/14/2020,Rappahannock,Latino,920,95,6
07/14/2020,Rappahannock,"Native American",3,0,0
07/14/2020,Rappahannock,"Not Reported",765,24,0
07/14/2020,Rappahannock,"Other Race",51,4,0
07/14/2020,Rappahannock,"Two or more races",12,1,0
07/14/2020,Rappahannock,White,591,70,30
07/14/2020,"Rappahannock Rapidan","Asian or Pacific Islander",5,1,0
07/14/2020,"Rappahannock Rapidan",Black,84,18,6
07/14/2020,"Rappahannock Rapidan",Latino,659,57,6
07/14/2020,"Rappahannock Rapidan","Native American",0,0,0
07/14/2020,"Rappahannock Rapidan","Not Reported",441,11,2
07/14/2020,"Rappahannock Rapidan","Other Race",23,2,0
07/14/2020,"Rappahannock Rapidan","Two or more races",13,1,0
07/14/2020,"Rappahannock Rapidan",White,381,33,11
07/14/2020,Richmond,"Asian or Pacific Islander",8,3,1
07/14/2020,Richmond,Black,620,132,23
07/14/2020,Richmond,Latino,965,74,5
07/14/2020,Richmond,"Native American",0,0,0
07/14/2020,Richmond,"Not Reported",541,2,0
07/14/2020,Richmond,"Other Race",97,8,2
07/14/2020,Richmond,"Two or more races",1,0,0
07/14/2020,Richmond,White,225,21,5
07/14/2020,Roanoke,"Asian or Pacific Islander",2,0,0
07/14/2020,Roanoke,Black,44,7,2
07/14/2020,Roanoke,Latino,187,2,0
07/14/2020,Roanoke,"Not Reported",274,1,0
07/14/2020,Roanoke,"Other Race",3,0,0
07/14/2020,Roanoke,"Two or more races",1,0,0
07/14/2020,Roanoke,White,100,5,8
07/14/2020,Southside,"Asian or Pacific Islander",1,0,0
07/14/2020,Southside,Black,134,27,9
07/14/2020,Southside,Latino,2,0,0
07/14/2020,Southside,"Not Reported",220,14,7
07/14/2020,Southside,"Other Race",6,0,1
07/14/2020,Southside,"Two or more races",21,0,0
07/14/2020,Southside,White,111,16,14
07/14/2020,"Thomas Jefferson","Asian or Pacific Islander",22,0,1
07/14/2020,"Thomas Jefferson",Black,202,48,8
07/14/2020,"Thomas Jefferson",Latino,402,18,0
07/14/2020,"Thomas Jefferson","Native American",2,0,0
07/14/2020,"Thomas Jefferson","Not Reported",112,0,0
07/14/2020,"Thomas Jefferson","Other Race",58,3,0
07/14/2020,"Thomas Jefferson","Two or more races",14,0,0
07/14/2020,"Thomas Jefferson",White,465,36,20
07/14/2020,"Three Rivers",Black,224,20,6
07/14/2020,"Three Rivers",Latino,135,4,0
07/14/2020,"Three Rivers","Not Reported",175,3,0
07/14/2020,"Three Rivers","Other Race",7,3,0
07/14/2020,"Three Rivers","Two or more races",3,0,0
07/14/2020,"Three Rivers",White,266,26,6
07/14/2020,"Virginia Beach","Asian or Pacific Islander",73,13,1
07/14/2020,"Virginia Beach",Black,553,37,5
07/14/2020,"Virginia Beach",Latino,178,16,3
07/14/2020,"Virginia Beach","Native American",1,0,0
07/14/2020,"Virginia Beach","Not Reported",416,5,3
07/14/2020,"Virginia Beach","Other Race",21,1,0
07/14/2020,"Virginia Beach","Two or more races",19,2,0
07/14/2020,"Virginia Beach",White,732,66,20
07/14/2020,"West Piedmont","Asian or Pacific Islander",11,1,1
07/14/2020,"West Piedmont",Black,118,30,1
07/14/2020,"West Piedmont",Latino,169,8,0
07/14/2020,"West Piedmont","Native American",0,0,0
07/14/2020,"West Piedmont","Not Reported",139,1,1
07/14/2020,"West Piedmont","Other Race",4,1,1
07/14/2020,"West Piedmont","Two or more races",0,0,0
07/14/2020,"West Piedmont",White,205,18,4
07/14/2020,"Western Tidewater","Asian or Pacific Islander",8,1,0
07/14/2020,"Western Tidewater",Black,454,56,30
07/14/2020,"Western Tidewater",Latino,13,1,0
07/14/2020,"Western Tidewater","Native American",1,0,0
07/14/2020,"Western Tidewater","Not Reported",372,3,2
07/14/2020,"Western Tidewater","Other Race",20,0,1
07/14/2020,"Western Tidewater","Two or more races",2,0,0
07/14/2020,"Western Tidewater",White,243,38,32
07/15/2020,Alexandria,"Asian or Pacific Islander",85,8,1
07/15/2020,Alexandria,Black,381,65,13
07/15/2020,Alexandria,Latino,1356,118,8
07/15/2020,Alexandria,"Native American",2,0,0
07/15/2020,Alexandria,"Not Reported",147,6,0
07/15/2020,Alexandria,"Other Race",44,5,2
07/15/2020,Alexandria,"Two or more races",5,1,0
07/15/2020,Alexandria,White,466,50,33
07/15/2020,Alleghany,"Asian or Pacific Islander",4,0,0
07/15/2020,Alleghany,Black,22,2,1
07/15/2020,Alleghany,Latino,77,5,0
07/15/2020,Alleghany,"Not Reported",302,1,0
07/15/2020,Alleghany,"Other Race",4,0,0
07/15/2020,Alleghany,"Two or more races",2,0,0
07/15/2020,Alleghany,White,259,24,14
07/15/2020,"Alleghany and Roanoke","Native American",0,0,0
07/15/2020,Arlington,"Asian or Pacific Islander",127,22,12
07/15/2020,Arlington,Black,235,68,31
07/15/2020,Arlington,Latino,1286,207,23
07/15/2020,Arlington,"Native American",3,0,0
07/15/2020,Arlington,"Not Reported",178,1,0
07/15/2020,Arlington,"Other Race",57,8,3
07/15/2020,Arlington,"Two or more races",18,2,0
07/15/2020,Arlington,White,773,114,65
07/15/2020,"Central Shenandoah","Asian or Pacific Islander",17,2,0
07/15/2020,"Central Shenandoah",Black,102,9,4
07/15/2020,"Central Shenandoah",Latino,815,49,4
07/15/2020,"Central Shenandoah","Native American",3,1,0
07/15/2020,"Central Shenandoah","Not Reported",211,4,1
07/15/2020,"Central Shenandoah","Other Race",34,1,0
07/15/2020,"Central Shenandoah","Two or more races",10,1,0
07/15/2020,"Central Shenandoah",White,1151,117,37
07/15/2020,"Central Virginia","Asian or Pacific Islander",0,0,0
07/15/2020,"Central Virginia",Black,28,2,1
07/15/2020,"Central Virginia",Latino,25,1,1
07/15/2020,"Central Virginia","Native American",0,0,0
07/15/2020,"Central Virginia","Not Reported",383,4,1
07/15/2020,"Central Virginia","Other Race",1,0,0
07/15/2020,"Central Virginia","Two or more races",0,0,0
07/15/2020,"Central Virginia",White,98,9,3
07/15/2020,Chesapeake,"Asian or Pacific Islander",26,5,2
07/15/2020,Chesapeake,Black,544,83,7
07/15/2020,Chesapeake,Latino,147,15,2
07/15/2020,Chesapeake,"Native American",8,0,0
07/15/2020,Chesapeake,"Not Reported",297,2,0
07/15/2020,Chesapeake,"Other Race",18,1,0
07/15/2020,Chesapeake,"Two or more races",10,1,0
07/15/2020,Chesapeake,White,391,53,12
07/15/2020,Chesterfield,"Asian or Pacific Islander",32,2,0
07/15/2020,Chesterfield,Black,460,62,21
07/15/2020,Chesterfield,Latino,735,39,3
07/15/2020,Chesterfield,"Native American",3,0,0
07/15/2020,Chesterfield,"Not Reported",1605,3,10
07/15/2020,Chesterfield,"Other Race",181,6,0
07/15/2020,Chesterfield,"Two or more races",8,1,0
07/15/2020,Chesterfield,White,563,64,52
07/15/2020,Chickahominy,"Asian or Pacific Islander",5,1,0
07/15/2020,Chickahominy,Black,132,34,10
07/15/2020,Chickahominy,Latino,51,3,0
07/15/2020,Chickahominy,"Native American",1,1,0
07/15/2020,Chickahominy,"Not Reported",203,2,1
07/15/2020,Chickahominy,"Other Race",9,2,0
07/15/2020,Chickahominy,"Two or more races",1,1,0
07/15/2020,Chickahominy,White,342,70,29
07/15/2020,Crater,"Asian or Pacific Islander",5,0,0
07/15/2020,Crater,Black,833,125,30
07/15/2020,Crater,Latino,142,5,2
07/15/2020,Crater,"Native American",3,0,0
07/15/2020,Crater,"Not Reported",420,10,8
07/15/2020,Crater,"Other Race",15,0,0
07/15/2020,Crater,"Two or more races",2,0,0
07/15/2020,Crater,White,348,35,10
07/15/2020,"Cumberland Plateau",Black,13,0,0
07/15/2020,"Cumberland Plateau",Latino,0,0,0
07/15/2020,"Cumberland Plateau","Not Reported",4,0,0
07/15/2020,"Cumberland Plateau","Other Race",0,0,0
07/15/2020,"Cumberland Plateau","Two or more races",2,0,0
07/15/2020,"Cumberland Plateau",White,95,6,0
07/15/2020,"Cumberland Plateau and Lenowisco","Asian or Pacific Islander",1,0,0
07/15/2020,"Cumberland Plateau, Lenowisco, and Mount Rogers","Native American",0,0,0
07/15/2020,"Eastern Shore",Black,795,89,25
07/15/2020,"Eastern Shore",Latino,246,7,3
07/15/2020,"Eastern Shore","Not Reported",85,0,0
07/15/2020,"Eastern Shore","Other Race",13,1,0
07/15/2020,"Eastern Shore","Two or more races",1,1,0
07/15/2020,"Eastern Shore",White,176,15,14
07/15/2020,"Eastern Shore and Three Rivers","Asian or Pacific Islander",8,1,0
07/15/2020,"Eastern Shore and Three Rivers","Native American",2,0,0
07/15/2020,Fairfax,"Asian or Pacific Islander",1163,215,69
07/15/2020,Fairfax,Black,888,185,51
07/15/2020,Fairfax,Latino,7722,830,71
07/15/2020,Fairfax,"Native American",23,1,1
07/15/2020,Fairfax,"Not Reported",2156,71,45
07/15/2020,Fairfax,"Other Race",527,64,11
07/15/2020,Fairfax,"Two or more races",31,4,0
07/15/2020,Fairfax,White,2271,399,268
07/15/2020,Hampton,"Asian or Pacific Islander",5,0,0
07/15/2020,Hampton,Black,237,28,4
07/15/2020,Hampton,Latino,38,4,0
07/15/2020,Hampton,"Native American",0,0,0
07/15/2020,Hampton,"Not Reported",232,0,0
07/15/2020,Hampton,"Other Race",5,2,0
07/15/2020,Hampton,"Two or more races",4,0,0
07/15/2020,Hampton,White,71,8,0
07/15/2020,Henrico,"Asian or Pacific Islander",122,8,3
07/15/2020,Henrico,Black,825,131,76
07/15/2020,Henrico,Latino,609,43,6
07/15/2020,Henrico,"Native American",7,0,0
07/15/2020,Henrico,"Not Reported",626,2,3
07/15/2020,Henrico,"Other Race",70,9,0
07/15/2020,Henrico,"Two or more races",8,0,0
07/15/2020,Henrico,White,680,80,87
07/15/2020,Lenowisco,Black,1,0,0
07/15/2020,Lenowisco,Latino,1,0,0
07/15/2020,Lenowisco,"Not Reported",12,1,1
07/15/2020,Lenowisco,"Other Race",1,0,0
07/15/2020,Lenowisco,"Two or more races",0,0,0
07/15/2020,Lenowisco,White,80,18,3
07/15/2020,"Lord Fairfax","Asian or Pacific Islander",7,0,0
07/15/2020,"Lord Fairfax",Black,81,8,6
07/15/2020,"Lord Fairfax",Latino,597,37,8
07/15/2020,"Lord Fairfax","Native American",2,1,1
07/15/2020,"Lord Fairfax","Not Reported",277,4,5
07/15/2020,"Lord Fairfax","Other Race",58,6,1
07/15/2020,"Lord Fairfax","Two or more races",11,0,0
07/15/2020,"Lord Fairfax",White,1200,138,56
07/15/2020,Loudoun,"Asian or Pacific Islander",193,40,9
07/15/2020,Loudoun,Black,153,20,3
07/15/2020,Loudoun,Latino,1161,136,11
07/15/2020,Loudoun,"Native American",1,0,0
07/15/2020,Loudoun,"Not Reported",2014,1,2
07/15/2020,Loudoun,"Other Race",113,8,1
07/15/2020,Loudoun,"Two or more races",27,0,0
07/15/2020,Loudoun,White,857,96,75
07/15/2020,"Mount Rogers","Asian or Pacific Islander",2,1,0
07/15/2020,"Mount Rogers",Black,29,5,2
07/15/2020,"Mount Rogers",Latino,206,1,0
07/15/2020,"Mount Rogers","Not Reported",51,2,1
07/15/2020,"Mount Rogers","Other Race",3,0,0
07/15/2020,"Mount Rogers","Two or more races",4,0,0
07/15/2020,"Mount Rogers",White,570,74,33
07/15/2020,"New River","Asian or Pacific Islander",6,0,0
07/15/2020,"New River",Black,21,3,0
07/15/2020,"New River",Latino,23,2,0
07/15/2020,"New River","Native American",0,0,0
07/15/2020,"New River","Not Reported",48,0,0
07/15/2020,"New River","Other Race",2,0,0
07/15/2020,"New River","Two or more races",0,0,0
07/15/2020,"New River",White,217,18,6
07/15/2020,Norfolk,"Asian or Pacific Islander",19,1,0
07/15/2020,Norfolk,Black,845,87,12
07/15/2020,Norfolk,Latino,196,18,0
07/15/2020,Norfolk,"Native American",3,0,0
07/15/2020,Norfolk,"Not Reported",462,0,0
07/15/2020,Norfolk,"Other Race",23,1,0
07/15/2020,Norfolk,"Two or more races",3,0,0
07/15/2020,Norfolk,White,191,26,6
07/15/2020,Peninsula,"Asian or Pacific Islander",11,3,1
07/15/2020,Peninsula,Black,357,38,10
07/15/2020,Peninsula,Latino,208,14,0
07/15/2020,Peninsula,"Native American",2,0,0
07/15/2020,Peninsula,"Not Reported",582,1,0
07/15/2020,Peninsula,"Other Race",36,1,0
07/15/2020,Peninsula,"Two or more races",9,2,0
07/15/2020,Peninsula,White,373,75,24
07/15/2020,Piedmont,"Asian or Pacific Islander",4,0,0
07/15/2020,Piedmont,Black,374,51,6
07/15/2020,Piedmont,Latino,61,6,1
07/15/2020,Piedmont,"Native American",1,0,0
07/15/2020,Piedmont,"Not Reported",364,13,2
07/15/2020,Piedmont,"Other Race",6,0,0
07/15/2020,Piedmont,"Two or more races",4,2,0
07/15/2020,Piedmont,White,332,38,9
07/15/2020,Pittsylvania-Danville,"Asian or Pacific Islander",0,0,0
07/15/2020,Pittsylvania-Danville,Black,125,20,1
07/15/2020,Pittsylvania-Danville,Latino,36,2,0
07/15/2020,Pittsylvania-Danville,"Not Reported",68,5,0
07/15/2020,Pittsylvania-Danville,"Other Race",0,0,0
07/15/2020,Pittsylvania-Danville,"Two or more races",0,0,0
07/15/2020,Pittsylvania-Danville,White,106,19,3
07/15/2020,"Pittsylvania-Danville and Southside","Native American",0,0,0
07/15/2020,Portsmouth,"Asian or Pacific Islander",3,2,0
07/15/2020,Portsmouth,Black,399,60,13
07/15/2020,Portsmouth,Latino,43,9,1
07/15/2020,Portsmouth,"Native American",2,0,0
07/15/2020,Portsmouth,"Not Reported",241,3,0
07/15/2020,Portsmouth,"Other Race",13,2,1
07/15/2020,Portsmouth,"Two or more races",2,1,0
07/15/2020,Portsmouth,White,91,12,4
07/15/2020,"Prince William","Asian or Pacific Islander",288,43,13
07/15/2020,"Prince William",Black,718,126,39
07/15/2020,"Prince William",Latino,4391,536,56
07/15/2020,"Prince William","Native American",14,1,0
07/15/2020,"Prince William","Not Reported",3299,19,0
07/15/2020,"Prince William","Other Race",223,10,0
07/15/2020,"Prince William","Two or more races",11,1,0
07/15/2020,"Prince William",White,963,133,77
07/15/2020,Rappahannock,"Asian or Pacific Islander",45,8,1
07/15/2020,Rappahannock,Black,317,49,9
07/15/2020,Rappahannock,Latino,926,96,6
07/15/2020,Rappahannock,"Native American",3,0,0
07/15/2020,Rappahannock,"Not Reported",768,24,0
07/15/2020,Rappahannock,"Other Race",49,4,0
07/15/2020,Rappahannock,"Two or more races",12,1,0
07/15/2020,Rappahannock,White,599,70,30
07/15/2020,"Rappahannock Rapidan","Asian or Pacific Islander",5,1,0
07/15/2020,"Rappahannock Rapidan",Black,85,18,6
07/15/2020,"Rappahannock Rapidan",Latino,660,57,6
07/15/2020,"Rappahannock Rapidan","Native American",0,0,0
07/15/2020,"Rappahannock Rapidan","Not Reported",443,11,2
07/15/2020,"Rappahannock Rapidan","Other Race",24,2,0
07/15/2020,"Rappahannock Rapidan","Two or more races",13,1,0
07/15/2020,"Rappahannock Rapidan",White,388,33,11
07/15/2020,Richmond,"Asian or Pacific Islander",8,3,1
07/15/2020,Richmond,Black,624,132,23
07/15/2020,Richmond,Latino,979,79,5
07/15/2020,Richmond,"Native American",0,0,0
07/15/2020,Richmond,"Not Reported",537,2,0
07/15/2020,Richmond,"Other Race",94,8,2
07/15/2020,Richmond,"Two or more races",1,0,0
07/15/2020,Richmond,White,230,21,5
07/15/2020,Roanoke,"Asian or Pacific Islander",2,0,0
07/15/2020,Roanoke,Black,44,7,2
07/15/2020,Roanoke,Latino,187,2,0
07/15/2020,Roanoke,"Not Reported",275,1,0
07/15/2020,Roanoke,"Other Race",3,0,0
07/15/2020,Roanoke,"Two or more races",1,0,0
07/15/2020,Roanoke,White,100,5,8
07/15/2020,Southside,"Asian or Pacific Islander",1,0,0
07/15/2020,Southside,Black,136,28,9
07/15/2020,Southside,Latino,2,0,0
07/15/2020,Southside,"Not Reported",221,14,7
07/15/2020,Southside,"Other Race",6,0,1
07/15/2020,Southside,"Two or more races",22,0,0
07/15/2020,Southside,White,111,16,14
07/15/2020,"Thomas Jefferson","Asian or Pacific Islander",23,0,1
07/15/2020,"Thomas Jefferson",Black,215,51,8
07/15/2020,"Thomas Jefferson",Latino,407,18,0
07/15/2020,"Thomas Jefferson","Native American",2,0,0
07/15/2020,"Thomas Jefferson","Not Reported",113,0,0
07/15/2020,"Thomas Jefferson","Other Race",44,3,0
07/15/2020,"Thomas Jefferson","Two or more races",10,0,0
07/15/2020,"Thomas Jefferson",White,484,37,20
07/15/2020,"Three Rivers",Black,227,20,5
07/15/2020,"Three Rivers",Latino,135,4,0
07/15/2020,"Three Rivers","Not Reported",174,3,0
07/15/2020,"Three Rivers","Other Race",7,3,0
07/15/2020,"Three Rivers","Two or more races",3,0,0
07/15/2020,"Three Rivers",White,272,27,6
07/15/2020,"Virginia Beach","Asian or Pacific Islander",75,13,1
07/15/2020,"Virginia Beach",Black,577,37,6
07/15/2020,"Virginia Beach",Latino,182,16,3
07/15/2020,"Virginia Beach","Native American",1,0,0
07/15/2020,"Virginia Beach","Not Reported",489,5,3
07/15/2020,"Virginia Beach","Other Race",22,1,0
07/15/2020,"Virginia Beach","Two or more races",19,2,0
07/15/2020,"Virginia Beach",White,772,68,21
07/15/2020,"West Piedmont","Asian or Pacific Islander",11,1,1
07/15/2020,"West Piedmont",Black,124,33,1
07/15/2020,"West Piedmont",Latino,169,8,0
07/15/2020,"West Piedmont","Native American",0,0,0
07/15/2020,"West Piedmont","Not Reported",156,2,1
07/15/2020,"West Piedmont","Other Race",4,1,1
07/15/2020,"West Piedmont","Two or more races",0,0,0
07/15/2020,"West Piedmont",White,207,19,4
07/15/2020,"Western Tidewater","Asian or Pacific Islander",8,1,0
07/15/2020,"Western Tidewater",Black,464,58,30
07/15/2020,"Western Tidewater",Latino,13,1,0
07/15/2020,"Western Tidewater","Native American",1,0,0
07/15/2020,"Western Tidewater","Not Reported",383,3,2
07/15/2020,"Western Tidewater","Other Race",22,0,1
07/15/2020,"Western Tidewater","Two or more races",2,0,0
07/15/2020,"Western Tidewater",White,246,39,32
07/16/2020,Alexandria,"Asian or Pacific Islander",85,8,1
07/16/2020,Alexandria,Black,386,65,12
07/16/2020,Alexandria,Latino,1366,118,8
07/16/2020,Alexandria,"Native American",2,0,0
07/16/2020,Alexandria,"Not Reported",148,6,0
07/16/2020,Alexandria,"Other Race",43,5,2
07/16/2020,Alexandria,"Two or more races",5,1,0
07/16/2020,Alexandria,White,472,50,33
07/16/2020,Alleghany,"Asian or Pacific Islander",4,0,0
07/16/2020,Alleghany,Black,23,2,1
07/16/2020,Alleghany,Latino,80,6,0
07/16/2020,Alleghany,"Not Reported",309,1,0
07/16/2020,Alleghany,"Other Race",4,0,0
07/16/2020,Alleghany,"Two or more races",2,0,0
07/16/2020,Alleghany,White,267,28,14
07/16/2020,"Alleghany and Roanoke","Native American",0,0,0
07/16/2020,Arlington,"Asian or Pacific Islander",127,22,12
07/16/2020,Arlington,Black,236,69,31
07/16/2020,Arlington,Latino,1289,208,23
07/16/2020,Arlington,"Native American",3,0,0
07/16/2020,Arlington,"Not Reported",183,1,0
07/16/2020,Arlington,"Other Race",57,8,3
07/16/2020,Arlington,"Two or more races",18,2,0
07/16/2020,Arlington,White,778,116,65
07/16/2020,"Central Shenandoah","Asian or Pacific Islander",17,2,0
07/16/2020,"Central Shenandoah",Black,103,9,4
07/16/2020,"Central Shenandoah",Latino,821,50,4
07/16/2020,"Central Shenandoah","Native American",3,1,0
07/16/2020,"Central Shenandoah","Not Reported",203,3,1
07/16/2020,"Central Shenandoah","Other Race",34,1,0
07/16/2020,"Central Shenandoah","Two or more races",10,1,0
07/16/2020,"Central Shenandoah",White,1167,122,37
07/16/2020,"Central Virginia","Asian or Pacific Islander",0,0,0
07/16/2020,"Central Virginia",Black,29,3,1
07/16/2020,"Central Virginia",Latino,25,1,1
07/16/2020,"Central Virginia","Native American",0,0,0
07/16/2020,"Central Virginia","Not Reported",388,4,1
07/16/2020,"Central Virginia","Other Race",1,0,0
07/16/2020,"Central Virginia","Two or more races",0,0,0
07/16/2020,"Central Virginia",White,99,9,3
07/16/2020,Chesapeake,"Asian or Pacific Islander",27,5,2
07/16/2020,Chesapeake,Black,574,84,7
07/16/2020,Chesapeake,Latino,152,15,2
07/16/2020,Chesapeake,"Native American",8,0,0
07/16/2020,Chesapeake,"Not Reported",310,3,0
07/16/2020,Chesapeake,"Other Race",18,1,0
07/16/2020,Chesapeake,"Two or more races",9,0,0
07/16/2020,Chesapeake,White,411,53,13
07/16/2020,Chesterfield,"Asian or Pacific Islander",33,2,0
07/16/2020,Chesterfield,Black,468,68,21
07/16/2020,Chesterfield,Latino,757,43,3
07/16/2020,Chesterfield,"Native American",3,0,0
07/16/2020,Chesterfield,"Not Reported",1595,3,10
07/16/2020,Chesterfield,"Other Race",177,6,0
07/16/2020,Chesterfield,"Two or more races",8,1,0
07/16/2020,Chesterfield,White,581,71,53
07/16/2020,Chickahominy,"Asian or Pacific Islander",5,1,0
07/16/2020,Chickahominy,Black,132,34,10
07/16/2020,Chickahominy,Latino,51,3,0
07/16/2020,Chickahominy,"Native American",1,1,0
07/16/2020,Chickahominy,"Not Reported",208,2,1
07/16/2020,Chickahominy,"Other Race",9,2,0
07/16/2020,Chickahominy,"Two or more races",1,1,0
07/16/2020,Chickahominy,White,350,70,29
07/16/2020,Crater,"Asian or Pacific Islander",5,0,0
07/16/2020,Crater,Black,851,130,30
07/16/2020,Crater,Latino,143,5,2
07/16/2020,Crater,"Native American",3,0,0
07/16/2020,Crater,"Not Reported",421,10,8
07/16/2020,Crater,"Other Race",15,0,0
07/16/2020,Crater,"Two or more races",2,0,0
07/16/2020,Crater,White,350,36,10
07/16/2020,"Cumberland Plateau",Black,13,0,0
07/16/2020,"Cumberland Plateau",Latino,0,0,0
07/16/2020,"Cumberland Plateau","Not Reported",6,0,0
07/16/2020,"Cumberland Plateau","Other Race",0,0,0
07/16/2020,"Cumberland Plateau","Two or more races",2,0,0
07/16/2020,"Cumberland Plateau",White,99,6,0
07/16/2020,"Cumberland Plateau and Lenowisco","Asian or Pacific Islander",1,0,0
07/16/2020,"Cumberland Plateau, Lenowisco, and Mount Rogers","Native American",0,0,0
07/16/2020,"Eastern Shore",Black,796,90,25
07/16/2020,"Eastern Shore",Latino,246,7,3
07/16/2020,"Eastern Shore","Not Reported",85,0,0
07/16/2020,"Eastern Shore","Other Race",13,1,0
07/16/2020,"Eastern Shore","Two or more races",1,1,0
07/16/2020,"Eastern Shore",White,176,15,14
07/16/2020,"Eastern Shore and Three Rivers","Asian or Pacific Islander",8,1,0
07/16/2020,"Eastern Shore and Three Rivers","Native American",1,0,0
07/16/2020,Fairfax,"Asian or Pacific Islander",1169,216,70
07/16/2020,Fairfax,Black,892,185,52
07/16/2020,Fairfax,Latino,7752,838,72
07/16/2020,Fairfax,"Native American",23,1,1
07/16/2020,Fairfax,"Not Reported",2127,72,45
07/16/2020,Fairfax,"Other Race",528,63,13
07/16/2020,Fairfax,"Two or more races",31,4,0
07/16/2020,Fairfax,White,2293,404,270
07/16/2020,Hampton,"Asian or Pacific Islander",5,0,0
07/16/2020,Hampton,Black,241,28,4
07/16/2020,Hampton,Latino,38,4,0
07/16/2020,Hampton,"Native American",0,0,0
07/16/2020,Hampton,"Not Reported",241,0,0
07/16/2020,Hampton,"Other Race",5,2,0
07/16/2020,Hampton,"Two or more races",4,0,0
07/16/2020,Hampton,White,73,8,0
07/16/2020,Henrico,"Asian or Pacific Islander",123,8,3
07/16/2020,Henrico,Black,828,135,76
07/16/2020,Henrico,Latino,610,43,6
07/16/2020,Henrico,"Native American",7,0,0
07/16/2020,Henrico,"Not Reported",629,2,3
07/16/2020,Henrico,"Other Race",70,10,0
07/16/2020,Henrico,"Two or more races",8,0,0
07/16/2020,Henrico,White,689,80,87
07/16/2020,Lenowisco,Black,1,0,0
07/16/2020,Lenowisco,Latino,1,0,0
07/16/2020,Lenowisco,"Not Reported",12,1,1
07/16/2020,Lenowisco,"Other Race",1,0,0
07/16/2020,Lenowisco,"Two or more races",0,0,0
07/16/2020,Lenowisco,White,84,18,4
07/16/2020,"Lord Fairfax","Asian or Pacific Islander",7,0,0
07/16/2020,"Lord Fairfax",Black,83,9,6
07/16/2020,"Lord Fairfax",Latino,595,37,8
07/16/2020,"Lord Fairfax","Native American",2,1,1
07/16/2020,"Lord Fairfax","Not Reported",285,5,5
07/16/2020,"Lord Fairfax","Other Race",58,6,1
07/16/2020,"Lord Fairfax","Two or more races",11,0,0
07/16/2020,"Lord Fairfax",White,1211,141,58
07/16/2020,Loudoun,"Asian or Pacific Islander",196,39,9
07/16/2020,Loudoun,Black,153,23,3
07/16/2020,Loudoun,Latino,1192,139,11
07/16/2020,Loudoun,"Native American",1,0,0
07/16/2020,Loudoun,"Not Reported",1995,1,2
07/16/2020,Loudoun,"Other Race",115,9,1
07/16/2020,Loudoun,"Two or more races",26,0,0
07/16/2020,Loudoun,White,879,97,75
07/16/2020,"Mount Rogers","Asian or Pacific Islander",2,1,0
07/16/2020,"Mount Rogers",Black,29,5,2
07/16/2020,"Mount Rogers",Latino,210,1,0
07/16/2020,"Mount Rogers","Not Reported",51,2,1
07/16/2020,"Mount Rogers","Other Race",3,0,0
07/16/2020,"Mount Rogers","Two or more races",4,0,0
07/16/2020,"Mount Rogers",White,589,76,33
07/16/2020,"New River","Asian or Pacific Islander",6,0,0
07/16/2020,"New River",Black,22,3,0
07/16/2020,"New River",Latino,24,2,0
07/16/2020,"New River","Native American",0,0,0
07/16/2020,"New River","Not Reported",49,0,0
07/16/2020,"New River","Other Race",2,1,0
07/16/2020,"New River","Two or more races",0,0,0
07/16/2020,"New River",White,219,18,6
07/16/2020,Norfolk,"Asian or Pacific Islander",21,1,0
07/16/2020,Norfolk,Black,910,88,13
07/16/2020,Norfolk,Latino,201,18,0
07/16/2020,Norfolk,"Native American",3,0,0
07/16/2020,Norfolk,"Not Reported",522,0,0
07/16/2020,Norfolk,"Other Race",24,1,0
07/16/2020,Norfolk,"Two or more races",3,0,0
07/16/2020,Norfolk,White,204,26,6
07/16/2020,Peninsula,"Asian or Pacific Islander",11,3,1
07/16/2020,Peninsula,Black,369,40,10
07/16/2020,Peninsula,Latino,213,14,0
07/16/2020,Peninsula,"Native American",2,0,0
07/16/2020,Peninsula,"Not Reported",599,1,0
07/16/2020,Peninsula,"Other Race",37,1,0
07/16/2020,Peninsula,"Two or more races",9,2,0
07/16/2020,Peninsula,White,382,75,24
07/16/2020,Piedmont,"Asian or Pacific Islander",4,0,0
07/16/2020,Piedmont,Black,377,52,6
07/16/2020,Piedmont,Latino,61,6,1
07/16/2020,Piedmont,"Native American",1,0,0
07/16/2020,Piedmont,"Not Reported",360,13,2
07/16/2020,Piedmont,"Other Race",6,0,0
07/16/2020,Piedmont,"Two or more races",4,2,0
07/16/2020,Piedmont,White,337,39,9
07/16/2020,Pittsylvania-Danville,"Asian or Pacific Islander",0,0,0
07/16/2020,Pittsylvania-Danville,Black,130,22,1
07/16/2020,Pittsylvania-Danville,Latino,36,2,0
07/16/2020,Pittsylvania-Danville,"Not Reported",68,5,0
07/16/2020,Pittsylvania-Danville,"Other Race",0,0,0
07/16/2020,Pittsylvania-Danville,"Two or more races",0,0,0
07/16/2020,Pittsylvania-Danville,White,107,19,3
07/16/2020,"Pittsylvania-Danville and Southside","Native American",0,0,0
07/16/2020,Portsmouth,"Asian or Pacific Islander",3,2,0
07/16/2020,Portsmouth,Black,414,64,13
07/16/2020,Portsmouth,Latino,44,10,1
07/16/2020,Portsmouth,"Native American",2,1,0
07/16/2020,Portsmouth,"Not Reported",250,3,0
07/16/2020,Portsmouth,"Other Race",13,2,1
07/16/2020,Portsmouth,"Two or more races",2,1,0
07/16/2020,Portsmouth,White,99,12,4
07/16/2020,"Prince William","Asian or Pacific Islander",288,43,13
07/16/2020,"Prince William",Black,722,129,39
07/16/2020,"Prince William",Latino,4404,540,56
07/16/2020,"Prince William","Native American",14,1,0
07/16/2020,"Prince William","Not Reported",3310,20,0
07/16/2020,"Prince William","Other Race",222,10,0
07/16/2020,"Prince William","Two or more races",12,1,0
07/16/2020,"Prince William",White,969,133,77
07/16/2020,Rappahannock,"Asian or Pacific Islander",46,8,1
07/16/2020,Rappahannock,Black,323,49,9
07/16/2020,Rappahannock,Latino,932,96,6
07/16/2020,Rappahannock,"Native American",3,0,0
07/16/2020,Rappahannock,"Not Reported",777,24,0
07/16/2020,Rappahannock,"Other Race",50,4,0
07/16/2020,Rappahannock,"Two or more races",12,1,0
07/16/2020,Rappahannock,White,606,71,30
07/16/2020,"Rappahannock Rapidan","Asian or Pacific Islander",5,1,0
07/16/2020,"Rappahannock Rapidan",Black,87,18,6
07/16/2020,"Rappahannock Rapidan",Latino,662,57,6
07/16/2020,"Rappahannock Rapidan","Native American",0,0,0
07/16/2020,"Rappahannock Rapidan","Not Reported",444,11,2
07/16/2020,"Rappahannock Rapidan","Other Race",21,1,0
07/16/2020,"Rappahannock Rapidan","Two or more races",15,2,0
07/16/2020,"Rappahannock Rapidan",White,392,34,11
07/16/2020,Richmond,"Asian or Pacific Islander",10,3,1
07/16/2020,Richmond,Black,635,134,23
07/16/2020,Richmond,Latino,987,80,5
07/16/2020,Richmond,"Native American",0,0,0
07/16/2020,Richmond,"Not Reported",532,2,0
07/16/2020,Richmond,"Other Race",95,8,2
07/16/2020,Richmond,"Two or more races",1,0,0
07/16/2020,Richmond,White,238,22,5
07/16/2020,Roanoke,"Asian or Pacific Islander",2,0,0
07/16/2020,Roanoke,Black,44,7,2
07/16/2020,Roanoke,Latino,186,2,0
07/16/2020,Roanoke,"Not Reported",281,1,0
07/16/2020,Roanoke,"Other Race",3,0,0
07/16/2020,Roanoke,"Two or more races",1,0,0
07/16/2020,Roanoke,White,100,5,8
07/16/2020,Southside,"Asian or Pacific Islander",1,0,0
07/16/2020,Southside,Black,138,28,9
07/16/2020,Southside,Latino,2,0,0
07/16/2020,Southside,"Not Reported",229,14,7
07/16/2020,Southside,"Other Race",6,0,1
07/16/2020,Southside,"Two or more races",22,0,0
07/16/2020,Southside,White,111,16,14
07/16/2020,"Thomas Jefferson","Asian or Pacific Islander",23,0,1
07/16/2020,"Thomas Jefferson",Black,216,53,8
07/16/2020,"Thomas Jefferson",Latino,407,18,0
07/16/2020,"Thomas Jefferson","Native American",2,0,0
07/16/2020,"Thomas Jefferson","Not Reported",112,1,0
07/16/2020,"Thomas Jefferson","Other Race",44,3,0
07/16/2020,"Thomas Jefferson","Two or more races",10,0,0
07/16/2020,"Thomas Jefferson",White,484,38,20
07/16/2020,"Three Rivers",Black,232,21,5
07/16/2020,"Three Rivers",Latino,137,4,0
07/16/2020,"Three Rivers","Not Reported",168,3,0
07/16/2020,"Three Rivers","Other Race",7,3,0
07/16/2020,"Three Rivers","Two or more races",3,0,0
07/16/2020,"Three Rivers",White,277,27,6
07/16/2020,"Virginia Beach","Asian or Pacific Islander",77,13,1
07/16/2020,"Virginia Beach",Black,613,37,6
07/16/2020,"Virginia Beach",Latino,198,16,3
07/16/2020,"Virginia Beach","Native American",1,0,0
07/16/2020,"Virginia Beach","Not Reported",546,5,3
07/16/2020,"Virginia Beach","Other Race",22,1,0
07/16/2020,"Virginia Beach","Two or more races",19,2,0
07/16/2020,"Virginia Beach",White,796,68,21
07/16/2020,"West Piedmont","Asian or Pacific Islander",11,1,1
07/16/2020,"West Piedmont",Black,139,37,1
07/16/2020,"West Piedmont",Latino,180,8,0
07/16/2020,"West Piedmont","Native American",0,0,0
07/16/2020,"West Piedmont","Not Reported",123,1,1
07/16/2020,"West Piedmont","Other Race",2,1,1
07/16/2020,"West Piedmont","Two or more races",0,0,0
07/16/2020,"West Piedmont",White,230,24,4
07/16/2020,"Western Tidewater","Asian or Pacific Islander",8,1,0
07/16/2020,"Western Tidewater",Black,480,58,31
07/16/2020,"Western Tidewater",Latino,13,1,0
07/16/2020,"Western Tidewater","Native American",1,0,0
07/16/2020,"Western Tidewater","Not Reported",388,3,2
07/16/2020,"Western Tidewater","Other Race",22,0,1
07/16/2020,"Western Tidewater","Two or more races",2,0,0
07/16/2020,"Western Tidewater",White,254,40,34
07/17/2020,Alexandria,"Asian or Pacific Islander",85,8,1
07/17/2020,Alexandria,Black,393,65,12
07/17/2020,Alexandria,Latino,1369,120,8
07/17/2020,Alexandria,"Native American",2,0,0
07/17/2020,Alexandria,"Not Reported",146,6,0
07/17/2020,Alexandria,"Other Race",44,5,2
07/17/2020,Alexandria,"Two or more races",5,1,0
07/17/2020,Alexandria,White,479,50,33
07/17/2020,Alleghany,"Asian or Pacific Islander",4,0,0
07/17/2020,Alleghany,Black,23,2,1
07/17/2020,Alleghany,Latino,81,6,0
07/17/2020,Alleghany,"Not Reported",310,1,0
07/17/2020,Alleghany,"Other Race",4,0,0
07/17/2020,Alleghany,"Two or more races",2,0,0
07/17/2020,Alleghany,White,270,28,14
07/17/2020,"Alleghany and Roanoke","Native American",0,0,0
07/17/2020,Arlington,"Asian or Pacific Islander",127,22,12
07/17/2020,Arlington,Black,239,69,32
07/17/2020,Arlington,Latino,1292,208,23
07/17/2020,Arlington,"Native American",3,0,0
07/17/2020,Arlington,"Not Reported",189,2,0
07/17/2020,Arlington,"Other Race",59,8,3
07/17/2020,Arlington,"Two or more races",17,2,0
07/17/2020,Arlington,White,778,116,65
07/17/2020,"Central Shenandoah","Asian or Pacific Islander",17,2,0
07/17/2020,"Central Shenandoah",Black,103,9,4
07/17/2020,"Central Shenandoah",Latino,820,50,4
07/17/2020,"Central Shenandoah","Native American",3,1,0
07/17/2020,"Central Shenandoah","Not Reported",207,3,1
07/17/2020,"Central Shenandoah","Other Race",34,1,0
07/17/2020,"Central Shenandoah","Two or more races",10,1,0
07/17/2020,"Central Shenandoah",White,1187,122,37
07/17/2020,"Central Virginia","Asian or Pacific Islander",0,0,0
07/17/2020,"Central Virginia",Black,33,3,1
07/17/2020,"Central Virginia",Latino,25,1,1
07/17/2020,"Central Virginia","Native American",0,0,0
07/17/2020,"Central Virginia","Not Reported",403,4,1
07/17/2020,"Central Virginia","Other Race",2,0,0
07/17/2020,"Central Virginia","Two or more races",0,0,0
07/17/2020,"Central Virginia",White,101,9,3
07/17/2020,Chesapeake,"Asian or Pacific Islander",26,5,2
07/17/2020,Chesapeake,Black,593,86,7
07/17/2020,Chesapeake,Latino,155,15,2
07/17/2020,Chesapeake,"Native American",8,0,0
07/17/2020,Chesapeake,"Not Reported",332,3,0
07/17/2020,Chesapeake,"Other Race",18,1,0
07/17/2020,Chesapeake,"Two or more races",9,0,0
07/17/2020,Chesapeake,White,419,53,13
07/17/2020,Chesterfield,"Asian or Pacific Islander",33,2,0
07/17/2020,Chesterfield,Black,480,69,21
07/17/2020,Chesterfield,Latino,787,45,3
07/17/2020,Chesterfield,"Native American",3,0,0
07/17/2020,Chesterfield,"Not Reported",1591,3,10
07/17/2020,Chesterfield,"Other Race",177,6,0
07/17/2020,Chesterfield,"Two or more races",9,1,0
07/17/2020,Chesterfield,White,587,72,53
07/17/2020,Chickahominy,"Asian or Pacific Islander",5,1,0
07/17/2020,Chickahominy,Black,136,34,10
07/17/2020,Chickahominy,Latino,53,3,0
07/17/2020,Chickahominy,"Native American",1,1,0
07/17/2020,Chickahominy,"Not Reported",213,2,1
07/17/2020,Chickahominy,"Other Race",9,2,0
07/17/2020,Chickahominy,"Two or more races",1,1,0
07/17/2020,Chickahominy,White,354,70,29
07/17/2020,Crater,"Asian or Pacific Islander",5,0,0
07/17/2020,Crater,Black,861,131,30
07/17/2020,Crater,Latino,146,7,2
07/17/2020,Crater,"Native American",3,0,0
07/17/2020,Crater,"Not Reported",420,10,8
07/17/2020,Crater,"Other Race",15,0,0
07/17/2020,Crater,"Two or more races",2,0,0
07/17/2020,Crater,White,353,36,10
07/17/2020,"Cumberland Plateau",Black,13,0,0
07/17/2020,"Cumberland Plateau",Latino,0,0,0
07/17/2020,"Cumberland Plateau","Not Reported",7,1,0
07/17/2020,"Cumberland Plateau","Other Race",0,0,0
07/17/2020,"Cumberland Plateau","Two or more races",2,0,0
07/17/2020,"Cumberland Plateau",White,102,6,0
07/17/2020,"Cumberland Plateau and Lenowisco","Asian or Pacific Islander",1,0,0
07/17/2020,"Cumberland Plateau, Lenowisco, and Mount Rogers","Native American",0,0,0
07/17/2020,"Eastern Shore",Black,800,90,25
07/17/2020,"Eastern Shore",Latino,246,7,3
07/17/2020,"Eastern Shore","Not Reported",85,0,0
07/17/2020,"Eastern Shore","Other Race",13,1,0
07/17/2020,"Eastern Shore","Two or more races",1,1,0
07/17/2020,"Eastern Shore",White,176,15,14
07/17/2020,"Eastern Shore and Three Rivers","Asian or Pacific Islander",8,1,0
07/17/2020,"Eastern Shore and Three Rivers","Native American",1,0,0
07/17/2020,Fairfax,"Asian or Pacific Islander",1178,217,70
07/17/2020,Fairfax,Black,902,185,53
07/17/2020,Fairfax,Latino,7782,854,72
07/17/2020,Fairfax,"Native American",25,1,1
07/17/2020,Fairfax,"Not Reported",2091,73,40
07/17/2020,Fairfax,"Other Race",531,65,13
07/17/2020,Fairfax,"Two or more races",34,4,0
07/17/2020,Fairfax,White,2315,407,273
07/17/2020,Hampton,"Asian or Pacific Islander",5,0,0
07/17/2020,Hampton,Black,247,28,4
07/17/2020,Hampton,Latino,38,4,0
07/17/2020,Hampton,"Native American",0,0,0
07/17/2020,Hampton,"Not Reported",248,0,0
07/17/2020,Hampton,"Other Race",6,2,0
07/17/2020,Hampton,"Two or more races",4,0,0
07/17/2020,Hampton,White,77,8,0
07/17/2020,Henrico,"Asian or Pacific Islander",125,8,3
07/17/2020,Henrico,Black,831,135,76
07/17/2020,Henrico,Latino,615,43,6
07/17/2020,Henrico,"Native American",7,0,0
07/17/2020,Henrico,"Not Reported",637,2,3
07/17/2020,Henrico,"Other Race",70,10,0
07/17/2020,Henrico,"Two or more races",8,0,0
07/17/2020,Henrico,White,694,81,87
07/17/2020,Lenowisco,Black,1,0,0
07/17/2020,Lenowisco,Latino,1,0,0
07/17/2020,Lenowisco,"Not Reported",12,1,1
07/17/2020,Lenowisco,"Other Race",1,0,0
07/17/2020,Lenowisco,"Two or more races",0,0,0
07/17/2020,Lenowisco,White,87,18,4
07/17/2020,"Lord Fairfax","Asian or Pacific Islander",7,0,0
07/17/2020,"Lord Fairfax",Black,85,9,6
07/17/2020,"Lord Fairfax",Latino,596,37,8
07/17/2020,"Lord Fairfax","Native American",2,1,1
07/17/2020,"Lord Fairfax","Not Reported",289,6,6
07/17/2020,"Lord Fairfax","Other Race",58,6,1
07/17/2020,"Lord Fairfax","Two or more races",11,0,0
07/17/2020,"Lord Fairfax",White,1225,143,58
07/17/2020,Loudoun,"Asian or Pacific Islander",199,40,9
07/17/2020,Loudoun,Black,155,24,3
07/17/2020,Loudoun,Latino,1202,140,11
07/17/2020,Loudoun,"Native American",1,0,0
07/17/2020,Loudoun,"Not Reported",1988,2,2
07/17/2020,Loudoun,"Other Race",115,10,1
07/17/2020,Loudoun,"Two or more races",25,0,0
07/17/2020,Loudoun,White,891,99,76
07/17/2020,"Mount Rogers","Asian or Pacific Islander",2,1,0
07/17/2020,"Mount Rogers",Black,30,5,2
07/17/2020,"Mount Rogers",Latino,210,1,0
07/17/2020,"Mount Rogers","Not Reported",52,2,1
07/17/2020,"Mount Rogers","Other Race",4,0,0
07/17/2020,"Mount Rogers","Two or more races",4,0,0
07/17/2020,"Mount Rogers",White,608,77,33
07/17/2020,"New River","Asian or Pacific Islander",6,0,0
07/17/2020,"New River",Black,22,3,0
07/17/2020,"New River",Latino,24,2,0
07/17/2020,"New River","Native American",0,0,0
07/17/2020,"New River","Not Reported",49,0,0
07/17/2020,"New River","Other Race",2,1,0
07/17/2020,"New River","Two or more races",0,0,0
07/17/2020,"New River",White,226,18,6
07/17/2020,Norfolk,"Asian or Pacific Islander",21,1,0
07/17/2020,Norfolk,Black,969,89,13
07/17/2020,Norfolk,Latino,203,18,0
07/17/2020,Norfolk,"Native American",3,0,0
07/17/2020,Norfolk,"Not Reported",576,0,0
07/17/2020,Norfolk,"Other Race",25,1,0
07/17/2020,Norfolk,"Two or more races",3,0,0
07/17/2020,Peninsula,"Asian or Pacific Islander",11,3,1
07/17/2020,Peninsula,Black,389,40,10
07/17/2020,Peninsula,Latino,222,14,0
07/17/2020,Peninsula,"Native American",2,0,0
07/17/2020,Peninsula,"Not Reported",625,1,0
07/17/2020,Peninsula,"Other Race",41,1,0
07/17/2020,Peninsula,"Two or more races",9,2,0
07/17/2020,Peninsula,White,387,75,24
07/17/2020,Piedmont,"Asian or Pacific Islander",4,0,0
07/17/2020,Piedmont,Black,381,53,7
07/17/2020,Piedmont,Latino,61,6,1
07/17/2020,Piedmont,"Native American",1,0,0
07/17/2020,Piedmont,"Not Reported",359,13,2
07/17/2020,Piedmont,"Other Race",6,0,0
07/17/2020,Piedmont,"Two or more races",4,2,0
07/17/2020,Piedmont,White,344,39,9
07/17/2020,Pittsylvania-Danville,"Asian or Pacific Islander",0,0,0
07/17/2020,Pittsylvania-Danville,Black,137,25,1
07/17/2020,Pittsylvania-Danville,Latino,38,2,0
07/17/2020,Pittsylvania-Danville,"Not Reported",70,5,0
07/17/2020,Pittsylvania-Danville,"Other Race",0,0,0
07/17/2020,Pittsylvania-Danville,"Two or more races",0,0,0
07/17/2020,Pittsylvania-Danville,White,109,20,3
07/17/2020,"Pittsylvania-Danville and Southside","Native American",0,0,0
07/17/2020,Portsmouth,"Asian or Pacific Islander",5,2,0
07/17/2020,Portsmouth,Black,443,65,13
07/17/2020,Portsmouth,Latino,42,10,1
07/17/2020,Portsmouth,"Native American",2,1,0
07/17/2020,Portsmouth,"Not Reported",259,3,0
07/17/2020,Portsmouth,"Other Race",15,2,1
07/17/2020,Portsmouth,"Two or more races",2,1,0
07/17/2020,Portsmouth,White,104,12,5
07/17/2020,"Prince William","Asian or Pacific Islander",292,43,13
07/17/2020,"Prince William",Black,729,130,39
07/17/2020,"Prince William",Latino,4449,542,58
07/17/2020,"Prince William","Native American",14,1,0
07/17/2020,"Prince William","Not Reported",3313,21,0
07/17/2020,"Prince William","Other Race",223,10,0
07/17/2020,"Prince William","Two or more races",12,1,0
07/17/2020,"Prince William",White,981,133,77
07/17/2020,Rappahannock,"Asian or Pacific Islander",46,8,1
07/17/2020,Rappahannock,Black,327,49,9
07/17/2020,Rappahannock,Latino,943,96,6
07/17/2020,Rappahannock,"Native American",3,0,0
07/17/2020,Rappahannock,"Not Reported",780,24,0
07/17/2020,Rappahannock,"Other Race",50,4,0
07/17/2020,Rappahannock,"Two or more races",13,1,0
07/17/2020,Rappahannock,White,614,71,30
07/17/2020,"Rappahannock Rapidan","Asian or Pacific Islander",5,1,0
07/17/2020,"Rappahannock Rapidan",Black,91,18,6
07/17/2020,"Rappahannock Rapidan",Latino,673,57,6
07/17/2020,"Rappahannock Rapidan","Native American",0,0,0
07/17/2020,"Rappahannock Rapidan","Not Reported",451,11,2
07/17/2020,"Rappahannock Rapidan","Other Race",21,1,0
07/17/2020,"Rappahannock Rapidan","Two or more races",15,2,0
07/17/2020,"Rappahannock Rapidan",White,397,34,11
07/17/2020,Richmond,"Asian or Pacific Islander",10,3,1
07/17/2020,Richmond,Black,640,135,23
07/17/2020,Richmond,Latino,995,80,5
07/17/2020,Richmond,"Native American",0,0,0
07/17/2020,Richmond,"Not Reported",535,2,0
07/17/2020,Richmond,"Other Race",95,8,2
07/17/2020,Richmond,"Two or more races",1,0,0
07/17/2020,Richmond,White,245,22,5
07/17/2020,Roanoke,"Asian or Pacific Islander",2,0,0
07/17/2020,Roanoke,Black,44,7,2
07/17/2020,Roanoke,Latino,186,2,0
07/17/2020,Roanoke,"Not Reported",286,1,0
07/17/2020,Roanoke,"Other Race",3,0,0
07/17/2020,Roanoke,"Two or more races",1,0,0
07/17/2020,Southside,"Asian or Pacific Islander",1,0,0
07/17/2020,Southside,Black,138,28,9
07/17/2020,Southside,Latino,2,0,0
07/17/2020,Southside,"Not Reported",230,14,7
07/17/2020,Southside,"Other Race",6,0,1
07/17/2020,Southside,"Two or more races",22,0,0
07/17/2020,Southside,White,115,17,14
07/17/2020,"Thomas Jefferson","Asian or Pacific Islander",23,0,1
07/17/2020,"Thomas Jefferson",Black,230,53,8
07/17/2020,"Thomas Jefferson",Latino,409,18,0
07/17/2020,"Thomas Jefferson","Native American",2,0,0
07/17/2020,"Thomas Jefferson","Not Reported",114,1,0
07/17/2020,"Thomas Jefferson","Other Race",50,3,0
07/17/2020,"Thomas Jefferson","Two or more races",12,0,0
07/17/2020,"Thomas Jefferson",White,495,38,20
07/17/2020,"Three Rivers",Black,236,22,5
07/17/2020,"Three Rivers",Latino,135,4,0
07/17/2020,"Three Rivers","Not Reported",162,3,0
07/17/2020,"Three Rivers","Other Race",7,3,0
07/17/2020,"Three Rivers","Two or more races",3,0,0
07/17/2020,"Three Rivers",White,287,27,6
07/17/2020,"Virginia Beach","Asian or Pacific Islander",80,13,1
07/17/2020,"Virginia Beach",Black,648,37,6
07/17/2020,"Virginia Beach",Latino,209,16,3
07/17/2020,"Virginia Beach","Native American",1,0,0
07/17/2020,"Virginia Beach","Not Reported",575,5,3
07/17/2020,"Virginia Beach","Other Race",23,1,0
07/17/2020,"Virginia Beach","Two or more races",21,2,0
07/17/2020,"Virginia Beach",White,839,68,21
07/17/2020,"West Piedmont","Asian or Pacific Islander",11,1,1
07/17/2020,"West Piedmont",Black,148,38,1
07/17/2020,"West Piedmont",Latino,180,8,0
07/17/2020,"West Piedmont","Native American",0,0,0
07/17/2020,"West Piedmont","Not Reported",112,1,1
07/17/2020,"West Piedmont","Other Race",2,1,1
07/17/2020,"West Piedmont","Two or more races",0,0,0
07/17/2020,"West Piedmont",White,238,25,4
07/17/2020,"Western Tidewater","Asian or Pacific Islander",9,1,0
07/17/2020,"Western Tidewater",Black,505,58,31
07/17/2020,"Western Tidewater",Latino,15,1,0
07/17/2020,"Western Tidewater","Native American",1,0,0
07/17/2020,"Western Tidewater","Not Reported",383,3,2
07/17/2020,"Western Tidewater","Other Race",22,0,1
07/17/2020,"Western Tidewater","Two or more races",2,0,0
07/17/2020,"Western Tidewater",White,268,41,34
07/18/2020,Alexandria,"Asian or Pacific Islander",86,8,1
07/18/2020,Alexandria,Black,402,65,12
07/18/2020,Alexandria,Latino,1370,120,8
07/18/2020,Alexandria,"Native American",2,0,0
07/18/2020,Alexandria,"Not Reported",146,6,0
07/18/2020,Alexandria,"Other Race",45,5,2
07/18/2020,Alexandria,"Two or more races",5,1,0
07/18/2020,Alexandria,White,484,50,33
07/18/2020,Alleghany,"Asian or Pacific Islander",4,0,0
07/18/2020,Alleghany,Black,23,2,1
07/18/2020,Alleghany,Latino,81,6,0
07/18/2020,Alleghany,"Not Reported",307,1,0
07/18/2020,Alleghany,"Other Race",4,0,0
07/18/2020,Alleghany,"Two or more races",2,0,0
07/18/2020,Alleghany,White,273,28,14
07/18/2020,"Alleghany and Roanoke","Native American",0,0,0
07/18/2020,Arlington,"Asian or Pacific Islander",129,22,12
07/18/2020,Arlington,Black,239,69,32
07/18/2020,Arlington,Latino,1296,208,23
07/18/2020,Arlington,"Native American",3,0,0
07/18/2020,Arlington,"Not Reported",199,2,0
07/18/2020,Arlington,"Other Race",61,8,3
07/18/2020,Arlington,"Two or more races",17,2,0
07/18/2020,Arlington,White,782,116,65
07/18/2020,"Central Shenandoah","Asian or Pacific Islander",17,2,0
07/18/2020,"Central Shenandoah",Black,107,9,4
07/18/2020,"Central Shenandoah",Latino,822,50,4
07/18/2020,"Central Shenandoah","Native American",3,1,0
07/18/2020,"Central Shenandoah","Not Reported",204,3,1
07/18/2020,"Central Shenandoah","Other Race",34,1,0
07/18/2020,"Central Shenandoah","Two or more races",10,1,0
07/18/2020,"Central Shenandoah",White,1211,124,39
07/18/2020,"Central Virginia","Asian or Pacific Islander",0,0,0
07/18/2020,"Central Virginia",Black,31,3,1
07/18/2020,"Central Virginia",Latino,25,1,1
07/18/2020,"Central Virginia","Native American",0,0,0
07/18/2020,"Central Virginia","Not Reported",416,4,0
07/18/2020,"Central Virginia","Other Race",2,0,0
07/18/2020,"Central Virginia","Two or more races",0,0,0
07/18/2020,"Central Virginia",White,102,9,4
07/18/2020,Chesapeake,"Asian or Pacific Islander",27,5,2
07/18/2020,Chesapeake,Black,606,86,7
07/18/2020,Chesapeake,Latino,155,15,2
07/18/2020,Chesapeake,"Native American",8,0,0
07/18/2020,Chesapeake,"Not Reported",359,3,0
07/18/2020,Chesapeake,"Other Race",19,1,0
07/18/2020,Chesapeake,"Two or more races",9,0,0
07/18/2020,Chesapeake,White,429,54,13
07/18/2020,Chesterfield,"Asian or Pacific Islander",33,2,0
07/18/2020,Chesterfield,Black,492,73,21
07/18/2020,Chesterfield,Latino,812,46,3
07/18/2020,Chesterfield,"Native American",3,0,0
07/18/2020,Chesterfield,"Not Reported",1564,4,11
07/18/2020,Chesterfield,"Other Race",175,6,0
07/18/2020,Chesterfield,"Two or more races",10,1,0
07/18/2020,Chesterfield,White,603,74,53
07/18/2020,Chickahominy,"Asian or Pacific Islander",5,1,0
07/18/2020,Chickahominy,Black,139,35,10
07/18/2020,Chickahominy,Latino,53,3,0
07/18/2020,Chickahominy,"Native American",1,1,0
07/18/2020,Chickahominy,"Not Reported",209,0,1
07/18/2020,Chickahominy,"Other Race",9,2,0
07/18/2020,Chickahominy,"Two or more races",1,1,0
07/18/2020,Chickahominy,White,359,71,29
07/18/2020,Crater,"Asian or Pacific Islander",5,0,0
07/18/2020,Crater,Black,876,134,32
07/18/2020,Crater,Latino,146,7,2
07/18/2020,Crater,"Native American",3,0,0
07/18/2020,Crater,"Not Reported",418,8,6
07/18/2020,Crater,"Other Race",16,0,0
07/18/2020,Crater,"Two or more races",2,0,0
07/18/2020,Crater,White,360,37,10
07/18/2020,"Cumberland Plateau",Black,13,0,0
07/18/2020,"Cumberland Plateau",Latino,1,0,0
07/18/2020,"Cumberland Plateau","Not Reported",6,1,0
07/18/2020,"Cumberland Plateau","Other Race",0,0,0
07/18/2020,"Cumberland Plateau","Two or more races",2,0,0
07/18/2020,"Cumberland Plateau",White,107,7,0
07/18/2020,"Cumberland Plateau and Lenowisco","Asian or Pacific Islander",1,0,0
07/18/2020,"Cumberland Plateau, Lenowisco, and Mount Rogers","Native American",0,0,0
07/18/2020,"Eastern Shore",Black,803,91,25
07/18/2020,"Eastern Shore",Latino,246,8,3
07/18/2020,"Eastern Shore","Not Reported",85,0,0
07/18/2020,"Eastern Shore","Other Race",13,1,0
07/18/2020,"Eastern Shore","Two or more races",1,1,0
07/18/2020,"Eastern Shore",White,177,15,15
07/18/2020,"Eastern Shore and Three Rivers","Asian or Pacific Islander",8,1,0
07/18/2020,"Eastern Shore and Three Rivers","Native American",1,0,0
07/18/2020,Fairfax,"Asian or Pacific Islander",1188,218,70
07/18/2020,Fairfax,Black,913,186,53
07/18/2020,Fairfax,Latino,7815,855,72
07/18/2020,Fairfax,"Native American",25,1,1
07/18/2020,Fairfax,"Not Reported",2079,71,40
07/18/2020,Fairfax,"Other Race",528,65,13
07/18/2020,Fairfax,"Two or more races",36,4,0
07/18/2020,Hampton,"Asian or Pacific Islander",5,0,0
07/18/2020,Hampton,Black,258,28,4
07/18/2020,Hampton,Latino,38,4,0
07/18/2020,Hampton,"Native American",0,0,0
07/18/2020,Hampton,"Not Reported",253,0,0
07/18/2020,Hampton,"Other Race",8,2,0
07/18/2020,Hampton,"Two or more races",4,0,0
07/18/2020,Hampton,White,79,8,0
07/18/2020,Henrico,"Asian or Pacific Islander",125,8,3
07/18/2020,Henrico,Black,837,136,76
07/18/2020,Henrico,Latino,621,45,6
07/18/2020,Henrico,"Native American",7,0,0
07/18/2020,Henrico,"Not Reported",640,2,3
07/18/2020,Henrico,"Other Race",70,10,0
07/18/2020,Henrico,"Two or more races",8,0,0
07/18/2020,Henrico,White,697,81,87
07/18/2020,Lenowisco,Black,1,0,0
07/18/2020,Lenowisco,Latino,1,0,0
07/18/2020,Lenowisco,"Not Reported",12,1,1
07/18/2020,Lenowisco,"Other Race",1,0,0
07/18/2020,Lenowisco,"Two or more races",0,0,0
07/18/2020,Lenowisco,White,98,20,4
07/18/2020,"Lord Fairfax","Asian or Pacific Islander",7,0,0
07/18/2020,"Lord Fairfax",Black,90,9,6
07/18/2020,"Lord Fairfax",Latino,598,37,8
07/18/2020,"Lord Fairfax","Native American",2,1,1
07/18/2020,"Lord Fairfax","Not Reported",285,6,6
07/18/2020,"Lord Fairfax","Other Race",59,6,1
07/18/2020,"Lord Fairfax","Two or more races",11,0,0
07/18/2020,"Lord Fairfax",White,1246,143,58
07/18/2020,Loudoun,"Asian or Pacific Islander",201,39,10
07/18/2020,Loudoun,Black,161,24,3
07/18/2020,Loudoun,Latino,1211,141,11
07/18/2020,Loudoun,"Native American",1,0,0
07/18/2020,Loudoun,"Not Reported",1972,3,2
07/18/2020,Loudoun,"Other Race",116,10,1
07/18/2020,Loudoun,"Two or more races",26,0,0
07/18/2020,Loudoun,White,908,100,76
07/18/2020,"Mount Rogers","Asian or Pacific Islander",2,1,0
07/18/2020,"Mount Rogers",Black,30,5,2
07/18/2020,"Mount Rogers",Latino,213,1,0
07/18/2020,"Mount Rogers","Not Reported",51,2,1
07/18/2020,"Mount Rogers","Other Race",4,0,0
07/18/2020,"Mount Rogers","Two or more races",4,0,0
07/18/2020,"Mount Rogers",White,631,80,33
07/18/2020,"New River","Asian or Pacific Islander",6,0,0
07/18/2020,"New River",Black,22,3,0
07/18/2020,"New River",Latino,25,3,0
07/18/2020,"New River","Native American",0,0,0
07/18/2020,"New River","Not Reported",49,0,0
07/18/2020,"New River","Other Race",2,1,0
07/18/2020,"New River","Two or more races",0,0,0
07/18/2020,"New River",White,231,18,6
07/18/2020,Norfolk,"Asian or Pacific Islander",21,1,0
07/18/2020,Norfolk,Black,1034,90,13
07/18/2020,Norfolk,Latino,206,18,0
07/18/2020,Norfolk,"Native American",3,0,0
07/18/2020,Norfolk,"Not Reported",605,0,0
07/18/2020,Norfolk,"Other Race",27,1,0
07/18/2020,Norfolk,"Two or more races",3,0,0
07/18/2020,Norfolk,White,235,28,6
07/18/2020,Peninsula,"Asian or Pacific Islander",12,3,1
07/18/2020,Peninsula,Black,411,46,13
07/18/2020,Peninsula,Latino,226,14,0
07/18/2020,Peninsula,"Native American",2,0,0
07/18/2020,Peninsula,"Not Reported",648,1,0
07/18/2020,Peninsula,"Other Race",42,3,0
07/18/2020,Peninsula,"Two or more races",9,2,0
07/18/2020,Peninsula,White,397,75,24
07/18/2020,Piedmont,"Asian or Pacific Islander",4,0,0
07/18/2020,Piedmont,Black,381,53,7
07/18/2020,Piedmont,Latino,61,6,1
07/18/2020,Piedmont,"Native American",1,0,0
07/18/2020,Piedmont,"Not Reported",359,13,2
07/18/2020,Piedmont,"Other Race",6,0,0
07/18/2020,Piedmont,"Two or more races",4,2,0
07/18/2020,Piedmont,White,345,40,9
07/18/2020,Pittsylvania-Danville,"Asian or Pacific Islander",0,0,0
07/18/2020,Pittsylvania-Danville,Black,141,25,1
07/18/2020,Pittsylvania-Danville,Latino,38,2,0
07/18/2020,Pittsylvania-Danville,"Not Reported",84,5,0
07/18/2020,Pittsylvania-Danville,"Other Race",0,0,0
07/18/2020,Pittsylvania-Danville,"Two or more races",0,0,0
07/18/2020,Pittsylvania-Danville,White,110,20,3
07/18/2020,"Pittsylvania-Danville and Southside","Native American",0,0,0
07/18/2020,Portsmouth,"Asian or Pacific Islander",5,2,0
07/18/2020,Portsmouth,Black,481,66,13
07/18/2020,Portsmouth,Latino,42,10,1
07/18/2020,Portsmouth,"Native American",2,1,0
07/18/2020,Portsmouth,"Not Reported",268,2,0
07/18/2020,Portsmouth,"Other Race",15,2,1
07/18/2020,Portsmouth,"Two or more races",2,1,0
07/18/2020,Portsmouth,White,110,12,5
07/18/2020,"Prince William","Asian or Pacific Islander",292,43,13
07/18/2020,"Prince William",Black,736,131,40
07/18/2020,"Prince William",Latino,4469,542,58
07/18/2020,"Prince William","Native American",15,1,0
07/18/2020,"Prince William","Not Reported",3340,21,0
07/18/2020,"Prince William","Other Race",228,11,0
07/18/2020,"Prince William","Two or more races",12,1,0
07/18/2020,"Prince William",White,1003,133,77
07/18/2020,Rappahannock,"Asian or Pacific Islander",46,8,1
07/18/2020,Rappahannock,Black,332,49,9
07/18/2020,Rappahannock,Latino,958,96,6
07/18/2020,Rappahannock,"Native American",3,0,0
07/18/2020,Rappahannock,"Not Reported",782,24,0
07/18/2020,Rappahannock,"Other Race",51,4,0
07/18/2020,Rappahannock,"Two or more races",13,1,0
07/18/2020,Rappahannock,White,621,74,30
07/18/2020,"Rappahannock Rapidan","Asian or Pacific Islander",5,1,0
07/18/2020,"Rappahannock Rapidan",Black,93,18,6
07/18/2020,"Rappahannock Rapidan",Latino,676,57,6
07/18/2020,"Rappahannock Rapidan","Native American",0,0,0
07/18/2020,"Rappahannock Rapidan","Not Reported",459,11,2
07/18/2020,"Rappahannock Rapidan","Other Race",21,1,0
07/18/2020,"Rappahannock Rapidan","Two or more races",15,2,0
07/18/2020,"Rappahannock Rapidan",White,404,35,11
07/18/2020,Richmond,"Asian or Pacific Islander",10,3,1
07/18/2020,Richmond,Black,646,135,23
07/18/2020,Richmond,Latino,1000,80,5
07/18/2020,Richmond,"Native American",0,0,0
07/18/2020,Richmond,"Not Reported",536,2,0
07/18/2020,Richmond,"Other Race",97,8,2
07/18/2020,Richmond,"Two or more races",2,0,0
07/18/2020,Richmond,White,250,22,5
07/18/2020,Roanoke,"Asian or Pacific Islander",2,0,0
07/18/2020,Roanoke,Black,44,7,2
07/18/2020,Roanoke,Latino,186,2,0
07/18/2020,Roanoke,"Not Reported",284,1,0
07/18/2020,Roanoke,"Other Race",3,0,0
07/18/2020,Roanoke,"Two or more races",1,0,0
07/18/2020,Roanoke,White,101,5,8
07/18/2020,Southside,"Asian or Pacific Islander",1,0,0
07/18/2020,Southside,Black,143,30,9
07/18/2020,Southside,Latino,2,0,0
07/18/2020,Southside,"Not Reported",225,9,6
07/18/2020,Southside,"Other Race",6,0,1
07/18/2020,Southside,"Two or more races",22,0,0
07/18/2020,Southside,White,122,21,16
07/18/2020,"Thomas Jefferson","Asian or Pacific Islander",23,0,1
07/18/2020,"Thomas Jefferson",Black,235,54,8
07/18/2020,"Thomas Jefferson",Latino,417,18,0
07/18/2020,"Thomas Jefferson","Native American",2,0,0
07/18/2020,"Thomas Jefferson","Not Reported",120,1,0
07/18/2020,"Thomas Jefferson","Other Race",53,3,0
07/18/2020,"Thomas Jefferson","Two or more races",13,0,0
07/18/2020,"Thomas Jefferson",White,500,39,20
07/18/2020,"Three Rivers",Black,239,23,5
07/18/2020,"Three Rivers",Latino,135,4,0
07/18/2020,"Three Rivers","Not Reported",160,2,0
07/18/2020,"Three Rivers","Other Race",7,3,0
07/18/2020,"Three Rivers","Two or more races",3,0,0
07/18/2020,"Three Rivers",White,293,28,6
07/18/2020,"Virginia Beach","Asian or Pacific Islander",85,13,1
07/18/2020,"Virginia Beach",Black,669,38,6
07/18/2020,"Virginia Beach",Latino,213,17,3
07/18/2020,"Virginia Beach","Native American",1,0,0
07/18/2020,"Virginia Beach","Not Reported",590,5,3
07/18/2020,"Virginia Beach","Other Race",24,1,0
07/18/2020,"Virginia Beach","Two or more races",22,2,0
07/18/2020,"Virginia Beach",White,860,68,23
07/18/2020,"West Piedmont","Asian or Pacific Islander",11,1,1
07/18/2020,"West Piedmont",Black,153,40,1
07/18/2020,"West Piedmont",Latino,181,8,0
07/18/2020,"West Piedmont","Native American",0,0,0
07/18/2020,"West Piedmont","Not Reported",109,2,1
07/18/2020,"West Piedmont","Other Race",2,1,1
07/18/2020,"West Piedmont","Two or more races",0,0,0
07/18/2020,"West Piedmont",White,243,26,4
07/18/2020,"Western Tidewater","Asian or Pacific Islander",9,1,0
07/18/2020,"Western Tidewater",Black,525,60,31
07/18/2020,"Western Tidewater",Latino,16,1,0
07/18/2020,"Western Tidewater","Native American",1,0,0
07/18/2020,"Western Tidewater","Not Reported",393,3,2
07/18/2020,"Western Tidewater","Other Race",22,0,1
07/18/2020,"Western Tidewater","Two or more races",2,0,0
07/18/2020,"Western Tidewater",White,279,44,34
07/19/2020,Alexandria,"Asian or Pacific Islander",87,8,1
07/19/2020,Alexandria,Black,403,65,12
07/19/2020,Alexandria,Latino,1375,120,8
07/19/2020,Alexandria,"Native American",2,0,0
07/19/2020,Alexandria,"Not Reported",148,6,0
07/19/2020,Alexandria,"Other Race",45,5,2
07/19/2020,Alexandria,"Two or more races",5,1,0
07/19/2020,Alexandria,White,482,50,33
07/19/2020,Alleghany,"Asian or Pacific Islander",4,0,0
07/19/2020,Alleghany,Black,23,2,1
07/19/2020,Alleghany,Latino,81,6,0
07/19/2020,Alleghany,"Not Reported",314,1,0
07/19/2020,Alleghany,"Other Race",4,0,0
07/19/2020,Alleghany,"Two or more races",2,0,0
07/19/2020,Alleghany,White,276,28,14
07/19/2020,"Alleghany and Roanoke","Native American",0,0,0
07/19/2020,Arlington,"Asian or Pacific Islander",129,22,12
07/19/2020,Arlington,Black,240,69,32
07/19/2020,Arlington,Latino,1296,210,23
07/19/2020,Arlington,"Native American",3,0,0
07/19/2020,Arlington,"Not Reported",208,3,0
07/19/2020,Arlington,"Other Race",62,8,3
07/19/2020,Arlington,"Two or more races",17,2,0
07/19/2020,Arlington,White,778,116,65
07/19/2020,"Central Shenandoah","Asian or Pacific Islander",17,2,0
07/19/2020,"Central Shenandoah",Black,107,9,4
07/19/2020,"Central Shenandoah",Latino,823,50,4
07/19/2020,"Central Shenandoah","Native American",3,1,0
07/19/2020,"Central Shenandoah","Not Reported",204,3,1
07/19/2020,"Central Shenandoah","Other Race",34,1,0
07/19/2020,"Central Shenandoah","Two or more races",10,1,0
07/19/2020,"Central Shenandoah",White,1212,123,39
07/19/2020,"Central Virginia","Asian or Pacific Islander",0,0,0
07/19/2020,"Central Virginia",Black,33,3,1
07/19/2020,"Central Virginia",Latino,25,1,1
07/19/2020,"Central Virginia","Native American",0,0,0
07/19/2020,"Central Virginia","Not Reported",431,4,0
07/19/2020,"Central Virginia","Other Race",2,0,0
07/19/2020,"Central Virginia","Two or more races",0,0,0
07/19/2020,"Central Virginia",White,104,9,4
07/19/2020,Chesapeake,"Asian or Pacific Islander",27,5,2
07/19/2020,Chesapeake,Black,622,86,7
07/19/2020,Chesapeake,Latino,156,15,2
07/19/2020,Chesapeake,"Native American",8,0,0
07/19/2020,Chesapeake,"Not Reported",400,3,0
07/19/2020,Chesapeake,"Other Race",19,1,0
07/19/2020,Chesapeake,"Two or more races",9,0,0
07/19/2020,Chesapeake,White,444,54,13
07/19/2020,Chesterfield,"Asian or Pacific Islander",33,2,0
07/19/2020,Chesterfield,Black,494,73,21
07/19/2020,Chesterfield,Latino,816,46,3
07/19/2020,Chesterfield,"Native American",3,0,0
07/19/2020,Chesterfield,"Not Reported",1579,4,11
07/19/2020,Chesterfield,"Other Race",175,6,0
07/19/2020,Chesterfield,"Two or more races",10,1,0
07/19/2020,Chesterfield,White,603,74,53
07/19/2020,Chickahominy,"Asian or Pacific Islander",5,1,0
07/19/2020,Chickahominy,Black,139,36,10
07/19/2020,Chickahominy,Latino,53,3,0
07/19/2020,Chickahominy,"Native American",1,1,0
07/19/2020,Chickahominy,"Not Reported",213,0,1
07/19/2020,Chickahominy,"Other Race",10,2,0
07/19/2020,Chickahominy,"Two or more races",1,1,0
07/19/2020,Chickahominy,White,362,71,29
07/19/2020,Crater,"Asian or Pacific Islander",5,0,0
07/19/2020,Crater,Black,884,136,32
07/19/2020,Crater,Latino,147,7,2
07/19/2020,Crater,"Native American",3,0,0
07/19/2020,Crater,"Not Reported",428,8,6
07/19/2020,Crater,"Other Race",16,0,0
07/19/2020,Crater,"Two or more races",2,0,0
07/19/2020,Crater,White,364,37,10
07/19/2020,"Cumberland Plateau",Black,13,0,0
07/19/2020,"Cumberland Plateau",Latino,1,0,0
07/19/2020,"Cumberland Plateau","Not Reported",8,1,0
07/19/2020,"Cumberland Plateau","Other Race",0,0,0
07/19/2020,"Cumberland Plateau","Two or more races",2,0,0
07/19/2020,"Cumberland Plateau",White,110,8,0
07/19/2020,"Cumberland Plateau and Lenowisco","Asian or Pacific Islander",1,0,0
07/19/2020,"Cumberland Plateau, Lenowisco, and Mount Rogers","Native American",0,0,0
07/19/2020,"Eastern Shore",Black,803,91,25
07/19/2020,"Eastern Shore",Latino,247,8,3
07/19/2020,"Eastern Shore","Not Reported",85,0,0
07/19/2020,"Eastern Shore","Other Race",13,1,0
07/19/2020,"Eastern Shore","Two or more races",1,1,0
07/19/2020,"Eastern Shore",White,177,15,15
07/19/2020,"Eastern Shore and Three Rivers","Asian or Pacific Islander",8,1,0
07/19/2020,"Eastern Shore and Three Rivers","Native American",1,0,0
07/19/2020,Fairfax,"Asian or Pacific Islander",1202,219,70
07/19/2020,Fairfax,Black,916,186,53
07/19/2020,Fairfax,Latino,7835,856,72
07/19/2020,Fairfax,"Native American",25,1,1
07/19/2020,Fairfax,"Not Reported",2100,71,40
07/19/2020,Fairfax,"Other Race",529,65,13
07/19/2020,Fairfax,"Two or more races",38,4,0
07/19/2020,Fairfax,White,2360,408,273
07/19/2020,Hampton,"Asian or Pacific Islander",5,0,0
07/19/2020,Hampton,Black,276,28,4
07/19/2020,Hampton,Latino,38,4,0
07/19/2020,Hampton,"Native American",0,0,0
07/19/2020,Hampton,"Not Reported",286,0,0
07/19/2020,Hampton,"Other Race",11,2,0
07/19/2020,Hampton,"Two or more races",4,0,0
07/19/2020,Hampton,White,81,8,0
07/19/2020,Henrico,"Asian or Pacific Islander",125,8,3
07/19/2020,Henrico,Black,845,136,76
07/19/2020,Henrico,Latino,623,46,6
07/19/2020,Henrico,"Native American",7,0,0
07/19/2020,Henrico,"Not Reported",657,2,3
07/19/2020,Henrico,"Other Race",71,11,0
07/19/2020,Henrico,"Two or more races",8,0,0
07/19/2020,Henrico,White,701,81,87
07/19/2020,Lenowisco,Black,1,0,0
07/19/2020,Lenowisco,Latino,1,0,0
07/19/2020,Lenowisco,"Not Reported",12,1,1
07/19/2020,Lenowisco,"Other Race",1,0,0
07/19/2020,Lenowisco,"Two or more races",0,0,0
07/19/2020,Lenowisco,White,98,20,4
07/19/2020,"Lord Fairfax","Asian or Pacific Islander",7,0,0
07/19/2020,"Lord Fairfax",Black,91,9,6
07/19/2020,"Lord Fairfax",Latino,598,37,8
07/19/2020,"Lord Fairfax","Native American",2,1,1
07/19/2020,"Lord Fairfax","Not Reported",288,6,6
07/19/2020,"Lord Fairfax","Other Race",61,6,1
07/19/2020,"Lord Fairfax","Two or more races",11,0,0
07/19/2020,"Lord Fairfax",White,1252,143,58
07/19/2020,Loudoun,"Asian or Pacific Islander",203,39,10
07/19/2020,Loudoun,Black,166,24,3
07/19/2020,Loudoun,Latino,1216,141,11
07/19/2020,Loudoun,"Native American",2,0,0
07/19/2020,Loudoun,"Not Reported",1999,3,2
07/19/2020,Loudoun,"Other Race",119,10,1
07/19/2020,Loudoun,"Two or more races",26,0,0
07/19/2020,Loudoun,White,916,100,76
07/19/2020,"Mount Rogers","Asian or Pacific Islander",2,1,0
07/19/2020,"Mount Rogers",Black,30,5,2
07/19/2020,"Mount Rogers",Latino,215,1,0
07/19/2020,"Mount Rogers","Not Reported",51,2,1
07/19/2020,"Mount Rogers","Other Race",4,0,0
07/19/2020,"Mount Rogers","Two or more races",4,0,0
07/19/2020,"Mount Rogers",White,651,80,33
07/19/2020,"New River","Asian or Pacific Islander",6,0,0
07/19/2020,"New River",Black,24,3,0
07/19/2020,"New River",Latino,25,3,0
07/19/2020,"New River","Native American",0,0,0
07/19/2020,"New River","Not Reported",49,0,0
07/19/2020,"New River","Other Race",3,1,0
07/19/2020,"New River","Two or more races",0,0,0
07/19/2020,"New River",White,236,18,6
07/19/2020,Norfolk,"Asian or Pacific Islander",21,1,0
07/19/2020,Norfolk,Black,1036,91,13
07/19/2020,Norfolk,Latino,207,18,0
07/19/2020,Norfolk,"Native American",3,0,0
07/19/2020,Norfolk,"Not Reported",622,0,0
07/19/2020,Norfolk,"Other Race",27,1,0
07/19/2020,Norfolk,"Two or more races",3,0,0
07/19/2020,Norfolk,White,236,29,6
07/19/2020,Peninsula,"Asian or Pacific Islander",13,3,1
07/19/2020,Peninsula,Black,446,46,13
07/19/2020,Peninsula,Latino,227,14,0
07/19/2020,Peninsula,"Native American",2,0,0
07/19/2020,Peninsula,"Not Reported",764,1,0
07/19/2020,Peninsula,"Other Race",47,3,0
07/19/2020,Peninsula,"Two or more races",9,2,0
07/19/2020,Peninsula,White,416,75,24
07/19/2020,Piedmont,"Asian or Pacific Islander",4,0,0
07/19/2020,Piedmont,Black,380,53,7
07/19/2020,Piedmont,Latino,61,6,1
07/19/2020,Piedmont,"Native American",1,0,0
07/19/2020,Piedmont,"Not Reported",360,13,2
07/19/2020,Piedmont,"Other Race",6,0,0
07/19/2020,Piedmont,"Two or more races",4,2,0
07/19/2020,Piedmont,White,348,40,9
07/19/2020,Pittsylvania-Danville,"Asian or Pacific Islander",0,0,0
07/19/2020,Pittsylvania-Danville,Black,150,25,1
07/19/2020,Pittsylvania-Danville,Latino,38,2,0
07/19/2020,Pittsylvania-Danville,"Not Reported",106,5,0
07/19/2020,Pittsylvania-Danville,"Other Race",0,0,0
07/19/2020,Pittsylvania-Danville,"Two or more races",0,0,0
07/19/2020,Pittsylvania-Danville,White,111,20,3
07/19/2020,"Pittsylvania-Danville and Southside","Native American",0,0,0
07/19/2020,Portsmouth,"Asian or Pacific Islander",5,2,0
07/19/2020,Portsmouth,Black,500,66,13
07/19/2020,Portsmouth,Latino,43,10,1
07/19/2020,Portsmouth,"Native American",2,1,0
07/19/2020,Portsmouth,"Not Reported",285,2,0
07/19/2020,Portsmouth,"Other Race",17,2,1
07/19/2020,Portsmouth,"Two or more races",2,1,0
07/19/2020,Portsmouth,White,112,12,5
07/19/2020,"Prince William","Asian or Pacific Islander",294,43,13
07/19/2020,"Prince William",Black,741,132,40
07/19/2020,"Prince William",Latino,4488,542,58
07/19/2020,"Prince William","Native American",15,1,0
07/19/2020,"Prince William","Not Reported",3359,21,0
07/19/2020,"Prince William","Other Race",229,11,0
07/19/2020,"Prince William","Two or more races",12,1,0
07/19/2020,"Prince William",White,1013,133,78
07/19/2020,Rappahannock,"Asian or Pacific Islander",47,8,1
07/19/2020,Rappahannock,Black,337,49,9
07/19/2020,Rappahannock,Latino,958,96,6
07/19/2020,Rappahannock,"Native American",3,0,0
07/19/2020,Rappahannock,"Not Reported",787,24,0
07/19/2020,Rappahannock,"Other Race",51,4,0
07/19/2020,Rappahannock,"Two or more races",14,1,0
07/19/2020,Rappahannock,White,631,74,30
07/19/2020,"Rappahannock Rapidan","Asian or Pacific Islander",5,1,0
07/19/2020,"Rappahannock Rapidan",Black,96,18,6
07/19/2020,"Rappahannock Rapidan",Latino,677,57,6
07/19/2020,"Rappahannock Rapidan","Native American",1,0,0
07/19/2020,"Rappahannock Rapidan","Not Reported",462,11,2
07/19/2020,"Rappahannock Rapidan","Other Race",21,1,0
07/19/2020,"Rappahannock Rapidan","Two or more races",15,2,0
07/19/2020,"Rappahannock Rapidan",White,409,35,11
07/19/2020,Richmond,"Asian or Pacific Islander",10,3,1
07/19/2020,Richmond,Black,656,135,23
07/19/2020,Richmond,Latino,1002,80,5
07/19/2020,Richmond,"Native American",0,0,0
07/19/2020,Richmond,"Not Reported",546,2,0
07/19/2020,Richmond,"Other Race",96,8,2
07/19/2020,Richmond,"Two or more races",2,0,0
07/19/2020,Richmond,White,251,22,5
07/19/2020,Roanoke,"Asian or Pacific Islander",2,0,0
07/19/2020,Roanoke,Black,48,7,2
07/19/2020,Roanoke,Latino,186,2,0
07/19/2020,Roanoke,"Not Reported",295,1,0
07/19/2020,Roanoke,"Other Race",3,0,0
07/19/2020,Roanoke,"Two or more races",1,0,0
07/19/2020,Roanoke,White,102,5,8
07/19/2020,Southside,"Asian or Pacific Islander",1,0,0
07/19/2020,Southside,Black,143,30,9
07/19/2020,Southside,Latino,2,0,0
07/19/2020,Southside,"Not Reported",234,9,6
07/19/2020,Southside,"Other Race",7,0,1
07/19/2020,Southside,"Two or more races",22,0,0
07/19/2020,Southside,White,124,21,16
07/19/2020,"Thomas Jefferson","Asian or Pacific Islander",23,0,1
07/19/2020,"Thomas Jefferson",Black,238,55,8
07/19/2020,"Thomas Jefferson",Latino,420,18,0
07/19/2020,"Thomas Jefferson","Native American",2,0,0
07/19/2020,"Thomas Jefferson","Not Reported",124,1,0
07/19/2020,"Thomas Jefferson","Other Race",52,3,0
07/19/2020,"Thomas Jefferson","Two or more races",14,0,0
07/19/2020,"Thomas Jefferson",White,503,39,20
07/19/2020,"Three Rivers",Black,241,23,5
07/19/2020,"Three Rivers",Latino,135,4,0
07/19/2020,"Three Rivers","Not Reported",168,2,0
07/19/2020,"Three Rivers","Other Race",7,3,0
07/19/2020,"Three Rivers","Two or more races",3,0,0
07/19/2020,"Three Rivers",White,296,28,6
07/19/2020,"Virginia Beach","Asian or Pacific Islander",91,13,1
07/19/2020,"Virginia Beach",Black,709,39,7
07/19/2020,"Virginia Beach",Latino,217,17,3
07/19/2020,"Virginia Beach","Native American",2,0,0
07/19/2020,"Virginia Beach","Not Reported",648,5,3
07/19/2020,"Virginia Beach","Other Race",26,1,0
07/19/2020,"Virginia Beach","Two or more races",23,2,0
07/19/2020,"Virginia Beach",White,894,71,23
07/19/2020,"West Piedmont","Asian or Pacific Islander",11,1,1
07/19/2020,"West Piedmont",Black,153,40,1
07/19/2020,"West Piedmont",Latino,181,8,0
07/19/2020,"West Piedmont","Native American",0,0,0
07/19/2020,"West Piedmont","Not Reported",109,2,1
07/19/2020,"West Piedmont","Other Race",2,1,1
07/19/2020,"West Piedmont","Two or more races",0,0,0
07/19/2020,"West Piedmont",White,243,26,4
07/19/2020,"Western Tidewater","Asian or Pacific Islander",9,1,0
07/19/2020,"Western Tidewater",Black,543,60,31
07/19/2020,"Western Tidewater",Latino,16,1,0
07/19/2020,"Western Tidewater","Native American",1,0,0
07/19/2020,"Western Tidewater","Not Reported",399,3,2
07/19/2020,"Western Tidewater","Other Race",22,0,1
07/19/2020,"Western Tidewater","Two or more races",2,0,0
07/19/2020,"Western Tidewater",White,288,44,34
07/20/2020,Alexandria,"Asian or Pacific Islander",87,8,1
07/20/2020,Alexandria,Black,404,65,12
07/20/2020,Alexandria,Latino,1375,120,8
07/20/2020,Alexandria,"Native American",2,0,0
07/20/2020,Alexandria,"Not Reported",153,6,0
07/20/2020,Alexandria,"Other Race",47,5,2
07/20/2020,Alexandria,"Two or more races",5,1,0
07/20/2020,Alexandria,White,486,50,33
07/20/2020,Alleghany,"Asian or Pacific Islander",4,0,0
07/20/2020,Alleghany,Black,25,2,1
07/20/2020,Alleghany,Latino,83,6,0
07/20/2020,Alleghany,"Not Reported",316,1,0
07/20/2020,Alleghany,"Other Race",4,0,0
07/20/2020,Alleghany,"Two or more races",2,0,0
07/20/2020,Alleghany,White,281,28,14
07/20/2020,"Alleghany and Roanoke","Native American",0,0,0
07/20/2020,Arlington,"Asian or Pacific Islander",130,22,12
07/20/2020,Arlington,Black,244,69,32
07/20/2020,Arlington,Latino,1307,210,23
07/20/2020,Arlington,"Native American",3,0,0
07/20/2020,Arlington,"Not Reported",190,3,0
07/20/2020,Arlington,"Other Race",63,8,3
07/20/2020,Arlington,"Two or more races",16,2,0
07/20/2020,Arlington,White,784,116,65
07/20/2020,"Central Shenandoah","Asian or Pacific Islander",17,2,0
07/20/2020,"Central Shenandoah",Black,108,9,4
07/20/2020,"Central Shenandoah",Latino,824,50,4
07/20/2020,"Central Shenandoah","Native American",3,1,0
07/20/2020,"Central Shenandoah","Not Reported",210,3,1
07/20/2020,"Central Shenandoah","Other Race",35,1,0
07/20/2020,"Central Shenandoah","Two or more races",10,1,0
07/20/2020,"Central Shenandoah",White,1223,125,39
07/20/2020,"Central Virginia","Asian or Pacific Islander",0,0,0
07/20/2020,"Central Virginia",Black,35,3,1
07/20/2020,"Central Virginia",Latino,25,1,1
07/20/2020,"Central Virginia","Native American",0,0,0
07/20/2020,"Central Virginia","Not Reported",468,4,0
07/20/2020,"Central Virginia","Other Race",2,0,0
07/20/2020,"Central Virginia","Two or more races",0,0,0
07/20/2020,"Central Virginia",White,106,9,4
07/20/2020,Chesapeake,"Asian or Pacific Islander",28,5,2
07/20/2020,Chesapeake,Black,644,90,7
07/20/2020,Chesapeake,Latino,158,15,2
07/20/2020,Chesapeake,"Native American",8,0,0
07/20/2020,Chesapeake,"Not Reported",428,3,0
07/20/2020,Chesapeake,"Other Race",19,1,0
07/20/2020,Chesapeake,"Two or more races",8,0,0
07/20/2020,Chesapeake,White,465,55,13
07/20/2020,Chesterfield,"Asian or Pacific Islander",33,2,0
07/20/2020,Chesterfield,Black,498,73,21
07/20/2020,Chesterfield,Latino,820,46,3
07/20/2020,Chesterfield,"Native American",3,0,0
07/20/2020,Chesterfield,"Not Reported",1597,4,11
07/20/2020,Chesterfield,"Other Race",175,6,0
07/20/2020,Chesterfield,"Two or more races",11,2,0
07/20/2020,Chesterfield,White,602,74,53
07/20/2020,Chickahominy,"Asian or Pacific Islander",5,1,0
07/20/2020,Chickahominy,Black,141,36,10
07/20/2020,Chickahominy,Latino,54,3,0
07/20/2020,Chickahominy,"Native American",1,1,0
07/20/2020,Chickahominy,"Not Reported",215,0,1
07/20/2020,Chickahominy,"Other Race",10,2,0
07/20/2020,Chickahominy,"Two or more races",1,1,0
07/20/2020,Chickahominy,White,363,71,29
07/20/2020,Crater,"Asian or Pacific Islander",5,0,0
07/20/2020,Crater,Black,896,136,32
07/20/2020,Crater,Latino,149,7,2
07/20/2020,Crater,"Native American",4,0,0
07/20/2020,Crater,"Not Reported",422,9,6
07/20/2020,Crater,"Other Race",16,0,0
07/20/2020,Crater,"Two or more races",2,0,0
07/20/2020,Crater,White,366,37,10
07/20/2020,"Cumberland Plateau",Black,13,0,0
07/20/2020,"Cumberland Plateau",Latino,1,0,0
07/20/2020,"Cumberland Plateau","Not Reported",9,1,0
07/20/2020,"Cumberland Plateau","Other Race",0,0,0
07/20/2020,"Cumberland Plateau","Two or more races",2,0,0
07/20/2020,"Cumberland Plateau",White,113,9,0
07/20/2020,"Cumberland Plateau and Lenowisco","Asian or Pacific Islander",1,0,0
07/20/2020,"Cumberland Plateau, Lenowisco, and Mount Rogers","Native American",0,0,0
07/20/2020,"Eastern Shore",Black,803,91,25
07/20/2020,"Eastern Shore",Latino,248,9,3
07/20/2020,"Eastern Shore","Not Reported",85,0,0
07/20/2020,"Eastern Shore","Other Race",13,1,0
07/20/2020,"Eastern Shore","Two or more races",1,1,0
07/20/2020,"Eastern Shore",White,178,15,15
07/20/2020,"Eastern Shore and Three Rivers","Asian or Pacific Islander",8,1,0
07/20/2020,"Eastern Shore and Three Rivers","Native American",1,0,0
07/20/2020,Fairfax,"Asian or Pacific Islander",1207,219,70
07/20/2020,Fairfax,Black,926,186,53
07/20/2020,Fairfax,Latino,7849,858,72
07/20/2020,Fairfax,"Native American",26,1,1
07/20/2020,Fairfax,"Not Reported",2114,70,40
07/20/2020,Fairfax,"Other Race",531,65,13
07/20/2020,Fairfax,"Two or more races",38,4,0
07/20/2020,Fairfax,White,2371,409,273
07/20/2020,Hampton,"Asian or Pacific Islander",5,0,0
07/20/2020,Hampton,Black,282,29,4
07/20/2020,Hampton,Latino,38,4,0
07/20/2020,Hampton,"Native American",0,0,0
07/20/2020,Hampton,"Not Reported",299,0,0
07/20/2020,Hampton,"Other Race",11,2,0
07/20/2020,Hampton,"Two or more races",4,0,0
07/20/2020,Hampton,White,84,8,0
07/20/2020,Henrico,"Asian or Pacific Islander",125,8,3
07/20/2020,Henrico,Black,858,137,76
07/20/2020,Henrico,Latino,629,46,6
07/20/2020,Henrico,"Native American",7,0,0
07/20/2020,Henrico,"Not Reported",656,2,3
07/20/2020,Henrico,"Other Race",71,11,0
07/20/2020,Henrico,"Two or more races",8,0,0
07/20/2020,Henrico,White,704,81,87
07/20/2020,Lenowisco,Black,1,0,0
07/20/2020,Lenowisco,Latino,1,0,0
07/20/2020,Lenowisco,"Not Reported",16,1,1
07/20/2020,Lenowisco,"Other Race",1,0,0
07/20/2020,Lenowisco,"Two or more races",0,0,0
07/20/2020,Lenowisco,White,100,20,4
07/20/2020,"Lord Fairfax","Asian or Pacific Islander",7,0,0
07/20/2020,"Lord Fairfax",Black,93,10,6
07/20/2020,"Lord Fairfax",Latino,599,37,8
07/20/2020,"Lord Fairfax","Native American",2,1,1
07/20/2020,"Lord Fairfax","Not Reported",291,6,6
07/20/2020,"Lord Fairfax","Other Race",62,6,1
07/20/2020,"Lord Fairfax","Two or more races",11,0,0
07/20/2020,"Lord Fairfax",White,1274,144,58
07/20/2020,Loudoun,"Asian or Pacific Islander",203,39,10
07/20/2020,Loudoun,Black,170,24,3
07/20/2020,Loudoun,Latino,1223,141,11
07/20/2020,Loudoun,"Native American",2,0,0
07/20/2020,Loudoun,"Not Reported",1997,3,2
07/20/2020,Loudoun,"Other Race",119,10,1
07/20/2020,Loudoun,"Two or more races",26,0,0
07/20/2020,Loudoun,White,930,100,76
07/20/2020,"Mount Rogers","Asian or Pacific Islander",2,1,0
07/20/2020,"Mount Rogers",Black,30,5,2
07/20/2020,"Mount Rogers",Latino,218,1,0
07/20/2020,"Mount Rogers","Not Reported",52,2,1
07/20/2020,"Mount Rogers","Other Race",4,0,0
07/20/2020,"Mount Rogers","Two or more races",4,0,0
07/20/2020,"Mount Rogers",White,662,83,33
07/20/2020,"New River","Asian or Pacific Islander",6,0,0
07/20/2020,"New River",Black,24,3,0
07/20/2020,"New River",Latino,26,3,0
07/20/2020,"New River","Native American",0,0,0
07/20/2020,"New River","Not Reported",50,0,0
07/20/2020,"New River","Other Race",3,1,0
07/20/2020,"New River","Two or more races",0,0,0
07/20/2020,"New River",White,239,18,6
07/20/2020,Norfolk,"Asian or Pacific Islander",22,1,0
07/20/2020,Norfolk,Black,1062,92,13
07/20/2020,Norfolk,Latino,207,18,0
07/20/2020,Norfolk,"Native American",3,0,0
07/20/2020,Norfolk,"Not Reported",631,0,0
07/20/2020,Norfolk,"Other Race",32,2,1
07/20/2020,Norfolk,"Two or more races",3,0,0
07/20/2020,Norfolk,White,254,29,6
07/20/2020,Peninsula,"Asian or Pacific Islander",14,3,1
07/20/2020,Peninsula,Black,456,47,14
07/20/2020,Peninsula,Latino,229,14,0
07/20/2020,Peninsula,"Native American",2,0,0
07/20/2020,Peninsula,"Not Reported",828,1,0
07/20/2020,Peninsula,"Other Race",47,3,0
07/20/2020,Peninsula,"Two or more races",9,2,0
07/20/2020,Peninsula,White,420,75,24
07/20/2020,Piedmont,"Asian or Pacific Islander",4,0,0
07/20/2020,Piedmont,Black,381,53,7
07/20/2020,Piedmont,Latino,61,6,1
07/20/2020,Piedmont,"Native American",1,0,0
07/20/2020,Piedmont,"Not Reported",370,13,2
07/20/2020,Piedmont,"Other Race",6,0,0
07/20/2020,Piedmont,"Two or more races",4,2,0
07/20/2020,Piedmont,White,350,40,9
07/20/2020,Pittsylvania-Danville,"Asian or Pacific Islander",0,0,0
07/20/2020,Pittsylvania-Danville,Black,159,29,2
07/20/2020,Pittsylvania-Danville,Latino,39,2,0
07/20/2020,Pittsylvania-Danville,"Not Reported",118,5,0
07/20/2020,Pittsylvania-Danville,"Other Race",0,0,0
07/20/2020,Pittsylvania-Danville,"Two or more races",0,0,0
07/20/2020,Pittsylvania-Danville,White,112,20,3
07/20/2020,"Pittsylvania-Danville and Southside","Native American",0,0,0
07/20/2020,Portsmouth,"Asian or Pacific Islander",5,2,0
07/20/2020,Portsmouth,Black,518,67,13
07/20/2020,Portsmouth,Latino,43,10,1
07/20/2020,Portsmouth,"Native American",2,1,0
07/20/2020,Portsmouth,"Not Reported",308,2,0
07/20/2020,Portsmouth,"Other Race",18,2,1
07/20/2020,Portsmouth,"Two or more races",2,1,0
07/20/2020,Portsmouth,White,113,12,5
07/20/2020,"Prince William","Asian or Pacific Islander",294,43,13
07/20/2020,"Prince William",Black,749,132,40
07/20/2020,"Prince William",Latino,4499,542,58
07/20/2020,"Prince William","Native American",15,1,0
07/20/2020,"Prince William","Not Reported",3371,21,0
07/20/2020,"Prince William","Other Race",230,11,0
07/20/2020,"Prince William","Two or more races",14,1,0
07/20/2020,"Prince William",White,1021,133,78
07/20/2020,Rappahannock,"Asian or Pacific Islander",47,8,1
07/20/2020,Rappahannock,Black,341,49,9
07/20/2020,Rappahannock,Latino,959,96,6
07/20/2020,Rappahannock,"Native American",3,0,0
07/20/2020,Rappahannock,"Not Reported",791,24,0
07/20/2020,Rappahannock,"Other Race",52,4,0
07/20/2020,Rappahannock,"Two or more races",14,1,0
07/20/2020,Rappahannock,White,636,74,30
07/20/2020,"Rappahannock Rapidan","Asian or Pacific Islander",5,1,0
07/20/2020,"Rappahannock Rapidan",Black,98,19,6
07/20/2020,"Rappahannock Rapidan",Latino,677,57,6
07/20/2020,"Rappahannock Rapidan","Native American",1,0,0
07/20/2020,"Rappahannock Rapidan","Not Reported",462,11,2
07/20/2020,"Rappahannock Rapidan","Other Race",21,1,0
07/20/2020,"Rappahannock Rapidan","Two or more races",15,2,0
07/20/2020,"Rappahannock Rapidan",White,415,36,11
07/20/2020,Richmond,"Asian or Pacific Islander",10,3,1
07/20/2020,Richmond,Black,661,135,23
07/20/2020,Richmond,Latino,1011,80,5
07/20/2020,Richmond,"Native American",0,0,0
07/20/2020,Richmond,"Not Reported",550,2,0
07/20/2020,Richmond,"Other Race",96,8,2
07/20/2020,Richmond,"Two or more races",2,0,0
07/20/2020,Richmond,White,258,24,5
07/20/2020,Roanoke,"Asian or Pacific Islander",2,0,0
07/20/2020,Roanoke,Black,50,7,2
07/20/2020,Roanoke,Latino,196,2,0
07/20/2020,Roanoke,"Not Reported",303,1,0
07/20/2020,Roanoke,"Other Race",3,0,0
07/20/2020,Roanoke,"Two or more races",1,0,0
07/20/2020,Roanoke,White,104,5,8
07/20/2020,Southside,"Asian or Pacific Islander",1,0,0
07/20/2020,Southside,Black,148,30,9
07/20/2020,Southside,Latino,2,0,0
07/20/2020,Southside,"Not Reported",237,9,6
07/20/2020,Southside,"Other Race",7,0,1
07/20/2020,Southside,"Two or more races",22,0,0
07/20/2020,Southside,White,125,21,16
07/20/2020,"Thomas Jefferson","Asian or Pacific Islander",23,0,1
07/20/2020,"Thomas Jefferson",Black,247,55,8
07/20/2020,"Thomas Jefferson",Latino,427,18,0
07/20/2020,"Thomas Jefferson","Native American",2,0,0
07/20/2020,"Thomas Jefferson","Not Reported",129,1,0
07/20/2020,"Thomas Jefferson","Other Race",59,3,0
07/20/2020,"Thomas Jefferson","Two or more races",14,0,0
07/20/2020,"Thomas Jefferson",White,513,39,20
07/20/2020,"Three Rivers",Black,246,23,5
07/20/2020,"Three Rivers",Latino,135,4,0
07/20/2020,"Three Rivers","Not Reported",171,2,0
07/20/2020,"Three Rivers","Other Race",7,3,0
07/20/2020,"Three Rivers","Two or more races",4,0,0
07/20/2020,"Three Rivers",White,305,28,7
07/20/2020,"Virginia Beach","Asian or Pacific Islander",92,13,1
07/20/2020,"Virginia Beach",Black,727,39,7
07/20/2020,"Virginia Beach",Latino,217,17,3
07/20/2020,"Virginia Beach","Native American",2,0,0
07/20/2020,"Virginia Beach","Not Reported",723,5,3
07/20/2020,"Virginia Beach","Other Race",26,1,0
07/20/2020,"Virginia Beach","Two or more races",24,2,0
07/20/2020,"Virginia Beach",White,909,72,23
07/20/2020,"West Piedmont","Asian or Pacific Islander",11,1,1
07/20/2020,"West Piedmont",Black,153,40,1
07/20/2020,"West Piedmont",Latino,181,8,0
07/20/2020,"West Piedmont","Native American",0,0,0
07/20/2020,"West Piedmont","Not Reported",109,2,1
07/20/2020,"West Piedmont","Other Race",2,1,1
07/20/2020,"West Piedmont","Two or more races",0,0,0
07/20/2020,"West Piedmont",White,243,26,4
07/20/2020,"Western Tidewater","Asian or Pacific Islander",9,1,0
07/20/2020,"Western Tidewater",Black,567,62,31
07/20/2020,"Western Tidewater",Latino,16,1,0
07/20/2020,"Western Tidewater","Native American",1,0,0
07/20/2020,"Western Tidewater","Not Reported",410,3,2
07/20/2020,"Western Tidewater","Other Race",22,0,1
07/20/2020,"Western Tidewater","Two or more races",2,0,0
07/20/2020,"Western Tidewater",White,304,45,34
07/21/2020,Southside,"Not Reported",239,9,6
07/21/2020,Chesapeake,White,471,55,13
07/21/2020,"Three Rivers","Other Race",7,3,0
07/21/2020,"Central Virginia","Other Race",2,0,0
07/21/2020,"Central Virginia","Two or more races",0,0,0
07/21/2020,"Cumberland Plateau",White,114,9,0
07/21/2020,Lenowisco,"Two or more races",0,0,0
07/21/2020,"Western Tidewater",Black,581,62,32
07/21/2020,"Western Tidewater",Latino,16,1,0
07/21/2020,Fairfax,"Not Reported",2154,70,39
07/21/2020,Chesapeake,"Not Reported",435,3,0
07/21/2020,"Thomas Jefferson",White,521,39,21
07/21/2020,"Cumberland Plateau","Two or more races",2,0,0
07/21/2020,Loudoun,Black,172,24,3
07/21/2020,Loudoun,Latino,1249,144,11
07/21/2020,Alleghany,Latino,83,6,0
07/21/2020,Alleghany,Black,25,2,1
07/21/2020,"Three Rivers",Black,246,22,4
07/21/2020,"Three Rivers",Latino,136,5,1
07/21/2020,"Central Shenandoah","Two or more races",10,1,0
07/21/2020,Hampton,Black,287,29,4
07/21/2020,Hampton,Latino,38,4,0
07/21/2020,Southside,"Other Race",7,0,1
07/21/2020,Piedmont,"Other Race",6,0,0
07/21/2020,"Prince William","Other Race",230,11,0
07/21/2020,Richmond,"Other Race",99,8,2
07/21/2020,Hampton,"Two or more races",4,0,0
07/21/2020,Norfolk,Latino,209,18,0
07/21/2020,"Lord Fairfax","Not Reported",292,5,6
07/21/2020,Norfolk,Black,1101,94,14
07/21/2020,"Central Virginia",Black,37,3,1
07/21/2020,Rappahannock,Latino,962,96,6
07/21/2020,"Central Virginia",Latino,25,1,1
07/21/2020,Rappahannock,Black,346,50,10
07/21/2020,"West Piedmont",White,245,27,5
07/21/2020,Rappahannock,"Not Reported",807,24,0
07/21/2020,"Central Shenandoah","Not Reported",211,3,1
07/21/2020,Chesterfield,Latino,846,52,3
07/21/2020,Chesterfield,Black,507,74,21
07/21/2020,"Central Shenandoah",Latino,827,50,4
07/21/2020,Southside,Latino,2,0,0
07/21/2020,Southside,Black,151,30,9
07/21/2020,"Central Shenandoah",Black,111,9,4
07/21/2020,Peninsula,White,426,75,24
07/21/2020,"Rappahannock Rapidan",White,422,36,11
07/21/2020,"New River",Latino,26,3,0
07/21/2020,"New River",Black,24,3,0
07/21/2020,Roanoke,"Other Race",3,0,0
07/21/2020,"Three Rivers","Two or more races",4,0,0
07/21/2020,"Prince William",White,1031,134,78
07/21/2020,"West Piedmont","Two or more races",0,0,0
07/21/2020,"New River","Not Reported",49,0,0
07/21/2020,Chesterfield,"Not Reported",1619,4,11
07/21/2020,Crater,"Two or more races",2,0,0
07/21/2020,Lenowisco,White,112,21,4
07/21/2020,"Western Tidewater",White,309,45,34
07/21/2020,"Lord Fairfax","Other Race",61,6,1
07/21/2020,Chickahominy,"Two or more races",1,1,0
07/21/2020,Henrico,Latino,637,48,6
07/21/2020,Alleghany,White,281,28,14
07/21/2020,Peninsula,Black,473,50,14
07/21/2020,Peninsula,Latino,229,15,0
07/21/2020,Loudoun,"Other Race",116,10,1
07/21/2020,Arlington,"Not Reported",192,3,0
07/21/2020,"Mount Rogers","Not Reported",50,1,1
07/21/2020,Portsmouth,White,118,12,5
07/21/2020,"Western Tidewater","Two or more races",2,0,0
07/21/2020,"Thomas Jefferson","Not Reported",132,1,0
07/21/2020,"Three Rivers","Not Reported",173,2,0
07/21/2020,Richmond,Black,668,135,22
07/21/2020,Richmond,Latino,1016,82,5
07/21/2020,"Cumberland Plateau",Latino,2,0,0
07/21/2020,Rappahannock,"Other Race",52,4,0
07/21/2020,"Cumberland Plateau",Black,13,0,0
07/21/2020,Loudoun,"Not Reported",1986,3,2
07/21/2020,Loudoun,White,937,104,79
07/21/2020,Peninsula,"Not Reported",850,1,0
07/21/2020,Henrico,White,719,82,88
07/21/2020,Chesterfield,"Two or more races",11,2,0
07/21/2020,Richmond,White,266,24,5
07/21/2020,Chesapeake,"Two or more races",8,0,0
07/21/2020,Chickahominy,White,379,72,29
07/21/2020,Lenowisco,Latino,1,0,0
07/21/2020,Lenowisco,Black,1,0,0
07/21/2020,Roanoke,"Two or more races",1,0,0
07/21/2020,Piedmont,Latino,61,6,1
07/21/2020,Piedmont,Black,382,53,7
07/21/2020,Chesterfield,White,617,76,53
07/21/2020,"Lord Fairfax","Two or more races",11,0,0
07/21/2020,"Central Virginia",White,108,9,4
07/21/2020,Rappahannock,White,644,75,30
07/21/2020,"New River",White,240,18,6
07/21/2020,Crater,White,370,38,10
07/21/2020,Alleghany,"Not Reported",318,1,0
07/21/2020,Arlington,"Two or more races",16,2,0
07/21/2020,Portsmouth,"Other Race",21,2,1
07/21/2020,Piedmont,White,352,40,9
07/21/2020,Alleghany,"Two or more races",2,0,0
07/21/2020,Crater,Black,905,137,32
07/21/2020,Crater,Latino,149,7,2
07/21/2020,Piedmont,"Two or more races",4,2,0
07/21/2020,Pittsylvania-Danville,White,113,20,3
07/21/2020,"Rappahannock Rapidan","Other Race",22,1,0
07/21/2020,Richmond,"Not Reported",561,2,0
07/21/2020,Henrico,"Two or more races",8,0,0
07/21/2020,Henrico,"Other Race",75,11,0
07/21/2020,Loudoun,"Two or more races",26,0,0
07/21/2020,"Rappahannock Rapidan","Two or more races",15,2,0
07/21/2020,Portsmouth,Latino,43,10,1
07/21/2020,Portsmouth,Black,540,71,14
07/21/2020,Portsmouth,"Not Reported",315,2,0
07/21/2020,Alexandria,"Two or more races",6,1,0
07/21/2020,"Virginia Beach","Other Race",28,2,0
07/21/2020,Norfolk,"Not Reported",691,0,0
07/21/2020,Rappahannock,"Two or more races",15,1,0
07/21/2020,Arlington,Black,247,70,32
07/21/2020,Arlington,Latino,1314,210,23
07/21/2020,"Eastern Shore",White,181,16,15
07/21/2020,"Eastern Shore","Not Reported",85,0,0
07/21/2020,Roanoke,White,105,5,8
07/21/2020,Alexandria,"Other Race",47,5,2
07/21/2020,"Cumberland Plateau","Other Race",0,0,0
07/21/2020,"Western Tidewater","Other Race",24,0,1
07/21/2020,Lenowisco,"Other Race",1,0,0
07/21/2020,Pittsylvania-Danville,"Two or more races",0,0,0
07/21/2020,Henrico,"Not Reported",657,2,3
07/21/2020,Crater,"Other Race",16,0,0
07/21/2020,Chickahominy,"Other Race",9,2,0
07/21/2020,Roanoke,Black,50,7,2
07/21/2020,Roanoke,Latino,200,2,0
07/21/2020,Peninsula,"Two or more races",9,2,0
07/21/2020,Peninsula,"Other Race",48,3,0
07/21/2020,"Thomas Jefferson","Two or more races",14,0,0
07/21/2020,Arlington,White,783,116,65
07/21/2020,Norfolk,"Two or more races",6,0,0
07/21/2020,Alexandria,White,492,50,33
07/21/2020,Hampton,"Not Reported",318,0,0
07/21/2020,"Mount Rogers",White,670,86,33
07/21/2020,Alexandria,"Not Reported",154,6,0
07/21/2020,"Western Tidewater","Not Reported",421,3,2
07/21/2020,"Cumberland Plateau","Not Reported",11,1,0
07/21/2020,"Thomas Jefferson","Other Race",61,3,0
07/21/2020,"Mount Rogers",Black,31,5,2
07/21/2020,"Mount Rogers",Latino,222,1,0
07/21/2020,"West Piedmont",Black,162,40,1
07/21/2020,"West Piedmont",Latino,182,8,0
07/21/2020,"Virginia Beach",White,933,75,24
07/21/2020,"West Piedmont","Other Race",2,1,1
07/21/2020,Richmond,"Two or more races",3,0,0
07/21/2020,"Virginia Beach","Not Reported",770,5,3
07/21/2020,Hampton,"Other Race",13,2,0
07/21/2020,"Virginia Beach",Black,754,40,7
07/21/2020,"Virginia Beach",Latino,221,17,3
07/21/2020,Fairfax,Black,934,186,53
07/21/2020,Fairfax,Latino,7849,858,72
07/21/2020,"Prince William",Latino,4524,544,59
07/21/2020,"Prince William",Black,759,132,41
07/21/2020,Piedmont,"Not Reported",375,13,2
07/21/2020,Chesapeake,Latino,159,15,2
07/21/2020,Chesapeake,Black,661,95,7
07/21/2020,Pittsylvania-Danville,"Not Reported",117,5,0
07/21/2020,Alleghany,"Other Race",4,0,0
07/21/2020,"West Piedmont","Not Reported",133,2,1
07/21/2020,Norfolk,White,262,29,6
07/21/2020,"Virginia Beach","Two or more races",24,2,0
07/21/2020,Chesapeake,"Other Race",18,1,0
07/21/2020,Norfolk,"Other Race",34,2,1
07/21/2020,Chickahominy,Latino,56,3,0
07/21/2020,Chickahominy,Black,143,36,10
07/21/2020,"Eastern Shore",Black,805,91,25
07/21/2020,"Eastern Shore",Latino,249,9,3
07/21/2020,"Prince William","Two or more races",14,1,0
07/21/2020,Hampton,White,86,8,0
07/21/2020,"Prince William","Not Reported",3377,23,0
07/21/2020,"Mount Rogers","Two or more races",4,0,0
07/21/2020,Fairfax,White,2375,410,275
07/21/2020,"Thomas Jefferson",Black,253,55,8
07/21/2020,"Thomas Jefferson",Latino,433,18,0
07/21/2020,"Rappahannock Rapidan","Not Reported",464,11,2
07/21/2020,Southside,"Two or more races",22,0,0
07/21/2020,Lenowisco,"Not Reported",18,1,1
07/21/2020,Crater,"Not Reported",422,9,6
07/21/2020,Chickahominy,"Not Reported",216,0,1
07/21/2020,Fairfax,"Other Race",536,65,13
07/21/2020,Portsmouth,"Two or more races",2,1,0
07/21/2020,Alexandria,Black,410,65,12
07/21/2020,Alexandria,Latino,1382,120,8
07/21/2020,Roanoke,"Not Reported",304,1,0
07/21/2020,Pittsylvania-Danville,Black,159,29,2
07/21/2020,Pittsylvania-Danville,Latino,39,2,0
07/21/2020,"Eastern Shore","Two or more races",1,1,0
07/21/2020,"Lord Fairfax",White,1276,146,60
07/21/2020,Chesterfield,"Other Race",174,7,0
07/21/2020,"Mount Rogers","Other Race",5,1,0
07/21/2020,"Eastern Shore","Other Race",13,1,0
07/21/2020,"Three Rivers",White,315,28,7
07/21/2020,Pittsylvania-Danville,"Other Race",0,0,0
07/21/2020,"Rappahannock Rapidan",Latino,682,57,6
07/21/2020,"Rappahannock Rapidan",Black,104,19,6
07/21/2020,"Central Virginia","Not Reported",498,5,0
07/21/2020,"Lord Fairfax",Latino,601,37,8
07/21/2020,"Lord Fairfax",Black,94,10,6
07/21/2020,"Central Shenandoah","Other Race",35,1,0
07/21/2020,Fairfax,"Two or more races",38,4,0
07/21/2020,Arlington,"Other Race",64,8,3
07/21/2020,"New River","Two or more races",0,0,0
07/21/2020,"Central Shenandoah",White,1229,125,40
07/21/2020,Southside,White,128,21,16
07/21/2020,"New River","Other Race",3,1,0
07/21/2020,Chesterfield,"Asian or Pacific Islander",33,2,0
07/21/2020,Crater,"Asian or Pacific Islander",5,0,0
07/21/2020,Fairfax,"Asian or Pacific Islander",1209,219,70
07/21/2020,Hampton,"Asian or Pacific Islander",5,0,0
07/21/2020,"Rappahannock Rapidan","Asian or Pacific Islander",5,1,0
07/21/2020,"Mount Rogers","Asian or Pacific Islander",2,1,0
07/21/2020,"New River","Asian or Pacific Islander",6,0,0
07/21/2020,"Central Virginia","Asian or Pacific Islander",0,0,0
07/21/2020,"Lord Fairfax","Asian or Pacific Islander",7,0,0
07/21/2020,Southside,"Asian or Pacific Islander",1,0,0
07/21/2020,Alleghany,"Asian or Pacific Islander",4,0,0
07/21/2020,Portsmouth,"Asian or Pacific Islander",5,2,0
07/21/2020,Roanoke,"Asian or Pacific Islander",2,0,0
07/21/2020,Richmond,"Asian or Pacific Islander",10,3,1
07/21/2020,"Thomas Jefferson","Asian or Pacific Islander",24,0,1
07/21/2020,"Virginia Beach","Asian or Pacific Islander",97,13,1
07/21/2020,Henrico,"Asian or Pacific Islander",125,8,3
07/21/2020,Piedmont,"Asian or Pacific Islander",4,0,0
07/21/2020,"Western Tidewater","Asian or Pacific Islander",9,1,0
07/21/2020,"West Piedmont","Asian or Pacific Islander",11,1,1
07/21/2020,Chickahominy,"Asian or Pacific Islander",5,1,0
07/21/2020,Peninsula,"Asian or Pacific Islander",14,3,1
07/21/2020,Norfolk,"Asian or Pacific Islander",23,2,0
07/21/2020,Arlington,"Asian or Pacific Islander",131,22,12
07/21/2020,Loudoun,"Asian or Pacific Islander",207,39,10
07/21/2020,Alexandria,"Asian or Pacific Islander",89,8,1
07/21/2020,Rappahannock,"Asian or Pacific Islander",48,8,1
07/21/2020,Chesapeake,"Asian or Pacific Islander",30,5,2
07/21/2020,"Cumberland Plateau and Lenowisco","Asian or Pacific Islander",1,0,0
07/21/2020,"Central Shenandoah","Asian or Pacific Islander",17,2,0
07/21/2020,"Prince William","Asian or Pacific Islander",298,43,13
07/21/2020,Pittsylvania-Danville,"Asian or Pacific Islander",0,0,0
07/21/2020,"Eastern Shore and Three Rivers","Asian or Pacific Islander",8,1,0
07/21/2020,Piedmont,"Native American",1,0,0
07/21/2020,"New River","Native American",0,0,0
07/21/2020,"Central Shenandoah","Native American",3,1,0
07/21/2020,"Eastern Shore and Three Rivers","Native American",1,0,0
07/21/2020,Fairfax,"Native American",26,1,1
07/21/2020,Chesapeake,"Native American",8,0,0
07/21/2020,"Western Tidewater","Native American",1,0,0
07/21/2020,Portsmouth,"Native American",2,1,0
07/21/2020,Richmond,"Native American",0,0,0
07/21/2020,Chickahominy,"Native American",3,1,0
07/21/2020,"Thomas Jefferson","Native American",2,0,0
07/21/2020,Arlington,"Native American",3,0,0
07/21/2020,"Virginia Beach","Native American",2,0,0
07/21/2020,Peninsula,"Native American",2,0,0
07/21/2020,Hampton,"Native American",0,0,0
07/21/2020,"West Piedmont","Native American",0,0,0
07/21/2020,"Cumberland Plateau, Lenowisco, and Mount Rogers","Native American",0,0,0
07/21/2020,Henrico,"Native American",7,0,0
07/21/2020,Norfolk,"Native American",3,0,0
07/21/2020,"Prince William","Native American",15,1,0
07/21/2020,"Central Virginia","Native American",0,0,0
07/21/2020,Chesterfield,"Native American",3,0,0
07/21/2020,Rappahannock,"Native American",3,0,0
07/21/2020,Loudoun,"Native American",2,0,0
07/21/2020,Alexandria,"Native American",2,0,0
07/21/2020,"Alleghany and Roanoke","Native American",0,0,0
07/21/2020,Crater,"Native American",4,0,0
07/21/2020,"Rappahannock Rapidan","Native American",1,0,0
07/21/2020,"Lord Fairfax","Native American",2,1,1
07/21/2020,"Pittsylvania-Danville and Southside","Native American",0,0,0
07/22/2020,Southside,"Not Reported",239,9,6
07/22/2020,Chesapeake,White,489,55,13
07/22/2020,"Three Rivers","Other Race",7,3,0
07/22/2020,"Central Virginia","Other Race",3,0,0
07/22/2020,"Central Virginia","Two or more races",0,0,0
07/22/2020,"Cumberland Plateau",White,129,9,0
07/22/2020,Lenowisco,"Two or more races",0,0,0
07/22/2020,"Western Tidewater",Black,590,63,32
07/22/2020,"Western Tidewater",Latino,16,1,0
07/22/2020,Fairfax,"Not Reported",2188,69,36
07/22/2020,Chesapeake,"Not Reported",457,3,0
07/22/2020,"Thomas Jefferson",White,526,43,21
07/22/2020,"Cumberland Plateau","Two or more races",2,0,0
07/22/2020,Loudoun,Black,177,24,3
07/22/2020,Loudoun,Latino,1271,144,11
07/22/2020,Alleghany,Latino,84,6,0
07/22/2020,Alleghany,Black,27,2,1
07/22/2020,"Three Rivers",Black,248,22,4
07/22/2020,"Three Rivers",Latino,137,5,1
07/22/2020,"Central Shenandoah","Two or more races",10,1,0
07/22/2020,Hampton,Black,302,29,4
07/22/2020,Hampton,Latino,40,4,0
07/22/2020,Southside,"Other Race",7,0,1
07/22/2020,Piedmont,"Other Race",6,0,0
07/22/2020,"Prince William","Other Race",231,13,0
07/22/2020,Richmond,"Other Race",99,8,2
07/22/2020,Hampton,"Two or more races",4,0,0
07/22/2020,Norfolk,Latino,213,18,0
07/22/2020,"Lord Fairfax","Not Reported",294,5,6
07/22/2020,Norfolk,Black,1156,98,13
07/22/2020,"Central Virginia",Black,42,3,1
07/22/2020,Rappahannock,Latino,976,97,6
07/22/2020,"Central Virginia",Latino,25,1,1
07/22/2020,Rappahannock,Black,355,51,10
07/22/2020,"West Piedmont",White,250,31,5
07/22/2020,Rappahannock,"Not Reported",813,23,0
07/22/2020,"Central Shenandoah","Not Reported",218,3,1
07/22/2020,Chesterfield,Latino,865,52,3
07/22/2020,Chesterfield,Black,511,75,21
07/22/2020,"Central Shenandoah",Latino,829,51,4
07/22/2020,Southside,Latino,3,0,0
07/22/2020,Southside,Black,152,30,9
07/22/2020,"Central Shenandoah",Black,111,9,4
07/22/2020,Peninsula,White,439,76,24
07/22/2020,"Rappahannock Rapidan",White,427,37,11
07/22/2020,"New River",Latino,27,3,0
07/22/2020,"New River",Black,24,3,0
07/22/2020,Roanoke,"Other Race",3,0,0
07/22/2020,"Three Rivers","Two or more races",4,0,0
07/22/2020,"Prince William",White,1047,141,78
07/22/2020,"West Piedmont","Two or more races",0,0,0
07/22/2020,"New River","Not Reported",50,0,0
07/22/2020,Chesterfield,"Not Reported",1606,4,11
07/22/2020,Crater,"Two or more races",2,0,0
07/22/2020,Lenowisco,White,123,21,4
07/22/2020,"Western Tidewater",White,314,45,34
07/22/2020,"Lord Fairfax","Other Race",62,6,1
07/22/2020,Chickahominy,"Two or more races",1,1,0
07/22/2020,Henrico,Black,886,142,77
07/22/2020,Henrico,Latino,640,50,6
07/22/2020,Alleghany,White,286,28,14
07/22/2020,Peninsula,Black,494,51,14
07/22/2020,Peninsula,Latino,233,15,0
07/22/2020,Loudoun,"Other Race",114,10,1
07/22/2020,Arlington,"Not Reported",201,3,0
07/22/2020,"Mount Rogers","Not Reported",49,1,1
07/22/2020,Portsmouth,White,120,12,5
07/22/2020,"Western Tidewater","Two or more races",2,0,0
07/22/2020,"Thomas Jefferson","Not Reported",135,1,0
07/22/2020,"Three Rivers","Not Reported",177,2,0
07/22/2020,Richmond,Black,687,141,22
07/22/2020,Richmond,Latino,1018,83,5
07/22/2020,"Cumberland Plateau",Latino,2,0,0
07/22/2020,Rappahannock,"Other Race",54,4,0
07/22/2020,"Cumberland Plateau",Black,14,0,0
07/22/2020,Loudoun,"Not Reported",1980,3,1
07/22/2020,Loudoun,White,955,104,80
07/22/2020,Peninsula,"Not Reported",863,1,0
07/22/2020,Henrico,White,730,82,88
07/22/2020,Chesterfield,"Two or more races",11,2,0
07/22/2020,Richmond,White,273,24,5
07/22/2020,Chesapeake,"Two or more races",8,0,0
07/22/2020,Chickahominy,White,385,73,29
07/22/2020,Lenowisco,Latino,1,0,0
07/22/2020,Lenowisco,Black,1,0,0
07/22/2020,Roanoke,"Two or more races",1,0,0
07/22/2020,Piedmont,Latino,62,6,1
07/22/2020,Piedmont,Black,383,53,7
07/22/2020,Chesterfield,White,634,76,53
07/22/2020,"Lord Fairfax","Two or more races",11,0,0
07/22/2020,"Central Virginia",White,116,9,4
07/22/2020,Rappahannock,White,656,76,31
07/22/2020,"New River",White,241,18,6
07/22/2020,Crater,White,381,38,11
07/22/2020,Alleghany,"Not Reported",325,1,0
07/22/2020,Arlington,"Two or more races",16,2,0
07/22/2020,Portsmouth,"Other Race",22,2,1
07/22/2020,Piedmont,White,358,41,9
07/22/2020,Alleghany,"Two or more races",2,0,0
07/22/2020,Crater,Black,923,139,33
07/22/2020,Crater,Latino,150,7,2
07/22/2020,Piedmont,"Two or more races",4,2,0
07/22/2020,Pittsylvania-Danville,White,117,20,3
07/22/2020,"Rappahannock Rapidan","Other Race",22,1,0
07/22/2020,Richmond,"Not Reported",553,2,0
07/22/2020,Henrico,"Two or more races",8,0,0
07/22/2020,Henrico,"Other Race",74,11,0
07/22/2020,Loudoun,"Two or more races",27,0,0
07/22/2020,"Rappahannock Rapidan","Two or more races",16,2,0
07/22/2020,Portsmouth,Latino,44,10,1
07/22/2020,Portsmouth,Black,562,73,14
07/22/2020,Portsmouth,"Not Reported",326,2,0
07/22/2020,Alexandria,"Two or more races",6,1,0
07/22/2020,"Virginia Beach","Other Race",29,2,0
07/22/2020,Norfolk,"Not Reported",681,0,0
07/22/2020,Rappahannock,"Two or more races",16,1,0
07/22/2020,Arlington,Black,248,70,32
07/22/2020,Arlington,Latino,1315,210,23
07/22/2020,"Eastern Shore",White,183,16,15
07/22/2020,"Eastern Shore","Not Reported",86,0,0
07/22/2020,Roanoke,White,106,5,8
07/22/2020,Alexandria,"Other Race",46,5,2
07/22/2020,"Cumberland Plateau","Other Race",0,0,0
07/22/2020,"Western Tidewater","Other Race",25,0,1
07/22/2020,Lenowisco,"Other Race",1,0,0
07/22/2020,Pittsylvania-Danville,"Two or more races",0,0,0
07/22/2020,Henrico,"Not Reported",642,2,3
07/22/2020,Crater,"Other Race",18,0,0
07/22/2020,Chickahominy,"Other Race",9,2,0
07/22/2020,Roanoke,Black,51,7,2
07/22/2020,Roanoke,Latino,201,2,0
07/22/2020,Peninsula,"Two or more races",9,2,0
07/22/2020,Peninsula,"Other Race",49,3,0
07/22/2020,"Thomas Jefferson","Two or more races",14,0,0
07/22/2020,Arlington,White,783,116,65
07/22/2020,Norfolk,"Two or more races",7,0,0
07/22/2020,Alexandria,White,495,50,33
07/22/2020,Hampton,"Not Reported",317,0,0
07/22/2020,"Mount Rogers",White,681,87,33
07/22/2020,Alexandria,"Not Reported",159,6,0
07/22/2020,"Western Tidewater","Not Reported",429,3,2
07/22/2020,"Cumberland Plateau","Not Reported",12,1,0
07/22/2020,"Thomas Jefferson","Other Race",63,3,0
07/22/2020,"Mount Rogers",Black,32,5,2
07/22/2020,"Mount Rogers",Latino,223,1,0
07/22/2020,"West Piedmont",Black,163,40,1
07/22/2020,"West Piedmont",Latino,186,8,0
07/22/2020,"Virginia Beach",White,969,79,24
07/22/2020,"West Piedmont","Other Race",2,1,1
07/22/2020,Richmond,"Two or more races",3,0,0
07/22/2020,"Virginia Beach","Not Reported",824,6,3
07/22/2020,Hampton,"Other Race",14,2,0
07/22/2020,"Virginia Beach",Black,797,51,8
07/22/2020,"Virginia Beach",Latino,224,17,3
07/22/2020,Fairfax,Black,940,186,53
07/22/2020,Fairfax,Latino,7867,858,72
07/22/2020,"Prince William",Latino,4547,554,60
07/22/2020,"Prince William",Black,768,134,41
07/22/2020,Piedmont,"Not Reported",374,13,2
07/22/2020,Chesapeake,Latino,159,15,2
07/22/2020,Chesapeake,Black,679,97,7
07/22/2020,Pittsylvania-Danville,"Not Reported",137,5,0
07/22/2020,Alleghany,"Other Race",4,0,0
07/22/2020,"West Piedmont","Not Reported",145,4,1
07/22/2020,Norfolk,White,271,29,6
07/22/2020,"Virginia Beach","Two or more races",24,2,0
07/22/2020,Chesapeake,"Other Race",20,1,0
07/22/2020,Norfolk,"Other Race",34,2,1
07/22/2020,Chickahominy,Latino,56,3,0
07/22/2020,Chickahominy,Black,144,36,10
07/22/2020,"Eastern Shore",Black,806,93,25
07/22/2020,"Eastern Shore",Latino,249,9,3
07/22/2020,"Prince William","Two or more races",14,1,0
07/22/2020,Hampton,White,90,8,0
07/22/2020,"Prince William","Not Reported",3364,21,0
07/22/2020,"Mount Rogers","Two or more races",4,0,0
07/22/2020,Fairfax,White,2396,411,277
07/22/2020,"Thomas Jefferson",Black,256,55,8
07/22/2020,"Thomas Jefferson",Latino,438,22,0
07/22/2020,"Rappahannock Rapidan","Not Reported",467,11,2
07/22/2020,Southside,"Two or more races",22,0,0
07/22/2020,Lenowisco,"Not Reported",19,1,1
07/22/2020,Crater,"Not Reported",404,8,4
07/22/2020,Chickahominy,"Not Reported",213,0,1
07/22/2020,Fairfax,"Other Race",539,65,14
07/22/2020,Portsmouth,"Two or more races",2,1,0
07/22/2020,Alexandria,Black,423,65,12
07/22/2020,Alexandria,Latino,1395,120,8
07/22/2020,Roanoke,"Not Reported",314,1,0
07/22/2020,Pittsylvania-Danville,Black,169,29,2
07/22/2020,Pittsylvania-Danville,Latino,39,2,0
07/22/2020,"Eastern Shore","Two or more races",1,1,0
07/22/2020,"Lord Fairfax",White,1296,146,60
07/22/2020,Chesterfield,"Other Race",174,7,0
07/22/2020,"Mount Rogers","Other Race",6,2,1
07/22/2020,"Eastern Shore","Other Race",13,1,0
07/22/2020,"Three Rivers",White,319,28,7
07/22/2020,Pittsylvania-Danville,"Other Race",0,0,0
07/22/2020,"Rappahannock Rapidan",Latino,686,57,6
07/22/2020,"Rappahannock Rapidan",Black,108,19,6
07/22/2020,"Central Virginia","Not Reported",525,5,0
07/22/2020,"Lord Fairfax",Latino,603,37,8
07/22/2020,"Lord Fairfax",Black,95,10,6
07/22/2020,"Central Shenandoah","Other Race",36,1,0
07/22/2020,Fairfax,"Two or more races",38,4,0
07/22/2020,Arlington,"Other Race",65,8,3
07/22/2020,"New River","Two or more races",0,0,0
07/22/2020,"Central Shenandoah",White,1245,125,40
07/22/2020,Southside,White,130,21,16
07/22/2020,"New River","Other Race",3,1,0
07/22/2020,Chesterfield,"Asian or Pacific Islander",33,2,0
07/22/2020,Crater,"Asian or Pacific Islander",5,0,0
07/22/2020,Fairfax,"Asian or Pacific Islander",1212,218,70
07/22/2020,Hampton,"Asian or Pacific Islander",5,0,0
07/22/2020,"Rappahannock Rapidan","Asian or Pacific Islander",5,1,0
07/22/2020,"Mount Rogers","Asian or Pacific Islander",2,1,0
07/22/2020,"New River","Asian or Pacific Islander",6,0,0
07/22/2020,"Central Virginia","Asian or Pacific Islander",0,0,0
07/22/2020,"Lord Fairfax","Asian or Pacific Islander",7,0,0
07/22/2020,Southside,"Asian or Pacific Islander",1,0,0
07/22/2020,Alleghany,"Asian or Pacific Islander",5,0,0
07/22/2020,Portsmouth,"Asian or Pacific Islander",7,2,0
07/22/2020,Roanoke,"Asian or Pacific Islander",3,0,0
07/22/2020,Richmond,"Asian or Pacific Islander",10,3,1
07/22/2020,"Thomas Jefferson","Asian or Pacific Islander",24,0,1
07/22/2020,"Virginia Beach","Asian or Pacific Islander",99,13,1
07/22/2020,Henrico,"Asian or Pacific Islander",125,8,3
07/22/2020,Piedmont,"Asian or Pacific Islander",4,0,0
07/22/2020,"Western Tidewater","Asian or Pacific Islander",9,1,0
07/22/2020,"West Piedmont","Asian or Pacific Islander",11,1,1
07/22/2020,Chickahominy,"Asian or Pacific Islander",5,1,0
07/22/2020,Peninsula,"Asian or Pacific Islander",15,3,1
07/22/2020,Norfolk,"Asian or Pacific Islander",24,2,0
07/22/2020,Arlington,"Asian or Pacific Islander",131,22,12
07/22/2020,Loudoun,"Asian or Pacific Islander",212,39,10
07/22/2020,Alexandria,"Asian or Pacific Islander",92,9,1
07/22/2020,Rappahannock,"Asian or Pacific Islander",50,8,1
07/22/2020,Chesapeake,"Asian or Pacific Islander",30,5,2
07/22/2020,"Cumberland Plateau and Lenowisco","Asian or Pacific Islander",1,0,0
07/22/2020,"Central Shenandoah","Asian or Pacific Islander",17,2,0
07/22/2020,"Prince William","Asian or Pacific Islander",302,44,13
07/22/2020,Pittsylvania-Danville,"Asian or Pacific Islander",0,0,0
07/22/2020,"Eastern Shore and Three Rivers","Asian or Pacific Islander",8,1,0
07/22/2020,Piedmont,"Native American",1,0,0
07/22/2020,"New River","Native American",0,0,0
07/22/2020,"Central Shenandoah","Native American",3,1,0
07/22/2020,"Eastern Shore and Three Rivers","Native American",1,0,0
07/22/2020,Fairfax,"Native American",26,1,1
07/22/2020,Chesapeake,"Native American",8,0,0
07/22/2020,"Western Tidewater","Native American",1,0,0
07/22/2020,Portsmouth,"Native American",2,1,0
07/22/2020,Richmond,"Native American",0,0,0
07/22/2020,Chickahominy,"Native American",3,1,0
07/22/2020,"Thomas Jefferson","Native American",2,0,0
07/22/2020,Arlington,"Native American",4,0,0
07/22/2020,"Virginia Beach","Native American",2,0,0
07/22/2020,Peninsula,"Native American",2,0,0
07/22/2020,Hampton,"Native American",0,0,0
07/22/2020,"West Piedmont","Native American",0,0,0
07/22/2020,"Cumberland Plateau, Lenowisco, and Mount Rogers","Native American",0,0,0
07/22/2020,Henrico,"Native American",7,0,0
07/22/2020,Norfolk,"Native American",3,0,0
07/22/2020,"Prince William","Native American",14,1,0
07/22/2020,"Central Virginia","Native American",0,0,0
07/22/2020,Chesterfield,"Native American",3,0,0
07/22/2020,Rappahannock,"Native American",3,0,0
07/22/2020,Loudoun,"Native American",2,0,0
07/22/2020,Alexandria,"Native American",2,0,0
07/22/2020,"Alleghany and Roanoke","Native American",0,0,0
07/22/2020,Crater,"Native American",4,0,0
07/22/2020,"Rappahannock Rapidan","Native American",1,0,0
07/22/2020,"Lord Fairfax","Native American",2,1,1
07/22/2020,"Pittsylvania-Danville and Southside","Native American",0,0,0
07/23/2020,"Rappahannock Rapidan","Not Reported",469,11,2
07/23/2020,Portsmouth,"Other Race",25,2,1
07/23/2020,"Western Tidewater","Two or more races",2,0,0
07/23/2020,Piedmont,White,361,42,10
07/23/2020,Chesterfield,Latino,875,56,3
07/23/2020,Lenowisco,White,135,21,4
07/23/2020,Hampton,"Not Reported",320,0,0
07/23/2020,Lenowisco,"Two or more races",0,0,0
07/23/2020,Roanoke,Black,53,7,2
07/23/2020,Southside,"Not Reported",236,8,4
07/23/2020,Hampton,Black,310,31,4
07/23/2020,Alleghany,"Other Race",4,0,0
07/23/2020,Lenowisco,Latino,1,0,0
07/23/2020,Loudoun,"Other Race",113,10,1
07/23/2020,"Central Shenandoah",Latino,829,52,4
07/23/2020,"Rappahannock Rapidan",Latino,687,57,6
07/23/2020,Norfolk,Latino,219,18,0
07/23/2020,"Eastern Shore",Black,806,93,25
07/23/2020,Richmond,Black,700,143,22
07/23/2020,Hampton,"Two or more races",5,0,0
07/23/2020,Henrico,"Two or more races",8,0,0
07/23/2020,Fairfax,"Two or more races",38,4,0
07/23/2020,Alleghany,"Not Reported",329,1,0
07/23/2020,Portsmouth,"Not Reported",327,2,0
07/23/2020,"Cumberland Plateau","Other Race",0,0,0
07/23/2020,Southside,"Two or more races",22,0,0
07/23/2020,Portsmouth,White,128,12,5
07/23/2020,"Rappahannock Rapidan","Two or more races",16,2,0
07/23/2020,Fairfax,White,2414,413,278
07/23/2020,Fairfax,"Other Race",546,65,14
07/23/2020,Crater,"Two or more races",2,0,0
07/23/2020,"West Piedmont","Not Reported",152,4,0
07/23/2020,Henrico,"Other Race",77,11,0
07/23/2020,"Central Virginia",Black,43,3,1
07/23/2020,"Three Rivers",White,327,29,7
07/23/2020,"Three Rivers","Other Race",7,3,0
07/23/2020,Lenowisco,"Other Race",1,0,0
07/23/2020,"Western Tidewater",White,323,45,34
07/23/2020,"Mount Rogers",Black,32,5,2
07/23/2020,"Three Rivers","Not Reported",171,2,0
07/23/2020,"Thomas Jefferson",Black,269,57,8
07/23/2020,"Eastern Shore",White,186,16,15
07/23/2020,"Central Virginia",White,116,9,4
07/23/2020,Lenowisco,Black,1,0,0
07/23/2020,"Central Virginia","Two or more races",0,0,0
07/23/2020,Richmond,"Two or more races",3,0,0
07/23/2020,Crater,"Not Reported",402,8,3
07/23/2020,Chesterfield,"Two or more races",12,2,0
07/23/2020,"New River",Latino,29,3,0
07/23/2020,Richmond,Latino,1019,83,5
07/23/2020,Portsmouth,Latino,45,10,1
07/23/2020,Pittsylvania-Danville,"Not Reported",148,5,0
07/23/2020,Chesapeake,"Not Reported",465,3,0
07/23/2020,Chickahominy,Latino,57,4,0
07/23/2020,Crater,Black,944,139,33
07/23/2020,Chesterfield,Black,521,77,21
07/23/2020,Chesterfield,"Other Race",172,7,0
07/23/2020,Peninsula,Black,503,53,14
07/23/2020,Roanoke,White,106,5,8
07/23/2020,"New River",Black,24,3,0
07/23/2020,Peninsula,Latino,236,16,0
07/23/2020,Southside,Latino,3,0,0
07/23/2020,Rappahannock,"Two or more races",17,1,0
07/23/2020,"Virginia Beach",Black,812,52,8
07/23/2020,"Mount Rogers","Not Reported",50,1,1
07/23/2020,Loudoun,"Not Reported",1926,3,1
07/23/2020,Chesapeake,"Other Race",20,1,0
07/23/2020,Chickahominy,"Two or more races",1,1,0
07/23/2020,Crater,"Other Race",19,0,0
07/23/2020,Norfolk,"Two or more races",12,0,0
07/23/2020,"Eastern Shore","Two or more races",1,1,0
07/23/2020,"Central Shenandoah",White,1258,128,40
07/23/2020,"New River","Other Race",3,1,0
07/23/2020,"New River",White,245,18,6
07/23/2020,"Central Shenandoah","Other Race",35,1,0
07/23/2020,"West Piedmont",Black,167,40,2
07/23/2020,Alleghany,Latino,86,6,0
07/23/2020,"Central Shenandoah","Not Reported",218,3,1
07/23/2020,Roanoke,"Two or more races",1,0,0
07/23/2020,Peninsula,"Two or more races",9,2,0
07/23/2020,Arlington,"Other Race",67,8,3
07/23/2020,Richmond,"Not Reported",550,2,0
07/23/2020,Norfolk,"Not Reported",721,0,0
07/23/2020,Alexandria,"Other Race",46,5,2
07/23/2020,"Virginia Beach",White,986,81,24
07/23/2020,Chesapeake,"Two or more races",8,0,0
07/23/2020,Alleghany,White,289,28,14
07/23/2020,"Rappahannock Rapidan","Other Race",22,1,0
07/23/2020,Chickahominy,"Not Reported",217,0,1
07/23/2020,Portsmouth,Black,579,77,14
07/23/2020,Chickahominy,"Other Race",9,2,0
07/23/2020,"Virginia Beach",Latino,227,18,3
07/23/2020,Chesapeake,White,494,55,13
07/23/2020,Southside,Black,158,31,11
07/23/2020,Rappahannock,Latino,978,98,7
07/23/2020,"Three Rivers","Two or more races",4,0,0
07/23/2020,Henrico,Black,894,145,77
07/23/2020,Pittsylvania-Danville,Black,172,29,2
07/23/2020,"Lord Fairfax","Two or more races",11,0,0
07/23/2020,"Mount Rogers","Other Race",6,2,1
07/23/2020,"Prince William",Latino,4568,563,60
07/23/2020,"Central Shenandoah",Black,114,9,4
07/23/2020,Peninsula,White,448,77,24
07/23/2020,"Eastern Shore","Not Reported",89,0,0
07/23/2020,"Thomas Jefferson","Other Race",67,3,0
07/23/2020,Hampton,"Other Race",14,2,0
07/23/2020,"Lord Fairfax","Not Reported",293,5,6
07/23/2020,"Central Virginia","Other Race",3,0,0
07/23/2020,"Western Tidewater","Other Race",26,1,1
07/23/2020,Crater,Latino,152,7,2
07/23/2020,Chesapeake,Latino,157,15,2
07/23/2020,Chesterfield,White,650,78,54
07/23/2020,"Western Tidewater","Not Reported",434,3,2
07/23/2020,Fairfax,"Not Reported",2180,68,35
07/23/2020,Arlington,Black,249,70,32
07/23/2020,"Central Virginia",Latino,25,1,1
07/23/2020,"Three Rivers",Black,249,23,4
07/23/2020,Alexandria,"Not Reported",162,6,0
07/23/2020,"Prince William","Two or more races",19,1,0
07/23/2020,Loudoun,"Two or more races",27,0,0
07/28/2020,Henrico,Black,1019,149,78
07/23/2020,Peninsula,"Other Race",51,3,0
07/23/2020,"Thomas Jefferson",White,551,44,21
07/23/2020,Norfolk,"Other Race",34,2,1
07/23/2020,"Prince William","Not Reported",3378,20,0
07/23/2020,"West Piedmont",White,250,31,6
07/23/2020,Rappahannock,Black,368,55,10
07/23/2020,Norfolk,Black,1191,100,13
07/23/2020,Roanoke,Latino,204,2,0
07/23/2020,Piedmont,Latino,62,6,1
07/23/2020,Roanoke,"Not Reported",314,1,0
07/23/2020,Arlington,"Two or more races",17,2,0
07/23/2020,"Virginia Beach","Other Race",32,2,0
07/23/2020,Alexandria,White,497,50,33
07/23/2020,"Lord Fairfax","Other Race",62,6,1
07/23/2020,"Thomas Jefferson","Not Reported",127,1,0
07/23/2020,"Virginia Beach","Not Reported",847,6,3
07/23/2020,Loudoun,Black,181,24,3
07/23/2020,Pittsylvania-Danville,Latino,41,2,0
07/23/2020,"Cumberland Plateau","Not Reported",11,1,0
07/23/2020,Chesterfield,"Not Reported",1616,3,10
07/23/2020,"Mount Rogers",White,696,88,33
07/23/2020,Richmond,White,286,24,5
07/23/2020,Lenowisco,"Not Reported",19,2,1
07/23/2020,Piedmont,"Not Reported",374,12,1
07/23/2020,"Three Rivers",Latino,137,5,1
07/23/2020,"Mount Rogers",Latino,225,1,0
07/23/2020,Crater,White,386,38,12
07/23/2020,"Central Shenandoah","Two or more races",10,1,0
07/23/2020,Arlington,White,786,116,65
07/23/2020,Pittsylvania-Danville,"Other Race",0,0,0
07/23/2020,Chickahominy,Black,146,36,10
07/23/2020,"Eastern Shore",Latino,249,9,3
07/23/2020,Norfolk,White,286,30,6
07/23/2020,Alleghany,"Two or more races",2,0,0
07/23/2020,"Mount Rogers","Two or more races",4,0,0
07/23/2020,Southside,White,132,23,16
07/23/2020,"Thomas Jefferson","Two or more races",17,0,0
07/23/2020,"Prince William",Black,776,137,41
07/23/2020,"Lord Fairfax",White,1298,148,60
07/23/2020,"Cumberland Plateau",Latino,2,0,0
07/23/2020,Arlington,"Not Reported",205,2,0
07/23/2020,Rappahannock,"Other Race",53,4,0
07/23/2020,"Rappahannock Rapidan",Black,108,20,6
07/23/2020,"New River","Two or more races",0,0,0
07/23/2020,Arlington,Latino,1317,211,23
07/23/2020,Henrico,White,736,84,88
07/23/2020,Loudoun,White,979,104,80
07/23/2020,Hampton,White,92,9,0
07/23/2020,Alleghany,Black,27,2,1
07/23/2020,"Prince William",White,1051,144,78
07/23/2020,Rappahannock,White,663,76,31
07/23/2020,Portsmouth,"Two or more races",2,1,0
07/23/2020,Southside,"Other Race",7,0,1
07/23/2020,"Western Tidewater",Black,614,66,32
07/23/2020,Hampton,Latino,40,4,0
07/23/2020,Henrico,"Not Reported",643,2,3
07/23/2020,"West Piedmont","Two or more races",0,0,0
07/23/2020,Peninsula,"Not Reported",886,1,0
07/23/2020,Loudoun,Latino,1315,145,11
07/23/2020,Alexandria,Black,431,65,12
07/23/2020,Piedmont,Black,386,54,7
07/23/2020,Roanoke,"Other Race",3,0,0
07/23/2020,"Western Tidewater",Latino,18,1,0
07/23/2020,Alexandria,"Two or more races",6,1,0
07/23/2020,Rappahannock,"Not Reported",829,23,0
07/23/2020,"West Piedmont","Other Race",2,1,1
07/23/2020,Chickahominy,White,388,73,29
07/23/2020,"Thomas Jefferson",Latino,448,24,0
07/23/2020,"Cumberland Plateau",Black,14,0,0
07/23/2020,"Lord Fairfax",Latino,604,37,8
07/23/2020,"West Piedmont",Latino,186,8,0
07/23/2020,"Cumberland Plateau",White,134,9,0
07/23/2020,"Eastern Shore","Other Race",13,1,0
07/23/2020,"Cumberland Plateau","Two or more races",2,0,0
07/23/2020,Piedmont,"Other Race",6,0,0
07/23/2020,Pittsylvania-Danville,"Two or more races",0,0,0
07/23/2020,Alexandria,Latino,1403,120,8
07/23/2020,Chesapeake,Black,685,99,7
07/23/2020,Richmond,"Other Race",100,8,2
07/23/2020,Henrico,Latino,650,50,6
07/23/2020,Piedmont,"Two or more races",4,2,0
07/23/2020,"Prince William","Other Race",240,14,0
07/23/2020,"New River","Not Reported",52,0,0
07/23/2020,"Rappahannock Rapidan",White,433,37,11
07/23/2020,"Central Virginia","Not Reported",531,5,0
07/23/2020,"Virginia Beach","Two or more races",24,2,0
07/23/2020,Fairfax,Latino,7882,860,72
07/23/2020,"Lord Fairfax",Black,95,10,6
07/23/2020,Pittsylvania-Danville,White,121,21,3
07/23/2020,Chesterfield,"Asian or Pacific Islander",36,2,0
07/23/2020,Crater,"Asian or Pacific Islander",5,0,0
07/23/2020,Fairfax,"Asian or Pacific Islander",1220,219,71
07/23/2020,Hampton,"Asian or Pacific Islander",5,0,0
07/23/2020,"Rappahannock Rapidan","Asian or Pacific Islander",5,1,0
07/23/2020,"New River","Asian or Pacific Islander",6,0,0
07/23/2020,"Mount Rogers","Asian or Pacific Islander",2,1,0
07/23/2020,"Central Virginia","Asian or Pacific Islander",0,0,0
07/23/2020,"Lord Fairfax","Asian or Pacific Islander",7,0,0
07/23/2020,Southside,"Asian or Pacific Islander",1,0,0
07/23/2020,Portsmouth,"Asian or Pacific Islander",7,2,0
07/23/2020,Alleghany,"Asian or Pacific Islander",5,0,0
07/23/2020,Roanoke,"Asian or Pacific Islander",3,0,0
07/23/2020,Richmond,"Asian or Pacific Islander",12,3,1
07/23/2020,"Thomas Jefferson","Asian or Pacific Islander",24,0,1
07/23/2020,"Virginia Beach","Asian or Pacific Islander",100,13,1
07/23/2020,Henrico,"Asian or Pacific Islander",124,8,3
07/23/2020,Piedmont,"Asian or Pacific Islander",4,0,0
07/23/2020,"Western Tidewater","Asian or Pacific Islander",9,1,0
07/23/2020,"West Piedmont","Asian or Pacific Islander",11,1,1
07/23/2020,Chickahominy,"Asian or Pacific Islander",5,1,0
07/23/2020,Peninsula,"Asian or Pacific Islander",16,4,1
07/23/2020,Norfolk,"Asian or Pacific Islander",24,2,0
07/23/2020,Loudoun,"Asian or Pacific Islander",215,39,10
07/23/2020,Arlington,"Asian or Pacific Islander",131,22,12
07/23/2020,Alexandria,"Asian or Pacific Islander",92,9,1
07/23/2020,Rappahannock,"Asian or Pacific Islander",50,8,1
07/23/2020,Chesapeake,"Asian or Pacific Islander",30,6,2
07/23/2020,"Cumberland Plateau and Lenowisco","Asian or Pacific Islander",1,0,0
07/23/2020,"Central Shenandoah","Asian or Pacific Islander",17,2,0
07/23/2020,"Prince William","Asian or Pacific Islander",307,44,13
07/23/2020,Pittsylvania-Danville,"Asian or Pacific Islander",0,0,0
07/23/2020,"Eastern Shore and Three Rivers","Asian or Pacific Islander",8,1,0
07/23/2020,Piedmont,"Native American",1,0,0
07/23/2020,"New River","Native American",0,0,0
07/23/2020,"Central Shenandoah","Native American",3,1,0
07/23/2020,"Eastern Shore and Three Rivers","Native American",1,0,0
07/23/2020,Fairfax,"Native American",27,1,1
07/23/2020,Chesapeake,"Native American",8,0,0
07/23/2020,"Western Tidewater","Native American",1,0,0
07/23/2020,Portsmouth,"Native American",2,1,0
07/23/2020,Richmond,"Native American",0,0,0
07/23/2020,Chickahominy,"Native American",3,1,0
07/23/2020,"Thomas Jefferson","Native American",2,0,0
07/23/2020,Arlington,"Native American",4,0,0
07/23/2020,"Virginia Beach","Native American",2,0,0
07/23/2020,Peninsula,"Native American",2,0,0
07/23/2020,Hampton,"Native American",0,0,0
07/23/2020,"West Piedmont","Native American",0,0,0
07/31/2020,Crater,Black,1061,149,38
07/23/2020,"Cumberland Plateau, Lenowisco, and Mount Rogers","Native American",0,0,0
07/23/2020,Henrico,"Native American",7,0,0
07/23/2020,Norfolk,"Native American",2,0,0
07/23/2020,"Prince William","Native American",14,1,0
07/23/2020,"Central Virginia","Native American",0,0,0
07/23/2020,Chesterfield,"Native American",3,0,0
07/23/2020,Rappahannock,"Native American",3,0,0
07/23/2020,Loudoun,"Native American",2,0,0
07/23/2020,Alexandria,"Native American",2,0,0
07/23/2020,"Alleghany and Roanoke","Native American",0,0,0
07/23/2020,Crater,"Native American",4,0,0
07/23/2020,"Rappahannock Rapidan","Native American",1,0,0
07/23/2020,"Lord Fairfax","Native American",2,1,1
07/23/2020,"Pittsylvania-Danville and Southside","Native American",0,0,0
07/24/2020,"Rappahannock Rapidan","Not Reported",466,11,2
07/24/2020,Portsmouth,"Other Race",26,2,1
07/24/2020,"Western Tidewater","Two or more races",2,0,0
07/24/2020,Piedmont,White,362,42,10
07/24/2020,Chesterfield,Latino,889,57,3
07/24/2020,Lenowisco,White,141,21,5
07/24/2020,Hampton,"Not Reported",340,0,0
07/24/2020,Lenowisco,"Two or more races",0,0,0
07/24/2020,Roanoke,Black,53,7,2
07/24/2020,Southside,"Not Reported",241,8,4
07/24/2020,Hampton,Black,323,33,4
07/24/2020,Alleghany,"Other Race",4,0,0
07/24/2020,Lenowisco,Latino,1,0,0
07/24/2020,Loudoun,"Other Race",109,10,1
07/24/2020,"Central Shenandoah",Latino,831,52,4
07/24/2020,"Rappahannock Rapidan",Latino,689,57,6
07/24/2020,Norfolk,Latino,223,18,0
07/24/2020,"Eastern Shore",Black,808,94,25
07/24/2020,Richmond,Black,702,144,22
07/24/2020,Hampton,"Two or more races",5,0,0
07/24/2020,Henrico,"Two or more races",9,0,0
07/24/2020,Fairfax,"Two or more races",38,4,0
07/24/2020,Alleghany,"Not Reported",341,1,0
07/24/2020,Portsmouth,"Not Reported",339,2,0
07/24/2020,"Cumberland Plateau","Other Race",0,0,0
07/24/2020,Southside,"Two or more races",22,0,0
07/24/2020,Portsmouth,White,141,12,5
07/24/2020,"Rappahannock Rapidan","Two or more races",15,2,0
07/24/2020,Fairfax,White,2444,419,280
07/24/2020,Fairfax,"Other Race",560,68,14
07/24/2020,Crater,"Two or more races",2,0,0
07/24/2020,"West Piedmont","Not Reported",148,4,0
07/24/2020,Henrico,"Other Race",76,11,0
07/24/2020,"Central Virginia",Black,46,3,1
07/24/2020,"Three Rivers",White,335,29,7
07/24/2020,"Three Rivers","Other Race",7,3,0
07/24/2020,Lenowisco,"Other Race",1,0,0
07/24/2020,"Western Tidewater",White,334,46,34
07/24/2020,"Mount Rogers",Black,32,5,2
07/24/2020,"Three Rivers","Not Reported",168,2,0
07/24/2020,"Thomas Jefferson",Black,282,57,8
07/24/2020,"Eastern Shore",White,187,16,15
07/24/2020,"Central Virginia",White,125,10,4
07/24/2020,Lenowisco,Black,1,0,0
07/24/2020,"Central Virginia","Two or more races",0,0,0
07/24/2020,Richmond,"Two or more races",4,0,0
07/24/2020,Crater,"Not Reported",403,8,3
07/24/2020,Chesterfield,"Two or more races",12,2,0
07/24/2020,"New River",Latino,29,3,0
07/24/2020,Richmond,Latino,1022,83,6
07/24/2020,Portsmouth,Latino,46,10,1
07/24/2020,Pittsylvania-Danville,"Not Reported",151,5,0
07/24/2020,Chesapeake,"Not Reported",498,4,0
07/24/2020,Chickahominy,Latino,58,4,0
07/24/2020,Crater,Black,963,140,33
07/24/2020,Chesterfield,Black,534,78,22
07/24/2020,Chesterfield,"Other Race",173,7,0
08/04/2020,Henrico,Black,1099,154,79
07/24/2020,Peninsula,Black,534,53,14
07/24/2020,Roanoke,White,106,5,8
07/24/2020,"New River",Black,25,3,0
07/24/2020,Peninsula,Latino,241,16,0
07/24/2020,Southside,Latino,3,0,0
07/24/2020,Rappahannock,"Two or more races",17,1,0
07/24/2020,"Virginia Beach",Black,827,54,8
07/24/2020,"Mount Rogers","Not Reported",53,1,1
07/24/2020,Loudoun,"Not Reported",1865,3,1
07/24/2020,Chesapeake,"Other Race",21,1,0
07/24/2020,Chickahominy,"Two or more races",1,1,0
07/24/2020,Crater,"Other Race",18,0,0
07/24/2020,Norfolk,"Two or more races",14,0,0
07/24/2020,"Eastern Shore","Two or more races",1,1,0
07/24/2020,"Central Shenandoah",White,1273,130,41
07/24/2020,"New River","Other Race",3,1,0
07/24/2020,"New River",White,248,18,6
07/24/2020,"Central Shenandoah","Other Race",35,1,0
07/24/2020,"West Piedmont",Black,171,40,2
07/24/2020,Alleghany,Latino,86,6,0
07/24/2020,"Central Shenandoah","Not Reported",219,3,1
07/24/2020,Roanoke,"Two or more races",1,0,0
07/24/2020,Peninsula,"Two or more races",11,2,0
07/24/2020,Arlington,"Other Race",69,8,3
07/24/2020,Richmond,"Not Reported",549,2,0
07/24/2020,Norfolk,"Not Reported",746,1,0
07/24/2020,Alexandria,"Other Race",46,5,2
07/24/2020,"Virginia Beach",White,1019,81,25
07/24/2020,Chesapeake,"Two or more races",9,0,0
07/24/2020,Alleghany,White,289,28,14
07/24/2020,"Rappahannock Rapidan","Other Race",22,1,0
07/24/2020,Chickahominy,"Not Reported",221,0,1
07/24/2020,Portsmouth,Black,601,77,14
07/24/2020,Chickahominy,"Other Race",10,2,0
07/24/2020,"Virginia Beach",Latino,231,18,3
07/24/2020,Chesapeake,White,512,55,13
07/24/2020,Southside,Black,162,31,11
07/24/2020,Rappahannock,Latino,977,98,7
07/24/2020,"Three Rivers","Two or more races",4,0,0
07/24/2020,Henrico,Black,914,146,77
07/24/2020,Pittsylvania-Danville,Black,173,29,2
07/24/2020,"Lord Fairfax","Two or more races",11,0,0
07/24/2020,"Mount Rogers","Other Race",6,2,1
07/24/2020,"Prince William",Latino,4585,564,60
07/24/2020,"Central Shenandoah",Black,117,9,4
07/24/2020,Peninsula,White,460,77,24
07/24/2020,"Eastern Shore","Not Reported",89,0,0
07/24/2020,"Thomas Jefferson","Other Race",81,3,0
07/24/2020,Hampton,"Other Race",14,2,0
07/24/2020,"Lord Fairfax","Not Reported",296,4,6
07/24/2020,"Central Virginia","Other Race",3,0,0
07/24/2020,"Western Tidewater","Other Race",29,2,1
07/24/2020,Crater,Latino,153,7,2
07/24/2020,Chesapeake,Latino,158,15,2
07/24/2020,Chesterfield,White,662,78,54
07/24/2020,"Western Tidewater","Not Reported",447,3,1
07/24/2020,Fairfax,"Not Reported",2150,68,35
07/24/2020,Arlington,Black,250,70,32
07/24/2020,"Central Virginia",Latino,25,1,1
07/24/2020,"Three Rivers",Black,254,23,4
07/24/2020,Alexandria,"Not Reported",161,6,0
07/24/2020,"Prince William","Two or more races",17,1,0
07/24/2020,Loudoun,"Two or more races",28,0,0
07/24/2020,Peninsula,"Other Race",52,3,0
07/24/2020,"Thomas Jefferson",White,562,44,21
07/24/2020,Norfolk,"Other Race",39,2,1
07/24/2020,"Prince William","Not Reported",3393,20,0
07/24/2020,"West Piedmont",White,270,32,6
07/24/2020,Rappahannock,Black,373,56,10
07/24/2020,Norfolk,Black,1230,102,13
07/24/2020,Roanoke,Latino,204,2,0
07/24/2020,Piedmont,Latino,62,6,1
07/24/2020,Roanoke,"Not Reported",320,1,0
07/24/2020,Arlington,"Two or more races",17,2,0
07/24/2020,"Virginia Beach","Other Race",34,2,0
07/24/2020,Alexandria,White,499,50,33
07/24/2020,"Lord Fairfax","Other Race",61,6,1
07/24/2020,"Thomas Jefferson","Not Reported",126,1,0
07/24/2020,"Virginia Beach","Not Reported",881,6,3
07/24/2020,Loudoun,Black,191,24,3
07/24/2020,Pittsylvania-Danville,Latino,41,2,0
07/24/2020,"Cumberland Plateau","Not Reported",7,1,0
07/24/2020,Chesterfield,"Not Reported",1644,3,10
07/24/2020,"Mount Rogers",White,731,89,35
07/24/2020,Richmond,White,295,25,5
07/24/2020,Lenowisco,"Not Reported",20,2,1
07/24/2020,Piedmont,"Not Reported",372,12,1
07/24/2020,"Three Rivers",Latino,136,5,1
07/24/2020,"Mount Rogers",Latino,229,1,0
07/24/2020,Crater,White,392,39,12
07/24/2020,"Central Shenandoah","Two or more races",10,1,0
07/24/2020,Arlington,White,788,116,65
07/24/2020,Pittsylvania-Danville,"Other Race",0,0,0
07/24/2020,Chickahominy,Black,148,36,10
07/24/2020,Fairfax,Black,969,188,53
07/24/2020,"Eastern Shore",Latino,249,9,3
07/24/2020,Norfolk,White,303,30,6
07/24/2020,Alleghany,"Two or more races",2,0,0
07/24/2020,"Mount Rogers","Two or more races",4,0,0
07/24/2020,Southside,White,135,23,16
07/24/2020,"Thomas Jefferson","Two or more races",19,0,0
07/24/2020,"Prince William",Black,787,139,42
07/24/2020,"Lord Fairfax",White,1315,149,60
07/24/2020,"Cumberland Plateau",Latino,2,0,0
07/24/2020,Arlington,"Not Reported",206,2,0
07/24/2020,Rappahannock,"Other Race",55,4,0
07/24/2020,"Rappahannock Rapidan",Black,109,20,6
07/24/2020,"New River","Two or more races",0,0,0
07/24/2020,Arlington,Latino,1318,211,23
07/24/2020,Henrico,White,752,84,88
07/24/2020,Loudoun,White,993,104,80
07/24/2020,Hampton,White,95,9,0
07/24/2020,Alleghany,Black,28,2,1
07/24/2020,"Prince William",White,1060,145,79
07/24/2020,Rappahannock,White,668,76,31
07/24/2020,Portsmouth,"Two or more races",2,1,0
07/24/2020,Southside,"Other Race",7,0,1
07/24/2020,"Western Tidewater",Black,636,67,33
07/24/2020,Hampton,Latino,40,4,0
07/24/2020,Henrico,"Not Reported",657,2,3
07/24/2020,"West Piedmont","Two or more races",0,0,0
07/24/2020,Peninsula,"Not Reported",915,1,0
07/24/2020,Loudoun,Latino,1361,146,11
07/24/2020,Alexandria,Black,437,68,12
07/24/2020,Piedmont,Black,389,54,7
07/24/2020,Roanoke,"Other Race",3,0,0
07/24/2020,"Western Tidewater",Latino,18,1,0
07/24/2020,Alexandria,"Two or more races",5,1,0
07/24/2020,Rappahannock,"Not Reported",830,23,0
07/24/2020,"West Piedmont","Other Race",3,1,1
07/24/2020,Chickahominy,White,391,73,29
07/24/2020,"Thomas Jefferson",Latino,454,24,0
07/24/2020,"Cumberland Plateau",Black,14,0,0
07/24/2020,"Lord Fairfax",Latino,605,37,8
07/24/2020,"West Piedmont",Latino,192,8,0
07/24/2020,"Cumberland Plateau",White,142,9,1
07/24/2020,"Eastern Shore","Other Race",13,1,0
07/24/2020,"Cumberland Plateau","Two or more races",3,0,0
07/24/2020,Piedmont,"Other Race",6,0,0
07/24/2020,Pittsylvania-Danville,"Two or more races",0,0,0
07/24/2020,Alexandria,Latino,1420,123,8
07/24/2020,Chesapeake,Black,716,99,7
07/24/2020,Richmond,"Other Race",102,8,2
07/24/2020,Henrico,Latino,651,49,6
07/24/2020,Piedmont,"Two or more races",4,2,0
07/24/2020,"Prince William","Other Race",248,14,0
07/24/2020,"New River","Not Reported",52,0,0
07/24/2020,"Rappahannock Rapidan",White,442,38,11
07/24/2020,"Central Virginia","Not Reported",536,5,0
07/24/2020,"Virginia Beach","Two or more races",24,2,0
07/24/2020,Fairfax,Latino,7937,883,72
07/24/2020,"Lord Fairfax",Black,97,10,6
07/24/2020,Pittsylvania-Danville,White,122,21,3
07/24/2020,Chesterfield,"Asian or Pacific Islander",37,2,0
07/24/2020,Crater,"Asian or Pacific Islander",6,0,0
07/24/2020,Fairfax,"Asian or Pacific Islander",1234,226,71
07/24/2020,Hampton,"Asian or Pacific Islander",5,0,0
07/24/2020,"Rappahannock Rapidan","Asian or Pacific Islander",5,1,0
07/24/2020,"New River","Asian or Pacific Islander",6,0,0
07/24/2020,"Mount Rogers","Asian or Pacific Islander",2,1,0
07/24/2020,"Central Virginia","Asian or Pacific Islander",2,0,0
07/24/2020,"Lord Fairfax","Asian or Pacific Islander",8,0,0
07/24/2020,Southside,"Asian or Pacific Islander",1,0,0
07/24/2020,Portsmouth,"Asian or Pacific Islander",8,2,0
07/24/2020,Alleghany,"Asian or Pacific Islander",5,0,0
07/24/2020,Roanoke,"Asian or Pacific Islander",3,0,0
07/24/2020,Richmond,"Asian or Pacific Islander",12,3,1
07/24/2020,"Thomas Jefferson","Asian or Pacific Islander",25,0,1
07/24/2020,"Virginia Beach","Asian or Pacific Islander",101,14,2
07/24/2020,Henrico,"Asian or Pacific Islander",124,8,3
07/24/2020,Piedmont,"Asian or Pacific Islander",4,0,0
07/24/2020,"Western Tidewater","Asian or Pacific Islander",10,1,0
07/24/2020,"West Piedmont","Asian or Pacific Islander",11,1,1
07/24/2020,Chickahominy,"Asian or Pacific Islander",6,1,0
07/24/2020,Peninsula,"Asian or Pacific Islander",16,4,1
07/24/2020,Norfolk,"Asian or Pacific Islander",25,2,0
07/24/2020,Loudoun,"Asian or Pacific Islander",220,39,10
07/24/2020,Arlington,"Asian or Pacific Islander",131,22,12
07/24/2020,Alexandria,"Asian or Pacific Islander",92,9,1
07/24/2020,Rappahannock,"Asian or Pacific Islander",50,8,1
07/24/2020,Chesapeake,"Asian or Pacific Islander",31,6,2
07/24/2020,"Cumberland Plateau and Lenowisco","Asian or Pacific Islander",1,0,0
07/24/2020,"Central Shenandoah","Asian or Pacific Islander",17,2,0
07/24/2020,"Prince William","Asian or Pacific Islander",308,44,13
07/24/2020,Pittsylvania-Danville,"Asian or Pacific Islander",0,0,0
07/24/2020,"Eastern Shore and Three Rivers","Asian or Pacific Islander",8,1,0
07/24/2020,Piedmont,"Native American",1,0,0
07/24/2020,"New River","Native American",0,0,0
07/24/2020,"Central Shenandoah","Native American",3,1,0
07/24/2020,"Eastern Shore and Three Rivers","Native American",1,0,0
07/24/2020,Fairfax,"Native American",27,1,1
07/24/2020,Chesapeake,"Native American",8,0,0
07/24/2020,"Western Tidewater","Native American",1,0,0
07/24/2020,Portsmouth,"Native American",2,1,0
07/24/2020,Richmond,"Native American",0,0,0
07/24/2020,Chickahominy,"Native American",3,1,0
07/24/2020,"Thomas Jefferson","Native American",2,0,0
07/24/2020,Arlington,"Native American",4,0,0
07/24/2020,"Virginia Beach","Native American",2,0,0
07/24/2020,Peninsula,"Native American",2,0,0
07/24/2020,Hampton,"Native American",0,0,0
07/24/2020,"West Piedmont","Native American",0,0,0
07/24/2020,"Cumberland Plateau, Lenowisco, and Mount Rogers","Native American",0,0,0
07/24/2020,Henrico,"Native American",7,0,0
07/24/2020,Norfolk,"Native American",2,0,0
07/24/2020,"Prince William","Native American",13,1,0
07/24/2020,"Central Virginia","Native American",1,0,0
07/24/2020,Chesterfield,"Native American",3,0,0
07/24/2020,Rappahannock,"Native American",3,0,0
07/24/2020,Loudoun,"Native American",2,0,0
07/24/2020,Alexandria,"Native American",2,0,0
07/24/2020,"Alleghany and Roanoke","Native American",0,0,0
07/24/2020,Crater,"Native American",4,0,0
07/24/2020,"Rappahannock Rapidan","Native American",1,0,0
07/24/2020,"Lord Fairfax","Native American",2,1,1
07/24/2020,"Pittsylvania-Danville and Southside","Native American",0,0,0
07/25/2020,"Rappahannock Rapidan","Not Reported",468,11,2
07/25/2020,Portsmouth,"Other Race",27,2,1
07/25/2020,"Western Tidewater","Two or more races",3,0,0
07/25/2020,Piedmont,White,362,42,10
07/25/2020,Chesterfield,Latino,900,60,3
07/25/2020,Lenowisco,White,144,24,5
07/25/2020,Hampton,"Not Reported",348,0,0
07/25/2020,Lenowisco,"Two or more races",0,0,0
07/25/2020,Roanoke,Black,53,7,2
07/25/2020,Southside,"Not Reported",245,8,4
07/25/2020,Hampton,Black,337,33,4
07/25/2020,Alleghany,"Other Race",4,0,0
07/25/2020,Lenowisco,Latino,1,0,0
07/25/2020,Loudoun,"Other Race",110,10,1
07/25/2020,"Central Shenandoah",Latino,835,52,4
07/25/2020,"Rappahannock Rapidan",Latino,689,57,6
07/25/2020,Norfolk,Latino,225,18,0
07/25/2020,"Eastern Shore",Black,809,94,25
07/25/2020,Richmond,Black,706,144,22
07/25/2020,Hampton,"Two or more races",5,0,0
07/25/2020,Henrico,"Two or more races",12,0,0
07/25/2020,Fairfax,"Two or more races",38,4,0
07/25/2020,Alleghany,"Not Reported",342,1,0
07/25/2020,Portsmouth,"Not Reported",358,2,0
07/25/2020,"Cumberland Plateau","Other Race",0,0,0
07/25/2020,Southside,"Two or more races",22,0,0
07/25/2020,Portsmouth,White,149,12,5
07/25/2020,"Rappahannock Rapidan","Two or more races",16,2,0
07/25/2020,Fairfax,White,2471,425,280
07/25/2020,Fairfax,"Other Race",566,68,14
07/25/2020,Crater,"Two or more races",2,0,0
07/25/2020,"West Piedmont","Not Reported",139,4,0
07/25/2020,Henrico,"Other Race",74,11,0
07/25/2020,"Central Virginia",Black,50,3,1
07/25/2020,"Three Rivers",White,342,29,7
07/25/2020,"Three Rivers","Other Race",7,3,0
07/25/2020,Lenowisco,"Other Race",1,0,0
07/25/2020,"Western Tidewater",White,340,46,34
07/25/2020,"Mount Rogers",Black,32,5,2
07/25/2020,"Three Rivers","Not Reported",167,2,0
07/25/2020,"Thomas Jefferson",Black,290,57,8
07/25/2020,"Eastern Shore",White,188,16,15
07/25/2020,"Central Virginia",White,139,10,4
07/25/2020,Lenowisco,Black,1,0,0
07/25/2020,"Central Virginia","Two or more races",0,0,0
07/25/2020,Richmond,"Two or more races",5,0,0
07/25/2020,Crater,"Not Reported",402,8,3
07/25/2020,Chesterfield,"Two or more races",11,2,0
07/25/2020,"New River",Latino,30,4,0
07/25/2020,Richmond,Latino,1027,83,6
07/25/2020,Portsmouth,Latino,47,10,1
07/25/2020,Pittsylvania-Danville,"Not Reported",160,5,0
07/25/2020,Chesapeake,"Not Reported",545,4,0
07/25/2020,Chickahominy,Latino,59,4,0
07/25/2020,Crater,Black,978,141,33
07/25/2020,Chesterfield,Black,538,79,22
07/25/2020,Chesterfield,"Other Race",173,7,0
07/25/2020,Peninsula,Black,543,54,14
07/25/2020,Roanoke,White,107,5,8
07/25/2020,"New River",Black,25,3,0
07/25/2020,Peninsula,Latino,242,16,0
07/25/2020,Southside,Latino,3,0,0
07/25/2020,Rappahannock,"Two or more races",17,1,0
07/25/2020,"Virginia Beach",Black,905,54,8
07/25/2020,"Mount Rogers","Not Reported",52,1,1
07/25/2020,Loudoun,"Not Reported",1842,3,1
07/25/2020,Chesapeake,"Other Race",22,1,0
07/25/2020,Chickahominy,"Two or more races",1,1,0
07/25/2020,Crater,"Other Race",19,0,0
07/25/2020,Norfolk,"Two or more races",18,0,0
07/25/2020,"Eastern Shore","Two or more races",1,1,0
07/25/2020,"Central Shenandoah",White,1292,130,41
07/25/2020,"New River","Other Race",3,1,0
07/25/2020,"New River",White,253,18,6
07/25/2020,"Central Shenandoah","Other Race",35,1,0
07/25/2020,"West Piedmont",Black,177,40,3
07/25/2020,Alleghany,Latino,86,6,0
07/25/2020,"Central Shenandoah","Not Reported",222,3,1
07/25/2020,Roanoke,"Two or more races",1,0,0
07/25/2020,Peninsula,"Two or more races",13,2,0
07/25/2020,Arlington,"Other Race",69,8,3
07/25/2020,Richmond,"Not Reported",545,2,0
07/25/2020,Norfolk,"Not Reported",754,1,0
07/25/2020,Alexandria,"Other Race",46,5,2
07/25/2020,"Virginia Beach",White,1126,83,27
07/25/2020,Chesapeake,"Two or more races",9,0,0
07/25/2020,Alleghany,White,289,28,14
07/25/2020,"Rappahannock Rapidan","Other Race",23,1,0
07/25/2020,Chickahominy,"Not Reported",226,1,1
07/25/2020,Portsmouth,Black,631,79,14
07/25/2020,Chickahominy,"Other Race",10,2,0
07/25/2020,"Virginia Beach",Latino,248,18,3
07/25/2020,Chesapeake,White,539,55,13
07/25/2020,Southside,Black,169,31,11
07/25/2020,Rappahannock,Latino,980,99,7
07/25/2020,"Three Rivers","Two or more races",4,0,0
07/25/2020,Henrico,Black,947,147,77
07/25/2020,Pittsylvania-Danville,Black,178,29,2
07/25/2020,"Lord Fairfax","Two or more races",11,0,0
07/25/2020,"Mount Rogers","Other Race",6,2,1
07/25/2020,"Prince William",Latino,4603,564,60
07/25/2020,"Central Shenandoah",Black,119,9,4
07/25/2020,Peninsula,White,473,77,24
07/25/2020,"Eastern Shore","Not Reported",89,0,0
07/25/2020,"Thomas Jefferson","Other Race",81,3,0
07/25/2020,Hampton,"Other Race",14,2,0
07/25/2020,"Lord Fairfax","Not Reported",297,4,6
07/25/2020,"Central Virginia","Other Race",3,0,0
07/25/2020,"Western Tidewater","Other Race",29,2,1
07/25/2020,Crater,Latino,153,7,2
07/25/2020,Chesapeake,Latino,169,15,2
07/25/2020,Chesterfield,White,672,80,54
07/25/2020,"Western Tidewater","Not Reported",469,3,1
07/25/2020,Fairfax,"Not Reported",2127,68,36
07/25/2020,Arlington,Black,253,70,32
07/25/2020,"Central Virginia",Latino,25,1,1
07/25/2020,"Three Rivers",Black,259,26,5
07/25/2020,Alexandria,"Not Reported",160,6,0
07/25/2020,"Prince William","Two or more races",17,1,0
07/25/2020,Loudoun,"Two or more races",29,0,0
07/25/2020,Peninsula,"Other Race",57,3,0
07/25/2020,"Thomas Jefferson",White,570,44,21
07/25/2020,Norfolk,"Other Race",42,2,1
07/25/2020,"Prince William","Not Reported",3401,20,0
07/25/2020,"West Piedmont",White,279,34,6
07/25/2020,Rappahannock,Black,376,56,10
07/25/2020,Norfolk,Black,1280,104,13
07/25/2020,Roanoke,Latino,205,2,0
07/25/2020,Piedmont,Latino,62,6,1
07/25/2020,Roanoke,"Not Reported",326,1,0
07/25/2020,Arlington,"Two or more races",18,2,0
07/25/2020,"Virginia Beach","Other Race",44,2,0
07/25/2020,Alexandria,White,501,50,33
07/25/2020,"Lord Fairfax","Other Race",61,6,1
07/25/2020,"Thomas Jefferson","Not Reported",127,1,0
07/25/2020,"Virginia Beach","Not Reported",980,6,3
07/25/2020,Loudoun,Black,192,24,3
07/25/2020,Pittsylvania-Danville,Latino,41,2,0
07/25/2020,"Cumberland Plateau","Not Reported",6,1,0
07/25/2020,Chesterfield,"Not Reported",1650,3,10
07/25/2020,"Mount Rogers",White,756,90,35
07/25/2020,Richmond,White,296,25,5
07/25/2020,Lenowisco,"Not Reported",24,2,1
07/25/2020,Piedmont,"Not Reported",383,12,1
07/25/2020,"Three Rivers",Latino,138,5,1
07/25/2020,"Mount Rogers",Latino,231,1,0
07/25/2020,Crater,White,395,40,12
07/25/2020,"Central Shenandoah","Two or more races",11,1,0
07/25/2020,Arlington,White,796,116,65
07/25/2020,Pittsylvania-Danville,"Other Race",0,0,0
07/25/2020,Chickahominy,Black,153,37,10
07/25/2020,Fairfax,Black,981,190,53
07/25/2020,"Eastern Shore",Latino,249,9,3
07/25/2020,Norfolk,White,313,30,6
07/25/2020,Alleghany,"Two or more races",2,0,0
07/25/2020,"Mount Rogers","Two or more races",4,0,0
07/25/2020,Southside,White,136,23,16
07/25/2020,"Thomas Jefferson","Two or more races",19,0,0
07/25/2020,"Prince William",Black,797,139,42
07/25/2020,"Lord Fairfax",White,1322,151,60
07/25/2020,"Cumberland Plateau",Latino,2,0,0
07/25/2020,Arlington,"Not Reported",206,2,0
07/25/2020,Rappahannock,"Other Race",54,4,0
07/25/2020,"Rappahannock Rapidan",Black,111,20,6
07/25/2020,"New River","Two or more races",0,0,0
07/25/2020,Arlington,Latino,1323,211,23
07/25/2020,Henrico,White,785,84,88
07/25/2020,Loudoun,White,1009,104,80
07/25/2020,Hampton,White,99,9,0
07/25/2020,Alleghany,Black,28,2,1
07/25/2020,"Prince William",White,1068,145,79
07/25/2020,Rappahannock,White,675,81,31
07/25/2020,Portsmouth,"Two or more races",2,1,0
07/25/2020,Southside,"Other Race",7,0,1
07/25/2020,"Western Tidewater",Black,644,67,33
07/25/2020,Hampton,Latino,40,4,0
07/25/2020,Henrico,"Not Reported",657,2,3
07/25/2020,"West Piedmont","Two or more races",0,0,0
07/25/2020,Peninsula,"Not Reported",930,2,0
07/25/2020,Loudoun,Latino,1392,145,11
07/25/2020,Alexandria,Black,446,69,12
07/25/2020,Piedmont,Black,391,54,7
07/25/2020,Roanoke,"Other Race",3,0,0
07/25/2020,"Western Tidewater",Latino,18,1,0
07/25/2020,Alexandria,"Two or more races",5,1,0
07/25/2020,Rappahannock,"Not Reported",834,24,0
07/25/2020,"West Piedmont","Other Race",3,1,1
07/25/2020,Chickahominy,White,394,74,29
07/25/2020,"Thomas Jefferson",Latino,461,24,0
07/25/2020,"Cumberland Plateau",Black,14,0,0
07/25/2020,"Lord Fairfax",Latino,605,37,8
07/25/2020,"West Piedmont",Latino,196,8,0
07/25/2020,"Cumberland Plateau",White,152,10,1
07/25/2020,"Eastern Shore","Other Race",13,1,0
07/25/2020,"Cumberland Plateau","Two or more races",3,0,0
07/25/2020,Piedmont,"Other Race",6,0,0
07/25/2020,Pittsylvania-Danville,"Two or more races",0,0,0
07/25/2020,Alexandria,Latino,1435,124,9
07/25/2020,Chesapeake,Black,753,99,7
07/25/2020,Richmond,"Other Race",104,8,2
07/25/2020,Henrico,Latino,655,49,6
07/25/2020,Piedmont,"Two or more races",4,2,0
07/25/2020,"Prince William","Other Race",250,14,0
07/25/2020,"New River","Not Reported",52,0,0
07/25/2020,"Rappahannock Rapidan",White,444,38,11
07/25/2020,"Central Virginia","Not Reported",549,5,0
07/25/2020,"Virginia Beach","Two or more races",25,2,0
07/25/2020,Fairfax,Latino,7940,886,73
07/25/2020,"Lord Fairfax",Black,102,10,6
07/25/2020,Pittsylvania-Danville,White,125,21,3
07/25/2020,Chesterfield,"Asian or Pacific Islander",37,2,0
07/25/2020,Crater,"Asian or Pacific Islander",6,0,0
08/07/2020,Crater,Black,1175,157,47
07/25/2020,Fairfax,"Asian or Pacific Islander",1244,227,71
07/25/2020,Hampton,"Asian or Pacific Islander",5,0,0
07/25/2020,"Rappahannock Rapidan","Asian or Pacific Islander",5,1,0
07/25/2020,"New River","Asian or Pacific Islander",6,0,0
07/25/2020,"Mount Rogers","Asian or Pacific Islander",2,1,0
07/25/2020,"Central Virginia","Asian or Pacific Islander",2,0,0
07/25/2020,"Lord Fairfax","Asian or Pacific Islander",8,0,0
07/25/2020,Southside,"Asian or Pacific Islander",1,0,0
07/25/2020,Portsmouth,"Asian or Pacific Islander",9,2,0
07/25/2020,Alleghany,"Asian or Pacific Islander",5,0,0
07/25/2020,Roanoke,"Asian or Pacific Islander",3,0,0
07/25/2020,Richmond,"Asian or Pacific Islander",12,3,1
07/25/2020,"Thomas Jefferson","Asian or Pacific Islander",25,0,1
07/25/2020,"Virginia Beach","Asian or Pacific Islander",116,15,2
07/25/2020,Henrico,"Asian or Pacific Islander",124,8,3
07/25/2020,Piedmont,"Asian or Pacific Islander",4,0,0
07/25/2020,"Western Tidewater","Asian or Pacific Islander",10,1,0
07/25/2020,"West Piedmont","Asian or Pacific Islander",11,1,1
07/25/2020,Chickahominy,"Asian or Pacific Islander",6,1,0
07/25/2020,Peninsula,"Asian or Pacific Islander",18,4,2
07/25/2020,Norfolk,"Asian or Pacific Islander",27,2,0
07/25/2020,Loudoun,"Asian or Pacific Islander",220,39,10
07/25/2020,Arlington,"Asian or Pacific Islander",132,22,12
07/25/2020,Alexandria,"Asian or Pacific Islander",92,9,1
07/25/2020,Rappahannock,"Asian or Pacific Islander",50,8,1
07/25/2020,Chesapeake,"Asian or Pacific Islander",33,7,2
07/25/2020,"Cumberland Plateau and Lenowisco","Asian or Pacific Islander",1,0,0
07/25/2020,"Central Shenandoah","Asian or Pacific Islander",17,2,0
07/25/2020,"Prince William","Asian or Pacific Islander",311,44,13
07/25/2020,Pittsylvania-Danville,"Asian or Pacific Islander",0,0,0
07/25/2020,"Eastern Shore and Three Rivers","Asian or Pacific Islander",8,1,0
07/25/2020,Piedmont,"Native American",1,0,0
07/25/2020,"New River","Native American",0,0,0
07/25/2020,"Central Shenandoah","Native American",3,1,0
07/25/2020,"Eastern Shore and Three Rivers","Native American",1,0,0
07/25/2020,Fairfax,"Native American",27,1,1
07/25/2020,Chesapeake,"Native American",9,0,0
07/25/2020,"Western Tidewater","Native American",1,0,0
07/25/2020,Portsmouth,"Native American",2,1,0
07/25/2020,Richmond,"Native American",0,0,0
07/25/2020,Chickahominy,"Native American",3,1,0
07/25/2020,"Thomas Jefferson","Native American",2,0,0
07/25/2020,Arlington,"Native American",4,0,0
07/25/2020,"Virginia Beach","Native American",4,0,0
07/25/2020,Peninsula,"Native American",2,0,0
07/25/2020,Hampton,"Native American",0,0,0
07/25/2020,"West Piedmont","Native American",0,0,0
07/25/2020,"Cumberland Plateau, Lenowisco, and Mount Rogers","Native American",0,0,0
07/25/2020,Henrico,"Native American",7,0,0
07/25/2020,Norfolk,"Native American",2,0,0
07/25/2020,"Prince William","Native American",13,1,0
07/25/2020,"Central Virginia","Native American",1,0,0
07/25/2020,Chesterfield,"Native American",3,0,0
07/25/2020,Rappahannock,"Native American",3,0,0
07/25/2020,Loudoun,"Native American",2,0,0
07/25/2020,Alexandria,"Native American",2,0,0
07/25/2020,"Alleghany and Roanoke","Native American",0,0,0
07/25/2020,Crater,"Native American",4,0,0
07/25/2020,"Rappahannock Rapidan","Native American",1,0,0
07/25/2020,"Lord Fairfax","Native American",2,1,1
07/25/2020,"Pittsylvania-Danville and Southside","Native American",0,0,0
07/26/2020,"Rappahannock Rapidan","Not Reported",469,11,2
07/26/2020,Portsmouth,"Other Race",28,2,1
07/26/2020,"Western Tidewater","Two or more races",3,0,0
07/26/2020,Piedmont,White,363,42,10
07/26/2020,Chesterfield,Latino,903,60,3
07/26/2020,Lenowisco,White,153,24,5
07/26/2020,Hampton,"Not Reported",355,0,0
07/26/2020,Lenowisco,"Two or more races",0,0,0
07/26/2020,Roanoke,Black,56,7,2
07/26/2020,Southside,"Not Reported",247,8,4
07/26/2020,Hampton,Black,352,33,4
07/26/2020,Alleghany,"Other Race",4,0,0
07/26/2020,Lenowisco,Latino,1,0,0
07/26/2020,Loudoun,"Other Race",111,10,1
07/26/2020,"Central Shenandoah",Latino,836,52,4
07/26/2020,"Rappahannock Rapidan",Latino,690,57,6
07/26/2020,Norfolk,Latino,229,18,0
07/26/2020,"Eastern Shore",Black,811,94,25
07/26/2020,Richmond,Black,717,145,22
07/26/2020,Hampton,"Two or more races",5,0,0
07/26/2020,Henrico,"Two or more races",12,0,0
07/26/2020,Fairfax,"Two or more races",39,4,0
07/26/2020,Alleghany,"Not Reported",352,1,0
07/26/2020,Portsmouth,"Not Reported",369,2,0
07/26/2020,"Cumberland Plateau","Other Race",0,0,0
07/26/2020,Southside,"Two or more races",22,0,0
07/26/2020,Portsmouth,White,152,12,5
07/26/2020,"Rappahannock Rapidan","Two or more races",16,2,0
07/26/2020,Fairfax,White,2488,425,280
07/26/2020,Fairfax,"Other Race",566,68,14
07/26/2020,Crater,"Two or more races",2,0,0
07/26/2020,"West Piedmont","Not Reported",151,6,0
07/26/2020,Henrico,"Other Race",74,11,0
07/26/2020,"Central Virginia",Black,53,3,1
07/26/2020,"Three Rivers",White,344,29,7
07/26/2020,"Three Rivers","Other Race",7,3,0
07/26/2020,Lenowisco,"Other Race",1,0,0
07/26/2020,"Western Tidewater",White,346,46,34
07/26/2020,"Mount Rogers",Black,33,5,2
07/26/2020,"Three Rivers","Not Reported",173,2,0
07/26/2020,"Thomas Jefferson",Black,294,57,8
07/26/2020,"Eastern Shore",White,189,16,15
07/26/2020,"Central Virginia",White,145,10,4
07/26/2020,Lenowisco,Black,1,0,0
07/26/2020,"Central Virginia","Two or more races",0,0,0
07/26/2020,Richmond,"Two or more races",6,0,0
07/26/2020,Crater,"Not Reported",412,8,3
07/26/2020,Chesterfield,"Two or more races",11,2,0
07/26/2020,"New River",Latino,30,4,0
07/26/2020,Richmond,Latino,1032,82,6
07/26/2020,Portsmouth,Latino,47,10,1
07/26/2020,Pittsylvania-Danville,"Not Reported",169,5,0
07/26/2020,Chesapeake,"Not Reported",570,4,0
07/26/2020,Chickahominy,Latino,60,4,0
07/26/2020,Crater,Black,985,142,33
07/26/2020,Chesterfield,Black,544,79,22
07/26/2020,Chesterfield,"Other Race",175,7,0
07/26/2020,Peninsula,Black,568,54,14
07/26/2020,Roanoke,White,110,5,8
07/26/2020,"New River",Black,25,3,0
07/26/2020,Peninsula,Latino,244,16,0
07/26/2020,Southside,Latino,3,0,0
07/26/2020,Rappahannock,"Two or more races",17,1,0
07/26/2020,"Virginia Beach",Black,928,55,8
07/26/2020,"Mount Rogers","Not Reported",54,1,1
07/26/2020,Loudoun,"Not Reported",1846,3,1
07/26/2020,Chesapeake,"Other Race",25,1,0
07/26/2020,Chickahominy,"Two or more races",1,1,0
07/26/2020,Crater,"Other Race",22,0,0
07/26/2020,Norfolk,"Two or more races",23,0,0
07/26/2020,"Eastern Shore","Two or more races",1,1,0
07/26/2020,"Central Shenandoah",White,1303,130,41
07/26/2020,"New River","Other Race",3,1,0
07/26/2020,"New River",White,259,18,6
07/26/2020,"Central Shenandoah","Other Race",35,1,0
07/26/2020,"West Piedmont",Black,177,40,3
07/26/2020,Alleghany,Latino,86,6,0
08/11/2020,Hampton,White,162,9,1
07/26/2020,"Central Shenandoah","Not Reported",225,3,1
07/26/2020,Roanoke,"Two or more races",1,0,0
07/26/2020,Peninsula,"Two or more races",13,2,0
07/26/2020,Arlington,"Other Race",70,8,3
07/26/2020,Richmond,"Not Reported",539,2,0
07/26/2020,Norfolk,"Not Reported",769,1,0
07/26/2020,Alexandria,"Other Race",46,5,2
07/26/2020,"Virginia Beach",White,1159,84,27
07/26/2020,Chesapeake,"Two or more races",9,0,0
07/26/2020,Alleghany,White,298,28,14
07/26/2020,"Rappahannock Rapidan","Other Race",23,1,0
07/26/2020,Chickahominy,"Not Reported",226,1,1
07/26/2020,Portsmouth,Black,658,79,14
07/26/2020,Chickahominy,"Other Race",11,2,0
07/26/2020,"Virginia Beach",Latino,254,18,3
07/26/2020,Chesapeake,White,556,56,13
07/26/2020,Southside,Black,172,31,11
07/26/2020,Rappahannock,Latino,986,99,7
07/26/2020,"Three Rivers","Two or more races",4,0,0
07/26/2020,Henrico,Black,957,147,78
07/26/2020,Pittsylvania-Danville,Black,181,29,2
07/26/2020,"Lord Fairfax","Two or more races",12,0,0
07/26/2020,"Mount Rogers","Other Race",6,2,1
07/26/2020,"Prince William",Latino,4615,565,60
07/26/2020,"Central Shenandoah",Black,119,9,4
07/26/2020,Peninsula,White,489,77,24
07/26/2020,"Eastern Shore","Not Reported",89,0,0
07/26/2020,"Thomas Jefferson","Other Race",90,3,0
07/26/2020,Hampton,"Other Race",14,2,0
07/26/2020,"Lord Fairfax","Not Reported",299,4,6
07/26/2020,"Central Virginia","Other Race",3,0,0
07/26/2020,"Western Tidewater","Other Race",29,2,1
07/26/2020,Crater,Latino,154,7,2
07/26/2020,Chesapeake,Latino,174,15,2
07/26/2020,Chesterfield,White,674,81,54
07/26/2020,"Western Tidewater","Not Reported",476,3,1
07/26/2020,Fairfax,"Not Reported",2134,68,36
07/26/2020,Arlington,Black,254,70,32
07/26/2020,"Central Virginia",Latino,25,1,1
07/26/2020,"Three Rivers",Black,264,27,5
07/26/2020,Alexandria,"Not Reported",161,6,0
07/26/2020,"Prince William","Two or more races",17,1,0
07/26/2020,Loudoun,"Two or more races",29,0,0
07/26/2020,Peninsula,"Other Race",59,3,0
07/26/2020,"Thomas Jefferson",White,576,44,21
07/26/2020,Norfolk,"Other Race",45,2,1
07/26/2020,"Prince William","Not Reported",3416,20,0
07/26/2020,"West Piedmont",White,285,34,6
07/26/2020,Rappahannock,Black,384,57,10
07/26/2020,Norfolk,Black,1340,104,13
07/26/2020,Roanoke,Latino,211,3,0
07/26/2020,Piedmont,Latino,62,6,1
07/26/2020,Roanoke,"Not Reported",338,1,0
07/26/2020,Arlington,"Two or more races",18,2,0
07/26/2020,"Virginia Beach","Other Race",51,2,0
07/26/2020,Alexandria,White,503,50,33
07/26/2020,"Lord Fairfax","Other Race",61,6,1
07/26/2020,"Thomas Jefferson","Not Reported",129,1,0
07/26/2020,"Virginia Beach","Not Reported",1006,6,3
07/26/2020,Loudoun,Black,193,24,3
07/26/2020,Pittsylvania-Danville,Latino,41,2,0
07/26/2020,"Cumberland Plateau","Not Reported",5,1,0
07/26/2020,Chesterfield,"Not Reported",1665,3,10
07/26/2020,"Mount Rogers",White,777,94,35
07/26/2020,Richmond,White,301,25,5
07/26/2020,Lenowisco,"Not Reported",26,2,1
07/26/2020,Piedmont,"Not Reported",395,12,1
07/26/2020,"Three Rivers",Latino,138,5,1
07/26/2020,"Mount Rogers",Latino,234,1,0
07/26/2020,Crater,White,399,40,12
07/26/2020,"Central Shenandoah","Two or more races",11,1,0
07/26/2020,Arlington,White,797,116,65
08/18/2020,Henrico,White,1026,101,92
07/26/2020,Pittsylvania-Danville,"Other Race",0,0,0
07/26/2020,Chickahominy,Black,153,37,10
07/26/2020,Fairfax,Black,985,191,53
07/26/2020,"Eastern Shore",Latino,249,9,3
07/26/2020,Norfolk,White,335,30,6
07/26/2020,Alleghany,"Two or more races",2,0,0
07/26/2020,"Mount Rogers","Two or more races",4,0,0
07/26/2020,Southside,White,139,23,16
07/26/2020,"Thomas Jefferson","Two or more races",19,0,0
07/26/2020,"Prince William",Black,809,139,42
07/26/2020,"Lord Fairfax",White,1326,151,60
07/26/2020,"Cumberland Plateau",Latino,2,0,0
07/26/2020,Arlington,"Not Reported",209,2,0
07/26/2020,Rappahannock,"Other Race",55,4,0
07/26/2020,"Rappahannock Rapidan",Black,111,20,6
07/26/2020,"New River","Two or more races",0,0,0
07/26/2020,Arlington,Latino,1323,211,23
07/26/2020,Henrico,White,788,84,88
07/26/2020,Loudoun,White,1023,104,80
07/26/2020,Hampton,White,101,9,0
07/26/2020,Alleghany,Black,28,2,1
07/26/2020,"Prince William",White,1074,146,79
07/26/2020,Rappahannock,White,679,81,32
07/26/2020,Portsmouth,"Two or more races",2,1,0
07/26/2020,Southside,"Other Race",7,0,1
07/26/2020,"Western Tidewater",Black,666,67,33
07/26/2020,Hampton,Latino,41,4,0
07/26/2020,Henrico,"Not Reported",667,2,3
07/26/2020,"West Piedmont","Two or more races",0,0,0
07/26/2020,Peninsula,"Not Reported",940,2,0
07/26/2020,Loudoun,Latino,1395,145,11
07/26/2020,Alexandria,Black,449,70,12
07/26/2020,Piedmont,Black,391,54,7
07/26/2020,Roanoke,"Other Race",3,0,0
07/26/2020,"Western Tidewater",Latino,19,1,0
07/26/2020,Alexandria,"Two or more races",5,1,0
07/26/2020,Rappahannock,"Not Reported",842,24,0
07/26/2020,"West Piedmont","Other Race",3,1,1
07/26/2020,Chickahominy,White,399,75,29
07/26/2020,"Thomas Jefferson",Latino,465,24,0
07/26/2020,"Cumberland Plateau",Black,14,0,0
07/26/2020,"Lord Fairfax",Latino,607,37,8
07/26/2020,"West Piedmont",Latino,196,8,0
07/26/2020,"Cumberland Plateau",White,165,11,1
07/26/2020,"Eastern Shore","Other Race",13,1,0
07/26/2020,"Cumberland Plateau","Two or more races",3,0,0
07/26/2020,Piedmont,"Other Race",7,0,0
07/26/2020,Pittsylvania-Danville,"Two or more races",0,0,0
07/26/2020,Alexandria,Latino,1437,124,9
07/26/2020,Chesapeake,Black,774,100,8
07/26/2020,Richmond,"Other Race",105,8,2
07/26/2020,Henrico,Latino,660,49,6
07/26/2020,Piedmont,"Two or more races",4,2,0
07/26/2020,"Prince William","Other Race",253,14,0
07/26/2020,"New River","Not Reported",56,0,0
07/26/2020,"Rappahannock Rapidan",White,449,38,11
07/26/2020,"Central Virginia","Not Reported",567,5,0
07/26/2020,"Virginia Beach","Two or more races",25,2,0
07/26/2020,Fairfax,Latino,7948,887,73
07/26/2020,"Lord Fairfax",Black,102,10,6
07/26/2020,Pittsylvania-Danville,White,126,21,3
07/26/2020,Chesterfield,"Asian or Pacific Islander",38,2,0
07/26/2020,Crater,"Asian or Pacific Islander",6,0,0
07/26/2020,Fairfax,"Asian or Pacific Islander",1246,227,71
07/26/2020,Hampton,"Asian or Pacific Islander",5,0,0
07/26/2020,"Rappahannock Rapidan","Asian or Pacific Islander",5,1,0
07/26/2020,"New River","Asian or Pacific Islander",6,0,0
07/26/2020,"Mount Rogers","Asian or Pacific Islander",2,1,0
07/26/2020,"Central Virginia","Asian or Pacific Islander",3,0,0
07/26/2020,"Lord Fairfax","Asian or Pacific Islander",8,0,0
07/26/2020,Southside,"Asian or Pacific Islander",1,0,0
07/26/2020,Portsmouth,"Asian or Pacific Islander",9,2,0
07/26/2020,Alleghany,"Asian or Pacific Islander",5,0,0
07/26/2020,Roanoke,"Asian or Pacific Islander",5,0,0
07/26/2020,Richmond,"Asian or Pacific Islander",12,3,1
07/26/2020,"Thomas Jefferson","Asian or Pacific Islander",25,0,1
07/26/2020,"Virginia Beach","Asian or Pacific Islander",122,16,2
07/26/2020,Henrico,"Asian or Pacific Islander",125,8,3
07/26/2020,Piedmont,"Asian or Pacific Islander",4,0,0
07/26/2020,"Western Tidewater","Asian or Pacific Islander",10,1,0
07/26/2020,"West Piedmont","Asian or Pacific Islander",11,1,1
07/26/2020,Chickahominy,"Asian or Pacific Islander",6,1,0
07/26/2020,Peninsula,"Asian or Pacific Islander",18,4,2
07/26/2020,Norfolk,"Asian or Pacific Islander",28,2,0
07/26/2020,Loudoun,"Asian or Pacific Islander",221,39,10
07/26/2020,Arlington,"Asian or Pacific Islander",132,22,12
07/26/2020,Alexandria,"Asian or Pacific Islander",92,9,1
07/26/2020,Rappahannock,"Asian or Pacific Islander",50,8,1
07/26/2020,Chesapeake,"Asian or Pacific Islander",34,7,2
07/26/2020,"Cumberland Plateau and Lenowisco","Asian or Pacific Islander",1,0,0
07/26/2020,"Central Shenandoah","Asian or Pacific Islander",17,2,0
07/26/2020,"Prince William","Asian or Pacific Islander",311,44,13
07/26/2020,Pittsylvania-Danville,"Asian or Pacific Islander",0,0,0
07/26/2020,"Eastern Shore and Three Rivers","Asian or Pacific Islander",8,1,0
07/26/2020,Piedmont,"Native American",1,0,0
07/26/2020,"New River","Native American",0,0,0
07/26/2020,"Central Shenandoah","Native American",3,1,0
07/26/2020,"Eastern Shore and Three Rivers","Native American",1,0,0
07/26/2020,Fairfax,"Native American",27,1,1
07/26/2020,Chesapeake,"Native American",9,0,0
07/26/2020,"Western Tidewater","Native American",1,0,0
07/26/2020,Portsmouth,"Native American",2,1,0
07/26/2020,Richmond,"Native American",0,0,0
07/26/2020,Chickahominy,"Native American",3,1,0
07/26/2020,"Thomas Jefferson","Native American",2,0,0
07/26/2020,Arlington,"Native American",4,0,0
07/26/2020,"Virginia Beach","Native American",3,0,0
07/26/2020,Peninsula,"Native American",3,0,0
07/26/2020,Hampton,"Native American",0,0,0
07/26/2020,"West Piedmont","Native American",0,0,0
07/26/2020,"Cumberland Plateau, Lenowisco, and Mount Rogers","Native American",0,0,0
07/26/2020,Henrico,"Native American",7,0,0
07/26/2020,Norfolk,"Native American",2,0,0
07/26/2020,"Prince William","Native American",13,1,0
07/26/2020,"Central Virginia","Native American",1,0,0
07/26/2020,Chesterfield,"Native American",3,0,0
07/26/2020,Rappahannock,"Native American",3,0,0
07/26/2020,Loudoun,"Native American",2,0,0
07/26/2020,Alexandria,"Native American",2,0,0
07/26/2020,"Alleghany and Roanoke","Native American",0,0,0
07/26/2020,Crater,"Native American",4,0,0
07/26/2020,"Rappahannock Rapidan","Native American",1,0,0
07/26/2020,"Lord Fairfax","Native American",2,1,1
07/26/2020,"Pittsylvania-Danville and Southside","Native American",0,0,0
07/27/2020,"Rappahannock Rapidan","Not Reported",480,11,2
07/27/2020,Portsmouth,"Other Race",29,2,1
07/27/2020,"Western Tidewater","Two or more races",3,0,0
07/27/2020,Piedmont,White,363,42,10
07/27/2020,Chesterfield,Latino,915,60,3
07/27/2020,Lenowisco,White,166,25,5
07/27/2020,Hampton,"Not Reported",368,0,0
07/27/2020,Lenowisco,"Two or more races",0,0,0
07/27/2020,Roanoke,Black,57,7,2
07/27/2020,Southside,"Not Reported",249,8,4
07/27/2020,Hampton,Black,375,33,4
07/27/2020,Alleghany,"Other Race",4,0,0
07/27/2020,Lenowisco,Latino,2,0,0
07/27/2020,Loudoun,"Other Race",115,10,1
08/18/2020,Loudoun,White,1239,108,83
07/27/2020,"Central Shenandoah",Latino,838,52,4
07/27/2020,"Rappahannock Rapidan",Latino,693,57,6
07/27/2020,Norfolk,Latino,229,18,0
07/27/2020,"Eastern Shore",Black,812,94,25
07/27/2020,Richmond,Black,737,146,22
07/27/2020,Hampton,"Two or more races",5,0,0
07/27/2020,Henrico,"Two or more races",12,0,0
07/27/2020,Fairfax,"Two or more races",38,4,0
07/27/2020,Alleghany,"Not Reported",367,1,0
07/27/2020,Portsmouth,"Not Reported",378,2,0
07/27/2020,"Cumberland Plateau","Other Race",0,0,0
07/27/2020,Southside,"Two or more races",22,0,0
07/27/2020,Portsmouth,White,153,12,5
07/27/2020,"Rappahannock Rapidan","Two or more races",16,2,0
07/27/2020,Fairfax,White,2508,426,280
07/27/2020,Fairfax,"Other Race",571,69,15
07/27/2020,Crater,"Two or more races",2,0,0
07/27/2020,"West Piedmont","Not Reported",151,6,0
07/27/2020,Henrico,"Other Race",75,11,0
07/27/2020,"Central Virginia",Black,62,3,1
07/27/2020,"Three Rivers",White,348,29,7
07/27/2020,"Three Rivers","Other Race",7,3,0
07/27/2020,Lenowisco,"Other Race",1,0,0
07/27/2020,"Western Tidewater",White,354,47,34
07/27/2020,"Mount Rogers",Black,33,5,2
07/27/2020,"Three Rivers","Not Reported",174,2,0
07/27/2020,"Thomas Jefferson",Black,309,57,8
07/27/2020,"Eastern Shore",White,192,16,15
07/27/2020,"Central Virginia",White,160,10,4
07/27/2020,"Central Virginia","Two or more races",0,0,0
07/27/2020,Richmond,"Two or more races",6,0,0
07/27/2020,Crater,"Not Reported",422,8,3
07/27/2020,Chesterfield,"Two or more races",11,2,0
07/27/2020,"New River",Latino,36,4,0
07/27/2020,Richmond,Latino,1037,82,6
07/27/2020,Portsmouth,Latino,47,10,1
07/27/2020,Pittsylvania-Danville,"Not Reported",199,5,0
07/27/2020,Chesapeake,"Not Reported",616,4,0
07/27/2020,Chickahominy,Latino,61,4,0
07/27/2020,Crater,Black,1010,142,33
07/27/2020,Chesterfield,Black,552,80,23
07/27/2020,Chesterfield,"Other Race",176,7,0
07/27/2020,Peninsula,Black,581,54,14
07/27/2020,Roanoke,White,110,5,8
07/27/2020,"New River",Black,25,3,0
07/27/2020,Peninsula,Latino,249,16,0
07/27/2020,Southside,Latino,3,0,0
07/27/2020,Rappahannock,"Two or more races",17,1,0
07/27/2020,"Virginia Beach",Black,983,58,8
07/27/2020,"Mount Rogers","Not Reported",54,1,1
07/27/2020,Loudoun,"Not Reported",1877,3,1
07/27/2020,Chesapeake,"Other Race",28,1,0
07/27/2020,Chickahominy,"Two or more races",1,1,0
07/27/2020,Crater,"Other Race",23,0,0
07/27/2020,Norfolk,"Two or more races",23,0,0
07/27/2020,"Eastern Shore","Two or more races",1,1,0
07/27/2020,"Central Shenandoah",White,1314,130,41
07/27/2020,"New River","Other Race",3,1,0
07/27/2020,"New River",White,268,19,6
07/27/2020,"Central Shenandoah","Other Race",35,1,0
07/27/2020,"West Piedmont",Black,177,40,3
07/27/2020,Alleghany,Latino,86,6,0
07/27/2020,"Central Shenandoah","Not Reported",234,3,1
07/27/2020,Roanoke,"Two or more races",1,0,0
07/27/2020,Peninsula,"Two or more races",14,2,0
07/27/2020,Arlington,"Other Race",70,8,3
07/27/2020,Richmond,"Not Reported",558,2,0
07/27/2020,Norfolk,"Not Reported",768,1,0
07/27/2020,Alexandria,"Other Race",46,5,2
07/27/2020,"Virginia Beach",White,1213,85,27
07/27/2020,Chesapeake,"Two or more races",9,0,0
07/27/2020,Alleghany,White,300,28,14
07/27/2020,"Rappahannock Rapidan","Other Race",23,1,0
07/27/2020,Chickahominy,"Not Reported",231,1,1
07/27/2020,Portsmouth,Black,670,79,14
07/27/2020,Chickahominy,"Other Race",12,2,0
07/27/2020,"Virginia Beach",Latino,256,18,3
07/27/2020,Chesapeake,White,572,60,13
07/27/2020,Southside,Black,175,31,11
07/27/2020,Rappahannock,Latino,996,99,7
07/27/2020,"Three Rivers","Two or more races",4,0,0
07/27/2020,Henrico,Black,993,149,78
07/27/2020,Pittsylvania-Danville,Black,190,29,2
07/27/2020,"Lord Fairfax","Two or more races",12,0,0
07/27/2020,"Mount Rogers","Other Race",6,2,1
07/27/2020,"Prince William",Latino,4646,565,60
07/27/2020,"Central Shenandoah",Black,119,9,4
07/27/2020,Peninsula,White,507,77,24
07/27/2020,"Eastern Shore","Not Reported",90,0,0
07/27/2020,"Thomas Jefferson","Other Race",92,3,0
07/27/2020,Hampton,"Other Race",17,2,0
07/27/2020,"Lord Fairfax","Not Reported",302,4,6
07/27/2020,"Central Virginia","Other Race",4,0,0
07/27/2020,"Western Tidewater","Other Race",29,1,1
07/27/2020,Crater,Latino,154,7,2
07/27/2020,Chesapeake,Latino,175,15,2
07/27/2020,Chesterfield,White,677,82,54
07/27/2020,"Western Tidewater","Not Reported",486,3,1
07/27/2020,Fairfax,"Not Reported",2208,68,36
07/27/2020,Arlington,Black,257,70,32
07/27/2020,"Central Virginia",Latino,25,1,1
07/27/2020,"Three Rivers",Black,262,26,5
07/27/2020,Alexandria,"Not Reported",165,6,0
07/27/2020,"Prince William","Two or more races",18,1,0
07/27/2020,Loudoun,"Two or more races",30,0,0
07/27/2020,Peninsula,"Other Race",61,3,0
07/27/2020,"Thomas Jefferson",White,590,47,21
07/27/2020,Norfolk,"Other Race",47,2,1
07/27/2020,"Prince William","Not Reported",3468,20,0
07/27/2020,"West Piedmont",White,285,34,6
07/27/2020,Rappahannock,Black,394,59,10
07/27/2020,Norfolk,Black,1343,105,13
07/27/2020,Roanoke,Latino,214,3,0
07/27/2020,Piedmont,Latino,62,6,1
07/27/2020,Roanoke,"Not Reported",347,1,0
07/27/2020,Arlington,"Two or more races",19,2,0
07/27/2020,"Virginia Beach","Other Race",53,2,0
07/27/2020,Alexandria,White,508,50,33
07/27/2020,"Lord Fairfax","Other Race",61,6,1
07/27/2020,"Thomas Jefferson","Not Reported",132,1,0
07/27/2020,"Virginia Beach","Not Reported",1072,6,3
07/27/2020,Loudoun,Black,202,24,3
07/27/2020,Pittsylvania-Danville,Latino,42,2,0
07/27/2020,"Cumberland Plateau","Not Reported",5,1,0
07/27/2020,Chesterfield,"Not Reported",1679,3,10
07/27/2020,"Mount Rogers",White,789,94,35
07/27/2020,Richmond,White,307,25,5
07/27/2020,Lenowisco,"Not Reported",28,3,1
07/27/2020,Piedmont,"Not Reported",395,12,1
07/27/2020,"Three Rivers",Latino,139,5,1
07/27/2020,"Mount Rogers",Latino,234,1,0
07/27/2020,Crater,White,403,41,12
07/27/2020,"Central Shenandoah","Two or more races",11,1,0
07/27/2020,Arlington,White,804,116,65
07/27/2020,Pittsylvania-Danville,"Other Race",0,0,0
07/27/2020,Chickahominy,Black,156,37,10
07/27/2020,Fairfax,Black,998,191,53
07/27/2020,"Eastern Shore",Latino,250,9,3
07/27/2020,Norfolk,White,337,30,6
07/27/2020,Alleghany,"Two or more races",2,0,0
07/27/2020,"Mount Rogers","Two or more races",4,0,0
07/27/2020,Southside,White,140,23,16
07/27/2020,"Thomas Jefferson","Two or more races",19,0,0
07/27/2020,"Prince William",Black,830,139,42
07/27/2020,"Lord Fairfax",White,1332,152,60
07/27/2020,"Cumberland Plateau",Latino,2,0,0
07/27/2020,Arlington,"Not Reported",211,2,0
07/27/2020,Rappahannock,"Other Race",55,4,0
07/27/2020,"Rappahannock Rapidan",Black,114,20,6
07/27/2020,"New River","Two or more races",1,0,0
07/27/2020,Arlington,Latino,1326,211,23
07/27/2020,Henrico,White,807,84,88
07/27/2020,Loudoun,White,1039,104,80
07/27/2020,Hampton,White,103,9,0
07/27/2020,Alleghany,Black,29,2,1
07/27/2020,"Prince William",White,1087,147,79
07/27/2020,Rappahannock,White,694,86,32
07/27/2020,Portsmouth,"Two or more races",3,1,0
07/27/2020,Southside,"Other Race",7,0,1
07/27/2020,"Western Tidewater",Black,695,75,33
07/27/2020,Hampton,Latino,41,4,0
07/27/2020,Henrico,"Not Reported",683,2,3
07/27/2020,"West Piedmont","Two or more races",0,0,0
07/27/2020,Peninsula,"Not Reported",970,2,0
07/27/2020,Loudoun,Latino,1425,147,11
07/27/2020,Alexandria,Black,463,71,12
07/27/2020,Piedmont,Black,391,54,7
07/27/2020,Roanoke,"Other Race",3,0,0
07/27/2020,"Western Tidewater",Latino,19,1,0
07/27/2020,Alexandria,"Two or more races",6,1,0
07/27/2020,Rappahannock,"Not Reported",855,25,0
07/27/2020,"West Piedmont","Other Race",3,1,1
07/27/2020,Chickahominy,White,405,75,29
07/27/2020,"Thomas Jefferson",Latino,477,25,0
07/27/2020,"Cumberland Plateau",Black,15,0,0
07/27/2020,"Lord Fairfax",Latino,608,37,8
07/27/2020,"West Piedmont",Latino,196,8,0
07/27/2020,"Cumberland Plateau",White,172,12,1
07/27/2020,"Eastern Shore","Other Race",13,1,0
07/27/2020,"Cumberland Plateau","Two or more races",3,0,0
07/27/2020,Piedmont,"Other Race",7,0,0
07/27/2020,Pittsylvania-Danville,"Two or more races",0,0,0
07/27/2020,Alexandria,Latino,1451,124,9
07/27/2020,Chesapeake,Black,803,104,8
07/27/2020,Richmond,"Other Race",105,8,2
07/27/2020,Henrico,Latino,668,49,6
07/27/2020,Piedmont,"Two or more races",4,2,0
07/27/2020,"Prince William","Other Race",264,14,0
07/27/2020,"New River","Not Reported",63,1,0
07/27/2020,"Rappahannock Rapidan",White,457,38,12
07/27/2020,"Central Virginia","Not Reported",601,5,0
07/27/2020,"Virginia Beach","Two or more races",28,2,0
07/27/2020,Fairfax,Latino,7983,888,74
07/27/2020,"Lord Fairfax",Black,102,10,6
07/27/2020,Pittsylvania-Danville,White,129,21,3
07/27/2020,Chesterfield,"Asian or Pacific Islander",38,2,0
07/27/2020,Crater,"Asian or Pacific Islander",6,0,0
07/27/2020,Fairfax,"Asian or Pacific Islander",1253,228,71
07/27/2020,Hampton,"Asian or Pacific Islander",7,0,0
07/27/2020,"Rappahannock Rapidan","Asian or Pacific Islander",5,1,0
07/27/2020,"New River","Asian or Pacific Islander",6,0,0
07/27/2020,"Mount Rogers","Asian or Pacific Islander",3,1,0
07/27/2020,"Central Virginia","Asian or Pacific Islander",3,0,0
07/27/2020,"Lord Fairfax","Asian or Pacific Islander",8,0,0
07/27/2020,Southside,"Asian or Pacific Islander",1,0,0
07/27/2020,Portsmouth,"Asian or Pacific Islander",9,2,0
07/27/2020,Alleghany,"Asian or Pacific Islander",5,0,0
07/27/2020,Roanoke,"Asian or Pacific Islander",5,0,0
07/27/2020,Richmond,"Asian or Pacific Islander",12,3,1
07/27/2020,"Thomas Jefferson","Asian or Pacific Islander",27,0,1
07/27/2020,"Virginia Beach","Asian or Pacific Islander",134,17,2
07/27/2020,Henrico,"Asian or Pacific Islander",126,8,3
07/27/2020,Piedmont,"Asian or Pacific Islander",4,0,0
07/27/2020,"Western Tidewater","Asian or Pacific Islander",11,2,0
07/27/2020,"West Piedmont","Asian or Pacific Islander",11,1,1
07/27/2020,Chickahominy,"Asian or Pacific Islander",6,1,0
07/27/2020,Peninsula,"Asian or Pacific Islander",19,4,2
07/27/2020,Norfolk,"Asian or Pacific Islander",30,2,0
07/27/2020,Loudoun,"Asian or Pacific Islander",224,39,10
07/27/2020,Arlington,"Asian or Pacific Islander",132,22,12
07/27/2020,Alexandria,"Asian or Pacific Islander",94,9,1
07/27/2020,Rappahannock,"Asian or Pacific Islander",50,8,1
07/27/2020,Chesapeake,"Asian or Pacific Islander",34,7,2
07/27/2020,"Cumberland Plateau and Lenowisco","Asian or Pacific Islander",1,0,0
07/27/2020,"Central Shenandoah","Asian or Pacific Islander",17,2,0
07/27/2020,"Prince William","Asian or Pacific Islander",314,44,13
07/27/2020,Pittsylvania-Danville,"Asian or Pacific Islander",0,0,0
07/27/2020,"Eastern Shore and Three Rivers","Asian or Pacific Islander",8,1,0
07/27/2020,Piedmont,"Native American",1,0,0
07/27/2020,"New River","Native American",0,0,0
07/27/2020,"Central Shenandoah","Native American",3,1,0
07/27/2020,"Eastern Shore and Three Rivers","Native American",1,0,0
07/27/2020,Fairfax,"Native American",27,1,1
07/27/2020,Chesapeake,"Native American",9,0,0
07/27/2020,"Western Tidewater","Native American",1,0,0
07/27/2020,Portsmouth,"Native American",2,1,0
07/27/2020,Richmond,"Native American",0,0,0
07/27/2020,Chickahominy,"Native American",3,1,0
07/27/2020,"Thomas Jefferson","Native American",2,0,0
07/27/2020,Arlington,"Native American",4,0,0
07/27/2020,"Virginia Beach","Native American",3,0,0
07/27/2020,Peninsula,"Native American",3,0,0
07/27/2020,Hampton,"Native American",0,0,0
07/27/2020,"West Piedmont","Native American",0,0,0
07/27/2020,"Cumberland Plateau, Lenowisco, and Mount Rogers","Native American",0,0,0
07/27/2020,Henrico,"Native American",7,0,0
07/27/2020,Norfolk,"Native American",2,0,0
07/27/2020,"Prince William","Native American",14,1,0
07/27/2020,"Central Virginia","Native American",1,0,0
07/27/2020,Chesterfield,"Native American",3,0,0
07/27/2020,Rappahannock,"Native American",3,0,0
07/27/2020,Loudoun,"Native American",2,0,0
07/27/2020,Alexandria,"Native American",2,0,0
07/27/2020,"Alleghany and Roanoke","Native American",0,0,0
07/27/2020,Crater,"Native American",4,0,0
07/27/2020,"Rappahannock Rapidan","Native American",1,0,0
07/27/2020,"Lord Fairfax","Native American",2,1,1
07/27/2020,"Pittsylvania-Danville and Southside","Native American",0,0,0
07/28/2020,"Rappahannock Rapidan","Not Reported",482,11,2
07/28/2020,Portsmouth,"Other Race",31,2,1
07/28/2020,"Western Tidewater","Two or more races",6,0,0
07/28/2020,Piedmont,White,369,42,10
07/28/2020,Chesterfield,Latino,934,60,3
07/28/2020,Lenowisco,White,168,25,5
07/28/2020,Hampton,"Not Reported",377,0,0
07/28/2020,Lenowisco,"Two or more races",0,0,0
07/28/2020,Roanoke,Black,57,7,2
07/28/2020,Southside,"Not Reported",254,8,4
07/28/2020,Hampton,Black,386,33,4
07/28/2020,Alleghany,"Other Race",4,0,0
07/28/2020,Lenowisco,Latino,2,0,0
07/28/2020,Loudoun,"Other Race",118,10,1
07/28/2020,"Central Shenandoah",Latino,842,52,4
07/28/2020,"Rappahannock Rapidan",Latino,695,57,6
07/28/2020,Norfolk,Latino,238,18,0
07/28/2020,"Eastern Shore",Black,814,94,25
07/28/2020,Richmond,Black,743,146,22
07/28/2020,Hampton,"Two or more races",6,0,0
07/28/2020,Henrico,"Two or more races",12,0,0
07/28/2020,Fairfax,"Two or more races",38,4,0
07/28/2020,Alleghany,"Not Reported",366,1,0
07/28/2020,Portsmouth,"Not Reported",390,2,0
08/18/2020,Hampton,White,180,9,1
07/28/2020,"Cumberland Plateau","Other Race",0,0,0
07/28/2020,Southside,"Two or more races",22,0,0
07/28/2020,Portsmouth,White,166,12,5
07/28/2020,"Rappahannock Rapidan","Two or more races",16,2,0
07/28/2020,Fairfax,White,2527,427,282
07/28/2020,Fairfax,"Other Race",572,69,15
07/28/2020,Crater,"Two or more races",2,0,0
07/28/2020,"West Piedmont","Not Reported",169,11,0
07/28/2020,Henrico,"Other Race",73,11,0
07/28/2020,"Central Virginia",Black,66,3,1
07/28/2020,"Three Rivers",White,358,29,7
07/28/2020,"Three Rivers","Other Race",7,3,0
07/28/2020,Lenowisco,"Other Race",1,0,0
07/28/2020,"Western Tidewater",White,362,47,36
07/28/2020,"Mount Rogers",Black,33,5,2
07/28/2020,"Three Rivers","Not Reported",176,2,0
07/28/2020,"Thomas Jefferson",Black,311,57,8
07/28/2020,"Eastern Shore",White,194,16,15
07/28/2020,"Central Virginia",White,164,10,4
07/28/2020,Lenowisco,Black,1,0,0
07/28/2020,"Central Virginia","Two or more races",0,0,0
07/28/2020,Richmond,"Two or more races",7,0,0
07/28/2020,Crater,"Not Reported",428,8,3
07/28/2020,Chesterfield,"Two or more races",10,2,0
07/28/2020,"New River",Latino,38,4,0
07/28/2020,Richmond,Latino,1044,82,6
07/28/2020,Portsmouth,Latino,47,10,1
07/28/2020,Pittsylvania-Danville,"Not Reported",199,5,0
07/28/2020,Chesapeake,"Not Reported",599,3,0
07/28/2020,Chickahominy,Latino,62,4,0
07/28/2020,Crater,Black,1031,146,35
07/28/2020,Chesterfield,Black,559,80,23
07/28/2020,Chesterfield,"Other Race",174,7,0
07/28/2020,Peninsula,Black,587,54,14
07/28/2020,Roanoke,White,110,5,8
07/28/2020,"New River",Black,25,3,0
07/28/2020,Peninsula,Latino,251,16,0
07/28/2020,Southside,Latino,3,0,0
07/28/2020,Rappahannock,"Two or more races",17,1,0
07/28/2020,"Virginia Beach",Black,995,59,8
07/28/2020,"Mount Rogers","Not Reported",54,1,1
07/28/2020,Loudoun,"Not Reported",1879,3,1
07/28/2020,Chesapeake,"Other Race",29,2,1
07/28/2020,Chickahominy,"Two or more races",1,1,0
07/28/2020,Crater,"Other Race",23,0,0
07/28/2020,Norfolk,"Two or more races",23,0,0
07/28/2020,"Eastern Shore","Two or more races",1,1,0
07/28/2020,"Central Shenandoah",White,1327,133,41
07/28/2020,"New River","Other Race",3,1,0
07/28/2020,"New River",White,271,19,6
07/28/2020,"Central Shenandoah","Other Race",35,1,0
07/28/2020,"West Piedmont",Black,189,41,3
07/28/2020,Alleghany,Latino,86,6,0
07/28/2020,"Central Shenandoah","Not Reported",237,3,1
07/28/2020,Roanoke,"Two or more races",1,0,0
07/28/2020,Peninsula,"Two or more races",14,2,0
07/28/2020,Arlington,"Other Race",70,8,3
07/28/2020,Richmond,"Not Reported",572,2,0
07/28/2020,Norfolk,"Not Reported",756,1,0
07/28/2020,Alexandria,"Other Race",46,5,2
07/28/2020,"Virginia Beach",White,1230,87,27
07/28/2020,Chesapeake,"Two or more races",9,0,0
07/28/2020,Alleghany,White,301,28,14
07/28/2020,"Rappahannock Rapidan","Other Race",23,1,0
07/28/2020,Chickahominy,"Not Reported",230,1,1
07/28/2020,Portsmouth,Black,717,81,14
07/28/2020,Chickahominy,"Other Race",12,2,0
07/28/2020,"Virginia Beach",Latino,256,18,3
07/28/2020,Chesapeake,White,584,61,14
07/28/2020,Southside,Black,178,31,11
07/28/2020,Rappahannock,Latino,998,99,7
07/28/2020,"Three Rivers","Two or more races",4,0,0
07/28/2020,Pittsylvania-Danville,Black,191,30,2
07/28/2020,"Lord Fairfax","Two or more races",12,0,0
07/28/2020,"Mount Rogers","Other Race",6,2,1
07/28/2020,"Prince William",Latino,4681,566,60
07/28/2020,"Central Shenandoah",Black,121,9,4
07/28/2020,Peninsula,White,517,77,24
07/28/2020,"Eastern Shore","Not Reported",90,0,0
07/28/2020,"Thomas Jefferson","Other Race",95,3,0
07/28/2020,Hampton,"Other Race",16,2,0
07/28/2020,"Lord Fairfax","Not Reported",302,4,6
07/28/2020,"Central Virginia","Other Race",4,0,0
07/28/2020,"Western Tidewater","Other Race",28,1,1
07/28/2020,Crater,Latino,156,7,2
07/28/2020,Chesapeake,Latino,179,14,1
07/28/2020,Chesterfield,White,686,85,55
07/28/2020,"Western Tidewater","Not Reported",494,3,1
07/28/2020,Fairfax,"Not Reported",2210,67,36
07/28/2020,Arlington,Black,262,70,32
07/28/2020,"Central Virginia",Latino,25,1,1
07/28/2020,"Three Rivers",Black,267,26,5
07/28/2020,Alexandria,"Not Reported",171,6,0
07/28/2020,"Prince William","Two or more races",18,1,0
07/28/2020,Loudoun,"Two or more races",30,0,0
07/28/2020,Peninsula,"Other Race",65,3,0
07/28/2020,"Thomas Jefferson",White,595,47,21
07/28/2020,Norfolk,"Other Race",50,2,1
07/28/2020,"Prince William","Not Reported",3489,20,0
07/28/2020,"West Piedmont",White,294,34,6
07/28/2020,Rappahannock,Black,400,59,10
07/28/2020,Norfolk,Black,1365,109,13
07/28/2020,Roanoke,Latino,216,3,0
07/28/2020,Piedmont,Latino,62,6,1
07/28/2020,Roanoke,"Not Reported",347,1,0
07/28/2020,Arlington,"Two or more races",22,2,0
07/28/2020,"Virginia Beach","Other Race",52,2,0
07/28/2020,Alexandria,White,510,50,33
07/28/2020,"Lord Fairfax","Other Race",61,6,1
07/28/2020,"Thomas Jefferson","Not Reported",135,1,0
07/28/2020,"Virginia Beach","Not Reported",1088,6,3
07/28/2020,Loudoun,Black,205,24,4
07/28/2020,Pittsylvania-Danville,Latino,42,2,0
07/28/2020,"Cumberland Plateau","Not Reported",5,1,0
07/28/2020,Chesterfield,"Not Reported",1680,2,9
07/28/2020,"Mount Rogers",White,797,94,36
07/28/2020,Richmond,White,311,25,6
07/28/2020,Lenowisco,"Not Reported",29,3,1
07/28/2020,Piedmont,"Not Reported",434,12,1
07/28/2020,"Three Rivers",Latino,139,5,1
07/28/2020,"Mount Rogers",Latino,234,1,0
07/28/2020,Crater,White,406,40,12
07/28/2020,"Central Shenandoah","Two or more races",12,1,0
07/28/2020,Arlington,White,813,116,65
07/28/2020,Pittsylvania-Danville,"Other Race",0,0,0
07/28/2020,Chickahominy,Black,157,38,11
07/28/2020,Fairfax,Black,1002,191,53
07/28/2020,"Eastern Shore",Latino,251,9,3
07/28/2020,Norfolk,White,348,30,6
07/28/2020,Alleghany,"Two or more races",2,0,0
07/28/2020,"Mount Rogers","Two or more races",4,0,0
07/28/2020,Southside,White,142,23,16
07/28/2020,"Thomas Jefferson","Two or more races",19,0,0
07/28/2020,"Prince William",Black,848,140,42
07/28/2020,"Lord Fairfax",White,1335,152,60
07/28/2020,"Cumberland Plateau",Latino,2,0,0
07/28/2020,Arlington,"Not Reported",210,2,0
07/28/2020,Rappahannock,"Other Race",55,4,0
07/28/2020,"Rappahannock Rapidan",Black,114,20,6
07/28/2020,"New River","Two or more races",1,0,0
07/28/2020,Arlington,Latino,1328,211,23
07/28/2020,Henrico,White,823,85,88
07/28/2020,Loudoun,White,1050,105,81
07/28/2020,Hampton,White,105,9,0
07/28/2020,Alleghany,Black,29,2,1
07/28/2020,"Prince William",White,1100,148,79
07/28/2020,Rappahannock,White,698,86,32
07/28/2020,Portsmouth,"Two or more races",5,1,0
07/28/2020,Southside,"Other Race",7,0,1
07/28/2020,"Western Tidewater",Black,710,75,34
07/28/2020,Hampton,Latino,41,4,0
07/28/2020,Henrico,"Not Reported",703,2,3
07/28/2020,"West Piedmont","Two or more races",0,0,0
07/28/2020,Peninsula,"Not Reported",977,2,0
07/28/2020,Loudoun,Latino,1432,147,11
07/28/2020,Alexandria,Black,469,71,12
07/28/2020,Piedmont,Black,397,54,7
07/28/2020,Roanoke,"Other Race",3,0,0
07/28/2020,"Western Tidewater",Latino,19,1,0
07/28/2020,Alexandria,"Two or more races",6,1,0
07/28/2020,Rappahannock,"Not Reported",878,25,0
07/28/2020,"West Piedmont","Other Race",3,1,1
07/28/2020,Chickahominy,White,409,75,29
07/28/2020,"Thomas Jefferson",Latino,477,25,0
07/28/2020,"Cumberland Plateau",Black,15,0,0
07/28/2020,"Lord Fairfax",Latino,609,37,8
07/28/2020,"West Piedmont",Latino,196,8,0
07/28/2020,"Cumberland Plateau",White,183,12,1
07/28/2020,"Eastern Shore","Other Race",13,1,0
07/28/2020,"Cumberland Plateau","Two or more races",3,0,0
07/28/2020,Piedmont,"Other Race",7,0,0
07/28/2020,Pittsylvania-Danville,"Two or more races",0,0,0
07/28/2020,Alexandria,Latino,1452,124,9
07/28/2020,Chesapeake,Black,832,108,8
07/28/2020,Richmond,"Other Race",105,8,2
07/28/2020,Henrico,Latino,670,49,6
07/28/2020,Piedmont,"Two or more races",4,2,0
07/28/2020,"Prince William","Other Race",269,14,0
07/28/2020,"New River","Not Reported",63,1,0
07/28/2020,"Rappahannock Rapidan",White,463,38,12
07/28/2020,"Central Virginia","Not Reported",627,7,0
07/28/2020,"Virginia Beach","Two or more races",29,2,0
07/28/2020,Fairfax,Latino,8006,889,74
07/28/2020,"Lord Fairfax",Black,102,10,6
07/28/2020,Pittsylvania-Danville,White,129,21,3
07/28/2020,Chesterfield,"Asian or Pacific Islander",41,2,0
07/28/2020,Crater,"Asian or Pacific Islander",7,0,0
07/28/2020,Fairfax,"Asian or Pacific Islander",1257,230,71
07/28/2020,Hampton,"Asian or Pacific Islander",7,0,0
07/28/2020,"Rappahannock Rapidan","Asian or Pacific Islander",5,1,0
07/28/2020,"New River","Asian or Pacific Islander",6,0,0
07/28/2020,"Mount Rogers","Asian or Pacific Islander",3,1,0
07/28/2020,"Central Virginia","Asian or Pacific Islander",3,0,0
07/28/2020,"Lord Fairfax","Asian or Pacific Islander",8,0,0
07/28/2020,Southside,"Asian or Pacific Islander",1,0,0
07/28/2020,Portsmouth,"Asian or Pacific Islander",9,2,0
07/28/2020,Alleghany,"Asian or Pacific Islander",5,0,0
07/28/2020,Roanoke,"Asian or Pacific Islander",5,0,0
07/28/2020,Richmond,"Asian or Pacific Islander",12,3,1
07/28/2020,"Thomas Jefferson","Asian or Pacific Islander",29,0,1
07/28/2020,"Virginia Beach","Asian or Pacific Islander",135,17,2
07/28/2020,Henrico,"Asian or Pacific Islander",129,8,3
07/28/2020,Piedmont,"Asian or Pacific Islander",4,0,0
07/28/2020,"Western Tidewater","Asian or Pacific Islander",11,2,0
07/28/2020,"West Piedmont","Asian or Pacific Islander",11,1,1
07/28/2020,Chickahominy,"Asian or Pacific Islander",6,1,0
07/28/2020,Peninsula,"Asian or Pacific Islander",19,4,2
07/28/2020,Norfolk,"Asian or Pacific Islander",31,2,0
07/28/2020,Loudoun,"Asian or Pacific Islander",223,39,10
07/28/2020,Arlington,"Asian or Pacific Islander",135,22,12
07/28/2020,Alexandria,"Asian or Pacific Islander",93,9,1
07/28/2020,Rappahannock,"Asian or Pacific Islander",50,8,1
07/28/2020,Chesapeake,"Asian or Pacific Islander",35,7,2
07/28/2020,"Cumberland Plateau and Lenowisco","Asian or Pacific Islander",1,0,0
07/28/2020,"Central Shenandoah","Asian or Pacific Islander",17,2,0
07/28/2020,"Prince William","Asian or Pacific Islander",317,44,13
07/28/2020,Pittsylvania-Danville,"Asian or Pacific Islander",0,0,0
07/28/2020,"Eastern Shore and Three Rivers","Asian or Pacific Islander",8,1,0
07/28/2020,Piedmont,"Native American",1,0,0
07/28/2020,"New River","Native American",0,0,0
07/28/2020,"Central Shenandoah","Native American",3,1,0
07/28/2020,"Eastern Shore and Three Rivers","Native American",1,0,0
07/28/2020,Fairfax,"Native American",27,1,1
07/28/2020,Chesapeake,"Native American",9,0,0
07/28/2020,"Western Tidewater","Native American",1,0,0
07/28/2020,Portsmouth,"Native American",2,1,0
07/28/2020,Richmond,"Native American",0,0,0
07/28/2020,Chickahominy,"Native American",3,1,0
07/28/2020,"Thomas Jefferson","Native American",2,0,0
07/28/2020,Arlington,"Native American",3,0,0
07/28/2020,"Virginia Beach","Native American",3,0,0
07/28/2020,Peninsula,"Native American",3,0,0
07/28/2020,Hampton,"Native American",0,0,0
07/28/2020,"West Piedmont","Native American",1,0,0
07/28/2020,"Cumberland Plateau, Lenowisco, and Mount Rogers","Native American",0,0,0
07/28/2020,Henrico,"Native American",7,0,0
07/28/2020,Norfolk,"Native American",3,0,0
07/28/2020,"Prince William","Native American",13,1,0
07/28/2020,"Central Virginia","Native American",1,0,0
07/28/2020,Chesterfield,"Native American",3,0,0
07/28/2020,Rappahannock,"Native American",3,0,0
07/28/2020,Loudoun,"Native American",2,0,0
07/28/2020,Alexandria,"Native American",2,0,0
07/28/2020,"Alleghany and Roanoke","Native American",0,0,0
07/28/2020,Crater,"Native American",4,0,0
07/28/2020,"Rappahannock Rapidan","Native American",1,0,0
07/28/2020,"Lord Fairfax","Native American",2,1,1
07/28/2020,"Pittsylvania-Danville and Southside","Native American",0,0,0
07/29/2020,"Rappahannock Rapidan","Not Reported",482,11,2
07/29/2020,Portsmouth,"Other Race",33,2,1
07/29/2020,"Western Tidewater","Two or more races",6,0,0
07/29/2020,Piedmont,White,370,42,12
07/29/2020,Chesterfield,Latino,951,61,3
07/29/2020,Lenowisco,White,177,26,5
07/29/2020,Hampton,"Not Reported",381,0,0
07/29/2020,Lenowisco,"Two or more races",0,0,0
07/29/2020,Roanoke,Black,58,7,2
07/29/2020,Southside,"Not Reported",263,8,4
07/29/2020,Hampton,Black,402,34,4
07/29/2020,Alleghany,"Other Race",4,0,0
07/29/2020,Lenowisco,Latino,2,0,0
07/29/2020,Loudoun,"Other Race",117,10,2
07/29/2020,"Central Shenandoah",Latino,843,52,4
07/29/2020,"Rappahannock Rapidan",Latino,699,57,6
07/29/2020,Norfolk,Latino,239,18,0
07/29/2020,"Eastern Shore",Black,815,95,25
07/29/2020,Richmond,Black,758,150,22
07/29/2020,Hampton,"Two or more races",6,0,0
07/29/2020,Henrico,"Two or more races",13,0,0
07/29/2020,Fairfax,"Two or more races",38,5,0
07/29/2020,Alleghany,"Not Reported",376,1,0
07/29/2020,Portsmouth,"Not Reported",387,2,0
07/29/2020,"Cumberland Plateau","Other Race",0,0,0
07/29/2020,Southside,"Two or more races",22,0,0
07/29/2020,Portsmouth,White,169,12,5
07/29/2020,"Rappahannock Rapidan","Two or more races",16,2,0
07/29/2020,Fairfax,White,2548,429,282
07/29/2020,Fairfax,"Other Race",571,69,15
07/29/2020,Crater,"Two or more races",3,0,0
07/29/2020,"West Piedmont","Not Reported",175,12,0
07/29/2020,Henrico,"Other Race",74,11,0
07/29/2020,"Central Virginia",Black,68,5,3
07/29/2020,"Three Rivers",White,358,29,8
07/29/2020,"Three Rivers","Other Race",7,3,0
07/29/2020,Lenowisco,"Other Race",1,0,0
07/29/2020,"Western Tidewater",White,367,47,38
07/29/2020,"Mount Rogers",Black,34,5,2
07/29/2020,"Three Rivers","Not Reported",176,2,0
07/29/2020,"Thomas Jefferson",Black,312,57,8
07/29/2020,"Eastern Shore",White,194,16,15
07/29/2020,"Central Virginia",White,173,11,4
07/29/2020,Lenowisco,Black,1,0,0
07/29/2020,"Central Virginia","Two or more races",0,0,0
07/29/2020,Richmond,"Two or more races",8,0,0
07/29/2020,Crater,"Not Reported",428,8,3
07/29/2020,Chesterfield,"Two or more races",11,2,0
07/29/2020,"New River",Latino,41,4,0
07/29/2020,Richmond,Latino,1052,82,8
07/29/2020,Portsmouth,Latino,48,10,1
07/29/2020,Pittsylvania-Danville,"Not Reported",204,5,0
07/29/2020,Chesapeake,"Not Reported",619,3,0
07/29/2020,Chickahominy,Latino,64,4,0
07/29/2020,Crater,Black,1038,147,37
07/29/2020,Chesterfield,Black,567,80,24
07/29/2020,Chesterfield,"Other Race",172,7,0
07/29/2020,Peninsula,Black,604,54,14
07/29/2020,Roanoke,White,112,6,8
07/29/2020,"New River",Black,25,3,0
07/29/2020,Peninsula,Latino,252,16,0
07/29/2020,Southside,Latino,4,0,0
07/29/2020,Rappahannock,"Two or more races",17,1,0
07/29/2020,"Virginia Beach",Black,1021,59,8
07/29/2020,"Mount Rogers","Not Reported",56,1,1
07/29/2020,Loudoun,"Not Reported",1877,3,1
07/29/2020,Chesapeake,"Other Race",33,2,1
07/29/2020,Chickahominy,"Two or more races",1,1,0
07/29/2020,Crater,"Other Race",23,0,0
07/29/2020,Norfolk,"Two or more races",27,0,0
07/29/2020,"Eastern Shore","Two or more races",1,1,0
07/29/2020,"Central Shenandoah",White,1335,133,42
07/29/2020,"New River","Other Race",3,1,0
07/29/2020,"New River",White,273,20,7
07/29/2020,"Central Shenandoah","Other Race",36,1,0
07/29/2020,"West Piedmont",Black,189,41,4
07/29/2020,Alleghany,Latino,86,6,0
07/29/2020,"Central Shenandoah","Not Reported",241,3,1
07/29/2020,Roanoke,"Two or more races",1,0,0
07/29/2020,Peninsula,"Two or more races",15,2,0
07/29/2020,Arlington,"Other Race",70,8,3
07/29/2020,Richmond,"Not Reported",578,2,0
07/29/2020,Norfolk,"Not Reported",794,1,0
07/29/2020,Alexandria,"Other Race",46,5,2
07/29/2020,"Virginia Beach",White,1273,88,27
07/29/2020,Chesapeake,"Two or more races",10,0,0
07/29/2020,Alleghany,White,304,28,15
07/29/2020,"Rappahannock Rapidan","Other Race",23,1,0
07/29/2020,Chickahominy,"Not Reported",226,1,1
07/29/2020,Portsmouth,Black,736,84,14
07/29/2020,Chickahominy,"Other Race",12,2,0
07/29/2020,"Virginia Beach",Latino,259,18,3
07/29/2020,Chesapeake,White,602,62,14
07/29/2020,Southside,Black,178,31,12
07/29/2020,Rappahannock,Latino,999,99,7
07/29/2020,"Three Rivers","Two or more races",4,0,0
07/29/2020,Henrico,Black,1027,150,77
07/29/2020,Pittsylvania-Danville,Black,197,30,3
07/29/2020,"Lord Fairfax","Two or more races",12,0,0
07/29/2020,"Mount Rogers","Other Race",6,2,1
07/29/2020,"Prince William",Latino,4702,569,60
07/29/2020,"Central Shenandoah",Black,122,9,4
07/29/2020,Peninsula,White,522,77,24
07/29/2020,"Eastern Shore","Not Reported",89,0,0
07/29/2020,"Thomas Jefferson","Other Race",95,3,0
07/29/2020,Hampton,"Other Race",17,2,0
07/29/2020,"Lord Fairfax","Not Reported",299,4,6
07/29/2020,"Central Virginia","Other Race",5,0,0
07/29/2020,"Western Tidewater","Other Race",28,1,1
07/29/2020,Crater,Latino,157,7,3
07/29/2020,Chesapeake,Latino,179,14,1
07/29/2020,Chesterfield,White,692,85,57
07/29/2020,"Western Tidewater","Not Reported",496,3,1
07/29/2020,Fairfax,"Not Reported",2205,67,36
07/29/2020,Arlington,Black,264,70,32
07/29/2020,"Central Virginia",Latino,25,1,1
07/29/2020,"Three Rivers",Black,267,26,6
07/29/2020,Alexandria,"Not Reported",172,6,0
07/29/2020,"Prince William","Two or more races",19,1,0
07/29/2020,Loudoun,"Two or more races",30,0,0
07/29/2020,Peninsula,"Other Race",68,3,0
07/29/2020,"Thomas Jefferson",White,598,49,21
07/29/2020,Norfolk,"Other Race",53,2,1
07/29/2020,"Prince William","Not Reported",3500,20,0
07/29/2020,"West Piedmont",White,296,35,6
07/29/2020,Rappahannock,Black,403,59,10
07/29/2020,Norfolk,Black,1418,111,14
07/29/2020,Roanoke,Latino,218,4,0
07/29/2020,Piedmont,Latino,63,6,1
07/29/2020,Roanoke,"Not Reported",383,0,0
07/29/2020,Arlington,"Two or more races",22,2,0
07/29/2020,"Virginia Beach","Other Race",56,2,0
07/29/2020,Alexandria,White,511,50,33
07/29/2020,"Lord Fairfax","Other Race",62,6,1
07/29/2020,"Thomas Jefferson","Not Reported",136,1,0
07/29/2020,"Virginia Beach","Not Reported",1128,6,3
07/29/2020,Loudoun,Black,208,24,4
07/29/2020,Pittsylvania-Danville,Latino,43,2,0
07/29/2020,"Cumberland Plateau","Not Reported",6,1,0
07/29/2020,Chesterfield,"Not Reported",1685,2,9
07/29/2020,"Mount Rogers",White,818,97,37
07/29/2020,Richmond,White,317,25,6
07/29/2020,Lenowisco,"Not Reported",30,3,1
07/29/2020,Piedmont,"Not Reported",436,12,1
07/29/2020,"Three Rivers",Latino,139,5,1
07/29/2020,"Mount Rogers",Latino,236,1,0
07/29/2020,Crater,White,407,40,12
07/29/2020,"Central Shenandoah","Two or more races",12,1,0
07/29/2020,Arlington,White,812,116,65
07/29/2020,Pittsylvania-Danville,"Other Race",0,0,0
07/29/2020,Chickahominy,Black,158,38,11
07/29/2020,Fairfax,Black,1018,193,53
07/29/2020,"Eastern Shore",Latino,253,9,3
07/29/2020,Norfolk,White,372,30,7
07/29/2020,Alleghany,"Two or more races",2,0,0
07/29/2020,"Mount Rogers","Two or more races",4,0,0
07/29/2020,Southside,White,143,23,16
07/29/2020,"Thomas Jefferson","Two or more races",19,0,0
07/29/2020,"Prince William",Black,867,140,43
07/29/2020,"Lord Fairfax",White,1343,154,60
07/29/2020,"Cumberland Plateau",Latino,2,0,0
07/29/2020,Arlington,"Not Reported",218,2,0
07/29/2020,Rappahannock,"Other Race",55,4,0
07/29/2020,"Rappahannock Rapidan",Black,114,20,6
07/29/2020,"New River","Two or more races",1,0,0
07/29/2020,Arlington,Latino,1333,211,23
07/29/2020,Henrico,White,829,85,88
07/29/2020,Loudoun,White,1059,105,81
07/29/2020,Hampton,White,108,9,0
07/29/2020,Alleghany,Black,29,2,1
07/29/2020,"Prince William",White,1110,148,79
07/29/2020,Rappahannock,White,705,86,32
07/29/2020,Portsmouth,"Two or more races",6,1,0
07/29/2020,Southside,"Other Race",8,0,1
07/29/2020,"Western Tidewater",Black,722,76,34
07/29/2020,Hampton,Latino,42,4,0
07/29/2020,Henrico,"Not Reported",706,2,3
07/29/2020,"West Piedmont","Two or more races",0,0,0
07/29/2020,Peninsula,"Not Reported",990,2,0
07/29/2020,Loudoun,Latino,1443,147,11
07/29/2020,Alexandria,Black,476,71,12
07/29/2020,Piedmont,Black,399,54,8
07/29/2020,Roanoke,"Other Race",3,0,0
07/29/2020,"Western Tidewater",Latino,20,1,1
07/29/2020,Alexandria,"Two or more races",6,1,0
07/29/2020,Rappahannock,"Not Reported",902,25,0
07/29/2020,"West Piedmont","Other Race",3,1,1
07/29/2020,Chickahominy,White,414,76,29
07/29/2020,"Thomas Jefferson",Latino,478,25,0
07/29/2020,"Cumberland Plateau",Black,15,0,0
07/29/2020,"Lord Fairfax",Latino,611,37,8
07/29/2020,"West Piedmont",Latino,196,8,0
07/29/2020,"Cumberland Plateau",White,197,14,1
07/29/2020,"Eastern Shore","Other Race",13,1,0
07/29/2020,"Cumberland Plateau","Two or more races",3,0,0
07/29/2020,Piedmont,"Other Race",7,0,0
07/29/2020,Pittsylvania-Danville,"Two or more races",0,0,0
07/29/2020,Alexandria,Latino,1453,124,9
07/29/2020,Chesapeake,Black,861,111,9
07/29/2020,Richmond,"Other Race",105,8,2
07/29/2020,Henrico,Latino,677,50,6
07/29/2020,Piedmont,"Two or more races",4,2,0
07/29/2020,"Prince William","Other Race",274,14,0
07/29/2020,"New River","Not Reported",62,1,0
07/29/2020,"Rappahannock Rapidan",White,466,38,12
07/29/2020,"Central Virginia","Not Reported",669,7,1
07/29/2020,"Virginia Beach","Two or more races",29,2,0
07/29/2020,Fairfax,Latino,8027,891,74
07/29/2020,"Lord Fairfax",Black,102,11,6
07/29/2020,Pittsylvania-Danville,White,130,21,3
07/29/2020,Chesterfield,"Asian or Pacific Islander",41,2,0
07/29/2020,Crater,"Asian or Pacific Islander",7,0,0
07/29/2020,Fairfax,"Asian or Pacific Islander",1269,232,71
07/29/2020,Hampton,"Asian or Pacific Islander",7,0,0
07/29/2020,"Rappahannock Rapidan","Asian or Pacific Islander",5,1,0
07/29/2020,"New River","Asian or Pacific Islander",6,0,0
07/29/2020,"Mount Rogers","Asian or Pacific Islander",3,1,0
07/29/2020,"Central Virginia","Asian or Pacific Islander",3,0,0
07/29/2020,"Lord Fairfax","Asian or Pacific Islander",8,0,0
07/29/2020,Southside,"Asian or Pacific Islander",1,0,0
07/29/2020,Portsmouth,"Asian or Pacific Islander",9,2,0
07/29/2020,Alleghany,"Asian or Pacific Islander",5,0,0
07/29/2020,Roanoke,"Asian or Pacific Islander",5,0,0
07/29/2020,Richmond,"Asian or Pacific Islander",13,3,1
07/29/2020,"Thomas Jefferson","Asian or Pacific Islander",29,0,1
07/29/2020,"Virginia Beach","Asian or Pacific Islander",139,17,2
07/29/2020,Henrico,"Asian or Pacific Islander",133,8,3
07/29/2020,Piedmont,"Asian or Pacific Islander",4,0,0
07/29/2020,"Western Tidewater","Asian or Pacific Islander",11,2,0
07/29/2020,"West Piedmont","Asian or Pacific Islander",11,1,1
07/29/2020,Chickahominy,"Asian or Pacific Islander",7,1,0
07/29/2020,Peninsula,"Asian or Pacific Islander",19,4,2
07/29/2020,Norfolk,"Asian or Pacific Islander",31,2,0
07/29/2020,Loudoun,"Asian or Pacific Islander",229,39,10
07/29/2020,Arlington,"Asian or Pacific Islander",135,22,12
07/29/2020,Alexandria,"Asian or Pacific Islander",93,9,1
07/29/2020,Rappahannock,"Asian or Pacific Islander",50,8,1
07/29/2020,Chesapeake,"Asian or Pacific Islander",35,7,2
07/29/2020,"Cumberland Plateau and Lenowisco","Asian or Pacific Islander",1,0,0
07/29/2020,"Central Shenandoah","Asian or Pacific Islander",17,2,0
07/29/2020,"Prince William","Asian or Pacific Islander",318,44,13
07/29/2020,Pittsylvania-Danville,"Asian or Pacific Islander",0,0,0
07/29/2020,"Eastern Shore and Three Rivers","Asian or Pacific Islander",8,1,0
07/29/2020,Piedmont,"Native American",1,0,0
07/29/2020,"New River","Native American",0,0,0
07/29/2020,"Central Shenandoah","Native American",3,1,0
07/29/2020,"Eastern Shore and Three Rivers","Native American",1,0,0
07/29/2020,Fairfax,"Native American",27,1,1
07/29/2020,Chesapeake,"Native American",9,0,0
07/29/2020,"Western Tidewater","Native American",1,0,0
07/29/2020,Portsmouth,"Native American",2,1,0
07/29/2020,Richmond,"Native American",0,0,0
07/29/2020,Chickahominy,"Native American",4,1,0
07/29/2020,"Thomas Jefferson","Native American",2,0,0
07/29/2020,Arlington,"Native American",3,0,0
07/29/2020,"Virginia Beach","Native American",3,0,0
07/29/2020,Peninsula,"Native American",3,0,0
07/29/2020,Hampton,"Native American",0,0,0
07/29/2020,"West Piedmont","Native American",1,0,0
07/29/2020,"Cumberland Plateau, Lenowisco, and Mount Rogers","Native American",1,0,0
07/29/2020,Henrico,"Native American",7,0,0
07/29/2020,Norfolk,"Native American",3,0,0
07/29/2020,"Prince William","Native American",13,1,0
07/29/2020,"Central Virginia","Native American",1,0,0
07/29/2020,Chesterfield,"Native American",3,0,0
07/29/2020,Rappahannock,"Native American",3,0,0
07/29/2020,Loudoun,"Native American",2,0,0
07/29/2020,Alexandria,"Native American",2,0,0
07/29/2020,"Alleghany and Roanoke","Native American",0,0,0
07/29/2020,Crater,"Native American",4,0,0
07/29/2020,"Rappahannock Rapidan","Native American",1,0,0
07/29/2020,"Lord Fairfax","Native American",2,1,1
07/29/2020,"Pittsylvania-Danville and Southside","Native American",0,0,0
07/30/2020,"Rappahannock Rapidan","Not Reported",485,11,2
07/30/2020,Portsmouth,"Other Race",33,2,1
07/30/2020,"Western Tidewater","Two or more races",6,0,0
07/30/2020,Piedmont,White,374,42,13
07/30/2020,Chesterfield,Latino,971,61,4
07/30/2020,Lenowisco,White,183,26,5
07/30/2020,Hampton,"Not Reported",384,0,0
07/30/2020,Lenowisco,"Two or more races",0,0,0
07/30/2020,Roanoke,Black,58,7,2
07/30/2020,Southside,"Not Reported",267,8,4
07/30/2020,Hampton,Black,407,34,4
07/30/2020,Alleghany,"Other Race",4,0,0
07/30/2020,Lenowisco,Latino,2,0,0
07/30/2020,Loudoun,"Other Race",118,10,2
07/30/2020,"Central Shenandoah",Latino,844,52,4
07/30/2020,"Rappahannock Rapidan",Latino,700,57,6
07/30/2020,Norfolk,Latino,242,18,0
07/30/2020,"Eastern Shore",Black,816,95,25
07/30/2020,Richmond,Black,772,153,22
07/30/2020,Hampton,"Two or more races",6,0,0
07/30/2020,Henrico,"Two or more races",13,0,0
07/30/2020,Fairfax,"Two or more races",39,5,0
07/30/2020,Alleghany,"Not Reported",383,1,0
07/30/2020,Portsmouth,"Not Reported",393,2,0
07/30/2020,"Cumberland Plateau","Other Race",1,0,0
07/30/2020,Southside,"Two or more races",22,0,0
07/30/2020,Portsmouth,White,171,12,5
07/30/2020,"Rappahannock Rapidan","Two or more races",16,2,0
07/30/2020,Fairfax,White,2581,432,282
07/30/2020,Fairfax,"Other Race",574,70,15
07/30/2020,Crater,"Two or more races",3,0,0
07/30/2020,"West Piedmont","Not Reported",170,13,0
07/30/2020,Henrico,"Other Race",75,11,0
07/30/2020,"Central Virginia",Black,69,5,3
07/30/2020,"Three Rivers",White,359,29,8
07/30/2020,"Three Rivers","Other Race",8,3,0
07/30/2020,Lenowisco,"Other Race",1,0,0
07/30/2020,"Western Tidewater",White,372,47,38
07/30/2020,"Mount Rogers",Black,34,5,2
07/30/2020,"Three Rivers","Not Reported",178,2,0
07/30/2020,"Thomas Jefferson",Black,316,57,9
07/30/2020,"Eastern Shore",White,194,16,15
07/30/2020,"Central Virginia",White,179,11,4
07/30/2020,Lenowisco,Black,1,0,0
07/30/2020,"Central Virginia","Two or more races",0,0,0
07/30/2020,Richmond,"Two or more races",8,0,0
07/30/2020,Crater,"Not Reported",438,8,3
07/30/2020,Chesterfield,"Two or more races",11,2,0
07/30/2020,"New River",Latino,41,4,0
07/30/2020,Richmond,Latino,1064,81,7
07/30/2020,Portsmouth,Latino,50,10,1
07/30/2020,Pittsylvania-Danville,"Not Reported",222,5,0
07/30/2020,Chesapeake,"Not Reported",645,3,0
07/30/2020,Chickahominy,Latino,64,4,0
07/30/2020,Crater,Black,1054,148,37
07/30/2020,Chesterfield,Black,580,82,24
07/30/2020,Chesterfield,"Other Race",174,7,0
07/30/2020,Peninsula,Black,620,54,15
07/30/2020,Roanoke,White,112,6,8
07/30/2020,"New River",Black,25,3,0
07/30/2020,Peninsula,Latino,254,16,0
07/30/2020,Southside,Latino,4,0,0
07/30/2020,Rappahannock,"Two or more races",18,1,0
07/30/2020,"Virginia Beach",Black,1032,60,8
07/30/2020,"Mount Rogers","Not Reported",56,1,1
07/30/2020,Loudoun,"Not Reported",1856,3,1
07/30/2020,Chesapeake,"Other Race",35,2,1
07/30/2020,Chickahominy,"Two or more races",1,1,0
07/30/2020,Crater,"Other Race",23,0,0
07/30/2020,Norfolk,"Two or more races",27,0,0
07/30/2020,"Eastern Shore","Two or more races",1,1,0
07/30/2020,"Central Shenandoah",White,1352,133,43
07/30/2020,"New River","Other Race",3,1,0
07/30/2020,"New River",White,274,20,7
07/30/2020,"Central Shenandoah","Other Race",36,2,0
07/30/2020,"West Piedmont",Black,195,43,4
07/30/2020,Alleghany,Latino,87,6,0
07/30/2020,"Central Shenandoah","Not Reported",227,3,1
07/30/2020,Roanoke,"Two or more races",1,0,0
07/30/2020,Peninsula,"Two or more races",19,2,0
07/30/2020,Arlington,"Other Race",67,8,3
07/30/2020,Richmond,"Not Reported",575,2,0
07/30/2020,Norfolk,"Not Reported",835,1,0
07/30/2020,Alexandria,"Other Race",46,5,2
07/30/2020,"Virginia Beach",White,1283,88,27
07/30/2020,Chesapeake,"Two or more races",10,0,0
07/30/2020,Alleghany,White,308,28,17
07/30/2020,"Rappahannock Rapidan","Other Race",23,1,0
07/30/2020,Chickahominy,"Not Reported",226,1,1
07/30/2020,Portsmouth,Black,751,92,15
07/30/2020,Chickahominy,"Other Race",12,2,0
07/30/2020,"Virginia Beach",Latino,261,18,3
07/30/2020,Chesapeake,White,608,62,14
07/30/2020,Southside,Black,183,32,12
07/30/2020,Rappahannock,Latino,1005,99,7
07/30/2020,"Three Rivers","Two or more races",4,0,0
07/30/2020,Henrico,Black,1047,150,77
07/30/2020,Pittsylvania-Danville,Black,203,31,4
07/30/2020,"Lord Fairfax","Two or more races",12,0,0
07/30/2020,"Mount Rogers","Other Race",5,2,1
07/30/2020,"Prince William",Latino,4724,569,61
07/30/2020,"Central Shenandoah",Black,127,9,4
07/30/2020,Peninsula,White,530,77,24
07/30/2020,"Eastern Shore","Not Reported",85,0,0
07/30/2020,"Thomas Jefferson","Other Race",99,3,0
07/30/2020,Hampton,"Other Race",19,2,0
07/30/2020,"Lord Fairfax","Not Reported",300,4,6
07/30/2020,"Central Virginia","Other Race",5,0,0
07/30/2020,"Western Tidewater","Other Race",28,1,1
07/30/2020,Crater,Latino,158,7,3
07/30/2020,Chesapeake,Latino,180,14,1
07/30/2020,Chesterfield,White,699,85,59
07/30/2020,"Western Tidewater","Not Reported",501,3,1
07/30/2020,Fairfax,"Not Reported",2142,68,36
07/30/2020,Arlington,Black,268,71,32
07/30/2020,"Central Virginia",Latino,25,1,1
07/30/2020,"Three Rivers",Black,270,26,6
08/25/2020,Henrico,White,1094,105,93
07/30/2020,Alexandria,"Not Reported",174,6,0
07/30/2020,"Prince William","Two or more races",20,1,0
07/30/2020,Loudoun,"Two or more races",31,0,0
07/30/2020,Peninsula,"Other Race",71,3,0
07/30/2020,"Thomas Jefferson",White,600,49,21
07/30/2020,Norfolk,"Other Race",54,2,1
07/30/2020,"Prince William","Not Reported",3526,20,0
07/30/2020,"West Piedmont",White,305,37,6
07/30/2020,Rappahannock,Black,414,59,10
07/30/2020,Norfolk,Black,1481,111,14
07/30/2020,Roanoke,Latino,221,5,0
07/30/2020,Piedmont,Latino,64,6,1
07/30/2020,Roanoke,"Not Reported",405,0,0
07/30/2020,Arlington,"Two or more races",22,2,0
07/30/2020,"Virginia Beach","Other Race",57,2,0
07/30/2020,Alexandria,White,515,50,33
07/30/2020,"Lord Fairfax","Other Race",62,6,1
07/30/2020,"Thomas Jefferson","Not Reported",133,1,0
07/30/2020,"Virginia Beach","Not Reported",1172,6,3
07/30/2020,Loudoun,Black,212,24,4
07/30/2020,Pittsylvania-Danville,Latino,43,2,0
07/30/2020,"Cumberland Plateau","Not Reported",5,0,0
07/30/2020,Chesterfield,"Not Reported",1695,2,9
07/30/2020,"Mount Rogers",White,838,101,38
07/30/2020,Richmond,White,323,26,6
07/30/2020,Lenowisco,"Not Reported",30,3,1
07/30/2020,Piedmont,"Not Reported",444,12,1
07/30/2020,"Three Rivers",Latino,140,5,1
07/30/2020,"Mount Rogers",Latino,239,2,0
07/30/2020,Crater,White,405,40,12
07/30/2020,"Central Shenandoah","Two or more races",12,1,0
07/30/2020,Arlington,White,819,116,65
07/30/2020,Pittsylvania-Danville,"Other Race",0,0,0
07/30/2020,Chickahominy,Black,159,38,11
07/30/2020,Fairfax,Black,1028,192,53
07/30/2020,"Eastern Shore",Latino,253,9,3
07/30/2020,Norfolk,White,405,31,7
07/30/2020,Alleghany,"Two or more races",2,0,0
07/30/2020,"Mount Rogers","Two or more races",4,0,0
07/30/2020,Southside,White,145,23,16
07/30/2020,"Thomas Jefferson","Two or more races",19,0,0
07/30/2020,"Prince William",Black,878,141,43
07/30/2020,"Lord Fairfax",White,1347,154,60
07/30/2020,"Cumberland Plateau",Latino,2,0,0
07/30/2020,Arlington,"Not Reported",216,2,0
07/30/2020,Rappahannock,"Other Race",57,4,0
07/30/2020,"Rappahannock Rapidan",Black,115,20,6
07/30/2020,"New River","Two or more races",2,0,0
07/30/2020,Arlington,Latino,1343,212,23
07/30/2020,Henrico,White,849,87,89
07/30/2020,Loudoun,White,1068,105,81
07/30/2020,Hampton,White,109,9,1
07/30/2020,Alleghany,Black,30,2,1
07/30/2020,"Prince William",White,1118,148,79
07/30/2020,Rappahannock,White,710,86,32
07/30/2020,Portsmouth,"Two or more races",8,1,0
07/30/2020,Southside,"Other Race",8,0,1
07/30/2020,"Western Tidewater",Black,731,76,34
07/30/2020,Hampton,Latino,41,4,0
07/30/2020,Henrico,"Not Reported",700,2,3
07/30/2020,"West Piedmont","Two or more races",0,0,0
07/30/2020,Peninsula,"Not Reported",993,2,0
07/30/2020,Loudoun,Latino,1460,150,11
07/30/2020,Alexandria,Black,480,71,12
07/30/2020,Piedmont,Black,402,54,10
07/30/2020,Roanoke,"Other Race",3,0,0
07/30/2020,"Western Tidewater",Latino,20,1,1
07/30/2020,Alexandria,"Two or more races",6,1,0
07/30/2020,Rappahannock,"Not Reported",915,25,0
07/30/2020,"West Piedmont","Other Race",3,1,1
07/30/2020,Chickahominy,White,419,76,29
07/30/2020,"Thomas Jefferson",Latino,487,25,0
07/30/2020,"Cumberland Plateau",Black,14,0,0
07/30/2020,"Lord Fairfax",Latino,613,37,8
07/30/2020,"West Piedmont",Latino,197,8,0
07/30/2020,"Cumberland Plateau",White,204,16,1
07/30/2020,"Eastern Shore","Other Race",13,1,0
07/30/2020,"Cumberland Plateau","Two or more races",4,0,0
07/30/2020,Piedmont,"Other Race",7,0,0
07/30/2020,Pittsylvania-Danville,"Two or more races",0,0,0
07/30/2020,Alexandria,Latino,1463,124,9
07/30/2020,Chesapeake,Black,869,111,9
07/30/2020,Richmond,"Other Race",101,8,2
07/30/2020,Henrico,Latino,685,50,6
07/30/2020,Piedmont,"Two or more races",4,2,0
07/30/2020,"Prince William","Other Race",275,14,0
07/30/2020,"New River","Not Reported",64,1,0
07/30/2020,"Rappahannock Rapidan",White,467,39,12
07/30/2020,"Central Virginia","Not Reported",675,8,1
07/30/2020,"Virginia Beach","Two or more races",29,2,0
07/30/2020,Fairfax,Latino,8077,892,74
07/30/2020,"Lord Fairfax",Black,102,11,6
07/30/2020,Pittsylvania-Danville,White,132,22,3
07/30/2020,Chesterfield,"Asian or Pacific Islander",41,2,0
07/30/2020,Crater,"Asian or Pacific Islander",7,0,0
07/30/2020,Fairfax,"Asian or Pacific Islander",1279,232,71
07/30/2020,Hampton,"Asian or Pacific Islander",7,0,0
07/30/2020,"Rappahannock Rapidan","Asian or Pacific Islander",5,1,0
07/30/2020,"New River","Asian or Pacific Islander",6,0,0
07/30/2020,"Mount Rogers","Asian or Pacific Islander",3,1,0
07/30/2020,"Central Virginia","Asian or Pacific Islander",3,0,0
07/30/2020,"Lord Fairfax","Asian or Pacific Islander",8,0,0
07/30/2020,Southside,"Asian or Pacific Islander",1,0,0
07/30/2020,Portsmouth,"Asian or Pacific Islander",9,2,0
07/30/2020,Alleghany,"Asian or Pacific Islander",5,0,0
07/30/2020,Roanoke,"Asian or Pacific Islander",5,0,0
07/30/2020,Richmond,"Asian or Pacific Islander",14,3,1
07/30/2020,"Thomas Jefferson","Asian or Pacific Islander",29,0,1
07/30/2020,"Virginia Beach","Asian or Pacific Islander",142,17,2
07/30/2020,Henrico,"Asian or Pacific Islander",133,8,3
07/30/2020,Piedmont,"Asian or Pacific Islander",4,0,0
07/30/2020,"Western Tidewater","Asian or Pacific Islander",11,2,0
07/30/2020,"West Piedmont","Asian or Pacific Islander",11,1,1
07/30/2020,Chickahominy,"Asian or Pacific Islander",7,1,0
07/30/2020,Peninsula,"Asian or Pacific Islander",19,4,2
07/30/2020,Norfolk,"Asian or Pacific Islander",33,2,0
07/30/2020,Loudoun,"Asian or Pacific Islander",238,39,10
07/30/2020,Arlington,"Asian or Pacific Islander",136,22,12
07/30/2020,Alexandria,"Asian or Pacific Islander",93,9,1
07/30/2020,Rappahannock,"Asian or Pacific Islander",51,9,1
07/30/2020,Chesapeake,"Asian or Pacific Islander",35,7,2
07/30/2020,"Cumberland Plateau and Lenowisco","Asian or Pacific Islander",1,0,0
07/30/2020,"Central Shenandoah","Asian or Pacific Islander",17,2,0
07/30/2020,"Prince William","Asian or Pacific Islander",321,44,13
07/30/2020,Pittsylvania-Danville,"Asian or Pacific Islander",0,0,0
07/30/2020,"Eastern Shore and Three Rivers","Asian or Pacific Islander",8,1,0
07/30/2020,Piedmont,"Native American",1,0,0
07/30/2020,"New River","Native American",0,0,0
07/30/2020,"Central Shenandoah","Native American",3,1,0
07/30/2020,"Eastern Shore and Three Rivers","Native American",1,0,0
07/30/2020,Fairfax,"Native American",28,1,1
07/30/2020,Chesapeake,"Native American",9,0,0
07/30/2020,"Western Tidewater","Native American",1,0,0
07/30/2020,Portsmouth,"Native American",2,1,0
07/30/2020,Richmond,"Native American",0,0,0
07/30/2020,Chickahominy,"Native American",4,1,0
07/30/2020,"Thomas Jefferson","Native American",2,0,0
07/30/2020,Arlington,"Native American",3,0,0
07/30/2020,"Virginia Beach","Native American",3,0,0
08/25/2020,Loudoun,White,1316,109,83
07/30/2020,Peninsula,"Native American",3,0,0
07/30/2020,Hampton,"Native American",0,0,0
07/30/2020,"West Piedmont","Native American",1,0,0
07/30/2020,"Cumberland Plateau, Lenowisco, and Mount Rogers","Native American",1,0,0
07/30/2020,Henrico,"Native American",7,0,0
07/30/2020,Norfolk,"Native American",3,0,0
07/30/2020,"Prince William","Native American",13,1,0
07/30/2020,"Central Virginia","Native American",1,0,0
07/30/2020,Chesterfield,"Native American",3,0,0
07/30/2020,Rappahannock,"Native American",3,0,0
07/30/2020,Loudoun,"Native American",2,0,0
07/30/2020,Alexandria,"Native American",2,0,0
07/30/2020,"Alleghany and Roanoke","Native American",0,0,0
07/30/2020,Crater,"Native American",4,0,0
07/30/2020,"Rappahannock Rapidan","Native American",1,0,0
07/30/2020,"Lord Fairfax","Native American",2,1,1
07/30/2020,"Pittsylvania-Danville and Southside","Native American",0,0,0
07/31/2020,"Rappahannock Rapidan","Not Reported",488,11,2
07/31/2020,Portsmouth,"Other Race",36,2,1
07/31/2020,"Western Tidewater","Two or more races",6,0,0
07/31/2020,Piedmont,White,375,42,13
07/31/2020,Chesterfield,Latino,986,61,4
07/31/2020,Lenowisco,White,195,26,6
07/31/2020,Hampton,"Not Reported",404,0,0
07/31/2020,Lenowisco,"Two or more races",0,0,0
07/31/2020,Roanoke,Black,59,7,2
07/31/2020,Southside,"Not Reported",267,8,4
07/31/2020,Alleghany,"Other Race",4,0,0
07/31/2020,Lenowisco,Latino,3,0,0
07/31/2020,Loudoun,"Other Race",117,10,2
07/31/2020,"Central Shenandoah",Latino,846,53,4
07/31/2020,"Rappahannock Rapidan",Latino,700,57,6
07/31/2020,Norfolk,Latino,247,18,0
07/31/2020,"Eastern Shore",Black,816,95,25
07/31/2020,Richmond,Black,792,154,23
07/31/2020,Hampton,"Two or more races",6,0,0
07/31/2020,Henrico,"Two or more races",13,0,0
07/31/2020,Fairfax,"Two or more races",41,5,0
07/31/2020,Alleghany,"Not Reported",390,1,0
07/31/2020,Portsmouth,"Not Reported",402,2,0
07/31/2020,"Cumberland Plateau","Other Race",1,0,0
07/31/2020,Southside,"Two or more races",22,0,0
07/31/2020,Portsmouth,White,175,12,5
07/31/2020,"Rappahannock Rapidan","Two or more races",16,2,0
07/31/2020,Fairfax,White,2623,437,284
07/31/2020,Fairfax,"Other Race",578,70,15
07/31/2020,Crater,"Two or more races",3,0,0
07/31/2020,"West Piedmont","Not Reported",170,13,0
07/31/2020,Henrico,"Other Race",77,11,0
07/31/2020,"Central Virginia",Black,70,5,3
07/31/2020,"Three Rivers",White,362,29,8
07/31/2020,"Three Rivers","Other Race",8,3,0
07/31/2020,Lenowisco,"Other Race",1,0,0
07/31/2020,"Western Tidewater",White,375,47,39
07/31/2020,"Mount Rogers",Black,35,6,2
07/31/2020,"Three Rivers","Not Reported",177,2,0
07/31/2020,"Thomas Jefferson",Black,318,58,10
07/31/2020,"Eastern Shore",White,194,16,15
07/31/2020,"Central Virginia",White,199,13,5
07/31/2020,Lenowisco,Black,1,0,0
07/31/2020,"Central Virginia","Two or more races",0,0,0
07/31/2020,Richmond,"Two or more races",8,0,0
07/31/2020,Crater,"Not Reported",446,8,3
07/31/2020,Chesterfield,"Two or more races",11,2,0
07/31/2020,"New River",Latino,42,4,0
07/31/2020,Richmond,Latino,1077,84,7
07/31/2020,Portsmouth,Latino,51,10,1
07/31/2020,Pittsylvania-Danville,"Not Reported",232,5,0
07/31/2020,Chesapeake,"Not Reported",658,3,0
07/31/2020,Chickahominy,Latino,65,4,0
07/31/2020,Chesterfield,Black,594,82,24
07/31/2020,Chesterfield,"Other Race",175,7,0
07/31/2020,Peninsula,Black,633,56,15
07/31/2020,Roanoke,White,114,6,9
07/31/2020,"New River",Black,26,3,0
07/31/2020,Peninsula,Latino,255,17,0
07/31/2020,Southside,Latino,4,0,0
07/31/2020,Rappahannock,"Two or more races",18,1,0
07/31/2020,"Virginia Beach",Black,1048,61,10
07/31/2020,"Mount Rogers","Not Reported",56,1,1
07/31/2020,Loudoun,"Not Reported",1833,3,1
07/31/2020,Chesapeake,"Other Race",35,2,1
07/31/2020,Chickahominy,"Two or more races",1,1,0
07/31/2020,Crater,"Other Race",23,0,0
07/31/2020,Norfolk,"Two or more races",28,0,0
07/31/2020,"Eastern Shore","Two or more races",1,1,0
07/31/2020,"Central Shenandoah",White,1364,134,43
07/31/2020,"New River","Other Race",3,1,0
07/31/2020,"New River",White,280,20,7
07/31/2020,"Central Shenandoah","Other Race",35,1,0
07/31/2020,"West Piedmont",Black,201,44,4
07/31/2020,Alleghany,Latino,89,6,0
07/31/2020,"Central Shenandoah","Not Reported",225,3,1
07/31/2020,Roanoke,"Two or more races",1,0,0
07/31/2020,Peninsula,"Two or more races",20,2,0
07/31/2020,Arlington,"Other Race",67,8,3
07/31/2020,Richmond,"Not Reported",571,2,0
07/31/2020,Norfolk,"Not Reported",868,1,0
07/31/2020,Alexandria,"Other Race",47,6,2
07/31/2020,"Virginia Beach",White,1317,94,27
07/31/2020,Chesapeake,"Two or more races",11,0,0
07/31/2020,Alleghany,White,309,28,17
07/31/2020,"Rappahannock Rapidan","Other Race",23,1,0
07/31/2020,Chickahominy,"Not Reported",226,2,1
07/31/2020,Portsmouth,Black,778,92,15
07/31/2020,Chickahominy,"Other Race",12,2,0
07/31/2020,"Virginia Beach",Latino,262,18,3
07/31/2020,Chesapeake,White,632,63,15
07/31/2020,Southside,Black,183,32,12
07/31/2020,Rappahannock,Latino,1012,99,7
07/31/2020,"Three Rivers","Two or more races",4,0,0
07/31/2020,Henrico,Black,1060,150,78
07/31/2020,Pittsylvania-Danville,Black,206,31,4
07/31/2020,"Lord Fairfax","Two or more races",12,0,0
07/31/2020,"Mount Rogers","Other Race",5,2,1
07/31/2020,"Prince William",Latino,4741,570,62
07/31/2020,"Central Shenandoah",Black,130,9,4
07/31/2020,Peninsula,White,538,77,24
07/31/2020,"Eastern Shore","Not Reported",85,0,0
07/31/2020,"Thomas Jefferson","Other Race",106,3,0
07/31/2020,Hampton,"Other Race",20,2,0
07/31/2020,"Lord Fairfax","Not Reported",306,4,6
07/31/2020,"Central Virginia","Other Race",5,0,0
07/31/2020,"Western Tidewater","Other Race",30,1,1
07/31/2020,Crater,Latino,160,7,3
07/31/2020,Chesapeake,Latino,180,14,1
07/31/2020,Chesterfield,White,717,85,60
07/31/2020,"Western Tidewater","Not Reported",520,3,1
07/31/2020,Fairfax,"Not Reported",2013,67,35
07/31/2020,Arlington,Black,271,71,32
07/31/2020,"Central Virginia",Latino,25,1,1
07/31/2020,"Three Rivers",Black,271,26,6
07/31/2020,Alexandria,"Not Reported",172,6,0
07/31/2020,"Prince William","Two or more races",23,1,0
07/31/2020,Loudoun,"Two or more races",31,0,0
07/31/2020,Peninsula,"Other Race",74,3,0
07/31/2020,"Thomas Jefferson",White,607,49,23
07/31/2020,Norfolk,"Other Race",56,2,1
07/31/2020,"Prince William","Not Reported",3524,20,0
07/31/2020,"West Piedmont",White,312,37,6
07/31/2020,Rappahannock,Black,425,59,10
07/31/2020,Norfolk,Black,1521,114,15
07/31/2020,Roanoke,Latino,218,5,0
07/31/2020,Piedmont,Latino,65,6,1
07/31/2020,Roanoke,"Not Reported",413,0,0
07/31/2020,Arlington,"Two or more races",22,2,0
07/31/2020,"Virginia Beach","Other Race",58,2,0
07/31/2020,Alexandria,White,516,50,33
07/31/2020,"Lord Fairfax","Other Race",62,6,1
07/31/2020,"Thomas Jefferson","Not Reported",132,1,0
07/31/2020,"Virginia Beach","Not Reported",1194,6,3
07/31/2020,Loudoun,Black,214,24,4
07/31/2020,Pittsylvania-Danville,Latino,43,2,0
07/31/2020,"Cumberland Plateau","Not Reported",5,0,0
07/31/2020,Chesterfield,"Not Reported",1710,2,9
07/31/2020,"Mount Rogers",White,863,104,43
07/31/2020,Richmond,White,331,26,6
07/31/2020,Lenowisco,"Not Reported",31,3,1
07/31/2020,Piedmont,"Not Reported",468,12,1
07/31/2020,"Three Rivers",Latino,140,5,1
07/31/2020,"Mount Rogers",Latino,241,2,0
07/31/2020,Crater,White,409,40,13
07/31/2020,"Central Shenandoah","Two or more races",12,1,0
07/31/2020,Arlington,White,824,116,66
07/31/2020,Pittsylvania-Danville,"Other Race",0,0,0
07/31/2020,Chickahominy,Black,161,39,11
07/31/2020,Fairfax,Black,1048,193,54
07/31/2020,"Eastern Shore",Latino,253,9,3
07/31/2020,Norfolk,White,423,31,8
07/31/2020,Alleghany,"Two or more races",2,0,0
07/31/2020,"Mount Rogers","Two or more races",4,0,0
07/31/2020,Southside,White,145,24,17
07/31/2020,"Thomas Jefferson","Two or more races",19,0,0
07/31/2020,"Prince William",Black,893,142,43
07/31/2020,"Lord Fairfax",White,1349,154,62
07/31/2020,"Cumberland Plateau",Latino,2,0,0
07/31/2020,Arlington,"Not Reported",227,3,0
07/31/2020,Rappahannock,"Other Race",56,4,0
07/31/2020,"Rappahannock Rapidan",Black,115,20,6
07/31/2020,"New River","Two or more races",2,0,0
07/31/2020,Arlington,Latino,1347,212,23
07/31/2020,Henrico,White,859,89,89
07/31/2020,Loudoun,White,1077,107,81
07/31/2020,Hampton,White,112,9,1
07/31/2020,Alleghany,Black,30,2,1
07/31/2020,"Prince William",White,1142,149,79
07/31/2020,Rappahannock,White,721,86,32
07/31/2020,Portsmouth,"Two or more races",8,1,0
07/31/2020,Southside,"Other Race",8,0,1
07/31/2020,"Western Tidewater",Black,748,77,34
07/31/2020,Hampton,Latino,41,4,0
07/31/2020,Henrico,"Not Reported",698,2,3
07/31/2020,"West Piedmont","Two or more races",0,0,0
07/31/2020,Peninsula,"Not Reported",1013,2,0
07/31/2020,Loudoun,Latino,1481,151,11
07/31/2020,Alexandria,Black,487,72,13
07/31/2020,Piedmont,Black,406,54,11
07/31/2020,Roanoke,"Other Race",4,0,0
07/31/2020,"Western Tidewater",Latino,21,1,1
07/31/2020,Alexandria,"Two or more races",6,1,0
07/31/2020,Rappahannock,"Not Reported",915,26,0
07/31/2020,"West Piedmont","Other Race",3,1,1
07/31/2020,Chickahominy,White,422,79,30
07/31/2020,"Thomas Jefferson",Latino,491,25,0
07/31/2020,"Cumberland Plateau",Black,14,0,0
07/31/2020,"Lord Fairfax",Latino,613,38,8
07/31/2020,"West Piedmont",Latino,197,8,0
07/31/2020,"Cumberland Plateau",White,213,16,1
07/31/2020,"Eastern Shore","Other Race",13,1,0
07/31/2020,"Cumberland Plateau","Two or more races",4,0,0
07/31/2020,Piedmont,"Other Race",7,0,0
07/31/2020,Pittsylvania-Danville,"Two or more races",0,0,0
07/31/2020,Alexandria,Latino,1473,125,9
07/31/2020,Chesapeake,Black,890,112,9
07/31/2020,Richmond,"Other Race",100,7,2
07/31/2020,Henrico,Latino,694,50,7
07/31/2020,Piedmont,"Two or more races",4,2,0
07/31/2020,"Prince William","Other Race",278,14,0
07/31/2020,"New River","Not Reported",70,1,0
07/31/2020,"Rappahannock Rapidan",White,472,40,12
07/31/2020,"Central Virginia","Not Reported",725,8,1
07/31/2020,"Virginia Beach","Two or more races",29,2,0
07/31/2020,Fairfax,Latino,8133,911,73
07/31/2020,"Lord Fairfax",Black,104,11,6
07/31/2020,Pittsylvania-Danville,White,134,22,3
07/31/2020,Chesterfield,"Asian or Pacific Islander",41,2,0
07/31/2020,Crater,"Asian or Pacific Islander",7,0,0
07/31/2020,Fairfax,"Asian or Pacific Islander",1291,236,71
07/31/2020,Hampton,"Asian or Pacific Islander",7,0,0
07/31/2020,"Rappahannock Rapidan","Asian or Pacific Islander",5,1,0
07/31/2020,"New River","Asian or Pacific Islander",6,0,0
07/31/2020,"Mount Rogers","Asian or Pacific Islander",3,1,0
07/31/2020,"Central Virginia","Asian or Pacific Islander",7,0,0
07/31/2020,"Lord Fairfax","Asian or Pacific Islander",8,0,0
07/31/2020,Southside,"Asian or Pacific Islander",1,0,0
07/31/2020,Portsmouth,"Asian or Pacific Islander",10,2,0
07/31/2020,Alleghany,"Asian or Pacific Islander",5,0,0
07/31/2020,Roanoke,"Asian or Pacific Islander",5,0,0
07/31/2020,Richmond,"Asian or Pacific Islander",14,3,1
07/31/2020,"Thomas Jefferson","Asian or Pacific Islander",30,0,1
07/31/2020,"Virginia Beach","Asian or Pacific Islander",144,17,2
07/31/2020,Henrico,"Asian or Pacific Islander",133,8,3
07/31/2020,Piedmont,"Asian or Pacific Islander",4,0,0
07/31/2020,"Western Tidewater","Asian or Pacific Islander",11,2,0
07/31/2020,"West Piedmont","Asian or Pacific Islander",11,1,1
07/31/2020,Chickahominy,"Asian or Pacific Islander",7,1,0
07/31/2020,Peninsula,"Asian or Pacific Islander",19,4,2
07/31/2020,Norfolk,"Asian or Pacific Islander",34,2,0
07/31/2020,Loudoun,"Asian or Pacific Islander",240,40,11
07/31/2020,Arlington,"Asian or Pacific Islander",136,22,12
07/31/2020,Alexandria,"Asian or Pacific Islander",95,9,1
07/31/2020,Rappahannock,"Asian or Pacific Islander",51,9,1
07/31/2020,Chesapeake,"Asian or Pacific Islander",35,7,2
07/31/2020,"Cumberland Plateau and Lenowisco","Asian or Pacific Islander",1,0,0
07/31/2020,"Central Shenandoah","Asian or Pacific Islander",17,2,0
07/31/2020,"Prince William","Asian or Pacific Islander",325,45,13
07/31/2020,Pittsylvania-Danville,"Asian or Pacific Islander",1,0,0
07/31/2020,"Eastern Shore and Three Rivers","Asian or Pacific Islander",8,1,0
07/31/2020,Piedmont,"Native American",1,0,0
07/31/2020,"New River","Native American",0,0,0
07/31/2020,"Central Shenandoah","Native American",3,1,0
07/31/2020,"Eastern Shore and Three Rivers","Native American",1,0,0
07/31/2020,Fairfax,"Native American",28,1,1
07/31/2020,Chesapeake,"Native American",9,0,0
07/31/2020,"Western Tidewater","Native American",1,0,0
07/31/2020,Portsmouth,"Native American",2,1,0
07/31/2020,Richmond,"Native American",0,0,0
07/31/2020,Chickahominy,"Native American",4,1,0
07/31/2020,"Thomas Jefferson","Native American",2,0,0
07/31/2020,Arlington,"Native American",3,0,0
07/31/2020,"Virginia Beach","Native American",3,0,0
07/31/2020,Peninsula,"Native American",3,0,0
07/31/2020,Hampton,"Native American",0,0,0
07/31/2020,"West Piedmont","Native American",1,0,0
07/31/2020,"Cumberland Plateau, Lenowisco, and Mount Rogers","Native American",1,0,0
07/31/2020,Henrico,"Native American",7,0,0
07/31/2020,Norfolk,"Native American",3,0,0
07/31/2020,"Prince William","Native American",13,1,0
07/31/2020,"Central Virginia","Native American",1,0,0
07/31/2020,Chesterfield,"Native American",3,0,0
07/31/2020,Rappahannock,"Native American",3,0,0
07/31/2020,Loudoun,"Native American",2,0,0
07/31/2020,Alexandria,"Native American",2,0,0
07/31/2020,"Alleghany and Roanoke","Native American",0,0,0
07/31/2020,Crater,"Native American",4,0,0
07/31/2020,"Rappahannock Rapidan","Native American",1,0,0
07/31/2020,"Lord Fairfax","Native American",2,1,1
07/31/2020,"Pittsylvania-Danville and Southside","Native American",0,0,0
08/01/2020,"Rappahannock Rapidan","Not Reported",491,11,2
08/01/2020,Portsmouth,"Other Race",35,2,1
08/01/2020,"Western Tidewater","Two or more races",6,0,0
08/01/2020,Piedmont,White,376,42,13
08/01/2020,Chesterfield,Latino,1003,62,5
08/01/2020,Lenowisco,White,203,28,6
08/01/2020,Hampton,"Not Reported",404,0,0
08/01/2020,Lenowisco,"Two or more races",0,0,0
08/01/2020,Roanoke,Black,59,7,2
08/01/2020,Southside,"Not Reported",273,8,4
08/01/2020,Hampton,Black,418,34,4
08/01/2020,Alleghany,"Other Race",4,0,0
08/01/2020,Lenowisco,Latino,3,0,0
08/01/2020,Loudoun,"Other Race",119,10,2
08/01/2020,"Central Shenandoah",Latino,848,53,4
08/01/2020,"Rappahannock Rapidan",Latino,701,57,6
08/01/2020,Norfolk,Latino,249,18,0
08/01/2020,"Eastern Shore",Black,818,95,25
08/01/2020,Richmond,Black,802,155,23
08/01/2020,Hampton,"Two or more races",6,0,0
08/01/2020,Henrico,"Two or more races",14,1,0
08/01/2020,Fairfax,"Two or more races",42,5,0
08/01/2020,Alleghany,"Not Reported",392,1,0
08/01/2020,Portsmouth,"Not Reported",411,2,0
08/01/2020,"Cumberland Plateau","Other Race",1,0,0
08/01/2020,Southside,"Two or more races",22,0,0
08/01/2020,Portsmouth,White,179,12,5
08/01/2020,"Rappahannock Rapidan","Two or more races",16,2,0
08/01/2020,Fairfax,White,2649,438,287
08/01/2020,Fairfax,"Other Race",583,70,16
08/01/2020,Crater,"Two or more races",3,0,0
08/01/2020,"West Piedmont","Not Reported",191,16,0
08/01/2020,Henrico,"Other Race",77,11,0
08/01/2020,"Central Virginia",Black,71,5,3
08/01/2020,"Three Rivers",White,366,30,8
08/01/2020,"Three Rivers","Other Race",9,3,0
08/01/2020,Lenowisco,"Other Race",1,0,0
08/01/2020,"Western Tidewater",White,381,47,39
08/01/2020,"Mount Rogers",Black,35,6,2
08/01/2020,"Three Rivers","Not Reported",179,2,0
08/01/2020,"Thomas Jefferson",Black,321,58,11
08/01/2020,"Eastern Shore",White,195,16,15
08/01/2020,"Central Virginia",White,206,13,5
08/01/2020,Lenowisco,Black,2,0,0
08/01/2020,"Central Virginia","Two or more races",0,0,0
08/01/2020,Richmond,"Two or more races",8,0,0
08/01/2020,Crater,"Not Reported",454,8,3
08/01/2020,Chesterfield,"Two or more races",11,2,0
08/01/2020,"New River",Latino,43,4,0
08/01/2020,Richmond,Latino,1087,85,7
08/01/2020,Portsmouth,Latino,52,11,1
08/01/2020,Pittsylvania-Danville,"Not Reported",256,6,1
08/01/2020,Chesapeake,"Not Reported",654,3,0
08/01/2020,Chickahominy,Latino,65,4,0
08/01/2020,Crater,Black,1067,148,40
08/01/2020,Chesterfield,Black,599,83,25
08/01/2020,Chesterfield,"Other Race",176,7,0
08/01/2020,Peninsula,Black,638,56,15
08/01/2020,Roanoke,White,114,6,9
08/01/2020,"New River",Black,26,3,0
08/01/2020,Peninsula,Latino,256,17,0
08/01/2020,Southside,Latino,4,0,0
08/01/2020,Rappahannock,"Two or more races",18,1,0
08/01/2020,"Virginia Beach",Black,1068,62,10
08/01/2020,"Mount Rogers","Not Reported",56,1,1
08/01/2020,Loudoun,"Not Reported",1831,3,1
08/01/2020,Chesapeake,"Other Race",36,2,1
08/01/2020,Chickahominy,"Two or more races",1,1,0
08/01/2020,Crater,"Other Race",23,0,0
08/01/2020,Norfolk,"Two or more races",28,0,0
08/01/2020,"Eastern Shore","Two or more races",1,1,0
08/01/2020,"Central Shenandoah",White,1378,136,44
08/01/2020,"New River","Other Race",3,1,0
08/01/2020,"New River",White,281,20,7
08/01/2020,"Central Shenandoah","Other Race",35,1,0
08/01/2020,"West Piedmont",Black,211,45,4
08/01/2020,Alleghany,Latino,91,6,0
08/01/2020,"Central Shenandoah","Not Reported",224,3,1
08/01/2020,Roanoke,"Two or more races",1,0,0
08/01/2020,Peninsula,"Two or more races",20,2,0
08/01/2020,Arlington,"Other Race",67,8,3
08/01/2020,Richmond,"Not Reported",585,2,0
08/01/2020,Norfolk,"Not Reported",863,1,0
08/01/2020,Alexandria,"Other Race",47,6,2
08/01/2020,"Virginia Beach",White,1341,94,28
08/01/2020,Chesapeake,"Two or more races",11,0,0
08/01/2020,Alleghany,White,313,29,19
08/01/2020,"Rappahannock Rapidan","Other Race",23,1,0
08/01/2020,Chickahominy,"Not Reported",227,2,2
08/01/2020,Portsmouth,Black,795,93,17
08/01/2020,Chickahominy,"Other Race",12,2,0
08/01/2020,"Virginia Beach",Latino,266,18,3
08/01/2020,Chesapeake,White,638,64,15
08/01/2020,Southside,Black,187,32,12
08/01/2020,Rappahannock,Latino,1023,99,7
08/01/2020,"Three Rivers","Two or more races",4,0,0
08/01/2020,Henrico,Black,1073,151,79
08/01/2020,Pittsylvania-Danville,Black,206,31,4
08/01/2020,"Lord Fairfax","Two or more races",11,0,0
08/01/2020,"Mount Rogers","Other Race",5,2,1
08/01/2020,"Prince William",Latino,4758,572,63
08/01/2020,"Central Shenandoah",Black,132,9,4
08/01/2020,Peninsula,White,543,77,24
08/01/2020,"Eastern Shore","Not Reported",85,0,0
08/01/2020,"Thomas Jefferson","Other Race",107,3,0
08/01/2020,Hampton,"Other Race",20,2,0
08/01/2020,"Lord Fairfax","Not Reported",307,4,6
08/01/2020,"Central Virginia","Other Race",5,0,0
08/01/2020,"Western Tidewater","Other Race",31,1,1
08/01/2020,Crater,Latino,161,8,3
08/01/2020,Chesapeake,Latino,181,14,1
08/01/2020,Chesterfield,White,725,85,61
08/01/2020,"Western Tidewater","Not Reported",529,3,1
08/01/2020,Fairfax,"Not Reported",2019,64,34
08/01/2020,Arlington,Black,271,71,32
08/01/2020,"Central Virginia",Latino,25,1,1
08/01/2020,"Three Rivers",Black,275,26,6
08/01/2020,Alexandria,"Not Reported",173,6,1
08/01/2020,"Prince William","Two or more races",23,1,0
08/01/2020,Loudoun,"Two or more races",31,0,0
08/01/2020,Peninsula,"Other Race",75,3,0
08/01/2020,"Thomas Jefferson",White,612,49,25
08/01/2020,Norfolk,"Other Race",55,2,1
08/01/2020,"Prince William","Not Reported",3540,21,0
08/01/2020,"West Piedmont",White,321,39,7
08/01/2020,Rappahannock,Black,435,60,12
08/01/2020,Norfolk,Black,1528,115,17
08/01/2020,Roanoke,Latino,219,5,0
08/01/2020,Piedmont,Latino,65,6,1
08/01/2020,Roanoke,"Not Reported",458,0,0
08/01/2020,Arlington,"Two or more races",22,2,0
08/01/2020,"Virginia Beach","Other Race",61,2,0
08/01/2020,Alexandria,White,518,50,33
08/01/2020,"Lord Fairfax","Other Race",60,6,1
08/01/2020,"Thomas Jefferson","Not Reported",134,1,0
08/01/2020,"Virginia Beach","Not Reported",1265,6,3
08/01/2020,Loudoun,Black,217,24,5
08/01/2020,Pittsylvania-Danville,Latino,44,2,0
08/01/2020,"Cumberland Plateau","Not Reported",4,0,0
08/01/2020,Chesterfield,"Not Reported",1713,2,9
08/01/2020,"Mount Rogers",White,875,104,45
08/01/2020,Richmond,White,338,26,6
08/01/2020,Lenowisco,"Not Reported",35,3,1
08/01/2020,Piedmont,"Not Reported",483,12,1
08/01/2020,"Three Rivers",Latino,140,5,1
08/01/2020,"Mount Rogers",Latino,242,2,0
08/01/2020,Crater,White,416,40,15
08/01/2020,"Central Shenandoah","Two or more races",12,1,0
08/01/2020,Arlington,White,830,117,66
08/01/2020,Pittsylvania-Danville,"Other Race",0,0,0
08/01/2020,Chickahominy,Black,163,39,11
08/01/2020,Fairfax,Black,1065,195,54
08/01/2020,"Eastern Shore",Latino,253,10,3
08/01/2020,Norfolk,White,425,32,8
08/01/2020,Alleghany,"Two or more races",2,0,0
08/01/2020,"Mount Rogers","Two or more races",4,0,0
08/01/2020,Southside,White,149,24,17
08/01/2020,"Thomas Jefferson","Two or more races",18,0,0
08/01/2020,"Prince William",Black,904,143,43
08/01/2020,"Lord Fairfax",White,1363,154,64
08/01/2020,"Cumberland Plateau",Latino,2,0,0
08/01/2020,Arlington,"Not Reported",221,3,0
08/01/2020,Rappahannock,"Other Race",57,4,0
08/01/2020,"Rappahannock Rapidan",Black,116,20,6
08/01/2020,"New River","Two or more races",2,0,0
08/01/2020,Arlington,Latino,1356,212,23
08/01/2020,Henrico,White,869,89,89
08/01/2020,Alleghany,Black,30,3,1
08/01/2020,"Prince William",White,1152,150,79
08/01/2020,Rappahannock,White,735,87,32
08/01/2020,Portsmouth,"Two or more races",8,1,0
08/01/2020,Southside,"Other Race",8,0,1
08/01/2020,"Western Tidewater",Black,766,78,35
08/01/2020,Hampton,Latino,40,4,0
08/01/2020,Henrico,"Not Reported",720,2,4
08/01/2020,"West Piedmont","Two or more races",0,0,0
08/01/2020,Peninsula,"Not Reported",1028,2,0
08/01/2020,Loudoun,Latino,1486,151,12
08/01/2020,Alexandria,Black,492,73,13
08/01/2020,Piedmont,Black,409,54,12
08/01/2020,Roanoke,"Other Race",4,0,0
08/01/2020,"Western Tidewater",Latino,21,1,1
08/01/2020,Alexandria,"Two or more races",6,1,0
08/01/2020,Rappahannock,"Not Reported",924,26,0
08/01/2020,"West Piedmont","Other Race",3,1,1
08/01/2020,Chickahominy,White,426,79,31
08/01/2020,"Thomas Jefferson",Latino,495,25,0
08/01/2020,"Cumberland Plateau",Black,14,0,0
08/01/2020,"Lord Fairfax",Latino,619,40,8
08/01/2020,"West Piedmont",Latino,197,8,0
08/01/2020,"Cumberland Plateau",White,220,17,1
08/01/2020,"Eastern Shore","Other Race",13,1,0
08/01/2020,"Cumberland Plateau","Two or more races",4,0,0
08/01/2020,Piedmont,"Other Race",9,0,0
08/01/2020,Pittsylvania-Danville,"Two or more races",0,0,0
08/01/2020,Alexandria,Latino,1477,125,9
08/01/2020,Chesapeake,Black,895,113,9
08/01/2020,Richmond,"Other Race",100,7,2
08/01/2020,Henrico,Latino,707,50,7
08/01/2020,Piedmont,"Two or more races",4,2,0
08/01/2020,"Prince William","Other Race",280,14,0
08/01/2020,"New River","Not Reported",70,1,0
08/01/2020,"Rappahannock Rapidan",White,476,40,12
08/01/2020,"Central Virginia","Not Reported",743,8,1
08/01/2020,"Virginia Beach","Two or more races",29,2,0
08/01/2020,Fairfax,Latino,8146,912,73
08/01/2020,"Lord Fairfax",Black,105,11,6
08/01/2020,Pittsylvania-Danville,White,136,22,4
08/25/2020,Hampton,White,211,9,1
08/01/2020,Chesterfield,"Asian or Pacific Islander",41,2,0
08/01/2020,Crater,"Asian or Pacific Islander",8,0,0
08/01/2020,Fairfax,"Asian or Pacific Islander",1296,236,70
08/01/2020,Hampton,"Asian or Pacific Islander",7,0,0
08/01/2020,"Rappahannock Rapidan","Asian or Pacific Islander",5,1,0
08/01/2020,"New River","Asian or Pacific Islander",6,0,0
08/01/2020,"Mount Rogers","Asian or Pacific Islander",3,1,0
08/01/2020,"Central Virginia","Asian or Pacific Islander",7,0,0
08/01/2020,"Lord Fairfax","Asian or Pacific Islander",8,0,0
08/01/2020,Southside,"Asian or Pacific Islander",1,0,0
08/01/2020,Portsmouth,"Asian or Pacific Islander",10,2,0
08/01/2020,Alleghany,"Asian or Pacific Islander",5,0,0
08/01/2020,Roanoke,"Asian or Pacific Islander",6,0,0
08/01/2020,Richmond,"Asian or Pacific Islander",16,3,1
08/01/2020,"Thomas Jefferson","Asian or Pacific Islander",31,0,1
08/01/2020,"Virginia Beach","Asian or Pacific Islander",145,17,2
08/01/2020,Henrico,"Asian or Pacific Islander",134,8,3
08/01/2020,Piedmont,"Asian or Pacific Islander",4,0,0
08/01/2020,"Western Tidewater","Asian or Pacific Islander",11,2,0
08/01/2020,"West Piedmont","Asian or Pacific Islander",12,1,1
08/01/2020,Chickahominy,"Asian or Pacific Islander",7,1,0
08/01/2020,Peninsula,"Asian or Pacific Islander",20,4,2
08/01/2020,Norfolk,"Asian or Pacific Islander",34,2,0
08/01/2020,Loudoun,"Asian or Pacific Islander",243,40,11
08/01/2020,Arlington,"Asian or Pacific Islander",136,22,12
08/01/2020,Alexandria,"Asian or Pacific Islander",96,9,1
08/01/2020,Rappahannock,"Asian or Pacific Islander",51,9,1
08/01/2020,Chesapeake,"Asian or Pacific Islander",38,8,3
08/01/2020,"Cumberland Plateau and Lenowisco","Asian or Pacific Islander",1,0,0
08/01/2020,"Central Shenandoah","Asian or Pacific Islander",18,2,0
08/01/2020,"Prince William","Asian or Pacific Islander",328,45,14
08/01/2020,Pittsylvania-Danville,"Asian or Pacific Islander",1,0,0
08/01/2020,"Eastern Shore and Three Rivers","Asian or Pacific Islander",8,1,0
08/01/2020,Piedmont,"Native American",1,0,0
08/01/2020,"New River","Native American",0,0,0
08/01/2020,"Central Shenandoah","Native American",3,1,0
08/01/2020,"Eastern Shore and Three Rivers","Native American",1,0,0
08/01/2020,Fairfax,"Native American",28,1,1
08/01/2020,Chesapeake,"Native American",9,0,0
08/01/2020,"Western Tidewater","Native American",1,0,0
08/01/2020,Portsmouth,"Native American",2,1,0
08/01/2020,Richmond,"Native American",0,0,0
08/01/2020,Chickahominy,"Native American",4,1,0
08/01/2020,"Thomas Jefferson","Native American",2,0,0
08/01/2020,Arlington,"Native American",3,0,0
08/01/2020,"Virginia Beach","Native American",3,0,0
08/01/2020,Peninsula,"Native American",3,0,0
08/01/2020,Hampton,"Native American",0,0,0
08/01/2020,"West Piedmont","Native American",2,0,0
08/01/2020,"Cumberland Plateau, Lenowisco, and Mount Rogers","Native American",1,0,0
08/01/2020,Henrico,"Native American",7,0,0
08/01/2020,Norfolk,"Native American",3,0,0
08/01/2020,"Prince William","Native American",13,1,0
08/01/2020,"Central Virginia","Native American",1,0,0
08/01/2020,Chesterfield,"Native American",3,0,0
08/01/2020,Rappahannock,"Native American",3,0,0
08/01/2020,Loudoun,"Native American",2,0,0
08/01/2020,Alexandria,"Native American",2,0,0
08/01/2020,"Alleghany and Roanoke","Native American",0,0,0
08/01/2020,Crater,"Native American",4,0,0
08/01/2020,"Rappahannock Rapidan","Native American",1,0,0
08/01/2020,"Lord Fairfax","Native American",2,1,1
08/01/2020,"Pittsylvania-Danville and Southside","Native American",0,0,0
08/02/2020,"Rappahannock Rapidan","Not Reported",496,11,2
08/02/2020,Portsmouth,"Other Race",37,2,1
08/02/2020,"Western Tidewater","Two or more races",7,0,0
08/02/2020,Piedmont,White,379,42,13
08/02/2020,Chesterfield,Latino,1010,62,5
08/02/2020,Lenowisco,White,204,29,6
08/02/2020,Hampton,"Not Reported",419,0,0
08/02/2020,Lenowisco,"Two or more races",0,0,0
08/02/2020,Roanoke,Black,63,7,2
08/02/2020,Southside,"Not Reported",275,8,4
08/02/2020,Hampton,Black,437,34,4
08/02/2020,Alleghany,"Other Race",4,0,0
08/02/2020,Lenowisco,Latino,3,0,0
08/02/2020,Loudoun,"Other Race",119,10,2
08/02/2020,"Central Shenandoah",Latino,849,53,4
08/02/2020,"Rappahannock Rapidan",Latino,702,57,6
08/02/2020,Norfolk,Latino,249,18,0
08/02/2020,"Eastern Shore",Black,820,95,25
08/02/2020,Richmond,Black,809,155,23
08/02/2020,Hampton,"Two or more races",7,0,0
08/02/2020,Henrico,"Two or more races",15,1,0
08/02/2020,Fairfax,"Two or more races",43,5,0
08/02/2020,Alleghany,"Not Reported",411,1,0
08/02/2020,Portsmouth,"Not Reported",424,3,0
08/02/2020,"Cumberland Plateau","Other Race",0,0,0
08/02/2020,Southside,"Two or more races",22,0,0
08/02/2020,Portsmouth,White,185,12,5
08/02/2020,"Rappahannock Rapidan","Two or more races",17,2,0
08/02/2020,Fairfax,White,2658,438,287
08/02/2020,Fairfax,"Other Race",585,70,16
08/02/2020,Crater,"Two or more races",3,0,0
08/02/2020,"West Piedmont","Not Reported",202,18,0
08/02/2020,Henrico,"Other Race",77,11,0
08/02/2020,"Central Virginia",Black,77,13,3
08/02/2020,"Three Rivers",White,370,31,8
08/02/2020,"Three Rivers","Other Race",9,3,0
08/02/2020,Lenowisco,"Other Race",1,0,0
08/02/2020,"Western Tidewater",White,393,47,39
08/02/2020,"Mount Rogers",Black,35,6,2
08/02/2020,"Three Rivers","Not Reported",179,2,0
08/02/2020,"Thomas Jefferson",Black,323,58,11
08/02/2020,"Eastern Shore",White,195,16,15
08/02/2020,"Central Virginia",White,221,22,5
08/02/2020,Lenowisco,Black,2,0,0
08/02/2020,"Central Virginia","Two or more races",0,0,0
08/02/2020,Richmond,"Two or more races",8,0,0
08/02/2020,Crater,"Not Reported",458,8,3
08/02/2020,Chesterfield,"Two or more races",11,2,0
08/02/2020,"New River",Latino,47,4,0
08/02/2020,Richmond,Latino,1095,85,7
08/02/2020,Portsmouth,Latino,52,11,1
08/02/2020,Pittsylvania-Danville,"Not Reported",285,6,1
08/02/2020,Chesapeake,"Not Reported",678,3,0
08/02/2020,Chickahominy,Latino,65,4,0
08/02/2020,Crater,Black,1081,150,40
08/02/2020,Chesterfield,Black,604,83,25
08/02/2020,Chesterfield,"Other Race",177,7,0
08/02/2020,Peninsula,Black,657,56,15
08/02/2020,Roanoke,White,115,6,9
08/02/2020,"New River",Black,28,3,0
08/02/2020,Peninsula,Latino,258,17,0
08/02/2020,Southside,Latino,4,0,0
08/02/2020,Rappahannock,"Two or more races",18,1,0
08/02/2020,"Virginia Beach",Black,1091,62,10
08/02/2020,"Mount Rogers","Not Reported",56,1,1
08/02/2020,Loudoun,"Not Reported",1847,3,1
08/02/2020,Chesapeake,"Other Race",36,2,1
08/02/2020,Chickahominy,"Two or more races",1,1,0
08/02/2020,Crater,"Other Race",23,0,0
08/02/2020,Norfolk,"Two or more races",28,0,0
08/02/2020,"Eastern Shore","Two or more races",1,1,0
08/02/2020,"Central Shenandoah",White,1391,136,44
08/02/2020,"New River","Other Race",3,1,0
08/02/2020,"New River",White,286,21,7
08/02/2020,"Central Shenandoah","Other Race",36,1,0
08/02/2020,"West Piedmont",Black,213,46,4
08/02/2020,Alleghany,Latino,91,6,0
08/02/2020,"Central Shenandoah","Not Reported",223,3,1
08/02/2020,Roanoke,"Two or more races",1,0,0
08/02/2020,Peninsula,"Two or more races",21,2,0
08/02/2020,Arlington,"Other Race",68,8,3
08/02/2020,Richmond,"Not Reported",581,2,0
08/02/2020,Norfolk,"Not Reported",873,1,0
08/02/2020,Alexandria,"Other Race",47,6,2
08/02/2020,"Virginia Beach",White,1383,95,29
08/02/2020,Chesapeake,"Two or more races",11,0,0
08/02/2020,Alleghany,White,314,29,19
08/02/2020,"Rappahannock Rapidan","Other Race",22,1,0
08/02/2020,Chickahominy,"Not Reported",226,2,2
08/02/2020,Portsmouth,Black,821,93,17
08/02/2020,Chickahominy,"Other Race",12,2,0
08/02/2020,"Virginia Beach",Latino,268,18,3
08/02/2020,Chesapeake,White,664,65,15
08/02/2020,Southside,Black,188,32,12
08/02/2020,Rappahannock,Latino,1027,99,7
08/02/2020,"Three Rivers","Two or more races",4,0,0
08/02/2020,Henrico,Black,1076,151,79
08/02/2020,Pittsylvania-Danville,Black,212,33,4
08/02/2020,"Lord Fairfax","Two or more races",11,0,0
08/02/2020,"Mount Rogers","Other Race",5,2,1
08/02/2020,"Prince William",Latino,4771,573,63
08/02/2020,"Central Shenandoah",Black,132,9,4
08/02/2020,Peninsula,White,553,77,24
08/02/2020,"Eastern Shore","Not Reported",85,0,0
08/02/2020,"Thomas Jefferson","Other Race",109,3,0
08/02/2020,Hampton,"Other Race",20,2,0
08/02/2020,"Lord Fairfax","Not Reported",307,4,6
08/02/2020,"Central Virginia","Other Race",5,0,0
08/02/2020,"Western Tidewater","Other Race",32,1,1
08/02/2020,Crater,Latino,162,8,3
08/02/2020,Chesapeake,Latino,185,14,1
08/02/2020,Chesterfield,White,729,85,61
08/02/2020,"Western Tidewater","Not Reported",543,3,1
08/02/2020,Fairfax,"Not Reported",2054,64,34
08/02/2020,Arlington,Black,271,71,32
08/02/2020,"Central Virginia",Latino,26,2,1
08/02/2020,"Three Rivers",Black,275,26,6
08/02/2020,Alexandria,"Not Reported",172,6,1
08/02/2020,"Prince William","Two or more races",23,1,0
08/02/2020,Loudoun,"Two or more races",32,0,0
08/02/2020,Peninsula,"Other Race",80,3,0
08/02/2020,"Thomas Jefferson",White,620,49,25
08/02/2020,Norfolk,"Other Race",55,2,1
08/02/2020,"Prince William","Not Reported",3540,22,0
08/02/2020,"West Piedmont",White,326,41,7
08/02/2020,Rappahannock,Black,442,61,11
08/02/2020,Norfolk,Black,1541,117,17
08/02/2020,Roanoke,Latino,224,5,0
08/02/2020,Piedmont,Latino,66,6,1
08/02/2020,Roanoke,"Not Reported",490,0,0
08/02/2020,Arlington,"Two or more races",22,2,0
08/02/2020,"Virginia Beach","Other Race",63,2,0
08/02/2020,Alexandria,White,518,50,33
08/02/2020,"Lord Fairfax","Other Race",60,6,1
08/02/2020,"Thomas Jefferson","Not Reported",136,1,0
08/02/2020,"Virginia Beach","Not Reported",1313,6,3
08/02/2020,Loudoun,Black,218,24,5
08/02/2020,Pittsylvania-Danville,Latino,44,2,0
08/02/2020,"Cumberland Plateau","Not Reported",4,0,0
08/02/2020,Chesterfield,"Not Reported",1756,2,9
08/02/2020,"Mount Rogers",White,903,105,46
08/02/2020,Richmond,White,339,26,6
08/02/2020,Lenowisco,"Not Reported",35,3,1
08/02/2020,Piedmont,"Not Reported",495,12,1
08/02/2020,"Three Rivers",Latino,140,5,1
08/02/2020,"Mount Rogers",Latino,242,2,0
08/02/2020,Crater,White,417,40,15
08/02/2020,"Central Shenandoah","Two or more races",12,1,0
08/02/2020,Arlington,White,834,117,66
08/02/2020,Pittsylvania-Danville,"Other Race",0,0,0
08/02/2020,Chickahominy,Black,164,39,11
08/02/2020,Fairfax,Black,1073,195,54
08/02/2020,"Eastern Shore",Latino,253,10,3
08/02/2020,Norfolk,White,427,32,8
08/02/2020,Alleghany,"Two or more races",2,0,0
08/02/2020,"Mount Rogers","Two or more races",4,0,0
08/02/2020,Southside,White,152,25,17
08/02/2020,"Thomas Jefferson","Two or more races",19,0,0
08/02/2020,"Prince William",Black,905,144,43
08/02/2020,"Lord Fairfax",White,1371,154,64
08/02/2020,"Cumberland Plateau",Latino,2,0,0
08/02/2020,Arlington,"Not Reported",234,3,0
08/02/2020,Rappahannock,"Other Race",57,4,0
08/02/2020,"Rappahannock Rapidan",Black,117,20,6
08/02/2020,"New River","Two or more races",2,0,0
08/02/2020,Arlington,Latino,1357,212,23
08/02/2020,Henrico,White,872,89,89
08/02/2020,Loudoun,White,1084,108,81
08/02/2020,Hampton,White,115,9,1
08/02/2020,Alleghany,Black,30,3,1
08/02/2020,"Prince William",White,1154,151,79
08/02/2020,Rappahannock,White,741,88,33
08/02/2020,Portsmouth,"Two or more races",8,1,0
08/02/2020,Southside,"Other Race",8,0,1
08/02/2020,"Western Tidewater",Black,785,78,35
08/02/2020,Hampton,Latino,43,4,0
08/02/2020,Henrico,"Not Reported",719,2,4
08/02/2020,"West Piedmont","Two or more races",0,0,0
08/02/2020,Peninsula,"Not Reported",1052,2,0
08/02/2020,Loudoun,Latino,1489,151,12
08/02/2020,Alexandria,Black,501,74,13
08/02/2020,Piedmont,Black,410,54,12
08/02/2020,Roanoke,"Other Race",4,0,0
08/02/2020,"Western Tidewater",Latino,22,1,1
08/02/2020,Alexandria,"Two or more races",6,1,0
08/02/2020,Rappahannock,"Not Reported",932,26,0
08/02/2020,"West Piedmont","Other Race",3,1,1
08/02/2020,Chickahominy,White,429,79,31
08/02/2020,"Thomas Jefferson",Latino,508,25,0
08/02/2020,"Cumberland Plateau",Black,14,0,0
08/02/2020,"Lord Fairfax",Latino,620,40,8
08/02/2020,"West Piedmont",Latino,197,8,0
08/02/2020,"Cumberland Plateau",White,227,19,1
08/02/2020,"Eastern Shore","Other Race",13,1,0
08/02/2020,"Cumberland Plateau","Two or more races",4,0,0
08/02/2020,Piedmont,"Other Race",9,0,0
08/02/2020,Pittsylvania-Danville,"Two or more races",0,0,0
08/02/2020,Alexandria,Latino,1478,122,9
08/02/2020,Chesapeake,Black,915,114,9
08/02/2020,Richmond,"Other Race",98,7,2
08/02/2020,Henrico,Latino,708,50,7
08/02/2020,Piedmont,"Two or more races",4,2,0
08/02/2020,"Prince William","Other Race",280,14,0
08/02/2020,"New River","Not Reported",68,1,0
08/02/2020,"Rappahannock Rapidan",White,478,40,12
08/02/2020,"Central Virginia","Not Reported",756,7,1
08/02/2020,"Virginia Beach","Two or more races",30,2,0
08/02/2020,Fairfax,Latino,8170,913,73
08/02/2020,"Lord Fairfax",Black,105,11,6
08/02/2020,Pittsylvania-Danville,White,141,22,4
08/02/2020,Chesterfield,"Asian or Pacific Islander",41,2,0
08/02/2020,Crater,"Asian or Pacific Islander",8,0,0
08/02/2020,Fairfax,"Asian or Pacific Islander",1297,237,71
08/02/2020,Hampton,"Asian or Pacific Islander",7,0,0
08/02/2020,"Rappahannock Rapidan","Asian or Pacific Islander",5,1,0
08/02/2020,"New River","Asian or Pacific Islander",6,0,0
08/02/2020,"Mount Rogers","Asian or Pacific Islander",3,1,0
08/02/2020,"Central Virginia","Asian or Pacific Islander",7,0,0
08/02/2020,"Lord Fairfax","Asian or Pacific Islander",8,0,0
08/02/2020,Southside,"Asian or Pacific Islander",1,0,0
08/02/2020,Portsmouth,"Asian or Pacific Islander",10,2,0
08/02/2020,Alleghany,"Asian or Pacific Islander",5,0,0
08/02/2020,Roanoke,"Asian or Pacific Islander",6,0,0
08/02/2020,Richmond,"Asian or Pacific Islander",16,3,1
08/02/2020,"Thomas Jefferson","Asian or Pacific Islander",32,0,1
08/02/2020,"Virginia Beach","Asian or Pacific Islander",148,17,2
08/02/2020,Henrico,"Asian or Pacific Islander",135,8,3
08/02/2020,Piedmont,"Asian or Pacific Islander",4,0,0
08/02/2020,"Western Tidewater","Asian or Pacific Islander",11,2,0
08/02/2020,"West Piedmont","Asian or Pacific Islander",12,1,1
08/02/2020,Chickahominy,"Asian or Pacific Islander",7,1,0
08/02/2020,Peninsula,"Asian or Pacific Islander",21,4,2
08/02/2020,Norfolk,"Asian or Pacific Islander",34,2,0
08/02/2020,Loudoun,"Asian or Pacific Islander",243,40,11
08/02/2020,Arlington,"Asian or Pacific Islander",136,22,12
08/02/2020,Alexandria,"Asian or Pacific Islander",96,9,1
08/02/2020,Rappahannock,"Asian or Pacific Islander",51,9,1
08/02/2020,Chesapeake,"Asian or Pacific Islander",40,8,3
08/02/2020,"Cumberland Plateau and Lenowisco","Asian or Pacific Islander",1,0,0
08/02/2020,"Central Shenandoah","Asian or Pacific Islander",18,2,0
08/02/2020,"Prince William","Asian or Pacific Islander",330,45,14
08/02/2020,Pittsylvania-Danville,"Asian or Pacific Islander",2,0,0
08/02/2020,"Eastern Shore and Three Rivers","Asian or Pacific Islander",8,1,0
08/02/2020,Piedmont,"Native American",1,0,0
08/02/2020,"New River","Native American",0,0,0
08/02/2020,"Central Shenandoah","Native American",3,1,0
08/02/2020,"Eastern Shore and Three Rivers","Native American",1,0,0
08/02/2020,Fairfax,"Native American",28,1,1
08/02/2020,Chesapeake,"Native American",9,0,0
08/02/2020,"Western Tidewater","Native American",1,0,0
08/02/2020,Portsmouth,"Native American",2,1,0
08/02/2020,Richmond,"Native American",0,0,0
08/02/2020,Chickahominy,"Native American",4,1,0
08/02/2020,"Thomas Jefferson","Native American",2,0,0
08/02/2020,Arlington,"Native American",3,0,0
08/02/2020,"Virginia Beach","Native American",3,0,0
08/02/2020,Peninsula,"Native American",3,0,0
08/02/2020,Hampton,"Native American",0,0,0
08/02/2020,"West Piedmont","Native American",2,0,0
08/02/2020,"Cumberland Plateau, Lenowisco, and Mount Rogers","Native American",1,0,0
08/02/2020,Henrico,"Native American",7,0,0
08/02/2020,Norfolk,"Native American",3,0,0
08/02/2020,"Prince William","Native American",13,1,0
08/02/2020,"Central Virginia","Native American",1,0,0
08/02/2020,Chesterfield,"Native American",3,0,0
08/02/2020,Rappahannock,"Native American",3,0,0
08/02/2020,Loudoun,"Native American",2,0,0
08/02/2020,Alexandria,"Native American",2,0,0
08/02/2020,"Alleghany and Roanoke","Native American",0,0,0
08/02/2020,Crater,"Native American",5,0,0
08/02/2020,"Rappahannock Rapidan","Native American",1,0,0
08/02/2020,"Lord Fairfax","Native American",2,1,1
08/02/2020,"Pittsylvania-Danville and Southside","Native American",0,0,0
08/03/2020,"Rappahannock Rapidan","Not Reported",503,11,2
08/03/2020,Portsmouth,"Other Race",37,2,1
08/03/2020,"Western Tidewater","Two or more races",7,0,0
08/03/2020,Piedmont,White,379,42,13
08/03/2020,Chesterfield,Latino,1024,64,5
08/03/2020,Lenowisco,White,224,29,6
08/03/2020,Hampton,"Not Reported",420,0,0
08/03/2020,Lenowisco,"Two or more races",0,0,0
08/03/2020,Roanoke,Black,62,7,2
08/03/2020,Southside,"Not Reported",281,8,4
08/03/2020,Hampton,Black,450,34,4
08/03/2020,Alleghany,"Other Race",4,0,0
08/03/2020,Lenowisco,Latino,3,0,0
08/03/2020,Loudoun,"Other Race",122,10,2
08/03/2020,"Central Shenandoah",Latino,857,53,4
08/03/2020,"Rappahannock Rapidan",Latino,703,57,6
08/03/2020,Norfolk,Latino,255,18,0
08/03/2020,"Eastern Shore",Black,820,95,25
08/03/2020,Richmond,Black,830,158,23
08/03/2020,Hampton,"Two or more races",7,0,0
08/03/2020,Henrico,"Two or more races",16,1,0
08/03/2020,Fairfax,"Two or more races",45,5,0
08/03/2020,Alleghany,"Not Reported",420,1,0
08/03/2020,Portsmouth,"Not Reported",424,3,0
08/03/2020,"Cumberland Plateau","Other Race",0,0,0
08/03/2020,Southside,"Two or more races",22,0,0
08/03/2020,Portsmouth,White,185,12,5
08/03/2020,"Rappahannock Rapidan","Two or more races",17,2,0
08/03/2020,Fairfax,White,2677,438,287
08/03/2020,Fairfax,"Other Race",590,71,16
08/03/2020,Crater,"Two or more races",3,0,0
08/03/2020,"West Piedmont","Not Reported",202,18,0
08/03/2020,Henrico,"Other Race",80,11,0
08/03/2020,"Central Virginia",Black,83,19,3
08/03/2020,"Three Rivers",White,370,31,8
08/03/2020,"Three Rivers","Other Race",9,3,0
08/03/2020,Lenowisco,"Other Race",1,0,0
08/03/2020,"Western Tidewater",White,410,47,39
08/03/2020,"Mount Rogers",Black,37,6,2
08/03/2020,"Three Rivers","Not Reported",182,2,0
08/03/2020,"Thomas Jefferson",Black,328,58,11
08/03/2020,"Eastern Shore",White,197,16,15
08/03/2020,"Central Virginia",White,235,30,6
08/03/2020,"Central Virginia","Two or more races",0,0,0
08/03/2020,Richmond,"Two or more races",8,0,0
08/03/2020,Crater,"Not Reported",465,8,4
08/03/2020,Chesterfield,"Two or more races",11,2,0
08/03/2020,"New River",Latino,51,4,0
08/03/2020,Richmond,Latino,1103,86,7
08/03/2020,Portsmouth,Latino,52,11,1
08/03/2020,Pittsylvania-Danville,"Not Reported",302,6,1
08/03/2020,Chesapeake,"Not Reported",702,3,0
08/03/2020,Chickahominy,Latino,67,4,0
08/03/2020,Crater,Black,1105,153,40
08/03/2020,Chesterfield,Black,617,83,25
08/03/2020,Chesterfield,"Other Race",179,7,0
08/03/2020,Peninsula,Black,675,56,15
08/03/2020,Roanoke,White,115,7,9
08/03/2020,"New River",Black,29,3,0
08/03/2020,Peninsula,Latino,258,17,0
08/03/2020,Southside,Latino,4,0,0
08/03/2020,Rappahannock,"Two or more races",19,1,0
08/03/2020,"Virginia Beach",Black,1127,63,10
08/03/2020,"Mount Rogers","Not Reported",61,1,1
08/03/2020,Loudoun,"Not Reported",1851,3,1
08/03/2020,Chesapeake,"Other Race",36,2,1
08/03/2020,Chickahominy,"Two or more races",1,1,0
08/03/2020,Crater,"Other Race",24,0,0
08/03/2020,Norfolk,"Two or more races",28,0,0
08/03/2020,"Eastern Shore","Two or more races",1,1,0
08/03/2020,"Central Shenandoah",White,1396,136,44
08/03/2020,"New River","Other Race",3,1,0
08/03/2020,"New River",White,295,23,7
08/03/2020,"Central Shenandoah","Other Race",39,1,0
08/03/2020,"West Piedmont",Black,214,46,4
08/03/2020,Alleghany,Latino,92,6,0
08/03/2020,"Central Shenandoah","Not Reported",222,3,1
08/03/2020,Roanoke,"Two or more races",1,0,0
08/03/2020,Peninsula,"Two or more races",22,2,0
08/03/2020,Arlington,"Other Race",68,8,3
08/03/2020,Richmond,"Not Reported",591,2,0
08/03/2020,Norfolk,"Not Reported",961,2,0
08/03/2020,Alexandria,"Other Race",47,6,2
08/03/2020,"Virginia Beach",White,1426,99,29
08/03/2020,Chesapeake,"Two or more races",11,0,0
08/03/2020,Alleghany,White,317,29,19
08/03/2020,"Rappahannock Rapidan","Other Race",22,1,0
08/03/2020,Chickahominy,"Not Reported",228,2,2
08/03/2020,Portsmouth,Black,822,93,17
08/03/2020,Chickahominy,"Other Race",12,2,0
08/03/2020,"Virginia Beach",Latino,270,18,3
08/03/2020,Chesapeake,White,683,67,15
08/03/2020,Southside,Black,193,32,12
08/03/2020,Rappahannock,Latino,1034,99,7
08/03/2020,"Three Rivers","Two or more races",4,0,0
08/03/2020,Henrico,Black,1093,153,79
08/03/2020,Pittsylvania-Danville,Black,222,35,4
08/03/2020,"Lord Fairfax","Two or more races",11,0,0
08/03/2020,"Mount Rogers","Other Race",5,2,1
08/03/2020,"Prince William",Latino,4788,575,63
08/03/2020,"Central Shenandoah",Black,133,9,4
08/03/2020,Peninsula,White,569,77,24
08/03/2020,"Eastern Shore","Not Reported",86,0,0
08/03/2020,"Thomas Jefferson","Other Race",108,3,0
08/03/2020,Hampton,"Other Race",20,2,0
08/03/2020,"Lord Fairfax","Not Reported",308,4,6
08/03/2020,"Central Virginia","Other Race",5,0,0
08/03/2020,"Western Tidewater","Other Race",33,1,1
08/03/2020,Crater,Latino,163,8,3
08/03/2020,Chesapeake,Latino,191,14,1
08/03/2020,Chesterfield,White,738,85,61
08/03/2020,"Western Tidewater","Not Reported",552,3,1
08/03/2020,Fairfax,"Not Reported",2123,64,34
08/03/2020,Arlington,Black,274,71,32
08/03/2020,"Central Virginia",Latino,26,3,1
08/03/2020,"Three Rivers",Black,282,26,6
08/03/2020,Alexandria,"Not Reported",174,6,1
08/03/2020,"Prince William","Two or more races",25,1,0
08/03/2020,Loudoun,"Two or more races",32,0,0
08/03/2020,Peninsula,"Other Race",84,3,0
08/03/2020,"Thomas Jefferson",White,631,50,25
08/03/2020,Norfolk,"Other Race",56,2,1
08/03/2020,"Prince William","Not Reported",3579,23,0
08/03/2020,"West Piedmont",White,327,42,7
08/03/2020,Rappahannock,Black,457,61,11
08/03/2020,Norfolk,Black,1569,117,17
08/03/2020,Roanoke,Latino,224,5,0
08/03/2020,Piedmont,Latino,66,6,1
08/03/2020,Roanoke,"Not Reported",497,0,0
08/03/2020,Arlington,"Two or more races",22,2,0
08/03/2020,"Virginia Beach","Other Race",65,2,0
08/03/2020,Alexandria,White,526,50,33
08/03/2020,"Lord Fairfax","Other Race",60,6,1
08/03/2020,"Thomas Jefferson","Not Reported",140,1,0
08/03/2020,"Virginia Beach","Not Reported",1354,7,3
08/03/2020,Loudoun,Black,220,25,5
08/03/2020,Pittsylvania-Danville,Latino,44,2,0
08/03/2020,"Cumberland Plateau","Not Reported",4,0,0
08/03/2020,Chesterfield,"Not Reported",1797,2,9
08/03/2020,"Mount Rogers",White,916,106,46
08/03/2020,Richmond,White,345,27,6
08/03/2020,Lenowisco,"Not Reported",36,3,1
08/03/2020,Piedmont,"Not Reported",500,12,1
08/03/2020,"Three Rivers",Latino,140,5,1
08/03/2020,"Mount Rogers",Latino,244,3,0
08/03/2020,Crater,White,429,40,15
08/03/2020,"Central Shenandoah","Two or more races",12,1,0
08/03/2020,Arlington,White,835,117,66
08/03/2020,Pittsylvania-Danville,"Other Race",0,0,0
08/03/2020,Chickahominy,Black,165,39,11
08/03/2020,Fairfax,Black,1084,195,54
08/03/2020,"Eastern Shore",Latino,253,10,3
08/03/2020,Norfolk,White,439,32,8
08/03/2020,Alleghany,"Two or more races",2,0,0
08/03/2020,"Mount Rogers","Two or more races",4,0,0
08/03/2020,Southside,White,153,25,17
08/03/2020,"Thomas Jefferson","Two or more races",19,0,0
08/03/2020,"Prince William",Black,924,144,43
08/03/2020,"Lord Fairfax",White,1377,154,63
08/03/2020,"Cumberland Plateau",Latino,2,0,0
08/03/2020,Arlington,"Not Reported",245,4,0
08/03/2020,Rappahannock,"Other Race",59,4,0
08/03/2020,"Rappahannock Rapidan",Black,117,20,6
08/03/2020,"New River","Two or more races",2,0,0
08/03/2020,Arlington,Latino,1362,212,23
08/03/2020,Henrico,White,879,90,89
08/03/2020,Loudoun,White,1092,108,81
08/03/2020,Hampton,White,120,9,1
08/03/2020,Alleghany,Black,31,3,1
08/03/2020,"Prince William",White,1160,152,80
08/03/2020,Rappahannock,White,747,89,32
08/03/2020,Portsmouth,"Two or more races",8,1,0
08/03/2020,Southside,"Other Race",8,0,1
08/03/2020,"Western Tidewater",Black,817,78,35
08/03/2020,Hampton,Latino,44,4,0
08/03/2020,Henrico,"Not Reported",729,3,4
08/03/2020,"West Piedmont","Two or more races",0,0,0
08/03/2020,Peninsula,"Not Reported",1070,2,0
08/03/2020,Loudoun,Latino,1495,152,12
08/03/2020,Alexandria,Black,512,74,13
08/03/2020,Piedmont,Black,410,54,12
08/03/2020,Roanoke,"Other Race",4,0,0
08/03/2020,"Western Tidewater",Latino,22,1,1
08/03/2020,Alexandria,"Two or more races",6,1,0
08/03/2020,Rappahannock,"Not Reported",953,26,0
08/03/2020,"West Piedmont","Other Race",3,1,1
08/03/2020,Chickahominy,White,433,79,31
08/03/2020,"Thomas Jefferson",Latino,533,25,0
08/03/2020,"Cumberland Plateau",Black,14,0,0
08/03/2020,"Lord Fairfax",Latino,621,40,8
08/03/2020,"West Piedmont",Latino,197,8,0
08/03/2020,"Cumberland Plateau",White,244,21,1
08/03/2020,"Eastern Shore","Other Race",13,1,0
08/03/2020,"Cumberland Plateau","Two or more races",4,0,0
08/03/2020,Piedmont,"Other Race",9,0,0
08/03/2020,Pittsylvania-Danville,"Two or more races",0,0,0
08/03/2020,Alexandria,Latino,1480,122,9
08/03/2020,Chesapeake,Black,943,119,9
08/03/2020,Richmond,"Other Race",99,7,2
08/03/2020,Henrico,Latino,712,51,7
08/03/2020,Piedmont,"Two or more races",4,2,0
08/03/2020,"Prince William","Other Race",280,14,0
08/03/2020,"New River","Not Reported",66,1,0
08/03/2020,"Rappahannock Rapidan",White,484,40,12
08/03/2020,"Central Virginia","Not Reported",765,4,0
08/03/2020,"Virginia Beach","Two or more races",31,2,0
08/03/2020,Fairfax,Latino,8201,913,73
08/03/2020,"Lord Fairfax",Black,106,11,6
08/03/2020,Pittsylvania-Danville,White,148,22,4
08/03/2020,Chesterfield,"Asian or Pacific Islander",41,2,0
08/03/2020,Crater,"Asian or Pacific Islander",8,0,0
08/03/2020,Fairfax,"Asian or Pacific Islander",1300,237,71
08/03/2020,Hampton,"Asian or Pacific Islander",9,0,0
08/03/2020,"Rappahannock Rapidan","Asian or Pacific Islander",5,1,0
08/03/2020,"New River","Asian or Pacific Islander",6,0,0
08/03/2020,"Mount Rogers","Asian or Pacific Islander",3,1,0
08/03/2020,"Central Virginia","Asian or Pacific Islander",7,0,0
08/03/2020,"Lord Fairfax","Asian or Pacific Islander",8,0,0
08/03/2020,Southside,"Asian or Pacific Islander",1,0,0
08/03/2020,Portsmouth,"Asian or Pacific Islander",10,2,0
08/03/2020,Alleghany,"Asian or Pacific Islander",5,0,0
08/03/2020,Roanoke,"Asian or Pacific Islander",6,0,0
08/03/2020,Richmond,"Asian or Pacific Islander",16,3,1
08/03/2020,"Thomas Jefferson","Asian or Pacific Islander",32,0,1
08/03/2020,"Virginia Beach","Asian or Pacific Islander",151,17,2
08/03/2020,Henrico,"Asian or Pacific Islander",138,8,3
08/03/2020,Piedmont,"Asian or Pacific Islander",4,0,0
08/03/2020,"Western Tidewater","Asian or Pacific Islander",11,2,0
08/03/2020,"West Piedmont","Asian or Pacific Islander",12,1,1
08/03/2020,Chickahominy,"Asian or Pacific Islander",7,1,0
08/03/2020,Peninsula,"Asian or Pacific Islander",23,4,2
08/03/2020,Norfolk,"Asian or Pacific Islander",34,2,0
08/03/2020,Loudoun,"Asian or Pacific Islander",245,41,11
08/03/2020,Arlington,"Asian or Pacific Islander",136,22,12
08/03/2020,Alexandria,"Asian or Pacific Islander",97,10,1
08/03/2020,Rappahannock,"Asian or Pacific Islander",51,9,1
08/03/2020,Chesapeake,"Asian or Pacific Islander",42,8,3
08/03/2020,"Cumberland Plateau and Lenowisco","Asian or Pacific Islander",1,0,0
08/03/2020,"Central Shenandoah","Asian or Pacific Islander",19,2,0
08/03/2020,"Prince William","Asian or Pacific Islander",331,45,14
08/03/2020,Pittsylvania-Danville,"Asian or Pacific Islander",3,0,0
08/03/2020,"Eastern Shore and Three Rivers","Asian or Pacific Islander",8,1,0
08/03/2020,Piedmont,"Native American",1,0,0
08/03/2020,"New River","Native American",0,0,0
08/03/2020,"Central Shenandoah","Native American",3,1,0
08/03/2020,"Eastern Shore and Three Rivers","Native American",1,0,0
08/03/2020,Fairfax,"Native American",28,1,1
08/03/2020,Chesapeake,"Native American",9,0,0
08/03/2020,"Western Tidewater","Native American",1,0,0
08/03/2020,Portsmouth,"Native American",2,1,0
08/03/2020,Richmond,"Native American",0,0,0
08/03/2020,Chickahominy,"Native American",4,1,0
08/03/2020,"Thomas Jefferson","Native American",2,0,0
08/03/2020,Arlington,"Native American",3,0,0
08/03/2020,"Virginia Beach","Native American",3,0,0
08/03/2020,Peninsula,"Native American",3,0,0
08/03/2020,Hampton,"Native American",0,0,0
08/03/2020,"West Piedmont","Native American",2,0,0
08/03/2020,"Cumberland Plateau, Lenowisco, and Mount Rogers","Native American",1,0,0
08/03/2020,Henrico,"Native American",7,0,0
08/03/2020,Norfolk,"Native American",3,0,0
08/03/2020,"Prince William","Native American",13,1,0
08/03/2020,"Central Virginia","Native American",1,0,0
08/03/2020,Chesterfield,"Native American",3,0,0
08/03/2020,Rappahannock,"Native American",3,0,0
08/03/2020,Loudoun,"Native American",2,0,0
08/03/2020,Alexandria,"Native American",2,0,0
08/03/2020,"Alleghany and Roanoke","Native American",0,0,0
08/03/2020,Crater,"Native American",5,0,0
08/03/2020,"Rappahannock Rapidan","Native American",1,0,0
08/03/2020,"Lord Fairfax","Native American",2,1,1
08/03/2020,"Pittsylvania-Danville and Southside","Native American",0,0,0
08/04/2020,"Rappahannock Rapidan","Not Reported",504,11,2
08/04/2020,Portsmouth,"Other Race",40,2,1
08/04/2020,"Western Tidewater","Two or more races",8,0,0
08/04/2020,Piedmont,White,381,43,14
08/04/2020,Chesterfield,Latino,1050,68,5
08/04/2020,Lenowisco,White,235,29,6
08/04/2020,Hampton,"Not Reported",423,0,0
08/04/2020,Lenowisco,"Two or more races",0,0,0
08/04/2020,Roanoke,Black,62,7,2
08/04/2020,Southside,"Not Reported",280,8,4
08/04/2020,Hampton,Black,468,34,6
08/04/2020,Alleghany,"Other Race",4,0,0
08/04/2020,Lenowisco,Latino,3,0,0
08/04/2020,Loudoun,"Other Race",126,10,2
08/04/2020,"Central Shenandoah",Latino,858,53,4
08/04/2020,"Rappahannock Rapidan",Latino,705,58,6
08/04/2020,Norfolk,Latino,257,18,0
08/04/2020,"Eastern Shore",Black,822,95,25
08/04/2020,Richmond,Black,834,157,23
08/04/2020,Hampton,"Two or more races",8,0,0
08/04/2020,Henrico,"Two or more races",16,1,0
08/04/2020,Fairfax,"Two or more races",45,5,0
08/04/2020,Alleghany,"Not Reported",423,1,0
08/04/2020,Portsmouth,"Not Reported",454,4,0
08/04/2020,"Cumberland Plateau","Other Race",0,0,0
08/04/2020,Southside,"Two or more races",22,0,0
08/04/2020,Portsmouth,White,198,13,5
08/04/2020,"Rappahannock Rapidan","Two or more races",17,2,0
08/04/2020,Fairfax,White,2698,438,287
08/04/2020,Fairfax,"Other Race",594,72,17
08/04/2020,Crater,"Two or more races",3,0,0
08/04/2020,"West Piedmont","Not Reported",209,18,0
08/04/2020,Henrico,"Other Race",80,11,0
08/04/2020,"Central Virginia",Black,87,19,3
08/04/2020,"Three Rivers",White,374,31,8
08/04/2020,"Three Rivers","Other Race",8,3,0
08/04/2020,Lenowisco,"Other Race",1,0,0
08/04/2020,"Western Tidewater",White,424,47,39
08/04/2020,"Mount Rogers",Black,37,6,2
08/04/2020,"Three Rivers","Not Reported",185,2,0
08/04/2020,"Thomas Jefferson",Black,333,58,11
08/04/2020,"Eastern Shore",White,198,19,16
08/04/2020,"Central Virginia",White,242,30,7
08/04/2020,Lenowisco,Black,3,0,0
08/04/2020,"Central Virginia","Two or more races",0,0,0
08/04/2020,Richmond,"Two or more races",8,0,0
08/04/2020,Crater,"Not Reported",463,8,4
08/04/2020,Chesterfield,"Two or more races",11,2,0
08/04/2020,"New River",Latino,54,4,0
08/04/2020,Richmond,Latino,1107,86,7
08/04/2020,Portsmouth,Latino,52,11,1
08/04/2020,Pittsylvania-Danville,"Not Reported",301,6,1
08/04/2020,Chesapeake,"Not Reported",716,3,0
08/04/2020,Chickahominy,Latino,67,4,0
08/04/2020,Crater,Black,1117,155,43
08/04/2020,Chesterfield,Black,629,86,25
08/04/2020,Chesterfield,"Other Race",179,7,0
08/04/2020,Peninsula,Black,695,59,16
08/04/2020,Roanoke,White,118,7,12
08/04/2020,"New River",Black,31,3,0
08/04/2020,Peninsula,Latino,258,18,0
08/04/2020,Southside,Latino,4,0,0
08/04/2020,Rappahannock,"Two or more races",19,1,0
08/04/2020,"Virginia Beach",Black,1157,66,10
08/04/2020,"Mount Rogers","Not Reported",60,1,1
08/04/2020,Loudoun,"Not Reported",1856,3,1
08/04/2020,Chesapeake,"Other Race",37,2,1
08/04/2020,Chickahominy,"Two or more races",1,1,0
08/04/2020,Crater,"Other Race",24,0,0
08/04/2020,Norfolk,"Two or more races",31,0,0
08/04/2020,"Eastern Shore","Two or more races",1,1,0
08/04/2020,"Central Shenandoah",White,1416,137,45
08/04/2020,"New River","Other Race",3,1,0
08/04/2020,"New River",White,301,23,7
08/04/2020,"Central Shenandoah","Other Race",39,1,0
08/04/2020,"West Piedmont",Black,221,46,4
08/04/2020,Alleghany,Latino,92,6,0
08/04/2020,"Central Shenandoah","Not Reported",224,3,1
08/04/2020,Roanoke,"Two or more races",1,0,0
08/04/2020,Peninsula,"Two or more races",22,2,0
08/04/2020,Arlington,"Other Race",69,8,3
08/04/2020,Richmond,"Not Reported",601,2,0
08/04/2020,Norfolk,"Not Reported",956,2,0
08/04/2020,Alexandria,"Other Race",47,6,2
08/04/2020,"Virginia Beach",White,1474,102,30
08/04/2020,Chesapeake,"Two or more races",13,0,0
08/04/2020,Alleghany,White,315,30,16
08/04/2020,"Rappahannock Rapidan","Other Race",22,1,0
08/04/2020,Chickahominy,"Not Reported",230,3,2
08/04/2020,Portsmouth,Black,866,95,17
08/04/2020,Chickahominy,"Other Race",12,2,0
08/04/2020,"Virginia Beach",Latino,272,18,3
08/04/2020,Chesapeake,White,713,67,16
08/04/2020,Southside,Black,196,32,13
08/04/2020,Rappahannock,Latino,1038,99,7
08/04/2020,"Three Rivers","Two or more races",4,0,0
08/04/2020,Pittsylvania-Danville,Black,225,36,4
08/04/2020,"Lord Fairfax","Two or more races",11,0,0
08/04/2020,"Mount Rogers","Other Race",5,2,1
08/04/2020,"Prince William",Latino,4821,575,63
08/04/2020,"Central Shenandoah",Black,133,9,4
08/04/2020,Peninsula,White,586,77,25
08/04/2020,"Eastern Shore","Not Reported",85,0,0
08/04/2020,"Thomas Jefferson","Other Race",108,3,0
08/04/2020,Hampton,"Other Race",21,2,0
08/04/2020,"Lord Fairfax","Not Reported",308,4,6
08/04/2020,"Central Virginia","Other Race",6,0,0
08/04/2020,"Western Tidewater","Other Race",33,1,1
08/04/2020,Crater,Latino,163,9,3
08/04/2020,Chesapeake,Latino,192,14,1
08/04/2020,Chesterfield,White,748,85,61
08/04/2020,"Western Tidewater","Not Reported",567,3,1
08/04/2020,Fairfax,"Not Reported",2136,61,34
08/04/2020,Arlington,Black,279,71,32
08/04/2020,"Central Virginia",Latino,26,3,1
08/04/2020,"Three Rivers",Black,284,27,6
08/04/2020,Alexandria,"Not Reported",179,6,1
08/04/2020,"Prince William","Two or more races",24,1,0
08/04/2020,Loudoun,"Two or more races",32,0,0
08/04/2020,Peninsula,"Other Race",87,3,0
08/04/2020,"Thomas Jefferson",White,645,50,26
08/04/2020,Norfolk,"Other Race",59,2,1
08/04/2020,"Prince William","Not Reported",3598,23,0
08/04/2020,"West Piedmont",White,333,43,7
08/04/2020,Rappahannock,Black,464,63,12
08/04/2020,Norfolk,Black,1622,122,17
08/04/2020,Roanoke,Latino,227,7,0
08/04/2020,Piedmont,Latino,66,6,1
08/04/2020,Roanoke,"Not Reported",495,0,0
08/04/2020,Arlington,"Two or more races",22,2,0
08/04/2020,"Virginia Beach","Other Race",66,2,0
08/04/2020,Alexandria,White,530,50,33
08/04/2020,"Lord Fairfax","Other Race",60,6,1
08/04/2020,"Thomas Jefferson","Not Reported",143,1,0
08/04/2020,"Virginia Beach","Not Reported",1363,7,4
08/04/2020,Loudoun,Black,222,25,5
08/04/2020,Pittsylvania-Danville,Latino,44,2,0
08/04/2020,"Cumberland Plateau","Not Reported",5,0,0
08/04/2020,Chesterfield,"Not Reported",1799,2,9
08/04/2020,"Mount Rogers",White,923,108,47
08/04/2020,Richmond,White,348,27,6
08/04/2020,Lenowisco,"Not Reported",36,3,1
08/04/2020,Piedmont,"Not Reported",505,12,1
08/04/2020,"Three Rivers",Latino,142,5,1
08/04/2020,"Mount Rogers",Latino,244,3,0
08/04/2020,Crater,White,432,41,15
08/04/2020,"Central Shenandoah","Two or more races",12,1,0
08/04/2020,Arlington,White,837,117,66
08/04/2020,Pittsylvania-Danville,"Other Race",0,0,0
08/04/2020,Chickahominy,Black,170,39,11
08/04/2020,Fairfax,Black,1095,196,54
08/04/2020,"Eastern Shore",Latino,254,10,3
08/04/2020,Norfolk,White,462,32,8
08/04/2020,Alleghany,"Two or more races",2,0,0
08/04/2020,"Mount Rogers","Two or more races",4,0,0
08/04/2020,Southside,White,155,25,17
08/04/2020,"Thomas Jefferson","Two or more races",19,0,0
08/04/2020,"Prince William",Black,947,145,43
08/04/2020,"Lord Fairfax",White,1386,155,63
08/04/2020,"Cumberland Plateau",Latino,2,0,0
08/04/2020,Arlington,"Not Reported",262,4,0
08/04/2020,Rappahannock,"Other Race",58,4,0
08/04/2020,"Rappahannock Rapidan",Black,118,20,6
08/04/2020,"New River","Two or more races",2,0,0
08/04/2020,Arlington,Latino,1364,212,23
08/04/2020,Henrico,White,898,92,89
08/04/2020,Loudoun,White,1105,108,82
08/04/2020,Hampton,White,129,9,1
08/04/2020,Alleghany,Black,31,3,1
08/04/2020,"Prince William",White,1176,152,80
08/04/2020,Rappahannock,White,757,91,32
08/04/2020,Portsmouth,"Two or more races",8,1,0
08/04/2020,Southside,"Other Race",8,0,1
08/04/2020,"Western Tidewater",Black,835,78,35
08/04/2020,Hampton,Latino,44,4,0
08/04/2020,Henrico,"Not Reported",728,3,4
08/04/2020,"West Piedmont","Two or more races",0,0,0
08/04/2020,Peninsula,"Not Reported",1102,2,0
08/04/2020,Loudoun,Latino,1502,152,12
08/04/2020,Alexandria,Black,521,77,14
08/04/2020,Piedmont,Black,411,54,13
08/04/2020,Roanoke,"Other Race",4,0,0
08/04/2020,"Western Tidewater",Latino,22,1,1
08/04/2020,Alexandria,"Two or more races",6,1,0
08/04/2020,Rappahannock,"Not Reported",966,26,0
08/04/2020,"West Piedmont","Other Race",3,1,1
08/04/2020,Chickahominy,White,438,79,31
08/04/2020,"Thomas Jefferson",Latino,541,25,1
08/04/2020,"Cumberland Plateau",Black,14,0,0
08/04/2020,"Lord Fairfax",Latino,624,40,8
08/04/2020,"West Piedmont",Latino,197,8,0
08/04/2020,"Cumberland Plateau",White,251,22,1
08/04/2020,"Eastern Shore","Other Race",13,1,0
08/04/2020,"Cumberland Plateau","Two or more races",4,0,0
08/04/2020,Piedmont,"Other Race",9,0,0
08/04/2020,Pittsylvania-Danville,"Two or more races",0,0,0
08/04/2020,Alexandria,Latino,1483,123,9
08/04/2020,Chesapeake,Black,967,123,9
08/04/2020,Richmond,"Other Race",100,7,2
08/04/2020,Henrico,Latino,721,52,7
08/04/2020,Piedmont,"Two or more races",4,2,0
08/04/2020,"Prince William","Other Race",290,14,0
08/04/2020,"New River","Not Reported",66,1,0
08/04/2020,"Rappahannock Rapidan",White,491,40,12
08/04/2020,"Central Virginia","Not Reported",786,4,0
08/04/2020,"Virginia Beach","Two or more races",32,2,0
08/04/2020,Fairfax,Latino,8224,915,74
08/04/2020,"Lord Fairfax",Black,106,11,6
08/04/2020,Pittsylvania-Danville,White,154,22,4
08/04/2020,Chesterfield,"Asian or Pacific Islander",41,2,0
08/04/2020,Crater,"Asian or Pacific Islander",8,0,0
08/04/2020,Fairfax,"Asian or Pacific Islander",1307,239,73
08/04/2020,Hampton,"Asian or Pacific Islander",10,0,0
08/04/2020,"Rappahannock Rapidan","Asian or Pacific Islander",5,1,0
08/04/2020,"New River","Asian or Pacific Islander",6,0,0
08/04/2020,"Mount Rogers","Asian or Pacific Islander",3,1,0
08/04/2020,"Central Virginia","Asian or Pacific Islander",7,0,0
08/04/2020,"Lord Fairfax","Asian or Pacific Islander",8,0,0
08/04/2020,Southside,"Asian or Pacific Islander",1,0,0
08/04/2020,Portsmouth,"Asian or Pacific Islander",11,2,0
08/04/2020,Alleghany,"Asian or Pacific Islander",5,0,0
08/04/2020,Roanoke,"Asian or Pacific Islander",6,0,0
08/04/2020,Richmond,"Asian or Pacific Islander",17,3,1
08/04/2020,"Thomas Jefferson","Asian or Pacific Islander",33,0,1
08/04/2020,"Virginia Beach","Asian or Pacific Islander",162,18,2
08/04/2020,Henrico,"Asian or Pacific Islander",141,8,3
08/04/2020,Piedmont,"Asian or Pacific Islander",4,0,0
08/04/2020,"Western Tidewater","Asian or Pacific Islander",11,2,0
08/04/2020,"West Piedmont","Asian or Pacific Islander",12,1,1
08/04/2020,Chickahominy,"Asian or Pacific Islander",7,1,0
08/04/2020,Peninsula,"Asian or Pacific Islander",23,4,2
08/04/2020,Norfolk,"Asian or Pacific Islander",35,2,0
08/04/2020,Loudoun,"Asian or Pacific Islander",248,41,11
08/04/2020,Arlington,"Asian or Pacific Islander",137,22,12
08/04/2020,Alexandria,"Asian or Pacific Islander",99,10,1
08/04/2020,Rappahannock,"Asian or Pacific Islander",51,9,1
08/04/2020,Chesapeake,"Asian or Pacific Islander",42,8,3
08/04/2020,"Cumberland Plateau and Lenowisco","Asian or Pacific Islander",1,0,0
08/04/2020,"Central Shenandoah","Asian or Pacific Islander",24,2,0
08/04/2020,"Prince William","Asian or Pacific Islander",335,45,14
08/04/2020,Pittsylvania-Danville,"Asian or Pacific Islander",3,0,0
08/04/2020,"Eastern Shore and Three Rivers","Asian or Pacific Islander",8,1,0
08/04/2020,Piedmont,"Native American",1,0,0
08/04/2020,"New River","Native American",0,0,0
08/04/2020,"Central Shenandoah","Native American",3,1,0
08/04/2020,"Eastern Shore and Three Rivers","Native American",1,0,0
08/04/2020,Fairfax,"Native American",28,1,1
08/04/2020,Chesapeake,"Native American",9,0,0
08/04/2020,"Western Tidewater","Native American",1,0,0
08/04/2020,Portsmouth,"Native American",2,1,0
08/04/2020,Richmond,"Native American",0,0,0
08/04/2020,Chickahominy,"Native American",4,1,0
08/04/2020,"Thomas Jefferson","Native American",2,0,0
08/04/2020,Arlington,"Native American",3,0,0
08/04/2020,"Virginia Beach","Native American",3,0,0
08/04/2020,Peninsula,"Native American",3,0,0
08/04/2020,Hampton,"Native American",0,0,0
08/04/2020,"West Piedmont","Native American",3,0,0
08/04/2020,"Cumberland Plateau, Lenowisco, and Mount Rogers","Native American",1,0,0
08/04/2020,Henrico,"Native American",7,0,0
08/04/2020,Norfolk,"Native American",3,0,0
08/04/2020,"Prince William","Native American",14,1,0
08/04/2020,"Central Virginia","Native American",1,0,0
08/04/2020,Chesterfield,"Native American",3,0,0
08/04/2020,Rappahannock,"Native American",3,0,0
08/04/2020,Loudoun,"Native American",2,0,0
08/04/2020,Alexandria,"Native American",2,0,0
08/04/2020,"Alleghany and Roanoke","Native American",0,0,0
08/04/2020,Crater,"Native American",5,0,0
08/04/2020,"Rappahannock Rapidan","Native American",1,0,0
08/04/2020,"Lord Fairfax","Native American",2,1,1
08/04/2020,"Pittsylvania-Danville and Southside","Native American",0,0,0
08/05/2020,"Rappahannock Rapidan","Not Reported",504,11,2
08/05/2020,Portsmouth,"Other Race",43,2,1
08/05/2020,"Western Tidewater","Two or more races",11,0,0
08/05/2020,Piedmont,White,383,44,14
08/05/2020,Chesterfield,Latino,1057,68,5
08/05/2020,Lenowisco,White,246,30,6
08/05/2020,Hampton,"Not Reported",435,0,0
08/05/2020,Lenowisco,"Two or more races",0,0,0
08/05/2020,Roanoke,Black,62,7,2
08/05/2020,Southside,"Not Reported",295,8,4
08/05/2020,Hampton,Black,474,34,6
08/05/2020,Alleghany,"Other Race",3,0,0
08/05/2020,Lenowisco,Latino,3,0,0
08/05/2020,Loudoun,"Other Race",126,11,2
08/05/2020,"Central Shenandoah",Latino,860,53,4
08/05/2020,"Rappahannock Rapidan",Latino,706,58,6
08/05/2020,Norfolk,Latino,260,18,0
08/05/2020,"Eastern Shore",Black,823,95,25
08/05/2020,Richmond,Black,847,161,23
08/05/2020,Hampton,"Two or more races",8,0,0
08/05/2020,Henrico,"Two or more races",16,1,0
08/05/2020,Fairfax,"Two or more races",45,5,0
08/05/2020,Alleghany,"Not Reported",432,1,0
08/05/2020,Portsmouth,"Not Reported",463,4,0
08/05/2020,"Cumberland Plateau","Other Race",1,1,0
08/05/2020,Southside,"Two or more races",22,0,0
08/05/2020,Portsmouth,White,202,13,5
08/05/2020,"Rappahannock Rapidan","Two or more races",17,2,0
08/05/2020,Fairfax,White,2713,439,289
08/05/2020,Fairfax,"Other Race",596,71,17
08/05/2020,Crater,"Two or more races",3,0,0
08/05/2020,"West Piedmont","Not Reported",202,18,0
08/05/2020,Henrico,"Other Race",81,11,0
08/05/2020,"Central Virginia",Black,90,20,4
08/05/2020,"Three Rivers",White,378,31,8
08/05/2020,"Three Rivers","Other Race",8,3,0
08/05/2020,Lenowisco,"Other Race",1,0,0
08/05/2020,"Western Tidewater",White,428,47,39
08/05/2020,"Mount Rogers",Black,37,6,2
08/05/2020,"Three Rivers","Not Reported",183,2,0
08/05/2020,"Thomas Jefferson",Black,335,58,11
08/05/2020,"Eastern Shore",White,200,20,16
08/05/2020,"Central Virginia",White,250,30,8
08/05/2020,Lenowisco,Black,4,1,0
08/05/2020,"Central Virginia","Two or more races",0,0,0
08/05/2020,Richmond,"Two or more races",8,0,0
08/05/2020,Crater,"Not Reported",464,8,3
08/05/2020,Chesterfield,"Two or more races",11,2,0
08/05/2020,"New River",Latino,54,4,0
08/05/2020,Richmond,Latino,1106,86,7
08/05/2020,Portsmouth,Latino,52,11,1
08/05/2020,Pittsylvania-Danville,"Not Reported",306,6,1
08/05/2020,Chesapeake,"Not Reported",714,4,0
08/05/2020,Chickahominy,Latino,67,4,0
08/05/2020,Crater,Black,1125,157,46
08/05/2020,Chesterfield,Black,642,86,25
08/05/2020,Chesterfield,"Other Race",180,7,0
08/05/2020,Peninsula,Black,700,59,16
08/05/2020,Roanoke,White,122,7,12
08/05/2020,"New River",Black,31,3,0
08/05/2020,Peninsula,Latino,259,18,0
08/05/2020,Southside,Latino,4,0,0
08/05/2020,Rappahannock,"Two or more races",20,1,0
08/05/2020,"Virginia Beach",Black,1173,66,10
08/05/2020,"Mount Rogers","Not Reported",59,1,1
08/05/2020,Loudoun,"Not Reported",1851,3,1
08/05/2020,Chesapeake,"Other Race",37,2,1
08/05/2020,Chickahominy,"Two or more races",1,1,0
08/05/2020,Crater,"Other Race",25,0,0
08/05/2020,Norfolk,"Two or more races",31,0,0
08/05/2020,"Eastern Shore","Two or more races",1,1,0
08/05/2020,"Central Shenandoah",White,1429,137,46
08/05/2020,"New River","Other Race",3,1,0
08/05/2020,"New River",White,304,23,7
08/05/2020,"Central Shenandoah","Other Race",38,1,0
08/05/2020,"West Piedmont",Black,235,47,5
08/05/2020,Alleghany,Latino,93,6,0
08/05/2020,"Central Shenandoah","Not Reported",219,3,1
08/05/2020,Roanoke,"Two or more races",1,0,0
08/05/2020,Peninsula,"Two or more races",23,2,0
08/05/2020,Arlington,"Other Race",73,8,3
08/05/2020,Richmond,"Not Reported",601,2,0
08/05/2020,Norfolk,"Not Reported",954,2,0
08/05/2020,Alexandria,"Other Race",48,6,2
08/05/2020,"Virginia Beach",White,1496,105,30
08/05/2020,Chesapeake,"Two or more races",14,0,0
08/05/2020,Alleghany,White,315,30,17
08/05/2020,"Rappahannock Rapidan","Other Race",24,1,0
08/05/2020,Chickahominy,"Not Reported",228,2,2
08/05/2020,Portsmouth,Black,882,96,17
08/05/2020,Chickahominy,"Other Race",12,2,0
08/05/2020,"Virginia Beach",Latino,274,18,3
08/05/2020,Chesapeake,White,718,66,18
08/05/2020,Southside,Black,202,32,13
08/05/2020,Rappahannock,Latino,1040,98,7
08/05/2020,"Three Rivers","Two or more races",4,0,0
08/05/2020,Henrico,Black,1105,154,79
08/05/2020,Pittsylvania-Danville,Black,227,37,4
08/05/2020,"Lord Fairfax","Two or more races",11,0,0
08/05/2020,"Mount Rogers","Other Race",5,2,1
08/05/2020,"Prince William",Latino,4857,577,64
08/05/2020,"Central Shenandoah",Black,134,9,4
08/05/2020,Peninsula,White,590,77,25
08/05/2020,"Eastern Shore","Not Reported",85,0,0
08/05/2020,"Thomas Jefferson","Other Race",109,3,0
08/05/2020,Hampton,"Other Race",22,2,0
08/05/2020,"Lord Fairfax","Not Reported",303,4,6
08/05/2020,"Central Virginia","Other Race",7,0,0
08/05/2020,"Western Tidewater","Other Race",37,1,1
08/05/2020,Crater,Latino,165,9,4
08/05/2020,Chesapeake,Latino,194,15,1
08/05/2020,Chesterfield,White,764,85,61
08/05/2020,"Western Tidewater","Not Reported",578,3,1
08/05/2020,Fairfax,"Not Reported",2128,57,33
08/05/2020,Arlington,Black,282,71,32
08/05/2020,"Central Virginia",Latino,26,3,1
08/05/2020,"Three Rivers",Black,289,27,7
08/05/2020,Alexandria,"Not Reported",180,6,1
08/05/2020,"Prince William","Two or more races",26,1,0
08/05/2020,Loudoun,"Two or more races",32,0,0
08/05/2020,Peninsula,"Other Race",89,3,0
08/05/2020,"Thomas Jefferson",White,648,50,27
08/05/2020,Norfolk,"Other Race",60,2,1
08/05/2020,"Prince William","Not Reported",3590,23,0
08/05/2020,"West Piedmont",White,340,44,8
08/05/2020,Rappahannock,Black,469,63,12
08/05/2020,Norfolk,Black,1673,123,18
08/05/2020,Roanoke,Latino,228,7,0
08/05/2020,Piedmont,Latino,66,6,1
08/05/2020,Roanoke,"Not Reported",505,0,0
08/05/2020,Arlington,"Two or more races",22,2,0
08/05/2020,"Virginia Beach","Other Race",68,2,0
08/05/2020,Alexandria,White,531,50,33
08/05/2020,"Lord Fairfax","Other Race",60,6,1
08/05/2020,"Thomas Jefferson","Not Reported",141,1,0
08/05/2020,"Virginia Beach","Not Reported",1371,8,4
08/05/2020,Loudoun,Black,224,25,5
08/05/2020,Pittsylvania-Danville,Latino,45,3,0
08/05/2020,"Cumberland Plateau","Not Reported",8,0,0
08/05/2020,Chesterfield,"Not Reported",1794,2,9
08/05/2020,"Mount Rogers",White,943,109,48
08/05/2020,Richmond,White,354,27,6
08/05/2020,Lenowisco,"Not Reported",36,3,1
08/05/2020,Piedmont,"Not Reported",533,12,1
08/05/2020,"Three Rivers",Latino,142,5,1
08/05/2020,"Mount Rogers",Latino,244,3,0
08/05/2020,Crater,White,437,41,15
08/05/2020,"Central Shenandoah","Two or more races",12,1,0
08/05/2020,Arlington,White,838,117,65
08/05/2020,Pittsylvania-Danville,"Other Race",0,0,0
08/05/2020,Chickahominy,Black,172,39,11
08/05/2020,Fairfax,Black,1101,197,55
08/05/2020,"Eastern Shore",Latino,254,10,3
08/05/2020,Norfolk,White,476,32,9
08/05/2020,Alleghany,"Two or more races",2,0,0
08/05/2020,"Mount Rogers","Two or more races",4,0,0
08/05/2020,Southside,White,157,25,17
08/05/2020,"Thomas Jefferson","Two or more races",19,0,0
08/05/2020,"Prince William",Black,959,150,44
08/05/2020,"Lord Fairfax",White,1396,156,63
08/05/2020,"Cumberland Plateau",Latino,2,0,0
08/05/2020,Arlington,"Not Reported",275,4,0
08/05/2020,Rappahannock,"Other Race",57,4,0
08/05/2020,"Rappahannock Rapidan",Black,122,20,6
08/05/2020,"New River","Two or more races",2,0,0
08/05/2020,Arlington,Latino,1367,212,23
08/05/2020,Henrico,White,901,93,89
08/05/2020,Loudoun,White,1120,108,82
08/05/2020,Hampton,White,133,9,1
08/05/2020,Alleghany,Black,32,3,1
08/05/2020,"Prince William",White,1194,153,80
08/05/2020,Rappahannock,White,769,91,35
08/05/2020,Portsmouth,"Two or more races",8,2,1
08/05/2020,Southside,"Other Race",8,0,1
08/05/2020,"Western Tidewater",Black,848,78,35
08/05/2020,Hampton,Latino,46,4,0
08/05/2020,Henrico,"Not Reported",738,3,4
08/05/2020,"West Piedmont","Two or more races",0,0,0
08/05/2020,Peninsula,"Not Reported",1115,2,0
08/05/2020,Loudoun,Latino,1509,152,12
08/05/2020,Alexandria,Black,524,78,14
08/05/2020,Piedmont,Black,414,55,13
08/05/2020,Roanoke,"Other Race",6,0,0
08/05/2020,"Western Tidewater",Latino,22,1,1
08/05/2020,Alexandria,"Two or more races",6,1,0
08/05/2020,Rappahannock,"Not Reported",978,27,0
08/05/2020,"West Piedmont","Other Race",3,1,1
08/05/2020,Chickahominy,White,445,80,32
08/05/2020,"Thomas Jefferson",Latino,541,25,2
08/05/2020,"Cumberland Plateau",Black,16,0,0
08/05/2020,"Lord Fairfax",Latino,626,40,8
08/05/2020,"West Piedmont",Latino,196,7,0
08/05/2020,"Cumberland Plateau",White,266,23,3
08/05/2020,"Eastern Shore","Other Race",13,1,0
08/05/2020,"Cumberland Plateau","Two or more races",4,0,0
08/05/2020,Piedmont,"Other Race",9,0,0
08/05/2020,Pittsylvania-Danville,"Two or more races",0,0,0
08/05/2020,Alexandria,Latino,1482,123,9
08/05/2020,Chesapeake,Black,985,126,10
08/05/2020,Richmond,"Other Race",101,7,2
08/05/2020,Henrico,Latino,725,52,7
08/05/2020,Piedmont,"Two or more races",4,2,0
08/05/2020,"Prince William","Other Race",289,14,0
08/05/2020,"New River","Not Reported",68,1,0
08/05/2020,"Rappahannock Rapidan",White,499,40,13
08/05/2020,"Central Virginia","Not Reported",816,5,0
08/05/2020,"Virginia Beach","Two or more races",34,2,0
08/05/2020,Fairfax,Latino,8237,914,74
08/05/2020,"Lord Fairfax",Black,107,12,6
08/05/2020,Pittsylvania-Danville,White,156,22,4
08/05/2020,Chesterfield,"Asian or Pacific Islander",42,2,0
08/05/2020,Crater,"Asian or Pacific Islander",9,0,0
08/05/2020,Fairfax,"Asian or Pacific Islander",1311,241,73
08/05/2020,Hampton,"Asian or Pacific Islander",10,0,0
08/05/2020,"Rappahannock Rapidan","Asian or Pacific Islander",5,1,0
08/05/2020,"New River","Asian or Pacific Islander",6,0,0
08/05/2020,"Mount Rogers","Asian or Pacific Islander",3,1,0
08/05/2020,"Central Virginia","Asian or Pacific Islander",7,0,0
08/05/2020,"Lord Fairfax","Asian or Pacific Islander",8,0,0
08/05/2020,Southside,"Asian or Pacific Islander",1,0,0
08/05/2020,Portsmouth,"Asian or Pacific Islander",11,2,0
08/05/2020,Alleghany,"Asian or Pacific Islander",5,0,0
08/05/2020,Roanoke,"Asian or Pacific Islander",8,0,0
08/05/2020,Richmond,"Asian or Pacific Islander",17,3,1
08/05/2020,"Thomas Jefferson","Asian or Pacific Islander",33,0,1
08/05/2020,"Virginia Beach","Asian or Pacific Islander",164,18,2
08/05/2020,Henrico,"Asian or Pacific Islander",141,8,3
08/05/2020,Piedmont,"Asian or Pacific Islander",5,0,0
08/05/2020,"Western Tidewater","Asian or Pacific Islander",11,2,0
08/05/2020,"West Piedmont","Asian or Pacific Islander",12,1,1
08/05/2020,Chickahominy,"Asian or Pacific Islander",7,1,0
08/05/2020,Peninsula,"Asian or Pacific Islander",23,4,3
08/05/2020,Norfolk,"Asian or Pacific Islander",35,2,0
08/05/2020,Loudoun,"Asian or Pacific Islander",253,41,11
08/05/2020,Arlington,"Asian or Pacific Islander",137,22,12
08/05/2020,Alexandria,"Asian or Pacific Islander",99,10,1
08/05/2020,Rappahannock,"Asian or Pacific Islander",51,9,1
08/05/2020,Chesapeake,"Asian or Pacific Islander",43,8,3
08/05/2020,"Cumberland Plateau and Lenowisco","Asian or Pacific Islander",1,0,0
08/05/2020,"Central Shenandoah","Asian or Pacific Islander",24,2,0
08/05/2020,"Prince William","Asian or Pacific Islander",336,45,14
08/05/2020,Pittsylvania-Danville,"Asian or Pacific Islander",3,0,0
08/05/2020,"Eastern Shore and Three Rivers","Asian or Pacific Islander",8,1,0
08/05/2020,Piedmont,"Native American",1,0,0
08/05/2020,"New River","Native American",0,0,0
08/05/2020,"Central Shenandoah","Native American",3,1,0
08/05/2020,"Eastern Shore and Three Rivers","Native American",1,0,0
08/05/2020,Fairfax,"Native American",29,1,1
08/05/2020,Chesapeake,"Native American",9,0,0
08/05/2020,"Western Tidewater","Native American",1,0,0
08/05/2020,Portsmouth,"Native American",2,1,0
08/05/2020,Richmond,"Native American",0,0,0
08/05/2020,Chickahominy,"Native American",4,1,0
08/05/2020,"Thomas Jefferson","Native American",2,0,0
08/05/2020,Arlington,"Native American",3,0,0
08/05/2020,"Virginia Beach","Native American",3,0,0
08/05/2020,Peninsula,"Native American",3,0,0
08/05/2020,Hampton,"Native American",1,0,0
08/05/2020,"West Piedmont","Native American",3,0,0
08/05/2020,"Cumberland Plateau, Lenowisco, and Mount Rogers","Native American",1,0,0
08/05/2020,Henrico,"Native American",7,0,0
08/05/2020,Norfolk,"Native American",4,0,0
08/05/2020,"Prince William","Native American",13,1,0
08/05/2020,"Central Virginia","Native American",1,0,0
08/05/2020,Chesterfield,"Native American",3,0,0
08/05/2020,Rappahannock,"Native American",3,0,0
08/05/2020,Loudoun,"Native American",2,0,0
08/05/2020,Alexandria,"Native American",2,0,0
08/05/2020,"Alleghany and Roanoke","Native American",0,0,0
08/05/2020,Crater,"Native American",5,0,0
08/05/2020,"Rappahannock Rapidan","Native American",1,0,0
08/05/2020,"Lord Fairfax","Native American",2,1,1
08/05/2020,"Pittsylvania-Danville and Southside","Native American",0,0,0
08/06/2020,"Rappahannock Rapidan","Not Reported",508,11,2
08/06/2020,Portsmouth,"Other Race",42,2,1
08/06/2020,"Western Tidewater","Two or more races",12,0,0
08/06/2020,Piedmont,White,385,44,15
08/06/2020,Chesterfield,Latino,1084,68,6
08/06/2020,Lenowisco,White,250,30,6
08/06/2020,Hampton,"Not Reported",436,0,0
08/06/2020,Lenowisco,"Two or more races",1,0,0
08/06/2020,Roanoke,Black,62,7,2
08/06/2020,Southside,"Not Reported",321,8,4
08/06/2020,Hampton,Black,475,34,6
08/06/2020,Alleghany,"Other Race",3,0,0
08/06/2020,Lenowisco,Latino,3,0,0
08/06/2020,Loudoun,"Other Race",126,11,2
08/06/2020,"Central Shenandoah",Latino,863,54,5
08/06/2020,"Rappahannock Rapidan",Latino,710,58,6
08/06/2020,Norfolk,Latino,261,18,0
08/06/2020,"Eastern Shore",Black,823,95,26
08/06/2020,Richmond,Black,861,164,25
08/06/2020,Hampton,"Two or more races",8,0,0
08/06/2020,Henrico,"Two or more races",16,1,0
08/06/2020,Fairfax,"Two or more races",47,5,0
08/06/2020,Alleghany,"Not Reported",459,1,0
08/06/2020,Portsmouth,"Not Reported",462,4,0
08/06/2020,"Cumberland Plateau","Other Race",1,1,0
08/06/2020,Southside,"Two or more races",22,0,0
08/06/2020,Portsmouth,White,203,13,5
08/06/2020,"Rappahannock Rapidan","Two or more races",19,2,0
08/06/2020,Fairfax,White,2734,440,287
08/06/2020,Fairfax,"Other Race",599,72,17
08/06/2020,Crater,"Two or more races",3,0,0
08/06/2020,"West Piedmont","Not Reported",213,23,0
08/06/2020,Henrico,"Other Race",82,11,0
08/06/2020,"Central Virginia",Black,95,21,4
08/06/2020,"Three Rivers",White,381,31,8
08/06/2020,"Three Rivers","Other Race",8,3,0
08/06/2020,Lenowisco,"Other Race",1,0,0
08/06/2020,"Western Tidewater",White,432,47,39
08/06/2020,"Mount Rogers",Black,39,6,2
08/06/2020,"Three Rivers","Not Reported",181,2,0
08/06/2020,"Thomas Jefferson",Black,339,58,11
08/06/2020,"Eastern Shore",White,200,20,16
08/06/2020,"Central Virginia",White,259,31,8
08/06/2020,Lenowisco,Black,4,1,0
08/06/2020,"Central Virginia","Two or more races",0,0,0
08/06/2020,Richmond,"Two or more races",7,0,0
08/06/2020,Crater,"Not Reported",475,8,4
08/06/2020,Chesterfield,"Two or more races",11,2,0
08/06/2020,"New River",Latino,58,4,0
08/06/2020,Richmond,Latino,1115,86,7
08/06/2020,Portsmouth,Latino,52,11,1
08/06/2020,Pittsylvania-Danville,"Not Reported",315,6,1
08/06/2020,Chesapeake,"Not Reported",728,4,0
08/06/2020,Chickahominy,Latino,69,4,0
08/06/2020,Crater,Black,1136,158,47
08/06/2020,Chesterfield,Black,652,86,25
08/06/2020,Chesterfield,"Other Race",178,7,0
08/06/2020,Peninsula,Black,701,59,16
08/06/2020,Roanoke,White,124,7,12
08/06/2020,"New River",Black,35,3,0
08/06/2020,Peninsula,Latino,261,18,0
08/06/2020,Southside,Latino,4,0,0
08/06/2020,Rappahannock,"Two or more races",20,1,0
08/06/2020,"Virginia Beach",Black,1188,66,10
08/06/2020,"Mount Rogers","Not Reported",62,1,1
08/06/2020,Loudoun,"Not Reported",1850,3,1
08/06/2020,Chesapeake,"Other Race",41,2,1
08/06/2020,Chickahominy,"Two or more races",1,1,0
08/06/2020,Crater,"Other Race",25,0,0
08/06/2020,Norfolk,"Two or more races",31,0,0
08/06/2020,"Eastern Shore","Two or more races",1,1,0
08/06/2020,"Central Shenandoah",White,1431,139,47
08/06/2020,"New River","Other Race",3,1,0
08/06/2020,"New River",White,308,24,7
08/06/2020,"Central Shenandoah","Other Race",38,1,0
08/06/2020,"West Piedmont",Black,239,49,5
08/06/2020,Alleghany,Latino,93,7,0
08/06/2020,"Central Shenandoah","Not Reported",218,3,1
08/06/2020,Roanoke,"Two or more races",1,0,0
08/06/2020,Peninsula,"Two or more races",23,2,0
08/06/2020,Arlington,"Other Race",74,8,3
08/06/2020,Richmond,"Not Reported",609,2,0
08/06/2020,Norfolk,"Not Reported",945,2,0
08/06/2020,Alexandria,"Other Race",48,6,2
08/06/2020,"Virginia Beach",White,1505,107,33
08/06/2020,Chesapeake,"Two or more races",14,1,1
08/06/2020,Alleghany,White,316,31,17
08/06/2020,"Rappahannock Rapidan","Other Race",24,1,0
08/06/2020,Chickahominy,"Not Reported",232,2,2
08/06/2020,Portsmouth,Black,896,97,17
08/06/2020,Chickahominy,"Other Race",12,2,0
08/06/2020,"Virginia Beach",Latino,276,18,3
08/06/2020,Chesapeake,White,727,67,19
08/06/2020,Southside,Black,206,32,13
08/06/2020,Rappahannock,Latino,1045,98,7
08/06/2020,"Three Rivers","Two or more races",4,0,0
08/06/2020,Henrico,Black,1116,158,79
08/06/2020,Pittsylvania-Danville,Black,232,38,4
08/06/2020,"Lord Fairfax","Two or more races",11,0,0
08/06/2020,"Mount Rogers","Other Race",6,2,1
08/06/2020,"Prince William",Latino,4874,577,64
08/06/2020,"Central Shenandoah",Black,136,9,4
08/06/2020,Peninsula,White,592,77,25
08/06/2020,"Eastern Shore","Not Reported",85,0,0
08/06/2020,"Thomas Jefferson","Other Race",110,3,0
08/06/2020,Hampton,"Other Race",22,2,0
08/06/2020,"Lord Fairfax","Not Reported",305,4,6
08/06/2020,"Central Virginia","Other Race",7,0,0
08/06/2020,"Western Tidewater","Other Race",37,1,1
08/06/2020,Crater,Latino,166,9,4
08/06/2020,Chesapeake,Latino,195,15,1
08/06/2020,Chesterfield,White,784,84,62
08/06/2020,"Western Tidewater","Not Reported",588,3,1
08/06/2020,Fairfax,"Not Reported",2124,57,33
08/06/2020,Arlington,Black,282,71,32
08/06/2020,"Central Virginia",Latino,26,3,1
08/06/2020,"Three Rivers",Black,291,27,7
08/06/2020,Alexandria,"Not Reported",184,6,1
08/06/2020,"Prince William","Two or more races",26,1,0
08/06/2020,Loudoun,"Two or more races",32,0,0
08/06/2020,Peninsula,"Other Race",89,3,0
08/06/2020,"Thomas Jefferson",White,657,51,30
08/06/2020,Norfolk,"Other Race",58,2,1
08/06/2020,"Prince William","Not Reported",3586,23,0
08/06/2020,"West Piedmont",White,350,48,8
08/06/2020,Rappahannock,Black,479,63,12
08/06/2020,Norfolk,Black,1682,126,19
08/06/2020,Roanoke,Latino,232,6,0
08/06/2020,Piedmont,Latino,66,6,1
08/06/2020,Roanoke,"Not Reported",540,1,0
08/06/2020,Arlington,"Two or more races",22,2,0
08/06/2020,"Virginia Beach","Other Race",68,2,0
08/06/2020,Alexandria,White,532,50,33
08/06/2020,"Lord Fairfax","Other Race",60,6,1
08/06/2020,"Thomas Jefferson","Not Reported",142,1,0
08/06/2020,"Virginia Beach","Not Reported",1412,8,4
08/06/2020,Loudoun,Black,226,25,5
08/06/2020,Pittsylvania-Danville,Latino,46,3,0
08/06/2020,"Cumberland Plateau","Not Reported",8,0,0
08/06/2020,Chesterfield,"Not Reported",1785,2,9
08/06/2020,"Mount Rogers",White,956,110,48
08/06/2020,Richmond,White,358,27,6
08/06/2020,Lenowisco,"Not Reported",36,3,1
08/06/2020,Piedmont,"Not Reported",535,12,1
08/06/2020,"Three Rivers",Latino,142,5,1
08/06/2020,"Mount Rogers",Latino,247,4,0
08/06/2020,Crater,White,442,41,15
08/06/2020,"Central Shenandoah","Two or more races",12,1,0
08/06/2020,Arlington,White,840,117,65
08/06/2020,Pittsylvania-Danville,"Other Race",0,0,0
08/06/2020,Chickahominy,Black,173,39,11
08/06/2020,Fairfax,Black,1116,200,55
08/06/2020,"Eastern Shore",Latino,254,10,3
08/06/2020,Norfolk,White,480,32,9
08/06/2020,Alleghany,"Two or more races",2,0,0
08/06/2020,"Mount Rogers","Two or more races",4,0,0
08/06/2020,Southside,White,159,26,17
08/06/2020,"Thomas Jefferson","Two or more races",20,0,0
08/06/2020,"Prince William",Black,968,150,45
08/06/2020,"Lord Fairfax",White,1399,156,64
08/06/2020,"Cumberland Plateau",Latino,2,0,0
08/06/2020,Arlington,"Not Reported",287,4,0
08/06/2020,Rappahannock,"Other Race",57,4,0
08/06/2020,"Rappahannock Rapidan",Black,125,20,6
08/06/2020,"New River","Two or more races",2,0,0
08/06/2020,Arlington,Latino,1368,212,23
08/06/2020,Henrico,White,908,94,89
08/06/2020,Loudoun,White,1128,108,83
08/06/2020,Hampton,White,133,9,1
08/06/2020,Alleghany,Black,34,3,1
08/06/2020,"Prince William",White,1200,153,81
08/06/2020,Rappahannock,White,777,92,35
08/06/2020,Portsmouth,"Two or more races",8,2,1
08/06/2020,Southside,"Other Race",8,0,1
08/06/2020,"Western Tidewater",Black,858,78,35
08/06/2020,Hampton,Latino,46,4,0
08/06/2020,Henrico,"Not Reported",744,3,4
08/06/2020,"West Piedmont","Two or more races",0,0,0
08/06/2020,Peninsula,"Not Reported",1117,2,0
08/06/2020,Loudoun,Latino,1528,154,13
08/06/2020,Alexandria,Black,530,78,14
08/06/2020,Piedmont,Black,416,57,14
08/06/2020,Roanoke,"Other Race",6,0,0
08/06/2020,"Western Tidewater",Latino,22,1,1
08/06/2020,Alexandria,"Two or more races",8,1,0
08/06/2020,Rappahannock,"Not Reported",1012,27,0
08/06/2020,"West Piedmont","Other Race",3,1,1
08/06/2020,Chickahominy,White,447,80,32
08/06/2020,"Thomas Jefferson",Latino,542,25,2
08/06/2020,"Cumberland Plateau",Black,16,0,0
08/06/2020,"Lord Fairfax",Latino,625,40,8
08/06/2020,"West Piedmont",Latino,196,7,0
08/06/2020,"Cumberland Plateau",White,277,24,3
08/06/2020,"Eastern Shore","Other Race",13,1,0
08/06/2020,"Cumberland Plateau","Two or more races",4,0,0
08/06/2020,Piedmont,"Other Race",9,0,0
08/06/2020,Pittsylvania-Danville,"Two or more races",0,0,0
08/06/2020,Alexandria,Latino,1484,123,9
08/06/2020,Chesapeake,Black,1004,126,11
08/06/2020,Richmond,"Other Race",100,7,2
08/06/2020,Henrico,Latino,728,52,7
08/06/2020,Piedmont,"Two or more races",4,2,0
08/06/2020,"Prince William","Other Race",290,14,0
08/06/2020,"New River","Not Reported",68,1,0
08/06/2020,"Rappahannock Rapidan",White,504,41,13
08/06/2020,"Central Virginia","Not Reported",836,5,0
08/06/2020,"Virginia Beach","Two or more races",35,2,0
08/06/2020,Fairfax,Latino,8264,917,75
08/06/2020,"Lord Fairfax",Black,107,12,6
08/06/2020,Pittsylvania-Danville,White,158,23,4
08/06/2020,Chesterfield,"Asian or Pacific Islander",43,2,0
08/06/2020,Crater,"Asian or Pacific Islander",9,0,0
08/06/2020,Fairfax,"Asian or Pacific Islander",1315,241,72
08/06/2020,Hampton,"Asian or Pacific Islander",10,0,0
08/06/2020,"Rappahannock Rapidan","Asian or Pacific Islander",5,1,0
08/06/2020,"New River","Asian or Pacific Islander",6,0,0
08/06/2020,"Mount Rogers","Asian or Pacific Islander",3,1,0
08/06/2020,"Central Virginia","Asian or Pacific Islander",7,0,0
08/06/2020,"Lord Fairfax","Asian or Pacific Islander",8,0,0
08/06/2020,Southside,"Asian or Pacific Islander",1,0,0
08/06/2020,Portsmouth,"Asian or Pacific Islander",11,2,0
08/06/2020,Alleghany,"Asian or Pacific Islander",5,0,0
08/06/2020,Roanoke,"Asian or Pacific Islander",8,0,0
08/06/2020,Richmond,"Asian or Pacific Islander",17,3,1
08/06/2020,"Thomas Jefferson","Asian or Pacific Islander",33,0,1
08/06/2020,"Virginia Beach","Asian or Pacific Islander",171,19,2
08/06/2020,Henrico,"Asian or Pacific Islander",141,8,3
08/06/2020,Piedmont,"Asian or Pacific Islander",6,0,0
08/06/2020,"Western Tidewater","Asian or Pacific Islander",11,2,0
08/06/2020,"West Piedmont","Asian or Pacific Islander",12,1,1
08/06/2020,Chickahominy,"Asian or Pacific Islander",7,1,0
08/06/2020,Peninsula,"Asian or Pacific Islander",23,4,3
08/06/2020,Norfolk,"Asian or Pacific Islander",35,2,0
08/06/2020,Loudoun,"Asian or Pacific Islander",258,41,11
08/06/2020,Arlington,"Asian or Pacific Islander",137,22,12
08/06/2020,Alexandria,"Asian or Pacific Islander",99,10,1
08/06/2020,Rappahannock,"Asian or Pacific Islander",51,9,1
08/06/2020,Chesapeake,"Asian or Pacific Islander",43,8,4
08/06/2020,"Cumberland Plateau and Lenowisco","Asian or Pacific Islander",1,0,0
08/06/2020,"Central Shenandoah","Asian or Pacific Islander",22,2,0
08/06/2020,"Prince William","Asian or Pacific Islander",337,45,14
08/06/2020,Pittsylvania-Danville,"Asian or Pacific Islander",3,0,0
08/06/2020,"Eastern Shore and Three Rivers","Asian or Pacific Islander",8,1,0
08/06/2020,Piedmont,"Native American",1,0,0
08/06/2020,"New River","Native American",0,0,0
08/06/2020,"Central Shenandoah","Native American",3,1,0
08/06/2020,"Eastern Shore and Three Rivers","Native American",1,0,0
08/06/2020,Fairfax,"Native American",29,1,1
08/06/2020,Chesapeake,"Native American",9,0,0
08/06/2020,"Western Tidewater","Native American",1,0,0
08/06/2020,Portsmouth,"Native American",2,1,0
08/06/2020,Richmond,"Native American",0,0,0
08/06/2020,Chickahominy,"Native American",4,1,0
08/06/2020,"Thomas Jefferson","Native American",2,0,0
08/06/2020,Arlington,"Native American",3,0,0
08/06/2020,"Virginia Beach","Native American",3,0,0
08/06/2020,Peninsula,"Native American",3,0,0
08/06/2020,Hampton,"Native American",1,0,0
08/06/2020,"West Piedmont","Native American",3,0,0
08/06/2020,"Cumberland Plateau, Lenowisco, and Mount Rogers","Native American",1,0,0
08/06/2020,Henrico,"Native American",7,0,0
08/06/2020,Norfolk,"Native American",4,0,0
08/06/2020,"Prince William","Native American",13,1,0
08/06/2020,"Central Virginia","Native American",1,0,0
08/06/2020,Chesterfield,"Native American",3,0,0
08/06/2020,Rappahannock,"Native American",3,0,0
08/06/2020,Loudoun,"Native American",2,0,0
08/06/2020,Alexandria,"Native American",2,0,0
08/06/2020,"Alleghany and Roanoke","Native American",0,0,0
08/06/2020,Crater,"Native American",5,0,0
08/06/2020,"Rappahannock Rapidan","Native American",1,0,0
08/06/2020,"Lord Fairfax","Native American",2,1,1
08/06/2020,"Pittsylvania-Danville and Southside","Native American",0,0,0
08/07/2020,"Rappahannock Rapidan","Not Reported",513,11,2
08/07/2020,Portsmouth,"Other Race",45,2,1
08/07/2020,"Western Tidewater","Two or more races",12,0,0
08/07/2020,Piedmont,White,393,48,17
08/07/2020,Chesterfield,Latino,1108,69,8
08/07/2020,Lenowisco,White,275,31,6
08/07/2020,Hampton,"Not Reported",456,0,0
08/07/2020,Lenowisco,"Two or more races",1,0,0
08/07/2020,Roanoke,Black,63,7,2
08/07/2020,Southside,"Not Reported",352,8,4
08/07/2020,Hampton,Black,485,34,6
08/07/2020,Alleghany,"Other Race",4,0,0
08/07/2020,Lenowisco,Latino,3,0,0
08/07/2020,Loudoun,"Other Race",128,11,2
08/07/2020,"Central Shenandoah",Latino,865,54,5
08/07/2020,"Rappahannock Rapidan",Latino,712,58,6
08/07/2020,Norfolk,Latino,262,18,0
08/07/2020,"Eastern Shore",Black,825,95,26
08/07/2020,Richmond,Black,882,169,25
08/07/2020,Hampton,"Two or more races",9,0,0
08/07/2020,Henrico,"Two or more races",20,1,0
08/07/2020,Fairfax,"Two or more races",51,5,0
08/07/2020,Alleghany,"Not Reported",490,2,0
08/07/2020,Portsmouth,"Not Reported",480,4,0
08/07/2020,"Cumberland Plateau","Other Race",1,1,0
08/07/2020,Southside,"Two or more races",22,0,0
08/07/2020,Portsmouth,White,208,13,5
08/07/2020,"Rappahannock Rapidan","Two or more races",20,2,0
08/07/2020,Fairfax,White,2794,442,289
08/07/2020,Fairfax,"Other Race",608,74,17
08/07/2020,Crater,"Two or more races",2,0,0
08/07/2020,"West Piedmont","Not Reported",230,23,0
08/07/2020,Henrico,"Other Race",88,11,0
08/07/2020,"Central Virginia",Black,98,21,5
08/07/2020,"Three Rivers",White,397,32,8
08/07/2020,"Three Rivers","Other Race",12,3,0
08/07/2020,Lenowisco,"Other Race",2,0,0
08/07/2020,"Western Tidewater",White,451,47,39
08/07/2020,"Mount Rogers",Black,41,6,2
08/07/2020,"Three Rivers","Not Reported",184,2,0
08/07/2020,"Thomas Jefferson",Black,347,58,11
08/07/2020,"Eastern Shore",White,200,20,16
08/07/2020,"Central Virginia",White,285,31,8
08/07/2020,Lenowisco,Black,5,1,0
08/07/2020,"Central Virginia","Two or more races",0,0,0
08/07/2020,Richmond,"Two or more races",7,0,0
08/07/2020,Crater,"Not Reported",485,8,4
08/07/2020,Chesterfield,"Two or more races",12,2,0
08/07/2020,"New River",Latino,69,4,0
08/07/2020,Richmond,Latino,1123,87,7
08/07/2020,Portsmouth,Latino,52,11,1
08/07/2020,Pittsylvania-Danville,"Not Reported",354,7,1
08/07/2020,Chesapeake,"Not Reported",734,4,0
08/07/2020,Chickahominy,Latino,70,4,0
08/07/2020,Chesterfield,Black,672,89,25
08/07/2020,Chesterfield,"Other Race",178,7,0
08/07/2020,Peninsula,Black,723,60,16
08/07/2020,Roanoke,White,125,7,12
08/07/2020,"New River",Black,39,3,0
08/07/2020,Peninsula,Latino,268,19,0
08/07/2020,Southside,Latino,4,0,0
08/07/2020,Rappahannock,"Two or more races",21,2,0
08/07/2020,"Virginia Beach",Black,1210,67,10
08/07/2020,"Mount Rogers","Not Reported",67,1,1
08/07/2020,Loudoun,"Not Reported",1868,3,0
08/07/2020,Chesapeake,"Other Race",47,2,1
08/07/2020,Chickahominy,"Two or more races",1,1,0
08/07/2020,Crater,"Other Race",25,0,0
08/07/2020,Norfolk,"Two or more races",35,0,0
08/07/2020,"Eastern Shore","Two or more races",1,1,0
08/07/2020,"Central Shenandoah",White,1448,143,49
08/07/2020,"New River","Other Race",3,1,0
08/07/2020,"New River",White,316,24,8
08/07/2020,"Central Shenandoah","Other Race",40,1,0
08/07/2020,"West Piedmont",Black,251,51,5
08/07/2020,Alleghany,Latino,94,7,0
08/07/2020,"Central Shenandoah","Not Reported",220,3,1
08/07/2020,Roanoke,"Two or more races",1,0,0
08/07/2020,Peninsula,"Two or more races",26,2,0
08/07/2020,Arlington,"Other Race",74,8,3
08/07/2020,Richmond,"Not Reported",609,2,0
08/07/2020,Norfolk,"Not Reported",978,3,0
08/07/2020,Alexandria,"Other Race",49,6,2
08/07/2020,"Virginia Beach",White,1547,111,33
08/07/2020,Chesapeake,"Two or more races",17,1,1
08/07/2020,Alleghany,White,323,31,17
08/07/2020,"Rappahannock Rapidan","Other Race",25,1,0
08/07/2020,Chickahominy,"Not Reported",239,2,2
08/07/2020,Portsmouth,Black,919,98,17
08/07/2020,Chickahominy,"Other Race",12,2,0
08/07/2020,"Virginia Beach",Latino,277,18,3
08/07/2020,Chesapeake,White,746,68,19
08/07/2020,Southside,Black,215,32,13
08/07/2020,Rappahannock,Latino,1052,98,7
08/07/2020,"Three Rivers","Two or more races",4,0,0
08/07/2020,Henrico,Black,1146,160,80
08/07/2020,Pittsylvania-Danville,Black,241,40,4
08/07/2020,"Lord Fairfax","Two or more races",11,0,0
08/07/2020,"Mount Rogers","Other Race",7,2,1
08/07/2020,"Prince William",Latino,4915,580,65
08/07/2020,"Central Shenandoah",Black,136,9,4
08/07/2020,Peninsula,White,608,77,25
08/07/2020,"Eastern Shore","Not Reported",85,0,0
08/07/2020,"Thomas Jefferson","Other Race",113,3,0
08/07/2020,Hampton,"Other Race",25,2,0
08/07/2020,"Lord Fairfax","Not Reported",313,4,6
08/07/2020,"Central Virginia","Other Race",7,0,0
08/07/2020,"Western Tidewater","Other Race",39,1,1
08/07/2020,Crater,Latino,166,9,4
08/07/2020,Chesapeake,Latino,200,15,1
08/07/2020,Chesterfield,White,804,85,63
08/07/2020,"Western Tidewater","Not Reported",608,3,1
08/07/2020,Fairfax,"Not Reported",2083,57,33
08/07/2020,Arlington,Black,286,71,32
08/07/2020,"Central Virginia",Latino,26,3,1
08/07/2020,"Three Rivers",Black,300,28,7
08/07/2020,Alexandria,"Not Reported",183,6,1
08/07/2020,"Prince William","Two or more races",28,1,0
08/07/2020,Loudoun,"Two or more races",32,0,0
08/07/2020,Peninsula,"Other Race",96,3,0
08/07/2020,"Thomas Jefferson",White,679,54,30
08/07/2020,Norfolk,"Other Race",60,2,1
08/07/2020,"Prince William","Not Reported",3649,24,0
08/07/2020,"West Piedmont",White,374,51,8
08/07/2020,Rappahannock,Black,501,65,12
08/07/2020,Norfolk,Black,1745,130,20
08/07/2020,Roanoke,Latino,235,6,0
08/07/2020,Piedmont,Latino,66,6,1
08/07/2020,Roanoke,"Not Reported",562,1,0
08/07/2020,Arlington,"Two or more races",22,2,0
08/07/2020,"Virginia Beach","Other Race",70,2,0
08/07/2020,Alexandria,White,540,50,33
08/07/2020,"Lord Fairfax","Other Race",60,6,1
08/07/2020,"Thomas Jefferson","Not Reported",145,1,0
08/07/2020,"Virginia Beach","Not Reported",1464,9,5
08/07/2020,Loudoun,Black,230,27,5
08/07/2020,Pittsylvania-Danville,Latino,46,3,0
08/07/2020,"Cumberland Plateau","Not Reported",9,0,0
08/07/2020,Chesterfield,"Not Reported",1799,2,9
08/07/2020,"Mount Rogers",White,988,111,48
08/07/2020,Richmond,White,372,28,6
08/07/2020,Lenowisco,"Not Reported",43,3,1
08/07/2020,Piedmont,"Not Reported",545,11,2
08/07/2020,"Three Rivers",Latino,142,5,1
08/07/2020,"Mount Rogers",Latino,257,4,0
08/07/2020,Crater,White,453,42,15
08/07/2020,"Central Shenandoah","Two or more races",12,1,0
08/07/2020,Arlington,White,847,117,65
08/07/2020,Pittsylvania-Danville,"Other Race",0,0,0
08/07/2020,Chickahominy,Black,177,39,11
08/07/2020,Fairfax,Black,1154,202,56
08/07/2020,"Eastern Shore",Latino,254,10,3
08/07/2020,Norfolk,White,508,32,9
08/07/2020,Alleghany,"Two or more races",2,0,0
08/07/2020,"Mount Rogers","Two or more races",4,0,0
08/07/2020,Southside,White,161,26,17
08/07/2020,"Thomas Jefferson","Two or more races",21,0,0
08/07/2020,"Prince William",Black,998,152,45
08/07/2020,"Lord Fairfax",White,1403,157,64
08/07/2020,"Cumberland Plateau",Latino,2,0,0
08/07/2020,Arlington,"Not Reported",299,4,0
08/07/2020,Rappahannock,"Other Race",61,4,0
08/07/2020,"Rappahannock Rapidan",Black,136,22,6
08/07/2020,"New River","Two or more races",3,0,0
08/07/2020,Arlington,Latino,1369,212,23
08/07/2020,Henrico,White,927,95,90
08/07/2020,Loudoun,White,1135,107,83
08/07/2020,Hampton,White,140,9,1
08/07/2020,Alleghany,Black,35,4,1
08/07/2020,"Prince William",White,1241,155,81
08/07/2020,Rappahannock,White,807,93,35
08/07/2020,Portsmouth,"Two or more races",8,2,1
08/07/2020,Southside,"Other Race",8,0,1
08/07/2020,"Western Tidewater",Black,895,78,35
08/07/2020,Hampton,Latino,47,4,0
08/07/2020,Henrico,"Not Reported",750,4,4
08/07/2020,"West Piedmont","Two or more races",0,0,0
08/07/2020,Peninsula,"Not Reported",1154,2,0
08/07/2020,Loudoun,Latino,1542,156,14
08/07/2020,Alexandria,Black,545,79,14
08/07/2020,Piedmont,Black,419,57,14
08/07/2020,Roanoke,"Other Race",6,0,0
08/07/2020,"Western Tidewater",Latino,22,1,1
08/07/2020,Alexandria,"Two or more races",8,1,0
08/07/2020,Rappahannock,"Not Reported",1036,28,0
08/07/2020,"West Piedmont","Other Race",4,1,1
08/07/2020,Chickahominy,White,460,83,32
08/07/2020,"Thomas Jefferson",Latino,554,25,2
08/07/2020,"Cumberland Plateau",Black,17,0,0
08/07/2020,"Lord Fairfax",Latino,626,40,8
08/07/2020,"West Piedmont",Latino,197,7,0
08/07/2020,"Cumberland Plateau",White,299,24,3
08/07/2020,"Eastern Shore","Other Race",13,1,0
08/07/2020,"Cumberland Plateau","Two or more races",4,0,0
08/07/2020,Piedmont,"Other Race",9,0,0
08/07/2020,Pittsylvania-Danville,"Two or more races",0,0,0
08/07/2020,Alexandria,Latino,1490,123,9
08/07/2020,Chesapeake,Black,1032,127,11
08/07/2020,Richmond,"Other Race",101,7,2
08/07/2020,Henrico,Latino,732,52,7
08/07/2020,Piedmont,"Two or more races",4,2,0
08/07/2020,"Prince William","Other Race",296,14,0
08/07/2020,"New River","Not Reported",71,1,0
08/07/2020,"Rappahannock Rapidan",White,514,42,13
08/07/2020,"Central Virginia","Not Reported",897,7,0
08/07/2020,"Virginia Beach","Two or more races",36,2,0
08/07/2020,Fairfax,Latino,8334,923,75
08/07/2020,"Lord Fairfax",Black,107,12,6
08/07/2020,Pittsylvania-Danville,White,160,23,4
08/07/2020,Chesterfield,"Asian or Pacific Islander",43,2,0
08/07/2020,Crater,"Asian or Pacific Islander",12,0,0
08/07/2020,Fairfax,"Asian or Pacific Islander",1331,243,72
08/07/2020,Hampton,"Asian or Pacific Islander",10,0,0
08/07/2020,"Rappahannock Rapidan","Asian or Pacific Islander",6,1,0
08/07/2020,"New River","Asian or Pacific Islander",6,0,0
08/07/2020,"Mount Rogers","Asian or Pacific Islander",3,1,0
08/07/2020,"Central Virginia","Asian or Pacific Islander",7,0,0
08/07/2020,"Lord Fairfax","Asian or Pacific Islander",8,0,0
08/07/2020,Southside,"Asian or Pacific Islander",1,0,0
08/07/2020,Portsmouth,"Asian or Pacific Islander",12,2,0
08/07/2020,Alleghany,"Asian or Pacific Islander",5,0,0
08/07/2020,Roanoke,"Asian or Pacific Islander",8,0,0
08/07/2020,Richmond,"Asian or Pacific Islander",18,3,1
08/07/2020,"Thomas Jefferson","Asian or Pacific Islander",33,0,1
08/07/2020,"Virginia Beach","Asian or Pacific Islander",174,20,2
08/07/2020,Henrico,"Asian or Pacific Islander",141,8,3
08/07/2020,Piedmont,"Asian or Pacific Islander",7,0,0
08/07/2020,"Western Tidewater","Asian or Pacific Islander",12,2,0
08/07/2020,"West Piedmont","Asian or Pacific Islander",12,1,1
08/07/2020,Chickahominy,"Asian or Pacific Islander",8,1,0
08/07/2020,Peninsula,"Asian or Pacific Islander",25,4,3
08/07/2020,Norfolk,"Asian or Pacific Islander",37,2,0
08/07/2020,Loudoun,"Asian or Pacific Islander",259,42,11
08/07/2020,Arlington,"Asian or Pacific Islander",137,22,12
08/07/2020,Alexandria,"Asian or Pacific Islander",100,10,1
08/07/2020,Rappahannock,"Asian or Pacific Islander",51,9,1
08/07/2020,Chesapeake,"Asian or Pacific Islander",43,8,4
08/07/2020,"Cumberland Plateau and Lenowisco","Asian or Pacific Islander",1,0,0
08/07/2020,"Central Shenandoah","Asian or Pacific Islander",22,2,0
08/07/2020,"Prince William","Asian or Pacific Islander",343,45,14
08/07/2020,Pittsylvania-Danville,"Asian or Pacific Islander",3,0,0
08/07/2020,"Eastern Shore and Three Rivers","Asian or Pacific Islander",8,1,0
08/07/2020,Piedmont,"Native American",1,0,0
08/07/2020,"New River","Native American",0,0,0
08/07/2020,"Central Shenandoah","Native American",3,1,0
08/07/2020,"Eastern Shore and Three Rivers","Native American",1,0,0
08/07/2020,Fairfax,"Native American",30,1,1
08/07/2020,Chesapeake,"Native American",9,0,0
08/07/2020,"Western Tidewater","Native American",1,0,0
08/07/2020,Portsmouth,"Native American",2,1,0
08/07/2020,Richmond,"Native American",0,0,0
08/07/2020,Chickahominy,"Native American",4,1,0
08/07/2020,"Thomas Jefferson","Native American",2,0,0
08/07/2020,Arlington,"Native American",3,0,0
08/07/2020,"Virginia Beach","Native American",3,0,0
08/07/2020,Peninsula,"Native American",3,0,0
08/07/2020,Hampton,"Native American",1,0,0
08/07/2020,"West Piedmont","Native American",3,0,0
08/07/2020,"Cumberland Plateau, Lenowisco, and Mount Rogers","Native American",1,0,0
08/07/2020,Henrico,"Native American",7,0,0
08/07/2020,Norfolk,"Native American",4,0,0
08/07/2020,"Prince William","Native American",13,1,0
08/07/2020,"Central Virginia","Native American",1,0,0
08/07/2020,Chesterfield,"Native American",3,0,0
08/07/2020,Rappahannock,"Native American",3,0,0
08/07/2020,Loudoun,"Native American",2,0,0
08/07/2020,Alexandria,"Native American",2,0,0
08/07/2020,"Alleghany and Roanoke","Native American",0,0,0
08/07/2020,Crater,"Native American",5,0,0
08/07/2020,"Rappahannock Rapidan","Native American",1,0,0
08/07/2020,"Lord Fairfax","Native American",2,1,1
08/07/2020,"Pittsylvania-Danville and Southside","Native American",0,0,0
08/08/2020,"Rappahannock Rapidan","Not Reported",520,11,2
08/08/2020,Portsmouth,"Other Race",46,2,1
08/08/2020,"Western Tidewater","Two or more races",13,0,0
08/08/2020,Piedmont,White,403,48,17
08/08/2020,Chesterfield,Latino,1115,69,7
08/08/2020,Lenowisco,White,290,32,6
08/08/2020,Hampton,"Not Reported",462,0,0
08/08/2020,Lenowisco,"Two or more races",1,0,0
08/08/2020,Roanoke,Black,67,8,3
08/08/2020,Southside,"Not Reported",401,8,4
08/08/2020,Hampton,Black,499,35,6
08/08/2020,Alleghany,"Other Race",3,0,0
08/08/2020,Lenowisco,Latino,3,0,0
08/08/2020,Loudoun,"Other Race",132,11,2
08/08/2020,"Central Shenandoah",Latino,869,54,5
08/08/2020,"Rappahannock Rapidan",Latino,714,59,6
08/08/2020,Norfolk,Latino,264,18,0
08/08/2020,"Eastern Shore",Black,828,95,26
08/08/2020,Richmond,Black,898,171,25
08/08/2020,Hampton,"Two or more races",12,0,0
08/08/2020,Henrico,"Two or more races",22,1,0
08/08/2020,Fairfax,"Two or more races",52,5,0
08/08/2020,Alleghany,"Not Reported",490,2,0
08/08/2020,Portsmouth,"Not Reported",489,4,0
08/08/2020,"Cumberland Plateau","Other Race",1,1,0
08/08/2020,Southside,"Two or more races",22,0,0
08/08/2020,Portsmouth,White,210,13,5
08/08/2020,"Rappahannock Rapidan","Two or more races",20,2,0
08/08/2020,Fairfax,White,2815,443,289
08/08/2020,Fairfax,"Other Race",605,74,17
08/08/2020,Crater,"Two or more races",2,0,0
08/08/2020,"West Piedmont","Not Reported",228,24,0
08/08/2020,Henrico,"Other Race",85,11,0
08/08/2020,"Central Virginia",Black,102,21,5
08/08/2020,"Three Rivers",White,412,32,9
08/08/2020,"Three Rivers","Other Race",12,3,0
08/08/2020,Lenowisco,"Other Race",3,0,0
08/08/2020,"Western Tidewater",White,460,47,39
08/08/2020,"Mount Rogers",Black,41,6,2
08/08/2020,"Three Rivers","Not Reported",181,2,0
08/08/2020,"Thomas Jefferson",Black,356,58,11
08/08/2020,"Eastern Shore",White,205,21,16
08/08/2020,"Central Virginia",White,305,31,8
08/08/2020,Lenowisco,Black,5,1,0
08/08/2020,"Central Virginia","Two or more races",0,0,0
08/08/2020,Richmond,"Two or more races",7,0,0
08/08/2020,Crater,"Not Reported",498,8,4
08/08/2020,Chesterfield,"Two or more races",12,2,0
08/08/2020,"New River",Latino,71,4,0
08/08/2020,Richmond,Latino,1132,89,7
08/08/2020,Portsmouth,Latino,52,11,1
08/08/2020,Pittsylvania-Danville,"Not Reported",357,7,1
08/08/2020,Chesapeake,"Not Reported",739,5,0
08/08/2020,Chickahominy,Latino,71,4,0
08/08/2020,Crater,Black,1189,158,47
08/08/2020,Chesterfield,Black,680,90,25
08/08/2020,Chesterfield,"Other Race",181,7,0
08/08/2020,Peninsula,Black,728,60,16
08/08/2020,Roanoke,White,129,7,12
08/08/2020,"New River",Black,39,3,0
08/08/2020,Peninsula,Latino,268,19,0
08/08/2020,Southside,Latino,4,0,0
08/08/2020,Rappahannock,"Two or more races",21,2,0
08/08/2020,"Virginia Beach",Black,1228,68,11
08/08/2020,"Mount Rogers","Not Reported",66,1,1
08/08/2020,Loudoun,"Not Reported",1894,4,0
08/08/2020,Chesapeake,"Other Race",51,2,1
08/08/2020,Chickahominy,"Two or more races",1,1,0
08/08/2020,Crater,"Other Race",26,0,0
08/08/2020,Norfolk,"Two or more races",35,0,0
08/08/2020,"Eastern Shore","Two or more races",1,1,0
08/08/2020,"Central Shenandoah",White,1466,143,49
08/08/2020,"New River","Other Race",2,0,0
08/08/2020,"New River",White,325,24,8
08/08/2020,"Central Shenandoah","Other Race",40,1,0
08/08/2020,"West Piedmont",Black,255,51,5
08/08/2020,Alleghany,Latino,96,7,0
08/08/2020,"Central Shenandoah","Not Reported",221,3,1
08/08/2020,Roanoke,"Two or more races",1,0,0
08/08/2020,Peninsula,"Two or more races",28,2,0
08/08/2020,Arlington,"Other Race",76,8,3
08/08/2020,Richmond,"Not Reported",603,2,0
08/08/2020,Norfolk,"Not Reported",990,3,0
08/08/2020,Alexandria,"Other Race",50,6,2
08/08/2020,"Virginia Beach",White,1579,111,33
08/08/2020,Chesapeake,"Two or more races",20,1,1
08/08/2020,Alleghany,White,329,31,17
08/08/2020,"Rappahannock Rapidan","Other Race",26,1,0
08/08/2020,Chickahominy,"Not Reported",243,2,2
08/08/2020,Portsmouth,Black,939,98,17
08/08/2020,Chickahominy,"Other Race",12,2,0
08/08/2020,"Virginia Beach",Latino,278,18,3
08/08/2020,Chesapeake,White,755,68,19
08/08/2020,Southside,Black,219,32,13
08/08/2020,Rappahannock,Latino,1059,98,7
08/08/2020,"Three Rivers","Two or more races",4,0,0
08/08/2020,Pittsylvania-Danville,Black,246,41,4
08/08/2020,"Lord Fairfax","Two or more races",11,0,0
08/08/2020,"Mount Rogers","Other Race",7,2,1
08/08/2020,"Prince William",Latino,4946,580,65
08/08/2020,"Central Shenandoah",Black,140,9,4
08/08/2020,Peninsula,White,622,77,25
08/08/2020,"Eastern Shore","Not Reported",86,0,0
08/08/2020,"Thomas Jefferson","Other Race",117,3,0
08/08/2020,Hampton,"Other Race",28,2,0
08/08/2020,"Lord Fairfax","Not Reported",315,4,6
08/08/2020,"Central Virginia","Other Race",9,0,0
08/08/2020,"Western Tidewater","Other Race",41,1,1
08/08/2020,Crater,Latino,166,9,4
08/08/2020,Chesapeake,Latino,200,15,1
08/08/2020,Chesterfield,White,815,86,64
08/08/2020,"Western Tidewater","Not Reported",620,3,1
08/08/2020,Fairfax,"Not Reported",2081,56,33
08/08/2020,Arlington,Black,289,71,32
08/08/2020,"Central Virginia",Latino,26,3,1
08/08/2020,"Three Rivers",Black,313,28,7
08/08/2020,Alexandria,"Not Reported",184,6,1
08/08/2020,"Prince William","Two or more races",31,1,0
08/08/2020,Loudoun,"Two or more races",32,0,0
08/08/2020,Peninsula,"Other Race",99,3,0
08/08/2020,"Thomas Jefferson",White,694,57,30
08/08/2020,Norfolk,"Other Race",62,2,1
08/08/2020,"Prince William","Not Reported",3670,24,0
08/08/2020,"West Piedmont",White,403,56,8
08/08/2020,Rappahannock,Black,513,66,12
08/08/2020,Norfolk,Black,1783,133,20
08/08/2020,Roanoke,Latino,244,7,0
08/08/2020,Piedmont,Latino,68,6,1
08/08/2020,Roanoke,"Not Reported",552,1,0
08/08/2020,Arlington,"Two or more races",22,2,0
08/08/2020,"Virginia Beach","Other Race",72,2,0
08/08/2020,Alexandria,White,549,52,33
08/08/2020,"Lord Fairfax","Other Race",60,6,1
08/08/2020,"Thomas Jefferson","Not Reported",153,1,0
08/08/2020,"Virginia Beach","Not Reported",1520,9,5
08/08/2020,Loudoun,Black,233,27,5
08/08/2020,Pittsylvania-Danville,Latino,47,3,0
08/08/2020,"Cumberland Plateau","Not Reported",9,0,0
08/08/2020,Chesterfield,"Not Reported",1842,3,9
08/08/2020,"Mount Rogers",White,1013,113,49
08/08/2020,Richmond,White,375,28,6
08/08/2020,Lenowisco,"Not Reported",45,3,1
08/08/2020,Piedmont,"Not Reported",553,11,2
08/08/2020,"Three Rivers",Latino,144,5,1
08/08/2020,"Mount Rogers",Latino,257,5,0
08/08/2020,Crater,White,458,42,15
08/08/2020,"Central Shenandoah","Two or more races",12,1,0
08/08/2020,Arlington,White,849,117,65
08/08/2020,Pittsylvania-Danville,"Other Race",0,0,0
08/08/2020,Chickahominy,Black,179,39,11
08/08/2020,Fairfax,Black,1169,203,56
08/08/2020,"Eastern Shore",Latino,254,10,3
08/08/2020,Norfolk,White,525,33,9
08/08/2020,Alleghany,"Two or more races",2,0,0
08/08/2020,"Mount Rogers","Two or more races",4,0,0
08/08/2020,Southside,White,165,26,17
08/08/2020,"Thomas Jefferson","Two or more races",22,0,0
08/08/2020,"Prince William",Black,1007,151,44
08/08/2020,"Lord Fairfax",White,1415,159,65
08/08/2020,"Cumberland Plateau",Latino,2,0,0
08/08/2020,Arlington,"Not Reported",311,5,0
08/08/2020,Rappahannock,"Other Race",61,4,0
08/08/2020,"Rappahannock Rapidan",Black,139,22,6
08/08/2020,"New River","Two or more races",3,0,0
08/08/2020,Arlington,Latino,1373,212,23
08/08/2020,Henrico,White,936,96,90
08/08/2020,Loudoun,White,1148,107,83
08/08/2020,Hampton,White,151,9,1
08/08/2020,Alleghany,Black,33,4,1
08/08/2020,"Prince William",White,1260,154,81
08/08/2020,Rappahannock,White,829,93,35
08/08/2020,Portsmouth,"Two or more races",8,2,1
08/08/2020,Southside,"Other Race",8,0,1
08/08/2020,"Western Tidewater",Black,914,78,36
08/08/2020,Hampton,Latino,47,4,0
08/08/2020,Henrico,"Not Reported",752,3,4
08/08/2020,"West Piedmont","Two or more races",0,0,0
08/08/2020,Peninsula,"Not Reported",1170,2,0
08/08/2020,Loudoun,Latino,1552,158,14
08/08/2020,Alexandria,Black,554,79,14
08/08/2020,Piedmont,Black,423,57,14
08/08/2020,Roanoke,"Other Race",7,0,0
08/08/2020,"Western Tidewater",Latino,22,1,1
08/08/2020,Alexandria,"Two or more races",10,1,0
08/08/2020,Rappahannock,"Not Reported",1045,28,0
08/08/2020,"West Piedmont","Other Race",5,1,1
08/08/2020,Chickahominy,White,463,83,32
08/08/2020,"Thomas Jefferson",Latino,562,25,2
08/08/2020,"Cumberland Plateau",Black,18,0,0
08/08/2020,"Lord Fairfax",Latino,627,40,8
08/08/2020,"West Piedmont",Latino,197,7,0
08/08/2020,"Cumberland Plateau",White,311,25,3
08/08/2020,"Eastern Shore","Other Race",13,1,0
08/08/2020,"Cumberland Plateau","Two or more races",4,0,0
08/08/2020,Piedmont,"Other Race",9,0,0
08/08/2020,Pittsylvania-Danville,"Two or more races",0,0,0
08/08/2020,Alexandria,Latino,1498,124,9
08/08/2020,Chesapeake,Black,1054,127,11
08/08/2020,Richmond,"Other Race",99,6,2
08/08/2020,Henrico,Latino,737,52,7
08/08/2020,Piedmont,"Two or more races",4,2,0
08/08/2020,"Prince William","Other Race",306,14,0
08/08/2020,"New River","Not Reported",73,2,0
08/08/2020,"Rappahannock Rapidan",White,525,42,13
08/08/2020,"Central Virginia","Not Reported",943,7,0
08/08/2020,"Virginia Beach","Two or more races",38,2,0
08/08/2020,Fairfax,Latino,8356,928,75
08/08/2020,"Lord Fairfax",Black,110,12,6
08/08/2020,Pittsylvania-Danville,White,166,24,4
08/08/2020,Chesterfield,"Asian or Pacific Islander",43,2,0
08/08/2020,Crater,"Asian or Pacific Islander",12,0,0
08/08/2020,Fairfax,"Asian or Pacific Islander",1338,243,71
08/08/2020,Hampton,"Asian or Pacific Islander",10,0,0
08/08/2020,"Rappahannock Rapidan","Asian or Pacific Islander",6,1,0
08/08/2020,"New River","Asian or Pacific Islander",7,0,0
08/08/2020,"Mount Rogers","Asian or Pacific Islander",3,1,0
08/08/2020,"Central Virginia","Asian or Pacific Islander",7,0,0
08/08/2020,"Lord Fairfax","Asian or Pacific Islander",8,0,0
08/08/2020,Southside,"Asian or Pacific Islander",1,0,0
08/08/2020,Portsmouth,"Asian or Pacific Islander",12,2,0
08/08/2020,Alleghany,"Asian or Pacific Islander",5,0,0
08/08/2020,Roanoke,"Asian or Pacific Islander",9,0,0
08/08/2020,Richmond,"Asian or Pacific Islander",18,3,1
08/08/2020,"Thomas Jefferson","Asian or Pacific Islander",33,0,1
08/08/2020,"Virginia Beach","Asian or Pacific Islander",177,20,2
08/08/2020,Henrico,"Asian or Pacific Islander",141,8,3
08/08/2020,Piedmont,"Asian or Pacific Islander",7,0,0
08/08/2020,"Western Tidewater","Asian or Pacific Islander",12,2,0
08/08/2020,"West Piedmont","Asian or Pacific Islander",12,1,1
08/08/2020,Chickahominy,"Asian or Pacific Islander",8,1,0
08/08/2020,Peninsula,"Asian or Pacific Islander",26,4,3
08/08/2020,Norfolk,"Asian or Pacific Islander",37,2,0
08/08/2020,Loudoun,"Asian or Pacific Islander",261,42,11
08/08/2020,Arlington,"Asian or Pacific Islander",139,22,12
08/08/2020,Alexandria,"Asian or Pacific Islander",102,10,1
08/08/2020,Rappahannock,"Asian or Pacific Islander",53,9,1
08/08/2020,Chesapeake,"Asian or Pacific Islander",44,8,4
08/08/2020,"Cumberland Plateau and Lenowisco","Asian or Pacific Islander",1,0,0
08/08/2020,"Central Shenandoah","Asian or Pacific Islander",22,2,0
08/08/2020,"Prince William","Asian or Pacific Islander",351,46,15
08/08/2020,Pittsylvania-Danville,"Asian or Pacific Islander",3,0,0
08/08/2020,"Eastern Shore and Three Rivers","Asian or Pacific Islander",8,1,0
08/08/2020,Piedmont,"Native American",1,0,0
08/08/2020,"New River","Native American",0,0,0
08/08/2020,"Central Shenandoah","Native American",3,1,0
08/08/2020,"Eastern Shore and Three Rivers","Native American",1,0,0
08/08/2020,Fairfax,"Native American",31,1,1
08/08/2020,Chesapeake,"Native American",9,0,0
08/08/2020,"Western Tidewater","Native American",1,0,0
08/08/2020,Portsmouth,"Native American",2,1,0
08/08/2020,Richmond,"Native American",0,0,0
08/08/2020,Chickahominy,"Native American",4,1,0
08/08/2020,"Thomas Jefferson","Native American",2,0,0
08/08/2020,Arlington,"Native American",3,0,0
08/08/2020,"Virginia Beach","Native American",3,0,0
08/08/2020,Peninsula,"Native American",3,0,0
08/08/2020,Hampton,"Native American",1,0,0
08/08/2020,"West Piedmont","Native American",3,0,0
08/08/2020,"Cumberland Plateau, Lenowisco, and Mount Rogers","Native American",1,0,0
08/08/2020,Henrico,"Native American",7,0,0
08/08/2020,Norfolk,"Native American",4,0,0
08/08/2020,"Prince William","Native American",13,1,0
08/08/2020,"Central Virginia","Native American",1,0,0
08/08/2020,Chesterfield,"Native American",3,0,0
08/08/2020,Rappahannock,"Native American",3,0,0
08/08/2020,Loudoun,"Native American",2,0,0
08/08/2020,Alexandria,"Native American",2,0,0
08/08/2020,"Alleghany and Roanoke","Native American",0,0,0
08/08/2020,Crater,"Native American",5,0,0
08/08/2020,"Rappahannock Rapidan","Native American",1,0,0
08/08/2020,"Lord Fairfax","Native American",2,1,1
08/08/2020,"Pittsylvania-Danville and Southside","Native American",0,0,0
08/09/2020,"Rappahannock Rapidan","Not Reported",528,11,2
08/09/2020,Portsmouth,"Other Race",46,2,1
08/09/2020,"Western Tidewater","Two or more races",14,0,0
08/09/2020,Piedmont,White,403,48,17
08/09/2020,Chesterfield,Latino,1118,69,7
08/09/2020,Lenowisco,White,294,32,6
08/09/2020,Lenowisco,"Two or more races",1,0,0
08/09/2020,Hampton,"Not Reported",464,0,0
08/09/2020,Southside,"Not Reported",404,8,4
08/09/2020,Roanoke,Black,68,8,3
08/09/2020,Hampton,Black,505,35,6
08/09/2020,Alleghany,"Other Race",3,0,0
08/09/2020,Lenowisco,Latino,4,0,0
08/09/2020,Loudoun,"Other Race",134,11,2
08/09/2020,"Central Shenandoah",Latino,869,54,5
08/09/2020,"Rappahannock Rapidan",Latino,716,59,6
08/09/2020,"Eastern Shore",Black,832,95,26
08/09/2020,Norfolk,Latino,265,18,0
08/09/2020,Hampton,"Two or more races",12,0,0
08/09/2020,Richmond,Black,915,172,25
08/09/2020,Henrico,"Two or more races",22,1,0
08/09/2020,Fairfax,"Two or more races",52,5,0
08/09/2020,Alleghany,"Not Reported",491,2,0
08/09/2020,Portsmouth,"Not Reported",489,4,0
08/09/2020,"Cumberland Plateau","Other Race",1,1,0
08/09/2020,Southside,"Two or more races",23,0,0
08/09/2020,Portsmouth,White,211,13,5
08/09/2020,"Rappahannock Rapidan","Two or more races",20,2,0
08/09/2020,Fairfax,White,2830,443,289
08/09/2020,Fairfax,"Other Race",608,74,17
08/09/2020,Crater,"Two or more races",2,0,0
08/09/2020,"West Piedmont","Not Reported",244,24,0
08/09/2020,Henrico,"Other Race",87,11,0
08/09/2020,"Three Rivers",White,421,33,8
08/09/2020,"Central Virginia",Black,106,21,5
08/09/2020,Lenowisco,"Other Race",3,0,0
08/09/2020,"Three Rivers","Other Race",12,3,0
08/09/2020,"Western Tidewater",White,465,47,39
08/09/2020,"Mount Rogers",Black,41,6,2
08/09/2020,"Three Rivers","Not Reported",182,2,0
08/09/2020,"Thomas Jefferson",Black,365,58,11
08/09/2020,"Eastern Shore",White,206,21,16
08/09/2020,"Central Virginia",White,312,31,8
08/09/2020,Lenowisco,Black,5,1,0
08/09/2020,"Central Virginia","Two or more races",0,0,0
08/09/2020,Richmond,"Two or more races",7,0,0
08/09/2020,Crater,"Not Reported",527,8,4
08/09/2020,Chesterfield,"Two or more races",12,2,0
08/09/2020,"New River",Latino,73,4,0
08/09/2020,Richmond,Latino,1134,91,7
08/09/2020,Portsmouth,Latino,52,11,1
08/09/2020,Pittsylvania-Danville,"Not Reported",376,7,1
08/09/2020,Chesapeake,"Not Reported",751,5,0
08/09/2020,Chickahominy,Latino,71,4,0
08/09/2020,Crater,Black,1199,158,47
08/09/2020,Chesterfield,Black,681,90,25
08/09/2020,Chesterfield,"Other Race",181,7,0
08/09/2020,Peninsula,Black,731,60,16
08/09/2020,Roanoke,White,130,7,12
08/09/2020,"New River",Black,40,3,0
08/09/2020,Southside,Latino,4,0,0
08/09/2020,Peninsula,Latino,274,19,0
08/09/2020,Rappahannock,"Two or more races",21,2,0
08/09/2020,"Virginia Beach",Black,1245,71,11
08/09/2020,"Mount Rogers","Not Reported",73,1,1
08/09/2020,Loudoun,"Not Reported",1901,4,0
08/09/2020,Chesapeake,"Other Race",55,2,1
08/09/2020,Chickahominy,"Two or more races",1,1,0
08/09/2020,Crater,"Other Race",26,0,0
08/09/2020,Norfolk,"Two or more races",35,0,0
08/09/2020,"Eastern Shore","Two or more races",1,1,0
08/09/2020,"Central Shenandoah",White,1467,143,49
08/09/2020,"New River","Other Race",2,0,0
08/09/2020,"New River",White,346,24,8
08/09/2020,"Central Shenandoah","Other Race",40,1,0
08/09/2020,"West Piedmont",Black,257,51,5
08/09/2020,Alleghany,Latino,97,7,0
08/09/2020,"Central Shenandoah","Not Reported",222,3,1
08/09/2020,Roanoke,"Two or more races",2,1,0
08/09/2020,Peninsula,"Two or more races",28,2,0
08/09/2020,Richmond,"Not Reported",605,2,0
08/09/2020,Arlington,"Other Race",76,8,3
08/09/2020,Norfolk,"Not Reported",981,3,0
08/09/2020,Alexandria,"Other Race",50,6,2
08/09/2020,"Virginia Beach",White,1602,116,33
08/09/2020,Chesapeake,"Two or more races",24,1,1
08/09/2020,Alleghany,White,331,32,17
08/09/2020,"Rappahannock Rapidan","Other Race",26,1,0
08/09/2020,Chickahominy,"Not Reported",247,2,2
08/09/2020,Portsmouth,Black,939,98,17
08/09/2020,Chickahominy,"Other Race",12,2,0
08/09/2020,"Virginia Beach",Latino,282,18,3
08/09/2020,Chesapeake,White,762,69,19
08/09/2020,Southside,Black,222,34,13
08/09/2020,Rappahannock,Latino,1065,99,8
08/09/2020,"Three Rivers","Two or more races",4,0,0
08/09/2020,Henrico,Black,1174,164,80
08/09/2020,Pittsylvania-Danville,Black,277,42,4
08/09/2020,"Lord Fairfax","Two or more races",11,0,0
08/09/2020,"Prince William",Latino,4960,581,65
08/09/2020,"Mount Rogers","Other Race",7,2,1
08/09/2020,"Central Shenandoah",Black,140,9,4
08/09/2020,Peninsula,White,628,77,25
08/09/2020,"Eastern Shore","Not Reported",86,0,0
08/09/2020,"Thomas Jefferson","Other Race",117,3,0
08/09/2020,Hampton,"Other Race",30,2,0
08/09/2020,"Lord Fairfax","Not Reported",316,4,6
08/09/2020,"Central Virginia","Other Race",9,0,0
08/09/2020,"Western Tidewater","Other Race",41,1,1
08/09/2020,Crater,Latino,167,9,4
08/09/2020,Chesapeake,Latino,200,15,1
08/09/2020,Chesterfield,White,821,86,64
08/09/2020,"Western Tidewater","Not Reported",634,3,1
08/09/2020,Fairfax,"Not Reported",2084,57,33
08/09/2020,Arlington,Black,290,71,32
08/09/2020,"Central Virginia",Latino,26,3,1
08/09/2020,Alexandria,"Not Reported",184,6,1
08/09/2020,"Three Rivers",Black,319,28,7
08/09/2020,"Prince William","Two or more races",31,1,0
08/09/2020,Loudoun,"Two or more races",32,0,0
08/09/2020,Peninsula,"Other Race",100,3,0
08/09/2020,"Thomas Jefferson",White,701,57,30
08/09/2020,Norfolk,"Other Race",62,2,1
08/09/2020,"Prince William","Not Reported",3696,24,0
08/09/2020,"West Piedmont",White,408,56,8
08/09/2020,Rappahannock,Black,521,66,12
08/09/2020,Norfolk,Black,1792,135,20
08/09/2020,Roanoke,Latino,245,7,0
08/09/2020,Piedmont,Latino,68,6,1
08/09/2020,Roanoke,"Not Reported",556,1,0
08/09/2020,"Virginia Beach","Other Race",75,2,0
08/09/2020,Arlington,"Two or more races",22,2,0
08/09/2020,Alexandria,White,553,52,33
08/09/2020,"Lord Fairfax","Other Race",60,6,1
08/09/2020,"Thomas Jefferson","Not Reported",154,1,0
08/09/2020,"Virginia Beach","Not Reported",1549,9,5
08/09/2020,Loudoun,Black,233,27,5
08/09/2020,Pittsylvania-Danville,Latino,48,3,0
08/09/2020,"Cumberland Plateau","Not Reported",10,0,0
08/09/2020,Chesterfield,"Not Reported",1847,3,9
08/09/2020,"Mount Rogers",White,1038,113,49
08/09/2020,Richmond,White,386,28,6
08/09/2020,Lenowisco,"Not Reported",46,3,1
08/09/2020,"Three Rivers",Latino,144,5,1
08/09/2020,Piedmont,"Not Reported",553,11,2
08/09/2020,"Mount Rogers",Latino,261,5,0
08/09/2020,"Central Shenandoah","Two or more races",12,1,0
08/09/2020,Crater,White,463,43,15
08/09/2020,Arlington,White,856,117,65
08/09/2020,Pittsylvania-Danville,"Other Race",0,0,0
08/09/2020,Chickahominy,Black,179,39,11
08/09/2020,Fairfax,Black,1180,203,56
08/09/2020,"Eastern Shore",Latino,254,10,3
08/09/2020,Norfolk,White,526,34,10
08/09/2020,"Mount Rogers","Two or more races",4,0,0
08/09/2020,Alleghany,"Two or more races",2,0,0
08/09/2020,Southside,White,165,26,17
08/09/2020,"Thomas Jefferson","Two or more races",23,0,0
08/09/2020,"Prince William",Black,1017,151,44
08/09/2020,"Lord Fairfax",White,1433,159,66
08/09/2020,"Cumberland Plateau",Latino,2,0,0
08/09/2020,Arlington,"Not Reported",314,5,0
08/09/2020,Rappahannock,"Other Race",61,4,0
08/09/2020,"Rappahannock Rapidan",Black,142,22,6
08/09/2020,"New River","Two or more races",3,0,0
08/09/2020,Arlington,Latino,1377,212,23
08/09/2020,Henrico,White,943,96,91
08/09/2020,Loudoun,White,1153,107,83
08/09/2020,Hampton,White,157,9,1
08/09/2020,Alleghany,Black,34,4,1
08/09/2020,"Prince William",White,1275,156,81
08/09/2020,Rappahannock,White,842,94,36
08/09/2020,Southside,"Other Race",8,0,1
08/09/2020,Portsmouth,"Two or more races",8,2,1
08/09/2020,"Western Tidewater",Black,928,78,36
08/09/2020,Hampton,Latino,49,4,0
08/09/2020,Henrico,"Not Reported",755,3,4
08/09/2020,"West Piedmont","Two or more races",0,0,0
08/09/2020,Peninsula,"Not Reported",1180,2,0
08/09/2020,Loudoun,Latino,1561,158,14
08/09/2020,Alexandria,Black,559,79,14
08/09/2020,Piedmont,Black,423,57,14
08/09/2020,Roanoke,"Other Race",7,0,0
08/09/2020,Alexandria,"Two or more races",10,1,0
08/09/2020,"Western Tidewater",Latino,22,1,1
08/09/2020,Rappahannock,"Not Reported",1049,28,0
08/09/2020,"West Piedmont","Other Race",5,1,1
08/09/2020,Chickahominy,White,465,83,32
08/09/2020,"Thomas Jefferson",Latino,570,25,2
08/09/2020,"Cumberland Plateau",Black,18,0,0
08/09/2020,"Lord Fairfax",Latino,628,40,8
08/09/2020,"West Piedmont",Latino,197,7,0
08/09/2020,"Cumberland Plateau",White,317,25,3
08/09/2020,"Eastern Shore","Other Race",13,1,0
08/09/2020,"Cumberland Plateau","Two or more races",4,0,0
08/09/2020,Pittsylvania-Danville,"Two or more races",0,0,0
08/09/2020,Piedmont,"Other Race",9,0,0
08/09/2020,Alexandria,Latino,1503,124,9
08/09/2020,Chesapeake,Black,1067,130,11
08/09/2020,Richmond,"Other Race",100,6,2
08/09/2020,Henrico,Latino,742,52,7
08/09/2020,Piedmont,"Two or more races",4,2,0
08/09/2020,"Prince William","Other Race",310,14,0
08/09/2020,"New River","Not Reported",75,2,0
08/09/2020,"Rappahannock Rapidan",White,525,42,13
08/09/2020,"Central Virginia","Not Reported",988,7,0
08/09/2020,"Virginia Beach","Two or more races",38,2,0
08/09/2020,Pittsylvania-Danville,White,188,25,4
08/09/2020,"Lord Fairfax",Black,110,12,6
08/09/2020,Fairfax,Latino,8390,931,75
08/09/2020,Chesterfield,"Asian or Pacific Islander",43,2,0
08/09/2020,Crater,"Asian or Pacific Islander",12,0,0
08/09/2020,Fairfax,"Asian or Pacific Islander",1349,243,71
08/09/2020,Hampton,"Asian or Pacific Islander",10,0,0
08/09/2020,"Rappahannock Rapidan","Asian or Pacific Islander",6,1,0
08/09/2020,"Mount Rogers","Asian or Pacific Islander",3,1,0
08/09/2020,"New River","Asian or Pacific Islander",7,0,0
08/09/2020,"Central Virginia","Asian or Pacific Islander",7,0,0
08/09/2020,"Lord Fairfax","Asian or Pacific Islander",8,0,0
08/09/2020,Southside,"Asian or Pacific Islander",1,0,0
08/09/2020,Alleghany,"Asian or Pacific Islander",5,0,0
08/09/2020,Portsmouth,"Asian or Pacific Islander",12,2,0
08/09/2020,Roanoke,"Asian or Pacific Islander",9,0,0
08/09/2020,Richmond,"Asian or Pacific Islander",18,3,1
08/09/2020,"Thomas Jefferson","Asian or Pacific Islander",33,0,1
08/09/2020,"Virginia Beach","Asian or Pacific Islander",179,20,2
08/09/2020,Henrico,"Asian or Pacific Islander",141,8,3
08/09/2020,Piedmont,"Asian or Pacific Islander",6,0,0
08/09/2020,"Western Tidewater","Asian or Pacific Islander",12,2,0
08/09/2020,"West Piedmont","Asian or Pacific Islander",12,1,1
08/09/2020,Chickahominy,"Asian or Pacific Islander",8,1,0
08/09/2020,Peninsula,"Asian or Pacific Islander",27,4,3
08/09/2020,Norfolk,"Asian or Pacific Islander",38,2,0
08/09/2020,Arlington,"Asian or Pacific Islander",139,22,12
08/09/2020,Loudoun,"Asian or Pacific Islander",264,42,11
08/09/2020,Alexandria,"Asian or Pacific Islander",103,10,1
08/09/2020,Rappahannock,"Asian or Pacific Islander",53,9,1
08/09/2020,Chesapeake,"Asian or Pacific Islander",44,8,4
08/09/2020,"Cumberland Plateau and Lenowisco","Asian or Pacific Islander",1,0,0
08/09/2020,"Central Shenandoah","Asian or Pacific Islander",22,2,0
08/09/2020,"Prince William","Asian or Pacific Islander",355,46,15
08/09/2020,Pittsylvania-Danville,"Asian or Pacific Islander",3,0,0
08/09/2020,"Eastern Shore and Three Rivers","Asian or Pacific Islander",8,1,0
08/09/2020,Piedmont,"Native American",1,0,0
08/09/2020,"New River","Native American",0,0,0
08/09/2020,"Central Shenandoah","Native American",3,1,0
08/09/2020,"Eastern Shore and Three Rivers","Native American",1,0,0
08/09/2020,Fairfax,"Native American",31,1,1
08/09/2020,Chesapeake,"Native American",9,0,0
08/09/2020,"Western Tidewater","Native American",1,0,0
08/09/2020,Portsmouth,"Native American",2,1,0
08/09/2020,Richmond,"Native American",0,0,0
08/09/2020,Chickahominy,"Native American",4,1,0
08/09/2020,"Thomas Jefferson","Native American",2,0,0
08/09/2020,Arlington,"Native American",3,0,0
08/09/2020,"Virginia Beach","Native American",3,0,0
08/09/2020,Peninsula,"Native American",3,0,0
08/09/2020,Hampton,"Native American",1,0,0
08/09/2020,"West Piedmont","Native American",3,0,0
08/09/2020,"Cumberland Plateau, Lenowisco, and Mount Rogers","Native American",1,0,0
08/09/2020,Henrico,"Native American",7,0,0
08/09/2020,Norfolk,"Native American",4,0,0
08/09/2020,"Prince William","Native American",13,1,0
08/09/2020,"Central Virginia","Native American",1,0,0
08/09/2020,Chesterfield,"Native American",3,0,0
08/09/2020,Rappahannock,"Native American",3,0,0
08/09/2020,Loudoun,"Native American",2,0,0
08/09/2020,Alexandria,"Native American",2,0,0
08/09/2020,"Alleghany and Roanoke","Native American",0,0,0
08/09/2020,Crater,"Native American",5,0,0
08/09/2020,"Rappahannock Rapidan","Native American",1,0,0
08/09/2020,"Lord Fairfax","Native American",2,1,1
08/09/2020,"Pittsylvania-Danville and Southside","Native American",0,0,0
08/10/2020,"Rappahannock Rapidan","Not Reported",530,11,2
08/10/2020,Portsmouth,"Other Race",50,2,1
08/10/2020,"Western Tidewater","Two or more races",14,0,0
08/10/2020,Piedmont,White,403,48,17
08/10/2020,Chesterfield,Latino,1124,71,7
08/10/2020,Lenowisco,White,312,33,6
08/10/2020,Lenowisco,"Two or more races",1,0,0
08/10/2020,Hampton,"Not Reported",472,0,0
08/10/2020,Southside,"Not Reported",405,8,4
08/10/2020,Roanoke,Black,69,8,3
08/10/2020,Hampton,Black,510,36,6
08/10/2020,Alleghany,"Other Race",3,1,0
08/10/2020,Lenowisco,Latino,4,0,0
08/10/2020,Loudoun,"Other Race",135,11,2
08/10/2020,"Central Shenandoah",Latino,869,54,5
08/10/2020,"Rappahannock Rapidan",Latino,719,59,6
08/10/2020,"Eastern Shore",Black,832,95,26
08/10/2020,Norfolk,Latino,266,18,0
08/10/2020,Hampton,"Two or more races",12,0,0
08/10/2020,Richmond,Black,930,173,25
08/10/2020,Henrico,"Two or more races",22,1,0
08/10/2020,Fairfax,"Two or more races",52,5,0
08/10/2020,Alleghany,"Not Reported",488,2,0
08/10/2020,Portsmouth,"Not Reported",500,4,0
08/10/2020,"Cumberland Plateau","Other Race",1,1,0
08/10/2020,Southside,"Two or more races",23,0,0
08/10/2020,Portsmouth,White,212,13,5
08/10/2020,"Rappahannock Rapidan","Two or more races",20,2,0
08/10/2020,Fairfax,White,2842,443,289
08/10/2020,Fairfax,"Other Race",619,74,17
08/10/2020,Crater,"Two or more races",2,0,0
08/10/2020,"West Piedmont","Not Reported",245,24,0
08/10/2020,Henrico,"Other Race",88,11,0
08/10/2020,"Three Rivers",White,430,33,8
08/10/2020,"Central Virginia",Black,106,21,5
08/10/2020,Lenowisco,"Other Race",5,0,0
08/10/2020,"Three Rivers","Other Race",12,3,0
08/10/2020,"Western Tidewater",White,468,47,39
08/10/2020,"Mount Rogers",Black,41,6,2
08/10/2020,"Three Rivers","Not Reported",183,2,0
08/10/2020,"Thomas Jefferson",Black,366,58,11
08/10/2020,"Eastern Shore",White,208,21,16
08/10/2020,"Central Virginia",White,313,31,8
08/10/2020,Lenowisco,Black,5,1,0
08/10/2020,"Central Virginia","Two or more races",0,0,0
08/10/2020,Richmond,"Two or more races",7,0,0
08/10/2020,Crater,"Not Reported",536,8,4
08/10/2020,Chesterfield,"Two or more races",12,2,0
08/10/2020,"New River",Latino,73,4,0
08/10/2020,Richmond,Latino,1140,92,7
08/10/2020,Portsmouth,Latino,52,11,1
08/10/2020,Pittsylvania-Danville,"Not Reported",385,7,1
08/10/2020,Chesapeake,"Not Reported",769,5,0
08/10/2020,Chickahominy,Latino,71,4,0
08/10/2020,Crater,Black,1214,159,47
08/10/2020,Chesterfield,Black,681,90,25
08/10/2020,Chesterfield,"Other Race",181,7,0
08/10/2020,Peninsula,Black,739,60,16
08/10/2020,Roanoke,White,134,7,12
08/10/2020,"New River",Black,40,3,0
08/10/2020,Southside,Latino,5,0,0
08/10/2020,Peninsula,Latino,275,19,0
08/10/2020,Rappahannock,"Two or more races",21,2,0
08/10/2020,"Virginia Beach",Black,1266,73,11
08/10/2020,"Mount Rogers","Not Reported",73,1,1
08/10/2020,Loudoun,"Not Reported",1912,4,0
08/10/2020,Chesapeake,"Other Race",58,2,1
08/10/2020,Chickahominy,"Two or more races",1,1,0
08/10/2020,Crater,"Other Race",26,0,0
08/10/2020,Norfolk,"Two or more races",34,0,0
08/10/2020,"Eastern Shore","Two or more races",1,1,0
08/10/2020,"Central Shenandoah",White,1475,144,49
08/10/2020,"New River","Other Race",2,0,0
08/10/2020,"New River",White,347,24,8
08/10/2020,"Central Shenandoah","Other Race",41,1,0
08/10/2020,"West Piedmont",Black,263,52,5
08/10/2020,Alleghany,Latino,97,7,0
08/10/2020,"Central Shenandoah","Not Reported",231,3,1
08/10/2020,Roanoke,"Two or more races",2,1,0
08/10/2020,Peninsula,"Two or more races",29,2,0
08/10/2020,Richmond,"Not Reported",602,2,0
08/10/2020,Arlington,"Other Race",77,8,3
08/10/2020,Norfolk,"Not Reported",975,3,0
08/10/2020,Alexandria,"Other Race",51,6,2
08/10/2020,"Virginia Beach",White,1630,118,33
08/10/2020,Chesapeake,"Two or more races",24,1,1
08/10/2020,Alleghany,White,333,33,17
08/10/2020,"Rappahannock Rapidan","Other Race",26,1,0
08/10/2020,Chickahominy,"Not Reported",249,2,2
08/10/2020,Portsmouth,Black,952,98,17
08/10/2020,Chickahominy,"Other Race",13,2,0
08/10/2020,"Virginia Beach",Latino,287,18,3
08/10/2020,Chesapeake,White,767,69,19
08/10/2020,Southside,Black,223,34,13
08/10/2020,Rappahannock,Latino,1069,99,8
08/10/2020,"Three Rivers","Two or more races",4,0,0
08/10/2020,Henrico,Black,1189,164,80
08/10/2020,Pittsylvania-Danville,Black,279,42,4
08/10/2020,"Lord Fairfax","Two or more races",11,0,0
08/10/2020,"Prince William",Latino,4969,581,65
08/10/2020,"Mount Rogers","Other Race",7,2,1
08/10/2020,"Central Shenandoah",Black,140,9,4
08/10/2020,Peninsula,White,640,77,25
08/10/2020,"Eastern Shore","Not Reported",86,0,0
08/10/2020,"Thomas Jefferson","Other Race",117,3,0
08/10/2020,Hampton,"Other Race",31,2,0
08/10/2020,"Lord Fairfax","Not Reported",316,4,6
08/10/2020,"Central Virginia","Other Race",9,0,0
08/10/2020,"Western Tidewater","Other Race",41,1,1
08/10/2020,Crater,Latino,167,9,4
08/10/2020,Chesapeake,Latino,201,15,1
08/10/2020,Chesterfield,White,824,86,64
08/10/2020,"Western Tidewater","Not Reported",635,3,1
08/10/2020,Fairfax,"Not Reported",2103,58,33
08/10/2020,Arlington,Black,296,71,32
08/10/2020,"Central Virginia",Latino,26,3,1
08/10/2020,Alexandria,"Not Reported",186,6,1
08/10/2020,"Three Rivers",Black,324,28,7
08/10/2020,"Prince William","Two or more races",30,1,0
08/10/2020,Loudoun,"Two or more races",32,0,0
08/10/2020,Peninsula,"Other Race",101,3,0
08/10/2020,"Thomas Jefferson",White,704,58,30
08/10/2020,Norfolk,"Other Race",62,2,1
08/10/2020,"Prince William","Not Reported",3708,24,0
08/10/2020,"West Piedmont",White,411,56,8
08/10/2020,Rappahannock,Black,527,66,12
08/10/2020,Norfolk,Black,1795,136,21
08/10/2020,Roanoke,Latino,245,7,0
08/10/2020,Piedmont,Latino,68,6,1
08/10/2020,Roanoke,"Not Reported",547,1,0
08/10/2020,"Virginia Beach","Other Race",75,2,0
08/10/2020,Arlington,"Two or more races",22,2,0
08/10/2020,Alexandria,White,554,52,33
08/10/2020,"Lord Fairfax","Other Race",60,6,1
08/10/2020,"Thomas Jefferson","Not Reported",156,1,0
08/10/2020,"Virginia Beach","Not Reported",1567,9,5
08/10/2020,Loudoun,Black,237,27,5
08/10/2020,Pittsylvania-Danville,Latino,49,3,0
08/10/2020,"Cumberland Plateau","Not Reported",11,0,0
08/10/2020,Chesterfield,"Not Reported",1846,3,9
08/10/2020,"Mount Rogers",White,1045,113,49
08/10/2020,Richmond,White,393,28,6
08/10/2020,Lenowisco,"Not Reported",55,3,1
08/10/2020,"Three Rivers",Latino,144,5,1
08/10/2020,Piedmont,"Not Reported",553,11,2
08/10/2020,"Mount Rogers",Latino,262,5,0
08/10/2020,"Central Shenandoah","Two or more races",12,1,0
08/10/2020,Crater,White,466,43,15
08/10/2020,Arlington,White,857,117,65
08/10/2020,Pittsylvania-Danville,"Other Race",0,0,0
08/10/2020,Chickahominy,Black,180,39,11
08/10/2020,Fairfax,Black,1193,203,56
08/10/2020,"Eastern Shore",Latino,254,10,3
08/10/2020,Norfolk,White,528,34,10
08/10/2020,"Mount Rogers","Two or more races",4,0,0
08/10/2020,Alleghany,"Two or more races",3,0,0
08/10/2020,Southside,White,167,26,17
08/10/2020,"Thomas Jefferson","Two or more races",23,0,0
08/10/2020,"Prince William",Black,1023,152,44
08/10/2020,"Lord Fairfax",White,1433,159,66
08/10/2020,"Cumberland Plateau",Latino,2,0,0
08/10/2020,Arlington,"Not Reported",320,5,0
08/10/2020,Rappahannock,"Other Race",62,4,0
08/10/2020,"Rappahannock Rapidan",Black,142,22,6
08/10/2020,"New River","Two or more races",3,0,0
08/10/2020,Arlington,Latino,1377,212,23
08/10/2020,Henrico,White,949,97,91
08/10/2020,Loudoun,White,1158,107,83
08/10/2020,Hampton,White,160,9,1
08/10/2020,Alleghany,Black,34,4,1
08/10/2020,"Prince William",White,1283,156,81
08/10/2020,Rappahannock,White,851,94,36
08/10/2020,Southside,"Other Race",8,0,1
08/10/2020,Portsmouth,"Two or more races",8,2,1
08/10/2020,"Western Tidewater",Black,940,78,36
08/10/2020,Hampton,Latino,49,4,0
08/10/2020,Henrico,"Not Reported",762,3,4
08/10/2020,"West Piedmont","Two or more races",0,0,0
08/10/2020,Peninsula,"Not Reported",1189,2,0
08/10/2020,Loudoun,Latino,1566,158,14
08/10/2020,Alexandria,Black,563,79,14
08/10/2020,Piedmont,Black,423,57,14
08/10/2020,Roanoke,"Other Race",9,0,0
08/10/2020,Alexandria,"Two or more races",10,1,0
08/10/2020,"Western Tidewater",Latino,22,1,1
08/10/2020,Rappahannock,"Not Reported",1063,28,0
08/10/2020,"West Piedmont","Other Race",5,1,1
08/10/2020,Chickahominy,White,472,83,32
08/10/2020,"Thomas Jefferson",Latino,575,25,2
08/10/2020,"Cumberland Plateau",Black,18,0,0
08/10/2020,"Lord Fairfax",Latino,629,40,8
08/10/2020,"West Piedmont",Latino,197,7,0
08/10/2020,"Cumberland Plateau",White,333,25,3
08/10/2020,"Eastern Shore","Other Race",13,1,0
08/10/2020,"Cumberland Plateau","Two or more races",4,0,0
08/10/2020,Pittsylvania-Danville,"Two or more races",0,0,0
08/10/2020,Piedmont,"Other Race",9,0,0
08/10/2020,Alexandria,Latino,1507,124,9
08/10/2020,Chesapeake,Black,1077,130,11
08/10/2020,Richmond,"Other Race",100,6,2
08/10/2020,Henrico,Latino,746,52,7
08/10/2020,Piedmont,"Two or more races",4,2,0
08/10/2020,"Prince William","Other Race",311,14,0
08/10/2020,"New River","Not Reported",75,2,0
08/10/2020,"Rappahannock Rapidan",White,527,42,13
08/10/2020,"Central Virginia","Not Reported",1002,7,0
08/10/2020,"Virginia Beach","Two or more races",38,2,0
08/10/2020,Pittsylvania-Danville,White,188,25,4
08/10/2020,"Lord Fairfax",Black,110,12,6
08/10/2020,Fairfax,Latino,8405,932,75
08/10/2020,Chesterfield,"Asian or Pacific Islander",43,2,0
08/10/2020,Crater,"Asian or Pacific Islander",13,0,0
08/10/2020,Fairfax,"Asian or Pacific Islander",1351,243,71
08/10/2020,Hampton,"Asian or Pacific Islander",10,0,0
08/10/2020,"Rappahannock Rapidan","Asian or Pacific Islander",6,1,0
08/10/2020,"Mount Rogers","Asian or Pacific Islander",3,1,0
08/10/2020,"New River","Asian or Pacific Islander",7,0,0
08/10/2020,"Central Virginia","Asian or Pacific Islander",7,0,0
08/10/2020,"Lord Fairfax","Asian or Pacific Islander",8,0,0
08/10/2020,Southside,"Asian or Pacific Islander",1,0,0
08/10/2020,Alleghany,"Asian or Pacific Islander",6,0,0
08/10/2020,Portsmouth,"Asian or Pacific Islander",12,2,0
08/10/2020,Roanoke,"Asian or Pacific Islander",9,0,0
08/10/2020,Richmond,"Asian or Pacific Islander",18,3,1
08/10/2020,"Thomas Jefferson","Asian or Pacific Islander",33,0,1
08/10/2020,"Virginia Beach","Asian or Pacific Islander",184,20,2
08/10/2020,Henrico,"Asian or Pacific Islander",141,8,3
08/10/2020,Piedmont,"Asian or Pacific Islander",6,0,0
08/10/2020,"Western Tidewater","Asian or Pacific Islander",12,2,0
08/10/2020,"West Piedmont","Asian or Pacific Islander",12,1,1
08/10/2020,Chickahominy,"Asian or Pacific Islander",8,1,0
08/10/2020,Peninsula,"Asian or Pacific Islander",32,4,3
08/10/2020,Norfolk,"Asian or Pacific Islander",38,2,0
08/10/2020,Arlington,"Asian or Pacific Islander",139,22,12
08/10/2020,Loudoun,"Asian or Pacific Islander",264,42,11
08/10/2020,Alexandria,"Asian or Pacific Islander",103,10,1
08/10/2020,Rappahannock,"Asian or Pacific Islander",53,9,1
08/10/2020,Chesapeake,"Asian or Pacific Islander",44,8,4
08/10/2020,"Cumberland Plateau and Lenowisco","Asian or Pacific Islander",1,0,0
08/10/2020,"Central Shenandoah","Asian or Pacific Islander",22,2,0
08/10/2020,"Prince William","Asian or Pacific Islander",355,46,15
08/10/2020,Pittsylvania-Danville,"Asian or Pacific Islander",3,0,0
08/10/2020,"Eastern Shore and Three Rivers","Asian or Pacific Islander",8,1,0
08/10/2020,Piedmont,"Native American",1,0,0
08/10/2020,"New River","Native American",0,0,0
08/10/2020,"Central Shenandoah","Native American",3,1,0
08/10/2020,"Eastern Shore and Three Rivers","Native American",1,0,0
08/10/2020,Fairfax,"Native American",31,1,1
08/10/2020,Chesapeake,"Native American",9,0,0
08/10/2020,"Western Tidewater","Native American",1,0,0
08/10/2020,Portsmouth,"Native American",2,1,0
08/10/2020,Richmond,"Native American",0,0,0
08/10/2020,Chickahominy,"Native American",4,1,0
08/10/2020,"Thomas Jefferson","Native American",2,0,0
08/10/2020,Arlington,"Native American",3,0,0
08/10/2020,"Virginia Beach","Native American",3,0,0
08/10/2020,Peninsula,"Native American",4,1,0
08/10/2020,Hampton,"Native American",1,0,0
08/10/2020,"West Piedmont","Native American",3,0,0
08/10/2020,"Cumberland Plateau, Lenowisco, and Mount Rogers","Native American",1,0,0
08/10/2020,Henrico,"Native American",7,0,0
08/10/2020,Norfolk,"Native American",5,0,0
08/10/2020,"Prince William","Native American",14,1,0
08/10/2020,"Central Virginia","Native American",1,0,0
08/10/2020,Chesterfield,"Native American",3,0,0
08/10/2020,Rappahannock,"Native American",3,0,0
08/10/2020,Loudoun,"Native American",2,0,0
08/10/2020,Alexandria,"Native American",2,0,0
08/10/2020,"Alleghany and Roanoke","Native American",0,0,0
08/10/2020,Crater,"Native American",5,0,0
08/10/2020,"Rappahannock Rapidan","Native American",1,0,0
08/10/2020,"Lord Fairfax","Native American",2,1,1
08/10/2020,"Pittsylvania-Danville and Southside","Native American",0,0,0
08/11/2020,"Rappahannock Rapidan","Not Reported",532,11,2
08/11/2020,Portsmouth,"Other Race",53,2,1
08/11/2020,"Western Tidewater","Two or more races",15,0,0
08/11/2020,Piedmont,White,407,48,18
08/11/2020,Chesterfield,Latino,1139,73,7
08/11/2020,Lenowisco,White,349,38,6
08/11/2020,Lenowisco,"Two or more races",2,0,0
08/11/2020,Hampton,"Not Reported",474,0,0
08/11/2020,Southside,"Not Reported",411,8,4
08/11/2020,Roanoke,Black,72,8,3
08/11/2020,Hampton,Black,516,36,6
08/11/2020,Alleghany,"Other Race",3,1,0
08/11/2020,Lenowisco,Latino,4,0,0
08/11/2020,Loudoun,"Other Race",138,11,2
08/11/2020,"Central Shenandoah",Latino,877,54,5
08/11/2020,"Rappahannock Rapidan",Latino,721,59,6
08/11/2020,"Eastern Shore",Black,833,95,26
08/11/2020,Norfolk,Latino,270,18,0
08/11/2020,Hampton,"Two or more races",12,0,0
08/11/2020,Richmond,Black,952,175,25
08/11/2020,Henrico,"Two or more races",23,1,0
08/11/2020,Fairfax,"Two or more races",52,5,0
08/11/2020,Alleghany,"Not Reported",477,2,0
08/11/2020,Portsmouth,"Not Reported",513,4,0
08/11/2020,"Cumberland Plateau","Other Race",1,1,0
08/11/2020,Southside,"Two or more races",23,0,0
08/11/2020,Portsmouth,White,215,13,5
08/11/2020,"Rappahannock Rapidan","Two or more races",20,2,0
08/11/2020,Fairfax,White,2867,443,290
08/11/2020,Fairfax,"Other Race",621,74,17
08/11/2020,Crater,"Two or more races",3,0,0
08/11/2020,"West Piedmont","Not Reported",245,25,0
08/11/2020,Henrico,"Other Race",91,11,0
08/11/2020,"Three Rivers",White,436,34,8
08/11/2020,"Central Virginia",Black,109,21,5
08/11/2020,Lenowisco,"Other Race",5,0,0
08/11/2020,"Three Rivers","Other Race",12,3,0
08/11/2020,"Western Tidewater",White,476,47,40
08/11/2020,"Mount Rogers",Black,41,6,2
08/11/2020,"Three Rivers","Not Reported",184,3,1
08/11/2020,"Thomas Jefferson",Black,374,58,11
08/11/2020,"Eastern Shore",White,212,21,16
08/11/2020,"Central Virginia",White,321,32,9
08/11/2020,Lenowisco,Black,5,1,0
08/11/2020,"Central Virginia","Two or more races",0,0,0
08/11/2020,Richmond,"Two or more races",8,0,0
08/11/2020,Crater,"Not Reported",541,8,4
08/11/2020,Chesterfield,"Two or more races",11,2,0
08/11/2020,"New River",Latino,73,4,0
08/11/2020,Richmond,Latino,1143,93,7
08/11/2020,Portsmouth,Latino,52,11,1
08/11/2020,Pittsylvania-Danville,"Not Reported",395,7,1
08/11/2020,Chesapeake,"Not Reported",762,5,0
08/11/2020,Chickahominy,Latino,70,4,0
08/11/2020,Chesterfield,Black,689,90,25
08/11/2020,Chesterfield,"Other Race",184,7,0
08/11/2020,Peninsula,Black,741,60,16
08/11/2020,Roanoke,White,139,8,12
08/11/2020,"New River",Black,42,3,0
08/11/2020,Southside,Latino,5,0,0
08/11/2020,Peninsula,Latino,275,19,0
08/11/2020,Rappahannock,"Two or more races",21,2,0
08/11/2020,"Virginia Beach",Black,1280,75,11
08/11/2020,"Mount Rogers","Not Reported",72,1,1
08/11/2020,Loudoun,"Not Reported",1926,4,0
08/11/2020,Chesapeake,"Other Race",59,3,1
08/11/2020,Chickahominy,"Two or more races",1,1,0
08/11/2020,Crater,"Other Race",28,0,0
08/11/2020,Norfolk,"Two or more races",39,0,0
08/11/2020,"Eastern Shore","Two or more races",1,1,0
08/11/2020,"Central Shenandoah",White,1485,144,49
08/11/2020,"New River","Other Race",2,0,0
08/11/2020,"New River",White,352,24,8
08/11/2020,"Central Shenandoah","Other Race",41,1,0
08/11/2020,"West Piedmont",Black,271,52,5
08/11/2020,Alleghany,Latino,100,7,0
08/11/2020,"Central Shenandoah","Not Reported",232,3,1
08/11/2020,Roanoke,"Two or more races",2,1,0
08/11/2020,Peninsula,"Two or more races",29,2,0
08/11/2020,Richmond,"Not Reported",613,2,0
08/11/2020,Arlington,"Other Race",77,8,3
08/11/2020,Norfolk,"Not Reported",988,3,0
08/11/2020,Alexandria,"Other Race",54,7,2
08/11/2020,"Virginia Beach",White,1649,125,33
08/11/2020,Chesapeake,"Two or more races",25,1,1
08/11/2020,Alleghany,White,343,35,17
08/11/2020,"Rappahannock Rapidan","Other Race",26,1,0
08/11/2020,Chickahominy,"Not Reported",252,2,2
08/11/2020,Portsmouth,Black,978,98,17
08/11/2020,Chickahominy,"Other Race",13,2,0
08/11/2020,"Virginia Beach",Latino,295,18,3
08/11/2020,Chesapeake,White,772,72,20
08/11/2020,Southside,Black,224,34,13
08/11/2020,Rappahannock,Latino,1074,99,8
08/11/2020,"Three Rivers","Two or more races",4,0,0
08/11/2020,Henrico,Black,1208,163,80
08/11/2020,Pittsylvania-Danville,Black,284,42,4
08/11/2020,"Lord Fairfax","Two or more races",11,0,0
08/11/2020,"Prince William",Latino,5002,582,65
08/11/2020,"Mount Rogers","Other Race",7,2,1
08/11/2020,"Central Shenandoah",Black,140,9,4
08/11/2020,Peninsula,White,642,77,27
08/11/2020,"Eastern Shore","Not Reported",85,0,0
08/11/2020,"Thomas Jefferson","Other Race",116,3,0
08/11/2020,Hampton,"Other Race",33,2,0
08/11/2020,"Lord Fairfax","Not Reported",323,4,6
08/11/2020,"Central Virginia","Other Race",9,0,0
08/11/2020,"Western Tidewater","Other Race",41,1,1
08/11/2020,Crater,Latino,168,9,4
08/11/2020,Chesapeake,Latino,204,16,1
08/11/2020,Chesterfield,White,833,86,64
08/11/2020,"Western Tidewater","Not Reported",646,3,1
08/11/2020,Fairfax,"Not Reported",2140,58,32
08/11/2020,Arlington,Black,295,71,32
08/11/2020,"Central Virginia",Latino,26,3,1
08/11/2020,Alexandria,"Not Reported",187,6,1
08/11/2020,"Three Rivers",Black,330,29,7
08/11/2020,"Prince William","Two or more races",30,1,0
08/11/2020,Loudoun,"Two or more races",35,0,0
08/11/2020,Peninsula,"Other Race",102,3,0
08/11/2020,"Thomas Jefferson",White,715,58,30
08/11/2020,Norfolk,"Other Race",63,2,1
08/11/2020,"Prince William","Not Reported",3709,24,0
08/11/2020,"West Piedmont",White,414,58,9
08/11/2020,Rappahannock,Black,538,66,12
08/11/2020,Norfolk,Black,1834,142,21
08/11/2020,Roanoke,Latino,256,8,0
08/11/2020,Piedmont,Latino,68,6,2
08/11/2020,Roanoke,"Not Reported",544,1,0
08/11/2020,"Virginia Beach","Other Race",78,3,0
08/11/2020,Arlington,"Two or more races",22,2,0
08/11/2020,Alexandria,White,557,53,33
08/11/2020,"Lord Fairfax","Other Race",60,6,1
08/11/2020,"Thomas Jefferson","Not Reported",159,1,0
08/11/2020,"Virginia Beach","Not Reported",1581,9,5
08/11/2020,Loudoun,Black,238,27,5
08/11/2020,Pittsylvania-Danville,Latino,50,3,0
08/11/2020,"Cumberland Plateau","Not Reported",13,0,0
08/11/2020,Chesterfield,"Not Reported",1886,3,9
08/11/2020,"Mount Rogers",White,1056,113,51
08/11/2020,Richmond,White,392,30,6
08/11/2020,Lenowisco,"Not Reported",59,3,1
08/11/2020,"Three Rivers",Latino,144,5,1
08/11/2020,Piedmont,"Not Reported",571,11,2
08/11/2020,"Mount Rogers",Latino,263,5,0
08/11/2020,"Central Shenandoah","Two or more races",12,1,0
08/11/2020,Crater,White,477,44,15
08/11/2020,Arlington,White,861,117,65
08/11/2020,Pittsylvania-Danville,"Other Race",0,0,0
08/11/2020,Chickahominy,Black,180,39,11
08/11/2020,Fairfax,Black,1206,204,56
08/11/2020,"Eastern Shore",Latino,254,10,3
08/11/2020,Norfolk,White,544,34,10
08/11/2020,"Mount Rogers","Two or more races",4,0,0
08/11/2020,Alleghany,"Two or more races",3,0,0
08/11/2020,Southside,White,168,26,17
08/11/2020,"Thomas Jefferson","Two or more races",23,0,0
08/11/2020,"Prince William",Black,1034,152,44
08/11/2020,"Lord Fairfax",White,1439,163,68
08/11/2020,"Cumberland Plateau",Latino,2,0,0
08/11/2020,Arlington,"Not Reported",327,5,0
08/11/2020,Rappahannock,"Other Race",63,4,0
08/11/2020,"Rappahannock Rapidan",Black,145,23,6
08/11/2020,"New River","Two or more races",3,0,0
08/11/2020,Arlington,Latino,1381,212,23
08/11/2020,Henrico,White,960,97,92
08/11/2020,Loudoun,White,1167,107,83
08/11/2020,Alleghany,Black,35,4,1
08/11/2020,"Prince William",White,1288,157,81
08/11/2020,Rappahannock,White,869,94,36
08/11/2020,Southside,"Other Race",8,0,1
08/11/2020,Portsmouth,"Two or more races",8,2,1
08/11/2020,"Western Tidewater",Black,952,78,36
08/11/2020,Hampton,Latino,49,4,0
08/11/2020,Henrico,"Not Reported",760,3,4
08/11/2020,"West Piedmont","Two or more races",0,0,0
08/11/2020,Peninsula,"Not Reported",1194,2,0
08/11/2020,Loudoun,Latino,1574,160,14
08/11/2020,Alexandria,Black,566,80,14
08/11/2020,Piedmont,Black,424,57,14
08/11/2020,Roanoke,"Other Race",10,0,0
08/11/2020,Alexandria,"Two or more races",12,1,0
08/11/2020,"Western Tidewater",Latino,22,1,1
08/11/2020,Rappahannock,"Not Reported",1069,28,0
08/11/2020,"West Piedmont","Other Race",5,1,1
08/11/2020,Chickahominy,White,473,83,32
08/11/2020,"Thomas Jefferson",Latino,575,25,2
08/11/2020,"Cumberland Plateau",Black,18,0,0
08/11/2020,"Lord Fairfax",Latino,629,40,8
08/11/2020,"West Piedmont",Latino,197,8,1
08/11/2020,"Cumberland Plateau",White,341,27,4
08/11/2020,"Eastern Shore","Other Race",13,1,0
08/11/2020,"Cumberland Plateau","Two or more races",4,0,0
08/11/2020,Pittsylvania-Danville,"Two or more races",0,0,0
08/11/2020,Piedmont,"Other Race",9,0,0
08/11/2020,Alexandria,Latino,1515,124,9
08/11/2020,Chesapeake,Black,1083,133,11
08/11/2020,Richmond,"Other Race",103,6,2
08/11/2020,Henrico,Latino,754,52,7
08/11/2020,Piedmont,"Two or more races",4,2,0
08/11/2020,"Prince William","Other Race",312,14,0
08/11/2020,"New River","Not Reported",77,2,0
08/11/2020,"Rappahannock Rapidan",White,528,42,13
08/11/2020,"Central Virginia","Not Reported",1027,8,1
08/11/2020,"Virginia Beach","Two or more races",39,2,0
08/11/2020,Pittsylvania-Danville,White,190,25,4
08/11/2020,"Lord Fairfax",Black,111,12,6
08/11/2020,Fairfax,Latino,8424,933,75
08/11/2020,Chesterfield,"Asian or Pacific Islander",43,2,0
08/11/2020,Crater,"Asian or Pacific Islander",13,0,0
08/11/2020,Fairfax,"Asian or Pacific Islander",1354,243,71
08/11/2020,Hampton,"Asian or Pacific Islander",10,0,0
08/11/2020,"Rappahannock Rapidan","Asian or Pacific Islander",6,1,0
08/11/2020,"Mount Rogers","Asian or Pacific Islander",3,1,0
08/11/2020,"New River","Asian or Pacific Islander",7,0,0
08/11/2020,"Central Virginia","Asian or Pacific Islander",7,0,0
08/11/2020,"Lord Fairfax","Asian or Pacific Islander",8,0,0
08/11/2020,Southside,"Asian or Pacific Islander",1,0,0
08/11/2020,Alleghany,"Asian or Pacific Islander",7,0,0
08/11/2020,Portsmouth,"Asian or Pacific Islander",12,2,0
08/11/2020,Roanoke,"Asian or Pacific Islander",9,0,0
08/11/2020,Richmond,"Asian or Pacific Islander",18,3,1
08/11/2020,"Thomas Jefferson","Asian or Pacific Islander",33,0,1
08/11/2020,"Virginia Beach","Asian or Pacific Islander",186,20,2
08/11/2020,Henrico,"Asian or Pacific Islander",145,9,3
08/11/2020,Piedmont,"Asian or Pacific Islander",6,0,0
08/11/2020,"Western Tidewater","Asian or Pacific Islander",12,2,0
08/11/2020,"West Piedmont","Asian or Pacific Islander",12,1,1
08/11/2020,Chickahominy,"Asian or Pacific Islander",8,1,0
08/11/2020,Peninsula,"Asian or Pacific Islander",32,4,3
08/11/2020,Norfolk,"Asian or Pacific Islander",43,2,0
08/11/2020,Arlington,"Asian or Pacific Islander",139,22,12
08/11/2020,Loudoun,"Asian or Pacific Islander",266,43,11
08/11/2020,Alexandria,"Asian or Pacific Islander",102,10,1
08/11/2020,Rappahannock,"Asian or Pacific Islander",53,9,1
08/11/2020,Chesapeake,"Asian or Pacific Islander",44,8,4
08/11/2020,"Cumberland Plateau and Lenowisco","Asian or Pacific Islander",1,0,0
08/11/2020,"Central Shenandoah","Asian or Pacific Islander",22,2,0
08/11/2020,"Prince William","Asian or Pacific Islander",359,46,15
08/11/2020,Pittsylvania-Danville,"Asian or Pacific Islander",3,0,0
08/11/2020,"Eastern Shore and Three Rivers","Asian or Pacific Islander",8,1,0
08/11/2020,Piedmont,"Native American",1,0,0
08/11/2020,"New River","Native American",0,0,0
08/11/2020,"Central Shenandoah","Native American",3,1,0
08/11/2020,"Eastern Shore and Three Rivers","Native American",1,0,0
08/11/2020,Fairfax,"Native American",31,1,1
08/11/2020,Chesapeake,"Native American",9,0,0
08/11/2020,"Western Tidewater","Native American",1,0,0
08/11/2020,Portsmouth,"Native American",2,1,0
08/11/2020,Richmond,"Native American",0,0,0
08/11/2020,Chickahominy,"Native American",5,1,0
08/11/2020,"Thomas Jefferson","Native American",2,0,0
08/11/2020,Arlington,"Native American",3,0,0
08/11/2020,"Virginia Beach","Native American",3,0,0
08/11/2020,Peninsula,"Native American",4,1,0
08/11/2020,Hampton,"Native American",1,0,0
08/11/2020,"West Piedmont","Native American",3,0,0
08/11/2020,"Cumberland Plateau, Lenowisco, and Mount Rogers","Native American",1,0,0
08/11/2020,Henrico,"Native American",7,0,0
08/11/2020,Norfolk,"Native American",6,0,0
08/11/2020,"Prince William","Native American",14,1,0
08/11/2020,"Central Virginia","Native American",1,0,0
08/11/2020,Chesterfield,"Native American",3,0,0
08/11/2020,Rappahannock,"Native American",3,0,0
08/11/2020,Loudoun,"Native American",2,0,0
08/11/2020,Alexandria,"Native American",2,0,0
08/11/2020,"Alleghany and Roanoke","Native American",0,0,0
08/11/2020,Crater,"Native American",5,0,0
08/11/2020,"Rappahannock Rapidan","Native American",1,0,0
08/11/2020,"Lord Fairfax","Native American",2,1,1
08/11/2020,"Pittsylvania-Danville and Southside","Native American",0,0,0
08/12/2020,"Rappahannock Rapidan","Not Reported",533,11,2
08/12/2020,Portsmouth,"Other Race",54,2,1
08/12/2020,"Western Tidewater","Two or more races",15,0,0
08/12/2020,Piedmont,White,408,48,18
08/12/2020,Chesterfield,Latino,1145,73,7
08/12/2020,Lenowisco,White,364,39,6
08/12/2020,Lenowisco,"Two or more races",2,0,0
08/12/2020,Hampton,"Not Reported",484,0,0
08/12/2020,Southside,"Not Reported",412,9,5
08/12/2020,Roanoke,Black,73,8,3
08/12/2020,Hampton,Black,523,37,6
08/12/2020,Alleghany,"Other Race",3,1,0
08/12/2020,Lenowisco,Latino,4,0,0
08/12/2020,Loudoun,"Other Race",133,11,2
08/12/2020,"Central Shenandoah",Latino,880,54,5
08/12/2020,"Rappahannock Rapidan",Latino,721,59,6
08/12/2020,"Eastern Shore",Black,834,95,26
08/12/2020,Norfolk,Latino,271,18,0
08/12/2020,Hampton,"Two or more races",12,0,0
08/12/2020,Richmond,Black,968,179,25
08/12/2020,Henrico,"Two or more races",23,1,0
08/12/2020,Fairfax,"Two or more races",53,5,0
08/12/2020,Alleghany,"Not Reported",474,2,0
08/12/2020,Portsmouth,"Not Reported",521,4,0
08/12/2020,"Cumberland Plateau","Other Race",1,1,0
08/12/2020,Southside,"Two or more races",23,0,0
08/12/2020,Portsmouth,White,216,13,5
08/12/2020,"Rappahannock Rapidan","Two or more races",20,2,0
08/12/2020,Fairfax,White,2894,445,291
08/12/2020,Fairfax,"Other Race",634,74,17
08/12/2020,Crater,"Two or more races",3,0,0
08/12/2020,"West Piedmont","Not Reported",254,25,0
08/12/2020,Henrico,"Other Race",90,12,0
08/12/2020,"Three Rivers",White,438,34,8
08/12/2020,"Central Virginia",Black,109,21,5
08/12/2020,Lenowisco,"Other Race",5,0,0
08/12/2020,"Three Rivers","Other Race",12,3,0
08/12/2020,"Western Tidewater",White,487,47,40
08/12/2020,"Mount Rogers",Black,41,6,2
08/12/2020,"Three Rivers","Not Reported",189,3,1
08/12/2020,"Thomas Jefferson",Black,378,58,11
08/12/2020,"Eastern Shore",White,214,23,17
08/12/2020,"Central Virginia",White,323,33,9
08/12/2020,Lenowisco,Black,5,1,0
08/12/2020,"Central Virginia","Two or more races",0,0,0
08/12/2020,Richmond,"Two or more races",8,0,0
08/12/2020,Crater,"Not Reported",570,8,4
08/12/2020,Chesterfield,"Two or more races",11,2,0
08/12/2020,"New River",Latino,74,4,0
08/12/2020,Richmond,Latino,1144,94,7
08/12/2020,Portsmouth,Latino,54,11,1
08/12/2020,Pittsylvania-Danville,"Not Reported",398,7,1
08/12/2020,Chesapeake,"Not Reported",790,5,0
08/12/2020,Chickahominy,Latino,70,4,0
08/12/2020,Crater,Black,1258,162,47
08/12/2020,Chesterfield,Black,698,91,25
08/12/2020,Chesterfield,"Other Race",183,7,0
08/12/2020,Peninsula,Black,748,60,16
08/12/2020,Roanoke,White,143,8,12
08/12/2020,"New River",Black,45,3,0
08/12/2020,Southside,Latino,5,0,0
08/12/2020,Peninsula,Latino,276,19,0
08/12/2020,Rappahannock,"Two or more races",22,2,0
08/12/2020,"Virginia Beach",Black,1291,79,11
08/12/2020,"Mount Rogers","Not Reported",72,1,1
08/12/2020,Loudoun,"Not Reported",1923,4,0
08/12/2020,Chesapeake,"Other Race",59,3,1
08/12/2020,Chickahominy,"Two or more races",1,1,0
08/12/2020,Crater,"Other Race",28,0,0
08/12/2020,Norfolk,"Two or more races",39,0,0
08/12/2020,"Eastern Shore","Two or more races",1,1,0
08/12/2020,"Central Shenandoah",White,1495,147,49
08/12/2020,"New River","Other Race",2,0,0
08/12/2020,"New River",White,367,24,8
08/12/2020,"Central Shenandoah","Other Race",40,1,0
08/12/2020,"West Piedmont",Black,274,52,5
08/12/2020,Alleghany,Latino,101,7,0
08/12/2020,"Central Shenandoah","Not Reported",236,3,1
08/12/2020,Roanoke,"Two or more races",2,1,0
08/12/2020,Peninsula,"Two or more races",30,2,0
08/12/2020,Richmond,"Not Reported",612,2,0
08/12/2020,Arlington,"Other Race",77,8,3
08/12/2020,Norfolk,"Not Reported",969,3,0
08/12/2020,Alexandria,"Other Race",54,7,2
08/12/2020,"Virginia Beach",White,1657,127,33
08/12/2020,Chesapeake,"Two or more races",25,1,1
08/12/2020,Alleghany,White,347,35,17
08/12/2020,"Rappahannock Rapidan","Other Race",26,1,0
08/12/2020,Chickahominy,"Not Reported",257,2,2
08/12/2020,Portsmouth,Black,987,98,17
08/12/2020,Chickahominy,"Other Race",13,2,0
08/12/2020,"Virginia Beach",Latino,298,19,3
08/12/2020,Chesapeake,White,782,73,20
08/12/2020,Southside,Black,225,34,13
08/12/2020,Rappahannock,Latino,1092,100,8
08/12/2020,"Three Rivers","Two or more races",4,0,0
08/12/2020,Henrico,Black,1226,168,80
08/12/2020,Pittsylvania-Danville,Black,291,42,4
08/12/2020,"Lord Fairfax","Two or more races",12,0,0
08/12/2020,"Prince William",Latino,5022,582,65
08/12/2020,"Mount Rogers","Other Race",7,2,1
08/12/2020,"Central Shenandoah",Black,140,9,4
08/12/2020,Peninsula,White,646,77,27
08/12/2020,"Eastern Shore","Not Reported",84,0,0
08/12/2020,"Thomas Jefferson","Other Race",118,3,0
08/12/2020,Hampton,"Other Race",33,2,0
08/12/2020,"Lord Fairfax","Not Reported",320,4,6
08/12/2020,"Central Virginia","Other Race",9,0,0
08/12/2020,"Western Tidewater","Other Race",42,1,2
08/12/2020,Crater,Latino,169,9,4
08/12/2020,Chesapeake,Latino,211,16,1
08/12/2020,Chesterfield,White,845,88,65
08/12/2020,"Western Tidewater","Not Reported",661,3,1
08/12/2020,Fairfax,"Not Reported",2155,57,31
08/12/2020,Arlington,Black,301,71,32
08/12/2020,"Central Virginia",Latino,26,3,1
08/12/2020,Alexandria,"Not Reported",187,6,1
08/12/2020,"Three Rivers",Black,331,29,7
08/12/2020,"Prince William","Two or more races",30,1,0
08/12/2020,Loudoun,"Two or more races",36,0,0
08/12/2020,Peninsula,"Other Race",102,4,0
08/12/2020,"Thomas Jefferson",White,723,58,30
08/12/2020,Norfolk,"Other Race",64,2,1
08/12/2020,"Prince William","Not Reported",3701,24,0
08/12/2020,"West Piedmont",White,421,58,9
08/12/2020,Rappahannock,Black,551,67,12
08/12/2020,Norfolk,Black,1859,149,22
08/12/2020,Roanoke,Latino,259,9,0
08/12/2020,Piedmont,Latino,69,6,2
08/12/2020,Roanoke,"Not Reported",540,1,0
08/12/2020,"Virginia Beach","Other Race",79,2,0
08/12/2020,Arlington,"Two or more races",23,2,0
08/12/2020,Alexandria,White,560,53,33
08/12/2020,"Lord Fairfax","Other Race",60,6,1
08/12/2020,"Thomas Jefferson","Not Reported",164,1,0
08/12/2020,"Virginia Beach","Not Reported",1581,9,5
08/12/2020,Loudoun,Black,237,27,5
08/12/2020,Pittsylvania-Danville,Latino,51,3,0
08/12/2020,"Cumberland Plateau","Not Reported",11,0,0
08/12/2020,Chesterfield,"Not Reported",1901,4,9
08/12/2020,"Mount Rogers",White,1072,117,51
08/12/2020,Richmond,White,396,31,6
08/12/2020,Lenowisco,"Not Reported",62,3,1
08/12/2020,"Three Rivers",Latino,144,5,1
08/12/2020,Piedmont,"Not Reported",573,11,2
08/12/2020,"Mount Rogers",Latino,264,5,0
08/12/2020,"Central Shenandoah","Two or more races",12,1,0
08/12/2020,Crater,White,480,44,15
08/12/2020,Arlington,White,870,117,65
08/12/2020,Pittsylvania-Danville,"Other Race",0,0,0
08/12/2020,Chickahominy,Black,181,39,11
08/12/2020,Fairfax,Black,1214,207,56
08/12/2020,"Eastern Shore",Latino,254,10,3
08/12/2020,Norfolk,White,552,34,10
08/12/2020,"Mount Rogers","Two or more races",4,0,0
08/12/2020,Alleghany,"Two or more races",3,0,0
08/12/2020,Southside,White,170,26,17
08/12/2020,"Thomas Jefferson","Two or more races",23,0,0
08/12/2020,"Prince William",Black,1052,152,44
08/12/2020,"Lord Fairfax",White,1443,165,68
08/12/2020,"Cumberland Plateau",Latino,2,0,0
08/12/2020,Arlington,"Not Reported",313,4,0
08/12/2020,Rappahannock,"Other Race",66,4,0
08/12/2020,"Rappahannock Rapidan",Black,147,23,6
08/12/2020,"New River","Two or more races",3,0,0
08/12/2020,Arlington,Latino,1392,213,23
08/12/2020,Henrico,White,968,98,92
08/12/2020,Loudoun,White,1182,107,83
08/12/2020,Hampton,White,161,9,1
08/12/2020,Alleghany,Black,38,4,1
08/12/2020,"Prince William",White,1302,158,82
08/12/2020,Rappahannock,White,885,95,36
08/12/2020,Southside,"Other Race",9,0,1
08/12/2020,Portsmouth,"Two or more races",8,2,1
08/12/2020,"Western Tidewater",Black,968,80,37
08/12/2020,Hampton,Latino,49,4,0
08/12/2020,Henrico,"Not Reported",750,3,4
08/12/2020,"West Piedmont","Two or more races",0,0,0
08/12/2020,Peninsula,"Not Reported",1202,2,0
08/12/2020,Loudoun,Latino,1591,161,14
08/12/2020,Alexandria,Black,571,80,14
08/12/2020,Piedmont,Black,426,58,14
08/12/2020,Roanoke,"Other Race",10,0,0
08/12/2020,Alexandria,"Two or more races",12,1,0
08/12/2020,"Western Tidewater",Latino,22,1,1
08/12/2020,Rappahannock,"Not Reported",1073,28,0
08/12/2020,"West Piedmont","Other Race",5,1,1
08/12/2020,Chickahominy,White,474,83,33
08/12/2020,"Thomas Jefferson",Latino,579,25,2
08/12/2020,"Cumberland Plateau",Black,18,0,0
08/12/2020,"Lord Fairfax",Latino,631,40,8
08/12/2020,"West Piedmont",Latino,198,8,1
08/12/2020,"Cumberland Plateau",White,349,28,4
08/12/2020,"Eastern Shore","Other Race",13,1,0
08/12/2020,"Cumberland Plateau","Two or more races",4,0,0
08/12/2020,Pittsylvania-Danville,"Two or more races",0,0,0
08/12/2020,Piedmont,"Other Race",9,0,0
08/12/2020,Alexandria,Latino,1526,124,9
08/12/2020,Chesapeake,Black,1087,133,11
08/12/2020,Richmond,"Other Race",102,6,2
08/12/2020,Henrico,Latino,757,52,7
08/12/2020,Piedmont,"Two or more races",4,2,0
08/12/2020,"Prince William","Other Race",315,14,0
08/12/2020,"New River","Not Reported",79,2,0
08/12/2020,"Rappahannock Rapidan",White,527,42,13
08/12/2020,"Central Virginia","Not Reported",1038,8,1
08/12/2020,"Virginia Beach","Two or more races",39,2,0
08/12/2020,Pittsylvania-Danville,White,192,25,4
08/12/2020,"Lord Fairfax",Black,112,13,6
08/12/2020,Fairfax,Latino,8448,941,75
08/12/2020,Chesterfield,"Asian or Pacific Islander",43,2,0
08/12/2020,Crater,"Asian or Pacific Islander",13,0,0
08/12/2020,Fairfax,"Asian or Pacific Islander",1366,243,71
08/12/2020,Hampton,"Asian or Pacific Islander",10,0,0
08/12/2020,"Rappahannock Rapidan","Asian or Pacific Islander",6,1,0
08/12/2020,"Mount Rogers","Asian or Pacific Islander",3,1,0
08/12/2020,"New River","Asian or Pacific Islander",7,0,0
08/12/2020,"Central Virginia","Asian or Pacific Islander",7,0,0
08/12/2020,"Lord Fairfax","Asian or Pacific Islander",9,0,0
08/12/2020,Southside,"Asian or Pacific Islander",1,0,0
08/12/2020,Alleghany,"Asian or Pacific Islander",7,0,0
08/12/2020,Portsmouth,"Asian or Pacific Islander",13,2,0
08/12/2020,Roanoke,"Asian or Pacific Islander",9,0,0
08/12/2020,Richmond,"Asian or Pacific Islander",18,3,1
08/12/2020,"Thomas Jefferson","Asian or Pacific Islander",33,0,1
08/12/2020,"Virginia Beach","Asian or Pacific Islander",191,20,2
08/12/2020,Henrico,"Asian or Pacific Islander",147,10,3
08/12/2020,Piedmont,"Asian or Pacific Islander",6,0,0
08/12/2020,"Western Tidewater","Asian or Pacific Islander",12,2,0
08/12/2020,"West Piedmont","Asian or Pacific Islander",12,1,1
08/12/2020,Chickahominy,"Asian or Pacific Islander",8,1,0
08/12/2020,Peninsula,"Asian or Pacific Islander",32,4,3
08/12/2020,Norfolk,"Asian or Pacific Islander",42,2,0
08/12/2020,Arlington,"Asian or Pacific Islander",139,22,12
08/12/2020,Loudoun,"Asian or Pacific Islander",268,43,11
08/12/2020,Alexandria,"Asian or Pacific Islander",102,10,1
08/12/2020,Rappahannock,"Asian or Pacific Islander",53,9,1
08/12/2020,Chesapeake,"Asian or Pacific Islander",45,8,4
08/12/2020,"Cumberland Plateau and Lenowisco","Asian or Pacific Islander",1,0,0
08/12/2020,"Central Shenandoah","Asian or Pacific Islander",22,2,0
08/12/2020,"Prince William","Asian or Pacific Islander",358,46,15
08/12/2020,Pittsylvania-Danville,"Asian or Pacific Islander",3,0,0
08/12/2020,"Eastern Shore and Three Rivers","Asian or Pacific Islander",8,1,0
08/12/2020,Piedmont,"Native American",1,0,0
08/12/2020,"New River","Native American",0,0,0
08/12/2020,"Central Shenandoah","Native American",3,1,0
08/12/2020,"Eastern Shore and Three Rivers","Native American",1,0,0
08/12/2020,Fairfax,"Native American",31,1,1
08/12/2020,Chesapeake,"Native American",9,0,0
08/12/2020,"Western Tidewater","Native American",1,0,0
08/12/2020,Portsmouth,"Native American",2,1,0
08/12/2020,Richmond,"Native American",0,0,0
08/12/2020,Chickahominy,"Native American",5,1,0
08/12/2020,"Thomas Jefferson","Native American",2,0,0
08/12/2020,Arlington,"Native American",3,0,0
08/12/2020,"Virginia Beach","Native American",3,0,0
08/12/2020,Peninsula,"Native American",4,1,0
08/12/2020,Hampton,"Native American",1,0,0
08/12/2020,"West Piedmont","Native American",3,0,0
08/12/2020,"Cumberland Plateau, Lenowisco, and Mount Rogers","Native American",1,0,0
08/12/2020,Henrico,"Native American",7,0,0
08/12/2020,Norfolk,"Native American",6,0,0
08/12/2020,"Prince William","Native American",13,1,0
08/12/2020,"Central Virginia","Native American",1,0,0
08/12/2020,Chesterfield,"Native American",3,0,0
08/12/2020,Rappahannock,"Native American",3,0,0
08/12/2020,Loudoun,"Native American",2,0,0
08/12/2020,Alexandria,"Native American",2,0,0
08/12/2020,"Alleghany and Roanoke","Native American",0,0,0
08/12/2020,Crater,"Native American",5,0,0
08/12/2020,"Rappahannock Rapidan","Native American",1,0,0
08/12/2020,"Lord Fairfax","Native American",2,1,1
08/12/2020,"Pittsylvania-Danville and Southside","Native American",0,0,0
08/13/2020,"Rappahannock Rapidan","Not Reported",532,10,1
08/13/2020,Portsmouth,"Other Race",59,2,1
08/13/2020,"Western Tidewater","Two or more races",15,0,0
08/13/2020,Piedmont,White,406,48,18
08/13/2020,Chesterfield,Latino,1154,74,7
08/13/2020,Lenowisco,White,386,39,7
08/13/2020,Lenowisco,"Two or more races",2,0,0
08/13/2020,Hampton,"Not Reported",489,0,0
08/13/2020,Southside,"Not Reported",414,9,4
08/13/2020,Roanoke,Black,74,8,3
08/13/2020,Hampton,Black,530,37,6
08/13/2020,Alleghany,"Other Race",3,1,0
08/13/2020,Lenowisco,Latino,4,0,0
08/13/2020,Loudoun,"Other Race",133,11,2
08/13/2020,"Central Shenandoah",Latino,885,54,5
08/13/2020,"Rappahannock Rapidan",Latino,724,59,6
08/13/2020,"Eastern Shore",Black,835,96,26
08/13/2020,Norfolk,Latino,271,18,0
08/13/2020,Hampton,"Two or more races",12,0,0
08/13/2020,Richmond,Black,991,183,25
08/13/2020,Henrico,"Two or more races",23,1,0
08/13/2020,Fairfax,"Two or more races",53,5,0
08/13/2020,Alleghany,"Not Reported",472,2,0
08/13/2020,Portsmouth,"Not Reported",535,4,0
08/13/2020,"Cumberland Plateau","Other Race",1,1,0
08/13/2020,Southside,"Two or more races",23,0,0
08/13/2020,Portsmouth,White,224,13,5
08/13/2020,"Rappahannock Rapidan","Two or more races",21,2,0
08/13/2020,Fairfax,White,2911,447,292
08/13/2020,Fairfax,"Other Race",634,74,17
08/13/2020,Crater,"Two or more races",3,0,0
08/13/2020,"West Piedmont","Not Reported",283,28,0
08/13/2020,Henrico,"Other Race",91,12,0
08/13/2020,"Three Rivers",White,446,35,8
08/13/2020,"Central Virginia",Black,113,21,5
08/13/2020,Lenowisco,"Other Race",5,0,0
08/13/2020,"Three Rivers","Other Race",13,3,0
08/13/2020,"Western Tidewater",White,494,48,40
08/13/2020,"Mount Rogers",Black,41,6,2
08/13/2020,"Three Rivers","Not Reported",187,3,1
08/13/2020,"Thomas Jefferson",Black,381,60,11
08/13/2020,"Eastern Shore",White,217,23,17
08/13/2020,"Central Virginia",White,338,33,9
08/13/2020,Lenowisco,Black,5,1,0
08/13/2020,"Central Virginia","Two or more races",0,0,0
08/13/2020,Richmond,"Two or more races",7,0,0
08/13/2020,Crater,"Not Reported",568,8,4
08/13/2020,Chesterfield,"Two or more races",11,2,0
08/13/2020,"New River",Latino,75,4,0
08/13/2020,Richmond,Latino,1159,96,7
08/13/2020,Portsmouth,Latino,54,11,1
08/13/2020,Pittsylvania-Danville,"Not Reported",412,7,2
08/13/2020,Chesapeake,"Not Reported",795,5,0
08/13/2020,Chickahominy,Latino,71,4,0
08/13/2020,Crater,Black,1271,163,47
08/13/2020,Chesterfield,Black,708,91,25
08/13/2020,Chesterfield,"Other Race",182,7,0
08/13/2020,Peninsula,Black,764,61,17
08/13/2020,Roanoke,White,145,8,12
08/13/2020,"New River",Black,44,3,0
08/13/2020,Southside,Latino,5,0,0
08/13/2020,Peninsula,Latino,277,19,0
08/13/2020,Rappahannock,"Two or more races",22,2,0
08/13/2020,"Virginia Beach",Black,1315,80,11
08/13/2020,"Mount Rogers","Not Reported",71,1,1
08/13/2020,Loudoun,"Not Reported",1928,4,0
08/13/2020,Chesapeake,"Other Race",57,3,1
08/13/2020,Chickahominy,"Two or more races",1,1,0
08/13/2020,Crater,"Other Race",29,0,0
08/13/2020,Norfolk,"Two or more races",38,0,0
08/13/2020,"Eastern Shore","Two or more races",1,1,0
08/13/2020,"Central Shenandoah",White,1515,148,50
08/13/2020,"New River","Other Race",2,0,0
08/13/2020,"New River",White,389,23,8
08/13/2020,"Central Shenandoah","Other Race",40,1,0
08/13/2020,"West Piedmont",Black,282,52,5
08/13/2020,Alleghany,Latino,106,7,0
08/13/2020,"Central Shenandoah","Not Reported",236,3,1
08/13/2020,Roanoke,"Two or more races",2,1,0
08/13/2020,Peninsula,"Two or more races",30,2,0
08/13/2020,Richmond,"Not Reported",596,2,0
08/13/2020,Arlington,"Other Race",78,8,3
08/13/2020,Norfolk,"Not Reported",990,3,0
08/13/2020,Alexandria,"Other Race",54,7,2
08/13/2020,"Virginia Beach",White,1689,127,33
08/13/2020,Chesapeake,"Two or more races",25,1,1
08/13/2020,Alleghany,White,350,35,17
08/13/2020,"Rappahannock Rapidan","Other Race",27,1,0
08/13/2020,Chickahominy,"Not Reported",265,2,2
08/13/2020,Portsmouth,Black,1012,98,17
08/13/2020,Chickahominy,"Other Race",12,2,0
08/13/2020,"Virginia Beach",Latino,306,19,3
08/13/2020,Chesapeake,White,808,76,20
08/13/2020,Southside,Black,226,34,13
08/13/2020,Rappahannock,Latino,1099,100,8
08/13/2020,"Three Rivers","Two or more races",4,0,0
08/13/2020,Henrico,Black,1238,170,80
08/13/2020,Pittsylvania-Danville,Black,296,43,4
08/13/2020,"Lord Fairfax","Two or more races",11,0,0
08/13/2020,"Prince William",Latino,5048,585,66
08/13/2020,"Mount Rogers","Other Race",7,2,1
08/13/2020,"Central Shenandoah",Black,142,9,4
08/13/2020,Peninsula,White,652,77,27
08/13/2020,"Eastern Shore","Not Reported",84,0,0
08/13/2020,"Thomas Jefferson","Other Race",119,3,0
08/13/2020,Hampton,"Other Race",34,2,0
08/13/2020,"Lord Fairfax","Not Reported",322,4,6
08/13/2020,"Central Virginia","Other Race",10,0,0
08/13/2020,"Western Tidewater","Other Race",44,1,2
08/13/2020,Crater,Latino,168,9,4
08/13/2020,Chesapeake,Latino,215,17,1
08/13/2020,Chesterfield,White,858,87,65
08/13/2020,"Western Tidewater","Not Reported",673,3,1
08/13/2020,Fairfax,"Not Reported",2150,57,30
08/13/2020,Arlington,Black,307,72,32
08/13/2020,"Central Virginia",Latino,26,3,1
08/13/2020,Alexandria,"Not Reported",188,6,1
08/13/2020,"Three Rivers",Black,339,29,7
08/13/2020,"Prince William","Two or more races",31,1,0
08/13/2020,Loudoun,"Two or more races",36,1,0
08/13/2020,Peninsula,"Other Race",106,4,0
08/13/2020,"Thomas Jefferson",White,732,59,30
08/13/2020,Norfolk,"Other Race",66,2,1
08/13/2020,"Prince William","Not Reported",3731,24,0
08/13/2020,"West Piedmont",White,434,59,9
08/13/2020,Rappahannock,Black,569,67,12
08/13/2020,Norfolk,Black,1881,156,22
08/13/2020,Roanoke,Latino,267,9,0
08/13/2020,Piedmont,Latino,64,6,1
08/13/2020,Roanoke,"Not Reported",535,1,0
08/13/2020,"Virginia Beach","Other Race",79,2,0
08/13/2020,Arlington,"Two or more races",25,2,0
08/13/2020,Alexandria,White,565,53,33
08/13/2020,"Lord Fairfax","Other Race",60,6,1
08/13/2020,"Thomas Jefferson","Not Reported",168,1,0
08/13/2020,"Virginia Beach","Not Reported",1576,9,5
08/13/2020,Loudoun,Black,237,27,5
08/13/2020,Pittsylvania-Danville,Latino,51,3,0
08/13/2020,"Cumberland Plateau","Not Reported",9,0,0
08/13/2020,Chesterfield,"Not Reported",1912,4,9
08/13/2020,"Mount Rogers",White,1090,118,52
08/13/2020,Richmond,White,410,31,6
08/13/2020,Lenowisco,"Not Reported",66,3,1
08/13/2020,"Three Rivers",Latino,145,5,1
08/13/2020,Piedmont,"Not Reported",588,11,2
08/13/2020,"Mount Rogers",Latino,265,5,0
08/13/2020,"Central Shenandoah","Two or more races",14,1,0
08/13/2020,Crater,White,485,46,15
08/13/2020,Arlington,White,879,117,65
08/13/2020,Pittsylvania-Danville,"Other Race",0,0,0
08/13/2020,Chickahominy,Black,185,39,11
08/13/2020,Fairfax,Black,1227,207,56
08/13/2020,"Eastern Shore",Latino,254,11,3
08/13/2020,Norfolk,White,563,34,10
08/13/2020,"Mount Rogers","Two or more races",4,0,0
08/13/2020,Alleghany,"Two or more races",3,0,0
08/13/2020,Southside,White,171,26,18
08/13/2020,"Thomas Jefferson","Two or more races",23,0,0
08/13/2020,"Prince William",Black,1071,154,44
08/13/2020,"Lord Fairfax",White,1450,165,68
08/13/2020,"Cumberland Plateau",Latino,2,0,0
08/13/2020,Arlington,"Not Reported",302,2,0
08/13/2020,Rappahannock,"Other Race",70,4,0
08/13/2020,"Rappahannock Rapidan",Black,150,23,6
08/13/2020,"New River","Two or more races",3,0,0
08/13/2020,Arlington,Latino,1400,214,23
08/13/2020,Henrico,White,976,98,92
08/13/2020,Loudoun,White,1186,108,83
08/13/2020,Hampton,White,165,9,1
08/13/2020,Alleghany,Black,38,4,1
08/13/2020,"Prince William",White,1318,160,82
08/13/2020,Rappahannock,White,912,97,37
08/13/2020,Southside,"Other Race",9,0,1
08/13/2020,Portsmouth,"Two or more races",8,2,1
08/13/2020,"Western Tidewater",Black,982,80,37
08/13/2020,Hampton,Latino,50,4,0
08/13/2020,Henrico,"Not Reported",752,3,4
08/13/2020,"West Piedmont","Two or more races",0,0,0
08/13/2020,Peninsula,"Not Reported",1214,2,0
08/13/2020,Loudoun,Latino,1610,162,14
08/13/2020,Alexandria,Black,570,80,14
08/13/2020,Piedmont,Black,426,58,14
08/13/2020,Roanoke,"Other Race",9,0,0
08/13/2020,Alexandria,"Two or more races",13,1,0
08/13/2020,"Western Tidewater",Latino,23,1,1
08/13/2020,Rappahannock,"Not Reported",1086,28,0
08/13/2020,"West Piedmont","Other Race",5,1,1
08/13/2020,Chickahominy,White,483,83,33
08/13/2020,"Thomas Jefferson",Latino,588,25,2
08/13/2020,"Cumberland Plateau",Black,18,0,0
08/13/2020,"Lord Fairfax",Latino,637,41,8
08/13/2020,"West Piedmont",Latino,198,8,1
08/13/2020,"Cumberland Plateau",White,357,29,4
08/13/2020,"Eastern Shore","Other Race",13,1,0
08/13/2020,"Cumberland Plateau","Two or more races",4,0,0
08/13/2020,Pittsylvania-Danville,"Two or more races",0,0,0
08/13/2020,Piedmont,"Other Race",8,0,0
08/13/2020,Alexandria,Latino,1526,124,9
08/13/2020,Chesapeake,Black,1128,137,14
08/13/2020,Richmond,"Other Race",99,6,2
08/13/2020,Henrico,Latino,764,53,8
08/13/2020,Piedmont,"Two or more races",4,2,0
08/13/2020,"Prince William","Other Race",313,15,0
08/13/2020,"New River","Not Reported",79,2,0
08/13/2020,"Rappahannock Rapidan",White,533,43,14
08/13/2020,"Central Virginia","Not Reported",1079,9,1
08/13/2020,"Virginia Beach","Two or more races",40,2,0
08/13/2020,Pittsylvania-Danville,White,198,25,4
08/13/2020,"Lord Fairfax",Black,114,13,6
08/13/2020,Fairfax,Latino,8479,941,76
08/13/2020,Chesterfield,"Asian or Pacific Islander",44,2,0
08/13/2020,Crater,"Asian or Pacific Islander",13,0,0
08/13/2020,Fairfax,"Asian or Pacific Islander",1373,243,71
08/13/2020,Hampton,"Asian or Pacific Islander",10,0,0
08/13/2020,"Rappahannock Rapidan","Asian or Pacific Islander",6,1,0
08/13/2020,"Mount Rogers","Asian or Pacific Islander",3,1,0
08/13/2020,"New River","Asian or Pacific Islander",7,0,0
08/13/2020,"Central Virginia","Asian or Pacific Islander",7,0,0
08/13/2020,"Lord Fairfax","Asian or Pacific Islander",9,0,0
08/13/2020,Southside,"Asian or Pacific Islander",1,0,0
08/13/2020,Alleghany,"Asian or Pacific Islander",8,0,0
08/13/2020,Portsmouth,"Asian or Pacific Islander",13,2,0
08/13/2020,Roanoke,"Asian or Pacific Islander",9,0,0
08/13/2020,Richmond,"Asian or Pacific Islander",18,3,1
08/13/2020,"Thomas Jefferson","Asian or Pacific Islander",34,0,1
08/13/2020,"Virginia Beach","Asian or Pacific Islander",195,20,2
08/13/2020,Henrico,"Asian or Pacific Islander",148,10,3
08/13/2020,Piedmont,"Asian or Pacific Islander",6,0,0
08/13/2020,"Western Tidewater","Asian or Pacific Islander",12,2,0
08/13/2020,"West Piedmont","Asian or Pacific Islander",12,1,1
08/13/2020,Chickahominy,"Asian or Pacific Islander",8,1,0
08/13/2020,Peninsula,"Asian or Pacific Islander",32,4,3
08/13/2020,Norfolk,"Asian or Pacific Islander",43,2,0
08/13/2020,Arlington,"Asian or Pacific Islander",140,22,12
08/13/2020,Loudoun,"Asian or Pacific Islander",271,43,11
08/13/2020,Alexandria,"Asian or Pacific Islander",102,10,1
08/13/2020,Rappahannock,"Asian or Pacific Islander",55,9,1
08/13/2020,Chesapeake,"Asian or Pacific Islander",45,8,4
08/13/2020,"Cumberland Plateau and Lenowisco","Asian or Pacific Islander",1,0,0
08/13/2020,"Central Shenandoah","Asian or Pacific Islander",22,2,0
08/13/2020,"Prince William","Asian or Pacific Islander",360,46,15
08/13/2020,Pittsylvania-Danville,"Asian or Pacific Islander",3,0,0
08/13/2020,"Eastern Shore and Three Rivers","Asian or Pacific Islander",10,1,0
08/13/2020,Piedmont,"Native American",1,0,0
08/13/2020,"New River","Native American",0,0,0
08/13/2020,"Central Shenandoah","Native American",3,1,0
08/13/2020,"Eastern Shore and Three Rivers","Native American",1,0,0
08/13/2020,Fairfax,"Native American",31,1,1
08/13/2020,Chesapeake,"Native American",9,0,0
08/13/2020,"Western Tidewater","Native American",2,0,0
08/13/2020,Portsmouth,"Native American",2,1,0
08/13/2020,Richmond,"Native American",0,0,0
08/13/2020,Chickahominy,"Native American",5,1,0
08/13/2020,"Thomas Jefferson","Native American",2,0,0
08/13/2020,Arlington,"Native American",3,0,0
08/13/2020,"Virginia Beach","Native American",4,0,0
08/13/2020,Peninsula,"Native American",4,1,0
08/13/2020,Hampton,"Native American",1,0,0
08/13/2020,"West Piedmont","Native American",3,0,0
08/13/2020,"Cumberland Plateau, Lenowisco, and Mount Rogers","Native American",1,0,0
08/13/2020,Henrico,"Native American",7,0,0
08/13/2020,Norfolk,"Native American",6,0,0
08/13/2020,"Prince William","Native American",13,1,0
08/13/2020,"Central Virginia","Native American",1,0,0
08/13/2020,Chesterfield,"Native American",3,0,0
08/13/2020,Rappahannock,"Native American",3,0,0
08/13/2020,Loudoun,"Native American",2,0,0
08/13/2020,Alexandria,"Native American",2,0,0
08/13/2020,"Alleghany and Roanoke","Native American",0,0,0
08/13/2020,Crater,"Native American",5,0,0
08/13/2020,"Rappahannock Rapidan","Native American",1,0,0
08/13/2020,"Lord Fairfax","Native American",2,1,1
08/13/2020,"Pittsylvania-Danville and Southside","Native American",0,0,0
08/14/2020,"Rappahannock Rapidan","Not Reported",533,10,1
08/14/2020,Portsmouth,"Other Race",63,2,1
08/14/2020,"Western Tidewater","Two or more races",16,0,0
08/14/2020,Piedmont,White,407,48,18
08/14/2020,Chesterfield,Latino,1164,74,7
08/14/2020,Lenowisco,White,400,42,7
08/14/2020,Lenowisco,"Two or more races",2,0,0
08/14/2020,Hampton,"Not Reported",490,0,0
08/14/2020,Southside,"Not Reported",418,9,4
08/14/2020,Roanoke,Black,76,9,3
08/14/2020,Hampton,Black,541,37,6
08/14/2020,Alleghany,"Other Race",3,1,0
08/14/2020,Lenowisco,Latino,4,0,0
08/14/2020,Loudoun,"Other Race",132,11,2
08/14/2020,"Central Shenandoah",Latino,890,54,5
08/14/2020,"Rappahannock Rapidan",Latino,726,59,6
08/14/2020,"Eastern Shore",Black,838,96,26
08/14/2020,Norfolk,Latino,273,18,0
08/14/2020,Hampton,"Two or more races",12,0,0
08/14/2020,Richmond,Black,1011,188,25
08/14/2020,Henrico,"Two or more races",24,1,0
08/14/2020,Fairfax,"Two or more races",54,5,0
08/14/2020,Alleghany,"Not Reported",463,2,0
08/14/2020,Portsmouth,"Not Reported",539,4,0
08/14/2020,"Cumberland Plateau","Other Race",1,1,0
08/14/2020,Southside,"Two or more races",23,0,0
08/14/2020,Portsmouth,White,235,13,5
08/14/2020,"Rappahannock Rapidan","Two or more races",21,2,0
08/14/2020,Fairfax,White,2934,448,292
08/14/2020,Fairfax,"Other Race",638,75,17
08/14/2020,Crater,"Two or more races",3,0,0
08/14/2020,"West Piedmont","Not Reported",297,28,0
08/14/2020,Henrico,"Other Race",93,12,0
08/14/2020,"Three Rivers",White,452,35,8
08/14/2020,"Central Virginia",Black,117,21,5
08/14/2020,Lenowisco,"Other Race",5,0,0
08/14/2020,"Three Rivers","Other Race",14,3,0
08/14/2020,"Western Tidewater",White,505,49,40
08/14/2020,"Mount Rogers",Black,43,6,2
08/14/2020,"Three Rivers","Not Reported",188,3,1
08/14/2020,"Thomas Jefferson",Black,387,60,11
08/14/2020,"Eastern Shore",White,219,23,17
08/14/2020,"Central Virginia",White,352,33,9
08/14/2020,Lenowisco,Black,5,1,1
08/14/2020,"Central Virginia","Two or more races",0,0,0
08/14/2020,Richmond,"Two or more races",10,0,0
08/14/2020,Crater,"Not Reported",572,8,4
08/14/2020,Chesterfield,"Two or more races",13,2,0
08/14/2020,"New River",Latino,75,5,0
08/14/2020,Richmond,Latino,1172,97,7
08/14/2020,Portsmouth,Latino,54,11,1
08/14/2020,Pittsylvania-Danville,"Not Reported",434,7,2
08/14/2020,Chesapeake,"Not Reported",805,5,0
08/14/2020,Chickahominy,Latino,73,4,0
08/14/2020,Crater,Black,1309,163,47
08/14/2020,Chesterfield,Black,717,91,25
08/14/2020,Chesterfield,"Other Race",180,7,0
08/14/2020,Peninsula,Black,779,61,17
08/14/2020,Roanoke,White,149,8,12
08/14/2020,"New River",Black,45,3,0
08/14/2020,Southside,Latino,5,0,0
08/14/2020,Peninsula,Latino,277,19,0
08/14/2020,Rappahannock,"Two or more races",21,2,0
08/14/2020,"Virginia Beach",Black,1338,81,11
08/14/2020,"Mount Rogers","Not Reported",70,1,1
08/14/2020,Loudoun,"Not Reported",1912,4,0
08/14/2020,Chesapeake,"Other Race",60,3,1
08/14/2020,Chickahominy,"Two or more races",1,1,0
08/14/2020,Crater,"Other Race",29,0,0
08/14/2020,Norfolk,"Two or more races",39,0,0
08/14/2020,"Eastern Shore","Two or more races",1,1,0
08/14/2020,"Central Shenandoah",White,1526,150,50
08/14/2020,"New River","Other Race",2,0,0
08/14/2020,"New River",White,396,23,8
08/14/2020,"Central Shenandoah","Other Race",40,1,0
08/14/2020,"West Piedmont",Black,290,54,5
08/14/2020,Alleghany,Latino,110,7,0
08/14/2020,"Central Shenandoah","Not Reported",235,3,1
08/14/2020,Roanoke,"Two or more races",2,1,0
08/14/2020,Peninsula,"Two or more races",31,2,0
08/14/2020,Richmond,"Not Reported",585,2,0
08/14/2020,Arlington,"Other Race",75,8,3
08/14/2020,Norfolk,"Not Reported",960,3,0
08/14/2020,Alexandria,"Other Race",53,7,2
08/14/2020,"Virginia Beach",White,1725,128,34
08/14/2020,Chesapeake,"Two or more races",25,1,1
08/14/2020,Alleghany,White,365,35,17
08/14/2020,"Rappahannock Rapidan","Other Race",27,1,0
08/14/2020,Chickahominy,"Not Reported",268,2,2
08/14/2020,Portsmouth,Black,1038,99,17
08/14/2020,Chickahominy,"Other Race",12,2,0
08/14/2020,"Virginia Beach",Latino,311,19,3
08/14/2020,Chesapeake,White,830,76,20
08/14/2020,Southside,Black,231,34,13
08/14/2020,Rappahannock,Latino,1128,101,8
08/14/2020,"Three Rivers","Two or more races",4,0,0
08/14/2020,Henrico,Black,1254,174,80
08/14/2020,Pittsylvania-Danville,Black,301,43,4
08/14/2020,"Lord Fairfax","Two or more races",11,0,0
08/14/2020,"Prince William",Latino,5078,585,66
08/14/2020,"Mount Rogers","Other Race",7,2,1
08/14/2020,"Central Shenandoah",Black,143,9,4
08/14/2020,Peninsula,White,663,77,27
08/14/2020,"Eastern Shore","Not Reported",84,0,0
08/14/2020,"Thomas Jefferson","Other Race",121,3,0
08/14/2020,Hampton,"Other Race",36,2,0
08/14/2020,"Lord Fairfax","Not Reported",319,4,6
08/14/2020,"Central Virginia","Other Race",10,0,0
08/14/2020,"Western Tidewater","Other Race",46,1,2
08/14/2020,Crater,Latino,170,9,4
08/14/2020,Chesapeake,Latino,218,17,1
08/14/2020,Chesterfield,White,873,87,65
08/14/2020,"Western Tidewater","Not Reported",686,3,1
08/14/2020,Fairfax,"Not Reported",2208,57,30
08/14/2020,Arlington,Black,311,72,32
08/14/2020,"Central Virginia",Latino,26,3,1
08/14/2020,Alexandria,"Not Reported",189,6,1
08/14/2020,"Three Rivers",Black,344,30,7
08/14/2020,"Prince William","Two or more races",32,1,0
08/14/2020,Loudoun,"Two or more races",36,1,0
08/14/2020,Peninsula,"Other Race",107,4,0
08/14/2020,"Thomas Jefferson",White,741,60,30
08/14/2020,Norfolk,"Other Race",66,2,1
08/14/2020,"Prince William","Not Reported",3760,23,0
08/14/2020,"West Piedmont",White,445,61,9
08/14/2020,Rappahannock,Black,585,72,13
08/14/2020,Norfolk,Black,1921,162,22
08/14/2020,Roanoke,Latino,277,10,0
08/14/2020,Piedmont,Latino,64,6,1
08/14/2020,Roanoke,"Not Reported",528,1,0
08/14/2020,"Virginia Beach","Other Race",85,2,0
08/14/2020,Arlington,"Two or more races",27,2,0
08/14/2020,Alexandria,White,566,53,33
08/14/2020,"Lord Fairfax","Other Race",60,6,1
08/14/2020,"Thomas Jefferson","Not Reported",169,1,0
08/14/2020,"Virginia Beach","Not Reported",1571,9,5
08/14/2020,Loudoun,Black,245,27,5
08/14/2020,Pittsylvania-Danville,Latino,51,3,0
08/14/2020,"Cumberland Plateau","Not Reported",10,0,0
08/14/2020,Chesterfield,"Not Reported",1911,4,9
08/14/2020,"Mount Rogers",White,1114,121,54
08/14/2020,Richmond,White,411,31,6
08/14/2020,Lenowisco,"Not Reported",65,3,1
08/14/2020,"Three Rivers",Latino,146,5,1
08/14/2020,Piedmont,"Not Reported",599,11,2
08/14/2020,"Mount Rogers",Latino,265,5,0
08/14/2020,"Central Shenandoah","Two or more races",14,1,0
08/14/2020,Crater,White,500,46,15
08/14/2020,Arlington,White,900,117,65
08/14/2020,Pittsylvania-Danville,"Other Race",0,0,0
08/14/2020,Chickahominy,Black,184,39,11
08/14/2020,Fairfax,Black,1236,207,56
08/14/2020,"Eastern Shore",Latino,255,12,3
08/14/2020,Norfolk,White,583,36,10
08/14/2020,"Mount Rogers","Two or more races",4,0,0
08/14/2020,Alleghany,"Two or more races",3,0,0
08/14/2020,Southside,White,178,26,18
08/14/2020,"Thomas Jefferson","Two or more races",23,0,0
08/14/2020,"Prince William",Black,1082,156,44
08/14/2020,"Lord Fairfax",White,1463,166,68
08/14/2020,"Cumberland Plateau",Latino,2,0,0
08/14/2020,Arlington,"Not Reported",293,2,0
08/14/2020,Rappahannock,"Other Race",68,3,0
08/14/2020,"Rappahannock Rapidan",Black,156,23,6
08/14/2020,"New River","Two or more races",3,0,0
08/14/2020,Arlington,Latino,1423,214,23
08/14/2020,Henrico,White,992,98,92
08/14/2020,Loudoun,White,1205,108,83
08/14/2020,Hampton,White,169,9,1
08/14/2020,Alleghany,Black,39,4,1
08/14/2020,"Prince William",White,1343,160,82
08/14/2020,Rappahannock,White,929,98,36
08/14/2020,Southside,"Other Race",9,0,1
08/14/2020,Portsmouth,"Two or more races",8,2,1
08/14/2020,"Western Tidewater",Black,1011,81,37
08/14/2020,Hampton,Latino,50,4,0
08/14/2020,Henrico,"Not Reported",754,3,4
08/14/2020,"West Piedmont","Two or more races",0,0,0
08/14/2020,Peninsula,"Not Reported",1243,2,0
08/14/2020,Loudoun,Latino,1632,164,14
08/14/2020,Alexandria,Black,579,80,14
08/14/2020,Piedmont,Black,427,58,14
08/14/2020,Roanoke,"Other Race",10,0,0
08/14/2020,Alexandria,"Two or more races",13,1,0
08/14/2020,"Western Tidewater",Latino,23,1,1
08/14/2020,Rappahannock,"Not Reported",1058,27,0
08/14/2020,"West Piedmont","Other Race",5,1,1
08/14/2020,Chickahominy,White,495,83,33
08/14/2020,"Thomas Jefferson",Latino,590,25,2
08/14/2020,"Cumberland Plateau",Black,19,0,0
08/14/2020,"Lord Fairfax",Latino,639,41,8
08/14/2020,"West Piedmont",Latino,199,8,1
08/14/2020,"Cumberland Plateau",White,362,30,5
08/14/2020,"Eastern Shore","Other Race",13,1,0
08/14/2020,"Cumberland Plateau","Two or more races",4,0,0
08/14/2020,Pittsylvania-Danville,"Two or more races",0,0,0
08/14/2020,Piedmont,"Other Race",8,0,0
08/14/2020,Alexandria,Latino,1546,125,10
08/14/2020,Chesapeake,Black,1163,140,14
08/14/2020,Richmond,"Other Race",99,6,2
08/14/2020,Henrico,Latino,770,52,8
08/14/2020,Piedmont,"Two or more races",4,2,0
08/14/2020,"Prince William","Other Race",321,15,0
08/14/2020,"New River","Not Reported",79,2,0
08/14/2020,"Rappahannock Rapidan",White,537,43,14
08/14/2020,"Central Virginia","Not Reported",1111,9,1
08/14/2020,"Virginia Beach","Two or more races",41,2,0
08/14/2020,Pittsylvania-Danville,White,204,27,4
08/14/2020,"Lord Fairfax",Black,117,13,6
08/14/2020,Fairfax,Latino,8490,940,77
08/14/2020,Chesterfield,"Asian or Pacific Islander",44,2,0
08/14/2020,Crater,"Asian or Pacific Islander",13,0,0
08/14/2020,Fairfax,"Asian or Pacific Islander",1381,243,71
08/14/2020,Hampton,"Asian or Pacific Islander",10,0,0
08/14/2020,"Rappahannock Rapidan","Asian or Pacific Islander",6,1,0
08/14/2020,"Mount Rogers","Asian or Pacific Islander",3,1,0
08/14/2020,"New River","Asian or Pacific Islander",7,0,0
08/14/2020,"Central Virginia","Asian or Pacific Islander",7,0,0
08/14/2020,"Lord Fairfax","Asian or Pacific Islander",13,0,0
08/14/2020,Southside,"Asian or Pacific Islander",1,0,0
08/14/2020,Alleghany,"Asian or Pacific Islander",8,0,0
08/14/2020,Portsmouth,"Asian or Pacific Islander",13,2,0
08/14/2020,Roanoke,"Asian or Pacific Islander",9,0,0
08/14/2020,Richmond,"Asian or Pacific Islander",20,3,1
08/14/2020,"Thomas Jefferson","Asian or Pacific Islander",34,0,1
08/14/2020,"Virginia Beach","Asian or Pacific Islander",201,20,2
08/14/2020,Henrico,"Asian or Pacific Islander",148,10,3
08/14/2020,Piedmont,"Asian or Pacific Islander",6,0,0
08/14/2020,"Western Tidewater","Asian or Pacific Islander",12,2,0
08/14/2020,"West Piedmont","Asian or Pacific Islander",12,1,1
08/14/2020,Chickahominy,"Asian or Pacific Islander",8,1,0
08/14/2020,Peninsula,"Asian or Pacific Islander",34,4,3
08/14/2020,Norfolk,"Asian or Pacific Islander",47,2,0
08/14/2020,Arlington,"Asian or Pacific Islander",144,22,12
08/14/2020,Loudoun,"Asian or Pacific Islander",277,43,11
08/14/2020,Alexandria,"Asian or Pacific Islander",102,10,1
08/14/2020,Rappahannock,"Asian or Pacific Islander",55,10,1
08/14/2020,Chesapeake,"Asian or Pacific Islander",47,8,4
08/14/2020,"Cumberland Plateau and Lenowisco","Asian or Pacific Islander",1,0,0
08/14/2020,"Central Shenandoah","Asian or Pacific Islander",23,2,0
08/14/2020,"Prince William","Asian or Pacific Islander",363,46,15
08/14/2020,Pittsylvania-Danville,"Asian or Pacific Islander",4,0,0
08/14/2020,"Eastern Shore and Three Rivers","Asian or Pacific Islander",10,1,0
08/14/2020,Piedmont,"Native American",1,0,0
08/14/2020,"New River","Native American",0,0,0
08/14/2020,"Central Shenandoah","Native American",3,1,0
08/14/2020,"Eastern Shore and Three Rivers","Native American",1,0,0
08/14/2020,Fairfax,"Native American",31,1,1
08/14/2020,Chesapeake,"Native American",10,0,0
08/14/2020,"Western Tidewater","Native American",2,0,0
08/14/2020,Portsmouth,"Native American",2,1,0
08/14/2020,Richmond,"Native American",0,0,0
08/14/2020,Chickahominy,"Native American",5,1,0
08/14/2020,"Thomas Jefferson","Native American",2,0,0
08/14/2020,Arlington,"Native American",3,0,0
08/14/2020,"Virginia Beach","Native American",5,0,0
08/14/2020,Peninsula,"Native American",4,1,0
08/14/2020,Hampton,"Native American",1,0,0
08/14/2020,"West Piedmont","Native American",3,0,0
08/14/2020,"Cumberland Plateau, Lenowisco, and Mount Rogers","Native American",1,0,0
08/14/2020,Henrico,"Native American",7,0,0
08/14/2020,Norfolk,"Native American",6,0,0
08/14/2020,"Prince William","Native American",13,1,0
08/14/2020,"Central Virginia","Native American",1,0,0
08/14/2020,Chesterfield,"Native American",3,0,0
08/14/2020,Rappahannock,"Native American",4,0,0
08/14/2020,Loudoun,"Native American",2,0,0
08/14/2020,Alexandria,"Native American",2,0,0
08/14/2020,"Alleghany and Roanoke","Native American",0,0,0
08/14/2020,Crater,"Native American",5,0,0
08/14/2020,"Rappahannock Rapidan","Native American",1,0,0
08/14/2020,"Lord Fairfax","Native American",2,1,1
08/14/2020,"Pittsylvania-Danville and Southside","Native American",0,0,0
08/15/2020,"Rappahannock Rapidan","Not Reported",533,10,1
08/15/2020,Portsmouth,"Other Race",64,2,1
08/15/2020,"Western Tidewater","Two or more races",17,0,0
08/15/2020,Piedmont,White,411,48,18
08/15/2020,Chesterfield,Latino,1180,74,7
08/15/2020,Lenowisco,White,419,43,8
08/15/2020,Lenowisco,"Two or more races",2,0,0
08/15/2020,Hampton,"Not Reported",493,1,1
08/15/2020,Southside,"Not Reported",418,9,4
08/15/2020,Roanoke,Black,81,9,3
08/15/2020,Hampton,Black,546,37,7
08/15/2020,Alleghany,"Other Race",3,1,0
08/15/2020,Lenowisco,Latino,6,0,0
08/15/2020,Loudoun,"Other Race",134,11,2
08/15/2020,"Central Shenandoah",Latino,895,54,5
08/15/2020,"Rappahannock Rapidan",Latino,728,59,6
08/15/2020,"Eastern Shore",Black,839,96,26
08/15/2020,Norfolk,Latino,277,18,0
08/15/2020,Hampton,"Two or more races",12,0,0
08/15/2020,Richmond,Black,1026,188,25
08/15/2020,Henrico,"Two or more races",24,1,0
08/15/2020,Fairfax,"Two or more races",56,5,0
08/15/2020,Alleghany,"Not Reported",448,2,0
08/15/2020,Portsmouth,"Not Reported",536,4,0
08/15/2020,"Cumberland Plateau","Other Race",1,1,0
08/15/2020,Southside,"Two or more races",23,0,0
08/15/2020,Portsmouth,White,234,13,5
08/15/2020,"Rappahannock Rapidan","Two or more races",21,2,0
08/15/2020,Fairfax,White,2969,453,292
08/15/2020,Fairfax,"Other Race",637,76,17
08/15/2020,Crater,"Two or more races",3,0,0
08/15/2020,"West Piedmont","Not Reported",299,28,0
08/15/2020,Henrico,"Other Race",91,12,0
08/15/2020,"Three Rivers",White,458,35,8
08/15/2020,"Central Virginia",Black,119,21,5
08/15/2020,Lenowisco,"Other Race",5,0,0
08/15/2020,"Three Rivers","Other Race",14,3,0
08/15/2020,"Western Tidewater",White,509,49,40
08/15/2020,"Mount Rogers",Black,43,6,2
08/15/2020,"Three Rivers","Not Reported",188,3,1
08/15/2020,"Thomas Jefferson",Black,392,61,11
08/15/2020,"Eastern Shore",White,222,25,17
08/15/2020,"Central Virginia",White,366,33,10
08/15/2020,Lenowisco,Black,5,1,1
08/15/2020,"Central Virginia","Two or more races",0,0,0
08/15/2020,Richmond,"Two or more races",11,0,0
08/15/2020,Crater,"Not Reported",577,8,4
08/15/2020,Chesterfield,"Two or more races",13,2,0
08/15/2020,"New River",Latino,76,5,0
08/15/2020,Richmond,Latino,1180,97,7
08/15/2020,Portsmouth,Latino,54,11,1
08/15/2020,Pittsylvania-Danville,"Not Reported",436,7,2
08/15/2020,Chesapeake,"Not Reported",812,7,0
08/15/2020,Chickahominy,Latino,73,4,0
08/15/2020,Crater,Black,1329,165,47
08/15/2020,Chesterfield,Black,730,91,25
08/15/2020,Chesterfield,"Other Race",181,7,0
08/15/2020,Peninsula,Black,784,61,17
08/15/2020,Roanoke,White,154,8,12
08/15/2020,"New River",Black,46,3,0
08/15/2020,Southside,Latino,5,0,0
08/15/2020,Peninsula,Latino,280,19,0
08/15/2020,Rappahannock,"Two or more races",21,2,0
08/15/2020,"Virginia Beach",Black,1353,83,11
08/15/2020,"Mount Rogers","Not Reported",69,1,1
08/15/2020,Loudoun,"Not Reported",1913,4,0
08/15/2020,Chesapeake,"Other Race",61,3,1
08/15/2020,Chickahominy,"Two or more races",1,1,0
08/15/2020,Crater,"Other Race",29,0,0
08/15/2020,Norfolk,"Two or more races",41,0,0
08/15/2020,"Eastern Shore","Two or more races",1,1,0
08/15/2020,"Central Shenandoah",White,1545,150,50
08/15/2020,"New River","Other Race",2,0,0
08/15/2020,"New River",White,404,23,8
08/15/2020,"Central Shenandoah","Other Race",45,1,0
08/15/2020,"West Piedmont",Black,299,55,5
08/15/2020,Alleghany,Latino,112,7,0
08/15/2020,"Central Shenandoah","Not Reported",232,3,1
08/15/2020,Roanoke,"Two or more races",2,1,0
08/15/2020,Peninsula,"Two or more races",34,2,0
08/15/2020,Richmond,"Not Reported",588,2,1
08/15/2020,Arlington,"Other Race",75,8,3
08/15/2020,Norfolk,"Not Reported",954,3,0
08/15/2020,Alexandria,"Other Race",56,7,2
08/15/2020,"Virginia Beach",White,1748,130,34
08/15/2020,Chesapeake,"Two or more races",27,1,1
08/15/2020,Alleghany,White,376,37,17
08/15/2020,"Rappahannock Rapidan","Other Race",28,1,0
08/15/2020,Chickahominy,"Not Reported",268,2,2
08/15/2020,Portsmouth,Black,1052,101,17
08/15/2020,Chickahominy,"Other Race",12,2,0
08/15/2020,"Virginia Beach",Latino,315,19,3
08/15/2020,Chesapeake,White,841,77,20
08/15/2020,Southside,Black,235,34,13
08/15/2020,Rappahannock,Latino,1138,101,8
08/15/2020,"Three Rivers","Two or more races",4,0,0
08/15/2020,Pittsylvania-Danville,Black,310,43,4
08/15/2020,"Lord Fairfax","Two or more races",11,0,0
08/15/2020,"Prince William",Latino,5114,586,66
08/15/2020,"Mount Rogers","Other Race",7,2,1
08/15/2020,"Central Shenandoah",Black,144,9,4
08/15/2020,Peninsula,White,671,77,27
08/15/2020,"Eastern Shore","Not Reported",84,0,0
08/15/2020,"Thomas Jefferson","Other Race",122,3,0
08/15/2020,Hampton,"Other Race",37,2,0
08/15/2020,"Lord Fairfax","Not Reported",321,4,6
08/15/2020,"Central Virginia","Other Race",10,0,0
08/15/2020,"Western Tidewater","Other Race",50,1,2
08/15/2020,Crater,Latino,170,9,4
08/15/2020,Chesapeake,Latino,218,17,1
08/15/2020,Chesterfield,White,892,88,65
08/15/2020,"Western Tidewater","Not Reported",697,3,1
08/15/2020,Fairfax,"Not Reported",2191,58,30
08/15/2020,Arlington,Black,319,72,32
08/15/2020,"Central Virginia",Latino,26,3,1
08/15/2020,Alexandria,"Not Reported",194,6,1
08/15/2020,"Three Rivers",Black,350,30,7
08/15/2020,"Prince William","Two or more races",33,1,0
08/15/2020,Loudoun,"Two or more races",36,1,0
08/15/2020,Peninsula,"Other Race",107,4,0
08/15/2020,"Thomas Jefferson",White,752,60,30
08/15/2020,Norfolk,"Other Race",67,2,1
08/15/2020,"Prince William","Not Reported",3753,23,0
08/15/2020,"West Piedmont",White,453,62,10
08/15/2020,Rappahannock,Black,591,72,13
08/15/2020,Norfolk,Black,1948,167,23
08/15/2020,Roanoke,Latino,285,11,0
08/15/2020,Piedmont,Latino,64,6,1
08/15/2020,Roanoke,"Not Reported",513,1,0
08/15/2020,"Virginia Beach","Other Race",90,2,0
08/15/2020,Arlington,"Two or more races",28,2,0
08/15/2020,Alexandria,White,569,54,33
08/15/2020,"Lord Fairfax","Other Race",60,6,1
08/15/2020,"Thomas Jefferson","Not Reported",174,1,0
08/15/2020,"Virginia Beach","Not Reported",1561,9,5
08/15/2020,Loudoun,Black,248,27,5
08/15/2020,Pittsylvania-Danville,Latino,52,3,0
08/15/2020,"Cumberland Plateau","Not Reported",12,0,0
08/15/2020,Chesterfield,"Not Reported",1917,3,9
08/15/2020,"Mount Rogers",White,1138,123,54
08/15/2020,Richmond,White,416,31,6
08/15/2020,Lenowisco,"Not Reported",72,4,1
08/15/2020,"Three Rivers",Latino,146,5,1
08/15/2020,Piedmont,"Not Reported",610,11,2
08/15/2020,"Mount Rogers",Latino,265,5,0
08/15/2020,"Central Shenandoah","Two or more races",9,1,0
08/15/2020,Crater,White,506,46,15
08/15/2020,Arlington,White,906,117,65
08/15/2020,Pittsylvania-Danville,"Other Race",0,0,0
08/15/2020,Chickahominy,Black,185,39,11
08/15/2020,Fairfax,Black,1250,207,56
08/15/2020,"Eastern Shore",Latino,255,12,3
08/15/2020,Norfolk,White,603,36,10
08/15/2020,"Mount Rogers","Two or more races",4,0,0
08/15/2020,Alleghany,"Two or more races",3,0,0
08/15/2020,Southside,White,181,26,18
08/15/2020,"Thomas Jefferson","Two or more races",23,0,0
08/15/2020,"Prince William",Black,1096,156,44
08/15/2020,"Lord Fairfax",White,1470,166,70
08/15/2020,"Cumberland Plateau",Latino,2,0,0
08/15/2020,Arlington,"Not Reported",285,2,0
08/15/2020,Rappahannock,"Other Race",70,3,0
08/15/2020,"Rappahannock Rapidan",Black,156,23,6
08/15/2020,"New River","Two or more races",3,0,0
08/15/2020,Arlington,Latino,1433,214,23
08/15/2020,Henrico,White,998,99,92
08/15/2020,Loudoun,White,1220,108,83
08/15/2020,Hampton,White,171,9,1
08/15/2020,Alleghany,Black,41,4,1
08/15/2020,"Prince William",White,1346,160,82
08/15/2020,Rappahannock,White,944,98,36
08/15/2020,Southside,"Other Race",9,0,1
08/15/2020,Portsmouth,"Two or more races",8,2,1
08/15/2020,"Western Tidewater",Black,1026,82,37
08/15/2020,Hampton,Latino,51,4,0
08/15/2020,Henrico,"Not Reported",753,3,4
08/15/2020,"West Piedmont","Two or more races",0,0,0
08/15/2020,Peninsula,"Not Reported",1260,2,0
08/15/2020,Loudoun,Latino,1651,166,14
08/15/2020,Alexandria,Black,588,80,14
08/15/2020,Piedmont,Black,429,58,14
08/15/2020,Roanoke,"Other Race",11,0,0
08/15/2020,Alexandria,"Two or more races",13,1,0
08/15/2020,"Western Tidewater",Latino,23,1,1
08/15/2020,Rappahannock,"Not Reported",1068,27,0
08/15/2020,"West Piedmont","Other Race",5,1,1
08/15/2020,Chickahominy,White,501,83,33
08/15/2020,"Thomas Jefferson",Latino,590,25,2
08/15/2020,"Cumberland Plateau",Black,20,0,0
08/15/2020,"Lord Fairfax",Latino,645,41,8
08/15/2020,"West Piedmont",Latino,199,8,1
08/15/2020,"Cumberland Plateau",White,370,32,5
08/15/2020,"Eastern Shore","Other Race",13,1,0
08/15/2020,"Cumberland Plateau","Two or more races",4,0,0
08/15/2020,Pittsylvania-Danville,"Two or more races",1,0,0
08/15/2020,Piedmont,"Other Race",8,0,0
08/15/2020,Alexandria,Latino,1557,125,10
08/15/2020,Chesapeake,Black,1179,140,14
08/15/2020,Richmond,"Other Race",98,6,2
08/15/2020,Henrico,Latino,774,52,8
08/15/2020,Piedmont,"Two or more races",4,2,0
08/15/2020,"Prince William","Other Race",323,15,0
08/15/2020,"New River","Not Reported",79,2,0
08/15/2020,"Rappahannock Rapidan",White,542,43,14
08/15/2020,"Central Virginia","Not Reported",1139,9,1
08/15/2020,"Virginia Beach","Two or more races",45,2,0
08/15/2020,Pittsylvania-Danville,White,208,28,4
08/15/2020,"Lord Fairfax",Black,117,13,6
08/15/2020,Fairfax,Latino,8517,943,79
08/15/2020,Chesterfield,"Asian or Pacific Islander",45,2,0
08/15/2020,Crater,"Asian or Pacific Islander",14,0,0
08/15/2020,Fairfax,"Asian or Pacific Islander",1391,244,71
08/15/2020,Hampton,"Asian or Pacific Islander",10,0,0
08/15/2020,"Rappahannock Rapidan","Asian or Pacific Islander",6,1,0
08/15/2020,"Mount Rogers","Asian or Pacific Islander",3,1,0
08/15/2020,"New River","Asian or Pacific Islander",7,0,0
08/15/2020,"Central Virginia","Asian or Pacific Islander",7,0,0
08/15/2020,"Lord Fairfax","Asian or Pacific Islander",13,0,0
08/15/2020,Southside,"Asian or Pacific Islander",1,0,0
08/15/2020,Alleghany,"Asian or Pacific Islander",8,0,0
08/15/2020,Portsmouth,"Asian or Pacific Islander",13,2,0
08/15/2020,Roanoke,"Asian or Pacific Islander",9,0,0
08/15/2020,Richmond,"Asian or Pacific Islander",20,3,1
08/15/2020,"Thomas Jefferson","Asian or Pacific Islander",34,0,1
08/15/2020,"Virginia Beach","Asian or Pacific Islander",205,20,2
08/15/2020,Henrico,"Asian or Pacific Islander",148,10,3
08/15/2020,Piedmont,"Asian or Pacific Islander",6,0,0
08/15/2020,"Western Tidewater","Asian or Pacific Islander",12,2,0
08/15/2020,"West Piedmont","Asian or Pacific Islander",12,1,1
08/15/2020,Chickahominy,"Asian or Pacific Islander",9,1,0
08/15/2020,Peninsula,"Asian or Pacific Islander",35,4,3
08/15/2020,Norfolk,"Asian or Pacific Islander",47,3,0
08/15/2020,Arlington,"Asian or Pacific Islander",147,22,12
08/15/2020,Loudoun,"Asian or Pacific Islander",278,43,11
08/15/2020,Alexandria,"Asian or Pacific Islander",102,10,1
08/15/2020,Rappahannock,"Asian or Pacific Islander",56,10,1
08/15/2020,Chesapeake,"Asian or Pacific Islander",49,8,4
08/15/2020,"Cumberland Plateau and Lenowisco","Asian or Pacific Islander",1,0,0
08/15/2020,"Central Shenandoah","Asian or Pacific Islander",23,2,0
08/15/2020,"Prince William","Asian or Pacific Islander",372,46,15
08/15/2020,Pittsylvania-Danville,"Asian or Pacific Islander",4,0,0
08/15/2020,"Eastern Shore and Three Rivers","Asian or Pacific Islander",10,1,0
08/15/2020,Piedmont,"Native American",1,0,0
08/15/2020,"New River","Native American",0,0,0
08/15/2020,"Central Shenandoah","Native American",3,1,0
08/15/2020,"Eastern Shore and Three Rivers","Native American",1,0,0
08/15/2020,Fairfax,"Native American",31,1,1
08/15/2020,Chesapeake,"Native American",10,0,0
08/15/2020,"Western Tidewater","Native American",2,0,0
08/15/2020,Portsmouth,"Native American",3,2,0
08/15/2020,Richmond,"Native American",0,0,0
08/15/2020,Chickahominy,"Native American",5,1,0
08/15/2020,"Thomas Jefferson","Native American",2,0,0
08/15/2020,Arlington,"Native American",3,0,0
08/15/2020,"Virginia Beach","Native American",5,0,0
08/15/2020,Peninsula,"Native American",4,1,0
08/15/2020,Hampton,"Native American",1,0,0
08/15/2020,"West Piedmont","Native American",3,0,0
08/15/2020,"Cumberland Plateau, Lenowisco, and Mount Rogers","Native American",1,0,0
08/15/2020,Henrico,"Native American",7,0,0
08/15/2020,Norfolk,"Native American",7,0,0
08/15/2020,"Prince William","Native American",13,1,0
08/15/2020,"Central Virginia","Native American",1,0,0
08/15/2020,Chesterfield,"Native American",4,0,0
08/15/2020,Rappahannock,"Native American",4,0,0
08/15/2020,Loudoun,"Native American",2,0,0
08/15/2020,Alexandria,"Native American",3,0,0
08/15/2020,"Alleghany and Roanoke","Native American",1,0,0
08/15/2020,Crater,"Native American",5,0,0
08/15/2020,"Rappahannock Rapidan","Native American",1,0,0
08/15/2020,"Lord Fairfax","Native American",2,1,1
08/15/2020,"Pittsylvania-Danville and Southside","Native American",0,0,0
08/16/2020,"Rappahannock Rapidan","Not Reported",540,10,1
08/16/2020,Portsmouth,"Other Race",64,2,1
08/16/2020,"Western Tidewater","Two or more races",17,0,0
08/16/2020,Piedmont,White,412,48,18
08/16/2020,Chesterfield,Latino,1182,74,7
08/16/2020,Lenowisco,White,435,45,8
08/16/2020,Lenowisco,"Two or more races",2,0,0
08/16/2020,Hampton,"Not Reported",499,1,1
08/16/2020,Southside,"Not Reported",419,9,4
08/16/2020,Roanoke,Black,81,9,3
08/16/2020,Hampton,Black,553,37,7
08/16/2020,Alleghany,"Other Race",3,1,0
08/16/2020,Lenowisco,Latino,6,0,0
08/16/2020,Loudoun,"Other Race",136,11,2
08/16/2020,"Central Shenandoah",Latino,899,54,5
08/16/2020,"Rappahannock Rapidan",Latino,732,59,6
08/16/2020,"Eastern Shore",Black,841,96,26
08/16/2020,Norfolk,Latino,280,18,0
08/16/2020,Hampton,"Two or more races",12,0,0
08/16/2020,Richmond,Black,1032,191,25
08/16/2020,Henrico,"Two or more races",25,1,0
08/16/2020,Fairfax,"Two or more races",58,5,0
08/16/2020,Alleghany,"Not Reported",444,2,0
08/16/2020,Portsmouth,"Not Reported",535,4,0
08/16/2020,"Cumberland Plateau","Other Race",1,1,0
08/16/2020,Southside,"Two or more races",23,0,0
08/16/2020,Portsmouth,White,234,13,5
08/16/2020,"Rappahannock Rapidan","Two or more races",21,2,0
08/16/2020,Fairfax,White,2987,453,292
08/16/2020,Fairfax,"Other Race",639,76,17
08/16/2020,Crater,"Two or more races",3,0,0
08/16/2020,"West Piedmont","Not Reported",299,28,0
08/16/2020,Henrico,"Other Race",91,12,0
08/16/2020,"Three Rivers",White,458,36,8
08/16/2020,"Central Virginia",Black,124,21,5
08/16/2020,Lenowisco,"Other Race",5,0,0
08/16/2020,"Three Rivers","Other Race",14,3,0
08/16/2020,"Western Tidewater",White,512,49,40
08/16/2020,"Mount Rogers",Black,43,6,2
08/16/2020,"Three Rivers","Not Reported",189,3,1
08/16/2020,"Thomas Jefferson",Black,401,62,11
08/16/2020,"Eastern Shore",White,224,25,17
08/16/2020,"Central Virginia",White,373,35,10
08/16/2020,Lenowisco,Black,5,1,1
08/16/2020,"Central Virginia","Two or more races",0,0,0
08/16/2020,Richmond,"Two or more races",11,0,0
08/16/2020,Crater,"Not Reported",584,8,4
08/16/2020,Chesterfield,"Two or more races",13,2,0
08/16/2020,"New River",Latino,76,5,0
08/16/2020,Richmond,Latino,1187,98,7
08/16/2020,Portsmouth,Latino,54,11,1
08/16/2020,Pittsylvania-Danville,"Not Reported",449,7,2
08/16/2020,Chesapeake,"Not Reported",835,7,0
08/16/2020,Chickahominy,Latino,73,4,0
08/16/2020,Crater,Black,1337,165,47
08/16/2020,Chesterfield,Black,732,91,25
08/16/2020,Chesterfield,"Other Race",181,7,0
08/16/2020,Peninsula,Black,790,61,17
08/16/2020,Roanoke,White,154,8,12
08/16/2020,"New River",Black,46,3,0
08/16/2020,Southside,Latino,5,0,0
08/16/2020,Peninsula,Latino,280,19,0
08/16/2020,Rappahannock,"Two or more races",21,2,0
08/16/2020,"Virginia Beach",Black,1374,83,11
08/16/2020,"Mount Rogers","Not Reported",72,2,1
08/16/2020,Loudoun,"Not Reported",1915,4,0
08/16/2020,Chesapeake,"Other Race",62,3,1
08/16/2020,Chickahominy,"Two or more races",1,1,0
08/16/2020,Crater,"Other Race",29,0,0
08/16/2020,Norfolk,"Two or more races",40,1,0
08/16/2020,"Eastern Shore","Two or more races",1,1,0
08/16/2020,"Central Shenandoah",White,1562,150,50
08/16/2020,"New River","Other Race",2,0,0
08/16/2020,"New River",White,411,23,8
08/16/2020,"Central Shenandoah","Other Race",46,1,0
08/16/2020,"West Piedmont",Black,299,55,5
08/16/2020,Alleghany,Latino,113,7,0
08/16/2020,"Central Shenandoah","Not Reported",235,3,1
08/16/2020,Roanoke,"Two or more races",2,1,0
08/16/2020,Peninsula,"Two or more races",34,2,0
08/16/2020,Richmond,"Not Reported",585,2,1
08/16/2020,Arlington,"Other Race",75,8,3
08/16/2020,Norfolk,"Not Reported",954,3,0
08/16/2020,Alexandria,"Other Race",58,7,2
08/16/2020,"Virginia Beach",White,1773,131,34
08/16/2020,Chesapeake,"Two or more races",30,1,1
08/16/2020,Alleghany,White,379,37,17
08/16/2020,"Rappahannock Rapidan","Other Race",28,1,0
08/16/2020,Chickahominy,"Not Reported",269,2,2
08/16/2020,Portsmouth,Black,1054,101,17
08/16/2020,Chickahominy,"Other Race",12,2,0
08/16/2020,"Virginia Beach",Latino,317,19,3
08/16/2020,Chesapeake,White,855,78,20
08/16/2020,Southside,Black,236,34,13
08/16/2020,Rappahannock,Latino,1142,101,8
08/16/2020,"Three Rivers","Two or more races",4,0,0
08/16/2020,Henrico,Black,1293,175,80
08/16/2020,Pittsylvania-Danville,Black,311,43,4
08/16/2020,"Lord Fairfax","Two or more races",11,0,0
08/16/2020,"Prince William",Latino,5134,586,66
08/16/2020,"Mount Rogers","Other Race",7,2,1
08/16/2020,"Central Shenandoah",Black,144,9,4
08/16/2020,Peninsula,White,676,77,27
08/16/2020,"Eastern Shore","Not Reported",84,0,0
08/16/2020,"Thomas Jefferson","Other Race",124,3,0
08/16/2020,Hampton,"Other Race",38,2,0
08/16/2020,"Lord Fairfax","Not Reported",325,4,6
08/16/2020,"Central Virginia","Other Race",10,0,0
08/16/2020,"Western Tidewater","Other Race",52,1,2
08/16/2020,Crater,Latino,171,9,4
08/16/2020,Chesapeake,Latino,222,18,1
08/16/2020,Chesterfield,White,894,88,65
08/16/2020,"Western Tidewater","Not Reported",710,3,1
08/16/2020,Fairfax,"Not Reported",2248,58,30
08/16/2020,Arlington,Black,320,72,32
08/16/2020,"Central Virginia",Latino,26,3,1
08/16/2020,Alexandria,"Not Reported",198,6,1
08/16/2020,"Three Rivers",Black,351,30,7
08/16/2020,"Prince William","Two or more races",33,1,0
08/16/2020,Loudoun,"Two or more races",38,1,0
08/16/2020,Peninsula,"Other Race",111,4,0
08/16/2020,"Thomas Jefferson",White,765,61,30
08/16/2020,Norfolk,"Other Race",72,3,1
08/16/2020,"Prince William","Not Reported",3798,23,0
08/16/2020,"West Piedmont",White,453,62,10
08/16/2020,Rappahannock,Black,600,72,13
08/16/2020,Norfolk,Black,1972,169,23
08/16/2020,Roanoke,Latino,286,11,0
08/16/2020,Piedmont,Latino,64,6,1
08/16/2020,Roanoke,"Not Reported",520,1,0
08/16/2020,"Virginia Beach","Other Race",91,2,0
08/16/2020,Arlington,"Two or more races",28,2,0
08/16/2020,Alexandria,White,577,54,33
08/16/2020,"Lord Fairfax","Other Race",60,6,1
08/16/2020,"Thomas Jefferson","Not Reported",174,1,0
08/16/2020,"Virginia Beach","Not Reported",1580,9,5
08/16/2020,Loudoun,Black,249,27,5
08/16/2020,Pittsylvania-Danville,Latino,54,3,0
08/16/2020,"Cumberland Plateau","Not Reported",11,0,0
08/16/2020,Chesterfield,"Not Reported",1943,3,9
08/16/2020,"Mount Rogers",White,1165,126,54
08/16/2020,Richmond,White,422,32,6
08/16/2020,Lenowisco,"Not Reported",73,3,1
08/16/2020,"Three Rivers",Latino,146,5,1
08/16/2020,Piedmont,"Not Reported",613,11,2
08/16/2020,"Mount Rogers",Latino,265,6,0
08/16/2020,"Central Shenandoah","Two or more races",9,1,0
08/16/2020,Crater,White,508,46,15
08/16/2020,Arlington,White,911,117,65
08/16/2020,Pittsylvania-Danville,"Other Race",0,0,0
08/16/2020,Chickahominy,Black,186,39,11
08/16/2020,Fairfax,Black,1258,208,56
08/16/2020,"Eastern Shore",Latino,255,12,3
08/16/2020,Norfolk,White,609,37,10
08/16/2020,"Mount Rogers","Two or more races",4,0,0
08/16/2020,Alleghany,"Two or more races",3,0,0
08/16/2020,Southside,White,182,26,18
08/16/2020,"Thomas Jefferson","Two or more races",23,0,0
08/16/2020,"Prince William",Black,1106,157,44
08/16/2020,"Lord Fairfax",White,1478,167,70
08/16/2020,"Cumberland Plateau",Latino,2,0,0
08/16/2020,Arlington,"Not Reported",300,2,0
08/16/2020,Rappahannock,"Other Race",71,3,0
08/16/2020,"Rappahannock Rapidan",Black,156,23,6
08/16/2020,"New River","Two or more races",3,0,0
08/16/2020,Arlington,Latino,1442,214,23
08/16/2020,Henrico,White,1006,99,92
08/16/2020,Loudoun,White,1227,108,83
08/16/2020,Hampton,White,173,9,1
08/16/2020,Alleghany,Black,41,4,1
08/16/2020,"Prince William",White,1350,160,82
08/16/2020,Rappahannock,White,953,99,36
08/16/2020,Southside,"Other Race",9,0,1
08/16/2020,Portsmouth,"Two or more races",8,2,1
08/16/2020,"Western Tidewater",Black,1041,84,37
08/16/2020,Hampton,Latino,51,4,0
08/16/2020,Henrico,"Not Reported",757,3,4
08/16/2020,"West Piedmont","Two or more races",0,0,0
08/16/2020,Peninsula,"Not Reported",1278,2,0
08/16/2020,Loudoun,Latino,1663,166,14
08/16/2020,Alexandria,Black,592,80,14
08/16/2020,Piedmont,Black,431,58,14
08/16/2020,Roanoke,"Other Race",11,0,0
08/16/2020,Alexandria,"Two or more races",14,1,0
08/16/2020,"Western Tidewater",Latino,23,1,1
08/16/2020,Rappahannock,"Not Reported",1079,27,0
08/16/2020,"West Piedmont","Other Race",5,1,1
08/16/2020,Chickahominy,White,507,83,33
08/16/2020,"Thomas Jefferson",Latino,592,25,2
08/16/2020,"Cumberland Plateau",Black,20,0,0
08/16/2020,"Lord Fairfax",Latino,649,41,8
08/16/2020,"West Piedmont",Latino,199,8,1
08/16/2020,"Cumberland Plateau",White,378,32,5
08/16/2020,"Eastern Shore","Other Race",13,1,0
08/16/2020,"Cumberland Plateau","Two or more races",4,0,0
08/16/2020,Pittsylvania-Danville,"Two or more races",1,0,0
08/16/2020,Piedmont,"Other Race",8,0,0
08/16/2020,Alexandria,Latino,1560,126,10
08/16/2020,Chesapeake,Black,1195,142,14
08/16/2020,Richmond,"Other Race",97,6,2
08/16/2020,Henrico,Latino,780,52,8
08/16/2020,Piedmont,"Two or more races",4,2,0
08/16/2020,"Prince William","Other Race",327,15,0
08/16/2020,"New River","Not Reported",83,2,0
08/16/2020,"Rappahannock Rapidan",White,546,43,14
08/16/2020,"Central Virginia","Not Reported",1182,9,1
08/16/2020,"Virginia Beach","Two or more races",45,2,0
08/16/2020,Pittsylvania-Danville,White,213,29,4
08/16/2020,"Lord Fairfax",Black,117,13,6
08/16/2020,Fairfax,Latino,8544,943,79
08/16/2020,Chesterfield,"Asian or Pacific Islander",45,2,0
08/16/2020,Crater,"Asian or Pacific Islander",14,0,0
08/16/2020,Fairfax,"Asian or Pacific Islander",1395,244,71
08/16/2020,Hampton,"Asian or Pacific Islander",10,0,0
08/16/2020,"Rappahannock Rapidan","Asian or Pacific Islander",6,1,0
08/16/2020,"Mount Rogers","Asian or Pacific Islander",3,1,0
08/16/2020,"New River","Asian or Pacific Islander",8,0,0
08/16/2020,"Central Virginia","Asian or Pacific Islander",7,0,0
08/16/2020,"Lord Fairfax","Asian or Pacific Islander",13,0,0
08/16/2020,Southside,"Asian or Pacific Islander",1,0,0
08/16/2020,Alleghany,"Asian or Pacific Islander",8,0,0
08/16/2020,Portsmouth,"Asian or Pacific Islander",13,2,0
08/16/2020,Roanoke,"Asian or Pacific Islander",9,0,0
08/16/2020,Richmond,"Asian or Pacific Islander",20,3,1
08/16/2020,"Thomas Jefferson","Asian or Pacific Islander",35,0,1
08/16/2020,"Virginia Beach","Asian or Pacific Islander",208,20,2
08/16/2020,Henrico,"Asian or Pacific Islander",149,10,3
08/16/2020,Piedmont,"Asian or Pacific Islander",6,0,0
08/16/2020,"Western Tidewater","Asian or Pacific Islander",12,2,0
08/16/2020,"West Piedmont","Asian or Pacific Islander",12,1,1
08/16/2020,Chickahominy,"Asian or Pacific Islander",9,1,0
08/16/2020,Peninsula,"Asian or Pacific Islander",35,4,3
08/16/2020,Norfolk,"Asian or Pacific Islander",48,3,0
08/16/2020,Arlington,"Asian or Pacific Islander",150,22,12
08/16/2020,Loudoun,"Asian or Pacific Islander",281,43,11
08/16/2020,Alexandria,"Asian or Pacific Islander",102,10,1
08/16/2020,Rappahannock,"Asian or Pacific Islander",56,10,1
08/16/2020,Chesapeake,"Asian or Pacific Islander",49,8,4
08/16/2020,"Cumberland Plateau and Lenowisco","Asian or Pacific Islander",1,0,0
08/16/2020,"Central Shenandoah","Asian or Pacific Islander",23,2,0
08/16/2020,"Prince William","Asian or Pacific Islander",374,47,15
08/16/2020,Pittsylvania-Danville,"Asian or Pacific Islander",4,0,0
08/16/2020,"Eastern Shore and Three Rivers","Asian or Pacific Islander",10,1,0
08/16/2020,Piedmont,"Native American",1,0,0
08/16/2020,"New River","Native American",0,0,0
08/16/2020,"Central Shenandoah","Native American",3,1,0
08/16/2020,"Eastern Shore and Three Rivers","Native American",1,0,0
08/16/2020,Fairfax,"Native American",31,1,1
08/16/2020,Chesapeake,"Native American",10,0,0
08/16/2020,"Western Tidewater","Native American",2,0,0
08/16/2020,Portsmouth,"Native American",3,2,0
08/16/2020,Richmond,"Native American",0,0,0
08/16/2020,Chickahominy,"Native American",5,1,0
08/16/2020,"Thomas Jefferson","Native American",2,0,0
08/16/2020,Arlington,"Native American",3,0,0
08/16/2020,"Virginia Beach","Native American",6,0,0
08/16/2020,Peninsula,"Native American",4,1,0
08/16/2020,Hampton,"Native American",1,0,0
08/16/2020,"West Piedmont","Native American",3,0,0
08/16/2020,"Cumberland Plateau, Lenowisco, and Mount Rogers","Native American",1,0,0
08/16/2020,Henrico,"Native American",8,0,0
08/16/2020,Norfolk,"Native American",7,0,0
08/16/2020,"Prince William","Native American",13,1,0
08/16/2020,"Central Virginia","Native American",1,0,0
08/16/2020,Chesterfield,"Native American",4,0,0
08/16/2020,Rappahannock,"Native American",4,0,0
08/16/2020,Loudoun,"Native American",2,0,0
08/16/2020,Alexandria,"Native American",3,0,0
08/16/2020,"Alleghany and Roanoke","Native American",1,0,0
08/16/2020,Crater,"Native American",5,0,0
08/16/2020,"Rappahannock Rapidan","Native American",1,0,0
08/16/2020,"Lord Fairfax","Native American",2,1,1
08/16/2020,"Pittsylvania-Danville and Southside","Native American",0,0,0
08/17/2020,"Rappahannock Rapidan","Not Reported",545,10,1
08/17/2020,Portsmouth,"Other Race",67,2,1
08/17/2020,"Western Tidewater","Two or more races",19,0,0
08/17/2020,Piedmont,White,413,48,18
08/17/2020,Chesterfield,Latino,1183,74,7
08/17/2020,Lenowisco,White,444,45,8
08/17/2020,Lenowisco,"Two or more races",2,0,0
08/17/2020,Hampton,"Not Reported",503,1,1
08/17/2020,Southside,"Not Reported",419,9,4
08/17/2020,Roanoke,Black,89,9,3
08/17/2020,Hampton,Black,556,37,7
08/17/2020,Alleghany,"Other Race",3,1,0
08/17/2020,Lenowisco,Latino,7,0,0
08/17/2020,Loudoun,"Other Race",138,11,2
08/17/2020,"Central Shenandoah",Latino,907,54,5
08/17/2020,"Rappahannock Rapidan",Latino,733,59,6
08/17/2020,"Eastern Shore",Black,843,96,26
08/17/2020,Norfolk,Latino,280,18,0
08/17/2020,Hampton,"Two or more races",13,0,0
08/17/2020,Richmond,Black,1062,195,25
08/17/2020,Henrico,"Two or more races",25,1,0
08/17/2020,Fairfax,"Two or more races",58,5,0
08/17/2020,Alleghany,"Not Reported",437,2,0
08/17/2020,Portsmouth,"Not Reported",545,4,0
08/17/2020,"Cumberland Plateau","Other Race",1,1,0
08/17/2020,Southside,"Two or more races",23,0,0
08/17/2020,Portsmouth,White,237,13,5
08/17/2020,"Rappahannock Rapidan","Two or more races",21,2,0
08/17/2020,Fairfax,White,3001,453,292
08/17/2020,Fairfax,"Other Race",644,76,17
08/17/2020,Crater,"Two or more races",3,0,0
08/17/2020,"West Piedmont","Not Reported",299,28,0
08/17/2020,Henrico,"Other Race",94,12,0
08/17/2020,"Three Rivers",White,463,37,8
08/17/2020,"Central Virginia",Black,124,21,5
08/17/2020,Lenowisco,"Other Race",5,0,0
08/17/2020,"Three Rivers","Other Race",14,3,0
08/17/2020,"Western Tidewater",White,517,50,40
08/17/2020,"Mount Rogers",Black,43,6,2
08/17/2020,"Three Rivers","Not Reported",190,3,1
08/17/2020,"Thomas Jefferson",Black,407,62,11
08/17/2020,"Eastern Shore",White,226,25,17
08/17/2020,"Central Virginia",White,373,35,10
08/17/2020,Lenowisco,Black,5,1,1
08/17/2020,"Central Virginia","Two or more races",0,0,0
08/17/2020,Richmond,"Two or more races",12,0,0
08/17/2020,Crater,"Not Reported",588,9,4
08/17/2020,Chesterfield,"Two or more races",13,2,0
08/17/2020,"New River",Latino,76,5,0
08/17/2020,Richmond,Latino,1191,98,7
08/17/2020,Portsmouth,Latino,54,11,1
08/17/2020,Pittsylvania-Danville,"Not Reported",448,7,1
08/17/2020,Chesapeake,"Not Reported",843,7,0
08/17/2020,Chickahominy,Latino,73,4,0
08/17/2020,Crater,Black,1350,166,47
08/17/2020,Chesterfield,Black,734,91,25
08/17/2020,Chesterfield,"Other Race",181,7,0
08/17/2020,Peninsula,Black,794,61,17
08/17/2020,Roanoke,White,162,8,12
08/17/2020,"New River",Black,47,3,0
08/17/2020,Southside,Latino,5,0,0
08/17/2020,Peninsula,Latino,281,19,0
08/17/2020,Rappahannock,"Two or more races",22,2,0
08/17/2020,"Virginia Beach",Black,1387,83,11
08/17/2020,"Mount Rogers","Not Reported",77,3,1
08/17/2020,Loudoun,"Not Reported",1915,4,0
08/17/2020,Chesapeake,"Other Race",63,3,1
08/17/2020,Chickahominy,"Two or more races",2,1,0
08/17/2020,Crater,"Other Race",29,0,0
08/17/2020,Norfolk,"Two or more races",39,1,0
08/17/2020,"Eastern Shore","Two or more races",1,1,0
08/17/2020,"Central Shenandoah",White,1572,153,50
08/17/2020,"New River","Other Race",2,0,0
08/17/2020,"New River",White,414,23,8
08/17/2020,"Central Shenandoah","Other Race",46,1,0
08/17/2020,"West Piedmont",Black,300,55,5
08/17/2020,Alleghany,Latino,119,7,0
08/17/2020,"Central Shenandoah","Not Reported",237,3,1
08/17/2020,Roanoke,"Two or more races",2,1,0
08/17/2020,Peninsula,"Two or more races",34,2,0
08/17/2020,Richmond,"Not Reported",592,2,1
08/17/2020,Arlington,"Other Race",76,8,3
08/17/2020,Norfolk,"Not Reported",955,3,0
08/17/2020,Alexandria,"Other Race",59,7,2
08/17/2020,"Virginia Beach",White,1782,132,34
08/17/2020,Chesapeake,"Two or more races",31,1,1
08/17/2020,Alleghany,White,391,38,17
08/17/2020,"Rappahannock Rapidan","Other Race",29,1,0
08/17/2020,Chickahominy,"Not Reported",269,2,2
08/17/2020,Portsmouth,Black,1068,101,17
08/17/2020,Chickahominy,"Other Race",12,2,0
08/17/2020,"Virginia Beach",Latino,322,19,3
08/17/2020,Chesapeake,White,871,78,20
08/17/2020,Southside,Black,238,34,13
08/17/2020,Rappahannock,Latino,1146,101,8
08/17/2020,"Three Rivers","Two or more races",4,0,0
08/17/2020,Henrico,Black,1304,175,80
08/17/2020,Pittsylvania-Danville,Black,321,43,5
08/17/2020,"Lord Fairfax","Two or more races",11,0,0
08/17/2020,"Prince William",Latino,5141,586,66
08/17/2020,"Mount Rogers","Other Race",7,2,2
08/17/2020,"Central Shenandoah",Black,145,10,4
08/17/2020,Peninsula,White,688,77,27
08/17/2020,"Eastern Shore","Not Reported",84,0,0
08/17/2020,"Thomas Jefferson","Other Race",124,3,0
08/17/2020,Hampton,"Other Race",38,2,0
08/17/2020,"Lord Fairfax","Not Reported",326,4,6
08/17/2020,"Central Virginia","Other Race",10,0,0
08/17/2020,"Western Tidewater","Other Race",53,1,2
08/17/2020,Crater,Latino,171,9,4
08/17/2020,Chesapeake,Latino,224,18,1
08/17/2020,Chesterfield,White,899,88,65
08/17/2020,"Western Tidewater","Not Reported",713,3,1
08/17/2020,Fairfax,"Not Reported",2276,58,31
08/17/2020,Arlington,Black,321,72,32
08/17/2020,"Central Virginia",Latino,26,3,1
08/17/2020,Alexandria,"Not Reported",199,6,1
08/17/2020,"Three Rivers",Black,358,31,7
08/17/2020,"Prince William","Two or more races",33,1,0
08/17/2020,Loudoun,"Two or more races",38,1,0
08/17/2020,Peninsula,"Other Race",112,4,0
08/17/2020,"Thomas Jefferson",White,771,61,30
08/17/2020,Norfolk,"Other Race",75,3,1
08/17/2020,"Prince William","Not Reported",3807,23,0
08/17/2020,"West Piedmont",White,453,62,10
08/17/2020,Rappahannock,Black,608,73,13
08/17/2020,Norfolk,Black,1981,169,23
08/17/2020,Roanoke,Latino,297,12,0
08/17/2020,Piedmont,Latino,64,6,1
08/17/2020,Roanoke,"Not Reported",510,1,0
08/17/2020,"Virginia Beach","Other Race",92,2,0
08/17/2020,Arlington,"Two or more races",28,2,0
08/17/2020,Alexandria,White,588,54,33
08/17/2020,"Lord Fairfax","Other Race",60,6,1
08/17/2020,"Thomas Jefferson","Not Reported",179,1,0
08/17/2020,"Virginia Beach","Not Reported",1600,9,5
08/17/2020,Loudoun,Black,250,27,5
08/17/2020,Pittsylvania-Danville,Latino,55,3,0
08/17/2020,"Cumberland Plateau","Not Reported",11,0,0
08/17/2020,Chesterfield,"Not Reported",1938,3,9
08/17/2020,"Mount Rogers",White,1186,129,54
08/17/2020,Richmond,White,431,32,6
08/17/2020,Lenowisco,"Not Reported",73,3,1
08/17/2020,"Three Rivers",Latino,146,5,1
08/17/2020,Piedmont,"Not Reported",620,11,2
08/17/2020,"Mount Rogers",Latino,266,6,0
08/17/2020,"Central Shenandoah","Two or more races",10,1,0
08/17/2020,Crater,White,513,46,15
08/17/2020,Arlington,White,915,117,65
08/17/2020,Pittsylvania-Danville,"Other Race",0,0,0
08/17/2020,Chickahominy,Black,188,39,11
08/17/2020,Fairfax,Black,1267,208,56
08/17/2020,"Eastern Shore",Latino,255,12,3
08/17/2020,Norfolk,White,617,37,10
08/17/2020,"Mount Rogers","Two or more races",4,0,0
08/17/2020,Alleghany,"Two or more races",3,0,0
08/17/2020,Southside,White,182,26,18
08/17/2020,"Thomas Jefferson","Two or more races",23,0,0
08/17/2020,"Prince William",Black,1116,157,44
08/17/2020,"Lord Fairfax",White,1481,169,70
08/17/2020,"Cumberland Plateau",Latino,2,0,0
08/17/2020,Arlington,"Not Reported",309,2,0
08/17/2020,Rappahannock,"Other Race",72,3,0
08/17/2020,"Rappahannock Rapidan",Black,157,23,6
08/17/2020,"New River","Two or more races",3,0,0
08/17/2020,Arlington,Latino,1444,214,23
08/17/2020,Henrico,White,1014,101,92
08/17/2020,Loudoun,White,1233,108,83
08/17/2020,Hampton,White,177,9,1
08/17/2020,Alleghany,Black,45,4,1
08/17/2020,"Prince William",White,1362,160,82
08/17/2020,Rappahannock,White,961,100,36
08/17/2020,Southside,"Other Race",9,0,1
08/17/2020,Portsmouth,"Two or more races",8,2,1
08/17/2020,"Western Tidewater",Black,1056,85,37
08/17/2020,Hampton,Latino,51,4,0
08/17/2020,Henrico,"Not Reported",765,3,4
08/17/2020,"West Piedmont","Two or more races",0,0,0
08/17/2020,Peninsula,"Not Reported",1289,2,0
08/17/2020,Loudoun,Latino,1669,166,14
08/17/2020,Alexandria,Black,599,80,14
08/17/2020,Piedmont,Black,433,58,14
08/17/2020,Roanoke,"Other Race",11,0,0
08/17/2020,Alexandria,"Two or more races",15,1,0
08/17/2020,"Western Tidewater",Latino,24,1,1
08/17/2020,Rappahannock,"Not Reported",1083,27,0
08/17/2020,"West Piedmont","Other Race",5,1,1
08/17/2020,Chickahominy,White,508,84,33
08/17/2020,"Thomas Jefferson",Latino,593,25,2
08/17/2020,"Cumberland Plateau",Black,20,0,0
08/17/2020,"Lord Fairfax",Latino,649,41,8
08/17/2020,"West Piedmont",Latino,199,8,1
08/17/2020,"Cumberland Plateau",White,385,32,5
08/17/2020,"Eastern Shore","Other Race",13,1,0
08/17/2020,"Cumberland Plateau","Two or more races",4,0,0
08/17/2020,Pittsylvania-Danville,"Two or more races",1,0,0
08/17/2020,Piedmont,"Other Race",8,0,0
08/17/2020,Alexandria,Latino,1565,126,10
08/17/2020,Chesapeake,Black,1211,142,14
08/17/2020,Richmond,"Other Race",95,6,2
08/17/2020,Henrico,Latino,788,52,8
08/17/2020,Piedmont,"Two or more races",4,2,0
08/17/2020,"Prince William","Other Race",329,15,0
08/17/2020,"New River","Not Reported",88,2,0
08/17/2020,"Rappahannock Rapidan",White,549,43,14
08/17/2020,"Central Virginia","Not Reported",1185,9,1
08/17/2020,"Virginia Beach","Two or more races",45,2,0
08/17/2020,Pittsylvania-Danville,White,220,29,5
08/17/2020,"Lord Fairfax",Black,117,13,6
08/17/2020,Fairfax,Latino,8557,943,80
08/17/2020,Chesterfield,"Asian or Pacific Islander",45,2,0
08/17/2020,Crater,"Asian or Pacific Islander",14,0,0
08/17/2020,Fairfax,"Asian or Pacific Islander",1402,245,71
08/17/2020,Hampton,"Asian or Pacific Islander",10,0,0
08/17/2020,"Rappahannock Rapidan","Asian or Pacific Islander",6,1,0
08/17/2020,"Mount Rogers","Asian or Pacific Islander",3,1,0
08/17/2020,"New River","Asian or Pacific Islander",8,0,0
08/17/2020,"Central Virginia","Asian or Pacific Islander",7,0,0
08/17/2020,"Lord Fairfax","Asian or Pacific Islander",13,0,0
08/17/2020,Southside,"Asian or Pacific Islander",1,0,0
08/17/2020,Alleghany,"Asian or Pacific Islander",9,0,0
08/17/2020,Portsmouth,"Asian or Pacific Islander",13,2,0
08/17/2020,Roanoke,"Asian or Pacific Islander",10,0,0
08/17/2020,Richmond,"Asian or Pacific Islander",21,3,1
08/17/2020,"Thomas Jefferson","Asian or Pacific Islander",35,0,1
08/17/2020,"Virginia Beach","Asian or Pacific Islander",210,20,2
08/17/2020,Henrico,"Asian or Pacific Islander",151,10,3
08/17/2020,Piedmont,"Asian or Pacific Islander",6,0,0
08/17/2020,"Western Tidewater","Asian or Pacific Islander",12,2,0
08/17/2020,"West Piedmont","Asian or Pacific Islander",12,1,1
08/17/2020,Chickahominy,"Asian or Pacific Islander",11,1,0
08/17/2020,Peninsula,"Asian or Pacific Islander",35,4,3
08/17/2020,Norfolk,"Asian or Pacific Islander",48,3,0
08/17/2020,Arlington,"Asian or Pacific Islander",150,22,12
08/17/2020,Loudoun,"Asian or Pacific Islander",283,44,11
08/17/2020,Alexandria,"Asian or Pacific Islander",102,10,1
08/17/2020,Rappahannock,"Asian or Pacific Islander",57,10,1
08/17/2020,Chesapeake,"Asian or Pacific Islander",50,8,4
08/17/2020,"Cumberland Plateau and Lenowisco","Asian or Pacific Islander",1,0,0
08/17/2020,"Central Shenandoah","Asian or Pacific Islander",24,2,0
08/17/2020,"Prince William","Asian or Pacific Islander",377,47,15
08/17/2020,Pittsylvania-Danville,"Asian or Pacific Islander",3,0,0
08/17/2020,"Eastern Shore and Three Rivers","Asian or Pacific Islander",12,1,0
08/17/2020,Piedmont,"Native American",1,0,0
08/17/2020,"New River","Native American",0,0,0
08/17/2020,"Central Shenandoah","Native American",3,1,0
08/17/2020,"Eastern Shore and Three Rivers","Native American",1,0,0
08/17/2020,Fairfax,"Native American",31,1,1
08/17/2020,Chesapeake,"Native American",10,0,0
08/17/2020,"Western Tidewater","Native American",2,0,0
08/17/2020,Portsmouth,"Native American",3,2,0
08/17/2020,Richmond,"Native American",0,0,0
08/17/2020,Chickahominy,"Native American",5,1,0
08/17/2020,"Thomas Jefferson","Native American",2,0,0
08/17/2020,Arlington,"Native American",3,0,0
08/17/2020,"Virginia Beach","Native American",6,0,0
08/17/2020,Peninsula,"Native American",4,1,0
08/17/2020,Hampton,"Native American",1,0,0
08/17/2020,"West Piedmont","Native American",3,0,0
08/17/2020,"Cumberland Plateau, Lenowisco, and Mount Rogers","Native American",1,0,0
08/17/2020,Henrico,"Native American",8,0,0
08/17/2020,Norfolk,"Native American",7,0,0
08/17/2020,"Prince William","Native American",13,1,0
08/17/2020,"Central Virginia","Native American",1,0,0
08/17/2020,Chesterfield,"Native American",4,0,0
08/17/2020,Rappahannock,"Native American",4,0,0
08/17/2020,Loudoun,"Native American",2,0,0
08/17/2020,Alexandria,"Native American",3,0,0
08/17/2020,"Alleghany and Roanoke","Native American",1,0,0
08/17/2020,Crater,"Native American",5,0,0
08/17/2020,"Rappahannock Rapidan","Native American",1,0,0
08/17/2020,"Lord Fairfax","Native American",2,1,1
08/17/2020,"Pittsylvania-Danville and Southside","Native American",0,0,0
08/18/2020,"Rappahannock Rapidan","Not Reported",543,10,1
08/18/2020,Portsmouth,"Other Race",71,2,1
08/18/2020,"Western Tidewater","Two or more races",19,0,0
08/18/2020,Piedmont,White,413,48,18
08/18/2020,Chesterfield,Latino,1191,74,7
08/18/2020,Lenowisco,White,461,45,8
08/18/2020,Lenowisco,"Two or more races",2,0,0
08/18/2020,Hampton,"Not Reported",502,1,1
08/18/2020,Southside,"Not Reported",424,9,4
08/18/2020,Roanoke,Black,94,9,3
08/18/2020,Hampton,Black,567,37,7
08/18/2020,Alleghany,"Other Race",3,1,0
08/18/2020,Lenowisco,Latino,8,0,0
08/18/2020,Loudoun,"Other Race",143,11,2
08/18/2020,"Central Shenandoah",Latino,910,54,5
08/18/2020,"Rappahannock Rapidan",Latino,737,59,6
08/18/2020,"Eastern Shore",Black,844,96,26
08/18/2020,Norfolk,Latino,282,18,0
08/18/2020,Hampton,"Two or more races",13,0,0
08/18/2020,Richmond,Black,1076,200,25
08/18/2020,Henrico,"Two or more races",27,1,0
08/18/2020,Fairfax,"Two or more races",58,5,0
08/18/2020,Alleghany,"Not Reported",421,2,0
08/18/2020,Portsmouth,"Not Reported",541,4,0
08/18/2020,"Cumberland Plateau","Other Race",1,1,0
08/18/2020,Southside,"Two or more races",23,0,0
08/18/2020,Portsmouth,White,241,13,5
08/18/2020,"Rappahannock Rapidan","Two or more races",21,2,0
08/18/2020,Fairfax,White,3027,455,293
08/18/2020,Fairfax,"Other Race",648,76,17
08/18/2020,Crater,"Two or more races",3,0,0
08/18/2020,"West Piedmont","Not Reported",314,31,0
08/18/2020,Henrico,"Other Race",94,12,0
08/18/2020,"Three Rivers",White,466,39,8
08/18/2020,"Central Virginia",Black,125,21,5
08/18/2020,Lenowisco,"Other Race",5,0,0
08/18/2020,"Three Rivers","Other Race",15,3,0
08/18/2020,"Western Tidewater",White,522,52,42
08/18/2020,"Mount Rogers",Black,43,6,2
08/18/2020,"Three Rivers","Not Reported",189,3,1
08/18/2020,"Thomas Jefferson",Black,411,62,11
08/18/2020,"Eastern Shore",White,226,25,17
08/18/2020,"Central Virginia",White,384,35,10
08/18/2020,Lenowisco,Black,5,1,1
08/18/2020,"Central Virginia","Two or more races",0,0,0
08/18/2020,Richmond,"Two or more races",11,0,0
08/18/2020,Crater,"Not Reported",589,9,4
08/18/2020,Chesterfield,"Two or more races",14,2,0
08/18/2020,"New River",Latino,76,5,0
08/18/2020,Richmond,Latino,1196,99,7
08/18/2020,Portsmouth,Latino,54,11,1
08/18/2020,Pittsylvania-Danville,"Not Reported",453,7,1
08/18/2020,Chesapeake,"Not Reported",841,9,0
08/18/2020,Chickahominy,Latino,72,4,0
08/18/2020,Chesterfield,Black,755,92,25
08/18/2020,Chesterfield,"Other Race",184,7,0
08/18/2020,Peninsula,Black,805,61,17
08/18/2020,Roanoke,White,171,10,12
08/18/2020,"New River",Black,47,3,0
08/18/2020,Southside,Latino,5,0,0
08/18/2020,Peninsula,Latino,284,19,0
08/18/2020,Rappahannock,"Two or more races",22,2,0
08/18/2020,"Virginia Beach",Black,1403,83,12
08/18/2020,"Mount Rogers","Not Reported",83,3,1
08/18/2020,Loudoun,"Not Reported",1919,4,0
08/18/2020,Chesapeake,"Other Race",63,3,1
08/18/2020,Chickahominy,"Two or more races",2,1,0
08/18/2020,Crater,"Other Race",29,0,0
08/18/2020,Norfolk,"Two or more races",37,1,0
08/18/2020,"Eastern Shore","Two or more races",1,1,0
08/18/2020,"Central Shenandoah",White,1577,156,50
08/18/2020,"New River","Other Race",2,0,0
08/18/2020,"New River",White,422,23,8
08/18/2020,"Central Shenandoah","Other Race",46,2,0
08/18/2020,"West Piedmont",Black,318,56,5
08/18/2020,Alleghany,Latino,127,8,0
08/18/2020,"Central Shenandoah","Not Reported",237,3,1
08/18/2020,Roanoke,"Two or more races",2,1,0
08/18/2020,Peninsula,"Two or more races",34,2,0
08/18/2020,Richmond,"Not Reported",593,2,1
08/18/2020,Arlington,"Other Race",75,8,3
08/18/2020,Norfolk,"Not Reported",959,3,0
08/18/2020,Alexandria,"Other Race",58,7,2
08/18/2020,"Virginia Beach",White,1800,133,34
08/18/2020,Chesapeake,"Two or more races",31,1,1
08/18/2020,Alleghany,White,405,39,17
08/18/2020,"Rappahannock Rapidan","Other Race",29,1,0
08/18/2020,Chickahominy,"Not Reported",269,2,2
08/18/2020,Portsmouth,Black,1091,103,17
08/18/2020,Chickahominy,"Other Race",12,2,0
08/18/2020,"Virginia Beach",Latino,328,19,3
08/18/2020,Chesapeake,White,879,82,20
08/18/2020,Southside,Black,239,34,14
08/18/2020,Rappahannock,Latino,1154,101,8
08/18/2020,"Three Rivers","Two or more races",4,0,0
08/18/2020,Henrico,Black,1316,178,80
08/18/2020,Pittsylvania-Danville,Black,327,43,5
08/18/2020,"Lord Fairfax","Two or more races",11,0,0
08/18/2020,"Prince William",Latino,5183,589,66
08/18/2020,"Mount Rogers","Other Race",7,2,2
08/18/2020,"Central Shenandoah",Black,144,10,4
08/18/2020,Peninsula,White,693,77,27
08/18/2020,"Eastern Shore","Not Reported",84,0,0
08/18/2020,"Thomas Jefferson","Other Race",124,3,0
08/18/2020,Hampton,"Other Race",38,2,0
08/18/2020,"Lord Fairfax","Not Reported",326,4,6
08/18/2020,"Central Virginia","Other Race",10,0,0
08/18/2020,"Western Tidewater","Other Race",54,1,2
08/18/2020,Crater,Latino,171,9,4
08/18/2020,Chesapeake,Latino,224,18,1
08/18/2020,Chesterfield,White,920,90,66
08/18/2020,"Western Tidewater","Not Reported",722,6,1
08/18/2020,Fairfax,"Not Reported",2263,58,31
08/18/2020,Arlington,Black,323,73,32
08/18/2020,"Central Virginia",Latino,26,3,1
08/18/2020,Alexandria,"Not Reported",200,6,1
08/18/2020,"Three Rivers",Black,355,31,7
08/18/2020,"Prince William","Two or more races",34,1,0
08/18/2020,Loudoun,"Two or more races",38,1,0
08/18/2020,Peninsula,"Other Race",116,4,0
08/18/2020,"Thomas Jefferson",White,786,63,30
08/18/2020,Norfolk,"Other Race",77,3,1
08/18/2020,"Prince William","Not Reported",3793,23,0
08/18/2020,"West Piedmont",White,470,63,10
08/18/2020,Rappahannock,Black,616,73,13
08/18/2020,Norfolk,Black,1999,172,23
08/18/2020,Roanoke,Latino,298,12,0
08/18/2020,Piedmont,Latino,64,6,1
08/18/2020,Roanoke,"Not Reported",497,0,0
08/18/2020,"Virginia Beach","Other Race",90,2,0
08/18/2020,Arlington,"Two or more races",29,2,0
08/18/2020,Alexandria,White,591,55,33
08/18/2020,"Lord Fairfax","Other Race",62,6,1
08/18/2020,"Thomas Jefferson","Not Reported",179,1,0
08/18/2020,"Virginia Beach","Not Reported",1586,9,5
08/18/2020,Loudoun,Black,250,27,5
08/18/2020,Pittsylvania-Danville,Latino,55,3,0
08/18/2020,"Cumberland Plateau","Not Reported",11,0,0
08/18/2020,Chesterfield,"Not Reported",1947,3,9
08/18/2020,"Mount Rogers",White,1205,131,56
08/18/2020,Richmond,White,434,32,6
08/18/2020,Lenowisco,"Not Reported",75,4,1
08/18/2020,"Three Rivers",Latino,146,5,1
08/18/2020,Piedmont,"Not Reported",625,11,2
08/18/2020,"Mount Rogers",Latino,266,6,0
08/18/2020,"Central Shenandoah","Two or more races",11,1,0
08/18/2020,Crater,White,514,46,15
08/18/2020,Arlington,White,922,117,65
08/18/2020,Pittsylvania-Danville,"Other Race",0,0,0
08/18/2020,Chickahominy,Black,189,40,11
08/18/2020,Fairfax,Black,1283,208,56
08/18/2020,"Eastern Shore",Latino,255,12,3
08/18/2020,Norfolk,White,622,37,10
08/18/2020,"Mount Rogers","Two or more races",4,0,0
08/18/2020,Alleghany,"Two or more races",4,0,0
08/18/2020,Southside,White,184,26,18
08/18/2020,"Thomas Jefferson","Two or more races",23,0,0
08/18/2020,"Prince William",Black,1133,158,45
08/18/2020,"Lord Fairfax",White,1495,169,70
08/18/2020,"Cumberland Plateau",Latino,3,0,0
08/18/2020,Arlington,"Not Reported",302,2,0
08/18/2020,Rappahannock,"Other Race",74,3,0
08/18/2020,"Rappahannock Rapidan",Black,160,23,6
08/18/2020,"New River","Two or more races",3,0,0
08/18/2020,Arlington,Latino,1457,214,23
08/18/2020,Alleghany,Black,46,4,1
08/18/2020,"Prince William",White,1382,161,82
08/18/2020,Rappahannock,White,985,101,36
08/18/2020,Southside,"Other Race",9,0,1
08/18/2020,Portsmouth,"Two or more races",8,2,1
08/18/2020,"Western Tidewater",Black,1074,89,38
08/18/2020,Hampton,Latino,51,4,0
08/18/2020,Henrico,"Not Reported",775,3,4
08/18/2020,"West Piedmont","Two or more races",0,0,0
08/18/2020,Peninsula,"Not Reported",1294,2,0
08/18/2020,Loudoun,Latino,1676,166,14
08/18/2020,Alexandria,Black,604,82,14
08/18/2020,Piedmont,Black,435,58,14
08/18/2020,Roanoke,"Other Race",11,0,0
08/18/2020,Alexandria,"Two or more races",15,1,0
08/18/2020,"Western Tidewater",Latino,24,1,1
08/18/2020,Rappahannock,"Not Reported",1092,27,0
08/18/2020,"West Piedmont","Other Race",5,1,1
08/18/2020,Chickahominy,White,518,84,33
08/18/2020,"Thomas Jefferson",Latino,593,26,2
08/18/2020,"Cumberland Plateau",Black,20,0,0
08/18/2020,"Lord Fairfax",Latino,652,41,8
08/18/2020,"West Piedmont",Latino,201,8,1
08/18/2020,"Cumberland Plateau",White,395,34,5
08/18/2020,"Eastern Shore","Other Race",13,1,0
08/18/2020,"Cumberland Plateau","Two or more races",5,0,0
08/18/2020,Pittsylvania-Danville,"Two or more races",1,0,0
08/18/2020,Piedmont,"Other Race",8,0,0
08/18/2020,Alexandria,Latino,1572,126,10
08/18/2020,Chesapeake,Black,1221,147,14
08/18/2020,Richmond,"Other Race",94,6,2
08/18/2020,Henrico,Latino,791,52,8
08/18/2020,Piedmont,"Two or more races",4,2,0
08/18/2020,"Prince William","Other Race",336,15,0
08/18/2020,"New River","Not Reported",91,2,0
08/18/2020,"Rappahannock Rapidan",White,555,44,14
08/18/2020,"Central Virginia","Not Reported",1221,10,1
08/18/2020,"Virginia Beach","Two or more races",45,2,0
08/18/2020,Pittsylvania-Danville,White,229,29,5
08/18/2020,"Lord Fairfax",Black,119,13,6
08/18/2020,Fairfax,Latino,8593,946,81
08/18/2020,Chesterfield,"Asian or Pacific Islander",45,2,0
08/18/2020,Crater,"Asian or Pacific Islander",14,0,0
08/18/2020,Fairfax,"Asian or Pacific Islander",1416,246,71
08/18/2020,Hampton,"Asian or Pacific Islander",10,0,0
08/18/2020,"Rappahannock Rapidan","Asian or Pacific Islander",7,1,0
08/18/2020,"Mount Rogers","Asian or Pacific Islander",3,1,0
08/18/2020,"New River","Asian or Pacific Islander",8,0,0
08/18/2020,"Central Virginia","Asian or Pacific Islander",7,0,0
08/18/2020,"Lord Fairfax","Asian or Pacific Islander",13,0,0
08/18/2020,Southside,"Asian or Pacific Islander",1,0,0
08/18/2020,Alleghany,"Asian or Pacific Islander",9,0,0
08/18/2020,Portsmouth,"Asian or Pacific Islander",13,2,0
08/18/2020,Roanoke,"Asian or Pacific Islander",10,0,0
08/18/2020,Richmond,"Asian or Pacific Islander",21,3,1
08/18/2020,"Thomas Jefferson","Asian or Pacific Islander",35,0,1
08/18/2020,"Virginia Beach","Asian or Pacific Islander",212,20,2
08/18/2020,Henrico,"Asian or Pacific Islander",152,10,3
08/18/2020,Piedmont,"Asian or Pacific Islander",6,0,0
08/18/2020,"Western Tidewater","Asian or Pacific Islander",13,2,0
08/18/2020,"West Piedmont","Asian or Pacific Islander",12,1,1
08/18/2020,Chickahominy,"Asian or Pacific Islander",13,1,0
08/18/2020,Peninsula,"Asian or Pacific Islander",35,4,3
08/18/2020,Norfolk,"Asian or Pacific Islander",49,3,0
08/18/2020,Arlington,"Asian or Pacific Islander",152,22,12
08/18/2020,Loudoun,"Asian or Pacific Islander",284,44,11
08/18/2020,Alexandria,"Asian or Pacific Islander",103,10,1
08/18/2020,Rappahannock,"Asian or Pacific Islander",57,10,1
08/18/2020,Chesapeake,"Asian or Pacific Islander",50,8,4
08/18/2020,"Cumberland Plateau and Lenowisco","Asian or Pacific Islander",1,0,0
08/18/2020,"Central Shenandoah","Asian or Pacific Islander",24,2,0
08/18/2020,"Prince William","Asian or Pacific Islander",378,47,15
08/18/2020,Pittsylvania-Danville,"Asian or Pacific Islander",3,0,0
08/18/2020,"Eastern Shore and Three Rivers","Asian or Pacific Islander",12,1,0
08/18/2020,Piedmont,"Native American",1,0,0
08/18/2020,"New River","Native American",0,0,0
08/18/2020,"Central Shenandoah","Native American",3,1,0
08/18/2020,"Eastern Shore and Three Rivers","Native American",1,0,0
08/18/2020,Fairfax,"Native American",31,1,1
08/18/2020,Chesapeake,"Native American",10,0,0
08/18/2020,"Western Tidewater","Native American",2,0,0
08/18/2020,Portsmouth,"Native American",3,2,0
08/18/2020,Richmond,"Native American",0,0,0
08/18/2020,Chickahominy,"Native American",5,1,0
08/18/2020,"Thomas Jefferson","Native American",2,0,0
08/18/2020,Arlington,"Native American",4,0,0
08/18/2020,"Virginia Beach","Native American",6,0,0
08/18/2020,Peninsula,"Native American",4,1,0
08/18/2020,Hampton,"Native American",1,0,0
08/18/2020,"West Piedmont","Native American",3,0,0
08/18/2020,"Cumberland Plateau, Lenowisco, and Mount Rogers","Native American",1,0,0
08/18/2020,Henrico,"Native American",8,0,0
08/18/2020,Norfolk,"Native American",7,0,0
08/18/2020,"Prince William","Native American",13,1,0
08/18/2020,"Central Virginia","Native American",1,0,0
08/18/2020,Chesterfield,"Native American",4,0,0
08/18/2020,Rappahannock,"Native American",4,0,0
08/18/2020,Loudoun,"Native American",3,0,0
08/18/2020,Alexandria,"Native American",3,0,0
08/18/2020,"Alleghany and Roanoke","Native American",1,0,0
08/18/2020,Crater,"Native American",5,0,0
08/18/2020,"Rappahannock Rapidan","Native American",1,0,0
08/18/2020,"Lord Fairfax","Native American",2,1,1
08/18/2020,"Pittsylvania-Danville and Southside","Native American",0,0,0
08/19/2020,"Rappahannock Rapidan","Not Reported",547,10,1
08/19/2020,Portsmouth,"Other Race",71,2,1
08/19/2020,"Western Tidewater","Two or more races",20,0,0
08/19/2020,Piedmont,White,415,48,18
08/19/2020,Chesterfield,Latino,1201,76,4
08/19/2020,Lenowisco,White,469,46,8
08/19/2020,Lenowisco,"Two or more races",2,0,0
08/19/2020,Hampton,"Not Reported",509,1,1
08/19/2020,Southside,"Not Reported",425,9,4
08/19/2020,Roanoke,Black,99,10,3
08/19/2020,Hampton,Black,571,37,7
08/19/2020,Alleghany,"Other Race",4,1,0
08/19/2020,Lenowisco,Latino,8,0,0
08/19/2020,Loudoun,"Other Race",143,11,2
08/19/2020,"Central Shenandoah",Latino,914,54,5
08/19/2020,"Rappahannock Rapidan",Latino,739,59,7
08/19/2020,"Eastern Shore",Black,844,96,26
08/19/2020,Norfolk,Latino,283,18,0
08/19/2020,Hampton,"Two or more races",14,0,0
08/19/2020,Richmond,Black,1087,202,25
08/19/2020,Henrico,"Two or more races",27,1,0
08/19/2020,Fairfax,"Two or more races",61,5,0
08/19/2020,Alleghany,"Not Reported",413,2,0
08/19/2020,Portsmouth,"Not Reported",536,4,0
08/19/2020,"Cumberland Plateau","Other Race",1,1,0
08/19/2020,Southside,"Two or more races",23,0,0
08/19/2020,Portsmouth,White,244,13,5
08/19/2020,"Rappahannock Rapidan","Two or more races",23,2,0
08/19/2020,Fairfax,White,3046,456,293
08/19/2020,Fairfax,"Other Race",649,77,17
08/19/2020,Crater,"Two or more races",3,0,0
08/19/2020,"West Piedmont","Not Reported",319,29,2
08/19/2020,Henrico,"Other Race",95,12,0
08/19/2020,"Three Rivers",White,467,39,8
08/19/2020,"Central Virginia",Black,126,21,5
08/19/2020,Lenowisco,"Other Race",5,0,0
08/19/2020,"Three Rivers","Other Race",14,3,0
08/19/2020,"Western Tidewater",White,528,52,42
08/19/2020,"Mount Rogers",Black,45,6,2
08/19/2020,"Three Rivers","Not Reported",189,3,1
08/19/2020,"Thomas Jefferson",Black,415,62,11
08/19/2020,"Eastern Shore",White,228,25,18
08/19/2020,"Central Virginia",White,391,35,10
08/19/2020,Lenowisco,Black,5,1,1
08/19/2020,"Central Virginia","Two or more races",0,0,0
08/19/2020,Richmond,"Two or more races",11,0,0
08/19/2020,Crater,"Not Reported",589,9,4
08/19/2020,Chesterfield,"Two or more races",14,2,0
08/19/2020,"New River",Latino,75,5,0
08/19/2020,Richmond,Latino,1203,101,7
08/19/2020,Portsmouth,Latino,54,11,1
08/19/2020,Pittsylvania-Danville,"Not Reported",453,7,1
08/19/2020,Chesapeake,"Not Reported",862,9,0
08/19/2020,Chickahominy,Latino,72,4,0
08/19/2020,Crater,Black,1379,170,46
08/19/2020,Chesterfield,Black,759,93,25
08/19/2020,Chesterfield,"Other Race",183,7,0
08/19/2020,Peninsula,Black,810,61,17
08/19/2020,Roanoke,White,174,11,12
08/19/2020,"New River",Black,47,3,0
08/19/2020,Southside,Latino,5,0,0
08/19/2020,Peninsula,Latino,284,19,0
08/19/2020,Rappahannock,"Two or more races",22,2,0
08/19/2020,"Virginia Beach",Black,1418,90,15
08/19/2020,"Mount Rogers","Not Reported",87,2,1
08/19/2020,Loudoun,"Not Reported",1873,4,0
08/19/2020,Chesapeake,"Other Race",63,3,1
08/19/2020,Chickahominy,"Two or more races",2,1,0
08/19/2020,Crater,"Other Race",31,0,0
08/19/2020,Norfolk,"Two or more races",38,1,0
08/19/2020,"Eastern Shore","Two or more races",1,1,0
08/19/2020,"Central Shenandoah",White,1589,156,50
08/19/2020,"New River","Other Race",2,0,0
08/19/2020,"New River",White,430,24,8
08/19/2020,"Central Shenandoah","Other Race",46,2,0
08/19/2020,"West Piedmont",Black,321,58,6
08/19/2020,Alleghany,Latino,127,8,0
08/19/2020,"Central Shenandoah","Not Reported",239,3,1
08/19/2020,Roanoke,"Two or more races",2,1,0
08/19/2020,Peninsula,"Two or more races",34,2,0
08/19/2020,Richmond,"Not Reported",602,2,1
08/19/2020,Arlington,"Other Race",78,9,3
08/19/2020,Norfolk,"Not Reported",959,3,0
08/19/2020,Alexandria,"Other Race",59,7,2
08/19/2020,"Virginia Beach",White,1820,140,37
08/19/2020,Chesapeake,"Two or more races",31,1,1
08/19/2020,Alleghany,White,406,38,17
08/19/2020,"Rappahannock Rapidan","Other Race",29,1,0
08/19/2020,Chickahominy,"Not Reported",270,2,2
08/19/2020,Portsmouth,Black,1095,105,17
08/19/2020,Chickahominy,"Other Race",12,2,0
08/19/2020,"Virginia Beach",Latino,333,20,3
08/19/2020,Chesapeake,White,885,83,20
08/19/2020,Southside,Black,242,34,14
08/19/2020,Rappahannock,Latino,1159,102,8
08/19/2020,"Three Rivers","Two or more races",4,0,0
08/19/2020,Henrico,Black,1322,177,80
08/19/2020,Pittsylvania-Danville,Black,337,43,5
08/19/2020,"Lord Fairfax","Two or more races",11,0,0
08/19/2020,"Prince William",Latino,5215,589,66
08/19/2020,"Mount Rogers","Other Race",7,2,2
08/19/2020,"Central Shenandoah",Black,145,10,4
08/19/2020,Peninsula,White,695,77,27
08/19/2020,"Eastern Shore","Not Reported",84,0,0
08/19/2020,"Thomas Jefferson","Other Race",124,3,0
08/19/2020,Hampton,"Other Race",39,2,0
08/19/2020,"Lord Fairfax","Not Reported",328,3,6
08/19/2020,"Central Virginia","Other Race",10,0,0
08/19/2020,"Western Tidewater","Other Race",53,1,2
08/19/2020,Crater,Latino,171,9,4
08/19/2020,Chesapeake,Latino,223,18,1
08/19/2020,Chesterfield,White,938,90,64
08/19/2020,"Western Tidewater","Not Reported",732,6,1
08/19/2020,Fairfax,"Not Reported",2229,57,31
08/19/2020,Arlington,Black,327,74,32
08/19/2020,"Central Virginia",Latino,27,3,1
08/19/2020,Alexandria,"Not Reported",203,6,1
08/19/2020,"Three Rivers",Black,357,33,8
08/19/2020,"Prince William","Two or more races",34,1,0
08/19/2020,Loudoun,"Two or more races",40,1,0
08/19/2020,Peninsula,"Other Race",117,4,0
08/19/2020,"Thomas Jefferson",White,794,64,29
08/19/2020,Norfolk,"Other Race",77,3,1
08/19/2020,"Prince William","Not Reported",3787,23,0
08/19/2020,"West Piedmont",White,478,69,14
08/19/2020,Rappahannock,Black,619,73,13
08/19/2020,Norfolk,Black,2019,174,24
08/19/2020,Roanoke,Latino,302,14,0
08/19/2020,Piedmont,Latino,63,6,1
08/19/2020,Roanoke,"Not Reported",486,0,0
08/19/2020,"Virginia Beach","Other Race",90,2,0
08/19/2020,Arlington,"Two or more races",30,2,0
08/19/2020,Alexandria,White,595,55,33
08/19/2020,"Lord Fairfax","Other Race",63,6,1
08/19/2020,"Thomas Jefferson","Not Reported",177,1,0
08/19/2020,"Virginia Beach","Not Reported",1597,8,3
08/19/2020,Loudoun,Black,254,27,5
08/19/2020,Pittsylvania-Danville,Latino,58,3,0
08/19/2020,"Cumberland Plateau","Not Reported",10,0,0
08/19/2020,Chesterfield,"Not Reported",1953,3,9
08/19/2020,"Mount Rogers",White,1248,134,56
08/19/2020,Richmond,White,437,33,6
08/19/2020,Lenowisco,"Not Reported",75,4,1
08/19/2020,"Three Rivers",Latino,147,5,1
08/19/2020,Piedmont,"Not Reported",618,11,2
08/19/2020,"Mount Rogers",Latino,266,6,0
08/19/2020,"Central Shenandoah","Two or more races",11,1,0
08/19/2020,Crater,White,529,46,15
08/19/2020,Arlington,White,932,118,65
08/19/2020,Pittsylvania-Danville,"Other Race",0,0,0
08/19/2020,Chickahominy,Black,190,40,11
08/19/2020,Fairfax,Black,1301,211,57
08/19/2020,"Eastern Shore",Latino,255,12,3
08/19/2020,Norfolk,White,629,39,12
08/19/2020,"Mount Rogers","Two or more races",4,0,0
08/19/2020,Alleghany,"Two or more races",4,0,0
08/19/2020,Southside,White,184,26,18
08/19/2020,"Thomas Jefferson","Two or more races",23,0,0
08/19/2020,"Prince William",Black,1148,160,45
08/19/2020,"Lord Fairfax",White,1498,169,70
08/19/2020,"Cumberland Plateau",Latino,3,0,0
08/19/2020,Arlington,"Not Reported",303,2,0
08/19/2020,Rappahannock,"Other Race",75,3,0
08/19/2020,"Rappahannock Rapidan",Black,161,24,6
08/19/2020,"New River","Two or more races",3,0,0
08/19/2020,Arlington,Latino,1464,215,23
08/19/2020,Henrico,White,1029,101,92
08/19/2020,Loudoun,White,1258,108,83
08/19/2020,Hampton,White,181,9,1
08/19/2020,Alleghany,Black,49,4,1
08/19/2020,"Prince William",White,1388,163,83
08/19/2020,Rappahannock,White,993,102,36
08/19/2020,Southside,"Other Race",9,0,1
08/19/2020,Portsmouth,"Two or more races",8,2,1
08/19/2020,"Western Tidewater",Black,1085,89,38
08/19/2020,Hampton,Latino,51,4,0
08/19/2020,Henrico,"Not Reported",776,3,4
08/19/2020,"West Piedmont","Two or more races",0,0,0
08/19/2020,Peninsula,"Not Reported",1307,2,0
08/19/2020,Loudoun,Latino,1721,166,14
08/19/2020,Alexandria,Black,610,82,14
08/19/2020,Piedmont,Black,436,58,14
08/19/2020,Roanoke,"Other Race",11,0,0
08/19/2020,Alexandria,"Two or more races",15,1,0
08/19/2020,"Western Tidewater",Latino,24,1,1
08/19/2020,Rappahannock,"Not Reported",1095,27,0
08/19/2020,"West Piedmont","Other Race",5,1,1
08/19/2020,Chickahominy,White,526,84,33
08/19/2020,"Thomas Jefferson",Latino,596,26,2
08/19/2020,"Cumberland Plateau",Black,20,0,0
08/19/2020,"Lord Fairfax",Latino,656,43,8
08/19/2020,"West Piedmont",Latino,201,8,1
08/19/2020,"Cumberland Plateau",White,402,36,6
08/19/2020,"Eastern Shore","Other Race",13,1,0
08/19/2020,"Cumberland Plateau","Two or more races",5,0,0
08/19/2020,Pittsylvania-Danville,"Two or more races",1,0,0
08/19/2020,Piedmont,"Other Race",8,0,0
08/19/2020,Alexandria,Latino,1577,126,10
08/19/2020,Chesapeake,Black,1234,147,14
08/19/2020,Richmond,"Other Race",94,7,3
08/19/2020,Henrico,Latino,793,54,8
08/19/2020,Piedmont,"Two or more races",4,2,0
08/19/2020,"Prince William","Other Race",335,15,0
08/19/2020,"New River","Not Reported",91,2,0
08/19/2020,"Rappahannock Rapidan",White,563,44,14
08/19/2020,"Central Virginia","Not Reported",1241,11,1
08/19/2020,"Virginia Beach","Two or more races",45,2,0
08/19/2020,Pittsylvania-Danville,White,232,29,5
08/19/2020,"Lord Fairfax",Black,119,13,6
08/19/2020,Fairfax,Latino,8650,954,81
08/19/2020,Chesterfield,"Asian or Pacific Islander",46,2,0
08/19/2020,Crater,"Asian or Pacific Islander",15,0,0
08/19/2020,Fairfax,"Asian or Pacific Islander",1429,246,71
08/19/2020,Hampton,"Asian or Pacific Islander",10,0,0
08/19/2020,"Rappahannock Rapidan","Asian or Pacific Islander",7,1,0
08/19/2020,"Mount Rogers","Asian or Pacific Islander",3,1,0
08/19/2020,"New River","Asian or Pacific Islander",8,0,0
08/19/2020,"Central Virginia","Asian or Pacific Islander",7,0,0
08/19/2020,"Lord Fairfax","Asian or Pacific Islander",13,0,0
08/19/2020,Southside,"Asian or Pacific Islander",1,0,0
08/19/2020,Alleghany,"Asian or Pacific Islander",10,0,0
08/19/2020,Portsmouth,"Asian or Pacific Islander",13,2,0
08/19/2020,Roanoke,"Asian or Pacific Islander",10,0,0
08/19/2020,Richmond,"Asian or Pacific Islander",21,3,1
08/19/2020,"Thomas Jefferson","Asian or Pacific Islander",36,0,1
08/19/2020,"Virginia Beach","Asian or Pacific Islander",212,20,2
08/19/2020,Henrico,"Asian or Pacific Islander",152,10,3
08/19/2020,Piedmont,"Asian or Pacific Islander",7,0,0
08/19/2020,"Western Tidewater","Asian or Pacific Islander",13,2,0
08/19/2020,"West Piedmont","Asian or Pacific Islander",12,1,1
08/19/2020,Chickahominy,"Asian or Pacific Islander",13,1,0
08/19/2020,Peninsula,"Asian or Pacific Islander",35,4,3
08/19/2020,Norfolk,"Asian or Pacific Islander",50,3,0
08/19/2020,Arlington,"Asian or Pacific Islander",155,22,12
08/19/2020,Loudoun,"Asian or Pacific Islander",288,44,11
08/19/2020,Alexandria,"Asian or Pacific Islander",103,10,1
08/19/2020,Rappahannock,"Asian or Pacific Islander",58,10,1
08/19/2020,Chesapeake,"Asian or Pacific Islander",50,8,4
08/19/2020,"Cumberland Plateau and Lenowisco","Asian or Pacific Islander",1,0,0
08/19/2020,"Central Shenandoah","Asian or Pacific Islander",24,2,0
08/19/2020,"Prince William","Asian or Pacific Islander",385,48,15
08/19/2020,Pittsylvania-Danville,"Asian or Pacific Islander",3,0,0
08/19/2020,"Eastern Shore and Three Rivers","Asian or Pacific Islander",12,1,0
08/19/2020,Piedmont,"Native American",1,0,0
08/19/2020,"New River","Native American",0,0,0
08/19/2020,"Central Shenandoah","Native American",3,1,0
08/19/2020,"Eastern Shore and Three Rivers","Native American",1,0,0
08/19/2020,Fairfax,"Native American",31,1,1
08/19/2020,Chesapeake,"Native American",10,0,0
08/19/2020,"Western Tidewater","Native American",2,0,0
08/19/2020,Portsmouth,"Native American",3,2,0
08/19/2020,Richmond,"Native American",0,0,0
08/19/2020,Chickahominy,"Native American",5,1,0
08/19/2020,"Thomas Jefferson","Native American",2,0,0
08/19/2020,Arlington,"Native American",4,0,0
08/19/2020,"Virginia Beach","Native American",7,0,0
08/19/2020,Peninsula,"Native American",4,1,0
08/19/2020,Hampton,"Native American",2,0,0
08/19/2020,"West Piedmont","Native American",3,0,0
08/19/2020,"Cumberland Plateau, Lenowisco, and Mount Rogers","Native American",1,0,0
08/19/2020,Henrico,"Native American",8,0,0
08/19/2020,Norfolk,"Native American",7,0,0
08/19/2020,"Prince William","Native American",13,1,0
08/19/2020,"Central Virginia","Native American",1,0,0
08/19/2020,Chesterfield,"Native American",4,0,0
08/19/2020,Rappahannock,"Native American",4,0,0
08/19/2020,Loudoun,"Native American",3,0,0
08/19/2020,Alexandria,"Native American",3,0,0
08/19/2020,"Alleghany and Roanoke","Native American",1,0,0
08/19/2020,Crater,"Native American",5,0,0
08/19/2020,"Rappahannock Rapidan","Native American",1,0,0
08/19/2020,"Lord Fairfax","Native American",2,1,1
08/19/2020,"Pittsylvania-Danville and Southside","Native American",0,0,0
08/20/2020,"Rappahannock Rapidan","Not Reported",550,10,1
08/20/2020,Portsmouth,"Other Race",71,3,2
08/20/2020,"Western Tidewater","Two or more races",20,0,0
08/20/2020,Piedmont,White,421,48,18
08/20/2020,Chesterfield,Latino,1210,77,4
08/20/2020,Lenowisco,White,479,47,8
08/20/2020,Lenowisco,"Two or more races",2,0,0
08/20/2020,Hampton,"Not Reported",509,1,1
08/20/2020,Southside,"Not Reported",435,9,4
08/20/2020,Roanoke,Black,109,10,3
08/20/2020,Hampton,Black,577,37,7
08/20/2020,Alleghany,"Other Race",4,1,0
08/20/2020,Lenowisco,Latino,8,0,0
08/20/2020,Loudoun,"Other Race",145,11,2
08/20/2020,"Central Shenandoah",Latino,915,54,5
08/20/2020,"Rappahannock Rapidan",Latino,745,59,7
08/20/2020,"Eastern Shore",Black,845,96,26
08/20/2020,Norfolk,Latino,286,18,0
08/20/2020,Hampton,"Two or more races",14,0,0
08/20/2020,Richmond,Black,1099,204,25
08/20/2020,Henrico,"Two or more races",27,1,0
08/20/2020,Fairfax,"Two or more races",61,5,0
08/20/2020,Alleghany,"Not Reported",392,2,0
08/20/2020,Portsmouth,"Not Reported",531,4,0
08/20/2020,"Cumberland Plateau","Other Race",1,1,0
08/20/2020,Southside,"Two or more races",23,0,0
08/20/2020,Portsmouth,White,245,14,5
08/20/2020,"Rappahannock Rapidan","Two or more races",23,2,0
08/20/2020,Fairfax,White,3080,458,294
08/20/2020,Fairfax,"Other Race",658,79,18
08/20/2020,Crater,"Two or more races",3,0,0
08/20/2020,"West Piedmont","Not Reported",326,28,2
08/20/2020,Henrico,"Other Race",91,11,0
08/20/2020,"Three Rivers",White,470,39,8
08/20/2020,"Central Virginia",Black,135,21,5
08/20/2020,Lenowisco,"Other Race",5,0,0
08/20/2020,"Three Rivers","Other Race",14,3,0
08/20/2020,"Western Tidewater",White,529,53,43
08/20/2020,"Mount Rogers",Black,45,6,2
08/20/2020,"Three Rivers","Not Reported",189,3,1
08/20/2020,"Thomas Jefferson",Black,418,63,11
08/20/2020,"Eastern Shore",White,230,25,18
08/20/2020,"Central Virginia",White,406,35,10
08/20/2020,Lenowisco,Black,5,1,1
08/20/2020,"Central Virginia","Two or more races",0,0,0
08/20/2020,Richmond,"Two or more races",12,0,0
08/20/2020,Crater,"Not Reported",586,9,4
08/20/2020,Chesterfield,"Two or more races",14,2,0
08/20/2020,"New River",Latino,75,5,0
08/20/2020,Richmond,Latino,1211,101,7
08/20/2020,Portsmouth,Latino,54,11,1
08/20/2020,Pittsylvania-Danville,"Not Reported",468,8,1
08/20/2020,Chesapeake,"Not Reported",853,9,0
08/20/2020,Chickahominy,Latino,72,4,0
08/20/2020,Crater,Black,1396,170,46
08/20/2020,Chesterfield,Black,774,93,25
08/20/2020,Chesterfield,"Other Race",183,7,0
08/20/2020,Peninsula,Black,816,61,17
08/20/2020,Roanoke,White,180,11,12
08/20/2020,"New River",Black,47,3,0
08/20/2020,Southside,Latino,5,0,0
08/20/2020,Peninsula,Latino,285,19,0
08/20/2020,Rappahannock,"Two or more races",22,2,0
08/20/2020,"Virginia Beach",Black,1435,90,15
08/20/2020,"Mount Rogers","Not Reported",86,2,1
08/20/2020,Loudoun,"Not Reported",1866,4,0
08/20/2020,Chesapeake,"Other Race",63,3,1
08/20/2020,Chickahominy,"Two or more races",2,1,0
08/20/2020,Crater,"Other Race",31,0,0
08/20/2020,Norfolk,"Two or more races",36,1,0
08/20/2020,"Eastern Shore","Two or more races",1,1,0
08/20/2020,"Central Shenandoah",White,1597,157,50
08/20/2020,"New River","Other Race",3,0,0
08/20/2020,"New River",White,439,26,8
08/20/2020,"Central Shenandoah","Other Race",47,2,0
08/20/2020,"West Piedmont",Black,326,62,7
08/20/2020,Alleghany,Latino,133,10,0
08/20/2020,"Central Shenandoah","Not Reported",241,3,1
08/20/2020,Roanoke,"Two or more races",2,1,0
08/20/2020,Peninsula,"Two or more races",34,2,0
08/20/2020,Richmond,"Not Reported",598,2,1
08/20/2020,Arlington,"Other Race",78,9,4
08/20/2020,Norfolk,"Not Reported",961,3,0
08/20/2020,Alexandria,"Other Race",60,7,2
08/20/2020,"Virginia Beach",White,1844,142,38
08/20/2020,Chesapeake,"Two or more races",33,1,1
08/20/2020,Alleghany,White,425,38,17
08/20/2020,"Rappahannock Rapidan","Other Race",29,1,0
08/20/2020,Chickahominy,"Not Reported",272,2,2
08/20/2020,Portsmouth,Black,1120,114,19
08/20/2020,Chickahominy,"Other Race",12,2,0
08/20/2020,"Virginia Beach",Latino,337,20,3
08/20/2020,Chesapeake,White,895,86,20
08/20/2020,Southside,Black,245,34,14
08/20/2020,Rappahannock,Latino,1170,102,8
08/20/2020,"Three Rivers","Two or more races",4,0,0
08/20/2020,Henrico,Black,1334,179,81
08/20/2020,Pittsylvania-Danville,Black,340,43,5
08/20/2020,"Lord Fairfax","Two or more races",11,0,0
08/20/2020,"Prince William",Latino,5243,590,66
08/20/2020,"Mount Rogers","Other Race",7,2,2
08/20/2020,"Central Shenandoah",Black,146,10,4
08/20/2020,Peninsula,White,706,77,27
08/20/2020,"Eastern Shore","Not Reported",84,0,0
08/20/2020,"Thomas Jefferson","Other Race",125,3,0
08/20/2020,Hampton,"Other Race",41,2,0
08/20/2020,"Lord Fairfax","Not Reported",331,3,6
08/20/2020,"Central Virginia","Other Race",10,0,0
08/20/2020,"Western Tidewater","Other Race",53,1,2
08/20/2020,Crater,Latino,172,9,4
08/20/2020,Chesapeake,Latino,224,18,1
08/20/2020,Chesterfield,White,954,90,64
08/20/2020,"Western Tidewater","Not Reported",735,6,1
08/20/2020,Fairfax,"Not Reported",2221,58,31
08/20/2020,Arlington,Black,327,74,32
08/20/2020,"Central Virginia",Latino,27,3,1
08/20/2020,Alexandria,"Not Reported",210,6,1
08/20/2020,"Three Rivers",Black,360,33,8
08/20/2020,"Prince William","Two or more races",36,1,0
08/20/2020,Loudoun,"Two or more races",41,1,0
08/20/2020,Peninsula,"Other Race",120,4,0
08/20/2020,"Thomas Jefferson",White,803,64,29
08/20/2020,Norfolk,"Other Race",84,3,1
08/20/2020,"Prince William","Not Reported",3795,23,0
08/20/2020,"West Piedmont",White,496,69,14
08/20/2020,Rappahannock,Black,630,74,13
08/20/2020,Norfolk,Black,2029,176,24
08/20/2020,Roanoke,Latino,307,14,0
08/20/2020,Piedmont,Latino,64,6,1
08/20/2020,Roanoke,"Not Reported",483,0,0
08/20/2020,"Virginia Beach","Other Race",91,2,0
08/20/2020,Arlington,"Two or more races",30,2,0
08/20/2020,Alexandria,White,597,55,33
08/20/2020,"Lord Fairfax","Other Race",64,6,1
08/20/2020,"Thomas Jefferson","Not Reported",181,1,0
08/20/2020,"Virginia Beach","Not Reported",1586,8,3
08/20/2020,Loudoun,Black,254,27,5
08/20/2020,Pittsylvania-Danville,Latino,62,3,0
08/20/2020,"Cumberland Plateau","Not Reported",11,0,0
08/20/2020,Chesterfield,"Not Reported",1946,3,9
08/20/2020,"Mount Rogers",White,1262,134,57
08/20/2020,Richmond,White,443,33,6
08/20/2020,Lenowisco,"Not Reported",77,4,1
08/20/2020,"Three Rivers",Latino,146,5,1
08/20/2020,Piedmont,"Not Reported",624,11,2
08/20/2020,"Mount Rogers",Latino,266,6,0
08/20/2020,"Central Shenandoah","Two or more races",11,1,0
08/20/2020,Crater,White,537,47,15
08/20/2020,Arlington,White,939,119,66
08/20/2020,Pittsylvania-Danville,"Other Race",0,0,0
08/20/2020,Chickahominy,Black,194,40,11
08/20/2020,Fairfax,Black,1320,216,57
08/20/2020,"Eastern Shore",Latino,255,12,3
08/20/2020,Norfolk,White,635,40,14
08/20/2020,"Mount Rogers","Two or more races",4,0,0
08/20/2020,Alleghany,"Two or more races",4,0,0
08/20/2020,Southside,White,187,26,18
08/20/2020,"Thomas Jefferson","Two or more races",24,0,0
08/20/2020,"Prince William",Black,1161,161,45
08/20/2020,"Lord Fairfax",White,1511,169,70
08/20/2020,"Cumberland Plateau",Latino,3,0,0
08/20/2020,Arlington,"Not Reported",313,3,0
08/20/2020,Rappahannock,"Other Race",77,4,0
08/20/2020,"Rappahannock Rapidan",Black,162,25,6
08/20/2020,"New River","Two or more races",3,0,0
08/20/2020,Arlington,Latino,1464,218,23
08/20/2020,Henrico,White,1041,101,92
08/20/2020,Loudoun,White,1273,108,83
08/20/2020,Hampton,White,184,9,1
08/20/2020,Alleghany,Black,51,4,1
08/20/2020,"Prince William",White,1404,163,84
08/20/2020,Rappahannock,White,1003,105,37
08/20/2020,Southside,"Other Race",9,0,1
08/20/2020,Portsmouth,"Two or more races",8,2,1
08/20/2020,"Western Tidewater",Black,1092,91,39
08/20/2020,Hampton,Latino,51,4,0
08/20/2020,Henrico,"Not Reported",776,3,4
08/20/2020,"West Piedmont","Two or more races",0,0,0
08/20/2020,Peninsula,"Not Reported",1312,2,0
08/20/2020,Loudoun,Latino,1739,167,14
08/20/2020,Alexandria,Black,615,82,14
08/20/2020,Piedmont,Black,438,58,15
08/20/2020,Roanoke,"Other Race",11,0,0
08/20/2020,Alexandria,"Two or more races",15,1,0
08/20/2020,"Western Tidewater",Latino,24,1,1
08/20/2020,Rappahannock,"Not Reported",1103,27,0
08/20/2020,"West Piedmont","Other Race",5,1,1
08/20/2020,Chickahominy,White,529,84,33
08/20/2020,"Thomas Jefferson",Latino,599,26,2
08/20/2020,"Cumberland Plateau",Black,20,0,0
08/20/2020,"Lord Fairfax",Latino,656,43,8
08/20/2020,"West Piedmont",Latino,201,8,1
08/20/2020,"Cumberland Plateau",White,413,36,6
08/20/2020,"Eastern Shore","Other Race",13,1,0
08/20/2020,"Cumberland Plateau","Two or more races",5,0,0
08/20/2020,Pittsylvania-Danville,"Two or more races",1,0,0
08/20/2020,Piedmont,"Other Race",8,0,0
08/20/2020,Alexandria,Latino,1583,126,10
08/20/2020,Chesapeake,Black,1254,149,14
08/20/2020,Richmond,"Other Race",96,7,3
08/20/2020,Henrico,Latino,795,54,8
08/20/2020,Piedmont,"Two or more races",4,2,0
08/20/2020,"Prince William","Other Race",341,15,0
08/20/2020,"New River","Not Reported",92,2,0
08/20/2020,"Rappahannock Rapidan",White,564,44,14
08/20/2020,"Central Virginia","Not Reported",1278,11,1
08/20/2020,"Virginia Beach","Two or more races",46,2,0
08/20/2020,Pittsylvania-Danville,White,235,31,5
08/20/2020,"Lord Fairfax",Black,119,13,6
08/20/2020,Fairfax,Latino,8695,962,81
08/20/2020,Chesterfield,"Asian or Pacific Islander",46,2,0
08/20/2020,Crater,"Asian or Pacific Islander",15,0,0
08/20/2020,Fairfax,"Asian or Pacific Islander",1433,246,71
08/20/2020,Hampton,"Asian or Pacific Islander",10,0,0
08/20/2020,"Rappahannock Rapidan","Asian or Pacific Islander",7,1,0
08/20/2020,"Mount Rogers","Asian or Pacific Islander",3,1,0
08/20/2020,"New River","Asian or Pacific Islander",8,0,0
08/20/2020,"Central Virginia","Asian or Pacific Islander",7,0,0
08/20/2020,"Lord Fairfax","Asian or Pacific Islander",13,0,0
08/20/2020,Southside,"Asian or Pacific Islander",1,0,0
08/20/2020,Alleghany,"Asian or Pacific Islander",12,0,0
08/20/2020,Portsmouth,"Asian or Pacific Islander",13,2,0
08/20/2020,Roanoke,"Asian or Pacific Islander",11,0,0
08/20/2020,Richmond,"Asian or Pacific Islander",21,3,1
08/20/2020,"Thomas Jefferson","Asian or Pacific Islander",36,0,1
08/20/2020,"Virginia Beach","Asian or Pacific Islander",216,20,2
08/20/2020,Henrico,"Asian or Pacific Islander",152,10,3
08/20/2020,Piedmont,"Asian or Pacific Islander",7,0,0
08/20/2020,"Western Tidewater","Asian or Pacific Islander",13,2,0
08/20/2020,"West Piedmont","Asian or Pacific Islander",12,1,1
08/20/2020,Chickahominy,"Asian or Pacific Islander",13,1,0
08/20/2020,Peninsula,"Asian or Pacific Islander",36,4,3
08/20/2020,Norfolk,"Asian or Pacific Islander",52,3,0
08/20/2020,Arlington,"Asian or Pacific Islander",155,22,12
08/20/2020,Loudoun,"Asian or Pacific Islander",293,45,11
08/20/2020,Alexandria,"Asian or Pacific Islander",103,10,1
08/20/2020,Rappahannock,"Asian or Pacific Islander",60,8,0
08/20/2020,Chesapeake,"Asian or Pacific Islander",51,8,4
08/20/2020,"Cumberland Plateau and Lenowisco","Asian or Pacific Islander",1,0,0
08/20/2020,"Central Shenandoah","Asian or Pacific Islander",24,2,0
08/20/2020,"Prince William","Asian or Pacific Islander",387,48,15
08/20/2020,Pittsylvania-Danville,"Asian or Pacific Islander",3,0,0
08/20/2020,"Eastern Shore and Three Rivers","Asian or Pacific Islander",12,1,0
08/20/2020,Piedmont,"Native American",1,0,0
08/20/2020,"New River","Native American",0,0,0
08/20/2020,"Central Shenandoah","Native American",3,1,0
08/20/2020,"Eastern Shore and Three Rivers","Native American",1,0,0
08/20/2020,Fairfax,"Native American",31,1,1
08/20/2020,Chesapeake,"Native American",11,0,0
08/20/2020,"Western Tidewater","Native American",2,0,0
08/20/2020,Portsmouth,"Native American",3,2,0
08/20/2020,Richmond,"Native American",0,0,0
08/20/2020,Chickahominy,"Native American",5,1,0
08/20/2020,"Thomas Jefferson","Native American",2,0,0
08/20/2020,Arlington,"Native American",4,0,0
08/20/2020,"Virginia Beach","Native American",7,0,0
08/20/2020,Peninsula,"Native American",4,1,0
08/20/2020,Hampton,"Native American",2,0,0
08/20/2020,"West Piedmont","Native American",3,0,0
08/20/2020,"Cumberland Plateau, Lenowisco, and Mount Rogers","Native American",1,0,0
08/20/2020,Henrico,"Native American",8,0,0
08/20/2020,Norfolk,"Native American",8,0,0
08/20/2020,"Prince William","Native American",13,1,0
08/20/2020,"Central Virginia","Native American",1,0,0
08/20/2020,Chesterfield,"Native American",4,0,0
08/20/2020,Rappahannock,"Native American",4,0,0
08/20/2020,Loudoun,"Native American",3,0,0
08/20/2020,Alexandria,"Native American",3,0,0
08/20/2020,"Alleghany and Roanoke","Native American",1,0,0
08/20/2020,Crater,"Native American",5,0,0
08/20/2020,"Rappahannock Rapidan","Native American",1,0,0
08/20/2020,"Lord Fairfax","Native American",2,1,1
08/20/2020,"Pittsylvania-Danville and Southside","Native American",0,0,0
08/21/2020,"Rappahannock Rapidan","Not Reported",554,10,1
08/21/2020,Portsmouth,"Other Race",70,4,2
08/21/2020,"Western Tidewater","Two or more races",23,0,0
08/21/2020,Piedmont,White,423,48,18
08/21/2020,Chesterfield,Latino,1218,79,4
08/21/2020,Lenowisco,White,487,49,8
08/21/2020,Lenowisco,"Two or more races",2,0,0
08/21/2020,Hampton,"Not Reported",516,1,1
08/21/2020,Southside,"Not Reported",436,9,4
08/21/2020,Roanoke,Black,116,10,3
08/21/2020,Hampton,Black,590,37,8
08/21/2020,Alleghany,"Other Race",5,1,0
08/21/2020,Lenowisco,Latino,8,0,0
08/21/2020,Loudoun,"Other Race",145,11,2
08/21/2020,"Central Shenandoah",Latino,916,54,5
08/21/2020,"Rappahannock Rapidan",Latino,749,59,7
08/21/2020,"Eastern Shore",Black,847,96,26
08/21/2020,Norfolk,Latino,287,18,0
08/21/2020,Hampton,"Two or more races",14,0,0
08/21/2020,Richmond,Black,1110,206,25
08/21/2020,Henrico,"Two or more races",28,1,0
08/21/2020,Fairfax,"Two or more races",61,5,0
08/21/2020,Alleghany,"Not Reported",387,2,0
08/21/2020,Portsmouth,"Not Reported",531,4,0
08/21/2020,"Cumberland Plateau","Other Race",2,1,0
08/21/2020,Southside,"Two or more races",23,0,0
08/21/2020,Portsmouth,White,249,16,6
08/21/2020,"Rappahannock Rapidan","Two or more races",23,2,0
08/21/2020,Fairfax,White,3105,460,294
08/21/2020,Fairfax,"Other Race",660,79,18
08/21/2020,Crater,"Two or more races",3,0,0
08/21/2020,"West Piedmont","Not Reported",314,25,3
08/21/2020,Henrico,"Other Race",92,11,0
08/21/2020,"Three Rivers",White,476,39,8
08/21/2020,"Central Virginia",Black,136,21,5
08/21/2020,Lenowisco,"Other Race",5,0,0
08/21/2020,"Three Rivers","Other Race",15,3,0
08/21/2020,"Western Tidewater",White,536,54,43
08/21/2020,"Mount Rogers",Black,45,6,2
08/21/2020,"Three Rivers","Not Reported",188,3,1
08/21/2020,"Thomas Jefferson",Black,424,64,11
08/21/2020,"Eastern Shore",White,231,25,18
08/21/2020,"Central Virginia",White,420,35,10
08/21/2020,Lenowisco,Black,5,1,1
08/21/2020,"Central Virginia","Two or more races",0,0,0
08/21/2020,Richmond,"Two or more races",12,0,0
08/21/2020,Crater,"Not Reported",587,9,4
08/21/2020,Chesterfield,"Two or more races",14,2,0
08/21/2020,"New River",Latino,76,5,0
08/21/2020,Richmond,Latino,1211,100,7
08/21/2020,Portsmouth,Latino,54,11,1
08/21/2020,Pittsylvania-Danville,"Not Reported",472,8,1
08/21/2020,Chesapeake,"Not Reported",847,8,0
08/21/2020,Chickahominy,Latino,72,4,0
08/21/2020,Crater,Black,1411,171,46
08/21/2020,Chesterfield,Black,789,93,25
08/21/2020,Chesterfield,"Other Race",183,7,0
08/21/2020,Peninsula,Black,835,62,17
08/21/2020,Roanoke,White,197,11,12
08/21/2020,"New River",Black,51,3,0
08/21/2020,Southside,Latino,5,0,0
08/21/2020,Peninsula,Latino,284,19,0
08/21/2020,Rappahannock,"Two or more races",22,2,0
08/21/2020,"Virginia Beach",Black,1453,99,15
08/21/2020,"Mount Rogers","Not Reported",89,2,1
08/21/2020,Loudoun,"Not Reported",1868,4,0
08/21/2020,Chesapeake,"Other Race",63,3,1
08/21/2020,Chickahominy,"Two or more races",2,1,0
08/21/2020,Crater,"Other Race",31,0,0
08/21/2020,Norfolk,"Two or more races",37,0,0
08/21/2020,"Eastern Shore","Two or more races",1,1,0
08/21/2020,"Central Shenandoah",White,1617,157,50
08/21/2020,"New River","Other Race",3,0,0
08/21/2020,"New River",White,462,26,8
08/21/2020,"Central Shenandoah","Other Race",47,2,0
08/21/2020,"West Piedmont",Black,334,64,7
08/21/2020,Alleghany,Latino,135,10,0
08/21/2020,"Central Shenandoah","Not Reported",237,3,1
08/21/2020,Roanoke,"Two or more races",2,1,0
08/21/2020,Peninsula,"Two or more races",36,2,0
08/21/2020,Richmond,"Not Reported",595,2,1
08/21/2020,Arlington,"Other Race",79,9,4
08/21/2020,Norfolk,"Not Reported",958,3,0
08/21/2020,Alexandria,"Other Race",61,7,2
08/21/2020,"Virginia Beach",White,1876,146,37
08/21/2020,Chesapeake,"Two or more races",35,1,1
08/21/2020,Alleghany,White,447,39,17
08/21/2020,"Rappahannock Rapidan","Other Race",29,1,0
08/21/2020,Chickahominy,"Not Reported",271,2,2
08/21/2020,Portsmouth,Black,1129,115,20
08/21/2020,Chickahominy,"Other Race",12,2,0
08/21/2020,"Virginia Beach",Latino,338,20,3
08/21/2020,Chesapeake,White,908,87,20
08/21/2020,Southside,Black,252,34,14
08/21/2020,Rappahannock,Latino,1176,102,8
08/21/2020,"Three Rivers","Two or more races",4,0,0
08/21/2020,Henrico,Black,1351,179,81
08/21/2020,Pittsylvania-Danville,Black,350,45,7
08/21/2020,"Lord Fairfax","Two or more races",11,0,0
08/21/2020,"Prince William",Latino,5279,591,66
08/21/2020,"Mount Rogers","Other Race",7,2,2
08/21/2020,"Central Shenandoah",Black,146,10,4
08/21/2020,Peninsula,White,720,77,27
08/21/2020,"Eastern Shore","Not Reported",84,0,0
08/21/2020,"Thomas Jefferson","Other Race",126,3,0
08/21/2020,Hampton,"Other Race",42,2,0
08/21/2020,"Lord Fairfax","Not Reported",326,3,6
08/21/2020,"Central Virginia","Other Race",10,0,0
08/21/2020,"Western Tidewater","Other Race",54,1,2
08/21/2020,Crater,Latino,175,9,4
08/21/2020,Chesapeake,Latino,228,19,1
08/21/2020,Chesterfield,White,968,92,64
08/21/2020,"Western Tidewater","Not Reported",749,6,1
08/21/2020,Fairfax,"Not Reported",2240,58,31
08/21/2020,Arlington,Black,330,75,32
08/21/2020,"Central Virginia",Latino,27,3,1
08/21/2020,Alexandria,"Not Reported",212,6,1
08/21/2020,"Three Rivers",Black,364,33,8
08/21/2020,"Prince William","Two or more races",34,1,0
08/21/2020,Loudoun,"Two or more races",41,1,0
08/21/2020,Peninsula,"Other Race",122,4,0
08/21/2020,"Thomas Jefferson",White,817,64,29
08/21/2020,Norfolk,"Other Race",80,3,1
08/21/2020,"Prince William","Not Reported",3833,23,0
08/21/2020,"West Piedmont",White,515,73,14
08/21/2020,Rappahannock,Black,644,76,13
08/21/2020,Norfolk,Black,2045,181,24
08/21/2020,Roanoke,Latino,320,16,0
08/21/2020,Piedmont,Latino,64,6,1
08/21/2020,Roanoke,"Not Reported",463,0,0
08/21/2020,"Virginia Beach","Other Race",94,2,0
08/21/2020,Arlington,"Two or more races",30,2,0
08/21/2020,Alexandria,White,602,55,33
08/21/2020,"Lord Fairfax","Other Race",65,6,1
08/21/2020,"Thomas Jefferson","Not Reported",180,1,0
08/21/2020,"Virginia Beach","Not Reported",1589,9,3
08/21/2020,Loudoun,Black,254,27,5
08/21/2020,Pittsylvania-Danville,Latino,63,3,0
08/21/2020,"Cumberland Plateau","Not Reported",13,0,0
08/21/2020,Chesterfield,"Not Reported",1935,3,9
08/21/2020,"Mount Rogers",White,1283,134,57
08/21/2020,Richmond,White,457,34,6
08/21/2020,Lenowisco,"Not Reported",79,4,1
08/21/2020,"Three Rivers",Latino,146,5,1
08/21/2020,Piedmont,"Not Reported",634,11,2
08/21/2020,"Mount Rogers",Latino,266,6,0
08/21/2020,"Central Shenandoah","Two or more races",11,1,0
08/21/2020,Crater,White,547,48,15
08/21/2020,Arlington,White,953,120,66
08/21/2020,Pittsylvania-Danville,"Other Race",0,0,0
08/21/2020,Chickahominy,Black,195,40,11
08/21/2020,Fairfax,Black,1340,216,57
08/21/2020,"Eastern Shore",Latino,256,12,3
08/21/2020,Norfolk,White,649,42,14
08/21/2020,"Mount Rogers","Two or more races",4,0,0
08/21/2020,Alleghany,"Two or more races",4,0,0
08/21/2020,Southside,White,189,26,18
08/21/2020,"Thomas Jefferson","Two or more races",24,0,0
08/21/2020,"Prince William",Black,1165,165,45
08/21/2020,"Lord Fairfax",White,1516,169,70
08/21/2020,"Cumberland Plateau",Latino,4,0,0
08/21/2020,Arlington,"Not Reported",307,2,0
08/21/2020,Rappahannock,"Other Race",79,4,0
08/21/2020,"Rappahannock Rapidan",Black,169,26,6
08/21/2020,"New River","Two or more races",3,0,0
08/21/2020,Arlington,Latino,1476,218,23
08/21/2020,Henrico,White,1056,101,92
08/21/2020,Loudoun,White,1290,108,83
08/21/2020,Hampton,White,192,9,1
08/21/2020,Alleghany,Black,55,4,1
08/21/2020,"Prince William",White,1419,164,84
08/21/2020,Rappahannock,White,1016,108,37
08/21/2020,Southside,"Other Race",9,0,1
08/21/2020,Portsmouth,"Two or more races",8,2,1
08/21/2020,"Western Tidewater",Black,1125,93,39
08/21/2020,Hampton,Latino,51,4,0
08/21/2020,Henrico,"Not Reported",772,3,4
08/21/2020,"West Piedmont","Two or more races",0,0,0
08/21/2020,Peninsula,"Not Reported",1314,2,0
08/21/2020,Loudoun,Latino,1747,168,14
08/21/2020,Alexandria,Black,621,83,14
08/21/2020,Piedmont,Black,442,58,15
08/21/2020,Roanoke,"Other Race",11,0,0
08/21/2020,Alexandria,"Two or more races",15,1,0
08/21/2020,"Western Tidewater",Latino,24,1,1
08/21/2020,Rappahannock,"Not Reported",1100,26,0
08/21/2020,"West Piedmont","Other Race",5,1,1
08/21/2020,Chickahominy,White,537,84,33
08/21/2020,"Thomas Jefferson",Latino,607,26,2
08/21/2020,"Cumberland Plateau",Black,21,0,0
08/21/2020,"Lord Fairfax",Latino,659,43,8
08/21/2020,"West Piedmont",Latino,201,8,1
08/21/2020,"Cumberland Plateau",White,415,36,6
08/21/2020,"Eastern Shore","Other Race",13,1,0
08/21/2020,"Cumberland Plateau","Two or more races",5,0,0
08/21/2020,Pittsylvania-Danville,"Two or more races",1,0,0
08/21/2020,Piedmont,"Other Race",8,0,0
08/21/2020,Alexandria,Latino,1585,126,10
08/21/2020,Chesapeake,Black,1269,151,14
08/21/2020,Richmond,"Other Race",96,7,3
08/21/2020,Henrico,Latino,799,55,8
08/21/2020,Piedmont,"Two or more races",4,2,0
08/21/2020,"Prince William","Other Race",343,15,0
08/21/2020,"New River","Not Reported",97,2,0
08/21/2020,"Rappahannock Rapidan",White,569,45,14
08/21/2020,"Central Virginia","Not Reported",1303,11,1
08/21/2020,"Virginia Beach","Two or more races",48,2,1
08/21/2020,Pittsylvania-Danville,White,244,33,8
08/21/2020,"Lord Fairfax",Black,120,13,6
08/21/2020,Fairfax,Latino,8714,963,81
08/21/2020,Chesterfield,"Asian or Pacific Islander",47,2,0
08/21/2020,Crater,"Asian or Pacific Islander",15,0,0
08/21/2020,Fairfax,"Asian or Pacific Islander",1438,246,71
08/21/2020,Hampton,"Asian or Pacific Islander",10,0,0
08/21/2020,"Rappahannock Rapidan","Asian or Pacific Islander",7,1,0
08/21/2020,"Mount Rogers","Asian or Pacific Islander",3,1,0
08/21/2020,"New River","Asian or Pacific Islander",8,0,0
08/21/2020,"Central Virginia","Asian or Pacific Islander",7,0,0
08/21/2020,"Lord Fairfax","Asian or Pacific Islander",13,0,0
08/21/2020,Southside,"Asian or Pacific Islander",1,0,0
08/21/2020,Alleghany,"Asian or Pacific Islander",12,0,0
08/21/2020,Portsmouth,"Asian or Pacific Islander",13,2,0
08/21/2020,Roanoke,"Asian or Pacific Islander",12,0,0
08/21/2020,Richmond,"Asian or Pacific Islander",21,3,1
08/21/2020,"Thomas Jefferson","Asian or Pacific Islander",37,0,1
08/21/2020,"Virginia Beach","Asian or Pacific Islander",218,20,2
08/21/2020,Henrico,"Asian or Pacific Islander",153,10,3
08/21/2020,Piedmont,"Asian or Pacific Islander",7,0,0
08/21/2020,"Western Tidewater","Asian or Pacific Islander",13,2,0
08/21/2020,"West Piedmont","Asian or Pacific Islander",12,1,1
08/21/2020,Chickahominy,"Asian or Pacific Islander",13,1,0
08/21/2020,Peninsula,"Asian or Pacific Islander",37,4,3
08/21/2020,Norfolk,"Asian or Pacific Islander",55,4,0
08/21/2020,Arlington,"Asian or Pacific Islander",155,22,12
08/21/2020,Loudoun,"Asian or Pacific Islander",299,45,11
08/21/2020,Alexandria,"Asian or Pacific Islander",104,10,1
08/21/2020,Rappahannock,"Asian or Pacific Islander",62,9,0
08/21/2020,Chesapeake,"Asian or Pacific Islander",51,8,4
08/21/2020,"Cumberland Plateau and Lenowisco","Asian or Pacific Islander",1,0,0
08/21/2020,"Central Shenandoah","Asian or Pacific Islander",24,2,0
08/21/2020,"Prince William","Asian or Pacific Islander",390,48,15
08/21/2020,Pittsylvania-Danville,"Asian or Pacific Islander",3,0,0
08/21/2020,"Eastern Shore and Three Rivers","Asian or Pacific Islander",12,1,0
08/21/2020,Piedmont,"Native American",1,0,0
08/21/2020,"New River","Native American",0,0,0
08/21/2020,"Central Shenandoah","Native American",3,1,0
08/21/2020,"Eastern Shore and Three Rivers","Native American",1,0,0
08/21/2020,Fairfax,"Native American",31,1,1
08/21/2020,Chesapeake,"Native American",11,0,0
08/21/2020,"Western Tidewater","Native American",2,0,0
08/21/2020,Portsmouth,"Native American",3,2,0
08/21/2020,Richmond,"Native American",0,0,0
08/21/2020,Chickahominy,"Native American",5,1,0
08/21/2020,"Thomas Jefferson","Native American",2,0,0
08/21/2020,Arlington,"Native American",4,0,0
08/21/2020,"Virginia Beach","Native American",7,0,0
08/21/2020,Peninsula,"Native American",4,1,0
08/21/2020,Hampton,"Native American",2,0,0
08/21/2020,"West Piedmont","Native American",3,0,0
08/21/2020,"Cumberland Plateau, Lenowisco, and Mount Rogers","Native American",2,0,0
08/21/2020,Henrico,"Native American",8,0,0
08/21/2020,Norfolk,"Native American",8,0,0
08/21/2020,"Prince William","Native American",13,1,0
08/21/2020,"Central Virginia","Native American",1,0,0
08/21/2020,Chesterfield,"Native American",5,0,0
08/21/2020,Rappahannock,"Native American",4,0,0
08/21/2020,Loudoun,"Native American",3,0,0
08/21/2020,Alexandria,"Native American",3,0,0
08/21/2020,"Alleghany and Roanoke","Native American",1,0,0
08/21/2020,Crater,"Native American",5,0,0
08/21/2020,"Rappahannock Rapidan","Native American",1,0,0
08/21/2020,"Lord Fairfax","Native American",2,1,1
08/21/2020,"Pittsylvania-Danville and Southside","Native American",0,0,0
08/22/2020,"Rappahannock Rapidan","Not Reported",559,10,1
08/22/2020,Portsmouth,"Other Race",71,6,2
08/22/2020,"Western Tidewater","Two or more races",23,0,0
08/22/2020,Piedmont,White,433,49,19
08/22/2020,Chesterfield,Latino,1226,80,4
08/22/2020,Lenowisco,White,494,49,8
08/22/2020,Lenowisco,"Two or more races",2,0,0
08/22/2020,Hampton,"Not Reported",523,1,1
08/22/2020,Southside,"Not Reported",440,9,4
08/22/2020,Roanoke,Black,117,10,3
08/22/2020,Hampton,Black,596,37,8
08/22/2020,Alleghany,"Other Race",5,1,0
08/22/2020,Lenowisco,Latino,8,0,0
08/22/2020,Loudoun,"Other Race",150,11,2
08/22/2020,"Central Shenandoah",Latino,919,54,5
08/22/2020,"Rappahannock Rapidan",Latino,751,59,7
08/22/2020,"Eastern Shore",Black,847,96,26
08/22/2020,Norfolk,Latino,289,19,0
08/22/2020,Hampton,"Two or more races",14,0,0
08/22/2020,Richmond,Black,1142,206,25
08/22/2020,Henrico,"Two or more races",32,1,0
08/22/2020,Fairfax,"Two or more races",63,5,0
08/22/2020,Alleghany,"Not Reported",387,2,0
08/22/2020,Portsmouth,"Not Reported",537,4,0
08/22/2020,"Cumberland Plateau","Other Race",2,1,0
08/22/2020,Southside,"Two or more races",23,0,0
08/22/2020,Portsmouth,White,251,16,6
08/22/2020,"Rappahannock Rapidan","Two or more races",23,2,0
08/22/2020,Fairfax,White,3120,461,294
08/22/2020,Fairfax,"Other Race",665,79,18
08/22/2020,Crater,"Two or more races",3,0,0
08/22/2020,"West Piedmont","Not Reported",321,26,3
08/22/2020,Henrico,"Other Race",97,11,0
08/22/2020,"Three Rivers",White,480,40,8
08/22/2020,"Central Virginia",Black,142,21,5
08/22/2020,Lenowisco,"Other Race",5,0,0
08/22/2020,"Three Rivers","Other Race",14,3,0
08/22/2020,"Western Tidewater",White,548,54,43
08/22/2020,"Mount Rogers",Black,46,6,2
08/22/2020,"Three Rivers","Not Reported",189,3,1
08/22/2020,"Thomas Jefferson",Black,428,64,11
08/22/2020,"Eastern Shore",White,233,26,18
08/22/2020,"Central Virginia",White,436,36,11
08/22/2020,Lenowisco,Black,5,1,1
08/22/2020,"Central Virginia","Two or more races",0,0,0
08/22/2020,Richmond,"Two or more races",12,0,0
08/22/2020,Crater,"Not Reported",590,9,4
08/22/2020,Chesterfield,"Two or more races",15,2,0
08/22/2020,"New River",Latino,78,5,0
08/22/2020,Richmond,Latino,1218,100,7
08/22/2020,Portsmouth,Latino,55,11,1
08/22/2020,Pittsylvania-Danville,"Not Reported",480,8,1
08/22/2020,Chesapeake,"Not Reported",842,7,0
08/22/2020,Chickahominy,Latino,74,4,0
08/22/2020,Crater,Black,1438,172,46
08/22/2020,Chesterfield,Black,802,94,25
08/22/2020,Chesterfield,"Other Race",188,9,0
08/22/2020,Peninsula,Black,861,63,17
08/22/2020,Roanoke,White,203,12,12
08/22/2020,"New River",Black,52,3,0
08/22/2020,Southside,Latino,5,0,0
08/22/2020,Peninsula,Latino,288,19,0
08/22/2020,Rappahannock,"Two or more races",22,2,0
08/22/2020,"Virginia Beach",Black,1473,102,15
08/22/2020,"Mount Rogers","Not Reported",91,2,1
08/22/2020,Loudoun,"Not Reported",1880,4,0
08/22/2020,Chesapeake,"Other Race",62,3,1
08/22/2020,Chickahominy,"Two or more races",2,1,0
08/22/2020,Crater,"Other Race",32,0,0
08/22/2020,Norfolk,"Two or more races",39,0,0
08/22/2020,"Eastern Shore","Two or more races",1,1,0
08/22/2020,"Central Shenandoah",White,1636,157,50
08/22/2020,"New River","Other Race",3,0,0
08/22/2020,"New River",White,482,27,8
08/22/2020,"Central Shenandoah","Other Race",46,2,0
08/22/2020,"West Piedmont",Black,341,64,7
08/22/2020,Alleghany,Latino,136,10,0
08/22/2020,"Central Shenandoah","Not Reported",245,3,1
08/22/2020,Roanoke,"Two or more races",2,1,0
08/22/2020,Peninsula,"Two or more races",40,3,0
08/22/2020,Richmond,"Not Reported",586,2,1
08/22/2020,Arlington,"Other Race",79,9,4
08/22/2020,Norfolk,"Not Reported",962,3,0
08/22/2020,Alexandria,"Other Race",61,7,2
08/22/2020,"Virginia Beach",White,1898,150,39
08/22/2020,Chesapeake,"Two or more races",36,2,1
08/22/2020,Alleghany,White,464,40,17
08/22/2020,"Rappahannock Rapidan","Other Race",30,1,0
08/22/2020,Chickahominy,"Not Reported",273,2,2
08/22/2020,Portsmouth,Black,1147,116,20
08/22/2020,Chickahominy,"Other Race",12,2,0
08/22/2020,"Virginia Beach",Latino,341,21,3
08/22/2020,Chesapeake,White,930,91,20
08/22/2020,Southside,Black,256,34,14
08/22/2020,Rappahannock,Latino,1183,102,8
08/22/2020,"Three Rivers","Two or more races",4,0,0
08/22/2020,Henrico,Black,1369,179,81
08/22/2020,Pittsylvania-Danville,Black,359,45,7
08/22/2020,"Lord Fairfax","Two or more races",11,0,0
08/22/2020,"Prince William",Latino,5319,592,66
08/22/2020,"Mount Rogers","Other Race",7,2,2
08/22/2020,"Central Shenandoah",Black,146,10,4
08/22/2020,Peninsula,White,738,77,27
08/22/2020,"Eastern Shore","Not Reported",84,0,0
08/22/2020,"Thomas Jefferson","Other Race",128,3,0
08/22/2020,Hampton,"Other Race",43,2,0
08/22/2020,"Lord Fairfax","Not Reported",331,3,6
08/22/2020,"Central Virginia","Other Race",10,0,0
08/22/2020,"Western Tidewater","Other Race",55,1,2
08/22/2020,Crater,Latino,176,9,4
08/22/2020,Chesapeake,Latino,233,19,1
08/22/2020,Chesterfield,White,981,94,64
08/22/2020,"Western Tidewater","Not Reported",766,6,1
08/22/2020,Fairfax,"Not Reported",2275,58,31
08/22/2020,Arlington,Black,335,75,32
08/22/2020,"Central Virginia",Latino,27,3,1
08/22/2020,Alexandria,"Not Reported",216,8,1
08/22/2020,"Three Rivers",Black,366,34,8
08/22/2020,"Prince William","Two or more races",35,1,0
08/22/2020,Loudoun,"Two or more races",42,1,0
08/22/2020,Peninsula,"Other Race",124,4,0
08/22/2020,"Thomas Jefferson",White,834,67,29
08/22/2020,Norfolk,"Other Race",82,3,1
08/22/2020,"Prince William","Not Reported",3871,23,0
08/22/2020,"West Piedmont",White,527,74,14
08/22/2020,Rappahannock,Black,651,76,13
08/22/2020,Norfolk,Black,2068,183,24
08/22/2020,Roanoke,Latino,323,17,0
08/22/2020,Piedmont,Latino,67,6,1
08/22/2020,Roanoke,"Not Reported",453,0,0
08/22/2020,"Virginia Beach","Other Race",96,2,0
08/22/2020,Arlington,"Two or more races",30,2,0
08/22/2020,Alexandria,White,613,55,33
08/22/2020,"Lord Fairfax","Other Race",66,6,1
08/22/2020,"Thomas Jefferson","Not Reported",186,1,0
08/22/2020,"Virginia Beach","Not Reported",1584,9,3
08/22/2020,Loudoun,Black,256,27,5
08/22/2020,Pittsylvania-Danville,Latino,65,3,0
08/22/2020,"Cumberland Plateau","Not Reported",30,0,0
08/22/2020,Chesterfield,"Not Reported",1941,3,9
08/22/2020,"Mount Rogers",White,1311,138,57
08/22/2020,Richmond,White,471,34,6
08/22/2020,Lenowisco,"Not Reported",78,4,1
08/22/2020,"Three Rivers",Latino,146,5,1
08/22/2020,Piedmont,"Not Reported",644,11,2
08/22/2020,"Mount Rogers",Latino,268,6,0
08/22/2020,"Central Shenandoah","Two or more races",13,1,0
08/22/2020,Crater,White,579,50,15
08/22/2020,Arlington,White,959,120,66
08/22/2020,Pittsylvania-Danville,"Other Race",0,0,0
08/22/2020,Chickahominy,Black,196,41,11
08/22/2020,Fairfax,Black,1351,216,57
08/22/2020,"Eastern Shore",Latino,256,12,3
08/22/2020,Norfolk,White,661,43,14
08/22/2020,"Mount Rogers","Two or more races",4,0,0
08/22/2020,Alleghany,"Two or more races",4,0,0
08/22/2020,Southside,White,190,26,18
08/22/2020,"Thomas Jefferson","Two or more races",24,0,0
08/22/2020,"Prince William",Black,1174,166,46
08/22/2020,"Lord Fairfax",White,1524,169,70
08/22/2020,"Cumberland Plateau",Latino,4,0,0
08/22/2020,Arlington,"Not Reported",306,2,0
08/22/2020,Rappahannock,"Other Race",82,4,0
08/22/2020,"Rappahannock Rapidan",Black,173,26,6
08/22/2020,"New River","Two or more races",3,0,0
08/22/2020,Arlington,Latino,1488,219,23
08/22/2020,Henrico,White,1060,101,92
08/22/2020,Loudoun,White,1298,108,83
08/22/2020,Hampton,White,198,9,1
08/22/2020,Alleghany,Black,57,4,1
08/22/2020,"Prince William",White,1427,164,84
08/22/2020,Rappahannock,White,1035,111,38
08/22/2020,Southside,"Other Race",10,0,1
08/22/2020,Portsmouth,"Two or more races",8,2,1
08/22/2020,"Western Tidewater",Black,1144,93,39
08/22/2020,Hampton,Latino,51,4,0
08/22/2020,Henrico,"Not Reported",773,3,4
08/22/2020,"West Piedmont","Two or more races",0,0,0
08/22/2020,Peninsula,"Not Reported",1329,2,0
08/22/2020,Loudoun,Latino,1753,168,14
08/22/2020,Alexandria,Black,627,84,14
08/22/2020,Piedmont,Black,443,57,14
08/22/2020,Roanoke,"Other Race",10,0,0
08/22/2020,Alexandria,"Two or more races",16,1,0
08/22/2020,"Western Tidewater",Latino,24,1,1
08/22/2020,Rappahannock,"Not Reported",1106,26,0
08/22/2020,"West Piedmont","Other Race",5,1,1
08/22/2020,Chickahominy,White,539,84,33
08/22/2020,"Thomas Jefferson",Latino,608,27,2
08/22/2020,"Cumberland Plateau",Black,22,0,0
08/22/2020,"Lord Fairfax",Latino,659,43,8
08/22/2020,"West Piedmont",Latino,201,8,1
08/22/2020,"Cumberland Plateau",White,419,37,6
08/22/2020,"Eastern Shore","Other Race",13,1,0
08/22/2020,"Cumberland Plateau","Two or more races",5,0,0
08/22/2020,Pittsylvania-Danville,"Two or more races",1,0,0
08/22/2020,Piedmont,"Other Race",8,0,0
08/22/2020,Alexandria,Latino,1596,127,10
08/22/2020,Chesapeake,Black,1297,157,15
08/22/2020,Richmond,"Other Race",98,7,3
08/22/2020,Henrico,Latino,801,55,8
08/22/2020,Piedmont,"Two or more races",4,2,0
08/22/2020,"Prince William","Other Race",344,15,0
08/22/2020,"New River","Not Reported",102,2,0
08/22/2020,"Rappahannock Rapidan",White,575,44,14
08/22/2020,"Central Virginia","Not Reported",1340,11,1
08/22/2020,"Virginia Beach","Two or more races",50,2,1
08/22/2020,Pittsylvania-Danville,White,252,34,8
08/22/2020,"Lord Fairfax",Black,121,13,6
08/22/2020,Fairfax,Latino,8753,963,81
08/22/2020,Chesterfield,"Asian or Pacific Islander",48,2,0
08/22/2020,Crater,"Asian or Pacific Islander",15,0,0
08/22/2020,Fairfax,"Asian or Pacific Islander",1443,246,71
08/22/2020,Hampton,"Asian or Pacific Islander",10,0,0
08/22/2020,"Rappahannock Rapidan","Asian or Pacific Islander",7,1,0
08/22/2020,"Mount Rogers","Asian or Pacific Islander",3,1,0
08/22/2020,"New River","Asian or Pacific Islander",9,0,0
08/22/2020,"Central Virginia","Asian or Pacific Islander",7,0,0
08/22/2020,"Lord Fairfax","Asian or Pacific Islander",13,0,0
08/22/2020,Southside,"Asian or Pacific Islander",1,0,0
08/22/2020,Alleghany,"Asian or Pacific Islander",12,0,0
08/22/2020,Portsmouth,"Asian or Pacific Islander",13,2,0
08/22/2020,Roanoke,"Asian or Pacific Islander",12,0,0
08/22/2020,Richmond,"Asian or Pacific Islander",21,3,1
08/22/2020,"Thomas Jefferson","Asian or Pacific Islander",37,0,1
08/22/2020,"Virginia Beach","Asian or Pacific Islander",219,20,2
08/22/2020,Henrico,"Asian or Pacific Islander",154,10,3
08/22/2020,Piedmont,"Asian or Pacific Islander",8,0,0
08/22/2020,"Western Tidewater","Asian or Pacific Islander",13,2,0
08/22/2020,"West Piedmont","Asian or Pacific Islander",12,1,1
08/22/2020,Chickahominy,"Asian or Pacific Islander",13,1,0
08/22/2020,Peninsula,"Asian or Pacific Islander",37,4,3
08/22/2020,Norfolk,"Asian or Pacific Islander",55,4,0
08/22/2020,Arlington,"Asian or Pacific Islander",156,22,12
08/22/2020,Loudoun,"Asian or Pacific Islander",302,46,11
08/22/2020,Alexandria,"Asian or Pacific Islander",106,10,1
08/22/2020,Rappahannock,"Asian or Pacific Islander",61,9,0
08/22/2020,Chesapeake,"Asian or Pacific Islander",51,8,4
08/22/2020,"Cumberland Plateau and Lenowisco","Asian or Pacific Islander",1,0,0
08/22/2020,"Central Shenandoah","Asian or Pacific Islander",24,2,0
08/22/2020,"Prince William","Asian or Pacific Islander",392,48,15
08/22/2020,Pittsylvania-Danville,"Asian or Pacific Islander",3,0,0
08/22/2020,"Eastern Shore and Three Rivers","Asian or Pacific Islander",12,1,0
08/22/2020,Piedmont,"Native American",1,0,0
08/22/2020,"New River","Native American",0,0,0
08/22/2020,"Central Shenandoah","Native American",3,1,0
08/22/2020,"Eastern Shore and Three Rivers","Native American",1,0,0
08/22/2020,Fairfax,"Native American",31,1,1
08/22/2020,Chesapeake,"Native American",11,0,0
08/22/2020,"Western Tidewater","Native American",2,0,0
08/22/2020,Portsmouth,"Native American",3,2,0
08/22/2020,Richmond,"Native American",0,0,0
08/22/2020,Chickahominy,"Native American",5,1,0
08/22/2020,"Thomas Jefferson","Native American",2,0,0
08/22/2020,Arlington,"Native American",4,0,0
08/22/2020,"Virginia Beach","Native American",7,0,0
08/22/2020,Peninsula,"Native American",5,1,0
08/22/2020,Hampton,"Native American",2,0,0
08/22/2020,"West Piedmont","Native American",3,0,0
08/22/2020,"Cumberland Plateau, Lenowisco, and Mount Rogers","Native American",2,0,0
08/22/2020,Henrico,"Native American",8,0,0
08/22/2020,Norfolk,"Native American",8,0,0
08/22/2020,"Prince William","Native American",14,1,1
08/22/2020,"Central Virginia","Native American",1,0,0
08/22/2020,Chesterfield,"Native American",5,0,0
08/22/2020,Rappahannock,"Native American",4,0,0
08/22/2020,Loudoun,"Native American",3,0,0
08/22/2020,Alexandria,"Native American",3,0,0
08/22/2020,"Alleghany and Roanoke","Native American",1,0,0
08/22/2020,Crater,"Native American",5,0,0
08/22/2020,"Rappahannock Rapidan","Native American",1,0,0
08/22/2020,"Lord Fairfax","Native American",2,1,1
08/22/2020,"Pittsylvania-Danville and Southside","Native American",0,0,0
08/23/2020,"Rappahannock Rapidan","Not Reported",591,10,2
08/23/2020,Portsmouth,"Other Race",71,6,2
08/23/2020,"Western Tidewater","Two or more races",23,0,0
08/23/2020,Piedmont,White,433,49,19
08/23/2020,Chesterfield,Latino,1232,80,4
08/23/2020,Lenowisco,White,504,50,8
08/23/2020,Lenowisco,"Two or more races",2,0,0
08/23/2020,Hampton,"Not Reported",518,1,1
08/23/2020,Southside,"Not Reported",443,9,4
08/23/2020,Roanoke,Black,119,10,3
08/23/2020,Hampton,Black,605,37,9
08/23/2020,Alleghany,"Other Race",5,1,0
08/23/2020,Lenowisco,Latino,8,0,0
08/23/2020,Loudoun,"Other Race",150,11,2
08/23/2020,"Central Shenandoah",Latino,921,54,5
08/23/2020,"Rappahannock Rapidan",Latino,753,59,7
08/23/2020,"Eastern Shore",Black,847,97,26
08/23/2020,Norfolk,Latino,289,19,0
08/23/2020,Hampton,"Two or more races",14,0,0
08/23/2020,Richmond,Black,1166,206,25
08/23/2020,Henrico,"Two or more races",32,1,0
08/23/2020,Fairfax,"Two or more races",67,5,0
08/23/2020,Alleghany,"Not Reported",382,2,0
08/23/2020,Portsmouth,"Not Reported",537,4,0
08/23/2020,"Cumberland Plateau","Other Race",2,1,0
08/23/2020,Southside,"Two or more races",23,0,0
08/23/2020,Portsmouth,White,251,16,6
08/23/2020,"Rappahannock Rapidan","Two or more races",23,2,0
08/23/2020,Fairfax,White,3138,463,294
08/23/2020,Fairfax,"Other Race",670,79,19
08/23/2020,Crater,"Two or more races",4,0,0
08/23/2020,"West Piedmont","Not Reported",326,26,3
08/23/2020,Henrico,"Other Race",97,11,0
08/23/2020,"Three Rivers",White,482,41,8
08/23/2020,"Central Virginia",Black,145,21,5
08/23/2020,Lenowisco,"Other Race",5,0,0
08/23/2020,"Three Rivers","Other Race",14,3,0
08/23/2020,"Western Tidewater",White,553,54,44
08/23/2020,"Mount Rogers",Black,46,6,2
08/23/2020,"Three Rivers","Not Reported",187,3,1
08/23/2020,"Thomas Jefferson",Black,431,64,11
08/23/2020,"Eastern Shore",White,233,26,18
08/23/2020,"Central Virginia",White,450,36,11
08/23/2020,Lenowisco,Black,5,1,1
08/23/2020,"Central Virginia","Two or more races",0,0,0
08/23/2020,Richmond,"Two or more races",12,0,0
08/23/2020,Crater,"Not Reported",596,9,4
08/23/2020,Chesterfield,"Two or more races",16,2,0
08/23/2020,"New River",Latino,79,5,0
08/23/2020,Richmond,Latino,1223,100,7
08/23/2020,Portsmouth,Latino,55,11,1
08/23/2020,Pittsylvania-Danville,"Not Reported",490,9,1
08/23/2020,Chesapeake,"Not Reported",865,7,0
08/23/2020,Chickahominy,Latino,75,4,0
08/23/2020,Crater,Black,1478,172,47
08/23/2020,Chesterfield,Black,812,95,25
08/23/2020,Chesterfield,"Other Race",190,9,0
08/23/2020,Peninsula,Black,869,63,17
08/23/2020,Roanoke,White,204,12,12
08/23/2020,"New River",Black,52,3,0
08/23/2020,Southside,Latino,5,0,0
08/23/2020,Peninsula,Latino,289,19,0
08/23/2020,Rappahannock,"Two or more races",22,2,0
08/23/2020,"Virginia Beach",Black,1478,102,16
08/23/2020,"Mount Rogers","Not Reported",93,2,2
08/23/2020,Loudoun,"Not Reported",1889,4,0
08/23/2020,Chesapeake,"Other Race",62,3,1
08/23/2020,Chickahominy,"Two or more races",2,1,0
08/23/2020,Crater,"Other Race",32,0,0
08/23/2020,Norfolk,"Two or more races",39,0,0
08/23/2020,"Eastern Shore","Two or more races",1,1,0
08/23/2020,"Central Shenandoah",White,1647,158,50
08/23/2020,"New River","Other Race",3,0,0
08/23/2020,"New River",White,515,27,8
08/23/2020,"Central Shenandoah","Other Race",47,2,0
08/23/2020,"West Piedmont",Black,343,64,7
08/23/2020,Alleghany,Latino,137,10,0
08/23/2020,"Central Shenandoah","Not Reported",244,3,1
08/23/2020,Roanoke,"Two or more races",2,1,0
08/23/2020,Peninsula,"Two or more races",40,3,0
08/23/2020,Richmond,"Not Reported",592,2,1
08/23/2020,Arlington,"Other Race",80,9,4
08/23/2020,Norfolk,"Not Reported",961,3,1
08/23/2020,Alexandria,"Other Race",61,7,2
08/23/2020,"Virginia Beach",White,1906,151,39
08/23/2020,Chesapeake,"Two or more races",37,2,1
08/23/2020,Alleghany,White,466,40,18
08/23/2020,"Rappahannock Rapidan","Other Race",30,1,0
08/23/2020,Chickahominy,"Not Reported",274,2,2
08/23/2020,Portsmouth,Black,1148,116,20
08/23/2020,Chickahominy,"Other Race",13,2,0
08/23/2020,"Virginia Beach",Latino,345,21,3
08/23/2020,Chesapeake,White,947,94,20
08/23/2020,Southside,Black,258,34,14
08/23/2020,Rappahannock,Latino,1186,103,8
08/23/2020,"Three Rivers","Two or more races",4,0,0
08/23/2020,Henrico,Black,1378,179,81
08/23/2020,Pittsylvania-Danville,Black,367,46,7
08/23/2020,"Lord Fairfax","Two or more races",11,0,0
08/23/2020,"Prince William",Latino,5341,593,66
08/23/2020,"Mount Rogers","Other Race",7,2,2
08/23/2020,"Central Shenandoah",Black,147,10,4
08/23/2020,Peninsula,White,746,77,27
08/23/2020,"Eastern Shore","Not Reported",84,0,0
08/23/2020,"Thomas Jefferson","Other Race",128,3,2
08/23/2020,Hampton,"Other Race",46,2,0
08/23/2020,"Lord Fairfax","Not Reported",336,3,6
08/23/2020,"Central Virginia","Other Race",10,0,0
08/23/2020,"Western Tidewater","Other Race",57,1,2
08/23/2020,Crater,Latino,176,9,4
08/23/2020,Chesapeake,Latino,236,20,1
08/23/2020,Chesterfield,White,990,94,64
08/23/2020,"Western Tidewater","Not Reported",781,6,2
08/23/2020,Fairfax,"Not Reported",2304,58,31
08/23/2020,Arlington,Black,339,75,32
08/23/2020,"Central Virginia",Latino,27,3,1
08/23/2020,Alexandria,"Not Reported",217,7,1
08/23/2020,"Three Rivers",Black,368,35,8
08/23/2020,"Prince William","Two or more races",36,1,0
08/23/2020,Loudoun,"Two or more races",42,1,0
08/23/2020,Peninsula,"Other Race",126,4,1
08/23/2020,"Thomas Jefferson",White,841,67,29
08/23/2020,Norfolk,"Other Race",81,3,1
08/23/2020,"Prince William","Not Reported",3882,23,0
08/23/2020,"West Piedmont",White,535,74,15
08/23/2020,Rappahannock,Black,660,77,13
08/23/2020,Norfolk,Black,2069,184,26
08/23/2020,Roanoke,Latino,327,17,0
08/23/2020,Piedmont,Latino,67,6,1
08/23/2020,Roanoke,"Not Reported",448,0,0
08/23/2020,"Virginia Beach","Other Race",96,2,0
08/23/2020,Arlington,"Two or more races",31,2,0
08/23/2020,Alexandria,White,620,55,33
08/23/2020,"Lord Fairfax","Other Race",66,6,1
08/23/2020,"Thomas Jefferson","Not Reported",187,1,0
08/23/2020,"Virginia Beach","Not Reported",1592,9,3
08/23/2020,Loudoun,Black,257,27,5
08/23/2020,Pittsylvania-Danville,Latino,65,3,0
08/23/2020,"Cumberland Plateau","Not Reported",14,0,0
08/23/2020,Chesterfield,"Not Reported",1953,3,9
08/23/2020,"Mount Rogers",White,1327,141,58
08/23/2020,Richmond,White,474,35,6
08/23/2020,Lenowisco,"Not Reported",78,4,1
08/23/2020,"Three Rivers",Latino,146,5,1
08/23/2020,Piedmont,"Not Reported",644,11,2
08/23/2020,"Mount Rogers",Latino,268,6,0
08/23/2020,"Central Shenandoah","Two or more races",13,1,0
08/23/2020,Crater,White,593,51,15
08/23/2020,Arlington,White,978,120,66
08/23/2020,Pittsylvania-Danville,"Other Race",0,0,0
08/23/2020,Chickahominy,Black,199,41,11
08/23/2020,Fairfax,Black,1362,219,57
08/23/2020,"Eastern Shore",Latino,256,12,3
08/23/2020,Norfolk,White,662,43,15
08/23/2020,"Mount Rogers","Two or more races",4,0,0
08/23/2020,Alleghany,"Two or more races",4,0,0
08/23/2020,Southside,White,191,26,18
08/23/2020,"Thomas Jefferson","Two or more races",26,0,0
08/23/2020,"Prince William",Black,1188,166,47
08/23/2020,"Lord Fairfax",White,1533,169,70
08/23/2020,"Cumberland Plateau",Latino,5,0,0
08/23/2020,Arlington,"Not Reported",295,2,0
08/23/2020,Rappahannock,"Other Race",83,4,0
08/23/2020,"Rappahannock Rapidan",Black,177,26,6
08/23/2020,"New River","Two or more races",3,0,0
08/23/2020,Arlington,Latino,1498,219,23
08/23/2020,Henrico,White,1073,102,93
08/23/2020,Loudoun,White,1304,108,83
08/23/2020,Hampton,White,208,9,1
08/23/2020,Alleghany,Black,57,4,1
08/23/2020,"Prince William",White,1440,165,84
08/23/2020,Rappahannock,White,1041,112,38
08/23/2020,Southside,"Other Race",10,0,1
08/23/2020,Portsmouth,"Two or more races",8,2,1
08/23/2020,"Western Tidewater",Black,1150,93,39
08/23/2020,Hampton,Latino,51,4,0
08/23/2020,Henrico,"Not Reported",772,3,4
08/23/2020,"West Piedmont","Two or more races",0,0,0
08/23/2020,Peninsula,"Not Reported",1346,2,0
08/23/2020,Loudoun,Latino,1765,169,14
08/23/2020,Alexandria,Black,635,85,14
08/23/2020,Piedmont,Black,443,57,14
08/23/2020,Roanoke,"Other Race",11,0,0
08/23/2020,Alexandria,"Two or more races",17,1,0
08/23/2020,"Western Tidewater",Latino,24,1,1
08/23/2020,Rappahannock,"Not Reported",1116,26,0
08/23/2020,"West Piedmont","Other Race",5,1,1
08/23/2020,Chickahominy,White,544,86,34
08/23/2020,"Thomas Jefferson",Latino,609,27,2
08/23/2020,"Cumberland Plateau",Black,37,0,0
08/23/2020,"Lord Fairfax",Latino,662,43,8
08/23/2020,"West Piedmont",Latino,201,8,1
08/23/2020,"Cumberland Plateau",White,423,37,6
08/23/2020,"Eastern Shore","Other Race",13,1,0
08/23/2020,"Cumberland Plateau","Two or more races",5,0,0
08/23/2020,Pittsylvania-Danville,"Two or more races",1,0,0
08/23/2020,Piedmont,"Other Race",8,0,0
08/23/2020,Alexandria,Latino,1597,127,10
08/23/2020,Chesapeake,Black,1314,159,15
08/23/2020,Richmond,"Other Race",100,7,3
08/23/2020,Henrico,Latino,805,55,8
08/23/2020,Piedmont,"Two or more races",4,2,0
08/23/2020,"Prince William","Other Race",349,15,0
08/23/2020,"New River","Not Reported",109,2,0
08/23/2020,"Rappahannock Rapidan",White,582,44,14
08/23/2020,"Central Virginia","Not Reported",1367,11,1
08/23/2020,"Virginia Beach","Two or more races",50,2,1
08/23/2020,Pittsylvania-Danville,White,257,34,8
08/23/2020,"Lord Fairfax",Black,122,13,6
08/23/2020,Fairfax,Latino,8791,965,83
08/23/2020,Chesterfield,"Asian or Pacific Islander",48,2,0
08/23/2020,Crater,"Asian or Pacific Islander",16,0,0
08/23/2020,Fairfax,"Asian or Pacific Islander",1454,246,71
08/23/2020,Hampton,"Asian or Pacific Islander",10,0,0
08/23/2020,"Rappahannock Rapidan","Asian or Pacific Islander",8,1,0
08/23/2020,"Mount Rogers","Asian or Pacific Islander",3,1,0
08/23/2020,"New River","Asian or Pacific Islander",10,0,0
08/23/2020,"Central Virginia","Asian or Pacific Islander",7,0,0
08/23/2020,"Lord Fairfax","Asian or Pacific Islander",13,0,0
08/23/2020,Southside,"Asian or Pacific Islander",1,0,0
08/23/2020,Alleghany,"Asian or Pacific Islander",15,0,0
08/23/2020,Portsmouth,"Asian or Pacific Islander",13,2,0
08/23/2020,Roanoke,"Asian or Pacific Islander",11,0,0
08/23/2020,Richmond,"Asian or Pacific Islander",21,3,1
08/23/2020,"Thomas Jefferson","Asian or Pacific Islander",37,0,1
08/23/2020,"Virginia Beach","Asian or Pacific Islander",219,20,2
08/23/2020,Henrico,"Asian or Pacific Islander",154,10,3
08/23/2020,Piedmont,"Asian or Pacific Islander",8,0,0
08/23/2020,"Western Tidewater","Asian or Pacific Islander",13,2,0
08/23/2020,"West Piedmont","Asian or Pacific Islander",12,1,1
08/23/2020,Chickahominy,"Asian or Pacific Islander",13,1,0
08/23/2020,Peninsula,"Asian or Pacific Islander",37,4,3
08/23/2020,Norfolk,"Asian or Pacific Islander",55,4,0
08/23/2020,Arlington,"Asian or Pacific Islander",158,22,12
08/23/2020,Loudoun,"Asian or Pacific Islander",302,46,11
08/23/2020,Alexandria,"Asian or Pacific Islander",107,10,1
08/23/2020,Rappahannock,"Asian or Pacific Islander",62,9,1
08/23/2020,Chesapeake,"Asian or Pacific Islander",51,8,4
08/23/2020,"Cumberland Plateau and Lenowisco","Asian or Pacific Islander",1,0,0
08/23/2020,"Central Shenandoah","Asian or Pacific Islander",24,2,0
08/23/2020,"Prince William","Asian or Pacific Islander",397,48,15
08/23/2020,Pittsylvania-Danville,"Asian or Pacific Islander",3,0,0
08/23/2020,"Eastern Shore and Three Rivers","Asian or Pacific Islander",12,1,0
08/23/2020,Piedmont,"Native American",1,0,0
08/23/2020,"New River","Native American",0,0,0
08/23/2020,"Central Shenandoah","Native American",3,1,0
08/23/2020,"Eastern Shore and Three Rivers","Native American",1,0,0
08/23/2020,Fairfax,"Native American",31,1,1
08/23/2020,Chesapeake,"Native American",11,0,0
08/23/2020,"Western Tidewater","Native American",2,0,0
08/23/2020,Portsmouth,"Native American",3,2,0
08/23/2020,Richmond,"Native American",0,0,0
08/23/2020,Chickahominy,"Native American",5,1,0
08/23/2020,"Thomas Jefferson","Native American",2,0,0
08/23/2020,Arlington,"Native American",4,0,0
08/23/2020,"Virginia Beach","Native American",7,0,0
08/23/2020,Peninsula,"Native American",5,1,0
08/23/2020,Hampton,"Native American",2,0,0
08/23/2020,"West Piedmont","Native American",3,0,0
08/23/2020,"Cumberland Plateau, Lenowisco, and Mount Rogers","Native American",1,0,0
08/23/2020,Henrico,"Native American",8,0,0
08/23/2020,Norfolk,"Native American",8,0,0
08/23/2020,"Prince William","Native American",14,1,1
08/23/2020,"Central Virginia","Native American",1,0,0
08/23/2020,Chesterfield,"Native American",5,0,0
08/23/2020,Rappahannock,"Native American",4,0,0
08/23/2020,Loudoun,"Native American",3,0,0
08/23/2020,Alexandria,"Native American",3,0,0
08/23/2020,"Alleghany and Roanoke","Native American",1,0,0
08/23/2020,Crater,"Native American",5,0,0
08/23/2020,"Rappahannock Rapidan","Native American",1,0,0
08/23/2020,"Lord Fairfax","Native American",2,1,1
08/23/2020,"Pittsylvania-Danville and Southside","Native American",0,0,0
08/24/2020,"Rappahannock Rapidan","Not Reported",592,10,2
08/24/2020,Portsmouth,"Other Race",71,6,2
08/24/2020,"Western Tidewater","Two or more races",23,0,0
08/24/2020,Piedmont,White,433,49,19
08/24/2020,Chesterfield,Latino,1239,80,4
08/24/2020,Lenowisco,White,511,50,8
08/24/2020,Lenowisco,"Two or more races",2,0,0
08/24/2020,Hampton,"Not Reported",520,1,1
08/24/2020,Southside,"Not Reported",445,9,4
08/24/2020,Roanoke,Black,121,10,3
08/24/2020,Hampton,Black,610,37,9
08/24/2020,Alleghany,"Other Race",6,1,0
08/24/2020,Lenowisco,Latino,9,0,0
08/24/2020,Loudoun,"Other Race",152,11,2
08/24/2020,"Central Shenandoah",Latino,926,54,5
08/24/2020,"Rappahannock Rapidan",Latino,754,59,7
08/24/2020,"Eastern Shore",Black,847,97,26
08/24/2020,Norfolk,Latino,289,19,0
08/24/2020,Hampton,"Two or more races",14,0,0
08/24/2020,Richmond,Black,1178,210,25
08/24/2020,Henrico,"Two or more races",32,1,0
08/24/2020,Fairfax,"Two or more races",68,5,0
08/24/2020,Alleghany,"Not Reported",387,2,0
08/24/2020,Portsmouth,"Not Reported",537,4,0
08/24/2020,"Cumberland Plateau","Other Race",2,1,0
08/24/2020,Southside,"Two or more races",23,0,0
08/24/2020,Portsmouth,White,251,16,6
08/24/2020,"Rappahannock Rapidan","Two or more races",24,2,0
08/24/2020,Fairfax,White,3146,463,294
08/24/2020,Fairfax,"Other Race",675,79,19
08/24/2020,Crater,"Two or more races",4,0,0
08/24/2020,"West Piedmont","Not Reported",330,26,3
08/24/2020,Henrico,"Other Race",101,12,0
08/24/2020,"Three Rivers",White,486,41,8
08/24/2020,"Central Virginia",Black,148,21,5
08/24/2020,Lenowisco,"Other Race",5,0,0
08/24/2020,"Three Rivers","Other Race",14,3,0
08/24/2020,"Western Tidewater",White,561,56,44
08/24/2020,"Mount Rogers",Black,47,7,2
08/24/2020,"Three Rivers","Not Reported",190,3,1
08/24/2020,"Thomas Jefferson",Black,432,64,11
08/24/2020,"Eastern Shore",White,233,26,18
08/24/2020,"Central Virginia",White,452,36,11
08/24/2020,Lenowisco,Black,5,1,1
08/24/2020,"Central Virginia","Two or more races",0,0,0
08/24/2020,Richmond,"Two or more races",12,0,0
08/24/2020,Crater,"Not Reported",600,9,4
08/24/2020,Chesterfield,"Two or more races",16,2,0
08/24/2020,"New River",Latino,80,5,0
08/24/2020,Richmond,Latino,1227,100,7
08/24/2020,Portsmouth,Latino,55,11,1
08/24/2020,Pittsylvania-Danville,"Not Reported",493,8,0
08/24/2020,Chesapeake,"Not Reported",875,7,0
08/24/2020,Chickahominy,Latino,75,4,0
08/24/2020,Crater,Black,1486,172,48
08/24/2020,Chesterfield,Black,818,96,25
08/24/2020,Chesterfield,"Other Race",191,9,0
08/24/2020,Peninsula,Black,882,65,17
08/24/2020,Roanoke,White,205,12,12
08/24/2020,"New River",Black,52,3,0
08/24/2020,Southside,Latino,5,0,0
08/24/2020,Peninsula,Latino,292,19,0
08/24/2020,Rappahannock,"Two or more races",22,2,0
08/24/2020,"Virginia Beach",Black,1490,102,16
08/24/2020,"Mount Rogers","Not Reported",94,2,2
08/24/2020,Loudoun,"Not Reported",1903,4,0
08/24/2020,Chesapeake,"Other Race",62,3,1
08/24/2020,Chickahominy,"Two or more races",2,1,0
08/24/2020,Crater,"Other Race",32,0,0
08/24/2020,Norfolk,"Two or more races",39,0,0
08/24/2020,"Eastern Shore","Two or more races",1,1,0
08/24/2020,"Central Shenandoah",White,1652,158,50
08/24/2020,"New River","Other Race",4,0,0
08/24/2020,"New River",White,529,27,8
08/24/2020,"Central Shenandoah","Other Race",49,2,0
08/24/2020,"West Piedmont",Black,344,64,7
08/24/2020,Alleghany,Latino,138,10,0
08/24/2020,"Central Shenandoah","Not Reported",251,3,1
08/24/2020,Roanoke,"Two or more races",2,1,0
08/24/2020,Peninsula,"Two or more races",41,3,0
08/24/2020,Richmond,"Not Reported",592,2,1
08/24/2020,Arlington,"Other Race",80,9,4
08/24/2020,Norfolk,"Not Reported",960,2,1
08/24/2020,Alexandria,"Other Race",61,7,2
08/24/2020,"Virginia Beach",White,1925,151,39
08/24/2020,Chesapeake,"Two or more races",36,2,1
08/24/2020,Alleghany,White,471,40,18
08/24/2020,"Rappahannock Rapidan","Other Race",30,1,0
08/24/2020,Chickahominy,"Not Reported",271,1,1
08/24/2020,Portsmouth,Black,1149,116,21
08/24/2020,Chickahominy,"Other Race",13,2,0
08/24/2020,"Virginia Beach",Latino,346,21,3
08/24/2020,Chesapeake,White,960,96,21
08/24/2020,Southside,Black,261,34,14
08/24/2020,Rappahannock,Latino,1187,103,8
08/24/2020,"Three Rivers","Two or more races",4,0,0
08/24/2020,Henrico,Black,1389,179,81
08/24/2020,Pittsylvania-Danville,Black,369,47,8
08/24/2020,"Lord Fairfax","Two or more races",11,0,0
08/24/2020,"Prince William",Latino,5371,593,66
08/24/2020,"Mount Rogers","Other Race",7,2,2
08/24/2020,"Central Shenandoah",Black,147,10,4
08/24/2020,Peninsula,White,758,79,27
08/24/2020,"Eastern Shore","Not Reported",84,0,0
08/24/2020,"Thomas Jefferson","Other Race",127,3,2
08/24/2020,Hampton,"Other Race",46,2,0
08/24/2020,"Lord Fairfax","Not Reported",337,3,6
08/24/2020,"Central Virginia","Other Race",10,0,0
08/24/2020,"Western Tidewater","Other Race",57,1,2
08/24/2020,Crater,Latino,177,9,4
08/24/2020,Chesapeake,Latino,242,20,1
08/24/2020,Chesterfield,White,993,94,64
08/24/2020,"Western Tidewater","Not Reported",789,6,2
08/24/2020,Fairfax,"Not Reported",2353,58,31
08/24/2020,Arlington,Black,340,75,32
08/24/2020,"Central Virginia",Latino,27,3,1
08/24/2020,Alexandria,"Not Reported",221,7,1
08/24/2020,"Three Rivers",Black,375,36,8
08/24/2020,"Prince William","Two or more races",36,1,0
08/24/2020,Loudoun,"Two or more races",43,1,0
08/24/2020,Peninsula,"Other Race",128,4,1
08/24/2020,"Thomas Jefferson",White,845,67,29
08/24/2020,Norfolk,"Other Race",81,3,1
08/24/2020,"Prince William","Not Reported",3901,23,0
08/24/2020,"West Piedmont",White,535,74,15
08/24/2020,Rappahannock,Black,669,77,13
08/24/2020,Norfolk,Black,2070,186,26
08/24/2020,Roanoke,Latino,331,17,0
08/24/2020,Piedmont,Latino,67,6,1
08/24/2020,Roanoke,"Not Reported",447,1,0
08/24/2020,"Virginia Beach","Other Race",97,2,0
08/24/2020,Arlington,"Two or more races",31,2,0
08/24/2020,Alexandria,White,624,55,33
08/24/2020,"Lord Fairfax","Other Race",65,6,1
08/24/2020,"Thomas Jefferson","Not Reported",190,1,0
08/24/2020,"Virginia Beach","Not Reported",1603,9,3
08/24/2020,Loudoun,Black,259,27,5
08/24/2020,Pittsylvania-Danville,Latino,65,3,0
08/24/2020,"Cumberland Plateau","Not Reported",14,0,0
08/24/2020,Chesterfield,"Not Reported",1949,3,9
08/24/2020,"Mount Rogers",White,1338,143,58
08/24/2020,Richmond,White,484,35,6
08/24/2020,Lenowisco,"Not Reported",80,4,1
08/24/2020,"Three Rivers",Latino,146,5,1
08/24/2020,Piedmont,"Not Reported",644,11,2
08/24/2020,"Mount Rogers",Latino,268,6,0
08/24/2020,"Central Shenandoah","Two or more races",13,1,0
08/24/2020,Crater,White,595,52,15
08/24/2020,Arlington,White,985,120,66
08/24/2020,Pittsylvania-Danville,"Other Race",0,0,0
08/24/2020,Chickahominy,Black,203,41,11
08/24/2020,Fairfax,Black,1365,219,57
08/24/2020,"Eastern Shore",Latino,256,12,3
08/24/2020,Norfolk,White,662,43,15
08/24/2020,"Mount Rogers","Two or more races",4,0,0
08/24/2020,Alleghany,"Two or more races",4,0,0
08/24/2020,Southside,White,192,26,18
08/24/2020,"Thomas Jefferson","Two or more races",26,0,0
08/24/2020,"Prince William",Black,1194,167,47
08/24/2020,"Lord Fairfax",White,1536,169,70
08/24/2020,"Cumberland Plateau",Latino,5,0,0
08/24/2020,Arlington,"Not Reported",303,2,0
08/24/2020,Rappahannock,"Other Race",84,4,0
08/24/2020,"Rappahannock Rapidan",Black,178,26,6
08/24/2020,"New River","Two or more races",3,0,0
08/24/2020,Arlington,Latino,1499,219,23
08/24/2020,Henrico,White,1082,104,93
08/24/2020,Loudoun,White,1307,108,83
08/24/2020,Hampton,White,209,9,1
08/24/2020,Alleghany,Black,57,4,1
08/24/2020,"Prince William",White,1439,165,84
08/24/2020,Rappahannock,White,1051,112,38
08/24/2020,Southside,"Other Race",10,0,1
08/24/2020,Portsmouth,"Two or more races",7,2,1
08/24/2020,"Western Tidewater",Black,1156,94,39
08/24/2020,Hampton,Latino,52,4,0
08/24/2020,Henrico,"Not Reported",784,3,4
08/24/2020,"West Piedmont","Two or more races",0,0,0
08/24/2020,Peninsula,"Not Reported",1348,2,0
08/24/2020,Loudoun,Latino,1765,169,14
08/24/2020,Alexandria,Black,636,86,14
08/24/2020,Piedmont,Black,443,57,14
08/24/2020,Roanoke,"Other Race",11,0,0
08/24/2020,Alexandria,"Two or more races",17,1,0
08/24/2020,"Western Tidewater",Latino,24,1,1
08/24/2020,Rappahannock,"Not Reported",1138,26,0
08/24/2020,"West Piedmont","Other Race",5,1,1
08/24/2020,Chickahominy,White,549,87,35
08/24/2020,"Thomas Jefferson",Latino,610,27,2
08/24/2020,"Cumberland Plateau",Black,37,0,0
08/24/2020,"Lord Fairfax",Latino,665,43,8
08/24/2020,"West Piedmont",Latino,201,8,1
08/24/2020,"Cumberland Plateau",White,423,37,6
08/24/2020,"Eastern Shore","Other Race",13,1,0
08/24/2020,"Cumberland Plateau","Two or more races",5,0,0
08/24/2020,Pittsylvania-Danville,"Two or more races",1,0,0
08/24/2020,Piedmont,"Other Race",8,0,0
08/24/2020,Alexandria,Latino,1601,127,10
08/24/2020,Chesapeake,Black,1326,163,15
08/24/2020,Richmond,"Other Race",100,7,3
08/24/2020,Henrico,Latino,804,55,8
08/24/2020,Piedmont,"Two or more races",4,2,0
08/24/2020,"Prince William","Other Race",346,15,0
08/24/2020,"New River","Not Reported",143,2,0
08/24/2020,"Rappahannock Rapidan",White,584,44,14
08/24/2020,"Central Virginia","Not Reported",1377,11,1
08/24/2020,"Virginia Beach","Two or more races",50,2,1
08/24/2020,Pittsylvania-Danville,White,257,34,8
08/24/2020,"Lord Fairfax",Black,123,13,6
08/24/2020,Fairfax,Latino,8804,966,84
08/24/2020,Chesterfield,"Asian or Pacific Islander",49,2,0
08/24/2020,Crater,"Asian or Pacific Islander",16,0,0
08/24/2020,Fairfax,"Asian or Pacific Islander",1457,246,71
08/24/2020,Hampton,"Asian or Pacific Islander",10,0,0
08/24/2020,"Rappahannock Rapidan","Asian or Pacific Islander",8,1,0
08/24/2020,"Mount Rogers","Asian or Pacific Islander",3,1,0
08/24/2020,"New River","Asian or Pacific Islander",10,0,0
08/24/2020,"Central Virginia","Asian or Pacific Islander",7,0,0
08/24/2020,"Lord Fairfax","Asian or Pacific Islander",13,0,0
08/24/2020,Southside,"Asian or Pacific Islander",1,0,0
08/24/2020,Alleghany,"Asian or Pacific Islander",16,0,0
08/24/2020,Portsmouth,"Asian or Pacific Islander",13,2,0
08/24/2020,Roanoke,"Asian or Pacific Islander",11,0,0
08/24/2020,Richmond,"Asian or Pacific Islander",22,3,1
08/24/2020,"Thomas Jefferson","Asian or Pacific Islander",37,0,1
08/24/2020,"Virginia Beach","Asian or Pacific Islander",221,20,2
08/24/2020,Henrico,"Asian or Pacific Islander",159,10,3
08/24/2020,Piedmont,"Asian or Pacific Islander",8,0,0
08/24/2020,"Western Tidewater","Asian or Pacific Islander",13,2,0
08/24/2020,"West Piedmont","Asian or Pacific Islander",12,1,1
08/24/2020,Chickahominy,"Asian or Pacific Islander",13,1,0
08/24/2020,Peninsula,"Asian or Pacific Islander",37,4,3
08/24/2020,Norfolk,"Asian or Pacific Islander",55,4,0
08/24/2020,Arlington,"Asian or Pacific Islander",158,22,12
08/24/2020,Loudoun,"Asian or Pacific Islander",303,46,11
08/24/2020,Alexandria,"Asian or Pacific Islander",107,10,1
08/24/2020,Rappahannock,"Asian or Pacific Islander",63,9,1
08/24/2020,Chesapeake,"Asian or Pacific Islander",52,8,4
08/24/2020,"Cumberland Plateau and Lenowisco","Asian or Pacific Islander",1,0,0
08/24/2020,"Central Shenandoah","Asian or Pacific Islander",24,2,0
08/24/2020,"Prince William","Asian or Pacific Islander",400,48,15
08/24/2020,Pittsylvania-Danville,"Asian or Pacific Islander",3,0,0
08/24/2020,"Eastern Shore and Three Rivers","Asian or Pacific Islander",12,1,0
08/24/2020,Piedmont,"Native American",1,0,0
08/24/2020,"New River","Native American",0,0,0
08/24/2020,"Central Shenandoah","Native American",3,1,0
08/24/2020,"Eastern Shore and Three Rivers","Native American",1,0,0
08/24/2020,Fairfax,"Native American",31,1,1
08/24/2020,Chesapeake,"Native American",11,0,0
08/24/2020,"Western Tidewater","Native American",2,0,0
08/24/2020,Portsmouth,"Native American",3,2,0
08/24/2020,Richmond,"Native American",0,0,0
08/24/2020,Chickahominy,"Native American",5,1,0
08/24/2020,"Thomas Jefferson","Native American",2,0,0
08/24/2020,Arlington,"Native American",4,0,0
08/24/2020,"Virginia Beach","Native American",7,0,0
08/24/2020,Peninsula,"Native American",5,1,0
08/24/2020,Hampton,"Native American",2,0,0
08/24/2020,"West Piedmont","Native American",3,0,0
08/24/2020,"Cumberland Plateau, Lenowisco, and Mount Rogers","Native American",1,0,0
08/24/2020,Henrico,"Native American",8,0,0
08/24/2020,Norfolk,"Native American",8,0,0
08/24/2020,"Prince William","Native American",15,1,1
08/24/2020,"Central Virginia","Native American",1,0,0
08/24/2020,Chesterfield,"Native American",5,0,0
08/24/2020,Rappahannock,"Native American",4,0,0
08/24/2020,Loudoun,"Native American",3,0,0
08/24/2020,Alexandria,"Native American",3,0,0
08/24/2020,"Alleghany and Roanoke","Native American",1,0,0
08/24/2020,Crater,"Native American",5,0,0
08/24/2020,"Rappahannock Rapidan","Native American",1,0,0
08/24/2020,"Lord Fairfax","Native American",2,1,1
08/24/2020,"Pittsylvania-Danville and Southside","Native American",0,0,0
08/25/2020,"Rappahannock Rapidan","Not Reported",595,10,2
08/25/2020,Portsmouth,"Other Race",73,6,2
08/25/2020,"Western Tidewater","Two or more races",23,0,0
08/25/2020,Piedmont,White,441,49,19
08/25/2020,Chesterfield,Latino,1244,80,4
08/25/2020,Lenowisco,White,522,51,8
08/25/2020,Lenowisco,"Two or more races",2,0,0
08/25/2020,Hampton,"Not Reported",524,2,2
08/25/2020,Southside,"Not Reported",447,9,4
08/25/2020,Roanoke,Black,122,10,3
08/25/2020,Hampton,Black,613,37,12
08/25/2020,Alleghany,"Other Race",6,1,0
08/25/2020,Lenowisco,Latino,10,0,0
08/25/2020,Loudoun,"Other Race",146,11,2
08/25/2020,"Central Shenandoah",Latino,934,54,5
08/25/2020,"Rappahannock Rapidan",Latino,754,59,7
08/25/2020,"Eastern Shore",Black,847,97,26
08/25/2020,Norfolk,Latino,292,19,0
08/25/2020,Hampton,"Two or more races",15,0,0
08/25/2020,Richmond,Black,1199,212,25
08/25/2020,Henrico,"Two or more races",32,1,0
08/25/2020,Fairfax,"Two or more races",68,5,0
08/25/2020,Alleghany,"Not Reported",380,2,0
08/25/2020,Portsmouth,"Not Reported",550,4,0
08/25/2020,"Cumberland Plateau","Other Race",2,1,0
08/25/2020,Southside,"Two or more races",23,0,0
08/25/2020,Portsmouth,White,257,16,6
08/25/2020,"Rappahannock Rapidan","Two or more races",24,2,0
08/25/2020,Fairfax,White,3161,463,296
08/25/2020,Fairfax,"Other Race",676,79,19
08/25/2020,Crater,"Two or more races",4,0,0
08/25/2020,"West Piedmont","Not Reported",339,26,3
08/25/2020,Henrico,"Other Race",103,12,0
08/25/2020,"Three Rivers",White,487,41,8
08/25/2020,"Central Virginia",Black,151,21,5
08/25/2020,Lenowisco,"Other Race",7,0,0
08/25/2020,"Three Rivers","Other Race",14,3,0
08/25/2020,"Western Tidewater",White,563,56,44
08/25/2020,"Mount Rogers",Black,47,7,2
08/25/2020,"Three Rivers","Not Reported",190,3,1
08/25/2020,"Thomas Jefferson",Black,439,64,11
08/25/2020,"Eastern Shore",White,233,26,18
08/25/2020,"Central Virginia",White,468,36,11
08/25/2020,Lenowisco,Black,5,1,1
08/25/2020,"Central Virginia","Two or more races",0,0,0
08/25/2020,Richmond,"Two or more races",13,0,0
08/25/2020,Crater,"Not Reported",599,9,4
08/25/2020,Chesterfield,"Two or more races",18,2,0
08/25/2020,"New River",Latino,81,5,0
08/25/2020,Richmond,Latino,1226,100,7
08/25/2020,Portsmouth,Latino,56,12,1
08/25/2020,Pittsylvania-Danville,"Not Reported",504,8,0
08/25/2020,Chesapeake,"Not Reported",881,7,0
08/25/2020,Chickahominy,Latino,75,4,0
08/25/2020,Crater,Black,1493,172,48
08/25/2020,Chesterfield,Black,821,97,25
08/25/2020,Chesterfield,"Other Race",195,9,0
08/25/2020,Peninsula,Black,888,66,17
08/25/2020,Roanoke,White,207,13,12
08/25/2020,"New River",Black,52,3,0
08/25/2020,Southside,Latino,5,0,0
08/25/2020,Peninsula,Latino,293,19,0
08/25/2020,Rappahannock,"Two or more races",22,2,0
08/25/2020,"Virginia Beach",Black,1499,103,16
08/25/2020,"Mount Rogers","Not Reported",95,2,2
08/25/2020,Loudoun,"Not Reported",1908,4,0
08/25/2020,Chesapeake,"Other Race",61,3,1
08/25/2020,Chickahominy,"Two or more races",2,1,0
08/25/2020,Crater,"Other Race",32,0,0
08/25/2020,Norfolk,"Two or more races",41,1,0
08/25/2020,"Eastern Shore","Two or more races",1,1,0
08/25/2020,"Central Shenandoah",White,1667,161,51
08/25/2020,"New River","Other Race",4,0,0
08/25/2020,"New River",White,559,27,8
08/25/2020,"Central Shenandoah","Other Race",48,2,0
08/25/2020,"West Piedmont",Black,353,64,8
08/25/2020,Alleghany,Latino,139,11,0
08/25/2020,"Central Shenandoah","Not Reported",254,3,1
08/25/2020,Roanoke,"Two or more races",2,1,0
08/25/2020,Peninsula,"Two or more races",41,3,0
08/25/2020,Richmond,"Not Reported",615,2,1
08/25/2020,Arlington,"Other Race",80,9,4
08/25/2020,Norfolk,"Not Reported",975,2,1
08/25/2020,Alexandria,"Other Race",64,7,2
08/25/2020,"Virginia Beach",White,1939,151,39
08/25/2020,Chesapeake,"Two or more races",36,2,1
08/25/2020,Alleghany,White,483,40,18
08/25/2020,"Rappahannock Rapidan","Other Race",30,1,0
08/25/2020,Chickahominy,"Not Reported",271,1,1
08/25/2020,Portsmouth,Black,1174,116,21
08/25/2020,Chickahominy,"Other Race",13,2,0
08/25/2020,"Virginia Beach",Latino,348,22,3
08/25/2020,Chesapeake,White,966,98,21
08/25/2020,Southside,Black,267,34,14
08/25/2020,Rappahannock,Latino,1194,103,8
08/25/2020,"Three Rivers","Two or more races",4,0,0
08/25/2020,Henrico,Black,1406,182,81
08/25/2020,Pittsylvania-Danville,Black,378,47,8
08/25/2020,"Lord Fairfax","Two or more races",11,0,0
08/25/2020,"Prince William",Latino,5417,593,66
08/25/2020,"Mount Rogers","Other Race",7,2,2
08/25/2020,"Central Shenandoah",Black,148,10,4
08/25/2020,Peninsula,White,764,80,28
08/25/2020,"Eastern Shore","Not Reported",84,0,0
08/25/2020,"Thomas Jefferson","Other Race",126,3,2
08/25/2020,Hampton,"Other Race",46,2,0
08/25/2020,"Lord Fairfax","Not Reported",345,3,6
08/25/2020,"Central Virginia","Other Race",10,0,0
08/25/2020,"Western Tidewater","Other Race",58,1,2
08/25/2020,Crater,Latino,177,9,4
08/25/2020,Chesapeake,Latino,243,20,1
08/25/2020,Chesterfield,White,1004,96,64
08/25/2020,"Western Tidewater","Not Reported",797,6,2
08/25/2020,Fairfax,"Not Reported",2339,57,31
08/25/2020,Arlington,Black,343,76,33
08/25/2020,"Central Virginia",Latino,28,3,1
08/25/2020,Alexandria,"Not Reported",224,7,1
08/25/2020,"Three Rivers",Black,375,36,8
08/25/2020,"Prince William","Two or more races",37,1,0
08/25/2020,Loudoun,"Two or more races",43,2,0
08/25/2020,Peninsula,"Other Race",129,4,1
08/25/2020,"Thomas Jefferson",White,850,68,30
08/25/2020,Norfolk,"Other Race",85,3,1
08/25/2020,"Prince William","Not Reported",3903,25,0
08/25/2020,"West Piedmont",White,546,76,15
08/25/2020,Rappahannock,Black,678,79,13
08/25/2020,Norfolk,Black,2113,189,27
08/25/2020,Roanoke,Latino,332,16,0
08/25/2020,Piedmont,Latino,68,8,1
08/25/2020,Roanoke,"Not Reported",442,1,0
08/25/2020,"Virginia Beach","Other Race",104,2,0
08/25/2020,Arlington,"Two or more races",31,2,0
08/25/2020,Alexandria,White,632,55,33
08/25/2020,"Lord Fairfax","Other Race",65,6,1
08/25/2020,"Thomas Jefferson","Not Reported",204,1,0
08/25/2020,"Virginia Beach","Not Reported",1618,9,3
08/25/2020,Loudoun,Black,262,28,5
08/25/2020,Pittsylvania-Danville,Latino,65,3,0
08/25/2020,"Cumberland Plateau","Not Reported",14,0,0
08/25/2020,Chesterfield,"Not Reported",1951,3,10
08/25/2020,"Mount Rogers",White,1369,146,62
08/25/2020,Richmond,White,485,35,6
08/25/2020,Lenowisco,"Not Reported",100,4,2
08/25/2020,"Three Rivers",Latino,147,5,1
08/25/2020,Piedmont,"Not Reported",659,11,3
08/25/2020,"Mount Rogers",Latino,269,6,0
08/25/2020,"Central Shenandoah","Two or more races",13,1,0
08/25/2020,Crater,White,603,52,15
08/25/2020,Arlington,White,996,121,66
08/25/2020,Pittsylvania-Danville,"Other Race",0,0,0
08/25/2020,Chickahominy,Black,203,41,11
08/25/2020,Fairfax,Black,1376,220,57
08/25/2020,"Eastern Shore",Latino,256,12,3
08/25/2020,Norfolk,White,675,43,15
08/25/2020,"Mount Rogers","Two or more races",4,0,0
08/25/2020,Alleghany,"Two or more races",4,0,0
08/25/2020,Southside,White,195,26,18
08/25/2020,"Thomas Jefferson","Two or more races",26,0,0
08/25/2020,"Prince William",Black,1207,168,47
08/25/2020,"Lord Fairfax",White,1543,171,71
08/25/2020,"Cumberland Plateau",Latino,5,0,0
08/25/2020,Arlington,"Not Reported",292,2,0
08/25/2020,Rappahannock,"Other Race",84,4,0
08/25/2020,"Rappahannock Rapidan",Black,185,26,6
08/25/2020,"New River","Two or more races",3,0,0
08/25/2020,Arlington,Latino,1510,220,23
08/25/2020,Alleghany,Black,58,4,1
08/25/2020,"Prince William",White,1453,165,84
08/25/2020,Rappahannock,White,1065,112,38
08/25/2020,Southside,"Other Race",10,0,1
08/25/2020,Portsmouth,"Two or more races",8,2,1
08/25/2020,"Western Tidewater",Black,1163,94,39
08/25/2020,Hampton,Latino,52,4,0
08/25/2020,Henrico,"Not Reported",793,3,4
08/25/2020,"West Piedmont","Two or more races",0,0,0
08/25/2020,Peninsula,"Not Reported",1351,2,0
08/25/2020,Loudoun,Latino,1781,169,14
08/25/2020,Alexandria,Black,644,87,14
08/25/2020,Piedmont,Black,446,57,14
08/25/2020,Roanoke,"Other Race",12,0,0
08/25/2020,Alexandria,"Two or more races",19,1,0
08/25/2020,"Western Tidewater",Latino,24,1,1
08/25/2020,Rappahannock,"Not Reported",1131,26,0
08/25/2020,"West Piedmont","Other Race",5,1,1
08/25/2020,Chickahominy,White,554,88,35
08/25/2020,"Thomas Jefferson",Latino,610,27,2
08/25/2020,"Cumberland Plateau",Black,41,0,0
08/25/2020,"Lord Fairfax",Latino,667,43,8
08/25/2020,"West Piedmont",Latino,202,8,1
08/25/2020,"Cumberland Plateau",White,431,37,6
08/25/2020,"Eastern Shore","Other Race",13,1,0
08/25/2020,"Cumberland Plateau","Two or more races",5,0,0
08/25/2020,Pittsylvania-Danville,"Two or more races",1,0,0
08/25/2020,Piedmont,"Other Race",8,0,0
08/25/2020,Alexandria,Latino,1614,127,10
08/25/2020,Chesapeake,Black,1331,165,15
08/25/2020,Richmond,"Other Race",101,7,3
08/25/2020,Henrico,Latino,805,55,8
08/25/2020,Piedmont,"Two or more races",4,2,0
08/25/2020,"Prince William","Other Race",358,15,0
08/25/2020,"New River","Not Reported",147,2,0
08/25/2020,"Rappahannock Rapidan",White,593,45,14
08/25/2020,"Central Virginia","Not Reported",1416,11,1
08/25/2020,"Virginia Beach","Two or more races",50,2,1
08/25/2020,Pittsylvania-Danville,White,262,34,8
08/25/2020,"Lord Fairfax",Black,124,13,6
08/25/2020,Fairfax,Latino,8840,965,86
08/25/2020,Chesterfield,"Asian or Pacific Islander",48,2,0
08/25/2020,Crater,"Asian or Pacific Islander",16,0,0
08/25/2020,Fairfax,"Asian or Pacific Islander",1465,246,71
08/25/2020,Hampton,"Asian or Pacific Islander",11,0,0
08/25/2020,"Rappahannock Rapidan","Asian or Pacific Islander",9,1,0
08/25/2020,"Mount Rogers","Asian or Pacific Islander",3,1,0
08/25/2020,"New River","Asian or Pacific Islander",11,0,0
08/25/2020,"Central Virginia","Asian or Pacific Islander",7,0,0
08/25/2020,"Lord Fairfax","Asian or Pacific Islander",13,0,0
08/25/2020,Southside,"Asian or Pacific Islander",1,0,0
08/25/2020,Alleghany,"Asian or Pacific Islander",16,0,0
08/25/2020,Portsmouth,"Asian or Pacific Islander",13,2,0
08/25/2020,Roanoke,"Asian or Pacific Islander",11,0,0
08/25/2020,Richmond,"Asian or Pacific Islander",23,3,1
08/25/2020,"Thomas Jefferson","Asian or Pacific Islander",37,0,1
08/25/2020,"Virginia Beach","Asian or Pacific Islander",223,20,2
08/25/2020,Henrico,"Asian or Pacific Islander",162,10,3
08/25/2020,Piedmont,"Asian or Pacific Islander",8,0,0
08/25/2020,"Western Tidewater","Asian or Pacific Islander",14,2,0
08/25/2020,"West Piedmont","Asian or Pacific Islander",12,1,1
08/25/2020,Chickahominy,"Asian or Pacific Islander",13,1,0
08/25/2020,Peninsula,"Asian or Pacific Islander",37,4,3
08/25/2020,Norfolk,"Asian or Pacific Islander",56,4,0
08/25/2020,Arlington,"Asian or Pacific Islander",159,22,12
08/25/2020,Loudoun,"Asian or Pacific Islander",310,46,11
08/25/2020,Alexandria,"Asian or Pacific Islander",109,10,1
08/25/2020,Rappahannock,"Asian or Pacific Islander",64,9,1
08/25/2020,Chesapeake,"Asian or Pacific Islander",53,8,4
08/25/2020,"Cumberland Plateau and Lenowisco","Asian or Pacific Islander",1,0,0
08/25/2020,"Central Shenandoah","Asian or Pacific Islander",24,2,0
08/25/2020,"Prince William","Asian or Pacific Islander",403,49,15
08/25/2020,Pittsylvania-Danville,"Asian or Pacific Islander",3,0,0
08/25/2020,"Eastern Shore and Three Rivers","Asian or Pacific Islander",12,1,0
08/25/2020,Piedmont,"Native American",1,0,0
08/25/2020,"New River","Native American",0,0,0
08/25/2020,"Central Shenandoah","Native American",3,1,0
08/25/2020,"Eastern Shore and Three Rivers","Native American",1,0,0
08/25/2020,Fairfax,"Native American",31,1,1
08/25/2020,Chesapeake,"Native American",11,0,0
08/25/2020,"Western Tidewater","Native American",2,0,0
08/25/2020,Portsmouth,"Native American",4,2,0
08/25/2020,Richmond,"Native American",0,0,0
08/25/2020,Chickahominy,"Native American",5,1,0
08/25/2020,"Thomas Jefferson","Native American",2,0,0
08/25/2020,Arlington,"Native American",4,0,0
08/25/2020,"Virginia Beach","Native American",7,0,0
08/25/2020,Peninsula,"Native American",5,1,1
08/25/2020,Hampton,"Native American",2,0,0
08/25/2020,"West Piedmont","Native American",3,0,0
08/25/2020,"Cumberland Plateau, Lenowisco, and Mount Rogers","Native American",1,0,0
08/25/2020,Henrico,"Native American",8,0,0
08/25/2020,Norfolk,"Native American",8,0,0
08/25/2020,"Prince William","Native American",15,1,1
08/25/2020,"Central Virginia","Native American",1,0,0
08/25/2020,Chesterfield,"Native American",5,0,0
08/25/2020,Rappahannock,"Native American",4,0,0
08/25/2020,Loudoun,"Native American",3,0,0
08/25/2020,Alexandria,"Native American",3,0,0
08/25/2020,"Alleghany and Roanoke","Native American",1,0,0
08/25/2020,Crater,"Native American",5,0,0
08/25/2020,"Rappahannock Rapidan","Native American",1,0,0
08/25/2020,"Lord Fairfax","Native American",2,1,1
08/25/2020,"Pittsylvania-Danville and Southside","Native American",0,0,0
08/26/2020,"Rappahannock Rapidan","Not Reported",592,10,2
08/26/2020,Portsmouth,"Other Race",71,7,3
08/26/2020,"Western Tidewater","Two or more races",25,0,0
08/26/2020,Piedmont,White,444,49,20
08/26/2020,Chesterfield,Latino,1252,81,4
08/26/2020,Lenowisco,White,527,51,8
08/26/2020,Lenowisco,"Two or more races",2,0,0
08/26/2020,Hampton,"Not Reported",530,2,2
08/26/2020,Southside,"Not Reported",447,9,4
08/26/2020,Roanoke,Black,127,11,3
08/26/2020,Hampton,Black,616,37,12
08/26/2020,Alleghany,"Other Race",7,1,0
08/26/2020,Lenowisco,Latino,10,0,0
08/26/2020,Loudoun,"Other Race",144,11,2
08/26/2020,"Central Shenandoah",Latino,939,54,5
08/26/2020,"Rappahannock Rapidan",Latino,757,60,7
08/26/2020,"Eastern Shore",Black,847,97,26
08/26/2020,Norfolk,Latino,295,19,0
08/26/2020,Hampton,"Two or more races",15,0,0
08/26/2020,Richmond,Black,1249,215,26
08/26/2020,Henrico,"Two or more races",32,1,0
08/26/2020,Fairfax,"Two or more races",69,5,0
08/26/2020,Alleghany,"Not Reported",384,2,0
08/26/2020,Portsmouth,"Not Reported",551,4,0
08/26/2020,"Cumberland Plateau","Other Race",2,1,0
08/26/2020,Southside,"Two or more races",23,0,0
08/26/2020,Portsmouth,White,258,16,6
08/26/2020,"Rappahannock Rapidan","Two or more races",26,3,0
08/26/2020,Fairfax,White,3190,465,297
08/26/2020,Fairfax,"Other Race",677,79,19
08/26/2020,Crater,"Two or more races",4,0,0
08/26/2020,"West Piedmont","Not Reported",328,26,3
08/26/2020,Henrico,"Other Race",106,12,0
08/26/2020,"Three Rivers",White,490,42,8
08/26/2020,"Central Virginia",Black,150,21,5
08/26/2020,Lenowisco,"Other Race",7,0,0
08/26/2020,"Three Rivers","Other Race",14,3,0
08/26/2020,"Western Tidewater",White,569,56,44
08/26/2020,"Mount Rogers",Black,47,7,2
08/26/2020,"Three Rivers","Not Reported",189,3,1
08/26/2020,"Thomas Jefferson",Black,445,64,11
08/26/2020,"Eastern Shore",White,233,26,18
08/26/2020,"Central Virginia",White,469,37,11
08/26/2020,Lenowisco,Black,5,1,1
08/26/2020,"Central Virginia","Two or more races",0,0,0
08/26/2020,Richmond,"Two or more races",14,0,0
08/26/2020,Crater,"Not Reported",594,8,4
08/26/2020,Chesterfield,"Two or more races",18,2,0
08/26/2020,"New River",Latino,84,5,0
08/26/2020,Richmond,Latino,1233,101,7
08/26/2020,Portsmouth,Latino,57,12,1
08/26/2020,Pittsylvania-Danville,"Not Reported",500,8,0
08/26/2020,Chesapeake,"Not Reported",898,7,0
08/26/2020,Chickahominy,Latino,78,4,0
08/26/2020,Crater,Black,1524,173,48
08/26/2020,Chesterfield,Black,837,98,25
08/26/2020,Chesterfield,"Other Race",198,9,0
08/26/2020,Peninsula,Black,892,66,17
08/26/2020,Roanoke,White,208,13,12
08/26/2020,"New River",Black,56,3,0
08/26/2020,Southside,Latino,5,0,0
08/26/2020,Peninsula,Latino,293,19,0
08/26/2020,Rappahannock,"Two or more races",24,2,0
08/26/2020,"Virginia Beach",Black,1504,104,17
08/26/2020,"Mount Rogers","Not Reported",96,2,3
08/26/2020,Loudoun,"Not Reported",1894,4,0
08/26/2020,Chesapeake,"Other Race",62,3,1
08/26/2020,Chickahominy,"Two or more races",3,1,0
08/26/2020,Crater,"Other Race",33,0,0
08/26/2020,Norfolk,"Two or more races",40,1,0
08/26/2020,"Eastern Shore","Two or more races",1,1,0
08/26/2020,"Central Shenandoah",White,1668,161,51
08/26/2020,"New River","Other Race",4,0,0
08/26/2020,"New River",White,617,27,8
08/26/2020,"Central Shenandoah","Other Race",49,2,0
08/26/2020,"West Piedmont",Black,367,68,8
08/26/2020,Alleghany,Latino,140,11,0
08/26/2020,"Central Shenandoah","Not Reported",256,3,1
08/26/2020,Roanoke,"Two or more races",2,1,0
08/26/2020,Peninsula,"Two or more races",41,3,0
08/26/2020,Richmond,"Not Reported",621,2,1
08/26/2020,Arlington,"Other Race",81,9,4
08/26/2020,Norfolk,"Not Reported",972,2,1
08/26/2020,Alexandria,"Other Race",62,7,2
08/26/2020,"Virginia Beach",White,1948,154,40
08/26/2020,Chesapeake,"Two or more races",35,2,1
08/26/2020,Alleghany,White,499,40,18
08/26/2020,"Rappahannock Rapidan","Other Race",30,1,0
08/26/2020,Chickahominy,"Not Reported",293,1,1
08/26/2020,Portsmouth,Black,1181,118,23
08/26/2020,Chickahominy,"Other Race",13,2,0
08/26/2020,"Virginia Beach",Latino,349,22,3
08/26/2020,Chesapeake,White,978,99,21
08/26/2020,Southside,Black,272,34,14
08/26/2020,Rappahannock,Latino,1200,103,8
08/26/2020,"Three Rivers","Two or more races",4,0,0
08/26/2020,Henrico,Black,1422,184,81
08/26/2020,Pittsylvania-Danville,Black,394,47,8
08/26/2020,"Lord Fairfax","Two or more races",11,0,0
08/26/2020,"Prince William",Latino,5440,596,66
08/26/2020,"Mount Rogers","Other Race",7,2,2
08/26/2020,"Central Shenandoah",Black,149,10,4
08/26/2020,Peninsula,White,767,81,28
08/26/2020,"Eastern Shore","Not Reported",84,0,0
08/26/2020,"Thomas Jefferson","Other Race",129,3,2
08/26/2020,Hampton,"Other Race",46,2,0
08/26/2020,"Lord Fairfax","Not Reported",337,3,6
08/26/2020,"Central Virginia","Other Race",10,0,0
08/26/2020,"Western Tidewater","Other Race",58,1,2
08/26/2020,Crater,Latino,177,9,4
08/26/2020,Chesapeake,Latino,244,20,1
08/26/2020,Chesterfield,White,1018,96,64
08/26/2020,"Western Tidewater","Not Reported",803,7,2
08/26/2020,Fairfax,"Not Reported",2334,57,31
08/26/2020,Arlington,Black,347,76,33
08/26/2020,"Central Virginia",Latino,28,3,1
08/26/2020,Alexandria,"Not Reported",221,7,1
08/26/2020,"Three Rivers",Black,378,36,8
08/26/2020,"Prince William","Two or more races",35,1,0
08/26/2020,Loudoun,"Two or more races",42,2,0
08/26/2020,Peninsula,"Other Race",129,4,1
08/26/2020,"Thomas Jefferson",White,860,69,31
08/26/2020,Norfolk,"Other Race",84,3,1
08/26/2020,"Prince William","Not Reported",3904,26,0
08/26/2020,"West Piedmont",White,567,79,16
08/26/2020,Rappahannock,Black,688,81,13
08/26/2020,Norfolk,Black,2127,195,30
08/26/2020,Roanoke,Latino,332,16,0
08/26/2020,Piedmont,Latino,70,8,1
08/26/2020,Roanoke,"Not Reported",447,1,0
08/26/2020,"Virginia Beach","Other Race",109,2,0
08/26/2020,Arlington,"Two or more races",31,2,0
08/26/2020,Alexandria,White,638,56,33
08/26/2020,"Lord Fairfax","Other Race",65,6,1
08/26/2020,"Thomas Jefferson","Not Reported",198,1,0
08/26/2020,"Virginia Beach","Not Reported",1630,9,3
08/26/2020,Loudoun,Black,264,28,5
08/26/2020,Pittsylvania-Danville,Latino,65,3,0
08/26/2020,"Cumberland Plateau","Not Reported",13,0,0
08/26/2020,Chesterfield,"Not Reported",1936,3,10
08/26/2020,"Mount Rogers",White,1384,148,62
08/26/2020,Richmond,White,494,34,6
08/26/2020,Lenowisco,"Not Reported",100,4,2
08/26/2020,"Three Rivers",Latino,147,5,1
08/26/2020,Piedmont,"Not Reported",661,11,3
08/26/2020,"Mount Rogers",Latino,270,6,0
08/26/2020,"Central Shenandoah","Two or more races",13,1,0
08/26/2020,Crater,White,611,52,15
08/26/2020,Arlington,White,1007,121,66
08/26/2020,Pittsylvania-Danville,"Other Race",0,0,0
08/26/2020,Chickahominy,Black,208,41,11
08/26/2020,Fairfax,Black,1396,221,58
08/26/2020,"Eastern Shore",Latino,257,12,3
08/26/2020,Norfolk,White,678,45,15
08/26/2020,"Mount Rogers","Two or more races",4,0,0
08/26/2020,Alleghany,"Two or more races",4,0,0
08/26/2020,Southside,White,198,26,18
08/26/2020,"Thomas Jefferson","Two or more races",26,0,0
08/26/2020,"Prince William",Black,1213,168,47
08/26/2020,"Lord Fairfax",White,1550,171,71
08/26/2020,"Cumberland Plateau",Latino,5,0,0
08/26/2020,Arlington,"Not Reported",289,2,0
08/26/2020,Rappahannock,"Other Race",86,4,0
08/26/2020,"Rappahannock Rapidan",Black,188,27,6
08/26/2020,"New River","Two or more races",3,0,0
08/26/2020,Arlington,Latino,1517,220,23
08/26/2020,Henrico,White,1102,106,93
08/26/2020,Loudoun,White,1325,110,85
08/26/2020,Hampton,White,211,9,1
08/26/2020,Alleghany,Black,59,4,1
08/26/2020,"Prince William",White,1463,165,84
08/26/2020,Rappahannock,White,1074,112,38
08/26/2020,Southside,"Other Race",11,0,1
08/26/2020,Portsmouth,"Two or more races",8,2,1
08/26/2020,"Western Tidewater",Black,1179,94,39
08/26/2020,Hampton,Latino,52,4,0
08/26/2020,Henrico,"Not Reported",787,3,4
08/26/2020,"West Piedmont","Two or more races",0,0,0
08/26/2020,Peninsula,"Not Reported",1361,2,0
08/26/2020,Loudoun,Latino,1799,169,14
08/26/2020,Alexandria,Black,649,88,14
08/26/2020,Piedmont,Black,447,57,14
08/26/2020,Roanoke,"Other Race",12,0,0
08/26/2020,Alexandria,"Two or more races",19,1,0
08/26/2020,"Western Tidewater",Latino,24,1,1
08/26/2020,Rappahannock,"Not Reported",1123,26,0
08/26/2020,"West Piedmont","Other Race",5,1,1
08/26/2020,Chickahominy,White,567,88,35
08/26/2020,"Thomas Jefferson",Latino,612,27,2
08/26/2020,"Cumberland Plateau",Black,41,0,0
08/26/2020,"Lord Fairfax",Latino,672,43,8
08/26/2020,"West Piedmont",Latino,203,8,1
08/26/2020,"Cumberland Plateau",White,438,42,7
08/26/2020,"Eastern Shore","Other Race",13,1,0
08/26/2020,"Cumberland Plateau","Two or more races",5,0,0
08/26/2020,Pittsylvania-Danville,"Two or more races",1,0,0
08/26/2020,Piedmont,"Other Race",8,0,0
08/26/2020,Alexandria,Latino,1619,127,10
08/26/2020,Chesapeake,Black,1342,167,17
08/26/2020,Richmond,"Other Race",100,7,3
08/26/2020,Henrico,Latino,806,56,9
08/26/2020,Piedmont,"Two or more races",4,2,0
08/26/2020,"Prince William","Other Race",359,15,0
08/26/2020,"New River","Not Reported",149,2,0
08/26/2020,"Rappahannock Rapidan",White,600,45,14
08/26/2020,"Central Virginia","Not Reported",1423,11,1
08/26/2020,"Virginia Beach","Two or more races",50,3,1
08/26/2020,Pittsylvania-Danville,White,273,35,8
08/26/2020,"Lord Fairfax",Black,125,13,6
08/26/2020,Fairfax,Latino,8882,966,86
08/26/2020,Chesterfield,"Asian or Pacific Islander",50,2,0
08/26/2020,Crater,"Asian or Pacific Islander",16,0,0
08/26/2020,Fairfax,"Asian or Pacific Islander",1473,247,71
08/26/2020,Hampton,"Asian or Pacific Islander",11,0,0
08/26/2020,"Rappahannock Rapidan","Asian or Pacific Islander",8,1,0
08/26/2020,"Mount Rogers","Asian or Pacific Islander",3,1,0
08/26/2020,"New River","Asian or Pacific Islander",12,0,0
08/26/2020,"Central Virginia","Asian or Pacific Islander",7,0,0
08/26/2020,"Lord Fairfax","Asian or Pacific Islander",13,0,0
08/26/2020,Southside,"Asian or Pacific Islander",1,0,0
08/26/2020,Alleghany,"Asian or Pacific Islander",15,0,0
08/26/2020,Portsmouth,"Asian or Pacific Islander",13,2,0
08/26/2020,Roanoke,"Asian or Pacific Islander",11,0,0
08/26/2020,Richmond,"Asian or Pacific Islander",24,3,1
08/26/2020,"Thomas Jefferson","Asian or Pacific Islander",37,0,1
08/26/2020,"Virginia Beach","Asian or Pacific Islander",224,20,2
08/26/2020,Henrico,"Asian or Pacific Islander",165,10,3
08/26/2020,Piedmont,"Asian or Pacific Islander",8,0,0
08/26/2020,"Western Tidewater","Asian or Pacific Islander",14,2,0
08/26/2020,"West Piedmont","Asian or Pacific Islander",11,1,1
08/26/2020,Chickahominy,"Asian or Pacific Islander",13,1,0
08/26/2020,Peninsula,"Asian or Pacific Islander",37,4,3
08/26/2020,Norfolk,"Asian or Pacific Islander",56,4,0
08/26/2020,Arlington,"Asian or Pacific Islander",159,22,12
08/26/2020,Loudoun,"Asian or Pacific Islander",315,46,11
08/26/2020,Alexandria,"Asian or Pacific Islander",113,10,1
08/26/2020,Rappahannock,"Asian or Pacific Islander",63,9,1
08/26/2020,Chesapeake,"Asian or Pacific Islander",55,8,4
08/26/2020,"Cumberland Plateau and Lenowisco","Asian or Pacific Islander",1,0,0
08/26/2020,"Central Shenandoah","Asian or Pacific Islander",25,2,0
08/26/2020,"Prince William","Asian or Pacific Islander",409,49,15
08/26/2020,Pittsylvania-Danville,"Asian or Pacific Islander",3,0,0
08/26/2020,"Eastern Shore and Three Rivers","Asian or Pacific Islander",12,1,0
08/26/2020,Piedmont,"Native American",1,0,0
08/26/2020,"New River","Native American",0,0,0
08/26/2020,"Central Shenandoah","Native American",3,1,0
08/26/2020,"Eastern Shore and Three Rivers","Native American",1,0,0
08/26/2020,Fairfax,"Native American",32,1,1
08/26/2020,Chesapeake,"Native American",11,0,0
08/26/2020,"Western Tidewater","Native American",2,0,0
08/26/2020,Portsmouth,"Native American",3,2,0
08/26/2020,Richmond,"Native American",0,0,0
08/26/2020,Chickahominy,"Native American",5,1,0
08/26/2020,"Thomas Jefferson","Native American",2,0,0
08/26/2020,Arlington,"Native American",4,0,0
08/26/2020,"Virginia Beach","Native American",7,0,0
08/26/2020,Peninsula,"Native American",6,2,1
08/26/2020,Hampton,"Native American",2,0,0
08/26/2020,"West Piedmont","Native American",3,0,0
08/26/2020,"Cumberland Plateau, Lenowisco, and Mount Rogers","Native American",1,0,0
08/26/2020,Henrico,"Native American",8,0,0
08/26/2020,Norfolk,"Native American",8,0,0
08/26/2020,"Prince William","Native American",15,1,1
08/26/2020,"Central Virginia","Native American",1,0,0
08/26/2020,Chesterfield,"Native American",5,0,0
08/26/2020,Rappahannock,"Native American",4,0,0
08/26/2020,Loudoun,"Native American",4,0,0
08/26/2020,Alexandria,"Native American",3,0,0
08/26/2020,"Alleghany and Roanoke","Native American",1,0,0
08/26/2020,Crater,"Native American",5,0,0
08/26/2020,"Rappahannock Rapidan","Native American",1,0,0
08/26/2020,"Lord Fairfax","Native American",2,1,1
08/26/2020,"Pittsylvania-Danville and Southside","Native American",0,0,0
08/27/2020,"Rappahannock Rapidan","Not Reported",603,10,2
08/27/2020,Portsmouth,"Other Race",69,7,3
08/27/2020,"Western Tidewater","Two or more races",25,0,0
08/27/2020,Piedmont,White,445,49,20
08/27/2020,Chesterfield,Latino,1267,83,4
08/27/2020,Lenowisco,White,539,52,8
08/27/2020,Lenowisco,"Two or more races",2,0,0
08/27/2020,Hampton,"Not Reported",535,2,2
08/27/2020,Southside,"Not Reported",455,9,4
08/27/2020,Roanoke,Black,133,13,3
08/27/2020,Hampton,Black,625,37,12
08/27/2020,Alleghany,"Other Race",7,1,0
08/27/2020,Lenowisco,Latino,10,0,0
08/27/2020,Loudoun,"Other Race",147,11,2
08/27/2020,"Central Shenandoah",Latino,939,54,5
08/27/2020,"Rappahannock Rapidan",Latino,758,60,7
08/27/2020,"Eastern Shore",Black,847,97,26
08/27/2020,Norfolk,Latino,297,19,0
08/27/2020,Hampton,"Two or more races",14,0,0
08/27/2020,Richmond,Black,1259,218,27
08/27/2020,Henrico,"Two or more races",32,1,0
08/27/2020,Fairfax,"Two or more races",72,5,0
08/27/2020,Alleghany,"Not Reported",385,2,0
08/27/2020,Portsmouth,"Not Reported",552,4,0
08/27/2020,"Cumberland Plateau","Other Race",2,1,0
08/27/2020,Southside,"Two or more races",23,0,0
08/27/2020,Portsmouth,White,266,19,6
08/27/2020,"Rappahannock Rapidan","Two or more races",26,3,0
08/27/2020,Fairfax,White,3214,465,297
08/27/2020,Fairfax,"Other Race",688,81,19
08/27/2020,Crater,"Two or more races",4,0,0
08/27/2020,"West Piedmont","Not Reported",346,25,3
08/27/2020,Henrico,"Other Race",108,11,0
08/27/2020,"Three Rivers",White,503,43,9
08/27/2020,"Central Virginia",Black,158,21,5
08/27/2020,Lenowisco,"Other Race",7,0,0
08/27/2020,"Three Rivers","Other Race",14,3,0
08/27/2020,"Western Tidewater",White,576,56,44
08/27/2020,"Mount Rogers",Black,49,8,2
08/27/2020,"Three Rivers","Not Reported",191,3,1
08/27/2020,"Thomas Jefferson",Black,448,64,11
08/27/2020,"Eastern Shore",White,235,26,18
08/27/2020,"Central Virginia",White,486,37,11
08/27/2020,Lenowisco,Black,5,1,1
08/27/2020,"Central Virginia","Two or more races",0,0,0
08/27/2020,Richmond,"Two or more races",14,0,0
08/27/2020,Crater,"Not Reported",596,8,4
08/27/2020,Chesterfield,"Two or more races",18,2,0
08/27/2020,"New River",Latino,84,5,0
08/27/2020,Richmond,Latino,1238,101,7
08/27/2020,Portsmouth,Latino,57,12,1
08/27/2020,Pittsylvania-Danville,"Not Reported",509,8,0
08/27/2020,Chesapeake,"Not Reported",910,7,0
08/27/2020,Chickahominy,Latino,79,4,0
08/27/2020,Crater,Black,1546,173,48
08/27/2020,Chesterfield,Black,849,99,25
08/27/2020,Chesterfield,"Other Race",197,8,0
08/27/2020,Peninsula,Black,898,66,17
08/27/2020,Roanoke,White,214,13,12
08/27/2020,"New River",Black,58,3,0
08/27/2020,Southside,Latino,5,0,0
08/27/2020,Peninsula,Latino,293,19,0
08/27/2020,Rappahannock,"Two or more races",25,2,0
08/27/2020,"Virginia Beach",Black,1519,104,16
08/27/2020,"Mount Rogers","Not Reported",96,2,2
08/27/2020,Loudoun,"Not Reported",1898,4,0
08/27/2020,Chesapeake,"Other Race",63,3,1
08/27/2020,Chickahominy,"Two or more races",3,1,0
08/27/2020,Crater,"Other Race",32,0,0
08/27/2020,Norfolk,"Two or more races",40,1,0
08/27/2020,"Eastern Shore","Two or more races",1,1,0
08/27/2020,"Central Shenandoah",White,1695,161,51
08/27/2020,"New River","Other Race",4,0,0
08/27/2020,"New River",White,644,27,8
08/27/2020,"Central Shenandoah","Other Race",49,2,0
08/27/2020,"West Piedmont",Black,376,69,8
08/27/2020,Alleghany,Latino,140,11,0
08/27/2020,"Central Shenandoah","Not Reported",270,3,1
08/27/2020,Roanoke,"Two or more races",2,1,0
08/27/2020,Peninsula,"Two or more races",41,3,0
08/27/2020,Richmond,"Not Reported",627,2,1
08/27/2020,Arlington,"Other Race",81,9,4
08/27/2020,Norfolk,"Not Reported",977,2,0
08/27/2020,Alexandria,"Other Race",64,7,2
08/27/2020,"Virginia Beach",White,1958,154,40
08/27/2020,Chesapeake,"Two or more races",35,2,1
08/27/2020,Alleghany,White,525,40,18
08/27/2020,"Rappahannock Rapidan","Other Race",31,2,0
08/27/2020,Chickahominy,"Not Reported",294,1,1
08/27/2020,Portsmouth,Black,1193,119,23
08/27/2020,Chickahominy,"Other Race",13,2,0
08/27/2020,"Virginia Beach",Latino,350,22,3
08/27/2020,Chesapeake,White,982,100,22
08/27/2020,Southside,Black,279,34,14
08/27/2020,Rappahannock,Latino,1207,103,8
08/27/2020,"Three Rivers","Two or more races",4,0,0
08/27/2020,Henrico,Black,1437,184,82
08/27/2020,Pittsylvania-Danville,Black,409,47,8
08/27/2020,"Lord Fairfax","Two or more races",11,0,0
08/27/2020,"Prince William",Latino,5477,596,66
08/27/2020,"Mount Rogers","Other Race",7,2,2
08/27/2020,"Central Shenandoah",Black,151,10,4
08/27/2020,Peninsula,White,779,81,28
08/27/2020,"Eastern Shore","Not Reported",84,0,0
08/27/2020,"Thomas Jefferson","Other Race",133,3,2
08/27/2020,Hampton,"Other Race",49,2,0
08/27/2020,"Lord Fairfax","Not Reported",333,3,6
08/27/2020,"Central Virginia","Other Race",12,0,0
08/27/2020,"Western Tidewater","Other Race",60,1,2
08/27/2020,Crater,Latino,177,9,4
08/27/2020,Chesapeake,Latino,244,20,1
08/27/2020,Chesterfield,White,1036,99,65
08/27/2020,"Western Tidewater","Not Reported",820,7,2
08/27/2020,Fairfax,"Not Reported",2308,57,31
08/27/2020,Arlington,Black,353,77,33
08/27/2020,"Central Virginia",Latino,28,3,1
08/27/2020,Alexandria,"Not Reported",217,7,1
08/27/2020,"Three Rivers",Black,382,36,8
08/27/2020,"Prince William","Two or more races",35,1,0
08/27/2020,Loudoun,"Two or more races",42,2,0
08/27/2020,Peninsula,"Other Race",133,4,1
08/27/2020,"Thomas Jefferson",White,873,69,32
08/27/2020,Norfolk,"Other Race",84,3,1
08/27/2020,"Prince William","Not Reported",3921,27,0
08/27/2020,"West Piedmont",White,587,84,17
08/27/2020,Rappahannock,Black,697,81,13
08/27/2020,Norfolk,Black,2144,200,31
08/27/2020,Roanoke,Latino,334,16,0
08/27/2020,Piedmont,Latino,70,8,1
08/27/2020,Roanoke,"Not Reported",462,1,0
08/27/2020,"Virginia Beach","Other Race",110,2,0
08/27/2020,Arlington,"Two or more races",32,2,0
08/27/2020,Alexandria,White,645,56,33
08/27/2020,"Lord Fairfax","Other Race",66,6,1
08/27/2020,"Thomas Jefferson","Not Reported",201,1,0
08/27/2020,"Virginia Beach","Not Reported",1658,9,3
08/27/2020,Loudoun,Black,265,28,5
08/27/2020,Pittsylvania-Danville,Latino,65,3,0
08/27/2020,"Cumberland Plateau","Not Reported",13,0,0
08/27/2020,Chesterfield,"Not Reported",1924,3,10
08/27/2020,"Mount Rogers",White,1415,150,63
08/27/2020,Richmond,White,505,34,6
08/27/2020,Lenowisco,"Not Reported",102,4,2
08/27/2020,"Three Rivers",Latino,147,5,1
08/27/2020,Piedmont,"Not Reported",670,11,3
08/27/2020,"Mount Rogers",Latino,270,6,0
08/27/2020,"Central Shenandoah","Two or more races",13,1,0
08/27/2020,Crater,White,621,52,15
08/27/2020,Arlington,White,1013,122,66
08/27/2020,Pittsylvania-Danville,"Other Race",0,0,0
08/27/2020,Chickahominy,Black,210,41,11
08/27/2020,Fairfax,Black,1410,226,58
08/27/2020,"Eastern Shore",Latino,258,12,3
08/27/2020,Norfolk,White,689,46,16
08/27/2020,"Mount Rogers","Two or more races",4,0,0
08/27/2020,Alleghany,"Two or more races",4,0,0
08/27/2020,Southside,White,202,26,18
08/27/2020,"Thomas Jefferson","Two or more races",28,0,0
08/27/2020,"Prince William",Black,1225,169,47
08/27/2020,"Lord Fairfax",White,1550,171,71
08/27/2020,"Cumberland Plateau",Latino,5,0,0
08/27/2020,Arlington,"Not Reported",295,2,0
08/27/2020,Rappahannock,"Other Race",88,4,0
08/27/2020,"Rappahannock Rapidan",Black,190,27,6
08/27/2020,"New River","Two or more races",5,0,0
08/27/2020,Arlington,Latino,1520,220,23
08/27/2020,Henrico,White,1115,109,93
08/27/2020,Loudoun,White,1335,110,85
08/27/2020,Hampton,White,216,9,1
08/27/2020,Alleghany,Black,58,4,1
08/27/2020,"Prince William",White,1468,165,84
08/27/2020,Rappahannock,White,1095,114,39
08/27/2020,Southside,"Other Race",12,0,1
08/27/2020,Portsmouth,"Two or more races",8,2,1
08/27/2020,"Western Tidewater",Black,1189,94,40
08/27/2020,Hampton,Latino,53,4,0
08/27/2020,Henrico,"Not Reported",794,3,4
08/27/2020,"West Piedmont","Two or more races",0,0,0
08/27/2020,Peninsula,"Not Reported",1380,2,0
08/27/2020,Loudoun,Latino,1812,171,14
08/27/2020,Alexandria,Black,650,88,14
08/27/2020,Piedmont,Black,449,57,14
08/27/2020,Roanoke,"Other Race",12,0,0
08/27/2020,Alexandria,"Two or more races",19,1,0
08/27/2020,"Western Tidewater",Latino,24,1,1
08/27/2020,Rappahannock,"Not Reported",1141,26,0
08/27/2020,"West Piedmont","Other Race",5,1,1
08/27/2020,Chickahominy,White,570,88,35
08/27/2020,"Thomas Jefferson",Latino,614,27,2
08/27/2020,"Cumberland Plateau",Black,41,0,0
08/27/2020,"Lord Fairfax",Latino,676,43,8
08/27/2020,"West Piedmont",Latino,206,9,2
08/27/2020,"Cumberland Plateau",White,447,44,7
08/27/2020,"Eastern Shore","Other Race",13,1,0
08/27/2020,"Cumberland Plateau","Two or more races",5,0,0
08/27/2020,Pittsylvania-Danville,"Two or more races",1,0,0
08/27/2020,Piedmont,"Other Race",9,0,0
08/27/2020,Alexandria,Latino,1622,128,10
08/27/2020,Chesapeake,Black,1358,169,18
08/27/2020,Richmond,"Other Race",99,7,3
08/27/2020,Henrico,Latino,805,56,9
08/27/2020,Piedmont,"Two or more races",4,2,0
08/27/2020,"Prince William","Other Race",357,15,0
08/27/2020,"New River","Not Reported",156,2,0
08/27/2020,"Rappahannock Rapidan",White,608,45,14
08/27/2020,"Central Virginia","Not Reported",1462,11,1
08/27/2020,"Virginia Beach","Two or more races",50,3,1
08/27/2020,Pittsylvania-Danville,White,283,36,8
08/27/2020,"Lord Fairfax",Black,127,13,6
08/27/2020,Fairfax,Latino,8929,970,86
08/27/2020,Chesterfield,"Asian or Pacific Islander",51,2,0
08/27/2020,Crater,"Asian or Pacific Islander",16,0,0
08/27/2020,Fairfax,"Asian or Pacific Islander",1480,249,71
08/27/2020,Hampton,"Asian or Pacific Islander",11,0,0
08/27/2020,"Rappahannock Rapidan","Asian or Pacific Islander",8,1,0
08/27/2020,"Mount Rogers","Asian or Pacific Islander",3,1,0
08/27/2020,"New River","Asian or Pacific Islander",12,0,0
08/27/2020,"Central Virginia","Asian or Pacific Islander",8,0,0
08/27/2020,"Lord Fairfax","Asian or Pacific Islander",13,0,0
08/27/2020,Southside,"Asian or Pacific Islander",1,0,0
08/27/2020,Alleghany,"Asian or Pacific Islander",15,0,0
08/27/2020,Portsmouth,"Asian or Pacific Islander",13,2,0
08/27/2020,Roanoke,"Asian or Pacific Islander",11,0,0
08/27/2020,Richmond,"Asian or Pacific Islander",25,3,1
08/27/2020,"Thomas Jefferson","Asian or Pacific Islander",37,0,1
08/27/2020,"Virginia Beach","Asian or Pacific Islander",224,20,2
08/27/2020,Henrico,"Asian or Pacific Islander",167,10,3
08/27/2020,Piedmont,"Asian or Pacific Islander",8,0,0
08/27/2020,"Western Tidewater","Asian or Pacific Islander",14,2,0
08/27/2020,"West Piedmont","Asian or Pacific Islander",11,1,1
08/27/2020,Chickahominy,"Asian or Pacific Islander",13,1,0
08/27/2020,Peninsula,"Asian or Pacific Islander",38,4,3
08/27/2020,Norfolk,"Asian or Pacific Islander",57,4,0
08/27/2020,Arlington,"Asian or Pacific Islander",159,22,12
08/27/2020,Loudoun,"Asian or Pacific Islander",322,47,11
08/27/2020,Alexandria,"Asian or Pacific Islander",113,10,1
08/27/2020,Rappahannock,"Asian or Pacific Islander",63,9,1
08/27/2020,Chesapeake,"Asian or Pacific Islander",57,8,4
08/27/2020,"Cumberland Plateau and Lenowisco","Asian or Pacific Islander",1,0,0
08/27/2020,"Central Shenandoah","Asian or Pacific Islander",25,2,0
08/27/2020,"Prince William","Asian or Pacific Islander",412,50,15
08/27/2020,Pittsylvania-Danville,"Asian or Pacific Islander",3,0,0
08/27/2020,"Eastern Shore and Three Rivers","Asian or Pacific Islander",12,1,0
08/27/2020,Piedmont,"Native American",1,0,0
08/27/2020,"New River","Native American",0,0,0
08/27/2020,"Central Shenandoah","Native American",3,1,0
08/27/2020,"Eastern Shore and Three Rivers","Native American",1,0,0
08/27/2020,Fairfax,"Native American",33,1,1
08/27/2020,Chesapeake,"Native American",11,0,0
08/27/2020,"Western Tidewater","Native American",2,0,0
08/27/2020,Portsmouth,"Native American",3,2,0
08/27/2020,Richmond,"Native American",0,0,0
08/27/2020,Chickahominy,"Native American",5,1,0
08/27/2020,"Thomas Jefferson","Native American",2,0,0
08/27/2020,Arlington,"Native American",4,0,0
08/27/2020,"Virginia Beach","Native American",7,0,0
08/27/2020,Peninsula,"Native American",6,2,1
08/27/2020,Hampton,"Native American",2,0,0
08/27/2020,"West Piedmont","Native American",3,0,0
08/27/2020,"Cumberland Plateau, Lenowisco, and Mount Rogers","Native American",1,0,0
08/27/2020,Henrico,"Native American",9,0,0
08/27/2020,Norfolk,"Native American",9,1,1
08/27/2020,"Prince William","Native American",15,1,1
08/27/2020,"Central Virginia","Native American",1,0,0
08/27/2020,Chesterfield,"Native American",5,0,0
08/27/2020,Rappahannock,"Native American",4,0,0
08/27/2020,Loudoun,"Native American",4,0,0
08/27/2020,Alexandria,"Native American",3,0,0
08/27/2020,"Alleghany and Roanoke","Native American",1,0,0
08/27/2020,Crater,"Native American",5,0,0
08/27/2020,"Rappahannock Rapidan","Native American",1,0,0
08/27/2020,"Lord Fairfax","Native American",2,1,1
08/27/2020,"Pittsylvania-Danville and Southside","Native American",0,0,0
08/28/2020,"Rappahannock Rapidan","Not Reported",601,10,2
08/28/2020,Portsmouth,"Other Race",69,7,3
08/28/2020,"Western Tidewater","Two or more races",25,0,0
08/28/2020,Piedmont,White,444,49,20
08/28/2020,Chesterfield,Latino,1285,84,6
08/28/2020,Lenowisco,White,546,52,9
08/28/2020,Lenowisco,"Two or more races",2,0,0
08/28/2020,Hampton,"Not Reported",540,2,2
08/28/2020,Southside,"Not Reported",457,9,4
08/28/2020,Roanoke,Black,137,13,3
08/28/2020,Hampton,Black,631,37,13
08/28/2020,Alleghany,"Other Race",7,1,0
08/28/2020,Lenowisco,Latino,10,0,0
08/28/2020,Loudoun,"Other Race",155,12,2
08/28/2020,"Central Shenandoah",Latino,939,54,5
08/28/2020,"Rappahannock Rapidan",Latino,760,60,7
08/28/2020,"Eastern Shore",Black,849,97,27
08/28/2020,Norfolk,Latino,296,20,0
08/28/2020,Hampton,"Two or more races",14,0,0
08/28/2020,Richmond,Black,1271,222,28
08/28/2020,Henrico,"Two or more races",33,1,0
08/28/2020,Fairfax,"Two or more races",72,5,0
08/28/2020,Alleghany,"Not Reported",396,2,0
08/28/2020,Portsmouth,"Not Reported",559,4,0
08/28/2020,"Cumberland Plateau","Other Race",2,1,0
08/28/2020,Southside,"Two or more races",23,0,0
08/28/2020,Portsmouth,White,272,20,6
08/28/2020,"Rappahannock Rapidan","Two or more races",26,3,0
08/28/2020,Fairfax,White,3258,468,297
08/28/2020,Fairfax,"Other Race",700,81,18
08/28/2020,Crater,"Two or more races",4,0,0
08/28/2020,"West Piedmont","Not Reported",347,27,3
08/28/2020,Henrico,"Other Race",112,11,0
08/28/2020,"Three Rivers",White,504,43,9
08/28/2020,"Central Virginia",Black,162,21,5
08/28/2020,Lenowisco,"Other Race",7,0,0
08/28/2020,"Three Rivers","Other Race",13,3,0
08/28/2020,"Western Tidewater",White,584,56,44
08/28/2020,"Mount Rogers",Black,49,8,2
08/28/2020,"Three Rivers","Not Reported",194,3,1
08/28/2020,"Thomas Jefferson",Black,455,65,11
08/28/2020,"Eastern Shore",White,235,26,18
08/28/2020,"Central Virginia",White,511,37,11
08/28/2020,Lenowisco,Black,5,1,1
08/28/2020,"Central Virginia","Two or more races",1,0,0
08/28/2020,Richmond,"Two or more races",14,0,0
08/28/2020,Crater,"Not Reported",598,8,4
08/28/2020,Chesterfield,"Two or more races",20,2,0
08/28/2020,"New River",Latino,87,5,0
08/28/2020,Richmond,Latino,1249,102,7
08/28/2020,Portsmouth,Latino,57,12,1
08/28/2020,Pittsylvania-Danville,"Not Reported",524,8,0
08/28/2020,Chesapeake,"Not Reported",900,8,0
08/28/2020,Chickahominy,Latino,80,4,0
08/28/2020,Crater,Black,1564,174,49
08/28/2020,Chesterfield,Black,854,99,25
08/28/2020,Chesterfield,"Other Race",201,9,0
08/28/2020,Peninsula,Black,906,66,17
08/28/2020,Roanoke,White,217,13,12
08/28/2020,"New River",Black,61,3,0
08/28/2020,Southside,Latino,5,0,0
08/28/2020,Peninsula,Latino,293,19,0
08/28/2020,Rappahannock,"Two or more races",27,2,0
08/28/2020,"Virginia Beach",Black,1526,108,16
08/28/2020,"Mount Rogers","Not Reported",97,2,2
08/28/2020,Loudoun,"Not Reported",1913,4,0
08/28/2020,Chesapeake,"Other Race",64,4,1
08/28/2020,Chickahominy,"Two or more races",3,1,0
08/28/2020,Crater,"Other Race",32,0,0
08/28/2020,Norfolk,"Two or more races",40,1,0
08/28/2020,"Eastern Shore","Two or more races",1,1,0
08/28/2020,"Central Shenandoah",White,1711,161,51
08/28/2020,"New River","Other Race",4,0,0
08/28/2020,"New River",White,677,27,8
08/28/2020,"Central Shenandoah","Other Race",50,2,0
08/28/2020,"West Piedmont",Black,380,71,10
08/28/2020,Alleghany,Latino,140,11,0
08/28/2020,"Central Shenandoah","Not Reported",286,3,1
08/28/2020,Roanoke,"Two or more races",2,1,0
08/28/2020,Peninsula,"Two or more races",42,3,0
08/28/2020,Richmond,"Not Reported",622,3,1
08/28/2020,Arlington,"Other Race",83,10,4
08/28/2020,Norfolk,"Not Reported",978,2,0
08/28/2020,Alexandria,"Other Race",67,7,2
08/28/2020,"Virginia Beach",White,1971,155,40
08/28/2020,Chesapeake,"Two or more races",36,2,1
08/28/2020,Alleghany,White,540,40,18
08/28/2020,"Rappahannock Rapidan","Other Race",32,2,0
08/28/2020,Chickahominy,"Not Reported",293,1,1
08/28/2020,Portsmouth,Black,1205,123,23
08/28/2020,Chickahominy,"Other Race",13,2,0
08/28/2020,"Virginia Beach",Latino,350,22,3
08/28/2020,Chesapeake,White,1004,101,22
08/28/2020,Southside,Black,284,34,14
08/28/2020,Rappahannock,Latino,1213,103,8
08/28/2020,"Three Rivers","Two or more races",4,0,0
08/28/2020,Henrico,Black,1444,185,83
08/28/2020,Pittsylvania-Danville,Black,416,47,8
08/28/2020,"Lord Fairfax","Two or more races",11,0,0
08/28/2020,"Prince William",Latino,5499,597,66
08/28/2020,"Mount Rogers","Other Race",7,2,2
08/28/2020,"Central Shenandoah",Black,152,10,4
08/28/2020,Peninsula,White,782,81,28
08/28/2020,"Eastern Shore","Not Reported",84,0,0
08/28/2020,"Thomas Jefferson","Other Race",135,3,2
08/28/2020,Hampton,"Other Race",49,2,0
08/28/2020,"Lord Fairfax","Not Reported",330,2,6
08/28/2020,"Central Virginia","Other Race",13,0,0
08/28/2020,"Western Tidewater","Other Race",60,1,2
08/28/2020,Crater,Latino,177,9,4
08/28/2020,Chesapeake,Latino,247,20,1
08/28/2020,Chesterfield,White,1053,99,66
08/28/2020,"Western Tidewater","Not Reported",835,7,2
08/28/2020,Fairfax,"Not Reported",2282,56,31
08/28/2020,Arlington,Black,358,77,33
08/28/2020,"Central Virginia",Latino,28,3,1
08/28/2020,Alexandria,"Not Reported",215,7,1
08/28/2020,"Three Rivers",Black,384,38,9
08/28/2020,"Prince William","Two or more races",37,1,0
08/28/2020,Loudoun,"Two or more races",43,2,0
08/28/2020,Peninsula,"Other Race",136,4,1
08/28/2020,"Thomas Jefferson",White,892,70,33
08/28/2020,Norfolk,"Other Race",82,3,1
08/28/2020,"Prince William","Not Reported",3939,27,0
08/28/2020,"West Piedmont",White,597,86,17
08/28/2020,Rappahannock,Black,699,82,13
08/28/2020,Norfolk,Black,2160,203,34
08/28/2020,Roanoke,Latino,333,16,0
08/28/2020,Piedmont,Latino,70,8,1
08/28/2020,Roanoke,"Not Reported",466,1,0
08/28/2020,"Virginia Beach","Other Race",102,2,0
08/28/2020,Arlington,"Two or more races",32,2,0
08/28/2020,Alexandria,White,649,56,33
08/28/2020,"Lord Fairfax","Other Race",66,6,1
08/28/2020,"Thomas Jefferson","Not Reported",206,1,0
08/28/2020,"Virginia Beach","Not Reported",1673,9,3
08/28/2020,Loudoun,Black,266,28,5
08/28/2020,Pittsylvania-Danville,Latino,65,3,0
08/28/2020,"Cumberland Plateau","Not Reported",13,0,0
08/28/2020,Chesterfield,"Not Reported",1909,3,10
08/28/2020,"Mount Rogers",White,1440,153,64
08/28/2020,Richmond,White,511,34,7
08/28/2020,Lenowisco,"Not Reported",103,4,2
08/28/2020,"Three Rivers",Latino,147,5,1
08/28/2020,Piedmont,"Not Reported",682,11,3
08/28/2020,"Mount Rogers",Latino,270,6,0
08/28/2020,"Central Shenandoah","Two or more races",13,1,0
08/28/2020,Crater,White,627,53,15
08/28/2020,Arlington,White,1020,122,65
08/28/2020,Pittsylvania-Danville,"Other Race",0,0,0
08/28/2020,Chickahominy,Black,213,41,11
08/28/2020,Fairfax,Black,1428,228,59
08/28/2020,"Eastern Shore",Latino,258,12,3
08/28/2020,Norfolk,White,706,47,16
08/28/2020,"Mount Rogers","Two or more races",4,0,0
08/28/2020,Alleghany,"Two or more races",4,0,0
08/28/2020,Southside,White,202,26,18
08/28/2020,"Thomas Jefferson","Two or more races",29,0,0
08/28/2020,"Prince William",Black,1237,169,47
08/28/2020,"Lord Fairfax",White,1554,171,71
08/28/2020,"Cumberland Plateau",Latino,5,0,0
08/28/2020,Arlington,"Not Reported",297,2,0
08/28/2020,Rappahannock,"Other Race",91,4,0
08/28/2020,"Rappahannock Rapidan",Black,191,27,6
08/28/2020,"New River","Two or more races",5,0,0
08/28/2020,Arlington,Latino,1537,223,23
08/28/2020,Henrico,White,1129,110,93
08/28/2020,Loudoun,White,1347,110,86
08/28/2020,Hampton,White,219,9,1
08/28/2020,Alleghany,Black,59,4,1
08/28/2020,"Prince William",White,1479,166,84
08/28/2020,Rappahannock,White,1117,116,39
08/28/2020,Southside,"Other Race",12,0,1
08/28/2020,Portsmouth,"Two or more races",8,2,1
08/28/2020,"Western Tidewater",Black,1198,94,40
08/28/2020,Hampton,Latino,53,4,0
08/28/2020,Henrico,"Not Reported",806,3,4
08/28/2020,"West Piedmont","Two or more races",1,0,0
08/28/2020,Peninsula,"Not Reported",1394,2,0
08/28/2020,Loudoun,Latino,1823,171,14
08/28/2020,Alexandria,Black,656,88,15
08/28/2020,Piedmont,Black,452,57,14
08/28/2020,Roanoke,"Other Race",12,0,0
08/28/2020,Alexandria,"Two or more races",19,1,0
08/28/2020,"Western Tidewater",Latino,25,1,1
08/28/2020,Rappahannock,"Not Reported",1143,26,0
08/28/2020,"West Piedmont","Other Race",5,1,1
08/28/2020,Chickahominy,White,575,88,35
08/28/2020,"Thomas Jefferson",Latino,616,27,2
08/28/2020,"Cumberland Plateau",Black,41,0,0
08/28/2020,"Lord Fairfax",Latino,677,43,8
08/28/2020,"West Piedmont",Latino,206,8,1
08/28/2020,"Cumberland Plateau",White,456,44,7
08/28/2020,"Eastern Shore","Other Race",13,1,0
08/28/2020,"Cumberland Plateau","Two or more races",5,0,0
08/28/2020,Pittsylvania-Danville,"Two or more races",1,0,0
08/28/2020,Piedmont,"Other Race",9,0,0
08/28/2020,Alexandria,Latino,1630,128,12
08/28/2020,Chesapeake,Black,1366,170,18
08/28/2020,Richmond,"Other Race",102,8,3
08/28/2020,Henrico,Latino,808,56,9
08/28/2020,Piedmont,"Two or more races",4,2,0
08/28/2020,"Prince William","Other Race",367,15,0
08/28/2020,"New River","Not Reported",164,2,0
08/28/2020,"Rappahannock Rapidan",White,624,45,14
08/28/2020,"Central Virginia","Not Reported",1479,12,1
08/28/2020,"Virginia Beach","Two or more races",51,3,1
08/28/2020,Pittsylvania-Danville,White,287,36,8
08/28/2020,"Lord Fairfax",Black,126,14,6
08/28/2020,Fairfax,Latino,8994,977,87
08/28/2020,Chesterfield,"Asian or Pacific Islander",51,2,1
08/28/2020,Crater,"Asian or Pacific Islander",16,0,0
08/28/2020,Fairfax,"Asian or Pacific Islander",1493,251,71
08/28/2020,Hampton,"Asian or Pacific Islander",11,0,0
08/28/2020,"Rappahannock Rapidan","Asian or Pacific Islander",8,1,0
08/28/2020,"Mount Rogers","Asian or Pacific Islander",3,1,0
08/28/2020,"New River","Asian or Pacific Islander",14,0,0
08/28/2020,"Central Virginia","Asian or Pacific Islander",11,1,0
08/28/2020,"Lord Fairfax","Asian or Pacific Islander",13,0,0
08/28/2020,Southside,"Asian or Pacific Islander",1,0,0
08/28/2020,Alleghany,"Asian or Pacific Islander",15,0,0
08/28/2020,Portsmouth,"Asian or Pacific Islander",13,2,0
08/28/2020,Roanoke,"Asian or Pacific Islander",11,0,0
08/28/2020,Richmond,"Asian or Pacific Islander",26,3,1
08/28/2020,"Thomas Jefferson","Asian or Pacific Islander",37,0,1
08/28/2020,"Virginia Beach","Asian or Pacific Islander",226,20,2
08/28/2020,Henrico,"Asian or Pacific Islander",170,10,4
08/28/2020,Piedmont,"Asian or Pacific Islander",8,0,0
08/28/2020,"Western Tidewater","Asian or Pacific Islander",14,2,0
08/28/2020,"West Piedmont","Asian or Pacific Islander",11,1,1
08/28/2020,Chickahominy,"Asian or Pacific Islander",13,1,0
08/28/2020,Peninsula,"Asian or Pacific Islander",38,4,3
08/28/2020,Norfolk,"Asian or Pacific Islander",57,4,0
08/28/2020,Arlington,"Asian or Pacific Islander",160,22,12
08/28/2020,Loudoun,"Asian or Pacific Islander",327,47,11
08/28/2020,Alexandria,"Asian or Pacific Islander",113,10,1
08/28/2020,Rappahannock,"Asian or Pacific Islander",65,9,1
08/28/2020,Chesapeake,"Asian or Pacific Islander",57,8,4
08/28/2020,"Cumberland Plateau and Lenowisco","Asian or Pacific Islander",1,0,0
08/28/2020,"Central Shenandoah","Asian or Pacific Islander",26,2,0
08/28/2020,"Prince William","Asian or Pacific Islander",415,50,15
08/28/2020,Pittsylvania-Danville,"Asian or Pacific Islander",3,0,0
08/28/2020,"Eastern Shore and Three Rivers","Asian or Pacific Islander",12,1,0
08/28/2020,Piedmont,"Native American",1,0,0
08/28/2020,"New River","Native American",0,0,0
08/28/2020,"Central Shenandoah","Native American",3,1,0
08/28/2020,"Eastern Shore and Three Rivers","Native American",1,0,0
08/28/2020,Fairfax,"Native American",33,1,1
08/28/2020,Chesapeake,"Native American",11,0,0
08/28/2020,"Western Tidewater","Native American",2,0,0
08/28/2020,Portsmouth,"Native American",3,2,0
08/28/2020,Richmond,"Native American",0,0,0
08/28/2020,Chickahominy,"Native American",5,1,0
08/28/2020,"Thomas Jefferson","Native American",2,0,0
08/28/2020,Arlington,"Native American",5,0,0
08/28/2020,"Virginia Beach","Native American",7,0,0
08/28/2020,Peninsula,"Native American",6,2,1
08/28/2020,Hampton,"Native American",2,0,0
08/28/2020,"West Piedmont","Native American",3,0,0
08/28/2020,"Cumberland Plateau, Lenowisco, and Mount Rogers","Native American",1,0,0
08/28/2020,Henrico,"Native American",8,0,0
08/28/2020,Norfolk,"Native American",9,1,1
08/28/2020,"Prince William","Native American",15,1,1
08/28/2020,"Central Virginia","Native American",1,0,0
08/28/2020,Chesterfield,"Native American",5,0,0
08/28/2020,Rappahannock,"Native American",4,0,0
08/28/2020,Loudoun,"Native American",4,0,0
08/28/2020,Alexandria,"Native American",3,0,0
08/28/2020,"Alleghany and Roanoke","Native American",1,0,0
08/28/2020,Crater,"Native American",5,0,0
08/28/2020,"Rappahannock Rapidan","Native American",1,0,0
08/28/2020,"Lord Fairfax","Native American",2,1,1
08/28/2020,"Pittsylvania-Danville and Southside","Native American",0,0,0
08/29/2020,"Rappahannock Rapidan","Not Reported",610,10,2
08/29/2020,Portsmouth,"Other Race",69,7,3
08/29/2020,"Western Tidewater","Two or more races",24,0,0
08/29/2020,Piedmont,White,444,49,20
08/29/2020,Chesterfield,Latino,1293,84,6
08/29/2020,Lenowisco,White,555,53,9
08/29/2020,Lenowisco,"Two or more races",2,0,0
08/29/2020,Hampton,"Not Reported",544,2,2
08/29/2020,Southside,"Not Reported",461,9,4
08/29/2020,Roanoke,Black,137,13,3
08/29/2020,Hampton,Black,636,37,13
08/29/2020,Alleghany,"Other Race",7,1,0
08/29/2020,Lenowisco,Latino,10,0,0
08/29/2020,Loudoun,"Other Race",155,12,2
08/29/2020,"Central Shenandoah",Latino,943,54,5
08/29/2020,"Rappahannock Rapidan",Latino,760,60,7
08/29/2020,"Eastern Shore",Black,850,97,27
08/29/2020,Norfolk,Latino,297,20,0
08/29/2020,Hampton,"Two or more races",14,0,0
08/29/2020,Richmond,Black,1282,223,28
08/29/2020,Henrico,"Two or more races",34,1,0
08/29/2020,Fairfax,"Two or more races",73,5,0
08/29/2020,Alleghany,"Not Reported",378,2,0
08/29/2020,Portsmouth,"Not Reported",559,4,0
08/29/2020,"Cumberland Plateau","Other Race",2,1,0
08/29/2020,Southside,"Two or more races",23,0,0
08/29/2020,Portsmouth,White,275,20,6
08/29/2020,"Rappahannock Rapidan","Two or more races",26,3,0
08/29/2020,Fairfax,White,3301,473,298
08/29/2020,Fairfax,"Other Race",711,81,18
08/29/2020,Crater,"Two or more races",5,0,0
08/29/2020,"West Piedmont","Not Reported",356,27,3
08/29/2020,Henrico,"Other Race",119,11,0
08/29/2020,"Three Rivers",White,509,43,9
08/29/2020,"Central Virginia",Black,168,22,5
08/29/2020,Lenowisco,"Other Race",7,0,0
08/29/2020,"Three Rivers","Other Race",13,3,0
08/29/2020,"Western Tidewater",White,592,56,44
08/29/2020,"Mount Rogers",Black,51,8,2
08/29/2020,"Three Rivers","Not Reported",199,3,1
08/29/2020,"Thomas Jefferson",Black,457,65,11
08/29/2020,"Eastern Shore",White,235,26,18
08/29/2020,"Central Virginia",White,527,37,11
08/29/2020,Lenowisco,Black,5,1,1
08/29/2020,"Central Virginia","Two or more races",1,0,0
08/29/2020,Richmond,"Two or more races",16,0,0
08/29/2020,Crater,"Not Reported",607,9,5
08/29/2020,Chesterfield,"Two or more races",20,2,0
08/29/2020,"New River",Latino,94,5,0
08/29/2020,Richmond,Latino,1252,102,7
08/29/2020,Portsmouth,Latino,57,12,1
08/29/2020,Pittsylvania-Danville,"Not Reported",533,9,0
08/29/2020,Chesapeake,"Not Reported",910,8,0
08/29/2020,Chickahominy,Latino,80,4,0
08/29/2020,Crater,Black,1612,178,49
08/29/2020,Chesterfield,Black,864,101,25
08/29/2020,Chesterfield,"Other Race",199,9,0
08/29/2020,Peninsula,Black,941,66,18
08/29/2020,Roanoke,White,224,13,12
08/29/2020,"New River",Black,63,3,0
08/29/2020,Southside,Latino,5,0,0
08/29/2020,Peninsula,Latino,296,19,1
08/29/2020,Rappahannock,"Two or more races",28,2,0
08/29/2020,"Virginia Beach",Black,1533,109,16
08/29/2020,"Mount Rogers","Not Reported",98,2,2
08/29/2020,Loudoun,"Not Reported",1873,4,0
08/29/2020,Chesapeake,"Other Race",63,4,1
08/29/2020,Chickahominy,"Two or more races",3,1,0
08/29/2020,Crater,"Other Race",33,0,0
08/29/2020,Norfolk,"Two or more races",41,1,0
08/29/2020,"Eastern Shore","Two or more races",1,1,0
08/29/2020,"Central Shenandoah",White,1743,161,51
08/29/2020,"New River","Other Race",4,0,0
08/29/2020,"New River",White,734,27,9
08/29/2020,"Central Shenandoah","Other Race",50,2,0
08/29/2020,"West Piedmont",Black,383,71,11
08/29/2020,Alleghany,Latino,141,11,0
08/29/2020,"Central Shenandoah","Not Reported",306,3,1
08/29/2020,Roanoke,"Two or more races",2,1,0
08/29/2020,Peninsula,"Two or more races",42,3,0
08/29/2020,Richmond,"Not Reported",632,3,1
08/29/2020,Arlington,"Other Race",84,10,4
08/29/2020,Norfolk,"Not Reported",979,2,0
08/29/2020,Alexandria,"Other Race",69,7,2
08/29/2020,"Virginia Beach",White,2000,155,42
08/29/2020,Chesapeake,"Two or more races",39,2,1
08/29/2020,Alleghany,White,549,40,18
08/29/2020,"Rappahannock Rapidan","Other Race",32,2,0
08/29/2020,Chickahominy,"Not Reported",298,1,1
08/29/2020,Portsmouth,Black,1214,124,23
08/29/2020,Chickahominy,"Other Race",13,2,0
08/29/2020,"Virginia Beach",Latino,357,22,3
08/29/2020,Chesapeake,White,1019,101,22
08/29/2020,Southside,Black,288,34,14
08/29/2020,Rappahannock,Latino,1215,103,8
08/29/2020,"Three Rivers","Two or more races",4,0,0
08/29/2020,Henrico,Black,1461,185,82
08/29/2020,Pittsylvania-Danville,Black,422,47,8
08/29/2020,"Lord Fairfax","Two or more races",11,0,0
08/29/2020,"Prince William",Latino,5531,600,67
08/29/2020,"Mount Rogers","Other Race",7,2,2
08/29/2020,"Central Shenandoah",Black,152,10,4
08/29/2020,Peninsula,White,802,81,29
08/29/2020,"Eastern Shore","Not Reported",84,0,0
08/29/2020,"Thomas Jefferson","Other Race",139,3,3
08/29/2020,Hampton,"Other Race",50,2,0
08/29/2020,"Lord Fairfax","Not Reported",331,2,6
08/29/2020,"Central Virginia","Other Race",15,0,0
08/29/2020,"Western Tidewater","Other Race",62,1,2
08/29/2020,Crater,Latino,178,9,4
08/29/2020,Chesapeake,Latino,250,20,1
08/29/2020,Chesterfield,White,1071,100,66
08/29/2020,"Western Tidewater","Not Reported",845,7,2
08/29/2020,Fairfax,"Not Reported",2265,55,31
08/29/2020,Arlington,Black,360,77,33
08/29/2020,"Central Virginia",Latino,28,3,1
08/29/2020,Alexandria,"Not Reported",216,7,1
08/29/2020,"Three Rivers",Black,386,38,9
08/29/2020,"Prince William","Two or more races",40,1,0
08/29/2020,Loudoun,"Two or more races",42,2,0
08/29/2020,Peninsula,"Other Race",139,4,1
08/29/2020,"Thomas Jefferson",White,924,70,33
08/29/2020,Norfolk,"Other Race",82,3,1
08/29/2020,"Prince William","Not Reported",3960,28,0
08/29/2020,"West Piedmont",White,615,88,17
08/29/2020,Rappahannock,Black,704,82,13
08/29/2020,Norfolk,Black,2164,204,34
08/29/2020,Roanoke,Latino,334,16,0
08/29/2020,Piedmont,Latino,70,8,1
08/29/2020,Roanoke,"Not Reported",464,1,0
08/29/2020,"Virginia Beach","Other Race",99,2,0
08/29/2020,Arlington,"Two or more races",33,2,0
08/29/2020,Alexandria,White,649,56,33
08/29/2020,"Lord Fairfax","Other Race",67,6,1
08/29/2020,"Thomas Jefferson","Not Reported",212,1,0
08/29/2020,"Virginia Beach","Not Reported",1673,9,3
08/29/2020,Loudoun,Black,270,28,5
08/29/2020,Pittsylvania-Danville,Latino,65,3,0
08/29/2020,"Cumberland Plateau","Not Reported",13,0,0
08/29/2020,Chesterfield,"Not Reported",1914,4,10
08/29/2020,"Mount Rogers",White,1481,155,64
08/29/2020,Richmond,White,519,35,8
08/29/2020,Lenowisco,"Not Reported",106,4,2
08/29/2020,"Three Rivers",Latino,148,5,1
08/29/2020,Piedmont,"Not Reported",698,11,3
08/29/2020,"Mount Rogers",Latino,270,6,0
08/29/2020,"Central Shenandoah","Two or more races",13,1,0
08/29/2020,Crater,White,634,53,15
08/29/2020,Arlington,White,1024,124,65
08/29/2020,Pittsylvania-Danville,"Other Race",0,0,0
08/29/2020,Chickahominy,Black,221,42,12
08/29/2020,Fairfax,Black,1441,230,60
08/29/2020,"Eastern Shore",Latino,260,12,3
08/29/2020,Norfolk,White,705,47,16
08/29/2020,"Mount Rogers","Two or more races",4,0,0
08/29/2020,Alleghany,"Two or more races",4,0,0
08/29/2020,Southside,White,203,26,18
08/29/2020,"Thomas Jefferson","Two or more races",30,0,0
08/29/2020,"Prince William",Black,1249,168,47
08/29/2020,"Lord Fairfax",White,1556,172,71
08/29/2020,"Cumberland Plateau",Latino,5,0,0
08/29/2020,Arlington,"Not Reported",296,2,0
08/29/2020,Rappahannock,"Other Race",90,4,0
08/29/2020,"Rappahannock Rapidan",Black,192,27,6
08/29/2020,"New River","Two or more races",5,0,0
08/29/2020,Arlington,Latino,1548,224,23
08/29/2020,Henrico,White,1143,110,93
08/29/2020,Loudoun,White,1363,112,86
08/29/2020,Hampton,White,219,9,1
08/29/2020,Alleghany,Black,58,4,1
08/29/2020,"Prince William",White,1494,167,84
08/29/2020,Rappahannock,White,1131,119,40
08/29/2020,Southside,"Other Race",12,0,1
08/29/2020,Portsmouth,"Two or more races",8,2,1
08/29/2020,"Western Tidewater",Black,1228,94,41
08/29/2020,Hampton,Latino,53,4,0
08/29/2020,Henrico,"Not Reported",806,4,4
08/29/2020,"West Piedmont","Two or more races",1,0,0
08/29/2020,Peninsula,"Not Reported",1411,2,0
08/29/2020,Loudoun,Latino,1881,173,14
08/29/2020,Alexandria,Black,661,88,15
08/29/2020,Piedmont,Black,453,57,14
08/29/2020,Roanoke,"Other Race",13,0,0
08/29/2020,Alexandria,"Two or more races",19,1,0
08/29/2020,"Western Tidewater",Latino,27,1,1
08/29/2020,Rappahannock,"Not Reported",1161,26,0
08/29/2020,"West Piedmont","Other Race",5,1,1
08/29/2020,Chickahominy,White,583,88,35
08/29/2020,"Thomas Jefferson",Latino,623,27,2
08/29/2020,"Cumberland Plateau",Black,41,0,0
08/29/2020,"Lord Fairfax",Latino,683,43,8
08/29/2020,"West Piedmont",Latino,218,8,1
08/29/2020,"Cumberland Plateau",White,461,44,7
08/29/2020,"Eastern Shore","Other Race",13,1,0
08/29/2020,"Cumberland Plateau","Two or more races",5,0,0
08/29/2020,Pittsylvania-Danville,"Two or more races",1,0,0
08/29/2020,Piedmont,"Other Race",9,0,0
08/29/2020,Alexandria,Latino,1628,128,10
08/29/2020,Chesapeake,Black,1387,173,18
08/29/2020,Richmond,"Other Race",104,6,2
08/29/2020,Henrico,Latino,811,56,9
08/29/2020,Piedmont,"Two or more races",4,2,0
08/29/2020,"Prince William","Other Race",367,15,0
08/29/2020,"New River","Not Reported",188,2,0
08/29/2020,"Rappahannock Rapidan",White,632,45,15
08/29/2020,"Central Virginia","Not Reported",1506,14,1
08/29/2020,"Virginia Beach","Two or more races",51,3,1
08/29/2020,Pittsylvania-Danville,White,294,36,10
08/29/2020,"Lord Fairfax",Black,127,15,6
08/29/2020,Fairfax,Latino,9053,979,90
08/29/2020,Chesterfield,"Asian or Pacific Islander",51,2,1
08/29/2020,Crater,"Asian or Pacific Islander",16,0,0
08/29/2020,Fairfax,"Asian or Pacific Islander",1502,251,71
08/29/2020,Hampton,"Asian or Pacific Islander",11,0,0
08/29/2020,"Rappahannock Rapidan","Asian or Pacific Islander",8,1,0
08/29/2020,"Mount Rogers","Asian or Pacific Islander",3,1,0
08/29/2020,"New River","Asian or Pacific Islander",14,0,0
08/29/2020,"Central Virginia","Asian or Pacific Islander",11,1,0
08/29/2020,"Lord Fairfax","Asian or Pacific Islander",14,0,0
08/29/2020,Southside,"Asian or Pacific Islander",1,0,0
08/29/2020,Alleghany,"Asian or Pacific Islander",15,0,0
08/29/2020,Portsmouth,"Asian or Pacific Islander",13,2,0
08/29/2020,Roanoke,"Asian or Pacific Islander",11,0,0
08/29/2020,Richmond,"Asian or Pacific Islander",26,3,1
08/29/2020,"Thomas Jefferson","Asian or Pacific Islander",37,0,1
08/29/2020,"Virginia Beach","Asian or Pacific Islander",228,20,2
08/29/2020,Henrico,"Asian or Pacific Islander",171,10,4
08/29/2020,Piedmont,"Asian or Pacific Islander",8,0,0
08/29/2020,"Western Tidewater","Asian or Pacific Islander",14,2,0
08/29/2020,"West Piedmont","Asian or Pacific Islander",11,1,1
08/29/2020,Chickahominy,"Asian or Pacific Islander",13,1,0
08/29/2020,Peninsula,"Asian or Pacific Islander",38,4,3
08/29/2020,Norfolk,"Asian or Pacific Islander",57,5,0
08/29/2020,Arlington,"Asian or Pacific Islander",163,22,12
08/29/2020,Loudoun,"Asian or Pacific Islander",336,48,11
08/29/2020,Alexandria,"Asian or Pacific Islander",113,10,1
08/29/2020,Rappahannock,"Asian or Pacific Islander",65,9,1
08/29/2020,Chesapeake,"Asian or Pacific Islander",57,8,4
08/29/2020,"Cumberland Plateau and Lenowisco","Asian or Pacific Islander",1,0,0
08/29/2020,"Central Shenandoah","Asian or Pacific Islander",27,2,0
08/29/2020,"Prince William","Asian or Pacific Islander",417,50,15
08/29/2020,Pittsylvania-Danville,"Asian or Pacific Islander",3,0,0
08/29/2020,"Eastern Shore and Three Rivers","Asian or Pacific Islander",12,1,0
08/29/2020,Piedmont,"Native American",1,0,0
08/29/2020,"New River","Native American",0,0,0
08/29/2020,"Central Shenandoah","Native American",3,1,0
08/29/2020,"Eastern Shore and Three Rivers","Native American",1,0,0
08/29/2020,Fairfax,"Native American",32,1,1
08/29/2020,Chesapeake,"Native American",11,0,0
08/29/2020,"Western Tidewater","Native American",2,0,0
08/29/2020,Portsmouth,"Native American",3,2,0
08/29/2020,Richmond,"Native American",0,0,0
08/29/2020,Chickahominy,"Native American",5,1,0
08/29/2020,"Thomas Jefferson","Native American",2,0,0
08/29/2020,Arlington,"Native American",5,0,0
08/29/2020,"Virginia Beach","Native American",7,0,0
08/29/2020,Peninsula,"Native American",6,2,1
08/29/2020,Hampton,"Native American",2,0,0
08/29/2020,"West Piedmont","Native American",3,0,0
08/29/2020,"Cumberland Plateau, Lenowisco, and Mount Rogers","Native American",1,0,0
08/29/2020,Henrico,"Native American",8,0,0
08/29/2020,Norfolk,"Native American",9,1,1
08/29/2020,"Prince William","Native American",15,1,1
08/29/2020,"Central Virginia","Native American",2,0,0
08/29/2020,Chesterfield,"Native American",5,0,0
08/29/2020,Rappahannock,"Native American",4,0,0
08/29/2020,Loudoun,"Native American",4,0,0
08/29/2020,Alexandria,"Native American",3,0,0
08/29/2020,"Alleghany and Roanoke","Native American",1,0,0
08/29/2020,Crater,"Native American",5,0,0
08/29/2020,"Rappahannock Rapidan","Native American",1,0,0
08/29/2020,"Lord Fairfax","Native American",2,1,1
08/29/2020,"Pittsylvania-Danville and Southside","Native American",0,0,0
08/30/2020,"Rappahannock Rapidan","Not Reported",615,11,2
08/30/2020,Portsmouth,"Other Race",69,7,3
08/30/2020,"Western Tidewater","Two or more races",24,0,0
08/30/2020,Piedmont,White,444,49,20
08/30/2020,Chesterfield,Latino,1298,84,6
08/30/2020,Lenowisco,White,567,55,9
08/30/2020,Lenowisco,"Two or more races",2,0,0
08/30/2020,Hampton,"Not Reported",547,2,2
08/30/2020,Southside,"Not Reported",463,9,4
08/30/2020,Roanoke,Black,137,13,3
08/30/2020,Hampton,Black,641,37,13
08/30/2020,Alleghany,"Other Race",7,1,0
08/30/2020,Lenowisco,Latino,10,0,0
08/30/2020,Loudoun,"Other Race",154,12,2
08/30/2020,"Central Shenandoah",Latino,946,54,5
08/30/2020,"Rappahannock Rapidan",Latino,761,60,7
08/30/2020,"Eastern Shore",Black,850,97,27
08/30/2020,Norfolk,Latino,296,20,0
08/30/2020,Hampton,"Two or more races",14,0,0
08/30/2020,Richmond,Black,1301,223,28
08/30/2020,Henrico,"Two or more races",33,1,0
08/30/2020,Fairfax,"Two or more races",74,5,0
08/30/2020,Alleghany,"Not Reported",376,2,0
08/30/2020,Portsmouth,"Not Reported",566,4,0
08/30/2020,"Cumberland Plateau","Other Race",2,1,0
08/30/2020,Southside,"Two or more races",23,0,0
08/30/2020,Portsmouth,White,276,20,6
08/30/2020,"Rappahannock Rapidan","Two or more races",27,3,0
08/30/2020,Fairfax,White,3321,473,298
08/30/2020,Fairfax,"Other Race",715,81,18
08/30/2020,Crater,"Two or more races",5,0,0
08/30/2020,"West Piedmont","Not Reported",356,27,3
08/30/2020,Henrico,"Other Race",121,12,0
08/30/2020,"Three Rivers",White,510,43,9
08/30/2020,"Central Virginia",Black,170,22,5
08/30/2020,Lenowisco,"Other Race",7,0,0
08/30/2020,"Three Rivers","Other Race",13,3,0
08/30/2020,"Western Tidewater",White,596,56,44
08/30/2020,"Mount Rogers",Black,51,8,2
08/30/2020,"Three Rivers","Not Reported",199,3,1
08/30/2020,"Thomas Jefferson",Black,458,65,11
08/30/2020,"Eastern Shore",White,235,26,18
08/30/2020,"Central Virginia",White,535,38,11
08/30/2020,Lenowisco,Black,5,1,1
08/30/2020,"Central Virginia","Two or more races",2,0,0
08/30/2020,Richmond,"Two or more races",18,1,0
08/30/2020,Crater,"Not Reported",614,9,5
08/30/2020,Chesterfield,"Two or more races",20,2,0
08/30/2020,"New River",Latino,97,5,0
08/30/2020,Richmond,Latino,1256,102,7
08/30/2020,Portsmouth,Latino,57,12,1
08/30/2020,Pittsylvania-Danville,"Not Reported",544,9,0
08/30/2020,Chesapeake,"Not Reported",915,8,0
08/30/2020,Chickahominy,Latino,81,4,0
08/30/2020,Crater,Black,1627,178,49
08/30/2020,Chesterfield,Black,867,102,25
08/30/2020,Chesterfield,"Other Race",198,9,0
08/30/2020,Peninsula,Black,952,66,18
08/30/2020,Roanoke,White,227,13,12
08/30/2020,"New River",Black,66,3,0
08/30/2020,Southside,Latino,5,0,0
08/30/2020,Peninsula,Latino,297,19,1
08/30/2020,Rappahannock,"Two or more races",29,2,0
08/30/2020,"Virginia Beach",Black,1542,109,16
08/30/2020,"Mount Rogers","Not Reported",99,2,2
08/30/2020,Loudoun,"Not Reported",1864,4,0
08/30/2020,Chesapeake,"Other Race",64,4,1
08/30/2020,Chickahominy,"Two or more races",3,1,0
08/30/2020,Crater,"Other Race",33,0,0
08/30/2020,Norfolk,"Two or more races",42,1,0
08/30/2020,"Eastern Shore","Two or more races",1,1,0
08/30/2020,"Central Shenandoah",White,1770,161,51
08/30/2020,"New River","Other Race",4,0,0
08/30/2020,"New River",White,774,27,9
08/30/2020,"Central Shenandoah","Other Race",51,2,0
08/30/2020,"West Piedmont",Black,386,72,11
08/30/2020,Alleghany,Latino,141,11,0
08/30/2020,"Central Shenandoah","Not Reported",331,3,1
08/30/2020,Roanoke,"Two or more races",2,1,0
08/30/2020,Peninsula,"Two or more races",42,3,0
08/30/2020,Richmond,"Not Reported",641,3,1
08/30/2020,Arlington,"Other Race",84,10,4
08/30/2020,Norfolk,"Not Reported",983,2,0
08/30/2020,Alexandria,"Other Race",69,7,2
08/30/2020,"Virginia Beach",White,2012,156,43
08/30/2020,Chesapeake,"Two or more races",39,2,1
08/30/2020,Alleghany,White,554,40,18
08/30/2020,"Rappahannock Rapidan","Other Race",33,2,0
08/30/2020,Chickahominy,"Not Reported",296,1,1
08/30/2020,Portsmouth,Black,1221,126,23
08/30/2020,Chickahominy,"Other Race",13,2,0
08/30/2020,"Virginia Beach",Latino,360,22,3
08/30/2020,Chesapeake,White,1035,102,22
08/30/2020,Southside,Black,288,34,14
08/30/2020,Rappahannock,Latino,1217,104,8
08/30/2020,"Three Rivers","Two or more races",4,0,0
08/30/2020,Henrico,Black,1468,185,82
08/30/2020,Pittsylvania-Danville,Black,446,47,8
08/30/2020,"Lord Fairfax","Two or more races",11,0,0
08/30/2020,"Prince William",Latino,5561,602,67
08/30/2020,"Mount Rogers","Other Race",7,2,2
08/30/2020,"Central Shenandoah",Black,153,10,4
08/30/2020,Peninsula,White,813,81,29
08/30/2020,"Eastern Shore","Not Reported",84,0,0
08/30/2020,"Thomas Jefferson","Other Race",141,3,3
08/30/2020,Hampton,"Other Race",49,2,0
08/30/2020,"Lord Fairfax","Not Reported",331,2,6
08/30/2020,"Central Virginia","Other Race",15,0,0
08/30/2020,"Western Tidewater","Other Race",62,1,2
08/30/2020,Crater,Latino,182,9,4
08/30/2020,Chesapeake,Latino,252,20,1
08/30/2020,Chesterfield,White,1082,101,66
08/30/2020,"Western Tidewater","Not Reported",857,7,2
08/30/2020,Fairfax,"Not Reported",2312,55,31
08/30/2020,Arlington,Black,364,78,33
08/30/2020,"Central Virginia",Latino,28,3,1
08/30/2020,Alexandria,"Not Reported",217,7,1
08/30/2020,"Three Rivers",Black,393,38,9
08/30/2020,"Prince William","Two or more races",41,1,0
08/30/2020,Loudoun,"Two or more races",42,2,0
08/30/2020,Peninsula,"Other Race",140,4,1
08/30/2020,"Thomas Jefferson",White,948,71,33
08/30/2020,Norfolk,"Other Race",82,3,1
08/30/2020,"Prince William","Not Reported",3971,28,0
08/30/2020,"West Piedmont",White,625,88,17
08/30/2020,Rappahannock,Black,709,83,13
08/30/2020,Norfolk,Black,2176,206,34
08/30/2020,Roanoke,Latino,334,16,0
08/30/2020,Piedmont,Latino,70,8,1
08/30/2020,Roanoke,"Not Reported",464,1,0
08/30/2020,"Virginia Beach","Other Race",99,2,0
08/30/2020,Arlington,"Two or more races",32,2,0
08/30/2020,Alexandria,White,652,56,33
08/30/2020,"Lord Fairfax","Other Race",69,6,1
08/30/2020,"Thomas Jefferson","Not Reported",215,1,0
08/30/2020,"Virginia Beach","Not Reported",1683,9,3
08/30/2020,Loudoun,Black,270,28,5
08/30/2020,Pittsylvania-Danville,Latino,65,3,0
08/30/2020,"Cumberland Plateau","Not Reported",13,0,0
08/30/2020,Chesterfield,"Not Reported",1912,4,10
08/30/2020,"Mount Rogers",White,1504,158,64
08/30/2020,Richmond,White,529,35,8
08/30/2020,Lenowisco,"Not Reported",107,4,2
08/30/2020,"Three Rivers",Latino,148,5,1
08/30/2020,Piedmont,"Not Reported",698,11,3
08/30/2020,"Mount Rogers",Latino,270,6,0
08/30/2020,"Central Shenandoah","Two or more races",13,1,0
08/30/2020,Crater,White,647,53,15
08/30/2020,Arlington,White,1037,126,65
08/30/2020,Pittsylvania-Danville,"Other Race",0,0,0
08/30/2020,Chickahominy,Black,223,42,12
08/30/2020,Fairfax,Black,1462,231,60
08/30/2020,"Eastern Shore",Latino,260,12,3
08/30/2020,Norfolk,White,716,47,16
08/30/2020,"Mount Rogers","Two or more races",4,0,0
08/30/2020,Alleghany,"Two or more races",4,0,0
08/30/2020,Southside,White,204,26,18
08/30/2020,"Thomas Jefferson","Two or more races",33,0,0
08/30/2020,"Prince William",Black,1254,169,47
08/30/2020,"Lord Fairfax",White,1559,173,71
08/30/2020,"Cumberland Plateau",Latino,5,0,0
08/30/2020,Arlington,"Not Reported",295,3,0
08/30/2020,Rappahannock,"Other Race",92,4,0
08/30/2020,"Rappahannock Rapidan",Black,192,27,6
08/30/2020,"New River","Two or more races",7,0,0
08/30/2020,Arlington,Latino,1558,225,23
08/30/2020,Henrico,White,1152,111,93
08/30/2020,Loudoun,White,1374,114,86
08/30/2020,Hampton,White,225,9,1
08/30/2020,Alleghany,Black,59,4,1
08/30/2020,"Prince William",White,1496,167,84
08/30/2020,Rappahannock,White,1140,120,40
08/30/2020,Southside,"Other Race",12,0,1
08/30/2020,Portsmouth,"Two or more races",8,2,1
08/30/2020,"Western Tidewater",Black,1237,94,41
08/30/2020,Hampton,Latino,53,4,0
08/30/2020,Henrico,"Not Reported",816,4,4
08/30/2020,"West Piedmont","Two or more races",1,0,0
08/30/2020,Peninsula,"Not Reported",1422,2,0
08/30/2020,Loudoun,Latino,1895,174,14
08/30/2020,Alexandria,Black,664,88,15
08/30/2020,Piedmont,Black,453,57,14
08/30/2020,Roanoke,"Other Race",13,0,0
08/30/2020,Alexandria,"Two or more races",19,1,0
08/30/2020,"Western Tidewater",Latino,27,1,1
08/30/2020,Rappahannock,"Not Reported",1166,26,0
08/30/2020,"West Piedmont","Other Race",6,1,1
08/30/2020,Chickahominy,White,592,88,35
08/30/2020,"Thomas Jefferson",Latino,624,27,2
08/30/2020,"Cumberland Plateau",Black,41,0,0
08/30/2020,"Lord Fairfax",Latino,685,43,8
08/30/2020,"West Piedmont",Latino,218,8,1
08/30/2020,"Cumberland Plateau",White,463,44,7
08/30/2020,"Eastern Shore","Other Race",13,1,0
08/30/2020,"Cumberland Plateau","Two or more races",5,0,0
08/30/2020,Pittsylvania-Danville,"Two or more races",1,0,0
08/30/2020,Piedmont,"Other Race",9,0,0
08/30/2020,Alexandria,Latino,1632,129,10
08/30/2020,Chesapeake,Black,1402,174,18
08/30/2020,Richmond,"Other Race",105,6,2
08/30/2020,Henrico,Latino,810,56,9
08/30/2020,Piedmont,"Two or more races",4,2,0
08/30/2020,"Prince William","Other Race",368,15,0
08/30/2020,"New River","Not Reported",224,2,0
08/30/2020,"Rappahannock Rapidan",White,638,46,15
08/30/2020,"Central Virginia","Not Reported",1523,14,1
08/30/2020,"Virginia Beach","Two or more races",51,3,1
08/30/2020,Pittsylvania-Danville,White,313,36,10
08/30/2020,"Lord Fairfax",Black,127,15,6
08/30/2020,Fairfax,Latino,9067,981,90
08/30/2020,Chesterfield,"Asian or Pacific Islander",51,2,1
08/30/2020,Crater,"Asian or Pacific Islander",16,0,0
08/30/2020,Fairfax,"Asian or Pacific Islander",1513,251,71
08/30/2020,Hampton,"Asian or Pacific Islander",11,0,0
08/30/2020,"Rappahannock Rapidan","Asian or Pacific Islander",8,1,0
08/30/2020,"Mount Rogers","Asian or Pacific Islander",3,1,0
08/30/2020,"New River","Asian or Pacific Islander",15,0,0
08/30/2020,"Central Virginia","Asian or Pacific Islander",11,1,0
08/30/2020,"Lord Fairfax","Asian or Pacific Islander",14,0,0
08/30/2020,Southside,"Asian or Pacific Islander",1,0,0
08/30/2020,Alleghany,"Asian or Pacific Islander",15,0,0
08/30/2020,Portsmouth,"Asian or Pacific Islander",13,2,0
08/30/2020,Roanoke,"Asian or Pacific Islander",11,0,0
08/30/2020,Richmond,"Asian or Pacific Islander",29,3,1
08/30/2020,"Thomas Jefferson","Asian or Pacific Islander",37,0,1
08/30/2020,"Virginia Beach","Asian or Pacific Islander",231,20,2
08/30/2020,Henrico,"Asian or Pacific Islander",171,10,4
08/30/2020,Piedmont,"Asian or Pacific Islander",8,0,0
08/30/2020,"Western Tidewater","Asian or Pacific Islander",14,2,0
08/30/2020,"West Piedmont","Asian or Pacific Islander",11,1,1
08/30/2020,Chickahominy,"Asian or Pacific Islander",13,1,0
08/30/2020,Peninsula,"Asian or Pacific Islander",38,4,3
08/30/2020,Norfolk,"Asian or Pacific Islander",57,5,0
08/30/2020,Arlington,"Asian or Pacific Islander",165,22,12
08/30/2020,Loudoun,"Asian or Pacific Islander",342,49,11
08/30/2020,Alexandria,"Asian or Pacific Islander",113,10,1
08/30/2020,Rappahannock,"Asian or Pacific Islander",68,9,1
08/30/2020,Chesapeake,"Asian or Pacific Islander",60,9,4
08/30/2020,"Cumberland Plateau and Lenowisco","Asian or Pacific Islander",1,0,0
08/30/2020,"Central Shenandoah","Asian or Pacific Islander",27,2,0
08/30/2020,"Prince William","Asian or Pacific Islander",418,50,15
08/30/2020,Pittsylvania-Danville,"Asian or Pacific Islander",3,0,0
08/30/2020,"Eastern Shore and Three Rivers","Asian or Pacific Islander",12,1,0
08/30/2020,Piedmont,"Native American",1,0,0
08/30/2020,"New River","Native American",0,0,0
08/30/2020,"Central Shenandoah","Native American",3,1,0
08/30/2020,"Eastern Shore and Three Rivers","Native American",1,0,0
08/30/2020,Fairfax,"Native American",32,1,1
08/30/2020,Chesapeake,"Native American",11,0,0
08/30/2020,"Western Tidewater","Native American",2,0,0
08/30/2020,Portsmouth,"Native American",3,2,0
08/30/2020,Richmond,"Native American",0,0,0
08/30/2020,Chickahominy,"Native American",5,1,0
08/30/2020,"Thomas Jefferson","Native American",2,0,0
08/30/2020,Arlington,"Native American",5,0,0
08/30/2020,"Virginia Beach","Native American",7,0,0
08/30/2020,Peninsula,"Native American",6,2,1
08/30/2020,Hampton,"Native American",2,0,0
08/30/2020,"West Piedmont","Native American",3,0,0
08/30/2020,"Cumberland Plateau, Lenowisco, and Mount Rogers","Native American",1,0,0
08/30/2020,Henrico,"Native American",8,0,0
08/30/2020,Norfolk,"Native American",9,1,1
08/30/2020,"Prince William","Native American",15,1,1
08/30/2020,"Central Virginia","Native American",2,0,0
08/30/2020,Chesterfield,"Native American",5,0,0
08/30/2020,Rappahannock,"Native American",4,0,0
08/30/2020,Loudoun,"Native American",4,0,0
08/30/2020,Alexandria,"Native American",3,0,0
08/30/2020,"Alleghany and Roanoke","Native American",1,0,0
08/30/2020,Crater,"Native American",5,0,0
08/30/2020,"Rappahannock Rapidan","Native American",1,0,0
08/30/2020,"Lord Fairfax","Native American",2,1,1
08/30/2020,"Pittsylvania-Danville and Southside","Native American",0,0,0
08/31/2020,"Rappahannock Rapidan","Not Reported",616,11,2
08/31/2020,Portsmouth,"Other Race",69,7,3
08/31/2020,"Western Tidewater","Two or more races",25,0,0
08/31/2020,Piedmont,White,444,49,20
08/31/2020,Chesterfield,Latino,1298,84,6
08/31/2020,Lenowisco,White,577,55,9
08/31/2020,Lenowisco,"Two or more races",2,0,0
08/31/2020,Hampton,"Not Reported",552,2,2
08/31/2020,Southside,"Not Reported",469,9,4
08/31/2020,Roanoke,Black,139,13,3
08/31/2020,Hampton,Black,647,37,13
08/31/2020,Alleghany,"Other Race",7,1,0
08/31/2020,Lenowisco,Latino,10,0,0
08/31/2020,Loudoun,"Other Race",161,12,2
08/31/2020,"Central Shenandoah",Latino,956,54,6
08/31/2020,"Rappahannock Rapidan",Latino,762,60,7
08/31/2020,"Eastern Shore",Black,850,97,27
08/31/2020,Norfolk,Latino,299,20,0
08/31/2020,Hampton,"Two or more races",14,0,0
08/31/2020,Richmond,Black,1311,224,28
08/31/2020,Henrico,"Two or more races",35,1,0
08/31/2020,Fairfax,"Two or more races",75,5,0
08/31/2020,Alleghany,"Not Reported",388,2,0
08/31/2020,Portsmouth,"Not Reported",566,4,0
08/31/2020,"Cumberland Plateau","Other Race",2,1,0
08/31/2020,Southside,"Two or more races",23,0,0
08/31/2020,Portsmouth,White,276,20,6
08/31/2020,"Rappahannock Rapidan","Two or more races",27,3,0
08/31/2020,Fairfax,White,3335,473,298
08/31/2020,Fairfax,"Other Race",721,81,18
08/31/2020,Crater,"Two or more races",5,0,0
08/31/2020,"West Piedmont","Not Reported",355,27,3
08/31/2020,Henrico,"Other Race",125,12,0
08/31/2020,"Three Rivers",White,514,43,9
08/31/2020,"Central Virginia",Black,171,22,5
08/31/2020,Lenowisco,"Other Race",7,0,0
08/31/2020,"Three Rivers","Other Race",13,3,0
08/31/2020,"Western Tidewater",White,601,56,44
08/31/2020,"Mount Rogers",Black,51,8,2
08/31/2020,"Three Rivers","Not Reported",200,3,1
08/31/2020,"Thomas Jefferson",Black,458,65,11
08/31/2020,"Eastern Shore",White,237,26,18
08/31/2020,"Central Virginia",White,542,38,11
08/31/2020,Lenowisco,Black,5,1,1
08/31/2020,"Central Virginia","Two or more races",2,0,0
08/31/2020,Richmond,"Two or more races",18,1,0
08/31/2020,Crater,"Not Reported",622,9,5
08/31/2020,Chesterfield,"Two or more races",20,2,0
08/31/2020,"New River",Latino,102,5,0
08/31/2020,Richmond,Latino,1256,102,7
08/31/2020,Portsmouth,Latino,57,12,1
08/31/2020,Pittsylvania-Danville,"Not Reported",546,9,0
08/31/2020,Chesapeake,"Not Reported",896,8,0
08/31/2020,Chickahominy,Latino,81,4,0
08/31/2020,Crater,Black,1656,179,49
08/31/2020,Chesterfield,Black,870,102,25
08/31/2020,Chesterfield,"Other Race",198,9,0
08/31/2020,Peninsula,Black,964,66,18
08/31/2020,Roanoke,White,230,13,12
08/31/2020,"New River",Black,67,3,0
08/31/2020,Southside,Latino,5,0,0
08/31/2020,Peninsula,Latino,297,19,1
08/31/2020,Rappahannock,"Two or more races",30,2,0
08/31/2020,"Virginia Beach",Black,1549,109,16
08/31/2020,"Mount Rogers","Not Reported",101,2,2
08/31/2020,Loudoun,"Not Reported",1876,4,0
08/31/2020,Chesapeake,"Other Race",63,4,1
08/31/2020,Chickahominy,"Two or more races",3,1,0
08/31/2020,Crater,"Other Race",33,0,0
08/31/2020,Norfolk,"Two or more races",43,1,0
08/31/2020,"Eastern Shore","Two or more races",1,1,0
08/31/2020,"Central Shenandoah",White,1807,161,51
08/31/2020,"New River","Other Race",6,0,0
08/31/2020,"New River",White,791,27,9
08/31/2020,"Central Shenandoah","Other Race",53,2,0
08/31/2020,"West Piedmont",Black,388,72,11
08/31/2020,Alleghany,Latino,143,11,0
08/31/2020,"Central Shenandoah","Not Reported",352,3,1
08/31/2020,Roanoke,"Two or more races",2,1,0
08/31/2020,Peninsula,"Two or more races",43,3,0
08/31/2020,Richmond,"Not Reported",641,3,1
08/31/2020,Arlington,"Other Race",84,10,4
08/31/2020,Norfolk,"Not Reported",991,2,0
08/31/2020,Alexandria,"Other Race",69,7,2
08/31/2020,"Virginia Beach",White,2023,156,43
08/31/2020,Chesapeake,"Two or more races",39,2,1
08/31/2020,Alleghany,White,561,40,18
08/31/2020,"Rappahannock Rapidan","Other Race",35,2,0
08/31/2020,Chickahominy,"Not Reported",297,1,1
08/31/2020,Portsmouth,Black,1221,126,23
08/31/2020,Chickahominy,"Other Race",13,2,0
08/31/2020,"Virginia Beach",Latino,362,22,3
08/31/2020,Chesapeake,White,1056,102,22
08/31/2020,Southside,Black,303,34,14
08/31/2020,Rappahannock,Latino,1219,104,8
08/31/2020,"Three Rivers","Two or more races",5,0,0
08/31/2020,Henrico,Black,1476,185,82
08/31/2020,Pittsylvania-Danville,Black,447,47,9
08/31/2020,"Lord Fairfax","Two or more races",11,0,0
08/31/2020,"Prince William",Latino,5581,602,68
08/31/2020,"Mount Rogers","Other Race",7,2,2
08/31/2020,"Central Shenandoah",Black,154,10,4
08/31/2020,Peninsula,White,816,81,30
08/31/2020,"Eastern Shore","Not Reported",84,0,0
08/31/2020,"Thomas Jefferson","Other Race",142,3,3
08/31/2020,Hampton,"Other Race",49,2,0
08/31/2020,"Lord Fairfax","Not Reported",332,2,6
08/31/2020,"Central Virginia","Other Race",15,0,0
08/31/2020,"Western Tidewater","Other Race",62,1,2
08/31/2020,Crater,Latino,181,9,4
08/31/2020,Chesapeake,Latino,256,21,1
08/31/2020,Chesterfield,White,1085,101,66
08/31/2020,"Western Tidewater","Not Reported",859,7,2
08/31/2020,Fairfax,"Not Reported",2368,56,31
08/31/2020,Arlington,Black,364,78,33
08/31/2020,"Central Virginia",Latino,28,3,1
08/31/2020,Alexandria,"Not Reported",218,7,1
08/31/2020,"Three Rivers",Black,397,38,9
08/31/2020,"Prince William","Two or more races",41,1,0
08/31/2020,Loudoun,"Two or more races",43,2,0
08/31/2020,Peninsula,"Other Race",143,4,1
08/31/2020,"Thomas Jefferson",White,958,72,33
08/31/2020,Norfolk,"Other Race",91,3,1
08/31/2020,"Prince William","Not Reported",3992,28,0
08/31/2020,"West Piedmont",White,626,88,17
08/31/2020,Rappahannock,Black,714,83,13
08/31/2020,Norfolk,Black,2183,206,34
08/31/2020,Roanoke,Latino,339,16,0
08/31/2020,Piedmont,Latino,70,8,1
08/31/2020,Roanoke,"Not Reported",464,1,0
08/31/2020,"Virginia Beach","Other Race",100,2,0
08/31/2020,Arlington,"Two or more races",32,2,0
08/31/2020,Alexandria,White,654,56,33
08/31/2020,"Lord Fairfax","Other Race",69,6,1
08/31/2020,"Thomas Jefferson","Not Reported",218,1,0
08/31/2020,"Virginia Beach","Not Reported",1705,9,3
08/31/2020,Loudoun,Black,270,28,5
08/31/2020,Pittsylvania-Danville,Latino,65,3,0
08/31/2020,"Cumberland Plateau","Not Reported",13,0,0
08/31/2020,Chesterfield,"Not Reported",1927,4,10
08/31/2020,"Mount Rogers",White,1518,158,64
08/31/2020,Richmond,White,532,35,8
08/31/2020,Lenowisco,"Not Reported",107,4,2
08/31/2020,"Three Rivers",Latino,149,5,1
08/31/2020,Piedmont,"Not Reported",698,11,3
08/31/2020,"Mount Rogers",Latino,271,6,0
08/31/2020,"Central Shenandoah","Two or more races",13,1,0
08/31/2020,Crater,White,656,53,15
08/31/2020,Arlington,White,1038,126,65
08/31/2020,Pittsylvania-Danville,"Other Race",0,0,0
08/31/2020,Chickahominy,Black,224,42,12
08/31/2020,Fairfax,Black,1469,232,62
08/31/2020,"Eastern Shore",Latino,260,12,3
08/31/2020,Norfolk,White,721,47,16
08/31/2020,"Mount Rogers","Two or more races",4,0,0
08/31/2020,Alleghany,"Two or more races",4,0,0
08/31/2020,Southside,White,206,26,18
08/31/2020,"Thomas Jefferson","Two or more races",33,0,0
08/31/2020,"Prince William",Black,1262,169,47
08/31/2020,"Lord Fairfax",White,1564,173,71
08/31/2020,"Cumberland Plateau",Latino,5,0,0
08/31/2020,Arlington,"Not Reported",305,3,0
08/31/2020,Rappahannock,"Other Race",92,4,0
08/31/2020,"Rappahannock Rapidan",Black,193,27,6
08/31/2020,"New River","Two or more races",7,0,0
08/31/2020,Arlington,Latino,1560,226,24
08/31/2020,Henrico,White,1159,111,93
08/31/2020,Loudoun,White,1377,114,86
08/31/2020,Hampton,White,226,9,1
08/31/2020,Alleghany,Black,60,4,1
08/31/2020,"Prince William",White,1507,167,84
08/31/2020,Rappahannock,White,1142,120,40
08/31/2020,Southside,"Other Race",12,0,1
08/31/2020,Portsmouth,"Two or more races",8,2,1
08/31/2020,"Western Tidewater",Black,1246,94,42
08/31/2020,Hampton,Latino,53,4,0
08/31/2020,Henrico,"Not Reported",819,4,4
08/31/2020,"West Piedmont","Two or more races",1,0,0
08/31/2020,Peninsula,"Not Reported",1433,2,0
08/31/2020,Loudoun,Latino,1905,175,14
08/31/2020,Alexandria,Black,668,88,15
08/31/2020,Piedmont,Black,453,57,14
08/31/2020,Roanoke,"Other Race",14,0,0
08/31/2020,Alexandria,"Two or more races",19,1,0
08/31/2020,"Western Tidewater",Latino,27,1,1
08/31/2020,Rappahannock,"Not Reported",1181,26,0
08/31/2020,"West Piedmont","Other Race",6,1,1
08/31/2020,Chickahominy,White,599,88,35
08/31/2020,"Thomas Jefferson",Latino,626,27,2
08/31/2020,"Cumberland Plateau",Black,41,0,0
08/31/2020,"Lord Fairfax",Latino,686,43,8
08/31/2020,"West Piedmont",Latino,218,8,1
08/31/2020,"Cumberland Plateau",White,480,47,7
08/31/2020,"Eastern Shore","Other Race",13,1,0
08/31/2020,"Cumberland Plateau","Two or more races",6,0,0
08/31/2020,Pittsylvania-Danville,"Two or more races",1,0,0
08/31/2020,Piedmont,"Other Race",9,0,0
08/31/2020,Alexandria,Latino,1634,129,10
08/31/2020,Chesapeake,Black,1420,176,18
08/31/2020,Richmond,"Other Race",108,7,2
08/31/2020,Henrico,Latino,814,56,9
08/31/2020,Piedmont,"Two or more races",4,2,0
08/31/2020,"Prince William","Other Race",384,15,0
08/31/2020,"New River","Not Reported",231,2,0
08/31/2020,"Rappahannock Rapidan",White,643,46,15
08/31/2020,"Central Virginia","Not Reported",1544,14,1
08/31/2020,"Virginia Beach","Two or more races",51,3,1
08/31/2020,Pittsylvania-Danville,White,314,36,11
08/31/2020,"Lord Fairfax",Black,127,15,6
08/31/2020,Fairfax,Latino,9084,981,91
08/31/2020,Chesterfield,"Asian or Pacific Islander",52,2,1
08/31/2020,Crater,"Asian or Pacific Islander",16,0,0
08/31/2020,Fairfax,"Asian or Pacific Islander",1519,251,71
08/31/2020,Hampton,"Asian or Pacific Islander",11,0,0
08/31/2020,"Rappahannock Rapidan","Asian or Pacific Islander",8,1,0
08/31/2020,"Mount Rogers","Asian or Pacific Islander",3,1,0
08/31/2020,"New River","Asian or Pacific Islander",19,0,0
08/31/2020,"Central Virginia","Asian or Pacific Islander",11,1,0
08/31/2020,"Lord Fairfax","Asian or Pacific Islander",14,0,0
08/31/2020,Southside,"Asian or Pacific Islander",1,0,0
08/31/2020,Alleghany,"Asian or Pacific Islander",15,0,0
08/31/2020,Portsmouth,"Asian or Pacific Islander",13,2,0
08/31/2020,Roanoke,"Asian or Pacific Islander",11,0,0
08/31/2020,Richmond,"Asian or Pacific Islander",31,3,1
08/31/2020,"Thomas Jefferson","Asian or Pacific Islander",38,0,1
08/31/2020,"Virginia Beach","Asian or Pacific Islander",231,20,2
08/31/2020,Henrico,"Asian or Pacific Islander",172,10,4
08/31/2020,Piedmont,"Asian or Pacific Islander",8,0,0
08/31/2020,"Western Tidewater","Asian or Pacific Islander",14,2,0
08/31/2020,"West Piedmont","Asian or Pacific Islander",11,1,1
08/31/2020,Chickahominy,"Asian or Pacific Islander",13,1,0
08/31/2020,Peninsula,"Asian or Pacific Islander",40,4,4
08/31/2020,Norfolk,"Asian or Pacific Islander",57,5,0
08/31/2020,Arlington,"Asian or Pacific Islander",167,22,12
08/31/2020,Loudoun,"Asian or Pacific Islander",343,49,11
08/31/2020,Alexandria,"Asian or Pacific Islander",113,10,1
08/31/2020,Rappahannock,"Asian or Pacific Islander",68,9,1
08/31/2020,Chesapeake,"Asian or Pacific Islander",60,9,4
08/31/2020,"Cumberland Plateau and Lenowisco","Asian or Pacific Islander",1,0,0
08/31/2020,"Central Shenandoah","Asian or Pacific Islander",28,2,0
08/31/2020,"Prince William","Asian or Pacific Islander",424,50,15
08/31/2020,Pittsylvania-Danville,"Asian or Pacific Islander",3,0,0
08/31/2020,"Eastern Shore and Three Rivers","Asian or Pacific Islander",12,1,0
08/31/2020,Piedmont,"Native American",1,0,0
08/31/2020,"New River","Native American",0,0,0
08/31/2020,"Central Shenandoah","Native American",3,1,0
08/31/2020,"Eastern Shore and Three Rivers","Native American",1,0,0
08/31/2020,Fairfax,"Native American",32,1,1
08/31/2020,Chesapeake,"Native American",11,0,0
08/31/2020,"Western Tidewater","Native American",2,0,0
08/31/2020,Portsmouth,"Native American",3,2,0
08/31/2020,Richmond,"Native American",0,0,0
08/31/2020,Chickahominy,"Native American",5,1,0
08/31/2020,"Thomas Jefferson","Native American",2,0,0
08/31/2020,Arlington,"Native American",5,0,0
08/31/2020,"Virginia Beach","Native American",7,0,0
08/31/2020,Peninsula,"Native American",7,2,1
08/31/2020,Hampton,"Native American",2,0,0
08/31/2020,"West Piedmont","Native American",3,0,0
08/31/2020,"Cumberland Plateau, Lenowisco, and Mount Rogers","Native American",1,0,0
08/31/2020,Henrico,"Native American",8,0,0
08/31/2020,Norfolk,"Native American",9,1,1
08/31/2020,"Prince William","Native American",15,1,1
08/31/2020,"Central Virginia","Native American",2,0,0
08/31/2020,Chesterfield,"Native American",5,0,0
08/31/2020,Rappahannock,"Native American",4,0,0
08/31/2020,Loudoun,"Native American",4,0,0
08/31/2020,Alexandria,"Native American",3,0,0
08/31/2020,"Alleghany and Roanoke","Native American",1,0,0
08/31/2020,Crater,"Native American",5,0,0
08/31/2020,"Rappahannock Rapidan","Native American",1,0,0
08/31/2020,"Lord Fairfax","Native American",2,1,1
08/31/2020,"Pittsylvania-Danville and Southside","Native American",0,0,0
09/01/2020,"Rappahannock Rapidan","Not Reported",619,11,2
09/01/2020,Portsmouth,"Other Race",71,8,3
09/01/2020,"Western Tidewater","Two or more races",25,0,0
09/01/2020,Piedmont,White,448,49,20
09/01/2020,Chesterfield,Latino,1301,84,6
09/01/2020,Lenowisco,White,590,57,9
09/01/2020,Lenowisco,"Two or more races",2,0,0
09/01/2020,Hampton,"Not Reported",555,2,2
09/01/2020,Southside,"Not Reported",475,9,4
09/01/2020,Roanoke,Black,145,13,3
09/01/2020,Hampton,Black,652,37,13
09/01/2020,Alleghany,"Other Race",7,1,0
09/01/2020,Lenowisco,Latino,10,0,0
09/01/2020,Loudoun,"Other Race",160,13,2
09/01/2020,"Central Shenandoah",Latino,966,55,6
09/01/2020,"Rappahannock Rapidan",Latino,765,60,7
09/01/2020,"Eastern Shore",Black,850,97,27
09/01/2020,Norfolk,Latino,299,20,0
09/01/2020,Hampton,"Two or more races",14,0,0
09/01/2020,Richmond,Black,1322,223,29
09/01/2020,Henrico,"Two or more races",35,1,0
09/01/2020,Fairfax,"Two or more races",75,5,0
09/01/2020,Alleghany,"Not Reported",374,2,0
09/01/2020,Portsmouth,"Not Reported",568,4,0
09/01/2020,"Cumberland Plateau","Other Race",2,1,0
09/01/2020,Southside,"Two or more races",23,0,0
09/01/2020,Portsmouth,White,279,22,7
09/01/2020,"Rappahannock Rapidan","Two or more races",27,3,0
09/01/2020,Fairfax,White,3363,473,300
09/01/2020,Fairfax,"Other Race",725,81,18
09/01/2020,Crater,"Two or more races",5,0,0
09/01/2020,"West Piedmont","Not Reported",339,27,3
09/01/2020,Henrico,"Other Race",129,12,0
09/01/2020,"Three Rivers",White,517,43,9
09/01/2020,"Central Virginia",Black,181,23,6
09/01/2020,Lenowisco,"Other Race",7,0,0
09/01/2020,"Three Rivers","Other Race",13,3,0
09/01/2020,"Western Tidewater",White,611,56,45
09/01/2020,"Mount Rogers",Black,52,8,2
09/01/2020,"Three Rivers","Not Reported",201,3,1
09/01/2020,"Thomas Jefferson",Black,460,67,11
09/01/2020,"Eastern Shore",White,239,26,18
09/01/2020,"Central Virginia",White,565,38,11
09/01/2020,Lenowisco,Black,5,1,1
09/01/2020,"Central Virginia","Two or more races",1,0,0
09/01/2020,Richmond,"Two or more races",20,1,0
09/01/2020,Crater,"Not Reported",627,9,5
09/01/2020,Chesterfield,"Two or more races",20,2,0
09/01/2020,"New River",Latino,111,5,0
09/01/2020,Richmond,Latino,1257,102,7
09/01/2020,Portsmouth,Latino,57,12,1
09/01/2020,Pittsylvania-Danville,"Not Reported",548,9,0
09/01/2020,Chesapeake,"Not Reported",896,8,0
09/01/2020,Chickahominy,Latino,81,4,0
09/01/2020,Crater,Black,1670,179,50
09/01/2020,Chesterfield,Black,887,101,26
09/01/2020,Chesterfield,"Other Race",199,9,0
09/01/2020,Peninsula,Black,974,66,18
09/01/2020,Roanoke,White,235,14,12
09/01/2020,"New River",Black,73,3,0
09/01/2020,Southside,Latino,5,0,0
09/01/2020,Peninsula,Latino,297,19,1
09/01/2020,Rappahannock,"Two or more races",31,3,0
09/01/2020,"Virginia Beach",Black,1555,109,17
09/01/2020,"Mount Rogers","Not Reported",110,2,2
09/01/2020,Loudoun,"Not Reported",1866,4,0
09/01/2020,Chesapeake,"Other Race",64,4,1
09/01/2020,Chickahominy,"Two or more races",3,1,0
09/01/2020,Crater,"Other Race",33,0,0
09/01/2020,Norfolk,"Two or more races",43,1,0
09/01/2020,"Eastern Shore","Two or more races",1,1,0
09/01/2020,"Central Shenandoah",White,1866,161,51
09/01/2020,"New River","Other Race",6,0,0
09/01/2020,"New River",White,871,27,9
09/01/2020,"Central Shenandoah","Other Race",56,2,0
09/01/2020,"West Piedmont",Black,394,73,11
09/01/2020,Alleghany,Latino,143,11,0
09/01/2020,"Central Shenandoah","Not Reported",373,3,1
09/01/2020,Roanoke,"Two or more races",2,1,0
09/01/2020,Peninsula,"Two or more races",43,3,0
09/01/2020,Richmond,"Not Reported",645,3,1
09/01/2020,Arlington,"Other Race",85,10,4
09/01/2020,Norfolk,"Not Reported",991,3,0
09/01/2020,Alexandria,"Other Race",69,7,2
09/01/2020,"Virginia Beach",White,2035,156,43
09/01/2020,Chesapeake,"Two or more races",39,2,1
09/01/2020,Alleghany,White,577,42,20
09/01/2020,"Rappahannock Rapidan","Other Race",35,2,0
09/01/2020,Chickahominy,"Not Reported",300,1,1
09/01/2020,Portsmouth,Black,1235,128,24
09/01/2020,Chickahominy,"Other Race",14,2,0
09/01/2020,"Virginia Beach",Latino,364,22,3
09/01/2020,Chesapeake,White,1057,104,22
09/01/2020,Southside,Black,314,34,14
09/01/2020,Rappahannock,Latino,1223,104,8
09/01/2020,"Three Rivers","Two or more races",4,0,0
09/01/2020,Henrico,Black,1488,186,82
09/01/2020,Pittsylvania-Danville,Black,453,48,9
09/01/2020,"Lord Fairfax","Two or more races",11,0,0
09/01/2020,"Prince William",Latino,5630,604,68
09/01/2020,"Mount Rogers","Other Race",7,2,2
09/01/2020,"Central Shenandoah",Black,157,10,4
09/01/2020,Peninsula,White,821,81,32
09/01/2020,"Eastern Shore","Not Reported",84,0,0
09/01/2020,"Thomas Jefferson","Other Race",141,3,3
09/01/2020,Hampton,"Other Race",49,2,0
09/01/2020,"Lord Fairfax","Not Reported",331,2,6
09/01/2020,"Central Virginia","Other Race",16,0,0
09/01/2020,"Western Tidewater","Other Race",62,1,2
09/01/2020,Crater,Latino,181,9,4
09/01/2020,Chesapeake,Latino,257,21,1
09/01/2020,Chesterfield,White,1102,101,67
09/01/2020,"Western Tidewater","Not Reported",870,7,1
09/01/2020,Fairfax,"Not Reported",2358,56,31
09/01/2020,Arlington,Black,366,78,33
09/01/2020,"Central Virginia",Latino,32,3,1
09/01/2020,Alexandria,"Not Reported",220,7,1
09/01/2020,"Three Rivers",Black,397,39,9
09/01/2020,"Prince William","Two or more races",41,1,0
09/01/2020,Loudoun,"Two or more races",43,2,0
09/01/2020,Peninsula,"Other Race",143,4,0
09/01/2020,"Thomas Jefferson",White,973,72,33
09/01/2020,Norfolk,"Other Race",81,3,1
09/01/2020,"Prince William","Not Reported",3979,28,0
09/01/2020,"West Piedmont",White,636,88,17
09/01/2020,Rappahannock,Black,719,83,13
09/01/2020,Roanoke,Latino,340,16,0
09/01/2020,Piedmont,Latino,71,8,1
09/01/2020,Roanoke,"Not Reported",452,1,0
09/01/2020,"Virginia Beach","Other Race",99,2,0
09/01/2020,Arlington,"Two or more races",32,2,0
09/01/2020,Alexandria,White,656,56,33
09/01/2020,"Lord Fairfax","Other Race",71,6,1
09/01/2020,"Thomas Jefferson","Not Reported",216,1,0
09/01/2020,"Virginia Beach","Not Reported",1704,9,3
09/01/2020,Loudoun,Black,272,28,5
09/01/2020,Pittsylvania-Danville,Latino,65,3,0
09/01/2020,"Cumberland Plateau","Not Reported",13,0,0
09/01/2020,Chesterfield,"Not Reported",1958,4,10
09/01/2020,"Mount Rogers",White,1547,163,67
09/01/2020,Richmond,White,534,35,9
09/01/2020,Lenowisco,"Not Reported",109,4,2
09/01/2020,"Three Rivers",Latino,149,5,1
09/01/2020,Piedmont,"Not Reported",713,11,3
09/01/2020,"Mount Rogers",Latino,271,6,0
09/01/2020,"Central Shenandoah","Two or more races",13,1,0
09/01/2020,Crater,White,659,53,17
09/01/2020,Arlington,White,1038,125,66
09/01/2020,Pittsylvania-Danville,"Other Race",0,0,0
09/01/2020,Chickahominy,Black,226,42,12
09/01/2020,Fairfax,Black,1481,233,62
09/01/2020,"Eastern Shore",Latino,261,11,3
09/01/2020,Norfolk,White,732,47,17
09/01/2020,"Mount Rogers","Two or more races",4,0,0
09/01/2020,Alleghany,"Two or more races",4,0,0
09/01/2020,Southside,White,206,26,18
09/01/2020,"Thomas Jefferson","Two or more races",33,0,0
09/01/2020,"Prince William",Black,1274,170,47
09/01/2020,"Lord Fairfax",White,1573,177,72
09/01/2020,"Cumberland Plateau",Latino,5,0,0
09/01/2020,Arlington,"Not Reported",306,3,0
09/01/2020,Rappahannock,"Other Race",93,4,0
09/01/2020,"Rappahannock Rapidan",Black,194,28,6
09/01/2020,"New River","Two or more races",8,0,0
09/01/2020,Arlington,Latino,1561,226,25
09/01/2020,Henrico,White,1178,112,94
09/01/2020,Loudoun,White,1392,116,86
09/01/2020,Hampton,White,226,9,1
09/01/2020,Alleghany,Black,61,5,2
09/01/2020,"Prince William",White,1521,169,85
09/01/2020,Rappahannock,White,1154,122,40
09/01/2020,Southside,"Other Race",12,0,1
09/01/2020,Portsmouth,"Two or more races",8,2,1
09/01/2020,"Western Tidewater",Black,1280,94,42
09/01/2020,Hampton,Latino,53,4,0
09/01/2020,Henrico,"Not Reported",823,4,4
09/01/2020,"West Piedmont","Two or more races",1,0,0
09/01/2020,Peninsula,"Not Reported",1445,2,0
09/01/2020,Loudoun,Latino,1921,175,14
09/01/2020,Alexandria,Black,673,88,15
09/01/2020,Piedmont,Black,457,57,15
09/01/2020,Roanoke,"Other Race",14,0,0
09/01/2020,Alexandria,"Two or more races",19,1,0
09/01/2020,"Western Tidewater",Latino,28,1,1
09/01/2020,Rappahannock,"Not Reported",1196,26,0
09/01/2020,"West Piedmont","Other Race",6,1,1
09/01/2020,Chickahominy,White,610,88,35
09/01/2020,"Thomas Jefferson",Latino,627,27,2
09/01/2020,"Cumberland Plateau",Black,41,0,0
09/01/2020,"Lord Fairfax",Latino,687,45,8
09/01/2020,"West Piedmont",Latino,233,8,1
09/01/2020,"Cumberland Plateau",White,482,47,8
09/01/2020,"Eastern Shore","Other Race",13,1,0
09/01/2020,"Cumberland Plateau","Two or more races",6,0,0
09/01/2020,Pittsylvania-Danville,"Two or more races",1,0,0
09/01/2020,Piedmont,"Other Race",10,0,0
09/01/2020,Alexandria,Latino,1638,129,10
09/01/2020,Chesapeake,Black,1427,180,19
09/01/2020,Richmond,"Other Race",111,7,2
09/01/2020,Henrico,Latino,817,56,9
09/01/2020,Piedmont,"Two or more races",4,2,0
09/01/2020,"Prince William","Other Race",393,15,0
09/01/2020,"New River","Not Reported",244,2,0
09/01/2020,"Rappahannock Rapidan",White,651,47,15
09/01/2020,"Central Virginia","Not Reported",1549,13,1
09/01/2020,"Virginia Beach","Two or more races",51,3,1
09/01/2020,Pittsylvania-Danville,White,321,38,11
09/01/2020,"Lord Fairfax",Black,129,15,6
09/01/2020,Fairfax,Latino,9139,981,91
09/01/2020,Chesterfield,"Asian or Pacific Islander",52,2,1
09/01/2020,Crater,"Asian or Pacific Islander",16,0,0
09/01/2020,Fairfax,"Asian or Pacific Islander",1523,252,71
09/01/2020,Hampton,"Asian or Pacific Islander",11,0,0
09/01/2020,"Rappahannock Rapidan","Asian or Pacific Islander",8,1,0
09/01/2020,"Mount Rogers","Asian or Pacific Islander",3,1,0
09/01/2020,"New River","Asian or Pacific Islander",21,0,0
09/01/2020,"Central Virginia","Asian or Pacific Islander",11,1,0
09/01/2020,"Lord Fairfax","Asian or Pacific Islander",14,0,0
09/01/2020,Southside,"Asian or Pacific Islander",1,0,0
09/01/2020,Alleghany,"Asian or Pacific Islander",16,0,0
09/01/2020,Portsmouth,"Asian or Pacific Islander",13,2,0
09/01/2020,Roanoke,"Asian or Pacific Islander",12,0,0
09/01/2020,Richmond,"Asian or Pacific Islander",31,3,1
09/01/2020,"Thomas Jefferson","Asian or Pacific Islander",38,0,1
09/01/2020,"Virginia Beach","Asian or Pacific Islander",234,20,2
09/01/2020,Henrico,"Asian or Pacific Islander",173,10,4
09/01/2020,Piedmont,"Asian or Pacific Islander",8,0,0
09/01/2020,"Western Tidewater","Asian or Pacific Islander",13,2,0
09/01/2020,"West Piedmont","Asian or Pacific Islander",11,1,1
09/01/2020,Chickahominy,"Asian or Pacific Islander",13,1,0
09/01/2020,Peninsula,"Asian or Pacific Islander",41,4,5
09/01/2020,Norfolk,"Asian or Pacific Islander",57,5,0
09/01/2020,Arlington,"Asian or Pacific Islander",167,22,12
09/01/2020,Loudoun,"Asian or Pacific Islander",349,49,11
09/01/2020,Alexandria,"Asian or Pacific Islander",117,10,1
09/01/2020,Rappahannock,"Asian or Pacific Islander",69,9,1
09/01/2020,Chesapeake,"Asian or Pacific Islander",60,9,4
09/01/2020,"Cumberland Plateau and Lenowisco","Asian or Pacific Islander",1,0,0
09/01/2020,"Central Shenandoah","Asian or Pacific Islander",30,2,0
09/01/2020,"Prince William","Asian or Pacific Islander",429,50,15
09/01/2020,Pittsylvania-Danville,"Asian or Pacific Islander",3,0,0
09/01/2020,"Eastern Shore and Three Rivers","Asian or Pacific Islander",12,1,0
09/01/2020,Piedmont,"Native American",1,0,0
09/01/2020,"New River","Native American",1,0,0
09/01/2020,"Central Shenandoah","Native American",3,1,0
09/01/2020,"Eastern Shore and Three Rivers","Native American",1,0,0
09/01/2020,Fairfax,"Native American",32,1,1
09/01/2020,Chesapeake,"Native American",11,0,0
09/01/2020,"Western Tidewater","Native American",2,0,0
09/01/2020,Portsmouth,"Native American",3,2,0
09/01/2020,Richmond,"Native American",0,0,0
09/01/2020,Chickahominy,"Native American",5,1,0
09/01/2020,"Thomas Jefferson","Native American",2,0,0
09/01/2020,Arlington,"Native American",5,0,0
09/01/2020,"Virginia Beach","Native American",7,0,0
09/01/2020,Peninsula,"Native American",7,2,1
09/01/2020,Hampton,"Native American",2,0,0
09/01/2020,"West Piedmont","Native American",2,0,0
09/01/2020,"Cumberland Plateau, Lenowisco, and Mount Rogers","Native American",1,0,0
09/01/2020,Henrico,"Native American",8,0,0
09/01/2020,Norfolk,"Native American",9,1,1
09/01/2020,"Prince William","Native American",15,1,1
09/01/2020,"Central Virginia","Native American",2,0,0
09/01/2020,Chesterfield,"Native American",5,0,0
09/01/2020,Rappahannock,"Native American",4,0,0
09/01/2020,Loudoun,"Native American",5,0,0
09/01/2020,Alexandria,"Native American",3,0,0
09/01/2020,"Alleghany and Roanoke","Native American",1,0,0
09/01/2020,Crater,"Native American",5,0,0
09/01/2020,"Rappahannock Rapidan","Native American",1,0,0
09/01/2020,"Lord Fairfax","Native American",2,1,1
09/01/2020,"Pittsylvania-Danville and Southside","Native American",0,0,0
09/02/2020,"Rappahannock Rapidan","Not Reported",619,11,2
09/02/2020,Portsmouth,"Other Race",71,8,4
09/02/2020,"Western Tidewater","Two or more races",26,0,0
09/02/2020,Piedmont,White,458,49,20
09/02/2020,Chesterfield,Latino,1303,84,6
09/02/2020,Lenowisco,White,596,58,9
09/02/2020,Lenowisco,"Two or more races",2,0,0
09/02/2020,Hampton,"Not Reported",561,2,2
09/02/2020,Southside,"Not Reported",478,9,4
09/02/2020,Roanoke,Black,148,13,3
09/02/2020,Hampton,Black,652,37,13
09/02/2020,Alleghany,"Other Race",7,1,0
09/02/2020,Lenowisco,Latino,10,0,0
09/02/2020,Loudoun,"Other Race",161,13,2
09/02/2020,"Central Shenandoah",Latino,974,55,6
09/02/2020,"Rappahannock Rapidan",Latino,765,60,7
09/02/2020,"Eastern Shore",Black,850,97,27
09/02/2020,Norfolk,Latino,300,20,0
09/02/2020,Hampton,"Two or more races",14,0,0
09/02/2020,Richmond,Black,1339,223,29
09/02/2020,Henrico,"Two or more races",35,1,0
09/02/2020,Fairfax,"Two or more races",78,5,0
09/02/2020,Alleghany,"Not Reported",362,2,0
09/02/2020,Portsmouth,"Not Reported",564,3,0
09/02/2020,"Cumberland Plateau","Other Race",2,1,0
09/02/2020,Southside,"Two or more races",23,0,0
09/02/2020,Portsmouth,White,282,25,8
09/02/2020,"Rappahannock Rapidan","Two or more races",27,3,0
09/02/2020,Fairfax,White,3393,473,301
09/02/2020,Fairfax,"Other Race",726,82,18
09/02/2020,Crater,"Two or more races",5,0,0
09/02/2020,"West Piedmont","Not Reported",347,28,3
09/02/2020,Henrico,"Other Race",129,12,0
09/02/2020,"Three Rivers",White,519,43,9
09/02/2020,"Central Virginia",Black,184,24,6
09/02/2020,Lenowisco,"Other Race",7,0,0
09/02/2020,"Three Rivers","Other Race",13,3,0
09/02/2020,"Western Tidewater",White,611,56,47
09/02/2020,"Mount Rogers",Black,53,8,2
09/02/2020,"Three Rivers","Not Reported",203,3,1
09/02/2020,"Thomas Jefferson",Black,460,67,13
09/02/2020,"Eastern Shore",White,239,26,18
09/02/2020,"Central Virginia",White,592,39,11
09/02/2020,Lenowisco,Black,5,1,1
09/02/2020,"Central Virginia","Two or more races",1,0,0
09/02/2020,Richmond,"Two or more races",21,1,0
09/02/2020,Crater,"Not Reported",627,9,5
09/02/2020,Chesterfield,"Two or more races",21,2,0
09/02/2020,"New River",Latino,115,5,0
09/02/2020,Richmond,Latino,1258,102,7
09/02/2020,Portsmouth,Latino,58,12,1
09/02/2020,Pittsylvania-Danville,"Not Reported",558,9,0
09/02/2020,Chesapeake,"Not Reported",893,8,0
09/02/2020,Chickahominy,Latino,82,4,0
09/02/2020,Crater,Black,1691,182,51
09/02/2020,Chesterfield,Black,894,101,26
09/02/2020,Chesterfield,"Other Race",200,10,0
09/02/2020,Peninsula,Black,979,66,18
09/02/2020,Roanoke,White,237,14,12
09/02/2020,"New River",Black,80,3,0
09/02/2020,Southside,Latino,5,0,0
09/02/2020,Peninsula,Latino,297,19,1
09/02/2020,Rappahannock,"Two or more races",32,3,0
09/02/2020,"Virginia Beach",Black,1565,110,17
09/02/2020,"Mount Rogers","Not Reported",107,2,2
09/02/2020,Loudoun,"Not Reported",1876,4,0
09/02/2020,Chesapeake,"Other Race",64,4,1
09/02/2020,Chickahominy,"Two or more races",3,1,0
09/02/2020,Crater,"Other Race",33,0,0
09/02/2020,Norfolk,"Two or more races",46,2,0
09/02/2020,"Eastern Shore","Two or more races",1,1,0
09/02/2020,"Central Shenandoah",White,1907,162,51
09/02/2020,"New River","Other Race",7,0,0
09/02/2020,"New River",White,941,27,9
09/02/2020,"Central Shenandoah","Other Race",55,2,0
09/02/2020,"West Piedmont",Black,395,74,11
09/02/2020,Alleghany,Latino,144,11,0
09/02/2020,"Central Shenandoah","Not Reported",409,3,1
09/02/2020,Roanoke,"Two or more races",2,1,0
09/02/2020,Peninsula,"Two or more races",45,3,0
09/02/2020,Richmond,"Not Reported",653,2,1
09/02/2020,Arlington,"Other Race",85,10,4
09/02/2020,Norfolk,"Not Reported",994,3,0
09/02/2020,Alexandria,"Other Race",71,7,2
09/02/2020,"Virginia Beach",White,2048,156,44
09/02/2020,Chesapeake,"Two or more races",40,2,1
09/02/2020,Alleghany,White,589,42,20
09/02/2020,"Rappahannock Rapidan","Other Race",35,2,0
09/02/2020,Chickahominy,"Not Reported",301,1,1
09/02/2020,Portsmouth,Black,1243,132,27
09/02/2020,Chickahominy,"Other Race",14,2,0
09/02/2020,"Virginia Beach",Latino,367,22,3
09/02/2020,Chesapeake,White,1062,104,23
09/02/2020,Southside,Black,324,34,14
09/02/2020,Rappahannock,Latino,1229,104,8
09/02/2020,"Three Rivers","Two or more races",4,0,0
09/02/2020,Henrico,Black,1494,186,83
09/02/2020,Pittsylvania-Danville,Black,454,50,9
09/02/2020,"Lord Fairfax","Two or more races",11,0,0
09/02/2020,"Prince William",Latino,5665,604,68
09/02/2020,"Mount Rogers","Other Race",7,2,2
09/02/2020,"Central Shenandoah",Black,159,10,4
09/02/2020,Peninsula,White,821,81,33
09/02/2020,"Eastern Shore","Not Reported",84,0,0
09/02/2020,"Thomas Jefferson","Other Race",139,3,1
09/02/2020,Hampton,"Other Race",49,2,0
09/02/2020,"Lord Fairfax","Not Reported",324,2,6
09/02/2020,"Central Virginia","Other Race",16,0,0
09/02/2020,"Western Tidewater","Other Race",62,1,2
09/02/2020,Crater,Latino,181,9,4
09/02/2020,Chesapeake,Latino,260,22,1
09/02/2020,Chesterfield,White,1111,101,67
09/02/2020,"Western Tidewater","Not Reported",884,7,1
09/02/2020,Fairfax,"Not Reported",2376,57,31
09/02/2020,Arlington,Black,368,78,33
09/02/2020,"Central Virginia",Latino,34,3,1
09/02/2020,Alexandria,"Not Reported",218,7,1
09/02/2020,"Three Rivers",Black,401,39,9
09/02/2020,"Prince William","Two or more races",45,1,0
09/02/2020,Loudoun,"Two or more races",43,2,0
09/02/2020,Peninsula,"Other Race",145,4,0
09/02/2020,"Thomas Jefferson",White,994,72,36
09/02/2020,Norfolk,"Other Race",81,3,1
09/02/2020,"Prince William","Not Reported",3965,28,0
09/02/2020,"West Piedmont",White,646,88,19
09/02/2020,Rappahannock,Black,724,83,13
09/02/2020,Norfolk,Black,2203,208,37
09/02/2020,Roanoke,Latino,340,16,0
09/02/2020,Piedmont,Latino,72,8,1
09/02/2020,Roanoke,"Not Reported",449,1,0
09/02/2020,"Virginia Beach","Other Race",100,2,0
09/02/2020,Arlington,"Two or more races",34,2,0
09/02/2020,Alexandria,White,658,56,33
09/02/2020,"Lord Fairfax","Other Race",73,6,1
09/02/2020,"Thomas Jefferson","Not Reported",221,1,0
09/02/2020,"Virginia Beach","Not Reported",1707,10,3
09/02/2020,Loudoun,Black,275,28,5
09/02/2020,Pittsylvania-Danville,Latino,65,3,0
09/02/2020,"Cumberland Plateau","Not Reported",13,0,0
09/02/2020,Chesterfield,"Not Reported",1980,4,10
09/02/2020,"Mount Rogers",White,1591,168,68
09/02/2020,Richmond,White,536,36,9
09/02/2020,Lenowisco,"Not Reported",110,4,2
09/02/2020,"Three Rivers",Latino,149,5,1
09/02/2020,Piedmont,"Not Reported",714,11,3
09/02/2020,"Mount Rogers",Latino,271,6,0
09/02/2020,"Central Shenandoah","Two or more races",14,1,0
09/02/2020,Crater,White,670,53,17
09/02/2020,Arlington,White,1043,127,67
09/02/2020,Pittsylvania-Danville,"Other Race",0,0,0
09/02/2020,Chickahominy,Black,227,43,12
09/02/2020,Fairfax,Black,1491,233,62
09/02/2020,"Eastern Shore",Latino,261,11,3
09/02/2020,Norfolk,White,739,49,18
09/02/2020,"Mount Rogers","Two or more races",5,0,0
09/02/2020,Alleghany,"Two or more races",4,0,0
09/02/2020,Southside,White,209,28,18
09/02/2020,"Thomas Jefferson","Two or more races",33,0,0
09/02/2020,"Prince William",Black,1284,170,48
09/02/2020,"Lord Fairfax",White,1586,179,75
09/02/2020,"Cumberland Plateau",Latino,5,0,0
09/02/2020,Arlington,"Not Reported",295,3,0
09/02/2020,Rappahannock,"Other Race",93,4,0
09/02/2020,"Rappahannock Rapidan",Black,196,28,6
09/02/2020,"New River","Two or more races",10,0,0
09/02/2020,Arlington,Latino,1571,227,25
09/02/2020,Henrico,White,1182,112,94
09/02/2020,Loudoun,White,1409,118,86
09/02/2020,Hampton,White,228,9,1
09/02/2020,Alleghany,Black,63,6,2
09/02/2020,"Prince William",White,1534,170,86
09/02/2020,Rappahannock,White,1166,123,41
09/02/2020,Southside,"Other Race",12,0,1
09/02/2020,Portsmouth,"Two or more races",8,2,1
09/02/2020,"Western Tidewater",Black,1288,94,42
09/02/2020,Hampton,Latino,53,4,0
09/02/2020,Henrico,"Not Reported",829,4,4
09/02/2020,"West Piedmont","Two or more races",1,0,0
09/02/2020,Peninsula,"Not Reported",1468,2,0
09/02/2020,Loudoun,Latino,1932,175,14
09/02/2020,Alexandria,Black,688,89,15
09/02/2020,Piedmont,Black,458,57,15
09/02/2020,Roanoke,"Other Race",14,0,0
09/02/2020,Alexandria,"Two or more races",19,1,0
09/02/2020,"Western Tidewater",Latino,28,1,1
09/02/2020,Rappahannock,"Not Reported",1203,26,0
09/02/2020,"West Piedmont","Other Race",7,1,1
09/02/2020,Chickahominy,White,615,90,35
09/02/2020,"Thomas Jefferson",Latino,628,27,2
09/02/2020,"Cumberland Plateau",Black,42,0,0
09/02/2020,"Lord Fairfax",Latino,691,45,8
09/02/2020,"West Piedmont",Latino,233,8,1
09/02/2020,"Cumberland Plateau",White,485,47,8
09/02/2020,"Eastern Shore","Other Race",13,1,0
09/02/2020,"Cumberland Plateau","Two or more races",6,0,0
09/02/2020,Pittsylvania-Danville,"Two or more races",1,0,0
09/02/2020,Piedmont,"Other Race",10,0,0
09/02/2020,Alexandria,Latino,1640,129,10
09/02/2020,Chesapeake,Black,1435,185,19
09/02/2020,Richmond,"Other Race",110,6,2
09/02/2020,Henrico,Latino,818,56,9
09/02/2020,Piedmont,"Two or more races",4,2,0
09/02/2020,"Prince William","Other Race",388,16,0
09/02/2020,"New River","Not Reported",270,2,0
09/02/2020,"Rappahannock Rapidan",White,659,47,16
09/02/2020,"Central Virginia","Not Reported",1544,13,1
09/02/2020,"Virginia Beach","Two or more races",51,3,1
09/02/2020,Pittsylvania-Danville,White,326,38,11
09/02/2020,"Lord Fairfax",Black,131,15,6
09/02/2020,Fairfax,Latino,9162,983,91
09/02/2020,Chesterfield,"Asian or Pacific Islander",52,2,1
09/02/2020,Crater,"Asian or Pacific Islander",16,0,0
09/02/2020,Fairfax,"Asian or Pacific Islander",1535,252,71
09/02/2020,Hampton,"Asian or Pacific Islander",11,0,0
09/02/2020,"Rappahannock Rapidan","Asian or Pacific Islander",8,1,0
09/02/2020,"Mount Rogers","Asian or Pacific Islander",3,1,0
09/02/2020,"New River","Asian or Pacific Islander",22,0,0
09/02/2020,"Central Virginia","Asian or Pacific Islander",11,1,0
09/02/2020,"Lord Fairfax","Asian or Pacific Islander",14,0,0
09/02/2020,Southside,"Asian or Pacific Islander",1,0,0
09/02/2020,Alleghany,"Asian or Pacific Islander",16,0,0
09/02/2020,Portsmouth,"Asian or Pacific Islander",13,2,0
09/02/2020,Roanoke,"Asian or Pacific Islander",12,0,0
09/02/2020,Richmond,"Asian or Pacific Islander",33,3,1
09/02/2020,"Thomas Jefferson","Asian or Pacific Islander",38,0,1
09/02/2020,"Virginia Beach","Asian or Pacific Islander",236,21,2
09/02/2020,Henrico,"Asian or Pacific Islander",175,10,4
09/02/2020,Piedmont,"Asian or Pacific Islander",8,0,0
09/02/2020,"Western Tidewater","Asian or Pacific Islander",13,2,0
09/02/2020,"West Piedmont","Asian or Pacific Islander",11,1,1
09/02/2020,Chickahominy,"Asian or Pacific Islander",13,1,0
09/02/2020,Peninsula,"Asian or Pacific Islander",41,4,5
09/02/2020,Norfolk,"Asian or Pacific Islander",57,5,0
09/02/2020,Arlington,"Asian or Pacific Islander",168,22,12
09/02/2020,Loudoun,"Asian or Pacific Islander",352,49,11
09/02/2020,Alexandria,"Asian or Pacific Islander",118,11,1
09/02/2020,Rappahannock,"Asian or Pacific Islander",69,9,1
09/02/2020,Chesapeake,"Asian or Pacific Islander",61,9,4
09/02/2020,"Cumberland Plateau and Lenowisco","Asian or Pacific Islander",1,0,0
09/02/2020,"Central Shenandoah","Asian or Pacific Islander",30,2,0
09/02/2020,"Prince William","Asian or Pacific Islander",432,51,15
09/02/2020,Pittsylvania-Danville,"Asian or Pacific Islander",3,0,0
09/02/2020,"Eastern Shore and Three Rivers","Asian or Pacific Islander",12,1,0
09/02/2020,Piedmont,"Native American",1,0,0
09/02/2020,"New River","Native American",1,0,0
09/02/2020,"Central Shenandoah","Native American",3,1,0
09/02/2020,"Eastern Shore and Three Rivers","Native American",1,0,0
09/02/2020,Fairfax,"Native American",32,1,1
09/02/2020,Chesapeake,"Native American",11,0,0
09/02/2020,"Western Tidewater","Native American",2,0,0
09/02/2020,Portsmouth,"Native American",3,2,0
09/02/2020,Richmond,"Native American",0,0,0
09/02/2020,Chickahominy,"Native American",5,1,0
09/02/2020,"Thomas Jefferson","Native American",2,0,0
09/02/2020,Arlington,"Native American",5,0,0
09/02/2020,"Virginia Beach","Native American",7,0,0
09/02/2020,Peninsula,"Native American",7,2,1
09/02/2020,Hampton,"Native American",2,0,0
09/02/2020,"West Piedmont","Native American",2,0,0
09/02/2020,"Cumberland Plateau, Lenowisco, and Mount Rogers","Native American",1,0,0
09/02/2020,Henrico,"Native American",8,0,0
09/02/2020,Norfolk,"Native American",9,1,1
09/02/2020,"Prince William","Native American",15,1,1
09/02/2020,"Central Virginia","Native American",3,0,0
09/02/2020,Chesterfield,"Native American",5,0,0
09/02/2020,Rappahannock,"Native American",4,0,0
09/02/2020,Loudoun,"Native American",5,0,0
09/02/2020,Alexandria,"Native American",3,0,0
09/02/2020,"Alleghany and Roanoke","Native American",1,0,0
09/02/2020,Crater,"Native American",5,0,0
09/02/2020,"Rappahannock Rapidan","Native American",1,0,0
09/02/2020,"Lord Fairfax","Native American",2,1,1
09/02/2020,"Pittsylvania-Danville and Southside","Native American",0,0,0
09/03/2020,"Rappahannock Rapidan","Not Reported",619,11,2
09/03/2020,Portsmouth,"Other Race",71,9,4
09/03/2020,"Western Tidewater","Two or more races",26,0,0
09/03/2020,Piedmont,White,460,49,20
09/03/2020,Chesterfield,Latino,1309,84,6
09/03/2020,Lenowisco,White,609,60,9
09/03/2020,Lenowisco,"Two or more races",2,0,0
09/03/2020,Hampton,"Not Reported",575,2,2
09/03/2020,Southside,"Not Reported",478,9,4
09/03/2020,Roanoke,Black,150,13,3
09/03/2020,Hampton,Black,656,37,13
09/03/2020,Alleghany,"Other Race",7,1,0
09/03/2020,Lenowisco,Latino,10,0,0
09/03/2020,Loudoun,"Other Race",163,13,2
09/03/2020,"Central Shenandoah",Latino,979,55,6
09/03/2020,"Rappahannock Rapidan",Latino,765,61,7
09/03/2020,"Eastern Shore",Black,850,97,27
09/03/2020,Norfolk,Latino,303,20,0
09/03/2020,Hampton,"Two or more races",14,0,0
09/03/2020,Richmond,Black,1375,226,29
09/03/2020,Henrico,"Two or more races",36,1,0
09/03/2020,Fairfax,"Two or more races",79,5,0
09/03/2020,Alleghany,"Not Reported",358,2,0
09/03/2020,Portsmouth,"Not Reported",554,3,0
09/03/2020,"Cumberland Plateau","Other Race",2,1,0
09/03/2020,Southside,"Two or more races",23,0,0
09/03/2020,Portsmouth,White,287,25,8
09/03/2020,"Rappahannock Rapidan","Two or more races",27,3,0
09/03/2020,Fairfax,White,3440,473,301
09/03/2020,Fairfax,"Other Race",724,83,18
09/03/2020,Crater,"Two or more races",6,0,0
09/03/2020,"West Piedmont","Not Reported",347,27,3
09/03/2020,Henrico,"Other Race",134,12,0
09/03/2020,"Three Rivers",White,529,43,9
09/03/2020,"Central Virginia",Black,187,25,6
09/03/2020,Lenowisco,"Other Race",7,0,0
09/03/2020,"Three Rivers","Other Race",14,3,0
09/03/2020,"Western Tidewater",White,613,56,47
09/03/2020,"Mount Rogers",Black,53,8,2
09/03/2020,"Three Rivers","Not Reported",205,3,1
09/09/2020,Fairfax,White,3582,478,303
09/03/2020,"Thomas Jefferson",Black,463,67,13
09/03/2020,"Eastern Shore",White,243,26,18
09/03/2020,"Central Virginia",White,611,40,11
09/03/2020,Lenowisco,Black,5,1,1
09/03/2020,"Central Virginia","Two or more races",1,0,0
09/03/2020,Richmond,"Two or more races",24,1,0
09/03/2020,Crater,"Not Reported",629,9,5
09/03/2020,Chesterfield,"Two or more races",21,2,0
09/03/2020,"New River",Latino,119,5,0
09/03/2020,Richmond,Latino,1262,102,7
09/03/2020,Portsmouth,Latino,58,12,1
09/03/2020,Pittsylvania-Danville,"Not Reported",556,10,0
09/03/2020,Chesapeake,"Not Reported",897,8,0
09/03/2020,Chickahominy,Latino,82,4,0
09/03/2020,Crater,Black,1711,181,51
09/03/2020,Chesterfield,Black,904,101,26
09/03/2020,Chesterfield,"Other Race",199,10,0
09/03/2020,Peninsula,Black,988,66,18
09/03/2020,Roanoke,White,237,14,12
09/03/2020,"New River",Black,85,3,0
09/03/2020,Southside,Latino,5,0,0
09/03/2020,Peninsula,Latino,298,19,1
09/03/2020,Rappahannock,"Two or more races",32,3,0
09/03/2020,"Virginia Beach",Black,1571,111,17
09/03/2020,"Mount Rogers","Not Reported",109,2,2
09/03/2020,Loudoun,"Not Reported",1807,4,0
09/03/2020,Chesapeake,"Other Race",65,4,1
09/03/2020,Chickahominy,"Two or more races",4,1,0
09/03/2020,Crater,"Other Race",35,0,0
09/03/2020,Norfolk,"Two or more races",47,1,0
09/03/2020,"Eastern Shore","Two or more races",1,1,0
09/03/2020,"Central Shenandoah",White,1955,163,51
09/03/2020,"New River","Other Race",7,0,0
09/03/2020,"New River",White,1008,27,9
09/03/2020,"Central Shenandoah","Other Race",58,2,0
09/03/2020,"West Piedmont",Black,402,75,11
09/03/2020,Alleghany,Latino,146,11,0
09/03/2020,"Central Shenandoah","Not Reported",416,3,1
09/03/2020,Roanoke,"Two or more races",2,1,0
09/03/2020,Peninsula,"Two or more races",46,3,0
09/03/2020,Richmond,"Not Reported",667,2,1
09/03/2020,Arlington,"Other Race",86,10,4
09/03/2020,Norfolk,"Not Reported",988,4,0
09/03/2020,Alexandria,"Other Race",72,7,2
09/03/2020,"Virginia Beach",White,2062,156,44
09/03/2020,Chesapeake,"Two or more races",41,2,1
09/03/2020,Alleghany,White,611,42,20
09/03/2020,"Rappahannock Rapidan","Other Race",35,2,0
09/03/2020,Chickahominy,"Not Reported",303,1,1
09/03/2020,Portsmouth,Black,1264,133,28
09/03/2020,Chickahominy,"Other Race",15,2,0
09/03/2020,"Virginia Beach",Latino,367,22,3
09/03/2020,Chesapeake,White,1072,105,23
09/03/2020,Southside,Black,338,34,14
09/03/2020,Rappahannock,Latino,1236,104,8
09/03/2020,"Three Rivers","Two or more races",4,0,0
09/03/2020,Henrico,Black,1501,187,83
09/03/2020,Pittsylvania-Danville,Black,472,53,9
09/03/2020,"Lord Fairfax","Two or more races",11,0,0
09/03/2020,"Prince William",Latino,5694,606,68
09/03/2020,"Mount Rogers","Other Race",7,2,2
09/03/2020,"Central Shenandoah",Black,161,10,4
09/03/2020,Peninsula,White,826,81,33
09/03/2020,"Eastern Shore","Not Reported",84,0,0
09/03/2020,"Thomas Jefferson","Other Race",140,3,1
09/03/2020,Hampton,"Other Race",49,2,0
09/03/2020,"Lord Fairfax","Not Reported",324,2,6
09/03/2020,"Central Virginia","Other Race",16,0,0
09/03/2020,"Western Tidewater","Other Race",62,1,2
09/03/2020,Crater,Latino,181,9,4
09/03/2020,Chesapeake,Latino,261,22,1
09/03/2020,Chesterfield,White,1124,101,67
09/16/2020,Henrico,Black,1609,197,86
09/03/2020,"Western Tidewater","Not Reported",905,7,1
09/03/2020,Fairfax,"Not Reported",2322,56,31
09/03/2020,Arlington,Black,367,78,33
09/03/2020,"Central Virginia",Latino,34,3,1
09/03/2020,Alexandria,"Not Reported",217,7,1
09/03/2020,"Three Rivers",Black,407,39,9
09/03/2020,"Prince William","Two or more races",46,1,0
09/03/2020,Loudoun,"Two or more races",43,2,0
09/03/2020,Peninsula,"Other Race",146,4,0
09/03/2020,"Thomas Jefferson",White,1035,73,39
09/03/2020,Norfolk,"Other Race",80,3,1
09/03/2020,"Prince William","Not Reported",3997,28,0
09/03/2020,"West Piedmont",White,659,88,19
09/03/2020,Rappahannock,Black,732,83,13
09/03/2020,Norfolk,Black,2215,216,39
09/03/2020,Roanoke,Latino,340,16,0
09/03/2020,Piedmont,Latino,72,8,1
09/03/2020,Roanoke,"Not Reported",438,1,0
09/03/2020,"Virginia Beach","Other Race",99,2,0
09/03/2020,Arlington,"Two or more races",34,2,0
09/03/2020,Alexandria,White,663,57,33
09/03/2020,"Lord Fairfax","Other Race",71,6,1
09/03/2020,"Thomas Jefferson","Not Reported",223,1,0
09/03/2020,"Virginia Beach","Not Reported",1727,10,3
09/03/2020,Loudoun,Black,278,28,5
09/03/2020,Pittsylvania-Danville,Latino,65,3,0
09/03/2020,"Cumberland Plateau","Not Reported",15,0,0
09/03/2020,Chesterfield,"Not Reported",1989,4,10
09/03/2020,"Mount Rogers",White,1623,170,69
09/03/2020,Richmond,White,554,36,9
09/03/2020,Lenowisco,"Not Reported",110,4,2
09/03/2020,"Three Rivers",Latino,149,5,1
09/03/2020,Piedmont,"Not Reported",717,11,4
09/03/2020,"Mount Rogers",Latino,272,6,0
09/03/2020,"Central Shenandoah","Two or more races",15,1,0
09/03/2020,Crater,White,677,54,18
09/03/2020,Arlington,White,1046,128,67
09/03/2020,Pittsylvania-Danville,"Other Race",0,0,0
09/03/2020,Chickahominy,Black,232,43,12
09/03/2020,Fairfax,Black,1507,236,62
09/03/2020,"Eastern Shore",Latino,260,11,3
09/03/2020,Norfolk,White,750,49,18
09/03/2020,"Mount Rogers","Two or more races",5,0,0
09/03/2020,Alleghany,"Two or more races",4,0,0
09/03/2020,Southside,White,211,28,18
09/03/2020,"Thomas Jefferson","Two or more races",33,0,0
09/03/2020,"Prince William",Black,1290,171,48
09/03/2020,"Lord Fairfax",White,1590,180,75
09/03/2020,"Cumberland Plateau",Latino,5,0,0
09/03/2020,Arlington,"Not Reported",305,3,0
09/03/2020,Rappahannock,"Other Race",95,4,0
09/03/2020,"Rappahannock Rapidan",Black,196,28,6
09/03/2020,"New River","Two or more races",12,0,0
09/03/2020,Arlington,Latino,1576,227,25
09/03/2020,Henrico,White,1187,113,94
09/03/2020,Loudoun,White,1420,118,86
09/03/2020,Hampton,White,229,9,1
09/03/2020,Alleghany,Black,65,6,2
09/03/2020,"Prince William",White,1542,171,86
09/03/2020,Rappahannock,White,1175,125,40
09/03/2020,Southside,"Other Race",12,0,1
09/03/2020,Portsmouth,"Two or more races",8,2,1
09/03/2020,"Western Tidewater",Black,1312,94,42
09/03/2020,Hampton,Latino,53,4,0
09/03/2020,Henrico,"Not Reported",842,4,4
09/03/2020,"West Piedmont","Two or more races",1,0,0
09/03/2020,Peninsula,"Not Reported",1500,2,0
09/03/2020,Loudoun,Latino,1999,177,14
09/03/2020,Alexandria,Black,694,89,15
09/03/2020,Piedmont,Black,461,57,15
09/03/2020,Roanoke,"Other Race",15,0,0
09/03/2020,Alexandria,"Two or more races",21,1,0
09/03/2020,"Western Tidewater",Latino,28,1,1
09/03/2020,Rappahannock,"Not Reported",1208,26,0
09/03/2020,"West Piedmont","Other Race",7,1,1
09/03/2020,Chickahominy,White,626,90,35
09/03/2020,"Thomas Jefferson",Latino,628,27,2
09/03/2020,"Cumberland Plateau",Black,42,0,0
09/03/2020,"Lord Fairfax",Latino,695,46,8
09/03/2020,"West Piedmont",Latino,235,8,1
09/03/2020,"Cumberland Plateau",White,487,47,9
09/03/2020,"Eastern Shore","Other Race",13,1,0
09/03/2020,"Cumberland Plateau","Two or more races",6,0,0
09/03/2020,Pittsylvania-Danville,"Two or more races",1,0,0
09/03/2020,Piedmont,"Other Race",10,0,0
09/03/2020,Alexandria,Latino,1647,129,10
09/03/2020,Chesapeake,Black,1451,189,19
09/03/2020,Richmond,"Other Race",111,6,2
09/03/2020,Henrico,Latino,820,56,9
09/03/2020,Piedmont,"Two or more races",4,2,0
09/03/2020,"Prince William","Other Race",393,16,1
09/03/2020,"New River","Not Reported",276,2,0
09/03/2020,"Rappahannock Rapidan",White,672,48,16
09/03/2020,"Central Virginia","Not Reported",1571,12,1
09/03/2020,"Virginia Beach","Two or more races",53,4,1
09/03/2020,Pittsylvania-Danville,White,340,38,11
09/03/2020,"Lord Fairfax",Black,133,15,6
09/03/2020,Fairfax,Latino,9210,992,91
09/03/2020,Chesterfield,"Asian or Pacific Islander",55,2,1
09/03/2020,Crater,"Asian or Pacific Islander",16,0,0
09/03/2020,Fairfax,"Asian or Pacific Islander",1544,254,72
09/03/2020,Hampton,"Asian or Pacific Islander",11,0,0
09/03/2020,"Rappahannock Rapidan","Asian or Pacific Islander",8,1,0
09/03/2020,"Mount Rogers","Asian or Pacific Islander",3,1,0
09/03/2020,"New River","Asian or Pacific Islander",26,0,0
09/03/2020,"Central Virginia","Asian or Pacific Islander",11,1,0
09/03/2020,"Lord Fairfax","Asian or Pacific Islander",14,0,0
09/03/2020,Southside,"Asian or Pacific Islander",1,0,0
09/03/2020,Alleghany,"Asian or Pacific Islander",16,0,0
09/03/2020,Portsmouth,"Asian or Pacific Islander",13,2,0
09/03/2020,Roanoke,"Asian or Pacific Islander",16,1,0
09/03/2020,Richmond,"Asian or Pacific Islander",34,3,1
09/03/2020,"Thomas Jefferson","Asian or Pacific Islander",38,0,1
09/03/2020,"Virginia Beach","Asian or Pacific Islander",242,21,2
09/03/2020,Henrico,"Asian or Pacific Islander",179,10,4
09/03/2020,Piedmont,"Asian or Pacific Islander",8,0,0
09/03/2020,"Western Tidewater","Asian or Pacific Islander",13,2,0
09/03/2020,"West Piedmont","Asian or Pacific Islander",11,1,1
09/03/2020,Chickahominy,"Asian or Pacific Islander",13,1,0
09/03/2020,Peninsula,"Asian or Pacific Islander",41,4,5
09/03/2020,Norfolk,"Asian or Pacific Islander",58,6,0
09/03/2020,Arlington,"Asian or Pacific Islander",168,22,12
09/03/2020,Loudoun,"Asian or Pacific Islander",362,49,11
09/03/2020,Alexandria,"Asian or Pacific Islander",119,11,1
09/03/2020,Rappahannock,"Asian or Pacific Islander",70,9,1
09/03/2020,Chesapeake,"Asian or Pacific Islander",61,9,4
09/03/2020,"Cumberland Plateau and Lenowisco","Asian or Pacific Islander",1,0,0
09/03/2020,"Central Shenandoah","Asian or Pacific Islander",33,2,0
09/03/2020,"Prince William","Asian or Pacific Islander",436,51,15
09/03/2020,Pittsylvania-Danville,"Asian or Pacific Islander",3,0,0
09/03/2020,"Eastern Shore and Three Rivers","Asian or Pacific Islander",12,1,0
09/03/2020,Piedmont,"Native American",1,0,0
09/03/2020,"New River","Native American",1,0,0
09/03/2020,"Central Shenandoah","Native American",3,1,0
09/03/2020,"Eastern Shore and Three Rivers","Native American",1,0,0
09/03/2020,Fairfax,"Native American",32,1,1
09/03/2020,Chesapeake,"Native American",11,0,0
09/03/2020,"Western Tidewater","Native American",2,0,0
09/03/2020,Portsmouth,"Native American",3,2,0
09/03/2020,Richmond,"Native American",0,0,0
09/03/2020,Chickahominy,"Native American",5,1,0
09/03/2020,"Thomas Jefferson","Native American",2,0,0
09/03/2020,Arlington,"Native American",5,0,0
09/03/2020,"Virginia Beach","Native American",7,0,0
09/03/2020,Peninsula,"Native American",7,2,1
09/03/2020,Hampton,"Native American",2,0,0
09/03/2020,"West Piedmont","Native American",2,0,0
09/03/2020,"Cumberland Plateau, Lenowisco, and Mount Rogers","Native American",1,0,0
09/03/2020,Henrico,"Native American",8,0,0
09/03/2020,Norfolk,"Native American",9,1,1
09/03/2020,"Prince William","Native American",16,1,1
09/03/2020,"Central Virginia","Native American",3,0,0
09/03/2020,Chesterfield,"Native American",5,0,0
09/03/2020,Rappahannock,"Native American",4,0,0
09/03/2020,Loudoun,"Native American",5,0,0
09/03/2020,Alexandria,"Native American",3,0,0
09/03/2020,"Alleghany and Roanoke","Native American",1,0,0
09/03/2020,Crater,"Native American",5,0,0
09/03/2020,"Rappahannock Rapidan","Native American",1,0,0
09/03/2020,"Lord Fairfax","Native American",2,1,1
09/03/2020,"Pittsylvania-Danville and Southside","Native American",0,0,0
09/04/2020,"Rappahannock Rapidan","Not Reported",621,11,2
09/04/2020,Portsmouth,"Other Race",71,9,4
09/04/2020,"Western Tidewater","Two or more races",26,0,0
09/04/2020,Piedmont,White,464,49,20
09/04/2020,Chesterfield,Latino,1313,84,6
09/04/2020,Lenowisco,White,621,61,9
09/04/2020,Lenowisco,"Two or more races",2,0,0
09/04/2020,Hampton,"Not Reported",582,2,2
09/04/2020,Southside,"Not Reported",482,9,4
09/04/2020,Roanoke,Black,156,15,3
09/04/2020,Hampton,Black,660,37,13
09/04/2020,Alleghany,"Other Race",7,1,0
09/04/2020,Lenowisco,Latino,10,0,0
09/04/2020,Loudoun,"Other Race",164,13,2
09/04/2020,"Central Shenandoah",Latino,986,55,6
09/04/2020,"Rappahannock Rapidan",Latino,768,61,7
09/04/2020,"Eastern Shore",Black,850,97,27
09/04/2020,Norfolk,Latino,304,20,0
09/04/2020,Hampton,"Two or more races",14,0,0
09/04/2020,Richmond,Black,1384,228,29
09/04/2020,Henrico,"Two or more races",38,1,0
09/04/2020,Fairfax,"Two or more races",81,5,0
09/04/2020,Alleghany,"Not Reported",369,2,0
09/04/2020,Portsmouth,"Not Reported",545,3,0
09/04/2020,"Cumberland Plateau","Other Race",2,1,0
09/04/2020,Southside,"Two or more races",23,0,0
09/04/2020,Portsmouth,White,290,26,8
09/04/2020,"Rappahannock Rapidan","Two or more races",27,3,0
09/04/2020,Fairfax,White,3479,475,301
09/04/2020,Fairfax,"Other Race",730,82,18
09/04/2020,Crater,"Two or more races",6,0,0
09/04/2020,"West Piedmont","Not Reported",340,28,3
09/04/2020,Henrico,"Other Race",140,12,0
09/04/2020,"Three Rivers",White,528,43,9
09/04/2020,"Central Virginia",Black,194,25,6
09/04/2020,Lenowisco,"Other Race",7,0,0
09/04/2020,"Three Rivers","Other Race",14,3,0
09/04/2020,"Western Tidewater",White,622,57,48
09/04/2020,"Mount Rogers",Black,53,8,2
09/04/2020,"Three Rivers","Not Reported",216,3,1
09/04/2020,"Thomas Jefferson",Black,464,67,13
09/04/2020,"Eastern Shore",White,243,26,18
09/04/2020,"Central Virginia",White,635,42,11
09/04/2020,Lenowisco,Black,5,1,1
09/04/2020,"Central Virginia","Two or more races",1,0,0
09/04/2020,Richmond,"Two or more races",27,1,0
09/04/2020,Crater,"Not Reported",640,9,5
09/04/2020,Chesterfield,"Two or more races",22,3,0
09/04/2020,"New River",Latino,122,5,0
09/04/2020,Richmond,Latino,1263,104,7
09/04/2020,Portsmouth,Latino,59,12,1
09/04/2020,Pittsylvania-Danville,"Not Reported",581,10,0
09/04/2020,Chesapeake,"Not Reported",897,8,0
09/04/2020,Chickahominy,Latino,82,4,0
09/04/2020,Crater,Black,1723,180,51
09/04/2020,Chesterfield,Black,916,103,26
09/04/2020,Chesterfield,"Other Race",197,10,0
09/04/2020,Peninsula,Black,1001,66,18
09/04/2020,Roanoke,White,242,15,12
09/04/2020,"New River",Black,90,3,0
09/04/2020,Southside,Latino,8,0,0
09/04/2020,Peninsula,Latino,298,19,1
09/04/2020,Rappahannock,"Two or more races",33,3,0
09/04/2020,"Virginia Beach",Black,1583,111,17
09/04/2020,"Mount Rogers","Not Reported",113,2,2
09/04/2020,Loudoun,"Not Reported",1849,5,0
09/04/2020,Chesapeake,"Other Race",64,4,1
09/04/2020,Chickahominy,"Two or more races",4,1,0
09/04/2020,Crater,"Other Race",38,0,0
09/04/2020,Norfolk,"Two or more races",46,1,0
09/04/2020,"Eastern Shore","Two or more races",1,1,0
09/04/2020,"Central Shenandoah",White,2002,165,52
09/04/2020,"New River","Other Race",7,0,0
09/04/2020,"New River",White,1056,27,9
09/04/2020,"Central Shenandoah","Other Race",59,2,0
09/04/2020,"West Piedmont",Black,410,76,11
09/04/2020,Alleghany,Latino,145,11,0
09/04/2020,"Central Shenandoah","Not Reported",423,3,1
09/04/2020,Roanoke,"Two or more races",2,1,0
09/04/2020,Peninsula,"Two or more races",47,3,0
09/04/2020,Richmond,"Not Reported",667,2,1
09/04/2020,Arlington,"Other Race",87,10,4
09/04/2020,Norfolk,"Not Reported",988,4,0
09/04/2020,Alexandria,"Other Race",74,7,2
09/04/2020,"Virginia Beach",White,2075,157,45
09/04/2020,Chesapeake,"Two or more races",41,2,1
09/04/2020,Alleghany,White,617,43,21
09/04/2020,"Rappahannock Rapidan","Other Race",34,2,0
09/04/2020,Chickahominy,"Not Reported",305,1,1
09/04/2020,Portsmouth,Black,1277,135,28
09/04/2020,Chickahominy,"Other Race",15,2,0
09/04/2020,"Virginia Beach",Latino,367,22,3
09/04/2020,Chesapeake,White,1091,105,23
09/04/2020,Southside,Black,357,34,14
09/04/2020,Rappahannock,Latino,1241,105,8
09/04/2020,"Three Rivers","Two or more races",4,0,0
09/04/2020,Henrico,Black,1505,189,83
09/04/2020,Pittsylvania-Danville,Black,477,53,9
09/04/2020,"Lord Fairfax","Two or more races",11,0,0
09/04/2020,"Prince William",Latino,5723,607,68
09/04/2020,"Mount Rogers","Other Race",8,2,2
09/04/2020,"Central Shenandoah",Black,162,10,4
09/04/2020,Peninsula,White,833,81,33
09/04/2020,"Eastern Shore","Not Reported",84,0,0
09/04/2020,"Thomas Jefferson","Other Race",139,3,1
09/04/2020,Hampton,"Other Race",49,2,0
09/04/2020,"Lord Fairfax","Not Reported",325,2,6
09/04/2020,"Central Virginia","Other Race",16,0,0
09/04/2020,"Western Tidewater","Other Race",62,1,2
09/04/2020,Crater,Latino,182,9,4
09/04/2020,Chesapeake,Latino,263,22,1
09/04/2020,Chesterfield,White,1138,101,67
09/04/2020,"Western Tidewater","Not Reported",913,7,1
09/04/2020,Fairfax,"Not Reported",2297,56,31
09/04/2020,Arlington,Black,371,78,33
09/04/2020,"Central Virginia",Latino,35,3,1
09/04/2020,Alexandria,"Not Reported",222,7,1
09/04/2020,"Three Rivers",Black,412,39,9
09/04/2020,"Prince William","Two or more races",49,1,0
09/04/2020,Loudoun,"Two or more races",45,2,0
09/04/2020,Peninsula,"Other Race",148,4,0
09/04/2020,"Thomas Jefferson",White,1058,73,39
09/04/2020,Norfolk,"Other Race",80,3,1
09/04/2020,"Prince William","Not Reported",4005,28,0
09/04/2020,"West Piedmont",White,675,89,19
09/04/2020,Rappahannock,Black,736,84,15
09/04/2020,Norfolk,Black,2226,217,39
09/04/2020,Roanoke,Latino,341,16,0
09/04/2020,Piedmont,Latino,73,8,1
09/04/2020,Roanoke,"Not Reported",447,1,0
09/04/2020,"Virginia Beach","Other Race",99,2,0
09/04/2020,Arlington,"Two or more races",34,2,0
09/04/2020,Alexandria,White,670,57,33
09/04/2020,"Lord Fairfax","Other Race",71,6,1
09/04/2020,"Thomas Jefferson","Not Reported",227,1,0
09/04/2020,"Virginia Beach","Not Reported",1732,10,3
09/04/2020,Loudoun,Black,281,28,5
09/04/2020,Pittsylvania-Danville,Latino,65,3,0
09/04/2020,"Cumberland Plateau","Not Reported",13,0,0
09/04/2020,Chesterfield,"Not Reported",1986,4,10
09/04/2020,"Mount Rogers",White,1660,172,69
09/04/2020,Richmond,White,565,37,9
09/04/2020,Lenowisco,"Not Reported",110,4,2
09/04/2020,"Three Rivers",Latino,149,5,1
09/04/2020,Piedmont,"Not Reported",719,11,4
09/04/2020,"Mount Rogers",Latino,272,6,0
09/04/2020,"Central Shenandoah","Two or more races",15,1,0
09/04/2020,Crater,White,679,54,19
09/04/2020,Arlington,White,1049,129,68
09/04/2020,Pittsylvania-Danville,"Other Race",0,0,0
09/04/2020,Chickahominy,Black,235,43,12
09/04/2020,Fairfax,Black,1518,235,62
09/04/2020,"Eastern Shore",Latino,260,11,3
09/04/2020,Norfolk,White,756,49,18
09/04/2020,"Mount Rogers","Two or more races",5,0,0
09/04/2020,Alleghany,"Two or more races",4,0,0
09/04/2020,Southside,White,215,28,18
09/04/2020,"Thomas Jefferson","Two or more races",36,0,0
09/04/2020,"Prince William",Black,1302,171,48
09/04/2020,"Lord Fairfax",White,1594,182,75
09/04/2020,"Cumberland Plateau",Latino,5,0,0
09/04/2020,Arlington,"Not Reported",303,3,0
09/04/2020,Rappahannock,"Other Race",98,4,0
09/04/2020,"Rappahannock Rapidan",Black,199,29,6
09/04/2020,"New River","Two or more races",12,0,0
09/04/2020,Arlington,Latino,1588,228,25
09/04/2020,Henrico,White,1202,114,94
09/04/2020,Loudoun,White,1427,118,86
09/04/2020,Hampton,White,232,9,1
09/04/2020,Alleghany,Black,66,6,2
09/04/2020,"Prince William",White,1559,171,86
09/04/2020,Rappahannock,White,1188,128,41
09/04/2020,Southside,"Other Race",12,0,1
09/04/2020,Portsmouth,"Two or more races",10,2,1
09/04/2020,"Western Tidewater",Black,1332,94,42
09/04/2020,Hampton,Latino,53,4,0
09/04/2020,Henrico,"Not Reported",840,4,4
09/04/2020,"West Piedmont","Two or more races",2,0,0
09/04/2020,Peninsula,"Not Reported",1527,2,0
09/04/2020,Loudoun,Latino,2011,178,14
09/04/2020,Alexandria,Black,697,89,15
09/04/2020,Piedmont,Black,463,57,15
09/04/2020,Roanoke,"Other Race",14,0,0
09/04/2020,Alexandria,"Two or more races",21,1,0
09/04/2020,"Western Tidewater",Latino,28,1,1
09/04/2020,Rappahannock,"Not Reported",1209,26,0
09/04/2020,"West Piedmont","Other Race",6,1,1
09/04/2020,Chickahominy,White,637,91,35
09/04/2020,"Thomas Jefferson",Latino,631,27,3
09/04/2020,"Cumberland Plateau",Black,42,0,0
09/04/2020,"Lord Fairfax",Latino,696,46,8
09/04/2020,"West Piedmont",Latino,245,8,1
09/04/2020,"Cumberland Plateau",White,494,48,9
09/04/2020,"Eastern Shore","Other Race",13,1,0
09/04/2020,"Cumberland Plateau","Two or more races",6,0,0
09/04/2020,Pittsylvania-Danville,"Two or more races",1,0,0
09/04/2020,Piedmont,"Other Race",10,0,0
09/04/2020,Alexandria,Latino,1653,130,10
09/04/2020,Chesapeake,Black,1459,192,19
09/04/2020,Richmond,"Other Race",112,6,2
09/04/2020,Henrico,Latino,823,56,9
09/04/2020,Piedmont,"Two or more races",4,2,0
09/04/2020,"Prince William","Other Race",389,16,1
09/04/2020,"New River","Not Reported",348,2,0
09/04/2020,"Rappahannock Rapidan",White,679,49,16
09/04/2020,"Central Virginia","Not Reported",1586,13,1
09/04/2020,"Virginia Beach","Two or more races",53,4,1
09/04/2020,Pittsylvania-Danville,White,347,38,11
09/04/2020,"Lord Fairfax",Black,133,16,6
09/04/2020,Fairfax,Latino,9239,994,91
09/04/2020,Chesterfield,"Asian or Pacific Islander",57,2,1
09/04/2020,Crater,"Asian or Pacific Islander",16,0,0
09/04/2020,Fairfax,"Asian or Pacific Islander",1554,255,72
09/04/2020,Hampton,"Asian or Pacific Islander",11,0,0
09/04/2020,"Rappahannock Rapidan","Asian or Pacific Islander",8,1,0
09/04/2020,"Mount Rogers","Asian or Pacific Islander",3,1,0
09/04/2020,"New River","Asian or Pacific Islander",32,0,0
09/04/2020,"Central Virginia","Asian or Pacific Islander",11,1,0
09/04/2020,"Lord Fairfax","Asian or Pacific Islander",14,0,0
09/04/2020,Southside,"Asian or Pacific Islander",1,0,0
09/04/2020,Alleghany,"Asian or Pacific Islander",16,0,0
09/04/2020,Portsmouth,"Asian or Pacific Islander",14,2,0
09/04/2020,Roanoke,"Asian or Pacific Islander",17,2,0
09/04/2020,Richmond,"Asian or Pacific Islander",34,3,1
09/04/2020,"Thomas Jefferson","Asian or Pacific Islander",40,0,1
09/04/2020,"Virginia Beach","Asian or Pacific Islander",244,21,2
09/04/2020,Henrico,"Asian or Pacific Islander",182,10,4
09/04/2020,Piedmont,"Asian or Pacific Islander",8,0,0
09/04/2020,"Western Tidewater","Asian or Pacific Islander",13,2,0
09/04/2020,"West Piedmont","Asian or Pacific Islander",11,1,1
09/04/2020,Chickahominy,"Asian or Pacific Islander",13,1,0
09/04/2020,Peninsula,"Asian or Pacific Islander",41,4,5
09/04/2020,Norfolk,"Asian or Pacific Islander",59,6,0
09/04/2020,Arlington,"Asian or Pacific Islander",168,22,12
09/04/2020,Loudoun,"Asian or Pacific Islander",364,50,11
09/04/2020,Alexandria,"Asian or Pacific Islander",119,11,1
09/04/2020,Rappahannock,"Asian or Pacific Islander",70,9,1
09/04/2020,Chesapeake,"Asian or Pacific Islander",61,9,4
09/04/2020,"Cumberland Plateau and Lenowisco","Asian or Pacific Islander",1,0,0
09/04/2020,"Central Shenandoah","Asian or Pacific Islander",33,2,0
09/04/2020,"Prince William","Asian or Pacific Islander",438,51,15
09/04/2020,Pittsylvania-Danville,"Asian or Pacific Islander",3,0,0
09/04/2020,"Eastern Shore and Three Rivers","Asian or Pacific Islander",12,1,0
09/04/2020,Piedmont,"Native American",1,0,0
09/04/2020,"New River","Native American",1,0,0
09/04/2020,"Central Shenandoah","Native American",3,1,0
09/04/2020,"Eastern Shore and Three Rivers","Native American",1,0,0
09/04/2020,Fairfax,"Native American",32,1,1
09/04/2020,Chesapeake,"Native American",11,0,0
09/04/2020,"Western Tidewater","Native American",2,0,0
09/04/2020,Portsmouth,"Native American",3,2,0
09/04/2020,Richmond,"Native American",0,0,0
09/04/2020,Chickahominy,"Native American",5,1,0
09/04/2020,"Thomas Jefferson","Native American",2,0,0
09/04/2020,Arlington,"Native American",5,0,0
09/04/2020,"Virginia Beach","Native American",7,0,0
09/04/2020,Peninsula,"Native American",7,2,1
09/04/2020,Hampton,"Native American",2,0,0
09/04/2020,"West Piedmont","Native American",2,0,0
09/04/2020,"Cumberland Plateau, Lenowisco, and Mount Rogers","Native American",1,0,0
09/04/2020,Henrico,"Native American",8,0,0
09/04/2020,Norfolk,"Native American",9,1,1
09/04/2020,"Prince William","Native American",18,1,1
09/04/2020,"Central Virginia","Native American",3,0,0
09/04/2020,Chesterfield,"Native American",5,0,0
09/04/2020,Rappahannock,"Native American",4,0,0
09/04/2020,Loudoun,"Native American",5,0,0
09/04/2020,Alexandria,"Native American",3,0,0
09/04/2020,"Alleghany and Roanoke","Native American",1,0,0
09/04/2020,Crater,"Native American",5,0,0
09/04/2020,"Rappahannock Rapidan","Native American",1,0,0
09/04/2020,"Lord Fairfax","Native American",2,1,1
09/04/2020,"Pittsylvania-Danville and Southside","Native American",0,0,0
09/05/2020,"Rappahannock Rapidan","Not Reported",622,12,7
09/05/2020,Portsmouth,"Other Race",70,9,4
09/05/2020,"Western Tidewater","Two or more races",26,0,0
09/05/2020,Piedmont,White,467,49,20
09/05/2020,Chesterfield,Latino,1323,85,6
09/05/2020,Lenowisco,White,631,62,10
09/05/2020,Lenowisco,"Two or more races",2,0,0
09/05/2020,Hampton,"Not Reported",581,3,2
09/05/2020,Southside,"Not Reported",492,9,4
09/05/2020,Roanoke,Black,163,15,3
09/05/2020,Hampton,Black,668,37,13
09/05/2020,Alleghany,"Other Race",7,1,0
09/05/2020,Lenowisco,Latino,10,0,0
09/05/2020,Loudoun,"Other Race",166,13,2
09/05/2020,"Central Shenandoah",Latino,986,56,6
09/05/2020,"Rappahannock Rapidan",Latino,768,62,7
09/05/2020,"Eastern Shore",Black,850,97,27
09/05/2020,Norfolk,Latino,307,20,0
09/05/2020,Hampton,"Two or more races",14,0,0
09/05/2020,Richmond,Black,1406,228,29
09/05/2020,Henrico,"Two or more races",37,1,0
09/05/2020,Fairfax,"Two or more races",84,5,0
09/05/2020,Alleghany,"Not Reported",370,1,0
09/05/2020,Portsmouth,"Not Reported",537,4,0
09/05/2020,"Cumberland Plateau","Other Race",2,1,0
09/05/2020,Southside,"Two or more races",23,0,0
09/05/2020,Portsmouth,White,293,26,8
09/05/2020,"Rappahannock Rapidan","Two or more races",27,3,0
09/05/2020,Fairfax,White,3508,476,302
09/05/2020,Fairfax,"Other Race",734,82,18
09/05/2020,Crater,"Two or more races",6,0,0
09/05/2020,"West Piedmont","Not Reported",366,27,3
09/05/2020,Henrico,"Other Race",140,12,0
09/05/2020,"Three Rivers",White,530,43,9
09/05/2020,"Central Virginia",Black,194,25,6
09/05/2020,Lenowisco,"Other Race",7,0,0
09/05/2020,"Three Rivers","Other Race",14,3,0
09/05/2020,"Western Tidewater",White,653,58,48
09/05/2020,"Mount Rogers",Black,54,8,2
09/05/2020,"Three Rivers","Not Reported",216,3,1
09/05/2020,"Thomas Jefferson",Black,467,67,13
09/05/2020,"Eastern Shore",White,244,26,18
09/05/2020,"Central Virginia",White,659,42,11
09/05/2020,Lenowisco,Black,5,1,1
09/05/2020,"Central Virginia","Two or more races",1,0,0
09/05/2020,Richmond,"Two or more races",28,1,0
09/05/2020,Crater,"Not Reported",634,9,5
09/05/2020,Chesterfield,"Two or more races",24,3,0
09/05/2020,"New River",Latino,127,5,0
09/05/2020,Richmond,Latino,1268,104,7
09/05/2020,Portsmouth,Latino,60,12,1
09/05/2020,Pittsylvania-Danville,"Not Reported",581,10,0
09/05/2020,Chesapeake,"Not Reported",906,8,0
09/05/2020,Chickahominy,Latino,83,4,0
09/05/2020,Crater,Black,1740,182,52
09/05/2020,Chesterfield,Black,935,103,26
09/05/2020,Chesterfield,"Other Race",197,10,0
09/05/2020,Peninsula,Black,1006,66,18
09/05/2020,Roanoke,White,251,15,12
09/05/2020,"New River",Black,96,3,0
09/05/2020,Southside,Latino,8,0,0
09/05/2020,Peninsula,Latino,298,19,1
09/05/2020,Rappahannock,"Two or more races",33,3,0
09/05/2020,"Virginia Beach",Black,1592,111,17
09/05/2020,"Mount Rogers","Not Reported",120,2,2
09/05/2020,Loudoun,"Not Reported",1850,5,0
09/05/2020,Chesapeake,"Other Race",65,4,1
09/05/2020,Chickahominy,"Two or more races",4,1,0
09/05/2020,Crater,"Other Race",38,0,0
09/05/2020,Norfolk,"Two or more races",47,1,0
09/05/2020,"Eastern Shore","Two or more races",1,1,0
09/05/2020,"Central Shenandoah",White,2040,167,52
09/05/2020,"New River","Other Race",8,0,0
09/05/2020,"New River",White,1103,28,9
09/05/2020,"Central Shenandoah","Other Race",62,2,0
09/05/2020,"West Piedmont",Black,412,76,11
09/05/2020,Alleghany,Latino,145,11,0
09/05/2020,"Central Shenandoah","Not Reported",463,4,1
09/05/2020,Roanoke,"Two or more races",3,1,0
09/05/2020,Peninsula,"Two or more races",48,3,0
09/05/2020,Richmond,"Not Reported",661,2,1
09/05/2020,Arlington,"Other Race",87,10,4
09/05/2020,Norfolk,"Not Reported",969,4,0
09/05/2020,Alexandria,"Other Race",76,7,2
09/05/2020,"Virginia Beach",White,2090,157,45
09/05/2020,Chesapeake,"Two or more races",41,2,1
09/05/2020,Alleghany,White,625,46,21
09/05/2020,"Rappahannock Rapidan","Other Race",34,2,0
09/05/2020,Chickahominy,"Not Reported",308,1,1
09/05/2020,Portsmouth,Black,1290,136,29
09/05/2020,Chickahominy,"Other Race",15,2,0
09/05/2020,"Virginia Beach",Latino,367,22,3
09/05/2020,Chesapeake,White,1091,105,23
09/05/2020,Southside,Black,364,35,15
09/05/2020,Rappahannock,Latino,1245,106,8
09/05/2020,"Three Rivers","Two or more races",4,0,0
09/05/2020,Henrico,Black,1511,189,83
09/05/2020,Pittsylvania-Danville,Black,482,54,10
09/05/2020,"Lord Fairfax","Two or more races",11,0,0
09/05/2020,"Prince William",Latino,5739,609,68
09/05/2020,"Mount Rogers","Other Race",8,2,2
09/05/2020,"Central Shenandoah",Black,168,10,4
09/05/2020,Peninsula,White,845,81,33
09/05/2020,"Eastern Shore","Not Reported",84,0,0
09/05/2020,"Thomas Jefferson","Other Race",139,3,1
09/05/2020,Hampton,"Other Race",49,2,0
09/05/2020,"Lord Fairfax","Not Reported",320,2,6
09/05/2020,"Central Virginia","Other Race",16,0,0
09/05/2020,"Western Tidewater","Other Race",64,1,2
09/05/2020,Crater,Latino,185,9,4
09/05/2020,Chesapeake,Latino,263,22,1
09/05/2020,Chesterfield,White,1163,102,67
09/05/2020,"Western Tidewater","Not Reported",885,7,1
09/05/2020,Fairfax,"Not Reported",2342,54,31
09/05/2020,Arlington,Black,376,78,33
09/05/2020,"Central Virginia",Latino,38,3,1
09/05/2020,Alexandria,"Not Reported",224,7,1
09/05/2020,"Three Rivers",Black,420,39,9
09/05/2020,"Prince William","Two or more races",48,1,0
09/05/2020,Loudoun,"Two or more races",45,2,0
09/05/2020,Peninsula,"Other Race",148,4,0
09/05/2020,"Thomas Jefferson",White,1075,73,39
09/05/2020,Norfolk,"Other Race",78,3,1
09/05/2020,"Prince William","Not Reported",4013,26,0
09/05/2020,"West Piedmont",White,685,92,19
09/05/2020,Rappahannock,Black,743,84,15
09/05/2020,Norfolk,Black,2243,223,40
09/05/2020,Roanoke,Latino,343,17,0
09/05/2020,Piedmont,Latino,73,8,1
09/05/2020,Roanoke,"Not Reported",444,1,0
09/05/2020,"Virginia Beach","Other Race",100,2,0
09/05/2020,Arlington,"Two or more races",35,2,0
09/05/2020,Alexandria,White,672,57,33
09/05/2020,"Lord Fairfax","Other Race",71,6,1
09/05/2020,"Thomas Jefferson","Not Reported",233,1,0
09/05/2020,"Virginia Beach","Not Reported",1725,10,3
09/05/2020,Loudoun,Black,284,28,5
09/05/2020,Pittsylvania-Danville,Latino,65,3,0
09/05/2020,"Cumberland Plateau","Not Reported",14,0,0
09/05/2020,Chesterfield,"Not Reported",1973,4,10
09/05/2020,"Mount Rogers",White,1698,173,69
09/05/2020,Richmond,White,588,39,9
09/05/2020,Lenowisco,"Not Reported",110,4,2
09/05/2020,"Three Rivers",Latino,149,5,1
09/05/2020,Piedmont,"Not Reported",723,11,4
09/05/2020,"Mount Rogers",Latino,273,6,0
09/05/2020,"Central Shenandoah","Two or more races",23,1,0
09/05/2020,Crater,White,688,54,19
09/05/2020,Arlington,White,1052,129,69
09/05/2020,Pittsylvania-Danville,"Other Race",0,0,0
09/05/2020,Chickahominy,Black,235,43,12
09/05/2020,Fairfax,Black,1538,238,61
09/05/2020,"Eastern Shore",Latino,260,11,3
09/05/2020,Norfolk,White,769,50,18
09/05/2020,"Mount Rogers","Two or more races",5,0,0
09/05/2020,Alleghany,"Two or more races",4,0,0
09/05/2020,Southside,White,220,28,19
09/05/2020,"Thomas Jefferson","Two or more races",36,0,0
09/05/2020,"Prince William",Black,1308,171,48
09/05/2020,"Lord Fairfax",White,1600,182,75
09/05/2020,"Cumberland Plateau",Latino,5,0,0
09/05/2020,Arlington,"Not Reported",304,4,0
09/05/2020,Rappahannock,"Other Race",101,4,0
09/05/2020,"Rappahannock Rapidan",Black,200,29,7
09/05/2020,"New River","Two or more races",13,0,0
09/05/2020,Arlington,Latino,1592,231,25
09/05/2020,Alleghany,Black,67,6,2
09/05/2020,"Prince William",White,1562,171,86
09/05/2020,Rappahannock,White,1200,130,40
09/05/2020,Southside,"Other Race",12,0,1
09/05/2020,Portsmouth,"Two or more races",9,2,1
09/05/2020,"Western Tidewater",Black,1355,94,42
09/05/2020,Hampton,Latino,53,4,0
09/05/2020,Henrico,"Not Reported",842,4,4
09/05/2020,"West Piedmont","Two or more races",2,0,0
09/05/2020,Peninsula,"Not Reported",1527,2,0
09/05/2020,Loudoun,Latino,2021,178,14
09/05/2020,Alexandria,Black,703,89,15
09/05/2020,Piedmont,Black,465,57,15
09/05/2020,Roanoke,"Other Race",13,0,0
09/05/2020,Alexandria,"Two or more races",21,1,0
09/05/2020,"Western Tidewater",Latino,28,1,1
09/05/2020,Rappahannock,"Not Reported",1208,25,0
09/05/2020,"West Piedmont","Other Race",6,1,1
09/05/2020,Chickahominy,White,643,91,35
09/05/2020,"Thomas Jefferson",Latino,632,27,3
09/05/2020,"Cumberland Plateau",Black,42,0,0
09/05/2020,"Lord Fairfax",Latino,696,46,9
09/05/2020,"West Piedmont",Latino,246,8,1
09/05/2020,"Cumberland Plateau",White,499,48,9
09/05/2020,"Eastern Shore","Other Race",13,1,0
09/05/2020,"Cumberland Plateau","Two or more races",6,0,0
09/05/2020,Pittsylvania-Danville,"Two or more races",1,0,0
09/05/2020,Piedmont,"Other Race",9,0,0
09/05/2020,Alexandria,Latino,1656,130,10
09/05/2020,Chesapeake,Black,1461,192,19
09/05/2020,Richmond,"Other Race",112,7,2
09/05/2020,Henrico,Latino,827,56,9
09/05/2020,Piedmont,"Two or more races",4,2,0
09/05/2020,"Prince William","Other Race",392,16,1
09/05/2020,"New River","Not Reported",369,2,0
09/05/2020,"Rappahannock Rapidan",White,682,51,16
09/05/2020,"Central Virginia","Not Reported",1591,13,1
09/05/2020,"Virginia Beach","Two or more races",54,4,1
09/05/2020,Pittsylvania-Danville,White,353,38,11
09/05/2020,"Lord Fairfax",Black,135,16,6
09/05/2020,Fairfax,Latino,9270,996,91
09/05/2020,Chesterfield,"Asian or Pacific Islander",57,2,1
09/05/2020,Crater,"Asian or Pacific Islander",16,0,0
09/05/2020,Fairfax,"Asian or Pacific Islander",1560,255,72
09/05/2020,Hampton,"Asian or Pacific Islander",12,0,0
09/05/2020,"Rappahannock Rapidan","Asian or Pacific Islander",8,1,0
09/05/2020,"Mount Rogers","Asian or Pacific Islander",3,1,0
09/05/2020,"New River","Asian or Pacific Islander",33,0,0
09/05/2020,"Central Virginia","Asian or Pacific Islander",11,1,0
09/05/2020,"Lord Fairfax","Asian or Pacific Islander",14,0,0
09/05/2020,Southside,"Asian or Pacific Islander",1,0,0
09/05/2020,Alleghany,"Asian or Pacific Islander",16,0,0
09/05/2020,Portsmouth,"Asian or Pacific Islander",14,2,0
09/05/2020,Roanoke,"Asian or Pacific Islander",17,2,0
09/05/2020,Richmond,"Asian or Pacific Islander",36,3,1
09/05/2020,"Thomas Jefferson","Asian or Pacific Islander",40,0,1
09/05/2020,"Virginia Beach","Asian or Pacific Islander",248,21,2
09/05/2020,Henrico,"Asian or Pacific Islander",182,10,4
09/05/2020,Piedmont,"Asian or Pacific Islander",8,0,0
09/05/2020,"Western Tidewater","Asian or Pacific Islander",13,2,0
09/05/2020,"West Piedmont","Asian or Pacific Islander",11,1,1
09/05/2020,Chickahominy,"Asian or Pacific Islander",13,1,0
09/05/2020,Peninsula,"Asian or Pacific Islander",41,4,5
09/05/2020,Norfolk,"Asian or Pacific Islander",59,6,0
09/05/2020,Arlington,"Asian or Pacific Islander",169,22,12
09/05/2020,Loudoun,"Asian or Pacific Islander",368,50,11
09/05/2020,Alexandria,"Asian or Pacific Islander",121,11,1
09/05/2020,Rappahannock,"Asian or Pacific Islander",73,10,2
09/05/2020,Chesapeake,"Asian or Pacific Islander",61,9,4
09/05/2020,"Cumberland Plateau and Lenowisco","Asian or Pacific Islander",1,0,0
09/05/2020,"Central Shenandoah","Asian or Pacific Islander",35,2,0
09/05/2020,"Prince William","Asian or Pacific Islander",450,54,15
09/05/2020,Pittsylvania-Danville,"Asian or Pacific Islander",3,0,0
09/05/2020,"Eastern Shore and Three Rivers","Asian or Pacific Islander",13,1,0
09/05/2020,Piedmont,"Native American",1,0,0
09/05/2020,"New River","Native American",1,0,0
09/05/2020,"Central Shenandoah","Native American",3,1,0
09/05/2020,"Eastern Shore and Three Rivers","Native American",1,0,0
09/05/2020,Fairfax,"Native American",32,1,1
09/05/2020,Chesapeake,"Native American",11,0,0
09/05/2020,"Western Tidewater","Native American",2,0,0
09/05/2020,Portsmouth,"Native American",4,2,0
09/05/2020,Richmond,"Native American",0,0,0
09/05/2020,Chickahominy,"Native American",5,1,0
09/05/2020,"Thomas Jefferson","Native American",2,0,0
09/05/2020,Arlington,"Native American",5,0,0
09/05/2020,"Virginia Beach","Native American",7,0,0
09/05/2020,Peninsula,"Native American",7,2,1
09/05/2020,Hampton,"Native American",2,0,0
09/05/2020,"West Piedmont","Native American",2,0,0
09/05/2020,"Cumberland Plateau, Lenowisco, and Mount Rogers","Native American",1,0,0
09/05/2020,Henrico,"Native American",8,0,0
09/05/2020,Norfolk,"Native American",9,1,1
09/05/2020,"Prince William","Native American",18,1,1
09/05/2020,"Central Virginia","Native American",3,0,0
09/05/2020,Chesterfield,"Native American",6,0,0
09/05/2020,Rappahannock,"Native American",5,0,0
09/05/2020,Loudoun,"Native American",5,0,0
09/05/2020,Alexandria,"Native American",3,0,0
09/05/2020,"Alleghany and Roanoke","Native American",1,0,0
09/05/2020,Crater,"Native American",5,0,0
09/05/2020,"Rappahannock Rapidan","Native American",1,0,0
09/05/2020,"Lord Fairfax","Native American",2,1,1
09/05/2020,"Pittsylvania-Danville and Southside","Native American",0,0,0
09/06/2020,"Rappahannock Rapidan","Not Reported",624,12,7
09/06/2020,Portsmouth,"Other Race",70,9,4
09/06/2020,"Western Tidewater","Two or more races",26,0,0
09/06/2020,Piedmont,White,467,49,20
09/06/2020,Chesterfield,Latino,1326,85,6
09/06/2020,Lenowisco,White,644,64,10
09/06/2020,Lenowisco,"Two or more races",2,0,0
09/06/2020,Hampton,"Not Reported",585,3,2
09/06/2020,Southside,"Not Reported",495,9,4
09/06/2020,Roanoke,Black,165,15,3
09/06/2020,Hampton,Black,676,39,13
09/06/2020,Alleghany,"Other Race",7,1,0
09/06/2020,Lenowisco,Latino,10,0,0
09/06/2020,Loudoun,"Other Race",170,13,2
09/06/2020,"Central Shenandoah",Latino,987,56,6
09/06/2020,"Rappahannock Rapidan",Latino,770,62,7
09/06/2020,"Eastern Shore",Black,850,97,27
09/06/2020,Norfolk,Latino,308,20,0
09/06/2020,Hampton,"Two or more races",14,0,0
09/06/2020,Richmond,Black,1421,230,29
09/06/2020,Henrico,"Two or more races",38,1,0
09/06/2020,Fairfax,"Two or more races",85,5,0
09/06/2020,Alleghany,"Not Reported",381,1,0
09/06/2020,Portsmouth,"Not Reported",539,4,0
09/06/2020,"Cumberland Plateau","Other Race",2,1,0
09/06/2020,Southside,"Two or more races",23,0,0
09/06/2020,Portsmouth,White,293,26,8
09/06/2020,"Rappahannock Rapidan","Two or more races",27,3,0
09/06/2020,Fairfax,White,3520,476,302
09/06/2020,Fairfax,"Other Race",744,82,18
09/06/2020,Crater,"Two or more races",7,0,0
09/06/2020,"West Piedmont","Not Reported",372,27,3
09/06/2020,Henrico,"Other Race",142,12,0
09/06/2020,"Three Rivers",White,535,43,9
09/06/2020,"Central Virginia",Black,196,25,6
09/06/2020,Lenowisco,"Other Race",7,0,0
09/06/2020,"Three Rivers","Other Race",14,3,0
09/06/2020,"Western Tidewater",White,670,58,48
09/06/2020,"Mount Rogers",Black,55,8,2
09/06/2020,"Three Rivers","Not Reported",218,3,1
09/06/2020,"Thomas Jefferson",Black,469,67,13
09/06/2020,"Eastern Shore",White,245,26,18
09/06/2020,"Central Virginia",White,669,42,11
09/06/2020,Lenowisco,Black,5,1,1
09/06/2020,"Central Virginia","Two or more races",1,0,0
09/06/2020,Richmond,"Two or more races",28,1,0
09/06/2020,Crater,"Not Reported",646,9,5
09/06/2020,Chesterfield,"Two or more races",24,3,0
09/06/2020,"New River",Latino,128,5,0
09/06/2020,Richmond,Latino,1272,105,7
09/06/2020,Portsmouth,Latino,61,12,1
09/06/2020,Pittsylvania-Danville,"Not Reported",607,10,0
09/06/2020,Chesapeake,"Not Reported",920,8,0
09/06/2020,Chickahominy,Latino,83,4,0
09/06/2020,Crater,Black,1768,182,52
09/06/2020,Chesterfield,Black,938,103,26
09/06/2020,Chesterfield,"Other Race",195,11,0
09/06/2020,Peninsula,Black,1015,66,18
09/06/2020,Roanoke,White,255,15,12
09/06/2020,"New River",Black,106,3,0
09/06/2020,Southside,Latino,9,0,0
09/06/2020,Peninsula,Latino,298,19,1
09/06/2020,Rappahannock,"Two or more races",33,3,0
09/06/2020,"Virginia Beach",Black,1602,111,17
09/06/2020,"Mount Rogers","Not Reported",125,2,2
09/06/2020,Loudoun,"Not Reported",1861,5,0
09/06/2020,Chesapeake,"Other Race",65,4,1
09/06/2020,Chickahominy,"Two or more races",4,1,0
09/06/2020,Crater,"Other Race",38,0,0
09/06/2020,Norfolk,"Two or more races",47,1,0
09/06/2020,"Eastern Shore","Two or more races",1,1,0
09/06/2020,"Central Shenandoah",White,2073,167,52
09/06/2020,"New River","Other Race",9,0,0
09/06/2020,"New River",White,1189,28,9
09/06/2020,"Central Shenandoah","Other Race",65,2,0
09/06/2020,"West Piedmont",Black,416,76,11
09/06/2020,Alleghany,Latino,145,11,0
09/06/2020,"Central Shenandoah","Not Reported",511,4,1
09/06/2020,Roanoke,"Two or more races",3,1,0
09/06/2020,Peninsula,"Two or more races",49,3,0
09/06/2020,Richmond,"Not Reported",664,2,1
09/06/2020,Arlington,"Other Race",88,10,4
09/06/2020,Norfolk,"Not Reported",967,4,0
09/06/2020,Alexandria,"Other Race",77,7,2
09/06/2020,"Virginia Beach",White,2110,158,45
09/06/2020,Chesapeake,"Two or more races",43,2,1
09/06/2020,Alleghany,White,635,46,21
09/06/2020,"Rappahannock Rapidan","Other Race",35,2,0
09/06/2020,Chickahominy,"Not Reported",312,1,1
09/06/2020,Portsmouth,Black,1293,137,29
09/06/2020,Chickahominy,"Other Race",15,2,0
09/06/2020,"Virginia Beach",Latino,367,22,3
09/06/2020,Chesapeake,White,1098,106,23
09/06/2020,Southside,Black,376,36,15
09/06/2020,Rappahannock,Latino,1248,106,8
09/06/2020,"Three Rivers","Two or more races",4,0,0
09/06/2020,Henrico,Black,1523,191,83
09/06/2020,Pittsylvania-Danville,Black,490,55,10
09/06/2020,"Lord Fairfax","Two or more races",11,0,0
09/06/2020,"Prince William",Latino,5780,611,68
09/06/2020,"Mount Rogers","Other Race",8,2,2
09/06/2020,"Central Shenandoah",Black,171,11,4
09/06/2020,Peninsula,White,861,81,33
09/06/2020,"Eastern Shore","Not Reported",84,0,0
09/06/2020,"Thomas Jefferson","Other Race",141,3,1
09/06/2020,Hampton,"Other Race",49,2,0
09/06/2020,"Lord Fairfax","Not Reported",320,2,6
09/06/2020,"Central Virginia","Other Race",16,0,0
09/06/2020,"Western Tidewater","Other Race",64,1,2
09/06/2020,Crater,Latino,186,9,4
09/06/2020,Chesapeake,Latino,266,23,1
09/06/2020,Chesterfield,White,1165,103,67
09/06/2020,"Western Tidewater","Not Reported",864,7,0
09/06/2020,Fairfax,"Not Reported",2377,54,31
09/06/2020,Arlington,Black,377,78,33
09/06/2020,"Central Virginia",Latino,38,3,1
09/06/2020,Alexandria,"Not Reported",227,7,1
09/06/2020,"Three Rivers",Black,428,39,9
09/06/2020,"Prince William","Two or more races",49,1,0
09/06/2020,Loudoun,"Two or more races",45,2,0
09/06/2020,Peninsula,"Other Race",149,4,0
09/06/2020,"Thomas Jefferson",White,1104,73,39
09/06/2020,Norfolk,"Other Race",78,3,1
09/06/2020,"Prince William","Not Reported",4036,26,0
09/06/2020,"West Piedmont",White,689,92,19
09/06/2020,Rappahannock,Black,752,84,15
09/06/2020,Norfolk,Black,2245,223,40
09/06/2020,Roanoke,Latino,344,18,0
09/06/2020,Piedmont,Latino,73,8,1
09/06/2020,Roanoke,"Not Reported",466,1,0
09/06/2020,"Virginia Beach","Other Race",101,2,0
09/06/2020,Arlington,"Two or more races",36,2,0
09/06/2020,Alexandria,White,677,57,33
09/06/2020,"Lord Fairfax","Other Race",73,6,1
09/06/2020,"Thomas Jefferson","Not Reported",232,1,0
09/06/2020,"Virginia Beach","Not Reported",1732,10,3
09/06/2020,Loudoun,Black,284,28,5
09/06/2020,Pittsylvania-Danville,Latino,65,3,0
09/06/2020,"Cumberland Plateau","Not Reported",14,0,0
09/06/2020,Chesterfield,"Not Reported",1974,4,10
09/06/2020,"Mount Rogers",White,1740,175,69
09/06/2020,Richmond,White,600,39,9
09/19/2020,Norfolk,Black,2361,250,44
09/06/2020,Lenowisco,"Not Reported",114,4,2
09/06/2020,"Three Rivers",Latino,151,5,1
09/06/2020,Piedmont,"Not Reported",724,11,4
09/06/2020,"Mount Rogers",Latino,273,6,0
09/06/2020,"Central Shenandoah","Two or more races",23,1,0
09/06/2020,Crater,White,694,54,19
09/06/2020,Arlington,White,1054,129,69
09/06/2020,Pittsylvania-Danville,"Other Race",0,0,0
09/06/2020,Chickahominy,Black,235,43,12
09/06/2020,Fairfax,Black,1551,238,61
09/06/2020,"Eastern Shore",Latino,260,11,3
09/06/2020,Norfolk,White,771,50,18
09/06/2020,"Mount Rogers","Two or more races",6,0,0
09/06/2020,Alleghany,"Two or more races",4,0,0
09/06/2020,Southside,White,224,28,19
09/06/2020,"Thomas Jefferson","Two or more races",36,0,0
09/06/2020,"Prince William",Black,1314,171,48
09/06/2020,"Lord Fairfax",White,1608,182,75
09/06/2020,"Cumberland Plateau",Latino,5,0,0
09/06/2020,Arlington,"Not Reported",309,4,0
09/06/2020,Rappahannock,"Other Race",103,4,0
09/06/2020,"Rappahannock Rapidan",Black,204,29,7
09/06/2020,"New River","Two or more races",17,0,0
09/06/2020,Arlington,Latino,1594,231,25
09/06/2020,Henrico,White,1223,115,94
09/06/2020,Loudoun,White,1440,118,86
09/06/2020,Hampton,White,237,9,1
09/06/2020,Alleghany,Black,67,6,2
09/06/2020,"Prince William",White,1572,171,86
09/06/2020,Rappahannock,White,1212,132,40
09/06/2020,Southside,"Other Race",12,0,1
09/06/2020,Portsmouth,"Two or more races",9,2,1
09/06/2020,"Western Tidewater",Black,1382,97,42
09/06/2020,Hampton,Latino,53,4,0
09/06/2020,Henrico,"Not Reported",850,4,4
09/06/2020,"West Piedmont","Two or more races",2,0,0
09/06/2020,Peninsula,"Not Reported",1538,2,0
09/06/2020,Loudoun,Latino,2023,178,14
09/06/2020,Alexandria,Black,708,89,15
09/06/2020,Piedmont,Black,466,57,15
09/06/2020,Roanoke,"Other Race",13,0,0
09/06/2020,Alexandria,"Two or more races",21,1,0
09/06/2020,"Western Tidewater",Latino,28,1,1
09/06/2020,Rappahannock,"Not Reported",1214,25,0
09/06/2020,"West Piedmont","Other Race",6,1,1
09/06/2020,Chickahominy,White,652,91,35
09/06/2020,"Thomas Jefferson",Latino,637,27,3
09/06/2020,"Cumberland Plateau",Black,42,0,0
09/06/2020,"Lord Fairfax",Latino,698,46,9
09/06/2020,"West Piedmont",Latino,246,8,1
09/06/2020,"Cumberland Plateau",White,505,48,9
09/06/2020,"Eastern Shore","Other Race",13,1,0
09/06/2020,"Cumberland Plateau","Two or more races",6,0,0
09/06/2020,Pittsylvania-Danville,"Two or more races",2,0,0
09/06/2020,Piedmont,"Other Race",9,0,0
09/06/2020,Alexandria,Latino,1666,130,10
09/06/2020,Chesapeake,Black,1467,192,20
09/06/2020,Richmond,"Other Race",113,7,2
09/06/2020,Henrico,Latino,829,57,9
09/06/2020,Piedmont,"Two or more races",4,2,0
09/06/2020,"Prince William","Other Race",397,16,1
09/06/2020,"New River","Not Reported",435,2,0
09/06/2020,"Rappahannock Rapidan",White,689,51,16
09/06/2020,"Central Virginia","Not Reported",1614,13,1
09/06/2020,"Virginia Beach","Two or more races",54,4,1
09/06/2020,Pittsylvania-Danville,White,363,38,11
09/06/2020,"Lord Fairfax",Black,136,16,6
09/06/2020,Fairfax,Latino,9301,999,91
09/06/2020,Chesterfield,"Asian or Pacific Islander",57,2,1
09/06/2020,Crater,"Asian or Pacific Islander",16,0,0
09/06/2020,Fairfax,"Asian or Pacific Islander",1564,255,72
09/06/2020,Hampton,"Asian or Pacific Islander",12,0,0
09/06/2020,"Rappahannock Rapidan","Asian or Pacific Islander",8,1,0
09/06/2020,"Mount Rogers","Asian or Pacific Islander",3,1,0
09/06/2020,"New River","Asian or Pacific Islander",40,0,0
09/06/2020,"Central Virginia","Asian or Pacific Islander",11,1,0
09/06/2020,"Lord Fairfax","Asian or Pacific Islander",14,0,0
09/06/2020,Southside,"Asian or Pacific Islander",1,0,0
09/06/2020,Alleghany,"Asian or Pacific Islander",16,0,0
09/06/2020,Portsmouth,"Asian or Pacific Islander",14,2,0
09/06/2020,Roanoke,"Asian or Pacific Islander",20,2,0
09/06/2020,Richmond,"Asian or Pacific Islander",37,3,1
09/06/2020,"Thomas Jefferson","Asian or Pacific Islander",43,0,1
09/06/2020,"Virginia Beach","Asian or Pacific Islander",250,21,2
09/06/2020,Henrico,"Asian or Pacific Islander",182,10,4
09/06/2020,Piedmont,"Asian or Pacific Islander",8,0,0
09/06/2020,"Western Tidewater","Asian or Pacific Islander",14,2,1
09/06/2020,"West Piedmont","Asian or Pacific Islander",11,1,1
09/06/2020,Chickahominy,"Asian or Pacific Islander",13,1,0
09/06/2020,Peninsula,"Asian or Pacific Islander",41,4,5
09/06/2020,Norfolk,"Asian or Pacific Islander",59,6,0
09/06/2020,Arlington,"Asian or Pacific Islander",169,22,12
09/06/2020,Loudoun,"Asian or Pacific Islander",370,50,11
09/06/2020,Alexandria,"Asian or Pacific Islander",121,11,1
09/06/2020,Rappahannock,"Asian or Pacific Islander",73,10,2
09/06/2020,Chesapeake,"Asian or Pacific Islander",62,9,4
09/06/2020,"Cumberland Plateau and Lenowisco","Asian or Pacific Islander",1,0,0
09/06/2020,"Central Shenandoah","Asian or Pacific Islander",37,2,0
09/06/2020,"Prince William","Asian or Pacific Islander",462,54,15
09/06/2020,Pittsylvania-Danville,"Asian or Pacific Islander",3,0,0
09/06/2020,"Eastern Shore and Three Rivers","Asian or Pacific Islander",13,1,0
09/06/2020,Piedmont,"Native American",1,0,0
09/06/2020,"New River","Native American",1,0,0
09/06/2020,"Central Shenandoah","Native American",3,1,0
09/06/2020,"Eastern Shore and Three Rivers","Native American",1,0,0
09/06/2020,Fairfax,"Native American",32,1,1
09/06/2020,Chesapeake,"Native American",11,0,0
09/06/2020,"Western Tidewater","Native American",2,0,0
09/06/2020,Portsmouth,"Native American",4,2,0
09/06/2020,Richmond,"Native American",0,0,0
09/06/2020,Chickahominy,"Native American",5,1,0
09/06/2020,"Thomas Jefferson","Native American",2,0,0
09/06/2020,Arlington,"Native American",5,0,0
09/06/2020,"Virginia Beach","Native American",7,0,0
09/06/2020,Peninsula,"Native American",7,2,1
09/06/2020,Hampton,"Native American",2,0,0
09/06/2020,"West Piedmont","Native American",2,0,0
09/06/2020,"Cumberland Plateau, Lenowisco, and Mount Rogers","Native American",1,0,0
09/06/2020,Henrico,"Native American",8,0,0
09/06/2020,Norfolk,"Native American",9,1,1
09/06/2020,"Prince William","Native American",20,1,1
09/06/2020,"Central Virginia","Native American",3,0,0
09/06/2020,Chesterfield,"Native American",6,0,0
09/06/2020,Rappahannock,"Native American",5,0,0
09/06/2020,Loudoun,"Native American",5,0,0
09/06/2020,Alexandria,"Native American",3,0,0
09/06/2020,"Alleghany and Roanoke","Native American",1,0,0
09/06/2020,Crater,"Native American",5,0,0
09/06/2020,"Rappahannock Rapidan","Native American",1,0,0
09/06/2020,"Lord Fairfax","Native American",2,1,1
09/06/2020,"Pittsylvania-Danville and Southside","Native American",0,0,0
09/07/2020,"Rappahannock Rapidan","Not Reported",630,12,9
09/07/2020,Portsmouth,"Other Race",70,9,4
09/07/2020,"Western Tidewater","Two or more races",26,0,0
09/07/2020,Piedmont,White,470,49,20
09/07/2020,Chesterfield,Latino,1327,85,6
09/07/2020,Lenowisco,White,649,64,10
09/07/2020,Lenowisco,"Two or more races",2,0,0
09/07/2020,Hampton,"Not Reported",586,3,2
09/07/2020,Southside,"Not Reported",494,10,4
09/07/2020,Roanoke,Black,166,15,3
09/07/2020,Hampton,Black,675,39,13
09/07/2020,Alleghany,"Other Race",7,1,0
09/07/2020,Lenowisco,Latino,10,0,0
09/07/2020,Loudoun,"Other Race",171,13,2
09/07/2020,"Central Shenandoah",Latino,991,56,6
09/07/2020,"Rappahannock Rapidan",Latino,771,62,7
09/07/2020,"Eastern Shore",Black,850,97,27
09/07/2020,Norfolk,Latino,311,20,0
09/07/2020,Hampton,"Two or more races",14,0,0
09/07/2020,Richmond,Black,1427,230,29
09/07/2020,Henrico,"Two or more races",39,1,0
09/07/2020,Fairfax,"Two or more races",85,5,0
09/07/2020,Alleghany,"Not Reported",393,1,0
09/07/2020,Portsmouth,"Not Reported",539,4,0
09/07/2020,"Cumberland Plateau","Other Race",2,1,0
09/07/2020,Southside,"Two or more races",23,0,0
09/07/2020,Portsmouth,White,293,26,8
09/07/2020,"Rappahannock Rapidan","Two or more races",28,3,0
09/07/2020,Fairfax,White,3535,476,302
09/07/2020,Fairfax,"Other Race",750,82,18
09/07/2020,Crater,"Two or more races",8,0,0
09/07/2020,"West Piedmont","Not Reported",372,27,3
09/07/2020,Henrico,"Other Race",144,13,0
09/07/2020,"Three Rivers",White,539,43,9
09/07/2020,"Central Virginia",Black,201,25,6
09/07/2020,Lenowisco,"Other Race",7,0,0
09/07/2020,"Three Rivers","Other Race",14,3,0
09/07/2020,"Western Tidewater",White,671,58,48
09/07/2020,"Mount Rogers",Black,56,8,2
09/07/2020,"Three Rivers","Not Reported",218,3,1
09/07/2020,"Thomas Jefferson",Black,472,67,13
09/07/2020,"Eastern Shore",White,245,26,18
09/07/2020,"Central Virginia",White,684,44,11
09/07/2020,Lenowisco,Black,5,1,1
09/07/2020,"Central Virginia","Two or more races",2,0,0
09/07/2020,Richmond,"Two or more races",29,1,0
09/07/2020,Crater,"Not Reported",647,9,5
09/07/2020,Chesterfield,"Two or more races",24,3,0
09/07/2020,"New River",Latino,130,5,0
09/07/2020,Richmond,Latino,1276,107,7
09/07/2020,Portsmouth,Latino,61,12,1
09/07/2020,Pittsylvania-Danville,"Not Reported",611,10,0
09/07/2020,Chesapeake,"Not Reported",910,7,0
09/07/2020,Chickahominy,Latino,83,4,0
09/07/2020,Crater,Black,1774,182,52
09/07/2020,Chesterfield,Black,941,103,26
09/07/2020,Chesterfield,"Other Race",195,11,0
09/07/2020,Peninsula,Black,1017,67,18
09/07/2020,Roanoke,White,257,15,12
09/07/2020,"New River",Black,108,3,0
09/07/2020,Southside,Latino,9,0,0
09/07/2020,Peninsula,Latino,298,19,1
09/07/2020,Rappahannock,"Two or more races",33,3,0
09/07/2020,"Virginia Beach",Black,1602,111,17
09/07/2020,"Mount Rogers","Not Reported",133,2,2
09/07/2020,Loudoun,"Not Reported",1867,5,0
09/07/2020,Chesapeake,"Other Race",58,4,1
09/07/2020,Chickahominy,"Two or more races",4,1,0
09/07/2020,Crater,"Other Race",38,0,0
09/07/2020,Norfolk,"Two or more races",46,1,0
09/07/2020,"Eastern Shore","Two or more races",1,1,0
09/07/2020,"Central Shenandoah",White,2107,168,52
09/07/2020,"New River","Other Race",9,0,0
09/07/2020,"New River",White,1204,28,9
09/07/2020,"Central Shenandoah","Other Race",67,2,0
09/07/2020,"West Piedmont",Black,419,76,11
09/07/2020,Alleghany,Latino,147,11,0
09/07/2020,"Central Shenandoah","Not Reported",538,4,1
09/07/2020,Roanoke,"Two or more races",3,1,0
09/07/2020,Peninsula,"Two or more races",50,3,0
09/07/2020,Richmond,"Not Reported",662,2,1
09/07/2020,Arlington,"Other Race",88,10,4
09/07/2020,Norfolk,"Not Reported",976,4,0
09/07/2020,Alexandria,"Other Race",78,7,2
09/07/2020,"Virginia Beach",White,2113,158,45
09/07/2020,Chesapeake,"Two or more races",44,2,1
09/07/2020,Alleghany,White,646,46,21
09/07/2020,"Rappahannock Rapidan","Other Race",35,2,0
09/07/2020,Chickahominy,"Not Reported",318,1,1
09/07/2020,Portsmouth,Black,1296,137,29
09/07/2020,Chickahominy,"Other Race",16,2,0
09/07/2020,"Virginia Beach",Latino,367,22,3
09/07/2020,Chesapeake,White,1108,107,23
09/07/2020,Southside,Black,378,36,15
09/07/2020,Rappahannock,Latino,1251,106,8
09/07/2020,"Three Rivers","Two or more races",4,0,0
09/07/2020,Henrico,Black,1524,191,83
09/07/2020,Pittsylvania-Danville,Black,493,56,11
09/07/2020,"Lord Fairfax","Two or more races",11,0,0
09/07/2020,"Prince William",Latino,5788,611,68
09/07/2020,"Mount Rogers","Other Race",8,2,2
09/07/2020,"Central Shenandoah",Black,171,11,4
09/07/2020,Peninsula,White,865,82,34
09/07/2020,"Eastern Shore","Not Reported",84,0,0
09/07/2020,"Thomas Jefferson","Other Race",141,3,1
09/07/2020,Hampton,"Other Race",50,2,0
09/07/2020,"Lord Fairfax","Not Reported",321,3,6
09/07/2020,"Central Virginia","Other Race",16,0,0
09/07/2020,"Western Tidewater","Other Race",65,1,2
09/07/2020,Crater,Latino,186,9,4
09/07/2020,Chesapeake,Latino,268,23,1
09/07/2020,Chesterfield,White,1169,103,67
09/07/2020,"Western Tidewater","Not Reported",866,7,0
09/07/2020,Fairfax,"Not Reported",2404,54,31
09/07/2020,Arlington,Black,378,78,33
09/07/2020,"Central Virginia",Latino,41,3,1
09/07/2020,Alexandria,"Not Reported",231,7,1
09/07/2020,"Three Rivers",Black,429,39,9
09/07/2020,"Prince William","Two or more races",51,1,0
09/07/2020,Loudoun,"Two or more races",45,2,0
09/07/2020,Peninsula,"Other Race",150,4,0
09/07/2020,"Thomas Jefferson",White,1113,74,39
09/07/2020,Norfolk,"Other Race",91,3,1
09/07/2020,"Prince William","Not Reported",4051,27,0
09/07/2020,"West Piedmont",White,695,92,19
09/07/2020,Rappahannock,Black,753,84,15
09/07/2020,Norfolk,Black,2263,223,40
09/07/2020,Roanoke,Latino,344,18,0
09/07/2020,Piedmont,Latino,73,8,1
09/07/2020,Roanoke,"Not Reported",501,1,0
09/07/2020,"Virginia Beach","Other Race",101,2,0
09/07/2020,Arlington,"Two or more races",36,2,0
09/07/2020,Alexandria,White,679,57,33
09/07/2020,"Lord Fairfax","Other Race",74,6,1
09/07/2020,"Thomas Jefferson","Not Reported",232,1,0
09/07/2020,"Virginia Beach","Not Reported",1732,10,3
09/07/2020,Loudoun,Black,285,28,5
09/07/2020,Pittsylvania-Danville,Latino,65,3,0
09/07/2020,"Cumberland Plateau","Not Reported",14,0,0
09/07/2020,Chesterfield,"Not Reported",1971,4,10
09/07/2020,"Mount Rogers",White,1786,177,69
09/07/2020,Richmond,White,609,39,9
09/07/2020,Lenowisco,"Not Reported",116,4,2
09/07/2020,"Three Rivers",Latino,151,5,1
09/07/2020,Piedmont,"Not Reported",730,11,4
09/07/2020,"Mount Rogers",Latino,274,6,0
09/07/2020,"Central Shenandoah","Two or more races",25,1,0
09/07/2020,Crater,White,694,54,19
09/07/2020,Arlington,White,1054,129,69
09/07/2020,Pittsylvania-Danville,"Other Race",0,0,0
09/07/2020,Chickahominy,Black,235,43,12
09/07/2020,Fairfax,Black,1553,238,61
09/07/2020,"Eastern Shore",Latino,260,11,3
09/07/2020,Norfolk,White,778,50,18
09/07/2020,"Mount Rogers","Two or more races",6,0,0
09/07/2020,Alleghany,"Two or more races",4,0,0
09/07/2020,Southside,White,225,28,19
09/07/2020,"Thomas Jefferson","Two or more races",36,0,0
09/07/2020,"Prince William",Black,1321,172,48
09/07/2020,"Lord Fairfax",White,1614,182,75
09/07/2020,"Cumberland Plateau",Latino,5,0,0
09/07/2020,Arlington,"Not Reported",316,4,0
09/07/2020,Rappahannock,"Other Race",105,4,0
09/07/2020,"Rappahannock Rapidan",Black,204,29,8
09/07/2020,"New River","Two or more races",18,0,0
09/07/2020,Arlington,Latino,1594,231,25
09/07/2020,Henrico,White,1224,115,94
09/07/2020,Loudoun,White,1454,118,86
09/07/2020,Hampton,White,237,9,1
09/07/2020,Alleghany,Black,68,6,2
09/07/2020,"Prince William",White,1579,171,86
09/07/2020,Rappahannock,White,1219,132,40
09/07/2020,Southside,"Other Race",12,0,1
09/07/2020,Portsmouth,"Two or more races",9,2,1
09/07/2020,"Western Tidewater",Black,1393,98,42
09/07/2020,Hampton,Latino,53,4,0
09/07/2020,Henrico,"Not Reported",856,4,4
09/07/2020,"West Piedmont","Two or more races",2,0,0
09/07/2020,Peninsula,"Not Reported",1545,2,0
09/07/2020,Loudoun,Latino,2026,179,14
09/07/2020,Alexandria,Black,711,89,15
09/07/2020,Piedmont,Black,467,57,15
09/07/2020,Roanoke,"Other Race",13,0,0
09/07/2020,Alexandria,"Two or more races",21,1,0
09/07/2020,"Western Tidewater",Latino,30,1,1
09/07/2020,Rappahannock,"Not Reported",1218,25,0
09/07/2020,"West Piedmont","Other Race",6,1,1
09/07/2020,Chickahominy,White,657,91,35
09/07/2020,"Thomas Jefferson",Latino,636,27,3
09/07/2020,"Cumberland Plateau",Black,42,0,0
09/07/2020,"Lord Fairfax",Latino,700,46,9
09/07/2020,"West Piedmont",Latino,246,8,1
09/07/2020,"Cumberland Plateau",White,508,48,9
09/07/2020,"Eastern Shore","Other Race",13,1,0
09/07/2020,"Cumberland Plateau","Two or more races",6,0,0
09/07/2020,Pittsylvania-Danville,"Two or more races",2,0,0
09/07/2020,Piedmont,"Other Race",9,0,0
09/07/2020,Alexandria,Latino,1667,130,10
09/07/2020,Chesapeake,Black,1481,194,20
09/07/2020,Richmond,"Other Race",113,7,2
09/07/2020,Henrico,Latino,829,56,9
09/07/2020,Piedmont,"Two or more races",4,2,0
09/07/2020,"Prince William","Other Race",400,16,1
09/07/2020,"New River","Not Reported",439,2,0
09/07/2020,"Rappahannock Rapidan",White,693,51,16
09/07/2020,"Central Virginia","Not Reported",1609,13,1
09/07/2020,"Virginia Beach","Two or more races",54,4,1
09/07/2020,Pittsylvania-Danville,White,364,39,12
09/07/2020,"Lord Fairfax",Black,136,16,6
09/07/2020,Fairfax,Latino,9318,999,91
09/07/2020,Chesterfield,"Asian or Pacific Islander",57,2,1
09/07/2020,Crater,"Asian or Pacific Islander",16,0,0
09/07/2020,Fairfax,"Asian or Pacific Islander",1569,256,72
09/07/2020,Hampton,"Asian or Pacific Islander",12,0,0
09/07/2020,"Rappahannock Rapidan","Asian or Pacific Islander",8,1,0
09/07/2020,"Mount Rogers","Asian or Pacific Islander",3,1,0
09/07/2020,"New River","Asian or Pacific Islander",40,0,0
09/07/2020,"Central Virginia","Asian or Pacific Islander",12,1,0
09/07/2020,"Lord Fairfax","Asian or Pacific Islander",14,0,0
09/07/2020,Southside,"Asian or Pacific Islander",1,0,0
09/07/2020,Alleghany,"Asian or Pacific Islander",16,0,0
09/07/2020,Portsmouth,"Asian or Pacific Islander",14,2,0
09/07/2020,Roanoke,"Asian or Pacific Islander",20,2,0
09/07/2020,Richmond,"Asian or Pacific Islander",37,3,1
09/07/2020,"Thomas Jefferson","Asian or Pacific Islander",43,0,1
09/07/2020,"Virginia Beach","Asian or Pacific Islander",250,21,2
09/07/2020,Henrico,"Asian or Pacific Islander",182,10,4
09/07/2020,Piedmont,"Asian or Pacific Islander",8,0,0
09/07/2020,"Western Tidewater","Asian or Pacific Islander",14,2,1
09/07/2020,"West Piedmont","Asian or Pacific Islander",11,1,1
09/07/2020,Chickahominy,"Asian or Pacific Islander",14,1,0
09/07/2020,Peninsula,"Asian or Pacific Islander",41,4,5
09/07/2020,Norfolk,"Asian or Pacific Islander",59,6,0
09/07/2020,Arlington,"Asian or Pacific Islander",169,22,12
09/07/2020,Loudoun,"Asian or Pacific Islander",370,50,11
09/07/2020,Alexandria,"Asian or Pacific Islander",121,11,1
09/07/2020,Rappahannock,"Asian or Pacific Islander",74,10,2
09/07/2020,Chesapeake,"Asian or Pacific Islander",66,9,4
09/07/2020,"Cumberland Plateau and Lenowisco","Asian or Pacific Islander",1,0,0
09/07/2020,"Central Shenandoah","Asian or Pacific Islander",39,2,0
09/07/2020,"Prince William","Asian or Pacific Islander",462,54,15
09/07/2020,Pittsylvania-Danville,"Asian or Pacific Islander",3,0,0
09/07/2020,"Eastern Shore and Three Rivers","Asian or Pacific Islander",13,1,0
09/07/2020,Piedmont,"Native American",1,0,0
09/07/2020,"New River","Native American",1,0,0
09/07/2020,"Central Shenandoah","Native American",3,1,0
09/07/2020,"Eastern Shore and Three Rivers","Native American",1,0,0
09/07/2020,Fairfax,"Native American",32,1,1
09/07/2020,Chesapeake,"Native American",11,0,0
09/07/2020,"Western Tidewater","Native American",2,0,0
09/07/2020,Portsmouth,"Native American",4,2,0
09/07/2020,Richmond,"Native American",0,0,0
09/07/2020,Chickahominy,"Native American",5,1,0
09/07/2020,"Thomas Jefferson","Native American",2,0,0
09/07/2020,Arlington,"Native American",5,0,0
09/07/2020,"Virginia Beach","Native American",7,0,0
09/07/2020,Peninsula,"Native American",7,2,1
09/07/2020,Hampton,"Native American",2,0,0
09/07/2020,"West Piedmont","Native American",2,0,0
09/07/2020,"Cumberland Plateau, Lenowisco, and Mount Rogers","Native American",1,0,0
09/07/2020,Henrico,"Native American",8,0,0
09/07/2020,Norfolk,"Native American",9,1,1
09/07/2020,"Prince William","Native American",20,1,1
09/07/2020,"Central Virginia","Native American",3,0,0
09/07/2020,Chesterfield,"Native American",6,0,0
09/07/2020,Rappahannock,"Native American",5,0,0
09/07/2020,Loudoun,"Native American",5,0,0
09/07/2020,Alexandria,"Native American",3,0,0
09/07/2020,"Alleghany and Roanoke","Native American",1,0,0
09/07/2020,Crater,"Native American",5,0,0
09/07/2020,"Rappahannock Rapidan","Native American",1,0,0
09/07/2020,"Lord Fairfax","Native American",2,1,1
09/07/2020,"Pittsylvania-Danville and Southside","Native American",0,0,0
09/08/2020,"Rappahannock Rapidan","Not Reported",634,12,9
09/08/2020,Portsmouth,"Other Race",71,9,4
09/08/2020,"Western Tidewater","Two or more races",26,0,0
09/08/2020,Piedmont,White,484,49,20
09/08/2020,Chesterfield,Latino,1331,86,6
09/08/2020,Lenowisco,White,651,65,10
09/08/2020,Lenowisco,"Two or more races",2,0,0
09/08/2020,Hampton,"Not Reported",601,3,2
09/08/2020,Southside,"Not Reported",500,10,4
09/08/2020,Roanoke,Black,169,15,3
09/08/2020,Hampton,Black,679,39,13
09/08/2020,Alleghany,"Other Race",7,1,0
09/08/2020,Lenowisco,Latino,10,0,0
09/08/2020,Loudoun,"Other Race",173,13,2
09/08/2020,"Central Shenandoah",Latino,1002,56,6
09/08/2020,"Rappahannock Rapidan",Latino,771,62,7
09/08/2020,"Eastern Shore",Black,850,97,27
09/08/2020,Norfolk,Latino,310,20,0
09/08/2020,Hampton,"Two or more races",14,0,0
09/08/2020,Richmond,Black,1432,231,29
09/08/2020,Henrico,"Two or more races",41,1,0
09/08/2020,Fairfax,"Two or more races",90,5,0
09/08/2020,Alleghany,"Not Reported",384,1,0
09/08/2020,Portsmouth,"Not Reported",542,4,0
09/08/2020,"Cumberland Plateau","Other Race",2,1,0
09/08/2020,Southside,"Two or more races",23,0,0
09/08/2020,Portsmouth,White,294,26,8
09/08/2020,"Rappahannock Rapidan","Two or more races",28,3,0
09/08/2020,Fairfax,White,3562,476,302
09/08/2020,Fairfax,"Other Race",752,82,18
09/08/2020,Crater,"Two or more races",8,0,0
09/08/2020,"West Piedmont","Not Reported",371,27,3
09/08/2020,Henrico,"Other Race",149,13,0
09/08/2020,"Three Rivers",White,545,43,9
09/08/2020,"Central Virginia",Black,203,25,6
09/08/2020,Lenowisco,"Other Race",7,0,0
09/08/2020,"Three Rivers","Other Race",14,3,0
09/08/2020,"Western Tidewater",White,697,58,48
09/08/2020,"Mount Rogers",Black,56,8,2
09/08/2020,"Three Rivers","Not Reported",219,3,1
09/08/2020,"Thomas Jefferson",Black,472,68,13
09/08/2020,"Eastern Shore",White,246,26,18
09/08/2020,"Central Virginia",White,689,46,11
09/08/2020,Lenowisco,Black,6,1,1
09/08/2020,"Central Virginia","Two or more races",3,0,0
09/08/2020,Richmond,"Two or more races",30,1,0
09/08/2020,Crater,"Not Reported",650,9,5
09/08/2020,Chesterfield,"Two or more races",25,3,0
09/08/2020,"New River",Latino,130,5,0
09/08/2020,Richmond,Latino,1276,107,7
09/08/2020,Portsmouth,Latino,61,12,1
09/08/2020,Pittsylvania-Danville,"Not Reported",611,10,0
09/08/2020,Chesapeake,"Not Reported",880,6,0
09/08/2020,Chickahominy,Latino,83,4,0
09/08/2020,Crater,Black,1782,182,52
09/08/2020,Chesterfield,Black,956,103,26
09/08/2020,Chesterfield,"Other Race",196,11,0
09/08/2020,Peninsula,Black,1022,67,18
09/08/2020,Roanoke,White,262,15,12
09/08/2020,"New River",Black,109,3,0
09/08/2020,Southside,Latino,9,0,0
09/08/2020,Peninsula,Latino,298,19,1
09/08/2020,Rappahannock,"Two or more races",33,3,0
09/08/2020,"Virginia Beach",Black,1603,111,17
09/08/2020,"Mount Rogers","Not Reported",134,2,2
09/08/2020,Loudoun,"Not Reported",1886,5,0
09/08/2020,Chesapeake,"Other Race",57,5,1
09/08/2020,Chickahominy,"Two or more races",4,1,0
09/08/2020,Crater,"Other Race",38,0,0
09/08/2020,Norfolk,"Two or more races",46,1,0
09/08/2020,"Eastern Shore","Two or more races",1,1,0
09/08/2020,"Central Shenandoah",White,2166,169,52
09/08/2020,"New River","Other Race",10,0,0
09/08/2020,"New River",White,1224,28,9
09/08/2020,"Central Shenandoah","Other Race",78,2,0
09/08/2020,"West Piedmont",Black,420,76,11
09/08/2020,Alleghany,Latino,148,11,0
09/08/2020,"Central Shenandoah","Not Reported",628,4,1
09/08/2020,Roanoke,"Two or more races",3,1,0
09/08/2020,Peninsula,"Two or more races",50,3,0
09/08/2020,Richmond,"Not Reported",663,2,1
09/08/2020,Arlington,"Other Race",89,10,4
09/08/2020,Norfolk,"Not Reported",979,4,0
09/08/2020,Alexandria,"Other Race",77,7,2
09/08/2020,"Virginia Beach",White,2113,158,45
09/08/2020,Chesapeake,"Two or more races",40,2,1
09/08/2020,Alleghany,White,655,47,21
09/08/2020,"Rappahannock Rapidan","Other Race",35,2,0
09/08/2020,Chickahominy,"Not Reported",324,2,1
09/08/2020,Portsmouth,Black,1314,138,29
09/08/2020,Chickahominy,"Other Race",16,2,0
09/08/2020,"Virginia Beach",Latino,367,22,3
09/08/2020,Chesapeake,White,1136,107,23
09/08/2020,Southside,Black,387,36,15
09/08/2020,Rappahannock,Latino,1253,106,8
09/08/2020,"Three Rivers","Two or more races",4,0,0
09/08/2020,Henrico,Black,1529,191,83
09/08/2020,Pittsylvania-Danville,Black,499,56,11
09/08/2020,"Lord Fairfax","Two or more races",12,0,0
09/08/2020,"Prince William",Latino,5819,612,68
09/08/2020,"Mount Rogers","Other Race",8,2,2
09/08/2020,"Central Shenandoah",Black,176,11,4
09/08/2020,Peninsula,White,872,82,34
09/08/2020,"Eastern Shore","Not Reported",84,0,0
09/08/2020,"Thomas Jefferson","Other Race",140,3,1
09/08/2020,Hampton,"Other Race",50,2,0
09/08/2020,"Lord Fairfax","Not Reported",320,3,6
09/08/2020,"Central Virginia","Other Race",16,0,0
09/08/2020,"Western Tidewater","Other Race",65,1,2
09/08/2020,Crater,Latino,186,9,4
09/08/2020,Chesapeake,Latino,271,23,1
09/08/2020,Chesterfield,White,1188,104,67
09/08/2020,"Western Tidewater","Not Reported",821,6,0
09/08/2020,Fairfax,"Not Reported",2401,54,31
09/08/2020,Arlington,Black,381,80,33
09/08/2020,"Central Virginia",Latino,41,3,1
09/08/2020,Alexandria,"Not Reported",233,7,1
09/08/2020,"Three Rivers",Black,431,39,9
09/08/2020,"Prince William","Two or more races",58,1,0
09/08/2020,Loudoun,"Two or more races",45,2,0
09/08/2020,Peninsula,"Other Race",152,4,0
09/08/2020,"Thomas Jefferson",White,1125,75,39
09/08/2020,Norfolk,"Other Race",90,3,1
09/08/2020,"Prince William","Not Reported",4038,27,0
09/08/2020,"West Piedmont",White,698,93,19
09/08/2020,Rappahannock,Black,767,85,15
09/08/2020,Norfolk,Black,2263,225,40
09/08/2020,Roanoke,Latino,345,18,0
09/08/2020,Piedmont,Latino,72,8,1
09/08/2020,Roanoke,"Not Reported",493,1,0
09/08/2020,"Virginia Beach","Other Race",101,2,0
09/08/2020,Arlington,"Two or more races",36,2,0
09/08/2020,Alexandria,White,681,57,33
09/08/2020,"Lord Fairfax","Other Race",73,6,1
09/08/2020,"Thomas Jefferson","Not Reported",230,1,0
09/08/2020,"Virginia Beach","Not Reported",1732,10,3
09/08/2020,Loudoun,Black,286,28,5
09/08/2020,Pittsylvania-Danville,Latino,65,3,0
09/08/2020,"Cumberland Plateau","Not Reported",14,0,0
09/08/2020,Chesterfield,"Not Reported",1976,4,10
09/08/2020,"Mount Rogers",White,1810,179,70
09/08/2020,Richmond,White,623,39,9
09/08/2020,Lenowisco,"Not Reported",117,4,2
09/08/2020,"Three Rivers",Latino,151,5,1
09/08/2020,Piedmont,"Not Reported",727,11,4
09/08/2020,"Mount Rogers",Latino,274,6,0
09/08/2020,"Central Shenandoah","Two or more races",28,1,0
09/08/2020,Crater,White,698,54,19
09/08/2020,Arlington,White,1059,129,69
09/08/2020,Pittsylvania-Danville,"Other Race",0,0,0
09/08/2020,Chickahominy,Black,237,43,12
09/08/2020,Fairfax,Black,1565,239,61
09/08/2020,"Eastern Shore",Latino,260,11,3
09/08/2020,Norfolk,White,781,50,18
09/08/2020,"Mount Rogers","Two or more races",7,0,0
09/08/2020,Alleghany,"Two or more races",5,0,0
09/08/2020,Southside,White,229,28,19
09/08/2020,"Thomas Jefferson","Two or more races",37,0,0
09/08/2020,"Prince William",Black,1329,172,48
09/08/2020,"Lord Fairfax",White,1621,182,75
09/08/2020,"Cumberland Plateau",Latino,5,0,0
09/08/2020,Arlington,"Not Reported",320,4,0
09/08/2020,Rappahannock,"Other Race",104,4,0
09/08/2020,"Rappahannock Rapidan",Black,205,29,8
09/08/2020,"New River","Two or more races",18,0,0
09/08/2020,Arlington,Latino,1597,231,25
09/08/2020,Henrico,White,1240,115,94
09/08/2020,Loudoun,White,1458,118,86
09/08/2020,Hampton,White,240,9,1
09/08/2020,Alleghany,Black,68,6,2
09/08/2020,"Prince William",White,1585,171,86
09/08/2020,Rappahannock,White,1232,133,40
09/08/2020,Southside,"Other Race",12,0,1
09/08/2020,Portsmouth,"Two or more races",9,2,1
09/08/2020,"Western Tidewater",Black,1432,100,42
09/08/2020,Hampton,Latino,53,4,0
09/08/2020,Henrico,"Not Reported",861,4,4
09/08/2020,"West Piedmont","Two or more races",2,0,0
09/08/2020,Peninsula,"Not Reported",1554,2,0
09/08/2020,Loudoun,Latino,2036,179,14
09/08/2020,Alexandria,Black,715,89,15
09/08/2020,Piedmont,Black,473,57,15
09/08/2020,Roanoke,"Other Race",13,0,0
09/08/2020,Alexandria,"Two or more races",21,1,0
09/08/2020,"Western Tidewater",Latino,30,1,1
09/08/2020,Rappahannock,"Not Reported",1213,25,0
09/08/2020,"West Piedmont","Other Race",6,1,1
09/08/2020,Chickahominy,White,666,92,35
09/08/2020,"Thomas Jefferson",Latino,638,27,3
09/08/2020,"Cumberland Plateau",Black,42,0,0
09/08/2020,"Lord Fairfax",Latino,705,46,9
09/08/2020,"West Piedmont",Latino,247,8,1
09/08/2020,"Cumberland Plateau",White,517,48,9
09/08/2020,"Eastern Shore","Other Race",13,1,0
09/08/2020,"Cumberland Plateau","Two or more races",6,0,0
09/08/2020,Pittsylvania-Danville,"Two or more races",2,0,0
09/08/2020,Piedmont,"Other Race",9,0,0
09/08/2020,Alexandria,Latino,1673,130,10
09/08/2020,Chesapeake,Black,1499,196,20
09/08/2020,Richmond,"Other Race",113,7,2
09/08/2020,Henrico,Latino,829,56,9
09/08/2020,Piedmont,"Two or more races",4,2,0
09/08/2020,"Prince William","Other Race",404,16,1
09/08/2020,"New River","Not Reported",450,2,0
09/08/2020,"Rappahannock Rapidan",White,699,51,16
09/08/2020,"Central Virginia","Not Reported",1604,13,1
09/08/2020,"Virginia Beach","Two or more races",54,4,1
09/08/2020,Pittsylvania-Danville,White,375,39,12
09/08/2020,"Lord Fairfax",Black,136,16,6
09/08/2020,Fairfax,Latino,9342,1000,91
09/08/2020,Chesterfield,"Asian or Pacific Islander",57,2,1
09/08/2020,Crater,"Asian or Pacific Islander",16,0,0
09/08/2020,Fairfax,"Asian or Pacific Islander",1582,257,73
09/08/2020,Hampton,"Asian or Pacific Islander",12,0,0
09/08/2020,"Rappahannock Rapidan","Asian or Pacific Islander",8,1,0
09/08/2020,"Mount Rogers","Asian or Pacific Islander",3,1,0
09/08/2020,"New River","Asian or Pacific Islander",40,0,0
09/08/2020,"Central Virginia","Asian or Pacific Islander",12,1,0
09/08/2020,"Lord Fairfax","Asian or Pacific Islander",14,0,0
09/08/2020,Southside,"Asian or Pacific Islander",1,0,0
09/08/2020,Alleghany,"Asian or Pacific Islander",16,0,0
09/08/2020,Portsmouth,"Asian or Pacific Islander",14,2,0
09/08/2020,Roanoke,"Asian or Pacific Islander",20,2,0
09/08/2020,Richmond,"Asian or Pacific Islander",39,3,1
09/08/2020,"Thomas Jefferson","Asian or Pacific Islander",44,0,1
09/08/2020,"Virginia Beach","Asian or Pacific Islander",250,21,2
09/08/2020,Henrico,"Asian or Pacific Islander",186,10,4
09/08/2020,Piedmont,"Asian or Pacific Islander",8,0,0
09/08/2020,"Western Tidewater","Asian or Pacific Islander",16,2,1
09/08/2020,"West Piedmont","Asian or Pacific Islander",11,1,1
09/08/2020,Chickahominy,"Asian or Pacific Islander",14,1,0
09/08/2020,Peninsula,"Asian or Pacific Islander",41,4,5
09/23/2020,Henrico,White,1446,133,106
09/08/2020,Norfolk,"Asian or Pacific Islander",59,6,0
09/08/2020,Arlington,"Asian or Pacific Islander",169,22,12
09/08/2020,Loudoun,"Asian or Pacific Islander",374,51,11
09/08/2020,Alexandria,"Asian or Pacific Islander",124,11,1
09/08/2020,Rappahannock,"Asian or Pacific Islander",75,10,2
09/08/2020,Chesapeake,"Asian or Pacific Islander",68,9,4
09/08/2020,"Cumberland Plateau and Lenowisco","Asian or Pacific Islander",1,0,0
09/08/2020,"Central Shenandoah","Asian or Pacific Islander",40,2,0
09/08/2020,"Prince William","Asian or Pacific Islander",469,54,15
09/08/2020,Pittsylvania-Danville,"Asian or Pacific Islander",3,0,0
09/08/2020,"Eastern Shore and Three Rivers","Asian or Pacific Islander",14,1,0
09/08/2020,Piedmont,"Native American",1,0,0
09/08/2020,"New River","Native American",1,0,0
09/08/2020,"Central Shenandoah","Native American",3,1,0
09/08/2020,"Eastern Shore and Three Rivers","Native American",1,0,0
09/08/2020,Fairfax,"Native American",32,1,1
09/08/2020,Chesapeake,"Native American",11,0,0
09/08/2020,"Western Tidewater","Native American",2,0,0
09/08/2020,Portsmouth,"Native American",4,2,0
09/08/2020,Richmond,"Native American",0,0,0
09/08/2020,Chickahominy,"Native American",5,1,0
09/08/2020,"Thomas Jefferson","Native American",2,0,0
09/08/2020,Arlington,"Native American",5,0,0
09/08/2020,"Virginia Beach","Native American",7,0,0
09/08/2020,Peninsula,"Native American",7,2,1
09/08/2020,Hampton,"Native American",2,0,0
09/08/2020,"West Piedmont","Native American",2,0,0
09/08/2020,"Cumberland Plateau, Lenowisco, and Mount Rogers","Native American",1,0,0
09/08/2020,Henrico,"Native American",9,0,0
09/08/2020,Norfolk,"Native American",9,1,1
09/08/2020,"Prince William","Native American",20,1,1
09/08/2020,"Central Virginia","Native American",3,0,0
09/08/2020,Chesterfield,"Native American",6,0,0
09/08/2020,Rappahannock,"Native American",6,0,0
09/08/2020,Loudoun,"Native American",5,0,0
09/08/2020,Alexandria,"Native American",3,0,0
09/08/2020,"Alleghany and Roanoke","Native American",1,0,0
09/08/2020,Crater,"Native American",5,0,0
09/08/2020,"Rappahannock Rapidan","Native American",1,0,0
09/08/2020,"Lord Fairfax","Native American",2,1,1
09/08/2020,"Pittsylvania-Danville and Southside","Native American",0,0,0
09/09/2020,"Rappahannock Rapidan","Not Reported",637,13,11
09/09/2020,Portsmouth,"Other Race",70,9,4
09/09/2020,"Western Tidewater","Two or more races",26,0,0
09/09/2020,Piedmont,White,489,49,20
09/09/2020,Chesterfield,Latino,1344,86,6
09/09/2020,Lenowisco,White,655,65,10
09/09/2020,Lenowisco,"Two or more races",2,0,0
09/09/2020,Hampton,"Not Reported",603,3,2
09/09/2020,Southside,"Not Reported",503,10,4
09/09/2020,Roanoke,Black,172,15,3
09/09/2020,Hampton,Black,683,39,13
09/09/2020,Alleghany,"Other Race",8,1,0
09/09/2020,Lenowisco,Latino,10,0,0
09/09/2020,Loudoun,"Other Race",173,14,2
09/09/2020,"Central Shenandoah",Latino,1008,56,6
09/09/2020,"Rappahannock Rapidan",Latino,771,62,7
09/09/2020,"Eastern Shore",Black,851,98,27
09/09/2020,Norfolk,Latino,313,20,0
09/09/2020,Hampton,"Two or more races",14,0,0
09/09/2020,Richmond,Black,1443,232,29
09/09/2020,Henrico,"Two or more races",41,1,0
09/09/2020,Fairfax,"Two or more races",91,5,0
09/09/2020,Alleghany,"Not Reported",380,1,0
09/09/2020,Portsmouth,"Not Reported",521,4,0
09/09/2020,"Cumberland Plateau","Other Race",2,1,0
09/09/2020,Southside,"Two or more races",23,0,0
09/09/2020,Portsmouth,White,301,32,8
09/09/2020,"Rappahannock Rapidan","Two or more races",28,3,0
09/09/2020,Fairfax,"Other Race",757,84,18
09/09/2020,Crater,"Two or more races",8,0,0
09/09/2020,"West Piedmont","Not Reported",373,27,3
09/09/2020,Henrico,"Other Race",149,13,0
09/09/2020,"Three Rivers",White,550,43,9
09/09/2020,"Central Virginia",Black,207,25,6
09/09/2020,Lenowisco,"Other Race",7,0,0
09/09/2020,"Three Rivers","Other Race",13,3,0
09/09/2020,"Western Tidewater",White,710,60,48
09/09/2020,"Mount Rogers",Black,56,7,2
09/09/2020,"Three Rivers","Not Reported",219,3,1
09/09/2020,"Thomas Jefferson",Black,472,68,14
09/09/2020,"Eastern Shore",White,246,26,18
09/09/2020,"Central Virginia",White,712,47,11
09/09/2020,Lenowisco,Black,6,1,1
09/09/2020,"Central Virginia","Two or more races",4,0,0
09/09/2020,Richmond,"Two or more races",32,1,0
09/09/2020,Crater,"Not Reported",687,9,5
09/09/2020,Chesterfield,"Two or more races",27,3,0
09/09/2020,"New River",Latino,130,5,0
09/09/2020,Richmond,Latino,1281,109,7
09/09/2020,Portsmouth,Latino,63,12,1
09/09/2020,Pittsylvania-Danville,"Not Reported",612,10,0
09/09/2020,Chesapeake,"Not Reported",888,6,0
09/09/2020,Chickahominy,Latino,83,4,0
09/09/2020,Crater,Black,1797,183,52
09/09/2020,Chesterfield,Black,973,107,28
09/09/2020,Chesterfield,"Other Race",195,12,0
09/09/2020,Peninsula,Black,1026,67,18
09/09/2020,Roanoke,White,266,15,12
09/09/2020,"New River",Black,111,3,0
09/09/2020,Southside,Latino,9,0,0
09/09/2020,Peninsula,Latino,300,19,1
09/09/2020,Rappahannock,"Two or more races",33,3,0
09/09/2020,"Virginia Beach",Black,1618,113,17
09/09/2020,"Mount Rogers","Not Reported",132,2,2
09/09/2020,Loudoun,"Not Reported",1861,6,0
09/09/2020,Chesapeake,"Other Race",57,5,1
09/09/2020,Chickahominy,"Two or more races",4,1,0
09/09/2020,Crater,"Other Race",38,0,0
09/09/2020,Norfolk,"Two or more races",45,1,0
09/09/2020,"Eastern Shore","Two or more races",1,1,0
09/09/2020,"Central Shenandoah",White,2235,169,53
09/09/2020,"New River","Other Race",10,0,0
09/09/2020,"New River",White,1259,29,9
09/09/2020,"Central Shenandoah","Other Race",81,2,0
09/09/2020,"West Piedmont",Black,424,76,11
09/09/2020,Alleghany,Latino,149,11,0
09/09/2020,"Central Shenandoah","Not Reported",632,4,1
09/09/2020,Roanoke,"Two or more races",3,1,0
09/09/2020,Peninsula,"Two or more races",50,3,0
09/09/2020,Richmond,"Not Reported",666,2,1
09/09/2020,Arlington,"Other Race",90,10,4
09/09/2020,Norfolk,"Not Reported",978,4,0
09/09/2020,Alexandria,"Other Race",77,7,2
09/09/2020,"Virginia Beach",White,2144,162,45
09/09/2020,Chesapeake,"Two or more races",40,2,1
09/09/2020,Alleghany,White,661,47,21
09/09/2020,"Rappahannock Rapidan","Other Race",34,2,0
09/09/2020,Chickahominy,"Not Reported",321,2,1
09/09/2020,Portsmouth,Black,1338,154,30
09/09/2020,Chickahominy,"Other Race",16,2,0
09/09/2020,"Virginia Beach",Latino,372,22,3
09/09/2020,Chesapeake,White,1140,107,22
09/09/2020,Southside,Black,402,36,15
09/09/2020,Rappahannock,Latino,1259,106,8
09/09/2020,"Three Rivers","Two or more races",6,0,0
09/09/2020,Henrico,Black,1536,191,83
09/09/2020,Pittsylvania-Danville,Black,503,56,11
09/09/2020,"Lord Fairfax","Two or more races",12,0,0
09/09/2020,"Prince William",Latino,5852,613,68
09/09/2020,"Mount Rogers","Other Race",8,2,2
09/09/2020,"Central Shenandoah",Black,178,11,4
09/09/2020,Peninsula,White,873,82,34
09/09/2020,"Eastern Shore","Not Reported",84,0,0
09/09/2020,"Thomas Jefferson","Other Race",141,3,1
09/09/2020,Hampton,"Other Race",51,2,0
09/09/2020,"Lord Fairfax","Not Reported",320,3,6
09/09/2020,"Central Virginia","Other Race",16,0,0
09/09/2020,"Western Tidewater","Other Race",65,1,2
09/09/2020,Crater,Latino,186,9,4
09/09/2020,Chesapeake,Latino,272,23,1
09/09/2020,Chesterfield,White,1218,105,68
09/09/2020,"Western Tidewater","Not Reported",800,3,0
09/09/2020,Fairfax,"Not Reported",2381,54,31
09/09/2020,Arlington,Black,383,81,33
09/09/2020,"Central Virginia",Latino,43,3,1
09/09/2020,Alexandria,"Not Reported",230,7,1
09/09/2020,"Three Rivers",Black,435,40,9
09/09/2020,"Prince William","Two or more races",68,1,0
09/09/2020,Loudoun,"Two or more races",45,2,0
09/09/2020,Peninsula,"Other Race",152,4,0
09/09/2020,"Thomas Jefferson",White,1151,75,39
09/09/2020,Norfolk,"Other Race",83,3,1
09/09/2020,"Prince William","Not Reported",4045,27,0
09/09/2020,"West Piedmont",White,702,96,19
09/09/2020,Rappahannock,Black,777,87,15
09/09/2020,Norfolk,Black,2270,226,40
09/09/2020,Roanoke,Latino,344,18,0
09/09/2020,Piedmont,Latino,72,8,1
09/09/2020,Roanoke,"Not Reported",493,2,0
09/09/2020,"Virginia Beach","Other Race",102,2,0
09/09/2020,Arlington,"Two or more races",36,2,0
09/09/2020,Alexandria,White,686,57,33
09/09/2020,"Lord Fairfax","Other Race",73,6,1
09/09/2020,"Thomas Jefferson","Not Reported",227,1,0
09/09/2020,"Virginia Beach","Not Reported",1753,10,3
09/09/2020,Loudoun,Black,290,28,5
09/09/2020,Pittsylvania-Danville,Latino,65,3,0
09/09/2020,"Cumberland Plateau","Not Reported",14,0,0
09/09/2020,Chesterfield,"Not Reported",1957,4,10
09/09/2020,"Mount Rogers",White,1823,181,70
09/09/2020,Richmond,White,624,39,9
09/09/2020,Lenowisco,"Not Reported",117,4,2
09/09/2020,"Three Rivers",Latino,151,5,1
09/09/2020,Piedmont,"Not Reported",728,11,4
09/09/2020,"Mount Rogers",Latino,275,6,0
09/09/2020,"Central Shenandoah","Two or more races",28,1,0
09/09/2020,Crater,White,704,55,19
09/09/2020,Arlington,White,1067,130,69
09/09/2020,Pittsylvania-Danville,"Other Race",0,0,0
09/09/2020,Chickahominy,Black,245,43,12
09/09/2020,Fairfax,Black,1576,240,62
09/09/2020,"Eastern Shore",Latino,260,11,3
09/09/2020,Norfolk,White,787,51,18
09/09/2020,"Mount Rogers","Two or more races",7,0,0
09/09/2020,Alleghany,"Two or more races",5,0,0
09/09/2020,Southside,White,233,28,19
09/09/2020,"Thomas Jefferson","Two or more races",37,0,0
09/09/2020,"Prince William",Black,1339,172,48
09/09/2020,"Lord Fairfax",White,1623,184,75
09/09/2020,"Cumberland Plateau",Latino,5,0,0
09/09/2020,Arlington,"Not Reported",318,4,0
09/09/2020,Rappahannock,"Other Race",105,4,0
09/09/2020,"Rappahannock Rapidan",Black,208,30,8
09/09/2020,"New River","Two or more races",18,0,0
09/09/2020,Arlington,Latino,1607,231,25
09/09/2020,Henrico,White,1255,116,95
09/09/2020,Loudoun,White,1471,118,86
09/09/2020,Hampton,White,243,9,1
09/09/2020,Alleghany,Black,70,6,2
09/09/2020,"Prince William",White,1593,173,86
09/09/2020,Rappahannock,White,1257,133,40
09/09/2020,Southside,"Other Race",13,0,1
09/09/2020,Portsmouth,"Two or more races",12,2,0
09/09/2020,"Western Tidewater",Black,1461,101,42
09/09/2020,Hampton,Latino,53,4,0
09/09/2020,Henrico,"Not Reported",862,4,4
09/09/2020,"West Piedmont","Two or more races",2,0,0
09/09/2020,Peninsula,"Not Reported",1557,2,0
09/09/2020,Loudoun,Latino,2052,180,14
09/09/2020,Alexandria,Black,725,89,15
09/09/2020,Piedmont,Black,475,57,15
09/09/2020,Roanoke,"Other Race",13,0,0
09/09/2020,Alexandria,"Two or more races",21,1,0
09/09/2020,"Western Tidewater",Latino,30,1,1
09/09/2020,Rappahannock,"Not Reported",1219,25,0
09/09/2020,"West Piedmont","Other Race",6,1,1
09/09/2020,Chickahominy,White,676,92,35
09/09/2020,"Thomas Jefferson",Latino,640,27,3
09/09/2020,"Cumberland Plateau",Black,42,0,0
09/09/2020,"Lord Fairfax",Latino,705,46,9
09/09/2020,"West Piedmont",Latino,247,8,1
09/09/2020,"Cumberland Plateau",White,523,48,9
09/09/2020,"Eastern Shore","Other Race",13,1,0
09/09/2020,"Cumberland Plateau","Two or more races",6,0,0
09/09/2020,Pittsylvania-Danville,"Two or more races",2,0,0
09/09/2020,Piedmont,"Other Race",9,0,0
09/09/2020,Alexandria,Latino,1680,130,10
09/09/2020,Chesapeake,Black,1506,197,21
09/09/2020,Richmond,"Other Race",113,7,2
09/09/2020,Henrico,Latino,831,56,9
09/09/2020,Piedmont,"Two or more races",4,2,0
09/09/2020,"Prince William","Other Race",402,16,1
09/09/2020,"New River","Not Reported",488,2,0
09/09/2020,"Rappahannock Rapidan",White,711,51,16
09/09/2020,"Central Virginia","Not Reported",1609,13,1
09/09/2020,"Virginia Beach","Two or more races",57,4,1
09/09/2020,Pittsylvania-Danville,White,382,40,12
09/09/2020,"Lord Fairfax",Black,136,17,6
09/09/2020,Fairfax,Latino,9361,1000,91
09/09/2020,Chesterfield,"Asian or Pacific Islander",57,2,1
09/09/2020,Crater,"Asian or Pacific Islander",16,0,0
09/09/2020,Fairfax,"Asian or Pacific Islander",1589,258,74
09/09/2020,Hampton,"Asian or Pacific Islander",12,0,0
09/09/2020,"Rappahannock Rapidan","Asian or Pacific Islander",8,1,0
09/09/2020,"Mount Rogers","Asian or Pacific Islander",3,1,0
09/09/2020,"New River","Asian or Pacific Islander",41,0,0
09/09/2020,"Central Virginia","Asian or Pacific Islander",12,1,0
09/09/2020,"Lord Fairfax","Asian or Pacific Islander",14,0,0
09/09/2020,Southside,"Asian or Pacific Islander",1,0,0
09/09/2020,Alleghany,"Asian or Pacific Islander",17,0,0
09/09/2020,Portsmouth,"Asian or Pacific Islander",15,2,0
09/09/2020,Roanoke,"Asian or Pacific Islander",20,2,0
09/09/2020,Richmond,"Asian or Pacific Islander",39,3,1
09/09/2020,"Thomas Jefferson","Asian or Pacific Islander",45,0,1
09/09/2020,"Virginia Beach","Asian or Pacific Islander",252,22,2
09/09/2020,Henrico,"Asian or Pacific Islander",189,11,4
09/09/2020,Piedmont,"Asian or Pacific Islander",8,0,0
09/09/2020,"Western Tidewater","Asian or Pacific Islander",17,2,1
09/09/2020,"West Piedmont","Asian or Pacific Islander",11,1,1
09/09/2020,Chickahominy,"Asian or Pacific Islander",13,1,0
09/09/2020,Peninsula,"Asian or Pacific Islander",41,4,5
09/09/2020,Norfolk,"Asian or Pacific Islander",60,6,0
09/09/2020,Arlington,"Asian or Pacific Islander",173,22,12
09/09/2020,Loudoun,"Asian or Pacific Islander",376,51,11
09/09/2020,Alexandria,"Asian or Pacific Islander",124,11,1
09/09/2020,Rappahannock,"Asian or Pacific Islander",77,10,2
09/09/2020,Chesapeake,"Asian or Pacific Islander",68,9,4
09/09/2020,"Cumberland Plateau and Lenowisco","Asian or Pacific Islander",1,0,0
09/09/2020,"Central Shenandoah","Asian or Pacific Islander",40,2,0
09/09/2020,"Prince William","Asian or Pacific Islander",474,54,15
09/23/2020,Loudoun,White,1602,122,90
09/09/2020,Pittsylvania-Danville,"Asian or Pacific Islander",3,0,0
09/09/2020,"Eastern Shore and Three Rivers","Asian or Pacific Islander",13,1,0
09/09/2020,Piedmont,"Native American",1,0,0
09/09/2020,"New River","Native American",1,0,0
09/09/2020,"Central Shenandoah","Native American",3,1,0
09/09/2020,"Eastern Shore and Three Rivers","Native American",1,0,0
09/09/2020,Fairfax,"Native American",32,1,1
09/09/2020,Chesapeake,"Native American",11,0,0
09/09/2020,"Western Tidewater","Native American",2,0,0
09/09/2020,Portsmouth,"Native American",4,2,0
09/09/2020,Richmond,"Native American",0,0,0
09/09/2020,Chickahominy,"Native American",5,1,0
09/09/2020,"Thomas Jefferson","Native American",2,0,0
09/09/2020,Arlington,"Native American",5,0,0
09/09/2020,"Virginia Beach","Native American",7,0,0
09/09/2020,Peninsula,"Native American",7,2,1
09/09/2020,Hampton,"Native American",2,0,0
09/09/2020,"West Piedmont","Native American",2,0,0
09/09/2020,"Cumberland Plateau, Lenowisco, and Mount Rogers","Native American",1,0,0
09/09/2020,Henrico,"Native American",9,0,0
09/09/2020,Norfolk,"Native American",9,1,1
09/09/2020,"Prince William","Native American",20,1,1
09/09/2020,"Central Virginia","Native American",3,0,0
09/09/2020,Chesterfield,"Native American",6,0,0
09/09/2020,Rappahannock,"Native American",6,0,0
09/09/2020,Loudoun,"Native American",5,0,0
09/09/2020,Alexandria,"Native American",3,0,0
09/09/2020,"Alleghany and Roanoke","Native American",1,0,0
09/09/2020,Crater,"Native American",5,0,0
09/09/2020,"Rappahannock Rapidan","Native American",1,0,0
09/09/2020,"Lord Fairfax","Native American",2,1,1
09/09/2020,"Pittsylvania-Danville and Southside","Native American",0,0,0
09/10/2020,"Rappahannock Rapidan","Not Reported",639,13,11
09/10/2020,Portsmouth,"Other Race",68,9,4
09/10/2020,"Western Tidewater","Two or more races",26,0,0
09/10/2020,Piedmont,White,493,50,20
09/10/2020,Chesterfield,Latino,1363,86,6
09/10/2020,Lenowisco,White,666,65,10
09/10/2020,Lenowisco,"Two or more races",2,0,0
09/10/2020,Hampton,"Not Reported",616,3,2
09/10/2020,Southside,"Not Reported",504,10,4
09/10/2020,Roanoke,Black,176,15,3
09/10/2020,Hampton,Black,691,39,13
09/10/2020,Alleghany,"Other Race",8,1,0
09/10/2020,Lenowisco,Latino,10,0,0
09/10/2020,Loudoun,"Other Race",172,14,2
09/10/2020,"Central Shenandoah",Latino,1019,56,6
09/10/2020,"Rappahannock Rapidan",Latino,771,62,7
09/10/2020,"Eastern Shore",Black,851,98,27
09/10/2020,Norfolk,Latino,316,21,0
09/10/2020,Hampton,"Two or more races",14,0,0
09/10/2020,Richmond,Black,1444,231,29
09/10/2020,Henrico,"Two or more races",42,1,0
09/10/2020,Fairfax,"Two or more races",93,5,0
09/10/2020,Alleghany,"Not Reported",388,1,0
09/10/2020,Portsmouth,"Not Reported",509,4,0
09/10/2020,"Cumberland Plateau","Other Race",2,1,0
09/10/2020,Southside,"Two or more races",23,0,0
09/10/2020,Portsmouth,White,304,39,8
09/10/2020,"Rappahannock Rapidan","Two or more races",29,3,0
09/10/2020,Fairfax,White,3612,479,303
09/10/2020,Fairfax,"Other Race",763,84,18
09/10/2020,Crater,"Two or more races",8,0,0
09/10/2020,"West Piedmont","Not Reported",381,29,3
09/10/2020,Henrico,"Other Race",150,13,0
09/10/2020,"Three Rivers",White,556,43,9
09/10/2020,"Central Virginia",Black,211,26,6
09/10/2020,Lenowisco,"Other Race",7,0,0
09/10/2020,"Three Rivers","Other Race",14,3,0
09/10/2020,"Western Tidewater",White,714,60,48
09/10/2020,"Mount Rogers",Black,56,7,2
09/10/2020,"Three Rivers","Not Reported",225,3,1
09/10/2020,"Thomas Jefferson",Black,472,68,14
09/10/2020,"Eastern Shore",White,247,26,18
09/10/2020,"Central Virginia",White,718,47,11
09/10/2020,Lenowisco,Black,6,1,1
09/10/2020,"Central Virginia","Two or more races",4,0,0
09/10/2020,Richmond,"Two or more races",33,1,0
09/10/2020,Crater,"Not Reported",682,9,5
09/10/2020,Chesterfield,"Two or more races",26,3,0
09/10/2020,"New River",Latino,132,5,0
09/10/2020,Richmond,Latino,1286,109,7
09/10/2020,Portsmouth,Latino,65,12,1
09/10/2020,Pittsylvania-Danville,"Not Reported",618,10,0
09/10/2020,Chesapeake,"Not Reported",901,6,0
09/10/2020,Chickahominy,Latino,87,4,0
09/10/2020,Crater,Black,1827,186,52
09/10/2020,Chesterfield,Black,980,107,28
09/10/2020,Chesterfield,"Other Race",196,12,0
09/10/2020,Peninsula,Black,1031,67,18
09/10/2020,Roanoke,White,272,15,12
09/10/2020,"New River",Black,112,3,0
09/10/2020,Southside,Latino,9,0,0
09/10/2020,Peninsula,Latino,302,19,1
09/10/2020,Rappahannock,"Two or more races",34,3,0
09/10/2020,"Virginia Beach",Black,1623,113,17
09/10/2020,"Mount Rogers","Not Reported",133,2,2
09/10/2020,Loudoun,"Not Reported",1883,6,0
09/10/2020,Chesapeake,"Other Race",57,5,1
09/10/2020,Chickahominy,"Two or more races",4,1,0
09/10/2020,Crater,"Other Race",37,0,0
09/10/2020,Norfolk,"Two or more races",45,1,0
09/10/2020,"Eastern Shore","Two or more races",1,1,0
09/10/2020,"Central Shenandoah",White,2320,170,53
09/10/2020,"New River","Other Race",10,0,0
09/10/2020,"New River",White,1305,33,10
09/10/2020,"Central Shenandoah","Other Race",77,2,0
09/10/2020,"West Piedmont",Black,430,82,11
09/10/2020,Alleghany,Latino,149,11,0
09/10/2020,"Central Shenandoah","Not Reported",619,4,1
09/10/2020,Roanoke,"Two or more races",3,1,0
09/10/2020,Peninsula,"Two or more races",50,3,0
09/10/2020,Richmond,"Not Reported",668,2,1
09/10/2020,Arlington,"Other Race",90,10,4
09/10/2020,Norfolk,"Not Reported",985,5,0
09/10/2020,Alexandria,"Other Race",78,8,2
09/10/2020,"Virginia Beach",White,2163,162,45
09/10/2020,Chesapeake,"Two or more races",40,2,1
09/10/2020,Alleghany,White,673,48,21
09/10/2020,"Rappahannock Rapidan","Other Race",34,2,0
09/10/2020,Chickahominy,"Not Reported",345,2,1
09/10/2020,Portsmouth,Black,1361,165,32
09/10/2020,Chickahominy,"Other Race",17,2,0
09/10/2020,"Virginia Beach",Latino,376,22,3
09/10/2020,Chesapeake,White,1150,110,22
09/10/2020,Southside,Black,408,36,15
09/10/2020,Rappahannock,Latino,1261,106,8
09/10/2020,"Three Rivers","Two or more races",7,0,0
09/10/2020,Henrico,Black,1551,192,83
09/10/2020,Pittsylvania-Danville,Black,511,56,11
09/10/2020,"Lord Fairfax","Two or more races",12,0,0
09/10/2020,"Prince William",Latino,5896,617,71
09/10/2020,"Mount Rogers","Other Race",8,2,2
09/10/2020,"Central Shenandoah",Black,186,11,4
09/10/2020,Peninsula,White,879,82,34
09/10/2020,"Eastern Shore","Not Reported",84,0,0
09/10/2020,"Thomas Jefferson","Other Race",143,3,1
09/10/2020,Hampton,"Other Race",51,2,0
09/10/2020,"Lord Fairfax","Not Reported",323,3,6
09/10/2020,"Central Virginia","Other Race",19,0,0
09/10/2020,"Western Tidewater","Other Race",66,1,2
09/10/2020,Crater,Latino,187,9,4
09/10/2020,Chesapeake,Latino,271,23,1
09/10/2020,Chesterfield,White,1237,107,68
09/10/2020,"Western Tidewater","Not Reported",823,3,0
09/10/2020,Fairfax,"Not Reported",2406,52,31
09/10/2020,Arlington,Black,383,81,33
09/10/2020,"Central Virginia",Latino,43,3,1
09/10/2020,Alexandria,"Not Reported",231,7,1
09/10/2020,"Three Rivers",Black,442,41,9
09/10/2020,"Prince William","Two or more races",70,1,0
09/10/2020,Loudoun,"Two or more races",45,2,0
09/10/2020,Peninsula,"Other Race",152,4,0
09/10/2020,"Thomas Jefferson",White,1167,76,39
09/10/2020,Norfolk,"Other Race",82,3,1
09/10/2020,"Prince William","Not Reported",4051,26,0
09/10/2020,"West Piedmont",White,712,99,19
09/10/2020,Rappahannock,Black,788,88,15
09/10/2020,Norfolk,Black,2287,229,40
09/10/2020,Roanoke,Latino,347,19,0
09/10/2020,Piedmont,Latino,72,8,1
09/10/2020,Roanoke,"Not Reported",495,2,0
09/10/2020,"Virginia Beach","Other Race",103,2,0
09/10/2020,Arlington,"Two or more races",36,2,0
09/10/2020,Alexandria,White,689,57,33
09/10/2020,"Lord Fairfax","Other Race",72,6,1
09/10/2020,"Thomas Jefferson","Not Reported",232,1,0
09/10/2020,"Virginia Beach","Not Reported",1762,10,3
09/10/2020,Loudoun,Black,293,28,5
09/10/2020,Pittsylvania-Danville,Latino,66,3,0
09/10/2020,"Cumberland Plateau","Not Reported",15,0,0
09/10/2020,Chesterfield,"Not Reported",1969,4,10
09/10/2020,"Mount Rogers",White,1843,182,71
09/10/2020,Richmond,White,634,41,10
09/10/2020,Lenowisco,"Not Reported",118,4,2
09/10/2020,"Three Rivers",Latino,151,5,1
09/10/2020,Piedmont,"Not Reported",732,11,4
09/10/2020,"Mount Rogers",Latino,275,6,0
09/10/2020,"Central Shenandoah","Two or more races",26,1,0
09/10/2020,Crater,White,710,55,19
09/10/2020,Arlington,White,1074,131,70
09/10/2020,Pittsylvania-Danville,"Other Race",0,0,0
09/10/2020,Chickahominy,Black,288,43,12
09/10/2020,Fairfax,Black,1579,240,62
09/10/2020,"Eastern Shore",Latino,260,11,3
09/10/2020,Norfolk,White,792,52,18
09/10/2020,"Mount Rogers","Two or more races",7,0,0
09/10/2020,Alleghany,"Two or more races",5,0,0
09/10/2020,Southside,White,238,28,19
09/10/2020,"Thomas Jefferson","Two or more races",37,0,0
09/10/2020,"Prince William",Black,1343,173,49
09/10/2020,"Lord Fairfax",White,1625,183,75
09/10/2020,"Cumberland Plateau",Latino,5,0,0
09/10/2020,Arlington,"Not Reported",317,4,0
09/10/2020,Rappahannock,"Other Race",106,4,0
09/10/2020,"Rappahannock Rapidan",Black,209,31,8
09/10/2020,"New River","Two or more races",19,0,0
09/10/2020,Arlington,Latino,1609,231,25
09/10/2020,Henrico,White,1274,118,95
09/10/2020,Loudoun,White,1479,118,86
09/10/2020,Hampton,White,245,9,1
09/10/2020,Alleghany,Black,71,6,2
09/10/2020,"Prince William",White,1606,173,86
09/10/2020,Rappahannock,White,1279,134,40
09/10/2020,Southside,"Other Race",13,0,1
09/10/2020,Portsmouth,"Two or more races",11,3,0
09/10/2020,"Western Tidewater",Black,1473,101,42
09/10/2020,Hampton,Latino,56,4,0
09/10/2020,Henrico,"Not Reported",874,4,4
09/10/2020,"West Piedmont","Two or more races",2,0,0
09/10/2020,Peninsula,"Not Reported",1579,2,0
09/10/2020,Loudoun,Latino,2073,182,14
09/10/2020,Alexandria,Black,727,89,15
09/10/2020,Piedmont,Black,480,57,15
09/10/2020,Roanoke,"Other Race",15,0,0
09/10/2020,Alexandria,"Two or more races",21,1,0
09/10/2020,"Western Tidewater",Latino,30,1,1
09/10/2020,Rappahannock,"Not Reported",1225,25,0
09/10/2020,"West Piedmont","Other Race",6,1,1
09/10/2020,Chickahominy,White,732,93,35
09/10/2020,"Thomas Jefferson",Latino,643,27,3
09/10/2020,"Cumberland Plateau",Black,42,0,0
09/10/2020,"Lord Fairfax",Latino,710,46,9
09/10/2020,"West Piedmont",Latino,249,8,1
09/10/2020,"Cumberland Plateau",White,534,48,9
09/10/2020,"Eastern Shore","Other Race",13,1,0
09/10/2020,"Cumberland Plateau","Two or more races",7,0,0
09/10/2020,Pittsylvania-Danville,"Two or more races",2,0,0
09/10/2020,Piedmont,"Other Race",9,0,0
09/10/2020,Alexandria,Latino,1682,130,10
09/10/2020,Chesapeake,Black,1509,197,21
09/10/2020,Richmond,"Other Race",115,7,2
09/10/2020,Henrico,Latino,834,56,9
09/10/2020,Piedmont,"Two or more races",4,2,0
09/10/2020,"Prince William","Other Race",404,15,1
09/10/2020,"New River","Not Reported",522,2,0
09/10/2020,"Rappahannock Rapidan",White,717,51,17
09/10/2020,"Central Virginia","Not Reported",1623,14,1
09/10/2020,"Virginia Beach","Two or more races",58,4,1
09/10/2020,Pittsylvania-Danville,White,390,40,12
09/10/2020,"Lord Fairfax",Black,136,17,6
09/10/2020,Fairfax,Latino,9390,1003,91
09/10/2020,Chesterfield,"Asian or Pacific Islander",57,2,1
09/10/2020,Crater,"Asian or Pacific Islander",16,0,0
09/10/2020,Fairfax,"Asian or Pacific Islander",1599,259,74
09/10/2020,Hampton,"Asian or Pacific Islander",12,0,0
09/10/2020,"Rappahannock Rapidan","Asian or Pacific Islander",8,1,0
09/10/2020,"Mount Rogers","Asian or Pacific Islander",3,1,0
09/10/2020,"New River","Asian or Pacific Islander",46,0,0
09/10/2020,"Central Virginia","Asian or Pacific Islander",12,1,0
09/10/2020,"Lord Fairfax","Asian or Pacific Islander",14,0,0
09/10/2020,Southside,"Asian or Pacific Islander",1,0,0
09/10/2020,Alleghany,"Asian or Pacific Islander",18,0,0
09/10/2020,Portsmouth,"Asian or Pacific Islander",15,2,0
09/10/2020,Roanoke,"Asian or Pacific Islander",20,2,0
09/10/2020,Richmond,"Asian or Pacific Islander",40,3,1
09/10/2020,"Thomas Jefferson","Asian or Pacific Islander",47,0,1
09/10/2020,"Virginia Beach","Asian or Pacific Islander",253,22,2
09/10/2020,Henrico,"Asian or Pacific Islander",190,11,4
09/10/2020,Piedmont,"Asian or Pacific Islander",8,0,0
09/10/2020,"Western Tidewater","Asian or Pacific Islander",17,2,1
09/10/2020,"West Piedmont","Asian or Pacific Islander",11,1,1
09/10/2020,Chickahominy,"Asian or Pacific Islander",16,1,0
09/10/2020,Peninsula,"Asian or Pacific Islander",41,4,5
09/10/2020,Norfolk,"Asian or Pacific Islander",61,7,0
09/10/2020,Arlington,"Asian or Pacific Islander",173,22,12
09/10/2020,Loudoun,"Asian or Pacific Islander",377,52,11
09/10/2020,Alexandria,"Asian or Pacific Islander",127,11,1
09/10/2020,Rappahannock,"Asian or Pacific Islander",79,10,2
09/10/2020,Chesapeake,"Asian or Pacific Islander",68,9,4
09/10/2020,"Cumberland Plateau and Lenowisco","Asian or Pacific Islander",1,0,0
09/10/2020,"Central Shenandoah","Asian or Pacific Islander",42,2,0
09/10/2020,"Prince William","Asian or Pacific Islander",479,55,15
09/10/2020,Pittsylvania-Danville,"Asian or Pacific Islander",3,0,0
09/10/2020,"Eastern Shore and Three Rivers","Asian or Pacific Islander",12,1,0
09/10/2020,Piedmont,"Native American",1,0,0
09/10/2020,"New River","Native American",1,0,0
09/10/2020,"Central Shenandoah","Native American",3,1,0
09/10/2020,"Eastern Shore and Three Rivers","Native American",1,0,0
09/10/2020,Fairfax,"Native American",32,1,1
09/10/2020,Chesapeake,"Native American",11,0,0
09/23/2020,Hampton,White,261,10,4
09/10/2020,"Western Tidewater","Native American",2,0,0
09/10/2020,Portsmouth,"Native American",4,2,0
09/10/2020,Richmond,"Native American",0,0,0
09/10/2020,Chickahominy,"Native American",6,1,0
09/10/2020,"Thomas Jefferson","Native American",2,0,0
09/10/2020,Arlington,"Native American",5,0,0
09/10/2020,"Virginia Beach","Native American",7,0,0
09/10/2020,Peninsula,"Native American",7,2,1
09/10/2020,Hampton,"Native American",2,0,0
09/10/2020,"West Piedmont","Native American",2,0,0
09/10/2020,"Cumberland Plateau, Lenowisco, and Mount Rogers","Native American",1,0,0
09/10/2020,Henrico,"Native American",10,0,0
09/10/2020,Norfolk,"Native American",9,1,1
09/10/2020,"Prince William","Native American",20,1,1
09/10/2020,"Central Virginia","Native American",3,0,0
09/10/2020,Chesterfield,"Native American",6,0,0
09/10/2020,Rappahannock,"Native American",6,0,0
09/10/2020,Loudoun,"Native American",5,0,0
09/10/2020,Alexandria,"Native American",3,0,0
09/10/2020,"Alleghany and Roanoke","Native American",1,0,0
09/10/2020,Crater,"Native American",5,0,0
09/10/2020,"Rappahannock Rapidan","Native American",1,0,0
09/10/2020,"Lord Fairfax","Native American",2,1,1
09/10/2020,"Pittsylvania-Danville and Southside","Native American",0,0,0
09/11/2020,"Rappahannock Rapidan","Not Reported",638,13,11
09/11/2020,Portsmouth,"Other Race",66,10,4
09/11/2020,"Western Tidewater","Two or more races",27,0,0
09/11/2020,Piedmont,White,497,50,20
09/11/2020,Chesterfield,Latino,1379,87,6
09/11/2020,Lenowisco,White,674,65,10
09/11/2020,Lenowisco,"Two or more races",2,0,0
09/11/2020,Hampton,"Not Reported",615,3,2
09/11/2020,Southside,"Not Reported",511,10,4
09/11/2020,Roanoke,Black,182,15,3
09/11/2020,Hampton,Black,692,39,13
09/11/2020,Alleghany,"Other Race",8,1,0
09/11/2020,Lenowisco,Latino,10,0,0
09/11/2020,Loudoun,"Other Race",171,15,2
09/11/2020,"Central Shenandoah",Latino,1023,56,6
09/11/2020,"Rappahannock Rapidan",Latino,775,62,7
09/11/2020,"Eastern Shore",Black,852,98,27
09/11/2020,Norfolk,Latino,321,23,0
09/11/2020,Hampton,"Two or more races",14,0,0
09/11/2020,Richmond,Black,1456,232,29
09/11/2020,Henrico,"Two or more races",42,1,0
09/11/2020,Fairfax,"Two or more races",94,5,0
09/11/2020,Alleghany,"Not Reported",395,1,0
09/11/2020,Portsmouth,"Not Reported",484,5,0
09/11/2020,"Cumberland Plateau","Other Race",2,1,0
09/11/2020,Southside,"Two or more races",25,0,0
09/11/2020,Portsmouth,White,307,39,8
09/11/2020,"Rappahannock Rapidan","Two or more races",29,3,0
09/11/2020,Fairfax,White,3632,479,303
09/11/2020,Fairfax,"Other Race",766,84,18
09/11/2020,Crater,"Two or more races",8,0,0
09/11/2020,"West Piedmont","Not Reported",370,29,3
09/11/2020,Henrico,"Other Race",147,13,0
09/11/2020,"Three Rivers",White,567,46,9
09/11/2020,"Central Virginia",Black,212,26,6
09/11/2020,Lenowisco,"Other Race",7,0,0
09/11/2020,"Three Rivers","Other Race",14,3,0
09/11/2020,"Western Tidewater",White,717,60,48
09/11/2020,"Mount Rogers",Black,56,7,2
09/11/2020,"Three Rivers","Not Reported",226,3,1
09/11/2020,"Thomas Jefferson",Black,473,68,14
09/11/2020,"Eastern Shore",White,248,26,18
09/11/2020,"Central Virginia",White,736,48,11
09/11/2020,Lenowisco,Black,6,1,1
09/11/2020,"Central Virginia","Two or more races",4,0,0
09/11/2020,Richmond,"Two or more races",33,1,0
09/11/2020,Crater,"Not Reported",680,9,5
09/11/2020,Chesterfield,"Two or more races",26,3,0
09/11/2020,"New River",Latino,136,5,0
09/11/2020,Richmond,Latino,1292,109,7
09/11/2020,Portsmouth,Latino,69,12,1
09/11/2020,Pittsylvania-Danville,"Not Reported",622,10,0
09/11/2020,Chesapeake,"Not Reported",899,5,0
09/11/2020,Chickahominy,Latino,87,4,0
09/11/2020,Crater,Black,1835,187,52
09/11/2020,Chesterfield,Black,989,110,28
09/11/2020,Chesterfield,"Other Race",194,12,0
09/11/2020,Peninsula,Black,1036,67,18
09/11/2020,Roanoke,White,275,15,12
09/11/2020,"New River",Black,117,3,0
09/11/2020,Southside,Latino,9,0,0
09/11/2020,Peninsula,Latino,303,19,1
09/11/2020,Rappahannock,"Two or more races",34,3,0
09/11/2020,"Virginia Beach",Black,1630,113,17
09/11/2020,"Mount Rogers","Not Reported",133,2,2
09/11/2020,Loudoun,"Not Reported",1901,6,0
09/11/2020,Chesapeake,"Other Race",57,5,1
09/11/2020,Chickahominy,"Two or more races",4,1,0
09/11/2020,Crater,"Other Race",35,0,0
09/11/2020,Norfolk,"Two or more races",46,1,0
09/11/2020,"Eastern Shore","Two or more races",1,1,0
09/11/2020,"Central Shenandoah",White,2387,172,54
09/11/2020,"New River","Other Race",10,0,0
09/11/2020,"New River",White,1356,34,10
09/11/2020,"Central Shenandoah","Other Race",76,2,0
09/11/2020,"West Piedmont",Black,438,83,11
09/11/2020,Alleghany,Latino,150,11,0
09/11/2020,"Central Shenandoah","Not Reported",621,4,1
09/11/2020,Roanoke,"Two or more races",4,2,0
09/11/2020,Peninsula,"Two or more races",50,3,0
09/11/2020,Richmond,"Not Reported",675,2,1
09/11/2020,Arlington,"Other Race",90,10,4
09/11/2020,Norfolk,"Not Reported",981,6,0
09/11/2020,Alexandria,"Other Race",79,8,2
09/11/2020,"Virginia Beach",White,2181,163,45
09/11/2020,Chesapeake,"Two or more races",40,2,1
09/11/2020,Alleghany,White,682,48,21
09/11/2020,"Rappahannock Rapidan","Other Race",34,2,0
09/11/2020,Chickahominy,"Not Reported",353,2,1
09/11/2020,Portsmouth,Black,1385,175,32
09/11/2020,Chickahominy,"Other Race",17,2,0
09/11/2020,"Virginia Beach",Latino,379,22,3
09/11/2020,Chesapeake,White,1156,112,21
09/11/2020,Southside,Black,415,37,15
09/11/2020,Rappahannock,Latino,1268,106,8
09/11/2020,"Three Rivers","Two or more races",7,0,0
09/11/2020,Henrico,Black,1563,193,83
09/11/2020,Pittsylvania-Danville,Black,520,59,11
09/11/2020,"Lord Fairfax","Two or more races",12,0,0
09/11/2020,"Prince William",Latino,5929,617,71
09/11/2020,"Mount Rogers","Other Race",8,2,2
09/11/2020,"Central Shenandoah",Black,189,11,4
09/11/2020,Peninsula,White,881,82,34
09/11/2020,"Eastern Shore","Not Reported",84,0,0
09/11/2020,"Thomas Jefferson","Other Race",143,3,1
09/11/2020,Hampton,"Other Race",52,2,0
09/11/2020,"Lord Fairfax","Not Reported",320,3,6
09/11/2020,"Central Virginia","Other Race",19,0,0
09/11/2020,"Western Tidewater","Other Race",66,1,2
09/11/2020,Crater,Latino,188,9,4
09/11/2020,Chesapeake,Latino,273,24,1
09/11/2020,Chesterfield,White,1251,107,68
09/11/2020,"Western Tidewater","Not Reported",835,3,0
09/11/2020,Fairfax,"Not Reported",2416,52,31
09/11/2020,Arlington,Black,383,81,33
09/11/2020,"Central Virginia",Latino,45,3,1
09/11/2020,Alexandria,"Not Reported",232,8,1
09/11/2020,"Three Rivers",Black,463,41,9
09/11/2020,"Prince William","Two or more races",72,1,0
09/11/2020,Loudoun,"Two or more races",46,2,0
09/11/2020,Peninsula,"Other Race",152,4,0
09/11/2020,"Thomas Jefferson",White,1204,76,39
09/11/2020,Norfolk,"Other Race",81,3,1
09/11/2020,"Prince William","Not Reported",4078,26,0
09/11/2020,"West Piedmont",White,733,100,19
09/11/2020,Rappahannock,Black,790,89,15
09/11/2020,Norfolk,Black,2302,232,40
09/11/2020,Roanoke,Latino,347,19,0
09/11/2020,Piedmont,Latino,72,8,1
09/11/2020,Roanoke,"Not Reported",509,2,0
09/11/2020,"Virginia Beach","Other Race",102,2,0
09/11/2020,Arlington,"Two or more races",37,2,0
09/11/2020,Alexandria,White,693,57,33
09/11/2020,"Lord Fairfax","Other Race",72,6,1
09/11/2020,"Thomas Jefferson","Not Reported",231,1,0
09/11/2020,"Virginia Beach","Not Reported",1757,10,3
09/11/2020,Loudoun,Black,293,29,5
09/11/2020,Pittsylvania-Danville,Latino,66,3,0
09/11/2020,"Cumberland Plateau","Not Reported",16,0,0
09/11/2020,Chesterfield,"Not Reported",1983,4,10
09/11/2020,"Mount Rogers",White,1867,185,71
09/11/2020,Richmond,White,645,41,10
09/11/2020,Lenowisco,"Not Reported",121,4,2
09/11/2020,"Three Rivers",Latino,150,5,1
09/11/2020,Piedmont,"Not Reported",742,11,4
09/11/2020,"Mount Rogers",Latino,276,6,0
09/11/2020,"Central Shenandoah","Two or more races",27,1,0
09/11/2020,Crater,White,713,55,19
09/11/2020,Arlington,White,1077,131,70
09/11/2020,Pittsylvania-Danville,"Other Race",0,0,0
09/11/2020,Chickahominy,Black,295,45,12
09/11/2020,"Eastern Shore",Latino,260,11,3
09/11/2020,Norfolk,White,811,54,19
09/11/2020,"Mount Rogers","Two or more races",7,0,0
09/11/2020,Alleghany,"Two or more races",5,0,0
09/11/2020,Southside,White,245,28,19
09/11/2020,"Thomas Jefferson","Two or more races",41,1,0
09/11/2020,"Prince William",Black,1348,173,49
09/11/2020,"Lord Fairfax",White,1636,183,75
09/11/2020,"Cumberland Plateau",Latino,5,0,0
09/11/2020,Arlington,"Not Reported",325,4,0
09/11/2020,Rappahannock,"Other Race",108,4,0
09/11/2020,"Rappahannock Rapidan",Black,210,31,8
09/11/2020,"New River","Two or more races",23,0,0
09/11/2020,Arlington,Latino,1610,231,25
09/11/2020,Henrico,White,1287,119,95
09/11/2020,Loudoun,White,1487,118,86
09/11/2020,Hampton,White,247,9,1
09/11/2020,Alleghany,Black,73,6,2
09/11/2020,"Prince William",White,1618,173,86
09/11/2020,Rappahannock,White,1308,134,40
09/11/2020,Southside,"Other Race",13,0,1
09/11/2020,Portsmouth,"Two or more races",13,4,0
09/11/2020,"Western Tidewater",Black,1481,102,42
09/11/2020,Hampton,Latino,56,4,0
09/11/2020,Henrico,"Not Reported",886,4,4
09/11/2020,"West Piedmont","Two or more races",2,0,0
09/11/2020,Peninsula,"Not Reported",1578,2,0
09/11/2020,Loudoun,Latino,2092,185,14
09/11/2020,Alexandria,Black,732,89,15
09/11/2020,Piedmont,Black,491,58,15
09/11/2020,Roanoke,"Other Race",17,0,0
09/11/2020,Alexandria,"Two or more races",21,1,0
09/11/2020,"Western Tidewater",Latino,30,1,1
09/11/2020,Rappahannock,"Not Reported",1228,25,0
09/11/2020,"West Piedmont","Other Race",6,1,1
09/11/2020,Chickahominy,White,752,93,36
09/11/2020,"Thomas Jefferson",Latino,650,27,3
09/11/2020,"Cumberland Plateau",Black,42,0,0
09/11/2020,"Lord Fairfax",Latino,713,46,9
09/11/2020,"West Piedmont",Latino,251,8,1
09/11/2020,"Cumberland Plateau",White,544,48,9
09/11/2020,"Eastern Shore","Other Race",13,1,0
09/11/2020,"Cumberland Plateau","Two or more races",7,0,0
09/11/2020,Pittsylvania-Danville,"Two or more races",2,0,0
09/11/2020,Piedmont,"Other Race",9,0,0
09/11/2020,Alexandria,Latino,1691,130,10
09/11/2020,Chesapeake,Black,1522,200,21
09/11/2020,Richmond,"Other Race",119,7,2
09/11/2020,Henrico,Latino,839,56,9
09/11/2020,Piedmont,"Two or more races",4,2,0
09/11/2020,"Prince William","Other Race",420,15,1
09/11/2020,"New River","Not Reported",547,2,0
09/11/2020,"Rappahannock Rapidan",White,727,53,17
09/11/2020,"Central Virginia","Not Reported",1655,14,1
09/11/2020,"Virginia Beach","Two or more races",58,4,1
09/11/2020,Pittsylvania-Danville,White,394,41,12
09/11/2020,"Lord Fairfax",Black,136,18,6
09/11/2020,Fairfax,Latino,9424,1005,91
09/11/2020,Chesterfield,"Asian or Pacific Islander",57,2,1
09/11/2020,Crater,"Asian or Pacific Islander",16,0,0
09/11/2020,Fairfax,"Asian or Pacific Islander",1604,259,75
09/11/2020,Hampton,"Asian or Pacific Islander",12,0,0
09/11/2020,"Rappahannock Rapidan","Asian or Pacific Islander",9,1,0
09/11/2020,"Mount Rogers","Asian or Pacific Islander",3,1,0
09/11/2020,"New River","Asian or Pacific Islander",49,0,0
09/11/2020,"Central Virginia","Asian or Pacific Islander",12,1,0
09/11/2020,"Lord Fairfax","Asian or Pacific Islander",14,0,0
09/11/2020,Southside,"Asian or Pacific Islander",1,0,0
09/11/2020,Alleghany,"Asian or Pacific Islander",18,0,0
09/11/2020,Portsmouth,"Asian or Pacific Islander",15,2,0
09/11/2020,Roanoke,"Asian or Pacific Islander",24,2,0
09/11/2020,Richmond,"Asian or Pacific Islander",39,3,1
09/11/2020,"Thomas Jefferson","Asian or Pacific Islander",52,0,1
09/11/2020,"Virginia Beach","Asian or Pacific Islander",253,22,2
09/11/2020,Henrico,"Asian or Pacific Islander",192,11,4
09/11/2020,Piedmont,"Asian or Pacific Islander",8,0,0
09/11/2020,"Western Tidewater","Asian or Pacific Islander",17,2,1
09/11/2020,"West Piedmont","Asian or Pacific Islander",11,1,1
09/11/2020,Chickahominy,"Asian or Pacific Islander",16,1,0
09/11/2020,Peninsula,"Asian or Pacific Islander",41,4,5
09/11/2020,Norfolk,"Asian or Pacific Islander",61,7,0
09/11/2020,Arlington,"Asian or Pacific Islander",173,22,12
09/11/2020,Loudoun,"Asian or Pacific Islander",382,53,11
09/11/2020,Alexandria,"Asian or Pacific Islander",126,11,1
09/11/2020,Rappahannock,"Asian or Pacific Islander",80,10,2
09/11/2020,Chesapeake,"Asian or Pacific Islander",68,9,4
09/11/2020,"Cumberland Plateau and Lenowisco","Asian or Pacific Islander",1,0,0
09/11/2020,"Central Shenandoah","Asian or Pacific Islander",47,2,0
09/11/2020,"Prince William","Asian or Pacific Islander",482,55,15
09/11/2020,Pittsylvania-Danville,"Asian or Pacific Islander",3,0,0
09/11/2020,"Eastern Shore and Three Rivers","Asian or Pacific Islander",12,1,0
09/11/2020,Piedmont,"Native American",1,0,0
09/11/2020,"New River","Native American",1,0,0
09/11/2020,"Central Shenandoah","Native American",3,1,0
09/11/2020,"Eastern Shore and Three Rivers","Native American",1,0,0
09/11/2020,Fairfax,"Native American",32,1,1
09/11/2020,Chesapeake,"Native American",11,0,0
09/11/2020,"Western Tidewater","Native American",2,0,0
09/11/2020,Portsmouth,"Native American",4,2,0
09/11/2020,Richmond,"Native American",0,0,0
09/11/2020,Chickahominy,"Native American",6,1,0
09/11/2020,"Thomas Jefferson","Native American",2,0,0
09/11/2020,Arlington,"Native American",5,0,0
09/11/2020,"Virginia Beach","Native American",8,0,0
09/11/2020,Peninsula,"Native American",7,2,1
09/11/2020,Hampton,"Native American",2,0,0
09/11/2020,"West Piedmont","Native American",2,0,0
09/11/2020,"Cumberland Plateau, Lenowisco, and Mount Rogers","Native American",1,0,0
09/11/2020,Henrico,"Native American",10,0,0
09/11/2020,Norfolk,"Native American",9,1,1
09/11/2020,"Prince William","Native American",20,1,1
09/11/2020,"Central Virginia","Native American",3,0,0
09/11/2020,Chesterfield,"Native American",7,0,0
09/11/2020,Rappahannock,"Native American",6,0,0
09/11/2020,Loudoun,"Native American",5,0,0
09/11/2020,Alexandria,"Native American",3,0,0
09/11/2020,"Alleghany and Roanoke","Native American",1,0,0
09/11/2020,Crater,"Native American",5,0,0
09/11/2020,"Rappahannock Rapidan","Native American",1,0,0
09/11/2020,"Lord Fairfax","Native American",2,1,1
09/11/2020,"Pittsylvania-Danville and Southside","Native American",0,0,0
09/12/2020,"Rappahannock Rapidan","Not Reported",645,13,11
09/12/2020,Portsmouth,"Other Race",60,10,4
09/12/2020,"Western Tidewater","Two or more races",28,0,0
09/12/2020,Piedmont,White,503,50,20
09/12/2020,Chesterfield,Latino,1408,90,6
09/12/2020,Lenowisco,White,683,65,12
09/12/2020,Lenowisco,"Two or more races",2,0,0
09/12/2020,Hampton,"Not Reported",620,3,2
09/12/2020,Southside,"Not Reported",513,10,4
09/12/2020,Roanoke,Black,189,15,3
09/12/2020,Hampton,Black,696,39,13
09/12/2020,Alleghany,"Other Race",8,1,0
09/12/2020,Lenowisco,Latino,10,0,0
09/12/2020,Loudoun,"Other Race",177,15,2
09/12/2020,"Central Shenandoah",Latino,1031,56,6
09/12/2020,"Rappahannock Rapidan",Latino,776,62,7
09/12/2020,"Eastern Shore",Black,852,98,27
09/12/2020,Norfolk,Latino,325,23,0
09/12/2020,Hampton,"Two or more races",14,0,0
09/12/2020,Richmond,Black,1464,232,29
09/12/2020,Henrico,"Two or more races",42,1,0
09/12/2020,Fairfax,"Two or more races",96,5,0
09/12/2020,Alleghany,"Not Reported",395,1,0
09/12/2020,Portsmouth,"Not Reported",486,5,0
09/12/2020,"Cumberland Plateau","Other Race",2,1,0
09/12/2020,Southside,"Two or more races",25,0,0
09/12/2020,Portsmouth,White,309,40,8
09/12/2020,"Rappahannock Rapidan","Two or more races",30,3,0
09/12/2020,Fairfax,White,3659,481,304
09/12/2020,Fairfax,"Other Race",771,84,18
09/12/2020,Crater,"Two or more races",8,0,0
09/12/2020,"West Piedmont","Not Reported",361,29,3
09/12/2020,Henrico,"Other Race",146,13,0
09/12/2020,"Three Rivers",White,579,46,11
09/12/2020,"Central Virginia",Black,213,26,6
09/12/2020,Lenowisco,"Other Race",7,0,0
09/12/2020,"Three Rivers","Other Race",14,3,0
09/12/2020,"Western Tidewater",White,726,60,48
09/12/2020,"Mount Rogers",Black,56,7,2
09/12/2020,"Three Rivers","Not Reported",229,3,1
09/12/2020,"Thomas Jefferson",Black,478,68,14
09/12/2020,"Eastern Shore",White,248,26,18
09/12/2020,"Central Virginia",White,756,49,11
09/12/2020,Lenowisco,Black,5,1,1
09/12/2020,"Central Virginia","Two or more races",4,0,0
09/12/2020,Richmond,"Two or more races",34,1,0
09/12/2020,Crater,"Not Reported",681,9,5
09/12/2020,Chesterfield,"Two or more races",25,3,0
09/12/2020,"New River",Latino,146,5,0
09/12/2020,Richmond,Latino,1298,110,7
09/12/2020,Portsmouth,Latino,72,12,1
09/12/2020,Pittsylvania-Danville,"Not Reported",631,11,0
09/12/2020,Chesapeake,"Not Reported",904,7,0
09/12/2020,Chickahominy,Latino,87,4,0
09/12/2020,Crater,Black,1855,188,52
09/12/2020,Chesterfield,Black,1004,110,28
09/12/2020,Chesterfield,"Other Race",190,12,0
09/12/2020,Peninsula,Black,1042,67,18
09/12/2020,Roanoke,White,277,15,12
09/12/2020,"New River",Black,131,3,0
09/12/2020,Southside,Latino,9,0,0
09/12/2020,Peninsula,Latino,307,19,1
09/12/2020,Rappahannock,"Two or more races",37,3,0
09/12/2020,"Virginia Beach",Black,1647,113,17
09/12/2020,"Mount Rogers","Not Reported",132,2,2
09/12/2020,Loudoun,"Not Reported",1901,6,0
09/12/2020,Chesapeake,"Other Race",55,5,1
09/12/2020,Chickahominy,"Two or more races",4,1,0
09/12/2020,Crater,"Other Race",35,0,0
09/12/2020,Norfolk,"Two or more races",51,1,0
09/12/2020,"Eastern Shore","Two or more races",1,1,0
09/12/2020,"Central Shenandoah",White,2477,173,54
09/12/2020,"New River","Other Race",10,0,0
09/12/2020,"New River",White,1449,36,10
09/12/2020,"Central Shenandoah","Other Race",75,2,0
09/12/2020,"West Piedmont",Black,442,83,11
09/12/2020,Alleghany,Latino,155,11,0
09/12/2020,"Central Shenandoah","Not Reported",630,4,1
09/12/2020,Roanoke,"Two or more races",4,2,0
09/12/2020,Peninsula,"Two or more races",50,3,0
09/12/2020,Richmond,"Not Reported",683,2,1
09/12/2020,Arlington,"Other Race",89,10,4
09/12/2020,Norfolk,"Not Reported",973,6,0
09/12/2020,Alexandria,"Other Race",81,8,2
09/12/2020,"Virginia Beach",White,2197,163,46
09/12/2020,Chesapeake,"Two or more races",44,3,1
09/12/2020,Alleghany,White,688,48,21
09/12/2020,"Rappahannock Rapidan","Other Race",34,2,0
09/12/2020,Chickahominy,"Not Reported",356,2,1
09/12/2020,Portsmouth,Black,1407,180,32
09/12/2020,Chickahominy,"Other Race",17,2,0
09/12/2020,"Virginia Beach",Latino,386,23,3
09/12/2020,Chesapeake,White,1164,113,21
09/12/2020,Southside,Black,421,37,15
09/12/2020,Rappahannock,Latino,1274,106,8
09/12/2020,"Three Rivers","Two or more races",7,0,0
09/12/2020,Henrico,Black,1575,193,83
09/12/2020,Pittsylvania-Danville,Black,524,63,11
09/12/2020,"Lord Fairfax","Two or more races",13,0,0
09/12/2020,"Prince William",Latino,5951,618,71
09/12/2020,"Mount Rogers","Other Race",8,2,2
09/12/2020,"Central Shenandoah",Black,192,11,4
09/12/2020,Peninsula,White,883,82,34
09/12/2020,"Eastern Shore","Not Reported",84,0,0
09/12/2020,"Thomas Jefferson","Other Race",143,3,1
09/12/2020,Hampton,"Other Race",52,2,0
09/12/2020,"Lord Fairfax","Not Reported",323,3,6
09/12/2020,"Central Virginia","Other Race",19,0,0
09/12/2020,"Western Tidewater","Other Race",68,1,2
09/12/2020,Crater,Latino,189,9,4
09/12/2020,Chesapeake,Latino,274,24,1
09/12/2020,Chesterfield,White,1277,108,68
09/12/2020,"Western Tidewater","Not Reported",853,3,0
09/12/2020,Fairfax,"Not Reported",2455,52,31
09/12/2020,Arlington,Black,385,82,33
09/12/2020,"Central Virginia",Latino,45,3,1
09/12/2020,Alexandria,"Not Reported",239,8,1
09/12/2020,"Three Rivers",Black,474,42,9
09/12/2020,"Prince William","Two or more races",71,1,0
09/12/2020,Loudoun,"Two or more races",46,2,0
09/12/2020,Peninsula,"Other Race",152,4,0
09/12/2020,"Thomas Jefferson",White,1237,77,39
09/12/2020,Norfolk,"Other Race",83,3,1
09/12/2020,"Prince William","Not Reported",4118,26,0
09/12/2020,"West Piedmont",White,750,102,19
09/12/2020,Rappahannock,Black,798,90,15
09/12/2020,Norfolk,Black,2308,237,40
09/12/2020,Roanoke,Latino,351,19,0
09/12/2020,Piedmont,Latino,72,8,1
09/12/2020,Roanoke,"Not Reported",501,2,0
09/12/2020,"Virginia Beach","Other Race",103,2,0
09/12/2020,Arlington,"Two or more races",37,2,0
09/12/2020,Alexandria,White,694,57,33
09/12/2020,"Lord Fairfax","Other Race",74,6,1
09/12/2020,"Thomas Jefferson","Not Reported",233,1,0
09/12/2020,"Virginia Beach","Not Reported",1767,10,3
09/12/2020,Loudoun,Black,294,29,5
09/12/2020,Pittsylvania-Danville,Latino,66,3,0
09/12/2020,"Cumberland Plateau","Not Reported",16,0,0
09/12/2020,Chesterfield,"Not Reported",1973,4,10
09/12/2020,"Mount Rogers",White,1907,188,73
09/12/2020,Richmond,White,651,41,10
09/12/2020,Lenowisco,"Not Reported",119,4,2
09/12/2020,"Three Rivers",Latino,151,5,1
09/12/2020,Piedmont,"Not Reported",749,11,4
09/12/2020,"Mount Rogers",Latino,278,6,0
09/12/2020,"Central Shenandoah","Two or more races",29,1,0
09/12/2020,Crater,White,725,55,19
09/12/2020,Arlington,White,1083,131,70
09/12/2020,Pittsylvania-Danville,"Other Race",0,0,0
09/12/2020,Chickahominy,Black,295,45,12
09/12/2020,Fairfax,Black,1595,240,63
09/12/2020,"Eastern Shore",Latino,260,11,3
09/12/2020,Norfolk,White,820,55,19
09/12/2020,"Mount Rogers","Two or more races",7,0,0
09/12/2020,Alleghany,"Two or more races",5,0,0
09/12/2020,Southside,White,250,29,19
09/12/2020,"Thomas Jefferson","Two or more races",40,1,0
09/12/2020,"Prince William",Black,1359,173,49
09/12/2020,"Lord Fairfax",White,1641,183,75
09/12/2020,"Cumberland Plateau",Latino,6,0,0
09/12/2020,Arlington,"Not Reported",319,2,1
09/12/2020,Rappahannock,"Other Race",108,4,0
09/12/2020,"Rappahannock Rapidan",Black,213,31,8
09/12/2020,"New River","Two or more races",24,0,0
09/12/2020,Arlington,Latino,1617,231,25
09/12/2020,Henrico,White,1303,119,95
09/12/2020,Loudoun,White,1500,118,86
09/12/2020,Hampton,White,252,10,2
09/12/2020,Alleghany,Black,74,6,2
09/12/2020,"Prince William",White,1630,173,86
09/12/2020,Rappahannock,White,1331,135,40
09/12/2020,Southside,"Other Race",13,0,1
09/12/2020,Portsmouth,"Two or more races",14,4,0
09/12/2020,"Western Tidewater",Black,1493,103,43
09/12/2020,Hampton,Latino,58,4,0
09/12/2020,Henrico,"Not Reported",888,4,4
09/12/2020,"West Piedmont","Two or more races",3,0,0
09/12/2020,Peninsula,"Not Reported",1595,2,0
09/12/2020,Loudoun,Latino,2100,187,14
09/12/2020,Alexandria,Black,735,90,15
09/12/2020,Piedmont,Black,492,58,15
09/12/2020,Roanoke,"Other Race",17,1,0
09/12/2020,Alexandria,"Two or more races",21,1,0
09/12/2020,"Western Tidewater",Latino,30,1,1
09/12/2020,Rappahannock,"Not Reported",1242,25,0
09/12/2020,"West Piedmont","Other Race",6,1,1
09/12/2020,Chickahominy,White,769,94,36
09/12/2020,"Thomas Jefferson",Latino,656,27,3
09/12/2020,"Cumberland Plateau",Black,42,0,0
09/12/2020,"Lord Fairfax",Latino,717,46,9
09/12/2020,"West Piedmont",Latino,253,8,1
09/12/2020,"Cumberland Plateau",White,554,48,9
09/12/2020,"Eastern Shore","Other Race",13,1,0
09/12/2020,"Cumberland Plateau","Two or more races",6,0,0
09/12/2020,Pittsylvania-Danville,"Two or more races",2,0,0
09/12/2020,Piedmont,"Other Race",9,0,0
09/12/2020,Alexandria,Latino,1694,130,10
09/12/2020,Chesapeake,Black,1528,203,21
09/12/2020,Richmond,"Other Race",120,7,2
09/12/2020,Henrico,Latino,844,55,9
09/12/2020,Piedmont,"Two or more races",4,2,0
09/12/2020,"Prince William","Other Race",416,15,1
09/12/2020,"New River","Not Reported",595,5,0
09/12/2020,"Rappahannock Rapidan",White,733,53,17
09/12/2020,"Central Virginia","Not Reported",1680,14,1
09/12/2020,"Virginia Beach","Two or more races",58,4,1
09/12/2020,Pittsylvania-Danville,White,404,41,12
09/12/2020,"Lord Fairfax",Black,136,18,6
09/12/2020,Fairfax,Latino,9465,1009,90
09/12/2020,Chesterfield,"Asian or Pacific Islander",57,2,1
09/12/2020,Crater,"Asian or Pacific Islander",16,0,0
09/12/2020,Fairfax,"Asian or Pacific Islander",1615,259,75
09/12/2020,Hampton,"Asian or Pacific Islander",12,0,0
09/12/2020,"Rappahannock Rapidan","Asian or Pacific Islander",10,1,0
09/12/2020,"Mount Rogers","Asian or Pacific Islander",3,1,0
09/12/2020,"New River","Asian or Pacific Islander",56,0,0
09/12/2020,"Central Virginia","Asian or Pacific Islander",12,1,0
09/12/2020,"Lord Fairfax","Asian or Pacific Islander",14,0,0
09/12/2020,Southside,"Asian or Pacific Islander",1,0,0
09/12/2020,Alleghany,"Asian or Pacific Islander",18,0,0
09/12/2020,Portsmouth,"Asian or Pacific Islander",21,2,0
09/12/2020,Roanoke,"Asian or Pacific Islander",25,2,0
09/12/2020,Richmond,"Asian or Pacific Islander",41,3,1
09/12/2020,"Thomas Jefferson","Asian or Pacific Islander",53,0,1
09/12/2020,"Virginia Beach","Asian or Pacific Islander",254,22,2
09/12/2020,Henrico,"Asian or Pacific Islander",192,11,4
09/12/2020,Piedmont,"Asian or Pacific Islander",8,0,0
09/12/2020,"Western Tidewater","Asian or Pacific Islander",18,2,1
09/12/2020,"West Piedmont","Asian or Pacific Islander",11,1,1
09/12/2020,Chickahominy,"Asian or Pacific Islander",16,1,0
09/12/2020,Peninsula,"Asian or Pacific Islander",42,4,5
09/12/2020,Norfolk,"Asian or Pacific Islander",61,7,0
09/12/2020,Arlington,"Asian or Pacific Islander",175,23,12
09/12/2020,Loudoun,"Asian or Pacific Islander",386,53,11
09/12/2020,Alexandria,"Asian or Pacific Islander",127,11,1
09/12/2020,Rappahannock,"Asian or Pacific Islander",80,10,2
09/12/2020,Chesapeake,"Asian or Pacific Islander",68,9,4
09/12/2020,"Cumberland Plateau and Lenowisco","Asian or Pacific Islander",1,0,0
09/12/2020,"Central Shenandoah","Asian or Pacific Islander",48,2,0
09/12/2020,"Prince William","Asian or Pacific Islander",489,56,15
09/12/2020,Pittsylvania-Danville,"Asian or Pacific Islander",3,0,0
09/12/2020,"Eastern Shore and Three Rivers","Asian or Pacific Islander",12,1,0
09/12/2020,Piedmont,"Native American",1,0,0
09/12/2020,"New River","Native American",1,0,0
09/12/2020,"Central Shenandoah","Native American",3,1,0
09/12/2020,"Eastern Shore and Three Rivers","Native American",1,0,0
09/12/2020,Fairfax,"Native American",32,1,1
09/12/2020,Chesapeake,"Native American",11,0,0
09/12/2020,"Western Tidewater","Native American",2,0,0
09/12/2020,Portsmouth,"Native American",4,2,0
09/12/2020,Richmond,"Native American",0,0,0
09/12/2020,Chickahominy,"Native American",6,1,0
09/12/2020,"Thomas Jefferson","Native American",2,0,0
09/12/2020,Arlington,"Native American",5,0,0
09/12/2020,"Virginia Beach","Native American",9,0,0
09/12/2020,Peninsula,"Native American",7,2,1
09/12/2020,Hampton,"Native American",2,0,0
09/12/2020,"West Piedmont","Native American",2,0,0
09/12/2020,"Cumberland Plateau, Lenowisco, and Mount Rogers","Native American",1,0,0
09/12/2020,Henrico,"Native American",10,0,0
09/12/2020,Norfolk,"Native American",9,1,1
09/12/2020,"Prince William","Native American",20,1,1
09/12/2020,"Central Virginia","Native American",3,0,0
09/12/2020,Chesterfield,"Native American",7,0,0
09/12/2020,Rappahannock,"Native American",6,0,0
09/12/2020,Loudoun,"Native American",5,0,0
09/12/2020,Alexandria,"Native American",3,0,0
09/12/2020,"Alleghany and Roanoke","Native American",1,0,0
09/12/2020,Crater,"Native American",5,0,0
09/12/2020,"Rappahannock Rapidan","Native American",1,0,0
09/12/2020,"Lord Fairfax","Native American",2,1,1
09/12/2020,"Pittsylvania-Danville and Southside","Native American",0,0,0
09/13/2020,"Rappahannock Rapidan","Not Reported",651,13,11
09/13/2020,Portsmouth,"Other Race",59,10,4
09/13/2020,"Western Tidewater","Two or more races",29,0,0
09/13/2020,Piedmont,White,506,50,20
09/13/2020,Chesterfield,Latino,1421,90,6
09/13/2020,Lenowisco,White,688,65,12
09/13/2020,Lenowisco,"Two or more races",2,0,0
09/13/2020,Hampton,"Not Reported",623,3,2
09/13/2020,Southside,"Not Reported",519,10,4
09/13/2020,Roanoke,Black,189,16,3
09/13/2020,Hampton,Black,700,39,13
09/13/2020,Alleghany,"Other Race",8,1,0
09/13/2020,Lenowisco,Latino,10,0,0
09/13/2020,Loudoun,"Other Race",178,15,2
09/13/2020,"Central Shenandoah",Latino,1034,56,6
09/13/2020,"Rappahannock Rapidan",Latino,778,62,7
09/13/2020,"Eastern Shore",Black,852,98,27
09/13/2020,Norfolk,Latino,326,23,0
09/13/2020,Hampton,"Two or more races",14,0,0
09/13/2020,Richmond,Black,1474,232,29
09/13/2020,Henrico,"Two or more races",42,1,0
09/13/2020,Fairfax,"Two or more races",95,5,0
09/13/2020,Alleghany,"Not Reported",398,1,0
09/13/2020,Portsmouth,"Not Reported",500,5,0
09/13/2020,"Cumberland Plateau","Other Race",2,1,0
09/13/2020,Southside,"Two or more races",25,0,0
09/13/2020,Portsmouth,White,312,41,8
09/13/2020,"Rappahannock Rapidan","Two or more races",31,3,0
09/13/2020,Fairfax,"Other Race",776,84,18
09/13/2020,Crater,"Two or more races",8,0,0
09/13/2020,"West Piedmont","Not Reported",361,29,3
09/13/2020,Henrico,"Other Race",148,13,0
09/13/2020,"Three Rivers",White,582,46,11
09/13/2020,"Central Virginia",Black,214,26,6
09/13/2020,Lenowisco,"Other Race",7,0,0
09/13/2020,"Three Rivers","Other Race",14,3,0
09/13/2020,"Western Tidewater",White,736,61,48
09/13/2020,"Mount Rogers",Black,56,7,2
09/13/2020,"Three Rivers","Not Reported",232,3,1
09/13/2020,"Thomas Jefferson",Black,479,68,14
09/13/2020,"Eastern Shore",White,249,26,18
09/13/2020,"Central Virginia",White,762,49,11
09/13/2020,Lenowisco,Black,5,1,1
09/13/2020,"Central Virginia","Two or more races",4,0,0
09/13/2020,Richmond,"Two or more races",34,1,0
09/13/2020,Crater,"Not Reported",681,9,5
09/13/2020,Chesterfield,"Two or more races",26,3,0
09/13/2020,"New River",Latino,150,5,0
09/13/2020,Richmond,Latino,1301,110,7
09/13/2020,Portsmouth,Latino,72,11,1
09/13/2020,Pittsylvania-Danville,"Not Reported",640,11,0
09/13/2020,Chesapeake,"Not Reported",915,7,0
09/13/2020,Chickahominy,Latino,88,4,0
09/13/2020,Crater,Black,1855,188,52
09/13/2020,Chesterfield,Black,1015,110,28
09/13/2020,Chesterfield,"Other Race",192,12,0
09/13/2020,Peninsula,Black,1047,67,18
09/13/2020,Roanoke,White,278,15,12
09/13/2020,"New River",Black,134,3,0
09/13/2020,Southside,Latino,9,0,0
09/13/2020,Peninsula,Latino,307,19,1
09/13/2020,Rappahannock,"Two or more races",37,3,0
09/13/2020,"Virginia Beach",Black,1652,113,17
09/13/2020,"Mount Rogers","Not Reported",135,3,2
09/13/2020,Loudoun,"Not Reported",1924,6,0
09/13/2020,Chesapeake,"Other Race",56,5,1
09/13/2020,Chickahominy,"Two or more races",4,1,0
09/13/2020,Crater,"Other Race",35,0,0
09/13/2020,Norfolk,"Two or more races",51,1,0
09/13/2020,"Eastern Shore","Two or more races",1,1,0
09/13/2020,"Central Shenandoah",White,2498,173,54
09/13/2020,"New River","Other Race",10,0,0
09/13/2020,"New River",White,1492,36,10
09/13/2020,"Central Shenandoah","Other Race",72,2,0
09/13/2020,"West Piedmont",Black,442,83,11
09/13/2020,Alleghany,Latino,157,11,0
09/13/2020,"Central Shenandoah","Not Reported",626,4,1
09/13/2020,Roanoke,"Two or more races",4,2,0
09/13/2020,Peninsula,"Two or more races",52,3,0
09/13/2020,Richmond,"Not Reported",687,2,1
09/13/2020,Arlington,"Other Race",89,10,4
09/13/2020,Norfolk,"Not Reported",983,6,0
09/13/2020,Alexandria,"Other Race",82,8,2
09/13/2020,"Virginia Beach",White,2204,163,46
09/13/2020,Chesapeake,"Two or more races",44,3,1
09/13/2020,Alleghany,White,694,49,21
09/13/2020,"Rappahannock Rapidan","Other Race",35,2,0
09/13/2020,Chickahominy,"Not Reported",364,2,1
09/13/2020,Portsmouth,Black,1409,180,32
09/13/2020,Chickahominy,"Other Race",18,2,0
09/13/2020,"Virginia Beach",Latino,388,23,3
09/13/2020,Chesapeake,White,1165,114,21
09/13/2020,Southside,Black,435,37,15
09/13/2020,Rappahannock,Latino,1275,106,8
09/13/2020,"Three Rivers","Two or more races",8,0,0
09/13/2020,Henrico,Black,1582,193,83
09/13/2020,Pittsylvania-Danville,Black,529,64,11
09/13/2020,"Lord Fairfax","Two or more races",13,0,0
09/13/2020,"Prince William",Latino,5969,620,71
09/13/2020,"Mount Rogers","Other Race",8,2,2
09/13/2020,"Central Shenandoah",Black,193,11,4
09/13/2020,Peninsula,White,893,82,34
09/13/2020,"Eastern Shore","Not Reported",84,0,0
09/13/2020,"Thomas Jefferson","Other Race",143,3,1
09/13/2020,Hampton,"Other Race",52,2,0
09/13/2020,"Lord Fairfax","Not Reported",325,3,6
09/13/2020,"Central Virginia","Other Race",19,0,0
09/13/2020,"Western Tidewater","Other Race",69,1,2
09/13/2020,Crater,Latino,189,9,4
09/13/2020,Chesapeake,Latino,274,24,1
09/13/2020,Chesterfield,White,1285,109,68
09/13/2020,"Western Tidewater","Not Reported",864,3,0
09/13/2020,Fairfax,"Not Reported",2484,52,31
09/13/2020,Arlington,Black,385,82,33
09/13/2020,"Central Virginia",Latino,45,3,1
09/13/2020,Alexandria,"Not Reported",234,8,1
09/13/2020,"Three Rivers",Black,480,42,9
09/13/2020,"Prince William","Two or more races",71,1,0
09/13/2020,Loudoun,"Two or more races",47,2,0
09/13/2020,Peninsula,"Other Race",153,4,0
09/13/2020,"Thomas Jefferson",White,1251,77,39
09/13/2020,Norfolk,"Other Race",84,3,1
09/13/2020,"Prince William","Not Reported",4135,26,0
09/13/2020,"West Piedmont",White,750,102,19
09/13/2020,Rappahannock,Black,807,90,15
09/13/2020,Norfolk,Black,2311,237,40
09/13/2020,Roanoke,Latino,351,19,0
09/13/2020,Piedmont,Latino,72,8,1
09/13/2020,Roanoke,"Not Reported",508,2,0
09/13/2020,"Virginia Beach","Other Race",105,2,0
09/13/2020,Arlington,"Two or more races",37,3,0
09/13/2020,Alexandria,White,696,57,33
09/13/2020,"Lord Fairfax","Other Race",74,6,1
09/13/2020,"Thomas Jefferson","Not Reported",233,1,0
09/13/2020,"Virginia Beach","Not Reported",1782,10,3
09/13/2020,Loudoun,Black,294,29,5
09/13/2020,Pittsylvania-Danville,Latino,66,3,0
09/13/2020,"Cumberland Plateau","Not Reported",18,0,0
09/13/2020,Chesterfield,"Not Reported",1979,4,10
09/13/2020,"Mount Rogers",White,1958,192,75
09/13/2020,Richmond,White,659,41,10
09/13/2020,Lenowisco,"Not Reported",119,4,2
09/13/2020,"Three Rivers",Latino,151,5,1
09/13/2020,Piedmont,"Not Reported",746,11,4
09/13/2020,"Mount Rogers",Latino,278,6,0
09/13/2020,"Central Shenandoah","Two or more races",29,1,0
09/13/2020,Crater,White,725,55,19
09/13/2020,Arlington,White,1088,132,70
09/13/2020,Pittsylvania-Danville,"Other Race",0,0,0
09/13/2020,Chickahominy,Black,298,45,12
09/13/2020,Fairfax,Black,1610,241,63
09/13/2020,"Eastern Shore",Latino,260,11,3
09/13/2020,Norfolk,White,822,55,19
09/13/2020,"Mount Rogers","Two or more races",9,1,0
09/13/2020,Alleghany,"Two or more races",5,0,0
09/13/2020,Southside,White,252,29,19
09/13/2020,"Thomas Jefferson","Two or more races",40,1,0
09/13/2020,"Prince William",Black,1365,174,49
09/13/2020,"Lord Fairfax",White,1645,183,75
09/13/2020,"Cumberland Plateau",Latino,6,0,0
09/13/2020,Arlington,"Not Reported",326,2,1
09/13/2020,Rappahannock,"Other Race",109,4,0
09/13/2020,"Rappahannock Rapidan",Black,214,31,8
09/13/2020,"New River","Two or more races",24,0,0
09/13/2020,Arlington,Latino,1622,232,25
09/13/2020,Henrico,White,1318,119,95
09/13/2020,Loudoun,White,1505,118,86
09/13/2020,Hampton,White,253,10,2
09/13/2020,Alleghany,Black,75,7,2
09/13/2020,"Prince William",White,1644,174,86
09/13/2020,Rappahannock,White,1343,136,40
09/13/2020,Southside,"Other Race",13,0,1
09/13/2020,Portsmouth,"Two or more races",14,4,0
09/13/2020,"Western Tidewater",Black,1512,103,43
09/13/2020,Hampton,Latino,58,4,0
09/13/2020,Henrico,"Not Reported",895,4,4
09/13/2020,"West Piedmont","Two or more races",3,0,0
09/13/2020,Peninsula,"Not Reported",1611,2,0
09/13/2020,Loudoun,Latino,2101,187,14
09/13/2020,Alexandria,Black,736,90,15
09/13/2020,Piedmont,Black,492,58,15
09/13/2020,Roanoke,"Other Race",17,1,0
09/13/2020,Alexandria,"Two or more races",21,1,0
09/13/2020,"Western Tidewater",Latino,30,1,1
09/13/2020,Rappahannock,"Not Reported",1249,25,0
09/13/2020,"West Piedmont","Other Race",6,1,1
09/13/2020,Chickahominy,White,786,94,36
09/13/2020,"Thomas Jefferson",Latino,657,28,3
09/13/2020,"Cumberland Plateau",Black,42,0,0
09/13/2020,"Lord Fairfax",Latino,721,46,9
09/13/2020,"West Piedmont",Latino,253,8,1
09/13/2020,"Cumberland Plateau",White,560,48,9
09/13/2020,"Eastern Shore","Other Race",13,1,0
09/13/2020,"Cumberland Plateau","Two or more races",6,0,0
09/13/2020,Pittsylvania-Danville,"Two or more races",2,0,0
09/13/2020,Piedmont,"Other Race",9,0,0
09/13/2020,Alexandria,Latino,1701,130,10
09/13/2020,Chesapeake,Black,1533,203,21
09/13/2020,Richmond,"Other Race",121,7,2
09/13/2020,Henrico,Latino,848,55,9
09/13/2020,Piedmont,"Two or more races",4,2,0
09/13/2020,"Prince William","Other Race",421,15,1
09/13/2020,"New River","Not Reported",610,5,0
09/13/2020,"Rappahannock Rapidan",White,739,53,17
09/13/2020,"Central Virginia","Not Reported",1700,14,1
09/13/2020,"Virginia Beach","Two or more races",58,4,1
09/13/2020,Pittsylvania-Danville,White,411,41,12
09/13/2020,"Lord Fairfax",Black,137,18,6
09/13/2020,Fairfax,Latino,9480,1011,90
09/13/2020,Chesterfield,"Asian or Pacific Islander",58,2,1
10/16/2020,Henrico,Black,1900,221,92
09/13/2020,Crater,"Asian or Pacific Islander",16,0,0
09/13/2020,Fairfax,"Asian or Pacific Islander",1626,259,75
09/13/2020,Hampton,"Asian or Pacific Islander",12,0,0
09/13/2020,"Rappahannock Rapidan","Asian or Pacific Islander",10,1,0
09/13/2020,"Mount Rogers","Asian or Pacific Islander",3,1,0
09/13/2020,"New River","Asian or Pacific Islander",58,0,0
09/13/2020,"Central Virginia","Asian or Pacific Islander",12,1,0
09/13/2020,"Lord Fairfax","Asian or Pacific Islander",14,0,0
09/13/2020,Southside,"Asian or Pacific Islander",1,0,0
09/13/2020,Alleghany,"Asian or Pacific Islander",18,0,0
09/13/2020,Portsmouth,"Asian or Pacific Islander",21,2,0
09/13/2020,Roanoke,"Asian or Pacific Islander",25,2,0
09/13/2020,Richmond,"Asian or Pacific Islander",41,3,1
09/13/2020,"Thomas Jefferson","Asian or Pacific Islander",54,0,1
09/13/2020,"Virginia Beach","Asian or Pacific Islander",255,22,2
09/13/2020,Henrico,"Asian or Pacific Islander",194,11,4
09/13/2020,Piedmont,"Asian or Pacific Islander",8,0,0
09/13/2020,"Western Tidewater","Asian or Pacific Islander",19,2,1
09/13/2020,"West Piedmont","Asian or Pacific Islander",11,1,1
09/13/2020,Chickahominy,"Asian or Pacific Islander",16,1,0
09/13/2020,Peninsula,"Asian or Pacific Islander",42,4,5
09/13/2020,Norfolk,"Asian or Pacific Islander",61,7,0
09/13/2020,Arlington,"Asian or Pacific Islander",175,23,12
09/13/2020,Loudoun,"Asian or Pacific Islander",389,53,11
09/13/2020,Alexandria,"Asian or Pacific Islander",129,11,1
09/13/2020,Rappahannock,"Asian or Pacific Islander",81,10,2
09/13/2020,Chesapeake,"Asian or Pacific Islander",69,9,4
09/13/2020,"Cumberland Plateau and Lenowisco","Asian or Pacific Islander",1,0,0
09/13/2020,"Central Shenandoah","Asian or Pacific Islander",48,2,0
09/13/2020,"Prince William","Asian or Pacific Islander",495,56,15
09/13/2020,Pittsylvania-Danville,"Asian or Pacific Islander",3,0,0
09/13/2020,"Eastern Shore and Three Rivers","Asian or Pacific Islander",12,1,0
09/13/2020,Piedmont,"Native American",2,0,0
09/13/2020,"New River","Native American",1,0,0
09/13/2020,"Central Shenandoah","Native American",3,1,0
09/13/2020,"Eastern Shore and Three Rivers","Native American",1,0,0
09/13/2020,Fairfax,"Native American",33,1,1
09/13/2020,Chesapeake,"Native American",11,0,0
09/13/2020,"Western Tidewater","Native American",2,0,0
09/13/2020,Portsmouth,"Native American",4,2,0
09/13/2020,Richmond,"Native American",0,0,0
09/13/2020,Chickahominy,"Native American",6,1,0
09/13/2020,"Thomas Jefferson","Native American",2,0,0
09/13/2020,Arlington,"Native American",5,0,0
09/13/2020,"Virginia Beach","Native American",9,0,0
09/13/2020,Peninsula,"Native American",7,2,1
09/13/2020,Hampton,"Native American",2,0,0
09/13/2020,"West Piedmont","Native American",2,0,0
09/13/2020,"Cumberland Plateau, Lenowisco, and Mount Rogers","Native American",1,0,0
09/13/2020,Henrico,"Native American",10,0,0
09/13/2020,Norfolk,"Native American",9,1,1
09/13/2020,"Prince William","Native American",20,1,1
09/13/2020,"Central Virginia","Native American",3,0,0
09/13/2020,Chesterfield,"Native American",7,0,0
09/13/2020,Rappahannock,"Native American",6,0,0
09/13/2020,Loudoun,"Native American",5,0,0
09/13/2020,Alexandria,"Native American",3,0,0
09/13/2020,"Alleghany and Roanoke","Native American",1,0,0
09/13/2020,Crater,"Native American",5,0,0
09/13/2020,"Rappahannock Rapidan","Native American",1,0,0
09/13/2020,"Lord Fairfax","Native American",2,1,1
09/13/2020,"Pittsylvania-Danville and Southside","Native American",0,0,0
09/14/2020,"Rappahannock Rapidan","Not Reported",656,13,11
09/14/2020,Portsmouth,"Other Race",59,10,4
09/14/2020,"Western Tidewater","Two or more races",30,0,0
09/14/2020,Piedmont,White,505,50,20
09/14/2020,Chesterfield,Latino,1424,90,6
09/14/2020,Lenowisco,White,691,65,12
09/14/2020,Lenowisco,"Two or more races",2,0,0
09/14/2020,Hampton,"Not Reported",626,3,2
09/14/2020,Southside,"Not Reported",520,10,4
09/14/2020,Roanoke,Black,196,16,3
09/14/2020,Hampton,Black,703,39,13
09/14/2020,Alleghany,"Other Race",8,1,0
09/14/2020,Lenowisco,Latino,10,0,0
09/14/2020,Loudoun,"Other Race",176,15,2
09/14/2020,"Central Shenandoah",Latino,1037,56,6
09/14/2020,"Rappahannock Rapidan",Latino,779,62,7
09/14/2020,"Eastern Shore",Black,852,98,27
09/14/2020,Norfolk,Latino,327,23,0
09/14/2020,Hampton,"Two or more races",14,0,0
09/14/2020,Richmond,Black,1485,233,29
09/14/2020,Henrico,"Two or more races",41,1,0
09/14/2020,Fairfax,"Two or more races",94,5,0
09/14/2020,Alleghany,"Not Reported",408,1,0
09/14/2020,Portsmouth,"Not Reported",500,5,0
09/14/2020,"Cumberland Plateau","Other Race",2,1,0
09/14/2020,Southside,"Two or more races",25,0,0
09/14/2020,Portsmouth,White,312,41,8
09/14/2020,"Rappahannock Rapidan","Two or more races",32,3,0
09/14/2020,Fairfax,White,3713,483,304
09/14/2020,Fairfax,"Other Race",773,84,18
09/14/2020,Crater,"Two or more races",9,0,0
09/14/2020,"West Piedmont","Not Reported",365,29,4
09/14/2020,Henrico,"Other Race",149,13,0
09/14/2020,"Three Rivers",White,588,46,12
09/14/2020,"Central Virginia",Black,214,26,6
09/14/2020,Lenowisco,"Other Race",7,0,0
09/14/2020,"Three Rivers","Other Race",15,3,0
09/14/2020,"Western Tidewater",White,766,63,48
09/14/2020,"Mount Rogers",Black,56,7,2
09/14/2020,"Three Rivers","Not Reported",231,4,1
09/14/2020,"Thomas Jefferson",Black,480,68,14
09/14/2020,"Eastern Shore",White,251,26,18
09/14/2020,"Central Virginia",White,764,50,12
09/14/2020,Lenowisco,Black,5,1,1
09/14/2020,"Central Virginia","Two or more races",4,0,0
09/14/2020,Richmond,"Two or more races",35,1,0
09/14/2020,Crater,"Not Reported",688,10,5
09/14/2020,Chesterfield,"Two or more races",26,3,0
09/14/2020,"New River",Latino,152,5,0
09/14/2020,Richmond,Latino,1303,110,7
09/14/2020,Portsmouth,Latino,72,11,1
09/14/2020,Pittsylvania-Danville,"Not Reported",638,11,0
09/14/2020,Chesapeake,"Not Reported",924,8,0
09/14/2020,Chickahominy,Latino,92,4,0
09/14/2020,Crater,Black,1866,189,52
09/14/2020,Chesterfield,Black,1020,110,28
09/14/2020,Chesterfield,"Other Race",192,12,0
09/14/2020,Peninsula,Black,1052,67,18
09/14/2020,Roanoke,White,281,15,12
09/14/2020,"New River",Black,139,3,0
09/14/2020,Southside,Latino,9,0,0
09/14/2020,Peninsula,Latino,308,19,1
09/14/2020,Rappahannock,"Two or more races",38,3,0
09/14/2020,"Virginia Beach",Black,1657,114,17
09/14/2020,"Mount Rogers","Not Reported",137,3,2
09/14/2020,Loudoun,"Not Reported",1918,6,0
09/14/2020,Chesapeake,"Other Race",55,5,1
09/14/2020,Chickahominy,"Two or more races",4,1,0
09/14/2020,Crater,"Other Race",35,0,0
09/14/2020,Norfolk,"Two or more races",51,1,0
09/14/2020,"Eastern Shore","Two or more races",1,1,0
09/14/2020,"Central Shenandoah",White,2542,174,54
09/14/2020,"New River","Other Race",11,0,0
09/14/2020,"New River",White,1561,36,10
09/14/2020,"Central Shenandoah","Other Race",74,2,0
09/14/2020,"West Piedmont",Black,444,83,11
10/19/2020,Norfolk,Black,2537,279,58
09/14/2020,Alleghany,Latino,157,11,0
09/14/2020,"Central Shenandoah","Not Reported",641,4,1
09/14/2020,Roanoke,"Two or more races",4,2,0
09/14/2020,Peninsula,"Two or more races",52,3,0
09/14/2020,Richmond,"Not Reported",688,2,1
09/14/2020,Arlington,"Other Race",91,10,4
09/14/2020,Norfolk,"Not Reported",977,5,0
09/14/2020,Alexandria,"Other Race",82,8,2
09/14/2020,"Virginia Beach",White,2219,166,46
09/14/2020,Chesapeake,"Two or more races",44,3,1
09/14/2020,Alleghany,White,698,49,21
09/14/2020,"Rappahannock Rapidan","Other Race",35,2,0
09/14/2020,Chickahominy,"Not Reported",376,2,1
09/14/2020,Portsmouth,Black,1409,180,32
09/14/2020,Chickahominy,"Other Race",18,2,0
09/14/2020,"Virginia Beach",Latino,388,23,3
09/14/2020,Chesapeake,White,1172,116,21
09/14/2020,Southside,Black,437,37,15
09/14/2020,Rappahannock,Latino,1277,106,8
09/14/2020,"Three Rivers","Two or more races",8,0,0
09/14/2020,Henrico,Black,1589,194,83
09/14/2020,Pittsylvania-Danville,Black,534,65,14
09/14/2020,"Lord Fairfax","Two or more races",13,0,0
09/14/2020,"Prince William",Latino,5988,620,71
09/14/2020,"Mount Rogers","Other Race",8,2,2
09/14/2020,"Central Shenandoah",Black,193,11,4
09/14/2020,Peninsula,White,902,82,34
09/14/2020,"Eastern Shore","Not Reported",84,0,0
09/14/2020,"Thomas Jefferson","Other Race",143,3,1
09/14/2020,Hampton,"Other Race",53,2,0
09/14/2020,"Lord Fairfax","Not Reported",324,4,6
09/14/2020,"Central Virginia","Other Race",19,0,0
09/14/2020,"Western Tidewater","Other Race",70,1,2
09/14/2020,Chesapeake,Latino,274,24,1
09/14/2020,Chesterfield,White,1295,109,69
09/14/2020,"Western Tidewater","Not Reported",865,6,2
09/14/2020,Fairfax,"Not Reported",2485,52,31
09/14/2020,Arlington,Black,386,82,33
09/14/2020,"Central Virginia",Latino,45,3,1
09/14/2020,Alexandria,"Not Reported",240,8,1
09/14/2020,"Three Rivers",Black,493,43,9
09/14/2020,"Prince William","Two or more races",71,1,0
09/14/2020,Loudoun,"Two or more races",47,2,0
09/14/2020,Peninsula,"Other Race",154,4,0
09/14/2020,"Thomas Jefferson",White,1270,77,39
09/14/2020,Norfolk,"Other Race",84,3,1
09/14/2020,"Prince William","Not Reported",4125,26,0
09/14/2020,"West Piedmont",White,758,102,20
09/14/2020,Rappahannock,Black,809,90,15
09/14/2020,Norfolk,Black,2314,237,40
09/14/2020,Roanoke,Latino,351,19,0
09/14/2020,Piedmont,Latino,74,8,1
09/14/2020,Roanoke,"Not Reported",516,2,0
09/14/2020,"Virginia Beach","Other Race",108,2,0
09/14/2020,Arlington,"Two or more races",37,3,0
09/14/2020,Alexandria,White,698,57,33
09/14/2020,"Lord Fairfax","Other Race",74,6,1
09/14/2020,"Thomas Jefferson","Not Reported",225,1,0
09/14/2020,"Virginia Beach","Not Reported",1786,10,3
09/14/2020,Loudoun,Black,294,29,5
09/14/2020,Pittsylvania-Danville,Latino,66,3,0
09/14/2020,"Cumberland Plateau","Not Reported",18,0,0
09/14/2020,Chesterfield,"Not Reported",1978,4,10
09/14/2020,"Mount Rogers",White,1972,193,76
09/14/2020,Richmond,White,661,42,10
09/14/2020,Lenowisco,"Not Reported",119,4,2
09/14/2020,"Three Rivers",Latino,151,5,1
09/14/2020,Piedmont,"Not Reported",747,11,4
09/14/2020,"Mount Rogers",Latino,278,6,0
09/14/2020,"Central Shenandoah","Two or more races",29,1,0
09/14/2020,Crater,White,730,55,19
09/14/2020,Arlington,White,1090,133,70
09/14/2020,Pittsylvania-Danville,"Other Race",0,0,0
09/14/2020,Chickahominy,Black,308,45,12
09/14/2020,Fairfax,Black,1616,241,63
09/14/2020,"Eastern Shore",Latino,260,11,3
09/14/2020,Norfolk,White,828,56,19
09/14/2020,"Mount Rogers","Two or more races",9,1,0
09/14/2020,Alleghany,"Two or more races",5,0,0
09/14/2020,Southside,White,254,29,19
09/14/2020,"Thomas Jefferson","Two or more races",40,1,0
09/14/2020,"Prince William",Black,1369,174,49
09/14/2020,"Lord Fairfax",White,1652,185,76
09/14/2020,"Cumberland Plateau",Latino,6,0,0
09/14/2020,Arlington,"Not Reported",333,2,1
09/14/2020,Rappahannock,"Other Race",109,4,0
09/14/2020,"Rappahannock Rapidan",Black,216,31,8
09/14/2020,"New River","Two or more races",25,0,0
09/14/2020,Arlington,Latino,1624,234,25
09/14/2020,Henrico,White,1344,118,98
09/14/2020,Loudoun,White,1512,118,86
09/14/2020,Hampton,White,254,10,2
09/14/2020,Alleghany,Black,76,7,2
09/14/2020,"Prince William",White,1654,174,86
09/14/2020,Rappahannock,White,1349,136,40
09/14/2020,Southside,"Other Race",13,0,1
09/14/2020,Portsmouth,"Two or more races",14,4,0
09/14/2020,"Western Tidewater",Black,1552,107,44
09/14/2020,Hampton,Latino,58,4,0
09/14/2020,Henrico,"Not Reported",891,4,4
09/14/2020,"West Piedmont","Two or more races",3,0,0
09/14/2020,Peninsula,"Not Reported",1613,2,0
09/14/2020,Loudoun,Latino,2106,188,14
09/14/2020,Alexandria,Black,738,90,15
09/14/2020,Piedmont,Black,492,58,15
09/14/2020,Roanoke,"Other Race",17,1,0
09/14/2020,Alexandria,"Two or more races",21,1,0
09/14/2020,"Western Tidewater",Latino,32,1,1
09/14/2020,Rappahannock,"Not Reported",1253,25,0
09/14/2020,"West Piedmont","Other Race",6,1,1
09/14/2020,Chickahominy,White,797,94,36
09/14/2020,"Thomas Jefferson",Latino,665,30,3
09/14/2020,"Cumberland Plateau",Black,42,0,0
09/14/2020,"Lord Fairfax",Latino,722,46,9
09/14/2020,"West Piedmont",Latino,253,8,1
09/14/2020,"Cumberland Plateau",White,560,48,9
09/14/2020,"Eastern Shore","Other Race",13,1,0
09/14/2020,"Cumberland Plateau","Two or more races",6,0,0
09/14/2020,Pittsylvania-Danville,"Two or more races",2,0,0
09/14/2020,Piedmont,"Other Race",9,0,0
09/14/2020,Alexandria,Latino,1702,130,10
09/14/2020,Chesapeake,Black,1537,207,21
09/14/2020,Richmond,"Other Race",123,8,2
09/14/2020,Henrico,Latino,850,55,9
09/14/2020,Piedmont,"Two or more races",4,2,0
09/14/2020,"Prince William","Other Race",419,15,1
09/14/2020,"New River","Not Reported",641,5,0
09/14/2020,"Rappahannock Rapidan",White,742,53,17
09/14/2020,"Central Virginia","Not Reported",1717,13,3
09/14/2020,"Virginia Beach","Two or more races",58,4,1
09/14/2020,Pittsylvania-Danville,White,419,44,13
09/14/2020,"Lord Fairfax",Black,138,19,6
09/14/2020,Fairfax,Latino,9501,1012,90
09/14/2020,Chesterfield,"Asian or Pacific Islander",60,2,1
09/14/2020,Crater,"Asian or Pacific Islander",16,0,0
09/14/2020,Fairfax,"Asian or Pacific Islander",1639,262,75
09/14/2020,Hampton,"Asian or Pacific Islander",12,0,0
09/14/2020,"Rappahannock Rapidan","Asian or Pacific Islander",10,1,0
09/14/2020,"Mount Rogers","Asian or Pacific Islander",3,1,0
09/14/2020,"New River","Asian or Pacific Islander",61,0,0
09/14/2020,"Central Virginia","Asian or Pacific Islander",12,1,0
09/14/2020,"Lord Fairfax","Asian or Pacific Islander",14,0,0
09/14/2020,Southside,"Asian or Pacific Islander",1,0,0
09/14/2020,Alleghany,"Asian or Pacific Islander",18,0,0
09/14/2020,Portsmouth,"Asian or Pacific Islander",21,2,0
09/14/2020,Roanoke,"Asian or Pacific Islander",25,2,0
09/14/2020,Richmond,"Asian or Pacific Islander",41,3,1
09/14/2020,"Thomas Jefferson","Asian or Pacific Islander",55,0,1
09/14/2020,"Virginia Beach","Asian or Pacific Islander",257,23,2
09/14/2020,Henrico,"Asian or Pacific Islander",194,11,4
09/14/2020,Piedmont,"Asian or Pacific Islander",8,0,0
09/14/2020,"Western Tidewater","Asian or Pacific Islander",19,2,1
09/14/2020,"West Piedmont","Asian or Pacific Islander",11,1,1
09/14/2020,Chickahominy,"Asian or Pacific Islander",16,1,0
09/14/2020,Peninsula,"Asian or Pacific Islander",42,4,5
09/14/2020,Norfolk,"Asian or Pacific Islander",61,7,0
09/14/2020,Arlington,"Asian or Pacific Islander",175,23,12
09/14/2020,Loudoun,"Asian or Pacific Islander",391,53,11
09/14/2020,Alexandria,"Asian or Pacific Islander",129,11,1
09/14/2020,Rappahannock,"Asian or Pacific Islander",81,10,2
09/14/2020,Chesapeake,"Asian or Pacific Islander",69,9,4
09/14/2020,"Cumberland Plateau and Lenowisco","Asian or Pacific Islander",1,0,0
09/14/2020,"Central Shenandoah","Asian or Pacific Islander",49,2,0
09/14/2020,"Prince William","Asian or Pacific Islander",501,56,15
09/14/2020,Pittsylvania-Danville,"Asian or Pacific Islander",3,0,0
09/14/2020,"Eastern Shore and Three Rivers","Asian or Pacific Islander",12,1,0
09/14/2020,Piedmont,"Native American",2,0,0
09/14/2020,"New River","Native American",1,0,0
09/14/2020,"Central Shenandoah","Native American",3,1,0
09/14/2020,"Eastern Shore and Three Rivers","Native American",1,0,0
09/14/2020,Fairfax,"Native American",33,1,1
09/14/2020,Chesapeake,"Native American",11,0,0
09/14/2020,"Western Tidewater","Native American",2,0,0
09/14/2020,Portsmouth,"Native American",4,2,0
09/14/2020,Richmond,"Native American",0,0,0
09/14/2020,Chickahominy,"Native American",6,1,0
09/14/2020,"Thomas Jefferson","Native American",2,0,0
09/14/2020,Arlington,"Native American",5,0,0
09/14/2020,"Virginia Beach","Native American",9,0,0
09/14/2020,Peninsula,"Native American",7,2,1
09/14/2020,Hampton,"Native American",3,0,0
09/14/2020,"West Piedmont","Native American",2,0,0
09/14/2020,"Cumberland Plateau, Lenowisco, and Mount Rogers","Native American",1,0,0
09/14/2020,Henrico,"Native American",10,0,0
09/14/2020,Norfolk,"Native American",9,1,1
09/14/2020,"Prince William","Native American",20,1,1
09/14/2020,"Central Virginia","Native American",3,0,0
09/14/2020,Chesterfield,"Native American",6,0,0
09/14/2020,Rappahannock,"Native American",6,0,0
09/14/2020,Loudoun,"Native American",5,0,0
09/14/2020,Alexandria,"Native American",3,0,0
09/14/2020,"Alleghany and Roanoke","Native American",1,0,0
09/14/2020,Crater,"Native American",5,0,0
09/14/2020,"Rappahannock Rapidan","Native American",1,0,0
09/14/2020,"Lord Fairfax","Native American",2,1,1
09/14/2020,"Pittsylvania-Danville and Southside","Native American",0,0,0
09/15/2020,"Rappahannock Rapidan","Not Reported",656,13,11
09/15/2020,Portsmouth,"Other Race",58,10,4
09/15/2020,"Western Tidewater","Two or more races",30,0,0
09/15/2020,Piedmont,White,510,50,20
09/15/2020,Chesterfield,Latino,1436,91,6
09/15/2020,Lenowisco,White,694,66,14
09/15/2020,Lenowisco,"Two or more races",2,0,0
09/15/2020,Hampton,"Not Reported",626,3,2
09/15/2020,Southside,"Not Reported",522,10,4
09/15/2020,Roanoke,Black,196,16,3
09/15/2020,Hampton,Black,706,39,13
09/15/2020,Alleghany,"Other Race",9,1,0
09/15/2020,Lenowisco,Latino,10,0,0
09/15/2020,Loudoun,"Other Race",182,15,2
09/15/2020,"Central Shenandoah",Latino,1048,56,6
09/15/2020,"Rappahannock Rapidan",Latino,779,62,7
09/15/2020,"Eastern Shore",Black,852,98,27
09/15/2020,Norfolk,Latino,328,23,0
09/15/2020,Hampton,"Two or more races",15,0,0
09/15/2020,Richmond,Black,1505,235,31
09/15/2020,Henrico,"Two or more races",42,1,0
09/15/2020,Fairfax,"Two or more races",95,5,0
09/15/2020,Alleghany,"Not Reported",402,1,0
09/15/2020,Portsmouth,"Not Reported",519,5,0
09/15/2020,"Cumberland Plateau","Other Race",2,1,0
09/15/2020,Southside,"Two or more races",25,0,0
09/15/2020,Portsmouth,White,316,41,8
09/15/2020,"Rappahannock Rapidan","Two or more races",31,3,0
09/15/2020,Fairfax,White,3748,487,304
09/15/2020,Fairfax,"Other Race",782,84,18
09/15/2020,Crater,"Two or more races",9,0,0
09/15/2020,"West Piedmont","Not Reported",368,28,3
09/15/2020,Henrico,"Other Race",149,13,0
09/15/2020,"Three Rivers",White,596,46,16
09/15/2020,"Central Virginia",Black,225,26,6
09/15/2020,Lenowisco,"Other Race",7,0,0
09/15/2020,"Three Rivers","Other Race",15,3,0
09/15/2020,"Western Tidewater",White,777,63,51
09/15/2020,"Mount Rogers",Black,56,7,2
09/15/2020,"Three Rivers","Not Reported",233,4,1
09/15/2020,"Thomas Jefferson",Black,481,68,15
09/15/2020,"Eastern Shore",White,251,26,18
09/15/2020,"Central Virginia",White,799,52,14
09/15/2020,Lenowisco,Black,5,1,1
09/15/2020,"Central Virginia","Two or more races",6,0,0
09/15/2020,Richmond,"Two or more races",35,1,0
09/15/2020,Crater,"Not Reported",689,10,6
09/15/2020,Chesterfield,"Two or more races",28,3,0
09/15/2020,"New River",Latino,153,5,0
09/15/2020,Richmond,Latino,1304,110,7
09/15/2020,Portsmouth,Latino,72,11,1
09/15/2020,Pittsylvania-Danville,"Not Reported",639,11,0
09/15/2020,Chesapeake,"Not Reported",925,8,0
09/15/2020,Chickahominy,Latino,94,4,0
09/15/2020,Crater,Black,1879,189,55
09/15/2020,Chesterfield,Black,1036,112,28
09/15/2020,Chesterfield,"Other Race",192,12,0
09/15/2020,Peninsula,Black,1056,67,21
09/15/2020,Roanoke,White,282,15,12
09/15/2020,"New River",Black,140,3,0
09/15/2020,Southside,Latino,9,0,0
09/15/2020,Peninsula,Latino,311,19,1
09/15/2020,Rappahannock,"Two or more races",38,3,0
09/15/2020,"Virginia Beach",Black,1663,117,17
09/15/2020,"Mount Rogers","Not Reported",137,3,2
09/15/2020,Loudoun,"Not Reported",1914,6,0
09/15/2020,Chesapeake,"Other Race",56,5,1
09/15/2020,Chickahominy,"Two or more races",4,1,0
09/15/2020,Crater,"Other Race",35,0,0
09/15/2020,Norfolk,"Two or more races",51,1,1
09/15/2020,"Eastern Shore","Two or more races",1,1,0
09/15/2020,"Central Shenandoah",White,2620,176,57
09/15/2020,"New River","Other Race",11,0,0
09/15/2020,"New River",White,1591,37,11
09/15/2020,"Central Shenandoah","Other Race",82,2,0
09/15/2020,"West Piedmont",Black,445,83,12
09/15/2020,Alleghany,Latino,158,11,0
09/15/2020,"Central Shenandoah","Not Reported",663,4,1
09/15/2020,Roanoke,"Two or more races",4,2,0
09/15/2020,Peninsula,"Two or more races",51,3,0
09/15/2020,Richmond,"Not Reported",680,2,1
09/15/2020,Arlington,"Other Race",92,10,4
09/15/2020,Norfolk,"Not Reported",980,4,0
09/15/2020,Alexandria,"Other Race",82,8,3
09/15/2020,"Virginia Beach",White,2234,169,47
09/15/2020,Chesapeake,"Two or more races",44,3,1
09/15/2020,Alleghany,White,706,49,21
09/15/2020,"Rappahannock Rapidan","Other Race",35,3,0
09/15/2020,Chickahominy,"Not Reported",392,2,1
09/15/2020,Portsmouth,Black,1419,183,33
09/15/2020,Chickahominy,"Other Race",18,2,0
09/15/2020,"Virginia Beach",Latino,394,23,3
09/15/2020,Chesapeake,White,1175,116,21
09/15/2020,Southside,Black,440,38,16
09/15/2020,Rappahannock,Latino,1284,106,8
09/15/2020,"Three Rivers","Two or more races",8,0,0
09/15/2020,Henrico,Black,1597,195,86
09/15/2020,Pittsylvania-Danville,Black,543,65,14
09/15/2020,"Lord Fairfax","Two or more races",13,0,0
09/15/2020,"Prince William",Latino,6026,622,72
09/15/2020,"Mount Rogers","Other Race",8,2,2
09/15/2020,"Central Shenandoah",Black,195,11,4
09/15/2020,Peninsula,White,908,82,37
09/15/2020,"Eastern Shore","Not Reported",84,0,0
09/15/2020,"Thomas Jefferson","Other Race",142,3,1
09/15/2020,Hampton,"Other Race",53,2,1
09/15/2020,"Lord Fairfax","Not Reported",328,4,7
09/15/2020,"Central Virginia","Other Race",19,0,0
09/15/2020,"Western Tidewater","Other Race",71,1,2
09/15/2020,Crater,Latino,190,9,4
09/15/2020,Chesapeake,Latino,276,24,1
09/15/2020,Chesterfield,White,1323,109,70
09/15/2020,"Western Tidewater","Not Reported",876,6,3
09/15/2020,Fairfax,"Not Reported",2476,51,31
09/15/2020,Arlington,Black,388,82,33
09/15/2020,"Central Virginia",Latino,47,5,1
09/15/2020,Alexandria,"Not Reported",238,8,1
09/15/2020,"Three Rivers",Black,503,43,9
09/15/2020,"Prince William","Two or more races",81,1,0
09/15/2020,Loudoun,"Two or more races",49,2,0
09/15/2020,Peninsula,"Other Race",154,4,0
09/15/2020,"Thomas Jefferson",White,1273,77,41
09/15/2020,Norfolk,"Other Race",85,4,1
09/15/2020,"Prince William","Not Reported",4123,26,0
09/15/2020,"West Piedmont",White,776,104,30
09/15/2020,Rappahannock,Black,813,91,16
09/15/2020,Norfolk,Black,2329,240,43
09/15/2020,Roanoke,Latino,351,19,0
09/15/2020,Piedmont,Latino,74,8,1
09/15/2020,Roanoke,"Not Reported",518,2,0
09/15/2020,"Virginia Beach","Other Race",108,2,0
09/15/2020,Arlington,"Two or more races",37,3,0
09/15/2020,Alexandria,White,701,57,34
09/15/2020,"Lord Fairfax","Other Race",74,6,2
09/15/2020,"Thomas Jefferson","Not Reported",224,1,0
09/15/2020,"Virginia Beach","Not Reported",1798,11,3
09/15/2020,Loudoun,Black,298,29,5
09/15/2020,Pittsylvania-Danville,Latino,66,3,0
09/15/2020,"Cumberland Plateau","Not Reported",18,0,0
09/15/2020,Chesterfield,"Not Reported",1958,4,10
09/15/2020,"Mount Rogers",White,2000,193,81
09/15/2020,Richmond,White,673,42,13
09/15/2020,Lenowisco,"Not Reported",120,4,2
09/15/2020,"Three Rivers",Latino,151,5,1
09/15/2020,Piedmont,"Not Reported",765,11,4
09/15/2020,"Mount Rogers",Latino,279,6,0
09/15/2020,"Central Shenandoah","Two or more races",30,1,0
09/15/2020,Crater,White,733,55,23
09/15/2020,Arlington,White,1094,133,70
09/15/2020,Pittsylvania-Danville,"Other Race",0,0,0
09/15/2020,Chickahominy,Black,334,46,12
09/15/2020,Fairfax,Black,1623,240,64
09/15/2020,"Eastern Shore",Latino,260,11,3
09/15/2020,Norfolk,White,833,57,20
09/15/2020,"Mount Rogers","Two or more races",9,1,0
09/15/2020,Alleghany,"Two or more races",6,0,0
09/15/2020,Southside,White,254,29,19
09/15/2020,"Thomas Jefferson","Two or more races",40,1,0
09/15/2020,"Prince William",Black,1388,174,49
09/15/2020,"Lord Fairfax",White,1660,185,79
09/15/2020,"Cumberland Plateau",Latino,6,0,0
09/15/2020,Arlington,"Not Reported",339,2,1
09/15/2020,Rappahannock,"Other Race",112,4,0
09/15/2020,"Rappahannock Rapidan",Black,219,32,10
09/15/2020,"New River","Two or more races",25,0,0
09/15/2020,Arlington,Latino,1628,234,25
09/15/2020,Henrico,White,1349,119,100
09/15/2020,Loudoun,White,1532,120,86
09/15/2020,Hampton,White,256,10,3
09/15/2020,Alleghany,Black,76,8,2
09/15/2020,"Prince William",White,1666,176,87
09/15/2020,Rappahannock,White,1360,136,43
09/15/2020,Southside,"Other Race",13,0,1
09/15/2020,Portsmouth,"Two or more races",15,4,0
09/15/2020,"Western Tidewater",Black,1568,107,45
09/15/2020,Hampton,Latino,58,4,0
09/15/2020,Henrico,"Not Reported",887,4,4
09/15/2020,"West Piedmont","Two or more races",3,0,0
09/15/2020,Peninsula,"Not Reported",1615,2,0
09/15/2020,Loudoun,Latino,2114,189,15
09/15/2020,Alexandria,Black,737,90,16
09/15/2020,Piedmont,Black,498,58,16
09/15/2020,Roanoke,"Other Race",17,1,0
09/15/2020,Alexandria,"Two or more races",21,1,0
09/15/2020,"Western Tidewater",Latino,32,1,1
09/15/2020,Rappahannock,"Not Reported",1248,25,0
09/15/2020,"West Piedmont","Other Race",6,1,1
09/15/2020,Chickahominy,White,820,95,36
09/15/2020,"Thomas Jefferson",Latino,666,30,3
09/15/2020,"Cumberland Plateau",Black,42,0,0
09/15/2020,"Lord Fairfax",Latino,725,46,9
09/15/2020,"West Piedmont",Latino,253,8,1
09/15/2020,"Cumberland Plateau",White,565,49,9
09/15/2020,"Eastern Shore","Other Race",13,1,0
09/15/2020,"Cumberland Plateau","Two or more races",6,0,0
09/15/2020,Pittsylvania-Danville,"Two or more races",2,0,0
09/15/2020,Piedmont,"Other Race",9,0,0
09/15/2020,Alexandria,Latino,1703,130,10
09/15/2020,Chesapeake,Black,1540,208,25
09/15/2020,Richmond,"Other Race",125,8,2
09/15/2020,Henrico,Latino,851,55,9
09/15/2020,Piedmont,"Two or more races",4,2,0
09/15/2020,"Prince William","Other Race",418,15,1
09/15/2020,"New River","Not Reported",661,5,0
09/15/2020,"Rappahannock Rapidan",White,752,54,18
09/15/2020,"Central Virginia","Not Reported",1692,13,4
09/15/2020,"Virginia Beach","Two or more races",58,4,1
09/15/2020,Pittsylvania-Danville,White,428,46,13
09/15/2020,"Lord Fairfax",Black,138,19,6
09/15/2020,Fairfax,Latino,9526,1006,90
09/15/2020,Chesterfield,"Asian or Pacific Islander",61,2,1
09/15/2020,Crater,"Asian or Pacific Islander",16,0,0
09/15/2020,Fairfax,"Asian or Pacific Islander",1647,261,75
09/15/2020,Hampton,"Asian or Pacific Islander",13,0,0
09/15/2020,"Rappahannock Rapidan","Asian or Pacific Islander",10,1,0
09/15/2020,"Mount Rogers","Asian or Pacific Islander",3,1,0
09/15/2020,"New River","Asian or Pacific Islander",61,0,0
09/15/2020,"Central Virginia","Asian or Pacific Islander",12,1,0
09/15/2020,"Lord Fairfax","Asian or Pacific Islander",14,0,0
09/15/2020,Southside,"Asian or Pacific Islander",1,0,0
09/15/2020,Alleghany,"Asian or Pacific Islander",18,0,0
09/15/2020,Portsmouth,"Asian or Pacific Islander",21,2,0
09/15/2020,Roanoke,"Asian or Pacific Islander",25,2,0
09/15/2020,Richmond,"Asian or Pacific Islander",41,3,1
09/15/2020,"Thomas Jefferson","Asian or Pacific Islander",55,0,1
09/15/2020,"Virginia Beach","Asian or Pacific Islander",259,23,3
09/15/2020,Henrico,"Asian or Pacific Islander",194,11,4
09/15/2020,Piedmont,"Asian or Pacific Islander",8,0,0
09/15/2020,"Western Tidewater","Asian or Pacific Islander",19,2,1
09/15/2020,"West Piedmont","Asian or Pacific Islander",11,1,1
09/15/2020,Chickahominy,"Asian or Pacific Islander",16,1,0
09/15/2020,Peninsula,"Asian or Pacific Islander",42,4,5
09/15/2020,Norfolk,"Asian or Pacific Islander",61,7,0
09/15/2020,Arlington,"Asian or Pacific Islander",176,23,12
09/15/2020,Loudoun,"Asian or Pacific Islander",395,53,11
09/15/2020,Alexandria,"Asian or Pacific Islander",130,11,1
09/15/2020,Rappahannock,"Asian or Pacific Islander",81,10,2
09/15/2020,Chesapeake,"Asian or Pacific Islander",69,9,4
09/15/2020,"Cumberland Plateau and Lenowisco","Asian or Pacific Islander",1,0,0
09/15/2020,"Central Shenandoah","Asian or Pacific Islander",52,2,0
09/15/2020,"Prince William","Asian or Pacific Islander",509,56,15
09/15/2020,Pittsylvania-Danville,"Asian or Pacific Islander",3,0,0
09/15/2020,"Eastern Shore and Three Rivers","Asian or Pacific Islander",12,1,0
09/15/2020,Piedmont,"Native American",2,0,0
09/15/2020,"New River","Native American",1,0,0
09/15/2020,"Central Shenandoah","Native American",3,1,0
09/15/2020,"Eastern Shore and Three Rivers","Native American",1,0,0
09/15/2020,Fairfax,"Native American",33,1,1
09/15/2020,Chesapeake,"Native American",11,0,0
09/15/2020,"Western Tidewater","Native American",2,0,0
09/15/2020,Portsmouth,"Native American",4,2,0
09/15/2020,Richmond,"Native American",0,0,0
09/15/2020,Chickahominy,"Native American",6,1,0
09/15/2020,"Thomas Jefferson","Native American",2,0,0
09/15/2020,Arlington,"Native American",5,0,0
09/15/2020,"Virginia Beach","Native American",9,0,0
09/15/2020,Peninsula,"Native American",7,2,1
09/15/2020,Hampton,"Native American",3,0,0
09/15/2020,"West Piedmont","Native American",2,0,0
09/15/2020,"Cumberland Plateau, Lenowisco, and Mount Rogers","Native American",1,0,0
09/15/2020,Henrico,"Native American",10,0,0
09/15/2020,Norfolk,"Native American",9,1,1
09/15/2020,"Prince William","Native American",20,1,1
09/15/2020,"Central Virginia","Native American",3,0,0
09/15/2020,Chesterfield,"Native American",6,0,0
09/15/2020,Rappahannock,"Native American",6,0,0
09/15/2020,Loudoun,"Native American",5,0,0
09/15/2020,Alexandria,"Native American",3,0,0
09/15/2020,"Alleghany and Roanoke","Native American",1,0,0
09/15/2020,Crater,"Native American",5,0,0
09/15/2020,"Rappahannock Rapidan","Native American",1,0,0
09/15/2020,"Lord Fairfax","Native American",2,1,1
09/15/2020,"Pittsylvania-Danville and Southside","Native American",0,0,0
09/16/2020,"Rappahannock Rapidan","Not Reported",662,13,11
09/16/2020,Portsmouth,"Other Race",57,10,4
09/16/2020,"Western Tidewater","Two or more races",31,0,0
09/16/2020,Piedmont,White,512,50,20
09/16/2020,Chesterfield,Latino,1450,92,6
09/16/2020,Lenowisco,White,699,66,14
09/16/2020,Lenowisco,"Two or more races",2,0,0
09/16/2020,Hampton,"Not Reported",629,3,2
09/16/2020,Southside,"Not Reported",527,10,4
09/16/2020,Roanoke,Black,199,16,3
09/16/2020,Hampton,Black,709,39,14
09/16/2020,Alleghany,"Other Race",9,1,0
09/16/2020,Lenowisco,Latino,10,0,0
09/16/2020,Loudoun,"Other Race",184,15,2
09/16/2020,"Central Shenandoah",Latino,1056,56,6
09/16/2020,"Rappahannock Rapidan",Latino,782,62,7
09/16/2020,"Eastern Shore",Black,852,98,28
09/16/2020,Norfolk,Latino,329,23,0
09/16/2020,Hampton,"Two or more races",15,0,0
09/16/2020,Richmond,Black,1514,237,31
09/16/2020,Henrico,"Two or more races",43,1,0
09/16/2020,Fairfax,"Two or more races",96,5,0
09/16/2020,Alleghany,"Not Reported",406,1,0
09/16/2020,Portsmouth,"Not Reported",510,5,0
09/16/2020,"Cumberland Plateau","Other Race",2,1,0
09/16/2020,Southside,"Two or more races",25,0,0
09/16/2020,Portsmouth,White,318,41,8
09/16/2020,"Rappahannock Rapidan","Two or more races",32,3,0
09/16/2020,Fairfax,White,3777,487,305
09/16/2020,Fairfax,"Other Race",786,85,19
09/16/2020,Crater,"Two or more races",9,0,0
09/16/2020,"West Piedmont","Not Reported",370,28,3
09/16/2020,Henrico,"Other Race",151,13,0
09/16/2020,"Three Rivers",White,602,46,16
09/16/2020,"Central Virginia",Black,234,30,7
09/16/2020,Lenowisco,"Other Race",7,0,0
09/16/2020,"Three Rivers","Other Race",15,3,0
09/16/2020,"Western Tidewater",White,791,63,51
09/16/2020,"Mount Rogers",Black,56,7,2
09/16/2020,"Three Rivers","Not Reported",242,4,1
09/16/2020,"Thomas Jefferson",Black,482,68,15
09/16/2020,"Eastern Shore",White,251,26,18
09/16/2020,"Central Virginia",White,825,53,16
09/16/2020,Lenowisco,Black,5,1,1
09/16/2020,"Central Virginia","Two or more races",6,0,0
09/16/2020,Richmond,"Two or more races",37,1,0
09/16/2020,Crater,"Not Reported",690,10,6
09/16/2020,Chesterfield,"Two or more races",28,3,0
09/16/2020,"New River",Latino,155,5,0
09/16/2020,Richmond,Latino,1307,110,7
09/16/2020,Portsmouth,Latino,73,11,1
09/16/2020,Pittsylvania-Danville,"Not Reported",654,11,0
09/16/2020,Chesapeake,"Not Reported",931,8,0
09/16/2020,Chickahominy,Latino,94,4,0
09/16/2020,Crater,Black,1885,189,60
09/16/2020,Chesterfield,Black,1047,112,28
09/16/2020,Chesterfield,"Other Race",191,12,0
09/16/2020,Peninsula,Black,1071,67,21
09/16/2020,Roanoke,White,292,15,12
09/16/2020,"New River",Black,141,3,0
09/16/2020,Southside,Latino,9,0,0
09/16/2020,Peninsula,Latino,319,19,1
09/16/2020,Rappahannock,"Two or more races",39,3,0
09/16/2020,"Virginia Beach",Black,1667,118,18
09/16/2020,"Mount Rogers","Not Reported",133,3,2
09/16/2020,Loudoun,"Not Reported",1930,6,0
09/16/2020,Chesapeake,"Other Race",56,5,1
09/16/2020,Chickahominy,"Two or more races",4,1,0
09/16/2020,Crater,"Other Race",36,0,0
09/16/2020,Norfolk,"Two or more races",50,1,1
09/16/2020,"Eastern Shore","Two or more races",1,1,0
09/16/2020,"Central Shenandoah",White,2686,178,58
09/16/2020,"New River","Other Race",11,0,0
09/16/2020,"New River",White,1638,37,12
09/16/2020,"Central Shenandoah","Other Race",78,2,0
09/16/2020,"West Piedmont",Black,447,83,12
09/16/2020,Alleghany,Latino,158,11,0
09/16/2020,"Central Shenandoah","Not Reported",642,4,1
09/16/2020,Roanoke,"Two or more races",4,2,0
09/16/2020,Peninsula,"Two or more races",51,3,0
09/16/2020,Richmond,"Not Reported",684,2,1
09/16/2020,Arlington,"Other Race",91,10,4
09/16/2020,Norfolk,"Not Reported",968,4,0
09/16/2020,Alexandria,"Other Race",83,8,3
09/16/2020,"Virginia Beach",White,2235,168,48
09/16/2020,Chesapeake,"Two or more races",44,3,1
09/16/2020,Alleghany,White,718,49,21
09/16/2020,"Rappahannock Rapidan","Other Race",36,3,0
09/16/2020,Chickahominy,"Not Reported",390,3,1
09/16/2020,Portsmouth,Black,1429,186,34
09/16/2020,Chickahominy,"Other Race",18,2,0
09/16/2020,"Virginia Beach",Latino,393,23,3
09/16/2020,Chesapeake,White,1186,120,21
09/16/2020,Southside,Black,447,38,16
09/16/2020,Rappahannock,Latino,1285,106,8
09/16/2020,"Three Rivers","Two or more races",8,0,0
09/16/2020,Pittsylvania-Danville,Black,549,65,15
09/16/2020,"Lord Fairfax","Two or more races",13,0,0
09/16/2020,"Prince William",Latino,6053,624,73
09/16/2020,"Mount Rogers","Other Race",8,2,2
09/16/2020,"Central Shenandoah",Black,197,11,4
09/16/2020,Peninsula,White,917,82,37
09/16/2020,"Eastern Shore","Not Reported",84,0,0
09/16/2020,"Thomas Jefferson","Other Race",140,3,1
09/16/2020,Hampton,"Other Race",53,2,1
09/16/2020,"Lord Fairfax","Not Reported",330,4,7
09/16/2020,"Central Virginia","Other Race",19,0,0
09/16/2020,"Western Tidewater","Other Race",71,1,2
09/16/2020,Crater,Latino,191,9,4
09/16/2020,Chesapeake,Latino,279,25,1
09/16/2020,Chesterfield,White,1352,111,73
09/16/2020,"Western Tidewater","Not Reported",886,6,3
09/16/2020,Fairfax,"Not Reported",2488,51,31
09/16/2020,Arlington,Black,390,82,33
09/16/2020,"Central Virginia",Latino,49,5,1
09/16/2020,Alexandria,"Not Reported",238,7,1
09/16/2020,"Three Rivers",Black,513,44,9
09/16/2020,"Prince William","Two or more races",82,1,0
09/16/2020,Loudoun,"Two or more races",49,2,0
09/16/2020,Peninsula,"Other Race",155,4,0
09/16/2020,"Thomas Jefferson",White,1290,77,42
09/16/2020,Norfolk,"Other Race",86,4,1
09/16/2020,"Prince William","Not Reported",4122,26,0
09/16/2020,"West Piedmont",White,789,106,36
09/16/2020,Rappahannock,Black,817,91,16
09/16/2020,Norfolk,Black,2339,241,43
09/16/2020,Roanoke,Latino,354,19,0
09/16/2020,Piedmont,Latino,74,8,1
09/16/2020,Roanoke,"Not Reported",520,2,0
09/16/2020,"Virginia Beach","Other Race",108,2,0
09/16/2020,Arlington,"Two or more races",37,3,0
09/16/2020,Alexandria,White,705,57,34
09/16/2020,"Lord Fairfax","Other Race",74,6,2
09/16/2020,"Thomas Jefferson","Not Reported",267,1,0
09/16/2020,"Virginia Beach","Not Reported",1785,10,2
09/16/2020,Loudoun,Black,301,29,5
09/16/2020,Pittsylvania-Danville,Latino,66,3,0
09/16/2020,"Cumberland Plateau","Not Reported",20,0,0
09/16/2020,Chesterfield,"Not Reported",1939,4,10
09/16/2020,"Mount Rogers",White,2014,196,83
09/16/2020,Richmond,White,677,42,13
09/16/2020,Lenowisco,"Not Reported",119,4,2
09/16/2020,"Three Rivers",Latino,152,5,1
09/16/2020,Piedmont,"Not Reported",768,11,4
09/16/2020,"Mount Rogers",Latino,279,6,0
09/16/2020,"Central Shenandoah","Two or more races",28,1,0
09/16/2020,Crater,White,737,55,23
09/16/2020,Arlington,White,1104,133,70
09/16/2020,Pittsylvania-Danville,"Other Race",0,0,0
09/16/2020,Chickahominy,Black,340,47,12
09/16/2020,Fairfax,Black,1631,240,65
09/16/2020,"Eastern Shore",Latino,260,11,3
09/16/2020,Norfolk,White,843,57,20
09/16/2020,"Mount Rogers","Two or more races",9,1,0
09/16/2020,Alleghany,"Two or more races",6,0,0
09/16/2020,Southside,White,260,29,19
09/16/2020,"Thomas Jefferson","Two or more races",41,1,0
09/16/2020,"Prince William",Black,1396,174,50
09/16/2020,"Lord Fairfax",White,1665,186,81
09/16/2020,"Cumberland Plateau",Latino,6,0,0
09/16/2020,Arlington,"Not Reported",336,2,1
09/16/2020,Rappahannock,"Other Race",114,4,0
09/16/2020,"Rappahannock Rapidan",Black,220,32,10
09/16/2020,"New River","Two or more races",26,0,0
09/16/2020,Arlington,Latino,1636,235,26
09/16/2020,Henrico,White,1368,122,102
09/16/2020,Loudoun,White,1539,120,86
09/16/2020,Hampton,White,256,10,3
09/16/2020,Alleghany,Black,77,8,2
09/16/2020,"Prince William",White,1673,176,88
09/16/2020,Rappahannock,White,1375,137,44
09/16/2020,Southside,"Other Race",13,0,1
09/16/2020,Portsmouth,"Two or more races",15,5,0
09/16/2020,"Western Tidewater",Black,1580,107,45
09/16/2020,Hampton,Latino,58,4,0
09/16/2020,Henrico,"Not Reported",892,4,4
09/16/2020,"West Piedmont","Two or more races",3,0,0
09/16/2020,Peninsula,"Not Reported",1620,2,0
09/16/2020,Loudoun,Latino,2120,192,15
09/16/2020,Alexandria,Black,743,91,16
09/16/2020,Piedmont,Black,498,58,16
09/16/2020,Roanoke,"Other Race",18,1,0
09/16/2020,Alexandria,"Two or more races",21,1,0
09/16/2020,"Western Tidewater",Latino,32,1,1
09/16/2020,Rappahannock,"Not Reported",1249,25,0
09/16/2020,"West Piedmont","Other Race",6,1,1
09/16/2020,Chickahominy,White,825,96,36
09/16/2020,"Thomas Jefferson",Latino,666,30,3
09/16/2020,"Cumberland Plateau",Black,42,0,0
09/16/2020,"Lord Fairfax",Latino,726,46,9
09/16/2020,"West Piedmont",Latino,255,8,1
09/16/2020,"Cumberland Plateau",White,574,50,9
09/16/2020,"Eastern Shore","Other Race",13,1,0
09/16/2020,"Cumberland Plateau","Two or more races",6,0,0
09/16/2020,Pittsylvania-Danville,"Two or more races",2,0,0
09/16/2020,Piedmont,"Other Race",9,0,0
09/16/2020,Alexandria,Latino,1704,130,11
09/16/2020,Chesapeake,Black,1543,209,27
09/16/2020,Richmond,"Other Race",124,8,2
09/16/2020,Henrico,Latino,851,55,9
09/16/2020,Piedmont,"Two or more races",4,2,0
09/16/2020,"Prince William","Other Race",415,15,1
09/16/2020,"New River","Not Reported",658,5,0
09/16/2020,"Rappahannock Rapidan",White,758,54,18
09/16/2020,"Central Virginia","Not Reported",1678,12,4
09/16/2020,"Virginia Beach","Two or more races",58,4,1
09/16/2020,Pittsylvania-Danville,White,430,46,14
09/16/2020,"Lord Fairfax",Black,138,19,6
09/16/2020,Fairfax,Latino,9562,1011,89
09/16/2020,Chesterfield,"Asian or Pacific Islander",64,2,1
09/16/2020,Crater,"Asian or Pacific Islander",16,0,0
09/16/2020,Fairfax,"Asian or Pacific Islander",1662,262,75
09/16/2020,Hampton,"Asian or Pacific Islander",13,0,0
09/16/2020,"Rappahannock Rapidan","Asian or Pacific Islander",10,1,0
09/16/2020,"Mount Rogers","Asian or Pacific Islander",3,1,0
09/16/2020,"New River","Asian or Pacific Islander",70,0,0
09/16/2020,"Central Virginia","Asian or Pacific Islander",13,1,0
09/16/2020,"Lord Fairfax","Asian or Pacific Islander",14,0,0
09/16/2020,Southside,"Asian or Pacific Islander",1,0,0
09/16/2020,Alleghany,"Asian or Pacific Islander",18,0,0
09/16/2020,Portsmouth,"Asian or Pacific Islander",21,2,0
09/16/2020,Roanoke,"Asian or Pacific Islander",25,2,0
09/16/2020,Richmond,"Asian or Pacific Islander",41,3,1
09/16/2020,"Thomas Jefferson","Asian or Pacific Islander",55,0,1
09/16/2020,"Virginia Beach","Asian or Pacific Islander",260,24,4
09/16/2020,Henrico,"Asian or Pacific Islander",196,11,4
09/16/2020,Piedmont,"Asian or Pacific Islander",9,0,1
09/16/2020,"Western Tidewater","Asian or Pacific Islander",20,2,2
09/16/2020,"West Piedmont","Asian or Pacific Islander",11,1,1
09/16/2020,Chickahominy,"Asian or Pacific Islander",16,1,0
09/16/2020,Peninsula,"Asian or Pacific Islander",42,4,5
09/16/2020,Norfolk,"Asian or Pacific Islander",61,7,0
09/16/2020,Arlington,"Asian or Pacific Islander",180,23,12
09/16/2020,Loudoun,"Asian or Pacific Islander",395,53,11
09/16/2020,Alexandria,"Asian or Pacific Islander",130,11,1
09/16/2020,Rappahannock,"Asian or Pacific Islander",81,10,2
09/16/2020,Chesapeake,"Asian or Pacific Islander",69,9,4
09/16/2020,"Cumberland Plateau and Lenowisco","Asian or Pacific Islander",1,0,0
09/16/2020,"Central Shenandoah","Asian or Pacific Islander",55,2,0
09/16/2020,"Prince William","Asian or Pacific Islander",516,56,15
09/16/2020,Pittsylvania-Danville,"Asian or Pacific Islander",3,0,0
09/16/2020,"Eastern Shore and Three Rivers","Asian or Pacific Islander",12,1,0
09/16/2020,Piedmont,"Native American",2,0,0
09/16/2020,"New River","Native American",1,0,0
09/16/2020,"Central Shenandoah","Native American",4,1,0
09/16/2020,"Eastern Shore and Three Rivers","Native American",1,0,0
09/16/2020,Fairfax,"Native American",33,1,1
09/16/2020,Chesapeake,"Native American",11,0,0
09/16/2020,"Western Tidewater","Native American",2,0,0
09/16/2020,Portsmouth,"Native American",4,2,0
09/16/2020,Richmond,"Native American",0,0,0
09/16/2020,Chickahominy,"Native American",6,1,0
09/16/2020,"Thomas Jefferson","Native American",2,0,0
09/16/2020,Arlington,"Native American",5,0,0
09/16/2020,"Virginia Beach","Native American",9,0,0
09/16/2020,Peninsula,"Native American",7,2,1
09/16/2020,Hampton,"Native American",3,0,0
09/16/2020,"West Piedmont","Native American",2,0,0
09/16/2020,"Cumberland Plateau, Lenowisco, and Mount Rogers","Native American",1,0,0
09/16/2020,Henrico,"Native American",10,0,0
09/16/2020,Norfolk,"Native American",9,1,1
09/16/2020,"Prince William","Native American",20,1,1
09/16/2020,"Central Virginia","Native American",3,0,0
09/16/2020,Chesterfield,"Native American",6,0,0
09/16/2020,Rappahannock,"Native American",6,0,0
09/16/2020,Loudoun,"Native American",5,0,0
09/16/2020,Alexandria,"Native American",4,0,0
09/16/2020,"Alleghany and Roanoke","Native American",1,0,0
09/16/2020,Crater,"Native American",5,0,0
09/16/2020,"Rappahannock Rapidan","Native American",1,0,0
09/16/2020,"Lord Fairfax","Native American",2,1,1
09/16/2020,"Pittsylvania-Danville and Southside","Native American",0,0,0
09/17/2020,"Rappahannock Rapidan","Not Reported",670,13,10
09/17/2020,Portsmouth,"Other Race",57,10,4
09/17/2020,"Western Tidewater","Two or more races",32,0,0
09/17/2020,Piedmont,White,517,50,21
09/17/2020,Chesterfield,Latino,1461,93,7
09/17/2020,Lenowisco,White,706,67,14
09/17/2020,Lenowisco,"Two or more races",2,0,0
09/17/2020,Hampton,"Not Reported",638,3,2
09/17/2020,Southside,"Not Reported",538,10,4
09/17/2020,Roanoke,Black,210,19,4
09/17/2020,Hampton,Black,711,39,14
09/17/2020,Alleghany,"Other Race",9,1,0
09/17/2020,Lenowisco,Latino,10,0,0
09/17/2020,Loudoun,"Other Race",182,15,2
09/17/2020,"Central Shenandoah",Latino,1060,56,6
09/17/2020,"Rappahannock Rapidan",Latino,782,62,7
09/17/2020,"Eastern Shore",Black,854,98,28
09/17/2020,Norfolk,Latino,328,23,0
09/17/2020,Hampton,"Two or more races",15,0,0
09/17/2020,Richmond,Black,1524,236,31
09/17/2020,Henrico,"Two or more races",44,1,0
09/17/2020,Fairfax,"Two or more races",96,5,0
09/17/2020,Alleghany,"Not Reported",413,1,0
09/17/2020,Portsmouth,"Not Reported",500,5,0
09/17/2020,"Cumberland Plateau","Other Race",3,1,0
09/17/2020,Southside,"Two or more races",26,0,0
09/17/2020,Portsmouth,White,320,41,8
09/17/2020,"Rappahannock Rapidan","Two or more races",33,3,0
09/17/2020,Fairfax,White,3806,490,305
09/17/2020,Fairfax,"Other Race",788,85,19
09/17/2020,Crater,"Two or more races",9,0,0
09/17/2020,"West Piedmont","Not Reported",381,28,3
09/17/2020,Henrico,"Other Race",150,13,0
09/17/2020,"Three Rivers",White,611,47,16
10/22/2020,Roanoke,Black,549,37,9
09/17/2020,"Central Virginia",Black,241,30,7
09/17/2020,Lenowisco,"Other Race",7,0,0
09/17/2020,"Three Rivers","Other Race",15,3,0
09/17/2020,"Western Tidewater",White,812,66,56
09/17/2020,"Mount Rogers",Black,56,7,2
09/17/2020,"Three Rivers","Not Reported",249,4,1
09/17/2020,"Thomas Jefferson",Black,482,68,15
09/17/2020,"Eastern Shore",White,251,26,18
09/17/2020,"Central Virginia",White,850,53,16
09/17/2020,Lenowisco,Black,5,1,1
09/17/2020,"Central Virginia","Two or more races",7,0,0
09/17/2020,Richmond,"Two or more races",38,2,0
09/17/2020,Crater,"Not Reported",685,10,6
09/17/2020,Chesterfield,"Two or more races",29,3,0
09/17/2020,"New River",Latino,156,5,0
09/17/2020,Richmond,Latino,1309,110,8
09/17/2020,Portsmouth,Latino,74,11,1
09/17/2020,Pittsylvania-Danville,"Not Reported",660,11,0
09/17/2020,Chesapeake,"Not Reported",927,8,0
09/17/2020,Chickahominy,Latino,94,4,0
09/17/2020,Crater,Black,1912,192,60
09/17/2020,Chesterfield,Black,1061,112,28
09/17/2020,Chesterfield,"Other Race",189,12,0
09/17/2020,Peninsula,Black,1076,67,21
09/17/2020,Roanoke,White,305,16,12
09/17/2020,"New River",Black,144,3,0
09/17/2020,Southside,Latino,9,0,0
09/17/2020,Peninsula,Latino,322,19,1
09/17/2020,Rappahannock,"Two or more races",39,3,0
09/17/2020,"Virginia Beach",Black,1673,118,19
09/17/2020,"Mount Rogers","Not Reported",134,3,3
09/17/2020,Loudoun,"Not Reported",1947,5,0
09/17/2020,Chesapeake,"Other Race",57,5,1
09/17/2020,Chickahominy,"Two or more races",5,1,0
09/17/2020,Crater,"Other Race",36,0,0
09/17/2020,Norfolk,"Two or more races",51,1,1
09/17/2020,"Eastern Shore","Two or more races",1,1,0
09/17/2020,"Central Shenandoah",White,2732,179,59
09/17/2020,"New River","Other Race",14,0,0
09/17/2020,"New River",White,1649,37,12
09/17/2020,"Central Shenandoah","Other Race",82,2,0
09/17/2020,"West Piedmont",Black,448,83,12
09/17/2020,Alleghany,Latino,159,11,0
09/17/2020,"Central Shenandoah","Not Reported",660,4,1
09/17/2020,Roanoke,"Two or more races",4,2,0
09/17/2020,Peninsula,"Two or more races",51,3,0
09/17/2020,Richmond,"Not Reported",686,2,1
09/17/2020,Arlington,"Other Race",92,10,4
09/17/2020,Norfolk,"Not Reported",973,4,0
09/17/2020,Alexandria,"Other Race",85,8,3
09/17/2020,"Virginia Beach",White,2252,168,48
09/17/2020,Chesapeake,"Two or more races",44,3,1
09/17/2020,Alleghany,White,728,50,22
09/17/2020,"Rappahannock Rapidan","Other Race",36,3,0
09/17/2020,Chickahominy,"Not Reported",393,3,1
09/17/2020,Portsmouth,Black,1448,190,35
09/17/2020,Chickahominy,"Other Race",18,2,0
09/17/2020,"Virginia Beach",Latino,393,23,3
09/17/2020,Chesapeake,White,1201,122,23
09/17/2020,Southside,Black,453,39,16
09/17/2020,Rappahannock,Latino,1295,107,8
09/17/2020,"Three Rivers","Two or more races",8,0,0
09/17/2020,Henrico,Black,1628,197,85
09/17/2020,Pittsylvania-Danville,Black,557,65,16
09/17/2020,"Lord Fairfax","Two or more races",13,0,0
09/17/2020,"Prince William",Latino,6083,624,73
09/17/2020,"Mount Rogers","Other Race",8,2,2
09/17/2020,"Central Shenandoah",Black,202,11,4
09/17/2020,Peninsula,White,921,82,37
09/17/2020,"Eastern Shore","Not Reported",84,0,0
09/17/2020,"Thomas Jefferson","Other Race",145,3,1
09/17/2020,Hampton,"Other Race",53,2,1
09/17/2020,"Lord Fairfax","Not Reported",330,4,7
09/17/2020,"Central Virginia","Other Race",19,0,0
09/17/2020,"Western Tidewater","Other Race",72,1,2
09/17/2020,Crater,Latino,192,9,4
09/17/2020,Chesapeake,Latino,280,25,2
09/17/2020,Chesterfield,White,1372,113,74
09/17/2020,"Western Tidewater","Not Reported",900,7,3
09/17/2020,Fairfax,"Not Reported",2496,48,31
09/17/2020,Arlington,Black,391,82,33
09/17/2020,"Central Virginia",Latino,49,5,1
09/17/2020,Alexandria,"Not Reported",244,7,1
09/17/2020,"Three Rivers",Black,527,45,10
09/17/2020,"Prince William","Two or more races",83,1,0
09/17/2020,Loudoun,"Two or more races",49,2,0
09/17/2020,Peninsula,"Other Race",156,4,0
09/17/2020,"Thomas Jefferson",White,1316,78,43
09/17/2020,Norfolk,"Other Race",84,4,1
09/17/2020,"Prince William","Not Reported",4139,27,0
09/17/2020,"West Piedmont",White,801,108,38
09/17/2020,Rappahannock,Black,820,91,16
09/17/2020,Norfolk,Black,2346,245,43
09/17/2020,Roanoke,Latino,356,19,0
09/17/2020,Piedmont,Latino,73,8,1
09/17/2020,Roanoke,"Not Reported",525,2,0
09/17/2020,"Virginia Beach","Other Race",107,2,0
09/17/2020,Arlington,"Two or more races",37,3,0
09/17/2020,Alexandria,White,708,57,34
09/17/2020,"Lord Fairfax","Other Race",74,6,2
09/17/2020,"Thomas Jefferson","Not Reported",316,1,0
09/17/2020,"Virginia Beach","Not Reported",1800,10,2
09/17/2020,Loudoun,Black,302,30,5
09/17/2020,Pittsylvania-Danville,Latino,67,3,0
09/17/2020,"Cumberland Plateau","Not Reported",21,0,0
09/17/2020,Chesterfield,"Not Reported",1922,4,10
09/17/2020,"Mount Rogers",White,2029,199,85
09/17/2020,Richmond,White,683,42,13
09/17/2020,Lenowisco,"Not Reported",118,4,2
09/17/2020,"Three Rivers",Latino,153,6,1
09/17/2020,Piedmont,"Not Reported",776,11,4
09/17/2020,"Mount Rogers",Latino,279,6,0
09/17/2020,"Central Shenandoah","Two or more races",32,1,0
09/17/2020,Crater,White,752,57,25
09/17/2020,Arlington,White,1106,133,70
09/17/2020,Pittsylvania-Danville,"Other Race",0,0,0
09/17/2020,Chickahominy,Black,341,47,12
09/17/2020,Fairfax,Black,1641,242,65
09/17/2020,"Eastern Shore",Latino,260,11,3
09/17/2020,Norfolk,White,855,57,21
09/17/2020,"Mount Rogers","Two or more races",9,1,0
09/17/2020,Alleghany,"Two or more races",6,0,0
09/17/2020,Southside,White,266,29,19
09/17/2020,"Thomas Jefferson","Two or more races",44,1,0
09/17/2020,"Prince William",Black,1406,175,50
09/17/2020,"Lord Fairfax",White,1678,186,81
09/17/2020,"Cumberland Plateau",Latino,6,0,0
09/17/2020,Arlington,"Not Reported",341,3,1
09/17/2020,Rappahannock,"Other Race",116,4,0
09/17/2020,"Rappahannock Rapidan",Black,222,32,10
09/17/2020,"New River","Two or more races",27,0,0
09/17/2020,Arlington,Latino,1639,237,26
09/17/2020,Henrico,White,1374,125,103
09/17/2020,Loudoun,White,1551,121,87
09/17/2020,Hampton,White,257,10,3
09/17/2020,Alleghany,Black,80,8,2
09/17/2020,"Prince William",White,1677,176,88
09/17/2020,Rappahannock,White,1394,138,43
09/17/2020,Southside,"Other Race",13,1,1
09/17/2020,Portsmouth,"Two or more races",15,5,0
09/17/2020,"Western Tidewater",Black,1595,118,48
09/17/2020,Hampton,Latino,58,4,0
09/17/2020,Henrico,"Not Reported",895,4,4
09/17/2020,"West Piedmont","Two or more races",3,0,0
09/17/2020,Peninsula,"Not Reported",1626,2,0
09/17/2020,Loudoun,Latino,2131,194,15
09/17/2020,Alexandria,Black,749,91,16
09/17/2020,Piedmont,Black,504,58,16
09/17/2020,Roanoke,"Other Race",19,1,0
09/17/2020,Alexandria,"Two or more races",23,2,0
09/17/2020,"Western Tidewater",Latino,32,1,1
09/17/2020,Rappahannock,"Not Reported",1263,25,0
09/17/2020,"West Piedmont","Other Race",6,1,1
09/17/2020,Chickahominy,White,835,97,36
09/17/2020,"Thomas Jefferson",Latino,667,30,3
09/17/2020,"Cumberland Plateau",Black,42,0,0
09/17/2020,"Lord Fairfax",Latino,729,46,9
09/17/2020,"West Piedmont",Latino,257,9,1
09/17/2020,"Cumberland Plateau",White,581,50,9
09/17/2020,"Eastern Shore","Other Race",13,1,0
09/17/2020,"Cumberland Plateau","Two or more races",6,0,0
09/17/2020,Pittsylvania-Danville,"Two or more races",2,0,0
09/17/2020,Piedmont,"Other Race",9,0,0
09/17/2020,Alexandria,Latino,1706,130,11
09/17/2020,Chesapeake,Black,1552,209,27
09/17/2020,Richmond,"Other Race",125,8,2
09/17/2020,Henrico,Latino,857,55,9
09/17/2020,Piedmont,"Two or more races",4,2,0
09/17/2020,"Prince William","Other Race",422,15,1
09/17/2020,"New River","Not Reported",677,5,0
09/17/2020,"Rappahannock Rapidan",White,767,55,19
09/17/2020,"Central Virginia","Not Reported",1685,13,6
09/17/2020,"Virginia Beach","Two or more races",58,4,1
09/17/2020,Pittsylvania-Danville,White,435,46,14
09/17/2020,"Lord Fairfax",Black,139,19,6
09/17/2020,Fairfax,Latino,9589,1014,90
09/17/2020,Chesterfield,"Asian or Pacific Islander",66,2,1
09/17/2020,Crater,"Asian or Pacific Islander",16,0,0
09/17/2020,Fairfax,"Asian or Pacific Islander",1672,262,75
09/17/2020,Hampton,"Asian or Pacific Islander",13,0,0
09/17/2020,"Rappahannock Rapidan","Asian or Pacific Islander",10,1,0
09/17/2020,"Mount Rogers","Asian or Pacific Islander",3,1,0
09/17/2020,"New River","Asian or Pacific Islander",72,0,0
09/17/2020,"Central Virginia","Asian or Pacific Islander",13,1,0
09/17/2020,"Lord Fairfax","Asian or Pacific Islander",14,0,0
09/17/2020,Southside,"Asian or Pacific Islander",1,0,0
09/17/2020,Alleghany,"Asian or Pacific Islander",20,0,0
09/17/2020,Portsmouth,"Asian or Pacific Islander",21,2,0
09/17/2020,Roanoke,"Asian or Pacific Islander",27,2,0
09/17/2020,Richmond,"Asian or Pacific Islander",42,3,1
09/17/2020,"Thomas Jefferson","Asian or Pacific Islander",55,0,1
09/17/2020,"Virginia Beach","Asian or Pacific Islander",261,24,5
09/17/2020,Henrico,"Asian or Pacific Islander",197,11,4
09/17/2020,Piedmont,"Asian or Pacific Islander",9,0,1
09/17/2020,"Western Tidewater","Asian or Pacific Islander",20,2,3
09/17/2020,"West Piedmont","Asian or Pacific Islander",11,1,1
09/17/2020,Chickahominy,"Asian or Pacific Islander",15,1,0
09/17/2020,Peninsula,"Asian or Pacific Islander",42,4,5
09/17/2020,Norfolk,"Asian or Pacific Islander",61,7,0
09/17/2020,Arlington,"Asian or Pacific Islander",180,23,12
09/17/2020,Loudoun,"Asian or Pacific Islander",400,53,11
09/17/2020,Alexandria,"Asian or Pacific Islander",131,11,1
09/17/2020,Rappahannock,"Asian or Pacific Islander",83,10,2
09/17/2020,Chesapeake,"Asian or Pacific Islander",69,9,4
09/17/2020,"Cumberland Plateau and Lenowisco","Asian or Pacific Islander",1,0,0
09/17/2020,"Central Shenandoah","Asian or Pacific Islander",57,2,0
09/17/2020,"Prince William","Asian or Pacific Islander",525,57,15
09/17/2020,Pittsylvania-Danville,"Asian or Pacific Islander",3,0,0
09/17/2020,"Eastern Shore and Three Rivers","Asian or Pacific Islander",12,1,0
09/17/2020,Piedmont,"Native American",2,0,0
09/17/2020,"New River","Native American",1,0,0
09/17/2020,"Central Shenandoah","Native American",4,1,0
09/17/2020,"Eastern Shore and Three Rivers","Native American",1,0,0
09/17/2020,Fairfax,"Native American",33,1,1
09/17/2020,Chesapeake,"Native American",11,0,0
09/17/2020,"Western Tidewater","Native American",2,0,0
09/17/2020,Portsmouth,"Native American",4,2,0
09/17/2020,Richmond,"Native American",0,0,0
09/17/2020,Chickahominy,"Native American",6,1,0
09/17/2020,"Thomas Jefferson","Native American",2,0,0
09/17/2020,Arlington,"Native American",5,0,0
09/17/2020,"Virginia Beach","Native American",9,0,0
09/17/2020,Peninsula,"Native American",7,2,1
09/17/2020,Hampton,"Native American",3,0,0
09/17/2020,"West Piedmont","Native American",2,0,0
09/17/2020,"Cumberland Plateau, Lenowisco, and Mount Rogers","Native American",1,0,0
09/17/2020,Henrico,"Native American",10,0,0
09/17/2020,Norfolk,"Native American",9,1,1
09/17/2020,"Prince William","Native American",21,1,1
09/17/2020,"Central Virginia","Native American",3,0,0
09/17/2020,Chesterfield,"Native American",6,0,0
09/17/2020,Rappahannock,"Native American",6,0,0
09/17/2020,Loudoun,"Native American",5,0,0
09/17/2020,Alexandria,"Native American",3,0,0
09/17/2020,"Alleghany and Roanoke","Native American",1,0,0
09/17/2020,Crater,"Native American",5,0,0
09/17/2020,"Rappahannock Rapidan","Native American",1,0,0
09/17/2020,"Lord Fairfax","Native American",2,1,1
09/17/2020,"Pittsylvania-Danville and Southside","Native American",0,0,0
09/18/2020,"Rappahannock Rapidan","Not Reported",675,13,10
09/18/2020,Portsmouth,"Other Race",57,10,4
09/18/2020,"Western Tidewater","Two or more races",31,0,0
09/18/2020,Piedmont,White,518,51,22
09/18/2020,Chesterfield,Latino,1485,94,6
09/18/2020,Lenowisco,White,707,67,14
09/18/2020,Lenowisco,"Two or more races",2,0,0
09/18/2020,Hampton,"Not Reported",641,3,2
09/18/2020,Southside,"Not Reported",541,11,5
09/18/2020,Roanoke,Black,225,19,4
09/18/2020,Hampton,Black,720,39,14
09/18/2020,Alleghany,"Other Race",9,1,0
09/18/2020,Lenowisco,Latino,10,0,0
09/18/2020,Loudoun,"Other Race",186,16,2
09/18/2020,"Central Shenandoah",Latino,1075,56,6
09/18/2020,"Rappahannock Rapidan",Latino,784,62,7
09/18/2020,"Eastern Shore",Black,857,99,29
09/18/2020,Norfolk,Latino,327,23,0
09/18/2020,Hampton,"Two or more races",15,0,0
09/18/2020,Richmond,Black,1539,239,31
09/18/2020,Henrico,"Two or more races",43,1,0
09/18/2020,Fairfax,"Two or more races",97,5,0
09/18/2020,Alleghany,"Not Reported",425,1,0
09/18/2020,Portsmouth,"Not Reported",543,5,0
09/18/2020,"Cumberland Plateau","Other Race",3,1,0
09/18/2020,Southside,"Two or more races",26,0,0
09/18/2020,Portsmouth,White,322,41,8
09/18/2020,"Rappahannock Rapidan","Two or more races",34,3,0
09/18/2020,Fairfax,White,3860,492,306
09/18/2020,Fairfax,"Other Race",785,85,19
09/18/2020,Crater,"Two or more races",9,0,0
09/18/2020,"West Piedmont","Not Reported",382,28,3
09/18/2020,Henrico,"Other Race",151,13,0
09/18/2020,"Three Rivers",White,615,47,17
09/18/2020,"Central Virginia",Black,247,30,8
09/18/2020,Lenowisco,"Other Race",7,0,0
09/18/2020,"Three Rivers","Other Race",15,3,0
09/18/2020,"Western Tidewater",White,813,66,57
09/18/2020,"Mount Rogers",Black,57,7,2
09/18/2020,"Three Rivers","Not Reported",253,4,1
09/18/2020,"Thomas Jefferson",Black,486,68,15
09/18/2020,"Eastern Shore",White,253,26,18
09/18/2020,"Central Virginia",White,870,55,16
09/18/2020,Lenowisco,Black,5,1,1
09/18/2020,"Central Virginia","Two or more races",7,0,0
09/18/2020,Richmond,"Two or more races",38,2,0
09/18/2020,Crater,"Not Reported",706,10,6
09/18/2020,Chesterfield,"Two or more races",29,3,0
09/18/2020,"New River",Latino,159,5,0
09/18/2020,Richmond,Latino,1313,110,8
09/18/2020,Portsmouth,Latino,76,11,1
09/18/2020,Pittsylvania-Danville,"Not Reported",673,10,0
09/18/2020,Chesapeake,"Not Reported",923,7,0
09/18/2020,Chickahominy,Latino,94,4,0
09/18/2020,Crater,Black,1926,194,61
09/18/2020,Chesterfield,Black,1069,113,28
09/18/2020,Chesterfield,"Other Race",185,12,0
09/18/2020,Peninsula,Black,1085,68,21
09/18/2020,Roanoke,White,314,16,12
09/18/2020,"New River",Black,152,4,0
09/18/2020,Southside,Latino,9,0,0
09/18/2020,Peninsula,Latino,331,19,1
09/18/2020,Rappahannock,"Two or more races",38,3,0
09/18/2020,"Virginia Beach",Black,1682,119,19
09/18/2020,"Mount Rogers","Not Reported",134,2,3
09/18/2020,Loudoun,"Not Reported",1942,5,0
09/18/2020,Chesapeake,"Other Race",59,5,1
09/18/2020,Chickahominy,"Two or more races",5,1,0
09/18/2020,Crater,"Other Race",37,0,0
09/18/2020,Norfolk,"Two or more races",52,1,1
09/18/2020,"Eastern Shore","Two or more races",1,1,0
09/18/2020,"Central Shenandoah",White,2806,179,59
09/18/2020,"New River","Other Race",14,0,0
09/18/2020,"New River",White,1697,37,13
09/18/2020,"Central Shenandoah","Other Race",82,2,0
09/18/2020,"West Piedmont",Black,450,84,12
09/18/2020,Alleghany,Latino,158,11,0
09/18/2020,"Central Shenandoah","Not Reported",657,4,1
09/18/2020,Roanoke,"Two or more races",4,2,0
09/18/2020,Peninsula,"Two or more races",52,3,0
09/18/2020,Richmond,"Not Reported",687,2,1
09/18/2020,Arlington,"Other Race",92,10,4
09/18/2020,Norfolk,"Not Reported",970,4,0
09/18/2020,Alexandria,"Other Race",86,8,3
09/18/2020,"Virginia Beach",White,2268,171,48
09/18/2020,Chesapeake,"Two or more races",44,3,1
09/18/2020,Alleghany,White,742,51,22
09/18/2020,"Rappahannock Rapidan","Other Race",36,3,0
09/18/2020,Chickahominy,"Not Reported",389,3,1
09/18/2020,Portsmouth,Black,1462,192,36
09/18/2020,Chickahominy,"Other Race",18,2,0
09/18/2020,"Virginia Beach",Latino,393,23,3
09/18/2020,Chesapeake,White,1215,123,26
09/18/2020,Southside,Black,459,43,17
09/18/2020,Rappahannock,Latino,1307,107,8
09/18/2020,"Three Rivers","Two or more races",7,0,0
09/18/2020,Henrico,Black,1636,198,85
09/18/2020,Pittsylvania-Danville,Black,566,69,16
09/18/2020,"Lord Fairfax","Two or more races",14,0,0
09/18/2020,"Prince William",Latino,6116,625,73
09/18/2020,"Mount Rogers","Other Race",9,2,2
09/18/2020,"Central Shenandoah",Black,205,11,4
09/18/2020,Peninsula,White,925,82,38
09/18/2020,"Eastern Shore","Not Reported",84,0,0
09/18/2020,"Thomas Jefferson","Other Race",153,3,1
09/18/2020,Hampton,"Other Race",53,2,1
09/18/2020,"Lord Fairfax","Not Reported",332,4,7
09/18/2020,"Central Virginia","Other Race",19,0,0
09/18/2020,"Western Tidewater","Other Race",72,1,2
09/18/2020,Crater,Latino,192,9,4
09/18/2020,Chesapeake,Latino,283,25,2
09/18/2020,Chesterfield,White,1393,115,74
09/18/2020,"Western Tidewater","Not Reported",906,7,3
09/18/2020,Fairfax,"Not Reported",2477,45,31
09/18/2020,Arlington,Black,398,82,33
09/18/2020,"Central Virginia",Latino,49,5,1
09/18/2020,Alexandria,"Not Reported",251,7,1
09/18/2020,"Three Rivers",Black,542,46,10
09/18/2020,"Prince William","Two or more races",84,1,0
09/18/2020,Loudoun,"Two or more races",50,2,0
09/18/2020,Peninsula,"Other Race",156,4,0
09/18/2020,"Thomas Jefferson",White,1366,78,45
09/18/2020,Norfolk,"Other Race",82,4,1
09/18/2020,"Prince William","Not Reported",4169,27,0
09/18/2020,"West Piedmont",White,812,110,41
09/18/2020,Rappahannock,Black,824,91,16
09/18/2020,Norfolk,Black,2356,248,43
09/18/2020,Roanoke,Latino,359,19,0
09/18/2020,Piedmont,Latino,73,8,1
09/18/2020,Roanoke,"Not Reported",558,2,0
09/18/2020,"Virginia Beach","Other Race",107,2,0
09/18/2020,Arlington,"Two or more races",37,3,0
09/18/2020,Alexandria,White,714,57,34
09/18/2020,"Lord Fairfax","Other Race",74,6,2
09/18/2020,"Thomas Jefferson","Not Reported",321,1,0
09/18/2020,"Virginia Beach","Not Reported",1816,10,2
09/18/2020,Loudoun,Black,306,31,5
09/18/2020,Pittsylvania-Danville,Latino,68,3,0
09/18/2020,"Cumberland Plateau","Not Reported",21,0,0
09/18/2020,Chesterfield,"Not Reported",1917,4,10
09/18/2020,"Mount Rogers",White,2063,201,85
09/18/2020,Richmond,White,689,42,12
09/18/2020,Lenowisco,"Not Reported",118,4,2
09/18/2020,"Three Rivers",Latino,153,6,1
09/18/2020,Piedmont,"Not Reported",782,10,3
09/18/2020,"Mount Rogers",Latino,280,6,0
09/18/2020,"Central Shenandoah","Two or more races",34,1,0
09/18/2020,Crater,White,757,57,25
09/18/2020,Arlington,White,1116,133,70
09/18/2020,Pittsylvania-Danville,"Other Race",0,0,0
09/18/2020,Chickahominy,Black,342,47,12
09/18/2020,Fairfax,Black,1658,244,66
09/18/2020,"Eastern Shore",Latino,260,11,3
09/18/2020,Norfolk,White,864,58,21
09/18/2020,"Mount Rogers","Two or more races",9,1,0
09/18/2020,Alleghany,"Two or more races",6,0,0
09/18/2020,Southside,White,269,29,19
09/18/2020,"Thomas Jefferson","Two or more races",46,1,0
09/18/2020,"Prince William",Black,1411,176,50
09/18/2020,"Lord Fairfax",White,1681,186,81
09/18/2020,"Cumberland Plateau",Latino,7,0,0
09/18/2020,Arlington,"Not Reported",341,3,1
09/18/2020,Rappahannock,"Other Race",124,4,0
09/18/2020,"Rappahannock Rapidan",Black,222,32,10
09/18/2020,"New River","Two or more races",28,0,0
09/18/2020,Arlington,Latino,1649,237,26
09/18/2020,Henrico,White,1377,127,103
09/18/2020,Loudoun,White,1573,121,89
09/18/2020,Hampton,White,258,10,4
09/18/2020,Alleghany,Black,81,7,2
09/18/2020,"Prince William",White,1685,175,88
09/18/2020,Rappahannock,White,1399,140,44
09/18/2020,Southside,"Other Race",13,1,1
09/18/2020,Portsmouth,"Two or more races",15,5,0
09/18/2020,"Western Tidewater",Black,1605,119,48
09/18/2020,Hampton,Latino,58,4,0
09/18/2020,Henrico,"Not Reported",909,5,4
09/18/2020,"West Piedmont","Two or more races",3,0,0
09/18/2020,Peninsula,"Not Reported",1624,2,0
09/18/2020,Loudoun,Latino,2147,196,15
09/18/2020,Alexandria,Black,751,92,16
09/18/2020,Piedmont,Black,509,58,16
09/18/2020,Roanoke,"Other Race",19,1,0
09/18/2020,Alexandria,"Two or more races",23,2,0
09/18/2020,"Western Tidewater",Latino,33,1,2
09/18/2020,Rappahannock,"Not Reported",1275,25,0
09/18/2020,"West Piedmont","Other Race",6,1,1
09/18/2020,Chickahominy,White,843,98,36
09/18/2020,"Thomas Jefferson",Latino,670,30,3
09/18/2020,"Cumberland Plateau",Black,42,0,0
09/18/2020,"Lord Fairfax",Latino,735,46,9
09/18/2020,"West Piedmont",Latino,257,9,1
09/18/2020,"Cumberland Plateau",White,597,51,9
09/18/2020,"Eastern Shore","Other Race",13,1,0
09/18/2020,"Cumberland Plateau","Two or more races",6,0,0
09/18/2020,Pittsylvania-Danville,"Two or more races",2,0,0
09/18/2020,Piedmont,"Other Race",9,0,0
09/18/2020,Alexandria,Latino,1709,130,11
09/18/2020,Chesapeake,Black,1565,210,31
09/18/2020,Richmond,"Other Race",126,8,2
09/18/2020,Henrico,Latino,859,55,10
09/18/2020,Piedmont,"Two or more races",4,2,0
09/18/2020,"Prince William","Other Race",430,15,1
09/18/2020,"New River","Not Reported",686,6,0
09/18/2020,"Rappahannock Rapidan",White,780,55,19
09/18/2020,"Central Virginia","Not Reported",1698,13,6
09/18/2020,"Virginia Beach","Two or more races",58,4,1
09/18/2020,Pittsylvania-Danville,White,438,46,14
09/18/2020,"Lord Fairfax",Black,139,19,6
09/18/2020,Fairfax,Latino,9642,1012,90
09/18/2020,Chesterfield,"Asian or Pacific Islander",68,2,1
09/18/2020,Crater,"Asian or Pacific Islander",16,0,0
09/18/2020,Fairfax,"Asian or Pacific Islander",1690,262,74
09/18/2020,Hampton,"Asian or Pacific Islander",13,0,0
09/18/2020,"Rappahannock Rapidan","Asian or Pacific Islander",10,1,0
09/18/2020,"Mount Rogers","Asian or Pacific Islander",3,1,0
09/18/2020,"New River","Asian or Pacific Islander",75,0,0
09/18/2020,"Central Virginia","Asian or Pacific Islander",13,1,0
09/18/2020,"Lord Fairfax","Asian or Pacific Islander",14,0,0
09/18/2020,Southside,"Asian or Pacific Islander",1,0,0
09/18/2020,Alleghany,"Asian or Pacific Islander",20,0,0
09/18/2020,Portsmouth,"Asian or Pacific Islander",21,2,0
09/18/2020,Roanoke,"Asian or Pacific Islander",28,2,0
09/18/2020,Richmond,"Asian or Pacific Islander",42,3,1
09/18/2020,"Thomas Jefferson","Asian or Pacific Islander",60,0,1
09/18/2020,"Virginia Beach","Asian or Pacific Islander",263,25,5
09/18/2020,Henrico,"Asian or Pacific Islander",197,11,4
09/18/2020,Piedmont,"Asian or Pacific Islander",9,0,1
09/18/2020,"Western Tidewater","Asian or Pacific Islander",20,2,3
09/18/2020,"West Piedmont","Asian or Pacific Islander",11,1,1
09/18/2020,Chickahominy,"Asian or Pacific Islander",15,1,0
09/18/2020,Peninsula,"Asian or Pacific Islander",42,4,5
09/18/2020,Norfolk,"Asian or Pacific Islander",61,7,0
09/18/2020,Arlington,"Asian or Pacific Islander",181,23,12
09/18/2020,Loudoun,"Asian or Pacific Islander",406,54,11
09/18/2020,Alexandria,"Asian or Pacific Islander",133,12,2
09/18/2020,Rappahannock,"Asian or Pacific Islander",85,10,2
09/18/2020,Chesapeake,"Asian or Pacific Islander",69,9,5
09/18/2020,"Cumberland Plateau and Lenowisco","Asian or Pacific Islander",1,0,0
09/18/2020,"Central Shenandoah","Asian or Pacific Islander",62,2,0
09/18/2020,"Prince William","Asian or Pacific Islander",531,57,15
09/18/2020,Pittsylvania-Danville,"Asian or Pacific Islander",3,0,0
09/18/2020,"Eastern Shore and Three Rivers","Asian or Pacific Islander",12,1,0
09/18/2020,Piedmont,"Native American",2,0,0
09/18/2020,"New River","Native American",1,0,0
09/18/2020,"Central Shenandoah","Native American",3,1,0
09/18/2020,"Eastern Shore and Three Rivers","Native American",1,0,0
09/18/2020,Fairfax,"Native American",33,1,1
09/18/2020,Chesapeake,"Native American",11,0,0
09/18/2020,"Western Tidewater","Native American",2,0,0
09/18/2020,Portsmouth,"Native American",4,2,0
09/18/2020,Richmond,"Native American",0,0,0
09/18/2020,Chickahominy,"Native American",6,1,0
09/18/2020,"Thomas Jefferson","Native American",2,0,0
09/18/2020,Arlington,"Native American",5,0,0
10/22/2020,Hampton,Black,942,64,22
09/18/2020,"Virginia Beach","Native American",9,0,0
09/18/2020,Peninsula,"Native American",7,2,1
09/18/2020,Hampton,"Native American",3,0,0
09/18/2020,"West Piedmont","Native American",2,0,0
09/18/2020,"Cumberland Plateau, Lenowisco, and Mount Rogers","Native American",1,0,0
09/18/2020,Henrico,"Native American",10,0,0
09/18/2020,Norfolk,"Native American",9,1,1
09/18/2020,"Prince William","Native American",20,1,1
09/18/2020,"Central Virginia","Native American",3,0,0
09/18/2020,Chesterfield,"Native American",5,0,0
09/18/2020,Rappahannock,"Native American",6,0,0
09/18/2020,Loudoun,"Native American",5,0,0
09/18/2020,Alexandria,"Native American",4,0,0
09/18/2020,"Alleghany and Roanoke","Native American",1,0,0
09/18/2020,Crater,"Native American",5,0,0
09/18/2020,"Rappahannock Rapidan","Native American",1,0,0
09/18/2020,"Lord Fairfax","Native American",2,1,1
09/18/2020,"Pittsylvania-Danville and Southside","Native American",0,0,0
09/19/2020,"Rappahannock Rapidan","Not Reported",681,13,10
09/19/2020,Portsmouth,"Other Race",56,10,5
09/19/2020,"Western Tidewater","Two or more races",31,0,0
09/19/2020,Piedmont,White,520,51,23
09/19/2020,Chesterfield,Latino,1514,95,6
09/19/2020,Lenowisco,White,716,68,14
09/19/2020,Lenowisco,"Two or more races",2,0,0
09/19/2020,Hampton,"Not Reported",643,3,2
09/19/2020,Southside,"Not Reported",543,11,5
09/19/2020,Roanoke,Black,252,19,4
09/19/2020,Alleghany,"Other Race",9,1,0
09/19/2020,Lenowisco,Latino,10,0,0
09/19/2020,Loudoun,"Other Race",190,16,2
09/19/2020,"Central Shenandoah",Latino,1079,56,6
09/19/2020,"Rappahannock Rapidan",Latino,785,62,7
09/19/2020,"Eastern Shore",Black,856,99,29
09/19/2020,Norfolk,Latino,330,23,0
09/19/2020,Hampton,"Two or more races",15,0,0
09/19/2020,Richmond,Black,1554,240,31
09/19/2020,Henrico,"Two or more races",43,1,0
09/19/2020,Fairfax,"Two or more races",95,5,0
09/19/2020,Alleghany,"Not Reported",416,1,0
09/19/2020,Portsmouth,"Not Reported",544,5,0
09/19/2020,"Cumberland Plateau","Other Race",3,1,0
09/19/2020,Southside,"Two or more races",26,0,0
09/19/2020,Portsmouth,White,327,41,8
09/19/2020,"Rappahannock Rapidan","Two or more races",34,3,0
09/19/2020,Fairfax,White,3892,491,307
09/19/2020,Fairfax,"Other Race",794,85,19
09/19/2020,Crater,"Two or more races",9,0,0
09/19/2020,"West Piedmont","Not Reported",391,28,3
09/19/2020,Henrico,"Other Race",151,13,0
09/19/2020,"Three Rivers",White,637,49,18
09/19/2020,"Central Virginia",Black,254,31,8
09/19/2020,Lenowisco,"Other Race",7,0,0
09/19/2020,"Three Rivers","Other Race",15,3,0
09/19/2020,"Western Tidewater",White,819,66,57
09/19/2020,"Mount Rogers",Black,61,8,3
09/19/2020,"Three Rivers","Not Reported",255,4,1
09/19/2020,"Thomas Jefferson",Black,486,68,15
09/19/2020,"Eastern Shore",White,253,26,18
09/19/2020,"Central Virginia",White,902,56,17
09/19/2020,Lenowisco,Black,5,1,1
09/19/2020,"Central Virginia","Two or more races",7,0,0
09/19/2020,Richmond,"Two or more races",39,2,0
09/19/2020,Crater,"Not Reported",717,10,6
09/19/2020,Chesterfield,"Two or more races",29,3,0
09/19/2020,"New River",Latino,161,5,0
09/19/2020,Richmond,Latino,1314,110,8
09/19/2020,Portsmouth,Latino,76,11,1
09/19/2020,Pittsylvania-Danville,"Not Reported",662,10,0
09/19/2020,Chesapeake,"Not Reported",920,7,0
09/19/2020,Chickahominy,Latino,94,4,0
09/19/2020,Crater,Black,1941,195,61
09/19/2020,Chesterfield,Black,1082,113,28
09/19/2020,Chesterfield,"Other Race",171,11,0
09/19/2020,Peninsula,Black,1092,68,21
09/19/2020,Roanoke,White,330,16,13
09/19/2020,"New River",Black,160,5,0
09/19/2020,Southside,Latino,9,0,0
09/19/2020,Peninsula,Latino,333,20,1
09/19/2020,Rappahannock,"Two or more races",38,3,0
09/19/2020,"Virginia Beach",Black,1683,119,19
09/19/2020,"Mount Rogers","Not Reported",135,4,4
09/19/2020,Loudoun,"Not Reported",1929,5,0
09/19/2020,Chesapeake,"Other Race",59,5,1
09/19/2020,Chickahominy,"Two or more races",6,1,0
09/19/2020,Crater,"Other Race",37,0,0
09/19/2020,Norfolk,"Two or more races",52,2,1
09/19/2020,"Eastern Shore","Two or more races",1,1,0
09/19/2020,"Central Shenandoah",White,2837,179,59
09/19/2020,"New River","Other Race",14,0,0
09/19/2020,"New River",White,1733,37,14
09/19/2020,"Central Shenandoah","Other Race",80,2,0
09/19/2020,"West Piedmont",Black,450,84,12
09/19/2020,Alleghany,Latino,158,11,0
09/19/2020,"Central Shenandoah","Not Reported",653,4,1
09/19/2020,Roanoke,"Two or more races",4,2,0
09/19/2020,Peninsula,"Two or more races",52,3,0
09/19/2020,Richmond,"Not Reported",688,1,1
09/19/2020,Arlington,"Other Race",90,10,4
09/19/2020,Norfolk,"Not Reported",962,4,0
09/19/2020,Alexandria,"Other Race",83,8,3
09/19/2020,"Virginia Beach",White,2279,171,49
09/19/2020,Chesapeake,"Two or more races",44,3,1
09/19/2020,Alleghany,White,756,52,23
09/19/2020,"Rappahannock Rapidan","Other Race",36,3,0
09/19/2020,Chickahominy,"Not Reported",392,3,1
09/19/2020,Portsmouth,Black,1474,192,37
09/19/2020,Chickahominy,"Other Race",18,2,0
09/19/2020,"Virginia Beach",Latino,395,23,3
09/19/2020,Chesapeake,White,1225,124,27
09/19/2020,Southside,Black,460,43,17
09/19/2020,Rappahannock,Latino,1316,108,8
09/19/2020,"Three Rivers","Two or more races",7,0,0
09/19/2020,Henrico,Black,1647,199,85
09/19/2020,Pittsylvania-Danville,Black,571,71,17
09/19/2020,"Lord Fairfax","Two or more races",14,0,0
09/19/2020,"Prince William",Latino,6141,625,74
09/19/2020,"Mount Rogers","Other Race",9,2,2
09/19/2020,"Central Shenandoah",Black,208,11,4
09/19/2020,Peninsula,White,931,82,39
09/19/2020,"Eastern Shore","Not Reported",84,0,0
09/19/2020,"Thomas Jefferson","Other Race",154,3,1
09/19/2020,Hampton,"Other Race",53,2,1
09/19/2020,"Lord Fairfax","Not Reported",334,4,7
09/19/2020,"Central Virginia","Other Race",20,0,0
09/19/2020,"Western Tidewater","Other Race",72,1,2
09/19/2020,Crater,Latino,192,9,4
09/19/2020,Chesapeake,Latino,283,25,2
09/19/2020,Chesterfield,White,1400,116,74
09/19/2020,"Western Tidewater","Not Reported",912,7,5
09/19/2020,Fairfax,"Not Reported",2467,45,31
09/19/2020,Arlington,Black,399,82,33
09/19/2020,"Central Virginia",Latino,50,5,1
09/19/2020,Alexandria,"Not Reported",247,7,1
09/19/2020,"Three Rivers",Black,553,46,10
09/19/2020,"Prince William","Two or more races",84,1,0
09/19/2020,Loudoun,"Two or more races",51,2,0
09/19/2020,Peninsula,"Other Race",155,3,0
09/19/2020,"Thomas Jefferson",White,1399,78,46
09/19/2020,Norfolk,"Other Race",82,4,1
09/19/2020,"Prince William","Not Reported",4174,27,0
09/19/2020,"West Piedmont",White,822,112,44
09/19/2020,Rappahannock,Black,827,92,16
09/19/2020,Roanoke,Latino,361,19,0
09/19/2020,Piedmont,Latino,74,8,2
09/19/2020,Roanoke,"Not Reported",568,2,0
09/19/2020,"Virginia Beach","Other Race",106,2,0
09/19/2020,Arlington,"Two or more races",39,3,0
09/19/2020,Alexandria,White,719,57,35
09/19/2020,"Lord Fairfax","Other Race",74,6,2
09/19/2020,"Thomas Jefferson","Not Reported",342,1,0
09/19/2020,"Virginia Beach","Not Reported",1825,11,2
09/19/2020,Loudoun,Black,311,31,5
09/19/2020,Pittsylvania-Danville,Latino,68,3,0
09/19/2020,"Cumberland Plateau","Not Reported",23,0,0
09/19/2020,Chesterfield,"Not Reported",1906,4,10
09/19/2020,"Mount Rogers",White,2089,203,86
09/19/2020,Richmond,White,700,43,12
09/19/2020,Lenowisco,"Not Reported",117,3,2
09/19/2020,"Three Rivers",Latino,154,6,1
09/19/2020,Piedmont,"Not Reported",782,10,4
09/19/2020,"Mount Rogers",Latino,280,6,0
09/19/2020,"Central Shenandoah","Two or more races",36,1,0
09/19/2020,Crater,White,770,57,25
09/19/2020,Arlington,White,1135,133,70
09/19/2020,Pittsylvania-Danville,"Other Race",0,0,0
09/19/2020,Chickahominy,Black,345,48,12
09/19/2020,Fairfax,Black,1675,246,66
09/19/2020,"Eastern Shore",Latino,260,11,3
09/19/2020,Norfolk,White,865,60,21
09/19/2020,"Mount Rogers","Two or more races",9,1,0
09/19/2020,Alleghany,"Two or more races",7,0,0
09/19/2020,Southside,White,272,29,19
09/19/2020,"Thomas Jefferson","Two or more races",50,1,0
09/19/2020,"Prince William",Black,1423,177,52
09/19/2020,"Lord Fairfax",White,1689,186,82
09/19/2020,"Cumberland Plateau",Latino,8,0,0
09/19/2020,Arlington,"Not Reported",324,2,1
09/19/2020,Rappahannock,"Other Race",123,4,0
09/19/2020,"Rappahannock Rapidan",Black,223,32,10
09/19/2020,"New River","Two or more races",31,0,0
09/19/2020,Arlington,Latino,1662,238,26
09/19/2020,Henrico,White,1398,129,104
09/19/2020,Loudoun,White,1580,122,90
09/19/2020,Hampton,White,259,10,4
09/19/2020,Alleghany,Black,86,7,2
09/19/2020,"Prince William",White,1689,175,88
09/19/2020,Rappahannock,White,1415,141,45
09/19/2020,Southside,"Other Race",14,1,1
09/19/2020,Portsmouth,"Two or more races",15,5,0
09/19/2020,"Western Tidewater",Black,1609,119,49
09/19/2020,Hampton,Latino,58,4,0
09/19/2020,Henrico,"Not Reported",915,5,4
09/19/2020,"West Piedmont","Two or more races",3,0,0
09/19/2020,Peninsula,"Not Reported",1641,2,0
09/19/2020,Loudoun,Latino,2161,196,15
09/19/2020,Alexandria,Black,758,93,17
09/19/2020,Piedmont,Black,516,58,16
09/19/2020,Roanoke,"Other Race",19,1,0
09/19/2020,Alexandria,"Two or more races",23,2,0
09/19/2020,"Western Tidewater",Latino,34,1,2
09/19/2020,Rappahannock,"Not Reported",1277,24,0
09/19/2020,"West Piedmont","Other Race",6,1,1
09/19/2020,Chickahominy,White,853,98,37
09/19/2020,"Thomas Jefferson",Latino,672,30,3
09/19/2020,"Cumberland Plateau",Black,42,0,0
09/19/2020,"Lord Fairfax",Latino,735,46,9
09/19/2020,"West Piedmont",Latino,258,10,1
09/19/2020,"Cumberland Plateau",White,609,51,9
09/19/2020,"Eastern Shore","Other Race",13,1,0
09/19/2020,"Cumberland Plateau","Two or more races",6,0,0
09/19/2020,Pittsylvania-Danville,"Two or more races",2,0,0
09/19/2020,Piedmont,"Other Race",9,0,0
09/19/2020,Alexandria,Latino,1718,132,11
09/19/2020,Chesapeake,Black,1573,210,31
09/19/2020,Richmond,"Other Race",128,9,2
09/19/2020,Henrico,Latino,860,55,11
09/19/2020,Piedmont,"Two or more races",4,2,0
09/19/2020,"Prince William","Other Race",439,15,1
09/19/2020,"New River","Not Reported",697,6,0
09/19/2020,"Rappahannock Rapidan",White,785,55,19
09/19/2020,"Central Virginia","Not Reported",1705,13,7
09/19/2020,"Virginia Beach","Two or more races",58,4,1
09/19/2020,Pittsylvania-Danville,White,446,46,14
09/19/2020,"Lord Fairfax",Black,140,19,6
09/19/2020,Fairfax,Latino,9693,1012,92
09/19/2020,Chesterfield,"Asian or Pacific Islander",69,2,1
09/19/2020,Crater,"Asian or Pacific Islander",17,0,0
09/19/2020,Fairfax,"Asian or Pacific Islander",1708,265,76
09/19/2020,Hampton,"Asian or Pacific Islander",13,0,0
09/19/2020,"Rappahannock Rapidan","Asian or Pacific Islander",10,1,0
09/19/2020,"Mount Rogers","Asian or Pacific Islander",3,1,0
09/19/2020,"New River","Asian or Pacific Islander",75,0,0
09/19/2020,"Central Virginia","Asian or Pacific Islander",14,1,0
09/19/2020,"Lord Fairfax","Asian or Pacific Islander",14,0,0
09/19/2020,Southside,"Asian or Pacific Islander",1,0,0
09/19/2020,Alleghany,"Asian or Pacific Islander",21,0,0
09/19/2020,Portsmouth,"Asian or Pacific Islander",22,2,0
09/19/2020,Roanoke,"Asian or Pacific Islander",28,2,0
09/19/2020,Richmond,"Asian or Pacific Islander",45,3,1
09/19/2020,"Thomas Jefferson","Asian or Pacific Islander",63,0,1
09/19/2020,"Virginia Beach","Asian or Pacific Islander",265,25,5
09/19/2020,Henrico,"Asian or Pacific Islander",200,11,4
09/19/2020,Piedmont,"Asian or Pacific Islander",9,0,1
09/19/2020,"Western Tidewater","Asian or Pacific Islander",20,2,3
09/19/2020,"West Piedmont","Asian or Pacific Islander",11,1,1
09/19/2020,Chickahominy,"Asian or Pacific Islander",15,1,0
09/19/2020,Peninsula,"Asian or Pacific Islander",42,4,5
09/19/2020,Norfolk,"Asian or Pacific Islander",62,7,0
09/19/2020,Arlington,"Asian or Pacific Islander",181,23,12
09/19/2020,Loudoun,"Asian or Pacific Islander",406,54,11
09/19/2020,Alexandria,"Asian or Pacific Islander",132,11,1
09/19/2020,Rappahannock,"Asian or Pacific Islander",85,10,2
09/19/2020,Chesapeake,"Asian or Pacific Islander",69,9,5
09/19/2020,"Cumberland Plateau and Lenowisco","Asian or Pacific Islander",1,0,0
09/19/2020,"Central Shenandoah","Asian or Pacific Islander",63,2,0
09/19/2020,"Prince William","Asian or Pacific Islander",539,57,15
09/19/2020,Pittsylvania-Danville,"Asian or Pacific Islander",3,0,0
09/19/2020,"Eastern Shore and Three Rivers","Asian or Pacific Islander",12,1,0
09/19/2020,Piedmont,"Native American",2,0,0
09/19/2020,"New River","Native American",1,0,0
09/19/2020,"Central Shenandoah","Native American",3,1,0
09/19/2020,"Eastern Shore and Three Rivers","Native American",1,0,0
09/19/2020,Fairfax,"Native American",33,1,1
09/19/2020,Chesapeake,"Native American",11,0,0
09/19/2020,"Western Tidewater","Native American",2,0,0
09/19/2020,Portsmouth,"Native American",4,2,0
09/19/2020,Richmond,"Native American",0,0,0
09/19/2020,Chickahominy,"Native American",6,1,0
09/19/2020,"Thomas Jefferson","Native American",2,0,0
09/19/2020,Arlington,"Native American",5,0,0
09/19/2020,"Virginia Beach","Native American",9,0,0
09/19/2020,Peninsula,"Native American",7,2,1
09/19/2020,Hampton,"Native American",3,0,0
09/19/2020,"West Piedmont","Native American",2,0,0
09/19/2020,"Cumberland Plateau, Lenowisco, and Mount Rogers","Native American",1,0,0
09/19/2020,Henrico,"Native American",10,0,0
09/19/2020,Norfolk,"Native American",9,1,1
09/19/2020,"Prince William","Native American",20,1,1
09/19/2020,"Central Virginia","Native American",3,0,0
09/19/2020,Chesterfield,"Native American",5,0,0
09/19/2020,Rappahannock,"Native American",6,0,0
09/19/2020,Loudoun,"Native American",5,0,0
09/19/2020,Alexandria,"Native American",4,0,0
09/19/2020,"Alleghany and Roanoke","Native American",1,0,0
09/19/2020,Crater,"Native American",5,0,0
09/19/2020,"Rappahannock Rapidan","Native American",1,0,0
09/19/2020,"Lord Fairfax","Native American",2,1,1
09/19/2020,"Pittsylvania-Danville and Southside","Native American",0,0,0
09/20/2020,"Rappahannock Rapidan","Not Reported",679,13,10
09/20/2020,Portsmouth,"Other Race",56,10,5
09/20/2020,"Western Tidewater","Two or more races",32,0,0
09/20/2020,Piedmont,White,523,51,23
09/20/2020,Chesterfield,Latino,1524,95,6
09/20/2020,Lenowisco,White,719,70,15
09/20/2020,Lenowisco,"Two or more races",2,0,0
09/20/2020,Hampton,"Not Reported",644,3,2
09/20/2020,Southside,"Not Reported",544,11,5
09/20/2020,Roanoke,Black,258,20,4
09/20/2020,Hampton,Black,733,40,14
09/20/2020,Alleghany,"Other Race",9,1,0
09/20/2020,Lenowisco,Latino,10,0,0
09/20/2020,Loudoun,"Other Race",195,16,2
09/20/2020,"Central Shenandoah",Latino,1081,56,6
09/20/2020,"Rappahannock Rapidan",Latino,788,62,7
09/20/2020,"Eastern Shore",Black,856,99,29
09/20/2020,Norfolk,Latino,331,23,0
09/20/2020,Hampton,"Two or more races",15,0,0
09/20/2020,Richmond,Black,1556,240,32
09/20/2020,Henrico,"Two or more races",43,1,0
09/20/2020,Fairfax,"Two or more races",95,5,0
09/20/2020,Alleghany,"Not Reported",421,1,0
09/20/2020,Portsmouth,"Not Reported",543,5,0
09/20/2020,"Cumberland Plateau","Other Race",3,1,0
09/20/2020,Southside,"Two or more races",26,0,0
09/20/2020,Portsmouth,White,329,41,8
09/20/2020,"Rappahannock Rapidan","Two or more races",34,3,0
09/20/2020,Fairfax,White,3923,492,309
09/20/2020,Fairfax,"Other Race",800,85,19
09/20/2020,Crater,"Two or more races",9,0,0
09/20/2020,"West Piedmont","Not Reported",398,28,3
09/20/2020,Henrico,"Other Race",154,13,0
09/20/2020,"Three Rivers",White,645,49,19
09/20/2020,"Central Virginia",Black,255,31,8
09/20/2020,Lenowisco,"Other Race",7,0,0
09/20/2020,"Three Rivers","Other Race",15,3,0
09/20/2020,"Western Tidewater",White,823,66,58
09/20/2020,"Mount Rogers",Black,61,8,3
09/20/2020,"Three Rivers","Not Reported",256,4,1
09/20/2020,"Thomas Jefferson",Black,489,68,16
09/20/2020,"Eastern Shore",White,253,26,18
09/20/2020,"Central Virginia",White,911,57,19
09/20/2020,Lenowisco,Black,5,1,1
09/20/2020,"Central Virginia","Two or more races",7,0,0
09/20/2020,Richmond,"Two or more races",40,2,0
09/20/2020,Crater,"Not Reported",718,10,6
09/20/2020,Chesterfield,"Two or more races",28,3,0
09/20/2020,"New River",Latino,161,5,0
09/20/2020,Richmond,Latino,1315,110,8
09/20/2020,Portsmouth,Latino,76,11,1
09/20/2020,Pittsylvania-Danville,"Not Reported",673,10,0
09/20/2020,Chesapeake,"Not Reported",909,7,0
09/20/2020,Chickahominy,Latino,94,4,0
09/20/2020,Crater,Black,1946,195,62
09/20/2020,Chesterfield,Black,1089,113,28
09/20/2020,Chesterfield,"Other Race",174,11,0
09/20/2020,Peninsula,Black,1099,69,21
09/20/2020,Roanoke,White,330,16,14
09/20/2020,"New River",Black,168,5,0
09/20/2020,Southside,Latino,9,0,0
09/20/2020,Peninsula,Latino,334,20,1
09/20/2020,Rappahannock,"Two or more races",41,3,0
09/20/2020,"Virginia Beach",Black,1689,119,19
09/20/2020,"Mount Rogers","Not Reported",136,4,4
09/20/2020,Loudoun,"Not Reported",1939,5,0
09/20/2020,Chesapeake,"Other Race",59,5,1
09/20/2020,Chickahominy,"Two or more races",6,1,0
09/20/2020,Crater,"Other Race",37,0,0
09/20/2020,Norfolk,"Two or more races",52,2,1
09/20/2020,"Eastern Shore","Two or more races",1,1,0
09/20/2020,"Central Shenandoah",White,2881,179,59
09/20/2020,"New River","Other Race",14,0,0
09/20/2020,"New River",White,1760,37,14
09/20/2020,"Central Shenandoah","Other Race",82,2,0
09/20/2020,"West Piedmont",Black,452,84,12
09/20/2020,Alleghany,Latino,158,11,0
09/20/2020,"Central Shenandoah","Not Reported",667,4,1
09/20/2020,Roanoke,"Two or more races",4,2,0
09/20/2020,Peninsula,"Two or more races",52,3,0
09/20/2020,Richmond,"Not Reported",695,1,1
09/20/2020,Arlington,"Other Race",90,10,4
09/20/2020,Norfolk,"Not Reported",969,4,0
09/20/2020,Alexandria,"Other Race",82,8,3
09/20/2020,"Virginia Beach",White,2287,171,49
09/20/2020,Chesapeake,"Two or more races",43,3,1
09/20/2020,Alleghany,White,769,52,23
09/20/2020,"Rappahannock Rapidan","Other Race",36,3,0
09/20/2020,Chickahominy,"Not Reported",395,3,1
09/20/2020,Portsmouth,Black,1477,194,39
09/20/2020,Chickahominy,"Other Race",18,2,0
09/20/2020,"Virginia Beach",Latino,395,23,3
09/20/2020,Chesapeake,White,1237,126,28
09/20/2020,Southside,Black,467,43,18
09/20/2020,Rappahannock,Latino,1320,109,8
09/20/2020,"Three Rivers","Two or more races",7,0,0
09/20/2020,Henrico,Black,1654,200,85
09/20/2020,Pittsylvania-Danville,Black,583,74,17
09/20/2020,"Lord Fairfax","Two or more races",14,0,0
09/20/2020,"Prince William",Latino,6161,626,74
09/20/2020,"Mount Rogers","Other Race",9,2,2
09/20/2020,"Central Shenandoah",Black,211,11,4
09/20/2020,Peninsula,White,934,82,39
09/20/2020,"Eastern Shore","Not Reported",84,0,0
09/20/2020,"Thomas Jefferson","Other Race",156,3,1
09/20/2020,Hampton,"Other Race",53,2,1
09/20/2020,"Lord Fairfax","Not Reported",336,4,6
09/20/2020,"Central Virginia","Other Race",19,0,0
09/20/2020,"Western Tidewater","Other Race",73,1,2
09/20/2020,Crater,Latino,192,9,4
09/20/2020,Chesapeake,Latino,284,25,2
09/20/2020,Chesterfield,White,1412,116,75
09/20/2020,"Western Tidewater","Not Reported",917,7,5
09/20/2020,Fairfax,"Not Reported",2488,45,31
09/20/2020,Arlington,Black,399,82,33
09/20/2020,"Central Virginia",Latino,52,5,1
09/20/2020,Alexandria,"Not Reported",245,7,1
09/20/2020,"Three Rivers",Black,566,47,10
09/20/2020,"Prince William","Two or more races",85,1,0
09/20/2020,Loudoun,"Two or more races",51,2,0
09/20/2020,Peninsula,"Other Race",155,3,0
09/20/2020,"Thomas Jefferson",White,1432,78,46
09/20/2020,Norfolk,"Other Race",81,4,1
09/20/2020,"Prince William","Not Reported",4199,27,0
09/20/2020,"West Piedmont",White,832,113,44
09/20/2020,Rappahannock,Black,826,92,16
09/20/2020,Norfolk,Black,2367,251,44
09/20/2020,Roanoke,Latino,362,19,0
09/20/2020,Piedmont,Latino,74,8,2
09/20/2020,Roanoke,"Not Reported",575,2,2
09/20/2020,"Virginia Beach","Other Race",107,2,0
09/20/2020,Arlington,"Two or more races",39,3,0
09/20/2020,Alexandria,White,721,57,35
09/20/2020,"Lord Fairfax","Other Race",72,6,1
09/20/2020,"Thomas Jefferson","Not Reported",349,1,0
09/20/2020,"Virginia Beach","Not Reported",1833,11,2
09/20/2020,Loudoun,Black,312,31,5
10/31/2020,Hampton,White,355,14,7
09/20/2020,Pittsylvania-Danville,Latino,68,3,0
09/20/2020,"Cumberland Plateau","Not Reported",26,0,0
09/20/2020,Chesterfield,"Not Reported",1913,5,10
09/20/2020,"Mount Rogers",White,2097,203,88
09/20/2020,Richmond,White,712,43,11
09/20/2020,Lenowisco,"Not Reported",117,3,2
09/20/2020,"Three Rivers",Latino,155,6,1
09/20/2020,Piedmont,"Not Reported",783,10,4
09/20/2020,"Mount Rogers",Latino,283,6,0
09/20/2020,"Central Shenandoah","Two or more races",38,1,0
09/20/2020,Crater,White,773,57,28
09/20/2020,Arlington,White,1136,133,70
09/20/2020,Pittsylvania-Danville,"Other Race",0,0,0
09/20/2020,Chickahominy,Black,347,48,12
09/20/2020,Fairfax,Black,1681,246,66
09/20/2020,"Eastern Shore",Latino,260,11,3
09/20/2020,Norfolk,White,874,60,21
09/20/2020,"Mount Rogers","Two or more races",9,1,0
09/20/2020,Alleghany,"Two or more races",7,0,0
09/20/2020,Southside,White,274,29,19
09/20/2020,"Thomas Jefferson","Two or more races",52,1,0
09/20/2020,"Prince William",Black,1430,177,52
09/20/2020,"Lord Fairfax",White,1697,187,85
09/20/2020,"Cumberland Plateau",Latino,8,0,0
09/20/2020,Arlington,"Not Reported",325,2,1
09/20/2020,Rappahannock,"Other Race",124,4,0
09/20/2020,"Rappahannock Rapidan",Black,224,32,10
09/20/2020,"New River","Two or more races",31,0,0
09/20/2020,Arlington,Latino,1665,239,26
09/20/2020,Alleghany,Black,88,7,2
09/20/2020,"Prince William",White,1701,176,88
09/20/2020,Rappahannock,White,1418,141,45
09/20/2020,Southside,"Other Race",14,1,1
09/20/2020,Portsmouth,"Two or more races",15,5,0
09/20/2020,"Western Tidewater",Black,1612,119,49
09/20/2020,Hampton,Latino,58,4,0
09/20/2020,Henrico,"Not Reported",929,5,4
09/20/2020,"West Piedmont","Two or more races",3,0,0
09/20/2020,Peninsula,"Not Reported",1658,2,0
09/20/2020,Loudoun,Latino,2164,196,15
09/20/2020,Alexandria,Black,761,95,17
09/20/2020,Piedmont,Black,518,58,16
09/20/2020,Roanoke,"Other Race",19,1,1
09/20/2020,Alexandria,"Two or more races",23,2,0
09/20/2020,"Western Tidewater",Latino,34,1,2
09/20/2020,Rappahannock,"Not Reported",1282,24,0
09/20/2020,"West Piedmont","Other Race",6,1,1
09/20/2020,Chickahominy,White,860,98,37
09/20/2020,"Thomas Jefferson",Latino,676,30,3
09/20/2020,"Cumberland Plateau",Black,42,0,0
09/20/2020,"Lord Fairfax",Latino,739,46,9
09/20/2020,"West Piedmont",Latino,258,10,1
09/20/2020,"Cumberland Plateau",White,615,51,9
09/20/2020,"Eastern Shore","Other Race",13,1,0
09/20/2020,"Cumberland Plateau","Two or more races",6,0,0
09/20/2020,Pittsylvania-Danville,"Two or more races",2,0,0
09/20/2020,Piedmont,"Other Race",9,0,0
09/20/2020,Alexandria,Latino,1724,132,11
09/20/2020,Chesapeake,Black,1586,210,31
09/20/2020,Richmond,"Other Race",132,9,3
09/20/2020,Henrico,Latino,861,55,11
09/20/2020,Piedmont,"Two or more races",4,2,0
09/20/2020,"Prince William","Other Race",437,15,1
09/20/2020,"New River","Not Reported",715,6,0
09/20/2020,"Rappahannock Rapidan",White,797,56,19
09/20/2020,"Central Virginia","Not Reported",1718,12,6
09/20/2020,"Virginia Beach","Two or more races",58,4,1
09/20/2020,Pittsylvania-Danville,White,449,47,14
09/20/2020,"Lord Fairfax",Black,141,19,6
09/20/2020,Fairfax,Latino,9722,1012,92
09/20/2020,Chesterfield,"Asian or Pacific Islander",69,3,1
09/20/2020,Crater,"Asian or Pacific Islander",17,0,0
09/20/2020,Fairfax,"Asian or Pacific Islander",1719,265,76
09/20/2020,Hampton,"Asian or Pacific Islander",14,0,0
09/20/2020,"Rappahannock Rapidan","Asian or Pacific Islander",10,1,0
09/20/2020,"Mount Rogers","Asian or Pacific Islander",3,1,0
09/20/2020,"New River","Asian or Pacific Islander",75,0,0
09/20/2020,"Central Virginia","Asian or Pacific Islander",14,1,0
09/20/2020,"Lord Fairfax","Asian or Pacific Islander",14,0,0
09/20/2020,Southside,"Asian or Pacific Islander",1,0,0
09/20/2020,Alleghany,"Asian or Pacific Islander",21,0,0
09/20/2020,Portsmouth,"Asian or Pacific Islander",22,2,0
09/20/2020,Roanoke,"Asian or Pacific Islander",28,2,0
09/20/2020,Richmond,"Asian or Pacific Islander",45,3,1
09/20/2020,"Thomas Jefferson","Asian or Pacific Islander",66,0,1
09/20/2020,"Virginia Beach","Asian or Pacific Islander",266,25,5
09/20/2020,Henrico,"Asian or Pacific Islander",201,11,4
09/20/2020,Piedmont,"Asian or Pacific Islander",9,0,1
09/20/2020,"Western Tidewater","Asian or Pacific Islander",20,2,3
09/20/2020,"West Piedmont","Asian or Pacific Islander",11,1,1
09/20/2020,Chickahominy,"Asian or Pacific Islander",15,1,0
09/20/2020,Peninsula,"Asian or Pacific Islander",42,4,5
09/20/2020,Norfolk,"Asian or Pacific Islander",62,7,0
09/20/2020,Arlington,"Asian or Pacific Islander",181,23,12
09/20/2020,Loudoun,"Asian or Pacific Islander",407,54,11
09/20/2020,Alexandria,"Asian or Pacific Islander",136,11,1
09/20/2020,Rappahannock,"Asian or Pacific Islander",88,10,2
09/20/2020,Chesapeake,"Asian or Pacific Islander",69,9,5
09/20/2020,"Cumberland Plateau and Lenowisco","Asian or Pacific Islander",1,0,0
09/20/2020,"Central Shenandoah","Asian or Pacific Islander",63,2,0
09/20/2020,"Prince William","Asian or Pacific Islander",551,57,15
09/20/2020,Pittsylvania-Danville,"Asian or Pacific Islander",3,0,0
09/20/2020,"Eastern Shore and Three Rivers","Asian or Pacific Islander",12,1,0
09/20/2020,Piedmont,"Native American",2,0,0
09/20/2020,"New River","Native American",1,0,0
09/20/2020,"Central Shenandoah","Native American",3,1,0
09/20/2020,"Eastern Shore and Three Rivers","Native American",1,0,0
09/20/2020,Fairfax,"Native American",33,1,1
09/20/2020,Chesapeake,"Native American",11,0,0
09/20/2020,"Western Tidewater","Native American",2,0,0
09/20/2020,Portsmouth,"Native American",4,2,0
09/20/2020,Richmond,"Native American",0,0,0
09/20/2020,Chickahominy,"Native American",6,1,0
09/20/2020,"Thomas Jefferson","Native American",2,0,0
09/20/2020,Arlington,"Native American",5,0,0
09/20/2020,"Virginia Beach","Native American",9,0,0
09/20/2020,Peninsula,"Native American",7,2,1
09/20/2020,Hampton,"Native American",3,0,0
09/20/2020,"West Piedmont","Native American",2,0,0
09/20/2020,"Cumberland Plateau, Lenowisco, and Mount Rogers","Native American",1,0,0
09/20/2020,Henrico,"Native American",10,0,0
09/20/2020,Norfolk,"Native American",9,1,1
09/20/2020,"Prince William","Native American",23,1,1
09/20/2020,"Central Virginia","Native American",3,0,0
09/20/2020,Chesterfield,"Native American",5,0,0
09/20/2020,Rappahannock,"Native American",6,0,0
09/20/2020,Loudoun,"Native American",5,0,0
09/20/2020,Alexandria,"Native American",4,0,0
09/20/2020,"Alleghany and Roanoke","Native American",1,0,0
09/20/2020,Crater,"Native American",5,0,0
09/20/2020,"Rappahannock Rapidan","Native American",1,0,0
09/20/2020,"Lord Fairfax","Native American",2,1,1
09/20/2020,"Pittsylvania-Danville and Southside","Native American",0,0,0
09/21/2020,"Rappahannock Rapidan","Not Reported",679,13,10
09/21/2020,Portsmouth,"Other Race",57,10,5
11/13/2020,Roanoke,Black,729,42,9
09/21/2020,"Western Tidewater","Two or more races",38,0,0
09/21/2020,Piedmont,White,523,51,23
09/21/2020,Chesterfield,Latino,1547,96,6
09/21/2020,Lenowisco,White,721,70,15
09/21/2020,Lenowisco,"Two or more races",2,0,0
09/21/2020,Hampton,"Not Reported",638,3,2
09/21/2020,Southside,"Not Reported",547,11,5
09/21/2020,Roanoke,Black,262,20,4
09/21/2020,Hampton,Black,738,44,14
09/21/2020,Alleghany,"Other Race",9,1,0
09/21/2020,Lenowisco,Latino,10,0,0
09/21/2020,Loudoun,"Other Race",201,16,2
09/21/2020,"Central Shenandoah",Latino,1090,56,6
09/21/2020,"Rappahannock Rapidan",Latino,791,62,7
09/21/2020,"Eastern Shore",Black,857,99,29
09/21/2020,Norfolk,Latino,331,23,0
09/21/2020,Hampton,"Two or more races",15,0,0
09/21/2020,Richmond,Black,1566,241,32
09/21/2020,Henrico,"Two or more races",44,1,0
09/21/2020,Fairfax,"Two or more races",95,5,0
09/21/2020,Alleghany,"Not Reported",420,1,0
09/21/2020,Portsmouth,"Not Reported",544,5,0
09/21/2020,"Cumberland Plateau","Other Race",4,1,0
09/21/2020,Southside,"Two or more races",26,0,0
09/21/2020,Portsmouth,White,329,42,8
09/21/2020,"Rappahannock Rapidan","Two or more races",35,3,1
09/21/2020,Fairfax,White,3943,493,309
09/21/2020,Fairfax,"Other Race",804,85,19
09/21/2020,Crater,"Two or more races",9,0,0
09/21/2020,"West Piedmont","Not Reported",397,28,3
09/21/2020,Henrico,"Other Race",154,13,0
09/21/2020,"Three Rivers",White,646,49,19
09/21/2020,"Central Virginia",Black,255,31,8
09/21/2020,Lenowisco,"Other Race",7,0,0
09/21/2020,"Three Rivers","Other Race",15,3,0
09/21/2020,"Western Tidewater",White,842,66,58
09/21/2020,"Mount Rogers",Black,62,8,3
09/21/2020,"Three Rivers","Not Reported",259,4,1
09/21/2020,"Thomas Jefferson",Black,490,68,16
09/21/2020,"Eastern Shore",White,253,26,18
09/21/2020,"Central Virginia",White,914,57,19
09/21/2020,Lenowisco,Black,5,1,1
09/21/2020,"Central Virginia","Two or more races",7,0,0
09/21/2020,Richmond,"Two or more races",40,2,0
09/21/2020,Crater,"Not Reported",740,10,6
09/21/2020,Chesterfield,"Two or more races",28,3,0
09/21/2020,"New River",Latino,162,5,0
09/21/2020,Richmond,Latino,1318,110,8
09/21/2020,Portsmouth,Latino,76,11,1
09/21/2020,Pittsylvania-Danville,"Not Reported",677,9,0
09/21/2020,Chesapeake,"Not Reported",895,7,0
09/21/2020,Chickahominy,Latino,94,4,0
09/21/2020,Crater,Black,1953,195,62
09/21/2020,Chesterfield,Black,1098,113,28
09/21/2020,Chesterfield,"Other Race",171,11,0
09/21/2020,Peninsula,Black,1106,70,21
09/21/2020,Roanoke,White,333,16,14
09/21/2020,"New River",Black,169,5,0
09/21/2020,Southside,Latino,9,0,0
09/21/2020,Peninsula,Latino,334,20,1
09/21/2020,Rappahannock,"Two or more races",41,3,0
09/21/2020,"Virginia Beach",Black,1692,119,19
09/21/2020,"Mount Rogers","Not Reported",136,4,4
09/21/2020,Loudoun,"Not Reported",1953,5,0
09/21/2020,Chesapeake,"Other Race",60,5,1
09/21/2020,Chickahominy,"Two or more races",6,1,0
09/21/2020,Crater,"Other Race",37,0,0
09/21/2020,Norfolk,"Two or more races",52,2,1
09/21/2020,"Eastern Shore","Two or more races",1,1,0
09/21/2020,"Central Shenandoah",White,2917,179,59
09/21/2020,"New River","Other Race",14,0,0
09/21/2020,"New River",White,1776,37,14
09/21/2020,"Central Shenandoah","Other Race",81,2,0
09/21/2020,"West Piedmont",Black,452,84,12
09/21/2020,Alleghany,Latino,157,11,0
09/21/2020,"Central Shenandoah","Not Reported",674,4,1
09/21/2020,Roanoke,"Two or more races",4,2,0
09/21/2020,Peninsula,"Two or more races",52,3,0
09/21/2020,Richmond,"Not Reported",702,1,1
09/21/2020,Arlington,"Other Race",91,10,4
09/21/2020,Norfolk,"Not Reported",969,4,0
09/21/2020,Alexandria,"Other Race",84,8,3
09/21/2020,"Virginia Beach",White,2296,171,49
09/21/2020,Chesapeake,"Two or more races",43,3,1
09/21/2020,Alleghany,White,768,52,23
09/21/2020,"Rappahannock Rapidan","Other Race",36,3,0
09/21/2020,Chickahominy,"Not Reported",399,3,1
09/21/2020,Portsmouth,Black,1478,194,39
09/21/2020,Chickahominy,"Other Race",19,2,0
09/21/2020,"Virginia Beach",Latino,395,23,3
09/21/2020,Chesapeake,White,1258,129,28
09/21/2020,Southside,Black,470,43,18
09/21/2020,Rappahannock,Latino,1323,109,8
09/21/2020,"Three Rivers","Two or more races",7,0,0
09/21/2020,Henrico,Black,1657,200,85
09/21/2020,Pittsylvania-Danville,Black,587,74,17
09/21/2020,"Lord Fairfax","Two or more races",14,0,0
09/21/2020,"Prince William",Latino,6185,627,74
09/21/2020,"Mount Rogers","Other Race",9,2,2
09/21/2020,"Central Shenandoah",Black,212,11,4
09/21/2020,Peninsula,White,942,82,39
09/21/2020,"Eastern Shore","Not Reported",84,0,0
09/21/2020,"Thomas Jefferson","Other Race",154,3,1
09/21/2020,Hampton,"Other Race",53,2,1
09/21/2020,"Lord Fairfax","Not Reported",340,4,6
09/21/2020,"Central Virginia","Other Race",19,0,0
09/21/2020,"Western Tidewater","Other Race",74,1,2
09/21/2020,Crater,Latino,192,9,4
09/21/2020,Chesapeake,Latino,284,25,2
09/21/2020,Chesterfield,White,1435,117,75
09/21/2020,"Western Tidewater","Not Reported",922,7,5
09/21/2020,Fairfax,"Not Reported",2482,45,31
09/21/2020,Arlington,Black,400,83,33
09/21/2020,"Central Virginia",Latino,52,5,1
09/21/2020,Alexandria,"Not Reported",253,7,1
09/21/2020,"Three Rivers",Black,574,48,10
09/21/2020,"Prince William","Two or more races",86,1,0
09/21/2020,Loudoun,"Two or more races",51,2,0
09/21/2020,Peninsula,"Other Race",155,3,0
09/21/2020,"Thomas Jefferson",White,1451,78,46
09/21/2020,Norfolk,"Other Race",81,4,1
09/21/2020,"Prince William","Not Reported",4178,27,0
09/21/2020,"West Piedmont",White,834,113,44
09/21/2020,Rappahannock,Black,832,92,16
09/21/2020,Norfolk,Black,2367,251,44
09/21/2020,Roanoke,Latino,362,19,0
09/21/2020,Piedmont,Latino,75,8,2
09/21/2020,Roanoke,"Not Reported",569,2,3
09/21/2020,"Virginia Beach","Other Race",107,2,0
09/21/2020,Arlington,"Two or more races",39,3,0
09/21/2020,Alexandria,White,725,57,35
09/21/2020,"Lord Fairfax","Other Race",72,6,1
09/21/2020,"Thomas Jefferson","Not Reported",349,1,0
09/21/2020,"Virginia Beach","Not Reported",1833,11,2
09/21/2020,Loudoun,Black,312,31,5
09/21/2020,Pittsylvania-Danville,Latino,68,3,0
09/21/2020,"Cumberland Plateau","Not Reported",28,0,0
09/21/2020,Chesterfield,"Not Reported",1901,5,10
09/21/2020,"Mount Rogers",White,2139,205,88
09/21/2020,Richmond,White,714,43,11
09/21/2020,Lenowisco,"Not Reported",118,3,2
09/21/2020,"Three Rivers",Latino,155,6,1
09/21/2020,Piedmont,"Not Reported",783,10,4
09/21/2020,"Mount Rogers",Latino,283,6,0
11/13/2020,Hampton,Black,1099,79,23
09/21/2020,"Central Shenandoah","Two or more races",40,1,0
09/21/2020,Crater,White,774,57,28
09/21/2020,Arlington,White,1137,133,70
09/21/2020,Pittsylvania-Danville,"Other Race",0,0,0
09/21/2020,Chickahominy,Black,347,48,12
09/21/2020,Fairfax,Black,1686,246,66
09/21/2020,"Eastern Shore",Latino,260,11,3
09/21/2020,Norfolk,White,874,60,21
09/21/2020,"Mount Rogers","Two or more races",9,1,0
09/21/2020,Alleghany,"Two or more races",7,0,0
09/21/2020,Southside,White,276,29,19
09/21/2020,"Thomas Jefferson","Two or more races",53,1,0
09/21/2020,"Prince William",Black,1442,177,52
09/21/2020,"Lord Fairfax",White,1702,188,85
09/21/2020,"Cumberland Plateau",Latino,8,0,0
09/21/2020,Arlington,"Not Reported",329,2,1
09/21/2020,Rappahannock,"Other Race",123,4,0
09/21/2020,"Rappahannock Rapidan",Black,224,32,10
09/21/2020,"New River","Two or more races",31,0,0
09/21/2020,Arlington,Latino,1667,239,27
09/21/2020,Henrico,White,1423,131,105
09/21/2020,Loudoun,White,1583,122,90
09/21/2020,Hampton,White,262,10,4
09/21/2020,Alleghany,Black,88,7,2
09/21/2020,"Prince William",White,1704,177,88
09/21/2020,Rappahannock,White,1421,141,45
09/21/2020,Southside,"Other Race",14,1,1
09/21/2020,Portsmouth,"Two or more races",15,5,0
09/21/2020,"Western Tidewater",Black,1629,119,49
09/21/2020,Hampton,Latino,59,4,0
09/21/2020,Henrico,"Not Reported",940,5,4
09/21/2020,"West Piedmont","Two or more races",3,0,0
09/21/2020,Peninsula,"Not Reported",1656,2,0
09/21/2020,Loudoun,Latino,2165,196,15
09/21/2020,Alexandria,Black,762,95,17
09/21/2020,Piedmont,Black,518,58,16
09/21/2020,Roanoke,"Other Race",19,1,1
09/21/2020,Alexandria,"Two or more races",23,2,0
09/21/2020,"Western Tidewater",Latino,34,1,2
09/21/2020,Rappahannock,"Not Reported",1294,24,0
09/21/2020,"West Piedmont","Other Race",6,1,1
09/21/2020,Chickahominy,White,864,98,37
09/21/2020,"Thomas Jefferson",Latino,676,30,3
09/21/2020,"Cumberland Plateau",Black,42,0,0
09/21/2020,"Lord Fairfax",Latino,741,46,9
09/21/2020,"West Piedmont",Latino,258,10,1
09/21/2020,"Cumberland Plateau",White,621,51,9
09/21/2020,"Eastern Shore","Other Race",13,1,0
09/21/2020,"Cumberland Plateau","Two or more races",6,0,0
09/21/2020,Pittsylvania-Danville,"Two or more races",2,0,0
09/21/2020,Piedmont,"Other Race",9,0,0
09/21/2020,Alexandria,Latino,1729,132,11
09/21/2020,Chesapeake,Black,1592,211,31
09/21/2020,Richmond,"Other Race",131,9,3
09/21/2020,Henrico,Latino,865,55,11
09/21/2020,Piedmont,"Two or more races",4,2,0
09/21/2020,"Prince William","Other Race",434,15,1
09/21/2020,"New River","Not Reported",742,6,0
09/21/2020,"Rappahannock Rapidan",White,799,56,19
09/21/2020,"Central Virginia","Not Reported",1742,12,6
09/21/2020,"Virginia Beach","Two or more races",58,4,1
09/21/2020,Pittsylvania-Danville,White,453,48,17
09/21/2020,"Lord Fairfax",Black,141,19,6
09/21/2020,Fairfax,Latino,9738,1013,92
09/21/2020,Chesterfield,"Asian or Pacific Islander",71,3,1
09/21/2020,Crater,"Asian or Pacific Islander",17,0,0
09/21/2020,Fairfax,"Asian or Pacific Islander",1726,265,76
09/21/2020,Hampton,"Asian or Pacific Islander",14,0,0
09/21/2020,"Rappahannock Rapidan","Asian or Pacific Islander",10,1,0
09/21/2020,"Mount Rogers","Asian or Pacific Islander",3,1,0
09/21/2020,"New River","Asian or Pacific Islander",75,0,0
11/22/2020,Hampton,White,489,18,8
09/21/2020,"Central Virginia","Asian or Pacific Islander",15,1,0
09/21/2020,"Lord Fairfax","Asian or Pacific Islander",14,0,0
09/21/2020,Southside,"Asian or Pacific Islander",1,0,0
09/21/2020,Alleghany,"Asian or Pacific Islander",21,0,0
09/21/2020,Portsmouth,"Asian or Pacific Islander",22,2,0
09/21/2020,Roanoke,"Asian or Pacific Islander",28,2,0
09/21/2020,Richmond,"Asian or Pacific Islander",45,3,1
09/21/2020,"Thomas Jefferson","Asian or Pacific Islander",66,0,1
09/21/2020,"Virginia Beach","Asian or Pacific Islander",266,25,5
09/21/2020,Henrico,"Asian or Pacific Islander",201,11,4
09/21/2020,Piedmont,"Asian or Pacific Islander",9,0,1
09/21/2020,"Western Tidewater","Asian or Pacific Islander",20,2,3
09/21/2020,"West Piedmont","Asian or Pacific Islander",11,1,1
09/21/2020,Chickahominy,"Asian or Pacific Islander",15,1,0
09/21/2020,Peninsula,"Asian or Pacific Islander",43,4,5
09/21/2020,Norfolk,"Asian or Pacific Islander",62,7,0
09/21/2020,Arlington,"Asian or Pacific Islander",183,23,12
09/21/2020,Loudoun,"Asian or Pacific Islander",408,54,11
09/21/2020,Alexandria,"Asian or Pacific Islander",136,11,1
09/21/2020,Rappahannock,"Asian or Pacific Islander",88,10,2
09/21/2020,Chesapeake,"Asian or Pacific Islander",69,9,5
09/21/2020,"Cumberland Plateau and Lenowisco","Asian or Pacific Islander",1,0,0
09/21/2020,"Central Shenandoah","Asian or Pacific Islander",64,2,0
09/21/2020,"Prince William","Asian or Pacific Islander",567,57,15
09/21/2020,Pittsylvania-Danville,"Asian or Pacific Islander",3,0,0
09/21/2020,"Eastern Shore and Three Rivers","Asian or Pacific Islander",12,1,0
09/21/2020,Piedmont,"Native American",2,0,0
09/21/2020,"New River","Native American",1,0,0
09/21/2020,"Central Shenandoah","Native American",3,1,0
09/21/2020,"Eastern Shore and Three Rivers","Native American",1,0,0
09/21/2020,Fairfax,"Native American",33,1,1
09/21/2020,Chesapeake,"Native American",11,0,0
09/21/2020,"Western Tidewater","Native American",2,0,0
09/21/2020,Portsmouth,"Native American",4,2,0
09/21/2020,Richmond,"Native American",0,0,0
09/21/2020,Chickahominy,"Native American",6,1,0
09/21/2020,"Thomas Jefferson","Native American",2,0,0
09/21/2020,Arlington,"Native American",5,0,0
09/21/2020,"Virginia Beach","Native American",9,0,0
09/21/2020,Peninsula,"Native American",7,2,1
09/21/2020,Hampton,"Native American",3,0,0
09/21/2020,"West Piedmont","Native American",2,0,0
09/21/2020,"Cumberland Plateau, Lenowisco, and Mount Rogers","Native American",1,0,0
09/21/2020,Henrico,"Native American",11,0,0
09/21/2020,Norfolk,"Native American",9,1,1
09/21/2020,"Prince William","Native American",23,1,1
09/21/2020,"Central Virginia","Native American",3,0,0
09/21/2020,Chesterfield,"Native American",5,0,0
09/21/2020,Rappahannock,"Native American",6,0,0
09/21/2020,Loudoun,"Native American",5,0,0
09/21/2020,Alexandria,"Native American",4,0,0
09/21/2020,"Alleghany and Roanoke","Native American",1,0,0
09/21/2020,Crater,"Native American",5,0,0
09/21/2020,"Rappahannock Rapidan","Native American",1,0,0
09/21/2020,"Lord Fairfax","Native American",2,1,1
09/21/2020,"Pittsylvania-Danville and Southside","Native American",0,0,0
09/22/2020,"Rappahannock Rapidan","Not Reported",678,13,10
09/22/2020,Portsmouth,"Other Race",57,10,6
09/22/2020,"Western Tidewater","Two or more races",56,0,0
09/22/2020,Piedmont,White,531,52,24
09/22/2020,Chesterfield,Latino,1573,97,6
09/22/2020,Lenowisco,White,725,70,16
09/22/2020,Lenowisco,"Two or more races",2,0,0
09/22/2020,Hampton,"Not Reported",637,3,2
09/22/2020,Southside,"Not Reported",548,11,5
09/22/2020,Roanoke,Black,273,20,4
09/22/2020,Hampton,Black,745,44,14
09/22/2020,Alleghany,"Other Race",9,1,0
09/22/2020,Lenowisco,Latino,10,0,0
09/22/2020,Loudoun,"Other Race",201,16,2
09/22/2020,"Central Shenandoah",Latino,1095,56,6
09/22/2020,"Rappahannock Rapidan",Latino,792,62,7
09/22/2020,"Eastern Shore",Black,857,99,29
09/22/2020,Norfolk,Latino,333,23,0
09/22/2020,Hampton,"Two or more races",15,0,0
09/22/2020,Richmond,Black,1573,243,33
09/22/2020,Henrico,"Two or more races",44,1,0
09/22/2020,Fairfax,"Two or more races",95,5,0
09/22/2020,Alleghany,"Not Reported",418,1,0
09/22/2020,Portsmouth,"Not Reported",536,6,2
09/22/2020,"Cumberland Plateau","Other Race",4,1,0
09/22/2020,Southside,"Two or more races",27,0,0
09/22/2020,Portsmouth,White,330,42,8
09/22/2020,"Rappahannock Rapidan","Two or more races",35,3,1
09/22/2020,Fairfax,White,3983,496,310
09/22/2020,Fairfax,"Other Race",807,86,19
09/22/2020,Crater,"Two or more races",9,0,0
09/22/2020,"West Piedmont","Not Reported",412,28,3
09/22/2020,Henrico,"Other Race",153,13,0
09/22/2020,"Three Rivers",White,639,48,17
09/22/2020,"Central Virginia",Black,262,31,8
09/22/2020,Lenowisco,"Other Race",7,0,0
09/22/2020,"Three Rivers","Other Race",15,3,0
09/22/2020,"Western Tidewater",White,908,66,59
09/22/2020,"Mount Rogers",Black,63,8,3
09/22/2020,"Three Rivers","Not Reported",258,4,1
09/22/2020,"Thomas Jefferson",Black,490,68,16
09/22/2020,"Eastern Shore",White,253,27,18
09/22/2020,"Central Virginia",White,952,59,20
09/22/2020,Lenowisco,Black,5,1,1
09/22/2020,"Central Virginia","Two or more races",7,0,0
09/22/2020,Richmond,"Two or more races",41,2,0
09/22/2020,Crater,"Not Reported",769,10,6
09/22/2020,Chesterfield,"Two or more races",28,3,0
09/22/2020,"New River",Latino,163,5,0
09/22/2020,Richmond,Latino,1322,111,8
09/22/2020,Portsmouth,Latino,76,11,1
09/22/2020,Pittsylvania-Danville,"Not Reported",674,9,0
09/22/2020,Chesapeake,"Not Reported",888,7,0
09/22/2020,Chickahominy,Latino,93,4,0
09/22/2020,Crater,Black,1975,197,63
09/22/2020,Chesterfield,Black,1110,115,29
09/22/2020,Chesterfield,"Other Race",170,11,0
09/22/2020,Peninsula,Black,1122,71,21
09/22/2020,Roanoke,White,340,16,14
09/22/2020,"New River",Black,171,5,0
09/22/2020,Southside,Latino,9,0,0
09/22/2020,Peninsula,Latino,335,20,1
09/22/2020,Rappahannock,"Two or more races",41,3,0
09/22/2020,"Virginia Beach",Black,1696,119,21
09/22/2020,"Mount Rogers","Not Reported",135,4,4
09/22/2020,Loudoun,"Not Reported",1944,5,0
09/22/2020,Chesapeake,"Other Race",60,5,1
09/22/2020,Chickahominy,"Two or more races",6,1,0
09/22/2020,Crater,"Other Race",38,0,0
09/22/2020,Norfolk,"Two or more races",52,2,0
09/22/2020,"Eastern Shore","Two or more races",1,1,0
09/22/2020,"Central Shenandoah",White,2958,181,59
09/22/2020,"New River","Other Race",14,0,0
09/22/2020,"New River",White,1784,37,17
09/22/2020,"Central Shenandoah","Other Race",79,2,0
09/22/2020,"West Piedmont",Black,452,83,12
09/22/2020,Alleghany,Latino,157,11,0
09/22/2020,"Central Shenandoah","Not Reported",676,4,1
09/22/2020,Roanoke,"Two or more races",6,2,0
09/22/2020,Peninsula,"Two or more races",53,3,0
09/22/2020,Richmond,"Not Reported",703,1,1
09/22/2020,Arlington,"Other Race",91,10,4
09/22/2020,Norfolk,"Not Reported",966,4,0
09/22/2020,Alexandria,"Other Race",83,8,3
09/22/2020,"Virginia Beach",White,2310,172,49
09/22/2020,Chesapeake,"Two or more races",44,3,1
09/22/2020,Alleghany,White,772,52,23
09/22/2020,"Rappahannock Rapidan","Other Race",36,3,0
09/22/2020,Chickahominy,"Not Reported",407,3,1
09/22/2020,Portsmouth,Black,1488,196,41
09/22/2020,Chickahominy,"Other Race",19,2,0
09/22/2020,"Virginia Beach",Latino,400,23,3
09/22/2020,Chesapeake,White,1263,130,28
09/22/2020,Southside,Black,470,43,18
09/22/2020,Rappahannock,Latino,1327,109,8
09/22/2020,"Three Rivers","Two or more races",7,0,0
09/22/2020,Henrico,Black,1672,203,86
09/22/2020,Pittsylvania-Danville,Black,590,74,17
09/22/2020,"Lord Fairfax","Two or more races",14,0,0
09/22/2020,"Prince William",Latino,6216,627,74
09/22/2020,"Mount Rogers","Other Race",9,2,2
09/22/2020,"Central Shenandoah",Black,215,11,4
09/22/2020,Peninsula,White,950,82,40
09/22/2020,"Eastern Shore","Not Reported",84,0,0
09/22/2020,"Thomas Jefferson","Other Race",154,3,1
09/22/2020,Hampton,"Other Race",53,2,1
09/22/2020,"Lord Fairfax","Not Reported",346,4,6
09/22/2020,"Central Virginia","Other Race",19,0,0
09/22/2020,"Western Tidewater","Other Race",76,1,2
09/22/2020,Crater,Latino,195,9,4
09/22/2020,Chesapeake,Latino,287,25,2
09/22/2020,Chesterfield,White,1457,119,77
09/22/2020,"Western Tidewater","Not Reported",928,7,5
09/22/2020,Fairfax,"Not Reported",2459,45,31
09/22/2020,Arlington,Black,400,83,33
09/22/2020,"Central Virginia",Latino,54,6,1
09/22/2020,Alexandria,"Not Reported",249,7,1
09/22/2020,"Three Rivers",Black,581,47,10
09/22/2020,"Prince William","Two or more races",87,1,0
09/22/2020,Loudoun,"Two or more races",52,2,0
09/22/2020,Peninsula,"Other Race",154,3,1
09/22/2020,"Thomas Jefferson",White,1466,78,48
09/22/2020,Norfolk,"Other Race",83,4,2
09/22/2020,"Prince William","Not Reported",4168,27,0
09/22/2020,"West Piedmont",White,846,114,44
09/22/2020,Rappahannock,Black,844,92,16
09/22/2020,Norfolk,Black,2377,251,48
09/22/2020,Roanoke,Latino,366,19,0
09/22/2020,Piedmont,Latino,74,8,2
09/22/2020,Roanoke,"Not Reported",575,2,3
09/22/2020,"Virginia Beach","Other Race",106,2,0
09/22/2020,Arlington,"Two or more races",39,3,0
09/22/2020,Alexandria,White,727,57,35
09/22/2020,"Lord Fairfax","Other Race",73,6,1
09/22/2020,"Thomas Jefferson","Not Reported",343,1,0
09/22/2020,"Virginia Beach","Not Reported",1826,12,2
09/22/2020,Loudoun,Black,312,31,5
09/22/2020,Pittsylvania-Danville,Latino,68,3,0
09/22/2020,"Cumberland Plateau","Not Reported",33,0,0
09/22/2020,Chesterfield,"Not Reported",1880,5,10
09/22/2020,"Mount Rogers",White,2156,210,90
09/22/2020,Richmond,White,725,44,12
09/22/2020,Lenowisco,"Not Reported",118,3,2
09/22/2020,"Three Rivers",Latino,154,5,1
09/22/2020,Piedmont,"Not Reported",786,10,4
09/22/2020,"Mount Rogers",Latino,286,6,0
09/22/2020,"Central Shenandoah","Two or more races",40,1,0
09/22/2020,Crater,White,785,57,29
09/22/2020,Arlington,White,1135,133,71
09/22/2020,Pittsylvania-Danville,"Other Race",1,0,0
09/22/2020,Chickahominy,Black,347,48,12
09/22/2020,Fairfax,Black,1690,247,66
09/22/2020,"Eastern Shore",Latino,260,11,3
09/22/2020,Norfolk,White,882,60,21
09/22/2020,"Mount Rogers","Two or more races",9,1,0
09/22/2020,Alleghany,"Two or more races",7,0,0
09/22/2020,Southside,White,279,29,19
09/22/2020,"Thomas Jefferson","Two or more races",55,1,0
09/22/2020,"Prince William",Black,1463,177,53
09/22/2020,"Lord Fairfax",White,1708,188,86
09/22/2020,"Cumberland Plateau",Latino,8,0,0
09/22/2020,Arlington,"Not Reported",331,2,1
09/22/2020,Rappahannock,"Other Race",126,4,0
09/22/2020,"Rappahannock Rapidan",Black,225,32,10
09/22/2020,"New River","Two or more races",31,0,0
09/22/2020,Arlington,Latino,1671,240,27
09/22/2020,Henrico,White,1433,132,105
09/22/2020,Loudoun,White,1594,122,90
09/22/2020,Hampton,White,262,10,4
09/22/2020,Alleghany,Black,87,7,2
09/22/2020,"Prince William",White,1714,177,89
09/22/2020,Rappahannock,White,1431,142,47
09/22/2020,Southside,"Other Race",14,1,1
09/22/2020,Portsmouth,"Two or more races",16,5,0
09/22/2020,"Western Tidewater",Black,1704,119,49
09/22/2020,Hampton,Latino,60,4,0
09/22/2020,Henrico,"Not Reported",933,5,4
09/22/2020,"West Piedmont","Two or more races",3,0,0
09/22/2020,Peninsula,"Not Reported",1645,2,0
09/22/2020,Loudoun,Latino,2178,197,15
09/22/2020,Alexandria,Black,769,96,17
09/22/2020,Piedmont,Black,525,59,16
09/22/2020,Roanoke,"Other Race",21,2,1
09/22/2020,Alexandria,"Two or more races",23,2,0
09/22/2020,"Western Tidewater",Latino,35,1,2
09/22/2020,Rappahannock,"Not Reported",1300,24,0
09/22/2020,"West Piedmont","Other Race",6,1,1
09/22/2020,Chickahominy,White,872,99,37
09/22/2020,"Thomas Jefferson",Latino,678,30,3
09/22/2020,"Cumberland Plateau",Black,42,0,0
09/22/2020,"Lord Fairfax",Latino,741,46,9
09/22/2020,"West Piedmont",Latino,259,10,1
09/22/2020,"Cumberland Plateau",White,622,52,10
09/22/2020,"Eastern Shore","Other Race",13,1,0
09/22/2020,"Cumberland Plateau","Two or more races",6,0,0
09/22/2020,Pittsylvania-Danville,"Two or more races",2,0,0
09/22/2020,Piedmont,"Other Race",9,0,0
09/22/2020,Alexandria,Latino,1735,133,11
09/22/2020,Chesapeake,Black,1598,213,32
09/22/2020,Richmond,"Other Race",131,9,3
09/22/2020,Henrico,Latino,867,55,11
09/22/2020,Piedmont,"Two or more races",4,2,0
09/22/2020,"Prince William","Other Race",444,16,1
09/22/2020,"New River","Not Reported",745,8,0
09/22/2020,"Rappahannock Rapidan",White,805,56,19
09/22/2020,"Central Virginia","Not Reported",1729,12,5
09/22/2020,"Virginia Beach","Two or more races",57,4,1
09/22/2020,Pittsylvania-Danville,White,464,49,17
09/22/2020,"Lord Fairfax",Black,142,19,6
09/22/2020,Fairfax,Latino,9773,1022,93
09/22/2020,Chesterfield,"Asian or Pacific Islander",73,3,1
09/22/2020,Crater,"Asian or Pacific Islander",17,0,0
09/22/2020,Fairfax,"Asian or Pacific Islander",1736,266,76
09/22/2020,Hampton,"Asian or Pacific Islander",14,0,0
09/22/2020,"Rappahannock Rapidan","Asian or Pacific Islander",10,1,0
09/22/2020,"Mount Rogers","Asian or Pacific Islander",3,1,0
09/22/2020,"New River","Asian or Pacific Islander",77,0,0
09/22/2020,"Central Virginia","Asian or Pacific Islander",15,1,0
09/22/2020,"Lord Fairfax","Asian or Pacific Islander",14,0,0
09/22/2020,Southside,"Asian or Pacific Islander",1,0,0
09/22/2020,Alleghany,"Asian or Pacific Islander",21,0,0
09/22/2020,Portsmouth,"Asian or Pacific Islander",22,2,0
09/22/2020,Roanoke,"Asian or Pacific Islander",28,2,0
09/22/2020,Richmond,"Asian or Pacific Islander",45,3,1
09/22/2020,"Thomas Jefferson","Asian or Pacific Islander",68,0,1
09/22/2020,"Virginia Beach","Asian or Pacific Islander",270,25,5
09/22/2020,Henrico,"Asian or Pacific Islander",202,11,4
09/22/2020,Piedmont,"Asian or Pacific Islander",9,0,1
09/22/2020,"Western Tidewater","Asian or Pacific Islander",20,2,3
09/22/2020,"West Piedmont","Asian or Pacific Islander",11,1,1
09/22/2020,Chickahominy,"Asian or Pacific Islander",15,1,0
09/22/2020,Peninsula,"Asian or Pacific Islander",43,4,5
09/22/2020,Norfolk,"Asian or Pacific Islander",62,7,0
09/22/2020,Arlington,"Asian or Pacific Islander",183,23,12
09/22/2020,Loudoun,"Asian or Pacific Islander",412,55,11
09/22/2020,Alexandria,"Asian or Pacific Islander",137,11,1
09/22/2020,Rappahannock,"Asian or Pacific Islander",88,10,2
09/22/2020,Chesapeake,"Asian or Pacific Islander",69,9,5
09/22/2020,"Cumberland Plateau and Lenowisco","Asian or Pacific Islander",1,0,0
09/22/2020,"Central Shenandoah","Asian or Pacific Islander",64,2,0
09/22/2020,"Prince William","Asian or Pacific Islander",576,57,15
09/22/2020,Pittsylvania-Danville,"Asian or Pacific Islander",3,0,0
09/22/2020,"Eastern Shore and Three Rivers","Asian or Pacific Islander",12,1,0
09/22/2020,Piedmont,"Native American",2,0,0
09/22/2020,"New River","Native American",1,0,0
09/22/2020,"Central Shenandoah","Native American",3,1,0
09/22/2020,"Eastern Shore and Three Rivers","Native American",1,0,0
09/22/2020,Fairfax,"Native American",33,1,1
09/22/2020,Chesapeake,"Native American",11,0,0
09/22/2020,"Western Tidewater","Native American",2,0,0
09/22/2020,Portsmouth,"Native American",4,2,0
09/22/2020,Richmond,"Native American",0,0,0
09/22/2020,Chickahominy,"Native American",6,1,0
09/22/2020,"Thomas Jefferson","Native American",2,0,0
09/22/2020,Arlington,"Native American",5,0,0
09/22/2020,"Virginia Beach","Native American",9,0,0
09/22/2020,Peninsula,"Native American",7,2,1
09/22/2020,Hampton,"Native American",3,0,0
09/22/2020,"West Piedmont","Native American",2,0,0
09/22/2020,"Cumberland Plateau, Lenowisco, and Mount Rogers","Native American",1,0,0
09/22/2020,Henrico,"Native American",11,0,0
09/22/2020,Norfolk,"Native American",9,1,1
09/22/2020,"Prince William","Native American",23,1,1
09/22/2020,"Central Virginia","Native American",3,0,0
09/22/2020,Chesterfield,"Native American",5,0,0
09/22/2020,Rappahannock,"Native American",6,0,0
09/22/2020,Loudoun,"Native American",5,0,0
09/22/2020,Alexandria,"Native American",4,0,0
09/22/2020,"Alleghany and Roanoke","Native American",1,0,0
09/22/2020,Crater,"Native American",5,0,0
09/22/2020,"Rappahannock Rapidan","Native American",1,0,0
09/22/2020,"Lord Fairfax","Native American",2,1,1
09/22/2020,"Pittsylvania-Danville and Southside","Native American",0,0,0
09/23/2020,"Rappahannock Rapidan","Not Reported",678,13,10
09/23/2020,Portsmouth,"Other Race",56,9,5
09/23/2020,"Western Tidewater","Two or more races",58,0,0
09/23/2020,Piedmont,White,534,52,25
09/23/2020,Chesterfield,Latino,1628,98,6
09/23/2020,Lenowisco,White,725,71,16
09/23/2020,Lenowisco,"Two or more races",2,0,0
09/23/2020,Hampton,"Not Reported",636,3,2
09/23/2020,Southside,"Not Reported",549,11,5
09/23/2020,Roanoke,Black,282,20,5
09/23/2020,Hampton,Black,750,44,16
09/23/2020,Alleghany,"Other Race",9,1,0
09/23/2020,Lenowisco,Latino,10,0,0
09/23/2020,Loudoun,"Other Race",203,16,2
09/23/2020,"Central Shenandoah",Latino,1102,57,6
09/23/2020,"Rappahannock Rapidan",Latino,792,62,7
09/23/2020,"Eastern Shore",Black,857,99,29
09/23/2020,Norfolk,Latino,336,23,0
09/23/2020,Hampton,"Two or more races",15,0,0
09/23/2020,Richmond,Black,1578,242,33
09/23/2020,Henrico,"Two or more races",45,1,0
09/23/2020,Fairfax,"Two or more races",95,5,0
09/23/2020,Alleghany,"Not Reported",425,1,0
09/23/2020,Portsmouth,"Not Reported",533,5,1
09/23/2020,"Cumberland Plateau","Other Race",4,1,0
09/23/2020,Southside,"Two or more races",27,0,0
09/23/2020,Portsmouth,White,334,43,9
09/23/2020,"Rappahannock Rapidan","Two or more races",35,3,1
09/23/2020,Fairfax,White,4008,499,311
09/23/2020,Fairfax,"Other Race",807,86,19
09/23/2020,Crater,"Two or more races",9,0,0
09/23/2020,"West Piedmont","Not Reported",409,28,3
09/23/2020,Henrico,"Other Race",154,13,0
09/23/2020,"Three Rivers",White,646,48,18
09/23/2020,"Central Virginia",Black,273,32,8
09/23/2020,Lenowisco,"Other Race",7,0,0
09/23/2020,"Three Rivers","Other Race",15,3,0
09/23/2020,"Western Tidewater",White,927,67,60
09/23/2020,"Mount Rogers",Black,63,8,3
09/23/2020,"Three Rivers","Not Reported",258,4,1
09/23/2020,"Thomas Jefferson",Black,491,68,16
09/23/2020,"Eastern Shore",White,254,27,18
09/23/2020,"Central Virginia",White,984,61,20
09/23/2020,Lenowisco,Black,6,1,1
09/23/2020,"Central Virginia","Two or more races",9,0,0
09/23/2020,Richmond,"Two or more races",42,2,0
09/23/2020,Crater,"Not Reported",773,10,6
09/23/2020,Chesterfield,"Two or more races",29,4,0
09/23/2020,"New River",Latino,163,5,0
09/23/2020,Richmond,Latino,1323,111,8
09/23/2020,Portsmouth,Latino,76,11,1
09/23/2020,Pittsylvania-Danville,"Not Reported",678,9,0
09/23/2020,Chesapeake,"Not Reported",885,7,0
09/23/2020,Chickahominy,Latino,94,4,0
09/23/2020,Crater,Black,1986,198,63
09/23/2020,Chesterfield,Black,1125,117,30
09/23/2020,Chesterfield,"Other Race",164,10,0
09/23/2020,Peninsula,Black,1129,73,24
09/23/2020,Roanoke,White,337,16,14
09/23/2020,"New River",Black,173,5,0
09/23/2020,Southside,Latino,9,0,0
09/23/2020,Peninsula,Latino,339,20,1
09/23/2020,Rappahannock,"Two or more races",41,3,0
09/23/2020,"Virginia Beach",Black,1706,121,22
09/23/2020,"Mount Rogers","Not Reported",135,4,4
09/23/2020,Loudoun,"Not Reported",1948,5,0
09/23/2020,Chesapeake,"Other Race",61,5,1
09/23/2020,Chickahominy,"Two or more races",6,1,0
09/23/2020,Crater,"Other Race",40,0,0
09/23/2020,Norfolk,"Two or more races",52,2,0
09/23/2020,"Eastern Shore","Two or more races",1,1,0
09/23/2020,"Central Shenandoah",White,2984,183,58
09/23/2020,"New River","Other Race",14,0,0
09/23/2020,"New River",White,1793,37,18
09/23/2020,"Central Shenandoah","Other Race",79,2,0
09/23/2020,"West Piedmont",Black,455,83,12
09/23/2020,Alleghany,Latino,159,11,0
09/23/2020,"Central Shenandoah","Not Reported",670,4,1
09/23/2020,Roanoke,"Two or more races",7,2,0
09/23/2020,Peninsula,"Two or more races",54,3,0
09/23/2020,Richmond,"Not Reported",704,1,1
09/23/2020,Arlington,"Other Race",92,10,4
09/23/2020,Norfolk,"Not Reported",954,4,0
09/23/2020,Alexandria,"Other Race",82,8,3
09/23/2020,"Virginia Beach",White,2322,173,50
09/23/2020,Chesapeake,"Two or more races",46,3,1
09/23/2020,Alleghany,White,785,52,23
09/23/2020,"Rappahannock Rapidan","Other Race",36,3,0
09/23/2020,Chickahominy,"Not Reported",410,3,1
09/23/2020,Portsmouth,Black,1492,197,42
09/23/2020,Chickahominy,"Other Race",19,2,0
09/23/2020,"Virginia Beach",Latino,405,24,3
09/23/2020,Chesapeake,White,1278,131,29
09/23/2020,Southside,Black,471,43,18
09/23/2020,Rappahannock,Latino,1328,109,8
09/23/2020,"Three Rivers","Two or more races",7,0,0
09/23/2020,Henrico,Black,1674,204,86
09/23/2020,Pittsylvania-Danville,Black,593,74,17
09/23/2020,"Lord Fairfax","Two or more races",14,0,0
09/23/2020,"Prince William",Latino,6231,628,74
09/23/2020,"Mount Rogers","Other Race",9,2,2
09/23/2020,"Central Shenandoah",Black,217,11,4
09/23/2020,Peninsula,White,961,83,42
09/23/2020,"Eastern Shore","Not Reported",85,0,0
09/23/2020,"Thomas Jefferson","Other Race",154,3,1
09/23/2020,Hampton,"Other Race",53,2,1
09/23/2020,"Lord Fairfax","Not Reported",345,5,6
09/23/2020,"Central Virginia","Other Race",19,0,0
09/23/2020,"Western Tidewater","Other Race",77,1,2
09/23/2020,Crater,Latino,196,9,4
09/23/2020,Chesapeake,Latino,288,25,2
09/23/2020,Chesterfield,White,1476,119,77
09/23/2020,"Western Tidewater","Not Reported",928,7,5
09/23/2020,Fairfax,"Not Reported",2466,45,30
09/23/2020,Arlington,Black,400,83,33
09/23/2020,"Central Virginia",Latino,58,6,2
09/23/2020,Alexandria,"Not Reported",250,7,1
09/23/2020,"Three Rivers",Black,585,48,10
09/23/2020,"Prince William","Two or more races",89,1,0
09/23/2020,Loudoun,"Two or more races",53,2,0
09/23/2020,Peninsula,"Other Race",155,3,1
09/23/2020,"Thomas Jefferson",White,1482,79,48
09/23/2020,Norfolk,"Other Race",81,4,2
09/23/2020,"Prince William","Not Reported",4168,27,0
09/23/2020,"West Piedmont",White,854,115,44
09/23/2020,Rappahannock,Black,847,92,16
09/23/2020,Norfolk,Black,2385,254,50
09/23/2020,Roanoke,Latino,368,19,0
09/23/2020,Piedmont,Latino,74,8,2
09/23/2020,Roanoke,"Not Reported",576,2,3
09/23/2020,"Virginia Beach","Other Race",106,2,0
09/23/2020,Arlington,"Two or more races",39,3,0
09/23/2020,Alexandria,White,729,57,35
09/23/2020,"Lord Fairfax","Other Race",73,6,1
09/23/2020,"Thomas Jefferson","Not Reported",343,1,0
09/23/2020,"Virginia Beach","Not Reported",1813,12,2
09/23/2020,Loudoun,Black,313,31,5
09/23/2020,Pittsylvania-Danville,Latino,68,3,0
09/23/2020,"Cumberland Plateau","Not Reported",40,0,0
09/23/2020,Chesterfield,"Not Reported",1812,5,10
09/23/2020,"Mount Rogers",White,2165,212,90
09/23/2020,Richmond,White,728,44,14
09/23/2020,Lenowisco,"Not Reported",118,3,2
09/23/2020,"Three Rivers",Latino,155,5,1
09/23/2020,Piedmont,"Not Reported",786,10,4
09/23/2020,"Mount Rogers",Latino,287,6,0
09/23/2020,"Central Shenandoah","Two or more races",41,1,0
09/23/2020,Crater,White,790,57,29
09/23/2020,Arlington,White,1142,135,71
09/23/2020,Pittsylvania-Danville,"Other Race",1,0,0
09/23/2020,Chickahominy,Black,350,48,12
09/23/2020,Fairfax,Black,1699,247,66
09/23/2020,"Eastern Shore",Latino,260,11,3
09/23/2020,Norfolk,White,886,60,22
09/23/2020,"Mount Rogers","Two or more races",9,1,0
09/23/2020,Alleghany,"Two or more races",7,0,0
09/23/2020,Southside,White,279,29,19
09/23/2020,"Thomas Jefferson","Two or more races",54,1,0
09/23/2020,"Prince William",Black,1468,177,53
09/23/2020,"Lord Fairfax",White,1715,188,87
09/23/2020,"Cumberland Plateau",Latino,10,0,0
09/23/2020,Arlington,"Not Reported",336,2,1
09/23/2020,Rappahannock,"Other Race",126,4,0
09/23/2020,"Rappahannock Rapidan",Black,226,33,10
09/23/2020,"New River","Two or more races",31,0,0
09/23/2020,Arlington,Latino,1674,241,27
09/23/2020,Alleghany,Black,91,7,2
09/23/2020,"Prince William",White,1720,177,89
09/23/2020,Rappahannock,White,1440,143,48
09/23/2020,Southside,"Other Race",14,1,1
09/23/2020,Portsmouth,"Two or more races",17,5,0
09/23/2020,"Western Tidewater",Black,1718,119,49
09/23/2020,Hampton,Latino,60,4,0
09/23/2020,Henrico,"Not Reported",930,5,4
09/23/2020,"West Piedmont","Two or more races",3,0,0
09/23/2020,Peninsula,"Not Reported",1639,2,0
09/23/2020,Loudoun,Latino,2185,197,15
09/23/2020,Alexandria,Black,777,96,17
09/23/2020,Piedmont,Black,525,59,16
09/23/2020,Roanoke,"Other Race",22,2,1
09/23/2020,Alexandria,"Two or more races",23,2,0
09/23/2020,"Western Tidewater",Latino,36,1,2
09/23/2020,Rappahannock,"Not Reported",1302,24,0
09/23/2020,"West Piedmont","Other Race",6,1,1
09/23/2020,Chickahominy,White,874,99,37
09/23/2020,"Thomas Jefferson",Latino,678,30,3
09/23/2020,"Cumberland Plateau",Black,45,0,0
09/23/2020,"Lord Fairfax",Latino,742,46,9
09/23/2020,"West Piedmont",Latino,259,10,1
09/23/2020,"Cumberland Plateau",White,641,52,10
09/23/2020,"Eastern Shore","Other Race",13,1,0
09/23/2020,"Cumberland Plateau","Two or more races",6,0,0
09/23/2020,Pittsylvania-Danville,"Two or more races",2,0,0
09/23/2020,Piedmont,"Other Race",9,0,0
09/23/2020,Alexandria,Latino,1739,133,11
09/23/2020,Chesapeake,Black,1603,213,32
09/23/2020,Richmond,"Other Race",131,9,3
09/23/2020,Henrico,Latino,868,55,11
09/23/2020,Piedmont,"Two or more races",4,2,0
09/23/2020,"Prince William","Other Race",444,16,1
09/23/2020,"New River","Not Reported",758,8,0
09/23/2020,"Rappahannock Rapidan",White,807,57,22
09/23/2020,"Central Virginia","Not Reported",1704,12,5
09/23/2020,"Virginia Beach","Two or more races",58,3,1
09/23/2020,Pittsylvania-Danville,White,467,50,18
09/23/2020,"Lord Fairfax",Black,143,19,6
09/23/2020,Fairfax,Latino,9794,1022,93
09/23/2020,Chesterfield,"Asian or Pacific Islander",79,4,1
09/23/2020,Crater,"Asian or Pacific Islander",18,0,0
09/23/2020,Fairfax,"Asian or Pacific Islander",1738,267,76
09/23/2020,Hampton,"Asian or Pacific Islander",14,0,0
09/23/2020,"Rappahannock Rapidan","Asian or Pacific Islander",10,1,0
09/23/2020,"Mount Rogers","Asian or Pacific Islander",3,1,0
09/23/2020,"New River","Asian or Pacific Islander",77,0,0
09/23/2020,"Central Virginia","Asian or Pacific Islander",15,1,0
09/23/2020,"Lord Fairfax","Asian or Pacific Islander",14,0,0
09/23/2020,Southside,"Asian or Pacific Islander",1,0,0
09/23/2020,Alleghany,"Asian or Pacific Islander",21,0,0
09/23/2020,Portsmouth,"Asian or Pacific Islander",22,2,0
09/23/2020,Roanoke,"Asian or Pacific Islander",28,2,0
09/23/2020,Richmond,"Asian or Pacific Islander",45,3,1
09/23/2020,"Thomas Jefferson","Asian or Pacific Islander",68,0,1
09/23/2020,"Virginia Beach","Asian or Pacific Islander",270,25,5
09/23/2020,Henrico,"Asian or Pacific Islander",203,11,4
09/23/2020,Piedmont,"Asian or Pacific Islander",9,0,1
09/23/2020,"Western Tidewater","Asian or Pacific Islander",20,2,3
09/23/2020,"West Piedmont","Asian or Pacific Islander",11,1,1
09/23/2020,Chickahominy,"Asian or Pacific Islander",15,1,0
09/23/2020,Peninsula,"Asian or Pacific Islander",43,4,5
09/23/2020,Norfolk,"Asian or Pacific Islander",62,7,0
09/23/2020,Arlington,"Asian or Pacific Islander",189,23,12
09/23/2020,Loudoun,"Asian or Pacific Islander",411,55,11
09/23/2020,Alexandria,"Asian or Pacific Islander",137,11,1
09/23/2020,Rappahannock,"Asian or Pacific Islander",88,10,2
09/23/2020,Chesapeake,"Asian or Pacific Islander",69,9,5
09/23/2020,"Cumberland Plateau and Lenowisco","Asian or Pacific Islander",1,0,0
09/23/2020,"Central Shenandoah","Asian or Pacific Islander",65,2,0
09/23/2020,"Prince William","Asian or Pacific Islander",583,57,15
09/23/2020,Pittsylvania-Danville,"Asian or Pacific Islander",3,0,0
09/23/2020,"Eastern Shore and Three Rivers","Asian or Pacific Islander",12,1,0
09/23/2020,Piedmont,"Native American",2,0,0
09/23/2020,"New River","Native American",1,0,0
09/23/2020,"Central Shenandoah","Native American",3,1,0
09/23/2020,"Eastern Shore and Three Rivers","Native American",1,0,0
09/23/2020,Fairfax,"Native American",33,1,1
09/23/2020,Chesapeake,"Native American",11,0,0
09/23/2020,"Western Tidewater","Native American",2,0,0
09/23/2020,Portsmouth,"Native American",4,2,0
09/23/2020,Richmond,"Native American",0,0,0
09/23/2020,Chickahominy,"Native American",6,1,0
09/23/2020,"Thomas Jefferson","Native American",2,0,0
09/23/2020,Arlington,"Native American",5,0,0
09/23/2020,"Virginia Beach","Native American",9,0,0
09/23/2020,Peninsula,"Native American",7,2,1
09/23/2020,Hampton,"Native American",4,0,1
09/23/2020,"West Piedmont","Native American",2,0,0
09/23/2020,"Cumberland Plateau, Lenowisco, and Mount Rogers","Native American",2,0,0
09/23/2020,Henrico,"Native American",11,0,0
09/23/2020,Norfolk,"Native American",9,1,1
09/23/2020,"Prince William","Native American",23,1,1
09/23/2020,"Central Virginia","Native American",3,0,0
09/23/2020,Chesterfield,"Native American",7,1,0
09/23/2020,Rappahannock,"Native American",6,0,0
09/23/2020,Loudoun,"Native American",5,0,0
09/23/2020,Alexandria,"Native American",4,0,0
09/23/2020,"Alleghany and Roanoke","Native American",1,0,0
09/23/2020,Crater,"Native American",5,0,0
09/23/2020,"Rappahannock Rapidan","Native American",1,0,0
09/23/2020,"Lord Fairfax","Native American",2,1,1
09/23/2020,"Pittsylvania-Danville and Southside","Native American",0,0,0
09/24/2020,"Rappahannock Rapidan","Not Reported",669,12,10
09/24/2020,Portsmouth,"Other Race",56,9,5
09/24/2020,"Western Tidewater","Two or more races",58,0,0
09/24/2020,Piedmont,White,538,52,25
09/24/2020,Chesterfield,Latino,1650,99,6
09/24/2020,Lenowisco,White,731,71,16
09/24/2020,Lenowisco,"Two or more races",2,0,0
09/24/2020,Hampton,"Not Reported",640,3,2
09/24/2020,Southside,"Not Reported",569,11,5
09/24/2020,Roanoke,Black,290,22,5
09/24/2020,Hampton,Black,754,44,16
09/24/2020,Alleghany,"Other Race",9,1,0
09/24/2020,Lenowisco,Latino,10,0,0
09/24/2020,Loudoun,"Other Race",201,16,2
09/24/2020,"Central Shenandoah",Latino,1106,57,6
09/24/2020,"Rappahannock Rapidan",Latino,797,62,7
09/24/2020,"Eastern Shore",Black,857,99,29
09/24/2020,Norfolk,Latino,337,23,0
09/24/2020,Hampton,"Two or more races",15,0,0
09/24/2020,Richmond,Black,1587,246,33
09/24/2020,Henrico,"Two or more races",46,1,0
09/24/2020,Fairfax,"Two or more races",95,5,0
09/24/2020,Alleghany,"Not Reported",431,1,0
09/24/2020,Portsmouth,"Not Reported",533,5,1
09/24/2020,"Cumberland Plateau","Other Race",4,1,0
09/24/2020,Southside,"Two or more races",27,0,0
09/24/2020,Portsmouth,White,334,43,9
09/24/2020,"Rappahannock Rapidan","Two or more races",36,3,1
09/24/2020,Fairfax,White,4027,502,311
09/24/2020,Fairfax,"Other Race",810,86,19
09/24/2020,Crater,"Two or more races",10,0,0
09/24/2020,"West Piedmont","Not Reported",413,28,3
09/24/2020,Henrico,"Other Race",155,13,0
09/24/2020,"Three Rivers",White,655,48,18
09/24/2020,"Central Virginia",Black,279,32,8
09/24/2020,Lenowisco,"Other Race",7,0,0
09/24/2020,"Three Rivers","Other Race",15,3,0
09/24/2020,"Western Tidewater",White,935,67,60
09/24/2020,"Mount Rogers",Black,63,8,3
09/24/2020,"Three Rivers","Not Reported",259,4,1
09/24/2020,"Thomas Jefferson",Black,493,68,16
09/24/2020,"Eastern Shore",White,254,27,18
09/24/2020,"Central Virginia",White,1016,62,20
09/24/2020,Lenowisco,Black,6,1,1
09/24/2020,"Central Virginia","Two or more races",9,0,0
09/24/2020,Richmond,"Two or more races",42,2,0
09/24/2020,Crater,"Not Reported",823,10,6
09/24/2020,Chesterfield,"Two or more races",30,4,0
09/24/2020,"New River",Latino,167,5,0
09/24/2020,Richmond,Latino,1327,111,8
09/24/2020,Portsmouth,Latino,76,11,1
09/24/2020,Pittsylvania-Danville,"Not Reported",689,9,0
09/24/2020,Chesapeake,"Not Reported",886,7,0
09/24/2020,Chickahominy,Latino,94,4,0
09/24/2020,Crater,Black,1998,198,63
09/24/2020,Chesterfield,Black,1131,118,30
09/24/2020,Chesterfield,"Other Race",159,11,0
09/24/2020,Peninsula,Black,1130,73,24
09/24/2020,Roanoke,White,339,16,14
09/24/2020,"New River",Black,176,5,0
09/24/2020,Southside,Latino,9,0,0
09/24/2020,Peninsula,Latino,339,20,1
09/24/2020,Rappahannock,"Two or more races",41,3,0
09/24/2020,"Virginia Beach",Black,1713,123,22
09/24/2020,"Mount Rogers","Not Reported",133,4,5
09/24/2020,Loudoun,"Not Reported",1950,5,0
09/24/2020,Chesapeake,"Other Race",61,5,1
09/24/2020,Chickahominy,"Two or more races",6,1,0
09/24/2020,Crater,"Other Race",42,0,0
09/24/2020,Norfolk,"Two or more races",52,2,0
09/24/2020,"Eastern Shore","Two or more races",1,1,0
09/24/2020,"Central Shenandoah",White,3019,184,58
09/24/2020,"New River","Other Race",14,0,0
09/24/2020,"New River",White,1828,38,19
09/24/2020,"Central Shenandoah","Other Race",80,2,0
09/24/2020,"West Piedmont",Black,458,83,12
09/24/2020,Alleghany,Latino,164,11,0
09/24/2020,"Central Shenandoah","Not Reported",686,4,1
09/24/2020,Roanoke,"Two or more races",7,2,0
09/24/2020,Peninsula,"Two or more races",54,3,0
09/24/2020,Richmond,"Not Reported",706,1,1
09/24/2020,Arlington,"Other Race",92,10,4
09/24/2020,Norfolk,"Not Reported",957,4,0
09/24/2020,Alexandria,"Other Race",82,8,3
09/24/2020,"Virginia Beach",White,2347,174,52
09/24/2020,Chesapeake,"Two or more races",45,3,1
09/24/2020,Alleghany,White,792,54,23
09/24/2020,"Rappahannock Rapidan","Other Race",37,3,0
09/24/2020,Chickahominy,"Not Reported",411,3,1
09/24/2020,Portsmouth,Black,1496,197,42
09/24/2020,Chickahominy,"Other Race",19,2,0
09/24/2020,"Virginia Beach",Latino,409,25,4
09/24/2020,Chesapeake,White,1289,131,29
09/24/2020,Southside,Black,477,43,19
09/24/2020,Rappahannock,Latino,1334,109,8
09/24/2020,"Three Rivers","Two or more races",7,0,0
09/24/2020,Henrico,Black,1691,204,86
09/24/2020,Pittsylvania-Danville,Black,595,74,17
09/24/2020,"Lord Fairfax","Two or more races",14,0,0
09/24/2020,"Prince William",Latino,6251,628,74
09/24/2020,"Mount Rogers","Other Race",9,2,2
09/24/2020,"Central Shenandoah",Black,217,11,4
09/24/2020,Peninsula,White,968,83,42
09/24/2020,"Eastern Shore","Not Reported",85,0,0
09/24/2020,"Thomas Jefferson","Other Race",155,3,1
09/24/2020,Hampton,"Other Race",53,2,1
09/24/2020,"Lord Fairfax","Not Reported",346,5,6
09/24/2020,"Central Virginia","Other Race",19,0,0
09/24/2020,"Western Tidewater","Other Race",78,1,2
09/24/2020,Crater,Latino,197,9,4
09/24/2020,Chesapeake,Latino,289,25,2
09/24/2020,Chesterfield,White,1498,120,77
09/24/2020,"Western Tidewater","Not Reported",937,7,5
09/24/2020,Fairfax,"Not Reported",2472,45,30
09/24/2020,Arlington,Black,402,84,33
09/24/2020,"Central Virginia",Latino,58,6,2
09/24/2020,Alexandria,"Not Reported",252,7,1
09/24/2020,"Three Rivers",Black,591,48,10
09/24/2020,"Prince William","Two or more races",90,1,0
09/24/2020,Loudoun,"Two or more races",53,2,0
09/24/2020,Peninsula,"Other Race",157,3,1
09/24/2020,"Thomas Jefferson",White,1508,79,48
09/24/2020,Norfolk,"Other Race",81,4,2
09/24/2020,"Prince William","Not Reported",4167,27,0
09/24/2020,"West Piedmont",White,864,115,45
09/24/2020,Rappahannock,Black,855,94,16
09/24/2020,Norfolk,Black,2391,255,53
09/24/2020,Roanoke,Latino,368,19,0
09/24/2020,Piedmont,Latino,74,8,2
09/24/2020,Roanoke,"Not Reported",585,2,3
09/24/2020,"Virginia Beach","Other Race",105,2,0
09/24/2020,Arlington,"Two or more races",39,3,0
09/24/2020,Alexandria,White,737,58,36
09/24/2020,"Lord Fairfax","Other Race",73,6,1
09/24/2020,"Thomas Jefferson","Not Reported",340,1,0
09/24/2020,"Virginia Beach","Not Reported",1819,12,2
09/24/2020,Loudoun,Black,316,32,6
09/24/2020,Pittsylvania-Danville,Latino,68,3,0
09/24/2020,"Cumberland Plateau","Not Reported",46,0,0
09/24/2020,Chesterfield,"Not Reported",1786,4,10
09/24/2020,"Mount Rogers",White,2179,215,94
09/24/2020,Richmond,White,737,44,15
09/24/2020,Lenowisco,"Not Reported",118,3,3
09/24/2020,"Three Rivers",Latino,155,5,1
09/24/2020,Piedmont,"Not Reported",788,10,4
09/24/2020,"Mount Rogers",Latino,289,6,0
09/24/2020,"Central Shenandoah","Two or more races",41,1,0
09/24/2020,Crater,White,796,56,29
09/24/2020,Arlington,White,1144,135,71
09/24/2020,Pittsylvania-Danville,"Other Race",1,0,0
09/24/2020,Chickahominy,Black,355,48,12
09/24/2020,Fairfax,Black,1705,247,66
09/24/2020,"Eastern Shore",Latino,260,11,3
09/24/2020,Norfolk,White,892,60,22
09/24/2020,"Mount Rogers","Two or more races",9,1,0
09/24/2020,Alleghany,"Two or more races",7,0,0
09/24/2020,Southside,White,282,29,19
09/24/2020,"Thomas Jefferson","Two or more races",54,1,0
09/24/2020,"Prince William",Black,1476,178,54
09/24/2020,"Lord Fairfax",White,1721,188,87
09/24/2020,"Cumberland Plateau",Latino,10,0,0
09/24/2020,Arlington,"Not Reported",341,2,1
09/24/2020,Rappahannock,"Other Race",126,4,0
09/24/2020,"Rappahannock Rapidan",Black,229,34,10
09/24/2020,"New River","Two or more races",32,0,0
09/24/2020,Arlington,Latino,1675,241,27
09/24/2020,Henrico,White,1457,135,105
09/24/2020,Loudoun,White,1610,122,90
09/24/2020,Hampton,White,260,10,4
09/24/2020,Alleghany,Black,93,7,3
09/24/2020,"Prince William",White,1724,178,89
09/24/2020,Rappahannock,White,1452,143,50
09/24/2020,Southside,"Other Race",14,1,1
09/24/2020,Portsmouth,"Two or more races",18,5,0
09/24/2020,"Western Tidewater",Black,1729,119,49
09/24/2020,Hampton,Latino,60,4,0
09/24/2020,Henrico,"Not Reported",937,5,4
09/24/2020,"West Piedmont","Two or more races",3,0,0
09/24/2020,Peninsula,"Not Reported",1639,3,0
09/24/2020,Loudoun,Latino,2197,196,15
09/24/2020,Alexandria,Black,781,97,17
09/24/2020,Piedmont,Black,535,60,17
09/24/2020,Roanoke,"Other Race",22,2,1
09/24/2020,Alexandria,"Two or more races",24,2,0
09/24/2020,"Western Tidewater",Latino,36,1,2
09/24/2020,Rappahannock,"Not Reported",1308,25,0
09/24/2020,"West Piedmont","Other Race",6,1,1
09/24/2020,Chickahominy,White,887,99,38
09/24/2020,"Thomas Jefferson",Latino,686,32,3
09/24/2020,"Cumberland Plateau",Black,45,0,0
09/24/2020,"Lord Fairfax",Latino,747,47,9
09/24/2020,"West Piedmont",Latino,259,10,1
09/24/2020,"Cumberland Plateau",White,649,53,10
09/24/2020,"Eastern Shore","Other Race",13,1,0
09/24/2020,"Cumberland Plateau","Two or more races",6,0,0
09/24/2020,Pittsylvania-Danville,"Two or more races",2,0,0
09/24/2020,Piedmont,"Other Race",9,0,0
09/24/2020,Alexandria,Latino,1743,134,11
09/24/2020,Chesapeake,Black,1611,216,32
09/24/2020,Richmond,"Other Race",133,9,3
09/24/2020,Henrico,Latino,869,55,11
09/24/2020,Piedmont,"Two or more races",4,2,0
09/24/2020,"Prince William","Other Race",450,16,1
09/24/2020,"New River","Not Reported",760,8,0
09/24/2020,"Rappahannock Rapidan",White,819,57,22
09/24/2020,"Central Virginia","Not Reported",1719,11,5
09/24/2020,"Virginia Beach","Two or more races",59,3,1
09/24/2020,Pittsylvania-Danville,White,472,50,19
09/24/2020,"Lord Fairfax",Black,143,19,6
09/24/2020,Fairfax,Latino,9822,1026,93
09/24/2020,Chesterfield,"Asian or Pacific Islander",80,4,1
09/24/2020,Crater,"Asian or Pacific Islander",18,0,0
09/24/2020,Fairfax,"Asian or Pacific Islander",1746,269,76
09/24/2020,Hampton,"Asian or Pacific Islander",14,0,0
09/24/2020,"Rappahannock Rapidan","Asian or Pacific Islander",10,1,0
09/24/2020,"Mount Rogers","Asian or Pacific Islander",3,1,0
09/24/2020,"New River","Asian or Pacific Islander",79,0,0
09/24/2020,"Central Virginia","Asian or Pacific Islander",15,1,0
09/24/2020,"Lord Fairfax","Asian or Pacific Islander",14,0,0
09/24/2020,Southside,"Asian or Pacific Islander",1,0,0
09/24/2020,Alleghany,"Asian or Pacific Islander",21,0,0
09/24/2020,Portsmouth,"Asian or Pacific Islander",22,2,0
09/24/2020,Roanoke,"Asian or Pacific Islander",28,2,0
09/24/2020,Richmond,"Asian or Pacific Islander",45,3,1
09/24/2020,"Thomas Jefferson","Asian or Pacific Islander",69,0,1
09/24/2020,"Virginia Beach","Asian or Pacific Islander",274,26,5
09/24/2020,Henrico,"Asian or Pacific Islander",205,11,4
09/24/2020,Piedmont,"Asian or Pacific Islander",9,0,1
09/24/2020,"Western Tidewater","Asian or Pacific Islander",20,2,3
09/24/2020,"West Piedmont","Asian or Pacific Islander",12,2,1
09/24/2020,Chickahominy,"Asian or Pacific Islander",16,1,0
09/24/2020,Peninsula,"Asian or Pacific Islander",43,4,5
09/24/2020,Norfolk,"Asian or Pacific Islander",62,7,0
09/24/2020,Arlington,"Asian or Pacific Islander",191,23,12
09/24/2020,Loudoun,"Asian or Pacific Islander",415,55,11
09/24/2020,Alexandria,"Asian or Pacific Islander",138,11,1
09/24/2020,Rappahannock,"Asian or Pacific Islander",88,10,2
09/24/2020,Chesapeake,"Asian or Pacific Islander",70,9,5
09/24/2020,"Cumberland Plateau and Lenowisco","Asian or Pacific Islander",1,0,0
09/24/2020,"Central Shenandoah","Asian or Pacific Islander",66,2,0
09/24/2020,"Prince William","Asian or Pacific Islander",586,57,15
09/24/2020,Pittsylvania-Danville,"Asian or Pacific Islander",3,0,0
09/24/2020,"Eastern Shore and Three Rivers","Asian or Pacific Islander",12,1,0
09/24/2020,Piedmont,"Native American",2,0,0
09/24/2020,"New River","Native American",1,0,0
09/24/2020,"Central Shenandoah","Native American",3,1,0
09/24/2020,"Eastern Shore and Three Rivers","Native American",1,0,0
09/24/2020,Fairfax,"Native American",33,1,1
09/24/2020,Chesapeake,"Native American",11,0,0
09/24/2020,"Western Tidewater","Native American",2,0,0
09/24/2020,Portsmouth,"Native American",4,2,0
09/24/2020,Richmond,"Native American",1,0,0
09/24/2020,Chickahominy,"Native American",6,1,0
09/24/2020,"Thomas Jefferson","Native American",2,0,0
09/24/2020,Arlington,"Native American",5,0,0
09/24/2020,"Virginia Beach","Native American",8,0,0
09/24/2020,Peninsula,"Native American",7,2,1
09/24/2020,Hampton,"Native American",4,0,1
09/24/2020,"West Piedmont","Native American",2,0,0
09/24/2020,"Cumberland Plateau, Lenowisco, and Mount Rogers","Native American",2,0,0
09/24/2020,Henrico,"Native American",11,0,0
09/24/2020,Norfolk,"Native American",9,1,1
09/24/2020,"Prince William","Native American",23,1,1
09/24/2020,"Central Virginia","Native American",3,0,0
09/24/2020,Chesterfield,"Native American",7,1,0
09/24/2020,Rappahannock,"Native American",6,0,0
09/24/2020,Loudoun,"Native American",5,0,0
09/24/2020,Alexandria,"Native American",4,0,0
09/24/2020,"Alleghany and Roanoke","Native American",1,0,0
09/24/2020,Crater,"Native American",5,0,0
09/24/2020,"Rappahannock Rapidan","Native American",1,0,0
09/24/2020,"Lord Fairfax","Native American",2,1,1
09/24/2020,"Pittsylvania-Danville and Southside","Native American",0,0,0
09/25/2020,"Rappahannock Rapidan","Not Reported",669,12,10
09/25/2020,Portsmouth,"Other Race",56,9,5
09/25/2020,"Western Tidewater","Two or more races",58,0,0
09/25/2020,Piedmont,White,539,52,25
09/25/2020,Chesterfield,Latino,1693,99,6
09/25/2020,Lenowisco,White,738,71,16
09/25/2020,Lenowisco,"Two or more races",2,0,0
09/25/2020,Hampton,"Not Reported",638,3,2
09/25/2020,Southside,"Not Reported",584,11,5
09/25/2020,Roanoke,Black,302,22,5
09/25/2020,Hampton,Black,757,46,16
09/25/2020,Alleghany,"Other Race",9,1,0
09/25/2020,Lenowisco,Latino,10,0,0
09/25/2020,Loudoun,"Other Race",199,16,2
09/25/2020,"Central Shenandoah",Latino,1109,57,6
09/25/2020,"Rappahannock Rapidan",Latino,801,62,7
09/25/2020,"Eastern Shore",Black,857,99,29
09/25/2020,Norfolk,Latino,337,23,0
09/25/2020,Hampton,"Two or more races",15,0,0
09/25/2020,Richmond,Black,1592,245,33
09/25/2020,Henrico,"Two or more races",45,1,0
09/25/2020,Fairfax,"Two or more races",97,5,0
09/25/2020,Alleghany,"Not Reported",438,1,0
09/25/2020,Portsmouth,"Not Reported",535,5,1
09/25/2020,"Cumberland Plateau","Other Race",4,1,0
09/25/2020,Southside,"Two or more races",27,0,0
09/25/2020,Portsmouth,White,336,43,9
09/25/2020,"Rappahannock Rapidan","Two or more races",36,3,1
09/25/2020,Fairfax,White,4068,501,312
09/25/2020,Fairfax,"Other Race",814,86,19
09/25/2020,Crater,"Two or more races",10,0,0
09/25/2020,"West Piedmont","Not Reported",409,28,3
09/25/2020,Henrico,"Other Race",156,13,0
09/25/2020,"Three Rivers",White,663,50,18
09/25/2020,"Central Virginia",Black,287,32,8
09/25/2020,Lenowisco,"Other Race",8,0,0
09/25/2020,"Three Rivers","Other Race",15,3,0
09/25/2020,"Western Tidewater",White,946,67,60
09/25/2020,"Mount Rogers",Black,63,8,3
09/25/2020,"Three Rivers","Not Reported",262,4,1
09/25/2020,"Thomas Jefferson",Black,497,69,16
09/25/2020,"Eastern Shore",White,258,27,18
09/25/2020,"Central Virginia",White,1051,68,22
09/25/2020,Lenowisco,Black,6,1,1
09/25/2020,"Central Virginia","Two or more races",9,0,0
09/25/2020,Richmond,"Two or more races",42,2,0
09/25/2020,Crater,"Not Reported",823,10,6
09/25/2020,Chesterfield,"Two or more races",31,4,0
09/25/2020,"New River",Latino,168,5,0
09/25/2020,Richmond,Latino,1329,111,8
09/25/2020,Portsmouth,Latino,76,11,1
09/25/2020,Pittsylvania-Danville,"Not Reported",690,9,0
09/25/2020,Chesapeake,"Not Reported",876,7,0
09/25/2020,Chickahominy,Latino,94,4,0
09/25/2020,Crater,Black,2008,198,64
09/25/2020,Chesterfield,Black,1151,118,30
09/25/2020,Chesterfield,"Other Race",155,11,0
09/25/2020,Peninsula,Black,1133,73,24
09/25/2020,Roanoke,White,341,16,14
09/25/2020,"New River",Black,181,5,0
09/25/2020,Southside,Latino,9,0,0
09/25/2020,Peninsula,Latino,339,20,1
09/25/2020,Rappahannock,"Two or more races",42,3,0
09/25/2020,"Virginia Beach",Black,1719,124,22
09/25/2020,"Mount Rogers","Not Reported",134,4,5
09/25/2020,Loudoun,"Not Reported",1954,5,0
09/25/2020,Chesapeake,"Other Race",60,5,1
09/25/2020,Chickahominy,"Two or more races",6,1,0
09/25/2020,Crater,"Other Race",45,0,0
09/25/2020,Norfolk,"Two or more races",52,2,0
09/25/2020,"Eastern Shore","Two or more races",1,1,0
09/25/2020,"Central Shenandoah",White,3044,187,58
09/25/2020,"New River","Other Race",14,0,0
09/25/2020,"New River",White,1867,39,19
09/25/2020,"Central Shenandoah","Other Race",80,2,0
09/25/2020,"West Piedmont",Black,460,85,12
09/25/2020,Alleghany,Latino,164,11,0
09/25/2020,"Central Shenandoah","Not Reported",691,4,1
09/25/2020,Roanoke,"Two or more races",8,2,0
09/25/2020,Peninsula,"Two or more races",54,3,0
09/25/2020,Richmond,"Not Reported",709,1,1
09/25/2020,Arlington,"Other Race",94,10,4
09/25/2020,Norfolk,"Not Reported",957,4,0
09/25/2020,Alexandria,"Other Race",84,8,3
09/25/2020,"Virginia Beach",White,2376,175,54
09/25/2020,Chesapeake,"Two or more races",45,3,1
09/25/2020,Alleghany,White,803,55,23
09/25/2020,"Rappahannock Rapidan","Other Race",37,3,0
09/25/2020,Chickahominy,"Not Reported",417,3,1
09/25/2020,Portsmouth,Black,1500,197,42
09/25/2020,Chickahominy,"Other Race",19,2,0
09/25/2020,"Virginia Beach",Latino,411,25,4
09/25/2020,Chesapeake,White,1299,133,29
09/25/2020,Southside,Black,484,43,19
09/25/2020,Rappahannock,Latino,1333,109,8
09/25/2020,"Three Rivers","Two or more races",7,0,0
09/25/2020,Henrico,Black,1701,206,87
09/25/2020,Pittsylvania-Danville,Black,600,74,17
09/25/2020,"Lord Fairfax","Two or more races",14,0,0
09/25/2020,"Prince William",Latino,6280,629,74
09/25/2020,"Mount Rogers","Other Race",9,2,2
09/25/2020,"Central Shenandoah",Black,219,11,4
09/25/2020,Peninsula,White,973,83,43
09/25/2020,"Eastern Shore","Not Reported",84,0,0
09/25/2020,"Thomas Jefferson","Other Race",157,3,1
09/25/2020,Hampton,"Other Race",54,2,1
09/25/2020,"Lord Fairfax","Not Reported",346,5,6
09/25/2020,"Central Virginia","Other Race",19,0,0
09/25/2020,"Western Tidewater","Other Race",80,1,2
09/25/2020,Crater,Latino,198,9,4
09/25/2020,Chesapeake,Latino,289,25,2
09/25/2020,Chesterfield,White,1537,120,77
09/25/2020,"Western Tidewater","Not Reported",954,7,5
09/25/2020,Fairfax,"Not Reported",2463,43,30
09/25/2020,Arlington,Black,402,84,33
09/25/2020,"Central Virginia",Latino,61,6,2
09/25/2020,Alexandria,"Not Reported",255,7,1
09/25/2020,"Three Rivers",Black,603,49,10
09/25/2020,"Prince William","Two or more races",91,1,0
09/25/2020,Loudoun,"Two or more races",53,2,0
09/25/2020,Peninsula,"Other Race",157,3,1
09/25/2020,"Thomas Jefferson",White,1546,79,48
09/25/2020,Norfolk,"Other Race",82,4,2
09/25/2020,"Prince William","Not Reported",4192,28,0
09/25/2020,"West Piedmont",White,878,115,45
09/25/2020,Rappahannock,Black,855,93,16
09/25/2020,Norfolk,Black,2406,259,53
09/25/2020,Roanoke,Latino,371,19,0
09/25/2020,Piedmont,Latino,74,8,2
09/25/2020,Roanoke,"Not Reported",583,2,3
09/25/2020,"Virginia Beach","Other Race",105,2,0
09/25/2020,Arlington,"Two or more races",40,3,0
09/25/2020,Alexandria,White,742,58,36
09/25/2020,"Lord Fairfax","Other Race",73,6,1
09/25/2020,"Thomas Jefferson","Not Reported",341,1,0
09/25/2020,"Virginia Beach","Not Reported",1824,12,2
09/25/2020,Loudoun,Black,316,32,6
09/25/2020,Pittsylvania-Danville,Latino,68,3,0
09/25/2020,"Cumberland Plateau","Not Reported",40,0,0
09/25/2020,Chesterfield,"Not Reported",1732,4,10
09/25/2020,"Mount Rogers",White,2194,217,100
09/25/2020,Richmond,White,745,45,15
09/25/2020,Lenowisco,"Not Reported",118,3,3
09/25/2020,"Three Rivers",Latino,156,5,1
09/25/2020,Piedmont,"Not Reported",786,10,4
09/25/2020,"Mount Rogers",Latino,289,6,0
09/25/2020,"Central Shenandoah","Two or more races",41,1,0
09/25/2020,Crater,White,800,56,29
09/25/2020,Arlington,White,1154,135,71
09/25/2020,Pittsylvania-Danville,"Other Race",1,0,0
09/25/2020,Chickahominy,Black,360,48,12
09/25/2020,Fairfax,Black,1710,246,66
09/25/2020,"Eastern Shore",Latino,260,11,3
09/25/2020,Norfolk,White,895,61,22
09/25/2020,"Mount Rogers","Two or more races",9,1,0
09/25/2020,Alleghany,"Two or more races",7,0,0
09/25/2020,Southside,White,285,29,19
09/25/2020,"Thomas Jefferson","Two or more races",54,1,0
09/25/2020,"Prince William",Black,1483,178,54
09/25/2020,"Lord Fairfax",White,1729,188,88
09/25/2020,"Cumberland Plateau",Latino,10,0,0
09/25/2020,Arlington,"Not Reported",339,2,1
09/25/2020,Rappahannock,"Other Race",126,4,0
09/25/2020,"Rappahannock Rapidan",Black,231,34,10
09/25/2020,"New River","Two or more races",32,0,0
09/25/2020,Arlington,Latino,1681,241,27
09/25/2020,Henrico,White,1472,136,105
09/25/2020,Loudoun,White,1619,122,90
09/25/2020,Hampton,White,261,10,4
09/25/2020,Alleghany,Black,100,7,3
09/25/2020,"Prince William",White,1739,178,90
09/25/2020,Rappahannock,White,1465,143,49
09/25/2020,Southside,"Other Race",14,1,1
09/25/2020,Portsmouth,"Two or more races",18,5,0
09/25/2020,"Western Tidewater",Black,1747,120,51
09/25/2020,Hampton,Latino,60,4,0
09/25/2020,Henrico,"Not Reported",938,5,4
09/25/2020,"West Piedmont","Two or more races",3,0,0
09/25/2020,Peninsula,"Not Reported",1643,3,0
09/25/2020,Loudoun,Latino,2210,196,15
09/25/2020,Alexandria,Black,781,98,17
09/25/2020,Piedmont,Black,538,60,17
09/25/2020,Roanoke,"Other Race",22,2,1
09/25/2020,Alexandria,"Two or more races",25,2,0
09/25/2020,"Western Tidewater",Latino,40,1,2
09/25/2020,Rappahannock,"Not Reported",1314,25,0
09/25/2020,"West Piedmont","Other Race",6,1,1
09/25/2020,Chickahominy,White,906,102,39
09/25/2020,"Thomas Jefferson",Latino,688,32,3
09/25/2020,"Cumberland Plateau",Black,45,0,0
09/25/2020,"Lord Fairfax",Latino,751,47,9
09/25/2020,"West Piedmont",Latino,261,10,1
09/25/2020,"Cumberland Plateau",White,667,53,10
09/25/2020,"Eastern Shore","Other Race",13,1,0
09/25/2020,"Cumberland Plateau","Two or more races",6,0,0
09/25/2020,Pittsylvania-Danville,"Two or more races",2,0,0
09/25/2020,Piedmont,"Other Race",9,0,0
09/25/2020,Alexandria,Latino,1751,134,11
09/25/2020,Chesapeake,Black,1620,220,33
09/25/2020,Richmond,"Other Race",132,9,3
09/25/2020,Henrico,Latino,871,55,11
09/25/2020,Piedmont,"Two or more races",4,2,0
09/25/2020,"Prince William","Other Race",450,16,1
09/25/2020,"New River","Not Reported",784,8,0
09/25/2020,"Rappahannock Rapidan",White,820,57,23
09/25/2020,"Central Virginia","Not Reported",1707,11,5
09/25/2020,"Virginia Beach","Two or more races",59,4,1
09/25/2020,Pittsylvania-Danville,White,481,50,19
09/25/2020,"Lord Fairfax",Black,143,19,6
09/25/2020,Fairfax,Latino,9872,1021,96
09/25/2020,Chesterfield,"Asian or Pacific Islander",82,4,1
09/25/2020,Crater,"Asian or Pacific Islander",19,0,0
09/25/2020,Fairfax,"Asian or Pacific Islander",1775,270,76
09/25/2020,Hampton,"Asian or Pacific Islander",14,0,0
09/25/2020,"Rappahannock Rapidan","Asian or Pacific Islander",10,1,0
09/25/2020,"Mount Rogers","Asian or Pacific Islander",3,1,0
09/25/2020,"New River","Asian or Pacific Islander",81,0,0
09/25/2020,"Central Virginia","Asian or Pacific Islander",15,1,0
09/25/2020,"Lord Fairfax","Asian or Pacific Islander",14,0,0
09/25/2020,Southside,"Asian or Pacific Islander",1,0,0
09/25/2020,Alleghany,"Asian or Pacific Islander",21,0,0
09/25/2020,Portsmouth,"Asian or Pacific Islander",22,2,0
09/25/2020,Roanoke,"Asian or Pacific Islander",28,2,0
09/25/2020,Richmond,"Asian or Pacific Islander",45,3,1
09/25/2020,"Thomas Jefferson","Asian or Pacific Islander",70,0,1
09/25/2020,"Virginia Beach","Asian or Pacific Islander",274,27,5
09/25/2020,Henrico,"Asian or Pacific Islander",205,11,4
09/25/2020,Piedmont,"Asian or Pacific Islander",9,0,1
09/25/2020,"Western Tidewater","Asian or Pacific Islander",20,2,3
09/25/2020,"West Piedmont","Asian or Pacific Islander",12,2,1
09/25/2020,Chickahominy,"Asian or Pacific Islander",16,1,0
09/25/2020,Peninsula,"Asian or Pacific Islander",43,4,5
09/25/2020,Norfolk,"Asian or Pacific Islander",62,7,0
09/25/2020,Arlington,"Asian or Pacific Islander",194,23,12
09/25/2020,Loudoun,"Asian or Pacific Islander",418,55,11
09/25/2020,Alexandria,"Asian or Pacific Islander",138,11,1
09/25/2020,Rappahannock,"Asian or Pacific Islander",88,10,2
09/25/2020,Chesapeake,"Asian or Pacific Islander",71,9,5
09/25/2020,"Cumberland Plateau and Lenowisco","Asian or Pacific Islander",1,0,0
09/25/2020,"Central Shenandoah","Asian or Pacific Islander",68,2,0
09/25/2020,"Prince William","Asian or Pacific Islander",587,57,15
09/25/2020,Pittsylvania-Danville,"Asian or Pacific Islander",3,0,0
09/25/2020,"Eastern Shore and Three Rivers","Asian or Pacific Islander",12,1,0
09/25/2020,Piedmont,"Native American",2,0,0
09/25/2020,"New River","Native American",1,0,0
09/25/2020,"Central Shenandoah","Native American",3,1,0
09/25/2020,"Eastern Shore and Three Rivers","Native American",1,0,0
09/25/2020,Fairfax,"Native American",33,1,1
09/25/2020,Chesapeake,"Native American",11,0,0
09/25/2020,"Western Tidewater","Native American",2,0,0
09/25/2020,Portsmouth,"Native American",4,2,0
09/25/2020,Richmond,"Native American",1,0,0
09/25/2020,Chickahominy,"Native American",6,1,0
09/25/2020,"Thomas Jefferson","Native American",2,0,0
09/25/2020,Arlington,"Native American",5,0,0
09/25/2020,"Virginia Beach","Native American",8,0,0
09/25/2020,Peninsula,"Native American",7,2,1
09/25/2020,Hampton,"Native American",4,0,1
09/25/2020,"West Piedmont","Native American",2,0,0
09/25/2020,"Cumberland Plateau, Lenowisco, and Mount Rogers","Native American",2,0,0
09/25/2020,Henrico,"Native American",11,0,0
09/25/2020,Norfolk,"Native American",9,1,1
09/25/2020,"Prince William","Native American",24,1,1
09/25/2020,"Central Virginia","Native American",3,0,0
09/25/2020,Chesterfield,"Native American",7,1,0
09/25/2020,Rappahannock,"Native American",6,0,0
09/25/2020,Loudoun,"Native American",5,0,0
09/25/2020,Alexandria,"Native American",4,0,0
09/25/2020,"Alleghany and Roanoke","Native American",1,0,0
09/25/2020,Crater,"Native American",5,0,0
09/25/2020,"Rappahannock Rapidan","Native American",1,0,0
09/25/2020,"Lord Fairfax","Native American",2,1,1
09/25/2020,"Pittsylvania-Danville and Southside","Native American",0,0,0
09/26/2020,"Rappahannock Rapidan","Not Reported",670,12,10
09/26/2020,Portsmouth,"Other Race",56,9,5
09/26/2020,"Western Tidewater","Two or more races",58,0,0
09/26/2020,Piedmont,White,549,53,25
09/26/2020,Chesterfield,Latino,1734,100,6
09/26/2020,Lenowisco,White,745,71,16
09/26/2020,Lenowisco,"Two or more races",2,0,0
09/26/2020,Hampton,"Not Reported",638,3,2
09/26/2020,Southside,"Not Reported",592,11,5
09/26/2020,Roanoke,Black,314,22,5
09/26/2020,Hampton,Black,762,46,16
09/26/2020,Alleghany,"Other Race",9,1,0
09/26/2020,Lenowisco,Latino,11,0,0
09/26/2020,Loudoun,"Other Race",201,16,2
09/26/2020,"Central Shenandoah",Latino,1116,57,6
09/26/2020,"Rappahannock Rapidan",Latino,804,62,7
09/26/2020,"Eastern Shore",Black,857,99,29
09/26/2020,Norfolk,Latino,337,24,0
09/26/2020,Hampton,"Two or more races",15,0,0
09/26/2020,Richmond,Black,1606,245,33
09/26/2020,Henrico,"Two or more races",46,2,0
09/26/2020,Fairfax,"Two or more races",98,5,0
09/26/2020,Alleghany,"Not Reported",441,1,0
09/26/2020,Portsmouth,"Not Reported",535,5,1
09/26/2020,"Cumberland Plateau","Other Race",4,1,0
09/26/2020,Southside,"Two or more races",27,0,0
09/26/2020,Portsmouth,White,336,43,9
09/26/2020,"Rappahannock Rapidan","Two or more races",37,3,1
09/26/2020,Fairfax,White,4094,505,312
09/26/2020,Fairfax,"Other Race",814,85,19
09/26/2020,Crater,"Two or more races",10,0,0
09/26/2020,"West Piedmont","Not Reported",409,28,4
09/26/2020,Henrico,"Other Race",160,13,0
09/26/2020,"Three Rivers",White,689,50,18
09/26/2020,"Central Virginia",Black,294,32,8
09/26/2020,Lenowisco,"Other Race",8,0,0
09/26/2020,"Three Rivers","Other Race",15,3,0
09/26/2020,"Western Tidewater",White,957,67,60
09/26/2020,"Mount Rogers",Black,64,8,3
09/26/2020,"Three Rivers","Not Reported",261,4,1
09/26/2020,"Thomas Jefferson",Black,502,69,16
09/26/2020,"Eastern Shore",White,259,27,18
09/26/2020,"Central Virginia",White,1097,70,22
09/26/2020,Lenowisco,Black,6,1,1
09/26/2020,"Central Virginia","Two or more races",9,0,0
09/26/2020,Richmond,"Two or more races",42,2,0
09/26/2020,Crater,"Not Reported",820,10,6
09/26/2020,Chesterfield,"Two or more races",34,4,0
09/26/2020,"New River",Latino,169,5,0
09/26/2020,Richmond,Latino,1331,111,8
09/26/2020,Portsmouth,Latino,76,11,1
09/26/2020,Pittsylvania-Danville,"Not Reported",696,10,0
09/26/2020,Chesapeake,"Not Reported",865,7,0
09/26/2020,Chickahominy,Latino,95,4,0
09/26/2020,Crater,Black,2011,198,64
09/26/2020,Chesterfield,Black,1158,120,30
09/26/2020,Chesterfield,"Other Race",145,11,0
09/26/2020,Peninsula,Black,1137,73,24
09/26/2020,Roanoke,White,354,16,15
09/26/2020,"New River",Black,182,5,0
09/26/2020,Southside,Latino,9,0,0
09/26/2020,Peninsula,Latino,341,21,1
09/26/2020,Rappahannock,"Two or more races",42,3,0
09/26/2020,"Virginia Beach",Black,1722,126,23
09/26/2020,"Mount Rogers","Not Reported",134,4,5
09/26/2020,Loudoun,"Not Reported",1945,5,0
09/26/2020,Chesapeake,"Other Race",60,5,1
09/26/2020,Chickahominy,"Two or more races",6,1,0
09/26/2020,Crater,"Other Race",46,0,0
09/26/2020,Norfolk,"Two or more races",53,2,0
09/26/2020,"Eastern Shore","Two or more races",1,1,0
09/26/2020,"Central Shenandoah",White,3091,188,59
09/26/2020,"New River","Other Race",14,0,0
09/26/2020,"New River",White,1887,40,19
09/26/2020,"Central Shenandoah","Other Race",81,2,0
09/26/2020,"West Piedmont",Black,463,85,12
09/26/2020,Alleghany,Latino,167,12,0
09/26/2020,"Central Shenandoah","Not Reported",706,4,1
09/26/2020,Roanoke,"Two or more races",8,2,0
09/26/2020,Peninsula,"Two or more races",54,3,0
09/26/2020,Richmond,"Not Reported",711,1,1
09/26/2020,Arlington,"Other Race",93,10,4
09/26/2020,Norfolk,"Not Reported",961,4,0
09/26/2020,Alexandria,"Other Race",84,8,3
09/26/2020,"Virginia Beach",White,2391,178,54
09/26/2020,Chesapeake,"Two or more races",45,3,1
09/26/2020,Alleghany,White,817,55,23
09/26/2020,"Rappahannock Rapidan","Other Race",37,3,0
09/26/2020,Chickahominy,"Not Reported",418,3,1
09/26/2020,Portsmouth,Black,1507,198,43
09/26/2020,Chickahominy,"Other Race",19,2,0
09/26/2020,"Virginia Beach",Latino,414,25,4
09/26/2020,Chesapeake,White,1316,135,29
09/26/2020,Southside,Black,490,43,19
09/26/2020,Rappahannock,Latino,1337,109,8
09/26/2020,"Three Rivers","Two or more races",7,0,0
09/26/2020,Henrico,Black,1720,208,87
09/26/2020,Pittsylvania-Danville,Black,604,74,17
09/26/2020,"Lord Fairfax","Two or more races",14,0,0
09/26/2020,"Prince William",Latino,6305,631,75
09/26/2020,"Mount Rogers","Other Race",9,2,2
09/26/2020,"Central Shenandoah",Black,222,11,4
09/26/2020,Peninsula,White,980,83,43
09/26/2020,"Eastern Shore","Not Reported",86,0,0
09/26/2020,"Thomas Jefferson","Other Race",159,3,1
09/26/2020,Hampton,"Other Race",55,2,1
09/26/2020,"Lord Fairfax","Not Reported",349,5,6
09/26/2020,"Central Virginia","Other Race",21,0,0
09/26/2020,"Western Tidewater","Other Race",80,1,2
09/26/2020,Crater,Latino,199,9,4
09/26/2020,Chesapeake,Latino,291,25,2
09/26/2020,Chesterfield,White,1568,125,77
09/26/2020,"Western Tidewater","Not Reported",960,7,5
09/26/2020,Fairfax,"Not Reported",2444,44,30
09/26/2020,Arlington,Black,402,84,33
09/26/2020,"Central Virginia",Latino,61,6,2
09/26/2020,Alexandria,"Not Reported",260,7,1
09/26/2020,"Three Rivers",Black,624,49,10
09/26/2020,"Prince William","Two or more races",92,1,0
09/26/2020,Loudoun,"Two or more races",53,2,0
09/26/2020,Peninsula,"Other Race",158,3,1
09/26/2020,"Thomas Jefferson",White,1594,79,48
09/26/2020,Norfolk,"Other Race",84,4,2
09/26/2020,"Prince William","Not Reported",4214,28,0
09/26/2020,"West Piedmont",White,884,117,46
09/26/2020,Rappahannock,Black,862,93,16
09/26/2020,Norfolk,Black,2416,260,53
09/26/2020,Roanoke,Latino,377,19,0
09/26/2020,Piedmont,Latino,74,8,2
09/26/2020,Roanoke,"Not Reported",590,2,2
09/26/2020,"Virginia Beach","Other Race",104,2,0
09/26/2020,Arlington,"Two or more races",41,3,0
09/26/2020,Alexandria,White,742,58,36
09/26/2020,"Lord Fairfax","Other Race",73,6,1
09/26/2020,"Thomas Jefferson","Not Reported",348,1,0
09/26/2020,"Virginia Beach","Not Reported",1835,12,2
09/26/2020,Loudoun,Black,319,33,6
09/26/2020,Pittsylvania-Danville,Latino,69,3,0
09/26/2020,"Cumberland Plateau","Not Reported",46,1,0
09/26/2020,Chesterfield,"Not Reported",1693,4,10
09/26/2020,"Mount Rogers",White,2226,219,100
09/26/2020,Richmond,White,756,45,15
09/26/2020,Lenowisco,"Not Reported",120,3,3
09/26/2020,"Three Rivers",Latino,157,5,1
09/26/2020,Piedmont,"Not Reported",784,11,4
09/26/2020,"Mount Rogers",Latino,292,6,0
09/26/2020,"Central Shenandoah","Two or more races",41,1,0
09/26/2020,Crater,White,804,57,29
09/26/2020,Arlington,White,1166,135,72
09/26/2020,Pittsylvania-Danville,"Other Race",1,0,0
09/26/2020,Chickahominy,Black,359,48,12
09/26/2020,Fairfax,Black,1712,247,66
09/26/2020,"Eastern Shore",Latino,260,11,3
09/26/2020,Norfolk,White,899,61,22
09/26/2020,"Mount Rogers","Two or more races",9,1,0
09/26/2020,Alleghany,"Two or more races",8,0,0
09/26/2020,Southside,White,287,29,19
09/26/2020,"Thomas Jefferson","Two or more races",54,1,0
09/26/2020,"Prince William",Black,1492,178,54
09/26/2020,"Lord Fairfax",White,1735,188,88
09/26/2020,"Cumberland Plateau",Latino,12,0,0
09/26/2020,Arlington,"Not Reported",341,2,1
09/26/2020,Rappahannock,"Other Race",129,4,0
09/26/2020,"Rappahannock Rapidan",Black,233,34,10
09/26/2020,"New River","Two or more races",33,0,0
09/26/2020,Arlington,Latino,1694,241,27
09/26/2020,Henrico,White,1471,137,105
09/26/2020,Loudoun,White,1628,122,90
09/26/2020,Hampton,White,261,10,4
09/26/2020,Alleghany,Black,106,7,3
09/26/2020,"Prince William",White,1747,178,90
09/26/2020,Rappahannock,White,1468,144,49
09/26/2020,Southside,"Other Race",14,1,1
09/26/2020,Portsmouth,"Two or more races",18,5,0
09/26/2020,"Western Tidewater",Black,1755,121,51
09/26/2020,Hampton,Latino,60,4,0
09/26/2020,Henrico,"Not Reported",945,5,4
09/26/2020,"West Piedmont","Two or more races",3,0,0
09/26/2020,Peninsula,"Not Reported",1644,3,0
09/26/2020,Loudoun,Latino,2221,196,15
09/26/2020,Alexandria,Black,787,98,17
09/26/2020,Piedmont,Black,546,61,17
09/26/2020,Roanoke,"Other Race",22,2,1
09/26/2020,Alexandria,"Two or more races",25,2,0
09/26/2020,"Western Tidewater",Latino,40,1,2
09/26/2020,Rappahannock,"Not Reported",1321,25,0
09/26/2020,"West Piedmont","Other Race",6,1,1
09/26/2020,Chickahominy,White,911,103,39
09/26/2020,"Thomas Jefferson",Latino,690,32,3
09/26/2020,"Cumberland Plateau",Black,45,0,0
09/26/2020,"Lord Fairfax",Latino,758,48,9
09/26/2020,"West Piedmont",Latino,261,10,1
09/26/2020,"Cumberland Plateau",White,680,53,10
09/26/2020,"Eastern Shore","Other Race",13,1,0
09/26/2020,"Cumberland Plateau","Two or more races",6,0,0
09/26/2020,Pittsylvania-Danville,"Two or more races",2,0,0
09/26/2020,Piedmont,"Other Race",10,0,0
09/26/2020,Alexandria,Latino,1765,135,11
09/26/2020,Chesapeake,Black,1636,223,33
09/26/2020,Richmond,"Other Race",133,9,3
09/26/2020,Henrico,Latino,873,55,11
09/26/2020,Piedmont,"Two or more races",4,2,0
09/26/2020,"Prince William","Other Race",458,16,1
09/26/2020,"New River","Not Reported",803,8,0
09/26/2020,"Rappahannock Rapidan",White,825,57,23
09/26/2020,"Central Virginia","Not Reported",1701,11,5
09/26/2020,"Virginia Beach","Two or more races",61,4,1
09/26/2020,Pittsylvania-Danville,White,487,51,19
09/26/2020,"Lord Fairfax",Black,144,19,6
09/26/2020,Fairfax,Latino,9908,1022,97
09/26/2020,Chesterfield,"Asian or Pacific Islander",83,4,1
09/26/2020,Crater,"Asian or Pacific Islander",20,0,0
09/26/2020,Fairfax,"Asian or Pacific Islander",1789,271,76
09/26/2020,Hampton,"Asian or Pacific Islander",14,0,0
09/26/2020,"Rappahannock Rapidan","Asian or Pacific Islander",10,1,0
09/26/2020,"Mount Rogers","Asian or Pacific Islander",3,1,0
09/26/2020,"New River","Asian or Pacific Islander",81,0,0
09/26/2020,"Central Virginia","Asian or Pacific Islander",15,1,0
09/26/2020,"Lord Fairfax","Asian or Pacific Islander",14,0,0
09/26/2020,Southside,"Asian or Pacific Islander",1,0,0
09/26/2020,Alleghany,"Asian or Pacific Islander",21,0,0
09/26/2020,Portsmouth,"Asian or Pacific Islander",23,2,0
09/26/2020,Roanoke,"Asian or Pacific Islander",28,2,0
09/26/2020,Richmond,"Asian or Pacific Islander",45,3,1
09/26/2020,"Thomas Jefferson","Asian or Pacific Islander",70,0,1
09/26/2020,"Virginia Beach","Asian or Pacific Islander",274,27,5
09/26/2020,Henrico,"Asian or Pacific Islander",209,11,4
09/26/2020,Piedmont,"Asian or Pacific Islander",9,0,1
09/26/2020,"Western Tidewater","Asian or Pacific Islander",21,2,3
09/26/2020,"West Piedmont","Asian or Pacific Islander",12,2,1
09/26/2020,Chickahominy,"Asian or Pacific Islander",16,1,0
09/26/2020,Peninsula,"Asian or Pacific Islander",44,4,5
09/26/2020,Norfolk,"Asian or Pacific Islander",63,7,0
09/26/2020,Arlington,"Asian or Pacific Islander",193,23,12
09/26/2020,Loudoun,"Asian or Pacific Islander",420,55,11
09/26/2020,Alexandria,"Asian or Pacific Islander",137,11,1
09/26/2020,Rappahannock,"Asian or Pacific Islander",88,10,2
09/26/2020,Chesapeake,"Asian or Pacific Islander",71,9,5
09/26/2020,"Cumberland Plateau and Lenowisco","Asian or Pacific Islander",1,0,0
09/26/2020,"Central Shenandoah","Asian or Pacific Islander",68,2,0
09/26/2020,"Prince William","Asian or Pacific Islander",590,57,15
09/26/2020,Pittsylvania-Danville,"Asian or Pacific Islander",3,0,0
09/26/2020,"Eastern Shore and Three Rivers","Asian or Pacific Islander",12,1,0
09/26/2020,Piedmont,"Native American",2,0,0
09/26/2020,"New River","Native American",1,0,0
09/26/2020,"Central Shenandoah","Native American",3,1,0
09/26/2020,"Eastern Shore and Three Rivers","Native American",1,0,0
09/26/2020,Fairfax,"Native American",34,1,1
09/26/2020,Chesapeake,"Native American",12,0,0
09/26/2020,"Western Tidewater","Native American",2,0,0
09/26/2020,Portsmouth,"Native American",4,2,0
09/26/2020,Richmond,"Native American",1,0,0
09/26/2020,Chickahominy,"Native American",6,1,0
09/26/2020,"Thomas Jefferson","Native American",2,0,0
09/26/2020,Arlington,"Native American",5,0,0
09/26/2020,"Virginia Beach","Native American",8,0,0
09/26/2020,Peninsula,"Native American",7,2,1
09/26/2020,Hampton,"Native American",4,0,1
09/26/2020,"West Piedmont","Native American",2,0,0
09/26/2020,"Cumberland Plateau, Lenowisco, and Mount Rogers","Native American",2,0,0
09/26/2020,Henrico,"Native American",10,0,0
09/26/2020,Norfolk,"Native American",9,1,1
09/26/2020,"Prince William","Native American",24,1,1
09/26/2020,"Central Virginia","Native American",3,0,0
09/26/2020,Chesterfield,"Native American",7,1,0
09/26/2020,Rappahannock,"Native American",6,0,0
09/26/2020,Loudoun,"Native American",5,0,0
09/26/2020,Alexandria,"Native American",4,0,0
09/26/2020,"Alleghany and Roanoke","Native American",1,0,0
09/26/2020,Crater,"Native American",5,0,0
09/26/2020,"Rappahannock Rapidan","Native American",1,0,0
09/26/2020,"Lord Fairfax","Native American",2,1,1
09/26/2020,"Pittsylvania-Danville and Southside","Native American",0,0,0
09/27/2020,"Rappahannock Rapidan","Not Reported",672,12,10
09/27/2020,Portsmouth,"Other Race",55,8,4
09/27/2020,"Western Tidewater","Two or more races",58,0,0
09/27/2020,Piedmont,White,550,53,25
09/27/2020,Chesterfield,Latino,1743,100,6
09/27/2020,Lenowisco,White,751,71,16
09/27/2020,Lenowisco,"Two or more races",2,0,0
09/27/2020,Hampton,"Not Reported",635,3,2
09/27/2020,Southside,"Not Reported",595,11,5
09/27/2020,Roanoke,Black,318,22,5
09/27/2020,Hampton,Black,772,46,16
09/27/2020,Alleghany,"Other Race",9,1,0
09/27/2020,Lenowisco,Latino,11,0,0
09/27/2020,Loudoun,"Other Race",204,16,2
09/27/2020,"Central Shenandoah",Latino,1120,57,6
09/27/2020,"Rappahannock Rapidan",Latino,805,62,7
09/27/2020,"Eastern Shore",Black,857,99,29
09/27/2020,Norfolk,Latino,338,24,0
09/27/2020,Hampton,"Two or more races",15,0,0
09/27/2020,Richmond,Black,1611,245,33
09/27/2020,Henrico,"Two or more races",47,2,0
09/27/2020,Fairfax,"Two or more races",97,5,0
09/27/2020,Alleghany,"Not Reported",447,1,0
09/27/2020,Portsmouth,"Not Reported",536,5,1
09/27/2020,"Cumberland Plateau","Other Race",4,1,0
09/27/2020,Southside,"Two or more races",27,0,0
09/27/2020,Portsmouth,White,336,43,9
09/27/2020,"Rappahannock Rapidan","Two or more races",37,3,1
09/27/2020,Fairfax,White,4138,505,312
09/27/2020,Fairfax,"Other Race",820,85,19
09/27/2020,Crater,"Two or more races",10,0,0
09/27/2020,"West Piedmont","Not Reported",424,30,7
09/27/2020,Henrico,"Other Race",159,13,0
09/27/2020,"Three Rivers",White,694,52,18
09/27/2020,"Central Virginia",Black,294,32,8
09/27/2020,Lenowisco,"Other Race",8,0,0
09/27/2020,"Three Rivers","Other Race",16,3,0
09/27/2020,"Western Tidewater",White,964,67,60
09/27/2020,"Mount Rogers",Black,66,8,3
09/27/2020,"Three Rivers","Not Reported",263,5,1
09/27/2020,"Thomas Jefferson",Black,506,69,16
09/27/2020,"Eastern Shore",White,259,27,18
09/27/2020,"Central Virginia",White,1107,71,22
09/27/2020,Lenowisco,Black,6,1,1
09/27/2020,"Central Virginia","Two or more races",9,0,0
09/27/2020,Richmond,"Two or more races",42,2,0
09/27/2020,Crater,"Not Reported",835,10,6
09/27/2020,Chesterfield,"Two or more races",35,4,0
09/27/2020,"New River",Latino,170,5,0
09/27/2020,Richmond,Latino,1333,111,8
09/27/2020,Portsmouth,Latino,76,11,1
09/27/2020,Pittsylvania-Danville,"Not Reported",699,10,0
09/27/2020,Chesapeake,"Not Reported",852,8,1
09/27/2020,Chickahominy,Latino,95,4,0
09/27/2020,Crater,Black,2024,198,64
09/27/2020,Chesterfield,Black,1166,121,30
09/27/2020,Chesterfield,"Other Race",144,11,0
09/27/2020,Peninsula,Black,1146,76,24
09/27/2020,Roanoke,White,361,17,17
09/27/2020,"New River",Black,184,5,0
09/27/2020,Southside,Latino,9,0,0
09/27/2020,Peninsula,Latino,342,21,1
09/27/2020,Rappahannock,"Two or more races",42,3,0
09/27/2020,"Virginia Beach",Black,1727,126,23
09/27/2020,"Mount Rogers","Not Reported",136,5,6
09/27/2020,Loudoun,"Not Reported",1953,5,0
09/27/2020,Chesapeake,"Other Race",60,5,1
09/27/2020,Chickahominy,"Two or more races",6,1,0
09/27/2020,Crater,"Other Race",46,0,0
09/27/2020,Norfolk,"Two or more races",53,2,0
09/27/2020,"Eastern Shore","Two or more races",1,1,0
09/27/2020,"Central Shenandoah",White,3121,187,59
09/27/2020,"New River","Other Race",14,0,0
09/27/2020,"New River",White,1913,40,19
09/27/2020,"Central Shenandoah","Other Race",81,2,0
09/27/2020,"West Piedmont",Black,466,85,12
09/27/2020,Alleghany,Latino,166,12,0
09/27/2020,"Central Shenandoah","Not Reported",711,4,1
09/27/2020,Roanoke,"Two or more races",8,2,0
09/27/2020,Peninsula,"Two or more races",56,3,0
09/27/2020,Richmond,"Not Reported",713,1,1
09/27/2020,Arlington,"Other Race",93,10,4
09/27/2020,Norfolk,"Not Reported",956,4,0
09/27/2020,Alexandria,"Other Race",84,8,3
09/27/2020,"Virginia Beach",White,2400,178,55
09/27/2020,Chesapeake,"Two or more races",44,3,1
09/27/2020,Alleghany,White,830,55,24
09/27/2020,"Rappahannock Rapidan","Other Race",37,3,0
09/27/2020,Chickahominy,"Not Reported",419,3,1
09/27/2020,Portsmouth,Black,1511,200,44
09/27/2020,Chickahominy,"Other Race",19,2,0
09/27/2020,"Virginia Beach",Latino,415,25,4
09/27/2020,Chesapeake,White,1325,135,29
09/27/2020,Southside,Black,490,43,19
09/27/2020,Rappahannock,Latino,1342,110,8
09/27/2020,"Three Rivers","Two or more races",7,0,0
09/27/2020,Henrico,Black,1723,209,87
09/27/2020,Pittsylvania-Danville,Black,606,74,17
09/27/2020,"Lord Fairfax","Two or more races",14,0,0
09/27/2020,"Prince William",Latino,6335,632,75
09/27/2020,"Mount Rogers","Other Race",10,2,2
09/27/2020,"Central Shenandoah",Black,225,11,4
09/27/2020,Peninsula,White,992,83,43
09/27/2020,"Eastern Shore","Not Reported",86,0,0
09/27/2020,"Thomas Jefferson","Other Race",160,3,1
09/27/2020,Hampton,"Other Race",55,2,1
09/27/2020,"Lord Fairfax","Not Reported",351,5,6
09/27/2020,"Central Virginia","Other Race",21,0,0
09/27/2020,"Western Tidewater","Other Race",80,1,2
09/27/2020,Crater,Latino,200,9,4
09/27/2020,Chesapeake,Latino,292,25,2
09/27/2020,Chesterfield,White,1575,125,77
09/27/2020,"Western Tidewater","Not Reported",961,7,5
09/27/2020,Fairfax,"Not Reported",2459,44,30
09/27/2020,Arlington,Black,404,84,33
09/27/2020,"Central Virginia",Latino,61,6,2
09/27/2020,Alexandria,"Not Reported",260,7,1
09/27/2020,"Three Rivers",Black,633,50,10
09/27/2020,"Prince William","Two or more races",93,1,0
09/27/2020,Loudoun,"Two or more races",53,2,0
09/27/2020,Peninsula,"Other Race",158,3,1
09/27/2020,"Thomas Jefferson",White,1624,79,48
09/27/2020,Norfolk,"Other Race",84,4,2
09/27/2020,"Prince William","Not Reported",4219,28,0
09/27/2020,"West Piedmont",White,887,117,47
09/27/2020,Rappahannock,Black,862,93,16
09/27/2020,Norfolk,Black,2418,260,53
09/27/2020,Roanoke,Latino,378,19,0
09/27/2020,Piedmont,Latino,75,8,2
09/27/2020,Roanoke,"Not Reported",597,2,4
09/27/2020,"Virginia Beach","Other Race",103,2,0
09/27/2020,Arlington,"Two or more races",42,3,0
09/27/2020,Alexandria,White,741,58,36
09/27/2020,"Lord Fairfax","Other Race",73,6,1
09/27/2020,"Thomas Jefferson","Not Reported",350,1,0
09/27/2020,"Virginia Beach","Not Reported",1837,12,2
09/27/2020,Loudoun,Black,319,33,6
09/27/2020,Pittsylvania-Danville,Latino,69,3,0
09/27/2020,"Cumberland Plateau","Not Reported",43,1,0
09/27/2020,Chesterfield,"Not Reported",1709,4,10
09/27/2020,"Mount Rogers",White,2272,223,103
09/27/2020,Richmond,White,758,45,15
09/27/2020,Lenowisco,"Not Reported",121,3,3
09/27/2020,"Three Rivers",Latino,158,5,1
09/27/2020,Piedmont,"Not Reported",782,11,4
09/27/2020,"Mount Rogers",Latino,292,6,0
09/27/2020,"Central Shenandoah","Two or more races",42,1,0
09/27/2020,Crater,White,809,56,28
09/27/2020,Arlington,White,1170,135,72
09/27/2020,Pittsylvania-Danville,"Other Race",1,0,0
09/27/2020,Chickahominy,Black,361,49,12
09/27/2020,Fairfax,Black,1717,247,66
09/27/2020,"Eastern Shore",Latino,260,11,3
09/27/2020,Norfolk,White,902,62,22
09/27/2020,"Mount Rogers","Two or more races",9,1,0
09/27/2020,Alleghany,"Two or more races",10,0,0
09/27/2020,Southside,White,288,29,19
09/27/2020,"Thomas Jefferson","Two or more races",55,1,0
09/27/2020,"Prince William",Black,1505,178,54
09/27/2020,"Lord Fairfax",White,1734,188,88
09/27/2020,"Cumberland Plateau",Latino,12,0,0
09/27/2020,Arlington,"Not Reported",347,2,1
09/27/2020,Rappahannock,"Other Race",129,4,0
09/27/2020,"Rappahannock Rapidan",Black,236,34,10
09/27/2020,"New River","Two or more races",33,0,0
09/27/2020,Arlington,Latino,1697,241,27
09/27/2020,Henrico,White,1476,137,105
09/27/2020,Loudoun,White,1631,122,90
09/27/2020,Hampton,White,263,10,4
09/27/2020,Alleghany,Black,107,7,3
09/27/2020,"Prince William",White,1750,178,90
09/27/2020,Rappahannock,White,1474,144,49
09/27/2020,Southside,"Other Race",14,1,1
09/27/2020,Portsmouth,"Two or more races",18,5,0
09/27/2020,"Western Tidewater",Black,1757,121,51
09/27/2020,Hampton,Latino,61,4,0
09/27/2020,Henrico,"Not Reported",953,5,4
09/27/2020,"West Piedmont","Two or more races",3,0,0
09/27/2020,Peninsula,"Not Reported",1639,3,0
09/27/2020,Loudoun,Latino,2231,196,15
09/27/2020,Alexandria,Black,791,99,17
09/27/2020,Piedmont,Black,546,61,17
09/27/2020,Roanoke,"Other Race",22,2,1
09/27/2020,Alexandria,"Two or more races",26,2,0
09/27/2020,"Western Tidewater",Latino,40,1,2
09/27/2020,Rappahannock,"Not Reported",1327,25,0
09/27/2020,"West Piedmont","Other Race",6,1,1
09/27/2020,Chickahominy,White,918,102,39
09/27/2020,"Thomas Jefferson",Latino,693,32,3
09/27/2020,"Cumberland Plateau",Black,45,0,0
09/27/2020,"Lord Fairfax",Latino,761,48,9
09/27/2020,"West Piedmont",Latino,261,10,1
09/27/2020,"Cumberland Plateau",White,692,54,10
09/27/2020,"Eastern Shore","Other Race",13,1,0
09/27/2020,"Cumberland Plateau","Two or more races",6,0,0
09/27/2020,Pittsylvania-Danville,"Two or more races",2,0,0
09/27/2020,Piedmont,"Other Race",10,0,0
09/27/2020,Alexandria,Latino,1771,135,11
09/27/2020,Chesapeake,Black,1643,224,33
09/27/2020,Richmond,"Other Race",134,9,3
09/27/2020,Henrico,Latino,876,55,11
09/27/2020,Piedmont,"Two or more races",4,2,0
09/27/2020,"Prince William","Other Race",464,16,1
09/27/2020,"New River","Not Reported",807,8,0
09/27/2020,"Rappahannock Rapidan",White,828,57,23
09/27/2020,"Central Virginia","Not Reported",1705,11,5
09/27/2020,"Virginia Beach","Two or more races",61,4,1
09/27/2020,Pittsylvania-Danville,White,493,52,19
09/27/2020,"Lord Fairfax",Black,144,19,6
09/27/2020,Fairfax,Latino,9945,1022,97
09/27/2020,Chesterfield,"Asian or Pacific Islander",84,4,1
09/27/2020,Crater,"Asian or Pacific Islander",22,0,0
09/27/2020,Fairfax,"Asian or Pacific Islander",1798,271,76
09/27/2020,Hampton,"Asian or Pacific Islander",14,0,0
09/27/2020,"Rappahannock Rapidan","Asian or Pacific Islander",10,1,0
09/27/2020,"Mount Rogers","Asian or Pacific Islander",3,1,0
09/27/2020,"New River","Asian or Pacific Islander",82,0,0
09/27/2020,"Central Virginia","Asian or Pacific Islander",17,1,0
09/27/2020,"Lord Fairfax","Asian or Pacific Islander",14,0,0
09/27/2020,Southside,"Asian or Pacific Islander",1,0,0
09/27/2020,Alleghany,"Asian or Pacific Islander",21,0,0
09/27/2020,Portsmouth,"Asian or Pacific Islander",23,2,0
09/27/2020,Roanoke,"Asian or Pacific Islander",28,2,0
09/27/2020,Richmond,"Asian or Pacific Islander",45,3,1
09/27/2020,"Thomas Jefferson","Asian or Pacific Islander",70,0,1
09/27/2020,"Virginia Beach","Asian or Pacific Islander",275,27,5
09/27/2020,Henrico,"Asian or Pacific Islander",209,11,4
09/27/2020,Piedmont,"Asian or Pacific Islander",9,0,1
09/27/2020,"Western Tidewater","Asian or Pacific Islander",21,2,3
09/27/2020,"West Piedmont","Asian or Pacific Islander",12,2,1
09/27/2020,Chickahominy,"Asian or Pacific Islander",16,1,0
09/27/2020,Peninsula,"Asian or Pacific Islander",44,4,5
09/27/2020,Norfolk,"Asian or Pacific Islander",64,7,0
09/27/2020,Arlington,"Asian or Pacific Islander",193,23,12
09/27/2020,Loudoun,"Asian or Pacific Islander",420,55,11
09/27/2020,Alexandria,"Asian or Pacific Islander",137,11,1
09/27/2020,Rappahannock,"Asian or Pacific Islander",88,10,2
09/27/2020,Chesapeake,"Asian or Pacific Islander",71,9,5
09/27/2020,"Cumberland Plateau and Lenowisco","Asian or Pacific Islander",1,0,0
09/27/2020,"Central Shenandoah","Asian or Pacific Islander",71,2,0
09/27/2020,"Prince William","Asian or Pacific Islander",591,57,15
09/27/2020,Pittsylvania-Danville,"Asian or Pacific Islander",3,0,0
09/27/2020,"Eastern Shore and Three Rivers","Asian or Pacific Islander",12,1,0
09/27/2020,Piedmont,"Native American",2,0,0
09/27/2020,"New River","Native American",1,0,0
09/27/2020,"Central Shenandoah","Native American",3,1,0
09/27/2020,"Eastern Shore and Three Rivers","Native American",1,0,0
09/27/2020,Fairfax,"Native American",34,1,1
09/27/2020,Chesapeake,"Native American",12,0,0
09/27/2020,"Western Tidewater","Native American",2,0,0
09/27/2020,Portsmouth,"Native American",4,2,0
09/27/2020,Richmond,"Native American",1,0,0
09/27/2020,Chickahominy,"Native American",6,1,0
09/27/2020,"Thomas Jefferson","Native American",2,0,0
09/27/2020,Arlington,"Native American",5,0,0
09/27/2020,"Virginia Beach","Native American",8,0,0
09/27/2020,Peninsula,"Native American",7,2,1
09/27/2020,Hampton,"Native American",4,0,1
09/27/2020,"West Piedmont","Native American",2,0,0
09/27/2020,"Cumberland Plateau, Lenowisco, and Mount Rogers","Native American",2,0,0
09/27/2020,Henrico,"Native American",10,0,0
09/27/2020,Norfolk,"Native American",9,1,1
09/27/2020,"Prince William","Native American",24,1,1
09/27/2020,"Central Virginia","Native American",3,0,0
09/27/2020,Chesterfield,"Native American",7,1,0
09/27/2020,Rappahannock,"Native American",6,0,0
09/27/2020,Loudoun,"Native American",5,0,0
09/27/2020,Alexandria,"Native American",4,0,0
09/27/2020,"Alleghany and Roanoke","Native American",1,0,0
09/27/2020,Crater,"Native American",6,1,1
09/27/2020,"Rappahannock Rapidan","Native American",1,0,0
09/27/2020,"Lord Fairfax","Native American",2,1,1
09/27/2020,"Pittsylvania-Danville and Southside","Native American",0,0,0
09/28/2020,"Rappahannock Rapidan","Not Reported",670,12,10
09/28/2020,Portsmouth,"Other Race",55,8,4
09/28/2020,"Western Tidewater","Two or more races",58,0,0
09/28/2020,Piedmont,White,552,53,25
09/28/2020,Chesterfield,Latino,1757,99,6
09/28/2020,Lenowisco,White,756,71,16
09/28/2020,Lenowisco,"Two or more races",2,0,0
09/28/2020,Hampton,"Not Reported",637,3,3
09/28/2020,Southside,"Not Reported",595,11,5
09/28/2020,Roanoke,Black,320,22,5
09/28/2020,Hampton,Black,776,46,17
09/28/2020,Alleghany,"Other Race",9,1,0
09/28/2020,Lenowisco,Latino,11,0,0
09/28/2020,Loudoun,"Other Race",205,16,2
09/28/2020,"Central Shenandoah",Latino,1120,57,6
09/28/2020,"Rappahannock Rapidan",Latino,809,62,7
09/28/2020,"Eastern Shore",Black,857,99,29
09/28/2020,Norfolk,Latino,338,24,0
09/28/2020,Hampton,"Two or more races",15,0,0
09/28/2020,Richmond,Black,1617,247,33
09/28/2020,Henrico,"Two or more races",47,2,0
09/28/2020,Fairfax,"Two or more races",97,5,0
09/28/2020,Alleghany,"Not Reported",448,1,0
09/28/2020,Portsmouth,"Not Reported",538,5,1
09/28/2020,"Cumberland Plateau","Other Race",4,1,0
09/28/2020,Southside,"Two or more races",27,0,0
09/28/2020,Portsmouth,White,336,43,9
09/28/2020,"Rappahannock Rapidan","Two or more races",37,3,1
09/28/2020,Fairfax,White,4147,505,312
09/28/2020,Fairfax,"Other Race",823,85,19
09/28/2020,Crater,"Two or more races",10,0,0
09/28/2020,"West Piedmont","Not Reported",422,29,7
09/28/2020,Henrico,"Other Race",159,13,0
09/28/2020,"Three Rivers",White,698,52,18
09/28/2020,"Central Virginia",Black,296,33,8
09/28/2020,Lenowisco,"Other Race",8,0,0
09/28/2020,"Three Rivers","Other Race",16,3,0
09/28/2020,"Western Tidewater",White,969,67,60
09/28/2020,"Mount Rogers",Black,66,8,3
09/28/2020,"Three Rivers","Not Reported",268,5,1
09/28/2020,"Thomas Jefferson",Black,509,69,16
09/28/2020,"Eastern Shore",White,259,27,18
09/28/2020,"Central Virginia",White,1116,71,22
09/28/2020,Lenowisco,Black,6,1,1
09/28/2020,"Central Virginia","Two or more races",9,0,0
09/28/2020,Richmond,"Two or more races",43,2,0
09/28/2020,Crater,"Not Reported",839,10,6
09/28/2020,Chesterfield,"Two or more races",35,4,0
09/28/2020,"New River",Latino,170,5,0
09/28/2020,Richmond,Latino,1334,111,8
09/28/2020,Portsmouth,Latino,76,11,1
09/28/2020,Pittsylvania-Danville,"Not Reported",704,10,0
09/28/2020,Chesapeake,"Not Reported",847,8,1
09/28/2020,Chickahominy,Latino,95,4,0
09/28/2020,Crater,Black,2031,198,64
09/28/2020,Chesterfield,Black,1177,121,30
09/28/2020,Chesterfield,"Other Race",143,11,0
09/28/2020,Peninsula,Black,1151,76,25
09/28/2020,Roanoke,White,361,17,17
09/28/2020,"New River",Black,185,5,0
09/28/2020,Southside,Latino,9,0,0
09/28/2020,Peninsula,Latino,344,22,1
09/28/2020,Rappahannock,"Two or more races",42,3,0
09/28/2020,"Virginia Beach",Black,1743,126,23
09/28/2020,"Mount Rogers","Not Reported",138,6,6
09/28/2020,Loudoun,"Not Reported",1955,5,0
09/28/2020,Chesapeake,"Other Race",60,5,1
09/28/2020,Chickahominy,"Two or more races",6,1,0
09/28/2020,Crater,"Other Race",46,0,0
09/28/2020,Norfolk,"Two or more races",54,2,0
09/28/2020,"Eastern Shore","Two or more races",1,1,0
09/28/2020,"Central Shenandoah",White,3142,188,59
09/28/2020,"New River","Other Race",14,0,0
09/28/2020,"New River",White,1918,40,19
09/28/2020,"Central Shenandoah","Other Race",86,2,0
09/28/2020,"West Piedmont",Black,467,86,12
09/28/2020,Alleghany,Latino,166,12,0
09/28/2020,"Central Shenandoah","Not Reported",713,4,1
09/28/2020,Roanoke,"Two or more races",8,2,0
09/28/2020,Peninsula,"Two or more races",56,3,0
09/28/2020,Richmond,"Not Reported",714,1,1
09/28/2020,Arlington,"Other Race",93,10,4
09/28/2020,Norfolk,"Not Reported",957,4,0
09/28/2020,Alexandria,"Other Race",85,8,3
09/28/2020,"Virginia Beach",White,2406,178,56
09/28/2020,Chesapeake,"Two or more races",43,3,1
09/28/2020,Alleghany,White,830,55,24
09/28/2020,"Rappahannock Rapidan","Other Race",37,3,0
09/28/2020,Chickahominy,"Not Reported",420,3,1
09/28/2020,Portsmouth,Black,1511,200,44
09/28/2020,Chickahominy,"Other Race",19,2,0
09/28/2020,"Virginia Beach",Latino,415,25,4
09/28/2020,Chesapeake,White,1332,135,29
09/28/2020,Southside,Black,491,44,19
09/28/2020,Rappahannock,Latino,1343,110,8
09/28/2020,"Three Rivers","Two or more races",7,0,0
09/28/2020,Henrico,Black,1730,210,87
09/28/2020,Pittsylvania-Danville,Black,607,74,17
09/28/2020,"Lord Fairfax","Two or more races",14,0,0
09/28/2020,"Prince William",Latino,6357,635,75
09/28/2020,"Mount Rogers","Other Race",10,2,2
09/28/2020,"Central Shenandoah",Black,226,11,4
09/28/2020,Peninsula,White,994,83,43
09/28/2020,"Eastern Shore","Not Reported",86,0,0
09/28/2020,"Thomas Jefferson","Other Race",163,3,1
09/28/2020,Hampton,"Other Race",55,2,1
09/28/2020,"Lord Fairfax","Not Reported",352,5,6
09/28/2020,"Central Virginia","Other Race",21,0,0
09/28/2020,"Western Tidewater","Other Race",80,1,2
09/28/2020,Crater,Latino,200,9,4
09/28/2020,Chesapeake,Latino,295,26,2
09/28/2020,Chesterfield,White,1584,129,77
09/28/2020,"Western Tidewater","Not Reported",961,7,5
09/28/2020,Fairfax,"Not Reported",2446,44,30
09/28/2020,Arlington,Black,404,84,33
09/28/2020,"Central Virginia",Latino,62,6,2
09/28/2020,Alexandria,"Not Reported",258,7,1
09/28/2020,"Three Rivers",Black,637,51,10
09/28/2020,"Prince William","Two or more races",93,1,0
09/28/2020,Loudoun,"Two or more races",53,2,0
09/28/2020,Peninsula,"Other Race",161,3,1
09/28/2020,"Thomas Jefferson",White,1644,79,48
09/28/2020,Norfolk,"Other Race",88,4,2
09/28/2020,"Prince William","Not Reported",4225,27,0
09/28/2020,"West Piedmont",White,892,119,49
09/28/2020,Rappahannock,Black,867,93,16
09/28/2020,Norfolk,Black,2424,260,53
09/28/2020,Roanoke,Latino,378,19,0
09/28/2020,Piedmont,Latino,75,8,2
09/28/2020,Roanoke,"Not Reported",598,2,4
09/28/2020,"Virginia Beach","Other Race",103,2,0
09/28/2020,Arlington,"Two or more races",42,3,0
09/28/2020,Alexandria,White,743,58,36
09/28/2020,"Lord Fairfax","Other Race",73,6,1
09/28/2020,"Thomas Jefferson","Not Reported",349,1,0
09/28/2020,"Virginia Beach","Not Reported",1844,12,2
09/28/2020,Loudoun,Black,321,33,6
09/28/2020,Pittsylvania-Danville,Latino,70,3,0
09/28/2020,"Cumberland Plateau","Not Reported",43,1,0
09/28/2020,Chesterfield,"Not Reported",1691,4,10
09/28/2020,"Mount Rogers",White,2287,224,110
09/28/2020,Richmond,White,759,45,15
09/28/2020,Lenowisco,"Not Reported",121,3,3
09/28/2020,"Three Rivers",Latino,159,5,1
09/28/2020,Piedmont,"Not Reported",776,11,4
09/28/2020,"Mount Rogers",Latino,292,6,0
09/28/2020,"Central Shenandoah","Two or more races",42,1,0
09/28/2020,Crater,White,821,56,28
09/28/2020,Arlington,White,1174,135,72
09/28/2020,Pittsylvania-Danville,"Other Race",2,0,0
09/28/2020,Chickahominy,Black,362,49,12
09/28/2020,Fairfax,Black,1720,248,66
09/28/2020,"Eastern Shore",Latino,260,11,3
09/28/2020,Norfolk,White,906,62,22
09/28/2020,"Mount Rogers","Two or more races",9,1,0
09/28/2020,Alleghany,"Two or more races",10,0,0
09/28/2020,Southside,White,290,29,19
09/28/2020,"Thomas Jefferson","Two or more races",57,1,0
09/28/2020,"Prince William",Black,1507,178,54
09/28/2020,"Lord Fairfax",White,1755,190,88
09/28/2020,"Cumberland Plateau",Latino,12,0,0
09/28/2020,Arlington,"Not Reported",351,2,1
09/28/2020,Rappahannock,"Other Race",130,4,0
09/28/2020,"Rappahannock Rapidan",Black,238,34,10
09/28/2020,"New River","Two or more races",33,0,0
09/28/2020,Arlington,Latino,1701,241,27
09/28/2020,Henrico,White,1482,139,105
09/28/2020,Loudoun,White,1637,122,90
09/28/2020,Hampton,White,265,10,4
09/28/2020,Alleghany,Black,107,7,3
09/28/2020,"Prince William",White,1752,178,90
09/28/2020,Rappahannock,White,1480,145,49
09/28/2020,Southside,"Other Race",14,1,1
09/28/2020,Portsmouth,"Two or more races",18,5,0
09/28/2020,"Western Tidewater",Black,1758,121,51
09/28/2020,Hampton,Latino,61,4,0
09/28/2020,Henrico,"Not Reported",935,4,4
09/28/2020,"West Piedmont","Two or more races",3,0,0
09/28/2020,Peninsula,"Not Reported",1641,3,0
09/28/2020,Loudoun,Latino,2233,196,15
09/28/2020,Alexandria,Black,791,99,17
09/28/2020,Piedmont,Black,550,61,17
09/28/2020,Roanoke,"Other Race",22,2,1
09/28/2020,Alexandria,"Two or more races",26,2,0
09/28/2020,"Western Tidewater",Latino,40,1,2
09/28/2020,Rappahannock,"Not Reported",1333,25,0
09/28/2020,"West Piedmont","Other Race",6,1,1
09/28/2020,Chickahominy,White,920,102,39
09/28/2020,"Thomas Jefferson",Latino,694,32,3
09/28/2020,"Cumberland Plateau",Black,45,0,0
09/28/2020,"Lord Fairfax",Latino,762,48,9
09/28/2020,"West Piedmont",Latino,263,10,1
09/28/2020,"Cumberland Plateau",White,697,54,10
09/28/2020,"Eastern Shore","Other Race",13,1,0
09/28/2020,"Cumberland Plateau","Two or more races",6,0,0
09/28/2020,Pittsylvania-Danville,"Two or more races",2,0,0
09/28/2020,Piedmont,"Other Race",10,0,0
09/28/2020,Alexandria,Latino,1781,136,11
09/28/2020,Chesapeake,Black,1655,227,33
09/28/2020,Richmond,"Other Race",134,9,3
09/28/2020,Henrico,Latino,877,55,11
09/28/2020,Piedmont,"Two or more races",4,2,0
09/28/2020,"Prince William","Other Race",465,16,1
09/28/2020,"New River","Not Reported",809,8,0
09/28/2020,"Rappahannock Rapidan",White,834,57,23
09/28/2020,"Central Virginia","Not Reported",1720,11,5
09/28/2020,"Virginia Beach","Two or more races",63,4,1
09/28/2020,Pittsylvania-Danville,White,494,53,19
09/28/2020,"Lord Fairfax",Black,144,19,6
09/28/2020,Fairfax,Latino,9958,1022,97
09/28/2020,Chesterfield,"Asian or Pacific Islander",85,4,1
09/28/2020,Crater,"Asian or Pacific Islander",22,0,0
09/28/2020,Fairfax,"Asian or Pacific Islander",1805,270,76
09/28/2020,Hampton,"Asian or Pacific Islander",14,0,0
09/28/2020,"Rappahannock Rapidan","Asian or Pacific Islander",10,1,0
09/28/2020,"Mount Rogers","Asian or Pacific Islander",3,1,0
09/28/2020,"New River","Asian or Pacific Islander",82,0,0
09/28/2020,"Central Virginia","Asian or Pacific Islander",17,1,0
09/28/2020,"Lord Fairfax","Asian or Pacific Islander",14,0,0
09/28/2020,Southside,"Asian or Pacific Islander",1,0,0
09/28/2020,Alleghany,"Asian or Pacific Islander",21,0,0
09/28/2020,Portsmouth,"Asian or Pacific Islander",23,2,0
09/28/2020,Roanoke,"Asian or Pacific Islander",28,2,0
09/28/2020,Richmond,"Asian or Pacific Islander",45,3,1
09/28/2020,"Thomas Jefferson","Asian or Pacific Islander",71,0,1
09/28/2020,"Virginia Beach","Asian or Pacific Islander",276,27,5
09/28/2020,Henrico,"Asian or Pacific Islander",212,11,4
09/28/2020,Piedmont,"Asian or Pacific Islander",9,0,1
09/28/2020,"Western Tidewater","Asian or Pacific Islander",21,2,3
09/28/2020,"West Piedmont","Asian or Pacific Islander",12,2,1
09/28/2020,Chickahominy,"Asian or Pacific Islander",16,1,0
09/28/2020,Peninsula,"Asian or Pacific Islander",45,4,5
09/28/2020,Norfolk,"Asian or Pacific Islander",64,7,0
09/28/2020,Arlington,"Asian or Pacific Islander",193,23,12
09/28/2020,Loudoun,"Asian or Pacific Islander",421,55,11
09/28/2020,Alexandria,"Asian or Pacific Islander",137,11,1
09/28/2020,Rappahannock,"Asian or Pacific Islander",88,10,2
09/28/2020,Chesapeake,"Asian or Pacific Islander",71,9,5
09/28/2020,"Cumberland Plateau and Lenowisco","Asian or Pacific Islander",1,0,0
09/28/2020,"Central Shenandoah","Asian or Pacific Islander",71,2,0
09/28/2020,"Prince William","Asian or Pacific Islander",593,57,15
09/28/2020,Pittsylvania-Danville,"Asian or Pacific Islander",3,0,0
09/28/2020,"Eastern Shore and Three Rivers","Asian or Pacific Islander",12,1,0
09/28/2020,Piedmont,"Native American",2,0,0
09/28/2020,"New River","Native American",1,0,0
09/28/2020,"Central Shenandoah","Native American",3,1,0
09/28/2020,"Eastern Shore and Three Rivers","Native American",1,0,0
09/28/2020,Fairfax,"Native American",34,1,1
09/28/2020,Chesapeake,"Native American",12,0,0
09/28/2020,"Western Tidewater","Native American",2,0,0
09/28/2020,Portsmouth,"Native American",4,2,0
09/28/2020,Richmond,"Native American",1,0,0
09/28/2020,Chickahominy,"Native American",6,1,0
09/28/2020,"Thomas Jefferson","Native American",2,0,0
09/28/2020,Arlington,"Native American",5,0,0
09/28/2020,"Virginia Beach","Native American",8,0,0
09/28/2020,Peninsula,"Native American",7,2,1
09/28/2020,Hampton,"Native American",4,0,1
09/28/2020,"West Piedmont","Native American",2,0,0
09/28/2020,"Cumberland Plateau, Lenowisco, and Mount Rogers","Native American",2,0,0
09/28/2020,Henrico,"Native American",10,0,0
09/28/2020,Norfolk,"Native American",9,1,1
09/28/2020,"Prince William","Native American",24,1,1
09/28/2020,"Central Virginia","Native American",3,0,0
09/28/2020,Chesterfield,"Native American",7,1,0
09/28/2020,Rappahannock,"Native American",6,0,0
09/28/2020,Loudoun,"Native American",5,0,0
09/28/2020,Alexandria,"Native American",4,0,0
09/28/2020,"Alleghany and Roanoke","Native American",1,0,0
09/28/2020,Crater,"Native American",6,1,1
09/28/2020,"Rappahannock Rapidan","Native American",1,0,0
09/28/2020,"Lord Fairfax","Native American",2,1,1
09/28/2020,"Pittsylvania-Danville and Southside","Native American",0,0,0
09/29/2020,"Rappahannock Rapidan","Not Reported",670,12,10
09/29/2020,Portsmouth,"Other Race",55,8,4
09/29/2020,"Western Tidewater","Two or more races",58,0,0
09/29/2020,Piedmont,White,558,53,25
09/29/2020,Chesterfield,Latino,1776,99,6
09/29/2020,Lenowisco,White,768,71,16
09/29/2020,Lenowisco,"Two or more races",2,0,0
09/29/2020,Hampton,"Not Reported",638,3,3
09/29/2020,Southside,"Not Reported",595,11,5
09/29/2020,Roanoke,Black,333,23,5
09/29/2020,Hampton,Black,783,46,17
09/29/2020,Alleghany,"Other Race",11,1,0
09/29/2020,Lenowisco,Latino,11,0,0
09/29/2020,Loudoun,"Other Race",208,16,2
09/29/2020,"Central Shenandoah",Latino,1126,57,6
09/29/2020,"Rappahannock Rapidan",Latino,810,62,7
09/29/2020,"Eastern Shore",Black,857,99,29
09/29/2020,Norfolk,Latino,339,25,0
09/29/2020,Hampton,"Two or more races",15,0,0
09/29/2020,Richmond,Black,1616,247,33
09/29/2020,Henrico,"Two or more races",47,2,0
09/29/2020,Fairfax,"Two or more races",100,5,0
09/29/2020,Alleghany,"Not Reported",455,1,0
09/29/2020,Portsmouth,"Not Reported",535,5,1
09/29/2020,"Cumberland Plateau","Other Race",4,1,0
09/29/2020,Southside,"Two or more races",27,0,0
09/29/2020,Portsmouth,White,336,43,9
09/29/2020,"Rappahannock Rapidan","Two or more races",35,3,0
09/29/2020,Fairfax,White,4178,506,312
09/29/2020,Fairfax,"Other Race",828,85,19
09/29/2020,Crater,"Two or more races",11,0,0
09/29/2020,"West Piedmont","Not Reported",422,27,5
09/29/2020,Henrico,"Other Race",160,13,0
09/29/2020,"Three Rivers",White,701,52,18
09/29/2020,"Central Virginia",Black,297,34,8
09/29/2020,Lenowisco,"Other Race",8,0,0
09/29/2020,"Three Rivers","Other Race",16,3,0
09/29/2020,"Western Tidewater",White,978,68,62
09/29/2020,"Mount Rogers",Black,66,8,3
09/29/2020,"Three Rivers","Not Reported",272,5,1
09/29/2020,"Thomas Jefferson",Black,512,69,16
09/29/2020,"Eastern Shore",White,261,27,18
09/29/2020,"Central Virginia",White,1130,71,22
09/29/2020,Lenowisco,Black,6,1,1
09/29/2020,"Central Virginia","Two or more races",9,0,0
09/29/2020,Richmond,"Two or more races",43,2,0
09/29/2020,Crater,"Not Reported",882,10,6
09/29/2020,Chesterfield,"Two or more races",38,4,0
09/29/2020,"New River",Latino,173,5,0
09/29/2020,Richmond,Latino,1335,111,8
09/29/2020,Portsmouth,Latino,76,11,1
09/29/2020,Pittsylvania-Danville,"Not Reported",703,12,0
09/29/2020,Chesapeake,"Not Reported",827,7,0
09/29/2020,Chickahominy,Latino,95,4,0
09/29/2020,Crater,Black,2044,199,64
09/29/2020,Chesterfield,Black,1190,123,30
09/29/2020,Chesterfield,"Other Race",145,11,0
09/29/2020,Peninsula,Black,1161,78,26
09/29/2020,Roanoke,White,373,17,17
09/29/2020,"New River",Black,185,5,0
09/29/2020,Southside,Latino,9,0,0
09/29/2020,Peninsula,Latino,345,22,1
09/29/2020,Rappahannock,"Two or more races",42,3,0
09/29/2020,"Virginia Beach",Black,1749,128,23
09/29/2020,"Mount Rogers","Not Reported",139,6,5
09/29/2020,Loudoun,"Not Reported",1957,5,0
09/29/2020,Chesapeake,"Other Race",60,5,1
09/29/2020,Chickahominy,"Two or more races",6,1,0
09/29/2020,Crater,"Other Race",46,0,0
09/29/2020,Norfolk,"Two or more races",57,2,0
09/29/2020,"Eastern Shore","Two or more races",1,1,0
09/29/2020,"Central Shenandoah",White,3183,190,59
09/29/2020,"New River","Other Race",14,0,0
09/29/2020,"New River",White,1944,41,19
09/29/2020,"Central Shenandoah","Other Race",87,2,0
09/29/2020,"West Piedmont",Black,474,87,13
09/29/2020,Alleghany,Latino,166,12,0
09/29/2020,"Central Shenandoah","Not Reported",712,4,1
09/29/2020,Roanoke,"Two or more races",8,2,0
09/29/2020,Peninsula,"Two or more races",57,3,0
09/29/2020,Richmond,"Not Reported",715,1,1
09/29/2020,Arlington,"Other Race",93,10,4
09/29/2020,Norfolk,"Not Reported",959,4,0
09/29/2020,Alexandria,"Other Race",85,8,3
09/29/2020,"Virginia Beach",White,2430,180,56
09/29/2020,Chesapeake,"Two or more races",44,3,1
09/29/2020,Alleghany,White,837,57,26
09/29/2020,"Rappahannock Rapidan","Other Race",37,3,0
09/29/2020,Chickahominy,"Not Reported",423,3,1
09/29/2020,Portsmouth,Black,1521,205,44
09/29/2020,Chickahominy,"Other Race",18,2,0
09/29/2020,"Virginia Beach",Latino,418,25,4
09/29/2020,Chesapeake,White,1351,135,29
09/29/2020,Southside,Black,497,44,19
09/29/2020,Rappahannock,Latino,1345,110,8
09/29/2020,"Three Rivers","Two or more races",8,0,0
09/29/2020,Henrico,Black,1743,212,87
09/29/2020,Pittsylvania-Danville,Black,611,75,18
09/29/2020,"Lord Fairfax","Two or more races",17,0,0
09/29/2020,"Prince William",Latino,6397,638,75
09/29/2020,"Mount Rogers","Other Race",10,2,2
09/29/2020,"Central Shenandoah",Black,227,11,4
09/29/2020,Peninsula,White,998,83,44
09/29/2020,"Eastern Shore","Not Reported",84,0,0
09/29/2020,"Thomas Jefferson","Other Race",163,3,1
09/29/2020,Hampton,"Other Race",55,2,1
09/29/2020,"Lord Fairfax","Not Reported",352,5,6
09/29/2020,"Central Virginia","Other Race",20,0,0
09/29/2020,"Western Tidewater","Other Race",81,1,2
09/29/2020,Chesapeake,Latino,300,26,2
09/29/2020,Chesterfield,White,1609,132,78
09/29/2020,"Western Tidewater","Not Reported",970,6,4
09/29/2020,Fairfax,"Not Reported",2478,45,30
09/29/2020,Arlington,Black,404,84,33
09/29/2020,"Central Virginia",Latino,63,6,2
09/29/2020,Alexandria,"Not Reported",261,7,1
09/29/2020,"Three Rivers",Black,646,51,10
09/29/2020,"Prince William","Two or more races",92,1,0
09/29/2020,Loudoun,"Two or more races",53,2,0
09/29/2020,Peninsula,"Other Race",161,3,1
09/29/2020,"Thomas Jefferson",White,1660,80,48
09/29/2020,Norfolk,"Other Race",85,4,2
09/29/2020,"Prince William","Not Reported",4224,28,0
09/29/2020,"West Piedmont",White,912,122,50
09/29/2020,Rappahannock,Black,875,93,16
09/29/2020,Norfolk,Black,2437,262,53
09/29/2020,Roanoke,Latino,379,19,0
09/29/2020,Piedmont,Latino,75,8,2
09/29/2020,Roanoke,"Not Reported",598,2,4
09/29/2020,"Virginia Beach","Other Race",105,2,0
09/29/2020,Arlington,"Two or more races",42,3,0
09/29/2020,Alexandria,White,746,58,36
09/29/2020,"Lord Fairfax","Other Race",73,6,1
09/29/2020,"Thomas Jefferson","Not Reported",352,1,0
09/29/2020,"Virginia Beach","Not Reported",1852,12,2
09/29/2020,Loudoun,Black,322,34,6
09/29/2020,Pittsylvania-Danville,Latino,72,3,0
09/29/2020,"Cumberland Plateau","Not Reported",49,2,0
09/29/2020,Chesterfield,"Not Reported",1675,4,11
09/29/2020,"Mount Rogers",White,2315,230,113
09/29/2020,Richmond,White,758,45,15
09/29/2020,Lenowisco,"Not Reported",121,3,3
09/29/2020,"Three Rivers",Latino,159,5,1
09/29/2020,Piedmont,"Not Reported",773,11,4
09/29/2020,"Mount Rogers",Latino,293,6,0
09/29/2020,"Central Shenandoah","Two or more races",43,1,0
09/29/2020,Crater,White,833,56,28
09/29/2020,Arlington,White,1176,135,72
09/29/2020,Pittsylvania-Danville,"Other Race",3,0,0
09/29/2020,Chickahominy,Black,362,49,12
09/29/2020,Fairfax,Black,1724,248,66
09/29/2020,"Eastern Shore",Latino,260,11,3
09/29/2020,Norfolk,White,919,62,22
09/29/2020,"Mount Rogers","Two or more races",10,1,0
09/29/2020,Alleghany,"Two or more races",10,0,0
09/29/2020,Southside,White,294,29,19
09/29/2020,"Thomas Jefferson","Two or more races",59,1,0
09/29/2020,"Prince William",Black,1513,178,54
09/29/2020,"Lord Fairfax",White,1762,192,88
09/29/2020,"Cumberland Plateau",Latino,12,0,0
09/29/2020,Arlington,"Not Reported",361,2,1
09/29/2020,Rappahannock,"Other Race",129,4,0
09/29/2020,"Rappahannock Rapidan",Black,240,34,10
09/29/2020,"New River","Two or more races",35,0,0
09/29/2020,Arlington,Latino,1710,241,27
09/29/2020,Henrico,White,1491,140,106
09/29/2020,Loudoun,White,1642,123,90
09/29/2020,Hampton,White,266,10,4
09/29/2020,Alleghany,Black,109,7,3
09/29/2020,"Prince William",White,1761,178,90
09/29/2020,Rappahannock,White,1489,145,49
09/29/2020,Southside,"Other Race",14,1,1
09/29/2020,Portsmouth,"Two or more races",18,5,0
09/29/2020,"Western Tidewater",Black,1766,121,52
09/29/2020,Hampton,Latino,62,4,0
09/29/2020,Henrico,"Not Reported",932,4,4
09/29/2020,"West Piedmont","Two or more races",3,0,0
09/29/2020,Peninsula,"Not Reported",1641,3,0
09/29/2020,Loudoun,Latino,2242,197,15
09/29/2020,Alexandria,Black,795,99,17
09/29/2020,Piedmont,Black,553,62,17
09/29/2020,Roanoke,"Other Race",23,2,1
09/29/2020,Alexandria,"Two or more races",26,2,0
09/29/2020,"Western Tidewater",Latino,40,1,2
09/29/2020,Rappahannock,"Not Reported",1338,25,0
09/29/2020,"West Piedmont","Other Race",6,1,1
09/29/2020,Chickahominy,White,936,102,40
09/29/2020,"Thomas Jefferson",Latino,694,32,3
09/29/2020,"Cumberland Plateau",Black,46,0,0
09/29/2020,"Lord Fairfax",Latino,769,48,9
09/29/2020,"West Piedmont",Latino,262,10,1
09/29/2020,"Cumberland Plateau",White,720,54,10
09/29/2020,"Eastern Shore","Other Race",13,1,0
09/29/2020,"Cumberland Plateau","Two or more races",6,0,0
09/29/2020,Pittsylvania-Danville,"Two or more races",2,0,0
09/29/2020,Piedmont,"Other Race",10,0,0
09/29/2020,Alexandria,Latino,1786,136,11
09/29/2020,Chesapeake,Black,1667,228,33
09/29/2020,Richmond,"Other Race",136,9,3
09/29/2020,Henrico,Latino,881,56,11
09/29/2020,Piedmont,"Two or more races",4,2,0
09/29/2020,"Prince William","Other Race",474,16,1
09/29/2020,"New River","Not Reported",815,8,0
09/29/2020,"Rappahannock Rapidan",White,839,58,24
09/29/2020,"Central Virginia","Not Reported",1738,12,5
09/29/2020,"Virginia Beach","Two or more races",62,4,1
09/29/2020,Pittsylvania-Danville,White,499,54,20
09/29/2020,"Lord Fairfax",Black,144,19,6
09/29/2020,Fairfax,Latino,9977,1023,97
09/29/2020,Chesterfield,"Asian or Pacific Islander",85,4,1
09/29/2020,Crater,"Asian or Pacific Islander",22,0,0
09/29/2020,Fairfax,"Asian or Pacific Islander",1813,270,76
09/29/2020,Hampton,"Asian or Pacific Islander",14,0,0
09/29/2020,"Rappahannock Rapidan","Asian or Pacific Islander",10,1,0
09/29/2020,"Mount Rogers","Asian or Pacific Islander",3,1,0
09/29/2020,"New River","Asian or Pacific Islander",82,0,0
09/29/2020,"Central Virginia","Asian or Pacific Islander",17,1,0
09/29/2020,"Lord Fairfax","Asian or Pacific Islander",14,0,0
09/29/2020,Southside,"Asian or Pacific Islander",1,0,0
09/29/2020,Alleghany,"Asian or Pacific Islander",21,0,0
09/29/2020,Portsmouth,"Asian or Pacific Islander",22,2,0
09/29/2020,Roanoke,"Asian or Pacific Islander",29,2,0
09/29/2020,Richmond,"Asian or Pacific Islander",45,3,1
09/29/2020,"Thomas Jefferson","Asian or Pacific Islander",71,0,1
09/29/2020,"Virginia Beach","Asian or Pacific Islander",277,27,5
09/29/2020,Henrico,"Asian or Pacific Islander",214,11,4
09/29/2020,Piedmont,"Asian or Pacific Islander",9,0,1
09/29/2020,"Western Tidewater","Asian or Pacific Islander",21,2,3
09/29/2020,"West Piedmont","Asian or Pacific Islander",12,2,1
09/29/2020,Chickahominy,"Asian or Pacific Islander",16,1,0
09/29/2020,Peninsula,"Asian or Pacific Islander",46,4,5
09/29/2020,Norfolk,"Asian or Pacific Islander",65,7,0
09/29/2020,Arlington,"Asian or Pacific Islander",194,24,13
09/29/2020,Loudoun,"Asian or Pacific Islander",422,55,11
09/29/2020,Alexandria,"Asian or Pacific Islander",138,11,1
09/29/2020,Rappahannock,"Asian or Pacific Islander",88,10,2
09/29/2020,Chesapeake,"Asian or Pacific Islander",72,10,6
09/29/2020,"Cumberland Plateau and Lenowisco","Asian or Pacific Islander",1,0,0
09/29/2020,"Central Shenandoah","Asian or Pacific Islander",72,2,0
09/29/2020,"Prince William","Asian or Pacific Islander",598,57,15
09/29/2020,Pittsylvania-Danville,"Asian or Pacific Islander",3,0,0
09/29/2020,"Eastern Shore and Three Rivers","Asian or Pacific Islander",12,1,0
09/29/2020,Piedmont,"Native American",2,0,0
09/29/2020,"New River","Native American",1,0,0
09/29/2020,"Central Shenandoah","Native American",3,1,0
09/29/2020,"Eastern Shore and Three Rivers","Native American",1,0,0
09/29/2020,Fairfax,"Native American",34,1,1
09/29/2020,Chesapeake,"Native American",12,0,0
09/29/2020,"Western Tidewater","Native American",2,0,0
09/29/2020,Portsmouth,"Native American",4,2,0
09/29/2020,Richmond,"Native American",1,0,0
09/29/2020,Chickahominy,"Native American",6,1,0
09/29/2020,"Thomas Jefferson","Native American",2,0,0
09/29/2020,Arlington,"Native American",5,0,0
09/29/2020,"Virginia Beach","Native American",8,0,0
09/29/2020,Peninsula,"Native American",7,2,1
09/29/2020,Hampton,"Native American",4,0,1
09/29/2020,"West Piedmont","Native American",2,0,0
09/29/2020,"Cumberland Plateau, Lenowisco, and Mount Rogers","Native American",2,0,0
09/29/2020,Henrico,"Native American",10,0,0
09/29/2020,Norfolk,"Native American",9,1,1
09/29/2020,"Prince William","Native American",24,1,1
09/29/2020,"Central Virginia","Native American",3,0,0
09/29/2020,Chesterfield,"Native American",7,1,0
09/29/2020,Rappahannock,"Native American",6,0,0
09/29/2020,Loudoun,"Native American",5,0,0
09/29/2020,Alexandria,"Native American",4,0,0
09/29/2020,"Alleghany and Roanoke","Native American",1,0,0
09/29/2020,Crater,"Native American",6,1,1
09/29/2020,"Rappahannock Rapidan","Native American",1,0,0
09/29/2020,"Lord Fairfax","Native American",3,1,1
09/29/2020,"Pittsylvania-Danville and Southside","Native American",0,0,0
09/30/2020,"Rappahannock Rapidan","Not Reported",671,12,10
09/30/2020,Portsmouth,"Other Race",53,8,4
09/30/2020,"Western Tidewater","Two or more races",58,0,0
09/30/2020,Piedmont,White,559,53,25
09/30/2020,Chesterfield,Latino,1795,100,6
09/30/2020,Lenowisco,White,780,72,16
09/30/2020,Lenowisco,"Two or more races",2,0,0
09/30/2020,Hampton,"Not Reported",626,3,3
09/30/2020,Southside,"Not Reported",599,11,5
09/30/2020,Roanoke,Black,347,25,5
09/30/2020,Hampton,Black,799,49,17
09/30/2020,Alleghany,"Other Race",12,1,0
09/30/2020,Lenowisco,Latino,11,0,0
09/30/2020,Loudoun,"Other Race",213,17,2
09/30/2020,"Central Shenandoah",Latino,1129,57,6
09/30/2020,"Rappahannock Rapidan",Latino,810,62,7
09/30/2020,"Eastern Shore",Black,857,99,29
09/30/2020,Norfolk,Latino,341,25,0
09/30/2020,Hampton,"Two or more races",15,0,0
09/30/2020,Richmond,Black,1625,248,33
09/30/2020,Henrico,"Two or more races",48,2,0
09/30/2020,Fairfax,"Two or more races",101,5,0
09/30/2020,Alleghany,"Not Reported",460,1,0
09/30/2020,Portsmouth,"Not Reported",553,5,1
09/30/2020,"Cumberland Plateau","Other Race",4,1,0
09/30/2020,Southside,"Two or more races",27,0,0
09/30/2020,Portsmouth,White,339,44,9
09/30/2020,"Rappahannock Rapidan","Two or more races",36,3,0
09/30/2020,Fairfax,White,4195,506,312
09/30/2020,Fairfax,"Other Race",829,85,19
09/30/2020,Crater,"Two or more races",11,0,0
09/30/2020,"West Piedmont","Not Reported",424,26,5
09/30/2020,Henrico,"Other Race",160,13,0
09/30/2020,"Three Rivers",White,704,52,18
09/30/2020,"Central Virginia",Black,303,34,8
09/30/2020,Lenowisco,"Other Race",8,0,0
09/30/2020,"Three Rivers","Other Race",16,3,0
09/30/2020,"Western Tidewater",White,990,68,61
09/30/2020,"Mount Rogers",Black,66,8,3
09/30/2020,"Three Rivers","Not Reported",269,4,1
09/30/2020,"Thomas Jefferson",Black,515,69,16
09/30/2020,"Eastern Shore",White,267,27,18
09/30/2020,"Central Virginia",White,1145,72,22
09/30/2020,Lenowisco,Black,6,1,1
09/30/2020,"Central Virginia","Two or more races",9,0,0
09/30/2020,Richmond,"Two or more races",43,2,0
09/30/2020,Crater,"Not Reported",889,10,6
09/30/2020,Chesterfield,"Two or more races",41,4,0
09/30/2020,"New River",Latino,173,5,0
09/30/2020,Richmond,Latino,1335,111,8
09/30/2020,Portsmouth,Latino,76,11,1
09/30/2020,Pittsylvania-Danville,"Not Reported",717,12,0
09/30/2020,Chesapeake,"Not Reported",800,7,0
09/30/2020,Chickahominy,Latino,95,4,0
09/30/2020,Crater,Black,2050,199,65
09/30/2020,Chesterfield,Black,1213,125,30
09/30/2020,Chesterfield,"Other Race",145,12,0
09/30/2020,Peninsula,Black,1169,79,26
09/30/2020,Roanoke,White,378,17,18
09/30/2020,"New River",Black,185,5,0
09/30/2020,Southside,Latino,9,0,0
09/30/2020,Peninsula,Latino,347,22,1
09/30/2020,Rappahannock,"Two or more races",43,3,0
09/30/2020,"Virginia Beach",Black,1758,130,23
09/30/2020,"Mount Rogers","Not Reported",135,6,5
09/30/2020,Loudoun,"Not Reported",1955,5,0
09/30/2020,Chesapeake,"Other Race",60,5,1
09/30/2020,Chickahominy,"Two or more races",6,1,0
09/30/2020,Crater,"Other Race",46,0,0
09/30/2020,Norfolk,"Two or more races",58,2,0
09/30/2020,"Eastern Shore","Two or more races",1,1,0
09/30/2020,"Central Shenandoah",White,3225,190,59
09/30/2020,"New River","Other Race",14,0,0
09/30/2020,"New River",White,1965,42,19
09/30/2020,"Central Shenandoah","Other Race",88,2,0
09/30/2020,"West Piedmont",Black,479,88,14
09/30/2020,Alleghany,Latino,166,12,0
09/30/2020,"Central Shenandoah","Not Reported",724,4,1
09/30/2020,Roanoke,"Two or more races",9,2,0
09/30/2020,Peninsula,"Two or more races",57,3,1
09/30/2020,Richmond,"Not Reported",722,1,1
09/30/2020,Arlington,"Other Race",93,10,4
09/30/2020,Norfolk,"Not Reported",959,4,0
09/30/2020,Alexandria,"Other Race",86,9,3
09/30/2020,"Virginia Beach",White,2436,181,56
09/30/2020,Chesapeake,"Two or more races",46,3,1
09/30/2020,Alleghany,White,854,57,26
09/30/2020,"Rappahannock Rapidan","Other Race",37,3,0
09/30/2020,Chickahominy,"Not Reported",424,3,1
09/30/2020,Portsmouth,Black,1530,211,44
09/30/2020,Chickahominy,"Other Race",18,2,0
09/30/2020,"Virginia Beach",Latino,422,25,4
09/30/2020,Chesapeake,White,1370,138,29
09/30/2020,Southside,Black,504,44,20
09/30/2020,Rappahannock,Latino,1344,111,8
09/30/2020,"Three Rivers","Two or more races",8,0,0
09/30/2020,Henrico,Black,1748,213,89
09/30/2020,Pittsylvania-Danville,Black,619,75,18
09/30/2020,"Lord Fairfax","Two or more races",17,0,0
09/30/2020,"Prince William",Latino,6422,641,76
09/30/2020,"Mount Rogers","Other Race",10,2,2
09/30/2020,"Central Shenandoah",Black,231,12,4
09/30/2020,Peninsula,White,1010,83,44
09/30/2020,"Eastern Shore","Not Reported",85,0,0
09/30/2020,"Thomas Jefferson","Other Race",162,3,1
09/30/2020,Hampton,"Other Race",55,2,1
09/30/2020,"Lord Fairfax","Not Reported",354,5,6
09/30/2020,"Central Virginia","Other Race",20,0,0
09/30/2020,"Western Tidewater","Other Race",81,1,2
09/30/2020,Crater,Latino,205,9,4
09/30/2020,Chesapeake,Latino,307,26,2
09/30/2020,Chesterfield,White,1639,132,79
09/30/2020,"Western Tidewater","Not Reported",963,6,4
09/30/2020,Fairfax,"Not Reported",2481,46,30
09/30/2020,Arlington,Black,408,84,33
09/30/2020,"Central Virginia",Latino,63,6,2
09/30/2020,Alexandria,"Not Reported",260,7,1
09/30/2020,"Three Rivers",Black,653,52,10
09/30/2020,"Prince William","Two or more races",93,1,0
09/30/2020,Loudoun,"Two or more races",53,2,0
09/30/2020,Peninsula,"Other Race",160,3,1
09/30/2020,"Thomas Jefferson",White,1694,81,49
09/30/2020,Norfolk,"Other Race",85,4,2
09/30/2020,"Prince William","Not Reported",4212,28,0
09/30/2020,"West Piedmont",White,921,124,50
09/30/2020,Rappahannock,Black,882,95,16
09/30/2020,Norfolk,Black,2442,262,53
09/30/2020,Roanoke,Latino,382,20,0
09/30/2020,Piedmont,Latino,74,8,2
09/30/2020,Roanoke,"Not Reported",618,2,4
09/30/2020,"Virginia Beach","Other Race",106,2,0
09/30/2020,Arlington,"Two or more races",41,2,0
09/30/2020,Alexandria,White,750,59,36
09/30/2020,"Lord Fairfax","Other Race",73,6,1
09/30/2020,"Thomas Jefferson","Not Reported",358,2,0
09/30/2020,"Virginia Beach","Not Reported",1865,12,2
09/30/2020,Loudoun,Black,325,34,6
09/30/2020,Pittsylvania-Danville,Latino,72,3,0
09/30/2020,"Cumberland Plateau","Not Reported",56,2,0
09/30/2020,Chesterfield,"Not Reported",1619,4,10
09/30/2020,"Mount Rogers",White,2332,232,114
09/30/2020,Richmond,White,767,45,15
09/30/2020,Lenowisco,"Not Reported",122,5,3
09/30/2020,"Three Rivers",Latino,160,5,1
09/30/2020,Piedmont,"Not Reported",770,11,4
09/30/2020,"Mount Rogers",Latino,294,6,0
09/30/2020,"Central Shenandoah","Two or more races",45,1,0
09/30/2020,Crater,White,835,56,28
09/30/2020,Arlington,White,1184,137,72
09/30/2020,Pittsylvania-Danville,"Other Race",3,0,0
09/30/2020,Chickahominy,Black,362,49,12
09/30/2020,Fairfax,Black,1726,248,66
09/30/2020,"Eastern Shore",Latino,260,11,3
09/30/2020,Norfolk,White,922,62,22
09/30/2020,"Mount Rogers","Two or more races",10,1,0
09/30/2020,Alleghany,"Two or more races",10,0,0
09/30/2020,Southside,White,301,29,19
09/30/2020,"Thomas Jefferson","Two or more races",59,1,0
09/30/2020,"Prince William",Black,1519,178,54
09/30/2020,"Lord Fairfax",White,1772,193,90
09/30/2020,"Cumberland Plateau",Latino,12,0,0
09/30/2020,Arlington,"Not Reported",353,2,1
09/30/2020,Rappahannock,"Other Race",129,4,0
09/30/2020,"Rappahannock Rapidan",Black,243,35,11
09/30/2020,"New River","Two or more races",35,0,0
09/30/2020,Arlington,Latino,1715,241,27
09/30/2020,Henrico,White,1494,142,108
09/30/2020,Loudoun,White,1653,124,91
09/30/2020,Hampton,White,271,10,5
09/30/2020,Alleghany,Black,110,7,3
09/30/2020,"Prince William",White,1770,178,90
09/30/2020,Rappahannock,White,1495,145,49
09/30/2020,Southside,"Other Race",14,1,1
09/30/2020,Portsmouth,"Two or more races",17,5,0
09/30/2020,"Western Tidewater",Black,1776,121,53
09/30/2020,Hampton,Latino,62,4,0
09/30/2020,Henrico,"Not Reported",933,4,4
09/30/2020,"West Piedmont","Two or more races",3,0,0
09/30/2020,Peninsula,"Not Reported",1631,3,0
09/30/2020,Loudoun,Latino,2259,198,15
09/30/2020,Alexandria,Black,799,99,17
09/30/2020,Piedmont,Black,556,62,17
09/30/2020,Roanoke,"Other Race",23,2,1
09/30/2020,Alexandria,"Two or more races",26,2,0
09/30/2020,"Western Tidewater",Latino,41,1,2
09/30/2020,Rappahannock,"Not Reported",1338,25,0
09/30/2020,"West Piedmont","Other Race",6,1,1
09/30/2020,Chickahominy,White,945,103,40
09/30/2020,"Thomas Jefferson",Latino,695,32,3
09/30/2020,"Cumberland Plateau",Black,46,0,0
09/30/2020,"Lord Fairfax",Latino,776,48,9
09/30/2020,"West Piedmont",Latino,263,10,1
09/30/2020,"Cumberland Plateau",White,729,56,10
09/30/2020,"Eastern Shore","Other Race",13,1,0
09/30/2020,"Cumberland Plateau","Two or more races",6,0,0
09/30/2020,Pittsylvania-Danville,"Two or more races",2,0,0
09/30/2020,Piedmont,"Other Race",10,0,0
09/30/2020,Alexandria,Latino,1789,136,11
09/30/2020,Chesapeake,Black,1683,228,33
09/30/2020,Richmond,"Other Race",136,9,3
09/30/2020,Henrico,Latino,884,56,11
09/30/2020,Piedmont,"Two or more races",4,2,0
09/30/2020,"Prince William","Other Race",472,16,1
09/30/2020,"New River","Not Reported",820,8,0
09/30/2020,"Rappahannock Rapidan",White,845,58,24
09/30/2020,"Central Virginia","Not Reported",1746,12,5
09/30/2020,"Virginia Beach","Two or more races",62,4,1
09/30/2020,Pittsylvania-Danville,White,509,54,20
09/30/2020,"Lord Fairfax",Black,145,21,6
09/30/2020,Fairfax,Latino,10005,1026,99
09/30/2020,Chesterfield,"Asian or Pacific Islander",87,4,1
09/30/2020,Crater,"Asian or Pacific Islander",22,0,0
09/30/2020,Fairfax,"Asian or Pacific Islander",1816,270,76
09/30/2020,Hampton,"Asian or Pacific Islander",14,0,0
09/30/2020,"Rappahannock Rapidan","Asian or Pacific Islander",10,1,0
09/30/2020,"Mount Rogers","Asian or Pacific Islander",3,1,0
09/30/2020,"New River","Asian or Pacific Islander",81,0,0
09/30/2020,"Central Virginia","Asian or Pacific Islander",17,1,0
09/30/2020,"Lord Fairfax","Asian or Pacific Islander",14,0,0
09/30/2020,Southside,"Asian or Pacific Islander",1,0,0
09/30/2020,Alleghany,"Asian or Pacific Islander",21,0,0
09/30/2020,Portsmouth,"Asian or Pacific Islander",22,2,0
09/30/2020,Roanoke,"Asian or Pacific Islander",29,2,0
09/30/2020,Richmond,"Asian or Pacific Islander",45,3,1
09/30/2020,"Thomas Jefferson","Asian or Pacific Islander",71,0,1
09/30/2020,"Virginia Beach","Asian or Pacific Islander",279,27,5
09/30/2020,Henrico,"Asian or Pacific Islander",214,11,4
09/30/2020,Piedmont,"Asian or Pacific Islander",9,0,1
09/30/2020,"Western Tidewater","Asian or Pacific Islander",21,2,3
09/30/2020,"West Piedmont","Asian or Pacific Islander",12,2,1
09/30/2020,Chickahominy,"Asian or Pacific Islander",16,1,0
09/30/2020,Peninsula,"Asian or Pacific Islander",46,4,5
09/30/2020,Norfolk,"Asian or Pacific Islander",65,7,0
09/30/2020,Arlington,"Asian or Pacific Islander",196,24,13
09/30/2020,Loudoun,"Asian or Pacific Islander",426,55,11
09/30/2020,Alexandria,"Asian or Pacific Islander",138,11,1
09/30/2020,Rappahannock,"Asian or Pacific Islander",88,10,2
09/30/2020,Chesapeake,"Asian or Pacific Islander",72,10,6
09/30/2020,"Cumberland Plateau and Lenowisco","Asian or Pacific Islander",1,0,0
09/30/2020,"Central Shenandoah","Asian or Pacific Islander",73,2,0
09/30/2020,"Prince William","Asian or Pacific Islander",599,57,17
09/30/2020,Pittsylvania-Danville,"Asian or Pacific Islander",3,0,0
09/30/2020,"Eastern Shore and Three Rivers","Asian or Pacific Islander",12,1,0
09/30/2020,Piedmont,"Native American",2,0,0
09/30/2020,"New River","Native American",1,0,0
09/30/2020,"Central Shenandoah","Native American",3,1,0
09/30/2020,"Eastern Shore and Three Rivers","Native American",1,0,0
09/30/2020,Fairfax,"Native American",35,1,1
09/30/2020,Chesapeake,"Native American",12,0,0
09/30/2020,"Western Tidewater","Native American",2,0,0
09/30/2020,Portsmouth,"Native American",4,2,0
09/30/2020,Richmond,"Native American",1,0,0
09/30/2020,Chickahominy,"Native American",6,1,0
09/30/2020,"Thomas Jefferson","Native American",2,0,0
09/30/2020,Arlington,"Native American",5,0,0
09/30/2020,"Virginia Beach","Native American",9,0,0
09/30/2020,Peninsula,"Native American",7,2,1
09/30/2020,Hampton,"Native American",4,0,1
09/30/2020,"West Piedmont","Native American",2,0,0
09/30/2020,"Cumberland Plateau, Lenowisco, and Mount Rogers","Native American",2,0,0
09/30/2020,Henrico,"Native American",10,0,0
09/30/2020,Norfolk,"Native American",9,1,1
09/30/2020,"Prince William","Native American",25,1,1
09/30/2020,"Central Virginia","Native American",3,0,0
09/30/2020,Chesterfield,"Native American",7,1,0
09/30/2020,Rappahannock,"Native American",6,0,0
09/30/2020,Loudoun,"Native American",5,0,0
09/30/2020,Alexandria,"Native American",4,0,0
09/30/2020,"Alleghany and Roanoke","Native American",1,0,0
09/30/2020,Crater,"Native American",6,1,1
09/30/2020,"Rappahannock Rapidan","Native American",1,0,0
09/30/2020,"Lord Fairfax","Native American",3,1,1
09/30/2020,"Pittsylvania-Danville and Southside","Native American",0,0,0
10/01/2020,"Rappahannock Rapidan","Not Reported",674,13,10
10/01/2020,Portsmouth,"Other Race",53,8,4
10/01/2020,"Western Tidewater","Two or more races",58,0,0
10/01/2020,Piedmont,White,561,53,25
10/01/2020,Chesterfield,Latino,1812,103,6
10/01/2020,Lenowisco,White,790,73,16
10/01/2020,Lenowisco,"Two or more races",2,0,0
10/01/2020,Hampton,"Not Reported",614,3,2
10/01/2020,Southside,"Not Reported",600,11,5
10/01/2020,Roanoke,Black,358,27,5
10/01/2020,Hampton,Black,810,50,18
10/01/2020,Alleghany,"Other Race",12,1,0
10/01/2020,Lenowisco,Latino,13,0,0
10/01/2020,Loudoun,"Other Race",214,17,2
10/01/2020,"Central Shenandoah",Latino,1129,57,6
10/01/2020,"Rappahannock Rapidan",Latino,814,62,7
10/01/2020,"Eastern Shore",Black,857,99,29
10/01/2020,Norfolk,Latino,342,25,0
10/01/2020,Hampton,"Two or more races",15,0,0
10/01/2020,Richmond,Black,1636,249,33
10/01/2020,Henrico,"Two or more races",51,3,0
10/01/2020,Fairfax,"Two or more races",101,5,0
10/01/2020,Alleghany,"Not Reported",466,1,0
10/01/2020,Portsmouth,"Not Reported",554,5,1
10/01/2020,"Cumberland Plateau","Other Race",4,1,0
10/01/2020,Southside,"Two or more races",27,0,0
10/01/2020,Portsmouth,White,340,44,9
10/01/2020,"Rappahannock Rapidan","Two or more races",36,3,0
10/01/2020,Fairfax,White,4214,507,312
10/01/2020,Fairfax,"Other Race",828,85,19
10/01/2020,Crater,"Two or more races",11,0,0
10/01/2020,"West Piedmont","Not Reported",425,27,5
10/01/2020,Henrico,"Other Race",160,13,0
10/01/2020,"Three Rivers",White,710,53,18
10/01/2020,"Central Virginia",Black,306,34,8
10/01/2020,Lenowisco,"Other Race",8,0,0
10/01/2020,"Three Rivers","Other Race",17,3,0
10/01/2020,"Western Tidewater",White,991,68,61
10/01/2020,"Mount Rogers",Black,67,8,3
10/01/2020,"Three Rivers","Not Reported",267,4,1
10/01/2020,"Thomas Jefferson",Black,515,69,16
10/01/2020,"Eastern Shore",White,269,27,18
10/01/2020,"Central Virginia",White,1163,74,24
10/01/2020,Lenowisco,Black,9,1,1
10/01/2020,"Central Virginia","Two or more races",9,0,0
10/01/2020,Richmond,"Two or more races",43,2,0
10/01/2020,Crater,"Not Reported",886,10,6
10/01/2020,Chesterfield,"Two or more races",41,4,0
10/01/2020,"New River",Latino,174,5,0
10/01/2020,Richmond,Latino,1338,111,8
10/01/2020,Portsmouth,Latino,76,11,1
10/01/2020,Pittsylvania-Danville,"Not Reported",717,12,0
10/01/2020,Chesapeake,"Not Reported",758,7,0
10/01/2020,Chickahominy,Latino,95,4,0
10/01/2020,Crater,Black,2058,199,65
10/01/2020,Chesterfield,Black,1229,125,30
10/01/2020,Chesterfield,"Other Race",145,12,0
10/01/2020,Peninsula,Black,1175,82,27
10/01/2020,Roanoke,White,383,17,18
10/01/2020,"New River",Black,189,5,0
10/01/2020,Southside,Latino,9,0,0
10/01/2020,Peninsula,Latino,350,22,1
10/01/2020,Rappahannock,"Two or more races",43,3,0
10/01/2020,"Virginia Beach",Black,1766,132,24
10/01/2020,"Mount Rogers","Not Reported",134,6,5
10/01/2020,Loudoun,"Not Reported",1938,5,0
10/01/2020,Chesapeake,"Other Race",58,5,1
10/01/2020,Chickahominy,"Two or more races",6,1,0
10/01/2020,Crater,"Other Race",46,0,0
10/01/2020,Norfolk,"Two or more races",58,2,0
10/01/2020,"Eastern Shore","Two or more races",1,1,0
10/01/2020,"Central Shenandoah",White,3245,190,59
10/01/2020,"New River","Other Race",14,0,0
10/01/2020,"New River",White,1983,42,20
10/01/2020,"Central Shenandoah","Other Race",86,2,0
10/01/2020,"West Piedmont",Black,481,88,14
10/01/2020,Alleghany,Latino,167,12,0
10/01/2020,"Central Shenandoah","Not Reported",725,4,1
10/01/2020,Roanoke,"Two or more races",9,2,0
10/01/2020,Peninsula,"Two or more races",56,3,1
10/01/2020,Richmond,"Not Reported",714,1,1
10/01/2020,Arlington,"Other Race",93,10,4
10/01/2020,Norfolk,"Not Reported",962,4,0
10/01/2020,Alexandria,"Other Race",85,9,3
10/01/2020,"Virginia Beach",White,2446,181,57
10/01/2020,Chesapeake,"Two or more races",49,3,1
10/01/2020,Alleghany,White,863,57,26
10/01/2020,"Rappahannock Rapidan","Other Race",37,3,0
10/01/2020,Chickahominy,"Not Reported",427,3,1
10/01/2020,Portsmouth,Black,1533,212,44
10/01/2020,Chickahominy,"Other Race",18,2,0
10/01/2020,"Virginia Beach",Latino,426,25,4
10/01/2020,Chesapeake,White,1389,138,29
10/01/2020,Southside,Black,504,44,20
10/01/2020,Rappahannock,Latino,1351,112,8
10/01/2020,"Three Rivers","Two or more races",8,0,0
10/01/2020,Henrico,Black,1756,215,90
10/01/2020,Pittsylvania-Danville,Black,621,75,18
10/01/2020,"Lord Fairfax","Two or more races",17,0,0
10/01/2020,"Prince William",Latino,6444,642,76
10/01/2020,"Mount Rogers","Other Race",11,2,2
10/01/2020,"Central Shenandoah",Black,234,13,4
10/01/2020,Peninsula,White,1022,83,45
10/01/2020,"Eastern Shore","Not Reported",84,0,0
10/01/2020,"Thomas Jefferson","Other Race",169,3,1
10/01/2020,Hampton,"Other Race",55,2,1
10/01/2020,"Lord Fairfax","Not Reported",357,5,6
10/01/2020,"Central Virginia","Other Race",20,0,0
10/01/2020,"Western Tidewater","Other Race",81,1,2
10/01/2020,Crater,Latino,206,9,4
10/01/2020,Chesapeake,Latino,310,26,2
10/01/2020,Chesterfield,White,1658,133,79
10/01/2020,"Western Tidewater","Not Reported",962,6,4
10/01/2020,Fairfax,"Not Reported",2473,46,30
10/01/2020,Arlington,Black,408,84,33
10/01/2020,"Central Virginia",Latino,68,6,2
10/01/2020,Alexandria,"Not Reported",259,7,1
10/01/2020,"Three Rivers",Black,656,51,10
10/01/2020,"Prince William","Two or more races",93,1,0
10/01/2020,Loudoun,"Two or more races",53,2,0
10/01/2020,Peninsula,"Other Race",158,3,1
10/01/2020,"Thomas Jefferson",White,1721,82,49
10/01/2020,Norfolk,"Other Race",85,4,2
10/01/2020,"Prince William","Not Reported",4211,29,0
10/01/2020,"West Piedmont",White,934,125,51
10/01/2020,Rappahannock,Black,884,95,16
10/01/2020,Norfolk,Black,2445,261,53
10/01/2020,Roanoke,Latino,385,20,0
10/01/2020,Piedmont,Latino,75,8,2
10/01/2020,Roanoke,"Not Reported",612,2,4
10/01/2020,"Virginia Beach","Other Race",106,2,0
10/01/2020,Arlington,"Two or more races",41,2,0
10/01/2020,Alexandria,White,753,59,36
10/01/2020,"Lord Fairfax","Other Race",73,6,1
10/01/2020,"Thomas Jefferson","Not Reported",362,2,0
10/01/2020,"Virginia Beach","Not Reported",1859,12,2
10/01/2020,Loudoun,Black,328,34,6
10/01/2020,Pittsylvania-Danville,Latino,72,3,0
10/01/2020,"Cumberland Plateau","Not Reported",57,2,0
10/01/2020,Chesterfield,"Not Reported",1572,4,10
10/01/2020,"Mount Rogers",White,2350,234,115
10/01/2020,Richmond,White,771,45,16
10/01/2020,Lenowisco,"Not Reported",122,5,3
10/01/2020,"Three Rivers",Latino,158,5,1
10/01/2020,Piedmont,"Not Reported",769,11,4
10/01/2020,"Mount Rogers",Latino,295,6,0
10/01/2020,"Central Shenandoah","Two or more races",45,1,0
10/01/2020,Crater,White,841,56,28
10/01/2020,Arlington,White,1186,137,72
10/01/2020,Pittsylvania-Danville,"Other Race",3,0,0
10/01/2020,Chickahominy,Black,362,49,12
10/01/2020,Fairfax,Black,1728,249,66
10/01/2020,"Eastern Shore",Latino,260,11,3
10/01/2020,Norfolk,White,925,62,22
10/01/2020,"Mount Rogers","Two or more races",9,1,0
10/01/2020,Alleghany,"Two or more races",11,0,0
10/01/2020,Southside,White,306,29,19
10/01/2020,"Thomas Jefferson","Two or more races",61,1,0
10/01/2020,"Prince William",Black,1522,178,54
10/01/2020,"Lord Fairfax",White,1785,195,93
10/01/2020,"Cumberland Plateau",Latino,12,0,0
10/01/2020,Arlington,"Not Reported",353,2,1
10/01/2020,Rappahannock,"Other Race",129,4,0
10/01/2020,"Rappahannock Rapidan",Black,245,35,11
10/01/2020,"New River","Two or more races",38,0,0
10/01/2020,Arlington,Latino,1714,241,27
10/01/2020,Henrico,White,1505,140,108
10/01/2020,Loudoun,White,1661,124,91
10/01/2020,Hampton,White,275,10,5
10/01/2020,Alleghany,Black,110,7,3
10/01/2020,"Prince William",White,1770,180,92
10/01/2020,Rappahannock,White,1502,146,51
10/01/2020,Southside,"Other Race",14,1,1
10/01/2020,Portsmouth,"Two or more races",17,5,0
10/01/2020,"Western Tidewater",Black,1777,122,54
10/01/2020,Hampton,Latino,63,4,0
10/01/2020,Henrico,"Not Reported",919,4,4
10/01/2020,"West Piedmont","Two or more races",3,0,0
10/01/2020,Peninsula,"Not Reported",1617,3,0
10/01/2020,Loudoun,Latino,2261,199,15
10/01/2020,Alexandria,Black,801,99,17
10/01/2020,Piedmont,Black,556,62,17
10/01/2020,Roanoke,"Other Race",23,2,1
10/01/2020,Alexandria,"Two or more races",26,2,0
10/01/2020,"Western Tidewater",Latino,41,1,2
10/01/2020,Rappahannock,"Not Reported",1345,26,0
10/01/2020,"West Piedmont","Other Race",7,1,1
10/01/2020,Chickahominy,White,949,103,40
10/01/2020,"Thomas Jefferson",Latino,700,32,3
10/01/2020,"Cumberland Plateau",Black,47,0,0
10/01/2020,"Lord Fairfax",Latino,776,49,9
10/01/2020,"West Piedmont",Latino,263,10,1
10/01/2020,"Cumberland Plateau",White,731,57,10
10/01/2020,"Eastern Shore","Other Race",13,1,0
10/01/2020,"Cumberland Plateau","Two or more races",7,0,0
10/01/2020,Pittsylvania-Danville,"Two or more races",2,0,0
10/01/2020,Piedmont,"Other Race",10,0,0
10/01/2020,Alexandria,Latino,1793,137,11
10/01/2020,Chesapeake,Black,1707,229,33
10/01/2020,Richmond,"Other Race",135,9,3
10/01/2020,Henrico,Latino,887,56,11
10/01/2020,Piedmont,"Two or more races",4,2,0
10/01/2020,"Prince William","Other Race",470,16,1
10/01/2020,"New River","Not Reported",819,8,0
10/01/2020,"Rappahannock Rapidan",White,850,58,24
10/01/2020,"Central Virginia","Not Reported",1742,16,5
10/01/2020,"Virginia Beach","Two or more races",64,4,1
10/01/2020,Pittsylvania-Danville,White,517,56,20
10/01/2020,"Lord Fairfax",Black,145,21,6
10/01/2020,Fairfax,Latino,10027,1029,99
10/01/2020,Chesterfield,"Asian or Pacific Islander",87,4,1
10/01/2020,Crater,"Asian or Pacific Islander",22,0,0
10/01/2020,Fairfax,"Asian or Pacific Islander",1821,271,76
10/01/2020,Hampton,"Asian or Pacific Islander",15,0,0
10/01/2020,"Rappahannock Rapidan","Asian or Pacific Islander",10,1,0
10/01/2020,"Mount Rogers","Asian or Pacific Islander",3,1,0
10/01/2020,"New River","Asian or Pacific Islander",82,0,0
10/01/2020,"Central Virginia","Asian or Pacific Islander",19,1,0
10/01/2020,"Lord Fairfax","Asian or Pacific Islander",14,0,0
10/01/2020,Southside,"Asian or Pacific Islander",1,0,0
10/01/2020,Alleghany,"Asian or Pacific Islander",21,0,0
10/01/2020,Portsmouth,"Asian or Pacific Islander",22,2,0
10/01/2020,Roanoke,"Asian or Pacific Islander",30,2,0
10/01/2020,Richmond,"Asian or Pacific Islander",45,3,1
10/01/2020,"Thomas Jefferson","Asian or Pacific Islander",71,0,1
10/01/2020,"Virginia Beach","Asian or Pacific Islander",281,27,5
10/01/2020,Henrico,"Asian or Pacific Islander",213,11,4
10/01/2020,Piedmont,"Asian or Pacific Islander",9,0,1
10/01/2020,"Western Tidewater","Asian or Pacific Islander",21,2,3
10/01/2020,"West Piedmont","Asian or Pacific Islander",12,2,1
10/01/2020,Chickahominy,"Asian or Pacific Islander",16,1,0
10/01/2020,Peninsula,"Asian or Pacific Islander",46,4,5
10/01/2020,Norfolk,"Asian or Pacific Islander",65,7,0
10/01/2020,Arlington,"Asian or Pacific Islander",197,24,13
10/01/2020,Loudoun,"Asian or Pacific Islander",427,55,12
10/01/2020,Alexandria,"Asian or Pacific Islander",138,11,1
10/01/2020,Rappahannock,"Asian or Pacific Islander",88,10,2
10/01/2020,Chesapeake,"Asian or Pacific Islander",73,10,6
10/01/2020,"Cumberland Plateau and Lenowisco","Asian or Pacific Islander",1,0,0
10/01/2020,"Central Shenandoah","Asian or Pacific Islander",73,2,0
10/01/2020,"Prince William","Asian or Pacific Islander",603,57,17
10/01/2020,Pittsylvania-Danville,"Asian or Pacific Islander",3,0,0
10/01/2020,"Eastern Shore and Three Rivers","Asian or Pacific Islander",13,1,0
10/01/2020,Piedmont,"Native American",2,0,0
10/01/2020,"New River","Native American",1,0,0
10/01/2020,"Central Shenandoah","Native American",3,1,0
10/01/2020,"Eastern Shore and Three Rivers","Native American",1,0,0
10/01/2020,Fairfax,"Native American",34,1,1
10/01/2020,Chesapeake,"Native American",13,0,0
10/01/2020,"Western Tidewater","Native American",2,0,0
10/01/2020,Portsmouth,"Native American",4,2,0
10/01/2020,Richmond,"Native American",1,0,0
10/01/2020,Chickahominy,"Native American",6,1,0
10/01/2020,"Thomas Jefferson","Native American",3,0,0
10/01/2020,Arlington,"Native American",5,0,0
10/01/2020,"Virginia Beach","Native American",9,0,0
10/01/2020,Peninsula,"Native American",7,2,1
10/01/2020,Hampton,"Native American",4,0,1
10/01/2020,"West Piedmont","Native American",2,0,0
10/01/2020,"Cumberland Plateau, Lenowisco, and Mount Rogers","Native American",2,0,0
10/01/2020,Henrico,"Native American",10,0,0
10/01/2020,Norfolk,"Native American",9,1,1
10/01/2020,"Prince William","Native American",25,1,1
10/01/2020,"Central Virginia","Native American",3,0,0
10/01/2020,Chesterfield,"Native American",7,1,0
10/01/2020,Rappahannock,"Native American",6,0,0
10/01/2020,Loudoun,"Native American",5,0,0
10/01/2020,Alexandria,"Native American",4,0,0
10/01/2020,"Alleghany and Roanoke","Native American",1,0,0
10/01/2020,Crater,"Native American",6,1,1
10/01/2020,"Rappahannock Rapidan","Native American",1,0,0
10/01/2020,"Lord Fairfax","Native American",3,1,1
10/01/2020,"Pittsylvania-Danville and Southside","Native American",0,0,0
10/02/2020,"Rappahannock Rapidan","Not Reported",673,13,10
10/02/2020,Portsmouth,"Other Race",53,8,4
10/02/2020,"Western Tidewater","Two or more races",58,0,0
10/02/2020,Piedmont,White,569,53,25
10/02/2020,Chesterfield,Latino,1830,105,6
10/02/2020,Lenowisco,White,802,75,16
10/02/2020,Lenowisco,"Two or more races",2,0,0
10/02/2020,Hampton,"Not Reported",617,3,2
10/02/2020,Southside,"Not Reported",608,11,5
10/02/2020,Roanoke,Black,371,27,5
10/02/2020,Hampton,Black,814,50,18
10/02/2020,Alleghany,"Other Race",12,1,0
10/02/2020,Lenowisco,Latino,14,0,0
10/02/2020,Loudoun,"Other Race",217,17,2
10/02/2020,"Central Shenandoah",Latino,1132,57,6
10/02/2020,"Rappahannock Rapidan",Latino,817,62,7
10/02/2020,"Eastern Shore",Black,857,99,29
10/02/2020,Norfolk,Latino,342,25,0
10/02/2020,Hampton,"Two or more races",15,0,0
10/02/2020,Richmond,Black,1645,249,33
10/02/2020,Henrico,"Two or more races",59,4,0
10/02/2020,Fairfax,"Two or more races",104,5,0
10/02/2020,Alleghany,"Not Reported",465,1,0
10/02/2020,Portsmouth,"Not Reported",558,5,1
10/02/2020,"Cumberland Plateau","Other Race",4,1,0
10/02/2020,Southside,"Two or more races",27,0,0
10/02/2020,Portsmouth,White,340,44,9
10/02/2020,"Rappahannock Rapidan","Two or more races",37,3,0
10/02/2020,Fairfax,White,4226,508,314
10/02/2020,Fairfax,"Other Race",831,86,19
10/02/2020,Crater,"Two or more races",11,0,0
10/02/2020,"West Piedmont","Not Reported",429,27,5
10/02/2020,Henrico,"Other Race",163,13,0
10/02/2020,"Three Rivers",White,718,53,19
10/02/2020,"Central Virginia",Black,309,34,8
10/02/2020,Lenowisco,"Other Race",8,0,0
10/02/2020,"Three Rivers","Other Race",18,3,0
10/02/2020,"Western Tidewater",White,1001,70,63
10/02/2020,"Mount Rogers",Black,67,8,3
10/02/2020,"Three Rivers","Not Reported",265,4,1
10/02/2020,"Thomas Jefferson",Black,519,69,16
10/02/2020,"Eastern Shore",White,271,27,18
10/02/2020,"Central Virginia",White,1208,75,25
10/02/2020,Lenowisco,Black,9,1,1
10/02/2020,"Central Virginia","Two or more races",11,0,0
10/02/2020,Richmond,"Two or more races",43,2,0
10/02/2020,Crater,"Not Reported",939,10,6
10/02/2020,Chesterfield,"Two or more races",42,4,0
10/02/2020,"New River",Latino,174,5,0
10/02/2020,Richmond,Latino,1344,112,8
10/02/2020,Portsmouth,Latino,76,11,1
10/02/2020,Pittsylvania-Danville,"Not Reported",718,13,0
10/02/2020,Chesapeake,"Not Reported",738,7,0
10/02/2020,Chickahominy,Latino,97,4,0
10/02/2020,Crater,Black,2077,200,65
10/02/2020,Chesterfield,Black,1251,125,31
10/02/2020,Chesterfield,"Other Race",140,11,0
10/02/2020,Peninsula,Black,1186,82,27
10/02/2020,Roanoke,White,390,18,18
10/02/2020,"New River",Black,189,5,1
10/02/2020,Southside,Latino,9,0,0
10/02/2020,Peninsula,Latino,356,22,1
10/02/2020,Rappahannock,"Two or more races",39,3,0
10/02/2020,"Virginia Beach",Black,1775,132,24
10/02/2020,"Mount Rogers","Not Reported",138,6,5
10/02/2020,Loudoun,"Not Reported",1935,5,0
10/02/2020,Chesapeake,"Other Race",55,5,1
10/02/2020,Chickahominy,"Two or more races",6,1,0
10/02/2020,Crater,"Other Race",47,0,0
10/02/2020,Norfolk,"Two or more races",58,2,0
10/02/2020,"Eastern Shore","Two or more races",1,1,0
10/02/2020,"Central Shenandoah",White,3263,190,59
10/02/2020,"New River","Other Race",14,0,0
10/02/2020,"New River",White,2013,43,21
10/02/2020,"Central Shenandoah","Other Race",87,2,0
10/02/2020,"West Piedmont",Black,482,88,14
10/02/2020,Alleghany,Latino,167,12,0
10/02/2020,"Central Shenandoah","Not Reported",741,4,1
10/02/2020,Roanoke,"Two or more races",10,2,0
10/02/2020,Peninsula,"Two or more races",57,3,1
10/02/2020,Richmond,"Not Reported",713,1,1
10/02/2020,Arlington,"Other Race",93,10,4
10/02/2020,Norfolk,"Not Reported",961,4,0
10/02/2020,Alexandria,"Other Race",84,9,3
10/02/2020,"Virginia Beach",White,2471,182,57
10/02/2020,Chesapeake,"Two or more races",51,3,1
10/02/2020,Alleghany,White,881,57,26
10/02/2020,"Rappahannock Rapidan","Other Race",37,3,0
10/02/2020,Chickahominy,"Not Reported",432,3,1
10/02/2020,Portsmouth,Black,1534,212,44
10/02/2020,Chickahominy,"Other Race",18,2,0
10/02/2020,"Virginia Beach",Latino,427,26,4
10/02/2020,Chesapeake,White,1405,140,29
10/02/2020,Southside,Black,505,44,20
10/02/2020,Rappahannock,Latino,1358,112,8
10/02/2020,"Three Rivers","Two or more races",8,0,0
10/02/2020,Henrico,Black,1764,216,90
10/02/2020,Pittsylvania-Danville,Black,631,76,18
10/02/2020,"Lord Fairfax","Two or more races",17,0,0
10/02/2020,"Prince William",Latino,6473,643,76
10/02/2020,"Mount Rogers","Other Race",11,2,2
10/02/2020,"Central Shenandoah",Black,237,13,4
10/02/2020,Peninsula,White,1039,85,47
10/02/2020,"Eastern Shore","Not Reported",85,0,0
10/02/2020,"Thomas Jefferson","Other Race",168,3,1
10/02/2020,Hampton,"Other Race",56,2,1
10/02/2020,"Lord Fairfax","Not Reported",361,5,6
10/02/2020,"Central Virginia","Other Race",21,0,0
10/02/2020,"Western Tidewater","Other Race",81,1,2
10/02/2020,Crater,Latino,208,9,4
10/02/2020,Chesapeake,Latino,317,26,2
10/02/2020,Chesterfield,White,1695,134,79
10/02/2020,"Western Tidewater","Not Reported",967,6,4
10/02/2020,Fairfax,"Not Reported",2481,47,30
10/02/2020,Arlington,Black,411,85,34
10/02/2020,"Central Virginia",Latino,72,6,2
10/02/2020,Alexandria,"Not Reported",260,7,1
10/02/2020,"Three Rivers",Black,670,54,10
10/02/2020,"Prince William","Two or more races",94,1,0
10/02/2020,Loudoun,"Two or more races",53,2,0
10/02/2020,Peninsula,"Other Race",157,3,1
10/02/2020,"Thomas Jefferson",White,1758,82,49
10/02/2020,Norfolk,"Other Race",85,4,2
10/02/2020,"Prince William","Not Reported",4211,29,0
10/02/2020,"West Piedmont",White,947,125,53
10/02/2020,Rappahannock,Black,892,97,16
10/02/2020,Norfolk,Black,2451,262,53
10/02/2020,Roanoke,Latino,389,20,0
10/02/2020,Piedmont,Latino,75,8,2
10/02/2020,Roanoke,"Not Reported",617,2,4
10/02/2020,"Virginia Beach","Other Race",109,2,0
10/02/2020,Arlington,"Two or more races",41,3,0
10/02/2020,Alexandria,White,755,60,36
10/02/2020,"Lord Fairfax","Other Race",73,6,1
10/02/2020,"Thomas Jefferson","Not Reported",365,2,0
10/02/2020,"Virginia Beach","Not Reported",1863,12,2
10/02/2020,Loudoun,Black,331,34,6
10/02/2020,Pittsylvania-Danville,Latino,72,3,0
10/02/2020,"Cumberland Plateau","Not Reported",63,2,0
10/02/2020,Chesterfield,"Not Reported",1526,4,10
10/02/2020,"Mount Rogers",White,2361,237,116
10/02/2020,Richmond,White,773,45,16
10/02/2020,Lenowisco,"Not Reported",123,5,3
10/02/2020,"Three Rivers",Latino,158,5,1
10/02/2020,Piedmont,"Not Reported",794,11,4
10/02/2020,"Mount Rogers",Latino,296,6,0
10/02/2020,"Central Shenandoah","Two or more races",45,1,0
10/02/2020,Crater,White,848,56,28
10/02/2020,Arlington,White,1190,137,72
10/02/2020,Pittsylvania-Danville,"Other Race",3,0,0
10/02/2020,Chickahominy,Black,363,49,12
10/02/2020,Fairfax,Black,1730,249,66
10/02/2020,"Eastern Shore",Latino,260,11,3
10/02/2020,Norfolk,White,929,63,22
10/02/2020,"Mount Rogers","Two or more races",9,1,0
10/02/2020,Alleghany,"Two or more races",11,0,0
10/02/2020,Southside,White,310,30,19
10/02/2020,"Thomas Jefferson","Two or more races",64,1,0
10/02/2020,"Prince William",Black,1526,178,54
10/02/2020,"Lord Fairfax",White,1793,196,93
10/02/2020,"Cumberland Plateau",Latino,12,0,0
10/02/2020,Arlington,"Not Reported",347,2,1
10/02/2020,Rappahannock,"Other Race",129,4,0
10/02/2020,"Rappahannock Rapidan",Black,247,35,11
10/02/2020,"New River","Two or more races",38,0,0
10/02/2020,Arlington,Latino,1724,242,27
10/02/2020,Henrico,White,1513,139,109
10/02/2020,Loudoun,White,1672,124,91
10/02/2020,Hampton,White,275,10,5
10/02/2020,Alleghany,Black,113,7,3
10/02/2020,"Prince William",White,1776,180,93
10/02/2020,Rappahannock,White,1513,146,51
10/02/2020,Southside,"Other Race",14,1,1
10/02/2020,Portsmouth,"Two or more races",17,5,0
10/02/2020,"Western Tidewater",Black,1782,122,54
10/02/2020,Hampton,Latino,63,4,0
10/02/2020,Henrico,"Not Reported",903,3,4
10/02/2020,"West Piedmont","Two or more races",3,0,0
10/02/2020,Peninsula,"Not Reported",1617,3,0
10/02/2020,Loudoun,Latino,2273,199,15
10/02/2020,Alexandria,Black,803,100,17
10/02/2020,Piedmont,Black,563,63,19
10/02/2020,Roanoke,"Other Race",23,2,1
10/02/2020,Alexandria,"Two or more races",27,2,0
10/02/2020,"Western Tidewater",Latino,43,1,2
10/02/2020,Rappahannock,"Not Reported",1350,25,0
10/02/2020,"West Piedmont","Other Race",7,1,1
10/02/2020,Chickahominy,White,959,105,41
10/02/2020,"Thomas Jefferson",Latino,700,32,3
10/02/2020,"Cumberland Plateau",Black,47,0,0
10/02/2020,"Lord Fairfax",Latino,778,49,9
10/02/2020,"West Piedmont",Latino,264,10,1
10/02/2020,"Cumberland Plateau",White,744,58,10
10/02/2020,"Eastern Shore","Other Race",13,1,0
10/02/2020,"Cumberland Plateau","Two or more races",7,0,0
10/02/2020,Pittsylvania-Danville,"Two or more races",2,0,0
10/02/2020,Piedmont,"Other Race",10,0,0
10/02/2020,Alexandria,Latino,1802,137,11
10/02/2020,Chesapeake,Black,1723,229,33
10/02/2020,Richmond,"Other Race",136,9,3
10/02/2020,Henrico,Latino,887,56,11
10/02/2020,Piedmont,"Two or more races",4,2,0
10/02/2020,"Prince William","Other Race",472,18,1
10/02/2020,"New River","Not Reported",827,8,0
10/02/2020,"Rappahannock Rapidan",White,859,59,24
10/02/2020,"Central Virginia","Not Reported",1783,16,5
10/02/2020,"Virginia Beach","Two or more races",64,4,1
10/02/2020,Pittsylvania-Danville,White,539,57,21
10/02/2020,"Lord Fairfax",Black,145,21,6
10/02/2020,Fairfax,Latino,10037,1029,99
10/02/2020,Chesterfield,"Asian or Pacific Islander",93,4,1
10/02/2020,Crater,"Asian or Pacific Islander",22,0,0
10/02/2020,Fairfax,"Asian or Pacific Islander",1829,271,76
10/02/2020,Hampton,"Asian or Pacific Islander",15,0,0
10/02/2020,"Rappahannock Rapidan","Asian or Pacific Islander",10,1,0
10/02/2020,"Mount Rogers","Asian or Pacific Islander",3,1,0
10/02/2020,"New River","Asian or Pacific Islander",85,0,0
10/02/2020,"Central Virginia","Asian or Pacific Islander",20,1,0
10/02/2020,"Lord Fairfax","Asian or Pacific Islander",14,0,0
10/02/2020,Southside,"Asian or Pacific Islander",1,0,0
10/02/2020,Alleghany,"Asian or Pacific Islander",21,0,0
10/02/2020,Portsmouth,"Asian or Pacific Islander",22,2,0
10/02/2020,Roanoke,"Asian or Pacific Islander",30,2,0
10/02/2020,Richmond,"Asian or Pacific Islander",46,3,1
10/02/2020,"Thomas Jefferson","Asian or Pacific Islander",74,0,1
10/02/2020,"Virginia Beach","Asian or Pacific Islander",282,28,5
10/02/2020,Henrico,"Asian or Pacific Islander",217,11,4
10/02/2020,Piedmont,"Asian or Pacific Islander",9,0,1
10/02/2020,"Western Tidewater","Asian or Pacific Islander",21,2,3
10/02/2020,"West Piedmont","Asian or Pacific Islander",12,2,1
10/02/2020,Chickahominy,"Asian or Pacific Islander",16,1,0
10/02/2020,Peninsula,"Asian or Pacific Islander",47,4,6
10/02/2020,Norfolk,"Asian or Pacific Islander",65,7,0
10/02/2020,Arlington,"Asian or Pacific Islander",198,24,13
10/02/2020,Loudoun,"Asian or Pacific Islander",430,55,12
10/02/2020,Alexandria,"Asian or Pacific Islander",138,11,1
10/02/2020,Rappahannock,"Asian or Pacific Islander",89,10,2
10/02/2020,Chesapeake,"Asian or Pacific Islander",73,10,6
10/02/2020,"Cumberland Plateau and Lenowisco","Asian or Pacific Islander",1,0,0
10/02/2020,"Central Shenandoah","Asian or Pacific Islander",73,2,0
10/02/2020,"Prince William","Asian or Pacific Islander",606,57,17
10/02/2020,Pittsylvania-Danville,"Asian or Pacific Islander",3,0,0
10/02/2020,"Eastern Shore and Three Rivers","Asian or Pacific Islander",13,1,0
10/02/2020,Piedmont,"Native American",2,0,0
10/02/2020,"New River","Native American",1,0,0
10/02/2020,"Central Shenandoah","Native American",3,1,0
10/02/2020,"Eastern Shore and Three Rivers","Native American",1,0,0
10/02/2020,Fairfax,"Native American",34,1,1
10/02/2020,Chesapeake,"Native American",13,0,0
10/02/2020,"Western Tidewater","Native American",2,0,0
10/02/2020,Portsmouth,"Native American",4,2,0
10/02/2020,Richmond,"Native American",1,0,0
10/02/2020,Chickahominy,"Native American",6,1,0
10/02/2020,"Thomas Jefferson","Native American",3,0,0
10/02/2020,Arlington,"Native American",5,0,0
10/02/2020,"Virginia Beach","Native American",9,0,0
10/02/2020,Peninsula,"Native American",7,2,1
10/02/2020,Hampton,"Native American",4,0,1
10/02/2020,"West Piedmont","Native American",2,0,0
10/02/2020,"Cumberland Plateau, Lenowisco, and Mount Rogers","Native American",2,0,0
10/02/2020,Henrico,"Native American",10,0,0
10/02/2020,Norfolk,"Native American",9,1,1
10/02/2020,"Prince William","Native American",25,1,1
10/02/2020,"Central Virginia","Native American",3,0,0
10/02/2020,Chesterfield,"Native American",7,1,0
10/02/2020,Rappahannock,"Native American",6,0,0
10/02/2020,Loudoun,"Native American",5,0,0
10/02/2020,Alexandria,"Native American",4,0,0
10/02/2020,"Alleghany and Roanoke","Native American",3,0,0
10/02/2020,Crater,"Native American",6,1,1
10/02/2020,"Rappahannock Rapidan","Native American",1,0,0
10/02/2020,"Lord Fairfax","Native American",3,1,1
10/02/2020,"Pittsylvania-Danville and Southside","Native American",0,0,0
10/03/2020,"Rappahannock Rapidan","Not Reported",673,13,10
10/03/2020,Portsmouth,"Other Race",54,8,4
10/03/2020,"Western Tidewater","Two or more races",58,0,0
10/03/2020,Piedmont,White,575,53,25
10/03/2020,Chesterfield,Latino,1854,106,6
10/03/2020,Lenowisco,White,811,75,16
10/03/2020,Lenowisco,"Two or more races",3,0,0
10/03/2020,Hampton,"Not Reported",618,3,2
10/03/2020,Southside,"Not Reported",637,11,5
10/03/2020,Roanoke,Black,384,27,6
10/03/2020,Hampton,Black,822,50,18
10/03/2020,Alleghany,"Other Race",12,1,0
10/03/2020,Lenowisco,Latino,14,0,0
10/03/2020,Loudoun,"Other Race",223,17,2
10/03/2020,"Central Shenandoah",Latino,1137,58,6
10/03/2020,"Rappahannock Rapidan",Latino,818,62,7
10/03/2020,"Eastern Shore",Black,857,99,29
10/03/2020,Norfolk,Latino,343,25,0
10/03/2020,Hampton,"Two or more races",15,0,0
10/03/2020,Richmond,Black,1675,249,33
10/03/2020,Henrico,"Two or more races",59,4,0
10/03/2020,Fairfax,"Two or more races",106,5,0
10/03/2020,Alleghany,"Not Reported",475,1,0
10/03/2020,Portsmouth,"Not Reported",558,5,1
10/03/2020,"Cumberland Plateau","Other Race",4,1,0
10/03/2020,Southside,"Two or more races",28,0,0
10/03/2020,Portsmouth,White,343,44,9
10/03/2020,"Rappahannock Rapidan","Two or more races",37,3,0
10/03/2020,Fairfax,White,4260,511,314
10/03/2020,Fairfax,"Other Race",838,88,19
10/03/2020,Crater,"Two or more races",11,0,0
10/03/2020,"West Piedmont","Not Reported",453,26,5
10/03/2020,Henrico,"Other Race",172,14,0
10/03/2020,"Three Rivers",White,721,53,20
10/03/2020,"Central Virginia",Black,315,35,8
10/03/2020,Lenowisco,"Other Race",8,0,0
10/03/2020,"Three Rivers","Other Race",18,3,0
10/03/2020,"Western Tidewater",White,1009,70,65
10/03/2020,"Mount Rogers",Black,67,8,3
10/03/2020,"Three Rivers","Not Reported",267,4,1
10/03/2020,"Thomas Jefferson",Black,527,69,16
10/03/2020,"Eastern Shore",White,272,27,18
10/03/2020,"Central Virginia",White,1226,75,25
10/03/2020,Lenowisco,Black,9,1,1
10/03/2020,"Central Virginia","Two or more races",12,0,0
10/03/2020,Richmond,"Two or more races",43,2,0
10/03/2020,Crater,"Not Reported",948,10,6
10/03/2020,Chesterfield,"Two or more races",42,4,0
10/03/2020,"New River",Latino,176,5,0
10/03/2020,Richmond,Latino,1352,112,8
10/03/2020,Portsmouth,Latino,76,11,1
10/03/2020,Pittsylvania-Danville,"Not Reported",736,13,0
10/03/2020,Chesapeake,"Not Reported",725,7,0
10/03/2020,Chickahominy,Latino,97,4,0
10/03/2020,Crater,Black,2096,200,65
10/03/2020,Chesterfield,Black,1266,125,32
10/03/2020,Chesterfield,"Other Race",140,11,0
10/03/2020,Peninsula,Black,1199,82,27
10/03/2020,Roanoke,White,400,18,19
10/03/2020,"New River",Black,193,5,1
10/03/2020,Southside,Latino,9,0,0
10/03/2020,Peninsula,Latino,360,22,2
10/03/2020,Rappahannock,"Two or more races",39,3,0
10/03/2020,"Virginia Beach",Black,1777,134,25
10/03/2020,"Mount Rogers","Not Reported",155,8,5
10/03/2020,Loudoun,"Not Reported",1941,5,0
10/03/2020,Chesapeake,"Other Race",55,5,1
10/03/2020,Chickahominy,"Two or more races",6,1,0
10/03/2020,Crater,"Other Race",49,0,0
10/03/2020,Norfolk,"Two or more races",55,1,0
10/03/2020,"Eastern Shore","Two or more races",1,1,0
10/03/2020,"Central Shenandoah",White,3309,191,59
10/03/2020,"New River","Other Race",14,0,0
10/03/2020,"New River",White,2043,43,22
10/03/2020,"Central Shenandoah","Other Race",87,2,0
10/03/2020,"West Piedmont",Black,488,90,15
10/03/2020,Alleghany,Latino,167,12,0
10/03/2020,"Central Shenandoah","Not Reported",750,4,1
10/03/2020,Roanoke,"Two or more races",10,2,0
10/03/2020,Peninsula,"Two or more races",57,3,1
10/03/2020,Richmond,"Not Reported",689,1,1
10/03/2020,Arlington,"Other Race",92,9,4
10/03/2020,Norfolk,"Not Reported",977,4,0
10/03/2020,Alexandria,"Other Race",84,9,3
10/03/2020,"Virginia Beach",White,2478,183,57
10/03/2020,Chesapeake,"Two or more races",49,3,1
10/03/2020,Alleghany,White,889,57,25
10/03/2020,"Rappahannock Rapidan","Other Race",37,3,0
10/03/2020,Chickahominy,"Not Reported",436,3,1
10/03/2020,Portsmouth,Black,1537,212,46
10/03/2020,Chickahominy,"Other Race",18,2,0
10/03/2020,"Virginia Beach",Latino,428,26,4
10/03/2020,Chesapeake,White,1420,143,30
10/03/2020,Southside,Black,508,45,20
10/03/2020,Rappahannock,Latino,1359,112,8
10/03/2020,"Three Rivers","Two or more races",8,0,0
10/03/2020,Henrico,Black,1782,216,91
10/03/2020,Pittsylvania-Danville,Black,634,76,18
10/03/2020,"Lord Fairfax","Two or more races",17,0,0
10/03/2020,"Prince William",Latino,6481,644,75
10/03/2020,"Mount Rogers","Other Race",11,2,2
10/03/2020,"Central Shenandoah",Black,238,13,4
10/03/2020,Peninsula,White,1051,86,49
10/03/2020,"Eastern Shore","Not Reported",85,0,0
10/03/2020,"Thomas Jefferson","Other Race",169,3,1
10/03/2020,Hampton,"Other Race",56,2,1
10/03/2020,"Lord Fairfax","Not Reported",367,5,6
10/03/2020,"Central Virginia","Other Race",21,0,0
10/03/2020,"Western Tidewater","Other Race",81,1,2
10/03/2020,Crater,Latino,209,9,4
10/03/2020,Chesapeake,Latino,320,27,2
10/03/2020,Chesterfield,White,1722,138,80
10/03/2020,"Western Tidewater","Not Reported",977,6,4
10/03/2020,Fairfax,"Not Reported",2495,47,30
10/03/2020,Arlington,Black,413,85,34
10/03/2020,"Central Virginia",Latino,72,6,2
10/03/2020,Alexandria,"Not Reported",265,7,1
10/03/2020,"Three Rivers",Black,674,55,10
10/03/2020,"Prince William","Two or more races",94,1,0
10/03/2020,Loudoun,"Two or more races",53,2,0
10/03/2020,Peninsula,"Other Race",156,3,1
10/03/2020,"Thomas Jefferson",White,1805,83,50
10/03/2020,Norfolk,"Other Race",86,4,2
10/03/2020,"Prince William","Not Reported",4231,29,0
10/03/2020,"West Piedmont",White,957,125,53
10/03/2020,Rappahannock,Black,898,98,16
10/03/2020,Norfolk,Black,2462,263,53
10/03/2020,Roanoke,Latino,389,21,0
10/03/2020,Piedmont,Latino,75,8,2
10/03/2020,Roanoke,"Not Reported",647,2,3
10/03/2020,"Virginia Beach","Other Race",108,2,0
10/03/2020,Arlington,"Two or more races",41,3,0
10/03/2020,Alexandria,White,759,60,36
10/03/2020,"Lord Fairfax","Other Race",74,6,1
10/03/2020,"Thomas Jefferson","Not Reported",362,2,0
10/03/2020,"Virginia Beach","Not Reported",1872,12,2
10/03/2020,Loudoun,Black,331,34,6
10/03/2020,Pittsylvania-Danville,Latino,72,3,0
10/03/2020,"Cumberland Plateau","Not Reported",68,3,0
10/03/2020,Chesterfield,"Not Reported",1506,4,10
10/03/2020,"Mount Rogers",White,2372,238,118
10/03/2020,Richmond,White,785,45,16
10/03/2020,Lenowisco,"Not Reported",123,5,3
10/03/2020,"Three Rivers",Latino,158,5,1
10/03/2020,Piedmont,"Not Reported",812,11,4
10/03/2020,"Mount Rogers",Latino,297,6,0
10/03/2020,"Central Shenandoah","Two or more races",45,1,0
10/03/2020,Crater,White,871,57,28
10/03/2020,Arlington,White,1200,138,72
10/03/2020,Pittsylvania-Danville,"Other Race",3,0,0
10/03/2020,Chickahominy,Black,364,49,12
10/03/2020,Fairfax,Black,1741,250,66
10/03/2020,"Eastern Shore",Latino,260,11,3
10/03/2020,Norfolk,White,937,64,22
10/03/2020,"Mount Rogers","Two or more races",9,1,0
10/03/2020,Alleghany,"Two or more races",11,0,0
10/03/2020,Southside,White,316,30,19
10/03/2020,"Thomas Jefferson","Two or more races",66,1,0
10/03/2020,"Prince William",Black,1527,178,54
10/03/2020,"Lord Fairfax",White,1817,196,93
10/03/2020,"Cumberland Plateau",Latino,12,0,0
10/03/2020,Arlington,"Not Reported",342,2,1
10/03/2020,Rappahannock,"Other Race",130,4,0
10/03/2020,"Rappahannock Rapidan",Black,250,35,11
10/03/2020,"New River","Two or more races",39,0,0
10/03/2020,Arlington,Latino,1732,243,27
10/03/2020,Henrico,White,1533,143,109
10/03/2020,Loudoun,White,1683,124,91
10/03/2020,Hampton,White,278,10,5
10/03/2020,Alleghany,Black,114,7,3
10/03/2020,"Prince William",White,1778,180,93
10/03/2020,Rappahannock,White,1516,146,51
10/03/2020,Southside,"Other Race",14,1,1
10/03/2020,Portsmouth,"Two or more races",20,6,0
10/03/2020,"Western Tidewater",Black,1789,122,55
10/03/2020,Hampton,Latino,63,4,0
10/03/2020,Henrico,"Not Reported",880,2,4
10/03/2020,"West Piedmont","Two or more races",3,0,0
10/03/2020,Peninsula,"Not Reported",1619,3,0
10/03/2020,Loudoun,Latino,2286,200,15
10/03/2020,Alexandria,Black,807,100,17
10/03/2020,Piedmont,Black,566,63,19
10/03/2020,Roanoke,"Other Race",23,2,1
10/03/2020,Alexandria,"Two or more races",27,2,0
10/03/2020,"Western Tidewater",Latino,43,1,2
10/03/2020,Rappahannock,"Not Reported",1351,25,0
10/03/2020,"West Piedmont","Other Race",7,1,1
10/03/2020,Chickahominy,White,970,105,41
10/03/2020,"Thomas Jefferson",Latino,706,32,3
10/03/2020,"Cumberland Plateau",Black,47,0,0
10/03/2020,"Lord Fairfax",Latino,783,49,9
10/03/2020,"West Piedmont",Latino,264,10,1
10/03/2020,"Cumberland Plateau",White,761,58,10
10/03/2020,"Eastern Shore","Other Race",13,1,0
10/03/2020,"Cumberland Plateau","Two or more races",7,0,0
10/03/2020,Pittsylvania-Danville,"Two or more races",2,0,0
10/03/2020,Piedmont,"Other Race",10,0,0
10/03/2020,Alexandria,Latino,1808,137,12
10/03/2020,Chesapeake,Black,1740,233,33
10/03/2020,Richmond,"Other Race",150,9,3
10/03/2020,Henrico,Latino,893,56,11
10/03/2020,Piedmont,"Two or more races",4,2,0
10/03/2020,"Prince William","Other Race",472,18,1
10/03/2020,"New River","Not Reported",836,8,0
10/03/2020,"Rappahannock Rapidan",White,868,59,24
10/03/2020,"Central Virginia","Not Reported",1785,16,5
10/03/2020,"Virginia Beach","Two or more races",68,4,1
10/03/2020,Pittsylvania-Danville,White,551,59,22
10/03/2020,"Lord Fairfax",Black,145,21,6
10/03/2020,Fairfax,Latino,10070,1031,99
10/03/2020,Chesterfield,"Asian or Pacific Islander",96,4,1
10/03/2020,Crater,"Asian or Pacific Islander",22,0,0
10/03/2020,Fairfax,"Asian or Pacific Islander",1841,270,76
10/03/2020,Hampton,"Asian or Pacific Islander",15,0,0
10/03/2020,"Rappahannock Rapidan","Asian or Pacific Islander",10,1,0
10/03/2020,"Mount Rogers","Asian or Pacific Islander",3,1,0
10/03/2020,"New River","Asian or Pacific Islander",86,0,0
10/03/2020,"Central Virginia","Asian or Pacific Islander",20,1,0
10/03/2020,"Lord Fairfax","Asian or Pacific Islander",14,0,0
10/03/2020,Southside,"Asian or Pacific Islander",1,0,0
10/03/2020,Alleghany,"Asian or Pacific Islander",22,0,0
10/03/2020,Portsmouth,"Asian or Pacific Islander",22,2,0
10/03/2020,Roanoke,"Asian or Pacific Islander",31,2,0
10/03/2020,Richmond,"Asian or Pacific Islander",47,3,1
10/03/2020,"Thomas Jefferson","Asian or Pacific Islander",78,1,1
10/03/2020,"Virginia Beach","Asian or Pacific Islander",283,28,5
10/03/2020,Henrico,"Asian or Pacific Islander",219,11,4
10/03/2020,Piedmont,"Asian or Pacific Islander",9,0,1
10/03/2020,"Western Tidewater","Asian or Pacific Islander",21,2,3
10/03/2020,"West Piedmont","Asian or Pacific Islander",12,2,1
10/03/2020,Chickahominy,"Asian or Pacific Islander",16,1,0
10/03/2020,Peninsula,"Asian or Pacific Islander",47,4,6
10/03/2020,Norfolk,"Asian or Pacific Islander",65,7,0
10/03/2020,Arlington,"Asian or Pacific Islander",201,25,13
10/03/2020,Loudoun,"Asian or Pacific Islander",432,55,12
10/03/2020,Alexandria,"Asian or Pacific Islander",139,11,1
10/03/2020,Rappahannock,"Asian or Pacific Islander",89,10,2
10/03/2020,Chesapeake,"Asian or Pacific Islander",74,10,6
10/03/2020,"Cumberland Plateau and Lenowisco","Asian or Pacific Islander",1,0,0
10/03/2020,"Central Shenandoah","Asian or Pacific Islander",73,2,0
10/03/2020,"Prince William","Asian or Pacific Islander",608,57,17
10/03/2020,Pittsylvania-Danville,"Asian or Pacific Islander",4,0,0
10/03/2020,"Eastern Shore and Three Rivers","Asian or Pacific Islander",13,1,0
10/03/2020,Piedmont,"Native American",2,0,0
10/03/2020,"New River","Native American",1,0,0
10/03/2020,"Central Shenandoah","Native American",3,1,0
10/03/2020,"Eastern Shore and Three Rivers","Native American",1,0,0
10/03/2020,Fairfax,"Native American",34,1,1
10/03/2020,Chesapeake,"Native American",13,0,0
10/03/2020,"Western Tidewater","Native American",2,0,0
10/03/2020,Portsmouth,"Native American",4,2,0
10/03/2020,Richmond,"Native American",2,0,0
10/03/2020,Chickahominy,"Native American",6,1,0
10/03/2020,"Thomas Jefferson","Native American",3,0,0
10/03/2020,Arlington,"Native American",5,0,0
10/03/2020,"Virginia Beach","Native American",9,0,0
10/03/2020,Peninsula,"Native American",7,2,1
10/03/2020,Hampton,"Native American",4,0,1
10/03/2020,"West Piedmont","Native American",2,0,0
10/03/2020,"Cumberland Plateau, Lenowisco, and Mount Rogers","Native American",2,0,0
10/03/2020,Henrico,"Native American",11,0,0
10/03/2020,Norfolk,"Native American",9,1,1
10/03/2020,"Prince William","Native American",25,1,1
10/03/2020,"Central Virginia","Native American",3,0,0
10/03/2020,Chesterfield,"Native American",7,1,0
10/03/2020,Rappahannock,"Native American",6,0,0
10/03/2020,Loudoun,"Native American",5,0,0
10/03/2020,Alexandria,"Native American",4,0,0
10/03/2020,"Alleghany and Roanoke","Native American",3,0,0
10/03/2020,Crater,"Native American",6,1,1
10/03/2020,"Rappahannock Rapidan","Native American",1,0,0
10/03/2020,"Lord Fairfax","Native American",3,1,1
10/03/2020,"Pittsylvania-Danville and Southside","Native American",0,0,0
10/04/2020,"Rappahannock Rapidan","Not Reported",674,13,10
10/04/2020,Portsmouth,"Other Race",54,8,4
10/04/2020,"Western Tidewater","Two or more races",59,0,0
10/04/2020,Piedmont,White,591,54,25
10/04/2020,Chesterfield,Latino,1875,106,6
10/04/2020,Lenowisco,White,829,76,16
10/04/2020,Lenowisco,"Two or more races",3,0,0
10/04/2020,Hampton,"Not Reported",618,3,2
10/04/2020,Southside,"Not Reported",656,11,5
10/04/2020,Roanoke,Black,389,28,6
10/04/2020,Hampton,Black,827,50,18
10/04/2020,Alleghany,"Other Race",12,1,0
10/04/2020,Lenowisco,Latino,14,0,0
10/04/2020,Loudoun,"Other Race",221,17,2
10/04/2020,"Central Shenandoah",Latino,1139,58,6
10/04/2020,"Rappahannock Rapidan",Latino,818,62,7
10/04/2020,"Eastern Shore",Black,858,100,29
10/04/2020,Norfolk,Latino,343,25,0
10/04/2020,Hampton,"Two or more races",15,0,0
10/04/2020,Richmond,Black,1688,252,33
10/04/2020,Henrico,"Two or more races",59,4,0
10/04/2020,Fairfax,"Two or more races",110,5,0
10/04/2020,Alleghany,"Not Reported",480,1,0
10/04/2020,Portsmouth,"Not Reported",560,5,1
10/04/2020,"Cumberland Plateau","Other Race",4,1,0
10/04/2020,Southside,"Two or more races",28,0,0
10/04/2020,Portsmouth,White,344,44,9
10/04/2020,"Rappahannock Rapidan","Two or more races",37,3,0
10/04/2020,Fairfax,White,4287,512,314
10/04/2020,Fairfax,"Other Race",842,88,19
10/04/2020,Crater,"Two or more races",11,0,0
10/04/2020,"West Piedmont","Not Reported",452,25,5
10/04/2020,Henrico,"Other Race",173,15,0
10/04/2020,"Three Rivers",White,734,54,20
10/04/2020,"Central Virginia",Black,324,35,8
10/04/2020,Lenowisco,"Other Race",8,0,0
10/04/2020,"Three Rivers","Other Race",18,3,0
10/04/2020,"Western Tidewater",White,1023,70,66
10/04/2020,"Mount Rogers",Black,67,8,3
10/04/2020,"Three Rivers","Not Reported",270,4,1
10/04/2020,"Thomas Jefferson",Black,527,69,16
10/04/2020,"Eastern Shore",White,272,27,18
10/04/2020,"Central Virginia",White,1252,75,25
10/04/2020,Lenowisco,Black,9,1,1
10/04/2020,"Central Virginia","Two or more races",12,0,0
10/04/2020,Richmond,"Two or more races",43,2,0
10/04/2020,Crater,"Not Reported",973,10,6
10/04/2020,Chesterfield,"Two or more races",44,4,0
10/04/2020,"New River",Latino,176,5,0
10/04/2020,Richmond,Latino,1354,113,8
10/04/2020,Portsmouth,Latino,77,11,1
10/04/2020,Pittsylvania-Danville,"Not Reported",749,13,0
10/04/2020,Chesapeake,"Not Reported",723,7,0
10/04/2020,Chickahominy,Latino,98,4,0
10/04/2020,Crater,Black,2105,200,65
10/04/2020,Chesterfield,Black,1286,126,32
10/04/2020,Chesterfield,"Other Race",137,11,0
10/04/2020,Peninsula,Black,1202,82,27
10/04/2020,Roanoke,White,403,18,19
10/04/2020,"New River",Black,195,5,1
10/04/2020,Southside,Latino,9,0,0
10/04/2020,Peninsula,Latino,367,22,2
10/04/2020,Rappahannock,"Two or more races",39,3,0
10/04/2020,"Virginia Beach",Black,1782,134,25
10/04/2020,"Mount Rogers","Not Reported",155,8,5
10/04/2020,Loudoun,"Not Reported",1948,5,0
10/04/2020,Chesapeake,"Other Race",56,5,1
10/04/2020,Chickahominy,"Two or more races",6,1,0
10/04/2020,Crater,"Other Race",49,0,0
10/04/2020,Norfolk,"Two or more races",55,1,0
10/04/2020,"Eastern Shore","Two or more races",1,1,0
10/04/2020,"Central Shenandoah",White,3338,192,59
10/04/2020,"New River","Other Race",14,0,0
10/04/2020,"New River",White,2071,44,22
10/04/2020,"Central Shenandoah","Other Race",87,2,0
10/04/2020,"West Piedmont",Black,494,90,15
10/04/2020,Alleghany,Latino,167,12,0
10/04/2020,"Central Shenandoah","Not Reported",748,4,1
10/04/2020,Roanoke,"Two or more races",10,2,0
10/04/2020,Peninsula,"Two or more races",58,3,1
10/04/2020,Richmond,"Not Reported",684,1,1
10/04/2020,Arlington,"Other Race",93,9,4
10/04/2020,Norfolk,"Not Reported",977,4,1
10/04/2020,Alexandria,"Other Race",84,9,3
10/04/2020,"Virginia Beach",White,2494,183,57
10/04/2020,Chesapeake,"Two or more races",49,3,1
10/04/2020,Alleghany,White,897,57,25
10/04/2020,"Rappahannock Rapidan","Other Race",37,3,0
10/04/2020,Chickahominy,"Not Reported",443,3,1
10/04/2020,Portsmouth,Black,1538,212,46
10/04/2020,Chickahominy,"Other Race",18,2,0
10/04/2020,"Virginia Beach",Latino,428,26,4
10/04/2020,Chesapeake,White,1428,143,30
10/04/2020,Southside,Black,511,45,20
10/04/2020,Rappahannock,Latino,1363,112,8
10/04/2020,"Three Rivers","Two or more races",8,0,0
10/04/2020,Henrico,Black,1787,216,91
10/04/2020,Pittsylvania-Danville,Black,637,77,18
10/04/2020,"Lord Fairfax","Two or more races",18,0,0
10/04/2020,"Prince William",Latino,6507,645,75
10/04/2020,"Mount Rogers","Other Race",11,2,2
10/04/2020,"Central Shenandoah",Black,241,13,4
10/04/2020,Peninsula,White,1058,86,49
10/04/2020,"Eastern Shore","Not Reported",85,0,0
10/04/2020,"Thomas Jefferson","Other Race",173,3,1
10/04/2020,Hampton,"Other Race",56,2,1
10/04/2020,"Lord Fairfax","Not Reported",369,5,6
10/04/2020,"Central Virginia","Other Race",21,0,0
10/04/2020,"Western Tidewater","Other Race",82,1,2
10/04/2020,Crater,Latino,209,9,4
10/04/2020,Chesapeake,Latino,321,27,2
10/04/2020,Chesterfield,White,1758,139,80
10/04/2020,"Western Tidewater","Not Reported",1072,6,4
10/04/2020,Fairfax,"Not Reported",2512,47,30
10/04/2020,Arlington,Black,418,85,34
10/04/2020,"Central Virginia",Latino,72,6,2
10/04/2020,Alexandria,"Not Reported",268,7,1
10/04/2020,"Three Rivers",Black,678,55,10
10/04/2020,"Prince William","Two or more races",95,1,0
10/04/2020,Loudoun,"Two or more races",54,2,0
10/04/2020,Peninsula,"Other Race",156,3,1
10/04/2020,"Thomas Jefferson",White,1841,83,50
10/04/2020,Norfolk,"Other Race",85,4,2
10/04/2020,"Prince William","Not Reported",4273,29,0
10/04/2020,"West Piedmont",White,975,126,53
10/04/2020,Rappahannock,Black,900,98,16
10/04/2020,Norfolk,Black,2463,263,53
10/04/2020,Roanoke,Latino,389,21,0
10/04/2020,Piedmont,Latino,75,8,2
10/04/2020,Roanoke,"Not Reported",646,2,3
10/04/2020,"Virginia Beach","Other Race",111,2,0
10/04/2020,Arlington,"Two or more races",42,3,0
10/04/2020,Alexandria,White,766,60,36
10/04/2020,"Lord Fairfax","Other Race",74,6,1
10/04/2020,"Thomas Jefferson","Not Reported",365,2,0
10/04/2020,"Virginia Beach","Not Reported",1882,12,2
10/04/2020,Loudoun,Black,333,34,6
10/04/2020,Pittsylvania-Danville,Latino,72,3,0
10/04/2020,"Cumberland Plateau","Not Reported",69,3,0
10/04/2020,Chesterfield,"Not Reported",1469,4,10
10/04/2020,"Mount Rogers",White,2406,241,118
10/04/2020,Richmond,White,788,45,16
10/04/2020,Lenowisco,"Not Reported",124,5,3
10/04/2020,"Three Rivers",Latino,159,5,1
10/04/2020,Piedmont,"Not Reported",814,11,4
10/04/2020,"Mount Rogers",Latino,298,6,0
10/04/2020,"Central Shenandoah","Two or more races",45,1,0
10/04/2020,Crater,White,877,57,28
10/04/2020,Arlington,White,1207,138,72
10/04/2020,Pittsylvania-Danville,"Other Race",3,0,0
10/04/2020,Chickahominy,Black,365,50,12
10/04/2020,Fairfax,Black,1750,250,66
10/04/2020,"Eastern Shore",Latino,260,11,3
10/04/2020,Norfolk,White,939,64,22
10/04/2020,"Mount Rogers","Two or more races",9,1,0
10/04/2020,Alleghany,"Two or more races",11,0,0
10/04/2020,Southside,White,318,30,19
10/04/2020,"Thomas Jefferson","Two or more races",70,1,0
10/04/2020,"Prince William",Black,1530,178,54
10/04/2020,"Lord Fairfax",White,1830,196,93
10/04/2020,"Cumberland Plateau",Latino,12,0,0
10/04/2020,Arlington,"Not Reported",346,2,1
10/04/2020,Rappahannock,"Other Race",132,4,0
10/04/2020,"Rappahannock Rapidan",Black,250,35,11
10/04/2020,"New River","Two or more races",41,0,0
10/04/2020,Arlington,Latino,1733,243,27
10/04/2020,Henrico,White,1548,145,109
10/04/2020,Loudoun,White,1693,124,91
10/04/2020,Hampton,White,285,10,5
10/04/2020,Alleghany,Black,115,7,3
10/04/2020,"Prince William",White,1789,180,93
10/04/2020,Rappahannock,White,1524,146,51
10/04/2020,Southside,"Other Race",14,1,1
10/04/2020,Portsmouth,"Two or more races",20,6,0
10/04/2020,"Western Tidewater",Black,1805,123,56
10/04/2020,Hampton,Latino,63,4,0
10/04/2020,Henrico,"Not Reported",879,1,4
10/04/2020,"West Piedmont","Two or more races",3,0,0
10/04/2020,Peninsula,"Not Reported",1617,3,0
10/04/2020,Loudoun,Latino,2296,200,15
10/04/2020,Alexandria,Black,809,100,17
10/04/2020,Piedmont,Black,571,63,19
10/04/2020,Roanoke,"Other Race",23,2,1
10/04/2020,Alexandria,"Two or more races",28,2,0
10/04/2020,"Western Tidewater",Latino,44,1,2
10/04/2020,Rappahannock,"Not Reported",1356,25,0
10/04/2020,"West Piedmont","Other Race",7,1,1
10/04/2020,Chickahominy,White,980,105,41
10/04/2020,"Thomas Jefferson",Latino,708,32,3
10/04/2020,"Cumberland Plateau",Black,47,0,0
10/04/2020,"Lord Fairfax",Latino,785,49,9
10/04/2020,"West Piedmont",Latino,266,10,1
10/04/2020,"Cumberland Plateau",White,766,58,10
10/04/2020,"Eastern Shore","Other Race",13,1,0
10/04/2020,"Cumberland Plateau","Two or more races",7,0,0
10/04/2020,Pittsylvania-Danville,"Two or more races",2,0,0
10/04/2020,Piedmont,"Other Race",10,0,0
10/04/2020,Alexandria,Latino,1814,137,12
10/04/2020,Chesapeake,Black,1747,234,33
10/04/2020,Richmond,"Other Race",151,9,3
10/04/2020,Henrico,Latino,895,56,11
10/04/2020,Piedmont,"Two or more races",4,2,0
10/04/2020,"Prince William","Other Race",478,18,1
10/04/2020,"New River","Not Reported",845,8,0
10/04/2020,"Rappahannock Rapidan",White,880,62,24
10/04/2020,"Central Virginia","Not Reported",1823,16,5
10/04/2020,"Virginia Beach","Two or more races",69,4,1
10/04/2020,Pittsylvania-Danville,White,556,60,22
10/04/2020,"Lord Fairfax",Black,145,22,6
10/04/2020,Fairfax,Latino,10105,1032,99
10/04/2020,Chesterfield,"Asian or Pacific Islander",97,4,1
10/04/2020,Crater,"Asian or Pacific Islander",23,0,0
10/04/2020,Fairfax,"Asian or Pacific Islander",1852,270,76
10/04/2020,Hampton,"Asian or Pacific Islander",15,0,0
10/04/2020,"Rappahannock Rapidan","Asian or Pacific Islander",10,1,0
10/04/2020,"Mount Rogers","Asian or Pacific Islander",3,1,0
10/04/2020,"New River","Asian or Pacific Islander",86,0,0
10/04/2020,"Central Virginia","Asian or Pacific Islander",20,1,0
10/04/2020,"Lord Fairfax","Asian or Pacific Islander",15,0,0
10/04/2020,Southside,"Asian or Pacific Islander",1,0,0
10/04/2020,Alleghany,"Asian or Pacific Islander",23,0,0
10/04/2020,Portsmouth,"Asian or Pacific Islander",22,2,0
10/04/2020,Roanoke,"Asian or Pacific Islander",31,2,0
10/04/2020,Richmond,"Asian or Pacific Islander",47,3,1
10/04/2020,"Thomas Jefferson","Asian or Pacific Islander",79,1,1
10/04/2020,"Virginia Beach","Asian or Pacific Islander",284,28,5
10/04/2020,Henrico,"Asian or Pacific Islander",220,11,4
10/04/2020,Piedmont,"Asian or Pacific Islander",9,0,1
10/04/2020,"Western Tidewater","Asian or Pacific Islander",21,2,3
10/04/2020,"West Piedmont","Asian or Pacific Islander",12,2,1
10/04/2020,Chickahominy,"Asian or Pacific Islander",16,1,0
10/04/2020,Peninsula,"Asian or Pacific Islander",47,4,6
10/04/2020,Norfolk,"Asian or Pacific Islander",65,7,0
10/04/2020,Arlington,"Asian or Pacific Islander",201,25,13
10/04/2020,Loudoun,"Asian or Pacific Islander",434,55,12
10/04/2020,Alexandria,"Asian or Pacific Islander",139,11,1
10/04/2020,Rappahannock,"Asian or Pacific Islander",89,10,2
10/04/2020,Chesapeake,"Asian or Pacific Islander",75,10,6
10/04/2020,"Cumberland Plateau and Lenowisco","Asian or Pacific Islander",1,0,0
10/04/2020,"Central Shenandoah","Asian or Pacific Islander",74,2,0
10/04/2020,"Prince William","Asian or Pacific Islander",610,57,17
10/04/2020,Pittsylvania-Danville,"Asian or Pacific Islander",4,0,0
10/04/2020,"Eastern Shore and Three Rivers","Asian or Pacific Islander",13,1,0
10/04/2020,Piedmont,"Native American",2,0,0
10/04/2020,"New River","Native American",1,0,0
10/04/2020,"Central Shenandoah","Native American",3,1,0
10/04/2020,"Eastern Shore and Three Rivers","Native American",1,0,0
10/04/2020,Fairfax,"Native American",35,1,1
10/04/2020,Chesapeake,"Native American",13,0,0
10/04/2020,"Western Tidewater","Native American",2,0,0
10/04/2020,Portsmouth,"Native American",4,2,0
10/04/2020,Richmond,"Native American",2,0,0
10/04/2020,Chickahominy,"Native American",6,1,0
10/04/2020,"Thomas Jefferson","Native American",3,0,0
10/04/2020,Arlington,"Native American",5,0,0
10/04/2020,"Virginia Beach","Native American",9,0,0
10/04/2020,Peninsula,"Native American",7,2,1
10/04/2020,Hampton,"Native American",4,0,1
10/04/2020,"West Piedmont","Native American",2,0,0
10/04/2020,"Cumberland Plateau, Lenowisco, and Mount Rogers","Native American",2,0,0
10/04/2020,Henrico,"Native American",11,0,0
10/04/2020,Norfolk,"Native American",9,1,1
10/04/2020,"Prince William","Native American",25,1,1
10/04/2020,"Central Virginia","Native American",3,0,0
10/04/2020,Chesterfield,"Native American",7,1,0
10/04/2020,Rappahannock,"Native American",6,0,0
10/04/2020,Loudoun,"Native American",6,0,0
10/04/2020,Alexandria,"Native American",4,0,0
10/04/2020,"Alleghany and Roanoke","Native American",3,0,0
10/04/2020,Crater,"Native American",6,1,1
10/04/2020,"Rappahannock Rapidan","Native American",1,0,0
10/04/2020,"Lord Fairfax","Native American",3,1,1
10/04/2020,"Pittsylvania-Danville and Southside","Native American",0,0,0
10/05/2020,"Rappahannock Rapidan","Not Reported",678,13,10
10/05/2020,Portsmouth,"Other Race",54,8,4
10/05/2020,"Western Tidewater","Two or more races",59,0,0
10/05/2020,Piedmont,White,595,54,25
10/05/2020,Chesterfield,Latino,1878,106,6
10/05/2020,Lenowisco,White,838,76,16
10/05/2020,Lenowisco,"Two or more races",3,0,0
10/05/2020,Hampton,"Not Reported",618,3,2
10/05/2020,Southside,"Not Reported",663,11,5
10/05/2020,Roanoke,Black,396,28,6
10/05/2020,Hampton,Black,829,50,18
10/05/2020,Alleghany,"Other Race",12,1,0
10/05/2020,Lenowisco,Latino,14,0,0
10/05/2020,Loudoun,"Other Race",221,17,2
10/05/2020,"Central Shenandoah",Latino,1139,58,6
10/05/2020,"Rappahannock Rapidan",Latino,821,62,7
10/05/2020,"Eastern Shore",Black,858,100,29
10/05/2020,Norfolk,Latino,343,25,0
10/05/2020,Hampton,"Two or more races",15,0,0
10/05/2020,Richmond,Black,1696,255,33
10/05/2020,Henrico,"Two or more races",59,4,0
10/05/2020,Fairfax,"Two or more races",110,5,0
10/05/2020,Alleghany,"Not Reported",476,1,0
10/05/2020,Portsmouth,"Not Reported",560,5,1
10/05/2020,"Cumberland Plateau","Other Race",4,1,0
10/05/2020,Southside,"Two or more races",28,0,0
10/05/2020,Portsmouth,White,345,44,9
10/05/2020,"Rappahannock Rapidan","Two or more races",37,3,0
10/05/2020,Fairfax,White,4312,513,314
10/05/2020,Fairfax,"Other Race",844,88,19
10/05/2020,Crater,"Two or more races",11,0,0
10/05/2020,"West Piedmont","Not Reported",455,25,5
10/05/2020,Henrico,"Other Race",178,15,0
10/05/2020,"Three Rivers",White,739,55,20
10/05/2020,"Central Virginia",Black,328,35,8
10/05/2020,Lenowisco,"Other Race",8,0,0
10/05/2020,"Three Rivers","Other Race",18,3,0
10/05/2020,"Western Tidewater",White,1031,70,66
10/05/2020,"Mount Rogers",Black,69,8,3
10/05/2020,"Three Rivers","Not Reported",269,4,1
10/05/2020,"Thomas Jefferson",Black,530,69,16
10/05/2020,"Eastern Shore",White,276,27,18
10/05/2020,"Central Virginia",White,1266,75,25
10/05/2020,Lenowisco,Black,9,1,1
10/05/2020,"Central Virginia","Two or more races",12,0,0
10/05/2020,Richmond,"Two or more races",42,1,0
10/05/2020,Crater,"Not Reported",969,10,6
10/05/2020,Chesterfield,"Two or more races",44,4,0
10/05/2020,"New River",Latino,178,5,0
10/05/2020,Richmond,Latino,1362,113,8
10/05/2020,Portsmouth,Latino,77,11,1
10/05/2020,Pittsylvania-Danville,"Not Reported",752,13,0
10/05/2020,Chesapeake,"Not Reported",713,7,0
10/05/2020,Chickahominy,Latino,98,4,0
10/05/2020,Crater,Black,2117,202,65
10/05/2020,Chesterfield,Black,1296,127,32
10/05/2020,Chesterfield,"Other Race",138,11,0
10/05/2020,Peninsula,Black,1212,82,27
10/05/2020,Roanoke,White,415,18,19
10/05/2020,"New River",Black,198,5,1
10/05/2020,Southside,Latino,9,0,0
10/05/2020,Peninsula,Latino,370,23,2
10/05/2020,Rappahannock,"Two or more races",39,3,0
10/05/2020,"Virginia Beach",Black,1788,134,25
10/05/2020,"Mount Rogers","Not Reported",155,8,5
10/05/2020,Loudoun,"Not Reported",1945,5,0
10/05/2020,Chesapeake,"Other Race",56,5,1
10/05/2020,Chickahominy,"Two or more races",6,1,0
10/05/2020,Crater,"Other Race",50,0,0
10/05/2020,Norfolk,"Two or more races",56,1,0
10/05/2020,"Eastern Shore","Two or more races",1,1,0
10/05/2020,"Central Shenandoah",White,3381,195,59
10/05/2020,"New River","Other Race",14,0,0
10/05/2020,"New River",White,2088,44,22
10/05/2020,"Central Shenandoah","Other Race",88,2,0
10/05/2020,"West Piedmont",Black,494,90,15
10/05/2020,Alleghany,Latino,167,12,0
10/05/2020,"Central Shenandoah","Not Reported",757,4,1
10/05/2020,Roanoke,"Two or more races",11,2,0
10/05/2020,Peninsula,"Two or more races",56,3,1
10/05/2020,Richmond,"Not Reported",664,1,1
10/05/2020,Arlington,"Other Race",93,9,4
10/05/2020,Norfolk,"Not Reported",980,5,1
10/05/2020,Alexandria,"Other Race",84,9,3
10/05/2020,"Virginia Beach",White,2520,183,57
10/05/2020,Chesapeake,"Two or more races",50,3,1
10/05/2020,Alleghany,White,904,57,25
10/05/2020,"Rappahannock Rapidan","Other Race",37,3,0
10/05/2020,Chickahominy,"Not Reported",449,3,1
10/05/2020,Portsmouth,Black,1545,212,46
10/05/2020,Chickahominy,"Other Race",19,2,0
10/05/2020,"Virginia Beach",Latino,438,26,4
10/05/2020,Chesapeake,White,1439,145,30
10/05/2020,Southside,Black,513,45,20
10/05/2020,Rappahannock,Latino,1363,112,9
10/05/2020,"Three Rivers","Two or more races",8,0,0
10/05/2020,Pittsylvania-Danville,Black,640,78,19
10/05/2020,"Lord Fairfax","Two or more races",18,0,0
10/05/2020,"Prince William",Latino,6527,648,75
10/05/2020,"Mount Rogers","Other Race",11,2,2
10/05/2020,"Central Shenandoah",Black,243,13,4
10/05/2020,Peninsula,White,1064,86,49
10/05/2020,"Eastern Shore","Not Reported",85,0,0
10/05/2020,"Thomas Jefferson","Other Race",173,3,1
10/05/2020,Hampton,"Other Race",56,2,1
10/05/2020,"Lord Fairfax","Not Reported",370,5,6
10/05/2020,"Central Virginia","Other Race",21,0,0
10/05/2020,"Western Tidewater","Other Race",82,1,2
10/05/2020,Crater,Latino,209,9,4
10/05/2020,Chesapeake,Latino,324,27,2
10/05/2020,Chesterfield,White,1772,143,80
10/05/2020,"Western Tidewater","Not Reported",1078,6,4
10/05/2020,Fairfax,"Not Reported",2519,47,30
10/05/2020,Arlington,Black,418,86,34
10/05/2020,"Central Virginia",Latino,75,6,2
10/05/2020,Alexandria,"Not Reported",266,7,1
10/05/2020,"Three Rivers",Black,681,55,10
10/05/2020,"Prince William","Two or more races",95,1,0
10/05/2020,Loudoun,"Two or more races",54,2,0
10/05/2020,Peninsula,"Other Race",156,3,1
10/05/2020,"Thomas Jefferson",White,1874,84,50
10/05/2020,Norfolk,"Other Race",86,4,2
10/05/2020,"Prince William","Not Reported",4279,29,0
10/05/2020,"West Piedmont",White,981,126,54
10/05/2020,Rappahannock,Black,904,98,16
10/05/2020,Norfolk,Black,2471,263,53
10/05/2020,Roanoke,Latino,390,21,0
10/05/2020,Piedmont,Latino,75,8,2
10/05/2020,Roanoke,"Not Reported",646,2,3
10/05/2020,"Virginia Beach","Other Race",115,2,0
10/05/2020,Arlington,"Two or more races",44,3,0
10/05/2020,Alexandria,White,770,60,36
10/05/2020,"Lord Fairfax","Other Race",74,6,1
10/05/2020,"Thomas Jefferson","Not Reported",363,2,0
10/05/2020,"Virginia Beach","Not Reported",1878,12,2
10/05/2020,Loudoun,Black,333,34,6
10/05/2020,Pittsylvania-Danville,Latino,73,3,0
10/05/2020,"Cumberland Plateau","Not Reported",69,3,0
10/05/2020,Chesterfield,"Not Reported",1454,4,10
10/05/2020,"Mount Rogers",White,2422,242,118
10/05/2020,Richmond,White,800,46,16
10/05/2020,Lenowisco,"Not Reported",124,5,3
10/05/2020,"Three Rivers",Latino,159,5,1
10/05/2020,Piedmont,"Not Reported",821,11,4
10/05/2020,"Mount Rogers",Latino,298,6,0
10/05/2020,"Central Shenandoah","Two or more races",48,1,0
10/05/2020,Crater,White,883,57,28
10/05/2020,Arlington,White,1207,138,73
10/05/2020,Pittsylvania-Danville,"Other Race",3,0,0
10/05/2020,Chickahominy,Black,370,50,12
10/05/2020,Fairfax,Black,1754,250,66
10/05/2020,"Eastern Shore",Latino,260,11,3
10/05/2020,Norfolk,White,943,64,22
10/05/2020,"Mount Rogers","Two or more races",9,1,0
10/05/2020,Alleghany,"Two or more races",11,0,0
10/05/2020,Southside,White,325,30,19
10/05/2020,"Thomas Jefferson","Two or more races",71,1,0
10/05/2020,"Prince William",Black,1537,179,54
10/05/2020,"Lord Fairfax",White,1847,197,93
10/05/2020,"Cumberland Plateau",Latino,12,0,0
10/05/2020,Arlington,"Not Reported",350,2,1
10/05/2020,Rappahannock,"Other Race",132,4,0
10/05/2020,"Rappahannock Rapidan",Black,252,35,11
10/05/2020,"New River","Two or more races",42,0,0
10/05/2020,Arlington,Latino,1738,244,27
10/05/2020,Henrico,White,1570,145,109
10/05/2020,Loudoun,White,1698,124,91
10/05/2020,Hampton,White,288,10,5
10/05/2020,Alleghany,Black,116,7,3
10/05/2020,"Prince William",White,1793,180,92
10/05/2020,Rappahannock,White,1525,146,51
10/05/2020,Southside,"Other Race",14,1,1
10/05/2020,Portsmouth,"Two or more races",20,6,0
10/05/2020,"Western Tidewater",Black,1810,123,56
10/05/2020,Hampton,Latino,63,4,0
10/05/2020,Henrico,"Not Reported",847,2,4
10/05/2020,"West Piedmont","Two or more races",4,0,0
10/05/2020,Peninsula,"Not Reported",1613,3,0
10/05/2020,Loudoun,Latino,2296,200,15
10/05/2020,Alexandria,Black,816,101,17
10/05/2020,Piedmont,Black,573,63,19
10/05/2020,Roanoke,"Other Race",24,2,1
10/05/2020,Alexandria,"Two or more races",28,2,0
10/05/2020,"Western Tidewater",Latino,44,1,2
10/05/2020,Rappahannock,"Not Reported",1365,25,0
10/05/2020,"West Piedmont","Other Race",7,1,1
10/05/2020,Chickahominy,White,996,106,41
10/05/2020,"Thomas Jefferson",Latino,712,32,3
10/05/2020,"Cumberland Plateau",Black,47,0,0
10/05/2020,"Lord Fairfax",Latino,787,50,9
10/05/2020,"West Piedmont",Latino,266,10,1
10/05/2020,"Cumberland Plateau",White,772,59,10
10/05/2020,"Eastern Shore","Other Race",13,1,0
10/05/2020,"Cumberland Plateau","Two or more races",7,0,0
10/05/2020,Pittsylvania-Danville,"Two or more races",2,0,0
10/05/2020,Piedmont,"Other Race",10,0,0
10/05/2020,Alexandria,Latino,1820,137,12
10/05/2020,Chesapeake,Black,1762,236,33
10/05/2020,Richmond,"Other Race",161,9,3
10/05/2020,Henrico,Latino,898,56,11
10/05/2020,Piedmont,"Two or more races",4,2,0
10/05/2020,"Prince William","Other Race",480,18,1
10/05/2020,"New River","Not Reported",852,8,0
10/05/2020,"Rappahannock Rapidan",White,889,62,24
10/05/2020,"Central Virginia","Not Reported",1810,16,5
10/05/2020,"Virginia Beach","Two or more races",69,4,1
10/05/2020,Pittsylvania-Danville,White,564,62,22
10/05/2020,"Lord Fairfax",Black,146,22,6
10/05/2020,Fairfax,Latino,10127,1032,99
10/05/2020,Chesterfield,"Asian or Pacific Islander",97,4,1
10/05/2020,Crater,"Asian or Pacific Islander",23,0,0
10/05/2020,Fairfax,"Asian or Pacific Islander",1867,270,76
10/05/2020,Hampton,"Asian or Pacific Islander",16,0,0
10/05/2020,"Rappahannock Rapidan","Asian or Pacific Islander",10,1,0
10/05/2020,"Mount Rogers","Asian or Pacific Islander",3,1,0
10/05/2020,"New River","Asian or Pacific Islander",87,0,0
10/05/2020,"Central Virginia","Asian or Pacific Islander",20,1,0
10/05/2020,"Lord Fairfax","Asian or Pacific Islander",15,0,0
10/05/2020,Southside,"Asian or Pacific Islander",1,0,0
10/05/2020,Alleghany,"Asian or Pacific Islander",23,0,0
10/05/2020,Portsmouth,"Asian or Pacific Islander",22,2,0
10/05/2020,Roanoke,"Asian or Pacific Islander",31,2,0
10/05/2020,Richmond,"Asian or Pacific Islander",48,3,1
10/05/2020,"Thomas Jefferson","Asian or Pacific Islander",82,1,1
10/05/2020,"Virginia Beach","Asian or Pacific Islander",285,28,5
10/05/2020,Henrico,"Asian or Pacific Islander",221,11,4
10/05/2020,Piedmont,"Asian or Pacific Islander",9,0,1
10/05/2020,"Western Tidewater","Asian or Pacific Islander",21,2,3
10/05/2020,"West Piedmont","Asian or Pacific Islander",12,2,1
10/05/2020,Chickahominy,"Asian or Pacific Islander",16,1,0
10/05/2020,Peninsula,"Asian or Pacific Islander",49,4,6
10/05/2020,Norfolk,"Asian or Pacific Islander",65,7,0
10/05/2020,Arlington,"Asian or Pacific Islander",202,25,13
10/05/2020,Loudoun,"Asian or Pacific Islander",434,55,12
10/05/2020,Alexandria,"Asian or Pacific Islander",139,11,1
10/05/2020,Rappahannock,"Asian or Pacific Islander",89,10,2
10/05/2020,Chesapeake,"Asian or Pacific Islander",76,10,6
10/05/2020,"Cumberland Plateau and Lenowisco","Asian or Pacific Islander",1,0,0
10/05/2020,"Central Shenandoah","Asian or Pacific Islander",75,2,0
10/05/2020,"Prince William","Asian or Pacific Islander",613,57,17
10/05/2020,Pittsylvania-Danville,"Asian or Pacific Islander",4,0,0
10/05/2020,"Eastern Shore and Three Rivers","Asian or Pacific Islander",13,1,0
10/05/2020,Piedmont,"Native American",2,0,0
10/05/2020,"New River","Native American",1,0,0
10/05/2020,"Central Shenandoah","Native American",3,1,0
10/05/2020,"Eastern Shore and Three Rivers","Native American",1,0,0
10/05/2020,Fairfax,"Native American",35,1,1
10/05/2020,Chesapeake,"Native American",13,0,0
10/05/2020,"Western Tidewater","Native American",2,0,0
10/05/2020,Portsmouth,"Native American",4,2,0
10/05/2020,Richmond,"Native American",2,0,0
10/05/2020,Chickahominy,"Native American",6,1,0
10/05/2020,"Thomas Jefferson","Native American",3,0,0
10/05/2020,Arlington,"Native American",5,0,0
10/05/2020,"Virginia Beach","Native American",9,0,0
10/05/2020,Peninsula,"Native American",7,2,1
10/05/2020,Hampton,"Native American",4,0,1
10/05/2020,"West Piedmont","Native American",2,0,0
10/05/2020,"Cumberland Plateau, Lenowisco, and Mount Rogers","Native American",2,0,0
10/05/2020,Henrico,"Native American",11,0,0
10/05/2020,Norfolk,"Native American",9,1,1
10/05/2020,"Prince William","Native American",25,1,1
10/05/2020,"Central Virginia","Native American",3,0,0
10/05/2020,Chesterfield,"Native American",7,1,0
10/05/2020,Rappahannock,"Native American",6,0,0
10/05/2020,Loudoun,"Native American",6,0,0
10/05/2020,Alexandria,"Native American",4,0,0
10/05/2020,"Alleghany and Roanoke","Native American",3,0,0
10/05/2020,Crater,"Native American",6,1,1
10/05/2020,"Rappahannock Rapidan","Native American",1,0,0
10/05/2020,"Lord Fairfax","Native American",3,1,1
10/05/2020,"Pittsylvania-Danville and Southside","Native American",0,0,0
10/06/2020,"Rappahannock Rapidan","Not Reported",680,13,10
10/06/2020,Portsmouth,"Other Race",54,8,4
10/06/2020,"Western Tidewater","Two or more races",59,0,0
10/06/2020,Piedmont,White,599,54,25
10/06/2020,Chesterfield,Latino,1891,107,6
10/06/2020,Lenowisco,White,843,77,16
10/06/2020,Lenowisco,"Two or more races",3,0,0
10/06/2020,Hampton,"Not Reported",617,3,2
10/06/2020,Southside,"Not Reported",667,11,5
10/06/2020,Roanoke,Black,404,28,6
10/06/2020,Hampton,Black,833,50,18
10/06/2020,Alleghany,"Other Race",12,1,0
10/06/2020,Lenowisco,Latino,16,0,0
10/06/2020,Loudoun,"Other Race",227,17,2
10/06/2020,"Central Shenandoah",Latino,1143,58,6
10/06/2020,"Rappahannock Rapidan",Latino,822,62,7
10/06/2020,"Eastern Shore",Black,858,100,29
10/06/2020,Norfolk,Latino,347,25,0
10/06/2020,Hampton,"Two or more races",15,0,0
10/06/2020,Richmond,Black,1702,254,32
10/06/2020,Henrico,"Two or more races",60,4,0
10/06/2020,Fairfax,"Two or more races",110,5,0
10/06/2020,Alleghany,"Not Reported",479,1,0
10/06/2020,Portsmouth,"Not Reported",559,5,1
10/06/2020,"Cumberland Plateau","Other Race",4,1,0
10/06/2020,Southside,"Two or more races",28,0,0
10/06/2020,Portsmouth,White,350,46,10
10/06/2020,"Rappahannock Rapidan","Two or more races",37,3,0
10/06/2020,Fairfax,White,4336,515,314
10/06/2020,Fairfax,"Other Race",845,87,19
10/06/2020,Crater,"Two or more races",12,0,0
10/06/2020,"West Piedmont","Not Reported",448,24,3
10/06/2020,Henrico,"Other Race",178,15,0
10/06/2020,"Three Rivers",White,744,54,20
10/06/2020,"Central Virginia",Black,332,35,10
10/06/2020,Lenowisco,"Other Race",8,0,0
10/06/2020,"Three Rivers","Other Race",17,3,0
10/06/2020,"Western Tidewater",White,1037,70,66
10/06/2020,"Mount Rogers",Black,69,8,3
10/06/2020,"Three Rivers","Not Reported",268,4,1
10/06/2020,"Thomas Jefferson",Black,531,69,17
10/06/2020,"Eastern Shore",White,276,28,18
10/06/2020,"Central Virginia",White,1301,76,26
10/06/2020,Lenowisco,Black,10,1,1
10/06/2020,"Central Virginia","Two or more races",12,0,0
10/06/2020,Richmond,"Two or more races",42,2,1
10/06/2020,Crater,"Not Reported",985,10,6
10/06/2020,Chesterfield,"Two or more races",46,5,0
10/06/2020,"New River",Latino,181,5,0
10/06/2020,Richmond,Latino,1362,113,8
10/06/2020,Portsmouth,Latino,77,11,1
10/06/2020,Pittsylvania-Danville,"Not Reported",750,13,0
10/06/2020,Chesapeake,"Not Reported",697,7,0
10/06/2020,Chickahominy,Latino,100,4,0
10/06/2020,Crater,Black,2122,203,65
10/06/2020,Chesterfield,Black,1307,127,32
10/06/2020,Chesterfield,"Other Race",138,11,0
10/06/2020,Peninsula,Black,1215,82,27
10/06/2020,Roanoke,White,430,18,19
10/06/2020,"New River",Black,198,5,1
10/06/2020,Southside,Latino,9,0,0
10/06/2020,Peninsula,Latino,371,23,2
10/06/2020,Rappahannock,"Two or more races",41,3,0
10/06/2020,"Virginia Beach",Black,1791,137,25
10/06/2020,"Mount Rogers","Not Reported",153,8,5
10/06/2020,Loudoun,"Not Reported",1951,5,0
10/06/2020,Chesapeake,"Other Race",57,6,1
10/06/2020,Chickahominy,"Two or more races",6,1,0
10/06/2020,Crater,"Other Race",53,0,0
10/06/2020,Norfolk,"Two or more races",56,1,0
10/06/2020,"Eastern Shore","Two or more races",1,1,0
10/06/2020,"Central Shenandoah",White,3429,197,59
10/06/2020,"New River","Other Race",14,0,0
10/06/2020,"New River",White,2092,45,23
10/06/2020,"Central Shenandoah","Other Race",90,2,0
10/06/2020,"West Piedmont",Black,496,90,16
10/06/2020,Alleghany,Latino,167,12,0
10/06/2020,"Central Shenandoah","Not Reported",760,4,1
10/06/2020,Roanoke,"Two or more races",12,2,0
10/06/2020,Peninsula,"Two or more races",57,3,1
10/06/2020,Richmond,"Not Reported",659,1,1
10/06/2020,Arlington,"Other Race",94,9,4
10/06/2020,Norfolk,"Not Reported",972,4,1
10/06/2020,Alexandria,"Other Race",84,9,3
10/06/2020,"Virginia Beach",White,2539,187,57
10/06/2020,Chesapeake,"Two or more races",48,3,1
10/06/2020,Alleghany,White,910,58,25
10/06/2020,"Rappahannock Rapidan","Other Race",37,3,0
10/06/2020,Chickahominy,"Not Reported",458,3,1
10/06/2020,Portsmouth,Black,1547,213,46
10/06/2020,Chickahominy,"Other Race",20,2,0
10/06/2020,"Virginia Beach",Latino,441,26,4
10/06/2020,Chesapeake,White,1455,147,29
10/06/2020,Southside,Black,520,45,20
10/06/2020,Rappahannock,Latino,1368,112,9
10/06/2020,"Three Rivers","Two or more races",8,0,0
10/06/2020,Henrico,Black,1814,216,91
10/06/2020,Pittsylvania-Danville,Black,643,79,19
10/06/2020,"Lord Fairfax","Two or more races",18,0,0
10/06/2020,"Prince William",Latino,6548,649,75
10/06/2020,"Mount Rogers","Other Race",11,2,2
10/06/2020,"Central Shenandoah",Black,246,13,4
10/06/2020,Peninsula,White,1073,86,50
10/06/2020,"Eastern Shore","Not Reported",85,0,0
10/06/2020,"Thomas Jefferson","Other Race",172,4,1
10/06/2020,Hampton,"Other Race",56,2,1
10/06/2020,"Lord Fairfax","Not Reported",366,5,6
10/06/2020,"Central Virginia","Other Race",21,0,0
10/06/2020,"Western Tidewater","Other Race",82,1,2
10/06/2020,Crater,Latino,209,9,4
10/06/2020,Chesapeake,Latino,326,27,2
10/06/2020,Chesterfield,White,1786,145,80
10/06/2020,"Western Tidewater","Not Reported",1077,6,4
10/06/2020,Fairfax,"Not Reported",2523,47,30
10/06/2020,Arlington,Black,418,86,34
10/06/2020,"Central Virginia",Latino,75,6,2
10/06/2020,Alexandria,"Not Reported",266,7,1
10/06/2020,"Three Rivers",Black,683,56,10
10/06/2020,"Prince William","Two or more races",95,1,0
10/06/2020,Loudoun,"Two or more races",55,2,0
10/06/2020,Peninsula,"Other Race",156,3,1
10/06/2020,"Thomas Jefferson",White,1888,85,51
10/06/2020,Norfolk,"Other Race",84,4,2
10/06/2020,"Prince William","Not Reported",4280,29,0
10/06/2020,"West Piedmont",White,997,128,55
10/06/2020,Rappahannock,Black,905,98,16
10/06/2020,Norfolk,Black,2475,266,53
10/06/2020,Roanoke,Latino,393,21,0
10/06/2020,Piedmont,Latino,75,8,2
10/06/2020,Roanoke,"Not Reported",645,2,3
10/06/2020,"Virginia Beach","Other Race",114,2,0
10/06/2020,Arlington,"Two or more races",44,3,0
10/06/2020,Alexandria,White,770,60,36
10/06/2020,"Lord Fairfax","Other Race",76,6,1
10/06/2020,"Thomas Jefferson","Not Reported",359,2,0
10/06/2020,"Virginia Beach","Not Reported",1875,12,2
10/06/2020,Loudoun,Black,333,34,6
10/06/2020,Pittsylvania-Danville,Latino,74,3,0
10/06/2020,"Cumberland Plateau","Not Reported",70,4,0
10/06/2020,Chesterfield,"Not Reported",1428,4,10
10/06/2020,"Mount Rogers",White,2441,244,118
10/06/2020,Richmond,White,810,46,16
10/06/2020,Lenowisco,"Not Reported",125,5,3
10/06/2020,"Three Rivers",Latino,158,5,1
10/06/2020,Piedmont,"Not Reported",827,11,4
10/06/2020,"Mount Rogers",Latino,298,6,0
10/06/2020,"Central Shenandoah","Two or more races",47,1,0
10/06/2020,Crater,White,885,57,28
10/06/2020,Arlington,White,1211,138,73
10/06/2020,Pittsylvania-Danville,"Other Race",3,0,0
10/06/2020,Chickahominy,Black,372,50,12
10/06/2020,Fairfax,Black,1760,250,66
10/06/2020,"Eastern Shore",Latino,261,11,3
10/06/2020,Norfolk,White,947,65,22
10/06/2020,"Mount Rogers","Two or more races",9,1,0
10/06/2020,Alleghany,"Two or more races",11,0,0
10/06/2020,Southside,White,326,31,20
10/06/2020,"Thomas Jefferson","Two or more races",71,1,0
10/06/2020,"Prince William",Black,1539,179,54
10/06/2020,"Lord Fairfax",White,1865,199,94
10/06/2020,"Cumberland Plateau",Latino,12,0,0
10/06/2020,Arlington,"Not Reported",355,3,1
10/06/2020,Rappahannock,"Other Race",132,4,0
10/06/2020,"Rappahannock Rapidan",Black,252,35,11
10/06/2020,"New River","Two or more races",42,0,0
10/06/2020,Arlington,Latino,1739,244,27
10/06/2020,Henrico,White,1576,146,109
10/06/2020,Loudoun,White,1708,125,91
10/06/2020,Hampton,White,290,11,5
10/06/2020,Alleghany,Black,119,7,3
10/06/2020,"Prince William",White,1793,180,92
10/06/2020,Rappahannock,White,1525,146,51
10/06/2020,Southside,"Other Race",14,1,1
10/06/2020,Portsmouth,"Two or more races",20,6,0
10/06/2020,"Western Tidewater",Black,1813,123,57
10/06/2020,Hampton,Latino,64,4,0
10/06/2020,Henrico,"Not Reported",845,2,4
10/06/2020,"West Piedmont","Two or more races",4,0,0
10/06/2020,Peninsula,"Not Reported",1608,3,0
10/06/2020,Loudoun,Latino,2308,203,15
10/06/2020,Alexandria,Black,818,101,18
10/06/2020,Piedmont,Black,579,63,19
10/06/2020,Roanoke,"Other Race",25,2,1
10/06/2020,Alexandria,"Two or more races",28,2,0
10/06/2020,"Western Tidewater",Latino,45,1,2
10/06/2020,Rappahannock,"Not Reported",1373,25,0
10/06/2020,"West Piedmont","Other Race",6,1,1
10/06/2020,Chickahominy,White,1019,107,41
10/06/2020,"Thomas Jefferson",Latino,712,32,3
10/06/2020,"Cumberland Plateau",Black,48,0,0
10/06/2020,"Lord Fairfax",Latino,790,50,9
10/06/2020,"West Piedmont",Latino,267,10,1
10/06/2020,"Cumberland Plateau",White,779,62,10
10/06/2020,"Eastern Shore","Other Race",13,1,0
10/06/2020,"Cumberland Plateau","Two or more races",7,0,0
10/06/2020,Pittsylvania-Danville,"Two or more races",2,0,0
10/06/2020,Piedmont,"Other Race",10,0,0
10/06/2020,Alexandria,Latino,1823,137,12
10/06/2020,Chesapeake,Black,1773,237,34
10/06/2020,Richmond,"Other Race",165,9,3
10/06/2020,Henrico,Latino,900,56,11
10/06/2020,Piedmont,"Two or more races",4,2,0
10/06/2020,"Prince William","Other Race",482,18,1
10/06/2020,"New River","Not Reported",856,8,0
10/06/2020,"Rappahannock Rapidan",White,889,62,24
10/06/2020,"Central Virginia","Not Reported",1822,16,5
10/06/2020,"Virginia Beach","Two or more races",70,4,1
10/06/2020,Pittsylvania-Danville,White,572,62,23
10/06/2020,"Lord Fairfax",Black,146,22,6
10/06/2020,Fairfax,Latino,10145,1032,101
10/06/2020,Chesterfield,"Asian or Pacific Islander",97,4,1
10/06/2020,Crater,"Asian or Pacific Islander",23,0,0
10/06/2020,Fairfax,"Asian or Pacific Islander",1871,271,76
10/06/2020,Hampton,"Asian or Pacific Islander",17,0,0
10/06/2020,"Rappahannock Rapidan","Asian or Pacific Islander",10,1,0
10/06/2020,"Mount Rogers","Asian or Pacific Islander",3,1,0
10/06/2020,"New River","Asian or Pacific Islander",87,0,0
10/06/2020,"Central Virginia","Asian or Pacific Islander",21,1,0
10/06/2020,"Lord Fairfax","Asian or Pacific Islander",15,0,0
10/06/2020,Southside,"Asian or Pacific Islander",1,0,0
10/06/2020,Alleghany,"Asian or Pacific Islander",23,0,0
10/06/2020,Portsmouth,"Asian or Pacific Islander",22,2,0
10/06/2020,Roanoke,"Asian or Pacific Islander",31,2,0
10/06/2020,Richmond,"Asian or Pacific Islander",48,3,1
10/06/2020,"Thomas Jefferson","Asian or Pacific Islander",82,1,1
10/06/2020,"Virginia Beach","Asian or Pacific Islander",286,29,5
10/06/2020,Henrico,"Asian or Pacific Islander",224,11,4
10/06/2020,Piedmont,"Asian or Pacific Islander",9,0,1
10/06/2020,"Western Tidewater","Asian or Pacific Islander",21,2,3
10/06/2020,"West Piedmont","Asian or Pacific Islander",12,2,1
10/06/2020,Chickahominy,"Asian or Pacific Islander",16,1,0
10/06/2020,Peninsula,"Asian or Pacific Islander",49,4,6
10/06/2020,Norfolk,"Asian or Pacific Islander",65,7,0
10/06/2020,Arlington,"Asian or Pacific Islander",202,25,13
10/06/2020,Loudoun,"Asian or Pacific Islander",438,55,12
10/06/2020,Alexandria,"Asian or Pacific Islander",139,11,1
10/06/2020,Rappahannock,"Asian or Pacific Islander",90,11,2
10/06/2020,Chesapeake,"Asian or Pacific Islander",79,10,6
10/06/2020,"Cumberland Plateau and Lenowisco","Asian or Pacific Islander",1,0,0
10/06/2020,"Central Shenandoah","Asian or Pacific Islander",75,2,0
10/06/2020,"Prince William","Asian or Pacific Islander",618,59,17
10/06/2020,Pittsylvania-Danville,"Asian or Pacific Islander",4,0,0
10/06/2020,"Eastern Shore and Three Rivers","Asian or Pacific Islander",12,1,0
10/06/2020,Piedmont,"Native American",2,0,0
10/06/2020,"New River","Native American",1,0,0
10/06/2020,"Central Shenandoah","Native American",3,1,0
10/06/2020,"Eastern Shore and Three Rivers","Native American",1,0,0
10/06/2020,Fairfax,"Native American",36,1,1
10/06/2020,Chesapeake,"Native American",13,0,0
10/06/2020,"Western Tidewater","Native American",2,0,0
10/06/2020,Portsmouth,"Native American",4,2,0
10/06/2020,Richmond,"Native American",2,0,0
10/06/2020,Chickahominy,"Native American",6,1,0
10/06/2020,"Thomas Jefferson","Native American",3,0,0
10/06/2020,Arlington,"Native American",5,0,0
10/06/2020,"Virginia Beach","Native American",10,0,0
10/06/2020,Peninsula,"Native American",7,2,1
10/06/2020,Hampton,"Native American",4,0,1
10/06/2020,"West Piedmont","Native American",2,0,0
10/06/2020,"Cumberland Plateau, Lenowisco, and Mount Rogers","Native American",2,0,0
10/06/2020,Henrico,"Native American",11,0,0
10/06/2020,Norfolk,"Native American",9,1,1
10/06/2020,"Prince William","Native American",26,1,1
10/06/2020,"Central Virginia","Native American",5,0,0
10/06/2020,Chesterfield,"Native American",7,1,0
10/06/2020,Rappahannock,"Native American",6,0,0
10/06/2020,Loudoun,"Native American",6,0,0
10/06/2020,Alexandria,"Native American",4,0,0
10/06/2020,"Alleghany and Roanoke","Native American",3,0,0
10/06/2020,Crater,"Native American",6,1,1
10/06/2020,"Rappahannock Rapidan","Native American",1,0,0
10/06/2020,"Lord Fairfax","Native American",3,1,1
10/06/2020,"Pittsylvania-Danville and Southside","Native American",0,0,0
10/07/2020,"Rappahannock Rapidan","Not Reported",676,13,6
10/07/2020,Portsmouth,"Other Race",54,8,4
10/07/2020,"Western Tidewater","Two or more races",59,0,0
10/07/2020,Piedmont,White,601,54,26
10/07/2020,Chesterfield,Latino,1904,108,6
10/07/2020,Lenowisco,White,843,77,16
10/07/2020,Lenowisco,"Two or more races",3,0,0
10/07/2020,Hampton,"Not Reported",611,3,2
10/07/2020,Southside,"Not Reported",668,11,5
10/07/2020,Roanoke,Black,415,30,7
10/07/2020,Hampton,Black,840,53,19
10/07/2020,Alleghany,"Other Race",12,1,0
10/07/2020,Lenowisco,Latino,16,0,0
10/07/2020,Loudoun,"Other Race",224,17,2
10/07/2020,"Central Shenandoah",Latino,1146,58,6
10/07/2020,"Rappahannock Rapidan",Latino,825,62,7
10/07/2020,"Eastern Shore",Black,858,100,29
10/07/2020,Norfolk,Latino,350,25,0
10/07/2020,Hampton,"Two or more races",15,0,0
10/07/2020,Richmond,Black,1704,255,33
10/07/2020,Henrico,"Two or more races",60,4,0
10/07/2020,Fairfax,"Two or more races",109,5,0
10/07/2020,Alleghany,"Not Reported",498,1,0
10/07/2020,Portsmouth,"Not Reported",559,5,1
10/07/2020,"Cumberland Plateau","Other Race",4,1,0
10/07/2020,Southside,"Two or more races",28,0,0
10/07/2020,Portsmouth,White,350,46,10
10/07/2020,"Rappahannock Rapidan","Two or more races",37,3,0
10/07/2020,Fairfax,White,4344,515,315
10/07/2020,Fairfax,"Other Race",842,86,18
10/07/2020,Crater,"Two or more races",12,0,0
10/07/2020,"West Piedmont","Not Reported",452,25,3
10/07/2020,Henrico,"Other Race",178,15,0
10/07/2020,"Three Rivers",White,748,55,20
10/07/2020,"Central Virginia",Black,335,35,10
10/07/2020,Lenowisco,"Other Race",8,0,0
10/07/2020,"Three Rivers","Other Race",17,3,0
10/07/2020,"Western Tidewater",White,1041,70,66
10/07/2020,"Mount Rogers",Black,69,8,3
10/07/2020,"Three Rivers","Not Reported",266,4,1
10/07/2020,"Thomas Jefferson",Black,529,70,17
10/07/2020,"Eastern Shore",White,276,28,18
10/07/2020,"Central Virginia",White,1314,76,26
10/07/2020,Lenowisco,Black,10,1,1
10/07/2020,"Central Virginia","Two or more races",13,0,0
10/07/2020,Richmond,"Two or more races",42,2,1
10/07/2020,Crater,"Not Reported",985,10,6
10/07/2020,Chesterfield,"Two or more races",47,5,0
10/07/2020,"New River",Latino,183,5,0
10/07/2020,Richmond,Latino,1363,114,8
10/07/2020,Portsmouth,Latino,77,11,1
10/07/2020,Pittsylvania-Danville,"Not Reported",768,13,0
10/07/2020,Chesapeake,"Not Reported",673,6,0
10/07/2020,Chickahominy,Latino,101,4,0
10/07/2020,Crater,Black,2129,203,65
10/07/2020,Chesterfield,Black,1317,128,32
10/07/2020,Chesterfield,"Other Race",139,11,0
10/07/2020,Peninsula,Black,1220,84,27
10/07/2020,Roanoke,White,438,18,22
10/07/2020,"New River",Black,198,5,1
10/07/2020,Southside,Latino,9,0,0
10/07/2020,Peninsula,Latino,371,23,2
10/07/2020,Rappahannock,"Two or more races",41,3,0
10/07/2020,"Virginia Beach",Black,1796,137,25
10/07/2020,"Mount Rogers","Not Reported",154,8,5
10/07/2020,Loudoun,"Not Reported",1951,5,0
10/07/2020,Chesapeake,"Other Race",56,6,1
10/07/2020,Chickahominy,"Two or more races",6,1,0
10/07/2020,Crater,"Other Race",53,0,0
10/07/2020,Norfolk,"Two or more races",57,1,0
10/07/2020,"Eastern Shore","Two or more races",1,1,0
10/07/2020,"Central Shenandoah",White,3466,197,59
10/07/2020,"New River","Other Race",14,0,0
10/07/2020,"New River",White,2103,45,23
10/07/2020,"Central Shenandoah","Other Race",91,2,0
10/07/2020,"West Piedmont",Black,497,91,17
10/07/2020,Alleghany,Latino,168,12,0
10/07/2020,"Central Shenandoah","Not Reported",770,4,1
10/07/2020,Roanoke,"Two or more races",13,2,0
10/07/2020,Peninsula,"Two or more races",56,3,1
10/07/2020,Richmond,"Not Reported",657,1,1
10/07/2020,Arlington,"Other Race",93,9,4
10/07/2020,Norfolk,"Not Reported",975,4,1
10/07/2020,Alexandria,"Other Race",86,9,3
10/07/2020,"Virginia Beach",White,2549,187,58
10/07/2020,Chesapeake,"Two or more races",47,3,1
10/07/2020,Alleghany,White,931,61,25
10/07/2020,"Rappahannock Rapidan","Other Race",37,3,0
10/07/2020,Chickahominy,"Not Reported",460,3,1
10/07/2020,Portsmouth,Black,1548,213,47
10/07/2020,Chickahominy,"Other Race",20,2,0
10/07/2020,"Virginia Beach",Latino,446,27,4
10/07/2020,Chesapeake,White,1469,147,29
10/07/2020,Southside,Black,520,46,20
10/07/2020,Rappahannock,Latino,1370,112,9
10/07/2020,"Three Rivers","Two or more races",8,0,0
10/07/2020,Henrico,Black,1819,217,91
10/07/2020,Pittsylvania-Danville,Black,651,79,19
10/07/2020,"Lord Fairfax","Two or more races",18,0,0
10/07/2020,"Prince William",Latino,6575,650,75
10/07/2020,"Mount Rogers","Other Race",11,2,2
10/07/2020,"Central Shenandoah",Black,248,13,4
10/07/2020,Peninsula,White,1083,86,51
10/07/2020,"Eastern Shore","Not Reported",85,0,0
10/07/2020,"Thomas Jefferson","Other Race",169,4,1
10/07/2020,Hampton,"Other Race",56,2,1
10/07/2020,"Lord Fairfax","Not Reported",367,5,6
10/07/2020,"Central Virginia","Other Race",22,1,0
10/07/2020,"Western Tidewater","Other Race",81,1,2
10/07/2020,Crater,Latino,208,9,4
10/07/2020,Chesapeake,Latino,331,27,2
10/07/2020,Chesterfield,White,1805,147,80
10/07/2020,"Western Tidewater","Not Reported",1069,5,2
10/07/2020,Fairfax,"Not Reported",2532,47,31
10/07/2020,Arlington,Black,419,86,35
10/07/2020,"Central Virginia",Latino,76,6,2
10/07/2020,Alexandria,"Not Reported",266,7,1
10/07/2020,"Three Rivers",Black,682,55,10
10/07/2020,"Prince William","Two or more races",96,1,0
10/07/2020,Loudoun,"Two or more races",55,2,0
10/07/2020,Peninsula,"Other Race",156,3,0
10/07/2020,"Thomas Jefferson",White,1899,87,51
10/07/2020,Norfolk,"Other Race",85,4,2
10/07/2020,"Prince William","Not Reported",4288,29,0
10/07/2020,"West Piedmont",White,1007,129,56
10/07/2020,Rappahannock,Black,908,99,16
10/07/2020,Norfolk,Black,2481,267,53
10/07/2020,Roanoke,Latino,397,22,0
10/07/2020,Piedmont,Latino,75,8,2
10/07/2020,Roanoke,"Not Reported",646,2,0
10/07/2020,"Virginia Beach","Other Race",115,2,0
10/07/2020,Arlington,"Two or more races",43,3,0
10/07/2020,Alexandria,White,772,60,36
10/07/2020,"Lord Fairfax","Other Race",76,6,1
10/07/2020,"Thomas Jefferson","Not Reported",358,2,0
10/07/2020,"Virginia Beach","Not Reported",1867,13,2
10/07/2020,Loudoun,Black,333,34,6
10/07/2020,Pittsylvania-Danville,Latino,74,3,0
10/07/2020,"Cumberland Plateau","Not Reported",70,4,0
10/07/2020,Chesterfield,"Not Reported",1398,4,10
10/07/2020,"Mount Rogers",White,2459,246,119
10/07/2020,Richmond,White,812,46,16
10/07/2020,Lenowisco,"Not Reported",125,5,3
10/07/2020,"Three Rivers",Latino,158,5,1
10/07/2020,Piedmont,"Not Reported",831,11,2
10/07/2020,"Mount Rogers",Latino,298,6,0
10/07/2020,"Central Shenandoah","Two or more races",47,1,0
10/07/2020,Crater,White,895,57,28
10/07/2020,Arlington,White,1218,138,73
10/07/2020,Pittsylvania-Danville,"Other Race",3,0,0
10/07/2020,Chickahominy,Black,372,50,12
10/07/2020,Fairfax,Black,1761,250,66
10/07/2020,"Eastern Shore",Latino,261,11,3
10/07/2020,Norfolk,White,946,65,22
10/07/2020,"Mount Rogers","Two or more races",9,1,0
10/07/2020,Alleghany,"Two or more races",12,0,0
10/07/2020,Southside,White,326,31,20
10/07/2020,"Thomas Jefferson","Two or more races",73,1,0
10/07/2020,"Prince William",Black,1547,179,54
10/07/2020,"Lord Fairfax",White,1871,199,95
10/07/2020,"Cumberland Plateau",Latino,12,0,0
10/07/2020,Arlington,"Not Reported",359,3,0
10/07/2020,Rappahannock,"Other Race",131,4,0
10/07/2020,"Rappahannock Rapidan",Black,253,35,12
10/07/2020,"New River","Two or more races",42,0,0
10/07/2020,Arlington,Latino,1744,244,27
10/07/2020,Henrico,White,1577,146,109
10/07/2020,Loudoun,White,1719,125,92
10/07/2020,Hampton,White,291,10,4
10/07/2020,Alleghany,Black,124,7,3
10/07/2020,"Prince William",White,1801,180,93
10/07/2020,Rappahannock,White,1531,146,51
10/07/2020,Southside,"Other Race",14,1,1
10/07/2020,Portsmouth,"Two or more races",20,6,0
10/07/2020,"Western Tidewater",Black,1820,125,60
10/07/2020,Hampton,Latino,65,4,0
10/07/2020,Henrico,"Not Reported",844,2,4
10/07/2020,"West Piedmont","Two or more races",4,0,0
10/07/2020,Peninsula,"Not Reported",1606,3,0
10/07/2020,Loudoun,Latino,2313,203,15
10/07/2020,Alexandria,Black,820,101,18
10/07/2020,Piedmont,Black,586,63,20
10/07/2020,Roanoke,"Other Race",25,1,0
10/07/2020,Alexandria,"Two or more races",27,2,0
10/07/2020,"Western Tidewater",Latino,45,1,2
10/07/2020,Rappahannock,"Not Reported",1368,25,0
10/07/2020,"West Piedmont","Other Race",6,1,1
10/07/2020,Chickahominy,White,1023,107,41
10/07/2020,"Thomas Jefferson",Latino,714,32,3
10/07/2020,"Cumberland Plateau",Black,49,0,0
10/07/2020,"Lord Fairfax",Latino,791,50,9
10/07/2020,"West Piedmont",Latino,267,10,1
10/07/2020,"Cumberland Plateau",White,793,62,10
10/07/2020,"Eastern Shore","Other Race",13,1,0
10/07/2020,"Cumberland Plateau","Two or more races",7,0,0
10/07/2020,Pittsylvania-Danville,"Two or more races",2,0,0
10/07/2020,Piedmont,"Other Race",10,0,0
10/07/2020,Alexandria,Latino,1825,137,12
10/07/2020,Chesapeake,Black,1788,238,33
10/07/2020,Richmond,"Other Race",164,8,2
10/07/2020,Henrico,Latino,904,56,11
10/07/2020,Piedmont,"Two or more races",5,2,0
10/07/2020,"Prince William","Other Race",481,18,0
10/07/2020,"New River","Not Reported",861,8,0
10/07/2020,"Rappahannock Rapidan",White,895,61,27
10/07/2020,"Central Virginia","Not Reported",1815,16,5
10/07/2020,"Virginia Beach","Two or more races",70,4,1
10/07/2020,Pittsylvania-Danville,White,576,62,25
10/07/2020,"Lord Fairfax",Black,146,22,6
10/07/2020,Fairfax,Latino,10162,1032,101
10/07/2020,Chesterfield,"Asian or Pacific Islander",99,4,1
10/07/2020,Crater,"Asian or Pacific Islander",23,0,0
10/07/2020,Fairfax,"Asian or Pacific Islander",1874,270,77
10/07/2020,Hampton,"Asian or Pacific Islander",17,0,0
10/07/2020,"Rappahannock Rapidan","Asian or Pacific Islander",10,1,0
10/07/2020,"Mount Rogers","Asian or Pacific Islander",3,1,0
10/07/2020,"New River","Asian or Pacific Islander",87,0,0
10/07/2020,"Central Virginia","Asian or Pacific Islander",21,1,0
10/07/2020,"Lord Fairfax","Asian or Pacific Islander",15,0,0
10/07/2020,Southside,"Asian or Pacific Islander",1,0,0
10/07/2020,Alleghany,"Asian or Pacific Islander",23,0,0
10/07/2020,Portsmouth,"Asian or Pacific Islander",22,2,0
10/07/2020,Roanoke,"Asian or Pacific Islander",31,2,0
10/07/2020,Richmond,"Asian or Pacific Islander",48,3,1
10/07/2020,"Thomas Jefferson","Asian or Pacific Islander",82,1,1
10/07/2020,"Virginia Beach","Asian or Pacific Islander",288,29,5
10/07/2020,Henrico,"Asian or Pacific Islander",224,11,4
10/07/2020,Piedmont,"Asian or Pacific Islander",9,0,1
10/07/2020,"Western Tidewater","Asian or Pacific Islander",21,2,3
10/07/2020,"West Piedmont","Asian or Pacific Islander",12,2,1
10/07/2020,Chickahominy,"Asian or Pacific Islander",16,1,0
10/07/2020,Peninsula,"Asian or Pacific Islander",51,4,7
10/07/2020,Norfolk,"Asian or Pacific Islander",65,7,0
10/07/2020,Arlington,"Asian or Pacific Islander",202,25,13
10/07/2020,Loudoun,"Asian or Pacific Islander",441,55,12
10/07/2020,Alexandria,"Asian or Pacific Islander",138,11,1
10/07/2020,Rappahannock,"Asian or Pacific Islander",90,11,2
10/07/2020,Chesapeake,"Asian or Pacific Islander",80,11,6
10/07/2020,"Cumberland Plateau and Lenowisco","Asian or Pacific Islander",1,0,0
10/07/2020,"Central Shenandoah","Asian or Pacific Islander",75,2,0
10/07/2020,"Prince William","Asian or Pacific Islander",621,59,17
10/07/2020,Pittsylvania-Danville,"Asian or Pacific Islander",4,0,0
10/07/2020,"Eastern Shore and Three Rivers","Asian or Pacific Islander",12,1,0
10/07/2020,Piedmont,"Native American",2,0,0
10/07/2020,"New River","Native American",1,0,0
10/07/2020,"Central Shenandoah","Native American",3,1,0
10/07/2020,"Eastern Shore and Three Rivers","Native American",1,0,0
10/07/2020,Fairfax,"Native American",35,1,1
10/07/2020,Chesapeake,"Native American",13,0,0
10/07/2020,"Western Tidewater","Native American",2,0,0
10/07/2020,Portsmouth,"Native American",4,2,0
10/07/2020,Richmond,"Native American",2,0,0
10/07/2020,Chickahominy,"Native American",6,1,0
10/07/2020,"Thomas Jefferson","Native American",3,0,0
10/07/2020,Arlington,"Native American",5,0,0
10/07/2020,"Virginia Beach","Native American",10,0,0
10/07/2020,Peninsula,"Native American",7,2,1
10/07/2020,Hampton,"Native American",4,0,1
10/07/2020,"West Piedmont","Native American",2,0,0
10/07/2020,"Cumberland Plateau, Lenowisco, and Mount Rogers","Native American",2,0,0
10/07/2020,Henrico,"Native American",11,0,0
10/07/2020,Norfolk,"Native American",9,1,1
10/07/2020,"Prince William","Native American",26,1,1
10/07/2020,"Central Virginia","Native American",5,0,0
10/07/2020,Chesterfield,"Native American",7,1,0
10/07/2020,Rappahannock,"Native American",6,0,0
10/07/2020,Loudoun,"Native American",6,0,0
10/07/2020,Alexandria,"Native American",4,0,0
10/07/2020,"Alleghany and Roanoke","Native American",3,0,0
10/07/2020,Crater,"Native American",6,1,1
10/07/2020,"Rappahannock Rapidan","Native American",1,0,0
10/07/2020,"Lord Fairfax","Native American",3,1,1
10/07/2020,"Pittsylvania-Danville and Southside","Native American",0,0,0
10/08/2020,"Rappahannock Rapidan","Not Reported",681,13,6
10/08/2020,Portsmouth,"Other Race",56,8,4
10/08/2020,"Western Tidewater","Two or more races",60,0,0
10/08/2020,Piedmont,White,615,54,26
10/08/2020,Chesterfield,Latino,1910,108,6
10/08/2020,Lenowisco,White,858,79,16
10/08/2020,Lenowisco,"Two or more races",3,0,0
10/08/2020,Hampton,"Not Reported",619,3,2
10/08/2020,Southside,"Not Reported",676,11,5
10/08/2020,Roanoke,Black,422,30,7
10/08/2020,Hampton,Black,849,53,19
10/08/2020,Alleghany,"Other Race",13,1,0
10/08/2020,Lenowisco,Latino,16,0,0
10/08/2020,Loudoun,"Other Race",226,17,2
10/08/2020,"Central Shenandoah",Latino,1151,59,6
10/08/2020,"Rappahannock Rapidan",Latino,828,62,7
10/08/2020,"Eastern Shore",Black,858,100,29
10/08/2020,Norfolk,Latino,351,25,0
10/08/2020,Hampton,"Two or more races",15,0,0
10/08/2020,Richmond,Black,1716,256,33
10/08/2020,Henrico,"Two or more races",60,5,1
10/08/2020,Fairfax,"Two or more races",112,5,0
10/08/2020,Alleghany,"Not Reported",537,1,0
10/08/2020,Portsmouth,"Not Reported",565,5,1
10/08/2020,"Cumberland Plateau","Other Race",4,1,0
10/08/2020,Southside,"Two or more races",28,0,0
10/08/2020,Portsmouth,White,354,46,10
10/08/2020,"Rappahannock Rapidan","Two or more races",38,3,0
10/08/2020,Fairfax,White,4382,518,315
10/08/2020,Fairfax,"Other Race",850,86,18
10/08/2020,Crater,"Two or more races",12,0,0
10/08/2020,"West Piedmont","Not Reported",479,24,3
10/08/2020,Henrico,"Other Race",180,15,0
10/08/2020,"Three Rivers",White,774,55,20
10/08/2020,"Central Virginia",Black,345,35,12
10/08/2020,Lenowisco,"Other Race",8,0,0
10/08/2020,"Three Rivers","Other Race",18,3,0
10/08/2020,"Western Tidewater",White,1069,70,67
10/08/2020,"Mount Rogers",Black,70,8,3
10/08/2020,"Three Rivers","Not Reported",269,4,1
10/08/2020,"Thomas Jefferson",Black,534,70,17
10/08/2020,"Eastern Shore",White,277,28,18
10/08/2020,"Central Virginia",White,1368,77,27
10/08/2020,Lenowisco,Black,10,1,1
10/08/2020,"Central Virginia","Two or more races",14,0,0
10/08/2020,Richmond,"Two or more races",42,2,1
10/08/2020,Crater,"Not Reported",1009,10,6
10/08/2020,Chesterfield,"Two or more races",47,5,0
10/08/2020,"New River",Latino,184,5,0
10/08/2020,Richmond,Latino,1368,114,8
10/08/2020,Portsmouth,Latino,77,11,1
10/08/2020,Pittsylvania-Danville,"Not Reported",790,13,0
10/08/2020,Chesapeake,"Not Reported",670,5,0
10/08/2020,Chickahominy,Latino,101,4,0
10/08/2020,Crater,Black,2144,203,65
10/08/2020,Chesterfield,Black,1335,130,32
10/08/2020,Chesterfield,"Other Race",145,11,0
10/08/2020,Peninsula,Black,1229,85,27
10/08/2020,Roanoke,White,455,19,25
10/08/2020,"New River",Black,200,5,1
10/08/2020,Southside,Latino,9,0,0
10/08/2020,Peninsula,Latino,374,23,2
10/08/2020,Rappahannock,"Two or more races",42,3,0
10/08/2020,"Virginia Beach",Black,1799,139,25
10/08/2020,"Mount Rogers","Not Reported",158,8,5
10/08/2020,Loudoun,"Not Reported",1962,5,0
10/08/2020,Chesapeake,"Other Race",57,6,1
10/08/2020,Chickahominy,"Two or more races",6,1,0
10/08/2020,Crater,"Other Race",53,0,0
10/08/2020,Norfolk,"Two or more races",56,2,0
10/08/2020,"Eastern Shore","Two or more races",1,1,0
10/08/2020,"Central Shenandoah",White,3519,197,60
10/08/2020,"New River","Other Race",14,0,0
10/08/2020,"New River",White,2140,46,25
10/08/2020,"Central Shenandoah","Other Race",91,2,0
10/08/2020,"West Piedmont",Black,504,91,17
10/08/2020,Alleghany,Latino,170,13,0
10/08/2020,"Central Shenandoah","Not Reported",786,4,1
10/08/2020,Roanoke,"Two or more races",13,2,0
10/08/2020,Peninsula,"Two or more races",56,3,1
10/08/2020,Richmond,"Not Reported",663,1,1
10/08/2020,Arlington,"Other Race",94,9,4
10/08/2020,Norfolk,"Not Reported",985,4,1
10/08/2020,Alexandria,"Other Race",89,9,3
10/08/2020,"Virginia Beach",White,2581,187,58
10/08/2020,Chesapeake,"Two or more races",48,3,1
10/08/2020,Alleghany,White,948,61,26
10/08/2020,"Rappahannock Rapidan","Other Race",37,3,0
10/08/2020,Chickahominy,"Not Reported",467,3,1
10/08/2020,Portsmouth,Black,1554,213,47
10/08/2020,Chickahominy,"Other Race",20,2,0
10/08/2020,"Virginia Beach",Latino,449,27,4
10/08/2020,Chesapeake,White,1502,149,30
10/08/2020,Southside,Black,531,46,20
10/08/2020,Rappahannock,Latino,1376,112,9
10/08/2020,"Three Rivers","Two or more races",9,0,0
10/08/2020,Henrico,Black,1828,217,91
10/08/2020,Pittsylvania-Danville,Black,657,79,19
10/08/2020,"Lord Fairfax","Two or more races",18,0,0
10/08/2020,"Prince William",Latino,6623,653,76
10/08/2020,"Mount Rogers","Other Race",11,2,2
10/08/2020,"Central Shenandoah",Black,253,13,4
10/08/2020,Peninsula,White,1088,87,51
10/08/2020,"Eastern Shore","Not Reported",85,0,0
10/08/2020,"Thomas Jefferson","Other Race",171,4,1
10/08/2020,Hampton,"Other Race",56,2,1
10/08/2020,"Lord Fairfax","Not Reported",372,5,6
10/08/2020,"Central Virginia","Other Race",23,1,0
10/08/2020,"Western Tidewater","Other Race",83,1,2
10/08/2020,Crater,Latino,208,9,4
10/08/2020,Chesapeake,Latino,335,28,2
10/08/2020,Chesterfield,White,1826,150,80
10/08/2020,"Western Tidewater","Not Reported",1076,5,2
10/08/2020,Fairfax,"Not Reported",2586,47,31
10/08/2020,Arlington,Black,419,86,35
10/08/2020,"Central Virginia",Latino,76,6,2
10/08/2020,Alexandria,"Not Reported",265,6,1
10/08/2020,"Three Rivers",Black,697,56,10
10/08/2020,"Prince William","Two or more races",98,1,0
10/08/2020,Loudoun,"Two or more races",55,2,0
10/08/2020,Peninsula,"Other Race",158,3,0
10/08/2020,"Thomas Jefferson",White,1947,87,51
10/08/2020,Norfolk,"Other Race",88,4,2
10/08/2020,"Prince William","Not Reported",4320,29,0
10/08/2020,"West Piedmont",White,1030,133,57
10/08/2020,Rappahannock,Black,917,100,16
10/08/2020,Roanoke,Latino,400,23,0
10/08/2020,Piedmont,Latino,75,8,2
10/08/2020,Roanoke,"Not Reported",674,2,0
10/08/2020,"Virginia Beach","Other Race",116,2,0
10/08/2020,Arlington,"Two or more races",43,3,0
10/08/2020,Alexandria,White,778,59,37
10/08/2020,"Lord Fairfax","Other Race",77,6,1
10/08/2020,"Thomas Jefferson","Not Reported",363,2,0
10/08/2020,"Virginia Beach","Not Reported",1877,13,2
10/08/2020,Loudoun,Black,337,34,6
10/08/2020,Pittsylvania-Danville,Latino,74,3,0
10/08/2020,"Cumberland Plateau","Not Reported",77,4,0
10/08/2020,Chesterfield,"Not Reported",1408,5,10
10/08/2020,"Mount Rogers",White,2505,248,119
10/08/2020,Richmond,White,834,47,16
10/08/2020,Lenowisco,"Not Reported",127,5,3
10/08/2020,"Three Rivers",Latino,159,5,1
10/08/2020,Piedmont,"Not Reported",841,11,2
10/08/2020,"Mount Rogers",Latino,299,7,0
10/08/2020,"Central Shenandoah","Two or more races",47,1,0
10/08/2020,Crater,White,907,57,28
10/08/2020,Arlington,White,1229,138,73
10/08/2020,Pittsylvania-Danville,"Other Race",3,0,0
10/08/2020,Chickahominy,Black,372,50,12
10/08/2020,Fairfax,Black,1775,250,66
10/08/2020,"Eastern Shore",Latino,261,11,3
10/08/2020,Norfolk,White,952,65,22
10/08/2020,"Mount Rogers","Two or more races",9,1,0
10/08/2020,Alleghany,"Two or more races",12,0,0
10/08/2020,Southside,White,334,31,20
10/08/2020,"Thomas Jefferson","Two or more races",73,1,0
10/08/2020,"Prince William",Black,1558,179,55
10/08/2020,"Lord Fairfax",White,1904,203,95
10/08/2020,"Cumberland Plateau",Latino,13,0,0
10/08/2020,Arlington,"Not Reported",387,3,0
10/08/2020,Rappahannock,"Other Race",133,4,0
10/08/2020,"Rappahannock Rapidan",Black,254,35,12
10/08/2020,"New River","Two or more races",45,0,0
10/08/2020,Arlington,Latino,1752,244,27
10/08/2020,Henrico,White,1593,146,109
10/08/2020,Loudoun,White,1748,125,92
10/08/2020,Hampton,White,297,11,4
10/08/2020,Alleghany,Black,126,7,3
10/08/2020,"Prince William",White,1830,181,95
10/08/2020,Rappahannock,White,1557,146,51
10/08/2020,Southside,"Other Race",14,1,1
10/08/2020,Portsmouth,"Two or more races",20,6,0
10/08/2020,"Western Tidewater",Black,1839,124,60
10/08/2020,Hampton,Latino,65,4,0
10/08/2020,Henrico,"Not Reported",852,2,4
10/08/2020,"West Piedmont","Two or more races",5,0,0
10/08/2020,Peninsula,"Not Reported",1631,3,0
10/08/2020,Loudoun,Latino,2331,203,15
10/08/2020,Alexandria,Black,822,101,19
10/08/2020,Piedmont,Black,590,65,20
10/08/2020,Roanoke,"Other Race",25,1,0
10/08/2020,Alexandria,"Two or more races",27,2,0
10/08/2020,"Western Tidewater",Latino,46,1,2
10/08/2020,Rappahannock,"Not Reported",1385,25,0
10/08/2020,"West Piedmont","Other Race",7,1,1
10/08/2020,Chickahominy,White,1043,108,42
10/08/2020,"Thomas Jefferson",Latino,717,32,3
10/08/2020,"Cumberland Plateau",Black,49,0,0
10/08/2020,"Lord Fairfax",Latino,797,50,9
10/08/2020,"West Piedmont",Latino,268,11,1
10/08/2020,"Cumberland Plateau",White,828,63,11
10/08/2020,"Eastern Shore","Other Race",13,1,0
10/08/2020,"Cumberland Plateau","Two or more races",7,0,0
10/08/2020,Pittsylvania-Danville,"Two or more races",2,0,0
10/08/2020,Piedmont,"Other Race",10,0,0
10/08/2020,Alexandria,Latino,1838,136,12
10/08/2020,Chesapeake,Black,1810,239,33
10/08/2020,Richmond,"Other Race",166,8,2
10/08/2020,Henrico,Latino,909,56,11
10/08/2020,Piedmont,"Two or more races",5,2,0
10/08/2020,"Prince William","Other Race",489,18,0
10/08/2020,"New River","Not Reported",867,8,0
10/08/2020,"Rappahannock Rapidan",White,905,61,28
10/08/2020,"Central Virginia","Not Reported",1856,16,5
10/08/2020,"Virginia Beach","Two or more races",70,4,1
10/08/2020,Pittsylvania-Danville,White,597,62,26
10/08/2020,"Lord Fairfax",Black,146,22,6
10/08/2020,Fairfax,Latino,10222,1029,101
10/08/2020,Chesterfield,"Asian or Pacific Islander",100,4,1
10/08/2020,Crater,"Asian or Pacific Islander",23,0,0
10/08/2020,Fairfax,"Asian or Pacific Islander",1883,270,78
10/08/2020,Hampton,"Asian or Pacific Islander",18,0,0
10/08/2020,"Rappahannock Rapidan","Asian or Pacific Islander",10,1,0
10/08/2020,"Mount Rogers","Asian or Pacific Islander",3,1,0
10/08/2020,"New River","Asian or Pacific Islander",87,0,0
10/08/2020,"Central Virginia","Asian or Pacific Islander",21,1,0
10/08/2020,"Lord Fairfax","Asian or Pacific Islander",17,0,0
10/08/2020,Southside,"Asian or Pacific Islander",1,0,0
10/08/2020,Alleghany,"Asian or Pacific Islander",25,0,0
10/08/2020,Portsmouth,"Asian or Pacific Islander",22,2,0
10/08/2020,Roanoke,"Asian or Pacific Islander",32,2,0
10/08/2020,Richmond,"Asian or Pacific Islander",48,3,1
10/08/2020,"Thomas Jefferson","Asian or Pacific Islander",83,1,1
10/08/2020,"Virginia Beach","Asian or Pacific Islander",290,29,5
10/08/2020,Henrico,"Asian or Pacific Islander",226,11,4
10/08/2020,Piedmont,"Asian or Pacific Islander",9,0,1
10/08/2020,"Western Tidewater","Asian or Pacific Islander",21,2,3
10/08/2020,"West Piedmont","Asian or Pacific Islander",12,2,1
10/08/2020,Chickahominy,"Asian or Pacific Islander",16,1,0
10/08/2020,Peninsula,"Asian or Pacific Islander",51,4,7
10/08/2020,Norfolk,"Asian or Pacific Islander",66,7,0
10/08/2020,Arlington,"Asian or Pacific Islander",203,25,13
10/08/2020,Loudoun,"Asian or Pacific Islander",445,56,12
10/08/2020,Alexandria,"Asian or Pacific Islander",138,11,1
10/08/2020,Rappahannock,"Asian or Pacific Islander",90,11,2
10/08/2020,Chesapeake,"Asian or Pacific Islander",82,12,6
10/08/2020,"Cumberland Plateau and Lenowisco","Asian or Pacific Islander",1,0,0
10/08/2020,"Central Shenandoah","Asian or Pacific Islander",75,2,0
10/08/2020,"Prince William","Asian or Pacific Islander",626,59,17
10/08/2020,Pittsylvania-Danville,"Asian or Pacific Islander",4,0,0
10/08/2020,"Eastern Shore and Three Rivers","Asian or Pacific Islander",12,1,0
10/08/2020,Piedmont,"Native American",2,0,0
10/08/2020,"New River","Native American",1,0,0
10/08/2020,"Central Shenandoah","Native American",3,1,0
10/08/2020,"Eastern Shore and Three Rivers","Native American",1,0,0
10/08/2020,Fairfax,"Native American",35,1,1
10/08/2020,Chesapeake,"Native American",13,0,0
10/08/2020,"Western Tidewater","Native American",2,0,0
10/08/2020,Portsmouth,"Native American",4,2,0
10/08/2020,Richmond,"Native American",2,0,0
10/08/2020,Chickahominy,"Native American",6,1,0
10/08/2020,"Thomas Jefferson","Native American",3,0,0
10/08/2020,Arlington,"Native American",5,0,0
10/08/2020,"Virginia Beach","Native American",10,0,0
10/08/2020,Peninsula,"Native American",7,2,1
10/08/2020,Hampton,"Native American",4,0,1
10/08/2020,"West Piedmont","Native American",2,0,0
10/08/2020,"Cumberland Plateau, Lenowisco, and Mount Rogers","Native American",2,0,0
10/08/2020,Henrico,"Native American",11,0,0
10/08/2020,Norfolk,"Native American",9,1,1
10/08/2020,"Prince William","Native American",26,1,1
10/08/2020,"Central Virginia","Native American",5,0,0
10/08/2020,Chesterfield,"Native American",7,1,0
10/08/2020,Rappahannock,"Native American",6,0,0
10/08/2020,Loudoun,"Native American",6,0,0
10/08/2020,Alexandria,"Native American",4,0,0
10/08/2020,"Alleghany and Roanoke","Native American",4,0,0
10/08/2020,Crater,"Native American",6,1,1
10/08/2020,"Rappahannock Rapidan","Native American",1,0,0
10/08/2020,"Lord Fairfax","Native American",3,1,1
10/08/2020,"Pittsylvania-Danville and Southside","Native American",0,0,0
10/09/2020,"Rappahannock Rapidan","Not Reported",667,12,6
10/09/2020,Portsmouth,"Other Race",55,8,4
10/09/2020,"Western Tidewater","Two or more races",59,0,0
10/09/2020,Piedmont,White,637,54,26
10/09/2020,Chesterfield,Latino,1921,108,6
10/09/2020,Lenowisco,White,864,80,16
10/09/2020,Lenowisco,"Two or more races",3,0,0
10/09/2020,Hampton,"Not Reported",625,3,2
10/09/2020,Southside,"Not Reported",665,11,5
10/09/2020,Roanoke,Black,429,33,7
10/09/2020,Hampton,Black,855,54,19
10/09/2020,Alleghany,"Other Race",13,1,0
10/09/2020,Lenowisco,Latino,17,0,0
10/09/2020,Loudoun,"Other Race",225,17,2
10/09/2020,"Central Shenandoah",Latino,1151,59,6
10/09/2020,"Rappahannock Rapidan",Latino,833,62,7
10/09/2020,"Eastern Shore",Black,858,100,29
10/09/2020,Norfolk,Latino,351,26,0
10/09/2020,Hampton,"Two or more races",16,0,0
10/09/2020,Richmond,Black,1724,259,33
10/09/2020,Henrico,"Two or more races",60,5,1
10/09/2020,Fairfax,"Two or more races",116,5,0
10/09/2020,Alleghany,"Not Reported",543,2,0
10/09/2020,Portsmouth,"Not Reported",564,5,1
10/09/2020,"Cumberland Plateau","Other Race",4,1,0
10/09/2020,Southside,"Two or more races",28,0,0
10/09/2020,Portsmouth,White,357,46,10
10/09/2020,"Rappahannock Rapidan","Two or more races",39,3,0
10/09/2020,Fairfax,White,4426,519,317
10/09/2020,Fairfax,"Other Race",855,86,19
10/09/2020,Crater,"Two or more races",13,0,0
10/09/2020,"West Piedmont","Not Reported",484,24,3
10/09/2020,Henrico,"Other Race",182,15,0
10/09/2020,"Three Rivers",White,781,55,20
10/09/2020,"Central Virginia",Black,355,35,12
10/09/2020,Lenowisco,"Other Race",8,0,0
10/09/2020,"Three Rivers","Other Race",19,3,0
10/09/2020,"Western Tidewater",White,1077,70,68
10/09/2020,"Mount Rogers",Black,70,8,3
10/09/2020,"Three Rivers","Not Reported",264,4,1
10/09/2020,"Thomas Jefferson",Black,539,70,17
10/09/2020,"Eastern Shore",White,277,28,18
10/09/2020,"Central Virginia",White,1396,77,27
10/09/2020,Lenowisco,Black,10,1,1
10/09/2020,"Central Virginia","Two or more races",15,0,0
10/09/2020,Richmond,"Two or more races",43,2,1
10/09/2020,Crater,"Not Reported",1017,10,6
10/09/2020,Chesterfield,"Two or more races",46,5,0
10/09/2020,"New River",Latino,186,5,0
10/09/2020,Richmond,Latino,1373,114,8
10/09/2020,Portsmouth,Latino,78,11,1
10/09/2020,Pittsylvania-Danville,"Not Reported",787,14,0
10/09/2020,Chesapeake,"Not Reported",659,5,0
10/09/2020,Chickahominy,Latino,101,4,0
10/09/2020,Crater,Black,2163,204,65
10/09/2020,Chesterfield,Black,1347,131,32
10/09/2020,Chesterfield,"Other Race",146,11,0
10/09/2020,Peninsula,Black,1235,85,27
10/09/2020,Roanoke,White,466,20,25
10/09/2020,"New River",Black,203,5,1
10/09/2020,Southside,Latino,9,0,0
10/09/2020,Peninsula,Latino,378,23,2
10/09/2020,Rappahannock,"Two or more races",43,3,0
10/09/2020,"Virginia Beach",Black,1803,138,27
10/09/2020,"Mount Rogers","Not Reported",163,9,5
10/09/2020,Loudoun,"Not Reported",1961,5,0
10/09/2020,Chesapeake,"Other Race",58,6,1
10/09/2020,Chickahominy,"Two or more races",7,1,0
10/09/2020,Crater,"Other Race",55,0,0
10/09/2020,Norfolk,"Two or more races",57,2,0
10/09/2020,"Eastern Shore","Two or more races",1,1,0
10/09/2020,"Central Shenandoah",White,3581,198,60
10/09/2020,"New River","Other Race",15,0,0
10/09/2020,"New River",White,2187,46,27
10/09/2020,"Central Shenandoah","Other Race",90,2,0
10/09/2020,"West Piedmont",Black,509,92,17
10/09/2020,Alleghany,Latino,170,13,0
10/09/2020,"Central Shenandoah","Not Reported",819,4,1
10/09/2020,Roanoke,"Two or more races",13,2,0
10/09/2020,Peninsula,"Two or more races",57,3,1
10/09/2020,Richmond,"Not Reported",668,1,1
10/09/2020,Arlington,"Other Race",96,9,4
10/09/2020,Norfolk,"Not Reported",990,4,1
10/09/2020,Alexandria,"Other Race",90,9,3
10/09/2020,"Virginia Beach",White,2593,188,58
10/09/2020,Chesapeake,"Two or more races",49,3,1
10/09/2020,Alleghany,White,968,62,26
10/09/2020,"Rappahannock Rapidan","Other Race",37,3,0
10/09/2020,Chickahominy,"Not Reported",470,3,1
10/09/2020,Portsmouth,Black,1558,213,47
10/09/2020,Chickahominy,"Other Race",20,2,0
10/09/2020,"Virginia Beach",Latino,452,28,4
10/09/2020,Chesapeake,White,1517,149,31
10/09/2020,Southside,Black,537,46,20
10/09/2020,Rappahannock,Latino,1386,112,9
10/09/2020,"Three Rivers","Two or more races",8,0,0
10/09/2020,Henrico,Black,1837,218,91
10/09/2020,Pittsylvania-Danville,Black,666,80,19
10/09/2020,"Lord Fairfax","Two or more races",21,0,0
10/09/2020,"Prince William",Latino,6646,655,76
10/09/2020,"Mount Rogers","Other Race",11,2,2
10/09/2020,"Central Shenandoah",Black,258,13,4
10/09/2020,Peninsula,White,1106,87,51
10/09/2020,"Eastern Shore","Not Reported",85,0,0
10/09/2020,"Thomas Jefferson","Other Race",173,4,1
10/09/2020,Hampton,"Other Race",56,2,1
10/09/2020,"Lord Fairfax","Not Reported",371,5,6
10/09/2020,"Central Virginia","Other Race",24,1,0
10/09/2020,"Western Tidewater","Other Race",82,1,2
10/09/2020,Crater,Latino,208,9,4
10/09/2020,Chesapeake,Latino,336,27,2
10/09/2020,Chesterfield,White,1857,152,80
10/09/2020,"Western Tidewater","Not Reported",1083,5,2
10/09/2020,Fairfax,"Not Reported",2591,48,31
10/09/2020,Arlington,Black,420,86,35
10/09/2020,"Central Virginia",Latino,78,6,2
10/09/2020,Alexandria,"Not Reported",260,6,1
10/09/2020,"Three Rivers",Black,707,57,10
10/09/2020,"Prince William","Two or more races",101,1,0
10/09/2020,Loudoun,"Two or more races",55,2,0
10/09/2020,Peninsula,"Other Race",163,3,0
10/09/2020,"Thomas Jefferson",White,1972,87,51
10/09/2020,Norfolk,"Other Race",90,4,2
10/09/2020,"Prince William","Not Reported",4318,31,0
10/09/2020,"West Piedmont",White,1051,134,57
10/09/2020,Rappahannock,Black,920,100,16
10/09/2020,Norfolk,Black,2496,271,53
10/09/2020,Roanoke,Latino,404,23,0
10/09/2020,Piedmont,Latino,75,8,2
10/09/2020,Roanoke,"Not Reported",681,1,0
10/09/2020,"Virginia Beach","Other Race",116,2,0
10/09/2020,Arlington,"Two or more races",43,3,0
10/09/2020,Alexandria,White,783,59,37
10/09/2020,"Lord Fairfax","Other Race",77,6,1
10/09/2020,"Thomas Jefferson","Not Reported",368,2,0
10/09/2020,"Virginia Beach","Not Reported",1863,13,2
10/09/2020,Loudoun,Black,338,34,7
10/09/2020,Pittsylvania-Danville,Latino,74,3,0
10/09/2020,"Cumberland Plateau","Not Reported",80,4,0
10/09/2020,Chesterfield,"Not Reported",1394,5,10
10/09/2020,"Mount Rogers",White,2521,249,119
10/09/2020,Richmond,White,847,47,16
10/09/2020,Lenowisco,"Not Reported",129,4,3
10/09/2020,"Three Rivers",Latino,159,5,1
10/09/2020,Piedmont,"Not Reported",852,11,2
10/09/2020,"Mount Rogers",Latino,299,7,0
10/09/2020,"Central Shenandoah","Two or more races",48,1,0
10/09/2020,Crater,White,916,57,28
10/09/2020,Arlington,White,1241,138,73
10/09/2020,Pittsylvania-Danville,"Other Race",3,0,0
10/09/2020,Chickahominy,Black,372,50,12
10/09/2020,Fairfax,Black,1786,251,66
10/09/2020,"Eastern Shore",Latino,261,11,3
10/09/2020,Norfolk,White,957,66,22
10/09/2020,"Mount Rogers","Two or more races",9,1,0
10/09/2020,Alleghany,"Two or more races",13,0,0
10/09/2020,Southside,White,353,31,20
10/09/2020,"Thomas Jefferson","Two or more races",73,1,0
10/09/2020,"Prince William",Black,1568,179,56
10/09/2020,"Lord Fairfax",White,1921,203,96
10/09/2020,"Cumberland Plateau",Latino,14,0,0
10/09/2020,Arlington,"Not Reported",376,3,0
10/09/2020,Rappahannock,"Other Race",134,4,0
10/09/2020,"Rappahannock Rapidan",Black,257,35,12
10/09/2020,"New River","Two or more races",47,0,0
10/09/2020,Arlington,Latino,1763,245,27
10/09/2020,Henrico,White,1612,149,109
10/09/2020,Loudoun,White,1757,125,92
10/09/2020,Hampton,White,298,11,4
10/09/2020,Alleghany,Black,129,7,3
10/09/2020,"Prince William",White,1849,183,95
10/09/2020,Rappahannock,White,1573,149,52
10/09/2020,Southside,"Other Race",14,1,1
10/09/2020,Portsmouth,"Two or more races",20,6,0
10/09/2020,"Western Tidewater",Black,1846,125,60
10/09/2020,Hampton,Latino,68,4,0
10/09/2020,Henrico,"Not Reported",860,2,4
10/09/2020,"West Piedmont","Two or more races",6,0,0
10/09/2020,Peninsula,"Not Reported",1645,3,0
10/09/2020,Loudoun,Latino,2347,204,15
10/09/2020,Alexandria,Black,824,100,19
10/09/2020,Piedmont,Black,597,65,20
10/09/2020,Roanoke,"Other Race",25,1,0
10/09/2020,Alexandria,"Two or more races",27,2,0
10/09/2020,"Western Tidewater",Latino,48,1,2
10/09/2020,Rappahannock,"Not Reported",1386,25,0
10/09/2020,"West Piedmont","Other Race",8,1,1
10/09/2020,Chickahominy,White,1052,108,42
10/09/2020,"Thomas Jefferson",Latino,719,32,3
10/09/2020,"Cumberland Plateau",Black,50,0,0
10/09/2020,"Lord Fairfax",Latino,798,51,9
10/09/2020,"West Piedmont",Latino,272,11,1
10/09/2020,"Cumberland Plateau",White,844,64,12
10/09/2020,"Eastern Shore","Other Race",13,1,0
10/09/2020,"Cumberland Plateau","Two or more races",8,0,0
10/09/2020,Pittsylvania-Danville,"Two or more races",2,0,0
10/09/2020,Piedmont,"Other Race",11,0,0
10/09/2020,Alexandria,Latino,1846,135,12
10/09/2020,Chesapeake,Black,1819,240,33
10/09/2020,Richmond,"Other Race",166,8,2
10/09/2020,Henrico,Latino,910,56,11
10/09/2020,Piedmont,"Two or more races",5,2,0
10/09/2020,"Prince William","Other Race",488,18,0
10/09/2020,"New River","Not Reported",876,8,0
10/09/2020,"Rappahannock Rapidan",White,917,62,28
10/09/2020,"Central Virginia","Not Reported",1884,16,5
10/09/2020,"Virginia Beach","Two or more races",71,5,1
10/09/2020,Pittsylvania-Danville,White,613,67,28
10/09/2020,"Lord Fairfax",Black,148,22,6
10/09/2020,Fairfax,Latino,10251,1031,101
10/09/2020,Chesterfield,"Asian or Pacific Islander",104,4,1
10/09/2020,Crater,"Asian or Pacific Islander",25,0,0
10/09/2020,Fairfax,"Asian or Pacific Islander",1891,271,78
10/09/2020,Hampton,"Asian or Pacific Islander",18,0,0
10/09/2020,"Rappahannock Rapidan","Asian or Pacific Islander",10,1,0
10/09/2020,"Mount Rogers","Asian or Pacific Islander",4,1,0
10/09/2020,"New River","Asian or Pacific Islander",90,0,0
10/09/2020,"Central Virginia","Asian or Pacific Islander",21,1,0
10/09/2020,"Lord Fairfax","Asian or Pacific Islander",17,0,0
10/09/2020,Southside,"Asian or Pacific Islander",1,0,0
10/09/2020,Alleghany,"Asian or Pacific Islander",25,0,0
10/09/2020,Portsmouth,"Asian or Pacific Islander",22,2,0
10/09/2020,Roanoke,"Asian or Pacific Islander",32,2,0
10/09/2020,Richmond,"Asian or Pacific Islander",48,3,1
10/09/2020,"Thomas Jefferson","Asian or Pacific Islander",83,1,1
10/09/2020,"Virginia Beach","Asian or Pacific Islander",294,29,5
10/09/2020,Henrico,"Asian or Pacific Islander",228,11,4
10/09/2020,Piedmont,"Asian or Pacific Islander",9,0,1
10/09/2020,"Western Tidewater","Asian or Pacific Islander",21,2,3
10/09/2020,"West Piedmont","Asian or Pacific Islander",12,2,1
10/09/2020,Chickahominy,"Asian or Pacific Islander",16,1,0
10/09/2020,Peninsula,"Asian or Pacific Islander",51,4,7
10/09/2020,Norfolk,"Asian or Pacific Islander",67,7,0
10/09/2020,Arlington,"Asian or Pacific Islander",204,25,13
10/09/2020,Loudoun,"Asian or Pacific Islander",448,57,12
10/09/2020,Alexandria,"Asian or Pacific Islander",143,11,1
10/09/2020,Rappahannock,"Asian or Pacific Islander",91,11,2
10/09/2020,Chesapeake,"Asian or Pacific Islander",82,12,6
10/09/2020,"Cumberland Plateau and Lenowisco","Asian or Pacific Islander",1,0,0
10/09/2020,"Central Shenandoah","Asian or Pacific Islander",76,2,0
10/09/2020,"Prince William","Asian or Pacific Islander",631,59,17
10/09/2020,Pittsylvania-Danville,"Asian or Pacific Islander",4,0,0
10/09/2020,"Eastern Shore and Three Rivers","Asian or Pacific Islander",13,1,0
10/09/2020,Piedmont,"Native American",2,0,0
10/09/2020,"New River","Native American",2,0,0
10/09/2020,"Central Shenandoah","Native American",3,1,0
10/09/2020,"Eastern Shore and Three Rivers","Native American",1,0,0
10/09/2020,Fairfax,"Native American",35,1,1
10/09/2020,Chesapeake,"Native American",13,0,0
10/09/2020,"Western Tidewater","Native American",2,0,0
10/09/2020,Portsmouth,"Native American",4,2,0
10/09/2020,Richmond,"Native American",2,0,0
10/09/2020,Chickahominy,"Native American",6,1,0
10/09/2020,"Thomas Jefferson","Native American",3,0,0
10/09/2020,Arlington,"Native American",5,0,0
10/09/2020,"Virginia Beach","Native American",12,0,0
10/09/2020,Peninsula,"Native American",7,2,1
10/09/2020,Hampton,"Native American",4,0,1
10/09/2020,"West Piedmont","Native American",2,0,0
10/09/2020,"Cumberland Plateau, Lenowisco, and Mount Rogers","Native American",2,0,0
10/09/2020,Henrico,"Native American",11,0,0
10/09/2020,Norfolk,"Native American",9,1,1
10/09/2020,"Prince William","Native American",26,1,1
10/09/2020,"Central Virginia","Native American",5,0,0
10/09/2020,Chesterfield,"Native American",7,1,0
10/09/2020,Rappahannock,"Native American",6,0,0
10/09/2020,Loudoun,"Native American",6,0,0
10/09/2020,Alexandria,"Native American",4,0,0
10/09/2020,"Alleghany and Roanoke","Native American",4,0,0
10/09/2020,Crater,"Native American",6,1,1
10/09/2020,"Rappahannock Rapidan","Native American",1,0,0
10/09/2020,"Lord Fairfax","Native American",3,1,1
10/09/2020,"Pittsylvania-Danville and Southside","Native American",0,0,0
10/10/2020,"Rappahannock Rapidan","Not Reported",667,12,6
10/10/2020,Portsmouth,"Other Race",55,8,4
10/10/2020,"Western Tidewater","Two or more races",59,0,0
10/10/2020,Piedmont,White,646,54,26
10/10/2020,Chesterfield,Latino,1929,110,6
10/10/2020,Lenowisco,White,882,80,16
10/10/2020,Lenowisco,"Two or more races",3,0,0
10/10/2020,Hampton,"Not Reported",629,3,2
10/10/2020,Southside,"Not Reported",673,11,5
10/10/2020,Roanoke,Black,445,33,7
10/10/2020,Hampton,Black,859,54,19
10/10/2020,Alleghany,"Other Race",15,1,0
10/10/2020,Lenowisco,Latino,17,0,0
10/10/2020,Loudoun,"Other Race",226,17,2
10/10/2020,"Central Shenandoah",Latino,1158,59,6
10/10/2020,"Rappahannock Rapidan",Latino,835,62,7
10/10/2020,"Eastern Shore",Black,858,100,29
10/10/2020,Norfolk,Latino,357,26,0
10/10/2020,Hampton,"Two or more races",16,0,0
10/10/2020,Richmond,Black,1730,260,33
10/10/2020,Henrico,"Two or more races",61,5,1
10/10/2020,Fairfax,"Two or more races",115,5,0
10/10/2020,Alleghany,"Not Reported",556,2,0
10/10/2020,Portsmouth,"Not Reported",564,5,1
10/10/2020,"Cumberland Plateau","Other Race",4,1,0
10/10/2020,Southside,"Two or more races",28,0,0
10/10/2020,Portsmouth,White,361,46,10
10/10/2020,"Rappahannock Rapidan","Two or more races",39,3,0
10/10/2020,Fairfax,White,4469,518,316
10/10/2020,Fairfax,"Other Race",861,86,19
10/10/2020,Crater,"Two or more races",12,0,0
10/10/2020,"West Piedmont","Not Reported",491,24,3
10/10/2020,Henrico,"Other Race",184,16,0
10/10/2020,"Three Rivers",White,800,55,20
10/10/2020,"Central Virginia",Black,365,35,13
10/10/2020,Lenowisco,"Other Race",8,0,0
10/10/2020,"Three Rivers","Other Race",19,3,0
10/10/2020,"Western Tidewater",White,1090,70,68
10/10/2020,"Mount Rogers",Black,73,9,3
10/10/2020,"Three Rivers","Not Reported",274,4,1
10/10/2020,"Thomas Jefferson",Black,543,70,17
10/10/2020,"Eastern Shore",White,277,28,18
10/10/2020,"Central Virginia",White,1433,80,27
10/10/2020,Lenowisco,Black,10,1,1
10/10/2020,"Central Virginia","Two or more races",16,0,0
10/10/2020,Richmond,"Two or more races",45,2,1
10/10/2020,Crater,"Not Reported",1015,10,6
10/10/2020,Chesterfield,"Two or more races",49,5,0
10/10/2020,"New River",Latino,190,5,0
10/10/2020,Richmond,Latino,1377,114,8
10/10/2020,Portsmouth,Latino,79,11,1
10/10/2020,Pittsylvania-Danville,"Not Reported",801,12,0
10/10/2020,Chesapeake,"Not Reported",643,5,0
10/10/2020,Chickahominy,Latino,101,4,0
10/10/2020,Crater,Black,2191,205,65
10/10/2020,Chesterfield,Black,1361,132,32
10/10/2020,Chesterfield,"Other Race",146,11,0
10/10/2020,Peninsula,Black,1244,85,27
10/10/2020,Roanoke,White,488,20,25
10/10/2020,"New River",Black,207,5,1
10/10/2020,Southside,Latino,9,0,0
10/10/2020,Peninsula,Latino,379,23,2
10/10/2020,Rappahannock,"Two or more races",43,3,0
10/10/2020,"Virginia Beach",Black,1810,138,27
10/10/2020,"Mount Rogers","Not Reported",161,9,5
10/10/2020,Loudoun,"Not Reported",1958,5,0
10/10/2020,Chesapeake,"Other Race",53,6,1
10/10/2020,Chickahominy,"Two or more races",7,1,0
10/10/2020,Crater,"Other Race",55,0,0
10/10/2020,Norfolk,"Two or more races",59,2,0
10/10/2020,"Eastern Shore","Two or more races",1,1,0
10/10/2020,"Central Shenandoah",White,3623,198,61
10/10/2020,"New River","Other Race",16,0,0
10/10/2020,"New River",White,2218,46,27
10/10/2020,"Central Shenandoah","Other Race",90,2,0
10/10/2020,"West Piedmont",Black,515,93,17
10/10/2020,Alleghany,Latino,170,13,0
10/10/2020,"Central Shenandoah","Not Reported",818,4,1
10/10/2020,Roanoke,"Two or more races",13,2,0
10/10/2020,Peninsula,"Two or more races",57,3,1
10/10/2020,Richmond,"Not Reported",677,1,1
10/10/2020,Arlington,"Other Race",94,9,4
10/10/2020,Norfolk,"Not Reported",995,4,1
10/10/2020,Alexandria,"Other Race",89,9,3
10/10/2020,"Virginia Beach",White,2616,189,58
10/10/2020,Chesapeake,"Two or more races",49,3,1
10/10/2020,Alleghany,White,1003,63,26
10/10/2020,"Rappahannock Rapidan","Other Race",37,3,0
10/10/2020,Chickahominy,"Not Reported",475,3,1
10/10/2020,Portsmouth,Black,1559,213,47
10/10/2020,Chickahominy,"Other Race",20,2,0
10/10/2020,"Virginia Beach",Latino,455,28,4
10/10/2020,Chesapeake,White,1541,149,32
10/10/2020,Southside,Black,541,46,20
10/10/2020,Rappahannock,Latino,1390,112,9
10/10/2020,"Three Rivers","Two or more races",8,0,0
10/10/2020,Henrico,Black,1847,218,92
10/10/2020,Pittsylvania-Danville,Black,671,81,19
10/10/2020,"Lord Fairfax","Two or more races",21,0,0
10/10/2020,"Prince William",Latino,6667,656,76
10/10/2020,"Mount Rogers","Other Race",11,2,2
10/10/2020,"Central Shenandoah",Black,259,13,4
10/10/2020,Peninsula,White,1112,87,51
10/10/2020,"Eastern Shore","Not Reported",85,0,0
10/10/2020,"Thomas Jefferson","Other Race",172,4,1
10/10/2020,Hampton,"Other Race",57,2,1
10/10/2020,"Lord Fairfax","Not Reported",380,5,6
10/10/2020,"Central Virginia","Other Race",24,1,0
10/10/2020,"Western Tidewater","Other Race",82,1,2
10/10/2020,Crater,Latino,210,9,4
10/10/2020,Chesapeake,Latino,344,27,3
10/10/2020,Chesterfield,White,1883,157,80
10/10/2020,"Western Tidewater","Not Reported",1091,5,2
10/10/2020,Fairfax,"Not Reported",2613,47,32
10/10/2020,Arlington,Black,421,86,35
10/10/2020,"Central Virginia",Latino,80,6,3
10/10/2020,Alexandria,"Not Reported",264,6,1
10/10/2020,"Three Rivers",Black,711,57,10
10/10/2020,"Prince William","Two or more races",104,1,0
10/10/2020,Loudoun,"Two or more races",57,2,0
10/10/2020,Peninsula,"Other Race",161,3,0
10/10/2020,"Thomas Jefferson",White,1997,89,51
10/10/2020,Norfolk,"Other Race",89,4,2
10/10/2020,"Prince William","Not Reported",4320,32,0
10/10/2020,"West Piedmont",White,1073,134,57
10/10/2020,Rappahannock,Black,927,100,16
10/10/2020,Norfolk,Black,2499,272,53
10/10/2020,Roanoke,Latino,407,23,0
10/10/2020,Piedmont,Latino,75,8,2
10/10/2020,Roanoke,"Not Reported",698,1,0
10/10/2020,"Virginia Beach","Other Race",118,2,0
10/10/2020,Arlington,"Two or more races",43,3,0
10/10/2020,Alexandria,White,789,59,37
10/10/2020,"Lord Fairfax","Other Race",79,6,1
10/10/2020,"Thomas Jefferson","Not Reported",366,2,0
10/10/2020,"Virginia Beach","Not Reported",1876,13,2
10/10/2020,Loudoun,Black,338,34,7
10/10/2020,Pittsylvania-Danville,Latino,74,3,0
10/10/2020,"Cumberland Plateau","Not Reported",79,4,0
10/10/2020,Chesterfield,"Not Reported",1398,6,10
10/10/2020,"Mount Rogers",White,2550,249,120
10/10/2020,Richmond,White,857,47,16
10/10/2020,Lenowisco,"Not Reported",130,4,3
10/10/2020,"Three Rivers",Latino,160,6,1
10/10/2020,Piedmont,"Not Reported",863,11,2
10/10/2020,"Mount Rogers",Latino,300,7,0
10/10/2020,"Central Shenandoah","Two or more races",49,1,0
10/10/2020,Crater,White,919,58,28
10/10/2020,Arlington,White,1249,138,73
10/10/2020,Pittsylvania-Danville,"Other Race",3,0,0
10/10/2020,Chickahominy,Black,373,51,12
10/10/2020,Fairfax,Black,1799,252,66
10/10/2020,"Eastern Shore",Latino,261,11,3
10/10/2020,Norfolk,White,969,66,22
10/10/2020,"Mount Rogers","Two or more races",9,1,0
10/10/2020,Alleghany,"Two or more races",14,0,0
10/10/2020,Southside,White,364,31,20
10/10/2020,"Thomas Jefferson","Two or more races",76,1,0
10/10/2020,"Prince William",Black,1572,179,56
10/10/2020,"Lord Fairfax",White,1944,206,96
10/10/2020,"Cumberland Plateau",Latino,15,0,0
10/10/2020,Arlington,"Not Reported",380,3,0
10/10/2020,Rappahannock,"Other Race",134,4,0
10/10/2020,"Rappahannock Rapidan",Black,258,35,12
10/10/2020,"New River","Two or more races",49,0,0
10/10/2020,Arlington,Latino,1769,246,27
10/10/2020,Henrico,White,1621,150,109
10/10/2020,Loudoun,White,1775,126,92
10/10/2020,Hampton,White,301,11,4
10/10/2020,Alleghany,Black,134,7,3
10/10/2020,"Prince William",White,1862,183,95
10/10/2020,Rappahannock,White,1584,151,52
10/10/2020,Southside,"Other Race",14,1,1
10/10/2020,Portsmouth,"Two or more races",20,6,0
10/10/2020,"Western Tidewater",Black,1862,128,61
10/10/2020,Hampton,Latino,68,4,0
10/10/2020,Henrico,"Not Reported",859,2,4
10/10/2020,"West Piedmont","Two or more races",6,0,0
10/10/2020,Peninsula,"Not Reported",1653,3,0
10/10/2020,Loudoun,Latino,2365,206,15
10/10/2020,Alexandria,Black,836,100,19
10/10/2020,Piedmont,Black,602,65,20
10/10/2020,Roanoke,"Other Race",26,1,0
10/10/2020,Alexandria,"Two or more races",27,2,0
10/10/2020,"Western Tidewater",Latino,48,1,2
10/10/2020,Rappahannock,"Not Reported",1406,25,0
10/10/2020,"West Piedmont","Other Race",9,1,1
10/10/2020,Chickahominy,White,1063,108,42
10/10/2020,"Thomas Jefferson",Latino,719,32,3
10/10/2020,"Cumberland Plateau",Black,51,0,0
10/10/2020,"Lord Fairfax",Latino,801,51,9
10/10/2020,"West Piedmont",Latino,273,11,1
10/10/2020,"Cumberland Plateau",White,865,64,12
10/10/2020,"Eastern Shore","Other Race",13,1,0
10/10/2020,"Cumberland Plateau","Two or more races",8,0,0
10/10/2020,Pittsylvania-Danville,"Two or more races",2,0,0
10/10/2020,Piedmont,"Other Race",12,0,0
10/10/2020,Alexandria,Latino,1857,136,12
10/10/2020,Chesapeake,Black,1833,243,33
10/10/2020,Richmond,"Other Race",167,8,2
10/10/2020,Henrico,Latino,914,57,11
10/10/2020,Piedmont,"Two or more races",5,2,0
10/10/2020,"Prince William","Other Race",498,18,0
10/10/2020,"New River","Not Reported",884,9,0
10/10/2020,"Rappahannock Rapidan",White,921,63,28
10/10/2020,"Central Virginia","Not Reported",1897,17,5
10/10/2020,"Virginia Beach","Two or more races",71,5,1
10/10/2020,Pittsylvania-Danville,White,629,69,29
10/10/2020,"Lord Fairfax",Black,148,22,6
10/10/2020,Fairfax,Latino,10284,1034,102
10/10/2020,Chesterfield,"Asian or Pacific Islander",104,4,1
10/10/2020,Crater,"Asian or Pacific Islander",25,0,0
10/10/2020,Fairfax,"Asian or Pacific Islander",1902,273,78
10/10/2020,Hampton,"Asian or Pacific Islander",18,0,0
10/10/2020,"Rappahannock Rapidan","Asian or Pacific Islander",10,1,0
10/10/2020,"Mount Rogers","Asian or Pacific Islander",4,1,0
10/10/2020,"New River","Asian or Pacific Islander",91,0,0
10/10/2020,"Central Virginia","Asian or Pacific Islander",22,1,0
10/10/2020,"Lord Fairfax","Asian or Pacific Islander",17,0,0
10/10/2020,Southside,"Asian or Pacific Islander",1,0,0
10/10/2020,Alleghany,"Asian or Pacific Islander",25,0,0
10/10/2020,Portsmouth,"Asian or Pacific Islander",22,2,0
10/10/2020,Roanoke,"Asian or Pacific Islander",32,2,0
10/10/2020,Richmond,"Asian or Pacific Islander",49,3,1
10/10/2020,"Thomas Jefferson","Asian or Pacific Islander",84,1,1
10/10/2020,"Virginia Beach","Asian or Pacific Islander",297,29,5
10/10/2020,Henrico,"Asian or Pacific Islander",229,11,4
10/10/2020,Piedmont,"Asian or Pacific Islander",9,0,1
10/10/2020,"Western Tidewater","Asian or Pacific Islander",21,2,3
10/10/2020,"West Piedmont","Asian or Pacific Islander",12,2,1
10/10/2020,Chickahominy,"Asian or Pacific Islander",16,1,0
10/10/2020,Peninsula,"Asian or Pacific Islander",52,4,7
10/10/2020,Norfolk,"Asian or Pacific Islander",68,8,0
10/10/2020,Arlington,"Asian or Pacific Islander",209,25,13
10/10/2020,Loudoun,"Asian or Pacific Islander",456,57,12
10/10/2020,Alexandria,"Asian or Pacific Islander",143,11,1
10/10/2020,Rappahannock,"Asian or Pacific Islander",91,11,2
10/10/2020,Chesapeake,"Asian or Pacific Islander",86,12,6
10/10/2020,"Cumberland Plateau and Lenowisco","Asian or Pacific Islander",2,0,0
10/10/2020,"Central Shenandoah","Asian or Pacific Islander",76,2,0
10/10/2020,"Prince William","Asian or Pacific Islander",634,59,17
10/10/2020,Pittsylvania-Danville,"Asian or Pacific Islander",4,0,0
10/10/2020,"Eastern Shore and Three Rivers","Asian or Pacific Islander",13,1,0
10/10/2020,Piedmont,"Native American",4,0,0
10/10/2020,"New River","Native American",2,0,0
10/10/2020,"Central Shenandoah","Native American",3,1,0
10/10/2020,"Eastern Shore and Three Rivers","Native American",1,0,0
10/10/2020,Fairfax,"Native American",35,1,1
10/10/2020,Chesapeake,"Native American",13,0,0
10/10/2020,"Western Tidewater","Native American",2,0,0
10/10/2020,Portsmouth,"Native American",4,2,0
10/10/2020,Richmond,"Native American",2,0,0
10/10/2020,Chickahominy,"Native American",6,1,0
10/10/2020,"Thomas Jefferson","Native American",4,0,0
10/10/2020,Arlington,"Native American",5,0,0
10/10/2020,"Virginia Beach","Native American",13,0,0
10/10/2020,Peninsula,"Native American",7,2,1
10/10/2020,Hampton,"Native American",4,0,1
10/10/2020,"West Piedmont","Native American",2,0,0
10/10/2020,"Cumberland Plateau, Lenowisco, and Mount Rogers","Native American",2,0,0
10/10/2020,Henrico,"Native American",11,0,0
10/10/2020,Norfolk,"Native American",9,1,1
10/10/2020,"Prince William","Native American",26,1,1
10/10/2020,"Central Virginia","Native American",5,0,0
10/10/2020,Chesterfield,"Native American",7,1,0
10/10/2020,Rappahannock,"Native American",6,0,0
10/10/2020,Loudoun,"Native American",6,0,0
10/10/2020,Alexandria,"Native American",4,0,0
10/10/2020,"Alleghany and Roanoke","Native American",4,0,0
10/10/2020,Crater,"Native American",6,1,1
10/10/2020,"Rappahannock Rapidan","Native American",1,0,0
10/10/2020,"Lord Fairfax","Native American",3,1,1
10/10/2020,"Pittsylvania-Danville and Southside","Native American",0,0,0
10/11/2020,"Rappahannock Rapidan","Not Reported",667,12,6
10/11/2020,Portsmouth,"Other Race",56,8,4
10/11/2020,"Western Tidewater","Two or more races",60,0,0
10/11/2020,Piedmont,White,650,54,26
10/11/2020,Chesterfield,Latino,1931,110,6
10/11/2020,Lenowisco,White,899,83,16
10/11/2020,Lenowisco,"Two or more races",3,0,0
10/11/2020,Hampton,"Not Reported",630,3,2
10/11/2020,Southside,"Not Reported",678,11,5
10/11/2020,Roanoke,Black,447,33,7
10/11/2020,Hampton,Black,863,54,19
10/11/2020,Alleghany,"Other Race",14,1,0
10/11/2020,Lenowisco,Latino,17,0,0
10/11/2020,Loudoun,"Other Race",227,17,2
10/11/2020,"Central Shenandoah",Latino,1162,59,6
10/11/2020,"Rappahannock Rapidan",Latino,843,62,7
10/11/2020,"Eastern Shore",Black,859,100,29
10/11/2020,Norfolk,Latino,357,26,0
10/11/2020,Hampton,"Two or more races",16,0,0
10/11/2020,Richmond,Black,1740,260,33
10/11/2020,Henrico,"Two or more races",61,5,1
10/11/2020,Fairfax,"Two or more races",117,5,0
10/11/2020,Alleghany,"Not Reported",560,2,0
10/11/2020,Portsmouth,"Not Reported",564,5,1
10/11/2020,"Cumberland Plateau","Other Race",4,1,0
10/11/2020,Southside,"Two or more races",28,0,0
10/11/2020,Portsmouth,White,362,46,10
10/11/2020,"Rappahannock Rapidan","Two or more races",39,3,0
10/11/2020,Fairfax,White,4490,518,316
10/11/2020,Fairfax,"Other Race",862,86,19
10/11/2020,Crater,"Two or more races",12,0,0
10/11/2020,"West Piedmont","Not Reported",494,24,3
10/11/2020,Henrico,"Other Race",184,16,0
10/11/2020,"Three Rivers",White,806,56,20
10/11/2020,"Central Virginia",Black,370,36,13
10/11/2020,Lenowisco,"Other Race",8,0,0
10/11/2020,"Three Rivers","Other Race",19,3,0
10/11/2020,"Western Tidewater",White,1090,70,68
10/11/2020,"Mount Rogers",Black,73,9,3
10/11/2020,"Three Rivers","Not Reported",274,4,1
10/11/2020,"Thomas Jefferson",Black,546,70,17
10/11/2020,"Eastern Shore",White,278,28,18
10/11/2020,"Central Virginia",White,1462,81,28
10/11/2020,Lenowisco,Black,11,1,1
10/11/2020,"Central Virginia","Two or more races",18,0,0
10/11/2020,Richmond,"Two or more races",45,2,1
10/11/2020,Crater,"Not Reported",1023,10,6
10/11/2020,Chesterfield,"Two or more races",50,6,0
10/11/2020,"New River",Latino,191,5,0
10/11/2020,Richmond,Latino,1381,115,8
10/11/2020,Portsmouth,Latino,79,11,1
10/11/2020,Pittsylvania-Danville,"Not Reported",810,12,0
10/11/2020,Chesapeake,"Not Reported",644,5,0
10/11/2020,Chickahominy,Latino,101,4,0
10/11/2020,Crater,Black,2200,205,65
10/11/2020,Chesterfield,Black,1368,133,32
10/11/2020,Chesterfield,"Other Race",146,11,0
10/11/2020,Peninsula,Black,1247,85,27
10/11/2020,Roanoke,White,491,20,25
10/11/2020,"New River",Black,210,5,1
10/11/2020,Southside,Latino,9,0,0
10/11/2020,Peninsula,Latino,383,23,2
10/11/2020,Rappahannock,"Two or more races",43,3,0
10/11/2020,"Virginia Beach",Black,1812,138,27
10/11/2020,"Mount Rogers","Not Reported",168,9,5
10/11/2020,Loudoun,"Not Reported",1987,5,0
10/11/2020,Chesapeake,"Other Race",54,6,1
10/11/2020,Chickahominy,"Two or more races",7,1,0
10/11/2020,Crater,"Other Race",55,0,0
10/11/2020,Norfolk,"Two or more races",59,2,0
10/11/2020,"Eastern Shore","Two or more races",1,1,0
10/11/2020,"Central Shenandoah",White,3640,198,61
10/11/2020,"New River","Other Race",16,0,0
10/11/2020,"New River",White,2256,46,27
10/11/2020,"Central Shenandoah","Other Race",91,2,0
10/11/2020,"West Piedmont",Black,518,93,17
10/11/2020,Alleghany,Latino,171,13,0
10/11/2020,"Central Shenandoah","Not Reported",842,4,1
10/11/2020,Roanoke,"Two or more races",15,2,0
10/11/2020,Peninsula,"Two or more races",58,3,1
10/11/2020,Richmond,"Not Reported",682,1,1
10/11/2020,Arlington,"Other Race",94,9,4
10/11/2020,Norfolk,"Not Reported",993,4,1
10/11/2020,Alexandria,"Other Race",92,9,3
10/11/2020,"Virginia Beach",White,2631,189,58
10/11/2020,Chesapeake,"Two or more races",51,3,1
10/11/2020,Alleghany,White,1008,66,26
10/11/2020,"Rappahannock Rapidan","Other Race",37,3,0
10/11/2020,Chickahominy,"Not Reported",479,3,1
10/11/2020,Portsmouth,Black,1560,213,47
10/11/2020,Chickahominy,"Other Race",21,2,0
10/11/2020,"Virginia Beach",Latino,458,28,4
10/11/2020,Chesapeake,White,1550,148,32
10/11/2020,Southside,Black,544,46,20
10/11/2020,Rappahannock,Latino,1393,112,9
10/11/2020,"Three Rivers","Two or more races",9,0,0
10/11/2020,Henrico,Black,1853,218,92
10/11/2020,Pittsylvania-Danville,Black,675,82,19
10/11/2020,"Lord Fairfax","Two or more races",21,0,0
10/11/2020,"Prince William",Latino,6682,656,76
10/11/2020,"Mount Rogers","Other Race",11,2,2
10/11/2020,"Central Shenandoah",Black,259,13,4
10/11/2020,Peninsula,White,1121,87,51
10/11/2020,"Eastern Shore","Not Reported",85,0,0
10/11/2020,"Thomas Jefferson","Other Race",173,4,1
10/11/2020,Hampton,"Other Race",58,2,1
10/11/2020,"Lord Fairfax","Not Reported",384,5,6
10/11/2020,"Central Virginia","Other Race",24,1,0
10/11/2020,"Western Tidewater","Other Race",84,1,2
10/11/2020,Crater,Latino,210,9,4
10/11/2020,Chesapeake,Latino,346,27,3
10/11/2020,Chesterfield,White,1895,157,80
10/11/2020,"Western Tidewater","Not Reported",1095,5,2
10/11/2020,Fairfax,"Not Reported",2632,47,32
10/11/2020,Arlington,Black,421,86,35
10/11/2020,"Central Virginia",Latino,80,6,3
10/11/2020,Alexandria,"Not Reported",263,6,1
10/11/2020,"Three Rivers",Black,718,58,10
10/11/2020,"Prince William","Two or more races",104,1,0
10/11/2020,Loudoun,"Two or more races",58,2,0
10/11/2020,Peninsula,"Other Race",160,3,0
10/11/2020,"Thomas Jefferson",White,2013,89,51
10/11/2020,Norfolk,"Other Race",90,4,2
10/11/2020,"Prince William","Not Reported",4330,32,0
10/11/2020,"West Piedmont",White,1083,134,57
10/11/2020,Rappahannock,Black,928,100,16
10/11/2020,Norfolk,Black,2500,272,54
10/11/2020,Roanoke,Latino,409,23,0
10/11/2020,Piedmont,Latino,75,8,2
10/11/2020,Roanoke,"Not Reported",706,1,0
10/11/2020,"Virginia Beach","Other Race",118,2,0
10/11/2020,Arlington,"Two or more races",44,3,0
10/11/2020,Alexandria,White,795,59,37
10/11/2020,"Lord Fairfax","Other Race",80,6,1
10/11/2020,"Thomas Jefferson","Not Reported",364,3,0
10/11/2020,"Virginia Beach","Not Reported",1887,13,2
10/11/2020,Loudoun,Black,339,34,7
10/11/2020,Pittsylvania-Danville,Latino,74,3,0
10/11/2020,"Cumberland Plateau","Not Reported",81,4,0
10/11/2020,Chesterfield,"Not Reported",1390,5,10
10/11/2020,"Mount Rogers",White,2576,249,121
10/11/2020,Richmond,White,864,47,16
10/11/2020,Lenowisco,"Not Reported",134,4,4
10/11/2020,"Three Rivers",Latino,161,6,1
10/11/2020,Piedmont,"Not Reported",858,11,2
10/11/2020,"Mount Rogers",Latino,302,7,0
10/11/2020,"Central Shenandoah","Two or more races",49,1,0
10/11/2020,Crater,White,926,58,28
10/11/2020,Arlington,White,1253,138,73
10/11/2020,Pittsylvania-Danville,"Other Race",3,0,0
10/11/2020,Chickahominy,Black,373,51,12
10/11/2020,Fairfax,Black,1807,252,66
10/11/2020,"Eastern Shore",Latino,261,11,3
10/11/2020,Norfolk,White,969,66,22
10/11/2020,"Mount Rogers","Two or more races",9,1,0
10/11/2020,Alleghany,"Two or more races",14,0,0
10/11/2020,Southside,White,368,31,20
10/11/2020,"Thomas Jefferson","Two or more races",78,1,0
10/11/2020,"Prince William",Black,1576,179,56
10/11/2020,"Lord Fairfax",White,1974,206,96
10/11/2020,"Cumberland Plateau",Latino,16,0,0
10/11/2020,Arlington,"Not Reported",390,3,0
10/11/2020,Rappahannock,"Other Race",135,4,0
10/11/2020,"Rappahannock Rapidan",Black,258,35,12
10/11/2020,"New River","Two or more races",49,0,0
10/11/2020,Arlington,Latino,1771,246,27
10/11/2020,Henrico,White,1628,151,109
10/11/2020,Loudoun,White,1776,126,92
10/11/2020,Hampton,White,302,11,4
10/11/2020,Alleghany,Black,134,7,3
10/11/2020,"Prince William",White,1864,184,95
10/11/2020,Rappahannock,White,1593,151,52
10/11/2020,Southside,"Other Race",14,1,1
10/11/2020,Portsmouth,"Two or more races",20,6,0
10/11/2020,"Western Tidewater",Black,1864,128,61
10/11/2020,Hampton,Latino,68,4,0
10/11/2020,Henrico,"Not Reported",868,2,4
10/11/2020,"West Piedmont","Two or more races",6,0,0
10/11/2020,Peninsula,"Not Reported",1656,3,0
10/11/2020,Loudoun,Latino,2366,206,15
10/11/2020,Alexandria,Black,842,100,19
10/11/2020,Piedmont,Black,603,65,20
10/11/2020,Roanoke,"Other Race",27,1,0
10/11/2020,Alexandria,"Two or more races",27,2,0
10/11/2020,"Western Tidewater",Latino,48,1,2
10/11/2020,Rappahannock,"Not Reported",1423,25,0
10/11/2020,"West Piedmont","Other Race",9,1,1
10/11/2020,Chickahominy,White,1079,108,42
10/11/2020,"Thomas Jefferson",Latino,720,32,3
10/11/2020,"Cumberland Plateau",Black,51,0,0
10/11/2020,"Lord Fairfax",Latino,804,51,9
10/11/2020,"West Piedmont",Latino,274,11,1
10/11/2020,"Cumberland Plateau",White,873,64,12
10/11/2020,"Eastern Shore","Other Race",13,1,0
10/11/2020,"Cumberland Plateau","Two or more races",8,0,0
10/11/2020,Pittsylvania-Danville,"Two or more races",2,0,0
10/11/2020,Piedmont,"Other Race",12,0,0
10/11/2020,Alexandria,Latino,1860,136,12
10/11/2020,Chesapeake,Black,1840,244,33
10/11/2020,Richmond,"Other Race",167,8,2
10/11/2020,Henrico,Latino,916,57,11
10/11/2020,Piedmont,"Two or more races",5,2,0
10/11/2020,"Prince William","Other Race",501,18,0
10/11/2020,"New River","Not Reported",891,10,0
10/11/2020,"Rappahannock Rapidan",White,925,63,28
10/11/2020,"Central Virginia","Not Reported",1913,17,5
10/11/2020,"Virginia Beach","Two or more races",71,5,1
10/11/2020,Pittsylvania-Danville,White,631,69,29
10/11/2020,"Lord Fairfax",Black,150,22,6
10/11/2020,Fairfax,Latino,10314,1034,102
10/11/2020,Chesterfield,"Asian or Pacific Islander",104,4,1
10/11/2020,Crater,"Asian or Pacific Islander",25,0,0
10/11/2020,Fairfax,"Asian or Pacific Islander",1913,274,78
10/11/2020,Hampton,"Asian or Pacific Islander",18,0,0
10/11/2020,"Rappahannock Rapidan","Asian or Pacific Islander",11,1,0
10/11/2020,"Mount Rogers","Asian or Pacific Islander",5,1,0
10/11/2020,"New River","Asian or Pacific Islander",93,0,0
10/11/2020,"Central Virginia","Asian or Pacific Islander",23,1,0
10/11/2020,"Lord Fairfax","Asian or Pacific Islander",17,0,0
10/11/2020,Southside,"Asian or Pacific Islander",1,0,0
10/11/2020,Alleghany,"Asian or Pacific Islander",25,0,0
10/11/2020,Portsmouth,"Asian or Pacific Islander",22,2,0
10/11/2020,Roanoke,"Asian or Pacific Islander",32,2,0
10/11/2020,Richmond,"Asian or Pacific Islander",49,3,1
10/11/2020,"Thomas Jefferson","Asian or Pacific Islander",85,1,1
10/11/2020,"Virginia Beach","Asian or Pacific Islander",298,29,5
10/11/2020,Henrico,"Asian or Pacific Islander",229,11,4
10/11/2020,Piedmont,"Asian or Pacific Islander",9,0,1
10/11/2020,"Western Tidewater","Asian or Pacific Islander",21,2,3
10/11/2020,"West Piedmont","Asian or Pacific Islander",12,2,1
10/11/2020,Chickahominy,"Asian or Pacific Islander",16,1,0
10/11/2020,Peninsula,"Asian or Pacific Islander",52,4,7
10/11/2020,Norfolk,"Asian or Pacific Islander",68,8,0
10/11/2020,Arlington,"Asian or Pacific Islander",209,25,13
10/11/2020,Loudoun,"Asian or Pacific Islander",458,57,12
10/11/2020,Alexandria,"Asian or Pacific Islander",144,11,1
10/11/2020,Rappahannock,"Asian or Pacific Islander",91,11,2
10/11/2020,Chesapeake,"Asian or Pacific Islander",86,12,6
10/11/2020,"Cumberland Plateau and Lenowisco","Asian or Pacific Islander",2,0,0
10/11/2020,"Central Shenandoah","Asian or Pacific Islander",76,2,0
10/11/2020,"Prince William","Asian or Pacific Islander",634,59,17
10/11/2020,Pittsylvania-Danville,"Asian or Pacific Islander",4,0,0
10/11/2020,"Eastern Shore and Three Rivers","Asian or Pacific Islander",13,1,0
10/11/2020,Piedmont,"Native American",4,0,0
10/11/2020,"New River","Native American",2,0,0
10/11/2020,"Central Shenandoah","Native American",3,1,0
10/11/2020,"Eastern Shore and Three Rivers","Native American",1,0,0
10/11/2020,Fairfax,"Native American",35,1,1
10/11/2020,Chesapeake,"Native American",13,0,0
10/11/2020,"Western Tidewater","Native American",2,0,0
10/11/2020,Portsmouth,"Native American",4,2,0
10/11/2020,Richmond,"Native American",2,0,0
10/11/2020,Chickahominy,"Native American",6,1,0
10/11/2020,"Thomas Jefferson","Native American",4,0,0
10/11/2020,Arlington,"Native American",5,0,0
10/11/2020,"Virginia Beach","Native American",13,0,0
10/11/2020,Peninsula,"Native American",7,2,1
10/11/2020,Hampton,"Native American",4,0,1
10/11/2020,"West Piedmont","Native American",2,0,0
10/11/2020,"Cumberland Plateau, Lenowisco, and Mount Rogers","Native American",2,0,0
10/11/2020,Henrico,"Native American",11,0,0
10/11/2020,Norfolk,"Native American",9,1,1
10/11/2020,"Prince William","Native American",26,1,1
10/11/2020,"Central Virginia","Native American",5,0,0
10/11/2020,Chesterfield,"Native American",7,1,0
10/11/2020,Rappahannock,"Native American",6,0,0
10/11/2020,Loudoun,"Native American",6,0,0
10/11/2020,Alexandria,"Native American",4,0,0
10/11/2020,"Alleghany and Roanoke","Native American",4,0,0
10/11/2020,Crater,"Native American",6,1,1
10/11/2020,"Rappahannock Rapidan","Native American",1,0,0
10/11/2020,"Lord Fairfax","Native American",3,1,1
10/11/2020,"Pittsylvania-Danville and Southside","Native American",0,0,0
10/12/2020,"Rappahannock Rapidan","Not Reported",674,12,6
10/12/2020,Portsmouth,"Other Race",56,8,4
10/12/2020,"Western Tidewater","Two or more races",60,0,0
10/12/2020,Piedmont,White,665,54,26
10/12/2020,Chesterfield,Latino,1941,110,6
10/12/2020,Lenowisco,White,905,83,16
10/12/2020,Lenowisco,"Two or more races",5,0,0
10/12/2020,Hampton,"Not Reported",631,3,2
10/12/2020,Southside,"Not Reported",680,11,5
10/12/2020,Roanoke,Black,451,33,7
10/12/2020,Hampton,Black,867,54,19
10/12/2020,Alleghany,"Other Race",14,1,0
10/12/2020,Lenowisco,Latino,17,0,0
10/12/2020,Loudoun,"Other Race",238,17,2
10/12/2020,"Central Shenandoah",Latino,1168,59,6
10/12/2020,"Rappahannock Rapidan",Latino,847,62,7
10/12/2020,"Eastern Shore",Black,860,100,29
10/12/2020,Norfolk,Latino,357,26,0
10/12/2020,Hampton,"Two or more races",15,0,0
10/12/2020,Richmond,Black,1744,260,33
10/12/2020,Henrico,"Two or more races",62,5,1
10/12/2020,Fairfax,"Two or more races",122,5,0
10/12/2020,Alleghany,"Not Reported",558,2,0
10/12/2020,Portsmouth,"Not Reported",568,5,1
10/12/2020,"Cumberland Plateau","Other Race",4,1,0
10/12/2020,Southside,"Two or more races",28,0,0
10/12/2020,Portsmouth,White,363,46,10
10/12/2020,"Rappahannock Rapidan","Two or more races",39,3,0
10/12/2020,Fairfax,White,4527,519,316
10/12/2020,Fairfax,"Other Race",870,86,19
10/12/2020,Crater,"Two or more races",13,0,0
10/12/2020,"West Piedmont","Not Reported",511,24,3
10/12/2020,Henrico,"Other Race",184,16,0
10/12/2020,"Three Rivers",White,808,56,20
10/12/2020,"Central Virginia",Black,371,36,13
10/12/2020,Lenowisco,"Other Race",8,0,0
10/12/2020,"Three Rivers","Other Race",19,3,0
10/12/2020,"Western Tidewater",White,1094,70,68
10/12/2020,"Mount Rogers",Black,73,9,3
10/12/2020,"Three Rivers","Not Reported",275,4,1
10/12/2020,"Thomas Jefferson",Black,552,70,17
10/12/2020,"Eastern Shore",White,279,28,18
10/12/2020,"Central Virginia",White,1481,81,28
10/12/2020,Lenowisco,Black,11,1,1
10/12/2020,"Central Virginia","Two or more races",18,0,0
10/12/2020,Richmond,"Two or more races",45,2,1
10/12/2020,Crater,"Not Reported",1020,10,6
10/12/2020,Chesterfield,"Two or more races",50,6,0
10/12/2020,"New River",Latino,192,5,0
10/12/2020,Richmond,Latino,1381,115,8
10/12/2020,Portsmouth,Latino,79,11,1
10/12/2020,Pittsylvania-Danville,"Not Reported",812,12,1
10/12/2020,Chesapeake,"Not Reported",644,5,0
10/12/2020,Chickahominy,Latino,101,4,0
10/12/2020,Crater,Black,2213,205,65
10/12/2020,Chesterfield,Black,1373,134,32
10/12/2020,Chesterfield,"Other Race",147,11,0
10/12/2020,Peninsula,Black,1250,85,27
10/12/2020,Roanoke,White,498,20,25
10/12/2020,"New River",Black,214,5,1
10/12/2020,Southside,Latino,9,0,0
10/12/2020,Peninsula,Latino,386,23,2
10/12/2020,Rappahannock,"Two or more races",44,3,0
10/12/2020,"Virginia Beach",Black,1816,138,27
10/12/2020,"Mount Rogers","Not Reported",171,9,5
10/12/2020,Loudoun,"Not Reported",2000,5,0
10/12/2020,Chesapeake,"Other Race",54,6,1
10/12/2020,Chickahominy,"Two or more races",7,1,0
10/12/2020,Crater,"Other Race",55,0,0
10/12/2020,Norfolk,"Two or more races",59,2,0
10/12/2020,"Eastern Shore","Two or more races",1,1,0
10/12/2020,"Central Shenandoah",White,3654,201,61
10/12/2020,"New River","Other Race",16,0,0
10/12/2020,"New River",White,2261,46,27
10/12/2020,"Central Shenandoah","Other Race",91,2,0
10/12/2020,"West Piedmont",Black,521,93,17
10/12/2020,Alleghany,Latino,171,13,0
10/12/2020,"Central Shenandoah","Not Reported",857,4,1
10/12/2020,Roanoke,"Two or more races",15,2,0
10/12/2020,Peninsula,"Two or more races",58,4,1
10/12/2020,Richmond,"Not Reported",686,1,1
10/12/2020,Arlington,"Other Race",97,9,4
10/12/2020,Norfolk,"Not Reported",999,4,1
10/12/2020,Alexandria,"Other Race",91,9,3
10/12/2020,"Virginia Beach",White,2641,189,58
10/12/2020,Chesapeake,"Two or more races",52,4,1
10/12/2020,Alleghany,White,1021,67,26
10/12/2020,"Rappahannock Rapidan","Other Race",38,3,0
10/12/2020,Chickahominy,"Not Reported",482,3,1
10/12/2020,Portsmouth,Black,1568,214,47
10/12/2020,Chickahominy,"Other Race",21,2,0
10/12/2020,"Virginia Beach",Latino,464,28,4
10/12/2020,Chesapeake,White,1553,148,32
10/12/2020,Southside,Black,547,46,20
10/12/2020,Rappahannock,Latino,1398,112,9
10/12/2020,"Three Rivers","Two or more races",9,0,0
10/12/2020,Henrico,Black,1866,219,92
10/12/2020,Pittsylvania-Danville,Black,678,82,19
10/12/2020,"Lord Fairfax","Two or more races",21,0,0
10/12/2020,"Prince William",Latino,6694,656,76
10/12/2020,"Mount Rogers","Other Race",11,2,2
10/12/2020,"Central Shenandoah",Black,258,13,4
10/12/2020,Peninsula,White,1126,87,51
10/12/2020,"Eastern Shore","Not Reported",85,0,0
10/12/2020,"Thomas Jefferson","Other Race",173,4,1
10/12/2020,Hampton,"Other Race",57,2,1
10/12/2020,"Lord Fairfax","Not Reported",387,5,6
10/12/2020,"Central Virginia","Other Race",25,1,0
10/12/2020,"Western Tidewater","Other Race",84,1,2
10/12/2020,Crater,Latino,211,9,4
10/12/2020,Chesapeake,Latino,348,27,3
10/12/2020,Chesterfield,White,1910,159,81
10/12/2020,"Western Tidewater","Not Reported",1098,5,2
10/12/2020,Fairfax,"Not Reported",2651,47,32
10/12/2020,Arlington,Black,421,86,35
10/12/2020,"Central Virginia",Latino,81,6,3
10/12/2020,Alexandria,"Not Reported",262,6,1
10/12/2020,"Three Rivers",Black,720,58,10
10/12/2020,"Prince William","Two or more races",104,1,0
10/12/2020,Loudoun,"Two or more races",59,2,0
10/12/2020,Peninsula,"Other Race",160,3,0
10/12/2020,"Thomas Jefferson",White,2032,91,51
10/12/2020,Norfolk,"Other Race",95,4,2
10/12/2020,"Prince William","Not Reported",4365,32,0
10/12/2020,"West Piedmont",White,1095,134,57
10/12/2020,Rappahannock,Black,934,101,16
10/12/2020,Norfolk,Black,2503,272,54
10/12/2020,Roanoke,Latino,410,23,0
10/12/2020,Piedmont,Latino,76,8,2
10/12/2020,Roanoke,"Not Reported",736,1,0
10/12/2020,"Virginia Beach","Other Race",118,2,0
10/12/2020,Arlington,"Two or more races",44,3,0
10/12/2020,Alexandria,White,795,59,37
10/12/2020,"Lord Fairfax","Other Race",80,6,1
10/12/2020,"Thomas Jefferson","Not Reported",366,3,0
10/12/2020,"Virginia Beach","Not Reported",1896,13,2
10/12/2020,Loudoun,Black,339,34,7
10/12/2020,Pittsylvania-Danville,Latino,75,3,0
10/12/2020,"Cumberland Plateau","Not Reported",80,4,0
10/12/2020,Chesterfield,"Not Reported",1391,5,9
10/12/2020,"Mount Rogers",White,2588,253,123
10/12/2020,Richmond,White,870,47,16
10/12/2020,Lenowisco,"Not Reported",136,4,4
10/12/2020,"Three Rivers",Latino,161,6,1
10/12/2020,Piedmont,"Not Reported",866,11,2
10/12/2020,"Mount Rogers",Latino,302,7,0
10/12/2020,"Central Shenandoah","Two or more races",51,1,0
10/12/2020,Crater,White,937,58,28
10/12/2020,Arlington,White,1258,139,73
10/12/2020,Pittsylvania-Danville,"Other Race",3,0,0
10/12/2020,Chickahominy,Black,376,53,12
10/12/2020,Fairfax,Black,1814,253,66
10/12/2020,"Eastern Shore",Latino,262,11,3
10/12/2020,Norfolk,White,974,66,22
10/12/2020,"Mount Rogers","Two or more races",9,1,0
10/12/2020,Alleghany,"Two or more races",14,0,0
10/12/2020,Southside,White,368,31,20
10/12/2020,"Thomas Jefferson","Two or more races",78,1,0
10/12/2020,"Prince William",Black,1578,179,56
10/12/2020,"Lord Fairfax",White,1994,206,96
10/12/2020,"Cumberland Plateau",Latino,16,0,0
10/12/2020,Arlington,"Not Reported",399,3,0
10/12/2020,Rappahannock,"Other Race",135,4,0
10/12/2020,"Rappahannock Rapidan",Black,260,36,12
10/12/2020,"New River","Two or more races",49,0,0
10/12/2020,Arlington,Latino,1775,246,27
10/12/2020,Henrico,White,1632,151,109
10/12/2020,Loudoun,White,1784,126,92
10/12/2020,Hampton,White,302,11,4
10/12/2020,Alleghany,Black,137,7,3
10/12/2020,"Prince William",White,1878,184,95
10/12/2020,Rappahannock,White,1604,152,52
10/12/2020,Southside,"Other Race",14,1,1
10/12/2020,Portsmouth,"Two or more races",21,6,0
10/12/2020,"Western Tidewater",Black,1867,128,61
10/12/2020,Hampton,Latino,68,4,0
10/12/2020,Henrico,"Not Reported",878,2,4
10/12/2020,"West Piedmont","Two or more races",5,0,0
10/12/2020,Peninsula,"Not Reported",1659,3,0
10/12/2020,Loudoun,Latino,2373,208,15
10/12/2020,Alexandria,Black,847,100,19
10/12/2020,Piedmont,Black,609,65,20
10/12/2020,Roanoke,"Other Race",27,1,0
10/12/2020,Alexandria,"Two or more races",27,2,0
10/12/2020,"Western Tidewater",Latino,48,1,2
10/12/2020,Rappahannock,"Not Reported",1423,25,0
10/12/2020,"West Piedmont","Other Race",9,1,1
10/12/2020,Chickahominy,White,1085,108,42
10/12/2020,"Thomas Jefferson",Latino,720,32,3
10/12/2020,"Cumberland Plateau",Black,51,0,0
10/12/2020,"Lord Fairfax",Latino,810,54,9
10/12/2020,"West Piedmont",Latino,274,11,1
10/12/2020,"Cumberland Plateau",White,880,64,12
10/12/2020,"Eastern Shore","Other Race",13,1,0
10/12/2020,"Cumberland Plateau","Two or more races",8,0,0
10/12/2020,Pittsylvania-Danville,"Two or more races",2,0,0
10/12/2020,Piedmont,"Other Race",13,0,0
10/12/2020,Alexandria,Latino,1862,136,12
10/12/2020,Chesapeake,Black,1844,244,33
10/12/2020,Richmond,"Other Race",167,8,2
10/12/2020,Henrico,Latino,917,58,11
10/12/2020,Piedmont,"Two or more races",5,2,0
10/12/2020,"Prince William","Other Race",504,18,0
10/12/2020,"New River","Not Reported",894,10,0
10/12/2020,"Rappahannock Rapidan",White,933,64,28
10/12/2020,"Central Virginia","Not Reported",1930,17,5
10/12/2020,"Virginia Beach","Two or more races",72,5,1
10/12/2020,Pittsylvania-Danville,White,633,69,29
10/12/2020,"Lord Fairfax",Black,150,22,6
10/12/2020,Fairfax,Latino,10364,1035,102
10/12/2020,Chesterfield,"Asian or Pacific Islander",106,4,1
10/12/2020,Crater,"Asian or Pacific Islander",25,0,0
10/12/2020,Fairfax,"Asian or Pacific Islander",1924,275,78
10/12/2020,Hampton,"Asian or Pacific Islander",18,0,0
10/12/2020,"Rappahannock Rapidan","Asian or Pacific Islander",11,1,0
10/12/2020,"Mount Rogers","Asian or Pacific Islander",6,1,0
10/12/2020,"New River","Asian or Pacific Islander",93,0,0
10/12/2020,"Central Virginia","Asian or Pacific Islander",23,1,0
10/12/2020,"Lord Fairfax","Asian or Pacific Islander",17,0,0
10/12/2020,Southside,"Asian or Pacific Islander",1,0,0
10/12/2020,Alleghany,"Asian or Pacific Islander",25,0,0
10/12/2020,Portsmouth,"Asian or Pacific Islander",22,2,0
10/12/2020,Roanoke,"Asian or Pacific Islander",32,2,0
10/12/2020,Richmond,"Asian or Pacific Islander",50,3,1
10/12/2020,"Thomas Jefferson","Asian or Pacific Islander",86,1,1
10/12/2020,"Virginia Beach","Asian or Pacific Islander",299,29,5
10/12/2020,Henrico,"Asian or Pacific Islander",232,11,4
10/12/2020,Piedmont,"Asian or Pacific Islander",9,0,1
10/12/2020,"Western Tidewater","Asian or Pacific Islander",21,2,3
10/12/2020,"West Piedmont","Asian or Pacific Islander",12,2,1
10/12/2020,Chickahominy,"Asian or Pacific Islander",16,1,0
10/12/2020,Peninsula,"Asian or Pacific Islander",52,4,7
10/12/2020,Norfolk,"Asian or Pacific Islander",68,8,0
10/12/2020,Arlington,"Asian or Pacific Islander",210,25,13
10/12/2020,Loudoun,"Asian or Pacific Islander",460,57,12
10/12/2020,Alexandria,"Asian or Pacific Islander",144,11,1
10/12/2020,Rappahannock,"Asian or Pacific Islander",92,11,2
10/12/2020,Chesapeake,"Asian or Pacific Islander",86,12,6
10/12/2020,"Cumberland Plateau and Lenowisco","Asian or Pacific Islander",2,0,0
10/12/2020,"Central Shenandoah","Asian or Pacific Islander",76,2,0
10/12/2020,"Prince William","Asian or Pacific Islander",636,59,17
10/12/2020,Pittsylvania-Danville,"Asian or Pacific Islander",4,0,0
10/12/2020,"Eastern Shore and Three Rivers","Asian or Pacific Islander",13,1,0
10/12/2020,Piedmont,"Native American",4,0,0
10/12/2020,"New River","Native American",2,0,0
10/12/2020,"Central Shenandoah","Native American",3,1,0
10/12/2020,"Eastern Shore and Three Rivers","Native American",1,0,0
10/12/2020,Fairfax,"Native American",35,1,1
10/12/2020,Chesapeake,"Native American",13,0,0
10/12/2020,"Western Tidewater","Native American",2,0,0
10/12/2020,Portsmouth,"Native American",4,2,0
10/12/2020,Richmond,"Native American",2,0,0
10/12/2020,Chickahominy,"Native American",6,1,0
10/12/2020,"Thomas Jefferson","Native American",4,0,0
10/12/2020,Arlington,"Native American",5,0,0
10/12/2020,"Virginia Beach","Native American",13,0,0
10/12/2020,Peninsula,"Native American",7,2,1
10/12/2020,Hampton,"Native American",4,0,1
10/12/2020,"West Piedmont","Native American",2,0,0
10/12/2020,"Cumberland Plateau, Lenowisco, and Mount Rogers","Native American",3,0,0
10/12/2020,Henrico,"Native American",11,0,0
10/12/2020,Norfolk,"Native American",9,1,1
10/12/2020,"Prince William","Native American",26,1,1
10/12/2020,"Central Virginia","Native American",5,0,0
10/12/2020,Chesterfield,"Native American",7,1,0
10/12/2020,Rappahannock,"Native American",6,0,0
10/12/2020,Loudoun,"Native American",6,0,0
10/12/2020,Alexandria,"Native American",4,0,0
10/12/2020,"Alleghany and Roanoke","Native American",4,0,0
10/12/2020,Crater,"Native American",6,1,1
10/12/2020,"Rappahannock Rapidan","Native American",1,0,0
10/12/2020,"Lord Fairfax","Native American",3,1,1
10/12/2020,"Pittsylvania-Danville and Southside","Native American",0,0,0
10/13/2020,"Rappahannock Rapidan","Not Reported",678,12,6
10/13/2020,Portsmouth,"Other Race",56,8,4
10/13/2020,"Western Tidewater","Two or more races",60,0,0
10/13/2020,Piedmont,White,672,54,26
10/13/2020,Chesterfield,Latino,1948,110,6
10/13/2020,Lenowisco,White,931,84,17
10/13/2020,Lenowisco,"Two or more races",6,0,0
10/13/2020,Hampton,"Not Reported",631,3,2
10/13/2020,Southside,"Not Reported",684,11,5
10/13/2020,Roanoke,Black,463,33,7
10/13/2020,Hampton,Black,873,54,19
10/13/2020,Alleghany,"Other Race",13,1,0
10/13/2020,Lenowisco,Latino,17,0,0
10/13/2020,Loudoun,"Other Race",238,17,2
10/13/2020,"Central Shenandoah",Latino,1173,59,6
10/13/2020,"Rappahannock Rapidan",Latino,849,63,7
10/13/2020,"Eastern Shore",Black,860,100,29
10/13/2020,Norfolk,Latino,358,27,0
10/13/2020,Hampton,"Two or more races",15,0,0
10/13/2020,Richmond,Black,1753,260,33
10/13/2020,Henrico,"Two or more races",63,5,1
10/13/2020,Fairfax,"Two or more races",126,5,0
10/13/2020,Alleghany,"Not Reported",596,2,0
10/13/2020,Portsmouth,"Not Reported",570,5,1
10/13/2020,"Cumberland Plateau","Other Race",4,1,0
10/13/2020,Southside,"Two or more races",28,0,0
10/13/2020,Portsmouth,White,364,46,10
10/13/2020,"Rappahannock Rapidan","Two or more races",39,3,0
10/13/2020,Fairfax,White,4551,519,316
10/13/2020,Fairfax,"Other Race",870,86,19
10/13/2020,Crater,"Two or more races",13,0,0
10/13/2020,"West Piedmont","Not Reported",514,24,3
10/13/2020,Henrico,"Other Race",188,16,0
10/13/2020,"Three Rivers",White,833,56,20
10/13/2020,"Central Virginia",Black,375,36,13
10/13/2020,Lenowisco,"Other Race",10,0,0
10/13/2020,"Three Rivers","Other Race",19,3,0
10/13/2020,"Western Tidewater",White,1109,71,68
10/13/2020,"Mount Rogers",Black,73,9,3
10/13/2020,"Three Rivers","Not Reported",282,4,1
10/13/2020,"Thomas Jefferson",Black,556,70,17
10/13/2020,"Eastern Shore",White,279,28,18
10/13/2020,"Central Virginia",White,1521,83,28
10/13/2020,Lenowisco,Black,11,1,1
10/13/2020,"Central Virginia","Two or more races",18,0,0
10/13/2020,Richmond,"Two or more races",44,2,1
10/13/2020,Crater,"Not Reported",1065,10,6
10/13/2020,Chesterfield,"Two or more races",51,6,0
10/13/2020,"New River",Latino,194,5,0
10/13/2020,Richmond,Latino,1385,115,8
10/13/2020,Portsmouth,Latino,79,11,1
10/13/2020,Pittsylvania-Danville,"Not Reported",811,12,1
10/13/2020,Chesapeake,"Not Reported",647,4,0
10/13/2020,Chickahominy,Latino,101,4,0
10/13/2020,Crater,Black,2240,205,66
10/13/2020,Chesterfield,Black,1382,134,32
10/13/2020,Chesterfield,"Other Race",151,11,0
10/13/2020,Peninsula,Black,1258,85,27
10/13/2020,Roanoke,White,515,20,25
10/13/2020,"New River",Black,216,5,1
10/13/2020,Southside,Latino,9,0,0
10/13/2020,Peninsula,Latino,386,23,2
10/13/2020,Rappahannock,"Two or more races",44,3,0
10/13/2020,"Virginia Beach",Black,1816,138,27
10/13/2020,"Mount Rogers","Not Reported",183,9,5
10/13/2020,Loudoun,"Not Reported",1984,5,0
10/13/2020,Chesapeake,"Other Race",54,6,1
10/13/2020,Chickahominy,"Two or more races",7,1,0
10/13/2020,Crater,"Other Race",58,0,0
10/13/2020,Norfolk,"Two or more races",59,2,0
10/13/2020,"Eastern Shore","Two or more races",1,1,0
10/13/2020,"Central Shenandoah",White,3675,201,62
10/13/2020,"New River","Other Race",17,0,0
10/13/2020,"New River",White,2275,47,27
10/13/2020,"Central Shenandoah","Other Race",91,2,0
10/13/2020,"West Piedmont",Black,529,93,18
10/13/2020,Alleghany,Latino,171,13,0
10/13/2020,"Central Shenandoah","Not Reported",869,4,1
10/13/2020,Roanoke,"Two or more races",15,2,0
10/13/2020,Peninsula,"Two or more races",58,4,1
10/13/2020,Richmond,"Not Reported",699,1,1
10/13/2020,Arlington,"Other Race",98,9,4
10/13/2020,Norfolk,"Not Reported",1009,4,1
10/13/2020,Alexandria,"Other Race",91,9,3
10/13/2020,"Virginia Beach",White,2654,190,58
10/13/2020,Chesapeake,"Two or more races",52,4,1
10/13/2020,Alleghany,White,1064,69,26
10/13/2020,"Rappahannock Rapidan","Other Race",38,3,0
10/13/2020,Chickahominy,"Not Reported",486,3,1
10/13/2020,Portsmouth,Black,1568,214,47
10/13/2020,Chickahominy,"Other Race",21,2,0
10/13/2020,"Virginia Beach",Latino,468,29,4
10/13/2020,Chesapeake,White,1556,149,32
10/13/2020,Southside,Black,547,46,20
10/13/2020,Rappahannock,Latino,1401,113,9
10/13/2020,"Three Rivers","Two or more races",11,0,0
10/13/2020,Henrico,Black,1874,219,92
10/13/2020,Pittsylvania-Danville,Black,690,83,19
10/13/2020,"Lord Fairfax","Two or more races",22,0,0
10/13/2020,"Prince William",Latino,6735,663,78
10/13/2020,"Mount Rogers","Other Race",11,2,2
10/13/2020,"Central Shenandoah",Black,260,13,4
10/13/2020,Peninsula,White,1134,87,51
10/13/2020,"Eastern Shore","Not Reported",85,0,0
10/13/2020,"Thomas Jefferson","Other Race",173,4,1
10/13/2020,Hampton,"Other Race",58,2,1
10/13/2020,"Lord Fairfax","Not Reported",394,5,6
10/13/2020,"Central Virginia","Other Race",25,1,0
10/13/2020,"Western Tidewater","Other Race",83,1,2
10/13/2020,Crater,Latino,215,9,4
10/13/2020,Chesapeake,Latino,348,27,3
10/13/2020,Chesterfield,White,1940,160,81
10/13/2020,"Western Tidewater","Not Reported",1090,5,2
10/13/2020,Fairfax,"Not Reported",2661,47,32
10/13/2020,Arlington,Black,422,86,35
10/13/2020,"Central Virginia",Latino,82,6,3
10/13/2020,Alexandria,"Not Reported",262,6,1
10/13/2020,"Three Rivers",Black,735,59,10
10/13/2020,"Prince William","Two or more races",104,1,0
10/13/2020,Loudoun,"Two or more races",58,2,0
10/13/2020,Peninsula,"Other Race",162,3,0
10/13/2020,"Thomas Jefferson",White,2042,92,52
10/13/2020,Norfolk,"Other Race",93,4,2
10/13/2020,"Prince William","Not Reported",4404,32,0
10/13/2020,"West Piedmont",White,1126,135,58
10/13/2020,Rappahannock,Black,938,101,16
10/13/2020,Norfolk,Black,2507,273,54
10/13/2020,Roanoke,Latino,412,23,0
10/13/2020,Piedmont,Latino,76,8,2
10/13/2020,Roanoke,"Not Reported",747,2,0
10/13/2020,"Virginia Beach","Other Race",121,2,0
10/13/2020,Arlington,"Two or more races",44,3,0
10/13/2020,Alexandria,White,798,59,37
10/13/2020,"Lord Fairfax","Other Race",82,6,1
10/13/2020,"Thomas Jefferson","Not Reported",370,3,0
10/13/2020,"Virginia Beach","Not Reported",1908,13,2
10/13/2020,Loudoun,Black,343,35,7
10/13/2020,Pittsylvania-Danville,Latino,75,3,0
10/13/2020,"Cumberland Plateau","Not Reported",79,4,0
10/13/2020,Chesterfield,"Not Reported",1415,5,9
10/13/2020,"Mount Rogers",White,2605,253,123
10/13/2020,Richmond,White,879,47,16
10/13/2020,Lenowisco,"Not Reported",136,4,4
10/13/2020,"Three Rivers",Latino,174,6,1
10/13/2020,Piedmont,"Not Reported",868,11,2
10/13/2020,"Mount Rogers",Latino,303,7,0
10/13/2020,"Central Shenandoah","Two or more races",51,1,0
10/13/2020,Crater,White,949,58,28
10/13/2020,Arlington,White,1260,140,73
10/13/2020,Pittsylvania-Danville,"Other Race",4,0,0
10/13/2020,Chickahominy,Black,379,54,12
10/13/2020,Fairfax,Black,1825,254,66
10/13/2020,"Eastern Shore",Latino,262,11,3
10/13/2020,Norfolk,White,979,67,22
10/13/2020,"Mount Rogers","Two or more races",9,1,0
10/13/2020,Alleghany,"Two or more races",14,0,0
10/13/2020,Southside,White,372,31,20
10/13/2020,"Thomas Jefferson","Two or more races",80,1,0
10/13/2020,"Prince William",Black,1590,179,56
10/13/2020,"Lord Fairfax",White,2014,207,96
10/13/2020,"Cumberland Plateau",Latino,16,0,0
10/13/2020,Arlington,"Not Reported",408,3,0
10/13/2020,Rappahannock,"Other Race",136,4,0
10/13/2020,"Rappahannock Rapidan",Black,261,36,12
10/13/2020,"New River","Two or more races",49,0,0
10/13/2020,Arlington,Latino,1781,247,27
10/13/2020,Henrico,White,1636,151,109
10/13/2020,Loudoun,White,1800,126,92
10/13/2020,Hampton,White,305,11,5
10/13/2020,Alleghany,Black,143,7,3
10/13/2020,"Prince William",White,1893,185,95
10/13/2020,Rappahannock,White,1619,153,52
10/13/2020,Southside,"Other Race",14,1,1
10/13/2020,Portsmouth,"Two or more races",21,6,0
10/13/2020,"Western Tidewater",Black,1880,129,61
10/13/2020,Hampton,Latino,68,4,0
10/13/2020,Henrico,"Not Reported",877,2,4
10/13/2020,"West Piedmont","Two or more races",7,0,0
10/13/2020,Peninsula,"Not Reported",1663,3,0
10/13/2020,Loudoun,Latino,2410,209,15
10/13/2020,Alexandria,Black,849,100,19
10/13/2020,Piedmont,Black,612,65,20
10/13/2020,Roanoke,"Other Race",27,1,0
10/13/2020,Alexandria,"Two or more races",27,2,0
10/13/2020,"Western Tidewater",Latino,47,1,2
10/13/2020,Rappahannock,"Not Reported",1425,25,0
10/13/2020,"West Piedmont","Other Race",10,1,1
10/13/2020,Chickahominy,White,1098,108,42
10/13/2020,"Thomas Jefferson",Latino,720,32,3
10/13/2020,"Cumberland Plateau",Black,51,0,0
10/13/2020,"Lord Fairfax",Latino,812,54,9
10/13/2020,"West Piedmont",Latino,276,11,1
10/13/2020,"Cumberland Plateau",White,895,65,12
10/13/2020,"Eastern Shore","Other Race",13,1,0
10/13/2020,"Cumberland Plateau","Two or more races",9,0,0
10/13/2020,Pittsylvania-Danville,"Two or more races",2,0,0
10/13/2020,Piedmont,"Other Race",13,0,0
10/13/2020,Alexandria,Latino,1869,136,12
10/13/2020,Chesapeake,Black,1849,249,33
10/13/2020,Richmond,"Other Race",166,8,2
10/13/2020,Henrico,Latino,918,58,11
10/13/2020,Piedmont,"Two or more races",5,2,0
10/13/2020,"Prince William","Other Race",515,18,0
10/13/2020,"New River","Not Reported",897,10,0
10/13/2020,"Rappahannock Rapidan",White,938,64,28
10/13/2020,"Central Virginia","Not Reported",1961,17,5
10/13/2020,"Virginia Beach","Two or more races",72,5,1
10/13/2020,Pittsylvania-Danville,White,642,69,29
10/13/2020,"Lord Fairfax",Black,152,22,6
10/13/2020,Fairfax,Latino,10401,1036,102
10/13/2020,Chesterfield,"Asian or Pacific Islander",106,4,1
10/13/2020,Crater,"Asian or Pacific Islander",25,0,0
10/13/2020,Fairfax,"Asian or Pacific Islander",1935,275,78
10/13/2020,Hampton,"Asian or Pacific Islander",18,0,0
10/13/2020,"Rappahannock Rapidan","Asian or Pacific Islander",11,1,0
10/13/2020,"Mount Rogers","Asian or Pacific Islander",6,1,0
10/13/2020,"New River","Asian or Pacific Islander",94,0,0
10/13/2020,"Central Virginia","Asian or Pacific Islander",25,1,0
10/13/2020,"Lord Fairfax","Asian or Pacific Islander",17,0,0
10/13/2020,Southside,"Asian or Pacific Islander",1,0,0
10/13/2020,Alleghany,"Asian or Pacific Islander",25,0,0
10/13/2020,Portsmouth,"Asian or Pacific Islander",22,2,0
10/13/2020,Roanoke,"Asian or Pacific Islander",32,2,0
10/13/2020,Richmond,"Asian or Pacific Islander",50,3,1
10/13/2020,"Thomas Jefferson","Asian or Pacific Islander",85,1,1
10/13/2020,"Virginia Beach","Asian or Pacific Islander",299,29,5
10/13/2020,Henrico,"Asian or Pacific Islander",234,11,4
10/13/2020,Piedmont,"Asian or Pacific Islander",9,0,1
10/13/2020,"Western Tidewater","Asian or Pacific Islander",21,2,3
10/13/2020,"West Piedmont","Asian or Pacific Islander",12,2,1
10/13/2020,Chickahominy,"Asian or Pacific Islander",16,1,0
10/13/2020,Peninsula,"Asian or Pacific Islander",54,4,7
10/13/2020,Norfolk,"Asian or Pacific Islander",71,8,0
10/13/2020,Arlington,"Asian or Pacific Islander",210,25,13
10/13/2020,Loudoun,"Asian or Pacific Islander",464,57,12
10/13/2020,Alexandria,"Asian or Pacific Islander",145,11,1
10/13/2020,Rappahannock,"Asian or Pacific Islander",92,11,2
10/13/2020,Chesapeake,"Asian or Pacific Islander",87,12,6
10/13/2020,"Cumberland Plateau and Lenowisco","Asian or Pacific Islander",2,0,0
10/13/2020,"Central Shenandoah","Asian or Pacific Islander",76,2,0
10/13/2020,"Prince William","Asian or Pacific Islander",639,60,19
10/13/2020,Pittsylvania-Danville,"Asian or Pacific Islander",4,0,0
10/13/2020,"Eastern Shore and Three Rivers","Asian or Pacific Islander",13,1,0
10/13/2020,Piedmont,"Native American",4,0,0
10/13/2020,"New River","Native American",2,0,0
10/13/2020,"Central Shenandoah","Native American",3,1,0
10/13/2020,"Eastern Shore and Three Rivers","Native American",1,0,0
10/13/2020,Fairfax,"Native American",35,1,1
10/13/2020,Chesapeake,"Native American",13,0,0
10/13/2020,"Western Tidewater","Native American",2,0,0
10/13/2020,Portsmouth,"Native American",4,2,0
10/13/2020,Richmond,"Native American",2,0,0
10/13/2020,Chickahominy,"Native American",6,1,0
10/13/2020,"Thomas Jefferson","Native American",4,0,0
10/13/2020,Arlington,"Native American",5,0,0
10/13/2020,"Virginia Beach","Native American",13,0,0
10/13/2020,Peninsula,"Native American",7,2,1
10/13/2020,Hampton,"Native American",4,0,1
10/13/2020,"West Piedmont","Native American",2,0,0
10/13/2020,"Cumberland Plateau, Lenowisco, and Mount Rogers","Native American",3,0,0
10/13/2020,Henrico,"Native American",11,0,0
10/13/2020,Norfolk,"Native American",9,1,1
10/13/2020,"Prince William","Native American",26,1,1
10/13/2020,"Central Virginia","Native American",5,0,0
10/13/2020,Chesterfield,"Native American",7,1,0
10/13/2020,Rappahannock,"Native American",6,0,0
10/13/2020,Loudoun,"Native American",6,0,0
10/13/2020,Alexandria,"Native American",4,0,0
10/13/2020,"Alleghany and Roanoke","Native American",4,0,0
10/13/2020,Crater,"Native American",6,1,1
10/13/2020,"Rappahannock Rapidan","Native American",1,0,0
10/13/2020,"Lord Fairfax","Native American",3,1,1
10/13/2020,"Pittsylvania-Danville and Southside","Native American",0,0,0
10/14/2020,"Rappahannock Rapidan","Not Reported",676,12,6
10/14/2020,Portsmouth,"Other Race",56,8,4
10/14/2020,"Western Tidewater","Two or more races",80,0,0
10/14/2020,Piedmont,White,676,54,26
10/14/2020,Chesterfield,Latino,1951,110,6
10/14/2020,Lenowisco,White,946,85,17
10/14/2020,Lenowisco,"Two or more races",7,0,0
10/14/2020,Hampton,"Not Reported",624,3,2
10/14/2020,Southside,"Not Reported",684,11,5
10/14/2020,Roanoke,Black,473,33,7
10/14/2020,Hampton,Black,886,55,19
10/14/2020,Alleghany,"Other Race",13,1,0
10/14/2020,Lenowisco,Latino,18,0,0
10/14/2020,Loudoun,"Other Race",238,17,2
10/14/2020,"Central Shenandoah",Latino,1182,59,6
10/14/2020,"Rappahannock Rapidan",Latino,851,63,7
10/14/2020,"Eastern Shore",Black,861,100,29
10/14/2020,Norfolk,Latino,360,27,0
10/14/2020,Hampton,"Two or more races",15,0,0
10/14/2020,Richmond,Black,1758,260,33
10/14/2020,Henrico,"Two or more races",63,5,1
10/14/2020,Fairfax,"Two or more races",126,5,0
10/14/2020,Alleghany,"Not Reported",601,2,0
10/14/2020,Portsmouth,"Not Reported",572,5,1
10/14/2020,"Cumberland Plateau","Other Race",4,1,0
10/14/2020,Southside,"Two or more races",28,0,0
10/14/2020,Portsmouth,White,372,46,10
10/14/2020,"Rappahannock Rapidan","Two or more races",39,3,0
10/14/2020,Fairfax,White,4582,519,315
10/14/2020,Fairfax,"Other Race",876,86,19
10/14/2020,Crater,"Two or more races",13,0,0
10/14/2020,"West Piedmont","Not Reported",521,24,3
10/14/2020,Henrico,"Other Race",189,16,0
10/14/2020,"Three Rivers",White,838,56,20
10/14/2020,"Central Virginia",Black,383,36,13
10/14/2020,Lenowisco,"Other Race",10,0,0
10/14/2020,"Three Rivers","Other Race",19,3,0
10/14/2020,"Western Tidewater",White,1133,71,68
10/14/2020,"Mount Rogers",Black,76,9,3
10/14/2020,"Three Rivers","Not Reported",285,4,1
10/14/2020,"Thomas Jefferson",Black,559,70,17
10/14/2020,"Eastern Shore",White,279,28,18
10/14/2020,"Central Virginia",White,1553,84,28
10/14/2020,Lenowisco,Black,11,1,1
10/14/2020,"Central Virginia","Two or more races",19,0,0
10/14/2020,Richmond,"Two or more races",44,2,1
10/14/2020,Crater,"Not Reported",1065,10,6
10/14/2020,Chesterfield,"Two or more races",51,6,0
10/14/2020,"New River",Latino,195,5,0
10/14/2020,Richmond,Latino,1386,115,8
10/14/2020,Portsmouth,Latino,79,11,1
10/14/2020,Pittsylvania-Danville,"Not Reported",817,12,1
10/14/2020,Chesapeake,"Not Reported",655,4,0
10/14/2020,Chickahominy,Latino,101,4,0
10/14/2020,Crater,Black,2254,205,66
10/14/2020,Chesterfield,Black,1389,134,32
10/14/2020,Chesterfield,"Other Race",151,11,0
10/14/2020,Peninsula,Black,1269,85,27
10/14/2020,Roanoke,White,520,20,25
10/14/2020,"New River",Black,219,5,1
10/14/2020,Southside,Latino,9,0,0
10/14/2020,Peninsula,Latino,393,23,2
10/14/2020,Rappahannock,"Two or more races",44,3,0
10/14/2020,"Virginia Beach",Black,1820,138,28
10/14/2020,"Mount Rogers","Not Reported",173,9,5
10/14/2020,Loudoun,"Not Reported",1947,5,0
10/14/2020,Chesapeake,"Other Race",54,6,1
10/14/2020,Chickahominy,"Two or more races",7,1,0
10/14/2020,Crater,"Other Race",59,0,0
10/14/2020,Norfolk,"Two or more races",59,2,0
10/14/2020,"Eastern Shore","Two or more races",1,1,0
10/14/2020,"Central Shenandoah",White,3722,204,62
10/14/2020,"New River","Other Race",18,0,0
10/14/2020,"New River",White,2276,48,27
10/14/2020,"Central Shenandoah","Other Race",93,2,0
10/14/2020,"West Piedmont",Black,536,94,18
10/14/2020,Alleghany,Latino,171,13,0
10/14/2020,"Central Shenandoah","Not Reported",869,3,1
10/14/2020,Roanoke,"Two or more races",15,2,0
10/14/2020,Peninsula,"Two or more races",56,3,1
10/14/2020,Richmond,"Not Reported",697,1,1
10/14/2020,Arlington,"Other Race",99,10,4
10/14/2020,Norfolk,"Not Reported",1010,4,1
10/14/2020,Alexandria,"Other Race",91,9,3
10/14/2020,"Virginia Beach",White,2665,192,59
10/14/2020,Chesapeake,"Two or more races",52,4,1
10/14/2020,Alleghany,White,1075,71,26
10/14/2020,"Rappahannock Rapidan","Other Race",38,3,0
10/14/2020,Chickahominy,"Not Reported",485,3,1
10/14/2020,Portsmouth,Black,1572,214,47
10/14/2020,Chickahominy,"Other Race",21,2,0
10/14/2020,"Virginia Beach",Latino,475,29,4
10/14/2020,Chesapeake,White,1567,149,32
10/14/2020,Southside,Black,549,46,20
10/14/2020,Rappahannock,Latino,1404,113,9
10/14/2020,"Three Rivers","Two or more races",11,0,0
10/14/2020,Henrico,Black,1881,220,92
10/14/2020,Pittsylvania-Danville,Black,694,83,19
10/14/2020,"Lord Fairfax","Two or more races",22,0,0
10/14/2020,"Prince William",Latino,6757,663,78
10/14/2020,"Mount Rogers","Other Race",11,2,2
10/14/2020,"Central Shenandoah",Black,263,13,4
10/14/2020,Peninsula,White,1148,88,51
10/14/2020,"Eastern Shore","Not Reported",85,0,0
10/14/2020,"Thomas Jefferson","Other Race",176,5,1
10/14/2020,Hampton,"Other Race",59,2,1
10/14/2020,"Lord Fairfax","Not Reported",391,5,6
10/14/2020,"Central Virginia","Other Race",26,1,0
10/14/2020,"Western Tidewater","Other Race",84,1,2
10/14/2020,Crater,Latino,217,9,4
10/14/2020,Chesapeake,Latino,349,27,3
10/14/2020,Chesterfield,White,1948,160,81
10/14/2020,"Western Tidewater","Not Reported",1090,5,2
10/14/2020,Fairfax,"Not Reported",2676,47,32
10/14/2020,Arlington,Black,425,87,35
10/14/2020,"Central Virginia",Latino,84,6,3
10/14/2020,Alexandria,"Not Reported",264,6,1
10/14/2020,"Three Rivers",Black,738,59,11
10/14/2020,"Prince William","Two or more races",104,1,0
10/14/2020,Loudoun,"Two or more races",58,2,0
10/14/2020,Peninsula,"Other Race",166,3,0
10/14/2020,"Thomas Jefferson",White,2058,92,52
10/14/2020,Norfolk,"Other Race",93,4,2
10/14/2020,"Prince William","Not Reported",4391,32,0
10/14/2020,"West Piedmont",White,1149,136,59
10/14/2020,Rappahannock,Black,939,101,16
10/14/2020,Norfolk,Black,2511,273,54
10/14/2020,Roanoke,Latino,415,23,0
10/14/2020,Piedmont,Latino,76,8,2
10/14/2020,Roanoke,"Not Reported",754,2,0
10/14/2020,"Virginia Beach","Other Race",121,3,0
10/14/2020,Arlington,"Two or more races",45,4,0
10/14/2020,Alexandria,White,802,59,37
10/14/2020,"Lord Fairfax","Other Race",83,6,1
10/14/2020,"Thomas Jefferson","Not Reported",365,3,0
10/14/2020,"Virginia Beach","Not Reported",1914,14,2
10/14/2020,Loudoun,Black,345,35,7
10/14/2020,Pittsylvania-Danville,Latino,75,3,0
10/14/2020,"Cumberland Plateau","Not Reported",85,4,0
10/14/2020,Chesterfield,"Not Reported",1419,5,9
10/14/2020,"Mount Rogers",White,2642,253,124
10/14/2020,Richmond,White,882,47,16
10/14/2020,Lenowisco,"Not Reported",137,4,4
10/14/2020,"Three Rivers",Latino,174,6,1
10/14/2020,Piedmont,"Not Reported",872,11,2
10/14/2020,"Mount Rogers",Latino,303,7,0
10/14/2020,"Central Shenandoah","Two or more races",49,1,0
10/14/2020,Crater,White,957,58,28
10/14/2020,Arlington,White,1277,140,73
10/14/2020,Pittsylvania-Danville,"Other Race",4,0,0
10/14/2020,Chickahominy,Black,383,54,12
10/14/2020,Fairfax,Black,1825,253,66
10/14/2020,"Eastern Shore",Latino,263,11,3
10/14/2020,Norfolk,White,978,67,22
10/14/2020,"Mount Rogers","Two or more races",9,1,0
10/14/2020,Alleghany,"Two or more races",14,0,0
10/14/2020,Southside,White,379,31,20
10/14/2020,"Thomas Jefferson","Two or more races",81,1,0
10/14/2020,"Prince William",Black,1598,179,56
10/14/2020,"Lord Fairfax",White,2031,207,97
10/14/2020,"Cumberland Plateau",Latino,16,0,0
10/14/2020,Arlington,"Not Reported",393,3,0
10/14/2020,Rappahannock,"Other Race",137,4,0
10/14/2020,"Rappahannock Rapidan",Black,263,36,12
10/14/2020,"New River","Two or more races",49,0,0
10/14/2020,Arlington,Latino,1792,249,27
10/14/2020,Henrico,White,1643,151,110
10/14/2020,Loudoun,White,1804,126,92
10/14/2020,Hampton,White,309,12,5
10/14/2020,Alleghany,Black,143,7,3
10/14/2020,"Prince William",White,1904,185,95
10/14/2020,Rappahannock,White,1626,154,52
10/14/2020,Southside,"Other Race",14,1,1
10/14/2020,Portsmouth,"Two or more races",22,6,0
10/14/2020,"Western Tidewater",Black,1905,130,62
10/14/2020,Hampton,Latino,68,4,0
10/14/2020,Henrico,"Not Reported",891,2,4
10/14/2020,"West Piedmont","Two or more races",7,0,0
10/14/2020,Peninsula,"Not Reported",1645,3,0
10/14/2020,Loudoun,Latino,2430,210,15
10/14/2020,Alexandria,Black,852,100,19
10/14/2020,Piedmont,Black,613,65,20
10/14/2020,Roanoke,"Other Race",28,1,0
10/14/2020,Alexandria,"Two or more races",27,2,0
10/14/2020,"Western Tidewater",Latino,47,1,2
10/14/2020,Rappahannock,"Not Reported",1435,25,0
10/14/2020,"West Piedmont","Other Race",10,1,1
10/14/2020,Chickahominy,White,1104,108,42
10/14/2020,"Thomas Jefferson",Latino,721,32,3
10/14/2020,"Cumberland Plateau",Black,51,0,0
10/14/2020,"Lord Fairfax",Latino,814,54,9
10/14/2020,"West Piedmont",Latino,276,11,1
10/14/2020,"Cumberland Plateau",White,914,67,13
10/14/2020,"Eastern Shore","Other Race",13,1,0
10/14/2020,"Cumberland Plateau","Two or more races",9,0,0
10/14/2020,Pittsylvania-Danville,"Two or more races",2,0,0
10/14/2020,Piedmont,"Other Race",13,0,0
10/14/2020,Alexandria,Latino,1870,136,12
10/14/2020,Chesapeake,Black,1851,249,33
10/14/2020,Richmond,"Other Race",166,8,2
10/14/2020,Henrico,Latino,919,58,11
10/14/2020,Piedmont,"Two or more races",5,2,0
10/14/2020,"Prince William","Other Race",516,18,0
10/14/2020,"New River","Not Reported",898,10,0
10/14/2020,"Rappahannock Rapidan",White,941,64,28
10/14/2020,"Central Virginia","Not Reported",1976,17,5
10/14/2020,"Virginia Beach","Two or more races",72,5,1
10/14/2020,Pittsylvania-Danville,White,645,70,29
10/14/2020,"Lord Fairfax",Black,152,22,6
10/14/2020,Fairfax,Latino,10429,1037,103
10/14/2020,Chesterfield,"Asian or Pacific Islander",106,4,1
10/14/2020,Crater,"Asian or Pacific Islander",25,0,0
10/14/2020,Fairfax,"Asian or Pacific Islander",1946,276,78
10/14/2020,Hampton,"Asian or Pacific Islander",18,0,0
10/14/2020,"Rappahannock Rapidan","Asian or Pacific Islander",11,1,0
10/14/2020,"Mount Rogers","Asian or Pacific Islander",6,1,0
10/14/2020,"New River","Asian or Pacific Islander",95,0,0
10/14/2020,"Central Virginia","Asian or Pacific Islander",25,1,0
10/14/2020,"Lord Fairfax","Asian or Pacific Islander",17,0,0
10/14/2020,Southside,"Asian or Pacific Islander",1,0,0
10/14/2020,Alleghany,"Asian or Pacific Islander",25,0,0
10/14/2020,Portsmouth,"Asian or Pacific Islander",22,2,0
10/14/2020,Roanoke,"Asian or Pacific Islander",32,2,0
10/14/2020,Richmond,"Asian or Pacific Islander",50,3,1
10/14/2020,"Thomas Jefferson","Asian or Pacific Islander",85,1,1
10/14/2020,"Virginia Beach","Asian or Pacific Islander",299,30,5
10/14/2020,Henrico,"Asian or Pacific Islander",235,11,4
10/14/2020,Piedmont,"Asian or Pacific Islander",9,0,1
10/14/2020,"Western Tidewater","Asian or Pacific Islander",21,2,3
10/14/2020,"West Piedmont","Asian or Pacific Islander",12,2,1
10/14/2020,Chickahominy,"Asian or Pacific Islander",16,1,0
10/14/2020,Peninsula,"Asian or Pacific Islander",56,4,7
10/14/2020,Norfolk,"Asian or Pacific Islander",72,8,0
10/14/2020,Arlington,"Asian or Pacific Islander",214,25,13
10/14/2020,Loudoun,"Asian or Pacific Islander",473,57,12
10/14/2020,Alexandria,"Asian or Pacific Islander",147,11,1
10/14/2020,Rappahannock,"Asian or Pacific Islander",92,11,2
10/14/2020,Chesapeake,"Asian or Pacific Islander",87,12,6
10/14/2020,"Cumberland Plateau and Lenowisco","Asian or Pacific Islander",2,0,0
10/14/2020,"Central Shenandoah","Asian or Pacific Islander",76,2,0
10/14/2020,"Prince William","Asian or Pacific Islander",641,60,19
10/14/2020,Pittsylvania-Danville,"Asian or Pacific Islander",4,0,0
10/14/2020,"Eastern Shore and Three Rivers","Asian or Pacific Islander",13,1,0
10/14/2020,Piedmont,"Native American",4,0,0
10/14/2020,"New River","Native American",2,0,0
10/14/2020,"Central Shenandoah","Native American",3,1,0
10/14/2020,"Eastern Shore and Three Rivers","Native American",1,0,0
10/14/2020,Fairfax,"Native American",35,1,1
10/14/2020,Chesapeake,"Native American",13,0,0
10/14/2020,"Western Tidewater","Native American",2,0,0
10/14/2020,Portsmouth,"Native American",4,2,0
10/14/2020,Richmond,"Native American",2,0,0
10/14/2020,Chickahominy,"Native American",6,1,0
10/14/2020,"Thomas Jefferson","Native American",4,0,0
10/14/2020,Arlington,"Native American",5,0,0
10/14/2020,"Virginia Beach","Native American",13,0,0
10/14/2020,Peninsula,"Native American",7,2,1
10/14/2020,Hampton,"Native American",4,0,1
10/14/2020,"West Piedmont","Native American",2,0,0
10/14/2020,"Cumberland Plateau, Lenowisco, and Mount Rogers","Native American",3,0,0
10/14/2020,Henrico,"Native American",11,0,0
10/14/2020,Norfolk,"Native American",9,1,1
10/14/2020,"Prince William","Native American",26,1,1
10/14/2020,"Central Virginia","Native American",6,0,0
10/14/2020,Chesterfield,"Native American",7,1,0
10/14/2020,Rappahannock,"Native American",6,0,0
10/14/2020,Loudoun,"Native American",6,0,0
10/14/2020,Alexandria,"Native American",4,0,0
10/14/2020,"Alleghany and Roanoke","Native American",4,0,0
10/14/2020,Crater,"Native American",6,1,1
10/14/2020,"Rappahannock Rapidan","Native American",1,0,0
10/14/2020,"Lord Fairfax","Native American",3,1,1
10/14/2020,"Pittsylvania-Danville and Southside","Native American",0,0,0
10/15/2020,"Rappahannock Rapidan","Not Reported",678,12,6
10/15/2020,Portsmouth,"Other Race",57,8,4
10/15/2020,"Western Tidewater","Two or more races",83,0,0
10/15/2020,Piedmont,White,696,54,26
10/15/2020,Chesterfield,Latino,1956,110,7
10/15/2020,Lenowisco,White,957,86,17
10/15/2020,Lenowisco,"Two or more races",8,1,0
10/15/2020,Hampton,"Not Reported",618,2,1
10/15/2020,Southside,"Not Reported",682,11,5
10/15/2020,Roanoke,Black,482,34,7
10/15/2020,Hampton,Black,903,56,20
10/15/2020,Alleghany,"Other Race",14,1,0
10/15/2020,Lenowisco,Latino,19,0,0
10/15/2020,Loudoun,"Other Race",246,19,2
10/15/2020,"Central Shenandoah",Latino,1188,59,6
10/15/2020,"Rappahannock Rapidan",Latino,856,63,7
10/15/2020,"Eastern Shore",Black,865,100,29
10/15/2020,Norfolk,Latino,366,27,0
10/15/2020,Hampton,"Two or more races",16,0,0
10/15/2020,Richmond,Black,1765,260,33
10/15/2020,Henrico,"Two or more races",64,5,1
10/15/2020,Fairfax,"Two or more races",125,5,0
10/15/2020,Alleghany,"Not Reported",600,2,0
10/15/2020,Portsmouth,"Not Reported",574,6,1
10/15/2020,"Cumberland Plateau","Other Race",4,1,0
10/15/2020,Southside,"Two or more races",31,0,0
10/15/2020,Portsmouth,White,374,46,10
10/15/2020,"Rappahannock Rapidan","Two or more races",39,3,0
10/15/2020,Fairfax,White,4621,521,316
10/15/2020,Fairfax,"Other Race",876,86,19
10/15/2020,Crater,"Two or more races",13,0,0
10/15/2020,"West Piedmont","Not Reported",539,24,3
10/15/2020,Henrico,"Other Race",191,16,0
10/15/2020,"Three Rivers",White,854,57,20
10/15/2020,"Central Virginia",Black,392,36,13
10/15/2020,Lenowisco,"Other Race",10,0,0
10/15/2020,"Three Rivers","Other Race",22,3,0
10/15/2020,"Western Tidewater",White,1147,72,68
10/15/2020,"Mount Rogers",Black,76,9,3
10/15/2020,"Three Rivers","Not Reported",292,4,1
10/15/2020,"Thomas Jefferson",Black,564,70,17
10/15/2020,"Eastern Shore",White,280,28,18
10/15/2020,"Central Virginia",White,1602,88,28
10/15/2020,Lenowisco,Black,11,1,1
10/15/2020,"Central Virginia","Two or more races",19,0,0
10/15/2020,Richmond,"Two or more races",44,2,1
10/15/2020,Crater,"Not Reported",1056,9,6
10/15/2020,Chesterfield,"Two or more races",51,6,0
10/15/2020,"New River",Latino,197,5,0
10/15/2020,Richmond,Latino,1388,115,8
10/15/2020,Portsmouth,Latino,79,11,1
10/15/2020,Pittsylvania-Danville,"Not Reported",827,12,1
10/15/2020,Chesapeake,"Not Reported",643,4,0
10/15/2020,Chickahominy,Latino,102,4,0
10/15/2020,Crater,Black,2289,206,67
10/15/2020,Chesterfield,Black,1407,135,32
10/15/2020,Chesterfield,"Other Race",154,11,0
10/15/2020,Peninsula,Black,1279,85,27
10/15/2020,Roanoke,White,535,21,25
10/15/2020,"New River",Black,223,5,1
10/15/2020,Southside,Latino,9,0,0
10/15/2020,Peninsula,Latino,400,23,2
10/15/2020,Rappahannock,"Two or more races",45,3,0
10/15/2020,"Virginia Beach",Black,1829,138,29
10/15/2020,"Mount Rogers","Not Reported",164,8,4
10/15/2020,Loudoun,"Not Reported",1980,6,0
10/15/2020,Chesapeake,"Other Race",56,6,1
10/15/2020,Chickahominy,"Two or more races",7,1,0
10/15/2020,Crater,"Other Race",61,0,0
10/15/2020,Norfolk,"Two or more races",59,2,0
10/15/2020,"Eastern Shore","Two or more races",1,1,0
10/15/2020,"Central Shenandoah",White,3745,207,62
10/15/2020,"New River","Other Race",18,0,0
10/15/2020,"New River",White,2305,49,27
10/15/2020,"Central Shenandoah","Other Race",93,2,0
10/15/2020,"West Piedmont",Black,538,94,18
10/15/2020,Alleghany,Latino,171,13,0
10/15/2020,"Central Shenandoah","Not Reported",875,3,1
10/15/2020,Roanoke,"Two or more races",15,2,0
10/15/2020,Peninsula,"Two or more races",56,3,1
10/15/2020,Richmond,"Not Reported",697,1,1
10/15/2020,Arlington,"Other Race",101,10,4
10/15/2020,Norfolk,"Not Reported",1006,3,1
10/15/2020,Alexandria,"Other Race",91,9,2
10/15/2020,"Virginia Beach",White,2687,194,60
10/15/2020,Chesapeake,"Two or more races",55,4,1
10/15/2020,Alleghany,White,1113,71,26
10/15/2020,"Rappahannock Rapidan","Other Race",38,3,0
10/15/2020,Chickahominy,"Not Reported",490,3,1
10/15/2020,Portsmouth,Black,1574,214,47
10/15/2020,Chickahominy,"Other Race",21,2,0
10/15/2020,"Virginia Beach",Latino,479,29,4
10/15/2020,Chesapeake,White,1586,153,32
10/15/2020,Southside,Black,560,46,20
10/15/2020,Rappahannock,Latino,1412,113,9
10/15/2020,"Three Rivers","Two or more races",11,0,0
10/15/2020,Henrico,Black,1889,220,92
10/15/2020,Pittsylvania-Danville,Black,711,85,19
10/15/2020,"Lord Fairfax","Two or more races",22,0,0
10/15/2020,"Prince William",Latino,6804,668,78
10/15/2020,"Mount Rogers","Other Race",11,2,2
10/15/2020,"Central Shenandoah",Black,265,13,4
10/15/2020,Peninsula,White,1170,88,51
10/15/2020,"Eastern Shore","Not Reported",80,0,0
10/15/2020,"Thomas Jefferson","Other Race",177,5,1
10/15/2020,Hampton,"Other Race",61,2,1
10/15/2020,"Lord Fairfax","Not Reported",396,6,6
10/15/2020,"Central Virginia","Other Race",26,1,0
10/15/2020,"Western Tidewater","Other Race",93,1,2
10/15/2020,Crater,Latino,218,10,4
10/15/2020,Chesapeake,Latino,353,28,2
10/15/2020,Chesterfield,White,1981,160,81
10/15/2020,"Western Tidewater","Not Reported",1055,5,2
10/15/2020,Fairfax,"Not Reported",2642,46,32
10/15/2020,Arlington,Black,426,87,35
10/15/2020,"Central Virginia",Latino,86,6,3
10/15/2020,Alexandria,"Not Reported",268,5,1
10/15/2020,"Three Rivers",Black,742,59,11
10/15/2020,"Prince William","Two or more races",105,1,0
10/15/2020,Loudoun,"Two or more races",59,2,0
10/15/2020,Peninsula,"Other Race",173,3,0
10/15/2020,"Thomas Jefferson",White,2079,92,52
10/15/2020,Norfolk,"Other Race",93,5,2
10/15/2020,"Prince William","Not Reported",4401,31,0
10/15/2020,"West Piedmont",White,1172,139,60
10/15/2020,Rappahannock,Black,943,102,16
10/15/2020,Norfolk,Black,2521,276,54
10/15/2020,Roanoke,Latino,416,24,0
10/15/2020,Piedmont,Latino,76,8,2
10/15/2020,Roanoke,"Not Reported",768,2,0
10/15/2020,"Virginia Beach","Other Race",126,3,0
10/15/2020,Arlington,"Two or more races",46,4,0
10/15/2020,Alexandria,White,808,60,38
10/15/2020,"Lord Fairfax","Other Race",84,6,1
10/15/2020,"Thomas Jefferson","Not Reported",359,3,0
10/15/2020,"Virginia Beach","Not Reported",1903,14,2
10/15/2020,Loudoun,Black,347,35,7
10/15/2020,Pittsylvania-Danville,Latino,75,3,0
10/15/2020,"Cumberland Plateau","Not Reported",88,4,0
10/15/2020,Chesterfield,"Not Reported",1429,5,8
10/15/2020,"Mount Rogers",White,2681,256,125
10/15/2020,Richmond,White,890,47,16
10/15/2020,Lenowisco,"Not Reported",137,4,4
10/15/2020,"Three Rivers",Latino,183,6,1
10/15/2020,Piedmont,"Not Reported",880,11,2
10/15/2020,"Mount Rogers",Latino,304,7,0
10/15/2020,"Central Shenandoah","Two or more races",49,1,0
10/15/2020,Crater,White,975,58,28
10/15/2020,Arlington,White,1284,140,73
10/15/2020,Pittsylvania-Danville,"Other Race",4,0,0
10/15/2020,Chickahominy,Black,386,54,12
10/15/2020,Fairfax,Black,1843,253,66
10/15/2020,"Eastern Shore",Latino,265,11,3
10/15/2020,Norfolk,White,996,68,22
10/15/2020,"Mount Rogers","Two or more races",9,1,0
10/15/2020,Alleghany,"Two or more races",14,0,0
10/15/2020,Southside,White,390,31,20
10/15/2020,"Thomas Jefferson","Two or more races",83,1,0
10/15/2020,"Prince William",Black,1605,179,56
10/15/2020,"Lord Fairfax",White,2063,210,98
10/15/2020,"Cumberland Plateau",Latino,16,0,0
10/15/2020,Arlington,"Not Reported",402,3,0
10/15/2020,Rappahannock,"Other Race",138,4,0
10/15/2020,"Rappahannock Rapidan",Black,264,36,12
10/15/2020,"New River","Two or more races",49,0,0
10/15/2020,Arlington,Latino,1799,249,27
10/15/2020,Henrico,White,1670,151,110
10/15/2020,Loudoun,White,1837,126,92
10/15/2020,Hampton,White,315,12,5
10/15/2020,Alleghany,Black,150,7,3
10/15/2020,"Prince William",White,1920,185,95
10/15/2020,Rappahannock,White,1651,157,52
10/15/2020,Southside,"Other Race",14,1,1
10/15/2020,Portsmouth,"Two or more races",22,6,0
10/15/2020,"Western Tidewater",Black,1927,131,62
10/15/2020,Hampton,Latino,69,4,0
10/15/2020,Henrico,"Not Reported",897,2,4
10/15/2020,"West Piedmont","Two or more races",7,0,0
10/15/2020,Peninsula,"Not Reported",1634,3,0
10/15/2020,Loudoun,Latino,2462,214,16
10/15/2020,Alexandria,Black,854,101,19
10/15/2020,Piedmont,Black,623,66,20
10/15/2020,Roanoke,"Other Race",27,1,0
10/15/2020,Alexandria,"Two or more races",28,2,0
10/15/2020,"Western Tidewater",Latino,48,1,2
10/15/2020,Rappahannock,"Not Reported",1456,25,0
10/15/2020,"West Piedmont","Other Race",12,1,1
10/15/2020,Chickahominy,White,1121,108,42
10/15/2020,"Thomas Jefferson",Latino,723,32,3
10/15/2020,"Cumberland Plateau",Black,51,0,0
10/15/2020,"Lord Fairfax",Latino,818,56,9
10/15/2020,"West Piedmont",Latino,276,11,1
10/15/2020,"Cumberland Plateau",White,946,68,13
10/15/2020,"Eastern Shore","Other Race",13,1,0
10/15/2020,"Cumberland Plateau","Two or more races",9,0,0
10/15/2020,Pittsylvania-Danville,"Two or more races",2,0,0
10/15/2020,Piedmont,"Other Race",13,0,0
10/15/2020,Alexandria,Latino,1876,136,12
10/15/2020,Chesapeake,Black,1865,249,33
10/15/2020,Richmond,"Other Race",166,8,2
10/15/2020,Henrico,Latino,922,59,11
10/15/2020,Piedmont,"Two or more races",5,2,0
10/15/2020,"Prince William","Other Race",516,19,0
10/15/2020,"New River","Not Reported",902,10,0
10/15/2020,"Rappahannock Rapidan",White,949,65,28
10/15/2020,"Central Virginia","Not Reported",1981,24,6
10/15/2020,"Virginia Beach","Two or more races",73,5,1
10/15/2020,Pittsylvania-Danville,White,652,70,29
10/15/2020,"Lord Fairfax",Black,152,22,6
10/15/2020,Fairfax,Latino,10461,1039,103
10/15/2020,Chesterfield,"Asian or Pacific Islander",108,4,1
10/15/2020,Crater,"Asian or Pacific Islander",25,0,0
10/15/2020,Fairfax,"Asian or Pacific Islander",1957,276,78
10/15/2020,Hampton,"Asian or Pacific Islander",18,0,0
10/15/2020,"Rappahannock Rapidan","Asian or Pacific Islander",11,1,0
10/15/2020,"Mount Rogers","Asian or Pacific Islander",6,1,0
10/15/2020,"New River","Asian or Pacific Islander",95,0,0
10/15/2020,"Central Virginia","Asian or Pacific Islander",27,1,0
10/15/2020,"Lord Fairfax","Asian or Pacific Islander",18,0,0
10/15/2020,Southside,"Asian or Pacific Islander",1,0,0
10/15/2020,Alleghany,"Asian or Pacific Islander",25,0,0
10/15/2020,Portsmouth,"Asian or Pacific Islander",22,2,0
10/15/2020,Roanoke,"Asian or Pacific Islander",32,2,0
10/15/2020,Richmond,"Asian or Pacific Islander",50,3,1
10/15/2020,"Thomas Jefferson","Asian or Pacific Islander",85,1,1
10/15/2020,"Virginia Beach","Asian or Pacific Islander",305,31,5
10/15/2020,Henrico,"Asian or Pacific Islander",237,12,4
10/15/2020,Piedmont,"Asian or Pacific Islander",9,0,1
10/15/2020,"Western Tidewater","Asian or Pacific Islander",21,2,3
10/15/2020,"West Piedmont","Asian or Pacific Islander",12,2,1
10/15/2020,Chickahominy,"Asian or Pacific Islander",16,1,0
10/15/2020,Peninsula,"Asian or Pacific Islander",56,4,7
10/15/2020,Norfolk,"Asian or Pacific Islander",72,8,0
10/15/2020,Arlington,"Asian or Pacific Islander",215,25,13
10/15/2020,Loudoun,"Asian or Pacific Islander",480,57,12
10/15/2020,Alexandria,"Asian or Pacific Islander",148,11,1
10/15/2020,Rappahannock,"Asian or Pacific Islander",92,11,2
10/15/2020,Chesapeake,"Asian or Pacific Islander",90,12,6
10/15/2020,"Cumberland Plateau and Lenowisco","Asian or Pacific Islander",2,0,0
10/15/2020,"Central Shenandoah","Asian or Pacific Islander",76,2,0
10/15/2020,"Prince William","Asian or Pacific Islander",645,60,19
10/15/2020,Pittsylvania-Danville,"Asian or Pacific Islander",4,0,0
10/15/2020,"Eastern Shore and Three Rivers","Asian or Pacific Islander",13,1,0
10/15/2020,Piedmont,"Native American",4,0,0
10/15/2020,"New River","Native American",2,0,0
10/15/2020,"Central Shenandoah","Native American",3,1,0
10/15/2020,"Eastern Shore and Three Rivers","Native American",1,0,0
10/15/2020,Fairfax,"Native American",35,1,1
10/15/2020,Chesapeake,"Native American",13,0,0
10/15/2020,"Western Tidewater","Native American",2,0,0
10/15/2020,Portsmouth,"Native American",4,2,0
10/15/2020,Richmond,"Native American",3,0,0
10/15/2020,Chickahominy,"Native American",6,1,0
10/15/2020,"Thomas Jefferson","Native American",4,0,0
10/15/2020,Arlington,"Native American",5,0,0
10/15/2020,"Virginia Beach","Native American",13,0,0
10/15/2020,Peninsula,"Native American",7,2,1
10/15/2020,Hampton,"Native American",4,0,1
10/15/2020,"West Piedmont","Native American",2,0,0
10/15/2020,"Cumberland Plateau, Lenowisco, and Mount Rogers","Native American",3,0,0
10/15/2020,Henrico,"Native American",11,0,0
10/15/2020,Norfolk,"Native American",9,1,1
10/15/2020,"Prince William","Native American",26,1,1
10/15/2020,"Central Virginia","Native American",6,0,0
10/15/2020,Chesterfield,"Native American",7,1,0
10/15/2020,Rappahannock,"Native American",6,0,0
10/15/2020,Loudoun,"Native American",6,0,0
10/15/2020,Alexandria,"Native American",4,0,0
10/15/2020,"Alleghany and Roanoke","Native American",4,0,0
10/15/2020,Crater,"Native American",6,1,1
10/15/2020,"Rappahannock Rapidan","Native American",1,0,0
10/15/2020,"Lord Fairfax","Native American",3,1,1
10/15/2020,"Pittsylvania-Danville and Southside","Native American",0,0,0
10/16/2020,"Rappahannock Rapidan","Not Reported",676,12,6
10/16/2020,Portsmouth,"Other Race",57,8,4
10/16/2020,"Western Tidewater","Two or more races",84,0,0
10/16/2020,Piedmont,White,710,57,27
10/16/2020,Chesterfield,Latino,1963,112,7
10/16/2020,Lenowisco,White,976,88,18
10/16/2020,Lenowisco,"Two or more races",8,1,0
10/16/2020,Hampton,"Not Reported",621,2,1
10/16/2020,Southside,"Not Reported",682,11,5
10/16/2020,Roanoke,Black,492,34,7
10/16/2020,Hampton,Black,910,56,20
10/16/2020,Alleghany,"Other Race",13,1,0
10/16/2020,Lenowisco,Latino,19,0,0
10/16/2020,Loudoun,"Other Race",248,18,2
10/16/2020,"Central Shenandoah",Latino,1195,60,6
10/16/2020,"Rappahannock Rapidan",Latino,858,63,7
10/16/2020,"Eastern Shore",Black,865,100,29
10/16/2020,Norfolk,Latino,367,27,0
10/16/2020,Hampton,"Two or more races",16,0,0
10/16/2020,Richmond,Black,1767,261,34
10/16/2020,Henrico,"Two or more races",65,5,1
10/16/2020,Fairfax,"Two or more races",128,5,0
10/16/2020,Alleghany,"Not Reported",615,3,0
10/16/2020,Portsmouth,"Not Reported",579,6,1
10/16/2020,"Cumberland Plateau","Other Race",4,1,0
10/16/2020,Southside,"Two or more races",31,0,0
10/16/2020,Portsmouth,White,378,46,11
10/16/2020,"Rappahannock Rapidan","Two or more races",39,3,0
10/16/2020,Fairfax,White,4676,524,315
10/16/2020,Fairfax,"Other Race",888,87,19
10/16/2020,Crater,"Two or more races",13,0,0
10/16/2020,"West Piedmont","Not Reported",548,24,3
10/16/2020,Henrico,"Other Race",191,16,0
10/16/2020,"Three Rivers",White,862,58,20
10/16/2020,"Central Virginia",Black,400,38,15
10/16/2020,Lenowisco,"Other Race",10,0,0
10/16/2020,"Three Rivers","Other Race",22,3,0
10/16/2020,"Western Tidewater",White,1150,73,69
10/16/2020,"Mount Rogers",Black,77,9,3
10/16/2020,"Three Rivers","Not Reported",287,4,1
10/16/2020,"Thomas Jefferson",Black,570,70,18
10/16/2020,"Eastern Shore",White,280,30,18
10/16/2020,"Central Virginia",White,1644,92,30
10/16/2020,Lenowisco,Black,11,1,1
10/16/2020,"Central Virginia","Two or more races",19,0,0
10/16/2020,Richmond,"Two or more races",44,2,1
10/16/2020,Crater,"Not Reported",1071,9,6
10/16/2020,Chesterfield,"Two or more races",51,6,0
10/16/2020,"New River",Latino,200,5,0
10/16/2020,Richmond,Latino,1389,115,8
10/16/2020,Portsmouth,Latino,79,11,1
10/16/2020,Pittsylvania-Danville,"Not Reported",810,12,1
10/16/2020,Chesapeake,"Not Reported",638,4,0
10/16/2020,Chickahominy,Latino,104,5,0
10/16/2020,Crater,Black,2310,208,67
10/16/2020,Chesterfield,Black,1412,136,32
10/16/2020,Chesterfield,"Other Race",154,11,0
10/16/2020,Peninsula,Black,1288,85,27
10/16/2020,Roanoke,White,546,21,25
10/16/2020,"New River",Black,229,5,1
10/16/2020,Southside,Latino,9,0,0
10/16/2020,Peninsula,Latino,405,23,2
10/16/2020,Rappahannock,"Two or more races",44,3,0
10/16/2020,"Virginia Beach",Black,1835,138,29
10/16/2020,"Mount Rogers","Not Reported",170,8,4
10/16/2020,Loudoun,"Not Reported",1982,5,0
10/16/2020,Chesapeake,"Other Race",59,6,1
10/16/2020,Chickahominy,"Two or more races",7,1,0
10/16/2020,Crater,"Other Race",61,0,0
10/16/2020,Norfolk,"Two or more races",59,2,0
10/16/2020,"Eastern Shore","Two or more races",1,1,0
10/16/2020,"Central Shenandoah",White,3785,207,62
10/16/2020,"New River","Other Race",19,0,0
10/16/2020,"New River",White,2343,50,27
10/16/2020,"Central Shenandoah","Other Race",93,2,0
10/16/2020,"West Piedmont",Black,538,94,18
10/16/2020,Alleghany,Latino,173,13,0
10/16/2020,"Central Shenandoah","Not Reported",902,3,1
10/16/2020,Roanoke,"Two or more races",15,2,0
10/16/2020,Peninsula,"Two or more races",58,3,1
10/16/2020,Richmond,"Not Reported",711,1,1
10/16/2020,Arlington,"Other Race",102,10,4
10/16/2020,Norfolk,"Not Reported",1015,3,1
10/16/2020,Alexandria,"Other Race",91,9,2
10/16/2020,"Virginia Beach",White,2715,195,60
10/16/2020,Chesapeake,"Two or more races",56,4,1
10/16/2020,Alleghany,White,1152,73,27
10/16/2020,"Rappahannock Rapidan","Other Race",39,3,0
10/16/2020,Chickahominy,"Not Reported",492,3,1
10/16/2020,Portsmouth,Black,1572,214,47
10/16/2020,Chickahominy,"Other Race",21,2,0
10/16/2020,"Virginia Beach",Latino,485,29,4
10/16/2020,Chesapeake,White,1601,154,32
10/16/2020,Southside,Black,560,46,20
10/16/2020,Rappahannock,Latino,1417,113,9
10/16/2020,"Three Rivers","Two or more races",11,0,0
10/16/2020,Pittsylvania-Danville,Black,717,86,19
10/16/2020,"Lord Fairfax","Two or more races",23,0,0
10/16/2020,"Prince William",Latino,6839,673,79
10/16/2020,"Mount Rogers","Other Race",11,2,2
10/16/2020,"Central Shenandoah",Black,270,14,4
10/16/2020,Peninsula,White,1198,88,51
10/16/2020,"Eastern Shore","Not Reported",80,0,0
10/16/2020,"Thomas Jefferson","Other Race",177,5,1
10/16/2020,Hampton,"Other Race",62,2,1
10/16/2020,"Lord Fairfax","Not Reported",399,6,6
10/16/2020,"Central Virginia","Other Race",26,1,0
10/16/2020,"Western Tidewater","Other Race",92,1,2
10/16/2020,Crater,Latino,220,10,4
10/16/2020,Chesapeake,Latino,358,28,2
10/16/2020,Chesterfield,White,2000,161,82
10/16/2020,"Western Tidewater","Not Reported",1055,6,1
10/16/2020,Fairfax,"Not Reported",2598,43,32
10/16/2020,Arlington,Black,434,87,35
10/16/2020,"Central Virginia",Latino,86,6,3
10/16/2020,Alexandria,"Not Reported",266,5,1
10/16/2020,"Three Rivers",Black,743,59,11
10/16/2020,"Prince William","Two or more races",108,1,0
10/16/2020,Loudoun,"Two or more races",60,2,0
10/16/2020,Peninsula,"Other Race",176,3,0
10/16/2020,"Thomas Jefferson",White,2106,93,52
10/16/2020,Norfolk,"Other Race",94,5,2
10/16/2020,"Prince William","Not Reported",4400,31,0
10/16/2020,"West Piedmont",White,1183,140,60
10/16/2020,Rappahannock,Black,954,103,16
10/16/2020,Norfolk,Black,2527,277,55
10/16/2020,Roanoke,Latino,418,24,0
10/16/2020,Piedmont,Latino,76,8,2
10/16/2020,Roanoke,"Not Reported",765,2,0
10/16/2020,"Virginia Beach","Other Race",126,3,0
10/16/2020,Arlington,"Two or more races",46,4,0
10/16/2020,Alexandria,White,815,60,38
10/16/2020,"Lord Fairfax","Other Race",85,6,1
10/16/2020,"Thomas Jefferson","Not Reported",362,3,0
10/16/2020,"Virginia Beach","Not Reported",1918,14,3
10/16/2020,Loudoun,Black,348,35,7
10/16/2020,Pittsylvania-Danville,Latino,75,3,0
10/16/2020,"Cumberland Plateau","Not Reported",91,4,0
10/16/2020,Chesterfield,"Not Reported",1419,5,8
10/16/2020,"Mount Rogers",White,2722,261,125
10/16/2020,Richmond,White,896,47,16
10/16/2020,Lenowisco,"Not Reported",141,4,4
10/16/2020,"Three Rivers",Latino,193,6,1
10/16/2020,Piedmont,"Not Reported",885,11,2
10/16/2020,"Mount Rogers",Latino,305,7,0
10/16/2020,"Central Shenandoah","Two or more races",49,1,0
10/16/2020,Crater,White,983,58,29
10/16/2020,Arlington,White,1305,140,74
10/16/2020,Pittsylvania-Danville,"Other Race",4,0,0
10/16/2020,Chickahominy,Black,388,54,12
10/16/2020,Fairfax,Black,1859,254,66
10/16/2020,"Eastern Shore",Latino,267,11,3
10/16/2020,Norfolk,White,1002,70,22
10/16/2020,"Mount Rogers","Two or more races",9,1,0
10/16/2020,Alleghany,"Two or more races",14,0,0
10/16/2020,Southside,White,390,31,20
10/16/2020,"Thomas Jefferson","Two or more races",83,1,0
10/16/2020,"Prince William",Black,1618,179,56
10/16/2020,"Lord Fairfax",White,2084,211,98
10/16/2020,"Cumberland Plateau",Latino,16,0,0
10/16/2020,Arlington,"Not Reported",406,3,0
10/16/2020,Rappahannock,"Other Race",139,4,0
10/16/2020,"Rappahannock Rapidan",Black,267,36,12
10/16/2020,"New River","Two or more races",49,0,0
10/16/2020,Arlington,Latino,1803,249,27
10/16/2020,Henrico,White,1680,152,111
10/16/2020,Loudoun,White,1849,126,92
10/16/2020,Hampton,White,318,14,6
10/16/2020,Alleghany,Black,156,7,3
10/16/2020,"Prince William",White,1933,186,95
10/16/2020,Rappahannock,White,1665,159,52
10/16/2020,Southside,"Other Race",14,1,1
10/16/2020,Portsmouth,"Two or more races",22,6,0
10/16/2020,"Western Tidewater",Black,1938,135,64
10/16/2020,Hampton,Latino,69,4,0
10/16/2020,Henrico,"Not Reported",900,2,4
10/16/2020,"West Piedmont","Two or more races",7,0,0
10/16/2020,Peninsula,"Not Reported",1633,3,0
10/16/2020,Loudoun,Latino,2475,219,16
10/16/2020,Alexandria,Black,854,101,20
10/16/2020,Piedmont,Black,626,67,20
10/16/2020,Roanoke,"Other Race",27,1,0
10/16/2020,Alexandria,"Two or more races",27,2,0
10/16/2020,"Western Tidewater",Latino,48,1,2
10/16/2020,Rappahannock,"Not Reported",1464,25,0
10/16/2020,"West Piedmont","Other Race",12,2,1
10/16/2020,Chickahominy,White,1131,109,42
10/16/2020,"Thomas Jefferson",Latino,726,32,3
10/16/2020,"Cumberland Plateau",Black,51,0,0
10/16/2020,"Lord Fairfax",Latino,828,56,9
10/16/2020,"West Piedmont",Latino,276,11,1
10/16/2020,"Cumberland Plateau",White,958,68,13
10/16/2020,"Eastern Shore","Other Race",13,1,0
10/16/2020,"Cumberland Plateau","Two or more races",9,0,0
10/16/2020,Pittsylvania-Danville,"Two or more races",2,0,0
10/16/2020,Piedmont,"Other Race",13,0,0
10/16/2020,Alexandria,Latino,1881,135,12
10/16/2020,Chesapeake,Black,1876,249,33
10/16/2020,Richmond,"Other Race",167,8,2
10/16/2020,Henrico,Latino,923,59,10
10/16/2020,Piedmont,"Two or more races",5,2,0
10/16/2020,"Prince William","Other Race",516,20,0
10/16/2020,"New River","Not Reported",919,10,0
10/16/2020,"Rappahannock Rapidan",White,955,65,28
10/16/2020,"Central Virginia","Not Reported",2004,24,6
10/16/2020,"Virginia Beach","Two or more races",73,5,1
10/16/2020,Pittsylvania-Danville,White,665,70,29
10/16/2020,"Lord Fairfax",Black,154,22,6
10/16/2020,Fairfax,Latino,10520,1043,103
10/16/2020,Chesterfield,"Asian or Pacific Islander",108,4,1
10/16/2020,Crater,"Asian or Pacific Islander",25,0,0
10/16/2020,Fairfax,"Asian or Pacific Islander",1977,276,78
10/16/2020,Hampton,"Asian or Pacific Islander",18,0,0
10/16/2020,"Rappahannock Rapidan","Asian or Pacific Islander",11,1,0
10/16/2020,"Mount Rogers","Asian or Pacific Islander",7,1,0
10/16/2020,"New River","Asian or Pacific Islander",99,0,0
10/16/2020,"Central Virginia","Asian or Pacific Islander",27,1,0
10/16/2020,"Lord Fairfax","Asian or Pacific Islander",18,1,0
10/16/2020,Southside,"Asian or Pacific Islander",1,0,0
10/16/2020,Alleghany,"Asian or Pacific Islander",27,0,0
10/16/2020,Portsmouth,"Asian or Pacific Islander",22,2,0
10/16/2020,Roanoke,"Asian or Pacific Islander",32,2,0
10/16/2020,Richmond,"Asian or Pacific Islander",50,4,1
10/16/2020,"Thomas Jefferson","Asian or Pacific Islander",86,1,1
10/16/2020,"Virginia Beach","Asian or Pacific Islander",308,31,6
10/16/2020,Henrico,"Asian or Pacific Islander",241,12,4
10/16/2020,Piedmont,"Asian or Pacific Islander",9,0,1
10/16/2020,"Western Tidewater","Asian or Pacific Islander",21,2,3
10/16/2020,"West Piedmont","Asian or Pacific Islander",12,2,1
10/16/2020,Chickahominy,"Asian or Pacific Islander",16,1,0
10/16/2020,Peninsula,"Asian or Pacific Islander",56,4,7
10/16/2020,Norfolk,"Asian or Pacific Islander",72,8,0
10/16/2020,Arlington,"Asian or Pacific Islander",217,25,13
10/16/2020,Loudoun,"Asian or Pacific Islander",486,58,12
10/16/2020,Alexandria,"Asian or Pacific Islander",148,11,1
10/16/2020,Rappahannock,"Asian or Pacific Islander",94,11,2
10/16/2020,Chesapeake,"Asian or Pacific Islander",91,12,6
10/16/2020,"Cumberland Plateau and Lenowisco","Asian or Pacific Islander",2,0,0
10/16/2020,"Central Shenandoah","Asian or Pacific Islander",76,2,0
10/16/2020,"Prince William","Asian or Pacific Islander",646,60,19
10/16/2020,Pittsylvania-Danville,"Asian or Pacific Islander",4,0,0
10/16/2020,"Eastern Shore and Three Rivers","Asian or Pacific Islander",13,1,0
10/16/2020,Piedmont,"Native American",4,0,0
10/16/2020,"New River","Native American",2,0,0
10/16/2020,"Central Shenandoah","Native American",3,1,0
10/16/2020,"Eastern Shore and Three Rivers","Native American",1,0,0
10/16/2020,Fairfax,"Native American",35,1,1
10/16/2020,Chesapeake,"Native American",13,0,0
10/16/2020,"Western Tidewater","Native American",2,0,0
10/16/2020,Portsmouth,"Native American",4,2,0
10/16/2020,Richmond,"Native American",3,0,0
10/16/2020,Chickahominy,"Native American",6,1,0
10/16/2020,"Thomas Jefferson","Native American",4,0,0
10/16/2020,Arlington,"Native American",5,0,0
10/16/2020,"Virginia Beach","Native American",13,0,0
10/16/2020,Peninsula,"Native American",7,2,1
10/16/2020,Hampton,"Native American",4,0,1
10/16/2020,"West Piedmont","Native American",2,0,0
10/16/2020,"Cumberland Plateau, Lenowisco, and Mount Rogers","Native American",3,0,0
10/16/2020,Henrico,"Native American",11,0,0
10/16/2020,Norfolk,"Native American",9,1,1
10/16/2020,"Prince William","Native American",26,1,1
10/16/2020,"Central Virginia","Native American",7,0,0
10/16/2020,Chesterfield,"Native American",7,1,0
10/16/2020,Rappahannock,"Native American",6,0,0
10/16/2020,Loudoun,"Native American",6,0,0
10/16/2020,Alexandria,"Native American",4,0,0
10/16/2020,"Alleghany and Roanoke","Native American",4,0,0
10/16/2020,Crater,"Native American",6,1,1
10/16/2020,"Rappahannock Rapidan","Native American",1,0,0
10/16/2020,"Lord Fairfax","Native American",4,1,1
10/16/2020,"Pittsylvania-Danville and Southside","Native American",0,0,0
10/17/2020,"Rappahannock Rapidan","Not Reported",679,12,6
10/17/2020,Portsmouth,"Other Race",59,8,4
10/17/2020,"Western Tidewater","Two or more races",84,0,0
10/17/2020,Piedmont,White,724,59,28
10/17/2020,Chesterfield,Latino,1973,114,7
10/17/2020,Lenowisco,White,998,89,18
10/17/2020,Lenowisco,"Two or more races",9,1,0
10/17/2020,Hampton,"Not Reported",620,2,1
10/17/2020,Southside,"Not Reported",684,11,5
10/17/2020,Roanoke,Black,501,35,7
10/17/2020,Hampton,Black,918,64,20
10/17/2020,Alleghany,"Other Race",13,1,0
10/17/2020,Lenowisco,Latino,20,0,0
10/17/2020,Loudoun,"Other Race",253,18,2
10/17/2020,"Central Shenandoah",Latino,1198,60,6
10/17/2020,"Rappahannock Rapidan",Latino,863,64,7
10/17/2020,"Eastern Shore",Black,865,100,29
10/17/2020,Norfolk,Latino,371,27,0
10/17/2020,Hampton,"Two or more races",16,0,0
10/17/2020,Richmond,Black,1773,262,34
10/17/2020,Henrico,"Two or more races",65,5,1
10/17/2020,Fairfax,"Two or more races",129,5,0
10/17/2020,Alleghany,"Not Reported",614,3,0
10/17/2020,Portsmouth,"Not Reported",577,6,1
10/17/2020,"Cumberland Plateau","Other Race",4,1,0
10/17/2020,Southside,"Two or more races",31,0,0
10/17/2020,Portsmouth,White,377,45,11
10/17/2020,"Rappahannock Rapidan","Two or more races",39,3,0
10/17/2020,Fairfax,White,4705,524,317
10/17/2020,Fairfax,"Other Race",886,87,19
10/17/2020,Crater,"Two or more races",13,0,0
10/17/2020,"West Piedmont","Not Reported",570,24,3
10/17/2020,Henrico,"Other Race",193,16,0
10/17/2020,"Three Rivers",White,862,58,21
10/17/2020,"Central Virginia",Black,415,38,15
10/17/2020,Lenowisco,"Other Race",10,0,0
10/17/2020,"Three Rivers","Other Race",22,3,0
10/17/2020,"Western Tidewater",White,1154,73,69
10/17/2020,"Mount Rogers",Black,77,9,3
10/17/2020,"Three Rivers","Not Reported",290,4,1
10/17/2020,"Thomas Jefferson",Black,575,70,18
10/17/2020,"Eastern Shore",White,282,30,18
10/17/2020,"Central Virginia",White,1696,93,30
10/17/2020,Lenowisco,Black,11,1,1
10/17/2020,"Central Virginia","Two or more races",19,0,0
10/17/2020,Richmond,"Two or more races",45,2,1
10/17/2020,Crater,"Not Reported",1077,10,6
10/17/2020,Chesterfield,"Two or more races",51,6,0
10/17/2020,"New River",Latino,205,5,0
10/17/2020,Richmond,Latino,1390,115,8
10/17/2020,Portsmouth,Latino,79,11,1
10/17/2020,Pittsylvania-Danville,"Not Reported",812,12,1
10/17/2020,Chesapeake,"Not Reported",631,4,0
10/17/2020,Chickahominy,Latino,103,5,0
10/17/2020,Crater,Black,2337,211,68
10/17/2020,Chesterfield,Black,1427,136,32
10/17/2020,Chesterfield,"Other Race",157,11,0
10/17/2020,Peninsula,Black,1295,86,27
10/17/2020,Roanoke,White,560,21,25
10/17/2020,"New River",Black,235,5,1
10/17/2020,Southside,Latino,9,0,0
10/17/2020,Peninsula,Latino,407,23,2
10/17/2020,Rappahannock,"Two or more races",44,3,0
10/17/2020,"Virginia Beach",Black,1839,139,29
10/17/2020,"Mount Rogers","Not Reported",181,8,4
10/17/2020,Loudoun,"Not Reported",1998,6,0
10/17/2020,Chesapeake,"Other Race",58,6,1
10/17/2020,Chickahominy,"Two or more races",7,1,0
10/17/2020,Crater,"Other Race",62,0,0
10/17/2020,Norfolk,"Two or more races",59,2,0
10/17/2020,"Eastern Shore","Two or more races",1,1,0
10/17/2020,"Central Shenandoah",White,3812,208,63
10/17/2020,"New River","Other Race",19,0,0
10/17/2020,"New River",White,2372,51,27
10/17/2020,"Central Shenandoah","Other Race",92,2,0
10/17/2020,"West Piedmont",Black,539,94,18
10/17/2020,Alleghany,Latino,174,13,0
10/17/2020,"Central Shenandoah","Not Reported",904,3,1
10/17/2020,Roanoke,"Two or more races",15,2,0
10/17/2020,Peninsula,"Two or more races",59,4,1
10/17/2020,Richmond,"Not Reported",714,1,1
10/17/2020,Arlington,"Other Race",103,10,4
10/17/2020,Norfolk,"Not Reported",1020,3,1
10/17/2020,Alexandria,"Other Race",92,9,2
10/17/2020,"Virginia Beach",White,2732,196,60
10/17/2020,Chesapeake,"Two or more races",56,4,1
10/17/2020,Alleghany,White,1175,75,27
10/17/2020,"Rappahannock Rapidan","Other Race",38,3,0
10/17/2020,Chickahominy,"Not Reported",497,3,1
10/17/2020,Portsmouth,Black,1575,214,47
10/17/2020,Chickahominy,"Other Race",21,2,0
10/17/2020,"Virginia Beach",Latino,489,29,4
10/17/2020,Chesapeake,White,1619,154,32
10/17/2020,Southside,Black,563,46,20
10/17/2020,Rappahannock,Latino,1421,113,9
10/17/2020,"Three Rivers","Two or more races",11,0,0
10/17/2020,Henrico,Black,1907,222,92
10/17/2020,Pittsylvania-Danville,Black,726,87,19
10/17/2020,"Lord Fairfax","Two or more races",23,0,0
10/17/2020,"Prince William",Latino,6853,676,79
10/17/2020,"Mount Rogers","Other Race",12,2,2
10/17/2020,"Central Shenandoah",Black,270,14,4
10/17/2020,Peninsula,White,1216,88,51
10/17/2020,"Eastern Shore","Not Reported",81,0,0
10/17/2020,"Thomas Jefferson","Other Race",175,5,1
10/17/2020,Hampton,"Other Race",61,2,1
10/17/2020,"Lord Fairfax","Not Reported",408,6,6
10/17/2020,"Central Virginia","Other Race",28,1,0
10/17/2020,"Western Tidewater","Other Race",92,1,2
10/17/2020,Crater,Latino,224,10,4
10/17/2020,Chesapeake,Latino,362,28,2
10/17/2020,Chesterfield,White,2040,162,82
10/17/2020,"Western Tidewater","Not Reported",1058,6,1
10/17/2020,Fairfax,"Not Reported",2597,43,32
10/17/2020,Arlington,Black,439,86,35
10/17/2020,"Central Virginia",Latino,88,6,3
10/17/2020,Alexandria,"Not Reported",268,5,1
10/17/2020,"Three Rivers",Black,749,59,12
10/17/2020,"Prince William","Two or more races",110,1,0
10/17/2020,Loudoun,"Two or more races",59,2,0
10/17/2020,Peninsula,"Other Race",177,3,0
10/17/2020,"Thomas Jefferson",White,2121,94,52
10/17/2020,Norfolk,"Other Race",95,5,2
10/17/2020,"Prince William","Not Reported",4413,31,0
10/17/2020,"West Piedmont",White,1205,141,60
10/17/2020,Rappahannock,Black,961,104,17
10/17/2020,Norfolk,Black,2536,278,56
10/17/2020,Roanoke,Latino,419,24,0
10/17/2020,Piedmont,Latino,76,8,2
10/17/2020,Roanoke,"Not Reported",772,2,0
10/17/2020,"Virginia Beach","Other Race",126,3,0
10/17/2020,Arlington,"Two or more races",47,4,0
10/17/2020,Alexandria,White,822,60,38
10/17/2020,"Lord Fairfax","Other Race",84,6,1
10/17/2020,"Thomas Jefferson","Not Reported",367,3,0
10/17/2020,"Virginia Beach","Not Reported",1929,14,2
10/17/2020,Loudoun,Black,350,35,7
10/17/2020,Pittsylvania-Danville,Latino,77,4,0
10/17/2020,"Cumberland Plateau","Not Reported",102,4,0
10/17/2020,Chesterfield,"Not Reported",1459,5,8
10/17/2020,"Mount Rogers",White,2756,261,128
10/17/2020,Richmond,White,909,47,16
10/17/2020,Lenowisco,"Not Reported",145,4,4
10/17/2020,"Three Rivers",Latino,193,6,1
10/17/2020,Piedmont,"Not Reported",886,11,2
10/17/2020,"Mount Rogers",Latino,304,7,0
10/17/2020,"Central Shenandoah","Two or more races",50,1,0
10/17/2020,Crater,White,999,58,29
10/17/2020,Arlington,White,1310,140,73
10/17/2020,Pittsylvania-Danville,"Other Race",4,0,0
10/17/2020,Chickahominy,Black,391,54,12
10/17/2020,Fairfax,Black,1861,254,66
10/17/2020,"Eastern Shore",Latino,267,11,3
10/17/2020,Norfolk,White,1007,70,22
10/17/2020,"Mount Rogers","Two or more races",9,1,0
10/17/2020,Alleghany,"Two or more races",15,0,0
10/17/2020,Southside,White,394,31,20
10/17/2020,"Thomas Jefferson","Two or more races",83,1,0
10/17/2020,"Prince William",Black,1621,179,56
10/17/2020,"Lord Fairfax",White,2100,212,98
10/17/2020,"Cumberland Plateau",Latino,16,0,0
10/17/2020,Arlington,"Not Reported",407,3,0
10/17/2020,Rappahannock,"Other Race",138,4,0
10/17/2020,"Rappahannock Rapidan",Black,271,36,12
10/17/2020,"New River","Two or more races",51,0,0
10/17/2020,Arlington,Latino,1815,250,27
10/17/2020,Henrico,White,1700,155,111
10/17/2020,Loudoun,White,1868,126,92
10/17/2020,Hampton,White,318,14,6
10/17/2020,Alleghany,Black,156,7,3
10/17/2020,"Prince William",White,1945,186,96
10/17/2020,Rappahannock,White,1676,160,52
10/17/2020,Southside,"Other Race",14,1,1
10/17/2020,Portsmouth,"Two or more races",22,6,0
10/17/2020,"Western Tidewater",Black,1943,136,65
10/17/2020,Hampton,Latino,70,4,0
10/17/2020,Henrico,"Not Reported",897,2,4
10/17/2020,"West Piedmont","Two or more races",7,0,0
10/17/2020,Peninsula,"Not Reported",1633,3,0
10/17/2020,Loudoun,Latino,2481,221,16
10/17/2020,Alexandria,Black,856,101,20
10/17/2020,Piedmont,Black,634,67,20
10/17/2020,Roanoke,"Other Race",29,1,0
10/17/2020,Alexandria,"Two or more races",27,2,0
10/17/2020,"Western Tidewater",Latino,51,1,2
10/17/2020,Rappahannock,"Not Reported",1462,25,0
10/17/2020,"West Piedmont","Other Race",11,1,1
10/17/2020,Chickahominy,White,1143,109,42
10/17/2020,"Thomas Jefferson",Latino,729,33,3
10/17/2020,"Cumberland Plateau",Black,51,0,0
10/17/2020,"Lord Fairfax",Latino,832,56,9
10/17/2020,"West Piedmont",Latino,278,12,1
10/17/2020,"Cumberland Plateau",White,974,68,13
10/17/2020,"Eastern Shore","Other Race",13,1,0
10/17/2020,"Cumberland Plateau","Two or more races",9,0,0
10/17/2020,Pittsylvania-Danville,"Two or more races",3,0,0
10/17/2020,Piedmont,"Other Race",13,0,0
10/17/2020,Alexandria,Latino,1887,135,12
10/17/2020,Chesapeake,Black,1885,251,34
10/17/2020,Richmond,"Other Race",170,9,2
10/17/2020,Henrico,Latino,923,59,10
10/17/2020,Piedmont,"Two or more races",5,2,0
10/17/2020,"Prince William","Other Race",515,20,0
10/17/2020,"New River","Not Reported",928,10,0
10/17/2020,"Rappahannock Rapidan",White,959,65,28
10/17/2020,"Central Virginia","Not Reported",1986,24,6
10/17/2020,"Virginia Beach","Two or more races",76,5,1
10/17/2020,Pittsylvania-Danville,White,682,70,30
10/17/2020,"Lord Fairfax",Black,155,22,6
10/17/2020,Fairfax,Latino,10554,1041,103
10/17/2020,Chesterfield,"Asian or Pacific Islander",108,4,1
10/17/2020,Crater,"Asian or Pacific Islander",27,0,0
10/17/2020,Fairfax,"Asian or Pacific Islander",1989,276,78
10/17/2020,Hampton,"Asian or Pacific Islander",18,0,0
10/17/2020,"Rappahannock Rapidan","Asian or Pacific Islander",11,1,0
10/17/2020,"Mount Rogers","Asian or Pacific Islander",7,1,0
10/17/2020,"New River","Asian or Pacific Islander",105,0,0
10/17/2020,"Central Virginia","Asian or Pacific Islander",27,1,0
10/17/2020,"Lord Fairfax","Asian or Pacific Islander",18,1,0
10/17/2020,Southside,"Asian or Pacific Islander",1,0,0
10/17/2020,Alleghany,"Asian or Pacific Islander",27,0,0
10/17/2020,Portsmouth,"Asian or Pacific Islander",22,2,0
10/17/2020,Roanoke,"Asian or Pacific Islander",35,2,0
10/17/2020,Richmond,"Asian or Pacific Islander",52,4,1
10/17/2020,"Thomas Jefferson","Asian or Pacific Islander",88,1,1
10/17/2020,"Virginia Beach","Asian or Pacific Islander",309,31,6
10/17/2020,Henrico,"Asian or Pacific Islander",242,12,4
10/17/2020,Piedmont,"Asian or Pacific Islander",9,0,1
10/17/2020,"Western Tidewater","Asian or Pacific Islander",21,2,3
10/17/2020,"West Piedmont","Asian or Pacific Islander",12,2,1
10/17/2020,Chickahominy,"Asian or Pacific Islander",16,1,0
10/17/2020,Peninsula,"Asian or Pacific Islander",57,4,7
10/17/2020,Norfolk,"Asian or Pacific Islander",72,9,0
10/17/2020,Arlington,"Asian or Pacific Islander",218,25,13
10/17/2020,Loudoun,"Asian or Pacific Islander",490,58,12
10/17/2020,Alexandria,"Asian or Pacific Islander",148,11,1
10/17/2020,Rappahannock,"Asian or Pacific Islander",94,11,2
10/17/2020,Chesapeake,"Asian or Pacific Islander",90,12,6
10/17/2020,"Cumberland Plateau and Lenowisco","Asian or Pacific Islander",2,0,0
10/17/2020,"Central Shenandoah","Asian or Pacific Islander",79,2,0
10/17/2020,"Prince William","Asian or Pacific Islander",648,60,19
10/17/2020,Pittsylvania-Danville,"Asian or Pacific Islander",4,0,0
10/17/2020,"Eastern Shore and Three Rivers","Asian or Pacific Islander",13,1,0
10/17/2020,Piedmont,"Native American",4,0,0
10/17/2020,"New River","Native American",2,0,0
10/17/2020,"Central Shenandoah","Native American",3,1,0
10/17/2020,"Eastern Shore and Three Rivers","Native American",1,0,0
10/17/2020,Fairfax,"Native American",35,1,1
10/17/2020,Chesapeake,"Native American",13,0,0
10/17/2020,"Western Tidewater","Native American",2,0,0
10/17/2020,Portsmouth,"Native American",4,2,0
10/17/2020,Richmond,"Native American",4,0,0
10/17/2020,Chickahominy,"Native American",6,1,0
10/17/2020,"Thomas Jefferson","Native American",4,0,0
10/17/2020,Arlington,"Native American",6,0,0
10/17/2020,"Virginia Beach","Native American",13,0,0
10/17/2020,Peninsula,"Native American",7,2,1
10/17/2020,Hampton,"Native American",4,0,1
10/17/2020,"West Piedmont","Native American",2,0,0
10/17/2020,"Cumberland Plateau, Lenowisco, and Mount Rogers","Native American",3,0,0
10/17/2020,Henrico,"Native American",11,0,0
10/17/2020,Norfolk,"Native American",9,1,1
10/17/2020,"Prince William","Native American",26,1,1
10/17/2020,"Central Virginia","Native American",7,0,0
10/17/2020,Chesterfield,"Native American",8,1,0
10/17/2020,Rappahannock,"Native American",6,0,0
10/17/2020,Loudoun,"Native American",6,0,0
10/17/2020,Alexandria,"Native American",4,0,0
10/17/2020,"Alleghany and Roanoke","Native American",5,0,0
10/17/2020,Crater,"Native American",6,1,1
10/17/2020,"Rappahannock Rapidan","Native American",1,0,0
10/17/2020,"Lord Fairfax","Native American",3,1,1
10/17/2020,"Pittsylvania-Danville and Southside","Native American",0,0,0
10/18/2020,"Rappahannock Rapidan","Not Reported",682,12,6
10/18/2020,Portsmouth,"Other Race",59,8,4
10/18/2020,"Western Tidewater","Two or more races",86,0,0
10/18/2020,Piedmont,White,729,59,28
10/18/2020,Chesterfield,Latino,1976,114,7
10/18/2020,Lenowisco,White,1028,90,18
10/18/2020,Lenowisco,"Two or more races",12,1,0
10/18/2020,Hampton,"Not Reported",625,2,1
10/18/2020,Southside,"Not Reported",686,11,5
10/18/2020,Roanoke,Black,507,35,7
10/18/2020,Hampton,Black,918,64,20
10/18/2020,Alleghany,"Other Race",14,1,0
10/18/2020,Lenowisco,Latino,20,0,0
10/18/2020,Loudoun,"Other Race",264,18,2
10/18/2020,"Central Shenandoah",Latino,1202,60,6
10/18/2020,"Rappahannock Rapidan",Latino,864,64,7
10/18/2020,"Eastern Shore",Black,865,100,29
10/18/2020,Norfolk,Latino,372,27,0
10/18/2020,Hampton,"Two or more races",16,0,0
10/18/2020,Richmond,Black,1782,263,35
10/18/2020,Henrico,"Two or more races",65,5,1
10/18/2020,Fairfax,"Two or more races",132,5,0
10/18/2020,Alleghany,"Not Reported",625,3,0
10/18/2020,Portsmouth,"Not Reported",579,6,1
10/18/2020,"Cumberland Plateau","Other Race",4,1,0
10/18/2020,Southside,"Two or more races",31,0,0
10/18/2020,Portsmouth,White,377,45,11
10/18/2020,"Rappahannock Rapidan","Two or more races",39,3,0
10/18/2020,Fairfax,White,4723,526,318
10/18/2020,Fairfax,"Other Race",889,87,19
10/18/2020,Crater,"Two or more races",13,0,0
10/18/2020,"West Piedmont","Not Reported",564,24,3
10/18/2020,Henrico,"Other Race",192,16,0
10/18/2020,"Three Rivers",White,871,60,21
10/18/2020,"Central Virginia",Black,419,38,15
10/18/2020,Lenowisco,"Other Race",10,0,0
10/18/2020,"Three Rivers","Other Race",22,3,0
10/18/2020,"Western Tidewater",White,1162,74,69
10/18/2020,"Mount Rogers",Black,77,9,3
10/18/2020,"Three Rivers","Not Reported",292,4,1
10/18/2020,"Thomas Jefferson",Black,577,71,18
10/18/2020,"Eastern Shore",White,282,30,18
10/18/2020,"Central Virginia",White,1706,93,30
10/18/2020,Lenowisco,Black,11,1,1
10/18/2020,"Central Virginia","Two or more races",20,0,0
10/18/2020,Richmond,"Two or more races",47,2,1
10/18/2020,Crater,"Not Reported",1093,10,6
10/18/2020,Chesterfield,"Two or more races",51,6,0
10/18/2020,"New River",Latino,217,5,0
10/18/2020,Richmond,Latino,1396,115,8
10/18/2020,Portsmouth,Latino,79,11,1
10/18/2020,Pittsylvania-Danville,"Not Reported",828,12,1
10/18/2020,Chesapeake,"Not Reported",635,4,0
10/18/2020,Chickahominy,Latino,104,5,0
10/18/2020,Crater,Black,2355,211,70
10/18/2020,Chesterfield,Black,1433,136,32
10/18/2020,Chesterfield,"Other Race",157,11,0
10/18/2020,Peninsula,Black,1302,86,27
10/18/2020,Roanoke,White,563,22,25
10/18/2020,"New River",Black,243,5,1
10/18/2020,Southside,Latino,9,0,0
10/18/2020,Peninsula,Latino,409,23,2
10/18/2020,Rappahannock,"Two or more races",44,3,0
10/18/2020,"Virginia Beach",Black,1841,139,29
10/18/2020,"Mount Rogers","Not Reported",188,8,4
10/18/2020,Loudoun,"Not Reported",2010,6,0
10/18/2020,Chesapeake,"Other Race",57,6,1
10/18/2020,Chickahominy,"Two or more races",7,1,0
10/18/2020,Crater,"Other Race",62,0,0
10/18/2020,Norfolk,"Two or more races",59,2,0
10/18/2020,"Eastern Shore","Two or more races",1,1,0
10/18/2020,"Central Shenandoah",White,3823,208,64
10/18/2020,"New River","Other Race",18,0,0
10/18/2020,"New River",White,2390,51,27
10/18/2020,"Central Shenandoah","Other Race",92,2,0
10/18/2020,"West Piedmont",Black,544,94,18
10/18/2020,Alleghany,Latino,177,13,0
10/18/2020,"Central Shenandoah","Not Reported",923,3,1
10/18/2020,Roanoke,"Two or more races",15,2,0
10/18/2020,Peninsula,"Two or more races",57,4,1
10/18/2020,Richmond,"Not Reported",726,1,1
10/18/2020,Arlington,"Other Race",105,10,4
10/18/2020,Norfolk,"Not Reported",1023,3,1
10/18/2020,Alexandria,"Other Race",93,9,2
10/18/2020,"Virginia Beach",White,2743,196,60
10/18/2020,Chesapeake,"Two or more races",56,4,1
10/18/2020,Alleghany,White,1189,76,27
10/18/2020,"Rappahannock Rapidan","Other Race",38,3,0
10/18/2020,Chickahominy,"Not Reported",501,3,1
10/18/2020,Portsmouth,Black,1576,214,47
10/18/2020,Chickahominy,"Other Race",21,2,0
10/18/2020,"Virginia Beach",Latino,490,29,4
10/18/2020,Chesapeake,White,1625,154,33
10/18/2020,Southside,Black,567,47,20
10/18/2020,Rappahannock,Latino,1422,113,9
10/18/2020,"Three Rivers","Two or more races",11,0,0
10/18/2020,Henrico,Black,1914,222,92
10/18/2020,Pittsylvania-Danville,Black,731,89,21
10/18/2020,"Lord Fairfax","Two or more races",24,0,0
10/18/2020,"Prince William",Latino,6875,676,79
10/18/2020,"Mount Rogers","Other Race",12,2,2
10/18/2020,"Central Shenandoah",Black,271,14,4
10/18/2020,Peninsula,White,1224,88,51
10/18/2020,"Eastern Shore","Not Reported",80,0,0
10/18/2020,"Thomas Jefferson","Other Race",175,5,1
10/18/2020,Hampton,"Other Race",61,2,1
10/18/2020,"Lord Fairfax","Not Reported",407,6,6
10/18/2020,"Central Virginia","Other Race",28,1,0
10/18/2020,"Western Tidewater","Other Race",92,1,2
10/18/2020,Crater,Latino,225,10,4
10/18/2020,Chesapeake,Latino,362,28,2
10/18/2020,Chesterfield,White,2051,162,82
10/18/2020,"Western Tidewater","Not Reported",1071,6,1
10/18/2020,Fairfax,"Not Reported",2602,43,32
10/18/2020,Arlington,Black,440,86,35
10/18/2020,"Central Virginia",Latino,89,6,3
10/18/2020,Alexandria,"Not Reported",269,5,1
10/18/2020,"Three Rivers",Black,752,59,12
10/18/2020,"Prince William","Two or more races",111,1,0
10/18/2020,Loudoun,"Two or more races",59,2,0
10/18/2020,Peninsula,"Other Race",178,3,0
10/18/2020,"Thomas Jefferson",White,2131,96,52
10/18/2020,Norfolk,"Other Race",95,5,2
10/18/2020,"Prince William","Not Reported",4418,31,0
10/18/2020,"West Piedmont",White,1237,141,60
10/18/2020,Rappahannock,Black,964,104,17
10/18/2020,Norfolk,Black,2537,279,58
10/18/2020,Roanoke,Latino,419,24,0
10/18/2020,Piedmont,Latino,76,8,2
10/18/2020,Roanoke,"Not Reported",782,2,0
10/18/2020,"Virginia Beach","Other Race",126,3,0
10/18/2020,Arlington,"Two or more races",47,4,0
10/18/2020,Alexandria,White,826,60,38
10/18/2020,"Lord Fairfax","Other Race",85,6,1
10/18/2020,"Thomas Jefferson","Not Reported",365,3,0
10/18/2020,"Virginia Beach","Not Reported",1938,14,2
10/18/2020,Loudoun,Black,352,35,7
10/18/2020,Pittsylvania-Danville,Latino,77,4,0
10/18/2020,"Cumberland Plateau","Not Reported",102,4,0
10/18/2020,Chesterfield,"Not Reported",1461,5,8
10/18/2020,"Mount Rogers",White,2776,263,127
10/18/2020,Richmond,White,921,47,16
10/18/2020,Lenowisco,"Not Reported",146,4,4
10/18/2020,"Three Rivers",Latino,193,6,1
10/18/2020,Piedmont,"Not Reported",874,11,2
10/18/2020,"Mount Rogers",Latino,305,7,0
10/18/2020,"Central Shenandoah","Two or more races",50,1,0
10/18/2020,Crater,White,1010,58,29
10/18/2020,Arlington,White,1316,140,73
10/18/2020,Pittsylvania-Danville,"Other Race",4,0,0
10/18/2020,Chickahominy,Black,394,54,12
10/18/2020,Fairfax,Black,1872,254,66
10/18/2020,"Eastern Shore",Latino,267,11,3
10/18/2020,Norfolk,White,1012,70,22
10/18/2020,"Mount Rogers","Two or more races",9,1,0
10/18/2020,Alleghany,"Two or more races",15,0,0
10/18/2020,Southside,White,399,31,20
10/18/2020,"Thomas Jefferson","Two or more races",84,1,0
10/18/2020,"Prince William",Black,1632,179,56
10/18/2020,"Lord Fairfax",White,2114,213,98
10/18/2020,"Cumberland Plateau",Latino,16,0,0
10/18/2020,Arlington,"Not Reported",417,3,0
10/18/2020,Rappahannock,"Other Race",138,4,0
10/18/2020,"Rappahannock Rapidan",Black,273,36,12
10/18/2020,"New River","Two or more races",51,0,0
10/18/2020,Arlington,Latino,1823,250,27
10/18/2020,Henrico,White,1712,156,111
10/18/2020,Loudoun,White,1880,126,92
10/18/2020,Hampton,White,319,14,6
10/18/2020,Alleghany,Black,158,7,3
10/18/2020,"Prince William",White,1964,187,96
10/18/2020,Rappahannock,White,1684,161,52
10/18/2020,Southside,"Other Race",14,1,1
10/18/2020,Portsmouth,"Two or more races",23,6,0
10/18/2020,"Western Tidewater",Black,1950,136,65
10/18/2020,Hampton,Latino,72,4,0
10/18/2020,Henrico,"Not Reported",898,2,4
10/18/2020,"West Piedmont","Two or more races",8,0,0
10/18/2020,Peninsula,"Not Reported",1637,3,0
10/18/2020,Loudoun,Latino,2493,222,16
10/18/2020,Alexandria,Black,857,101,20
10/18/2020,Piedmont,Black,640,67,20
10/18/2020,Roanoke,"Other Race",29,1,0
10/18/2020,Alexandria,"Two or more races",28,2,0
10/18/2020,"Western Tidewater",Latino,52,1,2
10/18/2020,Rappahannock,"Not Reported",1457,25,0
10/18/2020,"West Piedmont","Other Race",11,1,1
10/18/2020,Chickahominy,White,1148,109,42
10/18/2020,"Thomas Jefferson",Latino,734,33,3
10/18/2020,"Cumberland Plateau",Black,51,0,0
10/18/2020,"Lord Fairfax",Latino,834,56,9
10/18/2020,"West Piedmont",Latino,280,12,1
10/18/2020,"Cumberland Plateau",White,994,70,13
10/18/2020,"Eastern Shore","Other Race",13,1,0
10/18/2020,"Cumberland Plateau","Two or more races",9,0,0
10/18/2020,Pittsylvania-Danville,"Two or more races",3,0,0
10/18/2020,Piedmont,"Other Race",13,0,0
10/18/2020,Alexandria,Latino,1890,135,12
10/18/2020,Chesapeake,Black,1892,251,35
10/18/2020,Richmond,"Other Race",169,9,2
10/18/2020,Henrico,Latino,928,59,10
10/18/2020,Piedmont,"Two or more races",5,2,0
10/18/2020,"Prince William","Other Race",520,20,0
10/18/2020,"New River","Not Reported",934,10,0
10/18/2020,"Rappahannock Rapidan",White,968,65,28
10/18/2020,"Central Virginia","Not Reported",1992,24,6
10/18/2020,"Virginia Beach","Two or more races",77,5,1
10/18/2020,Pittsylvania-Danville,White,694,70,31
10/18/2020,"Lord Fairfax",Black,156,23,6
10/18/2020,Fairfax,Latino,10593,1044,103
10/18/2020,Chesterfield,"Asian or Pacific Islander",108,4,1
10/18/2020,Crater,"Asian or Pacific Islander",27,0,0
10/18/2020,Fairfax,"Asian or Pacific Islander",2000,276,78
10/18/2020,Hampton,"Asian or Pacific Islander",18,0,0
10/18/2020,"Rappahannock Rapidan","Asian or Pacific Islander",11,1,0
10/18/2020,"Mount Rogers","Asian or Pacific Islander",7,1,0
10/18/2020,"New River","Asian or Pacific Islander",110,0,0
10/18/2020,"Central Virginia","Asian or Pacific Islander",27,1,0
10/18/2020,"Lord Fairfax","Asian or Pacific Islander",19,1,0
10/18/2020,Southside,"Asian or Pacific Islander",1,0,0
10/18/2020,Alleghany,"Asian or Pacific Islander",28,0,0
10/18/2020,Portsmouth,"Asian or Pacific Islander",22,2,0
10/18/2020,Roanoke,"Asian or Pacific Islander",35,2,0
10/18/2020,Richmond,"Asian or Pacific Islander",55,4,1
10/18/2020,"Thomas Jefferson","Asian or Pacific Islander",88,1,1
10/18/2020,"Virginia Beach","Asian or Pacific Islander",309,31,6
10/18/2020,Henrico,"Asian or Pacific Islander",242,12,4
10/18/2020,Piedmont,"Asian or Pacific Islander",10,0,1
10/18/2020,"Western Tidewater","Asian or Pacific Islander",21,2,3
10/18/2020,"West Piedmont","Asian or Pacific Islander",12,2,1
10/18/2020,Chickahominy,"Asian or Pacific Islander",17,1,0
10/18/2020,Peninsula,"Asian or Pacific Islander",57,4,7
10/18/2020,Norfolk,"Asian or Pacific Islander",72,9,0
10/18/2020,Arlington,"Asian or Pacific Islander",218,25,13
10/18/2020,Loudoun,"Asian or Pacific Islander",494,59,12
10/18/2020,Alexandria,"Asian or Pacific Islander",150,11,1
10/18/2020,Rappahannock,"Asian or Pacific Islander",95,11,2
10/18/2020,Chesapeake,"Asian or Pacific Islander",90,12,6
10/18/2020,"Cumberland Plateau and Lenowisco","Asian or Pacific Islander",2,0,0
10/18/2020,"Central Shenandoah","Asian or Pacific Islander",80,2,0
10/18/2020,"Prince William","Asian or Pacific Islander",651,60,19
10/18/2020,Pittsylvania-Danville,"Asian or Pacific Islander",4,0,0
10/18/2020,"Eastern Shore and Three Rivers","Asian or Pacific Islander",13,1,0
10/18/2020,Piedmont,"Native American",4,0,0
10/18/2020,"New River","Native American",2,0,0
10/18/2020,"Central Shenandoah","Native American",3,1,0
10/18/2020,"Eastern Shore and Three Rivers","Native American",1,0,0
10/18/2020,Fairfax,"Native American",35,1,1
10/18/2020,Chesapeake,"Native American",13,0,0
10/18/2020,"Western Tidewater","Native American",2,0,0
10/18/2020,Portsmouth,"Native American",4,2,0
10/18/2020,Richmond,"Native American",4,0,0
10/18/2020,Chickahominy,"Native American",6,1,0
10/18/2020,"Thomas Jefferson","Native American",4,0,0
10/18/2020,Arlington,"Native American",6,0,0
10/18/2020,"Virginia Beach","Native American",13,0,0
10/18/2020,Peninsula,"Native American",7,2,1
10/18/2020,Hampton,"Native American",4,0,1
10/18/2020,"West Piedmont","Native American",2,0,0
10/18/2020,"Cumberland Plateau, Lenowisco, and Mount Rogers","Native American",3,0,0
10/18/2020,Henrico,"Native American",11,0,0
10/18/2020,Norfolk,"Native American",9,1,1
10/18/2020,"Prince William","Native American",27,1,1
10/18/2020,"Central Virginia","Native American",7,0,0
10/18/2020,Chesterfield,"Native American",8,1,0
10/18/2020,Rappahannock,"Native American",6,0,0
10/18/2020,Loudoun,"Native American",6,0,0
10/18/2020,Alexandria,"Native American",4,0,0
10/18/2020,"Alleghany and Roanoke","Native American",5,0,0
10/18/2020,Crater,"Native American",6,1,1
10/18/2020,"Rappahannock Rapidan","Native American",1,0,0
10/18/2020,"Lord Fairfax","Native American",3,1,1
10/18/2020,"Pittsylvania-Danville and Southside","Native American",0,0,0
10/19/2020,"Rappahannock Rapidan","Not Reported",689,12,7
10/19/2020,Portsmouth,"Other Race",59,8,4
10/19/2020,"Western Tidewater","Two or more races",88,0,0
10/19/2020,Piedmont,White,732,59,28
10/19/2020,Chesterfield,Latino,1977,114,7
10/19/2020,Lenowisco,White,1040,90,18
10/19/2020,Lenowisco,"Two or more races",12,1,0
10/19/2020,Hampton,"Not Reported",627,2,1
10/19/2020,Southside,"Not Reported",686,11,5
10/19/2020,Roanoke,Black,523,36,9
10/19/2020,Hampton,Black,922,64,22
10/19/2020,Alleghany,"Other Race",14,1,0
10/19/2020,Lenowisco,Latino,20,0,0
10/19/2020,Loudoun,"Other Race",268,18,2
10/19/2020,"Central Shenandoah",Latino,1209,60,6
10/19/2020,"Rappahannock Rapidan",Latino,867,64,7
10/19/2020,"Eastern Shore",Black,865,100,29
10/19/2020,Norfolk,Latino,372,27,0
10/19/2020,Hampton,"Two or more races",16,0,0
10/19/2020,Richmond,Black,1787,263,35
10/19/2020,Henrico,"Two or more races",65,5,1
10/19/2020,Fairfax,"Two or more races",133,5,0
10/19/2020,Alleghany,"Not Reported",633,3,0
10/19/2020,Portsmouth,"Not Reported",581,6,1
10/19/2020,"Cumberland Plateau","Other Race",4,1,0
10/19/2020,Southside,"Two or more races",34,0,0
10/19/2020,Portsmouth,White,377,45,11
10/19/2020,"Rappahannock Rapidan","Two or more races",40,3,0
10/19/2020,Fairfax,White,4749,527,318
10/19/2020,Fairfax,"Other Race",891,87,19
10/19/2020,Crater,"Two or more races",14,0,0
10/19/2020,"West Piedmont","Not Reported",564,23,3
10/19/2020,Henrico,"Other Race",192,16,0
10/19/2020,"Three Rivers",White,874,60,21
10/19/2020,"Central Virginia",Black,425,38,15
10/19/2020,Lenowisco,"Other Race",10,0,0
10/19/2020,"Three Rivers","Other Race",22,3,0
10/19/2020,"Western Tidewater",White,1166,74,69
10/19/2020,"Mount Rogers",Black,77,9,3
10/19/2020,"Three Rivers","Not Reported",292,4,1
10/19/2020,"Thomas Jefferson",Black,578,71,18
10/19/2020,"Eastern Shore",White,282,30,18
10/19/2020,"Central Virginia",White,1729,93,30
10/19/2020,Lenowisco,Black,11,1,1
10/19/2020,"Central Virginia","Two or more races",20,0,0
10/19/2020,Richmond,"Two or more races",47,2,1
10/19/2020,Crater,"Not Reported",1106,10,6
10/19/2020,Chesterfield,"Two or more races",52,6,0
10/19/2020,"New River",Latino,220,5,0
10/19/2020,Richmond,Latino,1399,115,8
10/19/2020,Portsmouth,Latino,79,11,1
10/19/2020,Pittsylvania-Danville,"Not Reported",831,12,2
10/19/2020,Chesapeake,"Not Reported",642,4,0
10/19/2020,Chickahominy,Latino,104,5,0
10/19/2020,Crater,Black,2376,212,70
10/19/2020,Chesterfield,Black,1440,136,32
10/19/2020,Chesterfield,"Other Race",157,11,0
10/19/2020,Peninsula,Black,1305,86,27
10/19/2020,Roanoke,White,574,22,26
10/19/2020,"New River",Black,249,5,1
10/19/2020,Southside,Latino,9,0,0
10/19/2020,Peninsula,Latino,411,23,2
10/19/2020,Rappahannock,"Two or more races",46,3,0
10/19/2020,"Virginia Beach",Black,1845,139,29
10/19/2020,"Mount Rogers","Not Reported",194,9,4
10/19/2020,Loudoun,"Not Reported",2012,6,0
10/19/2020,Chesapeake,"Other Race",57,6,1
10/19/2020,Chickahominy,"Two or more races",7,1,0
10/19/2020,Crater,"Other Race",63,0,0
10/19/2020,Norfolk,"Two or more races",59,2,0
10/19/2020,"Eastern Shore","Two or more races",1,1,0
10/19/2020,"Central Shenandoah",White,3832,208,66
10/19/2020,"New River","Other Race",18,0,0
10/19/2020,"New River",White,2400,52,27
10/19/2020,"Central Shenandoah","Other Race",92,2,0
10/19/2020,"West Piedmont",Black,544,94,18
10/19/2020,Alleghany,Latino,177,13,0
10/19/2020,"Central Shenandoah","Not Reported",934,3,1
10/19/2020,Roanoke,"Two or more races",15,2,0
10/19/2020,Peninsula,"Two or more races",57,4,1
10/19/2020,Richmond,"Not Reported",719,1,1
10/19/2020,Arlington,"Other Race",105,10,4
10/19/2020,Norfolk,"Not Reported",1021,3,1
10/19/2020,Alexandria,"Other Race",93,9,2
10/19/2020,"Virginia Beach",White,2749,196,60
10/19/2020,Chesapeake,"Two or more races",56,4,1
10/19/2020,Alleghany,White,1196,76,27
10/19/2020,"Rappahannock Rapidan","Other Race",38,3,0
10/19/2020,Chickahominy,"Not Reported",502,3,1
10/19/2020,Portsmouth,Black,1579,214,48
10/19/2020,Chickahominy,"Other Race",21,2,0
10/19/2020,"Virginia Beach",Latino,491,29,4
10/19/2020,Chesapeake,White,1632,155,33
10/19/2020,Southside,Black,567,47,20
10/19/2020,Rappahannock,Latino,1427,113,9
10/19/2020,"Three Rivers","Two or more races",11,0,0
10/19/2020,Henrico,Black,1916,222,93
10/19/2020,Pittsylvania-Danville,Black,734,89,21
10/19/2020,"Lord Fairfax","Two or more races",24,0,0
10/19/2020,"Prince William",Latino,6889,676,79
10/19/2020,"Mount Rogers","Other Race",12,2,2
10/19/2020,"Central Shenandoah",Black,272,14,4
10/19/2020,Peninsula,White,1231,88,51
10/19/2020,"Eastern Shore","Not Reported",80,0,0
10/19/2020,"Thomas Jefferson","Other Race",175,5,1
10/19/2020,Hampton,"Other Race",61,2,1
10/19/2020,"Lord Fairfax","Not Reported",412,6,6
10/19/2020,"Central Virginia","Other Race",28,1,0
10/19/2020,"Western Tidewater","Other Race",92,1,2
10/19/2020,Crater,Latino,228,10,4
10/19/2020,Chesapeake,Latino,364,28,2
10/19/2020,Chesterfield,White,2055,162,82
10/19/2020,"Western Tidewater","Not Reported",1071,6,1
10/19/2020,Fairfax,"Not Reported",2604,43,32
10/19/2020,Arlington,Black,441,87,35
10/19/2020,"Central Virginia",Latino,89,6,3
10/19/2020,Alexandria,"Not Reported",269,5,1
10/19/2020,"Three Rivers",Black,756,59,12
10/19/2020,"Prince William","Two or more races",116,1,0
10/19/2020,Loudoun,"Two or more races",59,2,0
10/19/2020,Peninsula,"Other Race",178,3,0
10/19/2020,"Thomas Jefferson",White,2144,96,53
10/19/2020,Norfolk,"Other Race",95,5,2
10/19/2020,"Prince William","Not Reported",4430,31,0
10/19/2020,"West Piedmont",White,1249,144,60
10/19/2020,Rappahannock,Black,965,104,17
10/19/2020,Roanoke,Latino,420,24,0
10/19/2020,Piedmont,Latino,76,8,2
10/19/2020,Roanoke,"Not Reported",788,2,0
10/19/2020,"Virginia Beach","Other Race",127,4,0
10/19/2020,Arlington,"Two or more races",47,4,0
10/19/2020,Alexandria,White,831,60,38
10/19/2020,"Lord Fairfax","Other Race",85,6,1
10/19/2020,"Thomas Jefferson","Not Reported",365,3,0
10/19/2020,"Virginia Beach","Not Reported",1942,14,2
10/19/2020,Loudoun,Black,352,35,7
10/19/2020,Pittsylvania-Danville,Latino,77,4,0
10/19/2020,"Cumberland Plateau","Not Reported",102,4,0
10/19/2020,Chesterfield,"Not Reported",1463,5,8
10/19/2020,"Mount Rogers",White,2798,266,130
10/19/2020,Richmond,White,929,47,16
10/19/2020,Lenowisco,"Not Reported",148,4,4
10/19/2020,"Three Rivers",Latino,193,6,1
10/19/2020,Piedmont,"Not Reported",879,11,2
10/19/2020,"Mount Rogers",Latino,305,7,0
10/19/2020,"Central Shenandoah","Two or more races",51,1,0
10/19/2020,Crater,White,1019,59,30
10/19/2020,Arlington,White,1322,140,73
10/19/2020,Pittsylvania-Danville,"Other Race",4,0,0
10/19/2020,Chickahominy,Black,397,54,12
10/19/2020,Fairfax,Black,1876,254,66
10/19/2020,"Eastern Shore",Latino,269,11,3
10/19/2020,Norfolk,White,1014,70,22
10/19/2020,"Mount Rogers","Two or more races",9,1,0
10/19/2020,Alleghany,"Two or more races",15,0,0
10/19/2020,Southside,White,407,31,20
10/19/2020,"Thomas Jefferson","Two or more races",85,1,0
10/19/2020,"Prince William",Black,1640,180,57
10/19/2020,"Lord Fairfax",White,2138,214,98
10/19/2020,"Cumberland Plateau",Latino,16,0,0
10/19/2020,Arlington,"Not Reported",421,3,0
10/19/2020,Rappahannock,"Other Race",138,4,0
10/19/2020,"Rappahannock Rapidan",Black,284,36,12
10/19/2020,"New River","Two or more races",53,0,0
10/19/2020,Arlington,Latino,1823,250,27
10/19/2020,Henrico,White,1715,156,112
10/19/2020,Loudoun,White,1881,126,92
10/19/2020,Hampton,White,319,14,6
10/19/2020,Alleghany,Black,161,7,3
10/19/2020,"Prince William",White,1976,188,96
10/19/2020,Rappahannock,White,1690,161,52
10/19/2020,Southside,"Other Race",14,1,1
10/19/2020,Portsmouth,"Two or more races",23,6,0
10/19/2020,"Western Tidewater",Black,1952,136,67
10/19/2020,Hampton,Latino,72,4,0
10/19/2020,Henrico,"Not Reported",902,2,4
10/19/2020,"West Piedmont","Two or more races",8,0,0
10/19/2020,Peninsula,"Not Reported",1642,3,0
10/19/2020,Loudoun,Latino,2499,222,16
10/19/2020,Alexandria,Black,857,101,20
10/19/2020,Piedmont,Black,641,67,20
10/19/2020,Roanoke,"Other Race",29,1,0
10/19/2020,Alexandria,"Two or more races",28,2,0
10/19/2020,"Western Tidewater",Latino,52,1,2
10/19/2020,Rappahannock,"Not Reported",1462,25,0
10/19/2020,"West Piedmont","Other Race",11,1,1
10/19/2020,Chickahominy,White,1154,110,43
10/19/2020,"Thomas Jefferson",Latino,735,33,3
10/19/2020,"Cumberland Plateau",Black,51,0,0
10/19/2020,"Lord Fairfax",Latino,837,56,9
10/19/2020,"West Piedmont",Latino,280,12,1
10/19/2020,"Cumberland Plateau",White,998,71,13
10/19/2020,"Eastern Shore","Other Race",13,1,0
10/19/2020,"Cumberland Plateau","Two or more races",9,0,0
10/19/2020,Pittsylvania-Danville,"Two or more races",4,0,0
10/19/2020,Piedmont,"Other Race",13,0,0
10/19/2020,Alexandria,Latino,1891,135,13
10/19/2020,Chesapeake,Black,1894,251,36
10/19/2020,Richmond,"Other Race",169,9,2
10/19/2020,Henrico,Latino,927,59,10
10/19/2020,Piedmont,"Two or more races",5,2,0
10/19/2020,"Prince William","Other Race",524,20,0
10/19/2020,"New River","Not Reported",952,10,0
10/19/2020,"Rappahannock Rapidan",White,983,65,28
10/19/2020,"Central Virginia","Not Reported",2008,24,6
10/19/2020,"Virginia Beach","Two or more races",77,5,1
10/19/2020,Pittsylvania-Danville,White,692,70,32
10/19/2020,"Lord Fairfax",Black,156,23,6
10/19/2020,Fairfax,Latino,10621,1046,103
10/19/2020,Chesterfield,"Asian or Pacific Islander",109,4,1
10/19/2020,Crater,"Asian or Pacific Islander",27,0,0
10/19/2020,Fairfax,"Asian or Pacific Islander",2007,276,78
10/19/2020,Hampton,"Asian or Pacific Islander",18,0,0
10/19/2020,"Rappahannock Rapidan","Asian or Pacific Islander",13,1,0
10/19/2020,"Mount Rogers","Asian or Pacific Islander",7,1,0
10/19/2020,"New River","Asian or Pacific Islander",111,0,0
10/19/2020,"Central Virginia","Asian or Pacific Islander",27,1,0
10/19/2020,"Lord Fairfax","Asian or Pacific Islander",19,1,0
10/19/2020,Southside,"Asian or Pacific Islander",1,0,0
10/19/2020,Alleghany,"Asian or Pacific Islander",28,0,0
10/19/2020,Portsmouth,"Asian or Pacific Islander",22,2,0
10/19/2020,Roanoke,"Asian or Pacific Islander",35,2,0
10/19/2020,Richmond,"Asian or Pacific Islander",55,4,1
10/19/2020,"Thomas Jefferson","Asian or Pacific Islander",88,1,1
10/19/2020,"Virginia Beach","Asian or Pacific Islander",309,31,6
10/19/2020,Henrico,"Asian or Pacific Islander",242,12,4
10/19/2020,Piedmont,"Asian or Pacific Islander",10,0,1
10/19/2020,"Western Tidewater","Asian or Pacific Islander",21,2,3
10/19/2020,"West Piedmont","Asian or Pacific Islander",12,2,1
10/19/2020,Chickahominy,"Asian or Pacific Islander",17,1,0
10/19/2020,Peninsula,"Asian or Pacific Islander",57,4,7
10/19/2020,Norfolk,"Asian or Pacific Islander",72,9,0
10/19/2020,Arlington,"Asian or Pacific Islander",219,25,13
10/19/2020,Loudoun,"Asian or Pacific Islander",499,59,12
10/19/2020,Alexandria,"Asian or Pacific Islander",150,11,1
10/19/2020,Rappahannock,"Asian or Pacific Islander",95,11,2
10/19/2020,Chesapeake,"Asian or Pacific Islander",90,12,6
10/19/2020,"Cumberland Plateau and Lenowisco","Asian or Pacific Islander",2,0,0
10/19/2020,"Central Shenandoah","Asian or Pacific Islander",79,2,0
10/19/2020,"Prince William","Asian or Pacific Islander",653,60,19
10/19/2020,Pittsylvania-Danville,"Asian or Pacific Islander",4,0,0
10/19/2020,"Eastern Shore and Three Rivers","Asian or Pacific Islander",13,1,0
10/19/2020,Piedmont,"Native American",4,0,0
10/19/2020,"New River","Native American",3,0,0
10/19/2020,"Central Shenandoah","Native American",3,1,0
10/19/2020,"Eastern Shore and Three Rivers","Native American",1,0,0
10/19/2020,Fairfax,"Native American",35,1,1
10/19/2020,Chesapeake,"Native American",13,0,0
10/19/2020,"Western Tidewater","Native American",2,0,0
10/19/2020,Portsmouth,"Native American",4,2,0
10/19/2020,Richmond,"Native American",4,0,0
10/19/2020,Chickahominy,"Native American",6,1,0
10/19/2020,"Thomas Jefferson","Native American",4,0,0
10/19/2020,Arlington,"Native American",6,0,0
10/19/2020,"Virginia Beach","Native American",13,0,0
10/19/2020,Peninsula,"Native American",7,2,1
10/19/2020,Hampton,"Native American",4,0,1
10/19/2020,"West Piedmont","Native American",2,0,0
10/19/2020,"Cumberland Plateau, Lenowisco, and Mount Rogers","Native American",3,0,0
10/19/2020,Henrico,"Native American",11,0,0
10/19/2020,Norfolk,"Native American",9,1,1
10/19/2020,"Prince William","Native American",29,1,1
10/19/2020,"Central Virginia","Native American",7,0,0
10/19/2020,Chesterfield,"Native American",8,1,0
10/19/2020,Rappahannock,"Native American",6,0,0
10/19/2020,Loudoun,"Native American",6,0,0
10/19/2020,Alexandria,"Native American",4,0,0
10/19/2020,"Alleghany and Roanoke","Native American",5,0,0
10/19/2020,Crater,"Native American",6,1,1
10/19/2020,"Rappahannock Rapidan","Native American",1,0,0
10/19/2020,"Lord Fairfax","Native American",3,1,1
10/19/2020,"Pittsylvania-Danville and Southside","Native American",0,0,0
10/20/2020,"Rappahannock Rapidan","Not Reported",695,12,7
10/20/2020,Portsmouth,"Other Race",60,8,4
10/20/2020,"Western Tidewater","Two or more races",88,0,0
10/20/2020,Piedmont,White,740,59,28
10/20/2020,Chesterfield,Latino,1980,115,7
10/20/2020,Lenowisco,White,1064,91,18
10/20/2020,Lenowisco,"Two or more races",13,1,0
10/20/2020,Hampton,"Not Reported",629,2,1
10/20/2020,Southside,"Not Reported",688,11,5
10/20/2020,Roanoke,Black,532,37,9
10/20/2020,Hampton,Black,932,64,22
10/20/2020,Alleghany,"Other Race",15,1,0
10/20/2020,Lenowisco,Latino,20,0,0
10/20/2020,Loudoun,"Other Race",269,18,3
10/20/2020,"Central Shenandoah",Latino,1213,60,6
10/20/2020,"Rappahannock Rapidan",Latino,870,64,7
10/20/2020,"Eastern Shore",Black,865,100,29
10/20/2020,Norfolk,Latino,374,27,0
10/20/2020,Hampton,"Two or more races",17,0,0
10/20/2020,Richmond,Black,1800,265,35
10/20/2020,Henrico,"Two or more races",64,5,1
10/20/2020,Fairfax,"Two or more races",133,5,0
10/20/2020,Alleghany,"Not Reported",656,4,0
10/20/2020,Portsmouth,"Not Reported",582,6,1
10/20/2020,"Cumberland Plateau","Other Race",4,1,0
10/20/2020,Southside,"Two or more races",34,0,0
10/20/2020,Portsmouth,White,378,45,11
10/20/2020,"Rappahannock Rapidan","Two or more races",40,3,0
10/20/2020,Fairfax,White,4765,526,318
10/20/2020,Fairfax,"Other Race",892,87,19
10/20/2020,Crater,"Two or more races",14,0,0
10/20/2020,"West Piedmont","Not Reported",565,22,3
10/20/2020,Henrico,"Other Race",192,16,0
10/20/2020,"Three Rivers",White,869,60,22
10/20/2020,"Central Virginia",Black,428,38,16
10/20/2020,Lenowisco,"Other Race",10,0,0
10/20/2020,"Three Rivers","Other Race",22,3,0
10/20/2020,"Western Tidewater",White,1176,74,70
10/20/2020,"Mount Rogers",Black,77,9,3
10/20/2020,"Three Rivers","Not Reported",285,4,1
10/20/2020,"Thomas Jefferson",Black,580,75,18
10/20/2020,"Eastern Shore",White,284,31,18
10/20/2020,"Central Virginia",White,1754,96,31
10/20/2020,Lenowisco,Black,11,1,1
10/20/2020,"Central Virginia","Two or more races",20,0,0
10/20/2020,Richmond,"Two or more races",46,2,1
10/20/2020,Crater,"Not Reported",1093,10,6
10/20/2020,Chesterfield,"Two or more races",52,6,0
10/20/2020,"New River",Latino,238,5,0
10/20/2020,Richmond,Latino,1400,116,8
10/20/2020,Portsmouth,Latino,80,11,1
10/20/2020,Pittsylvania-Danville,"Not Reported",827,12,2
10/20/2020,Chesapeake,"Not Reported",630,4,0
10/20/2020,Chickahominy,Latino,105,5,0
10/20/2020,Crater,Black,2383,214,70
10/20/2020,Chesterfield,Black,1448,135,32
10/20/2020,Chesterfield,"Other Race",155,11,0
10/20/2020,Peninsula,Black,1317,86,28
10/20/2020,Roanoke,White,596,21,26
10/20/2020,"New River",Black,249,5,1
10/20/2020,Southside,Latino,9,0,0
10/20/2020,Peninsula,Latino,412,23,2
10/20/2020,Rappahannock,"Two or more races",46,3,0
10/20/2020,"Virginia Beach",Black,1851,140,29
10/20/2020,"Mount Rogers","Not Reported",197,10,6
10/20/2020,Loudoun,"Not Reported",2003,6,0
10/20/2020,Chesapeake,"Other Race",56,6,1
10/20/2020,Chickahominy,"Two or more races",7,1,0
10/20/2020,Crater,"Other Race",63,0,0
10/20/2020,Norfolk,"Two or more races",60,3,0
10/20/2020,"Eastern Shore","Two or more races",1,1,0
10/20/2020,"Central Shenandoah",White,3840,208,66
10/20/2020,"New River","Other Race",18,0,0
10/20/2020,"New River",White,2415,53,27
10/20/2020,"Central Shenandoah","Other Race",92,2,0
10/20/2020,"West Piedmont",Black,546,96,18
10/20/2020,Alleghany,Latino,178,13,0
10/20/2020,"Central Shenandoah","Not Reported",936,3,1
10/20/2020,Roanoke,"Two or more races",16,2,0
10/20/2020,Peninsula,"Two or more races",57,4,1
10/20/2020,Richmond,"Not Reported",712,1,1
10/20/2020,Arlington,"Other Race",105,10,4
10/20/2020,Norfolk,"Not Reported",1035,3,1
10/20/2020,Alexandria,"Other Race",92,9,2
10/20/2020,"Virginia Beach",White,2766,200,60
10/20/2020,Chesapeake,"Two or more races",58,4,1
10/20/2020,Alleghany,White,1238,78,29
10/20/2020,"Rappahannock Rapidan","Other Race",38,3,0
10/20/2020,Chickahominy,"Not Reported",505,3,1
10/20/2020,Portsmouth,Black,1581,214,48
10/20/2020,Chickahominy,"Other Race",21,2,0
10/20/2020,"Virginia Beach",Latino,495,29,4
10/20/2020,Chesapeake,White,1654,158,33
10/20/2020,Southside,Black,567,47,20
10/20/2020,Rappahannock,Latino,1428,113,9
10/20/2020,"Three Rivers","Two or more races",12,1,0
10/20/2020,Pittsylvania-Danville,Black,739,89,21
10/20/2020,"Lord Fairfax","Two or more races",24,0,0
10/20/2020,"Prince William",Latino,6915,677,79
10/20/2020,"Mount Rogers","Other Race",13,2,2
10/20/2020,"Central Shenandoah",Black,273,14,4
10/20/2020,Peninsula,White,1242,88,52
10/20/2020,"Eastern Shore","Not Reported",80,0,0
10/20/2020,"Thomas Jefferson","Other Race",178,5,1
10/20/2020,Hampton,"Other Race",63,2,1
10/20/2020,"Lord Fairfax","Not Reported",417,6,6
10/20/2020,"Central Virginia","Other Race",28,1,0
10/20/2020,"Western Tidewater","Other Race",94,1,2
10/20/2020,Crater,Latino,230,10,4
10/20/2020,Chesapeake,Latino,367,28,2
10/20/2020,Chesterfield,White,2078,165,83
10/20/2020,"Western Tidewater","Not Reported",1047,6,1
10/20/2020,Fairfax,"Not Reported",2611,43,32
10/20/2020,Arlington,Black,442,87,35
10/20/2020,"Central Virginia",Latino,90,6,3
10/20/2020,Alexandria,"Not Reported",272,4,1
10/20/2020,"Three Rivers",Black,752,59,12
10/20/2020,"Prince William","Two or more races",117,1,0
10/20/2020,Loudoun,"Two or more races",59,2,0
10/20/2020,Peninsula,"Other Race",178,3,0
10/20/2020,"Thomas Jefferson",White,2156,98,53
10/20/2020,Norfolk,"Other Race",95,5,2
10/20/2020,"Prince William","Not Reported",4442,32,0
10/20/2020,"West Piedmont",White,1267,148,60
10/20/2020,Rappahannock,Black,972,105,17
10/20/2020,Norfolk,Black,2546,280,58
10/20/2020,Roanoke,Latino,427,24,0
10/20/2020,Piedmont,Latino,76,8,2
10/20/2020,Roanoke,"Not Reported",806,2,0
10/20/2020,"Virginia Beach","Other Race",126,3,0
10/20/2020,Arlington,"Two or more races",47,4,0
10/20/2020,Alexandria,White,831,60,38
10/20/2020,"Lord Fairfax","Other Race",85,6,1
10/20/2020,"Thomas Jefferson","Not Reported",363,3,0
10/20/2020,"Virginia Beach","Not Reported",1951,14,2
10/20/2020,Loudoun,Black,350,35,7
10/20/2020,Pittsylvania-Danville,Latino,77,4,0
10/20/2020,"Cumberland Plateau","Not Reported",105,4,0
10/20/2020,Chesterfield,"Not Reported",1477,5,8
10/20/2020,"Mount Rogers",White,2817,266,131
10/20/2020,Richmond,White,946,48,16
10/20/2020,Lenowisco,"Not Reported",149,4,4
10/20/2020,"Three Rivers",Latino,192,6,1
10/20/2020,Piedmont,"Not Reported",883,11,2
10/20/2020,"Mount Rogers",Latino,307,7,0
10/20/2020,"Central Shenandoah","Two or more races",51,1,0
10/20/2020,Crater,White,1033,59,30
10/20/2020,Arlington,White,1325,140,73
10/20/2020,Pittsylvania-Danville,"Other Race",4,0,0
10/20/2020,Chickahominy,Black,397,55,12
10/20/2020,Fairfax,Black,1881,254,66
10/20/2020,"Eastern Shore",Latino,269,11,3
10/20/2020,Norfolk,White,1018,70,22
10/20/2020,"Mount Rogers","Two or more races",9,1,0
10/20/2020,Alleghany,"Two or more races",16,0,0
10/20/2020,Southside,White,408,31,20
10/20/2020,"Thomas Jefferson","Two or more races",85,1,0
10/20/2020,"Prince William",Black,1645,182,59
10/20/2020,"Lord Fairfax",White,2161,215,101
10/20/2020,"Cumberland Plateau",Latino,16,0,0
10/20/2020,Arlington,"Not Reported",428,4,0
10/20/2020,Rappahannock,"Other Race",139,4,0
10/20/2020,"Rappahannock Rapidan",Black,286,36,12
10/20/2020,"New River","Two or more races",53,0,0
10/20/2020,Arlington,Latino,1826,250,27
10/20/2020,Henrico,White,1728,156,113
10/20/2020,Loudoun,White,1893,126,92
10/20/2020,Hampton,White,321,14,7
10/20/2020,Alleghany,Black,161,7,3
10/20/2020,"Prince William",White,1990,191,98
10/20/2020,Rappahannock,White,1707,163,52
10/20/2020,Southside,"Other Race",14,1,1
10/20/2020,Portsmouth,"Two or more races",23,6,0
10/20/2020,"Western Tidewater",Black,1987,142,68
10/20/2020,Hampton,Latino,74,4,0
10/20/2020,Henrico,"Not Reported",908,2,4
10/20/2020,"West Piedmont","Two or more races",8,0,0
10/20/2020,Peninsula,"Not Reported",1645,3,0
10/20/2020,Loudoun,Latino,2520,224,16
10/20/2020,Alexandria,Black,860,101,20
10/20/2020,Piedmont,Black,650,68,21
10/20/2020,Roanoke,"Other Race",29,1,0
10/20/2020,Alexandria,"Two or more races",28,2,0
10/20/2020,"Western Tidewater",Latino,53,1,2
10/20/2020,Rappahannock,"Not Reported",1468,25,0
10/20/2020,"West Piedmont","Other Race",11,1,1
10/20/2020,Chickahominy,White,1163,111,43
10/20/2020,"Thomas Jefferson",Latino,735,33,3
10/20/2020,"Cumberland Plateau",Black,51,0,0
10/20/2020,"Lord Fairfax",Latino,842,57,9
10/20/2020,"West Piedmont",Latino,283,12,1
10/20/2020,"Cumberland Plateau",White,1005,72,13
10/20/2020,"Eastern Shore","Other Race",13,1,0
10/20/2020,"Cumberland Plateau","Two or more races",10,0,0
10/20/2020,Pittsylvania-Danville,"Two or more races",5,0,0
10/20/2020,Piedmont,"Other Race",13,0,0
10/20/2020,Alexandria,Latino,1896,137,13
10/20/2020,Chesapeake,Black,1895,252,36
10/20/2020,Richmond,"Other Race",170,9,2
10/20/2020,Henrico,Latino,928,59,10
10/20/2020,Piedmont,"Two or more races",5,2,0
10/20/2020,"Prince William","Other Race",528,21,0
10/20/2020,"New River","Not Reported",951,10,0
10/20/2020,"Rappahannock Rapidan",White,992,66,28
10/20/2020,"Central Virginia","Not Reported",2026,24,6
10/20/2020,"Virginia Beach","Two or more races",78,5,1
10/20/2020,Pittsylvania-Danville,White,701,70,33
10/20/2020,"Lord Fairfax",Black,157,23,7
10/20/2020,Fairfax,Latino,10661,1047,103
10/20/2020,Chesterfield,"Asian or Pacific Islander",109,4,1
10/20/2020,Crater,"Asian or Pacific Islander",27,0,0
10/20/2020,Fairfax,"Asian or Pacific Islander",2021,276,78
10/20/2020,Hampton,"Asian or Pacific Islander",18,0,0
10/20/2020,"Rappahannock Rapidan","Asian or Pacific Islander",14,1,0
10/20/2020,"Mount Rogers","Asian or Pacific Islander",7,1,0
10/20/2020,"New River","Asian or Pacific Islander",111,0,0
10/20/2020,"Central Virginia","Asian or Pacific Islander",29,1,0
10/20/2020,"Lord Fairfax","Asian or Pacific Islander",19,1,0
10/20/2020,Southside,"Asian or Pacific Islander",1,0,0
10/20/2020,Alleghany,"Asian or Pacific Islander",29,0,0
10/20/2020,Portsmouth,"Asian or Pacific Islander",22,2,0
10/20/2020,Roanoke,"Asian or Pacific Islander",38,3,0
10/20/2020,Richmond,"Asian or Pacific Islander",56,4,1
10/20/2020,"Thomas Jefferson","Asian or Pacific Islander",89,1,1
10/20/2020,"Virginia Beach","Asian or Pacific Islander",313,31,6
10/20/2020,Henrico,"Asian or Pacific Islander",245,12,4
10/20/2020,Piedmont,"Asian or Pacific Islander",10,0,1
10/20/2020,"Western Tidewater","Asian or Pacific Islander",21,2,3
10/20/2020,"West Piedmont","Asian or Pacific Islander",12,2,1
10/20/2020,Chickahominy,"Asian or Pacific Islander",17,1,0
10/20/2020,Peninsula,"Asian or Pacific Islander",59,5,7
10/20/2020,Norfolk,"Asian or Pacific Islander",72,9,0
10/20/2020,Arlington,"Asian or Pacific Islander",220,25,13
10/20/2020,Loudoun,"Asian or Pacific Islander",499,59,12
10/20/2020,Alexandria,"Asian or Pacific Islander",150,11,1
10/20/2020,Rappahannock,"Asian or Pacific Islander",96,11,2
10/20/2020,Chesapeake,"Asian or Pacific Islander",91,12,6
10/20/2020,"Cumberland Plateau and Lenowisco","Asian or Pacific Islander",2,0,0
10/20/2020,"Central Shenandoah","Asian or Pacific Islander",81,2,0
10/20/2020,"Prince William","Asian or Pacific Islander",653,61,19
10/20/2020,Pittsylvania-Danville,"Asian or Pacific Islander",4,0,0
10/20/2020,"Eastern Shore and Three Rivers","Asian or Pacific Islander",13,1,0
10/20/2020,Piedmont,"Native American",5,0,0
10/20/2020,"New River","Native American",4,0,0
10/20/2020,"Central Shenandoah","Native American",3,1,0
10/20/2020,"Eastern Shore and Three Rivers","Native American",1,0,0
10/20/2020,Fairfax,"Native American",35,1,1
10/20/2020,Chesapeake,"Native American",12,0,0
10/20/2020,"Western Tidewater","Native American",2,0,0
10/20/2020,Portsmouth,"Native American",4,2,0
10/20/2020,Richmond,"Native American",4,0,0
10/20/2020,Chickahominy,"Native American",6,1,0
10/20/2020,"Thomas Jefferson","Native American",4,0,0
10/20/2020,Arlington,"Native American",6,0,0
10/20/2020,"Virginia Beach","Native American",13,0,0
10/20/2020,Peninsula,"Native American",7,2,1
10/20/2020,Hampton,"Native American",4,0,1
10/20/2020,"West Piedmont","Native American",2,0,0
10/20/2020,"Cumberland Plateau, Lenowisco, and Mount Rogers","Native American",3,0,0
10/20/2020,Henrico,"Native American",11,0,0
10/20/2020,Norfolk,"Native American",9,1,1
10/20/2020,"Prince William","Native American",29,1,1
10/20/2020,"Central Virginia","Native American",7,0,0
10/20/2020,Chesterfield,"Native American",8,1,0
10/20/2020,Rappahannock,"Native American",6,0,0
10/20/2020,Loudoun,"Native American",6,0,0
10/20/2020,Alexandria,"Native American",4,0,0
10/20/2020,"Alleghany and Roanoke","Native American",5,0,0
10/20/2020,Crater,"Native American",6,1,1
10/20/2020,"Rappahannock Rapidan","Native American",1,0,0
10/20/2020,"Lord Fairfax","Native American",3,1,1
10/20/2020,"Pittsylvania-Danville and Southside","Native American",0,0,0
10/21/2020,"Rappahannock Rapidan","Not Reported",698,13,7
10/21/2020,Portsmouth,"Other Race",61,8,4
10/21/2020,"Western Tidewater","Two or more races",88,0,0
10/21/2020,Piedmont,White,747,59,28
10/21/2020,Chesterfield,Latino,1995,116,7
10/21/2020,Lenowisco,White,1095,95,18
10/21/2020,Lenowisco,"Two or more races",13,1,0
10/21/2020,Hampton,"Not Reported",625,2,1
10/21/2020,Southside,"Not Reported",687,11,5
10/21/2020,Roanoke,Black,544,37,9
10/21/2020,Hampton,Black,936,64,22
10/21/2020,Alleghany,"Other Race",15,1,0
10/21/2020,Lenowisco,Latino,20,0,0
10/21/2020,Loudoun,"Other Race",268,18,3
10/21/2020,"Central Shenandoah",Latino,1216,60,6
10/21/2020,"Rappahannock Rapidan",Latino,871,64,7
10/21/2020,"Eastern Shore",Black,865,100,29
10/21/2020,Norfolk,Latino,380,28,0
10/21/2020,Hampton,"Two or more races",19,0,0
10/21/2020,Richmond,Black,1794,265,38
10/21/2020,Henrico,"Two or more races",75,5,1
10/21/2020,Fairfax,"Two or more races",134,5,0
10/21/2020,Alleghany,"Not Reported",664,5,0
10/21/2020,Portsmouth,"Not Reported",578,6,1
10/21/2020,"Cumberland Plateau","Other Race",4,1,0
10/21/2020,Southside,"Two or more races",34,0,0
10/21/2020,Portsmouth,White,382,46,12
10/21/2020,"Rappahannock Rapidan","Two or more races",40,3,0
10/21/2020,Fairfax,White,4788,527,319
10/21/2020,Fairfax,"Other Race",897,87,19
10/21/2020,Crater,"Two or more races",14,0,0
10/21/2020,"West Piedmont","Not Reported",577,21,3
10/21/2020,Henrico,"Other Race",193,16,0
10/21/2020,"Three Rivers",White,886,61,22
10/21/2020,"Central Virginia",Black,435,38,16
10/21/2020,Lenowisco,"Other Race",10,0,0
10/21/2020,"Three Rivers","Other Race",23,3,0
10/21/2020,"Western Tidewater",White,1185,75,72
10/21/2020,"Mount Rogers",Black,77,9,3
10/21/2020,"Three Rivers","Not Reported",284,4,1
10/21/2020,"Thomas Jefferson",Black,588,75,18
10/21/2020,"Eastern Shore",White,284,31,18
10/21/2020,"Central Virginia",White,1784,98,32
10/21/2020,Lenowisco,Black,11,1,1
10/21/2020,"Central Virginia","Two or more races",20,0,0
10/21/2020,Richmond,"Two or more races",46,2,1
10/21/2020,Crater,"Not Reported",1090,10,6
10/21/2020,Chesterfield,"Two or more races",51,6,0
10/21/2020,"New River",Latino,241,5,0
10/21/2020,Richmond,Latino,1402,116,8
10/21/2020,Portsmouth,Latino,81,11,1
10/21/2020,Pittsylvania-Danville,"Not Reported",814,12,2
10/21/2020,Chesapeake,"Not Reported",626,4,0
10/21/2020,Chickahominy,Latino,106,5,0
10/21/2020,Crater,Black,2388,214,73
10/21/2020,Chesterfield,Black,1462,136,32
10/21/2020,Chesterfield,"Other Race",157,11,0
10/21/2020,Peninsula,Black,1321,86,28
10/21/2020,Roanoke,White,609,21,26
10/21/2020,"New River",Black,255,5,1
10/21/2020,Southside,Latino,9,0,0
10/21/2020,Peninsula,Latino,415,23,2
10/21/2020,Rappahannock,"Two or more races",47,3,0
10/21/2020,"Virginia Beach",Black,1858,141,29
10/21/2020,"Mount Rogers","Not Reported",197,10,6
10/21/2020,Loudoun,"Not Reported",2000,6,0
10/21/2020,Chesapeake,"Other Race",55,5,1
10/21/2020,Chickahominy,"Two or more races",7,1,0
10/21/2020,Crater,"Other Race",62,0,0
10/21/2020,Norfolk,"Two or more races",58,3,0
10/21/2020,"Eastern Shore","Two or more races",1,1,0
10/21/2020,"Central Shenandoah",White,3859,207,67
10/21/2020,"New River","Other Race",18,0,0
10/21/2020,"New River",White,2433,55,27
10/21/2020,"Central Shenandoah","Other Race",91,2,0
10/21/2020,"West Piedmont",Black,551,97,18
10/21/2020,Alleghany,Latino,178,13,0
10/21/2020,"Central Shenandoah","Not Reported",949,3,1
10/21/2020,Roanoke,"Two or more races",16,2,0
10/21/2020,Peninsula,"Two or more races",57,4,1
10/21/2020,Richmond,"Not Reported",712,1,1
10/21/2020,Arlington,"Other Race",107,10,4
10/21/2020,Norfolk,"Not Reported",1022,3,1
10/21/2020,Alexandria,"Other Race",94,9,2
10/21/2020,"Virginia Beach",White,2782,201,61
10/21/2020,Chesapeake,"Two or more races",59,4,1
10/21/2020,Alleghany,White,1270,80,30
10/21/2020,"Rappahannock Rapidan","Other Race",39,3,0
10/21/2020,Chickahominy,"Not Reported",505,2,1
10/21/2020,Portsmouth,Black,1590,217,49
10/21/2020,Chickahominy,"Other Race",22,2,0
10/21/2020,"Virginia Beach",Latino,499,29,4
10/21/2020,Chesapeake,White,1670,158,32
10/21/2020,Southside,Black,572,47,21
10/21/2020,Rappahannock,Latino,1432,113,9
10/21/2020,"Three Rivers","Two or more races",13,1,0
10/21/2020,Henrico,Black,1949,224,95
10/21/2020,Pittsylvania-Danville,Black,749,90,21
10/21/2020,"Lord Fairfax","Two or more races",24,0,0
10/21/2020,"Prince William",Latino,6962,677,79
10/21/2020,"Mount Rogers","Other Race",13,2,2
10/21/2020,"Central Shenandoah",Black,274,14,4
10/21/2020,Peninsula,White,1252,88,52
10/21/2020,"Eastern Shore","Not Reported",80,0,0
10/21/2020,"Thomas Jefferson","Other Race",177,5,1
10/21/2020,Hampton,"Other Race",64,2,1
10/21/2020,"Lord Fairfax","Not Reported",424,6,6
10/21/2020,"Central Virginia","Other Race",30,1,0
10/21/2020,"Western Tidewater","Other Race",94,1,2
10/21/2020,Crater,Latino,230,11,4
10/21/2020,Chesapeake,Latino,368,28,2
10/21/2020,Chesterfield,White,2106,166,83
10/21/2020,"Western Tidewater","Not Reported",1041,6,1
10/21/2020,Fairfax,"Not Reported",2609,43,32
10/21/2020,Arlington,Black,448,87,35
10/21/2020,"Central Virginia",Latino,90,6,3
10/21/2020,Alexandria,"Not Reported",270,4,1
10/21/2020,"Three Rivers",Black,758,59,12
10/21/2020,"Prince William","Two or more races",117,1,0
10/21/2020,Loudoun,"Two or more races",60,2,0
10/21/2020,Peninsula,"Other Race",177,3,0
10/21/2020,"Thomas Jefferson",White,2179,98,53
10/21/2020,Norfolk,"Other Race",95,5,2
10/21/2020,"Prince William","Not Reported",4406,30,0
10/21/2020,"West Piedmont",White,1291,151,61
10/21/2020,Rappahannock,Black,978,105,19
10/21/2020,Norfolk,Black,2557,283,58
10/21/2020,Roanoke,Latino,433,24,0
10/21/2020,Piedmont,Latino,76,8,2
10/21/2020,Roanoke,"Not Reported",806,2,0
10/21/2020,"Virginia Beach","Other Race",126,3,0
10/21/2020,Arlington,"Two or more races",48,4,0
10/21/2020,Alexandria,White,833,60,38
10/21/2020,"Lord Fairfax","Other Race",85,6,1
10/21/2020,"Thomas Jefferson","Not Reported",365,3,0
10/21/2020,"Virginia Beach","Not Reported",1952,14,2
10/21/2020,Loudoun,Black,350,35,7
10/21/2020,Pittsylvania-Danville,Latino,78,4,0
10/21/2020,"Cumberland Plateau","Not Reported",118,4,0
10/21/2020,Chesterfield,"Not Reported",1485,5,8
10/21/2020,"Mount Rogers",White,2838,267,133
10/21/2020,Richmond,White,958,48,17
10/21/2020,Lenowisco,"Not Reported",150,4,4
10/21/2020,"Three Rivers",Latino,192,6,1
10/21/2020,Piedmont,"Not Reported",880,11,2
10/21/2020,"Mount Rogers",Latino,306,7,0
10/21/2020,"Central Shenandoah","Two or more races",50,1,0
10/21/2020,Crater,White,1042,60,30
10/21/2020,Arlington,White,1335,140,73
10/21/2020,Pittsylvania-Danville,"Other Race",4,0,0
10/21/2020,Chickahominy,Black,402,56,12
10/21/2020,Fairfax,Black,1885,254,66
10/21/2020,"Eastern Shore",Latino,270,11,3
10/21/2020,Norfolk,White,1026,70,22
10/21/2020,"Mount Rogers","Two or more races",9,1,0
10/21/2020,Alleghany,"Two or more races",17,0,0
10/21/2020,Southside,White,412,31,20
10/21/2020,"Thomas Jefferson","Two or more races",85,1,0
10/21/2020,"Prince William",Black,1654,183,59
10/21/2020,"Lord Fairfax",White,2181,218,102
10/21/2020,"Cumberland Plateau",Latino,15,0,0
10/21/2020,Arlington,"Not Reported",435,4,0
10/21/2020,Rappahannock,"Other Race",141,4,0
10/21/2020,"Rappahannock Rapidan",Black,289,37,12
10/21/2020,"New River","Two or more races",55,0,0
10/21/2020,Arlington,Latino,1834,252,27
10/21/2020,Henrico,White,1738,156,113
10/21/2020,Loudoun,White,1909,126,92
10/21/2020,Hampton,White,323,14,7
10/21/2020,Alleghany,Black,163,7,3
10/21/2020,"Prince William",White,2015,191,98
10/21/2020,Rappahannock,White,1721,164,55
10/21/2020,Southside,"Other Race",14,1,1
10/21/2020,Portsmouth,"Two or more races",23,6,0
10/21/2020,"Western Tidewater",Black,1999,142,68
10/21/2020,Hampton,Latino,75,5,0
10/21/2020,Henrico,"Not Reported",917,3,4
10/21/2020,"West Piedmont","Two or more races",8,0,0
10/21/2020,Peninsula,"Not Reported",1647,3,0
10/21/2020,Loudoun,Latino,2538,224,16
10/21/2020,Alexandria,Black,862,102,20
10/21/2020,Piedmont,Black,651,68,21
10/21/2020,Roanoke,"Other Race",29,1,0
10/21/2020,Alexandria,"Two or more races",28,2,0
10/21/2020,"Western Tidewater",Latino,54,1,2
10/21/2020,Rappahannock,"Not Reported",1465,25,0
10/21/2020,"West Piedmont","Other Race",11,1,1
10/21/2020,Chickahominy,White,1173,113,44
10/21/2020,"Thomas Jefferson",Latino,741,33,3
10/21/2020,"Cumberland Plateau",Black,51,0,0
10/21/2020,"Lord Fairfax",Latino,847,58,9
10/21/2020,"West Piedmont",Latino,284,12,1
10/21/2020,"Cumberland Plateau",White,1036,74,13
10/21/2020,"Eastern Shore","Other Race",13,1,0
10/21/2020,"Cumberland Plateau","Two or more races",10,0,0
10/21/2020,Pittsylvania-Danville,"Two or more races",6,0,0
10/21/2020,Piedmont,"Other Race",13,0,0
10/21/2020,Alexandria,Latino,1900,138,13
10/21/2020,Chesapeake,Black,1897,253,35
10/21/2020,Richmond,"Other Race",172,9,2
10/21/2020,Henrico,Latino,930,59,10
10/21/2020,Piedmont,"Two or more races",7,2,0
10/21/2020,"Prince William","Other Race",545,21,0
10/21/2020,"New River","Not Reported",961,10,0
10/21/2020,"Rappahannock Rapidan",White,999,67,28
10/21/2020,"Central Virginia","Not Reported",2047,25,7
10/21/2020,"Virginia Beach","Two or more races",79,5,1
10/21/2020,Pittsylvania-Danville,White,723,70,34
10/21/2020,"Lord Fairfax",Black,158,23,7
10/21/2020,Fairfax,Latino,10697,1048,104
10/21/2020,Chesterfield,"Asian or Pacific Islander",109,4,1
10/21/2020,Crater,"Asian or Pacific Islander",27,0,0
10/21/2020,Fairfax,"Asian or Pacific Islander",2036,277,78
10/21/2020,Hampton,"Asian or Pacific Islander",18,0,0
10/21/2020,"Rappahannock Rapidan","Asian or Pacific Islander",14,1,0
10/21/2020,"Mount Rogers","Asian or Pacific Islander",7,1,0
10/21/2020,"New River","Asian or Pacific Islander",112,0,0
10/21/2020,"Central Virginia","Asian or Pacific Islander",29,1,0
10/21/2020,"Lord Fairfax","Asian or Pacific Islander",19,1,0
10/21/2020,Southside,"Asian or Pacific Islander",1,0,0
10/21/2020,Alleghany,"Asian or Pacific Islander",29,0,0
10/21/2020,Portsmouth,"Asian or Pacific Islander",22,2,0
10/21/2020,Roanoke,"Asian or Pacific Islander",40,3,0
10/21/2020,Richmond,"Asian or Pacific Islander",57,4,1
10/21/2020,"Thomas Jefferson","Asian or Pacific Islander",90,1,1
10/21/2020,"Virginia Beach","Asian or Pacific Islander",313,31,6
10/21/2020,Henrico,"Asian or Pacific Islander",245,12,4
10/21/2020,Piedmont,"Asian or Pacific Islander",10,0,1
10/21/2020,"Western Tidewater","Asian or Pacific Islander",21,2,3
10/21/2020,"West Piedmont","Asian or Pacific Islander",12,2,1
10/21/2020,Chickahominy,"Asian or Pacific Islander",17,1,0
10/21/2020,Peninsula,"Asian or Pacific Islander",59,5,7
10/21/2020,Norfolk,"Asian or Pacific Islander",72,9,0
10/21/2020,Arlington,"Asian or Pacific Islander",224,25,13
10/21/2020,Loudoun,"Asian or Pacific Islander",503,59,12
10/21/2020,Alexandria,"Asian or Pacific Islander",153,11,1
10/21/2020,Rappahannock,"Asian or Pacific Islander",96,11,3
10/21/2020,Chesapeake,"Asian or Pacific Islander",93,12,6
10/21/2020,"Cumberland Plateau and Lenowisco","Asian or Pacific Islander",2,0,0
10/21/2020,"Central Shenandoah","Asian or Pacific Islander",82,2,0
10/21/2020,"Prince William","Asian or Pacific Islander",659,62,20
10/21/2020,Pittsylvania-Danville,"Asian or Pacific Islander",4,0,0
10/21/2020,"Eastern Shore and Three Rivers","Asian or Pacific Islander",13,1,0
10/21/2020,Piedmont,"Native American",5,0,0
10/21/2020,"New River","Native American",4,0,0
10/21/2020,"Central Shenandoah","Native American",3,1,0
10/21/2020,"Eastern Shore and Three Rivers","Native American",1,0,0
10/21/2020,Fairfax,"Native American",35,1,1
10/21/2020,Chesapeake,"Native American",12,0,0
10/21/2020,"Western Tidewater","Native American",2,0,0
10/21/2020,Portsmouth,"Native American",4,2,0
10/21/2020,Richmond,"Native American",4,0,0
10/21/2020,Chickahominy,"Native American",6,1,0
10/21/2020,"Thomas Jefferson","Native American",4,0,0
10/21/2020,Arlington,"Native American",6,0,0
10/21/2020,"Virginia Beach","Native American",13,0,0
10/21/2020,Peninsula,"Native American",8,2,1
10/21/2020,Hampton,"Native American",4,0,1
10/21/2020,"West Piedmont","Native American",2,0,0
10/21/2020,"Cumberland Plateau, Lenowisco, and Mount Rogers","Native American",3,0,0
10/21/2020,Henrico,"Native American",11,0,0
10/21/2020,Norfolk,"Native American",9,1,1
10/21/2020,"Prince William","Native American",29,1,1
10/21/2020,"Central Virginia","Native American",7,0,0
10/21/2020,Chesterfield,"Native American",8,1,0
10/21/2020,Rappahannock,"Native American",6,0,0
10/21/2020,Loudoun,"Native American",6,0,0
10/21/2020,Alexandria,"Native American",4,0,0
10/21/2020,"Alleghany and Roanoke","Native American",5,0,0
10/21/2020,Crater,"Native American",6,1,1
10/21/2020,"Rappahannock Rapidan","Native American",1,0,0
10/21/2020,"Lord Fairfax","Native American",3,1,1
10/21/2020,"Pittsylvania-Danville and Southside","Native American",0,0,0
10/22/2020,"Rappahannock Rapidan","Not Reported",701,12,7
10/22/2020,Portsmouth,"Other Race",63,8,4
10/22/2020,"Western Tidewater","Two or more races",88,0,0
10/22/2020,Piedmont,White,756,60,28
10/22/2020,Chesterfield,Latino,2005,116,7
10/22/2020,Lenowisco,White,1115,96,18
10/22/2020,Lenowisco,"Two or more races",13,1,0
10/22/2020,Hampton,"Not Reported",620,2,1
10/22/2020,Southside,"Not Reported",681,10,5
10/22/2020,Alleghany,"Other Race",16,1,0
10/22/2020,Lenowisco,Latino,21,0,0
10/22/2020,Loudoun,"Other Race",264,17,3
10/22/2020,"Central Shenandoah",Latino,1220,60,6
10/22/2020,"Rappahannock Rapidan",Latino,874,65,7
10/22/2020,"Eastern Shore",Black,865,100,29
10/22/2020,Norfolk,Latino,382,28,0
10/22/2020,Hampton,"Two or more races",19,0,0
10/22/2020,Richmond,Black,1799,265,38
10/22/2020,Henrico,"Two or more races",75,5,1
10/22/2020,Fairfax,"Two or more races",138,5,0
10/22/2020,Alleghany,"Not Reported",682,5,0
10/22/2020,Portsmouth,"Not Reported",579,6,1
10/22/2020,"Cumberland Plateau","Other Race",4,1,0
10/22/2020,Southside,"Two or more races",34,0,0
10/22/2020,Portsmouth,White,388,47,12
10/22/2020,"Rappahannock Rapidan","Two or more races",40,3,0
10/22/2020,Fairfax,White,4836,530,320
10/22/2020,Fairfax,"Other Race",913,88,19
10/22/2020,Crater,"Two or more races",13,0,0
10/22/2020,"West Piedmont","Not Reported",599,21,3
10/22/2020,Henrico,"Other Race",196,16,0
10/22/2020,"Three Rivers",White,900,62,22
10/22/2020,"Central Virginia",Black,445,38,16
10/22/2020,Lenowisco,"Other Race",10,0,0
10/22/2020,"Three Rivers","Other Race",24,3,0
10/22/2020,"Western Tidewater",White,1191,75,72
10/22/2020,"Mount Rogers",Black,77,9,3
10/22/2020,"Three Rivers","Not Reported",280,4,1
10/22/2020,"Thomas Jefferson",Black,590,77,18
10/22/2020,"Eastern Shore",White,287,31,18
10/22/2020,"Central Virginia",White,1819,101,32
10/22/2020,Lenowisco,Black,14,1,1
10/22/2020,"Central Virginia","Two or more races",20,0,0
10/22/2020,Richmond,"Two or more races",47,2,1
10/22/2020,Crater,"Not Reported",1092,10,6
10/22/2020,Chesterfield,"Two or more races",52,6,0
10/22/2020,"New River",Latino,244,5,0
10/22/2020,Richmond,Latino,1406,116,8
10/22/2020,Portsmouth,Latino,82,11,1
10/22/2020,Pittsylvania-Danville,"Not Reported",807,12,2
10/22/2020,Chesapeake,"Not Reported",615,4,0
10/22/2020,Chickahominy,Latino,107,6,0
10/22/2020,Crater,Black,2404,217,73
10/22/2020,Chesterfield,Black,1482,136,32
10/22/2020,Chesterfield,"Other Race",162,11,0
10/22/2020,Peninsula,Black,1329,87,28
10/22/2020,Roanoke,White,628,22,26
10/22/2020,"New River",Black,261,5,1
10/22/2020,Southside,Latino,9,0,0
10/22/2020,Peninsula,Latino,419,23,2
10/22/2020,Rappahannock,"Two or more races",48,3,0
10/22/2020,"Virginia Beach",Black,1869,142,29
10/22/2020,"Mount Rogers","Not Reported",199,10,6
10/22/2020,Loudoun,"Not Reported",1985,6,0
10/22/2020,Chesapeake,"Other Race",55,5,1
10/22/2020,Chickahominy,"Two or more races",7,1,0
10/22/2020,Crater,"Other Race",64,0,0
10/22/2020,Norfolk,"Two or more races",62,3,0
10/22/2020,"Eastern Shore","Two or more races",1,1,0
10/22/2020,"Central Shenandoah",White,3871,207,67
10/22/2020,"New River","Other Race",19,0,0
10/22/2020,"New River",White,2464,55,27
10/22/2020,"Central Shenandoah","Other Race",92,2,0
10/22/2020,"West Piedmont",Black,555,97,18
10/22/2020,Alleghany,Latino,179,13,0
10/22/2020,"Central Shenandoah","Not Reported",965,3,1
10/22/2020,Roanoke,"Two or more races",16,2,0
10/22/2020,Peninsula,"Two or more races",57,4,1
10/22/2020,Richmond,"Not Reported",720,1,1
10/22/2020,Arlington,"Other Race",107,10,4
10/22/2020,Norfolk,"Not Reported",1023,3,1
10/22/2020,Alexandria,"Other Race",95,9,2
10/22/2020,"Virginia Beach",White,2829,203,61
10/22/2020,Chesapeake,"Two or more races",60,4,1
10/22/2020,Alleghany,White,1315,82,30
10/22/2020,"Rappahannock Rapidan","Other Race",39,3,0
10/22/2020,Chickahominy,"Not Reported",507,2,1
10/22/2020,Portsmouth,Black,1603,218,49
10/22/2020,Chickahominy,"Other Race",23,2,0
10/22/2020,"Virginia Beach",Latino,510,29,4
10/22/2020,Chesapeake,White,1692,161,32
10/22/2020,Southside,Black,577,47,22
10/22/2020,Rappahannock,Latino,1436,113,9
10/22/2020,"Three Rivers","Two or more races",13,1,0
10/22/2020,Henrico,Black,1956,224,95
10/22/2020,Pittsylvania-Danville,Black,759,90,21
10/22/2020,"Lord Fairfax","Two or more races",24,0,0
10/22/2020,"Prince William",Latino,7010,681,79
10/22/2020,"Mount Rogers","Other Race",13,2,2
10/22/2020,"Central Shenandoah",Black,274,14,4
10/22/2020,Peninsula,White,1267,90,52
10/22/2020,"Eastern Shore","Not Reported",80,0,0
10/22/2020,"Thomas Jefferson","Other Race",178,5,1
10/22/2020,Hampton,"Other Race",65,2,1
10/22/2020,"Lord Fairfax","Not Reported",431,5,6
10/22/2020,"Central Virginia","Other Race",31,1,0
10/22/2020,"Western Tidewater","Other Race",94,1,2
10/22/2020,Crater,Latino,231,11,4
10/22/2020,Chesapeake,Latino,372,28,2
10/22/2020,Chesterfield,White,2132,166,83
10/22/2020,"Western Tidewater","Not Reported",1046,6,1
10/22/2020,Fairfax,"Not Reported",2602,44,32
10/22/2020,Arlington,Black,450,87,35
10/22/2020,"Central Virginia",Latino,93,6,3
10/22/2020,Alexandria,"Not Reported",267,4,1
10/22/2020,"Three Rivers",Black,767,59,13
10/22/2020,"Prince William","Two or more races",118,1,0
10/22/2020,Loudoun,"Two or more races",60,2,0
10/22/2020,Peninsula,"Other Race",179,3,0
10/22/2020,"Thomas Jefferson",White,2205,102,53
10/22/2020,Norfolk,"Other Race",96,5,2
10/22/2020,"Prince William","Not Reported",4380,28,0
10/22/2020,"West Piedmont",White,1307,153,61
10/22/2020,Rappahannock,Black,986,105,19
10/22/2020,Norfolk,Black,2561,283,59
10/22/2020,Roanoke,Latino,439,25,0
10/22/2020,Piedmont,Latino,76,8,2
10/22/2020,Roanoke,"Not Reported",814,2,0
10/22/2020,"Virginia Beach","Other Race",125,3,0
10/22/2020,Arlington,"Two or more races",48,4,0
10/22/2020,Alexandria,White,838,60,38
10/22/2020,"Lord Fairfax","Other Race",86,6,1
10/22/2020,"Thomas Jefferson","Not Reported",363,3,0
10/22/2020,"Virginia Beach","Not Reported",1938,13,2
10/22/2020,Loudoun,Black,353,35,7
10/22/2020,Pittsylvania-Danville,Latino,78,4,0
10/22/2020,"Cumberland Plateau","Not Reported",118,4,0
10/22/2020,Chesterfield,"Not Reported",1479,5,8
10/22/2020,"Mount Rogers",White,2878,270,133
10/22/2020,Richmond,White,969,48,18
10/22/2020,Lenowisco,"Not Reported",154,4,4
10/22/2020,"Three Rivers",Latino,193,6,1
10/22/2020,Piedmont,"Not Reported",872,11,2
10/22/2020,"Mount Rogers",Latino,307,7,0
10/22/2020,"Central Shenandoah","Two or more races",50,1,0
10/22/2020,Crater,White,1059,60,30
10/22/2020,Arlington,White,1346,141,73
10/22/2020,Pittsylvania-Danville,"Other Race",4,0,0
10/22/2020,Chickahominy,Black,406,56,12
10/22/2020,Fairfax,Black,1900,254,66
10/22/2020,"Eastern Shore",Latino,270,11,3
10/22/2020,Norfolk,White,1038,70,22
10/22/2020,"Mount Rogers","Two or more races",10,1,0
10/22/2020,Alleghany,"Two or more races",19,0,0
10/22/2020,Southside,White,422,32,20
10/22/2020,"Thomas Jefferson","Two or more races",88,1,0
10/22/2020,"Prince William",Black,1671,183,59
10/22/2020,"Lord Fairfax",White,2201,223,102
10/22/2020,"Cumberland Plateau",Latino,15,0,0
10/22/2020,Arlington,"Not Reported",430,4,0
10/22/2020,Rappahannock,"Other Race",142,4,0
10/22/2020,"Rappahannock Rapidan",Black,293,39,12
10/22/2020,"New River","Two or more races",55,0,0
10/22/2020,Arlington,Latino,1844,252,27
10/22/2020,Henrico,White,1751,157,113
10/22/2020,Loudoun,White,1930,126,92
10/22/2020,Hampton,White,327,14,7
10/22/2020,Alleghany,Black,168,7,3
10/22/2020,"Prince William",White,2059,195,98
10/22/2020,Rappahannock,White,1740,164,55
10/22/2020,Southside,"Other Race",15,1,1
10/22/2020,Portsmouth,"Two or more races",22,6,0
10/22/2020,"Western Tidewater",Black,1999,141,68
10/22/2020,Hampton,Latino,76,5,0
10/22/2020,Henrico,"Not Reported",926,3,4
10/22/2020,"West Piedmont","Two or more races",8,0,0
10/22/2020,Peninsula,"Not Reported",1645,3,0
10/22/2020,Loudoun,Latino,2573,224,16
10/22/2020,Alexandria,Black,865,102,20
10/22/2020,Piedmont,Black,656,68,22
10/22/2020,Roanoke,"Other Race",29,1,0
10/22/2020,Alexandria,"Two or more races",28,2,0
10/22/2020,"Western Tidewater",Latino,55,1,2
10/22/2020,Rappahannock,"Not Reported",1467,25,0
10/22/2020,"West Piedmont","Other Race",12,1,1
10/22/2020,Chickahominy,White,1187,114,44
10/22/2020,"Thomas Jefferson",Latino,744,33,3
10/22/2020,"Cumberland Plateau",Black,51,0,0
10/22/2020,"Lord Fairfax",Latino,851,58,9
10/22/2020,"West Piedmont",Latino,286,12,1
10/22/2020,"Cumberland Plateau",White,1065,76,13
10/22/2020,"Eastern Shore","Other Race",13,1,0
10/22/2020,"Cumberland Plateau","Two or more races",10,0,0
10/22/2020,Pittsylvania-Danville,"Two or more races",7,0,0
10/22/2020,Piedmont,"Other Race",13,0,0
10/22/2020,Alexandria,Latino,1910,138,13
10/22/2020,Chesapeake,Black,1907,255,36
10/22/2020,Richmond,"Other Race",173,9,2
10/22/2020,Henrico,Latino,933,59,10
10/22/2020,Piedmont,"Two or more races",7,2,0
10/22/2020,"Prince William","Other Race",564,23,0
10/22/2020,"New River","Not Reported",969,10,0
10/22/2020,"Rappahannock Rapidan",White,1010,67,28
10/22/2020,"Central Virginia","Not Reported",2074,28,7
10/22/2020,"Virginia Beach","Two or more races",80,5,1
10/22/2020,Pittsylvania-Danville,White,740,70,35
10/22/2020,"Lord Fairfax",Black,158,23,7
10/22/2020,Fairfax,Latino,10762,1049,104
10/22/2020,Chesterfield,"Asian or Pacific Islander",110,4,1
10/22/2020,Crater,"Asian or Pacific Islander",27,0,0
10/22/2020,Fairfax,"Asian or Pacific Islander",2059,276,78
10/22/2020,Hampton,"Asian or Pacific Islander",18,0,0
10/22/2020,"Rappahannock Rapidan","Asian or Pacific Islander",15,1,0
10/22/2020,"Mount Rogers","Asian or Pacific Islander",7,1,0
10/22/2020,"New River","Asian or Pacific Islander",115,0,0
10/22/2020,"Central Virginia","Asian or Pacific Islander",31,1,0
10/22/2020,"Lord Fairfax","Asian or Pacific Islander",19,1,0
10/22/2020,Southside,"Asian or Pacific Islander",2,0,0
10/22/2020,Alleghany,"Asian or Pacific Islander",29,0,0
10/22/2020,Portsmouth,"Asian or Pacific Islander",21,1,0
10/22/2020,Roanoke,"Asian or Pacific Islander",41,3,0
10/22/2020,Richmond,"Asian or Pacific Islander",58,4,1
10/22/2020,"Thomas Jefferson","Asian or Pacific Islander",96,1,1
10/22/2020,"Virginia Beach","Asian or Pacific Islander",315,31,6
10/22/2020,Henrico,"Asian or Pacific Islander",248,12,4
10/22/2020,Piedmont,"Asian or Pacific Islander",10,0,1
10/22/2020,"Western Tidewater","Asian or Pacific Islander",21,2,3
10/22/2020,"West Piedmont","Asian or Pacific Islander",13,2,1
10/22/2020,Chickahominy,"Asian or Pacific Islander",18,1,0
10/22/2020,Peninsula,"Asian or Pacific Islander",59,5,7
10/22/2020,Norfolk,"Asian or Pacific Islander",72,9,0
10/22/2020,Arlington,"Asian or Pacific Islander",227,26,13
10/22/2020,Loudoun,"Asian or Pacific Islander",509,60,12
10/22/2020,Alexandria,"Asian or Pacific Islander",155,11,1
10/22/2020,Rappahannock,"Asian or Pacific Islander",99,11,3
10/22/2020,Chesapeake,"Asian or Pacific Islander",93,12,6
10/22/2020,"Cumberland Plateau and Lenowisco","Asian or Pacific Islander",2,0,0
10/22/2020,"Central Shenandoah","Asian or Pacific Islander",82,2,0
10/22/2020,"Prince William","Asian or Pacific Islander",665,62,21
10/22/2020,Pittsylvania-Danville,"Asian or Pacific Islander",4,0,0
10/22/2020,"Eastern Shore and Three Rivers","Asian or Pacific Islander",13,1,0
10/22/2020,Piedmont,"Native American",5,0,0
10/22/2020,"New River","Native American",4,0,0
10/22/2020,"Central Shenandoah","Native American",3,1,0
10/22/2020,"Eastern Shore and Three Rivers","Native American",1,0,0
10/22/2020,Fairfax,"Native American",35,1,1
10/22/2020,Chesapeake,"Native American",12,0,0
10/22/2020,"Western Tidewater","Native American",2,0,0
10/22/2020,Portsmouth,"Native American",4,2,0
10/22/2020,Richmond,"Native American",4,0,0
10/22/2020,Chickahominy,"Native American",6,1,0
10/22/2020,"Thomas Jefferson","Native American",4,0,0
10/22/2020,Arlington,"Native American",5,0,0
10/22/2020,"Virginia Beach","Native American",13,0,0
10/22/2020,Peninsula,"Native American",8,2,1
10/22/2020,Hampton,"Native American",4,0,1
10/22/2020,"West Piedmont","Native American",2,0,0
10/22/2020,"Cumberland Plateau, Lenowisco, and Mount Rogers","Native American",3,0,0
10/22/2020,Henrico,"Native American",11,0,0
10/22/2020,Norfolk,"Native American",9,1,1
10/22/2020,"Prince William","Native American",29,1,1
10/22/2020,"Central Virginia","Native American",7,0,0
10/22/2020,Chesterfield,"Native American",9,1,0
10/22/2020,Rappahannock,"Native American",6,0,0
10/22/2020,Loudoun,"Native American",6,0,0
10/22/2020,Alexandria,"Native American",4,0,0
10/22/2020,"Alleghany and Roanoke","Native American",5,0,0
10/22/2020,Crater,"Native American",6,1,1
10/22/2020,"Rappahannock Rapidan","Native American",1,0,0
10/22/2020,"Lord Fairfax","Native American",3,1,1
10/22/2020,"Pittsylvania-Danville and Southside","Native American",0,0,0
10/23/2020,"Rappahannock Rapidan","Not Reported",704,13,7
10/23/2020,Portsmouth,"Other Race",64,9,5
10/23/2020,"Western Tidewater","Two or more races",90,1,0
10/23/2020,Piedmont,White,766,60,28
10/23/2020,Chesterfield,Latino,2013,116,7
10/23/2020,Lenowisco,White,1128,97,18
10/23/2020,Lenowisco,"Two or more races",13,1,0
10/23/2020,Hampton,"Not Reported",616,2,1
10/23/2020,Southside,"Not Reported",685,10,5
10/23/2020,Roanoke,Black,559,38,9
10/23/2020,Hampton,Black,948,64,22
10/23/2020,Alleghany,"Other Race",16,1,0
10/23/2020,Lenowisco,Latino,21,0,0
10/23/2020,Loudoun,"Other Race",263,17,3
10/23/2020,"Central Shenandoah",Latino,1226,60,6
10/23/2020,"Rappahannock Rapidan",Latino,876,65,8
10/23/2020,"Eastern Shore",Black,865,100,29
10/23/2020,Norfolk,Latino,387,29,0
10/23/2020,Hampton,"Two or more races",19,0,0
10/23/2020,Richmond,Black,1806,265,37
10/23/2020,Henrico,"Two or more races",90,6,2
10/23/2020,Fairfax,"Two or more races",140,6,0
10/23/2020,Alleghany,"Not Reported",697,5,0
10/23/2020,Portsmouth,"Not Reported",580,6,1
10/23/2020,"Cumberland Plateau","Other Race",4,1,0
10/23/2020,Southside,"Two or more races",34,0,0
10/23/2020,Portsmouth,White,392,47,13
10/23/2020,"Rappahannock Rapidan","Two or more races",40,3,0
10/23/2020,Fairfax,White,4883,535,321
10/23/2020,Fairfax,"Other Race",916,87,19
10/23/2020,Crater,"Two or more races",13,0,0
10/23/2020,"West Piedmont","Not Reported",611,22,3
10/23/2020,Henrico,"Other Race",199,16,0
10/23/2020,"Three Rivers",White,908,62,22
10/23/2020,"Central Virginia",Black,447,39,16
10/23/2020,Lenowisco,"Other Race",10,0,0
10/23/2020,"Three Rivers","Other Race",24,3,0
10/23/2020,"Western Tidewater",White,1199,77,72
10/23/2020,"Mount Rogers",Black,79,9,3
10/23/2020,"Three Rivers","Not Reported",282,4,1
10/23/2020,"Thomas Jefferson",Black,592,78,18
10/23/2020,"Eastern Shore",White,289,32,18
10/23/2020,"Central Virginia",White,1847,103,33
10/23/2020,Lenowisco,Black,14,1,1
10/23/2020,"Central Virginia","Two or more races",20,0,0
10/23/2020,Richmond,"Two or more races",48,2,1
10/23/2020,Crater,"Not Reported",1100,10,6
10/23/2020,Chesterfield,"Two or more races",53,6,0
10/23/2020,"New River",Latino,244,5,0
10/23/2020,Richmond,Latino,1410,116,8
10/23/2020,Portsmouth,Latino,85,11,1
10/23/2020,Pittsylvania-Danville,"Not Reported",806,12,2
10/23/2020,Chesapeake,"Not Reported",613,4,0
10/23/2020,Chickahominy,Latino,107,6,0
10/23/2020,Chesterfield,Black,1488,139,33
10/23/2020,Chesterfield,"Other Race",162,11,0
10/23/2020,Peninsula,Black,1338,88,28
10/23/2020,Roanoke,White,651,22,26
10/23/2020,"New River",Black,264,5,1
10/23/2020,Southside,Latino,9,0,0
10/23/2020,Peninsula,Latino,423,23,2
10/23/2020,Rappahannock,"Two or more races",47,3,0
10/23/2020,"Virginia Beach",Black,1873,142,29
10/23/2020,"Mount Rogers","Not Reported",206,10,6
10/23/2020,Loudoun,"Not Reported",1966,6,0
10/23/2020,Chesapeake,"Other Race",56,5,1
10/23/2020,Chickahominy,"Two or more races",7,1,0
10/23/2020,Crater,"Other Race",63,0,0
10/23/2020,Norfolk,"Two or more races",60,3,0
10/23/2020,"Eastern Shore","Two or more races",1,1,0
10/23/2020,"Central Shenandoah",White,3895,209,67
10/23/2020,"New River","Other Race",18,0,0
10/23/2020,"New River",White,2499,56,26
10/23/2020,"Central Shenandoah","Other Race",95,2,0
10/23/2020,"West Piedmont",Black,556,96,18
10/23/2020,Alleghany,Latino,180,13,0
10/23/2020,"Central Shenandoah","Not Reported",979,3,1
10/23/2020,Roanoke,"Two or more races",16,2,0
10/23/2020,Peninsula,"Two or more races",58,4,1
10/23/2020,Richmond,"Not Reported",734,1,1
10/23/2020,Arlington,"Other Race",108,10,4
10/23/2020,Norfolk,"Not Reported",1036,3,1
10/23/2020,Alexandria,"Other Race",96,9,2
10/23/2020,"Virginia Beach",White,2852,203,61
10/23/2020,Chesapeake,"Two or more races",60,4,1
10/23/2020,Alleghany,White,1347,86,32
10/23/2020,"Rappahannock Rapidan","Other Race",38,3,0
10/23/2020,Chickahominy,"Not Reported",512,2,1
10/23/2020,Portsmouth,Black,1625,219,49
10/23/2020,Chickahominy,"Other Race",23,2,0
10/23/2020,"Virginia Beach",Latino,518,31,4
10/23/2020,Chesapeake,White,1703,164,32
10/23/2020,Southside,Black,580,47,22
10/23/2020,Rappahannock,Latino,1439,113,9
10/23/2020,"Three Rivers","Two or more races",13,1,0
10/23/2020,Henrico,Black,1971,226,96
10/23/2020,Pittsylvania-Danville,Black,762,91,21
10/23/2020,"Lord Fairfax","Two or more races",25,0,0
10/23/2020,"Prince William",Latino,7044,681,79
10/23/2020,"Mount Rogers","Other Race",14,2,2
10/23/2020,"Central Shenandoah",Black,276,14,4
10/23/2020,Peninsula,White,1274,90,52
10/23/2020,"Eastern Shore","Not Reported",80,0,0
10/23/2020,"Thomas Jefferson","Other Race",179,5,1
10/23/2020,Hampton,"Other Race",65,2,1
10/23/2020,"Lord Fairfax","Not Reported",445,5,6
10/23/2020,"Central Virginia","Other Race",31,1,0
10/23/2020,"Western Tidewater","Other Race",96,1,2
10/23/2020,Crater,Latino,233,11,4
10/23/2020,Chesapeake,Latino,374,28,2
10/23/2020,Chesterfield,White,2150,168,83
10/23/2020,"Western Tidewater","Not Reported",1057,6,1
10/23/2020,Fairfax,"Not Reported",2615,45,32
10/23/2020,Arlington,Black,454,88,36
10/23/2020,"Central Virginia",Latino,95,7,4
10/23/2020,Alexandria,"Not Reported",264,4,1
10/23/2020,"Three Rivers",Black,774,59,14
10/23/2020,"Prince William","Two or more races",118,1,0
10/23/2020,Loudoun,"Two or more races",62,2,0
10/23/2020,Peninsula,"Other Race",181,3,0
10/23/2020,"Thomas Jefferson",White,2223,102,54
10/23/2020,Norfolk,"Other Race",98,5,2
10/23/2020,"Prince William","Not Reported",4398,28,0
10/23/2020,"West Piedmont",White,1322,155,62
10/23/2020,Rappahannock,Black,992,105,19
10/23/2020,Norfolk,Black,2568,284,59
10/23/2020,Roanoke,Latino,445,25,0
10/23/2020,Piedmont,Latino,76,8,2
10/23/2020,Roanoke,"Not Reported",835,2,0
10/23/2020,"Virginia Beach","Other Race",126,3,0
10/23/2020,Arlington,"Two or more races",48,4,0
10/23/2020,Alexandria,White,840,60,38
10/23/2020,"Lord Fairfax","Other Race",85,6,1
10/23/2020,"Thomas Jefferson","Not Reported",363,3,0
10/23/2020,"Virginia Beach","Not Reported",1946,14,2
10/23/2020,Loudoun,Black,356,35,7
10/23/2020,Pittsylvania-Danville,Latino,78,4,0
10/23/2020,"Cumberland Plateau","Not Reported",116,4,0
10/23/2020,Chesterfield,"Not Reported",1475,5,8
10/23/2020,"Mount Rogers",White,2923,271,133
10/23/2020,Richmond,White,984,48,18
10/23/2020,Lenowisco,"Not Reported",156,4,4
10/23/2020,"Three Rivers",Latino,193,6,1
10/23/2020,Piedmont,"Not Reported",871,11,2
10/23/2020,"Mount Rogers",Latino,307,7,0
10/23/2020,"Central Shenandoah","Two or more races",50,1,0
10/23/2020,Crater,White,1064,60,30
10/23/2020,Arlington,White,1362,143,73
10/23/2020,Pittsylvania-Danville,"Other Race",3,0,0
10/23/2020,Chickahominy,Black,408,56,12
10/23/2020,Fairfax,Black,1907,254,66
10/23/2020,"Eastern Shore",Latino,270,11,3
10/23/2020,Norfolk,White,1052,71,22
10/23/2020,"Mount Rogers","Two or more races",10,1,0
10/23/2020,Alleghany,"Two or more races",20,0,0
10/23/2020,Southside,White,424,32,20
10/23/2020,"Thomas Jefferson","Two or more races",88,1,0
10/23/2020,"Prince William",Black,1677,183,59
10/23/2020,"Lord Fairfax",White,2214,226,104
10/23/2020,"Cumberland Plateau",Latino,14,0,0
10/23/2020,Arlington,"Not Reported",432,5,0
10/23/2020,Rappahannock,"Other Race",143,4,0
10/23/2020,"Rappahannock Rapidan",Black,296,40,12
10/23/2020,"New River","Two or more races",56,0,0
10/23/2020,Arlington,Latino,1853,254,27
10/23/2020,Henrico,White,1767,157,112
10/23/2020,Loudoun,White,1943,126,92
10/23/2020,Hampton,White,331,14,7
10/23/2020,Alleghany,Black,174,7,3
10/23/2020,"Prince William",White,2081,194,98
10/23/2020,Rappahannock,White,1759,165,55
10/23/2020,Southside,"Other Race",15,1,1
10/23/2020,Portsmouth,"Two or more races",22,6,0
10/23/2020,"Western Tidewater",Black,2006,145,68
10/23/2020,Hampton,Latino,78,5,0
10/23/2020,Henrico,"Not Reported",920,2,4
10/23/2020,"West Piedmont","Two or more races",8,0,0
10/23/2020,Peninsula,"Not Reported",1643,3,0
10/23/2020,Loudoun,Latino,2594,225,16
10/23/2020,Alexandria,Black,869,102,20
10/23/2020,Piedmont,Black,663,69,22
10/23/2020,Roanoke,"Other Race",30,1,0
10/23/2020,Alexandria,"Two or more races",28,2,0
10/23/2020,"Western Tidewater",Latino,55,1,2
10/23/2020,Rappahannock,"Not Reported",1471,25,0
10/23/2020,"West Piedmont","Other Race",12,1,1
10/23/2020,Chickahominy,White,1194,114,44
10/23/2020,"Thomas Jefferson",Latino,744,33,3
10/23/2020,"Cumberland Plateau",Black,51,0,0
10/23/2020,"Lord Fairfax",Latino,858,57,9
10/23/2020,"West Piedmont",Latino,286,12,1
10/23/2020,"Cumberland Plateau",White,1099,77,13
10/23/2020,"Eastern Shore","Other Race",13,1,0
10/23/2020,"Cumberland Plateau","Two or more races",10,0,0
10/23/2020,Pittsylvania-Danville,"Two or more races",8,0,0
10/23/2020,Piedmont,"Other Race",15,0,0
10/23/2020,Alexandria,Latino,1922,138,13
10/23/2020,Chesapeake,Black,1912,255,36
10/23/2020,Richmond,"Other Race",174,9,2
10/23/2020,Henrico,Latino,934,60,11
10/23/2020,Piedmont,"Two or more races",7,2,0
10/23/2020,"Prince William","Other Race",568,23,0
10/23/2020,"New River","Not Reported",979,10,0
10/23/2020,"Rappahannock Rapidan",White,1021,68,28
10/23/2020,"Central Virginia","Not Reported",2082,26,6
10/23/2020,"Virginia Beach","Two or more races",80,5,1
10/23/2020,Pittsylvania-Danville,White,748,71,36
10/23/2020,"Lord Fairfax",Black,159,23,7
10/23/2020,Fairfax,Latino,10798,1051,104
10/23/2020,Chesterfield,"Asian or Pacific Islander",112,5,1
10/23/2020,Crater,"Asian or Pacific Islander",27,0,0
10/23/2020,Fairfax,"Asian or Pacific Islander",2072,276,78
10/23/2020,Hampton,"Asian or Pacific Islander",18,0,0
10/23/2020,"Rappahannock Rapidan","Asian or Pacific Islander",16,1,0
10/23/2020,"Mount Rogers","Asian or Pacific Islander",7,1,0
10/23/2020,"New River","Asian or Pacific Islander",116,0,0
10/23/2020,"Central Virginia","Asian or Pacific Islander",31,1,0
10/23/2020,"Lord Fairfax","Asian or Pacific Islander",20,1,0
10/23/2020,Southside,"Asian or Pacific Islander",2,0,0
10/23/2020,Alleghany,"Asian or Pacific Islander",29,0,0
10/23/2020,Portsmouth,"Asian or Pacific Islander",21,1,0
10/23/2020,Roanoke,"Asian or Pacific Islander",41,3,0
10/23/2020,Richmond,"Asian or Pacific Islander",59,4,1
10/23/2020,"Thomas Jefferson","Asian or Pacific Islander",103,1,1
10/23/2020,"Virginia Beach","Asian or Pacific Islander",314,30,6
10/23/2020,Henrico,"Asian or Pacific Islander",243,11,4
10/23/2020,Piedmont,"Asian or Pacific Islander",10,0,1
10/23/2020,"Western Tidewater","Asian or Pacific Islander",21,2,3
10/23/2020,"West Piedmont","Asian or Pacific Islander",13,2,1
10/23/2020,Chickahominy,"Asian or Pacific Islander",18,1,0
10/23/2020,Peninsula,"Asian or Pacific Islander",60,5,7
10/23/2020,Norfolk,"Asian or Pacific Islander",72,9,0
10/23/2020,Arlington,"Asian or Pacific Islander",226,27,13
10/23/2020,Loudoun,"Asian or Pacific Islander",514,60,12
10/23/2020,Alexandria,"Asian or Pacific Islander",156,11,1
10/23/2020,Rappahannock,"Asian or Pacific Islander",100,11,3
10/23/2020,Chesapeake,"Asian or Pacific Islander",93,12,6
10/23/2020,"Cumberland Plateau and Lenowisco","Asian or Pacific Islander",2,0,0
10/23/2020,"Central Shenandoah","Asian or Pacific Islander",83,2,0
10/23/2020,"Prince William","Asian or Pacific Islander",666,62,21
10/23/2020,Pittsylvania-Danville,"Asian or Pacific Islander",4,0,0
10/23/2020,"Eastern Shore and Three Rivers","Asian or Pacific Islander",13,1,0
10/23/2020,Piedmont,"Native American",5,0,0
10/23/2020,"New River","Native American",4,0,0
10/23/2020,"Central Shenandoah","Native American",3,1,0
10/23/2020,"Eastern Shore and Three Rivers","Native American",1,0,0
10/23/2020,Fairfax,"Native American",36,1,1
10/23/2020,Chesapeake,"Native American",12,0,0
10/23/2020,"Western Tidewater","Native American",2,0,0
10/23/2020,Portsmouth,"Native American",4,2,0
10/23/2020,Richmond,"Native American",3,0,0
10/23/2020,Chickahominy,"Native American",6,1,0
10/23/2020,"Thomas Jefferson","Native American",4,0,0
10/23/2020,Arlington,"Native American",5,0,0
10/23/2020,"Virginia Beach","Native American",13,0,0
10/23/2020,Peninsula,"Native American",8,2,1
10/23/2020,Hampton,"Native American",4,0,1
10/23/2020,"West Piedmont","Native American",2,0,0
10/23/2020,"Cumberland Plateau, Lenowisco, and Mount Rogers","Native American",3,0,0
10/23/2020,Henrico,"Native American",12,0,0
10/23/2020,Norfolk,"Native American",9,1,1
10/23/2020,"Prince William","Native American",30,1,1
10/23/2020,"Central Virginia","Native American",7,0,0
10/23/2020,Chesterfield,"Native American",8,1,0
10/23/2020,Rappahannock,"Native American",6,0,0
10/23/2020,Loudoun,"Native American",6,0,0
10/23/2020,Alexandria,"Native American",4,0,0
10/23/2020,"Alleghany and Roanoke","Native American",5,0,0
10/23/2020,Crater,"Native American",6,1,1
10/23/2020,"Rappahannock Rapidan","Native American",2,0,0
10/23/2020,"Lord Fairfax","Native American",3,1,1
10/23/2020,"Pittsylvania-Danville and Southside","Native American",0,0,0
10/24/2020,"Rappahannock Rapidan","Not Reported",704,13,7
10/24/2020,Portsmouth,"Other Race",63,9,5
10/24/2020,"Western Tidewater","Two or more races",89,1,0
10/24/2020,Piedmont,White,782,60,28
10/24/2020,Chesterfield,Latino,2018,116,7
10/24/2020,Lenowisco,White,1167,98,19
10/24/2020,Lenowisco,"Two or more races",13,1,0
10/24/2020,Hampton,"Not Reported",617,2,1
10/24/2020,Southside,"Not Reported",685,10,5
10/24/2020,Roanoke,Black,569,38,8
10/24/2020,Hampton,Black,957,65,23
10/24/2020,Alleghany,"Other Race",17,1,0
10/24/2020,Lenowisco,Latino,21,0,0
10/24/2020,Loudoun,"Other Race",262,17,3
10/24/2020,"Central Shenandoah",Latino,1228,60,6
10/24/2020,"Rappahannock Rapidan",Latino,876,65,8
10/24/2020,"Eastern Shore",Black,865,100,29
10/24/2020,Norfolk,Latino,390,29,0
10/24/2020,Hampton,"Two or more races",19,0,0
10/24/2020,Richmond,Black,1816,265,39
10/24/2020,Henrico,"Two or more races",90,6,2
10/24/2020,Fairfax,"Two or more races",138,6,0
10/24/2020,Alleghany,"Not Reported",712,5,0
10/24/2020,Portsmouth,"Not Reported",489,6,1
10/24/2020,"Cumberland Plateau","Other Race",4,1,0
10/24/2020,Southside,"Two or more races",38,0,0
10/24/2020,Portsmouth,White,407,47,13
10/24/2020,"Rappahannock Rapidan","Two or more races",40,3,0
10/24/2020,Fairfax,White,4918,538,321
10/24/2020,Fairfax,"Other Race",918,87,19
10/24/2020,Crater,"Two or more races",13,0,0
10/24/2020,"West Piedmont","Not Reported",632,22,3
10/24/2020,Henrico,"Other Race",200,16,0
10/24/2020,"Three Rivers",White,914,62,22
10/24/2020,"Central Virginia",Black,450,39,17
10/24/2020,Lenowisco,"Other Race",10,0,0
10/24/2020,"Three Rivers","Other Race",24,3,0
10/24/2020,"Western Tidewater",White,1203,77,75
10/24/2020,"Mount Rogers",Black,83,9,3
10/24/2020,"Three Rivers","Not Reported",281,4,1
10/24/2020,"Thomas Jefferson",Black,594,83,18
10/24/2020,"Eastern Shore",White,290,32,18
10/24/2020,"Central Virginia",White,1867,103,33
10/24/2020,Lenowisco,Black,15,1,1
10/24/2020,"Central Virginia","Two or more races",20,0,0
10/24/2020,Richmond,"Two or more races",48,2,1
10/24/2020,Crater,"Not Reported",1104,10,6
10/24/2020,Chesterfield,"Two or more races",54,6,0
10/24/2020,"New River",Latino,244,5,0
10/24/2020,Richmond,Latino,1411,116,8
10/24/2020,Portsmouth,Latino,91,11,1
10/24/2020,Pittsylvania-Danville,"Not Reported",790,13,2
10/24/2020,Chesapeake,"Not Reported",613,4,0
10/24/2020,Chickahominy,Latino,107,6,0
10/24/2020,Crater,Black,2425,217,74
10/24/2020,Chesterfield,Black,1498,140,33
10/24/2020,Chesterfield,"Other Race",166,11,0
10/24/2020,Peninsula,Black,1346,89,29
10/24/2020,Roanoke,White,673,23,29
10/24/2020,"New River",Black,266,5,1
10/24/2020,Southside,Latino,9,0,0
10/24/2020,Peninsula,Latino,428,23,2
10/24/2020,Rappahannock,"Two or more races",48,3,0
10/24/2020,"Virginia Beach",Black,1876,143,29
10/24/2020,"Mount Rogers","Not Reported",211,10,6
10/24/2020,Loudoun,"Not Reported",1956,5,0
10/24/2020,Chesapeake,"Other Race",56,5,1
10/24/2020,Chickahominy,"Two or more races",7,1,0
10/24/2020,Crater,"Other Race",63,0,0
10/24/2020,Norfolk,"Two or more races",59,3,0
10/24/2020,"Eastern Shore","Two or more races",1,1,0
10/24/2020,"Central Shenandoah",White,3916,210,71
10/24/2020,"New River","Other Race",18,0,0
10/24/2020,"New River",White,2539,56,26
10/24/2020,"Central Shenandoah","Other Race",95,2,0
10/24/2020,"West Piedmont",Black,559,97,18
10/24/2020,Alleghany,Latino,180,13,0
10/24/2020,"Central Shenandoah","Not Reported",1007,3,1
10/24/2020,Roanoke,"Two or more races",16,2,0
10/24/2020,Peninsula,"Two or more races",60,4,1
10/24/2020,Richmond,"Not Reported",733,1,1
10/24/2020,Arlington,"Other Race",108,10,4
10/24/2020,Norfolk,"Not Reported",1047,3,1
10/24/2020,Alexandria,"Other Race",95,9,2
10/24/2020,"Virginia Beach",White,2877,204,62
10/24/2020,Chesapeake,"Two or more races",60,4,1
10/24/2020,Alleghany,White,1374,87,32
10/24/2020,"Rappahannock Rapidan","Other Race",39,3,0
10/24/2020,Chickahominy,"Not Reported",518,2,1
10/24/2020,Portsmouth,Black,1701,224,49
10/24/2020,Chickahominy,"Other Race",24,2,0
10/24/2020,"Virginia Beach",Latino,524,31,4
10/24/2020,Chesapeake,White,1707,164,32
10/24/2020,Southside,Black,585,47,22
10/24/2020,Rappahannock,Latino,1441,113,9
10/24/2020,"Three Rivers","Two or more races",13,1,0
10/24/2020,Henrico,Black,1977,226,97
10/24/2020,Pittsylvania-Danville,Black,770,94,21
10/24/2020,"Lord Fairfax","Two or more races",26,0,0
10/24/2020,"Prince William",Latino,7057,682,79
10/24/2020,"Mount Rogers","Other Race",14,2,2
10/24/2020,"Central Shenandoah",Black,278,14,4
10/24/2020,Peninsula,White,1283,91,52
10/24/2020,"Eastern Shore","Not Reported",80,0,0
10/24/2020,"Thomas Jefferson","Other Race",180,5,1
10/24/2020,Hampton,"Other Race",65,2,1
10/24/2020,"Lord Fairfax","Not Reported",444,5,6
10/24/2020,"Central Virginia","Other Race",31,1,0
10/24/2020,"Western Tidewater","Other Race",96,1,2
10/24/2020,Crater,Latino,233,11,4
10/24/2020,Chesapeake,Latino,379,28,2
10/24/2020,Chesterfield,White,2190,170,84
10/24/2020,"Western Tidewater","Not Reported",1057,6,1
10/24/2020,Fairfax,"Not Reported",2624,45,32
10/24/2020,Arlington,Black,459,89,36
10/24/2020,"Central Virginia",Latino,96,7,4
10/24/2020,Alexandria,"Not Reported",267,4,1
10/24/2020,"Three Rivers",Black,777,59,15
10/24/2020,"Prince William","Two or more races",119,1,0
10/24/2020,Loudoun,"Two or more races",62,2,0
10/24/2020,Peninsula,"Other Race",182,3,0
10/24/2020,"Thomas Jefferson",White,2243,104,54
10/24/2020,Norfolk,"Other Race",98,5,2
10/24/2020,"Prince William","Not Reported",4394,28,0
10/24/2020,"West Piedmont",White,1339,156,63
10/24/2020,Rappahannock,Black,997,105,19
10/24/2020,Norfolk,Black,2574,285,59
10/24/2020,Roanoke,Latino,453,25,0
10/24/2020,Piedmont,Latino,76,8,2
10/24/2020,Roanoke,"Not Reported",841,2,0
10/24/2020,"Virginia Beach","Other Race",127,3,0
10/24/2020,Arlington,"Two or more races",49,4,0
10/24/2020,Alexandria,White,844,61,38
10/24/2020,"Lord Fairfax","Other Race",87,6,1
10/24/2020,"Thomas Jefferson","Not Reported",377,3,0
10/24/2020,"Virginia Beach","Not Reported",1945,15,2
10/24/2020,Loudoun,Black,356,35,7
10/24/2020,Pittsylvania-Danville,Latino,82,4,0
10/24/2020,"Cumberland Plateau","Not Reported",119,4,0
10/24/2020,Chesterfield,"Not Reported",1490,6,8
10/24/2020,"Mount Rogers",White,2967,271,135
10/24/2020,Richmond,White,988,52,24
10/24/2020,Lenowisco,"Not Reported",166,4,4
10/24/2020,"Three Rivers",Latino,195,6,1
10/24/2020,Piedmont,"Not Reported",875,11,2
10/24/2020,"Mount Rogers",Latino,309,7,0
10/24/2020,"Central Shenandoah","Two or more races",50,1,0
10/24/2020,Crater,White,1072,61,30
10/24/2020,Arlington,White,1380,143,74
10/24/2020,Pittsylvania-Danville,"Other Race",4,0,0
10/24/2020,Chickahominy,Black,410,56,12
10/24/2020,Fairfax,Black,1912,255,66
10/24/2020,"Eastern Shore",Latino,270,11,3
10/24/2020,Norfolk,White,1056,71,22
10/24/2020,"Mount Rogers","Two or more races",11,1,0
10/24/2020,Alleghany,"Two or more races",20,0,0
10/24/2020,Southside,White,435,32,20
10/24/2020,"Thomas Jefferson","Two or more races",89,1,0
10/24/2020,"Prince William",Black,1687,183,59
10/24/2020,"Lord Fairfax",White,2232,227,106
10/24/2020,"Cumberland Plateau",Latino,14,0,0
10/24/2020,Arlington,"Not Reported",419,5,0
10/24/2020,Rappahannock,"Other Race",145,4,0
10/24/2020,"Rappahannock Rapidan",Black,297,40,12
10/24/2020,"New River","Two or more races",68,0,0
10/24/2020,Arlington,Latino,1862,255,27
10/24/2020,Henrico,White,1779,158,114
10/24/2020,Loudoun,White,1952,128,92
10/24/2020,Hampton,White,331,14,6
10/24/2020,Alleghany,Black,177,8,4
10/24/2020,"Prince William",White,2090,194,98
10/24/2020,Rappahannock,White,1770,166,57
10/24/2020,Southside,"Other Race",15,1,1
10/24/2020,Portsmouth,"Two or more races",22,6,0
10/24/2020,"Western Tidewater",Black,2016,145,71
10/24/2020,Hampton,Latino,79,5,0
10/24/2020,Henrico,"Not Reported",936,2,4
10/24/2020,"West Piedmont","Two or more races",8,0,0
10/24/2020,Peninsula,"Not Reported",1650,3,0
10/24/2020,Loudoun,Latino,2611,227,16
10/24/2020,Alexandria,Black,872,101,19
10/24/2020,Piedmont,Black,667,70,23
10/24/2020,Roanoke,"Other Race",30,1,0
10/24/2020,Alexandria,"Two or more races",28,2,0
10/24/2020,"Western Tidewater",Latino,55,1,2
10/24/2020,Rappahannock,"Not Reported",1470,25,0
10/24/2020,"West Piedmont","Other Race",12,1,1
10/24/2020,Chickahominy,White,1205,115,44
10/24/2020,"Thomas Jefferson",Latino,744,33,3
10/24/2020,"Cumberland Plateau",Black,51,0,0
10/24/2020,"Lord Fairfax",Latino,861,57,9
10/24/2020,"West Piedmont",Latino,287,12,1
10/24/2020,"Cumberland Plateau",White,1114,78,13
10/24/2020,"Eastern Shore","Other Race",13,1,0
10/24/2020,"Cumberland Plateau","Two or more races",10,0,0
10/24/2020,Pittsylvania-Danville,"Two or more races",8,0,0
10/24/2020,Piedmont,"Other Race",16,0,0
10/24/2020,Alexandria,Latino,1933,135,13
10/24/2020,Chesapeake,Black,1913,257,36
10/24/2020,Richmond,"Other Race",177,9,2
10/24/2020,Henrico,Latino,937,60,11
10/24/2020,Piedmont,"Two or more races",8,2,0
10/24/2020,"Prince William","Other Race",570,23,0
10/24/2020,"New River","Not Reported",988,10,0
10/24/2020,"Rappahannock Rapidan",White,1028,68,28
10/24/2020,"Central Virginia","Not Reported",2093,26,6
10/24/2020,"Virginia Beach","Two or more races",81,5,1
10/24/2020,Pittsylvania-Danville,White,764,73,36
10/24/2020,"Lord Fairfax",Black,160,23,7
10/24/2020,Fairfax,Latino,10839,1051,104
10/24/2020,Chesterfield,"Asian or Pacific Islander",114,5,1
10/24/2020,Crater,"Asian or Pacific Islander",27,0,0
10/24/2020,Fairfax,"Asian or Pacific Islander",2078,277,78
10/24/2020,Hampton,"Asian or Pacific Islander",18,0,0
10/24/2020,"Rappahannock Rapidan","Asian or Pacific Islander",16,1,0
10/24/2020,"Mount Rogers","Asian or Pacific Islander",7,1,0
10/24/2020,"New River","Asian or Pacific Islander",118,0,0
10/24/2020,"Central Virginia","Asian or Pacific Islander",32,1,0
10/24/2020,"Lord Fairfax","Asian or Pacific Islander",20,1,0
10/24/2020,Southside,"Asian or Pacific Islander",2,0,0
10/24/2020,Alleghany,"Asian or Pacific Islander",30,0,0
10/24/2020,Portsmouth,"Asian or Pacific Islander",21,1,0
10/24/2020,Roanoke,"Asian or Pacific Islander",41,3,0
10/24/2020,Richmond,"Asian or Pacific Islander",59,4,1
10/24/2020,"Thomas Jefferson","Asian or Pacific Islander",109,1,1
10/24/2020,"Virginia Beach","Asian or Pacific Islander",315,30,6
10/24/2020,Henrico,"Asian or Pacific Islander",244,11,4
10/24/2020,Piedmont,"Asian or Pacific Islander",10,0,1
10/24/2020,"Western Tidewater","Asian or Pacific Islander",21,2,3
10/24/2020,"West Piedmont","Asian or Pacific Islander",13,2,1
10/24/2020,Chickahominy,"Asian or Pacific Islander",18,1,0
10/24/2020,Peninsula,"Asian or Pacific Islander",64,5,7
10/24/2020,Norfolk,"Asian or Pacific Islander",73,9,0
10/24/2020,Arlington,"Asian or Pacific Islander",226,27,13
10/24/2020,Loudoun,"Asian or Pacific Islander",525,61,12
10/24/2020,Alexandria,"Asian or Pacific Islander",157,11,1
10/24/2020,Rappahannock,"Asian or Pacific Islander",100,11,3
10/24/2020,Chesapeake,"Asian or Pacific Islander",93,12,6
10/24/2020,"Cumberland Plateau and Lenowisco","Asian or Pacific Islander",2,0,0
10/24/2020,"Central Shenandoah","Asian or Pacific Islander",86,2,0
10/24/2020,"Prince William","Asian or Pacific Islander",668,62,21
10/24/2020,Pittsylvania-Danville,"Asian or Pacific Islander",4,0,0
10/24/2020,"Eastern Shore and Three Rivers","Asian or Pacific Islander",14,1,0
10/24/2020,Piedmont,"Native American",5,0,0
10/24/2020,"New River","Native American",5,0,0
10/24/2020,"Central Shenandoah","Native American",3,1,0
10/24/2020,"Eastern Shore and Three Rivers","Native American",1,0,0
10/24/2020,Fairfax,"Native American",36,1,1
10/24/2020,Chesapeake,"Native American",12,0,0
10/24/2020,"Western Tidewater","Native American",2,0,0
10/24/2020,Portsmouth,"Native American",4,2,0
10/24/2020,Richmond,"Native American",3,0,0
10/24/2020,Chickahominy,"Native American",6,1,0
10/24/2020,"Thomas Jefferson","Native American",4,0,0
10/24/2020,Arlington,"Native American",5,0,0
10/24/2020,"Virginia Beach","Native American",13,0,0
10/24/2020,Peninsula,"Native American",7,2,1
10/24/2020,Hampton,"Native American",4,0,1
10/24/2020,"West Piedmont","Native American",2,0,0
10/24/2020,"Cumberland Plateau, Lenowisco, and Mount Rogers","Native American",3,0,0
10/24/2020,Henrico,"Native American",12,0,0
10/24/2020,Norfolk,"Native American",9,1,1
10/24/2020,"Prince William","Native American",30,1,1
10/24/2020,"Central Virginia","Native American",7,0,0
10/24/2020,Chesterfield,"Native American",8,1,0
10/24/2020,Rappahannock,"Native American",6,0,0
10/24/2020,Loudoun,"Native American",6,0,0
10/24/2020,Alexandria,"Native American",4,0,0
10/24/2020,"Alleghany and Roanoke","Native American",5,0,0
10/24/2020,Crater,"Native American",6,1,1
10/24/2020,"Rappahannock Rapidan","Native American",2,0,0
10/24/2020,"Lord Fairfax","Native American",3,1,1
10/24/2020,"Pittsylvania-Danville and Southside","Native American",0,0,0
10/25/2020,"Rappahannock Rapidan","Not Reported",704,13,7
10/25/2020,Portsmouth,"Other Race",63,9,5
10/25/2020,"Western Tidewater","Two or more races",89,1,0
10/25/2020,Piedmont,White,789,61,28
10/25/2020,Chesterfield,Latino,2019,116,7
10/25/2020,Lenowisco,White,1196,98,19
10/25/2020,Lenowisco,"Two or more races",13,1,0
10/25/2020,Hampton,"Not Reported",621,2,1
10/25/2020,Southside,"Not Reported",687,10,5
10/25/2020,Roanoke,Black,573,38,8
10/25/2020,Hampton,Black,959,65,23
10/25/2020,Alleghany,"Other Race",18,1,0
10/25/2020,Lenowisco,Latino,25,0,0
10/25/2020,Loudoun,"Other Race",263,17,3
10/25/2020,"Central Shenandoah",Latino,1231,60,6
10/25/2020,"Rappahannock Rapidan",Latino,876,65,8
10/25/2020,"Eastern Shore",Black,865,100,29
10/25/2020,Norfolk,Latino,392,30,0
10/25/2020,Hampton,"Two or more races",19,0,0
10/25/2020,Richmond,Black,1821,265,39
10/25/2020,Henrico,"Two or more races",90,6,2
10/25/2020,Fairfax,"Two or more races",139,6,0
10/25/2020,Alleghany,"Not Reported",727,5,0
10/25/2020,Portsmouth,"Not Reported",489,6,1
10/25/2020,"Cumberland Plateau","Other Race",4,1,0
10/25/2020,Southside,"Two or more races",41,0,0
10/25/2020,Portsmouth,White,412,47,13
10/25/2020,"Rappahannock Rapidan","Two or more races",40,3,0
10/25/2020,Fairfax,White,4958,544,321
10/25/2020,Fairfax,"Other Race",923,88,19
10/25/2020,Crater,"Two or more races",13,0,0
10/25/2020,"West Piedmont","Not Reported",641,22,3
10/25/2020,Henrico,"Other Race",205,16,0
10/25/2020,"Three Rivers",White,920,62,22
10/25/2020,"Central Virginia",Black,452,39,17
10/25/2020,Lenowisco,"Other Race",10,0,0
10/25/2020,"Three Rivers","Other Race",24,3,0
10/25/2020,"Western Tidewater",White,1205,77,75
10/25/2020,"Mount Rogers",Black,87,9,3
10/25/2020,"Three Rivers","Not Reported",284,4,1
10/25/2020,"Thomas Jefferson",Black,597,83,18
10/25/2020,"Eastern Shore",White,290,32,18
10/25/2020,"Central Virginia",White,1915,103,33
10/25/2020,Lenowisco,Black,20,1,1
10/25/2020,"Central Virginia","Two or more races",20,0,0
10/25/2020,Richmond,"Two or more races",48,2,1
10/25/2020,Crater,"Not Reported",1104,10,6
10/25/2020,Chesterfield,"Two or more races",54,6,0
10/25/2020,"New River",Latino,245,5,0
10/25/2020,Richmond,Latino,1417,116,8
10/25/2020,Portsmouth,Latino,92,11,1
10/25/2020,Pittsylvania-Danville,"Not Reported",788,14,2
10/25/2020,Chesapeake,"Not Reported",619,4,0
10/25/2020,Chickahominy,Latino,108,6,0
10/25/2020,Crater,Black,2425,217,74
10/25/2020,Chesterfield,Black,1505,140,33
10/25/2020,Chesterfield,"Other Race",172,11,0
10/25/2020,Peninsula,Black,1354,89,29
10/25/2020,Roanoke,White,678,23,29
10/25/2020,"New River",Black,268,5,1
10/25/2020,Southside,Latino,9,0,0
10/25/2020,Peninsula,Latino,430,23,2
10/25/2020,Rappahannock,"Two or more races",48,3,0
10/25/2020,"Virginia Beach",Black,1877,143,29
10/25/2020,"Mount Rogers","Not Reported",211,10,6
10/25/2020,Loudoun,"Not Reported",1953,5,0
10/25/2020,Chesapeake,"Other Race",57,5,1
10/25/2020,Chickahominy,"Two or more races",8,1,0
10/25/2020,Crater,"Other Race",63,0,0
10/25/2020,Norfolk,"Two or more races",60,3,0
10/25/2020,"Eastern Shore","Two or more races",1,1,0
10/25/2020,"Central Shenandoah",White,3932,210,71
10/25/2020,"New River","Other Race",18,0,0
10/25/2020,"New River",White,2572,56,26
10/25/2020,"Central Shenandoah","Other Race",95,2,0
10/25/2020,"West Piedmont",Black,563,97,18
10/25/2020,Alleghany,Latino,184,13,0
10/25/2020,"Central Shenandoah","Not Reported",1000,3,1
10/25/2020,Roanoke,"Two or more races",16,2,0
10/25/2020,Peninsula,"Two or more races",60,4,1
10/25/2020,Richmond,"Not Reported",742,1,1
10/25/2020,Arlington,"Other Race",109,10,4
10/25/2020,Norfolk,"Not Reported",1060,3,1
10/25/2020,Alexandria,"Other Race",96,9,2
10/25/2020,"Virginia Beach",White,2891,204,62
10/25/2020,Chesapeake,"Two or more races",60,4,1
10/25/2020,Alleghany,White,1404,87,32
10/25/2020,"Rappahannock Rapidan","Other Race",39,3,0
10/25/2020,Chickahominy,"Not Reported",520,2,1
10/25/2020,Portsmouth,Black,1707,224,49
10/25/2020,Chickahominy,"Other Race",23,3,0
10/25/2020,"Virginia Beach",Latino,527,31,4
10/25/2020,Chesapeake,White,1717,165,32
10/25/2020,Southside,Black,586,47,22
10/25/2020,Rappahannock,Latino,1445,113,9
10/25/2020,"Three Rivers","Two or more races",13,1,0
10/25/2020,Henrico,Black,1993,226,97
10/25/2020,Pittsylvania-Danville,Black,774,94,21
10/25/2020,"Lord Fairfax","Two or more races",26,0,0
10/25/2020,"Prince William",Latino,7063,682,79
10/25/2020,"Mount Rogers","Other Race",14,2,2
10/25/2020,"Central Shenandoah",Black,279,15,4
10/25/2020,Peninsula,White,1299,91,52
10/25/2020,"Eastern Shore","Not Reported",80,0,0
10/25/2020,"Thomas Jefferson","Other Race",179,5,1
10/25/2020,Hampton,"Other Race",69,2,1
10/25/2020,"Lord Fairfax","Not Reported",445,5,6
10/25/2020,"Central Virginia","Other Race",32,1,0
10/25/2020,"Western Tidewater","Other Race",97,1,2
10/25/2020,Crater,Latino,233,11,4
10/25/2020,Chesapeake,Latino,382,29,2
10/25/2020,Chesterfield,White,2201,170,84
10/25/2020,"Western Tidewater","Not Reported",1057,6,1
10/25/2020,Fairfax,"Not Reported",2629,46,32
10/25/2020,Arlington,Black,460,89,36
10/25/2020,"Central Virginia",Latino,96,7,4
10/25/2020,Alexandria,"Not Reported",269,4,1
10/25/2020,"Three Rivers",Black,779,59,15
10/25/2020,"Prince William","Two or more races",120,1,0
10/25/2020,Loudoun,"Two or more races",62,2,0
10/25/2020,Peninsula,"Other Race",182,3,0
10/25/2020,"Thomas Jefferson",White,2268,104,54
10/25/2020,Norfolk,"Other Race",99,5,2
10/25/2020,"Prince William","Not Reported",4405,28,0
10/25/2020,"West Piedmont",White,1354,156,63
10/25/2020,Rappahannock,Black,1002,105,19
10/25/2020,Norfolk,Black,2576,285,59
10/25/2020,Roanoke,Latino,458,27,0
10/25/2020,Piedmont,Latino,76,8,2
10/25/2020,Roanoke,"Not Reported",850,2,0
10/25/2020,"Virginia Beach","Other Race",129,3,0
10/25/2020,Arlington,"Two or more races",49,4,0
10/25/2020,Alexandria,White,849,61,38
10/25/2020,"Lord Fairfax","Other Race",87,6,1
10/25/2020,"Thomas Jefferson","Not Reported",379,3,0
10/25/2020,"Virginia Beach","Not Reported",1966,15,2
10/25/2020,Loudoun,Black,356,35,7
10/25/2020,Pittsylvania-Danville,Latino,83,4,0
10/25/2020,"Cumberland Plateau","Not Reported",122,4,0
10/25/2020,Chesterfield,"Not Reported",1516,6,8
10/25/2020,"Mount Rogers",White,3004,277,136
10/25/2020,Richmond,White,992,52,24
10/25/2020,Lenowisco,"Not Reported",170,4,4
10/25/2020,"Three Rivers",Latino,195,6,1
10/25/2020,Piedmont,"Not Reported",871,11,2
10/25/2020,"Mount Rogers",Latino,309,7,0
10/25/2020,"Central Shenandoah","Two or more races",51,1,0
10/25/2020,Crater,White,1072,61,30
10/25/2020,Arlington,White,1384,143,74
10/25/2020,Pittsylvania-Danville,"Other Race",5,0,0
10/25/2020,Chickahominy,Black,413,57,12
10/25/2020,Fairfax,Black,1919,256,66
10/25/2020,"Eastern Shore",Latino,273,11,3
10/25/2020,Norfolk,White,1061,71,22
10/25/2020,"Mount Rogers","Two or more races",12,1,0
10/25/2020,Alleghany,"Two or more races",20,0,0
10/25/2020,Southside,White,441,32,20
10/25/2020,"Thomas Jefferson","Two or more races",91,1,0
10/25/2020,"Prince William",Black,1689,183,59
10/25/2020,"Lord Fairfax",White,2246,227,106
10/25/2020,"Cumberland Plateau",Latino,14,0,0
10/25/2020,Arlington,"Not Reported",429,5,0
10/25/2020,Rappahannock,"Other Race",145,4,0
10/25/2020,"Rappahannock Rapidan",Black,299,40,12
10/25/2020,"New River","Two or more races",69,0,0
10/25/2020,Arlington,Latino,1873,255,27
10/25/2020,Henrico,White,1794,158,114
10/25/2020,Loudoun,White,1955,128,92
10/25/2020,Hampton,White,331,14,6
10/25/2020,Alleghany,Black,179,8,4
10/25/2020,"Prince William",White,2104,194,98
10/25/2020,Rappahannock,White,1780,168,57
10/25/2020,Southside,"Other Race",15,1,1
10/25/2020,Portsmouth,"Two or more races",22,6,0
10/25/2020,"Western Tidewater",Black,2019,145,71
10/25/2020,Hampton,Latino,79,5,0
10/25/2020,Henrico,"Not Reported",948,2,4
10/25/2020,"West Piedmont","Two or more races",8,0,0
10/25/2020,Peninsula,"Not Reported",1659,3,0
10/25/2020,Loudoun,Latino,2615,227,16
10/25/2020,Alexandria,Black,874,101,19
10/25/2020,Piedmont,Black,668,70,23
10/25/2020,Roanoke,"Other Race",30,1,0
10/25/2020,Alexandria,"Two or more races",28,2,0
10/25/2020,"Western Tidewater",Latino,56,1,2
10/25/2020,Rappahannock,"Not Reported",1472,25,0
10/25/2020,"West Piedmont","Other Race",12,1,1
10/25/2020,Chickahominy,White,1215,118,44
10/25/2020,"Thomas Jefferson",Latino,744,33,3
10/25/2020,"Cumberland Plateau",Black,51,0,0
10/25/2020,"Lord Fairfax",Latino,861,57,9
10/25/2020,"West Piedmont",Latino,288,12,1
10/25/2020,"Cumberland Plateau",White,1136,78,13
10/25/2020,"Eastern Shore","Other Race",13,1,0
10/25/2020,"Cumberland Plateau","Two or more races",10,0,0
10/25/2020,Pittsylvania-Danville,"Two or more races",7,0,0
10/25/2020,Piedmont,"Other Race",16,0,0
10/25/2020,Alexandria,Latino,1938,136,13
10/25/2020,Chesapeake,Black,1919,258,36
10/25/2020,Richmond,"Other Race",178,9,2
10/25/2020,Henrico,Latino,940,60,11
10/25/2020,Piedmont,"Two or more races",8,2,0
10/25/2020,"Prince William","Other Race",578,23,0
10/25/2020,"New River","Not Reported",995,10,0
10/25/2020,"Rappahannock Rapidan",White,1035,68,28
10/25/2020,"Central Virginia","Not Reported",2113,26,6
10/25/2020,"Virginia Beach","Two or more races",81,5,1
10/25/2020,Pittsylvania-Danville,White,779,73,36
10/25/2020,"Lord Fairfax",Black,163,23,7
10/25/2020,Fairfax,Latino,10891,1053,104
10/25/2020,Chesterfield,"Asian or Pacific Islander",114,5,1
10/25/2020,Crater,"Asian or Pacific Islander",27,0,0
10/25/2020,Fairfax,"Asian or Pacific Islander",2089,278,78
10/25/2020,Hampton,"Asian or Pacific Islander",18,0,0
10/25/2020,"Rappahannock Rapidan","Asian or Pacific Islander",16,1,0
10/25/2020,"Mount Rogers","Asian or Pacific Islander",7,1,0
10/25/2020,"New River","Asian or Pacific Islander",118,0,0
10/25/2020,"Central Virginia","Asian or Pacific Islander",32,1,0
10/25/2020,"Lord Fairfax","Asian or Pacific Islander",20,1,0
10/25/2020,Southside,"Asian or Pacific Islander",2,0,0
10/25/2020,Alleghany,"Asian or Pacific Islander",30,0,0
10/25/2020,Portsmouth,"Asian or Pacific Islander",21,1,0
10/25/2020,Roanoke,"Asian or Pacific Islander",41,3,0
10/25/2020,Richmond,"Asian or Pacific Islander",60,4,1
10/25/2020,"Thomas Jefferson","Asian or Pacific Islander",114,1,1
10/25/2020,"Virginia Beach","Asian or Pacific Islander",318,30,6
10/25/2020,Henrico,"Asian or Pacific Islander",247,11,4
10/25/2020,Piedmont,"Asian or Pacific Islander",10,0,1
10/25/2020,"Western Tidewater","Asian or Pacific Islander",21,2,3
10/25/2020,"West Piedmont","Asian or Pacific Islander",13,2,1
10/25/2020,Chickahominy,"Asian or Pacific Islander",19,1,0
10/25/2020,Peninsula,"Asian or Pacific Islander",66,5,7
10/25/2020,Norfolk,"Asian or Pacific Islander",73,9,0
10/25/2020,Arlington,"Asian or Pacific Islander",228,27,13
10/25/2020,Loudoun,"Asian or Pacific Islander",526,61,12
10/25/2020,Alexandria,"Asian or Pacific Islander",158,11,1
10/25/2020,Rappahannock,"Asian or Pacific Islander",101,11,3
10/25/2020,Chesapeake,"Asian or Pacific Islander",93,12,6
10/25/2020,"Cumberland Plateau and Lenowisco","Asian or Pacific Islander",2,0,0
10/25/2020,"Central Shenandoah","Asian or Pacific Islander",86,2,0
10/25/2020,"Prince William","Asian or Pacific Islander",669,62,21
10/25/2020,Pittsylvania-Danville,"Asian or Pacific Islander",4,0,0
10/25/2020,"Eastern Shore and Three Rivers","Asian or Pacific Islander",14,1,0
10/25/2020,Piedmont,"Native American",5,0,0
10/25/2020,"New River","Native American",5,0,0
10/25/2020,"Central Shenandoah","Native American",3,1,0
10/25/2020,"Eastern Shore and Three Rivers","Native American",1,0,0
10/25/2020,Fairfax,"Native American",36,1,1
10/25/2020,Chesapeake,"Native American",12,0,0
10/25/2020,"Western Tidewater","Native American",2,0,0
10/25/2020,Portsmouth,"Native American",4,2,0
10/25/2020,Richmond,"Native American",3,0,0
10/25/2020,Chickahominy,"Native American",6,1,0
10/25/2020,"Thomas Jefferson","Native American",4,0,0
10/25/2020,Arlington,"Native American",5,0,0
10/25/2020,"Virginia Beach","Native American",13,0,0
10/25/2020,Peninsula,"Native American",7,2,1
10/25/2020,Hampton,"Native American",4,0,1
10/25/2020,"West Piedmont","Native American",2,0,0
10/25/2020,"Cumberland Plateau, Lenowisco, and Mount Rogers","Native American",3,0,0
10/25/2020,Henrico,"Native American",12,0,0
10/25/2020,Norfolk,"Native American",9,1,1
10/25/2020,"Prince William","Native American",30,1,1
10/25/2020,"Central Virginia","Native American",8,0,0
10/25/2020,Chesterfield,"Native American",8,1,0
10/25/2020,Rappahannock,"Native American",6,0,0
10/25/2020,Loudoun,"Native American",6,0,0
10/25/2020,Alexandria,"Native American",4,0,0
10/25/2020,"Alleghany and Roanoke","Native American",5,0,0
10/25/2020,Crater,"Native American",6,1,1
10/25/2020,"Rappahannock Rapidan","Native American",2,0,0
10/25/2020,"Lord Fairfax","Native American",3,1,1
10/25/2020,"Pittsylvania-Danville and Southside","Native American",0,0,0
10/26/2020,"Rappahannock Rapidan","Not Reported",708,13,7
10/26/2020,Portsmouth,"Other Race",63,9,5
10/26/2020,"Western Tidewater","Two or more races",89,1,0
10/26/2020,Piedmont,White,791,61,28
10/26/2020,Chesterfield,Latino,2028,116,7
10/26/2020,Lenowisco,White,1225,101,20
10/26/2020,Lenowisco,"Two or more races",16,1,0
10/26/2020,Hampton,"Not Reported",619,2,1
10/26/2020,Southside,"Not Reported",687,10,5
10/26/2020,Alleghany,"Other Race",18,1,0
10/26/2020,Lenowisco,Latino,25,0,0
10/26/2020,Loudoun,"Other Race",273,17,3
10/26/2020,"Central Shenandoah",Latino,1240,60,6
10/26/2020,"Rappahannock Rapidan",Latino,878,65,8
10/26/2020,"Eastern Shore",Black,865,100,29
10/26/2020,Norfolk,Latino,392,30,0
10/26/2020,Hampton,"Two or more races",19,0,0
10/26/2020,Richmond,Black,1823,265,39
10/26/2020,Henrico,"Two or more races",90,6,2
10/26/2020,Fairfax,"Two or more races",139,6,0
10/26/2020,Alleghany,"Not Reported",733,5,0
10/26/2020,Portsmouth,"Not Reported",488,6,1
10/26/2020,"Cumberland Plateau","Other Race",5,1,0
10/26/2020,Southside,"Two or more races",48,0,0
10/26/2020,Portsmouth,White,416,47,13
10/26/2020,"Rappahannock Rapidan","Two or more races",40,3,0
10/26/2020,Fairfax,White,4997,546,321
10/26/2020,Fairfax,"Other Race",929,88,19
10/26/2020,Crater,"Two or more races",13,0,0
10/26/2020,"West Piedmont","Not Reported",645,22,3
10/26/2020,Henrico,"Other Race",205,16,0
10/26/2020,"Three Rivers",White,922,62,22
10/26/2020,"Central Virginia",Black,458,40,17
10/26/2020,Lenowisco,"Other Race",10,0,0
10/26/2020,"Three Rivers","Other Race",24,3,0
10/26/2020,"Western Tidewater",White,1205,77,75
10/26/2020,"Mount Rogers",Black,87,9,3
10/26/2020,"Three Rivers","Not Reported",285,4,1
10/26/2020,"Thomas Jefferson",Black,598,83,18
10/26/2020,"Eastern Shore",White,292,32,18
10/26/2020,"Central Virginia",White,1934,104,34
10/26/2020,Lenowisco,Black,22,1,1
10/26/2020,"Central Virginia","Two or more races",22,0,0
10/26/2020,Richmond,"Two or more races",49,2,1
10/26/2020,Crater,"Not Reported",1108,10,6
10/26/2020,Chesterfield,"Two or more races",55,6,0
10/26/2020,"New River",Latino,246,5,0
10/26/2020,Richmond,Latino,1419,116,8
10/26/2020,Portsmouth,Latino,93,11,1
10/26/2020,Pittsylvania-Danville,"Not Reported",767,14,2
10/26/2020,Chesapeake,"Not Reported",614,4,0
10/26/2020,Chickahominy,Latino,108,6,0
10/26/2020,Crater,Black,2444,217,74
10/26/2020,Chesterfield,Black,1509,140,33
10/26/2020,Chesterfield,"Other Race",176,11,0
10/26/2020,Peninsula,Black,1364,89,29
10/26/2020,Roanoke,White,686,23,29
10/26/2020,"New River",Black,269,5,1
10/26/2020,Southside,Latino,9,0,0
10/26/2020,Peninsula,Latino,432,23,2
10/26/2020,Rappahannock,"Two or more races",48,3,0
10/26/2020,"Virginia Beach",Black,1881,143,29
10/26/2020,"Mount Rogers","Not Reported",214,11,6
10/26/2020,Loudoun,"Not Reported",1977,5,0
10/26/2020,Chesapeake,"Other Race",57,5,1
10/26/2020,Chickahominy,"Two or more races",8,1,0
10/26/2020,Crater,"Other Race",65,0,0
10/26/2020,Norfolk,"Two or more races",60,3,0
10/26/2020,"Eastern Shore","Two or more races",1,1,0
10/26/2020,"Central Shenandoah",White,3958,211,71
10/26/2020,"New River","Other Race",18,0,0
10/26/2020,"New River",White,2606,56,26
10/26/2020,"Central Shenandoah","Other Race",96,2,0
10/26/2020,"West Piedmont",Black,564,97,18
10/26/2020,Alleghany,Latino,184,13,0
10/26/2020,"Central Shenandoah","Not Reported",994,4,1
10/26/2020,Roanoke,"Two or more races",16,2,0
10/26/2020,Peninsula,"Two or more races",61,4,1
10/26/2020,Richmond,"Not Reported",754,1,1
10/26/2020,Arlington,"Other Race",109,10,4
10/26/2020,Norfolk,"Not Reported",1059,3,1
10/26/2020,Alexandria,"Other Race",96,9,2
10/26/2020,"Virginia Beach",White,2904,204,62
10/26/2020,Chesapeake,"Two or more races",60,4,1
10/26/2020,Alleghany,White,1414,88,32
10/26/2020,"Rappahannock Rapidan","Other Race",40,3,0
10/26/2020,Chickahominy,"Not Reported",527,2,1
10/26/2020,Portsmouth,Black,1712,224,49
10/26/2020,Chickahominy,"Other Race",23,3,0
10/26/2020,"Virginia Beach",Latino,530,31,4
10/26/2020,Chesapeake,White,1735,166,32
10/26/2020,Southside,Black,589,47,22
10/26/2020,Rappahannock,Latino,1448,113,9
10/26/2020,"Three Rivers","Two or more races",13,1,0
10/26/2020,Henrico,Black,1998,226,97
10/26/2020,Pittsylvania-Danville,Black,787,94,21
10/26/2020,"Lord Fairfax","Two or more races",26,0,0
10/26/2020,"Prince William",Latino,7082,683,79
10/26/2020,"Mount Rogers","Other Race",14,2,2
10/26/2020,"Central Shenandoah",Black,279,15,4
10/26/2020,Peninsula,White,1301,91,52
10/26/2020,"Eastern Shore","Not Reported",80,0,0
10/26/2020,"Thomas Jefferson","Other Race",179,5,1
10/26/2020,Hampton,"Other Race",70,2,1
10/26/2020,"Lord Fairfax","Not Reported",453,5,6
10/26/2020,"Central Virginia","Other Race",33,1,0
10/26/2020,"Western Tidewater","Other Race",97,1,2
10/26/2020,Crater,Latino,234,11,4
10/26/2020,Chesapeake,Latino,383,29,2
10/26/2020,Chesterfield,White,2215,170,84
10/26/2020,"Western Tidewater","Not Reported",1057,6,1
10/26/2020,Fairfax,"Not Reported",2650,46,32
10/26/2020,Arlington,Black,461,89,36
10/26/2020,"Central Virginia",Latino,97,7,4
10/26/2020,Alexandria,"Not Reported",278,4,1
10/26/2020,"Three Rivers",Black,781,59,15
10/26/2020,"Prince William","Two or more races",120,1,0
10/26/2020,Loudoun,"Two or more races",62,2,0
10/26/2020,Peninsula,"Other Race",181,3,0
10/26/2020,"Thomas Jefferson",White,2276,104,54
10/26/2020,Norfolk,"Other Race",98,5,2
10/26/2020,"Prince William","Not Reported",4407,28,0
10/26/2020,"West Piedmont",White,1375,156,63
10/26/2020,Rappahannock,Black,1006,105,19
10/26/2020,Norfolk,Black,2578,285,59
10/26/2020,Roanoke,Latino,462,27,0
10/26/2020,Piedmont,Latino,76,8,2
10/26/2020,Roanoke,"Not Reported",879,2,0
10/26/2020,"Virginia Beach","Other Race",129,3,0
10/26/2020,Arlington,"Two or more races",49,4,0
10/26/2020,Alexandria,White,850,61,38
10/26/2020,"Lord Fairfax","Other Race",87,6,1
10/26/2020,"Thomas Jefferson","Not Reported",379,3,0
10/26/2020,"Virginia Beach","Not Reported",1977,15,2
10/26/2020,Loudoun,Black,357,35,7
10/26/2020,Pittsylvania-Danville,Latino,86,4,0
10/26/2020,"Cumberland Plateau","Not Reported",124,4,0
10/26/2020,Chesterfield,"Not Reported",1538,6,8
10/26/2020,"Mount Rogers",White,3038,280,136
10/26/2020,Richmond,White,998,52,24
10/26/2020,Lenowisco,"Not Reported",184,4,4
10/26/2020,"Three Rivers",Latino,195,6,1
10/26/2020,Piedmont,"Not Reported",871,11,2
10/26/2020,"Mount Rogers",Latino,310,7,0
10/26/2020,"Central Shenandoah","Two or more races",53,1,0
10/26/2020,Crater,White,1084,62,30
10/26/2020,Arlington,White,1385,143,74
10/26/2020,Pittsylvania-Danville,"Other Race",5,0,0
10/26/2020,Chickahominy,Black,413,57,12
10/26/2020,Fairfax,Black,1924,256,66
10/26/2020,"Eastern Shore",Latino,273,11,3
10/26/2020,Norfolk,White,1062,71,22
10/26/2020,"Mount Rogers","Two or more races",12,1,0
10/26/2020,Alleghany,"Two or more races",20,0,0
10/26/2020,Southside,White,450,32,20
10/26/2020,"Thomas Jefferson","Two or more races",90,1,0
10/26/2020,"Prince William",Black,1691,183,59
10/26/2020,"Lord Fairfax",White,2269,228,106
10/26/2020,"Cumberland Plateau",Latino,14,0,0
10/26/2020,Arlington,"Not Reported",435,5,0
10/26/2020,Rappahannock,"Other Race",145,4,0
10/26/2020,"Rappahannock Rapidan",Black,310,40,12
10/26/2020,"New River","Two or more races",69,0,0
10/26/2020,Arlington,Latino,1889,255,27
10/26/2020,Henrico,White,1799,158,114
10/26/2020,Loudoun,White,1962,128,92
10/26/2020,Hampton,White,331,14,6
10/26/2020,Alleghany,Black,179,8,4
10/26/2020,"Prince William",White,2112,196,98
10/26/2020,Rappahannock,White,1783,168,57
10/26/2020,Southside,"Other Race",15,1,1
10/26/2020,Portsmouth,"Two or more races",22,6,0
10/26/2020,"Western Tidewater",Black,2024,145,71
10/26/2020,Hampton,Latino,79,5,0
10/26/2020,Henrico,"Not Reported",950,2,4
10/26/2020,"West Piedmont","Two or more races",9,0,0
10/26/2020,Peninsula,"Not Reported",1653,3,0
10/26/2020,Loudoun,Latino,2621,227,16
10/26/2020,Alexandria,Black,877,101,19
10/26/2020,Piedmont,Black,668,70,23
10/26/2020,Roanoke,"Other Race",30,1,0
10/26/2020,Alexandria,"Two or more races",28,2,0
10/26/2020,"Western Tidewater",Latino,56,1,2
10/26/2020,Rappahannock,"Not Reported",1480,25,0
10/26/2020,"West Piedmont","Other Race",12,1,1
10/26/2020,Chickahominy,White,1220,119,44
10/26/2020,"Thomas Jefferson",Latino,746,33,3
10/26/2020,"Cumberland Plateau",Black,52,0,0
10/26/2020,"Lord Fairfax",Latino,865,57,9
10/26/2020,"West Piedmont",Latino,291,12,1
10/26/2020,"Cumberland Plateau",White,1157,81,13
10/26/2020,"Eastern Shore","Other Race",13,1,0
10/26/2020,"Cumberland Plateau","Two or more races",10,0,0
10/26/2020,Pittsylvania-Danville,"Two or more races",7,0,0
10/26/2020,Piedmont,"Other Race",16,0,0
10/26/2020,Alexandria,Latino,1939,137,13
10/26/2020,Chesapeake,Black,1925,258,36
10/26/2020,Richmond,"Other Race",178,9,2
10/26/2020,Henrico,Latino,946,60,11
10/26/2020,Piedmont,"Two or more races",8,2,0
10/26/2020,"Prince William","Other Race",578,23,0
10/26/2020,"New River","Not Reported",997,10,0
10/26/2020,"Rappahannock Rapidan",White,1063,68,28
10/26/2020,"Central Virginia","Not Reported",2106,27,6
10/26/2020,"Virginia Beach","Two or more races",81,5,1
10/26/2020,Pittsylvania-Danville,White,792,74,36
10/26/2020,"Lord Fairfax",Black,163,23,7
10/26/2020,Fairfax,Latino,10924,1053,104
10/26/2020,Chesterfield,"Asian or Pacific Islander",114,5,1
10/26/2020,Crater,"Asian or Pacific Islander",27,0,0
10/26/2020,Fairfax,"Asian or Pacific Islander",2096,278,78
10/26/2020,Hampton,"Asian or Pacific Islander",18,0,0
10/26/2020,"Rappahannock Rapidan","Asian or Pacific Islander",18,1,0
10/26/2020,"Mount Rogers","Asian or Pacific Islander",7,1,0
10/26/2020,"New River","Asian or Pacific Islander",118,0,0
10/26/2020,"Central Virginia","Asian or Pacific Islander",31,1,0
10/26/2020,"Lord Fairfax","Asian or Pacific Islander",20,1,0
10/26/2020,Southside,"Asian or Pacific Islander",2,0,0
10/26/2020,Alleghany,"Asian or Pacific Islander",30,0,0
10/26/2020,Portsmouth,"Asian or Pacific Islander",21,1,0
10/26/2020,Roanoke,"Asian or Pacific Islander",42,3,0
10/26/2020,Richmond,"Asian or Pacific Islander",61,4,1
10/26/2020,"Thomas Jefferson","Asian or Pacific Islander",118,1,1
10/26/2020,"Virginia Beach","Asian or Pacific Islander",318,30,6
10/26/2020,Henrico,"Asian or Pacific Islander",249,11,4
10/26/2020,Piedmont,"Asian or Pacific Islander",10,0,1
10/26/2020,"Western Tidewater","Asian or Pacific Islander",21,2,3
10/26/2020,"West Piedmont","Asian or Pacific Islander",13,2,1
10/26/2020,Chickahominy,"Asian or Pacific Islander",19,1,0
10/26/2020,Peninsula,"Asian or Pacific Islander",65,5,7
10/26/2020,Norfolk,"Asian or Pacific Islander",73,9,0
10/26/2020,Arlington,"Asian or Pacific Islander",229,27,13
10/26/2020,Loudoun,"Asian or Pacific Islander",526,61,12
10/26/2020,Alexandria,"Asian or Pacific Islander",158,11,1
10/26/2020,Rappahannock,"Asian or Pacific Islander",101,11,3
10/26/2020,Chesapeake,"Asian or Pacific Islander",94,12,6
10/26/2020,"Cumberland Plateau and Lenowisco","Asian or Pacific Islander",2,0,0
10/26/2020,"Central Shenandoah","Asian or Pacific Islander",86,2,0
10/26/2020,"Prince William","Asian or Pacific Islander",669,62,21
10/26/2020,Pittsylvania-Danville,"Asian or Pacific Islander",4,0,0
10/26/2020,"Eastern Shore and Three Rivers","Asian or Pacific Islander",16,1,0
10/26/2020,Piedmont,"Native American",5,0,0
10/26/2020,"New River","Native American",5,0,0
10/26/2020,"Central Shenandoah","Native American",4,1,0
10/26/2020,"Eastern Shore and Three Rivers","Native American",1,0,0
10/26/2020,Fairfax,"Native American",36,1,1
10/26/2020,Chesapeake,"Native American",12,0,0
10/26/2020,"Western Tidewater","Native American",2,0,0
10/26/2020,Portsmouth,"Native American",4,2,0
10/26/2020,Richmond,"Native American",3,0,0
10/26/2020,Chickahominy,"Native American",6,1,0
10/26/2020,"Thomas Jefferson","Native American",4,0,0
10/26/2020,Arlington,"Native American",5,0,0
10/26/2020,"Virginia Beach","Native American",13,0,0
10/26/2020,Peninsula,"Native American",7,2,1
10/26/2020,Hampton,"Native American",4,0,1
10/26/2020,"West Piedmont","Native American",2,0,0
10/26/2020,"Cumberland Plateau, Lenowisco, and Mount Rogers","Native American",3,0,0
10/26/2020,Henrico,"Native American",12,0,0
10/26/2020,Norfolk,"Native American",9,1,1
10/26/2020,"Prince William","Native American",30,1,1
10/26/2020,"Central Virginia","Native American",9,0,0
10/26/2020,Chesterfield,"Native American",8,1,0
10/26/2020,Rappahannock,"Native American",6,0,0
10/26/2020,Loudoun,"Native American",6,0,0
10/26/2020,Alexandria,"Native American",4,0,0
10/26/2020,"Alleghany and Roanoke","Native American",5,0,0
10/26/2020,Crater,"Native American",6,1,1
10/26/2020,"Rappahannock Rapidan","Native American",2,0,0
10/26/2020,"Lord Fairfax","Native American",3,1,1
10/26/2020,"Pittsylvania-Danville and Southside","Native American",0,0,0
10/27/2020,"Rappahannock Rapidan","Not Reported",707,13,7
10/27/2020,Portsmouth,"Other Race",64,9,5
10/27/2020,"Western Tidewater","Two or more races",89,1,0
10/27/2020,Piedmont,White,808,61,28
10/27/2020,Chesterfield,Latino,2041,117,7
10/27/2020,Lenowisco,White,1250,101,21
10/27/2020,Lenowisco,"Two or more races",16,1,0
10/27/2020,Hampton,"Not Reported",616,2,1
10/27/2020,Southside,"Not Reported",671,8,5
10/27/2020,Roanoke,Black,587,38,8
10/27/2020,Hampton,Black,966,65,23
10/27/2020,Alleghany,"Other Race",23,1,0
10/27/2020,Lenowisco,Latino,25,0,0
10/27/2020,Loudoun,"Other Race",273,17,3
10/27/2020,"Central Shenandoah",Latino,1243,60,6
10/27/2020,"Rappahannock Rapidan",Latino,878,65,8
10/27/2020,"Eastern Shore",Black,866,100,29
10/27/2020,Norfolk,Latino,397,30,0
10/27/2020,Hampton,"Two or more races",19,0,0
10/27/2020,Richmond,Black,1837,265,40
10/27/2020,Henrico,"Two or more races",89,6,2
10/27/2020,Fairfax,"Two or more races",141,6,0
10/27/2020,Alleghany,"Not Reported",744,5,0
10/27/2020,Portsmouth,"Not Reported",471,7,1
10/27/2020,"Cumberland Plateau","Other Race",6,1,0
10/27/2020,Southside,"Two or more races",48,0,0
10/27/2020,Portsmouth,White,420,47,13
10/27/2020,"Rappahannock Rapidan","Two or more races",41,3,0
10/27/2020,Fairfax,White,5027,555,320
10/27/2020,Fairfax,"Other Race",942,90,19
10/27/2020,Crater,"Two or more races",13,0,0
10/27/2020,"West Piedmont","Not Reported",645,22,3
10/27/2020,Henrico,"Other Race",205,16,0
10/27/2020,"Three Rivers",White,925,62,22
10/27/2020,"Central Virginia",Black,463,40,17
10/27/2020,Lenowisco,"Other Race",10,0,0
10/27/2020,"Three Rivers","Other Race",25,3,0
10/27/2020,"Western Tidewater",White,1224,78,76
10/27/2020,"Mount Rogers",Black,88,9,3
10/27/2020,"Three Rivers","Not Reported",283,4,1
10/27/2020,"Thomas Jefferson",Black,601,83,18
10/27/2020,"Eastern Shore",White,292,32,18
10/27/2020,"Central Virginia",White,1968,112,37
10/27/2020,Lenowisco,Black,23,1,1
10/27/2020,"Central Virginia","Two or more races",23,0,0
10/27/2020,Richmond,"Two or more races",49,2,1
10/27/2020,Crater,"Not Reported",1104,10,5
10/27/2020,Chesterfield,"Two or more races",55,6,0
10/27/2020,"New River",Latino,250,5,0
10/27/2020,Richmond,Latino,1425,117,8
10/27/2020,Portsmouth,Latino,93,11,1
10/27/2020,Pittsylvania-Danville,"Not Reported",770,14,2
10/27/2020,Chesapeake,"Not Reported",621,4,0
10/27/2020,Chickahominy,Latino,109,6,0
10/27/2020,Crater,Black,2472,218,74
10/27/2020,Chesterfield,Black,1522,141,35
10/27/2020,Chesterfield,"Other Race",180,12,0
10/27/2020,Peninsula,Black,1371,89,29
10/27/2020,Roanoke,White,700,24,31
10/27/2020,"New River",Black,269,5,1
10/27/2020,Southside,Latino,9,0,0
10/27/2020,Peninsula,Latino,439,23,2
10/27/2020,Rappahannock,"Two or more races",49,3,0
10/27/2020,"Virginia Beach",Black,1891,143,30
10/27/2020,"Mount Rogers","Not Reported",211,11,6
10/27/2020,Loudoun,"Not Reported",1964,5,0
10/27/2020,Chesapeake,"Other Race",58,5,1
10/27/2020,Chickahominy,"Two or more races",8,1,0
10/27/2020,Crater,"Other Race",67,0,1
10/27/2020,Norfolk,"Two or more races",60,3,0
10/27/2020,"Eastern Shore","Two or more races",1,1,0
10/27/2020,"Central Shenandoah",White,3990,212,72
10/27/2020,"New River","Other Race",18,0,0
10/27/2020,"New River",White,2630,57,26
10/27/2020,"Central Shenandoah","Other Race",97,2,0
10/27/2020,"West Piedmont",Black,568,97,18
10/27/2020,Alleghany,Latino,186,13,0
10/27/2020,"Central Shenandoah","Not Reported",1014,4,1
10/27/2020,Roanoke,"Two or more races",16,2,0
10/27/2020,Peninsula,"Two or more races",62,4,1
10/27/2020,Richmond,"Not Reported",755,1,1
10/27/2020,Arlington,"Other Race",110,11,4
10/27/2020,Norfolk,"Not Reported",1071,3,1
10/27/2020,Alexandria,"Other Race",97,10,2
10/27/2020,"Virginia Beach",White,2922,205,62
10/27/2020,Chesapeake,"Two or more races",61,4,1
10/27/2020,Alleghany,White,1456,88,33
10/27/2020,"Rappahannock Rapidan","Other Race",40,3,0
10/27/2020,Chickahominy,"Not Reported",526,2,1
10/27/2020,Portsmouth,Black,1729,224,49
10/27/2020,Chickahominy,"Other Race",23,3,0
10/27/2020,"Virginia Beach",Latino,533,31,4
10/27/2020,Chesapeake,White,1743,167,33
10/27/2020,Southside,Black,600,49,22
10/27/2020,Rappahannock,Latino,1454,113,9
10/27/2020,"Three Rivers","Two or more races",13,1,0
10/27/2020,Henrico,Black,2004,228,97
10/27/2020,Pittsylvania-Danville,Black,797,95,21
10/27/2020,"Lord Fairfax","Two or more races",26,0,0
10/27/2020,"Prince William",Latino,7134,684,79
10/27/2020,"Mount Rogers","Other Race",14,2,2
10/27/2020,"Central Shenandoah",Black,280,15,4
10/27/2020,Peninsula,White,1313,91,52
10/27/2020,"Eastern Shore","Not Reported",80,0,0
10/27/2020,"Thomas Jefferson","Other Race",180,5,1
10/27/2020,Hampton,"Other Race",71,2,1
10/27/2020,"Lord Fairfax","Not Reported",454,5,6
10/27/2020,"Central Virginia","Other Race",33,1,0
10/27/2020,"Western Tidewater","Other Race",97,1,2
10/27/2020,Crater,Latino,236,11,5
10/27/2020,Chesapeake,Latino,386,29,2
10/27/2020,Chesterfield,White,2244,170,86
10/27/2020,"Western Tidewater","Not Reported",1040,5,1
10/27/2020,Fairfax,"Not Reported",2613,43,32
10/27/2020,Arlington,Black,465,89,36
10/27/2020,"Central Virginia",Latino,97,7,4
10/27/2020,Alexandria,"Not Reported",269,3,1
10/27/2020,"Three Rivers",Black,783,59,14
10/27/2020,"Prince William","Two or more races",125,1,0
10/27/2020,Loudoun,"Two or more races",63,2,0
10/27/2020,Peninsula,"Other Race",183,3,0
10/27/2020,"Thomas Jefferson",White,2290,106,54
10/27/2020,Norfolk,"Other Race",99,5,2
10/27/2020,"Prince William","Not Reported",4403,27,0
10/27/2020,"West Piedmont",White,1397,158,64
10/27/2020,Rappahannock,Black,1011,105,19
10/27/2020,Norfolk,Black,2588,285,58
10/27/2020,Roanoke,Latino,464,27,0
10/27/2020,Piedmont,Latino,76,8,2
10/27/2020,Roanoke,"Not Reported",888,2,0
10/27/2020,"Virginia Beach","Other Race",129,3,0
10/27/2020,Arlington,"Two or more races",49,4,0
10/27/2020,Alexandria,White,855,61,38
10/27/2020,"Lord Fairfax","Other Race",87,6,1
10/27/2020,"Thomas Jefferson","Not Reported",373,3,0
10/27/2020,"Virginia Beach","Not Reported",1991,15,2
10/27/2020,Loudoun,Black,360,35,7
10/27/2020,Pittsylvania-Danville,Latino,88,4,0
10/27/2020,"Cumberland Plateau","Not Reported",124,4,0
10/27/2020,Chesterfield,"Not Reported",1512,6,8
10/27/2020,"Mount Rogers",White,3070,280,138
10/27/2020,Richmond,White,1009,52,24
10/27/2020,Lenowisco,"Not Reported",190,4,4
10/27/2020,"Three Rivers",Latino,195,6,1
10/27/2020,Piedmont,"Not Reported",873,11,2
10/27/2020,"Mount Rogers",Latino,310,7,0
10/27/2020,"Central Shenandoah","Two or more races",54,1,0
10/27/2020,Crater,White,1092,63,31
10/27/2020,Arlington,White,1392,145,74
10/27/2020,Pittsylvania-Danville,"Other Race",5,0,0
10/27/2020,Chickahominy,Black,418,57,12
10/27/2020,Fairfax,Black,1935,256,66
10/27/2020,"Eastern Shore",Latino,273,11,3
10/27/2020,Norfolk,White,1071,71,22
10/27/2020,"Mount Rogers","Two or more races",13,1,0
10/27/2020,Alleghany,"Two or more races",20,0,0
10/27/2020,Southside,White,461,32,20
10/27/2020,"Thomas Jefferson","Two or more races",91,1,0
10/27/2020,"Prince William",Black,1724,185,59
10/27/2020,"Lord Fairfax",White,2295,228,106
10/27/2020,"Cumberland Plateau",Latino,14,0,0
10/27/2020,Arlington,"Not Reported",439,4,0
10/27/2020,Rappahannock,"Other Race",147,4,0
10/27/2020,"Rappahannock Rapidan",Black,311,40,12
10/27/2020,"New River","Two or more races",71,0,0
10/27/2020,Arlington,Latino,1895,256,27
10/27/2020,Henrico,White,1809,159,114
10/27/2020,Loudoun,White,1979,128,92
10/27/2020,Hampton,White,331,14,6
10/27/2020,Alleghany,Black,184,8,4
10/27/2020,"Prince William",White,2149,197,98
10/27/2020,Rappahannock,White,1791,168,57
10/27/2020,Southside,"Other Race",16,1,1
10/27/2020,Portsmouth,"Two or more races",22,6,0
10/27/2020,"Western Tidewater",Black,2040,147,71
10/27/2020,Hampton,Latino,84,5,0
10/27/2020,Henrico,"Not Reported",966,2,4
10/27/2020,"West Piedmont","Two or more races",9,0,0
10/27/2020,Peninsula,"Not Reported",1645,3,0
10/27/2020,Loudoun,Latino,2642,230,16
10/27/2020,Alexandria,Black,884,101,19
10/27/2020,Piedmont,Black,678,70,23
10/27/2020,Roanoke,"Other Race",31,1,0
10/27/2020,Alexandria,"Two or more races",28,2,0
10/27/2020,"Western Tidewater",Latino,56,1,2
10/27/2020,Rappahannock,"Not Reported",1493,25,0
10/27/2020,"West Piedmont","Other Race",12,1,1
10/27/2020,Chickahominy,White,1229,121,45
10/27/2020,"Thomas Jefferson",Latino,749,33,3
10/27/2020,"Cumberland Plateau",Black,57,0,0
10/27/2020,"Lord Fairfax",Latino,867,58,9
10/27/2020,"West Piedmont",Latino,293,12,1
10/27/2020,"Cumberland Plateau",White,1177,83,13
10/27/2020,"Eastern Shore","Other Race",13,1,0
10/27/2020,"Cumberland Plateau","Two or more races",10,0,0
10/27/2020,Pittsylvania-Danville,"Two or more races",7,0,0
10/27/2020,Piedmont,"Other Race",16,0,0
10/27/2020,Alexandria,Latino,1952,137,13
10/27/2020,Chesapeake,Black,1930,258,36
10/27/2020,Richmond,"Other Race",180,9,2
10/27/2020,Henrico,Latino,959,60,11
10/27/2020,Piedmont,"Two or more races",8,2,0
10/27/2020,"Prince William","Other Race",609,23,0
10/27/2020,"New River","Not Reported",994,10,0
10/27/2020,"Rappahannock Rapidan",White,1063,67,28
10/27/2020,"Central Virginia","Not Reported",2116,31,6
10/27/2020,"Virginia Beach","Two or more races",83,5,1
10/27/2020,Pittsylvania-Danville,White,797,76,36
10/27/2020,"Lord Fairfax",Black,164,23,7
10/27/2020,Fairfax,Latino,10972,1054,104
10/27/2020,Chesterfield,"Asian or Pacific Islander",114,5,1
10/27/2020,Crater,"Asian or Pacific Islander",27,0,0
10/27/2020,Fairfax,"Asian or Pacific Islander",2103,280,78
10/27/2020,Hampton,"Asian or Pacific Islander",18,0,0
10/27/2020,"Rappahannock Rapidan","Asian or Pacific Islander",18,1,0
10/27/2020,"Mount Rogers","Asian or Pacific Islander",7,1,0
10/27/2020,"New River","Asian or Pacific Islander",118,0,0
10/27/2020,"Central Virginia","Asian or Pacific Islander",32,1,0
10/27/2020,"Lord Fairfax","Asian or Pacific Islander",20,1,0
10/27/2020,Southside,"Asian or Pacific Islander",2,0,0
10/27/2020,Alleghany,"Asian or Pacific Islander",30,0,0
10/27/2020,Portsmouth,"Asian or Pacific Islander",21,1,0
10/27/2020,Roanoke,"Asian or Pacific Islander",43,3,0
10/27/2020,Richmond,"Asian or Pacific Islander",62,4,1
10/27/2020,"Thomas Jefferson","Asian or Pacific Islander",119,1,1
10/27/2020,"Virginia Beach","Asian or Pacific Islander",319,30,6
10/27/2020,Henrico,"Asian or Pacific Islander",250,11,4
10/27/2020,Piedmont,"Asian or Pacific Islander",11,0,1
10/27/2020,"Western Tidewater","Asian or Pacific Islander",22,2,3
10/27/2020,"West Piedmont","Asian or Pacific Islander",13,2,1
10/27/2020,Chickahominy,"Asian or Pacific Islander",19,1,0
10/27/2020,Peninsula,"Asian or Pacific Islander",65,5,7
10/27/2020,Norfolk,"Asian or Pacific Islander",74,9,0
10/27/2020,Arlington,"Asian or Pacific Islander",231,27,13
10/27/2020,Loudoun,"Asian or Pacific Islander",530,61,12
10/27/2020,Alexandria,"Asian or Pacific Islander",159,11,1
10/27/2020,Rappahannock,"Asian or Pacific Islander",102,11,3
10/27/2020,Chesapeake,"Asian or Pacific Islander",94,12,6
10/27/2020,"Cumberland Plateau and Lenowisco","Asian or Pacific Islander",2,0,0
10/27/2020,"Central Shenandoah","Asian or Pacific Islander",86,2,0
10/27/2020,"Prince William","Asian or Pacific Islander",674,62,21
10/27/2020,Pittsylvania-Danville,"Asian or Pacific Islander",4,0,0
10/27/2020,"Eastern Shore and Three Rivers","Asian or Pacific Islander",16,1,0
10/27/2020,Piedmont,"Native American",5,0,0
10/27/2020,"New River","Native American",5,0,0
10/27/2020,"Central Shenandoah","Native American",4,1,0
10/27/2020,"Eastern Shore and Three Rivers","Native American",1,0,0
10/27/2020,Fairfax,"Native American",36,1,1
10/27/2020,Chesapeake,"Native American",12,0,0
10/27/2020,"Western Tidewater","Native American",2,0,0
10/27/2020,Portsmouth,"Native American",4,2,0
10/27/2020,Richmond,"Native American",3,0,0
10/27/2020,Chickahominy,"Native American",6,1,0
10/27/2020,"Thomas Jefferson","Native American",4,0,0
10/27/2020,Arlington,"Native American",5,0,0
10/27/2020,"Virginia Beach","Native American",13,0,0
10/27/2020,Peninsula,"Native American",7,2,1
10/27/2020,Hampton,"Native American",4,0,1
10/27/2020,"West Piedmont","Native American",2,0,0
10/27/2020,"Cumberland Plateau, Lenowisco, and Mount Rogers","Native American",3,0,0
10/27/2020,Henrico,"Native American",12,0,0
10/27/2020,Norfolk,"Native American",9,1,1
10/27/2020,"Prince William","Native American",31,1,1
10/27/2020,"Central Virginia","Native American",9,0,0
10/27/2020,Chesterfield,"Native American",8,1,0
10/27/2020,Rappahannock,"Native American",6,0,0
10/27/2020,Loudoun,"Native American",6,0,0
10/27/2020,Alexandria,"Native American",4,0,0
10/27/2020,"Alleghany and Roanoke","Native American",5,0,0
10/27/2020,Crater,"Native American",6,1,1
10/27/2020,"Rappahannock Rapidan","Native American",2,0,0
10/27/2020,"Lord Fairfax","Native American",3,1,1
10/27/2020,"Pittsylvania-Danville and Southside","Native American",0,0,0
10/28/2020,"Rappahannock Rapidan","Not Reported",709,13,7
10/28/2020,Portsmouth,"Other Race",64,10,5
10/28/2020,"Western Tidewater","Two or more races",89,1,0
10/28/2020,Piedmont,White,818,62,28
10/28/2020,Chesterfield,Latino,2049,117,8
10/28/2020,Lenowisco,White,1300,103,21
10/28/2020,Lenowisco,"Two or more races",17,1,0
10/28/2020,Hampton,"Not Reported",624,2,1
10/28/2020,Southside,"Not Reported",673,8,5
10/28/2020,Roanoke,Black,593,38,8
10/28/2020,Hampton,Black,970,66,23
10/28/2020,Alleghany,"Other Race",23,1,0
10/28/2020,Lenowisco,Latino,28,0,0
10/28/2020,Loudoun,"Other Race",267,17,3
10/28/2020,"Central Shenandoah",Latino,1248,60,6
10/28/2020,"Rappahannock Rapidan",Latino,882,65,8
10/28/2020,"Eastern Shore",Black,869,100,29
10/28/2020,Norfolk,Latino,403,30,0
10/28/2020,Hampton,"Two or more races",19,0,0
10/28/2020,Richmond,Black,1847,267,40
10/28/2020,Henrico,"Two or more races",94,7,2
10/28/2020,Fairfax,"Two or more races",144,6,0
10/28/2020,Alleghany,"Not Reported",743,5,0
10/28/2020,Portsmouth,"Not Reported",451,7,1
10/28/2020,"Cumberland Plateau","Other Race",6,1,0
10/28/2020,Southside,"Two or more races",50,0,0
10/28/2020,Portsmouth,White,426,47,13
10/28/2020,"Rappahannock Rapidan","Two or more races",43,3,0
10/28/2020,Fairfax,White,5065,560,320
10/28/2020,Fairfax,"Other Race",941,90,19
10/28/2020,Crater,"Two or more races",13,0,0
10/28/2020,"West Piedmont","Not Reported",672,22,3
10/28/2020,Henrico,"Other Race",207,16,0
10/28/2020,"Three Rivers",White,937,63,22
10/28/2020,"Central Virginia",Black,475,41,17
10/28/2020,Lenowisco,"Other Race",10,0,0
10/28/2020,"Three Rivers","Other Race",26,3,0
10/28/2020,"Western Tidewater",White,1230,78,76
10/28/2020,"Mount Rogers",Black,89,9,3
10/28/2020,"Three Rivers","Not Reported",288,4,1
10/28/2020,"Thomas Jefferson",Black,605,83,18
10/28/2020,"Eastern Shore",White,293,33,18
10/28/2020,"Central Virginia",White,2004,114,37
10/28/2020,Lenowisco,Black,23,1,1
10/28/2020,"Central Virginia","Two or more races",23,0,0
10/28/2020,Richmond,"Two or more races",49,2,1
10/28/2020,Crater,"Not Reported",1107,10,5
10/28/2020,Chesterfield,"Two or more races",57,6,0
10/28/2020,"New River",Latino,250,5,0
10/28/2020,Richmond,Latino,1428,117,8
10/28/2020,Portsmouth,Latino,97,11,1
10/28/2020,Pittsylvania-Danville,"Not Reported",774,14,2
10/28/2020,Chesapeake,"Not Reported",621,4,0
10/28/2020,Chickahominy,Latino,109,6,0
10/28/2020,Crater,Black,2476,219,74
10/28/2020,Chesterfield,Black,1531,141,35
10/28/2020,Chesterfield,"Other Race",181,12,0
10/28/2020,Peninsula,Black,1381,89,29
10/28/2020,Roanoke,White,717,24,31
10/28/2020,"New River",Black,272,5,1
10/28/2020,Southside,Latino,9,0,0
10/28/2020,Peninsula,Latino,440,23,2
10/28/2020,Rappahannock,"Two or more races",50,3,0
10/28/2020,"Virginia Beach",Black,1893,144,31
10/28/2020,"Mount Rogers","Not Reported",214,11,6
10/28/2020,Loudoun,"Not Reported",1980,6,0
10/28/2020,Chesapeake,"Other Race",58,5,1
10/28/2020,Chickahominy,"Two or more races",8,1,0
10/28/2020,Crater,"Other Race",67,0,1
10/28/2020,Norfolk,"Two or more races",60,3,0
10/28/2020,"Eastern Shore","Two or more races",1,1,0
10/28/2020,"Central Shenandoah",White,4026,215,72
10/28/2020,"New River","Other Race",19,0,0
10/28/2020,"New River",White,2660,57,26
10/28/2020,"Central Shenandoah","Other Race",96,2,0
10/28/2020,"West Piedmont",Black,572,97,18
10/28/2020,Alleghany,Latino,189,13,0
10/28/2020,"Central Shenandoah","Not Reported",1024,4,1
10/28/2020,Roanoke,"Two or more races",16,2,0
10/28/2020,Peninsula,"Two or more races",64,4,1
10/28/2020,Richmond,"Not Reported",762,1,1
10/28/2020,Arlington,"Other Race",111,11,4
10/28/2020,Norfolk,"Not Reported",1077,3,1
10/28/2020,Alexandria,"Other Race",97,10,2
10/28/2020,"Virginia Beach",White,2938,204,62
10/28/2020,Chesapeake,"Two or more races",63,4,1
10/28/2020,Alleghany,White,1480,88,33
10/28/2020,"Rappahannock Rapidan","Other Race",40,3,0
10/28/2020,Chickahominy,"Not Reported",534,2,1
10/28/2020,Portsmouth,Black,1752,227,50
10/28/2020,Chickahominy,"Other Race",24,3,0
10/28/2020,"Virginia Beach",Latino,538,31,4
10/28/2020,Chesapeake,White,1748,167,33
10/28/2020,Southside,Black,610,49,22
10/28/2020,Rappahannock,Latino,1458,113,9
10/28/2020,"Three Rivers","Two or more races",13,1,0
10/28/2020,Henrico,Black,2014,228,97
10/28/2020,Pittsylvania-Danville,Black,815,99,21
10/28/2020,"Lord Fairfax","Two or more races",26,0,0
10/28/2020,"Prince William",Latino,7177,686,79
10/28/2020,"Mount Rogers","Other Race",14,2,2
10/28/2020,"Central Shenandoah",Black,281,16,4
10/28/2020,Peninsula,White,1323,92,52
10/28/2020,"Eastern Shore","Not Reported",79,0,0
10/28/2020,"Thomas Jefferson","Other Race",182,5,1
10/28/2020,Hampton,"Other Race",70,2,1
10/28/2020,"Lord Fairfax","Not Reported",465,5,6
10/28/2020,"Central Virginia","Other Race",33,1,0
10/28/2020,"Western Tidewater","Other Race",99,1,2
10/28/2020,Crater,Latino,236,11,5
10/28/2020,Chesapeake,Latino,389,29,2
10/28/2020,Chesterfield,White,2265,173,88
10/28/2020,"Western Tidewater","Not Reported",1044,5,1
10/28/2020,Fairfax,"Not Reported",2627,43,32
10/28/2020,Arlington,Black,468,90,36
10/28/2020,"Central Virginia",Latino,98,7,4
10/28/2020,Alexandria,"Not Reported",270,3,1
10/28/2020,"Three Rivers",Black,783,59,14
10/28/2020,"Prince William","Two or more races",126,1,0
10/28/2020,Loudoun,"Two or more races",66,2,0
10/28/2020,Peninsula,"Other Race",183,3,0
10/28/2020,"Thomas Jefferson",White,2313,106,54
10/28/2020,Norfolk,"Other Race",99,5,2
10/28/2020,"Prince William","Not Reported",4408,28,0
10/28/2020,"West Piedmont",White,1402,160,64
10/28/2020,Rappahannock,Black,1016,105,20
10/28/2020,Norfolk,Black,2598,288,58
10/28/2020,Roanoke,Latino,472,27,0
10/28/2020,Piedmont,Latino,76,8,2
10/28/2020,Roanoke,"Not Reported",897,2,0
10/28/2020,"Virginia Beach","Other Race",131,3,0
10/28/2020,Arlington,"Two or more races",49,4,0
10/28/2020,Alexandria,White,862,61,38
10/28/2020,"Lord Fairfax","Other Race",87,6,1
10/28/2020,"Thomas Jefferson","Not Reported",369,3,0
10/28/2020,"Virginia Beach","Not Reported",2008,15,2
10/28/2020,Loudoun,Black,366,35,7
10/28/2020,Pittsylvania-Danville,Latino,90,4,0
10/28/2020,"Cumberland Plateau","Not Reported",126,4,0
10/28/2020,Chesterfield,"Not Reported",1527,6,12
10/28/2020,"Mount Rogers",White,3098,282,138
10/28/2020,Richmond,White,1024,52,24
10/28/2020,Lenowisco,"Not Reported",198,4,4
10/28/2020,"Three Rivers",Latino,194,6,1
10/28/2020,Piedmont,"Not Reported",867,11,2
10/28/2020,"Mount Rogers",Latino,312,7,0
10/28/2020,"Central Shenandoah","Two or more races",55,1,0
10/28/2020,Crater,White,1102,63,31
10/28/2020,Arlington,White,1403,146,74
10/28/2020,Pittsylvania-Danville,"Other Race",5,0,0
10/28/2020,Chickahominy,Black,423,58,12
10/28/2020,Fairfax,Black,1941,256,66
10/28/2020,"Eastern Shore",Latino,273,11,3
10/28/2020,Norfolk,White,1074,71,22
10/28/2020,"Mount Rogers","Two or more races",13,1,0
10/28/2020,Alleghany,"Two or more races",20,0,0
10/28/2020,Southside,White,465,32,20
10/28/2020,"Thomas Jefferson","Two or more races",92,1,0
10/28/2020,"Prince William",Black,1734,185,59
10/28/2020,"Lord Fairfax",White,2331,231,107
10/28/2020,"Cumberland Plateau",Latino,14,0,0
10/28/2020,Arlington,"Not Reported",453,3,0
10/28/2020,Rappahannock,"Other Race",147,4,0
10/28/2020,"Rappahannock Rapidan",Black,313,40,12
10/28/2020,"New River","Two or more races",74,0,0
10/28/2020,Arlington,Latino,1907,256,27
10/28/2020,Henrico,White,1839,159,114
10/28/2020,Loudoun,White,1995,128,92
10/28/2020,Hampton,White,335,14,6
10/28/2020,Alleghany,Black,188,8,4
10/28/2020,"Prince William",White,2170,199,98
10/28/2020,Rappahannock,White,1810,168,60
10/28/2020,Southside,"Other Race",16,1,1
10/28/2020,Portsmouth,"Two or more races",23,6,0
10/28/2020,"Western Tidewater",Black,2048,147,71
10/28/2020,Hampton,Latino,85,5,0
10/28/2020,Henrico,"Not Reported",962,2,4
10/28/2020,"West Piedmont","Two or more races",9,0,0
10/28/2020,Peninsula,"Not Reported",1652,3,0
10/28/2020,Loudoun,Latino,2661,230,16
10/28/2020,Alexandria,Black,887,101,19
10/28/2020,Piedmont,Black,689,72,23
10/28/2020,Roanoke,"Other Race",31,1,0
10/28/2020,Alexandria,"Two or more races",29,2,0
10/28/2020,"Western Tidewater",Latino,57,1,2
10/28/2020,Rappahannock,"Not Reported",1519,25,0
10/28/2020,"West Piedmont","Other Race",12,1,1
10/28/2020,Chickahominy,White,1239,124,46
10/28/2020,"Thomas Jefferson",Latino,751,33,3
10/28/2020,"Cumberland Plateau",Black,58,0,0
10/28/2020,"Lord Fairfax",Latino,869,59,9
10/28/2020,"West Piedmont",Latino,293,12,1
10/28/2020,"Cumberland Plateau",White,1192,84,13
10/28/2020,"Eastern Shore","Other Race",13,1,0
10/28/2020,"Cumberland Plateau","Two or more races",10,0,0
10/28/2020,Pittsylvania-Danville,"Two or more races",7,0,0
10/28/2020,Piedmont,"Other Race",15,0,0
10/28/2020,Alexandria,Latino,1960,137,13
10/28/2020,Chesapeake,Black,1935,258,36
10/28/2020,Richmond,"Other Race",180,9,2
10/28/2020,Henrico,Latino,963,60,11
10/28/2020,Piedmont,"Two or more races",8,2,0
10/28/2020,"Prince William","Other Race",603,23,0
10/28/2020,"New River","Not Reported",1005,10,0
10/28/2020,"Rappahannock Rapidan",White,1073,67,28
10/28/2020,"Central Virginia","Not Reported",2177,31,6
10/28/2020,"Virginia Beach","Two or more races",84,5,1
10/28/2020,Pittsylvania-Danville,White,812,77,37
10/28/2020,"Lord Fairfax",Black,165,23,7
10/28/2020,Fairfax,Latino,11015,1056,104
10/28/2020,Chesterfield,"Asian or Pacific Islander",114,5,1
10/28/2020,Crater,"Asian or Pacific Islander",27,0,0
10/28/2020,Fairfax,"Asian or Pacific Islander",2113,281,78
10/28/2020,Hampton,"Asian or Pacific Islander",18,0,0
10/28/2020,"Rappahannock Rapidan","Asian or Pacific Islander",18,1,0
10/28/2020,"Mount Rogers","Asian or Pacific Islander",7,1,0
10/28/2020,"New River","Asian or Pacific Islander",119,0,0
10/28/2020,"Central Virginia","Asian or Pacific Islander",33,1,0
10/28/2020,"Lord Fairfax","Asian or Pacific Islander",20,1,0
10/28/2020,Southside,"Asian or Pacific Islander",2,0,0
10/28/2020,Alleghany,"Asian or Pacific Islander",30,0,0
10/28/2020,Portsmouth,"Asian or Pacific Islander",21,1,0
10/28/2020,Roanoke,"Asian or Pacific Islander",44,3,0
10/28/2020,Richmond,"Asian or Pacific Islander",62,4,1
10/28/2020,"Thomas Jefferson","Asian or Pacific Islander",121,1,1
10/28/2020,"Virginia Beach","Asian or Pacific Islander",321,30,6
10/28/2020,Henrico,"Asian or Pacific Islander",251,11,4
10/28/2020,Piedmont,"Asian or Pacific Islander",11,0,1
10/28/2020,"Western Tidewater","Asian or Pacific Islander",22,2,3
10/28/2020,"West Piedmont","Asian or Pacific Islander",13,2,1
10/28/2020,Chickahominy,"Asian or Pacific Islander",19,1,0
10/28/2020,Peninsula,"Asian or Pacific Islander",66,5,7
10/28/2020,Norfolk,"Asian or Pacific Islander",75,9,0
10/28/2020,Arlington,"Asian or Pacific Islander",234,28,13
10/28/2020,Loudoun,"Asian or Pacific Islander",535,61,12
10/28/2020,Alexandria,"Asian or Pacific Islander",160,11,1
10/28/2020,Rappahannock,"Asian or Pacific Islander",102,11,3
10/28/2020,Chesapeake,"Asian or Pacific Islander",95,12,6
10/28/2020,"Cumberland Plateau and Lenowisco","Asian or Pacific Islander",2,0,0
10/28/2020,"Central Shenandoah","Asian or Pacific Islander",87,2,0
10/28/2020,"Prince William","Asian or Pacific Islander",679,62,21
10/28/2020,Pittsylvania-Danville,"Asian or Pacific Islander",4,0,0
10/28/2020,"Eastern Shore and Three Rivers","Asian or Pacific Islander",14,1,0
10/28/2020,Piedmont,"Native American",5,0,0
10/28/2020,"New River","Native American",5,0,0
10/28/2020,"Central Shenandoah","Native American",4,1,0
10/28/2020,"Eastern Shore and Three Rivers","Native American",1,0,0
10/28/2020,Fairfax,"Native American",36,1,1
10/28/2020,Chesapeake,"Native American",12,0,0
10/28/2020,"Western Tidewater","Native American",2,0,0
10/28/2020,Portsmouth,"Native American",4,2,0
10/28/2020,Richmond,"Native American",3,0,0
10/28/2020,Chickahominy,"Native American",6,1,0
10/28/2020,"Thomas Jefferson","Native American",5,0,0
10/28/2020,Arlington,"Native American",5,0,0
10/28/2020,"Virginia Beach","Native American",13,0,0
10/28/2020,Peninsula,"Native American",7,2,1
10/28/2020,Hampton,"Native American",4,0,1
10/28/2020,"West Piedmont","Native American",2,0,0
10/28/2020,"Cumberland Plateau, Lenowisco, and Mount Rogers","Native American",3,0,0
10/28/2020,Henrico,"Native American",12,0,0
10/28/2020,Norfolk,"Native American",9,1,1
10/28/2020,"Prince William","Native American",31,1,1
10/28/2020,"Central Virginia","Native American",9,0,0
10/28/2020,Chesterfield,"Native American",8,1,0
10/28/2020,Rappahannock,"Native American",6,0,0
10/28/2020,Loudoun,"Native American",6,0,0
10/28/2020,Alexandria,"Native American",4,0,0
10/28/2020,"Alleghany and Roanoke","Native American",5,0,0
10/28/2020,Crater,"Native American",6,1,1
10/28/2020,"Rappahannock Rapidan","Native American",2,0,0
10/28/2020,"Lord Fairfax","Native American",3,1,1
10/28/2020,"Pittsylvania-Danville and Southside","Native American",1,0,0
10/29/2020,"Rappahannock Rapidan","Not Reported",716,13,7
10/29/2020,Portsmouth,"Other Race",64,10,5
10/29/2020,"Western Tidewater","Two or more races",89,1,0
10/29/2020,Piedmont,White,830,63,28
10/29/2020,Chesterfield,Latino,2062,117,8
10/29/2020,Lenowisco,White,1344,104,21
10/29/2020,Lenowisco,"Two or more races",18,1,0
10/29/2020,Hampton,"Not Reported",623,2,1
10/29/2020,Southside,"Not Reported",675,8,5
10/29/2020,Roanoke,Black,601,38,8
10/29/2020,Hampton,Black,977,67,23
10/29/2020,Alleghany,"Other Race",23,1,0
10/29/2020,Lenowisco,Latino,29,0,0
10/29/2020,Loudoun,"Other Race",267,17,3
10/29/2020,"Central Shenandoah",Latino,1250,60,6
10/29/2020,"Rappahannock Rapidan",Latino,887,65,8
10/29/2020,"Eastern Shore",Black,869,100,29
10/29/2020,Norfolk,Latino,405,30,0
10/29/2020,Hampton,"Two or more races",19,0,0
10/29/2020,Richmond,Black,1858,268,40
10/29/2020,Henrico,"Two or more races",94,7,2
10/29/2020,Fairfax,"Two or more races",144,6,0
10/29/2020,Alleghany,"Not Reported",759,5,0
10/29/2020,Portsmouth,"Not Reported",456,8,1
10/29/2020,"Cumberland Plateau","Other Race",6,1,0
10/29/2020,Southside,"Two or more races",53,0,0
10/29/2020,Portsmouth,White,430,46,13
10/29/2020,"Rappahannock Rapidan","Two or more races",42,3,0
10/29/2020,Fairfax,White,5109,560,320
10/29/2020,Fairfax,"Other Race",949,91,19
10/29/2020,Crater,"Two or more races",13,0,0
10/29/2020,"West Piedmont","Not Reported",681,21,3
10/29/2020,Henrico,"Other Race",207,16,0
10/29/2020,"Three Rivers",White,942,63,22
10/29/2020,"Central Virginia",Black,477,42,17
10/29/2020,Lenowisco,"Other Race",10,0,0
10/29/2020,"Three Rivers","Other Race",26,3,0
10/29/2020,"Western Tidewater",White,1240,78,76
10/29/2020,"Mount Rogers",Black,90,9,3
10/29/2020,"Three Rivers","Not Reported",292,5,2
10/29/2020,"Thomas Jefferson",Black,610,83,18
10/29/2020,"Eastern Shore",White,293,33,18
10/29/2020,"Central Virginia",White,2048,117,38
10/29/2020,Lenowisco,Black,23,1,1
10/29/2020,"Central Virginia","Two or more races",23,0,0
10/29/2020,Richmond,"Two or more races",49,2,1
10/29/2020,Crater,"Not Reported",1116,10,5
10/29/2020,Chesterfield,"Two or more races",57,6,0
10/29/2020,"New River",Latino,250,5,0
10/29/2020,Richmond,Latino,1429,117,8
10/29/2020,Portsmouth,Latino,97,11,1
10/29/2020,Pittsylvania-Danville,"Not Reported",780,14,2
10/29/2020,Chesapeake,"Not Reported",624,4,0
10/29/2020,Chickahominy,Latino,109,6,0
10/29/2020,Crater,Black,2495,219,74
10/29/2020,Chesterfield,Black,1545,141,36
10/29/2020,Chesterfield,"Other Race",182,12,0
10/29/2020,Peninsula,Black,1390,90,29
10/29/2020,Roanoke,White,734,25,32
10/29/2020,"New River",Black,272,5,1
10/29/2020,Southside,Latino,9,0,0
10/29/2020,Peninsula,Latino,442,23,2
10/29/2020,Rappahannock,"Two or more races",52,3,0
10/29/2020,"Virginia Beach",Black,1903,147,31
10/29/2020,"Mount Rogers","Not Reported",217,10,6
10/29/2020,Loudoun,"Not Reported",1986,5,0
10/29/2020,Chesapeake,"Other Race",58,5,1
10/29/2020,Chickahominy,"Two or more races",8,1,0
10/29/2020,Crater,"Other Race",67,0,1
10/29/2020,Norfolk,"Two or more races",60,3,0
10/29/2020,"Eastern Shore","Two or more races",1,1,0
10/29/2020,"Central Shenandoah",White,4055,218,72
10/29/2020,"New River","Other Race",19,0,0
10/29/2020,"New River",White,2685,60,26
10/29/2020,"Central Shenandoah","Other Race",96,2,0
10/29/2020,"West Piedmont",Black,581,100,19
10/29/2020,Alleghany,Latino,188,13,0
10/29/2020,"Central Shenandoah","Not Reported",1025,5,1
10/29/2020,Roanoke,"Two or more races",17,2,0
10/29/2020,Peninsula,"Two or more races",65,4,1
10/29/2020,Richmond,"Not Reported",758,1,1
10/29/2020,Arlington,"Other Race",113,11,4
10/29/2020,Norfolk,"Not Reported",1085,4,1
10/29/2020,Alexandria,"Other Race",100,10,2
10/29/2020,"Virginia Beach",White,2973,213,62
10/29/2020,Chesapeake,"Two or more races",63,4,1
10/29/2020,Alleghany,White,1514,88,33
10/29/2020,"Rappahannock Rapidan","Other Race",40,3,0
10/29/2020,Chickahominy,"Not Reported",545,2,1
10/29/2020,Portsmouth,Black,1757,232,49
10/29/2020,Chickahominy,"Other Race",24,3,0
10/29/2020,"Virginia Beach",Latino,544,31,4
10/29/2020,Chesapeake,White,1763,168,33
10/29/2020,Southside,Black,615,49,22
10/29/2020,Rappahannock,Latino,1473,113,9
10/29/2020,"Three Rivers","Two or more races",13,1,0
10/29/2020,Henrico,Black,2025,228,101
10/29/2020,Pittsylvania-Danville,Black,827,101,21
10/29/2020,"Lord Fairfax","Two or more races",26,0,0
10/29/2020,"Prince William",Latino,7221,689,79
10/29/2020,"Mount Rogers","Other Race",14,2,2
10/29/2020,"Central Shenandoah",Black,281,16,4
10/29/2020,Peninsula,White,1336,92,52
10/29/2020,"Eastern Shore","Not Reported",79,0,0
10/29/2020,"Thomas Jefferson","Other Race",182,5,1
10/29/2020,Hampton,"Other Race",70,2,1
10/29/2020,"Lord Fairfax","Not Reported",467,4,6
10/29/2020,"Central Virginia","Other Race",33,1,0
10/29/2020,"Western Tidewater","Other Race",100,1,2
10/29/2020,Crater,Latino,236,11,5
10/29/2020,Chesapeake,Latino,389,29,2
10/29/2020,Chesterfield,White,2293,176,91
10/29/2020,"Western Tidewater","Not Reported",1040,5,1
10/29/2020,Fairfax,"Not Reported",2659,43,32
10/29/2020,Arlington,Black,469,90,36
10/29/2020,"Central Virginia",Latino,101,7,4
10/29/2020,Alexandria,"Not Reported",262,3,1
10/29/2020,"Three Rivers",Black,787,59,14
10/29/2020,"Prince William","Two or more races",129,1,0
10/29/2020,Loudoun,"Two or more races",66,2,0
10/29/2020,Peninsula,"Other Race",185,3,0
10/29/2020,"Thomas Jefferson",White,2329,107,54
10/29/2020,Norfolk,"Other Race",100,5,2
10/29/2020,"Prince William","Not Reported",4437,28,0
10/29/2020,"West Piedmont",White,1435,162,65
10/29/2020,Rappahannock,Black,1025,105,20
10/29/2020,Norfolk,Black,2603,287,58
10/29/2020,Roanoke,Latino,480,27,0
10/29/2020,Piedmont,Latino,76,8,2
10/29/2020,Roanoke,"Not Reported",900,2,1
10/29/2020,"Virginia Beach","Other Race",132,3,0
10/29/2020,Arlington,"Two or more races",49,4,0
10/29/2020,Alexandria,White,871,61,38
10/29/2020,"Lord Fairfax","Other Race",87,6,1
10/29/2020,"Thomas Jefferson","Not Reported",367,3,0
10/29/2020,"Virginia Beach","Not Reported",2024,15,2
10/29/2020,Loudoun,Black,369,35,7
10/29/2020,Pittsylvania-Danville,Latino,90,4,0
10/29/2020,"Cumberland Plateau","Not Reported",122,4,0
10/29/2020,Chesterfield,"Not Reported",1525,6,13
10/29/2020,"Mount Rogers",White,3140,284,138
10/29/2020,Richmond,White,1030,53,24
10/29/2020,Lenowisco,"Not Reported",199,4,4
10/29/2020,"Three Rivers",Latino,195,6,1
10/29/2020,Piedmont,"Not Reported",875,11,2
10/29/2020,"Mount Rogers",Latino,314,7,0
10/29/2020,"Central Shenandoah","Two or more races",56,1,0
10/29/2020,Crater,White,1116,64,31
10/29/2020,Arlington,White,1410,147,74
10/29/2020,Pittsylvania-Danville,"Other Race",6,0,0
10/29/2020,Chickahominy,Black,427,58,12
10/29/2020,Fairfax,Black,1962,258,66
10/29/2020,"Eastern Shore",Latino,274,11,3
10/29/2020,Norfolk,White,1082,71,22
10/29/2020,"Mount Rogers","Two or more races",13,1,0
10/29/2020,Alleghany,"Two or more races",20,0,0
10/29/2020,Southside,White,474,32,20
10/29/2020,"Thomas Jefferson","Two or more races",94,2,0
10/29/2020,"Prince William",Black,1748,186,59
10/29/2020,"Lord Fairfax",White,2349,233,108
10/29/2020,"Cumberland Plateau",Latino,14,0,0
10/29/2020,Arlington,"Not Reported",457,3,0
10/29/2020,Rappahannock,"Other Race",149,4,0
10/29/2020,"Rappahannock Rapidan",Black,317,41,12
10/29/2020,"New River","Two or more races",73,0,0
10/29/2020,Arlington,Latino,1909,256,27
10/29/2020,Henrico,White,1856,159,117
10/29/2020,Loudoun,White,2012,129,92
10/29/2020,Hampton,White,342,14,6
10/29/2020,Alleghany,Black,190,8,4
10/29/2020,"Prince William",White,2200,200,98
10/29/2020,Rappahannock,White,1839,169,60
10/29/2020,Southside,"Other Race",16,1,1
10/29/2020,Portsmouth,"Two or more races",23,6,0
10/29/2020,"Western Tidewater",Black,2063,148,71
10/29/2020,Hampton,Latino,85,5,0
10/29/2020,Henrico,"Not Reported",978,2,4
10/29/2020,"West Piedmont","Two or more races",10,0,0
10/29/2020,Peninsula,"Not Reported",1655,3,0
10/29/2020,Loudoun,Latino,2666,231,16
10/29/2020,Alexandria,Black,888,100,19
10/29/2020,Piedmont,Black,692,75,23
10/29/2020,Roanoke,"Other Race",32,1,0
10/29/2020,Alexandria,"Two or more races",29,2,0
10/29/2020,"Western Tidewater",Latino,57,1,2
10/29/2020,Rappahannock,"Not Reported",1515,26,0
10/29/2020,"West Piedmont","Other Race",12,1,1
10/29/2020,Chickahominy,White,1254,125,46
10/29/2020,"Thomas Jefferson",Latino,753,33,3
10/29/2020,"Cumberland Plateau",Black,58,0,0
10/29/2020,"Lord Fairfax",Latino,872,60,9
10/29/2020,"West Piedmont",Latino,296,12,1
10/29/2020,"Cumberland Plateau",White,1219,85,14
10/29/2020,"Eastern Shore","Other Race",13,1,0
10/29/2020,"Cumberland Plateau","Two or more races",11,0,0
10/29/2020,Pittsylvania-Danville,"Two or more races",7,0,0
10/29/2020,Piedmont,"Other Race",15,0,0
10/29/2020,Alexandria,Latino,1970,137,13
10/29/2020,Chesapeake,Black,1941,257,36
10/29/2020,Richmond,"Other Race",179,8,2
10/29/2020,Henrico,Latino,967,60,11
10/29/2020,Piedmont,"Two or more races",8,2,0
10/29/2020,"Prince William","Other Race",606,23,0
10/29/2020,"New River","Not Reported",1011,10,0
10/29/2020,"Rappahannock Rapidan",White,1095,67,28
10/29/2020,"Central Virginia","Not Reported",2222,29,6
10/29/2020,"Virginia Beach","Two or more races",86,5,1
10/29/2020,Pittsylvania-Danville,White,824,78,38
10/29/2020,"Lord Fairfax",Black,166,23,7
10/29/2020,Fairfax,Latino,11072,1056,104
10/29/2020,Chesterfield,"Asian or Pacific Islander",114,6,1
10/29/2020,Crater,"Asian or Pacific Islander",27,0,0
10/29/2020,Fairfax,"Asian or Pacific Islander",2136,283,78
10/29/2020,Hampton,"Asian or Pacific Islander",18,0,0
10/29/2020,"Rappahannock Rapidan","Asian or Pacific Islander",18,1,0
10/29/2020,"Mount Rogers","Asian or Pacific Islander",7,1,0
10/29/2020,"New River","Asian or Pacific Islander",122,0,0
10/29/2020,"Central Virginia","Asian or Pacific Islander",32,1,0
10/29/2020,"Lord Fairfax","Asian or Pacific Islander",20,1,0
10/29/2020,Southside,"Asian or Pacific Islander",3,0,0
10/29/2020,Alleghany,"Asian or Pacific Islander",33,0,0
10/29/2020,Portsmouth,"Asian or Pacific Islander",21,1,0
10/29/2020,Roanoke,"Asian or Pacific Islander",45,3,0
10/29/2020,Richmond,"Asian or Pacific Islander",62,4,1
10/29/2020,"Thomas Jefferson","Asian or Pacific Islander",127,1,1
10/29/2020,"Virginia Beach","Asian or Pacific Islander",326,30,6
10/29/2020,Henrico,"Asian or Pacific Islander",255,11,4
10/29/2020,Piedmont,"Asian or Pacific Islander",12,0,1
10/29/2020,"Western Tidewater","Asian or Pacific Islander",22,2,3
10/29/2020,"West Piedmont","Asian or Pacific Islander",13,2,1
10/29/2020,Chickahominy,"Asian or Pacific Islander",19,1,0
10/29/2020,Peninsula,"Asian or Pacific Islander",66,5,7
10/29/2020,Norfolk,"Asian or Pacific Islander",75,9,0
10/29/2020,Arlington,"Asian or Pacific Islander",235,28,13
10/29/2020,Loudoun,"Asian or Pacific Islander",536,61,12
10/29/2020,Alexandria,"Asian or Pacific Islander",161,11,1
10/29/2020,Rappahannock,"Asian or Pacific Islander",103,11,3
10/29/2020,Chesapeake,"Asian or Pacific Islander",95,12,6
10/29/2020,"Cumberland Plateau and Lenowisco","Asian or Pacific Islander",2,0,0
10/29/2020,"Central Shenandoah","Asian or Pacific Islander",87,2,0
10/29/2020,"Prince William","Asian or Pacific Islander",682,62,21
10/29/2020,Pittsylvania-Danville,"Asian or Pacific Islander",4,0,0
10/29/2020,"Eastern Shore and Three Rivers","Asian or Pacific Islander",14,1,0
10/29/2020,Piedmont,"Native American",5,0,0
10/29/2020,"New River","Native American",5,0,0
10/29/2020,"Central Shenandoah","Native American",4,1,0
10/29/2020,"Eastern Shore and Three Rivers","Native American",1,0,0
10/29/2020,Fairfax,"Native American",36,1,1
10/29/2020,Chesapeake,"Native American",12,0,0
10/29/2020,"Western Tidewater","Native American",2,0,0
10/29/2020,Portsmouth,"Native American",4,2,0
10/29/2020,Richmond,"Native American",3,0,0
10/29/2020,Chickahominy,"Native American",7,1,0
10/29/2020,"Thomas Jefferson","Native American",5,0,0
10/29/2020,Arlington,"Native American",5,0,0
10/29/2020,"Virginia Beach","Native American",13,0,0
10/29/2020,Peninsula,"Native American",7,2,1
10/29/2020,Hampton,"Native American",4,0,1
10/29/2020,"West Piedmont","Native American",2,0,0
10/29/2020,"Cumberland Plateau, Lenowisco, and Mount Rogers","Native American",3,0,0
10/29/2020,Henrico,"Native American",12,0,0
10/29/2020,Norfolk,"Native American",9,1,1
10/29/2020,"Prince William","Native American",30,1,1
10/29/2020,"Central Virginia","Native American",9,0,0
10/29/2020,Chesterfield,"Native American",8,1,0
10/29/2020,Rappahannock,"Native American",6,0,0
10/29/2020,Loudoun,"Native American",6,0,0
10/29/2020,Alexandria,"Native American",4,0,0
10/29/2020,"Alleghany and Roanoke","Native American",5,0,0
10/29/2020,Crater,"Native American",7,1,1
10/29/2020,"Rappahannock Rapidan","Native American",2,0,0
10/29/2020,"Lord Fairfax","Native American",3,1,1
10/29/2020,"Pittsylvania-Danville and Southside","Native American",0,0,0
10/30/2020,"Rappahannock Rapidan","Not Reported",714,13,7
10/30/2020,Portsmouth,"Other Race",64,10,5
10/30/2020,"Western Tidewater","Two or more races",90,1,0
10/30/2020,Piedmont,White,842,63,28
10/30/2020,Chesterfield,Latino,2085,117,9
10/30/2020,Lenowisco,White,1367,104,21
10/30/2020,Lenowisco,"Two or more races",20,1,0
10/30/2020,Hampton,"Not Reported",626,2,1
10/30/2020,Southside,"Not Reported",681,8,5
10/30/2020,Roanoke,Black,615,38,8
10/30/2020,Hampton,Black,980,68,23
10/30/2020,Alleghany,"Other Race",23,1,0
10/30/2020,Lenowisco,Latino,30,0,0
10/30/2020,Loudoun,"Other Race",273,17,3
10/30/2020,"Central Shenandoah",Latino,1255,60,6
10/30/2020,"Rappahannock Rapidan",Latino,887,65,8
10/30/2020,"Eastern Shore",Black,869,100,29
10/30/2020,Norfolk,Latino,409,30,0
10/30/2020,Hampton,"Two or more races",19,0,0
10/30/2020,Richmond,Black,1870,268,40
10/30/2020,Henrico,"Two or more races",96,7,2
10/30/2020,Fairfax,"Two or more races",145,6,0
10/30/2020,Alleghany,"Not Reported",774,5,0
10/30/2020,Portsmouth,"Not Reported",453,8,1
10/30/2020,"Cumberland Plateau","Other Race",6,1,0
10/30/2020,Southside,"Two or more races",55,0,0
10/30/2020,Portsmouth,White,434,46,13
10/30/2020,"Rappahannock Rapidan","Two or more races",42,3,0
10/30/2020,Fairfax,White,5142,561,320
10/30/2020,Fairfax,"Other Race",956,92,19
10/30/2020,Crater,"Two or more races",13,0,0
10/30/2020,"West Piedmont","Not Reported",697,22,3
10/30/2020,Henrico,"Other Race",208,16,0
10/30/2020,"Three Rivers",White,949,63,22
10/30/2020,"Central Virginia",Black,481,42,17
10/30/2020,Lenowisco,"Other Race",10,0,0
10/30/2020,"Three Rivers","Other Race",27,3,0
10/30/2020,"Western Tidewater",White,1250,78,76
10/30/2020,"Mount Rogers",Black,90,9,3
10/30/2020,"Three Rivers","Not Reported",293,5,2
10/30/2020,"Thomas Jefferson",Black,613,83,18
10/30/2020,"Eastern Shore",White,297,33,18
10/30/2020,"Central Virginia",White,2099,121,39
10/30/2020,Lenowisco,Black,23,1,1
10/30/2020,"Central Virginia","Two or more races",22,0,0
10/30/2020,Richmond,"Two or more races",49,2,1
10/30/2020,Crater,"Not Reported",1124,10,5
10/30/2020,Chesterfield,"Two or more races",57,6,0
10/30/2020,"New River",Latino,253,5,0
10/30/2020,Richmond,Latino,1438,117,8
10/30/2020,Portsmouth,Latino,98,11,1
10/30/2020,Pittsylvania-Danville,"Not Reported",787,14,2
10/30/2020,Chesapeake,"Not Reported",621,4,0
10/30/2020,Chickahominy,Latino,109,6,0
10/30/2020,Crater,Black,2508,220,74
10/30/2020,Chesterfield,Black,1558,141,36
10/30/2020,Chesterfield,"Other Race",181,12,0
10/30/2020,Peninsula,Black,1398,90,29
10/30/2020,Roanoke,White,751,25,32
10/30/2020,"New River",Black,274,5,1
10/30/2020,Southside,Latino,9,0,0
10/30/2020,Peninsula,Latino,444,23,2
10/30/2020,Rappahannock,"Two or more races",54,3,0
10/30/2020,"Virginia Beach",Black,1909,147,31
10/30/2020,"Mount Rogers","Not Reported",231,10,6
10/30/2020,Loudoun,"Not Reported",1991,5,0
10/30/2020,Chesapeake,"Other Race",58,5,1
10/30/2020,Chickahominy,"Two or more races",8,1,0
10/30/2020,Crater,"Other Race",67,0,1
10/30/2020,Norfolk,"Two or more races",60,3,0
10/30/2020,"Eastern Shore","Two or more races",1,1,0
10/30/2020,"Central Shenandoah",White,4110,221,72
10/30/2020,"New River","Other Race",19,0,0
10/30/2020,"New River",White,2745,60,26
10/30/2020,"Central Shenandoah","Other Race",97,2,0
10/30/2020,"West Piedmont",Black,589,100,19
10/30/2020,Alleghany,Latino,189,13,0
10/30/2020,"Central Shenandoah","Not Reported",1056,5,1
10/30/2020,Roanoke,"Two or more races",18,2,0
10/30/2020,Peninsula,"Two or more races",66,4,1
10/30/2020,Richmond,"Not Reported",762,1,1
10/30/2020,Arlington,"Other Race",113,11,4
10/30/2020,Norfolk,"Not Reported",1091,4,1
10/30/2020,Alexandria,"Other Race",102,10,2
10/30/2020,"Virginia Beach",White,3000,213,63
10/30/2020,Chesapeake,"Two or more races",63,4,1
10/30/2020,Alleghany,White,1550,89,33
10/30/2020,"Rappahannock Rapidan","Other Race",40,3,0
10/30/2020,Chickahominy,"Not Reported",544,2,1
10/30/2020,Portsmouth,Black,1761,232,49
10/30/2020,Chickahominy,"Other Race",24,3,0
10/30/2020,"Virginia Beach",Latino,553,31,4
10/30/2020,Chesapeake,White,1778,169,33
10/30/2020,Southside,Black,622,49,22
10/30/2020,Rappahannock,Latino,1480,113,9
10/30/2020,"Three Rivers","Two or more races",13,1,0
10/30/2020,Henrico,Black,2034,229,102
10/30/2020,Pittsylvania-Danville,Black,838,101,21
10/30/2020,"Lord Fairfax","Two or more races",26,0,0
10/30/2020,"Prince William",Latino,7260,690,79
10/30/2020,"Mount Rogers","Other Race",14,2,2
10/30/2020,"Central Shenandoah",Black,284,16,5
10/30/2020,Peninsula,White,1348,92,52
10/30/2020,"Eastern Shore","Not Reported",79,0,0
10/30/2020,"Thomas Jefferson","Other Race",183,5,1
10/30/2020,Hampton,"Other Race",69,2,1
10/30/2020,"Lord Fairfax","Not Reported",471,4,6
10/30/2020,"Central Virginia","Other Race",33,1,0
10/30/2020,"Western Tidewater","Other Race",100,1,2
10/30/2020,Crater,Latino,244,11,5
10/30/2020,Chesapeake,Latino,394,30,2
10/30/2020,Chesterfield,White,2308,178,91
10/30/2020,"Western Tidewater","Not Reported",1045,5,1
10/30/2020,Fairfax,"Not Reported",2656,42,32
10/30/2020,Arlington,Black,469,90,36
10/30/2020,"Central Virginia",Latino,101,7,4
10/30/2020,Alexandria,"Not Reported",264,3,1
10/30/2020,"Three Rivers",Black,792,59,14
10/30/2020,"Prince William","Two or more races",133,1,0
10/30/2020,Loudoun,"Two or more races",67,2,0
10/30/2020,Peninsula,"Other Race",184,3,0
10/30/2020,"Thomas Jefferson",White,2343,107,54
10/30/2020,Norfolk,"Other Race",102,5,2
10/30/2020,"Prince William","Not Reported",4425,28,0
10/30/2020,"West Piedmont",White,1465,165,65
10/30/2020,Rappahannock,Black,1035,106,20
10/30/2020,Norfolk,Black,2607,287,58
10/30/2020,Roanoke,Latino,484,29,0
10/30/2020,Piedmont,Latino,77,8,2
10/30/2020,Roanoke,"Not Reported",930,2,1
10/30/2020,"Virginia Beach","Other Race",134,3,0
10/30/2020,Arlington,"Two or more races",52,4,0
10/30/2020,Alexandria,White,880,61,38
10/30/2020,"Lord Fairfax","Other Race",88,6,1
10/30/2020,"Thomas Jefferson","Not Reported",370,3,0
10/30/2020,"Virginia Beach","Not Reported",2033,15,2
10/30/2020,Loudoun,Black,372,35,7
10/30/2020,Pittsylvania-Danville,Latino,90,4,0
10/30/2020,"Cumberland Plateau","Not Reported",128,4,0
10/30/2020,Chesterfield,"Not Reported",1526,6,13
10/30/2020,"Mount Rogers",White,3180,285,138
10/30/2020,Richmond,White,1031,53,24
10/30/2020,Lenowisco,"Not Reported",208,4,4
10/30/2020,"Three Rivers",Latino,196,6,1
10/30/2020,Piedmont,"Not Reported",877,11,2
10/30/2020,"Mount Rogers",Latino,314,7,0
10/30/2020,"Central Shenandoah","Two or more races",57,1,0
10/30/2020,Crater,White,1124,65,31
10/30/2020,Arlington,White,1427,147,74
10/30/2020,Pittsylvania-Danville,"Other Race",6,0,0
10/30/2020,Chickahominy,Black,428,58,12
10/30/2020,Fairfax,Black,1971,259,66
10/30/2020,"Eastern Shore",Latino,275,11,3
10/30/2020,Norfolk,White,1092,72,22
10/30/2020,"Mount Rogers","Two or more races",13,1,0
10/30/2020,Alleghany,"Two or more races",20,0,0
10/30/2020,Southside,White,482,32,20
10/30/2020,"Thomas Jefferson","Two or more races",101,2,0
10/30/2020,"Prince William",Black,1767,188,59
10/30/2020,"Lord Fairfax",White,2375,235,108
10/30/2020,"Cumberland Plateau",Latino,14,0,0
10/30/2020,Arlington,"Not Reported",464,3,0
10/30/2020,Rappahannock,"Other Race",151,4,0
10/30/2020,"Rappahannock Rapidan",Black,316,41,12
10/30/2020,"New River","Two or more races",86,0,0
10/30/2020,Arlington,Latino,1922,258,27
10/30/2020,Henrico,White,1867,160,117
10/30/2020,Loudoun,White,2022,129,92
10/30/2020,Hampton,White,345,14,6
10/30/2020,Alleghany,Black,192,8,4
10/30/2020,"Prince William",White,2230,202,98
10/30/2020,Rappahannock,White,1849,169,60
10/30/2020,Southside,"Other Race",16,1,1
10/30/2020,Portsmouth,"Two or more races",23,6,0
10/30/2020,"Western Tidewater",Black,2074,148,71
10/30/2020,Hampton,Latino,86,5,0
10/30/2020,Henrico,"Not Reported",988,2,4
10/30/2020,"West Piedmont","Two or more races",13,0,0
10/30/2020,Peninsula,"Not Reported",1666,4,0
10/30/2020,Loudoun,Latino,2678,233,16
10/30/2020,Alexandria,Black,893,100,19
10/30/2020,Piedmont,Black,699,75,23
10/30/2020,Roanoke,"Other Race",33,1,0
10/30/2020,Alexandria,"Two or more races",29,2,0
10/30/2020,"Western Tidewater",Latino,57,1,2
10/30/2020,Rappahannock,"Not Reported",1521,26,0
10/30/2020,"West Piedmont","Other Race",11,1,1
10/30/2020,Chickahominy,White,1261,125,46
10/30/2020,"Thomas Jefferson",Latino,754,33,3
10/30/2020,"Cumberland Plateau",Black,58,0,0
10/30/2020,"Lord Fairfax",Latino,876,60,9
10/30/2020,"West Piedmont",Latino,298,12,1
10/30/2020,"Cumberland Plateau",White,1252,90,15
10/30/2020,"Eastern Shore","Other Race",13,1,0
10/30/2020,"Cumberland Plateau","Two or more races",10,0,0
10/30/2020,Pittsylvania-Danville,"Two or more races",7,0,0
10/30/2020,Piedmont,"Other Race",15,0,0
10/30/2020,Alexandria,Latino,1970,137,13
10/30/2020,Chesapeake,Black,1950,259,36
10/30/2020,Richmond,"Other Race",179,8,2
10/30/2020,Henrico,Latino,976,60,11
10/30/2020,Piedmont,"Two or more races",8,2,0
10/30/2020,"Prince William","Other Race",624,23,0
10/30/2020,"New River","Not Reported",1027,12,0
10/30/2020,"Rappahannock Rapidan",White,1110,67,28
10/30/2020,"Central Virginia","Not Reported",2241,29,6
10/30/2020,"Virginia Beach","Two or more races",88,5,2
10/30/2020,Pittsylvania-Danville,White,835,79,38
10/30/2020,"Lord Fairfax",Black,168,23,7
10/30/2020,Fairfax,Latino,11122,1060,104
10/30/2020,Chesterfield,"Asian or Pacific Islander",117,7,1
10/30/2020,Crater,"Asian or Pacific Islander",29,0,0
10/30/2020,Fairfax,"Asian or Pacific Islander",2154,284,78
10/30/2020,Hampton,"Asian or Pacific Islander",19,0,0
10/30/2020,"Rappahannock Rapidan","Asian or Pacific Islander",18,1,0
10/30/2020,"Mount Rogers","Asian or Pacific Islander",7,1,0
10/30/2020,"New River","Asian or Pacific Islander",123,0,0
10/30/2020,"Central Virginia","Asian or Pacific Islander",33,1,0
10/30/2020,"Lord Fairfax","Asian or Pacific Islander",20,1,0
10/30/2020,Southside,"Asian or Pacific Islander",3,0,0
10/30/2020,Alleghany,"Asian or Pacific Islander",33,0,0
10/30/2020,Portsmouth,"Asian or Pacific Islander",21,1,0
10/30/2020,Roanoke,"Asian or Pacific Islander",45,3,0
10/30/2020,Richmond,"Asian or Pacific Islander",62,4,1
10/30/2020,"Thomas Jefferson","Asian or Pacific Islander",129,1,1
10/30/2020,"Virginia Beach","Asian or Pacific Islander",327,30,6
10/30/2020,Henrico,"Asian or Pacific Islander",258,12,4
10/30/2020,Piedmont,"Asian or Pacific Islander",12,0,1
10/30/2020,"Western Tidewater","Asian or Pacific Islander",22,2,3
10/30/2020,"West Piedmont","Asian or Pacific Islander",13,2,1
10/30/2020,Chickahominy,"Asian or Pacific Islander",19,1,0
10/30/2020,Peninsula,"Asian or Pacific Islander",66,5,7
10/30/2020,Norfolk,"Asian or Pacific Islander",75,9,0
10/30/2020,Arlington,"Asian or Pacific Islander",234,28,13
10/30/2020,Loudoun,"Asian or Pacific Islander",537,61,12
10/30/2020,Alexandria,"Asian or Pacific Islander",161,11,1
10/30/2020,Rappahannock,"Asian or Pacific Islander",104,11,3
10/30/2020,Chesapeake,"Asian or Pacific Islander",96,12,6
10/30/2020,"Cumberland Plateau and Lenowisco","Asian or Pacific Islander",2,0,0
10/30/2020,"Central Shenandoah","Asian or Pacific Islander",90,2,0
10/30/2020,"Prince William","Asian or Pacific Islander",686,62,21
10/30/2020,Pittsylvania-Danville,"Asian or Pacific Islander",4,0,0
10/30/2020,"Eastern Shore and Three Rivers","Asian or Pacific Islander",14,1,0
10/30/2020,Piedmont,"Native American",5,0,0
10/30/2020,"New River","Native American",5,0,0
10/30/2020,"Central Shenandoah","Native American",4,1,0
10/30/2020,"Eastern Shore and Three Rivers","Native American",1,0,0
10/30/2020,Fairfax,"Native American",36,1,1
10/30/2020,Chesapeake,"Native American",12,0,0
10/30/2020,"Western Tidewater","Native American",3,0,0
10/30/2020,Portsmouth,"Native American",4,2,0
10/30/2020,Richmond,"Native American",3,0,0
10/30/2020,Chickahominy,"Native American",7,1,0
10/30/2020,"Thomas Jefferson","Native American",5,0,0
10/30/2020,Arlington,"Native American",5,0,0
10/30/2020,"Virginia Beach","Native American",13,0,0
10/30/2020,Peninsula,"Native American",7,2,1
10/30/2020,Hampton,"Native American",3,0,1
10/30/2020,"West Piedmont","Native American",2,0,0
10/30/2020,"Cumberland Plateau, Lenowisco, and Mount Rogers","Native American",3,0,0
10/30/2020,Henrico,"Native American",12,0,0
10/30/2020,Norfolk,"Native American",9,1,1
10/30/2020,"Prince William","Native American",30,1,1
10/30/2020,"Central Virginia","Native American",9,0,0
10/30/2020,Chesterfield,"Native American",8,1,0
10/30/2020,Rappahannock,"Native American",6,0,0
10/30/2020,Loudoun,"Native American",6,0,0
10/30/2020,Alexandria,"Native American",4,0,0
10/30/2020,"Alleghany and Roanoke","Native American",6,0,0
10/30/2020,Crater,"Native American",7,1,1
10/30/2020,"Rappahannock Rapidan","Native American",2,0,0
10/30/2020,"Lord Fairfax","Native American",3,1,1
10/30/2020,"Pittsylvania-Danville and Southside","Native American",1,0,0
10/31/2020,"Rappahannock Rapidan","Not Reported",715,13,7
10/31/2020,Portsmouth,"Other Race",64,10,5
10/31/2020,"Western Tidewater","Two or more races",91,1,0
10/31/2020,Piedmont,White,849,64,28
10/31/2020,Chesterfield,Latino,2096,118,9
10/31/2020,Lenowisco,White,1414,106,21
10/31/2020,Lenowisco,"Two or more races",21,1,0
10/31/2020,Hampton,"Not Reported",622,2,1
10/31/2020,Southside,"Not Reported",684,8,5
10/31/2020,Roanoke,Black,621,39,9
10/31/2020,Hampton,Black,989,70,23
10/31/2020,Alleghany,"Other Race",26,1,0
10/31/2020,Lenowisco,Latino,32,0,0
10/31/2020,Loudoun,"Other Race",273,17,3
10/31/2020,"Central Shenandoah",Latino,1258,60,6
10/31/2020,"Rappahannock Rapidan",Latino,887,65,8
10/31/2020,"Eastern Shore",Black,870,100,29
10/31/2020,Norfolk,Latino,417,30,0
10/31/2020,Hampton,"Two or more races",18,0,0
10/31/2020,Richmond,Black,1878,269,40
10/31/2020,Henrico,"Two or more races",96,7,2
10/31/2020,Fairfax,"Two or more races",145,6,0
10/31/2020,Alleghany,"Not Reported",826,5,1
10/31/2020,Portsmouth,"Not Reported",453,8,1
10/31/2020,"Cumberland Plateau","Other Race",6,1,0
10/31/2020,Southside,"Two or more races",57,0,0
10/31/2020,Portsmouth,White,437,46,13
10/31/2020,"Rappahannock Rapidan","Two or more races",42,3,0
10/31/2020,Fairfax,White,5186,564,320
10/31/2020,Fairfax,"Other Race",960,91,19
10/31/2020,Crater,"Two or more races",13,0,0
10/31/2020,"West Piedmont","Not Reported",726,22,3
10/31/2020,Henrico,"Other Race",211,16,0
10/31/2020,"Three Rivers",White,957,64,22
10/31/2020,"Central Virginia",Black,484,42,17
10/31/2020,Lenowisco,"Other Race",12,0,0
10/31/2020,"Three Rivers","Other Race",27,3,0
10/31/2020,"Western Tidewater",White,1265,78,76
10/31/2020,"Mount Rogers",Black,90,9,3
10/31/2020,"Three Rivers","Not Reported",294,5,2
10/31/2020,"Thomas Jefferson",Black,615,84,18
10/31/2020,"Eastern Shore",White,300,33,18
10/31/2020,"Central Virginia",White,2137,122,39
10/31/2020,Lenowisco,Black,28,1,1
10/31/2020,"Central Virginia","Two or more races",24,0,0
10/31/2020,Richmond,"Two or more races",49,2,1
10/31/2020,Crater,"Not Reported",1130,10,5
10/31/2020,Chesterfield,"Two or more races",58,6,0
10/31/2020,"New River",Latino,253,5,0
10/31/2020,Richmond,Latino,1444,117,8
10/31/2020,Portsmouth,Latino,98,11,1
10/31/2020,Pittsylvania-Danville,"Not Reported",796,14,2
10/31/2020,Chesapeake,"Not Reported",625,4,0
10/31/2020,Chickahominy,Latino,109,6,0
10/31/2020,Crater,Black,2517,223,75
10/31/2020,Chesterfield,Black,1569,141,36
10/31/2020,Chesterfield,"Other Race",180,12,0
10/31/2020,Peninsula,Black,1409,93,29
10/31/2020,Roanoke,White,773,28,33
10/31/2020,"New River",Black,274,5,1
10/31/2020,Southside,Latino,9,0,0
10/31/2020,Peninsula,Latino,447,24,2
10/31/2020,Rappahannock,"Two or more races",54,3,0
10/31/2020,"Virginia Beach",Black,1927,148,31
10/31/2020,"Mount Rogers","Not Reported",245,11,7
10/31/2020,Loudoun,"Not Reported",1993,5,0
10/31/2020,Chesapeake,"Other Race",59,5,1
10/31/2020,Chickahominy,"Two or more races",8,1,0
10/31/2020,Crater,"Other Race",67,0,1
10/31/2020,Norfolk,"Two or more races",60,3,0
10/31/2020,"Eastern Shore","Two or more races",1,1,0
10/31/2020,"Central Shenandoah",White,4144,221,72
10/31/2020,"New River","Other Race",20,0,0
10/31/2020,"New River",White,2798,64,26
10/31/2020,"Central Shenandoah","Other Race",98,2,0
10/31/2020,"West Piedmont",Black,591,101,19
10/31/2020,Alleghany,Latino,193,13,0
10/31/2020,"Central Shenandoah","Not Reported",1068,5,1
10/31/2020,Roanoke,"Two or more races",17,2,0
10/31/2020,Peninsula,"Two or more races",67,4,1
10/31/2020,Richmond,"Not Reported",761,1,1
10/31/2020,Arlington,"Other Race",113,11,4
10/31/2020,Norfolk,"Not Reported",1108,4,1
10/31/2020,Alexandria,"Other Race",108,10,2
10/31/2020,"Virginia Beach",White,3024,215,62
10/31/2020,Chesapeake,"Two or more races",63,4,1
10/31/2020,Alleghany,White,1615,91,36
10/31/2020,"Rappahannock Rapidan","Other Race",40,3,0
10/31/2020,Chickahominy,"Not Reported",557,2,1
10/31/2020,Portsmouth,Black,1763,236,49
10/31/2020,Chickahominy,"Other Race",25,3,0
10/31/2020,"Virginia Beach",Latino,561,31,4
10/31/2020,Chesapeake,White,1802,170,33
10/31/2020,Southside,Black,623,49,22
10/31/2020,Rappahannock,Latino,1490,114,9
10/31/2020,"Three Rivers","Two or more races",13,1,0
10/31/2020,Henrico,Black,2042,230,102
10/31/2020,Pittsylvania-Danville,Black,847,104,21
10/31/2020,"Lord Fairfax","Two or more races",26,0,0
10/31/2020,"Prince William",Latino,7302,696,79
10/31/2020,"Mount Rogers","Other Race",16,2,2
10/31/2020,"Central Shenandoah",Black,284,16,5
10/31/2020,Peninsula,White,1361,92,52
10/31/2020,"Eastern Shore","Not Reported",79,0,0
10/31/2020,"Thomas Jefferson","Other Race",181,5,1
10/31/2020,Hampton,"Other Race",71,2,1
10/31/2020,"Lord Fairfax","Not Reported",474,4,6
10/31/2020,"Central Virginia","Other Race",32,1,0
10/31/2020,"Western Tidewater","Other Race",101,1,2
10/31/2020,Crater,Latino,246,11,5
10/31/2020,Chesapeake,Latino,395,29,2
10/31/2020,Chesterfield,White,2340,181,92
10/31/2020,"Western Tidewater","Not Reported",1044,5,1
10/31/2020,Fairfax,"Not Reported",2693,42,31
10/31/2020,Arlington,Black,469,90,36
10/31/2020,"Central Virginia",Latino,104,7,4
10/31/2020,Alexandria,"Not Reported",259,3,1
10/31/2020,"Three Rivers",Black,794,59,14
10/31/2020,"Prince William","Two or more races",133,1,0
10/31/2020,Loudoun,"Two or more races",65,2,0
10/31/2020,Peninsula,"Other Race",183,3,0
10/31/2020,"Thomas Jefferson",White,2352,109,54
10/31/2020,Norfolk,"Other Race",102,5,2
10/31/2020,"Prince William","Not Reported",4423,27,0
10/31/2020,"West Piedmont",White,1482,168,65
10/31/2020,Rappahannock,Black,1045,108,20
10/31/2020,Norfolk,Black,2610,287,58
10/31/2020,Roanoke,Latino,489,33,0
10/31/2020,Piedmont,Latino,79,9,2
10/31/2020,Roanoke,"Not Reported",942,2,1
10/31/2020,"Virginia Beach","Other Race",134,4,0
10/31/2020,Arlington,"Two or more races",53,4,0
10/31/2020,Alexandria,White,894,61,38
10/31/2020,"Lord Fairfax","Other Race",90,6,1
10/31/2020,"Thomas Jefferson","Not Reported",370,3,0
10/31/2020,"Virginia Beach","Not Reported",2042,15,2
10/31/2020,Loudoun,Black,373,36,7
10/31/2020,Pittsylvania-Danville,Latino,95,5,0
10/31/2020,"Cumberland Plateau","Not Reported",133,4,0
10/31/2020,Chesterfield,"Not Reported",1541,5,13
10/31/2020,"Mount Rogers",White,3241,288,138
10/31/2020,Richmond,White,1039,53,24
10/31/2020,Lenowisco,"Not Reported",218,4,4
10/31/2020,"Three Rivers",Latino,196,6,1
10/31/2020,Piedmont,"Not Reported",869,11,2
10/31/2020,"Mount Rogers",Latino,316,7,0
10/31/2020,"Central Shenandoah","Two or more races",58,1,0
10/31/2020,Crater,White,1130,65,31
10/31/2020,Arlington,White,1442,147,74
10/31/2020,Pittsylvania-Danville,"Other Race",6,0,0
10/31/2020,Chickahominy,Black,429,58,12
10/31/2020,Fairfax,Black,1991,261,66
10/31/2020,"Eastern Shore",Latino,275,11,3
10/31/2020,Norfolk,White,1110,72,22
10/31/2020,"Mount Rogers","Two or more races",13,1,0
10/31/2020,Alleghany,"Two or more races",20,0,0
10/31/2020,Southside,White,483,33,20
10/31/2020,"Thomas Jefferson","Two or more races",99,3,0
10/31/2020,"Prince William",Black,1781,189,59
10/31/2020,"Lord Fairfax",White,2399,239,109
10/31/2020,"Cumberland Plateau",Latino,15,0,0
10/31/2020,Arlington,"Not Reported",461,3,0
10/31/2020,Rappahannock,"Other Race",155,4,0
10/31/2020,"Rappahannock Rapidan",Black,317,41,12
10/31/2020,"New River","Two or more races",95,3,0
10/31/2020,Arlington,Latino,1935,258,27
10/31/2020,Henrico,White,1875,160,117
10/31/2020,Loudoun,White,2041,130,93
10/31/2020,Alleghany,Black,204,8,4
10/31/2020,"Prince William",White,2247,203,98
10/31/2020,Rappahannock,White,1872,170,60
10/31/2020,Southside,"Other Race",16,1,1
10/31/2020,Portsmouth,"Two or more races",23,6,0
10/31/2020,"Western Tidewater",Black,2086,148,71
10/31/2020,Hampton,Latino,86,5,0
10/31/2020,Henrico,"Not Reported",997,3,4
10/31/2020,"West Piedmont","Two or more races",13,0,0
10/31/2020,Peninsula,"Not Reported",1673,4,0
10/31/2020,Loudoun,Latino,2688,234,16
10/31/2020,Alexandria,Black,898,100,19
10/31/2020,Piedmont,Black,706,76,23
10/31/2020,Roanoke,"Other Race",33,1,0
10/31/2020,Alexandria,"Two or more races",29,2,0
10/31/2020,"Western Tidewater",Latino,58,1,2
10/31/2020,Rappahannock,"Not Reported",1539,26,0
10/31/2020,"West Piedmont","Other Race",11,1,1
10/31/2020,Chickahominy,White,1289,125,46
10/31/2020,"Thomas Jefferson",Latino,756,34,3
10/31/2020,"Cumberland Plateau",Black,58,0,0
10/31/2020,"Lord Fairfax",Latino,881,60,9
10/31/2020,"West Piedmont",Latino,298,12,1
10/31/2020,"Cumberland Plateau",White,1274,91,15
10/31/2020,"Eastern Shore","Other Race",13,1,0
10/31/2020,"Cumberland Plateau","Two or more races",10,0,0
10/31/2020,Pittsylvania-Danville,"Two or more races",7,0,0
10/31/2020,Piedmont,"Other Race",15,0,0
10/31/2020,Alexandria,Latino,1983,137,13
10/31/2020,Chesapeake,Black,1957,259,36
10/31/2020,Richmond,"Other Race",178,8,2
10/31/2020,Henrico,Latino,981,60,11
10/31/2020,Piedmont,"Two or more races",8,2,0
10/31/2020,"Prince William","Other Race",622,24,0
10/31/2020,"New River","Not Reported",1040,12,0
10/31/2020,"Rappahannock Rapidan",White,1119,66,28
10/31/2020,"Central Virginia","Not Reported",2260,29,6
10/31/2020,"Virginia Beach","Two or more races",89,5,2
10/31/2020,Pittsylvania-Danville,White,848,81,38
10/31/2020,"Lord Fairfax",Black,170,25,7
10/31/2020,Fairfax,Latino,11165,1060,105
10/31/2020,Chesterfield,"Asian or Pacific Islander",118,7,1
10/31/2020,Crater,"Asian or Pacific Islander",30,0,0
10/31/2020,Fairfax,"Asian or Pacific Islander",2167,284,78
10/31/2020,Hampton,"Asian or Pacific Islander",19,0,0
10/31/2020,"Rappahannock Rapidan","Asian or Pacific Islander",18,1,0
10/31/2020,"Mount Rogers","Asian or Pacific Islander",7,1,0
10/31/2020,"New River","Asian or Pacific Islander",123,0,0
10/31/2020,"Central Virginia","Asian or Pacific Islander",34,1,0
10/31/2020,"Lord Fairfax","Asian or Pacific Islander",20,1,0
10/31/2020,Southside,"Asian or Pacific Islander",3,0,0
10/31/2020,Alleghany,"Asian or Pacific Islander",37,0,0
10/31/2020,Portsmouth,"Asian or Pacific Islander",21,1,0
10/31/2020,Roanoke,"Asian or Pacific Islander",44,3,0
10/31/2020,Richmond,"Asian or Pacific Islander",63,4,1
10/31/2020,"Thomas Jefferson","Asian or Pacific Islander",132,1,1
10/31/2020,"Virginia Beach","Asian or Pacific Islander",329,30,6
10/31/2020,Henrico,"Asian or Pacific Islander",258,12,4
10/31/2020,Piedmont,"Asian or Pacific Islander",12,0,1
10/31/2020,"Western Tidewater","Asian or Pacific Islander",22,2,3
10/31/2020,"West Piedmont","Asian or Pacific Islander",13,2,1
10/31/2020,Chickahominy,"Asian or Pacific Islander",20,1,0
10/31/2020,Peninsula,"Asian or Pacific Islander",68,5,7
10/31/2020,Norfolk,"Asian or Pacific Islander",77,9,0
10/31/2020,Arlington,"Asian or Pacific Islander",236,28,13
10/31/2020,Loudoun,"Asian or Pacific Islander",542,61,12
10/31/2020,Alexandria,"Asian or Pacific Islander",162,11,1
10/31/2020,Rappahannock,"Asian or Pacific Islander",107,11,3
10/31/2020,Chesapeake,"Asian or Pacific Islander",97,12,6
10/31/2020,"Cumberland Plateau and Lenowisco","Asian or Pacific Islander",2,0,0
10/31/2020,"Central Shenandoah","Asian or Pacific Islander",90,2,0
10/31/2020,"Prince William","Asian or Pacific Islander",692,63,21
10/31/2020,Pittsylvania-Danville,"Asian or Pacific Islander",4,0,0
10/31/2020,"Eastern Shore and Three Rivers","Asian or Pacific Islander",14,1,0
10/31/2020,Piedmont,"Native American",5,0,0
10/31/2020,"New River","Native American",5,0,0
10/31/2020,"Central Shenandoah","Native American",4,1,0
10/31/2020,"Eastern Shore and Three Rivers","Native American",2,0,0
10/31/2020,Fairfax,"Native American",36,1,1
10/31/2020,Chesapeake,"Native American",12,0,0
10/31/2020,"Western Tidewater","Native American",3,0,0
10/31/2020,Portsmouth,"Native American",4,2,0
10/31/2020,Richmond,"Native American",3,0,0
10/31/2020,Chickahominy,"Native American",7,1,0
10/31/2020,"Thomas Jefferson","Native American",5,0,0
10/31/2020,Arlington,"Native American",5,0,0
10/31/2020,"Virginia Beach","Native American",13,0,0
10/31/2020,Peninsula,"Native American",7,2,1
10/31/2020,Hampton,"Native American",3,0,1
10/31/2020,"West Piedmont","Native American",2,0,0
10/31/2020,"Cumberland Plateau, Lenowisco, and Mount Rogers","Native American",3,0,0
10/31/2020,Henrico,"Native American",12,0,0
10/31/2020,Norfolk,"Native American",9,1,1
10/31/2020,"Prince William","Native American",30,1,1
10/31/2020,"Central Virginia","Native American",9,0,0
10/31/2020,Chesterfield,"Native American",9,1,0
10/31/2020,Rappahannock,"Native American",6,0,0
10/31/2020,Loudoun,"Native American",6,0,0
10/31/2020,Alexandria,"Native American",4,0,0
10/31/2020,"Alleghany and Roanoke","Native American",6,0,0
10/31/2020,Crater,"Native American",7,1,1
10/31/2020,"Rappahannock Rapidan","Native American",2,0,0
10/31/2020,"Lord Fairfax","Native American",3,1,1
10/31/2020,"Pittsylvania-Danville and Southside","Native American",1,0,0
11/01/2020,"Rappahannock Rapidan","Not Reported",725,13,7
11/01/2020,Portsmouth,"Other Race",64,10,5
11/01/2020,"Western Tidewater","Two or more races",91,1,0
11/01/2020,Piedmont,White,857,64,28
11/01/2020,Chesterfield,Latino,2101,119,9
11/01/2020,Lenowisco,White,1461,107,21
11/01/2020,Lenowisco,"Two or more races",21,1,0
11/01/2020,Hampton,"Not Reported",628,2,1
11/01/2020,Southside,"Not Reported",685,8,5
11/01/2020,Roanoke,Black,623,39,9
11/01/2020,Hampton,Black,1002,70,23
11/01/2020,Alleghany,"Other Race",27,1,0
11/01/2020,Lenowisco,Latino,37,0,0
11/01/2020,Loudoun,"Other Race",284,17,3
11/01/2020,"Central Shenandoah",Latino,1260,60,6
11/01/2020,"Rappahannock Rapidan",Latino,890,65,8
11/01/2020,"Eastern Shore",Black,874,100,29
11/01/2020,Norfolk,Latino,417,30,0
11/01/2020,Hampton,"Two or more races",19,0,0
11/01/2020,Richmond,Black,1887,270,40
11/01/2020,Henrico,"Two or more races",97,7,2
11/01/2020,Fairfax,"Two or more races",145,6,0
11/01/2020,Alleghany,"Not Reported",839,5,1
11/01/2020,Portsmouth,"Not Reported",454,8,1
11/01/2020,"Cumberland Plateau","Other Race",6,1,0
11/01/2020,Southside,"Two or more races",57,0,0
11/01/2020,Portsmouth,White,437,46,13
11/01/2020,"Rappahannock Rapidan","Two or more races",42,3,0
11/01/2020,Fairfax,White,5232,565,320
11/01/2020,Fairfax,"Other Race",963,92,19
11/01/2020,Crater,"Two or more races",13,0,0
11/01/2020,"West Piedmont","Not Reported",733,21,3
11/01/2020,Henrico,"Other Race",212,16,0
11/01/2020,"Three Rivers",White,960,64,22
11/01/2020,"Central Virginia",Black,488,42,17
11/01/2020,Lenowisco,"Other Race",12,0,0
11/01/2020,"Three Rivers","Other Race",27,3,0
11/01/2020,"Western Tidewater",White,1267,78,76
11/01/2020,"Mount Rogers",Black,91,9,3
11/01/2020,"Three Rivers","Not Reported",294,6,2
11/01/2020,"Thomas Jefferson",Black,618,84,18
11/01/2020,"Eastern Shore",White,300,34,18
11/01/2020,"Central Virginia",White,2150,122,39
11/01/2020,Lenowisco,Black,52,2,1
11/01/2020,"Central Virginia","Two or more races",25,0,0
11/01/2020,Richmond,"Two or more races",49,2,1
11/01/2020,Crater,"Not Reported",1130,10,5
11/01/2020,Chesterfield,"Two or more races",58,6,0
11/01/2020,"New River",Latino,253,5,0
11/01/2020,Richmond,Latino,1448,117,8
11/01/2020,Portsmouth,Latino,98,11,1
11/01/2020,Pittsylvania-Danville,"Not Reported",795,15,2
11/01/2020,Chesapeake,"Not Reported",620,4,0
11/01/2020,Chickahominy,Latino,111,6,0
11/01/2020,Crater,Black,2519,223,75
11/01/2020,Chesterfield,Black,1579,141,36
11/01/2020,Chesterfield,"Other Race",181,14,0
11/01/2020,Peninsula,Black,1414,93,29
11/01/2020,Roanoke,White,788,29,33
11/01/2020,"New River",Black,276,5,1
11/01/2020,Southside,Latino,9,0,0
11/01/2020,Peninsula,Latino,450,24,2
11/01/2020,Rappahannock,"Two or more races",54,3,0
11/01/2020,"Virginia Beach",Black,1949,148,31
11/01/2020,"Mount Rogers","Not Reported",251,11,7
11/01/2020,Loudoun,"Not Reported",2025,5,0
11/01/2020,Chesapeake,"Other Race",58,5,1
11/01/2020,Chickahominy,"Two or more races",9,1,0
11/01/2020,Crater,"Other Race",67,0,1
11/01/2020,Norfolk,"Two or more races",60,3,0
11/01/2020,"Eastern Shore","Two or more races",1,1,0
11/01/2020,"Central Shenandoah",White,4180,221,72
11/01/2020,"New River","Other Race",20,0,0
11/01/2020,"New River",White,2821,65,26
11/01/2020,"Central Shenandoah","Other Race",98,2,0
11/01/2020,"West Piedmont",Black,595,102,19
11/01/2020,Alleghany,Latino,194,13,0
11/01/2020,"Central Shenandoah","Not Reported",1105,5,1
11/01/2020,Roanoke,"Two or more races",17,2,0
11/01/2020,Peninsula,"Two or more races",66,4,1
11/01/2020,Richmond,"Not Reported",775,1,1
11/01/2020,Arlington,"Other Race",114,11,4
11/01/2020,Norfolk,"Not Reported",1108,4,1
11/01/2020,Alexandria,"Other Race",108,10,2
11/01/2020,"Virginia Beach",White,3042,215,62
11/01/2020,Chesapeake,"Two or more races",63,4,1
11/01/2020,Alleghany,White,1676,91,36
11/01/2020,"Rappahannock Rapidan","Other Race",40,3,0
11/01/2020,Chickahominy,"Not Reported",555,2,1
11/01/2020,Portsmouth,Black,1764,237,49
11/01/2020,Chickahominy,"Other Race",26,3,0
11/01/2020,"Virginia Beach",Latino,566,31,4
11/01/2020,Chesapeake,White,1821,170,33
11/01/2020,Southside,Black,625,49,22
11/01/2020,Rappahannock,Latino,1493,114,9
11/01/2020,"Three Rivers","Two or more races",13,1,0
11/01/2020,Henrico,Black,2051,231,102
11/01/2020,Pittsylvania-Danville,Black,857,104,21
11/01/2020,"Lord Fairfax","Two or more races",26,0,0
11/01/2020,"Prince William",Latino,7314,697,79
11/01/2020,"Mount Rogers","Other Race",16,2,2
11/01/2020,"Central Shenandoah",Black,285,16,5
11/01/2020,Peninsula,White,1368,94,52
11/01/2020,"Eastern Shore","Not Reported",79,0,0
11/01/2020,"Thomas Jefferson","Other Race",179,5,1
11/01/2020,Hampton,"Other Race",71,2,1
11/01/2020,"Lord Fairfax","Not Reported",477,5,6
11/01/2020,"Central Virginia","Other Race",32,1,0
11/01/2020,"Western Tidewater","Other Race",101,1,2
11/01/2020,Crater,Latino,246,11,5
11/01/2020,Chesapeake,Latino,404,29,2
11/01/2020,Chesterfield,White,2352,182,92
11/01/2020,"Western Tidewater","Not Reported",1043,5,1
11/01/2020,Fairfax,"Not Reported",2709,42,31
11/01/2020,Arlington,Black,470,90,36
11/01/2020,"Central Virginia",Latino,105,8,4
11/01/2020,Alexandria,"Not Reported",256,3,1
11/01/2020,"Three Rivers",Black,794,59,14
11/01/2020,"Prince William","Two or more races",133,1,0
11/01/2020,Loudoun,"Two or more races",68,2,0
11/01/2020,Peninsula,"Other Race",184,3,0
11/01/2020,"Thomas Jefferson",White,2367,109,54
11/01/2020,Norfolk,"Other Race",102,5,2
11/01/2020,"Prince William","Not Reported",4433,27,0
11/01/2020,"West Piedmont",White,1509,169,65
11/01/2020,Rappahannock,Black,1051,110,20
11/01/2020,Norfolk,Black,2610,288,58
11/01/2020,Roanoke,Latino,492,33,0
11/01/2020,Piedmont,Latino,79,9,2
11/01/2020,Roanoke,"Not Reported",952,2,1
11/01/2020,"Virginia Beach","Other Race",136,4,0
11/01/2020,Arlington,"Two or more races",53,4,0
11/01/2020,Alexandria,White,901,61,38
11/01/2020,"Lord Fairfax","Other Race",90,6,1
11/01/2020,"Thomas Jefferson","Not Reported",367,3,0
11/01/2020,"Virginia Beach","Not Reported",2056,15,2
11/01/2020,Loudoun,Black,374,36,7
11/01/2020,Pittsylvania-Danville,Latino,95,5,0
11/01/2020,"Cumberland Plateau","Not Reported",131,4,0
11/01/2020,Chesterfield,"Not Reported",1544,5,13
11/01/2020,"Mount Rogers",White,3274,288,138
11/01/2020,Richmond,White,1048,53,24
11/01/2020,Lenowisco,"Not Reported",219,4,4
11/01/2020,"Three Rivers",Latino,196,6,1
11/01/2020,Piedmont,"Not Reported",879,11,2
11/01/2020,"Mount Rogers",Latino,317,7,0
11/01/2020,"Central Shenandoah","Two or more races",58,1,0
11/01/2020,Crater,White,1130,65,31
11/01/2020,Arlington,White,1455,147,74
11/01/2020,Pittsylvania-Danville,"Other Race",6,0,0
11/01/2020,Chickahominy,Black,434,59,12
11/01/2020,Fairfax,Black,2001,262,66
11/01/2020,"Eastern Shore",Latino,275,11,3
11/01/2020,Norfolk,White,1111,72,22
11/01/2020,"Mount Rogers","Two or more races",13,1,0
11/01/2020,Alleghany,"Two or more races",20,0,0
11/01/2020,Southside,White,486,33,20
11/01/2020,"Thomas Jefferson","Two or more races",99,3,0
11/01/2020,"Prince William",Black,1789,189,59
11/01/2020,"Lord Fairfax",White,2417,240,108
11/01/2020,"Cumberland Plateau",Latino,15,0,0
11/01/2020,Arlington,"Not Reported",480,3,0
11/01/2020,Rappahannock,"Other Race",158,4,0
11/01/2020,"Rappahannock Rapidan",Black,320,41,12
11/01/2020,"New River","Two or more races",95,3,0
11/01/2020,Arlington,Latino,1950,258,27
11/01/2020,Henrico,White,1896,162,117
11/01/2020,Loudoun,White,2056,131,94
11/01/2020,Hampton,White,366,14,7
11/01/2020,Alleghany,Black,210,8,4
11/01/2020,"Prince William",White,2253,203,98
11/01/2020,Rappahannock,White,1883,170,61
11/01/2020,Southside,"Other Race",16,1,1
11/01/2020,Portsmouth,"Two or more races",23,6,0
11/01/2020,"Western Tidewater",Black,2088,149,71
11/01/2020,Hampton,Latino,91,5,0
11/01/2020,Henrico,"Not Reported",1013,4,4
11/01/2020,"West Piedmont","Two or more races",13,0,0
11/01/2020,Peninsula,"Not Reported",1679,3,0
11/01/2020,Loudoun,Latino,2690,235,16
11/01/2020,Alexandria,Black,900,101,19
11/01/2020,Piedmont,Black,715,77,23
11/01/2020,Roanoke,"Other Race",33,1,0
11/01/2020,Alexandria,"Two or more races",29,2,0
11/01/2020,"Western Tidewater",Latino,58,1,2
11/01/2020,Rappahannock,"Not Reported",1549,26,0
11/01/2020,"West Piedmont","Other Race",11,1,1
11/01/2020,Chickahominy,White,1304,126,46
11/01/2020,"Thomas Jefferson",Latino,757,34,3
11/01/2020,"Cumberland Plateau",Black,58,0,0
11/01/2020,"Lord Fairfax",Latino,887,60,9
11/01/2020,"West Piedmont",Latino,300,12,1
11/01/2020,"Cumberland Plateau",White,1291,94,15
11/01/2020,"Eastern Shore","Other Race",13,1,0
11/01/2020,"Cumberland Plateau","Two or more races",10,0,0
11/01/2020,Pittsylvania-Danville,"Two or more races",7,0,0
11/01/2020,Piedmont,"Other Race",15,0,0
11/01/2020,Alexandria,Latino,1989,137,13
11/01/2020,Chesapeake,Black,1963,259,36
11/01/2020,Richmond,"Other Race",181,8,2
11/01/2020,Henrico,Latino,984,60,11
11/01/2020,Piedmont,"Two or more races",9,2,0
11/01/2020,"Prince William","Other Race",622,24,0
11/01/2020,"New River","Not Reported",1046,12,0
11/01/2020,"Rappahannock Rapidan",White,1128,66,28
11/01/2020,"Central Virginia","Not Reported",2273,29,6
11/01/2020,"Virginia Beach","Two or more races",92,5,2
11/01/2020,Pittsylvania-Danville,White,861,83,38
11/01/2020,"Lord Fairfax",Black,171,24,7
11/01/2020,Fairfax,Latino,11216,1062,105
11/01/2020,Chesterfield,"Asian or Pacific Islander",119,7,1
11/01/2020,Crater,"Asian or Pacific Islander",30,0,0
11/01/2020,Fairfax,"Asian or Pacific Islander",2172,284,78
11/01/2020,Hampton,"Asian or Pacific Islander",19,0,0
11/01/2020,"Rappahannock Rapidan","Asian or Pacific Islander",18,1,0
11/01/2020,"Mount Rogers","Asian or Pacific Islander",7,1,0
11/01/2020,"New River","Asian or Pacific Islander",123,0,0
11/01/2020,"Central Virginia","Asian or Pacific Islander",35,1,0
11/01/2020,"Lord Fairfax","Asian or Pacific Islander",20,1,0
11/01/2020,Southside,"Asian or Pacific Islander",3,0,0
11/01/2020,Alleghany,"Asian or Pacific Islander",37,0,0
11/01/2020,Portsmouth,"Asian or Pacific Islander",21,1,0
11/01/2020,Roanoke,"Asian or Pacific Islander",45,3,0
11/01/2020,Richmond,"Asian or Pacific Islander",65,4,1
11/01/2020,"Thomas Jefferson","Asian or Pacific Islander",134,1,1
11/01/2020,"Virginia Beach","Asian or Pacific Islander",330,30,6
11/01/2020,Henrico,"Asian or Pacific Islander",261,13,4
11/01/2020,Piedmont,"Asian or Pacific Islander",12,0,1
11/01/2020,"Western Tidewater","Asian or Pacific Islander",22,2,3
11/01/2020,"West Piedmont","Asian or Pacific Islander",13,2,1
11/01/2020,Chickahominy,"Asian or Pacific Islander",20,1,0
11/01/2020,Peninsula,"Asian or Pacific Islander",68,5,7
11/01/2020,Norfolk,"Asian or Pacific Islander",77,9,0
11/01/2020,Arlington,"Asian or Pacific Islander",237,28,13
11/01/2020,Loudoun,"Asian or Pacific Islander",545,61,12
11/01/2020,Alexandria,"Asian or Pacific Islander",162,11,1
11/01/2020,Rappahannock,"Asian or Pacific Islander",106,11,3
11/01/2020,Chesapeake,"Asian or Pacific Islander",97,12,6
11/01/2020,"Cumberland Plateau and Lenowisco","Asian or Pacific Islander",2,0,0
11/01/2020,"Central Shenandoah","Asian or Pacific Islander",93,2,0
11/01/2020,"Prince William","Asian or Pacific Islander",695,63,21
11/01/2020,Pittsylvania-Danville,"Asian or Pacific Islander",4,0,0
11/01/2020,"Eastern Shore and Three Rivers","Asian or Pacific Islander",14,1,0
11/01/2020,Piedmont,"Native American",5,0,0
11/01/2020,"New River","Native American",5,0,0
11/01/2020,"Central Shenandoah","Native American",4,1,0
11/01/2020,"Eastern Shore and Three Rivers","Native American",2,0,0
11/01/2020,Fairfax,"Native American",37,1,1
11/01/2020,Chesapeake,"Native American",12,0,0
11/01/2020,"Western Tidewater","Native American",3,0,0
11/01/2020,Portsmouth,"Native American",4,2,0
11/01/2020,Richmond,"Native American",3,0,0
11/01/2020,Chickahominy,"Native American",8,1,0
11/01/2020,"Thomas Jefferson","Native American",5,0,0
11/01/2020,Arlington,"Native American",5,0,0
11/01/2020,"Virginia Beach","Native American",13,0,0
11/01/2020,Peninsula,"Native American",7,2,1
11/01/2020,Hampton,"Native American",3,0,1
11/01/2020,"West Piedmont","Native American",2,0,0
11/01/2020,"Cumberland Plateau, Lenowisco, and Mount Rogers","Native American",4,0,0
11/01/2020,Henrico,"Native American",12,0,0
11/01/2020,Norfolk,"Native American",9,1,1
11/01/2020,"Prince William","Native American",30,1,1
11/01/2020,"Central Virginia","Native American",9,0,0
11/01/2020,Chesterfield,"Native American",9,1,0
11/01/2020,Rappahannock,"Native American",6,0,0
11/01/2020,Loudoun,"Native American",6,0,0
11/01/2020,Alexandria,"Native American",4,0,0
11/01/2020,"Alleghany and Roanoke","Native American",6,0,0
11/01/2020,Crater,"Native American",7,1,1
11/01/2020,"Rappahannock Rapidan","Native American",2,0,0
11/01/2020,"Lord Fairfax","Native American",3,1,1
11/01/2020,"Pittsylvania-Danville and Southside","Native American",1,0,0
11/02/2020,"Rappahannock Rapidan","Not Reported",732,13,7
11/02/2020,Portsmouth,"Other Race",64,10,5
11/02/2020,"Western Tidewater","Two or more races",91,1,0
11/02/2020,Piedmont,White,859,64,28
11/02/2020,Chesterfield,Latino,2107,119,9
11/02/2020,Lenowisco,White,1478,108,22
11/02/2020,Lenowisco,"Two or more races",21,1,0
11/02/2020,Hampton,"Not Reported",627,2,1
11/02/2020,Southside,"Not Reported",688,8,5
11/02/2020,Roanoke,Black,627,39,9
11/02/2020,Hampton,Black,1005,70,23
11/02/2020,Alleghany,"Other Race",27,1,0
11/02/2020,Lenowisco,Latino,38,0,0
11/02/2020,Loudoun,"Other Race",283,17,3
11/02/2020,"Central Shenandoah",Latino,1261,60,6
11/02/2020,"Rappahannock Rapidan",Latino,892,65,8
11/02/2020,"Eastern Shore",Black,875,100,29
11/02/2020,Norfolk,Latino,420,30,0
11/02/2020,Hampton,"Two or more races",19,0,0
11/02/2020,Richmond,Black,1899,273,41
11/02/2020,Henrico,"Two or more races",97,7,2
11/02/2020,Fairfax,"Two or more races",147,6,0
11/02/2020,Alleghany,"Not Reported",864,5,1
11/02/2020,Portsmouth,"Not Reported",455,8,1
11/02/2020,"Cumberland Plateau","Other Race",7,1,0
11/02/2020,Southside,"Two or more races",62,0,0
11/02/2020,Portsmouth,White,438,46,13
11/02/2020,"Rappahannock Rapidan","Two or more races",42,3,0
11/02/2020,Fairfax,White,5273,565,320
11/02/2020,Fairfax,"Other Race",973,92,19
11/02/2020,Crater,"Two or more races",13,0,0
11/02/2020,"West Piedmont","Not Reported",732,21,3
11/02/2020,Henrico,"Other Race",214,17,0
11/02/2020,"Three Rivers",White,965,66,23
11/02/2020,"Central Virginia",Black,491,42,17
11/02/2020,Lenowisco,"Other Race",12,0,0
11/02/2020,"Three Rivers","Other Race",27,3,0
11/02/2020,"Western Tidewater",White,1271,78,76
11/02/2020,"Mount Rogers",Black,91,9,3
11/02/2020,"Three Rivers","Not Reported",298,6,2
11/02/2020,"Thomas Jefferson",Black,619,84,18
11/02/2020,"Eastern Shore",White,301,34,18
11/02/2020,"Central Virginia",White,2170,122,39
11/02/2020,Lenowisco,Black,56,2,1
11/02/2020,"Central Virginia","Two or more races",26,0,0
11/02/2020,Richmond,"Two or more races",49,2,1
11/02/2020,Crater,"Not Reported",1128,10,5
11/02/2020,Chesterfield,"Two or more races",58,6,0
11/02/2020,"New River",Latino,255,5,0
11/02/2020,Richmond,Latino,1452,117,8
11/02/2020,Portsmouth,Latino,99,11,1
11/02/2020,Pittsylvania-Danville,"Not Reported",805,15,2
11/02/2020,Chesapeake,"Not Reported",623,4,0
11/02/2020,Chickahominy,Latino,111,6,0
11/02/2020,Crater,Black,2520,223,75
11/02/2020,Chesterfield,Black,1585,142,36
11/02/2020,Chesterfield,"Other Race",181,14,0
11/02/2020,Peninsula,Black,1420,93,29
11/02/2020,Roanoke,White,801,29,33
11/02/2020,"New River",Black,276,5,1
11/02/2020,Southside,Latino,9,0,0
11/02/2020,Peninsula,Latino,452,24,2
11/02/2020,Rappahannock,"Two or more races",55,3,0
11/02/2020,"Virginia Beach",Black,1961,149,31
11/02/2020,"Mount Rogers","Not Reported",253,11,7
11/02/2020,Loudoun,"Not Reported",2012,5,0
11/02/2020,Chesapeake,"Other Race",59,5,1
11/02/2020,Chickahominy,"Two or more races",10,1,0
11/02/2020,Crater,"Other Race",67,0,1
11/02/2020,Norfolk,"Two or more races",61,3,0
11/02/2020,"Eastern Shore","Two or more races",1,1,0
11/02/2020,"Central Shenandoah",White,4188,221,72
11/02/2020,"New River","Other Race",20,0,0
11/02/2020,"New River",White,2840,65,26
11/02/2020,"Central Shenandoah","Other Race",98,2,0
11/02/2020,"West Piedmont",Black,599,102,19
11/02/2020,Alleghany,Latino,194,13,0
11/02/2020,"Central Shenandoah","Not Reported",1101,5,1
11/02/2020,Roanoke,"Two or more races",17,2,0
11/02/2020,Peninsula,"Two or more races",66,4,1
11/02/2020,Richmond,"Not Reported",792,1,1
11/02/2020,Arlington,"Other Race",114,11,4
11/02/2020,Norfolk,"Not Reported",1124,4,1
11/02/2020,Alexandria,"Other Race",108,10,2
11/02/2020,"Virginia Beach",White,3064,216,62
11/02/2020,Chesapeake,"Two or more races",63,4,1
11/02/2020,Alleghany,White,1700,91,36
11/02/2020,"Rappahannock Rapidan","Other Race",40,3,0
11/02/2020,Chickahominy,"Not Reported",557,2,1
11/02/2020,Portsmouth,Black,1767,237,49
11/02/2020,Chickahominy,"Other Race",26,3,0
11/02/2020,"Virginia Beach",Latino,571,31,4
11/02/2020,Chesapeake,White,1830,170,33
11/02/2020,Southside,Black,626,49,22
11/02/2020,Rappahannock,Latino,1497,114,9
11/02/2020,"Three Rivers","Two or more races",13,1,0
11/02/2020,Henrico,Black,2060,234,102
11/02/2020,Pittsylvania-Danville,Black,868,104,21
11/02/2020,"Lord Fairfax","Two or more races",27,0,0
11/02/2020,"Prince William",Latino,7342,697,79
11/02/2020,"Mount Rogers","Other Race",16,2,2
11/02/2020,"Central Shenandoah",Black,286,16,5
11/02/2020,Peninsula,White,1381,94,52
11/02/2020,"Eastern Shore","Not Reported",79,0,0
11/02/2020,"Thomas Jefferson","Other Race",179,5,1
11/02/2020,Hampton,"Other Race",70,2,1
11/02/2020,"Lord Fairfax","Not Reported",482,5,6
11/02/2020,"Central Virginia","Other Race",32,1,0
11/02/2020,"Western Tidewater","Other Race",101,1,2
11/02/2020,Crater,Latino,246,11,5
11/02/2020,Chesapeake,Latino,408,29,2
11/02/2020,Chesterfield,White,2366,182,92
11/02/2020,"Western Tidewater","Not Reported",1045,5,1
11/02/2020,Fairfax,"Not Reported",2744,42,31
11/02/2020,Arlington,Black,471,90,36
11/02/2020,"Central Virginia",Latino,105,8,4
11/02/2020,Alexandria,"Not Reported",260,3,1
11/02/2020,"Three Rivers",Black,796,59,14
11/02/2020,"Prince William","Two or more races",132,1,0
11/02/2020,Loudoun,"Two or more races",67,2,0
11/02/2020,Peninsula,"Other Race",184,3,0
11/02/2020,"Thomas Jefferson",White,2373,109,54
11/02/2020,Norfolk,"Other Race",104,5,2
11/02/2020,"Prince William","Not Reported",4469,27,0
11/02/2020,"West Piedmont",White,1524,169,65
11/02/2020,Rappahannock,Black,1053,110,20
11/02/2020,Norfolk,Black,2618,288,58
11/02/2020,Roanoke,Latino,493,33,0
11/02/2020,Piedmont,Latino,79,9,2
11/02/2020,Roanoke,"Not Reported",964,2,1
11/02/2020,"Virginia Beach","Other Race",135,4,0
11/02/2020,Arlington,"Two or more races",53,4,0
11/02/2020,Alexandria,White,905,61,38
11/02/2020,"Lord Fairfax","Other Race",94,6,1
11/02/2020,"Thomas Jefferson","Not Reported",368,3,0
11/02/2020,"Virginia Beach","Not Reported",2078,15,2
11/02/2020,Loudoun,Black,374,36,7
11/02/2020,Pittsylvania-Danville,Latino,95,5,0
11/02/2020,"Cumberland Plateau","Not Reported",136,4,0
11/02/2020,Chesterfield,"Not Reported",1538,5,13
11/02/2020,"Mount Rogers",White,3325,292,138
11/02/2020,Richmond,White,1055,53,24
11/02/2020,Lenowisco,"Not Reported",220,4,4
11/02/2020,"Three Rivers",Latino,196,6,1
11/02/2020,Piedmont,"Not Reported",879,11,2
11/02/2020,"Mount Rogers",Latino,317,7,0
11/02/2020,"Central Shenandoah","Two or more races",58,1,0
11/02/2020,Crater,White,1134,66,31
11/02/2020,Arlington,White,1463,146,74
11/02/2020,Pittsylvania-Danville,"Other Race",6,0,0
11/02/2020,Chickahominy,Black,434,59,12
11/02/2020,Fairfax,Black,2010,262,66
11/02/2020,"Eastern Shore",Latino,275,11,3
11/02/2020,Norfolk,White,1121,73,22
11/02/2020,"Mount Rogers","Two or more races",13,1,0
11/02/2020,Alleghany,"Two or more races",20,0,0
11/02/2020,Southside,White,490,33,20
11/02/2020,"Thomas Jefferson","Two or more races",100,3,0
11/02/2020,"Prince William",Black,1797,189,59
11/02/2020,"Lord Fairfax",White,2447,240,108
11/02/2020,"Cumberland Plateau",Latino,15,0,0
11/02/2020,Arlington,"Not Reported",484,3,0
11/02/2020,Rappahannock,"Other Race",161,4,0
11/02/2020,"Rappahannock Rapidan",Black,323,41,12
11/02/2020,"New River","Two or more races",95,3,0
11/02/2020,Arlington,Latino,1951,258,27
11/02/2020,Henrico,White,1908,163,117
11/02/2020,Loudoun,White,2064,131,94
11/02/2020,Hampton,White,367,14,7
11/02/2020,Alleghany,Black,212,8,4
11/02/2020,"Prince William",White,2276,203,98
11/02/2020,Rappahannock,White,1892,170,61
11/02/2020,Southside,"Other Race",16,1,1
11/02/2020,Portsmouth,"Two or more races",23,6,0
11/02/2020,"Western Tidewater",Black,2092,150,71
11/02/2020,Hampton,Latino,92,5,0
11/02/2020,Henrico,"Not Reported",1029,4,4
11/02/2020,"West Piedmont","Two or more races",14,0,0
11/02/2020,Peninsula,"Not Reported",1680,3,0
11/02/2020,Loudoun,Latino,2695,236,16
11/02/2020,Alexandria,Black,903,101,19
11/02/2020,Piedmont,Black,716,77,23
11/02/2020,Roanoke,"Other Race",35,1,0
11/02/2020,Alexandria,"Two or more races",29,2,0
11/02/2020,"Western Tidewater",Latino,60,1,2
11/02/2020,Rappahannock,"Not Reported",1554,26,0
11/02/2020,"West Piedmont","Other Race",11,1,1
11/02/2020,Chickahominy,White,1315,127,46
11/02/2020,"Thomas Jefferson",Latino,757,34,3
11/02/2020,"Cumberland Plateau",Black,58,0,0
11/02/2020,"Lord Fairfax",Latino,887,60,9
11/02/2020,"West Piedmont",Latino,303,12,1
11/02/2020,"Cumberland Plateau",White,1307,95,15
11/02/2020,"Eastern Shore","Other Race",13,1,0
11/02/2020,"Cumberland Plateau","Two or more races",10,0,0
11/02/2020,Pittsylvania-Danville,"Two or more races",7,0,0
11/02/2020,Piedmont,"Other Race",15,0,0
11/02/2020,Alexandria,Latino,1992,137,13
11/02/2020,Chesapeake,Black,1966,259,36
11/02/2020,Richmond,"Other Race",183,8,2
11/02/2020,Henrico,Latino,988,60,11
11/02/2020,Piedmont,"Two or more races",9,2,0
11/02/2020,"Prince William","Other Race",639,24,0
11/02/2020,"New River","Not Reported",1055,12,0
11/02/2020,"Rappahannock Rapidan",White,1137,67,28
11/02/2020,"Central Virginia","Not Reported",2276,29,6
11/02/2020,"Virginia Beach","Two or more races",94,5,2
11/02/2020,Pittsylvania-Danville,White,864,83,38
11/02/2020,"Lord Fairfax",Black,174,24,7
11/02/2020,Fairfax,Latino,11275,1065,105
11/02/2020,Chesterfield,"Asian or Pacific Islander",120,7,1
11/02/2020,Crater,"Asian or Pacific Islander",30,0,0
11/02/2020,Fairfax,"Asian or Pacific Islander",2183,284,78
11/02/2020,Hampton,"Asian or Pacific Islander",19,0,0
11/02/2020,"Rappahannock Rapidan","Asian or Pacific Islander",18,1,0
11/02/2020,"Mount Rogers","Asian or Pacific Islander",7,1,0
11/02/2020,"New River","Asian or Pacific Islander",124,0,0
11/02/2020,"Central Virginia","Asian or Pacific Islander",35,1,0
11/02/2020,"Lord Fairfax","Asian or Pacific Islander",20,1,0
11/02/2020,Southside,"Asian or Pacific Islander",3,0,0
11/02/2020,Alleghany,"Asian or Pacific Islander",38,0,0
11/02/2020,Portsmouth,"Asian or Pacific Islander",21,1,0
11/02/2020,Roanoke,"Asian or Pacific Islander",45,3,0
11/02/2020,Richmond,"Asian or Pacific Islander",66,4,1
11/02/2020,"Thomas Jefferson","Asian or Pacific Islander",134,1,1
11/02/2020,"Virginia Beach","Asian or Pacific Islander",332,30,6
11/02/2020,Henrico,"Asian or Pacific Islander",261,13,4
11/02/2020,Piedmont,"Asian or Pacific Islander",12,0,1
11/02/2020,"Western Tidewater","Asian or Pacific Islander",22,2,3
11/02/2020,"West Piedmont","Asian or Pacific Islander",13,2,1
11/02/2020,Chickahominy,"Asian or Pacific Islander",20,1,0
11/02/2020,Peninsula,"Asian or Pacific Islander",70,5,7
11/02/2020,Norfolk,"Asian or Pacific Islander",77,9,0
11/02/2020,Arlington,"Asian or Pacific Islander",237,28,13
11/02/2020,Loudoun,"Asian or Pacific Islander",547,61,12
11/02/2020,Alexandria,"Asian or Pacific Islander",162,11,1
11/02/2020,Rappahannock,"Asian or Pacific Islander",107,11,3
11/02/2020,Chesapeake,"Asian or Pacific Islander",97,12,6
11/02/2020,"Cumberland Plateau and Lenowisco","Asian or Pacific Islander",2,0,0
11/02/2020,"Central Shenandoah","Asian or Pacific Islander",93,2,0
11/02/2020,"Prince William","Asian or Pacific Islander",700,63,21
11/02/2020,Pittsylvania-Danville,"Asian or Pacific Islander",4,0,0
11/02/2020,"Eastern Shore and Three Rivers","Asian or Pacific Islander",14,1,0
11/02/2020,Piedmont,"Native American",5,0,0
11/02/2020,"New River","Native American",5,0,0
11/02/2020,"Central Shenandoah","Native American",4,1,0
11/02/2020,"Eastern Shore and Three Rivers","Native American",2,0,0
11/02/2020,Fairfax,"Native American",37,1,1
11/02/2020,Chesapeake,"Native American",12,0,0
11/02/2020,"Western Tidewater","Native American",3,0,0
11/02/2020,Portsmouth,"Native American",4,2,0
11/02/2020,Richmond,"Native American",3,0,0
11/02/2020,Chickahominy,"Native American",10,1,0
11/02/2020,"Thomas Jefferson","Native American",5,0,0
11/02/2020,Arlington,"Native American",5,0,0
11/02/2020,"Virginia Beach","Native American",13,0,0
11/02/2020,Peninsula,"Native American",7,2,1
11/02/2020,Hampton,"Native American",3,0,1
11/02/2020,"West Piedmont","Native American",2,0,0
11/02/2020,"Cumberland Plateau, Lenowisco, and Mount Rogers","Native American",4,0,0
11/02/2020,Henrico,"Native American",12,0,0
11/02/2020,Norfolk,"Native American",9,1,1
11/02/2020,"Prince William","Native American",30,1,1
11/02/2020,"Central Virginia","Native American",9,0,0
11/02/2020,Chesterfield,"Native American",9,1,0
11/02/2020,Rappahannock,"Native American",6,0,0
11/02/2020,Loudoun,"Native American",6,0,0
11/02/2020,Alexandria,"Native American",4,0,0
11/02/2020,"Alleghany and Roanoke","Native American",6,0,0
11/02/2020,Crater,"Native American",7,1,1
11/02/2020,"Rappahannock Rapidan","Native American",3,0,0
11/02/2020,"Lord Fairfax","Native American",3,1,1
11/02/2020,"Pittsylvania-Danville and Southside","Native American",1,0,0
11/03/2020,"Rappahannock Rapidan","Not Reported",734,13,7
11/03/2020,Portsmouth,"Other Race",64,10,5
11/03/2020,"Western Tidewater","Two or more races",90,1,0
11/03/2020,Piedmont,White,869,64,28
11/03/2020,Chesterfield,Latino,2117,121,9
11/03/2020,Lenowisco,White,1502,110,22
11/03/2020,Lenowisco,"Two or more races",22,1,0
11/03/2020,Hampton,"Not Reported",628,2,1
11/03/2020,Southside,"Not Reported",689,8,5
11/03/2020,Roanoke,Black,635,39,9
11/03/2020,Hampton,Black,1011,73,23
11/03/2020,Alleghany,"Other Race",28,1,0
11/03/2020,Lenowisco,Latino,38,0,0
11/03/2020,Loudoun,"Other Race",288,17,3
11/03/2020,"Central Shenandoah",Latino,1266,60,6
11/03/2020,"Rappahannock Rapidan",Latino,894,65,8
11/03/2020,"Eastern Shore",Black,875,101,29
11/03/2020,Norfolk,Latino,421,30,0
11/03/2020,Hampton,"Two or more races",19,0,0
11/03/2020,Richmond,Black,1910,273,41
11/03/2020,Henrico,"Two or more races",98,7,2
11/03/2020,Fairfax,"Two or more races",148,6,0
11/03/2020,Alleghany,"Not Reported",869,5,1
11/03/2020,Portsmouth,"Not Reported",455,8,1
11/03/2020,"Cumberland Plateau","Other Race",7,1,0
11/03/2020,Southside,"Two or more races",64,0,0
11/03/2020,Portsmouth,White,439,46,13
11/03/2020,"Rappahannock Rapidan","Two or more races",42,3,0
11/03/2020,Fairfax,White,5307,565,320
11/03/2020,Fairfax,"Other Race",971,94,19
11/03/2020,Crater,"Two or more races",14,0,0
11/03/2020,"West Piedmont","Not Reported",755,21,3
11/03/2020,Henrico,"Other Race",215,17,0
11/03/2020,"Three Rivers",White,965,66,23
11/03/2020,"Central Virginia",Black,497,42,17
11/03/2020,Lenowisco,"Other Race",12,0,0
11/03/2020,"Three Rivers","Other Race",28,3,0
11/03/2020,"Western Tidewater",White,1278,78,76
11/03/2020,"Mount Rogers",Black,92,10,3
11/03/2020,"Three Rivers","Not Reported",297,5,2
11/03/2020,"Thomas Jefferson",Black,621,84,18
11/03/2020,"Eastern Shore",White,301,34,18
11/03/2020,"Central Virginia",White,2211,124,39
11/03/2020,Lenowisco,Black,55,2,1
11/03/2020,"Central Virginia","Two or more races",26,0,0
11/03/2020,Richmond,"Two or more races",49,2,1
11/03/2020,Crater,"Not Reported",1158,11,5
11/03/2020,Chesterfield,"Two or more races",59,6,0
11/03/2020,"New River",Latino,255,5,0
11/03/2020,Richmond,Latino,1455,117,8
11/03/2020,Portsmouth,Latino,99,11,1
11/03/2020,Pittsylvania-Danville,"Not Reported",817,15,2
11/03/2020,Chesapeake,"Not Reported",627,4,0
11/03/2020,Chickahominy,Latino,112,6,0
11/03/2020,Crater,Black,2535,224,75
11/03/2020,Chesterfield,Black,1592,145,36
11/03/2020,Chesterfield,"Other Race",181,14,0
11/03/2020,Peninsula,Black,1432,93,29
11/03/2020,Roanoke,White,820,29,33
11/03/2020,"New River",Black,278,5,1
11/03/2020,Southside,Latino,9,0,0
11/03/2020,Peninsula,Latino,452,24,2
11/03/2020,Rappahannock,"Two or more races",58,3,0
11/03/2020,"Virginia Beach",Black,1996,151,32
11/03/2020,"Mount Rogers","Not Reported",258,11,7
11/03/2020,Loudoun,"Not Reported",2030,5,0
11/03/2020,Chesapeake,"Other Race",60,5,1
11/03/2020,Chickahominy,"Two or more races",10,1,0
11/03/2020,Crater,"Other Race",69,0,1
11/03/2020,Norfolk,"Two or more races",60,3,0
11/03/2020,"Eastern Shore","Two or more races",1,1,0
11/03/2020,"Central Shenandoah",White,4221,222,72
11/03/2020,"New River","Other Race",20,0,0
11/03/2020,"New River",White,2872,66,26
11/03/2020,"Central Shenandoah","Other Race",99,2,0
11/03/2020,"West Piedmont",Black,606,103,19
11/03/2020,Alleghany,Latino,195,13,0
11/03/2020,"Central Shenandoah","Not Reported",1101,5,1
11/03/2020,Roanoke,"Two or more races",18,2,0
11/03/2020,Peninsula,"Two or more races",66,4,1
11/03/2020,Richmond,"Not Reported",797,1,1
11/03/2020,Arlington,"Other Race",115,11,4
11/03/2020,Norfolk,"Not Reported",1132,4,1
11/03/2020,Alexandria,"Other Race",109,10,2
11/03/2020,"Virginia Beach",White,3113,218,62
11/03/2020,Chesapeake,"Two or more races",65,4,1
11/03/2020,Alleghany,White,1742,93,38
11/03/2020,"Rappahannock Rapidan","Other Race",40,3,0
11/03/2020,Chickahominy,"Not Reported",555,2,1
11/03/2020,Portsmouth,Black,1770,237,49
11/03/2020,Chickahominy,"Other Race",26,3,0
11/03/2020,"Virginia Beach",Latino,578,31,4
11/03/2020,Chesapeake,White,1842,171,34
11/03/2020,Southside,Black,629,49,22
11/03/2020,Rappahannock,Latino,1508,115,9
11/03/2020,"Three Rivers","Two or more races",13,1,0
11/03/2020,Henrico,Black,2072,236,102
11/03/2020,Pittsylvania-Danville,Black,873,104,21
11/03/2020,"Lord Fairfax","Two or more races",27,0,0
11/03/2020,"Prince William",Latino,7388,697,79
11/03/2020,"Mount Rogers","Other Race",16,2,2
11/03/2020,"Central Shenandoah",Black,287,16,5
11/03/2020,Peninsula,White,1394,95,52
11/03/2020,"Eastern Shore","Not Reported",79,0,0
11/03/2020,"Thomas Jefferson","Other Race",179,5,1
11/03/2020,Hampton,"Other Race",70,2,1
11/03/2020,"Lord Fairfax","Not Reported",485,5,6
11/03/2020,"Central Virginia","Other Race",32,1,0
11/03/2020,"Western Tidewater","Other Race",100,1,2
11/03/2020,Crater,Latino,246,11,5
11/03/2020,Chesapeake,Latino,408,29,2
11/03/2020,Chesterfield,White,2379,183,92
11/03/2020,"Western Tidewater","Not Reported",1048,5,1
11/03/2020,Fairfax,"Not Reported",2707,41,30
11/03/2020,Arlington,Black,471,90,36
11/03/2020,"Central Virginia",Latino,106,8,4
11/03/2020,Alexandria,"Not Reported",255,3,1
11/03/2020,"Three Rivers",Black,796,59,14
11/03/2020,"Prince William","Two or more races",133,1,0
11/03/2020,Loudoun,"Two or more races",65,2,0
11/03/2020,Peninsula,"Other Race",187,3,0
11/03/2020,"Thomas Jefferson",White,2375,110,54
11/03/2020,Norfolk,"Other Race",105,5,2
11/03/2020,"Prince William","Not Reported",4475,27,0
11/03/2020,"West Piedmont",White,1546,170,66
11/03/2020,Rappahannock,Black,1059,111,20
11/03/2020,Norfolk,Black,2625,288,58
11/03/2020,Roanoke,Latino,493,33,0
11/03/2020,Piedmont,Latino,81,9,2
11/03/2020,Roanoke,"Not Reported",1003,2,1
11/03/2020,"Virginia Beach","Other Race",137,4,0
11/03/2020,Arlington,"Two or more races",53,4,0
11/03/2020,Alexandria,White,909,61,38
11/03/2020,"Lord Fairfax","Other Race",93,6,1
11/03/2020,"Thomas Jefferson","Not Reported",368,3,0
11/03/2020,"Virginia Beach","Not Reported",2079,15,2
11/03/2020,Loudoun,Black,379,37,7
11/03/2020,Pittsylvania-Danville,Latino,96,5,0
11/03/2020,"Cumberland Plateau","Not Reported",140,4,0
11/03/2020,Chesterfield,"Not Reported",1546,4,13
11/03/2020,"Mount Rogers",White,3372,294,140
11/03/2020,Richmond,White,1055,54,24
11/03/2020,Lenowisco,"Not Reported",223,5,4
11/03/2020,"Three Rivers",Latino,197,6,1
11/03/2020,Piedmont,"Not Reported",874,11,2
11/03/2020,"Mount Rogers",Latino,319,7,0
11/03/2020,"Central Shenandoah","Two or more races",60,1,0
11/03/2020,Crater,White,1153,67,31
11/03/2020,Arlington,White,1470,146,74
11/03/2020,Pittsylvania-Danville,"Other Race",5,0,0
11/03/2020,Chickahominy,Black,440,59,12
11/03/2020,Fairfax,Black,2019,262,66
11/03/2020,"Eastern Shore",Latino,275,11,3
11/03/2020,Norfolk,White,1134,74,22
11/03/2020,"Mount Rogers","Two or more races",13,1,0
11/03/2020,Alleghany,"Two or more races",20,0,0
11/03/2020,Southside,White,491,33,20
11/03/2020,"Thomas Jefferson","Two or more races",99,3,0
11/03/2020,"Prince William",Black,1805,191,59
11/03/2020,"Lord Fairfax",White,2483,242,108
11/03/2020,"Cumberland Plateau",Latino,15,0,0
11/03/2020,Arlington,"Not Reported",497,3,0
11/03/2020,Rappahannock,"Other Race",161,4,0
11/03/2020,"Rappahannock Rapidan",Black,324,41,12
11/03/2020,"New River","Two or more races",95,4,0
11/03/2020,Arlington,Latino,1965,258,27
11/03/2020,Henrico,White,1924,164,117
11/03/2020,Loudoun,White,2075,134,94
11/03/2020,Hampton,White,372,15,7
11/03/2020,Alleghany,Black,218,8,4
11/03/2020,"Prince William",White,2303,203,98
11/03/2020,Rappahannock,White,1899,170,61
11/03/2020,Southside,"Other Race",16,1,1
11/03/2020,Portsmouth,"Two or more races",23,6,0
11/03/2020,"Western Tidewater",Black,2105,151,71
11/03/2020,Hampton,Latino,93,5,0
11/03/2020,Henrico,"Not Reported",1042,4,4
11/03/2020,"West Piedmont","Two or more races",14,0,0
11/03/2020,Peninsula,"Not Reported",1680,3,0
11/03/2020,Loudoun,Latino,2709,236,16
11/03/2020,Alexandria,Black,909,101,19
11/03/2020,Piedmont,Black,724,78,23
11/03/2020,Roanoke,"Other Race",36,1,0
11/03/2020,Alexandria,"Two or more races",30,2,0
11/03/2020,"Western Tidewater",Latino,60,1,2
11/03/2020,Rappahannock,"Not Reported",1562,26,1
11/03/2020,"West Piedmont","Other Race",11,1,1
11/03/2020,Chickahominy,White,1327,129,46
11/03/2020,"Thomas Jefferson",Latino,757,34,3
11/03/2020,"Cumberland Plateau",Black,58,0,0
11/03/2020,"Lord Fairfax",Latino,898,60,9
11/03/2020,"West Piedmont",Latino,304,12,1
11/03/2020,"Cumberland Plateau",White,1317,95,15
11/03/2020,"Eastern Shore","Other Race",13,1,0
11/03/2020,"Cumberland Plateau","Two or more races",10,0,0
11/03/2020,Pittsylvania-Danville,"Two or more races",8,0,0
11/03/2020,Piedmont,"Other Race",17,0,0
11/03/2020,Alexandria,Latino,1998,138,13
11/03/2020,Chesapeake,Black,1966,259,36
11/03/2020,Richmond,"Other Race",185,8,2
11/03/2020,Henrico,Latino,995,60,11
11/03/2020,Piedmont,"Two or more races",10,2,0
11/03/2020,"Prince William","Other Race",647,24,0
11/03/2020,"New River","Not Reported",1071,12,0
11/03/2020,"Rappahannock Rapidan",White,1140,69,28
11/03/2020,"Central Virginia","Not Reported",2285,29,6
11/03/2020,"Virginia Beach","Two or more races",99,5,2
11/03/2020,Pittsylvania-Danville,White,865,84,39
11/03/2020,"Lord Fairfax",Black,175,26,7
11/03/2020,Fairfax,Latino,11313,1069,105
11/03/2020,Chesterfield,"Asian or Pacific Islander",121,7,1
11/03/2020,Crater,"Asian or Pacific Islander",31,0,0
11/03/2020,Fairfax,"Asian or Pacific Islander",2199,285,78
11/03/2020,Hampton,"Asian or Pacific Islander",19,0,0
11/03/2020,"Rappahannock Rapidan","Asian or Pacific Islander",18,1,0
11/03/2020,"Mount Rogers","Asian or Pacific Islander",7,1,0
11/03/2020,"New River","Asian or Pacific Islander",126,0,0
11/03/2020,"Central Virginia","Asian or Pacific Islander",35,1,0
11/03/2020,"Lord Fairfax","Asian or Pacific Islander",20,1,0
11/03/2020,Southside,"Asian or Pacific Islander",3,0,0
11/03/2020,Alleghany,"Asian or Pacific Islander",40,0,0
11/03/2020,Portsmouth,"Asian or Pacific Islander",21,1,0
11/03/2020,Roanoke,"Asian or Pacific Islander",45,3,0
11/03/2020,Richmond,"Asian or Pacific Islander",67,4,1
11/03/2020,"Thomas Jefferson","Asian or Pacific Islander",134,1,1
11/03/2020,"Virginia Beach","Asian or Pacific Islander",334,30,6
11/03/2020,Henrico,"Asian or Pacific Islander",261,13,4
11/03/2020,Piedmont,"Asian or Pacific Islander",13,0,1
11/03/2020,"Western Tidewater","Asian or Pacific Islander",22,2,3
11/03/2020,"West Piedmont","Asian or Pacific Islander",13,2,1
11/03/2020,Chickahominy,"Asian or Pacific Islander",20,1,0
11/03/2020,Peninsula,"Asian or Pacific Islander",70,5,7
11/03/2020,Norfolk,"Asian or Pacific Islander",77,9,0
11/03/2020,Arlington,"Asian or Pacific Islander",237,28,13
11/03/2020,Loudoun,"Asian or Pacific Islander",553,61,12
11/03/2020,Alexandria,"Asian or Pacific Islander",163,11,1
11/03/2020,Rappahannock,"Asian or Pacific Islander",110,11,3
11/03/2020,Chesapeake,"Asian or Pacific Islander",97,12,6
11/03/2020,"Cumberland Plateau and Lenowisco","Asian or Pacific Islander",2,0,0
11/03/2020,"Central Shenandoah","Asian or Pacific Islander",95,2,0
11/03/2020,"Prince William","Asian or Pacific Islander",714,63,21
11/03/2020,Pittsylvania-Danville,"Asian or Pacific Islander",4,0,0
11/03/2020,"Eastern Shore and Three Rivers","Asian or Pacific Islander",14,1,0
11/03/2020,Piedmont,"Native American",5,0,0
11/03/2020,"New River","Native American",5,0,0
11/03/2020,"Central Shenandoah","Native American",4,1,0
11/03/2020,"Eastern Shore and Three Rivers","Native American",2,0,0
11/03/2020,Fairfax,"Native American",37,1,1
11/03/2020,Chesapeake,"Native American",12,0,0
11/03/2020,"Western Tidewater","Native American",2,0,0
11/03/2020,Portsmouth,"Native American",4,2,0
11/03/2020,Richmond,"Native American",3,0,0
11/03/2020,Chickahominy,"Native American",10,1,0
11/03/2020,"Thomas Jefferson","Native American",5,0,0
11/03/2020,Arlington,"Native American",5,0,0
11/03/2020,"Virginia Beach","Native American",15,0,0
11/03/2020,Peninsula,"Native American",7,2,1
11/03/2020,Hampton,"Native American",3,0,1
11/03/2020,"West Piedmont","Native American",2,0,0
11/03/2020,"Cumberland Plateau, Lenowisco, and Mount Rogers","Native American",4,0,0
11/03/2020,Henrico,"Native American",12,0,0
11/03/2020,Norfolk,"Native American",9,1,1
11/03/2020,"Prince William","Native American",31,1,1
11/03/2020,"Central Virginia","Native American",9,0,0
11/03/2020,Chesterfield,"Native American",9,1,0
11/03/2020,Rappahannock,"Native American",6,0,0
11/03/2020,Loudoun,"Native American",6,0,0
11/03/2020,Alexandria,"Native American",4,0,0
11/03/2020,"Alleghany and Roanoke","Native American",6,0,0
11/03/2020,Crater,"Native American",7,1,1
11/03/2020,"Rappahannock Rapidan","Native American",3,0,0
11/03/2020,"Lord Fairfax","Native American",3,1,1
11/03/2020,"Pittsylvania-Danville and Southside","Native American",1,0,0
11/04/2020,"Rappahannock Rapidan","Not Reported",734,13,7
11/04/2020,Portsmouth,"Other Race",64,10,5
11/04/2020,"Western Tidewater","Two or more races",89,1,0
11/04/2020,Piedmont,White,880,69,28
11/04/2020,Chesterfield,Latino,2123,122,9
11/04/2020,Lenowisco,White,1512,109,22
11/04/2020,Lenowisco,"Two or more races",22,1,0
11/04/2020,Hampton,"Not Reported",589,2,1
11/04/2020,Southside,"Not Reported",693,8,5
11/04/2020,Roanoke,Black,645,39,9
11/04/2020,Hampton,Black,1040,75,23
11/04/2020,Alleghany,"Other Race",29,1,0
11/04/2020,Lenowisco,Latino,37,0,0
11/04/2020,Loudoun,"Other Race",289,18,3
11/04/2020,"Central Shenandoah",Latino,1267,60,6
11/04/2020,"Rappahannock Rapidan",Latino,896,65,8
11/04/2020,"Eastern Shore",Black,876,101,29
11/04/2020,Norfolk,Latino,425,30,0
11/04/2020,Hampton,"Two or more races",20,0,0
11/04/2020,Richmond,Black,1920,274,41
11/04/2020,Henrico,"Two or more races",97,7,2
11/04/2020,Fairfax,"Two or more races",149,6,0
11/04/2020,Alleghany,"Not Reported",922,5,1
11/04/2020,Portsmouth,"Not Reported",455,8,1
11/04/2020,"Cumberland Plateau","Other Race",7,1,0
11/04/2020,Southside,"Two or more races",67,0,0
11/04/2020,Portsmouth,White,439,46,13
11/04/2020,"Rappahannock Rapidan","Two or more races",42,3,0
11/04/2020,Fairfax,White,5354,567,320
11/04/2020,Fairfax,"Other Race",977,94,19
11/04/2020,Crater,"Two or more races",14,0,0
11/04/2020,"West Piedmont","Not Reported",773,21,3
11/04/2020,Henrico,"Other Race",216,18,0
11/04/2020,"Three Rivers",White,970,66,23
11/04/2020,"Central Virginia",Black,506,42,17
11/04/2020,Lenowisco,"Other Race",12,0,0
11/04/2020,"Three Rivers","Other Race",28,3,0
11/04/2020,"Western Tidewater",White,1292,79,77
11/04/2020,"Mount Rogers",Black,92,10,3
11/04/2020,"Three Rivers","Not Reported",298,6,2
11/04/2020,"Thomas Jefferson",Black,622,84,18
11/04/2020,"Eastern Shore",White,302,34,18
11/04/2020,"Central Virginia",White,2249,126,39
11/04/2020,Lenowisco,Black,55,2,1
11/04/2020,"Central Virginia","Two or more races",27,0,0
11/04/2020,Richmond,"Two or more races",50,2,1
11/04/2020,Crater,"Not Reported",1156,11,5
11/04/2020,Chesterfield,"Two or more races",59,6,0
11/04/2020,"New River",Latino,258,5,0
11/04/2020,Richmond,Latino,1459,117,8
11/04/2020,Portsmouth,Latino,99,11,1
11/04/2020,Pittsylvania-Danville,"Not Reported",818,15,2
11/04/2020,Chesapeake,"Not Reported",635,4,0
11/04/2020,Chickahominy,Latino,120,6,0
11/04/2020,Crater,Black,2538,224,75
11/04/2020,Chesterfield,Black,1603,145,36
11/04/2020,Chesterfield,"Other Race",185,14,0
11/04/2020,Peninsula,Black,1433,93,29
11/04/2020,Roanoke,White,840,31,38
11/04/2020,"New River",Black,279,5,1
11/04/2020,Southside,Latino,9,0,0
11/04/2020,Peninsula,Latino,452,24,2
11/04/2020,Rappahannock,"Two or more races",59,3,0
11/04/2020,"Virginia Beach",Black,2006,151,32
11/04/2020,"Mount Rogers","Not Reported",266,11,7
11/04/2020,Loudoun,"Not Reported",2032,5,0
11/04/2020,Chesapeake,"Other Race",60,5,1
11/04/2020,Chickahominy,"Two or more races",10,1,0
11/04/2020,Crater,"Other Race",67,0,1
11/04/2020,Norfolk,"Two or more races",60,3,0
11/04/2020,"Eastern Shore","Two or more races",1,1,0
11/04/2020,"Central Shenandoah",White,4259,224,72
11/04/2020,"New River","Other Race",20,0,0
11/04/2020,"New River",White,2890,65,27
11/04/2020,"Central Shenandoah","Other Race",98,2,0
11/04/2020,"West Piedmont",Black,613,103,19
11/04/2020,Alleghany,Latino,202,13,0
11/04/2020,"Central Shenandoah","Not Reported",1102,5,1
11/04/2020,Roanoke,"Two or more races",19,2,0
11/04/2020,Peninsula,"Two or more races",67,4,1
11/04/2020,Richmond,"Not Reported",798,1,1
11/04/2020,Arlington,"Other Race",118,12,4
11/04/2020,Norfolk,"Not Reported",1125,4,1
11/04/2020,Alexandria,"Other Race",112,10,2
11/04/2020,"Virginia Beach",White,3144,218,62
11/04/2020,Chesapeake,"Two or more races",65,4,1
11/04/2020,Alleghany,White,1787,93,39
11/04/2020,"Rappahannock Rapidan","Other Race",40,3,0
11/04/2020,Chickahominy,"Not Reported",558,2,1
11/04/2020,Portsmouth,Black,1771,237,49
11/04/2020,Chickahominy,"Other Race",27,3,0
11/04/2020,"Virginia Beach",Latino,581,31,4
11/04/2020,Chesapeake,White,1857,173,34
11/04/2020,Southside,Black,636,49,22
11/04/2020,Rappahannock,Latino,1516,115,9
11/04/2020,"Three Rivers","Two or more races",13,1,0
11/04/2020,Henrico,Black,2091,240,102
11/04/2020,Pittsylvania-Danville,Black,880,105,22
11/04/2020,"Lord Fairfax","Two or more races",27,0,0
11/04/2020,"Prince William",Latino,7448,698,79
11/04/2020,"Mount Rogers","Other Race",17,2,2
11/04/2020,"Central Shenandoah",Black,288,16,6
11/04/2020,Peninsula,White,1396,95,52
11/04/2020,"Eastern Shore","Not Reported",79,0,0
11/04/2020,"Thomas Jefferson","Other Race",179,5,1
11/04/2020,Hampton,"Other Race",73,2,1
11/04/2020,"Lord Fairfax","Not Reported",487,5,6
11/04/2020,"Central Virginia","Other Race",33,1,0
11/04/2020,"Western Tidewater","Other Race",100,1,2
11/04/2020,Crater,Latino,247,11,5
11/04/2020,Chesapeake,Latino,408,29,2
11/04/2020,Chesterfield,White,2398,185,92
11/04/2020,"Western Tidewater","Not Reported",1044,5,1
11/04/2020,Fairfax,"Not Reported",2703,41,30
11/04/2020,Arlington,Black,479,91,36
11/04/2020,"Central Virginia",Latino,108,8,4
11/04/2020,Alexandria,"Not Reported",252,3,1
11/04/2020,"Three Rivers",Black,800,59,14
11/04/2020,"Prince William","Two or more races",137,2,0
11/04/2020,Loudoun,"Two or more races",66,2,0
11/04/2020,Peninsula,"Other Race",187,3,0
11/04/2020,"Thomas Jefferson",White,2384,110,54
11/04/2020,Norfolk,"Other Race",105,5,2
11/04/2020,"Prince William","Not Reported",4420,27,0
11/04/2020,"West Piedmont",White,1584,172,65
11/04/2020,Rappahannock,Black,1061,111,20
11/04/2020,Norfolk,Black,2637,288,59
11/04/2020,Roanoke,Latino,507,33,0
11/04/2020,Piedmont,Latino,82,9,2
11/04/2020,Roanoke,"Not Reported",998,2,0
11/04/2020,"Virginia Beach","Other Race",139,4,0
11/04/2020,Arlington,"Two or more races",53,4,0
11/04/2020,Alexandria,White,915,63,38
11/04/2020,"Lord Fairfax","Other Race",93,6,1
11/04/2020,"Thomas Jefferson","Not Reported",367,3,0
11/04/2020,"Virginia Beach","Not Reported",2099,15,2
11/04/2020,Loudoun,Black,382,37,7
11/04/2020,Pittsylvania-Danville,Latino,96,5,0
11/04/2020,"Cumberland Plateau","Not Reported",140,4,0
11/04/2020,Chesterfield,"Not Reported",1552,4,13
11/04/2020,"Mount Rogers",White,3407,298,141
11/04/2020,Richmond,White,1060,54,24
11/04/2020,Lenowisco,"Not Reported",224,5,4
11/04/2020,"Three Rivers",Latino,198,6,1
11/04/2020,Piedmont,"Not Reported",856,12,2
11/04/2020,"Mount Rogers",Latino,320,7,0
11/04/2020,"Central Shenandoah","Two or more races",62,1,0
11/04/2020,Crater,White,1155,68,31
11/04/2020,Arlington,White,1506,146,74
11/04/2020,Pittsylvania-Danville,"Other Race",5,0,0
11/04/2020,Chickahominy,Black,443,59,12
11/04/2020,Fairfax,Black,2026,262,66
11/04/2020,"Eastern Shore",Latino,277,11,3
11/04/2020,Norfolk,White,1150,74,22
11/04/2020,"Mount Rogers","Two or more races",13,1,0
11/04/2020,Alleghany,"Two or more races",20,0,0
11/04/2020,Southside,White,495,33,20
11/04/2020,"Thomas Jefferson","Two or more races",100,3,0
11/04/2020,"Prince William",Black,1820,192,59
11/04/2020,"Lord Fairfax",White,2511,249,108
11/04/2020,"Cumberland Plateau",Latino,15,0,0
11/04/2020,Arlington,"Not Reported",465,2,0
11/04/2020,Rappahannock,"Other Race",163,4,0
11/04/2020,"Rappahannock Rapidan",Black,325,41,12
11/04/2020,"New River","Two or more races",95,4,0
11/04/2020,Arlington,Latino,1985,258,27
11/04/2020,Henrico,White,1936,164,117
11/04/2020,Loudoun,White,2089,134,94
11/04/2020,Alleghany,Black,225,9,4
11/04/2020,"Prince William",White,2329,202,98
11/04/2020,Rappahannock,White,1924,170,61
11/04/2020,Southside,"Other Race",16,1,1
11/04/2020,Portsmouth,"Two or more races",23,6,0
11/04/2020,"Western Tidewater",Black,2116,151,71
11/04/2020,Hampton,Latino,93,5,0
11/04/2020,Henrico,"Not Reported",1043,4,4
11/04/2020,"West Piedmont","Two or more races",14,0,0
11/04/2020,Peninsula,"Not Reported",1687,3,0
11/04/2020,Loudoun,Latino,2722,236,16
11/04/2020,Alexandria,Black,914,101,19
11/04/2020,Piedmont,Black,731,78,23
11/04/2020,Roanoke,"Other Race",36,1,0
11/04/2020,Alexandria,"Two or more races",30,2,0
11/04/2020,"Western Tidewater",Latino,60,1,2
11/04/2020,Rappahannock,"Not Reported",1564,26,1
11/04/2020,"West Piedmont","Other Race",12,1,1
11/04/2020,Chickahominy,White,1331,130,47
11/04/2020,"Thomas Jefferson",Latino,760,34,3
11/04/2020,"Cumberland Plateau",Black,58,0,0
11/04/2020,"Lord Fairfax",Latino,903,61,9
11/04/2020,"West Piedmont",Latino,307,12,1
11/04/2020,"Cumberland Plateau",White,1323,97,15
11/04/2020,"Eastern Shore","Other Race",13,1,0
11/04/2020,"Cumberland Plateau","Two or more races",10,0,0
11/04/2020,Pittsylvania-Danville,"Two or more races",8,0,0
11/04/2020,Piedmont,"Other Race",18,0,0
11/04/2020,Alexandria,Latino,2000,138,13
11/04/2020,Chesapeake,Black,1977,259,36
11/04/2020,Richmond,"Other Race",184,8,2
11/04/2020,Henrico,Latino,998,60,11
11/04/2020,Piedmont,"Two or more races",9,2,0
11/04/2020,"Prince William","Other Race",651,24,0
11/04/2020,"New River","Not Reported",1078,12,0
11/04/2020,"Rappahannock Rapidan",White,1160,70,28
11/04/2020,"Central Virginia","Not Reported",2279,29,6
11/04/2020,"Virginia Beach","Two or more races",100,5,2
11/04/2020,Pittsylvania-Danville,White,877,86,39
11/04/2020,"Lord Fairfax",Black,175,26,7
11/04/2020,Fairfax,Latino,11374,1069,105
11/04/2020,Chesterfield,"Asian or Pacific Islander",123,7,1
11/04/2020,Crater,"Asian or Pacific Islander",32,0,0
11/04/2020,Fairfax,"Asian or Pacific Islander",2213,287,78
11/04/2020,Hampton,"Asian or Pacific Islander",20,0,0
11/04/2020,"Rappahannock Rapidan","Asian or Pacific Islander",18,1,0
11/04/2020,"Mount Rogers","Asian or Pacific Islander",7,1,0
11/04/2020,"New River","Asian or Pacific Islander",128,0,0
11/04/2020,"Central Virginia","Asian or Pacific Islander",36,1,0
11/04/2020,"Lord Fairfax","Asian or Pacific Islander",20,1,0
11/04/2020,Southside,"Asian or Pacific Islander",3,0,0
11/04/2020,Alleghany,"Asian or Pacific Islander",40,0,0
11/04/2020,Portsmouth,"Asian or Pacific Islander",21,1,0
11/04/2020,Roanoke,"Asian or Pacific Islander",45,3,0
11/04/2020,Richmond,"Asian or Pacific Islander",68,4,1
11/04/2020,"Thomas Jefferson","Asian or Pacific Islander",135,1,1
11/04/2020,"Virginia Beach","Asian or Pacific Islander",335,30,6
11/04/2020,Henrico,"Asian or Pacific Islander",262,13,4
11/04/2020,Piedmont,"Asian or Pacific Islander",13,0,1
11/04/2020,"Western Tidewater","Asian or Pacific Islander",22,2,3
11/04/2020,"West Piedmont","Asian or Pacific Islander",13,2,1
11/04/2020,Chickahominy,"Asian or Pacific Islander",20,1,0
11/04/2020,Peninsula,"Asian or Pacific Islander",70,5,7
11/04/2020,Norfolk,"Asian or Pacific Islander",77,9,0
11/04/2020,Arlington,"Asian or Pacific Islander",243,28,13
11/04/2020,Loudoun,"Asian or Pacific Islander",557,61,12
11/04/2020,Alexandria,"Asian or Pacific Islander",164,11,1
11/04/2020,Rappahannock,"Asian or Pacific Islander",111,11,3
11/04/2020,Chesapeake,"Asian or Pacific Islander",98,12,6
11/04/2020,"Cumberland Plateau and Lenowisco","Asian or Pacific Islander",2,0,0
11/04/2020,"Central Shenandoah","Asian or Pacific Islander",96,2,0
11/04/2020,"Prince William","Asian or Pacific Islander",727,63,21
11/04/2020,Pittsylvania-Danville,"Asian or Pacific Islander",4,0,0
11/04/2020,"Eastern Shore and Three Rivers","Asian or Pacific Islander",14,1,0
11/04/2020,Piedmont,"Native American",5,0,0
11/04/2020,"New River","Native American",5,0,0
11/04/2020,"Central Shenandoah","Native American",4,1,0
11/04/2020,"Eastern Shore and Three Rivers","Native American",2,0,0
11/04/2020,Fairfax,"Native American",37,1,1
11/04/2020,Chesapeake,"Native American",12,0,0
11/04/2020,"Western Tidewater","Native American",2,0,0
11/04/2020,Portsmouth,"Native American",4,2,0
11/04/2020,Richmond,"Native American",3,0,0
11/04/2020,Chickahominy,"Native American",10,1,0
11/04/2020,"Thomas Jefferson","Native American",5,0,0
11/04/2020,Arlington,"Native American",5,0,0
11/04/2020,"Virginia Beach","Native American",15,0,0
11/04/2020,Peninsula,"Native American",7,2,1
11/04/2020,Hampton,"Native American",3,0,1
11/04/2020,"West Piedmont","Native American",2,0,0
11/04/2020,"Cumberland Plateau, Lenowisco, and Mount Rogers","Native American",4,0,0
11/04/2020,Henrico,"Native American",12,0,0
11/04/2020,Norfolk,"Native American",10,1,1
11/04/2020,"Prince William","Native American",32,1,1
11/04/2020,"Central Virginia","Native American",9,0,0
11/04/2020,Chesterfield,"Native American",9,1,0
11/04/2020,Rappahannock,"Native American",6,0,0
11/04/2020,Loudoun,"Native American",6,0,0
11/04/2020,Alexandria,"Native American",4,0,0
11/04/2020,"Alleghany and Roanoke","Native American",6,0,0
11/04/2020,Crater,"Native American",7,1,1
11/04/2020,"Rappahannock Rapidan","Native American",3,0,0
11/04/2020,"Lord Fairfax","Native American",3,1,1
11/04/2020,"Pittsylvania-Danville and Southside","Native American",1,0,0
11/05/2020,"Rappahannock Rapidan","Not Reported",742,13,7
11/05/2020,Portsmouth,"Other Race",64,10,5
11/05/2020,"Western Tidewater","Two or more races",89,1,0
11/05/2020,Piedmont,White,890,70,28
11/05/2020,Chesterfield,Latino,2138,122,9
11/05/2020,Lenowisco,White,1567,109,22
11/05/2020,Lenowisco,"Two or more races",25,1,0
11/05/2020,Hampton,"Not Reported",573,2,1
11/05/2020,Southside,"Not Reported",694,8,5
11/05/2020,Roanoke,Black,653,39,9
11/05/2020,Hampton,Black,1057,75,23
11/05/2020,Alleghany,"Other Race",29,1,0
11/05/2020,Lenowisco,Latino,39,0,0
11/05/2020,Loudoun,"Other Race",288,18,3
11/05/2020,"Central Shenandoah",Latino,1272,60,6
11/05/2020,"Rappahannock Rapidan",Latino,898,65,8
11/05/2020,"Eastern Shore",Black,876,101,29
11/05/2020,Norfolk,Latino,427,30,0
11/05/2020,Hampton,"Two or more races",20,0,0
11/05/2020,Richmond,Black,1932,275,41
11/05/2020,Henrico,"Two or more races",97,7,2
11/05/2020,Fairfax,"Two or more races",152,6,0
11/05/2020,Alleghany,"Not Reported",931,5,1
11/05/2020,Portsmouth,"Not Reported",458,8,1
11/05/2020,"Cumberland Plateau","Other Race",7,1,0
11/05/2020,Southside,"Two or more races",68,0,0
11/05/2020,Portsmouth,White,443,46,13
11/05/2020,"Rappahannock Rapidan","Two or more races",44,3,0
11/05/2020,Fairfax,White,5403,573,320
11/05/2020,Fairfax,"Other Race",983,95,19
11/05/2020,Crater,"Two or more races",15,0,0
11/05/2020,"West Piedmont","Not Reported",784,21,3
11/05/2020,Henrico,"Other Race",222,18,1
11/05/2020,"Three Rivers",White,974,67,23
11/05/2020,"Central Virginia",Black,524,43,17
11/05/2020,Lenowisco,"Other Race",12,0,0
11/05/2020,"Three Rivers","Other Race",29,3,0
11/05/2020,"Western Tidewater",White,1298,79,77
11/05/2020,"Mount Rogers",Black,93,10,3
11/05/2020,"Three Rivers","Not Reported",297,6,2
11/05/2020,"Thomas Jefferson",Black,625,85,18
11/05/2020,"Eastern Shore",White,304,34,18
11/05/2020,"Central Virginia",White,2294,127,39
11/05/2020,Lenowisco,Black,57,2,1
11/05/2020,"Central Virginia","Two or more races",28,0,0
11/05/2020,Richmond,"Two or more races",52,2,1
11/05/2020,Crater,"Not Reported",1164,11,5
11/05/2020,Chesterfield,"Two or more races",58,6,0
11/05/2020,"New River",Latino,259,5,0
11/05/2020,Richmond,Latino,1472,118,8
11/05/2020,Portsmouth,Latino,99,11,1
11/05/2020,Pittsylvania-Danville,"Not Reported",812,15,2
11/05/2020,Chesapeake,"Not Reported",629,3,0
11/05/2020,Chickahominy,Latino,123,6,0
11/05/2020,Crater,Black,2551,225,75
11/05/2020,Chesterfield,Black,1612,145,36
11/05/2020,Chesterfield,"Other Race",182,14,0
11/05/2020,Peninsula,Black,1446,93,29
11/05/2020,Roanoke,White,857,31,38
11/05/2020,"New River",Black,280,5,1
11/05/2020,Southside,Latino,9,0,0
11/05/2020,Peninsula,Latino,460,24,2
11/05/2020,Rappahannock,"Two or more races",61,3,0
11/05/2020,"Virginia Beach",Black,2015,152,32
11/05/2020,"Mount Rogers","Not Reported",280,11,7
11/05/2020,Loudoun,"Not Reported",2020,5,0
11/05/2020,Chesapeake,"Other Race",61,5,1
11/05/2020,Chickahominy,"Two or more races",11,2,0
11/05/2020,Crater,"Other Race",68,0,1
11/05/2020,Norfolk,"Two or more races",60,3,0
11/05/2020,"Eastern Shore","Two or more races",1,1,0
11/05/2020,"Central Shenandoah",White,4285,224,72
11/05/2020,"New River","Other Race",20,0,0
11/05/2020,"New River",White,2923,69,28
11/05/2020,"Central Shenandoah","Other Race",100,2,0
11/05/2020,"West Piedmont",Black,615,103,19
11/05/2020,Alleghany,Latino,207,13,0
11/05/2020,"Central Shenandoah","Not Reported",1106,5,1
11/05/2020,Roanoke,"Two or more races",19,2,0
11/05/2020,Peninsula,"Two or more races",66,4,1
11/05/2020,Richmond,"Not Reported",806,1,1
11/05/2020,Arlington,"Other Race",119,12,4
11/05/2020,Norfolk,"Not Reported",1131,4,1
11/05/2020,Alexandria,"Other Race",113,10,2
11/05/2020,"Virginia Beach",White,3165,219,64
11/05/2020,Chesapeake,"Two or more races",67,3,0
11/05/2020,Alleghany,White,1813,95,39
11/05/2020,"Rappahannock Rapidan","Other Race",40,3,0
11/05/2020,Chickahominy,"Not Reported",562,2,1
11/05/2020,Portsmouth,Black,1775,238,49
11/05/2020,Chickahominy,"Other Race",27,3,0
11/05/2020,"Virginia Beach",Latino,585,32,4
11/05/2020,Chesapeake,White,1869,173,34
11/05/2020,Southside,Black,640,49,22
11/05/2020,Rappahannock,Latino,1525,115,9
11/05/2020,"Three Rivers","Two or more races",13,1,0
11/05/2020,Henrico,Black,2118,242,102
11/05/2020,Pittsylvania-Danville,Black,891,107,22
11/05/2020,"Lord Fairfax","Two or more races",27,0,0
11/05/2020,"Prince William",Latino,7501,699,79
11/05/2020,"Mount Rogers","Other Race",17,2,2
11/05/2020,"Central Shenandoah",Black,292,16,6
11/05/2020,Peninsula,White,1410,95,52
11/05/2020,"Eastern Shore","Not Reported",79,0,0
11/05/2020,"Thomas Jefferson","Other Race",179,5,1
11/05/2020,Hampton,"Other Race",72,2,1
11/05/2020,"Lord Fairfax","Not Reported",492,5,6
11/05/2020,"Central Virginia","Other Race",34,1,0
11/05/2020,"Western Tidewater","Other Race",100,1,2
11/05/2020,Crater,Latino,253,11,5
11/05/2020,Chesapeake,Latino,408,29,2
11/05/2020,Chesterfield,White,2425,186,92
11/05/2020,"Western Tidewater","Not Reported",1040,5,1
11/05/2020,Fairfax,"Not Reported",2680,40,30
11/05/2020,Arlington,Black,480,91,36
11/05/2020,"Central Virginia",Latino,111,8,4
11/05/2020,Alexandria,"Not Reported",257,3,1
11/05/2020,"Three Rivers",Black,801,59,15
11/05/2020,"Prince William","Two or more races",139,2,0
11/05/2020,Loudoun,"Two or more races",67,2,0
11/05/2020,Peninsula,"Other Race",187,3,0
11/05/2020,"Thomas Jefferson",White,2398,110,54
11/05/2020,Norfolk,"Other Race",104,5,2
11/05/2020,"Prince William","Not Reported",4391,24,0
11/05/2020,"West Piedmont",White,1607,172,66
11/05/2020,Rappahannock,Black,1068,111,20
11/05/2020,Norfolk,Black,2641,288,59
11/05/2020,Roanoke,Latino,508,33,0
11/05/2020,Piedmont,Latino,83,9,2
11/05/2020,Roanoke,"Not Reported",1005,2,0
11/05/2020,"Virginia Beach","Other Race",140,4,0
11/05/2020,Arlington,"Two or more races",53,4,0
11/05/2020,Alexandria,White,918,64,40
11/05/2020,"Lord Fairfax","Other Race",94,6,1
11/05/2020,"Thomas Jefferson","Not Reported",365,3,0
11/05/2020,"Virginia Beach","Not Reported",2110,18,2
11/05/2020,Loudoun,Black,387,37,7
11/05/2020,Pittsylvania-Danville,Latino,98,5,0
11/05/2020,"Cumberland Plateau","Not Reported",143,4,0
11/05/2020,Chesterfield,"Not Reported",1545,4,13
11/05/2020,"Mount Rogers",White,3463,302,141
11/05/2020,Richmond,White,1078,55,24
11/05/2020,Lenowisco,"Not Reported",231,5,4
11/05/2020,"Three Rivers",Latino,195,6,1
11/05/2020,Piedmont,"Not Reported",876,12,2
11/05/2020,"Mount Rogers",Latino,321,7,0
11/05/2020,"Central Shenandoah","Two or more races",63,1,0
11/05/2020,Crater,White,1174,69,31
11/05/2020,Arlington,White,1518,147,74
11/05/2020,Pittsylvania-Danville,"Other Race",5,0,0
11/05/2020,Chickahominy,Black,447,59,12
11/05/2020,Fairfax,Black,2043,264,66
11/05/2020,"Eastern Shore",Latino,282,11,3
11/05/2020,Norfolk,White,1158,74,22
11/05/2020,"Mount Rogers","Two or more races",13,1,0
11/05/2020,Alleghany,"Two or more races",22,0,0
11/05/2020,Southside,White,500,33,20
11/05/2020,"Thomas Jefferson","Two or more races",101,4,0
11/05/2020,"Prince William",Black,1839,194,59
11/05/2020,"Lord Fairfax",White,2542,255,109
11/05/2020,"Cumberland Plateau",Latino,15,0,0
11/05/2020,Arlington,"Not Reported",469,2,0
11/05/2020,Rappahannock,"Other Race",166,4,0
11/05/2020,"Rappahannock Rapidan",Black,345,41,12
11/05/2020,"New River","Two or more races",97,4,0
11/05/2020,Arlington,Latino,1985,258,27
11/05/2020,Henrico,White,1957,165,117
11/05/2020,Loudoun,White,2105,134,95
11/05/2020,Hampton,White,387,15,7
11/05/2020,Alleghany,Black,227,9,4
11/05/2020,"Prince William",White,2357,206,98
11/05/2020,Rappahannock,White,1947,170,61
11/05/2020,Southside,"Other Race",16,1,1
11/05/2020,Portsmouth,"Two or more races",24,6,0
11/05/2020,"Western Tidewater",Black,2125,151,71
11/05/2020,Hampton,Latino,94,5,0
11/05/2020,Henrico,"Not Reported",1037,3,3
11/05/2020,"West Piedmont","Two or more races",14,0,0
11/05/2020,Peninsula,"Not Reported",1681,3,0
11/05/2020,Loudoun,Latino,2740,237,16
11/05/2020,Alexandria,Black,920,101,19
11/05/2020,Piedmont,Black,735,79,24
11/05/2020,Roanoke,"Other Race",36,1,0
11/05/2020,Alexandria,"Two or more races",30,2,0
11/05/2020,"Western Tidewater",Latino,61,1,2
11/05/2020,Rappahannock,"Not Reported",1584,26,0
11/05/2020,"West Piedmont","Other Race",12,1,1
11/05/2020,Chickahominy,White,1340,131,47
11/05/2020,"Thomas Jefferson",Latino,760,34,3
11/05/2020,"Cumberland Plateau",Black,58,0,0
11/05/2020,"Lord Fairfax",Latino,910,61,9
11/05/2020,"West Piedmont",Latino,307,12,1
11/05/2020,"Cumberland Plateau",White,1346,99,15
11/05/2020,"Eastern Shore","Other Race",13,1,0
11/05/2020,"Cumberland Plateau","Two or more races",10,0,0
11/05/2020,Pittsylvania-Danville,"Two or more races",8,0,0
11/05/2020,Piedmont,"Other Race",19,0,0
11/05/2020,Alexandria,Latino,2005,138,13
11/05/2020,Chesapeake,Black,2000,262,38
11/05/2020,Richmond,"Other Race",184,8,2
11/05/2020,Henrico,Latino,1005,61,11
11/05/2020,Piedmont,"Two or more races",9,2,0
11/05/2020,"Prince William","Other Race",670,24,0
11/05/2020,"New River","Not Reported",1090,12,0
11/05/2020,"Rappahannock Rapidan",White,1182,70,28
11/05/2020,"Central Virginia","Not Reported",2264,27,6
11/05/2020,"Virginia Beach","Two or more races",99,5,2
11/05/2020,Pittsylvania-Danville,White,882,87,39
11/05/2020,"Lord Fairfax",Black,175,26,7
11/05/2020,Fairfax,Latino,11442,1076,105
11/05/2020,Chesterfield,"Asian or Pacific Islander",123,7,1
11/05/2020,Crater,"Asian or Pacific Islander",32,0,0
11/05/2020,Fairfax,"Asian or Pacific Islander",2229,287,79
11/05/2020,Hampton,"Asian or Pacific Islander",20,0,0
11/05/2020,"Rappahannock Rapidan","Asian or Pacific Islander",18,1,0
11/05/2020,"Mount Rogers","Asian or Pacific Islander",7,1,0
11/05/2020,"New River","Asian or Pacific Islander",128,0,0
11/05/2020,"Central Virginia","Asian or Pacific Islander",38,1,0
11/05/2020,"Lord Fairfax","Asian or Pacific Islander",21,1,0
11/05/2020,Southside,"Asian or Pacific Islander",3,0,0
11/05/2020,Alleghany,"Asian or Pacific Islander",41,0,0
11/05/2020,Portsmouth,"Asian or Pacific Islander",21,1,0
11/05/2020,Roanoke,"Asian or Pacific Islander",46,3,0
11/05/2020,Richmond,"Asian or Pacific Islander",68,4,1
11/05/2020,"Thomas Jefferson","Asian or Pacific Islander",138,1,1
11/05/2020,"Virginia Beach","Asian or Pacific Islander",338,30,6
11/05/2020,Henrico,"Asian or Pacific Islander",265,13,4
11/05/2020,Piedmont,"Asian or Pacific Islander",13,0,1
11/05/2020,"Western Tidewater","Asian or Pacific Islander",23,2,3
11/05/2020,"West Piedmont","Asian or Pacific Islander",14,2,1
11/05/2020,Chickahominy,"Asian or Pacific Islander",19,1,0
11/05/2020,Peninsula,"Asian or Pacific Islander",70,5,7
11/05/2020,Norfolk,"Asian or Pacific Islander",78,9,0
11/05/2020,Arlington,"Asian or Pacific Islander",243,28,13
11/05/2020,Loudoun,"Asian or Pacific Islander",562,62,12
11/05/2020,Alexandria,"Asian or Pacific Islander",166,11,1
11/05/2020,Rappahannock,"Asian or Pacific Islander",114,11,3
11/05/2020,Chesapeake,"Asian or Pacific Islander",98,12,6
11/05/2020,"Cumberland Plateau and Lenowisco","Asian or Pacific Islander",2,0,0
11/05/2020,"Central Shenandoah","Asian or Pacific Islander",98,2,0
11/05/2020,"Prince William","Asian or Pacific Islander",731,63,21
11/05/2020,Pittsylvania-Danville,"Asian or Pacific Islander",4,0,0
11/05/2020,"Eastern Shore and Three Rivers","Asian or Pacific Islander",14,1,0
11/05/2020,Piedmont,"Native American",6,0,0
11/05/2020,"New River","Native American",5,0,0
11/05/2020,"Central Shenandoah","Native American",4,1,0
11/05/2020,"Eastern Shore and Three Rivers","Native American",3,0,0
11/05/2020,Fairfax,"Native American",37,1,1
11/05/2020,Chesapeake,"Native American",12,0,0
11/05/2020,"Western Tidewater","Native American",3,0,0
11/05/2020,Portsmouth,"Native American",4,2,0
11/05/2020,Richmond,"Native American",3,0,0
11/05/2020,Chickahominy,"Native American",11,1,0
11/05/2020,"Thomas Jefferson","Native American",5,0,0
11/05/2020,Arlington,"Native American",5,0,0
11/05/2020,"Virginia Beach","Native American",15,0,0
11/05/2020,Peninsula,"Native American",7,2,1
11/05/2020,Hampton,"Native American",3,0,1
11/05/2020,"West Piedmont","Native American",2,0,0
11/05/2020,"Cumberland Plateau, Lenowisco, and Mount Rogers","Native American",4,0,0
11/05/2020,Henrico,"Native American",12,0,0
11/05/2020,Norfolk,"Native American",10,1,1
11/05/2020,"Prince William","Native American",32,1,1
11/05/2020,"Central Virginia","Native American",9,0,0
11/05/2020,Chesterfield,"Native American",9,1,0
11/05/2020,Rappahannock,"Native American",6,0,0
11/05/2020,Loudoun,"Native American",6,0,0
11/05/2020,Alexandria,"Native American",4,0,0
11/05/2020,"Alleghany and Roanoke","Native American",5,0,0
11/05/2020,Crater,"Native American",7,1,1
11/05/2020,"Rappahannock Rapidan","Native American",3,0,0
11/05/2020,"Lord Fairfax","Native American",3,1,1
11/05/2020,"Pittsylvania-Danville and Southside","Native American",1,0,0
11/06/2020,"Rappahannock Rapidan","Not Reported",744,13,7
11/06/2020,Portsmouth,"Other Race",64,10,5
11/06/2020,"Western Tidewater","Two or more races",89,1,0
11/06/2020,Piedmont,White,899,76,28
11/06/2020,Chesterfield,Latino,2151,122,9
11/06/2020,Lenowisco,White,1609,111,24
11/06/2020,Lenowisco,"Two or more races",27,1,0
11/06/2020,Hampton,"Not Reported",570,2,1
11/06/2020,Southside,"Not Reported",699,8,5
11/06/2020,Roanoke,Black,659,39,9
11/06/2020,Hampton,Black,1059,75,23
11/06/2020,Alleghany,"Other Race",30,2,0
11/06/2020,Lenowisco,Latino,39,0,0
11/06/2020,Loudoun,"Other Race",289,19,3
11/06/2020,"Central Shenandoah",Latino,1276,60,6
11/06/2020,"Rappahannock Rapidan",Latino,899,65,8
11/06/2020,"Eastern Shore",Black,877,101,29
11/06/2020,Norfolk,Latino,429,30,0
11/06/2020,Hampton,"Two or more races",20,0,0
11/06/2020,Richmond,Black,1945,278,41
11/06/2020,Henrico,"Two or more races",98,7,2
11/06/2020,Fairfax,"Two or more races",154,6,0
11/06/2020,Alleghany,"Not Reported",945,5,1
11/06/2020,Portsmouth,"Not Reported",457,8,1
11/06/2020,"Cumberland Plateau","Other Race",7,1,0
11/06/2020,Southside,"Two or more races",86,0,0
11/06/2020,Portsmouth,White,451,48,13
11/06/2020,"Rappahannock Rapidan","Two or more races",44,3,0
11/06/2020,Fairfax,White,5459,577,318
11/06/2020,Fairfax,"Other Race",992,96,18
11/06/2020,Crater,"Two or more races",16,0,0
11/06/2020,"West Piedmont","Not Reported",807,22,3
11/06/2020,Henrico,"Other Race",222,18,1
11/06/2020,"Three Rivers",White,981,67,23
11/06/2020,"Central Virginia",Black,531,43,17
11/06/2020,Lenowisco,"Other Race",12,0,0
11/06/2020,"Three Rivers","Other Race",29,3,0
11/06/2020,"Western Tidewater",White,1307,80,77
11/06/2020,"Mount Rogers",Black,94,10,3
11/06/2020,"Three Rivers","Not Reported",303,6,2
11/06/2020,"Thomas Jefferson",Black,631,85,18
11/06/2020,"Eastern Shore",White,306,34,18
11/06/2020,"Central Virginia",White,2324,128,39
11/06/2020,Lenowisco,Black,59,2,1
11/06/2020,"Central Virginia","Two or more races",29,0,0
11/06/2020,Richmond,"Two or more races",53,2,1
11/06/2020,Crater,"Not Reported",1175,12,5
11/06/2020,Chesterfield,"Two or more races",58,6,0
11/06/2020,"New River",Latino,259,5,0
11/06/2020,Richmond,Latino,1476,118,8
11/06/2020,Portsmouth,Latino,99,11,1
11/06/2020,Pittsylvania-Danville,"Not Reported",817,15,2
11/06/2020,Chesapeake,"Not Reported",577,3,0
11/06/2020,Chickahominy,Latino,125,8,0
11/06/2020,Crater,Black,2556,225,75
11/06/2020,Chesterfield,Black,1623,146,36
11/06/2020,Chesterfield,"Other Race",181,14,0
11/06/2020,Peninsula,Black,1461,93,29
11/06/2020,Roanoke,White,869,31,38
11/06/2020,"New River",Black,281,5,1
11/06/2020,Southside,Latino,10,0,0
11/06/2020,Peninsula,Latino,462,24,2
11/06/2020,Rappahannock,"Two or more races",62,3,0
11/06/2020,"Virginia Beach",Black,2030,154,32
11/06/2020,"Mount Rogers","Not Reported",281,11,7
11/06/2020,Loudoun,"Not Reported",2011,4,0
11/06/2020,Chesapeake,"Other Race",65,5,1
11/06/2020,Chickahominy,"Two or more races",11,1,0
11/06/2020,Crater,"Other Race",71,0,1
11/06/2020,Norfolk,"Two or more races",60,4,0
11/06/2020,"Eastern Shore","Two or more races",1,1,0
11/06/2020,"Central Shenandoah",White,4313,226,72
11/06/2020,"New River","Other Race",20,0,0
11/06/2020,"New River",White,2978,69,28
11/06/2020,"Central Shenandoah","Other Race",101,2,0
11/06/2020,"West Piedmont",Black,619,103,19
11/06/2020,Alleghany,Latino,207,13,0
11/06/2020,"Central Shenandoah","Not Reported",1135,5,1
11/06/2020,Roanoke,"Two or more races",20,2,0
11/06/2020,Peninsula,"Two or more races",66,4,1
11/06/2020,Richmond,"Not Reported",804,1,1
11/06/2020,Arlington,"Other Race",120,12,4
11/06/2020,Norfolk,"Not Reported",1143,5,1
11/06/2020,Alexandria,"Other Race",114,10,2
11/06/2020,"Virginia Beach",White,3202,220,64
11/06/2020,Chesapeake,"Two or more races",68,3,0
11/06/2020,Alleghany,White,1845,95,40
11/06/2020,"Rappahannock Rapidan","Other Race",40,3,0
11/06/2020,Chickahominy,"Not Reported",564,2,1
11/06/2020,Portsmouth,Black,1782,239,49
11/06/2020,Chickahominy,"Other Race",28,3,0
11/06/2020,"Virginia Beach",Latino,594,32,4
11/06/2020,Chesapeake,White,1907,177,34
11/06/2020,Southside,Black,648,49,22
11/06/2020,Rappahannock,Latino,1540,115,9
11/06/2020,"Three Rivers","Two or more races",13,1,0
11/06/2020,Henrico,Black,2134,243,102
11/06/2020,Pittsylvania-Danville,Black,897,107,22
11/06/2020,"Lord Fairfax","Two or more races",28,0,0
11/06/2020,"Prince William",Latino,7549,700,79
11/06/2020,"Mount Rogers","Other Race",17,2,2
11/06/2020,"Central Shenandoah",Black,291,16,6
11/06/2020,Peninsula,White,1428,95,52
11/06/2020,"Eastern Shore","Not Reported",78,0,0
11/06/2020,"Thomas Jefferson","Other Race",180,5,1
11/06/2020,Hampton,"Other Race",73,2,1
11/06/2020,"Lord Fairfax","Not Reported",484,5,6
11/06/2020,"Central Virginia","Other Race",35,1,0
11/06/2020,"Western Tidewater","Other Race",100,1,2
11/06/2020,Crater,Latino,256,11,5
11/06/2020,Chesapeake,Latino,412,29,2
11/06/2020,Chesterfield,White,2443,188,92
11/06/2020,"Western Tidewater","Not Reported",1035,5,1
11/06/2020,Fairfax,"Not Reported",2686,40,26
11/06/2020,Arlington,Black,484,92,36
11/06/2020,"Central Virginia",Latino,113,8,4
11/06/2020,Alexandria,"Not Reported",260,3,1
11/06/2020,"Three Rivers",Black,808,60,15
11/06/2020,"Prince William","Two or more races",143,2,0
11/06/2020,Loudoun,"Two or more races",68,3,0
11/06/2020,Peninsula,"Other Race",187,3,0
11/06/2020,"Thomas Jefferson",White,2413,110,54
11/06/2020,Norfolk,"Other Race",106,5,2
11/06/2020,"Prince William","Not Reported",4389,23,1
11/06/2020,"West Piedmont",White,1623,174,66
11/06/2020,Rappahannock,Black,1073,111,20
11/06/2020,Norfolk,Black,2646,288,59
11/06/2020,Roanoke,Latino,510,33,0
11/06/2020,Piedmont,Latino,84,9,2
11/06/2020,Roanoke,"Not Reported",1032,2,0
11/06/2020,"Virginia Beach","Other Race",143,4,0
11/06/2020,Arlington,"Two or more races",53,4,0
11/06/2020,Alexandria,White,927,64,40
11/06/2020,"Lord Fairfax","Other Race",96,6,1
11/06/2020,"Thomas Jefferson","Not Reported",366,3,0
11/06/2020,"Virginia Beach","Not Reported",2115,18,2
11/06/2020,Loudoun,Black,395,37,7
11/06/2020,Pittsylvania-Danville,Latino,101,5,0
11/06/2020,"Cumberland Plateau","Not Reported",144,4,0
11/06/2020,Chesterfield,"Not Reported",1542,4,13
11/06/2020,"Mount Rogers",White,3520,304,141
11/06/2020,Richmond,White,1089,54,24
11/06/2020,Lenowisco,"Not Reported",226,5,4
11/06/2020,"Three Rivers",Latino,196,6,1
11/06/2020,Piedmont,"Not Reported",873,12,2
11/06/2020,"Mount Rogers",Latino,323,7,0
11/06/2020,"Central Shenandoah","Two or more races",63,1,0
11/06/2020,Crater,White,1195,69,31
11/06/2020,Arlington,White,1536,147,74
11/06/2020,Pittsylvania-Danville,"Other Race",5,0,0
11/06/2020,Chickahominy,Black,447,60,12
11/06/2020,Fairfax,Black,2064,265,64
11/06/2020,"Eastern Shore",Latino,282,11,3
11/06/2020,Norfolk,White,1177,74,22
11/06/2020,"Mount Rogers","Two or more races",13,1,0
11/06/2020,Alleghany,"Two or more races",22,0,0
11/06/2020,Southside,White,511,33,20
11/06/2020,"Thomas Jefferson","Two or more races",104,4,0
11/06/2020,"Prince William",Black,1846,194,59
11/06/2020,"Lord Fairfax",White,2585,258,110
11/06/2020,"Cumberland Plateau",Latino,16,0,0
11/06/2020,Arlington,"Not Reported",469,2,0
11/06/2020,Rappahannock,"Other Race",167,4,0
11/06/2020,"Rappahannock Rapidan",Black,348,41,12
11/06/2020,"New River","Two or more races",97,4,0
11/06/2020,Arlington,Latino,2006,258,27
11/06/2020,Henrico,White,1977,165,117
11/06/2020,Loudoun,White,2131,135,95
11/06/2020,Hampton,White,392,15,7
11/06/2020,Alleghany,Black,228,9,4
11/06/2020,"Prince William",White,2380,206,98
11/06/2020,Rappahannock,White,1967,172,61
11/06/2020,Southside,"Other Race",16,1,1
11/06/2020,Portsmouth,"Two or more races",24,6,0
11/06/2020,"Western Tidewater",Black,2135,152,71
11/06/2020,Hampton,Latino,96,5,0
11/06/2020,Henrico,"Not Reported",1040,3,3
11/06/2020,"West Piedmont","Two or more races",16,0,0
11/06/2020,Peninsula,"Not Reported",1692,3,0
11/06/2020,Loudoun,Latino,2758,238,17
11/06/2020,Alexandria,Black,927,103,19
11/06/2020,Piedmont,Black,741,80,24
11/06/2020,Roanoke,"Other Race",38,1,0
11/06/2020,Alexandria,"Two or more races",31,2,0
11/06/2020,"Western Tidewater",Latino,61,1,2
11/06/2020,Rappahannock,"Not Reported",1579,26,0
11/06/2020,"West Piedmont","Other Race",13,1,1
11/06/2020,Chickahominy,White,1362,132,47
11/06/2020,"Thomas Jefferson",Latino,771,34,3
11/06/2020,"Cumberland Plateau",Black,59,0,0
11/06/2020,"Lord Fairfax",Latino,917,61,9
11/06/2020,"West Piedmont",Latino,307,12,1
11/06/2020,"Cumberland Plateau",White,1391,101,15
11/06/2020,"Eastern Shore","Other Race",13,1,0
11/06/2020,"Cumberland Plateau","Two or more races",10,0,0
11/06/2020,Pittsylvania-Danville,"Two or more races",8,0,0
11/06/2020,Piedmont,"Other Race",19,0,0
11/06/2020,Alexandria,Latino,2015,138,13
11/06/2020,Chesapeake,Black,2029,262,37
11/06/2020,Richmond,"Other Race",185,8,2
11/06/2020,Henrico,Latino,1012,61,11
11/06/2020,Piedmont,"Two or more races",8,2,0
11/06/2020,"Prince William","Other Race",684,25,0
11/06/2020,"New River","Not Reported",1108,12,0
11/06/2020,"Rappahannock Rapidan",White,1200,71,28
11/06/2020,"Central Virginia","Not Reported",2263,28,6
11/06/2020,"Virginia Beach","Two or more races",98,5,2
11/06/2020,Pittsylvania-Danville,White,896,87,39
11/06/2020,"Lord Fairfax",Black,180,26,7
11/06/2020,Fairfax,Latino,11517,1082,105
11/06/2020,Chesterfield,"Asian or Pacific Islander",126,7,1
11/06/2020,Crater,"Asian or Pacific Islander",33,0,0
11/06/2020,Fairfax,"Asian or Pacific Islander",2243,286,77
11/06/2020,Hampton,"Asian or Pacific Islander",20,0,0
11/06/2020,"Rappahannock Rapidan","Asian or Pacific Islander",19,1,0
11/06/2020,"Mount Rogers","Asian or Pacific Islander",7,1,0
11/06/2020,"New River","Asian or Pacific Islander",131,0,0
11/06/2020,"Central Virginia","Asian or Pacific Islander",39,1,0
11/06/2020,"Lord Fairfax","Asian or Pacific Islander",21,1,0
11/06/2020,Southside,"Asian or Pacific Islander",3,0,0
11/06/2020,Alleghany,"Asian or Pacific Islander",42,0,0
11/06/2020,Portsmouth,"Asian or Pacific Islander",21,1,0
11/06/2020,Roanoke,"Asian or Pacific Islander",47,3,0
11/06/2020,Richmond,"Asian or Pacific Islander",70,5,1
11/06/2020,"Thomas Jefferson","Asian or Pacific Islander",144,1,1
11/06/2020,"Virginia Beach","Asian or Pacific Islander",342,30,6
11/06/2020,Henrico,"Asian or Pacific Islander",267,13,4
11/06/2020,Piedmont,"Asian or Pacific Islander",13,0,1
11/06/2020,"Western Tidewater","Asian or Pacific Islander",23,2,3
11/06/2020,"West Piedmont","Asian or Pacific Islander",14,2,1
11/06/2020,Chickahominy,"Asian or Pacific Islander",19,1,0
11/06/2020,Peninsula,"Asian or Pacific Islander",72,5,7
11/06/2020,Norfolk,"Asian or Pacific Islander",78,9,0
11/06/2020,Arlington,"Asian or Pacific Islander",246,28,13
11/06/2020,Loudoun,"Asian or Pacific Islander",567,62,12
11/06/2020,Alexandria,"Asian or Pacific Islander",166,11,1
11/06/2020,Rappahannock,"Asian or Pacific Islander",118,11,3
11/06/2020,Chesapeake,"Asian or Pacific Islander",98,12,6
11/06/2020,"Cumberland Plateau and Lenowisco","Asian or Pacific Islander",2,0,0
11/06/2020,"Central Shenandoah","Asian or Pacific Islander",99,2,0
11/06/2020,"Prince William","Asian or Pacific Islander",737,63,21
11/06/2020,Pittsylvania-Danville,"Asian or Pacific Islander",4,0,0
11/06/2020,"Eastern Shore and Three Rivers","Asian or Pacific Islander",14,1,0
11/06/2020,Piedmont,"Native American",6,0,0
11/06/2020,"New River","Native American",5,0,0
11/06/2020,"Central Shenandoah","Native American",4,1,0
11/06/2020,"Eastern Shore and Three Rivers","Native American",4,0,0
11/06/2020,Fairfax,"Native American",37,1,1
11/06/2020,Chesapeake,"Native American",12,0,0
11/06/2020,"Western Tidewater","Native American",3,0,0
11/06/2020,Portsmouth,"Native American",4,2,0
11/06/2020,Richmond,"Native American",3,0,0
11/06/2020,Chickahominy,"Native American",12,1,0
11/06/2020,"Thomas Jefferson","Native American",5,0,0
11/06/2020,Arlington,"Native American",5,0,0
11/06/2020,"Virginia Beach","Native American",16,0,0
11/06/2020,Peninsula,"Native American",7,2,1
11/06/2020,Hampton,"Native American",3,0,1
11/06/2020,"West Piedmont","Native American",2,0,0
11/06/2020,"Cumberland Plateau, Lenowisco, and Mount Rogers","Native American",4,0,0
11/06/2020,Henrico,"Native American",12,0,0
11/06/2020,Norfolk,"Native American",10,1,1
11/06/2020,"Prince William","Native American",33,1,1
11/06/2020,"Central Virginia","Native American",9,0,0
11/06/2020,Chesterfield,"Native American",10,1,0
11/06/2020,Rappahannock,"Native American",6,0,0
11/06/2020,Loudoun,"Native American",6,0,0
11/06/2020,Alexandria,"Native American",4,0,0
11/06/2020,"Alleghany and Roanoke","Native American",5,0,0
11/06/2020,Crater,"Native American",7,1,1
11/06/2020,"Rappahannock Rapidan","Native American",3,0,0
11/06/2020,"Lord Fairfax","Native American",3,1,1
11/06/2020,"Pittsylvania-Danville and Southside","Native American",1,0,0
11/07/2020,"Rappahannock Rapidan","Not Reported",750,13,7
11/07/2020,Portsmouth,"Other Race",65,11,5
11/07/2020,"Western Tidewater","Two or more races",85,1,0
11/07/2020,Piedmont,White,919,77,28
11/07/2020,Chesterfield,Latino,2180,122,9
11/07/2020,Lenowisco,White,1696,113,25
11/07/2020,Lenowisco,"Two or more races",28,1,0
11/07/2020,Hampton,"Not Reported",579,2,1
11/07/2020,Southside,"Not Reported",702,8,5
11/07/2020,Roanoke,Black,664,39,9
11/07/2020,Hampton,Black,1065,75,23
11/07/2020,Alleghany,"Other Race",31,2,0
11/07/2020,Lenowisco,Latino,41,0,0
11/07/2020,Loudoun,"Other Race",303,18,3
11/07/2020,"Central Shenandoah",Latino,1288,61,6
11/07/2020,"Rappahannock Rapidan",Latino,900,66,8
11/07/2020,"Eastern Shore",Black,877,102,29
11/07/2020,Norfolk,Latino,435,30,0
11/07/2020,Hampton,"Two or more races",20,0,0
11/07/2020,Richmond,Black,1950,279,41
11/07/2020,Henrico,"Two or more races",99,7,2
11/07/2020,Fairfax,"Two or more races",155,6,0
11/07/2020,Alleghany,"Not Reported",955,5,1
11/07/2020,Portsmouth,"Not Reported",462,10,2
11/07/2020,"Cumberland Plateau","Other Race",7,1,0
11/07/2020,Southside,"Two or more races",86,0,0
11/07/2020,Portsmouth,White,453,48,13
11/07/2020,"Rappahannock Rapidan","Two or more races",44,3,0
11/07/2020,Fairfax,White,5515,578,320
11/07/2020,Fairfax,"Other Race",1003,96,19
11/07/2020,Crater,"Two or more races",16,0,0
11/07/2020,"West Piedmont","Not Reported",808,22,3
11/07/2020,Henrico,"Other Race",226,18,1
11/07/2020,"Three Rivers",White,986,67,23
11/07/2020,"Central Virginia",Black,535,43,17
11/07/2020,Lenowisco,"Other Race",12,0,0
11/07/2020,"Three Rivers","Other Race",29,3,0
11/07/2020,"Western Tidewater",White,1317,80,77
11/07/2020,"Mount Rogers",Black,96,10,3
11/07/2020,"Three Rivers","Not Reported",304,6,2
11/07/2020,"Thomas Jefferson",Black,634,85,18
11/07/2020,"Eastern Shore",White,307,34,18
11/07/2020,"Central Virginia",White,2367,129,39
11/07/2020,Lenowisco,Black,62,3,1
11/07/2020,"Central Virginia","Two or more races",29,0,0
11/07/2020,Richmond,"Two or more races",54,2,1
11/07/2020,Crater,"Not Reported",1187,12,5
11/07/2020,Chesterfield,"Two or more races",59,6,0
11/07/2020,"New River",Latino,260,5,0
11/07/2020,Richmond,Latino,1478,119,8
11/07/2020,Portsmouth,Latino,100,11,1
11/07/2020,Pittsylvania-Danville,"Not Reported",805,15,2
11/07/2020,Chesapeake,"Not Reported",579,3,0
11/07/2020,Chickahominy,Latino,126,8,0
11/07/2020,Crater,Black,2570,225,75
11/07/2020,Chesterfield,Black,1638,147,36
11/07/2020,Chesterfield,"Other Race",187,15,0
11/07/2020,Peninsula,Black,1472,94,29
11/07/2020,Roanoke,White,886,31,38
11/07/2020,"New River",Black,283,5,1
11/07/2020,Southside,Latino,10,0,0
11/07/2020,Peninsula,Latino,463,24,2
11/07/2020,Rappahannock,"Two or more races",64,3,0
11/07/2020,"Virginia Beach",Black,2046,155,32
11/07/2020,"Mount Rogers","Not Reported",286,12,7
11/07/2020,Loudoun,"Not Reported",2018,4,0
11/07/2020,Chesapeake,"Other Race",66,5,1
11/07/2020,Chickahominy,"Two or more races",11,1,0
11/07/2020,Crater,"Other Race",71,0,1
11/07/2020,Norfolk,"Two or more races",60,4,0
11/07/2020,"Eastern Shore","Two or more races",1,1,0
11/07/2020,"Central Shenandoah",White,4376,226,72
11/07/2020,"New River","Other Race",20,0,0
11/07/2020,"New River",White,3033,72,29
11/07/2020,"Central Shenandoah","Other Race",102,2,0
11/07/2020,"West Piedmont",Black,628,103,19
11/07/2020,Alleghany,Latino,210,13,0
11/07/2020,"Central Shenandoah","Not Reported",1162,5,1
11/07/2020,Roanoke,"Two or more races",20,2,0
11/07/2020,Peninsula,"Two or more races",66,4,1
11/07/2020,Richmond,"Not Reported",820,1,1
11/07/2020,Arlington,"Other Race",125,13,4
11/07/2020,Norfolk,"Not Reported",1159,5,1
11/07/2020,Alexandria,"Other Race",119,10,2
11/07/2020,"Virginia Beach",White,3243,220,64
11/07/2020,Chesapeake,"Two or more races",70,3,0
11/07/2020,Alleghany,White,1934,97,40
11/07/2020,"Rappahannock Rapidan","Other Race",41,4,0
11/07/2020,Chickahominy,"Not Reported",577,2,1
11/07/2020,Portsmouth,Black,1789,247,49
11/07/2020,Chickahominy,"Other Race",28,3,0
11/07/2020,"Virginia Beach",Latino,607,32,4
11/07/2020,Chesapeake,White,1932,182,34
11/07/2020,Southside,Black,655,49,22
11/07/2020,Rappahannock,Latino,1549,117,10
11/07/2020,"Three Rivers","Two or more races",14,1,0
11/07/2020,Henrico,Black,2146,245,102
11/07/2020,Pittsylvania-Danville,Black,913,111,22
11/07/2020,"Lord Fairfax","Two or more races",28,0,0
11/07/2020,"Prince William",Latino,7594,701,79
11/07/2020,"Mount Rogers","Other Race",17,2,2
11/07/2020,"Central Shenandoah",Black,293,16,6
11/07/2020,Peninsula,White,1444,95,52
11/07/2020,"Eastern Shore","Not Reported",78,0,0
11/07/2020,"Thomas Jefferson","Other Race",180,5,1
11/07/2020,Hampton,"Other Race",73,2,1
11/07/2020,"Lord Fairfax","Not Reported",491,5,6
11/07/2020,"Central Virginia","Other Race",35,1,0
11/07/2020,"Western Tidewater","Other Race",94,1,2
11/07/2020,Crater,Latino,258,11,5
11/07/2020,Chesapeake,Latino,417,29,2
11/07/2020,Chesterfield,White,2490,189,92
11/07/2020,"Western Tidewater","Not Reported",1035,5,1
11/07/2020,Fairfax,"Not Reported",2724,40,30
11/07/2020,Arlington,Black,486,92,36
11/07/2020,"Central Virginia",Latino,114,8,4
11/07/2020,Alexandria,"Not Reported",270,3,1
11/07/2020,"Three Rivers",Black,814,60,15
11/07/2020,"Prince William","Two or more races",145,2,0
11/07/2020,Loudoun,"Two or more races",74,4,0
11/07/2020,Peninsula,"Other Race",189,3,0
11/07/2020,"Thomas Jefferson",White,2436,114,54
11/07/2020,Norfolk,"Other Race",108,5,2
11/07/2020,"Prince William","Not Reported",4362,23,1
11/07/2020,"West Piedmont",White,1670,177,66
11/07/2020,Rappahannock,Black,1075,111,20
11/07/2020,Norfolk,Black,2657,289,59
11/07/2020,Roanoke,Latino,515,33,0
11/07/2020,Piedmont,Latino,84,9,2
11/07/2020,Roanoke,"Not Reported",1052,2,0
11/07/2020,"Virginia Beach","Other Race",142,4,0
11/07/2020,Arlington,"Two or more races",54,4,0
11/07/2020,Alexandria,White,935,64,40
11/07/2020,"Lord Fairfax","Other Race",98,6,1
11/07/2020,"Thomas Jefferson","Not Reported",369,3,0
11/07/2020,"Virginia Beach","Not Reported",2131,18,2
11/07/2020,Loudoun,Black,399,37,7
11/07/2020,Pittsylvania-Danville,Latino,105,5,0
11/07/2020,"Cumberland Plateau","Not Reported",156,4,0
11/07/2020,Chesterfield,"Not Reported",1533,3,13
11/07/2020,"Mount Rogers",White,3609,310,141
11/07/2020,Richmond,White,1105,54,24
11/07/2020,Lenowisco,"Not Reported",231,6,5
11/07/2020,"Three Rivers",Latino,196,6,1
11/07/2020,Piedmont,"Not Reported",880,13,2
11/07/2020,"Mount Rogers",Latino,328,7,0
11/07/2020,"Central Shenandoah","Two or more races",62,1,0
11/07/2020,Crater,White,1202,69,31
11/07/2020,Arlington,White,1558,147,74
11/07/2020,Pittsylvania-Danville,"Other Race",5,0,0
11/07/2020,Chickahominy,Black,455,60,12
11/07/2020,Fairfax,Black,2078,265,66
11/07/2020,"Eastern Shore",Latino,283,11,3
11/07/2020,Norfolk,White,1191,74,22
11/07/2020,"Mount Rogers","Two or more races",13,1,0
11/07/2020,Alleghany,"Two or more races",22,0,0
11/07/2020,Southside,White,518,34,20
11/07/2020,"Thomas Jefferson","Two or more races",106,4,0
11/07/2020,"Prince William",Black,1860,194,59
11/07/2020,"Lord Fairfax",White,2631,262,110
11/07/2020,"Cumberland Plateau",Latino,16,0,0
11/07/2020,Arlington,"Not Reported",479,3,0
11/07/2020,Rappahannock,"Other Race",174,4,0
11/07/2020,"Rappahannock Rapidan",Black,349,42,12
11/07/2020,"New River","Two or more races",99,4,0
11/07/2020,Arlington,Latino,2013,258,27
11/07/2020,Henrico,White,1994,166,118
11/07/2020,Loudoun,White,2166,139,95
11/07/2020,Hampton,White,406,15,8
11/07/2020,Alleghany,Black,236,10,4
11/07/2020,"Prince William",White,2407,206,98
11/07/2020,Rappahannock,White,1983,173,61
11/07/2020,Southside,"Other Race",16,1,1
11/07/2020,Portsmouth,"Two or more races",24,6,0
11/07/2020,"Western Tidewater",Black,2145,151,71
11/07/2020,Hampton,Latino,97,5,0
11/07/2020,Henrico,"Not Reported",1068,4,3
11/07/2020,"West Piedmont","Two or more races",16,0,0
11/07/2020,Peninsula,"Not Reported",1700,3,0
11/07/2020,Loudoun,Latino,2774,241,17
11/07/2020,Alexandria,Black,933,104,19
11/07/2020,Piedmont,Black,747,80,24
11/07/2020,Roanoke,"Other Race",38,1,0
11/07/2020,Alexandria,"Two or more races",31,2,0
11/07/2020,"Western Tidewater",Latino,62,1,2
11/07/2020,Rappahannock,"Not Reported",1589,26,0
11/07/2020,"West Piedmont","Other Race",14,2,1
11/07/2020,Chickahominy,White,1391,131,48
11/07/2020,"Thomas Jefferson",Latino,775,34,3
11/07/2020,"Cumberland Plateau",Black,60,0,0
11/07/2020,"Lord Fairfax",Latino,921,61,9
11/07/2020,"West Piedmont",Latino,309,12,1
11/07/2020,"Cumberland Plateau",White,1468,102,15
11/07/2020,"Eastern Shore","Other Race",13,1,0
11/07/2020,"Cumberland Plateau","Two or more races",10,0,0
11/07/2020,Pittsylvania-Danville,"Two or more races",8,0,0
11/07/2020,Piedmont,"Other Race",19,0,0
11/07/2020,Alexandria,Latino,2022,138,13
11/07/2020,Chesapeake,Black,2054,263,37
11/07/2020,Richmond,"Other Race",185,8,2
11/07/2020,Henrico,Latino,1017,61,11
11/07/2020,Piedmont,"Two or more races",9,2,0
11/07/2020,"Prince William","Other Race",710,25,0
11/07/2020,"New River","Not Reported",1141,12,0
11/07/2020,"Rappahannock Rapidan",White,1211,71,28
11/07/2020,"Central Virginia","Not Reported",2295,28,6
11/07/2020,"Virginia Beach","Two or more races",100,5,2
11/07/2020,Pittsylvania-Danville,White,913,88,39
11/07/2020,"Lord Fairfax",Black,180,26,7
11/07/2020,Fairfax,Latino,11572,1082,106
11/07/2020,Chesterfield,"Asian or Pacific Islander",128,7,1
11/07/2020,Crater,"Asian or Pacific Islander",35,0,0
11/07/2020,Fairfax,"Asian or Pacific Islander",2259,287,79
11/07/2020,Hampton,"Asian or Pacific Islander",20,0,0
11/07/2020,"Rappahannock Rapidan","Asian or Pacific Islander",22,1,0
11/07/2020,"Mount Rogers","Asian or Pacific Islander",7,1,0
11/07/2020,"New River","Asian or Pacific Islander",133,0,0
11/07/2020,"Central Virginia","Asian or Pacific Islander",40,1,0
11/07/2020,"Lord Fairfax","Asian or Pacific Islander",21,1,0
11/07/2020,Southside,"Asian or Pacific Islander",3,0,0
11/07/2020,Alleghany,"Asian or Pacific Islander",44,0,0
11/07/2020,Portsmouth,"Asian or Pacific Islander",21,1,0
11/07/2020,Roanoke,"Asian or Pacific Islander",48,3,0
11/07/2020,Richmond,"Asian or Pacific Islander",70,5,1
11/07/2020,"Thomas Jefferson","Asian or Pacific Islander",144,1,1
11/07/2020,"Virginia Beach","Asian or Pacific Islander",346,30,8
11/07/2020,Henrico,"Asian or Pacific Islander",269,13,4
11/07/2020,Piedmont,"Asian or Pacific Islander",13,0,1
11/07/2020,"Western Tidewater","Asian or Pacific Islander",23,2,3
11/07/2020,"West Piedmont","Asian or Pacific Islander",15,2,1
11/07/2020,Chickahominy,"Asian or Pacific Islander",20,1,0
11/07/2020,Peninsula,"Asian or Pacific Islander",73,5,7
11/07/2020,Norfolk,"Asian or Pacific Islander",80,9,0
11/07/2020,Arlington,"Asian or Pacific Islander",250,28,13
11/07/2020,Loudoun,"Asian or Pacific Islander",573,62,12
11/07/2020,Alexandria,"Asian or Pacific Islander",167,11,1
11/07/2020,Rappahannock,"Asian or Pacific Islander",119,11,3
11/07/2020,Chesapeake,"Asian or Pacific Islander",99,12,6
11/07/2020,"Cumberland Plateau and Lenowisco","Asian or Pacific Islander",3,0,0
11/07/2020,"Central Shenandoah","Asian or Pacific Islander",100,2,0
11/07/2020,"Prince William","Asian or Pacific Islander",743,63,21
11/07/2020,Pittsylvania-Danville,"Asian or Pacific Islander",4,0,0
11/07/2020,"Eastern Shore and Three Rivers","Asian or Pacific Islander",14,1,0
11/07/2020,Piedmont,"Native American",6,0,0
11/07/2020,"New River","Native American",5,0,0
11/07/2020,"Central Shenandoah","Native American",4,1,0
11/07/2020,"Eastern Shore and Three Rivers","Native American",4,0,0
11/07/2020,Fairfax,"Native American",37,1,1
11/07/2020,Chesapeake,"Native American",12,0,0
11/07/2020,"Western Tidewater","Native American",4,0,0
11/07/2020,Portsmouth,"Native American",4,2,0
11/07/2020,Richmond,"Native American",3,0,0
11/07/2020,Chickahominy,"Native American",13,1,0
11/07/2020,"Thomas Jefferson","Native American",5,0,0
11/07/2020,Arlington,"Native American",5,0,0
11/07/2020,"Virginia Beach","Native American",16,0,0
11/07/2020,Peninsula,"Native American",7,2,1
11/07/2020,Hampton,"Native American",3,0,1
11/07/2020,"West Piedmont","Native American",2,0,0
11/07/2020,"Cumberland Plateau, Lenowisco, and Mount Rogers","Native American",6,0,0
11/07/2020,Henrico,"Native American",14,0,0
11/07/2020,Norfolk,"Native American",11,1,1
11/07/2020,"Prince William","Native American",33,1,1
11/07/2020,"Central Virginia","Native American",9,0,0
11/07/2020,Chesterfield,"Native American",10,1,0
11/07/2020,Rappahannock,"Native American",6,0,0
11/07/2020,Loudoun,"Native American",6,0,0
11/07/2020,Alexandria,"Native American",4,0,0
11/07/2020,"Alleghany and Roanoke","Native American",5,0,0
11/07/2020,Crater,"Native American",7,1,1
11/07/2020,"Rappahannock Rapidan","Native American",3,0,0
11/07/2020,"Lord Fairfax","Native American",3,1,1
11/07/2020,"Pittsylvania-Danville and Southside","Native American",1,0,0
11/08/2020,"Rappahannock Rapidan","Not Reported",753,13,7
11/08/2020,Portsmouth,"Other Race",65,11,5
11/08/2020,"Western Tidewater","Two or more races",85,1,0
11/08/2020,Piedmont,White,923,77,28
11/08/2020,Chesterfield,Latino,2190,122,9
11/08/2020,Lenowisco,White,1723,115,25
11/08/2020,Lenowisco,"Two or more races",28,1,0
11/08/2020,Hampton,"Not Reported",579,2,1
11/08/2020,Southside,"Not Reported",701,8,5
11/08/2020,Roanoke,Black,671,39,9
11/08/2020,Hampton,Black,1068,76,23
11/08/2020,Alleghany,"Other Race",32,2,0
11/08/2020,Lenowisco,Latino,48,0,0
11/08/2020,Loudoun,"Other Race",311,18,3
11/08/2020,"Central Shenandoah",Latino,1288,62,6
11/08/2020,"Rappahannock Rapidan",Latino,903,66,8
11/08/2020,"Eastern Shore",Black,879,103,29
11/08/2020,Norfolk,Latino,437,30,0
11/08/2020,Hampton,"Two or more races",20,0,0
11/08/2020,Richmond,Black,1968,279,41
11/08/2020,Henrico,"Two or more races",100,7,2
11/08/2020,Fairfax,"Two or more races",156,6,0
11/08/2020,Alleghany,"Not Reported",966,5,1
11/08/2020,Portsmouth,"Not Reported",466,10,2
11/08/2020,"Cumberland Plateau","Other Race",7,1,0
11/08/2020,Southside,"Two or more races",86,0,0
11/08/2020,Portsmouth,White,455,48,13
11/08/2020,"Rappahannock Rapidan","Two or more races",44,3,0
11/08/2020,Fairfax,White,5563,580,320
11/08/2020,Fairfax,"Other Race",1012,98,19
11/08/2020,Crater,"Two or more races",16,0,0
11/08/2020,"West Piedmont","Not Reported",814,22,3
11/08/2020,Henrico,"Other Race",228,19,1
11/08/2020,"Three Rivers",White,992,67,23
11/08/2020,"Central Virginia",Black,537,43,17
11/08/2020,Lenowisco,"Other Race",12,0,0
11/08/2020,"Three Rivers","Other Race",29,3,0
11/08/2020,"Western Tidewater",White,1320,80,77
11/08/2020,"Mount Rogers",Black,97,10,3
11/08/2020,"Three Rivers","Not Reported",308,6,2
11/08/2020,"Thomas Jefferson",Black,638,86,18
11/08/2020,"Eastern Shore",White,307,34,18
11/08/2020,"Central Virginia",White,2386,129,39
11/08/2020,Lenowisco,Black,70,3,1
11/08/2020,"Central Virginia","Two or more races",28,0,0
11/08/2020,Richmond,"Two or more races",54,2,1
11/08/2020,Crater,"Not Reported",1195,12,5
11/08/2020,Chesterfield,"Two or more races",59,6,0
11/08/2020,"New River",Latino,260,5,0
11/08/2020,Richmond,Latino,1484,118,8
11/08/2020,Portsmouth,Latino,100,11,1
11/08/2020,Pittsylvania-Danville,"Not Reported",807,15,2
11/08/2020,Chesapeake,"Not Reported",593,3,0
11/08/2020,Chickahominy,Latino,128,8,0
11/08/2020,Crater,Black,2578,225,75
11/08/2020,Chesterfield,Black,1643,147,36
11/08/2020,Chesterfield,"Other Race",191,15,0
11/08/2020,Peninsula,Black,1478,94,29
11/08/2020,Roanoke,White,897,32,38
11/08/2020,"New River",Black,283,5,1
11/08/2020,Southside,Latino,10,0,0
11/08/2020,Peninsula,Latino,466,24,2
11/08/2020,Rappahannock,"Two or more races",66,3,0
11/08/2020,"Virginia Beach",Black,2052,155,32
11/08/2020,"Mount Rogers","Not Reported",294,12,7
11/08/2020,Loudoun,"Not Reported",2021,4,0
11/08/2020,Chesapeake,"Other Race",66,5,1
11/08/2020,Chickahominy,"Two or more races",11,1,0
11/08/2020,Crater,"Other Race",72,0,1
11/08/2020,Norfolk,"Two or more races",60,4,0
11/08/2020,"Eastern Shore","Two or more races",1,1,0
11/08/2020,"Central Shenandoah",White,4381,227,72
11/08/2020,"New River","Other Race",21,0,0
11/08/2020,"New River",White,3056,72,29
11/08/2020,"Central Shenandoah","Other Race",102,2,0
11/08/2020,"West Piedmont",Black,632,103,19
11/08/2020,Alleghany,Latino,211,13,0
11/08/2020,"Central Shenandoah","Not Reported",1160,5,1
11/08/2020,Roanoke,"Two or more races",20,2,0
11/08/2020,Peninsula,"Two or more races",67,4,1
11/08/2020,Richmond,"Not Reported",845,1,1
11/08/2020,Arlington,"Other Race",131,13,4
11/08/2020,Norfolk,"Not Reported",1169,5,1
11/08/2020,Alexandria,"Other Race",119,10,2
11/08/2020,"Virginia Beach",White,3265,221,64
11/08/2020,Chesapeake,"Two or more races",70,3,0
11/08/2020,Alleghany,White,1955,97,40
11/08/2020,"Rappahannock Rapidan","Other Race",42,4,0
11/08/2020,Chickahominy,"Not Reported",581,3,1
11/08/2020,Portsmouth,Black,1791,248,49
11/08/2020,Chickahominy,"Other Race",28,3,0
11/08/2020,"Virginia Beach",Latino,610,32,4
11/08/2020,Chesapeake,White,1943,182,34
11/08/2020,Southside,Black,658,49,22
11/08/2020,Rappahannock,Latino,1555,117,10
11/08/2020,"Three Rivers","Two or more races",14,1,0
11/08/2020,Henrico,Black,2166,249,102
11/08/2020,Pittsylvania-Danville,Black,922,112,22
11/08/2020,"Lord Fairfax","Two or more races",29,0,0
11/08/2020,"Prince William",Latino,7618,701,79
11/08/2020,"Mount Rogers","Other Race",18,2,2
11/08/2020,"Central Shenandoah",Black,294,16,6
11/08/2020,Peninsula,White,1456,95,52
11/08/2020,"Eastern Shore","Not Reported",78,0,0
11/08/2020,"Thomas Jefferson","Other Race",181,5,1
11/08/2020,Hampton,"Other Race",74,2,1
11/08/2020,"Lord Fairfax","Not Reported",490,5,6
11/08/2020,"Central Virginia","Other Race",34,1,0
11/08/2020,"Western Tidewater","Other Race",94,1,2
11/08/2020,Crater,Latino,260,11,5
11/08/2020,Chesapeake,Latino,420,29,2
11/08/2020,Chesterfield,White,2516,189,92
11/08/2020,"Western Tidewater","Not Reported",1035,5,1
11/08/2020,Fairfax,"Not Reported",2794,41,30
11/08/2020,Arlington,Black,488,92,36
11/08/2020,"Central Virginia",Latino,115,8,4
11/08/2020,Alexandria,"Not Reported",273,3,1
11/08/2020,"Three Rivers",Black,816,60,15
11/08/2020,"Prince William","Two or more races",147,2,0
11/08/2020,Loudoun,"Two or more races",74,4,0
11/08/2020,Peninsula,"Other Race",194,3,0
11/08/2020,"Thomas Jefferson",White,2450,114,54
11/08/2020,Norfolk,"Other Race",109,5,2
11/08/2020,"Prince William","Not Reported",4395,23,1
11/08/2020,"West Piedmont",White,1681,177,66
11/08/2020,Rappahannock,Black,1079,111,20
11/08/2020,Norfolk,Black,2663,290,59
11/08/2020,Roanoke,Latino,517,33,0
11/08/2020,Piedmont,Latino,84,9,2
11/08/2020,Roanoke,"Not Reported",1049,2,0
11/08/2020,"Virginia Beach","Other Race",143,4,0
11/08/2020,Arlington,"Two or more races",54,4,0
11/08/2020,Alexandria,White,943,64,40
11/08/2020,"Lord Fairfax","Other Race",98,6,1
11/08/2020,"Thomas Jefferson","Not Reported",372,3,0
11/08/2020,"Virginia Beach","Not Reported",2164,18,2
11/08/2020,Loudoun,Black,400,37,7
11/08/2020,Pittsylvania-Danville,Latino,105,5,0
11/08/2020,"Cumberland Plateau","Not Reported",160,4,0
11/08/2020,Chesterfield,"Not Reported",1559,3,13
11/08/2020,"Mount Rogers",White,3643,313,141
11/08/2020,Richmond,White,1116,55,24
11/08/2020,Lenowisco,"Not Reported",233,6,5
11/08/2020,"Three Rivers",Latino,196,6,1
11/08/2020,Piedmont,"Not Reported",883,13,2
11/08/2020,"Mount Rogers",Latino,330,7,0
11/08/2020,"Central Shenandoah","Two or more races",62,1,0
11/08/2020,Crater,White,1211,69,31
11/08/2020,Arlington,White,1575,147,74
11/08/2020,Pittsylvania-Danville,"Other Race",5,0,0
11/08/2020,Chickahominy,Black,461,60,12
11/08/2020,Fairfax,Black,2089,268,66
11/08/2020,"Eastern Shore",Latino,283,11,3
11/08/2020,Norfolk,White,1198,74,22
11/08/2020,"Mount Rogers","Two or more races",13,1,0
11/08/2020,Alleghany,"Two or more races",22,0,0
11/08/2020,Southside,White,520,34,21
11/08/2020,"Thomas Jefferson","Two or more races",106,4,0
11/08/2020,"Prince William",Black,1876,194,59
11/08/2020,"Lord Fairfax",White,2660,264,111
11/08/2020,"Cumberland Plateau",Latino,16,0,0
11/08/2020,Arlington,"Not Reported",502,3,0
11/08/2020,Rappahannock,"Other Race",179,4,0
11/08/2020,"Rappahannock Rapidan",Black,350,42,12
11/08/2020,"New River","Two or more races",100,4,0
11/08/2020,Arlington,Latino,2030,258,28
11/08/2020,Henrico,White,2008,167,118
11/08/2020,Loudoun,White,2172,139,95
11/08/2020,Hampton,White,409,15,8
11/08/2020,Alleghany,Black,239,10,4
11/08/2020,"Prince William",White,2431,206,98
11/08/2020,Rappahannock,White,2004,173,61
11/08/2020,Southside,"Other Race",16,1,1
11/08/2020,Portsmouth,"Two or more races",24,6,0
11/08/2020,"Western Tidewater",Black,2150,151,71
11/08/2020,Hampton,Latino,97,5,0
11/08/2020,Henrico,"Not Reported",1093,3,3
11/08/2020,"West Piedmont","Two or more races",17,0,0
11/08/2020,Peninsula,"Not Reported",1716,3,0
11/08/2020,Loudoun,Latino,2776,241,17
11/08/2020,Alexandria,Black,936,105,19
11/08/2020,Piedmont,Black,747,80,24
11/08/2020,Roanoke,"Other Race",37,1,0
11/08/2020,Alexandria,"Two or more races",31,2,0
11/08/2020,"Western Tidewater",Latino,62,1,2
11/08/2020,Rappahannock,"Not Reported",1596,26,0
11/08/2020,"West Piedmont","Other Race",14,2,1
11/08/2020,Chickahominy,White,1402,131,48
11/08/2020,"Thomas Jefferson",Latino,776,35,3
11/08/2020,"Cumberland Plateau",Black,60,0,0
11/08/2020,"Lord Fairfax",Latino,922,61,9
11/08/2020,"West Piedmont",Latino,309,12,1
11/08/2020,"Cumberland Plateau",White,1483,102,15
11/08/2020,"Eastern Shore","Other Race",13,1,0
11/08/2020,"Cumberland Plateau","Two or more races",10,0,0
11/08/2020,Pittsylvania-Danville,"Two or more races",8,0,0
11/08/2020,Piedmont,"Other Race",19,0,0
11/08/2020,Alexandria,Latino,2026,138,13
11/08/2020,Chesapeake,Black,2061,264,37
11/08/2020,Richmond,"Other Race",187,8,2
11/08/2020,Henrico,Latino,1022,62,11
11/08/2020,Piedmont,"Two or more races",9,2,0
11/08/2020,"Prince William","Other Race",719,25,0
11/08/2020,"New River","Not Reported",1145,13,0
11/08/2020,"Rappahannock Rapidan",White,1223,72,28
11/08/2020,"Central Virginia","Not Reported",2297,28,6
11/08/2020,"Virginia Beach","Two or more races",100,5,2
11/08/2020,Pittsylvania-Danville,White,920,88,39
11/08/2020,"Lord Fairfax",Black,182,26,7
11/08/2020,Fairfax,Latino,11626,1084,106
11/08/2020,Chesterfield,"Asian or Pacific Islander",128,7,1
11/08/2020,Crater,"Asian or Pacific Islander",35,0,0
11/08/2020,Fairfax,"Asian or Pacific Islander",2278,288,79
11/08/2020,Hampton,"Asian or Pacific Islander",20,0,0
11/08/2020,"Rappahannock Rapidan","Asian or Pacific Islander",22,1,0
11/08/2020,"Mount Rogers","Asian or Pacific Islander",7,1,0
11/08/2020,"New River","Asian or Pacific Islander",134,0,0
11/08/2020,"Central Virginia","Asian or Pacific Islander",40,1,0
11/08/2020,"Lord Fairfax","Asian or Pacific Islander",21,1,0
11/08/2020,Southside,"Asian or Pacific Islander",3,0,0
11/08/2020,Alleghany,"Asian or Pacific Islander",44,0,0
11/08/2020,Portsmouth,"Asian or Pacific Islander",21,1,0
11/08/2020,Roanoke,"Asian or Pacific Islander",48,3,0
11/08/2020,Richmond,"Asian or Pacific Islander",71,5,1
11/08/2020,"Thomas Jefferson","Asian or Pacific Islander",144,2,1
11/08/2020,"Virginia Beach","Asian or Pacific Islander",348,30,8
11/08/2020,Henrico,"Asian or Pacific Islander",273,13,4
11/08/2020,Piedmont,"Asian or Pacific Islander",13,0,1
11/08/2020,"Western Tidewater","Asian or Pacific Islander",23,2,3
11/08/2020,"West Piedmont","Asian or Pacific Islander",15,2,1
11/08/2020,Chickahominy,"Asian or Pacific Islander",20,1,0
11/08/2020,Peninsula,"Asian or Pacific Islander",74,6,7
11/08/2020,Norfolk,"Asian or Pacific Islander",80,9,0
11/08/2020,Arlington,"Asian or Pacific Islander",251,28,13
11/08/2020,Loudoun,"Asian or Pacific Islander",576,62,12
11/08/2020,Alexandria,"Asian or Pacific Islander",167,11,1
11/08/2020,Rappahannock,"Asian or Pacific Islander",122,11,3
11/08/2020,Chesapeake,"Asian or Pacific Islander",99,12,6
11/08/2020,"Cumberland Plateau and Lenowisco","Asian or Pacific Islander",7,0,0
11/08/2020,"Central Shenandoah","Asian or Pacific Islander",100,2,0
11/08/2020,"Prince William","Asian or Pacific Islander",753,63,21
11/08/2020,Pittsylvania-Danville,"Asian or Pacific Islander",4,0,0
11/08/2020,"Eastern Shore and Three Rivers","Asian or Pacific Islander",14,1,0
11/08/2020,Piedmont,"Native American",6,0,0
11/08/2020,"New River","Native American",5,0,0
11/08/2020,"Central Shenandoah","Native American",4,1,0
11/08/2020,"Eastern Shore and Three Rivers","Native American",4,0,0
11/08/2020,Fairfax,"Native American",37,1,1
11/08/2020,Chesapeake,"Native American",12,0,0
11/08/2020,"Western Tidewater","Native American",4,0,0
11/08/2020,Portsmouth,"Native American",4,2,0
11/08/2020,Richmond,"Native American",3,0,0
11/08/2020,Chickahominy,"Native American",13,1,0
11/08/2020,"Thomas Jefferson","Native American",5,0,0
11/08/2020,Arlington,"Native American",5,0,0
11/08/2020,"Virginia Beach","Native American",16,0,0
11/08/2020,Peninsula,"Native American",7,2,1
11/08/2020,Hampton,"Native American",3,0,1
11/08/2020,"West Piedmont","Native American",2,0,0
11/08/2020,"Cumberland Plateau, Lenowisco, and Mount Rogers","Native American",9,0,0
11/08/2020,Henrico,"Native American",14,0,0
11/08/2020,Norfolk,"Native American",11,1,1
11/08/2020,"Prince William","Native American",33,1,1
11/08/2020,"Central Virginia","Native American",9,0,0
11/08/2020,Chesterfield,"Native American",10,1,0
11/08/2020,Rappahannock,"Native American",6,0,0
11/08/2020,Loudoun,"Native American",6,0,0
11/08/2020,Alexandria,"Native American",4,0,0
11/08/2020,"Alleghany and Roanoke","Native American",5,0,0
11/08/2020,Crater,"Native American",7,1,1
11/08/2020,"Rappahannock Rapidan","Native American",3,0,0
11/08/2020,"Lord Fairfax","Native American",3,1,1
11/08/2020,"Pittsylvania-Danville and Southside","Native American",2,0,0
11/09/2020,"Rappahannock Rapidan","Not Reported",781,13,7
11/09/2020,Portsmouth,"Other Race",65,11,5
11/09/2020,"Western Tidewater","Two or more races",85,1,0
11/09/2020,Piedmont,White,930,77,28
11/09/2020,Chesterfield,Latino,2199,122,9
11/09/2020,Lenowisco,White,1734,116,25
11/09/2020,Lenowisco,"Two or more races",28,1,0
11/09/2020,Hampton,"Not Reported",580,2,1
11/09/2020,Southside,"Not Reported",705,8,5
11/09/2020,Roanoke,Black,678,40,9
11/09/2020,Hampton,Black,1073,76,23
11/09/2020,Alleghany,"Other Race",32,2,0
11/09/2020,Lenowisco,Latino,48,0,0
11/09/2020,Loudoun,"Other Race",331,18,3
11/09/2020,"Central Shenandoah",Latino,1290,62,6
11/09/2020,"Rappahannock Rapidan",Latino,912,66,8
11/09/2020,"Eastern Shore",Black,879,103,29
11/09/2020,Norfolk,Latino,439,30,0
11/09/2020,Hampton,"Two or more races",20,0,0
11/09/2020,Richmond,Black,1986,283,41
11/09/2020,Henrico,"Two or more races",100,7,2
11/09/2020,Fairfax,"Two or more races",157,7,0
11/09/2020,Alleghany,"Not Reported",971,5,1
11/09/2020,Portsmouth,"Not Reported",465,10,2
11/09/2020,"Cumberland Plateau","Other Race",7,1,0
11/09/2020,Southside,"Two or more races",87,0,0
11/09/2020,Portsmouth,White,458,48,13
11/09/2020,"Rappahannock Rapidan","Two or more races",44,3,0
11/09/2020,Fairfax,White,5595,583,320
11/09/2020,Fairfax,"Other Race",1020,98,19
11/09/2020,Crater,"Two or more races",16,0,0
11/09/2020,"West Piedmont","Not Reported",826,22,3
11/09/2020,Henrico,"Other Race",229,19,1
11/09/2020,"Three Rivers",White,993,67,23
11/09/2020,"Central Virginia",Black,539,43,17
11/09/2020,Lenowisco,"Other Race",12,0,0
11/09/2020,"Three Rivers","Other Race",29,3,0
11/09/2020,"Western Tidewater",White,1326,80,77
11/09/2020,"Mount Rogers",Black,99,10,3
11/09/2020,"Three Rivers","Not Reported",307,6,2
11/09/2020,"Thomas Jefferson",Black,642,86,18
11/09/2020,"Eastern Shore",White,309,34,18
11/09/2020,"Central Virginia",White,2407,129,39
11/09/2020,Lenowisco,Black,70,3,1
11/09/2020,"Central Virginia","Two or more races",28,0,0
11/09/2020,Richmond,"Two or more races",55,2,1
11/09/2020,Crater,"Not Reported",1197,12,5
11/09/2020,Chesterfield,"Two or more races",60,6,0
11/09/2020,"New River",Latino,262,5,0
11/09/2020,Richmond,Latino,1488,118,8
11/09/2020,Portsmouth,Latino,101,11,1
11/09/2020,Pittsylvania-Danville,"Not Reported",806,15,2
11/09/2020,Chesapeake,"Not Reported",593,3,0
11/09/2020,Chickahominy,Latino,132,8,0
11/09/2020,Crater,Black,2586,225,75
11/09/2020,Chesterfield,Black,1665,148,36
11/09/2020,Chesterfield,"Other Race",194,15,0
11/09/2020,Peninsula,Black,1484,95,29
11/09/2020,Roanoke,White,903,32,39
11/09/2020,"New River",Black,283,5,1
11/09/2020,Southside,Latino,11,0,0
11/09/2020,Peninsula,Latino,469,24,2
11/09/2020,Rappahannock,"Two or more races",67,3,0
11/09/2020,"Virginia Beach",Black,2054,154,32
11/09/2020,"Mount Rogers","Not Reported",317,12,7
11/09/2020,Loudoun,"Not Reported",2046,4,0
11/09/2020,Chesapeake,"Other Race",67,5,1
11/09/2020,Chickahominy,"Two or more races",11,1,0
11/09/2020,Crater,"Other Race",72,0,1
11/09/2020,Norfolk,"Two or more races",60,4,0
11/09/2020,"Eastern Shore","Two or more races",1,1,0
11/09/2020,"Central Shenandoah",White,4415,228,73
11/09/2020,"New River","Other Race",21,0,0
11/09/2020,"New River",White,3092,73,29
11/09/2020,"Central Shenandoah","Other Race",103,2,0
11/09/2020,"West Piedmont",Black,637,103,20
11/09/2020,Alleghany,Latino,211,13,0
11/09/2020,"Central Shenandoah","Not Reported",1178,5,1
11/09/2020,Roanoke,"Two or more races",20,2,0
11/09/2020,Peninsula,"Two or more races",67,4,1
11/09/2020,Richmond,"Not Reported",847,1,1
11/09/2020,Arlington,"Other Race",131,13,4
11/09/2020,Norfolk,"Not Reported",1166,5,1
11/09/2020,Alexandria,"Other Race",124,10,2
11/09/2020,"Virginia Beach",White,3288,221,64
11/09/2020,Chesapeake,"Two or more races",70,3,0
11/09/2020,Alleghany,White,1968,97,40
11/09/2020,"Rappahannock Rapidan","Other Race",42,4,0
11/09/2020,Chickahominy,"Not Reported",580,3,1
11/09/2020,Portsmouth,Black,1792,248,49
11/09/2020,Chickahominy,"Other Race",28,3,0
11/09/2020,"Virginia Beach",Latino,610,32,4
11/09/2020,Chesapeake,White,1968,182,34
11/09/2020,Southside,Black,662,49,22
11/09/2020,Rappahannock,Latino,1563,117,10
11/09/2020,"Three Rivers","Two or more races",14,1,0
11/09/2020,Henrico,Black,2176,249,102
11/09/2020,Pittsylvania-Danville,Black,930,113,22
11/09/2020,"Lord Fairfax","Two or more races",29,0,0
11/09/2020,"Prince William",Latino,7637,701,79
11/09/2020,"Mount Rogers","Other Race",18,2,2
11/09/2020,"Central Shenandoah",Black,295,16,6
11/09/2020,Peninsula,White,1466,96,52
11/09/2020,"Eastern Shore","Not Reported",78,0,0
11/09/2020,"Thomas Jefferson","Other Race",182,5,1
11/09/2020,Hampton,"Other Race",74,2,1
11/09/2020,"Lord Fairfax","Not Reported",499,5,6
11/09/2020,"Central Virginia","Other Race",35,1,0
11/09/2020,"Western Tidewater","Other Race",94,1,2
11/09/2020,Crater,Latino,262,11,5
11/09/2020,Chesapeake,Latino,424,29,2
11/09/2020,Chesterfield,White,2560,190,92
11/09/2020,"Western Tidewater","Not Reported",1036,6,1
11/09/2020,Fairfax,"Not Reported",2824,42,30
11/09/2020,Arlington,Black,489,92,36
11/09/2020,"Central Virginia",Latino,116,8,4
11/09/2020,Alexandria,"Not Reported",274,3,1
11/09/2020,"Three Rivers",Black,819,61,15
11/09/2020,"Prince William","Two or more races",151,2,0
11/09/2020,Loudoun,"Two or more races",75,4,0
11/09/2020,Peninsula,"Other Race",194,3,0
11/09/2020,"Thomas Jefferson",White,2459,114,55
11/09/2020,Norfolk,"Other Race",109,5,2
11/09/2020,"Prince William","Not Reported",4416,24,1
11/09/2020,"West Piedmont",White,1696,177,67
11/09/2020,Rappahannock,Black,1082,112,20
11/09/2020,Norfolk,Black,2664,291,59
11/09/2020,Roanoke,Latino,517,33,0
11/09/2020,Piedmont,Latino,84,9,2
11/09/2020,Roanoke,"Not Reported",1051,2,0
11/09/2020,"Virginia Beach","Other Race",143,4,0
11/09/2020,Arlington,"Two or more races",55,4,0
11/09/2020,Alexandria,White,944,64,40
11/09/2020,"Lord Fairfax","Other Race",100,6,1
11/09/2020,"Thomas Jefferson","Not Reported",368,3,0
11/09/2020,"Virginia Beach","Not Reported",2176,18,2
11/09/2020,Loudoun,Black,400,37,7
11/09/2020,Pittsylvania-Danville,Latino,105,5,0
11/09/2020,"Cumberland Plateau","Not Reported",160,4,0
11/09/2020,Chesterfield,"Not Reported",1571,3,13
11/09/2020,"Mount Rogers",White,3719,318,141
11/09/2020,Richmond,White,1137,55,24
11/09/2020,Lenowisco,"Not Reported",235,7,5
11/09/2020,"Three Rivers",Latino,196,6,1
11/09/2020,Piedmont,"Not Reported",887,13,2
11/09/2020,"Mount Rogers",Latino,330,7,0
11/09/2020,"Central Shenandoah","Two or more races",63,1,0
11/09/2020,Crater,White,1218,69,31
11/09/2020,Arlington,White,1581,148,74
11/09/2020,Pittsylvania-Danville,"Other Race",5,0,0
11/09/2020,Chickahominy,Black,462,61,12
11/09/2020,Fairfax,Black,2107,268,66
11/09/2020,"Eastern Shore",Latino,283,11,3
11/09/2020,Norfolk,White,1199,74,22
11/09/2020,"Mount Rogers","Two or more races",13,1,0
11/09/2020,Alleghany,"Two or more races",22,0,0
11/09/2020,Southside,White,523,34,21
11/09/2020,"Thomas Jefferson","Two or more races",107,5,0
11/09/2020,"Prince William",Black,1887,194,59
11/09/2020,"Lord Fairfax",White,2698,267,111
11/09/2020,"Cumberland Plateau",Latino,16,0,0
11/09/2020,Arlington,"Not Reported",506,3,0
11/09/2020,Rappahannock,"Other Race",178,4,0
11/09/2020,"Rappahannock Rapidan",Black,377,43,12
11/09/2020,"New River","Two or more races",101,4,0
11/09/2020,Arlington,Latino,2040,258,28
11/09/2020,Henrico,White,2016,168,118
11/09/2020,Loudoun,White,2189,139,95
11/09/2020,Hampton,White,411,15,8
11/09/2020,Alleghany,Black,243,10,4
11/09/2020,"Prince William",White,2449,206,98
11/09/2020,Rappahannock,White,2024,173,61
11/09/2020,Southside,"Other Race",16,1,1
11/09/2020,Portsmouth,"Two or more races",24,6,0
11/09/2020,"Western Tidewater",Black,2158,155,71
11/09/2020,Hampton,Latino,97,5,0
11/09/2020,Henrico,"Not Reported",1101,3,3
11/09/2020,"West Piedmont","Two or more races",17,0,0
11/09/2020,Peninsula,"Not Reported",1720,3,0
11/09/2020,Loudoun,Latino,2785,241,17
11/09/2020,Alexandria,Black,938,105,19
11/09/2020,Piedmont,Black,752,80,24
11/09/2020,Roanoke,"Other Race",37,1,0
11/09/2020,Alexandria,"Two or more races",31,2,0
11/09/2020,"Western Tidewater",Latino,62,1,2
11/09/2020,Rappahannock,"Not Reported",1599,26,0
11/09/2020,"West Piedmont","Other Race",14,2,1
11/09/2020,Chickahominy,White,1407,132,48
11/09/2020,"Thomas Jefferson",Latino,776,35,3
11/09/2020,"Cumberland Plateau",Black,60,0,0
11/09/2020,"Lord Fairfax",Latino,922,61,9
11/09/2020,"West Piedmont",Latino,309,12,1
11/09/2020,"Cumberland Plateau",White,1494,104,15
11/09/2020,"Eastern Shore","Other Race",13,1,0
11/09/2020,"Cumberland Plateau","Two or more races",10,0,0
11/09/2020,Pittsylvania-Danville,"Two or more races",8,0,0
11/09/2020,Piedmont,"Other Race",19,0,0
11/09/2020,Alexandria,Latino,2034,139,13
11/09/2020,Chesapeake,Black,2067,265,37
11/09/2020,Richmond,"Other Race",185,8,2
11/09/2020,Henrico,Latino,1026,62,11
11/09/2020,Piedmont,"Two or more races",10,2,0
11/09/2020,"Prince William","Other Race",736,25,0
11/09/2020,"New River","Not Reported",1154,13,0
11/09/2020,"Rappahannock Rapidan",White,1270,72,28
11/09/2020,"Central Virginia","Not Reported",2310,28,6
11/09/2020,"Virginia Beach","Two or more races",101,5,2
11/09/2020,Pittsylvania-Danville,White,925,88,40
11/09/2020,"Lord Fairfax",Black,185,26,7
11/09/2020,Fairfax,Latino,11686,1089,106
11/09/2020,Chesterfield,"Asian or Pacific Islander",129,7,1
11/09/2020,Crater,"Asian or Pacific Islander",35,0,0
11/09/2020,Fairfax,"Asian or Pacific Islander",2289,289,79
11/09/2020,Hampton,"Asian or Pacific Islander",20,0,0
11/09/2020,"Rappahannock Rapidan","Asian or Pacific Islander",22,1,0
11/09/2020,"Mount Rogers","Asian or Pacific Islander",7,1,0
11/09/2020,"New River","Asian or Pacific Islander",135,0,0
11/09/2020,"Central Virginia","Asian or Pacific Islander",40,1,0
11/09/2020,"Lord Fairfax","Asian or Pacific Islander",22,1,0
11/09/2020,Southside,"Asian or Pacific Islander",3,0,0
11/09/2020,Alleghany,"Asian or Pacific Islander",46,0,0
11/09/2020,Portsmouth,"Asian or Pacific Islander",21,1,0
11/09/2020,Roanoke,"Asian or Pacific Islander",48,3,0
11/09/2020,Richmond,"Asian or Pacific Islander",71,5,1
11/09/2020,"Thomas Jefferson","Asian or Pacific Islander",145,3,1
11/09/2020,"Virginia Beach","Asian or Pacific Islander",349,30,8
11/09/2020,Henrico,"Asian or Pacific Islander",275,13,4
11/09/2020,Piedmont,"Asian or Pacific Islander",13,0,1
11/09/2020,"Western Tidewater","Asian or Pacific Islander",23,2,3
11/09/2020,"West Piedmont","Asian or Pacific Islander",16,2,1
11/09/2020,Chickahominy,"Asian or Pacific Islander",20,1,0
11/09/2020,Peninsula,"Asian or Pacific Islander",75,6,7
11/09/2020,Norfolk,"Asian or Pacific Islander",80,9,0
11/09/2020,Arlington,"Asian or Pacific Islander",253,28,13
11/09/2020,Loudoun,"Asian or Pacific Islander",581,62,12
11/09/2020,Alexandria,"Asian or Pacific Islander",168,11,1
11/09/2020,Rappahannock,"Asian or Pacific Islander",123,11,3
11/09/2020,Chesapeake,"Asian or Pacific Islander",100,12,6
11/09/2020,"Cumberland Plateau and Lenowisco","Asian or Pacific Islander",7,0,0
11/09/2020,"Central Shenandoah","Asian or Pacific Islander",102,2,0
11/09/2020,"Prince William","Asian or Pacific Islander",758,63,21
11/09/2020,Pittsylvania-Danville,"Asian or Pacific Islander",4,0,0
11/09/2020,"Eastern Shore and Three Rivers","Asian or Pacific Islander",14,1,0
11/09/2020,Piedmont,"Native American",6,0,0
11/09/2020,"New River","Native American",5,0,0
11/09/2020,"Central Shenandoah","Native American",4,1,0
11/09/2020,"Eastern Shore and Three Rivers","Native American",4,0,0
11/09/2020,Fairfax,"Native American",37,1,1
11/09/2020,Chesapeake,"Native American",12,0,0
11/09/2020,"Western Tidewater","Native American",4,0,0
11/09/2020,Portsmouth,"Native American",4,2,0
11/09/2020,Richmond,"Native American",3,0,0
11/09/2020,Chickahominy,"Native American",13,1,0
11/09/2020,"Thomas Jefferson","Native American",5,0,0
11/09/2020,Arlington,"Native American",5,0,0
11/09/2020,"Virginia Beach","Native American",16,0,0
11/09/2020,Peninsula,"Native American",7,2,1
11/09/2020,Hampton,"Native American",3,0,1
11/09/2020,"West Piedmont","Native American",2,0,0
11/09/2020,"Cumberland Plateau, Lenowisco, and Mount Rogers","Native American",9,0,0
11/09/2020,Henrico,"Native American",14,0,0
11/09/2020,Norfolk,"Native American",11,1,1
11/09/2020,"Prince William","Native American",33,1,1
11/09/2020,"Central Virginia","Native American",9,0,0
11/09/2020,Chesterfield,"Native American",10,1,0
11/09/2020,Rappahannock,"Native American",7,0,0
11/09/2020,Loudoun,"Native American",6,0,0
11/09/2020,Alexandria,"Native American",4,0,0
11/09/2020,"Alleghany and Roanoke","Native American",5,0,0
11/09/2020,Crater,"Native American",7,1,1
11/09/2020,"Rappahannock Rapidan","Native American",3,0,0
11/09/2020,"Lord Fairfax","Native American",4,1,1
11/09/2020,"Pittsylvania-Danville and Southside","Native American",2,0,0
11/10/2020,"Rappahannock Rapidan","Not Reported",791,12,7
11/10/2020,Portsmouth,"Other Race",65,11,5
11/10/2020,"Western Tidewater","Two or more races",64,1,0
11/10/2020,Piedmont,White,947,79,28
11/10/2020,Chesterfield,Latino,2210,122,9
11/10/2020,Lenowisco,White,1761,116,25
11/10/2020,Lenowisco,"Two or more races",28,1,0
11/10/2020,Hampton,"Not Reported",581,2,1
11/10/2020,Southside,"Not Reported",704,8,5
11/10/2020,Roanoke,Black,693,40,9
11/10/2020,Hampton,Black,1080,76,23
11/10/2020,Alleghany,"Other Race",32,2,0
11/10/2020,Lenowisco,Latino,48,0,0
11/10/2020,Loudoun,"Other Race",333,18,3
11/10/2020,"Central Shenandoah",Latino,1296,62,6
11/10/2020,"Rappahannock Rapidan",Latino,922,66,8
11/10/2020,"Eastern Shore",Black,879,103,29
11/10/2020,Norfolk,Latino,446,30,0
11/10/2020,Hampton,"Two or more races",20,0,0
11/10/2020,Richmond,Black,1990,282,41
11/10/2020,Henrico,"Two or more races",102,7,2
11/10/2020,Fairfax,"Two or more races",159,7,0
11/10/2020,Alleghany,"Not Reported",975,6,1
11/10/2020,Portsmouth,"Not Reported",465,10,2
11/10/2020,"Cumberland Plateau","Other Race",7,1,0
11/10/2020,Southside,"Two or more races",87,0,0
11/10/2020,Portsmouth,White,460,48,13
11/10/2020,"Rappahannock Rapidan","Two or more races",44,3,0
11/10/2020,Fairfax,White,5627,587,320
11/10/2020,Fairfax,"Other Race",1027,99,19
11/10/2020,Crater,"Two or more races",16,0,0
11/10/2020,"West Piedmont","Not Reported",824,22,3
11/10/2020,Henrico,"Other Race",232,19,1
11/10/2020,"Three Rivers",White,999,67,23
11/10/2020,"Central Virginia",Black,543,43,17
11/10/2020,Lenowisco,"Other Race",12,0,0
11/10/2020,"Three Rivers","Other Race",29,3,0
11/10/2020,"Western Tidewater",White,1351,81,77
11/10/2020,"Mount Rogers",Black,100,10,3
11/10/2020,"Three Rivers","Not Reported",306,6,2
11/10/2020,"Thomas Jefferson",Black,645,87,18
11/10/2020,"Eastern Shore",White,309,34,18
11/10/2020,"Central Virginia",White,2446,131,39
11/10/2020,Lenowisco,Black,70,3,1
11/10/2020,"Central Virginia","Two or more races",29,0,0
11/10/2020,Richmond,"Two or more races",57,3,1
11/10/2020,Crater,"Not Reported",1187,12,5
11/10/2020,Chesterfield,"Two or more races",62,6,0
11/10/2020,"New River",Latino,265,5,0
11/10/2020,Richmond,Latino,1489,118,8
11/10/2020,Portsmouth,Latino,100,11,1
11/10/2020,Pittsylvania-Danville,"Not Reported",809,15,2
11/10/2020,Chesapeake,"Not Reported",591,3,0
11/10/2020,Chickahominy,Latino,134,8,0
11/10/2020,Crater,Black,2594,225,75
11/10/2020,Chesterfield,Black,1674,149,36
11/10/2020,Chesterfield,"Other Race",200,15,0
11/10/2020,Peninsula,Black,1492,95,29
11/10/2020,Roanoke,White,930,32,41
11/10/2020,"New River",Black,287,5,1
11/10/2020,Southside,Latino,11,0,0
11/10/2020,Peninsula,Latino,472,24,2
11/10/2020,Rappahannock,"Two or more races",67,3,0
11/10/2020,"Virginia Beach",Black,2072,156,32
11/10/2020,"Mount Rogers","Not Reported",332,12,7
11/10/2020,Loudoun,"Not Reported",2038,4,0
11/10/2020,Chesapeake,"Other Race",69,5,1
11/10/2020,Chickahominy,"Two or more races",11,1,0
11/10/2020,Crater,"Other Race",74,0,1
11/10/2020,Norfolk,"Two or more races",60,4,0
11/10/2020,"Eastern Shore","Two or more races",1,1,0
11/10/2020,"Central Shenandoah",White,4437,229,74
11/10/2020,"New River","Other Race",21,0,0
11/10/2020,"New River",White,3129,76,29
11/10/2020,"Central Shenandoah","Other Race",104,2,0
11/10/2020,"West Piedmont",Black,648,103,20
11/10/2020,Alleghany,Latino,212,13,0
11/10/2020,"Central Shenandoah","Not Reported",1177,5,1
11/10/2020,Roanoke,"Two or more races",21,2,0
11/10/2020,Peninsula,"Two or more races",68,4,1
11/10/2020,Richmond,"Not Reported",848,1,1
11/10/2020,Arlington,"Other Race",131,13,4
11/10/2020,Norfolk,"Not Reported",1173,5,1
11/10/2020,Alexandria,"Other Race",122,10,2
11/10/2020,"Virginia Beach",White,3325,224,64
11/10/2020,Chesapeake,"Two or more races",70,3,0
11/10/2020,Alleghany,White,2023,98,42
11/10/2020,"Rappahannock Rapidan","Other Race",44,4,0
11/10/2020,Chickahominy,"Not Reported",588,3,1
11/10/2020,Portsmouth,Black,1802,250,49
11/10/2020,Chickahominy,"Other Race",29,3,0
11/10/2020,"Virginia Beach",Latino,621,32,4
11/10/2020,Chesapeake,White,1988,182,34
11/10/2020,Southside,Black,664,49,22
11/10/2020,Rappahannock,Latino,1570,117,10
11/10/2020,"Three Rivers","Two or more races",14,1,0
11/10/2020,Henrico,Black,2191,251,102
11/10/2020,Pittsylvania-Danville,Black,939,114,22
11/10/2020,"Lord Fairfax","Two or more races",30,0,0
11/10/2020,"Prince William",Latino,7687,702,79
11/10/2020,"Mount Rogers","Other Race",18,2,2
11/10/2020,"Central Shenandoah",Black,295,17,6
11/10/2020,Peninsula,White,1482,96,52
11/10/2020,"Eastern Shore","Not Reported",78,0,0
11/10/2020,"Thomas Jefferson","Other Race",182,5,1
11/10/2020,Hampton,"Other Race",75,2,1
11/10/2020,"Lord Fairfax","Not Reported",498,5,6
11/10/2020,"Central Virginia","Other Race",38,1,0
11/10/2020,"Western Tidewater","Other Race",87,1,2
11/10/2020,Crater,Latino,265,11,5
11/10/2020,Chesapeake,Latino,425,29,2
11/10/2020,Chesterfield,White,2590,190,92
11/10/2020,"Western Tidewater","Not Reported",1034,6,1
11/10/2020,Fairfax,"Not Reported",2830,42,31
11/10/2020,Arlington,Black,494,92,36
11/10/2020,"Central Virginia",Latino,118,8,4
11/10/2020,Alexandria,"Not Reported",267,3,1
11/10/2020,"Three Rivers",Black,831,61,15
11/10/2020,"Prince William","Two or more races",151,2,0
11/10/2020,Loudoun,"Two or more races",76,4,0
11/10/2020,Peninsula,"Other Race",195,4,0
11/10/2020,"Thomas Jefferson",White,2483,114,55
11/10/2020,Norfolk,"Other Race",110,5,2
11/10/2020,"Prince William","Not Reported",4392,25,1
11/10/2020,"West Piedmont",White,1725,181,67
11/10/2020,Rappahannock,Black,1089,112,20
11/10/2020,Norfolk,Black,2681,293,60
11/10/2020,Roanoke,Latino,518,33,0
11/10/2020,Piedmont,Latino,84,9,2
11/10/2020,Roanoke,"Not Reported",1062,2,0
11/10/2020,"Virginia Beach","Other Race",144,4,0
11/10/2020,Arlington,"Two or more races",57,4,0
11/10/2020,Alexandria,White,949,64,40
11/10/2020,"Lord Fairfax","Other Race",98,6,1
11/10/2020,"Thomas Jefferson","Not Reported",368,3,0
11/10/2020,"Virginia Beach","Not Reported",2174,18,2
11/10/2020,Loudoun,Black,400,36,7
11/10/2020,Pittsylvania-Danville,Latino,109,5,0
11/10/2020,"Cumberland Plateau","Not Reported",156,4,0
11/10/2020,Chesterfield,"Not Reported",1564,3,13
11/10/2020,"Mount Rogers",White,3771,323,141
11/10/2020,Richmond,White,1154,55,24
11/10/2020,Lenowisco,"Not Reported",239,7,5
11/10/2020,"Three Rivers",Latino,196,6,1
11/10/2020,Piedmont,"Not Reported",891,13,2
11/10/2020,"Mount Rogers",Latino,331,7,0
11/10/2020,"Central Shenandoah","Two or more races",62,1,0
11/10/2020,Crater,White,1230,69,31
11/10/2020,Arlington,White,1586,148,74
11/10/2020,Pittsylvania-Danville,"Other Race",5,0,0
11/10/2020,Chickahominy,Black,466,61,12
11/10/2020,Fairfax,Black,2115,268,66
11/10/2020,"Eastern Shore",Latino,283,11,3
11/10/2020,Norfolk,White,1216,75,22
11/10/2020,"Mount Rogers","Two or more races",13,1,0
11/10/2020,Alleghany,"Two or more races",23,0,0
11/10/2020,Southside,White,527,34,21
11/10/2020,"Thomas Jefferson","Two or more races",108,5,0
11/10/2020,"Prince William",Black,1899,197,61
11/10/2020,"Lord Fairfax",White,2736,269,111
11/10/2020,"Cumberland Plateau",Latino,16,0,0
11/10/2020,Arlington,"Not Reported",515,3,0
11/10/2020,Rappahannock,"Other Race",180,4,0
11/10/2020,"Rappahannock Rapidan",Black,392,44,12
11/10/2020,"New River","Two or more races",103,5,0
11/10/2020,Arlington,Latino,2051,258,28
11/10/2020,Henrico,White,2026,170,120
11/10/2020,Loudoun,White,2231,139,95
11/10/2020,Hampton,White,413,16,8
11/10/2020,Alleghany,Black,245,10,5
11/10/2020,"Prince William",White,2474,208,99
11/10/2020,Rappahannock,White,2040,174,61
11/10/2020,Southside,"Other Race",16,1,1
11/10/2020,Portsmouth,"Two or more races",25,6,0
11/10/2020,"Western Tidewater",Black,2172,155,71
11/10/2020,Hampton,Latino,97,5,0
11/10/2020,Henrico,"Not Reported",1112,4,3
11/10/2020,"West Piedmont","Two or more races",18,0,0
11/10/2020,Peninsula,"Not Reported",1722,3,0
11/10/2020,Loudoun,Latino,2808,243,17
11/10/2020,Alexandria,Black,944,105,19
11/10/2020,Piedmont,Black,756,82,24
11/10/2020,Roanoke,"Other Race",38,1,0
11/10/2020,Alexandria,"Two or more races",32,2,0
11/10/2020,"Western Tidewater",Latino,62,1,2
11/10/2020,Rappahannock,"Not Reported",1601,26,0
11/10/2020,"West Piedmont","Other Race",15,2,1
11/10/2020,Chickahominy,White,1431,132,48
11/10/2020,"Thomas Jefferson",Latino,779,35,3
11/10/2020,"Cumberland Plateau",Black,60,0,0
11/10/2020,"Lord Fairfax",Latino,928,62,9
11/10/2020,"West Piedmont",Latino,310,13,1
11/10/2020,"Cumberland Plateau",White,1542,105,15
11/10/2020,"Eastern Shore","Other Race",13,1,0
11/10/2020,"Cumberland Plateau","Two or more races",10,0,0
11/10/2020,Pittsylvania-Danville,"Two or more races",8,0,0
11/10/2020,Piedmont,"Other Race",19,0,0
11/10/2020,Alexandria,Latino,2048,139,13
11/10/2020,Chesapeake,Black,2074,265,37
11/10/2020,Richmond,"Other Race",186,7,2
11/10/2020,Henrico,Latino,1030,62,11
11/10/2020,Piedmont,"Two or more races",13,2,0
11/10/2020,"Prince William","Other Race",742,25,0
11/10/2020,"New River","Not Reported",1168,13,0
11/10/2020,"Rappahannock Rapidan",White,1300,73,28
11/10/2020,"Central Virginia","Not Reported",2301,28,6
11/10/2020,"Virginia Beach","Two or more races",106,5,2
11/10/2020,Pittsylvania-Danville,White,935,88,40
11/10/2020,"Lord Fairfax",Black,187,26,7
11/10/2020,Fairfax,Latino,11746,1090,106
11/10/2020,Chesterfield,"Asian or Pacific Islander",133,7,1
11/10/2020,Crater,"Asian or Pacific Islander",35,0,0
11/10/2020,Fairfax,"Asian or Pacific Islander",2304,289,79
11/10/2020,Hampton,"Asian or Pacific Islander",20,0,0
11/10/2020,"Rappahannock Rapidan","Asian or Pacific Islander",22,1,0
11/10/2020,"Mount Rogers","Asian or Pacific Islander",7,1,0
11/10/2020,"New River","Asian or Pacific Islander",138,0,0
11/10/2020,"Central Virginia","Asian or Pacific Islander",40,1,0
11/10/2020,"Lord Fairfax","Asian or Pacific Islander",23,1,0
11/10/2020,Southside,"Asian or Pacific Islander",3,0,0
11/10/2020,Alleghany,"Asian or Pacific Islander",47,1,0
11/10/2020,Portsmouth,"Asian or Pacific Islander",22,1,0
11/10/2020,Roanoke,"Asian or Pacific Islander",50,3,0
11/10/2020,Richmond,"Asian or Pacific Islander",71,5,1
11/10/2020,"Thomas Jefferson","Asian or Pacific Islander",145,3,1
11/10/2020,"Virginia Beach","Asian or Pacific Islander",352,30,8
11/10/2020,Henrico,"Asian or Pacific Islander",277,13,4
11/10/2020,Piedmont,"Asian or Pacific Islander",14,0,1
11/10/2020,"Western Tidewater","Asian or Pacific Islander",23,2,3
11/10/2020,"West Piedmont","Asian or Pacific Islander",16,2,1
11/10/2020,Chickahominy,"Asian or Pacific Islander",20,1,0
11/10/2020,Peninsula,"Asian or Pacific Islander",76,6,7
11/10/2020,Norfolk,"Asian or Pacific Islander",80,9,0
11/10/2020,Arlington,"Asian or Pacific Islander",254,28,13
11/10/2020,Loudoun,"Asian or Pacific Islander",594,64,12
11/10/2020,Alexandria,"Asian or Pacific Islander",167,11,1
11/10/2020,Rappahannock,"Asian or Pacific Islander",123,11,3
11/10/2020,Chesapeake,"Asian or Pacific Islander",101,12,6
11/10/2020,"Cumberland Plateau and Lenowisco","Asian or Pacific Islander",7,0,0
11/10/2020,"Central Shenandoah","Asian or Pacific Islander",103,2,0
11/10/2020,"Prince William","Asian or Pacific Islander",776,63,21
11/10/2020,Pittsylvania-Danville,"Asian or Pacific Islander",5,0,0
11/10/2020,"Eastern Shore and Three Rivers","Asian or Pacific Islander",14,1,0
11/10/2020,Piedmont,"Native American",7,0,0
11/10/2020,"New River","Native American",5,0,0
11/10/2020,"Central Shenandoah","Native American",4,1,0
11/10/2020,"Eastern Shore and Three Rivers","Native American",5,0,0
11/10/2020,Fairfax,"Native American",38,1,1
11/10/2020,Chesapeake,"Native American",12,0,0
11/10/2020,"Western Tidewater","Native American",4,0,0
11/10/2020,Portsmouth,"Native American",4,2,0
11/10/2020,Richmond,"Native American",4,0,0
11/10/2020,Chickahominy,"Native American",13,1,0
11/10/2020,"Thomas Jefferson","Native American",5,0,0
11/10/2020,Arlington,"Native American",5,0,0
11/10/2020,"Virginia Beach","Native American",16,0,0
11/10/2020,Peninsula,"Native American",7,2,1
11/10/2020,Hampton,"Native American",3,0,1
11/10/2020,"West Piedmont","Native American",3,0,0
11/10/2020,"Cumberland Plateau, Lenowisco, and Mount Rogers","Native American",9,0,0
11/10/2020,Henrico,"Native American",14,0,0
11/10/2020,Norfolk,"Native American",11,1,1
11/10/2020,"Prince William","Native American",33,1,1
11/10/2020,"Central Virginia","Native American",9,0,0
11/10/2020,Chesterfield,"Native American",10,1,0
11/10/2020,Rappahannock,"Native American",7,0,0
11/10/2020,Loudoun,"Native American",6,0,0
11/10/2020,Alexandria,"Native American",4,0,0
11/10/2020,"Alleghany and Roanoke","Native American",5,0,0
11/10/2020,Crater,"Native American",7,1,1
11/10/2020,"Rappahannock Rapidan","Native American",3,0,0
11/10/2020,"Lord Fairfax","Native American",4,1,1
11/10/2020,"Pittsylvania-Danville and Southside","Native American",2,0,0
11/11/2020,"Rappahannock Rapidan","Not Reported",795,12,7
11/11/2020,Portsmouth,"Other Race",65,11,5
11/11/2020,"Western Tidewater","Two or more races",64,1,0
11/11/2020,Piedmont,White,956,80,28
11/11/2020,Chesterfield,Latino,2228,122,9
11/11/2020,Lenowisco,White,1807,118,26
11/11/2020,Lenowisco,"Two or more races",29,1,0
11/11/2020,Hampton,"Not Reported",595,2,1
11/11/2020,Southside,"Not Reported",709,8,5
11/11/2020,Roanoke,Black,700,40,9
11/11/2020,Hampton,Black,1089,79,23
11/11/2020,Alleghany,"Other Race",33,2,0
11/11/2020,Lenowisco,Latino,48,0,0
11/11/2020,Loudoun,"Other Race",347,18,3
11/11/2020,"Central Shenandoah",Latino,1300,63,6
11/11/2020,"Rappahannock Rapidan",Latino,925,68,8
11/11/2020,"Eastern Shore",Black,879,103,29
11/11/2020,Norfolk,Latino,451,30,0
11/11/2020,Hampton,"Two or more races",20,0,0
11/11/2020,Richmond,Black,1997,282,41
11/11/2020,Henrico,"Two or more races",102,7,2
11/11/2020,Fairfax,"Two or more races",164,7,0
11/11/2020,Alleghany,"Not Reported",993,7,1
11/11/2020,Portsmouth,"Not Reported",468,10,2
11/11/2020,"Cumberland Plateau","Other Race",7,1,0
11/11/2020,Southside,"Two or more races",87,0,0
11/11/2020,Portsmouth,White,460,48,13
11/11/2020,"Rappahannock Rapidan","Two or more races",48,3,0
11/11/2020,Fairfax,White,5692,589,321
11/11/2020,Fairfax,"Other Race",1032,99,19
11/11/2020,Crater,"Two or more races",16,0,0
11/11/2020,"West Piedmont","Not Reported",837,21,3
11/11/2020,Henrico,"Other Race",232,19,1
11/11/2020,"Three Rivers",White,1029,70,24
11/11/2020,"Central Virginia",Black,550,45,17
11/11/2020,Lenowisco,"Other Race",12,0,0
11/11/2020,"Three Rivers","Other Race",29,3,0
11/11/2020,"Western Tidewater",White,1355,81,77
11/11/2020,"Mount Rogers",Black,102,10,3
11/11/2020,"Three Rivers","Not Reported",274,3,1
11/11/2020,"Thomas Jefferson",Black,646,87,18
11/11/2020,"Eastern Shore",White,309,34,20
11/11/2020,"Central Virginia",White,2492,136,39
11/11/2020,Lenowisco,Black,71,3,1
11/11/2020,"Central Virginia","Two or more races",29,0,0
11/11/2020,Richmond,"Two or more races",57,3,1
11/11/2020,Crater,"Not Reported",1195,12,5
11/11/2020,Chesterfield,"Two or more races",61,6,0
11/11/2020,"New River",Latino,266,5,0
11/11/2020,Richmond,Latino,1496,118,8
11/11/2020,Portsmouth,Latino,100,11,1
11/11/2020,Pittsylvania-Danville,"Not Reported",812,15,2
11/11/2020,Chesapeake,"Not Reported",593,3,0
11/11/2020,Chickahominy,Latino,136,8,0
11/11/2020,Crater,Black,2598,226,75
11/11/2020,Chesterfield,Black,1686,149,36
11/11/2020,Chesterfield,"Other Race",211,15,0
11/11/2020,Peninsula,Black,1499,95,29
11/11/2020,Roanoke,White,949,34,41
11/11/2020,"New River",Black,289,5,1
11/11/2020,Southside,Latino,11,0,0
11/11/2020,Peninsula,Latino,478,24,2
11/11/2020,Rappahannock,"Two or more races",69,3,0
11/11/2020,"Virginia Beach",Black,2082,156,31
11/11/2020,"Mount Rogers","Not Reported",341,12,7
11/11/2020,Loudoun,"Not Reported",2036,4,0
11/11/2020,Chesapeake,"Other Race",70,5,1
11/11/2020,Chickahominy,"Two or more races",11,1,0
11/11/2020,Crater,"Other Race",74,0,1
11/11/2020,Norfolk,"Two or more races",60,4,0
11/11/2020,"Eastern Shore","Two or more races",1,1,0
11/11/2020,"Central Shenandoah",White,4482,230,76
11/11/2020,"New River","Other Race",21,0,0
11/11/2020,"New River",White,3152,79,30
11/11/2020,"Central Shenandoah","Other Race",107,2,0
11/11/2020,"West Piedmont",Black,658,104,21
11/11/2020,Alleghany,Latino,214,13,0
11/11/2020,"Central Shenandoah","Not Reported",1206,6,1
11/11/2020,Roanoke,"Two or more races",22,2,0
11/11/2020,Peninsula,"Two or more races",69,4,1
11/11/2020,Richmond,"Not Reported",863,1,1
11/11/2020,Arlington,"Other Race",132,13,4
11/11/2020,Norfolk,"Not Reported",1180,5,1
11/11/2020,Alexandria,"Other Race",125,10,2
11/11/2020,"Virginia Beach",White,3351,224,64
11/11/2020,Chesapeake,"Two or more races",69,3,0
11/11/2020,Alleghany,White,2053,100,42
11/11/2020,"Rappahannock Rapidan","Other Race",44,4,0
11/11/2020,Chickahominy,"Not Reported",589,3,2
11/11/2020,Portsmouth,Black,1807,250,49
11/11/2020,Chickahominy,"Other Race",29,3,0
11/11/2020,"Virginia Beach",Latino,627,32,4
11/11/2020,Chesapeake,White,2009,183,34
11/11/2020,Southside,Black,666,49,22
11/11/2020,Rappahannock,Latino,1578,118,10
11/11/2020,"Three Rivers","Two or more races",14,1,0
11/11/2020,Henrico,Black,2207,254,102
11/11/2020,Pittsylvania-Danville,Black,946,114,22
11/11/2020,"Lord Fairfax","Two or more races",31,0,0
11/11/2020,"Prince William",Latino,7733,704,80
11/11/2020,"Mount Rogers","Other Race",18,2,2
11/11/2020,"Central Shenandoah",Black,296,17,6
11/11/2020,Peninsula,White,1493,96,52
11/11/2020,"Eastern Shore","Not Reported",78,0,0
11/11/2020,"Thomas Jefferson","Other Race",184,5,1
11/11/2020,Hampton,"Other Race",75,2,1
11/11/2020,"Lord Fairfax","Not Reported",504,5,6
11/11/2020,"Central Virginia","Other Race",38,1,0
11/11/2020,"Western Tidewater","Other Race",86,1,2
11/11/2020,Crater,Latino,268,11,5
11/11/2020,Chesapeake,Latino,427,29,2
11/11/2020,Chesterfield,White,2644,191,92
11/11/2020,"Western Tidewater","Not Reported",1037,6,1
11/11/2020,Fairfax,"Not Reported",2842,42,31
11/11/2020,Arlington,Black,498,92,36
11/11/2020,"Central Virginia",Latino,120,8,4
11/11/2020,Alexandria,"Not Reported",270,3,1
11/11/2020,"Three Rivers",Black,831,61,15
11/11/2020,"Prince William","Two or more races",153,2,0
11/11/2020,Loudoun,"Two or more races",76,4,0
11/11/2020,Peninsula,"Other Race",197,4,0
11/11/2020,"Thomas Jefferson",White,2492,115,55
11/11/2020,Norfolk,"Other Race",109,5,2
11/11/2020,"Prince William","Not Reported",4377,23,1
11/11/2020,"West Piedmont",White,1759,184,67
11/11/2020,Rappahannock,Black,1095,115,20
11/11/2020,Norfolk,Black,2696,294,60
11/11/2020,Roanoke,Latino,521,33,0
11/11/2020,Piedmont,Latino,84,9,2
11/11/2020,Roanoke,"Not Reported",1061,2,0
11/11/2020,"Virginia Beach","Other Race",145,4,0
11/11/2020,Arlington,"Two or more races",57,4,0
11/11/2020,Alexandria,White,954,64,40
11/11/2020,"Lord Fairfax","Other Race",99,6,1
11/11/2020,"Thomas Jefferson","Not Reported",370,3,0
11/11/2020,"Virginia Beach","Not Reported",2178,18,2
11/11/2020,Loudoun,Black,402,36,7
11/11/2020,Pittsylvania-Danville,Latino,108,5,0
11/11/2020,"Cumberland Plateau","Not Reported",163,4,0
11/11/2020,Chesterfield,"Not Reported",1559,3,13
11/11/2020,"Mount Rogers",White,3846,329,141
11/11/2020,Richmond,White,1167,55,24
11/11/2020,Lenowisco,"Not Reported",248,7,5
11/11/2020,"Three Rivers",Latino,196,6,1
11/11/2020,Piedmont,"Not Reported",883,13,2
11/11/2020,"Mount Rogers",Latino,334,7,0
11/11/2020,"Central Shenandoah","Two or more races",63,1,0
11/11/2020,Crater,White,1235,69,31
11/11/2020,Arlington,White,1610,148,74
11/11/2020,Pittsylvania-Danville,"Other Race",5,0,0
11/11/2020,Chickahominy,Black,470,62,12
11/11/2020,Fairfax,Black,2135,268,66
11/11/2020,"Eastern Shore",Latino,284,12,3
11/11/2020,Norfolk,White,1216,75,22
11/11/2020,"Mount Rogers","Two or more races",13,1,0
11/11/2020,Alleghany,"Two or more races",25,1,0
11/11/2020,Southside,White,532,35,22
11/11/2020,"Thomas Jefferson","Two or more races",108,5,0
11/11/2020,"Prince William",Black,1916,197,61
11/11/2020,"Lord Fairfax",White,2787,271,112
11/11/2020,"Cumberland Plateau",Latino,16,0,0
11/11/2020,Arlington,"Not Reported",508,3,0
11/11/2020,Rappahannock,"Other Race",182,4,0
11/11/2020,"Rappahannock Rapidan",Black,394,44,12
11/11/2020,"New River","Two or more races",104,5,0
11/11/2020,Arlington,Latino,2064,259,28
11/11/2020,Henrico,White,2047,172,120
11/11/2020,Loudoun,White,2256,139,95
11/11/2020,Hampton,White,414,16,8
11/11/2020,Alleghany,Black,247,10,5
11/11/2020,"Prince William",White,2509,210,99
11/11/2020,Rappahannock,White,2068,180,61
11/11/2020,Southside,"Other Race",16,1,1
11/11/2020,Portsmouth,"Two or more races",25,6,0
11/11/2020,"Western Tidewater",Black,2181,157,71
11/11/2020,Hampton,Latino,97,5,0
11/11/2020,Henrico,"Not Reported",1125,6,3
11/11/2020,"West Piedmont","Two or more races",18,0,0
11/11/2020,Peninsula,"Not Reported",1721,3,0
11/11/2020,Loudoun,Latino,2827,245,16
11/11/2020,Alexandria,Black,948,105,19
11/11/2020,Piedmont,Black,760,82,24
11/11/2020,Roanoke,"Other Race",39,1,0
11/11/2020,Alexandria,"Two or more races",32,2,0
11/11/2020,"Western Tidewater",Latino,62,1,2
11/11/2020,Rappahannock,"Not Reported",1607,29,0
11/11/2020,"West Piedmont","Other Race",15,2,1
11/11/2020,Chickahominy,White,1450,132,48
11/11/2020,"Thomas Jefferson",Latino,783,35,3
11/11/2020,"Cumberland Plateau",Black,60,0,0
11/11/2020,"Lord Fairfax",Latino,932,62,9
11/11/2020,"West Piedmont",Latino,311,13,1
11/11/2020,"Cumberland Plateau",White,1575,110,17
11/11/2020,"Eastern Shore","Other Race",13,1,0
11/11/2020,"Cumberland Plateau","Two or more races",10,0,0
11/11/2020,Pittsylvania-Danville,"Two or more races",8,0,0
11/11/2020,Piedmont,"Other Race",20,0,0
11/11/2020,Alexandria,Latino,2059,139,13
11/11/2020,Chesapeake,Black,2089,265,37
11/11/2020,Richmond,"Other Race",185,7,2
11/11/2020,Henrico,Latino,1034,63,11
11/11/2020,Piedmont,"Two or more races",13,2,0
11/11/2020,"Prince William","Other Race",745,25,0
11/11/2020,"New River","Not Reported",1179,13,0
11/11/2020,"Rappahannock Rapidan",White,1321,73,28
11/11/2020,"Central Virginia","Not Reported",2293,27,7
11/11/2020,"Virginia Beach","Two or more races",111,5,2
11/11/2020,Pittsylvania-Danville,White,952,88,40
11/11/2020,"Lord Fairfax",Black,189,28,7
11/11/2020,Fairfax,Latino,11824,1093,106
11/11/2020,Chesterfield,"Asian or Pacific Islander",138,7,1
11/11/2020,Crater,"Asian or Pacific Islander",35,0,0
11/11/2020,Fairfax,"Asian or Pacific Islander",2325,291,80
11/11/2020,Hampton,"Asian or Pacific Islander",20,0,0
11/11/2020,"Rappahannock Rapidan","Asian or Pacific Islander",22,1,0
11/11/2020,"Mount Rogers","Asian or Pacific Islander",7,1,0
11/11/2020,"New River","Asian or Pacific Islander",139,0,0
11/11/2020,"Central Virginia","Asian or Pacific Islander",40,1,0
11/11/2020,"Lord Fairfax","Asian or Pacific Islander",24,1,0
11/11/2020,Southside,"Asian or Pacific Islander",3,0,0
11/11/2020,Alleghany,"Asian or Pacific Islander",47,1,0
11/11/2020,Portsmouth,"Asian or Pacific Islander",23,1,0
11/11/2020,Roanoke,"Asian or Pacific Islander",50,3,0
11/11/2020,Richmond,"Asian or Pacific Islander",71,5,1
11/11/2020,"Thomas Jefferson","Asian or Pacific Islander",145,4,1
11/11/2020,"Virginia Beach","Asian or Pacific Islander",354,30,8
11/11/2020,Henrico,"Asian or Pacific Islander",282,13,4
11/11/2020,Piedmont,"Asian or Pacific Islander",13,0,1
11/11/2020,"Western Tidewater","Asian or Pacific Islander",23,2,3
11/11/2020,"West Piedmont","Asian or Pacific Islander",16,2,1
11/11/2020,Chickahominy,"Asian or Pacific Islander",20,1,0
11/11/2020,Peninsula,"Asian or Pacific Islander",76,6,7
11/11/2020,Norfolk,"Asian or Pacific Islander",82,9,0
11/11/2020,Arlington,"Asian or Pacific Islander",256,28,13
11/11/2020,Loudoun,"Asian or Pacific Islander",609,65,13
11/11/2020,Alexandria,"Asian or Pacific Islander",167,11,1
11/11/2020,Rappahannock,"Asian or Pacific Islander",128,11,3
11/11/2020,Chesapeake,"Asian or Pacific Islander",102,12,6
11/11/2020,"Cumberland Plateau and Lenowisco","Asian or Pacific Islander",7,0,0
11/11/2020,"Central Shenandoah","Asian or Pacific Islander",102,2,0
11/11/2020,"Prince William","Asian or Pacific Islander",788,64,21
11/11/2020,Pittsylvania-Danville,"Asian or Pacific Islander",5,0,0
11/11/2020,"Eastern Shore and Three Rivers","Asian or Pacific Islander",14,1,0
11/11/2020,Piedmont,"Native American",7,0,0
11/11/2020,"New River","Native American",5,0,0
11/11/2020,"Central Shenandoah","Native American",4,1,0
11/11/2020,"Eastern Shore and Three Rivers","Native American",5,0,0
11/11/2020,Fairfax,"Native American",37,1,1
11/11/2020,Chesapeake,"Native American",12,0,0
11/11/2020,"Western Tidewater","Native American",4,0,0
11/11/2020,Portsmouth,"Native American",4,2,0
11/11/2020,Richmond,"Native American",4,0,0
11/11/2020,Chickahominy,"Native American",13,1,0
11/11/2020,"Thomas Jefferson","Native American",5,0,0
11/11/2020,Arlington,"Native American",5,0,0
11/11/2020,"Virginia Beach","Native American",16,0,0
11/11/2020,Peninsula,"Native American",7,2,1
11/11/2020,Hampton,"Native American",3,0,1
11/11/2020,"West Piedmont","Native American",3,0,0
11/11/2020,"Cumberland Plateau, Lenowisco, and Mount Rogers","Native American",9,0,0
11/11/2020,Henrico,"Native American",14,0,0
11/11/2020,Norfolk,"Native American",11,1,1
11/11/2020,"Prince William","Native American",33,1,1
11/11/2020,"Central Virginia","Native American",10,0,0
11/11/2020,Chesterfield,"Native American",10,1,0
11/11/2020,Rappahannock,"Native American",7,0,0
11/11/2020,Loudoun,"Native American",7,0,0
11/11/2020,Alexandria,"Native American",4,0,0
11/11/2020,"Alleghany and Roanoke","Native American",5,0,0
11/11/2020,Crater,"Native American",7,1,1
11/11/2020,"Rappahannock Rapidan","Native American",3,0,0
11/11/2020,"Lord Fairfax","Native American",4,1,1
11/11/2020,"Pittsylvania-Danville and Southside","Native American",2,0,0
11/12/2020,"Rappahannock Rapidan","Not Reported",799,12,7
11/12/2020,Portsmouth,"Other Race",66,11,5
11/12/2020,"Western Tidewater","Two or more races",64,1,0
11/12/2020,Piedmont,White,966,80,29
11/12/2020,Chesterfield,Latino,2246,123,9
11/12/2020,Lenowisco,White,1873,118,26
11/12/2020,Lenowisco,"Two or more races",29,1,0
11/12/2020,Hampton,"Not Reported",599,2,1
11/12/2020,Southside,"Not Reported",710,8,5
11/12/2020,Roanoke,Black,713,41,9
11/12/2020,Hampton,Black,1094,79,23
11/12/2020,Alleghany,"Other Race",34,2,0
11/12/2020,Lenowisco,Latino,48,0,0
11/12/2020,Loudoun,"Other Race",346,18,3
11/12/2020,"Central Shenandoah",Latino,1302,63,6
11/12/2020,"Rappahannock Rapidan",Latino,928,69,8
11/12/2020,"Eastern Shore",Black,880,103,29
11/12/2020,Norfolk,Latino,453,30,0
11/12/2020,Hampton,"Two or more races",20,0,0
11/12/2020,Richmond,Black,2007,283,41
11/12/2020,Henrico,"Two or more races",103,7,2
11/12/2020,Fairfax,"Two or more races",166,7,0
11/12/2020,Alleghany,"Not Reported",989,7,2
11/12/2020,Portsmouth,"Not Reported",471,9,2
11/12/2020,"Cumberland Plateau","Other Race",7,1,0
11/12/2020,Southside,"Two or more races",88,0,0
11/12/2020,Portsmouth,White,463,48,13
11/12/2020,"Rappahannock Rapidan","Two or more races",51,3,0
11/12/2020,Fairfax,White,5762,592,321
11/12/2020,Fairfax,"Other Race",1037,100,19
11/12/2020,Crater,"Two or more races",16,0,0
11/12/2020,"West Piedmont","Not Reported",794,18,3
11/12/2020,Henrico,"Other Race",235,20,1
11/12/2020,"Three Rivers",White,1040,70,24
11/12/2020,"Central Virginia",Black,556,45,17
11/12/2020,Lenowisco,"Other Race",12,0,0
11/12/2020,"Three Rivers","Other Race",29,3,0
11/12/2020,"Western Tidewater",White,1379,81,77
11/12/2020,"Mount Rogers",Black,103,10,3
11/12/2020,"Three Rivers","Not Reported",264,1,1
11/12/2020,"Thomas Jefferson",Black,652,87,18
11/12/2020,"Eastern Shore",White,312,34,20
11/12/2020,"Central Virginia",White,2544,137,39
11/12/2020,Lenowisco,Black,71,3,1
11/12/2020,"Central Virginia","Two or more races",29,0,0
11/12/2020,Richmond,"Two or more races",56,3,1
11/12/2020,Crater,"Not Reported",1186,11,5
11/12/2020,Chesterfield,"Two or more races",63,6,0
11/12/2020,"New River",Latino,266,5,0
11/12/2020,Richmond,Latino,1499,118,8
11/12/2020,Portsmouth,Latino,101,11,1
11/12/2020,Pittsylvania-Danville,"Not Reported",813,16,2
11/12/2020,Chesapeake,"Not Reported",592,3,0
11/12/2020,Chickahominy,Latino,137,8,0
11/12/2020,Crater,Black,2607,227,75
11/12/2020,Chesterfield,Black,1728,150,36
11/12/2020,Chesterfield,"Other Race",232,15,0
11/12/2020,Peninsula,Black,1507,95,29
11/12/2020,Roanoke,White,975,35,43
11/12/2020,"New River",Black,290,5,1
11/12/2020,Southside,Latino,12,0,0
11/12/2020,Peninsula,Latino,483,24,2
11/12/2020,Rappahannock,"Two or more races",70,3,0
11/12/2020,"Virginia Beach",Black,2092,156,31
11/12/2020,"Mount Rogers","Not Reported",334,10,7
11/12/2020,Loudoun,"Not Reported",2021,4,0
11/12/2020,Chesapeake,"Other Race",70,5,1
11/12/2020,Chickahominy,"Two or more races",11,1,0
11/12/2020,Crater,"Other Race",74,0,1
11/12/2020,Norfolk,"Two or more races",60,4,0
11/12/2020,"Eastern Shore","Two or more races",1,1,0
11/12/2020,"Central Shenandoah",White,4499,231,76
11/12/2020,"New River","Other Race",21,0,0
11/12/2020,"New River",White,3193,80,30
11/12/2020,"Central Shenandoah","Other Race",106,2,0
11/12/2020,"West Piedmont",Black,676,106,21
11/12/2020,Alleghany,Latino,219,13,0
11/12/2020,"Central Shenandoah","Not Reported",1199,6,1
11/12/2020,Roanoke,"Two or more races",22,2,0
11/12/2020,Peninsula,"Two or more races",69,4,1
11/12/2020,Richmond,"Not Reported",866,1,1
11/12/2020,Arlington,"Other Race",133,13,4
11/12/2020,Norfolk,"Not Reported",1180,5,1
11/12/2020,Alexandria,"Other Race",126,10,2
11/12/2020,"Virginia Beach",White,3408,224,64
11/12/2020,Chesapeake,"Two or more races",71,3,0
11/12/2020,Alleghany,White,2091,101,46
11/12/2020,"Rappahannock Rapidan","Other Race",44,4,0
11/12/2020,Chickahominy,"Not Reported",561,3,2
11/12/2020,Portsmouth,Black,1812,250,49
11/12/2020,Chickahominy,"Other Race",31,3,0
11/12/2020,"Virginia Beach",Latino,636,32,4
11/12/2020,Chesapeake,White,2042,183,34
11/12/2020,Southside,Black,673,49,23
11/12/2020,Rappahannock,Latino,1584,119,10
11/12/2020,"Three Rivers","Two or more races",14,1,0
11/12/2020,Henrico,Black,2218,255,101
11/12/2020,Pittsylvania-Danville,Black,954,115,22
11/12/2020,"Lord Fairfax","Two or more races",31,0,0
11/12/2020,"Prince William",Latino,7783,706,80
11/12/2020,"Mount Rogers","Other Race",19,2,2
11/12/2020,"Central Shenandoah",Black,298,17,6
11/12/2020,Peninsula,White,1496,96,52
11/12/2020,"Eastern Shore","Not Reported",78,0,0
11/12/2020,"Thomas Jefferson","Other Race",184,5,1
11/12/2020,Hampton,"Other Race",75,2,1
11/12/2020,"Lord Fairfax","Not Reported",509,5,6
11/12/2020,"Central Virginia","Other Race",37,0,0
11/12/2020,"Western Tidewater","Other Race",87,1,2
11/12/2020,Crater,Latino,271,11,5
11/12/2020,Chesapeake,Latino,429,29,2
11/12/2020,Chesterfield,White,2717,192,94
11/12/2020,"Western Tidewater","Not Reported",1035,6,2
11/12/2020,Fairfax,"Not Reported",2853,42,31
11/12/2020,Arlington,Black,499,92,36
11/12/2020,"Central Virginia",Latino,120,7,4
11/12/2020,Alexandria,"Not Reported",269,3,1
11/12/2020,"Three Rivers",Black,849,63,15
11/12/2020,"Prince William","Two or more races",151,2,0
11/12/2020,Loudoun,"Two or more races",78,4,0
11/12/2020,Peninsula,"Other Race",197,4,0
11/12/2020,"Thomas Jefferson",White,2512,115,56
11/12/2020,Norfolk,"Other Race",109,5,2
11/12/2020,"Prince William","Not Reported",4344,23,1
11/12/2020,"West Piedmont",White,1820,190,67
11/12/2020,Rappahannock,Black,1097,115,20
11/12/2020,Norfolk,Black,2699,294,60
11/12/2020,Roanoke,Latino,524,33,0
11/12/2020,Piedmont,Latino,84,9,2
11/12/2020,Roanoke,"Not Reported",1056,2,0
11/12/2020,"Virginia Beach","Other Race",148,4,0
11/12/2020,Arlington,"Two or more races",59,4,0
11/12/2020,Alexandria,White,959,64,40
11/12/2020,"Lord Fairfax","Other Race",100,6,1
11/12/2020,"Thomas Jefferson","Not Reported",369,3,0
11/12/2020,"Virginia Beach","Not Reported",2192,18,2
11/12/2020,Loudoun,Black,404,36,7
11/12/2020,Pittsylvania-Danville,Latino,109,5,0
11/12/2020,"Cumberland Plateau","Not Reported",175,4,0
11/12/2020,Chesterfield,"Not Reported",1486,3,12
11/12/2020,"Mount Rogers",White,3905,334,141
11/12/2020,Richmond,White,1183,55,24
11/12/2020,Lenowisco,"Not Reported",250,7,5
11/12/2020,"Three Rivers",Latino,197,6,1
11/12/2020,Piedmont,"Not Reported",885,13,4
11/12/2020,"Mount Rogers",Latino,337,7,0
11/12/2020,"Central Shenandoah","Two or more races",63,1,0
11/12/2020,Crater,White,1249,70,31
11/12/2020,Arlington,White,1616,149,74
11/12/2020,Pittsylvania-Danville,"Other Race",5,0,0
11/12/2020,Chickahominy,Black,485,63,12
11/12/2020,Fairfax,Black,2153,269,66
11/12/2020,"Eastern Shore",Latino,284,12,3
11/12/2020,Norfolk,White,1222,75,22
11/12/2020,"Mount Rogers","Two or more races",13,1,0
11/12/2020,Alleghany,"Two or more races",25,1,0
11/12/2020,Southside,White,541,37,22
11/12/2020,"Thomas Jefferson","Two or more races",108,5,0
11/12/2020,"Prince William",Black,1938,197,61
11/12/2020,"Lord Fairfax",White,2810,274,112
11/12/2020,"Cumberland Plateau",Latino,16,0,0
11/12/2020,Arlington,"Not Reported",517,3,0
11/12/2020,Rappahannock,"Other Race",182,4,0
11/12/2020,"Rappahannock Rapidan",Black,394,44,12
11/12/2020,"New River","Two or more races",105,5,1
11/12/2020,Arlington,Latino,2072,262,28
11/12/2020,Henrico,White,2065,173,120
11/12/2020,Loudoun,White,2307,139,95
11/12/2020,Hampton,White,420,16,8
11/12/2020,Alleghany,Black,248,9,5
11/12/2020,"Prince William",White,2541,210,99
11/12/2020,Rappahannock,White,2093,180,61
11/12/2020,Southside,"Other Race",16,1,1
11/12/2020,Portsmouth,"Two or more races",25,6,0
11/12/2020,"Western Tidewater",Black,2200,158,72
11/12/2020,Hampton,Latino,97,5,0
11/12/2020,Henrico,"Not Reported",1137,7,3
11/12/2020,"West Piedmont","Two or more races",19,0,0
11/12/2020,Peninsula,"Not Reported",1727,4,0
11/12/2020,Loudoun,Latino,2839,245,16
11/12/2020,Alexandria,Black,953,105,19
11/12/2020,Piedmont,Black,767,82,24
11/12/2020,Roanoke,"Other Race",39,2,0
11/12/2020,Alexandria,"Two or more races",32,2,0
11/12/2020,"Western Tidewater",Latino,64,1,2
11/12/2020,Rappahannock,"Not Reported",1625,29,0
11/12/2020,"West Piedmont","Other Race",14,2,1
11/12/2020,Chickahominy,White,1480,132,48
11/12/2020,"Thomas Jefferson",Latino,785,35,3
11/12/2020,"Cumberland Plateau",Black,60,0,0
11/12/2020,"Lord Fairfax",Latino,937,62,9
11/12/2020,"West Piedmont",Latino,317,13,1
11/12/2020,"Cumberland Plateau",White,1594,111,17
11/12/2020,"Eastern Shore","Other Race",13,1,0
11/12/2020,"Cumberland Plateau","Two or more races",10,0,0
11/12/2020,Pittsylvania-Danville,"Two or more races",7,0,0
11/12/2020,Piedmont,"Other Race",20,0,0
11/12/2020,Alexandria,Latino,2068,141,13
11/12/2020,Chesapeake,Black,2107,266,37
11/12/2020,Richmond,"Other Race",185,7,2
11/12/2020,Henrico,Latino,1038,63,11
11/12/2020,Piedmont,"Two or more races",19,2,0
11/12/2020,"Prince William","Other Race",754,25,0
11/12/2020,"New River","Not Reported",1189,13,0
11/12/2020,"Rappahannock Rapidan",White,1335,75,28
11/12/2020,"Central Virginia","Not Reported",2303,27,7
11/12/2020,"Virginia Beach","Two or more races",113,5,2
11/12/2020,Pittsylvania-Danville,White,966,89,40
11/12/2020,"Lord Fairfax",Black,192,29,8
11/12/2020,Fairfax,Latino,11902,1104,106
11/12/2020,Chesterfield,"Asian or Pacific Islander",140,7,1
11/12/2020,Crater,"Asian or Pacific Islander",35,0,0
11/12/2020,Fairfax,"Asian or Pacific Islander",2353,294,80
11/12/2020,Hampton,"Asian or Pacific Islander",20,0,0
11/12/2020,"Rappahannock Rapidan","Asian or Pacific Islander",22,1,0
11/12/2020,"Mount Rogers","Asian or Pacific Islander",7,1,0
11/12/2020,"New River","Asian or Pacific Islander",139,0,0
11/12/2020,"Central Virginia","Asian or Pacific Islander",40,1,0
11/12/2020,"Lord Fairfax","Asian or Pacific Islander",24,1,0
11/12/2020,Southside,"Asian or Pacific Islander",3,0,0
11/12/2020,Alleghany,"Asian or Pacific Islander",48,1,0
11/12/2020,Portsmouth,"Asian or Pacific Islander",23,1,0
11/12/2020,Roanoke,"Asian or Pacific Islander",50,3,0
11/12/2020,Richmond,"Asian or Pacific Islander",71,5,1
11/12/2020,"Thomas Jefferson","Asian or Pacific Islander",146,4,1
11/12/2020,"Virginia Beach","Asian or Pacific Islander",359,30,8
11/12/2020,Henrico,"Asian or Pacific Islander",283,13,4
11/12/2020,Piedmont,"Asian or Pacific Islander",13,0,1
11/12/2020,"Western Tidewater","Asian or Pacific Islander",23,2,3
11/12/2020,"West Piedmont","Asian or Pacific Islander",17,2,1
11/12/2020,Chickahominy,"Asian or Pacific Islander",21,1,0
11/12/2020,Peninsula,"Asian or Pacific Islander",76,6,7
11/12/2020,Norfolk,"Asian or Pacific Islander",82,9,0
11/12/2020,Arlington,"Asian or Pacific Islander",257,29,13
11/12/2020,Loudoun,"Asian or Pacific Islander",621,65,13
11/12/2020,Alexandria,"Asian or Pacific Islander",167,11,1
11/12/2020,Rappahannock,"Asian or Pacific Islander",130,11,3
11/12/2020,Chesapeake,"Asian or Pacific Islander",103,12,6
11/12/2020,"Cumberland Plateau and Lenowisco","Asian or Pacific Islander",8,0,0
11/12/2020,"Central Shenandoah","Asian or Pacific Islander",102,2,0
11/12/2020,"Prince William","Asian or Pacific Islander",796,64,22
11/12/2020,Pittsylvania-Danville,"Asian or Pacific Islander",5,0,0
11/12/2020,"Eastern Shore and Three Rivers","Asian or Pacific Islander",14,1,0
11/12/2020,Piedmont,"Native American",7,0,0
11/12/2020,"New River","Native American",5,0,0
11/12/2020,"Central Shenandoah","Native American",4,1,0
11/12/2020,"Eastern Shore and Three Rivers","Native American",5,0,0
11/12/2020,Fairfax,"Native American",39,1,1
11/12/2020,Chesapeake,"Native American",12,0,0
11/12/2020,"Western Tidewater","Native American",4,0,0
11/12/2020,Portsmouth,"Native American",4,2,0
11/12/2020,Richmond,"Native American",4,0,0
11/12/2020,Chickahominy,"Native American",13,1,0
11/12/2020,"Thomas Jefferson","Native American",5,0,0
11/12/2020,Arlington,"Native American",5,0,0
11/12/2020,"Virginia Beach","Native American",16,0,0
11/12/2020,Peninsula,"Native American",7,2,1
11/12/2020,Hampton,"Native American",3,0,1
11/12/2020,"West Piedmont","Native American",3,0,0
11/12/2020,"Cumberland Plateau, Lenowisco, and Mount Rogers","Native American",9,0,0
11/12/2020,Henrico,"Native American",15,0,0
11/12/2020,Norfolk,"Native American",11,1,1
11/12/2020,"Prince William","Native American",34,1,1
11/12/2020,"Central Virginia","Native American",10,0,0
11/12/2020,Chesterfield,"Native American",10,1,0
11/12/2020,Rappahannock,"Native American",7,0,0
11/12/2020,Loudoun,"Native American",6,0,0
11/12/2020,Alexandria,"Native American",4,0,0
11/12/2020,"Alleghany and Roanoke","Native American",5,0,0
11/12/2020,Crater,"Native American",7,1,1
11/12/2020,"Rappahannock Rapidan","Native American",3,0,0
11/12/2020,"Lord Fairfax","Native American",4,1,1
11/12/2020,"Pittsylvania-Danville and Southside","Native American",2,0,0
11/13/2020,"Rappahannock Rapidan","Not Reported",823,11,7
11/13/2020,Portsmouth,"Other Race",66,11,5
11/13/2020,"Western Tidewater","Two or more races",65,1,0
11/13/2020,Piedmont,White,970,80,30
11/13/2020,Chesterfield,Latino,2256,124,9
11/13/2020,Lenowisco,White,1906,120,28
11/13/2020,Lenowisco,"Two or more races",29,1,0
11/13/2020,Hampton,"Not Reported",600,2,1
11/13/2020,Southside,"Not Reported",677,7,5
11/13/2020,Alleghany,"Other Race",36,2,0
11/13/2020,Lenowisco,Latino,49,0,0
11/13/2020,Loudoun,"Other Race",346,18,3
11/13/2020,"Central Shenandoah",Latino,1305,63,6
11/13/2020,"Rappahannock Rapidan",Latino,933,69,8
11/13/2020,"Eastern Shore",Black,881,103,29
11/13/2020,Norfolk,Latino,458,30,0
11/13/2020,Hampton,"Two or more races",21,0,0
11/13/2020,Richmond,Black,2031,283,41
11/13/2020,Henrico,"Two or more races",103,7,2
11/13/2020,Fairfax,"Two or more races",171,7,0
11/13/2020,Alleghany,"Not Reported",978,7,1
11/13/2020,Portsmouth,"Not Reported",472,9,2
11/13/2020,"Cumberland Plateau","Other Race",7,1,0
11/13/2020,Southside,"Two or more races",91,0,0
11/13/2020,Portsmouth,White,463,48,13
11/13/2020,"Rappahannock Rapidan","Two or more races",50,3,0
11/13/2020,Fairfax,White,5841,600,322
11/13/2020,Fairfax,"Other Race",1042,100,19
11/13/2020,Crater,"Two or more races",16,1,0
11/13/2020,"West Piedmont","Not Reported",809,18,3
11/13/2020,Henrico,"Other Race",234,19,1
11/13/2020,"Three Rivers",White,1045,71,24
11/13/2020,"Central Virginia",Black,560,45,17
11/13/2020,Lenowisco,"Other Race",12,0,0
11/13/2020,"Three Rivers","Other Race",29,3,0
11/13/2020,"Western Tidewater",White,1389,82,78
11/13/2020,"Mount Rogers",Black,105,10,3
11/13/2020,"Three Rivers","Not Reported",265,1,1
11/13/2020,"Thomas Jefferson",Black,661,87,18
11/13/2020,"Eastern Shore",White,314,34,20
11/13/2020,"Central Virginia",White,2581,137,40
11/13/2020,Lenowisco,Black,71,3,1
11/13/2020,"Central Virginia","Two or more races",29,0,0
11/13/2020,Richmond,"Two or more races",57,3,1
11/13/2020,Crater,"Not Reported",1165,11,5
11/13/2020,Chesterfield,"Two or more races",62,7,0
11/13/2020,"New River",Latino,268,5,0
11/13/2020,Richmond,Latino,1507,118,8
11/13/2020,Portsmouth,Latino,101,11,1
11/13/2020,Pittsylvania-Danville,"Not Reported",818,16,1
11/13/2020,Chesapeake,"Not Reported",587,3,0
11/13/2020,Chickahominy,Latino,137,8,0
11/13/2020,Crater,Black,2625,228,75
11/13/2020,Chesterfield,Black,1736,151,36
11/13/2020,Chesterfield,"Other Race",231,15,0
11/13/2020,Peninsula,Black,1514,95,29
11/13/2020,Roanoke,White,995,36,45
11/13/2020,"New River",Black,293,5,1
11/13/2020,Southside,Latino,12,0,0
11/13/2020,Peninsula,Latino,488,24,2
11/13/2020,Rappahannock,"Two or more races",69,3,0
11/13/2020,"Virginia Beach",Black,2100,157,31
11/13/2020,"Mount Rogers","Not Reported",343,10,7
11/13/2020,Loudoun,"Not Reported",2014,4,0
11/13/2020,Chesapeake,"Other Race",70,5,1
11/13/2020,Chickahominy,"Two or more races",11,1,0
11/13/2020,Crater,"Other Race",74,0,1
11/13/2020,Norfolk,"Two or more races",64,5,0
11/13/2020,"Eastern Shore","Two or more races",1,1,0
11/13/2020,"Central Shenandoah",White,4549,233,79
11/13/2020,"New River","Other Race",21,0,0
11/13/2020,"New River",White,3227,83,30
11/13/2020,"Central Shenandoah","Other Race",106,2,0
11/13/2020,"West Piedmont",Black,683,106,21
11/13/2020,Alleghany,Latino,224,13,0
11/13/2020,"Central Shenandoah","Not Reported",1211,6,1
11/13/2020,Roanoke,"Two or more races",22,2,0
11/13/2020,Peninsula,"Two or more races",69,4,1
11/13/2020,Richmond,"Not Reported",841,1,1
11/13/2020,Arlington,"Other Race",132,13,4
11/13/2020,Norfolk,"Not Reported",1120,4,1
11/13/2020,Alexandria,"Other Race",125,10,2
11/13/2020,"Virginia Beach",White,3435,223,64
11/13/2020,Chesapeake,"Two or more races",71,3,0
11/13/2020,Alleghany,White,2140,103,51
11/13/2020,"Rappahannock Rapidan","Other Race",43,4,0
11/13/2020,Chickahominy,"Not Reported",559,3,2
11/13/2020,Portsmouth,Black,1813,250,49
11/13/2020,Chickahominy,"Other Race",31,3,0
11/13/2020,"Virginia Beach",Latino,644,32,4
11/13/2020,Chesapeake,White,2060,183,34
11/13/2020,Southside,Black,691,49,23
11/13/2020,Rappahannock,Latino,1586,119,10
11/13/2020,"Three Rivers","Two or more races",14,1,0
11/13/2020,Henrico,Black,2234,255,101
11/13/2020,Pittsylvania-Danville,Black,963,116,22
11/13/2020,"Lord Fairfax","Two or more races",32,0,0
11/13/2020,"Prince William",Latino,7833,708,80
11/13/2020,"Mount Rogers","Other Race",19,2,2
11/13/2020,"Central Shenandoah",Black,301,17,6
11/13/2020,Peninsula,White,1504,97,53
11/13/2020,"Eastern Shore","Not Reported",78,0,0
11/13/2020,"Thomas Jefferson","Other Race",183,5,1
11/13/2020,Hampton,"Other Race",75,2,1
11/13/2020,"Lord Fairfax","Not Reported",514,5,6
11/13/2020,"Central Virginia","Other Race",37,0,0
11/13/2020,"Western Tidewater","Other Race",87,1,2
11/13/2020,Chesapeake,Latino,432,29,2
11/13/2020,Chesterfield,White,2748,194,95
11/13/2020,"Western Tidewater","Not Reported",1033,6,2
11/13/2020,Fairfax,"Not Reported",2811,43,31
11/13/2020,Arlington,Black,500,93,36
11/13/2020,"Central Virginia",Latino,121,7,4
11/13/2020,Alexandria,"Not Reported",273,3,1
11/13/2020,"Three Rivers",Black,853,63,15
11/13/2020,"Prince William","Two or more races",154,2,0
11/13/2020,Loudoun,"Two or more races",79,4,0
11/13/2020,Peninsula,"Other Race",197,4,0
11/13/2020,"Thomas Jefferson",White,2527,116,56
11/13/2020,Norfolk,"Other Race",118,5,2
11/13/2020,"Prince William","Not Reported",4357,25,1
11/13/2020,"West Piedmont",White,1846,193,68
11/13/2020,Rappahannock,Black,1098,114,20
11/13/2020,Norfolk,Black,2727,294,60
11/13/2020,Roanoke,Latino,524,33,0
11/13/2020,Piedmont,Latino,84,9,2
11/13/2020,Roanoke,"Not Reported",1039,2,0
11/13/2020,"Virginia Beach","Other Race",148,5,0
11/13/2020,Arlington,"Two or more races",61,4,0
11/13/2020,Alexandria,White,971,64,40
11/13/2020,"Lord Fairfax","Other Race",105,6,1
11/13/2020,"Thomas Jefferson","Not Reported",348,3,0
11/13/2020,"Virginia Beach","Not Reported",2180,19,2
11/13/2020,Loudoun,Black,409,36,7
11/13/2020,Pittsylvania-Danville,Latino,109,5,0
11/13/2020,"Cumberland Plateau","Not Reported",173,4,0
11/13/2020,Chesterfield,"Not Reported",1473,4,12
11/13/2020,"Mount Rogers",White,3965,334,141
11/13/2020,Richmond,White,1207,56,24
11/13/2020,Lenowisco,"Not Reported",258,7,5
11/13/2020,"Three Rivers",Latino,198,6,1
11/13/2020,Piedmont,"Not Reported",887,13,4
11/13/2020,"Mount Rogers",Latino,337,7,0
11/13/2020,"Central Shenandoah","Two or more races",65,1,1
11/13/2020,Crater,White,1270,72,31
11/13/2020,Arlington,White,1629,151,74
11/13/2020,Pittsylvania-Danville,"Other Race",5,0,0
11/13/2020,Chickahominy,Black,486,63,12
11/13/2020,Fairfax,Black,2165,269,66
11/13/2020,"Eastern Shore",Latino,284,12,3
11/13/2020,Norfolk,White,1248,75,22
11/13/2020,"Mount Rogers","Two or more races",14,1,0
11/13/2020,Alleghany,"Two or more races",26,1,0
11/13/2020,Southside,White,558,38,22
11/13/2020,"Thomas Jefferson","Two or more races",109,5,0
11/13/2020,"Prince William",Black,1943,197,61
11/13/2020,"Lord Fairfax",White,2856,277,113
11/13/2020,"Cumberland Plateau",Latino,16,0,0
11/13/2020,Arlington,"Not Reported",523,4,0
11/13/2020,Rappahannock,"Other Race",184,5,0
11/13/2020,"Rappahannock Rapidan",Black,398,45,13
11/13/2020,"New River","Two or more races",107,5,1
11/13/2020,Arlington,Latino,2081,264,28
11/13/2020,Henrico,White,2077,174,121
11/13/2020,Loudoun,White,2313,141,95
11/13/2020,Hampton,White,429,16,8
11/13/2020,Alleghany,Black,250,9,5
11/13/2020,"Prince William",White,2565,211,99
11/13/2020,Rappahannock,White,2114,180,61
11/13/2020,Southside,"Other Race",18,1,1
11/13/2020,Portsmouth,"Two or more races",25,6,0
11/13/2020,"Western Tidewater",Black,2200,159,73
11/13/2020,Hampton,Latino,97,5,0
11/13/2020,Henrico,"Not Reported",1136,7,3
11/13/2020,"West Piedmont","Two or more races",19,0,0
11/13/2020,Peninsula,"Not Reported",1732,4,0
11/13/2020,Loudoun,Latino,2846,246,17
11/13/2020,Alexandria,Black,956,105,19
11/13/2020,Piedmont,Black,770,82,24
11/13/2020,Roanoke,"Other Race",39,1,0
11/13/2020,Alexandria,"Two or more races",32,2,0
11/13/2020,"Western Tidewater",Latino,65,1,2
11/13/2020,Rappahannock,"Not Reported",1625,29,0
11/13/2020,"West Piedmont","Other Race",14,2,1
11/13/2020,Chickahominy,White,1494,133,48
11/13/2020,"Thomas Jefferson",Latino,786,35,3
11/13/2020,"Cumberland Plateau",Black,60,0,0
11/13/2020,"Lord Fairfax",Latino,940,64,10
11/13/2020,"West Piedmont",Latino,318,13,1
11/13/2020,"Cumberland Plateau",White,1629,111,17
11/13/2020,"Eastern Shore","Other Race",13,1,0
11/13/2020,"Cumberland Plateau","Two or more races",10,0,0
11/13/2020,Pittsylvania-Danville,"Two or more races",7,0,0
11/13/2020,Piedmont,"Other Race",20,0,0
11/13/2020,Alexandria,Latino,2072,141,13
11/13/2020,Chesapeake,Black,2116,266,37
11/13/2020,Richmond,"Other Race",188,7,2
11/13/2020,Henrico,Latino,1043,63,11
11/13/2020,Piedmont,"Two or more races",20,2,0
11/13/2020,"Prince William","Other Race",757,25,0
11/13/2020,"New River","Not Reported",1199,13,0
11/13/2020,"Rappahannock Rapidan",White,1355,75,29
11/13/2020,"Central Virginia","Not Reported",2313,27,7
11/13/2020,"Virginia Beach","Two or more races",117,6,2
11/13/2020,Pittsylvania-Danville,White,973,89,42
11/13/2020,"Lord Fairfax",Black,197,29,8
11/13/2020,Fairfax,Latino,11965,1107,106
11/13/2020,Chesterfield,"Asian or Pacific Islander",140,7,1
11/13/2020,Crater,"Asian or Pacific Islander",36,0,0
11/13/2020,Fairfax,"Asian or Pacific Islander",2367,296,80
11/13/2020,Hampton,"Asian or Pacific Islander",20,0,0
11/13/2020,"Rappahannock Rapidan","Asian or Pacific Islander",24,1,0
11/13/2020,"Mount Rogers","Asian or Pacific Islander",7,1,0
11/13/2020,"New River","Asian or Pacific Islander",141,0,0
11/13/2020,"Central Virginia","Asian or Pacific Islander",41,1,0
11/13/2020,"Lord Fairfax","Asian or Pacific Islander",26,1,0
11/13/2020,Southside,"Asian or Pacific Islander",3,0,0
11/13/2020,Alleghany,"Asian or Pacific Islander",49,1,0
11/13/2020,Portsmouth,"Asian or Pacific Islander",23,1,0
11/13/2020,Roanoke,"Asian or Pacific Islander",51,3,0
11/13/2020,Richmond,"Asian or Pacific Islander",73,5,1
11/13/2020,"Thomas Jefferson","Asian or Pacific Islander",146,4,1
11/13/2020,"Virginia Beach","Asian or Pacific Islander",362,31,8
11/13/2020,Henrico,"Asian or Pacific Islander",291,13,4
11/13/2020,Piedmont,"Asian or Pacific Islander",13,0,1
11/13/2020,"Western Tidewater","Asian or Pacific Islander",23,2,3
11/13/2020,"West Piedmont","Asian or Pacific Islander",17,2,1
11/13/2020,Chickahominy,"Asian or Pacific Islander",21,1,0
11/13/2020,Peninsula,"Asian or Pacific Islander",77,6,7
11/13/2020,Norfolk,"Asian or Pacific Islander",83,9,0
11/13/2020,Arlington,"Asian or Pacific Islander",260,29,13
11/13/2020,Loudoun,"Asian or Pacific Islander",629,66,13
11/13/2020,Alexandria,"Asian or Pacific Islander",169,11,1
11/13/2020,Rappahannock,"Asian or Pacific Islander",130,11,3
11/13/2020,Chesapeake,"Asian or Pacific Islander",105,12,6
11/13/2020,"Cumberland Plateau and Lenowisco","Asian or Pacific Islander",8,0,0
11/13/2020,"Central Shenandoah","Asian or Pacific Islander",102,2,0
11/13/2020,"Prince William","Asian or Pacific Islander",804,64,22
11/13/2020,Pittsylvania-Danville,"Asian or Pacific Islander",5,0,0
11/13/2020,"Eastern Shore and Three Rivers","Asian or Pacific Islander",14,1,0
11/13/2020,Piedmont,"Native American",7,0,0
11/13/2020,"New River","Native American",5,0,0
11/13/2020,"Central Shenandoah","Native American",4,1,0
11/13/2020,"Eastern Shore and Three Rivers","Native American",5,0,0
11/13/2020,Fairfax,"Native American",39,1,1
11/13/2020,Chesapeake,"Native American",12,0,0
11/13/2020,"Western Tidewater","Native American",4,0,0
11/13/2020,Portsmouth,"Native American",4,2,0
11/13/2020,Richmond,"Native American",4,0,0
11/13/2020,Chickahominy,"Native American",13,1,0
11/13/2020,"Thomas Jefferson","Native American",5,0,0
11/13/2020,Arlington,"Native American",5,0,0
11/13/2020,"Virginia Beach","Native American",16,0,0
11/13/2020,Peninsula,"Native American",7,2,1
11/13/2020,Hampton,"Native American",3,0,1
11/13/2020,"West Piedmont","Native American",3,0,0
11/13/2020,"Cumberland Plateau, Lenowisco, and Mount Rogers","Native American",9,0,0
11/13/2020,Henrico,"Native American",15,0,0
11/13/2020,Norfolk,"Native American",11,1,1
11/13/2020,"Prince William","Native American",33,1,1
11/13/2020,"Central Virginia","Native American",10,0,0
11/13/2020,Chesterfield,"Native American",10,1,0
11/13/2020,Rappahannock,"Native American",7,0,0
11/13/2020,Loudoun,"Native American",6,0,0
11/13/2020,Alexandria,"Native American",4,0,0
11/13/2020,"Alleghany and Roanoke","Native American",5,0,0
11/13/2020,Crater,"Native American",7,1,1
11/13/2020,"Rappahannock Rapidan","Native American",3,0,0
11/13/2020,"Lord Fairfax","Native American",4,1,1
11/13/2020,"Pittsylvania-Danville and Southside","Native American",2,0,0
11/14/2020,"Rappahannock Rapidan","Not Reported",821,11,7
11/14/2020,Portsmouth,"Other Race",66,11,5
11/14/2020,"Western Tidewater","Two or more races",65,1,0
11/14/2020,Piedmont,White,975,81,30
11/14/2020,Chesterfield,Latino,2263,124,9
11/14/2020,Lenowisco,White,1945,122,29
11/14/2020,Lenowisco,"Two or more races",30,1,0
11/14/2020,Hampton,"Not Reported",602,2,1
11/14/2020,Southside,"Not Reported",682,7,5
11/14/2020,Roanoke,Black,738,42,9
11/14/2020,Hampton,Black,1101,80,23
11/14/2020,Alleghany,"Other Race",36,2,0
11/14/2020,Lenowisco,Latino,49,0,0
11/14/2020,Loudoun,"Other Race",342,18,3
11/14/2020,"Central Shenandoah",Latino,1307,63,7
11/14/2020,"Rappahannock Rapidan",Latino,934,69,8
11/14/2020,"Eastern Shore",Black,884,103,29
11/14/2020,Norfolk,Latino,461,30,0
11/14/2020,Hampton,"Two or more races",22,0,0
11/14/2020,Richmond,Black,2044,286,41
11/14/2020,Henrico,"Two or more races",103,7,2
11/14/2020,Fairfax,"Two or more races",172,7,0
11/14/2020,Alleghany,"Not Reported",1004,7,1
11/14/2020,Portsmouth,"Not Reported",471,9,2
11/14/2020,"Cumberland Plateau","Other Race",7,1,0
11/14/2020,Southside,"Two or more races",114,0,0
11/14/2020,Portsmouth,White,466,49,13
11/14/2020,"Rappahannock Rapidan","Two or more races",50,3,0
11/14/2020,Fairfax,White,5882,603,322
11/14/2020,Fairfax,"Other Race",1055,101,20
11/14/2020,Crater,"Two or more races",17,1,0
11/14/2020,"West Piedmont","Not Reported",820,18,3
11/14/2020,Henrico,"Other Race",234,19,1
11/14/2020,"Three Rivers",White,1058,71,24
11/14/2020,"Central Virginia",Black,561,45,17
11/14/2020,Lenowisco,"Other Race",12,0,0
11/14/2020,"Three Rivers","Other Race",32,3,0
11/14/2020,"Western Tidewater",White,1398,84,78
11/14/2020,"Mount Rogers",Black,106,10,3
11/14/2020,"Three Rivers","Not Reported",263,2,1
11/14/2020,"Thomas Jefferson",Black,661,87,18
11/14/2020,"Eastern Shore",White,318,34,20
11/14/2020,"Central Virginia",White,2607,138,39
11/14/2020,Lenowisco,Black,71,3,1
11/14/2020,"Central Virginia","Two or more races",30,0,0
11/14/2020,Richmond,"Two or more races",57,3,1
11/14/2020,Crater,"Not Reported",1164,11,5
11/14/2020,Chesterfield,"Two or more races",63,7,0
11/14/2020,"New River",Latino,268,5,0
11/14/2020,Richmond,Latino,1511,118,8
11/14/2020,Portsmouth,Latino,102,11,1
11/14/2020,Pittsylvania-Danville,"Not Reported",817,16,1
11/14/2020,Chesapeake,"Not Reported",594,3,0
11/14/2020,Chickahominy,Latino,137,8,0
11/14/2020,Crater,Black,2635,228,75
11/14/2020,Chesterfield,Black,1740,151,36
11/14/2020,Chesterfield,"Other Race",232,15,0
11/14/2020,Peninsula,Black,1529,97,30
11/14/2020,Roanoke,White,1005,36,44
11/14/2020,"New River",Black,293,5,1
11/14/2020,Southside,Latino,14,0,0
11/14/2020,Peninsula,Latino,497,24,2
11/14/2020,Rappahannock,"Two or more races",69,3,0
11/14/2020,"Virginia Beach",Black,2120,159,31
11/14/2020,"Mount Rogers","Not Reported",361,11,7
11/14/2020,Loudoun,"Not Reported",2020,4,0
11/14/2020,Chesapeake,"Other Race",73,5,1
11/14/2020,Chickahominy,"Two or more races",11,1,0
11/14/2020,Crater,"Other Race",74,0,1
11/14/2020,Norfolk,"Two or more races",65,5,0
11/14/2020,"Eastern Shore","Two or more races",1,1,0
11/14/2020,"Central Shenandoah",White,4584,234,79
11/14/2020,"New River","Other Race",21,0,0
11/14/2020,"New River",White,3246,84,30
11/14/2020,"Central Shenandoah","Other Race",107,2,0
11/14/2020,"West Piedmont",Black,691,106,23
11/14/2020,Alleghany,Latino,225,13,0
11/14/2020,"Central Shenandoah","Not Reported",1232,6,1
11/14/2020,Roanoke,"Two or more races",23,2,0
11/14/2020,Peninsula,"Two or more races",70,4,1
11/14/2020,Richmond,"Not Reported",854,2,1
11/14/2020,Arlington,"Other Race",132,13,4
11/14/2020,Norfolk,"Not Reported",1093,4,1
11/14/2020,Alexandria,"Other Race",125,10,2
11/14/2020,"Virginia Beach",White,3494,224,65
11/14/2020,Chesapeake,"Two or more races",71,3,0
11/14/2020,Alleghany,White,2197,104,53
11/14/2020,"Rappahannock Rapidan","Other Race",44,4,0
11/14/2020,Chickahominy,"Not Reported",569,3,2
11/14/2020,Portsmouth,Black,1820,254,49
11/14/2020,Chickahominy,"Other Race",31,3,0
11/14/2020,"Virginia Beach",Latino,647,33,4
11/14/2020,Chesapeake,White,2084,183,34
11/14/2020,Southside,Black,697,50,23
11/14/2020,Rappahannock,Latino,1597,119,10
11/14/2020,"Three Rivers","Two or more races",15,1,0
11/14/2020,Henrico,Black,2242,256,101
11/14/2020,Pittsylvania-Danville,Black,969,116,22
11/14/2020,"Lord Fairfax","Two or more races",32,0,0
11/14/2020,"Prince William",Latino,7853,710,81
11/14/2020,"Mount Rogers","Other Race",20,2,2
11/14/2020,"Central Shenandoah",Black,304,17,6
11/14/2020,Peninsula,White,1518,98,53
11/14/2020,"Eastern Shore","Not Reported",77,0,0
11/14/2020,"Thomas Jefferson","Other Race",185,7,1
11/14/2020,Hampton,"Other Race",75,3,1
11/14/2020,"Lord Fairfax","Not Reported",521,5,6
11/14/2020,"Central Virginia","Other Race",38,0,0
11/14/2020,"Western Tidewater","Other Race",87,1,2
11/14/2020,Crater,Latino,272,11,5
11/14/2020,Chesapeake,Latino,434,29,2
11/14/2020,Chesterfield,White,2770,196,95
11/14/2020,"Western Tidewater","Not Reported",1036,6,2
11/14/2020,Fairfax,"Not Reported",2791,41,30
11/14/2020,Arlington,Black,500,93,36
11/14/2020,"Central Virginia",Latino,123,7,4
11/14/2020,Alexandria,"Not Reported",272,3,1
11/14/2020,"Three Rivers",Black,855,64,15
11/14/2020,"Prince William","Two or more races",153,2,0
11/14/2020,Loudoun,"Two or more races",80,4,0
11/14/2020,Peninsula,"Other Race",201,4,0
11/14/2020,"Thomas Jefferson",White,2543,118,57
11/14/2020,Norfolk,"Other Race",121,5,2
11/14/2020,"Prince William","Not Reported",4395,25,1
11/14/2020,"West Piedmont",White,1874,195,68
11/14/2020,Rappahannock,Black,1108,114,20
11/14/2020,Norfolk,Black,2756,296,61
11/14/2020,Roanoke,Latino,527,33,0
11/14/2020,Piedmont,Latino,84,9,2
11/14/2020,Roanoke,"Not Reported",1035,2,0
11/14/2020,"Virginia Beach","Other Race",151,5,0
11/14/2020,Arlington,"Two or more races",62,4,0
11/14/2020,Alexandria,White,976,64,40
11/14/2020,"Lord Fairfax","Other Race",104,6,1
11/14/2020,"Thomas Jefferson","Not Reported",346,3,0
11/14/2020,"Virginia Beach","Not Reported",2183,18,2
11/14/2020,Loudoun,Black,413,36,7
11/14/2020,Pittsylvania-Danville,Latino,112,5,0
11/14/2020,"Cumberland Plateau","Not Reported",176,4,0
11/14/2020,Chesterfield,"Not Reported",1498,4,12
11/14/2020,"Mount Rogers",White,4058,338,141
11/14/2020,Richmond,White,1215,56,24
11/14/2020,Lenowisco,"Not Reported",266,7,5
11/14/2020,"Three Rivers",Latino,199,6,1
11/14/2020,Piedmont,"Not Reported",887,13,4
11/14/2020,"Mount Rogers",Latino,341,7,0
11/14/2020,"Central Shenandoah","Two or more races",64,1,1
11/14/2020,Crater,White,1273,72,31
11/14/2020,Arlington,White,1654,151,75
11/14/2020,Pittsylvania-Danville,"Other Race",5,0,0
11/14/2020,Chickahominy,Black,488,63,13
11/14/2020,Fairfax,Black,2178,270,66
11/14/2020,"Eastern Shore",Latino,284,12,3
11/14/2020,Norfolk,White,1273,75,22
11/14/2020,"Mount Rogers","Two or more races",14,1,0
11/14/2020,Alleghany,"Two or more races",26,1,0
11/14/2020,Southside,White,567,38,22
11/14/2020,"Thomas Jefferson","Two or more races",110,5,0
11/14/2020,"Prince William",Black,1954,198,61
11/14/2020,"Lord Fairfax",White,2921,281,113
11/14/2020,"Cumberland Plateau",Latino,16,0,0
11/14/2020,Arlington,"Not Reported",530,4,1
11/14/2020,Rappahannock,"Other Race",191,5,0
11/14/2020,"Rappahannock Rapidan",Black,400,45,13
11/14/2020,"New River","Two or more races",107,5,1
11/14/2020,Arlington,Latino,2096,265,28
11/14/2020,Henrico,White,2090,176,121
11/14/2020,Loudoun,White,2346,141,95
11/14/2020,Hampton,White,434,16,8
11/14/2020,Alleghany,Black,253,9,5
11/14/2020,"Prince William",White,2576,211,99
11/14/2020,Rappahannock,White,2149,181,62
11/14/2020,Southside,"Other Race",19,1,1
11/14/2020,Portsmouth,"Two or more races",25,6,0
11/14/2020,"Western Tidewater",Black,2208,161,73
11/14/2020,Hampton,Latino,99,5,0
11/14/2020,Henrico,"Not Reported",1144,7,3
11/14/2020,"West Piedmont","Two or more races",19,0,0
11/14/2020,Peninsula,"Not Reported",1738,4,0
11/14/2020,Loudoun,Latino,2860,246,17
11/14/2020,Alexandria,Black,958,105,19
11/14/2020,Piedmont,Black,773,82,24
11/14/2020,Roanoke,"Other Race",39,1,0
11/14/2020,Alexandria,"Two or more races",32,2,0
11/14/2020,"Western Tidewater",Latino,65,1,2
11/14/2020,Rappahannock,"Not Reported",1640,30,0
11/14/2020,"West Piedmont","Other Race",14,2,1
11/14/2020,Chickahominy,White,1505,134,49
11/14/2020,"Thomas Jefferson",Latino,790,35,3
11/14/2020,"Cumberland Plateau",Black,60,0,0
11/14/2020,"Lord Fairfax",Latino,945,64,10
11/14/2020,"West Piedmont",Latino,320,13,1
11/14/2020,"Cumberland Plateau",White,1665,112,17
11/14/2020,"Eastern Shore","Other Race",13,1,0
11/14/2020,"Cumberland Plateau","Two or more races",11,0,0
11/14/2020,Pittsylvania-Danville,"Two or more races",7,0,0
11/14/2020,Piedmont,"Other Race",20,0,0
11/14/2020,Alexandria,Latino,2084,141,13
11/14/2020,Chesapeake,Black,2126,268,37
11/14/2020,Richmond,"Other Race",189,7,2
11/14/2020,Henrico,Latino,1043,63,11
11/14/2020,Piedmont,"Two or more races",20,2,0
11/14/2020,"Prince William","Other Race",760,25,0
11/14/2020,"New River","Not Reported",1203,13,0
11/14/2020,"Rappahannock Rapidan",White,1366,77,29
11/14/2020,"Central Virginia","Not Reported",2305,28,7
11/14/2020,"Virginia Beach","Two or more races",118,6,2
11/14/2020,Pittsylvania-Danville,White,987,89,42
11/14/2020,"Lord Fairfax",Black,201,29,8
11/14/2020,Fairfax,Latino,12018,1109,106
11/14/2020,Chesterfield,"Asian or Pacific Islander",141,7,1
11/14/2020,Crater,"Asian or Pacific Islander",36,0,0
11/14/2020,Fairfax,"Asian or Pacific Islander",2383,296,80
11/14/2020,Hampton,"Asian or Pacific Islander",20,0,0
11/14/2020,"Rappahannock Rapidan","Asian or Pacific Islander",24,1,0
11/14/2020,"Mount Rogers","Asian or Pacific Islander",9,1,0
11/14/2020,"New River","Asian or Pacific Islander",144,0,0
11/14/2020,"Central Virginia","Asian or Pacific Islander",41,1,0
11/14/2020,"Lord Fairfax","Asian or Pacific Islander",26,1,0
11/14/2020,Southside,"Asian or Pacific Islander",3,0,0
11/14/2020,Alleghany,"Asian or Pacific Islander",49,1,0
11/14/2020,Portsmouth,"Asian or Pacific Islander",23,1,0
11/14/2020,Roanoke,"Asian or Pacific Islander",53,4,0
11/14/2020,Richmond,"Asian or Pacific Islander",73,5,1
11/14/2020,"Thomas Jefferson","Asian or Pacific Islander",148,4,1
11/14/2020,"Virginia Beach","Asian or Pacific Islander",365,31,8
11/14/2020,Henrico,"Asian or Pacific Islander",295,13,4
11/14/2020,Piedmont,"Asian or Pacific Islander",13,0,1
11/14/2020,"Western Tidewater","Asian or Pacific Islander",23,2,3
11/14/2020,"West Piedmont","Asian or Pacific Islander",17,2,1
11/14/2020,Chickahominy,"Asian or Pacific Islander",21,1,0
11/14/2020,Peninsula,"Asian or Pacific Islander",78,6,7
11/14/2020,Norfolk,"Asian or Pacific Islander",83,9,0
11/14/2020,Arlington,"Asian or Pacific Islander",262,29,13
11/14/2020,Loudoun,"Asian or Pacific Islander",639,66,13
11/14/2020,Alexandria,"Asian or Pacific Islander",168,11,1
11/14/2020,Rappahannock,"Asian or Pacific Islander",132,11,3
11/14/2020,Chesapeake,"Asian or Pacific Islander",105,12,6
11/14/2020,"Cumberland Plateau and Lenowisco","Asian or Pacific Islander",9,0,0
11/14/2020,"Central Shenandoah","Asian or Pacific Islander",102,2,0
11/14/2020,"Prince William","Asian or Pacific Islander",805,64,22
11/14/2020,Pittsylvania-Danville,"Asian or Pacific Islander",5,0,0
11/14/2020,"Eastern Shore and Three Rivers","Asian or Pacific Islander",15,1,0
11/14/2020,Piedmont,"Native American",7,0,0
11/14/2020,"New River","Native American",5,0,0
11/14/2020,"Central Shenandoah","Native American",4,1,0
11/14/2020,"Eastern Shore and Three Rivers","Native American",5,0,0
11/14/2020,Fairfax,"Native American",39,1,1
11/14/2020,Chesapeake,"Native American",12,0,0
11/14/2020,"Western Tidewater","Native American",5,0,0
11/14/2020,Portsmouth,"Native American",4,2,0
11/14/2020,Richmond,"Native American",4,0,0
11/14/2020,Chickahominy,"Native American",13,1,0
11/14/2020,"Thomas Jefferson","Native American",5,0,0
11/14/2020,Arlington,"Native American",5,0,0
11/14/2020,"Virginia Beach","Native American",16,0,0
11/14/2020,Peninsula,"Native American",7,2,1
11/14/2020,Hampton,"Native American",3,0,1
11/14/2020,"West Piedmont","Native American",3,0,0
11/14/2020,"Cumberland Plateau, Lenowisco, and Mount Rogers","Native American",9,0,0
11/14/2020,Henrico,"Native American",15,0,0
11/14/2020,Norfolk,"Native American",11,1,1
11/14/2020,"Prince William","Native American",33,1,1
11/14/2020,"Central Virginia","Native American",9,0,0
11/14/2020,Chesterfield,"Native American",10,1,0
11/14/2020,Rappahannock,"Native American",8,0,0
11/14/2020,Loudoun,"Native American",6,0,0
11/14/2020,Alexandria,"Native American",4,0,0
11/14/2020,"Alleghany and Roanoke","Native American",5,0,0
11/14/2020,Crater,"Native American",7,1,1
11/14/2020,"Rappahannock Rapidan","Native American",3,0,0
11/14/2020,"Lord Fairfax","Native American",4,1,1
11/14/2020,"Pittsylvania-Danville and Southside","Native American",2,0,0
11/15/2020,"Rappahannock Rapidan","Not Reported",836,11,7
11/15/2020,Portsmouth,"Other Race",66,11,5
11/15/2020,"Western Tidewater","Two or more races",67,1,0
11/15/2020,Piedmont,White,980,81,30
11/15/2020,Chesterfield,Latino,2269,124,9
11/15/2020,Lenowisco,White,1976,127,30
11/15/2020,Lenowisco,"Two or more races",30,1,0
11/15/2020,Hampton,"Not Reported",607,2,1
11/15/2020,Southside,"Not Reported",684,7,5
11/15/2020,Roanoke,Black,742,42,9
11/15/2020,Hampton,Black,1114,80,23
11/15/2020,Alleghany,"Other Race",36,2,0
11/15/2020,Lenowisco,Latino,52,0,0
11/15/2020,Loudoun,"Other Race",368,18,3
11/15/2020,"Central Shenandoah",Latino,1307,63,7
11/15/2020,"Rappahannock Rapidan",Latino,938,69,8
11/15/2020,"Eastern Shore",Black,885,103,29
11/15/2020,Norfolk,Latino,461,30,0
11/15/2020,Hampton,"Two or more races",22,0,0
11/15/2020,Richmond,Black,2047,286,41
11/15/2020,Henrico,"Two or more races",103,7,2
11/15/2020,Fairfax,"Two or more races",173,8,0
11/15/2020,Alleghany,"Not Reported",1010,7,1
11/15/2020,Portsmouth,"Not Reported",480,9,2
11/15/2020,"Cumberland Plateau","Other Race",7,1,0
11/15/2020,Southside,"Two or more races",114,0,0
11/15/2020,Portsmouth,White,473,49,13
11/15/2020,"Rappahannock Rapidan","Two or more races",50,3,0
11/15/2020,Fairfax,White,5916,605,322
11/15/2020,Fairfax,"Other Race",1071,101,20
11/15/2020,Crater,"Two or more races",18,1,0
11/15/2020,"West Piedmont","Not Reported",815,16,3
11/15/2020,Henrico,"Other Race",235,19,1
11/15/2020,"Three Rivers",White,1067,71,24
11/15/2020,"Central Virginia",Black,566,45,17
11/15/2020,Lenowisco,"Other Race",12,0,0
11/15/2020,"Three Rivers","Other Race",32,3,0
11/15/2020,"Western Tidewater",White,1416,84,78
11/15/2020,"Mount Rogers",Black,109,10,3
11/15/2020,"Three Rivers","Not Reported",266,2,1
11/15/2020,"Thomas Jefferson",Black,662,87,18
11/15/2020,"Eastern Shore",White,320,34,20
11/15/2020,"Central Virginia",White,2619,138,39
11/15/2020,Lenowisco,Black,74,3,1
11/15/2020,"Central Virginia","Two or more races",30,0,0
11/15/2020,Richmond,"Two or more races",57,3,1
11/15/2020,Crater,"Not Reported",1169,11,5
11/15/2020,Chesterfield,"Two or more races",63,7,0
11/15/2020,"New River",Latino,269,5,0
11/15/2020,Richmond,Latino,1513,118,8
11/15/2020,Portsmouth,Latino,102,11,1
11/15/2020,Pittsylvania-Danville,"Not Reported",820,16,1
11/15/2020,Chesapeake,"Not Reported",599,3,0
11/15/2020,Chickahominy,Latino,137,8,0
11/15/2020,Crater,Black,2636,228,75
11/15/2020,Chesterfield,Black,1745,152,36
11/15/2020,Chesterfield,"Other Race",237,15,0
11/15/2020,Peninsula,Black,1535,97,30
11/15/2020,Roanoke,White,1006,36,44
11/15/2020,"New River",Black,294,5,1
11/15/2020,Southside,Latino,14,0,0
11/15/2020,Peninsula,Latino,498,24,2
11/15/2020,Rappahannock,"Two or more races",69,3,0
11/15/2020,"Virginia Beach",Black,2125,160,31
11/15/2020,"Mount Rogers","Not Reported",371,11,7
11/15/2020,Loudoun,"Not Reported",2040,4,0
11/15/2020,Chesapeake,"Other Race",73,5,1
11/15/2020,Chickahominy,"Two or more races",11,1,0
11/15/2020,Crater,"Other Race",75,0,1
11/15/2020,Norfolk,"Two or more races",65,5,0
11/15/2020,"Eastern Shore","Two or more races",1,1,0
11/15/2020,"Central Shenandoah",White,4594,234,79
11/15/2020,"New River","Other Race",21,0,0
11/15/2020,"New River",White,3267,84,30
11/15/2020,"Central Shenandoah","Other Race",107,2,0
11/15/2020,"West Piedmont",Black,702,107,23
11/15/2020,Alleghany,Latino,226,13,0
11/15/2020,"Central Shenandoah","Not Reported",1234,6,1
11/15/2020,Roanoke,"Two or more races",23,2,0
11/15/2020,Peninsula,"Two or more races",70,4,1
11/15/2020,Richmond,"Not Reported",860,2,1
11/15/2020,Arlington,"Other Race",133,14,4
11/15/2020,Norfolk,"Not Reported",1093,4,1
11/15/2020,Alexandria,"Other Race",126,10,2
11/15/2020,"Virginia Beach",White,3514,224,65
11/15/2020,Chesapeake,"Two or more races",71,3,0
11/15/2020,Alleghany,White,2216,105,53
11/15/2020,"Rappahannock Rapidan","Other Race",44,4,0
11/15/2020,Chickahominy,"Not Reported",570,3,2
11/15/2020,Portsmouth,Black,1823,254,49
11/15/2020,Chickahominy,"Other Race",31,3,0
11/15/2020,"Virginia Beach",Latino,652,33,4
11/15/2020,Chesapeake,White,2084,183,34
11/15/2020,Southside,Black,700,50,23
11/15/2020,Rappahannock,Latino,1599,119,10
11/15/2020,"Three Rivers","Two or more races",15,1,0
11/15/2020,Henrico,Black,2248,256,101
11/15/2020,Pittsylvania-Danville,Black,970,116,22
11/15/2020,"Lord Fairfax","Two or more races",33,0,0
11/15/2020,"Prince William",Latino,7861,710,81
11/15/2020,"Mount Rogers","Other Race",20,2,2
11/15/2020,"Central Shenandoah",Black,304,17,6
11/15/2020,Peninsula,White,1523,98,53
11/15/2020,"Eastern Shore","Not Reported",77,0,0
11/15/2020,"Thomas Jefferson","Other Race",187,7,1
11/15/2020,Hampton,"Other Race",76,3,1
11/15/2020,"Lord Fairfax","Not Reported",522,5,6
11/15/2020,"Central Virginia","Other Race",38,0,0
11/15/2020,"Western Tidewater","Other Race",87,1,2
11/15/2020,Crater,Latino,272,11,5
11/15/2020,Chesapeake,Latino,434,29,2
11/15/2020,Chesterfield,White,2783,197,95
11/15/2020,"Western Tidewater","Not Reported",1052,6,2
11/15/2020,Fairfax,"Not Reported",2850,41,30
11/15/2020,Arlington,Black,502,93,36
11/15/2020,"Central Virginia",Latino,123,7,4
11/15/2020,Alexandria,"Not Reported",280,3,1
11/15/2020,"Three Rivers",Black,857,64,15
11/15/2020,"Prince William","Two or more races",153,2,0
11/15/2020,Loudoun,"Two or more races",84,4,0
11/15/2020,Peninsula,"Other Race",201,4,0
11/15/2020,"Thomas Jefferson",White,2558,118,57
11/15/2020,Norfolk,"Other Race",121,5,2
11/15/2020,"Prince William","Not Reported",4423,25,1
11/15/2020,"West Piedmont",White,1900,197,68
11/15/2020,Rappahannock,Black,1110,114,20
11/15/2020,Norfolk,Black,2761,296,61
11/15/2020,Roanoke,Latino,527,33,0
11/15/2020,Piedmont,Latino,84,9,2
11/15/2020,Roanoke,"Not Reported",1049,2,0
11/15/2020,"Virginia Beach","Other Race",152,5,0
11/15/2020,Arlington,"Two or more races",62,4,0
11/15/2020,Alexandria,White,978,64,40
11/15/2020,"Lord Fairfax","Other Race",106,6,1
11/15/2020,"Thomas Jefferson","Not Reported",355,3,0
11/15/2020,"Virginia Beach","Not Reported",2222,18,2
11/15/2020,Loudoun,Black,413,36,7
11/15/2020,Pittsylvania-Danville,Latino,112,5,0
11/15/2020,"Cumberland Plateau","Not Reported",176,4,0
11/15/2020,Chesterfield,"Not Reported",1508,4,12
11/15/2020,"Mount Rogers",White,4086,339,141
11/15/2020,Richmond,White,1219,56,24
11/15/2020,Lenowisco,"Not Reported",277,7,5
11/15/2020,"Three Rivers",Latino,199,6,1
11/15/2020,Piedmont,"Not Reported",889,13,4
11/15/2020,"Mount Rogers",Latino,341,7,0
11/15/2020,"Central Shenandoah","Two or more races",64,1,1
11/15/2020,Crater,White,1276,72,31
11/15/2020,Arlington,White,1668,152,75
11/15/2020,Pittsylvania-Danville,"Other Race",5,0,0
11/15/2020,Chickahominy,Black,489,63,13
11/15/2020,Fairfax,Black,2188,270,66
11/15/2020,"Eastern Shore",Latino,284,12,3
11/15/2020,Norfolk,White,1277,75,22
11/15/2020,"Mount Rogers","Two or more races",15,1,0
11/15/2020,Alleghany,"Two or more races",26,1,0
11/15/2020,Southside,White,571,38,22
11/15/2020,"Thomas Jefferson","Two or more races",110,5,0
11/15/2020,"Prince William",Black,1965,198,61
11/15/2020,"Lord Fairfax",White,2951,283,113
11/15/2020,"Cumberland Plateau",Latino,16,0,0
11/15/2020,Arlington,"Not Reported",546,4,1
11/15/2020,Rappahannock,"Other Race",196,5,0
11/15/2020,"Rappahannock Rapidan",Black,404,45,13
11/15/2020,"New River","Two or more races",109,5,1
11/15/2020,Arlington,Latino,2119,265,28
11/15/2020,Henrico,White,2098,176,121
11/15/2020,Loudoun,White,2386,142,95
11/15/2020,Hampton,White,435,16,8
11/15/2020,Alleghany,Black,253,9,5
11/15/2020,"Prince William",White,2583,211,99
11/15/2020,Rappahannock,White,2163,181,62
11/15/2020,Southside,"Other Race",19,1,1
11/15/2020,Portsmouth,"Two or more races",25,6,0
11/15/2020,"Western Tidewater",Black,2215,161,73
11/15/2020,Hampton,Latino,99,5,0
11/15/2020,Henrico,"Not Reported",1160,7,3
11/15/2020,"West Piedmont","Two or more races",19,0,0
11/15/2020,Peninsula,"Not Reported",1746,5,0
11/15/2020,Loudoun,Latino,2867,246,17
11/15/2020,Alexandria,Black,958,105,19
11/15/2020,Piedmont,Black,774,82,24
11/15/2020,Roanoke,"Other Race",40,1,0
11/15/2020,Alexandria,"Two or more races",33,2,0
11/15/2020,"Western Tidewater",Latino,65,1,2
11/15/2020,Rappahannock,"Not Reported",1646,30,0
11/15/2020,"West Piedmont","Other Race",15,2,1
11/15/2020,Chickahominy,White,1512,136,49
11/15/2020,"Thomas Jefferson",Latino,794,35,3
11/15/2020,"Cumberland Plateau",Black,60,0,0
11/15/2020,"Lord Fairfax",Latino,947,64,10
11/15/2020,"West Piedmont",Latino,326,13,1
11/15/2020,"Cumberland Plateau",White,1673,112,17
11/15/2020,"Eastern Shore","Other Race",13,1,0
11/15/2020,"Cumberland Plateau","Two or more races",11,0,0
11/15/2020,Pittsylvania-Danville,"Two or more races",7,0,0
11/15/2020,Piedmont,"Other Race",20,0,0
11/15/2020,Alexandria,Latino,2088,141,13
11/15/2020,Chesapeake,Black,2128,268,37
11/15/2020,Richmond,"Other Race",190,7,2
11/15/2020,Henrico,Latino,1046,63,11
11/15/2020,Piedmont,"Two or more races",20,2,0
11/15/2020,"Prince William","Other Race",766,25,0
11/15/2020,"New River","Not Reported",1203,13,0
11/15/2020,"Rappahannock Rapidan",White,1396,77,29
11/15/2020,"Central Virginia","Not Reported",2316,28,7
11/15/2020,"Virginia Beach","Two or more races",118,6,2
11/15/2020,Pittsylvania-Danville,White,989,89,42
11/15/2020,"Lord Fairfax",Black,203,29,8
11/15/2020,Fairfax,Latino,12063,1110,106
11/15/2020,Chesterfield,"Asian or Pacific Islander",141,7,1
11/15/2020,Crater,"Asian or Pacific Islander",37,0,0
11/15/2020,Fairfax,"Asian or Pacific Islander",2395,297,80
11/15/2020,Hampton,"Asian or Pacific Islander",20,0,0
11/15/2020,"Rappahannock Rapidan","Asian or Pacific Islander",24,1,0
11/15/2020,"Mount Rogers","Asian or Pacific Islander",9,1,0
11/15/2020,"New River","Asian or Pacific Islander",145,0,0
11/15/2020,"Central Virginia","Asian or Pacific Islander",41,1,0
11/15/2020,"Lord Fairfax","Asian or Pacific Islander",26,1,0
11/15/2020,Southside,"Asian or Pacific Islander",3,0,0
11/15/2020,Alleghany,"Asian or Pacific Islander",49,1,0
11/15/2020,Portsmouth,"Asian or Pacific Islander",24,1,0
11/15/2020,Roanoke,"Asian or Pacific Islander",53,4,0
11/15/2020,Richmond,"Asian or Pacific Islander",73,5,1
11/15/2020,"Thomas Jefferson","Asian or Pacific Islander",148,4,1
11/15/2020,"Virginia Beach","Asian or Pacific Islander",365,31,8
11/15/2020,Henrico,"Asian or Pacific Islander",295,13,4
11/15/2020,Piedmont,"Asian or Pacific Islander",13,0,1
11/15/2020,"Western Tidewater","Asian or Pacific Islander",23,2,3
11/15/2020,"West Piedmont","Asian or Pacific Islander",18,2,1
11/15/2020,Chickahominy,"Asian or Pacific Islander",21,1,0
11/15/2020,Peninsula,"Asian or Pacific Islander",78,6,7
11/15/2020,Norfolk,"Asian or Pacific Islander",83,9,0
11/15/2020,Arlington,"Asian or Pacific Islander",263,29,13
11/15/2020,Loudoun,"Asian or Pacific Islander",646,66,13
11/15/2020,Alexandria,"Asian or Pacific Islander",168,11,1
11/15/2020,Rappahannock,"Asian or Pacific Islander",133,11,3
11/15/2020,Chesapeake,"Asian or Pacific Islander",105,12,6
11/15/2020,"Cumberland Plateau and Lenowisco","Asian or Pacific Islander",9,0,0
11/15/2020,"Central Shenandoah","Asian or Pacific Islander",102,2,0
11/15/2020,"Prince William","Asian or Pacific Islander",810,64,22
11/15/2020,Pittsylvania-Danville,"Asian or Pacific Islander",5,0,0
11/15/2020,"Eastern Shore and Three Rivers","Asian or Pacific Islander",15,1,0
11/15/2020,Piedmont,"Native American",7,0,0
11/15/2020,"New River","Native American",5,0,0
11/15/2020,"Central Shenandoah","Native American",4,1,0
11/15/2020,"Eastern Shore and Three Rivers","Native American",5,0,0
11/15/2020,Fairfax,"Native American",39,1,1
11/15/2020,Chesapeake,"Native American",12,0,0
11/15/2020,"Western Tidewater","Native American",5,0,0
11/15/2020,Portsmouth,"Native American",4,2,0
11/15/2020,Richmond,"Native American",4,0,0
11/15/2020,Chickahominy,"Native American",13,1,0
11/15/2020,"Thomas Jefferson","Native American",5,0,0
11/15/2020,Arlington,"Native American",5,0,0
11/15/2020,"Virginia Beach","Native American",16,0,0
11/15/2020,Peninsula,"Native American",7,2,1
11/15/2020,Hampton,"Native American",3,0,1
11/15/2020,"West Piedmont","Native American",3,0,0
11/15/2020,"Cumberland Plateau, Lenowisco, and Mount Rogers","Native American",9,0,0
11/15/2020,Henrico,"Native American",15,0,0
11/15/2020,Norfolk,"Native American",11,1,1
11/15/2020,"Prince William","Native American",33,1,1
11/15/2020,"Central Virginia","Native American",9,0,0
11/15/2020,Chesterfield,"Native American",10,1,0
11/15/2020,Rappahannock,"Native American",9,0,0
11/15/2020,Loudoun,"Native American",6,0,0
11/15/2020,Alexandria,"Native American",4,0,0
11/15/2020,"Alleghany and Roanoke","Native American",5,0,0
11/15/2020,Crater,"Native American",7,1,1
11/15/2020,"Rappahannock Rapidan","Native American",3,0,0
11/15/2020,"Lord Fairfax","Native American",4,1,1
11/15/2020,"Pittsylvania-Danville and Southside","Native American",2,0,0
11/16/2020,"Rappahannock Rapidan","Not Reported",863,11,7
11/16/2020,Portsmouth,"Other Race",68,11,5
11/16/2020,"Western Tidewater","Two or more races",67,1,0
11/16/2020,Piedmont,White,987,82,31
11/16/2020,Chesterfield,Latino,2293,124,9
11/16/2020,Lenowisco,White,1993,127,30
11/16/2020,Lenowisco,"Two or more races",31,1,0
11/16/2020,Hampton,"Not Reported",626,2,1
11/16/2020,Southside,"Not Reported",687,7,5
11/16/2020,Roanoke,Black,749,42,9
11/16/2020,Hampton,Black,1132,81,23
11/16/2020,Alleghany,"Other Race",36,2,0
11/16/2020,Lenowisco,Latino,52,0,0
11/16/2020,Loudoun,"Other Race",378,18,3
11/16/2020,"Central Shenandoah",Latino,1310,63,7
11/16/2020,"Rappahannock Rapidan",Latino,948,69,8
11/16/2020,"Eastern Shore",Black,886,103,29
11/16/2020,Norfolk,Latino,473,30,0
11/16/2020,Hampton,"Two or more races",22,0,0
11/16/2020,Richmond,Black,2064,286,41
11/16/2020,Henrico,"Two or more races",105,7,2
11/16/2020,Fairfax,"Two or more races",182,9,0
11/16/2020,Alleghany,"Not Reported",1004,7,1
11/16/2020,Portsmouth,"Not Reported",487,9,2
11/16/2020,"Cumberland Plateau","Other Race",7,1,0
11/16/2020,Southside,"Two or more races",127,0,0
11/16/2020,Portsmouth,White,480,50,13
11/16/2020,"Rappahannock Rapidan","Two or more races",50,3,0
11/16/2020,Fairfax,White,6018,605,322
11/16/2020,Fairfax,"Other Race",1110,102,20
11/16/2020,Crater,"Two or more races",18,1,0
11/16/2020,"West Piedmont","Not Reported",795,15,3
11/16/2020,Henrico,"Other Race",237,19,1
11/16/2020,"Three Rivers",White,1071,72,24
11/16/2020,"Central Virginia",Black,576,45,17
11/16/2020,Lenowisco,"Other Race",12,0,0
11/16/2020,"Three Rivers","Other Race",32,3,0
11/16/2020,"Western Tidewater",White,1424,84,78
11/16/2020,"Mount Rogers",Black,114,10,3
11/16/2020,"Three Rivers","Not Reported",273,2,1
11/16/2020,"Thomas Jefferson",Black,667,87,18
11/16/2020,"Eastern Shore",White,324,34,20
11/16/2020,"Central Virginia",White,2655,138,41
11/16/2020,Lenowisco,Black,74,3,1
11/16/2020,"Central Virginia","Two or more races",30,0,0
11/16/2020,Richmond,"Two or more races",57,3,1
11/16/2020,Crater,"Not Reported",1178,11,5
11/16/2020,Chesterfield,"Two or more races",66,8,0
11/16/2020,"New River",Latino,269,5,0
11/16/2020,Richmond,Latino,1515,118,8
11/16/2020,Portsmouth,Latino,102,11,1
11/16/2020,Pittsylvania-Danville,"Not Reported",834,16,1
11/16/2020,Chesapeake,"Not Reported",622,3,0
11/16/2020,Chickahominy,Latino,140,8,0
11/16/2020,Crater,Black,2643,228,76
11/16/2020,Chesterfield,Black,1760,151,36
11/16/2020,Chesterfield,"Other Race",239,15,0
11/16/2020,Peninsula,Black,1560,97,30
11/16/2020,Roanoke,White,1017,37,44
11/16/2020,"New River",Black,296,5,1
11/16/2020,Southside,Latino,14,0,0
11/16/2020,Peninsula,Latino,504,24,2
11/16/2020,Rappahannock,"Two or more races",69,3,0
11/16/2020,"Virginia Beach",Black,2141,160,30
11/16/2020,"Mount Rogers","Not Reported",398,11,7
11/16/2020,Loudoun,"Not Reported",2085,4,0
11/16/2020,Chesapeake,"Other Race",73,5,1
11/16/2020,Chickahominy,"Two or more races",12,1,0
11/16/2020,Crater,"Other Race",75,0,1
11/16/2020,Norfolk,"Two or more races",66,5,0
11/16/2020,"Eastern Shore","Two or more races",1,1,0
11/16/2020,"Central Shenandoah",White,4643,235,79
11/16/2020,"New River","Other Race",21,0,0
11/16/2020,"New River",White,3303,86,30
11/16/2020,"Central Shenandoah","Other Race",109,2,0
11/16/2020,"West Piedmont",Black,716,107,23
11/16/2020,Alleghany,Latino,227,13,0
11/16/2020,"Central Shenandoah","Not Reported",1246,6,1
11/16/2020,Roanoke,"Two or more races",24,2,0
11/16/2020,Peninsula,"Two or more races",69,4,1
11/16/2020,Richmond,"Not Reported",874,2,1
11/16/2020,Arlington,"Other Race",138,14,4
11/16/2020,Norfolk,"Not Reported",1128,4,1
11/16/2020,Alexandria,"Other Race",127,10,2
11/16/2020,"Virginia Beach",White,3596,224,65
11/16/2020,Chesapeake,"Two or more races",72,3,0
11/16/2020,Alleghany,White,2224,106,55
11/16/2020,"Rappahannock Rapidan","Other Race",44,4,0
11/16/2020,Chickahominy,"Not Reported",595,3,2
11/16/2020,Portsmouth,Black,1830,255,49
11/16/2020,Chickahominy,"Other Race",32,3,0
11/16/2020,"Virginia Beach",Latino,659,33,4
11/16/2020,Chesapeake,White,2102,183,34
11/16/2020,Southside,Black,704,50,23
11/16/2020,Rappahannock,Latino,1607,119,10
11/16/2020,"Three Rivers","Two or more races",16,1,0
11/16/2020,Henrico,Black,2266,259,101
11/16/2020,Pittsylvania-Danville,Black,982,118,22
11/16/2020,"Lord Fairfax","Two or more races",33,0,0
11/16/2020,"Prince William",Latino,7923,710,81
11/16/2020,"Mount Rogers","Other Race",20,2,2
11/16/2020,"Central Shenandoah",Black,307,17,6
11/16/2020,Peninsula,White,1570,99,53
11/16/2020,"Eastern Shore","Not Reported",77,0,0
11/16/2020,"Thomas Jefferson","Other Race",188,7,1
11/16/2020,Hampton,"Other Race",79,3,1
11/16/2020,"Lord Fairfax","Not Reported",525,5,6
11/16/2020,"Central Virginia","Other Race",39,0,0
11/16/2020,"Western Tidewater","Other Race",88,1,2
11/16/2020,Crater,Latino,274,11,5
11/16/2020,Chesapeake,Latino,439,29,2
11/16/2020,Chesterfield,White,2828,199,95
11/16/2020,"Western Tidewater","Not Reported",1058,6,2
11/16/2020,Fairfax,"Not Reported",2963,41,30
11/16/2020,Arlington,Black,503,93,36
11/16/2020,"Central Virginia",Latino,123,7,4
11/16/2020,Alexandria,"Not Reported",300,3,1
11/16/2020,"Three Rivers",Black,864,64,15
11/16/2020,"Prince William","Two or more races",158,2,0
11/16/2020,Loudoun,"Two or more races",84,4,0
11/16/2020,Peninsula,"Other Race",204,4,0
11/16/2020,"Thomas Jefferson",White,2591,118,57
11/16/2020,Norfolk,"Other Race",122,5,2
11/16/2020,"Prince William","Not Reported",4468,25,1
11/16/2020,"West Piedmont",White,1942,203,68
11/16/2020,Rappahannock,Black,1117,114,20
11/16/2020,Norfolk,Black,2785,296,61
11/16/2020,Roanoke,Latino,527,33,1
11/16/2020,Piedmont,Latino,84,9,2
11/16/2020,Roanoke,"Not Reported",1041,2,0
11/16/2020,"Virginia Beach","Other Race",154,5,0
11/16/2020,Arlington,"Two or more races",62,4,0
11/16/2020,Alexandria,White,995,66,40
11/16/2020,"Lord Fairfax","Other Race",104,6,1
11/16/2020,"Thomas Jefferson","Not Reported",355,3,0
11/16/2020,"Virginia Beach","Not Reported",2321,18,2
11/16/2020,Loudoun,Black,412,36,7
11/16/2020,Pittsylvania-Danville,Latino,112,5,0
11/16/2020,"Cumberland Plateau","Not Reported",194,4,0
11/16/2020,Chesterfield,"Not Reported",1565,4,12
11/16/2020,"Mount Rogers",White,4155,339,142
11/16/2020,Richmond,White,1228,56,24
11/16/2020,Lenowisco,"Not Reported",288,7,5
11/16/2020,"Three Rivers",Latino,199,6,1
11/16/2020,Piedmont,"Not Reported",894,13,4
11/16/2020,"Mount Rogers",Latino,341,7,0
11/16/2020,"Central Shenandoah","Two or more races",66,1,1
11/16/2020,Crater,White,1289,72,31
11/16/2020,Arlington,White,1693,152,75
11/16/2020,Pittsylvania-Danville,"Other Race",5,0,0
11/16/2020,Chickahominy,Black,493,63,13
11/16/2020,Fairfax,Black,2211,270,66
11/16/2020,"Eastern Shore",Latino,284,12,3
11/16/2020,Norfolk,White,1296,75,22
11/16/2020,"Mount Rogers","Two or more races",16,1,0
11/16/2020,Alleghany,"Two or more races",26,1,0
11/16/2020,Southside,White,582,38,22
11/16/2020,"Thomas Jefferson","Two or more races",110,5,0
11/16/2020,"Prince William",Black,1991,198,61
11/16/2020,"Lord Fairfax",White,2981,285,112
11/16/2020,"Cumberland Plateau",Latino,17,0,0
11/16/2020,Arlington,"Not Reported",580,4,1
11/16/2020,Rappahannock,"Other Race",203,5,0
11/16/2020,"Rappahannock Rapidan",Black,409,45,13
11/16/2020,"New River","Two or more races",109,5,1
11/16/2020,Arlington,Latino,2135,265,28
11/16/2020,Henrico,White,2116,176,121
11/16/2020,Loudoun,White,2406,142,95
11/16/2020,Hampton,White,449,16,8
11/16/2020,Alleghany,Black,254,10,5
11/16/2020,"Prince William",White,2622,212,99
11/16/2020,Rappahannock,White,2202,181,62
11/16/2020,Southside,"Other Race",19,1,1
11/16/2020,Portsmouth,"Two or more races",26,6,0
11/16/2020,"Western Tidewater",Black,2220,163,73
11/16/2020,Hampton,Latino,101,5,0
11/16/2020,Henrico,"Not Reported",1187,7,3
11/16/2020,"West Piedmont","Two or more races",19,0,0
11/16/2020,Peninsula,"Not Reported",1773,5,0
11/16/2020,Loudoun,Latino,2872,246,17
11/16/2020,Alexandria,Black,973,108,19
11/16/2020,Piedmont,Black,776,82,24
11/16/2020,Roanoke,"Other Race",40,1,0
11/16/2020,Alexandria,"Two or more races",33,2,0
11/16/2020,"Western Tidewater",Latino,65,1,2
11/16/2020,Rappahannock,"Not Reported",1696,30,0
11/16/2020,"West Piedmont","Other Race",15,2,1
11/16/2020,Chickahominy,White,1555,138,49
11/16/2020,"Thomas Jefferson",Latino,797,35,3
11/16/2020,"Cumberland Plateau",Black,61,0,0
11/16/2020,"Lord Fairfax",Latino,952,64,10
11/16/2020,"West Piedmont",Latino,334,13,1
11/16/2020,"Cumberland Plateau",White,1708,113,17
11/16/2020,"Eastern Shore","Other Race",13,1,0
11/16/2020,"Cumberland Plateau","Two or more races",11,0,0
11/16/2020,Pittsylvania-Danville,"Two or more races",7,0,0
11/16/2020,Piedmont,"Other Race",20,0,0
11/16/2020,Alexandria,Latino,2098,141,13
11/16/2020,Chesapeake,Black,2134,268,36
11/16/2020,Richmond,"Other Race",192,7,2
11/16/2020,Henrico,Latino,1050,63,11
11/16/2020,Piedmont,"Two or more races",24,2,0
11/16/2020,"Prince William","Other Race",788,25,0
11/16/2020,"New River","Not Reported",1225,15,0
11/16/2020,"Rappahannock Rapidan",White,1437,78,29
11/16/2020,"Central Virginia","Not Reported",2374,28,7
11/16/2020,"Virginia Beach","Two or more races",118,6,2
11/16/2020,Pittsylvania-Danville,White,1006,90,42
11/16/2020,"Lord Fairfax",Black,203,29,8
11/16/2020,Fairfax,Latino,12131,1115,106
11/16/2020,Chesterfield,"Asian or Pacific Islander",146,7,1
11/16/2020,Crater,"Asian or Pacific Islander",37,0,0
11/16/2020,Fairfax,"Asian or Pacific Islander",2438,297,80
11/16/2020,Hampton,"Asian or Pacific Islander",20,0,0
11/16/2020,"Rappahannock Rapidan","Asian or Pacific Islander",24,1,0
11/16/2020,"Mount Rogers","Asian or Pacific Islander",9,1,0
11/16/2020,"New River","Asian or Pacific Islander",145,0,0
11/16/2020,"Central Virginia","Asian or Pacific Islander",41,1,0
11/16/2020,"Lord Fairfax","Asian or Pacific Islander",26,1,0
11/16/2020,Southside,"Asian or Pacific Islander",4,0,0
11/16/2020,Alleghany,"Asian or Pacific Islander",49,1,0
11/16/2020,Portsmouth,"Asian or Pacific Islander",24,1,0
11/16/2020,Roanoke,"Asian or Pacific Islander",54,4,0
11/16/2020,Richmond,"Asian or Pacific Islander",73,5,1
11/16/2020,"Thomas Jefferson","Asian or Pacific Islander",149,4,1
11/16/2020,"Virginia Beach","Asian or Pacific Islander",379,31,8
11/16/2020,Henrico,"Asian or Pacific Islander",305,13,4
11/16/2020,Piedmont,"Asian or Pacific Islander",13,0,1
11/16/2020,"Western Tidewater","Asian or Pacific Islander",23,2,3
11/16/2020,"West Piedmont","Asian or Pacific Islander",19,2,1
11/16/2020,Chickahominy,"Asian or Pacific Islander",22,1,0
11/16/2020,Peninsula,"Asian or Pacific Islander",80,6,7
11/16/2020,Norfolk,"Asian or Pacific Islander",84,9,0
11/16/2020,Arlington,"Asian or Pacific Islander",264,29,13
11/16/2020,Loudoun,"Asian or Pacific Islander",651,66,14
11/16/2020,Alexandria,"Asian or Pacific Islander",168,11,1
11/16/2020,Rappahannock,"Asian or Pacific Islander",134,11,3
11/16/2020,Chesapeake,"Asian or Pacific Islander",105,12,6
11/16/2020,"Cumberland Plateau and Lenowisco","Asian or Pacific Islander",9,0,0
11/16/2020,"Central Shenandoah","Asian or Pacific Islander",102,2,0
11/16/2020,"Prince William","Asian or Pacific Islander",824,64,22
11/16/2020,Pittsylvania-Danville,"Asian or Pacific Islander",5,0,0
11/16/2020,"Eastern Shore and Three Rivers","Asian or Pacific Islander",15,1,0
11/16/2020,Piedmont,"Native American",7,0,0
11/16/2020,"New River","Native American",5,0,0
11/16/2020,"Central Shenandoah","Native American",4,1,0
11/16/2020,"Eastern Shore and Three Rivers","Native American",5,0,0
11/16/2020,Fairfax,"Native American",42,1,1
11/16/2020,Chesapeake,"Native American",12,0,0
11/16/2020,"Western Tidewater","Native American",5,0,0
11/16/2020,Portsmouth,"Native American",4,2,0
11/16/2020,Richmond,"Native American",4,0,0
11/16/2020,Chickahominy,"Native American",13,1,0
11/16/2020,"Thomas Jefferson","Native American",5,0,0
11/16/2020,Arlington,"Native American",5,0,0
11/16/2020,"Virginia Beach","Native American",16,0,0
11/16/2020,Peninsula,"Native American",7,2,1
11/16/2020,Hampton,"Native American",3,0,1
11/16/2020,"West Piedmont","Native American",4,0,0
11/16/2020,"Cumberland Plateau, Lenowisco, and Mount Rogers","Native American",9,0,0
11/16/2020,Henrico,"Native American",15,0,0
11/16/2020,Norfolk,"Native American",11,1,1
11/16/2020,"Prince William","Native American",33,1,1
11/16/2020,"Central Virginia","Native American",9,0,0
11/16/2020,Chesterfield,"Native American",10,1,0
11/16/2020,Rappahannock,"Native American",9,0,0
11/16/2020,Loudoun,"Native American",6,0,0
11/16/2020,Alexandria,"Native American",4,0,0
11/16/2020,"Alleghany and Roanoke","Native American",5,0,0
11/16/2020,Crater,"Native American",7,1,1
11/16/2020,"Rappahannock Rapidan","Native American",3,0,0
11/16/2020,"Lord Fairfax","Native American",4,1,1
11/16/2020,"Pittsylvania-Danville and Southside","Native American",2,0,0
11/17/2020,"Rappahannock Rapidan","Not Reported",900,11,7
11/17/2020,Portsmouth,"Other Race",68,11,5
11/17/2020,"Western Tidewater","Two or more races",67,1,0
11/17/2020,Piedmont,White,988,82,32
11/17/2020,Chesterfield,Latino,2303,124,9
11/17/2020,Lenowisco,White,2028,129,33
11/17/2020,Lenowisco,"Two or more races",31,1,0
11/17/2020,Hampton,"Not Reported",628,2,1
11/17/2020,Southside,"Not Reported",688,7,5
11/17/2020,Roanoke,Black,763,42,11
11/17/2020,Hampton,Black,1138,82,23
11/17/2020,Alleghany,"Other Race",37,2,0
11/17/2020,Lenowisco,Latino,52,0,0
11/17/2020,Loudoun,"Other Race",387,18,3
11/17/2020,"Central Shenandoah",Latino,1323,63,7
11/17/2020,"Rappahannock Rapidan",Latino,957,70,8
11/17/2020,"Eastern Shore",Black,888,103,29
11/17/2020,Norfolk,Latino,476,30,0
11/17/2020,Hampton,"Two or more races",22,0,0
11/17/2020,Richmond,Black,2081,286,42
11/17/2020,Henrico,"Two or more races",105,7,2
11/17/2020,Fairfax,"Two or more races",188,9,0
11/17/2020,Alleghany,"Not Reported",1065,7,1
11/17/2020,Portsmouth,"Not Reported",485,9,2
11/17/2020,"Cumberland Plateau","Other Race",7,1,0
11/17/2020,Southside,"Two or more races",127,0,1
11/17/2020,Portsmouth,White,480,50,13
11/17/2020,"Rappahannock Rapidan","Two or more races",51,3,0
11/17/2020,Fairfax,White,6094,607,323
11/17/2020,Fairfax,"Other Race",1132,102,20
11/17/2020,Crater,"Two or more races",17,1,1
11/17/2020,"West Piedmont","Not Reported",802,16,3
11/17/2020,Henrico,"Other Race",239,19,1
11/17/2020,"Three Rivers",White,1088,72,25
11/17/2020,"Central Virginia",Black,582,45,17
11/17/2020,Lenowisco,"Other Race",12,0,0
11/17/2020,"Three Rivers","Other Race",32,3,0
11/17/2020,"Western Tidewater",White,1433,85,79
11/17/2020,"Mount Rogers",Black,114,10,3
11/17/2020,"Three Rivers","Not Reported",275,2,1
11/17/2020,"Thomas Jefferson",Black,669,87,18
11/17/2020,"Eastern Shore",White,327,34,20
11/17/2020,"Central Virginia",White,2691,139,41
11/17/2020,Lenowisco,Black,75,3,1
11/17/2020,"Central Virginia","Two or more races",30,0,0
11/17/2020,Richmond,"Two or more races",57,3,1
11/17/2020,Crater,"Not Reported",1147,10,5
11/17/2020,Chesterfield,"Two or more races",66,8,0
11/17/2020,"New River",Latino,269,5,0
11/17/2020,Richmond,Latino,1517,118,8
11/17/2020,Portsmouth,Latino,104,11,1
11/17/2020,Pittsylvania-Danville,"Not Reported",846,16,1
11/17/2020,Chesapeake,"Not Reported",640,3,0
11/17/2020,Chickahominy,Latino,141,8,0
11/17/2020,Crater,Black,2668,229,76
11/17/2020,Chesterfield,Black,1773,152,36
11/17/2020,Chesterfield,"Other Race",238,15,0
11/17/2020,Peninsula,Black,1577,98,30
11/17/2020,Roanoke,White,1041,37,47
11/17/2020,"New River",Black,297,5,1
11/17/2020,Southside,Latino,14,0,0
11/17/2020,Peninsula,Latino,508,24,2
11/17/2020,Rappahannock,"Two or more races",70,3,0
11/17/2020,"Virginia Beach",Black,2165,163,30
11/17/2020,"Mount Rogers","Not Reported",399,11,7
11/17/2020,Loudoun,"Not Reported",2085,4,0
11/17/2020,Chesapeake,"Other Race",74,5,1
11/17/2020,Chickahominy,"Two or more races",13,1,0
11/17/2020,Crater,"Other Race",74,0,1
11/17/2020,Norfolk,"Two or more races",68,5,0
11/17/2020,"Eastern Shore","Two or more races",1,1,0
11/17/2020,"Central Shenandoah",White,4728,239,83
11/17/2020,"New River","Other Race",21,0,0
11/17/2020,"New River",White,3320,86,30
11/17/2020,"Central Shenandoah","Other Race",111,2,0
11/17/2020,"West Piedmont",Black,716,107,23
11/17/2020,Alleghany,Latino,230,13,0
11/17/2020,"Central Shenandoah","Not Reported",1311,6,1
11/17/2020,Roanoke,"Two or more races",25,2,0
11/17/2020,Peninsula,"Two or more races",71,4,1
11/17/2020,Richmond,"Not Reported",891,2,1
11/17/2020,Arlington,"Other Race",144,13,4
11/17/2020,Norfolk,"Not Reported",1156,4,1
11/17/2020,Alexandria,"Other Race",126,10,2
11/17/2020,"Virginia Beach",White,3637,225,65
11/17/2020,Chesapeake,"Two or more races",72,3,0
11/17/2020,Alleghany,White,2273,106,57
11/17/2020,"Rappahannock Rapidan","Other Race",45,4,0
11/17/2020,Chickahominy,"Not Reported",595,3,2
11/17/2020,Portsmouth,Black,1836,255,49
11/17/2020,Chickahominy,"Other Race",33,3,0
11/17/2020,"Virginia Beach",Latino,669,33,4
11/17/2020,Chesapeake,White,2137,183,34
11/17/2020,Southside,Black,710,50,23
11/17/2020,Rappahannock,Latino,1617,120,10
11/17/2020,"Three Rivers","Two or more races",16,1,0
11/17/2020,Henrico,Black,2290,259,101
11/17/2020,Pittsylvania-Danville,Black,990,119,22
11/17/2020,"Lord Fairfax","Two or more races",33,0,1
11/17/2020,"Prince William",Latino,7965,716,81
11/17/2020,"Mount Rogers","Other Race",21,2,2
11/17/2020,"Central Shenandoah",Black,313,17,6
11/17/2020,Peninsula,White,1600,99,53
11/17/2020,"Eastern Shore","Not Reported",77,0,0
11/17/2020,"Thomas Jefferson","Other Race",188,7,1
11/17/2020,Hampton,"Other Race",78,3,1
11/17/2020,"Lord Fairfax","Not Reported",541,5,6
11/17/2020,"Central Virginia","Other Race",39,0,0
11/17/2020,"Western Tidewater","Other Race",88,1,2
11/17/2020,Crater,Latino,274,11,5
11/17/2020,Chesapeake,Latino,445,29,2
11/17/2020,Chesterfield,White,2859,199,96
11/17/2020,"Western Tidewater","Not Reported",1065,6,2
11/17/2020,Fairfax,"Not Reported",2942,40,29
11/17/2020,Arlington,Black,506,93,36
11/17/2020,"Central Virginia",Latino,125,7,4
11/17/2020,Alexandria,"Not Reported",294,3,1
11/17/2020,"Three Rivers",Black,861,64,15
11/17/2020,"Prince William","Two or more races",163,2,0
11/17/2020,Loudoun,"Two or more races",83,4,0
11/17/2020,Peninsula,"Other Race",210,4,0
11/17/2020,"Thomas Jefferson",White,2609,118,57
11/17/2020,Norfolk,"Other Race",124,5,2
11/17/2020,"Prince William","Not Reported",4483,25,1
11/17/2020,"West Piedmont",White,1966,205,69
11/17/2020,Rappahannock,Black,1126,114,20
11/17/2020,Norfolk,Black,2800,297,61
11/17/2020,Roanoke,Latino,534,33,1
11/17/2020,Piedmont,Latino,84,9,2
11/17/2020,Roanoke,"Not Reported",1075,2,0
11/17/2020,"Virginia Beach","Other Race",158,5,0
11/17/2020,Arlington,"Two or more races",63,4,0
11/17/2020,Alexandria,White,1004,66,40
11/17/2020,"Lord Fairfax","Other Race",105,6,1
11/17/2020,"Thomas Jefferson","Not Reported",355,3,0
11/17/2020,"Virginia Beach","Not Reported",2303,15,2
11/17/2020,Loudoun,Black,414,36,7
11/17/2020,Pittsylvania-Danville,Latino,113,5,0
11/17/2020,"Cumberland Plateau","Not Reported",191,4,0
11/17/2020,Chesterfield,"Not Reported",1598,4,12
11/17/2020,"Mount Rogers",White,4211,341,142
11/17/2020,Richmond,White,1237,56,24
11/17/2020,Lenowisco,"Not Reported",295,8,6
11/17/2020,"Three Rivers",Latino,197,6,1
11/17/2020,Piedmont,"Not Reported",901,13,4
11/17/2020,"Mount Rogers",Latino,342,7,0
11/17/2020,"Central Shenandoah","Two or more races",68,1,1
11/17/2020,Crater,White,1314,72,31
11/17/2020,Arlington,White,1716,153,75
11/17/2020,Pittsylvania-Danville,"Other Race",5,0,0
11/17/2020,Chickahominy,Black,496,63,13
11/17/2020,Fairfax,Black,2231,271,66
11/17/2020,"Eastern Shore",Latino,287,12,3
11/17/2020,Norfolk,White,1317,76,22
11/17/2020,"Mount Rogers","Two or more races",16,1,0
11/17/2020,Alleghany,"Two or more races",26,1,0
11/17/2020,Southside,White,587,38,23
11/17/2020,"Thomas Jefferson","Two or more races",110,5,0
11/17/2020,"Prince William",Black,2020,198,61
11/17/2020,"Lord Fairfax",White,3063,286,112
11/17/2020,"Cumberland Plateau",Latino,17,0,0
11/17/2020,Arlington,"Not Reported",597,4,1
11/17/2020,Rappahannock,"Other Race",201,5,0
11/17/2020,"Rappahannock Rapidan",Black,411,45,14
11/17/2020,"New River","Two or more races",109,5,2
11/17/2020,Arlington,Latino,2159,265,28
11/17/2020,Henrico,White,2134,176,122
11/17/2020,Loudoun,White,2437,144,95
11/17/2020,Hampton,White,451,16,8
11/17/2020,Alleghany,Black,260,10,5
11/17/2020,"Prince William",White,2655,213,99
11/17/2020,Rappahannock,White,2229,183,62
11/17/2020,Southside,"Other Race",19,1,1
11/17/2020,Portsmouth,"Two or more races",26,6,0
11/17/2020,"Western Tidewater",Black,2228,163,73
11/17/2020,Hampton,Latino,102,5,0
11/17/2020,Henrico,"Not Reported",1215,7,3
11/17/2020,"West Piedmont","Two or more races",19,0,0
11/17/2020,Peninsula,"Not Reported",1768,3,0
11/17/2020,Loudoun,Latino,2882,248,17
11/17/2020,Alexandria,Black,974,109,19
11/17/2020,Piedmont,Black,785,85,24
11/17/2020,Roanoke,"Other Race",40,1,0
11/17/2020,Alexandria,"Two or more races",34,2,0
11/17/2020,"Western Tidewater",Latino,65,1,2
11/17/2020,Rappahannock,"Not Reported",1706,30,0
11/17/2020,"West Piedmont","Other Race",15,2,1
11/17/2020,Chickahominy,White,1568,138,49
11/17/2020,"Thomas Jefferson",Latino,798,35,3
11/17/2020,"Cumberland Plateau",Black,61,0,0
11/17/2020,"Lord Fairfax",Latino,959,64,10
11/17/2020,"West Piedmont",Latino,335,13,1
11/17/2020,"Cumberland Plateau",White,1745,115,18
11/17/2020,"Eastern Shore","Other Race",13,1,0
11/17/2020,"Cumberland Plateau","Two or more races",11,0,0
11/17/2020,Pittsylvania-Danville,"Two or more races",8,0,0
11/17/2020,Piedmont,"Other Race",20,0,0
11/17/2020,Alexandria,Latino,2120,142,13
11/17/2020,Chesapeake,Black,2151,271,37
11/17/2020,Richmond,"Other Race",193,7,2
11/17/2020,Henrico,Latino,1053,63,11
11/17/2020,Piedmont,"Two or more races",25,2,0
11/17/2020,"Prince William","Other Race",809,25,0
11/17/2020,"New River","Not Reported",1232,15,0
11/17/2020,"Rappahannock Rapidan",White,1465,80,28
11/17/2020,"Central Virginia","Not Reported",2443,28,7
11/17/2020,"Virginia Beach","Two or more races",118,6,2
11/17/2020,Pittsylvania-Danville,White,1023,91,42
11/17/2020,"Lord Fairfax",Black,208,29,8
11/17/2020,Fairfax,Latino,12207,1117,106
11/17/2020,Chesterfield,"Asian or Pacific Islander",148,7,1
11/17/2020,Crater,"Asian or Pacific Islander",37,0,0
11/17/2020,Fairfax,"Asian or Pacific Islander",2454,300,80
11/17/2020,Hampton,"Asian or Pacific Islander",20,0,0
11/17/2020,"Rappahannock Rapidan","Asian or Pacific Islander",24,1,0
11/17/2020,"Mount Rogers","Asian or Pacific Islander",10,1,0
11/17/2020,"New River","Asian or Pacific Islander",145,0,0
11/17/2020,"Central Virginia","Asian or Pacific Islander",41,1,0
11/17/2020,"Lord Fairfax","Asian or Pacific Islander",28,2,0
11/17/2020,Southside,"Asian or Pacific Islander",4,0,0
11/17/2020,Alleghany,"Asian or Pacific Islander",51,1,0
11/17/2020,Portsmouth,"Asian or Pacific Islander",24,1,0
11/17/2020,Roanoke,"Asian or Pacific Islander",56,4,0
11/17/2020,Richmond,"Asian or Pacific Islander",75,5,1
11/17/2020,"Thomas Jefferson","Asian or Pacific Islander",151,4,1
11/17/2020,"Virginia Beach","Asian or Pacific Islander",383,31,8
11/17/2020,Henrico,"Asian or Pacific Islander",310,13,4
11/17/2020,Piedmont,"Asian or Pacific Islander",13,0,1
11/17/2020,"Western Tidewater","Asian or Pacific Islander",24,2,3
11/17/2020,"West Piedmont","Asian or Pacific Islander",19,2,1
11/17/2020,Chickahominy,"Asian or Pacific Islander",22,1,0
11/17/2020,Peninsula,"Asian or Pacific Islander",80,6,7
11/17/2020,Norfolk,"Asian or Pacific Islander",85,9,0
11/17/2020,Arlington,"Asian or Pacific Islander",264,29,13
11/17/2020,Loudoun,"Asian or Pacific Islander",660,66,14
11/17/2020,Alexandria,"Asian or Pacific Islander",170,11,1
11/17/2020,Rappahannock,"Asian or Pacific Islander",137,11,3
11/17/2020,Chesapeake,"Asian or Pacific Islander",105,12,6
11/17/2020,"Cumberland Plateau and Lenowisco","Asian or Pacific Islander",9,0,0
11/17/2020,"Central Shenandoah","Asian or Pacific Islander",103,2,0
11/17/2020,"Prince William","Asian or Pacific Islander",836,64,22
11/17/2020,Pittsylvania-Danville,"Asian or Pacific Islander",5,0,0
11/17/2020,"Eastern Shore and Three Rivers","Asian or Pacific Islander",15,1,0
11/17/2020,Piedmont,"Native American",7,0,0
11/17/2020,"New River","Native American",5,0,0
11/17/2020,"Central Shenandoah","Native American",4,1,0
11/17/2020,"Eastern Shore and Three Rivers","Native American",5,0,0
11/17/2020,Fairfax,"Native American",43,1,1
11/17/2020,Chesapeake,"Native American",12,0,0
11/17/2020,"Western Tidewater","Native American",5,0,0
11/17/2020,Portsmouth,"Native American",4,2,0
11/17/2020,Richmond,"Native American",4,0,0
11/17/2020,Chickahominy,"Native American",13,1,0
11/17/2020,"Thomas Jefferson","Native American",5,0,0
11/17/2020,Arlington,"Native American",5,0,0
11/17/2020,"Virginia Beach","Native American",16,0,0
11/17/2020,Peninsula,"Native American",7,2,1
11/17/2020,Hampton,"Native American",3,0,1
11/17/2020,"West Piedmont","Native American",4,0,0
11/17/2020,"Cumberland Plateau, Lenowisco, and Mount Rogers","Native American",9,0,0
11/17/2020,Henrico,"Native American",15,0,0
11/17/2020,Norfolk,"Native American",11,1,1
11/17/2020,"Prince William","Native American",34,1,1
11/17/2020,"Central Virginia","Native American",9,0,0
11/17/2020,Chesterfield,"Native American",10,1,0
11/17/2020,Rappahannock,"Native American",9,0,0
11/17/2020,Loudoun,"Native American",6,0,0
11/17/2020,Alexandria,"Native American",4,0,0
11/17/2020,"Alleghany and Roanoke","Native American",5,0,0
11/17/2020,Crater,"Native American",7,1,1
11/17/2020,"Rappahannock Rapidan","Native American",3,0,0
11/17/2020,"Lord Fairfax","Native American",4,1,1
11/17/2020,"Pittsylvania-Danville and Southside","Native American",2,0,0
11/18/2020,"Rappahannock Rapidan","Not Reported",888,11,7
11/18/2020,Portsmouth,"Other Race",68,11,5
11/18/2020,"Western Tidewater","Two or more races",67,1,0
11/18/2020,Piedmont,White,993,82,32
11/18/2020,Chesterfield,Latino,2321,125,9
11/18/2020,Lenowisco,White,2059,130,38
11/18/2020,Lenowisco,"Two or more races",31,1,1
11/18/2020,Hampton,"Not Reported",616,2,1
11/18/2020,Southside,"Not Reported",691,7,5
11/18/2020,Roanoke,Black,781,43,11
11/18/2020,Hampton,Black,1148,82,23
11/18/2020,Alleghany,"Other Race",37,2,0
11/18/2020,Lenowisco,Latino,52,0,0
11/18/2020,Loudoun,"Other Race",384,18,3
11/18/2020,"Central Shenandoah",Latino,1330,63,7
11/18/2020,"Rappahannock Rapidan",Latino,962,70,8
11/18/2020,"Eastern Shore",Black,889,103,29
11/18/2020,Norfolk,Latino,478,31,0
11/18/2020,Hampton,"Two or more races",24,0,0
11/18/2020,Richmond,Black,2102,288,42
11/18/2020,Henrico,"Two or more races",106,7,2
11/18/2020,Fairfax,"Two or more races",196,9,0
11/18/2020,Alleghany,"Not Reported",1149,7,1
11/18/2020,Portsmouth,"Not Reported",482,9,2
11/18/2020,"Cumberland Plateau","Other Race",7,1,0
11/18/2020,Southside,"Two or more races",127,0,1
11/18/2020,Portsmouth,White,483,50,13
11/18/2020,"Rappahannock Rapidan","Two or more races",51,2,0
11/18/2020,Fairfax,White,6196,612,324
11/18/2020,Fairfax,"Other Race",1130,102,20
11/18/2020,Crater,"Two or more races",17,1,1
11/18/2020,"West Piedmont","Not Reported",797,16,3
11/18/2020,Henrico,"Other Race",239,19,1
11/18/2020,"Three Rivers",White,1099,72,25
11/18/2020,"Central Virginia",Black,588,45,17
11/18/2020,Lenowisco,"Other Race",12,0,0
11/18/2020,"Three Rivers","Other Race",32,3,0
11/18/2020,"Western Tidewater",White,1437,85,79
11/18/2020,"Mount Rogers",Black,116,10,3
11/18/2020,"Three Rivers","Not Reported",276,2,1
11/18/2020,"Thomas Jefferson",Black,671,87,18
11/18/2020,"Eastern Shore",White,331,34,20
11/18/2020,"Central Virginia",White,2717,139,41
11/18/2020,Lenowisco,Black,73,3,1
11/18/2020,"Central Virginia","Two or more races",31,0,0
11/18/2020,Richmond,"Two or more races",59,3,1
11/18/2020,Crater,"Not Reported",1142,10,5
11/18/2020,Chesterfield,"Two or more races",67,8,0
11/18/2020,"New River",Latino,272,5,0
11/18/2020,Richmond,Latino,1522,118,8
11/18/2020,Portsmouth,Latino,105,11,1
11/18/2020,Pittsylvania-Danville,"Not Reported",844,16,1
11/18/2020,Chesapeake,"Not Reported",652,3,0
11/18/2020,Chickahominy,Latino,141,8,0
11/18/2020,Crater,Black,2674,230,76
11/18/2020,Chesterfield,Black,1786,152,36
11/18/2020,Chesterfield,"Other Race",237,15,0
11/18/2020,Peninsula,Black,1593,98,30
11/18/2020,Roanoke,White,1053,37,49
11/18/2020,"New River",Black,300,5,1
11/18/2020,Southside,Latino,14,0,0
11/18/2020,Peninsula,Latino,514,24,2
11/18/2020,Rappahannock,"Two or more races",71,3,0
11/18/2020,"Virginia Beach",Black,2208,165,30
11/18/2020,"Mount Rogers","Not Reported",399,11,7
11/18/2020,Loudoun,"Not Reported",2116,5,0
11/18/2020,Chesapeake,"Other Race",74,5,1
11/18/2020,Chickahominy,"Two or more races",12,1,0
11/18/2020,Crater,"Other Race",74,0,1
11/18/2020,Norfolk,"Two or more races",70,5,0
11/18/2020,"Eastern Shore","Two or more races",1,1,0
11/18/2020,"Central Shenandoah",White,4797,243,83
11/18/2020,"New River","Other Race",21,0,0
11/18/2020,"New River",White,3379,88,32
11/18/2020,"Central Shenandoah","Other Race",112,2,0
11/18/2020,"West Piedmont",Black,723,108,23
11/18/2020,Alleghany,Latino,230,13,0
11/18/2020,"Central Shenandoah","Not Reported",1304,6,1
11/18/2020,Roanoke,"Two or more races",27,2,0
11/18/2020,Peninsula,"Two or more races",71,4,1
11/18/2020,Richmond,"Not Reported",891,2,1
11/18/2020,Arlington,"Other Race",141,13,4
11/18/2020,Norfolk,"Not Reported",1179,5,1
11/18/2020,Alexandria,"Other Race",126,10,2
11/18/2020,"Virginia Beach",White,3701,227,65
11/18/2020,Chesapeake,"Two or more races",73,3,0
11/18/2020,Alleghany,White,2336,108,57
11/18/2020,"Rappahannock Rapidan","Other Race",46,4,0
11/18/2020,Chickahominy,"Not Reported",597,3,2
11/18/2020,Portsmouth,Black,1839,255,49
11/18/2020,Chickahominy,"Other Race",33,3,0
11/18/2020,"Virginia Beach",Latino,679,33,4
11/18/2020,Chesapeake,White,2163,183,34
11/18/2020,Southside,Black,711,51,23
11/18/2020,Rappahannock,Latino,1626,120,10
11/18/2020,"Three Rivers","Two or more races",16,1,0
11/18/2020,Henrico,Black,2313,260,100
11/18/2020,Pittsylvania-Danville,Black,996,122,22
11/18/2020,"Lord Fairfax","Two or more races",35,0,1
11/18/2020,"Prince William",Latino,8023,720,81
11/18/2020,"Mount Rogers","Other Race",21,2,2
11/18/2020,"Central Shenandoah",Black,317,17,6
11/18/2020,Peninsula,White,1625,100,53
11/18/2020,"Eastern Shore","Not Reported",77,0,0
11/18/2020,"Thomas Jefferson","Other Race",188,7,1
11/18/2020,Hampton,"Other Race",79,3,1
11/18/2020,"Lord Fairfax","Not Reported",580,6,6
11/18/2020,"Central Virginia","Other Race",39,0,0
11/18/2020,"Western Tidewater","Other Race",87,1,2
11/18/2020,Crater,Latino,275,11,5
11/18/2020,Chesapeake,Latino,447,31,2
11/18/2020,Chesterfield,White,2884,201,97
11/18/2020,"Western Tidewater","Not Reported",1064,6,2
11/18/2020,Fairfax,"Not Reported",2959,41,29
11/18/2020,Arlington,Black,513,93,36
11/18/2020,"Central Virginia",Latino,126,7,4
11/18/2020,Alexandria,"Not Reported",291,3,1
11/18/2020,"Three Rivers",Black,865,64,15
11/18/2020,"Prince William","Two or more races",163,3,0
11/18/2020,Loudoun,"Two or more races",85,4,0
11/18/2020,Peninsula,"Other Race",212,4,0
11/18/2020,"Thomas Jefferson",White,2633,118,57
11/18/2020,Norfolk,"Other Race",122,5,2
11/18/2020,"Prince William","Not Reported",4564,25,1
11/18/2020,"West Piedmont",White,1999,207,69
11/18/2020,Rappahannock,Black,1131,115,20
11/18/2020,Norfolk,Black,2810,298,61
11/18/2020,Roanoke,Latino,537,33,1
11/18/2020,Piedmont,Latino,84,9,2
11/18/2020,Roanoke,"Not Reported",1088,2,1
11/18/2020,"Virginia Beach","Other Race",164,5,0
11/18/2020,Arlington,"Two or more races",62,4,0
11/18/2020,Alexandria,White,1016,67,40
11/18/2020,"Lord Fairfax","Other Race",108,6,1
11/18/2020,"Thomas Jefferson","Not Reported",353,3,0
11/18/2020,"Virginia Beach","Not Reported",2261,16,2
11/18/2020,Loudoun,Black,418,37,7
11/18/2020,Pittsylvania-Danville,Latino,114,5,0
11/18/2020,"Cumberland Plateau","Not Reported",213,4,0
11/18/2020,Chesterfield,"Not Reported",1585,4,12
11/18/2020,"Mount Rogers",White,4284,345,152
11/18/2020,Richmond,White,1257,57,25
11/18/2020,Lenowisco,"Not Reported",304,8,6
11/18/2020,"Three Rivers",Latino,198,6,1
11/18/2020,Piedmont,"Not Reported",900,13,4
11/18/2020,"Mount Rogers",Latino,344,7,0
11/18/2020,"Central Shenandoah","Two or more races",68,1,1
11/18/2020,Crater,White,1326,73,31
11/18/2020,Arlington,White,1741,154,74
11/18/2020,Pittsylvania-Danville,"Other Race",5,0,0
11/18/2020,Chickahominy,Black,506,64,13
11/18/2020,Fairfax,Black,2251,272,66
11/18/2020,"Eastern Shore",Latino,287,12,3
11/18/2020,Norfolk,White,1325,76,22
11/18/2020,"Mount Rogers","Two or more races",16,1,0
11/18/2020,Alleghany,"Two or more races",27,1,1
11/18/2020,Southside,White,593,40,23
11/18/2020,"Thomas Jefferson","Two or more races",111,5,0
11/18/2020,"Prince William",Black,2037,199,61
11/18/2020,"Lord Fairfax",White,3180,293,113
11/18/2020,"Cumberland Plateau",Latino,19,0,0
11/18/2020,Arlington,"Not Reported",605,4,0
11/18/2020,Rappahannock,"Other Race",202,5,0
11/18/2020,"Rappahannock Rapidan",Black,411,45,15
11/18/2020,"New River","Two or more races",110,5,2
11/18/2020,Arlington,Latino,2178,266,29
11/18/2020,Henrico,White,2165,177,120
11/18/2020,Loudoun,White,2451,147,95
11/18/2020,Hampton,White,457,16,8
11/18/2020,Alleghany,Black,262,10,5
11/18/2020,"Prince William",White,2680,215,100
11/18/2020,Rappahannock,White,2261,184,62
11/18/2020,Southside,"Other Race",19,1,1
11/18/2020,Portsmouth,"Two or more races",26,6,0
11/18/2020,"Western Tidewater",Black,2231,164,73
11/18/2020,Hampton,Latino,102,5,0
11/18/2020,Henrico,"Not Reported",1244,7,3
11/18/2020,"West Piedmont","Two or more races",19,0,0
11/18/2020,Peninsula,"Not Reported",1749,3,0
11/18/2020,Loudoun,Latino,2891,249,17
11/18/2020,Alexandria,Black,987,109,19
11/18/2020,Piedmont,Black,791,86,24
11/18/2020,Roanoke,"Other Race",40,1,0
11/18/2020,Alexandria,"Two or more races",33,2,0
11/18/2020,"Western Tidewater",Latino,66,1,2
11/18/2020,Rappahannock,"Not Reported",1723,30,0
11/18/2020,"West Piedmont","Other Race",16,2,1
11/18/2020,Chickahominy,White,1584,138,49
11/18/2020,"Thomas Jefferson",Latino,799,35,3
11/18/2020,"Cumberland Plateau",Black,62,0,0
11/18/2020,"Lord Fairfax",Latino,967,64,10
11/18/2020,"West Piedmont",Latino,335,13,1
11/18/2020,"Cumberland Plateau",White,1801,115,18
11/18/2020,"Eastern Shore","Other Race",13,1,0
11/18/2020,"Cumberland Plateau","Two or more races",11,0,0
11/18/2020,Pittsylvania-Danville,"Two or more races",8,0,0
11/18/2020,Piedmont,"Other Race",20,0,0
11/18/2020,Alexandria,Latino,2138,142,13
11/18/2020,Chesapeake,Black,2164,273,37
11/18/2020,Richmond,"Other Race",194,7,2
11/18/2020,Henrico,Latino,1061,64,11
11/18/2020,Piedmont,"Two or more races",25,2,0
11/18/2020,"Prince William","Other Race",801,25,0
11/18/2020,"New River","Not Reported",1285,17,0
11/18/2020,"Rappahannock Rapidan",White,1487,81,28
11/18/2020,"Central Virginia","Not Reported",2444,28,7
11/18/2020,"Virginia Beach","Two or more races",118,6,2
11/18/2020,Pittsylvania-Danville,White,1035,93,42
11/18/2020,"Lord Fairfax",Black,213,29,8
11/18/2020,Fairfax,Latino,12275,1122,106
11/18/2020,Chesterfield,"Asian or Pacific Islander",149,7,1
11/18/2020,Crater,"Asian or Pacific Islander",37,0,0
11/18/2020,Fairfax,"Asian or Pacific Islander",2495,303,80
11/18/2020,Hampton,"Asian or Pacific Islander",20,0,0
11/18/2020,"Rappahannock Rapidan","Asian or Pacific Islander",24,2,1
11/18/2020,"Mount Rogers","Asian or Pacific Islander",10,1,0
11/18/2020,"New River","Asian or Pacific Islander",149,0,0
11/18/2020,"Central Virginia","Asian or Pacific Islander",42,1,0
11/18/2020,"Lord Fairfax","Asian or Pacific Islander",28,2,0
11/18/2020,Southside,"Asian or Pacific Islander",4,0,0
11/18/2020,Alleghany,"Asian or Pacific Islander",52,1,0
11/18/2020,Portsmouth,"Asian or Pacific Islander",24,1,0
11/18/2020,Roanoke,"Asian or Pacific Islander",58,4,0
11/18/2020,Richmond,"Asian or Pacific Islander",75,5,1
11/18/2020,"Thomas Jefferson","Asian or Pacific Islander",152,4,1
11/18/2020,"Virginia Beach","Asian or Pacific Islander",386,31,8
11/18/2020,Henrico,"Asian or Pacific Islander",313,13,4
11/18/2020,Piedmont,"Asian or Pacific Islander",13,0,1
11/18/2020,"Western Tidewater","Asian or Pacific Islander",24,2,3
11/18/2020,"West Piedmont","Asian or Pacific Islander",19,2,1
11/18/2020,Chickahominy,"Asian or Pacific Islander",22,2,0
11/18/2020,Peninsula,"Asian or Pacific Islander",81,6,7
11/18/2020,Norfolk,"Asian or Pacific Islander",88,9,0
11/18/2020,Arlington,"Asian or Pacific Islander",266,29,13
11/18/2020,Loudoun,"Asian or Pacific Islander",668,67,14
11/18/2020,Alexandria,"Asian or Pacific Islander",173,11,1
11/18/2020,Rappahannock,"Asian or Pacific Islander",139,11,3
11/18/2020,Chesapeake,"Asian or Pacific Islander",110,12,6
11/18/2020,"Cumberland Plateau and Lenowisco","Asian or Pacific Islander",9,0,0
11/18/2020,"Central Shenandoah","Asian or Pacific Islander",104,2,0
11/18/2020,"Prince William","Asian or Pacific Islander",838,64,22
11/18/2020,Pittsylvania-Danville,"Asian or Pacific Islander",5,0,0
11/18/2020,"Eastern Shore and Three Rivers","Asian or Pacific Islander",15,1,0
11/18/2020,Piedmont,"Native American",7,0,0
11/18/2020,"New River","Native American",5,0,0
11/18/2020,"Central Shenandoah","Native American",4,1,0
11/18/2020,"Eastern Shore and Three Rivers","Native American",5,0,0
11/18/2020,Fairfax,"Native American",43,1,1
11/18/2020,Chesapeake,"Native American",12,0,0
11/18/2020,"Western Tidewater","Native American",5,0,0
11/18/2020,Portsmouth,"Native American",4,2,0
11/18/2020,Richmond,"Native American",4,0,0
11/18/2020,Chickahominy,"Native American",12,1,0
11/18/2020,"Thomas Jefferson","Native American",5,0,0
11/18/2020,Arlington,"Native American",6,0,0
11/18/2020,"Virginia Beach","Native American",16,0,0
11/18/2020,Peninsula,"Native American",7,2,1
11/18/2020,Hampton,"Native American",3,0,1
11/18/2020,"West Piedmont","Native American",4,0,0
11/18/2020,"Cumberland Plateau, Lenowisco, and Mount Rogers","Native American",9,0,0
11/18/2020,Henrico,"Native American",15,0,0
11/18/2020,Norfolk,"Native American",11,1,1
11/18/2020,"Prince William","Native American",34,1,1
11/18/2020,"Central Virginia","Native American",9,0,0
11/18/2020,Chesterfield,"Native American",10,1,0
11/18/2020,Rappahannock,"Native American",9,0,0
11/18/2020,Loudoun,"Native American",7,0,0
11/18/2020,Alexandria,"Native American",4,0,0
11/18/2020,"Alleghany and Roanoke","Native American",5,0,0
11/18/2020,Crater,"Native American",7,1,1
11/18/2020,"Rappahannock Rapidan","Native American",3,0,0
11/18/2020,"Lord Fairfax","Native American",4,1,1
11/18/2020,"Pittsylvania-Danville and Southside","Native American",3,0,0
11/19/2020,"Rappahannock Rapidan","Not Reported",893,12,7
11/19/2020,Portsmouth,"Other Race",67,11,5
11/19/2020,"Western Tidewater","Two or more races",72,1,0
11/19/2020,Piedmont,White,1019,83,32
11/19/2020,Chesterfield,Latino,2336,125,9
11/19/2020,Lenowisco,White,2089,131,47
11/19/2020,Lenowisco,"Two or more races",31,1,1
11/19/2020,Hampton,"Not Reported",625,2,1
11/19/2020,Southside,"Not Reported",692,7,5
11/19/2020,Roanoke,Black,787,43,13
11/19/2020,Hampton,Black,1161,82,23
11/19/2020,Alleghany,"Other Race",36,2,0
11/19/2020,Lenowisco,Latino,52,0,0
11/19/2020,Loudoun,"Other Race",382,18,3
11/19/2020,"Central Shenandoah",Latino,1333,63,7
11/19/2020,"Rappahannock Rapidan",Latino,972,70,8
11/19/2020,"Eastern Shore",Black,890,103,29
11/19/2020,Norfolk,Latino,484,31,0
11/19/2020,Hampton,"Two or more races",24,1,0
11/19/2020,Richmond,Black,2123,292,42
11/19/2020,Henrico,"Two or more races",107,7,2
11/19/2020,Fairfax,"Two or more races",198,10,0
11/19/2020,Alleghany,"Not Reported",1187,7,2
11/19/2020,Portsmouth,"Not Reported",449,9,2
11/19/2020,"Cumberland Plateau","Other Race",7,1,0
11/19/2020,Southside,"Two or more races",127,0,1
11/19/2020,Portsmouth,White,490,50,13
11/19/2020,"Rappahannock Rapidan","Two or more races",51,2,0
11/19/2020,Fairfax,White,6273,616,325
11/19/2020,Fairfax,"Other Race",1123,103,21
11/19/2020,Crater,"Two or more races",17,1,1
11/19/2020,"West Piedmont","Not Reported",849,17,3
11/19/2020,Henrico,"Other Race",239,19,1
11/19/2020,"Three Rivers",White,1109,75,25
11/19/2020,"Central Virginia",Black,596,45,17
11/19/2020,Lenowisco,"Other Race",12,0,0
11/19/2020,"Three Rivers","Other Race",32,3,0
11/19/2020,"Western Tidewater",White,1444,85,79
11/19/2020,"Mount Rogers",Black,117,10,3
11/19/2020,"Three Rivers","Not Reported",279,2,1
11/19/2020,"Thomas Jefferson",Black,672,87,18
11/19/2020,"Eastern Shore",White,337,36,20
11/19/2020,"Central Virginia",White,2744,139,41
11/19/2020,Lenowisco,Black,73,3,1
11/19/2020,"Central Virginia","Two or more races",31,0,0
11/19/2020,Richmond,"Two or more races",61,3,1
11/19/2020,Crater,"Not Reported",1151,10,5
11/19/2020,Chesterfield,"Two or more races",66,8,0
11/19/2020,"New River",Latino,274,5,0
11/19/2020,Richmond,Latino,1528,119,8
11/19/2020,Portsmouth,Latino,105,11,1
11/19/2020,Pittsylvania-Danville,"Not Reported",826,15,1
11/19/2020,Chesapeake,"Not Reported",657,3,0
11/19/2020,Chickahominy,Latino,143,8,0
11/19/2020,Crater,Black,2684,232,76
11/19/2020,Chesterfield,Black,1802,152,36
11/19/2020,Chesterfield,"Other Race",237,15,0
11/19/2020,Peninsula,Black,1653,98,30
11/19/2020,Roanoke,White,1090,40,50
11/19/2020,"New River",Black,301,5,1
11/19/2020,Southside,Latino,14,0,0
11/19/2020,Peninsula,Latino,523,24,2
11/19/2020,Rappahannock,"Two or more races",73,3,0
11/19/2020,"Virginia Beach",Black,2221,167,30
11/19/2020,"Mount Rogers","Not Reported",405,12,7
11/19/2020,Loudoun,"Not Reported",2117,5,0
11/19/2020,Chesapeake,"Other Race",75,5,1
11/19/2020,Chickahominy,"Two or more races",12,1,0
11/19/2020,Crater,"Other Race",75,0,1
11/19/2020,Norfolk,"Two or more races",70,5,0
11/19/2020,"Eastern Shore","Two or more races",1,1,0
11/19/2020,"Central Shenandoah",White,4857,248,83
11/19/2020,"New River","Other Race",21,0,0
11/19/2020,"New River",White,3428,92,35
11/19/2020,"Central Shenandoah","Other Race",112,2,0
11/19/2020,"West Piedmont",Black,737,111,23
11/19/2020,Alleghany,Latino,233,13,0
11/19/2020,"Central Shenandoah","Not Reported",1304,7,1
11/19/2020,Roanoke,"Two or more races",27,2,0
11/19/2020,Peninsula,"Two or more races",77,4,1
11/19/2020,Richmond,"Not Reported",901,2,1
11/19/2020,Arlington,"Other Race",143,13,4
11/19/2020,Norfolk,"Not Reported",1188,5,1
11/19/2020,Alexandria,"Other Race",127,10,2
11/19/2020,"Virginia Beach",White,3724,235,65
11/19/2020,Chesapeake,"Two or more races",73,3,0
11/19/2020,Alleghany,White,2399,111,57
11/19/2020,"Rappahannock Rapidan","Other Race",46,4,0
11/19/2020,Chickahominy,"Not Reported",605,3,2
11/19/2020,Portsmouth,Black,1871,255,49
11/19/2020,Chickahominy,"Other Race",34,3,0
11/19/2020,"Virginia Beach",Latino,684,33,4
11/19/2020,Chesapeake,White,2185,183,35
11/19/2020,Southside,Black,712,52,23
11/19/2020,Rappahannock,Latino,1640,120,10
11/19/2020,"Three Rivers","Two or more races",16,1,0
11/19/2020,Henrico,Black,2327,262,100
11/19/2020,Pittsylvania-Danville,Black,1014,122,23
11/19/2020,"Lord Fairfax","Two or more races",35,0,1
11/19/2020,"Prince William",Latino,8100,724,82
11/19/2020,"Mount Rogers","Other Race",21,2,2
11/19/2020,"Central Shenandoah",Black,320,18,6
11/19/2020,Peninsula,White,1659,100,53
11/19/2020,"Eastern Shore","Not Reported",79,0,0
11/19/2020,"Thomas Jefferson","Other Race",187,7,1
11/19/2020,Hampton,"Other Race",79,3,1
11/19/2020,"Lord Fairfax","Not Reported",603,6,6
11/19/2020,"Central Virginia","Other Race",39,0,0
11/19/2020,"Western Tidewater","Other Race",90,1,2
11/19/2020,Crater,Latino,277,11,5
11/19/2020,Chesapeake,Latino,447,31,2
11/19/2020,Chesterfield,White,2906,202,98
11/19/2020,"Western Tidewater","Not Reported",1066,6,3
11/19/2020,Fairfax,"Not Reported",2938,42,29
11/19/2020,Arlington,Black,515,94,36
11/19/2020,"Central Virginia",Latino,129,7,4
11/19/2020,Alexandria,"Not Reported",291,3,1
11/19/2020,"Three Rivers",Black,866,64,15
11/19/2020,"Prince William","Two or more races",165,3,0
11/19/2020,Loudoun,"Two or more races",85,4,0
11/19/2020,Peninsula,"Other Race",222,4,0
11/19/2020,"Thomas Jefferson",White,2654,119,57
11/19/2020,Norfolk,"Other Race",123,5,2
11/19/2020,"Prince William","Not Reported",4578,25,1
11/19/2020,"West Piedmont",White,2021,208,72
11/19/2020,Rappahannock,Black,1139,115,20
11/19/2020,Norfolk,Black,2816,298,61
11/19/2020,Roanoke,Latino,540,33,1
11/19/2020,Piedmont,Latino,86,9,2
11/19/2020,Roanoke,"Not Reported",1125,2,1
11/19/2020,"Virginia Beach","Other Race",165,5,0
11/19/2020,Arlington,"Two or more races",62,4,0
11/19/2020,Alexandria,White,1030,67,40
11/19/2020,"Lord Fairfax","Other Race",112,6,1
11/19/2020,"Thomas Jefferson","Not Reported",353,3,0
11/19/2020,"Virginia Beach","Not Reported",2298,17,3
11/19/2020,Loudoun,Black,419,37,7
11/19/2020,Pittsylvania-Danville,Latino,114,5,0
11/19/2020,"Cumberland Plateau","Not Reported",218,4,0
11/19/2020,Chesterfield,"Not Reported",1606,4,12
11/19/2020,"Mount Rogers",White,4364,347,153
11/19/2020,Richmond,White,1270,58,25
11/19/2020,Lenowisco,"Not Reported",311,8,6
11/19/2020,"Three Rivers",Latino,198,6,1
11/19/2020,Piedmont,"Not Reported",881,12,4
11/19/2020,"Mount Rogers",Latino,348,7,0
11/19/2020,"Central Shenandoah","Two or more races",66,1,1
11/19/2020,Crater,White,1332,76,33
11/19/2020,Arlington,White,1749,155,74
11/19/2020,Pittsylvania-Danville,"Other Race",5,0,0
11/19/2020,Chickahominy,Black,511,65,13
11/19/2020,Fairfax,Black,2274,273,65
11/19/2020,"Eastern Shore",Latino,287,12,3
11/19/2020,Norfolk,White,1336,77,23
11/19/2020,"Mount Rogers","Two or more races",17,1,0
11/19/2020,Alleghany,"Two or more races",27,1,1
11/19/2020,Southside,White,594,40,23
11/19/2020,"Thomas Jefferson","Two or more races",112,5,0
11/19/2020,"Prince William",Black,2051,200,61
11/19/2020,"Lord Fairfax",White,3264,296,113
11/19/2020,"Cumberland Plateau",Latino,19,0,0
11/19/2020,Arlington,"Not Reported",615,4,0
11/19/2020,Rappahannock,"Other Race",204,5,0
11/19/2020,"Rappahannock Rapidan",Black,414,45,15
11/19/2020,"New River","Two or more races",111,6,3
11/19/2020,Arlington,Latino,2187,267,29
11/19/2020,Henrico,White,2172,177,119
11/19/2020,Loudoun,White,2461,149,96
11/19/2020,Hampton,White,466,16,8
11/19/2020,Alleghany,Black,269,10,5
11/19/2020,"Prince William",White,2721,215,100
11/19/2020,Rappahannock,White,2281,184,62
11/19/2020,Southside,"Other Race",19,1,1
11/19/2020,Portsmouth,"Two or more races",28,6,0
11/19/2020,"Western Tidewater",Black,2235,165,73
11/19/2020,Hampton,Latino,103,5,0
11/19/2020,Henrico,"Not Reported",1264,7,3
11/19/2020,"West Piedmont","Two or more races",19,0,0
11/19/2020,Peninsula,"Not Reported",1691,3,0
11/19/2020,Loudoun,Latino,2902,248,18
11/19/2020,Alexandria,Black,993,110,20
11/19/2020,Piedmont,Black,816,86,24
11/19/2020,Roanoke,"Other Race",43,1,0
11/19/2020,Alexandria,"Two or more races",34,2,0
11/19/2020,"Western Tidewater",Latino,68,1,2
11/19/2020,Rappahannock,"Not Reported",1749,30,0
11/19/2020,"West Piedmont","Other Race",17,2,1
11/19/2020,Chickahominy,White,1601,138,49
11/19/2020,"Thomas Jefferson",Latino,805,35,3
11/19/2020,"Cumberland Plateau",Black,61,0,0
11/19/2020,"Lord Fairfax",Latino,982,64,10
11/19/2020,"West Piedmont",Latino,336,13,1
11/19/2020,"Cumberland Plateau",White,1833,117,18
11/19/2020,"Eastern Shore","Other Race",13,1,0
11/19/2020,"Cumberland Plateau","Two or more races",11,0,0
11/19/2020,Pittsylvania-Danville,"Two or more races",9,0,0
11/19/2020,Piedmont,"Other Race",21,0,0
11/19/2020,Alexandria,Latino,2145,142,13
11/19/2020,Chesapeake,Black,2169,274,36
11/19/2020,Richmond,"Other Race",194,7,2
11/19/2020,Henrico,Latino,1068,64,13
11/19/2020,Piedmont,"Two or more races",32,2,0
11/19/2020,"Prince William","Other Race",794,25,0
11/19/2020,"New River","Not Reported",1313,17,0
11/19/2020,"Rappahannock Rapidan",White,1507,84,28
11/19/2020,"Central Virginia","Not Reported",2442,28,7
11/19/2020,"Virginia Beach","Two or more races",119,6,2
11/19/2020,Pittsylvania-Danville,White,1048,98,44
11/19/2020,"Lord Fairfax",Black,214,29,8
11/19/2020,Fairfax,Latino,12379,1127,106
11/19/2020,Chesterfield,"Asian or Pacific Islander",151,7,1
11/19/2020,Crater,"Asian or Pacific Islander",37,0,0
11/19/2020,Fairfax,"Asian or Pacific Islander",2524,306,80
11/19/2020,Hampton,"Asian or Pacific Islander",20,0,0
11/19/2020,"Rappahannock Rapidan","Asian or Pacific Islander",25,2,1
11/19/2020,"Mount Rogers","Asian or Pacific Islander",10,1,0
11/19/2020,"New River","Asian or Pacific Islander",150,0,0
11/19/2020,"Central Virginia","Asian or Pacific Islander",42,1,0
11/19/2020,"Lord Fairfax","Asian or Pacific Islander",28,2,0
11/19/2020,Southside,"Asian or Pacific Islander",4,0,0
11/19/2020,Alleghany,"Asian or Pacific Islander",52,1,0
11/19/2020,Portsmouth,"Asian or Pacific Islander",25,1,0
11/19/2020,Roanoke,"Asian or Pacific Islander",59,4,0
11/19/2020,Richmond,"Asian or Pacific Islander",77,6,1
11/19/2020,"Thomas Jefferson","Asian or Pacific Islander",154,4,1
11/19/2020,"Virginia Beach","Asian or Pacific Islander",387,33,8
11/19/2020,Henrico,"Asian or Pacific Islander",317,13,4
11/19/2020,Piedmont,"Asian or Pacific Islander",14,0,1
11/19/2020,"Western Tidewater","Asian or Pacific Islander",24,2,3
11/19/2020,"West Piedmont","Asian or Pacific Islander",19,2,1
11/19/2020,Chickahominy,"Asian or Pacific Islander",22,2,0
11/19/2020,Peninsula,"Asian or Pacific Islander",83,7,7
11/19/2020,Norfolk,"Asian or Pacific Islander",88,9,0
11/19/2020,Arlington,"Asian or Pacific Islander",267,29,13
11/19/2020,Loudoun,"Asian or Pacific Islander",673,68,14
11/19/2020,Alexandria,"Asian or Pacific Islander",173,11,1
11/19/2020,Rappahannock,"Asian or Pacific Islander",139,11,3
11/19/2020,Chesapeake,"Asian or Pacific Islander",111,12,6
11/19/2020,"Cumberland Plateau and Lenowisco","Asian or Pacific Islander",9,0,0
11/19/2020,"Central Shenandoah","Asian or Pacific Islander",104,2,0
11/19/2020,"Prince William","Asian or Pacific Islander",853,64,22
11/19/2020,Pittsylvania-Danville,"Asian or Pacific Islander",5,0,0
11/19/2020,"Eastern Shore and Three Rivers","Asian or Pacific Islander",15,1,0
11/19/2020,Piedmont,"Native American",7,0,0
11/19/2020,"New River","Native American",5,0,0
11/19/2020,"Central Shenandoah","Native American",4,1,0
11/19/2020,"Eastern Shore and Three Rivers","Native American",5,0,0
11/19/2020,Fairfax,"Native American",43,1,1
11/19/2020,Chesapeake,"Native American",12,0,0
11/19/2020,"Western Tidewater","Native American",5,0,0
11/19/2020,Portsmouth,"Native American",4,2,0
11/19/2020,Richmond,"Native American",5,0,0
11/19/2020,Chickahominy,"Native American",12,1,0
11/19/2020,"Thomas Jefferson","Native American",5,0,0
11/19/2020,Arlington,"Native American",6,0,0
11/19/2020,"Virginia Beach","Native American",16,0,0
11/19/2020,Peninsula,"Native American",7,2,1
11/19/2020,Hampton,"Native American",3,0,1
11/19/2020,"West Piedmont","Native American",4,0,0
11/19/2020,"Cumberland Plateau, Lenowisco, and Mount Rogers","Native American",9,0,0
11/19/2020,Henrico,"Native American",15,0,0
11/19/2020,Norfolk,"Native American",11,1,1
11/19/2020,"Prince William","Native American",35,1,1
11/19/2020,"Central Virginia","Native American",9,0,0
11/19/2020,Chesterfield,"Native American",10,1,0
11/19/2020,Rappahannock,"Native American",9,0,0
11/19/2020,Loudoun,"Native American",7,0,0
11/19/2020,Alexandria,"Native American",4,0,0
11/19/2020,"Alleghany and Roanoke","Native American",5,0,0
11/19/2020,Crater,"Native American",7,1,1
11/19/2020,"Rappahannock Rapidan","Native American",3,0,0
11/19/2020,"Lord Fairfax","Native American",4,1,1
11/19/2020,"Pittsylvania-Danville and Southside","Native American",3,0,0
11/20/2020,"Rappahannock Rapidan","Not Reported",898,12,7
11/20/2020,Portsmouth,"Other Race",68,11,5
11/20/2020,"Western Tidewater","Two or more races",72,1,0
11/20/2020,Piedmont,White,1029,84,33
11/20/2020,Chesterfield,Latino,2349,125,9
11/20/2020,Lenowisco,White,2123,134,49
11/20/2020,Lenowisco,"Two or more races",31,1,1
11/20/2020,Hampton,"Not Reported",632,2,1
11/20/2020,Southside,"Not Reported",693,7,5
11/20/2020,Roanoke,Black,805,43,13
11/20/2020,Hampton,Black,1165,83,23
11/20/2020,Alleghany,"Other Race",36,2,0
11/20/2020,Lenowisco,Latino,52,0,0
11/20/2020,Loudoun,"Other Race",392,18,3
11/20/2020,"Central Shenandoah",Latino,1338,63,7
11/20/2020,"Rappahannock Rapidan",Latino,979,70,8
11/20/2020,"Eastern Shore",Black,891,103,29
11/20/2020,Norfolk,Latino,489,31,0
11/20/2020,Hampton,"Two or more races",24,1,0
11/20/2020,Richmond,Black,2143,294,42
11/20/2020,Henrico,"Two or more races",113,7,2
11/20/2020,Fairfax,"Two or more races",198,10,0
11/20/2020,Alleghany,"Not Reported",1250,7,2
11/20/2020,Portsmouth,"Not Reported",443,8,2
11/20/2020,"Cumberland Plateau","Other Race",7,1,0
11/20/2020,Southside,"Two or more races",127,0,1
11/20/2020,Portsmouth,White,496,51,13
11/20/2020,"Rappahannock Rapidan","Two or more races",51,2,0
11/20/2020,Fairfax,White,6362,621,327
11/20/2020,Fairfax,"Other Race",1138,105,21
11/20/2020,Crater,"Two or more races",18,1,1
11/20/2020,"West Piedmont","Not Reported",879,17,3
11/20/2020,Henrico,"Other Race",244,20,1
11/20/2020,"Three Rivers",White,1116,75,25
11/20/2020,"Central Virginia",Black,610,47,17
11/20/2020,Lenowisco,"Other Race",12,0,0
11/20/2020,"Three Rivers","Other Race",32,3,0
11/20/2020,"Western Tidewater",White,1456,85,79
11/20/2020,"Mount Rogers",Black,117,10,3
11/20/2020,"Three Rivers","Not Reported",275,2,1
11/20/2020,"Thomas Jefferson",Black,674,88,18
11/20/2020,"Eastern Shore",White,342,36,20
11/20/2020,"Central Virginia",White,2816,141,41
11/20/2020,Lenowisco,Black,75,3,2
11/20/2020,"Central Virginia","Two or more races",31,0,0
11/20/2020,Richmond,"Two or more races",62,3,1
11/20/2020,Crater,"Not Reported",1161,10,5
11/20/2020,Chesterfield,"Two or more races",68,8,0
11/20/2020,"New River",Latino,276,5,0
11/20/2020,Richmond,Latino,1533,118,8
11/20/2020,Portsmouth,Latino,106,11,1
11/20/2020,Pittsylvania-Danville,"Not Reported",817,14,1
11/20/2020,Chesapeake,"Not Reported",672,3,0
11/20/2020,Chickahominy,Latino,143,8,0
11/20/2020,Crater,Black,2696,233,76
11/20/2020,Chesterfield,Black,1817,154,36
11/20/2020,Chesterfield,"Other Race",249,15,0
11/20/2020,Peninsula,Black,1673,99,30
11/20/2020,Roanoke,White,1117,39,51
11/20/2020,"New River",Black,302,5,1
11/20/2020,Southside,Latino,14,0,0
11/20/2020,Peninsula,Latino,526,24,2
11/20/2020,Rappahannock,"Two or more races",74,3,0
11/20/2020,"Virginia Beach",Black,2247,169,30
11/20/2020,"Mount Rogers","Not Reported",414,12,7
11/20/2020,Loudoun,"Not Reported",2144,5,0
11/20/2020,Chesapeake,"Other Race",73,5,1
11/20/2020,Chickahominy,"Two or more races",14,1,0
11/20/2020,Crater,"Other Race",77,1,1
11/20/2020,Norfolk,"Two or more races",70,5,0
11/20/2020,"Eastern Shore","Two or more races",1,1,0
11/20/2020,"Central Shenandoah",White,4904,250,83
11/20/2020,"New River","Other Race",21,0,0
11/20/2020,"New River",White,3484,99,37
11/20/2020,"Central Shenandoah","Other Race",112,2,0
11/20/2020,"West Piedmont",Black,741,111,23
11/20/2020,Alleghany,Latino,236,13,0
11/20/2020,"Central Shenandoah","Not Reported",1364,7,1
11/20/2020,Roanoke,"Two or more races",28,2,0
11/20/2020,Peninsula,"Two or more races",78,4,1
11/20/2020,Richmond,"Not Reported",911,2,1
11/20/2020,Arlington,"Other Race",146,13,4
11/20/2020,Norfolk,"Not Reported",1184,5,1
11/20/2020,Alexandria,"Other Race",128,10,2
11/20/2020,"Virginia Beach",White,3770,236,65
11/20/2020,Chesapeake,"Two or more races",72,3,0
11/20/2020,Alleghany,White,2493,115,57
11/20/2020,"Rappahannock Rapidan","Other Race",47,4,0
11/20/2020,Chickahominy,"Not Reported",622,3,2
11/20/2020,Portsmouth,Black,1882,256,49
11/20/2020,Chickahominy,"Other Race",38,3,0
11/20/2020,"Virginia Beach",Latino,699,34,4
11/20/2020,Chesapeake,White,2220,183,35
11/20/2020,Southside,Black,716,52,23
11/20/2020,Rappahannock,Latino,1651,120,10
11/20/2020,"Three Rivers","Two or more races",16,1,0
11/20/2020,Henrico,Black,2344,268,101
11/20/2020,Pittsylvania-Danville,Black,1035,123,23
11/20/2020,"Lord Fairfax","Two or more races",35,0,1
11/20/2020,"Prince William",Latino,8159,727,82
11/20/2020,"Mount Rogers","Other Race",21,2,2
11/20/2020,"Central Shenandoah",Black,324,18,6
11/20/2020,Peninsula,White,1675,100,53
11/20/2020,"Eastern Shore","Not Reported",77,0,0
11/20/2020,"Thomas Jefferson","Other Race",187,7,1
11/20/2020,Hampton,"Other Race",80,3,1
11/20/2020,"Lord Fairfax","Not Reported",623,6,7
11/20/2020,"Central Virginia","Other Race",41,0,0
11/20/2020,"Western Tidewater","Other Race",91,1,2
11/20/2020,Crater,Latino,280,11,5
11/20/2020,Chesapeake,Latino,454,32,2
11/20/2020,Chesterfield,White,2943,205,98
11/20/2020,"Western Tidewater","Not Reported",1065,6,3
11/20/2020,Fairfax,"Not Reported",2935,42,29
11/20/2020,Arlington,Black,518,94,36
11/20/2020,"Central Virginia",Latino,132,7,4
11/20/2020,Alexandria,"Not Reported",296,3,1
11/20/2020,"Three Rivers",Black,871,64,15
11/20/2020,"Prince William","Two or more races",170,3,0
11/20/2020,Loudoun,"Two or more races",88,4,0
11/20/2020,Peninsula,"Other Race",224,4,0
11/20/2020,"Thomas Jefferson",White,2672,121,58
11/20/2020,Norfolk,"Other Race",122,5,2
11/20/2020,"Prince William","Not Reported",4598,25,1
11/20/2020,"West Piedmont",White,2066,208,73
11/20/2020,Rappahannock,Black,1148,116,20
11/20/2020,Norfolk,Black,2827,301,61
11/20/2020,Roanoke,Latino,548,33,1
11/20/2020,Piedmont,Latino,86,9,2
11/20/2020,Roanoke,"Not Reported",1170,2,1
11/20/2020,"Virginia Beach","Other Race",169,5,0
11/20/2020,Arlington,"Two or more races",62,4,0
11/20/2020,Alexandria,White,1045,67,40
11/20/2020,"Lord Fairfax","Other Race",111,6,1
11/20/2020,"Thomas Jefferson","Not Reported",358,3,0
11/20/2020,"Virginia Beach","Not Reported",2304,17,3
11/20/2020,Loudoun,Black,422,37,7
11/20/2020,Pittsylvania-Danville,Latino,115,5,0
11/20/2020,"Cumberland Plateau","Not Reported",228,4,0
11/20/2020,Chesterfield,"Not Reported",1618,4,12
11/20/2020,"Mount Rogers",White,4443,351,152
11/20/2020,Richmond,White,1289,59,25
11/20/2020,Lenowisco,"Not Reported",312,8,5
11/20/2020,"Three Rivers",Latino,199,6,1
11/20/2020,Piedmont,"Not Reported",884,12,4
11/20/2020,"Mount Rogers",Latino,352,7,0
11/20/2020,"Central Shenandoah","Two or more races",67,1,1
11/20/2020,Crater,White,1343,76,33
11/20/2020,Arlington,White,1765,155,74
11/20/2020,Pittsylvania-Danville,"Other Race",5,0,0
11/20/2020,Chickahominy,Black,516,65,13
11/20/2020,Fairfax,Black,2297,275,65
11/20/2020,"Eastern Shore",Latino,287,12,3
11/20/2020,Norfolk,White,1353,77,23
11/20/2020,"Mount Rogers","Two or more races",17,1,0
11/20/2020,Alleghany,"Two or more races",29,1,1
11/20/2020,Southside,White,601,40,23
11/20/2020,"Thomas Jefferson","Two or more races",112,5,0
11/20/2020,"Prince William",Black,2069,200,61
11/20/2020,"Lord Fairfax",White,3319,299,113
11/20/2020,"Cumberland Plateau",Latino,19,0,0
11/20/2020,Arlington,"Not Reported",645,4,0
11/20/2020,Rappahannock,"Other Race",203,5,0
11/20/2020,"Rappahannock Rapidan",Black,420,45,16
11/20/2020,"New River","Two or more races",111,6,3
11/20/2020,Arlington,Latino,2191,267,29
11/20/2020,Henrico,White,2208,179,119
11/20/2020,Loudoun,White,2494,150,97
11/20/2020,Hampton,White,479,16,8
11/20/2020,Alleghany,Black,278,10,5
11/20/2020,"Prince William",White,2759,215,100
11/20/2020,Rappahannock,White,2324,189,62
11/20/2020,Southside,"Other Race",19,1,1
11/20/2020,Portsmouth,"Two or more races",29,6,0
11/20/2020,"Western Tidewater",Black,2253,166,74
11/20/2020,Hampton,Latino,103,5,0
11/20/2020,Henrico,"Not Reported",1285,8,2
11/20/2020,"West Piedmont","Two or more races",19,0,0
11/20/2020,Peninsula,"Not Reported",1713,2,0
11/20/2020,Loudoun,Latino,2915,249,18
11/20/2020,Alexandria,Black,996,110,20
11/20/2020,Piedmont,Black,820,88,24
11/20/2020,Roanoke,"Other Race",43,1,0
11/20/2020,Alexandria,"Two or more races",35,2,0
11/20/2020,"Western Tidewater",Latino,68,1,2
11/20/2020,Rappahannock,"Not Reported",1761,31,0
11/20/2020,"West Piedmont","Other Race",18,2,1
11/20/2020,Chickahominy,White,1636,139,50
11/20/2020,"Thomas Jefferson",Latino,813,35,3
11/20/2020,"Cumberland Plateau",Black,61,0,0
11/20/2020,"Lord Fairfax",Latino,991,64,10
11/20/2020,"West Piedmont",Latino,339,14,1
11/20/2020,"Cumberland Plateau",White,1870,120,20
11/20/2020,"Eastern Shore","Other Race",13,1,0
11/20/2020,"Cumberland Plateau","Two or more races",12,0,0
11/20/2020,Pittsylvania-Danville,"Two or more races",9,0,0
11/20/2020,Piedmont,"Other Race",21,0,0
11/20/2020,Alexandria,Latino,2154,142,13
11/20/2020,Chesapeake,Black,2182,276,36
11/20/2020,Richmond,"Other Race",195,7,2
11/20/2020,Henrico,Latino,1071,64,13
11/20/2020,Piedmont,"Two or more races",33,2,0
11/20/2020,"Prince William","Other Race",810,25,0
11/20/2020,"New River","Not Reported",1349,18,0
11/20/2020,"Rappahannock Rapidan",White,1536,86,28
11/20/2020,"Central Virginia","Not Reported",2512,28,7
11/20/2020,"Virginia Beach","Two or more races",119,6,2
11/20/2020,Pittsylvania-Danville,White,1068,98,44
11/20/2020,"Lord Fairfax",Black,216,29,8
11/20/2020,Fairfax,Latino,12476,1131,106
11/20/2020,Chesterfield,"Asian or Pacific Islander",157,7,1
11/20/2020,Crater,"Asian or Pacific Islander",37,0,0
11/20/2020,Fairfax,"Asian or Pacific Islander",2563,308,80
11/20/2020,Hampton,"Asian or Pacific Islander",20,0,0
11/20/2020,"Rappahannock Rapidan","Asian or Pacific Islander",25,2,1
11/20/2020,"Mount Rogers","Asian or Pacific Islander",10,1,0
11/20/2020,"New River","Asian or Pacific Islander",149,0,0
11/20/2020,"Central Virginia","Asian or Pacific Islander",42,1,0
11/20/2020,"Lord Fairfax","Asian or Pacific Islander",30,2,0
11/20/2020,Southside,"Asian or Pacific Islander",4,0,0
11/20/2020,Alleghany,"Asian or Pacific Islander",54,1,0
11/20/2020,Portsmouth,"Asian or Pacific Islander",25,1,0
11/20/2020,Roanoke,"Asian or Pacific Islander",60,4,0
11/20/2020,Richmond,"Asian or Pacific Islander",77,6,1
11/20/2020,"Thomas Jefferson","Asian or Pacific Islander",157,4,1
11/20/2020,"Virginia Beach","Asian or Pacific Islander",391,33,8
11/20/2020,Henrico,"Asian or Pacific Islander",323,13,4
11/20/2020,Piedmont,"Asian or Pacific Islander",14,0,1
11/20/2020,"Western Tidewater","Asian or Pacific Islander",24,2,3
11/20/2020,"West Piedmont","Asian or Pacific Islander",19,2,1
11/20/2020,Chickahominy,"Asian or Pacific Islander",23,2,0
11/20/2020,Peninsula,"Asian or Pacific Islander",85,7,7
11/20/2020,Norfolk,"Asian or Pacific Islander",88,9,0
11/20/2020,Arlington,"Asian or Pacific Islander",270,29,13
11/20/2020,Loudoun,"Asian or Pacific Islander",687,68,14
11/20/2020,Alexandria,"Asian or Pacific Islander",173,11,1
11/20/2020,Rappahannock,"Asian or Pacific Islander",140,11,3
11/20/2020,Chesapeake,"Asian or Pacific Islander",113,12,6
11/20/2020,"Cumberland Plateau and Lenowisco","Asian or Pacific Islander",9,0,0
11/20/2020,"Central Shenandoah","Asian or Pacific Islander",104,2,0
11/20/2020,"Prince William","Asian or Pacific Islander",867,64,22
11/20/2020,Pittsylvania-Danville,"Asian or Pacific Islander",5,0,0
11/20/2020,"Eastern Shore and Three Rivers","Asian or Pacific Islander",15,1,0
11/20/2020,Piedmont,"Native American",7,0,0
11/20/2020,"New River","Native American",5,0,0
11/20/2020,"Central Shenandoah","Native American",4,1,0
11/20/2020,"Eastern Shore and Three Rivers","Native American",5,0,0
11/20/2020,Fairfax,"Native American",44,1,1
11/20/2020,Chesapeake,"Native American",13,0,0
11/20/2020,"Western Tidewater","Native American",5,0,0
11/20/2020,Portsmouth,"Native American",4,2,0
11/20/2020,Richmond,"Native American",5,0,0
11/20/2020,Chickahominy,"Native American",14,1,0
11/20/2020,"Thomas Jefferson","Native American",5,0,0
11/20/2020,Arlington,"Native American",6,0,0
11/20/2020,"Virginia Beach","Native American",17,0,0
11/20/2020,Peninsula,"Native American",7,2,1
11/20/2020,Hampton,"Native American",3,0,1
11/20/2020,"West Piedmont","Native American",4,0,0
11/20/2020,"Cumberland Plateau, Lenowisco, and Mount Rogers","Native American",10,0,0
11/20/2020,Henrico,"Native American",16,0,0
11/20/2020,Norfolk,"Native American",11,1,1
11/20/2020,"Prince William","Native American",35,1,1
11/20/2020,"Central Virginia","Native American",9,0,0
11/20/2020,Chesterfield,"Native American",10,1,0
11/20/2020,Rappahannock,"Native American",9,0,0
11/20/2020,Loudoun,"Native American",7,0,0
11/20/2020,Alexandria,"Native American",4,0,0
11/20/2020,"Alleghany and Roanoke","Native American",5,0,0
11/20/2020,Crater,"Native American",7,1,1
11/20/2020,"Rappahannock Rapidan","Native American",3,0,0
11/20/2020,"Lord Fairfax","Native American",4,1,1
11/20/2020,"Pittsylvania-Danville and Southside","Native American",3,0,0
11/21/2020,"Rappahannock Rapidan","Not Reported",898,12,7
11/21/2020,Portsmouth,"Other Race",67,11,5
11/21/2020,"Western Tidewater","Two or more races",72,1,0
11/21/2020,Piedmont,White,1039,84,32
11/21/2020,Chesterfield,Latino,2359,126,10
11/21/2020,Lenowisco,White,2161,138,49
11/21/2020,Lenowisco,"Two or more races",31,1,1
11/21/2020,Hampton,"Not Reported",641,2,1
11/21/2020,Southside,"Not Reported",694,7,5
11/21/2020,Roanoke,Black,809,43,13
11/21/2020,Hampton,Black,1173,83,23
11/21/2020,Alleghany,"Other Race",35,2,0
11/21/2020,Lenowisco,Latino,52,0,0
11/21/2020,Loudoun,"Other Race",401,18,3
11/21/2020,"Central Shenandoah",Latino,1347,64,7
11/21/2020,"Rappahannock Rapidan",Latino,984,70,8
11/21/2020,"Eastern Shore",Black,891,103,29
11/21/2020,Norfolk,Latino,491,31,0
11/21/2020,Hampton,"Two or more races",25,1,0
11/21/2020,Richmond,Black,2172,299,42
11/21/2020,Henrico,"Two or more races",116,7,2
11/21/2020,Fairfax,"Two or more races",199,10,0
11/21/2020,Alleghany,"Not Reported",1273,7,2
11/21/2020,Portsmouth,"Not Reported",445,8,2
11/21/2020,"Cumberland Plateau","Other Race",7,1,0
11/21/2020,Southside,"Two or more races",130,0,1
11/21/2020,Portsmouth,White,502,51,13
11/21/2020,"Rappahannock Rapidan","Two or more races",51,2,0
11/21/2020,Fairfax,White,6445,623,328
11/21/2020,Fairfax,"Other Race",1162,105,21
11/21/2020,Crater,"Two or more races",18,1,1
11/21/2020,"West Piedmont","Not Reported",890,16,2
11/21/2020,Henrico,"Other Race",249,20,1
11/21/2020,"Three Rivers",White,1122,75,25
11/21/2020,"Central Virginia",Black,621,48,17
11/21/2020,Lenowisco,"Other Race",12,0,0
11/21/2020,"Three Rivers","Other Race",32,3,0
11/21/2020,"Western Tidewater",White,1464,85,79
11/21/2020,"Mount Rogers",Black,121,10,3
11/21/2020,"Three Rivers","Not Reported",276,2,1
11/21/2020,"Thomas Jefferson",Black,680,88,18
11/21/2020,"Eastern Shore",White,349,36,20
11/21/2020,"Central Virginia",White,2846,143,43
11/21/2020,Lenowisco,Black,75,3,2
11/21/2020,"Central Virginia","Two or more races",31,0,0
11/21/2020,Richmond,"Two or more races",61,3,1
11/21/2020,Crater,"Not Reported",1165,10,5
11/21/2020,Chesterfield,"Two or more races",71,8,0
11/21/2020,"New River",Latino,276,5,0
11/21/2020,Richmond,Latino,1537,118,8
11/21/2020,Portsmouth,Latino,107,11,1
11/21/2020,Pittsylvania-Danville,"Not Reported",826,14,1
11/21/2020,Chesapeake,"Not Reported",676,3,0
11/21/2020,Chickahominy,Latino,144,9,1
11/21/2020,Crater,Black,2709,233,76
11/21/2020,Chesterfield,Black,1850,155,37
11/21/2020,Chesterfield,"Other Race",252,15,0
11/21/2020,Peninsula,Black,1690,103,30
11/21/2020,Roanoke,White,1124,40,52
11/21/2020,"New River",Black,306,5,1
11/21/2020,Southside,Latino,14,0,0
11/21/2020,Peninsula,Latino,536,24,2
11/21/2020,Rappahannock,"Two or more races",75,3,0
11/21/2020,"Virginia Beach",Black,2272,169,30
11/21/2020,"Mount Rogers","Not Reported",413,12,7
11/21/2020,Loudoun,"Not Reported",2148,5,0
11/21/2020,Chesapeake,"Other Race",72,5,1
11/21/2020,Chickahominy,"Two or more races",14,1,0
11/21/2020,Crater,"Other Race",76,0,1
11/21/2020,Norfolk,"Two or more races",73,6,0
11/21/2020,"Eastern Shore","Two or more races",1,1,0
11/21/2020,"Central Shenandoah",White,5015,257,86
11/21/2020,"New River","Other Race",21,0,0
11/21/2020,"New River",White,3573,101,39
11/21/2020,"Central Shenandoah","Other Race",115,2,0
11/21/2020,"West Piedmont",Black,751,112,23
11/21/2020,Alleghany,Latino,238,13,1
11/21/2020,"Central Shenandoah","Not Reported",1399,7,1
11/21/2020,Roanoke,"Two or more races",28,2,0
11/21/2020,Peninsula,"Two or more races",78,4,1
11/21/2020,Richmond,"Not Reported",919,2,1
11/21/2020,Arlington,"Other Race",150,13,4
11/21/2020,Norfolk,"Not Reported",1185,5,1
11/21/2020,Alexandria,"Other Race",129,10,2
11/21/2020,"Virginia Beach",White,3831,242,65
11/21/2020,Chesapeake,"Two or more races",71,3,0
11/21/2020,Alleghany,White,2535,116,59
11/21/2020,"Rappahannock Rapidan","Other Race",47,4,0
11/21/2020,Chickahominy,"Not Reported",631,2,2
11/21/2020,Portsmouth,Black,1888,259,49
11/21/2020,Chickahominy,"Other Race",38,3,0
11/21/2020,"Virginia Beach",Latino,711,34,4
11/21/2020,Chesapeake,White,2251,185,35
11/21/2020,Southside,Black,720,52,23
11/21/2020,Rappahannock,Latino,1666,120,10
11/21/2020,"Three Rivers","Two or more races",16,1,0
11/21/2020,Henrico,Black,2364,271,101
11/21/2020,Pittsylvania-Danville,Black,1047,124,23
11/21/2020,"Lord Fairfax","Two or more races",36,0,1
11/21/2020,"Prince William",Latino,8236,729,83
11/21/2020,"Mount Rogers","Other Race",22,2,2
11/21/2020,"Central Shenandoah",Black,337,19,6
11/21/2020,Peninsula,White,1682,103,53
11/21/2020,"Eastern Shore","Not Reported",76,0,0
11/21/2020,"Thomas Jefferson","Other Race",187,7,1
11/21/2020,Hampton,"Other Race",81,3,1
11/21/2020,"Lord Fairfax","Not Reported",615,6,7
11/21/2020,"Central Virginia","Other Race",41,0,0
11/21/2020,"Western Tidewater","Other Race",90,1,2
11/21/2020,Crater,Latino,280,11,5
11/21/2020,Chesapeake,Latino,460,33,2
11/21/2020,Chesterfield,White,2987,206,100
11/21/2020,"Western Tidewater","Not Reported",1077,6,3
11/21/2020,Fairfax,"Not Reported",3033,41,29
11/21/2020,Arlington,Black,522,95,36
11/21/2020,"Central Virginia",Latino,133,7,4
11/21/2020,Alexandria,"Not Reported",312,3,1
11/21/2020,"Three Rivers",Black,874,65,17
11/21/2020,"Prince William","Two or more races",173,3,0
11/21/2020,Loudoun,"Two or more races",88,5,0
11/21/2020,Peninsula,"Other Race",225,4,0
11/21/2020,"Thomas Jefferson",White,2691,121,58
11/21/2020,Norfolk,"Other Race",122,5,2
11/21/2020,"Prince William","Not Reported",4598,25,1
11/21/2020,"West Piedmont",White,2113,208,77
11/21/2020,Rappahannock,Black,1161,116,20
11/21/2020,Norfolk,Black,2845,302,61
11/21/2020,Roanoke,Latino,549,33,1
11/21/2020,Piedmont,Latino,87,9,2
11/21/2020,Roanoke,"Not Reported",1206,2,1
11/21/2020,"Virginia Beach","Other Race",173,5,0
11/21/2020,Arlington,"Two or more races",61,4,0
11/21/2020,Alexandria,White,1055,67,40
11/21/2020,"Lord Fairfax","Other Race",111,6,1
11/21/2020,"Thomas Jefferson","Not Reported",365,3,0
11/21/2020,"Virginia Beach","Not Reported",2340,17,3
11/21/2020,Loudoun,Black,423,37,7
11/21/2020,Pittsylvania-Danville,Latino,116,5,0
11/21/2020,"Cumberland Plateau","Not Reported",232,5,0
11/21/2020,Chesterfield,"Not Reported",1627,4,11
11/21/2020,"Mount Rogers",White,4523,353,152
11/21/2020,Richmond,White,1300,60,25
11/21/2020,Lenowisco,"Not Reported",318,9,5
11/21/2020,"Three Rivers",Latino,199,6,1
11/21/2020,Piedmont,"Not Reported",878,12,4
11/21/2020,"Mount Rogers",Latino,354,7,0
11/21/2020,"Central Shenandoah","Two or more races",67,1,1
11/21/2020,Crater,White,1360,78,33
11/21/2020,Arlington,White,1786,156,74
11/21/2020,Pittsylvania-Danville,"Other Race",5,0,0
11/21/2020,Chickahominy,Black,522,65,13
11/21/2020,Fairfax,Black,2322,276,65
11/21/2020,"Eastern Shore",Latino,287,12,3
11/21/2020,Norfolk,White,1361,77,23
11/21/2020,"Mount Rogers","Two or more races",17,1,0
11/21/2020,Alleghany,"Two or more races",29,1,1
11/21/2020,Southside,White,613,41,23
11/21/2020,"Thomas Jefferson","Two or more races",113,5,0
11/21/2020,"Prince William",Black,2084,202,61
11/21/2020,"Lord Fairfax",White,3361,303,114
11/21/2020,"Cumberland Plateau",Latino,19,0,0
11/21/2020,Arlington,"Not Reported",650,4,0
11/21/2020,Rappahannock,"Other Race",207,5,0
11/21/2020,"Rappahannock Rapidan",Black,419,45,15
11/21/2020,"New River","Two or more races",112,6,3
11/21/2020,Arlington,Latino,2220,267,29
11/21/2020,Henrico,White,2242,179,119
11/21/2020,Loudoun,White,2526,153,97
11/21/2020,Hampton,White,487,18,8
11/21/2020,Alleghany,Black,281,11,6
11/21/2020,"Prince William",White,2789,215,100
11/21/2020,Rappahannock,White,2365,189,63
11/21/2020,Southside,"Other Race",19,1,1
11/21/2020,Portsmouth,"Two or more races",29,6,0
11/21/2020,"Western Tidewater",Black,2266,171,74
11/21/2020,Hampton,Latino,103,5,0
11/21/2020,Henrico,"Not Reported",1287,9,2
11/21/2020,"West Piedmont","Two or more races",20,0,0
11/21/2020,Peninsula,"Not Reported",1757,2,0
11/21/2020,Loudoun,Latino,2930,249,18
11/21/2020,Alexandria,Black,1004,110,20
11/21/2020,Piedmont,Black,825,88,24
11/21/2020,Roanoke,"Other Race",43,1,0
11/21/2020,Alexandria,"Two or more races",36,2,0
11/21/2020,"Western Tidewater",Latino,68,1,2
11/21/2020,Rappahannock,"Not Reported",1773,31,0
11/21/2020,"West Piedmont","Other Race",18,2,1
11/21/2020,Chickahominy,White,1655,142,51
11/21/2020,"Thomas Jefferson",Latino,820,35,3
11/21/2020,"Cumberland Plateau",Black,61,0,0
11/21/2020,"Lord Fairfax",Latino,995,65,10
11/21/2020,"West Piedmont",Latino,340,14,1
11/21/2020,"Cumberland Plateau",White,1890,120,22
11/21/2020,"Eastern Shore","Other Race",13,1,0
11/21/2020,"Cumberland Plateau","Two or more races",12,0,0
11/21/2020,Pittsylvania-Danville,"Two or more races",9,0,0
11/21/2020,Piedmont,"Other Race",21,0,0
11/21/2020,Alexandria,Latino,2166,143,13
11/21/2020,Chesapeake,Black,2200,277,36
11/21/2020,Richmond,"Other Race",197,7,2
11/21/2020,Henrico,Latino,1080,64,13
11/21/2020,Piedmont,"Two or more races",36,2,0
11/21/2020,"Prince William","Other Race",817,26,0
11/21/2020,"New River","Not Reported",1402,19,0
11/21/2020,"Rappahannock Rapidan",White,1548,86,28
11/21/2020,"Central Virginia","Not Reported",2522,28,6
11/21/2020,"Virginia Beach","Two or more races",122,6,2
11/21/2020,Pittsylvania-Danville,White,1080,99,46
11/21/2020,"Lord Fairfax",Black,219,29,8
11/21/2020,Fairfax,Latino,12550,1136,105
11/21/2020,Chesterfield,"Asian or Pacific Islander",158,7,1
11/21/2020,Crater,"Asian or Pacific Islander",37,0,0
11/21/2020,Fairfax,"Asian or Pacific Islander",2590,309,80
11/21/2020,Hampton,"Asian or Pacific Islander",21,0,0
11/21/2020,"Rappahannock Rapidan","Asian or Pacific Islander",25,2,1
11/21/2020,"Mount Rogers","Asian or Pacific Islander",10,1,0
11/21/2020,"New River","Asian or Pacific Islander",151,0,0
11/21/2020,"Central Virginia","Asian or Pacific Islander",42,1,0
11/21/2020,"Lord Fairfax","Asian or Pacific Islander",31,2,0
11/21/2020,Southside,"Asian or Pacific Islander",4,0,0
11/21/2020,Alleghany,"Asian or Pacific Islander",54,1,0
11/21/2020,Portsmouth,"Asian or Pacific Islander",25,1,0
11/21/2020,Roanoke,"Asian or Pacific Islander",60,4,0
11/21/2020,Richmond,"Asian or Pacific Islander",77,6,1
11/21/2020,"Thomas Jefferson","Asian or Pacific Islander",157,4,1
11/21/2020,"Virginia Beach","Asian or Pacific Islander",399,34,8
11/21/2020,Henrico,"Asian or Pacific Islander",329,13,4
11/21/2020,Piedmont,"Asian or Pacific Islander",14,0,1
11/21/2020,"Western Tidewater","Asian or Pacific Islander",25,2,3
11/21/2020,"West Piedmont","Asian or Pacific Islander",19,2,1
11/21/2020,Chickahominy,"Asian or Pacific Islander",23,2,0
11/21/2020,Peninsula,"Asian or Pacific Islander",86,7,7
11/21/2020,Norfolk,"Asian or Pacific Islander",90,9,0
11/21/2020,Arlington,"Asian or Pacific Islander",278,29,13
11/21/2020,Loudoun,"Asian or Pacific Islander",692,68,14
11/21/2020,Alexandria,"Asian or Pacific Islander",176,11,1
11/21/2020,Rappahannock,"Asian or Pacific Islander",143,11,3
11/21/2020,Chesapeake,"Asian or Pacific Islander",113,12,6
11/21/2020,"Cumberland Plateau and Lenowisco","Asian or Pacific Islander",8,0,0
11/21/2020,"Central Shenandoah","Asian or Pacific Islander",105,2,0
11/21/2020,"Prince William","Asian or Pacific Islander",879,64,22
11/21/2020,Pittsylvania-Danville,"Asian or Pacific Islander",5,0,0
11/21/2020,"Eastern Shore and Three Rivers","Asian or Pacific Islander",15,1,0
11/21/2020,Piedmont,"Native American",7,0,0
11/21/2020,"New River","Native American",5,0,0
11/21/2020,"Central Shenandoah","Native American",4,1,0
11/21/2020,"Eastern Shore and Three Rivers","Native American",5,0,0
11/21/2020,Fairfax,"Native American",44,1,1
11/21/2020,Chesapeake,"Native American",13,0,0
11/21/2020,"Western Tidewater","Native American",5,0,0
11/21/2020,Portsmouth,"Native American",4,2,0
11/21/2020,Richmond,"Native American",5,0,0
11/21/2020,Chickahominy,"Native American",13,1,0
11/21/2020,"Thomas Jefferson","Native American",5,0,0
11/21/2020,Arlington,"Native American",6,0,0
11/21/2020,"Virginia Beach","Native American",17,0,0
11/21/2020,Peninsula,"Native American",7,2,1
11/21/2020,Hampton,"Native American",3,0,1
11/21/2020,"West Piedmont","Native American",4,0,0
11/21/2020,"Cumberland Plateau, Lenowisco, and Mount Rogers","Native American",10,0,0
11/21/2020,Henrico,"Native American",16,0,0
11/21/2020,Norfolk,"Native American",11,1,1
11/21/2020,"Prince William","Native American",37,1,1
11/21/2020,"Central Virginia","Native American",9,0,0
11/21/2020,Chesterfield,"Native American",10,1,0
11/21/2020,Rappahannock,"Native American",9,0,0
11/21/2020,Loudoun,"Native American",8,0,0
11/21/2020,Alexandria,"Native American",4,0,0
11/21/2020,"Alleghany and Roanoke","Native American",5,0,0
11/21/2020,Crater,"Native American",7,1,1
11/21/2020,"Rappahannock Rapidan","Native American",3,0,0
11/21/2020,"Lord Fairfax","Native American",4,1,1
11/21/2020,"Pittsylvania-Danville and Southside","Native American",4,1,0
11/22/2020,"Rappahannock Rapidan","Not Reported",901,12,7
11/22/2020,Portsmouth,"Other Race",68,11,5
11/22/2020,"Western Tidewater","Two or more races",73,1,0
11/22/2020,Piedmont,White,1045,84,32
11/22/2020,Chesterfield,Latino,2370,126,10
11/22/2020,Lenowisco,White,2175,139,49
11/22/2020,Lenowisco,"Two or more races",31,1,1
11/22/2020,Hampton,"Not Reported",665,2,1
11/22/2020,Southside,"Not Reported",693,7,5
11/22/2020,Roanoke,Black,815,43,13
11/22/2020,Hampton,Black,1185,83,23
11/22/2020,Alleghany,"Other Race",35,2,0
11/22/2020,Lenowisco,Latino,52,0,0
11/22/2020,Loudoun,"Other Race",404,18,3
11/22/2020,"Central Shenandoah",Latino,1352,64,7
11/22/2020,"Rappahannock Rapidan",Latino,989,70,8
11/22/2020,"Eastern Shore",Black,896,103,29
11/22/2020,Norfolk,Latino,493,31,0
11/22/2020,Hampton,"Two or more races",25,1,0
11/22/2020,Richmond,Black,2191,299,42
11/22/2020,Henrico,"Two or more races",116,7,2
11/22/2020,Fairfax,"Two or more races",206,10,0
11/22/2020,Alleghany,"Not Reported",1305,7,2
11/22/2020,Portsmouth,"Not Reported",455,8,2
11/22/2020,"Cumberland Plateau","Other Race",7,1,0
11/22/2020,Southside,"Two or more races",130,0,1
11/22/2020,Portsmouth,White,506,51,13
11/22/2020,"Rappahannock Rapidan","Two or more races",51,2,0
11/22/2020,Fairfax,White,6507,623,328
11/22/2020,Fairfax,"Other Race",1181,105,21
11/22/2020,Crater,"Two or more races",18,1,1
11/22/2020,"West Piedmont","Not Reported",918,16,2
11/22/2020,Henrico,"Other Race",254,20,1
11/22/2020,"Three Rivers",White,1139,75,25
11/22/2020,"Central Virginia",Black,633,48,17
11/22/2020,Lenowisco,"Other Race",12,0,0
11/22/2020,"Three Rivers","Other Race",33,3,0
11/22/2020,"Western Tidewater",White,1473,85,79
11/22/2020,"Mount Rogers",Black,126,10,3
11/22/2020,"Three Rivers","Not Reported",287,2,1
11/22/2020,"Thomas Jefferson",Black,685,88,18
11/22/2020,"Eastern Shore",White,357,36,20
11/22/2020,"Central Virginia",White,2915,144,43
11/22/2020,Lenowisco,Black,75,3,2
11/22/2020,"Central Virginia","Two or more races",32,0,0
11/22/2020,Richmond,"Two or more races",63,3,1
11/22/2020,Crater,"Not Reported",1174,10,5
11/22/2020,Chesterfield,"Two or more races",75,8,0
11/22/2020,"New River",Latino,276,5,0
11/22/2020,Richmond,Latino,1540,118,8
11/22/2020,Portsmouth,Latino,107,11,1
11/22/2020,Pittsylvania-Danville,"Not Reported",826,14,1
11/22/2020,Chesapeake,"Not Reported",689,3,0
11/22/2020,Chickahominy,Latino,144,9,1
11/22/2020,Crater,Black,2721,233,76
11/22/2020,Chesterfield,Black,1863,156,37
11/22/2020,Chesterfield,"Other Race",250,15,0
11/22/2020,Peninsula,Black,1702,103,30
11/22/2020,Roanoke,White,1136,40,52
11/22/2020,"New River",Black,307,5,1
11/22/2020,Southside,Latino,14,0,0
11/22/2020,Peninsula,Latino,537,24,2
11/22/2020,Rappahannock,"Two or more races",76,3,0
11/22/2020,"Virginia Beach",Black,2285,169,30
11/22/2020,"Mount Rogers","Not Reported",431,12,7
11/22/2020,Loudoun,"Not Reported",2157,5,0
11/22/2020,Chesapeake,"Other Race",76,5,1
11/22/2020,Chickahominy,"Two or more races",14,1,0
11/22/2020,Crater,"Other Race",76,0,1
11/22/2020,Norfolk,"Two or more races",74,6,0
11/22/2020,"Eastern Shore","Two or more races",1,1,0
11/22/2020,"Central Shenandoah",White,5069,258,86
11/22/2020,"New River","Other Race",21,0,0
11/22/2020,"New River",White,3589,101,39
11/22/2020,"Central Shenandoah","Other Race",118,2,0
11/22/2020,"West Piedmont",Black,757,112,23
11/22/2020,Alleghany,Latino,239,13,1
11/22/2020,"Central Shenandoah","Not Reported",1423,7,1
11/22/2020,Roanoke,"Two or more races",28,2,0
11/22/2020,Peninsula,"Two or more races",79,4,1
11/22/2020,Richmond,"Not Reported",942,2,1
11/22/2020,Arlington,"Other Race",152,13,4
11/22/2020,Norfolk,"Not Reported",1220,5,1
11/22/2020,Alexandria,"Other Race",129,10,2
11/22/2020,"Virginia Beach",White,3871,242,65
11/22/2020,Chesapeake,"Two or more races",70,3,0
11/22/2020,Alleghany,White,2573,116,59
11/22/2020,"Rappahannock Rapidan","Other Race",48,4,0
11/22/2020,Chickahominy,"Not Reported",652,2,2
11/22/2020,Portsmouth,Black,1897,259,49
11/22/2020,Chickahominy,"Other Race",39,3,0
11/22/2020,"Virginia Beach",Latino,714,34,4
11/22/2020,Chesapeake,White,2301,185,35
11/22/2020,Southside,Black,722,52,23
11/22/2020,Rappahannock,Latino,1674,120,10
11/22/2020,"Three Rivers","Two or more races",16,1,0
11/22/2020,Henrico,Black,2379,271,101
11/22/2020,Pittsylvania-Danville,Black,1047,124,23
11/22/2020,"Lord Fairfax","Two or more races",37,0,1
11/22/2020,"Prince William",Latino,8249,729,83
11/22/2020,"Mount Rogers","Other Race",22,2,2
11/22/2020,"Central Shenandoah",Black,341,19,6
11/22/2020,Peninsula,White,1700,103,53
11/22/2020,"Eastern Shore","Not Reported",76,0,0
11/22/2020,"Thomas Jefferson","Other Race",189,7,1
11/22/2020,Hampton,"Other Race",84,3,1
11/22/2020,"Lord Fairfax","Not Reported",623,6,7
11/22/2020,"Central Virginia","Other Race",41,0,0
11/22/2020,"Western Tidewater","Other Race",91,1,2
11/22/2020,Crater,Latino,282,11,5
11/22/2020,Chesapeake,Latino,463,33,2
11/22/2020,Chesterfield,White,3021,206,100
11/22/2020,"Western Tidewater","Not Reported",1089,6,3
11/22/2020,Fairfax,"Not Reported",3140,41,29
11/22/2020,Arlington,Black,524,95,36
11/22/2020,"Central Virginia",Latino,133,7,4
11/22/2020,Alexandria,"Not Reported",344,3,1
11/22/2020,"Three Rivers",Black,880,65,17
11/22/2020,"Prince William","Two or more races",174,3,0
11/22/2020,Loudoun,"Two or more races",90,5,0
11/22/2020,Peninsula,"Other Race",230,4,0
11/22/2020,"Thomas Jefferson",White,2721,123,58
11/22/2020,Norfolk,"Other Race",123,5,2
11/22/2020,"Prince William","Not Reported",4620,25,1
11/22/2020,"West Piedmont",White,2141,208,77
11/22/2020,Rappahannock,Black,1165,116,20
11/22/2020,Norfolk,Black,2854,302,61
11/22/2020,Roanoke,Latino,558,33,1
11/22/2020,Piedmont,Latino,87,9,2
11/22/2020,Roanoke,"Not Reported",1224,2,1
11/22/2020,"Virginia Beach","Other Race",177,5,0
11/22/2020,Arlington,"Two or more races",61,4,0
11/22/2020,Alexandria,White,1065,68,40
11/22/2020,"Lord Fairfax","Other Race",110,6,1
11/22/2020,"Thomas Jefferson","Not Reported",376,3,0
11/22/2020,"Virginia Beach","Not Reported",2400,17,3
11/22/2020,Loudoun,Black,426,37,7
11/22/2020,Pittsylvania-Danville,Latino,116,5,0
11/22/2020,"Cumberland Plateau","Not Reported",233,5,0
11/22/2020,Chesterfield,"Not Reported",1650,4,11
11/22/2020,"Mount Rogers",White,4567,358,152
11/22/2020,Richmond,White,1313,60,25
11/22/2020,Lenowisco,"Not Reported",327,10,5
11/22/2020,"Three Rivers",Latino,203,6,1
11/22/2020,Piedmont,"Not Reported",891,12,4
11/22/2020,"Mount Rogers",Latino,357,8,0
11/22/2020,"Central Shenandoah","Two or more races",70,1,1
11/22/2020,Crater,White,1370,79,33
11/22/2020,Arlington,White,1802,156,74
11/22/2020,Pittsylvania-Danville,"Other Race",5,0,0
11/22/2020,Chickahominy,Black,526,65,13
11/22/2020,Fairfax,Black,2335,277,65
11/22/2020,"Eastern Shore",Latino,288,12,3
11/22/2020,Norfolk,White,1375,79,23
11/22/2020,"Mount Rogers","Two or more races",18,1,0
11/22/2020,Alleghany,"Two or more races",29,1,1
11/22/2020,Southside,White,614,41,23
11/22/2020,"Thomas Jefferson","Two or more races",115,6,0
11/22/2020,"Prince William",Black,2090,202,61
11/22/2020,"Lord Fairfax",White,3391,303,114
11/22/2020,"Cumberland Plateau",Latino,19,0,0
11/22/2020,Arlington,"Not Reported",699,4,0
11/22/2020,Rappahannock,"Other Race",213,5,0
11/22/2020,"Rappahannock Rapidan",Black,419,45,15
11/22/2020,"New River","Two or more races",111,6,3
11/22/2020,Arlington,Latino,2235,267,29
11/22/2020,Henrico,White,2265,179,119
11/22/2020,Loudoun,White,2547,153,97
11/22/2020,Alleghany,Black,285,11,6
11/22/2020,"Prince William",White,2798,215,100
11/22/2020,Rappahannock,White,2383,190,63
11/22/2020,Southside,"Other Race",19,1,1
11/22/2020,Portsmouth,"Two or more races",29,6,0
11/22/2020,"Western Tidewater",Black,2272,171,74
11/22/2020,Hampton,Latino,103,6,0
11/22/2020,Henrico,"Not Reported",1312,9,2
11/22/2020,"West Piedmont","Two or more races",20,0,0
11/22/2020,Peninsula,"Not Reported",1789,2,0
11/22/2020,Loudoun,Latino,2938,249,18
11/22/2020,Alexandria,Black,1011,110,20
11/22/2020,Piedmont,Black,828,88,24
11/22/2020,Roanoke,"Other Race",44,1,0
11/22/2020,Alexandria,"Two or more races",36,2,0
11/22/2020,"Western Tidewater",Latino,68,1,2
11/22/2020,Rappahannock,"Not Reported",1795,31,0
11/22/2020,"West Piedmont","Other Race",18,2,1
11/22/2020,Chickahominy,White,1676,142,51
11/22/2020,"Thomas Jefferson",Latino,822,36,3
11/22/2020,"Cumberland Plateau",Black,61,0,0
11/22/2020,"Lord Fairfax",Latino,1001,65,10
11/22/2020,"West Piedmont",Latino,340,14,1
11/22/2020,"Cumberland Plateau",White,1914,121,22
11/22/2020,"Eastern Shore","Other Race",13,1,0
11/22/2020,"Cumberland Plateau","Two or more races",12,0,0
11/22/2020,Pittsylvania-Danville,"Two or more races",10,0,0
11/22/2020,Piedmont,"Other Race",21,0,0
11/22/2020,Alexandria,Latino,2170,143,13
11/22/2020,Chesapeake,Black,2242,279,36
11/22/2020,Richmond,"Other Race",198,7,2
11/22/2020,Henrico,Latino,1083,65,13
11/22/2020,Piedmont,"Two or more races",36,2,0
11/22/2020,"Prince William","Other Race",819,26,0
11/22/2020,"New River","Not Reported",1411,19,0
11/22/2020,"Rappahannock Rapidan",White,1560,87,28
11/22/2020,"Central Virginia","Not Reported",2554,28,6
11/22/2020,"Virginia Beach","Two or more races",124,6,2
11/22/2020,Pittsylvania-Danville,White,1083,100,46
11/22/2020,"Lord Fairfax",Black,223,29,8
11/22/2020,Fairfax,Latino,12599,1137,105
11/22/2020,Chesterfield,"Asian or Pacific Islander",161,7,1
11/22/2020,Crater,"Asian or Pacific Islander",37,0,0
11/22/2020,Fairfax,"Asian or Pacific Islander",2621,309,80
11/22/2020,Hampton,"Asian or Pacific Islander",21,0,0
11/22/2020,"Rappahannock Rapidan","Asian or Pacific Islander",25,2,1
11/22/2020,"Mount Rogers","Asian or Pacific Islander",10,1,0
11/22/2020,"New River","Asian or Pacific Islander",151,0,0
11/22/2020,"Central Virginia","Asian or Pacific Islander",42,1,0
11/22/2020,"Lord Fairfax","Asian or Pacific Islander",31,2,0
11/22/2020,Southside,"Asian or Pacific Islander",4,0,0
11/22/2020,Alleghany,"Asian or Pacific Islander",60,1,0
11/22/2020,Portsmouth,"Asian or Pacific Islander",25,1,0
11/22/2020,Roanoke,"Asian or Pacific Islander",62,4,0
11/22/2020,Richmond,"Asian or Pacific Islander",79,6,1
11/22/2020,"Thomas Jefferson","Asian or Pacific Islander",157,4,1
11/22/2020,"Virginia Beach","Asian or Pacific Islander",404,34,8
11/22/2020,Henrico,"Asian or Pacific Islander",335,13,4
11/22/2020,Piedmont,"Asian or Pacific Islander",14,0,1
11/22/2020,"Western Tidewater","Asian or Pacific Islander",25,2,3
11/22/2020,"West Piedmont","Asian or Pacific Islander",19,2,1
11/22/2020,Chickahominy,"Asian or Pacific Islander",23,2,0
11/22/2020,Peninsula,"Asian or Pacific Islander",88,7,7
11/22/2020,Norfolk,"Asian or Pacific Islander",93,9,0
11/22/2020,Arlington,"Asian or Pacific Islander",279,29,13
11/22/2020,Loudoun,"Asian or Pacific Islander",696,68,14
11/22/2020,Alexandria,"Asian or Pacific Islander",176,11,1
11/22/2020,Rappahannock,"Asian or Pacific Islander",147,11,3
11/22/2020,Chesapeake,"Asian or Pacific Islander",113,12,6
11/22/2020,"Cumberland Plateau and Lenowisco","Asian or Pacific Islander",9,0,0
11/22/2020,"Central Shenandoah","Asian or Pacific Islander",105,2,0
11/22/2020,"Prince William","Asian or Pacific Islander",880,64,22
11/22/2020,Pittsylvania-Danville,"Asian or Pacific Islander",5,0,0
11/22/2020,"Eastern Shore and Three Rivers","Asian or Pacific Islander",15,1,0
11/22/2020,Piedmont,"Native American",7,0,0
11/22/2020,"New River","Native American",5,0,0
11/22/2020,"Central Shenandoah","Native American",4,1,0
11/22/2020,"Eastern Shore and Three Rivers","Native American",5,0,0
11/22/2020,Fairfax,"Native American",45,1,1
11/22/2020,Chesapeake,"Native American",13,0,0
11/22/2020,"Western Tidewater","Native American",5,0,0
11/22/2020,Portsmouth,"Native American",4,2,0
11/22/2020,Richmond,"Native American",5,0,0
11/22/2020,Chickahominy,"Native American",13,1,0
11/22/2020,"Thomas Jefferson","Native American",5,0,0
11/22/2020,Arlington,"Native American",6,0,0
11/22/2020,"Virginia Beach","Native American",17,0,0
11/22/2020,Peninsula,"Native American",8,2,1
11/22/2020,Hampton,"Native American",3,0,1
11/22/2020,"West Piedmont","Native American",4,0,0
11/22/2020,"Cumberland Plateau, Lenowisco, and Mount Rogers","Native American",10,0,0
11/22/2020,Henrico,"Native American",18,0,0
11/22/2020,Norfolk,"Native American",12,1,1
11/22/2020,"Prince William","Native American",37,1,1
11/22/2020,"Central Virginia","Native American",9,0,0
11/22/2020,Chesterfield,"Native American",11,1,0
11/22/2020,Rappahannock,"Native American",9,0,0
11/22/2020,Loudoun,"Native American",7,0,0
11/22/2020,Alexandria,"Native American",4,0,0
11/22/2020,"Alleghany and Roanoke","Native American",5,0,0
11/22/2020,Crater,"Native American",7,1,1
11/22/2020,"Rappahannock Rapidan","Native American",3,0,0
11/22/2020,"Lord Fairfax","Native American",4,1,1
11/22/2020,"Pittsylvania-Danville and Southside","Native American",4,1,0
11/23/2020,"Rappahannock Rapidan","Not Reported",939,13,7
11/23/2020,Portsmouth,"Other Race",69,11,5
11/23/2020,"Western Tidewater","Two or more races",73,1,0
11/23/2020,Piedmont,White,1068,84,32
11/23/2020,Chesterfield,Latino,2384,128,10
11/23/2020,Lenowisco,White,2234,141,52
11/23/2020,Lenowisco,"Two or more races",31,1,1
11/23/2020,Hampton,"Not Reported",675,2,1
11/23/2020,Southside,"Not Reported",700,7,5
11/23/2020,Roanoke,Black,816,43,13
11/23/2020,Hampton,Black,1203,83,23
11/23/2020,Alleghany,"Other Race",35,2,0
11/23/2020,Lenowisco,Latino,53,0,0
11/23/2020,Loudoun,"Other Race",411,18,3
11/23/2020,"Central Shenandoah",Latino,1358,64,7
11/23/2020,"Rappahannock Rapidan",Latino,1008,70,8
11/23/2020,"Eastern Shore",Black,899,104,29
11/23/2020,Norfolk,Latino,496,31,0
11/23/2020,Hampton,"Two or more races",26,1,0
11/23/2020,Richmond,Black,2215,301,42
11/23/2020,Henrico,"Two or more races",121,7,2
11/23/2020,Fairfax,"Two or more races",205,10,0
11/23/2020,Alleghany,"Not Reported",1371,7,2
11/23/2020,Portsmouth,"Not Reported",466,8,2
11/23/2020,"Cumberland Plateau","Other Race",7,1,0
11/23/2020,Southside,"Two or more races",133,0,1
11/23/2020,Portsmouth,White,515,51,13
11/23/2020,"Rappahannock Rapidan","Two or more races",53,2,0
11/23/2020,Fairfax,White,6596,624,328
11/23/2020,Fairfax,"Other Race",1197,105,21
11/23/2020,Crater,"Two or more races",19,1,1
11/23/2020,"West Piedmont","Not Reported",921,17,2
11/23/2020,Henrico,"Other Race",252,20,1
11/23/2020,"Three Rivers",White,1188,75,25
11/23/2020,"Central Virginia",Black,641,49,17
11/23/2020,Lenowisco,"Other Race",12,0,0
11/23/2020,"Three Rivers","Other Race",35,3,0
11/23/2020,"Western Tidewater",White,1484,86,79
11/23/2020,"Mount Rogers",Black,128,10,3
11/23/2020,"Three Rivers","Not Reported",293,2,1
11/23/2020,"Thomas Jefferson",Black,687,88,18
11/23/2020,"Eastern Shore",White,363,36,20
11/23/2020,"Central Virginia",White,2956,145,43
11/23/2020,Lenowisco,Black,76,3,2
11/23/2020,"Central Virginia","Two or more races",33,0,0
11/23/2020,Richmond,"Two or more races",64,3,1
11/23/2020,Crater,"Not Reported",1206,10,5
11/23/2020,Chesterfield,"Two or more races",75,8,0
11/23/2020,"New River",Latino,278,5,0
11/23/2020,Richmond,Latino,1542,118,8
11/23/2020,Portsmouth,Latino,107,11,1
11/23/2020,Pittsylvania-Danville,"Not Reported",845,16,1
11/23/2020,Chesapeake,"Not Reported",715,3,0
11/23/2020,Chickahominy,Latino,145,9,1
11/23/2020,Crater,Black,2764,234,76
11/23/2020,Chesterfield,Black,1880,156,37
11/23/2020,Chesterfield,"Other Race",249,15,0
11/23/2020,Peninsula,Black,1724,103,30
11/23/2020,Roanoke,White,1144,41,52
11/23/2020,"New River",Black,307,5,1
11/23/2020,Southside,Latino,14,0,0
11/23/2020,Peninsula,Latino,543,25,2
11/23/2020,Rappahannock,"Two or more races",77,3,0
11/23/2020,"Virginia Beach",Black,2302,169,30
11/23/2020,"Mount Rogers","Not Reported",436,12,7
11/23/2020,Loudoun,"Not Reported",2183,5,0
11/23/2020,Chesapeake,"Other Race",76,5,1
11/23/2020,Chickahominy,"Two or more races",14,1,0
11/23/2020,Crater,"Other Race",77,0,1
11/23/2020,Norfolk,"Two or more races",74,6,0
11/23/2020,"Eastern Shore","Two or more races",1,1,0
11/23/2020,"Central Shenandoah",White,5147,259,86
11/23/2020,"New River","Other Race",21,0,0
11/23/2020,"New River",White,3612,102,39
11/23/2020,"Central Shenandoah","Other Race",119,2,0
11/23/2020,"West Piedmont",Black,762,113,23
11/23/2020,Alleghany,Latino,243,13,1
11/23/2020,"Central Shenandoah","Not Reported",1449,7,1
11/23/2020,Roanoke,"Two or more races",28,2,0
11/23/2020,Peninsula,"Two or more races",82,4,1
11/23/2020,Richmond,"Not Reported",956,2,1
11/23/2020,Arlington,"Other Race",159,14,4
11/23/2020,Norfolk,"Not Reported",1240,5,1
11/23/2020,Alexandria,"Other Race",133,10,2
11/23/2020,"Virginia Beach",White,3935,242,65
11/23/2020,Chesapeake,"Two or more races",73,3,0
11/23/2020,Alleghany,White,2626,116,59
11/23/2020,"Rappahannock Rapidan","Other Race",52,4,0
11/23/2020,Chickahominy,"Not Reported",666,2,2
11/23/2020,Portsmouth,Black,1900,259,49
11/23/2020,Chickahominy,"Other Race",39,3,0
11/23/2020,"Virginia Beach",Latino,718,34,4
11/23/2020,Chesapeake,White,2345,186,35
11/23/2020,Southside,Black,730,53,23
11/23/2020,Rappahannock,Latino,1684,121,10
11/23/2020,"Three Rivers","Two or more races",20,2,0
11/23/2020,Henrico,Black,2396,271,101
11/23/2020,Pittsylvania-Danville,Black,1057,124,23
11/23/2020,"Lord Fairfax","Two or more races",37,0,1
11/23/2020,"Prince William",Latino,8271,730,83
11/23/2020,"Mount Rogers","Other Race",22,2,2
11/23/2020,"Central Shenandoah",Black,348,19,6
11/23/2020,Peninsula,White,1744,104,53
11/23/2020,"Eastern Shore","Not Reported",76,0,0
11/23/2020,"Thomas Jefferson","Other Race",187,7,1
11/23/2020,Hampton,"Other Race",88,3,1
11/23/2020,"Lord Fairfax","Not Reported",622,6,7
11/23/2020,"Central Virginia","Other Race",43,0,0
11/23/2020,"Western Tidewater","Other Race",91,1,2
11/23/2020,Crater,Latino,283,11,5
11/23/2020,Chesapeake,Latino,469,33,2
11/23/2020,Chesterfield,White,3060,208,100
11/23/2020,"Western Tidewater","Not Reported",1102,6,3
11/23/2020,Fairfax,"Not Reported",3353,41,29
11/23/2020,Arlington,Black,530,95,36
11/23/2020,"Central Virginia",Latino,133,7,4
11/23/2020,Alexandria,"Not Reported",354,3,1
11/23/2020,"Three Rivers",Black,883,65,17
11/23/2020,"Prince William","Two or more races",178,3,0
11/23/2020,Loudoun,"Two or more races",91,5,0
11/23/2020,Peninsula,"Other Race",235,4,0
11/23/2020,"Thomas Jefferson",White,2757,123,58
11/23/2020,Norfolk,"Other Race",123,5,2
11/23/2020,"Prince William","Not Reported",4701,25,1
11/23/2020,"West Piedmont",White,2177,210,77
11/23/2020,Rappahannock,Black,1175,116,20
11/23/2020,Norfolk,Black,2869,302,61
11/23/2020,Roanoke,Latino,558,33,1
11/23/2020,Piedmont,Latino,87,9,2
11/23/2020,Roanoke,"Not Reported",1227,2,1
11/23/2020,"Virginia Beach","Other Race",184,5,0
11/23/2020,Arlington,"Two or more races",63,4,0
11/23/2020,Alexandria,White,1089,68,40
11/23/2020,"Lord Fairfax","Other Race",114,6,1
11/23/2020,"Thomas Jefferson","Not Reported",374,3,0
11/23/2020,"Virginia Beach","Not Reported",2473,17,3
11/23/2020,Loudoun,Black,432,37,7
11/23/2020,Pittsylvania-Danville,Latino,116,5,0
11/23/2020,"Cumberland Plateau","Not Reported",245,5,0
11/23/2020,Chesterfield,"Not Reported",1673,4,11
11/23/2020,"Mount Rogers",White,4643,362,152
11/23/2020,Richmond,White,1322,60,25
11/23/2020,Lenowisco,"Not Reported",340,10,5
11/23/2020,"Three Rivers",Latino,205,6,1
11/23/2020,Piedmont,"Not Reported",898,12,4
11/23/2020,"Mount Rogers",Latino,361,8,0
11/23/2020,"Central Shenandoah","Two or more races",73,1,1
11/23/2020,Crater,White,1395,79,33
11/23/2020,Arlington,White,1820,156,74
11/23/2020,Pittsylvania-Danville,"Other Race",5,0,0
11/23/2020,Chickahominy,Black,528,65,13
11/23/2020,Fairfax,Black,2367,277,65
11/23/2020,"Eastern Shore",Latino,289,12,3
11/23/2020,Norfolk,White,1389,80,23
11/23/2020,"Mount Rogers","Two or more races",18,1,0
11/23/2020,Alleghany,"Two or more races",30,1,1
11/23/2020,Southside,White,631,41,23
11/23/2020,"Thomas Jefferson","Two or more races",118,6,0
11/23/2020,"Prince William",Black,2111,202,61
11/23/2020,"Lord Fairfax",White,3482,304,114
11/23/2020,"Cumberland Plateau",Latino,20,0,0
11/23/2020,Arlington,"Not Reported",749,3,0
11/23/2020,Rappahannock,"Other Race",219,5,0
11/23/2020,"Rappahannock Rapidan",Black,471,45,15
11/23/2020,"New River","Two or more races",111,6,3
11/23/2020,Arlington,Latino,2245,268,30
11/23/2020,Henrico,White,2290,179,119
11/23/2020,Loudoun,White,2567,154,97
11/23/2020,Hampton,White,512,19,8
11/23/2020,Alleghany,Black,294,11,6
11/23/2020,"Prince William",White,2832,215,100
11/23/2020,Rappahannock,White,2415,190,63
11/23/2020,Southside,"Other Race",19,1,1
11/23/2020,Portsmouth,"Two or more races",29,6,0
11/23/2020,"Western Tidewater",Black,2281,171,74
11/23/2020,Hampton,Latino,108,6,0
11/23/2020,Henrico,"Not Reported",1336,9,2
11/23/2020,"West Piedmont","Two or more races",20,0,0
11/23/2020,Peninsula,"Not Reported",1815,2,0
11/23/2020,Loudoun,Latino,2954,249,18
11/23/2020,Alexandria,Black,1025,110,20
11/23/2020,Piedmont,Black,835,88,24
11/23/2020,Roanoke,"Other Race",44,1,0
11/23/2020,Alexandria,"Two or more races",36,2,0
11/23/2020,"Western Tidewater",Latino,68,1,2
11/23/2020,Rappahannock,"Not Reported",1872,32,0
11/23/2020,"West Piedmont","Other Race",17,2,1
11/23/2020,Chickahominy,White,1713,143,51
11/23/2020,"Thomas Jefferson",Latino,829,36,3
11/23/2020,"Cumberland Plateau",Black,61,0,0
11/23/2020,"Lord Fairfax",Latino,1012,65,10
11/23/2020,"West Piedmont",Latino,343,14,1
11/23/2020,"Cumberland Plateau",White,1961,122,22
11/23/2020,"Eastern Shore","Other Race",13,1,0
11/23/2020,"Cumberland Plateau","Two or more races",12,0,0
11/23/2020,Pittsylvania-Danville,"Two or more races",10,0,0
11/23/2020,Piedmont,"Other Race",21,0,0
11/23/2020,Alexandria,Latino,2191,144,13
11/23/2020,Chesapeake,Black,2274,280,36
11/23/2020,Richmond,"Other Race",201,7,2
11/23/2020,Henrico,Latino,1087,65,13
11/23/2020,Piedmont,"Two or more races",38,2,0
11/23/2020,"Prince William","Other Race",857,26,0
11/23/2020,"New River","Not Reported",1416,19,0
11/23/2020,"Rappahannock Rapidan",White,1685,89,28
11/23/2020,"Central Virginia","Not Reported",2567,29,6
11/23/2020,"Virginia Beach","Two or more races",125,6,2
11/23/2020,Pittsylvania-Danville,White,1100,100,46
11/23/2020,"Lord Fairfax",Black,230,29,8
11/23/2020,Fairfax,Latino,12675,1137,105
11/23/2020,Chesterfield,"Asian or Pacific Islander",163,7,1
11/23/2020,Crater,"Asian or Pacific Islander",37,0,0
11/23/2020,Fairfax,"Asian or Pacific Islander",2650,310,80
11/23/2020,Hampton,"Asian or Pacific Islander",21,0,0
11/23/2020,"Rappahannock Rapidan","Asian or Pacific Islander",26,2,1
11/23/2020,"Mount Rogers","Asian or Pacific Islander",10,1,0
11/23/2020,"New River","Asian or Pacific Islander",151,0,0
11/23/2020,"Central Virginia","Asian or Pacific Islander",44,1,0
11/23/2020,"Lord Fairfax","Asian or Pacific Islander",33,2,0
11/23/2020,Southside,"Asian or Pacific Islander",4,0,0
11/23/2020,Alleghany,"Asian or Pacific Islander",62,1,0
11/23/2020,Portsmouth,"Asian or Pacific Islander",25,1,0
11/23/2020,Roanoke,"Asian or Pacific Islander",62,4,0
11/23/2020,Richmond,"Asian or Pacific Islander",79,6,1
11/23/2020,"Thomas Jefferson","Asian or Pacific Islander",158,4,1
11/23/2020,"Virginia Beach","Asian or Pacific Islander",414,34,8
11/23/2020,Henrico,"Asian or Pacific Islander",344,13,4
11/23/2020,Piedmont,"Asian or Pacific Islander",14,0,1
11/23/2020,"Western Tidewater","Asian or Pacific Islander",25,2,3
11/23/2020,"West Piedmont","Asian or Pacific Islander",19,2,1
11/23/2020,Chickahominy,"Asian or Pacific Islander",23,2,0
11/23/2020,Peninsula,"Asian or Pacific Islander",88,7,7
11/23/2020,Norfolk,"Asian or Pacific Islander",94,9,0
11/23/2020,Arlington,"Asian or Pacific Islander",283,29,13
11/23/2020,Loudoun,"Asian or Pacific Islander",700,68,14
11/23/2020,Alexandria,"Asian or Pacific Islander",178,11,1
11/23/2020,Rappahannock,"Asian or Pacific Islander",150,12,3
11/23/2020,Chesapeake,"Asian or Pacific Islander",115,12,6
11/23/2020,"Cumberland Plateau and Lenowisco","Asian or Pacific Islander",9,0,0
11/23/2020,"Central Shenandoah","Asian or Pacific Islander",108,2,0
11/23/2020,"Prince William","Asian or Pacific Islander",889,64,22
11/23/2020,Pittsylvania-Danville,"Asian or Pacific Islander",6,0,0
11/23/2020,"Eastern Shore and Three Rivers","Asian or Pacific Islander",15,1,0
11/23/2020,Piedmont,"Native American",7,0,0
11/23/2020,"New River","Native American",5,0,0
11/23/2020,"Central Shenandoah","Native American",4,1,0
11/23/2020,"Eastern Shore and Three Rivers","Native American",5,0,0
11/23/2020,Fairfax,"Native American",46,1,1
11/23/2020,Chesapeake,"Native American",13,0,0
11/23/2020,"Western Tidewater","Native American",5,0,0
11/23/2020,Portsmouth,"Native American",4,2,0
11/23/2020,Richmond,"Native American",5,0,0
11/23/2020,Chickahominy,"Native American",13,1,0
11/23/2020,"Thomas Jefferson","Native American",5,0,0
11/23/2020,Arlington,"Native American",7,0,0
11/23/2020,"Virginia Beach","Native American",17,0,0
11/23/2020,Peninsula,"Native American",8,2,1
11/23/2020,Hampton,"Native American",3,0,1
11/23/2020,"West Piedmont","Native American",4,0,0
11/23/2020,"Cumberland Plateau, Lenowisco, and Mount Rogers","Native American",11,0,0
11/23/2020,Henrico,"Native American",18,0,0
11/23/2020,Norfolk,"Native American",12,1,1
11/23/2020,"Prince William","Native American",38,1,1
11/23/2020,"Central Virginia","Native American",9,0,0
11/23/2020,Chesterfield,"Native American",11,1,0
11/23/2020,Rappahannock,"Native American",9,0,0
11/23/2020,Loudoun,"Native American",7,0,0
11/23/2020,Alexandria,"Native American",4,0,0
11/23/2020,"Alleghany and Roanoke","Native American",5,0,0
11/23/2020,Crater,"Native American",7,1,1
11/23/2020,"Rappahannock Rapidan","Native American",3,0,0
11/23/2020,"Lord Fairfax","Native American",4,1,1
11/23/2020,"Pittsylvania-Danville and Southside","Native American",4,1,0
11/24/2020,"Rappahannock Rapidan","Not Reported",955,13,7
11/24/2020,Portsmouth,"Other Race",71,11,5
11/24/2020,"Western Tidewater","Two or more races",73,1,0
11/24/2020,Piedmont,White,1075,84,33
11/24/2020,Chesterfield,Latino,2396,128,10
11/24/2020,Lenowisco,White,2248,144,53
11/24/2020,Lenowisco,"Two or more races",31,1,1
11/24/2020,Hampton,"Not Reported",666,2,1
11/24/2020,Southside,"Not Reported",702,7,5
11/24/2020,Roanoke,Black,828,44,15
11/24/2020,Hampton,Black,1212,83,23
11/24/2020,Alleghany,"Other Race",36,2,0
11/24/2020,Lenowisco,Latino,54,0,0
11/24/2020,Loudoun,"Other Race",433,18,3
11/24/2020,"Central Shenandoah",Latino,1364,64,7
11/24/2020,"Rappahannock Rapidan",Latino,1010,70,8
11/24/2020,"Eastern Shore",Black,900,104,29
11/24/2020,Norfolk,Latino,504,32,0
11/24/2020,Hampton,"Two or more races",26,1,0
11/24/2020,Richmond,Black,2242,303,42
11/24/2020,Henrico,"Two or more races",125,8,2
11/24/2020,Fairfax,"Two or more races",209,10,0
11/24/2020,Alleghany,"Not Reported",1385,7,2
11/24/2020,Portsmouth,"Not Reported",460,8,2
11/24/2020,"Cumberland Plateau","Other Race",5,0,0
11/24/2020,Southside,"Two or more races",133,0,1
11/24/2020,Portsmouth,White,520,51,14
11/24/2020,"Rappahannock Rapidan","Two or more races",53,2,0
11/24/2020,Fairfax,White,6719,627,331
11/24/2020,Fairfax,"Other Race",1230,105,21
11/24/2020,Crater,"Two or more races",19,1,1
11/24/2020,"West Piedmont","Not Reported",907,18,3
11/24/2020,Henrico,"Other Race",260,20,1
11/24/2020,"Three Rivers",White,1189,76,25
11/24/2020,"Central Virginia",Black,647,50,17
11/24/2020,Lenowisco,"Other Race",12,0,0
11/24/2020,"Three Rivers","Other Race",36,3,0
11/24/2020,"Western Tidewater",White,1493,86,79
11/24/2020,"Mount Rogers",Black,136,10,3
11/24/2020,"Three Rivers","Not Reported",293,2,1
11/24/2020,"Thomas Jefferson",Black,689,88,18
11/24/2020,"Eastern Shore",White,364,37,20
11/24/2020,"Central Virginia",White,3021,154,45
11/24/2020,Lenowisco,Black,76,3,2
11/24/2020,"Central Virginia","Two or more races",37,1,0
11/24/2020,Richmond,"Two or more races",67,3,1
11/24/2020,Crater,"Not Reported",1199,11,5
11/24/2020,Chesterfield,"Two or more races",81,8,0
11/24/2020,"New River",Latino,281,5,0
11/24/2020,Richmond,Latino,1545,118,8
11/24/2020,Portsmouth,Latino,107,11,1
11/24/2020,Pittsylvania-Danville,"Not Reported",851,16,1
11/24/2020,Chesapeake,"Not Reported",706,3,0
11/24/2020,Chickahominy,Latino,147,9,1
11/24/2020,Crater,Black,2775,236,76
11/24/2020,Chesterfield,Black,1913,157,37
11/24/2020,Chesterfield,"Other Race",248,15,0
11/24/2020,Peninsula,Black,1733,103,30
11/24/2020,Roanoke,White,1157,41,52
11/24/2020,"New River",Black,312,5,1
11/24/2020,Southside,Latino,14,0,0
11/24/2020,Peninsula,Latino,548,25,2
11/24/2020,Rappahannock,"Two or more races",78,3,0
11/24/2020,"Virginia Beach",Black,2325,171,30
11/24/2020,"Mount Rogers","Not Reported",446,11,6
11/24/2020,Loudoun,"Not Reported",2226,5,0
11/24/2020,Chesapeake,"Other Race",77,5,1
11/24/2020,Chickahominy,"Two or more races",14,1,0
11/24/2020,Crater,"Other Race",80,0,1
11/24/2020,Norfolk,"Two or more races",75,6,0
11/24/2020,"Eastern Shore","Two or more races",1,1,0
11/24/2020,"Central Shenandoah",White,5237,262,88
11/24/2020,"New River","Other Race",23,0,0
11/24/2020,"New River",White,3709,105,40
11/24/2020,"Central Shenandoah","Other Race",118,2,0
11/24/2020,"West Piedmont",Black,778,113,24
11/24/2020,Alleghany,Latino,246,13,1
11/24/2020,"Central Shenandoah","Not Reported",1448,9,3
11/24/2020,Roanoke,"Two or more races",29,2,0
11/24/2020,Peninsula,"Two or more races",83,4,1
11/24/2020,Richmond,"Not Reported",969,2,1
11/24/2020,Arlington,"Other Race",164,14,4
11/24/2020,Norfolk,"Not Reported",1244,5,1
11/24/2020,Alexandria,"Other Race",134,10,2
11/24/2020,"Virginia Beach",White,4001,247,65
11/24/2020,Chesapeake,"Two or more races",73,3,0
11/24/2020,Alleghany,White,2666,118,62
11/24/2020,"Rappahannock Rapidan","Other Race",52,4,0
11/24/2020,Chickahominy,"Not Reported",671,3,2
11/24/2020,Portsmouth,Black,1912,259,49
11/24/2020,Chickahominy,"Other Race",40,3,0
11/24/2020,"Virginia Beach",Latino,731,34,4
11/24/2020,Chesapeake,White,2368,187,35
11/24/2020,Southside,Black,732,53,23
11/24/2020,Rappahannock,Latino,1699,122,10
11/24/2020,"Three Rivers","Two or more races",19,2,0
11/24/2020,Henrico,Black,2429,279,102
11/24/2020,Pittsylvania-Danville,Black,1067,125,23
11/24/2020,"Lord Fairfax","Two or more races",37,0,1
11/24/2020,"Prince William",Latino,8333,729,83
11/24/2020,"Mount Rogers","Other Race",22,2,2
11/24/2020,"Central Shenandoah",Black,353,19,6
11/24/2020,Peninsula,White,1776,104,53
11/24/2020,"Eastern Shore","Not Reported",76,0,0
11/24/2020,"Thomas Jefferson","Other Race",190,7,1
11/24/2020,Hampton,"Other Race",95,3,1
11/24/2020,"Lord Fairfax","Not Reported",616,6,7
11/24/2020,"Central Virginia","Other Race",46,0,0
11/24/2020,"Western Tidewater","Other Race",94,1,2
11/24/2020,Crater,Latino,287,11,5
11/24/2020,Chesapeake,Latino,473,34,2
11/24/2020,Chesterfield,White,3124,210,100
11/24/2020,"Western Tidewater","Not Reported",1120,6,3
11/24/2020,Fairfax,"Not Reported",3400,41,29
11/24/2020,Arlington,Black,532,95,36
11/24/2020,"Central Virginia",Latino,135,7,4
11/24/2020,Alexandria,"Not Reported",335,3,1
11/24/2020,"Three Rivers",Black,885,66,17
11/24/2020,"Prince William","Two or more races",182,3,0
11/24/2020,Loudoun,"Two or more races",96,6,0
11/24/2020,Peninsula,"Other Race",247,4,0
11/24/2020,"Thomas Jefferson",White,2780,124,58
11/24/2020,Norfolk,"Other Race",126,5,2
11/24/2020,"Prince William","Not Reported",4781,25,1
11/24/2020,"West Piedmont",White,2229,213,79
11/24/2020,Rappahannock,Black,1192,117,20
11/24/2020,Norfolk,Black,2886,302,61
11/24/2020,Roanoke,Latino,562,33,1
11/24/2020,Piedmont,Latino,89,9,2
11/24/2020,Roanoke,"Not Reported",1247,2,1
11/24/2020,"Virginia Beach","Other Race",186,5,0
11/24/2020,Arlington,"Two or more races",63,4,0
11/24/2020,Alexandria,White,1103,68,40
11/24/2020,"Lord Fairfax","Other Race",113,6,1
11/24/2020,"Thomas Jefferson","Not Reported",373,3,0
11/24/2020,"Virginia Beach","Not Reported",2465,18,3
11/24/2020,Loudoun,Black,438,37,7
11/24/2020,Pittsylvania-Danville,Latino,116,5,0
11/24/2020,"Cumberland Plateau","Not Reported",248,5,0
11/24/2020,Chesterfield,"Not Reported",1709,4,11
11/24/2020,"Mount Rogers",White,4749,370,155
11/24/2020,Richmond,White,1334,62,26
11/24/2020,Lenowisco,"Not Reported",344,9,5
11/24/2020,"Three Rivers",Latino,205,6,1
11/24/2020,Piedmont,"Not Reported",898,12,4
11/24/2020,"Mount Rogers",Latino,361,8,0
11/24/2020,"Central Shenandoah","Two or more races",76,1,1
11/24/2020,Crater,White,1405,80,33
11/24/2020,Arlington,White,1838,156,74
11/24/2020,Pittsylvania-Danville,"Other Race",5,0,0
11/24/2020,Chickahominy,Black,538,66,13
11/24/2020,Fairfax,Black,2396,278,65
11/24/2020,"Eastern Shore",Latino,289,12,3
11/24/2020,Norfolk,White,1404,82,24
11/24/2020,"Mount Rogers","Two or more races",18,1,0
11/24/2020,Alleghany,"Two or more races",30,1,1
11/24/2020,Southside,White,633,41,23
11/24/2020,"Thomas Jefferson","Two or more races",120,6,0
11/24/2020,"Prince William",Black,2131,205,61
11/24/2020,"Lord Fairfax",White,3539,308,114
11/24/2020,"Cumberland Plateau",Latino,20,0,0
11/24/2020,Arlington,"Not Reported",762,3,0
11/24/2020,Rappahannock,"Other Race",222,5,0
11/24/2020,"Rappahannock Rapidan",Black,479,45,16
11/24/2020,"New River","Two or more races",111,6,4
11/24/2020,Arlington,Latino,2253,268,30
11/24/2020,Henrico,White,2332,182,120
11/24/2020,Loudoun,White,2615,158,97
11/24/2020,Hampton,White,520,19,8
11/24/2020,Alleghany,Black,292,10,6
11/24/2020,"Prince William",White,2865,214,102
11/24/2020,Rappahannock,White,2446,191,63
11/24/2020,Southside,"Other Race",19,1,1
11/24/2020,Portsmouth,"Two or more races",29,6,0
11/24/2020,"Western Tidewater",Black,2296,173,75
11/24/2020,Hampton,Latino,110,6,0
11/24/2020,Henrico,"Not Reported",1363,9,2
11/24/2020,"West Piedmont","Two or more races",23,0,0
11/24/2020,Peninsula,"Not Reported",1800,2,0
11/24/2020,Loudoun,Latino,2982,251,18
11/24/2020,Alexandria,Black,1036,111,20
11/24/2020,Piedmont,Black,838,89,26
11/24/2020,Roanoke,"Other Race",44,1,0
11/24/2020,Alexandria,"Two or more races",37,2,0
11/24/2020,"Western Tidewater",Latino,68,1,2
11/24/2020,Rappahannock,"Not Reported",1897,32,0
11/24/2020,"West Piedmont","Other Race",16,1,1
11/24/2020,Chickahominy,White,1740,144,51
11/24/2020,"Thomas Jefferson",Latino,837,36,3
11/24/2020,"Cumberland Plateau",Black,60,0,0
11/24/2020,"Lord Fairfax",Latino,1021,66,10
11/24/2020,"West Piedmont",Latino,351,14,1
11/24/2020,"Cumberland Plateau",White,1990,124,22
11/24/2020,"Eastern Shore","Other Race",14,1,0
11/24/2020,"Cumberland Plateau","Two or more races",9,0,0
11/24/2020,Pittsylvania-Danville,"Two or more races",10,0,0
11/24/2020,Piedmont,"Other Race",21,0,0
11/24/2020,Alexandria,Latino,2223,145,13
11/24/2020,Chesapeake,Black,2287,281,36
11/24/2020,Richmond,"Other Race",204,7,2
11/24/2020,Henrico,Latino,1096,65,13
11/24/2020,Piedmont,"Two or more races",39,2,0
11/24/2020,"Prince William","Other Race",874,25,0
11/24/2020,"New River","Not Reported",1434,20,0
11/24/2020,"Rappahannock Rapidan",White,1697,89,29
11/24/2020,"Central Virginia","Not Reported",2581,29,7
11/24/2020,"Virginia Beach","Two or more races",127,6,2
11/24/2020,Pittsylvania-Danville,White,1108,102,46
11/24/2020,"Lord Fairfax",Black,231,30,8
11/24/2020,Fairfax,Latino,12763,1141,105
11/24/2020,Chesterfield,"Asian or Pacific Islander",168,7,1
11/24/2020,Crater,"Asian or Pacific Islander",38,0,0
11/24/2020,Fairfax,"Asian or Pacific Islander",2709,310,80
11/24/2020,Hampton,"Asian or Pacific Islander",21,0,0
11/24/2020,"Rappahannock Rapidan","Asian or Pacific Islander",26,2,1
11/24/2020,"Mount Rogers","Asian or Pacific Islander",10,1,0
11/24/2020,"New River","Asian or Pacific Islander",154,0,0
11/24/2020,"Central Virginia","Asian or Pacific Islander",44,1,0
11/24/2020,"Lord Fairfax","Asian or Pacific Islander",34,2,0
11/24/2020,Southside,"Asian or Pacific Islander",4,0,0
11/24/2020,Alleghany,"Asian or Pacific Islander",64,1,0
11/24/2020,Portsmouth,"Asian or Pacific Islander",25,1,0
11/24/2020,Roanoke,"Asian or Pacific Islander",63,4,0
11/24/2020,Richmond,"Asian or Pacific Islander",80,6,1
11/24/2020,"Thomas Jefferson","Asian or Pacific Islander",158,4,1
11/24/2020,"Virginia Beach","Asian or Pacific Islander",427,37,8
11/24/2020,Henrico,"Asian or Pacific Islander",354,13,4
11/24/2020,Piedmont,"Asian or Pacific Islander",14,0,1
11/24/2020,"Western Tidewater","Asian or Pacific Islander",25,2,3
11/24/2020,"West Piedmont","Asian or Pacific Islander",20,2,1
11/24/2020,Chickahominy,"Asian or Pacific Islander",24,2,0
11/24/2020,Peninsula,"Asian or Pacific Islander",89,7,7
11/24/2020,Norfolk,"Asian or Pacific Islander",93,9,0
11/24/2020,Arlington,"Asian or Pacific Islander",286,29,13
11/24/2020,Loudoun,"Asian or Pacific Islander",715,69,14
11/24/2020,Alexandria,"Asian or Pacific Islander",179,11,1
11/24/2020,Rappahannock,"Asian or Pacific Islander",152,12,3
11/24/2020,Chesapeake,"Asian or Pacific Islander",117,12,6
11/24/2020,"Cumberland Plateau and Lenowisco","Asian or Pacific Islander",8,0,0
11/24/2020,"Central Shenandoah","Asian or Pacific Islander",110,2,0
11/24/2020,"Prince William","Asian or Pacific Islander",900,65,22
11/24/2020,Pittsylvania-Danville,"Asian or Pacific Islander",6,0,0
11/24/2020,"Eastern Shore and Three Rivers","Asian or Pacific Islander",16,1,0
11/24/2020,Piedmont,"Native American",7,0,0
11/24/2020,"New River","Native American",5,0,0
11/24/2020,"Central Shenandoah","Native American",4,1,0
11/24/2020,"Eastern Shore and Three Rivers","Native American",5,0,0
11/24/2020,Fairfax,"Native American",46,1,1
11/24/2020,Chesapeake,"Native American",14,0,0
11/24/2020,"Western Tidewater","Native American",5,0,0
11/24/2020,Portsmouth,"Native American",4,2,0
11/24/2020,Richmond,"Native American",5,0,0
11/24/2020,Chickahominy,"Native American",13,1,0
11/24/2020,"Thomas Jefferson","Native American",5,0,0
11/24/2020,Arlington,"Native American",7,0,0
11/24/2020,"Virginia Beach","Native American",17,0,0
11/24/2020,Peninsula,"Native American",8,2,1
11/24/2020,Hampton,"Native American",3,0,1
11/24/2020,"West Piedmont","Native American",4,0,0
11/24/2020,"Cumberland Plateau, Lenowisco, and Mount Rogers","Native American",11,0,0
11/24/2020,Henrico,"Native American",18,0,0
11/24/2020,Norfolk,"Native American",12,1,1
11/24/2020,"Prince William","Native American",36,1,1
11/24/2020,"Central Virginia","Native American",9,0,0
11/24/2020,Chesterfield,"Native American",11,1,0
11/24/2020,Rappahannock,"Native American",9,0,0
11/24/2020,Loudoun,"Native American",7,0,0
11/24/2020,Alexandria,"Native American",4,0,0
11/24/2020,"Alleghany and Roanoke","Native American",5,0,0
11/24/2020,Crater,"Native American",7,1,1
11/24/2020,"Rappahannock Rapidan","Native American",3,0,0
11/24/2020,"Lord Fairfax","Native American",4,1,1
11/24/2020,"Pittsylvania-Danville and Southside","Native American",4,1,0
11/26/2020,"Rappahannock Rapidan","Not Reported",990,13,7
11/26/2020,Portsmouth,"Other Race",71,11,5
11/26/2020,"Western Tidewater","Two or more races",74,1,0
11/26/2020,Piedmont,White,1103,85,33
11/26/2020,Chesterfield,Latino,2436,131,10
11/26/2020,Lenowisco,White,2350,148,58
11/26/2020,Lenowisco,"Two or more races",32,2,3
11/26/2020,Hampton,"Not Reported",667,2,1
11/26/2020,Southside,"Not Reported",704,7,5
11/26/2020,Roanoke,Black,853,45,15
11/26/2020,Hampton,Black,1245,84,23
11/26/2020,Alleghany,"Other Race",39,2,0
11/26/2020,Lenowisco,Latino,59,0,0
11/26/2020,Loudoun,"Other Race",476,23,3
11/26/2020,"Central Shenandoah",Latino,1387,64,7
11/26/2020,"Rappahannock Rapidan",Latino,1033,70,8
11/26/2020,"Eastern Shore",Black,905,105,29
11/26/2020,Norfolk,Latino,511,34,0
11/26/2020,Hampton,"Two or more races",27,1,0
11/26/2020,Richmond,Black,2272,304,42
11/26/2020,Henrico,"Two or more races",126,9,2
11/26/2020,Fairfax,"Two or more races",225,10,0
11/26/2020,Alleghany,"Not Reported",1393,7,2
11/26/2020,Portsmouth,"Not Reported",457,8,2
11/26/2020,"Cumberland Plateau","Other Race",5,0,0
11/26/2020,Southside,"Two or more races",134,0,4
11/26/2020,Portsmouth,White,530,51,14
11/26/2020,"Rappahannock Rapidan","Two or more races",54,2,0
11/26/2020,Fairfax,White,6985,639,333
11/26/2020,Fairfax,"Other Race",1271,111,22
11/26/2020,Crater,"Two or more races",20,1,1
11/26/2020,"West Piedmont","Not Reported",974,18,3
11/26/2020,Henrico,"Other Race",263,20,1
11/26/2020,"Three Rivers",White,1201,78,26
11/26/2020,"Central Virginia",Black,678,51,17
11/26/2020,Lenowisco,"Other Race",12,0,0
11/26/2020,"Three Rivers","Other Race",36,3,0
11/26/2020,"Western Tidewater",White,1530,87,79
11/26/2020,"Mount Rogers",Black,142,10,3
11/26/2020,"Three Rivers","Not Reported",295,2,1
11/26/2020,"Thomas Jefferson",Black,698,88,18
11/26/2020,"Eastern Shore",White,372,37,20
11/26/2020,"Central Virginia",White,3114,160,45
11/26/2020,Lenowisco,Black,78,3,2
11/26/2020,"Central Virginia","Two or more races",40,1,0
11/26/2020,Richmond,"Two or more races",68,3,1
11/26/2020,Crater,"Not Reported",1209,11,5
11/26/2020,Chesterfield,"Two or more races",85,8,0
11/26/2020,"New River",Latino,280,5,0
11/26/2020,Richmond,Latino,1549,118,8
11/26/2020,Portsmouth,Latino,108,11,1
11/26/2020,Pittsylvania-Danville,"Not Reported",895,18,1
11/26/2020,Chesapeake,"Not Reported",726,3,0
11/26/2020,Chickahominy,Latino,150,9,1
11/26/2020,Crater,Black,2796,236,76
11/26/2020,Chesterfield,Black,1959,158,37
11/26/2020,Chesterfield,"Other Race",255,16,0
11/26/2020,Peninsula,Black,1756,111,30
11/26/2020,Roanoke,White,1191,41,55
11/26/2020,"New River",Black,313,5,1
11/26/2020,Southside,Latino,14,0,0
11/26/2020,Peninsula,Latino,554,25,2
11/26/2020,Rappahannock,"Two or more races",84,3,0
11/26/2020,"Virginia Beach",Black,2358,176,30
11/26/2020,"Mount Rogers","Not Reported",466,13,6
11/26/2020,Loudoun,"Not Reported",2328,6,0
11/26/2020,Chesapeake,"Other Race",79,5,1
11/26/2020,Chickahominy,"Two or more races",14,1,0
11/26/2020,Crater,"Other Race",80,0,1
11/26/2020,Norfolk,"Two or more races",77,7,0
11/26/2020,"Eastern Shore","Two or more races",1,1,0
11/26/2020,"Central Shenandoah",White,5438,270,90
11/26/2020,"New River","Other Race",24,0,0
11/26/2020,"New River",White,3827,108,40
11/26/2020,"Central Shenandoah","Other Race",122,2,0
11/26/2020,"West Piedmont",Black,796,113,24
11/26/2020,Alleghany,Latino,248,13,1
11/26/2020,"Central Shenandoah","Not Reported",1460,10,3
11/26/2020,Roanoke,"Two or more races",31,2,0
11/26/2020,Peninsula,"Two or more races",85,4,1
11/26/2020,Richmond,"Not Reported",979,2,1
11/26/2020,Arlington,"Other Race",169,15,4
11/26/2020,Norfolk,"Not Reported",1257,6,1
11/26/2020,Alexandria,"Other Race",136,10,2
11/26/2020,"Virginia Beach",White,4100,248,65
11/26/2020,Chesapeake,"Two or more races",76,3,0
11/26/2020,Alleghany,White,2794,126,65
11/26/2020,"Rappahannock Rapidan","Other Race",52,4,0
11/26/2020,Chickahominy,"Not Reported",686,3,1
11/26/2020,Portsmouth,Black,1930,260,49
11/26/2020,Chickahominy,"Other Race",40,3,0
11/26/2020,"Virginia Beach",Latino,745,34,4
11/26/2020,Chesapeake,White,2420,188,35
11/26/2020,Southside,Black,740,53,23
11/26/2020,Rappahannock,Latino,1731,123,10
11/26/2020,"Three Rivers","Two or more races",21,2,0
11/26/2020,Henrico,Black,2495,282,104
11/26/2020,Pittsylvania-Danville,Black,1083,127,23
11/26/2020,"Lord Fairfax","Two or more races",40,0,1
11/26/2020,"Prince William",Latino,8489,732,84
11/26/2020,"Mount Rogers","Other Race",25,2,2
11/26/2020,"Central Shenandoah",Black,366,20,6
11/26/2020,Peninsula,White,1824,105,54
11/26/2020,"Eastern Shore","Not Reported",77,0,0
11/26/2020,"Thomas Jefferson","Other Race",192,7,1
11/26/2020,Hampton,"Other Race",99,3,1
11/26/2020,"Lord Fairfax","Not Reported",627,6,7
11/26/2020,"Central Virginia","Other Race",47,0,0
11/26/2020,"Western Tidewater","Other Race",96,1,2
11/26/2020,Crater,Latino,292,11,5
11/26/2020,Chesapeake,Latino,478,35,2
11/26/2020,Chesterfield,White,3252,213,101
11/26/2020,"Western Tidewater","Not Reported",1132,6,3
11/26/2020,Fairfax,"Not Reported",3405,44,30
11/26/2020,Arlington,Black,539,95,36
11/26/2020,"Central Virginia",Latino,139,7,4
11/26/2020,Alexandria,"Not Reported",354,3,1
11/26/2020,"Three Rivers",Black,892,67,17
11/26/2020,"Prince William","Two or more races",188,3,0
11/26/2020,Loudoun,"Two or more races",97,6,0
11/26/2020,Peninsula,"Other Race",252,4,0
11/26/2020,"Thomas Jefferson",White,2821,126,59
11/26/2020,Norfolk,"Other Race",129,5,2
11/26/2020,"Prince William","Not Reported",4952,25,1
11/26/2020,"West Piedmont",White,2312,214,80
11/26/2020,Rappahannock,Black,1217,117,20
11/26/2020,Norfolk,Black,2901,310,61
11/26/2020,Roanoke,Latino,579,33,1
11/26/2020,Piedmont,Latino,90,9,2
11/26/2020,Roanoke,"Not Reported",1250,2,1
11/26/2020,"Virginia Beach","Other Race",190,5,0
11/26/2020,Arlington,"Two or more races",66,4,0
11/26/2020,Alexandria,White,1142,70,40
11/26/2020,"Lord Fairfax","Other Race",117,6,1
11/26/2020,"Thomas Jefferson","Not Reported",373,3,0
11/26/2020,"Virginia Beach","Not Reported",2497,19,4
11/26/2020,Loudoun,Black,449,37,8
11/26/2020,Pittsylvania-Danville,Latino,117,5,0
11/26/2020,"Cumberland Plateau","Not Reported",259,4,0
11/26/2020,Chesterfield,"Not Reported",1727,4,12
11/26/2020,"Mount Rogers",White,4934,378,154
11/26/2020,Richmond,White,1359,60,26
11/26/2020,Lenowisco,"Not Reported",367,9,6
11/26/2020,"Three Rivers",Latino,207,6,1
11/26/2020,Piedmont,"Not Reported",894,12,4
11/26/2020,"Mount Rogers",Latino,364,8,0
11/26/2020,"Central Shenandoah","Two or more races",74,1,1
11/26/2020,Crater,White,1427,80,33
11/26/2020,Arlington,White,1877,156,74
11/26/2020,Pittsylvania-Danville,"Other Race",5,0,0
11/26/2020,Chickahominy,Black,554,67,15
11/26/2020,Fairfax,Black,2462,281,66
11/26/2020,"Eastern Shore",Latino,289,12,3
11/26/2020,Norfolk,White,1418,85,24
11/26/2020,"Mount Rogers","Two or more races",19,1,0
11/26/2020,Alleghany,"Two or more races",31,1,1
11/26/2020,Southside,White,642,42,25
11/26/2020,"Thomas Jefferson","Two or more races",121,6,0
11/26/2020,"Prince William",Black,2190,207,62
11/26/2020,"Lord Fairfax",White,3625,318,116
11/26/2020,"Cumberland Plateau",Latino,20,0,0
11/26/2020,Arlington,"Not Reported",828,4,0
11/26/2020,Rappahannock,"Other Race",230,6,0
11/26/2020,"Rappahannock Rapidan",Black,506,46,16
11/26/2020,"New River","Two or more races",113,6,4
11/26/2020,Arlington,Latino,2268,269,30
11/26/2020,Henrico,White,2387,186,121
11/26/2020,Loudoun,White,2694,161,99
11/26/2020,Hampton,White,544,20,8
11/26/2020,Alleghany,Black,293,10,7
11/26/2020,"Prince William",White,2974,214,103
11/26/2020,Rappahannock,White,2534,195,63
11/26/2020,Southside,"Other Race",19,1,1
11/26/2020,Portsmouth,"Two or more races",31,6,0
11/26/2020,"Western Tidewater",Black,2314,175,75
11/26/2020,Hampton,Latino,113,6,0
11/26/2020,Henrico,"Not Reported",1373,9,2
11/26/2020,"West Piedmont","Two or more races",24,0,0
11/26/2020,Peninsula,"Not Reported",1807,2,0
11/26/2020,Loudoun,Latino,3024,252,18
11/26/2020,Alexandria,Black,1050,113,20
11/26/2020,Piedmont,Black,852,91,26
11/26/2020,Roanoke,"Other Race",45,1,0
11/26/2020,Alexandria,"Two or more races",40,2,0
11/26/2020,"Western Tidewater",Latino,71,1,2
11/26/2020,Rappahannock,"Not Reported",1901,34,0
11/26/2020,"West Piedmont","Other Race",18,1,1
11/26/2020,Chickahominy,White,1803,150,53
11/26/2020,"Thomas Jefferson",Latino,863,36,3
11/26/2020,"Cumberland Plateau",Black,65,0,0
11/26/2020,"Lord Fairfax",Latino,1029,66,10
11/26/2020,"West Piedmont",Latino,357,14,1
11/26/2020,"Cumberland Plateau",White,2031,126,22
11/26/2020,"Eastern Shore","Other Race",14,1,0
11/26/2020,"Cumberland Plateau","Two or more races",2,0,0
11/26/2020,Pittsylvania-Danville,"Two or more races",10,0,0
11/26/2020,Piedmont,"Other Race",21,0,0
11/26/2020,Alexandria,Latino,2256,145,13
11/26/2020,Chesapeake,Black,2306,281,36
11/26/2020,Richmond,"Other Race",204,7,2
11/26/2020,Henrico,Latino,1114,65,13
11/26/2020,Piedmont,"Two or more races",40,2,1
11/26/2020,"Prince William","Other Race",933,25,0
11/26/2020,"New River","Not Reported",1470,21,0
11/26/2020,"Rappahannock Rapidan",White,1802,94,29
11/26/2020,"Central Virginia","Not Reported",2612,30,7
11/26/2020,"Virginia Beach","Two or more races",133,6,2
11/26/2020,Pittsylvania-Danville,White,1138,104,47
11/26/2020,"Lord Fairfax",Black,235,31,8
11/26/2020,Fairfax,Latino,13034,1142,105
11/26/2020,Chesterfield,"Asian or Pacific Islander",176,7,1
11/26/2020,Crater,"Asian or Pacific Islander",38,0,0
11/26/2020,Fairfax,"Asian or Pacific Islander",2813,314,81
11/26/2020,Hampton,"Asian or Pacific Islander",23,0,0
11/26/2020,"Rappahannock Rapidan","Asian or Pacific Islander",27,2,1
11/26/2020,"Mount Rogers","Asian or Pacific Islander",10,1,0
11/26/2020,"New River","Asian or Pacific Islander",156,0,0
11/26/2020,"Central Virginia","Asian or Pacific Islander",44,1,0
11/26/2020,"Lord Fairfax","Asian or Pacific Islander",36,2,0
11/26/2020,Southside,"Asian or Pacific Islander",5,0,0
11/26/2020,Alleghany,"Asian or Pacific Islander",66,1,0
11/26/2020,Portsmouth,"Asian or Pacific Islander",25,1,0
11/26/2020,Roanoke,"Asian or Pacific Islander",66,4,0
11/26/2020,Richmond,"Asian or Pacific Islander",80,6,1
11/26/2020,"Thomas Jefferson","Asian or Pacific Islander",165,4,1
11/26/2020,"Virginia Beach","Asian or Pacific Islander",433,38,8
11/26/2020,Henrico,"Asian or Pacific Islander",363,13,4
11/26/2020,Piedmont,"Asian or Pacific Islander",14,0,1
11/26/2020,"Western Tidewater","Asian or Pacific Islander",25,2,3
11/26/2020,"West Piedmont","Asian or Pacific Islander",20,2,1
11/26/2020,Chickahominy,"Asian or Pacific Islander",24,2,0
11/26/2020,Peninsula,"Asian or Pacific Islander",90,7,7
11/26/2020,Norfolk,"Asian or Pacific Islander",96,9,0
11/26/2020,Arlington,"Asian or Pacific Islander",294,29,13
11/26/2020,Loudoun,"Asian or Pacific Islander",741,70,14
11/26/2020,Alexandria,"Asian or Pacific Islander",187,11,1
11/26/2020,Rappahannock,"Asian or Pacific Islander",155,12,3
11/26/2020,Chesapeake,"Asian or Pacific Islander",121,12,6
11/26/2020,"Cumberland Plateau and Lenowisco","Asian or Pacific Islander",8,0,0
11/26/2020,"Central Shenandoah","Asian or Pacific Islander",110,2,0
11/26/2020,"Prince William","Asian or Pacific Islander",925,67,22
11/26/2020,Pittsylvania-Danville,"Asian or Pacific Islander",6,0,0
11/26/2020,"Eastern Shore and Three Rivers","Asian or Pacific Islander",16,1,0
11/26/2020,Piedmont,"Native American",7,0,0
11/26/2020,"New River","Native American",5,0,0
11/26/2020,"Central Shenandoah","Native American",4,1,0
11/26/2020,"Eastern Shore and Three Rivers","Native American",5,0,0
11/26/2020,Fairfax,"Native American",47,1,1
11/26/2020,Chesapeake,"Native American",14,0,0
11/26/2020,"Western Tidewater","Native American",5,0,0
11/26/2020,Portsmouth,"Native American",4,2,0
11/26/2020,Richmond,"Native American",5,0,0
11/26/2020,Chickahominy,"Native American",14,1,0
11/26/2020,"Thomas Jefferson","Native American",5,0,0
11/26/2020,Arlington,"Native American",7,0,0
11/26/2020,"Virginia Beach","Native American",18,0,0
11/26/2020,Peninsula,"Native American",8,2,1
11/26/2020,Hampton,"Native American",3,0,1
11/26/2020,"West Piedmont","Native American",4,0,0
11/26/2020,"Cumberland Plateau, Lenowisco, and Mount Rogers","Native American",15,0,0
11/26/2020,Henrico,"Native American",18,0,0
11/26/2020,Norfolk,"Native American",12,1,1
11/26/2020,"Prince William","Native American",35,1,1
11/26/2020,"Central Virginia","Native American",11,0,0
11/26/2020,Chesterfield,"Native American",11,1,0
11/26/2020,Rappahannock,"Native American",9,0,0
11/26/2020,Loudoun,"Native American",8,0,0
11/26/2020,Alexandria,"Native American",4,0,0
11/26/2020,"Alleghany and Roanoke","Native American",5,0,0
11/26/2020,Crater,"Native American",7,1,1
11/26/2020,"Rappahannock Rapidan","Native American",3,0,0
11/26/2020,"Lord Fairfax","Native American",4,1,1
11/26/2020,"Pittsylvania-Danville and Southside","Native American",4,1,0
11/27/2020,"Rappahannock Rapidan","Not Reported",990,13,7
11/27/2020,Portsmouth,"Other Race",72,11,5
11/27/2020,"Western Tidewater","Two or more races",74,1,0
11/27/2020,Piedmont,White,1107,85,33
11/27/2020,Chesterfield,Latino,2442,131,11
11/27/2020,Lenowisco,White,2368,157,64
11/27/2020,Lenowisco,"Two or more races",32,3,3
11/27/2020,Hampton,"Not Reported",668,2,1
11/27/2020,Southside,"Not Reported",704,7,5
11/27/2020,Roanoke,Black,855,45,15
11/27/2020,Hampton,Black,1250,84,23
11/27/2020,Alleghany,"Other Race",39,2,0
11/27/2020,Lenowisco,Latino,59,0,0
11/27/2020,Loudoun,"Other Race",486,23,3
11/27/2020,"Central Shenandoah",Latino,1387,64,7
11/27/2020,"Rappahannock Rapidan",Latino,1035,70,8
11/27/2020,"Eastern Shore",Black,906,105,29
11/27/2020,Norfolk,Latino,512,34,0
11/27/2020,Hampton,"Two or more races",27,1,0
11/27/2020,Richmond,Black,2279,306,43
11/27/2020,Henrico,"Two or more races",126,9,2
11/27/2020,Fairfax,"Two or more races",226,10,0
11/27/2020,Alleghany,"Not Reported",1471,7,2
11/27/2020,Portsmouth,"Not Reported",461,8,2
11/27/2020,"Cumberland Plateau","Other Race",5,0,0
11/27/2020,Southside,"Two or more races",134,0,4
11/27/2020,Portsmouth,White,533,51,14
11/27/2020,"Rappahannock Rapidan","Two or more races",54,2,0
11/27/2020,Fairfax,White,6993,639,334
11/27/2020,Fairfax,"Other Race",1272,111,22
11/27/2020,Crater,"Two or more races",20,1,1
11/27/2020,"West Piedmont","Not Reported",1026,17,3
11/27/2020,Henrico,"Other Race",264,20,1
11/27/2020,"Three Rivers",White,1221,79,26
11/27/2020,"Central Virginia",Black,685,51,17
11/27/2020,Lenowisco,"Other Race",12,0,0
11/27/2020,"Three Rivers","Other Race",36,3,0
11/27/2020,"Western Tidewater",White,1536,87,79
11/27/2020,"Mount Rogers",Black,144,10,3
11/27/2020,"Three Rivers","Not Reported",300,2,1
11/27/2020,"Thomas Jefferson",Black,703,88,18
11/27/2020,"Eastern Shore",White,378,37,20
11/27/2020,"Central Virginia",White,3134,160,45
11/27/2020,Lenowisco,Black,80,3,3
11/27/2020,"Central Virginia","Two or more races",40,1,0
11/27/2020,Richmond,"Two or more races",69,3,1
11/27/2020,Crater,"Not Reported",1211,11,5
11/27/2020,Chesterfield,"Two or more races",85,8,0
11/27/2020,"New River",Latino,280,5,0
11/27/2020,Richmond,Latino,1549,118,8
11/27/2020,Portsmouth,Latino,110,11,1
11/27/2020,Pittsylvania-Danville,"Not Reported",916,18,1
11/27/2020,Chesapeake,"Not Reported",757,3,0
11/27/2020,Chickahominy,Latino,150,9,1
11/27/2020,Crater,Black,2798,236,76
11/27/2020,Chesterfield,Black,1965,158,37
11/27/2020,Chesterfield,"Other Race",255,16,0
11/27/2020,Peninsula,Black,1758,111,30
11/27/2020,Roanoke,White,1199,41,55
11/27/2020,"New River",Black,313,5,1
11/27/2020,Southside,Latino,14,0,0
11/27/2020,Peninsula,Latino,555,25,2
11/27/2020,Rappahannock,"Two or more races",85,4,0
11/27/2020,"Virginia Beach",Black,2359,176,30
11/27/2020,"Mount Rogers","Not Reported",469,13,6
11/27/2020,Loudoun,"Not Reported",2344,6,0
11/27/2020,Chesapeake,"Other Race",79,5,1
11/27/2020,Chickahominy,"Two or more races",15,1,0
11/27/2020,Crater,"Other Race",80,0,1
11/27/2020,Norfolk,"Two or more races",77,7,0
11/27/2020,"Eastern Shore","Two or more races",1,1,0
11/27/2020,"Central Shenandoah",White,5462,270,90
11/27/2020,"New River","Other Race",25,0,0
11/27/2020,"New River",White,3834,108,40
11/27/2020,"Central Shenandoah","Other Race",122,2,0
11/27/2020,"West Piedmont",Black,805,113,24
11/27/2020,Alleghany,Latino,248,13,1
11/27/2020,"Central Shenandoah","Not Reported",1467,10,3
11/27/2020,Roanoke,"Two or more races",31,2,0
11/27/2020,Peninsula,"Two or more races",85,4,1
11/27/2020,Richmond,"Not Reported",985,2,1
11/27/2020,Arlington,"Other Race",172,15,4
11/27/2020,Norfolk,"Not Reported",1258,6,1
11/27/2020,Alexandria,"Other Race",140,10,2
11/27/2020,"Virginia Beach",White,4114,248,65
11/27/2020,Chesapeake,"Two or more races",76,3,0
11/27/2020,Alleghany,White,2841,126,65
11/27/2020,"Rappahannock Rapidan","Other Race",53,4,0
11/27/2020,Chickahominy,"Not Reported",706,3,1
11/27/2020,Portsmouth,Black,1934,260,49
11/27/2020,Chickahominy,"Other Race",40,3,0
11/27/2020,"Virginia Beach",Latino,745,34,4
11/27/2020,Chesapeake,White,2474,188,35
11/27/2020,Southside,Black,740,53,24
11/27/2020,Rappahannock,Latino,1742,123,10
11/27/2020,"Three Rivers","Two or more races",21,2,0
11/27/2020,Henrico,Black,2505,282,104
11/27/2020,Pittsylvania-Danville,Black,1091,127,23
11/27/2020,"Lord Fairfax","Two or more races",41,0,1
11/27/2020,"Prince William",Latino,8538,734,83
11/27/2020,"Mount Rogers","Other Race",25,2,2
11/27/2020,"Central Shenandoah",Black,366,20,6
11/27/2020,Peninsula,White,1828,105,55
11/27/2020,"Eastern Shore","Not Reported",77,0,0
11/27/2020,"Thomas Jefferson","Other Race",193,7,1
11/27/2020,Hampton,"Other Race",98,3,1
11/27/2020,"Lord Fairfax","Not Reported",632,6,7
11/27/2020,"Central Virginia","Other Race",47,0,0
11/27/2020,"Western Tidewater","Other Race",96,1,2
11/27/2020,Crater,Latino,292,11,5
11/27/2020,Chesapeake,Latino,483,35,2
11/27/2020,Chesterfield,White,3279,213,102
11/27/2020,"Western Tidewater","Not Reported",1141,6,3
11/27/2020,Fairfax,"Not Reported",3402,43,30
11/27/2020,Arlington,Black,543,96,36
11/27/2020,"Central Virginia",Latino,139,7,4
11/27/2020,Alexandria,"Not Reported",384,3,1
11/27/2020,"Three Rivers",Black,901,67,17
11/27/2020,"Prince William","Two or more races",188,3,0
11/27/2020,Loudoun,"Two or more races",99,6,0
11/27/2020,Peninsula,"Other Race",254,4,0
11/27/2020,"Thomas Jefferson",White,2842,126,59
11/27/2020,Norfolk,"Other Race",129,5,2
11/27/2020,"Prince William","Not Reported",4986,25,1
11/27/2020,"West Piedmont",White,2348,215,80
11/27/2020,Rappahannock,Black,1227,117,20
11/27/2020,Norfolk,Black,2902,310,61
11/27/2020,Roanoke,Latino,579,33,1
11/27/2020,Piedmont,Latino,90,9,2
11/27/2020,Roanoke,"Not Reported",1258,2,1
11/27/2020,"Virginia Beach","Other Race",190,5,0
11/27/2020,Arlington,"Two or more races",67,4,0
11/27/2020,Alexandria,White,1149,70,40
11/27/2020,"Lord Fairfax","Other Race",119,6,1
11/27/2020,"Thomas Jefferson","Not Reported",376,3,0
11/27/2020,"Virginia Beach","Not Reported",2534,19,4
11/27/2020,Loudoun,Black,449,37,8
11/27/2020,Pittsylvania-Danville,Latino,117,5,0
11/27/2020,"Cumberland Plateau","Not Reported",267,4,0
11/27/2020,Chesterfield,"Not Reported",1750,4,12
11/27/2020,"Mount Rogers",White,4946,378,154
11/27/2020,Richmond,White,1364,60,26
11/27/2020,Lenowisco,"Not Reported",370,9,6
11/27/2020,"Three Rivers",Latino,208,6,1
11/27/2020,Piedmont,"Not Reported",901,12,4
11/27/2020,"Mount Rogers",Latino,364,8,0
11/27/2020,"Central Shenandoah","Two or more races",74,1,1
11/27/2020,Crater,White,1429,80,33
11/27/2020,Arlington,White,1893,156,74
11/27/2020,Pittsylvania-Danville,"Other Race",5,0,0
11/27/2020,Chickahominy,Black,557,67,16
11/27/2020,Fairfax,Black,2465,281,66
11/27/2020,"Eastern Shore",Latino,290,12,3
11/27/2020,Norfolk,White,1422,85,24
11/27/2020,"Mount Rogers","Two or more races",19,1,0
11/27/2020,Alleghany,"Two or more races",31,1,1
11/27/2020,Southside,White,642,42,25
11/27/2020,"Thomas Jefferson","Two or more races",122,6,0
11/27/2020,"Prince William",Black,2208,207,62
11/27/2020,"Lord Fairfax",White,3680,321,116
11/27/2020,"Cumberland Plateau",Latino,21,0,0
11/27/2020,Arlington,"Not Reported",850,4,0
11/27/2020,Rappahannock,"Other Race",232,6,0
11/27/2020,"Rappahannock Rapidan",Black,507,46,16
11/27/2020,"New River","Two or more races",113,6,4
11/27/2020,Arlington,Latino,2288,273,30
11/27/2020,Henrico,White,2400,186,121
11/27/2020,Loudoun,White,2710,162,99
11/27/2020,Hampton,White,545,20,8
11/27/2020,Alleghany,Black,303,10,7
11/27/2020,"Prince William",White,3009,214,103
11/27/2020,Rappahannock,White,2558,196,63
11/27/2020,Southside,"Other Race",19,1,1
11/27/2020,Portsmouth,"Two or more races",31,6,0
11/27/2020,"Western Tidewater",Black,2315,175,75
11/27/2020,Hampton,Latino,113,6,0
11/27/2020,Henrico,"Not Reported",1383,9,2
11/27/2020,"West Piedmont","Two or more races",24,0,0
11/27/2020,Peninsula,"Not Reported",1808,2,0
11/27/2020,Loudoun,Latino,3030,251,18
11/27/2020,Alexandria,Black,1053,113,20
11/27/2020,Piedmont,Black,854,91,26
11/27/2020,Roanoke,"Other Race",45,1,0
11/27/2020,Alexandria,"Two or more races",40,2,0
11/27/2020,"Western Tidewater",Latino,71,1,2
11/27/2020,Rappahannock,"Not Reported",1934,34,0
11/27/2020,"West Piedmont","Other Race",19,1,1
11/27/2020,Chickahominy,White,1831,151,54
11/27/2020,"Thomas Jefferson",Latino,873,36,3
11/27/2020,"Cumberland Plateau",Black,65,0,0
11/27/2020,"Lord Fairfax",Latino,1030,66,10
11/27/2020,"West Piedmont",Latino,360,14,1
11/27/2020,"Cumberland Plateau",White,2057,132,22
11/27/2020,"Eastern Shore","Other Race",14,1,0
11/27/2020,"Cumberland Plateau","Two or more races",2,0,0
11/27/2020,Pittsylvania-Danville,"Two or more races",10,0,0
11/27/2020,Piedmont,"Other Race",21,0,0
11/27/2020,Alexandria,Latino,2265,145,13
11/27/2020,Chesapeake,Black,2380,282,36
11/27/2020,Richmond,"Other Race",204,7,2
11/27/2020,Henrico,Latino,1115,65,13
11/27/2020,Piedmont,"Two or more races",40,2,1
11/27/2020,"Prince William","Other Race",955,25,0
11/27/2020,"New River","Not Reported",1480,21,0
11/27/2020,"Rappahannock Rapidan",White,1806,94,29
11/27/2020,"Central Virginia","Not Reported",2630,30,7
11/27/2020,"Virginia Beach","Two or more races",133,6,2
11/27/2020,Pittsylvania-Danville,White,1149,104,48
11/27/2020,"Lord Fairfax",Black,240,31,8
11/27/2020,Fairfax,Latino,13041,1143,105
11/27/2020,Chesterfield,"Asian or Pacific Islander",176,7,1
11/27/2020,Crater,"Asian or Pacific Islander",38,0,0
11/27/2020,Fairfax,"Asian or Pacific Islander",2814,314,81
11/27/2020,Hampton,"Asian or Pacific Islander",23,0,0
11/27/2020,"Rappahannock Rapidan","Asian or Pacific Islander",27,2,1
11/27/2020,"Mount Rogers","Asian or Pacific Islander",10,1,0
11/27/2020,"New River","Asian or Pacific Islander",156,0,0
11/27/2020,"Central Virginia","Asian or Pacific Islander",45,1,0
11/27/2020,"Lord Fairfax","Asian or Pacific Islander",37,2,0
11/27/2020,Southside,"Asian or Pacific Islander",5,0,0
11/27/2020,Alleghany,"Asian or Pacific Islander",66,1,0
11/27/2020,Portsmouth,"Asian or Pacific Islander",25,1,0
11/27/2020,Roanoke,"Asian or Pacific Islander",67,4,0
11/27/2020,Richmond,"Asian or Pacific Islander",81,6,1
11/27/2020,"Thomas Jefferson","Asian or Pacific Islander",166,4,1
11/27/2020,"Virginia Beach","Asian or Pacific Islander",434,38,8
11/27/2020,Henrico,"Asian or Pacific Islander",368,13,4
11/27/2020,Piedmont,"Asian or Pacific Islander",14,0,1
11/27/2020,"Western Tidewater","Asian or Pacific Islander",25,2,3
11/27/2020,"West Piedmont","Asian or Pacific Islander",20,2,1
11/27/2020,Chickahominy,"Asian or Pacific Islander",25,3,0
11/27/2020,Peninsula,"Asian or Pacific Islander",90,7,7
11/27/2020,Norfolk,"Asian or Pacific Islander",96,9,0
11/27/2020,Arlington,"Asian or Pacific Islander",297,29,13
11/27/2020,Loudoun,"Asian or Pacific Islander",746,70,14
11/27/2020,Alexandria,"Asian or Pacific Islander",187,11,1
11/27/2020,Rappahannock,"Asian or Pacific Islander",156,12,3
11/27/2020,Chesapeake,"Asian or Pacific Islander",122,12,6
11/27/2020,"Cumberland Plateau and Lenowisco","Asian or Pacific Islander",8,0,0
11/27/2020,"Central Shenandoah","Asian or Pacific Islander",110,2,0
11/27/2020,"Prince William","Asian or Pacific Islander",937,67,22
11/27/2020,Pittsylvania-Danville,"Asian or Pacific Islander",6,0,0
11/27/2020,"Eastern Shore and Three Rivers","Asian or Pacific Islander",16,1,0
11/27/2020,Piedmont,"Native American",7,0,0
11/27/2020,"New River","Native American",5,0,0
11/27/2020,"Central Shenandoah","Native American",4,1,0
11/27/2020,"Eastern Shore and Three Rivers","Native American",6,0,0
11/27/2020,Fairfax,"Native American",47,1,1
11/27/2020,Chesapeake,"Native American",14,0,0
11/27/2020,"Western Tidewater","Native American",5,0,0
11/27/2020,Portsmouth,"Native American",4,2,0
11/27/2020,Richmond,"Native American",5,0,0
11/27/2020,Chickahominy,"Native American",14,1,0
11/27/2020,"Thomas Jefferson","Native American",6,0,0
11/27/2020,Arlington,"Native American",7,0,0
11/27/2020,"Virginia Beach","Native American",18,0,0
11/27/2020,Peninsula,"Native American",8,2,1
11/27/2020,Hampton,"Native American",3,0,1
11/27/2020,"West Piedmont","Native American",4,0,0
11/27/2020,"Cumberland Plateau, Lenowisco, and Mount Rogers","Native American",15,0,0
11/27/2020,Henrico,"Native American",18,0,0
11/27/2020,Norfolk,"Native American",12,1,1
11/27/2020,"Prince William","Native American",36,1,1
11/27/2020,"Central Virginia","Native American",11,0,0
11/27/2020,Chesterfield,"Native American",11,1,0
11/27/2020,Rappahannock,"Native American",10,0,0
11/27/2020,Loudoun,"Native American",8,0,0
11/27/2020,Alexandria,"Native American",4,0,0
11/27/2020,"Alleghany and Roanoke","Native American",5,0,0
11/27/2020,Crater,"Native American",7,1,1
11/27/2020,"Rappahannock Rapidan","Native American",3,0,0
11/27/2020,"Lord Fairfax","Native American",4,1,1
11/27/2020,"Pittsylvania-Danville and Southside","Native American",4,1,0
11/25/2020,"Rappahannock Rapidan","Not Reported",978,13,7
11/25/2020,Portsmouth,"Other Race",71,11,5
11/25/2020,"Western Tidewater","Two or more races",74,1,0
11/25/2020,Piedmont,White,1094,85,33
11/25/2020,Chesterfield,Latino,2420,129,10
11/25/2020,Lenowisco,White,2317,144,58
11/25/2020,Lenowisco,"Two or more races",31,2,2
11/25/2020,Hampton,"Not Reported",663,2,1
11/25/2020,Southside,"Not Reported",702,7,5
11/25/2020,Roanoke,Black,839,44,15
11/25/2020,Hampton,Black,1233,83,23
11/25/2020,Alleghany,"Other Race",39,2,0
11/25/2020,Lenowisco,Latino,55,0,0
11/25/2020,Loudoun,"Other Race",476,20,3
11/25/2020,"Central Shenandoah",Latino,1368,64,7
11/25/2020,"Rappahannock Rapidan",Latino,1014,70,8
11/25/2020,"Eastern Shore",Black,902,104,29
11/25/2020,Norfolk,Latino,510,34,0
11/25/2020,Hampton,"Two or more races",26,1,0
11/25/2020,Richmond,Black,2264,304,42
11/25/2020,Henrico,"Two or more races",125,9,2
11/25/2020,Fairfax,"Two or more races",220,10,0
11/25/2020,Alleghany,"Not Reported",1393,7,2
11/25/2020,Portsmouth,"Not Reported",459,8,2
11/25/2020,"Cumberland Plateau","Other Race",5,0,0
11/25/2020,Southside,"Two or more races",133,0,3
11/25/2020,Portsmouth,White,524,51,14
11/25/2020,"Rappahannock Rapidan","Two or more races",53,2,0
11/25/2020,Fairfax,White,6846,636,332
11/25/2020,Fairfax,"Other Race",1256,108,22
11/25/2020,Crater,"Two or more races",20,1,1
11/25/2020,"West Piedmont","Not Reported",934,18,3
11/25/2020,Henrico,"Other Race",260,20,1
11/25/2020,"Three Rivers",White,1196,76,25
11/25/2020,"Central Virginia",Black,663,50,17
11/25/2020,Lenowisco,"Other Race",12,0,0
11/25/2020,"Three Rivers","Other Race",36,3,0
11/25/2020,"Western Tidewater",White,1501,86,79
11/25/2020,"Mount Rogers",Black,139,10,3
11/25/2020,"Three Rivers","Not Reported",295,2,1
11/25/2020,"Thomas Jefferson",Black,693,88,18
11/25/2020,"Eastern Shore",White,367,37,20
11/25/2020,"Central Virginia",White,3069,156,45
11/25/2020,Lenowisco,Black,76,3,2
11/25/2020,"Central Virginia","Two or more races",39,1,0
11/25/2020,Richmond,"Two or more races",67,3,1
11/25/2020,Crater,"Not Reported",1206,11,5
11/25/2020,Chesterfield,"Two or more races",85,8,0
11/25/2020,"New River",Latino,280,5,0
11/25/2020,Richmond,Latino,1547,118,8
11/25/2020,Portsmouth,Latino,107,11,1
11/25/2020,Pittsylvania-Danville,"Not Reported",881,18,1
11/25/2020,Chesapeake,"Not Reported",707,3,0
11/25/2020,Chickahominy,Latino,149,9,1
11/25/2020,Crater,Black,2785,236,76
11/25/2020,Chesterfield,Black,1936,158,37
11/25/2020,Chesterfield,"Other Race",251,15,0
11/25/2020,Peninsula,Black,1746,103,30
11/25/2020,Roanoke,White,1176,41,54
11/25/2020,"New River",Black,312,5,1
11/25/2020,Southside,Latino,14,0,0
11/25/2020,Peninsula,Latino,551,25,2
11/25/2020,Rappahannock,"Two or more races",80,3,0
11/25/2020,"Virginia Beach",Black,2345,176,30
11/25/2020,"Mount Rogers","Not Reported",453,12,6
11/25/2020,Loudoun,"Not Reported",2291,6,0
11/25/2020,Chesapeake,"Other Race",82,5,1
11/25/2020,Chickahominy,"Two or more races",14,1,0
11/25/2020,Crater,"Other Race",80,0,1
11/25/2020,Norfolk,"Two or more races",76,7,0
11/25/2020,"Eastern Shore","Two or more races",1,1,0
11/25/2020,"Central Shenandoah",White,5299,263,88
11/25/2020,"New River","Other Race",24,0,0
11/25/2020,"New River",White,3782,107,40
11/25/2020,"Central Shenandoah","Other Race",118,2,0
11/25/2020,"West Piedmont",Black,792,113,24
11/25/2020,Alleghany,Latino,246,13,1
11/25/2020,"Central Shenandoah","Not Reported",1445,10,3
11/25/2020,Roanoke,"Two or more races",30,2,0
11/25/2020,Peninsula,"Two or more races",83,4,1
11/25/2020,Richmond,"Not Reported",974,2,1
11/25/2020,Arlington,"Other Race",167,15,4
11/25/2020,Norfolk,"Not Reported",1253,6,1
11/25/2020,Alexandria,"Other Race",137,10,2
11/25/2020,"Virginia Beach",White,4051,248,65
11/25/2020,Chesapeake,"Two or more races",73,3,0
11/25/2020,Alleghany,White,2718,120,62
11/25/2020,"Rappahannock Rapidan","Other Race",52,4,0
11/25/2020,Chickahominy,"Not Reported",682,3,1
11/25/2020,Portsmouth,Black,1916,259,49
11/25/2020,Chickahominy,"Other Race",40,3,0
11/25/2020,"Virginia Beach",Latino,744,34,4
11/25/2020,Chesapeake,White,2399,187,35
11/25/2020,Southside,Black,734,53,23
11/25/2020,Rappahannock,Latino,1718,122,10
11/25/2020,"Three Rivers","Two or more races",21,2,0
11/25/2020,Pittsylvania-Danville,Black,1078,126,23
11/25/2020,"Lord Fairfax","Two or more races",39,0,1
11/25/2020,"Prince William",Latino,8434,731,84
11/25/2020,"Mount Rogers","Other Race",23,2,2
11/25/2020,"Central Shenandoah",Black,359,20,6
11/25/2020,Peninsula,White,1802,104,54
11/25/2020,"Eastern Shore","Not Reported",76,0,0
11/25/2020,"Thomas Jefferson","Other Race",189,7,1
11/25/2020,Hampton,"Other Race",96,3,1
11/25/2020,"Lord Fairfax","Not Reported",621,6,7
11/25/2020,"Central Virginia","Other Race",46,0,0
11/25/2020,"Western Tidewater","Other Race",94,1,2
11/25/2020,Crater,Latino,290,11,5
11/25/2020,Chesapeake,Latino,475,34,2
11/25/2020,Chesterfield,White,3174,212,100
11/25/2020,"Western Tidewater","Not Reported",1128,6,3
11/25/2020,Fairfax,"Not Reported",3425,42,29
11/25/2020,Arlington,Black,534,95,36
11/25/2020,"Central Virginia",Latino,135,7,4
11/25/2020,Alexandria,"Not Reported",345,3,1
11/25/2020,"Three Rivers",Black,889,66,17
11/25/2020,"Prince William","Two or more races",188,3,0
11/25/2020,Loudoun,"Two or more races",98,6,0
11/25/2020,Peninsula,"Other Race",250,4,0
11/25/2020,"Thomas Jefferson",White,2799,126,58
11/25/2020,Norfolk,"Other Race",126,5,2
11/25/2020,"Prince William","Not Reported",4880,25,1
11/25/2020,"West Piedmont",White,2279,213,80
11/25/2020,Rappahannock,Black,1206,117,20
11/25/2020,Norfolk,Black,2894,310,61
11/25/2020,Roanoke,Latino,567,33,1
11/25/2020,Piedmont,Latino,89,9,2
11/25/2020,Roanoke,"Not Reported",1254,2,1
11/25/2020,"Virginia Beach","Other Race",190,5,0
11/25/2020,Arlington,"Two or more races",65,4,0
11/25/2020,Alexandria,White,1122,69,40
11/25/2020,"Lord Fairfax","Other Race",115,6,1
11/25/2020,"Thomas Jefferson","Not Reported",376,3,0
11/25/2020,"Virginia Beach","Not Reported",2478,19,4
11/25/2020,Loudoun,Black,443,37,8
11/25/2020,Pittsylvania-Danville,Latino,116,5,0
11/25/2020,"Cumberland Plateau","Not Reported",255,5,0
11/25/2020,Chesterfield,"Not Reported",1728,4,12
11/25/2020,"Mount Rogers",White,4851,375,153
11/25/2020,Richmond,White,1350,62,26
11/25/2020,Lenowisco,"Not Reported",355,9,6
11/25/2020,"Three Rivers",Latino,207,6,1
11/25/2020,Piedmont,"Not Reported",893,12,4
11/25/2020,"Mount Rogers",Latino,362,8,0
11/25/2020,"Central Shenandoah","Two or more races",75,1,1
11/25/2020,Crater,White,1415,80,33
11/25/2020,Arlington,White,1861,156,74
11/25/2020,Pittsylvania-Danville,"Other Race",5,0,0
11/25/2020,Chickahominy,Black,548,66,14
11/25/2020,Fairfax,Black,2428,278,66
11/25/2020,"Eastern Shore",Latino,289,12,3
11/25/2020,Norfolk,White,1411,84,24
11/25/2020,"Mount Rogers","Two or more races",18,1,0
11/25/2020,Alleghany,"Two or more races",30,1,1
11/25/2020,Southside,White,636,42,25
11/25/2020,"Thomas Jefferson","Two or more races",121,6,0
11/25/2020,"Prince William",Black,2160,206,61
11/25/2020,"Lord Fairfax",White,3577,312,115
11/25/2020,"Cumberland Plateau",Latino,20,0,0
11/25/2020,Arlington,"Not Reported",806,4,0
11/25/2020,Rappahannock,"Other Race",226,5,0
11/25/2020,"Rappahannock Rapidan",Black,489,45,16
11/25/2020,"New River","Two or more races",112,6,4
11/25/2020,Arlington,Latino,2262,269,30
11/25/2020,Henrico,White,2359,184,121
11/25/2020,Loudoun,White,2660,159,99
11/25/2020,Hampton,White,537,19,8
11/25/2020,Alleghany,Black,289,10,6
11/25/2020,"Prince William",White,2922,214,103
11/25/2020,Rappahannock,White,2485,195,63
11/25/2020,Southside,"Other Race",19,1,1
11/25/2020,Portsmouth,"Two or more races",30,6,0
11/25/2020,"Western Tidewater",Black,2300,173,75
11/25/2020,Hampton,Latino,110,6,0
11/25/2020,Henrico,"Not Reported",1366,9,2
11/25/2020,"West Piedmont","Two or more races",23,0,0
11/25/2020,Peninsula,"Not Reported",1799,2,0
11/25/2020,Loudoun,Latino,3013,252,18
11/25/2020,Alexandria,Black,1038,113,20
11/25/2020,Piedmont,Black,845,89,26
11/25/2020,Roanoke,"Other Race",45,1,0
11/25/2020,Alexandria,"Two or more races",39,2,0
11/25/2020,"Western Tidewater",Latino,70,1,2
11/25/2020,Rappahannock,"Not Reported",1882,32,0
11/25/2020,"West Piedmont","Other Race",17,1,1
11/25/2020,Chickahominy,White,1771,146,52
11/25/2020,"Thomas Jefferson",Latino,838,36,3
11/25/2020,"Cumberland Plateau",Black,61,0,0
11/25/2020,"Lord Fairfax",Latino,1025,66,10
11/25/2020,"West Piedmont",Latino,352,14,1
11/25/2020,"Cumberland Plateau",White,2007,125,22
11/25/2020,"Eastern Shore","Other Race",14,1,0
11/25/2020,"Cumberland Plateau","Two or more races",9,0,0
11/25/2020,Pittsylvania-Danville,"Two or more races",10,0,0
11/25/2020,Piedmont,"Other Race",21,0,0
11/25/2020,Alexandria,Latino,2238,145,13
11/25/2020,Chesapeake,Black,2295,281,36
11/25/2020,Richmond,"Other Race",204,7,2
11/25/2020,Henrico,Latino,1107,65,13
11/25/2020,Piedmont,"Two or more races",39,2,0
11/25/2020,"Prince William","Other Race",917,25,0
11/25/2020,"New River","Not Reported",1455,20,0
11/25/2020,"Rappahannock Rapidan",White,1733,94,29
11/25/2020,"Central Virginia","Not Reported",2599,29,7
11/25/2020,"Virginia Beach","Two or more races",131,6,2
11/25/2020,Pittsylvania-Danville,White,1128,103,47
11/25/2020,"Lord Fairfax",Black,235,31,8
11/25/2020,Fairfax,Latino,12886,1140,105
11/25/2020,Chesterfield,"Asian or Pacific Islander",171,7,1
11/25/2020,Crater,"Asian or Pacific Islander",38,0,0
11/25/2020,Fairfax,"Asian or Pacific Islander",2761,312,80
11/25/2020,Hampton,"Asian or Pacific Islander",22,0,0
11/25/2020,"Rappahannock Rapidan","Asian or Pacific Islander",26,2,1
11/25/2020,"Mount Rogers","Asian or Pacific Islander",10,1,0
11/25/2020,"New River","Asian or Pacific Islander",155,0,0
11/25/2020,"Central Virginia","Asian or Pacific Islander",44,1,0
11/25/2020,"Lord Fairfax","Asian or Pacific Islander",36,2,0
11/25/2020,Southside,"Asian or Pacific Islander",5,0,0
11/25/2020,Alleghany,"Asian or Pacific Islander",65,1,0
11/25/2020,Portsmouth,"Asian or Pacific Islander",25,1,0
11/25/2020,Roanoke,"Asian or Pacific Islander",64,4,0
11/25/2020,Richmond,"Asian or Pacific Islander",80,6,1
11/25/2020,"Thomas Jefferson","Asian or Pacific Islander",158,4,1
11/25/2020,"Virginia Beach","Asian or Pacific Islander",430,38,8
11/25/2020,Henrico,"Asian or Pacific Islander",355,13,4
11/25/2020,Piedmont,"Asian or Pacific Islander",14,0,1
11/25/2020,"Western Tidewater","Asian or Pacific Islander",25,2,3
11/25/2020,"West Piedmont","Asian or Pacific Islander",20,2,1
11/25/2020,Chickahominy,"Asian or Pacific Islander",24,2,0
11/25/2020,Peninsula,"Asian or Pacific Islander",89,7,7
11/25/2020,Norfolk,"Asian or Pacific Islander",96,9,0
11/25/2020,Arlington,"Asian or Pacific Islander",292,29,13
11/25/2020,Loudoun,"Asian or Pacific Islander",729,70,14
11/25/2020,Alexandria,"Asian or Pacific Islander",183,11,1
11/25/2020,Rappahannock,"Asian or Pacific Islander",155,12,3
11/25/2020,Chesapeake,"Asian or Pacific Islander",117,12,6
11/25/2020,"Cumberland Plateau and Lenowisco","Asian or Pacific Islander",8,0,0
11/25/2020,"Central Shenandoah","Asian or Pacific Islander",110,2,0
11/25/2020,"Prince William","Asian or Pacific Islander",910,66,22
11/25/2020,Pittsylvania-Danville,"Asian or Pacific Islander",6,0,0
11/25/2020,"Eastern Shore and Three Rivers","Asian or Pacific Islander",16,1,0
11/25/2020,Piedmont,"Native American",7,0,0
11/25/2020,"New River","Native American",5,0,0
11/25/2020,"Central Shenandoah","Native American",4,1,0
11/25/2020,"Eastern Shore and Three Rivers","Native American",5,0,0
11/25/2020,Fairfax,"Native American",46,1,1
11/25/2020,Chesapeake,"Native American",14,0,0
11/25/2020,"Western Tidewater","Native American",5,0,0
11/25/2020,Portsmouth,"Native American",4,2,0
11/25/2020,Richmond,"Native American",5,0,0
11/25/2020,Chickahominy,"Native American",13,1,0
11/25/2020,"Thomas Jefferson","Native American",5,0,0
11/25/2020,Arlington,"Native American",7,0,0
11/25/2020,"Virginia Beach","Native American",18,0,0
11/25/2020,Peninsula,"Native American",8,2,1
11/25/2020,Hampton,"Native American",3,0,1
11/25/2020,"West Piedmont","Native American",4,0,0
11/25/2020,"Cumberland Plateau, Lenowisco, and Mount Rogers","Native American",11,0,0
11/25/2020,Henrico,"Native American",18,0,0
11/25/2020,Norfolk,"Native American",12,1,1
11/25/2020,"Prince William","Native American",36,1,1
11/25/2020,"Central Virginia","Native American",10,0,0
11/25/2020,Chesterfield,"Native American",11,1,0
11/25/2020,Rappahannock,"Native American",9,0,0
11/25/2020,Loudoun,"Native American",7,0,0
11/25/2020,Alexandria,"Native American",4,0,0
11/25/2020,"Alleghany and Roanoke","Native American",5,0,0
11/25/2020,Crater,"Native American",7,1,1
11/25/2020,"Rappahannock Rapidan","Native American",3,0,0
11/25/2020,"Lord Fairfax","Native American",4,1,1
11/25/2020,"Pittsylvania-Danville and Southside","Native American",4,1,0
11/28/2020,"Rappahannock Rapidan","Not Reported",976,13,7
11/28/2020,Portsmouth,"Other Race",73,11,5
11/28/2020,"Western Tidewater","Two or more races",76,1,0
11/28/2020,Piedmont,White,1118,87,33
11/28/2020,Chesterfield,Latino,2457,131,11
11/28/2020,Lenowisco,White,2394,158,65
11/28/2020,Lenowisco,"Two or more races",33,3,3
11/28/2020,Hampton,"Not Reported",670,2,1
11/28/2020,Southside,"Not Reported",711,7,5
11/28/2020,Roanoke,Black,867,45,15
11/28/2020,Hampton,Black,1256,84,23
11/28/2020,Alleghany,"Other Race",42,2,0
11/28/2020,Lenowisco,Latino,60,0,0
11/28/2020,Loudoun,"Other Race",510,23,3
11/28/2020,"Central Shenandoah",Latino,1400,64,7
11/28/2020,"Rappahannock Rapidan",Latino,1040,70,8
11/28/2020,"Eastern Shore",Black,910,105,29
11/28/2020,Norfolk,Latino,513,34,0
11/28/2020,Hampton,"Two or more races",27,1,0
11/28/2020,Richmond,Black,2303,307,43
11/28/2020,Henrico,"Two or more races",127,9,2
11/28/2020,Fairfax,"Two or more races",236,10,0
11/28/2020,Alleghany,"Not Reported",1490,7,2
11/28/2020,Portsmouth,"Not Reported",465,8,2
11/28/2020,"Cumberland Plateau","Other Race",5,0,0
11/28/2020,Southside,"Two or more races",134,0,4
11/28/2020,Portsmouth,White,541,51,14
11/28/2020,"Rappahannock Rapidan","Two or more races",54,2,0
11/28/2020,Fairfax,White,7090,640,334
11/28/2020,Fairfax,"Other Race",1314,112,22
11/28/2020,Crater,"Two or more races",19,1,1
11/28/2020,"West Piedmont","Not Reported",1047,17,3
11/28/2020,Henrico,"Other Race",268,20,1
11/28/2020,"Three Rivers",White,1241,80,26
11/28/2020,"Central Virginia",Black,695,51,17
11/28/2020,Lenowisco,"Other Race",12,0,0
11/28/2020,"Three Rivers","Other Race",37,3,0
11/28/2020,"Western Tidewater",White,1557,87,79
11/28/2020,"Mount Rogers",Black,151,10,3
11/28/2020,"Three Rivers","Not Reported",303,3,1
11/28/2020,"Thomas Jefferson",Black,705,88,18
11/28/2020,"Eastern Shore",White,390,38,20
11/28/2020,"Central Virginia",White,3200,162,45
11/28/2020,Lenowisco,Black,80,3,3
11/28/2020,"Central Virginia","Two or more races",40,1,0
11/28/2020,Richmond,"Two or more races",69,4,1
11/28/2020,Crater,"Not Reported",1203,11,5
11/28/2020,Chesterfield,"Two or more races",85,8,0
11/28/2020,"New River",Latino,280,5,0
11/28/2020,Richmond,Latino,1555,118,8
11/28/2020,Portsmouth,Latino,110,11,1
11/28/2020,Pittsylvania-Danville,"Not Reported",925,18,1
11/28/2020,Chesapeake,"Not Reported",782,3,0
11/28/2020,Chickahominy,Latino,150,9,1
11/28/2020,Crater,Black,2810,237,76
11/28/2020,Chesterfield,Black,1981,159,37
11/28/2020,Chesterfield,"Other Race",261,16,0
11/28/2020,Peninsula,Black,1770,112,30
11/28/2020,Roanoke,White,1215,41,58
11/28/2020,"New River",Black,314,5,1
11/28/2020,Southside,Latino,15,0,0
11/28/2020,Peninsula,Latino,556,25,2
11/28/2020,Rappahannock,"Two or more races",87,4,0
11/28/2020,"Virginia Beach",Black,2373,176,30
11/28/2020,"Mount Rogers","Not Reported",521,13,6
11/28/2020,Loudoun,"Not Reported",2374,6,0
11/28/2020,Chesapeake,"Other Race",82,5,1
11/28/2020,Chickahominy,"Two or more races",15,1,0
11/28/2020,Crater,"Other Race",81,0,1
11/28/2020,Norfolk,"Two or more races",77,7,0
11/28/2020,"Eastern Shore","Two or more races",1,1,0
11/28/2020,"Central Shenandoah",White,5534,273,90
11/28/2020,"New River","Other Race",25,0,0
11/28/2020,"New River",White,3881,111,40
11/28/2020,"Central Shenandoah","Other Race",124,3,0
11/28/2020,"West Piedmont",Black,804,113,24
11/28/2020,Alleghany,Latino,250,13,1
11/28/2020,"Central Shenandoah","Not Reported",1522,11,3
11/28/2020,Roanoke,"Two or more races",31,2,0
11/28/2020,Peninsula,"Two or more races",86,4,1
11/28/2020,Richmond,"Not Reported",1006,2,1
11/28/2020,Arlington,"Other Race",177,15,4
11/28/2020,Norfolk,"Not Reported",1258,6,1
11/28/2020,Alexandria,"Other Race",142,10,2
11/28/2020,"Virginia Beach",White,4157,249,65
11/28/2020,Chesapeake,"Two or more races",77,3,0
11/28/2020,Alleghany,White,2912,129,66
11/28/2020,"Rappahannock Rapidan","Other Race",51,4,0
11/28/2020,Chickahominy,"Not Reported",703,3,1
11/28/2020,Portsmouth,Black,1939,260,49
11/28/2020,Chickahominy,"Other Race",42,3,0
11/28/2020,"Virginia Beach",Latino,748,34,4
11/28/2020,Chesapeake,White,2541,189,35
11/28/2020,Southside,Black,746,53,25
11/28/2020,Rappahannock,Latino,1761,124,11
11/28/2020,"Three Rivers","Two or more races",22,2,0
11/28/2020,Henrico,Black,2533,284,105
11/28/2020,Pittsylvania-Danville,Black,1101,127,23
11/28/2020,"Lord Fairfax","Two or more races",45,2,1
11/28/2020,"Prince William",Latino,8619,737,83
11/28/2020,"Mount Rogers","Other Race",27,2,2
11/28/2020,"Central Shenandoah",Black,368,20,6
11/28/2020,Peninsula,White,1848,105,55
11/28/2020,"Eastern Shore","Not Reported",77,0,0
11/28/2020,"Thomas Jefferson","Other Race",191,7,1
11/28/2020,Hampton,"Other Race",99,3,1
11/28/2020,"Lord Fairfax","Not Reported",677,6,7
11/28/2020,"Central Virginia","Other Race",49,0,0
11/28/2020,"Western Tidewater","Other Race",101,1,2
11/28/2020,Crater,Latino,293,11,5
11/28/2020,Chesapeake,Latino,492,37,2
11/28/2020,Chesterfield,White,3321,216,102
11/28/2020,"Western Tidewater","Not Reported",1151,6,3
11/28/2020,Fairfax,"Not Reported",3574,43,30
11/28/2020,Arlington,Black,550,96,36
11/28/2020,"Central Virginia",Latino,139,7,4
11/28/2020,Alexandria,"Not Reported",399,3,1
11/28/2020,"Three Rivers",Black,910,67,17
11/28/2020,"Prince William","Two or more races",188,3,0
11/28/2020,Loudoun,"Two or more races",100,6,0
11/28/2020,Peninsula,"Other Race",261,4,0
11/28/2020,"Thomas Jefferson",White,2864,126,59
11/28/2020,Norfolk,"Other Race",129,5,2
11/28/2020,"Prince William","Not Reported",5072,25,1
11/28/2020,"West Piedmont",White,2364,217,80
11/28/2020,Rappahannock,Black,1240,117,20
11/28/2020,Norfolk,Black,2911,310,61
11/28/2020,Roanoke,Latino,579,33,1
11/28/2020,Piedmont,Latino,90,9,2
11/28/2020,Roanoke,"Not Reported",1252,2,1
11/28/2020,"Virginia Beach","Other Race",196,5,0
11/28/2020,Arlington,"Two or more races",69,4,0
11/28/2020,Alexandria,White,1166,70,40
11/28/2020,"Lord Fairfax","Other Race",122,6,1
11/28/2020,"Thomas Jefferson","Not Reported",379,3,0
11/28/2020,"Virginia Beach","Not Reported",2599,19,4
11/28/2020,Loudoun,Black,453,37,8
11/28/2020,Pittsylvania-Danville,Latino,117,5,0
11/28/2020,"Cumberland Plateau","Not Reported",298,6,0
11/28/2020,Chesterfield,"Not Reported",1759,4,12
11/28/2020,"Mount Rogers",White,5090,379,154
11/28/2020,Richmond,White,1380,60,26
11/28/2020,Lenowisco,"Not Reported",374,9,6
11/28/2020,"Three Rivers",Latino,212,6,1
11/28/2020,Piedmont,"Not Reported",929,12,4
11/28/2020,"Mount Rogers",Latino,370,8,0
11/28/2020,"Central Shenandoah","Two or more races",75,1,1
11/28/2020,Crater,White,1437,80,34
11/28/2020,Arlington,White,1917,156,74
11/28/2020,Pittsylvania-Danville,"Other Race",5,0,0
11/28/2020,Chickahominy,Black,560,67,16
11/28/2020,Fairfax,Black,2492,282,66
11/28/2020,"Eastern Shore",Latino,291,12,3
11/28/2020,Norfolk,White,1427,84,24
11/28/2020,"Mount Rogers","Two or more races",21,1,0
11/28/2020,Alleghany,"Two or more races",31,1,1
11/28/2020,Southside,White,648,42,25
11/28/2020,"Thomas Jefferson","Two or more races",122,6,0
11/28/2020,"Prince William",Black,2238,207,61
11/28/2020,"Lord Fairfax",White,3807,324,117
11/28/2020,"Cumberland Plateau",Latino,21,0,0
11/28/2020,Arlington,"Not Reported",871,4,0
11/28/2020,Rappahannock,"Other Race",244,6,0
11/28/2020,"Rappahannock Rapidan",Black,509,46,16
11/28/2020,"New River","Two or more races",113,6,4
11/28/2020,Arlington,Latino,2308,273,30
11/28/2020,Henrico,White,2421,187,124
11/28/2020,Loudoun,White,2741,163,99
11/28/2020,Hampton,White,550,20,8
11/28/2020,Alleghany,Black,306,10,7
11/28/2020,"Prince William",White,3043,214,103
11/28/2020,Rappahannock,White,2613,196,63
11/28/2020,Southside,"Other Race",19,1,1
11/28/2020,Portsmouth,"Two or more races",31,6,0
11/28/2020,"Western Tidewater",Black,2327,176,75
11/28/2020,Hampton,Latino,113,6,0
11/28/2020,Henrico,"Not Reported",1408,9,2
11/28/2020,"West Piedmont","Two or more races",25,0,0
11/28/2020,Peninsula,"Not Reported",1820,1,0
11/28/2020,Loudoun,Latino,3044,251,18
11/28/2020,Alexandria,Black,1061,113,20
11/28/2020,Piedmont,Black,861,92,26
11/28/2020,Roanoke,"Other Race",45,1,0
11/28/2020,Alexandria,"Two or more races",44,2,0
11/28/2020,"Western Tidewater",Latino,71,1,2
11/28/2020,Rappahannock,"Not Reported",1974,34,0
11/28/2020,"West Piedmont","Other Race",19,1,1
11/28/2020,Chickahominy,White,1854,151,54
11/28/2020,"Thomas Jefferson",Latino,876,36,3
11/28/2020,"Cumberland Plateau",Black,65,0,0
11/28/2020,"Lord Fairfax",Latino,1035,67,10
11/28/2020,"West Piedmont",Latino,362,14,1
11/28/2020,"Cumberland Plateau",White,2114,134,22
11/28/2020,"Eastern Shore","Other Race",14,1,0
11/28/2020,"Cumberland Plateau","Two or more races",2,0,0
11/28/2020,Pittsylvania-Danville,"Two or more races",10,0,0
11/28/2020,Piedmont,"Other Race",21,0,0
11/28/2020,Alexandria,Latino,2296,147,13
11/28/2020,Chesapeake,Black,2412,282,36
11/28/2020,Richmond,"Other Race",207,7,2
11/28/2020,Henrico,Latino,1117,65,13
11/28/2020,Piedmont,"Two or more races",45,2,1
11/28/2020,"Prince William","Other Race",982,25,0
11/28/2020,"New River","Not Reported",1558,21,0
11/28/2020,"Rappahannock Rapidan",White,1817,95,29
11/28/2020,"Central Virginia","Not Reported",2681,30,7
11/28/2020,"Virginia Beach","Two or more races",134,6,2
11/28/2020,Pittsylvania-Danville,White,1165,104,47
11/28/2020,"Lord Fairfax",Black,248,31,8
11/28/2020,Fairfax,Latino,13155,1148,104
11/28/2020,Chesterfield,"Asian or Pacific Islander",177,7,1
11/28/2020,Crater,"Asian or Pacific Islander",38,0,0
11/28/2020,Fairfax,"Asian or Pacific Islander",2850,315,81
11/28/2020,Hampton,"Asian or Pacific Islander",23,0,0
11/28/2020,"Rappahannock Rapidan","Asian or Pacific Islander",27,2,1
11/28/2020,"Mount Rogers","Asian or Pacific Islander",10,1,0
11/28/2020,"New River","Asian or Pacific Islander",160,0,0
11/28/2020,"Central Virginia","Asian or Pacific Islander",45,1,0
11/28/2020,"Lord Fairfax","Asian or Pacific Islander",37,2,0
11/28/2020,Southside,"Asian or Pacific Islander",5,0,0
11/28/2020,Alleghany,"Asian or Pacific Islander",66,1,0
11/28/2020,Portsmouth,"Asian or Pacific Islander",25,1,0
11/28/2020,Roanoke,"Asian or Pacific Islander",68,4,0
11/28/2020,Richmond,"Asian or Pacific Islander",81,6,1
11/28/2020,"Thomas Jefferson","Asian or Pacific Islander",168,4,1
11/28/2020,"Virginia Beach","Asian or Pacific Islander",435,38,8
11/28/2020,Henrico,"Asian or Pacific Islander",373,13,4
11/28/2020,Piedmont,"Asian or Pacific Islander",14,0,1
11/28/2020,"Western Tidewater","Asian or Pacific Islander",25,2,3
11/28/2020,"West Piedmont","Asian or Pacific Islander",20,2,1
11/28/2020,Chickahominy,"Asian or Pacific Islander",25,3,0
11/28/2020,Peninsula,"Asian or Pacific Islander",90,7,7
11/28/2020,Norfolk,"Asian or Pacific Islander",96,9,0
11/28/2020,Arlington,"Asian or Pacific Islander",304,29,13
11/28/2020,Loudoun,"Asian or Pacific Islander",750,70,14
11/28/2020,Alexandria,"Asian or Pacific Islander",191,11,1
11/28/2020,Rappahannock,"Asian or Pacific Islander",157,12,3
11/28/2020,Chesapeake,"Asian or Pacific Islander",125,12,6
11/28/2020,"Cumberland Plateau and Lenowisco","Asian or Pacific Islander",8,0,0
11/28/2020,"Central Shenandoah","Asian or Pacific Islander",110,2,0
11/28/2020,"Prince William","Asian or Pacific Islander",948,68,22
11/28/2020,Pittsylvania-Danville,"Asian or Pacific Islander",6,0,0
11/28/2020,"Eastern Shore and Three Rivers","Asian or Pacific Islander",16,1,0
11/28/2020,Piedmont,"Native American",7,0,0
11/28/2020,"New River","Native American",5,0,0
11/28/2020,"Central Shenandoah","Native American",4,1,0
11/28/2020,"Eastern Shore and Three Rivers","Native American",6,0,0
11/28/2020,Fairfax,"Native American",48,1,1
11/28/2020,Chesapeake,"Native American",14,0,0
11/28/2020,"Western Tidewater","Native American",5,0,0
11/28/2020,Portsmouth,"Native American",4,2,0
11/28/2020,Richmond,"Native American",5,0,0
11/28/2020,Chickahominy,"Native American",14,1,0
11/28/2020,"Thomas Jefferson","Native American",6,0,0
11/28/2020,Arlington,"Native American",7,0,0
11/28/2020,"Virginia Beach","Native American",18,0,0
11/28/2020,Peninsula,"Native American",8,2,1
11/28/2020,Hampton,"Native American",3,0,1
11/28/2020,"West Piedmont","Native American",4,0,0
11/28/2020,"Cumberland Plateau, Lenowisco, and Mount Rogers","Native American",15,0,0
11/28/2020,Henrico,"Native American",18,0,0
11/28/2020,Norfolk,"Native American",12,1,1
11/28/2020,"Prince William","Native American",36,1,1
11/28/2020,"Central Virginia","Native American",11,0,0
11/28/2020,Chesterfield,"Native American",11,1,0
11/28/2020,Rappahannock,"Native American",10,0,0
11/28/2020,Loudoun,"Native American",8,0,0
11/28/2020,Alexandria,"Native American",4,0,0
11/28/2020,"Alleghany and Roanoke","Native American",5,0,0
11/28/2020,Crater,"Native American",7,1,1
11/28/2020,"Rappahannock Rapidan","Native American",3,0,0
11/28/2020,"Lord Fairfax","Native American",4,1,1
11/28/2020,"Pittsylvania-Danville and Southside","Native American",4,1,0
11/29/2020,"Rappahannock Rapidan","Not Reported",1012,13,7
11/29/2020,Portsmouth,"Other Race",73,11,5
11/29/2020,"Western Tidewater","Two or more races",76,1,0
11/29/2020,Piedmont,White,1127,87,33
11/29/2020,Chesterfield,Latino,2470,131,11
11/29/2020,Lenowisco,White,2419,159,65
11/29/2020,Lenowisco,"Two or more races",33,3,3
11/29/2020,Hampton,"Not Reported",686,2,1
11/29/2020,Southside,"Not Reported",712,7,5
11/29/2020,Roanoke,Black,880,45,15
11/29/2020,Hampton,Black,1275,85,24
11/29/2020,Alleghany,"Other Race",42,2,0
11/29/2020,Lenowisco,Latino,60,0,0
11/29/2020,Loudoun,"Other Race",504,23,3
11/29/2020,"Central Shenandoah",Latino,1403,64,7
11/29/2020,"Rappahannock Rapidan",Latino,1046,71,8
11/29/2020,"Eastern Shore",Black,911,105,29
11/29/2020,Norfolk,Latino,519,34,0
11/29/2020,Hampton,"Two or more races",27,1,0
11/29/2020,Richmond,Black,2327,307,43
11/29/2020,Henrico,"Two or more races",128,9,2
11/29/2020,Fairfax,"Two or more races",244,10,0
11/29/2020,Alleghany,"Not Reported",1505,7,2
11/29/2020,Portsmouth,"Not Reported",464,8,2
11/29/2020,"Cumberland Plateau","Other Race",5,0,0
11/29/2020,Southside,"Two or more races",136,0,4
11/29/2020,Portsmouth,White,544,51,14
11/29/2020,"Rappahannock Rapidan","Two or more races",54,2,0
11/29/2020,Fairfax,White,7189,642,334
11/29/2020,Fairfax,"Other Race",1347,112,22
11/29/2020,Crater,"Two or more races",19,1,1
11/29/2020,"West Piedmont","Not Reported",1044,17,3
11/29/2020,Henrico,"Other Race",269,20,1
11/29/2020,"Three Rivers",White,1257,80,26
11/29/2020,"Central Virginia",Black,706,51,17
11/29/2020,Lenowisco,"Other Race",12,0,0
11/29/2020,"Three Rivers","Other Race",37,3,0
11/29/2020,"Western Tidewater",White,1566,87,79
11/29/2020,"Mount Rogers",Black,153,10,3
11/29/2020,"Three Rivers","Not Reported",311,3,1
11/29/2020,"Thomas Jefferson",Black,705,88,18
11/29/2020,"Eastern Shore",White,395,38,20
11/29/2020,"Central Virginia",White,3261,163,45
11/29/2020,Lenowisco,Black,80,3,3
11/29/2020,"Central Virginia","Two or more races",40,1,0
11/29/2020,Richmond,"Two or more races",70,4,1
11/29/2020,Crater,"Not Reported",1217,11,5
11/29/2020,Chesterfield,"Two or more races",85,9,0
11/29/2020,"New River",Latino,283,5,0
11/29/2020,Richmond,Latino,1560,118,8
11/29/2020,Portsmouth,Latino,110,11,1
11/29/2020,Pittsylvania-Danville,"Not Reported",933,18,1
11/29/2020,Chesapeake,"Not Reported",809,3,0
11/29/2020,Chickahominy,Latino,151,9,1
11/29/2020,Crater,Black,2822,237,76
11/29/2020,Chesterfield,Black,2004,162,37
11/29/2020,Chesterfield,"Other Race",263,16,0
11/29/2020,Peninsula,Black,1794,113,30
11/29/2020,Roanoke,White,1227,42,59
11/29/2020,"New River",Black,314,5,1
11/29/2020,Southside,Latino,15,0,0
11/29/2020,Peninsula,Latino,562,25,2
11/29/2020,Rappahannock,"Two or more races",88,4,0
11/29/2020,"Virginia Beach",Black,2400,176,30
11/29/2020,"Mount Rogers","Not Reported",512,14,6
11/29/2020,Loudoun,"Not Reported",2409,6,0
11/29/2020,Chesapeake,"Other Race",81,5,1
11/29/2020,Chickahominy,"Two or more races",15,1,0
11/29/2020,Crater,"Other Race",81,0,1
11/29/2020,Norfolk,"Two or more races",80,7,0
11/29/2020,"Eastern Shore","Two or more races",1,1,0
11/29/2020,"Central Shenandoah",White,5566,276,90
11/29/2020,"New River","Other Race",27,0,0
11/29/2020,"New River",White,3901,111,40
11/29/2020,"Central Shenandoah","Other Race",123,3,0
11/29/2020,"West Piedmont",Black,815,113,24
11/29/2020,Alleghany,Latino,251,13,1
11/29/2020,"Central Shenandoah","Not Reported",1538,11,3
11/29/2020,Roanoke,"Two or more races",31,2,0
11/29/2020,Peninsula,"Two or more races",88,4,1
11/29/2020,Richmond,"Not Reported",1025,2,1
11/29/2020,Arlington,"Other Race",181,15,4
11/29/2020,Norfolk,"Not Reported",1297,6,1
11/29/2020,Alexandria,"Other Race",142,10,2
11/29/2020,"Virginia Beach",White,4216,249,65
11/29/2020,Chesapeake,"Two or more races",78,3,0
11/29/2020,Alleghany,White,2957,129,66
11/29/2020,"Rappahannock Rapidan","Other Race",52,4,0
11/29/2020,Chickahominy,"Not Reported",706,3,1
11/29/2020,Portsmouth,Black,1942,260,49
11/29/2020,Chickahominy,"Other Race",43,3,0
11/29/2020,"Virginia Beach",Latino,756,34,4
11/29/2020,Chesapeake,White,2578,190,35
11/29/2020,Southside,Black,750,53,25
11/29/2020,Rappahannock,Latino,1767,124,11
11/29/2020,"Three Rivers","Two or more races",22,2,0
11/29/2020,Henrico,Black,2549,284,105
11/29/2020,Pittsylvania-Danville,Black,1120,128,23
11/29/2020,"Lord Fairfax","Two or more races",48,2,1
11/29/2020,"Prince William",Latino,8639,737,83
11/29/2020,"Mount Rogers","Other Race",27,2,2
11/29/2020,"Central Shenandoah",Black,368,20,6
11/29/2020,Peninsula,White,1905,106,55
11/29/2020,"Eastern Shore","Not Reported",77,0,0
11/29/2020,"Thomas Jefferson","Other Race",192,7,1
11/29/2020,Hampton,"Other Race",103,3,1
11/29/2020,"Lord Fairfax","Not Reported",715,6,7
11/29/2020,"Central Virginia","Other Race",52,0,0
11/29/2020,"Western Tidewater","Other Race",103,1,2
11/29/2020,Crater,Latino,294,11,5
11/29/2020,Chesapeake,Latino,499,37,2
11/29/2020,Chesterfield,White,3365,219,102
11/29/2020,"Western Tidewater","Not Reported",1152,6,3
11/29/2020,Fairfax,"Not Reported",3694,43,30
11/29/2020,Arlington,Black,552,98,36
11/29/2020,"Central Virginia",Latino,139,7,4
11/29/2020,Alexandria,"Not Reported",398,3,1
11/29/2020,"Three Rivers",Black,923,68,17
11/29/2020,"Prince William","Two or more races",190,3,0
11/29/2020,Loudoun,"Two or more races",99,6,0
11/29/2020,Peninsula,"Other Race",267,4,0
11/29/2020,"Thomas Jefferson",White,2883,128,59
11/29/2020,Norfolk,"Other Race",133,5,2
11/29/2020,"Prince William","Not Reported",5127,25,1
11/29/2020,"West Piedmont",White,2401,217,80
11/29/2020,Rappahannock,Black,1253,118,20
11/29/2020,Norfolk,Black,2935,310,62
11/29/2020,Roanoke,Latino,583,33,1
11/29/2020,Piedmont,Latino,90,9,2
11/29/2020,Roanoke,"Not Reported",1259,2,1
11/29/2020,"Virginia Beach","Other Race",198,5,0
11/29/2020,Arlington,"Two or more races",70,4,0
11/29/2020,Alexandria,White,1175,72,40
11/29/2020,"Lord Fairfax","Other Race",128,6,1
11/29/2020,"Thomas Jefferson","Not Reported",376,3,0
11/29/2020,"Virginia Beach","Not Reported",2652,19,4
11/29/2020,Loudoun,Black,453,37,8
11/29/2020,Pittsylvania-Danville,Latino,117,5,0
11/29/2020,"Cumberland Plateau","Not Reported",298,6,0
11/29/2020,Chesterfield,"Not Reported",1756,4,12
11/29/2020,"Mount Rogers",White,5125,383,155
11/29/2020,Richmond,White,1394,61,26
11/29/2020,Lenowisco,"Not Reported",377,9,6
11/29/2020,"Three Rivers",Latino,214,6,1
11/29/2020,Piedmont,"Not Reported",934,12,4
11/29/2020,"Mount Rogers",Latino,370,8,0
11/29/2020,"Central Shenandoah","Two or more races",75,1,1
11/29/2020,Crater,White,1447,80,34
11/29/2020,Arlington,White,1923,157,74
11/29/2020,Pittsylvania-Danville,"Other Race",5,0,0
11/29/2020,Chickahominy,Black,566,67,16
11/29/2020,Fairfax,Black,2507,283,66
11/29/2020,"Eastern Shore",Latino,293,12,3
11/29/2020,Norfolk,White,1454,84,24
11/29/2020,"Mount Rogers","Two or more races",21,1,0
11/29/2020,Alleghany,"Two or more races",32,1,1
11/29/2020,Southside,White,651,42,25
11/29/2020,"Thomas Jefferson","Two or more races",122,6,0
11/29/2020,"Prince William",Black,2242,207,61
11/29/2020,"Lord Fairfax",White,3909,325,117
11/29/2020,"Cumberland Plateau",Latino,21,0,0
11/29/2020,Arlington,"Not Reported",910,9,0
11/29/2020,Rappahannock,"Other Race",247,6,0
11/29/2020,"Rappahannock Rapidan",Black,517,46,16
11/29/2020,"New River","Two or more races",113,6,4
11/29/2020,Arlington,Latino,2313,273,30
11/29/2020,Henrico,White,2444,187,124
11/29/2020,Loudoun,White,2746,163,99
11/29/2020,Hampton,White,563,20,8
11/29/2020,Alleghany,Black,311,10,7
11/29/2020,"Prince William",White,3053,215,103
11/29/2020,Rappahannock,White,2634,197,63
11/29/2020,Southside,"Other Race",19,1,1
11/29/2020,Portsmouth,"Two or more races",31,6,0
11/29/2020,"Western Tidewater",Black,2329,176,75
11/29/2020,Hampton,Latino,114,6,0
11/29/2020,Henrico,"Not Reported",1428,9,2
11/29/2020,"West Piedmont","Two or more races",25,0,0
11/29/2020,Peninsula,"Not Reported",1846,1,0
11/29/2020,Loudoun,Latino,3048,251,18
11/29/2020,Alexandria,Black,1067,114,20
11/29/2020,Piedmont,Black,864,92,26
11/29/2020,Roanoke,"Other Race",45,1,0
11/29/2020,Alexandria,"Two or more races",45,2,0
11/29/2020,"Western Tidewater",Latino,71,1,2
11/29/2020,Rappahannock,"Not Reported",2003,34,0
11/29/2020,"West Piedmont","Other Race",21,1,1
11/29/2020,Chickahominy,White,1866,152,54
11/29/2020,"Thomas Jefferson",Latino,878,36,3
11/29/2020,"Cumberland Plateau",Black,65,0,0
11/29/2020,"Lord Fairfax",Latino,1044,67,10
11/29/2020,"West Piedmont",Latino,364,14,1
11/29/2020,"Cumberland Plateau",White,2119,134,22
11/29/2020,"Eastern Shore","Other Race",14,1,0
11/29/2020,"Cumberland Plateau","Two or more races",2,0,0
11/29/2020,Pittsylvania-Danville,"Two or more races",11,0,0
11/29/2020,Piedmont,"Other Race",21,0,0
11/29/2020,Alexandria,Latino,2309,147,13
11/29/2020,Chesapeake,Black,2426,283,36
11/29/2020,Richmond,"Other Race",207,7,2
11/29/2020,Henrico,Latino,1125,65,13
11/29/2020,Piedmont,"Two or more races",45,2,1
11/29/2020,"Prince William","Other Race",993,25,0
11/29/2020,"New River","Not Reported",1578,22,0
11/29/2020,"Rappahannock Rapidan",White,1870,95,29
11/29/2020,"Central Virginia","Not Reported",2714,31,7
11/29/2020,"Virginia Beach","Two or more races",134,6,2
11/29/2020,Pittsylvania-Danville,White,1184,104,47
11/29/2020,"Lord Fairfax",Black,254,31,8
11/29/2020,Fairfax,Latino,13219,1153,104
11/29/2020,Chesterfield,"Asian or Pacific Islander",178,7,1
11/29/2020,Crater,"Asian or Pacific Islander",39,0,0
11/29/2020,Fairfax,"Asian or Pacific Islander",2877,315,81
11/29/2020,Hampton,"Asian or Pacific Islander",23,0,0
11/29/2020,"Rappahannock Rapidan","Asian or Pacific Islander",27,2,1
11/29/2020,"Mount Rogers","Asian or Pacific Islander",10,1,0
11/29/2020,"New River","Asian or Pacific Islander",160,0,0
11/29/2020,"Central Virginia","Asian or Pacific Islander",45,1,0
11/29/2020,"Lord Fairfax","Asian or Pacific Islander",38,2,0
11/29/2020,Southside,"Asian or Pacific Islander",5,0,0
11/29/2020,Alleghany,"Asian or Pacific Islander",68,1,0
11/29/2020,Portsmouth,"Asian or Pacific Islander",25,1,0
11/29/2020,Roanoke,"Asian or Pacific Islander",72,4,0
11/29/2020,Richmond,"Asian or Pacific Islander",81,6,1
11/29/2020,"Thomas Jefferson","Asian or Pacific Islander",168,4,1
11/29/2020,"Virginia Beach","Asian or Pacific Islander",441,38,8
11/29/2020,Henrico,"Asian or Pacific Islander",379,13,4
11/29/2020,Piedmont,"Asian or Pacific Islander",14,0,1
11/29/2020,"Western Tidewater","Asian or Pacific Islander",25,2,3
11/29/2020,"West Piedmont","Asian or Pacific Islander",20,2,1
11/29/2020,Chickahominy,"Asian or Pacific Islander",25,3,0
11/29/2020,Peninsula,"Asian or Pacific Islander",92,7,7
11/29/2020,Norfolk,"Asian or Pacific Islander",98,9,0
11/29/2020,Arlington,"Asian or Pacific Islander",304,30,13
11/29/2020,Loudoun,"Asian or Pacific Islander",754,70,14
11/29/2020,Alexandria,"Asian or Pacific Islander",193,11,1
11/29/2020,Rappahannock,"Asian or Pacific Islander",157,12,3
11/29/2020,Chesapeake,"Asian or Pacific Islander",126,12,6
11/29/2020,"Cumberland Plateau and Lenowisco","Asian or Pacific Islander",8,0,0
11/29/2020,"Central Shenandoah","Asian or Pacific Islander",112,2,0
11/29/2020,"Prince William","Asian or Pacific Islander",949,68,22
11/29/2020,Pittsylvania-Danville,"Asian or Pacific Islander",6,0,0
11/29/2020,"Eastern Shore and Three Rivers","Asian or Pacific Islander",16,1,0
11/29/2020,Piedmont,"Native American",7,0,0
11/29/2020,"New River","Native American",5,0,0
11/29/2020,"Central Shenandoah","Native American",4,1,0
11/29/2020,"Eastern Shore and Three Rivers","Native American",6,0,0
11/29/2020,Fairfax,"Native American",49,1,1
11/29/2020,Chesapeake,"Native American",14,0,0
11/29/2020,"Western Tidewater","Native American",5,0,0
11/29/2020,Portsmouth,"Native American",4,2,0
11/29/2020,Richmond,"Native American",5,0,0
11/29/2020,Chickahominy,"Native American",14,1,0
11/29/2020,"Thomas Jefferson","Native American",6,0,0
11/29/2020,Arlington,"Native American",7,0,0
11/29/2020,"Virginia Beach","Native American",18,0,0
11/29/2020,Peninsula,"Native American",9,2,1
11/29/2020,Hampton,"Native American",3,0,1
11/29/2020,"West Piedmont","Native American",4,0,0
11/29/2020,"Cumberland Plateau, Lenowisco, and Mount Rogers","Native American",15,0,0
11/29/2020,Henrico,"Native American",18,0,0
11/29/2020,Norfolk,"Native American",12,1,1
11/29/2020,"Prince William","Native American",36,1,1
11/29/2020,"Central Virginia","Native American",11,0,0
11/29/2020,Chesterfield,"Native American",11,1,0
11/29/2020,Rappahannock,"Native American",10,0,0
11/29/2020,Loudoun,"Native American",8,0,0
11/29/2020,Alexandria,"Native American",4,0,0
11/29/2020,"Alleghany and Roanoke","Native American",5,0,0
11/29/2020,Crater,"Native American",7,1,1
11/29/2020,"Rappahannock Rapidan","Native American",3,0,0
11/29/2020,"Lord Fairfax","Native American",4,1,1
11/29/2020,"Pittsylvania-Danville and Southside","Native American",4,1,0
11/30/2020,"Rappahannock Rapidan","Not Reported",1013,13,7
11/30/2020,Portsmouth,"Other Race",75,11,5
11/30/2020,"Western Tidewater","Two or more races",76,1,0
11/30/2020,Piedmont,White,1140,87,33
11/30/2020,Chesterfield,Latino,2480,131,11
11/30/2020,Lenowisco,White,2442,160,65
11/30/2020,Lenowisco,"Two or more races",33,3,3
11/30/2020,Hampton,"Not Reported",688,2,1
11/30/2020,Southside,"Not Reported",713,7,5
11/30/2020,Roanoke,Black,884,45,15
11/30/2020,Hampton,Black,1289,87,24
11/30/2020,Alleghany,"Other Race",44,2,0
11/30/2020,Lenowisco,Latino,60,0,0
11/30/2020,Loudoun,"Other Race",509,22,3
11/30/2020,"Central Shenandoah",Latino,1406,64,7
11/30/2020,"Rappahannock Rapidan",Latino,1052,71,8
11/30/2020,"Eastern Shore",Black,911,105,29
11/30/2020,Norfolk,Latino,520,34,0
11/30/2020,Hampton,"Two or more races",27,1,0
11/30/2020,Richmond,Black,2344,307,43
11/30/2020,Henrico,"Two or more races",129,9,2
11/30/2020,Fairfax,"Two or more races",248,10,0
11/30/2020,Alleghany,"Not Reported",1514,7,2
11/30/2020,Portsmouth,"Not Reported",463,8,2
11/30/2020,"Cumberland Plateau","Other Race",5,0,0
11/30/2020,Southside,"Two or more races",136,0,4
11/30/2020,Portsmouth,White,546,51,14
11/30/2020,"Rappahannock Rapidan","Two or more races",55,2,0
11/30/2020,Fairfax,White,7255,642,334
11/30/2020,Fairfax,"Other Race",1361,112,22
11/30/2020,Crater,"Two or more races",21,1,1
11/30/2020,"West Piedmont","Not Reported",1043,17,3
11/30/2020,Henrico,"Other Race",272,20,1
11/30/2020,"Three Rivers",White,1273,81,26
11/30/2020,"Central Virginia",Black,713,51,17
11/30/2020,Lenowisco,"Other Race",12,0,0
11/30/2020,"Three Rivers","Other Race",38,3,0
11/30/2020,"Western Tidewater",White,1570,87,79
11/30/2020,"Mount Rogers",Black,153,10,3
11/30/2020,"Three Rivers","Not Reported",313,3,1
11/30/2020,"Thomas Jefferson",Black,707,89,18
11/30/2020,"Eastern Shore",White,396,38,20
11/30/2020,"Central Virginia",White,3294,164,45
11/30/2020,Lenowisco,Black,82,3,3
11/30/2020,"Central Virginia","Two or more races",40,1,0
11/30/2020,Richmond,"Two or more races",70,4,1
11/30/2020,Crater,"Not Reported",1227,11,5
11/30/2020,Chesterfield,"Two or more races",88,9,0
11/30/2020,"New River",Latino,283,5,0
11/30/2020,Richmond,Latino,1560,118,8
11/30/2020,Portsmouth,Latino,111,11,1
11/30/2020,Pittsylvania-Danville,"Not Reported",936,18,1
11/30/2020,Chesapeake,"Not Reported",815,3,0
11/30/2020,Chickahominy,Latino,151,9,1
11/30/2020,Crater,Black,2833,239,76
11/30/2020,Chesterfield,Black,2017,163,37
11/30/2020,Chesterfield,"Other Race",264,16,0
11/30/2020,Peninsula,Black,1808,113,30
11/30/2020,Roanoke,White,1234,42,59
11/30/2020,"New River",Black,315,5,1
11/30/2020,Southside,Latino,15,0,0
11/30/2020,Peninsula,Latino,565,25,2
11/30/2020,Rappahannock,"Two or more races",90,4,0
11/30/2020,"Virginia Beach",Black,2405,176,30
11/30/2020,"Mount Rogers","Not Reported",518,14,6
11/30/2020,Loudoun,"Not Reported",2416,6,0
11/30/2020,Chesapeake,"Other Race",83,5,1
11/30/2020,Chickahominy,"Two or more races",15,1,0
11/30/2020,Crater,"Other Race",83,0,1
11/30/2020,Norfolk,"Two or more races",80,7,0
11/30/2020,"Eastern Shore","Two or more races",1,1,0
11/30/2020,"Central Shenandoah",White,5708,279,90
11/30/2020,"New River","Other Race",27,0,0
11/30/2020,"New River",White,3926,111,40
11/30/2020,"Central Shenandoah","Other Race",123,3,0
11/30/2020,"West Piedmont",Black,821,113,24
11/30/2020,Alleghany,Latino,251,13,1
11/30/2020,"Central Shenandoah","Not Reported",1592,11,3
11/30/2020,Roanoke,"Two or more races",31,2,0
11/30/2020,Peninsula,"Two or more races",89,4,1
11/30/2020,Richmond,"Not Reported",1037,2,1
11/30/2020,Arlington,"Other Race",184,15,4
11/30/2020,Norfolk,"Not Reported",1293,7,1
11/30/2020,Alexandria,"Other Race",142,11,2
11/30/2020,"Virginia Beach",White,4237,250,65
11/30/2020,Chesapeake,"Two or more races",78,3,0
11/30/2020,Alleghany,White,2968,129,66
11/30/2020,"Rappahannock Rapidan","Other Race",54,4,0
11/30/2020,Chickahominy,"Not Reported",714,3,1
11/30/2020,Portsmouth,Black,1947,260,49
11/30/2020,Chickahominy,"Other Race",43,3,0
11/30/2020,"Virginia Beach",Latino,759,35,4
11/30/2020,Chesapeake,White,2602,191,35
11/30/2020,Southside,Black,753,53,25
11/30/2020,Rappahannock,Latino,1778,124,11
11/30/2020,"Three Rivers","Two or more races",22,2,0
11/30/2020,Henrico,Black,2570,285,105
11/30/2020,Pittsylvania-Danville,Black,1127,128,23
11/30/2020,"Lord Fairfax","Two or more races",53,2,1
11/30/2020,"Prince William",Latino,8668,738,83
11/30/2020,"Mount Rogers","Other Race",27,2,2
11/30/2020,"Central Shenandoah",Black,401,21,6
11/30/2020,Peninsula,White,1935,106,55
11/30/2020,"Eastern Shore","Not Reported",77,0,0
11/30/2020,"Thomas Jefferson","Other Race",192,7,1
11/30/2020,Hampton,"Other Race",105,3,1
11/30/2020,"Lord Fairfax","Not Reported",744,6,7
11/30/2020,"Central Virginia","Other Race",52,0,0
11/30/2020,"Western Tidewater","Other Race",103,1,2
11/30/2020,Crater,Latino,294,11,5
11/30/2020,Chesapeake,Latino,500,37,2
11/30/2020,Chesterfield,White,3400,219,102
11/30/2020,"Western Tidewater","Not Reported",1156,6,3
11/30/2020,Fairfax,"Not Reported",3757,43,30
11/30/2020,Arlington,Black,555,100,36
11/30/2020,"Central Virginia",Latino,139,7,4
11/30/2020,Alexandria,"Not Reported",394,3,1
11/30/2020,"Three Rivers",Black,929,69,17
11/30/2020,"Prince William","Two or more races",197,3,0
11/30/2020,Loudoun,"Two or more races",102,6,0
11/30/2020,Peninsula,"Other Race",276,4,0
11/30/2020,"Thomas Jefferson",White,2895,128,59
11/30/2020,Norfolk,"Other Race",133,5,2
11/30/2020,"Prince William","Not Reported",5186,25,1
11/30/2020,"West Piedmont",White,2427,217,80
11/30/2020,Rappahannock,Black,1265,118,20
11/30/2020,Norfolk,Black,2938,310,63
11/30/2020,Roanoke,Latino,583,33,1
11/30/2020,Piedmont,Latino,90,9,2
11/30/2020,Roanoke,"Not Reported",1259,2,1
11/30/2020,"Virginia Beach","Other Race",199,5,0
11/30/2020,Arlington,"Two or more races",71,4,0
11/30/2020,Alexandria,White,1186,72,40
11/30/2020,"Lord Fairfax","Other Race",133,6,1
11/30/2020,"Thomas Jefferson","Not Reported",375,3,0
11/30/2020,"Virginia Beach","Not Reported",2659,19,4
11/30/2020,Loudoun,Black,454,37,8
11/30/2020,Pittsylvania-Danville,Latino,118,5,0
11/30/2020,"Cumberland Plateau","Not Reported",326,7,0
11/30/2020,Chesterfield,"Not Reported",1771,4,12
11/30/2020,"Mount Rogers",White,5179,387,156
11/30/2020,Richmond,White,1403,61,26
11/30/2020,Lenowisco,"Not Reported",380,9,6
11/30/2020,"Three Rivers",Latino,215,6,1
11/30/2020,Piedmont,"Not Reported",930,12,4
11/30/2020,"Mount Rogers",Latino,370,8,0
11/30/2020,"Central Shenandoah","Two or more races",75,1,1
11/30/2020,Crater,White,1457,80,34
11/30/2020,Arlington,White,1931,157,74
11/30/2020,Pittsylvania-Danville,"Other Race",5,0,0
11/30/2020,Chickahominy,Black,573,67,16
11/30/2020,Fairfax,Black,2530,283,66
11/30/2020,"Eastern Shore",Latino,293,12,3
11/30/2020,Norfolk,White,1454,85,24
11/30/2020,"Mount Rogers","Two or more races",21,1,0
11/30/2020,Alleghany,"Two or more races",32,1,1
11/30/2020,Southside,White,654,42,25
11/30/2020,"Thomas Jefferson","Two or more races",123,6,0
11/30/2020,"Prince William",Black,2257,207,61
11/30/2020,"Lord Fairfax",White,4057,325,117
11/30/2020,"Cumberland Plateau",Latino,21,0,0
11/30/2020,Arlington,"Not Reported",931,9,0
11/30/2020,Rappahannock,"Other Race",247,6,0
11/30/2020,"Rappahannock Rapidan",Black,519,47,16
11/30/2020,"New River","Two or more races",113,6,4
11/30/2020,Arlington,Latino,2316,274,30
11/30/2020,Henrico,White,2470,189,124
11/30/2020,Loudoun,White,2748,164,100
11/30/2020,Hampton,White,567,21,8
11/30/2020,Alleghany,Black,312,10,7
11/30/2020,"Prince William",White,3084,215,103
11/30/2020,Rappahannock,White,2646,197,63
11/30/2020,Southside,"Other Race",19,1,1
11/30/2020,Portsmouth,"Two or more races",31,6,0
11/30/2020,"Western Tidewater",Black,2332,176,75
11/30/2020,Hampton,Latino,114,6,0
11/30/2020,Henrico,"Not Reported",1438,9,2
11/30/2020,"West Piedmont","Two or more races",26,0,0
11/30/2020,Peninsula,"Not Reported",1852,1,0
11/30/2020,Loudoun,Latino,3054,251,18
11/30/2020,Alexandria,Black,1077,116,20
11/30/2020,Piedmont,Black,866,92,26
11/30/2020,Roanoke,"Other Race",45,1,0
11/30/2020,Alexandria,"Two or more races",45,2,0
11/30/2020,"Western Tidewater",Latino,71,1,2
11/30/2020,Rappahannock,"Not Reported",2001,34,0
11/30/2020,"West Piedmont","Other Race",20,1,1
11/30/2020,Chickahominy,White,1891,152,54
11/30/2020,"Thomas Jefferson",Latino,878,36,3
11/30/2020,"Cumberland Plateau",Black,65,0,0
11/30/2020,"Lord Fairfax",Latino,1062,67,10
11/30/2020,"West Piedmont",Latino,365,14,1
11/30/2020,"Cumberland Plateau",White,2145,136,23
11/30/2020,"Eastern Shore","Other Race",14,1,0
11/30/2020,"Cumberland Plateau","Two or more races",2,0,0
11/30/2020,Pittsylvania-Danville,"Two or more races",11,0,0
11/30/2020,Piedmont,"Other Race",21,0,0
11/30/2020,Alexandria,Latino,2322,149,13
11/30/2020,Chesapeake,Black,2439,283,36
11/30/2020,Richmond,"Other Race",211,7,2
11/30/2020,Henrico,Latino,1127,65,13
11/30/2020,Piedmont,"Two or more races",45,2,1
11/30/2020,"Prince William","Other Race",1007,25,0
11/30/2020,"New River","Not Reported",1596,23,0
11/30/2020,"Rappahannock Rapidan",White,1906,96,29
11/30/2020,"Central Virginia","Not Reported",2728,31,7
11/30/2020,"Virginia Beach","Two or more races",134,6,2
11/30/2020,Pittsylvania-Danville,White,1187,106,47
11/30/2020,"Lord Fairfax",Black,264,31,8
11/30/2020,Fairfax,Latino,13278,1154,104
11/30/2020,Chesterfield,"Asian or Pacific Islander",179,7,1
11/30/2020,Crater,"Asian or Pacific Islander",39,0,0
11/30/2020,Fairfax,"Asian or Pacific Islander",2910,316,81
11/30/2020,Hampton,"Asian or Pacific Islander",23,0,0
11/30/2020,"Rappahannock Rapidan","Asian or Pacific Islander",27,2,1
11/30/2020,"Mount Rogers","Asian or Pacific Islander",10,1,0
11/30/2020,"New River","Asian or Pacific Islander",160,0,0
11/30/2020,"Central Virginia","Asian or Pacific Islander",45,1,0
11/30/2020,"Lord Fairfax","Asian or Pacific Islander",40,2,0
11/30/2020,Southside,"Asian or Pacific Islander",5,0,0
11/30/2020,Alleghany,"Asian or Pacific Islander",68,1,0
11/30/2020,Portsmouth,"Asian or Pacific Islander",25,1,0
11/30/2020,Roanoke,"Asian or Pacific Islander",72,4,0
11/30/2020,Richmond,"Asian or Pacific Islander",82,6,1
11/30/2020,"Thomas Jefferson","Asian or Pacific Islander",168,4,1
11/30/2020,"Virginia Beach","Asian or Pacific Islander",443,39,8
11/30/2020,Henrico,"Asian or Pacific Islander",385,13,4
11/30/2020,Piedmont,"Asian or Pacific Islander",14,0,1
11/30/2020,"Western Tidewater","Asian or Pacific Islander",25,2,3
11/30/2020,"West Piedmont","Asian or Pacific Islander",21,2,1
11/30/2020,Chickahominy,"Asian or Pacific Islander",25,3,0
11/30/2020,Peninsula,"Asian or Pacific Islander",92,7,7
11/30/2020,Norfolk,"Asian or Pacific Islander",98,9,0
11/30/2020,Arlington,"Asian or Pacific Islander",304,30,13
11/30/2020,Loudoun,"Asian or Pacific Islander",758,70,14
11/30/2020,Alexandria,"Asian or Pacific Islander",196,11,1
11/30/2020,Rappahannock,"Asian or Pacific Islander",159,12,3
11/30/2020,Chesapeake,"Asian or Pacific Islander",126,12,6
11/30/2020,"Cumberland Plateau and Lenowisco","Asian or Pacific Islander",8,0,0
11/30/2020,"Central Shenandoah","Asian or Pacific Islander",112,2,0
11/30/2020,"Prince William","Asian or Pacific Islander",954,68,22
11/30/2020,Pittsylvania-Danville,"Asian or Pacific Islander",6,0,0
11/30/2020,"Eastern Shore and Three Rivers","Asian or Pacific Islander",17,1,0
11/30/2020,Piedmont,"Native American",7,0,0
11/30/2020,"New River","Native American",5,0,0
11/30/2020,"Central Shenandoah","Native American",4,1,0
11/30/2020,"Eastern Shore and Three Rivers","Native American",6,0,0
11/30/2020,Fairfax,"Native American",49,1,1
11/30/2020,Chesapeake,"Native American",14,0,0
11/30/2020,"Western Tidewater","Native American",5,0,0
11/30/2020,Portsmouth,"Native American",4,2,0
11/30/2020,Richmond,"Native American",5,0,0
11/30/2020,Chickahominy,"Native American",15,1,0
11/30/2020,"Thomas Jefferson","Native American",6,0,0
11/30/2020,Arlington,"Native American",7,0,0
11/30/2020,"Virginia Beach","Native American",18,0,0
11/30/2020,Peninsula,"Native American",9,2,1
11/30/2020,Hampton,"Native American",3,0,1
11/30/2020,"West Piedmont","Native American",4,0,0
11/30/2020,"Cumberland Plateau, Lenowisco, and Mount Rogers","Native American",15,0,0
11/30/2020,Henrico,"Native American",18,0,0
11/30/2020,Norfolk,"Native American",12,1,1
11/30/2020,"Prince William","Native American",36,1,1
11/30/2020,"Central Virginia","Native American",11,0,0
11/30/2020,Chesterfield,"Native American",11,1,0
11/30/2020,Rappahannock,"Native American",10,0,0
11/30/2020,Loudoun,"Native American",8,0,0
11/30/2020,Alexandria,"Native American",4,0,0
11/30/2020,"Alleghany and Roanoke","Native American",5,0,0
11/30/2020,Crater,"Native American",7,1,1
11/30/2020,"Rappahannock Rapidan","Native American",3,0,0
11/30/2020,"Lord Fairfax","Native American",4,1,1
11/30/2020,"Pittsylvania-Danville and Southside","Native American",4,1,0
12/31/2020,"Rappahannock Rapidan","Not Reported",1530,24,8
12/31/2020,Portsmouth,"Other Race",103,13,6
12/31/2020,"Western Tidewater","Two or more races",103,1,2
12/31/2020,Piedmont,White,1692,105,37
12/31/2020,Chesterfield,Latino,2936,145,15
12/31/2020,Lenowisco,White,3861,233,103
12/31/2020,Lenowisco,"Two or more races",40,3,7
12/31/2020,Hampton,"Not Reported",949,4,1
12/31/2020,Southside,"Not Reported",933,7,4
12/31/2020,Roanoke,Black,1104,47,17
12/31/2020,Hampton,Black,1937,137,35
12/31/2020,Alleghany,"Other Race",95,2,0
12/31/2020,Lenowisco,Latino,97,0,0
12/31/2020,Loudoun,"Other Race",1028,28,4
12/31/2020,"Central Shenandoah",Latino,1738,75,10
12/31/2020,"Rappahannock Rapidan",Latino,1282,76,8
12/31/2020,"Eastern Shore",Black,1045,109,31
12/31/2020,Norfolk,Latino,629,36,0
12/31/2020,Hampton,"Two or more races",76,1,0
12/31/2020,Richmond,Black,3334,339,48
12/31/2020,Henrico,"Two or more races",184,12,3
12/31/2020,Fairfax,"Two or more races",454,14,1
12/31/2020,Alleghany,"Not Reported",2526,8,3
12/31/2020,Portsmouth,"Not Reported",792,8,2
12/31/2020,"Cumberland Plateau","Other Race",11,0,0
12/31/2020,Southside,"Two or more races",144,0,10
12/31/2020,Portsmouth,White,995,79,15
12/31/2020,"Rappahannock Rapidan","Two or more races",74,2,0
12/31/2020,Fairfax,White,10902,759,358
12/31/2020,Fairfax,"Other Race",2092,139,24
12/31/2020,Crater,"Two or more races",39,2,1
12/31/2020,"West Piedmont","Not Reported",1481,20,4
12/31/2020,Henrico,"Other Race",374,21,1
12/31/2020,"Three Rivers",White,2303,119,34
12/31/2020,"Central Virginia",Black,1297,79,29
12/31/2020,Lenowisco,"Other Race",18,0,0
12/31/2020,"Three Rivers","Other Race",69,3,0
12/31/2020,"Western Tidewater",White,2344,126,87
12/31/2020,"Mount Rogers",Black,241,12,4
12/31/2020,"Three Rivers","Not Reported",625,3,1
12/31/2020,"Thomas Jefferson",Black,1023,120,21
12/31/2020,"Eastern Shore",White,648,52,24
12/31/2020,"Central Virginia",White,5434,200,77
12/31/2020,Lenowisco,Black,145,4,3
12/31/2020,"Central Virginia","Two or more races",62,1,0
12/31/2020,Richmond,"Two or more races",113,5,1
12/31/2020,Crater,"Not Reported",1534,15,5
12/31/2020,Chesterfield,"Two or more races",132,13,0
12/31/2020,"New River",Latino,311,7,0
12/31/2020,Richmond,Latino,1696,126,9
12/31/2020,Portsmouth,Latino,135,13,1
12/31/2020,Pittsylvania-Danville,"Not Reported",1434,24,8
12/31/2020,Chesapeake,"Not Reported",1398,5,0
12/31/2020,Chickahominy,Latino,189,10,1
12/31/2020,Crater,Black,3393,269,81
12/31/2020,Chesterfield,Black,2962,191,48
12/31/2020,Chesterfield,"Other Race",329,21,0
12/31/2020,Peninsula,Black,2695,168,38
12/31/2020,Roanoke,White,1696,53,75
12/31/2020,"New River",Black,399,12,3
12/31/2020,Southside,Latino,24,2,0
12/31/2020,Peninsula,Latino,698,32,3
12/31/2020,Rappahannock,"Two or more races",133,6,1
12/31/2020,"Virginia Beach",Black,3142,228,43
12/31/2020,"Mount Rogers","Not Reported",1290,36,11
12/31/2020,Loudoun,"Not Reported",3711,13,0
12/31/2020,Chesapeake,"Other Race",129,7,1
12/31/2020,Chickahominy,"Two or more races",40,1,0
12/31/2020,Crater,"Other Race",112,0,1
12/31/2020,Norfolk,"Two or more races",126,10,1
12/31/2020,"Eastern Shore","Two or more races",1,1,0
12/31/2020,"Central Shenandoah",White,10045,431,144
12/31/2020,"New River","Other Race",38,1,0
12/31/2020,"New River",White,5712,191,85
12/31/2020,"Central Shenandoah","Other Race",209,6,1
12/31/2020,"West Piedmont",Black,1126,139,30
12/31/2020,Alleghany,Latino,296,14,2
12/31/2020,"Central Shenandoah","Not Reported",3220,21,6
12/31/2020,Roanoke,"Two or more races",42,2,0
12/31/2020,Peninsula,"Two or more races",170,6,1
12/31/2020,Richmond,"Not Reported",1481,3,1
12/31/2020,Arlington,"Other Race",329,17,4
12/31/2020,Norfolk,"Not Reported",1844,11,3
12/31/2020,Alexandria,"Other Race",197,14,2
12/31/2020,"Virginia Beach",White,6956,362,81
12/31/2020,Chesapeake,"Two or more races",109,5,1
12/31/2020,Alleghany,White,4907,179,119
12/31/2020,"Rappahannock Rapidan","Other Race",98,5,0
12/31/2020,Chickahominy,"Not Reported",1158,5,1
12/31/2020,Portsmouth,Black,2415,308,53
12/31/2020,Chickahominy,"Other Race",72,3,0
12/31/2020,"Virginia Beach",Latino,1052,44,6
12/31/2020,Chesapeake,White,3840,220,49
12/31/2020,Southside,Black,994,70,31
12/31/2020,Rappahannock,Latino,2191,131,12
12/31/2020,"Three Rivers","Two or more races",42,1,0
12/31/2020,Henrico,Black,3635,320,113
12/31/2020,Pittsylvania-Danville,Black,1492,146,28
12/31/2020,"Lord Fairfax","Two or more races",77,4,2
12/31/2020,"Prince William",Latino,10667,803,91
12/31/2020,"Mount Rogers","Other Race",46,2,2
12/31/2020,"Central Shenandoah",Black,798,35,16
12/31/2020,Peninsula,White,3363,154,69
12/31/2020,"Eastern Shore","Not Reported",76,0,0
12/31/2020,"Thomas Jefferson","Other Race",264,9,1
12/31/2020,Hampton,"Other Race",141,4,1
12/31/2020,"Lord Fairfax","Not Reported",1533,7,9
12/31/2020,"Central Virginia","Other Race",105,0,0
12/31/2020,"Western Tidewater","Other Race",158,2,2
12/31/2020,Crater,Latino,347,11,5
12/31/2020,Chesapeake,Latino,586,39,2
12/31/2020,Chesterfield,White,5347,293,129
12/31/2020,"Western Tidewater","Not Reported",1616,5,3
12/31/2020,Fairfax,"Not Reported",6356,60,33
12/31/2020,Arlington,Black,724,108,39
12/31/2020,"Central Virginia",Latino,186,7,4
12/31/2020,Alexandria,"Not Reported",740,3,1
12/31/2020,"Three Rivers",Black,1330,94,20
12/31/2020,"Prince William","Two or more races",369,6,1
12/31/2020,Loudoun,"Two or more races",199,7,0
12/31/2020,Peninsula,"Other Race",443,5,1
12/31/2020,"Thomas Jefferson",White,3985,167,64
12/31/2020,Norfolk,"Other Race",176,5,2
12/31/2020,"Prince William","Not Reported",7299,28,2
12/31/2020,"West Piedmont",White,3516,281,92
12/31/2020,Rappahannock,Black,1848,145,23
12/31/2020,Norfolk,Black,3663,367,72
12/31/2020,Roanoke,Latino,650,33,5
12/31/2020,Piedmont,Latino,108,10,2
12/31/2020,Roanoke,"Not Reported",1582,4,1
12/31/2020,"Virginia Beach","Other Race",328,10,0
12/31/2020,Arlington,"Two or more races",102,7,2
12/31/2020,Alexandria,White,1677,95,46
12/31/2020,"Lord Fairfax","Other Race",242,7,1
12/31/2020,"Thomas Jefferson","Not Reported",761,6,1
12/31/2020,"Virginia Beach","Not Reported",4233,43,9
12/31/2020,Loudoun,Black,625,45,10
12/31/2020,Pittsylvania-Danville,Latino,141,5,0
12/31/2020,"Cumberland Plateau","Not Reported",952,19,2
12/31/2020,Chesterfield,"Not Reported",2547,8,12
12/31/2020,"Mount Rogers",White,8508,574,216
12/31/2020,Richmond,White,2152,69,31
12/31/2020,Lenowisco,"Not Reported",699,16,9
12/31/2020,"Three Rivers",Latino,287,6,1
12/31/2020,Piedmont,"Not Reported",1707,15,4
12/31/2020,"Mount Rogers",Latino,440,12,1
12/31/2020,"Central Shenandoah","Two or more races",144,2,2
12/31/2020,Crater,White,1986,97,36
12/31/2020,Arlington,White,2608,179,83
12/31/2020,Pittsylvania-Danville,"Other Race",5,0,0
12/31/2020,Chickahominy,Black,766,75,21
12/31/2020,Fairfax,Black,3453,318,68
12/31/2020,"Eastern Shore",Latino,345,15,3
12/31/2020,Norfolk,White,2257,116,28
12/31/2020,"Mount Rogers","Two or more races",60,3,2
12/31/2020,Alleghany,"Two or more races",51,1,3
12/31/2020,Southside,White,962,56,36
12/31/2020,"Thomas Jefferson","Two or more races",157,8,1
12/31/2020,"Prince William",Black,3077,234,62
12/31/2020,"Lord Fairfax",White,6679,394,147
12/31/2020,"Cumberland Plateau",Latino,40,0,0
12/31/2020,Arlington,"Not Reported",1866,13,2
12/31/2020,Rappahannock,"Other Race",484,6,0
12/31/2020,"Rappahannock Rapidan",Black,714,58,16
12/31/2020,"New River","Two or more races",136,8,8
12/31/2020,Arlington,Latino,2796,293,33
12/31/2020,Henrico,White,3896,230,149
12/31/2020,Loudoun,White,3939,195,113
12/31/2020,Hampton,White,998,40,9
12/31/2020,Alleghany,Black,458,16,12
12/31/2020,"Prince William",White,4883,243,115
12/31/2020,Rappahannock,White,4330,239,79
12/31/2020,Southside,"Other Race",22,1,1
12/31/2020,Portsmouth,"Two or more races",47,6,1
12/31/2020,"Western Tidewater",Black,2960,246,79
12/31/2020,Hampton,Latino,181,9,1
12/31/2020,Henrico,"Not Reported",2309,13,8
12/31/2020,"West Piedmont","Two or more races",35,1,0
12/31/2020,Peninsula,"Not Reported",2517,3,1
12/31/2020,Loudoun,Latino,3590,281,19
12/31/2020,Alexandria,Black,1444,131,21
12/31/2020,Piedmont,Black,1244,108,28
12/31/2020,Roanoke,"Other Race",61,1,0
12/31/2020,Alexandria,"Two or more races",93,6,1
12/31/2020,"Western Tidewater",Latino,98,1,2
12/31/2020,Rappahannock,"Not Reported",3603,35,1
12/31/2020,"West Piedmont","Other Race",48,1,1
12/31/2020,Chickahominy,White,3000,175,69
12/31/2020,"Thomas Jefferson",Latino,1162,46,3
12/31/2020,"Cumberland Plateau",Black,137,2,1
12/31/2020,"Lord Fairfax",Latino,1336,73,11
12/31/2020,"West Piedmont",Latino,493,21,2
12/31/2020,"Cumberland Plateau",White,4200,238,65
12/31/2020,"Eastern Shore","Other Race",18,1,0
12/31/2020,"Cumberland Plateau","Two or more races",18,1,0
12/31/2020,Pittsylvania-Danville,"Two or more races",15,0,0
12/31/2020,Piedmont,"Other Race",25,0,0
12/31/2020,Alexandria,Latino,2841,169,15
12/31/2020,Chesapeake,Black,3076,326,41
12/31/2020,Richmond,"Other Race",239,9,2
12/31/2020,Henrico,Latino,1346,70,14
12/31/2020,Piedmont,"Two or more races",77,2,1
12/31/2020,"Prince William","Other Race",1658,34,0
12/31/2020,"New River","Not Reported",2510,33,0
12/31/2020,"Rappahannock Rapidan",White,3024,127,33
12/31/2020,"Central Virginia","Not Reported",4403,43,10
12/31/2020,"Virginia Beach","Two or more races",224,10,3
12/31/2020,Pittsylvania-Danville,White,1831,126,64
12/31/2020,"Lord Fairfax",Black,378,33,10
12/31/2020,Fairfax,Latino,16570,1279,117
12/31/2020,Chesterfield,"Asian or Pacific Islander",273,11,2
12/31/2020,Crater,"Asian or Pacific Islander",55,0,0
12/31/2020,Fairfax,"Asian or Pacific Islander",4557,414,93
12/31/2020,Hampton,"Asian or Pacific Islander",44,0,0
12/31/2020,"Rappahannock Rapidan","Asian or Pacific Islander",43,3,1
12/31/2020,"Mount Rogers","Asian or Pacific Islander",21,2,0
12/31/2020,"New River","Asian or Pacific Islander",180,1,0
12/31/2020,"Central Virginia","Asian or Pacific Islander",82,3,0
12/31/2020,"Lord Fairfax","Asian or Pacific Islander",77,3,1
12/31/2020,Southside,"Asian or Pacific Islander",6,0,0
12/31/2020,Alleghany,"Asian or Pacific Islander",96,3,0
12/31/2020,Portsmouth,"Asian or Pacific Islander",28,1,0
12/31/2020,Roanoke,"Asian or Pacific Islander",96,4,0
12/31/2020,Richmond,"Asian or Pacific Islander",134,6,1
12/31/2020,"Thomas Jefferson","Asian or Pacific Islander",203,4,1
12/31/2020,"Virginia Beach","Asian or Pacific Islander",671,51,8
12/31/2020,Henrico,"Asian or Pacific Islander",570,16,5
12/31/2020,Piedmont,"Asian or Pacific Islander",16,0,1
12/31/2020,"Western Tidewater","Asian or Pacific Islander",37,2,3
12/31/2020,"West Piedmont","Asian or Pacific Islander",30,2,1
12/31/2020,Chickahominy,"Asian or Pacific Islander",32,3,0
12/31/2020,Peninsula,"Asian or Pacific Islander",139,8,6
12/31/2020,Norfolk,"Asian or Pacific Islander",138,11,0
12/31/2020,Arlington,"Asian or Pacific Islander",439,39,17
12/31/2020,Loudoun,"Asian or Pacific Islander",1061,83,13
12/31/2020,Alexandria,"Asian or Pacific Islander",299,13,1
12/31/2020,Rappahannock,"Asian or Pacific Islander",225,13,3
12/31/2020,Chesapeake,"Asian or Pacific Islander",166,14,7
12/31/2020,"Cumberland Plateau and Lenowisco","Asian or Pacific Islander",15,0,0
12/31/2020,"Central Shenandoah","Asian or Pacific Islander",143,4,0
12/31/2020,"Prince William","Asian or Pacific Islander",1332,83,25
12/31/2020,Pittsylvania-Danville,"Asian or Pacific Islander",7,0,0
12/31/2020,"Eastern Shore and Three Rivers","Asian or Pacific Islander",21,1,0
12/31/2020,Piedmont,"Native American",7,0,0
12/31/2020,"New River","Native American",7,0,0
12/31/2020,"Central Shenandoah","Native American",9,1,0
12/31/2020,"Eastern Shore and Three Rivers","Native American",11,1,0
12/31/2020,Fairfax,"Native American",72,2,1
12/31/2020,Chesapeake,"Native American",20,0,0
12/31/2020,"Western Tidewater","Native American",5,0,0
12/31/2020,Portsmouth,"Native American",4,2,0
12/31/2020,Richmond,"Native American",9,0,1
12/31/2020,Chickahominy,"Native American",24,2,0
12/31/2020,"Thomas Jefferson","Native American",7,0,0
12/31/2020,Arlington,"Native American",8,0,0
12/31/2020,"Virginia Beach","Native American",23,0,0
12/31/2020,Peninsula,"Native American",11,2,1
12/31/2020,Hampton,"Native American",6,0,1
12/31/2020,"West Piedmont","Native American",4,0,0
12/31/2020,"Cumberland Plateau, Lenowisco, and Mount Rogers","Native American",22,1,0
12/31/2020,Henrico,"Native American",23,0,0
12/31/2020,Norfolk,"Native American",16,1,1
12/31/2020,"Prince William","Native American",52,1,1
12/31/2020,"Central Virginia","Native American",17,0,0
12/31/2020,Chesterfield,"Native American",12,1,0
12/31/2020,Rappahannock,"Native American",14,0,0
12/31/2020,Loudoun,"Native American",16,0,0
12/31/2020,Alexandria,"Native American",7,0,0
12/31/2020,"Alleghany and Roanoke","Native American",10,0,1
12/31/2020,Crater,"Native American",7,1,1
12/31/2020,"Rappahannock Rapidan","Native American",8,0,0
12/31/2020,"Lord Fairfax","Native American",7,1,1
01/18/2021,Hampton,Black,2554,151,39
12/31/2020,"Pittsylvania-Danville and Southside","Native American",7,1,0
01/01/2021,"Mount Rogers","Asian or Pacific Islander",21,2,0
01/01/2021,Southside,"Asian or Pacific Islander",6,0,0
01/01/2021,"Prince William","Asian or Pacific Islander",1355,83,25
01/01/2021,Henrico,"Asian or Pacific Islander",583,16,5
01/01/2021,Alleghany,"Asian or Pacific Islander",97,3,0
01/01/2021,Roanoke,"Asian or Pacific Islander",98,4,0
01/01/2021,Rappahannock,"Asian or Pacific Islander",229,13,3
01/01/2021,"Lord Fairfax","Asian or Pacific Islander",78,3,1
01/01/2021,"Western Tidewater","Asian or Pacific Islander",39,2,3
01/01/2021,Richmond,"Asian or Pacific Islander",135,6,1
01/01/2021,Arlington,"Asian or Pacific Islander",446,39,17
01/01/2021,"West Piedmont","Asian or Pacific Islander",30,2,1
01/01/2021,Chesapeake,"Asian or Pacific Islander",166,14,7
01/01/2021,Chickahominy,"Asian or Pacific Islander",33,3,0
01/01/2021,Piedmont,"Asian or Pacific Islander",17,1,1
01/01/2021,Chesterfield,"Asian or Pacific Islander",274,11,2
01/01/2021,Norfolk,"Asian or Pacific Islander",139,12,0
01/01/2021,"Central Shenandoah","Asian or Pacific Islander",145,4,0
01/01/2021,Crater,"Asian or Pacific Islander",56,0,0
01/01/2021,Pittsylvania-Danville,"Asian or Pacific Islander",7,0,0
01/01/2021,"Virginia Beach","Asian or Pacific Islander",681,52,8
01/01/2021,Loudoun,"Asian or Pacific Islander",1085,83,13
01/01/2021,"Central Virginia","Asian or Pacific Islander",85,3,0
01/01/2021,Hampton,"Asian or Pacific Islander",46,0,0
01/01/2021,Alexandria,"Asian or Pacific Islander",301,13,1
01/01/2021,"Eastern Shore and Three Rivers","Asian or Pacific Islander",21,1,0
01/01/2021,"New River","Asian or Pacific Islander",182,1,0
01/01/2021,Portsmouth,"Asian or Pacific Islander",28,1,0
01/01/2021,"Rappahannock Rapidan","Asian or Pacific Islander",45,3,1
01/01/2021,"Thomas Jefferson","Asian or Pacific Islander",202,4,1
01/01/2021,Fairfax,"Asian or Pacific Islander",4631,423,94
01/01/2021,Peninsula,"Asian or Pacific Islander",139,8,6
01/01/2021,"Cumberland Plateau and Lenowisco","Asian or Pacific Islander",15,0,0
01/01/2021,Fairfax,"Native American",72,2,1
01/01/2021,"Thomas Jefferson","Native American",7,0,0
01/01/2021,Norfolk,"Native American",16,1,1
01/01/2021,Portsmouth,"Native American",4,2,0
01/01/2021,"New River","Native American",8,0,0
01/01/2021,Alexandria,"Native American",7,0,0
01/01/2021,Chickahominy,"Native American",23,2,0
01/01/2021,Crater,"Native American",7,1,1
01/01/2021,Henrico,"Native American",23,0,0
01/01/2021,"Prince William","Native American",52,1,1
01/01/2021,Chesapeake,"Native American",20,0,0
01/01/2021,"Virginia Beach","Native American",23,0,0
01/01/2021,Chesterfield,"Native American",12,1,0
01/01/2021,"Western Tidewater","Native American",6,0,0
01/01/2021,"Pittsylvania-Danville and Southside","Native American",7,1,0
01/01/2021,"Central Shenandoah","Native American",9,1,0
01/01/2021,Rappahannock,"Native American",14,0,0
01/01/2021,Hampton,"Native American",6,0,1
01/01/2021,"Lord Fairfax","Native American",7,1,1
01/01/2021,Loudoun,"Native American",18,0,0
01/01/2021,"West Piedmont","Native American",4,0,0
01/01/2021,Richmond,"Native American",9,0,1
01/01/2021,"Rappahannock Rapidan","Native American",9,0,0
01/01/2021,"Eastern Shore and Three Rivers","Native American",9,0,0
01/01/2021,Peninsula,"Native American",11,2,1
01/01/2021,Arlington,"Native American",8,0,0
01/01/2021,Piedmont,"Native American",7,0,0
01/01/2021,"Central Virginia","Native American",18,0,0
01/01/2021,"Cumberland Plateau, Lenowisco, and Mount Rogers","Native American",23,1,0
01/01/2021,"Alleghany and Roanoke","Native American",10,0,1
01/01/2021,Southside,"Not Reported",947,7,4
01/01/2021,Chesapeake,White,3890,221,49
01/01/2021,"Three Rivers","Other Race",70,3,0
01/01/2021,"Central Virginia","Other Race",107,0,0
01/01/2021,"Central Virginia","Two or more races",63,1,0
01/01/2021,"Cumberland Plateau",White,4274,242,66
01/01/2021,Lenowisco,"Two or more races",40,3,7
01/01/2021,"Western Tidewater",Black,2979,246,79
01/01/2021,"Western Tidewater",Latino,99,1,2
01/01/2021,Fairfax,"Not Reported",6420,63,34
01/01/2021,Chesapeake,"Not Reported",1431,5,0
01/01/2021,"Thomas Jefferson",White,4052,167,65
01/01/2021,"Cumberland Plateau","Two or more races",19,1,0
01/01/2021,Loudoun,Black,631,46,11
01/01/2021,Loudoun,Latino,3616,281,19
01/01/2021,Alleghany,Latino,297,14,2
01/01/2021,Alleghany,Black,456,16,12
01/01/2021,"Three Rivers",Black,1343,94,20
01/01/2021,"Three Rivers",Latino,289,7,1
01/01/2021,"Central Shenandoah","Two or more races",146,2,2
01/01/2021,Hampton,Black,1970,138,35
01/01/2021,Hampton,Latino,185,9,1
01/01/2021,Southside,"Other Race",23,1,1
01/01/2021,Piedmont,"Other Race",26,0,0
01/01/2021,"Prince William","Other Race",1679,34,0
01/01/2021,Richmond,"Other Race",239,9,2
01/01/2021,Hampton,"Two or more races",78,1,0
01/01/2021,Norfolk,Latino,635,37,0
01/01/2021,"Lord Fairfax","Not Reported",1562,8,9
01/01/2021,Norfolk,Black,3697,370,73
01/01/2021,"Central Virginia",Black,1322,80,29
01/01/2021,Rappahannock,Latino,2210,132,13
01/01/2021,"Central Virginia",Latino,190,7,4
01/01/2021,Rappahannock,Black,1864,146,24
01/01/2021,"West Piedmont",White,3587,283,94
01/01/2021,Rappahannock,"Not Reported",3649,36,1
01/01/2021,"Central Shenandoah","Not Reported",3235,21,6
01/01/2021,Chesterfield,Latino,2952,145,15
01/01/2021,Chesterfield,Black,3004,193,48
01/01/2021,"Central Shenandoah",Latino,1749,75,10
01/01/2021,Southside,Latino,24,2,0
01/01/2021,Southside,Black,1008,70,31
01/01/2021,"Central Shenandoah",Black,809,35,16
01/01/2021,Peninsula,White,3430,154,75
01/01/2021,"Rappahannock Rapidan",White,3086,128,36
01/01/2021,"New River",Latino,312,7,0
01/01/2021,"New River",Black,399,12,3
01/01/2021,Roanoke,"Other Race",61,1,0
01/01/2021,"Three Rivers","Two or more races",44,1,0
01/01/2021,"Prince William",White,4974,243,116
01/01/2021,"West Piedmont","Two or more races",36,1,0
01/01/2021,"New River","Not Reported",2572,33,0
01/01/2021,Chesterfield,"Not Reported",2567,8,12
01/01/2021,Crater,"Two or more races",38,2,1
01/01/2021,Lenowisco,White,3906,235,105
01/01/2021,"Western Tidewater",White,2385,127,87
01/01/2021,"Lord Fairfax","Other Race",244,7,1
01/01/2021,Chickahominy,"Two or more races",41,1,0
01/01/2021,Henrico,Black,3689,320,114
01/01/2021,Henrico,Latino,1358,70,14
01/01/2021,Alleghany,White,4958,180,120
01/01/2021,Peninsula,Black,2759,168,38
01/01/2021,Peninsula,Latino,704,32,3
01/01/2021,Loudoun,"Other Race",1038,28,4
01/01/2021,Arlington,"Not Reported",1912,13,2
01/01/2021,"Mount Rogers","Not Reported",1307,36,11
01/01/2021,Portsmouth,White,1004,81,15
01/01/2021,"Western Tidewater","Two or more races",105,1,2
01/01/2021,"Thomas Jefferson","Not Reported",778,6,1
01/01/2021,"Three Rivers","Not Reported",634,3,1
01/01/2021,Richmond,Black,3382,341,48
01/01/2021,Richmond,Latino,1702,127,9
01/01/2021,"Cumberland Plateau",Latino,40,0,0
01/01/2021,Rappahannock,"Other Race",493,6,0
01/01/2021,"Cumberland Plateau",Black,138,2,1
01/01/2021,Loudoun,"Not Reported",3780,14,0
01/01/2021,Loudoun,White,3984,195,114
01/01/2021,Peninsula,"Not Reported",2550,3,1
01/01/2021,Henrico,White,3977,231,149
01/01/2021,Chesterfield,"Two or more races",133,13,0
01/01/2021,Richmond,White,2192,70,32
01/01/2021,Chesapeake,"Two or more races",110,5,1
01/01/2021,Chickahominy,White,3048,176,71
01/01/2021,Lenowisco,Latino,103,0,0
01/01/2021,Lenowisco,Black,153,4,3
01/01/2021,Roanoke,"Two or more races",42,2,0
01/01/2021,Piedmont,Latino,108,10,2
01/01/2021,Piedmont,Black,1265,108,28
01/01/2021,Chesterfield,White,5436,293,128
01/01/2021,"Lord Fairfax","Two or more races",77,4,2
01/01/2021,"Central Virginia",White,5558,201,77
01/01/2021,Rappahannock,White,4394,243,80
01/01/2021,"New River",White,5795,192,90
01/01/2021,Crater,White,2006,97,37
01/01/2021,Alleghany,"Not Reported",2552,9,3
01/01/2021,Arlington,"Two or more races",104,7,2
01/01/2021,Portsmouth,"Other Race",105,14,6
01/01/2021,Piedmont,White,1719,107,37
01/01/2021,Alleghany,"Two or more races",51,1,3
01/01/2021,Crater,Black,3410,270,81
01/01/2021,Crater,Latino,348,11,5
01/01/2021,Piedmont,"Two or more races",81,2,1
01/01/2021,Pittsylvania-Danville,White,1904,128,65
01/01/2021,"Rappahannock Rapidan","Other Race",101,5,0
01/01/2021,Richmond,"Not Reported",1525,3,1
01/01/2021,Henrico,"Two or more races",186,12,3
01/01/2021,Henrico,"Other Race",379,21,1
01/01/2021,Loudoun,"Two or more races",200,7,0
01/01/2021,"Rappahannock Rapidan","Two or more races",74,2,0
01/01/2021,Portsmouth,Latino,135,13,1
01/01/2021,Portsmouth,Black,2423,310,53
01/01/2021,Portsmouth,"Not Reported",799,8,2
01/01/2021,Alexandria,"Two or more races",95,6,1
01/01/2021,"Virginia Beach","Other Race",335,9,0
01/01/2021,Norfolk,"Not Reported",1876,11,3
01/01/2021,Rappahannock,"Two or more races",133,6,1
01/01/2021,Arlington,Black,729,108,39
01/01/2021,Arlington,Latino,2816,293,33
01/01/2021,"Eastern Shore",White,658,52,24
01/01/2021,"Eastern Shore","Not Reported",77,0,0
01/01/2021,Roanoke,White,1714,53,75
01/01/2021,Alexandria,"Other Race",197,14,2
01/01/2021,"Cumberland Plateau","Other Race",12,0,0
01/01/2021,"Western Tidewater","Other Race",159,2,2
01/01/2021,Lenowisco,"Other Race",18,0,0
01/01/2021,Pittsylvania-Danville,"Two or more races",15,0,0
01/01/2021,Henrico,"Not Reported",2378,13,8
01/01/2021,Crater,"Other Race",111,0,1
01/01/2021,Chickahominy,"Other Race",74,3,0
01/01/2021,Roanoke,Black,1117,48,17
01/01/2021,Roanoke,Latino,651,33,5
01/01/2021,Peninsula,"Two or more races",174,6,1
01/01/2021,Peninsula,"Other Race",449,5,1
01/01/2021,"Thomas Jefferson","Two or more races",159,8,1
01/01/2021,Arlington,White,2644,179,83
01/01/2021,Norfolk,"Two or more races",129,10,1
01/01/2021,Alexandria,White,1690,97,46
01/01/2021,Hampton,"Not Reported",967,4,1
01/01/2021,"Mount Rogers",White,8669,583,218
01/01/2021,Alexandria,"Not Reported",748,3,1
01/01/2021,"Western Tidewater","Not Reported",1641,5,3
01/01/2021,"Cumberland Plateau","Not Reported",965,19,2
01/01/2021,"Thomas Jefferson","Other Race",268,9,1
01/01/2021,"Mount Rogers",Black,246,12,4
01/01/2021,"Mount Rogers",Latino,444,12,1
01/01/2021,"West Piedmont",Black,1136,140,30
01/01/2021,"West Piedmont",Latino,498,21,2
01/01/2021,"Virginia Beach",White,7140,371,82
01/01/2021,"West Piedmont","Other Race",49,1,1
01/01/2021,Richmond,"Two or more races",115,5,1
01/01/2021,"Virginia Beach","Not Reported",4329,43,9
01/01/2021,Hampton,"Other Race",145,4,1
01/01/2021,"Virginia Beach",Black,3179,232,44
01/01/2021,"Virginia Beach",Latino,1063,44,6
01/01/2021,Fairfax,Black,3506,321,68
01/01/2021,Fairfax,Latino,16724,1286,117
01/01/2021,"Prince William",Latino,10744,806,91
01/01/2021,"Prince William",Black,3111,234,62
01/01/2021,Piedmont,"Not Reported",1757,15,4
01/01/2021,Chesapeake,Latino,587,39,2
01/01/2021,Chesapeake,Black,3092,326,41
01/01/2021,Pittsylvania-Danville,"Not Reported",1521,24,8
01/01/2021,Alleghany,"Other Race",94,2,0
01/01/2021,"West Piedmont","Not Reported",1494,20,4
01/01/2021,Norfolk,White,2308,118,28
01/01/2021,"Virginia Beach","Two or more races",230,10,3
01/01/2021,Chesapeake,"Other Race",130,7,1
01/01/2021,Norfolk,"Other Race",178,6,2
01/01/2021,Chickahominy,Latino,190,10,1
01/01/2021,Chickahominy,Black,771,74,21
01/01/2021,"Eastern Shore",Black,1049,110,31
01/01/2021,"Eastern Shore",Latino,349,15,3
01/01/2021,"Prince William","Two or more races",377,6,1
01/01/2021,Hampton,White,1024,40,9
01/01/2021,"Prince William","Not Reported",7454,28,2
01/01/2021,"Mount Rogers","Two or more races",61,3,2
01/01/2021,Fairfax,White,11076,762,360
01/01/2021,"Thomas Jefferson",Black,1051,121,21
01/01/2021,"Thomas Jefferson",Latino,1168,46,3
01/01/2021,"Rappahannock Rapidan","Not Reported",1549,25,8
01/01/2021,Southside,"Two or more races",144,0,10
01/01/2021,Lenowisco,"Not Reported",710,17,9
01/01/2021,Crater,"Not Reported",1517,16,5
01/01/2021,Chickahominy,"Not Reported",1206,5,1
01/01/2021,Fairfax,"Other Race",2115,141,24
01/01/2021,Portsmouth,"Two or more races",47,6,1
01/01/2021,Alexandria,Black,1468,131,21
01/01/2021,Alexandria,Latino,2860,172,16
01/01/2021,Roanoke,"Not Reported",1593,4,1
01/01/2021,Pittsylvania-Danville,Black,1519,146,28
01/01/2021,Pittsylvania-Danville,Latino,142,5,0
01/01/2021,"Eastern Shore","Two or more races",1,1,0
01/01/2021,"Lord Fairfax",White,6822,397,150
01/01/2021,Chesterfield,"Other Race",336,21,0
01/01/2021,"Mount Rogers","Other Race",47,2,2
01/01/2021,"Eastern Shore","Other Race",19,1,0
01/01/2021,"Three Rivers",White,2357,121,36
01/01/2021,Pittsylvania-Danville,"Other Race",5,0,0
01/01/2021,"Rappahannock Rapidan",Latino,1297,76,9
01/01/2021,"Rappahannock Rapidan",Black,733,59,16
01/01/2021,"Central Virginia","Not Reported",4434,43,10
01/01/2021,"Lord Fairfax",Latino,1343,73,11
01/01/2021,"Lord Fairfax",Black,386,33,10
01/01/2021,"Central Shenandoah","Other Race",214,6,1
01/01/2021,Fairfax,"Two or more races",467,14,1
01/01/2021,Arlington,"Other Race",334,17,4
01/01/2021,"New River","Two or more races",136,8,8
01/01/2021,"Central Shenandoah",White,10255,433,145
01/01/2021,Southside,White,981,56,36
01/01/2021,"New River","Other Race",38,1,0
01/02/2021,Southside,"Not Reported",957,7,4
01/02/2021,Chesapeake,White,3924,223,49
01/02/2021,"Three Rivers","Other Race",72,3,0
01/02/2021,"Central Virginia","Other Race",107,0,0
01/02/2021,"Central Virginia","Two or more races",63,1,0
01/02/2021,"Cumberland Plateau",White,4393,242,65
01/02/2021,Lenowisco,"Two or more races",40,3,7
01/02/2021,"Western Tidewater",Black,2991,246,79
01/02/2021,"Western Tidewater",Latino,99,1,2
01/02/2021,Fairfax,"Not Reported",6598,63,34
01/02/2021,Chesapeake,"Not Reported",1457,5,0
01/02/2021,"Thomas Jefferson",White,4100,169,68
01/02/2021,"Cumberland Plateau","Two or more races",21,2,0
01/02/2021,Loudoun,Black,634,46,11
01/02/2021,Loudoun,Latino,3628,281,19
01/02/2021,Alleghany,Latino,298,14,2
01/02/2021,Alleghany,Black,460,16,12
01/02/2021,"Three Rivers",Black,1354,94,20
01/02/2021,"Three Rivers",Latino,291,7,1
01/02/2021,"Central Shenandoah","Two or more races",150,2,2
01/02/2021,Hampton,Black,1971,138,35
01/02/2021,Hampton,Latino,185,9,1
01/02/2021,Southside,"Other Race",23,1,1
01/02/2021,Piedmont,"Other Race",27,0,0
01/02/2021,"Prince William","Other Race",1692,34,0
01/02/2021,Richmond,"Other Race",245,9,2
01/02/2021,Hampton,"Two or more races",78,1,0
01/02/2021,Norfolk,Latino,636,37,0
01/02/2021,"Lord Fairfax","Not Reported",1608,8,9
01/02/2021,Norfolk,Black,3696,370,74
01/02/2021,"Central Virginia",Black,1337,80,30
01/02/2021,Rappahannock,Latino,2236,133,13
01/02/2021,"Central Virginia",Latino,191,7,4
01/02/2021,Rappahannock,Black,1901,147,24
01/02/2021,"West Piedmont",White,3633,283,96
01/02/2021,Rappahannock,"Not Reported",3693,36,1
01/02/2021,"Central Shenandoah","Not Reported",3280,21,6
01/02/2021,Chesterfield,Latino,2962,145,15
01/02/2021,Chesterfield,Black,3038,193,49
01/02/2021,"Central Shenandoah",Latino,1754,75,10
01/02/2021,Southside,Latino,25,2,0
01/02/2021,Southside,Black,1014,70,33
01/02/2021,"Central Shenandoah",Black,811,35,16
01/02/2021,Peninsula,White,3435,154,75
01/02/2021,"Rappahannock Rapidan",White,3105,128,36
01/02/2021,"New River",Latino,312,7,0
01/02/2021,"New River",Black,399,12,3
01/02/2021,Roanoke,"Other Race",61,1,0
01/02/2021,"Three Rivers","Two or more races",44,1,0
01/02/2021,"Prince William",White,5044,243,116
01/02/2021,"West Piedmont","Two or more races",35,1,0
01/02/2021,"New River","Not Reported",2585,34,0
01/02/2021,Chesterfield,"Not Reported",2613,8,12
01/02/2021,Crater,"Two or more races",41,2,1
01/02/2021,Lenowisco,White,3973,237,107
01/02/2021,"Western Tidewater",White,2400,129,88
01/02/2021,"Lord Fairfax","Other Race",248,7,1
01/02/2021,Chickahominy,"Two or more races",41,1,0
01/02/2021,Henrico,Black,3747,320,114
01/02/2021,Henrico,Latino,1363,70,14
01/02/2021,Alleghany,White,5038,180,121
01/02/2021,Peninsula,Black,2761,168,38
01/02/2021,Peninsula,Latino,704,32,3
01/02/2021,Loudoun,"Other Race",1050,28,4
01/02/2021,Arlington,"Not Reported",1966,14,2
01/02/2021,"Mount Rogers","Not Reported",1281,38,11
01/02/2021,Portsmouth,White,1026,83,15
01/02/2021,"Western Tidewater","Two or more races",106,1,2
01/02/2021,"Thomas Jefferson","Not Reported",801,6,1
01/02/2021,"Three Rivers","Not Reported",638,3,1
01/02/2021,Richmond,Black,3423,342,49
01/02/2021,Richmond,Latino,1710,127,9
01/02/2021,"Cumberland Plateau",Latino,39,0,0
01/02/2021,Rappahannock,"Other Race",499,6,0
01/02/2021,"Cumberland Plateau",Black,142,2,1
01/02/2021,Loudoun,"Not Reported",3833,14,0
01/02/2021,Loudoun,White,4019,195,114
01/02/2021,Peninsula,"Not Reported",2551,3,1
01/02/2021,Henrico,White,4066,232,149
01/02/2021,Chesterfield,"Two or more races",135,13,0
01/02/2021,Richmond,White,2228,71,32
01/02/2021,Chesapeake,"Two or more races",112,6,2
01/02/2021,Chickahominy,White,3117,177,74
01/02/2021,Lenowisco,Latino,106,0,0
01/02/2021,Lenowisco,Black,157,4,3
01/02/2021,Roanoke,"Two or more races",42,2,0
01/02/2021,Piedmont,Latino,109,10,2
01/02/2021,Piedmont,Black,1271,109,28
01/02/2021,Chesterfield,White,5525,293,129
01/02/2021,"Lord Fairfax","Two or more races",79,4,2
01/02/2021,"Central Virginia",White,5653,201,77
01/02/2021,Rappahannock,White,4467,244,80
01/02/2021,"New River",White,5807,192,92
01/02/2021,Crater,White,2042,98,37
01/02/2021,Alleghany,"Not Reported",2610,9,3
01/02/2021,Arlington,"Two or more races",109,9,2
01/02/2021,Portsmouth,"Other Race",106,14,6
01/02/2021,Piedmont,White,1737,107,37
01/02/2021,Alleghany,"Two or more races",54,1,3
01/02/2021,Crater,Black,3440,271,81
01/02/2021,Crater,Latino,351,11,5
01/02/2021,Piedmont,"Two or more races",81,2,1
01/02/2021,Pittsylvania-Danville,White,1933,129,65
01/02/2021,"Rappahannock Rapidan","Other Race",102,5,0
01/02/2021,Richmond,"Not Reported",1566,3,1
01/02/2021,Henrico,"Two or more races",187,12,3
01/02/2021,Henrico,"Other Race",386,21,1
01/02/2021,Loudoun,"Two or more races",206,7,0
01/02/2021,"Rappahannock Rapidan","Two or more races",74,2,0
01/02/2021,Portsmouth,Latino,135,13,1
01/02/2021,Portsmouth,Black,2443,312,53
01/02/2021,Portsmouth,"Not Reported",816,8,2
01/02/2021,Alexandria,"Two or more races",94,6,1
01/02/2021,"Virginia Beach","Other Race",335,9,0
01/02/2021,Norfolk,"Not Reported",1867,11,3
01/02/2021,Rappahannock,"Two or more races",135,6,1
01/02/2021,Arlington,Black,735,111,40
01/02/2021,Arlington,Latino,2845,293,33
01/02/2021,"Eastern Shore",White,669,54,24
01/02/2021,"Eastern Shore","Not Reported",77,0,0
01/02/2021,Roanoke,White,1728,53,76
01/02/2021,Alexandria,"Other Race",197,14,2
01/02/2021,"Cumberland Plateau","Other Race",13,1,0
01/02/2021,"Western Tidewater","Other Race",159,2,2
01/02/2021,Lenowisco,"Other Race",19,0,0
01/02/2021,Pittsylvania-Danville,"Two or more races",16,0,0
01/02/2021,Henrico,"Not Reported",2422,13,8
01/02/2021,Crater,"Other Race",111,0,1
01/02/2021,Chickahominy,"Other Race",75,3,0
01/02/2021,Roanoke,Black,1121,48,18
01/02/2021,Roanoke,Latino,651,33,5
01/02/2021,Peninsula,"Two or more races",175,6,1
01/02/2021,Peninsula,"Other Race",450,5,1
01/02/2021,"Thomas Jefferson","Two or more races",162,8,1
01/02/2021,Arlington,White,2685,182,83
01/02/2021,Norfolk,"Two or more races",131,10,1
01/02/2021,Alexandria,White,1690,97,46
01/02/2021,Hampton,"Not Reported",965,4,1
01/02/2021,"Mount Rogers",White,8693,592,221
01/02/2021,Alexandria,"Not Reported",751,3,1
01/02/2021,"Western Tidewater","Not Reported",1643,5,3
01/02/2021,"Cumberland Plateau","Not Reported",976,19,2
01/02/2021,"Thomas Jefferson","Other Race",272,9,1
01/02/2021,"Mount Rogers",Black,246,12,4
01/02/2021,"Mount Rogers",Latino,445,12,1
01/02/2021,"West Piedmont",Black,1151,142,30
01/02/2021,"West Piedmont",Latino,503,21,2
01/02/2021,"Virginia Beach",White,7198,371,82
01/02/2021,"West Piedmont","Other Race",47,1,1
01/02/2021,Richmond,"Two or more races",115,5,1
01/02/2021,"Virginia Beach","Not Reported",4372,43,9
01/02/2021,Hampton,"Other Race",145,4,1
01/02/2021,"Virginia Beach",Black,3199,232,44
01/02/2021,"Virginia Beach",Latino,1067,44,6
01/02/2021,Fairfax,Black,3535,321,68
01/02/2021,Fairfax,Latino,16874,1288,118
01/02/2021,"Prince William",Latino,10832,806,92
01/02/2021,"Prince William",Black,3136,235,62
01/02/2021,Piedmont,"Not Reported",1778,15,4
01/02/2021,Chesapeake,Latino,593,39,2
01/02/2021,Chesapeake,Black,3119,328,41
01/02/2021,Pittsylvania-Danville,"Not Reported",1540,24,8
01/02/2021,Alleghany,"Other Race",96,2,0
01/02/2021,"West Piedmont","Not Reported",1537,20,4
01/02/2021,Norfolk,White,2312,118,28
01/02/2021,"Virginia Beach","Two or more races",230,10,3
01/02/2021,Chesapeake,"Other Race",132,7,1
01/02/2021,Norfolk,"Other Race",177,6,2
01/02/2021,Chickahominy,Latino,191,10,1
01/02/2021,Chickahominy,Black,786,78,21
01/02/2021,"Eastern Shore",Black,1053,110,31
01/02/2021,"Eastern Shore",Latino,357,16,3
01/02/2021,"Prince William","Two or more races",384,6,1
01/02/2021,Hampton,White,1026,40,9
01/02/2021,"Prince William","Not Reported",7546,28,2
01/02/2021,"Mount Rogers","Two or more races",61,3,2
01/02/2021,Fairfax,White,11212,764,361
01/02/2021,"Thomas Jefferson",Black,1070,121,21
01/02/2021,"Thomas Jefferson",Latino,1173,46,3
01/02/2021,"Rappahannock Rapidan","Not Reported",1575,26,8
01/02/2021,Southside,"Two or more races",144,0,10
01/02/2021,Lenowisco,"Not Reported",736,18,9
01/02/2021,Crater,"Not Reported",1516,16,6
01/02/2021,Chickahominy,"Not Reported",1258,5,1
01/02/2021,Fairfax,"Other Race",2161,141,24
01/02/2021,Portsmouth,"Two or more races",50,6,1
01/02/2021,Alexandria,Black,1469,131,21
01/02/2021,Alexandria,Latino,2863,172,16
01/02/2021,Roanoke,"Not Reported",1604,4,1
01/02/2021,Pittsylvania-Danville,Black,1535,146,28
01/02/2021,Pittsylvania-Danville,Latino,142,5,0
01/02/2021,"Eastern Shore","Two or more races",1,1,0
01/02/2021,"Lord Fairfax",White,6995,400,155
01/02/2021,Chesterfield,"Other Race",339,21,0
01/02/2021,"Mount Rogers","Other Race",47,2,2
01/02/2021,"Eastern Shore","Other Race",19,1,0
01/02/2021,"Three Rivers",White,2394,121,36
01/02/2021,Pittsylvania-Danville,"Other Race",5,0,0
01/02/2021,"Rappahannock Rapidan",Latino,1298,76,9
01/02/2021,"Rappahannock Rapidan",Black,737,59,16
01/02/2021,"Central Virginia","Not Reported",4488,43,10
01/02/2021,"Lord Fairfax",Latino,1354,73,11
01/02/2021,"Lord Fairfax",Black,389,33,10
01/02/2021,"Central Shenandoah","Other Race",218,6,1
01/02/2021,Fairfax,"Two or more races",486,14,1
01/02/2021,Arlington,"Other Race",341,17,4
01/02/2021,"New River","Two or more races",137,8,8
01/02/2021,"Central Shenandoah",White,10347,433,145
01/02/2021,Southside,White,982,57,36
01/02/2021,"New River","Other Race",38,1,0
01/02/2021,Chesterfield,"Asian or Pacific Islander",277,11,2
01/02/2021,Crater,"Asian or Pacific Islander",58,0,0
01/02/2021,Fairfax,"Asian or Pacific Islander",4705,425,94
01/02/2021,Hampton,"Asian or Pacific Islander",46,0,0
01/02/2021,"Rappahannock Rapidan","Asian or Pacific Islander",46,3,1
01/02/2021,"Mount Rogers","Asian or Pacific Islander",22,2,0
01/02/2021,"New River","Asian or Pacific Islander",182,1,0
01/02/2021,"Central Virginia","Asian or Pacific Islander",85,3,0
01/02/2021,"Lord Fairfax","Asian or Pacific Islander",79,3,1
01/02/2021,Southside,"Asian or Pacific Islander",6,0,0
01/02/2021,Alleghany,"Asian or Pacific Islander",98,3,0
01/02/2021,Portsmouth,"Asian or Pacific Islander",28,1,0
01/02/2021,Roanoke,"Asian or Pacific Islander",98,4,0
01/02/2021,Richmond,"Asian or Pacific Islander",136,6,1
01/02/2021,"Thomas Jefferson","Asian or Pacific Islander",201,4,1
01/02/2021,"Virginia Beach","Asian or Pacific Islander",684,52,8
01/02/2021,Henrico,"Asian or Pacific Islander",597,16,5
01/02/2021,Piedmont,"Asian or Pacific Islander",18,1,1
01/02/2021,"Western Tidewater","Asian or Pacific Islander",39,2,3
01/02/2021,"West Piedmont","Asian or Pacific Islander",30,2,1
01/02/2021,Chickahominy,"Asian or Pacific Islander",36,3,0
01/02/2021,Peninsula,"Asian or Pacific Islander",139,8,6
01/02/2021,Norfolk,"Asian or Pacific Islander",140,12,0
01/02/2021,Arlington,"Asian or Pacific Islander",456,40,17
01/02/2021,Loudoun,"Asian or Pacific Islander",1093,83,13
01/02/2021,Alexandria,"Asian or Pacific Islander",301,13,1
01/02/2021,Rappahannock,"Asian or Pacific Islander",233,14,3
01/02/2021,Chesapeake,"Asian or Pacific Islander",169,14,7
01/02/2021,"Cumberland Plateau and Lenowisco","Asian or Pacific Islander",15,0,0
01/02/2021,"Central Shenandoah","Asian or Pacific Islander",146,4,0
01/02/2021,"Prince William","Asian or Pacific Islander",1378,84,25
01/02/2021,Pittsylvania-Danville,"Asian or Pacific Islander",8,0,0
01/02/2021,"Eastern Shore and Three Rivers","Asian or Pacific Islander",22,1,0
01/02/2021,Piedmont,"Native American",7,0,0
01/02/2021,"New River","Native American",8,0,0
01/02/2021,"Central Shenandoah","Native American",10,1,0
01/02/2021,"Eastern Shore and Three Rivers","Native American",10,0,0
01/02/2021,Fairfax,"Native American",73,2,1
01/02/2021,Chesapeake,"Native American",20,0,0
01/02/2021,"Western Tidewater","Native American",6,0,0
01/02/2021,Portsmouth,"Native American",4,2,0
01/02/2021,Richmond,"Native American",9,0,1
01/02/2021,Chickahominy,"Native American",24,2,0
01/02/2021,"Thomas Jefferson","Native American",7,0,0
01/02/2021,Arlington,"Native American",8,0,0
01/02/2021,"Virginia Beach","Native American",23,0,0
01/02/2021,Peninsula,"Native American",11,2,1
01/02/2021,Hampton,"Native American",6,0,1
01/02/2021,"West Piedmont","Native American",4,0,0
01/02/2021,"Cumberland Plateau, Lenowisco, and Mount Rogers","Native American",23,1,0
01/02/2021,Henrico,"Native American",23,0,0
01/02/2021,Norfolk,"Native American",16,1,1
01/02/2021,"Prince William","Native American",55,1,1
01/02/2021,"Central Virginia","Native American",19,0,0
01/02/2021,Chesterfield,"Native American",12,1,0
01/02/2021,Rappahannock,"Native American",14,0,0
01/02/2021,Loudoun,"Native American",18,0,0
01/02/2021,Alexandria,"Native American",7,0,0
01/02/2021,"Alleghany and Roanoke","Native American",10,0,1
01/02/2021,Crater,"Native American",7,1,1
01/02/2021,"Rappahannock Rapidan","Native American",10,0,0
01/02/2021,"Lord Fairfax","Native American",7,1,1
01/02/2021,"Pittsylvania-Danville and Southside","Native American",7,1,0
01/03/2021,Southside,"Not Reported",958,7,4
01/03/2021,Chesapeake,White,3977,224,49
01/03/2021,"Three Rivers","Other Race",73,3,0
01/03/2021,"Central Virginia","Other Race",106,0,0
01/03/2021,"Central Virginia","Two or more races",64,1,0
01/03/2021,"Cumberland Plateau",White,4460,246,65
01/03/2021,Lenowisco,"Two or more races",40,3,7
01/03/2021,"Western Tidewater",Black,3031,246,79
01/03/2021,"Western Tidewater",Latino,101,1,2
01/03/2021,Fairfax,"Not Reported",6798,63,33
01/03/2021,Chesapeake,"Not Reported",1473,5,0
01/03/2021,"Thomas Jefferson",White,4148,171,68
01/03/2021,"Cumberland Plateau","Two or more races",21,2,0
01/03/2021,Loudoun,Black,635,46,11
01/03/2021,Loudoun,Latino,3635,281,19
01/03/2021,Alleghany,Latino,298,14,2
01/03/2021,Alleghany,Black,460,16,12
01/03/2021,"Three Rivers",Black,1365,94,20
01/03/2021,"Three Rivers",Latino,293,7,1
01/03/2021,"Central Shenandoah","Two or more races",152,2,2
01/03/2021,Hampton,Black,2019,139,36
01/03/2021,Hampton,Latino,186,9,1
01/03/2021,Southside,"Other Race",23,1,1
01/03/2021,Piedmont,"Other Race",28,0,0
01/03/2021,"Prince William","Other Race",1712,36,0
01/03/2021,Richmond,"Other Race",250,9,2
01/03/2021,Hampton,"Two or more races",80,1,0
01/03/2021,Norfolk,Latino,638,37,0
01/03/2021,"Lord Fairfax","Not Reported",1634,8,9
01/03/2021,Norfolk,Black,3732,372,74
01/03/2021,"Central Virginia",Black,1350,80,30
01/03/2021,Rappahannock,Latino,2246,133,13
01/03/2021,"Central Virginia",Latino,194,7,4
01/03/2021,Rappahannock,Black,1917,147,24
01/03/2021,"West Piedmont",White,3663,283,96
01/03/2021,Rappahannock,"Not Reported",3730,36,2
01/03/2021,"Central Shenandoah","Not Reported",3394,22,6
01/03/2021,Chesterfield,Latino,2994,146,15
01/03/2021,Chesterfield,Black,3067,194,49
01/03/2021,"Central Shenandoah",Latino,1770,76,10
01/03/2021,Southside,Latino,25,2,0
01/03/2021,Southside,Black,1014,70,33
01/03/2021,"Central Shenandoah",Black,831,35,16
01/03/2021,Peninsula,White,3572,154,75
01/03/2021,"Rappahannock Rapidan",White,3165,129,36
01/03/2021,"New River",Latino,316,7,0
01/03/2021,"New River",Black,403,12,3
01/03/2021,Roanoke,"Other Race",61,1,0
01/03/2021,"Three Rivers","Two or more races",44,1,0
01/03/2021,"Prince William",White,5125,243,116
01/03/2021,"West Piedmont","Two or more races",35,1,0
01/03/2021,"New River","Not Reported",2644,34,0
01/03/2021,Chesterfield,"Not Reported",2629,8,12
01/03/2021,Crater,"Two or more races",42,2,1
01/03/2021,Lenowisco,White,4007,242,108
01/03/2021,"Western Tidewater",White,2481,129,88
01/03/2021,"Lord Fairfax","Other Race",253,7,1
01/03/2021,Chickahominy,"Two or more races",41,1,0
01/03/2021,Henrico,Black,3774,321,114
01/03/2021,Henrico,Latino,1377,71,14
01/03/2021,Alleghany,White,5063,181,121
01/03/2021,Peninsula,Black,2851,168,38
01/03/2021,Peninsula,Latino,711,32,3
01/03/2021,Loudoun,"Other Race",1059,28,4
01/03/2021,Arlington,"Not Reported",1986,14,2
01/03/2021,"Mount Rogers","Not Reported",1305,38,11
01/03/2021,Portsmouth,White,1053,83,15
01/03/2021,"Western Tidewater","Two or more races",113,1,2
01/03/2021,"Thomas Jefferson","Not Reported",822,7,1
01/03/2021,"Three Rivers","Not Reported",648,3,1
01/03/2021,Richmond,Black,3469,344,49
01/03/2021,Richmond,Latino,1717,127,9
01/03/2021,"Cumberland Plateau",Latino,39,0,0
01/03/2021,Rappahannock,"Other Race",503,6,0
01/03/2021,"Cumberland Plateau",Black,142,2,1
01/03/2021,Loudoun,"Not Reported",3831,14,0
01/03/2021,Loudoun,White,4033,195,114
01/03/2021,Peninsula,"Not Reported",2630,3,1
01/03/2021,Henrico,White,4130,233,149
01/03/2021,Chesterfield,"Two or more races",136,13,0
01/03/2021,Richmond,White,2252,72,32
01/03/2021,Chesapeake,"Two or more races",113,6,2
01/03/2021,Chickahominy,White,3162,177,74
01/03/2021,Lenowisco,Latino,106,0,0
01/03/2021,Lenowisco,Black,160,6,3
01/03/2021,Roanoke,"Two or more races",42,2,0
01/03/2021,Piedmont,Latino,112,10,2
01/03/2021,Piedmont,Black,1279,109,28
01/03/2021,Chesterfield,White,5591,294,129
01/03/2021,"Lord Fairfax","Two or more races",80,4,2
01/03/2021,"Central Virginia",White,5726,202,77
01/03/2021,Rappahannock,White,4504,244,80
01/03/2021,"New River",White,5879,193,92
01/03/2021,Crater,White,2065,99,37
01/03/2021,Alleghany,"Not Reported",2621,9,3
01/03/2021,Arlington,"Two or more races",111,9,2
01/03/2021,Portsmouth,"Other Race",110,14,6
01/03/2021,Piedmont,White,1767,107,37
01/03/2021,Alleghany,"Two or more races",53,1,3
01/03/2021,Crater,Black,3480,273,81
01/03/2021,Crater,Latino,351,11,5
01/03/2021,Piedmont,"Two or more races",81,2,1
01/03/2021,Pittsylvania-Danville,White,1967,130,67
01/03/2021,"Rappahannock Rapidan","Other Race",108,5,0
01/03/2021,Richmond,"Not Reported",1585,3,2
01/03/2021,Henrico,"Two or more races",189,12,3
01/03/2021,Henrico,"Other Race",394,21,1
01/03/2021,Loudoun,"Two or more races",207,7,0
01/03/2021,"Rappahannock Rapidan","Two or more races",74,2,0
01/03/2021,Portsmouth,Latino,135,13,1
01/03/2021,Portsmouth,Black,2473,312,53
01/03/2021,Portsmouth,"Not Reported",840,8,2
01/03/2021,Alexandria,"Two or more races",96,6,1
01/03/2021,"Virginia Beach","Other Race",340,9,0
01/03/2021,Norfolk,"Not Reported",1876,11,3
01/03/2021,Rappahannock,"Two or more races",136,6,1
01/03/2021,Arlington,Black,743,112,41
01/03/2021,Arlington,Latino,2872,294,33
01/03/2021,"Eastern Shore",White,684,55,24
01/03/2021,"Eastern Shore","Not Reported",82,0,0
01/03/2021,Roanoke,White,1746,54,76
01/03/2021,Alexandria,"Other Race",209,14,2
01/03/2021,"Cumberland Plateau","Other Race",13,1,0
01/03/2021,"Western Tidewater","Other Race",171,2,2
01/03/2021,Lenowisco,"Other Race",19,0,0
01/03/2021,Pittsylvania-Danville,"Two or more races",16,0,0
01/03/2021,Henrico,"Not Reported",2470,13,8
01/03/2021,Crater,"Other Race",112,0,1
01/03/2021,Chickahominy,"Other Race",75,3,0
01/03/2021,Roanoke,Black,1129,48,18
01/03/2021,Roanoke,Latino,652,33,5
01/03/2021,Peninsula,"Two or more races",181,6,1
01/03/2021,Peninsula,"Other Race",482,5,1
01/03/2021,"Thomas Jefferson","Two or more races",164,8,1
01/03/2021,Arlington,White,2721,182,83
01/03/2021,Norfolk,"Two or more races",136,10,1
01/03/2021,Alexandria,White,1718,97,46
01/03/2021,Hampton,"Not Reported",990,4,1
01/03/2021,"Mount Rogers",White,8851,599,222
01/03/2021,Alexandria,"Not Reported",791,3,1
01/03/2021,"Western Tidewater","Not Reported",1697,5,3
01/03/2021,"Cumberland Plateau","Not Reported",990,19,2
01/03/2021,"Thomas Jefferson","Other Race",275,9,1
01/03/2021,"Mount Rogers",Black,252,12,4
01/03/2021,"Mount Rogers",Latino,450,12,1
01/03/2021,"West Piedmont",Black,1164,143,30
01/03/2021,"West Piedmont",Latino,504,21,2
01/03/2021,"Virginia Beach",White,7410,374,82
01/03/2021,"West Piedmont","Other Race",58,1,1
01/03/2021,Richmond,"Two or more races",116,5,1
01/03/2021,"Virginia Beach","Not Reported",4449,41,9
01/03/2021,Hampton,"Other Race",154,4,1
01/03/2021,"Virginia Beach",Black,3245,232,44
01/03/2021,"Virginia Beach",Latino,1079,44,6
01/03/2021,Fairfax,Black,3559,321,68
01/03/2021,Fairfax,Latino,16964,1288,118
01/03/2021,"Prince William",Latino,10902,806,92
01/03/2021,"Prince William",Black,3167,236,62
01/03/2021,Piedmont,"Not Reported",1812,15,4
01/03/2021,Chesapeake,Latino,597,39,2
01/03/2021,Chesapeake,Black,3143,325,41
01/03/2021,Pittsylvania-Danville,"Not Reported",1532,24,6
01/03/2021,Alleghany,"Other Race",96,2,0
01/03/2021,"West Piedmont","Not Reported",1548,20,4
01/03/2021,Norfolk,White,2354,119,28
01/03/2021,"Virginia Beach","Two or more races",232,10,3
01/03/2021,Chesapeake,"Other Race",133,7,1
01/03/2021,Norfolk,"Other Race",181,6,2
01/03/2021,Chickahominy,Latino,192,10,1
01/03/2021,Chickahominy,Black,793,78,21
01/03/2021,"Eastern Shore",Black,1058,110,31
01/03/2021,"Eastern Shore",Latino,364,16,3
01/03/2021,"Prince William","Two or more races",390,6,1
01/03/2021,Hampton,White,1062,40,9
01/03/2021,"Prince William","Not Reported",7652,28,2
01/03/2021,"Mount Rogers","Two or more races",61,3,2
01/03/2021,Fairfax,White,11372,767,362
01/03/2021,"Thomas Jefferson",Black,1084,121,21
01/03/2021,"Thomas Jefferson",Latino,1175,47,3
01/03/2021,"Rappahannock Rapidan","Not Reported",1622,26,8
01/03/2021,Southside,"Two or more races",145,0,10
01/03/2021,Lenowisco,"Not Reported",754,20,9
01/03/2021,Crater,"Not Reported",1544,16,6
01/03/2021,Chickahominy,"Not Reported",1280,5,1
01/03/2021,Fairfax,"Other Race",2204,141,24
01/03/2021,Portsmouth,"Two or more races",50,6,1
01/03/2021,Alexandria,Black,1482,132,21
01/03/2021,Alexandria,Latino,2880,173,16
01/03/2021,Roanoke,"Not Reported",1637,4,1
01/03/2021,Pittsylvania-Danville,Black,1548,147,28
01/03/2021,Pittsylvania-Danville,Latino,144,5,0
01/03/2021,"Eastern Shore","Two or more races",1,1,0
01/03/2021,"Lord Fairfax",White,7082,401,155
01/03/2021,Chesterfield,"Other Race",340,21,0
01/03/2021,"Mount Rogers","Other Race",47,2,2
01/03/2021,"Eastern Shore","Other Race",19,1,0
01/03/2021,"Three Rivers",White,2434,122,36
01/03/2021,Pittsylvania-Danville,"Other Race",5,0,0
01/03/2021,"Rappahannock Rapidan",Latino,1304,76,9
01/03/2021,"Rappahannock Rapidan",Black,748,60,16
01/03/2021,"Central Virginia","Not Reported",4538,43,10
01/03/2021,"Lord Fairfax",Latino,1366,73,11
01/03/2021,"Lord Fairfax",Black,395,34,10
01/03/2021,"Central Shenandoah","Other Race",226,6,1
01/03/2021,Fairfax,"Two or more races",496,14,1
01/03/2021,Arlington,"Other Race",346,17,4
01/03/2021,"New River","Two or more races",138,8,8
01/03/2021,"Central Shenandoah",White,10639,439,145
01/03/2021,Southside,White,983,57,36
01/03/2021,"New River","Other Race",38,1,0
01/03/2021,Chesterfield,"Asian or Pacific Islander",278,11,2
01/03/2021,Crater,"Asian or Pacific Islander",59,0,0
01/03/2021,Fairfax,"Asian or Pacific Islander",4775,425,94
01/03/2021,Hampton,"Asian or Pacific Islander",49,0,0
01/03/2021,"Rappahannock Rapidan","Asian or Pacific Islander",46,3,1
01/03/2021,"Mount Rogers","Asian or Pacific Islander",21,2,0
01/03/2021,"New River","Asian or Pacific Islander",182,1,0
01/03/2021,"Central Virginia","Asian or Pacific Islander",86,3,0
01/03/2021,"Lord Fairfax","Asian or Pacific Islander",80,3,1
01/03/2021,Southside,"Asian or Pacific Islander",6,0,0
01/03/2021,Alleghany,"Asian or Pacific Islander",98,3,0
01/03/2021,Portsmouth,"Asian or Pacific Islander",28,1,0
01/03/2021,Roanoke,"Asian or Pacific Islander",98,4,0
01/03/2021,Richmond,"Asian or Pacific Islander",136,6,1
01/03/2021,"Thomas Jefferson","Asian or Pacific Islander",201,4,1
01/03/2021,"Virginia Beach","Asian or Pacific Islander",703,52,8
01/03/2021,Henrico,"Asian or Pacific Islander",604,16,5
01/03/2021,Piedmont,"Asian or Pacific Islander",18,1,1
01/03/2021,"Western Tidewater","Asian or Pacific Islander",39,2,3
01/03/2021,"West Piedmont","Asian or Pacific Islander",30,2,1
01/03/2021,Chickahominy,"Asian or Pacific Islander",37,3,0
01/03/2021,Peninsula,"Asian or Pacific Islander",141,8,6
01/03/2021,Norfolk,"Asian or Pacific Islander",144,12,0
01/03/2021,Arlington,"Asian or Pacific Islander",463,40,18
01/03/2021,Loudoun,"Asian or Pacific Islander",1100,83,13
01/03/2021,Alexandria,"Asian or Pacific Islander",304,13,1
01/03/2021,Rappahannock,"Asian or Pacific Islander",236,14,3
01/03/2021,Chesapeake,"Asian or Pacific Islander",171,14,7
01/03/2021,"Cumberland Plateau and Lenowisco","Asian or Pacific Islander",15,0,0
01/03/2021,"Central Shenandoah","Asian or Pacific Islander",148,4,0
01/03/2021,"Prince William","Asian or Pacific Islander",1389,84,25
01/03/2021,Pittsylvania-Danville,"Asian or Pacific Islander",8,0,0
01/03/2021,"Eastern Shore and Three Rivers","Asian or Pacific Islander",22,1,0
01/03/2021,Piedmont,"Native American",7,0,0
01/03/2021,"New River","Native American",8,0,0
01/03/2021,"Central Shenandoah","Native American",10,1,0
01/03/2021,"Eastern Shore and Three Rivers","Native American",10,0,0
01/03/2021,Fairfax,"Native American",74,2,1
01/03/2021,Chesapeake,"Native American",21,0,0
01/03/2021,"Western Tidewater","Native American",6,0,0
01/03/2021,Portsmouth,"Native American",4,2,0
01/03/2021,Richmond,"Native American",9,0,1
01/03/2021,Chickahominy,"Native American",24,2,0
01/03/2021,"Thomas Jefferson","Native American",7,0,0
01/03/2021,Arlington,"Native American",8,0,0
01/03/2021,"Virginia Beach","Native American",23,0,0
01/03/2021,Peninsula,"Native American",13,2,1
01/03/2021,Hampton,"Native American",6,0,1
01/03/2021,"West Piedmont","Native American",4,0,0
01/03/2021,"Cumberland Plateau, Lenowisco, and Mount Rogers","Native American",23,1,0
01/03/2021,Henrico,"Native American",23,0,0
01/03/2021,Norfolk,"Native American",16,1,1
01/03/2021,"Prince William","Native American",55,1,1
01/03/2021,"Central Virginia","Native American",19,0,0
01/03/2021,Chesterfield,"Native American",12,1,0
01/03/2021,Rappahannock,"Native American",14,0,0
01/03/2021,Loudoun,"Native American",18,0,0
01/03/2021,Alexandria,"Native American",7,0,0
01/03/2021,"Alleghany and Roanoke","Native American",10,0,1
01/03/2021,Crater,"Native American",7,1,1
01/03/2021,"Rappahannock Rapidan","Native American",10,0,0
01/03/2021,"Lord Fairfax","Native American",7,1,1
01/03/2021,"Pittsylvania-Danville and Southside","Native American",7,1,0
01/04/2021,Southside,"Not Reported",958,7,4
01/04/2021,Chesapeake,White,4061,225,49
01/04/2021,"Three Rivers","Other Race",74,3,0
01/04/2021,"Central Virginia","Other Race",107,0,0
01/04/2021,"Central Virginia","Two or more races",64,1,0
01/04/2021,"Cumberland Plateau",White,4496,250,65
01/04/2021,Lenowisco,"Two or more races",41,3,7
01/04/2021,"Western Tidewater",Black,3087,252,79
01/04/2021,"Western Tidewater",Latino,104,1,2
01/04/2021,Fairfax,"Not Reported",6833,65,34
01/04/2021,Chesapeake,"Not Reported",1488,5,0
01/04/2021,"Thomas Jefferson",White,4168,172,68
01/04/2021,"Cumberland Plateau","Two or more races",21,2,0
01/04/2021,Loudoun,Black,637,46,11
01/04/2021,Loudoun,Latino,3642,281,19
01/04/2021,Alleghany,Latino,298,14,2
01/04/2021,Alleghany,Black,462,16,12
01/04/2021,"Three Rivers",Black,1374,95,20
01/04/2021,"Three Rivers",Latino,296,7,1
01/04/2021,"Central Shenandoah","Two or more races",154,2,2
01/04/2021,Hampton,Black,2069,139,36
01/04/2021,Hampton,Latino,190,9,1
01/04/2021,Southside,"Other Race",23,1,1
01/04/2021,Piedmont,"Other Race",30,0,0
01/04/2021,"Prince William","Other Race",1728,36,0
01/04/2021,Richmond,"Other Race",250,9,2
01/04/2021,Hampton,"Two or more races",80,1,0
01/04/2021,Norfolk,Latino,645,37,0
01/04/2021,"Lord Fairfax","Not Reported",1648,8,9
01/04/2021,Norfolk,Black,3755,373,74
01/04/2021,"Central Virginia",Black,1361,81,30
01/04/2021,Rappahannock,Latino,2251,133,13
01/04/2021,"Central Virginia",Latino,194,7,4
01/04/2021,Rappahannock,Black,1942,147,24
01/04/2021,"West Piedmont",White,3694,283,96
01/04/2021,Rappahannock,"Not Reported",3761,36,2
01/04/2021,"Central Shenandoah","Not Reported",3508,22,6
01/04/2021,Chesterfield,Latino,3005,146,15
01/04/2021,Chesterfield,Black,3094,194,49
01/04/2021,"Central Shenandoah",Latino,1777,76,10
01/04/2021,Southside,Latino,25,2,0
01/04/2021,Southside,Black,1023,70,33
01/04/2021,"Central Shenandoah",Black,856,35,16
01/04/2021,Peninsula,White,3669,154,75
01/04/2021,"Rappahannock Rapidan",White,3220,129,36
01/04/2021,"New River",Latino,316,7,0
01/04/2021,"New River",Black,404,12,3
01/04/2021,Roanoke,"Other Race",65,1,0
01/04/2021,"Three Rivers","Two or more races",44,1,0
01/04/2021,"Prince William",White,5178,243,116
01/04/2021,"West Piedmont","Two or more races",35,1,0
01/04/2021,"New River","Not Reported",2680,34,0
01/04/2021,Chesterfield,"Not Reported",2657,8,12
01/04/2021,Crater,"Two or more races",43,2,1
01/04/2021,Lenowisco,White,4042,247,109
01/04/2021,"Western Tidewater",White,2520,130,88
01/04/2021,"Lord Fairfax","Other Race",253,7,1
01/04/2021,Chickahominy,"Two or more races",43,1,0
01/04/2021,Henrico,Black,3810,322,114
01/04/2021,Henrico,Latino,1383,71,14
01/04/2021,Alleghany,White,5103,181,121
01/04/2021,Peninsula,Black,2898,168,38
01/04/2021,Peninsula,Latino,716,32,3
01/04/2021,Loudoun,"Other Race",1063,28,4
01/04/2021,Arlington,"Not Reported",2001,14,2
01/04/2021,"Mount Rogers","Not Reported",1325,39,12
01/04/2021,Portsmouth,White,1079,83,15
01/04/2021,"Western Tidewater","Two or more races",116,1,2
01/04/2021,"Thomas Jefferson","Not Reported",830,6,1
01/04/2021,"Three Rivers","Not Reported",652,3,1
01/04/2021,Richmond,Black,3504,345,49
01/04/2021,Richmond,Latino,1726,127,9
01/04/2021,"Cumberland Plateau",Latino,39,0,0
01/04/2021,Rappahannock,"Other Race",511,6,0
01/04/2021,"Cumberland Plateau",Black,142,2,1
01/04/2021,Loudoun,"Not Reported",3848,14,0
01/04/2021,Loudoun,White,4046,195,114
01/04/2021,Peninsula,"Not Reported",2668,3,1
01/04/2021,Henrico,White,4193,235,149
01/04/2021,Chesterfield,"Two or more races",136,13,0
01/04/2021,Richmond,White,2279,72,32
01/04/2021,Chesapeake,"Two or more races",114,6,2
01/04/2021,Chickahominy,White,3185,178,74
01/04/2021,Lenowisco,Latino,106,0,0
01/04/2021,Lenowisco,Black,160,6,3
01/04/2021,Roanoke,"Two or more races",43,2,0
01/04/2021,Piedmont,Latino,112,10,2
01/04/2021,Piedmont,Black,1282,109,28
01/04/2021,Chesterfield,White,5683,295,129
01/04/2021,"Lord Fairfax","Two or more races",80,4,2
01/04/2021,"Central Virginia",White,5788,204,77
01/04/2021,Rappahannock,White,4578,245,80
01/04/2021,"New River",White,5939,196,92
01/04/2021,Crater,White,2086,99,37
01/04/2021,Alleghany,"Not Reported",2639,9,3
01/04/2021,Arlington,"Two or more races",113,8,1
01/04/2021,Portsmouth,"Other Race",111,14,6
01/04/2021,Piedmont,White,1766,107,37
01/04/2021,Alleghany,"Two or more races",52,1,3
01/04/2021,Crater,Black,3517,274,81
01/04/2021,Crater,Latino,356,11,5
01/04/2021,Piedmont,"Two or more races",81,2,1
01/04/2021,Pittsylvania-Danville,White,1999,130,67
01/04/2021,"Rappahannock Rapidan","Other Race",112,5,0
01/04/2021,Richmond,"Not Reported",1612,3,3
01/04/2021,Henrico,"Two or more races",190,12,3
01/04/2021,Henrico,"Other Race",400,21,1
01/04/2021,Loudoun,"Two or more races",209,7,0
01/04/2021,"Rappahannock Rapidan","Two or more races",77,2,0
01/04/2021,Portsmouth,Latino,136,13,1
01/04/2021,Portsmouth,Black,2503,313,53
01/04/2021,Portsmouth,"Not Reported",876,8,2
01/04/2021,Alexandria,"Two or more races",96,6,1
01/04/2021,"Virginia Beach","Other Race",345,9,0
01/04/2021,Norfolk,"Not Reported",1894,10,3
01/04/2021,Rappahannock,"Two or more races",137,6,1
01/04/2021,Arlington,Black,745,112,41
01/04/2021,Arlington,Latino,2881,294,33
01/04/2021,"Eastern Shore",White,703,59,24
01/04/2021,"Eastern Shore","Not Reported",82,0,0
01/04/2021,Roanoke,White,1750,54,76
01/04/2021,Alexandria,"Other Race",205,14,2
01/04/2021,"Cumberland Plateau","Other Race",13,1,0
01/04/2021,"Western Tidewater","Other Race",195,2,2
01/04/2021,Lenowisco,"Other Race",19,0,0
01/04/2021,Pittsylvania-Danville,"Two or more races",16,0,0
01/04/2021,Henrico,"Not Reported",2515,13,8
01/04/2021,Crater,"Other Race",117,0,1
01/04/2021,Chickahominy,"Other Race",75,3,0
01/04/2021,Roanoke,Black,1129,48,18
01/04/2021,Roanoke,Latino,652,33,5
01/04/2021,Peninsula,"Two or more races",189,6,1
01/04/2021,Peninsula,"Other Race",499,5,1
01/04/2021,"Thomas Jefferson","Two or more races",165,8,1
01/04/2021,Arlington,White,2731,182,83
01/04/2021,Norfolk,"Two or more races",136,10,1
01/04/2021,Alexandria,White,1741,97,46
01/04/2021,Hampton,"Not Reported",1021,4,1
01/04/2021,"Mount Rogers",White,8943,613,226
01/04/2021,Alexandria,"Not Reported",780,3,1
01/04/2021,"Western Tidewater","Not Reported",1758,5,3
01/04/2021,"Cumberland Plateau","Not Reported",994,20,2
01/04/2021,"Thomas Jefferson","Other Race",277,9,1
01/04/2021,"Mount Rogers",Black,253,12,4
01/04/2021,"Mount Rogers",Latino,450,12,1
01/04/2021,"West Piedmont",Black,1177,143,30
01/04/2021,"West Piedmont",Latino,505,21,2
01/04/2021,"Virginia Beach",White,7582,374,82
01/04/2021,"West Piedmont","Other Race",58,1,1
01/04/2021,Richmond,"Two or more races",115,5,1
01/04/2021,"Virginia Beach","Not Reported",4534,41,9
01/04/2021,Hampton,"Other Race",160,4,1
01/04/2021,"Virginia Beach",Black,3285,232,44
01/04/2021,"Virginia Beach",Latino,1088,44,6
01/04/2021,Fairfax,Black,3585,321,68
01/04/2021,Fairfax,Latino,17044,1290,118
01/04/2021,"Prince William",Latino,10967,806,92
01/04/2021,"Prince William",Black,3202,236,62
01/04/2021,Piedmont,"Not Reported",1807,15,4
01/04/2021,Chesapeake,Latino,598,39,2
01/04/2021,Chesapeake,Black,3170,325,41
01/04/2021,Pittsylvania-Danville,"Not Reported",1530,24,6
01/04/2021,Alleghany,"Other Race",92,2,0
01/04/2021,"West Piedmont","Not Reported",1553,20,4
01/04/2021,Norfolk,White,2389,120,28
01/04/2021,"Virginia Beach","Two or more races",238,10,3
01/04/2021,Chesapeake,"Other Race",134,7,1
01/04/2021,Norfolk,"Other Race",186,6,2
01/04/2021,Chickahominy,Latino,195,10,1
01/04/2021,Chickahominy,Black,798,78,21
01/04/2021,"Eastern Shore",Black,1064,111,31
01/04/2021,"Eastern Shore",Latino,373,17,3
01/04/2021,"Prince William","Two or more races",394,6,1
01/04/2021,Hampton,White,1089,40,9
01/04/2021,"Prince William","Not Reported",7687,28,2
01/04/2021,"Mount Rogers","Two or more races",63,3,2
01/04/2021,Fairfax,White,11486,769,362
01/04/2021,"Thomas Jefferson",Black,1089,123,21
01/04/2021,"Thomas Jefferson",Latino,1175,47,3
01/04/2021,"Rappahannock Rapidan","Not Reported",1630,26,8
01/04/2021,Southside,"Two or more races",145,0,10
01/04/2021,Lenowisco,"Not Reported",766,21,9
01/04/2021,Crater,"Not Reported",1565,16,6
01/04/2021,Chickahominy,"Not Reported",1286,5,1
01/04/2021,Fairfax,"Other Race",2232,141,24
01/04/2021,Portsmouth,"Two or more races",50,6,1
01/04/2021,Alexandria,Black,1503,135,21
01/04/2021,Alexandria,Latino,2900,174,16
01/04/2021,Roanoke,"Not Reported",1639,4,1
01/04/2021,Pittsylvania-Danville,Black,1558,147,28
01/04/2021,Pittsylvania-Danville,Latino,144,5,0
01/04/2021,"Eastern Shore","Two or more races",1,1,0
01/04/2021,"Lord Fairfax",White,7171,403,155
01/04/2021,Chesterfield,"Other Race",342,21,0
01/04/2021,"Mount Rogers","Other Race",48,2,2
01/04/2021,"Eastern Shore","Other Race",18,1,0
01/04/2021,"Three Rivers",White,2473,124,36
01/04/2021,Pittsylvania-Danville,"Other Race",5,0,0
01/04/2021,"Rappahannock Rapidan",Latino,1318,76,9
01/04/2021,"Rappahannock Rapidan",Black,759,61,16
01/04/2021,"Central Virginia","Not Reported",4565,41,10
01/04/2021,"Lord Fairfax",Latino,1370,73,11
01/04/2021,"Lord Fairfax",Black,404,34,10
01/04/2021,"Central Shenandoah","Other Race",225,6,1
01/04/2021,Fairfax,"Two or more races",504,15,2
01/04/2021,Arlington,"Other Race",349,17,4
01/04/2021,"New River","Two or more races",138,8,8
01/04/2021,"Central Shenandoah",White,10766,440,145
01/04/2021,Southside,White,989,57,36
01/04/2021,"New River","Other Race",38,1,0
01/04/2021,Chesterfield,"Asian or Pacific Islander",284,11,2
01/04/2021,Crater,"Asian or Pacific Islander",59,0,0
01/04/2021,Fairfax,"Asian or Pacific Islander",4838,429,94
01/04/2021,Hampton,"Asian or Pacific Islander",50,0,0
01/04/2021,"Rappahannock Rapidan","Asian or Pacific Islander",47,3,1
01/04/2021,"Mount Rogers","Asian or Pacific Islander",22,2,0
01/04/2021,"New River","Asian or Pacific Islander",182,1,0
01/04/2021,"Central Virginia","Asian or Pacific Islander",87,3,0
01/04/2021,"Lord Fairfax","Asian or Pacific Islander",81,3,1
01/04/2021,Southside,"Asian or Pacific Islander",6,0,0
01/04/2021,Alleghany,"Asian or Pacific Islander",98,3,0
01/04/2021,Portsmouth,"Asian or Pacific Islander",28,1,0
01/04/2021,Roanoke,"Asian or Pacific Islander",98,4,0
01/04/2021,Richmond,"Asian or Pacific Islander",140,6,1
01/04/2021,"Thomas Jefferson","Asian or Pacific Islander",201,4,1
01/04/2021,"Virginia Beach","Asian or Pacific Islander",714,52,8
01/04/2021,Henrico,"Asian or Pacific Islander",612,16,5
01/04/2021,Piedmont,"Asian or Pacific Islander",18,1,1
01/04/2021,"Western Tidewater","Asian or Pacific Islander",39,2,3
01/04/2021,"West Piedmont","Asian or Pacific Islander",30,2,1
01/04/2021,Chickahominy,"Asian or Pacific Islander",37,3,0
01/04/2021,Peninsula,"Asian or Pacific Islander",144,8,6
01/04/2021,Norfolk,"Asian or Pacific Islander",148,12,0
01/04/2021,Arlington,"Asian or Pacific Islander",462,40,18
01/04/2021,Loudoun,"Asian or Pacific Islander",1106,83,13
01/04/2021,Alexandria,"Asian or Pacific Islander",306,13,1
01/04/2021,Rappahannock,"Asian or Pacific Islander",236,14,3
01/04/2021,Chesapeake,"Asian or Pacific Islander",173,14,7
01/04/2021,"Cumberland Plateau and Lenowisco","Asian or Pacific Islander",15,0,0
01/04/2021,"Central Shenandoah","Asian or Pacific Islander",150,4,0
01/04/2021,"Prince William","Asian or Pacific Islander",1398,84,25
01/04/2021,Pittsylvania-Danville,"Asian or Pacific Islander",8,0,0
01/04/2021,"Eastern Shore and Three Rivers","Asian or Pacific Islander",22,1,0
01/04/2021,Piedmont,"Native American",7,0,0
01/04/2021,"New River","Native American",8,0,0
01/04/2021,"Central Shenandoah","Native American",10,1,0
01/04/2021,"Eastern Shore and Three Rivers","Native American",10,0,0
01/04/2021,Fairfax,"Native American",73,2,1
01/04/2021,Chesapeake,"Native American",21,0,0
01/04/2021,"Western Tidewater","Native American",6,0,0
01/04/2021,Portsmouth,"Native American",4,2,0
01/04/2021,Richmond,"Native American",9,0,1
01/04/2021,Chickahominy,"Native American",24,2,0
01/04/2021,"Thomas Jefferson","Native American",7,0,0
01/04/2021,Arlington,"Native American",8,0,0
01/04/2021,"Virginia Beach","Native American",24,0,0
01/04/2021,Peninsula,"Native American",14,2,1
01/04/2021,Hampton,"Native American",6,0,1
01/04/2021,"West Piedmont","Native American",4,0,0
01/04/2021,"Cumberland Plateau, Lenowisco, and Mount Rogers","Native American",23,1,0
01/04/2021,Henrico,"Native American",23,0,0
01/04/2021,Norfolk,"Native American",16,1,1
01/04/2021,"Prince William","Native American",54,1,1
01/04/2021,"Central Virginia","Native American",19,0,0
01/04/2021,Chesterfield,"Native American",12,1,0
01/04/2021,Rappahannock,"Native American",14,0,0
01/04/2021,Loudoun,"Native American",18,0,0
01/04/2021,Alexandria,"Native American",7,0,0
01/04/2021,"Alleghany and Roanoke","Native American",10,0,1
01/04/2021,Crater,"Native American",7,1,1
01/04/2021,"Rappahannock Rapidan","Native American",10,0,0
01/04/2021,"Lord Fairfax","Native American",7,1,1
01/04/2021,"Pittsylvania-Danville and Southside","Native American",7,1,0
01/05/2021,Southside,"Not Reported",988,7,4
01/05/2021,Chesapeake,White,4113,226,51
01/05/2021,"Three Rivers","Other Race",74,3,0
01/05/2021,"Central Virginia","Other Race",107,0,0
01/05/2021,"Central Virginia","Two or more races",66,1,0
01/05/2021,"Cumberland Plateau",White,4580,252,67
01/05/2021,Lenowisco,"Two or more races",41,3,7
01/05/2021,"Western Tidewater",Black,3105,254,79
01/05/2021,"Western Tidewater",Latino,104,1,2
01/05/2021,Fairfax,"Not Reported",6838,67,34
01/05/2021,Chesapeake,"Not Reported",1490,5,0
01/05/2021,"Cumberland Plateau","Two or more races",21,2,0
01/05/2021,Loudoun,Black,644,46,11
01/05/2021,Loudoun,Latino,3672,281,19
01/05/2021,Alleghany,Latino,299,13,2
01/05/2021,Alleghany,Black,463,16,12
01/05/2021,"Three Rivers",Black,1389,95,21
01/05/2021,"Three Rivers",Latino,299,7,1
01/05/2021,"Central Shenandoah","Two or more races",157,2,3
01/05/2021,Hampton,Black,2109,139,36
01/05/2021,Hampton,Latino,194,9,1
01/05/2021,Southside,"Other Race",23,1,1
01/05/2021,Piedmont,"Other Race",30,0,0
01/05/2021,"Prince William","Other Race",1751,36,0
01/05/2021,Richmond,"Other Race",252,9,2
01/05/2021,Hampton,"Two or more races",81,1,0
01/05/2021,Norfolk,Latino,656,37,0
01/05/2021,"Lord Fairfax","Not Reported",1679,8,9
01/05/2021,Norfolk,Black,3835,378,75
01/05/2021,"Central Virginia",Black,1387,82,30
01/05/2021,Rappahannock,Latino,2260,133,13
01/05/2021,"Central Virginia",Latino,196,7,4
01/05/2021,Rappahannock,Black,1960,149,25
01/05/2021,"West Piedmont",White,3757,287,96
01/05/2021,Rappahannock,"Not Reported",3851,36,1
01/05/2021,"Central Shenandoah","Not Reported",3529,22,6
01/05/2021,"Blue Ridge","Not Reported",838,7,1
01/05/2021,Chesterfield,Latino,3023,146,15
01/05/2021,Chesterfield,Black,3139,196,49
01/05/2021,"Central Shenandoah",Latino,1779,76,10
01/05/2021,Southside,Latino,26,2,0
01/05/2021,Southside,Black,1058,71,33
01/05/2021,"Central Shenandoah",Black,859,35,16
01/05/2021,Peninsula,White,3745,154,77
01/05/2021,"Rappahannock Rapidan",White,3271,130,37
01/05/2021,"New River",Latino,317,7,0
01/05/2021,"New River",Black,406,12,4
01/05/2021,Roanoke,"Other Race",69,1,0
01/05/2021,"Three Rivers","Two or more races",44,1,0
01/05/2021,"Prince William",White,5273,245,116
01/05/2021,"West Piedmont","Two or more races",36,1,0
01/05/2021,"New River","Not Reported",2699,34,0
01/05/2021,Chesterfield,"Not Reported",2663,8,12
01/05/2021,Crater,"Two or more races",44,2,1
01/05/2021,Lenowisco,White,4087,250,110
01/05/2021,"Western Tidewater",White,2555,131,89
01/05/2021,"Lord Fairfax","Other Race",259,7,1
01/05/2021,Chickahominy,"Two or more races",43,1,0
01/05/2021,Henrico,Black,3854,322,114
01/05/2021,Henrico,Latino,1396,71,14
01/05/2021,Alleghany,White,5151,183,121
01/05/2021,Peninsula,Black,2928,168,40
01/05/2021,Peninsula,Latino,719,32,3
01/05/2021,Loudoun,"Other Race",1092,28,4
01/05/2021,Arlington,"Not Reported",2018,14,2
01/05/2021,"Mount Rogers","Not Reported",1339,39,13
01/05/2021,Portsmouth,White,1090,84,19
01/05/2021,"Western Tidewater","Two or more races",118,1,2
01/05/2021,"Three Rivers","Not Reported",661,3,1
01/05/2021,Richmond,Black,3558,347,49
01/05/2021,Richmond,Latino,1732,127,9
01/05/2021,"Cumberland Plateau",Latino,40,0,0
01/05/2021,Rappahannock,"Other Race",522,6,0
01/05/2021,"Cumberland Plateau",Black,144,2,1
01/05/2021,Loudoun,"Not Reported",3923,14,0
01/05/2021,Loudoun,White,4088,195,114
01/05/2021,Peninsula,"Not Reported",2705,3,1
01/05/2021,Henrico,White,4279,237,152
01/05/2021,Chesterfield,"Two or more races",138,13,0
01/05/2021,Richmond,White,2312,74,32
01/05/2021,Chesapeake,"Two or more races",118,6,2
01/05/2021,Chickahominy,White,3300,178,75
01/05/2021,Lenowisco,Latino,106,0,0
01/05/2021,Lenowisco,Black,162,6,3
01/05/2021,"Blue Ridge",White,4207,173,68
01/05/2021,Roanoke,"Two or more races",44,2,0
01/05/2021,Piedmont,Latino,114,10,2
01/05/2021,Piedmont,Black,1294,110,28
01/05/2021,Chesterfield,White,5778,298,130
01/05/2021,"Lord Fairfax","Two or more races",80,4,2
01/05/2021,"Central Virginia",White,5905,206,77
01/05/2021,Rappahannock,White,4635,249,82
01/05/2021,"New River",White,5961,197,93
01/05/2021,"Blue Ridge","Two or more races",164,8,1
01/05/2021,Crater,White,2082,101,37
01/05/2021,Alleghany,"Not Reported",2672,9,3
01/05/2021,Arlington,"Two or more races",113,8,1
01/05/2021,Portsmouth,"Other Race",111,14,6
01/05/2021,Piedmont,White,1779,108,38
01/05/2021,Alleghany,"Two or more races",51,1,3
01/05/2021,Crater,Black,3526,274,83
01/05/2021,Crater,Latino,356,11,5
01/05/2021,Piedmont,"Two or more races",81,2,1
01/05/2021,Pittsylvania-Danville,White,2028,130,69
01/05/2021,"Rappahannock Rapidan","Other Race",113,5,0
01/05/2021,Richmond,"Not Reported",1625,3,3
01/05/2021,Henrico,"Two or more races",194,12,3
01/05/2021,Henrico,"Other Race",401,21,1
01/05/2021,Loudoun,"Two or more races",222,7,0
01/05/2021,"Rappahannock Rapidan","Two or more races",79,3,0
01/05/2021,Portsmouth,Latino,137,13,1
01/05/2021,Portsmouth,Black,2519,316,57
01/05/2021,Portsmouth,"Not Reported",878,8,2
01/05/2021,Alexandria,"Two or more races",95,6,1
01/05/2021,"Virginia Beach","Other Race",349,9,0
01/05/2021,Norfolk,"Not Reported",1927,10,3
01/05/2021,Rappahannock,"Two or more races",139,6,1
01/05/2021,Arlington,Black,751,112,41
01/05/2021,Arlington,Latino,2890,294,34
01/05/2021,"Eastern Shore",White,712,59,24
01/05/2021,"Eastern Shore","Not Reported",91,0,0
01/05/2021,Roanoke,White,1782,56,76
01/05/2021,Alexandria,"Other Race",201,14,2
01/05/2021,"Cumberland Plateau","Other Race",13,1,0
01/05/2021,"Western Tidewater","Other Race",198,2,2
01/05/2021,Lenowisco,"Other Race",19,0,0
01/05/2021,Pittsylvania-Danville,"Two or more races",16,0,0
01/05/2021,Henrico,"Not Reported",2567,13,8
01/05/2021,Crater,"Other Race",116,0,1
01/05/2021,Chickahominy,"Other Race",80,4,1
01/05/2021,Roanoke,Black,1136,48,18
01/05/2021,Roanoke,Latino,651,33,4
01/05/2021,Peninsula,"Two or more races",192,6,1
01/05/2021,Peninsula,"Other Race",511,5,1
01/05/2021,Arlington,White,2743,183,84
01/05/2021,Norfolk,"Two or more races",140,11,1
01/05/2021,Alexandria,White,1764,99,46
01/05/2021,Hampton,"Not Reported",1041,4,1
01/05/2021,"Mount Rogers",White,9041,625,228
01/05/2021,Alexandria,"Not Reported",788,3,1
01/05/2021,"Western Tidewater","Not Reported",1764,5,3
01/05/2021,"Cumberland Plateau","Not Reported",1004,20,2
01/05/2021,"Mount Rogers",Black,253,12,4
01/05/2021,"Mount Rogers",Latino,453,13,1
01/05/2021,"West Piedmont",Black,1191,143,31
01/05/2021,"West Piedmont",Latino,509,21,2
01/05/2021,"Virginia Beach",White,7736,376,84
01/05/2021,"West Piedmont","Other Race",58,1,1
01/05/2021,Richmond,"Two or more races",115,5,1
01/05/2021,"Blue Ridge",Latino,1175,48,3
01/05/2021,"Blue Ridge",Black,1097,124,22
01/05/2021,"Virginia Beach","Not Reported",4582,41,9
01/05/2021,Hampton,"Other Race",168,4,1
01/05/2021,"Virginia Beach",Black,3324,232,46
01/05/2021,"Virginia Beach",Latino,1093,44,6
01/05/2021,Fairfax,Black,3609,323,68
01/05/2021,Fairfax,Latino,17112,1294,118
01/05/2021,"Prince William",Latino,11044,808,92
01/05/2021,"Prince William",Black,3247,237,62
01/05/2021,Piedmont,"Not Reported",1847,15,4
01/05/2021,Chesapeake,Latino,604,39,2
01/05/2021,Chesapeake,Black,3195,326,41
01/05/2021,Pittsylvania-Danville,"Not Reported",1546,24,6
01/05/2021,Alleghany,"Other Race",92,2,0
01/05/2021,"West Piedmont","Not Reported",1584,20,4
01/05/2021,Norfolk,White,2482,121,29
01/05/2021,"Virginia Beach","Two or more races",241,10,3
01/05/2021,Chesapeake,"Other Race",137,7,1
01/05/2021,Norfolk,"Other Race",187,6,2
01/05/2021,Chickahominy,Latino,199,10,1
01/05/2021,Chickahominy,Black,809,79,21
01/05/2021,"Eastern Shore",Black,1068,112,31
01/05/2021,"Eastern Shore",Latino,380,18,3
01/05/2021,"Prince William","Two or more races",403,6,1
01/05/2021,Hampton,White,1117,41,10
01/05/2021,"Prince William","Not Reported",7750,28,2
01/05/2021,"Mount Rogers","Two or more races",63,3,2
01/05/2021,Fairfax,White,11595,778,364
01/05/2021,"Rappahannock Rapidan","Not Reported",1655,28,8
01/05/2021,Southside,"Two or more races",146,0,10
01/05/2021,Lenowisco,"Not Reported",784,21,9
01/05/2021,Crater,"Not Reported",1538,16,6
01/05/2021,Chickahominy,"Not Reported",1377,5,1
01/05/2021,Fairfax,"Other Race",2237,143,24
01/05/2021,Portsmouth,"Two or more races",53,6,1
01/05/2021,Alexandria,Black,1513,135,21
01/05/2021,Alexandria,Latino,2908,174,16
01/05/2021,Roanoke,"Not Reported",1675,5,1
01/05/2021,Pittsylvania-Danville,Black,1574,147,29
01/05/2021,Pittsylvania-Danville,Latino,145,5,0
01/05/2021,"Eastern Shore","Two or more races",1,1,0
01/05/2021,"Lord Fairfax",White,7322,408,159
01/05/2021,Chesterfield,"Other Race",345,21,0
01/05/2021,"Mount Rogers","Other Race",48,2,2
01/05/2021,"Eastern Shore","Other Race",17,1,0
01/05/2021,"Three Rivers",White,2529,129,36
01/05/2021,Pittsylvania-Danville,"Other Race",5,0,0
01/05/2021,"Rappahannock Rapidan",Latino,1324,76,9
01/05/2021,"Rappahannock Rapidan",Black,763,64,16
01/05/2021,"Central Virginia","Not Reported",4584,42,10
01/05/2021,"Lord Fairfax",Latino,1388,73,11
01/05/2021,"Lord Fairfax",Black,410,34,11
01/05/2021,"Central Shenandoah","Other Race",226,6,1
01/05/2021,"Blue Ridge","Other Race",278,9,1
01/05/2021,Fairfax,"Two or more races",511,16,2
01/05/2021,Arlington,"Other Race",350,18,4
01/05/2021,"New River","Two or more races",138,8,8
01/05/2021,"Central Shenandoah",White,10870,447,147
01/05/2021,Southside,White,1044,57,36
01/05/2021,"New River","Other Race",38,1,0
01/05/2021,Fairfax,"Native American",74,2,1
01/05/2021,Norfolk,"Native American",16,1,1
01/05/2021,Portsmouth,"Native American",4,2,0
01/05/2021,"New River","Native American",8,0,0
01/05/2021,Alexandria,"Native American",8,0,0
01/05/2021,Chickahominy,"Native American",24,2,0
01/05/2021,Crater,"Native American",7,1,1
01/05/2021,Henrico,"Native American",23,0,0
01/05/2021,"Prince William","Native American",54,1,1
01/05/2021,Chesapeake,"Native American",21,0,0
01/05/2021,"Virginia Beach","Native American",24,0,0
01/05/2021,Chesterfield,"Native American",13,1,0
01/05/2021,"Western Tidewater","Native American",6,0,0
01/05/2021,"Pittsylvania-Danville and Southside","Native American",7,1,0
01/05/2021,"Central Shenandoah","Native American",11,1,0
01/05/2021,"Blue Ridge","Native American",7,0,0
01/05/2021,Rappahannock,"Native American",14,0,0
01/05/2021,Hampton,"Native American",6,0,1
01/05/2021,"Lord Fairfax","Native American",7,1,1
01/05/2021,Loudoun,"Native American",19,0,0
01/05/2021,"West Piedmont","Native American",4,0,0
01/05/2021,Richmond,"Native American",10,0,1
01/05/2021,"Rappahannock Rapidan","Native American",10,0,0
01/05/2021,"Eastern Shore and Three Rivers","Native American",10,0,0
01/05/2021,Peninsula,"Native American",15,2,1
01/05/2021,Arlington,"Native American",9,0,0
01/05/2021,Piedmont,"Native American",7,0,0
01/05/2021,"Central Virginia","Native American",23,0,0
01/05/2021,"Cumberland Plateau, Lenowisco, and Mount Rogers","Native American",23,1,0
01/05/2021,"Alleghany and Roanoke","Native American",10,0,1
01/05/2021,"Mount Rogers","Asian or Pacific Islander",23,2,0
01/05/2021,Southside,"Asian or Pacific Islander",6,0,0
01/05/2021,"Prince William","Asian or Pacific Islander",1413,85,25
01/05/2021,Henrico,"Asian or Pacific Islander",626,16,5
01/05/2021,Alleghany,"Asian or Pacific Islander",97,3,0
01/05/2021,Roanoke,"Asian or Pacific Islander",100,4,0
01/05/2021,Rappahannock,"Asian or Pacific Islander",239,14,3
01/05/2021,"Lord Fairfax","Asian or Pacific Islander",82,3,1
01/05/2021,"Western Tidewater","Asian or Pacific Islander",39,2,3
01/05/2021,Richmond,"Asian or Pacific Islander",139,6,1
01/05/2021,Arlington,"Asian or Pacific Islander",464,40,18
01/05/2021,"West Piedmont","Asian or Pacific Islander",30,2,1
01/05/2021,Chesapeake,"Asian or Pacific Islander",176,14,7
01/05/2021,Chickahominy,"Asian or Pacific Islander",42,3,0
01/05/2021,Piedmont,"Asian or Pacific Islander",19,1,1
01/05/2021,Chesterfield,"Asian or Pacific Islander",294,11,2
01/05/2021,Norfolk,"Asian or Pacific Islander",152,12,0
01/05/2021,"Central Shenandoah","Asian or Pacific Islander",151,4,0
01/05/2021,Crater,"Asian or Pacific Islander",59,0,0
01/05/2021,Pittsylvania-Danville,"Asian or Pacific Islander",8,0,0
01/05/2021,"Blue Ridge","Asian or Pacific Islander",201,4,1
01/05/2021,"Virginia Beach","Asian or Pacific Islander",725,52,8
01/05/2021,Loudoun,"Asian or Pacific Islander",1126,83,13
01/05/2021,"Central Virginia","Asian or Pacific Islander",88,3,0
01/05/2021,Hampton,"Asian or Pacific Islander",57,0,0
01/05/2021,Alexandria,"Asian or Pacific Islander",309,13,1
01/05/2021,"Eastern Shore and Three Rivers","Asian or Pacific Islander",23,1,0
01/05/2021,"New River","Asian or Pacific Islander",182,1,0
01/05/2021,Portsmouth,"Asian or Pacific Islander",28,1,0
01/05/2021,"Rappahannock Rapidan","Asian or Pacific Islander",48,3,1
01/05/2021,Fairfax,"Asian or Pacific Islander",4876,434,94
01/05/2021,Peninsula,"Asian or Pacific Islander",145,8,6
01/05/2021,"Cumberland Plateau and Lenowisco","Asian or Pacific Islander",15,0,0
01/06/2021,"Rappahannock Rapidan","Not Reported",1709,29,8
01/06/2021,Portsmouth,"Other Race",111,14,6
01/06/2021,"Western Tidewater","Two or more races",118,1,2
01/06/2021,Piedmont,White,1835,110,38
01/06/2021,Chesterfield,Latino,3034,146,15
01/06/2021,Lenowisco,White,4148,255,110
01/06/2021,Lenowisco,"Two or more races",41,3,7
01/06/2021,Hampton,"Not Reported",1073,4,1
01/06/2021,Southside,"Not Reported",1005,7,4
01/06/2021,Roanoke,Black,1152,49,18
01/06/2021,Hampton,Black,2145,141,36
01/06/2021,Alleghany,"Other Race",95,2,0
01/06/2021,Lenowisco,Latino,106,0,0
01/06/2021,Loudoun,"Other Race",1104,28,4
01/06/2021,"Central Shenandoah",Latino,1795,76,10
01/06/2021,"Rappahannock Rapidan",Latino,1336,76,9
01/06/2021,"Eastern Shore",Black,1073,112,31
01/06/2021,Norfolk,Latino,663,37,0
01/06/2021,Hampton,"Two or more races",82,1,0
01/06/2021,Richmond,Black,3606,349,50
01/06/2021,Henrico,"Two or more races",195,12,3
01/06/2021,Fairfax,"Two or more races",514,16,2
01/06/2021,"Blue Ridge",White,4291,174,68
01/06/2021,Alleghany,"Not Reported",2723,9,3
01/06/2021,"Blue Ridge","Two or more races",165,8,1
01/06/2021,Portsmouth,"Not Reported",900,8,2
01/06/2021,"Cumberland Plateau","Other Race",12,1,0
01/06/2021,Southside,"Two or more races",145,0,11
01/06/2021,Portsmouth,White,1109,85,19
01/06/2021,"Rappahannock Rapidan","Two or more races",79,3,0
01/06/2021,Fairfax,White,11795,784,364
01/06/2021,Fairfax,"Other Race",2242,143,24
01/06/2021,Crater,"Two or more races",43,2,1
01/06/2021,"West Piedmont","Not Reported",1610,21,5
01/06/2021,Henrico,"Other Race",408,21,1
01/06/2021,"Three Rivers",White,2581,131,37
01/06/2021,"Central Virginia",Black,1417,84,30
01/06/2021,Lenowisco,"Other Race",19,0,0
01/06/2021,"Three Rivers","Other Race",76,3,0
01/06/2021,"Western Tidewater",White,2595,131,89
01/06/2021,"Mount Rogers",Black,256,13,4
01/06/2021,"Three Rivers","Not Reported",668,3,1
01/06/2021,"Eastern Shore",White,720,61,26
01/06/2021,"Central Virginia",White,6020,210,81
01/06/2021,Lenowisco,Black,162,6,3
01/06/2021,"Central Virginia","Two or more races",68,1,0
01/06/2021,Richmond,"Two or more races",118,5,1
01/06/2021,Crater,"Not Reported",1590,16,6
01/06/2021,Chesterfield,"Two or more races",144,13,0
01/06/2021,"New River",Latino,317,7,0
01/06/2021,Richmond,Latino,1737,127,9
01/06/2021,Portsmouth,Latino,138,13,1
01/06/2021,Pittsylvania-Danville,"Not Reported",1643,24,6
01/06/2021,Chesapeake,"Not Reported",1514,5,0
01/06/2021,Chickahominy,Latino,200,10,1
01/06/2021,Crater,Black,3572,274,83
01/06/2021,Chesterfield,Black,3161,198,50
01/06/2021,Chesterfield,"Other Race",353,21,0
01/06/2021,Peninsula,Black,2962,168,40
01/06/2021,Roanoke,White,1817,57,77
01/06/2021,"New River",Black,413,12,5
01/06/2021,Southside,Latino,27,2,0
01/06/2021,Peninsula,Latino,727,32,3
01/06/2021,Rappahannock,"Two or more races",145,6,1
01/06/2021,"Virginia Beach",Black,3363,232,48
01/06/2021,"Mount Rogers","Not Reported",1356,39,13
01/06/2021,Loudoun,"Not Reported",3964,14,0
01/06/2021,Chesapeake,"Other Race",139,7,1
01/06/2021,Chickahominy,"Two or more races",44,1,0
01/06/2021,Crater,"Other Race",119,0,1
01/06/2021,Norfolk,"Two or more races",142,11,1
01/06/2021,"Eastern Shore","Two or more races",1,1,0
01/06/2021,"Central Shenandoah",White,11057,451,151
01/06/2021,"New River","Other Race",38,1,0
01/06/2021,"New River",White,6044,202,93
01/06/2021,"Central Shenandoah","Other Race",229,6,1
01/06/2021,"West Piedmont",Black,1206,144,31
01/06/2021,Alleghany,Latino,302,13,2
01/06/2021,"Central Shenandoah","Not Reported",3642,22,6
01/06/2021,Roanoke,"Two or more races",44,2,0
01/06/2021,Peninsula,"Two or more races",193,6,1
01/06/2021,Richmond,"Not Reported",1662,3,3
01/06/2021,Arlington,"Other Race",359,18,4
01/06/2021,Norfolk,"Not Reported",1956,9,3
01/06/2021,Alexandria,"Other Race",204,14,2
01/06/2021,"Virginia Beach",White,7892,380,85
01/06/2021,Chesapeake,"Two or more races",121,6,2
01/06/2021,Alleghany,White,5239,186,122
01/06/2021,"Rappahannock Rapidan","Other Race",114,5,0
01/06/2021,Chickahominy,"Not Reported",1407,5,1
01/06/2021,Portsmouth,Black,2552,316,57
01/06/2021,Chickahominy,"Other Race",78,3,0
01/06/2021,"Virginia Beach",Latino,1100,44,6
01/06/2021,Chesapeake,White,4151,226,51
01/06/2021,"Blue Ridge",Latino,1191,48,3
01/06/2021,Southside,Black,1079,73,34
01/06/2021,Rappahannock,Latino,2285,135,13
01/06/2021,"Three Rivers","Two or more races",47,1,0
01/06/2021,Henrico,Black,3894,322,114
01/06/2021,Pittsylvania-Danville,Black,1588,147,29
01/06/2021,"Lord Fairfax","Two or more races",81,4,2
01/06/2021,"Prince William",Latino,11108,809,93
01/06/2021,"Mount Rogers","Other Race",48,2,2
01/06/2021,"Central Shenandoah",Black,890,35,16
01/06/2021,Peninsula,White,3787,154,77
01/06/2021,"Eastern Shore","Not Reported",90,0,0
01/06/2021,Hampton,"Other Race",171,4,1
01/06/2021,"Lord Fairfax","Not Reported",1726,8,9
01/06/2021,"Central Virginia","Other Race",108,0,0
01/06/2021,"Western Tidewater","Other Race",203,2,2
01/06/2021,Crater,Latino,362,11,5
01/06/2021,Chesapeake,Latino,608,39,2
01/06/2021,Chesterfield,White,5857,300,130
01/06/2021,"Western Tidewater","Not Reported",1778,5,3
01/06/2021,Fairfax,"Not Reported",6837,68,34
01/06/2021,Arlington,Black,754,112,41
01/06/2021,"Central Virginia",Latino,200,7,4
01/06/2021,Alexandria,"Not Reported",806,3,1
01/06/2021,"Three Rivers",Black,1399,95,21
01/06/2021,"Prince William","Two or more races",413,6,1
01/06/2021,Loudoun,"Two or more races",232,7,0
01/06/2021,Peninsula,"Other Race",518,5,1
01/06/2021,Norfolk,"Other Race",188,6,2
01/06/2021,"Prince William","Not Reported",7847,29,2
01/06/2021,"West Piedmont",White,3814,289,96
01/06/2021,Rappahannock,Black,1993,150,25
01/06/2021,Norfolk,Black,3883,379,75
01/06/2021,Roanoke,Latino,653,33,4
01/06/2021,Piedmont,Latino,118,10,2
01/06/2021,Roanoke,"Not Reported",1696,5,1
01/06/2021,"Virginia Beach","Other Race",356,9,0
01/06/2021,Arlington,"Two or more races",113,8,1
01/06/2021,Alexandria,White,1791,99,46
01/06/2021,"Lord Fairfax","Other Race",264,7,1
01/06/2021,"Virginia Beach","Not Reported",4676,40,9
01/06/2021,Loudoun,Black,648,46,11
01/06/2021,Pittsylvania-Danville,Latino,146,5,0
01/06/2021,"Cumberland Plateau","Not Reported",1015,20,2
01/06/2021,Chesterfield,"Not Reported",2671,8,12
01/06/2021,"Blue Ridge","Not Reported",903,7,1
01/06/2021,"Mount Rogers",White,9202,636,230
01/06/2021,Richmond,White,2359,75,32
01/06/2021,Lenowisco,"Not Reported",788,21,10
01/06/2021,"Three Rivers",Latino,299,7,1
01/06/2021,Piedmont,"Not Reported",1859,15,4
01/06/2021,"Mount Rogers",Latino,458,13,1
01/06/2021,"Central Shenandoah","Two or more races",157,2,3
01/06/2021,Crater,White,2149,101,37
01/06/2021,Arlington,White,2768,183,84
01/06/2021,Pittsylvania-Danville,"Other Race",6,0,0
01/06/2021,Chickahominy,Black,820,79,21
01/06/2021,Fairfax,Black,3651,325,70
01/06/2021,"Eastern Shore",Latino,381,19,3
01/06/2021,Norfolk,White,2543,123,30
01/06/2021,"Mount Rogers","Two or more races",61,3,2
01/06/2021,Alleghany,"Two or more races",51,1,3
01/06/2021,Southside,White,1083,57,36
01/06/2021,"Prince William",Black,3290,238,62
01/06/2021,"Lord Fairfax",White,7424,408,160
01/06/2021,"Cumberland Plateau",Latino,40,0,0
01/06/2021,Arlington,"Not Reported",2053,15,2
01/06/2021,Rappahannock,"Other Race",541,6,0
01/06/2021,"Rappahannock Rapidan",Black,777,63,16
01/06/2021,"New River","Two or more races",138,8,8
01/06/2021,"Blue Ridge","Other Race",284,9,1
01/06/2021,Arlington,Latino,2898,294,34
01/06/2021,Henrico,White,4357,237,154
01/06/2021,Loudoun,White,4150,196,114
01/06/2021,Hampton,White,1132,41,10
01/06/2021,Alleghany,Black,467,16,12
01/06/2021,"Prince William",White,5355,246,116
01/06/2021,Rappahannock,White,4742,254,83
01/06/2021,Southside,"Other Race",23,1,1
01/06/2021,Portsmouth,"Two or more races",53,6,1
01/06/2021,"Western Tidewater",Black,3124,258,79
01/06/2021,Hampton,Latino,197,9,1
01/06/2021,Henrico,"Not Reported",2641,13,8
01/06/2021,"West Piedmont","Two or more races",37,1,0
01/06/2021,Peninsula,"Not Reported",2749,3,1
01/06/2021,Loudoun,Latino,3707,282,19
01/06/2021,Alexandria,Black,1530,135,22
01/06/2021,Piedmont,Black,1334,110,28
01/06/2021,Roanoke,"Other Race",69,1,0
01/06/2021,Alexandria,"Two or more races",98,6,1
01/06/2021,"Western Tidewater",Latino,104,1,2
01/06/2021,Rappahannock,"Not Reported",3932,37,1
01/06/2021,"West Piedmont","Other Race",58,1,1
01/06/2021,Chickahominy,White,3333,178,75
01/06/2021,"Blue Ridge",Black,1116,124,22
01/06/2021,"Cumberland Plateau",Black,144,2,1
01/06/2021,"Lord Fairfax",Latino,1391,73,11
01/06/2021,"West Piedmont",Latino,513,21,2
01/06/2021,"Cumberland Plateau",White,4640,252,67
01/06/2021,"Eastern Shore","Other Race",17,1,0
01/06/2021,"Cumberland Plateau","Two or more races",21,2,0
01/06/2021,Pittsylvania-Danville,"Two or more races",18,0,0
01/06/2021,Piedmont,"Other Race",30,0,0
01/06/2021,Alexandria,Latino,2927,174,16
01/06/2021,Chesapeake,Black,3204,326,41
01/06/2021,Richmond,"Other Race",254,10,3
01/06/2021,Henrico,Latino,1409,71,14
01/06/2021,Piedmont,"Two or more races",80,2,1
01/06/2021,"Prince William","Other Race",1788,37,0
01/06/2021,"New River","Not Reported",2722,36,0
01/06/2021,"Rappahannock Rapidan",White,3324,131,37
01/06/2021,"Central Virginia","Not Reported",4648,42,10
01/06/2021,"Virginia Beach","Two or more races",243,10,3
01/06/2021,Pittsylvania-Danville,White,2091,130,69
01/06/2021,"Lord Fairfax",Black,414,34,12
01/06/2021,Fairfax,Latino,17223,1299,118
01/06/2021,Chesterfield,"Asian or Pacific Islander",296,11,2
01/06/2021,Crater,"Asian or Pacific Islander",59,0,0
01/06/2021,Fairfax,"Asian or Pacific Islander",4944,437,94
01/06/2021,Hampton,"Asian or Pacific Islander",59,0,0
01/06/2021,"Rappahannock Rapidan","Asian or Pacific Islander",48,3,1
01/06/2021,"Mount Rogers","Asian or Pacific Islander",23,2,0
01/06/2021,"New River","Asian or Pacific Islander",185,1,0
01/06/2021,"Central Virginia","Asian or Pacific Islander",91,3,0
01/06/2021,"Blue Ridge","Asian or Pacific Islander",203,4,1
01/06/2021,"Lord Fairfax","Asian or Pacific Islander",83,3,1
01/06/2021,Southside,"Asian or Pacific Islander",6,0,0
01/06/2021,Alleghany,"Asian or Pacific Islander",98,3,0
01/06/2021,Portsmouth,"Asian or Pacific Islander",28,1,0
01/06/2021,Roanoke,"Asian or Pacific Islander",100,4,0
01/06/2021,Richmond,"Asian or Pacific Islander",141,6,1
01/06/2021,"Virginia Beach","Asian or Pacific Islander",736,52,8
01/06/2021,Henrico,"Asian or Pacific Islander",634,16,5
01/06/2021,Piedmont,"Asian or Pacific Islander",19,1,1
01/06/2021,"Western Tidewater","Asian or Pacific Islander",39,2,3
01/06/2021,"West Piedmont","Asian or Pacific Islander",30,2,1
01/06/2021,Chickahominy,"Asian or Pacific Islander",43,3,0
01/06/2021,Peninsula,"Asian or Pacific Islander",146,8,6
01/06/2021,Norfolk,"Asian or Pacific Islander",160,12,0
01/06/2021,Arlington,"Asian or Pacific Islander",466,40,18
01/06/2021,Loudoun,"Asian or Pacific Islander",1149,84,13
01/06/2021,Alexandria,"Asian or Pacific Islander",312,13,1
01/06/2021,Rappahannock,"Asian or Pacific Islander",242,14,3
01/06/2021,Chesapeake,"Asian or Pacific Islander",175,14,7
01/06/2021,"Cumberland Plateau and Lenowisco","Asian or Pacific Islander",15,0,0
01/06/2021,"Central Shenandoah","Asian or Pacific Islander",153,4,0
01/06/2021,"Prince William","Asian or Pacific Islander",1439,86,25
01/06/2021,Pittsylvania-Danville,"Asian or Pacific Islander",8,0,0
01/06/2021,"Eastern Shore and Three Rivers","Asian or Pacific Islander",23,1,0
01/06/2021,Piedmont,"Native American",7,0,0
01/06/2021,"New River","Native American",8,0,0
01/06/2021,"Central Shenandoah","Native American",11,1,0
01/06/2021,"Eastern Shore and Three Rivers","Native American",11,0,0
01/06/2021,Fairfax,"Native American",75,3,1
01/06/2021,Chesapeake,"Native American",21,0,0
01/06/2021,"Western Tidewater","Native American",6,0,0
01/06/2021,Portsmouth,"Native American",4,2,0
01/06/2021,Richmond,"Native American",10,0,1
01/06/2021,"Blue Ridge","Native American",7,0,0
01/06/2021,Chickahominy,"Native American",25,2,0
01/06/2021,Arlington,"Native American",9,0,0
01/06/2021,"Virginia Beach","Native American",26,0,0
01/06/2021,Peninsula,"Native American",16,2,1
01/06/2021,Hampton,"Native American",6,0,1
01/06/2021,"West Piedmont","Native American",4,0,0
01/06/2021,"Cumberland Plateau, Lenowisco, and Mount Rogers","Native American",23,1,0
01/06/2021,Henrico,"Native American",23,0,0
01/06/2021,Norfolk,"Native American",16,1,1
01/06/2021,"Prince William","Native American",54,1,1
01/06/2021,"Central Virginia","Native American",23,0,0
01/06/2021,Chesterfield,"Native American",13,1,0
01/06/2021,Rappahannock,"Native American",14,0,0
01/06/2021,Loudoun,"Native American",19,0,0
01/06/2021,Alexandria,"Native American",8,0,0
01/06/2021,"Alleghany and Roanoke","Native American",11,0,1
01/06/2021,Crater,"Native American",7,1,1
01/06/2021,"Rappahannock Rapidan","Native American",12,0,0
01/06/2021,"Lord Fairfax","Native American",7,1,1
01/06/2021,"Pittsylvania-Danville and Southside","Native American",7,1,0
01/07/2021,"Mount Rogers","Asian or Pacific Islander",23,2,0
01/07/2021,Southside,"Asian or Pacific Islander",6,0,0
01/07/2021,"Prince William","Asian or Pacific Islander",1458,86,25
01/07/2021,Henrico,"Asian or Pacific Islander",639,16,5
01/07/2021,Alleghany,"Asian or Pacific Islander",99,3,0
01/07/2021,Roanoke,"Asian or Pacific Islander",100,4,0
01/07/2021,Rappahannock,"Asian or Pacific Islander",245,14,3
01/07/2021,"Lord Fairfax","Asian or Pacific Islander",83,3,1
01/07/2021,"Western Tidewater","Asian or Pacific Islander",39,2,3
01/07/2021,Richmond,"Asian or Pacific Islander",142,6,1
01/07/2021,Arlington,"Asian or Pacific Islander",469,40,18
01/07/2021,"West Piedmont","Asian or Pacific Islander",30,2,1
01/07/2021,Chesapeake,"Asian or Pacific Islander",176,14,7
01/07/2021,Chickahominy,"Asian or Pacific Islander",44,3,0
01/07/2021,Piedmont,"Asian or Pacific Islander",19,1,1
01/07/2021,Chesterfield,"Asian or Pacific Islander",300,11,2
01/07/2021,Norfolk,"Asian or Pacific Islander",162,12,0
01/07/2021,"Central Shenandoah","Asian or Pacific Islander",155,4,0
01/07/2021,Crater,"Asian or Pacific Islander",59,0,0
01/07/2021,Pittsylvania-Danville,"Asian or Pacific Islander",8,0,0
01/07/2021,"Blue Ridge","Asian or Pacific Islander",205,4,1
01/07/2021,"Virginia Beach","Asian or Pacific Islander",746,55,10
01/07/2021,Loudoun,"Asian or Pacific Islander",1171,84,13
01/07/2021,"Central Virginia","Asian or Pacific Islander",91,3,0
01/07/2021,Hampton,"Asian or Pacific Islander",59,0,0
01/07/2021,Alexandria,"Asian or Pacific Islander",321,13,1
01/07/2021,"Eastern Shore and Three Rivers","Asian or Pacific Islander",23,1,0
01/07/2021,"New River","Asian or Pacific Islander",186,1,0
01/07/2021,Portsmouth,"Asian or Pacific Islander",28,1,0
01/07/2021,"Rappahannock Rapidan","Asian or Pacific Islander",52,3,1
01/07/2021,Fairfax,"Asian or Pacific Islander",5002,441,94
01/07/2021,Peninsula,"Asian or Pacific Islander",148,8,6
01/07/2021,"Cumberland Plateau and Lenowisco","Asian or Pacific Islander",15,0,0
01/07/2021,Southside,"Not Reported",1031,7,4
01/07/2021,Chesapeake,White,4195,230,51
01/07/2021,"Three Rivers","Other Race",76,3,0
01/07/2021,"Central Virginia","Other Race",112,0,0
01/07/2021,"Central Virginia","Two or more races",70,1,0
01/07/2021,"Cumberland Plateau",White,4699,257,69
01/07/2021,Lenowisco,"Two or more races",41,3,7
01/07/2021,"Western Tidewater",Black,3162,258,81
01/07/2021,"Western Tidewater",Latino,106,1,2
01/07/2021,Fairfax,"Not Reported",6870,70,36
01/07/2021,Chesapeake,"Not Reported",1550,5,0
01/07/2021,"Cumberland Plateau","Two or more races",22,2,0
01/07/2021,Loudoun,Black,656,46,11
01/07/2021,Loudoun,Latino,3734,282,20
01/07/2021,Alleghany,Latino,303,13,2
01/07/2021,Alleghany,Black,471,17,12
01/07/2021,"Three Rivers",Black,1423,95,23
01/07/2021,"Three Rivers",Latino,304,7,1
01/07/2021,"Central Shenandoah","Two or more races",157,2,3
01/07/2021,Hampton,Black,2166,142,36
01/07/2021,Hampton,Latino,207,10,1
01/07/2021,Southside,"Other Race",24,1,1
01/07/2021,Piedmont,"Other Race",31,0,0
01/07/2021,"Prince William","Other Race",1807,37,0
01/07/2021,Richmond,"Other Race",255,10,3
01/07/2021,Hampton,"Two or more races",82,1,0
01/07/2021,Norfolk,Latino,665,37,0
01/07/2021,"Lord Fairfax","Not Reported",1785,8,9
01/07/2021,Norfolk,Black,3933,382,76
01/07/2021,"Central Virginia",Black,1464,84,31
01/07/2021,Rappahannock,Latino,2310,135,13
01/07/2021,"Central Virginia",Latino,202,7,4
01/07/2021,Rappahannock,Black,2015,150,26
01/07/2021,"West Piedmont",White,3881,291,98
01/07/2021,Rappahannock,"Not Reported",4003,37,1
01/07/2021,"Central Shenandoah","Not Reported",3651,22,6
01/07/2021,"Blue Ridge","Not Reported",942,8,1
01/07/2021,Chesterfield,Latino,3051,146,15
01/07/2021,Chesterfield,Black,3225,199,51
01/07/2021,"Central Shenandoah",Latino,1807,76,10
01/07/2021,Southside,Latino,28,2,0
01/07/2021,Southside,Black,1096,73,36
01/07/2021,"Central Shenandoah",Black,902,35,16
01/07/2021,Peninsula,White,3859,155,77
01/07/2021,"Rappahannock Rapidan",White,3371,131,38
01/07/2021,"New River",Latino,320,7,0
01/07/2021,"New River",Black,415,12,5
01/07/2021,Roanoke,"Other Race",69,1,0
01/07/2021,"Three Rivers","Two or more races",46,1,0
01/07/2021,"Prince William",White,5423,247,116
01/07/2021,"West Piedmont","Two or more races",36,1,0
01/07/2021,"New River","Not Reported",2762,37,1
01/07/2021,Chesterfield,"Not Reported",2701,7,12
01/07/2021,Crater,"Two or more races",44,2,1
01/07/2021,Lenowisco,White,4197,259,113
01/07/2021,"Western Tidewater",White,2636,131,89
01/07/2021,"Lord Fairfax","Other Race",269,7,1
01/07/2021,Chickahominy,"Two or more races",44,1,0
01/07/2021,Henrico,Black,3936,322,114
01/07/2021,Henrico,Latino,1416,72,14
01/07/2021,Alleghany,White,5327,192,124
01/07/2021,Peninsula,Black,2997,170,40
01/07/2021,Peninsula,Latino,735,32,3
01/07/2021,Loudoun,"Other Race",1120,29,4
01/07/2021,Arlington,"Not Reported",2114,15,2
01/07/2021,"Mount Rogers","Not Reported",1398,40,13
01/07/2021,Portsmouth,White,1142,86,19
01/07/2021,"Western Tidewater","Two or more races",120,1,2
01/07/2021,"Three Rivers","Not Reported",682,4,1
01/07/2021,Richmond,Black,3650,351,51
01/07/2021,Richmond,Latino,1744,127,9
01/07/2021,"Cumberland Plateau",Latino,40,0,0
01/07/2021,Rappahannock,"Other Race",552,6,0
01/07/2021,"Cumberland Plateau",Black,143,2,1
01/07/2021,Loudoun,"Not Reported",3961,14,0
01/07/2021,Loudoun,White,4200,197,114
01/07/2021,Peninsula,"Not Reported",2810,3,1
01/07/2021,Henrico,White,4438,237,153
01/07/2021,Chesterfield,"Two or more races",145,13,0
01/07/2021,Richmond,White,2387,75,32
01/07/2021,Chesapeake,"Two or more races",120,6,2
01/07/2021,Chickahominy,White,3375,178,75
01/07/2021,Lenowisco,Latino,107,0,0
01/07/2021,Lenowisco,Black,164,6,3
01/07/2021,"Blue Ridge",White,4378,176,68
01/07/2021,Roanoke,"Two or more races",44,2,0
01/07/2021,Piedmont,Latino,119,10,2
01/07/2021,Piedmont,Black,1371,110,30
01/07/2021,Chesterfield,White,5977,302,133
01/07/2021,"Lord Fairfax","Two or more races",84,4,2
01/07/2021,"Central Virginia",White,6227,214,81
01/07/2021,Rappahannock,White,4843,257,84
01/07/2021,"New River",White,6101,203,96
01/07/2021,"Blue Ridge","Two or more races",169,8,1
01/07/2021,Crater,White,2175,102,37
01/07/2021,Alleghany,"Not Reported",2810,9,3
01/07/2021,Arlington,"Two or more races",114,8,1
01/07/2021,Portsmouth,"Other Race",114,14,6
01/07/2021,Piedmont,White,1903,113,38
01/07/2021,Alleghany,"Two or more races",51,1,4
01/07/2021,Crater,Black,3591,274,83
01/07/2021,Crater,Latino,362,11,5
01/07/2021,Piedmont,"Two or more races",83,2,1
01/07/2021,Pittsylvania-Danville,White,2122,131,69
01/07/2021,"Rappahannock Rapidan","Other Race",116,5,0
01/07/2021,Richmond,"Not Reported",1690,3,3
01/07/2021,Henrico,"Two or more races",195,12,3
01/07/2021,Henrico,"Other Race",414,21,1
01/07/2021,Loudoun,"Two or more races",234,7,0
01/07/2021,"Rappahannock Rapidan","Two or more races",79,3,0
01/07/2021,Portsmouth,Latino,143,13,1
01/07/2021,Portsmouth,Black,2589,321,58
01/07/2021,Portsmouth,"Not Reported",919,10,2
01/07/2021,Alexandria,"Two or more races",97,6,1
01/07/2021,"Virginia Beach","Other Race",365,10,0
01/07/2021,Norfolk,"Not Reported",1993,10,3
01/07/2021,Rappahannock,"Two or more races",144,6,1
01/07/2021,Arlington,Black,759,112,41
01/07/2021,Arlington,Latino,2908,294,34
01/07/2021,"Eastern Shore",White,741,61,27
01/07/2021,"Eastern Shore","Not Reported",94,0,0
01/07/2021,Roanoke,White,1837,59,77
01/07/2021,Alexandria,"Other Race",206,14,2
01/07/2021,"Cumberland Plateau","Other Race",12,1,0
01/07/2021,"Western Tidewater","Other Race",216,2,2
01/07/2021,Lenowisco,"Other Race",21,0,0
01/07/2021,Pittsylvania-Danville,"Two or more races",18,0,0
01/07/2021,Henrico,"Not Reported",2696,13,8
01/07/2021,Crater,"Other Race",121,0,1
01/07/2021,Chickahominy,"Other Race",80,3,0
01/07/2021,Roanoke,Black,1165,49,18
01/07/2021,Roanoke,Latino,659,33,4
01/07/2021,Peninsula,"Two or more races",196,6,1
01/07/2021,Peninsula,"Other Race",531,5,1
01/07/2021,Arlington,White,2805,183,84
01/07/2021,Norfolk,"Two or more races",143,11,1
01/07/2021,Alexandria,White,1811,101,46
01/07/2021,Hampton,"Not Reported",1104,4,1
01/07/2021,"Mount Rogers",White,9369,646,231
01/07/2021,Alexandria,"Not Reported",830,3,1
01/07/2021,"Western Tidewater","Not Reported",1836,5,3
01/07/2021,"Cumberland Plateau","Not Reported",1026,20,2
01/07/2021,"Mount Rogers",Black,258,13,4
01/07/2021,"Mount Rogers",Latino,459,13,1
01/07/2021,"West Piedmont",Black,1235,145,31
01/07/2021,"West Piedmont",Latino,517,22,2
01/07/2021,"Virginia Beach",White,8086,401,86
01/07/2021,"West Piedmont","Other Race",57,1,1
01/07/2021,Richmond,"Two or more races",121,6,1
01/07/2021,"Blue Ridge",Latino,1201,48,3
01/07/2021,"Blue Ridge",Black,1132,124,22
01/07/2021,"Virginia Beach","Not Reported",4821,42,9
01/07/2021,Hampton,"Other Race",171,4,1
01/07/2021,"Virginia Beach",Black,3412,237,48
01/07/2021,"Virginia Beach",Latino,1109,44,6
01/07/2021,Fairfax,Black,3698,327,70
01/07/2021,Fairfax,Latino,17336,1305,118
01/07/2021,"Prince William",Latino,11163,810,93
01/07/2021,"Prince William",Black,3330,238,62
01/07/2021,Piedmont,"Not Reported",1884,15,4
01/07/2021,Chesapeake,Latino,613,39,2
01/07/2021,Chesapeake,Black,3216,327,43
01/07/2021,Pittsylvania-Danville,"Not Reported",1688,24,6
01/07/2021,Alleghany,"Other Race",96,2,0
01/07/2021,"West Piedmont","Not Reported",1663,20,5
01/07/2021,Norfolk,White,2600,124,30
01/07/2021,"Virginia Beach","Two or more races",245,11,3
01/07/2021,Chesapeake,"Other Race",140,7,1
01/07/2021,Norfolk,"Other Race",190,6,2
01/07/2021,Chickahominy,Latino,203,10,1
01/07/2021,Chickahominy,Black,827,79,21
01/07/2021,"Eastern Shore",Black,1086,112,31
01/07/2021,"Eastern Shore",Latino,392,19,3
01/07/2021,"Prince William","Two or more races",416,7,2
01/07/2021,Hampton,White,1151,42,11
01/07/2021,"Prince William","Not Reported",7936,29,2
01/07/2021,"Mount Rogers","Two or more races",61,3,2
01/07/2021,Fairfax,White,11955,791,367
01/07/2021,"Rappahannock Rapidan","Not Reported",1741,30,8
01/07/2021,Southside,"Two or more races",148,0,11
01/07/2021,Lenowisco,"Not Reported",803,21,10
01/07/2021,Crater,"Not Reported",1599,17,6
01/07/2021,Chickahominy,"Not Reported",1433,5,1
01/07/2021,Fairfax,"Other Race",2284,145,25
01/07/2021,Portsmouth,"Two or more races",54,6,1
01/07/2021,Alexandria,Black,1537,137,22
01/07/2021,Alexandria,Latino,2937,174,16
01/07/2021,Roanoke,"Not Reported",1693,5,1
01/07/2021,Pittsylvania-Danville,Black,1600,148,29
01/07/2021,Pittsylvania-Danville,Latino,147,5,0
01/07/2021,"Eastern Shore","Two or more races",1,1,0
01/07/2021,"Lord Fairfax",White,7526,411,161
01/07/2021,Chesterfield,"Other Race",358,21,0
01/07/2021,"Mount Rogers","Other Race",48,2,2
01/07/2021,"Eastern Shore","Other Race",17,1,0
01/07/2021,"Three Rivers",White,2649,133,37
01/07/2021,Pittsylvania-Danville,"Other Race",6,0,0
01/07/2021,"Rappahannock Rapidan",Latino,1343,76,9
01/07/2021,"Rappahannock Rapidan",Black,785,63,16
01/07/2021,"Central Virginia","Not Reported",4724,42,10
01/07/2021,"Lord Fairfax",Latino,1401,74,11
01/07/2021,"Lord Fairfax",Black,419,34,12
01/07/2021,"Central Shenandoah","Other Race",229,6,1
01/07/2021,"Blue Ridge","Other Race",285,9,1
01/07/2021,Fairfax,"Two or more races",523,16,2
01/07/2021,Arlington,"Other Race",363,18,4
01/07/2021,"New River","Two or more races",139,8,8
01/07/2021,"Central Shenandoah",White,11159,451,151
01/07/2021,Southside,White,1098,57,36
01/07/2021,"New River","Other Race",39,1,0
01/07/2021,Fairfax,"Native American",76,3,1
01/07/2021,Norfolk,"Native American",17,1,1
01/07/2021,Portsmouth,"Native American",6,2,0
01/07/2021,"New River","Native American",8,0,0
01/07/2021,Alexandria,"Native American",8,0,0
01/07/2021,Chickahominy,"Native American",25,2,0
01/07/2021,Crater,"Native American",7,1,1
01/07/2021,Henrico,"Native American",23,0,0
01/07/2021,"Prince William","Native American",55,1,1
01/07/2021,Chesapeake,"Native American",21,0,0
01/07/2021,"Virginia Beach","Native American",27,0,0
01/07/2021,Chesterfield,"Native American",13,1,0
01/07/2021,"Western Tidewater","Native American",6,0,0
01/07/2021,"Pittsylvania-Danville and Southside","Native American",7,1,0
01/07/2021,"Central Shenandoah","Native American",11,1,0
01/07/2021,"Blue Ridge","Native American",7,0,0
01/07/2021,Rappahannock,"Native American",14,0,0
01/07/2021,Hampton,"Native American",6,0,1
01/07/2021,"Lord Fairfax","Native American",7,1,1
01/07/2021,Loudoun,"Native American",19,0,0
01/07/2021,"West Piedmont","Native American",4,0,0
01/07/2021,Richmond,"Native American",10,0,1
01/07/2021,"Rappahannock Rapidan","Native American",12,0,0
01/07/2021,"Eastern Shore and Three Rivers","Native American",11,0,0
01/07/2021,Peninsula,"Native American",16,2,1
01/07/2021,Arlington,"Native American",9,0,0
01/07/2021,Piedmont,"Native American",8,0,0
01/07/2021,"Central Virginia","Native American",24,0,0
01/07/2021,"Cumberland Plateau, Lenowisco, and Mount Rogers","Native American",23,1,0
01/07/2021,"Alleghany and Roanoke","Native American",11,0,1
01/08/2021,"Rappahannock Rapidan","Not Reported",1747,30,8
01/08/2021,Portsmouth,"Other Race",117,14,6
01/08/2021,"Western Tidewater","Two or more races",120,1,2
01/08/2021,Piedmont,White,1937,113,38
01/08/2021,Chesterfield,Latino,3065,146,16
01/08/2021,Lenowisco,White,4261,262,114
01/08/2021,Lenowisco,"Two or more races",41,3,7
01/08/2021,Hampton,"Not Reported",1096,4,1
01/08/2021,Southside,"Not Reported",1042,7,4
01/08/2021,Roanoke,Black,1171,49,18
01/08/2021,Hampton,Black,2172,143,37
01/08/2021,Alleghany,"Other Race",98,2,0
01/08/2021,Lenowisco,Latino,114,0,0
01/08/2021,Loudoun,"Other Race",1129,29,4
01/08/2021,"Central Shenandoah",Latino,1813,77,10
01/08/2021,"Rappahannock Rapidan",Latino,1353,76,9
01/08/2021,"Eastern Shore",Black,1089,113,31
01/08/2021,Norfolk,Latino,667,37,1
01/08/2021,Hampton,"Two or more races",83,1,0
01/08/2021,Richmond,Black,3709,352,51
01/08/2021,Henrico,"Two or more races",200,12,3
01/08/2021,Fairfax,"Two or more races",539,18,2
01/08/2021,"Blue Ridge",White,4496,176,68
01/08/2021,Alleghany,"Not Reported",2839,9,3
01/08/2021,"Blue Ridge","Two or more races",170,8,1
01/08/2021,Portsmouth,"Not Reported",955,10,2
01/08/2021,"Cumberland Plateau","Other Race",12,1,0
01/08/2021,Southside,"Two or more races",148,0,11
01/08/2021,Portsmouth,White,1161,86,19
01/08/2021,"Rappahannock Rapidan","Two or more races",78,3,0
01/08/2021,Fairfax,White,12111,791,368
01/08/2021,Fairfax,"Other Race",2283,145,25
01/08/2021,Crater,"Two or more races",46,2,1
01/08/2021,"West Piedmont","Not Reported",1705,20,5
01/08/2021,Henrico,"Other Race",415,21,1
01/08/2021,"Three Rivers",White,2736,135,37
01/08/2021,"Central Virginia",Black,1495,84,31
01/08/2021,Lenowisco,"Other Race",24,0,0
01/08/2021,"Three Rivers","Other Race",80,3,0
01/08/2021,"Western Tidewater",White,2669,132,89
01/08/2021,"Mount Rogers",Black,261,13,4
01/08/2021,"Three Rivers","Not Reported",685,4,1
01/08/2021,"Eastern Shore",White,768,61,27
01/08/2021,"Central Virginia",White,6394,216,81
01/08/2021,Lenowisco,Black,170,6,3
01/08/2021,"Central Virginia","Two or more races",70,1,0
01/08/2021,Richmond,"Two or more races",122,6,1
01/08/2021,Crater,"Not Reported",1619,17,6
01/08/2021,Chesterfield,"Two or more races",147,12,1
01/08/2021,"New River",Latino,321,7,0
01/08/2021,Richmond,Latino,1750,128,9
01/08/2021,Portsmouth,Latino,144,13,1
01/08/2021,Pittsylvania-Danville,"Not Reported",1748,24,6
01/08/2021,Chesapeake,"Not Reported",1561,5,0
01/08/2021,Chickahominy,Latino,205,10,1
01/08/2021,Crater,Black,3637,275,84
01/08/2021,Chesterfield,Black,3267,199,53
01/08/2021,Chesterfield,"Other Race",366,21,0
01/08/2021,Peninsula,Black,3041,173,41
01/08/2021,Roanoke,White,1839,58,77
01/08/2021,"New River",Black,419,13,7
01/08/2021,Southside,Latino,30,2,0
01/08/2021,Peninsula,Latino,741,32,3
01/08/2021,Rappahannock,"Two or more races",148,6,1
01/08/2021,"Virginia Beach",Black,3474,239,48
01/08/2021,"Mount Rogers","Not Reported",1423,42,15
01/08/2021,Loudoun,"Not Reported",4010,14,0
01/08/2021,Chesapeake,"Other Race",142,7,1
01/08/2021,Chickahominy,"Two or more races",44,1,0
01/08/2021,Crater,"Other Race",123,0,1
01/08/2021,Norfolk,"Two or more races",144,11,1
01/08/2021,"Eastern Shore","Two or more races",2,1,0
01/08/2021,"Central Shenandoah",White,11309,451,151
01/08/2021,"New River","Other Race",39,1,0
01/08/2021,"New River",White,6186,203,96
01/08/2021,"Central Shenandoah","Other Race",233,6,1
01/08/2021,"West Piedmont",Black,1251,145,31
01/08/2021,Alleghany,Latino,305,13,2
01/08/2021,"Central Shenandoah","Not Reported",3707,22,6
01/08/2021,Roanoke,"Two or more races",44,2,0
01/08/2021,Peninsula,"Two or more races",197,6,1
01/08/2021,Richmond,"Not Reported",1711,4,3
01/08/2021,Arlington,"Other Race",367,18,4
01/08/2021,Norfolk,"Not Reported",2019,10,3
01/08/2021,Alexandria,"Other Race",210,14,2
01/08/2021,"Virginia Beach",White,8324,408,88
01/08/2021,Chesapeake,"Two or more races",121,6,2
01/08/2021,Alleghany,White,5411,196,124
01/08/2021,"Rappahannock Rapidan","Other Race",118,5,0
01/08/2021,Chickahominy,"Not Reported",1447,5,1
01/08/2021,Portsmouth,Black,2608,325,58
01/08/2021,Chickahominy,"Other Race",80,3,0
01/08/2021,"Virginia Beach",Latino,1122,44,6
01/08/2021,Chesapeake,White,4237,234,51
01/08/2021,"Blue Ridge",Latino,1208,48,3
01/08/2021,Southside,Black,1117,75,37
01/08/2021,Rappahannock,Latino,2328,135,14
01/08/2021,"Three Rivers","Two or more races",48,1,0
01/08/2021,Henrico,Black,4008,326,114
01/08/2021,Pittsylvania-Danville,Black,1620,148,29
01/08/2021,"Lord Fairfax","Two or more races",86,4,2
01/08/2021,"Prince William",Latino,11202,813,93
01/08/2021,"Mount Rogers","Other Race",49,2,2
01/08/2021,"Central Shenandoah",Black,928,35,16
01/08/2021,Peninsula,White,3921,155,77
01/08/2021,"Eastern Shore","Not Reported",95,0,0
01/08/2021,Hampton,"Other Race",172,4,1
01/08/2021,"Lord Fairfax","Not Reported",1816,8,9
01/08/2021,"Central Virginia","Other Race",114,0,0
01/08/2021,"Western Tidewater","Other Race",219,2,2
01/08/2021,Crater,Latino,373,11,5
01/08/2021,Chesapeake,Latino,615,40,2
01/08/2021,Chesterfield,White,6078,305,133
01/08/2021,"Western Tidewater","Not Reported",1866,5,3
01/08/2021,Fairfax,"Not Reported",7134,71,36
01/08/2021,Arlington,Black,767,112,42
01/08/2021,"Central Virginia",Latino,202,7,4
01/08/2021,Alexandria,"Not Reported",836,3,1
01/08/2021,"Three Rivers",Black,1464,97,24
01/08/2021,"Prince William","Two or more races",420,7,2
01/08/2021,Loudoun,"Two or more races",240,7,0
01/08/2021,Peninsula,"Other Race",539,5,1
01/08/2021,Norfolk,"Other Race",190,6,2
01/08/2021,"Prince William","Not Reported",8007,30,2
01/08/2021,"West Piedmont",White,3941,293,99
01/08/2021,Rappahannock,Black,2026,150,26
01/08/2021,Norfolk,Black,3967,392,76
01/08/2021,Roanoke,Latino,661,33,4
01/08/2021,Piedmont,Latino,120,10,2
01/08/2021,Roanoke,"Not Reported",1702,5,1
01/08/2021,"Virginia Beach","Other Race",371,10,0
01/08/2021,Arlington,"Two or more races",114,8,1
01/08/2021,Alexandria,White,1839,101,47
01/08/2021,"Lord Fairfax","Other Race",272,7,1
01/08/2021,"Virginia Beach","Not Reported",4982,42,9
01/08/2021,Loudoun,Black,657,46,11
01/08/2021,Pittsylvania-Danville,Latino,150,5,0
01/08/2021,"Cumberland Plateau","Not Reported",1027,20,2
01/08/2021,Chesterfield,"Not Reported",2721,7,12
01/08/2021,"Blue Ridge","Not Reported",975,8,1
01/08/2021,"Mount Rogers",White,9501,657,234
01/08/2021,Richmond,White,2431,77,32
01/08/2021,Lenowisco,"Not Reported",824,21,10
01/08/2021,"Three Rivers",Latino,307,7,1
01/08/2021,Piedmont,"Not Reported",1924,15,4
01/08/2021,"Mount Rogers",Latino,461,13,1
01/08/2021,"Central Shenandoah","Two or more races",163,2,3
01/08/2021,Crater,White,2220,103,37
01/08/2021,Arlington,White,2839,183,84
01/08/2021,Pittsylvania-Danville,"Other Race",6,0,0
01/08/2021,Chickahominy,Black,834,80,22
01/08/2021,Fairfax,Black,3731,328,70
01/08/2021,"Eastern Shore",Latino,400,19,3
01/08/2021,Norfolk,White,2638,130,30
01/08/2021,"Mount Rogers","Two or more races",62,3,2
01/08/2021,Alleghany,"Two or more races",51,1,4
01/08/2021,Southside,White,1127,57,36
01/08/2021,"Prince William",Black,3358,241,62
01/08/2021,"Lord Fairfax",White,7604,412,161
01/08/2021,"Cumberland Plateau",Latino,40,0,0
01/08/2021,Arlington,"Not Reported",2158,15,2
01/08/2021,Rappahannock,"Other Race",554,6,0
01/08/2021,"Rappahannock Rapidan",Black,791,64,17
01/08/2021,"New River","Two or more races",141,8,8
01/08/2021,"Blue Ridge","Other Race",288,9,1
01/08/2021,Arlington,Latino,2930,295,34
01/08/2021,Henrico,White,4528,237,153
01/08/2021,Loudoun,White,4239,197,114
01/08/2021,Hampton,White,1155,42,11
01/08/2021,Alleghany,Black,480,17,13
01/08/2021,"Prince William",White,5497,249,116
01/08/2021,Rappahannock,White,4883,260,84
01/08/2021,Southside,"Other Race",25,1,1
01/08/2021,Portsmouth,"Two or more races",54,6,1
01/08/2021,"Western Tidewater",Black,3198,261,82
01/08/2021,Hampton,Latino,209,10,1
01/08/2021,Henrico,"Not Reported",2734,13,8
01/08/2021,"West Piedmont","Two or more races",39,1,0
01/08/2021,Peninsula,"Not Reported",2826,3,2
01/08/2021,Loudoun,Latino,3749,284,20
01/08/2021,Alexandria,Black,1557,138,22
01/08/2021,Piedmont,Black,1391,110,30
01/08/2021,Roanoke,"Other Race",70,1,0
01/08/2021,Alexandria,"Two or more races",97,6,1
01/08/2021,"Western Tidewater",Latino,108,1,2
01/08/2021,Rappahannock,"Not Reported",4038,37,1
01/08/2021,"West Piedmont","Other Race",68,1,1
01/08/2021,Chickahominy,White,3403,180,76
01/08/2021,"Blue Ridge",Black,1152,125,22
01/08/2021,"Cumberland Plateau",Black,144,2,1
01/08/2021,"Lord Fairfax",Latino,1410,74,11
01/08/2021,"West Piedmont",Latino,520,22,2
01/08/2021,"Cumberland Plateau",White,4722,263,69
01/08/2021,"Eastern Shore","Other Race",18,1,0
01/08/2021,"Cumberland Plateau","Two or more races",22,2,0
01/08/2021,Pittsylvania-Danville,"Two or more races",18,0,0
01/08/2021,Piedmont,"Other Race",31,0,0
01/08/2021,Alexandria,Latino,2945,174,17
01/08/2021,Chesapeake,Black,3231,326,44
01/08/2021,Richmond,"Other Race",259,10,3
01/08/2021,Henrico,Latino,1429,72,15
01/08/2021,Piedmont,"Two or more races",83,2,1
01/08/2021,"Prince William","Other Race",1810,37,0
01/08/2021,"New River","Not Reported",2829,36,1
01/08/2021,"Rappahannock Rapidan",White,3428,131,39
01/08/2021,"Central Virginia","Not Reported",4829,43,10
01/08/2021,"Virginia Beach","Two or more races",252,11,3
01/08/2021,Pittsylvania-Danville,White,2183,132,69
01/08/2021,"Lord Fairfax",Black,425,34,12
01/08/2021,Fairfax,Latino,17456,1306,118
01/08/2021,Chesterfield,"Asian or Pacific Islander",304,11,2
01/08/2021,Crater,"Asian or Pacific Islander",61,0,0
01/08/2021,Fairfax,"Asian or Pacific Islander",5081,445,95
01/08/2021,Hampton,"Asian or Pacific Islander",60,0,0
01/08/2021,"Rappahannock Rapidan","Asian or Pacific Islander",53,3,1
01/08/2021,"Mount Rogers","Asian or Pacific Islander",23,2,0
01/08/2021,"New River","Asian or Pacific Islander",188,2,1
01/08/2021,"Central Virginia","Asian or Pacific Islander",93,3,0
01/08/2021,"Blue Ridge","Asian or Pacific Islander",208,4,1
01/08/2021,"Lord Fairfax","Asian or Pacific Islander",83,3,1
01/08/2021,Southside,"Asian or Pacific Islander",6,0,0
01/08/2021,Alleghany,"Asian or Pacific Islander",101,3,0
01/08/2021,Portsmouth,"Asian or Pacific Islander",29,1,0
01/08/2021,Roanoke,"Asian or Pacific Islander",101,4,0
01/08/2021,Richmond,"Asian or Pacific Islander",142,6,1
01/08/2021,"Virginia Beach","Asian or Pacific Islander",762,55,10
01/08/2021,Henrico,"Asian or Pacific Islander",645,16,5
01/08/2021,Piedmont,"Asian or Pacific Islander",20,1,1
01/08/2021,"Western Tidewater","Asian or Pacific Islander",39,2,3
01/08/2021,"West Piedmont","Asian or Pacific Islander",30,2,1
01/08/2021,Chickahominy,"Asian or Pacific Islander",45,3,0
01/08/2021,Peninsula,"Asian or Pacific Islander",151,8,6
01/08/2021,Norfolk,"Asian or Pacific Islander",164,13,0
01/08/2021,Arlington,"Asian or Pacific Islander",470,40,18
01/08/2021,Loudoun,"Asian or Pacific Islander",1175,84,13
01/08/2021,Alexandria,"Asian or Pacific Islander",324,13,1
01/08/2021,Rappahannock,"Asian or Pacific Islander",252,14,3
01/08/2021,Chesapeake,"Asian or Pacific Islander",177,15,7
01/08/2021,"Cumberland Plateau and Lenowisco","Asian or Pacific Islander",15,0,0
01/08/2021,"Central Shenandoah","Asian or Pacific Islander",157,4,0
01/08/2021,"Prince William","Asian or Pacific Islander",1469,87,25
01/08/2021,Pittsylvania-Danville,"Asian or Pacific Islander",8,0,0
01/08/2021,"Eastern Shore and Three Rivers","Asian or Pacific Islander",22,1,0
01/08/2021,Piedmont,"Native American",8,0,0
01/08/2021,"New River","Native American",8,0,0
01/08/2021,"Central Shenandoah","Native American",11,1,0
01/08/2021,"Eastern Shore and Three Rivers","Native American",11,0,0
01/08/2021,Fairfax,"Native American",77,3,1
01/08/2021,Chesapeake,"Native American",21,0,0
01/08/2021,"Western Tidewater","Native American",6,0,0
01/08/2021,Portsmouth,"Native American",7,2,0
01/08/2021,Richmond,"Native American",10,0,1
01/08/2021,"Blue Ridge","Native American",7,0,0
01/08/2021,Chickahominy,"Native American",25,2,0
01/08/2021,Arlington,"Native American",9,0,0
01/08/2021,"Virginia Beach","Native American",27,0,0
01/08/2021,Peninsula,"Native American",17,2,1
01/08/2021,Hampton,"Native American",6,0,1
01/08/2021,"West Piedmont","Native American",4,0,0
01/08/2021,"Cumberland Plateau, Lenowisco, and Mount Rogers","Native American",23,1,0
01/08/2021,Henrico,"Native American",24,0,0
01/08/2021,Norfolk,"Native American",17,1,1
01/08/2021,"Prince William","Native American",55,1,1
01/08/2021,"Central Virginia","Native American",24,0,0
01/08/2021,Chesterfield,"Native American",13,1,0
01/08/2021,Rappahannock,"Native American",14,0,0
01/08/2021,Loudoun,"Native American",20,0,0
01/08/2021,Alexandria,"Native American",9,0,0
01/08/2021,"Alleghany and Roanoke","Native American",11,0,1
01/08/2021,Crater,"Native American",7,1,1
01/08/2021,"Rappahannock Rapidan","Native American",13,0,0
01/08/2021,"Lord Fairfax","Native American",7,1,1
01/08/2021,"Pittsylvania-Danville and Southside","Native American",7,1,0
01/09/2021,Chesterfield,"Asian or Pacific Islander",308,11,2
01/09/2021,Crater,"Asian or Pacific Islander",62,0,0
01/09/2021,Fairfax,"Asian or Pacific Islander",5146,445,95
01/09/2021,Hampton,"Asian or Pacific Islander",61,0,0
01/09/2021,"Rappahannock Rapidan","Asian or Pacific Islander",55,3,1
01/09/2021,"Mount Rogers","Asian or Pacific Islander",23,2,0
01/09/2021,"New River","Asian or Pacific Islander",189,2,1
01/09/2021,"Central Virginia","Asian or Pacific Islander",95,3,0
01/09/2021,"Blue Ridge","Asian or Pacific Islander",211,4,1
01/09/2021,"Lord Fairfax","Asian or Pacific Islander",84,3,1
01/09/2021,Southside,"Asian or Pacific Islander",6,0,0
01/09/2021,Alleghany,"Asian or Pacific Islander",102,3,0
01/09/2021,Portsmouth,"Asian or Pacific Islander",29,1,0
01/09/2021,Roanoke,"Asian or Pacific Islander",101,4,0
01/09/2021,Richmond,"Asian or Pacific Islander",142,6,1
01/09/2021,"Virginia Beach","Asian or Pacific Islander",777,55,10
01/09/2021,Henrico,"Asian or Pacific Islander",650,16,5
01/09/2021,Piedmont,"Asian or Pacific Islander",20,1,1
01/09/2021,"Western Tidewater","Asian or Pacific Islander",39,2,3
01/09/2021,"West Piedmont","Asian or Pacific Islander",30,2,1
01/09/2021,Chickahominy,"Asian or Pacific Islander",46,3,0
01/09/2021,Peninsula,"Asian or Pacific Islander",152,8,6
01/09/2021,Norfolk,"Asian or Pacific Islander",172,13,0
01/09/2021,Arlington,"Asian or Pacific Islander",484,40,18
01/09/2021,Loudoun,"Asian or Pacific Islander",1191,84,13
01/09/2021,Alexandria,"Asian or Pacific Islander",331,13,1
01/09/2021,Rappahannock,"Asian or Pacific Islander",254,14,3
01/09/2021,Chesapeake,"Asian or Pacific Islander",180,15,7
01/09/2021,"Cumberland Plateau and Lenowisco","Asian or Pacific Islander",15,0,0
01/09/2021,"Central Shenandoah","Asian or Pacific Islander",157,4,0
01/09/2021,"Prince William","Asian or Pacific Islander",1492,87,25
01/09/2021,Pittsylvania-Danville,"Asian or Pacific Islander",9,0,0
01/09/2021,"Eastern Shore and Three Rivers","Asian or Pacific Islander",26,1,0
01/09/2021,Piedmont,"Native American",8,0,0
01/09/2021,"New River","Native American",8,0,0
01/09/2021,"Central Shenandoah","Native American",11,1,0
01/09/2021,"Eastern Shore and Three Rivers","Native American",11,0,0
01/09/2021,Fairfax,"Native American",77,3,1
01/09/2021,Chesapeake,"Native American",21,0,0
01/09/2021,"Western Tidewater","Native American",6,0,0
01/09/2021,Portsmouth,"Native American",7,2,0
01/09/2021,Richmond,"Native American",10,0,1
01/09/2021,"Blue Ridge","Native American",8,0,0
01/09/2021,Chickahominy,"Native American",26,2,0
01/09/2021,Arlington,"Native American",9,0,0
01/09/2021,"Virginia Beach","Native American",27,0,0
01/09/2021,Peninsula,"Native American",18,2,1
01/09/2021,Hampton,"Native American",6,0,1
01/09/2021,"West Piedmont","Native American",4,0,0
01/09/2021,"Cumberland Plateau, Lenowisco, and Mount Rogers","Native American",24,1,0
01/09/2021,Henrico,"Native American",25,0,0
01/09/2021,Norfolk,"Native American",17,1,1
01/09/2021,"Prince William","Native American",55,1,1
01/09/2021,"Central Virginia","Native American",24,0,0
01/09/2021,Chesterfield,"Native American",13,1,0
01/09/2021,Rappahannock,"Native American",14,0,0
01/09/2021,Loudoun,"Native American",20,0,0
01/09/2021,Alexandria,"Native American",10,0,0
01/09/2021,"Alleghany and Roanoke","Native American",11,0,1
01/09/2021,Crater,"Native American",7,1,1
01/09/2021,"Rappahannock Rapidan","Native American",13,0,0
01/09/2021,"Lord Fairfax","Native American",7,1,1
01/09/2021,"Pittsylvania-Danville and Southside","Native American",7,1,0
01/09/2021,Southside,"Not Reported",1085,7,4
01/09/2021,Chesapeake,White,4296,238,52
01/09/2021,"Three Rivers","Other Race",82,3,0
01/09/2021,"Central Virginia","Other Race",118,0,0
01/09/2021,"Central Virginia","Two or more races",72,2,0
01/09/2021,"Cumberland Plateau",White,4778,266,69
01/09/2021,Lenowisco,"Two or more races",42,3,7
01/09/2021,"Western Tidewater",Black,3225,262,82
01/09/2021,"Western Tidewater",Latino,109,1,2
01/09/2021,Fairfax,"Not Reported",7282,70,37
01/09/2021,Chesapeake,"Not Reported",1579,5,0
01/09/2021,"Cumberland Plateau","Two or more races",23,2,0
01/09/2021,Loudoun,Black,660,48,11
01/09/2021,Loudoun,Latino,3762,285,20
01/09/2021,Alleghany,Latino,307,13,2
01/09/2021,Alleghany,Black,483,18,13
01/09/2021,"Three Rivers",Black,1493,99,24
01/09/2021,"Three Rivers",Latino,311,7,1
01/09/2021,"Central Shenandoah","Two or more races",165,3,4
01/09/2021,Hampton,Black,2184,144,37
01/09/2021,Hampton,Latino,212,10,1
01/09/2021,Southside,"Other Race",26,1,1
01/09/2021,Piedmont,"Other Race",31,0,0
01/09/2021,"Prince William","Other Race",1827,37,0
01/09/2021,Richmond,"Other Race",259,10,3
01/09/2021,Hampton,"Two or more races",82,1,0
01/09/2021,Norfolk,Latino,675,37,1
01/09/2021,"Lord Fairfax","Not Reported",1851,8,9
01/09/2021,Norfolk,Black,4017,397,79
01/09/2021,"Central Virginia",Black,1531,86,31
01/09/2021,Rappahannock,Latino,2337,135,14
01/09/2021,"Central Virginia",Latino,206,7,4
01/09/2021,Rappahannock,Black,2037,151,27
01/09/2021,"West Piedmont",White,3997,295,100
01/09/2021,Rappahannock,"Not Reported",4061,37,1
01/09/2021,"Central Shenandoah","Not Reported",3837,22,6
01/09/2021,"Blue Ridge","Not Reported",1017,8,1
01/09/2021,Chesterfield,Latino,3085,146,16
01/09/2021,Chesterfield,Black,3319,199,53
01/09/2021,"Central Shenandoah",Latino,1834,77,10
01/09/2021,Southside,Latino,31,2,0
01/09/2021,Southside,Black,1153,75,37
01/09/2021,"Central Shenandoah",Black,941,37,17
01/09/2021,Peninsula,White,3994,155,77
01/09/2021,"Rappahannock Rapidan",White,3492,132,40
01/09/2021,"New River",Latino,322,7,0
01/09/2021,"New River",Black,423,13,7
01/09/2021,Roanoke,"Other Race",71,1,0
01/09/2021,"Three Rivers","Two or more races",51,1,0
01/09/2021,"Prince William",White,5564,250,117
01/09/2021,"West Piedmont","Two or more races",39,1,0
01/09/2021,"New River","Not Reported",2892,36,1
01/09/2021,Chesterfield,"Not Reported",2777,7,12
01/09/2021,Crater,"Two or more races",46,2,1
01/09/2021,Lenowisco,White,4354,264,117
01/09/2021,"Western Tidewater",White,2718,134,89
01/09/2021,"Lord Fairfax","Other Race",274,7,1
01/09/2021,Chickahominy,"Two or more races",48,1,0
01/09/2021,Henrico,Black,4058,327,114
01/09/2021,Henrico,Latino,1433,72,15
01/09/2021,Alleghany,White,5478,197,127
01/09/2021,Peninsula,Black,3081,173,41
01/09/2021,Peninsula,Latino,749,32,3
01/09/2021,Loudoun,"Other Race",1125,29,4
01/09/2021,Arlington,"Not Reported",2226,15,2
01/09/2021,"Mount Rogers","Not Reported",1451,42,15
01/09/2021,Portsmouth,White,1187,88,19
01/09/2021,"Western Tidewater","Two or more races",122,1,2
01/09/2021,"Three Rivers","Not Reported",701,4,1
01/09/2021,Richmond,Black,3738,352,51
01/09/2021,Richmond,Latino,1758,128,9
01/09/2021,"Cumberland Plateau",Latino,40,0,0
01/09/2021,Rappahannock,"Other Race",559,6,0
01/09/2021,"Cumberland Plateau",Black,149,2,1
01/09/2021,Loudoun,"Not Reported",4005,14,0
01/09/2021,Loudoun,White,4280,200,116
01/09/2021,Peninsula,"Not Reported",2863,3,2
01/09/2021,Henrico,White,4590,240,155
01/09/2021,Chesterfield,"Two or more races",155,12,1
01/09/2021,Richmond,White,2462,78,34
01/09/2021,Chesapeake,"Two or more races",124,7,2
01/09/2021,Chickahominy,White,3480,180,76
01/09/2021,Lenowisco,Latino,121,0,0
01/09/2021,Lenowisco,Black,186,6,3
01/09/2021,"Blue Ridge",White,4584,178,68
01/09/2021,Roanoke,"Two or more races",44,2,0
01/09/2021,Piedmont,Latino,121,10,2
01/09/2021,Piedmont,Black,1410,112,30
01/09/2021,Chesterfield,White,6194,306,135
01/09/2021,"Lord Fairfax","Two or more races",88,4,2
01/09/2021,"Central Virginia",White,6585,216,85
01/09/2021,Rappahannock,White,4904,262,86
01/09/2021,"New River",White,6246,208,97
01/09/2021,"Blue Ridge","Two or more races",177,8,1
01/09/2021,Crater,White,2255,105,37
01/09/2021,Alleghany,"Not Reported",2863,9,3
01/09/2021,Arlington,"Two or more races",117,8,1
01/09/2021,Portsmouth,"Other Race",123,14,6
01/09/2021,Piedmont,White,1960,113,40
01/09/2021,Alleghany,"Two or more races",51,1,4
01/09/2021,Crater,Black,3687,275,84
01/09/2021,Crater,Latino,374,11,5
01/09/2021,Piedmont,"Two or more races",83,2,1
01/09/2021,Pittsylvania-Danville,White,2222,133,69
01/09/2021,"Rappahannock Rapidan","Other Race",121,5,0
01/09/2021,Richmond,"Not Reported",1748,6,6
01/09/2021,Henrico,"Two or more races",208,12,3
01/09/2021,Henrico,"Other Race",420,21,1
01/09/2021,Loudoun,"Two or more races",243,7,0
01/09/2021,"Rappahannock Rapidan","Two or more races",79,3,0
01/09/2021,Portsmouth,Latino,146,13,1
01/09/2021,Portsmouth,Black,2649,325,58
01/09/2021,Portsmouth,"Not Reported",998,10,2
01/09/2021,Alexandria,"Two or more races",99,6,1
01/09/2021,"Virginia Beach","Other Race",383,10,0
01/09/2021,Norfolk,"Not Reported",2068,10,3
01/09/2021,Rappahannock,"Two or more races",148,6,1
01/09/2021,Arlington,Black,777,112,42
01/09/2021,Arlington,Latino,2964,295,34
01/09/2021,"Eastern Shore",White,786,61,27
01/09/2021,"Eastern Shore","Not Reported",97,0,0
01/09/2021,Roanoke,White,1856,58,79
01/09/2021,Alexandria,"Other Race",221,14,2
01/09/2021,"Cumberland Plateau","Other Race",13,1,0
01/09/2021,"Western Tidewater","Other Race",227,2,2
01/09/2021,Lenowisco,"Other Race",26,0,0
01/09/2021,Pittsylvania-Danville,"Two or more races",18,0,0
01/09/2021,Henrico,"Not Reported",2789,13,8
01/09/2021,Crater,"Other Race",124,0,1
01/09/2021,Chickahominy,"Other Race",81,3,0
01/09/2021,Roanoke,Black,1179,49,18
01/09/2021,Roanoke,Latino,663,33,4
01/09/2021,Peninsula,"Two or more races",200,6,1
01/09/2021,Peninsula,"Other Race",556,5,1
01/09/2021,Arlington,White,2888,183,84
01/09/2021,Norfolk,"Two or more races",146,11,1
01/09/2021,Alexandria,White,1886,101,47
01/09/2021,Hampton,"Not Reported",1107,4,1
01/09/2021,"Mount Rogers",White,9585,659,237
01/09/2021,Alexandria,"Not Reported",878,3,1
01/09/2021,"Western Tidewater","Not Reported",1912,5,3
01/09/2021,"Cumberland Plateau","Not Reported",1029,20,2
01/09/2021,"Mount Rogers",Black,262,13,4
01/09/2021,"Mount Rogers",Latino,462,13,1
01/09/2021,"West Piedmont",Black,1270,146,31
01/09/2021,"West Piedmont",Latino,524,22,2
01/09/2021,"Virginia Beach",White,8492,411,90
01/09/2021,"West Piedmont","Other Race",64,1,1
01/09/2021,Richmond,"Two or more races",122,6,1
01/09/2021,"Blue Ridge",Latino,1218,48,3
01/09/2021,"Blue Ridge",Black,1168,126,22
01/09/2021,"Virginia Beach","Not Reported",5102,42,9
01/09/2021,Hampton,"Other Race",173,4,1
01/09/2021,"Virginia Beach",Black,3525,243,49
01/09/2021,"Virginia Beach",Latino,1135,44,6
01/09/2021,Fairfax,Black,3773,330,70
01/09/2021,Fairfax,Latino,17575,1307,120
01/09/2021,"Prince William",Latino,11253,813,92
01/09/2021,"Prince William",Black,3398,243,62
01/09/2021,Piedmont,"Not Reported",1955,15,4
01/09/2021,Chesapeake,Latino,617,40,2
01/09/2021,Chesapeake,Black,3263,331,44
01/09/2021,Pittsylvania-Danville,"Not Reported",1811,24,6
01/09/2021,Alleghany,"Other Race",97,2,0
01/09/2021,"West Piedmont","Not Reported",1752,20,5
01/09/2021,Norfolk,White,2688,133,30
01/09/2021,"Virginia Beach","Two or more races",277,11,3
01/09/2021,Chesapeake,"Other Race",144,7,1
01/09/2021,Norfolk,"Other Race",193,6,2
01/09/2021,Chickahominy,Latino,207,10,1
01/09/2021,Chickahominy,Black,845,80,22
01/09/2021,"Eastern Shore",Black,1094,113,31
01/09/2021,"Eastern Shore",Latino,418,19,3
01/09/2021,"Prince William","Two or more races",427,7,2
01/09/2021,Hampton,White,1163,42,11
01/09/2021,"Prince William","Not Reported",8110,30,2
01/09/2021,"Mount Rogers","Two or more races",65,3,2
01/09/2021,Fairfax,White,12248,790,372
01/09/2021,"Rappahannock Rapidan","Not Reported",1813,33,8
01/09/2021,Southside,"Two or more races",150,0,11
01/09/2021,Lenowisco,"Not Reported",861,22,10
01/09/2021,Crater,"Not Reported",1636,17,6
01/09/2021,Chickahominy,"Not Reported",1488,5,1
01/09/2021,Fairfax,"Other Race",2326,145,25
01/09/2021,Portsmouth,"Two or more races",57,6,1
01/09/2021,Alexandria,Black,1587,141,22
01/09/2021,Alexandria,Latino,2973,176,17
01/09/2021,Roanoke,"Not Reported",1698,5,1
01/09/2021,Pittsylvania-Danville,Black,1630,148,29
01/09/2021,Pittsylvania-Danville,Latino,153,5,0
01/09/2021,"Eastern Shore","Two or more races",2,1,0
01/09/2021,"Lord Fairfax",White,7707,412,167
01/09/2021,Chesterfield,"Other Race",379,21,0
01/09/2021,"Mount Rogers","Other Race",50,2,2
01/09/2021,"Eastern Shore","Other Race",21,1,0
01/09/2021,"Three Rivers",White,2809,136,39
01/09/2021,Pittsylvania-Danville,"Other Race",6,0,0
01/09/2021,"Rappahannock Rapidan",Latino,1361,76,9
01/09/2021,"Rappahannock Rapidan",Black,801,64,17
01/09/2021,"Central Virginia","Not Reported",4964,44,10
01/09/2021,"Lord Fairfax",Latino,1421,74,11
01/09/2021,"Lord Fairfax",Black,435,34,12
01/09/2021,"Central Shenandoah","Other Race",236,6,1
01/09/2021,"Blue Ridge","Other Race",295,9,1
01/09/2021,Fairfax,"Two or more races",554,19,3
01/09/2021,Arlington,"Other Race",382,18,4
01/09/2021,"New River","Two or more races",140,7,8
01/09/2021,"Central Shenandoah",White,11544,460,159
01/09/2021,Southside,White,1150,58,38
01/09/2021,"New River","Other Race",39,1,0
01/10/2021,"Rappahannock Rapidan","Not Reported",1840,33,8
01/10/2021,Portsmouth,"Other Race",123,14,6
01/10/2021,"Western Tidewater","Two or more races",124,1,2
01/10/2021,Piedmont,White,1966,113,40
01/10/2021,Chesterfield,Latino,3094,146,16
01/10/2021,Lenowisco,White,4398,265,118
01/10/2021,Lenowisco,"Two or more races",42,3,7
01/10/2021,Hampton,"Not Reported",1161,4,1
01/10/2021,Southside,"Not Reported",1083,9,4
01/10/2021,Roanoke,Black,1183,49,18
01/10/2021,Hampton,Black,2241,145,37
01/10/2021,Alleghany,"Other Race",97,2,0
01/10/2021,Lenowisco,Latino,121,0,0
01/10/2021,Loudoun,"Other Race",1137,29,4
01/10/2021,"Central Shenandoah",Latino,1849,77,10
01/10/2021,"Rappahannock Rapidan",Latino,1373,76,9
01/10/2021,"Eastern Shore",Black,1107,113,31
01/10/2021,Norfolk,Latino,680,37,1
01/10/2021,Hampton,"Two or more races",86,1,0
01/10/2021,Richmond,Black,3776,352,51
01/10/2021,Henrico,"Two or more races",210,12,3
01/10/2021,Fairfax,"Two or more races",568,19,3
01/10/2021,"Blue Ridge",White,4679,183,68
01/10/2021,Alleghany,"Not Reported",2934,9,3
01/10/2021,"Blue Ridge","Two or more races",180,8,1
01/10/2021,Portsmouth,"Not Reported",1003,10,2
01/10/2021,"Cumberland Plateau","Other Race",13,1,0
01/10/2021,Southside,"Two or more races",150,0,11
01/10/2021,Portsmouth,White,1199,89,19
01/10/2021,"Rappahannock Rapidan","Two or more races",80,3,0
01/10/2021,Fairfax,White,12403,791,372
01/10/2021,Fairfax,"Other Race",2378,145,25
01/10/2021,Crater,"Two or more races",47,2,1
01/10/2021,"West Piedmont","Not Reported",1771,20,5
01/10/2021,Henrico,"Other Race",432,21,1
01/10/2021,"Three Rivers",White,2850,136,39
01/10/2021,"Central Virginia",Black,1548,86,31
01/10/2021,Lenowisco,"Other Race",29,0,0
01/10/2021,"Three Rivers","Other Race",85,3,0
01/10/2021,"Western Tidewater",White,2748,135,89
01/10/2021,"Mount Rogers",Black,263,13,4
01/10/2021,"Three Rivers","Not Reported",710,4,1
01/10/2021,"Eastern Shore",White,835,61,27
01/10/2021,"Central Virginia",White,6667,219,85
01/10/2021,Lenowisco,Black,186,6,3
01/10/2021,"Central Virginia","Two or more races",72,2,0
01/10/2021,Richmond,"Two or more races",124,6,1
01/10/2021,Crater,"Not Reported",1675,17,6
01/10/2021,Chesterfield,"Two or more races",158,12,1
01/10/2021,"New River",Latino,324,7,0
01/10/2021,Richmond,Latino,1761,128,9
01/10/2021,Portsmouth,Latino,146,13,1
01/10/2021,Pittsylvania-Danville,"Not Reported",1820,24,6
01/10/2021,Chesapeake,"Not Reported",1619,5,0
01/10/2021,Chickahominy,Latino,210,10,1
01/10/2021,Crater,Black,3756,276,84
01/10/2021,Chesterfield,Black,3351,199,53
01/10/2021,Chesterfield,"Other Race",380,21,0
01/10/2021,Peninsula,Black,3129,173,41
01/10/2021,Roanoke,White,1865,58,79
01/10/2021,"New River",Black,429,13,7
01/10/2021,Southside,Latino,31,2,0
01/10/2021,Peninsula,Latino,764,32,3
01/10/2021,Rappahannock,"Two or more races",151,6,1
01/10/2021,"Virginia Beach",Black,3559,243,49
01/10/2021,"Mount Rogers","Not Reported",1457,42,15
01/10/2021,Loudoun,"Not Reported",4025,14,0
01/10/2021,Chesapeake,"Other Race",145,7,1
01/10/2021,Chickahominy,"Two or more races",52,1,0
01/10/2021,Crater,"Other Race",126,0,1
01/10/2021,Norfolk,"Two or more races",149,11,1
01/10/2021,"Eastern Shore","Two or more races",2,1,0
01/10/2021,"Central Shenandoah",White,11703,464,159
01/10/2021,"New River","Other Race",42,1,0
01/10/2021,"New River",White,6296,209,97
01/10/2021,"Central Shenandoah","Other Race",239,6,1
01/10/2021,"West Piedmont",Black,1289,148,31
01/10/2021,Alleghany,Latino,308,13,2
01/10/2021,"Central Shenandoah","Not Reported",3877,22,6
01/10/2021,Roanoke,"Two or more races",44,2,0
01/10/2021,Peninsula,"Two or more races",205,6,1
01/10/2021,Richmond,"Not Reported",1795,6,6
01/10/2021,Arlington,"Other Race",388,18,4
01/10/2021,Norfolk,"Not Reported",2088,9,2
01/10/2021,Alexandria,"Other Race",223,14,2
01/10/2021,"Virginia Beach",White,8675,411,90
01/10/2021,Chesapeake,"Two or more races",126,7,2
01/10/2021,Alleghany,White,5548,197,127
01/10/2021,"Rappahannock Rapidan","Other Race",123,5,0
01/10/2021,Chickahominy,"Not Reported",1536,5,1
01/10/2021,Portsmouth,Black,2665,325,58
01/10/2021,Chickahominy,"Other Race",88,3,0
01/10/2021,"Virginia Beach",Latino,1148,44,6
01/10/2021,Chesapeake,White,4355,238,52
01/10/2021,"Blue Ridge",Latino,1228,48,3
01/10/2021,Southside,Black,1153,75,37
01/10/2021,Rappahannock,Latino,2349,135,14
01/10/2021,"Three Rivers","Two or more races",51,1,0
01/10/2021,Henrico,Black,4105,328,114
01/10/2021,Pittsylvania-Danville,Black,1649,150,29
01/10/2021,"Lord Fairfax","Two or more races",89,4,2
01/10/2021,"Prince William",Latino,11306,813,92
01/10/2021,"Mount Rogers","Other Race",54,2,2
01/10/2021,"Central Shenandoah",Black,948,37,17
01/10/2021,Peninsula,White,4112,157,77
01/10/2021,"Eastern Shore","Not Reported",105,0,0
01/10/2021,Hampton,"Other Race",177,4,1
01/10/2021,"Lord Fairfax","Not Reported",1870,8,9
01/10/2021,"Central Virginia","Other Race",122,0,0
01/10/2021,"Western Tidewater","Other Race",227,2,2
01/10/2021,Crater,Latino,379,11,5
01/10/2021,Chesapeake,Latino,618,40,2
01/10/2021,Chesterfield,White,6275,306,135
01/10/2021,"Western Tidewater","Not Reported",1931,5,3
01/10/2021,Fairfax,"Not Reported",7463,70,37
01/10/2021,Arlington,Black,797,112,42
01/10/2021,"Central Virginia",Latino,209,7,4
01/10/2021,Alexandria,"Not Reported",902,3,1
01/10/2021,"Three Rivers",Black,1504,100,24
01/10/2021,"Prince William","Two or more races",429,7,2
01/10/2021,Loudoun,"Two or more races",249,7,0
01/10/2021,Peninsula,"Other Race",563,5,1
01/10/2021,Norfolk,"Other Race",193,6,2
01/10/2021,"Prince William","Not Reported",8166,30,2
01/10/2021,"West Piedmont",White,4053,296,100
01/10/2021,Rappahannock,Black,2060,151,27
01/10/2021,Norfolk,Black,4063,397,79
01/10/2021,Roanoke,Latino,663,33,4
01/10/2021,Piedmont,Latino,121,10,2
01/10/2021,Roanoke,"Not Reported",1715,5,1
01/10/2021,"Virginia Beach","Other Race",392,10,0
01/10/2021,Arlington,"Two or more races",121,8,1
01/10/2021,Alexandria,White,1906,101,47
01/10/2021,"Lord Fairfax","Other Race",275,7,1
01/10/2021,"Virginia Beach","Not Reported",5226,42,9
01/10/2021,Loudoun,Black,664,48,11
01/10/2021,Pittsylvania-Danville,Latino,155,5,0
01/10/2021,"Cumberland Plateau","Not Reported",1041,20,2
01/10/2021,Chesterfield,"Not Reported",2819,7,12
01/10/2021,"Blue Ridge","Not Reported",1034,8,1
01/10/2021,"Mount Rogers",White,9724,670,238
01/10/2021,Richmond,White,2510,78,34
01/10/2021,Lenowisco,"Not Reported",872,24,10
01/10/2021,"Three Rivers",Latino,313,7,1
01/10/2021,Piedmont,"Not Reported",1957,15,4
01/10/2021,"Mount Rogers",Latino,465,13,1
01/10/2021,"Central Shenandoah","Two or more races",170,3,4
01/10/2021,Crater,White,2303,105,37
01/10/2021,Arlington,White,2925,183,84
01/10/2021,Pittsylvania-Danville,"Other Race",6,0,0
01/10/2021,Chickahominy,Black,869,81,22
01/10/2021,Fairfax,Black,3830,330,70
01/10/2021,"Eastern Shore",Latino,427,20,3
01/10/2021,Norfolk,White,2732,134,31
01/10/2021,"Mount Rogers","Two or more races",66,3,2
01/10/2021,Alleghany,"Two or more races",51,1,4
01/10/2021,Southside,White,1153,61,38
01/10/2021,"Prince William",Black,3426,244,62
01/10/2021,"Lord Fairfax",White,7777,417,167
01/10/2021,"Cumberland Plateau",Latino,40,0,0
01/10/2021,Arlington,"Not Reported",2278,15,2
01/10/2021,Rappahannock,"Other Race",568,6,0
01/10/2021,"Rappahannock Rapidan",Black,814,64,17
01/10/2021,"New River","Two or more races",141,7,8
01/10/2021,"Blue Ridge","Other Race",296,9,1
01/10/2021,Arlington,Latino,2991,295,34
01/10/2021,Henrico,White,4653,240,155
01/10/2021,Loudoun,White,4294,201,116
01/10/2021,Hampton,White,1206,42,11
01/10/2021,Alleghany,Black,499,18,13
01/10/2021,"Prince William",White,5625,250,117
01/10/2021,Rappahannock,White,5004,263,86
01/10/2021,Southside,"Other Race",26,1,1
01/10/2021,Portsmouth,"Two or more races",57,6,1
01/10/2021,"Western Tidewater",Black,3248,262,82
01/10/2021,Hampton,Latino,219,10,1
01/10/2021,Henrico,"Not Reported",2861,13,8
01/10/2021,"West Piedmont","Two or more races",40,1,0
01/10/2021,Peninsula,"Not Reported",2926,3,2
01/10/2021,Loudoun,Latino,3785,285,20
01/10/2021,Alexandria,Black,1609,141,22
01/10/2021,Piedmont,Black,1412,113,30
01/10/2021,Roanoke,"Other Race",71,1,0
01/10/2021,Alexandria,"Two or more races",104,6,1
01/10/2021,"Western Tidewater",Latino,109,1,2
01/10/2021,Rappahannock,"Not Reported",4116,37,1
01/10/2021,"West Piedmont","Other Race",71,1,1
01/10/2021,Chickahominy,White,3619,180,76
01/10/2021,"Blue Ridge",Black,1188,127,22
01/10/2021,"Cumberland Plateau",Black,149,2,1
01/10/2021,"Lord Fairfax",Latino,1424,74,11
01/10/2021,"West Piedmont",Latino,528,22,2
01/10/2021,"Cumberland Plateau",White,4827,270,69
01/10/2021,"Eastern Shore","Other Race",22,1,0
01/10/2021,"Cumberland Plateau","Two or more races",23,2,0
01/10/2021,Pittsylvania-Danville,"Two or more races",18,0,0
01/10/2021,Piedmont,"Other Race",31,0,0
01/10/2021,Alexandria,Latino,3001,176,17
01/10/2021,Chesapeake,Black,3283,333,44
01/10/2021,Richmond,"Other Race",259,10,3
01/10/2021,Henrico,Latino,1437,72,15
01/10/2021,Piedmont,"Two or more races",83,2,1
01/10/2021,"Prince William","Other Race",1845,37,0
01/10/2021,"New River","Not Reported",2920,36,1
01/10/2021,"Rappahannock Rapidan",White,3547,134,40
01/10/2021,"Central Virginia","Not Reported",5006,44,10
01/10/2021,"Virginia Beach","Two or more races",284,11,3
01/10/2021,Pittsylvania-Danville,White,2264,134,69
01/10/2021,"Lord Fairfax",Black,438,34,12
01/10/2021,Fairfax,Latino,17693,1307,120
01/10/2021,Chesterfield,"Asian or Pacific Islander",309,11,2
01/10/2021,Crater,"Asian or Pacific Islander",62,0,0
01/10/2021,Fairfax,"Asian or Pacific Islander",5221,446,95
01/10/2021,Hampton,"Asian or Pacific Islander",63,0,0
01/10/2021,"Rappahannock Rapidan","Asian or Pacific Islander",57,3,1
01/10/2021,"Mount Rogers","Asian or Pacific Islander",24,2,0
01/10/2021,"New River","Asian or Pacific Islander",189,2,1
01/10/2021,"Central Virginia","Asian or Pacific Islander",96,3,0
01/10/2021,"Blue Ridge","Asian or Pacific Islander",213,4,1
01/10/2021,"Lord Fairfax","Asian or Pacific Islander",85,3,1
01/10/2021,Southside,"Asian or Pacific Islander",6,0,0
01/10/2021,Alleghany,"Asian or Pacific Islander",102,3,0
01/10/2021,Portsmouth,"Asian or Pacific Islander",29,1,0
01/10/2021,Roanoke,"Asian or Pacific Islander",102,4,0
01/10/2021,Richmond,"Asian or Pacific Islander",143,6,1
01/10/2021,"Virginia Beach","Asian or Pacific Islander",791,55,10
01/10/2021,Henrico,"Asian or Pacific Islander",656,16,5
01/10/2021,Piedmont,"Asian or Pacific Islander",21,2,1
01/10/2021,"Western Tidewater","Asian or Pacific Islander",40,2,3
01/10/2021,"West Piedmont","Asian or Pacific Islander",30,2,1
01/10/2021,Chickahominy,"Asian or Pacific Islander",49,3,0
01/10/2021,Peninsula,"Asian or Pacific Islander",153,8,6
01/10/2021,Norfolk,"Asian or Pacific Islander",183,13,0
01/10/2021,Arlington,"Asian or Pacific Islander",488,40,18
01/10/2021,Loudoun,"Asian or Pacific Islander",1194,84,13
01/10/2021,Alexandria,"Asian or Pacific Islander",332,13,1
01/10/2021,Rappahannock,"Asian or Pacific Islander",261,14,3
01/10/2021,Chesapeake,"Asian or Pacific Islander",181,16,7
01/10/2021,"Cumberland Plateau and Lenowisco","Asian or Pacific Islander",15,0,0
01/10/2021,"Central Shenandoah","Asian or Pacific Islander",157,4,0
01/10/2021,"Prince William","Asian or Pacific Islander",1509,87,25
01/10/2021,Pittsylvania-Danville,"Asian or Pacific Islander",9,0,0
01/10/2021,"Eastern Shore and Three Rivers","Asian or Pacific Islander",28,1,0
01/10/2021,Piedmont,"Native American",8,0,0
01/10/2021,"New River","Native American",9,0,0
01/10/2021,"Central Shenandoah","Native American",11,1,0
01/10/2021,"Eastern Shore and Three Rivers","Native American",11,0,0
01/10/2021,Fairfax,"Native American",78,3,1
01/10/2021,Chesapeake,"Native American",21,0,0
01/10/2021,"Western Tidewater","Native American",6,0,0
01/10/2021,Portsmouth,"Native American",7,2,0
01/10/2021,Richmond,"Native American",10,0,1
01/10/2021,"Blue Ridge","Native American",8,0,0
01/10/2021,Chickahominy,"Native American",26,2,0
01/10/2021,Arlington,"Native American",9,0,0
01/10/2021,"Virginia Beach","Native American",27,0,0
01/10/2021,Peninsula,"Native American",18,2,1
01/10/2021,Hampton,"Native American",6,0,1
01/10/2021,"West Piedmont","Native American",5,0,0
01/10/2021,"Cumberland Plateau, Lenowisco, and Mount Rogers","Native American",24,1,0
01/10/2021,Henrico,"Native American",25,0,0
01/10/2021,Norfolk,"Native American",17,1,1
01/10/2021,"Prince William","Native American",56,1,1
01/10/2021,"Central Virginia","Native American",25,0,0
01/10/2021,Chesterfield,"Native American",13,1,0
01/10/2021,Rappahannock,"Native American",14,0,0
01/10/2021,Loudoun,"Native American",20,0,0
01/10/2021,Alexandria,"Native American",10,0,0
01/10/2021,"Alleghany and Roanoke","Native American",11,0,1
01/10/2021,Crater,"Native American",7,1,1
01/10/2021,"Rappahannock Rapidan","Native American",13,0,0
01/10/2021,"Lord Fairfax","Native American",7,1,1
01/10/2021,"Pittsylvania-Danville and Southside","Native American",7,1,0
01/11/2021,Southside,"Not Reported",1103,9,4
01/11/2021,Chesapeake,White,4390,239,52
01/11/2021,"Three Rivers","Other Race",88,3,0
01/11/2021,"Central Virginia","Other Race",123,0,0
01/11/2021,"Central Virginia","Two or more races",73,2,0
01/11/2021,"Cumberland Plateau",White,4869,271,69
01/11/2021,Lenowisco,"Two or more races",42,3,7
01/11/2021,"Western Tidewater",Black,3285,266,85
01/11/2021,"Western Tidewater",Latino,110,1,2
01/11/2021,Fairfax,"Not Reported",7699,70,37
01/11/2021,Chesapeake,"Not Reported",1633,5,0
01/11/2021,"Cumberland Plateau","Two or more races",23,2,0
01/11/2021,Loudoun,Black,668,48,11
01/11/2021,Loudoun,Latino,3794,285,20
01/11/2021,Alleghany,Latino,310,13,2
01/11/2021,Alleghany,Black,508,18,13
01/11/2021,"Three Rivers",Black,1525,102,24
01/11/2021,"Three Rivers",Latino,313,7,1
01/11/2021,"Central Shenandoah","Two or more races",170,3,4
01/11/2021,Hampton,Black,2270,148,37
01/11/2021,Hampton,Latino,219,10,1
01/11/2021,Southside,"Other Race",28,1,1
01/11/2021,Piedmont,"Other Race",31,0,0
01/11/2021,"Prince William","Other Race",1879,37,0
01/11/2021,Richmond,"Other Race",260,10,3
01/11/2021,Hampton,"Two or more races",89,1,0
01/11/2021,Norfolk,Latino,683,37,1
01/11/2021,"Lord Fairfax","Not Reported",1910,8,9
01/11/2021,Norfolk,Black,4089,397,79
01/11/2021,"Central Virginia",Black,1556,86,31
01/11/2021,Rappahannock,Latino,2356,135,14
01/11/2021,"Central Virginia",Latino,209,7,4
01/11/2021,Rappahannock,Black,2075,151,27
01/11/2021,"West Piedmont",White,4078,299,100
01/11/2021,Rappahannock,"Not Reported",4229,37,1
01/11/2021,"Central Shenandoah","Not Reported",3929,24,6
01/11/2021,"Blue Ridge","Not Reported",1050,8,1
01/11/2021,Chesterfield,Latino,3106,146,16
01/11/2021,Chesterfield,Black,3371,199,53
01/11/2021,"Central Shenandoah",Latino,1856,77,10
01/11/2021,Southside,Latino,33,2,0
01/11/2021,Southside,Black,1191,76,37
01/11/2021,"Central Shenandoah",Black,958,37,17
01/11/2021,Peninsula,White,4196,163,77
01/11/2021,"Rappahannock Rapidan",White,3575,134,40
01/11/2021,"New River",Latino,325,7,0
01/11/2021,"New River",Black,433,13,7
01/11/2021,Roanoke,"Other Race",72,1,0
01/11/2021,"Three Rivers","Two or more races",52,1,0
01/11/2021,"Prince William",White,5691,251,117
01/11/2021,"West Piedmont","Two or more races",43,1,0
01/11/2021,"New River","Not Reported",2940,36,1
01/11/2021,Chesterfield,"Not Reported",2834,7,12
01/11/2021,Crater,"Two or more races",47,2,1
01/11/2021,Lenowisco,White,4411,265,118
01/11/2021,"Western Tidewater",White,2780,137,93
01/11/2021,"Lord Fairfax","Other Race",277,7,1
01/11/2021,Chickahominy,"Two or more races",56,1,0
01/11/2021,Henrico,Black,4161,329,114
01/11/2021,Henrico,Latino,1446,72,15
01/11/2021,Alleghany,White,5613,199,127
01/11/2021,Peninsula,Black,3166,173,41
01/11/2021,Peninsula,Latino,767,32,3
01/11/2021,Loudoun,"Other Race",1145,29,4
01/11/2021,Arlington,"Not Reported",2329,16,2
01/11/2021,"Mount Rogers","Not Reported",1465,41,15
01/11/2021,Portsmouth,White,1222,89,19
01/11/2021,"Western Tidewater","Two or more races",125,1,2
01/11/2021,"Three Rivers","Not Reported",715,4,1
01/11/2021,Richmond,Black,3818,354,51
01/11/2021,Richmond,Latino,1763,128,9
01/11/2021,"Cumberland Plateau",Latino,40,0,0
01/11/2021,Rappahannock,"Other Race",569,6,0
01/11/2021,"Cumberland Plateau",Black,149,2,1
01/11/2021,Loudoun,"Not Reported",4054,14,0
01/11/2021,Loudoun,White,4310,201,116
01/11/2021,Peninsula,"Not Reported",2967,3,2
01/11/2021,Henrico,White,4715,245,156
01/11/2021,Chesterfield,"Two or more races",159,12,1
01/11/2021,Richmond,White,2538,79,34
01/11/2021,Chesapeake,"Two or more races",128,7,2
01/11/2021,Chickahominy,White,3713,181,76
01/11/2021,Lenowisco,Latino,122,0,0
01/11/2021,Lenowisco,Black,186,6,3
01/11/2021,"Blue Ridge",White,4755,186,68
01/11/2021,Roanoke,"Two or more races",44,2,0
01/11/2021,Piedmont,Latino,120,10,2
01/11/2021,Piedmont,Black,1419,113,30
01/11/2021,Chesterfield,White,6319,306,135
01/11/2021,"Lord Fairfax","Two or more races",92,4,2
01/11/2021,"Central Virginia",White,6704,220,85
01/11/2021,Rappahannock,White,5079,263,86
01/11/2021,"New River",White,6337,209,97
01/11/2021,"Blue Ridge","Two or more races",184,8,1
01/11/2021,Crater,White,2330,105,37
01/11/2021,Alleghany,"Not Reported",2989,9,3
01/11/2021,Arlington,"Two or more races",125,8,2
01/11/2021,Portsmouth,"Other Race",127,14,6
01/11/2021,Piedmont,White,1972,113,40
01/11/2021,Alleghany,"Two or more races",51,1,4
01/11/2021,Crater,Black,3787,276,84
01/11/2021,Crater,Latino,381,11,5
01/11/2021,Piedmont,"Two or more races",83,2,1
01/11/2021,Pittsylvania-Danville,White,2303,134,69
01/11/2021,"Rappahannock Rapidan","Other Race",125,5,0
01/11/2021,Richmond,"Not Reported",1804,6,6
01/11/2021,Henrico,"Two or more races",215,12,3
01/11/2021,Henrico,"Other Race",442,21,1
01/11/2021,Loudoun,"Two or more races",252,7,0
01/11/2021,"Rappahannock Rapidan","Two or more races",80,3,0
01/11/2021,Portsmouth,Latino,148,13,1
01/11/2021,Portsmouth,Black,2706,326,58
01/11/2021,Portsmouth,"Not Reported",1039,10,2
01/11/2021,Alexandria,"Two or more races",107,6,1
01/11/2021,"Virginia Beach","Other Race",407,10,0
01/11/2021,Norfolk,"Not Reported",2098,9,2
01/11/2021,Rappahannock,"Two or more races",154,6,1
01/11/2021,Arlington,Black,804,116,42
01/11/2021,Arlington,Latino,3007,299,34
01/11/2021,"Eastern Shore",White,853,61,27
01/11/2021,"Eastern Shore","Not Reported",106,0,0
01/11/2021,Roanoke,White,1879,58,79
01/11/2021,Alexandria,"Other Race",227,14,2
01/11/2021,"Cumberland Plateau","Other Race",13,1,0
01/11/2021,"Western Tidewater","Other Race",228,2,2
01/11/2021,Lenowisco,"Other Race",30,0,0
01/11/2021,Pittsylvania-Danville,"Two or more races",18,0,0
01/11/2021,Henrico,"Not Reported",2904,13,8
01/11/2021,Crater,"Other Race",126,0,1
01/11/2021,Chickahominy,"Other Race",89,3,0
01/11/2021,Roanoke,Black,1189,49,18
01/11/2021,Roanoke,Latino,664,33,4
01/11/2021,Peninsula,"Two or more races",209,6,1
01/11/2021,Peninsula,"Other Race",575,5,1
01/11/2021,Arlington,White,2948,188,84
01/11/2021,Norfolk,"Two or more races",148,11,1
01/11/2021,Alexandria,White,1932,101,47
01/11/2021,Hampton,"Not Reported",1169,4,1
01/11/2021,"Mount Rogers",White,9819,678,239
01/11/2021,Alexandria,"Not Reported",908,3,1
01/11/2021,"Western Tidewater","Not Reported",1947,6,3
01/11/2021,"Cumberland Plateau","Not Reported",1063,20,2
01/11/2021,"Mount Rogers",Black,266,13,4
01/11/2021,"Mount Rogers",Latino,468,13,1
01/11/2021,"West Piedmont",Black,1299,149,31
01/11/2021,"West Piedmont",Latino,532,22,2
01/11/2021,"Virginia Beach",White,8835,411,90
01/11/2021,"West Piedmont","Other Race",67,1,1
01/11/2021,Richmond,"Two or more races",124,6,1
01/11/2021,"Blue Ridge",Latino,1237,48,3
01/11/2021,"Blue Ridge",Black,1205,127,22
01/11/2021,"Virginia Beach","Not Reported",5282,42,9
01/11/2021,Hampton,"Other Race",181,4,1
01/11/2021,"Virginia Beach",Black,3613,243,49
01/11/2021,"Virginia Beach",Latino,1158,44,6
01/11/2021,Fairfax,Black,3887,331,70
01/11/2021,Fairfax,Latino,17815,1308,120
01/11/2021,"Prince William",Latino,11364,813,92
01/11/2021,"Prince William",Black,3457,244,62
01/11/2021,Piedmont,"Not Reported",1969,15,4
01/11/2021,Chesapeake,Latino,619,40,2
01/11/2021,Chesapeake,Black,3300,334,44
01/11/2021,Pittsylvania-Danville,"Not Reported",1865,24,6
01/11/2021,Alleghany,"Other Race",97,2,0
01/11/2021,"West Piedmont","Not Reported",1789,21,5
01/11/2021,Norfolk,White,2758,134,31
01/11/2021,"Virginia Beach","Two or more races",290,11,3
01/11/2021,Chesapeake,"Other Race",146,7,1
01/11/2021,Norfolk,"Other Race",196,6,2
01/11/2021,Chickahominy,Latino,216,10,1
01/11/2021,Chickahominy,Black,881,81,22
01/11/2021,"Eastern Shore",Black,1122,113,31
01/11/2021,"Eastern Shore",Latino,433,20,3
01/11/2021,"Prince William","Two or more races",433,7,2
01/11/2021,Hampton,White,1221,42,11
01/11/2021,"Prince William","Not Reported",8278,30,2
01/11/2021,"Mount Rogers","Two or more races",66,3,2
01/11/2021,Fairfax,White,12579,792,372
01/11/2021,"Rappahannock Rapidan","Not Reported",1855,34,8
01/11/2021,Southside,"Two or more races",150,0,11
01/11/2021,Lenowisco,"Not Reported",880,24,10
01/11/2021,Crater,"Not Reported",1693,17,6
01/11/2021,Chickahominy,"Not Reported",1602,5,1
01/11/2021,Fairfax,"Other Race",2434,145,25
01/11/2021,Portsmouth,"Two or more races",62,7,1
01/11/2021,Alexandria,Black,1627,142,22
01/11/2021,Alexandria,Latino,3008,177,17
01/11/2021,Roanoke,"Not Reported",1745,5,1
01/11/2021,Pittsylvania-Danville,Black,1665,151,29
01/11/2021,Pittsylvania-Danville,Latino,155,5,0
01/11/2021,"Eastern Shore","Two or more races",3,1,0
01/11/2021,"Lord Fairfax",White,7834,417,167
01/11/2021,Chesterfield,"Other Race",383,21,0
01/11/2021,"Mount Rogers","Other Race",53,2,2
01/11/2021,"Eastern Shore","Other Race",21,1,0
01/11/2021,"Three Rivers",White,2896,136,39
01/11/2021,Pittsylvania-Danville,"Other Race",6,0,0
01/11/2021,"Rappahannock Rapidan",Latino,1384,76,9
01/11/2021,"Rappahannock Rapidan",Black,823,65,17
01/11/2021,"Central Virginia","Not Reported",5082,44,10
01/11/2021,"Lord Fairfax",Latino,1427,74,11
01/11/2021,"Lord Fairfax",Black,440,34,12
01/11/2021,"Central Shenandoah","Other Race",241,6,1
01/11/2021,"Blue Ridge","Other Race",299,9,1
01/11/2021,Fairfax,"Two or more races",596,19,3
01/11/2021,Arlington,"Other Race",399,19,4
01/11/2021,"New River","Two or more races",141,7,8
01/11/2021,"Central Shenandoah",White,11831,469,159
01/11/2021,Southside,White,1180,61,38
01/11/2021,"New River","Other Race",43,1,0
01/11/2021,Chesterfield,"Asian or Pacific Islander",311,11,2
01/11/2021,Crater,"Asian or Pacific Islander",62,0,0
01/11/2021,Fairfax,"Asian or Pacific Islander",5291,447,95
01/11/2021,Hampton,"Asian or Pacific Islander",63,0,0
01/11/2021,"Rappahannock Rapidan","Asian or Pacific Islander",57,3,1
01/11/2021,"Mount Rogers","Asian or Pacific Islander",24,2,0
01/11/2021,"New River","Asian or Pacific Islander",190,2,1
01/11/2021,"Central Virginia","Asian or Pacific Islander",96,3,0
01/11/2021,"Blue Ridge","Asian or Pacific Islander",214,4,1
01/11/2021,"Lord Fairfax","Asian or Pacific Islander",84,3,1
01/11/2021,Southside,"Asian or Pacific Islander",6,0,0
01/11/2021,Alleghany,"Asian or Pacific Islander",102,3,0
01/11/2021,Portsmouth,"Asian or Pacific Islander",29,1,0
01/11/2021,Roanoke,"Asian or Pacific Islander",102,4,0
01/11/2021,Richmond,"Asian or Pacific Islander",147,6,1
01/11/2021,"Virginia Beach","Asian or Pacific Islander",808,55,10
01/11/2021,Henrico,"Asian or Pacific Islander",659,16,5
01/11/2021,Piedmont,"Asian or Pacific Islander",21,2,1
01/11/2021,"Western Tidewater","Asian or Pacific Islander",40,2,3
01/11/2021,"West Piedmont","Asian or Pacific Islander",30,2,1
01/11/2021,Chickahominy,"Asian or Pacific Islander",49,3,0
01/11/2021,Peninsula,"Asian or Pacific Islander",154,8,6
01/11/2021,Norfolk,"Asian or Pacific Islander",186,14,0
01/11/2021,Arlington,"Asian or Pacific Islander",496,41,18
01/11/2021,Loudoun,"Asian or Pacific Islander",1200,84,13
01/11/2021,Alexandria,"Asian or Pacific Islander",337,13,1
01/11/2021,Rappahannock,"Asian or Pacific Islander",264,14,3
01/11/2021,Chesapeake,"Asian or Pacific Islander",183,16,7
01/11/2021,"Cumberland Plateau and Lenowisco","Asian or Pacific Islander",15,0,0
01/11/2021,"Central Shenandoah","Asian or Pacific Islander",160,4,0
01/11/2021,"Prince William","Asian or Pacific Islander",1517,88,25
01/11/2021,Pittsylvania-Danville,"Asian or Pacific Islander",9,0,0
01/11/2021,"Eastern Shore and Three Rivers","Asian or Pacific Islander",31,1,0
01/11/2021,Piedmont,"Native American",8,0,0
01/11/2021,"New River","Native American",9,0,0
01/11/2021,"Central Shenandoah","Native American",11,1,0
01/11/2021,"Eastern Shore and Three Rivers","Native American",11,0,0
01/11/2021,Fairfax,"Native American",78,3,1
01/11/2021,Chesapeake,"Native American",21,0,0
01/11/2021,"Western Tidewater","Native American",6,0,0
01/11/2021,Portsmouth,"Native American",7,2,0
01/11/2021,Richmond,"Native American",10,0,1
01/11/2021,"Blue Ridge","Native American",8,0,0
01/11/2021,Chickahominy,"Native American",26,2,0
01/11/2021,Arlington,"Native American",9,0,0
01/11/2021,"Virginia Beach","Native American",27,0,0
01/11/2021,Peninsula,"Native American",18,2,1
01/11/2021,Hampton,"Native American",6,0,1
01/11/2021,"West Piedmont","Native American",5,0,0
01/11/2021,"Cumberland Plateau, Lenowisco, and Mount Rogers","Native American",24,1,0
01/11/2021,Henrico,"Native American",25,0,0
01/11/2021,Norfolk,"Native American",18,1,1
01/11/2021,"Prince William","Native American",57,1,1
01/11/2021,"Central Virginia","Native American",25,0,0
01/11/2021,Chesterfield,"Native American",13,1,0
01/11/2021,Rappahannock,"Native American",15,0,0
01/11/2021,Loudoun,"Native American",20,0,0
01/11/2021,Alexandria,"Native American",10,0,0
01/11/2021,"Alleghany and Roanoke","Native American",11,0,1
01/11/2021,Crater,"Native American",7,1,1
01/11/2021,"Rappahannock Rapidan","Native American",13,0,0
01/11/2021,"Lord Fairfax","Native American",7,1,1
01/11/2021,"Pittsylvania-Danville and Southside","Native American",7,1,0
01/12/2021,Southside,"Not Reported",1121,9,4
01/12/2021,Chesapeake,White,4446,243,52
01/12/2021,"Three Rivers","Other Race",89,3,0
01/12/2021,"Central Virginia","Other Race",128,0,0
01/12/2021,"Central Virginia","Two or more races",73,2,0
01/12/2021,"Cumberland Plateau",White,4896,275,74
01/12/2021,Lenowisco,"Two or more races",43,3,7
01/12/2021,"Western Tidewater",Black,3310,267,85
01/12/2021,"Western Tidewater",Latino,110,1,2
01/12/2021,Fairfax,"Not Reported",7794,70,38
01/12/2021,Chesapeake,"Not Reported",1655,5,0
01/12/2021,"Cumberland Plateau","Two or more races",23,2,0
01/12/2021,Loudoun,Black,672,48,11
01/12/2021,Loudoun,Latino,3809,285,21
01/12/2021,Alleghany,Latino,316,13,2
01/12/2021,Alleghany,Black,516,18,13
01/12/2021,"Three Rivers",Black,1545,103,25
01/12/2021,"Three Rivers",Latino,317,7,1
01/12/2021,"Central Shenandoah","Two or more races",170,3,4
01/12/2021,Hampton,Black,2299,148,38
01/12/2021,Hampton,Latino,220,10,1
01/12/2021,Southside,"Other Race",28,1,1
01/12/2021,Piedmont,"Other Race",31,0,0
01/12/2021,"Prince William","Other Race",1884,37,0
01/12/2021,Richmond,"Other Race",262,10,3
01/12/2021,Hampton,"Two or more races",90,1,0
01/12/2021,Norfolk,Latino,690,37,1
01/12/2021,"Lord Fairfax","Not Reported",1969,8,10
01/12/2021,Norfolk,Black,4169,400,80
01/12/2021,"Central Virginia",Black,1586,87,31
01/12/2021,Rappahannock,Latino,2372,135,14
01/12/2021,"Central Virginia",Latino,211,7,4
01/12/2021,Rappahannock,Black,2098,151,27
01/12/2021,"West Piedmont",White,4123,303,102
01/12/2021,Rappahannock,"Not Reported",4269,37,1
01/12/2021,"Central Shenandoah","Not Reported",3949,24,6
01/12/2021,"Blue Ridge","Not Reported",1068,8,1
01/12/2021,Chesterfield,Latino,3120,147,16
01/12/2021,Chesterfield,Black,3410,200,54
01/12/2021,"Central Shenandoah",Latino,1864,77,10
01/12/2021,Southside,Latino,33,2,0
01/12/2021,Southside,Black,1212,76,38
01/12/2021,"Central Shenandoah",Black,962,37,17
01/12/2021,Peninsula,White,4282,164,79
01/12/2021,"Rappahannock Rapidan",White,3603,136,44
01/12/2021,"New River",Latino,326,7,0
01/12/2021,"New River",Black,437,13,7
01/12/2021,Roanoke,"Other Race",72,1,0
01/12/2021,"Three Rivers","Two or more races",53,1,0
01/12/2021,"Prince William",White,5766,253,118
01/12/2021,"West Piedmont","Two or more races",42,1,0
01/12/2021,"New River","Not Reported",2959,36,1
01/12/2021,Chesterfield,"Not Reported",2849,7,12
01/12/2021,Crater,"Two or more races",47,2,1
01/12/2021,Lenowisco,White,4463,271,120
01/12/2021,"Western Tidewater",White,2795,138,94
01/12/2021,"Lord Fairfax","Other Race",280,7,1
01/12/2021,Chickahominy,"Two or more races",56,1,0
01/12/2021,Henrico,Black,4205,330,114
01/12/2021,Henrico,Latino,1456,72,16
01/12/2021,Alleghany,White,5702,200,130
01/12/2021,Peninsula,Black,3218,177,41
01/12/2021,Peninsula,Latino,772,32,3
01/12/2021,Loudoun,"Other Race",1158,29,4
01/12/2021,Arlington,"Not Reported",2361,16,2
01/12/2021,"Mount Rogers","Not Reported",1459,41,15
01/12/2021,Portsmouth,White,1234,89,20
01/12/2021,"Western Tidewater","Two or more races",126,1,2
01/12/2021,"Three Rivers","Not Reported",734,4,1
01/12/2021,Richmond,Black,3860,355,52
01/12/2021,Richmond,Latino,1770,128,9
01/12/2021,"Cumberland Plateau",Latino,40,0,0
01/12/2021,Rappahannock,"Other Race",579,6,0
01/12/2021,"Cumberland Plateau",Black,149,2,1
01/12/2021,Loudoun,"Not Reported",4086,14,0
01/12/2021,Loudoun,White,4380,201,116
01/12/2021,Peninsula,"Not Reported",3001,3,2
01/12/2021,Henrico,White,4786,247,159
01/12/2021,Chesterfield,"Two or more races",160,12,1
01/12/2021,Richmond,White,2565,79,35
01/12/2021,Chesapeake,"Two or more races",130,7,2
01/12/2021,Chickahominy,White,3756,181,78
01/12/2021,Lenowisco,Latino,122,0,0
01/12/2021,Lenowisco,Black,186,6,3
01/12/2021,"Blue Ridge",White,4791,186,68
01/12/2021,Roanoke,"Two or more races",44,2,0
01/12/2021,Piedmont,Latino,121,10,2
01/12/2021,Piedmont,Black,1437,114,30
01/12/2021,Chesterfield,White,6382,310,136
01/12/2021,"Lord Fairfax","Two or more races",94,4,2
01/12/2021,"Central Virginia",White,6874,224,86
01/12/2021,Rappahannock,White,5188,268,87
01/12/2021,"New River",White,6372,212,100
01/12/2021,"Blue Ridge","Two or more races",184,8,1
01/12/2021,Crater,White,2359,105,37
01/12/2021,Alleghany,"Not Reported",3055,9,3
01/12/2021,Arlington,"Two or more races",126,8,2
01/12/2021,Portsmouth,"Other Race",127,14,6
01/12/2021,Piedmont,White,2009,113,40
01/12/2021,Alleghany,"Two or more races",51,1,4
01/12/2021,Crater,Black,3837,279,84
01/12/2021,Crater,Latino,386,11,5
01/12/2021,Piedmont,"Two or more races",85,2,1
01/12/2021,Pittsylvania-Danville,White,2371,135,69
01/12/2021,"Rappahannock Rapidan","Other Race",125,5,0
01/12/2021,Richmond,"Not Reported",1819,6,6
01/12/2021,Henrico,"Two or more races",217,12,3
01/12/2021,Henrico,"Other Race",447,21,1
01/12/2021,Loudoun,"Two or more races",258,7,0
01/12/2021,"Rappahannock Rapidan","Two or more races",80,3,0
01/12/2021,Portsmouth,Latino,149,13,1
01/12/2021,Portsmouth,Black,2726,326,59
01/12/2021,Portsmouth,"Not Reported",1056,10,2
01/12/2021,Alexandria,"Two or more races",109,6,1
01/12/2021,"Virginia Beach","Other Race",415,10,0
01/12/2021,Norfolk,"Not Reported",2127,9,3
01/12/2021,Rappahannock,"Two or more races",155,6,1
01/12/2021,Arlington,Black,810,116,42
01/12/2021,Arlington,Latino,3021,299,34
01/12/2021,"Eastern Shore",White,865,61,27
01/12/2021,"Eastern Shore","Not Reported",110,0,0
01/12/2021,Roanoke,White,1887,59,80
01/12/2021,Alexandria,"Other Race",230,14,2
01/12/2021,"Cumberland Plateau","Other Race",13,1,0
01/12/2021,"Western Tidewater","Other Race",231,2,2
01/12/2021,Lenowisco,"Other Race",30,0,0
01/12/2021,Pittsylvania-Danville,"Two or more races",19,0,0
01/12/2021,Henrico,"Not Reported",2938,13,8
01/12/2021,Crater,"Other Race",127,0,1
01/12/2021,Chickahominy,"Other Race",90,3,0
01/12/2021,Roanoke,Black,1195,49,18
01/12/2021,Roanoke,Latino,666,33,4
01/12/2021,Peninsula,"Two or more races",211,6,1
01/12/2021,Peninsula,"Other Race",582,5,1
01/12/2021,Arlington,White,2971,188,84
01/12/2021,Norfolk,"Two or more races",151,10,1
01/12/2021,Alexandria,White,1971,101,47
01/12/2021,Hampton,"Not Reported",1189,4,1
01/12/2021,"Mount Rogers",White,9880,690,245
01/12/2021,Alexandria,"Not Reported",887,3,1
01/12/2021,"Western Tidewater","Not Reported",1958,6,3
01/12/2021,"Cumberland Plateau","Not Reported",1067,21,3
01/12/2021,"Mount Rogers",Black,267,13,4
01/12/2021,"Mount Rogers",Latino,470,13,1
01/12/2021,"West Piedmont",Black,1315,150,31
01/12/2021,"West Piedmont",Latino,533,22,2
01/12/2021,"Virginia Beach",White,8963,426,91
01/12/2021,"West Piedmont","Other Race",69,1,1
01/12/2021,Richmond,"Two or more races",125,6,1
01/12/2021,"Blue Ridge",Latino,1240,50,3
01/12/2021,"Blue Ridge",Black,1207,127,22
01/12/2021,"Virginia Beach","Not Reported",5435,43,9
01/12/2021,Hampton,"Other Race",182,4,1
01/12/2021,"Virginia Beach",Black,3649,250,49
01/12/2021,"Virginia Beach",Latino,1171,46,6
01/12/2021,Fairfax,Black,3928,336,73
01/12/2021,Fairfax,Latino,17872,1311,124
01/12/2021,"Prince William",Latino,11423,814,93
01/12/2021,"Prince William",Black,3497,244,62
01/12/2021,Piedmont,"Not Reported",2007,15,4
01/12/2021,Chesapeake,Latino,622,40,2
01/12/2021,Chesapeake,Black,3325,339,44
01/12/2021,Pittsylvania-Danville,"Not Reported",1916,24,6
01/12/2021,Alleghany,"Other Race",97,2,0
01/12/2021,"West Piedmont","Not Reported",1792,21,5
01/12/2021,Norfolk,White,2827,135,31
01/12/2021,"Virginia Beach","Two or more races",299,11,3
01/12/2021,Chesapeake,"Other Race",150,7,1
01/12/2021,Norfolk,"Other Race",204,6,2
01/12/2021,Chickahominy,Latino,219,10,1
01/12/2021,Chickahominy,Black,891,82,23
01/12/2021,"Eastern Shore",Black,1122,113,31
01/12/2021,"Eastern Shore",Latino,443,20,3
01/12/2021,"Prince William","Two or more races",441,7,2
01/12/2021,Hampton,White,1231,42,13
01/12/2021,"Prince William","Not Reported",8356,30,2
01/12/2021,"Mount Rogers","Two or more races",66,3,2
01/12/2021,Fairfax,White,12718,795,372
01/12/2021,"Rappahannock Rapidan","Not Reported",1870,34,8
01/12/2021,Southside,"Two or more races",150,0,11
01/12/2021,Lenowisco,"Not Reported",887,24,10
01/12/2021,Crater,"Not Reported",1699,17,6
01/12/2021,Chickahominy,"Not Reported",1616,5,1
01/12/2021,Fairfax,"Other Race",2482,146,25
01/12/2021,Portsmouth,"Two or more races",63,8,2
01/12/2021,Alexandria,Black,1656,142,22
01/12/2021,Alexandria,Latino,3038,178,17
01/12/2021,Roanoke,"Not Reported",1770,5,1
01/12/2021,Pittsylvania-Danville,Black,1681,151,29
01/12/2021,Pittsylvania-Danville,Latino,156,5,0
01/12/2021,"Eastern Shore","Two or more races",3,1,0
01/12/2021,"Lord Fairfax",White,7920,420,169
01/12/2021,Chesterfield,"Other Race",388,21,0
01/12/2021,"Mount Rogers","Other Race",54,2,2
01/12/2021,"Eastern Shore","Other Race",20,1,0
01/12/2021,"Three Rivers",White,2968,138,40
01/12/2021,Pittsylvania-Danville,"Other Race",7,0,0
01/12/2021,"Rappahannock Rapidan",Latino,1389,76,9
01/12/2021,"Rappahannock Rapidan",Black,829,65,17
01/12/2021,"Central Virginia","Not Reported",5207,44,10
01/12/2021,"Lord Fairfax",Latino,1435,74,11
01/12/2021,"Lord Fairfax",Black,441,34,12
01/12/2021,"Central Shenandoah","Other Race",243,6,1
01/12/2021,"Blue Ridge","Other Race",299,9,1
01/12/2021,Fairfax,"Two or more races",597,19,3
01/12/2021,Arlington,"Other Race",403,19,4
01/12/2021,"New River","Two or more races",141,7,8
01/12/2021,"Central Shenandoah",White,11946,478,171
01/12/2021,Southside,White,1200,61,39
01/12/2021,"New River","Other Race",44,1,0
01/12/2021,"Mount Rogers","Asian or Pacific Islander",24,2,0
01/12/2021,Southside,"Asian or Pacific Islander",7,0,0
01/12/2021,"Prince William","Asian or Pacific Islander",1538,88,26
01/12/2021,Henrico,"Asian or Pacific Islander",664,16,5
01/12/2021,Alleghany,"Asian or Pacific Islander",103,3,0
01/12/2021,Roanoke,"Asian or Pacific Islander",102,4,0
01/12/2021,Rappahannock,"Asian or Pacific Islander",264,14,3
01/12/2021,"Lord Fairfax","Asian or Pacific Islander",89,3,1
01/12/2021,"Western Tidewater","Asian or Pacific Islander",40,2,3
01/12/2021,Richmond,"Asian or Pacific Islander",147,6,1
01/12/2021,Arlington,"Asian or Pacific Islander",501,41,18
01/12/2021,"West Piedmont","Asian or Pacific Islander",31,2,1
01/12/2021,Chesapeake,"Asian or Pacific Islander",184,16,7
01/12/2021,Chickahominy,"Asian or Pacific Islander",50,3,0
01/12/2021,Piedmont,"Asian or Pacific Islander",21,2,1
01/12/2021,Chesterfield,"Asian or Pacific Islander",312,11,2
01/12/2021,Norfolk,"Asian or Pacific Islander",194,15,1
01/12/2021,"Central Shenandoah","Asian or Pacific Islander",161,4,0
01/12/2021,Crater,"Asian or Pacific Islander",65,0,0
01/12/2021,Pittsylvania-Danville,"Asian or Pacific Islander",10,0,0
01/12/2021,"Blue Ridge","Asian or Pacific Islander",214,4,1
01/12/2021,"Virginia Beach","Asian or Pacific Islander",820,57,10
01/12/2021,Loudoun,"Asian or Pacific Islander",1221,84,13
01/12/2021,"Central Virginia","Asian or Pacific Islander",96,3,0
01/12/2021,Hampton,"Asian or Pacific Islander",63,0,0
01/12/2021,Alexandria,"Asian or Pacific Islander",347,14,1
01/12/2021,"Eastern Shore and Three Rivers","Asian or Pacific Islander",32,1,0
01/12/2021,"New River","Asian or Pacific Islander",190,2,1
01/12/2021,Portsmouth,"Asian or Pacific Islander",29,1,0
01/12/2021,"Rappahannock Rapidan","Asian or Pacific Islander",57,3,1
01/12/2021,Fairfax,"Asian or Pacific Islander",5354,448,95
01/12/2021,Peninsula,"Asian or Pacific Islander",157,8,6
01/12/2021,"Cumberland Plateau and Lenowisco","Asian or Pacific Islander",15,0,0
01/12/2021,Fairfax,"Native American",81,3,1
01/12/2021,Norfolk,"Native American",18,1,1
01/12/2021,Portsmouth,"Native American",7,2,0
01/12/2021,"New River","Native American",10,0,0
01/12/2021,Alexandria,"Native American",10,0,0
01/12/2021,Chickahominy,"Native American",26,2,0
01/12/2021,Crater,"Native American",7,1,1
01/12/2021,Henrico,"Native American",25,0,0
01/12/2021,"Prince William","Native American",57,1,1
01/12/2021,Chesapeake,"Native American",21,0,0
01/12/2021,"Virginia Beach","Native American",27,0,0
01/12/2021,Chesterfield,"Native American",13,1,0
01/12/2021,"Western Tidewater","Native American",6,0,0
01/12/2021,"Pittsylvania-Danville and Southside","Native American",7,1,0
01/12/2021,"Central Shenandoah","Native American",11,1,0
01/12/2021,"Blue Ridge","Native American",8,0,0
01/12/2021,Rappahannock,"Native American",15,0,0
01/12/2021,Hampton,"Native American",6,0,1
01/12/2021,"Lord Fairfax","Native American",7,1,1
01/12/2021,Loudoun,"Native American",20,0,0
01/12/2021,"West Piedmont","Native American",4,0,0
01/12/2021,Richmond,"Native American",10,0,1
01/12/2021,"Rappahannock Rapidan","Native American",13,0,0
01/12/2021,"Eastern Shore and Three Rivers","Native American",11,0,0
01/12/2021,Peninsula,"Native American",21,2,1
01/12/2021,Arlington,"Native American",9,0,0
01/12/2021,Piedmont,"Native American",8,0,0
01/12/2021,"Central Virginia","Native American",26,0,0
01/12/2021,"Cumberland Plateau, Lenowisco, and Mount Rogers","Native American",24,1,0
01/12/2021,"Alleghany and Roanoke","Native American",11,0,1
01/13/2021,"Rappahannock Rapidan","Not Reported",1887,38,8
01/13/2021,Portsmouth,"Other Race",128,14,6
01/13/2021,"Western Tidewater","Two or more races",126,1,2
01/13/2021,Piedmont,White,2072,115,40
01/13/2021,Chesterfield,Latino,3140,147,16
01/13/2021,Lenowisco,White,4516,271,120
01/13/2021,Lenowisco,"Two or more races",43,3,7
01/13/2021,Hampton,"Not Reported",1191,4,1
01/13/2021,Southside,"Not Reported",1112,9,4
01/13/2021,Roanoke,Black,1207,50,19
01/13/2021,Hampton,Black,2310,148,39
01/13/2021,Alleghany,"Other Race",99,2,0
01/13/2021,Lenowisco,Latino,122,0,0
01/13/2021,Loudoun,"Other Race",1165,29,4
01/13/2021,"Central Shenandoah",Latino,1874,77,10
01/13/2021,"Rappahannock Rapidan",Latino,1396,76,9
01/13/2021,"Eastern Shore",Black,1120,113,32
01/13/2021,Norfolk,Latino,699,37,1
01/13/2021,Hampton,"Two or more races",93,1,0
01/13/2021,Richmond,Black,3923,358,56
01/13/2021,Henrico,"Two or more races",219,12,3
01/13/2021,Fairfax,"Two or more races",617,20,3
01/13/2021,"Blue Ridge",White,4843,187,68
01/13/2021,Alleghany,"Not Reported",3107,9,3
01/13/2021,"Blue Ridge","Two or more races",186,8,1
01/13/2021,Portsmouth,"Not Reported",1075,10,2
01/13/2021,"Cumberland Plateau","Other Race",14,1,0
01/13/2021,Southside,"Two or more races",150,0,11
01/13/2021,Portsmouth,White,1249,91,20
01/13/2021,"Rappahannock Rapidan","Two or more races",80,3,0
01/13/2021,Fairfax,White,12880,799,375
01/13/2021,Fairfax,"Other Race",2472,147,25
01/13/2021,Crater,"Two or more races",48,2,1
01/13/2021,"West Piedmont","Not Reported",1827,21,5
01/13/2021,Henrico,"Other Race",454,21,1
01/13/2021,"Three Rivers",White,3025,138,41
01/13/2021,"Central Virginia",Black,1618,90,31
01/13/2021,Lenowisco,"Other Race",30,0,0
01/13/2021,"Three Rivers","Other Race",89,3,0
01/13/2021,"Western Tidewater",White,2818,138,95
01/13/2021,"Mount Rogers",Black,271,13,4
01/13/2021,"Three Rivers","Not Reported",751,4,1
01/13/2021,"Eastern Shore",White,872,61,27
01/13/2021,"Central Virginia",White,7057,231,87
01/13/2021,Lenowisco,Black,187,6,3
01/13/2021,"Central Virginia","Two or more races",74,2,0
01/13/2021,Richmond,"Two or more races",128,6,1
01/13/2021,Crater,"Not Reported",1710,18,6
01/13/2021,Chesterfield,"Two or more races",160,12,1
01/13/2021,"New River",Latino,328,7,0
01/13/2021,Richmond,Latino,1773,128,9
01/13/2021,Portsmouth,Latino,152,13,1
01/13/2021,Pittsylvania-Danville,"Not Reported",1948,24,6
01/13/2021,Chesapeake,"Not Reported",1764,5,0
01/13/2021,Chickahominy,Latino,219,10,1
01/13/2021,Crater,Black,3864,282,85
01/13/2021,Chesterfield,Black,3453,200,54
01/13/2021,Chesterfield,"Other Race",393,21,0
01/13/2021,Peninsula,Black,3250,177,43
01/13/2021,Roanoke,White,1906,59,83
01/13/2021,"New River",Black,440,13,7
01/13/2021,Southside,Latino,33,2,0
01/13/2021,Peninsula,Latino,778,32,3
01/13/2021,Rappahannock,"Two or more races",158,6,1
01/13/2021,"Virginia Beach",Black,3702,259,50
01/13/2021,"Mount Rogers","Not Reported",1475,41,15
01/13/2021,Loudoun,"Not Reported",4120,14,0
01/13/2021,Chesapeake,"Other Race",151,7,1
01/13/2021,Chickahominy,"Two or more races",56,1,0
01/13/2021,Crater,"Other Race",127,0,1
01/13/2021,Norfolk,"Two or more races",152,10,1
01/13/2021,"Eastern Shore","Two or more races",3,1,0
01/13/2021,"Central Shenandoah",White,12130,484,181
01/13/2021,"New River","Other Race",46,1,0
01/13/2021,"New River",White,6432,217,101
01/13/2021,"Central Shenandoah","Other Race",246,6,1
01/13/2021,"West Piedmont",Black,1332,151,34
01/13/2021,Alleghany,Latino,318,13,2
01/13/2021,"Central Shenandoah","Not Reported",4023,23,6
01/13/2021,Roanoke,"Two or more races",44,2,0
01/13/2021,Peninsula,"Two or more races",216,6,1
01/13/2021,Richmond,"Not Reported",1847,6,6
01/13/2021,Arlington,"Other Race",410,19,4
01/13/2021,Norfolk,"Not Reported",2147,9,3
01/13/2021,Alexandria,"Other Race",232,14,2
01/13/2021,"Virginia Beach",White,9154,446,93
01/13/2021,Chesapeake,"Two or more races",133,7,2
01/13/2021,Alleghany,White,5760,203,131
01/13/2021,"Rappahannock Rapidan","Other Race",124,5,0
01/13/2021,Chickahominy,"Not Reported",1628,5,1
01/13/2021,Portsmouth,Black,2759,330,59
01/13/2021,Chickahominy,"Other Race",91,3,0
01/13/2021,"Virginia Beach",Latino,1187,48,6
01/13/2021,Chesapeake,White,4538,244,52
01/13/2021,"Blue Ridge",Latino,1250,50,3
01/13/2021,Southside,Black,1219,76,38
01/13/2021,Rappahannock,Latino,2387,136,14
01/13/2021,"Three Rivers","Two or more races",55,1,0
01/13/2021,Henrico,Black,4247,331,115
01/13/2021,Pittsylvania-Danville,Black,1698,152,29
01/13/2021,"Lord Fairfax","Two or more races",94,4,2
01/13/2021,"Prince William",Latino,11477,817,94
01/13/2021,"Mount Rogers","Other Race",55,2,2
01/13/2021,"Central Shenandoah",Black,977,37,17
01/13/2021,Peninsula,White,4329,166,80
01/13/2021,"Eastern Shore","Not Reported",106,0,0
01/13/2021,Hampton,"Other Race",184,4,1
01/13/2021,"Lord Fairfax","Not Reported",2030,8,10
01/13/2021,"Central Virginia","Other Race",134,0,0
01/13/2021,"Western Tidewater","Other Race",231,2,2
01/13/2021,Crater,Latino,389,11,5
01/13/2021,Chesapeake,Latino,632,40,2
01/13/2021,Chesterfield,White,6505,310,137
01/13/2021,"Western Tidewater","Not Reported",1958,6,3
01/13/2021,Fairfax,"Not Reported",7774,71,38
01/13/2021,Arlington,Black,813,116,42
01/13/2021,"Central Virginia",Latino,214,8,4
01/13/2021,Alexandria,"Not Reported",888,3,1
01/13/2021,"Three Rivers",Black,1562,103,26
01/13/2021,"Prince William","Two or more races",443,7,2
01/13/2021,Loudoun,"Two or more races",259,7,0
01/13/2021,Peninsula,"Other Race",582,5,1
01/13/2021,Norfolk,"Other Race",207,6,2
01/13/2021,"Prince William","Not Reported",8366,30,2
01/13/2021,"West Piedmont",White,4190,306,105
01/13/2021,Rappahannock,Black,2116,151,29
01/13/2021,Norfolk,Black,4215,401,80
01/13/2021,Roanoke,Latino,671,33,4
01/13/2021,Piedmont,Latino,123,10,2
01/13/2021,Roanoke,"Not Reported",1785,5,1
01/13/2021,"Virginia Beach","Other Race",423,10,1
01/13/2021,Arlington,"Two or more races",128,8,2
01/13/2021,Alexandria,White,1993,101,47
01/13/2021,"Lord Fairfax","Other Race",283,7,1
01/13/2021,"Virginia Beach","Not Reported",5505,46,9
01/13/2021,Loudoun,Black,675,48,11
01/13/2021,Pittsylvania-Danville,Latino,158,5,0
01/13/2021,"Cumberland Plateau","Not Reported",1080,21,3
01/13/2021,Chesterfield,"Not Reported",2868,7,12
01/13/2021,"Blue Ridge","Not Reported",1090,8,2
01/13/2021,"Mount Rogers",White,10011,696,246
01/13/2021,Richmond,White,2608,82,40
01/13/2021,Lenowisco,"Not Reported",906,26,10
01/13/2021,"Three Rivers",Latino,322,7,1
01/13/2021,Piedmont,"Not Reported",2003,15,4
01/13/2021,"Mount Rogers",Latino,473,13,1
01/13/2021,"Central Shenandoah","Two or more races",173,3,4
01/13/2021,Crater,White,2377,105,37
01/13/2021,Arlington,White,2993,188,85
01/13/2021,Pittsylvania-Danville,"Other Race",7,0,0
01/13/2021,Chickahominy,Black,894,82,25
01/13/2021,Fairfax,Black,3989,336,73
01/13/2021,"Eastern Shore",Latino,444,20,3
01/13/2021,Norfolk,White,2874,136,31
01/13/2021,"Mount Rogers","Two or more races",67,3,2
01/13/2021,Alleghany,"Two or more races",51,1,4
01/13/2021,Southside,White,1214,61,39
01/13/2021,"Prince William",Black,3533,244,62
01/13/2021,"Lord Fairfax",White,8019,424,172
01/13/2021,"Cumberland Plateau",Latino,40,0,0
01/13/2021,Arlington,"Not Reported",2389,16,2
01/13/2021,Rappahannock,"Other Race",593,6,0
01/13/2021,"Rappahannock Rapidan",Black,832,65,17
01/13/2021,"New River","Two or more races",141,7,8
01/13/2021,"Blue Ridge","Other Race",300,9,1
01/13/2021,Arlington,Latino,3032,299,34
01/13/2021,Henrico,White,4848,249,163
01/13/2021,Loudoun,White,4411,201,116
01/13/2021,Hampton,White,1240,43,14
01/13/2021,Alleghany,Black,518,18,13
01/13/2021,"Prince William",White,5826,253,118
01/13/2021,Rappahannock,White,5259,268,87
01/13/2021,Southside,"Other Race",28,1,1
01/13/2021,Portsmouth,"Two or more races",63,8,2
01/13/2021,"Western Tidewater",Black,3325,269,85
01/13/2021,Hampton,Latino,223,10,1
01/13/2021,Henrico,"Not Reported",2969,13,8
01/13/2021,"West Piedmont","Two or more races",42,1,0
01/13/2021,Peninsula,"Not Reported",3036,4,2
01/13/2021,Loudoun,Latino,3834,286,21
01/13/2021,Alexandria,Black,1669,142,22
01/13/2021,Piedmont,Black,1460,115,31
01/13/2021,Roanoke,"Other Race",73,1,0
01/13/2021,Alexandria,"Two or more races",112,7,1
01/13/2021,"Western Tidewater",Latino,110,1,2
01/13/2021,Rappahannock,"Not Reported",4310,37,1
01/13/2021,"West Piedmont","Other Race",69,1,1
01/13/2021,Chickahominy,White,3772,181,78
01/13/2021,"Blue Ridge",Black,1218,127,23
01/13/2021,"Cumberland Plateau",Black,150,2,1
01/13/2021,"Lord Fairfax",Latino,1445,74,11
01/13/2021,"West Piedmont",Latino,534,22,2
01/13/2021,"Cumberland Plateau",White,4952,277,77
01/13/2021,"Eastern Shore","Other Race",21,1,0
01/13/2021,"Cumberland Plateau","Two or more races",23,2,0
01/13/2021,Pittsylvania-Danville,"Two or more races",20,0,0
01/13/2021,Piedmont,"Other Race",33,0,0
01/13/2021,Alexandria,Latino,3053,179,17
01/13/2021,Chesapeake,Black,3384,342,45
01/13/2021,Richmond,"Other Race",263,9,2
01/13/2021,Henrico,Latino,1469,72,16
01/13/2021,Piedmont,"Two or more races",87,2,1
01/13/2021,"Prince William","Other Race",1917,37,0
01/13/2021,"New River","Not Reported",2971,36,1
01/13/2021,"Rappahannock Rapidan",White,3632,143,46
01/13/2021,"Central Virginia","Not Reported",5298,44,10
01/13/2021,"Virginia Beach","Two or more races",301,11,3
01/13/2021,Pittsylvania-Danville,White,2418,135,69
01/13/2021,"Lord Fairfax",Black,447,34,12
01/13/2021,Fairfax,Latino,18018,1316,126
01/13/2021,Chesterfield,"Asian or Pacific Islander",315,11,2
01/13/2021,Crater,"Asian or Pacific Islander",65,0,0
01/13/2021,Fairfax,"Asian or Pacific Islander",5426,449,95
01/13/2021,Hampton,"Asian or Pacific Islander",63,0,0
01/13/2021,"Rappahannock Rapidan","Asian or Pacific Islander",58,3,1
01/13/2021,"Mount Rogers","Asian or Pacific Islander",24,2,0
01/13/2021,"New River","Asian or Pacific Islander",191,2,1
01/13/2021,"Central Virginia","Asian or Pacific Islander",98,3,0
01/13/2021,"Blue Ridge","Asian or Pacific Islander",217,4,1
01/13/2021,"Lord Fairfax","Asian or Pacific Islander",91,3,1
01/13/2021,Southside,"Asian or Pacific Islander",7,0,0
01/13/2021,Alleghany,"Asian or Pacific Islander",103,3,0
01/13/2021,Portsmouth,"Asian or Pacific Islander",29,1,0
01/13/2021,Roanoke,"Asian or Pacific Islander",102,4,0
01/13/2021,Richmond,"Asian or Pacific Islander",146,6,1
01/13/2021,"Virginia Beach","Asian or Pacific Islander",834,58,10
01/13/2021,Henrico,"Asian or Pacific Islander",669,16,5
01/13/2021,Piedmont,"Asian or Pacific Islander",22,2,1
01/13/2021,"Western Tidewater","Asian or Pacific Islander",40,2,3
01/13/2021,"West Piedmont","Asian or Pacific Islander",31,2,1
01/13/2021,Chickahominy,"Asian or Pacific Islander",50,3,0
01/13/2021,Peninsula,"Asian or Pacific Islander",157,8,6
01/13/2021,Norfolk,"Asian or Pacific Islander",195,15,1
01/13/2021,Arlington,"Asian or Pacific Islander",503,41,18
01/13/2021,Loudoun,"Asian or Pacific Islander",1227,84,13
01/13/2021,Alexandria,"Asian or Pacific Islander",350,14,1
01/13/2021,Rappahannock,"Asian or Pacific Islander",266,14,3
01/13/2021,Chesapeake,"Asian or Pacific Islander",189,16,7
01/13/2021,"Cumberland Plateau and Lenowisco","Asian or Pacific Islander",15,0,0
01/13/2021,"Central Shenandoah","Asian or Pacific Islander",164,4,0
01/13/2021,"Prince William","Asian or Pacific Islander",1556,88,26
01/13/2021,Pittsylvania-Danville,"Asian or Pacific Islander",10,0,0
01/13/2021,"Eastern Shore and Three Rivers","Asian or Pacific Islander",31,1,0
01/13/2021,Piedmont,"Native American",8,0,0
01/13/2021,"New River","Native American",10,0,0
01/13/2021,"Central Shenandoah","Native American",11,1,0
01/13/2021,"Eastern Shore and Three Rivers","Native American",11,0,0
01/13/2021,Fairfax,"Native American",81,3,1
01/13/2021,Chesapeake,"Native American",21,0,0
01/13/2021,"Western Tidewater","Native American",6,0,0
01/13/2021,Portsmouth,"Native American",7,2,0
01/13/2021,Richmond,"Native American",10,0,1
01/13/2021,"Blue Ridge","Native American",8,0,0
01/13/2021,Chickahominy,"Native American",26,2,0
01/13/2021,Arlington,"Native American",9,0,0
01/13/2021,"Virginia Beach","Native American",27,0,0
01/13/2021,Peninsula,"Native American",21,2,1
01/13/2021,Hampton,"Native American",6,0,1
01/13/2021,"West Piedmont","Native American",4,0,0
01/13/2021,"Cumberland Plateau, Lenowisco, and Mount Rogers","Native American",24,1,0
01/13/2021,Henrico,"Native American",25,0,0
01/13/2021,Norfolk,"Native American",18,1,1
01/13/2021,"Prince William","Native American",57,1,1
01/13/2021,"Central Virginia","Native American",26,0,0
01/13/2021,Chesterfield,"Native American",13,1,0
01/13/2021,Rappahannock,"Native American",16,0,0
01/13/2021,Loudoun,"Native American",20,0,0
01/13/2021,Alexandria,"Native American",10,0,0
01/13/2021,"Alleghany and Roanoke","Native American",11,0,1
01/13/2021,Crater,"Native American",7,1,1
01/13/2021,"Rappahannock Rapidan","Native American",13,0,0
01/13/2021,"Lord Fairfax","Native American",7,1,1
01/13/2021,"Pittsylvania-Danville and Southside","Native American",8,1,0
01/14/2021,Southside,"Not Reported",1128,9,4
01/14/2021,Chesapeake,White,4748,245,54
01/14/2021,"Three Rivers","Other Race",91,3,0
01/14/2021,"Central Virginia","Other Race",137,0,0
01/14/2021,"Central Virginia","Two or more races",79,2,0
01/14/2021,"Cumberland Plateau",White,5017,280,80
01/14/2021,Lenowisco,"Two or more races",44,3,7
01/14/2021,"Western Tidewater",Black,3344,271,86
01/14/2021,"Western Tidewater",Latino,110,1,2
01/14/2021,Fairfax,"Not Reported",7900,72,38
01/14/2021,Chesapeake,"Not Reported",1856,5,0
01/14/2021,"Cumberland Plateau","Two or more races",23,2,0
01/14/2021,Loudoun,Black,681,49,11
01/14/2021,Loudoun,Latino,3848,288,21
01/14/2021,Alleghany,Latino,320,13,2
01/14/2021,Alleghany,Black,526,18,13
01/14/2021,"Three Rivers",Black,1581,103,29
01/14/2021,"Three Rivers",Latino,325,7,1
01/14/2021,"Central Shenandoah","Two or more races",174,3,4
01/14/2021,Hampton,Black,2349,148,39
01/14/2021,Hampton,Latino,224,10,1
01/14/2021,Southside,"Other Race",28,1,1
01/14/2021,Piedmont,"Other Race",33,0,0
01/14/2021,"Prince William","Other Race",1946,37,0
01/14/2021,Richmond,"Other Race",263,9,2
01/14/2021,Hampton,"Two or more races",93,1,0
01/14/2021,Norfolk,Latino,706,37,1
01/14/2021,"Lord Fairfax","Not Reported",2063,8,10
01/14/2021,Norfolk,Black,4270,405,82
01/14/2021,"Central Virginia",Black,1648,91,31
01/14/2021,Rappahannock,Latino,2396,136,14
01/14/2021,"Central Virginia",Latino,215,8,4
01/14/2021,Rappahannock,Black,2142,151,29
01/14/2021,"West Piedmont",White,4258,308,104
01/14/2021,Rappahannock,"Not Reported",4367,37,1
01/14/2021,"Central Shenandoah","Not Reported",4126,24,7
01/14/2021,"Blue Ridge","Not Reported",1114,8,2
01/14/2021,Chesterfield,Latino,3157,147,16
01/14/2021,Chesterfield,Black,3490,202,54
01/14/2021,"Central Shenandoah",Latino,1884,78,11
01/14/2021,Southside,Latino,34,2,0
01/14/2021,Southside,Black,1247,76,38
01/14/2021,"Central Shenandoah",Black,988,37,17
01/14/2021,Peninsula,White,4382,167,80
01/14/2021,"Rappahannock Rapidan",White,3668,144,46
01/14/2021,"New River",Latino,329,7,0
01/14/2021,"New River",Black,444,13,7
01/14/2021,Roanoke,"Other Race",74,1,0
01/14/2021,"Three Rivers","Two or more races",56,2,0
01/14/2021,"Prince William",White,5892,257,119
01/14/2021,"West Piedmont","Two or more races",42,1,0
01/14/2021,"New River","Not Reported",3007,36,1
01/14/2021,Chesterfield,"Not Reported",2881,7,12
01/14/2021,Crater,"Two or more races",51,2,1
01/14/2021,Lenowisco,White,4554,275,125
01/14/2021,"Western Tidewater",White,2835,141,96
01/14/2021,"Lord Fairfax","Other Race",286,7,1
01/14/2021,Chickahominy,"Two or more races",57,1,0
01/14/2021,Henrico,Black,4278,331,115
01/14/2021,Henrico,Latino,1479,72,16
01/14/2021,Alleghany,White,5805,205,134
01/14/2021,Peninsula,Black,3285,177,43
01/14/2021,Peninsula,Latino,782,32,3
01/14/2021,Loudoun,"Other Race",1172,29,4
01/14/2021,Arlington,"Not Reported",2412,16,2
01/14/2021,"Mount Rogers","Not Reported",1498,41,15
01/14/2021,Portsmouth,White,1260,91,20
01/14/2021,"Western Tidewater","Two or more races",127,1,2
01/14/2021,"Three Rivers","Not Reported",761,5,1
01/14/2021,Richmond,Black,3966,361,56
01/14/2021,Richmond,Latino,1780,128,9
01/14/2021,"Cumberland Plateau",Latino,39,0,0
01/14/2021,Rappahannock,"Other Race",602,6,0
01/14/2021,"Cumberland Plateau",Black,151,2,1
01/14/2021,Loudoun,"Not Reported",4185,14,0
01/14/2021,Loudoun,White,4468,206,116
01/14/2021,Peninsula,"Not Reported",3073,4,2
01/14/2021,Henrico,White,4895,250,164
01/14/2021,Chesterfield,"Two or more races",160,12,1
01/14/2021,Richmond,White,2632,84,42
01/14/2021,Chesapeake,"Two or more races",135,7,2
01/14/2021,Chickahominy,White,3828,181,79
01/14/2021,Lenowisco,Latino,122,0,0
01/14/2021,Lenowisco,Black,188,6,3
01/14/2021,"Blue Ridge",White,4897,188,68
01/14/2021,Roanoke,"Two or more races",44,2,0
01/14/2021,Piedmont,Latino,125,10,2
01/14/2021,Piedmont,Black,1484,116,31
01/14/2021,Chesterfield,White,6611,312,141
01/14/2021,"Lord Fairfax","Two or more races",95,4,2
01/14/2021,"Central Virginia",White,7275,233,88
01/14/2021,Rappahannock,White,5348,272,88
01/14/2021,"New River",White,6466,218,102
01/14/2021,"Blue Ridge","Two or more races",187,8,1
01/14/2021,Crater,White,2393,105,37
01/14/2021,Alleghany,"Not Reported",3138,10,3
01/14/2021,Arlington,"Two or more races",128,8,2
01/14/2021,Portsmouth,"Other Race",128,14,6
01/14/2021,Piedmont,White,2094,116,40
01/14/2021,Alleghany,"Two or more races",52,1,4
01/14/2021,Crater,Black,3889,282,86
01/14/2021,Crater,Latino,394,11,5
01/14/2021,Piedmont,"Two or more races",89,2,1
01/14/2021,Pittsylvania-Danville,White,2451,136,69
01/14/2021,"Rappahannock Rapidan","Other Race",124,5,0
01/14/2021,Richmond,"Not Reported",1879,6,6
01/14/2021,Henrico,"Two or more races",221,12,3
01/14/2021,Henrico,"Other Race",461,22,2
01/14/2021,Loudoun,"Two or more races",258,7,0
01/14/2021,"Rappahannock Rapidan","Two or more races",80,3,0
01/14/2021,Portsmouth,Latino,153,13,1
01/14/2021,Portsmouth,Black,2778,332,59
01/14/2021,Portsmouth,"Not Reported",1102,10,2
01/14/2021,Alexandria,"Two or more races",114,7,1
01/14/2021,"Virginia Beach","Other Race",430,11,1
01/14/2021,Norfolk,"Not Reported",2197,9,3
01/14/2021,Rappahannock,"Two or more races",157,6,1
01/14/2021,Arlington,Black,824,116,42
01/14/2021,Arlington,Latino,3043,300,34
01/14/2021,"Eastern Shore",White,887,61,27
01/14/2021,"Eastern Shore","Not Reported",115,1,0
01/14/2021,Roanoke,White,1920,60,85
01/14/2021,Alexandria,"Other Race",231,14,2
01/14/2021,"Cumberland Plateau","Other Race",13,0,0
01/14/2021,"Western Tidewater","Other Race",232,2,2
01/14/2021,Lenowisco,"Other Race",30,0,0
01/14/2021,Pittsylvania-Danville,"Two or more races",20,0,0
01/14/2021,Henrico,"Not Reported",3004,14,8
01/14/2021,Crater,"Other Race",128,0,1
01/14/2021,Chickahominy,"Other Race",92,3,0
01/14/2021,Roanoke,Black,1222,50,19
01/14/2021,Roanoke,Latino,676,33,4
01/14/2021,Peninsula,"Two or more races",216,6,1
01/14/2021,Peninsula,"Other Race",592,5,1
01/14/2021,Arlington,White,3019,188,85
01/14/2021,Norfolk,"Two or more races",152,10,1
01/14/2021,Alexandria,White,2018,102,47
01/14/2021,Hampton,"Not Reported",1206,4,1
01/14/2021,"Mount Rogers",White,10114,703,247
01/14/2021,Alexandria,"Not Reported",893,3,1
01/14/2021,"Western Tidewater","Not Reported",1982,6,3
01/14/2021,"Cumberland Plateau","Not Reported",1086,22,3
01/14/2021,"Mount Rogers",Black,271,14,5
01/14/2021,"Mount Rogers",Latino,473,13,1
01/14/2021,"West Piedmont",Black,1350,153,34
01/14/2021,"West Piedmont",Latino,535,22,2
01/14/2021,"Virginia Beach",White,9316,448,94
01/14/2021,"West Piedmont","Other Race",68,1,1
01/14/2021,Richmond,"Two or more races",131,6,1
01/14/2021,"Blue Ridge",Latino,1261,50,3
01/14/2021,"Blue Ridge",Black,1235,127,23
01/14/2021,"Virginia Beach","Not Reported",5626,47,9
01/14/2021,Hampton,"Other Race",186,4,1
01/14/2021,"Virginia Beach",Black,3767,260,50
01/14/2021,"Virginia Beach",Latino,1200,48,6
01/14/2021,Fairfax,Black,4048,336,73
01/14/2021,Fairfax,Latino,18162,1319,127
01/14/2021,"Prince William",Latino,11550,817,95
01/14/2021,"Prince William",Black,3572,246,64
01/14/2021,Piedmont,"Not Reported",2051,15,4
01/14/2021,Chesapeake,Latino,643,41,2
01/14/2021,Chesapeake,Black,3456,345,46
01/14/2021,Pittsylvania-Danville,"Not Reported",1976,24,6
01/14/2021,Alleghany,"Other Race",98,2,0
01/14/2021,"West Piedmont","Not Reported",1828,21,5
01/14/2021,Norfolk,White,2927,139,31
01/14/2021,"Virginia Beach","Two or more races",303,11,3
01/14/2021,Chesapeake,"Other Race",159,7,1
01/14/2021,Norfolk,"Other Race",208,6,2
01/14/2021,Chickahominy,Latino,222,10,1
01/14/2021,Chickahominy,Black,911,83,25
01/14/2021,"Eastern Shore",Black,1132,113,32
01/14/2021,"Eastern Shore",Latino,449,20,3
01/14/2021,"Prince William","Two or more races",455,7,2
01/14/2021,Hampton,White,1258,43,14
01/14/2021,"Prince William","Not Reported",8448,30,2
01/14/2021,"Mount Rogers","Two or more races",66,3,2
01/14/2021,Fairfax,White,13063,803,378
01/14/2021,"Rappahannock Rapidan","Not Reported",1915,38,8
01/14/2021,Southside,"Two or more races",151,0,11
01/14/2021,Lenowisco,"Not Reported",917,26,11
01/14/2021,Crater,"Not Reported",1743,18,6
01/14/2021,Chickahominy,"Not Reported",1643,5,1
01/14/2021,Fairfax,"Other Race",2507,150,26
01/14/2021,Portsmouth,"Two or more races",64,8,2
01/14/2021,Alexandria,Black,1687,143,23
01/14/2021,Alexandria,Latino,3078,179,17
01/14/2021,Roanoke,"Not Reported",1818,5,1
01/14/2021,Pittsylvania-Danville,Black,1723,152,29
01/14/2021,Pittsylvania-Danville,Latino,159,5,0
01/14/2021,"Eastern Shore","Two or more races",4,1,0
01/14/2021,"Lord Fairfax",White,8113,426,175
01/14/2021,Chesterfield,"Other Race",397,21,0
01/14/2021,"Mount Rogers","Other Race",57,2,2
01/14/2021,"Eastern Shore","Other Race",21,1,0
01/14/2021,"Three Rivers",White,3102,140,42
01/14/2021,Pittsylvania-Danville,"Other Race",7,0,0
01/14/2021,"Rappahannock Rapidan",Latino,1405,77,10
01/14/2021,"Rappahannock Rapidan",Black,840,66,17
01/14/2021,"Central Virginia","Not Reported",5357,44,10
01/14/2021,"Lord Fairfax",Latino,1454,74,11
01/14/2021,"Lord Fairfax",Black,456,34,12
01/14/2021,"Central Shenandoah","Other Race",251,6,1
01/14/2021,"Blue Ridge","Other Race",303,9,1
01/14/2021,Fairfax,"Two or more races",627,20,3
01/14/2021,Arlington,"Other Race",418,19,4
01/14/2021,"New River","Two or more races",142,8,8
01/14/2021,"Central Shenandoah",White,12281,490,194
01/14/2021,Southside,White,1239,61,41
01/14/2021,"New River","Other Race",46,1,0
01/14/2021,"Mount Rogers","Asian or Pacific Islander",24,2,0
01/14/2021,Southside,"Asian or Pacific Islander",8,0,0
01/14/2021,"Prince William","Asian or Pacific Islander",1573,89,27
01/14/2021,Henrico,"Asian or Pacific Islander",670,16,5
01/14/2021,Alleghany,"Asian or Pacific Islander",104,3,0
01/14/2021,Roanoke,"Asian or Pacific Islander",102,4,0
01/14/2021,Rappahannock,"Asian or Pacific Islander",268,14,3
01/14/2021,"Lord Fairfax","Asian or Pacific Islander",95,3,1
01/14/2021,"Western Tidewater","Asian or Pacific Islander",40,2,3
01/14/2021,Richmond,"Asian or Pacific Islander",146,6,1
01/14/2021,Arlington,"Asian or Pacific Islander",506,41,18
01/14/2021,"West Piedmont","Asian or Pacific Islander",34,2,1
01/14/2021,Chesapeake,"Asian or Pacific Islander",194,16,7
01/14/2021,Chickahominy,"Asian or Pacific Islander",51,3,0
01/14/2021,Piedmont,"Asian or Pacific Islander",22,2,1
01/14/2021,Chesterfield,"Asian or Pacific Islander",315,11,2
01/14/2021,Norfolk,"Asian or Pacific Islander",200,18,1
01/14/2021,"Central Shenandoah","Asian or Pacific Islander",164,4,0
01/14/2021,Crater,"Asian or Pacific Islander",65,0,0
01/14/2021,Pittsylvania-Danville,"Asian or Pacific Islander",10,0,0
01/14/2021,"Blue Ridge","Asian or Pacific Islander",219,4,1
01/14/2021,"Virginia Beach","Asian or Pacific Islander",857,58,10
01/14/2021,Loudoun,"Asian or Pacific Islander",1243,85,13
01/14/2021,"Central Virginia","Asian or Pacific Islander",99,3,0
01/14/2021,Hampton,"Asian or Pacific Islander",63,0,0
01/14/2021,Alexandria,"Asian or Pacific Islander",357,14,3
01/14/2021,"Eastern Shore and Three Rivers","Asian or Pacific Islander",31,1,0
01/14/2021,"New River","Asian or Pacific Islander",191,2,1
01/14/2021,Portsmouth,"Asian or Pacific Islander",29,1,0
01/14/2021,"Rappahannock Rapidan","Asian or Pacific Islander",59,3,1
01/14/2021,Fairfax,"Asian or Pacific Islander",5504,449,95
01/14/2021,Peninsula,"Asian or Pacific Islander",159,8,6
01/14/2021,"Cumberland Plateau and Lenowisco","Asian or Pacific Islander",15,0,0
01/14/2021,Fairfax,"Native American",81,3,1
01/14/2021,Norfolk,"Native American",18,1,1
01/14/2021,Portsmouth,"Native American",7,2,0
01/14/2021,"New River","Native American",10,0,0
01/14/2021,Alexandria,"Native American",9,0,0
01/14/2021,Chickahominy,"Native American",26,2,0
01/14/2021,Crater,"Native American",7,1,1
01/14/2021,Henrico,"Native American",25,0,0
01/14/2021,"Prince William","Native American",58,1,1
01/14/2021,Chesapeake,"Native American",21,0,0
01/14/2021,"Virginia Beach","Native American",27,0,0
01/14/2021,Chesterfield,"Native American",13,1,0
01/14/2021,"Western Tidewater","Native American",6,0,0
01/14/2021,"Pittsylvania-Danville and Southside","Native American",8,1,0
01/14/2021,"Central Shenandoah","Native American",11,1,0
01/14/2021,"Blue Ridge","Native American",8,0,0
01/14/2021,Rappahannock,"Native American",16,0,0
01/14/2021,Hampton,"Native American",6,0,1
01/14/2021,"Lord Fairfax","Native American",7,1,1
01/14/2021,Loudoun,"Native American",21,0,0
01/14/2021,"West Piedmont","Native American",4,0,0
01/14/2021,Richmond,"Native American",10,0,1
01/14/2021,"Rappahannock Rapidan","Native American",13,0,0
01/14/2021,"Eastern Shore and Three Rivers","Native American",12,0,0
01/14/2021,Peninsula,"Native American",21,2,1
01/14/2021,Arlington,"Native American",9,0,0
01/14/2021,Piedmont,"Native American",8,0,0
01/14/2021,"Central Virginia","Native American",25,0,0
01/14/2021,"Cumberland Plateau, Lenowisco, and Mount Rogers","Native American",24,1,0
01/14/2021,"Alleghany and Roanoke","Native American",11,0,1
01/15/2021,Chesterfield,"Asian or Pacific Islander",316,11,2
01/15/2021,Crater,"Asian or Pacific Islander",67,0,0
01/15/2021,Fairfax,"Asian or Pacific Islander",5567,455,95
01/15/2021,Hampton,"Asian or Pacific Islander",63,0,0
01/15/2021,"Rappahannock Rapidan","Asian or Pacific Islander",58,3,1
01/15/2021,"Mount Rogers","Asian or Pacific Islander",25,2,0
01/15/2021,"New River","Asian or Pacific Islander",191,2,1
01/15/2021,"Central Virginia","Asian or Pacific Islander",100,3,0
01/15/2021,"Blue Ridge","Asian or Pacific Islander",222,4,1
01/15/2021,"Lord Fairfax","Asian or Pacific Islander",96,3,1
01/15/2021,Southside,"Asian or Pacific Islander",8,0,0
01/15/2021,Alleghany,"Asian or Pacific Islander",105,3,0
01/15/2021,Portsmouth,"Asian or Pacific Islander",29,1,0
01/15/2021,Roanoke,"Asian or Pacific Islander",103,4,0
01/15/2021,Richmond,"Asian or Pacific Islander",148,6,1
01/15/2021,"Virginia Beach","Asian or Pacific Islander",863,60,10
01/15/2021,Henrico,"Asian or Pacific Islander",685,16,5
01/15/2021,Piedmont,"Asian or Pacific Islander",22,2,1
01/15/2021,"Western Tidewater","Asian or Pacific Islander",40,2,3
01/15/2021,"West Piedmont","Asian or Pacific Islander",34,2,1
01/15/2021,Chickahominy,"Asian or Pacific Islander",51,3,0
01/15/2021,Peninsula,"Asian or Pacific Islander",165,8,6
01/15/2021,Norfolk,"Asian or Pacific Islander",201,18,1
01/15/2021,Arlington,"Asian or Pacific Islander",507,41,18
01/15/2021,Loudoun,"Asian or Pacific Islander",1257,84,13
01/15/2021,Alexandria,"Asian or Pacific Islander",362,14,3
01/15/2021,Rappahannock,"Asian or Pacific Islander",271,15,3
01/15/2021,Chesapeake,"Asian or Pacific Islander",199,16,7
01/15/2021,"Cumberland Plateau and Lenowisco","Asian or Pacific Islander",15,0,0
01/15/2021,"Central Shenandoah","Asian or Pacific Islander",164,4,0
01/15/2021,"Prince William","Asian or Pacific Islander",1583,90,27
01/15/2021,Pittsylvania-Danville,"Asian or Pacific Islander",12,0,0
01/15/2021,"Eastern Shore and Three Rivers","Asian or Pacific Islander",32,1,0
01/15/2021,Piedmont,"Native American",9,0,0
01/15/2021,"New River","Native American",10,0,0
01/15/2021,"Central Shenandoah","Native American",12,1,0
01/15/2021,"Eastern Shore and Three Rivers","Native American",13,0,0
01/15/2021,Fairfax,"Native American",82,3,1
01/15/2021,Chesapeake,"Native American",23,0,0
01/15/2021,"Western Tidewater","Native American",6,0,0
01/15/2021,Portsmouth,"Native American",7,2,0
01/15/2021,Richmond,"Native American",10,0,1
01/15/2021,"Blue Ridge","Native American",8,0,0
01/15/2021,Chickahominy,"Native American",26,2,0
01/15/2021,Arlington,"Native American",9,0,0
01/15/2021,"Virginia Beach","Native American",27,0,0
01/15/2021,Peninsula,"Native American",22,2,1
01/15/2021,Hampton,"Native American",6,0,1
01/15/2021,"West Piedmont","Native American",4,0,0
01/15/2021,"Cumberland Plateau, Lenowisco, and Mount Rogers","Native American",24,1,0
01/15/2021,Henrico,"Native American",25,0,0
01/15/2021,Norfolk,"Native American",18,1,1
01/15/2021,"Prince William","Native American",57,1,1
01/15/2021,"Central Virginia","Native American",24,0,0
01/15/2021,Chesterfield,"Native American",13,1,0
01/15/2021,Rappahannock,"Native American",16,1,1
01/15/2021,Loudoun,"Native American",22,0,0
01/15/2021,Alexandria,"Native American",9,0,0
01/15/2021,"Alleghany and Roanoke","Native American",11,0,1
01/15/2021,Crater,"Native American",7,1,1
01/15/2021,"Rappahannock Rapidan","Native American",13,0,0
01/15/2021,"Lord Fairfax","Native American",7,1,1
01/15/2021,"Pittsylvania-Danville and Southside","Native American",8,1,0
01/15/2021,Southside,"Not Reported",1137,9,4
01/15/2021,Chesapeake,White,4889,247,55
01/15/2021,"Three Rivers","Other Race",91,3,0
01/15/2021,"Central Virginia","Other Race",137,0,0
01/15/2021,"Central Virginia","Two or more races",82,2,0
01/15/2021,"Cumberland Plateau",White,5058,283,82
01/15/2021,Lenowisco,"Two or more races",45,3,7
01/15/2021,"Western Tidewater",Black,3373,274,86
01/15/2021,"Western Tidewater",Latino,112,1,2
01/15/2021,Fairfax,"Not Reported",7929,74,39
01/15/2021,Chesapeake,"Not Reported",1914,5,0
01/15/2021,"Cumberland Plateau","Two or more races",23,2,0
01/15/2021,Loudoun,Black,686,50,12
01/15/2021,Loudoun,Latino,3866,289,21
01/15/2021,Alleghany,Latino,321,13,2
01/15/2021,Alleghany,Black,532,18,13
01/15/2021,"Three Rivers",Black,1588,103,29
01/15/2021,"Three Rivers",Latino,326,7,1
01/15/2021,"Central Shenandoah","Two or more races",174,3,4
01/15/2021,Hampton,Black,2366,149,39
01/15/2021,Hampton,Latino,225,10,1
01/15/2021,Southside,"Other Race",28,1,1
01/15/2021,Piedmont,"Other Race",33,0,0
01/15/2021,"Prince William","Other Race",1959,37,0
01/15/2021,Richmond,"Other Race",265,9,2
01/15/2021,Hampton,"Two or more races",95,1,0
01/15/2021,Norfolk,Latino,708,37,1
01/15/2021,"Lord Fairfax","Not Reported",2120,8,10
01/15/2021,Norfolk,Black,4291,406,82
01/15/2021,"Central Virginia",Black,1681,90,31
01/15/2021,Rappahannock,Latino,2419,137,15
01/15/2021,"Central Virginia",Latino,216,8,4
01/15/2021,Rappahannock,Black,2175,151,29
01/15/2021,"West Piedmont",White,4291,310,104
01/15/2021,Rappahannock,"Not Reported",4499,37,1
01/15/2021,"Central Shenandoah","Not Reported",4116,27,8
01/15/2021,"Blue Ridge","Not Reported",1121,8,2
01/15/2021,Chesterfield,Latino,3172,148,16
01/15/2021,Chesterfield,Black,3528,207,55
01/15/2021,"Central Shenandoah",Latino,1905,78,11
01/15/2021,Southside,Latino,34,2,0
01/15/2021,Southside,Black,1294,76,38
01/15/2021,"Central Shenandoah",Black,997,37,17
01/15/2021,Peninsula,White,4499,169,80
01/15/2021,"Rappahannock Rapidan",White,3708,146,47
01/15/2021,"New River",Latino,338,8,0
01/15/2021,"New River",Black,449,13,7
01/15/2021,Roanoke,"Other Race",75,1,0
01/15/2021,"Three Rivers","Two or more races",55,1,0
01/15/2021,"Prince William",White,5952,259,120
01/15/2021,"West Piedmont","Two or more races",42,1,0
01/15/2021,"New River","Not Reported",3042,36,1
01/15/2021,Chesterfield,"Not Reported",2959,7,12
01/15/2021,Crater,"Two or more races",52,2,1
01/15/2021,Lenowisco,White,4599,278,125
01/15/2021,"Western Tidewater",White,2879,145,97
01/15/2021,"Lord Fairfax","Other Race",291,7,1
01/15/2021,Chickahominy,"Two or more races",57,1,0
01/15/2021,Henrico,Black,4343,335,115
01/15/2021,Henrico,Latino,1485,72,16
01/15/2021,Alleghany,White,5905,207,134
01/15/2021,Peninsula,Black,3352,178,43
01/15/2021,Peninsula,Latino,790,32,3
01/15/2021,Loudoun,"Other Race",1177,29,4
01/15/2021,Arlington,"Not Reported",2442,16,2
01/15/2021,"Mount Rogers","Not Reported",1515,41,15
01/15/2021,Portsmouth,White,1265,91,20
01/15/2021,"Western Tidewater","Two or more races",124,0,1
01/15/2021,"Three Rivers","Not Reported",770,5,1
01/15/2021,Richmond,Black,3999,363,56
01/15/2021,Richmond,Latino,1784,128,9
01/15/2021,"Cumberland Plateau",Latino,39,0,0
01/15/2021,Rappahannock,"Other Race",615,6,0
01/15/2021,"Cumberland Plateau",Black,151,2,1
01/15/2021,Loudoun,"Not Reported",4263,14,0
01/15/2021,Loudoun,White,4507,207,116
01/15/2021,Peninsula,"Not Reported",3139,4,2
01/15/2021,Henrico,White,4973,252,164
01/15/2021,Chesterfield,"Two or more races",162,12,1
01/15/2021,Richmond,White,2667,84,42
01/15/2021,Chesapeake,"Two or more races",135,6,2
01/15/2021,Chickahominy,White,3845,179,79
01/15/2021,Lenowisco,Latino,122,0,0
01/15/2021,Lenowisco,Black,188,6,3
01/15/2021,"Blue Ridge",White,4939,188,68
01/15/2021,Roanoke,"Two or more races",44,2,0
01/15/2021,Piedmont,Latino,126,10,2
01/15/2021,Piedmont,Black,1511,117,32
01/15/2021,Chesterfield,White,6717,315,141
01/15/2021,"Lord Fairfax","Two or more races",95,4,2
01/15/2021,"Central Virginia",White,7419,237,90
01/15/2021,Rappahannock,White,5481,272,88
01/15/2021,"New River",White,6552,220,102
01/15/2021,"Blue Ridge","Two or more races",187,8,1
01/15/2021,Crater,White,2422,106,38
01/15/2021,Alleghany,"Not Reported",3187,10,3
01/15/2021,Arlington,"Two or more races",129,8,2
01/15/2021,Portsmouth,"Other Race",128,14,6
01/15/2021,Piedmont,White,2124,119,41
01/15/2021,Alleghany,"Two or more races",53,1,4
01/15/2021,Crater,Black,3923,284,87
01/15/2021,Crater,Latino,396,11,5
01/15/2021,Piedmont,"Two or more races",92,2,1
01/15/2021,Pittsylvania-Danville,White,2500,140,69
01/15/2021,"Rappahannock Rapidan","Other Race",126,5,0
01/15/2021,Richmond,"Not Reported",1910,6,6
01/15/2021,Henrico,"Two or more races",224,12,3
01/15/2021,Henrico,"Other Race",463,23,2
01/15/2021,Loudoun,"Two or more races",257,7,0
01/15/2021,"Rappahannock Rapidan","Two or more races",80,3,0
01/15/2021,Portsmouth,Latino,154,13,1
01/15/2021,Portsmouth,Black,2784,332,59
01/15/2021,Portsmouth,"Not Reported",1114,10,2
01/15/2021,Alexandria,"Two or more races",114,7,1
01/15/2021,"Virginia Beach","Other Race",431,11,1
01/15/2021,Norfolk,"Not Reported",2217,9,4
01/15/2021,Rappahannock,"Two or more races",159,6,1
01/15/2021,Arlington,Black,827,116,42
01/15/2021,Arlington,Latino,3058,300,34
01/15/2021,"Eastern Shore",White,892,62,27
01/15/2021,"Eastern Shore","Not Reported",114,1,0
01/15/2021,Roanoke,White,1947,60,85
01/15/2021,Alexandria,"Other Race",231,14,2
01/15/2021,"Cumberland Plateau","Other Race",13,0,0
01/15/2021,"Western Tidewater","Other Race",233,3,2
01/15/2021,Lenowisco,"Other Race",33,1,0
01/15/2021,Pittsylvania-Danville,"Two or more races",20,0,0
01/15/2021,Henrico,"Not Reported",3033,15,8
01/15/2021,Crater,"Other Race",130,0,1
01/15/2021,Chickahominy,"Other Race",94,3,0
01/15/2021,Roanoke,Black,1242,53,19
01/15/2021,Roanoke,Latino,677,33,4
01/15/2021,Peninsula,"Two or more races",218,6,1
01/15/2021,Peninsula,"Other Race",604,5,1
01/15/2021,Arlington,White,3029,188,85
01/15/2021,Norfolk,"Two or more races",153,10,1
01/15/2021,Alexandria,White,2035,102,47
01/15/2021,Hampton,"Not Reported",1223,4,1
01/15/2021,"Mount Rogers",White,10201,710,250
01/15/2021,Alexandria,"Not Reported",905,3,1
01/15/2021,"Western Tidewater","Not Reported",2001,6,3
01/15/2021,"Cumberland Plateau","Not Reported",1087,22,3
01/15/2021,"Mount Rogers",Black,273,14,5
01/15/2021,"Mount Rogers",Latino,474,14,1
01/15/2021,"West Piedmont",Black,1363,154,34
01/15/2021,"West Piedmont",Latino,537,22,2
01/15/2021,"Virginia Beach",White,9374,457,95
01/15/2021,"West Piedmont","Other Race",69,1,1
01/15/2021,Richmond,"Two or more races",132,6,1
01/15/2021,"Blue Ridge",Latino,1276,50,3
01/15/2021,"Blue Ridge",Black,1249,127,23
01/15/2021,"Virginia Beach","Not Reported",5688,49,9
01/15/2021,Hampton,"Other Race",189,4,1
01/15/2021,"Virginia Beach",Black,3792,268,51
01/15/2021,"Virginia Beach",Latino,1199,48,6
01/15/2021,Fairfax,Black,4098,337,73
01/15/2021,Fairfax,Latino,18269,1323,127
01/15/2021,"Prince William",Latino,11623,820,95
01/15/2021,"Prince William",Black,3600,247,64
01/15/2021,Piedmont,"Not Reported",2106,15,4
01/15/2021,Chesapeake,Latino,663,41,2
01/15/2021,Chesapeake,Black,3547,348,46
01/15/2021,Pittsylvania-Danville,"Not Reported",1985,24,6
01/15/2021,Alleghany,"Other Race",99,2,0
01/15/2021,"West Piedmont","Not Reported",1849,21,5
01/15/2021,Norfolk,White,2949,139,31
01/15/2021,"Virginia Beach","Two or more races",306,12,3
01/15/2021,Chesapeake,"Other Race",166,7,1
01/15/2021,Norfolk,"Other Race",209,6,2
01/15/2021,Chickahominy,Latino,227,10,1
01/15/2021,Chickahominy,Black,919,83,25
01/15/2021,"Eastern Shore",Black,1135,113,32
01/15/2021,"Eastern Shore",Latino,451,20,3
01/15/2021,"Prince William","Two or more races",456,7,2
01/15/2021,Hampton,White,1267,44,14
01/15/2021,"Prince William","Not Reported",8637,30,2
01/15/2021,"Mount Rogers","Two or more races",67,3,2
01/15/2021,Fairfax,White,13221,811,381
01/15/2021,"Rappahannock Rapidan","Not Reported",1927,38,8
01/15/2021,Southside,"Two or more races",151,0,11
01/15/2021,Lenowisco,"Not Reported",921,26,11
01/15/2021,Crater,"Not Reported",1768,18,6
01/15/2021,Chickahominy,"Not Reported",1635,5,1
01/15/2021,Fairfax,"Other Race",2519,150,26
01/15/2021,Portsmouth,"Two or more races",65,8,2
01/15/2021,Alexandria,Black,1693,143,23
01/15/2021,Alexandria,Latino,3099,180,17
01/15/2021,Roanoke,"Not Reported",1839,5,1
01/15/2021,Pittsylvania-Danville,Black,1751,153,29
01/15/2021,Pittsylvania-Danville,Latino,159,5,0
01/15/2021,"Eastern Shore","Two or more races",4,1,0
01/15/2021,"Lord Fairfax",White,8206,426,175
01/15/2021,Chesterfield,"Other Race",402,21,0
01/15/2021,"Mount Rogers","Other Race",57,2,2
01/15/2021,"Eastern Shore","Other Race",23,1,0
01/15/2021,"Three Rivers",White,3138,140,42
01/15/2021,Pittsylvania-Danville,"Other Race",7,0,0
01/15/2021,"Rappahannock Rapidan",Latino,1414,77,10
01/15/2021,"Rappahannock Rapidan",Black,850,66,17
01/15/2021,"Central Virginia","Not Reported",5425,45,10
01/15/2021,"Lord Fairfax",Latino,1460,74,11
01/15/2021,"Lord Fairfax",Black,458,34,12
01/15/2021,"Central Shenandoah","Other Race",251,6,1
01/15/2021,"Blue Ridge","Other Race",307,9,1
01/15/2021,Fairfax,"Two or more races",629,20,4
01/15/2021,Arlington,"Other Race",425,19,4
01/15/2021,"New River","Two or more races",144,8,8
01/15/2021,"Central Shenandoah",White,12415,497,197
01/15/2021,Southside,White,1260,63,41
01/15/2021,"New River","Other Race",46,1,0
01/16/2021,Fairfax,"Native American",83,3,1
01/16/2021,Norfolk,"Native American",18,1,1
01/16/2021,Portsmouth,"Native American",7,2,0
01/16/2021,"New River","Native American",10,0,0
01/16/2021,Alexandria,"Native American",9,0,0
01/16/2021,Chickahominy,"Native American",26,2,0
01/16/2021,Crater,"Native American",7,1,1
01/16/2021,Henrico,"Native American",25,0,0
01/16/2021,"Prince William","Native American",57,1,1
01/16/2021,Chesapeake,"Native American",24,0,0
01/16/2021,"Virginia Beach","Native American",27,0,0
01/16/2021,Chesterfield,"Native American",13,1,0
01/16/2021,"Western Tidewater","Native American",6,0,0
01/16/2021,"Pittsylvania-Danville and Southside","Native American",8,1,0
01/16/2021,"Central Shenandoah","Native American",12,1,0
01/16/2021,"Blue Ridge","Native American",8,0,0
01/16/2021,Rappahannock,"Native American",17,1,1
01/16/2021,Hampton,"Native American",6,0,1
01/16/2021,"Lord Fairfax","Native American",8,1,1
01/16/2021,Loudoun,"Native American",22,0,0
01/16/2021,"West Piedmont","Native American",4,0,0
01/16/2021,Richmond,"Native American",12,0,1
01/16/2021,"Rappahannock Rapidan","Native American",13,0,0
01/16/2021,"Eastern Shore and Three Rivers","Native American",13,0,0
01/16/2021,Peninsula,"Native American",22,2,1
01/16/2021,Arlington,"Native American",9,0,0
01/16/2021,Piedmont,"Native American",9,0,0
01/16/2021,"Central Virginia","Native American",24,0,0
01/16/2021,"Cumberland Plateau, Lenowisco, and Mount Rogers","Native American",24,1,0
01/16/2021,"Alleghany and Roanoke","Native American",11,0,1
01/16/2021,Southside,"Not Reported",1167,9,4
01/16/2021,Chesapeake,White,5077,248,55
01/16/2021,"Three Rivers","Other Race",92,3,0
01/16/2021,"Central Virginia","Other Race",138,0,0
01/16/2021,"Central Virginia","Two or more races",83,2,0
01/16/2021,"Cumberland Plateau",White,5090,282,81
01/16/2021,Lenowisco,"Two or more races",45,3,7
01/16/2021,"Western Tidewater",Black,3420,275,86
01/16/2021,"Western Tidewater",Latino,112,1,2
01/16/2021,Fairfax,"Not Reported",8221,76,39
01/16/2021,Chesapeake,"Not Reported",2023,5,0
01/16/2021,"Cumberland Plateau","Two or more races",23,2,0
01/16/2021,Loudoun,Black,696,50,12
01/16/2021,Loudoun,Latino,3884,289,21
01/16/2021,Alleghany,Latino,323,13,2
01/16/2021,Alleghany,Black,540,18,13
01/16/2021,"Three Rivers",Black,1604,104,29
01/16/2021,"Three Rivers",Latino,330,7,1
01/16/2021,"Central Shenandoah","Two or more races",174,3,4
01/16/2021,Hampton,Black,2418,150,39
01/16/2021,Hampton,Latino,230,10,1
01/16/2021,Southside,"Other Race",30,1,1
01/16/2021,Piedmont,"Other Race",35,0,0
01/16/2021,"Prince William","Other Race",1996,37,0
01/16/2021,Richmond,"Other Race",268,9,2
01/16/2021,Hampton,"Two or more races",95,1,0
01/16/2021,Norfolk,Latino,714,37,1
01/16/2021,"Lord Fairfax","Not Reported",2166,8,10
01/16/2021,Norfolk,Black,4320,405,82
01/16/2021,"Central Virginia",Black,1723,90,31
01/16/2021,Rappahannock,Latino,2441,137,15
01/16/2021,"Central Virginia",Latino,219,8,4
01/16/2021,Rappahannock,Black,2224,151,29
01/16/2021,"West Piedmont",White,4355,313,105
01/16/2021,Rappahannock,"Not Reported",4583,37,1
01/16/2021,"Central Shenandoah","Not Reported",4177,27,8
01/16/2021,"Blue Ridge","Not Reported",1152,8,2
01/16/2021,Chesterfield,Latino,3199,148,16
01/16/2021,Chesterfield,Black,3602,207,55
01/16/2021,"Central Shenandoah",Latino,1927,79,11
01/16/2021,Southside,Latino,36,2,0
01/16/2021,Southside,Black,1372,76,38
01/16/2021,"Central Shenandoah",Black,1010,38,18
01/16/2021,Peninsula,White,4587,169,80
01/16/2021,"Rappahannock Rapidan",White,3771,148,47
01/16/2021,"New River",Latino,338,8,0
01/16/2021,"New River",Black,452,15,7
01/16/2021,Roanoke,"Other Race",75,1,0
01/16/2021,"Three Rivers","Two or more races",55,1,0
01/16/2021,"Prince William",White,6021,259,120
01/16/2021,"West Piedmont","Two or more races",43,1,0
01/16/2021,"New River","Not Reported",3073,36,1
01/16/2021,Chesterfield,"Not Reported",3090,7,12
01/16/2021,Crater,"Two or more races",52,2,1
01/16/2021,Lenowisco,White,4616,280,125
01/16/2021,"Western Tidewater",White,2950,145,98
01/16/2021,"Lord Fairfax","Other Race",291,7,1
01/16/2021,Chickahominy,"Two or more races",56,1,0
01/16/2021,Henrico,Black,4412,336,115
01/16/2021,Henrico,Latino,1497,72,16
01/16/2021,Alleghany,White,6031,212,134
01/16/2021,Peninsula,Black,3413,178,43
01/16/2021,Peninsula,Latino,797,32,3
01/16/2021,Loudoun,"Other Race",1185,29,4
01/16/2021,Arlington,"Not Reported",2485,16,2
01/16/2021,"Mount Rogers","Not Reported",1510,41,15
01/16/2021,Portsmouth,White,1284,92,23
01/16/2021,"Western Tidewater","Two or more races",126,1,1
01/16/2021,"Three Rivers","Not Reported",809,5,1
01/16/2021,Richmond,Black,4036,362,56
01/16/2021,Richmond,Latino,1788,128,9
01/16/2021,"Cumberland Plateau",Latino,40,0,0
01/16/2021,Rappahannock,"Other Race",629,6,0
01/16/2021,"Cumberland Plateau",Black,151,2,1
01/16/2021,Loudoun,"Not Reported",4324,14,0
01/16/2021,Loudoun,White,4596,210,117
01/16/2021,Peninsula,"Not Reported",3200,4,2
01/16/2021,Henrico,White,5074,253,167
01/16/2021,Chesterfield,"Two or more races",163,12,1
01/16/2021,Richmond,White,2703,84,42
01/16/2021,Chesapeake,"Two or more races",137,6,2
01/16/2021,Chickahominy,White,3867,180,79
01/16/2021,Lenowisco,Latino,122,0,0
01/16/2021,Lenowisco,Black,188,6,3
01/16/2021,"Blue Ridge",White,4985,187,68
01/16/2021,Roanoke,"Two or more races",45,2,0
01/16/2021,Piedmont,Latino,127,10,2
01/16/2021,Piedmont,Black,1529,117,32
01/16/2021,Chesterfield,White,6853,319,142
01/16/2021,"Lord Fairfax","Two or more races",95,4,2
01/16/2021,"Central Virginia",White,7628,240,91
01/16/2021,Rappahannock,White,5597,278,92
01/16/2021,"New River",White,6581,221,102
01/16/2021,"Blue Ridge","Two or more races",186,8,1
01/16/2021,Crater,White,2465,107,38
01/16/2021,Alleghany,"Not Reported",3294,10,3
01/16/2021,Arlington,"Two or more races",128,8,2
01/16/2021,Portsmouth,"Other Race",130,14,6
01/16/2021,Piedmont,White,2169,121,41
01/16/2021,Alleghany,"Two or more races",53,1,4
01/16/2021,Crater,Black,3987,284,87
01/16/2021,Crater,Latino,400,11,5
01/16/2021,Piedmont,"Two or more races",94,2,1
01/16/2021,Pittsylvania-Danville,White,2545,145,69
01/16/2021,"Rappahannock Rapidan","Other Race",127,5,0
01/16/2021,Richmond,"Not Reported",1971,6,6
01/16/2021,Henrico,"Two or more races",226,12,3
01/16/2021,Henrico,"Other Race",471,23,2
01/16/2021,Loudoun,"Two or more races",254,7,0
01/16/2021,"Rappahannock Rapidan","Two or more races",80,3,0
01/16/2021,Portsmouth,Latino,162,13,1
01/16/2021,Portsmouth,Black,2819,332,59
01/16/2021,Portsmouth,"Not Reported",1149,11,3
01/16/2021,Alexandria,"Two or more races",114,7,1
01/16/2021,"Virginia Beach","Other Race",442,11,1
01/16/2021,Norfolk,"Not Reported",2265,9,4
01/16/2021,Rappahannock,"Two or more races",159,7,1
01/16/2021,Arlington,Black,830,116,42
01/16/2021,Arlington,Latino,3072,301,34
01/16/2021,"Eastern Shore",White,902,65,27
01/16/2021,"Eastern Shore","Not Reported",117,1,0
01/16/2021,Roanoke,White,1969,60,85
01/16/2021,Alexandria,"Other Race",234,14,2
01/16/2021,"Cumberland Plateau","Other Race",14,0,0
01/16/2021,"Western Tidewater","Other Race",235,3,2
01/16/2021,Lenowisco,"Other Race",33,1,0
01/16/2021,Pittsylvania-Danville,"Two or more races",20,0,0
01/16/2021,Henrico,"Not Reported",3158,15,8
01/16/2021,Crater,"Other Race",133,0,1
01/16/2021,Chickahominy,"Other Race",94,3,0
01/16/2021,Roanoke,Black,1258,53,19
01/16/2021,Roanoke,Latino,683,35,4
01/16/2021,Peninsula,"Two or more races",219,6,1
01/16/2021,Peninsula,"Other Race",627,5,1
01/16/2021,Arlington,White,3055,188,85
01/16/2021,Norfolk,"Two or more races",152,10,1
01/16/2021,Alexandria,White,2055,103,48
01/16/2021,Hampton,"Not Reported",1264,4,1
01/16/2021,"Mount Rogers",White,10313,723,258
01/16/2021,Alexandria,"Not Reported",918,3,1
01/16/2021,"Western Tidewater","Not Reported",2042,6,3
01/16/2021,"Cumberland Plateau","Not Reported",1092,22,3
01/16/2021,"Mount Rogers",Black,275,14,6
01/16/2021,"Mount Rogers",Latino,478,15,1
01/16/2021,"West Piedmont",Black,1382,154,34
01/16/2021,"West Piedmont",Latino,540,22,2
01/16/2021,"Virginia Beach",White,9531,458,97
01/16/2021,"West Piedmont","Other Race",72,1,1
01/16/2021,Richmond,"Two or more races",131,6,1
01/16/2021,"Blue Ridge",Latino,1286,50,3
01/16/2021,"Blue Ridge",Black,1264,129,23
01/16/2021,"Virginia Beach","Not Reported",5790,49,9
01/16/2021,Hampton,"Other Race",195,4,1
01/16/2021,"Virginia Beach",Black,3835,268,51
01/16/2021,"Virginia Beach",Latino,1210,48,6
01/16/2021,Fairfax,Black,4146,337,73
01/16/2021,Fairfax,Latino,18409,1324,128
01/16/2021,"Prince William",Latino,11678,820,97
01/16/2021,"Prince William",Black,3644,248,64
01/16/2021,Piedmont,"Not Reported",2170,15,4
01/16/2021,Chesapeake,Latino,676,41,2
01/16/2021,Chesapeake,Black,3643,348,46
01/16/2021,Pittsylvania-Danville,"Not Reported",2010,25,6
01/16/2021,Alleghany,"Other Race",100,2,0
01/16/2021,"West Piedmont","Not Reported",1891,22,5
01/16/2021,Norfolk,White,2984,139,31
01/16/2021,"Virginia Beach","Two or more races",310,12,3
01/16/2021,Chesapeake,"Other Race",182,7,1
01/16/2021,Norfolk,"Other Race",214,6,2
01/16/2021,Chickahominy,Latino,227,10,1
01/16/2021,Chickahominy,Black,923,83,25
01/16/2021,"Eastern Shore",Black,1142,116,32
01/16/2021,"Eastern Shore",Latino,460,20,3
01/16/2021,"Prince William","Two or more races",457,7,2
01/16/2021,Hampton,White,1298,44,14
01/16/2021,"Prince William","Not Reported",8834,30,2
01/16/2021,"Mount Rogers","Two or more races",68,3,2
01/16/2021,Fairfax,White,13352,813,382
01/16/2021,"Rappahannock Rapidan","Not Reported",1978,39,8
01/16/2021,Southside,"Two or more races",151,0,11
01/16/2021,Lenowisco,"Not Reported",935,27,11
01/16/2021,Crater,"Not Reported",1832,18,6
01/16/2021,Chickahominy,"Not Reported",1648,5,1
01/16/2021,Fairfax,"Other Race",2577,150,26
01/16/2021,Portsmouth,"Two or more races",65,8,2
01/16/2021,Alexandria,Black,1704,143,23
01/16/2021,Alexandria,Latino,3114,180,17
01/16/2021,Roanoke,"Not Reported",1881,5,1
01/16/2021,Pittsylvania-Danville,Black,1773,153,29
01/16/2021,Pittsylvania-Danville,Latino,160,5,0
01/16/2021,"Eastern Shore","Two or more races",3,1,0
01/16/2021,"Lord Fairfax",White,8348,431,178
01/16/2021,Chesterfield,"Other Race",414,22,1
01/16/2021,"Mount Rogers","Other Race",59,2,2
01/16/2021,"Eastern Shore","Other Race",25,1,0
01/16/2021,"Three Rivers",White,3188,140,42
01/16/2021,Pittsylvania-Danville,"Other Race",7,0,0
01/16/2021,"Rappahannock Rapidan",Latino,1420,77,10
01/16/2021,"Rappahannock Rapidan",Black,861,66,17
01/16/2021,"Central Virginia","Not Reported",5534,45,10
01/16/2021,"Lord Fairfax",Latino,1471,74,11
01/16/2021,"Lord Fairfax",Black,463,34,12
01/16/2021,"Central Shenandoah","Other Race",255,6,1
01/16/2021,"Blue Ridge","Other Race",311,9,1
01/16/2021,Fairfax,"Two or more races",635,20,4
01/16/2021,Arlington,"Other Race",428,19,4
01/16/2021,"New River","Two or more races",144,8,8
01/16/2021,"Central Shenandoah",White,12567,508,208
01/16/2021,Southside,White,1319,63,42
01/16/2021,"New River","Other Race",46,1,0
01/16/2021,"Mount Rogers","Asian or Pacific Islander",25,2,0
01/16/2021,Southside,"Asian or Pacific Islander",8,0,0
01/16/2021,"Prince William","Asian or Pacific Islander",1608,90,27
01/16/2021,Henrico,"Asian or Pacific Islander",694,16,5
01/16/2021,Alleghany,"Asian or Pacific Islander",106,3,0
01/16/2021,Roanoke,"Asian or Pacific Islander",103,4,0
01/16/2021,Rappahannock,"Asian or Pacific Islander",276,16,4
01/16/2021,"Lord Fairfax","Asian or Pacific Islander",99,3,1
01/16/2021,"Western Tidewater","Asian or Pacific Islander",40,2,3
01/16/2021,Richmond,"Asian or Pacific Islander",150,6,1
01/16/2021,Arlington,"Asian or Pacific Islander",513,41,18
01/16/2021,"West Piedmont","Asian or Pacific Islander",34,2,1
01/16/2021,Chesapeake,"Asian or Pacific Islander",205,16,7
01/16/2021,Chickahominy,"Asian or Pacific Islander",49,3,0
01/16/2021,Piedmont,"Asian or Pacific Islander",22,2,1
01/16/2021,Chesterfield,"Asian or Pacific Islander",324,11,2
01/16/2021,Norfolk,"Asian or Pacific Islander",202,18,1
01/16/2021,"Central Shenandoah","Asian or Pacific Islander",167,4,0
01/16/2021,Crater,"Asian or Pacific Islander",67,0,0
01/16/2021,Pittsylvania-Danville,"Asian or Pacific Islander",12,0,0
01/16/2021,"Blue Ridge","Asian or Pacific Islander",223,4,1
01/16/2021,"Virginia Beach","Asian or Pacific Islander",868,60,10
01/16/2021,Loudoun,"Asian or Pacific Islander",1284,85,14
01/16/2021,"Central Virginia","Asian or Pacific Islander",99,3,0
01/16/2021,Hampton,"Asian or Pacific Islander",65,0,0
01/16/2021,Alexandria,"Asian or Pacific Islander",366,14,3
01/16/2021,"Eastern Shore and Three Rivers","Asian or Pacific Islander",32,1,0
01/16/2021,"New River","Asian or Pacific Islander",193,2,1
01/16/2021,Portsmouth,"Asian or Pacific Islander",29,1,0
01/16/2021,"Rappahannock Rapidan","Asian or Pacific Islander",58,3,1
01/16/2021,Fairfax,"Asian or Pacific Islander",5641,456,95
01/16/2021,Peninsula,"Asian or Pacific Islander",167,8,6
01/16/2021,"Cumberland Plateau and Lenowisco","Asian or Pacific Islander",15,0,0
01/17/2021,"Rappahannock Rapidan","Not Reported",2056,39,8
01/17/2021,Portsmouth,"Other Race",130,14,6
01/17/2021,"Western Tidewater","Two or more races",126,1,1
01/17/2021,Piedmont,White,2220,122,41
01/17/2021,Chesterfield,Latino,3267,148,16
01/17/2021,Lenowisco,White,4652,280,125
01/17/2021,Lenowisco,"Two or more races",45,3,7
01/17/2021,Hampton,"Not Reported",1316,4,1
01/17/2021,Southside,"Not Reported",1194,10,4
01/17/2021,Roanoke,Black,1262,53,19
01/17/2021,Hampton,Black,2466,150,39
01/17/2021,Alleghany,"Other Race",101,2,0
01/17/2021,Lenowisco,Latino,131,0,0
01/17/2021,Loudoun,"Other Race",1228,30,4
01/17/2021,"Central Shenandoah",Latino,1944,79,11
01/17/2021,"Rappahannock Rapidan",Latino,1431,77,10
01/17/2021,"Eastern Shore",Black,1152,116,33
01/17/2021,Norfolk,Latino,721,37,1
01/17/2021,Hampton,"Two or more races",95,1,0
01/17/2021,Richmond,Black,4083,362,56
01/17/2021,Henrico,"Two or more races",227,12,3
01/17/2021,Fairfax,"Two or more races",639,20,4
01/17/2021,"Blue Ridge",White,5059,189,68
01/17/2021,Alleghany,"Not Reported",3366,10,3
01/17/2021,"Blue Ridge","Two or more races",186,8,1
01/17/2021,Portsmouth,"Not Reported",1179,11,3
01/17/2021,"Cumberland Plateau","Other Race",14,0,0
01/17/2021,Southside,"Two or more races",151,0,11
01/17/2021,Portsmouth,White,1294,92,23
01/17/2021,"Rappahannock Rapidan","Two or more races",81,3,0
01/17/2021,Fairfax,White,13829,814,382
01/17/2021,Fairfax,"Other Race",2672,150,26
01/17/2021,Crater,"Two or more races",52,2,1
01/17/2021,"West Piedmont","Not Reported",1934,22,5
01/17/2021,Henrico,"Other Race",477,23,2
01/17/2021,"Three Rivers",White,3235,141,42
01/17/2021,"Central Virginia",Black,1753,90,31
01/17/2021,Lenowisco,"Other Race",34,1,0
01/17/2021,"Three Rivers","Other Race",93,3,0
01/17/2021,"Western Tidewater",White,3014,146,98
01/17/2021,"Mount Rogers",Black,281,14,6
01/17/2021,"Three Rivers","Not Reported",849,5,1
01/17/2021,"Eastern Shore",White,911,65,27
01/17/2021,"Central Virginia",White,7785,242,92
01/17/2021,Lenowisco,Black,210,6,3
01/17/2021,"Central Virginia","Two or more races",83,2,0
01/17/2021,Richmond,"Two or more races",131,6,1
01/17/2021,Crater,"Not Reported",1915,18,6
01/17/2021,Chesterfield,"Two or more races",164,12,1
01/17/2021,"New River",Latino,341,8,0
01/17/2021,Richmond,Latino,1798,128,9
01/17/2021,Portsmouth,Latino,162,13,1
01/17/2021,Pittsylvania-Danville,"Not Reported",2127,25,6
01/17/2021,Chesapeake,"Not Reported",2155,5,0
01/17/2021,Chickahominy,Latino,231,10,1
01/17/2021,Crater,Black,4181,284,87
01/17/2021,Chesterfield,Black,3735,207,55
01/17/2021,Chesterfield,"Other Race",437,22,1
01/17/2021,Peninsula,Black,3496,179,43
01/17/2021,Roanoke,White,1988,60,85
01/17/2021,"New River",Black,455,15,7
01/17/2021,Southside,Latino,40,2,0
01/17/2021,Peninsula,Latino,818,32,3
01/17/2021,Rappahannock,"Two or more races",159,7,1
01/17/2021,"Virginia Beach",Black,3882,268,51
01/17/2021,"Mount Rogers","Not Reported",1529,42,16
01/17/2021,Loudoun,"Not Reported",4484,14,0
01/17/2021,Chesapeake,"Other Race",183,7,1
01/17/2021,Chickahominy,"Two or more races",58,1,0
01/17/2021,Crater,"Other Race",136,0,1
01/17/2021,Norfolk,"Two or more races",152,10,1
01/17/2021,"Eastern Shore","Two or more races",4,1,0
01/17/2021,"Central Shenandoah",White,12720,511,218
01/17/2021,"New River","Other Race",47,1,0
01/17/2021,"New River",White,6625,223,102
01/17/2021,"Central Shenandoah","Other Race",256,6,1
01/17/2021,"West Piedmont",Black,1399,155,34
01/17/2021,Alleghany,Latino,325,13,2
01/17/2021,"Central Shenandoah","Not Reported",4227,27,12
01/17/2021,Roanoke,"Two or more races",45,2,0
01/17/2021,Peninsula,"Two or more races",222,6,1
01/17/2021,Richmond,"Not Reported",2040,6,6
01/17/2021,Arlington,"Other Race",432,20,4
01/17/2021,Norfolk,"Not Reported",2327,9,4
01/17/2021,Alexandria,"Other Race",243,14,2
01/17/2021,"Virginia Beach",White,9668,458,97
01/17/2021,Chesapeake,"Two or more races",137,6,2
01/17/2021,Alleghany,White,6073,212,134
01/17/2021,"Rappahannock Rapidan","Other Race",133,5,0
01/17/2021,Chickahominy,"Not Reported",1721,5,1
01/17/2021,Portsmouth,Black,2849,332,59
01/17/2021,Chickahominy,"Other Race",96,3,0
01/17/2021,"Virginia Beach",Latino,1219,48,6
01/17/2021,Chesapeake,White,5210,249,55
01/17/2021,"Blue Ridge",Latino,1298,51,3
01/17/2021,Southside,Black,1405,76,38
01/17/2021,Rappahannock,Latino,2463,137,15
01/17/2021,"Three Rivers","Two or more races",56,1,0
01/17/2021,Henrico,Black,4484,336,115
01/17/2021,Pittsylvania-Danville,Black,1802,154,29
01/17/2021,"Lord Fairfax","Two or more races",95,4,2
01/17/2021,"Prince William",Latino,12033,821,97
01/17/2021,"Mount Rogers","Other Race",64,2,2
01/17/2021,"Central Shenandoah",Black,1017,38,18
01/17/2021,Peninsula,White,4689,171,80
01/17/2021,"Eastern Shore","Not Reported",117,1,0
01/17/2021,Hampton,"Other Race",199,4,1
01/17/2021,"Lord Fairfax","Not Reported",2221,8,10
01/17/2021,"Central Virginia","Other Race",138,0,0
01/17/2021,"Western Tidewater","Other Race",236,3,2
01/17/2021,Crater,Latino,407,11,5
01/17/2021,Chesapeake,Latino,685,41,2
01/17/2021,Chesterfield,White,7149,320,142
01/17/2021,"Western Tidewater","Not Reported",2094,6,3
01/17/2021,Fairfax,"Not Reported",8569,76,39
01/17/2021,Arlington,Black,846,123,42
01/17/2021,"Central Virginia",Latino,223,8,4
01/17/2021,Alexandria,"Not Reported",927,3,1
01/17/2021,"Three Rivers",Black,1622,104,29
01/17/2021,"Prince William","Two or more races",460,7,2
01/17/2021,Loudoun,"Two or more races",255,7,0
01/17/2021,Peninsula,"Other Race",640,5,1
01/17/2021,Norfolk,"Other Race",219,6,2
01/17/2021,"Prince William","Not Reported",9202,30,2
01/17/2021,"West Piedmont",White,4408,316,105
01/17/2021,Rappahannock,Black,2262,151,29
01/17/2021,Norfolk,Black,4385,405,82
01/17/2021,Roanoke,Latino,683,35,4
01/17/2021,Piedmont,Latino,131,10,2
01/17/2021,Roanoke,"Not Reported",1940,5,1
01/17/2021,"Virginia Beach","Other Race",448,11,1
01/17/2021,Arlington,"Two or more races",128,8,2
01/17/2021,Alexandria,White,2086,103,48
01/17/2021,"Lord Fairfax","Other Race",296,7,1
01/17/2021,"Virginia Beach","Not Reported",5959,49,9
01/17/2021,Loudoun,Black,710,50,12
01/17/2021,Pittsylvania-Danville,Latino,165,5,0
01/17/2021,"Cumberland Plateau","Not Reported",1112,22,3
01/17/2021,Chesterfield,"Not Reported",3209,7,12
01/17/2021,"Blue Ridge","Not Reported",1181,8,2
01/17/2021,"Mount Rogers",White,10470,731,263
01/17/2021,Richmond,White,2740,84,42
01/17/2021,Lenowisco,"Not Reported",950,27,11
01/17/2021,"Three Rivers",Latino,333,7,1
01/17/2021,Piedmont,"Not Reported",2250,15,4
01/17/2021,"Mount Rogers",Latino,482,15,1
01/17/2021,"Central Shenandoah","Two or more races",174,3,4
01/17/2021,Crater,White,2683,107,38
01/17/2021,Arlington,White,3101,194,85
01/17/2021,Pittsylvania-Danville,"Other Race",8,0,0
01/17/2021,Chickahominy,Black,947,83,25
01/17/2021,Fairfax,Black,4273,337,73
01/17/2021,"Eastern Shore",Latino,473,20,3
01/17/2021,Norfolk,White,3044,139,31
01/17/2021,"Mount Rogers","Two or more races",69,3,2
01/17/2021,Alleghany,"Two or more races",54,1,4
01/17/2021,Southside,White,1342,64,42
01/17/2021,"Prince William",Black,3802,248,64
01/17/2021,"Lord Fairfax",White,8478,433,178
01/17/2021,"Cumberland Plateau",Latino,40,0,0
01/17/2021,Arlington,"Not Reported",2532,17,2
01/17/2021,Rappahannock,"Other Race",646,6,0
01/17/2021,"Rappahannock Rapidan",Black,869,66,17
01/17/2021,"New River","Two or more races",144,8,8
01/17/2021,"Blue Ridge","Other Race",322,9,1
01/17/2021,Arlington,Latino,3111,303,34
01/17/2021,Henrico,White,5157,254,167
01/17/2021,Loudoun,White,4691,210,117
01/17/2021,Hampton,White,1321,44,14
01/17/2021,Alleghany,Black,553,18,13
01/17/2021,"Prince William",White,6453,259,120
01/17/2021,Rappahannock,White,5699,279,92
01/17/2021,Southside,"Other Race",30,1,1
01/17/2021,Portsmouth,"Two or more races",65,8,2
01/17/2021,"Western Tidewater",Black,3459,275,86
01/17/2021,Hampton,Latino,232,10,1
01/17/2021,Henrico,"Not Reported",3297,15,8
01/17/2021,"West Piedmont","Two or more races",43,1,0
01/17/2021,Peninsula,"Not Reported",3337,4,2
01/17/2021,Loudoun,Latino,3918,290,21
01/17/2021,Alexandria,Black,1723,143,23
01/17/2021,Piedmont,Black,1569,117,32
01/17/2021,Roanoke,"Other Race",75,1,0
01/17/2021,Alexandria,"Two or more races",115,7,1
01/17/2021,"Western Tidewater",Latino,112,1,2
01/17/2021,Rappahannock,"Not Reported",4649,37,1
01/17/2021,"West Piedmont","Other Race",71,1,1
01/17/2021,Chickahominy,White,3950,179,79
01/17/2021,"Blue Ridge",Black,1281,130,23
01/17/2021,"Cumberland Plateau",Black,151,2,1
01/17/2021,"Lord Fairfax",Latino,1481,74,11
01/17/2021,"West Piedmont",Latino,544,22,2
01/17/2021,"Cumberland Plateau",White,5113,283,81
01/17/2021,"Eastern Shore","Other Race",25,1,0
01/17/2021,"Cumberland Plateau","Two or more races",23,2,0
01/17/2021,Pittsylvania-Danville,"Two or more races",20,0,0
01/17/2021,Piedmont,"Other Race",37,0,0
01/17/2021,Alexandria,Latino,3136,182,17
01/17/2021,Chesapeake,Black,3694,348,46
01/17/2021,Richmond,"Other Race",271,9,2
01/17/2021,Henrico,Latino,1507,72,16
01/17/2021,Piedmont,"Two or more races",95,2,1
01/17/2021,"Prince William","Other Race",2111,37,0
01/17/2021,"New River","Not Reported",3111,36,1
01/17/2021,"Rappahannock Rapidan",White,3852,148,47
01/17/2021,"Central Virginia","Not Reported",5721,45,10
01/17/2021,"Virginia Beach","Two or more races",310,12,3
01/17/2021,Pittsylvania-Danville,White,2600,145,69
01/17/2021,"Lord Fairfax",Black,472,34,12
01/17/2021,Fairfax,Latino,18704,1326,128
01/17/2021,Chesterfield,"Asian or Pacific Islander",337,11,2
01/17/2021,Crater,"Asian or Pacific Islander",69,0,0
01/17/2021,Fairfax,"Asian or Pacific Islander",5815,456,95
01/17/2021,Hampton,"Asian or Pacific Islander",70,0,0
01/17/2021,"Rappahannock Rapidan","Asian or Pacific Islander",60,3,1
01/17/2021,"Mount Rogers","Asian or Pacific Islander",26,2,0
01/17/2021,"New River","Asian or Pacific Islander",196,2,1
01/17/2021,"Central Virginia","Asian or Pacific Islander",99,3,0
01/17/2021,"Blue Ridge","Asian or Pacific Islander",223,4,1
01/17/2021,"Lord Fairfax","Asian or Pacific Islander",101,3,1
01/17/2021,Southside,"Asian or Pacific Islander",8,0,0
01/17/2021,Alleghany,"Asian or Pacific Islander",106,3,0
01/17/2021,Portsmouth,"Asian or Pacific Islander",30,1,0
01/17/2021,Roanoke,"Asian or Pacific Islander",103,4,0
01/17/2021,Richmond,"Asian or Pacific Islander",156,6,1
01/17/2021,"Virginia Beach","Asian or Pacific Islander",879,60,10
01/17/2021,Henrico,"Asian or Pacific Islander",703,16,5
01/17/2021,Piedmont,"Asian or Pacific Islander",22,2,1
01/17/2021,"Western Tidewater","Asian or Pacific Islander",40,2,3
01/17/2021,"West Piedmont","Asian or Pacific Islander",34,2,1
01/17/2021,Chickahominy,"Asian or Pacific Islander",50,3,0
01/17/2021,Peninsula,"Asian or Pacific Islander",171,8,6
01/17/2021,Norfolk,"Asian or Pacific Islander",209,18,1
01/17/2021,Arlington,"Asian or Pacific Islander",518,43,19
01/17/2021,Loudoun,"Asian or Pacific Islander",1327,86,14
01/17/2021,Alexandria,"Asian or Pacific Islander",373,14,3
01/17/2021,Rappahannock,"Asian or Pacific Islander",279,16,4
01/17/2021,Chesapeake,"Asian or Pacific Islander",209,16,7
01/17/2021,"Cumberland Plateau and Lenowisco","Asian or Pacific Islander",15,0,0
01/17/2021,"Central Shenandoah","Asian or Pacific Islander",167,4,0
01/17/2021,"Prince William","Asian or Pacific Islander",1685,90,27
01/17/2021,Pittsylvania-Danville,"Asian or Pacific Islander",12,0,0
01/17/2021,"Eastern Shore and Three Rivers","Asian or Pacific Islander",32,1,0
01/17/2021,Piedmont,"Native American",9,0,0
01/17/2021,"New River","Native American",10,0,0
01/17/2021,"Central Shenandoah","Native American",12,1,0
01/17/2021,"Eastern Shore and Three Rivers","Native American",13,0,0
01/17/2021,Fairfax,"Native American",86,3,1
01/17/2021,Chesapeake,"Native American",24,0,0
01/17/2021,"Western Tidewater","Native American",6,0,0
01/17/2021,Portsmouth,"Native American",7,2,0
01/17/2021,Richmond,"Native American",12,0,1
01/17/2021,"Blue Ridge","Native American",8,0,0
01/17/2021,Chickahominy,"Native American",26,2,0
01/17/2021,Arlington,"Native American",9,0,0
01/17/2021,"Virginia Beach","Native American",28,0,0
01/17/2021,Peninsula,"Native American",23,2,1
01/17/2021,Hampton,"Native American",6,0,1
01/17/2021,"West Piedmont","Native American",5,0,0
01/17/2021,"Cumberland Plateau, Lenowisco, and Mount Rogers","Native American",25,1,0
01/17/2021,Henrico,"Native American",25,0,0
01/17/2021,Norfolk,"Native American",18,1,1
01/17/2021,"Prince William","Native American",57,1,1
01/17/2021,"Central Virginia","Native American",25,0,0
01/17/2021,Chesterfield,"Native American",14,1,0
01/17/2021,Rappahannock,"Native American",17,1,1
01/17/2021,Loudoun,"Native American",24,0,0
01/17/2021,Alexandria,"Native American",9,0,0
01/17/2021,"Alleghany and Roanoke","Native American",11,0,1
01/17/2021,Crater,"Native American",7,1,1
01/17/2021,"Rappahannock Rapidan","Native American",13,0,0
01/17/2021,"Lord Fairfax","Native American",8,1,1
01/17/2021,"Pittsylvania-Danville and Southside","Native American",8,1,0
01/18/2021,Chesterfield,"Asian or Pacific Islander",352,11,2
01/18/2021,Crater,"Asian or Pacific Islander",70,0,0
01/18/2021,Fairfax,"Asian or Pacific Islander",5869,457,95
01/18/2021,Hampton,"Asian or Pacific Islander",77,1,0
01/18/2021,"Rappahannock Rapidan","Asian or Pacific Islander",60,3,1
01/18/2021,"Mount Rogers","Asian or Pacific Islander",27,2,0
01/18/2021,"New River","Asian or Pacific Islander",199,2,1
01/18/2021,"Central Virginia","Asian or Pacific Islander",101,3,0
01/18/2021,"Blue Ridge","Asian or Pacific Islander",226,4,1
01/18/2021,"Lord Fairfax","Asian or Pacific Islander",106,3,1
01/18/2021,Southside,"Asian or Pacific Islander",9,0,0
01/18/2021,Alleghany,"Asian or Pacific Islander",110,3,0
01/18/2021,Portsmouth,"Asian or Pacific Islander",30,1,0
01/18/2021,Roanoke,"Asian or Pacific Islander",104,4,0
01/18/2021,Richmond,"Asian or Pacific Islander",157,6,1
01/18/2021,"Virginia Beach","Asian or Pacific Islander",895,60,10
01/18/2021,Henrico,"Asian or Pacific Islander",713,16,5
01/18/2021,Piedmont,"Asian or Pacific Islander",22,2,1
01/18/2021,"Western Tidewater","Asian or Pacific Islander",44,2,3
01/18/2021,"West Piedmont","Asian or Pacific Islander",35,2,1
01/18/2021,Chickahominy,"Asian or Pacific Islander",52,3,0
01/18/2021,Peninsula,"Asian or Pacific Islander",177,8,6
01/18/2021,Norfolk,"Asian or Pacific Islander",210,18,1
01/18/2021,Arlington,"Asian or Pacific Islander",534,43,19
01/18/2021,Loudoun,"Asian or Pacific Islander",1353,86,14
01/18/2021,Alexandria,"Asian or Pacific Islander",379,14,3
01/18/2021,Rappahannock,"Asian or Pacific Islander",286,16,4
01/18/2021,Chesapeake,"Asian or Pacific Islander",217,16,7
01/18/2021,"Cumberland Plateau and Lenowisco","Asian or Pacific Islander",15,0,0
01/18/2021,"Central Shenandoah","Asian or Pacific Islander",167,4,0
01/18/2021,"Prince William","Asian or Pacific Islander",1710,90,27
01/18/2021,Pittsylvania-Danville,"Asian or Pacific Islander",12,0,0
01/18/2021,"Eastern Shore and Three Rivers","Asian or Pacific Islander",31,1,0
01/18/2021,Piedmont,"Native American",9,0,0
01/18/2021,"New River","Native American",10,0,0
01/18/2021,"Central Shenandoah","Native American",12,1,0
01/18/2021,"Eastern Shore and Three Rivers","Native American",14,0,0
01/18/2021,Fairfax,"Native American",88,3,1
01/18/2021,Chesapeake,"Native American",24,0,0
01/18/2021,"Western Tidewater","Native American",7,0,0
01/18/2021,Portsmouth,"Native American",7,2,0
01/18/2021,Richmond,"Native American",12,0,1
01/18/2021,"Blue Ridge","Native American",8,0,0
01/18/2021,Chickahominy,"Native American",28,2,0
01/18/2021,Arlington,"Native American",9,0,0
01/18/2021,"Virginia Beach","Native American",30,0,0
01/18/2021,Peninsula,"Native American",23,2,1
01/18/2021,Hampton,"Native American",6,0,1
01/18/2021,"West Piedmont","Native American",5,0,0
01/18/2021,"Cumberland Plateau, Lenowisco, and Mount Rogers","Native American",25,1,0
01/18/2021,Henrico,"Native American",26,0,0
01/18/2021,Norfolk,"Native American",18,1,1
01/18/2021,"Prince William","Native American",57,1,1
01/18/2021,"Central Virginia","Native American",25,0,0
01/18/2021,Chesterfield,"Native American",15,1,0
01/18/2021,Rappahannock,"Native American",18,1,1
01/18/2021,Loudoun,"Native American",24,0,0
01/18/2021,Alexandria,"Native American",9,0,0
01/18/2021,"Alleghany and Roanoke","Native American",12,0,1
01/18/2021,Crater,"Native American",8,1,1
01/18/2021,"Rappahannock Rapidan","Native American",13,0,0
01/18/2021,"Lord Fairfax","Native American",8,1,1
01/18/2021,"Pittsylvania-Danville and Southside","Native American",8,1,0
01/18/2021,Southside,"Not Reported",1215,10,4
01/18/2021,Chesapeake,White,5440,250,55
01/18/2021,"Three Rivers","Other Race",95,3,0
01/18/2021,"Central Virginia","Other Race",143,0,0
01/18/2021,"Central Virginia","Two or more races",83,2,0
01/18/2021,"Cumberland Plateau",White,5140,286,81
01/18/2021,Lenowisco,"Two or more races",45,3,7
01/18/2021,"Western Tidewater",Black,3491,276,86
01/18/2021,"Western Tidewater",Latino,114,1,2
01/18/2021,Fairfax,"Not Reported",8802,76,39
01/18/2021,Chesapeake,"Not Reported",2288,5,0
01/18/2021,"Cumberland Plateau","Two or more races",23,2,0
01/18/2021,Loudoun,Black,729,50,12
01/18/2021,Loudoun,Latino,3961,291,21
01/18/2021,Alleghany,Latino,326,13,2
01/18/2021,Alleghany,Black,558,18,13
01/18/2021,"Three Rivers",Black,1647,105,29
01/18/2021,"Three Rivers",Latino,334,7,1
01/18/2021,"Central Shenandoah","Two or more races",174,3,4
01/18/2021,Hampton,Latino,233,10,1
01/18/2021,Southside,"Other Race",30,1,1
01/18/2021,Piedmont,"Other Race",37,0,0
01/18/2021,"Prince William","Other Race",2153,37,0
01/18/2021,Richmond,"Other Race",270,9,2
01/18/2021,Hampton,"Two or more races",96,1,0
01/18/2021,Norfolk,Latino,734,37,1
01/18/2021,"Lord Fairfax","Not Reported",2286,8,10
01/18/2021,Norfolk,Black,4439,405,82
01/18/2021,"Central Virginia",Black,1775,90,31
01/18/2021,Rappahannock,Latino,2485,137,15
01/18/2021,"Central Virginia",Latino,225,8,4
01/18/2021,Rappahannock,Black,2300,151,29
01/18/2021,"West Piedmont",White,4474,316,106
01/18/2021,Rappahannock,"Not Reported",4757,37,1
01/18/2021,"Central Shenandoah","Not Reported",4287,29,12
01/18/2021,"Blue Ridge","Not Reported",1219,8,2
01/18/2021,Chesterfield,Latino,3296,148,16
01/18/2021,Chesterfield,Black,3807,208,55
01/18/2021,"Central Shenandoah",Latino,1954,79,11
01/18/2021,Southside,Latino,40,2,0
01/18/2021,Southside,Black,1426,76,38
01/18/2021,"Central Shenandoah",Black,1019,38,18
01/18/2021,Peninsula,White,4820,173,80
01/18/2021,"Rappahannock Rapidan",White,3894,148,47
01/18/2021,"New River",Latino,342,8,0
01/18/2021,"New River",Black,458,15,7
01/18/2021,Roanoke,"Other Race",75,1,0
01/18/2021,"Three Rivers","Two or more races",56,1,0
01/18/2021,"Prince William",White,6556,259,120
01/18/2021,"West Piedmont","Two or more races",44,1,0
01/18/2021,"New River","Not Reported",3139,36,1
01/18/2021,Chesterfield,"Not Reported",3305,7,12
01/18/2021,Crater,"Two or more races",53,2,1
01/18/2021,Lenowisco,White,4666,280,125
01/18/2021,"Western Tidewater",White,3069,148,99
01/18/2021,"Lord Fairfax","Other Race",300,7,1
01/18/2021,Chickahominy,"Two or more races",58,1,0
01/18/2021,Henrico,Black,4557,340,115
01/18/2021,Henrico,Latino,1524,72,16
01/18/2021,Alleghany,White,6128,213,135
01/18/2021,Peninsula,Black,3574,180,43
01/18/2021,Peninsula,Latino,833,32,3
01/18/2021,Loudoun,"Other Race",1254,30,4
01/18/2021,Arlington,"Not Reported",2570,17,2
01/18/2021,"Mount Rogers","Not Reported",1539,42,16
01/18/2021,Portsmouth,White,1313,92,23
01/18/2021,"Western Tidewater","Two or more races",125,1,1
01/18/2021,"Three Rivers","Not Reported",862,5,1
01/18/2021,Richmond,Black,4148,362,56
01/18/2021,Richmond,Latino,1810,129,9
01/18/2021,"Cumberland Plateau",Latino,40,0,0
01/18/2021,Rappahannock,"Other Race",667,6,0
01/18/2021,"Cumberland Plateau",Black,152,2,1
01/18/2021,Loudoun,"Not Reported",4636,14,0
01/18/2021,Loudoun,White,4800,210,117
01/18/2021,Peninsula,"Not Reported",3437,4,2
01/18/2021,Henrico,White,5236,257,167
01/18/2021,Chesterfield,"Two or more races",164,12,1
01/18/2021,Richmond,White,2780,85,42
01/18/2021,Chesapeake,"Two or more races",136,6,2
01/18/2021,Chickahominy,White,4039,181,79
01/18/2021,Lenowisco,Latino,131,0,0
01/18/2021,Lenowisco,Black,210,6,3
01/18/2021,"Blue Ridge",White,5108,190,68
01/18/2021,Roanoke,"Two or more races",45,2,0
01/18/2021,Piedmont,Latino,134,10,2
01/18/2021,Piedmont,Black,1592,117,32
01/18/2021,Chesterfield,White,7282,320,142
01/18/2021,"Lord Fairfax","Two or more races",95,4,2
01/18/2021,"Central Virginia",White,7967,243,92
01/18/2021,Rappahannock,White,5809,279,92
01/18/2021,"New River",White,6675,223,102
01/18/2021,"Blue Ridge","Two or more races",187,8,1
01/18/2021,Crater,White,2738,107,38
01/18/2021,Alleghany,"Not Reported",3436,10,3
01/18/2021,Arlington,"Two or more races",128,8,2
01/18/2021,Portsmouth,"Other Race",129,14,6
01/18/2021,Piedmont,White,2255,122,41
01/18/2021,Alleghany,"Two or more races",54,1,4
01/18/2021,Crater,Black,4274,284,87
01/18/2021,Crater,Latino,410,11,5
01/18/2021,Piedmont,"Two or more races",95,2,1
01/18/2021,Pittsylvania-Danville,White,2622,145,69
01/18/2021,"Rappahannock Rapidan","Other Race",133,5,0
01/18/2021,Richmond,"Not Reported",2108,6,6
01/18/2021,Henrico,"Two or more races",227,12,3
01/18/2021,Henrico,"Other Race",487,24,2
01/18/2021,Loudoun,"Two or more races",257,7,0
01/18/2021,"Rappahannock Rapidan","Two or more races",81,3,0
01/18/2021,Portsmouth,Latino,165,13,1
01/18/2021,Portsmouth,Black,2889,332,59
01/18/2021,Portsmouth,"Not Reported",1210,11,3
01/18/2021,Alexandria,"Two or more races",115,7,1
01/18/2021,"Virginia Beach","Other Race",464,11,1
01/18/2021,Norfolk,"Not Reported",2398,9,4
01/18/2021,Rappahannock,"Two or more races",161,7,1
01/18/2021,Arlington,Black,859,123,42
01/18/2021,Arlington,Latino,3121,303,34
01/18/2021,"Eastern Shore",White,927,66,27
01/18/2021,"Eastern Shore","Not Reported",111,1,0
01/18/2021,Roanoke,White,2007,61,86
01/18/2021,Alexandria,"Other Race",254,14,2
01/18/2021,"Cumberland Plateau","Other Race",14,0,0
01/18/2021,"Western Tidewater","Other Race",239,3,2
01/18/2021,Lenowisco,"Other Race",39,1,0
01/18/2021,Pittsylvania-Danville,"Two or more races",19,0,0
01/18/2021,Henrico,"Not Reported",3393,15,8
01/18/2021,Crater,"Other Race",139,0,1
01/18/2021,Chickahominy,"Other Race",96,3,0
01/18/2021,Roanoke,Black,1278,53,19
01/18/2021,Roanoke,Latino,685,35,4
01/18/2021,Peninsula,"Two or more races",224,6,1
01/18/2021,Peninsula,"Other Race",671,5,1
01/18/2021,Arlington,White,3130,194,85
01/18/2021,Norfolk,"Two or more races",152,10,1
01/18/2021,Alexandria,White,2126,103,48
01/18/2021,Hampton,"Not Reported",1367,4,1
01/18/2021,"Mount Rogers",White,10590,743,266
01/18/2021,Alexandria,"Not Reported",942,3,1
01/18/2021,"Western Tidewater","Not Reported",2110,6,3
01/18/2021,"Cumberland Plateau","Not Reported",1120,22,3
01/18/2021,"Mount Rogers",Black,287,15,6
01/18/2021,"Mount Rogers",Latino,483,15,1
01/18/2021,"West Piedmont",Black,1420,155,34
01/18/2021,"West Piedmont",Latino,545,22,2
01/18/2021,"Virginia Beach",White,9872,458,97
01/18/2021,"West Piedmont","Other Race",72,1,1
01/18/2021,Richmond,"Two or more races",131,6,1
01/18/2021,"Blue Ridge",Latino,1306,51,3
01/18/2021,"Blue Ridge",Black,1298,130,23
01/18/2021,"Virginia Beach","Not Reported",6099,49,9
01/18/2021,Hampton,"Other Race",224,4,1
01/18/2021,"Virginia Beach",Black,3959,268,51
01/18/2021,"Virginia Beach",Latino,1228,48,6
01/18/2021,Fairfax,Black,4307,338,73
01/18/2021,Fairfax,Latino,18840,1326,128
01/18/2021,"Prince William",Latino,12114,821,97
01/18/2021,"Prince William",Black,3855,248,64
01/18/2021,Piedmont,"Not Reported",2278,15,4
01/18/2021,Chesapeake,Latino,694,41,2
01/18/2021,Chesapeake,Black,3812,347,46
01/18/2021,Pittsylvania-Danville,"Not Reported",2157,24,6
01/18/2021,Alleghany,"Other Race",103,2,0
01/18/2021,"West Piedmont","Not Reported",1935,22,5
01/18/2021,Norfolk,White,3121,139,31
01/18/2021,"Virginia Beach","Two or more races",310,12,3
01/18/2021,Chesapeake,"Other Race",196,7,1
01/18/2021,Norfolk,"Other Race",222,6,2
01/18/2021,Chickahominy,Latino,237,10,1
01/18/2021,Chickahominy,Black,971,84,25
01/18/2021,"Eastern Shore",Black,1163,118,33
01/18/2021,"Eastern Shore",Latino,492,21,3
01/18/2021,"Prince William","Two or more races",463,7,2
01/18/2021,Hampton,White,1380,44,14
01/18/2021,"Prince William","Not Reported",9488,30,2
01/18/2021,"Mount Rogers","Two or more races",70,3,2
01/18/2021,Fairfax,White,13948,817,382
01/18/2021,"Rappahannock Rapidan","Not Reported",2082,39,8
01/18/2021,Southside,"Two or more races",151,0,11
01/18/2021,Lenowisco,"Not Reported",961,27,11
01/18/2021,Crater,"Not Reported",1958,18,6
01/18/2021,Chickahominy,"Not Reported",1755,5,1
01/18/2021,Fairfax,"Other Race",2722,151,26
01/18/2021,Portsmouth,"Two or more races",65,8,2
01/18/2021,Alexandria,Black,1751,144,23
01/18/2021,Alexandria,Latino,3169,182,17
01/18/2021,Roanoke,"Not Reported",1988,5,1
01/18/2021,Pittsylvania-Danville,Black,1824,155,29
01/18/2021,Pittsylvania-Danville,Latino,167,5,0
01/18/2021,"Eastern Shore","Two or more races",4,1,0
01/18/2021,"Lord Fairfax",White,8607,439,181
01/18/2021,Chesterfield,"Other Race",447,22,1
01/18/2021,"Mount Rogers","Other Race",65,2,2
01/18/2021,"Eastern Shore","Other Race",28,1,0
01/18/2021,"Three Rivers",White,3302,142,42
01/18/2021,Pittsylvania-Danville,"Other Race",8,0,0
01/18/2021,"Rappahannock Rapidan",Latino,1436,77,10
01/18/2021,"Rappahannock Rapidan",Black,873,67,17
01/18/2021,"Central Virginia","Not Reported",5817,46,10
01/18/2021,"Lord Fairfax",Latino,1485,74,11
01/18/2021,"Lord Fairfax",Black,484,34,12
01/18/2021,"Central Shenandoah","Other Race",259,6,1
01/18/2021,"Blue Ridge","Other Race",324,9,1
01/18/2021,Fairfax,"Two or more races",649,20,4
01/18/2021,Arlington,"Other Race",439,20,4
01/18/2021,"New River","Two or more races",144,8,8
01/18/2021,"Central Shenandoah",White,12838,514,218
01/18/2021,Southside,White,1364,64,42
01/18/2021,"New River","Other Race",50,1,0
01/19/2021,Fairfax,"Native American",89,3,1
01/19/2021,Norfolk,"Native American",18,1,1
01/19/2021,Portsmouth,"Native American",7,2,0
01/19/2021,"New River","Native American",10,0,0
01/19/2021,Alexandria,"Native American",9,0,0
01/19/2021,Chickahominy,"Native American",28,2,0
01/19/2021,Crater,"Native American",8,1,1
01/19/2021,Henrico,"Native American",27,0,0
01/19/2021,"Prince William","Native American",58,1,1
01/19/2021,Chesapeake,"Native American",24,0,0
01/19/2021,"Virginia Beach","Native American",30,0,0
01/19/2021,Chesterfield,"Native American",15,1,0
01/19/2021,"Western Tidewater","Native American",7,0,0
01/19/2021,"Pittsylvania-Danville and Southside","Native American",8,1,0
01/19/2021,"Central Shenandoah","Native American",12,1,0
01/19/2021,"Blue Ridge","Native American",8,0,0
01/19/2021,Rappahannock,"Native American",18,1,1
01/19/2021,Hampton,"Native American",6,0,1
01/19/2021,"Lord Fairfax","Native American",8,1,1
01/19/2021,Loudoun,"Native American",24,0,0
01/19/2021,"West Piedmont","Native American",6,0,0
01/19/2021,Richmond,"Native American",12,0,1
01/19/2021,"Rappahannock Rapidan","Native American",13,0,0
01/19/2021,"Eastern Shore and Three Rivers","Native American",14,0,0
01/19/2021,Peninsula,"Native American",23,2,1
01/19/2021,Arlington,"Native American",9,0,0
01/19/2021,Piedmont,"Native American",10,0,0
01/19/2021,"Central Virginia","Native American",25,0,0
01/19/2021,"Cumberland Plateau, Lenowisco, and Mount Rogers","Native American",25,1,0
01/19/2021,"Alleghany and Roanoke","Native American",12,0,1
01/19/2021,Southside,"Not Reported",1227,10,4
01/19/2021,Chesapeake,White,5552,250,57
01/19/2021,"Three Rivers","Other Race",96,3,0
01/19/2021,"Central Virginia","Other Race",143,0,0
01/19/2021,"Central Virginia","Two or more races",83,2,0
01/19/2021,"Cumberland Plateau",White,5164,287,82
01/19/2021,Lenowisco,"Two or more races",45,3,7
01/19/2021,"Western Tidewater",Black,3518,279,87
01/19/2021,"Western Tidewater",Latino,115,1,2
01/19/2021,Fairfax,"Not Reported",8859,76,39
01/19/2021,Chesapeake,"Not Reported",2357,5,0
01/19/2021,"Cumberland Plateau","Two or more races",23,2,0
01/19/2021,Loudoun,Black,736,51,12
01/19/2021,Loudoun,Latino,3987,292,21
01/19/2021,Alleghany,Latino,326,13,2
01/19/2021,Alleghany,Black,566,18,13
01/19/2021,"Three Rivers",Black,1657,106,29
01/19/2021,"Three Rivers",Latino,333,8,1
01/19/2021,"Central Shenandoah","Two or more races",175,3,4
01/19/2021,Hampton,Black,2616,151,39
01/19/2021,Hampton,Latino,237,10,1
01/19/2021,Southside,"Other Race",30,1,1
01/19/2021,Piedmont,"Other Race",37,0,0
01/19/2021,"Prince William","Other Race",2171,38,0
01/19/2021,Richmond,"Other Race",273,9,2
01/19/2021,Hampton,"Two or more races",96,1,0
01/19/2021,Norfolk,Latino,737,37,1
01/19/2021,"Lord Fairfax","Not Reported",2354,8,10
01/19/2021,Norfolk,Black,4476,406,82
01/19/2021,"Central Virginia",Black,1797,91,31
01/19/2021,Rappahannock,Latino,2510,138,15
01/19/2021,"Central Virginia",Latino,227,8,4
01/19/2021,Rappahannock,Black,2340,152,30
01/19/2021,"West Piedmont",White,4504,317,106
01/19/2021,Rappahannock,"Not Reported",4881,37,1
01/19/2021,"Central Shenandoah","Not Reported",4323,29,12
01/19/2021,"Blue Ridge","Not Reported",1229,9,2
01/19/2021,Chesterfield,Latino,3329,148,16
01/19/2021,Chesterfield,Black,3856,209,55
01/19/2021,"Central Shenandoah",Latino,1969,79,11
01/19/2021,Southside,Latino,40,2,0
01/19/2021,Southside,Black,1446,76,38
01/19/2021,"Central Shenandoah",Black,1024,39,18
01/19/2021,Peninsula,White,4875,173,82
01/19/2021,"Rappahannock Rapidan",White,3933,149,47
01/19/2021,"New River",Latino,342,8,0
01/19/2021,"New River",Black,459,15,7
01/19/2021,Roanoke,"Other Race",76,1,0
01/19/2021,"Three Rivers","Two or more races",56,1,0
01/19/2021,"Prince William",White,6606,259,123
01/19/2021,"West Piedmont","Two or more races",44,1,0
01/19/2021,"New River","Not Reported",3146,36,1
01/19/2021,Chesterfield,"Not Reported",3387,7,12
01/19/2021,Crater,"Two or more races",54,2,1
01/19/2021,Lenowisco,White,4677,281,129
01/19/2021,"Western Tidewater",White,3119,151,100
01/19/2021,"Lord Fairfax","Other Race",305,7,1
01/19/2021,Chickahominy,"Two or more races",58,1,0
01/19/2021,Henrico,Black,4613,342,115
01/19/2021,Henrico,Latino,1536,71,16
01/19/2021,Alleghany,White,6181,214,135
01/19/2021,Peninsula,Black,3624,180,43
01/19/2021,Peninsula,Latino,838,32,3
01/19/2021,Loudoun,"Other Race",1269,31,4
01/19/2021,Arlington,"Not Reported",2585,17,2
01/19/2021,"Mount Rogers","Not Reported",1531,42,16
01/19/2021,Portsmouth,White,1335,92,23
01/19/2021,"Western Tidewater","Two or more races",126,1,2
01/19/2021,"Three Rivers","Not Reported",891,5,1
01/19/2021,Richmond,Black,4190,363,56
01/19/2021,Richmond,Latino,1818,129,9
01/19/2021,"Cumberland Plateau",Latino,40,0,0
01/19/2021,Rappahannock,"Other Race",692,6,0
01/19/2021,"Cumberland Plateau",Black,152,2,1
01/19/2021,Loudoun,"Not Reported",4719,14,0
01/19/2021,Loudoun,White,4876,211,119
01/19/2021,Peninsula,"Not Reported",3493,4,3
01/19/2021,Henrico,White,5297,258,170
01/19/2021,Chesterfield,"Two or more races",165,12,1
01/19/2021,Richmond,White,2800,85,42
01/19/2021,Chesapeake,"Two or more races",137,6,2
01/19/2021,Chickahominy,White,4088,183,79
01/19/2021,Lenowisco,Latino,132,0,0
01/19/2021,Lenowisco,Black,211,6,3
01/19/2021,"Blue Ridge",White,5134,191,68
01/19/2021,Roanoke,"Two or more races",45,2,0
01/19/2021,Piedmont,Latino,135,10,2
01/19/2021,Piedmont,Black,1606,117,32
01/19/2021,Chesterfield,White,7399,320,142
01/19/2021,"Lord Fairfax","Two or more races",96,4,2
01/19/2021,"Central Virginia",White,8069,248,93
01/19/2021,Rappahannock,White,5934,280,93
01/19/2021,"New River",White,6697,223,106
01/19/2021,"Blue Ridge","Two or more races",188,8,1
01/19/2021,Crater,White,2792,107,38
01/19/2021,Alleghany,"Not Reported",3467,10,3
01/19/2021,Arlington,"Two or more races",128,8,2
01/19/2021,Portsmouth,"Other Race",131,14,6
01/19/2021,Piedmont,White,2271,123,42
01/19/2021,Alleghany,"Two or more races",54,1,4
01/19/2021,Crater,Black,4334,285,87
01/19/2021,Crater,Latino,411,11,5
01/19/2021,Piedmont,"Two or more races",95,2,1
01/19/2021,Pittsylvania-Danville,White,2636,145,69
01/19/2021,"Rappahannock Rapidan","Other Race",130,5,0
01/19/2021,Richmond,"Not Reported",2147,7,6
01/19/2021,Henrico,"Two or more races",227,12,3
01/19/2021,Henrico,"Other Race",494,24,2
01/19/2021,Loudoun,"Two or more races",255,7,0
01/19/2021,"Rappahannock Rapidan","Two or more races",83,3,0
01/19/2021,Portsmouth,Latino,165,13,1
01/19/2021,Portsmouth,Black,2934,333,59
01/19/2021,Portsmouth,"Not Reported",1210,11,3
01/19/2021,Alexandria,"Two or more races",116,7,1
01/19/2021,"Virginia Beach","Other Race",473,11,1
01/19/2021,Norfolk,"Not Reported",2424,9,4
01/19/2021,Rappahannock,"Two or more races",167,7,1
01/19/2021,Arlington,Black,873,123,42
01/19/2021,Arlington,Latino,3135,302,34
01/19/2021,"Eastern Shore",White,930,66,27
01/19/2021,"Eastern Shore","Not Reported",114,1,0
01/19/2021,Roanoke,White,2012,62,86
01/19/2021,Alexandria,"Other Race",251,14,2
01/19/2021,"Cumberland Plateau","Other Race",14,0,0
01/19/2021,"Western Tidewater","Other Race",240,3,2
01/19/2021,Lenowisco,"Other Race",39,1,0
01/19/2021,Pittsylvania-Danville,"Two or more races",19,0,0
01/19/2021,Henrico,"Not Reported",3482,16,8
01/19/2021,Crater,"Other Race",140,0,1
01/19/2021,Chickahominy,"Other Race",100,3,0
01/19/2021,Roanoke,Black,1287,55,19
01/19/2021,Roanoke,Latino,685,35,4
01/19/2021,Peninsula,"Two or more races",224,6,1
01/19/2021,Peninsula,"Other Race",676,5,1
01/19/2021,Arlington,White,3147,194,86
01/19/2021,Norfolk,"Two or more races",152,10,1
01/19/2021,Alexandria,White,2157,104,49
01/19/2021,Hampton,"Not Reported",1417,4,1
01/19/2021,"Mount Rogers",White,10651,751,277
01/19/2021,Alexandria,"Not Reported",939,3,1
01/19/2021,"Western Tidewater","Not Reported",2137,7,3
01/19/2021,"Cumberland Plateau","Not Reported",1132,22,3
01/19/2021,"Mount Rogers",Black,288,16,6
01/19/2021,"Mount Rogers",Latino,486,15,1
01/19/2021,"West Piedmont",Black,1432,157,34
01/19/2021,"West Piedmont",Latino,546,22,2
01/19/2021,"Virginia Beach",White,9953,459,100
01/19/2021,"West Piedmont","Other Race",72,1,1
01/19/2021,Richmond,"Two or more races",132,6,1
01/19/2021,"Blue Ridge",Latino,1314,51,3
01/19/2021,"Blue Ridge",Black,1309,130,23
01/19/2021,"Virginia Beach","Not Reported",6167,48,9
01/19/2021,Hampton,"Other Race",226,4,1
01/19/2021,"Virginia Beach",Black,4000,268,51
01/19/2021,"Virginia Beach",Latino,1234,48,6
01/19/2021,Fairfax,Black,4332,339,73
01/19/2021,Fairfax,Latino,18902,1328,128
01/19/2021,"Prince William",Latino,12198,821,97
01/19/2021,"Prince William",Black,3896,249,64
01/19/2021,Piedmont,"Not Reported",2291,15,4
01/19/2021,Chesapeake,Latino,699,41,2
01/19/2021,Chesapeake,Black,3861,348,46
01/19/2021,Pittsylvania-Danville,"Not Reported",2163,24,6
01/19/2021,Alleghany,"Other Race",105,3,0
01/19/2021,"West Piedmont","Not Reported",1955,22,5
01/19/2021,Norfolk,White,3146,139,31
01/19/2021,"Virginia Beach","Two or more races",309,12,3
01/19/2021,Chesapeake,"Other Race",206,7,1
01/19/2021,Norfolk,"Other Race",224,6,2
01/19/2021,Chickahominy,Latino,237,10,1
01/19/2021,Chickahominy,Black,978,84,25
01/19/2021,"Eastern Shore",Black,1165,119,33
01/19/2021,"Eastern Shore",Latino,494,23,3
01/19/2021,"Prince William","Two or more races",463,7,2
01/19/2021,Hampton,White,1418,44,14
01/19/2021,"Prince William","Not Reported",9620,31,2
01/19/2021,"Mount Rogers","Two or more races",70,3,2
01/19/2021,Fairfax,White,14052,817,383
01/19/2021,"Rappahannock Rapidan","Not Reported",2096,39,8
01/19/2021,Southside,"Two or more races",151,0,11
01/19/2021,Lenowisco,"Not Reported",957,27,11
01/19/2021,Crater,"Not Reported",2018,18,6
01/19/2021,Chickahominy,"Not Reported",1792,5,1
01/19/2021,Fairfax,"Other Race",2724,151,26
01/19/2021,Portsmouth,"Two or more races",66,8,2
01/19/2021,Alexandria,Black,1768,144,23
01/19/2021,Alexandria,Latino,3189,183,17
01/19/2021,Roanoke,"Not Reported",1989,6,1
01/19/2021,Pittsylvania-Danville,Black,1834,155,29
01/19/2021,Pittsylvania-Danville,Latino,167,5,0
01/19/2021,"Eastern Shore","Two or more races",3,1,0
01/19/2021,"Lord Fairfax",White,8733,441,182
01/19/2021,Chesterfield,"Other Race",448,22,1
01/19/2021,"Mount Rogers","Other Race",64,2,2
01/19/2021,"Eastern Shore","Other Race",29,1,0
01/19/2021,"Three Rivers",White,3337,143,43
01/19/2021,Pittsylvania-Danville,"Other Race",8,0,0
01/19/2021,"Rappahannock Rapidan",Latino,1440,77,10
01/19/2021,"Rappahannock Rapidan",Black,876,68,17
01/19/2021,"Central Virginia","Not Reported",5836,51,10
01/19/2021,"Lord Fairfax",Latino,1498,74,11
01/19/2021,"Lord Fairfax",Black,491,35,12
01/19/2021,"Central Shenandoah","Other Race",262,6,1
01/19/2021,"Blue Ridge","Other Race",323,9,1
01/19/2021,Fairfax,"Two or more races",652,20,4
01/19/2021,Arlington,"Other Race",443,20,4
01/19/2021,"New River","Two or more races",143,8,10
01/19/2021,"Central Shenandoah",White,12978,518,226
01/19/2021,Southside,White,1378,64,43
01/19/2021,"New River","Other Race",51,1,0
01/19/2021,"Mount Rogers","Asian or Pacific Islander",27,2,0
01/19/2021,Southside,"Asian or Pacific Islander",9,0,0
01/19/2021,"Prince William","Asian or Pacific Islander",1724,91,27
01/19/2021,Henrico,"Asian or Pacific Islander",720,16,5
01/19/2021,Alleghany,"Asian or Pacific Islander",110,3,0
01/19/2021,Roanoke,"Asian or Pacific Islander",104,4,0
01/19/2021,Rappahannock,"Asian or Pacific Islander",288,16,4
01/19/2021,"Lord Fairfax","Asian or Pacific Islander",110,3,1
01/19/2021,"Western Tidewater","Asian or Pacific Islander",46,2,3
01/19/2021,Richmond,"Asian or Pacific Islander",157,6,1
01/19/2021,Arlington,"Asian or Pacific Islander",540,43,19
01/19/2021,"West Piedmont","Asian or Pacific Islander",35,2,1
01/19/2021,Chesapeake,"Asian or Pacific Islander",219,16,7
01/19/2021,Chickahominy,"Asian or Pacific Islander",51,3,0
01/19/2021,Piedmont,"Asian or Pacific Islander",22,2,1
01/19/2021,Chesterfield,"Asian or Pacific Islander",356,11,2
01/19/2021,Norfolk,"Asian or Pacific Islander",215,18,1
01/19/2021,"Central Shenandoah","Asian or Pacific Islander",168,4,0
01/19/2021,Crater,"Asian or Pacific Islander",70,0,0
01/19/2021,Pittsylvania-Danville,"Asian or Pacific Islander",12,0,0
01/19/2021,"Blue Ridge","Asian or Pacific Islander",226,4,1
01/19/2021,"Virginia Beach","Asian or Pacific Islander",908,60,10
01/19/2021,Loudoun,"Asian or Pacific Islander",1370,86,14
01/19/2021,"Central Virginia","Asian or Pacific Islander",101,3,0
01/19/2021,Hampton,"Asian or Pacific Islander",78,1,0
01/19/2021,Alexandria,"Asian or Pacific Islander",381,14,3
01/19/2021,"Eastern Shore and Three Rivers","Asian or Pacific Islander",30,1,0
01/19/2021,"New River","Asian or Pacific Islander",201,2,1
01/19/2021,Portsmouth,"Asian or Pacific Islander",30,1,0
01/19/2021,"Rappahannock Rapidan","Asian or Pacific Islander",61,3,1
01/19/2021,Fairfax,"Asian or Pacific Islander",5924,457,95
01/19/2021,Peninsula,"Asian or Pacific Islander",178,8,6
01/19/2021,"Cumberland Plateau and Lenowisco","Asian or Pacific Islander",15,0,0
01/20/2021,"Rappahannock Rapidan","Not Reported",2105,38,8
01/20/2021,Portsmouth,"Other Race",133,15,6
01/20/2021,"Western Tidewater","Two or more races",126,1,2
01/20/2021,Piedmont,White,2304,123,43
01/20/2021,Chesterfield,Latino,3354,149,16
01/20/2021,Lenowisco,White,4728,285,131
01/20/2021,Lenowisco,"Two or more races",45,3,7
01/20/2021,Hampton,"Not Reported",1471,4,1
01/20/2021,Southside,"Not Reported",1239,10,4
01/20/2021,Roanoke,Black,1296,55,19
01/20/2021,Hampton,Black,2661,151,39
01/20/2021,Alleghany,"Other Race",106,3,0
01/20/2021,Lenowisco,Latino,132,0,0
01/20/2021,Loudoun,"Other Race",1276,30,4
01/20/2021,"Central Shenandoah",Latino,1983,79,11
01/20/2021,"Rappahannock Rapidan",Latino,1443,77,10
01/20/2021,"Eastern Shore",Black,1167,119,33
01/20/2021,Norfolk,Latino,737,37,1
01/20/2021,Hampton,"Two or more races",97,1,0
01/20/2021,Richmond,Black,4226,367,56
01/20/2021,Henrico,"Two or more races",227,12,3
01/20/2021,Fairfax,"Two or more races",651,18,2
01/20/2021,"Blue Ridge",White,5186,193,68
01/20/2021,Alleghany,"Not Reported",3509,10,3
01/20/2021,"Blue Ridge","Two or more races",188,8,1
01/20/2021,Portsmouth,"Not Reported",1245,13,3
01/20/2021,"Cumberland Plateau","Other Race",14,0,0
01/20/2021,Southside,"Two or more races",151,0,11
01/20/2021,Portsmouth,White,1350,97,23
01/20/2021,"Rappahannock Rapidan","Two or more races",83,3,0
01/20/2021,Fairfax,White,14185,822,386
01/20/2021,Fairfax,"Other Race",2737,152,27
01/20/2021,Crater,"Two or more races",54,2,1
01/20/2021,"West Piedmont","Not Reported",1992,22,5
01/20/2021,Henrico,"Other Race",497,24,2
01/20/2021,"Three Rivers",White,3372,143,49
01/20/2021,"Central Virginia",Black,1822,93,31
01/20/2021,Lenowisco,"Other Race",40,1,0
01/20/2021,"Three Rivers","Other Race",96,3,0
01/20/2021,"Western Tidewater",White,3176,151,102
01/20/2021,"Mount Rogers",Black,290,16,6
01/20/2021,"Three Rivers","Not Reported",895,5,1
01/20/2021,"Eastern Shore",White,936,66,27
01/20/2021,"Central Virginia",White,8159,252,96
01/20/2021,Lenowisco,Black,211,7,3
01/20/2021,"Central Virginia","Two or more races",83,2,0
01/20/2021,Richmond,"Two or more races",132,6,1
01/20/2021,Crater,"Not Reported",2036,18,6
01/20/2021,Chesterfield,"Two or more races",166,12,1
01/20/2021,"New River",Latino,342,8,0
01/20/2021,Richmond,Latino,1817,129,9
01/20/2021,Portsmouth,Latino,166,15,1
01/20/2021,Pittsylvania-Danville,"Not Reported",2169,24,6
01/20/2021,Chesapeake,"Not Reported",2450,7,0
01/20/2021,Chickahominy,Latino,237,10,1
01/20/2021,Crater,Black,4389,285,87
01/20/2021,Chesterfield,Black,3897,211,55
01/20/2021,Chesterfield,"Other Race",448,22,1
01/20/2021,Peninsula,Black,3677,183,43
01/20/2021,Roanoke,White,2020,62,87
01/20/2021,"New River",Black,461,15,7
01/20/2021,Southside,Latino,40,2,0
01/20/2021,Peninsula,Latino,846,32,3
01/20/2021,Rappahannock,"Two or more races",167,7,1
01/20/2021,"Virginia Beach",Black,4030,273,52
01/20/2021,"Mount Rogers","Not Reported",1537,42,16
01/20/2021,Loudoun,"Not Reported",4785,15,0
01/20/2021,Chesapeake,"Other Race",212,7,1
01/20/2021,Chickahominy,"Two or more races",58,1,0
01/20/2021,Crater,"Other Race",141,0,1
01/20/2021,Norfolk,"Two or more races",151,10,1
01/20/2021,"Eastern Shore","Two or more races",3,1,0
01/20/2021,"Central Shenandoah",White,13069,519,230
01/20/2021,"New River","Other Race",52,2,0
01/20/2021,"New River",White,6731,228,106
01/20/2021,"Central Shenandoah","Other Race",262,6,1
01/20/2021,"West Piedmont",Black,1437,157,34
01/20/2021,Alleghany,Latino,329,13,2
01/20/2021,"Central Shenandoah","Not Reported",4348,28,11
01/20/2021,Roanoke,"Two or more races",45,2,0
01/20/2021,Peninsula,"Two or more races",229,6,1
01/20/2021,Richmond,"Not Reported",2182,8,6
01/20/2021,Arlington,"Other Race",445,21,4
01/20/2021,Norfolk,"Not Reported",2471,9,4
01/20/2021,Alexandria,"Other Race",253,14,2
01/20/2021,"Virginia Beach",White,10049,486,102
01/20/2021,Chesapeake,"Two or more races",142,7,3
01/20/2021,Alleghany,White,6258,218,137
01/20/2021,"Rappahannock Rapidan","Other Race",131,5,0
01/20/2021,Chickahominy,"Not Reported",1829,5,1
01/20/2021,Portsmouth,Black,2957,337,60
01/20/2021,Chickahominy,"Other Race",101,3,0
01/20/2021,"Virginia Beach",Latino,1241,50,6
01/20/2021,Chesapeake,White,5706,256,57
01/20/2021,"Blue Ridge",Latino,1323,52,3
01/20/2021,Southside,Black,1455,76,38
01/20/2021,Rappahannock,Latino,2521,138,15
01/20/2021,"Three Rivers","Two or more races",57,1,0
01/20/2021,Henrico,Black,4664,344,116
01/20/2021,Pittsylvania-Danville,Black,1847,155,29
01/20/2021,"Lord Fairfax","Two or more races",96,4,2
01/20/2021,"Prince William",Latino,12260,822,97
01/20/2021,"Mount Rogers","Other Race",64,2,2
01/20/2021,"Central Shenandoah",Black,1032,39,18
01/20/2021,Peninsula,White,4944,173,82
01/20/2021,"Eastern Shore","Not Reported",119,1,0
01/20/2021,Hampton,"Other Race",229,4,1
01/20/2021,"Lord Fairfax","Not Reported",2412,8,10
01/20/2021,"Central Virginia","Other Race",142,0,0
01/20/2021,"Western Tidewater","Other Race",240,3,2
01/20/2021,Crater,Latino,416,11,5
01/20/2021,Chesapeake,Latino,715,42,2
01/20/2021,Chesterfield,White,7482,325,142
01/20/2021,"Western Tidewater","Not Reported",2163,8,3
01/20/2021,Fairfax,"Not Reported",8906,77,39
01/20/2021,Arlington,Black,874,123,42
01/20/2021,"Central Virginia",Latino,229,8,4
01/20/2021,Alexandria,"Not Reported",944,3,1
01/20/2021,"Three Rivers",Black,1674,108,31
01/20/2021,"Prince William","Two or more races",467,7,2
01/20/2021,Loudoun,"Two or more races",254,7,0
01/20/2021,Peninsula,"Other Race",681,6,1
01/20/2021,Norfolk,"Other Race",226,6,2
01/20/2021,"Prince William","Not Reported",9673,31,2
01/20/2021,"West Piedmont",White,4544,318,107
01/20/2021,Rappahannock,Black,2381,153,31
01/20/2021,Norfolk,Black,4515,406,82
01/20/2021,Roanoke,Latino,687,35,4
01/20/2021,Piedmont,Latino,140,10,2
01/20/2021,Roanoke,"Not Reported",2004,6,1
01/20/2021,"Virginia Beach","Other Race",475,12,1
01/20/2021,Arlington,"Two or more races",128,8,2
01/20/2021,Alexandria,White,2176,105,49
01/20/2021,"Lord Fairfax","Other Race",306,7,1
01/20/2021,"Virginia Beach","Not Reported",6316,52,9
01/20/2021,Loudoun,Black,746,51,12
01/20/2021,Pittsylvania-Danville,Latino,168,5,0
01/20/2021,"Cumberland Plateau","Not Reported",1134,21,2
01/20/2021,Chesterfield,"Not Reported",3455,7,12
01/20/2021,"Blue Ridge","Not Reported",1250,10,2
01/20/2021,"Mount Rogers",White,10708,759,281
01/20/2021,Richmond,White,2835,88,42
01/20/2021,Lenowisco,"Not Reported",961,28,12
01/20/2021,"Three Rivers",Latino,335,8,1
01/20/2021,Piedmont,"Not Reported",2318,15,4
01/20/2021,"Mount Rogers",Latino,486,15,1
01/20/2021,"Central Shenandoah","Two or more races",175,3,4
01/20/2021,Crater,White,2838,107,40
01/20/2021,Arlington,White,3161,194,88
01/20/2021,Pittsylvania-Danville,"Other Race",8,0,0
01/20/2021,Chickahominy,Black,982,86,30
01/20/2021,Fairfax,Black,4353,339,73
01/20/2021,"Eastern Shore",Latino,496,23,3
01/20/2021,Norfolk,White,3180,139,31
01/20/2021,"Mount Rogers","Two or more races",70,3,2
01/20/2021,Alleghany,"Two or more races",54,1,4
01/20/2021,Southside,White,1388,64,44
01/20/2021,"Prince William",Black,3924,249,64
01/20/2021,"Lord Fairfax",White,8828,443,186
01/20/2021,"Cumberland Plateau",Latino,40,0,0
01/20/2021,Arlington,"Not Reported",2610,18,2
01/20/2021,Rappahannock,"Other Race",699,6,0
01/20/2021,"Rappahannock Rapidan",Black,878,68,17
01/20/2021,"New River","Two or more races",143,8,10
01/20/2021,"Blue Ridge","Other Race",325,9,1
01/20/2021,Arlington,Latino,3145,303,35
01/20/2021,Henrico,White,5353,259,173
01/20/2021,Loudoun,White,4923,216,119
01/20/2021,Hampton,White,1447,44,14
01/20/2021,Alleghany,Black,572,19,13
01/20/2021,"Prince William",White,6674,259,125
01/20/2021,Rappahannock,White,6023,282,93
01/20/2021,Southside,"Other Race",30,1,1
01/20/2021,Portsmouth,"Two or more races",66,8,2
01/20/2021,"Western Tidewater",Black,3551,279,87
01/20/2021,Hampton,Latino,241,10,1
01/20/2021,Henrico,"Not Reported",3546,16,8
01/20/2021,"West Piedmont","Two or more races",44,1,0
01/20/2021,Peninsula,"Not Reported",3596,4,3
01/20/2021,Loudoun,Latino,3997,292,21
01/20/2021,Alexandria,Black,1780,150,23
01/20/2021,Piedmont,Black,1624,118,32
01/20/2021,Roanoke,"Other Race",77,1,0
01/20/2021,Alexandria,"Two or more races",116,7,1
01/20/2021,"Western Tidewater",Latino,116,1,2
01/20/2021,Rappahannock,"Not Reported",4936,37,1
01/20/2021,"West Piedmont","Other Race",74,1,1
01/20/2021,Chickahominy,White,4137,183,79
01/20/2021,"Blue Ridge",Black,1318,131,23
01/20/2021,"Cumberland Plateau",Black,152,2,1
01/20/2021,"Lord Fairfax",Latino,1510,74,11
01/20/2021,"West Piedmont",Latino,546,22,2
01/20/2021,"Cumberland Plateau",White,5169,287,82
01/20/2021,"Eastern Shore","Other Race",27,1,0
01/20/2021,"Cumberland Plateau","Two or more races",23,2,0
01/20/2021,Pittsylvania-Danville,"Two or more races",19,0,0
01/20/2021,Piedmont,"Other Race",37,0,0
01/20/2021,Alexandria,Latino,3204,184,17
01/20/2021,Chesapeake,Black,3953,350,46
01/20/2021,Richmond,"Other Race",274,9,2
01/20/2021,Henrico,Latino,1546,71,16
01/20/2021,Piedmont,"Two or more races",95,2,1
01/20/2021,"Prince William","Other Race",2196,38,0
01/20/2021,"New River","Not Reported",3168,36,1
01/20/2021,"Rappahannock Rapidan",White,3967,149,48
01/20/2021,"Central Virginia","Not Reported",5889,51,10
01/20/2021,"Virginia Beach","Two or more races",310,12,3
01/20/2021,Pittsylvania-Danville,White,2659,146,70
01/20/2021,"Lord Fairfax",Black,493,35,12
01/20/2021,Fairfax,Latino,19013,1332,130
01/20/2021,Chesterfield,"Asian or Pacific Islander",361,11,2
01/20/2021,Crater,"Asian or Pacific Islander",70,0,0
01/20/2021,Fairfax,"Asian or Pacific Islander",5996,456,96
01/20/2021,Hampton,"Asian or Pacific Islander",79,1,0
01/20/2021,"Rappahannock Rapidan","Asian or Pacific Islander",62,3,1
01/20/2021,"Mount Rogers","Asian or Pacific Islander",27,2,0
01/20/2021,"New River","Asian or Pacific Islander",203,2,1
01/20/2021,"Central Virginia","Asian or Pacific Islander",101,3,0
01/20/2021,"Blue Ridge","Asian or Pacific Islander",227,4,1
01/20/2021,"Lord Fairfax","Asian or Pacific Islander",110,3,1
01/20/2021,Southside,"Asian or Pacific Islander",9,0,0
01/20/2021,Alleghany,"Asian or Pacific Islander",111,3,0
01/20/2021,Portsmouth,"Asian or Pacific Islander",30,1,0
01/20/2021,Roanoke,"Asian or Pacific Islander",104,4,0
01/20/2021,Richmond,"Asian or Pacific Islander",158,6,1
01/20/2021,"Virginia Beach","Asian or Pacific Islander",915,63,11
01/20/2021,Henrico,"Asian or Pacific Islander",725,16,5
01/20/2021,Piedmont,"Asian or Pacific Islander",24,2,1
01/20/2021,"Western Tidewater","Asian or Pacific Islander",46,2,3
01/20/2021,"West Piedmont","Asian or Pacific Islander",35,2,1
01/20/2021,Chickahominy,"Asian or Pacific Islander",52,3,0
01/20/2021,Peninsula,"Asian or Pacific Islander",183,8,6
01/20/2021,Norfolk,"Asian or Pacific Islander",216,18,1
01/20/2021,Arlington,"Asian or Pacific Islander",541,43,19
01/20/2021,Loudoun,"Asian or Pacific Islander",1384,88,14
01/20/2021,Alexandria,"Asian or Pacific Islander",389,14,3
01/20/2021,Rappahannock,"Asian or Pacific Islander",292,16,4
01/20/2021,Chesapeake,"Asian or Pacific Islander",226,16,7
01/20/2021,"Cumberland Plateau and Lenowisco","Asian or Pacific Islander",16,0,0
01/20/2021,"Central Shenandoah","Asian or Pacific Islander",169,4,0
01/20/2021,"Prince William","Asian or Pacific Islander",1737,91,28
01/20/2021,Pittsylvania-Danville,"Asian or Pacific Islander",12,0,0
01/20/2021,"Eastern Shore and Three Rivers","Asian or Pacific Islander",30,1,0
01/20/2021,Piedmont,"Native American",10,0,0
01/20/2021,"New River","Native American",10,0,0
01/20/2021,"Central Shenandoah","Native American",12,1,0
01/20/2021,"Eastern Shore and Three Rivers","Native American",14,0,0
01/20/2021,Fairfax,"Native American",88,3,1
01/20/2021,Chesapeake,"Native American",24,0,0
01/20/2021,"Western Tidewater","Native American",7,0,0
01/20/2021,Portsmouth,"Native American",7,2,0
01/20/2021,Richmond,"Native American",12,0,1
01/20/2021,"Blue Ridge","Native American",8,0,0
01/20/2021,Chickahominy,"Native American",28,2,0
01/20/2021,Arlington,"Native American",9,0,0
01/20/2021,"Virginia Beach","Native American",31,0,0
01/20/2021,Peninsula,"Native American",23,2,1
01/20/2021,Hampton,"Native American",6,0,1
01/20/2021,"West Piedmont","Native American",6,0,0
01/20/2021,"Cumberland Plateau, Lenowisco, and Mount Rogers","Native American",25,1,0
01/20/2021,Henrico,"Native American",27,0,0
01/20/2021,Norfolk,"Native American",18,1,1
01/20/2021,"Prince William","Native American",58,1,1
01/20/2021,"Central Virginia","Native American",25,0,0
01/20/2021,Chesterfield,"Native American",15,1,0
01/20/2021,Rappahannock,"Native American",19,1,1
01/20/2021,Loudoun,"Native American",24,0,0
01/20/2021,Alexandria,"Native American",9,0,0
01/20/2021,"Alleghany and Roanoke","Native American",12,0,1
01/20/2021,Crater,"Native American",8,1,1
01/20/2021,"Rappahannock Rapidan","Native American",13,0,0
01/20/2021,"Lord Fairfax","Native American",8,1,1
01/20/2021,"Pittsylvania-Danville and Southside","Native American",8,1,0
01/21/2021,Fairfax,"Native American",90,3,1
01/21/2021,Norfolk,"Native American",17,1,1
01/21/2021,Portsmouth,"Native American",7,2,0
01/21/2021,"New River","Native American",10,0,0
01/21/2021,Alexandria,"Native American",9,0,0
01/21/2021,Chickahominy,"Native American",29,2,0
01/21/2021,Crater,"Native American",8,1,1
01/21/2021,Henrico,"Native American",27,0,0
01/21/2021,"Prince William","Native American",58,1,1
01/21/2021,Chesapeake,"Native American",24,0,0
01/21/2021,"Virginia Beach","Native American",31,0,0
01/21/2021,Chesterfield,"Native American",15,1,0
01/21/2021,"Western Tidewater","Native American",8,1,0
01/21/2021,"Pittsylvania-Danville and Southside","Native American",8,1,0
01/21/2021,"Central Shenandoah","Native American",12,1,0
01/21/2021,"Blue Ridge","Native American",8,0,0
01/21/2021,Rappahannock,"Native American",18,1,1
01/21/2021,Hampton,"Native American",6,0,1
01/21/2021,"Lord Fairfax","Native American",8,1,1
01/21/2021,Loudoun,"Native American",24,0,0
01/21/2021,"West Piedmont","Native American",6,0,0
01/21/2021,Richmond,"Native American",12,0,1
01/21/2021,"Rappahannock Rapidan","Native American",13,0,0
01/21/2021,"Eastern Shore and Three Rivers","Native American",14,0,0
01/21/2021,Peninsula,"Native American",24,2,1
01/21/2021,Arlington,"Native American",9,0,0
01/21/2021,Piedmont,"Native American",10,0,0
01/21/2021,"Central Virginia","Native American",25,0,0
01/21/2021,"Cumberland Plateau, Lenowisco, and Mount Rogers","Native American",25,1,0
01/21/2021,"Alleghany and Roanoke","Native American",12,0,1
01/21/2021,Southside,"Not Reported",1259,10,4
01/21/2021,Chesapeake,White,5864,259,57
01/21/2021,"Three Rivers","Other Race",97,3,0
01/21/2021,"Central Virginia","Other Race",143,0,0
01/21/2021,"Central Virginia","Two or more races",84,2,0
01/21/2021,"Cumberland Plateau",White,5195,292,85
01/21/2021,Lenowisco,"Two or more races",45,3,7
01/21/2021,"Western Tidewater",Black,3568,280,87
01/21/2021,"Western Tidewater",Latino,119,1,2
01/21/2021,Fairfax,"Not Reported",8880,76,38
01/21/2021,Chesapeake,"Not Reported",2528,6,0
01/21/2021,"Cumberland Plateau","Two or more races",23,2,0
01/21/2021,Loudoun,Black,755,52,12
01/21/2021,Loudoun,Latino,4020,293,21
01/21/2021,Alleghany,Latino,331,14,2
01/21/2021,Alleghany,Black,570,19,14
01/21/2021,"Three Rivers",Black,1694,108,33
01/21/2021,"Three Rivers",Latino,338,8,1
01/21/2021,"Central Shenandoah","Two or more races",177,3,4
01/21/2021,Hampton,Black,2704,152,39
01/21/2021,Hampton,Latino,247,10,1
01/21/2021,Southside,"Other Race",30,1,1
01/21/2021,Piedmont,"Other Race",37,0,0
01/21/2021,"Prince William","Other Race",2204,38,0
01/21/2021,Richmond,"Other Race",274,9,2
01/21/2021,Hampton,"Two or more races",99,1,0
01/21/2021,Norfolk,Latino,743,37,1
01/21/2021,"Lord Fairfax","Not Reported",2454,8,10
01/21/2021,Norfolk,Black,4545,411,84
01/21/2021,"Central Virginia",Black,1853,94,33
01/21/2021,Rappahannock,Latino,2531,139,16
01/21/2021,"Central Virginia",Latino,230,8,4
01/21/2021,Rappahannock,Black,2397,154,31
01/21/2021,"West Piedmont",White,4585,319,107
01/21/2021,Rappahannock,"Not Reported",4987,37,1
01/21/2021,"Central Shenandoah","Not Reported",4432,28,11
01/21/2021,"Blue Ridge","Not Reported",1275,10,2
01/21/2021,Chesterfield,Latino,3372,149,16
01/21/2021,Chesterfield,Black,3930,211,56
01/21/2021,"Central Shenandoah",Latino,2002,79,11
01/21/2021,Southside,Latino,41,2,0
01/21/2021,Southside,Black,1488,79,38
01/21/2021,"Central Shenandoah",Black,1037,40,18
01/21/2021,Peninsula,White,5031,175,86
01/21/2021,"Rappahannock Rapidan",White,3999,150,49
01/21/2021,"New River",Latino,354,8,0
01/21/2021,"New River",Black,468,15,7
01/21/2021,Roanoke,"Other Race",77,1,0
01/21/2021,"Three Rivers","Two or more races",57,1,0
01/21/2021,"Prince William",White,6700,259,126
01/21/2021,"West Piedmont","Two or more races",44,1,0
01/21/2021,"New River","Not Reported",3213,36,1
01/21/2021,Chesterfield,"Not Reported",3491,7,12
01/21/2021,Crater,"Two or more races",56,2,1
01/21/2021,Lenowisco,White,4764,286,131
01/21/2021,"Western Tidewater",White,3204,154,103
01/21/2021,"Lord Fairfax","Other Race",310,7,1
01/21/2021,Chickahominy,"Two or more races",58,1,0
01/21/2021,Henrico,Black,4688,345,117
01/21/2021,Henrico,Latino,1550,71,16
01/21/2021,Alleghany,White,6285,221,140
01/21/2021,Peninsula,Black,3747,185,44
01/21/2021,Peninsula,Latino,861,32,3
01/21/2021,Loudoun,"Other Race",1283,30,4
01/21/2021,Arlington,"Not Reported",2617,18,2
01/21/2021,"Mount Rogers","Not Reported",1559,42,16
01/21/2021,Portsmouth,White,1353,97,24
01/21/2021,"Western Tidewater","Two or more races",125,1,2
01/21/2021,"Three Rivers","Not Reported",912,5,1
01/21/2021,Richmond,Black,4264,369,56
01/21/2021,Richmond,Latino,1819,129,9
01/21/2021,"Cumberland Plateau",Latino,40,0,0
01/21/2021,Rappahannock,"Other Race",700,6,0
01/21/2021,"Cumberland Plateau",Black,152,2,1
01/21/2021,Loudoun,"Not Reported",4863,15,0
01/21/2021,Loudoun,White,4970,226,120
01/21/2021,Peninsula,"Not Reported",3697,4,3
01/21/2021,Henrico,White,5377,262,175
01/21/2021,Chesterfield,"Two or more races",166,12,1
01/21/2021,Richmond,White,2854,89,42
01/21/2021,Chesapeake,"Two or more races",145,7,3
01/21/2021,Chickahominy,White,4161,184,80
01/21/2021,Lenowisco,Latino,135,0,0
01/21/2021,Lenowisco,Black,219,7,3
01/21/2021,"Blue Ridge",White,5238,194,71
01/21/2021,Roanoke,"Two or more races",45,2,0
01/21/2021,Piedmont,Latino,140,10,2
01/21/2021,Piedmont,Black,1641,118,32
01/21/2021,Chesterfield,White,7557,326,143
01/21/2021,"Lord Fairfax","Two or more races",96,4,2
01/21/2021,"Central Virginia",White,8262,254,98
01/21/2021,Rappahannock,White,6074,286,95
01/21/2021,"New River",White,6815,228,107
01/21/2021,"Blue Ridge","Two or more races",188,8,1
01/21/2021,Crater,White,2859,107,41
01/21/2021,Alleghany,"Not Reported",3532,10,3
01/21/2021,Arlington,"Two or more races",128,8,2
01/21/2021,Portsmouth,"Other Race",133,15,6
01/21/2021,Piedmont,White,2338,123,44
01/21/2021,Alleghany,"Two or more races",54,1,4
01/21/2021,Crater,Black,4402,287,88
01/21/2021,Crater,Latino,417,11,5
01/21/2021,Piedmont,"Two or more races",95,2,1
01/21/2021,Pittsylvania-Danville,White,2689,146,69
01/21/2021,"Rappahannock Rapidan","Other Race",133,5,0
01/21/2021,Richmond,"Not Reported",2204,8,6
01/21/2021,Henrico,"Two or more races",227,12,3
01/21/2021,Henrico,"Other Race",503,24,2
01/21/2021,Loudoun,"Two or more races",253,7,0
01/21/2021,"Rappahannock Rapidan","Two or more races",83,3,0
01/21/2021,Portsmouth,Latino,168,15,1
01/21/2021,Portsmouth,Black,2971,338,60
01/21/2021,Portsmouth,"Not Reported",1267,13,3
01/21/2021,Alexandria,"Two or more races",119,7,1
01/21/2021,"Virginia Beach","Other Race",478,13,1
01/21/2021,Norfolk,"Not Reported",2511,9,4
01/21/2021,Rappahannock,"Two or more races",167,7,1
01/21/2021,Arlington,Black,880,123,42
01/21/2021,Arlington,Latino,3155,304,36
01/21/2021,"Eastern Shore",White,945,66,27
01/21/2021,"Eastern Shore","Not Reported",117,1,0
01/21/2021,Roanoke,White,2025,62,87
01/21/2021,Alexandria,"Other Race",255,14,2
01/21/2021,"Cumberland Plateau","Other Race",14,0,0
01/21/2021,"Western Tidewater","Other Race",240,3,2
01/21/2021,Lenowisco,"Other Race",39,1,0
01/21/2021,Pittsylvania-Danville,"Two or more races",19,0,0
01/21/2021,Henrico,"Not Reported",3606,16,8
01/21/2021,Crater,"Other Race",142,0,1
01/21/2021,Chickahominy,"Other Race",101,3,0
01/21/2021,Roanoke,Black,1307,55,19
01/21/2021,Roanoke,Latino,694,36,4
01/21/2021,Peninsula,"Two or more races",234,6,1
01/21/2021,Peninsula,"Other Race",697,7,1
01/21/2021,Arlington,White,3174,195,90
01/21/2021,Norfolk,"Two or more races",151,10,2
01/21/2021,Alexandria,White,2187,106,50
01/21/2021,Hampton,"Not Reported",1528,4,1
01/21/2021,"Mount Rogers",White,10819,765,287
01/21/2021,Alexandria,"Not Reported",945,3,1
01/21/2021,"Western Tidewater","Not Reported",2190,8,3
01/21/2021,"Cumberland Plateau","Not Reported",1144,21,2
01/21/2021,"Mount Rogers",Black,291,16,6
01/21/2021,"Mount Rogers",Latino,487,15,1
01/21/2021,"West Piedmont",Black,1454,157,35
01/21/2021,"West Piedmont",Latino,547,22,2
01/21/2021,"Virginia Beach",White,10104,521,105
01/21/2021,"West Piedmont","Other Race",73,1,1
01/21/2021,Richmond,"Two or more races",133,6,1
01/21/2021,"Blue Ridge",Latino,1330,52,3
01/21/2021,"Blue Ridge",Black,1328,132,24
01/21/2021,"Virginia Beach","Not Reported",6388,57,9
01/21/2021,Hampton,"Other Race",232,4,1
01/21/2021,"Virginia Beach",Black,4051,283,52
01/21/2021,"Virginia Beach",Latino,1246,50,6
01/21/2021,Fairfax,Black,4386,340,73
01/21/2021,Fairfax,Latino,19103,1335,133
01/21/2021,"Prince William",Latino,12289,824,97
01/21/2021,"Prince William",Black,3942,249,64
01/21/2021,Piedmont,"Not Reported",2335,15,4
01/21/2021,Chesapeake,Latino,732,42,2
01/21/2021,Chesapeake,Black,4024,350,47
01/21/2021,Pittsylvania-Danville,"Not Reported",2190,24,6
01/21/2021,Alleghany,"Other Race",106,3,0
01/21/2021,"West Piedmont","Not Reported",2028,24,5
01/21/2021,Norfolk,White,3201,141,32
01/21/2021,"Virginia Beach","Two or more races",312,12,3
01/21/2021,Chesapeake,"Other Race",221,7,1
01/21/2021,Norfolk,"Other Race",229,6,2
01/21/2021,Chickahominy,Latino,236,10,1
01/21/2021,Chickahominy,Black,987,87,31
01/21/2021,"Eastern Shore",Black,1173,119,33
01/21/2021,"Eastern Shore",Latino,501,23,3
01/21/2021,"Prince William","Two or more races",473,7,2
01/21/2021,Hampton,White,1472,44,14
01/21/2021,"Prince William","Not Reported",9693,31,2
01/21/2021,"Mount Rogers","Two or more races",70,3,2
01/21/2021,Fairfax,White,14286,826,388
01/21/2021,"Rappahannock Rapidan","Not Reported",2113,38,8
01/21/2021,Southside,"Two or more races",151,0,11
01/21/2021,Lenowisco,"Not Reported",972,28,12
01/21/2021,Crater,"Not Reported",2073,17,6
01/21/2021,Chickahominy,"Not Reported",1851,5,2
01/21/2021,Fairfax,"Other Race",2732,153,27
01/21/2021,Portsmouth,"Two or more races",66,8,2
01/21/2021,Alexandria,Black,1795,150,23
01/21/2021,Alexandria,Latino,3218,186,17
01/21/2021,Roanoke,"Not Reported",2016,6,1
01/21/2021,Pittsylvania-Danville,Black,1850,156,30
01/21/2021,Pittsylvania-Danville,Latino,168,5,0
01/21/2021,"Eastern Shore","Two or more races",3,1,0
01/21/2021,"Lord Fairfax",White,8885,449,189
01/21/2021,Chesterfield,"Other Race",450,22,1
01/21/2021,"Mount Rogers","Other Race",64,2,2
01/21/2021,"Eastern Shore","Other Race",26,1,0
01/21/2021,"Three Rivers",White,3429,143,51
01/21/2021,Pittsylvania-Danville,"Other Race",9,0,0
01/21/2021,"Rappahannock Rapidan",Latino,1450,79,10
01/21/2021,"Rappahannock Rapidan",Black,887,68,17
01/21/2021,"Central Virginia","Not Reported",5973,51,10
01/21/2021,"Lord Fairfax",Latino,1513,74,11
01/21/2021,"Lord Fairfax",Black,495,35,12
01/21/2021,"Central Shenandoah","Other Race",262,6,1
01/21/2021,"Blue Ridge","Other Race",330,9,1
01/21/2021,Fairfax,"Two or more races",659,18,2
01/21/2021,Arlington,"Other Race",446,21,4
01/21/2021,"New River","Two or more races",143,8,10
01/21/2021,"Central Shenandoah",White,13142,527,237
01/21/2021,Southside,White,1414,64,44
01/21/2021,"New River","Other Race",51,2,0
01/21/2021,"Mount Rogers","Asian or Pacific Islander",28,2,0
01/21/2021,Southside,"Asian or Pacific Islander",9,0,0
01/21/2021,"Prince William","Asian or Pacific Islander",1752,92,28
01/21/2021,Henrico,"Asian or Pacific Islander",727,16,5
01/21/2021,Alleghany,"Asian or Pacific Islander",112,3,0
01/21/2021,Roanoke,"Asian or Pacific Islander",104,4,0
01/21/2021,Rappahannock,"Asian or Pacific Islander",296,16,4
01/21/2021,"Lord Fairfax","Asian or Pacific Islander",110,3,1
01/21/2021,"Western Tidewater","Asian or Pacific Islander",48,2,3
01/21/2021,Richmond,"Asian or Pacific Islander",158,6,1
01/21/2021,Arlington,"Asian or Pacific Islander",545,43,19
01/21/2021,"West Piedmont","Asian or Pacific Islander",35,2,1
01/21/2021,Chesapeake,"Asian or Pacific Islander",233,17,7
01/21/2021,Chickahominy,"Asian or Pacific Islander",52,3,0
01/21/2021,Piedmont,"Asian or Pacific Islander",26,2,1
01/21/2021,Chesterfield,"Asian or Pacific Islander",361,11,2
01/21/2021,Norfolk,"Asian or Pacific Islander",218,18,1
01/21/2021,"Central Shenandoah","Asian or Pacific Islander",169,4,0
01/21/2021,Crater,"Asian or Pacific Islander",69,0,0
01/21/2021,Pittsylvania-Danville,"Asian or Pacific Islander",12,0,0
01/21/2021,"Blue Ridge","Asian or Pacific Islander",227,4,1
01/21/2021,"Virginia Beach","Asian or Pacific Islander",915,65,13
01/21/2021,Loudoun,"Asian or Pacific Islander",1403,92,14
01/21/2021,"Central Virginia","Asian or Pacific Islander",103,3,0
01/21/2021,Hampton,"Asian or Pacific Islander",80,1,0
01/21/2021,Alexandria,"Asian or Pacific Islander",389,16,3
01/21/2021,"Eastern Shore and Three Rivers","Asian or Pacific Islander",29,1,0
01/21/2021,"New River","Asian or Pacific Islander",207,2,1
01/21/2021,Portsmouth,"Asian or Pacific Islander",31,1,0
01/21/2021,"Rappahannock Rapidan","Asian or Pacific Islander",64,3,1
01/21/2021,Fairfax,"Asian or Pacific Islander",6086,457,96
01/21/2021,Peninsula,"Asian or Pacific Islander",184,8,6
01/21/2021,"Cumberland Plateau and Lenowisco","Asian or Pacific Islander",16,0,0