"Report Date","Health District or Health District Group","Race and Ethnicity","Number of Cases","Number of Hospitalizations","Number of Deaths"
2020-06-15,Alexandria,"Asian or Pacific Islander",72,6,1
2020-06-15,Alexandria,Black,316,60,12
2020-06-15,Alexandria,Latino,1202,102,6
2020-06-15,Alexandria,"Native American",3,0,0
2020-06-15,Alexandria,"Not Reported",123,6,1
2020-06-15,Alexandria,"Other Race",29,3,1
2020-06-15,Alexandria,"Two or more races",4,1,0
2020-06-15,Alexandria,White,411,47,27
2020-06-15,Alleghany,"Asian or Pacific Islander",3,0,0
2020-06-15,Alleghany,Black,7,1,1
2020-06-15,Alleghany,Latino,40,4,0
2020-06-15,Alleghany,"Not Reported",76,1,0
2020-06-15,Alleghany,"Other Race",1,0,0
2020-06-15,Alleghany,"Two or more races",0,0,0
2020-06-15,Alleghany,White,136,21,13
2020-06-15,"Alleghany and Roanoke","Native American",0,0,0
2020-06-15,Arlington,"Asian or Pacific Islander",115,21,10
2020-06-15,Arlington,Black,195,59,28
2020-06-15,Arlington,Latino,1139,193,19
2020-06-15,Arlington,"Native American",1,0,0
2020-06-15,Arlington,"Not Reported",152,13,4
2020-06-15,Arlington,"Other Race",46,8,4
2020-06-15,Arlington,"Two or more races",14,2,0
2020-06-15,Arlington,White,684,109,60
2020-06-15,"Central Shenandoah","Asian or Pacific Islander",17,2,0
2020-06-15,"Central Shenandoah",Black,78,4,2
2020-06-15,"Central Shenandoah",Latino,723,45,3
2020-06-15,"Central Shenandoah","Native American",1,1,0
2020-06-15,"Central Shenandoah","Not Reported",179,5,0
2020-06-15,"Central Shenandoah","Other Race",28,1,0
2020-06-15,"Central Shenandoah","Two or more races",7,1,0
2020-06-15,"Central Shenandoah",White,754,85,27
2020-06-15,"Central Virginia","Asian or Pacific Islander",0,0,0
2020-06-15,"Central Virginia",Black,22,2,1
2020-06-15,"Central Virginia",Latino,20,1,1
2020-06-15,"Central Virginia","Native American",0,0,0
2020-06-15,"Central Virginia","Not Reported",155,4,0
2020-06-15,"Central Virginia","Other Race",1,0,0
2020-06-15,"Central Virginia","Two or more races",0,0,0
2020-06-15,"Central Virginia",White,71,10,2
2020-06-15,Chesapeake,"Asian or Pacific Islander",18,1,1
2020-06-15,Chesapeake,Black,229,50,5
2020-06-15,Chesapeake,Latino,67,9,1
2020-06-15,Chesapeake,"Native American",8,0,0
2020-06-15,Chesapeake,"Not Reported",76,2,0
2020-06-15,Chesapeake,"Other Race",9,0,0
2020-06-15,Chesapeake,"Two or more races",6,0,0
2020-06-15,Chesapeake,White,259,40,9
2020-06-15,Chesterfield,"Asian or Pacific Islander",23,1,0
2020-06-15,Chesterfield,Black,306,48,11
2020-06-15,Chesterfield,Latino,451,21,1
2020-06-15,Chesterfield,"Native American",2,0,0
2020-06-15,Chesterfield,"Not Reported",1033,3,5
2020-06-15,Chesterfield,"Other Race",135,6,0
2020-06-15,Chesterfield,"Two or more races",3,0,0
2020-06-15,Chesterfield,White,407,48,39
2020-06-15,Chickahominy,"Asian or Pacific Islander",1,1,0
2020-06-15,Chickahominy,Black,95,31,9
2020-06-15,Chickahominy,Latino,36,3,0
2020-06-15,Chickahominy,"Native American",1,1,0
2020-06-15,Chickahominy,"Not Reported",179,4,1
2020-06-15,Chickahominy,"Other Race",9,3,0
2020-06-15,Chickahominy,"Two or more races",1,1,0
2020-06-15,Chickahominy,White,246,57,25
2020-06-15,Crater,"Asian or Pacific Islander",1,0,0
2020-06-15,Crater,Black,568,87,11
2020-06-15,Crater,Latino,79,2,2
2020-06-15,Crater,"Native American",2,0,0
2020-06-15,Crater,"Not Reported",368,4,2
2020-06-15,Crater,"Other Race",11,0,0
2020-06-15,Crater,"Two or more races",1,0,0
2020-06-15,Crater,White,217,20,6
2020-06-15,"Cumberland Plateau",Black,12,0,0
2020-06-15,"Cumberland Plateau",Latino,0,0,0
2020-06-15,"Cumberland Plateau","Not Reported",1,0,0
2020-06-15,"Cumberland Plateau","Other Race",0,0,0
2020-06-15,"Cumberland Plateau","Two or more races",0,0,0
2020-06-15,"Cumberland Plateau",White,22,2,0
2020-06-15,"Cumberland Plateau and Lenowisco","Asian or Pacific Islander",0,0,0
2020-06-15,"Cumberland Plateau, Lenowisco, and Mount Rogers","Native American",0,0,0
2020-06-15,"Eastern Shore",Black,748,72,25
2020-06-15,"Eastern Shore",Latino,220,6,3
2020-06-15,"Eastern Shore","Not Reported",102,0,0
2020-06-15,"Eastern Shore","Other Race",12,1,0
2020-06-15,"Eastern Shore","Two or more races",0,0,0
2020-06-15,"Eastern Shore",White,173,14,13
2020-06-15,"Eastern Shore and Three Rivers","Asian or Pacific Islander",7,1,0
2020-06-15,"Eastern Shore and Three Rivers","Native American",1,0,0
2020-06-15,Fairfax,"Asian or Pacific Islander",1007,186,51
2020-06-15,Fairfax,Black,746,159,33
2020-06-15,Fairfax,Latino,6568,682,53
2020-06-15,Fairfax,"Native American",18,1,1
2020-06-15,Fairfax,"Not Reported",2571,78,69
2020-06-15,Fairfax,"Other Race",471,56,13
2020-06-15,Fairfax,"Two or more races",13,2,1
2020-06-15,Fairfax,White,1821,354,215
2020-06-15,Hampton,"Asian or Pacific Islander",3,0,0
2020-06-15,Hampton,Black,123,27,5
2020-06-15,Hampton,Latino,29,2,0
2020-06-15,Hampton,"Native American",0,0,0
2020-06-15,Hampton,"Not Reported",39,0,0
2020-06-15,Hampton,"Other Race",4,2,0
2020-06-15,Hampton,"Two or more races",2,0,0
2020-06-15,Hampton,White,41,6,0
2020-06-15,Henrico,"Asian or Pacific Islander",103,5,3
2020-06-15,Henrico,Black,673,119,59
2020-06-15,Henrico,Latino,384,29,4
2020-06-15,Henrico,"Native American",7,0,0
2020-06-15,Henrico,"Not Reported",492,3,1
2020-06-15,Henrico,"Other Race",64,10,1
2020-06-15,Henrico,"Two or more races",5,0,0
2020-06-15,Henrico,White,561,72,68
2020-06-15,Lenowisco,Black,0,0,0
2020-06-15,Lenowisco,Latino,0,0,0
2020-06-15,Lenowisco,"Not Reported",8,1,1
2020-06-15,Lenowisco,"Other Race",1,0,0
2020-06-15,Lenowisco,"Two or more races",0,0,0
2020-06-15,Lenowisco,White,37,15,3
2020-06-15,"Lord Fairfax","Asian or Pacific Islander",5,0,0
2020-06-15,"Lord Fairfax",Black,56,5,1
2020-06-15,"Lord Fairfax",Latino,469,32,7
2020-06-15,"Lord Fairfax","Native American",1,0,0
2020-06-15,"Lord Fairfax","Not Reported",259,5,6
2020-06-15,"Lord Fairfax","Other Race",64,5,0
2020-06-15,"Lord Fairfax","Two or more races",8,0,0
2020-06-15,"Lord Fairfax",White,870,100,47
2020-06-15,Loudoun,"Asian or Pacific Islander",138,27,8
2020-06-15,Loudoun,Black,115,15,2
2020-06-15,Loudoun,Latino,808,81,6
2020-06-15,Loudoun,"Native American",1,0,0
2020-06-15,Loudoun,"Not Reported",1722,4,3
2020-06-15,Loudoun,"Other Race",106,4,1
2020-06-15,Loudoun,"Two or more races",10,0,0
2020-06-15,Loudoun,White,504,73,51
2020-06-15,"Mount Rogers","Asian or Pacific Islander",2,1,0
2020-06-15,"Mount Rogers",Black,15,4,1
2020-06-15,"Mount Rogers",Latino,140,0,0
2020-06-15,"Mount Rogers","Not Reported",36,0,1
2020-06-15,"Mount Rogers","Other Race",1,0,0
2020-06-15,"Mount Rogers","Two or more races",2,0,0
2020-06-15,"Mount Rogers",White,372,58,20
2020-06-15,"New River","Asian or Pacific Islander",1,0,0
2020-06-15,"New River",Black,7,1,0
2020-06-15,"New River",Latino,15,1,0
2020-06-15,"New River","Native American",0,0,0
2020-06-15,"New River","Not Reported",36,0,0
2020-06-15,"New River","Other Race",0,0,0
2020-06-15,"New River","Two or more races",0,0,0
2020-06-15,"New River",White,90,16,4
2020-06-15,Norfolk,"Asian or Pacific Islander",11,1,0
2020-06-15,Norfolk,Black,306,52,5
2020-06-15,Norfolk,Latino,122,13,0
2020-06-15,Norfolk,"Native American",0,0,0
2020-06-15,Norfolk,"Not Reported",116,0,0
2020-06-15,Norfolk,"Other Race",18,1,0
2020-06-15,Norfolk,"Two or more races",1,0,0
2020-06-15,Norfolk,White,94,15,2
2020-06-15,Peninsula,"Asian or Pacific Islander",7,2,1
2020-06-15,Peninsula,Black,192,34,10
2020-06-15,Peninsula,Latino,131,10,0
2020-06-15,Peninsula,"Native American",2,0,0
2020-06-15,Peninsula,"Not Reported",134,1,0
2020-06-15,Peninsula,"Other Race",12,0,0
2020-06-15,Peninsula,"Two or more races",7,2,0
2020-06-15,Peninsula,White,284,72,22
2020-06-15,Piedmont,"Asian or Pacific Islander",4,0,0
2020-06-15,Piedmont,Black,303,42,2
2020-06-15,Piedmont,Latino,32,0,1
2020-06-15,Piedmont,"Native American",1,0,0
2020-06-15,Piedmont,"Not Reported",310,8,2
2020-06-15,Piedmont,"Other Race",7,1,0
2020-06-15,Piedmont,"Two or more races",2,0,0
2020-06-15,Piedmont,White,238,20,2
2020-06-15,Pittsylvania-Danville,"Asian or Pacific Islander",0,0,0
2020-06-15,Pittsylvania-Danville,Black,47,11,0
2020-06-15,Pittsylvania-Danville,Latino,17,1,0
2020-06-15,Pittsylvania-Danville,"Not Reported",15,4,0
2020-06-15,Pittsylvania-Danville,"Other Race",0,0,0
2020-06-15,Pittsylvania-Danville,"Two or more races",0,0,0
2020-06-15,Pittsylvania-Danville,White,57,16,3
2020-06-15,"Pittsylvania-Danville and Southside","Native American",0,0,0
2020-06-15,Portsmouth,"Asian or Pacific Islander",3,2,0
2020-06-15,Portsmouth,Black,187,44,9
2020-06-15,Portsmouth,Latino,13,2,0
2020-06-15,Portsmouth,"Native American",1,0,0
2020-06-15,Portsmouth,"Not Reported",100,1,1
2020-06-15,Portsmouth,"Other Race",14,0,0
2020-06-15,Portsmouth,"Two or more races",2,1,0
2020-06-15,Portsmouth,White,66,8,2
2020-06-15,"Prince William","Asian or Pacific Islander",213,37,9
2020-06-15,"Prince William",Black,590,112,31
2020-06-15,"Prince William",Latino,3400,454,38
2020-06-15,"Prince William","Native American",10,1,0
2020-06-15,"Prince William","Not Reported",3186,15,0
2020-06-15,"Prince William","Other Race",200,12,0
2020-06-15,"Prince William","Two or more races",5,1,0
2020-06-15,"Prince William",White,702,112,63
2020-06-15,Rappahannock,"Asian or Pacific Islander",27,6,0
2020-06-15,Rappahannock,Black,227,35,4
2020-06-15,Rappahannock,Latino,723,68,3
2020-06-15,Rappahannock,"Native American",3,0,0
2020-06-15,Rappahannock,"Not Reported",675,23,1
2020-06-15,Rappahannock,"Other Race",32,3,0
2020-06-15,Rappahannock,"Two or more races",7,1,0
2020-06-15,Rappahannock,White,446,55,21
2020-06-15,"Rappahannock Rapidan","Asian or Pacific Islander",3,1,0
2020-06-15,"Rappahannock Rapidan",Black,67,14,4
2020-06-15,"Rappahannock Rapidan",Latino,614,45,5
2020-06-15,"Rappahannock Rapidan","Native American",0,0,0
2020-06-15,"Rappahannock Rapidan","Not Reported",436,15,2
2020-06-15,"Rappahannock Rapidan","Other Race",12,2,0
2020-06-15,"Rappahannock Rapidan","Two or more races",0,0,0
2020-06-15,"Rappahannock Rapidan",White,227,25,7
2020-06-15,Richmond,"Asian or Pacific Islander",6,2,0
2020-06-15,Richmond,Black,489,101,21
2020-06-15,Richmond,Latino,618,56,2
2020-06-15,Richmond,"Native American",0,0,0
2020-06-15,Richmond,"Not Reported",451,2,1
2020-06-15,Richmond,"Other Race",104,10,1
2020-06-15,Richmond,"Two or more races",4,1,0
2020-06-15,Richmond,White,160,16,4
2020-06-15,Roanoke,"Asian or Pacific Islander",1,0,0
2020-06-15,Roanoke,Black,25,6,2
2020-06-15,Roanoke,Latino,81,1,0
2020-06-15,Roanoke,"Not Reported",80,0,0
2020-06-15,Roanoke,"Other Race",0,0,0
2020-06-15,Roanoke,"Two or more races",0,0,0
2020-06-15,Roanoke,White,63,4,8
2020-06-15,Southside,"Asian or Pacific Islander",0,0,0
2020-06-15,Southside,Black,63,17,7
2020-06-15,Southside,Latino,2,1,0
2020-06-15,Southside,"Not Reported",145,13,7
2020-06-15,Southside,"Other Race",6,0,1
2020-06-15,Southside,"Two or more races",19,0,0
2020-06-15,Southside,White,77,14,11
2020-06-15,"Thomas Jefferson","Asian or Pacific Islander",8,0,0
2020-06-15,"Thomas Jefferson",Black,132,41,5
2020-06-15,"Thomas Jefferson",Latino,181,6,0
2020-06-15,"Thomas Jefferson","Native American",2,0,0
2020-06-15,"Thomas Jefferson","Not Reported",82,0,0
2020-06-15,"Thomas Jefferson","Other Race",24,2,1
2020-06-15,"Thomas Jefferson","Two or more races",3,0,0
2020-06-15,"Thomas Jefferson",White,276,32,13
2020-06-15,"Three Rivers",Black,175,15,2
2020-06-15,"Three Rivers",Latino,69,2,0
2020-06-15,"Three Rivers","Not Reported",123,5,1
2020-06-15,"Three Rivers","Other Race",5,1,0
2020-06-15,"Three Rivers","Two or more races",3,0,0
2020-06-15,"Three Rivers",White,204,22,6
2020-06-15,"Virginia Beach","Asian or Pacific Islander",49,12,1
2020-06-15,"Virginia Beach",Black,223,23,4
2020-06-15,"Virginia Beach",Latino,90,8,1
2020-06-15,"Virginia Beach","Native American",0,0,0
2020-06-15,"Virginia Beach","Not Reported",132,3,0
2020-06-15,"Virginia Beach","Other Race",13,2,1
2020-06-15,"Virginia Beach","Two or more races",7,2,0
2020-06-15,"Virginia Beach",White,385,58,20
2020-06-15,"West Piedmont","Asian or Pacific Islander",9,1,1
2020-06-15,"West Piedmont",Black,71,17,1
2020-06-15,"West Piedmont",Latino,92,5,0
2020-06-15,"West Piedmont","Native American",0,0,0
2020-06-15,"West Piedmont","Not Reported",38,1,0
2020-06-15,"West Piedmont","Other Race",1,0,0
2020-06-15,"West Piedmont","Two or more races",0,0,0
2020-06-15,"West Piedmont",White,120,9,3
2020-06-15,"Western Tidewater","Asian or Pacific Islander",5,1,0
2020-06-15,"Western Tidewater",Black,275,43,21
2020-06-15,"Western Tidewater",Latino,5,1,0
2020-06-15,"Western Tidewater","Native American",0,0,0
2020-06-15,"Western Tidewater","Not Reported",207,1,1
2020-06-15,"Western Tidewater","Other Race",15,0,0
2020-06-15,"Western Tidewater","Two or more races",2,0,0
2020-06-15,"Western Tidewater",White,191,32,24
2020-06-16,Alexandria,"Asian or Pacific Islander",74,6,1
2020-06-16,Alexandria,Black,317,60,12
2020-06-16,Alexandria,Latino,1204,102,6
2020-06-16,Alexandria,"Native American",3,0,0
2020-06-16,Alexandria,"Not Reported",126,6,1
2020-06-16,Alexandria,"Other Race",28,2,0
2020-06-16,Alexandria,"Two or more races",4,1,0
2020-06-16,Alexandria,White,412,47,27
2020-06-16,Alleghany,"Asian or Pacific Islander",3,0,0
2020-06-16,Alleghany,Black,9,1,1
2020-06-16,Alleghany,Latino,46,4,0
2020-06-16,Alleghany,"Not Reported",79,1,0
2020-06-16,Alleghany,"Other Race",1,0,0
2020-06-16,Alleghany,"Two or more races",0,0,0
2020-06-16,Alleghany,White,140,21,13
2020-06-16,"Alleghany and Roanoke","Native American",0,0,0
2020-06-16,Arlington,"Asian or Pacific Islander",117,21,11
2020-06-16,Arlington,Black,196,60,28
2020-06-16,Arlington,Latino,1147,197,19
2020-06-16,Arlington,"Native American",1,0,0
2020-06-16,Arlington,"Not Reported",154,10,4
2020-06-16,Arlington,"Other Race",46,8,4
2020-06-16,Arlington,"Two or more races",14,2,0
2020-06-16,Arlington,White,688,109,59
2020-06-16,"Central Shenandoah","Asian or Pacific Islander",17,2,0
2020-06-16,"Central Shenandoah",Black,77,4,2
2020-06-16,"Central Shenandoah",Latino,724,46,2
2020-06-16,"Central Shenandoah","Native American",1,1,0
2020-06-16,"Central Shenandoah","Not Reported",181,5,0
2020-06-16,"Central Shenandoah","Other Race",28,1,0
2020-06-16,"Central Shenandoah","Two or more races",8,1,0
2020-06-16,"Central Shenandoah",White,762,86,27
2020-06-16,"Central Virginia","Asian or Pacific Islander",0,0,0
2020-06-16,"Central Virginia",Black,22,2,1
2020-06-16,"Central Virginia",Latino,21,1,1
2020-06-16,"Central Virginia","Native American",0,0,0
2020-06-16,"Central Virginia","Not Reported",164,4,0
2020-06-16,"Central Virginia","Other Race",1,0,0
2020-06-16,"Central Virginia","Two or more races",0,0,0
2020-06-16,"Central Virginia",White,72,10,2
2020-06-16,Chesapeake,"Asian or Pacific Islander",18,1,1
2020-06-16,Chesapeake,Black,232,50,5
2020-06-16,Chesapeake,Latino,67,9,1
2020-06-16,Chesapeake,"Native American",8,0,0
2020-06-16,Chesapeake,"Not Reported",78,2,0
2020-06-16,Chesapeake,"Other Race",9,0,0
2020-06-16,Chesapeake,"Two or more races",6,0,0
2020-06-16,Chesapeake,White,260,40,9
2020-06-16,Chesterfield,"Asian or Pacific Islander",24,1,0
2020-06-16,Chesterfield,Black,315,48,11
2020-06-16,Chesterfield,Latino,464,22,1
2020-06-16,Chesterfield,"Native American",2,0,0
2020-06-16,Chesterfield,"Not Reported",1056,3,5
2020-06-16,Chesterfield,"Other Race",147,6,0
2020-06-16,Chesterfield,"Two or more races",3,0,0
2020-06-16,Chesterfield,White,418,48,39
2020-06-16,Chickahominy,"Asian or Pacific Islander",1,1,0
2020-06-16,Chickahominy,Black,96,31,9
2020-06-16,Chickahominy,Latino,36,3,0
2020-06-16,Chickahominy,"Native American",1,1,0
2020-06-16,Chickahominy,"Not Reported",180,4,1
2020-06-16,Chickahominy,"Other Race",9,3,0
2020-06-16,Chickahominy,"Two or more races",1,1,0
2020-06-16,Chickahominy,White,246,58,25
2020-06-16,Crater,"Asian or Pacific Islander",1,0,0
2020-06-16,Crater,Black,575,90,11
2020-06-16,Crater,Latino,85,2,2
2020-06-16,Crater,"Native American",2,0,0
2020-06-16,Crater,"Not Reported",358,4,2
2020-06-16,Crater,"Other Race",10,0,0
2020-06-16,Crater,"Two or more races",1,0,0
2020-06-16,Crater,White,221,21,6
2020-06-16,"Cumberland Plateau",Black,12,0,0
2020-06-16,"Cumberland Plateau",Latino,0,0,0
2020-06-16,"Cumberland Plateau","Not Reported",1,0,0
2020-06-16,"Cumberland Plateau","Other Race",0,0,0
2020-06-16,"Cumberland Plateau","Two or more races",0,0,0
2020-06-16,"Cumberland Plateau",White,23,2,0
2020-06-16,"Cumberland Plateau and Lenowisco","Asian or Pacific Islander",0,0,0
2020-06-16,"Cumberland Plateau, Lenowisco, and Mount Rogers","Native American",0,0,0
2020-06-16,"Eastern Shore",Black,756,79,25
2020-06-16,"Eastern Shore",Latino,222,7,3
2020-06-16,"Eastern Shore","Not Reported",104,0,0
2020-06-16,"Eastern Shore","Other Race",12,1,0
2020-06-16,"Eastern Shore","Two or more races",0,0,0
2020-06-16,"Eastern Shore",White,174,15,13
2020-06-16,"Eastern Shore and Three Rivers","Asian or Pacific Islander",7,1,0
2020-06-16,"Eastern Shore and Three Rivers","Native American",1,0,0
2020-06-16,Fairfax,"Asian or Pacific Islander",1008,187,51
2020-06-16,Fairfax,Black,750,159,34
2020-06-16,Fairfax,Latino,6600,686,56
2020-06-16,Fairfax,"Native American",18,1,1
2020-06-16,Fairfax,"Not Reported",2534,78,68
2020-06-16,Fairfax,"Other Race",475,56,15
2020-06-16,Fairfax,"Two or more races",13,2,1
2020-06-16,Fairfax,White,1830,358,215
2020-06-16,Hampton,"Asian or Pacific Islander",3,0,0
2020-06-16,Hampton,Black,125,27,5
2020-06-16,Hampton,Latino,30,2,0
2020-06-16,Hampton,"Native American",0,0,0
2020-06-16,Hampton,"Not Reported",39,0,0
2020-06-16,Hampton,"Other Race",4,2,0
2020-06-16,Hampton,"Two or more races",2,0,0
2020-06-16,Hampton,White,43,6,0
2020-06-16,Henrico,"Asian or Pacific Islander",103,5,3
2020-06-16,Henrico,Black,681,119,59
2020-06-16,Henrico,Latino,398,30,4
2020-06-16,Henrico,"Native American",7,0,0
2020-06-16,Henrico,"Not Reported",492,3,1
2020-06-16,Henrico,"Other Race",63,11,1
2020-06-16,Henrico,"Two or more races",5,0,0
2020-06-16,Henrico,White,562,72,69
2020-06-16,Lenowisco,Black,0,0,0
2020-06-16,Lenowisco,Latino,0,0,0
2020-06-16,Lenowisco,"Not Reported",8,1,1
2020-06-16,Lenowisco,"Other Race",1,0,0
2020-06-16,Lenowisco,"Two or more races",0,0,0
2020-06-16,Lenowisco,White,37,15,3
2020-06-16,"Lord Fairfax","Asian or Pacific Islander",5,0,0
2020-06-16,"Lord Fairfax",Black,56,5,1
2020-06-16,"Lord Fairfax",Latino,473,32,8
2020-06-16,"Lord Fairfax","Native American",1,0,0
2020-06-16,"Lord Fairfax","Not Reported",261,5,6
2020-06-16,"Lord Fairfax","Other Race",63,5,0
2020-06-16,"Lord Fairfax","Two or more races",9,0,0
2020-06-16,"Lord Fairfax",White,881,101,47
2020-06-16,Loudoun,"Asian or Pacific Islander",141,28,8
2020-06-16,Loudoun,Black,116,15,2
2020-06-16,Loudoun,Latino,819,82,6
2020-06-16,Loudoun,"Native American",1,0,0
2020-06-16,Loudoun,"Not Reported",1735,4,3
2020-06-16,Loudoun,"Other Race",107,4,1
2020-06-16,Loudoun,"Two or more races",10,0,0
2020-06-16,Loudoun,White,510,73,56
2020-06-16,"Mount Rogers","Asian or Pacific Islander",2,1,0
2020-06-16,"Mount Rogers",Black,15,4,1
2020-06-16,"Mount Rogers",Latino,140,0,0
2020-06-16,"Mount Rogers","Not Reported",36,0,1
2020-06-16,"Mount Rogers","Other Race",1,0,0
2020-06-16,"Mount Rogers","Two or more races",3,0,0
2020-06-16,"Mount Rogers",White,376,58,20
2020-06-16,"New River","Asian or Pacific Islander",1,0,0
2020-06-16,"New River",Black,7,1,0
2020-06-16,"New River",Latino,15,1,0
2020-06-16,"New River","Native American",0,0,0
2020-06-16,"New River","Not Reported",38,0,0
2020-06-16,"New River","Other Race",0,0,0
2020-06-16,"New River","Two or more races",0,0,0
2020-06-16,"New River",White,91,16,4
2020-06-16,Norfolk,"Asian or Pacific Islander",12,1,0
2020-06-16,Norfolk,Black,309,54,5
2020-06-16,Norfolk,Latino,122,13,0
2020-06-16,Norfolk,"Native American",0,0,0
2020-06-16,Norfolk,"Not Reported",118,0,0
2020-06-16,Norfolk,"Other Race",21,1,0
2020-06-16,Norfolk,"Two or more races",1,0,0
2020-06-16,Norfolk,White,98,15,2
2020-06-16,Peninsula,"Asian or Pacific Islander",7,2,1
2020-06-16,Peninsula,Black,195,34,10
2020-06-16,Peninsula,Latino,138,10,0
2020-06-16,Peninsula,"Native American",2,0,0
2020-06-16,Peninsula,"Not Reported",136,1,0
2020-06-16,Peninsula,"Other Race",11,1,0
2020-06-16,Peninsula,"Two or more races",7,2,0
2020-06-16,Peninsula,White,289,73,22
2020-06-16,Piedmont,"Asian or Pacific Islander",4,0,0
2020-06-16,Piedmont,Black,311,43,2
2020-06-16,Piedmont,Latino,34,0,1
2020-06-16,Piedmont,"Native American",1,0,0
2020-06-16,Piedmont,"Not Reported",302,8,2
2020-06-16,Piedmont,"Other Race",7,1,0
2020-06-16,Piedmont,"Two or more races",2,0,0
2020-06-16,Piedmont,White,251,21,2
2020-06-16,Pittsylvania-Danville,"Asian or Pacific Islander",0,0,0
2020-06-16,Pittsylvania-Danville,Black,47,11,0
2020-06-16,Pittsylvania-Danville,Latino,17,1,0
2020-06-16,Pittsylvania-Danville,"Not Reported",15,4,0
2020-06-16,Pittsylvania-Danville,"Other Race",0,0,0
2020-06-16,Pittsylvania-Danville,"Two or more races",0,0,0
2020-06-16,Pittsylvania-Danville,White,57,16,3
2020-06-16,"Pittsylvania-Danville and Southside","Native American",0,0,0
2020-06-16,Portsmouth,"Asian or Pacific Islander",3,2,0
2020-06-16,Portsmouth,Black,187,45,9
2020-06-16,Portsmouth,Latino,13,2,0
2020-06-16,Portsmouth,"Native American",1,0,0
2020-06-16,Portsmouth,"Not Reported",101,1,1
2020-06-16,Portsmouth,"Other Race",14,0,0
2020-06-16,Portsmouth,"Two or more races",2,1,0
2020-06-16,Portsmouth,White,66,8,2
2020-06-16,"Prince William","Asian or Pacific Islander",219,38,10
2020-06-16,"Prince William",Black,592,112,33
2020-06-16,"Prince William",Latino,3436,458,38
2020-06-16,"Prince William","Native American",10,1,0
2020-06-16,"Prince William","Not Reported",3158,16,0
2020-06-16,"Prince William","Other Race",200,12,0
2020-06-16,"Prince William","Two or more races",5,1,0
2020-06-16,"Prince William",White,706,115,66
2020-06-16,Rappahannock,"Asian or Pacific Islander",28,6,0
2020-06-16,Rappahannock,Black,230,35,4
2020-06-16,Rappahannock,Latino,729,68,3
2020-06-16,Rappahannock,"Native American",3,0,0
2020-06-16,Rappahannock,"Not Reported",682,23,0
2020-06-16,Rappahannock,"Other Race",33,3,0
2020-06-16,Rappahannock,"Two or more races",8,1,0
2020-06-16,Rappahannock,White,453,56,23
2020-06-16,"Rappahannock Rapidan","Asian or Pacific Islander",3,1,0
2020-06-16,"Rappahannock Rapidan",Black,69,14,4
2020-06-16,"Rappahannock Rapidan",Latino,617,46,5
2020-06-16,"Rappahannock Rapidan","Native American",0,0,0
2020-06-16,"Rappahannock Rapidan","Not Reported",437,14,2
2020-06-16,"Rappahannock Rapidan","Other Race",13,2,0
2020-06-16,"Rappahannock Rapidan","Two or more races",1,0,0
2020-06-16,"Rappahannock Rapidan",White,232,26,7
2020-06-16,Richmond,"Asian or Pacific Islander",6,2,0
2020-06-16,Richmond,Black,492,103,21
2020-06-16,Richmond,Latino,631,57,1
2020-06-16,Richmond,"Native American",0,0,0
2020-06-16,Richmond,"Not Reported",455,2,1
2020-06-16,Richmond,"Other Race",102,10,2
2020-06-16,Richmond,"Two or more races",3,1,0
2020-06-16,Richmond,White,159,16,4
2020-06-16,Roanoke,"Asian or Pacific Islander",1,0,0
2020-06-16,Roanoke,Black,26,6,2
2020-06-16,Roanoke,Latino,93,1,0
2020-06-16,Roanoke,"Not Reported",84,0,0
2020-06-16,Roanoke,"Other Race",0,0,0
2020-06-16,Roanoke,"Two or more races",0,0,0
2020-06-16,Roanoke,White,66,4,8
2020-06-16,Southside,"Asian or Pacific Islander",0,0,0
2020-06-16,Southside,Black,68,17,7
2020-06-16,Southside,Latino,2,1,0
2020-06-16,Southside,"Not Reported",148,13,7
2020-06-16,Southside,"Other Race",6,0,1
2020-06-16,Southside,"Two or more races",19,0,0
2020-06-16,Southside,White,80,14,11
2020-06-16,"Thomas Jefferson","Asian or Pacific Islander",8,0,0
2020-06-16,"Thomas Jefferson",Black,132,41,5
2020-06-16,"Thomas Jefferson",Latino,184,6,0
2020-06-16,"Thomas Jefferson","Native American",2,0,0
2020-06-16,"Thomas Jefferson","Not Reported",86,0,0
2020-06-16,"Thomas Jefferson","Other Race",24,2,1
2020-06-16,"Thomas Jefferson","Two or more races",3,0,0
2020-06-16,"Thomas Jefferson",White,278,32,13
2020-06-16,"Three Rivers",Black,176,15,3
2020-06-16,"Three Rivers",Latino,69,2,0
2020-06-16,"Three Rivers","Not Reported",123,5,1
2020-06-16,"Three Rivers","Other Race",5,1,0
2020-06-16,"Three Rivers","Two or more races",3,0,0
2020-06-16,"Three Rivers",White,205,22,6
2020-06-16,"Virginia Beach","Asian or Pacific Islander",50,12,1
2020-06-16,"Virginia Beach",Black,225,23,4
2020-06-16,"Virginia Beach",Latino,91,8,1
2020-06-16,"Virginia Beach","Native American",0,0,0
2020-06-16,"Virginia Beach","Not Reported",131,3,0
2020-06-16,"Virginia Beach","Other Race",13,2,1
2020-06-16,"Virginia Beach","Two or more races",7,2,0
2020-06-16,"Virginia Beach",White,392,60,20
2020-06-16,"West Piedmont","Asian or Pacific Islander",9,1,1
2020-06-16,"West Piedmont",Black,72,17,1
2020-06-16,"West Piedmont",Latino,100,5,0
2020-06-16,"West Piedmont","Native American",0,0,0
2020-06-16,"West Piedmont","Not Reported",39,1,0
2020-06-16,"West Piedmont","Other Race",1,0,0
2020-06-16,"West Piedmont","Two or more races",0,0,0
2020-06-16,"West Piedmont",White,120,9,3
2020-06-16,"Western Tidewater","Asian or Pacific Islander",5,1,0
2020-06-16,"Western Tidewater",Black,275,43,21
2020-06-16,"Western Tidewater",Latino,5,1,0
2020-06-16,"Western Tidewater","Native American",0,0,0
2020-06-16,"Western Tidewater","Not Reported",211,1,1
2020-06-16,"Western Tidewater","Other Race",15,0,0
2020-06-16,"Western Tidewater","Two or more races",2,0,0
2020-06-16,"Western Tidewater",White,191,32,24
2020-06-17,Alexandria,"Asian or Pacific Islander",75,6,1
2020-06-17,Alexandria,Black,317,60,12
2020-06-17,Alexandria,Latino,1210,102,6
2020-06-17,Alexandria,"Native American",3,0,0
2020-06-17,Alexandria,"Not Reported",122,6,1
2020-06-17,Alexandria,"Other Race",30,3,1
2020-06-17,Alexandria,"Two or more races",4,1,0
2020-06-17,Alexandria,White,414,47,27
2020-06-17,Alleghany,"Asian or Pacific Islander",3,0,0
2020-06-17,Alleghany,Black,9,1,1
2020-06-17,Alleghany,Latino,49,5,0
2020-06-17,Alleghany,"Not Reported",81,1,0
2020-06-17,Alleghany,"Other Race",1,0,0
2020-06-17,Alleghany,"Two or more races",0,0,0
2020-06-17,Alleghany,White,144,21,13
2020-06-17,"Alleghany and Roanoke","Native American",0,0,0
2020-06-17,Arlington,"Asian or Pacific Islander",117,21,11
2020-06-17,Arlington,Black,197,61,27
2020-06-17,Arlington,Latino,1156,198,20
2020-06-17,Arlington,"Native American",1,0,0
2020-06-17,Arlington,"Not Reported",149,9,3
2020-06-17,Arlington,"Other Race",45,7,3
2020-06-17,Arlington,"Two or more races",14,2,0
2020-06-17,Arlington,White,693,109,60
2020-06-17,"Central Shenandoah","Asian or Pacific Islander",17,2,0
2020-06-17,"Central Shenandoah",Black,77,4,2
2020-06-17,"Central Shenandoah",Latino,727,46,3
2020-06-17,"Central Shenandoah","Native American",1,1,0
2020-06-17,"Central Shenandoah","Not Reported",194,5,0
2020-06-17,"Central Shenandoah","Other Race",28,1,0
2020-06-17,"Central Shenandoah","Two or more races",8,1,0
2020-06-17,"Central Shenandoah",White,765,87,27
2020-06-17,"Central Virginia","Asian or Pacific Islander",0,0,0
2020-06-17,"Central Virginia",Black,22,2,1
2020-06-17,"Central Virginia",Latino,22,1,1
2020-06-17,"Central Virginia","Native American",0,0,0
2020-06-17,"Central Virginia","Not Reported",165,4,0
2020-06-17,"Central Virginia","Other Race",1,0,0
2020-06-17,"Central Virginia","Two or more races",0,0,0
2020-06-17,"Central Virginia",White,72,10,2
2020-06-17,Chesapeake,"Asian or Pacific Islander",20,3,2
2020-06-17,Chesapeake,Black,237,50,5
2020-06-17,Chesapeake,Latino,72,9,1
2020-06-17,Chesapeake,"Native American",8,0,0
2020-06-17,Chesapeake,"Not Reported",66,2,0
2020-06-17,Chesapeake,"Other Race",6,0,0
2020-06-17,Chesapeake,"Two or more races",6,0,0
2020-06-17,Chesapeake,White,269,39,8
2020-06-17,Chesterfield,"Asian or Pacific Islander",24,1,0
2020-06-17,Chesterfield,Black,323,48,11
2020-06-17,Chesterfield,Latino,485,22,1
2020-06-17,Chesterfield,"Native American",2,0,0
2020-06-17,Chesterfield,"Not Reported",1071,3,6
2020-06-17,Chesterfield,"Other Race",149,6,0
2020-06-17,Chesterfield,"Two or more races",3,0,0
2020-06-17,Chesterfield,White,430,48,39
2020-06-17,Chickahominy,"Asian or Pacific Islander",1,1,0
2020-06-17,Chickahominy,Black,97,31,9
2020-06-17,Chickahominy,Latino,36,3,0
2020-06-17,Chickahominy,"Native American",1,1,0
2020-06-17,Chickahominy,"Not Reported",179,4,1
2020-06-17,Chickahominy,"Other Race",9,3,0
2020-06-17,Chickahominy,"Two or more races",1,1,0
2020-06-17,Chickahominy,White,251,58,25
2020-06-17,Crater,"Asian or Pacific Islander",2,0,0
2020-06-17,Crater,Black,590,95,11
2020-06-17,Crater,Latino,93,2,2
2020-06-17,Crater,"Native American",2,0,0
2020-06-17,Crater,"Not Reported",345,4,2
2020-06-17,Crater,"Other Race",10,0,0
2020-06-17,Crater,"Two or more races",1,0,0
2020-06-17,Crater,White,228,21,6
2020-06-17,"Cumberland Plateau",Black,12,0,0
2020-06-17,"Cumberland Plateau",Latino,0,0,0
2020-06-17,"Cumberland Plateau","Not Reported",1,0,0
2020-06-17,"Cumberland Plateau","Other Race",0,0,0
2020-06-17,"Cumberland Plateau","Two or more races",0,0,0
2020-06-17,"Cumberland Plateau",White,24,2,0
2020-06-17,"Cumberland Plateau and Lenowisco","Asian or Pacific Islander",0,0,0
2020-06-17,"Cumberland Plateau, Lenowisco, and Mount Rogers","Native American",0,0,0
2020-06-17,"Eastern Shore",Black,757,81,25
2020-06-17,"Eastern Shore",Latino,222,7,3
2020-06-17,"Eastern Shore","Not Reported",115,0,0
2020-06-17,"Eastern Shore","Other Race",12,1,0
2020-06-17,"Eastern Shore","Two or more races",0,0,0
2020-06-17,"Eastern Shore",White,174,16,13
2020-06-17,"Eastern Shore and Three Rivers","Asian or Pacific Islander",7,1,0
2020-06-17,"Eastern Shore and Three Rivers","Native American",1,0,0
2020-06-17,Fairfax,"Asian or Pacific Islander",1013,190,53
2020-06-17,Fairfax,Black,757,161,37
2020-06-17,Fairfax,Latino,6667,692,55
2020-06-17,Fairfax,"Native American",18,1,1
2020-06-17,Fairfax,"Not Reported",2506,78,68
2020-06-17,Fairfax,"Other Race",469,55,13
2020-06-17,Fairfax,"Two or more races",13,1,0
2020-06-17,Fairfax,White,1836,357,216
2020-06-17,Hampton,"Asian or Pacific Islander",3,0,0
2020-06-17,Hampton,Black,125,27,5
2020-06-17,Hampton,Latino,30,2,0
2020-06-17,Hampton,"Native American",0,0,0
2020-06-17,Hampton,"Not Reported",40,0,0
2020-06-17,Hampton,"Other Race",4,2,0
2020-06-17,Hampton,"Two or more races",2,0,0
2020-06-17,Hampton,White,44,6,0
2020-06-17,Henrico,"Asian or Pacific Islander",104,5,3
2020-06-17,Henrico,Black,681,119,59
2020-06-17,Henrico,Latino,408,31,4
2020-06-17,Henrico,"Native American",7,0,0
2020-06-17,Henrico,"Not Reported",499,3,1
2020-06-17,Henrico,"Other Race",62,11,1
2020-06-17,Henrico,"Two or more races",5,0,0
2020-06-17,Henrico,White,566,72,72
2020-06-17,Lenowisco,Black,0,0,0
2020-06-17,Lenowisco,Latino,0,0,0
2020-06-17,Lenowisco,"Not Reported",7,1,1
2020-06-17,Lenowisco,"Other Race",1,0,0
2020-06-17,Lenowisco,"Two or more races",0,0,0
2020-06-17,Lenowisco,White,38,15,3
2020-06-17,"Lord Fairfax","Asian or Pacific Islander",5,0,0
2020-06-17,"Lord Fairfax",Black,56,5,1
2020-06-17,"Lord Fairfax",Latino,474,32,7
2020-06-17,"Lord Fairfax","Native American",1,0,0
2020-06-17,"Lord Fairfax","Not Reported",263,5,6
2020-06-17,"Lord Fairfax","Other Race",63,5,0
2020-06-17,"Lord Fairfax","Two or more races",9,0,0
2020-06-17,"Lord Fairfax",White,893,102,48
2020-06-17,Loudoun,"Asian or Pacific Islander",142,29,8
2020-06-17,Loudoun,Black,116,16,2
2020-06-17,Loudoun,Latino,840,89,7
2020-06-17,Loudoun,"Native American",1,0,0
2020-06-17,Loudoun,"Not Reported",1726,3,3
2020-06-17,Loudoun,"Other Race",110,4,2
2020-06-17,Loudoun,"Two or more races",11,0,0
2020-06-17,Loudoun,White,512,76,58
2020-06-17,"Mount Rogers","Asian or Pacific Islander",2,1,0
2020-06-17,"Mount Rogers",Black,19,4,1
2020-06-17,"Mount Rogers",Latino,142,0,0
2020-06-17,"Mount Rogers","Not Reported",36,0,1
2020-06-17,"Mount Rogers","Other Race",1,0,0
2020-06-17,"Mount Rogers","Two or more races",3,0,0
2020-06-17,"Mount Rogers",White,380,57,21
2020-06-17,"New River","Asian or Pacific Islander",1,0,0
2020-06-17,"New River",Black,7,1,0
2020-06-17,"New River",Latino,15,1,0
2020-06-17,"New River","Native American",0,0,0
2020-06-17,"New River","Not Reported",38,0,0
2020-06-17,"New River","Other Race",0,0,0
2020-06-17,"New River","Two or more races",0,0,0
2020-06-17,"New River",White,91,16,4
2020-06-17,Norfolk,"Asian or Pacific Islander",12,1,0
2020-06-17,Norfolk,Black,318,54,5
2020-06-17,Norfolk,Latino,129,13,0
2020-06-17,Norfolk,"Native American",0,0,0
2020-06-17,Norfolk,"Not Reported",121,0,0
2020-06-17,Norfolk,"Other Race",17,1,0
2020-06-17,Norfolk,"Two or more races",1,0,0
2020-06-17,Norfolk,White,100,16,2
2020-06-17,Peninsula,"Asian or Pacific Islander",7,2,1
2020-06-17,Peninsula,Black,198,34,10
2020-06-17,Peninsula,Latino,139,10,0
2020-06-17,Peninsula,"Native American",2,0,0
2020-06-17,Peninsula,"Not Reported",140,1,0
2020-06-17,Peninsula,"Other Race",12,1,0
2020-06-17,Peninsula,"Two or more races",7,2,0
2020-06-17,Peninsula,White,290,73,22
2020-06-17,Piedmont,"Asian or Pacific Islander",4,0,0
2020-06-17,Piedmont,Black,317,44,2
2020-06-17,Piedmont,Latino,34,0,1
2020-06-17,Piedmont,"Native American",1,0,0
2020-06-17,Piedmont,"Not Reported",298,9,2
2020-06-17,Piedmont,"Other Race",7,1,0
2020-06-17,Piedmont,"Two or more races",2,0,0
2020-06-17,Piedmont,White,257,22,2
2020-06-17,Pittsylvania-Danville,"Asian or Pacific Islander",0,0,0
2020-06-17,Pittsylvania-Danville,Black,47,11,0
2020-06-17,Pittsylvania-Danville,Latino,18,1,0
2020-06-17,Pittsylvania-Danville,"Not Reported",16,4,0
2020-06-17,Pittsylvania-Danville,"Other Race",0,0,0
2020-06-17,Pittsylvania-Danville,"Two or more races",0,0,0
2020-06-17,Pittsylvania-Danville,White,58,16,3
2020-06-17,"Pittsylvania-Danville and Southside","Native American",0,0,0
2020-06-17,Portsmouth,"Asian or Pacific Islander",3,2,0
2020-06-17,Portsmouth,Black,193,46,10
2020-06-17,Portsmouth,Latino,13,2,0
2020-06-17,Portsmouth,"Native American",1,0,0
2020-06-17,Portsmouth,"Not Reported",102,1,1
2020-06-17,Portsmouth,"Other Race",14,0,0
2020-06-17,Portsmouth,"Two or more races",2,1,0
2020-06-17,Portsmouth,White,67,8,2
2020-06-17,"Prince William","Asian or Pacific Islander",221,38,10
2020-06-17,"Prince William",Black,596,112,33
2020-06-17,"Prince William",Latino,3480,461,38
2020-06-17,"Prince William","Native American",10,1,0
2020-06-17,"Prince William","Not Reported",3144,16,0
2020-06-17,"Prince William","Other Race",197,11,0
2020-06-17,"Prince William","Two or more races",5,1,0
2020-06-17,"Prince William",White,711,115,66
2020-06-17,Rappahannock,"Asian or Pacific Islander",30,6,0
2020-06-17,Rappahannock,Black,232,36,4
2020-06-17,Rappahannock,Latino,740,68,3
2020-06-17,Rappahannock,"Native American",3,0,0
2020-06-17,Rappahannock,"Not Reported",685,24,0
2020-06-17,Rappahannock,"Other Race",32,3,0
2020-06-17,Rappahannock,"Two or more races",9,1,0
2020-06-17,Rappahannock,White,457,57,23
2020-06-17,"Rappahannock Rapidan","Asian or Pacific Islander",3,1,0
2020-06-17,"Rappahannock Rapidan",Black,71,14,4
2020-06-17,"Rappahannock Rapidan",Latino,620,46,5
2020-06-17,"Rappahannock Rapidan","Native American",0,0,0
2020-06-17,"Rappahannock Rapidan","Not Reported",435,14,2
2020-06-17,"Rappahannock Rapidan","Other Race",13,2,0
2020-06-17,"Rappahannock Rapidan","Two or more races",1,0,0
2020-06-17,"Rappahannock Rapidan",White,239,26,7
2020-06-17,Richmond,"Asian or Pacific Islander",6,2,0
2020-06-17,Richmond,Black,493,106,21
2020-06-17,Richmond,Latino,646,57,1
2020-06-17,Richmond,"Native American",0,0,0
2020-06-17,Richmond,"Not Reported",462,2,0
2020-06-17,Richmond,"Other Race",101,10,2
2020-06-17,Richmond,"Two or more races",3,1,0
2020-06-17,Richmond,White,161,17,4
2020-06-17,Roanoke,"Asian or Pacific Islander",1,0,0
2020-06-17,Roanoke,Black,28,7,2
2020-06-17,Roanoke,Latino,97,1,0
2020-06-17,Roanoke,"Not Reported",84,0,0
2020-06-17,Roanoke,"Other Race",0,0,0
2020-06-17,Roanoke,"Two or more races",0,0,0
2020-06-17,Roanoke,White,67,4,8
2020-06-17,Southside,"Asian or Pacific Islander",0,0,0
2020-06-17,Southside,Black,72,18,7
2020-06-17,Southside,Latino,2,1,0
2020-06-17,Southside,"Not Reported",148,13,7
2020-06-17,Southside,"Other Race",6,0,1
2020-06-17,Southside,"Two or more races",19,0,0
2020-06-17,Southside,White,82,14,11
2020-06-17,"Thomas Jefferson","Asian or Pacific Islander",8,0,0
2020-06-17,"Thomas Jefferson",Black,132,41,5
2020-06-17,"Thomas Jefferson",Latino,189,6,0
2020-06-17,"Thomas Jefferson","Native American",2,0,0
2020-06-17,"Thomas Jefferson","Not Reported",84,0,0
2020-06-17,"Thomas Jefferson","Other Race",24,2,1
2020-06-17,"Thomas Jefferson","Two or more races",3,0,0
2020-06-17,"Thomas Jefferson",White,280,32,13
2020-06-17,"Three Rivers",Black,178,16,4
2020-06-17,"Three Rivers",Latino,70,3,0
2020-06-17,"Three Rivers","Not Reported",119,3,0
2020-06-17,"Three Rivers","Other Race",5,1,0
2020-06-17,"Three Rivers","Two or more races",3,0,0
2020-06-17,"Three Rivers",White,206,22,6
2020-06-17,"Virginia Beach","Asian or Pacific Islander",51,12,1
2020-06-17,"Virginia Beach",Black,229,23,4
2020-06-17,"Virginia Beach",Latino,95,8,1
2020-06-17,"Virginia Beach","Native American",0,0,0
2020-06-17,"Virginia Beach","Not Reported",122,4,1
2020-06-17,"Virginia Beach","Other Race",14,2,1
2020-06-17,"Virginia Beach","Two or more races",9,2,0
2020-06-17,"Virginia Beach",White,403,61,20
2020-06-17,"West Piedmont","Asian or Pacific Islander",9,1,1
2020-06-17,"West Piedmont",Black,74,17,1
2020-06-17,"West Piedmont",Latino,107,5,0
2020-06-17,"West Piedmont","Native American",0,0,0
2020-06-17,"West Piedmont","Not Reported",33,0,0
2020-06-17,"West Piedmont","Other Race",1,0,0
2020-06-17,"West Piedmont","Two or more races",0,0,0
2020-06-17,"West Piedmont",White,125,9,3
2020-06-17,"Western Tidewater","Asian or Pacific Islander",5,1,0
2020-06-17,"Western Tidewater",Black,275,43,21
2020-06-17,"Western Tidewater",Latino,5,1,0
2020-06-17,"Western Tidewater","Native American",0,0,0
2020-06-17,"Western Tidewater","Not Reported",211,1,1
2020-06-17,"Western Tidewater","Other Race",15,0,0
2020-06-17,"Western Tidewater","Two or more races",2,0,0
2020-06-17,"Western Tidewater",White,191,32,24
2020-06-18,Alexandria,"Asian or Pacific Islander",75,7,1
2020-06-18,Alexandria,Black,318,61,12
2020-06-18,Alexandria,Latino,1212,103,6
2020-06-18,Alexandria,"Native American",3,0,0
2020-06-18,Alexandria,"Not Reported",124,6,1
2020-06-18,Alexandria,"Other Race",33,3,1
2020-06-18,Alexandria,"Two or more races",4,1,0
2020-06-18,Alexandria,White,417,48,27
2020-06-18,Alleghany,"Asian or Pacific Islander",3,0,0
2020-06-18,Alleghany,Black,9,1,1
2020-06-18,Alleghany,Latino,49,5,0
2020-06-18,Alleghany,"Not Reported",82,1,0
2020-06-18,Alleghany,"Other Race",1,0,0
2020-06-18,Alleghany,"Two or more races",0,0,0
2020-06-18,Alleghany,White,144,21,13
2020-06-18,"Alleghany and Roanoke","Native American",0,0,0
2020-06-18,Arlington,"Asian or Pacific Islander",118,22,12
2020-06-18,Arlington,Black,198,62,28
2020-06-18,Arlington,Latino,1161,198,20
2020-06-18,Arlington,"Native American",1,0,0
2020-06-18,Arlington,"Not Reported",145,9,3
2020-06-18,Arlington,"Other Race",45,7,3
2020-06-18,Arlington,"Two or more races",15,2,0
2020-06-18,Arlington,White,699,109,60
2020-06-18,"Central Shenandoah","Asian or Pacific Islander",17,2,0
2020-06-18,"Central Shenandoah",Black,79,4,2
2020-06-18,"Central Shenandoah",Latino,731,46,3
2020-06-18,"Central Shenandoah","Native American",1,1,0
2020-06-18,"Central Shenandoah","Not Reported",182,5,0
2020-06-18,"Central Shenandoah","Other Race",29,1,0
2020-06-18,"Central Shenandoah","Two or more races",8,1,0
2020-06-18,"Central Shenandoah",White,792,88,27
2020-06-18,"Central Virginia","Asian or Pacific Islander",0,0,0
2020-06-18,"Central Virginia",Black,22,2,1
2020-06-18,"Central Virginia",Latino,22,1,1
2020-06-18,"Central Virginia","Native American",0,0,0
2020-06-18,"Central Virginia","Not Reported",166,4,0
2020-06-18,"Central Virginia","Other Race",1,0,0
2020-06-18,"Central Virginia","Two or more races",0,0,0
2020-06-18,"Central Virginia",White,72,10,2
2020-06-18,Chesapeake,"Asian or Pacific Islander",20,3,2
2020-06-18,Chesapeake,Black,241,51,5
2020-06-18,Chesapeake,Latino,73,10,1
2020-06-18,Chesapeake,"Native American",8,0,0
2020-06-18,Chesapeake,"Not Reported",70,2,0
2020-06-18,Chesapeake,"Other Race",7,0,0
2020-06-18,Chesapeake,"Two or more races",6,0,0
2020-06-18,Chesapeake,White,272,39,8
2020-06-18,Chesterfield,"Asian or Pacific Islander",24,1,0
2020-06-18,Chesterfield,Black,335,48,11
2020-06-18,Chesterfield,Latino,508,22,1
2020-06-18,Chesterfield,"Native American",2,0,0
2020-06-18,Chesterfield,"Not Reported",1082,3,6
2020-06-18,Chesterfield,"Other Race",153,6,0
2020-06-18,Chesterfield,"Two or more races",3,0,0
2020-06-18,Chesterfield,White,442,48,39
2020-06-18,Chickahominy,"Asian or Pacific Islander",2,1,0
2020-06-18,Chickahominy,Black,98,31,9
2020-06-18,Chickahominy,Latino,37,3,0
2020-06-18,Chickahominy,"Native American",1,1,0
2020-06-18,Chickahominy,"Not Reported",177,4,1
2020-06-18,Chickahominy,"Other Race",9,3,0
2020-06-18,Chickahominy,"Two or more races",1,1,0
2020-06-18,Chickahominy,White,253,60,25
2020-06-18,Crater,"Asian or Pacific Islander",2,0,0
2020-06-18,Crater,Black,596,97,11
2020-06-18,Crater,Latino,96,2,2
2020-06-18,Crater,"Native American",2,0,0
2020-06-18,Crater,"Not Reported",340,4,2
2020-06-18,Crater,"Other Race",11,0,0
2020-06-18,Crater,"Two or more races",1,0,0
2020-06-18,Crater,White,231,23,6
2020-06-18,"Cumberland Plateau",Black,12,0,0
2020-06-18,"Cumberland Plateau",Latino,0,0,0
2020-06-18,"Cumberland Plateau","Not Reported",1,0,0
2020-06-18,"Cumberland Plateau","Other Race",0,0,0
2020-06-18,"Cumberland Plateau","Two or more races",0,0,0
2020-06-18,"Cumberland Plateau",White,24,2,0
2020-06-18,"Cumberland Plateau and Lenowisco","Asian or Pacific Islander",0,0,0
2020-06-18,"Cumberland Plateau, Lenowisco, and Mount Rogers","Native American",0,0,0
2020-06-18,"Eastern Shore",Black,757,81,25
2020-06-18,"Eastern Shore",Latino,223,7,3
2020-06-18,"Eastern Shore","Not Reported",115,0,0
2020-06-18,"Eastern Shore","Other Race",12,1,0
2020-06-18,"Eastern Shore","Two or more races",0,0,0
2020-06-18,"Eastern Shore",White,175,16,13
2020-06-18,"Eastern Shore and Three Rivers","Asian or Pacific Islander",7,1,0
2020-06-18,"Eastern Shore and Three Rivers","Native American",1,0,0
2020-06-18,Fairfax,"Asian or Pacific Islander",1019,190,52
2020-06-18,Fairfax,Black,760,162,36
2020-06-18,Fairfax,Latino,6733,698,55
2020-06-18,Fairfax,"Native American",18,1,1
2020-06-18,Fairfax,"Not Reported",2457,78,67
2020-06-18,Fairfax,"Other Race",473,55,13
2020-06-18,Fairfax,"Two or more races",14,2,0
2020-06-18,Fairfax,White,1860,361,220
2020-06-18,Hampton,"Asian or Pacific Islander",3,0,0
2020-06-18,Hampton,Black,127,27,5
2020-06-18,Hampton,Latino,31,2,0
2020-06-18,Hampton,"Native American",0,0,0
2020-06-18,Hampton,"Not Reported",38,0,0
2020-06-18,Hampton,"Other Race",4,2,0
2020-06-18,Hampton,"Two or more races",2,0,0
2020-06-18,Hampton,White,46,6,0
2020-06-18,Henrico,"Asian or Pacific Islander",104,5,2
2020-06-18,Henrico,Black,685,119,59
2020-06-18,Henrico,Latino,414,31,4
2020-06-18,Henrico,"Native American",7,0,0
2020-06-18,Henrico,"Not Reported",493,3,1
2020-06-18,Henrico,"Other Race",64,11,1
2020-06-18,Henrico,"Two or more races",5,0,0
2020-06-18,Henrico,White,570,72,72
2020-06-18,Lenowisco,Black,0,0,0
2020-06-18,Lenowisco,Latino,0,0,0
2020-06-18,Lenowisco,"Not Reported",7,1,1
2020-06-18,Lenowisco,"Other Race",1,0,0
2020-06-18,Lenowisco,"Two or more races",0,0,0
2020-06-18,Lenowisco,White,38,15,3
2020-06-18,"Lord Fairfax","Asian or Pacific Islander",5,0,0
2020-06-18,"Lord Fairfax",Black,56,5,1
2020-06-18,"Lord Fairfax",Latino,489,32,7
2020-06-18,"Lord Fairfax","Native American",1,0,0
2020-06-18,"Lord Fairfax","Not Reported",258,5,6
2020-06-18,"Lord Fairfax","Other Race",62,5,0
2020-06-18,"Lord Fairfax","Two or more races",10,0,0
2020-06-18,"Lord Fairfax",White,905,102,48
2020-06-18,Loudoun,"Asian or Pacific Islander",144,30,8
2020-06-18,Loudoun,Black,117,17,2
2020-06-18,Loudoun,Latino,850,94,7
2020-06-18,Loudoun,"Native American",1,0,0
2020-06-18,Loudoun,"Not Reported",1751,4,2
2020-06-18,Loudoun,"Other Race",109,4,2
2020-06-18,Loudoun,"Two or more races",10,0,0
2020-06-18,Loudoun,White,517,79,61
2020-06-18,"Mount Rogers","Asian or Pacific Islander",2,1,0
2020-06-18,"Mount Rogers",Black,19,4,1
2020-06-18,"Mount Rogers",Latino,142,0,0
2020-06-18,"Mount Rogers","Not Reported",36,0,1
2020-06-18,"Mount Rogers","Other Race",1,0,0
2020-06-18,"Mount Rogers","Two or more races",3,0,0
2020-06-18,"Mount Rogers",White,387,57,21
2020-06-18,"New River","Asian or Pacific Islander",1,0,0
2020-06-18,"New River",Black,7,1,0
2020-06-18,"New River",Latino,15,1,0
2020-06-18,"New River","Native American",0,0,0
2020-06-18,"New River","Not Reported",39,0,0
2020-06-18,"New River","Other Race",0,0,0
2020-06-18,"New River","Two or more races",0,0,0
2020-06-18,"New River",White,91,16,4
2020-06-18,Norfolk,"Asian or Pacific Islander",12,1,0
2020-06-18,Norfolk,Black,328,56,5
2020-06-18,Norfolk,Latino,132,13,0
2020-06-18,Norfolk,"Native American",0,0,0
2020-06-18,Norfolk,"Not Reported",114,0,0
2020-06-18,Norfolk,"Other Race",15,1,0
2020-06-18,Norfolk,"Two or more races",1,0,0
2020-06-18,Norfolk,White,102,17,2
2020-06-18,Peninsula,"Asian or Pacific Islander",7,2,1
2020-06-18,Peninsula,Black,203,34,10
2020-06-18,Peninsula,Latino,143,10,0
2020-06-18,Peninsula,"Native American",2,0,0
2020-06-18,Peninsula,"Not Reported",131,1,0
2020-06-18,Peninsula,"Other Race",12,1,0
2020-06-18,Peninsula,"Two or more races",7,2,0
2020-06-18,Peninsula,White,294,73,22
2020-06-18,Piedmont,"Asian or Pacific Islander",4,0,0
2020-06-18,Piedmont,Black,323,46,2
2020-06-18,Piedmont,Latino,39,0,1
2020-06-18,Piedmont,"Native American",1,0,0
2020-06-18,Piedmont,"Not Reported",294,9,2
2020-06-18,Piedmont,"Other Race",6,1,0
2020-06-18,Piedmont,"Two or more races",2,0,0
2020-06-18,Piedmont,White,270,22,2
2020-06-18,Pittsylvania-Danville,"Asian or Pacific Islander",0,0,0
2020-06-18,Pittsylvania-Danville,Black,50,11,0
2020-06-18,Pittsylvania-Danville,Latino,19,2,0
2020-06-18,Pittsylvania-Danville,"Not Reported",17,4,0
2020-06-18,Pittsylvania-Danville,"Other Race",0,0,0
2020-06-18,Pittsylvania-Danville,"Two or more races",0,0,0
2020-06-18,Pittsylvania-Danville,White,58,16,3
2020-06-18,"Pittsylvania-Danville and Southside","Native American",0,0,0
2020-06-18,Portsmouth,"Asian or Pacific Islander",3,2,0
2020-06-18,Portsmouth,Black,199,46,10
2020-06-18,Portsmouth,Latino,13,2,0
2020-06-18,Portsmouth,"Native American",1,0,0
2020-06-18,Portsmouth,"Not Reported",100,1,1
2020-06-18,Portsmouth,"Other Race",14,0,0
2020-06-18,Portsmouth,"Two or more races",2,1,0
2020-06-18,Portsmouth,White,70,8,2
2020-06-18,"Prince William","Asian or Pacific Islander",222,38,10
2020-06-18,"Prince William",Black,595,112,33
2020-06-18,"Prince William",Latino,3512,463,38
2020-06-18,"Prince William","Native American",10,1,0
2020-06-18,"Prince William","Not Reported",3159,16,0
2020-06-18,"Prince William","Other Race",196,11,0
2020-06-18,"Prince William","Two or more races",5,1,0
2020-06-18,"Prince William",White,715,115,66
2020-06-18,Rappahannock,"Asian or Pacific Islander",31,6,0
2020-06-18,Rappahannock,Black,236,37,4
2020-06-18,Rappahannock,Latino,751,68,3
2020-06-18,Rappahannock,"Native American",3,0,0
2020-06-18,Rappahannock,"Not Reported",682,24,0
2020-06-18,Rappahannock,"Other Race",35,3,0
2020-06-18,Rappahannock,"Two or more races",9,1,0
2020-06-18,Rappahannock,White,464,57,23
2020-06-18,"Rappahannock Rapidan","Asian or Pacific Islander",3,1,0
2020-06-18,"Rappahannock Rapidan",Black,72,14,4
2020-06-18,"Rappahannock Rapidan",Latino,623,46,5
2020-06-18,"Rappahannock Rapidan","Native American",0,0,0
2020-06-18,"Rappahannock Rapidan","Not Reported",428,14,2
2020-06-18,"Rappahannock Rapidan","Other Race",14,2,0
2020-06-18,"Rappahannock Rapidan","Two or more races",1,0,0
2020-06-18,"Rappahannock Rapidan",White,242,26,7
2020-06-18,Richmond,"Asian or Pacific Islander",6,2,0
2020-06-18,Richmond,Black,505,106,22
2020-06-18,Richmond,Latino,665,60,1
2020-06-18,Richmond,"Native American",0,0,0
2020-06-18,Richmond,"Not Reported",450,2,0
2020-06-18,Richmond,"Other Race",101,10,2
2020-06-18,Richmond,"Two or more races",4,1,0
2020-06-18,Richmond,White,164,17,4
2020-06-18,Roanoke,"Asian or Pacific Islander",1,0,0
2020-06-18,Roanoke,Black,28,7,2
2020-06-18,Roanoke,Latino,97,1,0
2020-06-18,Roanoke,"Not Reported",83,0,0
2020-06-18,Roanoke,"Other Race",0,0,0
2020-06-18,Roanoke,"Two or more races",0,0,0
2020-06-18,Roanoke,White,68,4,8
2020-06-18,Southside,"Asian or Pacific Islander",1,0,0
2020-06-18,Southside,Black,84,18,7
2020-06-18,Southside,Latino,2,1,0
2020-06-18,Southside,"Not Reported",147,13,7
2020-06-18,Southside,"Other Race",6,0,1
2020-06-18,Southside,"Two or more races",20,0,0
2020-06-18,Southside,White,84,14,11
2020-06-18,"Thomas Jefferson","Asian or Pacific Islander",8,0,0
2020-06-18,"Thomas Jefferson",Black,132,41,5
2020-06-18,"Thomas Jefferson",Latino,199,6,0
2020-06-18,"Thomas Jefferson","Native American",2,0,0
2020-06-18,"Thomas Jefferson","Not Reported",85,0,0
2020-06-18,"Thomas Jefferson","Other Race",25,2,1
2020-06-18,"Thomas Jefferson","Two or more races",3,0,0
2020-06-18,"Thomas Jefferson",White,283,32,13
2020-06-18,"Three Rivers",Black,177,16,3
2020-06-18,"Three Rivers",Latino,71,3,0
2020-06-18,"Three Rivers","Not Reported",121,3,0
2020-06-18,"Three Rivers","Other Race",6,1,0
2020-06-18,"Three Rivers","Two or more races",3,0,0
2020-06-18,"Three Rivers",White,207,22,6
2020-06-18,"Virginia Beach","Asian or Pacific Islander",51,12,1
2020-06-18,"Virginia Beach",Black,234,23,4
2020-06-18,"Virginia Beach",Latino,101,8,1
2020-06-18,"Virginia Beach","Native American",0,0,0
2020-06-18,"Virginia Beach","Not Reported",121,4,1
2020-06-18,"Virginia Beach","Other Race",14,2,1
2020-06-18,"Virginia Beach","Two or more races",10,2,0
2020-06-18,"Virginia Beach",White,405,61,19
2020-06-18,"West Piedmont","Asian or Pacific Islander",9,1,1
2020-06-18,"West Piedmont",Black,76,18,1
2020-06-18,"West Piedmont",Latino,109,6,0
2020-06-18,"West Piedmont","Native American",0,0,0
2020-06-18,"West Piedmont","Not Reported",31,0,0
2020-06-18,"West Piedmont","Other Race",1,0,0
2020-06-18,"West Piedmont","Two or more races",0,0,0
2020-06-18,"West Piedmont",White,128,9,3
2020-06-18,"Western Tidewater","Asian or Pacific Islander",5,1,0
2020-06-18,"Western Tidewater",Black,276,43,21
2020-06-18,"Western Tidewater",Latino,5,1,0
2020-06-18,"Western Tidewater","Native American",0,0,0
2020-06-18,"Western Tidewater","Not Reported",210,1,1
2020-06-18,"Western Tidewater","Other Race",16,0,0
2020-06-18,"Western Tidewater","Two or more races",2,0,0
2020-06-18,"Western Tidewater",White,191,32,24
2020-06-19,Alexandria,"Asian or Pacific Islander",77,7,1
2020-06-19,Alexandria,Black,319,61,12
2020-06-19,Alexandria,Latino,1218,103,7
2020-06-19,Alexandria,"Native American",3,0,0
2020-06-19,Alexandria,"Not Reported",125,6,0
2020-06-19,Alexandria,"Other Race",34,3,1
2020-06-19,Alexandria,"Two or more races",4,1,0
2020-06-19,Alexandria,White,418,49,27
2020-06-19,Alleghany,"Asian or Pacific Islander",3,0,0
2020-06-19,Alleghany,Black,10,1,1
2020-06-19,Alleghany,Latino,52,5,0
2020-06-19,Alleghany,"Not Reported",90,1,0
2020-06-19,Alleghany,"Other Race",1,0,0
2020-06-19,Alleghany,"Two or more races",0,0,0
2020-06-19,Alleghany,White,149,21,13
2020-06-19,"Alleghany and Roanoke","Native American",0,0,0
2020-06-19,Arlington,"Asian or Pacific Islander",118,22,12
2020-06-19,Arlington,Black,199,63,29
2020-06-19,Arlington,Latino,1173,198,21
2020-06-19,Arlington,"Native American",1,0,0
2020-06-19,Arlington,"Not Reported",146,9,3
2020-06-19,Arlington,"Other Race",44,6,2
2020-06-19,Arlington,"Two or more races",15,2,0
2020-06-19,Arlington,White,700,109,59
2020-06-19,"Central Shenandoah","Asian or Pacific Islander",17,2,0
2020-06-19,"Central Shenandoah",Black,82,4,2
2020-06-19,"Central Shenandoah",Latino,734,46,3
2020-06-19,"Central Shenandoah","Native American",1,1,0
2020-06-19,"Central Shenandoah","Not Reported",170,5,0
2020-06-19,"Central Shenandoah","Other Race",29,1,0
2020-06-19,"Central Shenandoah","Two or more races",8,1,0
2020-06-19,"Central Shenandoah",White,809,88,27
2020-06-19,"Central Virginia","Asian or Pacific Islander",0,0,0
2020-06-19,"Central Virginia",Black,22,2,1
2020-06-19,"Central Virginia",Latino,22,1,1
2020-06-19,"Central Virginia","Native American",0,0,0
2020-06-19,"Central Virginia","Not Reported",176,4,0
2020-06-19,"Central Virginia","Other Race",1,0,0
2020-06-19,"Central Virginia","Two or more races",0,0,0
2020-06-19,"Central Virginia",White,72,10,2
2020-06-19,Chesapeake,"Asian or Pacific Islander",21,3,2
2020-06-19,Chesapeake,Black,245,51,5
2020-06-19,Chesapeake,Latino,73,10,1
2020-06-19,Chesapeake,"Native American",8,0,0
2020-06-19,Chesapeake,"Not Reported",76,2,0
2020-06-19,Chesapeake,"Other Race",7,0,0
2020-06-19,Chesapeake,"Two or more races",6,0,0
2020-06-19,Chesapeake,White,273,39,8
2020-06-19,Chesterfield,"Asian or Pacific Islander",24,1,0
2020-06-19,Chesterfield,Black,351,49,13
2020-06-19,Chesterfield,Latino,518,22,1
2020-06-19,Chesterfield,"Native American",3,0,0
2020-06-19,Chesterfield,"Not Reported",1125,3,11
2020-06-19,Chesterfield,"Other Race",160,6,0
2020-06-19,Chesterfield,"Two or more races",4,0,0
2020-06-19,Chesterfield,White,456,49,40
2020-06-19,Chickahominy,"Asian or Pacific Islander",2,1,0
2020-06-19,Chickahominy,Black,100,31,9
2020-06-19,Chickahominy,Latino,39,3,0
2020-06-19,Chickahominy,"Native American",1,1,0
2020-06-19,Chickahominy,"Not Reported",180,4,1
2020-06-19,Chickahominy,"Other Race",9,3,0
2020-06-19,Chickahominy,"Two or more races",1,1,0
2020-06-19,Chickahominy,White,253,59,24
2020-06-19,Crater,"Asian or Pacific Islander",3,0,0
2020-06-19,Crater,Black,609,97,11
2020-06-19,Crater,Latino,96,2,2
2020-06-19,Crater,"Native American",2,0,0
2020-06-19,Crater,"Not Reported",342,4,2
2020-06-19,Crater,"Other Race",11,0,0
2020-06-19,Crater,"Two or more races",1,0,0
2020-06-19,Crater,White,235,23,6
2020-06-19,"Cumberland Plateau",Black,12,0,0
2020-06-19,"Cumberland Plateau",Latino,0,0,0
2020-06-19,"Cumberland Plateau","Not Reported",1,0,0
2020-06-19,"Cumberland Plateau","Other Race",0,0,0
2020-06-19,"Cumberland Plateau","Two or more races",0,0,0
2020-06-19,"Cumberland Plateau",White,24,2,0
2020-06-19,"Cumberland Plateau and Lenowisco","Asian or Pacific Islander",0,0,0
2020-06-19,"Cumberland Plateau, Lenowisco, and Mount Rogers","Native American",0,0,0
2020-06-19,"Eastern Shore",Black,759,82,25
2020-06-19,"Eastern Shore",Latino,224,7,3
2020-06-19,"Eastern Shore","Not Reported",116,0,0
2020-06-19,"Eastern Shore","Other Race",12,1,0
2020-06-19,"Eastern Shore","Two or more races",0,0,0
2020-06-19,"Eastern Shore",White,175,16,13
2020-06-19,"Eastern Shore and Three Rivers","Asian or Pacific Islander",7,1,0
2020-06-19,"Eastern Shore and Three Rivers","Native American",1,0,0
2020-06-19,Fairfax,"Asian or Pacific Islander",1026,194,52
2020-06-19,Fairfax,Black,763,165,38
2020-06-19,Fairfax,Latino,6751,706,56
2020-06-19,Fairfax,"Native American",18,1,1
2020-06-19,Fairfax,"Not Reported",2446,78,60
2020-06-19,Fairfax,"Other Race",475,55,11
2020-06-19,Fairfax,"Two or more races",14,2,0
2020-06-19,Fairfax,White,1876,364,227
2020-06-19,Hampton,"Asian or Pacific Islander",3,0,0
2020-06-19,Hampton,Black,128,27,5
2020-06-19,Hampton,Latino,31,2,0
2020-06-19,Hampton,"Native American",0,0,0
2020-06-19,Hampton,"Not Reported",38,0,0
2020-06-19,Hampton,"Other Race",4,2,0
2020-06-19,Hampton,"Two or more races",2,0,0
2020-06-19,Hampton,White,46,6,0
2020-06-19,Henrico,"Asian or Pacific Islander",107,5,3
2020-06-19,Henrico,Black,691,119,59
2020-06-19,Henrico,Latino,435,32,3
2020-06-19,Henrico,"Native American",7,0,0
2020-06-19,Henrico,"Not Reported",484,3,1
2020-06-19,Henrico,"Other Race",67,11,1
2020-06-19,Henrico,"Two or more races",5,0,0
2020-06-19,Henrico,White,572,71,71
2020-06-19,Lenowisco,Black,0,0,0
2020-06-19,Lenowisco,Latino,0,0,0
2020-06-19,Lenowisco,"Not Reported",7,1,1
2020-06-19,Lenowisco,"Other Race",1,0,0
2020-06-19,Lenowisco,"Two or more races",0,0,0
2020-06-19,Lenowisco,White,38,15,3
2020-06-19,"Lord Fairfax","Asian or Pacific Islander",5,0,0
2020-06-19,"Lord Fairfax",Black,56,5,1
2020-06-19,"Lord Fairfax",Latino,493,35,8
2020-06-19,"Lord Fairfax","Native American",1,0,0
2020-06-19,"Lord Fairfax","Not Reported",251,5,6
2020-06-19,"Lord Fairfax","Other Race",62,5,0
2020-06-19,"Lord Fairfax","Two or more races",10,0,0
2020-06-19,"Lord Fairfax",White,920,105,47
2020-06-19,Loudoun,"Asian or Pacific Islander",146,30,8
2020-06-19,Loudoun,Black,117,17,2
2020-06-19,Loudoun,Latino,854,98,7
2020-06-19,Loudoun,"Native American",1,0,0
2020-06-19,Loudoun,"Not Reported",1748,3,2
2020-06-19,Loudoun,"Other Race",109,4,2
2020-06-19,Loudoun,"Two or more races",10,0,0
2020-06-19,Loudoun,White,519,80,61
2020-06-19,"Mount Rogers","Asian or Pacific Islander",2,1,0
2020-06-19,"Mount Rogers",Black,21,4,1
2020-06-19,"Mount Rogers",Latino,149,1,0
2020-06-19,"Mount Rogers","Not Reported",36,0,1
2020-06-19,"Mount Rogers","Other Race",2,0,0
2020-06-19,"Mount Rogers","Two or more races",3,0,0
2020-06-19,"Mount Rogers",White,400,57,21
2020-06-19,"New River","Asian or Pacific Islander",1,0,0
2020-06-19,"New River",Black,7,1,0
2020-06-19,"New River",Latino,15,1,0
2020-06-19,"New River","Native American",0,0,0
2020-06-19,"New River","Not Reported",39,0,0
2020-06-19,"New River","Other Race",0,0,0
2020-06-19,"New River","Two or more races",0,0,0
2020-06-19,"New River",White,91,16,4
2020-06-19,Norfolk,"Asian or Pacific Islander",12,1,0
2020-06-19,Norfolk,Black,331,56,5
2020-06-19,Norfolk,Latino,132,14,0
2020-06-19,Norfolk,"Native American",0,0,0
2020-06-19,Norfolk,"Not Reported",111,0,0
2020-06-19,Norfolk,"Other Race",15,1,0
2020-06-19,Norfolk,"Two or more races",1,0,0
2020-06-19,Norfolk,White,105,17,2
2020-06-19,Peninsula,"Asian or Pacific Islander",7,2,1
2020-06-19,Peninsula,Black,206,34,10
2020-06-19,Peninsula,Latino,144,10,0
2020-06-19,Peninsula,"Native American",2,0,0
2020-06-19,Peninsula,"Not Reported",135,1,0
2020-06-19,Peninsula,"Other Race",12,1,0
2020-06-19,Peninsula,"Two or more races",7,2,0
2020-06-19,Peninsula,White,298,74,22
2020-06-19,Piedmont,"Asian or Pacific Islander",4,0,0
2020-06-19,Piedmont,Black,330,47,2
2020-06-19,Piedmont,Latino,39,0,1
2020-06-19,Piedmont,"Native American",1,0,0
2020-06-19,Piedmont,"Not Reported",293,9,2
2020-06-19,Piedmont,"Other Race",6,1,0
2020-06-19,Piedmont,"Two or more races",2,0,0
2020-06-19,Piedmont,White,272,22,2
2020-06-19,Pittsylvania-Danville,"Asian or Pacific Islander",0,0,0
2020-06-19,Pittsylvania-Danville,Black,50,11,0
2020-06-19,Pittsylvania-Danville,Latino,19,2,0
2020-06-19,Pittsylvania-Danville,"Not Reported",16,4,0
2020-06-19,Pittsylvania-Danville,"Other Race",0,0,0
2020-06-19,Pittsylvania-Danville,"Two or more races",0,0,0
2020-06-19,Pittsylvania-Danville,White,59,16,3
2020-06-19,"Pittsylvania-Danville and Southside","Native American",0,0,0
2020-06-19,Portsmouth,"Asian or Pacific Islander",3,2,0
2020-06-19,Portsmouth,Black,201,46,10
2020-06-19,Portsmouth,Latino,13,2,0
2020-06-19,Portsmouth,"Native American",1,0,0
2020-06-19,Portsmouth,"Not Reported",101,1,1
2020-06-19,Portsmouth,"Other Race",14,0,0
2020-06-19,Portsmouth,"Two or more races",2,1,0
2020-06-19,Portsmouth,White,70,8,2
2020-06-19,"Prince William","Asian or Pacific Islander",224,38,10
2020-06-19,"Prince William",Black,594,112,33
2020-06-19,"Prince William",Latino,3544,467,41
2020-06-19,"Prince William","Native American",10,1,0
2020-06-19,"Prince William","Not Reported",3175,16,0
2020-06-19,"Prince William","Other Race",240,11,0
2020-06-19,"Prince William","Two or more races",6,1,0
2020-06-19,"Prince William",White,717,116,68
2020-06-19,Rappahannock,"Asian or Pacific Islander",32,6,0
2020-06-19,Rappahannock,Black,237,38,5
2020-06-19,Rappahannock,Latino,760,72,4
2020-06-19,Rappahannock,"Native American",3,0,0
2020-06-19,Rappahannock,"Not Reported",684,25,0
2020-06-19,Rappahannock,"Other Race",33,3,0
2020-06-19,Rappahannock,"Two or more races",9,1,0
2020-06-19,Rappahannock,White,472,57,23
2020-06-19,"Rappahannock Rapidan","Asian or Pacific Islander",3,1,0
2020-06-19,"Rappahannock Rapidan",Black,72,14,4
2020-06-19,"Rappahannock Rapidan",Latino,624,46,5
2020-06-19,"Rappahannock Rapidan","Native American",0,0,0
2020-06-19,"Rappahannock Rapidan","Not Reported",428,14,2
2020-06-19,"Rappahannock Rapidan","Other Race",14,2,0
2020-06-19,"Rappahannock Rapidan","Two or more races",1,0,0
2020-06-19,"Rappahannock Rapidan",White,245,26,7
2020-06-19,Richmond,"Asian or Pacific Islander",6,2,0
2020-06-19,Richmond,Black,509,107,22
2020-06-19,Richmond,Latino,687,61,1
2020-06-19,Richmond,"Native American",0,0,0
2020-06-19,Richmond,"Not Reported",452,2,0
2020-06-19,Richmond,"Other Race",104,10,2
2020-06-19,Richmond,"Two or more races",4,1,0
2020-06-19,Richmond,White,167,17,4
2020-06-19,Roanoke,"Asian or Pacific Islander",1,0,0
2020-06-19,Roanoke,Black,28,7,2
2020-06-19,Roanoke,Latino,100,1,0
2020-06-19,Roanoke,"Not Reported",93,0,0
2020-06-19,Roanoke,"Other Race",0,0,0
2020-06-19,Roanoke,"Two or more races",0,0,0
2020-06-19,Roanoke,White,69,4,8
2020-06-19,Southside,"Asian or Pacific Islander",1,0,0
2020-06-19,Southside,Black,95,18,7
2020-06-19,Southside,Latino,2,1,0
2020-06-19,Southside,"Not Reported",152,14,7
2020-06-19,Southside,"Other Race",6,0,1
2020-06-19,Southside,"Two or more races",20,0,0
2020-06-19,Southside,White,87,14,11
2020-06-19,"Thomas Jefferson","Asian or Pacific Islander",8,0,0
2020-06-19,"Thomas Jefferson",Black,133,40,4
2020-06-19,"Thomas Jefferson",Latino,201,6,0
2020-06-19,"Thomas Jefferson","Native American",2,0,0
2020-06-19,"Thomas Jefferson","Not Reported",82,0,0
2020-06-19,"Thomas Jefferson","Other Race",25,3,1
2020-06-19,"Thomas Jefferson","Two or more races",3,0,0
2020-06-19,"Thomas Jefferson",White,285,32,14
2020-06-19,"Three Rivers",Black,179,17,4
2020-06-19,"Three Rivers",Latino,75,3,0
2020-06-19,"Three Rivers","Not Reported",120,3,0
2020-06-19,"Three Rivers","Other Race",5,1,0
2020-06-19,"Three Rivers","Two or more races",3,0,0
2020-06-19,"Three Rivers",White,211,23,7
2020-06-19,"Virginia Beach","Asian or Pacific Islander",51,12,1
2020-06-19,"Virginia Beach",Black,238,23,4
2020-06-19,"Virginia Beach",Latino,102,8,1
2020-06-19,"Virginia Beach","Native American",0,0,0
2020-06-19,"Virginia Beach","Not Reported",129,4,1
2020-06-19,"Virginia Beach","Other Race",14,2,1
2020-06-19,"Virginia Beach","Two or more races",10,2,0
2020-06-19,"Virginia Beach",White,406,61,19
2020-06-19,"West Piedmont","Asian or Pacific Islander",9,1,1
2020-06-19,"West Piedmont",Black,77,19,1
2020-06-19,"West Piedmont",Latino,113,6,0
2020-06-19,"West Piedmont","Native American",0,0,0
2020-06-19,"West Piedmont","Not Reported",36,1,0
2020-06-19,"West Piedmont","Other Race",1,0,0
2020-06-19,"West Piedmont","Two or more races",0,0,0
2020-06-19,"West Piedmont",White,131,9,3
2020-06-19,"Western Tidewater","Asian or Pacific Islander",5,1,0
2020-06-19,"Western Tidewater",Black,275,42,20
2020-06-19,"Western Tidewater",Latino,5,1,0
2020-06-19,"Western Tidewater","Native American",0,0,0
2020-06-19,"Western Tidewater","Not Reported",214,1,0
2020-06-19,"Western Tidewater","Other Race",16,0,0
2020-06-19,"Western Tidewater","Two or more races",2,0,0
2020-06-19,"Western Tidewater",White,193,33,26
2020-06-20,Alexandria,"Asian or Pacific Islander",77,7,1
2020-06-20,Alexandria,Black,321,61,12
2020-06-20,Alexandria,Latino,1223,104,7
2020-06-20,Alexandria,"Native American",3,0,0
2020-06-20,Alexandria,"Not Reported",126,6,0
2020-06-20,Alexandria,"Other Race",39,3,1
2020-06-20,Alexandria,"Two or more races",4,1,0
2020-06-20,Alexandria,White,424,49,28
2020-06-20,Alleghany,"Asian or Pacific Islander",3,0,0
2020-06-20,Alleghany,Black,10,1,1
2020-06-20,Alleghany,Latino,53,5,0
2020-06-20,Alleghany,"Not Reported",95,1,0
2020-06-20,Alleghany,"Other Race",1,0,0
2020-06-20,Alleghany,"Two or more races",0,0,0
2020-06-20,Alleghany,White,157,23,13
2020-06-20,"Alleghany and Roanoke","Native American",0,0,0
2020-06-20,Arlington,"Asian or Pacific Islander",118,22,12
2020-06-20,Arlington,Black,199,63,29
2020-06-20,Arlington,Latino,1180,198,21
2020-06-20,Arlington,"Native American",2,0,0
2020-06-20,Arlington,"Not Reported",145,9,3
2020-06-20,Arlington,"Other Race",44,6,2
2020-06-20,Arlington,"Two or more races",16,2,0
2020-06-20,Arlington,White,701,111,59
2020-06-20,"Central Shenandoah","Asian or Pacific Islander",17,2,0
2020-06-20,"Central Shenandoah",Black,82,4,2
2020-06-20,"Central Shenandoah",Latino,740,46,3
2020-06-20,"Central Shenandoah","Native American",1,1,0
2020-06-20,"Central Shenandoah","Not Reported",178,5,0
2020-06-20,"Central Shenandoah","Other Race",30,1,0
2020-06-20,"Central Shenandoah","Two or more races",8,1,0
2020-06-20,"Central Shenandoah",White,814,88,27
2020-06-20,"Central Virginia","Asian or Pacific Islander",0,0,0
2020-06-20,"Central Virginia",Black,23,2,1
2020-06-20,"Central Virginia",Latino,22,1,1
2020-06-20,"Central Virginia","Native American",0,0,0
2020-06-20,"Central Virginia","Not Reported",183,4,0
2020-06-20,"Central Virginia","Other Race",1,0,0
2020-06-20,"Central Virginia","Two or more races",0,0,0
2020-06-20,"Central Virginia",White,74,10,2
2020-06-20,Chesapeake,"Asian or Pacific Islander",21,3,2
2020-06-20,Chesapeake,Black,255,51,5
2020-06-20,Chesapeake,Latino,75,10,1
2020-06-20,Chesapeake,"Native American",8,0,0
2020-06-20,Chesapeake,"Not Reported",75,2,0
2020-06-20,Chesapeake,"Other Race",7,0,0
2020-06-20,Chesapeake,"Two or more races",6,0,0
2020-06-20,Chesapeake,White,274,39,8
2020-06-20,Chesterfield,"Asian or Pacific Islander",25,1,0
2020-06-20,Chesterfield,Black,359,49,13
2020-06-20,Chesterfield,Latino,542,22,1
2020-06-20,Chesterfield,"Native American",3,0,0
2020-06-20,Chesterfield,"Not Reported",1172,3,11
2020-06-20,Chesterfield,"Other Race",166,6,0
2020-06-20,Chesterfield,"Two or more races",4,0,0
2020-06-20,Chesterfield,White,462,49,40
2020-06-20,Chickahominy,"Asian or Pacific Islander",2,1,0
2020-06-20,Chickahominy,Black,104,31,9
2020-06-20,Chickahominy,Latino,39,3,0
2020-06-20,Chickahominy,"Native American",1,1,0
2020-06-20,Chickahominy,"Not Reported",184,4,1
2020-06-20,Chickahominy,"Other Race",9,3,0
2020-06-20,Chickahominy,"Two or more races",1,1,0
2020-06-20,Chickahominy,White,257,59,24
2020-06-20,Crater,"Asian or Pacific Islander",3,0,0
2020-06-20,Crater,Black,617,97,11
2020-06-20,Crater,Latino,98,2,2
2020-06-20,Crater,"Native American",2,0,0
2020-06-20,Crater,"Not Reported",340,4,2
2020-06-20,Crater,"Other Race",11,0,0
2020-06-20,Crater,"Two or more races",1,0,0
2020-06-20,Crater,White,242,23,6
2020-06-20,"Cumberland Plateau",Black,12,0,0
2020-06-20,"Cumberland Plateau",Latino,0,0,0
2020-06-20,"Cumberland Plateau","Not Reported",1,0,0
2020-06-20,"Cumberland Plateau","Other Race",0,0,0
2020-06-20,"Cumberland Plateau","Two or more races",0,0,0
2020-06-20,"Cumberland Plateau",White,24,2,0
2020-06-20,"Cumberland Plateau and Lenowisco","Asian or Pacific Islander",0,0,0
2020-06-20,"Cumberland Plateau, Lenowisco, and Mount Rogers","Native American",0,0,0
2020-06-20,"Eastern Shore",Black,760,82,25
2020-06-20,"Eastern Shore",Latino,225,7,3
2020-06-20,"Eastern Shore","Not Reported",116,0,0
2020-06-20,"Eastern Shore","Other Race",12,1,0
2020-06-20,"Eastern Shore","Two or more races",0,0,0
2020-06-20,"Eastern Shore",White,176,16,13
2020-06-20,"Eastern Shore and Three Rivers","Asian or Pacific Islander",7,1,0
2020-06-20,"Eastern Shore and Three Rivers","Native American",1,0,0
2020-06-20,Fairfax,"Asian or Pacific Islander",1030,194,52
2020-06-20,Fairfax,Black,767,165,38
2020-06-20,Fairfax,Latino,6781,707,58
2020-06-20,Fairfax,"Native American",18,1,1
2020-06-20,Fairfax,"Not Reported",2469,78,60
2020-06-20,Fairfax,"Other Race",500,55,11
2020-06-20,Fairfax,"Two or more races",14,2,0
2020-06-20,Fairfax,White,1889,364,228
2020-06-20,Hampton,"Asian or Pacific Islander",3,0,0
2020-06-20,Hampton,Black,128,27,5
2020-06-20,Hampton,Latino,31,2,0
2020-06-20,Hampton,"Native American",0,0,0
2020-06-20,Hampton,"Not Reported",43,0,0
2020-06-20,Hampton,"Other Race",5,2,0
2020-06-20,Hampton,"Two or more races",2,0,0
2020-06-20,Hampton,White,46,6,0
2020-06-20,Henrico,"Asian or Pacific Islander",107,5,3
2020-06-20,Henrico,Black,692,119,59
2020-06-20,Henrico,Latino,440,32,3
2020-06-20,Henrico,"Native American",7,0,0
2020-06-20,Henrico,"Not Reported",493,3,1
2020-06-20,Henrico,"Other Race",67,11,1
2020-06-20,Henrico,"Two or more races",5,0,0
2020-06-20,Henrico,White,572,71,71
2020-06-20,Lenowisco,Black,0,0,0
2020-06-20,Lenowisco,Latino,0,0,0
2020-06-20,Lenowisco,"Not Reported",7,1,1
2020-06-20,Lenowisco,"Other Race",1,0,0
2020-06-20,Lenowisco,"Two or more races",0,0,0
2020-06-20,Lenowisco,White,38,15,3
2020-06-20,"Lord Fairfax","Asian or Pacific Islander",5,0,0
2020-06-20,"Lord Fairfax",Black,56,5,1
2020-06-20,"Lord Fairfax",Latino,493,35,8
2020-06-20,"Lord Fairfax","Native American",1,0,0
2020-06-20,"Lord Fairfax","Not Reported",254,5,6
2020-06-20,"Lord Fairfax","Other Race",62,5,0
2020-06-20,"Lord Fairfax","Two or more races",10,0,0
2020-06-20,"Lord Fairfax",White,924,105,47
2020-06-20,Loudoun,"Asian or Pacific Islander",146,30,8
2020-06-20,Loudoun,Black,117,17,2
2020-06-20,Loudoun,Latino,856,98,7
2020-06-20,Loudoun,"Native American",1,0,0
2020-06-20,Loudoun,"Not Reported",1784,3,2
2020-06-20,Loudoun,"Other Race",110,4,2
2020-06-20,Loudoun,"Two or more races",10,0,0
2020-06-20,Loudoun,White,519,80,61
2020-06-20,"Mount Rogers","Asian or Pacific Islander",2,1,0
2020-06-20,"Mount Rogers",Black,21,4,1
2020-06-20,"Mount Rogers",Latino,151,1,0
2020-06-20,"Mount Rogers","Not Reported",38,0,1
2020-06-20,"Mount Rogers","Other Race",2,0,0
2020-06-20,"Mount Rogers","Two or more races",3,0,0
2020-06-20,"Mount Rogers",White,409,57,21
2020-06-20,"New River","Asian or Pacific Islander",1,0,0
2020-06-20,"New River",Black,9,2,0
2020-06-20,"New River",Latino,16,1,0
2020-06-20,"New River","Native American",0,0,0
2020-06-20,"New River","Not Reported",39,0,0
2020-06-20,"New River","Other Race",0,0,0
2020-06-20,"New River","Two or more races",0,0,0
2020-06-20,"New River",White,104,16,4
2020-06-20,Norfolk,"Asian or Pacific Islander",12,1,0
2020-06-20,Norfolk,Black,339,57,5
2020-06-20,Norfolk,Latino,133,14,0
2020-06-20,Norfolk,"Native American",0,0,0
2020-06-20,Norfolk,"Not Reported",113,0,0
2020-06-20,Norfolk,"Other Race",16,1,0
2020-06-20,Norfolk,"Two or more races",1,0,0
2020-06-20,Norfolk,White,109,17,2
2020-06-20,Peninsula,"Asian or Pacific Islander",7,2,1
2020-06-20,Peninsula,Black,210,34,10
2020-06-20,Peninsula,Latino,147,10,0
2020-06-20,Peninsula,"Native American",2,0,0
2020-06-20,Peninsula,"Not Reported",145,1,0
2020-06-20,Peninsula,"Other Race",16,1,0
2020-06-20,Peninsula,"Two or more races",7,2,0
2020-06-20,Peninsula,White,301,74,22
2020-06-20,Piedmont,"Asian or Pacific Islander",4,0,0
2020-06-20,Piedmont,Black,330,47,2
2020-06-20,Piedmont,Latino,39,0,1
2020-06-20,Piedmont,"Native American",1,0,0
2020-06-20,Piedmont,"Not Reported",294,9,2
2020-06-20,Piedmont,"Other Race",6,1,0
2020-06-20,Piedmont,"Two or more races",2,0,0
2020-06-20,Piedmont,White,272,22,2
2020-06-20,Pittsylvania-Danville,"Asian or Pacific Islander",0,0,0
2020-06-20,Pittsylvania-Danville,Black,51,11,0
2020-06-20,Pittsylvania-Danville,Latino,23,2,0
2020-06-20,Pittsylvania-Danville,"Not Reported",19,4,0
2020-06-20,Pittsylvania-Danville,"Other Race",0,0,0
2020-06-20,Pittsylvania-Danville,"Two or more races",0,0,0
2020-06-20,Pittsylvania-Danville,White,61,16,3
2020-06-20,"Pittsylvania-Danville and Southside","Native American",0,0,0
2020-06-20,Portsmouth,"Asian or Pacific Islander",3,2,0
2020-06-20,Portsmouth,Black,201,46,10
2020-06-20,Portsmouth,Latino,13,2,0
2020-06-20,Portsmouth,"Native American",1,0,0
2020-06-20,Portsmouth,"Not Reported",101,1,1
2020-06-20,Portsmouth,"Other Race",14,0,0
2020-06-20,Portsmouth,"Two or more races",2,1,0
2020-06-20,Portsmouth,White,70,8,2
2020-06-20,"Prince William","Asian or Pacific Islander",226,38,10
2020-06-20,"Prince William",Black,599,112,33
2020-06-20,"Prince William",Latino,3561,466,41
2020-06-20,"Prince William","Native American",11,1,0
2020-06-20,"Prince William","Not Reported",3211,16,0
2020-06-20,"Prince William","Other Race",230,11,0
2020-06-20,"Prince William","Two or more races",5,1,0
2020-06-20,"Prince William",White,724,116,68
2020-06-20,Rappahannock,"Asian or Pacific Islander",33,7,0
2020-06-20,Rappahannock,Black,241,38,5
2020-06-20,Rappahannock,Latino,767,73,4
2020-06-20,Rappahannock,"Native American",3,0,0
2020-06-20,Rappahannock,"Not Reported",690,24,0
2020-06-20,Rappahannock,"Other Race",33,3,0
2020-06-20,Rappahannock,"Two or more races",9,1,0
2020-06-20,Rappahannock,White,479,58,24
2020-06-20,"Rappahannock Rapidan","Asian or Pacific Islander",3,1,0
2020-06-20,"Rappahannock Rapidan",Black,73,14,4
2020-06-20,"Rappahannock Rapidan",Latino,625,46,5
2020-06-20,"Rappahannock Rapidan","Native American",0,0,0
2020-06-20,"Rappahannock Rapidan","Not Reported",428,14,2
2020-06-20,"Rappahannock Rapidan","Other Race",14,2,0
2020-06-20,"Rappahannock Rapidan","Two or more races",2,0,0
2020-06-20,"Rappahannock Rapidan",White,248,26,7
2020-06-20,Richmond,"Asian or Pacific Islander",6,2,0
2020-06-20,Richmond,Black,513,107,22
2020-06-20,Richmond,Latino,701,61,1
2020-06-20,Richmond,"Native American",0,0,0
2020-06-20,Richmond,"Not Reported",463,2,0
2020-06-20,Richmond,"Other Race",103,9,2
2020-06-20,Richmond,"Two or more races",4,1,0
2020-06-20,Richmond,White,170,17,4
2020-06-20,Roanoke,"Asian or Pacific Islander",1,0,0
2020-06-20,Roanoke,Black,31,7,2
2020-06-20,Roanoke,Latino,107,1,0
2020-06-20,Roanoke,"Not Reported",97,0,0
2020-06-20,Roanoke,"Other Race",1,0,0
2020-06-20,Roanoke,"Two or more races",0,0,0
2020-06-20,Roanoke,White,71,5,8
2020-06-20,Southside,"Asian or Pacific Islander",1,0,0
2020-06-20,Southside,Black,95,18,7
2020-06-20,Southside,Latino,2,1,0
2020-06-20,Southside,"Not Reported",152,14,7
2020-06-20,Southside,"Other Race",6,0,1
2020-06-20,Southside,"Two or more races",20,0,0
2020-06-20,Southside,White,87,14,11
2020-06-20,"Thomas Jefferson","Asian or Pacific Islander",8,0,0
2020-06-20,"Thomas Jefferson",Black,134,40,4
2020-06-20,"Thomas Jefferson",Latino,214,6,0
2020-06-20,"Thomas Jefferson","Native American",2,0,0
2020-06-20,"Thomas Jefferson","Not Reported",88,0,0
2020-06-20,"Thomas Jefferson","Other Race",29,3,1
2020-06-20,"Thomas Jefferson","Two or more races",3,0,0
2020-06-20,"Thomas Jefferson",White,287,32,14
2020-06-20,"Three Rivers",Black,180,17,4
2020-06-20,"Three Rivers",Latino,90,3,0
2020-06-20,"Three Rivers","Not Reported",123,3,0
2020-06-20,"Three Rivers","Other Race",5,1,0
2020-06-20,"Three Rivers","Two or more races",3,0,0
2020-06-20,"Three Rivers",White,214,23,7
2020-06-20,"Virginia Beach","Asian or Pacific Islander",51,12,1
2020-06-20,"Virginia Beach",Black,238,23,4
2020-06-20,"Virginia Beach",Latino,102,8,1
2020-06-20,"Virginia Beach","Native American",0,0,0
2020-06-20,"Virginia Beach","Not Reported",134,4,1
2020-06-20,"Virginia Beach","Other Race",14,2,1
2020-06-20,"Virginia Beach","Two or more races",10,2,0
2020-06-20,"Virginia Beach",White,407,61,19
2020-06-20,"West Piedmont","Asian or Pacific Islander",9,1,1
2020-06-20,"West Piedmont",Black,77,19,1
2020-06-20,"West Piedmont",Latino,113,6,0
2020-06-20,"West Piedmont","Native American",0,0,0
2020-06-20,"West Piedmont","Not Reported",37,1,0
2020-06-20,"West Piedmont","Other Race",1,0,0
2020-06-20,"West Piedmont","Two or more races",0,0,0
2020-06-20,"West Piedmont",White,133,9,3
2020-06-20,"Western Tidewater","Asian or Pacific Islander",5,1,0
2020-06-20,"Western Tidewater",Black,275,43,20
2020-06-20,"Western Tidewater",Latino,5,1,0
2020-06-20,"Western Tidewater","Native American",0,0,0
2020-06-20,"Western Tidewater","Not Reported",217,1,0
2020-06-20,"Western Tidewater","Other Race",16,0,0
2020-06-20,"Western Tidewater","Two or more races",2,0,0
2020-06-20,"Western Tidewater",White,195,33,26
2020-06-21,Alexandria,"Asian or Pacific Islander",77,7,1
2020-06-21,Alexandria,Black,322,61,12
2020-06-21,Alexandria,Latino,1231,104,7
2020-06-21,Alexandria,"Native American",3,0,0
2020-06-21,Alexandria,"Not Reported",128,6,0
2020-06-21,Alexandria,"Other Race",40,3,1
2020-06-21,Alexandria,"Two or more races",4,1,0
2020-06-21,Alexandria,White,422,49,28
2020-06-21,Alleghany,"Asian or Pacific Islander",3,0,0
2020-06-21,Alleghany,Black,10,1,1
2020-06-21,Alleghany,Latino,53,5,0
2020-06-21,Alleghany,"Not Reported",95,1,0
2020-06-21,Alleghany,"Other Race",1,0,0
2020-06-21,Alleghany,"Two or more races",0,0,0
2020-06-21,Alleghany,White,157,23,13
2020-06-21,"Alleghany and Roanoke","Native American",0,0,0
2020-06-21,Arlington,"Asian or Pacific Islander",120,22,12
2020-06-21,Arlington,Black,199,63,29
2020-06-21,Arlington,Latino,1186,199,21
2020-06-21,Arlington,"Native American",2,0,0
2020-06-21,Arlington,"Not Reported",146,9,3
2020-06-21,Arlington,"Other Race",47,6,2
2020-06-21,Arlington,"Two or more races",16,2,0
2020-06-21,Arlington,White,702,111,59
2020-06-21,"Central Shenandoah","Asian or Pacific Islander",17,2,0
2020-06-21,"Central Shenandoah",Black,85,4,2
2020-06-21,"Central Shenandoah",Latino,742,46,3
2020-06-21,"Central Shenandoah","Native American",1,1,0
2020-06-21,"Central Shenandoah","Not Reported",184,5,0
2020-06-21,"Central Shenandoah","Other Race",30,1,0
2020-06-21,"Central Shenandoah","Two or more races",8,1,0
2020-06-21,"Central Shenandoah",White,815,89,27
2020-06-21,"Central Virginia","Asian or Pacific Islander",0,0,0
2020-06-21,"Central Virginia",Black,23,2,1
2020-06-21,"Central Virginia",Latino,22,1,1
2020-06-21,"Central Virginia","Native American",0,0,0
2020-06-21,"Central Virginia","Not Reported",184,4,0
2020-06-21,"Central Virginia","Other Race",1,0,0
2020-06-21,"Central Virginia","Two or more races",0,0,0
2020-06-21,"Central Virginia",White,74,10,2
2020-06-21,Chesapeake,"Asian or Pacific Islander",21,3,2
2020-06-21,Chesapeake,Black,260,52,5
2020-06-21,Chesapeake,Latino,79,9,1
2020-06-21,Chesapeake,"Native American",8,0,0
2020-06-21,Chesapeake,"Not Reported",77,2,0
2020-06-21,Chesapeake,"Other Race",7,0,0
2020-06-21,Chesapeake,"Two or more races",5,0,0
2020-06-21,Chesapeake,White,276,39,8
2020-06-21,Chesterfield,"Asian or Pacific Islander",26,1,0
2020-06-21,Chesterfield,Black,361,49,13
2020-06-21,Chesterfield,Latino,547,22,1
2020-06-21,Chesterfield,"Native American",3,0,0
2020-06-21,Chesterfield,"Not Reported",1176,3,11
2020-06-21,Chesterfield,"Other Race",167,6,0
2020-06-21,Chesterfield,"Two or more races",4,0,0
2020-06-21,Chesterfield,White,466,49,40
2020-06-21,Chickahominy,"Asian or Pacific Islander",2,1,0
2020-06-21,Chickahominy,Black,106,33,9
2020-06-21,Chickahominy,Latino,39,3,0
2020-06-21,Chickahominy,"Native American",1,1,0
2020-06-21,Chickahominy,"Not Reported",187,3,1
2020-06-21,Chickahominy,"Other Race",10,3,0
2020-06-21,Chickahominy,"Two or more races",1,1,0
2020-06-21,Chickahominy,White,258,59,24
2020-06-21,Crater,"Asian or Pacific Islander",3,0,0
2020-06-21,Crater,Black,628,97,11
2020-06-21,Crater,Latino,98,2,2
2020-06-21,Crater,"Native American",2,0,0
2020-06-21,Crater,"Not Reported",340,4,2
2020-06-21,Crater,"Other Race",11,0,0
2020-06-21,Crater,"Two or more races",1,0,0
2020-06-21,Crater,White,253,23,6
2020-06-21,"Cumberland Plateau",Black,12,0,0
2020-06-21,"Cumberland Plateau",Latino,0,0,0
2020-06-21,"Cumberland Plateau","Not Reported",1,0,0
2020-06-21,"Cumberland Plateau","Other Race",0,0,0
2020-06-21,"Cumberland Plateau","Two or more races",0,0,0
2020-06-21,"Cumberland Plateau",White,24,2,0
2020-06-21,"Cumberland Plateau and Lenowisco","Asian or Pacific Islander",0,0,0
2020-06-21,"Cumberland Plateau, Lenowisco, and Mount Rogers","Native American",0,0,0
2020-06-21,"Eastern Shore",Black,767,82,25
2020-06-21,"Eastern Shore",Latino,238,7,3
2020-06-21,"Eastern Shore","Not Reported",106,0,0
2020-06-21,"Eastern Shore","Other Race",12,1,0
2020-06-21,"Eastern Shore","Two or more races",0,0,0
2020-06-21,"Eastern Shore",White,175,16,14
2020-06-21,"Eastern Shore and Three Rivers","Asian or Pacific Islander",7,1,0
2020-06-21,"Eastern Shore and Three Rivers","Native American",1,0,0
2020-06-21,Fairfax,"Asian or Pacific Islander",1038,194,52
2020-06-21,Fairfax,Black,770,165,38
2020-06-21,Fairfax,Latino,6843,712,58
2020-06-21,Fairfax,"Native American",18,1,1
2020-06-21,Fairfax,"Not Reported",2464,79,60
2020-06-21,Fairfax,"Other Race",498,55,11
2020-06-21,Fairfax,"Two or more races",14,2,0
2020-06-21,Fairfax,White,1901,365,228
2020-06-21,Hampton,"Asian or Pacific Islander",3,0,0
2020-06-21,Hampton,Black,128,27,5
2020-06-21,Hampton,Latino,32,2,0
2020-06-21,Hampton,"Native American",0,0,0
2020-06-21,Hampton,"Not Reported",47,0,0
2020-06-21,Hampton,"Other Race",5,2,0
2020-06-21,Hampton,"Two or more races",2,0,0
2020-06-21,Hampton,White,47,6,0
2020-06-21,Henrico,"Asian or Pacific Islander",108,5,3
2020-06-21,Henrico,Black,695,119,59
2020-06-21,Henrico,Latino,451,32,3
2020-06-21,Henrico,"Native American",7,0,0
2020-06-21,Henrico,"Not Reported",507,3,1
2020-06-21,Henrico,"Other Race",67,10,1
2020-06-21,Henrico,"Two or more races",5,0,0
2020-06-21,Henrico,White,573,71,71
2020-06-21,Lenowisco,Black,0,0,0
2020-06-21,Lenowisco,Latino,0,0,0
2020-06-21,Lenowisco,"Not Reported",7,1,1
2020-06-21,Lenowisco,"Other Race",1,0,0
2020-06-21,Lenowisco,"Two or more races",0,0,0
2020-06-21,Lenowisco,White,38,15,3
2020-06-21,"Lord Fairfax","Asian or Pacific Islander",5,0,0
2020-06-21,"Lord Fairfax",Black,62,5,1
2020-06-21,"Lord Fairfax",Latino,497,36,8
2020-06-21,"Lord Fairfax","Native American",1,0,0
2020-06-21,"Lord Fairfax","Not Reported",254,5,6
2020-06-21,"Lord Fairfax","Other Race",64,5,0
2020-06-21,"Lord Fairfax","Two or more races",10,0,0
2020-06-21,"Lord Fairfax",White,951,105,47
2020-06-21,Loudoun,"Asian or Pacific Islander",150,32,8
2020-06-21,Loudoun,Black,117,17,2
2020-06-21,Loudoun,Latino,874,111,8
2020-06-21,Loudoun,"Native American",1,0,0
2020-06-21,Loudoun,"Not Reported",1798,3,2
2020-06-21,Loudoun,"Other Race",109,4,2
2020-06-21,Loudoun,"Two or more races",9,0,0
2020-06-21,Loudoun,White,527,81,61
2020-06-21,"Mount Rogers","Asian or Pacific Islander",2,1,0
2020-06-21,"Mount Rogers",Black,22,4,1
2020-06-21,"Mount Rogers",Latino,152,1,0
2020-06-21,"Mount Rogers","Not Reported",38,0,1
2020-06-21,"Mount Rogers","Other Race",2,0,0
2020-06-21,"Mount Rogers","Two or more races",3,0,0
2020-06-21,"Mount Rogers",White,413,58,21
2020-06-21,"New River","Asian or Pacific Islander",1,0,0
2020-06-21,"New River",Black,9,2,0
2020-06-21,"New River",Latino,16,1,0
2020-06-21,"New River","Native American",0,0,0
2020-06-21,"New River","Not Reported",37,0,0
2020-06-21,"New River","Other Race",0,0,0
2020-06-21,"New River","Two or more races",0,0,0
2020-06-21,"New River",White,114,17,4
2020-06-21,Norfolk,"Asian or Pacific Islander",13,1,0
2020-06-21,Norfolk,Black,352,57,5
2020-06-21,Norfolk,Latino,134,14,0
2020-06-21,Norfolk,"Native American",0,0,0
2020-06-21,Norfolk,"Not Reported",112,0,0
2020-06-21,Norfolk,"Other Race",15,1,0
2020-06-21,Norfolk,"Two or more races",1,0,0
2020-06-21,Norfolk,White,110,17,2
2020-06-21,Peninsula,"Asian or Pacific Islander",7,2,1
2020-06-21,Peninsula,Black,211,34,10
2020-06-21,Peninsula,Latino,147,10,0
2020-06-21,Peninsula,"Native American",2,0,0
2020-06-21,Peninsula,"Not Reported",157,1,0
2020-06-21,Peninsula,"Other Race",16,1,0
2020-06-21,Peninsula,"Two or more races",7,2,0
2020-06-21,Peninsula,White,302,74,22
2020-06-21,Piedmont,"Asian or Pacific Islander",4,0,0
2020-06-21,Piedmont,Black,330,47,2
2020-06-21,Piedmont,Latino,39,0,1
2020-06-21,Piedmont,"Native American",1,0,0
2020-06-21,Piedmont,"Not Reported",293,9,2
2020-06-21,Piedmont,"Other Race",6,1,0
2020-06-21,Piedmont,"Two or more races",2,0,0
2020-06-21,Piedmont,White,273,22,2
2020-06-21,Pittsylvania-Danville,"Asian or Pacific Islander",0,0,0
2020-06-21,Pittsylvania-Danville,Black,51,11,0
2020-06-21,Pittsylvania-Danville,Latino,24,2,0
2020-06-21,Pittsylvania-Danville,"Not Reported",17,4,0
2020-06-21,Pittsylvania-Danville,"Other Race",0,0,0
2020-06-21,Pittsylvania-Danville,"Two or more races",0,0,0
2020-06-21,Pittsylvania-Danville,White,66,16,3
2020-06-21,"Pittsylvania-Danville and Southside","Native American",0,0,0
2020-06-21,Portsmouth,"Asian or Pacific Islander",3,2,0
2020-06-21,Portsmouth,Black,203,46,10
2020-06-21,Portsmouth,Latino,13,2,0
2020-06-21,Portsmouth,"Native American",1,0,0
2020-06-21,Portsmouth,"Not Reported",100,1,1
2020-06-21,Portsmouth,"Other Race",14,0,0
2020-06-21,Portsmouth,"Two or more races",2,1,0
2020-06-21,Portsmouth,White,70,8,2
2020-06-21,"Prince William","Asian or Pacific Islander",228,39,10
2020-06-21,"Prince William",Black,602,112,33
2020-06-21,"Prince William",Latino,3585,468,43
2020-06-21,"Prince William","Native American",12,1,0
2020-06-21,"Prince William","Not Reported",3259,16,0
2020-06-21,"Prince William","Other Race",232,9,0
2020-06-21,"Prince William","Two or more races",5,1,0
2020-06-21,"Prince William",White,729,116,68
2020-06-21,Rappahannock,"Asian or Pacific Islander",33,7,0
2020-06-21,Rappahannock,Black,242,38,5
2020-06-21,Rappahannock,Latino,771,73,4
2020-06-21,Rappahannock,"Native American",3,0,0
2020-06-21,Rappahannock,"Not Reported",696,24,0
2020-06-21,Rappahannock,"Other Race",35,3,0
2020-06-21,Rappahannock,"Two or more races",10,1,0
2020-06-21,Rappahannock,White,485,59,24
2020-06-21,"Rappahannock Rapidan","Asian or Pacific Islander",3,1,0
2020-06-21,"Rappahannock Rapidan",Black,74,14,4
2020-06-21,"Rappahannock Rapidan",Latino,628,47,5
2020-06-21,"Rappahannock Rapidan","Native American",0,0,0
2020-06-21,"Rappahannock Rapidan","Not Reported",428,13,2
2020-06-21,"Rappahannock Rapidan","Other Race",14,2,0
2020-06-21,"Rappahannock Rapidan","Two or more races",2,0,0
2020-06-21,"Rappahannock Rapidan",White,246,26,7
2020-06-21,Richmond,"Asian or Pacific Islander",6,2,0
2020-06-21,Richmond,Black,515,107,22
2020-06-21,Richmond,Latino,710,61,1
2020-06-21,Richmond,"Native American",0,0,0
2020-06-21,Richmond,"Not Reported",476,2,0
2020-06-21,Richmond,"Other Race",104,9,2
2020-06-21,Richmond,"Two or more races",4,1,0
2020-06-21,Richmond,White,170,17,4
2020-06-21,Roanoke,"Asian or Pacific Islander",1,0,0
2020-06-21,Roanoke,Black,31,7,2
2020-06-21,Roanoke,Latino,108,1,0
2020-06-21,Roanoke,"Not Reported",101,0,0
2020-06-21,Roanoke,"Other Race",1,0,0
2020-06-21,Roanoke,"Two or more races",0,0,0
2020-06-21,Roanoke,White,71,5,8
2020-06-21,Southside,"Asian or Pacific Islander",1,0,0
2020-06-21,Southside,Black,95,18,7
2020-06-21,Southside,Latino,2,1,0
2020-06-21,Southside,"Not Reported",152,14,7
2020-06-21,Southside,"Other Race",6,0,1
2020-06-21,Southside,"Two or more races",20,0,0
2020-06-21,Southside,White,88,14,11
2020-06-21,"Thomas Jefferson","Asian or Pacific Islander",8,0,0
2020-06-21,"Thomas Jefferson",Black,134,40,4
2020-06-21,"Thomas Jefferson",Latino,224,6,0
2020-06-21,"Thomas Jefferson","Native American",2,0,0
2020-06-21,"Thomas Jefferson","Not Reported",90,0,0
2020-06-21,"Thomas Jefferson","Other Race",30,3,1
2020-06-21,"Thomas Jefferson","Two or more races",3,0,0
2020-06-21,"Thomas Jefferson",White,293,32,14
2020-06-21,"Three Rivers",Black,180,17,4
2020-06-21,"Three Rivers",Latino,90,3,0
2020-06-21,"Three Rivers","Not Reported",125,3,0
2020-06-21,"Three Rivers","Other Race",6,1,0
2020-06-21,"Three Rivers","Two or more races",3,0,0
2020-06-21,"Three Rivers",White,215,23,7
2020-06-21,"Virginia Beach","Asian or Pacific Islander",52,12,1
2020-06-21,"Virginia Beach",Black,243,24,4
2020-06-21,"Virginia Beach",Latino,105,9,1
2020-06-21,"Virginia Beach","Native American",0,0,0
2020-06-21,"Virginia Beach","Not Reported",150,4,1
2020-06-21,"Virginia Beach","Other Race",15,2,1
2020-06-21,"Virginia Beach","Two or more races",10,2,0
2020-06-21,"Virginia Beach",White,413,62,19
2020-06-21,"West Piedmont","Asian or Pacific Islander",9,1,1
2020-06-21,"West Piedmont",Black,77,19,1
2020-06-21,"West Piedmont",Latino,114,6,0
2020-06-21,"West Piedmont","Native American",0,0,0
2020-06-21,"West Piedmont","Not Reported",36,1,0
2020-06-21,"West Piedmont","Other Race",1,0,0
2020-06-21,"West Piedmont","Two or more races",0,0,0
2020-06-21,"West Piedmont",White,136,9,3
2020-06-21,"Western Tidewater","Asian or Pacific Islander",5,1,0
2020-06-21,"Western Tidewater",Black,283,43,20
2020-06-21,"Western Tidewater",Latino,5,1,0
2020-06-21,"Western Tidewater","Native American",0,0,0
2020-06-21,"Western Tidewater","Not Reported",218,1,0
2020-06-21,"Western Tidewater","Other Race",16,0,0
2020-06-21,"Western Tidewater","Two or more races",2,0,0
2020-06-21,"Western Tidewater",White,196,33,26
2020-06-22,Alexandria,"Asian or Pacific Islander",77,7,1
2020-06-22,Alexandria,Black,323,61,12
2020-06-22,Alexandria,Latino,1232,104,7
2020-06-22,Alexandria,"Native American",3,0,0
2020-06-22,Alexandria,"Not Reported",132,6,0
2020-06-22,Alexandria,"Other Race",41,3,1
2020-06-22,Alexandria,"Two or more races",4,1,0
2020-06-22,Alexandria,White,424,49,28
2020-06-22,Alleghany,"Asian or Pacific Islander",3,0,0
2020-06-22,Alleghany,Black,10,2,1
2020-06-22,Alleghany,Latino,53,5,0
2020-06-22,Alleghany,"Not Reported",101,1,0
2020-06-22,Alleghany,"Other Race",2,0,0
2020-06-22,Alleghany,"Two or more races",0,0,0
2020-06-22,Alleghany,White,158,23,13
2020-06-22,"Alleghany and Roanoke","Native American",0,0,0
2020-06-22,Arlington,"Asian or Pacific Islander",120,22,12
2020-06-22,Arlington,Black,199,63,29
2020-06-22,Arlington,Latino,1188,199,21
2020-06-22,Arlington,"Native American",2,0,0
2020-06-22,Arlington,"Not Reported",149,9,3
2020-06-22,Arlington,"Other Race",47,6,2
2020-06-22,Arlington,"Two or more races",16,2,0
2020-06-22,Arlington,White,703,111,59
2020-06-22,"Central Shenandoah","Asian or Pacific Islander",17,2,0
2020-06-22,"Central Shenandoah",Black,84,4,2
2020-06-22,"Central Shenandoah",Latino,743,46,4
2020-06-22,"Central Shenandoah","Native American",1,1,0
2020-06-22,"Central Shenandoah","Not Reported",189,5,0
2020-06-22,"Central Shenandoah","Other Race",30,1,0
2020-06-22,"Central Shenandoah","Two or more races",8,1,0
2020-06-22,"Central Shenandoah",White,825,90,28
2020-06-22,"Central Virginia","Asian or Pacific Islander",0,0,0
2020-06-22,"Central Virginia",Black,23,2,1
2020-06-22,"Central Virginia",Latino,22,1,1
2020-06-22,"Central Virginia","Native American",0,0,0
2020-06-22,"Central Virginia","Not Reported",184,4,0
2020-06-22,"Central Virginia","Other Race",1,0,0
2020-06-22,"Central Virginia","Two or more races",0,0,0
2020-06-22,"Central Virginia",White,74,10,2
2020-06-22,Chesapeake,"Asian or Pacific Islander",22,3,2
2020-06-22,Chesapeake,Black,265,53,5
2020-06-22,Chesapeake,Latino,97,9,1
2020-06-22,Chesapeake,"Native American",8,0,0
2020-06-22,Chesapeake,"Not Reported",78,2,0
2020-06-22,Chesapeake,"Other Race",7,0,0
2020-06-22,Chesapeake,"Two or more races",5,0,0
2020-06-22,Chesapeake,White,277,39,8
2020-06-22,Chesterfield,"Asian or Pacific Islander",26,1,0
2020-06-22,Chesterfield,Black,363,49,13
2020-06-22,Chesterfield,Latino,548,22,1
2020-06-22,Chesterfield,"Native American",3,0,0
2020-06-22,Chesterfield,"Not Reported",1188,3,11
2020-06-22,Chesterfield,"Other Race",171,6,0
2020-06-22,Chesterfield,"Two or more races",4,0,0
2020-06-22,Chesterfield,White,467,49,40
2020-06-22,Chickahominy,"Asian or Pacific Islander",2,1,0
2020-06-22,Chickahominy,Black,106,33,9
2020-06-22,Chickahominy,Latino,39,3,0
2020-06-22,Chickahominy,"Native American",1,1,0
2020-06-22,Chickahominy,"Not Reported",190,3,1
2020-06-22,Chickahominy,"Other Race",10,3,0
2020-06-22,Chickahominy,"Two or more races",1,1,0
2020-06-22,Chickahominy,White,258,59,25
2020-06-22,Crater,"Asian or Pacific Islander",3,0,0
2020-06-22,Crater,Black,634,99,11
2020-06-22,Crater,Latino,101,2,2
2020-06-22,Crater,"Native American",2,0,0
2020-06-22,Crater,"Not Reported",344,4,2
2020-06-22,Crater,"Other Race",11,0,0
2020-06-22,Crater,"Two or more races",1,0,0
2020-06-22,Crater,White,254,23,6
2020-06-22,"Cumberland Plateau",Black,12,0,0
2020-06-22,"Cumberland Plateau",Latino,0,0,0
2020-06-22,"Cumberland Plateau","Not Reported",1,0,0
2020-06-22,"Cumberland Plateau","Other Race",0,0,0
2020-06-22,"Cumberland Plateau","Two or more races",0,0,0
2020-06-22,"Cumberland Plateau",White,24,2,0
2020-06-22,"Cumberland Plateau and Lenowisco","Asian or Pacific Islander",0,0,0
2020-06-22,"Cumberland Plateau, Lenowisco, and Mount Rogers","Native American",0,0,0
2020-06-22,"Eastern Shore",Black,768,82,25
2020-06-22,"Eastern Shore",Latino,238,7,3
2020-06-22,"Eastern Shore","Not Reported",107,0,0
2020-06-22,"Eastern Shore","Other Race",12,1,0
2020-06-22,"Eastern Shore","Two or more races",0,0,0
2020-06-22,"Eastern Shore",White,175,16,14
2020-06-22,"Eastern Shore and Three Rivers","Asian or Pacific Islander",7,1,0
2020-06-22,"Eastern Shore and Three Rivers","Native American",1,0,0
2020-06-22,Fairfax,"Asian or Pacific Islander",1043,197,53
2020-06-22,Fairfax,Black,771,165,38
2020-06-22,Fairfax,Latino,6892,716,59
2020-06-22,Fairfax,"Native American",18,1,1
2020-06-22,Fairfax,"Not Reported",2477,78,60
2020-06-22,Fairfax,"Other Race",499,56,11
2020-06-22,Fairfax,"Two or more races",14,2,0
2020-06-22,Fairfax,White,1912,366,230
2020-06-22,Hampton,"Asian or Pacific Islander",3,0,0
2020-06-22,Hampton,Black,129,27,5
2020-06-22,Hampton,Latino,32,2,0
2020-06-22,Hampton,"Native American",0,0,0
2020-06-22,Hampton,"Not Reported",53,0,0
2020-06-22,Hampton,"Other Race",5,2,0
2020-06-22,Hampton,"Two or more races",2,0,0
2020-06-22,Hampton,White,47,6,0
2020-06-22,Henrico,"Asian or Pacific Islander",108,5,3
2020-06-22,Henrico,Black,697,119,59
2020-06-22,Henrico,Latino,452,32,3
2020-06-22,Henrico,"Native American",7,0,0
2020-06-22,Henrico,"Not Reported",515,3,1
2020-06-22,Henrico,"Other Race",67,10,1
2020-06-22,Henrico,"Two or more races",5,0,0
2020-06-22,Henrico,White,575,71,71
2020-06-22,Lenowisco,Black,1,0,0
2020-06-22,Lenowisco,Latino,0,0,0
2020-06-22,Lenowisco,"Not Reported",7,1,1
2020-06-22,Lenowisco,"Other Race",1,0,0
2020-06-22,Lenowisco,"Two or more races",0,0,0
2020-06-22,Lenowisco,White,39,15,3
2020-06-22,"Lord Fairfax","Asian or Pacific Islander",5,0,0
2020-06-22,"Lord Fairfax",Black,68,5,1
2020-06-22,"Lord Fairfax",Latino,501,36,8
2020-06-22,"Lord Fairfax","Native American",1,0,0
2020-06-22,"Lord Fairfax","Not Reported",259,5,6
2020-06-22,"Lord Fairfax","Other Race",65,5,0
2020-06-22,"Lord Fairfax","Two or more races",10,0,0
2020-06-22,"Lord Fairfax",White,959,107,47
2020-06-22,Loudoun,"Asian or Pacific Islander",151,34,8
2020-06-22,Loudoun,Black,117,17,2
2020-06-22,Loudoun,Latino,876,114,8
2020-06-22,Loudoun,"Native American",1,0,0
2020-06-22,Loudoun,"Not Reported",1820,3,2
2020-06-22,Loudoun,"Other Race",110,4,2
2020-06-22,Loudoun,"Two or more races",9,0,0
2020-06-22,Loudoun,White,528,83,62
2020-06-22,"Mount Rogers","Asian or Pacific Islander",2,1,0
2020-06-22,"Mount Rogers",Black,22,4,1
2020-06-22,"Mount Rogers",Latino,152,1,0
2020-06-22,"Mount Rogers","Not Reported",38,0,1
2020-06-22,"Mount Rogers","Other Race",2,0,0
2020-06-22,"Mount Rogers","Two or more races",3,0,0
2020-06-22,"Mount Rogers",White,417,59,21
2020-06-22,"New River","Asian or Pacific Islander",1,0,0
2020-06-22,"New River",Black,9,2,0
2020-06-22,"New River",Latino,16,1,0
2020-06-22,"New River","Native American",0,0,0
2020-06-22,"New River","Not Reported",37,0,0
2020-06-22,"New River","Other Race",0,0,0
2020-06-22,"New River","Two or more races",0,0,0
2020-06-22,"New River",White,114,17,4
2020-06-22,Norfolk,"Asian or Pacific Islander",13,1,0
2020-06-22,Norfolk,Black,357,58,5
2020-06-22,Norfolk,Latino,134,14,0
2020-06-22,Norfolk,"Native American",0,0,0
2020-06-22,Norfolk,"Not Reported",116,0,0
2020-06-22,Norfolk,"Other Race",15,1,0
2020-06-22,Norfolk,"Two or more races",1,0,0
2020-06-22,Norfolk,White,110,17,2
2020-06-22,Peninsula,"Asian or Pacific Islander",8,2,1
2020-06-22,Peninsula,Black,216,34,10
2020-06-22,Peninsula,Latino,147,10,0
2020-06-22,Peninsula,"Native American",2,0,0
2020-06-22,Peninsula,"Not Reported",162,1,0
2020-06-22,Peninsula,"Other Race",17,1,0
2020-06-22,Peninsula,"Two or more races",7,2,0
2020-06-22,Peninsula,White,304,74,22
2020-06-22,Piedmont,"Asian or Pacific Islander",4,0,0
2020-06-22,Piedmont,Black,331,47,2
2020-06-22,Piedmont,Latino,39,0,1
2020-06-22,Piedmont,"Native American",1,0,0
2020-06-22,Piedmont,"Not Reported",318,9,2
2020-06-22,Piedmont,"Other Race",6,1,0
2020-06-22,Piedmont,"Two or more races",2,0,0
2020-06-22,Piedmont,White,276,22,2
2020-06-22,Pittsylvania-Danville,"Asian or Pacific Islander",0,0,0
2020-06-22,Pittsylvania-Danville,Black,51,11,0
2020-06-22,Pittsylvania-Danville,Latino,26,2,0
2020-06-22,Pittsylvania-Danville,"Not Reported",17,4,0
2020-06-22,Pittsylvania-Danville,"Other Race",0,0,0
2020-06-22,Pittsylvania-Danville,"Two or more races",0,0,0
2020-06-22,Pittsylvania-Danville,White,66,16,3
2020-06-22,"Pittsylvania-Danville and Southside","Native American",0,0,0
2020-06-22,Portsmouth,"Asian or Pacific Islander",3,2,0
2020-06-22,Portsmouth,Black,210,48,10
2020-06-22,Portsmouth,Latino,14,2,0
2020-06-22,Portsmouth,"Native American",1,0,0
2020-06-22,Portsmouth,"Not Reported",104,1,1
2020-06-22,Portsmouth,"Other Race",15,0,0
2020-06-22,Portsmouth,"Two or more races",2,1,0
2020-06-22,Portsmouth,White,70,8,2
2020-06-22,"Prince William","Asian or Pacific Islander",229,39,10
2020-06-22,"Prince William",Black,604,112,33
2020-06-22,"Prince William",Latino,3628,469,43
2020-06-22,"Prince William","Native American",12,1,0
2020-06-22,"Prince William","Not Reported",3245,16,0
2020-06-22,"Prince William","Other Race",229,9,0
2020-06-22,"Prince William","Two or more races",5,1,0
2020-06-22,"Prince William",White,732,116,68
2020-06-22,Rappahannock,"Asian or Pacific Islander",34,7,0
2020-06-22,Rappahannock,Black,245,39,6
2020-06-22,Rappahannock,Latino,773,73,4
2020-06-22,Rappahannock,"Native American",3,0,0
2020-06-22,Rappahannock,"Not Reported",699,24,0
2020-06-22,Rappahannock,"Other Race",40,3,0
2020-06-22,Rappahannock,"Two or more races",10,1,0
2020-06-22,Rappahannock,White,489,59,24
2020-06-22,"Rappahannock Rapidan","Asian or Pacific Islander",3,1,0
2020-06-22,"Rappahannock Rapidan",Black,74,14,4
2020-06-22,"Rappahannock Rapidan",Latino,629,47,5
2020-06-22,"Rappahannock Rapidan","Native American",0,0,0
2020-06-22,"Rappahannock Rapidan","Not Reported",431,13,2
2020-06-22,"Rappahannock Rapidan","Other Race",14,2,0
2020-06-22,"Rappahannock Rapidan","Two or more races",2,0,0
2020-06-22,"Rappahannock Rapidan",White,249,26,7
2020-06-22,Richmond,"Asian or Pacific Islander",6,2,0
2020-06-22,Richmond,Black,517,107,22
2020-06-22,Richmond,Latino,718,61,1
2020-06-22,Richmond,"Native American",0,0,0
2020-06-22,Richmond,"Not Reported",488,2,0
2020-06-22,Richmond,"Other Race",105,9,2
2020-06-22,Richmond,"Two or more races",4,1,0
2020-06-22,Richmond,White,170,17,4
2020-06-22,Roanoke,"Asian or Pacific Islander",1,0,0
2020-06-22,Roanoke,Black,31,7,2
2020-06-22,Roanoke,Latino,114,1,0
2020-06-22,Roanoke,"Not Reported",106,0,0
2020-06-22,Roanoke,"Other Race",1,0,0
2020-06-22,Roanoke,"Two or more races",0,0,0
2020-06-22,Roanoke,White,71,5,8
2020-06-22,Southside,"Asian or Pacific Islander",1,0,0
2020-06-22,Southside,Black,95,18,7
2020-06-22,Southside,Latino,2,1,0
2020-06-22,Southside,"Not Reported",154,14,7
2020-06-22,Southside,"Other Race",6,0,1
2020-06-22,Southside,"Two or more races",20,0,0
2020-06-22,Southside,White,88,14,11
2020-06-22,"Thomas Jefferson","Asian or Pacific Islander",8,0,0
2020-06-22,"Thomas Jefferson",Black,135,40,4
2020-06-22,"Thomas Jefferson",Latino,236,6,0
2020-06-22,"Thomas Jefferson","Native American",2,0,0
2020-06-22,"Thomas Jefferson","Not Reported",89,0,0
2020-06-22,"Thomas Jefferson","Other Race",30,3,1
2020-06-22,"Thomas Jefferson","Two or more races",3,0,0
2020-06-22,"Thomas Jefferson",White,296,32,14
2020-06-22,"Three Rivers",Black,180,17,4
2020-06-22,"Three Rivers",Latino,90,3,0
2020-06-22,"Three Rivers","Not Reported",126,3,0
2020-06-22,"Three Rivers","Other Race",6,1,0
2020-06-22,"Three Rivers","Two or more races",3,0,0
2020-06-22,"Three Rivers",White,215,23,7
2020-06-22,"Virginia Beach","Asian or Pacific Islander",53,12,1
2020-06-22,"Virginia Beach",Black,244,24,4
2020-06-22,"Virginia Beach",Latino,107,9,1
2020-06-22,"Virginia Beach","Native American",0,0,0
2020-06-22,"Virginia Beach","Not Reported",155,4,1
2020-06-22,"Virginia Beach","Other Race",15,2,1
2020-06-22,"Virginia Beach","Two or more races",10,2,0
2020-06-22,"Virginia Beach",White,422,62,19
2020-06-22,"West Piedmont","Asian or Pacific Islander",9,1,1
2020-06-22,"West Piedmont",Black,77,19,1
2020-06-22,"West Piedmont",Latino,114,6,0
2020-06-22,"West Piedmont","Native American",0,0,0
2020-06-22,"West Piedmont","Not Reported",39,1,0
2020-06-22,"West Piedmont","Other Race",1,0,0
2020-06-22,"West Piedmont","Two or more races",0,0,0
2020-06-22,"West Piedmont",White,136,9,3
2020-06-22,"Western Tidewater","Asian or Pacific Islander",5,1,0
2020-06-22,"Western Tidewater",Black,289,44,20
2020-06-22,"Western Tidewater",Latino,9,1,0
2020-06-22,"Western Tidewater","Native American",0,0,0
2020-06-22,"Western Tidewater","Not Reported",221,1,0
2020-06-22,"Western Tidewater","Other Race",16,0,0
2020-06-22,"Western Tidewater","Two or more races",2,0,0
2020-06-22,"Western Tidewater",White,197,33,26
2020-06-23,Alexandria,"Asian or Pacific Islander",77,7,1
2020-06-23,Alexandria,Black,325,61,12
2020-06-23,Alexandria,Latino,1245,104,7
2020-06-23,Alexandria,"Native American",3,0,0
2020-06-23,Alexandria,"Not Reported",126,6,0
2020-06-23,Alexandria,"Other Race",41,3,1
2020-06-23,Alexandria,"Two or more races",4,1,0
2020-06-23,Alexandria,White,427,49,28
2020-06-23,Alleghany,"Asian or Pacific Islander",3,0,0
2020-06-23,Alleghany,Black,10,2,1
2020-06-23,Alleghany,Latino,57,5,0
2020-06-23,Alleghany,"Not Reported",114,1,0
2020-06-23,Alleghany,"Other Race",2,0,0
2020-06-23,Alleghany,"Two or more races",0,0,0
2020-06-23,Alleghany,White,167,23,13
2020-06-23,"Alleghany and Roanoke","Native American",0,0,0
2020-06-23,Arlington,"Asian or Pacific Islander",120,22,12
2020-06-23,Arlington,Black,200,64,29
2020-06-23,Arlington,Latino,1192,199,21
2020-06-23,Arlington,"Native American",2,0,0
2020-06-23,Arlington,"Not Reported",148,10,3
2020-06-23,Arlington,"Other Race",46,6,2
2020-06-23,Arlington,"Two or more races",16,2,0
2020-06-23,Arlington,White,707,111,59
2020-06-23,"Central Shenandoah","Asian or Pacific Islander",17,2,0
2020-06-23,"Central Shenandoah",Black,84,4,2
2020-06-23,"Central Shenandoah",Latino,745,46,4
2020-06-23,"Central Shenandoah","Native American",1,1,0
2020-06-23,"Central Shenandoah","Not Reported",190,5,0
2020-06-23,"Central Shenandoah","Other Race",30,1,0
2020-06-23,"Central Shenandoah","Two or more races",8,1,0
2020-06-23,"Central Shenandoah",White,836,92,28
2020-06-23,"Central Virginia","Asian or Pacific Islander",0,0,0
2020-06-23,"Central Virginia",Black,23,2,1
2020-06-23,"Central Virginia",Latino,22,1,1
2020-06-23,"Central Virginia","Native American",0,0,0
2020-06-23,"Central Virginia","Not Reported",196,4,1
2020-06-23,"Central Virginia","Other Race",1,0,0
2020-06-23,"Central Virginia","Two or more races",0,0,0
2020-06-23,"Central Virginia",White,74,10,2
2020-06-23,Chesapeake,"Asian or Pacific Islander",22,4,2
2020-06-23,Chesapeake,Black,267,55,5
2020-06-23,Chesapeake,Latino,101,9,1
2020-06-23,Chesapeake,"Native American",8,0,0
2020-06-23,Chesapeake,"Not Reported",85,2,0
2020-06-23,Chesapeake,"Other Race",7,0,0
2020-06-23,Chesapeake,"Two or more races",5,0,0
2020-06-23,Chesapeake,White,279,39,8
2020-06-23,Chesterfield,"Asian or Pacific Islander",26,1,0
2020-06-23,Chesterfield,Black,373,50,13
2020-06-23,Chesterfield,Latino,566,22,1
2020-06-23,Chesterfield,"Native American",3,0,0
2020-06-23,Chesterfield,"Not Reported",1228,3,14
2020-06-23,Chesterfield,"Other Race",175,6,0
2020-06-23,Chesterfield,"Two or more races",5,0,0
2020-06-23,Chesterfield,White,473,50,40
2020-06-23,Chickahominy,"Asian or Pacific Islander",2,1,0
2020-06-23,Chickahominy,Black,106,33,9
2020-06-23,Chickahominy,Latino,40,3,0
2020-06-23,Chickahominy,"Native American",1,1,0
2020-06-23,Chickahominy,"Not Reported",193,3,1
2020-06-23,Chickahominy,"Other Race",10,3,0
2020-06-23,Chickahominy,"Two or more races",1,1,0
2020-06-23,Chickahominy,White,262,59,25
2020-06-23,Crater,"Asian or Pacific Islander",3,0,0
2020-06-23,Crater,Black,634,100,11
2020-06-23,Crater,Latino,101,2,2
2020-06-23,Crater,"Native American",2,0,0
2020-06-23,Crater,"Not Reported",346,4,2
2020-06-23,Crater,"Other Race",11,0,0
2020-06-23,Crater,"Two or more races",1,0,0
2020-06-23,Crater,White,257,23,6
2020-06-23,"Cumberland Plateau",Black,12,0,0
2020-06-23,"Cumberland Plateau",Latino,0,0,0
2020-06-23,"Cumberland Plateau","Not Reported",1,0,0
2020-06-23,"Cumberland Plateau","Other Race",0,0,0
2020-06-23,"Cumberland Plateau","Two or more races",0,0,0
2020-06-23,"Cumberland Plateau",White,24,2,0
2020-06-23,"Cumberland Plateau and Lenowisco","Asian or Pacific Islander",0,0,0
2020-06-23,"Cumberland Plateau, Lenowisco, and Mount Rogers","Native American",0,0,0
2020-06-23,"Eastern Shore",Black,768,83,25
2020-06-23,"Eastern Shore",Latino,239,7,3
2020-06-23,"Eastern Shore","Not Reported",106,0,0
2020-06-23,"Eastern Shore","Other Race",12,1,0
2020-06-23,"Eastern Shore","Two or more races",1,1,0
2020-06-23,"Eastern Shore",White,175,16,14
2020-06-23,"Eastern Shore and Three Rivers","Asian or Pacific Islander",7,1,0
2020-06-23,"Eastern Shore and Three Rivers","Native American",1,0,0
2020-06-23,Fairfax,"Asian or Pacific Islander",1053,197,54
2020-06-23,Fairfax,Black,777,168,39
2020-06-23,Fairfax,Latino,6942,721,59
2020-06-23,Fairfax,"Native American",18,1,1
2020-06-23,Fairfax,"Not Reported",2473,77,59
2020-06-23,Fairfax,"Other Race",498,55,10
2020-06-23,Fairfax,"Two or more races",14,2,0
2020-06-23,Fairfax,White,1930,367,237
2020-06-23,Hampton,"Asian or Pacific Islander",3,0,0
2020-06-23,Hampton,Black,129,27,5
2020-06-23,Hampton,Latino,34,3,0
2020-06-23,Hampton,"Native American",0,0,0
2020-06-23,Hampton,"Not Reported",50,0,0
2020-06-23,Hampton,"Other Race",4,2,0
2020-06-23,Hampton,"Two or more races",2,0,0
2020-06-23,Hampton,White,49,6,0
2020-06-23,Henrico,"Asian or Pacific Islander",108,5,3
2020-06-23,Henrico,Black,700,118,59
2020-06-23,Henrico,Latino,460,33,3
2020-06-23,Henrico,"Native American",7,0,0
2020-06-23,Henrico,"Not Reported",522,3,1
2020-06-23,Henrico,"Other Race",67,10,1
2020-06-23,Henrico,"Two or more races",5,0,0
2020-06-23,Henrico,White,579,71,71
2020-06-23,Lenowisco,Black,1,0,0
2020-06-23,Lenowisco,Latino,0,0,0
2020-06-23,Lenowisco,"Not Reported",7,1,1
2020-06-23,Lenowisco,"Other Race",1,0,0
2020-06-23,Lenowisco,"Two or more races",0,0,0
2020-06-23,Lenowisco,White,40,15,3
2020-06-23,"Lord Fairfax","Asian or Pacific Islander",5,0,0
2020-06-23,"Lord Fairfax",Black,68,5,1
2020-06-23,"Lord Fairfax",Latino,509,36,8
2020-06-23,"Lord Fairfax","Native American",2,1,1
2020-06-23,"Lord Fairfax","Not Reported",254,5,6
2020-06-23,"Lord Fairfax","Other Race",66,5,0
2020-06-23,"Lord Fairfax","Two or more races",9,0,0
2020-06-23,"Lord Fairfax",White,969,108,46
2020-06-23,Loudoun,"Asian or Pacific Islander",150,34,8
2020-06-23,Loudoun,Black,118,17,3
2020-06-23,Loudoun,Latino,888,114,8
2020-06-23,Loudoun,"Native American",1,0,0
2020-06-23,Loudoun,"Not Reported",1824,3,2
2020-06-23,Loudoun,"Other Race",110,4,2
2020-06-23,Loudoun,"Two or more races",10,0,0
2020-06-23,Loudoun,White,531,83,61
2020-06-23,"Mount Rogers","Asian or Pacific Islander",2,1,0
2020-06-23,"Mount Rogers",Black,24,4,1
2020-06-23,"Mount Rogers",Latino,154,1,0
2020-06-23,"Mount Rogers","Not Reported",38,0,1
2020-06-23,"Mount Rogers","Other Race",2,0,0
2020-06-23,"Mount Rogers","Two or more races",3,0,0
2020-06-23,"Mount Rogers",White,424,60,21
2020-06-23,"New River","Asian or Pacific Islander",1,0,0
2020-06-23,"New River",Black,9,2,0
2020-06-23,"New River",Latino,16,1,0
2020-06-23,"New River","Native American",0,0,0
2020-06-23,"New River","Not Reported",37,0,0
2020-06-23,"New River","Other Race",0,0,0
2020-06-23,"New River","Two or more races",0,0,0
2020-06-23,"New River",White,117,17,4
2020-06-23,Norfolk,"Asian or Pacific Islander",13,1,0
2020-06-23,Norfolk,Black,359,58,5
2020-06-23,Norfolk,Latino,134,14,0
2020-06-23,Norfolk,"Native American",0,0,0
2020-06-23,Norfolk,"Not Reported",113,0,0
2020-06-23,Norfolk,"Other Race",15,2,0
2020-06-23,Norfolk,"Two or more races",1,0,0
2020-06-23,Norfolk,White,112,17,2
2020-06-23,Peninsula,"Asian or Pacific Islander",8,2,1
2020-06-23,Peninsula,Black,218,34,10
2020-06-23,Peninsula,Latino,151,10,0
2020-06-23,Peninsula,"Native American",2,0,0
2020-06-23,Peninsula,"Not Reported",158,1,0
2020-06-23,Peninsula,"Other Race",17,1,0
2020-06-23,Peninsula,"Two or more races",7,2,0
2020-06-23,Peninsula,White,312,74,22
2020-06-23,Piedmont,"Asian or Pacific Islander",4,0,0
2020-06-23,Piedmont,Black,332,47,2
2020-06-23,Piedmont,Latino,39,0,1
2020-06-23,Piedmont,"Native American",1,0,0
2020-06-23,Piedmont,"Not Reported",319,10,4
2020-06-23,Piedmont,"Other Race",6,1,0
2020-06-23,Piedmont,"Two or more races",2,0,0
2020-06-23,Piedmont,White,279,23,3
2020-06-23,Pittsylvania-Danville,"Asian or Pacific Islander",0,0,0
2020-06-23,Pittsylvania-Danville,Black,51,11,0
2020-06-23,Pittsylvania-Danville,Latino,26,2,0
2020-06-23,Pittsylvania-Danville,"Not Reported",17,4,0
2020-06-23,Pittsylvania-Danville,"Other Race",0,0,0
2020-06-23,Pittsylvania-Danville,"Two or more races",0,0,0
2020-06-23,Pittsylvania-Danville,White,66,16,3
2020-06-23,"Pittsylvania-Danville and Southside","Native American",0,0,0
2020-06-23,Portsmouth,"Asian or Pacific Islander",3,2,0
2020-06-23,Portsmouth,Black,215,49,12
2020-06-23,Portsmouth,Latino,15,3,0
2020-06-23,Portsmouth,"Native American",1,0,0
2020-06-23,Portsmouth,"Not Reported",98,1,1
2020-06-23,Portsmouth,"Other Race",14,0,0
2020-06-23,Portsmouth,"Two or more races",2,1,0
2020-06-23,Portsmouth,White,73,10,3
2020-06-23,"Prince William","Asian or Pacific Islander",232,40,11
2020-06-23,"Prince William",Black,611,113,34
2020-06-23,"Prince William",Latino,3686,473,43
2020-06-23,"Prince William","Native American",12,1,0
2020-06-23,"Prince William","Not Reported",3230,17,0
2020-06-23,"Prince William","Other Race",231,9,0
2020-06-23,"Prince William","Two or more races",6,1,0
2020-06-23,"Prince William",White,737,115,67
2020-06-23,Rappahannock,"Asian or Pacific Islander",37,7,0
2020-06-23,Rappahannock,Black,249,40,9
2020-06-23,Rappahannock,Latino,783,75,4
2020-06-23,Rappahannock,"Native American",3,0,0
2020-06-23,Rappahannock,"Not Reported",697,24,1
2020-06-23,Rappahannock,"Other Race",38,3,0
2020-06-23,Rappahannock,"Two or more races",10,1,0
2020-06-23,Rappahannock,White,490,60,24
2020-06-23,"Rappahannock Rapidan","Asian or Pacific Islander",3,1,0
2020-06-23,"Rappahannock Rapidan",Black,74,14,4
2020-06-23,"Rappahannock Rapidan",Latino,633,47,5
2020-06-23,"Rappahannock Rapidan","Native American",0,0,0
2020-06-23,"Rappahannock Rapidan","Not Reported",430,13,2
2020-06-23,"Rappahannock Rapidan","Other Race",15,2,0
2020-06-23,"Rappahannock Rapidan","Two or more races",4,0,0
2020-06-23,"Rappahannock Rapidan",White,258,27,7
2020-06-23,Richmond,"Asian or Pacific Islander",6,2,0
2020-06-23,Richmond,Black,518,108,22
2020-06-23,Richmond,Latino,726,61,2
2020-06-23,Richmond,"Native American",0,0,0
2020-06-23,Richmond,"Not Reported",498,2,0
2020-06-23,Richmond,"Other Race",106,9,1
2020-06-23,Richmond,"Two or more races",4,1,0
2020-06-23,Richmond,White,173,17,5
2020-06-23,Roanoke,"Asian or Pacific Islander",1,0,0
2020-06-23,Roanoke,Black,33,7,2
2020-06-23,Roanoke,Latino,122,1,0
2020-06-23,Roanoke,"Not Reported",111,0,0
2020-06-23,Roanoke,"Other Race",1,0,0
2020-06-23,Roanoke,"Two or more races",0,0,0
2020-06-23,Roanoke,White,75,5,8
2020-06-23,Southside,"Asian or Pacific Islander",1,0,0
2020-06-23,Southside,Black,95,18,7
2020-06-23,Southside,Latino,2,1,0
2020-06-23,Southside,"Not Reported",157,14,7
2020-06-23,Southside,"Other Race",6,0,1
2020-06-23,Southside,"Two or more races",20,0,0
2020-06-23,Southside,White,89,14,11
2020-06-23,"Thomas Jefferson","Asian or Pacific Islander",8,0,0
2020-06-23,"Thomas Jefferson",Black,136,40,4
2020-06-23,"Thomas Jefferson",Latino,243,6,0
2020-06-23,"Thomas Jefferson","Native American",2,0,0
2020-06-23,"Thomas Jefferson","Not Reported",96,0,0
2020-06-23,"Thomas Jefferson","Other Race",30,3,1
2020-06-23,"Thomas Jefferson","Two or more races",3,0,0
2020-06-23,"Thomas Jefferson",White,301,32,14
2020-06-23,"Three Rivers",Black,181,18,4
2020-06-23,"Three Rivers",Latino,91,3,1
2020-06-23,"Three Rivers","Not Reported",124,3,0
2020-06-23,"Three Rivers","Other Race",6,1,0
2020-06-23,"Three Rivers","Two or more races",3,0,0
2020-06-23,"Three Rivers",White,216,23,7
2020-06-23,"Virginia Beach","Asian or Pacific Islander",53,12,1
2020-06-23,"Virginia Beach",Black,254,24,4
2020-06-23,"Virginia Beach",Latino,112,11,2
2020-06-23,"Virginia Beach","Native American",0,0,0
2020-06-23,"Virginia Beach","Not Reported",143,4,1
2020-06-23,"Virginia Beach","Other Race",12,1,0
2020-06-23,"Virginia Beach","Two or more races",11,2,0
2020-06-23,"Virginia Beach",White,435,62,19
2020-06-23,"West Piedmont","Asian or Pacific Islander",10,1,1
2020-06-23,"West Piedmont",Black,78,19,2
2020-06-23,"West Piedmont",Latino,115,6,0
2020-06-23,"West Piedmont","Native American",0,0,0
2020-06-23,"West Piedmont","Not Reported",34,1,0
2020-06-23,"West Piedmont","Other Race",1,0,0
2020-06-23,"West Piedmont","Two or more races",0,0,0
2020-06-23,"West Piedmont",White,143,9,3
2020-06-23,"Western Tidewater","Asian or Pacific Islander",5,1,0
2020-06-23,"Western Tidewater",Black,292,44,20
2020-06-23,"Western Tidewater",Latino,9,1,0
2020-06-23,"Western Tidewater","Native American",0,0,0
2020-06-23,"Western Tidewater","Not Reported",224,1,0
2020-06-23,"Western Tidewater","Other Race",16,0,0
2020-06-23,"Western Tidewater","Two or more races",2,0,0
2020-06-23,"Western Tidewater",White,197,33,26
2020-06-24,Alexandria,"Asian or Pacific Islander",78,7,1
2020-06-24,Alexandria,Black,331,61,13
2020-06-24,Alexandria,Latino,1245,104,7
2020-06-24,Alexandria,"Native American",3,0,0
2020-06-24,Alexandria,"Not Reported",125,6,0
2020-06-24,Alexandria,"Other Race",43,4,2
2020-06-24,Alexandria,"Two or more races",4,1,0
2020-06-24,Alexandria,White,429,48,27
2020-06-24,Alleghany,"Asian or Pacific Islander",3,0,0
2020-06-24,Alleghany,Black,10,2,1
2020-06-24,Alleghany,Latino,61,5,0
2020-06-24,Alleghany,"Not Reported",115,1,0
2020-06-24,Alleghany,"Other Race",2,0,0
2020-06-24,Alleghany,"Two or more races",0,0,0
2020-06-24,Alleghany,White,169,23,13
2020-06-24,"Alleghany and Roanoke","Native American",0,0,0
2020-06-24,Arlington,"Asian or Pacific Islander",122,22,12
2020-06-24,Arlington,Black,200,64,29
2020-06-24,Arlington,Latino,1196,200,21
2020-06-24,Arlington,"Native American",2,0,0
2020-06-24,Arlington,"Not Reported",149,10,3
2020-06-24,Arlington,"Other Race",45,6,2
2020-06-24,Arlington,"Two or more races",16,2,0
2020-06-24,Arlington,White,708,111,59
2020-06-24,"Central Shenandoah","Asian or Pacific Islander",17,2,0
2020-06-24,"Central Shenandoah",Black,87,6,2
2020-06-24,"Central Shenandoah",Latino,748,46,4
2020-06-24,"Central Shenandoah","Native American",1,1,0
2020-06-24,"Central Shenandoah","Not Reported",183,4,0
2020-06-24,"Central Shenandoah","Other Race",30,1,0
2020-06-24,"Central Shenandoah","Two or more races",9,1,0
2020-06-24,"Central Shenandoah",White,849,94,28
2020-06-24,"Central Virginia","Asian or Pacific Islander",0,0,0
2020-06-24,"Central Virginia",Black,24,2,1
2020-06-24,"Central Virginia",Latino,22,1,1
2020-06-24,"Central Virginia","Native American",0,0,0
2020-06-24,"Central Virginia","Not Reported",199,4,1
2020-06-24,"Central Virginia","Other Race",1,0,0
2020-06-24,"Central Virginia","Two or more races",0,0,0
2020-06-24,"Central Virginia",White,73,9,2
2020-06-24,Chesapeake,"Asian or Pacific Islander",22,4,2
2020-06-24,Chesapeake,Black,278,61,5
2020-06-24,Chesapeake,Latino,108,9,1
2020-06-24,Chesapeake,"Native American",8,0,0
2020-06-24,Chesapeake,"Not Reported",78,2,0
2020-06-24,Chesapeake,"Other Race",8,1,0
2020-06-24,Chesapeake,"Two or more races",5,0,0
2020-06-24,Chesapeake,White,285,39,8
2020-06-24,Chesterfield,"Asian or Pacific Islander",26,1,0
2020-06-24,Chesterfield,Black,376,50,13
2020-06-24,Chesterfield,Latino,579,22,1
2020-06-24,Chesterfield,"Native American",3,0,0
2020-06-24,Chesterfield,"Not Reported",1274,3,14
2020-06-24,Chesterfield,"Other Race",180,6,0
2020-06-24,Chesterfield,"Two or more races",5,0,0
2020-06-24,Chesterfield,White,477,50,40
2020-06-24,Chickahominy,"Asian or Pacific Islander",2,1,0
2020-06-24,Chickahominy,Black,108,33,9
2020-06-24,Chickahominy,Latino,40,3,0
2020-06-24,Chickahominy,"Native American",1,1,0
2020-06-24,Chickahominy,"Not Reported",192,3,1
2020-06-24,Chickahominy,"Other Race",10,3,0
2020-06-24,Chickahominy,"Two or more races",1,1,0
2020-06-24,Chickahominy,White,264,60,26
2020-06-24,Crater,"Asian or Pacific Islander",3,0,0
2020-06-24,Crater,Black,657,101,11
2020-06-24,Crater,Latino,103,2,2
2020-06-24,Crater,"Native American",2,0,0
2020-06-24,Crater,"Not Reported",346,4,2
2020-06-24,Crater,"Other Race",12,0,0
2020-06-24,Crater,"Two or more races",1,0,0
2020-06-24,Crater,White,273,26,6
2020-06-24,"Cumberland Plateau",Black,12,0,0
2020-06-24,"Cumberland Plateau",Latino,0,0,0
2020-06-24,"Cumberland Plateau","Not Reported",2,0,0
2020-06-24,"Cumberland Plateau","Other Race",0,0,0
2020-06-24,"Cumberland Plateau","Two or more races",0,0,0
2020-06-24,"Cumberland Plateau",White,25,2,0
2020-06-24,"Cumberland Plateau and Lenowisco","Asian or Pacific Islander",0,0,0
2020-06-24,"Cumberland Plateau, Lenowisco, and Mount Rogers","Native American",0,0,0
2020-06-24,"Eastern Shore",Black,768,83,25
2020-06-24,"Eastern Shore",Latino,240,7,3
2020-06-24,"Eastern Shore","Not Reported",104,0,0
2020-06-24,"Eastern Shore","Other Race",12,1,0
2020-06-24,"Eastern Shore","Two or more races",1,1,0
2020-06-24,"Eastern Shore",White,176,15,14
2020-06-24,"Eastern Shore and Three Rivers","Asian or Pacific Islander",7,1,0
2020-06-24,"Eastern Shore and Three Rivers","Native American",1,0,0
2020-06-24,Fairfax,"Asian or Pacific Islander",1054,198,58
2020-06-24,Fairfax,Black,777,168,41
2020-06-24,Fairfax,Latino,6975,726,59
2020-06-24,Fairfax,"Native American",18,1,1
2020-06-24,Fairfax,"Not Reported",2433,77,53
2020-06-24,Fairfax,"Other Race",499,55,11
2020-06-24,Fairfax,"Two or more races",16,2,0
2020-06-24,Fairfax,White,1942,370,241
2020-06-24,Hampton,"Asian or Pacific Islander",3,0,0
2020-06-24,Hampton,Black,131,27,5
2020-06-24,Hampton,Latino,34,3,0
2020-06-24,Hampton,"Native American",0,0,0
2020-06-24,Hampton,"Not Reported",53,0,0
2020-06-24,Hampton,"Other Race",4,2,0
2020-06-24,Hampton,"Two or more races",2,0,0
2020-06-24,Hampton,White,49,6,0
2020-06-24,Henrico,"Asian or Pacific Islander",109,5,3
2020-06-24,Henrico,Black,704,118,59
2020-06-24,Henrico,Latino,471,34,3
2020-06-24,Henrico,"Native American",7,0,0
2020-06-24,Henrico,"Not Reported",522,3,1
2020-06-24,Henrico,"Other Race",66,9,1
2020-06-24,Henrico,"Two or more races",5,0,0
2020-06-24,Henrico,White,579,71,71
2020-06-24,Lenowisco,Black,1,0,0
2020-06-24,Lenowisco,Latino,0,0,0
2020-06-24,Lenowisco,"Not Reported",7,1,1
2020-06-24,Lenowisco,"Other Race",1,0,0
2020-06-24,Lenowisco,"Two or more races",0,0,0
2020-06-24,Lenowisco,White,40,15,3
2020-06-24,"Lord Fairfax","Asian or Pacific Islander",5,0,0
2020-06-24,"Lord Fairfax",Black,69,5,1
2020-06-24,"Lord Fairfax",Latino,510,36,8
2020-06-24,"Lord Fairfax","Native American",2,1,1
2020-06-24,"Lord Fairfax","Not Reported",253,3,4
2020-06-24,"Lord Fairfax","Other Race",66,5,0
2020-06-24,"Lord Fairfax","Two or more races",9,0,0
2020-06-24,"Lord Fairfax",White,972,110,48
2020-06-24,Loudoun,"Asian or Pacific Islander",150,34,8
2020-06-24,Loudoun,Black,118,17,3
2020-06-24,Loudoun,Latino,900,116,8
2020-06-24,Loudoun,"Native American",1,0,0
2020-06-24,Loudoun,"Not Reported",1857,3,2
2020-06-24,Loudoun,"Other Race",111,4,2
2020-06-24,Loudoun,"Two or more races",10,0,0
2020-06-24,Loudoun,White,536,84,61
2020-06-24,"Mount Rogers","Asian or Pacific Islander",2,1,0
2020-06-24,"Mount Rogers",Black,24,4,2
2020-06-24,"Mount Rogers",Latino,161,1,0
2020-06-24,"Mount Rogers","Not Reported",36,0,1
2020-06-24,"Mount Rogers","Other Race",2,0,0
2020-06-24,"Mount Rogers","Two or more races",3,0,0
2020-06-24,"Mount Rogers",White,428,60,24
2020-06-24,"New River","Asian or Pacific Islander",1,0,0
2020-06-24,"New River",Black,10,3,0
2020-06-24,"New River",Latino,17,1,0
2020-06-24,"New River","Native American",0,0,0
2020-06-24,"New River","Not Reported",40,0,0
2020-06-24,"New River","Other Race",0,0,0
2020-06-24,"New River","Two or more races",0,0,0
2020-06-24,"New River",White,120,17,4
2020-06-24,Norfolk,"Asian or Pacific Islander",13,1,0
2020-06-24,Norfolk,Black,367,59,5
2020-06-24,Norfolk,Latino,137,14,0
2020-06-24,Norfolk,"Native American",0,0,0
2020-06-24,Norfolk,"Not Reported",124,0,0
2020-06-24,Norfolk,"Other Race",15,2,0
2020-06-24,Norfolk,"Two or more races",1,0,0
2020-06-24,Norfolk,White,114,17,2
2020-06-24,Peninsula,"Asian or Pacific Islander",8,2,1
2020-06-24,Peninsula,Black,223,34,10
2020-06-24,Peninsula,Latino,152,10,0
2020-06-24,Peninsula,"Native American",2,0,0
2020-06-24,Peninsula,"Not Reported",165,1,0
2020-06-24,Peninsula,"Other Race",17,1,0
2020-06-24,Peninsula,"Two or more races",7,2,0
2020-06-24,Peninsula,White,312,74,22
2020-06-24,Piedmont,"Asian or Pacific Islander",4,0,0
2020-06-24,Piedmont,Black,334,47,2
2020-06-24,Piedmont,Latino,39,0,1
2020-06-24,Piedmont,"Native American",1,0,0
2020-06-24,Piedmont,"Not Reported",318,10,4
2020-06-24,Piedmont,"Other Race",7,1,0
2020-06-24,Piedmont,"Two or more races",2,0,0
2020-06-24,Piedmont,White,284,23,3
2020-06-24,Pittsylvania-Danville,"Asian or Pacific Islander",0,0,0
2020-06-24,Pittsylvania-Danville,Black,52,11,0
2020-06-24,Pittsylvania-Danville,Latino,26,2,0
2020-06-24,Pittsylvania-Danville,"Not Reported",17,4,0
2020-06-24,Pittsylvania-Danville,"Other Race",0,0,0
2020-06-24,Pittsylvania-Danville,"Two or more races",0,0,0
2020-06-24,Pittsylvania-Danville,White,66,16,3
2020-06-24,"Pittsylvania-Danville and Southside","Native American",0,0,0
2020-06-24,Portsmouth,"Asian or Pacific Islander",3,2,0
2020-06-24,Portsmouth,Black,218,49,12
2020-06-24,Portsmouth,Latino,17,3,0
2020-06-24,Portsmouth,"Native American",1,0,0
2020-06-24,Portsmouth,"Not Reported",97,1,1
2020-06-24,Portsmouth,"Other Race",14,0,0
2020-06-24,Portsmouth,"Two or more races",2,1,0
2020-06-24,Portsmouth,White,74,10,3
2020-06-24,"Prince William","Asian or Pacific Islander",233,40,11
2020-06-24,"Prince William",Black,617,113,34
2020-06-24,"Prince William",Latino,3742,474,44
2020-06-24,"Prince William","Native American",12,1,0
2020-06-24,"Prince William","Not Reported",3230,17,0
2020-06-24,"Prince William","Other Race",230,8,0
2020-06-24,"Prince William","Two or more races",7,1,0
2020-06-24,"Prince William",White,753,118,68
2020-06-24,Rappahannock,"Asian or Pacific Islander",37,7,0
2020-06-24,Rappahannock,Black,254,40,9
2020-06-24,Rappahannock,Latino,798,75,4
2020-06-24,Rappahannock,"Native American",3,0,0
2020-06-24,Rappahannock,"Not Reported",696,24,1
2020-06-24,Rappahannock,"Other Race",38,3,0
2020-06-24,Rappahannock,"Two or more races",10,1,0
2020-06-24,Rappahannock,White,493,60,25
2020-06-24,"Rappahannock Rapidan","Asian or Pacific Islander",5,1,0
2020-06-24,"Rappahannock Rapidan",Black,74,15,4
2020-06-24,"Rappahannock Rapidan",Latino,629,48,5
2020-06-24,"Rappahannock Rapidan","Native American",0,0,0
2020-06-24,"Rappahannock Rapidan","Not Reported",410,10,2
2020-06-24,"Rappahannock Rapidan","Other Race",21,2,0
2020-06-24,"Rappahannock Rapidan","Two or more races",10,0,0
2020-06-24,"Rappahannock Rapidan",White,274,30,7
2020-06-24,Richmond,"Asian or Pacific Islander",6,2,0
2020-06-24,Richmond,Black,522,109,22
2020-06-24,Richmond,Latino,764,61,3
2020-06-24,Richmond,"Native American",0,0,0
2020-06-24,Richmond,"Not Reported",496,2,0
2020-06-24,Richmond,"Other Race",103,9,1
2020-06-24,Richmond,"Two or more races",4,1,0
2020-06-24,Richmond,White,176,19,5
2020-06-24,Roanoke,"Asian or Pacific Islander",1,0,0
2020-06-24,Roanoke,Black,33,7,2
2020-06-24,Roanoke,Latino,132,1,0
2020-06-24,Roanoke,"Not Reported",116,1,0
2020-06-24,Roanoke,"Other Race",1,0,0
2020-06-24,Roanoke,"Two or more races",0,0,0
2020-06-24,Roanoke,White,76,5,8
2020-06-24,Southside,"Asian or Pacific Islander",1,0,0
2020-06-24,Southside,Black,96,18,7
2020-06-24,Southside,Latino,2,1,0
2020-06-24,Southside,"Not Reported",156,13,7
2020-06-24,Southside,"Other Race",6,0,1
2020-06-24,Southside,"Two or more races",20,0,0
2020-06-24,Southside,White,90,15,13
2020-06-24,"Thomas Jefferson","Asian or Pacific Islander",8,0,0
2020-06-24,"Thomas Jefferson",Black,137,40,4
2020-06-24,"Thomas Jefferson",Latino,252,8,0
2020-06-24,"Thomas Jefferson","Native American",2,0,0
2020-06-24,"Thomas Jefferson","Not Reported",94,0,0
2020-06-24,"Thomas Jefferson","Other Race",32,3,1
2020-06-24,"Thomas Jefferson","Two or more races",3,0,0
2020-06-24,"Thomas Jefferson",White,304,32,14
2020-06-24,"Three Rivers",Black,181,18,4
2020-06-24,"Three Rivers",Latino,70,3,0
2020-06-24,"Three Rivers","Not Reported",123,3,0
2020-06-24,"Three Rivers","Other Race",6,1,0
2020-06-24,"Three Rivers","Two or more races",3,0,0
2020-06-24,"Three Rivers",White,219,22,6
2020-06-24,"Virginia Beach","Asian or Pacific Islander",54,12,1
2020-06-24,"Virginia Beach",Black,260,25,4
2020-06-24,"Virginia Beach",Latino,113,12,2
2020-06-24,"Virginia Beach","Native American",0,0,0
2020-06-24,"Virginia Beach","Not Reported",149,4,1
2020-06-24,"Virginia Beach","Other Race",12,1,0
2020-06-24,"Virginia Beach","Two or more races",11,2,0
2020-06-24,"Virginia Beach",White,439,62,19
2020-06-24,"West Piedmont","Asian or Pacific Islander",10,1,1
2020-06-24,"West Piedmont",Black,81,20,2
2020-06-24,"West Piedmont",Latino,121,6,0
2020-06-24,"West Piedmont","Native American",0,0,0
2020-06-24,"West Piedmont","Not Reported",32,1,0
2020-06-24,"West Piedmont","Other Race",1,0,0
2020-06-24,"West Piedmont","Two or more races",0,0,0
2020-06-24,"West Piedmont",White,147,10,4
2020-06-24,"Western Tidewater","Asian or Pacific Islander",5,1,0
2020-06-24,"Western Tidewater",Black,293,44,20
2020-06-24,"Western Tidewater",Latino,9,1,0
2020-06-24,"Western Tidewater","Native American",0,0,0
2020-06-24,"Western Tidewater","Not Reported",229,1,0
2020-06-24,"Western Tidewater","Other Race",16,0,0
2020-06-24,"Western Tidewater","Two or more races",2,0,0
2020-06-24,"Western Tidewater",White,197,33,26
2020-06-25,Alexandria,"Asian or Pacific Islander",82,7,1
2020-06-25,Alexandria,Black,331,61,13
2020-06-25,Alexandria,Latino,1252,104,7
2020-06-25,Alexandria,"Native American",3,0,0
2020-06-25,Alexandria,"Not Reported",127,6,0
2020-06-25,Alexandria,"Other Race",40,4,2
2020-06-25,Alexandria,"Two or more races",4,1,0
2020-06-25,Alexandria,White,432,48,27
2020-06-25,Alleghany,"Asian or Pacific Islander",3,0,0
2020-06-25,Alleghany,Black,10,2,1
2020-06-25,Alleghany,Latino,61,5,0
2020-06-25,Alleghany,"Not Reported",115,1,0
2020-06-25,Alleghany,"Other Race",2,0,0
2020-06-25,Alleghany,"Two or more races",0,0,0
2020-06-25,Alleghany,White,168,23,13
2020-06-25,"Alleghany and Roanoke","Native American",0,0,0
2020-06-25,Arlington,"Asian or Pacific Islander",122,22,12
2020-06-25,Arlington,Black,200,64,29
2020-06-25,Arlington,Latino,1201,201,22
2020-06-25,Arlington,"Native American",2,0,0
2020-06-25,Arlington,"Not Reported",148,9,2
2020-06-25,Arlington,"Other Race",45,6,2
2020-06-25,Arlington,"Two or more races",16,2,0
2020-06-25,Arlington,White,711,112,60
2020-06-25,"Central Shenandoah","Asian or Pacific Islander",17,2,0
2020-06-25,"Central Shenandoah",Black,88,6,2
2020-06-25,"Central Shenandoah",Latino,751,46,4
2020-06-25,"Central Shenandoah","Native American",1,1,0
2020-06-25,"Central Shenandoah","Not Reported",183,4,0
2020-06-25,"Central Shenandoah","Other Race",31,1,0
2020-06-25,"Central Shenandoah","Two or more races",9,1,0
2020-06-25,"Central Shenandoah",White,871,94,28
2020-06-25,"Central Virginia","Asian or Pacific Islander",0,0,0
2020-06-25,"Central Virginia",Black,24,2,1
2020-06-25,"Central Virginia",Latino,22,1,1
2020-06-25,"Central Virginia","Native American",0,0,0
2020-06-25,"Central Virginia","Not Reported",206,4,1
2020-06-25,"Central Virginia","Other Race",1,0,0
2020-06-25,"Central Virginia","Two or more races",0,0,0
2020-06-25,"Central Virginia",White,78,9,2
2020-06-25,Chesapeake,"Asian or Pacific Islander",22,4,2
2020-06-25,Chesapeake,Black,282,61,5
2020-06-25,Chesapeake,Latino,108,9,1
2020-06-25,Chesapeake,"Native American",8,0,0
2020-06-25,Chesapeake,"Not Reported",82,2,0
2020-06-25,Chesapeake,"Other Race",8,1,0
2020-06-25,Chesapeake,"Two or more races",5,0,0
2020-06-25,Chesapeake,White,285,39,8
2020-06-25,Chesterfield,"Asian or Pacific Islander",26,1,0
2020-06-25,Chesterfield,Black,379,50,13
2020-06-25,Chesterfield,Latino,590,22,1
2020-06-25,Chesterfield,"Native American",3,0,0
2020-06-25,Chesterfield,"Not Reported",1286,3,14
2020-06-25,Chesterfield,"Other Race",179,6,0
2020-06-25,Chesterfield,"Two or more races",5,0,0
2020-06-25,Chesterfield,White,483,51,40
2020-06-25,Chickahominy,"Asian or Pacific Islander",2,1,0
2020-06-25,Chickahominy,Black,108,33,9
2020-06-25,Chickahominy,Latino,40,3,0
2020-06-25,Chickahominy,"Native American",1,1,0
2020-06-25,Chickahominy,"Not Reported",195,3,1
2020-06-25,Chickahominy,"Other Race",10,3,0
2020-06-25,Chickahominy,"Two or more races",1,1,0
2020-06-25,Chickahominy,White,264,59,25
2020-06-25,Crater,"Asian or Pacific Islander",3,0,0
2020-06-25,Crater,Black,663,104,12
2020-06-25,Crater,Latino,105,3,2
2020-06-25,Crater,"Native American",2,0,0
2020-06-25,Crater,"Not Reported",344,4,2
2020-06-25,Crater,"Other Race",13,0,0
2020-06-25,Crater,"Two or more races",1,0,0
2020-06-25,Crater,White,277,25,5
2020-06-25,"Cumberland Plateau",Black,12,0,0
2020-06-25,"Cumberland Plateau",Latino,0,0,0
2020-06-25,"Cumberland Plateau","Not Reported",3,0,0
2020-06-25,"Cumberland Plateau","Other Race",0,0,0
2020-06-25,"Cumberland Plateau","Two or more races",0,0,0
2020-06-25,"Cumberland Plateau",White,26,2,0
2020-06-25,"Cumberland Plateau and Lenowisco","Asian or Pacific Islander",0,0,0
2020-06-25,"Cumberland Plateau, Lenowisco, and Mount Rogers","Native American",0,0,0
2020-06-25,"Eastern Shore",Black,771,85,25
2020-06-25,"Eastern Shore",Latino,241,7,3
2020-06-25,"Eastern Shore","Not Reported",102,0,0
2020-06-25,"Eastern Shore","Other Race",12,1,0
2020-06-25,"Eastern Shore","Two or more races",1,1,0
2020-06-25,"Eastern Shore",White,176,15,14
2020-06-25,"Eastern Shore and Three Rivers","Asian or Pacific Islander",7,1,0
2020-06-25,"Eastern Shore and Three Rivers","Native American",1,0,0
2020-06-25,Fairfax,"Asian or Pacific Islander",1059,198,59
2020-06-25,Fairfax,Black,778,169,41
2020-06-25,Fairfax,Latino,7016,732,61
2020-06-25,Fairfax,"Native American",19,1,1
2020-06-25,Fairfax,"Not Reported",2402,75,53
2020-06-25,Fairfax,"Other Race",496,55,11
2020-06-25,Fairfax,"Two or more races",16,2,0
2020-06-25,Fairfax,White,1951,372,245
2020-06-25,Hampton,"Asian or Pacific Islander",3,0,0
2020-06-25,Hampton,Black,133,27,5
2020-06-25,Hampton,Latino,34,3,0
2020-06-25,Hampton,"Native American",0,0,0
2020-06-25,Hampton,"Not Reported",54,0,0
2020-06-25,Hampton,"Other Race",4,2,0
2020-06-25,Hampton,"Two or more races",2,0,0
2020-06-25,Hampton,White,51,6,0
2020-06-25,Henrico,"Asian or Pacific Islander",109,5,3
2020-06-25,Henrico,Black,708,118,60
2020-06-25,Henrico,Latino,485,36,4
2020-06-25,Henrico,"Native American",7,0,0
2020-06-25,Henrico,"Not Reported",535,3,1
2020-06-25,Henrico,"Other Race",63,8,1
2020-06-25,Henrico,"Two or more races",5,0,0
2020-06-25,Henrico,White,588,72,71
2020-06-25,Lenowisco,Black,1,0,0
2020-06-25,Lenowisco,Latino,0,0,0
2020-06-25,Lenowisco,"Not Reported",7,1,1
2020-06-25,Lenowisco,"Other Race",1,0,0
2020-06-25,Lenowisco,"Two or more races",0,0,0
2020-06-25,Lenowisco,White,40,15,3
2020-06-25,"Lord Fairfax","Asian or Pacific Islander",5,0,0
2020-06-25,"Lord Fairfax",Black,70,6,1
2020-06-25,"Lord Fairfax",Latino,512,36,8
2020-06-25,"Lord Fairfax","Native American",2,1,1
2020-06-25,"Lord Fairfax","Not Reported",250,3,4
2020-06-25,"Lord Fairfax","Other Race",66,5,0
2020-06-25,"Lord Fairfax","Two or more races",9,0,0
2020-06-25,"Lord Fairfax",White,985,111,49
2020-06-25,Loudoun,"Asian or Pacific Islander",152,34,8
2020-06-25,Loudoun,Black,120,17,3
2020-06-25,Loudoun,Latino,911,118,8
2020-06-25,Loudoun,"Native American",1,0,0
2020-06-25,Loudoun,"Not Reported",1883,3,2
2020-06-25,Loudoun,"Other Race",117,4,2
2020-06-25,Loudoun,"Two or more races",10,0,0
2020-06-25,Loudoun,White,545,85,62
2020-06-25,"Mount Rogers","Asian or Pacific Islander",2,1,0
2020-06-25,"Mount Rogers",Black,24,5,2
2020-06-25,"Mount Rogers",Latino,165,1,0
2020-06-25,"Mount Rogers","Not Reported",36,0,1
2020-06-25,"Mount Rogers","Other Race",2,0,0
2020-06-25,"Mount Rogers","Two or more races",3,0,0
2020-06-25,"Mount Rogers",White,436,61,24
2020-06-25,"New River","Asian or Pacific Islander",1,0,0
2020-06-25,"New River",Black,10,3,0
2020-06-25,"New River",Latino,17,1,0
2020-06-25,"New River","Native American",0,0,0
2020-06-25,"New River","Not Reported",39,0,0
2020-06-25,"New River","Other Race",0,0,0
2020-06-25,"New River","Two or more races",0,0,0
2020-06-25,"New River",White,121,18,5
2020-06-25,Norfolk,"Asian or Pacific Islander",13,1,0
2020-06-25,Norfolk,Black,380,61,6
2020-06-25,Norfolk,Latino,142,14,0
2020-06-25,Norfolk,"Native American",0,0,0
2020-06-25,Norfolk,"Not Reported",129,0,0
2020-06-25,Norfolk,"Other Race",15,2,0
2020-06-25,Norfolk,"Two or more races",1,0,0
2020-06-25,Norfolk,White,115,17,2
2020-06-25,Peninsula,"Asian or Pacific Islander",9,2,1
2020-06-25,Peninsula,Black,227,34,10
2020-06-25,Peninsula,Latino,154,11,0
2020-06-25,Peninsula,"Native American",2,0,0
2020-06-25,Peninsula,"Not Reported",160,1,0
2020-06-25,Peninsula,"Other Race",18,1,0
2020-06-25,Peninsula,"Two or more races",7,2,0
2020-06-25,Peninsula,White,314,75,23
2020-06-25,Piedmont,"Asian or Pacific Islander",4,0,0
2020-06-25,Piedmont,Black,338,47,2
2020-06-25,Piedmont,Latino,43,0,1
2020-06-25,Piedmont,"Native American",1,0,0
2020-06-25,Piedmont,"Not Reported",313,10,4
2020-06-25,Piedmont,"Other Race",7,1,0
2020-06-25,Piedmont,"Two or more races",2,0,0
2020-06-25,Piedmont,White,285,23,3
2020-06-25,Pittsylvania-Danville,"Asian or Pacific Islander",0,0,0
2020-06-25,Pittsylvania-Danville,Black,55,12,0
2020-06-25,Pittsylvania-Danville,Latino,27,2,0
2020-06-25,Pittsylvania-Danville,"Not Reported",18,5,0
2020-06-25,Pittsylvania-Danville,"Other Race",0,0,0
2020-06-25,Pittsylvania-Danville,"Two or more races",0,0,0
2020-06-25,Pittsylvania-Danville,White,68,17,3
2020-06-25,"Pittsylvania-Danville and Southside","Native American",0,0,0
2020-06-25,Portsmouth,"Asian or Pacific Islander",3,2,0
2020-06-25,Portsmouth,Black,223,50,12
2020-06-25,Portsmouth,Latino,19,3,0
2020-06-25,Portsmouth,"Native American",2,0,0
2020-06-25,Portsmouth,"Not Reported",104,1,1
2020-06-25,Portsmouth,"Other Race",14,0,0
2020-06-25,Portsmouth,"Two or more races",3,1,0
2020-06-25,Portsmouth,White,74,10,3
2020-06-25,"Prince William","Asian or Pacific Islander",236,40,11
2020-06-25,"Prince William",Black,619,114,34
2020-06-25,"Prince William",Latino,3775,476,45
2020-06-25,"Prince William","Native American",12,1,0
2020-06-25,"Prince William","Not Reported",3216,17,0
2020-06-25,"Prince William","Other Race",232,9,0
2020-06-25,"Prince William","Two or more races",8,1,0
2020-06-25,"Prince William",White,757,119,68
2020-06-25,Rappahannock,"Asian or Pacific Islander",37,7,0
2020-06-25,Rappahannock,Black,255,41,9
2020-06-25,Rappahannock,Latino,802,76,4
2020-06-25,Rappahannock,"Native American",3,0,0
2020-06-25,Rappahannock,"Not Reported",702,23,1
2020-06-25,Rappahannock,"Other Race",39,3,0
2020-06-25,Rappahannock,"Two or more races",10,1,0
2020-06-25,Rappahannock,White,495,60,25
2020-06-25,"Rappahannock Rapidan","Asian or Pacific Islander",5,1,0
2020-06-25,"Rappahannock Rapidan",Black,75,15,4
2020-06-25,"Rappahannock Rapidan",Latino,624,48,5
2020-06-25,"Rappahannock Rapidan","Native American",0,0,0
2020-06-25,"Rappahannock Rapidan","Not Reported",412,10,2
2020-06-25,"Rappahannock Rapidan","Other Race",21,2,0
2020-06-25,"Rappahannock Rapidan","Two or more races",10,0,0
2020-06-25,"Rappahannock Rapidan",White,276,30,7
2020-06-25,Richmond,"Asian or Pacific Islander",7,2,0
2020-06-25,Richmond,Black,524,110,21
2020-06-25,Richmond,Latino,793,64,3
2020-06-25,Richmond,"Native American",0,0,0
2020-06-25,Richmond,"Not Reported",485,2,0
2020-06-25,Richmond,"Other Race",99,8,1
2020-06-25,Richmond,"Two or more races",4,1,0
2020-06-25,Richmond,White,177,19,5
2020-06-25,Roanoke,"Asian or Pacific Islander",1,0,0
2020-06-25,Roanoke,Black,33,7,2
2020-06-25,Roanoke,Latino,132,1,0
2020-06-25,Roanoke,"Not Reported",116,1,0
2020-06-25,Roanoke,"Other Race",1,0,0
2020-06-25,Roanoke,"Two or more races",0,0,0
2020-06-25,Roanoke,White,76,5,8
2020-06-25,Southside,"Asian or Pacific Islander",1,0,0
2020-06-25,Southside,Black,96,17,7
2020-06-25,Southside,Latino,1,0,0
2020-06-25,Southside,"Not Reported",160,15,8
2020-06-25,Southside,"Other Race",6,0,1
2020-06-25,Southside,"Two or more races",21,0,0
2020-06-25,Southside,White,90,14,12
2020-06-25,"Thomas Jefferson","Asian or Pacific Islander",9,0,0
2020-06-25,"Thomas Jefferson",Black,139,40,4
2020-06-25,"Thomas Jefferson",Latino,263,8,0
2020-06-25,"Thomas Jefferson","Native American",2,0,0
2020-06-25,"Thomas Jefferson","Not Reported",96,0,0
2020-06-25,"Thomas Jefferson","Other Race",32,3,1
2020-06-25,"Thomas Jefferson","Two or more races",3,0,0
2020-06-25,"Thomas Jefferson",White,310,32,14
2020-06-25,"Three Rivers",Black,182,18,4
2020-06-25,"Three Rivers",Latino,70,3,0
2020-06-25,"Three Rivers","Not Reported",124,3,0
2020-06-25,"Three Rivers","Other Race",6,1,0
2020-06-25,"Three Rivers","Two or more races",3,0,0
2020-06-25,"Three Rivers",White,219,22,6
2020-06-25,"Virginia Beach","Asian or Pacific Islander",55,12,1
2020-06-25,"Virginia Beach",Black,264,25,4
2020-06-25,"Virginia Beach",Latino,114,12,2
2020-06-25,"Virginia Beach","Native American",0,0,0
2020-06-25,"Virginia Beach","Not Reported",152,4,1
2020-06-25,"Virginia Beach","Other Race",12,1,0
2020-06-25,"Virginia Beach","Two or more races",11,2,0
2020-06-25,"Virginia Beach",White,445,62,19
2020-06-25,"West Piedmont","Asian or Pacific Islander",10,1,1
2020-06-25,"West Piedmont",Black,81,20,2
2020-06-25,"West Piedmont",Latino,122,6,0
2020-06-25,"West Piedmont","Native American",0,0,0
2020-06-25,"West Piedmont","Not Reported",29,1,0
2020-06-25,"West Piedmont","Other Race",1,0,0
2020-06-25,"West Piedmont","Two or more races",0,0,0
2020-06-25,"West Piedmont",White,151,10,4
2020-06-25,"Western Tidewater","Asian or Pacific Islander",5,1,0
2020-06-25,"Western Tidewater",Black,295,44,20
2020-06-25,"Western Tidewater",Latino,9,1,0
2020-06-25,"Western Tidewater","Native American",0,0,0
2020-06-25,"Western Tidewater","Not Reported",233,1,0
2020-06-25,"Western Tidewater","Other Race",16,0,0
2020-06-25,"Western Tidewater","Two or more races",2,0,0
2020-06-25,"Western Tidewater",White,198,34,26
2020-06-26,Alexandria,"Asian or Pacific Islander",83,8,1
2020-06-26,Alexandria,Black,332,61,13
2020-06-26,Alexandria,Latino,1258,109,9
2020-06-26,Alexandria,"Native American",3,0,0
2020-06-26,Alexandria,"Not Reported",136,6,0
2020-06-26,Alexandria,"Other Race",38,4,2
2020-06-26,Alexandria,"Two or more races",4,1,0
2020-06-26,Alexandria,White,433,48,31
2020-06-26,Alleghany,"Asian or Pacific Islander",3,0,0
2020-06-26,Alleghany,Black,10,2,1
2020-06-26,Alleghany,Latino,61,5,0
2020-06-26,Alleghany,"Not Reported",115,1,0
2020-06-26,Alleghany,"Other Race",2,0,0
2020-06-26,Alleghany,"Two or more races",0,0,0
2020-06-26,Alleghany,White,167,23,13
2020-06-26,"Alleghany and Roanoke","Native American",0,0,0
2020-06-26,Arlington,"Asian or Pacific Islander",122,22,12
2020-06-26,Arlington,Black,200,64,29
2020-06-26,Arlington,Latino,1202,201,23
2020-06-26,Arlington,"Native American",2,0,0
2020-06-26,Arlington,"Not Reported",148,9,3
2020-06-26,Arlington,"Other Race",45,6,2
2020-06-26,Arlington,"Two or more races",16,2,0
2020-06-26,Arlington,White,714,113,63
2020-06-26,"Central Shenandoah","Asian or Pacific Islander",17,2,0
2020-06-26,"Central Shenandoah",Black,88,7,2
2020-06-26,"Central Shenandoah",Latino,758,47,4
2020-06-26,"Central Shenandoah","Native American",1,1,0
2020-06-26,"Central Shenandoah","Not Reported",184,4,0
2020-06-26,"Central Shenandoah","Other Race",31,1,0
2020-06-26,"Central Shenandoah","Two or more races",9,1,0
2020-06-26,"Central Shenandoah",White,885,97,28
2020-06-26,"Central Virginia","Asian or Pacific Islander",0,0,0
2020-06-26,"Central Virginia",Black,24,2,1
2020-06-26,"Central Virginia",Latino,22,1,1
2020-06-26,"Central Virginia","Native American",0,0,0
2020-06-26,"Central Virginia","Not Reported",226,4,1
2020-06-26,"Central Virginia","Other Race",1,0,0
2020-06-26,"Central Virginia","Two or more races",0,0,0
2020-06-26,"Central Virginia",White,80,9,2
2020-06-26,Chesapeake,"Asian or Pacific Islander",23,4,2
2020-06-26,Chesapeake,Black,293,65,6
2020-06-26,Chesapeake,Latino,111,10,1
2020-06-26,Chesapeake,"Native American",8,0,0
2020-06-26,Chesapeake,"Not Reported",98,2,0
2020-06-26,Chesapeake,"Other Race",8,2,0
2020-06-26,Chesapeake,"Two or more races",6,1,0
2020-06-26,Chesapeake,White,299,40,9
2020-06-26,Chesterfield,"Asian or Pacific Islander",26,1,0
2020-06-26,Chesterfield,Black,381,50,13
2020-06-26,Chesterfield,Latino,612,21,1
2020-06-26,Chesterfield,"Native American",3,0,0
2020-06-26,Chesterfield,"Not Reported",1309,3,13
2020-06-26,Chesterfield,"Other Race",179,6,0
2020-06-26,Chesterfield,"Two or more races",5,0,0
2020-06-26,Chesterfield,White,486,53,41
2020-06-26,Chickahominy,"Asian or Pacific Islander",2,1,0
2020-06-26,Chickahominy,Black,110,34,9
2020-06-26,Chickahominy,Latino,40,3,0
2020-06-26,Chickahominy,"Native American",1,1,0
2020-06-26,Chickahominy,"Not Reported",194,3,1
2020-06-26,Chickahominy,"Other Race",10,3,0
2020-06-26,Chickahominy,"Two or more races",1,1,0
2020-06-26,Chickahominy,White,269,60,25
2020-06-26,Crater,"Asian or Pacific Islander",3,0,0
2020-06-26,Crater,Black,672,106,12
2020-06-26,Crater,Latino,108,4,2
2020-06-26,Crater,"Native American",2,0,0
2020-06-26,Crater,"Not Reported",348,4,2
2020-06-26,Crater,"Other Race",14,0,0
2020-06-26,Crater,"Two or more races",2,0,0
2020-06-26,Crater,White,278,26,5
2020-06-26,"Cumberland Plateau",Black,12,0,0
2020-06-26,"Cumberland Plateau",Latino,0,0,0
2020-06-26,"Cumberland Plateau","Not Reported",3,0,0
2020-06-26,"Cumberland Plateau","Other Race",0,0,0
2020-06-26,"Cumberland Plateau","Two or more races",0,0,0
2020-06-26,"Cumberland Plateau",White,26,2,0
2020-06-26,"Cumberland Plateau and Lenowisco","Asian or Pacific Islander",0,0,0
2020-06-26,"Cumberland Plateau, Lenowisco, and Mount Rogers","Native American",0,0,0
2020-06-26,"Eastern Shore",Black,771,86,25
2020-06-26,"Eastern Shore",Latino,241,7,3
2020-06-26,"Eastern Shore","Not Reported",102,0,0
2020-06-26,"Eastern Shore","Other Race",12,1,0
2020-06-26,"Eastern Shore","Two or more races",1,1,0
2020-06-26,"Eastern Shore",White,176,15,14
2020-06-26,"Eastern Shore and Three Rivers","Asian or Pacific Islander",7,1,0
2020-06-26,"Eastern Shore and Three Rivers","Native American",1,0,0
2020-06-26,Fairfax,"Asian or Pacific Islander",1062,200,60
2020-06-26,Fairfax,Black,785,169,44
2020-06-26,Fairfax,Latino,7054,736,61
2020-06-26,Fairfax,"Native American",20,1,1
2020-06-26,Fairfax,"Not Reported",2375,76,51
2020-06-26,Fairfax,"Other Race",500,57,11
2020-06-26,Fairfax,"Two or more races",16,2,0
2020-06-26,Fairfax,White,1966,375,249
2020-06-26,Hampton,"Asian or Pacific Islander",3,0,0
2020-06-26,Hampton,Black,139,28,5
2020-06-26,Hampton,Latino,34,3,0
2020-06-26,Hampton,"Native American",0,0,0
2020-06-26,Hampton,"Not Reported",61,0,0
2020-06-26,Hampton,"Other Race",4,2,0
2020-06-26,Hampton,"Two or more races",2,0,0
2020-06-26,Hampton,White,53,6,0
2020-06-26,Henrico,"Asian or Pacific Islander",110,5,3
2020-06-26,Henrico,Black,715,118,60
2020-06-26,Henrico,Latino,523,37,4
2020-06-26,Henrico,"Native American",7,0,0
2020-06-26,Henrico,"Not Reported",517,1,1
2020-06-26,Henrico,"Other Race",69,10,1
2020-06-26,Henrico,"Two or more races",6,0,0
2020-06-26,Henrico,White,596,73,72
2020-06-26,Lenowisco,Black,1,0,0
2020-06-26,Lenowisco,Latino,0,0,0
2020-06-26,Lenowisco,"Not Reported",7,1,1
2020-06-26,Lenowisco,"Other Race",1,0,0
2020-06-26,Lenowisco,"Two or more races",0,0,0
2020-06-26,Lenowisco,White,40,15,3
2020-06-26,"Lord Fairfax","Asian or Pacific Islander",5,0,0
2020-06-26,"Lord Fairfax",Black,70,6,2
2020-06-26,"Lord Fairfax",Latino,514,36,8
2020-06-26,"Lord Fairfax","Native American",2,1,1
2020-06-26,"Lord Fairfax","Not Reported",249,3,4
2020-06-26,"Lord Fairfax","Other Race",65,5,0
2020-06-26,"Lord Fairfax","Two or more races",9,0,0
2020-06-26,"Lord Fairfax",White,988,113,49
2020-06-26,Loudoun,"Asian or Pacific Islander",154,34,8
2020-06-26,Loudoun,Black,120,17,3
2020-06-26,Loudoun,Latino,927,118,8
2020-06-26,Loudoun,"Native American",1,0,0
2020-06-26,Loudoun,"Not Reported",1922,2,2
2020-06-26,Loudoun,"Other Race",117,4,2
2020-06-26,Loudoun,"Two or more races",10,0,0
2020-06-26,Loudoun,White,555,86,63
2020-06-26,"Mount Rogers","Asian or Pacific Islander",2,1,0
2020-06-26,"Mount Rogers",Black,24,5,2
2020-06-26,"Mount Rogers",Latino,165,1,0
2020-06-26,"Mount Rogers","Not Reported",36,0,1
2020-06-26,"Mount Rogers","Other Race",2,0,0
2020-06-26,"Mount Rogers","Two or more races",3,0,0
2020-06-26,"Mount Rogers",White,441,63,24
2020-06-26,"New River","Asian or Pacific Islander",1,0,0
2020-06-26,"New River",Black,10,3,0
2020-06-26,"New River",Latino,17,1,0
2020-06-26,"New River","Native American",0,0,0
2020-06-26,"New River","Not Reported",40,0,0
2020-06-26,"New River","Other Race",0,0,0
2020-06-26,"New River","Two or more races",0,0,0
2020-06-26,"New River",White,127,18,5
2020-06-26,Norfolk,"Asian or Pacific Islander",14,1,0
2020-06-26,Norfolk,Black,394,63,6
2020-06-26,Norfolk,Latino,143,14,0
2020-06-26,Norfolk,"Native American",0,0,0
2020-06-26,Norfolk,"Not Reported",133,0,0
2020-06-26,Norfolk,"Other Race",15,2,0
2020-06-26,Norfolk,"Two or more races",1,0,0
2020-06-26,Norfolk,White,122,17,2
2020-06-26,Peninsula,"Asian or Pacific Islander",9,2,1
2020-06-26,Peninsula,Black,230,34,10
2020-06-26,Peninsula,Latino,154,11,0
2020-06-26,Peninsula,"Native American",2,0,0
2020-06-26,Peninsula,"Not Reported",169,1,0
2020-06-26,Peninsula,"Other Race",19,1,0
2020-06-26,Peninsula,"Two or more races",7,2,0
2020-06-26,Peninsula,White,315,75,23
2020-06-26,Piedmont,"Asian or Pacific Islander",4,0,0
2020-06-26,Piedmont,Black,337,47,2
2020-06-26,Piedmont,Latino,44,1,1
2020-06-26,Piedmont,"Native American",1,0,0
2020-06-26,Piedmont,"Not Reported",310,10,4
2020-06-26,Piedmont,"Other Race",6,0,0
2020-06-26,Piedmont,"Two or more races",3,1,0
2020-06-26,Piedmont,White,287,23,3
2020-06-26,Pittsylvania-Danville,"Asian or Pacific Islander",0,0,0
2020-06-26,Pittsylvania-Danville,Black,58,13,0
2020-06-26,Pittsylvania-Danville,Latino,27,2,0
2020-06-26,Pittsylvania-Danville,"Not Reported",18,5,0
2020-06-26,Pittsylvania-Danville,"Other Race",0,0,0
2020-06-26,Pittsylvania-Danville,"Two or more races",0,0,0
2020-06-26,Pittsylvania-Danville,White,76,17,3
2020-06-26,"Pittsylvania-Danville and Southside","Native American",0,0,0
2020-06-26,Portsmouth,"Asian or Pacific Islander",3,2,0
2020-06-26,Portsmouth,Black,226,50,12
2020-06-26,Portsmouth,Latino,19,3,0
2020-06-26,Portsmouth,"Native American",2,0,0
2020-06-26,Portsmouth,"Not Reported",108,1,1
2020-06-26,Portsmouth,"Other Race",15,0,0
2020-06-26,Portsmouth,"Two or more races",2,1,0
2020-06-26,Portsmouth,White,74,10,3
2020-06-26,"Prince William","Asian or Pacific Islander",241,40,11
2020-06-26,"Prince William",Black,622,116,35
2020-06-26,"Prince William",Latino,3819,481,45
2020-06-26,"Prince William","Native American",12,1,0
2020-06-26,"Prince William","Not Reported",3211,17,0
2020-06-26,"Prince William","Other Race",226,8,0
2020-06-26,"Prince William","Two or more races",7,1,0
2020-06-26,"Prince William",White,767,121,68
2020-06-26,Rappahannock,"Asian or Pacific Islander",38,7,0
2020-06-26,Rappahannock,Black,258,42,9
2020-06-26,Rappahannock,Latino,816,78,4
2020-06-26,Rappahannock,"Native American",3,0,0
2020-06-26,Rappahannock,"Not Reported",709,23,1
2020-06-26,Rappahannock,"Other Race",39,3,0
2020-06-26,Rappahannock,"Two or more races",10,1,0
2020-06-26,Rappahannock,White,501,63,27
2020-06-26,"Rappahannock Rapidan","Asian or Pacific Islander",5,1,0
2020-06-26,"Rappahannock Rapidan",Black,75,16,4
2020-06-26,"Rappahannock Rapidan",Latino,626,48,5
2020-06-26,"Rappahannock Rapidan","Native American",0,0,0
2020-06-26,"Rappahannock Rapidan","Not Reported",414,10,2
2020-06-26,"Rappahannock Rapidan","Other Race",21,2,0
2020-06-26,"Rappahannock Rapidan","Two or more races",10,0,0
2020-06-26,"Rappahannock Rapidan",White,277,30,7
2020-06-26,Richmond,"Asian or Pacific Islander",7,2,0
2020-06-26,Richmond,Black,528,113,22
2020-06-26,Richmond,Latino,821,65,3
2020-06-26,Richmond,"Native American",0,0,0
2020-06-26,Richmond,"Not Reported",492,2,0
2020-06-26,Richmond,"Other Race",101,9,1
2020-06-26,Richmond,"Two or more races",4,2,0
2020-06-26,Richmond,White,180,19,4
2020-06-26,Roanoke,"Asian or Pacific Islander",1,0,0
2020-06-26,Roanoke,Black,33,7,2
2020-06-26,Roanoke,Latino,132,1,0
2020-06-26,Roanoke,"Not Reported",117,1,0
2020-06-26,Roanoke,"Other Race",1,0,0
2020-06-26,Roanoke,"Two or more races",0,0,0
2020-06-26,Roanoke,White,76,5,8
2020-06-26,Southside,"Asian or Pacific Islander",1,0,0
2020-06-26,Southside,Black,96,17,7
2020-06-26,Southside,Latino,1,0,0
2020-06-26,Southside,"Not Reported",161,15,8
2020-06-26,Southside,"Other Race",6,0,1
2020-06-26,Southside,"Two or more races",21,0,0
2020-06-26,Southside,White,90,14,12
2020-06-26,"Thomas Jefferson","Asian or Pacific Islander",9,0,0
2020-06-26,"Thomas Jefferson",Black,141,40,4
2020-06-26,"Thomas Jefferson",Latino,269,10,0
2020-06-26,"Thomas Jefferson","Native American",2,0,0
2020-06-26,"Thomas Jefferson","Not Reported",96,0,0
2020-06-26,"Thomas Jefferson","Other Race",33,3,1
2020-06-26,"Thomas Jefferson","Two or more races",3,0,0
2020-06-26,"Thomas Jefferson",White,315,34,14
2020-06-26,"Three Rivers",Black,184,17,3
2020-06-26,"Three Rivers",Latino,70,3,0
2020-06-26,"Three Rivers","Not Reported",129,3,0
2020-06-26,"Three Rivers","Other Race",6,1,0
2020-06-26,"Three Rivers","Two or more races",3,0,0
2020-06-26,"Three Rivers",White,226,23,6
2020-06-26,"Virginia Beach","Asian or Pacific Islander",56,12,1
2020-06-26,"Virginia Beach",Black,271,24,4
2020-06-26,"Virginia Beach",Latino,116,12,2
2020-06-26,"Virginia Beach","Native American",0,0,0
2020-06-26,"Virginia Beach","Not Reported",167,4,2
2020-06-26,"Virginia Beach","Other Race",13,1,0
2020-06-26,"Virginia Beach","Two or more races",11,2,0
2020-06-26,"Virginia Beach",White,448,62,19
2020-06-26,"West Piedmont","Asian or Pacific Islander",10,1,1
2020-06-26,"West Piedmont",Black,81,20,2
2020-06-26,"West Piedmont",Latino,123,6,0
2020-06-26,"West Piedmont","Native American",0,0,0
2020-06-26,"West Piedmont","Not Reported",32,1,0
2020-06-26,"West Piedmont","Other Race",1,0,0
2020-06-26,"West Piedmont","Two or more races",0,0,0
2020-06-26,"West Piedmont",White,154,10,4
2020-06-26,"Western Tidewater","Asian or Pacific Islander",5,1,0
2020-06-26,"Western Tidewater",Black,296,44,20
2020-06-26,"Western Tidewater",Latino,9,1,0
2020-06-26,"Western Tidewater","Native American",0,0,0
2020-06-26,"Western Tidewater","Not Reported",236,2,0
2020-06-26,"Western Tidewater","Other Race",16,0,0
2020-06-26,"Western Tidewater","Two or more races",2,0,0
2020-06-26,"Western Tidewater",White,199,34,26
2020-06-27,Alexandria,"Asian or Pacific Islander",83,8,1
2020-06-27,Alexandria,Black,333,61,13
2020-06-27,Alexandria,Latino,1272,110,9
2020-06-27,Alexandria,"Native American",3,0,0
2020-06-27,Alexandria,"Not Reported",133,6,0
2020-06-27,Alexandria,"Other Race",39,4,2
2020-06-27,Alexandria,"Two or more races",4,1,0
2020-06-27,Alexandria,White,436,48,32
2020-06-27,Alleghany,"Asian or Pacific Islander",3,0,0
2020-06-27,Alleghany,Black,10,2,1
2020-06-27,Alleghany,Latino,61,5,0
2020-06-27,Alleghany,"Not Reported",116,1,0
2020-06-27,Alleghany,"Other Race",2,0,0
2020-06-27,Alleghany,"Two or more races",0,0,0
2020-06-27,Alleghany,White,168,23,13
2020-06-27,"Alleghany and Roanoke","Native American",0,0,0
2020-06-27,Arlington,"Asian or Pacific Islander",123,22,12
2020-06-27,Arlington,Black,200,64,29
2020-06-27,Arlington,Latino,1203,201,23
2020-06-27,Arlington,"Native American",2,0,0
2020-06-27,Arlington,"Not Reported",149,9,3
2020-06-27,Arlington,"Other Race",47,6,2
2020-06-27,Arlington,"Two or more races",16,2,0
2020-06-27,Arlington,White,714,113,63
2020-06-27,"Central Shenandoah","Asian or Pacific Islander",17,2,0
2020-06-27,"Central Shenandoah",Black,88,7,2
2020-06-27,"Central Shenandoah",Latino,769,47,4
2020-06-27,"Central Shenandoah","Native American",1,1,0
2020-06-27,"Central Shenandoah","Not Reported",179,3,0
2020-06-27,"Central Shenandoah","Other Race",32,1,0
2020-06-27,"Central Shenandoah","Two or more races",9,1,0
2020-06-27,"Central Shenandoah",White,908,101,28
2020-06-27,"Central Virginia","Asian or Pacific Islander",0,0,0
2020-06-27,"Central Virginia",Black,24,2,1
2020-06-27,"Central Virginia",Latino,22,1,1
2020-06-27,"Central Virginia","Native American",0,0,0
2020-06-27,"Central Virginia","Not Reported",225,4,1
2020-06-27,"Central Virginia","Other Race",1,0,0
2020-06-27,"Central Virginia","Two or more races",0,0,0
2020-06-27,"Central Virginia",White,81,9,2
2020-06-27,Chesapeake,"Asian or Pacific Islander",23,4,2
2020-06-27,Chesapeake,Black,299,65,6
2020-06-27,Chesapeake,Latino,111,10,1
2020-06-27,Chesapeake,"Native American",8,0,0
2020-06-27,Chesapeake,"Not Reported",99,2,0
2020-06-27,Chesapeake,"Other Race",8,2,0
2020-06-27,Chesapeake,"Two or more races",6,1,0
2020-06-27,Chesapeake,White,300,41,11
2020-06-27,Chesterfield,"Asian or Pacific Islander",26,1,0
2020-06-27,Chesterfield,Black,388,50,13
2020-06-27,Chesterfield,Latino,618,21,1
2020-06-27,Chesterfield,"Native American",3,0,0
2020-06-27,Chesterfield,"Not Reported",1346,3,13
2020-06-27,Chesterfield,"Other Race",181,6,0
2020-06-27,Chesterfield,"Two or more races",5,0,0
2020-06-27,Chesterfield,White,495,53,41
2020-06-27,Chickahominy,"Asian or Pacific Islander",2,1,0
2020-06-27,Chickahominy,Black,112,34,10
2020-06-27,Chickahominy,Latino,40,3,0
2020-06-27,Chickahominy,"Native American",1,1,0
2020-06-27,Chickahominy,"Not Reported",191,3,1
2020-06-27,Chickahominy,"Other Race",10,3,0
2020-06-27,Chickahominy,"Two or more races",1,1,0
2020-06-27,Chickahominy,White,273,61,25
2020-06-27,Crater,"Asian or Pacific Islander",3,0,0
2020-06-27,Crater,Black,681,107,13
2020-06-27,Crater,Latino,110,4,2
2020-06-27,Crater,"Native American",2,0,0
2020-06-27,Crater,"Not Reported",360,4,5
2020-06-27,Crater,"Other Race",14,0,0
2020-06-27,Crater,"Two or more races",2,0,0
2020-06-27,Crater,White,284,27,6
2020-06-27,"Cumberland Plateau",Black,12,0,0
2020-06-27,"Cumberland Plateau",Latino,0,0,0
2020-06-27,"Cumberland Plateau","Not Reported",15,0,0
2020-06-27,"Cumberland Plateau","Other Race",0,0,0
2020-06-27,"Cumberland Plateau","Two or more races",1,0,0
2020-06-27,"Cumberland Plateau",White,29,2,0
2020-06-27,"Cumberland Plateau and Lenowisco","Asian or Pacific Islander",1,0,0
2020-06-27,"Cumberland Plateau, Lenowisco, and Mount Rogers","Native American",0,0,0
2020-06-27,"Eastern Shore",Black,783,86,25
2020-06-27,"Eastern Shore",Latino,244,7,3
2020-06-27,"Eastern Shore","Not Reported",88,0,0
2020-06-27,"Eastern Shore","Other Race",13,1,0
2020-06-27,"Eastern Shore","Two or more races",1,1,0
2020-06-27,"Eastern Shore",White,176,15,14
2020-06-27,"Eastern Shore and Three Rivers","Asian or Pacific Islander",7,1,0
2020-06-27,"Eastern Shore and Three Rivers","Native American",1,0,0
2020-06-27,Fairfax,"Asian or Pacific Islander",1072,200,60
2020-06-27,Fairfax,Black,789,170,44
2020-06-27,Fairfax,Latino,7089,738,63
2020-06-27,Fairfax,"Native American",20,1,1
2020-06-27,Fairfax,"Not Reported",2377,74,51
2020-06-27,Fairfax,"Other Race",500,57,12
2020-06-27,Fairfax,"Two or more races",18,2,0
2020-06-27,Fairfax,White,1989,381,251
2020-06-27,Hampton,"Asian or Pacific Islander",3,0,0
2020-06-27,Hampton,Black,144,29,5
2020-06-27,Hampton,Latino,35,3,0
2020-06-27,Hampton,"Native American",0,0,0
2020-06-27,Hampton,"Not Reported",62,0,0
2020-06-27,Hampton,"Other Race",4,2,0
2020-06-27,Hampton,"Two or more races",2,0,0
2020-06-27,Hampton,White,55,7,0
2020-06-27,Henrico,"Asian or Pacific Islander",112,5,3
2020-06-27,Henrico,Black,719,120,60
2020-06-27,Henrico,Latino,534,38,4
2020-06-27,Henrico,"Native American",7,0,0
2020-06-27,Henrico,"Not Reported",508,1,1
2020-06-27,Henrico,"Other Race",74,11,1
2020-06-27,Henrico,"Two or more races",6,0,0
2020-06-27,Henrico,White,600,74,72
2020-06-27,Lenowisco,Black,1,0,0
2020-06-27,Lenowisco,Latino,0,0,0
2020-06-27,Lenowisco,"Not Reported",7,1,1
2020-06-27,Lenowisco,"Other Race",1,0,0
2020-06-27,Lenowisco,"Two or more races",0,0,0
2020-06-27,Lenowisco,White,40,15,3
2020-06-27,"Lord Fairfax","Asian or Pacific Islander",6,0,0
2020-06-27,"Lord Fairfax",Black,71,6,2
2020-06-27,"Lord Fairfax",Latino,518,36,8
2020-06-27,"Lord Fairfax","Native American",2,1,1
2020-06-27,"Lord Fairfax","Not Reported",254,3,4
2020-06-27,"Lord Fairfax","Other Race",67,5,0
2020-06-27,"Lord Fairfax","Two or more races",9,0,0
2020-06-27,"Lord Fairfax",White,1014,120,51
2020-06-27,Loudoun,"Asian or Pacific Islander",158,35,8
2020-06-27,Loudoun,Black,120,17,3
2020-06-27,Loudoun,Latino,935,118,8
2020-06-27,Loudoun,"Native American",0,0,0
2020-06-27,Loudoun,"Not Reported",1985,2,2
2020-06-27,Loudoun,"Other Race",117,4,2
2020-06-27,Loudoun,"Two or more races",11,0,0
2020-06-27,Loudoun,White,564,86,63
2020-06-27,"Mount Rogers","Asian or Pacific Islander",2,1,0
2020-06-27,"Mount Rogers",Black,24,5,2
2020-06-27,"Mount Rogers",Latino,166,1,0
2020-06-27,"Mount Rogers","Not Reported",36,0,1
2020-06-27,"Mount Rogers","Other Race",2,0,0
2020-06-27,"Mount Rogers","Two or more races",3,0,0
2020-06-27,"Mount Rogers",White,447,65,26
2020-06-27,"New River","Asian or Pacific Islander",1,0,0
2020-06-27,"New River",Black,10,3,0
2020-06-27,"New River",Latino,17,1,0
2020-06-27,"New River","Native American",0,0,0
2020-06-27,"New River","Not Reported",40,0,0
2020-06-27,"New River","Other Race",0,0,0
2020-06-27,"New River","Two or more races",0,0,0
2020-06-27,"New River",White,131,18,5
2020-06-27,Norfolk,"Asian or Pacific Islander",14,1,0
2020-06-27,Norfolk,Black,407,67,7
2020-06-27,Norfolk,Latino,148,14,0
2020-06-27,Norfolk,"Native American",0,0,0
2020-06-27,Norfolk,"Not Reported",131,0,0
2020-06-27,Norfolk,"Other Race",16,2,0
2020-06-27,Norfolk,"Two or more races",1,0,0
2020-06-27,Norfolk,White,125,17,2
2020-06-27,Peninsula,"Asian or Pacific Islander",9,2,1
2020-06-27,Peninsula,Black,234,34,10
2020-06-27,Peninsula,Latino,154,11,0
2020-06-27,Peninsula,"Native American",2,0,0
2020-06-27,Peninsula,"Not Reported",186,1,0
2020-06-27,Peninsula,"Other Race",19,1,0
2020-06-27,Peninsula,"Two or more races",7,2,0
2020-06-27,Peninsula,White,315,75,23
2020-06-27,Piedmont,"Asian or Pacific Islander",4,0,0
2020-06-27,Piedmont,Black,338,47,2
2020-06-27,Piedmont,Latino,45,1,1
2020-06-27,Piedmont,"Native American",1,0,0
2020-06-27,Piedmont,"Not Reported",311,10,4
2020-06-27,Piedmont,"Other Race",7,0,0
2020-06-27,Piedmont,"Two or more races",3,1,0
2020-06-27,Piedmont,White,290,23,3
2020-06-27,Pittsylvania-Danville,"Asian or Pacific Islander",0,0,0
2020-06-27,Pittsylvania-Danville,Black,61,13,0
2020-06-27,Pittsylvania-Danville,Latino,27,2,0
2020-06-27,Pittsylvania-Danville,"Not Reported",19,5,0
2020-06-27,Pittsylvania-Danville,"Other Race",0,0,0
2020-06-27,Pittsylvania-Danville,"Two or more races",0,0,0
2020-06-27,Pittsylvania-Danville,White,79,18,3
2020-06-27,"Pittsylvania-Danville and Southside","Native American",0,0,0
2020-06-27,Portsmouth,"Asian or Pacific Islander",3,2,0
2020-06-27,Portsmouth,Black,227,50,12
2020-06-27,Portsmouth,Latino,20,4,0
2020-06-27,Portsmouth,"Native American",2,0,0
2020-06-27,Portsmouth,"Not Reported",112,1,1
2020-06-27,Portsmouth,"Other Race",15,0,0
2020-06-27,Portsmouth,"Two or more races",2,1,0
2020-06-27,Portsmouth,White,74,10,3
2020-06-27,"Prince William","Asian or Pacific Islander",244,40,11
2020-06-27,"Prince William",Black,631,116,35
2020-06-27,"Prince William",Latino,3883,482,45
2020-06-27,"Prince William","Native American",12,1,0
2020-06-27,"Prince William","Not Reported",3188,17,0
2020-06-27,"Prince William","Other Race",229,9,0
2020-06-27,"Prince William","Two or more races",8,1,0
2020-06-27,"Prince William",White,775,123,69
2020-06-27,Rappahannock,"Asian or Pacific Islander",39,7,0
2020-06-27,Rappahannock,Black,265,43,9
2020-06-27,Rappahannock,Latino,838,79,4
2020-06-27,Rappahannock,"Native American",3,0,0
2020-06-27,Rappahannock,"Not Reported",703,22,1
2020-06-27,Rappahannock,"Other Race",42,4,0
2020-06-27,Rappahannock,"Two or more races",10,1,0
2020-06-27,Rappahannock,White,513,63,28
2020-06-27,"Rappahannock Rapidan","Asian or Pacific Islander",5,1,0
2020-06-27,"Rappahannock Rapidan",Black,75,16,5
2020-06-27,"Rappahannock Rapidan",Latino,626,48,5
2020-06-27,"Rappahannock Rapidan","Native American",0,0,0
2020-06-27,"Rappahannock Rapidan","Not Reported",414,10,2
2020-06-27,"Rappahannock Rapidan","Other Race",21,2,0
2020-06-27,"Rappahannock Rapidan","Two or more races",10,0,0
2020-06-27,"Rappahannock Rapidan",White,281,30,8
2020-06-27,Richmond,"Asian or Pacific Islander",7,2,0
2020-06-27,Richmond,Black,536,113,22
2020-06-27,Richmond,Latino,832,67,3
2020-06-27,Richmond,"Native American",0,0,0
2020-06-27,Richmond,"Not Reported",498,2,0
2020-06-27,Richmond,"Other Race",100,9,1
2020-06-27,Richmond,"Two or more races",4,2,0
2020-06-27,Richmond,White,182,19,4
2020-06-27,Roanoke,"Asian or Pacific Islander",1,0,0
2020-06-27,Roanoke,Black,33,7,2
2020-06-27,Roanoke,Latino,134,1,0
2020-06-27,Roanoke,"Not Reported",118,1,0
2020-06-27,Roanoke,"Other Race",1,0,0
2020-06-27,Roanoke,"Two or more races",0,0,0
2020-06-27,Roanoke,White,76,5,8
2020-06-27,Southside,"Asian or Pacific Islander",1,0,0
2020-06-27,Southside,Black,99,17,7
2020-06-27,Southside,Latino,1,0,0
2020-06-27,Southside,"Not Reported",170,15,8
2020-06-27,Southside,"Other Race",6,0,1
2020-06-27,Southside,"Two or more races",21,0,0
2020-06-27,Southside,White,90,14,12
2020-06-27,"Thomas Jefferson","Asian or Pacific Islander",9,0,0
2020-06-27,"Thomas Jefferson",Black,141,40,4
2020-06-27,"Thomas Jefferson",Latino,275,11,0
2020-06-27,"Thomas Jefferson","Native American",2,0,0
2020-06-27,"Thomas Jefferson","Not Reported",104,0,0
2020-06-27,"Thomas Jefferson","Other Race",33,3,1
2020-06-27,"Thomas Jefferson","Two or more races",3,0,0
2020-06-27,"Thomas Jefferson",White,319,34,14
2020-06-27,"Three Rivers",Black,185,17,3
2020-06-27,"Three Rivers",Latino,71,3,0
2020-06-27,"Three Rivers","Not Reported",131,3,0
2020-06-27,"Three Rivers","Other Race",6,1,0
2020-06-27,"Three Rivers","Two or more races",3,0,0
2020-06-27,"Three Rivers",White,226,23,6
2020-06-27,"Virginia Beach","Asian or Pacific Islander",57,12,1
2020-06-27,"Virginia Beach",Black,273,25,4
2020-06-27,"Virginia Beach",Latino,120,12,2
2020-06-27,"Virginia Beach","Native American",0,0,0
2020-06-27,"Virginia Beach","Not Reported",162,4,2
2020-06-27,"Virginia Beach","Other Race",13,1,0
2020-06-27,"Virginia Beach","Two or more races",11,2,0
2020-06-27,"Virginia Beach",White,456,62,20
2020-06-27,"West Piedmont","Asian or Pacific Islander",10,1,1
2020-06-27,"West Piedmont",Black,81,20,2
2020-06-27,"West Piedmont",Latino,125,6,0
2020-06-27,"West Piedmont","Native American",0,0,0
2020-06-27,"West Piedmont","Not Reported",41,1,0
2020-06-27,"West Piedmont","Other Race",1,0,0
2020-06-27,"West Piedmont","Two or more races",0,0,0
2020-06-27,"West Piedmont",White,156,10,4
2020-06-27,"Western Tidewater","Asian or Pacific Islander",5,1,0
2020-06-27,"Western Tidewater",Black,302,45,20
2020-06-27,"Western Tidewater",Latino,9,1,0
2020-06-27,"Western Tidewater","Native American",0,0,0
2020-06-27,"Western Tidewater","Not Reported",243,2,0
2020-06-27,"Western Tidewater","Other Race",16,0,0
2020-06-27,"Western Tidewater","Two or more races",2,0,0
2020-06-27,"Western Tidewater",White,199,34,26
2020-06-28,Alexandria,"Asian or Pacific Islander",83,8,1
2020-06-28,Alexandria,Black,333,61,13
2020-06-28,Alexandria,Latino,1274,110,9
2020-06-28,Alexandria,"Native American",3,0,0
2020-06-28,Alexandria,"Not Reported",138,6,0
2020-06-28,Alexandria,"Other Race",39,4,2
2020-06-28,Alexandria,"Two or more races",4,1,0
2020-06-28,Alexandria,White,438,48,32
2020-06-28,Alleghany,"Asian or Pacific Islander",3,0,0
2020-06-28,Alleghany,Black,11,2,1
2020-06-28,Alleghany,Latino,62,5,0
2020-06-28,Alleghany,"Not Reported",114,1,0
2020-06-28,Alleghany,"Other Race",2,0,0
2020-06-28,Alleghany,"Two or more races",1,0,0
2020-06-28,Alleghany,White,177,23,13
2020-06-28,"Alleghany and Roanoke","Native American",0,0,0
2020-06-28,Arlington,"Asian or Pacific Islander",123,22,12
2020-06-28,Arlington,Black,202,64,29
2020-06-28,Arlington,Latino,1206,201,23
2020-06-28,Arlington,"Native American",2,0,0
2020-06-28,Arlington,"Not Reported",153,9,3
2020-06-28,Arlington,"Other Race",47,6,2
2020-06-28,Arlington,"Two or more races",16,2,0
2020-06-28,Arlington,White,715,113,63
2020-06-28,"Central Shenandoah","Asian or Pacific Islander",17,2,0
2020-06-28,"Central Shenandoah",Black,89,8,3
2020-06-28,"Central Shenandoah",Latino,771,47,4
2020-06-28,"Central Shenandoah","Native American",1,1,0
2020-06-28,"Central Shenandoah","Not Reported",180,3,0
2020-06-28,"Central Shenandoah","Other Race",32,1,0
2020-06-28,"Central Shenandoah","Two or more races",9,1,0
2020-06-28,"Central Shenandoah",White,926,102,29
2020-06-28,"Central Virginia","Asian or Pacific Islander",0,0,0
2020-06-28,"Central Virginia",Black,24,2,1
2020-06-28,"Central Virginia",Latino,22,1,1
2020-06-28,"Central Virginia","Native American",0,0,0
2020-06-28,"Central Virginia","Not Reported",231,4,1
2020-06-28,"Central Virginia","Other Race",1,0,0
2020-06-28,"Central Virginia","Two or more races",0,0,0
2020-06-28,"Central Virginia",White,82,9,2
2020-06-28,Chesapeake,"Asian or Pacific Islander",24,4,2
2020-06-28,Chesapeake,Black,310,66,6
2020-06-28,Chesapeake,Latino,115,10,1
2020-06-28,Chesapeake,"Native American",8,0,0
2020-06-28,Chesapeake,"Not Reported",102,3,0
2020-06-28,Chesapeake,"Other Race",8,2,0
2020-06-28,Chesapeake,"Two or more races",6,1,0
2020-06-28,Chesapeake,White,306,42,11
2020-06-28,Chesterfield,"Asian or Pacific Islander",26,1,0
2020-06-28,Chesterfield,Black,389,50,13
2020-06-28,Chesterfield,Latino,624,21,1
2020-06-28,Chesterfield,"Native American",3,0,0
2020-06-28,Chesterfield,"Not Reported",1352,3,13
2020-06-28,Chesterfield,"Other Race",181,6,0
2020-06-28,Chesterfield,"Two or more races",5,0,0
2020-06-28,Chesterfield,White,496,53,41
2020-06-28,Chickahominy,"Asian or Pacific Islander",2,1,0
2020-06-28,Chickahominy,Black,112,34,10
2020-06-28,Chickahominy,Latino,41,3,0
2020-06-28,Chickahominy,"Native American",1,1,0
2020-06-28,Chickahominy,"Not Reported",193,3,1
2020-06-28,Chickahominy,"Other Race",10,3,0
2020-06-28,Chickahominy,"Two or more races",1,1,0
2020-06-28,Chickahominy,White,275,61,25
2020-06-28,Crater,"Asian or Pacific Islander",3,0,0
2020-06-28,Crater,Black,681,107,13
2020-06-28,Crater,Latino,110,4,2
2020-06-28,Crater,"Native American",2,0,0
2020-06-28,Crater,"Not Reported",361,4,5
2020-06-28,Crater,"Other Race",14,0,0
2020-06-28,Crater,"Two or more races",2,0,0
2020-06-28,Crater,White,284,27,6
2020-06-28,"Cumberland Plateau",Black,12,0,0
2020-06-28,"Cumberland Plateau",Latino,0,0,0
2020-06-28,"Cumberland Plateau","Not Reported",15,0,0
2020-06-28,"Cumberland Plateau","Other Race",0,0,0
2020-06-28,"Cumberland Plateau","Two or more races",1,0,0
2020-06-28,"Cumberland Plateau",White,29,2,0
2020-06-28,"Cumberland Plateau and Lenowisco","Asian or Pacific Islander",1,0,0
2020-06-28,"Cumberland Plateau, Lenowisco, and Mount Rogers","Native American",0,0,0
2020-06-28,"Eastern Shore",Black,784,86,25
2020-06-28,"Eastern Shore",Latino,244,7,3
2020-06-28,"Eastern Shore","Not Reported",87,0,0
2020-06-28,"Eastern Shore","Other Race",13,1,0
2020-06-28,"Eastern Shore","Two or more races",1,1,0
2020-06-28,"Eastern Shore",White,176,15,14
2020-06-28,"Eastern Shore and Three Rivers","Asian or Pacific Islander",7,1,0
2020-06-28,"Eastern Shore and Three Rivers","Native American",1,0,0
2020-06-28,Fairfax,"Asian or Pacific Islander",1077,200,60
2020-06-28,Fairfax,Black,789,169,45
2020-06-28,Fairfax,Latino,7119,741,65
2020-06-28,Fairfax,"Native American",20,1,1
2020-06-28,Fairfax,"Not Reported",2378,74,51
2020-06-28,Fairfax,"Other Race",500,57,12
2020-06-28,Fairfax,"Two or more races",18,2,0
2020-06-28,Fairfax,White,2003,381,253
2020-06-28,Hampton,"Asian or Pacific Islander",3,0,0
2020-06-28,Hampton,Black,146,29,5
2020-06-28,Hampton,Latino,35,3,0
2020-06-28,Hampton,"Native American",0,0,0
2020-06-28,Hampton,"Not Reported",65,0,0
2020-06-28,Hampton,"Other Race",4,2,0
2020-06-28,Hampton,"Two or more races",2,0,0
2020-06-28,Hampton,White,55,7,0
2020-06-28,Henrico,"Asian or Pacific Islander",112,6,3
2020-06-28,Henrico,Black,719,120,60
2020-06-28,Henrico,Latino,536,38,4
2020-06-28,Henrico,"Native American",7,0,0
2020-06-28,Henrico,"Not Reported",522,1,1
2020-06-28,Henrico,"Other Race",75,11,1
2020-06-28,Henrico,"Two or more races",6,0,0
2020-06-28,Henrico,White,602,74,72
2020-06-28,Lenowisco,Black,1,0,0
2020-06-28,Lenowisco,Latino,0,0,0
2020-06-28,Lenowisco,"Not Reported",8,1,1
2020-06-28,Lenowisco,"Other Race",1,0,0
2020-06-28,Lenowisco,"Two or more races",0,0,0
2020-06-28,Lenowisco,White,40,15,3
2020-06-28,"Lord Fairfax","Asian or Pacific Islander",6,0,0
2020-06-28,"Lord Fairfax",Black,71,6,2
2020-06-28,"Lord Fairfax",Latino,522,36,8
2020-06-28,"Lord Fairfax","Native American",2,1,1
2020-06-28,"Lord Fairfax","Not Reported",258,3,4
2020-06-28,"Lord Fairfax","Other Race",67,5,0
2020-06-28,"Lord Fairfax","Two or more races",9,0,0
2020-06-28,"Lord Fairfax",White,1023,120,51
2020-06-28,Loudoun,"Asian or Pacific Islander",159,35,8
2020-06-28,Loudoun,Black,121,19,4
2020-06-28,Loudoun,Latino,940,120,8
2020-06-28,Loudoun,"Native American",0,0,0
2020-06-28,Loudoun,"Not Reported",2011,1,2
2020-06-28,Loudoun,"Other Race",120,4,2
2020-06-28,Loudoun,"Two or more races",11,0,0
2020-06-28,Loudoun,White,570,86,63
2020-06-28,"Mount Rogers","Asian or Pacific Islander",2,1,0
2020-06-28,"Mount Rogers",Black,24,5,2
2020-06-28,"Mount Rogers",Latino,174,1,0
2020-06-28,"Mount Rogers","Not Reported",36,0,1
2020-06-28,"Mount Rogers","Other Race",2,0,0
2020-06-28,"Mount Rogers","Two or more races",3,0,0
2020-06-28,"Mount Rogers",White,454,65,26
2020-06-28,"New River","Asian or Pacific Islander",2,0,0
2020-06-28,"New River",Black,15,3,0
2020-06-28,"New River",Latino,18,1,0
2020-06-28,"New River","Native American",0,0,0
2020-06-28,"New River","Not Reported",42,0,0
2020-06-28,"New River","Other Race",0,0,0
2020-06-28,"New River","Two or more races",0,0,0
2020-06-28,"New River",White,138,18,5
2020-06-28,Norfolk,"Asian or Pacific Islander",14,1,0
2020-06-28,Norfolk,Black,409,67,7
2020-06-28,Norfolk,Latino,148,14,0
2020-06-28,Norfolk,"Native American",0,0,0
2020-06-28,Norfolk,"Not Reported",141,0,0
2020-06-28,Norfolk,"Other Race",16,2,0
2020-06-28,Norfolk,"Two or more races",1,0,0
2020-06-28,Norfolk,White,126,17,2
2020-06-28,Peninsula,"Asian or Pacific Islander",9,2,1
2020-06-28,Peninsula,Black,234,34,10
2020-06-28,Peninsula,Latino,156,11,0
2020-06-28,Peninsula,"Native American",2,0,0
2020-06-28,Peninsula,"Not Reported",200,1,0
2020-06-28,Peninsula,"Other Race",19,1,0
2020-06-28,Peninsula,"Two or more races",7,2,0
2020-06-28,Peninsula,White,315,75,23
2020-06-28,Piedmont,"Asian or Pacific Islander",4,0,0
2020-06-28,Piedmont,Black,338,47,2
2020-06-28,Piedmont,Latino,45,1,1
2020-06-28,Piedmont,"Native American",1,0,0
2020-06-28,Piedmont,"Not Reported",311,10,4
2020-06-28,Piedmont,"Other Race",7,0,0
2020-06-28,Piedmont,"Two or more races",3,1,0
2020-06-28,Piedmont,White,290,23,3
2020-06-28,Pittsylvania-Danville,"Asian or Pacific Islander",0,0,0
2020-06-28,Pittsylvania-Danville,Black,63,14,0
2020-06-28,Pittsylvania-Danville,Latino,26,2,0
2020-06-28,Pittsylvania-Danville,"Not Reported",20,5,0
2020-06-28,Pittsylvania-Danville,"Other Race",0,0,0
2020-06-28,Pittsylvania-Danville,"Two or more races",0,0,0
2020-06-28,Pittsylvania-Danville,White,79,18,3
2020-06-28,"Pittsylvania-Danville and Southside","Native American",0,0,0
2020-06-28,Portsmouth,"Asian or Pacific Islander",3,2,0
2020-06-28,Portsmouth,Black,229,50,12
2020-06-28,Portsmouth,Latino,20,4,0
2020-06-28,Portsmouth,"Native American",2,0,0
2020-06-28,Portsmouth,"Not Reported",113,1,1
2020-06-28,Portsmouth,"Other Race",15,0,0
2020-06-28,Portsmouth,"Two or more races",2,1,0
2020-06-28,Portsmouth,White,75,10,3
2020-06-28,"Prince William","Asian or Pacific Islander",245,40,11
2020-06-28,"Prince William",Black,636,116,35
2020-06-28,"Prince William",Latino,3896,483,45
2020-06-28,"Prince William","Native American",12,1,0
2020-06-28,"Prince William","Not Reported",3205,17,0
2020-06-28,"Prince William","Other Race",231,9,0
2020-06-28,"Prince William","Two or more races",8,1,0
2020-06-28,"Prince William",White,786,123,69
2020-06-28,Rappahannock,"Asian or Pacific Islander",39,7,0
2020-06-28,Rappahannock,Black,268,43,9
2020-06-28,Rappahannock,Latino,840,79,4
2020-06-28,Rappahannock,"Native American",3,0,0
2020-06-28,Rappahannock,"Not Reported",718,22,1
2020-06-28,Rappahannock,"Other Race",42,4,0
2020-06-28,Rappahannock,"Two or more races",10,1,0
2020-06-28,Rappahannock,White,515,63,28
2020-06-28,"Rappahannock Rapidan","Asian or Pacific Islander",5,1,0
2020-06-28,"Rappahannock Rapidan",Black,75,16,5
2020-06-28,"Rappahannock Rapidan",Latino,626,48,5
2020-06-28,"Rappahannock Rapidan","Native American",0,0,0
2020-06-28,"Rappahannock Rapidan","Not Reported",414,10,2
2020-06-28,"Rappahannock Rapidan","Other Race",21,2,0
2020-06-28,"Rappahannock Rapidan","Two or more races",10,0,0
2020-06-28,"Rappahannock Rapidan",White,282,30,8
2020-06-28,Richmond,"Asian or Pacific Islander",7,2,0
2020-06-28,Richmond,Black,541,113,22
2020-06-28,Richmond,Latino,839,67,3
2020-06-28,Richmond,"Native American",0,0,0
2020-06-28,Richmond,"Not Reported",504,2,0
2020-06-28,Richmond,"Other Race",104,9,1
2020-06-28,Richmond,"Two or more races",5,2,0
2020-06-28,Richmond,White,184,19,4
2020-06-28,Roanoke,"Asian or Pacific Islander",1,0,0
2020-06-28,Roanoke,Black,33,7,2
2020-06-28,Roanoke,Latino,137,1,0
2020-06-28,Roanoke,"Not Reported",117,1,0
2020-06-28,Roanoke,"Other Race",1,0,0
2020-06-28,Roanoke,"Two or more races",0,0,0
2020-06-28,Roanoke,White,79,5,8
2020-06-28,Southside,"Asian or Pacific Islander",1,0,0
2020-06-28,Southside,Black,101,19,7
2020-06-28,Southside,Latino,2,0,0
2020-06-28,Southside,"Not Reported",170,15,8
2020-06-28,Southside,"Other Race",6,0,1
2020-06-28,Southside,"Two or more races",21,0,0
2020-06-28,Southside,White,90,14,12
2020-06-28,"Thomas Jefferson","Asian or Pacific Islander",9,0,0
2020-06-28,"Thomas Jefferson",Black,142,40,4
2020-06-28,"Thomas Jefferson",Latino,285,11,0
2020-06-28,"Thomas Jefferson","Native American",2,0,0
2020-06-28,"Thomas Jefferson","Not Reported",109,0,0
2020-06-28,"Thomas Jefferson","Other Race",34,3,1
2020-06-28,"Thomas Jefferson","Two or more races",3,0,0
2020-06-28,"Thomas Jefferson",White,328,34,14
2020-06-28,"Three Rivers",Black,185,17,3
2020-06-28,"Three Rivers",Latino,72,3,0
2020-06-28,"Three Rivers","Not Reported",136,4,0
2020-06-28,"Three Rivers","Other Race",6,1,0
2020-06-28,"Three Rivers","Two or more races",3,0,0
2020-06-28,"Three Rivers",White,228,23,6
2020-06-28,"Virginia Beach","Asian or Pacific Islander",57,12,1
2020-06-28,"Virginia Beach",Black,278,25,4
2020-06-28,"Virginia Beach",Latino,121,12,2
2020-06-28,"Virginia Beach","Native American",0,0,0
2020-06-28,"Virginia Beach","Not Reported",176,4,2
2020-06-28,"Virginia Beach","Other Race",13,1,0
2020-06-28,"Virginia Beach","Two or more races",11,2,0
2020-06-28,"Virginia Beach",White,467,62,20
2020-06-28,"West Piedmont","Asian or Pacific Islander",10,1,1
2020-06-28,"West Piedmont",Black,81,20,2
2020-06-28,"West Piedmont",Latino,128,6,0
2020-06-28,"West Piedmont","Native American",0,0,0
2020-06-28,"West Piedmont","Not Reported",48,1,0
2020-06-28,"West Piedmont","Other Race",1,0,0
2020-06-28,"West Piedmont","Two or more races",0,0,0
2020-06-28,"West Piedmont",White,161,10,4
2020-06-28,"Western Tidewater","Asian or Pacific Islander",5,1,0
2020-06-28,"Western Tidewater",Black,302,45,20
2020-06-28,"Western Tidewater",Latino,9,1,0
2020-06-28,"Western Tidewater","Native American",0,0,0
2020-06-28,"Western Tidewater","Not Reported",244,2,0
2020-06-28,"Western Tidewater","Other Race",16,0,0
2020-06-28,"Western Tidewater","Two or more races",2,0,0
2020-06-28,"Western Tidewater",White,199,34,26
2020-06-29,Alexandria,"Asian or Pacific Islander",83,8,1
2020-06-29,Alexandria,Black,333,61,13
2020-06-29,Alexandria,Latino,1277,110,9
2020-06-29,Alexandria,"Native American",3,0,0
2020-06-29,Alexandria,"Not Reported",135,6,0
2020-06-29,Alexandria,"Other Race",39,4,2
2020-06-29,Alexandria,"Two or more races",4,1,0
2020-06-29,Alexandria,White,443,48,32
2020-06-29,Alleghany,"Asian or Pacific Islander",3,0,0
2020-06-29,Alleghany,Black,11,2,1
2020-06-29,Alleghany,Latino,65,5,0
2020-06-29,Alleghany,"Not Reported",140,1,0
2020-06-29,Alleghany,"Other Race",2,0,0
2020-06-29,Alleghany,"Two or more races",1,0,0
2020-06-29,Alleghany,White,198,23,13
2020-06-29,"Alleghany and Roanoke","Native American",0,0,0
2020-06-29,Arlington,"Asian or Pacific Islander",123,22,12
2020-06-29,Arlington,Black,202,64,29
2020-06-29,Arlington,Latino,1212,201,23
2020-06-29,Arlington,"Native American",2,0,0
2020-06-29,Arlington,"Not Reported",154,10,3
2020-06-29,Arlington,"Other Race",46,6,2
2020-06-29,Arlington,"Two or more races",14,2,0
2020-06-29,Arlington,White,713,113,63
2020-06-29,"Central Shenandoah","Asian or Pacific Islander",17,2,0
2020-06-29,"Central Shenandoah",Black,89,8,3
2020-06-29,"Central Shenandoah",Latino,774,47,4
2020-06-29,"Central Shenandoah","Native American",1,1,0
2020-06-29,"Central Shenandoah","Not Reported",183,3,0
2020-06-29,"Central Shenandoah","Other Race",33,1,0
2020-06-29,"Central Shenandoah","Two or more races",9,1,0
2020-06-29,"Central Shenandoah",White,936,102,29
2020-06-29,"Central Virginia","Asian or Pacific Islander",0,0,0
2020-06-29,"Central Virginia",Black,24,2,1
2020-06-29,"Central Virginia",Latino,22,1,1
2020-06-29,"Central Virginia","Native American",0,0,0
2020-06-29,"Central Virginia","Not Reported",240,4,1
2020-06-29,"Central Virginia","Other Race",1,0,0
2020-06-29,"Central Virginia","Two or more races",0,0,0
2020-06-29,"Central Virginia",White,84,9,2
2020-06-29,Chesapeake,"Asian or Pacific Islander",24,4,2
2020-06-29,Chesapeake,Black,311,66,6
2020-06-29,Chesapeake,Latino,117,10,1
2020-06-29,Chesapeake,"Native American",8,0,0
2020-06-29,Chesapeake,"Not Reported",101,3,0
2020-06-29,Chesapeake,"Other Race",8,2,0
2020-06-29,Chesapeake,"Two or more races",6,1,0
2020-06-29,Chesapeake,White,312,44,11
2020-06-29,Chesterfield,"Asian or Pacific Islander",26,1,0
2020-06-29,Chesterfield,Black,389,50,13
2020-06-29,Chesterfield,Latino,624,21,1
2020-06-29,Chesterfield,"Native American",3,0,0
2020-06-29,Chesterfield,"Not Reported",1365,3,13
2020-06-29,Chesterfield,"Other Race",180,6,0
2020-06-29,Chesterfield,"Two or more races",5,0,0
2020-06-29,Chesterfield,White,499,53,41
2020-06-29,Chickahominy,"Asian or Pacific Islander",2,1,0
2020-06-29,Chickahominy,Black,114,34,10
2020-06-29,Chickahominy,Latino,41,3,0
2020-06-29,Chickahominy,"Native American",1,1,0
2020-06-29,Chickahominy,"Not Reported",193,3,1
2020-06-29,Chickahominy,"Other Race",10,3,0
2020-06-29,Chickahominy,"Two or more races",2,1,0
2020-06-29,Chickahominy,White,276,61,25
2020-06-29,Crater,"Asian or Pacific Islander",3,0,0
2020-06-29,Crater,Black,681,108,15
2020-06-29,Crater,Latino,111,4,2
2020-06-29,Crater,"Native American",2,0,0
2020-06-29,Crater,"Not Reported",370,4,5
2020-06-29,Crater,"Other Race",14,0,0
2020-06-29,Crater,"Two or more races",1,0,0
2020-06-29,Crater,White,284,27,6
2020-06-29,"Cumberland Plateau",Black,12,0,0
2020-06-29,"Cumberland Plateau",Latino,0,0,0
2020-06-29,"Cumberland Plateau","Not Reported",2,0,0
2020-06-29,"Cumberland Plateau","Other Race",0,0,0
2020-06-29,"Cumberland Plateau","Two or more races",1,0,0
2020-06-29,"Cumberland Plateau",White,45,2,0
2020-06-29,"Cumberland Plateau and Lenowisco","Asian or Pacific Islander",1,0,0
2020-06-29,"Cumberland Plateau, Lenowisco, and Mount Rogers","Native American",0,0,0
2020-06-29,"Eastern Shore",Black,784,86,25
2020-06-29,"Eastern Shore",Latino,244,7,3
2020-06-29,"Eastern Shore","Not Reported",87,0,0
2020-06-29,"Eastern Shore","Other Race",13,1,0
2020-06-29,"Eastern Shore","Two or more races",1,1,0
2020-06-29,"Eastern Shore",White,176,15,14
2020-06-29,"Eastern Shore and Three Rivers","Asian or Pacific Islander",7,1,0
2020-06-29,"Eastern Shore and Three Rivers","Native American",1,0,0
2020-06-29,Fairfax,"Asian or Pacific Islander",1081,200,61
2020-06-29,Fairfax,Black,792,169,45
2020-06-29,Fairfax,Latino,7149,744,66
2020-06-29,Fairfax,"Native American",20,1,1
2020-06-29,Fairfax,"Not Reported",2383,73,51
2020-06-29,Fairfax,"Other Race",510,57,12
2020-06-29,Fairfax,"Two or more races",18,2,0
2020-06-29,Fairfax,White,2013,381,257
2020-06-29,Hampton,"Asian or Pacific Islander",3,0,0
2020-06-29,Hampton,Black,150,29,5
2020-06-29,Hampton,Latino,35,3,0
2020-06-29,Hampton,"Native American",0,0,0
2020-06-29,Hampton,"Not Reported",67,0,0
2020-06-29,Hampton,"Other Race",4,2,0
2020-06-29,Hampton,"Two or more races",2,0,0
2020-06-29,Hampton,White,55,7,0
2020-06-29,Henrico,"Asian or Pacific Islander",112,6,3
2020-06-29,Henrico,Black,722,121,60
2020-06-29,Henrico,Latino,540,38,4
2020-06-29,Henrico,"Native American",7,0,0
2020-06-29,Henrico,"Not Reported",515,1,1
2020-06-29,Henrico,"Other Race",75,11,1
2020-06-29,Henrico,"Two or more races",6,0,0
2020-06-29,Henrico,White,607,74,72
2020-06-29,Lenowisco,Black,1,0,0
2020-06-29,Lenowisco,Latino,0,0,0
2020-06-29,Lenowisco,"Not Reported",8,1,1
2020-06-29,Lenowisco,"Other Race",1,0,0
2020-06-29,Lenowisco,"Two or more races",0,0,0
2020-06-29,Lenowisco,White,40,15,3
2020-06-29,"Lord Fairfax","Asian or Pacific Islander",6,0,0
2020-06-29,"Lord Fairfax",Black,72,6,2
2020-06-29,"Lord Fairfax",Latino,524,36,8
2020-06-29,"Lord Fairfax","Native American",2,1,1
2020-06-29,"Lord Fairfax","Not Reported",259,3,4
2020-06-29,"Lord Fairfax","Other Race",67,5,0
2020-06-29,"Lord Fairfax","Two or more races",9,0,0
2020-06-29,"Lord Fairfax",White,1026,121,51
2020-06-29,Loudoun,"Asian or Pacific Islander",160,36,8
2020-06-29,Loudoun,Black,122,19,4
2020-06-29,Loudoun,Latino,940,122,8
2020-06-29,Loudoun,"Native American",0,0,0
2020-06-29,Loudoun,"Not Reported",2044,2,2
2020-06-29,Loudoun,"Other Race",118,4,2
2020-06-29,Loudoun,"Two or more races",11,0,0
2020-06-29,Loudoun,White,573,88,63
2020-06-29,"Mount Rogers","Asian or Pacific Islander",2,1,0
2020-06-29,"Mount Rogers",Black,24,5,2
2020-06-29,"Mount Rogers",Latino,175,1,0
2020-06-29,"Mount Rogers","Not Reported",36,0,1
2020-06-29,"Mount Rogers","Other Race",2,0,0
2020-06-29,"Mount Rogers","Two or more races",3,0,0
2020-06-29,"Mount Rogers",White,458,65,26
2020-06-29,"New River","Asian or Pacific Islander",2,0,0
2020-06-29,"New River",Black,17,3,0
2020-06-29,"New River",Latino,18,1,0
2020-06-29,"New River","Native American",0,0,0
2020-06-29,"New River","Not Reported",42,0,0
2020-06-29,"New River","Other Race",0,0,0
2020-06-29,"New River","Two or more races",0,0,0
2020-06-29,"New River",White,151,18,5
2020-06-29,Norfolk,"Asian or Pacific Islander",14,1,0
2020-06-29,Norfolk,Black,431,69,7
2020-06-29,Norfolk,Latino,154,15,0
2020-06-29,Norfolk,"Native American",1,0,0
2020-06-29,Norfolk,"Not Reported",147,0,0
2020-06-29,Norfolk,"Other Race",15,2,0
2020-06-29,Norfolk,"Two or more races",1,0,0
2020-06-29,Norfolk,White,126,17,2
2020-06-29,Peninsula,"Asian or Pacific Islander",9,2,1
2020-06-29,Peninsula,Black,237,34,10
2020-06-29,Peninsula,Latino,157,11,0
2020-06-29,Peninsula,"Native American",2,0,0
2020-06-29,Peninsula,"Not Reported",210,1,0
2020-06-29,Peninsula,"Other Race",21,1,0
2020-06-29,Peninsula,"Two or more races",7,2,0
2020-06-29,Peninsula,White,318,75,23
2020-06-29,Piedmont,"Asian or Pacific Islander",4,0,0
2020-06-29,Piedmont,Black,338,47,2
2020-06-29,Piedmont,Latino,47,2,1
2020-06-29,Piedmont,"Native American",1,0,0
2020-06-29,Piedmont,"Not Reported",315,10,4
2020-06-29,Piedmont,"Other Race",7,0,0
2020-06-29,Piedmont,"Two or more races",3,1,0
2020-06-29,Piedmont,White,293,24,3
2020-06-29,Pittsylvania-Danville,"Asian or Pacific Islander",0,0,0
2020-06-29,Pittsylvania-Danville,Black,67,15,0
2020-06-29,Pittsylvania-Danville,Latino,28,2,0
2020-06-29,Pittsylvania-Danville,"Not Reported",24,6,0
2020-06-29,Pittsylvania-Danville,"Other Race",0,0,0
2020-06-29,Pittsylvania-Danville,"Two or more races",0,0,0
2020-06-29,Pittsylvania-Danville,White,80,18,3
2020-06-29,"Pittsylvania-Danville and Southside","Native American",0,0,0
2020-06-29,Portsmouth,"Asian or Pacific Islander",3,2,0
2020-06-29,Portsmouth,Black,234,50,12
2020-06-29,Portsmouth,Latino,21,4,0
2020-06-29,Portsmouth,"Native American",2,0,0
2020-06-29,Portsmouth,"Not Reported",118,1,1
2020-06-29,Portsmouth,"Other Race",15,0,0
2020-06-29,Portsmouth,"Two or more races",2,1,0
2020-06-29,Portsmouth,White,76,10,3
2020-06-29,"Prince William","Asian or Pacific Islander",246,40,11
2020-06-29,"Prince William",Black,636,116,35
2020-06-29,"Prince William",Latino,3901,486,45
2020-06-29,"Prince William","Native American",12,1,0
2020-06-29,"Prince William","Not Reported",3202,17,0
2020-06-29,"Prince William","Other Race",229,9,0
2020-06-29,"Prince William","Two or more races",8,1,0
2020-06-29,"Prince William",White,788,123,69
2020-06-29,Rappahannock,"Asian or Pacific Islander",39,7,0
2020-06-29,Rappahannock,Black,269,43,9
2020-06-29,Rappahannock,Latino,844,79,4
2020-06-29,Rappahannock,"Native American",3,0,0
2020-06-29,Rappahannock,"Not Reported",718,22,1
2020-06-29,Rappahannock,"Other Race",42,4,0
2020-06-29,Rappahannock,"Two or more races",10,1,0
2020-06-29,Rappahannock,White,517,63,28
2020-06-29,"Rappahannock Rapidan","Asian or Pacific Islander",5,1,0
2020-06-29,"Rappahannock Rapidan",Black,75,16,5
2020-06-29,"Rappahannock Rapidan",Latino,626,48,5
2020-06-29,"Rappahannock Rapidan","Native American",0,0,0
2020-06-29,"Rappahannock Rapidan","Not Reported",414,10,2
2020-06-29,"Rappahannock Rapidan","Other Race",21,2,0
2020-06-29,"Rappahannock Rapidan","Two or more races",10,0,0
2020-06-29,"Rappahannock Rapidan",White,283,30,8
2020-06-29,Richmond,"Asian or Pacific Islander",7,2,0
2020-06-29,Richmond,Black,544,117,22
2020-06-29,Richmond,Latino,853,67,3
2020-06-29,Richmond,"Native American",0,0,0
2020-06-29,Richmond,"Not Reported",496,2,0
2020-06-29,Richmond,"Other Race",103,9,1
2020-06-29,Richmond,"Two or more races",5,2,0
2020-06-29,Richmond,White,187,19,4
2020-06-29,Roanoke,"Asian or Pacific Islander",1,0,0
2020-06-29,Roanoke,Black,34,7,2
2020-06-29,Roanoke,Latino,144,1,0
2020-06-29,Roanoke,"Not Reported",137,1,0
2020-06-29,Roanoke,"Other Race",1,0,0
2020-06-29,Roanoke,"Two or more races",0,0,0
2020-06-29,Roanoke,White,86,5,8
2020-06-29,Southside,"Asian or Pacific Islander",1,0,0
2020-06-29,Southside,Black,101,19,7
2020-06-29,Southside,Latino,2,0,0
2020-06-29,Southside,"Not Reported",171,15,8
2020-06-29,Southside,"Other Race",6,0,1
2020-06-29,Southside,"Two or more races",21,0,0
2020-06-29,Southside,White,90,14,12
2020-06-29,"Thomas Jefferson","Asian or Pacific Islander",10,0,0
2020-06-29,"Thomas Jefferson",Black,144,40,4
2020-06-29,"Thomas Jefferson",Latino,287,11,0
2020-06-29,"Thomas Jefferson","Native American",2,0,0
2020-06-29,"Thomas Jefferson","Not Reported",108,0,0
2020-06-29,"Thomas Jefferson","Other Race",34,3,1
2020-06-29,"Thomas Jefferson","Two or more races",3,0,0
2020-06-29,"Thomas Jefferson",White,328,34,14
2020-06-29,"Three Rivers",Black,190,17,3
2020-06-29,"Three Rivers",Latino,72,3,0
2020-06-29,"Three Rivers","Not Reported",137,4,0
2020-06-29,"Three Rivers","Other Race",6,1,0
2020-06-29,"Three Rivers","Two or more races",3,0,0
2020-06-29,"Three Rivers",White,228,23,6
2020-06-29,"Virginia Beach","Asian or Pacific Islander",58,12,1
2020-06-29,"Virginia Beach",Black,281,25,4
2020-06-29,"Virginia Beach",Latino,125,12,2
2020-06-29,"Virginia Beach","Native American",0,0,0
2020-06-29,"Virginia Beach","Not Reported",178,4,2
2020-06-29,"Virginia Beach","Other Race",14,1,0
2020-06-29,"Virginia Beach","Two or more races",11,2,0
2020-06-29,"Virginia Beach",White,478,62,20
2020-06-29,"West Piedmont","Asian or Pacific Islander",10,1,1
2020-06-29,"West Piedmont",Black,83,20,2
2020-06-29,"West Piedmont",Latino,128,6,0
2020-06-29,"West Piedmont","Native American",0,0,0
2020-06-29,"West Piedmont","Not Reported",54,1,0
2020-06-29,"West Piedmont","Other Race",1,0,0
2020-06-29,"West Piedmont","Two or more races",0,0,0
2020-06-29,"West Piedmont",White,162,10,4
2020-06-29,"Western Tidewater","Asian or Pacific Islander",6,1,0
2020-06-29,"Western Tidewater",Black,304,45,20
2020-06-29,"Western Tidewater",Latino,9,1,0
2020-06-29,"Western Tidewater","Native American",0,0,0
2020-06-29,"Western Tidewater","Not Reported",248,2,0
2020-06-29,"Western Tidewater","Other Race",16,0,0
2020-06-29,"Western Tidewater","Two or more races",2,0,0
2020-06-29,"Western Tidewater",White,201,34,26
2020-06-30,Alexandria,"Asian or Pacific Islander",83,8,1
2020-06-30,Alexandria,Black,333,61,13
2020-06-30,Alexandria,Latino,1280,110,9
2020-06-30,Alexandria,"Native American",3,0,0
2020-06-30,Alexandria,"Not Reported",137,6,0
2020-06-30,Alexandria,"Other Race",40,4,2
2020-06-30,Alexandria,"Two or more races",4,1,0
2020-06-30,Alexandria,White,445,48,32
2020-06-30,Alleghany,"Asian or Pacific Islander",3,0,0
2020-06-30,Alleghany,Black,13,2,1
2020-06-30,Alleghany,Latino,67,5,0
2020-06-30,Alleghany,"Not Reported",193,1,0
2020-06-30,Alleghany,"Other Race",3,0,0
2020-06-30,Alleghany,"Two or more races",2,0,0
2020-06-30,Alleghany,White,205,23,14
2020-06-30,"Alleghany and Roanoke","Native American",0,0,0
2020-06-30,Arlington,"Asian or Pacific Islander",124,22,12
2020-06-30,Arlington,Black,204,64,29
2020-06-30,Arlington,Latino,1218,201,23
2020-06-30,Arlington,"Native American",2,0,0
2020-06-30,Arlington,"Not Reported",154,9,3
2020-06-30,Arlington,"Other Race",49,6,2
2020-06-30,Arlington,"Two or more races",14,2,0
2020-06-30,Arlington,White,714,114,63
2020-06-30,"Central Shenandoah","Asian or Pacific Islander",17,2,0
2020-06-30,"Central Shenandoah",Black,90,8,3
2020-06-30,"Central Shenandoah",Latino,773,47,4
2020-06-30,"Central Shenandoah","Native American",1,1,0
2020-06-30,"Central Shenandoah","Not Reported",191,3,0
2020-06-30,"Central Shenandoah","Other Race",33,1,0
2020-06-30,"Central Shenandoah","Two or more races",9,1,0
2020-06-30,"Central Shenandoah",White,943,103,29
2020-06-30,"Central Virginia","Asian or Pacific Islander",0,0,0
2020-06-30,"Central Virginia",Black,24,2,1
2020-06-30,"Central Virginia",Latino,22,1,1
2020-06-30,"Central Virginia","Native American",0,0,0
2020-06-30,"Central Virginia","Not Reported",255,4,1
2020-06-30,"Central Virginia","Other Race",1,0,0
2020-06-30,"Central Virginia","Two or more races",0,0,0
2020-06-30,"Central Virginia",White,84,9,2
2020-06-30,Chesapeake,"Asian or Pacific Islander",24,4,2
2020-06-30,Chesapeake,Black,312,66,6
2020-06-30,Chesapeake,Latino,119,10,1
2020-06-30,Chesapeake,"Native American",8,0,0
2020-06-30,Chesapeake,"Not Reported",106,3,0
2020-06-30,Chesapeake,"Other Race",9,2,0
2020-06-30,Chesapeake,"Two or more races",6,1,0
2020-06-30,Chesapeake,White,311,44,11
2020-06-30,Chesterfield,"Asian or Pacific Islander",27,1,0
2020-06-30,Chesterfield,Black,392,50,13
2020-06-30,Chesterfield,Latino,630,22,1
2020-06-30,Chesterfield,"Native American",3,0,0
2020-06-30,Chesterfield,"Not Reported",1381,3,13
2020-06-30,Chesterfield,"Other Race",182,6,0
2020-06-30,Chesterfield,"Two or more races",5,0,0
2020-06-30,Chesterfield,White,502,53,42
2020-06-30,Chickahominy,"Asian or Pacific Islander",3,1,0
2020-06-30,Chickahominy,Black,114,34,10
2020-06-30,Chickahominy,Latino,41,3,0
2020-06-30,Chickahominy,"Native American",1,1,0
2020-06-30,Chickahominy,"Not Reported",191,3,1
2020-06-30,Chickahominy,"Other Race",10,3,0
2020-06-30,Chickahominy,"Two or more races",2,1,0
2020-06-30,Chickahominy,White,282,61,25
2020-06-30,Crater,"Asian or Pacific Islander",3,0,0
2020-06-30,Crater,Black,697,108,15
2020-06-30,Crater,Latino,115,4,2
2020-06-30,Crater,"Native American",3,0,0
2020-06-30,Crater,"Not Reported",370,6,7
2020-06-30,Crater,"Other Race",15,0,0
2020-06-30,Crater,"Two or more races",1,0,0
2020-06-30,Crater,White,288,30,6
2020-06-30,"Cumberland Plateau",Black,12,0,0
2020-06-30,"Cumberland Plateau",Latino,0,0,0
2020-06-30,"Cumberland Plateau","Not Reported",2,0,0
2020-06-30,"Cumberland Plateau","Other Race",0,0,0
2020-06-30,"Cumberland Plateau","Two or more races",1,0,0
2020-06-30,"Cumberland Plateau",White,46,2,0
2020-06-30,"Cumberland Plateau and Lenowisco","Asian or Pacific Islander",1,0,0
2020-06-30,"Cumberland Plateau, Lenowisco, and Mount Rogers","Native American",0,0,0
2020-06-30,"Eastern Shore",Black,788,87,25
2020-06-30,"Eastern Shore",Latino,244,7,3
2020-06-30,"Eastern Shore","Not Reported",87,0,0
2020-06-30,"Eastern Shore","Other Race",13,1,0
2020-06-30,"Eastern Shore","Two or more races",1,1,0
2020-06-30,"Eastern Shore",White,175,15,14
2020-06-30,"Eastern Shore and Three Rivers","Asian or Pacific Islander",7,1,0
2020-06-30,"Eastern Shore and Three Rivers","Native American",1,0,0
2020-06-30,Fairfax,"Asian or Pacific Islander",1082,200,63
2020-06-30,Fairfax,Black,792,169,46
2020-06-30,Fairfax,Latino,7180,746,69
2020-06-30,Fairfax,"Native American",20,1,1
2020-06-30,Fairfax,"Not Reported",2352,73,51
2020-06-30,Fairfax,"Other Race",510,58,12
2020-06-30,Fairfax,"Two or more races",19,3,0
2020-06-30,Fairfax,White,2021,381,261
2020-06-30,Hampton,"Asian or Pacific Islander",4,0,0
2020-06-30,Hampton,Black,154,29,5
2020-06-30,Hampton,Latino,35,3,0
2020-06-30,Hampton,"Native American",0,0,0
2020-06-30,Hampton,"Not Reported",71,0,0
2020-06-30,Hampton,"Other Race",4,2,0
2020-06-30,Hampton,"Two or more races",2,0,0
2020-06-30,Hampton,White,58,7,0
2020-06-30,Henrico,"Asian or Pacific Islander",114,7,3
2020-06-30,Henrico,Black,721,121,60
2020-06-30,Henrico,Latino,544,38,4
2020-06-30,Henrico,"Native American",7,0,0
2020-06-30,Henrico,"Not Reported",517,2,1
2020-06-30,Henrico,"Other Race",74,12,1
2020-06-30,Henrico,"Two or more races",6,0,0
2020-06-30,Henrico,White,608,74,72
2020-06-30,Lenowisco,Black,1,0,0
2020-06-30,Lenowisco,Latino,0,0,0
2020-06-30,Lenowisco,"Not Reported",10,1,1
2020-06-30,Lenowisco,"Other Race",1,0,0
2020-06-30,Lenowisco,"Two or more races",0,0,0
2020-06-30,Lenowisco,White,41,16,3
2020-06-30,"Lord Fairfax","Asian or Pacific Islander",6,0,0
2020-06-30,"Lord Fairfax",Black,72,6,3
2020-06-30,"Lord Fairfax",Latino,526,36,8
2020-06-30,"Lord Fairfax","Native American",2,1,1
2020-06-30,"Lord Fairfax","Not Reported",259,3,4
2020-06-30,"Lord Fairfax","Other Race",67,5,0
2020-06-30,"Lord Fairfax","Two or more races",9,0,0
2020-06-30,"Lord Fairfax",White,1033,123,51
2020-06-30,Loudoun,"Asian or Pacific Islander",163,36,8
2020-06-30,Loudoun,Black,124,19,4
2020-06-30,Loudoun,Latino,951,125,8
2020-06-30,Loudoun,"Native American",0,0,0
2020-06-30,Loudoun,"Not Reported",2059,2,2
2020-06-30,Loudoun,"Other Race",115,4,2
2020-06-30,Loudoun,"Two or more races",11,0,0
2020-06-30,Loudoun,White,577,89,63
2020-06-30,"Mount Rogers","Asian or Pacific Islander",2,1,0
2020-06-30,"Mount Rogers",Black,24,5,2
2020-06-30,"Mount Rogers",Latino,176,1,0
2020-06-30,"Mount Rogers","Not Reported",38,0,1
2020-06-30,"Mount Rogers","Other Race",2,0,0
2020-06-30,"Mount Rogers","Two or more races",3,0,0
2020-06-30,"Mount Rogers",White,462,65,26
2020-06-30,"New River","Asian or Pacific Islander",3,0,0
2020-06-30,"New River",Black,17,3,0
2020-06-30,"New River",Latino,18,1,0
2020-06-30,"New River","Native American",0,0,0
2020-06-30,"New River","Not Reported",42,0,0
2020-06-30,"New River","Other Race",0,0,0
2020-06-30,"New River","Two or more races",0,0,0
2020-06-30,"New River",White,153,18,5
2020-06-30,Norfolk,"Asian or Pacific Islander",13,1,0
2020-06-30,Norfolk,Black,454,70,7
2020-06-30,Norfolk,Latino,156,15,0
2020-06-30,Norfolk,"Native American",1,0,0
2020-06-30,Norfolk,"Not Reported",147,0,0
2020-06-30,Norfolk,"Other Race",15,2,0
2020-06-30,Norfolk,"Two or more races",1,0,0
2020-06-30,Norfolk,White,128,17,2
2020-06-30,Peninsula,"Asian or Pacific Islander",9,2,1
2020-06-30,Peninsula,Black,238,34,10
2020-06-30,Peninsula,Latino,159,11,0
2020-06-30,Peninsula,"Native American",2,0,0
2020-06-30,Peninsula,"Not Reported",221,1,0
2020-06-30,Peninsula,"Other Race",22,1,0
2020-06-30,Peninsula,"Two or more races",7,2,0
2020-06-30,Peninsula,White,322,75,23
2020-06-30,Piedmont,"Asian or Pacific Islander",4,0,0
2020-06-30,Piedmont,Black,339,47,2
2020-06-30,Piedmont,Latino,48,3,1
2020-06-30,Piedmont,"Native American",1,0,0
2020-06-30,Piedmont,"Not Reported",316,11,4
2020-06-30,Piedmont,"Other Race",6,0,0
2020-06-30,Piedmont,"Two or more races",3,1,0
2020-06-30,Piedmont,White,294,24,3
2020-06-30,Pittsylvania-Danville,"Asian or Pacific Islander",0,0,0
2020-06-30,Pittsylvania-Danville,Black,68,15,0
2020-06-30,Pittsylvania-Danville,Latino,28,2,0
2020-06-30,Pittsylvania-Danville,"Not Reported",30,6,0
2020-06-30,Pittsylvania-Danville,"Other Race",0,0,0
2020-06-30,Pittsylvania-Danville,"Two or more races",0,0,0
2020-06-30,Pittsylvania-Danville,White,82,18,3
2020-06-30,"Pittsylvania-Danville and Southside","Native American",0,0,0
2020-06-30,Portsmouth,"Asian or Pacific Islander",3,2,0
2020-06-30,Portsmouth,Black,237,50,12
2020-06-30,Portsmouth,Latino,27,4,0
2020-06-30,Portsmouth,"Native American",2,0,0
2020-06-30,Portsmouth,"Not Reported",121,1,1
2020-06-30,Portsmouth,"Other Race",14,0,0
2020-06-30,Portsmouth,"Two or more races",2,1,0
2020-06-30,Portsmouth,White,76,10,3
2020-06-30,"Prince William","Asian or Pacific Islander",250,40,11
2020-06-30,"Prince William",Black,641,118,36
2020-06-30,"Prince William",Latino,3944,490,47
2020-06-30,"Prince William","Native American",12,1,0
2020-06-30,"Prince William","Not Reported",3230,17,0
2020-06-30,"Prince William","Other Race",230,9,0
2020-06-30,"Prince William","Two or more races",10,1,0
2020-06-30,"Prince William",White,796,123,72
2020-06-30,Rappahannock,"Asian or Pacific Islander",39,7,0
2020-06-30,Rappahannock,Black,271,44,9
2020-06-30,Rappahannock,Latino,846,80,4
2020-06-30,Rappahannock,"Native American",3,0,0
2020-06-30,Rappahannock,"Not Reported",717,22,1
2020-06-30,Rappahannock,"Other Race",41,4,0
2020-06-30,Rappahannock,"Two or more races",10,1,0
2020-06-30,Rappahannock,White,525,63,28
2020-06-30,"Rappahannock Rapidan","Asian or Pacific Islander",5,1,0
2020-06-30,"Rappahannock Rapidan",Black,75,16,5
2020-06-30,"Rappahannock Rapidan",Latino,627,49,5
2020-06-30,"Rappahannock Rapidan","Native American",0,0,0
2020-06-30,"Rappahannock Rapidan","Not Reported",414,10,2
2020-06-30,"Rappahannock Rapidan","Other Race",22,2,0
2020-06-30,"Rappahannock Rapidan","Two or more races",10,0,0
2020-06-30,"Rappahannock Rapidan",White,287,30,8
2020-06-30,Richmond,"Asian or Pacific Islander",8,2,0
2020-06-30,Richmond,Black,554,119,22
2020-06-30,Richmond,Latino,861,67,3
2020-06-30,Richmond,"Native American",0,0,0
2020-06-30,Richmond,"Not Reported",490,2,0
2020-06-30,Richmond,"Other Race",101,9,1
2020-06-30,Richmond,"Two or more races",5,2,0
2020-06-30,Richmond,White,190,19,4
2020-06-30,Roanoke,"Asian or Pacific Islander",2,0,0
2020-06-30,Roanoke,Black,34,7,2
2020-06-30,Roanoke,Latino,150,1,0
2020-06-30,Roanoke,"Not Reported",167,1,0
2020-06-30,Roanoke,"Other Race",1,0,0
2020-06-30,Roanoke,"Two or more races",0,0,0
2020-06-30,Roanoke,White,85,5,7
2020-06-30,Southside,"Asian or Pacific Islander",1,0,0
2020-06-30,Southside,Black,103,19,7
2020-06-30,Southside,Latino,2,0,0
2020-06-30,Southside,"Not Reported",173,15,8
2020-06-30,Southside,"Other Race",6,0,1
2020-06-30,Southside,"Two or more races",21,0,0
2020-06-30,Southside,White,90,14,12
2020-06-30,"Thomas Jefferson","Asian or Pacific Islander",10,0,0
2020-06-30,"Thomas Jefferson",Black,144,40,4
2020-06-30,"Thomas Jefferson",Latino,301,11,0
2020-06-30,"Thomas Jefferson","Native American",2,0,0
2020-06-30,"Thomas Jefferson","Not Reported",104,0,0
2020-06-30,"Thomas Jefferson","Other Race",27,3,1
2020-06-30,"Thomas Jefferson","Two or more races",3,0,0
2020-06-30,"Thomas Jefferson",White,335,34,15
2020-06-30,"Three Rivers",Black,190,18,3
2020-06-30,"Three Rivers",Latino,72,3,0
2020-06-30,"Three Rivers","Not Reported",141,4,0
2020-06-30,"Three Rivers","Other Race",6,1,0
2020-06-30,"Three Rivers","Two or more races",3,0,0
2020-06-30,"Three Rivers",White,230,23,6
2020-06-30,"Virginia Beach","Asian or Pacific Islander",58,12,1
2020-06-30,"Virginia Beach",Black,288,25,4
2020-06-30,"Virginia Beach",Latino,127,12,2
2020-06-30,"Virginia Beach","Native American",0,0,0
2020-06-30,"Virginia Beach","Not Reported",194,4,2
2020-06-30,"Virginia Beach","Other Race",14,1,0
2020-06-30,"Virginia Beach","Two or more races",11,2,0
2020-06-30,"Virginia Beach",White,484,62,20
2020-06-30,"West Piedmont","Asian or Pacific Islander",11,1,1
2020-06-30,"West Piedmont",Black,86,22,2
2020-06-30,"West Piedmont",Latino,134,6,0
2020-06-30,"West Piedmont","Native American",0,0,0
2020-06-30,"West Piedmont","Not Reported",71,1,0
2020-06-30,"West Piedmont","Other Race",1,0,0
2020-06-30,"West Piedmont","Two or more races",0,0,0
2020-06-30,"West Piedmont",White,169,10,4
2020-06-30,"Western Tidewater","Asian or Pacific Islander",6,1,0
2020-06-30,"Western Tidewater",Black,309,45,21
2020-06-30,"Western Tidewater",Latino,9,1,0
2020-06-30,"Western Tidewater","Native American",0,0,0
2020-06-30,"Western Tidewater","Not Reported",255,2,1
2020-06-30,"Western Tidewater","Other Race",16,0,0
2020-06-30,"Western Tidewater","Two or more races",2,0,0
2020-06-30,"Western Tidewater",White,203,34,26
2020-07-01,Alexandria,"Asian or Pacific Islander",83,8,1
2020-07-01,Alexandria,Black,335,61,13
2020-07-01,Alexandria,Latino,1280,109,9
2020-07-01,Alexandria,"Native American",3,0,0
2020-07-01,Alexandria,"Not Reported",137,6,0
2020-07-01,Alexandria,"Other Race",39,4,2
2020-07-01,Alexandria,"Two or more races",4,1,0
2020-07-01,Alexandria,White,444,48,32
2020-07-01,Alleghany,"Asian or Pacific Islander",3,0,0
2020-07-01,Alleghany,Black,14,2,1
2020-07-01,Alleghany,Latino,67,5,0
2020-07-01,Alleghany,"Not Reported",193,1,0
2020-07-01,Alleghany,"Other Race",3,0,0
2020-07-01,Alleghany,"Two or more races",2,0,0
2020-07-01,Alleghany,White,208,23,14
2020-07-01,"Alleghany and Roanoke","Native American",0,0,0
2020-07-01,Arlington,"Asian or Pacific Islander",124,22,12
2020-07-01,Arlington,Black,206,64,29
2020-07-01,Arlington,Latino,1221,201,23
2020-07-01,Arlington,"Native American",2,0,0
2020-07-01,Arlington,"Not Reported",152,9,3
2020-07-01,Arlington,"Other Race",49,6,2
2020-07-01,Arlington,"Two or more races",14,2,0
2020-07-01,Arlington,White,716,114,63
2020-07-01,"Central Shenandoah","Asian or Pacific Islander",17,2,0
2020-07-01,"Central Shenandoah",Black,91,9,3
2020-07-01,"Central Shenandoah",Latino,774,47,4
2020-07-01,"Central Shenandoah","Native American",1,1,0
2020-07-01,"Central Shenandoah","Not Reported",184,2,0
2020-07-01,"Central Shenandoah","Other Race",33,1,0
2020-07-01,"Central Shenandoah","Two or more races",9,1,0
2020-07-01,"Central Shenandoah",White,950,102,30
2020-07-01,"Central Virginia","Asian or Pacific Islander",0,0,0
2020-07-01,"Central Virginia",Black,24,2,1
2020-07-01,"Central Virginia",Latino,22,1,1
2020-07-01,"Central Virginia","Native American",0,0,0
2020-07-01,"Central Virginia","Not Reported",254,4,1
2020-07-01,"Central Virginia","Other Race",1,0,0
2020-07-01,"Central Virginia","Two or more races",0,0,0
2020-07-01,"Central Virginia",White,84,9,2
2020-07-01,Chesapeake,"Asian or Pacific Islander",24,4,2
2020-07-01,Chesapeake,Black,326,71,6
2020-07-01,Chesapeake,Latino,120,10,1
2020-07-01,Chesapeake,"Native American",8,0,0
2020-07-01,Chesapeake,"Not Reported",114,3,0
2020-07-01,Chesapeake,"Other Race",10,2,0
2020-07-01,Chesapeake,"Two or more races",6,1,0
2020-07-01,Chesapeake,White,317,46,11
2020-07-01,Chesterfield,"Asian or Pacific Islander",28,1,0
2020-07-01,Chesterfield,Black,398,50,14
2020-07-01,Chesterfield,Latino,638,24,1
2020-07-01,Chesterfield,"Native American",3,0,0
2020-07-01,Chesterfield,"Not Reported",1387,3,13
2020-07-01,Chesterfield,"Other Race",180,6,0
2020-07-01,Chesterfield,"Two or more races",5,0,0
2020-07-01,Chesterfield,White,501,54,44
2020-07-01,Chickahominy,"Asian or Pacific Islander",4,1,0
2020-07-01,Chickahominy,Black,115,34,10
2020-07-01,Chickahominy,Latino,41,3,0
2020-07-01,Chickahominy,"Native American",1,1,0
2020-07-01,Chickahominy,"Not Reported",187,3,1
2020-07-01,Chickahominy,"Other Race",10,3,0
2020-07-01,Chickahominy,"Two or more races",2,1,0
2020-07-01,Chickahominy,White,285,63,26
2020-07-01,Crater,"Asian or Pacific Islander",4,0,0
2020-07-01,Crater,Black,704,109,16
2020-07-01,Crater,Latino,119,4,2
2020-07-01,Crater,"Native American",3,0,0
2020-07-01,Crater,"Not Reported",372,7,7
2020-07-01,Crater,"Other Race",15,0,0
2020-07-01,Crater,"Two or more races",1,0,0
2020-07-01,Crater,White,292,32,7
2020-07-01,"Cumberland Plateau",Black,12,0,0
2020-07-01,"Cumberland Plateau",Latino,0,0,0
2020-07-01,"Cumberland Plateau","Not Reported",2,0,0
2020-07-01,"Cumberland Plateau","Other Race",0,0,0
2020-07-01,"Cumberland Plateau","Two or more races",1,0,0
2020-07-01,"Cumberland Plateau",White,46,2,0
2020-07-01,"Cumberland Plateau and Lenowisco","Asian or Pacific Islander",1,0,0
2020-07-01,"Cumberland Plateau, Lenowisco, and Mount Rogers","Native American",0,0,0
2020-07-01,"Eastern Shore",Black,789,88,25
2020-07-01,"Eastern Shore",Latino,244,7,3
2020-07-01,"Eastern Shore","Not Reported",87,0,0
2020-07-01,"Eastern Shore","Other Race",13,1,0
2020-07-01,"Eastern Shore","Two or more races",1,1,0
2020-07-01,"Eastern Shore",White,175,15,14
2020-07-01,"Eastern Shore and Three Rivers","Asian or Pacific Islander",7,1,0
2020-07-01,"Eastern Shore and Three Rivers","Native American",1,0,0
2020-07-01,Fairfax,"Asian or Pacific Islander",1091,200,63
2020-07-01,Fairfax,Black,796,170,46
2020-07-01,Fairfax,Latino,7211,752,69
2020-07-01,Fairfax,"Native American",20,1,1
2020-07-01,Fairfax,"Not Reported",2313,73,51
2020-07-01,Fairfax,"Other Race",506,59,12
2020-07-01,Fairfax,"Two or more races",21,3,0
2020-07-01,Fairfax,White,2028,382,261
2020-07-01,Hampton,"Asian or Pacific Islander",4,0,0
2020-07-01,Hampton,Black,157,29,5
2020-07-01,Hampton,Latino,35,3,0
2020-07-01,Hampton,"Native American",0,0,0
2020-07-01,Hampton,"Not Reported",76,0,0
2020-07-01,Hampton,"Other Race",4,2,0
2020-07-01,Hampton,"Two or more races",2,0,0
2020-07-01,Hampton,White,58,7,0
2020-07-01,Henrico,"Asian or Pacific Islander",113,7,3
2020-07-01,Henrico,Black,728,123,62
2020-07-01,Henrico,Latino,556,39,5
2020-07-01,Henrico,"Native American",7,0,0
2020-07-01,Henrico,"Not Reported",509,2,1
2020-07-01,Henrico,"Other Race",72,12,1
2020-07-01,Henrico,"Two or more races",6,0,0
2020-07-01,Henrico,White,612,74,74
2020-07-01,Lenowisco,Black,1,0,0
2020-07-01,Lenowisco,Latino,0,0,0
2020-07-01,Lenowisco,"Not Reported",10,1,1
2020-07-01,Lenowisco,"Other Race",1,0,0
2020-07-01,Lenowisco,"Two or more races",0,0,0
2020-07-01,Lenowisco,White,41,16,3
2020-07-01,"Lord Fairfax","Asian or Pacific Islander",6,0,0
2020-07-01,"Lord Fairfax",Black,72,6,3
2020-07-01,"Lord Fairfax",Latino,535,36,8
2020-07-01,"Lord Fairfax","Native American",2,1,1
2020-07-01,"Lord Fairfax","Not Reported",269,3,4
2020-07-01,"Lord Fairfax","Other Race",65,5,0
2020-07-01,"Lord Fairfax","Two or more races",9,0,0
2020-07-01,"Lord Fairfax",White,1056,124,51
2020-07-01,Loudoun,"Asian or Pacific Islander",165,36,8
2020-07-01,Loudoun,Black,126,19,4
2020-07-01,Loudoun,Latino,959,128,8
2020-07-01,Loudoun,"Native American",0,0,0
2020-07-01,Loudoun,"Not Reported",2061,2,2
2020-07-01,Loudoun,"Other Race",113,4,2
2020-07-01,Loudoun,"Two or more races",13,0,0
2020-07-01,Loudoun,White,610,90,63
2020-07-01,"Mount Rogers","Asian or Pacific Islander",2,1,0
2020-07-01,"Mount Rogers",Black,27,5,2
2020-07-01,"Mount Rogers",Latino,179,1,0
2020-07-01,"Mount Rogers","Not Reported",39,1,1
2020-07-01,"Mount Rogers","Other Race",2,0,0
2020-07-01,"Mount Rogers","Two or more races",3,0,0
2020-07-01,"Mount Rogers",White,473,66,27
2020-07-01,"New River","Asian or Pacific Islander",3,0,0
2020-07-01,"New River",Black,17,3,0
2020-07-01,"New River",Latino,18,1,0
2020-07-01,"New River","Native American",0,0,0
2020-07-01,"New River","Not Reported",44,0,0
2020-07-01,"New River","Other Race",0,0,0
2020-07-01,"New River","Two or more races",0,0,0
2020-07-01,"New River",White,156,18,5
2020-07-01,Norfolk,"Asian or Pacific Islander",13,1,0
2020-07-01,Norfolk,Black,461,71,7
2020-07-01,Norfolk,Latino,159,15,0
2020-07-01,Norfolk,"Native American",1,0,0
2020-07-01,Norfolk,"Not Reported",155,0,0
2020-07-01,Norfolk,"Other Race",15,2,0
2020-07-01,Norfolk,"Two or more races",1,0,0
2020-07-01,Norfolk,White,129,18,3
2020-07-01,Peninsula,"Asian or Pacific Islander",9,2,1
2020-07-01,Peninsula,Black,246,34,10
2020-07-01,Peninsula,Latino,161,11,0
2020-07-01,Peninsula,"Native American",2,0,0
2020-07-01,Peninsula,"Not Reported",227,1,0
2020-07-01,Peninsula,"Other Race",21,1,0
2020-07-01,Peninsula,"Two or more races",7,2,0
2020-07-01,Peninsula,White,322,75,23
2020-07-01,Piedmont,"Asian or Pacific Islander",4,0,0
2020-07-01,Piedmont,Black,344,47,2
2020-07-01,Piedmont,Latino,48,3,1
2020-07-01,Piedmont,"Native American",1,0,0
2020-07-01,Piedmont,"Not Reported",321,12,5
2020-07-01,Piedmont,"Other Race",6,0,0
2020-07-01,Piedmont,"Two or more races",3,1,0
2020-07-01,Piedmont,White,296,24,3
2020-07-01,Pittsylvania-Danville,"Asian or Pacific Islander",0,0,0
2020-07-01,Pittsylvania-Danville,Black,69,15,0
2020-07-01,Pittsylvania-Danville,Latino,28,2,0
2020-07-01,Pittsylvania-Danville,"Not Reported",30,6,0
2020-07-01,Pittsylvania-Danville,"Other Race",0,0,0
2020-07-01,Pittsylvania-Danville,"Two or more races",0,0,0
2020-07-01,Pittsylvania-Danville,White,82,18,3
2020-07-01,"Pittsylvania-Danville and Southside","Native American",0,0,0
2020-07-01,Portsmouth,"Asian or Pacific Islander",3,2,0
2020-07-01,Portsmouth,Black,245,51,12
2020-07-01,Portsmouth,Latino,27,4,0
2020-07-01,Portsmouth,"Native American",2,0,0
2020-07-01,Portsmouth,"Not Reported",128,1,1
2020-07-01,Portsmouth,"Other Race",14,0,0
2020-07-01,Portsmouth,"Two or more races",2,1,0
2020-07-01,Portsmouth,White,76,10,3
2020-07-01,"Prince William","Asian or Pacific Islander",251,40,11
2020-07-01,"Prince William",Black,646,118,37
2020-07-01,"Prince William",Latino,3982,493,47
2020-07-01,"Prince William","Native American",12,1,0
2020-07-01,"Prince William","Not Reported",3226,17,0
2020-07-01,"Prince William","Other Race",221,9,0
2020-07-01,"Prince William","Two or more races",10,1,0
2020-07-01,"Prince William",White,827,124,73
2020-07-01,Rappahannock,"Asian or Pacific Islander",39,7,0
2020-07-01,Rappahannock,Black,274,44,9
2020-07-01,Rappahannock,Latino,852,81,4
2020-07-01,Rappahannock,"Native American",3,0,0
2020-07-01,Rappahannock,"Not Reported",707,22,1
2020-07-01,Rappahannock,"Other Race",41,4,0
2020-07-01,Rappahannock,"Two or more races",10,1,0
2020-07-01,Rappahannock,White,529,64,29
2020-07-01,"Rappahannock Rapidan","Asian or Pacific Islander",5,1,0
2020-07-01,"Rappahannock Rapidan",Black,75,16,5
2020-07-01,"Rappahannock Rapidan",Latino,628,49,5
2020-07-01,"Rappahannock Rapidan","Native American",0,0,0
2020-07-01,"Rappahannock Rapidan","Not Reported",413,10,2
2020-07-01,"Rappahannock Rapidan","Other Race",21,2,0
2020-07-01,"Rappahannock Rapidan","Two or more races",10,1,0
2020-07-01,"Rappahannock Rapidan",White,292,30,9
2020-07-01,Richmond,"Asian or Pacific Islander",8,2,0
2020-07-01,Richmond,Black,561,121,21
2020-07-01,Richmond,Latino,862,68,3
2020-07-01,Richmond,"Native American",0,0,0
2020-07-01,Richmond,"Not Reported",483,2,0
2020-07-01,Richmond,"Other Race",101,9,1
2020-07-01,Richmond,"Two or more races",4,1,0
2020-07-01,Richmond,White,194,19,4
2020-07-01,Roanoke,"Asian or Pacific Islander",2,0,0
2020-07-01,Roanoke,Black,34,7,2
2020-07-01,Roanoke,Latino,148,1,0
2020-07-01,Roanoke,"Not Reported",166,1,0
2020-07-01,Roanoke,"Other Race",1,0,0
2020-07-01,Roanoke,"Two or more races",0,0,0
2020-07-01,Roanoke,White,87,5,8
2020-07-01,Southside,"Asian or Pacific Islander",1,0,0
2020-07-01,Southside,Black,108,20,7
2020-07-01,Southside,Latino,2,0,0
2020-07-01,Southside,"Not Reported",173,15,8
2020-07-01,Southside,"Other Race",6,0,1
2020-07-01,Southside,"Two or more races",21,0,0
2020-07-01,Southside,White,91,14,12
2020-07-01,"Thomas Jefferson","Asian or Pacific Islander",11,0,0
2020-07-01,"Thomas Jefferson",Black,148,44,5
2020-07-01,"Thomas Jefferson",Latino,310,14,0
2020-07-01,"Thomas Jefferson","Native American",2,0,0
2020-07-01,"Thomas Jefferson","Not Reported",97,0,0
2020-07-01,"Thomas Jefferson","Other Race",26,2,1
2020-07-01,"Thomas Jefferson","Two or more races",3,0,0
2020-07-01,"Thomas Jefferson",White,341,34,16
2020-07-01,"Three Rivers",Black,192,17,3
2020-07-01,"Three Rivers",Latino,76,3,0
2020-07-01,"Three Rivers","Not Reported",136,4,0
2020-07-01,"Three Rivers","Other Race",6,1,0
2020-07-01,"Three Rivers","Two or more races",3,0,0
2020-07-01,"Three Rivers",White,230,23,6
2020-07-01,"Virginia Beach","Asian or Pacific Islander",61,12,1
2020-07-01,"Virginia Beach",Black,294,25,4
2020-07-01,"Virginia Beach",Latino,127,12,2
2020-07-01,"Virginia Beach","Native American",0,0,0
2020-07-01,"Virginia Beach","Not Reported",207,4,2
2020-07-01,"Virginia Beach","Other Race",14,1,0
2020-07-01,"Virginia Beach","Two or more races",11,2,0
2020-07-01,"Virginia Beach",White,489,63,20
2020-07-01,"West Piedmont","Asian or Pacific Islander",11,1,1
2020-07-01,"West Piedmont",Black,87,22,2
2020-07-01,"West Piedmont",Latino,136,7,0
2020-07-01,"West Piedmont","Native American",0,0,0
2020-07-01,"West Piedmont","Not Reported",71,1,0
2020-07-01,"West Piedmont","Other Race",1,0,0
2020-07-01,"West Piedmont","Two or more races",0,0,0
2020-07-01,"West Piedmont",White,174,10,4
2020-07-01,"Western Tidewater","Asian or Pacific Islander",6,1,0
2020-07-01,"Western Tidewater",Black,315,48,21
2020-07-01,"Western Tidewater",Latino,9,1,0
2020-07-01,"Western Tidewater","Native American",0,0,0
2020-07-01,"Western Tidewater","Not Reported",258,2,1
2020-07-01,"Western Tidewater","Other Race",16,0,0
2020-07-01,"Western Tidewater","Two or more races",2,0,0
2020-07-01,"Western Tidewater",White,204,35,28
2020-07-02,Alexandria,"Asian or Pacific Islander",83,8,1
2020-07-02,Alexandria,Black,335,61,13
2020-07-02,Alexandria,Latino,1279,109,9
2020-07-02,Alexandria,"Native American",3,0,0
2020-07-02,Alexandria,"Not Reported",139,6,0
2020-07-02,Alexandria,"Other Race",39,4,2
2020-07-02,Alexandria,"Two or more races",4,1,0
2020-07-02,Alexandria,White,445,48,32
2020-07-02,Alleghany,"Asian or Pacific Islander",3,0,0
2020-07-02,Alleghany,Black,16,2,1
2020-07-02,Alleghany,Latino,67,5,0
2020-07-02,Alleghany,"Not Reported",198,1,0
2020-07-02,Alleghany,"Other Race",3,0,0
2020-07-02,Alleghany,"Two or more races",2,0,0
2020-07-02,Alleghany,White,211,23,14
2020-07-02,"Alleghany and Roanoke","Native American",0,0,0
2020-07-02,Arlington,"Asian or Pacific Islander",123,22,12
2020-07-02,Arlington,Black,213,66,29
2020-07-02,Arlington,Latino,1222,202,22
2020-07-02,Arlington,"Native American",2,0,0
2020-07-02,Arlington,"Not Reported",150,9,4
2020-07-02,Arlington,"Other Race",52,6,2
2020-07-02,Arlington,"Two or more races",14,2,0
2020-07-02,Arlington,White,720,114,63
2020-07-02,"Central Shenandoah","Asian or Pacific Islander",17,2,0
2020-07-02,"Central Shenandoah",Black,91,9,3
2020-07-02,"Central Shenandoah",Latino,774,47,4
2020-07-02,"Central Shenandoah","Native American",1,1,0
2020-07-02,"Central Shenandoah","Not Reported",186,2,1
2020-07-02,"Central Shenandoah","Other Race",32,1,0
2020-07-02,"Central Shenandoah","Two or more races",9,1,0
2020-07-02,"Central Shenandoah",White,972,108,31
2020-07-02,"Central Virginia","Asian or Pacific Islander",0,0,0
2020-07-02,"Central Virginia",Black,24,2,1
2020-07-02,"Central Virginia",Latino,23,1,1
2020-07-02,"Central Virginia","Native American",0,0,0
2020-07-02,"Central Virginia","Not Reported",258,4,1
2020-07-02,"Central Virginia","Other Race",1,0,0
2020-07-02,"Central Virginia","Two or more races",0,0,0
2020-07-02,"Central Virginia",White,87,9,2
2020-07-02,Chesapeake,"Asian or Pacific Islander",24,4,2
2020-07-02,Chesapeake,Black,345,72,6
2020-07-02,Chesapeake,Latino,121,11,1
2020-07-02,Chesapeake,"Native American",8,0,0
2020-07-02,Chesapeake,"Not Reported",121,3,1
2020-07-02,Chesapeake,"Other Race",11,2,0
2020-07-02,Chesapeake,"Two or more races",7,1,0
2020-07-02,Chesapeake,White,322,47,11
2020-07-02,Chesterfield,"Asian or Pacific Islander",29,1,0
2020-07-02,Chesterfield,Black,399,53,14
2020-07-02,Chesterfield,Latino,644,29,1
2020-07-02,Chesterfield,"Native American",3,0,0
2020-07-02,Chesterfield,"Not Reported",1402,3,13
2020-07-02,Chesterfield,"Other Race",180,6,0
2020-07-02,Chesterfield,"Two or more races",5,0,0
2020-07-02,Chesterfield,White,504,57,45
2020-07-02,Chickahominy,"Asian or Pacific Islander",4,1,0
2020-07-02,Chickahominy,Black,115,34,10
2020-07-02,Chickahominy,Latino,43,3,0
2020-07-02,Chickahominy,"Native American",1,1,0
2020-07-02,Chickahominy,"Not Reported",189,3,1
2020-07-02,Chickahominy,"Other Race",10,3,0
2020-07-02,Chickahominy,"Two or more races",2,1,0
2020-07-02,Chickahominy,White,288,64,26
2020-07-02,Crater,"Asian or Pacific Islander",4,0,0
2020-07-02,Crater,Black,718,109,17
2020-07-02,Crater,Latino,119,4,2
2020-07-02,Crater,"Native American",3,0,0
2020-07-02,Crater,"Not Reported",381,7,7
2020-07-02,Crater,"Other Race",15,0,0
2020-07-02,Crater,"Two or more races",1,0,0
2020-07-02,Crater,White,298,32,7
2020-07-02,"Cumberland Plateau",Black,12,0,0
2020-07-02,"Cumberland Plateau",Latino,0,0,0
2020-07-02,"Cumberland Plateau","Not Reported",2,0,0
2020-07-02,"Cumberland Plateau","Other Race",0,0,0
2020-07-02,"Cumberland Plateau","Two or more races",1,0,0
2020-07-02,"Cumberland Plateau",White,49,2,0
2020-07-02,"Cumberland Plateau and Lenowisco","Asian or Pacific Islander",1,0,0
2020-07-02,"Cumberland Plateau, Lenowisco, and Mount Rogers","Native American",0,0,0
2020-07-02,"Eastern Shore",Black,790,88,25
2020-07-02,"Eastern Shore",Latino,244,7,3
2020-07-02,"Eastern Shore","Not Reported",85,0,0
2020-07-02,"Eastern Shore","Other Race",13,1,0
2020-07-02,"Eastern Shore","Two or more races",1,1,0
2020-07-02,"Eastern Shore",White,176,15,14
2020-07-02,"Eastern Shore and Three Rivers","Asian or Pacific Islander",8,1,0
2020-07-02,"Eastern Shore and Three Rivers","Native American",1,0,0
2020-07-02,Fairfax,"Asian or Pacific Islander",1096,202,64
2020-07-02,Fairfax,Black,797,171,47
2020-07-02,Fairfax,Latino,7254,763,70
2020-07-02,Fairfax,"Native American",20,1,1
2020-07-02,Fairfax,"Not Reported",2272,73,49
2020-07-02,Fairfax,"Other Race",503,59,12
2020-07-02,Fairfax,"Two or more races",23,4,0
2020-07-02,Fairfax,White,2045,385,264
2020-07-02,Hampton,"Asian or Pacific Islander",4,0,0
2020-07-02,Hampton,Black,159,29,5
2020-07-02,Hampton,Latino,35,3,0
2020-07-02,Hampton,"Native American",0,0,0
2020-07-02,Hampton,"Not Reported",76,0,0
2020-07-02,Hampton,"Other Race",4,2,0
2020-07-02,Hampton,"Two or more races",3,0,0
2020-07-02,Hampton,White,58,7,0
2020-07-02,Henrico,"Asian or Pacific Islander",116,7,3
2020-07-02,Henrico,Black,734,123,65
2020-07-02,Henrico,Latino,559,39,5
2020-07-02,Henrico,"Native American",7,0,0
2020-07-02,Henrico,"Not Reported",504,2,3
2020-07-02,Henrico,"Other Race",72,12,1
2020-07-02,Henrico,"Two or more races",6,0,0
2020-07-02,Henrico,White,617,74,75
2020-07-02,Lenowisco,Black,1,0,0
2020-07-02,Lenowisco,Latino,0,0,0
2020-07-02,Lenowisco,"Not Reported",10,1,1
2020-07-02,Lenowisco,"Other Race",1,0,0
2020-07-02,Lenowisco,"Two or more races",0,0,0
2020-07-02,Lenowisco,White,42,16,3
2020-07-02,"Lord Fairfax","Asian or Pacific Islander",6,0,0
2020-07-02,"Lord Fairfax",Black,73,7,3
2020-07-02,"Lord Fairfax",Latino,550,36,8
2020-07-02,"Lord Fairfax","Native American",2,1,1
2020-07-02,"Lord Fairfax","Not Reported",264,3,4
2020-07-02,"Lord Fairfax","Other Race",62,5,0
2020-07-02,"Lord Fairfax","Two or more races",10,0,0
2020-07-02,"Lord Fairfax",White,1081,126,51
2020-07-02,Loudoun,"Asian or Pacific Islander",168,36,8
2020-07-02,Loudoun,Black,129,19,4
2020-07-02,Loudoun,Latino,972,127,9
2020-07-02,Loudoun,"Native American",0,0,0
2020-07-02,Loudoun,"Not Reported",2060,2,2
2020-07-02,Loudoun,"Other Race",114,4,2
2020-07-02,Loudoun,"Two or more races",14,0,0
2020-07-02,Loudoun,White,626,90,64
2020-07-02,"Mount Rogers","Asian or Pacific Islander",2,1,0
2020-07-02,"Mount Rogers",Black,27,5,2
2020-07-02,"Mount Rogers",Latino,181,1,0
2020-07-02,"Mount Rogers","Not Reported",40,1,1
2020-07-02,"Mount Rogers","Other Race",2,0,0
2020-07-02,"Mount Rogers","Two or more races",3,0,0
2020-07-02,"Mount Rogers",White,481,66,28
2020-07-02,"New River","Asian or Pacific Islander",3,0,0
2020-07-02,"New River",Black,18,3,0
2020-07-02,"New River",Latino,18,1,0
2020-07-02,"New River","Native American",0,0,0
2020-07-02,"New River","Not Reported",44,0,0
2020-07-02,"New River","Other Race",0,0,0
2020-07-02,"New River","Two or more races",0,0,0
2020-07-02,"New River",White,160,18,5
2020-07-02,Norfolk,"Asian or Pacific Islander",13,1,0
2020-07-02,Norfolk,Black,497,71,7
2020-07-02,Norfolk,Latino,161,15,0
2020-07-02,Norfolk,"Native American",1,0,0
2020-07-02,Norfolk,"Not Reported",166,0,0
2020-07-02,Norfolk,"Other Race",15,2,0
2020-07-02,Norfolk,"Two or more races",1,0,0
2020-07-02,Norfolk,White,133,19,4
2020-07-02,Peninsula,"Asian or Pacific Islander",10,2,1
2020-07-02,Peninsula,Black,248,34,10
2020-07-02,Peninsula,Latino,164,12,0
2020-07-02,Peninsula,"Native American",2,0,0
2020-07-02,Peninsula,"Not Reported",229,1,0
2020-07-02,Peninsula,"Other Race",21,1,0
2020-07-02,Peninsula,"Two or more races",7,2,0
2020-07-02,Peninsula,White,324,75,23
2020-07-02,Piedmont,"Asian or Pacific Islander",4,0,0
2020-07-02,Piedmont,Black,346,48,2
2020-07-02,Piedmont,Latino,51,4,1
2020-07-02,Piedmont,"Native American",1,0,0
2020-07-02,Piedmont,"Not Reported",320,12,6
2020-07-02,Piedmont,"Other Race",6,0,0
2020-07-02,Piedmont,"Two or more races",3,1,0
2020-07-02,Piedmont,White,299,24,3
2020-07-02,Pittsylvania-Danville,"Asian or Pacific Islander",0,0,0
2020-07-02,Pittsylvania-Danville,Black,71,15,0
2020-07-02,Pittsylvania-Danville,Latino,29,2,0
2020-07-02,Pittsylvania-Danville,"Not Reported",30,6,0
2020-07-02,Pittsylvania-Danville,"Other Race",0,0,0
2020-07-02,Pittsylvania-Danville,"Two or more races",0,0,0
2020-07-02,Pittsylvania-Danville,White,82,18,3
2020-07-02,"Pittsylvania-Danville and Southside","Native American",0,0,0
2020-07-02,Portsmouth,"Asian or Pacific Islander",3,2,0
2020-07-02,Portsmouth,Black,248,52,12
2020-07-02,Portsmouth,Latino,28,4,0
2020-07-02,Portsmouth,"Native American",2,0,0
2020-07-02,Portsmouth,"Not Reported",135,1,1
2020-07-02,Portsmouth,"Other Race",14,1,1
2020-07-02,Portsmouth,"Two or more races",2,1,0
2020-07-02,Portsmouth,White,81,10,4
2020-07-02,"Prince William","Asian or Pacific Islander",252,41,11
2020-07-02,"Prince William",Black,651,118,37
2020-07-02,"Prince William",Latino,4032,498,47
2020-07-02,"Prince William","Native American",12,1,0
2020-07-02,"Prince William","Not Reported",3216,19,0
2020-07-02,"Prince William","Other Race",221,9,0
2020-07-02,"Prince William","Two or more races",10,1,0
2020-07-02,"Prince William",White,844,124,72
2020-07-02,Rappahannock,"Asian or Pacific Islander",40,7,0
2020-07-02,Rappahannock,Black,276,45,9
2020-07-02,Rappahannock,Latino,860,81,5
2020-07-02,Rappahannock,"Native American",3,0,0
2020-07-02,Rappahannock,"Not Reported",715,22,1
2020-07-02,Rappahannock,"Other Race",42,4,0
2020-07-02,Rappahannock,"Two or more races",10,1,0
2020-07-02,Rappahannock,White,532,65,29
2020-07-02,"Rappahannock Rapidan","Asian or Pacific Islander",5,1,0
2020-07-02,"Rappahannock Rapidan",Black,76,16,6
2020-07-02,"Rappahannock Rapidan",Latino,629,49,5
2020-07-02,"Rappahannock Rapidan","Native American",0,0,0
2020-07-02,"Rappahannock Rapidan","Not Reported",412,10,2
2020-07-02,"Rappahannock Rapidan","Other Race",21,2,0
2020-07-02,"Rappahannock Rapidan","Two or more races",11,1,0
2020-07-02,"Rappahannock Rapidan",White,294,30,9
2020-07-02,Richmond,"Asian or Pacific Islander",7,2,0
2020-07-02,Richmond,Black,563,122,21
2020-07-02,Richmond,Latino,869,69,3
2020-07-02,Richmond,"Native American",0,0,0
2020-07-02,Richmond,"Not Reported",490,2,0
2020-07-02,Richmond,"Other Race",98,10,1
2020-07-02,Richmond,"Two or more races",4,1,1
2020-07-02,Richmond,White,196,19,4
2020-07-02,Roanoke,"Asian or Pacific Islander",2,0,0
2020-07-02,Roanoke,Black,34,7,2
2020-07-02,Roanoke,Latino,146,1,0
2020-07-02,Roanoke,"Not Reported",166,1,0
2020-07-02,Roanoke,"Other Race",1,0,0
2020-07-02,Roanoke,"Two or more races",0,0,0
2020-07-02,Roanoke,White,87,5,8
2020-07-02,Southside,"Asian or Pacific Islander",1,0,0
2020-07-02,Southside,Black,110,20,7
2020-07-02,Southside,Latino,2,0,0
2020-07-02,Southside,"Not Reported",177,15,8
2020-07-02,Southside,"Other Race",6,0,1
2020-07-02,Southside,"Two or more races",21,0,0
2020-07-02,Southside,White,93,14,14
2020-07-02,"Thomas Jefferson","Asian or Pacific Islander",11,0,0
2020-07-02,"Thomas Jefferson",Black,150,45,5
2020-07-02,"Thomas Jefferson",Latino,317,16,0
2020-07-02,"Thomas Jefferson","Native American",2,0,0
2020-07-02,"Thomas Jefferson","Not Reported",91,0,0
2020-07-02,"Thomas Jefferson","Other Race",26,2,1
2020-07-02,"Thomas Jefferson","Two or more races",4,0,0
2020-07-02,"Thomas Jefferson",White,347,34,17
2020-07-02,"Three Rivers",Black,192,17,3
2020-07-02,"Three Rivers",Latino,76,3,0
2020-07-02,"Three Rivers","Not Reported",137,4,0
2020-07-02,"Three Rivers","Other Race",6,1,0
2020-07-02,"Three Rivers","Two or more races",3,0,0
2020-07-02,"Three Rivers",White,230,23,6
2020-07-02,"Virginia Beach","Asian or Pacific Islander",61,12,1
2020-07-02,"Virginia Beach",Black,310,25,4
2020-07-02,"Virginia Beach",Latino,131,12,2
2020-07-02,"Virginia Beach","Native American",0,0,0
2020-07-02,"Virginia Beach","Not Reported",192,5,3
2020-07-02,"Virginia Beach","Other Race",14,1,0
2020-07-02,"Virginia Beach","Two or more races",15,2,0
2020-07-02,"Virginia Beach",White,502,64,20
2020-07-02,"West Piedmont","Asian or Pacific Islander",11,1,1
2020-07-02,"West Piedmont",Black,89,23,2
2020-07-02,"West Piedmont",Latino,137,7,0
2020-07-02,"West Piedmont","Native American",0,0,0
2020-07-02,"West Piedmont","Not Reported",75,1,0
2020-07-02,"West Piedmont","Other Race",1,0,0
2020-07-02,"West Piedmont","Two or more races",0,0,0
2020-07-02,"West Piedmont",White,179,11,4
2020-07-02,"Western Tidewater","Asian or Pacific Islander",6,1,0
2020-07-02,"Western Tidewater",Black,320,48,21
2020-07-02,"Western Tidewater",Latino,9,1,0
2020-07-02,"Western Tidewater","Native American",0,0,0
2020-07-02,"Western Tidewater","Not Reported",260,2,2
2020-07-02,"Western Tidewater","Other Race",16,0,1
2020-07-02,"Western Tidewater","Two or more races",2,0,0
2020-07-02,"Western Tidewater",White,204,36,28
2020-07-03,Alexandria,"Asian or Pacific Islander",83,8,1
2020-07-03,Alexandria,Black,337,61,13
2020-07-03,Alexandria,Latino,1291,109,9
2020-07-03,Alexandria,"Native American",3,0,0
2020-07-03,Alexandria,"Not Reported",134,6,0
2020-07-03,Alexandria,"Other Race",40,5,2
2020-07-03,Alexandria,"Two or more races",4,1,0
2020-07-03,Alexandria,White,446,48,32
2020-07-03,Alleghany,"Asian or Pacific Islander",3,0,0
2020-07-03,Alleghany,Black,16,2,1
2020-07-03,Alleghany,Latino,68,5,0
2020-07-03,Alleghany,"Not Reported",219,1,0
2020-07-03,Alleghany,"Other Race",4,0,0
2020-07-03,Alleghany,"Two or more races",2,0,0
2020-07-03,Alleghany,White,219,23,14
2020-07-03,"Alleghany and Roanoke","Native American",0,0,0
2020-07-03,Arlington,"Asian or Pacific Islander",123,22,12
2020-07-03,Arlington,Black,214,66,29
2020-07-03,Arlington,Latino,1230,202,22
2020-07-03,Arlington,"Native American",2,0,0
2020-07-03,Arlington,"Not Reported",145,9,4
2020-07-03,Arlington,"Other Race",51,6,2
2020-07-03,Arlington,"Two or more races",14,2,0
2020-07-03,Arlington,White,721,114,63
2020-07-03,"Central Shenandoah","Asian or Pacific Islander",18,2,0
2020-07-03,"Central Shenandoah",Black,91,9,4
2020-07-03,"Central Shenandoah",Latino,774,47,4
2020-07-03,"Central Shenandoah","Native American",1,1,0
2020-07-03,"Central Shenandoah","Not Reported",192,2,1
2020-07-03,"Central Shenandoah","Other Race",32,1,0
2020-07-03,"Central Shenandoah","Two or more races",10,1,0
2020-07-03,"Central Shenandoah",White,993,110,31
2020-07-03,"Central Virginia","Asian or Pacific Islander",0,0,0
2020-07-03,"Central Virginia",Black,24,2,1
2020-07-03,"Central Virginia",Latino,23,1,1
2020-07-03,"Central Virginia","Native American",0,0,0
2020-07-03,"Central Virginia","Not Reported",282,4,1
2020-07-03,"Central Virginia","Other Race",1,0,0
2020-07-03,"Central Virginia","Two or more races",0,0,0
2020-07-03,"Central Virginia",White,88,9,2
2020-07-03,Chesapeake,"Asian or Pacific Islander",24,4,2
2020-07-03,Chesapeake,Black,353,73,6
2020-07-03,Chesapeake,Latino,128,11,1
2020-07-03,Chesapeake,"Native American",8,0,0
2020-07-03,Chesapeake,"Not Reported",118,4,1
2020-07-03,Chesapeake,"Other Race",9,2,0
2020-07-03,Chesapeake,"Two or more races",7,1,0
2020-07-03,Chesapeake,White,325,48,11
2020-07-03,Chesterfield,"Asian or Pacific Islander",29,1,0
2020-07-03,Chesterfield,Black,406,53,14
2020-07-03,Chesterfield,Latino,652,29,1
2020-07-03,Chesterfield,"Native American",3,0,0
2020-07-03,Chesterfield,"Not Reported",1421,3,13
2020-07-03,Chesterfield,"Other Race",180,6,0
2020-07-03,Chesterfield,"Two or more races",5,0,0
2020-07-03,Chesterfield,White,507,57,45
2020-07-03,Chickahominy,"Asian or Pacific Islander",4,1,0
2020-07-03,Chickahominy,Black,115,34,10
2020-07-03,Chickahominy,Latino,44,3,0
2020-07-03,Chickahominy,"Native American",1,1,0
2020-07-03,Chickahominy,"Not Reported",199,3,1
2020-07-03,Chickahominy,"Other Race",10,3,0
2020-07-03,Chickahominy,"Two or more races",2,1,0
2020-07-03,Chickahominy,White,294,65,28
2020-07-03,Crater,"Asian or Pacific Islander",4,0,0
2020-07-03,Crater,Black,731,111,20
2020-07-03,Crater,Latino,120,4,2
2020-07-03,Crater,"Native American",3,0,0
2020-07-03,Crater,"Not Reported",387,7,8
2020-07-03,Crater,"Other Race",14,0,0
2020-07-03,Crater,"Two or more races",1,0,0
2020-07-03,Crater,White,302,32,8
2020-07-03,"Cumberland Plateau",Black,12,0,0
2020-07-03,"Cumberland Plateau",Latino,0,0,0
2020-07-03,"Cumberland Plateau","Not Reported",1,0,0
2020-07-03,"Cumberland Plateau","Other Race",0,0,0
2020-07-03,"Cumberland Plateau","Two or more races",1,0,0
2020-07-03,"Cumberland Plateau",White,50,2,0
2020-07-03,"Cumberland Plateau and Lenowisco","Asian or Pacific Islander",1,0,0
2020-07-03,"Cumberland Plateau, Lenowisco, and Mount Rogers","Native American",0,0,0
2020-07-03,"Eastern Shore",Black,791,89,25
2020-07-03,"Eastern Shore",Latino,244,7,3
2020-07-03,"Eastern Shore","Not Reported",84,0,0
2020-07-03,"Eastern Shore","Other Race",13,1,0
2020-07-03,"Eastern Shore","Two or more races",1,1,0
2020-07-03,"Eastern Shore",White,176,15,14
2020-07-03,"Eastern Shore and Three Rivers","Asian or Pacific Islander",8,1,0
2020-07-03,"Eastern Shore and Three Rivers","Native American",1,0,0
2020-07-03,Fairfax,"Asian or Pacific Islander",1106,203,64
2020-07-03,Fairfax,Black,809,171,48
2020-07-03,Fairfax,Latino,7324,771,71
2020-07-03,Fairfax,"Native American",22,1,1
2020-07-03,Fairfax,"Not Reported",2230,73,49
2020-07-03,Fairfax,"Other Race",503,59,12
2020-07-03,Fairfax,"Two or more races",25,4,0
2020-07-03,Fairfax,White,2070,386,264
2020-07-03,Hampton,"Asian or Pacific Islander",5,0,0
2020-07-03,Hampton,Black,163,29,5
2020-07-03,Hampton,Latino,36,3,0
2020-07-03,Hampton,"Native American",0,0,0
2020-07-03,Hampton,"Not Reported",85,0,0
2020-07-03,Hampton,"Other Race",4,2,0
2020-07-03,Hampton,"Two or more races",3,0,0
2020-07-03,Hampton,White,58,7,0
2020-07-03,Henrico,"Asian or Pacific Islander",118,8,3
2020-07-03,Henrico,Black,738,123,68
2020-07-03,Henrico,Latino,565,39,5
2020-07-03,Henrico,"Native American",7,0,0
2020-07-03,Henrico,"Not Reported",506,2,2
2020-07-03,Henrico,"Other Race",69,11,1
2020-07-03,Henrico,"Two or more races",6,0,0
2020-07-03,Henrico,White,620,75,78
2020-07-03,Lenowisco,Black,1,0,0
2020-07-03,Lenowisco,Latino,0,0,0
2020-07-03,Lenowisco,"Not Reported",10,1,1
2020-07-03,Lenowisco,"Other Race",1,0,0
2020-07-03,Lenowisco,"Two or more races",0,0,0
2020-07-03,Lenowisco,White,43,16,3
2020-07-03,"Lord Fairfax","Asian or Pacific Islander",6,0,0
2020-07-03,"Lord Fairfax",Black,73,8,4
2020-07-03,"Lord Fairfax",Latino,562,35,8
2020-07-03,"Lord Fairfax","Native American",2,1,1
2020-07-03,"Lord Fairfax","Not Reported",260,3,4
2020-07-03,"Lord Fairfax","Other Race",53,5,0
2020-07-03,"Lord Fairfax","Two or more races",10,0,0
2020-07-03,"Lord Fairfax",White,1094,131,52
2020-07-03,Loudoun,"Asian or Pacific Islander",171,36,8
2020-07-03,Loudoun,Black,132,19,4
2020-07-03,Loudoun,Latino,985,127,10
2020-07-03,Loudoun,"Native American",0,0,0
2020-07-03,Loudoun,"Not Reported",2041,2,2
2020-07-03,Loudoun,"Other Race",112,5,2
2020-07-03,Loudoun,"Two or more races",17,0,0
2020-07-03,Loudoun,White,655,90,65
2020-07-03,"Mount Rogers","Asian or Pacific Islander",2,1,0
2020-07-03,"Mount Rogers",Black,27,5,2
2020-07-03,"Mount Rogers",Latino,182,1,0
2020-07-03,"Mount Rogers","Not Reported",40,1,1
2020-07-03,"Mount Rogers","Other Race",2,0,0
2020-07-03,"Mount Rogers","Two or more races",3,0,0
2020-07-03,"Mount Rogers",White,487,66,29
2020-07-03,"New River","Asian or Pacific Islander",4,0,0
2020-07-03,"New River",Black,18,3,0
2020-07-03,"New River",Latino,18,1,0
2020-07-03,"New River","Native American",0,0,0
2020-07-03,"New River","Not Reported",44,0,0
2020-07-03,"New River","Other Race",0,0,0
2020-07-03,"New River","Two or more races",0,0,0
2020-07-03,"New River",White,168,18,5
2020-07-03,Norfolk,"Asian or Pacific Islander",13,1,0
2020-07-03,Norfolk,Black,503,74,7
2020-07-03,Norfolk,Latino,164,15,0
2020-07-03,Norfolk,"Native American",1,0,0
2020-07-03,Norfolk,"Not Reported",167,0,0
2020-07-03,Norfolk,"Other Race",16,2,0
2020-07-03,Norfolk,"Two or more races",1,0,0
2020-07-03,Norfolk,White,135,19,4
2020-07-03,Peninsula,"Asian or Pacific Islander",10,2,1
2020-07-03,Peninsula,Black,251,34,10
2020-07-03,Peninsula,Latino,165,12,0
2020-07-03,Peninsula,"Native American",2,0,0
2020-07-03,Peninsula,"Not Reported",236,1,0
2020-07-03,Peninsula,"Other Race",22,1,0
2020-07-03,Peninsula,"Two or more races",7,2,0
2020-07-03,Peninsula,White,326,75,23
2020-07-03,Piedmont,"Asian or Pacific Islander",4,0,0
2020-07-03,Piedmont,Black,349,48,3
2020-07-03,Piedmont,Latino,58,4,1
2020-07-03,Piedmont,"Native American",1,0,0
2020-07-03,Piedmont,"Not Reported",340,12,6
2020-07-03,Piedmont,"Other Race",6,0,0
2020-07-03,Piedmont,"Two or more races",3,1,0
2020-07-03,Piedmont,White,304,24,3
2020-07-03,Pittsylvania-Danville,"Asian or Pacific Islander",0,0,0
2020-07-03,Pittsylvania-Danville,Black,74,15,0
2020-07-03,Pittsylvania-Danville,Latino,29,2,0
2020-07-03,Pittsylvania-Danville,"Not Reported",36,6,0
2020-07-03,Pittsylvania-Danville,"Other Race",0,0,0
2020-07-03,Pittsylvania-Danville,"Two or more races",0,0,0
2020-07-03,Pittsylvania-Danville,White,84,18,3
2020-07-03,"Pittsylvania-Danville and Southside","Native American",0,0,0
2020-07-03,Portsmouth,"Asian or Pacific Islander",3,2,0
2020-07-03,Portsmouth,Black,253,53,12
2020-07-03,Portsmouth,Latino,31,4,0
2020-07-03,Portsmouth,"Native American",2,0,0
2020-07-03,Portsmouth,"Not Reported",139,1,1
2020-07-03,Portsmouth,"Other Race",15,2,1
2020-07-03,Portsmouth,"Two or more races",2,1,0
2020-07-03,Portsmouth,White,81,10,4
2020-07-03,"Prince William","Asian or Pacific Islander",259,41,11
2020-07-03,"Prince William",Black,654,120,38
2020-07-03,"Prince William",Latino,4083,503,49
2020-07-03,"Prince William","Native American",12,1,0
2020-07-03,"Prince William","Not Reported",3205,19,0
2020-07-03,"Prince William","Other Race",223,10,0
2020-07-03,"Prince William","Two or more races",11,1,0
2020-07-03,"Prince William",White,859,125,72
2020-07-03,Rappahannock,"Asian or Pacific Islander",40,7,0
2020-07-03,Rappahannock,Black,281,46,9
2020-07-03,Rappahannock,Latino,865,81,5
2020-07-03,Rappahannock,"Native American",3,0,0
2020-07-03,Rappahannock,"Not Reported",707,22,1
2020-07-03,Rappahannock,"Other Race",41,4,0
2020-07-03,Rappahannock,"Two or more races",10,1,0
2020-07-03,Rappahannock,White,542,65,29
2020-07-03,"Rappahannock Rapidan","Asian or Pacific Islander",5,1,0
2020-07-03,"Rappahannock Rapidan",Black,76,16,6
2020-07-03,"Rappahannock Rapidan",Latino,632,49,5
2020-07-03,"Rappahannock Rapidan","Native American",0,0,0
2020-07-03,"Rappahannock Rapidan","Not Reported",412,10,2
2020-07-03,"Rappahannock Rapidan","Other Race",21,2,0
2020-07-03,"Rappahannock Rapidan","Two or more races",11,1,0
2020-07-03,"Rappahannock Rapidan",White,300,30,9
2020-07-03,Richmond,"Asian or Pacific Islander",7,2,0
2020-07-03,Richmond,Black,565,123,21
2020-07-03,Richmond,Latino,877,70,3
2020-07-03,Richmond,"Native American",0,0,0
2020-07-03,Richmond,"Not Reported",500,2,0
2020-07-03,Richmond,"Other Race",97,10,1
2020-07-03,Richmond,"Two or more races",3,1,1
2020-07-03,Richmond,White,199,19,4
2020-07-03,Roanoke,"Asian or Pacific Islander",2,0,0
2020-07-03,Roanoke,Black,35,7,2
2020-07-03,Roanoke,Latino,147,1,0
2020-07-03,Roanoke,"Not Reported",189,1,0
2020-07-03,Roanoke,"Other Race",1,0,0
2020-07-03,Roanoke,"Two or more races",0,0,0
2020-07-03,Roanoke,White,91,5,8
2020-07-03,Southside,"Asian or Pacific Islander",1,0,0
2020-07-03,Southside,Black,111,20,7
2020-07-03,Southside,Latino,2,0,0
2020-07-03,Southside,"Not Reported",179,15,8
2020-07-03,Southside,"Other Race",6,0,1
2020-07-03,Southside,"Two or more races",21,0,0
2020-07-03,Southside,White,94,14,14
2020-07-03,"Thomas Jefferson","Asian or Pacific Islander",11,0,0
2020-07-03,"Thomas Jefferson",Black,151,45,6
2020-07-03,"Thomas Jefferson",Latino,331,16,0
2020-07-03,"Thomas Jefferson","Native American",2,0,0
2020-07-03,"Thomas Jefferson","Not Reported",83,0,0
2020-07-03,"Thomas Jefferson","Other Race",26,2,1
2020-07-03,"Thomas Jefferson","Two or more races",4,0,0
2020-07-03,"Thomas Jefferson",White,352,36,18
2020-07-03,"Three Rivers",Black,192,17,3
2020-07-03,"Three Rivers",Latino,76,3,0
2020-07-03,"Three Rivers","Not Reported",135,4,0
2020-07-03,"Three Rivers","Other Race",6,1,0
2020-07-03,"Three Rivers","Two or more races",3,0,0
2020-07-03,"Three Rivers",White,231,24,6
2020-07-03,"Virginia Beach","Asian or Pacific Islander",61,12,1
2020-07-03,"Virginia Beach",Black,319,25,4
2020-07-03,"Virginia Beach",Latino,133,12,2
2020-07-03,"Virginia Beach","Native American",0,0,0
2020-07-03,"Virginia Beach","Not Reported",199,5,3
2020-07-03,"Virginia Beach","Other Race",15,1,0
2020-07-03,"Virginia Beach","Two or more races",15,2,0
2020-07-03,"Virginia Beach",White,512,64,20
2020-07-03,"West Piedmont","Asian or Pacific Islander",11,1,1
2020-07-03,"West Piedmont",Black,93,23,2
2020-07-03,"West Piedmont",Latino,139,7,0
2020-07-03,"West Piedmont","Native American",0,0,0
2020-07-03,"West Piedmont","Not Reported",76,1,0
2020-07-03,"West Piedmont","Other Race",1,0,0
2020-07-03,"West Piedmont","Two or more races",0,0,0
2020-07-03,"West Piedmont",White,181,13,4
2020-07-03,"Western Tidewater","Asian or Pacific Islander",7,1,0
2020-07-03,"Western Tidewater",Black,333,48,22
2020-07-03,"Western Tidewater",Latino,12,1,0
2020-07-03,"Western Tidewater","Native American",0,0,0
2020-07-03,"Western Tidewater","Not Reported",266,2,2
2020-07-03,"Western Tidewater","Other Race",16,0,2
2020-07-03,"Western Tidewater","Two or more races",2,0,0
2020-07-03,"Western Tidewater",White,205,36,29
2020-07-04,Alexandria,"Asian or Pacific Islander",84,8,1
2020-07-04,Alexandria,Black,342,61,13
2020-07-04,Alexandria,Latino,1298,110,9
2020-07-04,Alexandria,"Native American",3,0,0
2020-07-04,Alexandria,"Not Reported",140,6,0
2020-07-04,Alexandria,"Other Race",40,5,2
2020-07-04,Alexandria,"Two or more races",4,1,0
2020-07-04,Alexandria,White,446,48,32
2020-07-04,Alleghany,"Asian or Pacific Islander",3,0,0
2020-07-04,Alleghany,Black,16,2,1
2020-07-04,Alleghany,Latino,67,5,0
2020-07-04,Alleghany,"Not Reported",221,1,0
2020-07-04,Alleghany,"Other Race",4,0,0
2020-07-04,Alleghany,"Two or more races",2,0,0
2020-07-04,Alleghany,White,224,23,14
2020-07-04,"Alleghany and Roanoke","Native American",0,0,0
2020-07-04,Arlington,"Asian or Pacific Islander",124,22,12
2020-07-04,Arlington,Black,214,66,29
2020-07-04,Arlington,Latino,1235,203,22
2020-07-04,Arlington,"Native American",2,0,0
2020-07-04,Arlington,"Not Reported",158,8,3
2020-07-04,Arlington,"Other Race",51,6,2
2020-07-04,Arlington,"Two or more races",15,2,0
2020-07-04,Arlington,White,720,114,63
2020-07-04,"Central Shenandoah","Asian or Pacific Islander",16,2,0
2020-07-04,"Central Shenandoah",Black,92,9,4
2020-07-04,"Central Shenandoah",Latino,781,47,4
2020-07-04,"Central Shenandoah","Native American",1,1,0
2020-07-04,"Central Shenandoah","Not Reported",198,2,1
2020-07-04,"Central Shenandoah","Other Race",32,1,0
2020-07-04,"Central Shenandoah","Two or more races",10,1,0
2020-07-04,"Central Shenandoah",White,1000,110,31
2020-07-04,"Central Virginia","Asian or Pacific Islander",0,0,0
2020-07-04,"Central Virginia",Black,24,2,1
2020-07-04,"Central Virginia",Latino,25,1,1
2020-07-04,"Central Virginia","Native American",0,0,0
2020-07-04,"Central Virginia","Not Reported",292,4,1
2020-07-04,"Central Virginia","Other Race",1,0,0
2020-07-04,"Central Virginia","Two or more races",0,0,0
2020-07-04,"Central Virginia",White,88,9,2
2020-07-04,Chesapeake,"Asian or Pacific Islander",24,4,2
2020-07-04,Chesapeake,Black,369,75,6
2020-07-04,Chesapeake,Latino,132,13,1
2020-07-04,Chesapeake,"Native American",8,0,0
2020-07-04,Chesapeake,"Not Reported",126,4,1
2020-07-04,Chesapeake,"Other Race",10,2,0
2020-07-04,Chesapeake,"Two or more races",7,1,0
2020-07-04,Chesapeake,White,327,48,11
2020-07-04,Chesterfield,"Asian or Pacific Islander",29,1,0
2020-07-04,Chesterfield,Black,405,53,14
2020-07-04,Chesterfield,Latino,655,29,1
2020-07-04,Chesterfield,"Native American",3,0,0
2020-07-04,Chesterfield,"Not Reported",1419,3,13
2020-07-04,Chesterfield,"Other Race",179,6,0
2020-07-04,Chesterfield,"Two or more races",5,0,0
2020-07-04,Chesterfield,White,506,57,45
2020-07-04,Chickahominy,"Asian or Pacific Islander",4,1,0
2020-07-04,Chickahominy,Black,114,34,10
2020-07-04,Chickahominy,Latino,44,3,0
2020-07-04,Chickahominy,"Native American",1,1,0
2020-07-04,Chickahominy,"Not Reported",200,3,1
2020-07-04,Chickahominy,"Other Race",10,3,0
2020-07-04,Chickahominy,"Two or more races",2,1,0
2020-07-04,Chickahominy,White,294,65,28
2020-07-04,Crater,"Asian or Pacific Islander",4,0,0
2020-07-04,Crater,Black,743,111,20
2020-07-04,Crater,Latino,120,4,2
2020-07-04,Crater,"Native American",3,0,0
2020-07-04,Crater,"Not Reported",389,7,8
2020-07-04,Crater,"Other Race",14,0,0
2020-07-04,Crater,"Two or more races",2,0,0
2020-07-04,Crater,White,308,32,8
2020-07-04,"Cumberland Plateau",Black,12,0,0
2020-07-04,"Cumberland Plateau",Latino,0,0,0
2020-07-04,"Cumberland Plateau","Not Reported",1,0,0
2020-07-04,"Cumberland Plateau","Other Race",0,0,0
2020-07-04,"Cumberland Plateau","Two or more races",1,0,0
2020-07-04,"Cumberland Plateau",White,51,2,0
2020-07-04,"Cumberland Plateau and Lenowisco","Asian or Pacific Islander",1,0,0
2020-07-04,"Cumberland Plateau, Lenowisco, and Mount Rogers","Native American",0,0,0
2020-07-04,"Eastern Shore",Black,792,89,25
2020-07-04,"Eastern Shore",Latino,244,7,3
2020-07-04,"Eastern Shore","Not Reported",84,0,0
2020-07-04,"Eastern Shore","Other Race",13,1,0
2020-07-04,"Eastern Shore","Two or more races",1,1,0
2020-07-04,"Eastern Shore",White,176,15,14
2020-07-04,"Eastern Shore and Three Rivers","Asian or Pacific Islander",8,1,0
2020-07-04,"Eastern Shore and Three Rivers","Native American",1,0,0
2020-07-04,Fairfax,"Asian or Pacific Islander",1108,204,64
2020-07-04,Fairfax,Black,814,171,48
2020-07-04,Fairfax,Latino,7368,774,71
2020-07-04,Fairfax,"Native American",23,1,1
2020-07-04,Fairfax,"Not Reported",2269,75,50
2020-07-04,Fairfax,"Other Race",507,59,12
2020-07-04,Fairfax,"Two or more races",24,4,0
2020-07-04,Fairfax,White,2084,386,264
2020-07-04,Hampton,"Asian or Pacific Islander",5,0,0
2020-07-04,Hampton,Black,166,29,5
2020-07-04,Hampton,Latino,36,3,0
2020-07-04,Hampton,"Native American",0,0,0
2020-07-04,Hampton,"Not Reported",88,0,0
2020-07-04,Hampton,"Other Race",4,2,0
2020-07-04,Hampton,"Two or more races",3,0,0
2020-07-04,Hampton,White,58,7,0
2020-07-04,Henrico,"Asian or Pacific Islander",118,8,3
2020-07-04,Henrico,Black,746,125,69
2020-07-04,Henrico,Latino,568,40,5
2020-07-04,Henrico,"Native American",7,0,0
2020-07-04,Henrico,"Not Reported",527,2,2
2020-07-04,Henrico,"Other Race",69,11,1
2020-07-04,Henrico,"Two or more races",6,0,0
2020-07-04,Henrico,White,622,75,78
2020-07-04,Lenowisco,Black,1,0,0
2020-07-04,Lenowisco,Latino,0,0,0
2020-07-04,Lenowisco,"Not Reported",11,1,1
2020-07-04,Lenowisco,"Other Race",1,0,0
2020-07-04,Lenowisco,"Two or more races",0,0,0
2020-07-04,Lenowisco,White,43,16,3
2020-07-04,"Lord Fairfax","Asian or Pacific Islander",6,0,0
2020-07-04,"Lord Fairfax",Black,73,8,5
2020-07-04,"Lord Fairfax",Latino,565,35,8
2020-07-04,"Lord Fairfax","Native American",2,1,1
2020-07-04,"Lord Fairfax","Not Reported",260,3,4
2020-07-04,"Lord Fairfax","Other Race",53,5,0
2020-07-04,"Lord Fairfax","Two or more races",11,0,0
2020-07-04,"Lord Fairfax",White,1098,131,53
2020-07-04,Loudoun,"Asian or Pacific Islander",172,36,8
2020-07-04,Loudoun,Black,137,19,4
2020-07-04,Loudoun,Latino,1005,127,10
2020-07-04,Loudoun,"Native American",1,0,0
2020-07-04,Loudoun,"Not Reported",2036,2,2
2020-07-04,Loudoun,"Other Race",114,5,2
2020-07-04,Loudoun,"Two or more races",24,0,0
2020-07-04,Loudoun,White,686,90,65
2020-07-04,"Mount Rogers","Asian or Pacific Islander",2,1,0
2020-07-04,"Mount Rogers",Black,27,5,2
2020-07-04,"Mount Rogers",Latino,183,1,0
2020-07-04,"Mount Rogers","Not Reported",41,1,1
2020-07-04,"Mount Rogers","Other Race",2,0,0
2020-07-04,"Mount Rogers","Two or more races",3,0,0
2020-07-04,"Mount Rogers",White,491,66,29
2020-07-04,"New River","Asian or Pacific Islander",4,0,0
2020-07-04,"New River",Black,18,3,0
2020-07-04,"New River",Latino,18,1,0
2020-07-04,"New River","Native American",0,0,0
2020-07-04,"New River","Not Reported",45,0,0
2020-07-04,"New River","Other Race",0,0,0
2020-07-04,"New River","Two or more races",0,0,0
2020-07-04,"New River",White,170,18,5
2020-07-04,Norfolk,"Asian or Pacific Islander",13,1,0
2020-07-04,Norfolk,Black,531,76,8
2020-07-04,Norfolk,Latino,170,15,0
2020-07-04,Norfolk,"Native American",1,0,0
2020-07-04,Norfolk,"Not Reported",194,0,0
2020-07-04,Norfolk,"Other Race",17,2,0
2020-07-04,Norfolk,"Two or more races",1,0,0
2020-07-04,Norfolk,White,140,19,4
2020-07-04,Peninsula,"Asian or Pacific Islander",10,2,1
2020-07-04,Peninsula,Black,259,34,10
2020-07-04,Peninsula,Latino,166,12,0
2020-07-04,Peninsula,"Native American",2,0,0
2020-07-04,Peninsula,"Not Reported",257,1,0
2020-07-04,Peninsula,"Other Race",24,1,0
2020-07-04,Peninsula,"Two or more races",7,2,0
2020-07-04,Peninsula,White,329,75,23
2020-07-04,Piedmont,"Asian or Pacific Islander",4,0,0
2020-07-04,Piedmont,Black,349,48,3
2020-07-04,Piedmont,Latino,58,4,1
2020-07-04,Piedmont,"Native American",1,0,0
2020-07-04,Piedmont,"Not Reported",339,12,6
2020-07-04,Piedmont,"Other Race",6,0,0
2020-07-04,Piedmont,"Two or more races",4,1,0
2020-07-04,Piedmont,White,304,24,3
2020-07-04,Pittsylvania-Danville,"Asian or Pacific Islander",0,0,0
2020-07-04,Pittsylvania-Danville,Black,77,16,0
2020-07-04,Pittsylvania-Danville,Latino,29,2,0
2020-07-04,Pittsylvania-Danville,"Not Reported",35,6,0
2020-07-04,Pittsylvania-Danville,"Other Race",0,0,0
2020-07-04,Pittsylvania-Danville,"Two or more races",0,0,0
2020-07-04,Pittsylvania-Danville,White,86,18,3
2020-07-04,"Pittsylvania-Danville and Southside","Native American",0,0,0
2020-07-04,Portsmouth,"Asian or Pacific Islander",3,2,0
2020-07-04,Portsmouth,Black,259,53,12
2020-07-04,Portsmouth,Latino,32,4,0
2020-07-04,Portsmouth,"Native American",2,0,0
2020-07-04,Portsmouth,"Not Reported",144,1,1
2020-07-04,Portsmouth,"Other Race",15,2,1
2020-07-04,Portsmouth,"Two or more races",2,1,0
2020-07-04,Portsmouth,White,82,10,4
2020-07-04,"Prince William","Asian or Pacific Islander",262,41,11
2020-07-04,"Prince William",Black,659,121,38
2020-07-04,"Prince William",Latino,4104,504,50
2020-07-04,"Prince William","Native American",12,1,0
2020-07-04,"Prince William","Not Reported",3219,19,0
2020-07-04,"Prince William","Other Race",224,10,0
2020-07-04,"Prince William","Two or more races",11,1,0
2020-07-04,"Prince William",White,863,125,72
2020-07-04,Rappahannock,"Asian or Pacific Islander",40,7,0
2020-07-04,Rappahannock,Black,284,46,9
2020-07-04,Rappahannock,Latino,874,81,5
2020-07-04,Rappahannock,"Native American",3,0,0
2020-07-04,Rappahannock,"Not Reported",716,22,1
2020-07-04,Rappahannock,"Other Race",44,5,0
2020-07-04,Rappahannock,"Two or more races",11,1,0
2020-07-04,Rappahannock,White,546,65,29
2020-07-04,"Rappahannock Rapidan","Asian or Pacific Islander",5,1,0
2020-07-04,"Rappahannock Rapidan",Black,76,16,6
2020-07-04,"Rappahannock Rapidan",Latino,634,49,5
2020-07-04,"Rappahannock Rapidan","Native American",0,0,0
2020-07-04,"Rappahannock Rapidan","Not Reported",418,10,2
2020-07-04,"Rappahannock Rapidan","Other Race",21,2,0
2020-07-04,"Rappahannock Rapidan","Two or more races",11,1,0
2020-07-04,"Rappahannock Rapidan",White,301,30,9
2020-07-04,Richmond,"Asian or Pacific Islander",7,2,0
2020-07-04,Richmond,Black,569,122,20
2020-07-04,Richmond,Latino,880,71,3
2020-07-04,Richmond,"Native American",0,0,0
2020-07-04,Richmond,"Not Reported",505,2,0
2020-07-04,Richmond,"Other Race",97,9,1
2020-07-04,Richmond,"Two or more races",3,1,1
2020-07-04,Richmond,White,201,19,4
2020-07-04,Roanoke,"Asian or Pacific Islander",2,0,0
2020-07-04,Roanoke,Black,36,7,2
2020-07-04,Roanoke,Latino,151,1,0
2020-07-04,Roanoke,"Not Reported",192,1,0
2020-07-04,Roanoke,"Other Race",1,0,0
2020-07-04,Roanoke,"Two or more races",0,0,0
2020-07-04,Roanoke,White,94,5,8
2020-07-04,Southside,"Asian or Pacific Islander",1,0,0
2020-07-04,Southside,Black,111,20,7
2020-07-04,Southside,Latino,2,0,0
2020-07-04,Southside,"Not Reported",183,15,8
2020-07-04,Southside,"Other Race",6,0,1
2020-07-04,Southside,"Two or more races",21,0,0
2020-07-04,Southside,White,96,15,14
2020-07-04,"Thomas Jefferson","Asian or Pacific Islander",14,0,0
2020-07-04,"Thomas Jefferson",Black,156,45,6
2020-07-04,"Thomas Jefferson",Latino,353,16,0
2020-07-04,"Thomas Jefferson","Native American",2,0,0
2020-07-04,"Thomas Jefferson","Not Reported",98,0,0
2020-07-04,"Thomas Jefferson","Other Race",27,2,1
2020-07-04,"Thomas Jefferson","Two or more races",5,0,0
2020-07-04,"Thomas Jefferson",White,370,36,18
2020-07-04,"Three Rivers",Black,192,17,3
2020-07-04,"Three Rivers",Latino,76,3,0
2020-07-04,"Three Rivers","Not Reported",135,4,0
2020-07-04,"Three Rivers","Other Race",6,1,0
2020-07-04,"Three Rivers","Two or more races",3,0,0
2020-07-04,"Three Rivers",White,232,24,6
2020-07-04,"Virginia Beach","Asian or Pacific Islander",63,12,1
2020-07-04,"Virginia Beach",Black,334,26,4
2020-07-04,"Virginia Beach",Latino,136,12,2
2020-07-04,"Virginia Beach","Native American",0,0,0
2020-07-04,"Virginia Beach","Not Reported",217,5,3
2020-07-04,"Virginia Beach","Other Race",16,1,0
2020-07-04,"Virginia Beach","Two or more races",15,2,0
2020-07-04,"Virginia Beach",White,519,65,20
2020-07-04,"West Piedmont","Asian or Pacific Islander",11,1,1
2020-07-04,"West Piedmont",Black,93,23,2
2020-07-04,"West Piedmont",Latino,139,7,0
2020-07-04,"West Piedmont","Native American",0,0,0
2020-07-04,"West Piedmont","Not Reported",82,1,0
2020-07-04,"West Piedmont","Other Race",1,0,0
2020-07-04,"West Piedmont","Two or more races",0,0,0
2020-07-04,"West Piedmont",White,180,13,4
2020-07-04,"Western Tidewater","Asian or Pacific Islander",7,1,0
2020-07-04,"Western Tidewater",Black,337,49,22
2020-07-04,"Western Tidewater",Latino,12,1,0
2020-07-04,"Western Tidewater","Native American",0,0,0
2020-07-04,"Western Tidewater","Not Reported",271,2,2
2020-07-04,"Western Tidewater","Other Race",16,0,2
2020-07-04,"Western Tidewater","Two or more races",2,0,0
2020-07-04,"Western Tidewater",White,204,36,29
2020-07-05,Alexandria,"Asian or Pacific Islander",84,8,1
2020-07-05,Alexandria,Black,347,61,13
2020-07-05,Alexandria,Latino,1306,110,9
2020-07-05,Alexandria,"Native American",3,0,0
2020-07-05,Alexandria,"Not Reported",141,6,0
2020-07-05,Alexandria,"Other Race",40,5,2
2020-07-05,Alexandria,"Two or more races",4,1,0
2020-07-05,Alexandria,White,451,48,32
2020-07-05,Alleghany,"Asian or Pacific Islander",3,0,0
2020-07-05,Alleghany,Black,16,2,1
2020-07-05,Alleghany,Latino,67,5,0
2020-07-05,Alleghany,"Not Reported",227,1,0
2020-07-05,Alleghany,"Other Race",4,0,0
2020-07-05,Alleghany,"Two or more races",2,0,0
2020-07-05,Alleghany,White,224,23,14
2020-07-05,"Alleghany and Roanoke","Native American",0,0,0
2020-07-05,Arlington,"Asian or Pacific Islander",124,22,12
2020-07-05,Arlington,Black,216,66,29
2020-07-05,Arlington,Latino,1236,203,22
2020-07-05,Arlington,"Native American",2,0,0
2020-07-05,Arlington,"Not Reported",169,8,3
2020-07-05,Arlington,"Other Race",51,6,2
2020-07-05,Arlington,"Two or more races",15,2,0
2020-07-05,Arlington,White,720,114,63
2020-07-05,"Central Shenandoah","Asian or Pacific Islander",17,2,0
2020-07-05,"Central Shenandoah",Black,92,9,4
2020-07-05,"Central Shenandoah",Latino,782,47,4
2020-07-05,"Central Shenandoah","Native American",1,1,0
2020-07-05,"Central Shenandoah","Not Reported",200,2,1
2020-07-05,"Central Shenandoah","Other Race",31,1,0
2020-07-05,"Central Shenandoah","Two or more races",10,1,0
2020-07-05,"Central Shenandoah",White,1007,110,31
2020-07-05,"Central Virginia","Asian or Pacific Islander",0,0,0
2020-07-05,"Central Virginia",Black,24,2,1
2020-07-05,"Central Virginia",Latino,25,1,1
2020-07-05,"Central Virginia","Native American",0,0,0
2020-07-05,"Central Virginia","Not Reported",291,4,1
2020-07-05,"Central Virginia","Other Race",1,0,0
2020-07-05,"Central Virginia","Two or more races",0,0,0
2020-07-05,"Central Virginia",White,89,9,2
2020-07-05,Chesapeake,"Asian or Pacific Islander",24,4,2
2020-07-05,Chesapeake,Black,374,76,6
2020-07-05,Chesapeake,Latino,132,13,1
2020-07-05,Chesapeake,"Native American",8,0,0
2020-07-05,Chesapeake,"Not Reported",134,4,1
2020-07-05,Chesapeake,"Other Race",9,1,0
2020-07-05,Chesapeake,"Two or more races",7,1,0
2020-07-05,Chesapeake,White,327,48,11
2020-07-05,Chesterfield,"Asian or Pacific Islander",29,1,0
2020-07-05,Chesterfield,Black,411,53,14
2020-07-05,Chesterfield,Latino,658,29,1
2020-07-05,Chesterfield,"Native American",3,0,0
2020-07-05,Chesterfield,"Not Reported",1450,3,13
2020-07-05,Chesterfield,"Other Race",179,6,0
2020-07-05,Chesterfield,"Two or more races",5,0,0
2020-07-05,Chesterfield,White,512,57,45
2020-07-05,Chickahominy,"Asian or Pacific Islander",4,1,0
2020-07-05,Chickahominy,Black,114,34,10
2020-07-05,Chickahominy,Latino,44,3,0
2020-07-05,Chickahominy,"Native American",1,1,0
2020-07-05,Chickahominy,"Not Reported",202,3,1
2020-07-05,Chickahominy,"Other Race",10,3,0
2020-07-05,Chickahominy,"Two or more races",2,1,0
2020-07-05,Chickahominy,White,298,65,28
2020-07-05,Crater,"Asian or Pacific Islander",4,0,0
2020-07-05,Crater,Black,749,111,20
2020-07-05,Crater,Latino,120,4,2
2020-07-05,Crater,"Native American",3,0,0
2020-07-05,Crater,"Not Reported",390,8,8
2020-07-05,Crater,"Other Race",14,0,0
2020-07-05,Crater,"Two or more races",2,0,0
2020-07-05,Crater,White,308,32,8
2020-07-05,"Cumberland Plateau",Black,12,0,0
2020-07-05,"Cumberland Plateau",Latino,0,0,0
2020-07-05,"Cumberland Plateau","Not Reported",1,0,0
2020-07-05,"Cumberland Plateau","Other Race",0,0,0
2020-07-05,"Cumberland Plateau","Two or more races",1,0,0
2020-07-05,"Cumberland Plateau",White,53,2,0
2020-07-05,"Cumberland Plateau and Lenowisco","Asian or Pacific Islander",1,0,0
2020-07-05,"Cumberland Plateau, Lenowisco, and Mount Rogers","Native American",0,0,0
2020-07-05,"Eastern Shore",Black,794,89,25
2020-07-05,"Eastern Shore",Latino,244,7,3
2020-07-05,"Eastern Shore","Not Reported",84,0,0
2020-07-05,"Eastern Shore","Other Race",13,1,0
2020-07-05,"Eastern Shore","Two or more races",1,1,0
2020-07-05,"Eastern Shore",White,176,15,14
2020-07-05,"Eastern Shore and Three Rivers","Asian or Pacific Islander",8,1,0
2020-07-05,"Eastern Shore and Three Rivers","Native American",1,0,0
2020-07-05,Fairfax,"Asian or Pacific Islander",1111,204,64
2020-07-05,Fairfax,Black,825,173,49
2020-07-05,Fairfax,Latino,7389,775,71
2020-07-05,Fairfax,"Native American",24,1,1
2020-07-05,Fairfax,"Not Reported",2297,74,50
2020-07-05,Fairfax,"Other Race",508,59,12
2020-07-05,Fairfax,"Two or more races",24,4,0
2020-07-05,Fairfax,White,2101,387,264
2020-07-05,Hampton,"Asian or Pacific Islander",5,0,0
2020-07-05,Hampton,Black,167,29,5
2020-07-05,Hampton,Latino,36,3,0
2020-07-05,Hampton,"Native American",0,0,0
2020-07-05,Hampton,"Not Reported",95,0,0
2020-07-05,Hampton,"Other Race",5,2,0
2020-07-05,Hampton,"Two or more races",3,0,0
2020-07-05,Hampton,White,58,7,0
2020-07-05,Henrico,"Asian or Pacific Islander",119,8,3
2020-07-05,Henrico,Black,748,125,69
2020-07-05,Henrico,Latino,573,41,5
2020-07-05,Henrico,"Native American",7,0,0
2020-07-05,Henrico,"Not Reported",535,2,2
2020-07-05,Henrico,"Other Race",69,11,1
2020-07-05,Henrico,"Two or more races",6,0,0
2020-07-05,Henrico,White,624,75,78
2020-07-05,Lenowisco,Black,1,0,0
2020-07-05,Lenowisco,Latino,0,0,0
2020-07-05,Lenowisco,"Not Reported",12,1,1
2020-07-05,Lenowisco,"Other Race",1,0,0
2020-07-05,Lenowisco,"Two or more races",0,0,0
2020-07-05,Lenowisco,White,46,16,3
2020-07-05,"Lord Fairfax","Asian or Pacific Islander",7,0,0
2020-07-05,"Lord Fairfax",Black,75,8,6
2020-07-05,"Lord Fairfax",Latino,566,35,8
2020-07-05,"Lord Fairfax","Native American",2,1,1
2020-07-05,"Lord Fairfax","Not Reported",264,3,5
2020-07-05,"Lord Fairfax","Other Race",53,5,0
2020-07-05,"Lord Fairfax","Two or more races",11,0,0
2020-07-05,"Lord Fairfax",White,1111,132,54
2020-07-05,Loudoun,"Asian or Pacific Islander",173,36,8
2020-07-05,Loudoun,Black,136,18,3
2020-07-05,Loudoun,Latino,1007,127,10
2020-07-05,Loudoun,"Native American",1,0,0
2020-07-05,Loudoun,"Not Reported",2056,2,2
2020-07-05,Loudoun,"Other Race",114,5,2
2020-07-05,Loudoun,"Two or more races",24,0,0
2020-07-05,Loudoun,White,696,90,65
2020-07-05,"Mount Rogers","Asian or Pacific Islander",2,1,0
2020-07-05,"Mount Rogers",Black,27,5,2
2020-07-05,"Mount Rogers",Latino,189,1,0
2020-07-05,"Mount Rogers","Not Reported",41,1,1
2020-07-05,"Mount Rogers","Other Race",2,0,0
2020-07-05,"Mount Rogers","Two or more races",3,0,0
2020-07-05,"Mount Rogers",White,501,67,29
2020-07-05,"New River","Asian or Pacific Islander",4,0,0
2020-07-05,"New River",Black,18,3,0
2020-07-05,"New River",Latino,18,1,0
2020-07-05,"New River","Native American",0,0,0
2020-07-05,"New River","Not Reported",47,0,0
2020-07-05,"New River","Other Race",1,0,0
2020-07-05,"New River","Two or more races",0,0,0
2020-07-05,"New River",White,170,18,5
2020-07-05,Norfolk,"Asian or Pacific Islander",13,1,0
2020-07-05,Norfolk,Black,535,77,8
2020-07-05,Norfolk,Latino,171,15,0
2020-07-05,Norfolk,"Native American",1,0,0
2020-07-05,Norfolk,"Not Reported",194,0,0
2020-07-05,Norfolk,"Other Race",17,2,0
2020-07-05,Norfolk,"Two or more races",1,0,0
2020-07-05,Norfolk,White,140,19,4
2020-07-05,Peninsula,"Asian or Pacific Islander",10,2,1
2020-07-05,Peninsula,Black,267,34,10
2020-07-05,Peninsula,Latino,171,12,0
2020-07-05,Peninsula,"Native American",2,0,0
2020-07-05,Peninsula,"Not Reported",282,1,0
2020-07-05,Peninsula,"Other Race",26,1,0
2020-07-05,Peninsula,"Two or more races",7,2,0
2020-07-05,Peninsula,White,332,75,23
2020-07-05,Piedmont,"Asian or Pacific Islander",4,0,0
2020-07-05,Piedmont,Black,349,48,3
2020-07-05,Piedmont,Latino,58,4,1
2020-07-05,Piedmont,"Native American",1,0,0
2020-07-05,Piedmont,"Not Reported",339,12,6
2020-07-05,Piedmont,"Other Race",6,0,0
2020-07-05,Piedmont,"Two or more races",4,1,0
2020-07-05,Piedmont,White,304,24,3
2020-07-05,Pittsylvania-Danville,"Asian or Pacific Islander",0,0,0
2020-07-05,Pittsylvania-Danville,Black,79,17,0
2020-07-05,Pittsylvania-Danville,Latino,29,2,0
2020-07-05,Pittsylvania-Danville,"Not Reported",40,6,0
2020-07-05,Pittsylvania-Danville,"Other Race",0,0,0
2020-07-05,Pittsylvania-Danville,"Two or more races",0,0,0
2020-07-05,Pittsylvania-Danville,White,88,18,3
2020-07-05,"Pittsylvania-Danville and Southside","Native American",0,0,0
2020-07-05,Portsmouth,"Asian or Pacific Islander",3,2,0
2020-07-05,Portsmouth,Black,264,53,12
2020-07-05,Portsmouth,Latino,32,4,0
2020-07-05,Portsmouth,"Native American",2,0,0
2020-07-05,Portsmouth,"Not Reported",149,1,1
2020-07-05,Portsmouth,"Other Race",15,2,1
2020-07-05,Portsmouth,"Two or more races",2,1,0
2020-07-05,Portsmouth,White,82,10,4
2020-07-05,"Prince William","Asian or Pacific Islander",262,41,11
2020-07-05,"Prince William",Black,663,122,38
2020-07-05,"Prince William",Latino,4117,504,50
2020-07-05,"Prince William","Native American",12,1,0
2020-07-05,"Prince William","Not Reported",3310,19,0
2020-07-05,"Prince William","Other Race",225,10,0
2020-07-05,"Prince William","Two or more races",11,1,0
2020-07-05,"Prince William",White,865,125,72
2020-07-05,Rappahannock,"Asian or Pacific Islander",40,7,0
2020-07-05,Rappahannock,Black,284,46,9
2020-07-05,Rappahannock,Latino,874,81,5
2020-07-05,Rappahannock,"Native American",3,0,0
2020-07-05,Rappahannock,"Not Reported",725,22,1
2020-07-05,Rappahannock,"Other Race",44,5,0
2020-07-05,Rappahannock,"Two or more races",11,1,0
2020-07-05,Rappahannock,White,550,66,29
2020-07-05,"Rappahannock Rapidan","Asian or Pacific Islander",5,1,0
2020-07-05,"Rappahannock Rapidan",Black,76,16,6
2020-07-05,"Rappahannock Rapidan",Latino,636,49,5
2020-07-05,"Rappahannock Rapidan","Native American",0,0,0
2020-07-05,"Rappahannock Rapidan","Not Reported",429,10,2
2020-07-05,"Rappahannock Rapidan","Other Race",21,2,0
2020-07-05,"Rappahannock Rapidan","Two or more races",12,1,0
2020-07-05,"Rappahannock Rapidan",White,305,30,9
2020-07-05,Richmond,"Asian or Pacific Islander",7,2,0
2020-07-05,Richmond,Black,576,125,20
2020-07-05,Richmond,Latino,878,70,3
2020-07-05,Richmond,"Native American",0,0,0
2020-07-05,Richmond,"Not Reported",509,2,0
2020-07-05,Richmond,"Other Race",98,9,1
2020-07-05,Richmond,"Two or more races",3,1,1
2020-07-05,Richmond,White,205,19,4
2020-07-05,Roanoke,"Asian or Pacific Islander",2,0,0
2020-07-05,Roanoke,Black,36,7,2
2020-07-05,Roanoke,Latino,151,1,0
2020-07-05,Roanoke,"Not Reported",194,1,0
2020-07-05,Roanoke,"Other Race",1,0,0
2020-07-05,Roanoke,"Two or more races",0,0,0
2020-07-05,Roanoke,White,95,5,8
2020-07-05,Southside,"Asian or Pacific Islander",1,0,0
2020-07-05,Southside,Black,113,20,7
2020-07-05,Southside,Latino,2,0,0
2020-07-05,Southside,"Not Reported",184,15,8
2020-07-05,Southside,"Other Race",6,0,1
2020-07-05,Southside,"Two or more races",21,0,0
2020-07-05,Southside,White,96,15,14
2020-07-05,"Thomas Jefferson","Asian or Pacific Islander",16,0,0
2020-07-05,"Thomas Jefferson",Black,156,45,6
2020-07-05,"Thomas Jefferson",Latino,356,16,0
2020-07-05,"Thomas Jefferson","Native American",2,0,0
2020-07-05,"Thomas Jefferson","Not Reported",98,0,0
2020-07-05,"Thomas Jefferson","Other Race",30,2,1
2020-07-05,"Thomas Jefferson","Two or more races",6,0,0
2020-07-05,"Thomas Jefferson",White,376,36,18
2020-07-05,"Three Rivers",Black,194,17,3
2020-07-05,"Three Rivers",Latino,76,3,0
2020-07-05,"Three Rivers","Not Reported",144,4,0
2020-07-05,"Three Rivers","Other Race",6,1,0
2020-07-05,"Three Rivers","Two or more races",3,0,0
2020-07-05,"Three Rivers",White,233,24,6
2020-07-05,"Virginia Beach","Asian or Pacific Islander",63,12,1
2020-07-05,"Virginia Beach",Black,354,26,4
2020-07-05,"Virginia Beach",Latino,137,12,2
2020-07-05,"Virginia Beach","Native American",0,0,0
2020-07-05,"Virginia Beach","Not Reported",227,5,3
2020-07-05,"Virginia Beach","Other Race",16,1,0
2020-07-05,"Virginia Beach","Two or more races",15,2,0
2020-07-05,"Virginia Beach",White,538,65,20
2020-07-05,"West Piedmont","Asian or Pacific Islander",11,1,1
2020-07-05,"West Piedmont",Black,93,23,2
2020-07-05,"West Piedmont",Latino,139,7,0
2020-07-05,"West Piedmont","Native American",0,0,0
2020-07-05,"West Piedmont","Not Reported",93,1,0
2020-07-05,"West Piedmont","Other Race",1,0,0
2020-07-05,"West Piedmont","Two or more races",0,0,0
2020-07-05,"West Piedmont",White,181,13,4
2020-07-05,"Western Tidewater","Asian or Pacific Islander",7,1,0
2020-07-05,"Western Tidewater",Black,345,50,23
2020-07-05,"Western Tidewater",Latino,13,1,0
2020-07-05,"Western Tidewater","Native American",0,0,0
2020-07-05,"Western Tidewater","Not Reported",272,2,2
2020-07-05,"Western Tidewater","Other Race",16,0,2
2020-07-05,"Western Tidewater","Two or more races",2,0,0
2020-07-05,"Western Tidewater",White,206,36,29
2020-07-06,Alexandria,"Asian or Pacific Islander",84,8,1
2020-07-06,Alexandria,Black,348,62,13
2020-07-06,Alexandria,Latino,1310,110,9
2020-07-06,Alexandria,"Native American",3,0,0
2020-07-06,Alexandria,"Not Reported",139,6,0
2020-07-06,Alexandria,"Other Race",41,5,2
2020-07-06,Alexandria,"Two or more races",4,1,0
2020-07-06,Alexandria,White,451,48,32
2020-07-06,Alleghany,"Asian or Pacific Islander",3,0,0
2020-07-06,Alleghany,Black,18,2,1
2020-07-06,Alleghany,Latino,69,5,0
2020-07-06,Alleghany,"Not Reported",228,1,0
2020-07-06,Alleghany,"Other Race",4,0,0
2020-07-06,Alleghany,"Two or more races",2,0,0
2020-07-06,Alleghany,White,231,23,14
2020-07-06,"Alleghany and Roanoke","Native American",0,0,0
2020-07-06,Arlington,"Asian or Pacific Islander",124,22,12
2020-07-06,Arlington,Black,215,66,29
2020-07-06,Arlington,Latino,1236,203,22
2020-07-06,Arlington,"Native American",2,0,0
2020-07-06,Arlington,"Not Reported",171,8,3
2020-07-06,Arlington,"Other Race",51,6,2
2020-07-06,Arlington,"Two or more races",15,2,0
2020-07-06,Arlington,White,719,114,63
2020-07-06,"Central Shenandoah","Asian or Pacific Islander",17,2,0
2020-07-06,"Central Shenandoah",Black,92,9,4
2020-07-06,"Central Shenandoah",Latino,782,47,4
2020-07-06,"Central Shenandoah","Native American",1,1,0
2020-07-06,"Central Shenandoah","Not Reported",200,2,1
2020-07-06,"Central Shenandoah","Other Race",30,1,0
2020-07-06,"Central Shenandoah","Two or more races",10,1,0
2020-07-06,"Central Shenandoah",White,1010,109,31
2020-07-06,"Central Virginia","Asian or Pacific Islander",0,0,0
2020-07-06,"Central Virginia",Black,25,2,1
2020-07-06,"Central Virginia",Latino,25,1,1
2020-07-06,"Central Virginia","Native American",0,0,0
2020-07-06,"Central Virginia","Not Reported",296,4,1
2020-07-06,"Central Virginia","Other Race",1,0,0
2020-07-06,"Central Virginia","Two or more races",0,0,0
2020-07-06,"Central Virginia",White,89,9,2
2020-07-06,Chesapeake,"Asian or Pacific Islander",24,4,2
2020-07-06,Chesapeake,Black,380,76,6
2020-07-06,Chesapeake,Latino,133,13,1
2020-07-06,Chesapeake,"Native American",8,0,0
2020-07-06,Chesapeake,"Not Reported",137,4,1
2020-07-06,Chesapeake,"Other Race",9,1,0
2020-07-06,Chesapeake,"Two or more races",7,1,0
2020-07-06,Chesapeake,White,328,48,11
2020-07-06,Chesterfield,"Asian or Pacific Islander",29,1,0
2020-07-06,Chesterfield,Black,414,53,14
2020-07-06,Chesterfield,Latino,658,29,1
2020-07-06,Chesterfield,"Native American",3,0,0
2020-07-06,Chesterfield,"Not Reported",1458,3,13
2020-07-06,Chesterfield,"Other Race",179,6,0
2020-07-06,Chesterfield,"Two or more races",5,0,0
2020-07-06,Chesterfield,White,514,57,45
2020-07-06,Chickahominy,"Asian or Pacific Islander",4,1,0
2020-07-06,Chickahominy,Black,115,34,10
2020-07-06,Chickahominy,Latino,44,3,0
2020-07-06,Chickahominy,"Native American",1,1,0
2020-07-06,Chickahominy,"Not Reported",201,3,1
2020-07-06,Chickahominy,"Other Race",10,3,0
2020-07-06,Chickahominy,"Two or more races",2,1,0
2020-07-06,Chickahominy,White,300,65,28
2020-07-06,Crater,"Asian or Pacific Islander",5,0,0
2020-07-06,Crater,Black,761,113,20
2020-07-06,Crater,Latino,121,4,2
2020-07-06,Crater,"Native American",3,0,0
2020-07-06,Crater,"Not Reported",392,8,8
2020-07-06,Crater,"Other Race",14,0,0
2020-07-06,Crater,"Two or more races",2,0,0
2020-07-06,Crater,White,314,33,8
2020-07-06,"Cumberland Plateau",Black,12,0,0
2020-07-06,"Cumberland Plateau",Latino,0,0,0
2020-07-06,"Cumberland Plateau","Not Reported",1,0,0
2020-07-06,"Cumberland Plateau","Other Race",0,0,0
2020-07-06,"Cumberland Plateau","Two or more races",1,0,0
2020-07-06,"Cumberland Plateau",White,54,2,0
2020-07-06,"Cumberland Plateau and Lenowisco","Asian or Pacific Islander",1,0,0
2020-07-06,"Cumberland Plateau, Lenowisco, and Mount Rogers","Native American",0,0,0
2020-07-06,"Eastern Shore",Black,794,89,25
2020-07-06,"Eastern Shore",Latino,244,7,3
2020-07-06,"Eastern Shore","Not Reported",84,0,0
2020-07-06,"Eastern Shore","Other Race",13,1,0
2020-07-06,"Eastern Shore","Two or more races",1,1,0
2020-07-06,"Eastern Shore",White,176,15,14
2020-07-06,"Eastern Shore and Three Rivers","Asian or Pacific Islander",8,1,0
2020-07-06,"Eastern Shore and Three Rivers","Native American",1,0,0
2020-07-06,Fairfax,"Asian or Pacific Islander",1118,204,64
2020-07-06,Fairfax,Black,829,174,49
2020-07-06,Fairfax,Latino,7417,776,71
2020-07-06,Fairfax,"Native American",24,1,1
2020-07-06,Fairfax,"Not Reported",2299,75,50
2020-07-06,Fairfax,"Other Race",509,59,12
2020-07-06,Fairfax,"Two or more races",24,4,0
2020-07-06,Fairfax,White,2111,386,263
2020-07-06,Hampton,"Asian or Pacific Islander",5,0,0
2020-07-06,Hampton,Black,170,29,5
2020-07-06,Hampton,Latino,36,3,0
2020-07-06,Hampton,"Native American",0,0,0
2020-07-06,Hampton,"Not Reported",99,0,0
2020-07-06,Hampton,"Other Race",5,2,0
2020-07-06,Hampton,"Two or more races",3,0,0
2020-07-06,Hampton,White,58,7,0
2020-07-06,Henrico,"Asian or Pacific Islander",119,8,3
2020-07-06,Henrico,Black,749,125,69
2020-07-06,Henrico,Latino,574,42,5
2020-07-06,Henrico,"Native American",7,0,0
2020-07-06,Henrico,"Not Reported",535,2,2
2020-07-06,Henrico,"Other Race",69,11,1
2020-07-06,Henrico,"Two or more races",6,0,0
2020-07-06,Henrico,White,626,76,79
2020-07-06,Lenowisco,Black,1,0,0
2020-07-06,Lenowisco,Latino,0,0,0
2020-07-06,Lenowisco,"Not Reported",12,1,1
2020-07-06,Lenowisco,"Other Race",1,0,0
2020-07-06,Lenowisco,"Two or more races",0,0,0
2020-07-06,Lenowisco,White,49,16,3
2020-07-06,"Lord Fairfax","Asian or Pacific Islander",7,0,0
2020-07-06,"Lord Fairfax",Black,75,8,6
2020-07-06,"Lord Fairfax",Latino,566,35,8
2020-07-06,"Lord Fairfax","Native American",2,1,1
2020-07-06,"Lord Fairfax","Not Reported",266,3,5
2020-07-06,"Lord Fairfax","Other Race",53,5,0
2020-07-06,"Lord Fairfax","Two or more races",11,0,0
2020-07-06,"Lord Fairfax",White,1113,132,54
2020-07-06,Loudoun,"Asian or Pacific Islander",173,36,8
2020-07-06,Loudoun,Black,136,18,3
2020-07-06,Loudoun,Latino,1009,127,10
2020-07-06,Loudoun,"Native American",1,0,0
2020-07-06,Loudoun,"Not Reported",2061,2,2
2020-07-06,Loudoun,"Other Race",115,5,2
2020-07-06,Loudoun,"Two or more races",24,0,0
2020-07-06,Loudoun,White,697,90,65
2020-07-06,"Mount Rogers","Asian or Pacific Islander",2,1,0
2020-07-06,"Mount Rogers",Black,28,5,2
2020-07-06,"Mount Rogers",Latino,189,1,0
2020-07-06,"Mount Rogers","Not Reported",44,1,1
2020-07-06,"Mount Rogers","Other Race",2,0,0
2020-07-06,"Mount Rogers","Two or more races",3,0,0
2020-07-06,"Mount Rogers",White,505,67,29
2020-07-06,"New River","Asian or Pacific Islander",4,0,0
2020-07-06,"New River",Black,19,3,0
2020-07-06,"New River",Latino,18,1,0
2020-07-06,"New River","Native American",0,0,0
2020-07-06,"New River","Not Reported",48,0,0
2020-07-06,"New River","Other Race",1,0,0
2020-07-06,"New River","Two or more races",0,0,0
2020-07-06,"New River",White,174,18,5
2020-07-06,Norfolk,"Asian or Pacific Islander",13,1,0
2020-07-06,Norfolk,Black,553,77,8
2020-07-06,Norfolk,Latino,173,15,0
2020-07-06,Norfolk,"Native American",1,0,0
2020-07-06,Norfolk,"Not Reported",201,0,0
2020-07-06,Norfolk,"Other Race",17,2,0
2020-07-06,Norfolk,"Two or more races",1,0,0
2020-07-06,Norfolk,White,146,20,4
2020-07-06,Peninsula,"Asian or Pacific Islander",10,2,1
2020-07-06,Peninsula,Black,269,34,10
2020-07-06,Peninsula,Latino,171,12,0
2020-07-06,Peninsula,"Native American",2,0,0
2020-07-06,Peninsula,"Not Reported",296,1,0
2020-07-06,Peninsula,"Other Race",26,1,0
2020-07-06,Peninsula,"Two or more races",7,2,0
2020-07-06,Peninsula,White,332,75,23
2020-07-06,Piedmont,"Asian or Pacific Islander",4,0,0
2020-07-06,Piedmont,Black,352,48,3
2020-07-06,Piedmont,Latino,58,4,1
2020-07-06,Piedmont,"Native American",1,0,0
2020-07-06,Piedmont,"Not Reported",344,12,6
2020-07-06,Piedmont,"Other Race",6,0,0
2020-07-06,Piedmont,"Two or more races",4,1,0
2020-07-06,Piedmont,White,304,24,3
2020-07-06,Pittsylvania-Danville,"Asian or Pacific Islander",0,0,0
2020-07-06,Pittsylvania-Danville,Black,85,18,0
2020-07-06,Pittsylvania-Danville,Latino,29,2,0
2020-07-06,Pittsylvania-Danville,"Not Reported",33,5,0
2020-07-06,Pittsylvania-Danville,"Other Race",0,0,0
2020-07-06,Pittsylvania-Danville,"Two or more races",0,0,0
2020-07-06,Pittsylvania-Danville,White,89,18,3
2020-07-06,"Pittsylvania-Danville and Southside","Native American",0,0,0
2020-07-06,Portsmouth,"Asian or Pacific Islander",3,2,0
2020-07-06,Portsmouth,Black,264,53,12
2020-07-06,Portsmouth,Latino,32,4,0
2020-07-06,Portsmouth,"Native American",2,0,0
2020-07-06,Portsmouth,"Not Reported",149,1,1
2020-07-06,Portsmouth,"Other Race",15,2,1
2020-07-06,Portsmouth,"Two or more races",2,1,0
2020-07-06,Portsmouth,White,82,10,4
2020-07-06,"Prince William","Asian or Pacific Islander",263,41,11
2020-07-06,"Prince William",Black,667,122,38
2020-07-06,"Prince William",Latino,4131,506,50
2020-07-06,"Prince William","Native American",12,1,0
2020-07-06,"Prince William","Not Reported",3300,19,0
2020-07-06,"Prince William","Other Race",227,10,0
2020-07-06,"Prince William","Two or more races",11,1,0
2020-07-06,"Prince William",White,868,125,72
2020-07-06,Rappahannock,"Asian or Pacific Islander",40,7,0
2020-07-06,Rappahannock,Black,284,46,9
2020-07-06,Rappahannock,Latino,874,82,5
2020-07-06,Rappahannock,"Native American",3,0,0
2020-07-06,Rappahannock,"Not Reported",725,22,1
2020-07-06,Rappahannock,"Other Race",44,5,0
2020-07-06,Rappahannock,"Two or more races",11,1,0
2020-07-06,Rappahannock,White,553,67,29
2020-07-06,"Rappahannock Rapidan","Asian or Pacific Islander",5,1,0
2020-07-06,"Rappahannock Rapidan",Black,77,16,6
2020-07-06,"Rappahannock Rapidan",Latino,635,49,5
2020-07-06,"Rappahannock Rapidan","Native American",0,0,0
2020-07-06,"Rappahannock Rapidan","Not Reported",429,10,2
2020-07-06,"Rappahannock Rapidan","Other Race",21,2,0
2020-07-06,"Rappahannock Rapidan","Two or more races",12,1,0
2020-07-06,"Rappahannock Rapidan",White,314,32,9
2020-07-06,Richmond,"Asian or Pacific Islander",7,2,0
2020-07-06,Richmond,Black,578,125,20
2020-07-06,Richmond,Latino,890,70,3
2020-07-06,Richmond,"Native American",0,0,0
2020-07-06,Richmond,"Not Reported",505,2,0
2020-07-06,Richmond,"Other Race",98,8,1
2020-07-06,Richmond,"Two or more races",3,1,1
2020-07-06,Richmond,White,207,20,4
2020-07-06,Roanoke,"Asian or Pacific Islander",2,0,0
2020-07-06,Roanoke,Black,38,7,2
2020-07-06,Roanoke,Latino,160,1,0
2020-07-06,Roanoke,"Not Reported",194,1,0
2020-07-06,Roanoke,"Other Race",1,0,0
2020-07-06,Roanoke,"Two or more races",0,0,0
2020-07-06,Roanoke,White,97,5,8
2020-07-06,Southside,"Asian or Pacific Islander",1,0,0
2020-07-06,Southside,Black,113,20,7
2020-07-06,Southside,Latino,2,0,0
2020-07-06,Southside,"Not Reported",185,15,8
2020-07-06,Southside,"Other Race",6,0,1
2020-07-06,Southside,"Two or more races",21,0,0
2020-07-06,Southside,White,99,15,14
2020-07-06,"Thomas Jefferson","Asian or Pacific Islander",16,0,0
2020-07-06,"Thomas Jefferson",Black,157,45,6
2020-07-06,"Thomas Jefferson",Latino,363,17,0
2020-07-06,"Thomas Jefferson","Native American",2,0,0
2020-07-06,"Thomas Jefferson","Not Reported",97,0,0
2020-07-06,"Thomas Jefferson","Other Race",31,3,1
2020-07-06,"Thomas Jefferson","Two or more races",6,0,0
2020-07-06,"Thomas Jefferson",White,380,36,18
2020-07-06,"Three Rivers",Black,194,17,3
2020-07-06,"Three Rivers",Latino,79,3,0
2020-07-06,"Three Rivers","Not Reported",141,4,0
2020-07-06,"Three Rivers","Other Race",6,1,0
2020-07-06,"Three Rivers","Two or more races",3,0,0
2020-07-06,"Three Rivers",White,233,24,6
2020-07-06,"Virginia Beach","Asian or Pacific Islander",63,12,1
2020-07-06,"Virginia Beach",Black,370,26,4
2020-07-06,"Virginia Beach",Latino,138,12,2
2020-07-06,"Virginia Beach","Native American",1,0,0
2020-07-06,"Virginia Beach","Not Reported",242,5,3
2020-07-06,"Virginia Beach","Other Race",16,1,0
2020-07-06,"Virginia Beach","Two or more races",15,2,0
2020-07-06,"Virginia Beach",White,547,65,20
2020-07-06,"West Piedmont","Asian or Pacific Islander",11,1,1
2020-07-06,"West Piedmont",Black,93,23,2
2020-07-06,"West Piedmont",Latino,140,7,0
2020-07-06,"West Piedmont","Native American",0,0,0
2020-07-06,"West Piedmont","Not Reported",104,1,0
2020-07-06,"West Piedmont","Other Race",1,0,0
2020-07-06,"West Piedmont","Two or more races",0,0,0
2020-07-06,"West Piedmont",White,183,13,4
2020-07-06,"Western Tidewater","Asian or Pacific Islander",7,1,0
2020-07-06,"Western Tidewater",Black,349,51,23
2020-07-06,"Western Tidewater",Latino,13,1,0
2020-07-06,"Western Tidewater","Native American",0,0,0
2020-07-06,"Western Tidewater","Not Reported",275,2,2
2020-07-06,"Western Tidewater","Other Race",16,0,2
2020-07-06,"Western Tidewater","Two or more races",2,0,0
2020-07-06,"Western Tidewater",White,207,36,29
2020-07-07,Alexandria,"Asian or Pacific Islander",84,8,1
2020-07-07,Alexandria,Black,351,62,13
2020-07-07,Alexandria,Latino,1317,111,9
2020-07-07,Alexandria,"Native American",3,0,0
2020-07-07,Alexandria,"Not Reported",143,6,0
2020-07-07,Alexandria,"Other Race",43,5,2
2020-07-07,Alexandria,"Two or more races",4,1,0
2020-07-07,Alexandria,White,454,48,32
2020-07-07,Alleghany,"Asian or Pacific Islander",3,0,0
2020-07-07,Alleghany,Black,19,2,1
2020-07-07,Alleghany,Latino,70,5,0
2020-07-07,Alleghany,"Not Reported",239,1,0
2020-07-07,Alleghany,"Other Race",4,0,0
2020-07-07,Alleghany,"Two or more races",2,0,0
2020-07-07,Alleghany,White,235,23,14
2020-07-07,"Alleghany and Roanoke","Native American",0,0,0
2020-07-07,Arlington,"Asian or Pacific Islander",125,23,12
2020-07-07,Arlington,Black,219,66,29
2020-07-07,Arlington,Latino,1245,203,22
2020-07-07,Arlington,"Native American",2,0,0
2020-07-07,Arlington,"Not Reported",162,8,3
2020-07-07,Arlington,"Other Race",51,6,2
2020-07-07,Arlington,"Two or more races",17,2,0
2020-07-07,Arlington,White,729,114,63
2020-07-07,"Central Shenandoah","Asian or Pacific Islander",17,2,0
2020-07-07,"Central Shenandoah",Black,94,9,4
2020-07-07,"Central Shenandoah",Latino,789,47,4
2020-07-07,"Central Shenandoah","Native American",1,1,0
2020-07-07,"Central Shenandoah","Not Reported",199,2,1
2020-07-07,"Central Shenandoah","Other Race",31,1,0
2020-07-07,"Central Shenandoah","Two or more races",10,1,0
2020-07-07,"Central Shenandoah",White,1025,109,32
2020-07-07,"Central Virginia","Asian or Pacific Islander",0,0,0
2020-07-07,"Central Virginia",Black,25,2,1
2020-07-07,"Central Virginia",Latino,25,1,1
2020-07-07,"Central Virginia","Native American",0,0,0
2020-07-07,"Central Virginia","Not Reported",303,4,2
2020-07-07,"Central Virginia","Other Race",1,0,0
2020-07-07,"Central Virginia","Two or more races",0,0,0
2020-07-07,"Central Virginia",White,90,9,2
2020-07-07,Chesapeake,"Asian or Pacific Islander",25,5,2
2020-07-07,Chesapeake,Black,392,80,6
2020-07-07,Chesapeake,Latino,135,14,2
2020-07-07,Chesapeake,"Native American",8,0,0
2020-07-07,Chesapeake,"Not Reported",140,3,1
2020-07-07,Chesapeake,"Other Race",9,1,0
2020-07-07,Chesapeake,"Two or more races",7,1,0
2020-07-07,Chesapeake,White,330,50,11
2020-07-07,Chesterfield,"Asian or Pacific Islander",29,2,0
2020-07-07,Chesterfield,Black,415,54,14
2020-07-07,Chesterfield,Latino,660,35,1
2020-07-07,Chesterfield,"Native American",3,0,0
2020-07-07,Chesterfield,"Not Reported",1486,3,13
2020-07-07,Chesterfield,"Other Race",179,6,0
2020-07-07,Chesterfield,"Two or more races",5,0,0
2020-07-07,Chesterfield,White,519,59,48
2020-07-07,Chickahominy,"Asian or Pacific Islander",4,1,0
2020-07-07,Chickahominy,Black,115,33,10
2020-07-07,Chickahominy,Latino,45,3,0
2020-07-07,Chickahominy,"Native American",1,1,0
2020-07-07,Chickahominy,"Not Reported",204,3,1
2020-07-07,Chickahominy,"Other Race",10,3,1
2020-07-07,Chickahominy,"Two or more races",2,1,0
2020-07-07,Chickahominy,White,302,65,29
2020-07-07,Crater,"Asian or Pacific Islander",5,0,0
2020-07-07,Crater,Black,767,115,22
2020-07-07,Crater,Latino,122,4,2
2020-07-07,Crater,"Native American",3,0,0
2020-07-07,Crater,"Not Reported",408,9,8
2020-07-07,Crater,"Other Race",14,0,0
2020-07-07,Crater,"Two or more races",2,0,0
2020-07-07,Crater,White,319,33,8
2020-07-07,"Cumberland Plateau",Black,12,0,0
2020-07-07,"Cumberland Plateau",Latino,0,0,0
2020-07-07,"Cumberland Plateau","Not Reported",2,0,0
2020-07-07,"Cumberland Plateau","Other Race",0,0,0
2020-07-07,"Cumberland Plateau","Two or more races",2,0,0
2020-07-07,"Cumberland Plateau",White,58,2,0
2020-07-07,"Cumberland Plateau and Lenowisco","Asian or Pacific Islander",1,0,0
2020-07-07,"Cumberland Plateau, Lenowisco, and Mount Rogers","Native American",0,0,0
2020-07-07,"Eastern Shore",Black,793,89,25
2020-07-07,"Eastern Shore",Latino,243,7,3
2020-07-07,"Eastern Shore","Not Reported",84,0,0
2020-07-07,"Eastern Shore","Other Race",13,1,0
2020-07-07,"Eastern Shore","Two or more races",1,1,0
2020-07-07,"Eastern Shore",White,176,15,14
2020-07-07,"Eastern Shore and Three Rivers","Asian or Pacific Islander",8,1,0
2020-07-07,"Eastern Shore and Three Rivers","Native American",1,0,0
2020-07-07,Fairfax,"Asian or Pacific Islander",1127,207,64
2020-07-07,Fairfax,Black,831,174,49
2020-07-07,Fairfax,Latino,7445,786,71
2020-07-07,Fairfax,"Native American",24,1,1
2020-07-07,Fairfax,"Not Reported",2246,77,50
2020-07-07,Fairfax,"Other Race",505,60,12
2020-07-07,Fairfax,"Two or more races",24,4,0
2020-07-07,Fairfax,White,2115,389,263
2020-07-07,Hampton,"Asian or Pacific Islander",5,0,0
2020-07-07,Hampton,Black,177,29,5
2020-07-07,Hampton,Latino,36,3,0
2020-07-07,Hampton,"Native American",0,0,0
2020-07-07,Hampton,"Not Reported",105,0,0
2020-07-07,Hampton,"Other Race",5,2,0
2020-07-07,Hampton,"Two or more races",4,0,0
2020-07-07,Hampton,White,58,7,0
2020-07-07,Henrico,"Asian or Pacific Islander",119,8,3
2020-07-07,Henrico,Black,756,126,69
2020-07-07,Henrico,Latino,573,43,5
2020-07-07,Henrico,"Native American",7,0,0
2020-07-07,Henrico,"Not Reported",553,2,2
2020-07-07,Henrico,"Other Race",68,10,1
2020-07-07,Henrico,"Two or more races",6,0,0
2020-07-07,Henrico,White,626,76,83
2020-07-07,Lenowisco,Black,1,0,0
2020-07-07,Lenowisco,Latino,0,0,0
2020-07-07,Lenowisco,"Not Reported",12,1,1
2020-07-07,Lenowisco,"Other Race",1,0,0
2020-07-07,Lenowisco,"Two or more races",0,0,0
2020-07-07,Lenowisco,White,49,16,3
2020-07-07,"Lord Fairfax","Asian or Pacific Islander",7,0,0
2020-07-07,"Lord Fairfax",Black,75,8,6
2020-07-07,"Lord Fairfax",Latino,566,35,8
2020-07-07,"Lord Fairfax","Native American",2,1,1
2020-07-07,"Lord Fairfax","Not Reported",267,3,5
2020-07-07,"Lord Fairfax","Other Race",53,5,0
2020-07-07,"Lord Fairfax","Two or more races",11,0,0
2020-07-07,"Lord Fairfax",White,1125,134,54
2020-07-07,Loudoun,"Asian or Pacific Islander",176,36,8
2020-07-07,Loudoun,Black,136,18,2
2020-07-07,Loudoun,Latino,1031,128,10
2020-07-07,Loudoun,"Native American",1,0,0
2020-07-07,Loudoun,"Not Reported",2057,2,2
2020-07-07,Loudoun,"Other Race",117,6,2
2020-07-07,Loudoun,"Two or more races",24,0,0
2020-07-07,Loudoun,White,710,90,69
2020-07-07,"Mount Rogers","Asian or Pacific Islander",2,1,0
2020-07-07,"Mount Rogers",Black,28,5,2
2020-07-07,"Mount Rogers",Latino,191,1,0
2020-07-07,"Mount Rogers","Not Reported",48,1,1
2020-07-07,"Mount Rogers","Other Race",2,0,0
2020-07-07,"Mount Rogers","Two or more races",3,0,0
2020-07-07,"Mount Rogers",White,507,67,30
2020-07-07,"New River","Asian or Pacific Islander",5,0,0
2020-07-07,"New River",Black,19,3,0
2020-07-07,"New River",Latino,18,1,0
2020-07-07,"New River","Native American",0,0,0
2020-07-07,"New River","Not Reported",47,0,0
2020-07-07,"New River","Other Race",1,0,0
2020-07-07,"New River","Two or more races",0,0,0
2020-07-07,"New River",White,178,18,5
2020-07-07,Norfolk,"Asian or Pacific Islander",14,1,0
2020-07-07,Norfolk,Black,578,77,8
2020-07-07,Norfolk,Latino,175,15,0
2020-07-07,Norfolk,"Native American",1,0,0
2020-07-07,Norfolk,"Not Reported",226,0,0
2020-07-07,Norfolk,"Other Race",16,2,0
2020-07-07,Norfolk,"Two or more races",1,0,0
2020-07-07,Norfolk,White,151,21,4
2020-07-07,Peninsula,"Asian or Pacific Islander",10,2,1
2020-07-07,Peninsula,Black,276,34,10
2020-07-07,Peninsula,Latino,173,12,0
2020-07-07,Peninsula,"Native American",2,0,0
2020-07-07,Peninsula,"Not Reported",316,1,0
2020-07-07,Peninsula,"Other Race",28,1,0
2020-07-07,Peninsula,"Two or more races",7,2,0
2020-07-07,Peninsula,White,332,75,23
2020-07-07,Piedmont,"Asian or Pacific Islander",4,0,0
2020-07-07,Piedmont,Black,356,49,4
2020-07-07,Piedmont,Latino,59,4,1
2020-07-07,Piedmont,"Native American",1,0,0
2020-07-07,Piedmont,"Not Reported",340,12,6
2020-07-07,Piedmont,"Other Race",6,0,0
2020-07-07,Piedmont,"Two or more races",4,1,0
2020-07-07,Piedmont,White,306,24,3
2020-07-07,Pittsylvania-Danville,"Asian or Pacific Islander",0,0,0
2020-07-07,Pittsylvania-Danville,Black,85,18,0
2020-07-07,Pittsylvania-Danville,Latino,29,2,0
2020-07-07,Pittsylvania-Danville,"Not Reported",33,5,0
2020-07-07,Pittsylvania-Danville,"Other Race",0,0,0
2020-07-07,Pittsylvania-Danville,"Two or more races",0,0,0
2020-07-07,Pittsylvania-Danville,White,91,18,3
2020-07-07,"Pittsylvania-Danville and Southside","Native American",0,0,0
2020-07-07,Portsmouth,"Asian or Pacific Islander",3,2,0
2020-07-07,Portsmouth,Black,270,54,12
2020-07-07,Portsmouth,Latino,32,5,0
2020-07-07,Portsmouth,"Native American",2,0,0
2020-07-07,Portsmouth,"Not Reported",166,1,1
2020-07-07,Portsmouth,"Other Race",15,2,1
2020-07-07,Portsmouth,"Two or more races",2,1,0
2020-07-07,Portsmouth,White,82,10,4
2020-07-07,"Prince William","Asian or Pacific Islander",267,42,12
2020-07-07,"Prince William",Black,672,123,38
2020-07-07,"Prince William",Latino,4181,518,50
2020-07-07,"Prince William","Native American",12,1,0
2020-07-07,"Prince William","Not Reported",3301,19,0
2020-07-07,"Prince William","Other Race",223,10,0
2020-07-07,"Prince William","Two or more races",11,1,0
2020-07-07,"Prince William",White,876,130,72
2020-07-07,Rappahannock,"Asian or Pacific Islander",43,7,0
2020-07-07,Rappahannock,Black,288,46,9
2020-07-07,Rappahannock,Latino,883,84,5
2020-07-07,Rappahannock,"Native American",3,0,0
2020-07-07,Rappahannock,"Not Reported",725,22,1
2020-07-07,Rappahannock,"Other Race",45,5,0
2020-07-07,Rappahannock,"Two or more races",11,1,0
2020-07-07,Rappahannock,White,561,67,29
2020-07-07,"Rappahannock Rapidan","Asian or Pacific Islander",5,1,0
2020-07-07,"Rappahannock Rapidan",Black,79,16,6
2020-07-07,"Rappahannock Rapidan",Latino,637,50,6
2020-07-07,"Rappahannock Rapidan","Native American",0,0,0
2020-07-07,"Rappahannock Rapidan","Not Reported",438,10,2
2020-07-07,"Rappahannock Rapidan","Other Race",21,2,0
2020-07-07,"Rappahannock Rapidan","Two or more races",12,1,0
2020-07-07,"Rappahannock Rapidan",White,317,33,9
2020-07-07,Richmond,"Asian or Pacific Islander",7,2,0
2020-07-07,Richmond,Black,580,125,20
2020-07-07,Richmond,Latino,893,70,3
2020-07-07,Richmond,"Native American",0,0,0
2020-07-07,Richmond,"Not Reported",510,2,0
2020-07-07,Richmond,"Other Race",99,8,1
2020-07-07,Richmond,"Two or more races",3,1,1
2020-07-07,Richmond,White,209,20,4
2020-07-07,Roanoke,"Asian or Pacific Islander",2,0,0
2020-07-07,Roanoke,Black,38,7,2
2020-07-07,Roanoke,Latino,161,1,0
2020-07-07,Roanoke,"Not Reported",199,1,0
2020-07-07,Roanoke,"Other Race",2,0,0
2020-07-07,Roanoke,"Two or more races",1,0,0
2020-07-07,Roanoke,White,99,5,8
2020-07-07,Southside,"Asian or Pacific Islander",1,0,0
2020-07-07,Southside,Black,114,20,7
2020-07-07,Southside,Latino,2,0,0
2020-07-07,Southside,"Not Reported",189,16,8
2020-07-07,Southside,"Other Race",6,0,1
2020-07-07,Southside,"Two or more races",21,0,0
2020-07-07,Southside,White,100,15,14
2020-07-07,"Thomas Jefferson","Asian or Pacific Islander",20,0,0
2020-07-07,"Thomas Jefferson",Black,158,45,8
2020-07-07,"Thomas Jefferson",Latino,367,17,0
2020-07-07,"Thomas Jefferson","Native American",2,0,0
2020-07-07,"Thomas Jefferson","Not Reported",94,0,0
2020-07-07,"Thomas Jefferson","Other Race",32,3,1
2020-07-07,"Thomas Jefferson","Two or more races",6,0,0
2020-07-07,"Thomas Jefferson",White,384,36,20
2020-07-07,"Three Rivers",Black,196,19,4
2020-07-07,"Three Rivers",Latino,80,3,0
2020-07-07,"Three Rivers","Not Reported",144,4,0
2020-07-07,"Three Rivers","Other Race",6,1,0
2020-07-07,"Three Rivers","Two or more races",3,0,0
2020-07-07,"Three Rivers",White,236,24,6
2020-07-07,"Virginia Beach","Asian or Pacific Islander",64,12,1
2020-07-07,"Virginia Beach",Black,380,27,4
2020-07-07,"Virginia Beach",Latino,141,12,2
2020-07-07,"Virginia Beach","Native American",1,0,0
2020-07-07,"Virginia Beach","Not Reported",269,5,3
2020-07-07,"Virginia Beach","Other Race",19,1,0
2020-07-07,"Virginia Beach","Two or more races",15,2,0
2020-07-07,"Virginia Beach",White,566,65,20
2020-07-07,"West Piedmont","Asian or Pacific Islander",11,1,1
2020-07-07,"West Piedmont",Black,95,23,2
2020-07-07,"West Piedmont",Latino,140,7,0
2020-07-07,"West Piedmont","Native American",0,0,0
2020-07-07,"West Piedmont","Not Reported",119,1,1
2020-07-07,"West Piedmont","Other Race",1,0,0
2020-07-07,"West Piedmont","Two or more races",0,0,0
2020-07-07,"West Piedmont",White,185,14,4
2020-07-07,"Western Tidewater","Asian or Pacific Islander",7,1,0
2020-07-07,"Western Tidewater",Black,351,51,23
2020-07-07,"Western Tidewater",Latino,13,1,0
2020-07-07,"Western Tidewater","Native American",0,0,0
2020-07-07,"Western Tidewater","Not Reported",296,2,3
2020-07-07,"Western Tidewater","Other Race",16,0,2
2020-07-07,"Western Tidewater","Two or more races",2,0,0
2020-07-07,"Western Tidewater",White,207,36,29
2020-07-08,Alexandria,"Asian or Pacific Islander",84,8,1
2020-07-08,Alexandria,Black,352,62,13
2020-07-08,Alexandria,Latino,1320,111,8
2020-07-08,Alexandria,"Native American",3,0,0
2020-07-08,Alexandria,"Not Reported",142,6,0
2020-07-08,Alexandria,"Other Race",43,5,2
2020-07-08,Alexandria,"Two or more races",4,1,0
2020-07-08,Alexandria,White,460,49,33
2020-07-08,Alleghany,"Asian or Pacific Islander",3,0,0
2020-07-08,Alleghany,Black,19,2,1
2020-07-08,Alleghany,Latino,71,5,0
2020-07-08,Alleghany,"Not Reported",245,1,0
2020-07-08,Alleghany,"Other Race",4,0,0
2020-07-08,Alleghany,"Two or more races",2,0,0
2020-07-08,Alleghany,White,236,23,14
2020-07-08,"Alleghany and Roanoke","Native American",0,0,0
2020-07-08,Arlington,"Asian or Pacific Islander",124,23,12
2020-07-08,Arlington,Black,220,65,30
2020-07-08,Arlington,Latino,1253,203,22
2020-07-08,Arlington,"Native American",2,0,0
2020-07-08,Arlington,"Not Reported",157,8,2
2020-07-08,Arlington,"Other Race",52,7,3
2020-07-08,Arlington,"Two or more races",18,2,0
2020-07-08,Arlington,White,732,114,63
2020-07-08,"Central Shenandoah","Asian or Pacific Islander",17,2,0
2020-07-08,"Central Shenandoah",Black,95,9,4
2020-07-08,"Central Shenandoah",Latino,791,48,4
2020-07-08,"Central Shenandoah","Native American",1,1,0
2020-07-08,"Central Shenandoah","Not Reported",196,2,1
2020-07-08,"Central Shenandoah","Other Race",30,1,0
2020-07-08,"Central Shenandoah","Two or more races",11,1,0
2020-07-08,"Central Shenandoah",White,1053,112,32
2020-07-08,"Central Virginia","Asian or Pacific Islander",0,0,0
2020-07-08,"Central Virginia",Black,26,2,1
2020-07-08,"Central Virginia",Latino,25,1,1
2020-07-08,"Central Virginia","Native American",0,0,0
2020-07-08,"Central Virginia","Not Reported",302,4,1
2020-07-08,"Central Virginia","Other Race",1,0,0
2020-07-08,"Central Virginia","Two or more races",0,0,0
2020-07-08,"Central Virginia",White,91,9,3
2020-07-08,Chesapeake,"Asian or Pacific Islander",25,5,2
2020-07-08,Chesapeake,Black,412,80,6
2020-07-08,Chesapeake,Latino,137,15,2
2020-07-08,Chesapeake,"Native American",8,0,0
2020-07-08,Chesapeake,"Not Reported",154,2,0
2020-07-08,Chesapeake,"Other Race",9,1,0
2020-07-08,Chesapeake,"Two or more races",7,1,0
2020-07-08,Chesapeake,White,336,51,12
2020-07-08,Chesterfield,"Asian or Pacific Islander",29,2,0
2020-07-08,Chesterfield,Black,423,55,17
2020-07-08,Chesterfield,Latino,663,35,1
2020-07-08,Chesterfield,"Native American",3,0,0
2020-07-08,Chesterfield,"Not Reported",1488,3,13
2020-07-08,Chesterfield,"Other Race",180,6,0
2020-07-08,Chesterfield,"Two or more races",5,0,0
2020-07-08,Chesterfield,White,524,60,48
2020-07-08,Chickahominy,"Asian or Pacific Islander",4,1,0
2020-07-08,Chickahominy,Black,115,33,10
2020-07-08,Chickahominy,Latino,46,3,0
2020-07-08,Chickahominy,"Native American",1,1,0
2020-07-08,Chickahominy,"Not Reported",202,3,1
2020-07-08,Chickahominy,"Other Race",10,3,1
2020-07-08,Chickahominy,"Two or more races",2,1,0
2020-07-08,Chickahominy,White,307,65,29
2020-07-08,Crater,"Asian or Pacific Islander",5,0,0
2020-07-08,Crater,Black,776,117,25
2020-07-08,Crater,Latino,126,4,2
2020-07-08,Crater,"Native American",3,0,0
2020-07-08,Crater,"Not Reported",407,9,8
2020-07-08,Crater,"Other Race",14,0,0
2020-07-08,Crater,"Two or more races",2,0,0
2020-07-08,Crater,White,323,33,9
2020-07-08,"Cumberland Plateau",Black,12,0,0
2020-07-08,"Cumberland Plateau",Latino,0,0,0
2020-07-08,"Cumberland Plateau","Not Reported",3,0,0
2020-07-08,"Cumberland Plateau","Other Race",0,0,0
2020-07-08,"Cumberland Plateau","Two or more races",2,0,0
2020-07-08,"Cumberland Plateau",White,61,2,0
2020-07-08,"Cumberland Plateau and Lenowisco","Asian or Pacific Islander",1,0,0
2020-07-08,"Cumberland Plateau, Lenowisco, and Mount Rogers","Native American",0,0,0
2020-07-08,"Eastern Shore",Black,793,89,25
2020-07-08,"Eastern Shore",Latino,243,7,3
2020-07-08,"Eastern Shore","Not Reported",84,0,0
2020-07-08,"Eastern Shore","Other Race",13,1,0
2020-07-08,"Eastern Shore","Two or more races",1,1,0
2020-07-08,"Eastern Shore",White,176,15,14
2020-07-08,"Eastern Shore and Three Rivers","Asian or Pacific Islander",8,1,0
2020-07-08,"Eastern Shore and Three Rivers","Native American",1,0,0
2020-07-08,Fairfax,"Asian or Pacific Islander",1137,211,66
2020-07-08,Fairfax,Black,841,176,50
2020-07-08,Fairfax,Latino,7493,790,70
2020-07-08,Fairfax,"Native American",24,1,1
2020-07-08,Fairfax,"Not Reported",2209,79,47
2020-07-08,Fairfax,"Other Race",508,60,12
2020-07-08,Fairfax,"Two or more races",26,4,0
2020-07-08,Fairfax,White,2141,392,264
2020-07-08,Hampton,"Asian or Pacific Islander",5,0,0
2020-07-08,Hampton,Black,188,29,5
2020-07-08,Hampton,Latino,36,3,0
2020-07-08,Hampton,"Native American",0,0,0
2020-07-08,Hampton,"Not Reported",111,0,0
2020-07-08,Hampton,"Other Race",6,2,0
2020-07-08,Hampton,"Two or more races",4,0,0
2020-07-08,Hampton,White,59,7,0
2020-07-08,Henrico,"Asian or Pacific Islander",119,8,3
2020-07-08,Henrico,Black,761,125,69
2020-07-08,Henrico,Latino,581,42,6
2020-07-08,Henrico,"Native American",7,0,0
2020-07-08,Henrico,"Not Reported",549,2,2
2020-07-08,Henrico,"Other Race",68,11,1
2020-07-08,Henrico,"Two or more races",7,0,0
2020-07-08,Henrico,White,629,76,84
2020-07-08,Lenowisco,Black,1,0,0
2020-07-08,Lenowisco,Latino,0,0,0
2020-07-08,Lenowisco,"Not Reported",12,1,1
2020-07-08,Lenowisco,"Other Race",1,0,0
2020-07-08,Lenowisco,"Two or more races",0,0,0
2020-07-08,Lenowisco,White,49,16,3
2020-07-08,"Lord Fairfax","Asian or Pacific Islander",7,0,0
2020-07-08,"Lord Fairfax",Black,75,8,6
2020-07-08,"Lord Fairfax",Latino,565,36,8
2020-07-08,"Lord Fairfax","Native American",2,1,1
2020-07-08,"Lord Fairfax","Not Reported",269,3,5
2020-07-08,"Lord Fairfax","Other Race",53,5,0
2020-07-08,"Lord Fairfax","Two or more races",11,0,0
2020-07-08,"Lord Fairfax",White,1136,135,54
2020-07-08,Loudoun,"Asian or Pacific Islander",178,36,8
2020-07-08,Loudoun,Black,142,18,3
2020-07-08,Loudoun,Latino,1054,130,10
2020-07-08,Loudoun,"Native American",1,0,0
2020-07-08,Loudoun,"Not Reported",2031,2,2
2020-07-08,Loudoun,"Other Race",115,6,2
2020-07-08,Loudoun,"Two or more races",25,0,0
2020-07-08,Loudoun,White,736,91,73
2020-07-08,"Mount Rogers","Asian or Pacific Islander",2,1,0
2020-07-08,"Mount Rogers",Black,28,5,2
2020-07-08,"Mount Rogers",Latino,192,1,0
2020-07-08,"Mount Rogers","Not Reported",48,1,1
2020-07-08,"Mount Rogers","Other Race",3,0,0
2020-07-08,"Mount Rogers","Two or more races",4,0,0
2020-07-08,"Mount Rogers",White,513,68,30
2020-07-08,"New River","Asian or Pacific Islander",5,0,0
2020-07-08,"New River",Black,19,3,0
2020-07-08,"New River",Latino,18,1,0
2020-07-08,"New River","Native American",0,0,0
2020-07-08,"New River","Not Reported",47,0,0
2020-07-08,"New River","Other Race",2,0,0
2020-07-08,"New River","Two or more races",0,0,0
2020-07-08,"New River",White,180,18,6
2020-07-08,Norfolk,"Asian or Pacific Islander",16,1,0
2020-07-08,Norfolk,Black,601,77,9
2020-07-08,Norfolk,Latino,175,15,0
2020-07-08,Norfolk,"Native American",1,0,0
2020-07-08,Norfolk,"Not Reported",227,0,0
2020-07-08,Norfolk,"Other Race",17,2,0
2020-07-08,Norfolk,"Two or more races",1,0,0
2020-07-08,Norfolk,White,156,24,5
2020-07-08,Peninsula,"Asian or Pacific Islander",10,2,1
2020-07-08,Peninsula,Black,285,34,10
2020-07-08,Peninsula,Latino,180,12,0
2020-07-08,Peninsula,"Native American",2,0,0
2020-07-08,Peninsula,"Not Reported",329,1,0
2020-07-08,Peninsula,"Other Race",29,1,0
2020-07-08,Peninsula,"Two or more races",7,2,0
2020-07-08,Peninsula,White,336,75,24
2020-07-08,Piedmont,"Asian or Pacific Islander",4,0,0
2020-07-08,Piedmont,Black,362,48,4
2020-07-08,Piedmont,Latino,59,4,1
2020-07-08,Piedmont,"Native American",1,0,0
2020-07-08,Piedmont,"Not Reported",333,12,4
2020-07-08,Piedmont,"Other Race",6,0,0
2020-07-08,Piedmont,"Two or more races",4,1,0
2020-07-08,Piedmont,White,315,30,6
2020-07-08,Pittsylvania-Danville,"Asian or Pacific Islander",0,0,0
2020-07-08,Pittsylvania-Danville,Black,87,18,0
2020-07-08,Pittsylvania-Danville,Latino,29,2,0
2020-07-08,Pittsylvania-Danville,"Not Reported",35,5,0
2020-07-08,Pittsylvania-Danville,"Other Race",0,0,0
2020-07-08,Pittsylvania-Danville,"Two or more races",0,0,0
2020-07-08,Pittsylvania-Danville,White,96,18,3
2020-07-08,"Pittsylvania-Danville and Southside","Native American",0,0,0
2020-07-08,Portsmouth,"Asian or Pacific Islander",3,2,0
2020-07-08,Portsmouth,Black,289,55,12
2020-07-08,Portsmouth,Latino,34,7,0
2020-07-08,Portsmouth,"Native American",2,0,0
2020-07-08,Portsmouth,"Not Reported",164,1,1
2020-07-08,Portsmouth,"Other Race",15,2,1
2020-07-08,Portsmouth,"Two or more races",2,1,0
2020-07-08,Portsmouth,White,84,11,4
2020-07-08,"Prince William","Asian or Pacific Islander",269,43,12
2020-07-08,"Prince William",Black,676,123,38
2020-07-08,"Prince William",Latino,4208,516,50
2020-07-08,"Prince William","Native American",12,1,0
2020-07-08,"Prince William","Not Reported",3295,20,0
2020-07-08,"Prince William","Other Race",220,10,0
2020-07-08,"Prince William","Two or more races",11,1,0
2020-07-08,"Prince William",White,886,133,75
2020-07-08,Rappahannock,"Asian or Pacific Islander",42,7,0
2020-07-08,Rappahannock,Black,292,46,9
2020-07-08,Rappahannock,Latino,890,87,5
2020-07-08,Rappahannock,"Native American",3,0,0
2020-07-08,Rappahannock,"Not Reported",726,22,0
2020-07-08,Rappahannock,"Other Race",45,5,0
2020-07-08,Rappahannock,"Two or more races",11,1,0
2020-07-08,Rappahannock,White,566,69,30
2020-07-08,"Rappahannock Rapidan","Asian or Pacific Islander",5,1,0
2020-07-08,"Rappahannock Rapidan",Black,79,16,6
2020-07-08,"Rappahannock Rapidan",Latino,639,51,6
2020-07-08,"Rappahannock Rapidan","Native American",0,0,0
2020-07-08,"Rappahannock Rapidan","Not Reported",436,10,2
2020-07-08,"Rappahannock Rapidan","Other Race",21,2,0
2020-07-08,"Rappahannock Rapidan","Two or more races",12,1,0
2020-07-08,"Rappahannock Rapidan",White,325,33,9
2020-07-08,Richmond,"Asian or Pacific Islander",7,2,0
2020-07-08,Richmond,Black,591,126,20
2020-07-08,Richmond,Latino,911,71,3
2020-07-08,Richmond,"Native American",0,0,0
2020-07-08,Richmond,"Not Reported",498,2,0
2020-07-08,Richmond,"Other Race",97,8,1
2020-07-08,Richmond,"Two or more races",3,1,1
2020-07-08,Richmond,White,214,20,4
2020-07-08,Roanoke,"Asian or Pacific Islander",2,0,0
2020-07-08,Roanoke,Black,40,7,2
2020-07-08,Roanoke,Latino,165,1,0
2020-07-08,Roanoke,"Not Reported",215,1,0
2020-07-08,Roanoke,"Other Race",3,0,0
2020-07-08,Roanoke,"Two or more races",1,0,0
2020-07-08,Roanoke,White,99,5,8
2020-07-08,Southside,"Asian or Pacific Islander",1,0,0
2020-07-08,Southside,Black,116,21,8
2020-07-08,Southside,Latino,2,0,0
2020-07-08,Southside,"Not Reported",189,16,8
2020-07-08,Southside,"Other Race",6,0,1
2020-07-08,Southside,"Two or more races",21,0,0
2020-07-08,Southside,White,102,15,14
2020-07-08,"Thomas Jefferson","Asian or Pacific Islander",22,0,1
2020-07-08,"Thomas Jefferson",Black,163,45,8
2020-07-08,"Thomas Jefferson",Latino,369,17,0
2020-07-08,"Thomas Jefferson","Native American",2,0,0
2020-07-08,"Thomas Jefferson","Not Reported",96,0,0
2020-07-08,"Thomas Jefferson","Other Race",31,3,0
2020-07-08,"Thomas Jefferson","Two or more races",6,0,0
2020-07-08,"Thomas Jefferson",White,406,36,20
2020-07-08,"Three Rivers",Black,201,20,4
2020-07-08,"Three Rivers",Latino,80,3,0
2020-07-08,"Three Rivers","Not Reported",139,4,0
2020-07-08,"Three Rivers","Other Race",6,2,0
2020-07-08,"Three Rivers","Two or more races",3,0,0
2020-07-08,"Three Rivers",White,235,24,6
2020-07-08,"Virginia Beach","Asian or Pacific Islander",64,12,1
2020-07-08,"Virginia Beach",Black,411,28,4
2020-07-08,"Virginia Beach",Latino,148,16,2
2020-07-08,"Virginia Beach","Native American",1,0,0
2020-07-08,"Virginia Beach","Not Reported",266,5,3
2020-07-08,"Virginia Beach","Other Race",17,1,0
2020-07-08,"Virginia Beach","Two or more races",17,2,0
2020-07-08,"Virginia Beach",White,596,64,20
2020-07-08,"West Piedmont","Asian or Pacific Islander",11,1,1
2020-07-08,"West Piedmont",Black,104,24,1
2020-07-08,"West Piedmont",Latino,152,8,0
2020-07-08,"West Piedmont","Native American",0,0,0
2020-07-08,"West Piedmont","Not Reported",106,1,1
2020-07-08,"West Piedmont","Other Race",3,1,1
2020-07-08,"West Piedmont","Two or more races",0,0,0
2020-07-08,"West Piedmont",White,192,14,4
2020-07-08,"Western Tidewater","Asian or Pacific Islander",7,1,0
2020-07-08,"Western Tidewater",Black,369,53,25
2020-07-08,"Western Tidewater",Latino,13,1,0
2020-07-08,"Western Tidewater","Native American",1,0,0
2020-07-08,"Western Tidewater","Not Reported",297,2,2
2020-07-08,"Western Tidewater","Other Race",15,0,1
2020-07-08,"Western Tidewater","Two or more races",2,0,0
2020-07-08,"Western Tidewater",White,214,36,29
2020-07-09,Alexandria,"Asian or Pacific Islander",85,8,1
2020-07-09,Alexandria,Black,354,62,13
2020-07-09,Alexandria,Latino,1325,112,8
2020-07-09,Alexandria,"Native American",3,0,0
2020-07-09,Alexandria,"Not Reported",142,6,0
2020-07-09,Alexandria,"Other Race",43,5,2
2020-07-09,Alexandria,"Two or more races",4,1,0
2020-07-09,Alexandria,White,463,50,33
2020-07-09,Alleghany,"Asian or Pacific Islander",3,0,0
2020-07-09,Alleghany,Black,19,2,1
2020-07-09,Alleghany,Latino,71,5,0
2020-07-09,Alleghany,"Not Reported",253,1,0
2020-07-09,Alleghany,"Other Race",4,0,0
2020-07-09,Alleghany,"Two or more races",2,0,0
2020-07-09,Alleghany,White,236,23,14
2020-07-09,"Alleghany and Roanoke","Native American",0,0,0
2020-07-09,Arlington,"Asian or Pacific Islander",124,23,12
2020-07-09,Arlington,Black,221,65,30
2020-07-09,Arlington,Latino,1255,204,22
2020-07-09,Arlington,"Native American",2,0,0
2020-07-09,Arlington,"Not Reported",164,8,2
2020-07-09,Arlington,"Other Race",53,7,3
2020-07-09,Arlington,"Two or more races",18,2,0
2020-07-09,Arlington,White,730,114,63
2020-07-09,"Central Shenandoah","Asian or Pacific Islander",17,2,0
2020-07-09,"Central Shenandoah",Black,97,9,4
2020-07-09,"Central Shenandoah",Latino,792,48,4
2020-07-09,"Central Shenandoah","Native American",1,1,0
2020-07-09,"Central Shenandoah","Not Reported",192,2,1
2020-07-09,"Central Shenandoah","Other Race",30,1,0
2020-07-09,"Central Shenandoah","Two or more races",10,1,0
2020-07-09,"Central Shenandoah",White,1062,112,33
2020-07-09,"Central Virginia","Asian or Pacific Islander",0,0,0
2020-07-09,"Central Virginia",Black,26,2,1
2020-07-09,"Central Virginia",Latino,25,1,1
2020-07-09,"Central Virginia","Native American",0,0,0
2020-07-09,"Central Virginia","Not Reported",303,4,1
2020-07-09,"Central Virginia","Other Race",1,0,0
2020-07-09,"Central Virginia","Two or more races",0,0,0
2020-07-09,"Central Virginia",White,92,9,3
2020-07-09,Chesapeake,"Asian or Pacific Islander",26,5,2
2020-07-09,Chesapeake,Black,432,80,6
2020-07-09,Chesapeake,Latino,139,15,2
2020-07-09,Chesapeake,"Native American",8,0,0
2020-07-09,Chesapeake,"Not Reported",152,2,0
2020-07-09,Chesapeake,"Other Race",10,1,0
2020-07-09,Chesapeake,"Two or more races",8,1,0
2020-07-09,Chesapeake,White,342,51,12
2020-07-09,Chesterfield,"Asian or Pacific Islander",30,2,0
2020-07-09,Chesterfield,Black,424,58,18
2020-07-09,Chesterfield,Latino,675,36,3
2020-07-09,Chesterfield,"Native American",3,0,0
2020-07-09,Chesterfield,"Not Reported",1498,4,13
2020-07-09,Chesterfield,"Other Race",180,6,0
2020-07-09,Chesterfield,"Two or more races",6,1,0
2020-07-09,Chesterfield,White,529,60,49
2020-07-09,Chickahominy,"Asian or Pacific Islander",5,1,0
2020-07-09,Chickahominy,Black,118,34,10
2020-07-09,Chickahominy,Latino,46,3,0
2020-07-09,Chickahominy,"Native American",1,1,0
2020-07-09,Chickahominy,"Not Reported",199,3,1
2020-07-09,Chickahominy,"Other Race",9,2,0
2020-07-09,Chickahominy,"Two or more races",2,1,0
2020-07-09,Chickahominy,White,311,67,30
2020-07-09,Crater,"Asian or Pacific Islander",5,0,0
2020-07-09,Crater,Black,782,118,28
2020-07-09,Crater,Latino,126,4,2
2020-07-09,Crater,"Native American",3,0,0
2020-07-09,Crater,"Not Reported",403,9,9
2020-07-09,Crater,"Other Race",14,0,0
2020-07-09,Crater,"Two or more races",2,0,0
2020-07-09,Crater,White,326,33,9
2020-07-09,"Cumberland Plateau",Black,12,0,0
2020-07-09,"Cumberland Plateau",Latino,0,0,0
2020-07-09,"Cumberland Plateau","Not Reported",0,0,0
2020-07-09,"Cumberland Plateau","Other Race",0,0,0
2020-07-09,"Cumberland Plateau","Two or more races",2,0,0
2020-07-09,"Cumberland Plateau",White,66,2,0
2020-07-09,"Cumberland Plateau and Lenowisco","Asian or Pacific Islander",1,0,0
2020-07-09,"Cumberland Plateau, Lenowisco, and Mount Rogers","Native American",0,0,0
2020-07-09,"Eastern Shore",Black,793,89,25
2020-07-09,"Eastern Shore",Latino,243,7,3
2020-07-09,"Eastern Shore","Not Reported",84,0,0
2020-07-09,"Eastern Shore","Other Race",13,1,0
2020-07-09,"Eastern Shore","Two or more races",1,1,0
2020-07-09,"Eastern Shore",White,176,15,14
2020-07-09,"Eastern Shore and Three Rivers","Asian or Pacific Islander",8,1,0
2020-07-09,"Eastern Shore and Three Rivers","Native American",1,0,0
2020-07-09,Fairfax,"Asian or Pacific Islander",1138,211,68
2020-07-09,Fairfax,Black,842,177,50
2020-07-09,Fairfax,Latino,7520,794,71
2020-07-09,Fairfax,"Native American",24,1,1
2020-07-09,Fairfax,"Not Reported",2206,75,45
2020-07-09,Fairfax,"Other Race",508,62,11
2020-07-09,Fairfax,"Two or more races",26,4,0
2020-07-09,Fairfax,White,2145,393,265
2020-07-09,Hampton,"Asian or Pacific Islander",5,0,0
2020-07-09,Hampton,Black,189,28,4
2020-07-09,Hampton,Latino,36,3,0
2020-07-09,Hampton,"Native American",0,0,0
2020-07-09,Hampton,"Not Reported",125,0,0
2020-07-09,Hampton,"Other Race",5,2,0
2020-07-09,Hampton,"Two or more races",4,0,0
2020-07-09,Hampton,White,60,7,0
2020-07-09,Henrico,"Asian or Pacific Islander",119,8,3
2020-07-09,Henrico,Black,763,126,70
2020-07-09,Henrico,Latino,580,42,6
2020-07-09,Henrico,"Native American",7,0,0
2020-07-09,Henrico,"Not Reported",546,2,3
2020-07-09,Henrico,"Other Race",65,10,1
2020-07-09,Henrico,"Two or more races",8,0,0
2020-07-09,Henrico,White,637,77,86
2020-07-09,Lenowisco,Black,1,0,0
2020-07-09,Lenowisco,Latino,0,0,0
2020-07-09,Lenowisco,"Not Reported",12,1,1
2020-07-09,Lenowisco,"Other Race",1,0,0
2020-07-09,Lenowisco,"Two or more races",0,0,0
2020-07-09,Lenowisco,White,50,16,3
2020-07-09,"Lord Fairfax","Asian or Pacific Islander",7,0,0
2020-07-09,"Lord Fairfax",Black,76,8,6
2020-07-09,"Lord Fairfax",Latino,564,35,7
2020-07-09,"Lord Fairfax","Native American",2,1,1
2020-07-09,"Lord Fairfax","Not Reported",266,3,5
2020-07-09,"Lord Fairfax","Other Race",55,6,1
2020-07-09,"Lord Fairfax","Two or more races",11,0,0
2020-07-09,"Lord Fairfax",White,1147,135,54
2020-07-09,Loudoun,"Asian or Pacific Islander",179,37,8
2020-07-09,Loudoun,Black,143,19,3
2020-07-09,Loudoun,Latino,1078,130,10
2020-07-09,Loudoun,"Native American",1,0,0
2020-07-09,Loudoun,"Not Reported",2017,2,2
2020-07-09,Loudoun,"Other Race",114,7,2
2020-07-09,Loudoun,"Two or more races",26,0,0
2020-07-09,Loudoun,White,761,91,74
2020-07-09,"Mount Rogers","Asian or Pacific Islander",2,1,0
2020-07-09,"Mount Rogers",Black,28,5,2
2020-07-09,"Mount Rogers",Latino,192,1,0
2020-07-09,"Mount Rogers","Not Reported",48,1,1
2020-07-09,"Mount Rogers","Other Race",3,0,0
2020-07-09,"Mount Rogers","Two or more races",4,0,0
2020-07-09,"Mount Rogers",White,520,69,32
2020-07-09,"New River","Asian or Pacific Islander",5,0,0
2020-07-09,"New River",Black,19,3,0
2020-07-09,"New River",Latino,19,2,0
2020-07-09,"New River","Native American",0,0,0
2020-07-09,"New River","Not Reported",48,0,0
2020-07-09,"New River","Other Race",2,0,0
2020-07-09,"New River","Two or more races",0,0,0
2020-07-09,"New River",White,181,18,6
2020-07-09,Norfolk,"Asian or Pacific Islander",18,1,0
2020-07-09,Norfolk,Black,652,78,9
2020-07-09,Norfolk,Latino,179,15,0
2020-07-09,Norfolk,"Native American",1,0,0
2020-07-09,Norfolk,"Not Reported",258,0,0
2020-07-09,Norfolk,"Other Race",16,2,0
2020-07-09,Norfolk,"Two or more races",1,0,0
2020-07-09,Norfolk,White,164,24,5
2020-07-09,Peninsula,"Asian or Pacific Islander",10,2,1
2020-07-09,Peninsula,Black,293,35,10
2020-07-09,Peninsula,Latino,184,12,0
2020-07-09,Peninsula,"Native American",2,0,0
2020-07-09,Peninsula,"Not Reported",353,1,0
2020-07-09,Peninsula,"Other Race",31,1,0
2020-07-09,Peninsula,"Two or more races",7,2,0
2020-07-09,Peninsula,White,340,75,24
2020-07-09,Piedmont,"Asian or Pacific Islander",4,0,0
2020-07-09,Piedmont,Black,366,48,5
2020-07-09,Piedmont,Latino,59,4,1
2020-07-09,Piedmont,"Native American",1,0,0
2020-07-09,Piedmont,"Not Reported",340,11,3
2020-07-09,Piedmont,"Other Race",6,0,0
2020-07-09,Piedmont,"Two or more races",4,1,0
2020-07-09,Piedmont,White,320,33,8
2020-07-09,Pittsylvania-Danville,"Asian or Pacific Islander",0,0,0
2020-07-09,Pittsylvania-Danville,Black,87,18,0
2020-07-09,Pittsylvania-Danville,Latino,29,2,0
2020-07-09,Pittsylvania-Danville,"Not Reported",35,5,0
2020-07-09,Pittsylvania-Danville,"Other Race",0,0,0
2020-07-09,Pittsylvania-Danville,"Two or more races",0,0,0
2020-07-09,Pittsylvania-Danville,White,97,18,3
2020-07-09,"Pittsylvania-Danville and Southside","Native American",0,0,0
2020-07-09,Portsmouth,"Asian or Pacific Islander",3,2,0
2020-07-09,Portsmouth,Black,301,57,12
2020-07-09,Portsmouth,Latino,36,8,0
2020-07-09,Portsmouth,"Native American",2,0,0
2020-07-09,Portsmouth,"Not Reported",162,1,1
2020-07-09,Portsmouth,"Other Race",15,2,1
2020-07-09,Portsmouth,"Two or more races",2,1,0
2020-07-09,Portsmouth,White,84,11,4
2020-07-09,"Prince William","Asian or Pacific Islander",273,43,13
2020-07-09,"Prince William",Black,682,123,38
2020-07-09,"Prince William",Latino,4234,516,52
2020-07-09,"Prince William","Native American",12,1,0
2020-07-09,"Prince William","Not Reported",3270,20,0
2020-07-09,"Prince William","Other Race",221,10,0
2020-07-09,"Prince William","Two or more races",11,1,0
2020-07-09,"Prince William",White,899,133,76
2020-07-09,Rappahannock,"Asian or Pacific Islander",43,8,1
2020-07-09,Rappahannock,Black,296,46,9
2020-07-09,Rappahannock,Latino,894,90,6
2020-07-09,Rappahannock,"Native American",3,0,0
2020-07-09,Rappahannock,"Not Reported",737,23,0
2020-07-09,Rappahannock,"Other Race",44,4,0
2020-07-09,Rappahannock,"Two or more races",11,1,0
2020-07-09,Rappahannock,White,568,69,29
2020-07-09,"Rappahannock Rapidan","Asian or Pacific Islander",5,1,0
2020-07-09,"Rappahannock Rapidan",Black,81,16,6
2020-07-09,"Rappahannock Rapidan",Latino,639,51,6
2020-07-09,"Rappahannock Rapidan","Native American",0,0,0
2020-07-09,"Rappahannock Rapidan","Not Reported",437,10,2
2020-07-09,"Rappahannock Rapidan","Other Race",21,2,0
2020-07-09,"Rappahannock Rapidan","Two or more races",12,1,0
2020-07-09,"Rappahannock Rapidan",White,334,33,10
2020-07-09,Richmond,"Asian or Pacific Islander",8,3,1
2020-07-09,Richmond,Black,599,129,21
2020-07-09,Richmond,Latino,927,73,5
2020-07-09,Richmond,"Native American",0,0,0
2020-07-09,Richmond,"Not Reported",485,2,0
2020-07-09,Richmond,"Other Race",92,7,1
2020-07-09,Richmond,"Two or more races",2,1,1
2020-07-09,Richmond,White,220,21,4
2020-07-09,Roanoke,"Asian or Pacific Islander",2,0,0
2020-07-09,Roanoke,Black,40,7,2
2020-07-09,Roanoke,Latino,169,1,0
2020-07-09,Roanoke,"Not Reported",228,1,0
2020-07-09,Roanoke,"Other Race",3,0,0
2020-07-09,Roanoke,"Two or more races",1,0,0
2020-07-09,Roanoke,White,99,5,8
2020-07-09,Southside,"Asian or Pacific Islander",1,0,0
2020-07-09,Southside,Black,116,22,8
2020-07-09,Southside,Latino,2,0,0
2020-07-09,Southside,"Not Reported",192,16,8
2020-07-09,Southside,"Other Race",6,0,1
2020-07-09,Southside,"Two or more races",21,0,0
2020-07-09,Southside,White,103,15,14
2020-07-09,"Thomas Jefferson","Asian or Pacific Islander",22,0,1
2020-07-09,"Thomas Jefferson",Black,171,45,8
2020-07-09,"Thomas Jefferson",Latino,375,17,0
2020-07-09,"Thomas Jefferson","Native American",2,0,0
2020-07-09,"Thomas Jefferson","Not Reported",100,0,0
2020-07-09,"Thomas Jefferson","Other Race",32,3,0
2020-07-09,"Thomas Jefferson","Two or more races",6,0,0
2020-07-09,"Thomas Jefferson",White,415,36,20
2020-07-09,"Three Rivers",Black,212,20,4
2020-07-09,"Three Rivers",Latino,83,3,0
2020-07-09,"Three Rivers","Not Reported",153,4,0
2020-07-09,"Three Rivers","Other Race",7,3,0
2020-07-09,"Three Rivers","Two or more races",3,0,0
2020-07-09,"Three Rivers",White,244,24,6
2020-07-09,"Virginia Beach","Asian or Pacific Islander",64,12,1
2020-07-09,"Virginia Beach",Black,420,29,4
2020-07-09,"Virginia Beach",Latino,152,16,2
2020-07-09,"Virginia Beach","Native American",1,0,0
2020-07-09,"Virginia Beach","Not Reported",265,5,3
2020-07-09,"Virginia Beach","Other Race",17,1,0
2020-07-09,"Virginia Beach","Two or more races",17,2,0
2020-07-09,"Virginia Beach",White,611,65,20
2020-07-09,"West Piedmont","Asian or Pacific Islander",11,1,1
2020-07-09,"West Piedmont",Black,107,26,1
2020-07-09,"West Piedmont",Latino,152,8,0
2020-07-09,"West Piedmont","Native American",0,0,0
2020-07-09,"West Piedmont","Not Reported",121,1,1
2020-07-09,"West Piedmont","Other Race",3,1,1
2020-07-09,"West Piedmont","Two or more races",0,0,0
2020-07-09,"West Piedmont",White,194,16,4
2020-07-09,"Western Tidewater","Asian or Pacific Islander",7,1,0
2020-07-09,"Western Tidewater",Black,385,55,28
2020-07-09,"Western Tidewater",Latino,13,1,0
2020-07-09,"Western Tidewater","Native American",1,0,0
2020-07-09,"Western Tidewater","Not Reported",307,2,1
2020-07-09,"Western Tidewater","Other Race",15,0,1
2020-07-09,"Western Tidewater","Two or more races",2,0,0
2020-07-09,"Western Tidewater",White,217,36,31
2020-07-10,Alexandria,"Asian or Pacific Islander",85,8,1
2020-07-10,Alexandria,Black,363,63,13
2020-07-10,Alexandria,Latino,1330,114,8
2020-07-10,Alexandria,"Native American",3,0,0
2020-07-10,Alexandria,"Not Reported",146,6,0
2020-07-10,Alexandria,"Other Race",43,5,2
2020-07-10,Alexandria,"Two or more races",4,1,0
2020-07-10,Alexandria,White,465,50,33
2020-07-10,Alleghany,"Asian or Pacific Islander",4,0,0
2020-07-10,Alleghany,Black,19,2,1
2020-07-10,Alleghany,Latino,71,5,0
2020-07-10,Alleghany,"Not Reported",263,1,0
2020-07-10,Alleghany,"Other Race",4,0,0
2020-07-10,Alleghany,"Two or more races",2,0,0
2020-07-10,Alleghany,White,237,23,14
2020-07-10,"Alleghany and Roanoke","Native American",0,0,0
2020-07-10,Arlington,"Asian or Pacific Islander",124,23,12
2020-07-10,Arlington,Black,225,67,31
2020-07-10,Arlington,Latino,1266,209,22
2020-07-10,Arlington,"Native American",2,0,0
2020-07-10,Arlington,"Not Reported",160,1,0
2020-07-10,Arlington,"Other Race",54,8,3
2020-07-10,Arlington,"Two or more races",17,2,0
2020-07-10,Arlington,White,734,115,65
2020-07-10,"Central Shenandoah","Asian or Pacific Islander",16,2,0
2020-07-10,"Central Shenandoah",Black,98,9,4
2020-07-10,"Central Shenandoah",Latino,792,49,4
2020-07-10,"Central Shenandoah","Native American",1,1,0
2020-07-10,"Central Shenandoah","Not Reported",194,2,1
2020-07-10,"Central Shenandoah","Other Race",32,1,0
2020-07-10,"Central Shenandoah","Two or more races",10,1,0
2020-07-10,"Central Shenandoah",White,1082,112,33
2020-07-10,"Central Virginia","Asian or Pacific Islander",0,0,0
2020-07-10,"Central Virginia",Black,26,2,1
2020-07-10,"Central Virginia",Latino,25,1,1
2020-07-10,"Central Virginia","Native American",0,0,0
2020-07-10,"Central Virginia","Not Reported",315,4,1
2020-07-10,"Central Virginia","Other Race",1,0,0
2020-07-10,"Central Virginia","Two or more races",0,0,0
2020-07-10,"Central Virginia",White,94,9,3
2020-07-10,Chesapeake,"Asian or Pacific Islander",26,5,2
2020-07-10,Chesapeake,Black,448,80,6
2020-07-10,Chesapeake,Latino,139,15,2
2020-07-10,Chesapeake,"Native American",8,0,0
2020-07-10,Chesapeake,"Not Reported",171,2,0
2020-07-10,Chesapeake,"Other Race",10,1,0
2020-07-10,Chesapeake,"Two or more races",8,1,0
2020-07-10,Chesapeake,White,352,52,12
2020-07-10,Chesterfield,"Asian or Pacific Islander",31,2,0
2020-07-10,Chesterfield,Black,437,59,20
2020-07-10,Chesterfield,Latino,685,36,3
2020-07-10,Chesterfield,"Native American",3,0,0
2020-07-10,Chesterfield,"Not Reported",1491,4,10
2020-07-10,Chesterfield,"Other Race",177,6,0
2020-07-10,Chesterfield,"Two or more races",7,1,0
2020-07-10,Chesterfield,White,543,62,51
2020-07-10,Chickahominy,"Asian or Pacific Islander",5,1,0
2020-07-10,Chickahominy,Black,121,34,10
2020-07-10,Chickahominy,Latino,49,3,0
2020-07-10,Chickahominy,"Native American",1,1,0
2020-07-10,Chickahominy,"Not Reported",194,3,1
2020-07-10,Chickahominy,"Other Race",9,2,0
2020-07-10,Chickahominy,"Two or more races",1,1,0
2020-07-10,Chickahominy,White,320,68,30
2020-07-10,Crater,"Asian or Pacific Islander",5,0,0
2020-07-10,Crater,Black,786,119,29
2020-07-10,Crater,Latino,130,4,2
2020-07-10,Crater,"Native American",3,0,0
2020-07-10,Crater,"Not Reported",402,9,8
2020-07-10,Crater,"Other Race",14,0,0
2020-07-10,Crater,"Two or more races",2,0,0
2020-07-10,Crater,White,329,33,10
2020-07-10,"Cumberland Plateau",Black,12,0,0
2020-07-10,"Cumberland Plateau",Latino,0,0,0
2020-07-10,"Cumberland Plateau","Not Reported",0,0,0
2020-07-10,"Cumberland Plateau","Other Race",0,0,0
2020-07-10,"Cumberland Plateau","Two or more races",2,0,0
2020-07-10,"Cumberland Plateau",White,71,4,0
2020-07-10,"Cumberland Plateau and Lenowisco","Asian or Pacific Islander",1,0,0
2020-07-10,"Cumberland Plateau, Lenowisco, and Mount Rogers","Native American",0,0,0
2020-07-10,"Eastern Shore",Black,794,89,25
2020-07-10,"Eastern Shore",Latino,243,7,3
2020-07-10,"Eastern Shore","Not Reported",84,0,0
2020-07-10,"Eastern Shore","Other Race",13,1,0
2020-07-10,"Eastern Shore","Two or more races",1,1,0
2020-07-10,"Eastern Shore",White,176,15,14
2020-07-10,"Eastern Shore and Three Rivers","Asian or Pacific Islander",8,1,0
2020-07-10,"Eastern Shore and Three Rivers","Native American",1,0,0
2020-07-10,Fairfax,"Asian or Pacific Islander",1141,211,69
2020-07-10,Fairfax,Black,847,177,50
2020-07-10,Fairfax,Latino,7543,795,71
2020-07-10,Fairfax,"Native American",24,1,1
2020-07-10,Fairfax,"Not Reported",2226,74,44
2020-07-10,Fairfax,"Other Race",512,62,11
2020-07-10,Fairfax,"Two or more races",26,4,0
2020-07-10,Fairfax,White,2160,394,267
2020-07-10,Hampton,"Asian or Pacific Islander",5,0,0
2020-07-10,Hampton,Black,201,28,4
2020-07-10,Hampton,Latino,36,3,0
2020-07-10,Hampton,"Native American",0,0,0
2020-07-10,Hampton,"Not Reported",142,0,0
2020-07-10,Hampton,"Other Race",5,2,0
2020-07-10,Hampton,"Two or more races",4,0,0
2020-07-10,Hampton,White,61,7,0
2020-07-10,Henrico,"Asian or Pacific Islander",119,8,3
2020-07-10,Henrico,Black,781,127,72
2020-07-10,Henrico,Latino,585,42,6
2020-07-10,Henrico,"Native American",7,0,0
2020-07-10,Henrico,"Not Reported",560,2,3
2020-07-10,Henrico,"Other Race",68,11,1
2020-07-10,Henrico,"Two or more races",8,0,0
2020-07-10,Henrico,White,656,78,87
2020-07-10,Lenowisco,Black,1,0,0
2020-07-10,Lenowisco,Latino,0,0,0
2020-07-10,Lenowisco,"Not Reported",12,1,1
2020-07-10,Lenowisco,"Other Race",1,0,0
2020-07-10,Lenowisco,"Two or more races",0,0,0
2020-07-10,Lenowisco,White,54,16,3
2020-07-10,"Lord Fairfax","Asian or Pacific Islander",7,0,0
2020-07-10,"Lord Fairfax",Black,77,8,6
2020-07-10,"Lord Fairfax",Latino,568,36,8
2020-07-10,"Lord Fairfax","Native American",2,1,1
2020-07-10,"Lord Fairfax","Not Reported",266,3,5
2020-07-10,"Lord Fairfax","Other Race",55,6,1
2020-07-10,"Lord Fairfax","Two or more races",11,0,0
2020-07-10,"Lord Fairfax",White,1150,135,54
2020-07-10,Loudoun,"Asian or Pacific Islander",180,37,8
2020-07-10,Loudoun,Black,143,19,3
2020-07-10,Loudoun,Latino,1088,130,10
2020-07-10,Loudoun,"Native American",1,0,0
2020-07-10,Loudoun,"Not Reported",2021,2,2
2020-07-10,Loudoun,"Other Race",113,7,2
2020-07-10,Loudoun,"Two or more races",26,0,0
2020-07-10,Loudoun,White,777,93,74
2020-07-10,"Mount Rogers","Asian or Pacific Islander",2,1,0
2020-07-10,"Mount Rogers",Black,28,5,2
2020-07-10,"Mount Rogers",Latino,193,1,0
2020-07-10,"Mount Rogers","Not Reported",47,1,1
2020-07-10,"Mount Rogers","Other Race",3,0,0
2020-07-10,"Mount Rogers","Two or more races",4,0,0
2020-07-10,"Mount Rogers",White,530,69,32
2020-07-10,"New River","Asian or Pacific Islander",5,0,0
2020-07-10,"New River",Black,20,3,0
2020-07-10,"New River",Latino,19,2,0
2020-07-10,"New River","Native American",0,0,0
2020-07-10,"New River","Not Reported",48,0,0
2020-07-10,"New River","Other Race",2,0,0
2020-07-10,"New River","Two or more races",0,0,0
2020-07-10,"New River",White,188,18,6
2020-07-10,Norfolk,"Asian or Pacific Islander",18,1,0
2020-07-10,Norfolk,Black,688,80,10
2020-07-10,Norfolk,Latino,181,16,0
2020-07-10,Norfolk,"Native American",3,0,0
2020-07-10,Norfolk,"Not Reported",280,0,0
2020-07-10,Norfolk,"Other Race",19,2,0
2020-07-10,Norfolk,"Two or more races",1,0,0
2020-07-10,Norfolk,White,170,24,5
2020-07-10,Peninsula,"Asian or Pacific Islander",10,2,1
2020-07-10,Peninsula,Black,299,35,10
2020-07-10,Peninsula,Latino,187,12,0
2020-07-10,Peninsula,"Native American",2,0,0
2020-07-10,Peninsula,"Not Reported",373,1,0
2020-07-10,Peninsula,"Other Race",31,1,0
2020-07-10,Peninsula,"Two or more races",8,2,0
2020-07-10,Peninsula,White,343,75,24
2020-07-10,Piedmont,"Asian or Pacific Islander",4,0,0
2020-07-10,Piedmont,Black,367,50,5
2020-07-10,Piedmont,Latino,60,5,1
2020-07-10,Piedmont,"Native American",1,0,0
2020-07-10,Piedmont,"Not Reported",346,13,3
2020-07-10,Piedmont,"Other Race",6,0,0
2020-07-10,Piedmont,"Two or more races",4,1,0
2020-07-10,Piedmont,White,322,34,9
2020-07-10,Pittsylvania-Danville,"Asian or Pacific Islander",0,0,0
2020-07-10,Pittsylvania-Danville,Black,89,18,1
2020-07-10,Pittsylvania-Danville,Latino,29,2,0
2020-07-10,Pittsylvania-Danville,"Not Reported",37,5,0
2020-07-10,Pittsylvania-Danville,"Other Race",0,0,0
2020-07-10,Pittsylvania-Danville,"Two or more races",0,0,0
2020-07-10,Pittsylvania-Danville,White,97,18,3
2020-07-10,"Pittsylvania-Danville and Southside","Native American",0,0,0
2020-07-10,Portsmouth,"Asian or Pacific Islander",3,2,0
2020-07-10,Portsmouth,Black,316,57,12
2020-07-10,Portsmouth,Latino,37,8,0
2020-07-10,Portsmouth,"Native American",2,0,0
2020-07-10,Portsmouth,"Not Reported",172,1,0
2020-07-10,Portsmouth,"Other Race",14,3,2
2020-07-10,Portsmouth,"Two or more races",2,1,0
2020-07-10,Portsmouth,White,81,11,4
2020-07-10,"Prince William","Asian or Pacific Islander",277,43,13
2020-07-10,"Prince William",Black,687,123,38
2020-07-10,"Prince William",Latino,4276,518,53
2020-07-10,"Prince William","Native American",12,1,0
2020-07-10,"Prince William","Not Reported",3268,20,0
2020-07-10,"Prince William","Other Race",223,10,0
2020-07-10,"Prince William","Two or more races",11,1,0
2020-07-10,"Prince William",White,915,132,76
2020-07-10,Rappahannock,"Asian or Pacific Islander",43,8,1
2020-07-10,Rappahannock,Black,300,47,9
2020-07-10,Rappahannock,Latino,907,92,6
2020-07-10,Rappahannock,"Native American",3,0,0
2020-07-10,Rappahannock,"Not Reported",741,23,0
2020-07-10,Rappahannock,"Other Race",44,4,0
2020-07-10,Rappahannock,"Two or more races",11,1,0
2020-07-10,Rappahannock,White,579,69,29
2020-07-10,"Rappahannock Rapidan","Asian or Pacific Islander",5,1,0
2020-07-10,"Rappahannock Rapidan",Black,80,16,6
2020-07-10,"Rappahannock Rapidan",Latino,645,53,6
2020-07-10,"Rappahannock Rapidan","Native American",0,0,0
2020-07-10,"Rappahannock Rapidan","Not Reported",436,10,2
2020-07-10,"Rappahannock Rapidan","Other Race",22,2,0
2020-07-10,"Rappahannock Rapidan","Two or more races",12,1,0
2020-07-10,"Rappahannock Rapidan",White,347,33,10
2020-07-10,Richmond,"Asian or Pacific Islander",8,3,1
2020-07-10,Richmond,Black,604,131,22
2020-07-10,Richmond,Latino,936,73,5
2020-07-10,Richmond,"Native American",0,0,0
2020-07-10,Richmond,"Not Reported",499,2,0
2020-07-10,Richmond,"Other Race",94,8,2
2020-07-10,Richmond,"Two or more races",2,1,1
2020-07-10,Richmond,White,218,19,4
2020-07-10,Roanoke,"Asian or Pacific Islander",2,0,0
2020-07-10,Roanoke,Black,42,7,2
2020-07-10,Roanoke,Latino,169,1,0
2020-07-10,Roanoke,"Not Reported",236,1,0
2020-07-10,Roanoke,"Other Race",3,0,0
2020-07-10,Roanoke,"Two or more races",1,0,0
2020-07-10,Roanoke,White,99,5,8
2020-07-10,Southside,"Asian or Pacific Islander",1,0,0
2020-07-10,Southside,Black,119,23,8
2020-07-10,Southside,Latino,2,0,0
2020-07-10,Southside,"Not Reported",198,16,8
2020-07-10,Southside,"Other Race",6,0,1
2020-07-10,Southside,"Two or more races",21,0,0
2020-07-10,Southside,White,105,15,14
2020-07-10,"Thomas Jefferson","Asian or Pacific Islander",22,0,1
2020-07-10,"Thomas Jefferson",Black,177,46,8
2020-07-10,"Thomas Jefferson",Latino,379,17,0
2020-07-10,"Thomas Jefferson","Native American",2,0,0
2020-07-10,"Thomas Jefferson","Not Reported",101,0,0
2020-07-10,"Thomas Jefferson","Other Race",36,3,0
2020-07-10,"Thomas Jefferson","Two or more races",8,0,0
2020-07-10,"Thomas Jefferson",White,419,36,20
2020-07-10,"Three Rivers",Black,221,22,6
2020-07-10,"Three Rivers",Latino,83,3,0
2020-07-10,"Three Rivers","Not Reported",192,3,0
2020-07-10,"Three Rivers","Other Race",7,3,0
2020-07-10,"Three Rivers","Two or more races",3,0,0
2020-07-10,"Three Rivers",White,249,26,7
2020-07-10,"Virginia Beach","Asian or Pacific Islander",67,12,1
2020-07-10,"Virginia Beach",Black,461,31,4
2020-07-10,"Virginia Beach",Latino,166,16,2
2020-07-10,"Virginia Beach","Native American",1,0,0
2020-07-10,"Virginia Beach","Not Reported",279,5,3
2020-07-10,"Virginia Beach","Other Race",17,1,0
2020-07-10,"Virginia Beach","Two or more races",18,2,0
2020-07-10,"Virginia Beach",White,654,66,20
2020-07-10,"West Piedmont","Asian or Pacific Islander",11,1,1
2020-07-10,"West Piedmont",Black,113,29,1
2020-07-10,"West Piedmont",Latino,153,8,0
2020-07-10,"West Piedmont","Native American",0,0,0
2020-07-10,"West Piedmont","Not Reported",121,1,1
2020-07-10,"West Piedmont","Other Race",3,1,1
2020-07-10,"West Piedmont","Two or more races",0,0,0
2020-07-10,"West Piedmont",White,198,16,4
2020-07-10,"Western Tidewater","Asian or Pacific Islander",8,1,0
2020-07-10,"Western Tidewater",Black,396,56,29
2020-07-10,"Western Tidewater",Latino,13,1,0
2020-07-10,"Western Tidewater","Native American",1,0,0
2020-07-10,"Western Tidewater","Not Reported",317,2,3
2020-07-10,"Western Tidewater","Other Race",17,0,1
2020-07-10,"Western Tidewater","Two or more races",2,0,0
2020-07-10,"Western Tidewater",White,226,36,31
2020-07-11,Alexandria,"Asian or Pacific Islander",85,8,1
2020-07-11,Alexandria,Black,368,63,13
2020-07-11,Alexandria,Latino,1341,115,8
2020-07-11,Alexandria,"Native American",3,0,0
2020-07-11,Alexandria,"Not Reported",146,6,0
2020-07-11,Alexandria,"Other Race",43,5,2
2020-07-11,Alexandria,"Two or more races",5,1,0
2020-07-11,Alexandria,White,462,50,33
2020-07-11,Alleghany,"Asian or Pacific Islander",4,0,0
2020-07-11,Alleghany,Black,19,2,1
2020-07-11,Alleghany,Latino,71,5,0
2020-07-11,Alleghany,"Not Reported",264,1,0
2020-07-11,Alleghany,"Other Race",4,0,0
2020-07-11,Alleghany,"Two or more races",2,0,0
2020-07-11,Alleghany,White,240,23,14
2020-07-11,"Alleghany and Roanoke","Native American",0,0,0
2020-07-11,Arlington,"Asian or Pacific Islander",124,23,12
2020-07-11,Arlington,Black,224,67,31
2020-07-11,Arlington,Latino,1270,209,23
2020-07-11,Arlington,"Native American",3,0,0
2020-07-11,Arlington,"Not Reported",163,1,0
2020-07-11,Arlington,"Other Race",53,8,3
2020-07-11,Arlington,"Two or more races",17,2,0
2020-07-11,Arlington,White,743,115,65
2020-07-11,"Central Shenandoah","Asian or Pacific Islander",17,2,0
2020-07-11,"Central Shenandoah",Black,100,9,4
2020-07-11,"Central Shenandoah",Latino,796,49,4
2020-07-11,"Central Shenandoah","Native American",1,1,0
2020-07-11,"Central Shenandoah","Not Reported",198,2,1
2020-07-11,"Central Shenandoah","Other Race",34,1,0
2020-07-11,"Central Shenandoah","Two or more races",10,1,0
2020-07-11,"Central Shenandoah",White,1093,113,33
2020-07-11,"Central Virginia","Asian or Pacific Islander",0,0,0
2020-07-11,"Central Virginia",Black,29,2,1
2020-07-11,"Central Virginia",Latino,25,1,1
2020-07-11,"Central Virginia","Native American",0,0,0
2020-07-11,"Central Virginia","Not Reported",342,4,1
2020-07-11,"Central Virginia","Other Race",1,0,0
2020-07-11,"Central Virginia","Two or more races",0,0,0
2020-07-11,"Central Virginia",White,96,9,3
2020-07-11,Chesapeake,"Asian or Pacific Islander",25,5,2
2020-07-11,Chesapeake,Black,464,80,6
2020-07-11,Chesapeake,Latino,139,15,2
2020-07-11,Chesapeake,"Native American",8,0,0
2020-07-11,Chesapeake,"Not Reported",187,2,0
2020-07-11,Chesapeake,"Other Race",13,1,0
2020-07-11,Chesapeake,"Two or more races",9,1,0
2020-07-11,Chesapeake,White,359,53,12
2020-07-11,Chesterfield,"Asian or Pacific Islander",32,2,0
2020-07-11,Chesterfield,Black,443,61,20
2020-07-11,Chesterfield,Latino,701,38,3
2020-07-11,Chesterfield,"Native American",3,0,0
2020-07-11,Chesterfield,"Not Reported",1502,3,10
2020-07-11,Chesterfield,"Other Race",177,6,0
2020-07-11,Chesterfield,"Two or more races",8,1,0
2020-07-11,Chesterfield,White,550,62,51
2020-07-11,Chickahominy,"Asian or Pacific Islander",5,1,0
2020-07-11,Chickahominy,Black,123,34,10
2020-07-11,Chickahominy,Latino,49,3,0
2020-07-11,Chickahominy,"Native American",1,1,0
2020-07-11,Chickahominy,"Not Reported",197,3,1
2020-07-11,Chickahominy,"Other Race",9,2,0
2020-07-11,Chickahominy,"Two or more races",1,1,0
2020-07-11,Chickahominy,White,322,69,30
2020-07-11,Crater,"Asian or Pacific Islander",5,0,0
2020-07-11,Crater,Black,793,119,29
2020-07-11,Crater,Latino,132,5,2
2020-07-11,Crater,"Native American",3,0,0
2020-07-11,Crater,"Not Reported",405,9,8
2020-07-11,Crater,"Other Race",15,0,0
2020-07-11,Crater,"Two or more races",2,0,0
2020-07-11,Crater,White,336,33,10
2020-07-11,"Cumberland Plateau",Black,12,0,0
2020-07-11,"Cumberland Plateau",Latino,0,0,0
2020-07-11,"Cumberland Plateau","Not Reported",3,0,0
2020-07-11,"Cumberland Plateau","Other Race",0,0,0
2020-07-11,"Cumberland Plateau","Two or more races",2,0,0
2020-07-11,"Cumberland Plateau",White,73,3,0
2020-07-11,"Cumberland Plateau and Lenowisco","Asian or Pacific Islander",1,0,0
2020-07-11,"Cumberland Plateau, Lenowisco, and Mount Rogers","Native American",0,0,0
2020-07-11,"Eastern Shore",Black,794,89,25
2020-07-11,"Eastern Shore",Latino,243,7,3
2020-07-11,"Eastern Shore","Not Reported",84,0,0
2020-07-11,"Eastern Shore","Other Race",13,1,0
2020-07-11,"Eastern Shore","Two or more races",1,1,0
2020-07-11,"Eastern Shore",White,177,15,14
2020-07-11,"Eastern Shore and Three Rivers","Asian or Pacific Islander",8,1,0
2020-07-11,"Eastern Shore and Three Rivers","Native American",1,0,0
2020-07-11,Fairfax,"Asian or Pacific Islander",1148,212,69
2020-07-11,Fairfax,Black,852,177,50
2020-07-11,Fairfax,Latino,7568,800,71
2020-07-11,Fairfax,"Native American",24,1,1
2020-07-11,Fairfax,"Not Reported",2213,72,44
2020-07-11,Fairfax,"Other Race",513,62,11
2020-07-11,Fairfax,"Two or more races",28,4,0
2020-07-11,Fairfax,White,2182,395,266
2020-07-11,Hampton,"Asian or Pacific Islander",5,0,0
2020-07-11,Hampton,Black,206,28,4
2020-07-11,Hampton,Latino,36,3,0
2020-07-11,Hampton,"Native American",0,0,0
2020-07-11,Hampton,"Not Reported",152,0,0
2020-07-11,Hampton,"Other Race",5,2,0
2020-07-11,Hampton,"Two or more races",4,0,0
2020-07-11,Hampton,White,61,7,0
2020-07-11,Henrico,"Asian or Pacific Islander",121,8,3
2020-07-11,Henrico,Black,798,128,75
2020-07-11,Henrico,Latino,591,43,6
2020-07-11,Henrico,"Native American",7,0,0
2020-07-11,Henrico,"Not Reported",562,2,3
2020-07-11,Henrico,"Other Race",70,9,0
2020-07-11,Henrico,"Two or more races",8,0,0
2020-07-11,Henrico,White,665,78,86
2020-07-11,Lenowisco,Black,1,0,0
2020-07-11,Lenowisco,Latino,0,0,0
2020-07-11,Lenowisco,"Not Reported",12,1,1
2020-07-11,Lenowisco,"Other Race",1,0,0
2020-07-11,Lenowisco,"Two or more races",0,0,0
2020-07-11,Lenowisco,White,56,16,3
2020-07-11,"Lord Fairfax","Asian or Pacific Islander",7,0,0
2020-07-11,"Lord Fairfax",Black,77,8,6
2020-07-11,"Lord Fairfax",Latino,573,36,8
2020-07-11,"Lord Fairfax","Native American",2,1,1
2020-07-11,"Lord Fairfax","Not Reported",269,3,5
2020-07-11,"Lord Fairfax","Other Race",56,6,1
2020-07-11,"Lord Fairfax","Two or more races",11,0,0
2020-07-11,"Lord Fairfax",White,1163,135,54
2020-07-11,Loudoun,"Asian or Pacific Islander",182,37,8
2020-07-11,Loudoun,Black,146,19,3
2020-07-11,Loudoun,Latino,1106,131,10
2020-07-11,Loudoun,"Native American",1,0,0
2020-07-11,Loudoun,"Not Reported",2014,2,2
2020-07-11,Loudoun,"Other Race",111,7,1
2020-07-11,Loudoun,"Two or more races",26,0,0
2020-07-11,Loudoun,White,787,93,75
2020-07-11,"Mount Rogers","Asian or Pacific Islander",2,1,0
2020-07-11,"Mount Rogers",Black,29,5,2
2020-07-11,"Mount Rogers",Latino,197,1,0
2020-07-11,"Mount Rogers","Not Reported",47,1,1
2020-07-11,"Mount Rogers","Other Race",3,0,0
2020-07-11,"Mount Rogers","Two or more races",4,0,0
2020-07-11,"Mount Rogers",White,536,70,32
2020-07-11,"New River","Asian or Pacific Islander",6,0,0
2020-07-11,"New River",Black,21,3,0
2020-07-11,"New River",Latino,20,2,0
2020-07-11,"New River","Native American",0,0,0
2020-07-11,"New River","Not Reported",47,0,0
2020-07-11,"New River","Other Race",2,0,0
2020-07-11,"New River","Two or more races",0,0,0
2020-07-11,"New River",White,191,18,6
2020-07-11,Norfolk,"Asian or Pacific Islander",18,1,0
2020-07-11,Norfolk,Black,741,81,10
2020-07-11,Norfolk,Latino,187,18,0
2020-07-11,Norfolk,"Native American",3,0,0
2020-07-11,Norfolk,"Not Reported",301,0,0
2020-07-11,Norfolk,"Other Race",20,1,0
2020-07-11,Norfolk,"Two or more races",1,0,0
2020-07-11,Norfolk,White,177,24,5
2020-07-11,Peninsula,"Asian or Pacific Islander",10,2,1
2020-07-11,Peninsula,Black,305,35,10
2020-07-11,Peninsula,Latino,192,13,0
2020-07-11,Peninsula,"Native American",2,0,0
2020-07-11,Peninsula,"Not Reported",378,1,0
2020-07-11,Peninsula,"Other Race",32,1,0
2020-07-11,Peninsula,"Two or more races",8,2,0
2020-07-11,Peninsula,White,349,75,24
2020-07-11,Piedmont,"Asian or Pacific Islander",4,0,0
2020-07-11,Piedmont,Black,370,50,6
2020-07-11,Piedmont,Latino,60,5,1
2020-07-11,Piedmont,"Native American",1,0,0
2020-07-11,Piedmont,"Not Reported",343,13,2
2020-07-11,Piedmont,"Other Race",6,0,0
2020-07-11,Piedmont,"Two or more races",5,2,0
2020-07-11,Piedmont,White,328,37,9
2020-07-11,Pittsylvania-Danville,"Asian or Pacific Islander",0,0,0
2020-07-11,Pittsylvania-Danville,Black,93,18,1
2020-07-11,Pittsylvania-Danville,Latino,32,2,0
2020-07-11,Pittsylvania-Danville,"Not Reported",47,5,0
2020-07-11,Pittsylvania-Danville,"Other Race",0,0,0
2020-07-11,Pittsylvania-Danville,"Two or more races",0,0,0
2020-07-11,Pittsylvania-Danville,White,100,18,3
2020-07-11,"Pittsylvania-Danville and Southside","Native American",0,0,0
2020-07-11,Portsmouth,"Asian or Pacific Islander",3,2,0
2020-07-11,Portsmouth,Black,339,59,13
2020-07-11,Portsmouth,Latino,38,9,1
2020-07-11,Portsmouth,"Native American",2,0,0
2020-07-11,Portsmouth,"Not Reported",185,2,0
2020-07-11,Portsmouth,"Other Race",13,2,1
2020-07-11,Portsmouth,"Two or more races",2,1,0
2020-07-11,Portsmouth,White,80,11,4
2020-07-11,"Prince William","Asian or Pacific Islander",281,43,13
2020-07-11,"Prince William",Black,689,123,38
2020-07-11,"Prince William",Latino,4295,521,54
2020-07-11,"Prince William","Native American",12,1,0
2020-07-11,"Prince William","Not Reported",3269,19,0
2020-07-11,"Prince William","Other Race",223,10,0
2020-07-11,"Prince William","Two or more races",11,1,0
2020-07-11,"Prince William",White,928,132,76
2020-07-11,Rappahannock,"Asian or Pacific Islander",43,8,1
2020-07-11,Rappahannock,Black,306,47,9
2020-07-11,Rappahannock,Latino,912,93,6
2020-07-11,Rappahannock,"Native American",3,0,0
2020-07-11,Rappahannock,"Not Reported",745,23,0
2020-07-11,Rappahannock,"Other Race",46,4,0
2020-07-11,Rappahannock,"Two or more races",12,1,0
2020-07-11,Rappahannock,White,584,69,29
2020-07-11,"Rappahannock Rapidan","Asian or Pacific Islander",5,1,0
2020-07-11,"Rappahannock Rapidan",Black,82,16,6
2020-07-11,"Rappahannock Rapidan",Latino,648,53,6
2020-07-11,"Rappahannock Rapidan","Native American",0,0,0
2020-07-11,"Rappahannock Rapidan","Not Reported",443,11,2
2020-07-11,"Rappahannock Rapidan","Other Race",23,2,0
2020-07-11,"Rappahannock Rapidan","Two or more races",12,1,0
2020-07-11,"Rappahannock Rapidan",White,353,33,11
2020-07-11,Richmond,"Asian or Pacific Islander",8,3,1
2020-07-11,Richmond,Black,608,132,23
2020-07-11,Richmond,Latino,947,73,5
2020-07-11,Richmond,"Native American",0,0,0
2020-07-11,Richmond,"Not Reported",504,2,0
2020-07-11,Richmond,"Other Race",98,8,2
2020-07-11,Richmond,"Two or more races",1,0,0
2020-07-11,Richmond,White,220,19,4
2020-07-11,Roanoke,"Asian or Pacific Islander",2,0,0
2020-07-11,Roanoke,Black,43,7,2
2020-07-11,Roanoke,Latino,169,1,0
2020-07-11,Roanoke,"Not Reported",240,1,0
2020-07-11,Roanoke,"Other Race",3,0,0
2020-07-11,Roanoke,"Two or more races",1,0,0
2020-07-11,Roanoke,White,99,5,8
2020-07-11,Southside,"Asian or Pacific Islander",1,0,0
2020-07-11,Southside,Black,123,25,9
2020-07-11,Southside,Latino,2,0,0
2020-07-11,Southside,"Not Reported",204,14,7
2020-07-11,Southside,"Other Race",6,0,1
2020-07-11,Southside,"Two or more races",21,0,0
2020-07-11,Southside,White,107,16,14
2020-07-11,"Thomas Jefferson","Asian or Pacific Islander",22,0,1
2020-07-11,"Thomas Jefferson",Black,184,46,8
2020-07-11,"Thomas Jefferson",Latino,386,18,0
2020-07-11,"Thomas Jefferson","Native American",2,0,0
2020-07-11,"Thomas Jefferson","Not Reported",111,0,0
2020-07-11,"Thomas Jefferson","Other Race",38,3,0
2020-07-11,"Thomas Jefferson","Two or more races",9,0,0
2020-07-11,"Thomas Jefferson",White,421,36,20
2020-07-11,"Three Rivers",Black,223,22,6
2020-07-11,"Three Rivers",Latino,112,3,0
2020-07-11,"Three Rivers","Not Reported",178,3,0
2020-07-11,"Three Rivers","Other Race",7,3,0
2020-07-11,"Three Rivers","Two or more races",3,0,0
2020-07-11,"Three Rivers",White,253,26,7
2020-07-11,"Virginia Beach","Asian or Pacific Islander",69,13,1
2020-07-11,"Virginia Beach",Black,489,31,4
2020-07-11,"Virginia Beach",Latino,172,16,2
2020-07-11,"Virginia Beach","Native American",1,0,0
2020-07-11,"Virginia Beach","Not Reported",313,5,3
2020-07-11,"Virginia Beach","Other Race",17,1,0
2020-07-11,"Virginia Beach","Two or more races",20,2,0
2020-07-11,"Virginia Beach",White,678,66,20
2020-07-11,"West Piedmont","Asian or Pacific Islander",11,1,1
2020-07-11,"West Piedmont",Black,115,30,1
2020-07-11,"West Piedmont",Latino,167,8,0
2020-07-11,"West Piedmont","Native American",0,0,0
2020-07-11,"West Piedmont","Not Reported",121,1,1
2020-07-11,"West Piedmont","Other Race",3,1,1
2020-07-11,"West Piedmont","Two or more races",0,0,0
2020-07-11,"West Piedmont",White,199,16,4
2020-07-11,"Western Tidewater","Asian or Pacific Islander",8,1,0
2020-07-11,"Western Tidewater",Black,403,56,29
2020-07-11,"Western Tidewater",Latino,13,1,0
2020-07-11,"Western Tidewater","Native American",1,0,0
2020-07-11,"Western Tidewater","Not Reported",324,2,3
2020-07-11,"Western Tidewater","Other Race",17,0,1
2020-07-11,"Western Tidewater","Two or more races",2,0,0
2020-07-11,"Western Tidewater",White,232,36,31
2020-07-12,Alexandria,"Asian or Pacific Islander",85,8,1
2020-07-12,Alexandria,Black,370,63,13
2020-07-12,Alexandria,Latino,1342,116,8
2020-07-12,Alexandria,"Native American",3,0,0
2020-07-12,Alexandria,"Not Reported",144,6,0
2020-07-12,Alexandria,"Other Race",43,5,2
2020-07-12,Alexandria,"Two or more races",5,1,0
2020-07-12,Alexandria,White,463,50,33
2020-07-12,Alleghany,"Asian or Pacific Islander",4,0,0
2020-07-12,Alleghany,Black,21,2,1
2020-07-12,Alleghany,Latino,72,5,0
2020-07-12,Alleghany,"Not Reported",284,1,0
2020-07-12,Alleghany,"Other Race",4,0,0
2020-07-12,Alleghany,"Two or more races",2,0,0
2020-07-12,Alleghany,White,253,23,14
2020-07-12,"Alleghany and Roanoke","Native American",0,0,0
2020-07-12,Arlington,"Asian or Pacific Islander",125,23,12
2020-07-12,Arlington,Black,227,67,31
2020-07-12,Arlington,Latino,1277,209,23
2020-07-12,Arlington,"Native American",3,0,0
2020-07-12,Arlington,"Not Reported",163,1,0
2020-07-12,Arlington,"Other Race",56,8,3
2020-07-12,Arlington,"Two or more races",17,2,0
2020-07-12,Arlington,White,747,115,65
2020-07-12,"Central Shenandoah","Asian or Pacific Islander",17,2,0
2020-07-12,"Central Shenandoah",Black,100,9,4
2020-07-12,"Central Shenandoah",Latino,798,49,4
2020-07-12,"Central Shenandoah","Native American",1,1,0
2020-07-12,"Central Shenandoah","Not Reported",196,2,1
2020-07-12,"Central Shenandoah","Other Race",34,1,0
2020-07-12,"Central Shenandoah","Two or more races",10,1,0
2020-07-12,"Central Shenandoah",White,1108,113,33
2020-07-12,"Central Virginia","Asian or Pacific Islander",0,0,0
2020-07-12,"Central Virginia",Black,29,2,1
2020-07-12,"Central Virginia",Latino,25,1,1
2020-07-12,"Central Virginia","Native American",0,0,0
2020-07-12,"Central Virginia","Not Reported",354,4,1
2020-07-12,"Central Virginia","Other Race",1,0,0
2020-07-12,"Central Virginia","Two or more races",0,0,0
2020-07-12,"Central Virginia",White,96,9,3
2020-07-12,Chesapeake,"Asian or Pacific Islander",25,5,2
2020-07-12,Chesapeake,Black,482,80,6
2020-07-12,Chesapeake,Latino,140,15,2
2020-07-12,Chesapeake,"Native American",8,0,0
2020-07-12,Chesapeake,"Not Reported",210,2,0
2020-07-12,Chesapeake,"Other Race",14,1,0
2020-07-12,Chesapeake,"Two or more races",9,1,0
2020-07-12,Chesapeake,White,365,53,12
2020-07-12,Chesterfield,"Asian or Pacific Islander",32,2,0
2020-07-12,Chesterfield,Black,445,61,20
2020-07-12,Chesterfield,Latino,705,39,3
2020-07-12,Chesterfield,"Native American",3,0,0
2020-07-12,Chesterfield,"Not Reported",1518,3,10
2020-07-12,Chesterfield,"Other Race",177,6,0
2020-07-12,Chesterfield,"Two or more races",8,1,0
2020-07-12,Chesterfield,White,550,62,51
2020-07-12,Chickahominy,"Asian or Pacific Islander",5,1,0
2020-07-12,Chickahominy,Black,124,34,10
2020-07-12,Chickahominy,Latino,49,3,0
2020-07-12,Chickahominy,"Native American",1,1,0
2020-07-12,Chickahominy,"Not Reported",207,3,1
2020-07-12,Chickahominy,"Other Race",9,2,0
2020-07-12,Chickahominy,"Two or more races",1,1,0
2020-07-12,Chickahominy,White,324,70,30
2020-07-12,Crater,"Asian or Pacific Islander",5,0,0
2020-07-12,Crater,Black,797,119,29
2020-07-12,Crater,Latino,132,5,2
2020-07-12,Crater,"Native American",3,0,0
2020-07-12,Crater,"Not Reported",410,9,8
2020-07-12,Crater,"Other Race",15,0,0
2020-07-12,Crater,"Two or more races",2,0,0
2020-07-12,Crater,White,339,33,10
2020-07-12,"Cumberland Plateau",Black,12,0,0
2020-07-12,"Cumberland Plateau",Latino,0,0,0
2020-07-12,"Cumberland Plateau","Not Reported",2,0,0
2020-07-12,"Cumberland Plateau","Other Race",0,0,0
2020-07-12,"Cumberland Plateau","Two or more races",2,0,0
2020-07-12,"Cumberland Plateau",White,79,5,0
2020-07-12,"Cumberland Plateau and Lenowisco","Asian or Pacific Islander",1,0,0
2020-07-12,"Cumberland Plateau, Lenowisco, and Mount Rogers","Native American",0,0,0
2020-07-12,"Eastern Shore",Black,794,89,25
2020-07-12,"Eastern Shore",Latino,243,7,3
2020-07-12,"Eastern Shore","Not Reported",84,0,0
2020-07-12,"Eastern Shore","Other Race",13,1,0
2020-07-12,"Eastern Shore","Two or more races",1,1,0
2020-07-12,"Eastern Shore",White,177,15,14
2020-07-12,"Eastern Shore and Three Rivers","Asian or Pacific Islander",8,1,0
2020-07-12,"Eastern Shore and Three Rivers","Native American",1,0,0
2020-07-12,Fairfax,"Asian or Pacific Islander",1155,212,69
2020-07-12,Fairfax,Black,860,177,50
2020-07-12,Fairfax,Latino,7608,803,71
2020-07-12,Fairfax,"Native American",24,1,1
2020-07-12,Fairfax,"Not Reported",2215,73,46
2020-07-12,Fairfax,"Other Race",517,62,11
2020-07-12,Fairfax,"Two or more races",28,4,0
2020-07-12,Fairfax,White,2200,396,266
2020-07-12,Hampton,"Asian or Pacific Islander",5,0,0
2020-07-12,Hampton,Black,211,28,4
2020-07-12,Hampton,Latino,36,3,0
2020-07-12,Hampton,"Native American",0,0,0
2020-07-12,Hampton,"Not Reported",165,0,0
2020-07-12,Hampton,"Other Race",5,2,0
2020-07-12,Hampton,"Two or more races",4,0,0
2020-07-12,Hampton,White,62,7,0
2020-07-12,Henrico,"Asian or Pacific Islander",121,8,3
2020-07-12,Henrico,Black,808,128,75
2020-07-12,Henrico,Latino,599,43,6
2020-07-12,Henrico,"Native American",7,0,0
2020-07-12,Henrico,"Not Reported",580,2,3
2020-07-12,Henrico,"Other Race",70,9,0
2020-07-12,Henrico,"Two or more races",8,0,0
2020-07-12,Henrico,White,667,79,86
2020-07-12,Lenowisco,Black,1,0,0
2020-07-12,Lenowisco,Latino,1,0,0
2020-07-12,Lenowisco,"Not Reported",12,1,1
2020-07-12,Lenowisco,"Other Race",1,0,0
2020-07-12,Lenowisco,"Two or more races",0,0,0
2020-07-12,Lenowisco,White,63,16,3
2020-07-12,"Lord Fairfax","Asian or Pacific Islander",7,0,0
2020-07-12,"Lord Fairfax",Black,78,8,6
2020-07-12,"Lord Fairfax",Latino,586,36,8
2020-07-12,"Lord Fairfax","Native American",2,1,1
2020-07-12,"Lord Fairfax","Not Reported",272,3,5
2020-07-12,"Lord Fairfax","Other Race",58,6,1
2020-07-12,"Lord Fairfax","Two or more races",11,0,0
2020-07-12,"Lord Fairfax",White,1173,135,54
2020-07-12,Loudoun,"Asian or Pacific Islander",183,37,8
2020-07-12,Loudoun,Black,147,19,3
2020-07-12,Loudoun,Latino,1111,131,10
2020-07-12,Loudoun,"Native American",1,0,0
2020-07-12,Loudoun,"Not Reported",2033,2,2
2020-07-12,Loudoun,"Other Race",113,7,1
2020-07-12,Loudoun,"Two or more races",26,0,0
2020-07-12,Loudoun,White,793,93,75
2020-07-12,"Mount Rogers","Asian or Pacific Islander",2,1,0
2020-07-12,"Mount Rogers",Black,29,5,2
2020-07-12,"Mount Rogers",Latino,200,1,0
2020-07-12,"Mount Rogers","Not Reported",48,1,1
2020-07-12,"Mount Rogers","Other Race",3,0,0
2020-07-12,"Mount Rogers","Two or more races",4,0,0
2020-07-12,"Mount Rogers",White,548,71,32
2020-07-12,"New River","Asian or Pacific Islander",6,0,0
2020-07-12,"New River",Black,21,3,0
2020-07-12,"New River",Latino,20,2,0
2020-07-12,"New River","Native American",0,0,0
2020-07-12,"New River","Not Reported",47,0,0
2020-07-12,"New River","Other Race",2,0,0
2020-07-12,"New River","Two or more races",0,0,0
2020-07-12,"New River",White,200,18,6
2020-07-12,Norfolk,"Asian or Pacific Islander",18,1,0
2020-07-12,Norfolk,Black,770,83,10
2020-07-12,Norfolk,Latino,187,18,0
2020-07-12,Norfolk,"Native American",3,0,0
2020-07-12,Norfolk,"Not Reported",368,0,0
2020-07-12,Norfolk,"Other Race",20,1,0
2020-07-12,Norfolk,"Two or more races",1,0,0
2020-07-12,Norfolk,White,181,25,6
2020-07-12,Peninsula,"Asian or Pacific Islander",10,2,1
2020-07-12,Peninsula,Black,313,35,10
2020-07-12,Peninsula,Latino,192,13,0
2020-07-12,Peninsula,"Native American",2,0,0
2020-07-12,Peninsula,"Not Reported",409,1,0
2020-07-12,Peninsula,"Other Race",33,1,0
2020-07-12,Peninsula,"Two or more races",8,2,0
2020-07-12,Peninsula,White,351,75,24
2020-07-12,Piedmont,"Asian or Pacific Islander",4,0,0
2020-07-12,Piedmont,Black,370,50,6
2020-07-12,Piedmont,Latino,60,5,1
2020-07-12,Piedmont,"Native American",1,0,0
2020-07-12,Piedmont,"Not Reported",345,13,2
2020-07-12,Piedmont,"Other Race",6,0,0
2020-07-12,Piedmont,"Two or more races",5,2,0
2020-07-12,Piedmont,White,329,37,9
2020-07-12,Pittsylvania-Danville,"Asian or Pacific Islander",0,0,0
2020-07-12,Pittsylvania-Danville,Black,105,20,1
2020-07-12,Pittsylvania-Danville,Latino,34,2,0
2020-07-12,Pittsylvania-Danville,"Not Reported",63,5,0
2020-07-12,Pittsylvania-Danville,"Other Race",0,0,0
2020-07-12,Pittsylvania-Danville,"Two or more races",0,0,0
2020-07-12,Pittsylvania-Danville,White,104,19,3
2020-07-12,"Pittsylvania-Danville and Southside","Native American",0,0,0
2020-07-12,Portsmouth,"Asian or Pacific Islander",3,2,0
2020-07-12,Portsmouth,Black,349,59,13
2020-07-12,Portsmouth,Latino,38,9,1
2020-07-12,Portsmouth,"Native American",2,0,0
2020-07-12,Portsmouth,"Not Reported",196,2,0
2020-07-12,Portsmouth,"Other Race",14,2,1
2020-07-12,Portsmouth,"Two or more races",2,1,0
2020-07-12,Portsmouth,White,82,11,4
2020-07-12,"Prince William","Asian or Pacific Islander",284,43,13
2020-07-12,"Prince William",Black,692,124,38
2020-07-12,"Prince William",Latino,4322,529,54
2020-07-12,"Prince William","Native American",12,1,0
2020-07-12,"Prince William","Not Reported",3276,19,0
2020-07-12,"Prince William","Other Race",223,10,0
2020-07-12,"Prince William","Two or more races",11,1,0
2020-07-12,"Prince William",White,932,132,77
2020-07-12,Rappahannock,"Asian or Pacific Islander",43,8,1
2020-07-12,Rappahannock,Black,308,47,9
2020-07-12,Rappahannock,Latino,916,93,6
2020-07-12,Rappahannock,"Native American",3,0,0
2020-07-12,Rappahannock,"Not Reported",752,23,0
2020-07-12,Rappahannock,"Other Race",47,4,0
2020-07-12,Rappahannock,"Two or more races",12,1,0
2020-07-12,Rappahannock,White,585,69,29
2020-07-12,"Rappahannock Rapidan","Asian or Pacific Islander",5,1,0
2020-07-12,"Rappahannock Rapidan",Black,82,17,6
2020-07-12,"Rappahannock Rapidan",Latino,649,53,6
2020-07-12,"Rappahannock Rapidan","Native American",0,0,0
2020-07-12,"Rappahannock Rapidan","Not Reported",443,11,2
2020-07-12,"Rappahannock Rapidan","Other Race",23,2,0
2020-07-12,"Rappahannock Rapidan","Two or more races",13,1,0
2020-07-12,"Rappahannock Rapidan",White,369,33,11
2020-07-12,Richmond,"Asian or Pacific Islander",8,3,1
2020-07-12,Richmond,Black,616,132,23
2020-07-12,Richmond,Latino,954,73,5
2020-07-12,Richmond,"Native American",0,0,0
2020-07-12,Richmond,"Not Reported",515,2,0
2020-07-12,Richmond,"Other Race",99,8,2
2020-07-12,Richmond,"Two or more races",1,0,0
2020-07-12,Richmond,White,222,19,4
2020-07-12,Roanoke,"Asian or Pacific Islander",2,0,0
2020-07-12,Roanoke,Black,43,7,2
2020-07-12,Roanoke,Latino,179,2,0
2020-07-12,Roanoke,"Not Reported",254,1,0
2020-07-12,Roanoke,"Other Race",3,0,0
2020-07-12,Roanoke,"Two or more races",1,0,0
2020-07-12,Roanoke,White,100,5,8
2020-07-12,Southside,"Asian or Pacific Islander",1,0,0
2020-07-12,Southside,Black,126,27,9
2020-07-12,Southside,Latino,2,0,0
2020-07-12,Southside,"Not Reported",205,14,7
2020-07-12,Southside,"Other Race",6,0,1
2020-07-12,Southside,"Two or more races",21,0,0
2020-07-12,Southside,White,109,16,14
2020-07-12,"Thomas Jefferson","Asian or Pacific Islander",22,0,1
2020-07-12,"Thomas Jefferson",Black,190,47,8
2020-07-12,"Thomas Jefferson",Latino,399,18,0
2020-07-12,"Thomas Jefferson","Native American",2,0,0
2020-07-12,"Thomas Jefferson","Not Reported",111,0,0
2020-07-12,"Thomas Jefferson","Other Race",39,3,0
2020-07-12,"Thomas Jefferson","Two or more races",11,0,0
2020-07-12,"Thomas Jefferson",White,434,36,20
2020-07-12,"Three Rivers",Black,224,22,6
2020-07-12,"Three Rivers",Latino,113,3,0
2020-07-12,"Three Rivers","Not Reported",176,3,0
2020-07-12,"Three Rivers","Other Race",7,3,0
2020-07-12,"Three Rivers","Two or more races",3,0,0
2020-07-12,"Three Rivers",White,254,26,7
2020-07-12,"Virginia Beach","Asian or Pacific Islander",70,13,1
2020-07-12,"Virginia Beach",Black,502,36,4
2020-07-12,"Virginia Beach",Latino,174,16,2
2020-07-12,"Virginia Beach","Native American",1,0,0
2020-07-12,"Virginia Beach","Not Reported",345,5,3
2020-07-12,"Virginia Beach","Other Race",19,1,0
2020-07-12,"Virginia Beach","Two or more races",20,2,0
2020-07-12,"Virginia Beach",White,690,66,20
2020-07-12,"West Piedmont","Asian or Pacific Islander",11,1,1
2020-07-12,"West Piedmont",Black,115,30,1
2020-07-12,"West Piedmont",Latino,167,8,0
2020-07-12,"West Piedmont","Native American",0,0,0
2020-07-12,"West Piedmont","Not Reported",121,1,1
2020-07-12,"West Piedmont","Other Race",3,1,1
2020-07-12,"West Piedmont","Two or more races",0,0,0
2020-07-12,"West Piedmont",White,199,16,4
2020-07-12,"Western Tidewater","Asian or Pacific Islander",8,1,0
2020-07-12,"Western Tidewater",Black,412,56,29
2020-07-12,"Western Tidewater",Latino,13,1,0
2020-07-12,"Western Tidewater","Native American",1,0,0
2020-07-12,"Western Tidewater","Not Reported",344,2,3
2020-07-12,"Western Tidewater","Other Race",17,0,1
2020-07-12,"Western Tidewater","Two or more races",2,0,0
2020-07-12,"Western Tidewater",White,237,36,31
2020-07-13,Alexandria,"Asian or Pacific Islander",85,8,1
2020-07-13,Alexandria,Black,370,63,13
2020-07-13,Alexandria,Latino,1344,116,8
2020-07-13,Alexandria,"Native American",2,0,0
2020-07-13,Alexandria,"Not Reported",143,6,0
2020-07-13,Alexandria,"Other Race",43,5,2
2020-07-13,Alexandria,"Two or more races",5,1,0
2020-07-13,Alexandria,White,464,50,33
2020-07-13,Alleghany,"Asian or Pacific Islander",4,0,0
2020-07-13,Alleghany,Black,22,2,1
2020-07-13,Alleghany,Latino,72,5,0
2020-07-13,Alleghany,"Not Reported",289,1,0
2020-07-13,Alleghany,"Other Race",4,0,0
2020-07-13,Alleghany,"Two or more races",2,0,0
2020-07-13,Alleghany,White,253,23,14
2020-07-13,"Alleghany and Roanoke","Native American",0,0,0
2020-07-13,Arlington,"Asian or Pacific Islander",126,22,12
2020-07-13,Arlington,Black,229,68,31
2020-07-13,Arlington,Latino,1277,207,23
2020-07-13,Arlington,"Native American",3,0,0
2020-07-13,Arlington,"Not Reported",168,1,0
2020-07-13,Arlington,"Other Race",57,8,3
2020-07-13,Arlington,"Two or more races",17,2,0
2020-07-13,Arlington,White,749,114,65
2020-07-13,"Central Shenandoah","Asian or Pacific Islander",17,2,0
2020-07-13,"Central Shenandoah",Black,101,9,4
2020-07-13,"Central Shenandoah",Latino,811,49,4
2020-07-13,"Central Shenandoah","Native American",1,1,0
2020-07-13,"Central Shenandoah","Not Reported",202,4,1
2020-07-13,"Central Shenandoah","Other Race",34,1,0
2020-07-13,"Central Shenandoah","Two or more races",10,1,0
2020-07-13,"Central Shenandoah",White,1124,113,33
2020-07-13,"Central Virginia","Asian or Pacific Islander",0,0,0
2020-07-13,"Central Virginia",Black,29,2,1
2020-07-13,"Central Virginia",Latino,25,1,1
2020-07-13,"Central Virginia","Native American",0,0,0
2020-07-13,"Central Virginia","Not Reported",364,4,1
2020-07-13,"Central Virginia","Other Race",1,0,0
2020-07-13,"Central Virginia","Two or more races",0,0,0
2020-07-13,"Central Virginia",White,96,9,3
2020-07-13,Chesapeake,"Asian or Pacific Islander",26,5,2
2020-07-13,Chesapeake,Black,502,80,6
2020-07-13,Chesapeake,Latino,140,15,2
2020-07-13,Chesapeake,"Native American",8,0,0
2020-07-13,Chesapeake,"Not Reported",252,2,0
2020-07-13,Chesapeake,"Other Race",16,1,0
2020-07-13,Chesapeake,"Two or more races",9,1,0
2020-07-13,Chesapeake,White,373,53,12
2020-07-13,Chesterfield,"Asian or Pacific Islander",32,2,0
2020-07-13,Chesterfield,Black,444,61,20
2020-07-13,Chesterfield,Latino,716,39,3
2020-07-13,Chesterfield,"Native American",3,0,0
2020-07-13,Chesterfield,"Not Reported",1536,3,10
2020-07-13,Chesterfield,"Other Race",177,6,0
2020-07-13,Chesterfield,"Two or more races",8,1,0
2020-07-13,Chesterfield,White,550,62,51
2020-07-13,Chickahominy,"Asian or Pacific Islander",5,1,0
2020-07-13,Chickahominy,Black,125,34,10
2020-07-13,Chickahominy,Latino,49,3,0
2020-07-13,Chickahominy,"Native American",1,1,0
2020-07-13,Chickahominy,"Not Reported",209,3,1
2020-07-13,Chickahominy,"Other Race",9,2,0
2020-07-13,Chickahominy,"Two or more races",1,1,0
2020-07-13,Chickahominy,White,330,70,30
2020-07-13,Crater,"Asian or Pacific Islander",5,0,0
2020-07-13,Crater,Black,802,120,29
2020-07-13,Crater,Latino,134,5,2
2020-07-13,Crater,"Native American",3,0,0
2020-07-13,Crater,"Not Reported",422,9,8
2020-07-13,Crater,"Other Race",15,0,0
2020-07-13,Crater,"Two or more races",2,0,0
2020-07-13,Crater,White,342,34,10
2020-07-13,"Cumberland Plateau",Black,12,0,0
2020-07-13,"Cumberland Plateau",Latino,0,0,0
2020-07-13,"Cumberland Plateau","Not Reported",2,0,0
2020-07-13,"Cumberland Plateau","Other Race",0,0,0
2020-07-13,"Cumberland Plateau","Two or more races",2,0,0
2020-07-13,"Cumberland Plateau",White,84,5,0
2020-07-13,"Cumberland Plateau and Lenowisco","Asian or Pacific Islander",1,0,0
2020-07-13,"Cumberland Plateau, Lenowisco, and Mount Rogers","Native American",0,0,0
2020-07-13,"Eastern Shore",Black,794,89,25
2020-07-13,"Eastern Shore",Latino,243,7,3
2020-07-13,"Eastern Shore","Not Reported",84,0,0
2020-07-13,"Eastern Shore","Other Race",13,1,0
2020-07-13,"Eastern Shore","Two or more races",1,1,0
2020-07-13,"Eastern Shore",White,176,15,14
2020-07-13,"Eastern Shore and Three Rivers","Asian or Pacific Islander",8,1,0
2020-07-13,"Eastern Shore and Three Rivers","Native American",1,0,0
2020-07-13,Fairfax,"Asian or Pacific Islander",1158,212,69
2020-07-13,Fairfax,Black,866,177,50
2020-07-13,Fairfax,Latino,7626,804,71
2020-07-13,Fairfax,"Native American",24,1,1
2020-07-13,Fairfax,"Not Reported",2239,73,46
2020-07-13,Fairfax,"Other Race",525,62,11
2020-07-13,Fairfax,"Two or more races",28,4,0
2020-07-13,Fairfax,White,2216,396,266
2020-07-13,Hampton,"Asian or Pacific Islander",5,0,0
2020-07-13,Hampton,Black,226,28,4
2020-07-13,Hampton,Latino,36,3,0
2020-07-13,Hampton,"Native American",0,0,0
2020-07-13,Hampton,"Not Reported",204,0,0
2020-07-13,Hampton,"Other Race",5,2,0
2020-07-13,Hampton,"Two or more races",4,0,0
2020-07-13,Hampton,White,64,7,0
2020-07-13,Henrico,"Asian or Pacific Islander",122,8,3
2020-07-13,Henrico,Black,813,129,75
2020-07-13,Henrico,Latino,602,43,6
2020-07-13,Henrico,"Native American",7,0,0
2020-07-13,Henrico,"Not Reported",600,2,3
2020-07-13,Henrico,"Other Race",70,9,0
2020-07-13,Henrico,"Two or more races",8,0,0
2020-07-13,Henrico,White,669,79,86
2020-07-13,Lenowisco,Black,1,0,0
2020-07-13,Lenowisco,Latino,1,0,0
2020-07-13,Lenowisco,"Not Reported",12,1,1
2020-07-13,Lenowisco,"Other Race",1,0,0
2020-07-13,Lenowisco,"Two or more races",0,0,0
2020-07-13,Lenowisco,White,65,16,3
2020-07-13,"Lord Fairfax","Asian or Pacific Islander",7,0,0
2020-07-13,"Lord Fairfax",Black,79,8,6
2020-07-13,"Lord Fairfax",Latino,586,36,8
2020-07-13,"Lord Fairfax","Native American",2,1,1
2020-07-13,"Lord Fairfax","Not Reported",273,3,5
2020-07-13,"Lord Fairfax","Other Race",58,6,1
2020-07-13,"Lord Fairfax","Two or more races",11,0,0
2020-07-13,"Lord Fairfax",White,1184,136,54
2020-07-13,Loudoun,"Asian or Pacific Islander",183,37,8
2020-07-13,Loudoun,Black,147,19,3
2020-07-13,Loudoun,Latino,1112,131,10
2020-07-13,Loudoun,"Native American",1,0,0
2020-07-13,Loudoun,"Not Reported",2055,2,2
2020-07-13,Loudoun,"Other Race",115,7,1
2020-07-13,Loudoun,"Two or more races",26,0,0
2020-07-13,Loudoun,White,792,93,75
2020-07-13,"Mount Rogers","Asian or Pacific Islander",2,1,0
2020-07-13,"Mount Rogers",Black,29,5,2
2020-07-13,"Mount Rogers",Latino,203,1,0
2020-07-13,"Mount Rogers","Not Reported",49,2,1
2020-07-13,"Mount Rogers","Other Race",3,0,0
2020-07-13,"Mount Rogers","Two or more races",4,0,0
2020-07-13,"Mount Rogers",White,550,71,32
2020-07-13,"New River","Asian or Pacific Islander",6,0,0
2020-07-13,"New River",Black,21,3,0
2020-07-13,"New River",Latino,21,2,0
2020-07-13,"New River","Native American",0,0,0
2020-07-13,"New River","Not Reported",47,0,0
2020-07-13,"New River","Other Race",2,0,0
2020-07-13,"New River","Two or more races",0,0,0
2020-07-13,"New River",White,212,18,6
2020-07-13,Norfolk,"Asian or Pacific Islander",19,1,0
2020-07-13,Norfolk,Black,787,84,10
2020-07-13,Norfolk,Latino,190,18,0
2020-07-13,Norfolk,"Native American",3,0,0
2020-07-13,Norfolk,"Not Reported",386,0,0
2020-07-13,Norfolk,"Other Race",20,1,0
2020-07-13,Norfolk,"Two or more races",1,0,0
2020-07-13,Norfolk,White,182,25,6
2020-07-13,Peninsula,"Asian or Pacific Islander",11,3,1
2020-07-13,Peninsula,Black,334,36,10
2020-07-13,Peninsula,Latino,195,13,0
2020-07-13,Peninsula,"Native American",2,0,0
2020-07-13,Peninsula,"Not Reported",499,1,0
2020-07-13,Peninsula,"Other Race",36,1,0
2020-07-13,Peninsula,"Two or more races",8,2,0
2020-07-13,Peninsula,White,363,75,24
2020-07-13,Piedmont,"Asian or Pacific Islander",4,0,0
2020-07-13,Piedmont,Black,372,50,6
2020-07-13,Piedmont,Latino,60,5,1
2020-07-13,Piedmont,"Native American",1,0,0
2020-07-13,Piedmont,"Not Reported",350,13,2
2020-07-13,Piedmont,"Other Race",6,0,0
2020-07-13,Piedmont,"Two or more races",4,2,0
2020-07-13,Piedmont,White,329,37,9
2020-07-13,Pittsylvania-Danville,"Asian or Pacific Islander",0,0,0
2020-07-13,Pittsylvania-Danville,Black,112,20,1
2020-07-13,Pittsylvania-Danville,Latino,35,2,0
2020-07-13,Pittsylvania-Danville,"Not Reported",60,5,0
2020-07-13,Pittsylvania-Danville,"Other Race",0,0,0
2020-07-13,Pittsylvania-Danville,"Two or more races",0,0,0
2020-07-13,Pittsylvania-Danville,White,104,19,3
2020-07-13,"Pittsylvania-Danville and Southside","Native American",0,0,0
2020-07-13,Portsmouth,"Asian or Pacific Islander",3,2,0
2020-07-13,Portsmouth,Black,361,59,13
2020-07-13,Portsmouth,Latino,41,9,1
2020-07-13,Portsmouth,"Native American",2,0,0
2020-07-13,Portsmouth,"Not Reported",206,2,0
2020-07-13,Portsmouth,"Other Race",15,2,1
2020-07-13,Portsmouth,"Two or more races",2,1,0
2020-07-13,Portsmouth,White,84,11,4
2020-07-13,"Prince William","Asian or Pacific Islander",284,43,13
2020-07-13,"Prince William",Black,696,124,38
2020-07-13,"Prince William",Latino,4332,529,54
2020-07-13,"Prince William","Native American",12,1,0
2020-07-13,"Prince William","Not Reported",3309,19,0
2020-07-13,"Prince William","Other Race",225,10,0
2020-07-13,"Prince William","Two or more races",11,1,0
2020-07-13,"Prince William",White,933,132,77
2020-07-13,Rappahannock,"Asian or Pacific Islander",43,8,1
2020-07-13,Rappahannock,Black,311,48,9
2020-07-13,Rappahannock,Latino,918,94,6
2020-07-13,Rappahannock,"Native American",3,0,0
2020-07-13,Rappahannock,"Not Reported",757,23,0
2020-07-13,Rappahannock,"Other Race",48,4,0
2020-07-13,Rappahannock,"Two or more races",12,1,0
2020-07-13,Rappahannock,White,588,70,29
2020-07-13,"Rappahannock Rapidan","Asian or Pacific Islander",5,1,0
2020-07-13,"Rappahannock Rapidan",Black,84,18,6
2020-07-13,"Rappahannock Rapidan",Latino,656,54,6
2020-07-13,"Rappahannock Rapidan","Native American",0,0,0
2020-07-13,"Rappahannock Rapidan","Not Reported",441,11,2
2020-07-13,"Rappahannock Rapidan","Other Race",23,2,0
2020-07-13,"Rappahannock Rapidan","Two or more races",13,1,0
2020-07-13,"Rappahannock Rapidan",White,373,33,11
2020-07-13,Richmond,"Asian or Pacific Islander",8,3,1
2020-07-13,Richmond,Black,619,132,23
2020-07-13,Richmond,Latino,959,74,5
2020-07-13,Richmond,"Native American",0,0,0
2020-07-13,Richmond,"Not Reported",524,2,0
2020-07-13,Richmond,"Other Race",98,8,2
2020-07-13,Richmond,"Two or more races",1,0,0
2020-07-13,Richmond,White,223,19,4
2020-07-13,Roanoke,"Asian or Pacific Islander",2,0,0
2020-07-13,Roanoke,Black,44,7,2
2020-07-13,Roanoke,Latino,180,2,0
2020-07-13,Roanoke,"Not Reported",257,1,0
2020-07-13,Roanoke,"Other Race",4,0,0
2020-07-13,Roanoke,"Two or more races",1,0,0
2020-07-13,Roanoke,White,100,5,8
2020-07-13,Southside,"Asian or Pacific Islander",1,0,0
2020-07-13,Southside,Black,132,27,9
2020-07-13,Southside,Latino,2,0,0
2020-07-13,Southside,"Not Reported",214,14,7
2020-07-13,Southside,"Other Race",6,0,1
2020-07-13,Southside,"Two or more races",21,0,0
2020-07-13,Southside,White,111,16,14
2020-07-13,"Thomas Jefferson","Asian or Pacific Islander",22,0,1
2020-07-13,"Thomas Jefferson",Black,199,49,8
2020-07-13,"Thomas Jefferson",Latino,403,18,0
2020-07-13,"Thomas Jefferson","Native American",2,0,0
2020-07-13,"Thomas Jefferson","Not Reported",112,0,0
2020-07-13,"Thomas Jefferson","Other Race",40,3,0
2020-07-13,"Thomas Jefferson","Two or more races",11,0,0
2020-07-13,"Thomas Jefferson",White,447,36,20
2020-07-13,"Three Rivers",Black,224,22,6
2020-07-13,"Three Rivers",Latino,113,3,0
2020-07-13,"Three Rivers","Not Reported",184,3,0
2020-07-13,"Three Rivers","Other Race",7,3,0
2020-07-13,"Three Rivers","Two or more races",3,0,0
2020-07-13,"Three Rivers",White,263,27,7
2020-07-13,"Virginia Beach","Asian or Pacific Islander",73,13,1
2020-07-13,"Virginia Beach",Black,555,37,5
2020-07-13,"Virginia Beach",Latino,178,16,3
2020-07-13,"Virginia Beach","Native American",1,0,0
2020-07-13,"Virginia Beach","Not Reported",400,5,3
2020-07-13,"Virginia Beach","Other Race",21,1,0
2020-07-13,"Virginia Beach","Two or more races",20,2,0
2020-07-13,"Virginia Beach",White,730,66,20
2020-07-13,"West Piedmont","Asian or Pacific Islander",11,1,1
2020-07-13,"West Piedmont",Black,115,30,1
2020-07-13,"West Piedmont",Latino,167,8,0
2020-07-13,"West Piedmont","Native American",0,0,0
2020-07-13,"West Piedmont","Not Reported",121,1,1
2020-07-13,"West Piedmont","Other Race",3,1,1
2020-07-13,"West Piedmont","Two or more races",0,0,0
2020-07-13,"West Piedmont",White,199,16,4
2020-07-13,"Western Tidewater","Asian or Pacific Islander",8,1,0
2020-07-13,"Western Tidewater",Black,426,56,29
2020-07-13,"Western Tidewater",Latino,13,1,0
2020-07-13,"Western Tidewater","Native American",1,0,0
2020-07-13,"Western Tidewater","Not Reported",351,3,2
2020-07-13,"Western Tidewater","Other Race",17,0,1
2020-07-13,"Western Tidewater","Two or more races",2,0,0
2020-07-13,"Western Tidewater",White,242,38,32
2020-07-14,Alexandria,"Asian or Pacific Islander",85,8,1
2020-07-14,Alexandria,Black,374,64,13
2020-07-14,Alexandria,Latino,1344,116,8
2020-07-14,Alexandria,"Native American",2,0,0
2020-07-14,Alexandria,"Not Reported",146,6,0
2020-07-14,Alexandria,"Other Race",43,5,2
2020-07-14,Alexandria,"Two or more races",5,1,0
2020-07-14,Alexandria,White,466,50,33
2020-07-14,Alleghany,"Asian or Pacific Islander",4,0,0
2020-07-14,Alleghany,Black,22,2,1
2020-07-14,Alleghany,Latino,77,5,0
2020-07-14,Alleghany,"Not Reported",304,1,0
2020-07-14,Alleghany,"Other Race",4,0,0
2020-07-14,Alleghany,"Two or more races",2,0,0
2020-07-14,Alleghany,White,255,24,14
2020-07-14,"Alleghany and Roanoke","Native American",0,0,0
2020-07-14,Arlington,"Asian or Pacific Islander",127,22,12
2020-07-14,Arlington,Black,231,68,31
2020-07-14,Arlington,Latino,1280,207,23
2020-07-14,Arlington,"Native American",3,0,0
2020-07-14,Arlington,"Not Reported",181,1,0
2020-07-14,Arlington,"Other Race",57,8,3
2020-07-14,Arlington,"Two or more races",17,2,0
2020-07-14,Arlington,White,764,114,65
2020-07-14,"Central Shenandoah","Asian or Pacific Islander",17,2,0
2020-07-14,"Central Shenandoah",Black,101,9,4
2020-07-14,"Central Shenandoah",Latino,812,49,4
2020-07-14,"Central Shenandoah","Native American",2,1,0
2020-07-14,"Central Shenandoah","Not Reported",202,4,1
2020-07-14,"Central Shenandoah","Other Race",34,1,0
2020-07-14,"Central Shenandoah","Two or more races",10,1,0
2020-07-14,"Central Shenandoah",White,1132,115,36
2020-07-14,"Central Virginia","Asian or Pacific Islander",0,0,0
2020-07-14,"Central Virginia",Black,28,2,1
2020-07-14,"Central Virginia",Latino,25,1,1
2020-07-14,"Central Virginia","Native American",0,0,0
2020-07-14,"Central Virginia","Not Reported",371,4,1
2020-07-14,"Central Virginia","Other Race",1,0,0
2020-07-14,"Central Virginia","Two or more races",0,0,0
2020-07-14,"Central Virginia",White,96,9,3
2020-07-14,Chesapeake,"Asian or Pacific Islander",26,5,2
2020-07-14,Chesapeake,Black,522,82,7
2020-07-14,Chesapeake,Latino,143,15,2
2020-07-14,Chesapeake,"Native American",8,0,0
2020-07-14,Chesapeake,"Not Reported",269,2,0
2020-07-14,Chesapeake,"Other Race",17,1,0
2020-07-14,Chesapeake,"Two or more races",10,1,0
2020-07-14,Chesapeake,White,384,53,12
2020-07-14,Chesterfield,"Asian or Pacific Islander",32,2,0
2020-07-14,Chesterfield,Black,450,62,21
2020-07-14,Chesterfield,Latino,726,39,3
2020-07-14,Chesterfield,"Native American",3,0,0
2020-07-14,Chesterfield,"Not Reported",1583,3,10
2020-07-14,Chesterfield,"Other Race",179,6,0
2020-07-14,Chesterfield,"Two or more races",8,1,0
2020-07-14,Chesterfield,White,555,63,52
2020-07-14,Chickahominy,"Asian or Pacific Islander",5,1,0
2020-07-14,Chickahominy,Black,127,34,10
2020-07-14,Chickahominy,Latino,50,3,0
2020-07-14,Chickahominy,"Native American",1,1,0
2020-07-14,Chickahominy,"Not Reported",203,2,1
2020-07-14,Chickahominy,"Other Race",9,2,0
2020-07-14,Chickahominy,"Two or more races",1,1,0
2020-07-14,Chickahominy,White,338,71,30
2020-07-14,Crater,"Asian or Pacific Islander",5,0,0
2020-07-14,Crater,Black,811,122,29
2020-07-14,Crater,Latino,136,5,2
2020-07-14,Crater,"Native American",3,0,0
2020-07-14,Crater,"Not Reported",421,9,8
2020-07-14,Crater,"Other Race",16,0,0
2020-07-14,Crater,"Two or more races",2,0,0
2020-07-14,Crater,White,344,34,10
2020-07-14,"Cumberland Plateau",Black,13,0,0
2020-07-14,"Cumberland Plateau",Latino,0,0,0
2020-07-14,"Cumberland Plateau","Not Reported",4,0,0
2020-07-14,"Cumberland Plateau","Other Race",0,0,0
2020-07-14,"Cumberland Plateau","Two or more races",2,0,0
2020-07-14,"Cumberland Plateau",White,91,6,0
2020-07-14,"Cumberland Plateau and Lenowisco","Asian or Pacific Islander",1,0,0
2020-07-14,"Cumberland Plateau, Lenowisco, and Mount Rogers","Native American",0,0,0
2020-07-14,"Eastern Shore",Black,795,89,25
2020-07-14,"Eastern Shore",Latino,246,7,3
2020-07-14,"Eastern Shore","Not Reported",84,0,0
2020-07-14,"Eastern Shore","Other Race",13,1,0
2020-07-14,"Eastern Shore","Two or more races",1,1,0
2020-07-14,"Eastern Shore",White,176,15,14
2020-07-14,"Eastern Shore and Three Rivers","Asian or Pacific Islander",8,1,0
2020-07-14,"Eastern Shore and Three Rivers","Native American",2,0,0
2020-07-14,Fairfax,"Asian or Pacific Islander",1162,212,69
2020-07-14,Fairfax,Black,872,178,50
2020-07-14,Fairfax,Latino,7666,812,71
2020-07-14,Fairfax,"Native American",24,1,1
2020-07-14,Fairfax,"Not Reported",2183,72,45
2020-07-14,Fairfax,"Other Race",524,62,11
2020-07-14,Fairfax,"Two or more races",30,4,0
2020-07-14,Fairfax,White,2240,398,267
2020-07-14,Hampton,"Asian or Pacific Islander",5,0,0
2020-07-14,Hampton,Black,233,28,4
2020-07-14,Hampton,Latino,38,4,0
2020-07-14,Hampton,"Native American",0,0,0
2020-07-14,Hampton,"Not Reported",215,0,0
2020-07-14,Hampton,"Other Race",5,2,0
2020-07-14,Hampton,"Two or more races",4,0,0
2020-07-14,Hampton,White,68,8,0
2020-07-14,Henrico,"Asian or Pacific Islander",122,8,3
2020-07-14,Henrico,Black,816,129,75
2020-07-14,Henrico,Latino,603,43,6
2020-07-14,Henrico,"Native American",7,0,0
2020-07-14,Henrico,"Not Reported",626,2,3
2020-07-14,Henrico,"Other Race",70,9,0
2020-07-14,Henrico,"Two or more races",8,0,0
2020-07-14,Henrico,White,673,79,86
2020-07-14,Lenowisco,Black,1,0,0
2020-07-14,Lenowisco,Latino,1,0,0
2020-07-14,Lenowisco,"Not Reported",12,1,1
2020-07-14,Lenowisco,"Other Race",1,0,0
2020-07-14,Lenowisco,"Two or more races",0,0,0
2020-07-14,Lenowisco,White,74,17,3
2020-07-14,"Lord Fairfax","Asian or Pacific Islander",7,0,0
2020-07-14,"Lord Fairfax",Black,81,8,6
2020-07-14,"Lord Fairfax",Latino,590,37,8
2020-07-14,"Lord Fairfax","Native American",2,1,1
2020-07-14,"Lord Fairfax","Not Reported",276,3,5
2020-07-14,"Lord Fairfax","Other Race",56,6,1
2020-07-14,"Lord Fairfax","Two or more races",11,0,0
2020-07-14,"Lord Fairfax",White,1186,136,54
2020-07-14,Loudoun,"Asian or Pacific Islander",187,38,8
2020-07-14,Loudoun,Black,148,20,3
2020-07-14,Loudoun,Latino,1140,134,10
2020-07-14,Loudoun,"Native American",1,0,0
2020-07-14,Loudoun,"Not Reported",2031,1,2
2020-07-14,Loudoun,"Other Race",113,8,1
2020-07-14,Loudoun,"Two or more races",26,0,0
2020-07-14,Loudoun,White,812,95,75
2020-07-14,"Mount Rogers","Asian or Pacific Islander",2,1,0
2020-07-14,"Mount Rogers",Black,29,5,2
2020-07-14,"Mount Rogers",Latino,205,1,0
2020-07-14,"Mount Rogers","Not Reported",49,2,1
2020-07-14,"Mount Rogers","Other Race",3,0,0
2020-07-14,"Mount Rogers","Two or more races",4,0,0
2020-07-14,"Mount Rogers",White,556,73,33
2020-07-14,"New River","Asian or Pacific Islander",6,0,0
2020-07-14,"New River",Black,21,3,0
2020-07-14,"New River",Latino,23,2,0
2020-07-14,"New River","Native American",0,0,0
2020-07-14,"New River","Not Reported",47,0,0
2020-07-14,"New River","Other Race",2,0,0
2020-07-14,"New River","Two or more races",0,0,0
2020-07-14,"New River",White,216,18,6
2020-07-14,Norfolk,"Asian or Pacific Islander",19,1,0
2020-07-14,Norfolk,Black,798,87,10
2020-07-14,Norfolk,Latino,193,18,0
2020-07-14,Norfolk,"Native American",3,0,0
2020-07-14,Norfolk,"Not Reported",389,0,0
2020-07-14,Norfolk,"Other Race",21,1,0
2020-07-14,Norfolk,"Two or more races",1,0,0
2020-07-14,Norfolk,White,182,25,6
2020-07-14,Peninsula,"Asian or Pacific Islander",11,3,1
2020-07-14,Peninsula,Black,350,36,10
2020-07-14,Peninsula,Latino,198,13,0
2020-07-14,Peninsula,"Native American",2,0,0
2020-07-14,Peninsula,"Not Reported",544,1,0
2020-07-14,Peninsula,"Other Race",36,1,0
2020-07-14,Peninsula,"Two or more races",9,2,0
2020-07-14,Peninsula,White,368,75,24
2020-07-14,Piedmont,"Asian or Pacific Islander",4,0,0
2020-07-14,Piedmont,Black,373,50,6
2020-07-14,Piedmont,Latino,61,6,1
2020-07-14,Piedmont,"Native American",1,0,0
2020-07-14,Piedmont,"Not Reported",354,13,2
2020-07-14,Piedmont,"Other Race",6,0,0
2020-07-14,Piedmont,"Two or more races",4,2,0
2020-07-14,Piedmont,White,330,38,9
2020-07-14,Pittsylvania-Danville,"Asian or Pacific Islander",0,0,0
2020-07-14,Pittsylvania-Danville,Black,113,20,1
2020-07-14,Pittsylvania-Danville,Latino,36,2,0
2020-07-14,Pittsylvania-Danville,"Not Reported",59,5,0
2020-07-14,Pittsylvania-Danville,"Other Race",0,0,0
2020-07-14,Pittsylvania-Danville,"Two or more races",0,0,0
2020-07-14,Pittsylvania-Danville,White,105,19,3
2020-07-14,"Pittsylvania-Danville and Southside","Native American",0,0,0
2020-07-14,Portsmouth,"Asian or Pacific Islander",3,2,0
2020-07-14,Portsmouth,Black,382,60,13
2020-07-14,Portsmouth,Latino,44,9,1
2020-07-14,Portsmouth,"Native American",2,0,0
2020-07-14,Portsmouth,"Not Reported",230,2,0
2020-07-14,Portsmouth,"Other Race",13,2,1
2020-07-14,Portsmouth,"Two or more races",2,1,0
2020-07-14,Portsmouth,White,85,12,4
2020-07-14,"Prince William","Asian or Pacific Islander",284,43,13
2020-07-14,"Prince William",Black,704,124,38
2020-07-14,"Prince William",Latino,4361,533,54
2020-07-14,"Prince William","Native American",12,1,0
2020-07-14,"Prince William","Not Reported",3306,19,0
2020-07-14,"Prince William","Other Race",222,10,0
2020-07-14,"Prince William","Two or more races",11,1,0
2020-07-14,"Prince William",White,945,133,77
2020-07-14,Rappahannock,"Asian or Pacific Islander",44,8,1
2020-07-14,Rappahannock,Black,313,48,9
2020-07-14,Rappahannock,Latino,920,95,6
2020-07-14,Rappahannock,"Native American",3,0,0
2020-07-14,Rappahannock,"Not Reported",765,24,0
2020-07-14,Rappahannock,"Other Race",51,4,0
2020-07-14,Rappahannock,"Two or more races",12,1,0
2020-07-14,Rappahannock,White,591,70,30
2020-07-14,"Rappahannock Rapidan","Asian or Pacific Islander",5,1,0
2020-07-14,"Rappahannock Rapidan",Black,84,18,6
2020-07-14,"Rappahannock Rapidan",Latino,659,57,6
2020-07-14,"Rappahannock Rapidan","Native American",0,0,0
2020-07-14,"Rappahannock Rapidan","Not Reported",441,11,2
2020-07-14,"Rappahannock Rapidan","Other Race",23,2,0
2020-07-14,"Rappahannock Rapidan","Two or more races",13,1,0
2020-07-14,"Rappahannock Rapidan",White,381,33,11
2020-07-14,Richmond,"Asian or Pacific Islander",8,3,1
2020-07-14,Richmond,Black,620,132,23
2020-07-14,Richmond,Latino,965,74,5
2020-07-14,Richmond,"Native American",0,0,0
2020-07-14,Richmond,"Not Reported",541,2,0
2020-07-14,Richmond,"Other Race",97,8,2
2020-07-14,Richmond,"Two or more races",1,0,0
2020-07-14,Richmond,White,225,21,5
2020-07-14,Roanoke,"Asian or Pacific Islander",2,0,0
2020-07-14,Roanoke,Black,44,7,2
2020-07-14,Roanoke,Latino,187,2,0
2020-07-14,Roanoke,"Not Reported",274,1,0
2020-07-14,Roanoke,"Other Race",3,0,0
2020-07-14,Roanoke,"Two or more races",1,0,0
2020-07-14,Roanoke,White,100,5,8
2020-07-14,Southside,"Asian or Pacific Islander",1,0,0
2020-07-14,Southside,Black,134,27,9
2020-07-14,Southside,Latino,2,0,0
2020-07-14,Southside,"Not Reported",220,14,7
2020-07-14,Southside,"Other Race",6,0,1
2020-07-14,Southside,"Two or more races",21,0,0
2020-07-14,Southside,White,111,16,14
2020-07-14,"Thomas Jefferson","Asian or Pacific Islander",22,0,1
2020-07-14,"Thomas Jefferson",Black,202,48,8
2020-07-14,"Thomas Jefferson",Latino,402,18,0
2020-07-14,"Thomas Jefferson","Native American",2,0,0
2020-07-14,"Thomas Jefferson","Not Reported",112,0,0
2020-07-14,"Thomas Jefferson","Other Race",58,3,0
2020-07-14,"Thomas Jefferson","Two or more races",14,0,0
2020-07-14,"Thomas Jefferson",White,465,36,20
2020-07-14,"Three Rivers",Black,224,20,6
2020-07-14,"Three Rivers",Latino,135,4,0
2020-07-14,"Three Rivers","Not Reported",175,3,0
2020-07-14,"Three Rivers","Other Race",7,3,0
2020-07-14,"Three Rivers","Two or more races",3,0,0
2020-07-14,"Three Rivers",White,266,26,6
2020-07-14,"Virginia Beach","Asian or Pacific Islander",73,13,1
2020-07-14,"Virginia Beach",Black,553,37,5
2020-07-14,"Virginia Beach",Latino,178,16,3
2020-07-14,"Virginia Beach","Native American",1,0,0
2020-07-14,"Virginia Beach","Not Reported",416,5,3
2020-07-14,"Virginia Beach","Other Race",21,1,0
2020-07-14,"Virginia Beach","Two or more races",19,2,0
2020-07-14,"Virginia Beach",White,732,66,20
2020-07-14,"West Piedmont","Asian or Pacific Islander",11,1,1
2020-07-14,"West Piedmont",Black,118,30,1
2020-07-14,"West Piedmont",Latino,169,8,0
2020-07-14,"West Piedmont","Native American",0,0,0
2020-07-14,"West Piedmont","Not Reported",139,1,1
2020-07-14,"West Piedmont","Other Race",4,1,1
2020-07-14,"West Piedmont","Two or more races",0,0,0
2020-07-14,"West Piedmont",White,205,18,4
2020-07-14,"Western Tidewater","Asian or Pacific Islander",8,1,0
2020-07-14,"Western Tidewater",Black,454,56,30
2020-07-14,"Western Tidewater",Latino,13,1,0
2020-07-14,"Western Tidewater","Native American",1,0,0
2020-07-14,"Western Tidewater","Not Reported",372,3,2
2020-07-14,"Western Tidewater","Other Race",20,0,1
2020-07-14,"Western Tidewater","Two or more races",2,0,0
2020-07-14,"Western Tidewater",White,243,38,32
2020-07-15,Alexandria,"Asian or Pacific Islander",85,8,1
2020-07-15,Alexandria,Black,381,65,13
2020-07-15,Alexandria,Latino,1356,118,8
2020-07-15,Alexandria,"Native American",2,0,0
2020-07-15,Alexandria,"Not Reported",147,6,0
2020-07-15,Alexandria,"Other Race",44,5,2
2020-07-15,Alexandria,"Two or more races",5,1,0
2020-07-15,Alexandria,White,466,50,33
2020-07-15,Alleghany,"Asian or Pacific Islander",4,0,0
2020-07-15,Alleghany,Black,22,2,1
2020-07-15,Alleghany,Latino,77,5,0
2020-07-15,Alleghany,"Not Reported",302,1,0
2020-07-15,Alleghany,"Other Race",4,0,0
2020-07-15,Alleghany,"Two or more races",2,0,0
2020-07-15,Alleghany,White,259,24,14
2020-07-15,"Alleghany and Roanoke","Native American",0,0,0
2020-07-15,Arlington,"Asian or Pacific Islander",127,22,12
2020-07-15,Arlington,Black,235,68,31
2020-07-15,Arlington,Latino,1286,207,23
2020-07-15,Arlington,"Native American",3,0,0
2020-07-15,Arlington,"Not Reported",178,1,0
2020-07-15,Arlington,"Other Race",57,8,3
2020-07-15,Arlington,"Two or more races",18,2,0
2020-07-15,Arlington,White,773,114,65
2020-07-15,"Central Shenandoah","Asian or Pacific Islander",17,2,0
2020-07-15,"Central Shenandoah",Black,102,9,4
2020-07-15,"Central Shenandoah",Latino,815,49,4
2020-07-15,"Central Shenandoah","Native American",3,1,0
2020-07-15,"Central Shenandoah","Not Reported",211,4,1
2020-07-15,"Central Shenandoah","Other Race",34,1,0
2020-07-15,"Central Shenandoah","Two or more races",10,1,0
2020-07-15,"Central Shenandoah",White,1151,117,37
2020-07-15,"Central Virginia","Asian or Pacific Islander",0,0,0
2020-07-15,"Central Virginia",Black,28,2,1
2020-07-15,"Central Virginia",Latino,25,1,1
2020-07-15,"Central Virginia","Native American",0,0,0
2020-07-15,"Central Virginia","Not Reported",383,4,1
2020-07-15,"Central Virginia","Other Race",1,0,0
2020-07-15,"Central Virginia","Two or more races",0,0,0
2020-07-15,"Central Virginia",White,98,9,3
2020-07-15,Chesapeake,"Asian or Pacific Islander",26,5,2
2020-07-15,Chesapeake,Black,544,83,7
2020-07-15,Chesapeake,Latino,147,15,2
2020-07-15,Chesapeake,"Native American",8,0,0
2020-07-15,Chesapeake,"Not Reported",297,2,0
2020-07-15,Chesapeake,"Other Race",18,1,0
2020-07-15,Chesapeake,"Two or more races",10,1,0
2020-07-15,Chesapeake,White,391,53,12
2020-07-15,Chesterfield,"Asian or Pacific Islander",32,2,0
2020-07-15,Chesterfield,Black,460,62,21
2020-07-15,Chesterfield,Latino,735,39,3
2020-07-15,Chesterfield,"Native American",3,0,0
2020-07-15,Chesterfield,"Not Reported",1605,3,10
2020-07-15,Chesterfield,"Other Race",181,6,0
2020-07-15,Chesterfield,"Two or more races",8,1,0
2020-07-15,Chesterfield,White,563,64,52
2020-07-15,Chickahominy,"Asian or Pacific Islander",5,1,0
2020-07-15,Chickahominy,Black,132,34,10
2020-07-15,Chickahominy,Latino,51,3,0
2020-07-15,Chickahominy,"Native American",1,1,0
2020-07-15,Chickahominy,"Not Reported",203,2,1
2020-07-15,Chickahominy,"Other Race",9,2,0
2020-07-15,Chickahominy,"Two or more races",1,1,0
2020-07-15,Chickahominy,White,342,70,29
2020-07-15,Crater,"Asian or Pacific Islander",5,0,0
2020-07-15,Crater,Black,833,125,30
2020-07-15,Crater,Latino,142,5,2
2020-07-15,Crater,"Native American",3,0,0
2020-07-15,Crater,"Not Reported",420,10,8
2020-07-15,Crater,"Other Race",15,0,0
2020-07-15,Crater,"Two or more races",2,0,0
2020-07-15,Crater,White,348,35,10
2020-07-15,"Cumberland Plateau",Black,13,0,0
2020-07-15,"Cumberland Plateau",Latino,0,0,0
2020-07-15,"Cumberland Plateau","Not Reported",4,0,0
2020-07-15,"Cumberland Plateau","Other Race",0,0,0
2020-07-15,"Cumberland Plateau","Two or more races",2,0,0
2020-07-15,"Cumberland Plateau",White,95,6,0
2020-07-15,"Cumberland Plateau and Lenowisco","Asian or Pacific Islander",1,0,0
2020-07-15,"Cumberland Plateau, Lenowisco, and Mount Rogers","Native American",0,0,0
2020-07-15,"Eastern Shore",Black,795,89,25
2020-07-15,"Eastern Shore",Latino,246,7,3
2020-07-15,"Eastern Shore","Not Reported",85,0,0
2020-07-15,"Eastern Shore","Other Race",13,1,0
2020-07-15,"Eastern Shore","Two or more races",1,1,0
2020-07-15,"Eastern Shore",White,176,15,14
2020-07-15,"Eastern Shore and Three Rivers","Asian or Pacific Islander",8,1,0
2020-07-15,"Eastern Shore and Three Rivers","Native American",2,0,0
2020-07-15,Fairfax,"Asian or Pacific Islander",1163,215,69
2020-07-15,Fairfax,Black,888,185,51
2020-07-15,Fairfax,Latino,7722,830,71
2020-07-15,Fairfax,"Native American",23,1,1
2020-07-15,Fairfax,"Not Reported",2156,71,45
2020-07-15,Fairfax,"Other Race",527,64,11
2020-07-15,Fairfax,"Two or more races",31,4,0
2020-07-15,Fairfax,White,2271,399,268
2020-07-15,Hampton,"Asian or Pacific Islander",5,0,0
2020-07-15,Hampton,Black,237,28,4
2020-07-15,Hampton,Latino,38,4,0
2020-07-15,Hampton,"Native American",0,0,0
2020-07-15,Hampton,"Not Reported",232,0,0
2020-07-15,Hampton,"Other Race",5,2,0
2020-07-15,Hampton,"Two or more races",4,0,0
2020-07-15,Hampton,White,71,8,0
2020-07-15,Henrico,"Asian or Pacific Islander",122,8,3
2020-07-15,Henrico,Black,825,131,76
2020-07-15,Henrico,Latino,609,43,6
2020-07-15,Henrico,"Native American",7,0,0
2020-07-15,Henrico,"Not Reported",626,2,3
2020-07-15,Henrico,"Other Race",70,9,0
2020-07-15,Henrico,"Two or more races",8,0,0
2020-07-15,Henrico,White,680,80,87
2020-07-15,Lenowisco,Black,1,0,0
2020-07-15,Lenowisco,Latino,1,0,0
2020-07-15,Lenowisco,"Not Reported",12,1,1
2020-07-15,Lenowisco,"Other Race",1,0,0
2020-07-15,Lenowisco,"Two or more races",0,0,0
2020-07-15,Lenowisco,White,80,18,3
2020-07-15,"Lord Fairfax","Asian or Pacific Islander",7,0,0
2020-07-15,"Lord Fairfax",Black,81,8,6
2020-07-15,"Lord Fairfax",Latino,597,37,8
2020-07-15,"Lord Fairfax","Native American",2,1,1
2020-07-15,"Lord Fairfax","Not Reported",277,4,5
2020-07-15,"Lord Fairfax","Other Race",58,6,1
2020-07-15,"Lord Fairfax","Two or more races",11,0,0
2020-07-15,"Lord Fairfax",White,1200,138,56
2020-07-15,Loudoun,"Asian or Pacific Islander",193,40,9
2020-07-15,Loudoun,Black,153,20,3
2020-07-15,Loudoun,Latino,1161,136,11
2020-07-15,Loudoun,"Native American",1,0,0
2020-07-15,Loudoun,"Not Reported",2014,1,2
2020-07-15,Loudoun,"Other Race",113,8,1
2020-07-15,Loudoun,"Two or more races",27,0,0
2020-07-15,Loudoun,White,857,96,75
2020-07-15,"Mount Rogers","Asian or Pacific Islander",2,1,0
2020-07-15,"Mount Rogers",Black,29,5,2
2020-07-15,"Mount Rogers",Latino,206,1,0
2020-07-15,"Mount Rogers","Not Reported",51,2,1
2020-07-15,"Mount Rogers","Other Race",3,0,0
2020-07-15,"Mount Rogers","Two or more races",4,0,0
2020-07-15,"Mount Rogers",White,570,74,33
2020-07-15,"New River","Asian or Pacific Islander",6,0,0
2020-07-15,"New River",Black,21,3,0
2020-07-15,"New River",Latino,23,2,0
2020-07-15,"New River","Native American",0,0,0
2020-07-15,"New River","Not Reported",48,0,0
2020-07-15,"New River","Other Race",2,0,0
2020-07-15,"New River","Two or more races",0,0,0
2020-07-15,"New River",White,217,18,6
2020-07-15,Norfolk,"Asian or Pacific Islander",19,1,0
2020-07-15,Norfolk,Black,845,87,12
2020-07-15,Norfolk,Latino,196,18,0
2020-07-15,Norfolk,"Native American",3,0,0
2020-07-15,Norfolk,"Not Reported",462,0,0
2020-07-15,Norfolk,"Other Race",23,1,0
2020-07-15,Norfolk,"Two or more races",3,0,0
2020-07-15,Norfolk,White,191,26,6
2020-07-15,Peninsula,"Asian or Pacific Islander",11,3,1
2020-07-15,Peninsula,Black,357,38,10
2020-07-15,Peninsula,Latino,208,14,0
2020-07-15,Peninsula,"Native American",2,0,0
2020-07-15,Peninsula,"Not Reported",582,1,0
2020-07-15,Peninsula,"Other Race",36,1,0
2020-07-15,Peninsula,"Two or more races",9,2,0
2020-07-15,Peninsula,White,373,75,24
2020-07-15,Piedmont,"Asian or Pacific Islander",4,0,0
2020-07-15,Piedmont,Black,374,51,6
2020-07-15,Piedmont,Latino,61,6,1
2020-07-15,Piedmont,"Native American",1,0,0
2020-07-15,Piedmont,"Not Reported",364,13,2
2020-07-15,Piedmont,"Other Race",6,0,0
2020-07-15,Piedmont,"Two or more races",4,2,0
2020-07-15,Piedmont,White,332,38,9
2020-07-15,Pittsylvania-Danville,"Asian or Pacific Islander",0,0,0
2020-07-15,Pittsylvania-Danville,Black,125,20,1
2020-07-15,Pittsylvania-Danville,Latino,36,2,0
2020-07-15,Pittsylvania-Danville,"Not Reported",68,5,0
2020-07-15,Pittsylvania-Danville,"Other Race",0,0,0
2020-07-15,Pittsylvania-Danville,"Two or more races",0,0,0
2020-07-15,Pittsylvania-Danville,White,106,19,3
2020-07-15,"Pittsylvania-Danville and Southside","Native American",0,0,0
2020-07-15,Portsmouth,"Asian or Pacific Islander",3,2,0
2020-07-15,Portsmouth,Black,399,60,13
2020-07-15,Portsmouth,Latino,43,9,1
2020-07-15,Portsmouth,"Native American",2,0,0
2020-07-15,Portsmouth,"Not Reported",241,3,0
2020-07-15,Portsmouth,"Other Race",13,2,1
2020-07-15,Portsmouth,"Two or more races",2,1,0
2020-07-15,Portsmouth,White,91,12,4
2020-07-15,"Prince William","Asian or Pacific Islander",288,43,13
2020-07-15,"Prince William",Black,718,126,39
2020-07-15,"Prince William",Latino,4391,536,56
2020-07-15,"Prince William","Native American",14,1,0
2020-07-15,"Prince William","Not Reported",3299,19,0
2020-07-15,"Prince William","Other Race",223,10,0
2020-07-15,"Prince William","Two or more races",11,1,0
2020-07-15,"Prince William",White,963,133,77
2020-07-15,Rappahannock,"Asian or Pacific Islander",45,8,1
2020-07-15,Rappahannock,Black,317,49,9
2020-07-15,Rappahannock,Latino,926,96,6
2020-07-15,Rappahannock,"Native American",3,0,0
2020-07-15,Rappahannock,"Not Reported",768,24,0
2020-07-15,Rappahannock,"Other Race",49,4,0
2020-07-15,Rappahannock,"Two or more races",12,1,0
2020-07-15,Rappahannock,White,599,70,30
2020-07-15,"Rappahannock Rapidan","Asian or Pacific Islander",5,1,0
2020-07-15,"Rappahannock Rapidan",Black,85,18,6
2020-07-15,"Rappahannock Rapidan",Latino,660,57,6
2020-07-15,"Rappahannock Rapidan","Native American",0,0,0
2020-07-15,"Rappahannock Rapidan","Not Reported",443,11,2
2020-07-15,"Rappahannock Rapidan","Other Race",24,2,0
2020-07-15,"Rappahannock Rapidan","Two or more races",13,1,0
2020-07-15,"Rappahannock Rapidan",White,388,33,11
2020-07-15,Richmond,"Asian or Pacific Islander",8,3,1
2020-07-15,Richmond,Black,624,132,23
2020-07-15,Richmond,Latino,979,79,5
2020-07-15,Richmond,"Native American",0,0,0
2020-07-15,Richmond,"Not Reported",537,2,0
2020-07-15,Richmond,"Other Race",94,8,2
2020-07-15,Richmond,"Two or more races",1,0,0
2020-07-15,Richmond,White,230,21,5
2020-07-15,Roanoke,"Asian or Pacific Islander",2,0,0
2020-07-15,Roanoke,Black,44,7,2
2020-07-15,Roanoke,Latino,187,2,0
2020-07-15,Roanoke,"Not Reported",275,1,0
2020-07-15,Roanoke,"Other Race",3,0,0
2020-07-15,Roanoke,"Two or more races",1,0,0
2020-07-15,Roanoke,White,100,5,8
2020-07-15,Southside,"Asian or Pacific Islander",1,0,0
2020-07-15,Southside,Black,136,28,9
2020-07-15,Southside,Latino,2,0,0
2020-07-15,Southside,"Not Reported",221,14,7
2020-07-15,Southside,"Other Race",6,0,1
2020-07-15,Southside,"Two or more races",22,0,0
2020-07-15,Southside,White,111,16,14
2020-07-15,"Thomas Jefferson","Asian or Pacific Islander",23,0,1
2020-07-15,"Thomas Jefferson",Black,215,51,8
2020-07-15,"Thomas Jefferson",Latino,407,18,0
2020-07-15,"Thomas Jefferson","Native American",2,0,0
2020-07-15,"Thomas Jefferson","Not Reported",113,0,0
2020-07-15,"Thomas Jefferson","Other Race",44,3,0
2020-07-15,"Thomas Jefferson","Two or more races",10,0,0
2020-07-15,"Thomas Jefferson",White,484,37,20
2020-07-15,"Three Rivers",Black,227,20,5
2020-07-15,"Three Rivers",Latino,135,4,0
2020-07-15,"Three Rivers","Not Reported",174,3,0
2020-07-15,"Three Rivers","Other Race",7,3,0
2020-07-15,"Three Rivers","Two or more races",3,0,0
2020-07-15,"Three Rivers",White,272,27,6
2020-07-15,"Virginia Beach","Asian or Pacific Islander",75,13,1
2020-07-15,"Virginia Beach",Black,577,37,6
2020-07-15,"Virginia Beach",Latino,182,16,3
2020-07-15,"Virginia Beach","Native American",1,0,0
2020-07-15,"Virginia Beach","Not Reported",489,5,3
2020-07-15,"Virginia Beach","Other Race",22,1,0
2020-07-15,"Virginia Beach","Two or more races",19,2,0
2020-07-15,"Virginia Beach",White,772,68,21
2020-07-15,"West Piedmont","Asian or Pacific Islander",11,1,1
2020-07-15,"West Piedmont",Black,124,33,1
2020-07-15,"West Piedmont",Latino,169,8,0
2020-07-15,"West Piedmont","Native American",0,0,0
2020-07-15,"West Piedmont","Not Reported",156,2,1
2020-07-15,"West Piedmont","Other Race",4,1,1
2020-07-15,"West Piedmont","Two or more races",0,0,0
2020-07-15,"West Piedmont",White,207,19,4
2020-07-15,"Western Tidewater","Asian or Pacific Islander",8,1,0
2020-07-15,"Western Tidewater",Black,464,58,30
2020-07-15,"Western Tidewater",Latino,13,1,0
2020-07-15,"Western Tidewater","Native American",1,0,0
2020-07-15,"Western Tidewater","Not Reported",383,3,2
2020-07-15,"Western Tidewater","Other Race",22,0,1
2020-07-15,"Western Tidewater","Two or more races",2,0,0
2020-07-15,"Western Tidewater",White,246,39,32
2020-07-16,Alexandria,"Asian or Pacific Islander",85,8,1
2020-07-16,Alexandria,Black,386,65,12
2020-07-16,Alexandria,Latino,1366,118,8
2020-07-16,Alexandria,"Native American",2,0,0
2020-07-16,Alexandria,"Not Reported",148,6,0
2020-07-16,Alexandria,"Other Race",43,5,2
2020-07-16,Alexandria,"Two or more races",5,1,0
2020-07-16,Alexandria,White,472,50,33
2020-07-16,Alleghany,"Asian or Pacific Islander",4,0,0
2020-07-16,Alleghany,Black,23,2,1
2020-07-16,Alleghany,Latino,80,6,0
2020-07-16,Alleghany,"Not Reported",309,1,0
2020-07-16,Alleghany,"Other Race",4,0,0
2020-07-16,Alleghany,"Two or more races",2,0,0
2020-07-16,Alleghany,White,267,28,14
2020-07-16,"Alleghany and Roanoke","Native American",0,0,0
2020-07-16,Arlington,"Asian or Pacific Islander",127,22,12
2020-07-16,Arlington,Black,236,69,31
2020-07-16,Arlington,Latino,1289,208,23
2020-07-16,Arlington,"Native American",3,0,0
2020-07-16,Arlington,"Not Reported",183,1,0
2020-07-16,Arlington,"Other Race",57,8,3
2020-07-16,Arlington,"Two or more races",18,2,0
2020-07-16,Arlington,White,778,116,65
2020-07-16,"Central Shenandoah","Asian or Pacific Islander",17,2,0
2020-07-16,"Central Shenandoah",Black,103,9,4
2020-07-16,"Central Shenandoah",Latino,821,50,4
2020-07-16,"Central Shenandoah","Native American",3,1,0
2020-07-16,"Central Shenandoah","Not Reported",203,3,1
2020-07-16,"Central Shenandoah","Other Race",34,1,0
2020-07-16,"Central Shenandoah","Two or more races",10,1,0
2020-07-16,"Central Shenandoah",White,1167,122,37
2020-07-16,"Central Virginia","Asian or Pacific Islander",0,0,0
2020-07-16,"Central Virginia",Black,29,3,1
2020-07-16,"Central Virginia",Latino,25,1,1
2020-07-16,"Central Virginia","Native American",0,0,0
2020-07-16,"Central Virginia","Not Reported",388,4,1
2020-07-16,"Central Virginia","Other Race",1,0,0
2020-07-16,"Central Virginia","Two or more races",0,0,0
2020-07-16,"Central Virginia",White,99,9,3
2020-07-16,Chesapeake,"Asian or Pacific Islander",27,5,2
2020-07-16,Chesapeake,Black,574,84,7
2020-07-16,Chesapeake,Latino,152,15,2
2020-07-16,Chesapeake,"Native American",8,0,0
2020-07-16,Chesapeake,"Not Reported",310,3,0
2020-07-16,Chesapeake,"Other Race",18,1,0
2020-07-16,Chesapeake,"Two or more races",9,0,0
2020-07-16,Chesapeake,White,411,53,13
2020-07-16,Chesterfield,"Asian or Pacific Islander",33,2,0
2020-07-16,Chesterfield,Black,468,68,21
2020-07-16,Chesterfield,Latino,757,43,3
2020-07-16,Chesterfield,"Native American",3,0,0
2020-07-16,Chesterfield,"Not Reported",1595,3,10
2020-07-16,Chesterfield,"Other Race",177,6,0
2020-07-16,Chesterfield,"Two or more races",8,1,0
2020-07-16,Chesterfield,White,581,71,53
2020-07-16,Chickahominy,"Asian or Pacific Islander",5,1,0
2020-07-16,Chickahominy,Black,132,34,10
2020-07-16,Chickahominy,Latino,51,3,0
2020-07-16,Chickahominy,"Native American",1,1,0
2020-07-16,Chickahominy,"Not Reported",208,2,1
2020-07-16,Chickahominy,"Other Race",9,2,0
2020-07-16,Chickahominy,"Two or more races",1,1,0
2020-07-16,Chickahominy,White,350,70,29
2020-07-16,Crater,"Asian or Pacific Islander",5,0,0
2020-07-16,Crater,Black,851,130,30
2020-07-16,Crater,Latino,143,5,2
2020-07-16,Crater,"Native American",3,0,0
2020-07-16,Crater,"Not Reported",421,10,8
2020-07-16,Crater,"Other Race",15,0,0
2020-07-16,Crater,"Two or more races",2,0,0
2020-07-16,Crater,White,350,36,10
2020-07-16,"Cumberland Plateau",Black,13,0,0
2020-07-16,"Cumberland Plateau",Latino,0,0,0
2020-07-16,"Cumberland Plateau","Not Reported",6,0,0
2020-07-16,"Cumberland Plateau","Other Race",0,0,0
2020-07-16,"Cumberland Plateau","Two or more races",2,0,0
2020-07-16,"Cumberland Plateau",White,99,6,0
2020-07-16,"Cumberland Plateau and Lenowisco","Asian or Pacific Islander",1,0,0
2020-07-16,"Cumberland Plateau, Lenowisco, and Mount Rogers","Native American",0,0,0
2020-07-16,"Eastern Shore",Black,796,90,25
2020-07-16,"Eastern Shore",Latino,246,7,3
2020-07-16,"Eastern Shore","Not Reported",85,0,0
2020-07-16,"Eastern Shore","Other Race",13,1,0
2020-07-16,"Eastern Shore","Two or more races",1,1,0
2020-07-16,"Eastern Shore",White,176,15,14
2020-07-16,"Eastern Shore and Three Rivers","Asian or Pacific Islander",8,1,0
2020-07-16,"Eastern Shore and Three Rivers","Native American",1,0,0
2020-07-16,Fairfax,"Asian or Pacific Islander",1169,216,70
2020-07-16,Fairfax,Black,892,185,52
2020-07-16,Fairfax,Latino,7752,838,72
2020-07-16,Fairfax,"Native American",23,1,1
2020-07-16,Fairfax,"Not Reported",2127,72,45
2020-07-16,Fairfax,"Other Race",528,63,13
2020-07-16,Fairfax,"Two or more races",31,4,0
2020-07-16,Fairfax,White,2293,404,270
2020-07-16,Hampton,"Asian or Pacific Islander",5,0,0
2020-07-16,Hampton,Black,241,28,4
2020-07-16,Hampton,Latino,38,4,0
2020-07-16,Hampton,"Native American",0,0,0
2020-07-16,Hampton,"Not Reported",241,0,0
2020-07-16,Hampton,"Other Race",5,2,0
2020-07-16,Hampton,"Two or more races",4,0,0
2020-07-16,Hampton,White,73,8,0
2020-07-16,Henrico,"Asian or Pacific Islander",123,8,3
2020-07-16,Henrico,Black,828,135,76
2020-07-16,Henrico,Latino,610,43,6
2020-07-16,Henrico,"Native American",7,0,0
2020-07-16,Henrico,"Not Reported",629,2,3
2020-07-16,Henrico,"Other Race",70,10,0
2020-07-16,Henrico,"Two or more races",8,0,0
2020-07-16,Henrico,White,689,80,87
2020-07-16,Lenowisco,Black,1,0,0
2020-07-16,Lenowisco,Latino,1,0,0
2020-07-16,Lenowisco,"Not Reported",12,1,1
2020-07-16,Lenowisco,"Other Race",1,0,0
2020-07-16,Lenowisco,"Two or more races",0,0,0
2020-07-16,Lenowisco,White,84,18,4
2020-07-16,"Lord Fairfax","Asian or Pacific Islander",7,0,0
2020-07-16,"Lord Fairfax",Black,83,9,6
2020-07-16,"Lord Fairfax",Latino,595,37,8
2020-07-16,"Lord Fairfax","Native American",2,1,1
2020-07-16,"Lord Fairfax","Not Reported",285,5,5
2020-07-16,"Lord Fairfax","Other Race",58,6,1
2020-07-16,"Lord Fairfax","Two or more races",11,0,0
2020-07-16,"Lord Fairfax",White,1211,141,58
2020-07-16,Loudoun,"Asian or Pacific Islander",196,39,9
2020-07-16,Loudoun,Black,153,23,3
2020-07-16,Loudoun,Latino,1192,139,11
2020-07-16,Loudoun,"Native American",1,0,0
2020-07-16,Loudoun,"Not Reported",1995,1,2
2020-07-16,Loudoun,"Other Race",115,9,1
2020-07-16,Loudoun,"Two or more races",26,0,0
2020-07-16,Loudoun,White,879,97,75
2020-07-16,"Mount Rogers","Asian or Pacific Islander",2,1,0
2020-07-16,"Mount Rogers",Black,29,5,2
2020-07-16,"Mount Rogers",Latino,210,1,0
2020-07-16,"Mount Rogers","Not Reported",51,2,1
2020-07-16,"Mount Rogers","Other Race",3,0,0
2020-07-16,"Mount Rogers","Two or more races",4,0,0
2020-07-16,"Mount Rogers",White,589,76,33
2020-07-16,"New River","Asian or Pacific Islander",6,0,0
2020-07-16,"New River",Black,22,3,0
2020-07-16,"New River",Latino,24,2,0
2020-07-16,"New River","Native American",0,0,0
2020-07-16,"New River","Not Reported",49,0,0
2020-07-16,"New River","Other Race",2,1,0
2020-07-16,"New River","Two or more races",0,0,0
2020-07-16,"New River",White,219,18,6
2020-07-16,Norfolk,"Asian or Pacific Islander",21,1,0
2020-07-16,Norfolk,Black,910,88,13
2020-07-16,Norfolk,Latino,201,18,0
2020-07-16,Norfolk,"Native American",3,0,0
2020-07-16,Norfolk,"Not Reported",522,0,0
2020-07-16,Norfolk,"Other Race",24,1,0
2020-07-16,Norfolk,"Two or more races",3,0,0
2020-07-16,Norfolk,White,204,26,6
2020-07-16,Peninsula,"Asian or Pacific Islander",11,3,1
2020-07-16,Peninsula,Black,369,40,10
2020-07-16,Peninsula,Latino,213,14,0
2020-07-16,Peninsula,"Native American",2,0,0
2020-07-16,Peninsula,"Not Reported",599,1,0
2020-07-16,Peninsula,"Other Race",37,1,0
2020-07-16,Peninsula,"Two or more races",9,2,0
2020-07-16,Peninsula,White,382,75,24
2020-07-16,Piedmont,"Asian or Pacific Islander",4,0,0
2020-07-16,Piedmont,Black,377,52,6
2020-07-16,Piedmont,Latino,61,6,1
2020-07-16,Piedmont,"Native American",1,0,0
2020-07-16,Piedmont,"Not Reported",360,13,2
2020-07-16,Piedmont,"Other Race",6,0,0
2020-07-16,Piedmont,"Two or more races",4,2,0
2020-07-16,Piedmont,White,337,39,9
2020-07-16,Pittsylvania-Danville,"Asian or Pacific Islander",0,0,0
2020-07-16,Pittsylvania-Danville,Black,130,22,1
2020-07-16,Pittsylvania-Danville,Latino,36,2,0
2020-07-16,Pittsylvania-Danville,"Not Reported",68,5,0
2020-07-16,Pittsylvania-Danville,"Other Race",0,0,0
2020-07-16,Pittsylvania-Danville,"Two or more races",0,0,0
2020-07-16,Pittsylvania-Danville,White,107,19,3
2020-07-16,"Pittsylvania-Danville and Southside","Native American",0,0,0
2020-07-16,Portsmouth,"Asian or Pacific Islander",3,2,0
2020-07-16,Portsmouth,Black,414,64,13
2020-07-16,Portsmouth,Latino,44,10,1
2020-07-16,Portsmouth,"Native American",2,1,0
2020-07-16,Portsmouth,"Not Reported",250,3,0
2020-07-16,Portsmouth,"Other Race",13,2,1
2020-07-16,Portsmouth,"Two or more races",2,1,0
2020-07-16,Portsmouth,White,99,12,4
2020-07-16,"Prince William","Asian or Pacific Islander",288,43,13
2020-07-16,"Prince William",Black,722,129,39
2020-07-16,"Prince William",Latino,4404,540,56
2020-07-16,"Prince William","Native American",14,1,0
2020-07-16,"Prince William","Not Reported",3310,20,0
2020-07-16,"Prince William","Other Race",222,10,0
2020-07-16,"Prince William","Two or more races",12,1,0
2020-07-16,"Prince William",White,969,133,77
2020-07-16,Rappahannock,"Asian or Pacific Islander",46,8,1
2020-07-16,Rappahannock,Black,323,49,9
2020-07-16,Rappahannock,Latino,932,96,6
2020-07-16,Rappahannock,"Native American",3,0,0
2020-07-16,Rappahannock,"Not Reported",777,24,0
2020-07-16,Rappahannock,"Other Race",50,4,0
2020-07-16,Rappahannock,"Two or more races",12,1,0
2020-07-16,Rappahannock,White,606,71,30
2020-07-16,"Rappahannock Rapidan","Asian or Pacific Islander",5,1,0
2020-07-16,"Rappahannock Rapidan",Black,87,18,6
2020-07-16,"Rappahannock Rapidan",Latino,662,57,6
2020-07-16,"Rappahannock Rapidan","Native American",0,0,0
2020-07-16,"Rappahannock Rapidan","Not Reported",444,11,2
2020-07-16,"Rappahannock Rapidan","Other Race",21,1,0
2020-07-16,"Rappahannock Rapidan","Two or more races",15,2,0
2020-07-16,"Rappahannock Rapidan",White,392,34,11
2020-07-16,Richmond,"Asian or Pacific Islander",10,3,1
2020-07-16,Richmond,Black,635,134,23
2020-07-16,Richmond,Latino,987,80,5
2020-07-16,Richmond,"Native American",0,0,0
2020-07-16,Richmond,"Not Reported",532,2,0
2020-07-16,Richmond,"Other Race",95,8,2
2020-07-16,Richmond,"Two or more races",1,0,0
2020-07-16,Richmond,White,238,22,5
2020-07-16,Roanoke,"Asian or Pacific Islander",2,0,0
2020-07-16,Roanoke,Black,44,7,2
2020-07-16,Roanoke,Latino,186,2,0
2020-07-16,Roanoke,"Not Reported",281,1,0
2020-07-16,Roanoke,"Other Race",3,0,0
2020-07-16,Roanoke,"Two or more races",1,0,0
2020-07-16,Roanoke,White,100,5,8
2020-07-16,Southside,"Asian or Pacific Islander",1,0,0
2020-07-16,Southside,Black,138,28,9
2020-07-16,Southside,Latino,2,0,0
2020-07-16,Southside,"Not Reported",229,14,7
2020-07-16,Southside,"Other Race",6,0,1
2020-07-16,Southside,"Two or more races",22,0,0
2020-07-16,Southside,White,111,16,14
2020-07-16,"Thomas Jefferson","Asian or Pacific Islander",23,0,1
2020-07-16,"Thomas Jefferson",Black,216,53,8
2020-07-16,"Thomas Jefferson",Latino,407,18,0
2020-07-16,"Thomas Jefferson","Native American",2,0,0
2020-07-16,"Thomas Jefferson","Not Reported",112,1,0
2020-07-16,"Thomas Jefferson","Other Race",44,3,0
2020-07-16,"Thomas Jefferson","Two or more races",10,0,0
2020-07-16,"Thomas Jefferson",White,484,38,20
2020-07-16,"Three Rivers",Black,232,21,5
2020-07-16,"Three Rivers",Latino,137,4,0
2020-07-16,"Three Rivers","Not Reported",168,3,0
2020-07-16,"Three Rivers","Other Race",7,3,0
2020-07-16,"Three Rivers","Two or more races",3,0,0
2020-07-16,"Three Rivers",White,277,27,6
2020-07-16,"Virginia Beach","Asian or Pacific Islander",77,13,1
2020-07-16,"Virginia Beach",Black,613,37,6
2020-07-16,"Virginia Beach",Latino,198,16,3
2020-07-16,"Virginia Beach","Native American",1,0,0
2020-07-16,"Virginia Beach","Not Reported",546,5,3
2020-07-16,"Virginia Beach","Other Race",22,1,0
2020-07-16,"Virginia Beach","Two or more races",19,2,0
2020-07-16,"Virginia Beach",White,796,68,21
2020-07-16,"West Piedmont","Asian or Pacific Islander",11,1,1
2020-07-16,"West Piedmont",Black,139,37,1
2020-07-16,"West Piedmont",Latino,180,8,0
2020-07-16,"West Piedmont","Native American",0,0,0
2020-07-16,"West Piedmont","Not Reported",123,1,1
2020-07-16,"West Piedmont","Other Race",2,1,1
2020-07-16,"West Piedmont","Two or more races",0,0,0
2020-07-16,"West Piedmont",White,230,24,4
2020-07-16,"Western Tidewater","Asian or Pacific Islander",8,1,0
2020-07-16,"Western Tidewater",Black,480,58,31
2020-07-16,"Western Tidewater",Latino,13,1,0
2020-07-16,"Western Tidewater","Native American",1,0,0
2020-07-16,"Western Tidewater","Not Reported",388,3,2
2020-07-16,"Western Tidewater","Other Race",22,0,1
2020-07-16,"Western Tidewater","Two or more races",2,0,0
2020-07-16,"Western Tidewater",White,254,40,34
2020-07-17,Alexandria,"Asian or Pacific Islander",85,8,1
2020-07-17,Alexandria,Black,393,65,12
2020-07-17,Alexandria,Latino,1369,120,8
2020-07-17,Alexandria,"Native American",2,0,0
2020-07-17,Alexandria,"Not Reported",146,6,0
2020-07-17,Alexandria,"Other Race",44,5,2
2020-07-17,Alexandria,"Two or more races",5,1,0
2020-07-17,Alexandria,White,479,50,33
2020-07-17,Alleghany,"Asian or Pacific Islander",4,0,0
2020-07-17,Alleghany,Black,23,2,1
2020-07-17,Alleghany,Latino,81,6,0
2020-07-17,Alleghany,"Not Reported",310,1,0
2020-07-17,Alleghany,"Other Race",4,0,0
2020-07-17,Alleghany,"Two or more races",2,0,0
2020-07-17,Alleghany,White,270,28,14
2020-07-17,"Alleghany and Roanoke","Native American",0,0,0
2020-07-17,Arlington,"Asian or Pacific Islander",127,22,12
2020-07-17,Arlington,Black,239,69,32
2020-07-17,Arlington,Latino,1292,208,23
2020-07-17,Arlington,"Native American",3,0,0
2020-07-17,Arlington,"Not Reported",189,2,0
2020-07-17,Arlington,"Other Race",59,8,3
2020-07-17,Arlington,"Two or more races",17,2,0
2020-07-17,Arlington,White,778,116,65
2020-07-17,"Central Shenandoah","Asian or Pacific Islander",17,2,0
2020-07-17,"Central Shenandoah",Black,103,9,4
2020-07-17,"Central Shenandoah",Latino,820,50,4
2020-07-17,"Central Shenandoah","Native American",3,1,0
2020-07-17,"Central Shenandoah","Not Reported",207,3,1
2020-07-17,"Central Shenandoah","Other Race",34,1,0
2020-07-17,"Central Shenandoah","Two or more races",10,1,0
2020-07-17,"Central Shenandoah",White,1187,122,37
2020-07-17,"Central Virginia","Asian or Pacific Islander",0,0,0
2020-07-17,"Central Virginia",Black,33,3,1
2020-07-17,"Central Virginia",Latino,25,1,1
2020-07-17,"Central Virginia","Native American",0,0,0
2020-07-17,"Central Virginia","Not Reported",403,4,1
2020-07-17,"Central Virginia","Other Race",2,0,0
2020-07-17,"Central Virginia","Two or more races",0,0,0
2020-07-17,"Central Virginia",White,101,9,3
2020-07-17,Chesapeake,"Asian or Pacific Islander",26,5,2
2020-07-17,Chesapeake,Black,593,86,7
2020-07-17,Chesapeake,Latino,155,15,2
2020-07-17,Chesapeake,"Native American",8,0,0
2020-07-17,Chesapeake,"Not Reported",332,3,0
2020-07-17,Chesapeake,"Other Race",18,1,0
2020-07-17,Chesapeake,"Two or more races",9,0,0
2020-07-17,Chesapeake,White,419,53,13
2020-07-17,Chesterfield,"Asian or Pacific Islander",33,2,0
2020-07-17,Chesterfield,Black,480,69,21
2020-07-17,Chesterfield,Latino,787,45,3
2020-07-17,Chesterfield,"Native American",3,0,0
2020-07-17,Chesterfield,"Not Reported",1591,3,10
2020-07-17,Chesterfield,"Other Race",177,6,0
2020-07-17,Chesterfield,"Two or more races",9,1,0
2020-07-17,Chesterfield,White,587,72,53
2020-07-17,Chickahominy,"Asian or Pacific Islander",5,1,0
2020-07-17,Chickahominy,Black,136,34,10
2020-07-17,Chickahominy,Latino,53,3,0
2020-07-17,Chickahominy,"Native American",1,1,0
2020-07-17,Chickahominy,"Not Reported",213,2,1
2020-07-17,Chickahominy,"Other Race",9,2,0
2020-07-17,Chickahominy,"Two or more races",1,1,0
2020-07-17,Chickahominy,White,354,70,29
2020-07-17,Crater,"Asian or Pacific Islander",5,0,0
2020-07-17,Crater,Black,861,131,30
2020-07-17,Crater,Latino,146,7,2
2020-07-17,Crater,"Native American",3,0,0
2020-07-17,Crater,"Not Reported",420,10,8
2020-07-17,Crater,"Other Race",15,0,0
2020-07-17,Crater,"Two or more races",2,0,0
2020-07-17,Crater,White,353,36,10
2020-07-17,"Cumberland Plateau",Black,13,0,0
2020-07-17,"Cumberland Plateau",Latino,0,0,0
2020-07-17,"Cumberland Plateau","Not Reported",7,1,0
2020-07-17,"Cumberland Plateau","Other Race",0,0,0
2020-07-17,"Cumberland Plateau","Two or more races",2,0,0
2020-07-17,"Cumberland Plateau",White,102,6,0
2020-07-17,"Cumberland Plateau and Lenowisco","Asian or Pacific Islander",1,0,0
2020-07-17,"Cumberland Plateau, Lenowisco, and Mount Rogers","Native American",0,0,0
2020-07-17,"Eastern Shore",Black,800,90,25
2020-07-17,"Eastern Shore",Latino,246,7,3
2020-07-17,"Eastern Shore","Not Reported",85,0,0
2020-07-17,"Eastern Shore","Other Race",13,1,0
2020-07-17,"Eastern Shore","Two or more races",1,1,0
2020-07-17,"Eastern Shore",White,176,15,14
2020-07-17,"Eastern Shore and Three Rivers","Asian or Pacific Islander",8,1,0
2020-07-17,"Eastern Shore and Three Rivers","Native American",1,0,0
2020-07-17,Fairfax,"Asian or Pacific Islander",1178,217,70
2020-07-17,Fairfax,Black,902,185,53
2020-07-17,Fairfax,Latino,7782,854,72
2020-07-17,Fairfax,"Native American",25,1,1
2020-07-17,Fairfax,"Not Reported",2091,73,40
2020-07-17,Fairfax,"Other Race",531,65,13
2020-07-17,Fairfax,"Two or more races",34,4,0
2020-07-17,Fairfax,White,2315,407,273
2020-07-17,Hampton,"Asian or Pacific Islander",5,0,0
2020-07-17,Hampton,Black,247,28,4
2020-07-17,Hampton,Latino,38,4,0
2020-07-17,Hampton,"Native American",0,0,0
2020-07-17,Hampton,"Not Reported",248,0,0
2020-07-17,Hampton,"Other Race",6,2,0
2020-07-17,Hampton,"Two or more races",4,0,0
2020-07-17,Hampton,White,77,8,0
2020-07-17,Henrico,"Asian or Pacific Islander",125,8,3
2020-07-17,Henrico,Black,831,135,76
2020-07-17,Henrico,Latino,615,43,6
2020-07-17,Henrico,"Native American",7,0,0
2020-07-17,Henrico,"Not Reported",637,2,3
2020-07-17,Henrico,"Other Race",70,10,0
2020-07-17,Henrico,"Two or more races",8,0,0
2020-07-17,Henrico,White,694,81,87
2020-07-17,Lenowisco,Black,1,0,0
2020-07-17,Lenowisco,Latino,1,0,0
2020-07-17,Lenowisco,"Not Reported",12,1,1
2020-07-17,Lenowisco,"Other Race",1,0,0
2020-07-17,Lenowisco,"Two or more races",0,0,0
2020-07-17,Lenowisco,White,87,18,4
2020-07-17,"Lord Fairfax","Asian or Pacific Islander",7,0,0
2020-07-17,"Lord Fairfax",Black,85,9,6
2020-07-17,"Lord Fairfax",Latino,596,37,8
2020-07-17,"Lord Fairfax","Native American",2,1,1
2020-07-17,"Lord Fairfax","Not Reported",289,6,6
2020-07-17,"Lord Fairfax","Other Race",58,6,1
2020-07-17,"Lord Fairfax","Two or more races",11,0,0
2020-07-17,"Lord Fairfax",White,1225,143,58
2020-07-17,Loudoun,"Asian or Pacific Islander",199,40,9
2020-07-17,Loudoun,Black,155,24,3
2020-07-17,Loudoun,Latino,1202,140,11
2020-07-17,Loudoun,"Native American",1,0,0
2020-07-17,Loudoun,"Not Reported",1988,2,2
2020-07-17,Loudoun,"Other Race",115,10,1
2020-07-17,Loudoun,"Two or more races",25,0,0
2020-07-17,Loudoun,White,891,99,76
2020-07-17,"Mount Rogers","Asian or Pacific Islander",2,1,0
2020-07-17,"Mount Rogers",Black,30,5,2
2020-07-17,"Mount Rogers",Latino,210,1,0
2020-07-17,"Mount Rogers","Not Reported",52,2,1
2020-07-17,"Mount Rogers","Other Race",4,0,0
2020-07-17,"Mount Rogers","Two or more races",4,0,0
2020-07-17,"Mount Rogers",White,608,77,33
2020-07-17,"New River","Asian or Pacific Islander",6,0,0
2020-07-17,"New River",Black,22,3,0
2020-07-17,"New River",Latino,24,2,0
2020-07-17,"New River","Native American",0,0,0
2020-07-17,"New River","Not Reported",49,0,0
2020-07-17,"New River","Other Race",2,1,0
2020-07-17,"New River","Two or more races",0,0,0
2020-07-17,"New River",White,226,18,6
2020-07-17,Norfolk,"Asian or Pacific Islander",21,1,0
2020-07-17,Norfolk,Black,969,89,13
2020-07-17,Norfolk,Latino,203,18,0
2020-07-17,Norfolk,"Native American",3,0,0
2020-07-17,Norfolk,"Not Reported",576,0,0
2020-07-17,Norfolk,"Other Race",25,1,0
2020-07-17,Norfolk,"Two or more races",3,0,0
2020-07-17,Norfolk,White,220,28,6
2020-07-17,Peninsula,"Asian or Pacific Islander",11,3,1
2020-07-17,Peninsula,Black,389,40,10
2020-07-17,Peninsula,Latino,222,14,0
2020-07-17,Peninsula,"Native American",2,0,0
2020-07-17,Peninsula,"Not Reported",625,1,0
2020-07-17,Peninsula,"Other Race",41,1,0
2020-07-17,Peninsula,"Two or more races",9,2,0
2020-07-17,Peninsula,White,387,75,24
2020-07-17,Piedmont,"Asian or Pacific Islander",4,0,0
2020-07-17,Piedmont,Black,381,53,7
2020-07-17,Piedmont,Latino,61,6,1
2020-07-17,Piedmont,"Native American",1,0,0
2020-07-17,Piedmont,"Not Reported",359,13,2
2020-07-17,Piedmont,"Other Race",6,0,0
2020-07-17,Piedmont,"Two or more races",4,2,0
2020-07-17,Piedmont,White,344,39,9
2020-07-17,Pittsylvania-Danville,"Asian or Pacific Islander",0,0,0
2020-07-17,Pittsylvania-Danville,Black,137,25,1
2020-07-17,Pittsylvania-Danville,Latino,38,2,0
2020-07-17,Pittsylvania-Danville,"Not Reported",70,5,0
2020-07-17,Pittsylvania-Danville,"Other Race",0,0,0
2020-07-17,Pittsylvania-Danville,"Two or more races",0,0,0
2020-07-17,Pittsylvania-Danville,White,109,20,3
2020-07-17,"Pittsylvania-Danville and Southside","Native American",0,0,0
2020-07-17,Portsmouth,"Asian or Pacific Islander",5,2,0
2020-07-17,Portsmouth,Black,443,65,13
2020-07-17,Portsmouth,Latino,42,10,1
2020-07-17,Portsmouth,"Native American",2,1,0
2020-07-17,Portsmouth,"Not Reported",259,3,0
2020-07-17,Portsmouth,"Other Race",15,2,1
2020-07-17,Portsmouth,"Two or more races",2,1,0
2020-07-17,Portsmouth,White,104,12,5
2020-07-17,"Prince William","Asian or Pacific Islander",292,43,13
2020-07-17,"Prince William",Black,729,130,39
2020-07-17,"Prince William",Latino,4449,542,58
2020-07-17,"Prince William","Native American",14,1,0
2020-07-17,"Prince William","Not Reported",3313,21,0
2020-07-17,"Prince William","Other Race",223,10,0
2020-07-17,"Prince William","Two or more races",12,1,0
2020-07-17,"Prince William",White,981,133,77
2020-07-17,Rappahannock,"Asian or Pacific Islander",46,8,1
2020-07-17,Rappahannock,Black,327,49,9
2020-07-17,Rappahannock,Latino,943,96,6
2020-07-17,Rappahannock,"Native American",3,0,0
2020-07-17,Rappahannock,"Not Reported",780,24,0
2020-07-17,Rappahannock,"Other Race",50,4,0
2020-07-17,Rappahannock,"Two or more races",13,1,0
2020-07-17,Rappahannock,White,614,71,30
2020-07-17,"Rappahannock Rapidan","Asian or Pacific Islander",5,1,0
2020-07-17,"Rappahannock Rapidan",Black,91,18,6
2020-07-17,"Rappahannock Rapidan",Latino,673,57,6
2020-07-17,"Rappahannock Rapidan","Native American",0,0,0
2020-07-17,"Rappahannock Rapidan","Not Reported",451,11,2
2020-07-17,"Rappahannock Rapidan","Other Race",21,1,0
2020-07-17,"Rappahannock Rapidan","Two or more races",15,2,0
2020-07-17,"Rappahannock Rapidan",White,397,34,11
2020-07-17,Richmond,"Asian or Pacific Islander",10,3,1
2020-07-17,Richmond,Black,640,135,23
2020-07-17,Richmond,Latino,995,80,5
2020-07-17,Richmond,"Native American",0,0,0
2020-07-17,Richmond,"Not Reported",535,2,0
2020-07-17,Richmond,"Other Race",95,8,2
2020-07-17,Richmond,"Two or more races",1,0,0
2020-07-17,Richmond,White,245,22,5
2020-07-17,Roanoke,"Asian or Pacific Islander",2,0,0
2020-07-17,Roanoke,Black,44,7,2
2020-07-17,Roanoke,Latino,186,2,0
2020-07-17,Roanoke,"Not Reported",286,1,0
2020-07-17,Roanoke,"Other Race",3,0,0
2020-07-17,Roanoke,"Two or more races",1,0,0
2020-07-17,Roanoke,White,100,5,8
2020-07-17,Southside,"Asian or Pacific Islander",1,0,0
2020-07-17,Southside,Black,138,28,9
2020-07-17,Southside,Latino,2,0,0
2020-07-17,Southside,"Not Reported",230,14,7
2020-07-17,Southside,"Other Race",6,0,1
2020-07-17,Southside,"Two or more races",22,0,0
2020-07-17,Southside,White,115,17,14
2020-07-17,"Thomas Jefferson","Asian or Pacific Islander",23,0,1
2020-07-17,"Thomas Jefferson",Black,230,53,8
2020-07-17,"Thomas Jefferson",Latino,409,18,0
2020-07-17,"Thomas Jefferson","Native American",2,0,0
2020-07-17,"Thomas Jefferson","Not Reported",114,1,0
2020-07-17,"Thomas Jefferson","Other Race",50,3,0
2020-07-17,"Thomas Jefferson","Two or more races",12,0,0
2020-07-17,"Thomas Jefferson",White,495,38,20
2020-07-17,"Three Rivers",Black,236,22,5
2020-07-17,"Three Rivers",Latino,135,4,0
2020-07-17,"Three Rivers","Not Reported",162,3,0
2020-07-17,"Three Rivers","Other Race",7,3,0
2020-07-17,"Three Rivers","Two or more races",3,0,0
2020-07-17,"Three Rivers",White,287,27,6
2020-07-17,"Virginia Beach","Asian or Pacific Islander",80,13,1
2020-07-17,"Virginia Beach",Black,648,37,6
2020-07-17,"Virginia Beach",Latino,209,16,3
2020-07-17,"Virginia Beach","Native American",1,0,0
2020-07-17,"Virginia Beach","Not Reported",575,5,3
2020-07-17,"Virginia Beach","Other Race",23,1,0
2020-07-17,"Virginia Beach","Two or more races",21,2,0
2020-07-17,"Virginia Beach",White,839,68,21
2020-07-17,"West Piedmont","Asian or Pacific Islander",11,1,1
2020-07-17,"West Piedmont",Black,148,38,1
2020-07-17,"West Piedmont",Latino,180,8,0
2020-07-17,"West Piedmont","Native American",0,0,0
2020-07-17,"West Piedmont","Not Reported",112,1,1
2020-07-17,"West Piedmont","Other Race",2,1,1
2020-07-17,"West Piedmont","Two or more races",0,0,0
2020-07-17,"West Piedmont",White,238,25,4
2020-07-17,"Western Tidewater","Asian or Pacific Islander",9,1,0
2020-07-17,"Western Tidewater",Black,505,58,31
2020-07-17,"Western Tidewater",Latino,15,1,0
2020-07-17,"Western Tidewater","Native American",1,0,0
2020-07-17,"Western Tidewater","Not Reported",383,3,2
2020-07-17,"Western Tidewater","Other Race",22,0,1
2020-07-17,"Western Tidewater","Two or more races",2,0,0
2020-07-17,"Western Tidewater",White,268,41,34
2020-07-18,Alexandria,"Asian or Pacific Islander",86,8,1
2020-07-18,Alexandria,Black,402,65,12
2020-07-18,Alexandria,Latino,1370,120,8
2020-07-18,Alexandria,"Native American",2,0,0
2020-07-18,Alexandria,"Not Reported",146,6,0
2020-07-18,Alexandria,"Other Race",45,5,2
2020-07-18,Alexandria,"Two or more races",5,1,0
2020-07-18,Alexandria,White,484,50,33
2020-07-18,Alleghany,"Asian or Pacific Islander",4,0,0
2020-07-18,Alleghany,Black,23,2,1
2020-07-18,Alleghany,Latino,81,6,0
2020-07-18,Alleghany,"Not Reported",307,1,0
2020-07-18,Alleghany,"Other Race",4,0,0
2020-07-18,Alleghany,"Two or more races",2,0,0
2020-07-18,Alleghany,White,273,28,14
2020-07-18,"Alleghany and Roanoke","Native American",0,0,0
2020-07-18,Arlington,"Asian or Pacific Islander",129,22,12
2020-07-18,Arlington,Black,239,69,32
2020-07-18,Arlington,Latino,1296,208,23
2020-07-18,Arlington,"Native American",3,0,0
2020-07-18,Arlington,"Not Reported",199,2,0
2020-07-18,Arlington,"Other Race",61,8,3
2020-07-18,Arlington,"Two or more races",17,2,0
2020-07-18,Arlington,White,782,116,65
2020-07-18,"Central Shenandoah","Asian or Pacific Islander",17,2,0
2020-07-18,"Central Shenandoah",Black,107,9,4
2020-07-18,"Central Shenandoah",Latino,822,50,4
2020-07-18,"Central Shenandoah","Native American",3,1,0
2020-07-18,"Central Shenandoah","Not Reported",204,3,1
2020-07-18,"Central Shenandoah","Other Race",34,1,0
2020-07-18,"Central Shenandoah","Two or more races",10,1,0
2020-07-18,"Central Shenandoah",White,1211,124,39
2020-07-18,"Central Virginia","Asian or Pacific Islander",0,0,0
2020-07-18,"Central Virginia",Black,31,3,1
2020-07-18,"Central Virginia",Latino,25,1,1
2020-07-18,"Central Virginia","Native American",0,0,0
2020-07-18,"Central Virginia","Not Reported",416,4,0
2020-07-18,"Central Virginia","Other Race",2,0,0
2020-07-18,"Central Virginia","Two or more races",0,0,0
2020-07-18,"Central Virginia",White,102,9,4
2020-07-18,Chesapeake,"Asian or Pacific Islander",27,5,2
2020-07-18,Chesapeake,Black,606,86,7
2020-07-18,Chesapeake,Latino,155,15,2
2020-07-18,Chesapeake,"Native American",8,0,0
2020-07-18,Chesapeake,"Not Reported",359,3,0
2020-07-18,Chesapeake,"Other Race",19,1,0
2020-07-18,Chesapeake,"Two or more races",9,0,0
2020-07-18,Chesapeake,White,429,54,13
2020-07-18,Chesterfield,"Asian or Pacific Islander",33,2,0
2020-07-18,Chesterfield,Black,492,73,21
2020-07-18,Chesterfield,Latino,812,46,3
2020-07-18,Chesterfield,"Native American",3,0,0
2020-07-18,Chesterfield,"Not Reported",1564,4,11
2020-07-18,Chesterfield,"Other Race",175,6,0
2020-07-18,Chesterfield,"Two or more races",10,1,0
2020-07-18,Chesterfield,White,603,74,53
2020-07-18,Chickahominy,"Asian or Pacific Islander",5,1,0
2020-07-18,Chickahominy,Black,139,35,10
2020-07-18,Chickahominy,Latino,53,3,0
2020-07-18,Chickahominy,"Native American",1,1,0
2020-07-18,Chickahominy,"Not Reported",209,0,1
2020-07-18,Chickahominy,"Other Race",9,2,0
2020-07-18,Chickahominy,"Two or more races",1,1,0
2020-07-18,Chickahominy,White,359,71,29
2020-07-18,Crater,"Asian or Pacific Islander",5,0,0
2020-07-18,Crater,Black,876,134,32
2020-07-18,Crater,Latino,146,7,2
2020-07-18,Crater,"Native American",3,0,0
2020-07-18,Crater,"Not Reported",418,8,6
2020-07-18,Crater,"Other Race",16,0,0
2020-07-18,Crater,"Two or more races",2,0,0
2020-07-18,Crater,White,360,37,10
2020-07-18,"Cumberland Plateau",Black,13,0,0
2020-07-18,"Cumberland Plateau",Latino,1,0,0
2020-07-18,"Cumberland Plateau","Not Reported",6,1,0
2020-07-18,"Cumberland Plateau","Other Race",0,0,0
2020-07-18,"Cumberland Plateau","Two or more races",2,0,0
2020-07-18,"Cumberland Plateau",White,107,7,0
2020-07-18,"Cumberland Plateau and Lenowisco","Asian or Pacific Islander",1,0,0
2020-07-18,"Cumberland Plateau, Lenowisco, and Mount Rogers","Native American",0,0,0
2020-07-18,"Eastern Shore",Black,803,91,25
2020-07-18,"Eastern Shore",Latino,246,8,3
2020-07-18,"Eastern Shore","Not Reported",85,0,0
2020-07-18,"Eastern Shore","Other Race",13,1,0
2020-07-18,"Eastern Shore","Two or more races",1,1,0
2020-07-18,"Eastern Shore",White,177,15,15
2020-07-18,"Eastern Shore and Three Rivers","Asian or Pacific Islander",8,1,0
2020-07-18,"Eastern Shore and Three Rivers","Native American",1,0,0
2020-07-18,Fairfax,"Asian or Pacific Islander",1188,218,70
2020-07-18,Fairfax,Black,913,186,53
2020-07-18,Fairfax,Latino,7815,855,72
2020-07-18,Fairfax,"Native American",25,1,1
2020-07-18,Fairfax,"Not Reported",2079,71,40
2020-07-18,Fairfax,"Other Race",528,65,13
2020-07-18,Fairfax,"Two or more races",36,4,0
2020-07-18,Fairfax,White,2341,408,273
2020-07-18,Hampton,"Asian or Pacific Islander",5,0,0
2020-07-18,Hampton,Black,258,28,4
2020-07-18,Hampton,Latino,38,4,0
2020-07-18,Hampton,"Native American",0,0,0
2020-07-18,Hampton,"Not Reported",253,0,0
2020-07-18,Hampton,"Other Race",8,2,0
2020-07-18,Hampton,"Two or more races",4,0,0
2020-07-18,Hampton,White,79,8,0
2020-07-18,Henrico,"Asian or Pacific Islander",125,8,3
2020-07-18,Henrico,Black,837,136,76
2020-07-18,Henrico,Latino,621,45,6
2020-07-18,Henrico,"Native American",7,0,0
2020-07-18,Henrico,"Not Reported",640,2,3
2020-07-18,Henrico,"Other Race",70,10,0
2020-07-18,Henrico,"Two or more races",8,0,0
2020-07-18,Henrico,White,697,81,87
2020-07-18,Lenowisco,Black,1,0,0
2020-07-18,Lenowisco,Latino,1,0,0
2020-07-18,Lenowisco,"Not Reported",12,1,1
2020-07-18,Lenowisco,"Other Race",1,0,0
2020-07-18,Lenowisco,"Two or more races",0,0,0
2020-07-18,Lenowisco,White,98,20,4
2020-07-18,"Lord Fairfax","Asian or Pacific Islander",7,0,0
2020-07-18,"Lord Fairfax",Black,90,9,6
2020-07-18,"Lord Fairfax",Latino,598,37,8
2020-07-18,"Lord Fairfax","Native American",2,1,1
2020-07-18,"Lord Fairfax","Not Reported",285,6,6
2020-07-18,"Lord Fairfax","Other Race",59,6,1
2020-07-18,"Lord Fairfax","Two or more races",11,0,0
2020-07-18,"Lord Fairfax",White,1246,143,58
2020-07-18,Loudoun,"Asian or Pacific Islander",201,39,10
2020-07-18,Loudoun,Black,161,24,3
2020-07-18,Loudoun,Latino,1211,141,11
2020-07-18,Loudoun,"Native American",1,0,0
2020-07-18,Loudoun,"Not Reported",1972,3,2
2020-07-18,Loudoun,"Other Race",116,10,1
2020-07-18,Loudoun,"Two or more races",26,0,0
2020-07-18,Loudoun,White,908,100,76
2020-07-18,"Mount Rogers","Asian or Pacific Islander",2,1,0
2020-07-18,"Mount Rogers",Black,30,5,2
2020-07-18,"Mount Rogers",Latino,213,1,0
2020-07-18,"Mount Rogers","Not Reported",51,2,1
2020-07-18,"Mount Rogers","Other Race",4,0,0
2020-07-18,"Mount Rogers","Two or more races",4,0,0
2020-07-18,"Mount Rogers",White,631,80,33
2020-07-18,"New River","Asian or Pacific Islander",6,0,0
2020-07-18,"New River",Black,22,3,0
2020-07-18,"New River",Latino,25,3,0
2020-07-18,"New River","Native American",0,0,0
2020-07-18,"New River","Not Reported",49,0,0
2020-07-18,"New River","Other Race",2,1,0
2020-07-18,"New River","Two or more races",0,0,0
2020-07-18,"New River",White,231,18,6
2020-07-18,Norfolk,"Asian or Pacific Islander",21,1,0
2020-07-18,Norfolk,Black,1034,90,13
2020-07-18,Norfolk,Latino,206,18,0
2020-07-18,Norfolk,"Native American",3,0,0
2020-07-18,Norfolk,"Not Reported",605,0,0
2020-07-18,Norfolk,"Other Race",27,1,0
2020-07-18,Norfolk,"Two or more races",3,0,0
2020-07-18,Norfolk,White,235,28,6
2020-07-18,Peninsula,"Asian or Pacific Islander",12,3,1
2020-07-18,Peninsula,Black,411,46,13
2020-07-18,Peninsula,Latino,226,14,0
2020-07-18,Peninsula,"Native American",2,0,0
2020-07-18,Peninsula,"Not Reported",648,1,0
2020-07-18,Peninsula,"Other Race",42,3,0
2020-07-18,Peninsula,"Two or more races",9,2,0
2020-07-18,Peninsula,White,397,75,24
2020-07-18,Piedmont,"Asian or Pacific Islander",4,0,0
2020-07-18,Piedmont,Black,381,53,7
2020-07-18,Piedmont,Latino,61,6,1
2020-07-18,Piedmont,"Native American",1,0,0
2020-07-18,Piedmont,"Not Reported",359,13,2
2020-07-18,Piedmont,"Other Race",6,0,0
2020-07-18,Piedmont,"Two or more races",4,2,0
2020-07-18,Piedmont,White,345,40,9
2020-07-18,Pittsylvania-Danville,"Asian or Pacific Islander",0,0,0
2020-07-18,Pittsylvania-Danville,Black,141,25,1
2020-07-18,Pittsylvania-Danville,Latino,38,2,0
2020-07-18,Pittsylvania-Danville,"Not Reported",84,5,0
2020-07-18,Pittsylvania-Danville,"Other Race",0,0,0
2020-07-18,Pittsylvania-Danville,"Two or more races",0,0,0
2020-07-18,Pittsylvania-Danville,White,110,20,3
2020-07-18,"Pittsylvania-Danville and Southside","Native American",0,0,0
2020-07-18,Portsmouth,"Asian or Pacific Islander",5,2,0
2020-07-18,Portsmouth,Black,481,66,13
2020-07-18,Portsmouth,Latino,42,10,1
2020-07-18,Portsmouth,"Native American",2,1,0
2020-07-18,Portsmouth,"Not Reported",268,2,0
2020-07-18,Portsmouth,"Other Race",15,2,1
2020-07-18,Portsmouth,"Two or more races",2,1,0
2020-07-18,Portsmouth,White,110,12,5
2020-07-18,"Prince William","Asian or Pacific Islander",292,43,13
2020-07-18,"Prince William",Black,736,131,40
2020-07-18,"Prince William",Latino,4469,542,58
2020-07-18,"Prince William","Native American",15,1,0
2020-07-18,"Prince William","Not Reported",3340,21,0
2020-07-18,"Prince William","Other Race",228,11,0
2020-07-18,"Prince William","Two or more races",12,1,0
2020-07-18,"Prince William",White,1003,133,77
2020-07-18,Rappahannock,"Asian or Pacific Islander",46,8,1
2020-07-18,Rappahannock,Black,332,49,9
2020-07-18,Rappahannock,Latino,958,96,6
2020-07-18,Rappahannock,"Native American",3,0,0
2020-07-18,Rappahannock,"Not Reported",782,24,0
2020-07-18,Rappahannock,"Other Race",51,4,0
2020-07-18,Rappahannock,"Two or more races",13,1,0
2020-07-18,Rappahannock,White,621,74,30
2020-07-18,"Rappahannock Rapidan","Asian or Pacific Islander",5,1,0
2020-07-18,"Rappahannock Rapidan",Black,93,18,6
2020-07-18,"Rappahannock Rapidan",Latino,676,57,6
2020-07-18,"Rappahannock Rapidan","Native American",0,0,0
2020-07-18,"Rappahannock Rapidan","Not Reported",459,11,2
2020-07-18,"Rappahannock Rapidan","Other Race",21,1,0
2020-07-18,"Rappahannock Rapidan","Two or more races",15,2,0
2020-07-18,"Rappahannock Rapidan",White,404,35,11
2020-07-18,Richmond,"Asian or Pacific Islander",10,3,1
2020-07-18,Richmond,Black,646,135,23
2020-07-18,Richmond,Latino,1000,80,5
2020-07-18,Richmond,"Native American",0,0,0
2020-07-18,Richmond,"Not Reported",536,2,0
2020-07-18,Richmond,"Other Race",97,8,2
2020-07-18,Richmond,"Two or more races",2,0,0
2020-07-18,Richmond,White,250,22,5
2020-07-18,Roanoke,"Asian or Pacific Islander",2,0,0
2020-07-18,Roanoke,Black,44,7,2
2020-07-18,Roanoke,Latino,186,2,0
2020-07-18,Roanoke,"Not Reported",284,1,0
2020-07-18,Roanoke,"Other Race",3,0,0
2020-07-18,Roanoke,"Two or more races",1,0,0
2020-07-18,Roanoke,White,101,5,8
2020-07-18,Southside,"Asian or Pacific Islander",1,0,0
2020-07-18,Southside,Black,143,30,9
2020-07-18,Southside,Latino,2,0,0
2020-07-18,Southside,"Not Reported",225,9,6
2020-07-18,Southside,"Other Race",6,0,1
2020-07-18,Southside,"Two or more races",22,0,0
2020-07-18,Southside,White,122,21,16
2020-07-18,"Thomas Jefferson","Asian or Pacific Islander",23,0,1
2020-07-18,"Thomas Jefferson",Black,235,54,8
2020-07-18,"Thomas Jefferson",Latino,417,18,0
2020-07-18,"Thomas Jefferson","Native American",2,0,0
2020-07-18,"Thomas Jefferson","Not Reported",120,1,0
2020-07-18,"Thomas Jefferson","Other Race",53,3,0
2020-07-18,"Thomas Jefferson","Two or more races",13,0,0
2020-07-18,"Thomas Jefferson",White,500,39,20
2020-07-18,"Three Rivers",Black,239,23,5
2020-07-18,"Three Rivers",Latino,135,4,0
2020-07-18,"Three Rivers","Not Reported",160,2,0
2020-07-18,"Three Rivers","Other Race",7,3,0
2020-07-18,"Three Rivers","Two or more races",3,0,0
2020-07-18,"Three Rivers",White,293,28,6
2020-07-18,"Virginia Beach","Asian or Pacific Islander",85,13,1
2020-07-18,"Virginia Beach",Black,669,38,6
2020-07-18,"Virginia Beach",Latino,213,17,3
2020-07-18,"Virginia Beach","Native American",1,0,0
2020-07-18,"Virginia Beach","Not Reported",590,5,3
2020-07-18,"Virginia Beach","Other Race",24,1,0
2020-07-18,"Virginia Beach","Two or more races",22,2,0
2020-07-18,"Virginia Beach",White,860,68,23
2020-07-18,"West Piedmont","Asian or Pacific Islander",11,1,1
2020-07-18,"West Piedmont",Black,153,40,1
2020-07-18,"West Piedmont",Latino,181,8,0
2020-07-18,"West Piedmont","Native American",0,0,0
2020-07-18,"West Piedmont","Not Reported",109,2,1
2020-07-18,"West Piedmont","Other Race",2,1,1
2020-07-18,"West Piedmont","Two or more races",0,0,0
2020-07-18,"West Piedmont",White,243,26,4
2020-07-18,"Western Tidewater","Asian or Pacific Islander",9,1,0
2020-07-18,"Western Tidewater",Black,525,60,31
2020-07-18,"Western Tidewater",Latino,16,1,0
2020-07-18,"Western Tidewater","Native American",1,0,0
2020-07-18,"Western Tidewater","Not Reported",393,3,2
2020-07-18,"Western Tidewater","Other Race",22,0,1
2020-07-18,"Western Tidewater","Two or more races",2,0,0
2020-07-18,"Western Tidewater",White,279,44,34
2020-07-19,Alexandria,"Asian or Pacific Islander",87,8,1
2020-07-19,Alexandria,Black,403,65,12
2020-07-19,Alexandria,Latino,1375,120,8
2020-07-19,Alexandria,"Native American",2,0,0
2020-07-19,Alexandria,"Not Reported",148,6,0
2020-07-19,Alexandria,"Other Race",45,5,2
2020-07-19,Alexandria,"Two or more races",5,1,0
2020-07-19,Alexandria,White,482,50,33
2020-07-19,Alleghany,"Asian or Pacific Islander",4,0,0
2020-07-19,Alleghany,Black,23,2,1
2020-07-19,Alleghany,Latino,81,6,0
2020-07-19,Alleghany,"Not Reported",314,1,0
2020-07-19,Alleghany,"Other Race",4,0,0
2020-07-19,Alleghany,"Two or more races",2,0,0
2020-07-19,Alleghany,White,276,28,14
2020-07-19,"Alleghany and Roanoke","Native American",0,0,0
2020-07-19,Arlington,"Asian or Pacific Islander",129,22,12
2020-07-19,Arlington,Black,240,69,32
2020-07-19,Arlington,Latino,1296,210,23
2020-07-19,Arlington,"Native American",3,0,0
2020-07-19,Arlington,"Not Reported",208,3,0
2020-07-19,Arlington,"Other Race",62,8,3
2020-07-19,Arlington,"Two or more races",17,2,0
2020-07-19,Arlington,White,778,116,65
2020-07-19,"Central Shenandoah","Asian or Pacific Islander",17,2,0
2020-07-19,"Central Shenandoah",Black,107,9,4
2020-07-19,"Central Shenandoah",Latino,823,50,4
2020-07-19,"Central Shenandoah","Native American",3,1,0
2020-07-19,"Central Shenandoah","Not Reported",204,3,1
2020-07-19,"Central Shenandoah","Other Race",34,1,0
2020-07-19,"Central Shenandoah","Two or more races",10,1,0
2020-07-19,"Central Shenandoah",White,1212,123,39
2020-07-19,"Central Virginia","Asian or Pacific Islander",0,0,0
2020-07-19,"Central Virginia",Black,33,3,1
2020-07-19,"Central Virginia",Latino,25,1,1
2020-07-19,"Central Virginia","Native American",0,0,0
2020-07-19,"Central Virginia","Not Reported",431,4,0
2020-07-19,"Central Virginia","Other Race",2,0,0
2020-07-19,"Central Virginia","Two or more races",0,0,0
2020-07-19,"Central Virginia",White,104,9,4
2020-07-19,Chesapeake,"Asian or Pacific Islander",27,5,2
2020-07-19,Chesapeake,Black,622,86,7
2020-07-19,Chesapeake,Latino,156,15,2
2020-07-19,Chesapeake,"Native American",8,0,0
2020-07-19,Chesapeake,"Not Reported",400,3,0
2020-07-19,Chesapeake,"Other Race",19,1,0
2020-07-19,Chesapeake,"Two or more races",9,0,0
2020-07-19,Chesapeake,White,444,54,13
2020-07-19,Chesterfield,"Asian or Pacific Islander",33,2,0
2020-07-19,Chesterfield,Black,494,73,21
2020-07-19,Chesterfield,Latino,816,46,3
2020-07-19,Chesterfield,"Native American",3,0,0
2020-07-19,Chesterfield,"Not Reported",1579,4,11
2020-07-19,Chesterfield,"Other Race",175,6,0
2020-07-19,Chesterfield,"Two or more races",10,1,0
2020-07-19,Chesterfield,White,603,74,53
2020-07-19,Chickahominy,"Asian or Pacific Islander",5,1,0
2020-07-19,Chickahominy,Black,139,36,10
2020-07-19,Chickahominy,Latino,53,3,0
2020-07-19,Chickahominy,"Native American",1,1,0
2020-07-19,Chickahominy,"Not Reported",213,0,1
2020-07-19,Chickahominy,"Other Race",10,2,0
2020-07-19,Chickahominy,"Two or more races",1,1,0
2020-07-19,Chickahominy,White,362,71,29
2020-07-19,Crater,"Asian or Pacific Islander",5,0,0
2020-07-19,Crater,Black,884,136,32
2020-07-19,Crater,Latino,147,7,2
2020-07-19,Crater,"Native American",3,0,0
2020-07-19,Crater,"Not Reported",428,8,6
2020-07-19,Crater,"Other Race",16,0,0
2020-07-19,Crater,"Two or more races",2,0,0
2020-07-19,Crater,White,364,37,10
2020-07-19,"Cumberland Plateau",Black,13,0,0
2020-07-19,"Cumberland Plateau",Latino,1,0,0
2020-07-19,"Cumberland Plateau","Not Reported",8,1,0
2020-07-19,"Cumberland Plateau","Other Race",0,0,0
2020-07-19,"Cumberland Plateau","Two or more races",2,0,0
2020-07-19,"Cumberland Plateau",White,110,8,0
2020-07-19,"Cumberland Plateau and Lenowisco","Asian or Pacific Islander",1,0,0
2020-07-19,"Cumberland Plateau, Lenowisco, and Mount Rogers","Native American",0,0,0
2020-07-19,"Eastern Shore",Black,803,91,25
2020-07-19,"Eastern Shore",Latino,247,8,3
2020-07-19,"Eastern Shore","Not Reported",85,0,0
2020-07-19,"Eastern Shore","Other Race",13,1,0
2020-07-19,"Eastern Shore","Two or more races",1,1,0
2020-07-19,"Eastern Shore",White,177,15,15
2020-07-19,"Eastern Shore and Three Rivers","Asian or Pacific Islander",8,1,0
2020-07-19,"Eastern Shore and Three Rivers","Native American",1,0,0
2020-07-19,Fairfax,"Asian or Pacific Islander",1202,219,70
2020-07-19,Fairfax,Black,916,186,53
2020-07-19,Fairfax,Latino,7835,856,72
2020-07-19,Fairfax,"Native American",25,1,1
2020-07-19,Fairfax,"Not Reported",2100,71,40
2020-07-19,Fairfax,"Other Race",529,65,13
2020-07-19,Fairfax,"Two or more races",38,4,0
2020-07-19,Fairfax,White,2360,408,273
2020-07-19,Hampton,"Asian or Pacific Islander",5,0,0
2020-07-19,Hampton,Black,276,28,4
2020-07-19,Hampton,Latino,38,4,0
2020-07-19,Hampton,"Native American",0,0,0
2020-07-19,Hampton,"Not Reported",286,0,0
2020-07-19,Hampton,"Other Race",11,2,0
2020-07-19,Hampton,"Two or more races",4,0,0
2020-07-19,Hampton,White,81,8,0
2020-07-19,Henrico,"Asian or Pacific Islander",125,8,3
2020-07-19,Henrico,Black,845,136,76
2020-07-19,Henrico,Latino,623,46,6
2020-07-19,Henrico,"Native American",7,0,0
2020-07-19,Henrico,"Not Reported",657,2,3
2020-07-19,Henrico,"Other Race",71,11,0
2020-07-19,Henrico,"Two or more races",8,0,0
2020-07-19,Henrico,White,701,81,87
2020-07-19,Lenowisco,Black,1,0,0
2020-07-19,Lenowisco,Latino,1,0,0
2020-07-19,Lenowisco,"Not Reported",12,1,1
2020-07-19,Lenowisco,"Other Race",1,0,0
2020-07-19,Lenowisco,"Two or more races",0,0,0
2020-07-19,Lenowisco,White,98,20,4
2020-07-19,"Lord Fairfax","Asian or Pacific Islander",7,0,0
2020-07-19,"Lord Fairfax",Black,91,9,6
2020-07-19,"Lord Fairfax",Latino,598,37,8
2020-07-19,"Lord Fairfax","Native American",2,1,1
2020-07-19,"Lord Fairfax","Not Reported",288,6,6
2020-07-19,"Lord Fairfax","Other Race",61,6,1
2020-07-19,"Lord Fairfax","Two or more races",11,0,0
2020-07-19,"Lord Fairfax",White,1252,143,58
2020-07-19,Loudoun,"Asian or Pacific Islander",203,39,10
2020-07-19,Loudoun,Black,166,24,3
2020-07-19,Loudoun,Latino,1216,141,11
2020-07-19,Loudoun,"Native American",2,0,0
2020-07-19,Loudoun,"Not Reported",1999,3,2
2020-07-19,Loudoun,"Other Race",119,10,1
2020-07-19,Loudoun,"Two or more races",26,0,0
2020-07-19,Loudoun,White,916,100,76
2020-07-19,"Mount Rogers","Asian or Pacific Islander",2,1,0
2020-07-19,"Mount Rogers",Black,30,5,2
2020-07-19,"Mount Rogers",Latino,215,1,0
2020-07-19,"Mount Rogers","Not Reported",51,2,1
2020-07-19,"Mount Rogers","Other Race",4,0,0
2020-07-19,"Mount Rogers","Two or more races",4,0,0
2020-07-19,"Mount Rogers",White,651,80,33
2020-07-19,"New River","Asian or Pacific Islander",6,0,0
2020-07-19,"New River",Black,24,3,0
2020-07-19,"New River",Latino,25,3,0
2020-07-19,"New River","Native American",0,0,0
2020-07-19,"New River","Not Reported",49,0,0
2020-07-19,"New River","Other Race",3,1,0
2020-07-19,"New River","Two or more races",0,0,0
2020-07-19,"New River",White,236,18,6
2020-07-19,Norfolk,"Asian or Pacific Islander",21,1,0
2020-07-19,Norfolk,Black,1036,91,13
2020-07-19,Norfolk,Latino,207,18,0
2020-07-19,Norfolk,"Native American",3,0,0
2020-07-19,Norfolk,"Not Reported",622,0,0
2020-07-19,Norfolk,"Other Race",27,1,0
2020-07-19,Norfolk,"Two or more races",3,0,0
2020-07-19,Norfolk,White,236,29,6
2020-07-19,Peninsula,"Asian or Pacific Islander",13,3,1
2020-07-19,Peninsula,Black,446,46,13
2020-07-19,Peninsula,Latino,227,14,0
2020-07-19,Peninsula,"Native American",2,0,0
2020-07-19,Peninsula,"Not Reported",764,1,0
2020-07-19,Peninsula,"Other Race",47,3,0
2020-07-19,Peninsula,"Two or more races",9,2,0
2020-07-19,Peninsula,White,416,75,24
2020-07-19,Piedmont,"Asian or Pacific Islander",4,0,0
2020-07-19,Piedmont,Black,380,53,7
2020-07-19,Piedmont,Latino,61,6,1
2020-07-19,Piedmont,"Native American",1,0,0
2020-07-19,Piedmont,"Not Reported",360,13,2
2020-07-19,Piedmont,"Other Race",6,0,0
2020-07-19,Piedmont,"Two or more races",4,2,0
2020-07-19,Piedmont,White,348,40,9
2020-07-19,Pittsylvania-Danville,"Asian or Pacific Islander",0,0,0
2020-07-19,Pittsylvania-Danville,Black,150,25,1
2020-07-19,Pittsylvania-Danville,Latino,38,2,0
2020-07-19,Pittsylvania-Danville,"Not Reported",106,5,0
2020-07-19,Pittsylvania-Danville,"Other Race",0,0,0
2020-07-19,Pittsylvania-Danville,"Two or more races",0,0,0
2020-07-19,Pittsylvania-Danville,White,111,20,3
2020-07-19,"Pittsylvania-Danville and Southside","Native American",0,0,0
2020-07-19,Portsmouth,"Asian or Pacific Islander",5,2,0
2020-07-19,Portsmouth,Black,500,66,13
2020-07-19,Portsmouth,Latino,43,10,1
2020-07-19,Portsmouth,"Native American",2,1,0
2020-07-19,Portsmouth,"Not Reported",285,2,0
2020-07-19,Portsmouth,"Other Race",17,2,1
2020-07-19,Portsmouth,"Two or more races",2,1,0
2020-07-19,Portsmouth,White,112,12,5
2020-07-19,"Prince William","Asian or Pacific Islander",294,43,13
2020-07-19,"Prince William",Black,741,132,40
2020-07-19,"Prince William",Latino,4488,542,58
2020-07-19,"Prince William","Native American",15,1,0
2020-07-19,"Prince William","Not Reported",3359,21,0
2020-07-19,"Prince William","Other Race",229,11,0
2020-07-19,"Prince William","Two or more races",12,1,0
2020-07-19,"Prince William",White,1013,133,78
2020-07-19,Rappahannock,"Asian or Pacific Islander",47,8,1
2020-07-19,Rappahannock,Black,337,49,9
2020-07-19,Rappahannock,Latino,958,96,6
2020-07-19,Rappahannock,"Native American",3,0,0
2020-07-19,Rappahannock,"Not Reported",787,24,0
2020-07-19,Rappahannock,"Other Race",51,4,0
2020-07-19,Rappahannock,"Two or more races",14,1,0
2020-07-19,Rappahannock,White,631,74,30
2020-07-19,"Rappahannock Rapidan","Asian or Pacific Islander",5,1,0
2020-07-19,"Rappahannock Rapidan",Black,96,18,6
2020-07-19,"Rappahannock Rapidan",Latino,677,57,6
2020-07-19,"Rappahannock Rapidan","Native American",1,0,0
2020-07-19,"Rappahannock Rapidan","Not Reported",462,11,2
2020-07-19,"Rappahannock Rapidan","Other Race",21,1,0
2020-07-19,"Rappahannock Rapidan","Two or more races",15,2,0
2020-07-19,"Rappahannock Rapidan",White,409,35,11
2020-07-19,Richmond,"Asian or Pacific Islander",10,3,1
2020-07-19,Richmond,Black,656,135,23
2020-07-19,Richmond,Latino,1002,80,5
2020-07-19,Richmond,"Native American",0,0,0
2020-07-19,Richmond,"Not Reported",546,2,0
2020-07-19,Richmond,"Other Race",96,8,2
2020-07-19,Richmond,"Two or more races",2,0,0
2020-07-19,Richmond,White,251,22,5
2020-07-19,Roanoke,"Asian or Pacific Islander",2,0,0
2020-07-19,Roanoke,Black,48,7,2
2020-07-19,Roanoke,Latino,186,2,0
2020-07-19,Roanoke,"Not Reported",295,1,0
2020-07-19,Roanoke,"Other Race",3,0,0
2020-07-19,Roanoke,"Two or more races",1,0,0
2020-07-19,Roanoke,White,102,5,8
2020-07-19,Southside,"Asian or Pacific Islander",1,0,0
2020-07-19,Southside,Black,143,30,9
2020-07-19,Southside,Latino,2,0,0
2020-07-19,Southside,"Not Reported",234,9,6
2020-07-19,Southside,"Other Race",7,0,1
2020-07-19,Southside,"Two or more races",22,0,0
2020-07-19,Southside,White,124,21,16
2020-07-19,"Thomas Jefferson","Asian or Pacific Islander",23,0,1
2020-07-19,"Thomas Jefferson",Black,238,55,8
2020-07-19,"Thomas Jefferson",Latino,420,18,0
2020-07-19,"Thomas Jefferson","Native American",2,0,0
2020-07-19,"Thomas Jefferson","Not Reported",124,1,0
2020-07-19,"Thomas Jefferson","Other Race",52,3,0
2020-07-19,"Thomas Jefferson","Two or more races",14,0,0
2020-07-19,"Thomas Jefferson",White,503,39,20
2020-07-19,"Three Rivers",Black,241,23,5
2020-07-19,"Three Rivers",Latino,135,4,0
2020-07-19,"Three Rivers","Not Reported",168,2,0
2020-07-19,"Three Rivers","Other Race",7,3,0
2020-07-19,"Three Rivers","Two or more races",3,0,0
2020-07-19,"Three Rivers",White,296,28,6
2020-07-19,"Virginia Beach","Asian or Pacific Islander",91,13,1
2020-07-19,"Virginia Beach",Black,709,39,7
2020-07-19,"Virginia Beach",Latino,217,17,3
2020-07-19,"Virginia Beach","Native American",2,0,0
2020-07-19,"Virginia Beach","Not Reported",648,5,3
2020-07-19,"Virginia Beach","Other Race",26,1,0
2020-07-19,"Virginia Beach","Two or more races",23,2,0
2020-07-19,"Virginia Beach",White,894,71,23
2020-07-19,"West Piedmont","Asian or Pacific Islander",11,1,1
2020-07-19,"West Piedmont",Black,153,40,1
2020-07-19,"West Piedmont",Latino,181,8,0
2020-07-19,"West Piedmont","Native American",0,0,0
2020-07-19,"West Piedmont","Not Reported",109,2,1
2020-07-19,"West Piedmont","Other Race",2,1,1
2020-07-19,"West Piedmont","Two or more races",0,0,0
2020-07-19,"West Piedmont",White,243,26,4
2020-07-19,"Western Tidewater","Asian or Pacific Islander",9,1,0
2020-07-19,"Western Tidewater",Black,543,60,31
2020-07-19,"Western Tidewater",Latino,16,1,0
2020-07-19,"Western Tidewater","Native American",1,0,0
2020-07-19,"Western Tidewater","Not Reported",399,3,2
2020-07-19,"Western Tidewater","Other Race",22,0,1
2020-07-19,"Western Tidewater","Two or more races",2,0,0
2020-07-19,"Western Tidewater",White,288,44,34
2020-07-20,Alexandria,"Asian or Pacific Islander",87,8,1
2020-07-20,Alexandria,Black,404,65,12
2020-07-20,Alexandria,Latino,1375,120,8
2020-07-20,Alexandria,"Native American",2,0,0
2020-07-20,Alexandria,"Not Reported",153,6,0
2020-07-20,Alexandria,"Other Race",47,5,2
2020-07-20,Alexandria,"Two or more races",5,1,0
2020-07-20,Alexandria,White,486,50,33
2020-07-20,Alleghany,"Asian or Pacific Islander",4,0,0
2020-07-20,Alleghany,Black,25,2,1
2020-07-20,Alleghany,Latino,83,6,0
2020-07-20,Alleghany,"Not Reported",316,1,0
2020-07-20,Alleghany,"Other Race",4,0,0
2020-07-20,Alleghany,"Two or more races",2,0,0
2020-07-20,Alleghany,White,281,28,14
2020-07-20,"Alleghany and Roanoke","Native American",0,0,0
2020-07-20,Arlington,"Asian or Pacific Islander",130,22,12
2020-07-20,Arlington,Black,244,69,32
2020-07-20,Arlington,Latino,1307,210,23
2020-07-20,Arlington,"Native American",3,0,0
2020-07-20,Arlington,"Not Reported",190,3,0
2020-07-20,Arlington,"Other Race",63,8,3
2020-07-20,Arlington,"Two or more races",16,2,0
2020-07-20,Arlington,White,784,116,65
2020-07-20,"Central Shenandoah","Asian or Pacific Islander",17,2,0
2020-07-20,"Central Shenandoah",Black,108,9,4
2020-07-20,"Central Shenandoah",Latino,824,50,4
2020-07-20,"Central Shenandoah","Native American",3,1,0
2020-07-20,"Central Shenandoah","Not Reported",210,3,1
2020-07-20,"Central Shenandoah","Other Race",35,1,0
2020-07-20,"Central Shenandoah","Two or more races",10,1,0
2020-07-20,"Central Shenandoah",White,1223,125,39
2020-07-20,"Central Virginia","Asian or Pacific Islander",0,0,0
2020-07-20,"Central Virginia",Black,35,3,1
2020-07-20,"Central Virginia",Latino,25,1,1
2020-07-20,"Central Virginia","Native American",0,0,0
2020-07-20,"Central Virginia","Not Reported",468,4,0
2020-07-20,"Central Virginia","Other Race",2,0,0
2020-07-20,"Central Virginia","Two or more races",0,0,0
2020-07-20,"Central Virginia",White,106,9,4
2020-07-20,Chesapeake,"Asian or Pacific Islander",28,5,2
2020-07-20,Chesapeake,Black,644,90,7
2020-07-20,Chesapeake,Latino,158,15,2
2020-07-20,Chesapeake,"Native American",8,0,0
2020-07-20,Chesapeake,"Not Reported",428,3,0
2020-07-20,Chesapeake,"Other Race",19,1,0
2020-07-20,Chesapeake,"Two or more races",8,0,0
2020-07-20,Chesapeake,White,465,55,13
2020-07-20,Chesterfield,"Asian or Pacific Islander",33,2,0
2020-07-20,Chesterfield,Black,498,73,21
2020-07-20,Chesterfield,Latino,820,46,3
2020-07-20,Chesterfield,"Native American",3,0,0
2020-07-20,Chesterfield,"Not Reported",1597,4,11
2020-07-20,Chesterfield,"Other Race",175,6,0
2020-07-20,Chesterfield,"Two or more races",11,2,0
2020-07-20,Chesterfield,White,602,74,53
2020-07-20,Chickahominy,"Asian or Pacific Islander",5,1,0
2020-07-20,Chickahominy,Black,141,36,10
2020-07-20,Chickahominy,Latino,54,3,0
2020-07-20,Chickahominy,"Native American",1,1,0
2020-07-20,Chickahominy,"Not Reported",215,0,1
2020-07-20,Chickahominy,"Other Race",10,2,0
2020-07-20,Chickahominy,"Two or more races",1,1,0
2020-07-20,Chickahominy,White,363,71,29
2020-07-20,Crater,"Asian or Pacific Islander",5,0,0
2020-07-20,Crater,Black,896,136,32
2020-07-20,Crater,Latino,149,7,2
2020-07-20,Crater,"Native American",4,0,0
2020-07-20,Crater,"Not Reported",422,9,6
2020-07-20,Crater,"Other Race",16,0,0
2020-07-20,Crater,"Two or more races",2,0,0
2020-07-20,Crater,White,366,37,10
2020-07-20,"Cumberland Plateau",Black,13,0,0
2020-07-20,"Cumberland Plateau",Latino,1,0,0
2020-07-20,"Cumberland Plateau","Not Reported",9,1,0
2020-07-20,"Cumberland Plateau","Other Race",0,0,0
2020-07-20,"Cumberland Plateau","Two or more races",2,0,0
2020-07-20,"Cumberland Plateau",White,113,9,0
2020-07-20,"Cumberland Plateau and Lenowisco","Asian or Pacific Islander",1,0,0
2020-07-20,"Cumberland Plateau, Lenowisco, and Mount Rogers","Native American",0,0,0
2020-07-20,"Eastern Shore",Black,803,91,25
2020-07-20,"Eastern Shore",Latino,248,9,3
2020-07-20,"Eastern Shore","Not Reported",85,0,0
2020-07-20,"Eastern Shore","Other Race",13,1,0
2020-07-20,"Eastern Shore","Two or more races",1,1,0
2020-07-20,"Eastern Shore",White,178,15,15
2020-07-20,"Eastern Shore and Three Rivers","Asian or Pacific Islander",8,1,0
2020-07-20,"Eastern Shore and Three Rivers","Native American",1,0,0
2020-07-20,Fairfax,"Asian or Pacific Islander",1207,219,70
2020-07-20,Fairfax,Black,926,186,53
2020-07-20,Fairfax,Latino,7849,858,72
2020-07-20,Fairfax,"Native American",26,1,1
2020-07-20,Fairfax,"Not Reported",2114,70,40
2020-07-20,Fairfax,"Other Race",531,65,13
2020-07-20,Fairfax,"Two or more races",38,4,0
2020-07-20,Fairfax,White,2371,409,273
2020-07-20,Hampton,"Asian or Pacific Islander",5,0,0
2020-07-20,Hampton,Black,282,29,4
2020-07-20,Hampton,Latino,38,4,0
2020-07-20,Hampton,"Native American",0,0,0
2020-07-20,Hampton,"Not Reported",299,0,0
2020-07-20,Hampton,"Other Race",11,2,0
2020-07-20,Hampton,"Two or more races",4,0,0
2020-07-20,Hampton,White,84,8,0
2020-07-20,Henrico,"Asian or Pacific Islander",125,8,3
2020-07-20,Henrico,Black,858,137,76
2020-07-20,Henrico,Latino,629,46,6
2020-07-20,Henrico,"Native American",7,0,0
2020-07-20,Henrico,"Not Reported",656,2,3
2020-07-20,Henrico,"Other Race",71,11,0
2020-07-20,Henrico,"Two or more races",8,0,0
2020-07-20,Henrico,White,704,81,87
2020-07-20,Lenowisco,Black,1,0,0
2020-07-20,Lenowisco,Latino,1,0,0
2020-07-20,Lenowisco,"Not Reported",16,1,1
2020-07-20,Lenowisco,"Other Race",1,0,0
2020-07-20,Lenowisco,"Two or more races",0,0,0
2020-07-20,Lenowisco,White,100,20,4
2020-07-20,"Lord Fairfax","Asian or Pacific Islander",7,0,0
2020-07-20,"Lord Fairfax",Black,93,10,6
2020-07-20,"Lord Fairfax",Latino,599,37,8
2020-07-20,"Lord Fairfax","Native American",2,1,1
2020-07-20,"Lord Fairfax","Not Reported",291,6,6
2020-07-20,"Lord Fairfax","Other Race",62,6,1
2020-07-20,"Lord Fairfax","Two or more races",11,0,0
2020-07-20,"Lord Fairfax",White,1274,144,58
2020-07-20,Loudoun,"Asian or Pacific Islander",203,39,10
2020-07-20,Loudoun,Black,170,24,3
2020-07-20,Loudoun,Latino,1223,141,11
2020-07-20,Loudoun,"Native American",2,0,0
2020-07-20,Loudoun,"Not Reported",1997,3,2
2020-07-20,Loudoun,"Other Race",119,10,1
2020-07-20,Loudoun,"Two or more races",26,0,0
2020-07-20,Loudoun,White,930,100,76
2020-07-20,"Mount Rogers","Asian or Pacific Islander",2,1,0
2020-07-20,"Mount Rogers",Black,30,5,2
2020-07-20,"Mount Rogers",Latino,218,1,0
2020-07-20,"Mount Rogers","Not Reported",52,2,1
2020-07-20,"Mount Rogers","Other Race",4,0,0
2020-07-20,"Mount Rogers","Two or more races",4,0,0
2020-07-20,"Mount Rogers",White,662,83,33
2020-07-20,"New River","Asian or Pacific Islander",6,0,0
2020-07-20,"New River",Black,24,3,0
2020-07-20,"New River",Latino,26,3,0
2020-07-20,"New River","Native American",0,0,0
2020-07-20,"New River","Not Reported",50,0,0
2020-07-20,"New River","Other Race",3,1,0
2020-07-20,"New River","Two or more races",0,0,0
2020-07-20,"New River",White,239,18,6
2020-07-20,Norfolk,"Asian or Pacific Islander",22,1,0
2020-07-20,Norfolk,Black,1062,92,13
2020-07-20,Norfolk,Latino,207,18,0
2020-07-20,Norfolk,"Native American",3,0,0
2020-07-20,Norfolk,"Not Reported",631,0,0
2020-07-20,Norfolk,"Other Race",32,2,1
2020-07-20,Norfolk,"Two or more races",3,0,0
2020-07-20,Norfolk,White,254,29,6
2020-07-20,Peninsula,"Asian or Pacific Islander",14,3,1
2020-07-20,Peninsula,Black,456,47,14
2020-07-20,Peninsula,Latino,229,14,0
2020-07-20,Peninsula,"Native American",2,0,0
2020-07-20,Peninsula,"Not Reported",828,1,0
2020-07-20,Peninsula,"Other Race",47,3,0
2020-07-20,Peninsula,"Two or more races",9,2,0
2020-07-20,Peninsula,White,420,75,24
2020-07-20,Piedmont,"Asian or Pacific Islander",4,0,0
2020-07-20,Piedmont,Black,381,53,7
2020-07-20,Piedmont,Latino,61,6,1
2020-07-20,Piedmont,"Native American",1,0,0
2020-07-20,Piedmont,"Not Reported",370,13,2
2020-07-20,Piedmont,"Other Race",6,0,0
2020-07-20,Piedmont,"Two or more races",4,2,0
2020-07-20,Piedmont,White,350,40,9
2020-07-20,Pittsylvania-Danville,"Asian or Pacific Islander",0,0,0
2020-07-20,Pittsylvania-Danville,Black,159,29,2
2020-07-20,Pittsylvania-Danville,Latino,39,2,0
2020-07-20,Pittsylvania-Danville,"Not Reported",118,5,0
2020-07-20,Pittsylvania-Danville,"Other Race",0,0,0
2020-07-20,Pittsylvania-Danville,"Two or more races",0,0,0
2020-07-20,Pittsylvania-Danville,White,112,20,3
2020-07-20,"Pittsylvania-Danville and Southside","Native American",0,0,0
2020-07-20,Portsmouth,"Asian or Pacific Islander",5,2,0
2020-07-20,Portsmouth,Black,518,67,13
2020-07-20,Portsmouth,Latino,43,10,1
2020-07-20,Portsmouth,"Native American",2,1,0
2020-07-20,Portsmouth,"Not Reported",308,2,0
2020-07-20,Portsmouth,"Other Race",18,2,1
2020-07-20,Portsmouth,"Two or more races",2,1,0
2020-07-20,Portsmouth,White,113,12,5
2020-07-20,"Prince William","Asian or Pacific Islander",294,43,13
2020-07-20,"Prince William",Black,749,132,40
2020-07-20,"Prince William",Latino,4499,542,58
2020-07-20,"Prince William","Native American",15,1,0
2020-07-20,"Prince William","Not Reported",3371,21,0
2020-07-20,"Prince William","Other Race",230,11,0
2020-07-20,"Prince William","Two or more races",14,1,0
2020-07-20,"Prince William",White,1021,133,78
2020-07-20,Rappahannock,"Asian or Pacific Islander",47,8,1
2020-07-20,Rappahannock,Black,341,49,9
2020-07-20,Rappahannock,Latino,959,96,6
2020-07-20,Rappahannock,"Native American",3,0,0
2020-07-20,Rappahannock,"Not Reported",791,24,0
2020-07-20,Rappahannock,"Other Race",52,4,0
2020-07-20,Rappahannock,"Two or more races",14,1,0
2020-07-20,Rappahannock,White,636,74,30
2020-07-20,"Rappahannock Rapidan","Asian or Pacific Islander",5,1,0
2020-07-20,"Rappahannock Rapidan",Black,98,19,6
2020-07-20,"Rappahannock Rapidan",Latino,677,57,6
2020-07-20,"Rappahannock Rapidan","Native American",1,0,0
2020-07-20,"Rappahannock Rapidan","Not Reported",462,11,2
2020-07-20,"Rappahannock Rapidan","Other Race",21,1,0
2020-07-20,"Rappahannock Rapidan","Two or more races",15,2,0
2020-07-20,"Rappahannock Rapidan",White,415,36,11
2020-07-20,Richmond,"Asian or Pacific Islander",10,3,1
2020-07-20,Richmond,Black,661,135,23
2020-07-20,Richmond,Latino,1011,80,5
2020-07-20,Richmond,"Native American",0,0,0
2020-07-20,Richmond,"Not Reported",550,2,0
2020-07-20,Richmond,"Other Race",96,8,2
2020-07-20,Richmond,"Two or more races",2,0,0
2020-07-20,Richmond,White,258,24,5
2020-07-20,Roanoke,"Asian or Pacific Islander",2,0,0
2020-07-20,Roanoke,Black,50,7,2
2020-07-20,Roanoke,Latino,196,2,0
2020-07-20,Roanoke,"Not Reported",303,1,0
2020-07-20,Roanoke,"Other Race",3,0,0
2020-07-20,Roanoke,"Two or more races",1,0,0
2020-07-20,Roanoke,White,104,5,8
2020-07-20,Southside,"Asian or Pacific Islander",1,0,0
2020-07-20,Southside,Black,148,30,9
2020-07-20,Southside,Latino,2,0,0
2020-07-20,Southside,"Not Reported",237,9,6
2020-07-20,Southside,"Other Race",7,0,1
2020-07-20,Southside,"Two or more races",22,0,0
2020-07-20,Southside,White,125,21,16
2020-07-20,"Thomas Jefferson","Asian or Pacific Islander",23,0,1
2020-07-20,"Thomas Jefferson",Black,247,55,8
2020-07-20,"Thomas Jefferson",Latino,427,18,0
2020-07-20,"Thomas Jefferson","Native American",2,0,0
2020-07-20,"Thomas Jefferson","Not Reported",129,1,0
2020-07-20,"Thomas Jefferson","Other Race",59,3,0
2020-07-20,"Thomas Jefferson","Two or more races",14,0,0
2020-07-20,"Thomas Jefferson",White,513,39,20
2020-07-20,"Three Rivers",Black,246,23,5
2020-07-20,"Three Rivers",Latino,135,4,0
2020-07-20,"Three Rivers","Not Reported",171,2,0
2020-07-20,"Three Rivers","Other Race",7,3,0
2020-07-20,"Three Rivers","Two or more races",4,0,0
2020-07-20,"Three Rivers",White,305,28,7
2020-07-20,"Virginia Beach","Asian or Pacific Islander",92,13,1
2020-07-20,"Virginia Beach",Black,727,39,7
2020-07-20,"Virginia Beach",Latino,217,17,3
2020-07-20,"Virginia Beach","Native American",2,0,0
2020-07-20,"Virginia Beach","Not Reported",723,5,3
2020-07-20,"Virginia Beach","Other Race",26,1,0
2020-07-20,"Virginia Beach","Two or more races",24,2,0
2020-07-20,"Virginia Beach",White,909,72,23
2020-07-20,"West Piedmont","Asian or Pacific Islander",11,1,1
2020-07-20,"West Piedmont",Black,153,40,1
2020-07-20,"West Piedmont",Latino,181,8,0
2020-07-20,"West Piedmont","Native American",0,0,0
2020-07-20,"West Piedmont","Not Reported",109,2,1
2020-07-20,"West Piedmont","Other Race",2,1,1
2020-07-20,"West Piedmont","Two or more races",0,0,0
2020-07-20,"West Piedmont",White,243,26,4
2020-07-20,"Western Tidewater","Asian or Pacific Islander",9,1,0
2020-07-20,"Western Tidewater",Black,567,62,31
2020-07-20,"Western Tidewater",Latino,16,1,0
2020-07-20,"Western Tidewater","Native American",1,0,0
2020-07-20,"Western Tidewater","Not Reported",410,3,2
2020-07-20,"Western Tidewater","Other Race",22,0,1
2020-07-20,"Western Tidewater","Two or more races",2,0,0
2020-07-20,"Western Tidewater",White,304,45,34
2020-07-21,Southside,"Not Reported",239,9,6
2020-07-21,Chesapeake,White,471,55,13
2020-07-21,"Three Rivers","Other Race",7,3,0
2020-07-21,"Central Virginia","Other Race",2,0,0
2020-07-21,"Central Virginia","Two or more races",0,0,0
2020-07-21,"Cumberland Plateau",White,114,9,0
2020-07-21,Lenowisco,"Two or more races",0,0,0
2020-07-21,"Western Tidewater",Black,581,62,32
2020-07-21,"Western Tidewater",Latino,16,1,0
2020-07-21,Fairfax,"Not Reported",2154,70,39
2020-07-21,Chesapeake,"Not Reported",435,3,0
2020-07-21,"Thomas Jefferson",White,521,39,21
2020-07-21,"Cumberland Plateau","Two or more races",2,0,0
2020-07-21,Loudoun,Black,172,24,3
2020-07-21,Loudoun,Latino,1249,144,11
2020-07-21,Alleghany,Latino,83,6,0
2020-07-21,Alleghany,Black,25,2,1
2020-07-21,"Three Rivers",Black,246,22,4
2020-07-21,"Three Rivers",Latino,136,5,1
2020-07-21,"Central Shenandoah","Two or more races",10,1,0
2020-07-21,Hampton,Black,287,29,4
2020-07-21,Hampton,Latino,38,4,0
2020-07-21,Southside,"Other Race",7,0,1
2020-07-21,Piedmont,"Other Race",6,0,0
2020-07-21,"Prince William","Other Race",230,11,0
2020-07-21,Richmond,"Other Race",99,8,2
2020-07-21,Hampton,"Two or more races",4,0,0
2020-07-21,Norfolk,Latino,209,18,0
2020-07-21,"Lord Fairfax","Not Reported",292,5,6
2020-07-21,Norfolk,Black,1101,94,14
2020-07-21,"Central Virginia",Black,37,3,1
2020-07-21,Rappahannock,Latino,962,96,6
2020-07-21,"Central Virginia",Latino,25,1,1
2020-07-21,Rappahannock,Black,346,50,10
2020-07-21,"West Piedmont",White,245,27,5
2020-07-21,Rappahannock,"Not Reported",807,24,0
2020-07-21,"Central Shenandoah","Not Reported",211,3,1
2020-07-21,Chesterfield,Latino,846,52,3
2020-07-21,Chesterfield,Black,507,74,21
2020-07-21,"Central Shenandoah",Latino,827,50,4
2020-07-21,Southside,Latino,2,0,0
2020-07-21,Southside,Black,151,30,9
2020-07-21,"Central Shenandoah",Black,111,9,4
2020-07-21,Peninsula,White,426,75,24
2020-07-21,"Rappahannock Rapidan",White,422,36,11
2020-07-21,"New River",Latino,26,3,0
2020-07-21,"New River",Black,24,3,0
2020-07-21,Roanoke,"Other Race",3,0,0
2020-07-21,"Three Rivers","Two or more races",4,0,0
2020-07-21,"Prince William",White,1031,134,78
2020-07-21,"West Piedmont","Two or more races",0,0,0
2020-07-21,"New River","Not Reported",49,0,0
2020-07-21,Chesterfield,"Not Reported",1619,4,11
2020-07-21,Crater,"Two or more races",2,0,0
2020-07-21,Lenowisco,White,112,21,4
2020-07-21,"Western Tidewater",White,309,45,34
2020-07-21,"Lord Fairfax","Other Race",61,6,1
2020-07-21,Chickahominy,"Two or more races",1,1,0
2020-07-21,Henrico,Black,869,140,77
2020-07-21,Henrico,Latino,637,48,6
2020-07-21,Alleghany,White,281,28,14
2020-07-21,Peninsula,Black,473,50,14
2020-07-21,Peninsula,Latino,229,15,0
2020-07-21,Loudoun,"Other Race",116,10,1
2020-07-21,Arlington,"Not Reported",192,3,0
2020-07-21,"Mount Rogers","Not Reported",50,1,1
2020-07-21,Portsmouth,White,118,12,5
2020-07-21,"Western Tidewater","Two or more races",2,0,0
2020-07-21,"Thomas Jefferson","Not Reported",132,1,0
2020-07-21,"Three Rivers","Not Reported",173,2,0
2020-07-21,Richmond,Black,668,135,22
2020-07-21,Richmond,Latino,1016,82,5
2020-07-21,"Cumberland Plateau",Latino,2,0,0
2020-07-21,Rappahannock,"Other Race",52,4,0
2020-07-21,"Cumberland Plateau",Black,13,0,0
2020-07-21,Loudoun,"Not Reported",1986,3,2
2020-07-21,Loudoun,White,937,104,79
2020-07-21,Peninsula,"Not Reported",850,1,0
2020-07-21,Henrico,White,719,82,88
2020-07-21,Chesterfield,"Two or more races",11,2,0
2020-07-21,Richmond,White,266,24,5
2020-07-21,Chesapeake,"Two or more races",8,0,0
2020-07-21,Chickahominy,White,379,72,29
2020-07-21,Lenowisco,Latino,1,0,0
2020-07-21,Lenowisco,Black,1,0,0
2020-07-21,Roanoke,"Two or more races",1,0,0
2020-07-21,Piedmont,Latino,61,6,1
2020-07-21,Piedmont,Black,382,53,7
2020-07-21,Chesterfield,White,617,76,53
2020-07-21,"Lord Fairfax","Two or more races",11,0,0
2020-07-21,"Central Virginia",White,108,9,4
2020-07-21,Rappahannock,White,644,75,30
2020-07-21,"New River",White,240,18,6
2020-07-21,Crater,White,370,38,10
2020-07-21,Alleghany,"Not Reported",318,1,0
2020-07-21,Arlington,"Two or more races",16,2,0
2020-07-21,Portsmouth,"Other Race",21,2,1
2020-07-21,Piedmont,White,352,40,9
2020-07-21,Alleghany,"Two or more races",2,0,0
2020-07-21,Crater,Black,905,137,32
2020-07-21,Crater,Latino,149,7,2
2020-07-21,Piedmont,"Two or more races",4,2,0
2020-07-21,Pittsylvania-Danville,White,113,20,3
2020-07-21,"Rappahannock Rapidan","Other Race",22,1,0
2020-07-21,Richmond,"Not Reported",561,2,0
2020-07-21,Henrico,"Two or more races",8,0,0
2020-07-21,Henrico,"Other Race",75,11,0
2020-07-21,Loudoun,"Two or more races",26,0,0
2020-07-21,"Rappahannock Rapidan","Two or more races",15,2,0
2020-07-21,Portsmouth,Latino,43,10,1
2020-07-21,Portsmouth,Black,540,71,14
2020-07-21,Portsmouth,"Not Reported",315,2,0
2020-07-21,Alexandria,"Two or more races",6,1,0
2020-07-21,"Virginia Beach","Other Race",28,2,0
2020-07-21,Norfolk,"Not Reported",691,0,0
2020-07-21,Rappahannock,"Two or more races",15,1,0
2020-07-21,Arlington,Black,247,70,32
2020-07-21,Arlington,Latino,1314,210,23
2020-07-21,"Eastern Shore",White,181,16,15
2020-07-21,"Eastern Shore","Not Reported",85,0,0
2020-07-21,Roanoke,White,105,5,8
2020-07-21,Alexandria,"Other Race",47,5,2
2020-07-21,"Cumberland Plateau","Other Race",0,0,0
2020-07-21,"Western Tidewater","Other Race",24,0,1
2020-07-21,Lenowisco,"Other Race",1,0,0
2020-07-21,Pittsylvania-Danville,"Two or more races",0,0,0
2020-07-21,Henrico,"Not Reported",657,2,3
2020-07-21,Crater,"Other Race",16,0,0
2020-07-21,Chickahominy,"Other Race",9,2,0
2020-07-21,Roanoke,Black,50,7,2
2020-07-21,Roanoke,Latino,200,2,0
2020-07-21,Peninsula,"Two or more races",9,2,0
2020-07-21,Peninsula,"Other Race",48,3,0
2020-07-21,"Thomas Jefferson","Two or more races",14,0,0
2020-07-21,Arlington,White,783,116,65
2020-07-21,Norfolk,"Two or more races",6,0,0
2020-07-21,Alexandria,White,492,50,33
2020-07-21,Hampton,"Not Reported",318,0,0
2020-07-21,"Mount Rogers",White,670,86,33
2020-07-21,Alexandria,"Not Reported",154,6,0
2020-07-21,"Western Tidewater","Not Reported",421,3,2
2020-07-21,"Cumberland Plateau","Not Reported",11,1,0
2020-07-21,"Thomas Jefferson","Other Race",61,3,0
2020-07-21,"Mount Rogers",Black,31,5,2
2020-07-21,"Mount Rogers",Latino,222,1,0
2020-07-21,"West Piedmont",Black,162,40,1
2020-07-21,"West Piedmont",Latino,182,8,0
2020-07-21,"Virginia Beach",White,933,75,24
2020-07-21,"West Piedmont","Other Race",2,1,1
2020-07-21,Richmond,"Two or more races",3,0,0
2020-07-21,"Virginia Beach","Not Reported",770,5,3
2020-07-21,Hampton,"Other Race",13,2,0
2020-07-21,"Virginia Beach",Black,754,40,7
2020-07-21,"Virginia Beach",Latino,221,17,3
2020-07-21,Fairfax,Black,934,186,53
2020-07-21,Fairfax,Latino,7849,858,72
2020-07-21,"Prince William",Latino,4524,544,59
2020-07-21,"Prince William",Black,759,132,41
2020-07-21,Piedmont,"Not Reported",375,13,2
2020-07-21,Chesapeake,Latino,159,15,2
2020-07-21,Chesapeake,Black,661,95,7
2020-07-21,Pittsylvania-Danville,"Not Reported",117,5,0
2020-07-21,Alleghany,"Other Race",4,0,0
2020-07-21,"West Piedmont","Not Reported",133,2,1
2020-07-21,Norfolk,White,262,29,6
2020-07-21,"Virginia Beach","Two or more races",24,2,0
2020-07-21,Chesapeake,"Other Race",18,1,0
2020-07-21,Norfolk,"Other Race",34,2,1
2020-07-21,Chickahominy,Latino,56,3,0
2020-07-21,Chickahominy,Black,143,36,10
2020-07-21,"Eastern Shore",Black,805,91,25
2020-07-21,"Eastern Shore",Latino,249,9,3
2020-07-21,"Prince William","Two or more races",14,1,0
2020-07-21,Hampton,White,86,8,0
2020-07-21,"Prince William","Not Reported",3377,23,0
2020-07-21,"Mount Rogers","Two or more races",4,0,0
2020-07-21,Fairfax,White,2375,410,275
2020-07-21,"Thomas Jefferson",Black,253,55,8
2020-07-21,"Thomas Jefferson",Latino,433,18,0
2020-07-21,"Rappahannock Rapidan","Not Reported",464,11,2
2020-07-21,Southside,"Two or more races",22,0,0
2020-07-21,Lenowisco,"Not Reported",18,1,1
2020-07-21,Crater,"Not Reported",422,9,6
2020-07-21,Chickahominy,"Not Reported",216,0,1
2020-07-21,Fairfax,"Other Race",536,65,13
2020-07-21,Portsmouth,"Two or more races",2,1,0
2020-07-21,Alexandria,Black,410,65,12
2020-07-21,Alexandria,Latino,1382,120,8
2020-07-21,Roanoke,"Not Reported",304,1,0
2020-07-21,Pittsylvania-Danville,Black,159,29,2
2020-07-21,Pittsylvania-Danville,Latino,39,2,0
2020-07-21,"Eastern Shore","Two or more races",1,1,0
2020-07-21,"Lord Fairfax",White,1276,146,60
2020-07-21,Chesterfield,"Other Race",174,7,0
2020-07-21,"Mount Rogers","Other Race",5,1,0
2020-07-21,"Eastern Shore","Other Race",13,1,0
2020-07-21,"Three Rivers",White,315,28,7
2020-07-21,Pittsylvania-Danville,"Other Race",0,0,0
2020-07-21,"Rappahannock Rapidan",Latino,682,57,6
2020-07-21,"Rappahannock Rapidan",Black,104,19,6
2020-07-21,"Central Virginia","Not Reported",498,5,0
2020-07-21,"Lord Fairfax",Latino,601,37,8
2020-07-21,"Lord Fairfax",Black,94,10,6
2020-07-21,"Central Shenandoah","Other Race",35,1,0
2020-07-21,Fairfax,"Two or more races",38,4,0
2020-07-21,Arlington,"Other Race",64,8,3
2020-07-21,"New River","Two or more races",0,0,0
2020-07-21,"Central Shenandoah",White,1229,125,40
2020-07-21,Southside,White,128,21,16
2020-07-21,"New River","Other Race",3,1,0
2020-07-21,Chesterfield,"Asian or Pacific Islander",33,2,0
2020-07-21,Crater,"Asian or Pacific Islander",5,0,0
2020-07-21,Fairfax,"Asian or Pacific Islander",1209,219,70
2020-07-21,Hampton,"Asian or Pacific Islander",5,0,0
2020-07-21,"Rappahannock Rapidan","Asian or Pacific Islander",5,1,0
2020-07-21,"Mount Rogers","Asian or Pacific Islander",2,1,0
2020-07-21,"New River","Asian or Pacific Islander",6,0,0
2020-07-21,"Central Virginia","Asian or Pacific Islander",0,0,0
2020-07-21,"Lord Fairfax","Asian or Pacific Islander",7,0,0
2020-07-21,Southside,"Asian or Pacific Islander",1,0,0
2020-07-21,Alleghany,"Asian or Pacific Islander",4,0,0
2020-07-21,Portsmouth,"Asian or Pacific Islander",5,2,0
2020-07-21,Roanoke,"Asian or Pacific Islander",2,0,0
2020-07-21,Richmond,"Asian or Pacific Islander",10,3,1
2020-07-21,"Thomas Jefferson","Asian or Pacific Islander",24,0,1
2020-07-21,"Virginia Beach","Asian or Pacific Islander",97,13,1
2020-07-21,Henrico,"Asian or Pacific Islander",125,8,3
2020-07-21,Piedmont,"Asian or Pacific Islander",4,0,0
2020-07-21,"Western Tidewater","Asian or Pacific Islander",9,1,0
2020-07-21,"West Piedmont","Asian or Pacific Islander",11,1,1
2020-07-21,Chickahominy,"Asian or Pacific Islander",5,1,0
2020-07-21,Peninsula,"Asian or Pacific Islander",14,3,1
2020-07-21,Norfolk,"Asian or Pacific Islander",23,2,0
2020-07-21,Arlington,"Asian or Pacific Islander",131,22,12
2020-07-21,Loudoun,"Asian or Pacific Islander",207,39,10
2020-07-21,Alexandria,"Asian or Pacific Islander",89,8,1
2020-07-21,Rappahannock,"Asian or Pacific Islander",48,8,1
2020-07-21,Chesapeake,"Asian or Pacific Islander",30,5,2
2020-07-21,"Cumberland Plateau and Lenowisco","Asian or Pacific Islander",1,0,0
2020-07-21,"Central Shenandoah","Asian or Pacific Islander",17,2,0
2020-07-21,"Prince William","Asian or Pacific Islander",298,43,13
2020-07-21,Pittsylvania-Danville,"Asian or Pacific Islander",0,0,0
2020-07-21,"Eastern Shore and Three Rivers","Asian or Pacific Islander",8,1,0
2020-07-21,Piedmont,"Native American",1,0,0
2020-07-21,"New River","Native American",0,0,0
2020-07-21,"Central Shenandoah","Native American",3,1,0
2020-07-21,"Eastern Shore and Three Rivers","Native American",1,0,0
2020-07-21,Fairfax,"Native American",26,1,1
2020-07-21,Chesapeake,"Native American",8,0,0
2020-07-21,"Western Tidewater","Native American",1,0,0
2020-07-21,Portsmouth,"Native American",2,1,0
2020-07-21,Richmond,"Native American",0,0,0
2020-07-21,Chickahominy,"Native American",3,1,0
2020-07-21,"Thomas Jefferson","Native American",2,0,0
2020-07-21,Arlington,"Native American",3,0,0
2020-07-21,"Virginia Beach","Native American",2,0,0
2020-07-21,Peninsula,"Native American",2,0,0
2020-07-21,Hampton,"Native American",0,0,0
2020-07-21,"West Piedmont","Native American",0,0,0
2020-07-21,"Cumberland Plateau, Lenowisco, and Mount Rogers","Native American",0,0,0
2020-07-21,Henrico,"Native American",7,0,0
2020-07-21,Norfolk,"Native American",3,0,0
2020-07-21,"Prince William","Native American",15,1,0
2020-07-21,"Central Virginia","Native American",0,0,0
2020-07-21,Chesterfield,"Native American",3,0,0
2020-07-21,Rappahannock,"Native American",3,0,0
2020-07-21,Loudoun,"Native American",2,0,0
2020-07-21,Alexandria,"Native American",2,0,0
2020-07-21,"Alleghany and Roanoke","Native American",0,0,0
2020-07-21,Crater,"Native American",4,0,0
2020-07-21,"Rappahannock Rapidan","Native American",1,0,0
2020-07-21,"Lord Fairfax","Native American",2,1,1
2020-07-21,"Pittsylvania-Danville and Southside","Native American",0,0,0
2020-07-22,Southside,"Not Reported",239,9,6
2020-07-22,Chesapeake,White,489,55,13
2020-07-22,"Three Rivers","Other Race",7,3,0
2020-07-22,"Central Virginia","Other Race",3,0,0
2020-07-22,"Central Virginia","Two or more races",0,0,0
2020-07-22,"Cumberland Plateau",White,129,9,0
2020-07-22,Lenowisco,"Two or more races",0,0,0
2020-07-22,"Western Tidewater",Black,590,63,32
2020-07-22,"Western Tidewater",Latino,16,1,0
2020-07-22,Fairfax,"Not Reported",2188,69,36
2020-07-22,Chesapeake,"Not Reported",457,3,0
2020-07-22,"Thomas Jefferson",White,526,43,21
2020-07-22,"Cumberland Plateau","Two or more races",2,0,0
2020-07-22,Loudoun,Black,177,24,3
2020-07-22,Loudoun,Latino,1271,144,11
2020-07-22,Alleghany,Latino,84,6,0
2020-07-22,Alleghany,Black,27,2,1
2020-07-22,"Three Rivers",Black,248,22,4
2020-07-22,"Three Rivers",Latino,137,5,1
2020-07-22,"Central Shenandoah","Two or more races",10,1,0
2020-07-22,Hampton,Black,302,29,4
2020-07-22,Hampton,Latino,40,4,0
2020-07-22,Southside,"Other Race",7,0,1
2020-07-22,Piedmont,"Other Race",6,0,0
2020-07-22,"Prince William","Other Race",231,13,0
2020-07-22,Richmond,"Other Race",99,8,2
2020-07-22,Hampton,"Two or more races",4,0,0
2020-07-22,Norfolk,Latino,213,18,0
2020-07-22,"Lord Fairfax","Not Reported",294,5,6
2020-07-22,Norfolk,Black,1156,98,13
2020-07-22,"Central Virginia",Black,42,3,1
2020-07-22,Rappahannock,Latino,976,97,6
2020-07-22,"Central Virginia",Latino,25,1,1
2020-07-22,Rappahannock,Black,355,51,10
2020-07-22,"West Piedmont",White,250,31,5
2020-07-22,Rappahannock,"Not Reported",813,23,0
2020-07-22,"Central Shenandoah","Not Reported",218,3,1
2020-07-22,Chesterfield,Latino,865,52,3
2020-07-22,Chesterfield,Black,511,75,21
2020-07-22,"Central Shenandoah",Latino,829,51,4
2020-07-22,Southside,Latino,3,0,0
2020-07-22,Southside,Black,152,30,9
2020-07-22,"Central Shenandoah",Black,111,9,4
2020-07-22,Peninsula,White,439,76,24
2020-07-22,"Rappahannock Rapidan",White,427,37,11
2020-07-22,"New River",Latino,27,3,0
2020-07-22,"New River",Black,24,3,0
2020-07-22,Roanoke,"Other Race",3,0,0
2020-07-22,"Three Rivers","Two or more races",4,0,0
2020-07-22,"Prince William",White,1047,141,78
2020-07-22,"West Piedmont","Two or more races",0,0,0
2020-07-22,"New River","Not Reported",50,0,0
2020-07-22,Chesterfield,"Not Reported",1606,4,11
2020-07-22,Crater,"Two or more races",2,0,0
2020-07-22,Lenowisco,White,123,21,4
2020-07-22,"Western Tidewater",White,314,45,34
2020-07-22,"Lord Fairfax","Other Race",62,6,1
2020-07-22,Chickahominy,"Two or more races",1,1,0
2020-07-22,Henrico,Black,886,142,77
2020-07-22,Henrico,Latino,640,50,6
2020-07-22,Alleghany,White,286,28,14
2020-07-22,Peninsula,Black,494,51,14
2020-07-22,Peninsula,Latino,233,15,0
2020-07-22,Loudoun,"Other Race",114,10,1
2020-07-22,Arlington,"Not Reported",201,3,0
2020-07-22,"Mount Rogers","Not Reported",49,1,1
2020-07-22,Portsmouth,White,120,12,5
2020-07-22,"Western Tidewater","Two or more races",2,0,0
2020-07-22,"Thomas Jefferson","Not Reported",135,1,0
2020-07-22,"Three Rivers","Not Reported",177,2,0
2020-07-22,Richmond,Black,687,141,22
2020-07-22,Richmond,Latino,1018,83,5
2020-07-22,"Cumberland Plateau",Latino,2,0,0
2020-07-22,Rappahannock,"Other Race",54,4,0
2020-07-22,"Cumberland Plateau",Black,14,0,0
2020-07-22,Loudoun,"Not Reported",1980,3,1
2020-07-22,Loudoun,White,955,104,80
2020-07-22,Peninsula,"Not Reported",863,1,0
2020-07-22,Henrico,White,730,82,88
2020-07-22,Chesterfield,"Two or more races",11,2,0
2020-07-22,Richmond,White,273,24,5
2020-07-22,Chesapeake,"Two or more races",8,0,0
2020-07-22,Chickahominy,White,385,73,29
2020-07-22,Lenowisco,Latino,1,0,0
2020-07-22,Lenowisco,Black,1,0,0
2020-07-22,Roanoke,"Two or more races",1,0,0
2020-07-22,Piedmont,Latino,62,6,1
2020-07-22,Piedmont,Black,383,53,7
2020-07-22,Chesterfield,White,634,76,53
2020-07-22,"Lord Fairfax","Two or more races",11,0,0
2020-07-22,"Central Virginia",White,116,9,4
2020-07-22,Rappahannock,White,656,76,31
2020-07-22,"New River",White,241,18,6
2020-07-22,Crater,White,381,38,11
2020-07-22,Alleghany,"Not Reported",325,1,0
2020-07-22,Arlington,"Two or more races",16,2,0
2020-07-22,Portsmouth,"Other Race",22,2,1
2020-07-22,Piedmont,White,358,41,9
2020-07-22,Alleghany,"Two or more races",2,0,0
2020-07-22,Crater,Black,923,139,33
2020-07-22,Crater,Latino,150,7,2
2020-07-22,Piedmont,"Two or more races",4,2,0
2020-07-22,Pittsylvania-Danville,White,117,20,3
2020-07-22,"Rappahannock Rapidan","Other Race",22,1,0
2020-07-22,Richmond,"Not Reported",553,2,0
2020-07-22,Henrico,"Two or more races",8,0,0
2020-07-22,Henrico,"Other Race",74,11,0
2020-07-22,Loudoun,"Two or more races",27,0,0
2020-07-22,"Rappahannock Rapidan","Two or more races",16,2,0
2020-07-22,Portsmouth,Latino,44,10,1
2020-07-22,Portsmouth,Black,562,73,14
2020-07-22,Portsmouth,"Not Reported",326,2,0
2020-07-22,Alexandria,"Two or more races",6,1,0
2020-07-22,"Virginia Beach","Other Race",29,2,0
2020-07-22,Norfolk,"Not Reported",681,0,0
2020-07-22,Rappahannock,"Two or more races",16,1,0
2020-07-22,Arlington,Black,248,70,32
2020-07-22,Arlington,Latino,1315,210,23
2020-07-22,"Eastern Shore",White,183,16,15
2020-07-22,"Eastern Shore","Not Reported",86,0,0
2020-07-22,Roanoke,White,106,5,8
2020-07-22,Alexandria,"Other Race",46,5,2
2020-07-22,"Cumberland Plateau","Other Race",0,0,0
2020-07-22,"Western Tidewater","Other Race",25,0,1
2020-07-22,Lenowisco,"Other Race",1,0,0
2020-07-22,Pittsylvania-Danville,"Two or more races",0,0,0
2020-07-22,Henrico,"Not Reported",642,2,3
2020-07-22,Crater,"Other Race",18,0,0
2020-07-22,Chickahominy,"Other Race",9,2,0
2020-07-22,Roanoke,Black,51,7,2
2020-07-22,Roanoke,Latino,201,2,0
2020-07-22,Peninsula,"Two or more races",9,2,0
2020-07-22,Peninsula,"Other Race",49,3,0
2020-07-22,"Thomas Jefferson","Two or more races",14,0,0
2020-07-22,Arlington,White,783,116,65
2020-07-22,Norfolk,"Two or more races",7,0,0
2020-07-22,Alexandria,White,495,50,33
2020-07-22,Hampton,"Not Reported",317,0,0
2020-07-22,"Mount Rogers",White,681,87,33
2020-07-22,Alexandria,"Not Reported",159,6,0
2020-07-22,"Western Tidewater","Not Reported",429,3,2
2020-07-22,"Cumberland Plateau","Not Reported",12,1,0
2020-07-22,"Thomas Jefferson","Other Race",63,3,0
2020-07-22,"Mount Rogers",Black,32,5,2
2020-07-22,"Mount Rogers",Latino,223,1,0
2020-07-22,"West Piedmont",Black,163,40,1
2020-07-22,"West Piedmont",Latino,186,8,0
2020-07-22,"Virginia Beach",White,969,79,24
2020-07-22,"West Piedmont","Other Race",2,1,1
2020-07-22,Richmond,"Two or more races",3,0,0
2020-07-22,"Virginia Beach","Not Reported",824,6,3
2020-07-22,Hampton,"Other Race",14,2,0
2020-07-22,"Virginia Beach",Black,797,51,8
2020-07-22,"Virginia Beach",Latino,224,17,3
2020-07-22,Fairfax,Black,940,186,53
2020-07-22,Fairfax,Latino,7867,858,72
2020-07-22,"Prince William",Latino,4547,554,60
2020-07-22,"Prince William",Black,768,134,41
2020-07-22,Piedmont,"Not Reported",374,13,2
2020-07-22,Chesapeake,Latino,159,15,2
2020-07-22,Chesapeake,Black,679,97,7
2020-07-22,Pittsylvania-Danville,"Not Reported",137,5,0
2020-07-22,Alleghany,"Other Race",4,0,0
2020-07-22,"West Piedmont","Not Reported",145,4,1
2020-07-22,Norfolk,White,271,29,6
2020-07-22,"Virginia Beach","Two or more races",24,2,0
2020-07-22,Chesapeake,"Other Race",20,1,0
2020-07-22,Norfolk,"Other Race",34,2,1
2020-07-22,Chickahominy,Latino,56,3,0
2020-07-22,Chickahominy,Black,144,36,10
2020-07-22,"Eastern Shore",Black,806,93,25
2020-07-22,"Eastern Shore",Latino,249,9,3
2020-07-22,"Prince William","Two or more races",14,1,0
2020-07-22,Hampton,White,90,8,0
2020-07-22,"Prince William","Not Reported",3364,21,0
2020-07-22,"Mount Rogers","Two or more races",4,0,0
2020-07-22,Fairfax,White,2396,411,277
2020-07-22,"Thomas Jefferson",Black,256,55,8
2020-07-22,"Thomas Jefferson",Latino,438,22,0
2020-07-22,"Rappahannock Rapidan","Not Reported",467,11,2
2020-07-22,Southside,"Two or more races",22,0,0
2020-07-22,Lenowisco,"Not Reported",19,1,1
2020-07-22,Crater,"Not Reported",404,8,4
2020-07-22,Chickahominy,"Not Reported",213,0,1
2020-07-22,Fairfax,"Other Race",539,65,14
2020-07-22,Portsmouth,"Two or more races",2,1,0
2020-07-22,Alexandria,Black,423,65,12
2020-07-22,Alexandria,Latino,1395,120,8
2020-07-22,Roanoke,"Not Reported",314,1,0
2020-07-22,Pittsylvania-Danville,Black,169,29,2
2020-07-22,Pittsylvania-Danville,Latino,39,2,0
2020-07-22,"Eastern Shore","Two or more races",1,1,0
2020-07-22,"Lord Fairfax",White,1296,146,60
2020-07-22,Chesterfield,"Other Race",174,7,0
2020-07-22,"Mount Rogers","Other Race",6,2,1
2020-07-22,"Eastern Shore","Other Race",13,1,0
2020-07-22,"Three Rivers",White,319,28,7
2020-07-22,Pittsylvania-Danville,"Other Race",0,0,0
2020-07-22,"Rappahannock Rapidan",Latino,686,57,6
2020-07-22,"Rappahannock Rapidan",Black,108,19,6
2020-07-22,"Central Virginia","Not Reported",525,5,0
2020-07-22,"Lord Fairfax",Latino,603,37,8
2020-07-22,"Lord Fairfax",Black,95,10,6
2020-07-22,"Central Shenandoah","Other Race",36,1,0
2020-07-22,Fairfax,"Two or more races",38,4,0
2020-07-22,Arlington,"Other Race",65,8,3
2020-07-22,"New River","Two or more races",0,0,0
2020-07-22,"Central Shenandoah",White,1245,125,40
2020-07-22,Southside,White,130,21,16
2020-07-22,"New River","Other Race",3,1,0
2020-07-22,Chesterfield,"Asian or Pacific Islander",33,2,0
2020-07-22,Crater,"Asian or Pacific Islander",5,0,0
2020-07-22,Fairfax,"Asian or Pacific Islander",1212,218,70
2020-07-22,Hampton,"Asian or Pacific Islander",5,0,0
2020-07-22,"Rappahannock Rapidan","Asian or Pacific Islander",5,1,0
2020-07-22,"Mount Rogers","Asian or Pacific Islander",2,1,0
2020-07-22,"New River","Asian or Pacific Islander",6,0,0
2020-07-22,"Central Virginia","Asian or Pacific Islander",0,0,0
2020-07-22,"Lord Fairfax","Asian or Pacific Islander",7,0,0
2020-07-22,Southside,"Asian or Pacific Islander",1,0,0
2020-07-22,Alleghany,"Asian or Pacific Islander",5,0,0
2020-07-22,Portsmouth,"Asian or Pacific Islander",7,2,0
2020-07-22,Roanoke,"Asian or Pacific Islander",3,0,0
2020-07-22,Richmond,"Asian or Pacific Islander",10,3,1
2020-07-22,"Thomas Jefferson","Asian or Pacific Islander",24,0,1
2020-07-22,"Virginia Beach","Asian or Pacific Islander",99,13,1
2020-07-22,Henrico,"Asian or Pacific Islander",125,8,3
2020-07-22,Piedmont,"Asian or Pacific Islander",4,0,0
2020-07-22,"Western Tidewater","Asian or Pacific Islander",9,1,0
2020-07-22,"West Piedmont","Asian or Pacific Islander",11,1,1
2020-07-22,Chickahominy,"Asian or Pacific Islander",5,1,0
2020-07-22,Peninsula,"Asian or Pacific Islander",15,3,1
2020-07-22,Norfolk,"Asian or Pacific Islander",24,2,0
2020-07-22,Arlington,"Asian or Pacific Islander",131,22,12
2020-07-22,Loudoun,"Asian or Pacific Islander",212,39,10
2020-07-22,Alexandria,"Asian or Pacific Islander",92,9,1
2020-07-22,Rappahannock,"Asian or Pacific Islander",50,8,1
2020-07-22,Chesapeake,"Asian or Pacific Islander",30,5,2
2020-07-22,"Cumberland Plateau and Lenowisco","Asian or Pacific Islander",1,0,0
2020-07-22,"Central Shenandoah","Asian or Pacific Islander",17,2,0
2020-07-22,"Prince William","Asian or Pacific Islander",302,44,13
2020-07-22,Pittsylvania-Danville,"Asian or Pacific Islander",0,0,0
2020-07-22,"Eastern Shore and Three Rivers","Asian or Pacific Islander",8,1,0
2020-07-22,Piedmont,"Native American",1,0,0
2020-07-22,"New River","Native American",0,0,0
2020-07-22,"Central Shenandoah","Native American",3,1,0
2020-07-22,"Eastern Shore and Three Rivers","Native American",1,0,0
2020-07-22,Fairfax,"Native American",26,1,1
2020-07-22,Chesapeake,"Native American",8,0,0
2020-07-22,"Western Tidewater","Native American",1,0,0
2020-07-22,Portsmouth,"Native American",2,1,0
2020-07-22,Richmond,"Native American",0,0,0
2020-07-22,Chickahominy,"Native American",3,1,0
2020-07-22,"Thomas Jefferson","Native American",2,0,0
2020-07-22,Arlington,"Native American",4,0,0
2020-07-22,"Virginia Beach","Native American",2,0,0
2020-07-22,Peninsula,"Native American",2,0,0
2020-07-22,Hampton,"Native American",0,0,0
2020-07-22,"West Piedmont","Native American",0,0,0
2020-07-22,"Cumberland Plateau, Lenowisco, and Mount Rogers","Native American",0,0,0
2020-07-22,Henrico,"Native American",7,0,0
2020-07-22,Norfolk,"Native American",3,0,0
2020-07-22,"Prince William","Native American",14,1,0
2020-07-22,"Central Virginia","Native American",0,0,0
2020-07-22,Chesterfield,"Native American",3,0,0
2020-07-22,Rappahannock,"Native American",3,0,0
2020-07-22,Loudoun,"Native American",2,0,0
2020-07-22,Alexandria,"Native American",2,0,0
2020-07-22,"Alleghany and Roanoke","Native American",0,0,0
2020-07-22,Crater,"Native American",4,0,0
2020-07-22,"Rappahannock Rapidan","Native American",1,0,0
2020-07-22,"Lord Fairfax","Native American",2,1,1
2020-07-22,"Pittsylvania-Danville and Southside","Native American",0,0,0
2020-07-23,"Rappahannock Rapidan","Not Reported",469,11,2
2020-07-23,Portsmouth,"Other Race",25,2,1
2020-07-23,"Western Tidewater","Two or more races",2,0,0
2020-07-23,Piedmont,White,361,42,10
2020-07-23,Chesterfield,Latino,875,56,3
2020-07-23,Lenowisco,White,135,21,4
2020-07-23,Hampton,"Not Reported",320,0,0
2020-07-23,Lenowisco,"Two or more races",0,0,0
2020-07-23,Roanoke,Black,53,7,2
2020-07-23,Southside,"Not Reported",236,8,4
2020-07-23,Hampton,Black,310,31,4
2020-07-23,Alleghany,"Other Race",4,0,0
2020-07-23,Lenowisco,Latino,1,0,0
2020-07-23,Loudoun,"Other Race",113,10,1
2020-07-23,"Central Shenandoah",Latino,829,52,4
2020-07-23,"Rappahannock Rapidan",Latino,687,57,6
2020-07-23,Norfolk,Latino,219,18,0
2020-07-23,"Eastern Shore",Black,806,93,25
2020-07-23,Richmond,Black,700,143,22
2020-07-23,Hampton,"Two or more races",5,0,0
2020-07-23,Henrico,"Two or more races",8,0,0
2020-07-23,Fairfax,"Two or more races",38,4,0
2020-07-23,Alleghany,"Not Reported",329,1,0
2020-07-23,Portsmouth,"Not Reported",327,2,0
2020-07-23,"Cumberland Plateau","Other Race",0,0,0
2020-07-23,Southside,"Two or more races",22,0,0
2020-07-23,Portsmouth,White,128,12,5
2020-07-23,"Rappahannock Rapidan","Two or more races",16,2,0
2020-07-23,Fairfax,White,2414,413,278
2020-07-23,Fairfax,"Other Race",546,65,14
2020-07-23,Crater,"Two or more races",2,0,0
2020-07-23,"West Piedmont","Not Reported",152,4,0
2020-07-23,Henrico,"Other Race",77,11,0
2020-07-23,"Central Virginia",Black,43,3,1
2020-07-23,"Three Rivers",White,327,29,7
2020-07-23,"Three Rivers","Other Race",7,3,0
2020-07-23,Lenowisco,"Other Race",1,0,0
2020-07-23,"Western Tidewater",White,323,45,34
2020-07-23,"Mount Rogers",Black,32,5,2
2020-07-23,"Three Rivers","Not Reported",171,2,0
2020-07-23,"Thomas Jefferson",Black,269,57,8
2020-07-23,"Eastern Shore",White,186,16,15
2020-07-23,"Central Virginia",White,116,9,4
2020-07-23,Lenowisco,Black,1,0,0
2020-07-23,"Central Virginia","Two or more races",0,0,0
2020-07-23,Richmond,"Two or more races",3,0,0
2020-07-23,Crater,"Not Reported",402,8,3
2020-07-23,Chesterfield,"Two or more races",12,2,0
2020-07-23,"New River",Latino,29,3,0
2020-07-23,Richmond,Latino,1019,83,5
2020-07-23,Portsmouth,Latino,45,10,1
2020-07-23,Pittsylvania-Danville,"Not Reported",148,5,0
2020-07-23,Chesapeake,"Not Reported",465,3,0
2020-07-23,Chickahominy,Latino,57,4,0
2020-07-23,Crater,Black,944,139,33
2020-07-23,Chesterfield,Black,521,77,21
2020-07-23,Chesterfield,"Other Race",172,7,0
2020-07-23,Peninsula,Black,503,53,14
2020-07-23,Roanoke,White,106,5,8
2020-07-23,"New River",Black,24,3,0
2020-07-23,Peninsula,Latino,236,16,0
2020-07-23,Southside,Latino,3,0,0
2020-07-23,Rappahannock,"Two or more races",17,1,0
2020-07-23,"Virginia Beach",Black,812,52,8
2020-07-23,"Mount Rogers","Not Reported",50,1,1
2020-07-23,Loudoun,"Not Reported",1926,3,1
2020-07-23,Chesapeake,"Other Race",20,1,0
2020-07-23,Chickahominy,"Two or more races",1,1,0
2020-07-23,Crater,"Other Race",19,0,0
2020-07-23,Norfolk,"Two or more races",12,0,0
2020-07-23,"Eastern Shore","Two or more races",1,1,0
2020-07-23,"Central Shenandoah",White,1258,128,40
2020-07-23,"New River","Other Race",3,1,0
2020-07-23,"New River",White,245,18,6
2020-07-23,"Central Shenandoah","Other Race",35,1,0
2020-07-23,"West Piedmont",Black,167,40,2
2020-07-23,Alleghany,Latino,86,6,0
2020-07-23,"Central Shenandoah","Not Reported",218,3,1
2020-07-23,Roanoke,"Two or more races",1,0,0
2020-07-23,Peninsula,"Two or more races",9,2,0
2020-07-23,Arlington,"Other Race",67,8,3
2020-07-23,Richmond,"Not Reported",550,2,0
2020-07-23,Norfolk,"Not Reported",721,0,0
2020-07-23,Alexandria,"Other Race",46,5,2
2020-07-23,"Virginia Beach",White,986,81,24
2020-07-23,Chesapeake,"Two or more races",8,0,0
2020-07-23,Alleghany,White,289,28,14
2020-07-23,"Rappahannock Rapidan","Other Race",22,1,0
2020-07-23,Chickahominy,"Not Reported",217,0,1
2020-07-23,Portsmouth,Black,579,77,14
2020-07-23,Chickahominy,"Other Race",9,2,0
2020-07-23,"Virginia Beach",Latino,227,18,3
2020-07-23,Chesapeake,White,494,55,13
2020-07-23,Southside,Black,158,31,11
2020-07-23,Rappahannock,Latino,978,98,7
2020-07-23,"Three Rivers","Two or more races",4,0,0
2020-07-23,Henrico,Black,894,145,77
2020-07-23,Pittsylvania-Danville,Black,172,29,2
2020-07-23,"Lord Fairfax","Two or more races",11,0,0
2020-07-23,"Mount Rogers","Other Race",6,2,1
2020-07-23,"Prince William",Latino,4568,563,60
2020-07-23,"Central Shenandoah",Black,114,9,4
2020-07-23,Peninsula,White,448,77,24
2020-07-23,"Eastern Shore","Not Reported",89,0,0
2020-07-23,"Thomas Jefferson","Other Race",67,3,0
2020-07-23,Hampton,"Other Race",14,2,0
2020-07-23,"Lord Fairfax","Not Reported",293,5,6
2020-07-23,"Central Virginia","Other Race",3,0,0
2020-07-23,"Western Tidewater","Other Race",26,1,1
2020-07-23,Crater,Latino,152,7,2
2020-07-23,Chesapeake,Latino,157,15,2
2020-07-23,Chesterfield,White,650,78,54
2020-07-23,"Western Tidewater","Not Reported",434,3,2
2020-07-23,Fairfax,"Not Reported",2180,68,35
2020-07-23,Arlington,Black,249,70,32
2020-07-23,"Central Virginia",Latino,25,1,1
2020-07-23,"Three Rivers",Black,249,23,4
2020-07-23,Alexandria,"Not Reported",162,6,0
2020-07-23,"Prince William","Two or more races",19,1,0
2020-07-23,Loudoun,"Two or more races",27,0,0
2020-07-28,Henrico,Black,1019,149,78
2020-07-23,Peninsula,"Other Race",51,3,0
2020-07-23,"Thomas Jefferson",White,551,44,21
2020-07-23,Norfolk,"Other Race",34,2,1
2020-07-23,"Prince William","Not Reported",3378,20,0
2020-07-23,"West Piedmont",White,250,31,6
2020-07-23,Rappahannock,Black,368,55,10
2020-07-23,Norfolk,Black,1191,100,13
2020-07-23,Roanoke,Latino,204,2,0
2020-07-23,Piedmont,Latino,62,6,1
2020-07-23,Roanoke,"Not Reported",314,1,0
2020-07-23,Arlington,"Two or more races",17,2,0
2020-07-23,"Virginia Beach","Other Race",32,2,0
2020-07-23,Alexandria,White,497,50,33
2020-07-23,"Lord Fairfax","Other Race",62,6,1
2020-07-23,"Thomas Jefferson","Not Reported",127,1,0
2020-07-23,"Virginia Beach","Not Reported",847,6,3
2020-07-23,Loudoun,Black,181,24,3
2020-07-23,Pittsylvania-Danville,Latino,41,2,0
2020-07-23,"Cumberland Plateau","Not Reported",11,1,0
2020-07-23,Chesterfield,"Not Reported",1616,3,10
2020-07-23,"Mount Rogers",White,696,88,33
2020-07-23,Richmond,White,286,24,5
2020-07-23,Lenowisco,"Not Reported",19,2,1
2020-07-23,Piedmont,"Not Reported",374,12,1
2020-07-23,"Three Rivers",Latino,137,5,1
2020-07-23,"Mount Rogers",Latino,225,1,0
2020-07-23,Crater,White,386,38,12
2020-07-23,"Central Shenandoah","Two or more races",10,1,0
2020-07-23,Arlington,White,786,116,65
2020-07-23,Pittsylvania-Danville,"Other Race",0,0,0
2020-07-23,Chickahominy,Black,146,36,10
2020-07-23,Fairfax,Black,948,186,53
2020-07-23,"Eastern Shore",Latino,249,9,3
2020-07-23,Norfolk,White,286,30,6
2020-07-23,Alleghany,"Two or more races",2,0,0
2020-07-23,"Mount Rogers","Two or more races",4,0,0
2020-07-23,Southside,White,132,23,16
2020-07-23,"Thomas Jefferson","Two or more races",17,0,0
2020-07-23,"Prince William",Black,776,137,41
2020-07-23,"Lord Fairfax",White,1298,148,60
2020-07-23,"Cumberland Plateau",Latino,2,0,0
2020-07-23,Arlington,"Not Reported",205,2,0
2020-07-23,Rappahannock,"Other Race",53,4,0
2020-07-23,"Rappahannock Rapidan",Black,108,20,6
2020-07-23,"New River","Two or more races",0,0,0
2020-07-23,Arlington,Latino,1317,211,23
2020-07-23,Henrico,White,736,84,88
2020-07-23,Loudoun,White,979,104,80
2020-07-23,Hampton,White,92,9,0
2020-07-23,Alleghany,Black,27,2,1
2020-07-23,"Prince William",White,1051,144,78
2020-07-23,Rappahannock,White,663,76,31
2020-07-23,Portsmouth,"Two or more races",2,1,0
2020-07-23,Southside,"Other Race",7,0,1
2020-07-23,"Western Tidewater",Black,614,66,32
2020-07-23,Hampton,Latino,40,4,0
2020-07-23,Henrico,"Not Reported",643,2,3
2020-07-23,"West Piedmont","Two or more races",0,0,0
2020-07-23,Peninsula,"Not Reported",886,1,0
2020-07-23,Loudoun,Latino,1315,145,11
2020-07-23,Alexandria,Black,431,65,12
2020-07-23,Piedmont,Black,386,54,7
2020-07-23,Roanoke,"Other Race",3,0,0
2020-07-23,"Western Tidewater",Latino,18,1,0
2020-07-23,Alexandria,"Two or more races",6,1,0
2020-07-23,Rappahannock,"Not Reported",829,23,0
2020-07-23,"West Piedmont","Other Race",2,1,1
2020-07-23,Chickahominy,White,388,73,29
2020-07-23,"Thomas Jefferson",Latino,448,24,0
2020-07-23,"Cumberland Plateau",Black,14,0,0
2020-07-23,"Lord Fairfax",Latino,604,37,8
2020-07-23,"West Piedmont",Latino,186,8,0
2020-07-23,"Cumberland Plateau",White,134,9,0
2020-07-23,"Eastern Shore","Other Race",13,1,0
2020-07-23,"Cumberland Plateau","Two or more races",2,0,0
2020-07-23,Piedmont,"Other Race",6,0,0
2020-07-23,Pittsylvania-Danville,"Two or more races",0,0,0
2020-07-23,Alexandria,Latino,1403,120,8
2020-07-23,Chesapeake,Black,685,99,7
2020-07-23,Richmond,"Other Race",100,8,2
2020-07-23,Henrico,Latino,650,50,6
2020-07-23,Piedmont,"Two or more races",4,2,0
2020-07-23,"Prince William","Other Race",240,14,0
2020-07-23,"New River","Not Reported",52,0,0
2020-07-23,"Rappahannock Rapidan",White,433,37,11
2020-07-23,"Central Virginia","Not Reported",531,5,0
2020-07-23,"Virginia Beach","Two or more races",24,2,0
2020-07-23,Fairfax,Latino,7882,860,72
2020-07-23,"Lord Fairfax",Black,95,10,6
2020-07-23,Pittsylvania-Danville,White,121,21,3
2020-07-23,Chesterfield,"Asian or Pacific Islander",36,2,0
2020-07-23,Crater,"Asian or Pacific Islander",5,0,0
2020-07-23,Fairfax,"Asian or Pacific Islander",1220,219,71
2020-07-23,Hampton,"Asian or Pacific Islander",5,0,0
2020-07-23,"Rappahannock Rapidan","Asian or Pacific Islander",5,1,0
2020-07-23,"New River","Asian or Pacific Islander",6,0,0
2020-07-23,"Mount Rogers","Asian or Pacific Islander",2,1,0
2020-07-23,"Central Virginia","Asian or Pacific Islander",0,0,0
2020-07-23,"Lord Fairfax","Asian or Pacific Islander",7,0,0
2020-07-23,Southside,"Asian or Pacific Islander",1,0,0
2020-07-23,Portsmouth,"Asian or Pacific Islander",7,2,0
2020-07-23,Alleghany,"Asian or Pacific Islander",5,0,0
2020-07-23,Roanoke,"Asian or Pacific Islander",3,0,0
2020-07-23,Richmond,"Asian or Pacific Islander",12,3,1
2020-07-23,"Thomas Jefferson","Asian or Pacific Islander",24,0,1
2020-07-23,"Virginia Beach","Asian or Pacific Islander",100,13,1
2020-07-23,Henrico,"Asian or Pacific Islander",124,8,3
2020-07-23,Piedmont,"Asian or Pacific Islander",4,0,0
2020-07-23,"Western Tidewater","Asian or Pacific Islander",9,1,0
2020-07-23,"West Piedmont","Asian or Pacific Islander",11,1,1
2020-07-23,Chickahominy,"Asian or Pacific Islander",5,1,0
2020-07-23,Peninsula,"Asian or Pacific Islander",16,4,1
2020-07-23,Norfolk,"Asian or Pacific Islander",24,2,0
2020-07-23,Loudoun,"Asian or Pacific Islander",215,39,10
2020-07-23,Arlington,"Asian or Pacific Islander",131,22,12
2020-07-23,Alexandria,"Asian or Pacific Islander",92,9,1
2020-07-23,Rappahannock,"Asian or Pacific Islander",50,8,1
2020-07-23,Chesapeake,"Asian or Pacific Islander",30,6,2
2020-07-23,"Cumberland Plateau and Lenowisco","Asian or Pacific Islander",1,0,0
2020-07-23,"Central Shenandoah","Asian or Pacific Islander",17,2,0
2020-07-23,"Prince William","Asian or Pacific Islander",307,44,13
2020-07-23,Pittsylvania-Danville,"Asian or Pacific Islander",0,0,0
2020-07-23,"Eastern Shore and Three Rivers","Asian or Pacific Islander",8,1,0
2020-07-23,Piedmont,"Native American",1,0,0
2020-07-23,"New River","Native American",0,0,0
2020-07-23,"Central Shenandoah","Native American",3,1,0
2020-07-23,"Eastern Shore and Three Rivers","Native American",1,0,0
2020-07-23,Fairfax,"Native American",27,1,1
2020-07-23,Chesapeake,"Native American",8,0,0
2020-07-23,"Western Tidewater","Native American",1,0,0
2020-07-23,Portsmouth,"Native American",2,1,0
2020-07-23,Richmond,"Native American",0,0,0
2020-07-23,Chickahominy,"Native American",3,1,0
2020-07-23,"Thomas Jefferson","Native American",2,0,0
2020-07-23,Arlington,"Native American",4,0,0
2020-07-23,"Virginia Beach","Native American",2,0,0
2020-07-23,Peninsula,"Native American",2,0,0
2020-07-23,Hampton,"Native American",0,0,0
2020-07-23,"West Piedmont","Native American",0,0,0
2020-07-31,Crater,Black,1061,149,38
2020-07-23,"Cumberland Plateau, Lenowisco, and Mount Rogers","Native American",0,0,0
2020-07-23,Henrico,"Native American",7,0,0
2020-07-23,Norfolk,"Native American",2,0,0
2020-07-23,"Prince William","Native American",14,1,0
2020-07-23,"Central Virginia","Native American",0,0,0
2020-07-23,Chesterfield,"Native American",3,0,0
2020-07-23,Rappahannock,"Native American",3,0,0
2020-07-23,Loudoun,"Native American",2,0,0
2020-07-23,Alexandria,"Native American",2,0,0
2020-07-23,"Alleghany and Roanoke","Native American",0,0,0
2020-07-23,Crater,"Native American",4,0,0
2020-07-23,"Rappahannock Rapidan","Native American",1,0,0
2020-07-23,"Lord Fairfax","Native American",2,1,1
2020-07-23,"Pittsylvania-Danville and Southside","Native American",0,0,0
2020-07-24,"Rappahannock Rapidan","Not Reported",466,11,2
2020-07-24,Portsmouth,"Other Race",26,2,1
2020-07-24,"Western Tidewater","Two or more races",2,0,0
2020-07-24,Piedmont,White,362,42,10
2020-07-24,Chesterfield,Latino,889,57,3
2020-07-24,Lenowisco,White,141,21,5
2020-07-24,Hampton,"Not Reported",340,0,0
2020-07-24,Lenowisco,"Two or more races",0,0,0
2020-07-24,Roanoke,Black,53,7,2
2020-07-24,Southside,"Not Reported",241,8,4
2020-07-24,Hampton,Black,323,33,4
2020-07-24,Alleghany,"Other Race",4,0,0
2020-07-24,Lenowisco,Latino,1,0,0
2020-07-24,Loudoun,"Other Race",109,10,1
2020-07-24,"Central Shenandoah",Latino,831,52,4
2020-07-24,"Rappahannock Rapidan",Latino,689,57,6
2020-07-24,Norfolk,Latino,223,18,0
2020-07-24,"Eastern Shore",Black,808,94,25
2020-07-24,Richmond,Black,702,144,22
2020-07-24,Hampton,"Two or more races",5,0,0
2020-07-24,Henrico,"Two or more races",9,0,0
2020-07-24,Fairfax,"Two or more races",38,4,0
2020-07-24,Alleghany,"Not Reported",341,1,0
2020-07-24,Portsmouth,"Not Reported",339,2,0
2020-07-24,"Cumberland Plateau","Other Race",0,0,0
2020-07-24,Southside,"Two or more races",22,0,0
2020-07-24,Portsmouth,White,141,12,5
2020-07-24,"Rappahannock Rapidan","Two or more races",15,2,0
2020-07-24,Fairfax,White,2444,419,280
2020-07-24,Fairfax,"Other Race",560,68,14
2020-07-24,Crater,"Two or more races",2,0,0
2020-07-24,"West Piedmont","Not Reported",148,4,0
2020-07-24,Henrico,"Other Race",76,11,0
2020-07-24,"Central Virginia",Black,46,3,1
2020-07-24,"Three Rivers",White,335,29,7
2020-07-24,"Three Rivers","Other Race",7,3,0
2020-07-24,Lenowisco,"Other Race",1,0,0
2020-07-24,"Western Tidewater",White,334,46,34
2020-07-24,"Mount Rogers",Black,32,5,2
2020-07-24,"Three Rivers","Not Reported",168,2,0
2020-07-24,"Thomas Jefferson",Black,282,57,8
2020-07-24,"Eastern Shore",White,187,16,15
2020-07-24,"Central Virginia",White,125,10,4
2020-07-24,Lenowisco,Black,1,0,0
2020-07-24,"Central Virginia","Two or more races",0,0,0
2020-07-24,Richmond,"Two or more races",4,0,0
2020-07-24,Crater,"Not Reported",403,8,3
2020-07-24,Chesterfield,"Two or more races",12,2,0
2020-07-24,"New River",Latino,29,3,0
2020-07-24,Richmond,Latino,1022,83,6
2020-07-24,Portsmouth,Latino,46,10,1
2020-07-24,Pittsylvania-Danville,"Not Reported",151,5,0
2020-07-24,Chesapeake,"Not Reported",498,4,0
2020-07-24,Chickahominy,Latino,58,4,0
2020-07-24,Crater,Black,963,140,33
2020-07-24,Chesterfield,Black,534,78,22
2020-07-24,Chesterfield,"Other Race",173,7,0
2020-08-04,Henrico,Black,1099,154,79
2020-07-24,Peninsula,Black,534,53,14
2020-07-24,Roanoke,White,106,5,8
2020-07-24,"New River",Black,25,3,0
2020-07-24,Peninsula,Latino,241,16,0
2020-07-24,Southside,Latino,3,0,0
2020-07-24,Rappahannock,"Two or more races",17,1,0
2020-07-24,"Virginia Beach",Black,827,54,8
2020-07-24,"Mount Rogers","Not Reported",53,1,1
2020-07-24,Loudoun,"Not Reported",1865,3,1
2020-07-24,Chesapeake,"Other Race",21,1,0
2020-07-24,Chickahominy,"Two or more races",1,1,0
2020-07-24,Crater,"Other Race",18,0,0
2020-07-24,Norfolk,"Two or more races",14,0,0
2020-07-24,"Eastern Shore","Two or more races",1,1,0
2020-07-24,"Central Shenandoah",White,1273,130,41
2020-07-24,"New River","Other Race",3,1,0
2020-07-24,"New River",White,248,18,6
2020-07-24,"Central Shenandoah","Other Race",35,1,0
2020-07-24,"West Piedmont",Black,171,40,2
2020-07-24,Alleghany,Latino,86,6,0
2020-07-24,"Central Shenandoah","Not Reported",219,3,1
2020-07-24,Roanoke,"Two or more races",1,0,0
2020-07-24,Peninsula,"Two or more races",11,2,0
2020-07-24,Arlington,"Other Race",69,8,3
2020-07-24,Richmond,"Not Reported",549,2,0
2020-07-24,Norfolk,"Not Reported",746,1,0
2020-07-24,Alexandria,"Other Race",46,5,2
2020-07-24,"Virginia Beach",White,1019,81,25
2020-07-24,Chesapeake,"Two or more races",9,0,0
2020-07-24,Alleghany,White,289,28,14
2020-07-24,"Rappahannock Rapidan","Other Race",22,1,0
2020-07-24,Chickahominy,"Not Reported",221,0,1
2020-07-24,Portsmouth,Black,601,77,14
2020-07-24,Chickahominy,"Other Race",10,2,0
2020-07-24,"Virginia Beach",Latino,231,18,3
2020-07-24,Chesapeake,White,512,55,13
2020-07-24,Southside,Black,162,31,11
2020-07-24,Rappahannock,Latino,977,98,7
2020-07-24,"Three Rivers","Two or more races",4,0,0
2020-07-24,Henrico,Black,914,146,77
2020-07-24,Pittsylvania-Danville,Black,173,29,2
2020-07-24,"Lord Fairfax","Two or more races",11,0,0
2020-07-24,"Mount Rogers","Other Race",6,2,1
2020-07-24,"Prince William",Latino,4585,564,60
2020-07-24,"Central Shenandoah",Black,117,9,4
2020-07-24,Peninsula,White,460,77,24
2020-07-24,"Eastern Shore","Not Reported",89,0,0
2020-07-24,"Thomas Jefferson","Other Race",81,3,0
2020-07-24,Hampton,"Other Race",14,2,0
2020-07-24,"Lord Fairfax","Not Reported",296,4,6
2020-07-24,"Central Virginia","Other Race",3,0,0
2020-07-24,"Western Tidewater","Other Race",29,2,1
2020-07-24,Crater,Latino,153,7,2
2020-07-24,Chesapeake,Latino,158,15,2
2020-07-24,Chesterfield,White,662,78,54
2020-07-24,"Western Tidewater","Not Reported",447,3,1
2020-07-24,Fairfax,"Not Reported",2150,68,35
2020-07-24,Arlington,Black,250,70,32
2020-07-24,"Central Virginia",Latino,25,1,1
2020-07-24,"Three Rivers",Black,254,23,4
2020-07-24,Alexandria,"Not Reported",161,6,0
2020-07-24,"Prince William","Two or more races",17,1,0
2020-07-24,Loudoun,"Two or more races",28,0,0
2020-07-24,Peninsula,"Other Race",52,3,0
2020-07-24,"Thomas Jefferson",White,562,44,21
2020-07-24,Norfolk,"Other Race",39,2,1
2020-07-24,"Prince William","Not Reported",3393,20,0
2020-07-24,"West Piedmont",White,270,32,6
2020-07-24,Rappahannock,Black,373,56,10
2020-07-24,Norfolk,Black,1230,102,13
2020-07-24,Roanoke,Latino,204,2,0
2020-07-24,Piedmont,Latino,62,6,1
2020-07-24,Roanoke,"Not Reported",320,1,0
2020-07-24,Arlington,"Two or more races",17,2,0
2020-07-24,"Virginia Beach","Other Race",34,2,0
2020-07-24,Alexandria,White,499,50,33
2020-07-24,"Lord Fairfax","Other Race",61,6,1
2020-07-24,"Thomas Jefferson","Not Reported",126,1,0
2020-07-24,"Virginia Beach","Not Reported",881,6,3
2020-07-24,Loudoun,Black,191,24,3
2020-07-24,Pittsylvania-Danville,Latino,41,2,0
2020-07-24,"Cumberland Plateau","Not Reported",7,1,0
2020-07-24,Chesterfield,"Not Reported",1644,3,10
2020-07-24,"Mount Rogers",White,731,89,35
2020-07-24,Richmond,White,295,25,5
2020-07-24,Lenowisco,"Not Reported",20,2,1
2020-07-24,Piedmont,"Not Reported",372,12,1
2020-07-24,"Three Rivers",Latino,136,5,1
2020-07-24,"Mount Rogers",Latino,229,1,0
2020-07-24,Crater,White,392,39,12
2020-07-24,"Central Shenandoah","Two or more races",10,1,0
2020-07-24,Arlington,White,788,116,65
2020-07-24,Pittsylvania-Danville,"Other Race",0,0,0
2020-07-24,Chickahominy,Black,148,36,10
2020-07-24,Fairfax,Black,969,188,53
2020-07-24,"Eastern Shore",Latino,249,9,3
2020-07-24,Norfolk,White,303,30,6
2020-07-24,Alleghany,"Two or more races",2,0,0
2020-07-24,"Mount Rogers","Two or more races",4,0,0
2020-07-24,Southside,White,135,23,16
2020-07-24,"Thomas Jefferson","Two or more races",19,0,0
2020-07-24,"Prince William",Black,787,139,42
2020-07-24,"Lord Fairfax",White,1315,149,60
2020-07-24,"Cumberland Plateau",Latino,2,0,0
2020-07-24,Arlington,"Not Reported",206,2,0
2020-07-24,Rappahannock,"Other Race",55,4,0
2020-07-24,"Rappahannock Rapidan",Black,109,20,6
2020-07-24,"New River","Two or more races",0,0,0
2020-07-24,Arlington,Latino,1318,211,23
2020-07-24,Henrico,White,752,84,88
2020-07-24,Loudoun,White,993,104,80
2020-07-24,Hampton,White,95,9,0
2020-07-24,Alleghany,Black,28,2,1
2020-07-24,"Prince William",White,1060,145,79
2020-07-24,Rappahannock,White,668,76,31
2020-07-24,Portsmouth,"Two or more races",2,1,0
2020-07-24,Southside,"Other Race",7,0,1
2020-07-24,"Western Tidewater",Black,636,67,33
2020-07-24,Hampton,Latino,40,4,0
2020-07-24,Henrico,"Not Reported",657,2,3
2020-07-24,"West Piedmont","Two or more races",0,0,0
2020-07-24,Peninsula,"Not Reported",915,1,0
2020-07-24,Loudoun,Latino,1361,146,11
2020-07-24,Alexandria,Black,437,68,12
2020-07-24,Piedmont,Black,389,54,7
2020-07-24,Roanoke,"Other Race",3,0,0
2020-07-24,"Western Tidewater",Latino,18,1,0
2020-07-24,Alexandria,"Two or more races",5,1,0
2020-07-24,Rappahannock,"Not Reported",830,23,0
2020-07-24,"West Piedmont","Other Race",3,1,1
2020-07-24,Chickahominy,White,391,73,29
2020-07-24,"Thomas Jefferson",Latino,454,24,0
2020-07-24,"Cumberland Plateau",Black,14,0,0
2020-07-24,"Lord Fairfax",Latino,605,37,8
2020-07-24,"West Piedmont",Latino,192,8,0
2020-07-24,"Cumberland Plateau",White,142,9,1
2020-07-24,"Eastern Shore","Other Race",13,1,0
2020-07-24,"Cumberland Plateau","Two or more races",3,0,0
2020-07-24,Piedmont,"Other Race",6,0,0
2020-07-24,Pittsylvania-Danville,"Two or more races",0,0,0
2020-07-24,Alexandria,Latino,1420,123,8
2020-07-24,Chesapeake,Black,716,99,7
2020-07-24,Richmond,"Other Race",102,8,2
2020-07-24,Henrico,Latino,651,49,6
2020-07-24,Piedmont,"Two or more races",4,2,0
2020-07-24,"Prince William","Other Race",248,14,0
2020-07-24,"New River","Not Reported",52,0,0
2020-07-24,"Rappahannock Rapidan",White,442,38,11
2020-07-24,"Central Virginia","Not Reported",536,5,0
2020-07-24,"Virginia Beach","Two or more races",24,2,0
2020-07-24,Fairfax,Latino,7937,883,72
2020-07-24,"Lord Fairfax",Black,97,10,6
2020-07-24,Pittsylvania-Danville,White,122,21,3
2020-07-24,Chesterfield,"Asian or Pacific Islander",37,2,0
2020-07-24,Crater,"Asian or Pacific Islander",6,0,0
2020-07-24,Fairfax,"Asian or Pacific Islander",1234,226,71
2020-07-24,Hampton,"Asian or Pacific Islander",5,0,0
2020-07-24,"Rappahannock Rapidan","Asian or Pacific Islander",5,1,0
2020-07-24,"New River","Asian or Pacific Islander",6,0,0
2020-07-24,"Mount Rogers","Asian or Pacific Islander",2,1,0
2020-07-24,"Central Virginia","Asian or Pacific Islander",2,0,0
2020-07-24,"Lord Fairfax","Asian or Pacific Islander",8,0,0
2020-07-24,Southside,"Asian or Pacific Islander",1,0,0
2020-07-24,Portsmouth,"Asian or Pacific Islander",8,2,0
2020-07-24,Alleghany,"Asian or Pacific Islander",5,0,0
2020-07-24,Roanoke,"Asian or Pacific Islander",3,0,0
2020-07-24,Richmond,"Asian or Pacific Islander",12,3,1
2020-07-24,"Thomas Jefferson","Asian or Pacific Islander",25,0,1
2020-07-24,"Virginia Beach","Asian or Pacific Islander",101,14,2
2020-07-24,Henrico,"Asian or Pacific Islander",124,8,3
2020-07-24,Piedmont,"Asian or Pacific Islander",4,0,0
2020-07-24,"Western Tidewater","Asian or Pacific Islander",10,1,0
2020-07-24,"West Piedmont","Asian or Pacific Islander",11,1,1
2020-07-24,Chickahominy,"Asian or Pacific Islander",6,1,0
2020-07-24,Peninsula,"Asian or Pacific Islander",16,4,1
2020-07-24,Norfolk,"Asian or Pacific Islander",25,2,0
2020-07-24,Loudoun,"Asian or Pacific Islander",220,39,10
2020-07-24,Arlington,"Asian or Pacific Islander",131,22,12
2020-07-24,Alexandria,"Asian or Pacific Islander",92,9,1
2020-07-24,Rappahannock,"Asian or Pacific Islander",50,8,1
2020-07-24,Chesapeake,"Asian or Pacific Islander",31,6,2
2020-07-24,"Cumberland Plateau and Lenowisco","Asian or Pacific Islander",1,0,0
2020-07-24,"Central Shenandoah","Asian or Pacific Islander",17,2,0
2020-07-24,"Prince William","Asian or Pacific Islander",308,44,13
2020-07-24,Pittsylvania-Danville,"Asian or Pacific Islander",0,0,0
2020-07-24,"Eastern Shore and Three Rivers","Asian or Pacific Islander",8,1,0
2020-07-24,Piedmont,"Native American",1,0,0
2020-07-24,"New River","Native American",0,0,0
2020-07-24,"Central Shenandoah","Native American",3,1,0
2020-07-24,"Eastern Shore and Three Rivers","Native American",1,0,0
2020-07-24,Fairfax,"Native American",27,1,1
2020-07-24,Chesapeake,"Native American",8,0,0
2020-07-24,"Western Tidewater","Native American",1,0,0
2020-07-24,Portsmouth,"Native American",2,1,0
2020-07-24,Richmond,"Native American",0,0,0
2020-07-24,Chickahominy,"Native American",3,1,0
2020-07-24,"Thomas Jefferson","Native American",2,0,0
2020-07-24,Arlington,"Native American",4,0,0
2020-07-24,"Virginia Beach","Native American",2,0,0
2020-07-24,Peninsula,"Native American",2,0,0
2020-07-24,Hampton,"Native American",0,0,0
2020-07-24,"West Piedmont","Native American",0,0,0
2020-07-24,"Cumberland Plateau, Lenowisco, and Mount Rogers","Native American",0,0,0
2020-07-24,Henrico,"Native American",7,0,0
2020-07-24,Norfolk,"Native American",2,0,0
2020-07-24,"Prince William","Native American",13,1,0
2020-07-24,"Central Virginia","Native American",1,0,0
2020-07-24,Chesterfield,"Native American",3,0,0
2020-07-24,Rappahannock,"Native American",3,0,0
2020-07-24,Loudoun,"Native American",2,0,0
2020-07-24,Alexandria,"Native American",2,0,0
2020-07-24,"Alleghany and Roanoke","Native American",0,0,0
2020-07-24,Crater,"Native American",4,0,0
2020-07-24,"Rappahannock Rapidan","Native American",1,0,0
2020-07-24,"Lord Fairfax","Native American",2,1,1
2020-07-24,"Pittsylvania-Danville and Southside","Native American",0,0,0
2020-07-25,"Rappahannock Rapidan","Not Reported",468,11,2
2020-07-25,Portsmouth,"Other Race",27,2,1
2020-07-25,"Western Tidewater","Two or more races",3,0,0
2020-07-25,Piedmont,White,362,42,10
2020-07-25,Chesterfield,Latino,900,60,3
2020-07-25,Lenowisco,White,144,24,5
2020-07-25,Hampton,"Not Reported",348,0,0
2020-07-25,Lenowisco,"Two or more races",0,0,0
2020-07-25,Roanoke,Black,53,7,2
2020-07-25,Southside,"Not Reported",245,8,4
2020-07-25,Hampton,Black,337,33,4
2020-07-25,Alleghany,"Other Race",4,0,0
2020-07-25,Lenowisco,Latino,1,0,0
2020-07-25,Loudoun,"Other Race",110,10,1
2020-07-25,"Central Shenandoah",Latino,835,52,4
2020-07-25,"Rappahannock Rapidan",Latino,689,57,6
2020-07-25,Norfolk,Latino,225,18,0
2020-07-25,"Eastern Shore",Black,809,94,25
2020-07-25,Richmond,Black,706,144,22
2020-07-25,Hampton,"Two or more races",5,0,0
2020-07-25,Henrico,"Two or more races",12,0,0
2020-07-25,Fairfax,"Two or more races",38,4,0
2020-07-25,Alleghany,"Not Reported",342,1,0
2020-07-25,Portsmouth,"Not Reported",358,2,0
2020-07-25,"Cumberland Plateau","Other Race",0,0,0
2020-07-25,Southside,"Two or more races",22,0,0
2020-07-25,Portsmouth,White,149,12,5
2020-07-25,"Rappahannock Rapidan","Two or more races",16,2,0
2020-07-25,Fairfax,White,2471,425,280
2020-07-25,Fairfax,"Other Race",566,68,14
2020-07-25,Crater,"Two or more races",2,0,0
2020-07-25,"West Piedmont","Not Reported",139,4,0
2020-07-25,Henrico,"Other Race",74,11,0
2020-07-25,"Central Virginia",Black,50,3,1
2020-07-25,"Three Rivers",White,342,29,7
2020-07-25,"Three Rivers","Other Race",7,3,0
2020-07-25,Lenowisco,"Other Race",1,0,0
2020-07-25,"Western Tidewater",White,340,46,34
2020-07-25,"Mount Rogers",Black,32,5,2
2020-07-25,"Three Rivers","Not Reported",167,2,0
2020-07-25,"Thomas Jefferson",Black,290,57,8
2020-07-25,"Eastern Shore",White,188,16,15
2020-07-25,"Central Virginia",White,139,10,4
2020-07-25,Lenowisco,Black,1,0,0
2020-07-25,"Central Virginia","Two or more races",0,0,0
2020-07-25,Richmond,"Two or more races",5,0,0
2020-07-25,Crater,"Not Reported",402,8,3
2020-07-25,Chesterfield,"Two or more races",11,2,0
2020-07-25,"New River",Latino,30,4,0
2020-07-25,Richmond,Latino,1027,83,6
2020-07-25,Portsmouth,Latino,47,10,1
2020-07-25,Pittsylvania-Danville,"Not Reported",160,5,0
2020-07-25,Chesapeake,"Not Reported",545,4,0
2020-07-25,Chickahominy,Latino,59,4,0
2020-07-25,Crater,Black,978,141,33
2020-07-25,Chesterfield,Black,538,79,22
2020-07-25,Chesterfield,"Other Race",173,7,0
2020-07-25,Peninsula,Black,543,54,14
2020-07-25,Roanoke,White,107,5,8
2020-07-25,"New River",Black,25,3,0
2020-07-25,Peninsula,Latino,242,16,0
2020-07-25,Southside,Latino,3,0,0
2020-07-25,Rappahannock,"Two or more races",17,1,0
2020-07-25,"Virginia Beach",Black,905,54,8
2020-07-25,"Mount Rogers","Not Reported",52,1,1
2020-07-25,Loudoun,"Not Reported",1842,3,1
2020-07-25,Chesapeake,"Other Race",22,1,0
2020-07-25,Chickahominy,"Two or more races",1,1,0
2020-07-25,Crater,"Other Race",19,0,0
2020-07-25,Norfolk,"Two or more races",18,0,0
2020-07-25,"Eastern Shore","Two or more races",1,1,0
2020-07-25,"Central Shenandoah",White,1292,130,41
2020-07-25,"New River","Other Race",3,1,0
2020-07-25,"New River",White,253,18,6
2020-07-25,"Central Shenandoah","Other Race",35,1,0
2020-07-25,"West Piedmont",Black,177,40,3
2020-07-25,Alleghany,Latino,86,6,0
2020-07-25,"Central Shenandoah","Not Reported",222,3,1
2020-07-25,Roanoke,"Two or more races",1,0,0
2020-07-25,Peninsula,"Two or more races",13,2,0
2020-07-25,Arlington,"Other Race",69,8,3
2020-07-25,Richmond,"Not Reported",545,2,0
2020-07-25,Norfolk,"Not Reported",754,1,0
2020-07-25,Alexandria,"Other Race",46,5,2
2020-07-25,"Virginia Beach",White,1126,83,27
2020-07-25,Chesapeake,"Two or more races",9,0,0
2020-07-25,Alleghany,White,289,28,14
2020-07-25,"Rappahannock Rapidan","Other Race",23,1,0
2020-07-25,Chickahominy,"Not Reported",226,1,1
2020-07-25,Portsmouth,Black,631,79,14
2020-07-25,Chickahominy,"Other Race",10,2,0
2020-07-25,"Virginia Beach",Latino,248,18,3
2020-07-25,Chesapeake,White,539,55,13
2020-07-25,Southside,Black,169,31,11
2020-07-25,Rappahannock,Latino,980,99,7
2020-07-25,"Three Rivers","Two or more races",4,0,0
2020-07-25,Henrico,Black,947,147,77
2020-07-25,Pittsylvania-Danville,Black,178,29,2
2020-07-25,"Lord Fairfax","Two or more races",11,0,0
2020-07-25,"Mount Rogers","Other Race",6,2,1
2020-07-25,"Prince William",Latino,4603,564,60
2020-07-25,"Central Shenandoah",Black,119,9,4
2020-07-25,Peninsula,White,473,77,24
2020-07-25,"Eastern Shore","Not Reported",89,0,0
2020-07-25,"Thomas Jefferson","Other Race",81,3,0
2020-07-25,Hampton,"Other Race",14,2,0
2020-07-25,"Lord Fairfax","Not Reported",297,4,6
2020-07-25,"Central Virginia","Other Race",3,0,0
2020-07-25,"Western Tidewater","Other Race",29,2,1
2020-07-25,Crater,Latino,153,7,2
2020-07-25,Chesapeake,Latino,169,15,2
2020-07-25,Chesterfield,White,672,80,54
2020-07-25,"Western Tidewater","Not Reported",469,3,1
2020-07-25,Fairfax,"Not Reported",2127,68,36
2020-07-25,Arlington,Black,253,70,32
2020-07-25,"Central Virginia",Latino,25,1,1
2020-07-25,"Three Rivers",Black,259,26,5
2020-07-25,Alexandria,"Not Reported",160,6,0
2020-07-25,"Prince William","Two or more races",17,1,0
2020-07-25,Loudoun,"Two or more races",29,0,0
2020-07-25,Peninsula,"Other Race",57,3,0
2020-07-25,"Thomas Jefferson",White,570,44,21
2020-07-25,Norfolk,"Other Race",42,2,1
2020-07-25,"Prince William","Not Reported",3401,20,0
2020-07-25,"West Piedmont",White,279,34,6
2020-07-25,Rappahannock,Black,376,56,10
2020-07-25,Norfolk,Black,1280,104,13
2020-07-25,Roanoke,Latino,205,2,0
2020-07-25,Piedmont,Latino,62,6,1
2020-07-25,Roanoke,"Not Reported",326,1,0
2020-07-25,Arlington,"Two or more races",18,2,0
2020-07-25,"Virginia Beach","Other Race",44,2,0
2020-07-25,Alexandria,White,501,50,33
2020-07-25,"Lord Fairfax","Other Race",61,6,1
2020-07-25,"Thomas Jefferson","Not Reported",127,1,0
2020-07-25,"Virginia Beach","Not Reported",980,6,3
2020-07-25,Loudoun,Black,192,24,3
2020-07-25,Pittsylvania-Danville,Latino,41,2,0
2020-07-25,"Cumberland Plateau","Not Reported",6,1,0
2020-07-25,Chesterfield,"Not Reported",1650,3,10
2020-07-25,"Mount Rogers",White,756,90,35
2020-07-25,Richmond,White,296,25,5
2020-07-25,Lenowisco,"Not Reported",24,2,1
2020-07-25,Piedmont,"Not Reported",383,12,1
2020-07-25,"Three Rivers",Latino,138,5,1
2020-07-25,"Mount Rogers",Latino,231,1,0
2020-07-25,Crater,White,395,40,12
2020-07-25,"Central Shenandoah","Two or more races",11,1,0
2020-07-25,Arlington,White,796,116,65
2020-07-25,Pittsylvania-Danville,"Other Race",0,0,0
2020-07-25,Chickahominy,Black,153,37,10
2020-07-25,Fairfax,Black,981,190,53
2020-07-25,"Eastern Shore",Latino,249,9,3
2020-07-25,Norfolk,White,313,30,6
2020-07-25,Alleghany,"Two or more races",2,0,0
2020-07-25,"Mount Rogers","Two or more races",4,0,0
2020-07-25,Southside,White,136,23,16
2020-07-25,"Thomas Jefferson","Two or more races",19,0,0
2020-07-25,"Prince William",Black,797,139,42
2020-07-25,"Lord Fairfax",White,1322,151,60
2020-07-25,"Cumberland Plateau",Latino,2,0,0
2020-07-25,Arlington,"Not Reported",206,2,0
2020-07-25,Rappahannock,"Other Race",54,4,0
2020-07-25,"Rappahannock Rapidan",Black,111,20,6
2020-07-25,"New River","Two or more races",0,0,0
2020-07-25,Arlington,Latino,1323,211,23
2020-07-25,Henrico,White,785,84,88
2020-07-25,Loudoun,White,1009,104,80
2020-07-25,Hampton,White,99,9,0
2020-07-25,Alleghany,Black,28,2,1
2020-07-25,"Prince William",White,1068,145,79
2020-07-25,Rappahannock,White,675,81,31
2020-07-25,Portsmouth,"Two or more races",2,1,0
2020-07-25,Southside,"Other Race",7,0,1
2020-07-25,"Western Tidewater",Black,644,67,33
2020-07-25,Hampton,Latino,40,4,0
2020-07-25,Henrico,"Not Reported",657,2,3
2020-07-25,"West Piedmont","Two or more races",0,0,0
2020-07-25,Peninsula,"Not Reported",930,2,0
2020-07-25,Loudoun,Latino,1392,145,11
2020-07-25,Alexandria,Black,446,69,12
2020-07-25,Piedmont,Black,391,54,7
2020-07-25,Roanoke,"Other Race",3,0,0
2020-07-25,"Western Tidewater",Latino,18,1,0
2020-07-25,Alexandria,"Two or more races",5,1,0
2020-07-25,Rappahannock,"Not Reported",834,24,0
2020-07-25,"West Piedmont","Other Race",3,1,1
2020-07-25,Chickahominy,White,394,74,29
2020-07-25,"Thomas Jefferson",Latino,461,24,0
2020-07-25,"Cumberland Plateau",Black,14,0,0
2020-07-25,"Lord Fairfax",Latino,605,37,8
2020-07-25,"West Piedmont",Latino,196,8,0
2020-07-25,"Cumberland Plateau",White,152,10,1
2020-07-25,"Eastern Shore","Other Race",13,1,0
2020-07-25,"Cumberland Plateau","Two or more races",3,0,0
2020-07-25,Piedmont,"Other Race",6,0,0
2020-07-25,Pittsylvania-Danville,"Two or more races",0,0,0
2020-07-25,Alexandria,Latino,1435,124,9
2020-07-25,Chesapeake,Black,753,99,7
2020-07-25,Richmond,"Other Race",104,8,2
2020-07-25,Henrico,Latino,655,49,6
2020-07-25,Piedmont,"Two or more races",4,2,0
2020-07-25,"Prince William","Other Race",250,14,0
2020-07-25,"New River","Not Reported",52,0,0
2020-07-25,"Rappahannock Rapidan",White,444,38,11
2020-07-25,"Central Virginia","Not Reported",549,5,0
2020-07-25,"Virginia Beach","Two or more races",25,2,0
2020-07-25,Fairfax,Latino,7940,886,73
2020-07-25,"Lord Fairfax",Black,102,10,6
2020-07-25,Pittsylvania-Danville,White,125,21,3
2020-07-25,Chesterfield,"Asian or Pacific Islander",37,2,0
2020-07-25,Crater,"Asian or Pacific Islander",6,0,0
2020-08-07,Crater,Black,1175,157,47
2020-07-25,Fairfax,"Asian or Pacific Islander",1244,227,71
2020-07-25,Hampton,"Asian or Pacific Islander",5,0,0
2020-07-25,"Rappahannock Rapidan","Asian or Pacific Islander",5,1,0
2020-07-25,"New River","Asian or Pacific Islander",6,0,0
2020-07-25,"Mount Rogers","Asian or Pacific Islander",2,1,0
2020-07-25,"Central Virginia","Asian or Pacific Islander",2,0,0
2020-07-25,"Lord Fairfax","Asian or Pacific Islander",8,0,0
2020-07-25,Southside,"Asian or Pacific Islander",1,0,0
2020-07-25,Portsmouth,"Asian or Pacific Islander",9,2,0
2020-07-25,Alleghany,"Asian or Pacific Islander",5,0,0
2020-07-25,Roanoke,"Asian or Pacific Islander",3,0,0
2020-07-25,Richmond,"Asian or Pacific Islander",12,3,1
2020-07-25,"Thomas Jefferson","Asian or Pacific Islander",25,0,1
2020-07-25,"Virginia Beach","Asian or Pacific Islander",116,15,2
2020-07-25,Henrico,"Asian or Pacific Islander",124,8,3
2020-07-25,Piedmont,"Asian or Pacific Islander",4,0,0
2020-07-25,"Western Tidewater","Asian or Pacific Islander",10,1,0
2020-07-25,"West Piedmont","Asian or Pacific Islander",11,1,1
2020-07-25,Chickahominy,"Asian or Pacific Islander",6,1,0
2020-07-25,Peninsula,"Asian or Pacific Islander",18,4,2
2020-07-25,Norfolk,"Asian or Pacific Islander",27,2,0
2020-07-25,Loudoun,"Asian or Pacific Islander",220,39,10
2020-07-25,Arlington,"Asian or Pacific Islander",132,22,12
2020-07-25,Alexandria,"Asian or Pacific Islander",92,9,1
2020-07-25,Rappahannock,"Asian or Pacific Islander",50,8,1
2020-07-25,Chesapeake,"Asian or Pacific Islander",33,7,2
2020-07-25,"Cumberland Plateau and Lenowisco","Asian or Pacific Islander",1,0,0
2020-07-25,"Central Shenandoah","Asian or Pacific Islander",17,2,0
2020-07-25,"Prince William","Asian or Pacific Islander",311,44,13
2020-07-25,Pittsylvania-Danville,"Asian or Pacific Islander",0,0,0
2020-07-25,"Eastern Shore and Three Rivers","Asian or Pacific Islander",8,1,0
2020-07-25,Piedmont,"Native American",1,0,0
2020-07-25,"New River","Native American",0,0,0
2020-07-25,"Central Shenandoah","Native American",3,1,0
2020-07-25,"Eastern Shore and Three Rivers","Native American",1,0,0
2020-07-25,Fairfax,"Native American",27,1,1
2020-07-25,Chesapeake,"Native American",9,0,0
2020-07-25,"Western Tidewater","Native American",1,0,0
2020-07-25,Portsmouth,"Native American",2,1,0
2020-07-25,Richmond,"Native American",0,0,0
2020-07-25,Chickahominy,"Native American",3,1,0
2020-07-25,"Thomas Jefferson","Native American",2,0,0
2020-07-25,Arlington,"Native American",4,0,0
2020-07-25,"Virginia Beach","Native American",4,0,0
2020-07-25,Peninsula,"Native American",2,0,0
2020-07-25,Hampton,"Native American",0,0,0
2020-07-25,"West Piedmont","Native American",0,0,0
2020-07-25,"Cumberland Plateau, Lenowisco, and Mount Rogers","Native American",0,0,0
2020-07-25,Henrico,"Native American",7,0,0
2020-07-25,Norfolk,"Native American",2,0,0
2020-07-25,"Prince William","Native American",13,1,0
2020-07-25,"Central Virginia","Native American",1,0,0
2020-07-25,Chesterfield,"Native American",3,0,0
2020-07-25,Rappahannock,"Native American",3,0,0
2020-07-25,Loudoun,"Native American",2,0,0
2020-07-25,Alexandria,"Native American",2,0,0
2020-07-25,"Alleghany and Roanoke","Native American",0,0,0
2020-07-25,Crater,"Native American",4,0,0
2020-07-25,"Rappahannock Rapidan","Native American",1,0,0
2020-07-25,"Lord Fairfax","Native American",2,1,1
2020-07-25,"Pittsylvania-Danville and Southside","Native American",0,0,0
2020-07-26,"Rappahannock Rapidan","Not Reported",469,11,2
2020-07-26,Portsmouth,"Other Race",28,2,1
2020-07-26,"Western Tidewater","Two or more races",3,0,0
2020-07-26,Piedmont,White,363,42,10
2020-07-26,Chesterfield,Latino,903,60,3
2020-07-26,Lenowisco,White,153,24,5
2020-07-26,Hampton,"Not Reported",355,0,0
2020-07-26,Lenowisco,"Two or more races",0,0,0
2020-07-26,Roanoke,Black,56,7,2
2020-07-26,Southside,"Not Reported",247,8,4
2020-07-26,Hampton,Black,352,33,4
2020-07-26,Alleghany,"Other Race",4,0,0
2020-07-26,Lenowisco,Latino,1,0,0
2020-07-26,Loudoun,"Other Race",111,10,1
2020-07-26,"Central Shenandoah",Latino,836,52,4
2020-07-26,"Rappahannock Rapidan",Latino,690,57,6
2020-07-26,Norfolk,Latino,229,18,0
2020-07-26,"Eastern Shore",Black,811,94,25
2020-07-26,Richmond,Black,717,145,22
2020-07-26,Hampton,"Two or more races",5,0,0
2020-07-26,Henrico,"Two or more races",12,0,0
2020-07-26,Fairfax,"Two or more races",39,4,0
2020-07-26,Alleghany,"Not Reported",352,1,0
2020-07-26,Portsmouth,"Not Reported",369,2,0
2020-07-26,"Cumberland Plateau","Other Race",0,0,0
2020-07-26,Southside,"Two or more races",22,0,0
2020-07-26,Portsmouth,White,152,12,5
2020-07-26,"Rappahannock Rapidan","Two or more races",16,2,0
2020-07-26,Fairfax,White,2488,425,280
2020-07-26,Fairfax,"Other Race",566,68,14
2020-07-26,Crater,"Two or more races",2,0,0
2020-07-26,"West Piedmont","Not Reported",151,6,0
2020-07-26,Henrico,"Other Race",74,11,0
2020-07-26,"Central Virginia",Black,53,3,1
2020-07-26,"Three Rivers",White,344,29,7
2020-07-26,"Three Rivers","Other Race",7,3,0
2020-07-26,Lenowisco,"Other Race",1,0,0
2020-07-26,"Western Tidewater",White,346,46,34
2020-07-26,"Mount Rogers",Black,33,5,2
2020-07-26,"Three Rivers","Not Reported",173,2,0
2020-07-26,"Thomas Jefferson",Black,294,57,8
2020-07-26,"Eastern Shore",White,189,16,15
2020-07-26,"Central Virginia",White,145,10,4
2020-07-26,Lenowisco,Black,1,0,0
2020-07-26,"Central Virginia","Two or more races",0,0,0
2020-07-26,Richmond,"Two or more races",6,0,0
2020-07-26,Crater,"Not Reported",412,8,3
2020-07-26,Chesterfield,"Two or more races",11,2,0
2020-07-26,"New River",Latino,30,4,0
2020-07-26,Richmond,Latino,1032,82,6
2020-07-26,Portsmouth,Latino,47,10,1
2020-07-26,Pittsylvania-Danville,"Not Reported",169,5,0
2020-07-26,Chesapeake,"Not Reported",570,4,0
2020-07-26,Chickahominy,Latino,60,4,0
2020-07-26,Crater,Black,985,142,33
2020-07-26,Chesterfield,Black,544,79,22
2020-07-26,Chesterfield,"Other Race",175,7,0
2020-07-26,Peninsula,Black,568,54,14
2020-07-26,Roanoke,White,110,5,8
2020-07-26,"New River",Black,25,3,0
2020-07-26,Peninsula,Latino,244,16,0
2020-07-26,Southside,Latino,3,0,0
2020-07-26,Rappahannock,"Two or more races",17,1,0
2020-07-26,"Virginia Beach",Black,928,55,8
2020-07-26,"Mount Rogers","Not Reported",54,1,1
2020-07-26,Loudoun,"Not Reported",1846,3,1
2020-07-26,Chesapeake,"Other Race",25,1,0
2020-07-26,Chickahominy,"Two or more races",1,1,0
2020-07-26,Crater,"Other Race",22,0,0
2020-07-26,Norfolk,"Two or more races",23,0,0
2020-07-26,"Eastern Shore","Two or more races",1,1,0
2020-07-26,"Central Shenandoah",White,1303,130,41
2020-07-26,"New River","Other Race",3,1,0
2020-07-26,"New River",White,259,18,6
2020-07-26,"Central Shenandoah","Other Race",35,1,0
2020-07-26,"West Piedmont",Black,177,40,3
2020-07-26,Alleghany,Latino,86,6,0
2020-08-11,Hampton,White,162,9,1
2020-07-26,"Central Shenandoah","Not Reported",225,3,1
2020-07-26,Roanoke,"Two or more races",1,0,0
2020-07-26,Peninsula,"Two or more races",13,2,0
2020-07-26,Arlington,"Other Race",70,8,3
2020-07-26,Richmond,"Not Reported",539,2,0
2020-07-26,Norfolk,"Not Reported",769,1,0
2020-07-26,Alexandria,"Other Race",46,5,2
2020-07-26,"Virginia Beach",White,1159,84,27
2020-07-26,Chesapeake,"Two or more races",9,0,0
2020-07-26,Alleghany,White,298,28,14
2020-07-26,"Rappahannock Rapidan","Other Race",23,1,0
2020-07-26,Chickahominy,"Not Reported",226,1,1
2020-07-26,Portsmouth,Black,658,79,14
2020-07-26,Chickahominy,"Other Race",11,2,0
2020-07-26,"Virginia Beach",Latino,254,18,3
2020-07-26,Chesapeake,White,556,56,13
2020-07-26,Southside,Black,172,31,11
2020-07-26,Rappahannock,Latino,986,99,7
2020-07-26,"Three Rivers","Two or more races",4,0,0
2020-07-26,Henrico,Black,957,147,78
2020-07-26,Pittsylvania-Danville,Black,181,29,2
2020-07-26,"Lord Fairfax","Two or more races",12,0,0
2020-07-26,"Mount Rogers","Other Race",6,2,1
2020-07-26,"Prince William",Latino,4615,565,60
2020-07-26,"Central Shenandoah",Black,119,9,4
2020-07-26,Peninsula,White,489,77,24
2020-07-26,"Eastern Shore","Not Reported",89,0,0
2020-07-26,"Thomas Jefferson","Other Race",90,3,0
2020-07-26,Hampton,"Other Race",14,2,0
2020-07-26,"Lord Fairfax","Not Reported",299,4,6
2020-07-26,"Central Virginia","Other Race",3,0,0
2020-07-26,"Western Tidewater","Other Race",29,2,1
2020-07-26,Crater,Latino,154,7,2
2020-07-26,Chesapeake,Latino,174,15,2
2020-07-26,Chesterfield,White,674,81,54
2020-07-26,"Western Tidewater","Not Reported",476,3,1
2020-07-26,Fairfax,"Not Reported",2134,68,36
2020-07-26,Arlington,Black,254,70,32
2020-07-26,"Central Virginia",Latino,25,1,1
2020-07-26,"Three Rivers",Black,264,27,5
2020-07-26,Alexandria,"Not Reported",161,6,0
2020-07-26,"Prince William","Two or more races",17,1,0
2020-07-26,Loudoun,"Two or more races",29,0,0
2020-07-26,Peninsula,"Other Race",59,3,0
2020-07-26,"Thomas Jefferson",White,576,44,21
2020-07-26,Norfolk,"Other Race",45,2,1
2020-07-26,"Prince William","Not Reported",3416,20,0
2020-07-26,"West Piedmont",White,285,34,6
2020-07-26,Rappahannock,Black,384,57,10
2020-07-26,Norfolk,Black,1340,104,13
2020-07-26,Roanoke,Latino,211,3,0
2020-07-26,Piedmont,Latino,62,6,1
2020-07-26,Roanoke,"Not Reported",338,1,0
2020-07-26,Arlington,"Two or more races",18,2,0
2020-07-26,"Virginia Beach","Other Race",51,2,0
2020-07-26,Alexandria,White,503,50,33
2020-07-26,"Lord Fairfax","Other Race",61,6,1
2020-07-26,"Thomas Jefferson","Not Reported",129,1,0
2020-07-26,"Virginia Beach","Not Reported",1006,6,3
2020-07-26,Loudoun,Black,193,24,3
2020-07-26,Pittsylvania-Danville,Latino,41,2,0
2020-07-26,"Cumberland Plateau","Not Reported",5,1,0
2020-07-26,Chesterfield,"Not Reported",1665,3,10
2020-07-26,"Mount Rogers",White,777,94,35
2020-07-26,Richmond,White,301,25,5
2020-07-26,Lenowisco,"Not Reported",26,2,1
2020-07-26,Piedmont,"Not Reported",395,12,1
2020-07-26,"Three Rivers",Latino,138,5,1
2020-07-26,"Mount Rogers",Latino,234,1,0
2020-07-26,Crater,White,399,40,12
2020-07-26,"Central Shenandoah","Two or more races",11,1,0
2020-07-26,Arlington,White,797,116,65
2020-08-18,Henrico,White,1026,101,92
2020-07-26,Pittsylvania-Danville,"Other Race",0,0,0
2020-07-26,Chickahominy,Black,153,37,10
2020-07-26,Fairfax,Black,985,191,53
2020-07-26,"Eastern Shore",Latino,249,9,3
2020-07-26,Norfolk,White,335,30,6
2020-07-26,Alleghany,"Two or more races",2,0,0
2020-07-26,"Mount Rogers","Two or more races",4,0,0
2020-07-26,Southside,White,139,23,16
2020-07-26,"Thomas Jefferson","Two or more races",19,0,0
2020-07-26,"Prince William",Black,809,139,42
2020-07-26,"Lord Fairfax",White,1326,151,60
2020-07-26,"Cumberland Plateau",Latino,2,0,0
2020-07-26,Arlington,"Not Reported",209,2,0
2020-07-26,Rappahannock,"Other Race",55,4,0
2020-07-26,"Rappahannock Rapidan",Black,111,20,6
2020-07-26,"New River","Two or more races",0,0,0
2020-07-26,Arlington,Latino,1323,211,23
2020-07-26,Henrico,White,788,84,88
2020-07-26,Loudoun,White,1023,104,80
2020-07-26,Hampton,White,101,9,0
2020-07-26,Alleghany,Black,28,2,1
2020-07-26,"Prince William",White,1074,146,79
2020-07-26,Rappahannock,White,679,81,32
2020-07-26,Portsmouth,"Two or more races",2,1,0
2020-07-26,Southside,"Other Race",7,0,1
2020-07-26,"Western Tidewater",Black,666,67,33
2020-07-26,Hampton,Latino,41,4,0
2020-07-26,Henrico,"Not Reported",667,2,3
2020-07-26,"West Piedmont","Two or more races",0,0,0
2020-07-26,Peninsula,"Not Reported",940,2,0
2020-07-26,Loudoun,Latino,1395,145,11
2020-07-26,Alexandria,Black,449,70,12
2020-07-26,Piedmont,Black,391,54,7
2020-07-26,Roanoke,"Other Race",3,0,0
2020-07-26,"Western Tidewater",Latino,19,1,0
2020-07-26,Alexandria,"Two or more races",5,1,0
2020-07-26,Rappahannock,"Not Reported",842,24,0
2020-07-26,"West Piedmont","Other Race",3,1,1
2020-07-26,Chickahominy,White,399,75,29
2020-07-26,"Thomas Jefferson",Latino,465,24,0
2020-07-26,"Cumberland Plateau",Black,14,0,0
2020-07-26,"Lord Fairfax",Latino,607,37,8
2020-07-26,"West Piedmont",Latino,196,8,0
2020-07-26,"Cumberland Plateau",White,165,11,1
2020-07-26,"Eastern Shore","Other Race",13,1,0
2020-07-26,"Cumberland Plateau","Two or more races",3,0,0
2020-07-26,Piedmont,"Other Race",7,0,0
2020-07-26,Pittsylvania-Danville,"Two or more races",0,0,0
2020-07-26,Alexandria,Latino,1437,124,9
2020-07-26,Chesapeake,Black,774,100,8
2020-07-26,Richmond,"Other Race",105,8,2
2020-07-26,Henrico,Latino,660,49,6
2020-07-26,Piedmont,"Two or more races",4,2,0
2020-07-26,"Prince William","Other Race",253,14,0
2020-07-26,"New River","Not Reported",56,0,0
2020-07-26,"Rappahannock Rapidan",White,449,38,11
2020-07-26,"Central Virginia","Not Reported",567,5,0
2020-07-26,"Virginia Beach","Two or more races",25,2,0
2020-07-26,Fairfax,Latino,7948,887,73
2020-07-26,"Lord Fairfax",Black,102,10,6
2020-07-26,Pittsylvania-Danville,White,126,21,3
2020-07-26,Chesterfield,"Asian or Pacific Islander",38,2,0
2020-07-26,Crater,"Asian or Pacific Islander",6,0,0
2020-07-26,Fairfax,"Asian or Pacific Islander",1246,227,71
2020-07-26,Hampton,"Asian or Pacific Islander",5,0,0
2020-07-26,"Rappahannock Rapidan","Asian or Pacific Islander",5,1,0
2020-07-26,"New River","Asian or Pacific Islander",6,0,0
2020-07-26,"Mount Rogers","Asian or Pacific Islander",2,1,0
2020-07-26,"Central Virginia","Asian or Pacific Islander",3,0,0
2020-07-26,"Lord Fairfax","Asian or Pacific Islander",8,0,0
2020-07-26,Southside,"Asian or Pacific Islander",1,0,0
2020-07-26,Portsmouth,"Asian or Pacific Islander",9,2,0
2020-07-26,Alleghany,"Asian or Pacific Islander",5,0,0
2020-07-26,Roanoke,"Asian or Pacific Islander",5,0,0
2020-07-26,Richmond,"Asian or Pacific Islander",12,3,1
2020-07-26,"Thomas Jefferson","Asian or Pacific Islander",25,0,1
2020-07-26,"Virginia Beach","Asian or Pacific Islander",122,16,2
2020-07-26,Henrico,"Asian or Pacific Islander",125,8,3
2020-07-26,Piedmont,"Asian or Pacific Islander",4,0,0
2020-07-26,"Western Tidewater","Asian or Pacific Islander",10,1,0
2020-07-26,"West Piedmont","Asian or Pacific Islander",11,1,1
2020-07-26,Chickahominy,"Asian or Pacific Islander",6,1,0
2020-07-26,Peninsula,"Asian or Pacific Islander",18,4,2
2020-07-26,Norfolk,"Asian or Pacific Islander",28,2,0
2020-07-26,Loudoun,"Asian or Pacific Islander",221,39,10
2020-07-26,Arlington,"Asian or Pacific Islander",132,22,12
2020-07-26,Alexandria,"Asian or Pacific Islander",92,9,1
2020-07-26,Rappahannock,"Asian or Pacific Islander",50,8,1
2020-07-26,Chesapeake,"Asian or Pacific Islander",34,7,2
2020-07-26,"Cumberland Plateau and Lenowisco","Asian or Pacific Islander",1,0,0
2020-07-26,"Central Shenandoah","Asian or Pacific Islander",17,2,0
2020-07-26,"Prince William","Asian or Pacific Islander",311,44,13
2020-07-26,Pittsylvania-Danville,"Asian or Pacific Islander",0,0,0
2020-07-26,"Eastern Shore and Three Rivers","Asian or Pacific Islander",8,1,0
2020-07-26,Piedmont,"Native American",1,0,0
2020-07-26,"New River","Native American",0,0,0
2020-07-26,"Central Shenandoah","Native American",3,1,0
2020-07-26,"Eastern Shore and Three Rivers","Native American",1,0,0
2020-07-26,Fairfax,"Native American",27,1,1
2020-07-26,Chesapeake,"Native American",9,0,0
2020-07-26,"Western Tidewater","Native American",1,0,0
2020-07-26,Portsmouth,"Native American",2,1,0
2020-07-26,Richmond,"Native American",0,0,0
2020-07-26,Chickahominy,"Native American",3,1,0
2020-07-26,"Thomas Jefferson","Native American",2,0,0
2020-07-26,Arlington,"Native American",4,0,0
2020-07-26,"Virginia Beach","Native American",3,0,0
2020-07-26,Peninsula,"Native American",3,0,0
2020-07-26,Hampton,"Native American",0,0,0
2020-07-26,"West Piedmont","Native American",0,0,0
2020-07-26,"Cumberland Plateau, Lenowisco, and Mount Rogers","Native American",0,0,0
2020-07-26,Henrico,"Native American",7,0,0
2020-07-26,Norfolk,"Native American",2,0,0
2020-07-26,"Prince William","Native American",13,1,0
2020-07-26,"Central Virginia","Native American",1,0,0
2020-07-26,Chesterfield,"Native American",3,0,0
2020-07-26,Rappahannock,"Native American",3,0,0
2020-07-26,Loudoun,"Native American",2,0,0
2020-07-26,Alexandria,"Native American",2,0,0
2020-07-26,"Alleghany and Roanoke","Native American",0,0,0
2020-07-26,Crater,"Native American",4,0,0
2020-07-26,"Rappahannock Rapidan","Native American",1,0,0
2020-07-26,"Lord Fairfax","Native American",2,1,1
2020-07-26,"Pittsylvania-Danville and Southside","Native American",0,0,0
2020-07-27,"Rappahannock Rapidan","Not Reported",480,11,2
2020-07-27,Portsmouth,"Other Race",29,2,1
2020-07-27,"Western Tidewater","Two or more races",3,0,0
2020-07-27,Piedmont,White,363,42,10
2020-07-27,Chesterfield,Latino,915,60,3
2020-07-27,Lenowisco,White,166,25,5
2020-07-27,Hampton,"Not Reported",368,0,0
2020-07-27,Lenowisco,"Two or more races",0,0,0
2020-07-27,Roanoke,Black,57,7,2
2020-07-27,Southside,"Not Reported",249,8,4
2020-07-27,Hampton,Black,375,33,4
2020-07-27,Alleghany,"Other Race",4,0,0
2020-07-27,Lenowisco,Latino,2,0,0
2020-07-27,Loudoun,"Other Race",115,10,1
2020-08-18,Loudoun,White,1239,108,83
2020-07-27,"Central Shenandoah",Latino,838,52,4
2020-07-27,"Rappahannock Rapidan",Latino,693,57,6
2020-07-27,Norfolk,Latino,229,18,0
2020-07-27,"Eastern Shore",Black,812,94,25
2020-07-27,Richmond,Black,737,146,22
2020-07-27,Hampton,"Two or more races",5,0,0
2020-07-27,Henrico,"Two or more races",12,0,0
2020-07-27,Fairfax,"Two or more races",38,4,0
2020-07-27,Alleghany,"Not Reported",367,1,0
2020-07-27,Portsmouth,"Not Reported",378,2,0
2020-07-27,"Cumberland Plateau","Other Race",0,0,0
2020-07-27,Southside,"Two or more races",22,0,0
2020-07-27,Portsmouth,White,153,12,5
2020-07-27,"Rappahannock Rapidan","Two or more races",16,2,0
2020-07-27,Fairfax,White,2508,426,280
2020-07-27,Fairfax,"Other Race",571,69,15
2020-07-27,Crater,"Two or more races",2,0,0
2020-07-27,"West Piedmont","Not Reported",151,6,0
2020-07-27,Henrico,"Other Race",75,11,0
2020-07-27,"Central Virginia",Black,62,3,1
2020-07-27,"Three Rivers",White,348,29,7
2020-07-27,"Three Rivers","Other Race",7,3,0
2020-07-27,Lenowisco,"Other Race",1,0,0
2020-07-27,"Western Tidewater",White,354,47,34
2020-07-27,"Mount Rogers",Black,33,5,2
2020-07-27,"Three Rivers","Not Reported",174,2,0
2020-07-27,"Thomas Jefferson",Black,309,57,8
2020-07-27,"Eastern Shore",White,192,16,15
2020-07-27,"Central Virginia",White,160,10,4
2020-07-27,Lenowisco,Black,1,0,0
2020-07-27,"Central Virginia","Two or more races",0,0,0
2020-07-27,Richmond,"Two or more races",6,0,0
2020-07-27,Crater,"Not Reported",422,8,3
2020-07-27,Chesterfield,"Two or more races",11,2,0
2020-07-27,"New River",Latino,36,4,0
2020-07-27,Richmond,Latino,1037,82,6
2020-07-27,Portsmouth,Latino,47,10,1
2020-07-27,Pittsylvania-Danville,"Not Reported",199,5,0
2020-07-27,Chesapeake,"Not Reported",616,4,0
2020-07-27,Chickahominy,Latino,61,4,0
2020-07-27,Crater,Black,1010,142,33
2020-07-27,Chesterfield,Black,552,80,23
2020-07-27,Chesterfield,"Other Race",176,7,0
2020-07-27,Peninsula,Black,581,54,14
2020-07-27,Roanoke,White,110,5,8
2020-07-27,"New River",Black,25,3,0
2020-07-27,Peninsula,Latino,249,16,0
2020-07-27,Southside,Latino,3,0,0
2020-07-27,Rappahannock,"Two or more races",17,1,0
2020-07-27,"Virginia Beach",Black,983,58,8
2020-07-27,"Mount Rogers","Not Reported",54,1,1
2020-07-27,Loudoun,"Not Reported",1877,3,1
2020-07-27,Chesapeake,"Other Race",28,1,0
2020-07-27,Chickahominy,"Two or more races",1,1,0
2020-07-27,Crater,"Other Race",23,0,0
2020-07-27,Norfolk,"Two or more races",23,0,0
2020-07-27,"Eastern Shore","Two or more races",1,1,0
2020-07-27,"Central Shenandoah",White,1314,130,41
2020-07-27,"New River","Other Race",3,1,0
2020-07-27,"New River",White,268,19,6
2020-07-27,"Central Shenandoah","Other Race",35,1,0
2020-07-27,"West Piedmont",Black,177,40,3
2020-07-27,Alleghany,Latino,86,6,0
2020-07-27,"Central Shenandoah","Not Reported",234,3,1
2020-07-27,Roanoke,"Two or more races",1,0,0
2020-07-27,Peninsula,"Two or more races",14,2,0
2020-07-27,Arlington,"Other Race",70,8,3
2020-07-27,Richmond,"Not Reported",558,2,0
2020-07-27,Norfolk,"Not Reported",768,1,0
2020-07-27,Alexandria,"Other Race",46,5,2
2020-07-27,"Virginia Beach",White,1213,85,27
2020-07-27,Chesapeake,"Two or more races",9,0,0
2020-07-27,Alleghany,White,300,28,14
2020-07-27,"Rappahannock Rapidan","Other Race",23,1,0
2020-07-27,Chickahominy,"Not Reported",231,1,1
2020-07-27,Portsmouth,Black,670,79,14
2020-07-27,Chickahominy,"Other Race",12,2,0
2020-07-27,"Virginia Beach",Latino,256,18,3
2020-07-27,Chesapeake,White,572,60,13
2020-07-27,Southside,Black,175,31,11
2020-07-27,Rappahannock,Latino,996,99,7
2020-07-27,"Three Rivers","Two or more races",4,0,0
2020-07-27,Henrico,Black,993,149,78
2020-07-27,Pittsylvania-Danville,Black,190,29,2
2020-07-27,"Lord Fairfax","Two or more races",12,0,0
2020-07-27,"Mount Rogers","Other Race",6,2,1
2020-07-27,"Prince William",Latino,4646,565,60
2020-07-27,"Central Shenandoah",Black,119,9,4
2020-07-27,Peninsula,White,507,77,24
2020-07-27,"Eastern Shore","Not Reported",90,0,0
2020-07-27,"Thomas Jefferson","Other Race",92,3,0
2020-07-27,Hampton,"Other Race",17,2,0
2020-07-27,"Lord Fairfax","Not Reported",302,4,6
2020-07-27,"Central Virginia","Other Race",4,0,0
2020-07-27,"Western Tidewater","Other Race",29,1,1
2020-07-27,Crater,Latino,154,7,2
2020-07-27,Chesapeake,Latino,175,15,2
2020-07-27,Chesterfield,White,677,82,54
2020-07-27,"Western Tidewater","Not Reported",486,3,1
2020-07-27,Fairfax,"Not Reported",2208,68,36
2020-07-27,Arlington,Black,257,70,32
2020-07-27,"Central Virginia",Latino,25,1,1
2020-07-27,"Three Rivers",Black,262,26,5
2020-07-27,Alexandria,"Not Reported",165,6,0
2020-07-27,"Prince William","Two or more races",18,1,0
2020-07-27,Loudoun,"Two or more races",30,0,0
2020-07-27,Peninsula,"Other Race",61,3,0
2020-07-27,"Thomas Jefferson",White,590,47,21
2020-07-27,Norfolk,"Other Race",47,2,1
2020-07-27,"Prince William","Not Reported",3468,20,0
2020-07-27,"West Piedmont",White,285,34,6
2020-07-27,Rappahannock,Black,394,59,10
2020-07-27,Norfolk,Black,1343,105,13
2020-07-27,Roanoke,Latino,214,3,0
2020-07-27,Piedmont,Latino,62,6,1
2020-07-27,Roanoke,"Not Reported",347,1,0
2020-07-27,Arlington,"Two or more races",19,2,0
2020-07-27,"Virginia Beach","Other Race",53,2,0
2020-07-27,Alexandria,White,508,50,33
2020-07-27,"Lord Fairfax","Other Race",61,6,1
2020-07-27,"Thomas Jefferson","Not Reported",132,1,0
2020-07-27,"Virginia Beach","Not Reported",1072,6,3
2020-07-27,Loudoun,Black,202,24,3
2020-07-27,Pittsylvania-Danville,Latino,42,2,0
2020-07-27,"Cumberland Plateau","Not Reported",5,1,0
2020-07-27,Chesterfield,"Not Reported",1679,3,10
2020-07-27,"Mount Rogers",White,789,94,35
2020-07-27,Richmond,White,307,25,5
2020-07-27,Lenowisco,"Not Reported",28,3,1
2020-07-27,Piedmont,"Not Reported",395,12,1
2020-07-27,"Three Rivers",Latino,139,5,1
2020-07-27,"Mount Rogers",Latino,234,1,0
2020-07-27,Crater,White,403,41,12
2020-07-27,"Central Shenandoah","Two or more races",11,1,0
2020-07-27,Arlington,White,804,116,65
2020-07-27,Pittsylvania-Danville,"Other Race",0,0,0
2020-07-27,Chickahominy,Black,156,37,10
2020-07-27,Fairfax,Black,998,191,53
2020-07-27,"Eastern Shore",Latino,250,9,3
2020-07-27,Norfolk,White,337,30,6
2020-07-27,Alleghany,"Two or more races",2,0,0
2020-07-27,"Mount Rogers","Two or more races",4,0,0
2020-07-27,Southside,White,140,23,16
2020-07-27,"Thomas Jefferson","Two or more races",19,0,0
2020-07-27,"Prince William",Black,830,139,42
2020-07-27,"Lord Fairfax",White,1332,152,60
2020-07-27,"Cumberland Plateau",Latino,2,0,0
2020-07-27,Arlington,"Not Reported",211,2,0
2020-07-27,Rappahannock,"Other Race",55,4,0
2020-07-27,"Rappahannock Rapidan",Black,114,20,6
2020-07-27,"New River","Two or more races",1,0,0
2020-07-27,Arlington,Latino,1326,211,23
2020-07-27,Henrico,White,807,84,88
2020-07-27,Loudoun,White,1039,104,80
2020-07-27,Hampton,White,103,9,0
2020-07-27,Alleghany,Black,29,2,1
2020-07-27,"Prince William",White,1087,147,79
2020-07-27,Rappahannock,White,694,86,32
2020-07-27,Portsmouth,"Two or more races",3,1,0
2020-07-27,Southside,"Other Race",7,0,1
2020-07-27,"Western Tidewater",Black,695,75,33
2020-07-27,Hampton,Latino,41,4,0
2020-07-27,Henrico,"Not Reported",683,2,3
2020-07-27,"West Piedmont","Two or more races",0,0,0
2020-07-27,Peninsula,"Not Reported",970,2,0
2020-07-27,Loudoun,Latino,1425,147,11
2020-07-27,Alexandria,Black,463,71,12
2020-07-27,Piedmont,Black,391,54,7
2020-07-27,Roanoke,"Other Race",3,0,0
2020-07-27,"Western Tidewater",Latino,19,1,0
2020-07-27,Alexandria,"Two or more races",6,1,0
2020-07-27,Rappahannock,"Not Reported",855,25,0
2020-07-27,"West Piedmont","Other Race",3,1,1
2020-07-27,Chickahominy,White,405,75,29
2020-07-27,"Thomas Jefferson",Latino,477,25,0
2020-07-27,"Cumberland Plateau",Black,15,0,0
2020-07-27,"Lord Fairfax",Latino,608,37,8
2020-07-27,"West Piedmont",Latino,196,8,0
2020-07-27,"Cumberland Plateau",White,172,12,1
2020-07-27,"Eastern Shore","Other Race",13,1,0
2020-07-27,"Cumberland Plateau","Two or more races",3,0,0
2020-07-27,Piedmont,"Other Race",7,0,0
2020-07-27,Pittsylvania-Danville,"Two or more races",0,0,0
2020-07-27,Alexandria,Latino,1451,124,9
2020-07-27,Chesapeake,Black,803,104,8
2020-07-27,Richmond,"Other Race",105,8,2
2020-07-27,Henrico,Latino,668,49,6
2020-07-27,Piedmont,"Two or more races",4,2,0
2020-07-27,"Prince William","Other Race",264,14,0
2020-07-27,"New River","Not Reported",63,1,0
2020-07-27,"Rappahannock Rapidan",White,457,38,12
2020-07-27,"Central Virginia","Not Reported",601,5,0
2020-07-27,"Virginia Beach","Two or more races",28,2,0
2020-07-27,Fairfax,Latino,7983,888,74
2020-07-27,"Lord Fairfax",Black,102,10,6
2020-07-27,Pittsylvania-Danville,White,129,21,3
2020-07-27,Chesterfield,"Asian or Pacific Islander",38,2,0
2020-07-27,Crater,"Asian or Pacific Islander",6,0,0
2020-07-27,Fairfax,"Asian or Pacific Islander",1253,228,71
2020-07-27,Hampton,"Asian or Pacific Islander",7,0,0
2020-07-27,"Rappahannock Rapidan","Asian or Pacific Islander",5,1,0
2020-07-27,"New River","Asian or Pacific Islander",6,0,0
2020-07-27,"Mount Rogers","Asian or Pacific Islander",3,1,0
2020-07-27,"Central Virginia","Asian or Pacific Islander",3,0,0
2020-07-27,"Lord Fairfax","Asian or Pacific Islander",8,0,0
2020-07-27,Southside,"Asian or Pacific Islander",1,0,0
2020-07-27,Portsmouth,"Asian or Pacific Islander",9,2,0
2020-07-27,Alleghany,"Asian or Pacific Islander",5,0,0
2020-07-27,Roanoke,"Asian or Pacific Islander",5,0,0
2020-07-27,Richmond,"Asian or Pacific Islander",12,3,1
2020-07-27,"Thomas Jefferson","Asian or Pacific Islander",27,0,1
2020-07-27,"Virginia Beach","Asian or Pacific Islander",134,17,2
2020-07-27,Henrico,"Asian or Pacific Islander",126,8,3
2020-07-27,Piedmont,"Asian or Pacific Islander",4,0,0
2020-07-27,"Western Tidewater","Asian or Pacific Islander",11,2,0
2020-07-27,"West Piedmont","Asian or Pacific Islander",11,1,1
2020-07-27,Chickahominy,"Asian or Pacific Islander",6,1,0
2020-07-27,Peninsula,"Asian or Pacific Islander",19,4,2
2020-07-27,Norfolk,"Asian or Pacific Islander",30,2,0
2020-07-27,Loudoun,"Asian or Pacific Islander",224,39,10
2020-07-27,Arlington,"Asian or Pacific Islander",132,22,12
2020-07-27,Alexandria,"Asian or Pacific Islander",94,9,1
2020-07-27,Rappahannock,"Asian or Pacific Islander",50,8,1
2020-07-27,Chesapeake,"Asian or Pacific Islander",34,7,2
2020-07-27,"Cumberland Plateau and Lenowisco","Asian or Pacific Islander",1,0,0
2020-07-27,"Central Shenandoah","Asian or Pacific Islander",17,2,0
2020-07-27,"Prince William","Asian or Pacific Islander",314,44,13
2020-07-27,Pittsylvania-Danville,"Asian or Pacific Islander",0,0,0
2020-07-27,"Eastern Shore and Three Rivers","Asian or Pacific Islander",8,1,0
2020-07-27,Piedmont,"Native American",1,0,0
2020-07-27,"New River","Native American",0,0,0
2020-07-27,"Central Shenandoah","Native American",3,1,0
2020-07-27,"Eastern Shore and Three Rivers","Native American",1,0,0
2020-07-27,Fairfax,"Native American",27,1,1
2020-07-27,Chesapeake,"Native American",9,0,0
2020-07-27,"Western Tidewater","Native American",1,0,0
2020-07-27,Portsmouth,"Native American",2,1,0
2020-07-27,Richmond,"Native American",0,0,0
2020-07-27,Chickahominy,"Native American",3,1,0
2020-07-27,"Thomas Jefferson","Native American",2,0,0
2020-07-27,Arlington,"Native American",4,0,0
2020-07-27,"Virginia Beach","Native American",3,0,0
2020-07-27,Peninsula,"Native American",3,0,0
2020-07-27,Hampton,"Native American",0,0,0
2020-07-27,"West Piedmont","Native American",0,0,0
2020-07-27,"Cumberland Plateau, Lenowisco, and Mount Rogers","Native American",0,0,0
2020-07-27,Henrico,"Native American",7,0,0
2020-07-27,Norfolk,"Native American",2,0,0
2020-07-27,"Prince William","Native American",14,1,0
2020-07-27,"Central Virginia","Native American",1,0,0
2020-07-27,Chesterfield,"Native American",3,0,0
2020-07-27,Rappahannock,"Native American",3,0,0
2020-07-27,Loudoun,"Native American",2,0,0
2020-07-27,Alexandria,"Native American",2,0,0
2020-07-27,"Alleghany and Roanoke","Native American",0,0,0
2020-07-27,Crater,"Native American",4,0,0
2020-07-27,"Rappahannock Rapidan","Native American",1,0,0
2020-07-27,"Lord Fairfax","Native American",2,1,1
2020-07-27,"Pittsylvania-Danville and Southside","Native American",0,0,0
2020-07-28,"Rappahannock Rapidan","Not Reported",482,11,2
2020-07-28,Portsmouth,"Other Race",31,2,1
2020-07-28,"Western Tidewater","Two or more races",6,0,0
2020-07-28,Piedmont,White,369,42,10
2020-07-28,Chesterfield,Latino,934,60,3
2020-07-28,Lenowisco,White,168,25,5
2020-07-28,Hampton,"Not Reported",377,0,0
2020-07-28,Lenowisco,"Two or more races",0,0,0
2020-07-28,Roanoke,Black,57,7,2
2020-07-28,Southside,"Not Reported",254,8,4
2020-07-28,Hampton,Black,386,33,4
2020-07-28,Alleghany,"Other Race",4,0,0
2020-07-28,Lenowisco,Latino,2,0,0
2020-07-28,Loudoun,"Other Race",118,10,1
2020-07-28,"Central Shenandoah",Latino,842,52,4
2020-07-28,"Rappahannock Rapidan",Latino,695,57,6
2020-07-28,Norfolk,Latino,238,18,0
2020-07-28,"Eastern Shore",Black,814,94,25
2020-07-28,Richmond,Black,743,146,22
2020-07-28,Hampton,"Two or more races",6,0,0
2020-07-28,Henrico,"Two or more races",12,0,0
2020-07-28,Fairfax,"Two or more races",38,4,0
2020-07-28,Alleghany,"Not Reported",366,1,0
2020-07-28,Portsmouth,"Not Reported",390,2,0
2020-08-18,Hampton,White,180,9,1
2020-07-28,"Cumberland Plateau","Other Race",0,0,0
2020-07-28,Southside,"Two or more races",22,0,0
2020-07-28,Portsmouth,White,166,12,5
2020-07-28,"Rappahannock Rapidan","Two or more races",16,2,0
2020-07-28,Fairfax,White,2527,427,282
2020-07-28,Fairfax,"Other Race",572,69,15
2020-07-28,Crater,"Two or more races",2,0,0
2020-07-28,"West Piedmont","Not Reported",169,11,0
2020-07-28,Henrico,"Other Race",73,11,0
2020-07-28,"Central Virginia",Black,66,3,1
2020-07-28,"Three Rivers",White,358,29,7
2020-07-28,"Three Rivers","Other Race",7,3,0
2020-07-28,Lenowisco,"Other Race",1,0,0
2020-07-28,"Western Tidewater",White,362,47,36
2020-07-28,"Mount Rogers",Black,33,5,2
2020-07-28,"Three Rivers","Not Reported",176,2,0
2020-07-28,"Thomas Jefferson",Black,311,57,8
2020-07-28,"Eastern Shore",White,194,16,15
2020-07-28,"Central Virginia",White,164,10,4
2020-07-28,Lenowisco,Black,1,0,0
2020-07-28,"Central Virginia","Two or more races",0,0,0
2020-07-28,Richmond,"Two or more races",7,0,0
2020-07-28,Crater,"Not Reported",428,8,3
2020-07-28,Chesterfield,"Two or more races",10,2,0
2020-07-28,"New River",Latino,38,4,0
2020-07-28,Richmond,Latino,1044,82,6
2020-07-28,Portsmouth,Latino,47,10,1
2020-07-28,Pittsylvania-Danville,"Not Reported",199,5,0
2020-07-28,Chesapeake,"Not Reported",599,3,0
2020-07-28,Chickahominy,Latino,62,4,0
2020-07-28,Crater,Black,1031,146,35
2020-07-28,Chesterfield,Black,559,80,23
2020-07-28,Chesterfield,"Other Race",174,7,0
2020-07-28,Peninsula,Black,587,54,14
2020-07-28,Roanoke,White,110,5,8
2020-07-28,"New River",Black,25,3,0
2020-07-28,Peninsula,Latino,251,16,0
2020-07-28,Southside,Latino,3,0,0
2020-07-28,Rappahannock,"Two or more races",17,1,0
2020-07-28,"Virginia Beach",Black,995,59,8
2020-07-28,"Mount Rogers","Not Reported",54,1,1
2020-07-28,Loudoun,"Not Reported",1879,3,1
2020-07-28,Chesapeake,"Other Race",29,2,1
2020-07-28,Chickahominy,"Two or more races",1,1,0
2020-07-28,Crater,"Other Race",23,0,0
2020-07-28,Norfolk,"Two or more races",23,0,0
2020-07-28,"Eastern Shore","Two or more races",1,1,0
2020-07-28,"Central Shenandoah",White,1327,133,41
2020-07-28,"New River","Other Race",3,1,0
2020-07-28,"New River",White,271,19,6
2020-07-28,"Central Shenandoah","Other Race",35,1,0
2020-07-28,"West Piedmont",Black,189,41,3
2020-07-28,Alleghany,Latino,86,6,0
2020-07-28,"Central Shenandoah","Not Reported",237,3,1
2020-07-28,Roanoke,"Two or more races",1,0,0
2020-07-28,Peninsula,"Two or more races",14,2,0
2020-07-28,Arlington,"Other Race",70,8,3
2020-07-28,Richmond,"Not Reported",572,2,0
2020-07-28,Norfolk,"Not Reported",756,1,0
2020-07-28,Alexandria,"Other Race",46,5,2
2020-07-28,"Virginia Beach",White,1230,87,27
2020-07-28,Chesapeake,"Two or more races",9,0,0
2020-07-28,Alleghany,White,301,28,14
2020-07-28,"Rappahannock Rapidan","Other Race",23,1,0
2020-07-28,Chickahominy,"Not Reported",230,1,1
2020-07-28,Portsmouth,Black,717,81,14
2020-07-28,Chickahominy,"Other Race",12,2,0
2020-07-28,"Virginia Beach",Latino,256,18,3
2020-07-28,Chesapeake,White,584,61,14
2020-07-28,Southside,Black,178,31,11
2020-07-28,Rappahannock,Latino,998,99,7
2020-07-28,"Three Rivers","Two or more races",4,0,0
2020-07-28,Pittsylvania-Danville,Black,191,30,2
2020-07-28,"Lord Fairfax","Two or more races",12,0,0
2020-07-28,"Mount Rogers","Other Race",6,2,1
2020-07-28,"Prince William",Latino,4681,566,60
2020-07-28,"Central Shenandoah",Black,121,9,4
2020-07-28,Peninsula,White,517,77,24
2020-07-28,"Eastern Shore","Not Reported",90,0,0
2020-07-28,"Thomas Jefferson","Other Race",95,3,0
2020-07-28,Hampton,"Other Race",16,2,0
2020-07-28,"Lord Fairfax","Not Reported",302,4,6
2020-07-28,"Central Virginia","Other Race",4,0,0
2020-07-28,"Western Tidewater","Other Race",28,1,1
2020-07-28,Crater,Latino,156,7,2
2020-07-28,Chesapeake,Latino,179,14,1
2020-07-28,Chesterfield,White,686,85,55
2020-07-28,"Western Tidewater","Not Reported",494,3,1
2020-07-28,Fairfax,"Not Reported",2210,67,36
2020-07-28,Arlington,Black,262,70,32
2020-07-28,"Central Virginia",Latino,25,1,1
2020-07-28,"Three Rivers",Black,267,26,5
2020-07-28,Alexandria,"Not Reported",171,6,0
2020-07-28,"Prince William","Two or more races",18,1,0
2020-07-28,Loudoun,"Two or more races",30,0,0
2020-07-28,Peninsula,"Other Race",65,3,0
2020-07-28,"Thomas Jefferson",White,595,47,21
2020-07-28,Norfolk,"Other Race",50,2,1
2020-07-28,"Prince William","Not Reported",3489,20,0
2020-07-28,"West Piedmont",White,294,34,6
2020-07-28,Rappahannock,Black,400,59,10
2020-07-28,Norfolk,Black,1365,109,13
2020-07-28,Roanoke,Latino,216,3,0
2020-07-28,Piedmont,Latino,62,6,1
2020-07-28,Roanoke,"Not Reported",347,1,0
2020-07-28,Arlington,"Two or more races",22,2,0
2020-07-28,"Virginia Beach","Other Race",52,2,0
2020-07-28,Alexandria,White,510,50,33
2020-07-28,"Lord Fairfax","Other Race",61,6,1
2020-07-28,"Thomas Jefferson","Not Reported",135,1,0
2020-07-28,"Virginia Beach","Not Reported",1088,6,3
2020-07-28,Loudoun,Black,205,24,4
2020-07-28,Pittsylvania-Danville,Latino,42,2,0
2020-07-28,"Cumberland Plateau","Not Reported",5,1,0
2020-07-28,Chesterfield,"Not Reported",1680,2,9
2020-07-28,"Mount Rogers",White,797,94,36
2020-07-28,Richmond,White,311,25,6
2020-07-28,Lenowisco,"Not Reported",29,3,1
2020-07-28,Piedmont,"Not Reported",434,12,1
2020-07-28,"Three Rivers",Latino,139,5,1
2020-07-28,"Mount Rogers",Latino,234,1,0
2020-07-28,Crater,White,406,40,12
2020-07-28,"Central Shenandoah","Two or more races",12,1,0
2020-07-28,Arlington,White,813,116,65
2020-07-28,Pittsylvania-Danville,"Other Race",0,0,0
2020-07-28,Chickahominy,Black,157,38,11
2020-07-28,Fairfax,Black,1002,191,53
2020-07-28,"Eastern Shore",Latino,251,9,3
2020-07-28,Norfolk,White,348,30,6
2020-07-28,Alleghany,"Two or more races",2,0,0
2020-07-28,"Mount Rogers","Two or more races",4,0,0
2020-07-28,Southside,White,142,23,16
2020-07-28,"Thomas Jefferson","Two or more races",19,0,0
2020-07-28,"Prince William",Black,848,140,42
2020-07-28,"Lord Fairfax",White,1335,152,60
2020-07-28,"Cumberland Plateau",Latino,2,0,0
2020-07-28,Arlington,"Not Reported",210,2,0
2020-07-28,Rappahannock,"Other Race",55,4,0
2020-07-28,"Rappahannock Rapidan",Black,114,20,6
2020-07-28,"New River","Two or more races",1,0,0
2020-07-28,Arlington,Latino,1328,211,23
2020-07-28,Henrico,White,823,85,88
2020-07-28,Loudoun,White,1050,105,81
2020-07-28,Hampton,White,105,9,0
2020-07-28,Alleghany,Black,29,2,1
2020-07-28,"Prince William",White,1100,148,79
2020-07-28,Rappahannock,White,698,86,32
2020-07-28,Portsmouth,"Two or more races",5,1,0
2020-07-28,Southside,"Other Race",7,0,1
2020-07-28,"Western Tidewater",Black,710,75,34
2020-07-28,Hampton,Latino,41,4,0
2020-07-28,Henrico,"Not Reported",703,2,3
2020-07-28,"West Piedmont","Two or more races",0,0,0
2020-07-28,Peninsula,"Not Reported",977,2,0
2020-07-28,Loudoun,Latino,1432,147,11
2020-07-28,Alexandria,Black,469,71,12
2020-07-28,Piedmont,Black,397,54,7
2020-07-28,Roanoke,"Other Race",3,0,0
2020-07-28,"Western Tidewater",Latino,19,1,0
2020-07-28,Alexandria,"Two or more races",6,1,0
2020-07-28,Rappahannock,"Not Reported",878,25,0
2020-07-28,"West Piedmont","Other Race",3,1,1
2020-07-28,Chickahominy,White,409,75,29
2020-07-28,"Thomas Jefferson",Latino,477,25,0
2020-07-28,"Cumberland Plateau",Black,15,0,0
2020-07-28,"Lord Fairfax",Latino,609,37,8
2020-07-28,"West Piedmont",Latino,196,8,0
2020-07-28,"Cumberland Plateau",White,183,12,1
2020-07-28,"Eastern Shore","Other Race",13,1,0
2020-07-28,"Cumberland Plateau","Two or more races",3,0,0
2020-07-28,Piedmont,"Other Race",7,0,0
2020-07-28,Pittsylvania-Danville,"Two or more races",0,0,0
2020-07-28,Alexandria,Latino,1452,124,9
2020-07-28,Chesapeake,Black,832,108,8
2020-07-28,Richmond,"Other Race",105,8,2
2020-07-28,Henrico,Latino,670,49,6
2020-07-28,Piedmont,"Two or more races",4,2,0
2020-07-28,"Prince William","Other Race",269,14,0
2020-07-28,"New River","Not Reported",63,1,0
2020-07-28,"Rappahannock Rapidan",White,463,38,12
2020-07-28,"Central Virginia","Not Reported",627,7,0
2020-07-28,"Virginia Beach","Two or more races",29,2,0
2020-07-28,Fairfax,Latino,8006,889,74
2020-07-28,"Lord Fairfax",Black,102,10,6
2020-07-28,Pittsylvania-Danville,White,129,21,3
2020-07-28,Chesterfield,"Asian or Pacific Islander",41,2,0
2020-07-28,Crater,"Asian or Pacific Islander",7,0,0
2020-07-28,Fairfax,"Asian or Pacific Islander",1257,230,71
2020-07-28,Hampton,"Asian or Pacific Islander",7,0,0
2020-07-28,"Rappahannock Rapidan","Asian or Pacific Islander",5,1,0
2020-07-28,"New River","Asian or Pacific Islander",6,0,0
2020-07-28,"Mount Rogers","Asian or Pacific Islander",3,1,0
2020-07-28,"Central Virginia","Asian or Pacific Islander",3,0,0
2020-07-28,"Lord Fairfax","Asian or Pacific Islander",8,0,0
2020-07-28,Southside,"Asian or Pacific Islander",1,0,0
2020-07-28,Portsmouth,"Asian or Pacific Islander",9,2,0
2020-07-28,Alleghany,"Asian or Pacific Islander",5,0,0
2020-07-28,Roanoke,"Asian or Pacific Islander",5,0,0
2020-07-28,Richmond,"Asian or Pacific Islander",12,3,1
2020-07-28,"Thomas Jefferson","Asian or Pacific Islander",29,0,1
2020-07-28,"Virginia Beach","Asian or Pacific Islander",135,17,2
2020-07-28,Henrico,"Asian or Pacific Islander",129,8,3
2020-07-28,Piedmont,"Asian or Pacific Islander",4,0,0
2020-07-28,"Western Tidewater","Asian or Pacific Islander",11,2,0
2020-07-28,"West Piedmont","Asian or Pacific Islander",11,1,1
2020-07-28,Chickahominy,"Asian or Pacific Islander",6,1,0
2020-07-28,Peninsula,"Asian or Pacific Islander",19,4,2
2020-07-28,Norfolk,"Asian or Pacific Islander",31,2,0
2020-07-28,Loudoun,"Asian or Pacific Islander",223,39,10
2020-07-28,Arlington,"Asian or Pacific Islander",135,22,12
2020-07-28,Alexandria,"Asian or Pacific Islander",93,9,1
2020-07-28,Rappahannock,"Asian or Pacific Islander",50,8,1
2020-07-28,Chesapeake,"Asian or Pacific Islander",35,7,2
2020-07-28,"Cumberland Plateau and Lenowisco","Asian or Pacific Islander",1,0,0
2020-07-28,"Central Shenandoah","Asian or Pacific Islander",17,2,0
2020-07-28,"Prince William","Asian or Pacific Islander",317,44,13
2020-07-28,Pittsylvania-Danville,"Asian or Pacific Islander",0,0,0
2020-07-28,"Eastern Shore and Three Rivers","Asian or Pacific Islander",8,1,0
2020-07-28,Piedmont,"Native American",1,0,0
2020-07-28,"New River","Native American",0,0,0
2020-07-28,"Central Shenandoah","Native American",3,1,0
2020-07-28,"Eastern Shore and Three Rivers","Native American",1,0,0
2020-07-28,Fairfax,"Native American",27,1,1
2020-07-28,Chesapeake,"Native American",9,0,0
2020-07-28,"Western Tidewater","Native American",1,0,0
2020-07-28,Portsmouth,"Native American",2,1,0
2020-07-28,Richmond,"Native American",0,0,0
2020-07-28,Chickahominy,"Native American",3,1,0
2020-07-28,"Thomas Jefferson","Native American",2,0,0
2020-07-28,Arlington,"Native American",3,0,0
2020-07-28,"Virginia Beach","Native American",3,0,0
2020-07-28,Peninsula,"Native American",3,0,0
2020-07-28,Hampton,"Native American",0,0,0
2020-07-28,"West Piedmont","Native American",1,0,0
2020-07-28,"Cumberland Plateau, Lenowisco, and Mount Rogers","Native American",0,0,0
2020-07-28,Henrico,"Native American",7,0,0
2020-07-28,Norfolk,"Native American",3,0,0
2020-07-28,"Prince William","Native American",13,1,0
2020-07-28,"Central Virginia","Native American",1,0,0
2020-07-28,Chesterfield,"Native American",3,0,0
2020-07-28,Rappahannock,"Native American",3,0,0
2020-07-28,Loudoun,"Native American",2,0,0
2020-07-28,Alexandria,"Native American",2,0,0
2020-07-28,"Alleghany and Roanoke","Native American",0,0,0
2020-07-28,Crater,"Native American",4,0,0
2020-07-28,"Rappahannock Rapidan","Native American",1,0,0
2020-07-28,"Lord Fairfax","Native American",2,1,1
2020-07-28,"Pittsylvania-Danville and Southside","Native American",0,0,0
2020-07-29,"Rappahannock Rapidan","Not Reported",482,11,2
2020-07-29,Portsmouth,"Other Race",33,2,1
2020-07-29,"Western Tidewater","Two or more races",6,0,0
2020-07-29,Piedmont,White,370,42,12
2020-07-29,Chesterfield,Latino,951,61,3
2020-07-29,Lenowisco,White,177,26,5
2020-07-29,Hampton,"Not Reported",381,0,0
2020-07-29,Lenowisco,"Two or more races",0,0,0
2020-07-29,Roanoke,Black,58,7,2
2020-07-29,Southside,"Not Reported",263,8,4
2020-07-29,Hampton,Black,402,34,4
2020-07-29,Alleghany,"Other Race",4,0,0
2020-07-29,Lenowisco,Latino,2,0,0
2020-07-29,Loudoun,"Other Race",117,10,2
2020-07-29,"Central Shenandoah",Latino,843,52,4
2020-07-29,"Rappahannock Rapidan",Latino,699,57,6
2020-07-29,Norfolk,Latino,239,18,0
2020-07-29,"Eastern Shore",Black,815,95,25
2020-07-29,Richmond,Black,758,150,22
2020-07-29,Hampton,"Two or more races",6,0,0
2020-07-29,Henrico,"Two or more races",13,0,0
2020-07-29,Fairfax,"Two or more races",38,5,0
2020-07-29,Alleghany,"Not Reported",376,1,0
2020-07-29,Portsmouth,"Not Reported",387,2,0
2020-07-29,"Cumberland Plateau","Other Race",0,0,0
2020-07-29,Southside,"Two or more races",22,0,0
2020-07-29,Portsmouth,White,169,12,5
2020-07-29,"Rappahannock Rapidan","Two or more races",16,2,0
2020-07-29,Fairfax,White,2548,429,282
2020-07-29,Fairfax,"Other Race",571,69,15
2020-07-29,Crater,"Two or more races",3,0,0
2020-07-29,"West Piedmont","Not Reported",175,12,0
2020-07-29,Henrico,"Other Race",74,11,0
2020-07-29,"Central Virginia",Black,68,5,3
2020-07-29,"Three Rivers",White,358,29,8
2020-07-29,"Three Rivers","Other Race",7,3,0
2020-07-29,Lenowisco,"Other Race",1,0,0
2020-07-29,"Western Tidewater",White,367,47,38
2020-07-29,"Mount Rogers",Black,34,5,2
2020-07-29,"Three Rivers","Not Reported",176,2,0
2020-07-29,"Thomas Jefferson",Black,312,57,8
2020-07-29,"Eastern Shore",White,194,16,15
2020-07-29,"Central Virginia",White,173,11,4
2020-07-29,Lenowisco,Black,1,0,0
2020-07-29,"Central Virginia","Two or more races",0,0,0
2020-07-29,Richmond,"Two or more races",8,0,0
2020-07-29,Crater,"Not Reported",428,8,3
2020-07-29,Chesterfield,"Two or more races",11,2,0
2020-07-29,"New River",Latino,41,4,0
2020-07-29,Richmond,Latino,1052,82,8
2020-07-29,Portsmouth,Latino,48,10,1
2020-07-29,Pittsylvania-Danville,"Not Reported",204,5,0
2020-07-29,Chesapeake,"Not Reported",619,3,0
2020-07-29,Chickahominy,Latino,64,4,0
2020-07-29,Crater,Black,1038,147,37
2020-07-29,Chesterfield,Black,567,80,24
2020-07-29,Chesterfield,"Other Race",172,7,0
2020-07-29,Peninsula,Black,604,54,14
2020-07-29,Roanoke,White,112,6,8
2020-07-29,"New River",Black,25,3,0
2020-07-29,Peninsula,Latino,252,16,0
2020-07-29,Southside,Latino,4,0,0
2020-07-29,Rappahannock,"Two or more races",17,1,0
2020-07-29,"Virginia Beach",Black,1021,59,8
2020-07-29,"Mount Rogers","Not Reported",56,1,1
2020-07-29,Loudoun,"Not Reported",1877,3,1
2020-07-29,Chesapeake,"Other Race",33,2,1
2020-07-29,Chickahominy,"Two or more races",1,1,0
2020-07-29,Crater,"Other Race",23,0,0
2020-07-29,Norfolk,"Two or more races",27,0,0
2020-07-29,"Eastern Shore","Two or more races",1,1,0
2020-07-29,"Central Shenandoah",White,1335,133,42
2020-07-29,"New River","Other Race",3,1,0
2020-07-29,"New River",White,273,20,7
2020-07-29,"Central Shenandoah","Other Race",36,1,0
2020-07-29,"West Piedmont",Black,189,41,4
2020-07-29,Alleghany,Latino,86,6,0
2020-07-29,"Central Shenandoah","Not Reported",241,3,1
2020-07-29,Roanoke,"Two or more races",1,0,0
2020-07-29,Peninsula,"Two or more races",15,2,0
2020-07-29,Arlington,"Other Race",70,8,3
2020-07-29,Richmond,"Not Reported",578,2,0
2020-07-29,Norfolk,"Not Reported",794,1,0
2020-07-29,Alexandria,"Other Race",46,5,2
2020-07-29,"Virginia Beach",White,1273,88,27
2020-07-29,Chesapeake,"Two or more races",10,0,0
2020-07-29,Alleghany,White,304,28,15
2020-07-29,"Rappahannock Rapidan","Other Race",23,1,0
2020-07-29,Chickahominy,"Not Reported",226,1,1
2020-07-29,Portsmouth,Black,736,84,14
2020-07-29,Chickahominy,"Other Race",12,2,0
2020-07-29,"Virginia Beach",Latino,259,18,3
2020-07-29,Chesapeake,White,602,62,14
2020-07-29,Southside,Black,178,31,12
2020-07-29,Rappahannock,Latino,999,99,7
2020-07-29,"Three Rivers","Two or more races",4,0,0
2020-07-29,Henrico,Black,1027,150,77
2020-07-29,Pittsylvania-Danville,Black,197,30,3
2020-07-29,"Lord Fairfax","Two or more races",12,0,0
2020-07-29,"Mount Rogers","Other Race",6,2,1
2020-07-29,"Prince William",Latino,4702,569,60
2020-07-29,"Central Shenandoah",Black,122,9,4
2020-07-29,Peninsula,White,522,77,24
2020-07-29,"Eastern Shore","Not Reported",89,0,0
2020-07-29,"Thomas Jefferson","Other Race",95,3,0
2020-07-29,Hampton,"Other Race",17,2,0
2020-07-29,"Lord Fairfax","Not Reported",299,4,6
2020-07-29,"Central Virginia","Other Race",5,0,0
2020-07-29,"Western Tidewater","Other Race",28,1,1
2020-07-29,Crater,Latino,157,7,3
2020-07-29,Chesapeake,Latino,179,14,1
2020-07-29,Chesterfield,White,692,85,57
2020-07-29,"Western Tidewater","Not Reported",496,3,1
2020-07-29,Fairfax,"Not Reported",2205,67,36
2020-07-29,Arlington,Black,264,70,32
2020-07-29,"Central Virginia",Latino,25,1,1
2020-07-29,"Three Rivers",Black,267,26,6
2020-07-29,Alexandria,"Not Reported",172,6,0
2020-07-29,"Prince William","Two or more races",19,1,0
2020-07-29,Loudoun,"Two or more races",30,0,0
2020-07-29,Peninsula,"Other Race",68,3,0
2020-07-29,"Thomas Jefferson",White,598,49,21
2020-07-29,Norfolk,"Other Race",53,2,1
2020-07-29,"Prince William","Not Reported",3500,20,0
2020-07-29,"West Piedmont",White,296,35,6
2020-07-29,Rappahannock,Black,403,59,10
2020-07-29,Norfolk,Black,1418,111,14
2020-07-29,Roanoke,Latino,218,4,0
2020-07-29,Piedmont,Latino,63,6,1
2020-07-29,Roanoke,"Not Reported",383,0,0
2020-07-29,Arlington,"Two or more races",22,2,0
2020-07-29,"Virginia Beach","Other Race",56,2,0
2020-07-29,Alexandria,White,511,50,33
2020-07-29,"Lord Fairfax","Other Race",62,6,1
2020-07-29,"Thomas Jefferson","Not Reported",136,1,0
2020-07-29,"Virginia Beach","Not Reported",1128,6,3
2020-07-29,Loudoun,Black,208,24,4
2020-07-29,Pittsylvania-Danville,Latino,43,2,0
2020-07-29,"Cumberland Plateau","Not Reported",6,1,0
2020-07-29,Chesterfield,"Not Reported",1685,2,9
2020-07-29,"Mount Rogers",White,818,97,37
2020-07-29,Richmond,White,317,25,6
2020-07-29,Lenowisco,"Not Reported",30,3,1
2020-07-29,Piedmont,"Not Reported",436,12,1
2020-07-29,"Three Rivers",Latino,139,5,1
2020-07-29,"Mount Rogers",Latino,236,1,0
2020-07-29,Crater,White,407,40,12
2020-07-29,"Central Shenandoah","Two or more races",12,1,0
2020-07-29,Arlington,White,812,116,65
2020-07-29,Pittsylvania-Danville,"Other Race",0,0,0
2020-07-29,Chickahominy,Black,158,38,11
2020-07-29,Fairfax,Black,1018,193,53
2020-07-29,"Eastern Shore",Latino,253,9,3
2020-07-29,Norfolk,White,372,30,7
2020-07-29,Alleghany,"Two or more races",2,0,0
2020-07-29,"Mount Rogers","Two or more races",4,0,0
2020-07-29,Southside,White,143,23,16
2020-07-29,"Thomas Jefferson","Two or more races",19,0,0
2020-07-29,"Prince William",Black,867,140,43
2020-07-29,"Lord Fairfax",White,1343,154,60
2020-07-29,"Cumberland Plateau",Latino,2,0,0
2020-07-29,Arlington,"Not Reported",218,2,0
2020-07-29,Rappahannock,"Other Race",55,4,0
2020-07-29,"Rappahannock Rapidan",Black,114,20,6
2020-07-29,"New River","Two or more races",1,0,0
2020-07-29,Arlington,Latino,1333,211,23
2020-07-29,Henrico,White,829,85,88
2020-07-29,Loudoun,White,1059,105,81
2020-07-29,Hampton,White,108,9,0
2020-07-29,Alleghany,Black,29,2,1
2020-07-29,"Prince William",White,1110,148,79
2020-07-29,Rappahannock,White,705,86,32
2020-07-29,Portsmouth,"Two or more races",6,1,0
2020-07-29,Southside,"Other Race",8,0,1
2020-07-29,"Western Tidewater",Black,722,76,34
2020-07-29,Hampton,Latino,42,4,0
2020-07-29,Henrico,"Not Reported",706,2,3
2020-07-29,"West Piedmont","Two or more races",0,0,0
2020-07-29,Peninsula,"Not Reported",990,2,0
2020-07-29,Loudoun,Latino,1443,147,11
2020-07-29,Alexandria,Black,476,71,12
2020-07-29,Piedmont,Black,399,54,8
2020-07-29,Roanoke,"Other Race",3,0,0
2020-07-29,"Western Tidewater",Latino,20,1,1
2020-07-29,Alexandria,"Two or more races",6,1,0
2020-07-29,Rappahannock,"Not Reported",902,25,0
2020-07-29,"West Piedmont","Other Race",3,1,1
2020-07-29,Chickahominy,White,414,76,29
2020-07-29,"Thomas Jefferson",Latino,478,25,0
2020-07-29,"Cumberland Plateau",Black,15,0,0
2020-07-29,"Lord Fairfax",Latino,611,37,8
2020-07-29,"West Piedmont",Latino,196,8,0
2020-07-29,"Cumberland Plateau",White,197,14,1
2020-07-29,"Eastern Shore","Other Race",13,1,0
2020-07-29,"Cumberland Plateau","Two or more races",3,0,0
2020-07-29,Piedmont,"Other Race",7,0,0
2020-07-29,Pittsylvania-Danville,"Two or more races",0,0,0
2020-07-29,Alexandria,Latino,1453,124,9
2020-07-29,Chesapeake,Black,861,111,9
2020-07-29,Richmond,"Other Race",105,8,2
2020-07-29,Henrico,Latino,677,50,6
2020-07-29,Piedmont,"Two or more races",4,2,0
2020-07-29,"Prince William","Other Race",274,14,0
2020-07-29,"New River","Not Reported",62,1,0
2020-07-29,"Rappahannock Rapidan",White,466,38,12
2020-07-29,"Central Virginia","Not Reported",669,7,1
2020-07-29,"Virginia Beach","Two or more races",29,2,0
2020-07-29,Fairfax,Latino,8027,891,74
2020-07-29,"Lord Fairfax",Black,102,11,6
2020-07-29,Pittsylvania-Danville,White,130,21,3
2020-07-29,Chesterfield,"Asian or Pacific Islander",41,2,0
2020-07-29,Crater,"Asian or Pacific Islander",7,0,0
2020-07-29,Fairfax,"Asian or Pacific Islander",1269,232,71
2020-07-29,Hampton,"Asian or Pacific Islander",7,0,0
2020-07-29,"Rappahannock Rapidan","Asian or Pacific Islander",5,1,0
2020-07-29,"New River","Asian or Pacific Islander",6,0,0
2020-07-29,"Mount Rogers","Asian or Pacific Islander",3,1,0
2020-07-29,"Central Virginia","Asian or Pacific Islander",3,0,0
2020-07-29,"Lord Fairfax","Asian or Pacific Islander",8,0,0
2020-07-29,Southside,"Asian or Pacific Islander",1,0,0
2020-07-29,Portsmouth,"Asian or Pacific Islander",9,2,0
2020-07-29,Alleghany,"Asian or Pacific Islander",5,0,0
2020-07-29,Roanoke,"Asian or Pacific Islander",5,0,0
2020-07-29,Richmond,"Asian or Pacific Islander",13,3,1
2020-07-29,"Thomas Jefferson","Asian or Pacific Islander",29,0,1
2020-07-29,"Virginia Beach","Asian or Pacific Islander",139,17,2
2020-07-29,Henrico,"Asian or Pacific Islander",133,8,3
2020-07-29,Piedmont,"Asian or Pacific Islander",4,0,0
2020-07-29,"Western Tidewater","Asian or Pacific Islander",11,2,0
2020-07-29,"West Piedmont","Asian or Pacific Islander",11,1,1
2020-07-29,Chickahominy,"Asian or Pacific Islander",7,1,0
2020-07-29,Peninsula,"Asian or Pacific Islander",19,4,2
2020-07-29,Norfolk,"Asian or Pacific Islander",31,2,0
2020-07-29,Loudoun,"Asian or Pacific Islander",229,39,10
2020-07-29,Arlington,"Asian or Pacific Islander",135,22,12
2020-07-29,Alexandria,"Asian or Pacific Islander",93,9,1
2020-07-29,Rappahannock,"Asian or Pacific Islander",50,8,1
2020-07-29,Chesapeake,"Asian or Pacific Islander",35,7,2
2020-07-29,"Cumberland Plateau and Lenowisco","Asian or Pacific Islander",1,0,0
2020-07-29,"Central Shenandoah","Asian or Pacific Islander",17,2,0
2020-07-29,"Prince William","Asian or Pacific Islander",318,44,13
2020-07-29,Pittsylvania-Danville,"Asian or Pacific Islander",0,0,0
2020-07-29,"Eastern Shore and Three Rivers","Asian or Pacific Islander",8,1,0
2020-07-29,Piedmont,"Native American",1,0,0
2020-07-29,"New River","Native American",0,0,0
2020-07-29,"Central Shenandoah","Native American",3,1,0
2020-07-29,"Eastern Shore and Three Rivers","Native American",1,0,0
2020-07-29,Fairfax,"Native American",27,1,1
2020-07-29,Chesapeake,"Native American",9,0,0
2020-07-29,"Western Tidewater","Native American",1,0,0
2020-07-29,Portsmouth,"Native American",2,1,0
2020-07-29,Richmond,"Native American",0,0,0
2020-07-29,Chickahominy,"Native American",4,1,0
2020-07-29,"Thomas Jefferson","Native American",2,0,0
2020-07-29,Arlington,"Native American",3,0,0
2020-07-29,"Virginia Beach","Native American",3,0,0
2020-07-29,Peninsula,"Native American",3,0,0
2020-07-29,Hampton,"Native American",0,0,0
2020-07-29,"West Piedmont","Native American",1,0,0
2020-07-29,"Cumberland Plateau, Lenowisco, and Mount Rogers","Native American",1,0,0
2020-07-29,Henrico,"Native American",7,0,0
2020-07-29,Norfolk,"Native American",3,0,0
2020-07-29,"Prince William","Native American",13,1,0
2020-07-29,"Central Virginia","Native American",1,0,0
2020-07-29,Chesterfield,"Native American",3,0,0
2020-07-29,Rappahannock,"Native American",3,0,0
2020-07-29,Loudoun,"Native American",2,0,0
2020-07-29,Alexandria,"Native American",2,0,0
2020-07-29,"Alleghany and Roanoke","Native American",0,0,0
2020-07-29,Crater,"Native American",4,0,0
2020-07-29,"Rappahannock Rapidan","Native American",1,0,0
2020-07-29,"Lord Fairfax","Native American",2,1,1
2020-07-29,"Pittsylvania-Danville and Southside","Native American",0,0,0
2020-07-30,"Rappahannock Rapidan","Not Reported",485,11,2
2020-07-30,Portsmouth,"Other Race",33,2,1
2020-07-30,"Western Tidewater","Two or more races",6,0,0
2020-07-30,Piedmont,White,374,42,13
2020-07-30,Chesterfield,Latino,971,61,4
2020-07-30,Lenowisco,White,183,26,5
2020-07-30,Hampton,"Not Reported",384,0,0
2020-07-30,Lenowisco,"Two or more races",0,0,0
2020-07-30,Roanoke,Black,58,7,2
2020-07-30,Southside,"Not Reported",267,8,4
2020-07-30,Hampton,Black,407,34,4
2020-07-30,Alleghany,"Other Race",4,0,0
2020-07-30,Lenowisco,Latino,2,0,0
2020-07-30,Loudoun,"Other Race",118,10,2
2020-07-30,"Central Shenandoah",Latino,844,52,4
2020-07-30,"Rappahannock Rapidan",Latino,700,57,6
2020-07-30,Norfolk,Latino,242,18,0
2020-07-30,"Eastern Shore",Black,816,95,25
2020-07-30,Richmond,Black,772,153,22
2020-07-30,Hampton,"Two or more races",6,0,0
2020-07-30,Henrico,"Two or more races",13,0,0
2020-07-30,Fairfax,"Two or more races",39,5,0
2020-07-30,Alleghany,"Not Reported",383,1,0
2020-07-30,Portsmouth,"Not Reported",393,2,0
2020-07-30,"Cumberland Plateau","Other Race",1,0,0
2020-07-30,Southside,"Two or more races",22,0,0
2020-07-30,Portsmouth,White,171,12,5
2020-07-30,"Rappahannock Rapidan","Two or more races",16,2,0
2020-07-30,Fairfax,White,2581,432,282
2020-07-30,Fairfax,"Other Race",574,70,15
2020-07-30,Crater,"Two or more races",3,0,0
2020-07-30,"West Piedmont","Not Reported",170,13,0
2020-07-30,Henrico,"Other Race",75,11,0
2020-07-30,"Central Virginia",Black,69,5,3
2020-07-30,"Three Rivers",White,359,29,8
2020-07-30,"Three Rivers","Other Race",8,3,0
2020-07-30,Lenowisco,"Other Race",1,0,0
2020-07-30,"Western Tidewater",White,372,47,38
2020-07-30,"Mount Rogers",Black,34,5,2
2020-07-30,"Three Rivers","Not Reported",178,2,0
2020-07-30,"Thomas Jefferson",Black,316,57,9
2020-07-30,"Eastern Shore",White,194,16,15
2020-07-30,"Central Virginia",White,179,11,4
2020-07-30,Lenowisco,Black,1,0,0
2020-07-30,"Central Virginia","Two or more races",0,0,0
2020-07-30,Richmond,"Two or more races",8,0,0
2020-07-30,Crater,"Not Reported",438,8,3
2020-07-30,Chesterfield,"Two or more races",11,2,0
2020-07-30,"New River",Latino,41,4,0
2020-07-30,Richmond,Latino,1064,81,7
2020-07-30,Portsmouth,Latino,50,10,1
2020-07-30,Pittsylvania-Danville,"Not Reported",222,5,0
2020-07-30,Chesapeake,"Not Reported",645,3,0
2020-07-30,Chickahominy,Latino,64,4,0
2020-07-30,Crater,Black,1054,148,37
2020-07-30,Chesterfield,Black,580,82,24
2020-07-30,Chesterfield,"Other Race",174,7,0
2020-07-30,Peninsula,Black,620,54,15
2020-07-30,Roanoke,White,112,6,8
2020-07-30,"New River",Black,25,3,0
2020-07-30,Peninsula,Latino,254,16,0
2020-07-30,Southside,Latino,4,0,0
2020-07-30,Rappahannock,"Two or more races",18,1,0
2020-07-30,"Virginia Beach",Black,1032,60,8
2020-07-30,"Mount Rogers","Not Reported",56,1,1
2020-07-30,Loudoun,"Not Reported",1856,3,1
2020-07-30,Chesapeake,"Other Race",35,2,1
2020-07-30,Chickahominy,"Two or more races",1,1,0
2020-07-30,Crater,"Other Race",23,0,0
2020-07-30,Norfolk,"Two or more races",27,0,0
2020-07-30,"Eastern Shore","Two or more races",1,1,0
2020-07-30,"Central Shenandoah",White,1352,133,43
2020-07-30,"New River","Other Race",3,1,0
2020-07-30,"New River",White,274,20,7
2020-07-30,"Central Shenandoah","Other Race",36,2,0
2020-07-30,"West Piedmont",Black,195,43,4
2020-07-30,Alleghany,Latino,87,6,0
2020-07-30,"Central Shenandoah","Not Reported",227,3,1
2020-07-30,Roanoke,"Two or more races",1,0,0
2020-07-30,Peninsula,"Two or more races",19,2,0
2020-07-30,Arlington,"Other Race",67,8,3
2020-07-30,Richmond,"Not Reported",575,2,0
2020-07-30,Norfolk,"Not Reported",835,1,0
2020-07-30,Alexandria,"Other Race",46,5,2
2020-07-30,"Virginia Beach",White,1283,88,27
2020-07-30,Chesapeake,"Two or more races",10,0,0
2020-07-30,Alleghany,White,308,28,17
2020-07-30,"Rappahannock Rapidan","Other Race",23,1,0
2020-07-30,Chickahominy,"Not Reported",226,1,1
2020-07-30,Portsmouth,Black,751,92,15
2020-07-30,Chickahominy,"Other Race",12,2,0
2020-07-30,"Virginia Beach",Latino,261,18,3
2020-07-30,Chesapeake,White,608,62,14
2020-07-30,Southside,Black,183,32,12
2020-07-30,Rappahannock,Latino,1005,99,7
2020-07-30,"Three Rivers","Two or more races",4,0,0
2020-07-30,Henrico,Black,1047,150,77
2020-07-30,Pittsylvania-Danville,Black,203,31,4
2020-07-30,"Lord Fairfax","Two or more races",12,0,0
2020-07-30,"Mount Rogers","Other Race",5,2,1
2020-07-30,"Prince William",Latino,4724,569,61
2020-07-30,"Central Shenandoah",Black,127,9,4
2020-07-30,Peninsula,White,530,77,24
2020-07-30,"Eastern Shore","Not Reported",85,0,0
2020-07-30,"Thomas Jefferson","Other Race",99,3,0
2020-07-30,Hampton,"Other Race",19,2,0
2020-07-30,"Lord Fairfax","Not Reported",300,4,6
2020-07-30,"Central Virginia","Other Race",5,0,0
2020-07-30,"Western Tidewater","Other Race",28,1,1
2020-07-30,Crater,Latino,158,7,3
2020-07-30,Chesapeake,Latino,180,14,1
2020-07-30,Chesterfield,White,699,85,59
2020-07-30,"Western Tidewater","Not Reported",501,3,1
2020-07-30,Fairfax,"Not Reported",2142,68,36
2020-07-30,Arlington,Black,268,71,32
2020-07-30,"Central Virginia",Latino,25,1,1
2020-07-30,"Three Rivers",Black,270,26,6
2020-08-25,Henrico,White,1094,105,93
2020-07-30,Alexandria,"Not Reported",174,6,0
2020-07-30,"Prince William","Two or more races",20,1,0
2020-07-30,Loudoun,"Two or more races",31,0,0
2020-07-30,Peninsula,"Other Race",71,3,0
2020-07-30,"Thomas Jefferson",White,600,49,21
2020-07-30,Norfolk,"Other Race",54,2,1
2020-07-30,"Prince William","Not Reported",3526,20,0
2020-07-30,"West Piedmont",White,305,37,6
2020-07-30,Rappahannock,Black,414,59,10
2020-07-30,Norfolk,Black,1481,111,14
2020-07-30,Roanoke,Latino,221,5,0
2020-07-30,Piedmont,Latino,64,6,1
2020-07-30,Roanoke,"Not Reported",405,0,0
2020-07-30,Arlington,"Two or more races",22,2,0
2020-07-30,"Virginia Beach","Other Race",57,2,0
2020-07-30,Alexandria,White,515,50,33
2020-07-30,"Lord Fairfax","Other Race",62,6,1
2020-07-30,"Thomas Jefferson","Not Reported",133,1,0
2020-07-30,"Virginia Beach","Not Reported",1172,6,3
2020-07-30,Loudoun,Black,212,24,4
2020-07-30,Pittsylvania-Danville,Latino,43,2,0
2020-07-30,"Cumberland Plateau","Not Reported",5,0,0
2020-07-30,Chesterfield,"Not Reported",1695,2,9
2020-07-30,"Mount Rogers",White,838,101,38
2020-07-30,Richmond,White,323,26,6
2020-07-30,Lenowisco,"Not Reported",30,3,1
2020-07-30,Piedmont,"Not Reported",444,12,1
2020-07-30,"Three Rivers",Latino,140,5,1
2020-07-30,"Mount Rogers",Latino,239,2,0
2020-07-30,Crater,White,405,40,12
2020-07-30,"Central Shenandoah","Two or more races",12,1,0
2020-07-30,Arlington,White,819,116,65
2020-07-30,Pittsylvania-Danville,"Other Race",0,0,0
2020-07-30,Chickahominy,Black,159,38,11
2020-07-30,Fairfax,Black,1028,192,53
2020-07-30,"Eastern Shore",Latino,253,9,3
2020-07-30,Norfolk,White,405,31,7
2020-07-30,Alleghany,"Two or more races",2,0,0
2020-07-30,"Mount Rogers","Two or more races",4,0,0
2020-07-30,Southside,White,145,23,16
2020-07-30,"Thomas Jefferson","Two or more races",19,0,0
2020-07-30,"Prince William",Black,878,141,43
2020-07-30,"Lord Fairfax",White,1347,154,60
2020-07-30,"Cumberland Plateau",Latino,2,0,0
2020-07-30,Arlington,"Not Reported",216,2,0
2020-07-30,Rappahannock,"Other Race",57,4,0
2020-07-30,"Rappahannock Rapidan",Black,115,20,6
2020-07-30,"New River","Two or more races",2,0,0
2020-07-30,Arlington,Latino,1343,212,23
2020-07-30,Henrico,White,849,87,89
2020-07-30,Loudoun,White,1068,105,81
2020-07-30,Hampton,White,109,9,1
2020-07-30,Alleghany,Black,30,2,1
2020-07-30,"Prince William",White,1118,148,79
2020-07-30,Rappahannock,White,710,86,32
2020-07-30,Portsmouth,"Two or more races",8,1,0
2020-07-30,Southside,"Other Race",8,0,1
2020-07-30,"Western Tidewater",Black,731,76,34
2020-07-30,Hampton,Latino,41,4,0
2020-07-30,Henrico,"Not Reported",700,2,3
2020-07-30,"West Piedmont","Two or more races",0,0,0
2020-07-30,Peninsula,"Not Reported",993,2,0
2020-07-30,Loudoun,Latino,1460,150,11
2020-07-30,Alexandria,Black,480,71,12
2020-07-30,Piedmont,Black,402,54,10
2020-07-30,Roanoke,"Other Race",3,0,0
2020-07-30,"Western Tidewater",Latino,20,1,1
2020-07-30,Alexandria,"Two or more races",6,1,0
2020-07-30,Rappahannock,"Not Reported",915,25,0
2020-07-30,"West Piedmont","Other Race",3,1,1
2020-07-30,Chickahominy,White,419,76,29
2020-07-30,"Thomas Jefferson",Latino,487,25,0
2020-07-30,"Cumberland Plateau",Black,14,0,0
2020-07-30,"Lord Fairfax",Latino,613,37,8
2020-07-30,"West Piedmont",Latino,197,8,0
2020-07-30,"Cumberland Plateau",White,204,16,1
2020-07-30,"Eastern Shore","Other Race",13,1,0
2020-07-30,"Cumberland Plateau","Two or more races",4,0,0
2020-07-30,Piedmont,"Other Race",7,0,0
2020-07-30,Pittsylvania-Danville,"Two or more races",0,0,0
2020-07-30,Alexandria,Latino,1463,124,9
2020-07-30,Chesapeake,Black,869,111,9
2020-07-30,Richmond,"Other Race",101,8,2
2020-07-30,Henrico,Latino,685,50,6
2020-07-30,Piedmont,"Two or more races",4,2,0
2020-07-30,"Prince William","Other Race",275,14,0
2020-07-30,"New River","Not Reported",64,1,0
2020-07-30,"Rappahannock Rapidan",White,467,39,12
2020-07-30,"Central Virginia","Not Reported",675,8,1
2020-07-30,"Virginia Beach","Two or more races",29,2,0
2020-07-30,Fairfax,Latino,8077,892,74
2020-07-30,"Lord Fairfax",Black,102,11,6
2020-07-30,Pittsylvania-Danville,White,132,22,3
2020-07-30,Chesterfield,"Asian or Pacific Islander",41,2,0
2020-07-30,Crater,"Asian or Pacific Islander",7,0,0
2020-07-30,Fairfax,"Asian or Pacific Islander",1279,232,71
2020-07-30,Hampton,"Asian or Pacific Islander",7,0,0
2020-07-30,"Rappahannock Rapidan","Asian or Pacific Islander",5,1,0
2020-07-30,"New River","Asian or Pacific Islander",6,0,0
2020-07-30,"Mount Rogers","Asian or Pacific Islander",3,1,0
2020-07-30,"Central Virginia","Asian or Pacific Islander",3,0,0
2020-07-30,"Lord Fairfax","Asian or Pacific Islander",8,0,0
2020-07-30,Southside,"Asian or Pacific Islander",1,0,0
2020-07-30,Portsmouth,"Asian or Pacific Islander",9,2,0
2020-07-30,Alleghany,"Asian or Pacific Islander",5,0,0
2020-07-30,Roanoke,"Asian or Pacific Islander",5,0,0
2020-07-30,Richmond,"Asian or Pacific Islander",14,3,1
2020-07-30,"Thomas Jefferson","Asian or Pacific Islander",29,0,1
2020-07-30,"Virginia Beach","Asian or Pacific Islander",142,17,2
2020-07-30,Henrico,"Asian or Pacific Islander",133,8,3
2020-07-30,Piedmont,"Asian or Pacific Islander",4,0,0
2020-07-30,"Western Tidewater","Asian or Pacific Islander",11,2,0
2020-07-30,"West Piedmont","Asian or Pacific Islander",11,1,1
2020-07-30,Chickahominy,"Asian or Pacific Islander",7,1,0
2020-07-30,Peninsula,"Asian or Pacific Islander",19,4,2
2020-07-30,Norfolk,"Asian or Pacific Islander",33,2,0
2020-07-30,Loudoun,"Asian or Pacific Islander",238,39,10
2020-07-30,Arlington,"Asian or Pacific Islander",136,22,12
2020-07-30,Alexandria,"Asian or Pacific Islander",93,9,1
2020-07-30,Rappahannock,"Asian or Pacific Islander",51,9,1
2020-07-30,Chesapeake,"Asian or Pacific Islander",35,7,2
2020-07-30,"Cumberland Plateau and Lenowisco","Asian or Pacific Islander",1,0,0
2020-07-30,"Central Shenandoah","Asian or Pacific Islander",17,2,0
2020-07-30,"Prince William","Asian or Pacific Islander",321,44,13
2020-07-30,Pittsylvania-Danville,"Asian or Pacific Islander",0,0,0
2020-07-30,"Eastern Shore and Three Rivers","Asian or Pacific Islander",8,1,0
2020-07-30,Piedmont,"Native American",1,0,0
2020-07-30,"New River","Native American",0,0,0
2020-07-30,"Central Shenandoah","Native American",3,1,0
2020-07-30,"Eastern Shore and Three Rivers","Native American",1,0,0
2020-07-30,Fairfax,"Native American",28,1,1
2020-07-30,Chesapeake,"Native American",9,0,0
2020-07-30,"Western Tidewater","Native American",1,0,0
2020-07-30,Portsmouth,"Native American",2,1,0
2020-07-30,Richmond,"Native American",0,0,0
2020-07-30,Chickahominy,"Native American",4,1,0
2020-07-30,"Thomas Jefferson","Native American",2,0,0
2020-07-30,Arlington,"Native American",3,0,0
2020-07-30,"Virginia Beach","Native American",3,0,0
2020-08-25,Loudoun,White,1316,109,83
2020-07-30,Peninsula,"Native American",3,0,0
2020-07-30,Hampton,"Native American",0,0,0
2020-07-30,"West Piedmont","Native American",1,0,0
2020-07-30,"Cumberland Plateau, Lenowisco, and Mount Rogers","Native American",1,0,0
2020-07-30,Henrico,"Native American",7,0,0
2020-07-30,Norfolk,"Native American",3,0,0
2020-07-30,"Prince William","Native American",13,1,0
2020-07-30,"Central Virginia","Native American",1,0,0
2020-07-30,Chesterfield,"Native American",3,0,0
2020-07-30,Rappahannock,"Native American",3,0,0
2020-07-30,Loudoun,"Native American",2,0,0
2020-07-30,Alexandria,"Native American",2,0,0
2020-07-30,"Alleghany and Roanoke","Native American",0,0,0
2020-07-30,Crater,"Native American",4,0,0
2020-07-30,"Rappahannock Rapidan","Native American",1,0,0
2020-07-30,"Lord Fairfax","Native American",2,1,1
2020-07-30,"Pittsylvania-Danville and Southside","Native American",0,0,0
2020-07-31,"Rappahannock Rapidan","Not Reported",488,11,2
2020-07-31,Portsmouth,"Other Race",36,2,1
2020-07-31,"Western Tidewater","Two or more races",6,0,0
2020-07-31,Piedmont,White,375,42,13
2020-07-31,Chesterfield,Latino,986,61,4
2020-07-31,Lenowisco,White,195,26,6
2020-07-31,Hampton,"Not Reported",404,0,0
2020-07-31,Lenowisco,"Two or more races",0,0,0
2020-07-31,Roanoke,Black,59,7,2
2020-07-31,Southside,"Not Reported",267,8,4
2020-07-31,Hampton,Black,417,34,4
2020-07-31,Alleghany,"Other Race",4,0,0
2020-07-31,Lenowisco,Latino,3,0,0
2020-07-31,Loudoun,"Other Race",117,10,2
2020-07-31,"Central Shenandoah",Latino,846,53,4
2020-07-31,"Rappahannock Rapidan",Latino,700,57,6
2020-07-31,Norfolk,Latino,247,18,0
2020-07-31,"Eastern Shore",Black,816,95,25
2020-07-31,Richmond,Black,792,154,23
2020-07-31,Hampton,"Two or more races",6,0,0
2020-07-31,Henrico,"Two or more races",13,0,0
2020-07-31,Fairfax,"Two or more races",41,5,0
2020-07-31,Alleghany,"Not Reported",390,1,0
2020-07-31,Portsmouth,"Not Reported",402,2,0
2020-07-31,"Cumberland Plateau","Other Race",1,0,0
2020-07-31,Southside,"Two or more races",22,0,0
2020-07-31,Portsmouth,White,175,12,5
2020-07-31,"Rappahannock Rapidan","Two or more races",16,2,0
2020-07-31,Fairfax,White,2623,437,284
2020-07-31,Fairfax,"Other Race",578,70,15
2020-07-31,Crater,"Two or more races",3,0,0
2020-07-31,"West Piedmont","Not Reported",170,13,0
2020-07-31,Henrico,"Other Race",77,11,0
2020-07-31,"Central Virginia",Black,70,5,3
2020-07-31,"Three Rivers",White,362,29,8
2020-07-31,"Three Rivers","Other Race",8,3,0
2020-07-31,Lenowisco,"Other Race",1,0,0
2020-07-31,"Western Tidewater",White,375,47,39
2020-07-31,"Mount Rogers",Black,35,6,2
2020-07-31,"Three Rivers","Not Reported",177,2,0
2020-07-31,"Thomas Jefferson",Black,318,58,10
2020-07-31,"Eastern Shore",White,194,16,15
2020-07-31,"Central Virginia",White,199,13,5
2020-07-31,Lenowisco,Black,1,0,0
2020-07-31,"Central Virginia","Two or more races",0,0,0
2020-07-31,Richmond,"Two or more races",8,0,0
2020-07-31,Crater,"Not Reported",446,8,3
2020-07-31,Chesterfield,"Two or more races",11,2,0
2020-07-31,"New River",Latino,42,4,0
2020-07-31,Richmond,Latino,1077,84,7
2020-07-31,Portsmouth,Latino,51,10,1
2020-07-31,Pittsylvania-Danville,"Not Reported",232,5,0
2020-07-31,Chesapeake,"Not Reported",658,3,0
2020-07-31,Chickahominy,Latino,65,4,0
2020-07-31,Chesterfield,Black,594,82,24
2020-07-31,Chesterfield,"Other Race",175,7,0
2020-07-31,Peninsula,Black,633,56,15
2020-07-31,Roanoke,White,114,6,9
2020-07-31,"New River",Black,26,3,0
2020-07-31,Peninsula,Latino,255,17,0
2020-07-31,Southside,Latino,4,0,0
2020-07-31,Rappahannock,"Two or more races",18,1,0
2020-07-31,"Virginia Beach",Black,1048,61,10
2020-07-31,"Mount Rogers","Not Reported",56,1,1
2020-07-31,Loudoun,"Not Reported",1833,3,1
2020-07-31,Chesapeake,"Other Race",35,2,1
2020-07-31,Chickahominy,"Two or more races",1,1,0
2020-07-31,Crater,"Other Race",23,0,0
2020-07-31,Norfolk,"Two or more races",28,0,0
2020-07-31,"Eastern Shore","Two or more races",1,1,0
2020-07-31,"Central Shenandoah",White,1364,134,43
2020-07-31,"New River","Other Race",3,1,0
2020-07-31,"New River",White,280,20,7
2020-07-31,"Central Shenandoah","Other Race",35,1,0
2020-07-31,"West Piedmont",Black,201,44,4
2020-07-31,Alleghany,Latino,89,6,0
2020-07-31,"Central Shenandoah","Not Reported",225,3,1
2020-07-31,Roanoke,"Two or more races",1,0,0
2020-07-31,Peninsula,"Two or more races",20,2,0
2020-07-31,Arlington,"Other Race",67,8,3
2020-07-31,Richmond,"Not Reported",571,2,0
2020-07-31,Norfolk,"Not Reported",868,1,0
2020-07-31,Alexandria,"Other Race",47,6,2
2020-07-31,"Virginia Beach",White,1317,94,27
2020-07-31,Chesapeake,"Two or more races",11,0,0
2020-07-31,Alleghany,White,309,28,17
2020-07-31,"Rappahannock Rapidan","Other Race",23,1,0
2020-07-31,Chickahominy,"Not Reported",226,2,1
2020-07-31,Portsmouth,Black,778,92,15
2020-07-31,Chickahominy,"Other Race",12,2,0
2020-07-31,"Virginia Beach",Latino,262,18,3
2020-07-31,Chesapeake,White,632,63,15
2020-07-31,Southside,Black,183,32,12
2020-07-31,Rappahannock,Latino,1012,99,7
2020-07-31,"Three Rivers","Two or more races",4,0,0
2020-07-31,Henrico,Black,1060,150,78
2020-07-31,Pittsylvania-Danville,Black,206,31,4
2020-07-31,"Lord Fairfax","Two or more races",12,0,0
2020-07-31,"Mount Rogers","Other Race",5,2,1
2020-07-31,"Prince William",Latino,4741,570,62
2020-07-31,"Central Shenandoah",Black,130,9,4
2020-07-31,Peninsula,White,538,77,24
2020-07-31,"Eastern Shore","Not Reported",85,0,0
2020-07-31,"Thomas Jefferson","Other Race",106,3,0
2020-07-31,Hampton,"Other Race",20,2,0
2020-07-31,"Lord Fairfax","Not Reported",306,4,6
2020-07-31,"Central Virginia","Other Race",5,0,0
2020-07-31,"Western Tidewater","Other Race",30,1,1
2020-07-31,Crater,Latino,160,7,3
2020-07-31,Chesapeake,Latino,180,14,1
2020-07-31,Chesterfield,White,717,85,60
2020-07-31,"Western Tidewater","Not Reported",520,3,1
2020-07-31,Fairfax,"Not Reported",2013,67,35
2020-07-31,Arlington,Black,271,71,32
2020-07-31,"Central Virginia",Latino,25,1,1
2020-07-31,"Three Rivers",Black,271,26,6
2020-07-31,Alexandria,"Not Reported",172,6,0
2020-07-31,"Prince William","Two or more races",23,1,0
2020-07-31,Loudoun,"Two or more races",31,0,0
2020-07-31,Peninsula,"Other Race",74,3,0
2020-07-31,"Thomas Jefferson",White,607,49,23
2020-07-31,Norfolk,"Other Race",56,2,1
2020-07-31,"Prince William","Not Reported",3524,20,0
2020-07-31,"West Piedmont",White,312,37,6
2020-07-31,Rappahannock,Black,425,59,10
2020-07-31,Norfolk,Black,1521,114,15
2020-07-31,Roanoke,Latino,218,5,0
2020-07-31,Piedmont,Latino,65,6,1
2020-07-31,Roanoke,"Not Reported",413,0,0
2020-07-31,Arlington,"Two or more races",22,2,0
2020-07-31,"Virginia Beach","Other Race",58,2,0
2020-07-31,Alexandria,White,516,50,33
2020-07-31,"Lord Fairfax","Other Race",62,6,1
2020-07-31,"Thomas Jefferson","Not Reported",132,1,0
2020-07-31,"Virginia Beach","Not Reported",1194,6,3
2020-07-31,Loudoun,Black,214,24,4
2020-07-31,Pittsylvania-Danville,Latino,43,2,0
2020-07-31,"Cumberland Plateau","Not Reported",5,0,0
2020-07-31,Chesterfield,"Not Reported",1710,2,9
2020-07-31,"Mount Rogers",White,863,104,43
2020-07-31,Richmond,White,331,26,6
2020-07-31,Lenowisco,"Not Reported",31,3,1
2020-07-31,Piedmont,"Not Reported",468,12,1
2020-07-31,"Three Rivers",Latino,140,5,1
2020-07-31,"Mount Rogers",Latino,241,2,0
2020-07-31,Crater,White,409,40,13
2020-07-31,"Central Shenandoah","Two or more races",12,1,0
2020-07-31,Arlington,White,824,116,66
2020-07-31,Pittsylvania-Danville,"Other Race",0,0,0
2020-07-31,Chickahominy,Black,161,39,11
2020-07-31,Fairfax,Black,1048,193,54
2020-07-31,"Eastern Shore",Latino,253,9,3
2020-07-31,Norfolk,White,423,31,8
2020-07-31,Alleghany,"Two or more races",2,0,0
2020-07-31,"Mount Rogers","Two or more races",4,0,0
2020-07-31,Southside,White,145,24,17
2020-07-31,"Thomas Jefferson","Two or more races",19,0,0
2020-07-31,"Prince William",Black,893,142,43
2020-07-31,"Lord Fairfax",White,1349,154,62
2020-07-31,"Cumberland Plateau",Latino,2,0,0
2020-07-31,Arlington,"Not Reported",227,3,0
2020-07-31,Rappahannock,"Other Race",56,4,0
2020-07-31,"Rappahannock Rapidan",Black,115,20,6
2020-07-31,"New River","Two or more races",2,0,0
2020-07-31,Arlington,Latino,1347,212,23
2020-07-31,Henrico,White,859,89,89
2020-07-31,Loudoun,White,1077,107,81
2020-07-31,Hampton,White,112,9,1
2020-07-31,Alleghany,Black,30,2,1
2020-07-31,"Prince William",White,1142,149,79
2020-07-31,Rappahannock,White,721,86,32
2020-07-31,Portsmouth,"Two or more races",8,1,0
2020-07-31,Southside,"Other Race",8,0,1
2020-07-31,"Western Tidewater",Black,748,77,34
2020-07-31,Hampton,Latino,41,4,0
2020-07-31,Henrico,"Not Reported",698,2,3
2020-07-31,"West Piedmont","Two or more races",0,0,0
2020-07-31,Peninsula,"Not Reported",1013,2,0
2020-07-31,Loudoun,Latino,1481,151,11
2020-07-31,Alexandria,Black,487,72,13
2020-07-31,Piedmont,Black,406,54,11
2020-07-31,Roanoke,"Other Race",4,0,0
2020-07-31,"Western Tidewater",Latino,21,1,1
2020-07-31,Alexandria,"Two or more races",6,1,0
2020-07-31,Rappahannock,"Not Reported",915,26,0
2020-07-31,"West Piedmont","Other Race",3,1,1
2020-07-31,Chickahominy,White,422,79,30
2020-07-31,"Thomas Jefferson",Latino,491,25,0
2020-07-31,"Cumberland Plateau",Black,14,0,0
2020-07-31,"Lord Fairfax",Latino,613,38,8
2020-07-31,"West Piedmont",Latino,197,8,0
2020-07-31,"Cumberland Plateau",White,213,16,1
2020-07-31,"Eastern Shore","Other Race",13,1,0
2020-07-31,"Cumberland Plateau","Two or more races",4,0,0
2020-07-31,Piedmont,"Other Race",7,0,0
2020-07-31,Pittsylvania-Danville,"Two or more races",0,0,0
2020-07-31,Alexandria,Latino,1473,125,9
2020-07-31,Chesapeake,Black,890,112,9
2020-07-31,Richmond,"Other Race",100,7,2
2020-07-31,Henrico,Latino,694,50,7
2020-07-31,Piedmont,"Two or more races",4,2,0
2020-07-31,"Prince William","Other Race",278,14,0
2020-07-31,"New River","Not Reported",70,1,0
2020-07-31,"Rappahannock Rapidan",White,472,40,12
2020-07-31,"Central Virginia","Not Reported",725,8,1
2020-07-31,"Virginia Beach","Two or more races",29,2,0
2020-07-31,Fairfax,Latino,8133,911,73
2020-07-31,"Lord Fairfax",Black,104,11,6
2020-07-31,Pittsylvania-Danville,White,134,22,3
2020-07-31,Chesterfield,"Asian or Pacific Islander",41,2,0
2020-07-31,Crater,"Asian or Pacific Islander",7,0,0
2020-07-31,Fairfax,"Asian or Pacific Islander",1291,236,71
2020-07-31,Hampton,"Asian or Pacific Islander",7,0,0
2020-07-31,"Rappahannock Rapidan","Asian or Pacific Islander",5,1,0
2020-07-31,"New River","Asian or Pacific Islander",6,0,0
2020-07-31,"Mount Rogers","Asian or Pacific Islander",3,1,0
2020-07-31,"Central Virginia","Asian or Pacific Islander",7,0,0
2020-07-31,"Lord Fairfax","Asian or Pacific Islander",8,0,0
2020-07-31,Southside,"Asian or Pacific Islander",1,0,0
2020-07-31,Portsmouth,"Asian or Pacific Islander",10,2,0
2020-07-31,Alleghany,"Asian or Pacific Islander",5,0,0
2020-07-31,Roanoke,"Asian or Pacific Islander",5,0,0
2020-07-31,Richmond,"Asian or Pacific Islander",14,3,1
2020-07-31,"Thomas Jefferson","Asian or Pacific Islander",30,0,1
2020-07-31,"Virginia Beach","Asian or Pacific Islander",144,17,2
2020-07-31,Henrico,"Asian or Pacific Islander",133,8,3
2020-07-31,Piedmont,"Asian or Pacific Islander",4,0,0
2020-07-31,"Western Tidewater","Asian or Pacific Islander",11,2,0
2020-07-31,"West Piedmont","Asian or Pacific Islander",11,1,1
2020-07-31,Chickahominy,"Asian or Pacific Islander",7,1,0
2020-07-31,Peninsula,"Asian or Pacific Islander",19,4,2
2020-07-31,Norfolk,"Asian or Pacific Islander",34,2,0
2020-07-31,Loudoun,"Asian or Pacific Islander",240,40,11
2020-07-31,Arlington,"Asian or Pacific Islander",136,22,12
2020-07-31,Alexandria,"Asian or Pacific Islander",95,9,1
2020-07-31,Rappahannock,"Asian or Pacific Islander",51,9,1
2020-07-31,Chesapeake,"Asian or Pacific Islander",35,7,2
2020-07-31,"Cumberland Plateau and Lenowisco","Asian or Pacific Islander",1,0,0
2020-07-31,"Central Shenandoah","Asian or Pacific Islander",17,2,0
2020-07-31,"Prince William","Asian or Pacific Islander",325,45,13
2020-07-31,Pittsylvania-Danville,"Asian or Pacific Islander",1,0,0
2020-07-31,"Eastern Shore and Three Rivers","Asian or Pacific Islander",8,1,0
2020-07-31,Piedmont,"Native American",1,0,0
2020-07-31,"New River","Native American",0,0,0
2020-07-31,"Central Shenandoah","Native American",3,1,0
2020-07-31,"Eastern Shore and Three Rivers","Native American",1,0,0
2020-07-31,Fairfax,"Native American",28,1,1
2020-07-31,Chesapeake,"Native American",9,0,0
2020-07-31,"Western Tidewater","Native American",1,0,0
2020-07-31,Portsmouth,"Native American",2,1,0
2020-07-31,Richmond,"Native American",0,0,0
2020-07-31,Chickahominy,"Native American",4,1,0
2020-07-31,"Thomas Jefferson","Native American",2,0,0
2020-07-31,Arlington,"Native American",3,0,0
2020-07-31,"Virginia Beach","Native American",3,0,0
2020-07-31,Peninsula,"Native American",3,0,0
2020-07-31,Hampton,"Native American",0,0,0
2020-07-31,"West Piedmont","Native American",1,0,0
2020-07-31,"Cumberland Plateau, Lenowisco, and Mount Rogers","Native American",1,0,0
2020-07-31,Henrico,"Native American",7,0,0
2020-07-31,Norfolk,"Native American",3,0,0
2020-07-31,"Prince William","Native American",13,1,0
2020-07-31,"Central Virginia","Native American",1,0,0
2020-07-31,Chesterfield,"Native American",3,0,0
2020-07-31,Rappahannock,"Native American",3,0,0
2020-07-31,Loudoun,"Native American",2,0,0
2020-07-31,Alexandria,"Native American",2,0,0
2020-07-31,"Alleghany and Roanoke","Native American",0,0,0
2020-07-31,Crater,"Native American",4,0,0
2020-07-31,"Rappahannock Rapidan","Native American",1,0,0
2020-07-31,"Lord Fairfax","Native American",2,1,1
2020-07-31,"Pittsylvania-Danville and Southside","Native American",0,0,0
2020-08-01,"Rappahannock Rapidan","Not Reported",491,11,2
2020-08-01,Portsmouth,"Other Race",35,2,1
2020-08-01,"Western Tidewater","Two or more races",6,0,0
2020-08-01,Piedmont,White,376,42,13
2020-08-01,Chesterfield,Latino,1003,62,5
2020-08-01,Lenowisco,White,203,28,6
2020-08-01,Hampton,"Not Reported",404,0,0
2020-08-01,Lenowisco,"Two or more races",0,0,0
2020-08-01,Roanoke,Black,59,7,2
2020-08-01,Southside,"Not Reported",273,8,4
2020-08-01,Hampton,Black,418,34,4
2020-08-01,Alleghany,"Other Race",4,0,0
2020-08-01,Lenowisco,Latino,3,0,0
2020-08-01,Loudoun,"Other Race",119,10,2
2020-08-01,"Central Shenandoah",Latino,848,53,4
2020-08-01,"Rappahannock Rapidan",Latino,701,57,6
2020-08-01,Norfolk,Latino,249,18,0
2020-08-01,"Eastern Shore",Black,818,95,25
2020-08-01,Richmond,Black,802,155,23
2020-08-01,Hampton,"Two or more races",6,0,0
2020-08-01,Henrico,"Two or more races",14,1,0
2020-08-01,Fairfax,"Two or more races",42,5,0
2020-08-01,Alleghany,"Not Reported",392,1,0
2020-08-01,Portsmouth,"Not Reported",411,2,0
2020-08-01,"Cumberland Plateau","Other Race",1,0,0
2020-08-01,Southside,"Two or more races",22,0,0
2020-08-01,Portsmouth,White,179,12,5
2020-08-01,"Rappahannock Rapidan","Two or more races",16,2,0
2020-08-01,Fairfax,White,2649,438,287
2020-08-01,Fairfax,"Other Race",583,70,16
2020-08-01,Crater,"Two or more races",3,0,0
2020-08-01,"West Piedmont","Not Reported",191,16,0
2020-08-01,Henrico,"Other Race",77,11,0
2020-08-01,"Central Virginia",Black,71,5,3
2020-08-01,"Three Rivers",White,366,30,8
2020-08-01,"Three Rivers","Other Race",9,3,0
2020-08-01,Lenowisco,"Other Race",1,0,0
2020-08-01,"Western Tidewater",White,381,47,39
2020-08-01,"Mount Rogers",Black,35,6,2
2020-08-01,"Three Rivers","Not Reported",179,2,0
2020-08-01,"Thomas Jefferson",Black,321,58,11
2020-08-01,"Eastern Shore",White,195,16,15
2020-08-01,"Central Virginia",White,206,13,5
2020-08-01,Lenowisco,Black,2,0,0
2020-08-01,"Central Virginia","Two or more races",0,0,0
2020-08-01,Richmond,"Two or more races",8,0,0
2020-08-01,Crater,"Not Reported",454,8,3
2020-08-01,Chesterfield,"Two or more races",11,2,0
2020-08-01,"New River",Latino,43,4,0
2020-08-01,Richmond,Latino,1087,85,7
2020-08-01,Portsmouth,Latino,52,11,1
2020-08-01,Pittsylvania-Danville,"Not Reported",256,6,1
2020-08-01,Chesapeake,"Not Reported",654,3,0
2020-08-01,Chickahominy,Latino,65,4,0
2020-08-01,Crater,Black,1067,148,40
2020-08-01,Chesterfield,Black,599,83,25
2020-08-01,Chesterfield,"Other Race",176,7,0
2020-08-01,Peninsula,Black,638,56,15
2020-08-01,Roanoke,White,114,6,9
2020-08-01,"New River",Black,26,3,0
2020-08-01,Peninsula,Latino,256,17,0
2020-08-01,Southside,Latino,4,0,0
2020-08-01,Rappahannock,"Two or more races",18,1,0
2020-08-01,"Virginia Beach",Black,1068,62,10
2020-08-01,"Mount Rogers","Not Reported",56,1,1
2020-08-01,Loudoun,"Not Reported",1831,3,1
2020-08-01,Chesapeake,"Other Race",36,2,1
2020-08-01,Chickahominy,"Two or more races",1,1,0
2020-08-01,Crater,"Other Race",23,0,0
2020-08-01,Norfolk,"Two or more races",28,0,0
2020-08-01,"Eastern Shore","Two or more races",1,1,0
2020-08-01,"Central Shenandoah",White,1378,136,44
2020-08-01,"New River","Other Race",3,1,0
2020-08-01,"New River",White,281,20,7
2020-08-01,"Central Shenandoah","Other Race",35,1,0
2020-08-01,"West Piedmont",Black,211,45,4
2020-08-01,Alleghany,Latino,91,6,0
2020-08-01,"Central Shenandoah","Not Reported",224,3,1
2020-08-01,Roanoke,"Two or more races",1,0,0
2020-08-01,Peninsula,"Two or more races",20,2,0
2020-08-01,Arlington,"Other Race",67,8,3
2020-08-01,Richmond,"Not Reported",585,2,0
2020-08-01,Norfolk,"Not Reported",863,1,0
2020-08-01,Alexandria,"Other Race",47,6,2
2020-08-01,"Virginia Beach",White,1341,94,28
2020-08-01,Chesapeake,"Two or more races",11,0,0
2020-08-01,Alleghany,White,313,29,19
2020-08-01,"Rappahannock Rapidan","Other Race",23,1,0
2020-08-01,Chickahominy,"Not Reported",227,2,2
2020-08-01,Portsmouth,Black,795,93,17
2020-08-01,Chickahominy,"Other Race",12,2,0
2020-08-01,"Virginia Beach",Latino,266,18,3
2020-08-01,Chesapeake,White,638,64,15
2020-08-01,Southside,Black,187,32,12
2020-08-01,Rappahannock,Latino,1023,99,7
2020-08-01,"Three Rivers","Two or more races",4,0,0
2020-08-01,Henrico,Black,1073,151,79
2020-08-01,Pittsylvania-Danville,Black,206,31,4
2020-08-01,"Lord Fairfax","Two or more races",11,0,0
2020-08-01,"Mount Rogers","Other Race",5,2,1
2020-08-01,"Prince William",Latino,4758,572,63
2020-08-01,"Central Shenandoah",Black,132,9,4
2020-08-01,Peninsula,White,543,77,24
2020-08-01,"Eastern Shore","Not Reported",85,0,0
2020-08-01,"Thomas Jefferson","Other Race",107,3,0
2020-08-01,Hampton,"Other Race",20,2,0
2020-08-01,"Lord Fairfax","Not Reported",307,4,6
2020-08-01,"Central Virginia","Other Race",5,0,0
2020-08-01,"Western Tidewater","Other Race",31,1,1
2020-08-01,Crater,Latino,161,8,3
2020-08-01,Chesapeake,Latino,181,14,1
2020-08-01,Chesterfield,White,725,85,61
2020-08-01,"Western Tidewater","Not Reported",529,3,1
2020-08-01,Fairfax,"Not Reported",2019,64,34
2020-08-01,Arlington,Black,271,71,32
2020-08-01,"Central Virginia",Latino,25,1,1
2020-08-01,"Three Rivers",Black,275,26,6
2020-08-01,Alexandria,"Not Reported",173,6,1
2020-08-01,"Prince William","Two or more races",23,1,0
2020-08-01,Loudoun,"Two or more races",31,0,0
2020-08-01,Peninsula,"Other Race",75,3,0
2020-08-01,"Thomas Jefferson",White,612,49,25
2020-08-01,Norfolk,"Other Race",55,2,1
2020-08-01,"Prince William","Not Reported",3540,21,0
2020-08-01,"West Piedmont",White,321,39,7
2020-08-01,Rappahannock,Black,435,60,12
2020-08-01,Norfolk,Black,1528,115,17
2020-08-01,Roanoke,Latino,219,5,0
2020-08-01,Piedmont,Latino,65,6,1
2020-08-01,Roanoke,"Not Reported",458,0,0
2020-08-01,Arlington,"Two or more races",22,2,0
2020-08-01,"Virginia Beach","Other Race",61,2,0
2020-08-01,Alexandria,White,518,50,33
2020-08-01,"Lord Fairfax","Other Race",60,6,1
2020-08-01,"Thomas Jefferson","Not Reported",134,1,0
2020-08-01,"Virginia Beach","Not Reported",1265,6,3
2020-08-01,Loudoun,Black,217,24,5
2020-08-01,Pittsylvania-Danville,Latino,44,2,0
2020-08-01,"Cumberland Plateau","Not Reported",4,0,0
2020-08-01,Chesterfield,"Not Reported",1713,2,9
2020-08-01,"Mount Rogers",White,875,104,45
2020-08-01,Richmond,White,338,26,6
2020-08-01,Lenowisco,"Not Reported",35,3,1
2020-08-01,Piedmont,"Not Reported",483,12,1
2020-08-01,"Three Rivers",Latino,140,5,1
2020-08-01,"Mount Rogers",Latino,242,2,0
2020-08-01,Crater,White,416,40,15
2020-08-01,"Central Shenandoah","Two or more races",12,1,0
2020-08-01,Arlington,White,830,117,66
2020-08-01,Pittsylvania-Danville,"Other Race",0,0,0
2020-08-01,Chickahominy,Black,163,39,11
2020-08-01,Fairfax,Black,1065,195,54
2020-08-01,"Eastern Shore",Latino,253,10,3
2020-08-01,Norfolk,White,425,32,8
2020-08-01,Alleghany,"Two or more races",2,0,0
2020-08-01,"Mount Rogers","Two or more races",4,0,0
2020-08-01,Southside,White,149,24,17
2020-08-01,"Thomas Jefferson","Two or more races",18,0,0
2020-08-01,"Prince William",Black,904,143,43
2020-08-01,"Lord Fairfax",White,1363,154,64
2020-08-01,"Cumberland Plateau",Latino,2,0,0
2020-08-01,Arlington,"Not Reported",221,3,0
2020-08-01,Rappahannock,"Other Race",57,4,0
2020-08-01,"Rappahannock Rapidan",Black,116,20,6
2020-08-01,"New River","Two or more races",2,0,0
2020-08-01,Arlington,Latino,1356,212,23
2020-08-01,Henrico,White,869,89,89
2020-08-01,Loudoun,White,1085,108,81
2020-08-01,Hampton,White,114,9,1
2020-08-01,Alleghany,Black,30,3,1
2020-08-01,"Prince William",White,1152,150,79
2020-08-01,Rappahannock,White,735,87,32
2020-08-01,Portsmouth,"Two or more races",8,1,0
2020-08-01,Southside,"Other Race",8,0,1
2020-08-01,"Western Tidewater",Black,766,78,35
2020-08-01,Hampton,Latino,40,4,0
2020-08-01,Henrico,"Not Reported",720,2,4
2020-08-01,"West Piedmont","Two or more races",0,0,0
2020-08-01,Peninsula,"Not Reported",1028,2,0
2020-08-01,Loudoun,Latino,1486,151,12
2020-08-01,Alexandria,Black,492,73,13
2020-08-01,Piedmont,Black,409,54,12
2020-08-01,Roanoke,"Other Race",4,0,0
2020-08-01,"Western Tidewater",Latino,21,1,1
2020-08-01,Alexandria,"Two or more races",6,1,0
2020-08-01,Rappahannock,"Not Reported",924,26,0
2020-08-01,"West Piedmont","Other Race",3,1,1
2020-08-01,Chickahominy,White,426,79,31
2020-08-01,"Thomas Jefferson",Latino,495,25,0
2020-08-01,"Cumberland Plateau",Black,14,0,0
2020-08-01,"Lord Fairfax",Latino,619,40,8
2020-08-01,"West Piedmont",Latino,197,8,0
2020-08-01,"Cumberland Plateau",White,220,17,1
2020-08-01,"Eastern Shore","Other Race",13,1,0
2020-08-01,"Cumberland Plateau","Two or more races",4,0,0
2020-08-01,Piedmont,"Other Race",9,0,0
2020-08-01,Pittsylvania-Danville,"Two or more races",0,0,0
2020-08-01,Alexandria,Latino,1477,125,9
2020-08-01,Chesapeake,Black,895,113,9
2020-08-01,Richmond,"Other Race",100,7,2
2020-08-01,Henrico,Latino,707,50,7
2020-08-01,Piedmont,"Two or more races",4,2,0
2020-08-01,"Prince William","Other Race",280,14,0
2020-08-01,"New River","Not Reported",70,1,0
2020-08-01,"Rappahannock Rapidan",White,476,40,12
2020-08-01,"Central Virginia","Not Reported",743,8,1
2020-08-01,"Virginia Beach","Two or more races",29,2,0
2020-08-01,Fairfax,Latino,8146,912,73
2020-08-01,"Lord Fairfax",Black,105,11,6
2020-08-01,Pittsylvania-Danville,White,136,22,4
2020-08-25,Hampton,White,211,9,1
2020-08-01,Chesterfield,"Asian or Pacific Islander",41,2,0
2020-08-01,Crater,"Asian or Pacific Islander",8,0,0
2020-08-01,Fairfax,"Asian or Pacific Islander",1296,236,70
2020-08-01,Hampton,"Asian or Pacific Islander",7,0,0
2020-08-01,"Rappahannock Rapidan","Asian or Pacific Islander",5,1,0
2020-08-01,"New River","Asian or Pacific Islander",6,0,0
2020-08-01,"Mount Rogers","Asian or Pacific Islander",3,1,0
2020-08-01,"Central Virginia","Asian or Pacific Islander",7,0,0
2020-08-01,"Lord Fairfax","Asian or Pacific Islander",8,0,0
2020-08-01,Southside,"Asian or Pacific Islander",1,0,0
2020-08-01,Portsmouth,"Asian or Pacific Islander",10,2,0
2020-08-01,Alleghany,"Asian or Pacific Islander",5,0,0
2020-08-01,Roanoke,"Asian or Pacific Islander",6,0,0
2020-08-01,Richmond,"Asian or Pacific Islander",16,3,1
2020-08-01,"Thomas Jefferson","Asian or Pacific Islander",31,0,1
2020-08-01,"Virginia Beach","Asian or Pacific Islander",145,17,2
2020-08-01,Henrico,"Asian or Pacific Islander",134,8,3
2020-08-01,Piedmont,"Asian or Pacific Islander",4,0,0
2020-08-01,"Western Tidewater","Asian or Pacific Islander",11,2,0
2020-08-01,"West Piedmont","Asian or Pacific Islander",12,1,1
2020-08-01,Chickahominy,"Asian or Pacific Islander",7,1,0
2020-08-01,Peninsula,"Asian or Pacific Islander",20,4,2
2020-08-01,Norfolk,"Asian or Pacific Islander",34,2,0
2020-08-01,Loudoun,"Asian or Pacific Islander",243,40,11
2020-08-01,Arlington,"Asian or Pacific Islander",136,22,12
2020-08-01,Alexandria,"Asian or Pacific Islander",96,9,1
2020-08-01,Rappahannock,"Asian or Pacific Islander",51,9,1
2020-08-01,Chesapeake,"Asian or Pacific Islander",38,8,3
2020-08-01,"Cumberland Plateau and Lenowisco","Asian or Pacific Islander",1,0,0
2020-08-01,"Central Shenandoah","Asian or Pacific Islander",18,2,0
2020-08-01,"Prince William","Asian or Pacific Islander",328,45,14
2020-08-01,Pittsylvania-Danville,"Asian or Pacific Islander",1,0,0
2020-08-01,"Eastern Shore and Three Rivers","Asian or Pacific Islander",8,1,0
2020-08-01,Piedmont,"Native American",1,0,0
2020-08-01,"New River","Native American",0,0,0
2020-08-01,"Central Shenandoah","Native American",3,1,0
2020-08-01,"Eastern Shore and Three Rivers","Native American",1,0,0
2020-08-01,Fairfax,"Native American",28,1,1
2020-08-01,Chesapeake,"Native American",9,0,0
2020-08-01,"Western Tidewater","Native American",1,0,0
2020-08-01,Portsmouth,"Native American",2,1,0
2020-08-01,Richmond,"Native American",0,0,0
2020-08-01,Chickahominy,"Native American",4,1,0
2020-08-01,"Thomas Jefferson","Native American",2,0,0
2020-08-01,Arlington,"Native American",3,0,0
2020-08-01,"Virginia Beach","Native American",3,0,0
2020-08-01,Peninsula,"Native American",3,0,0
2020-08-01,Hampton,"Native American",0,0,0
2020-08-01,"West Piedmont","Native American",2,0,0
2020-08-01,"Cumberland Plateau, Lenowisco, and Mount Rogers","Native American",1,0,0
2020-08-01,Henrico,"Native American",7,0,0
2020-08-01,Norfolk,"Native American",3,0,0
2020-08-01,"Prince William","Native American",13,1,0
2020-08-01,"Central Virginia","Native American",1,0,0
2020-08-01,Chesterfield,"Native American",3,0,0
2020-08-01,Rappahannock,"Native American",3,0,0
2020-08-01,Loudoun,"Native American",2,0,0
2020-08-01,Alexandria,"Native American",2,0,0
2020-08-01,"Alleghany and Roanoke","Native American",0,0,0
2020-08-01,Crater,"Native American",4,0,0
2020-08-01,"Rappahannock Rapidan","Native American",1,0,0
2020-08-01,"Lord Fairfax","Native American",2,1,1
2020-08-01,"Pittsylvania-Danville and Southside","Native American",0,0,0
2020-08-02,"Rappahannock Rapidan","Not Reported",496,11,2
2020-08-02,Portsmouth,"Other Race",37,2,1
2020-08-02,"Western Tidewater","Two or more races",7,0,0
2020-08-02,Piedmont,White,379,42,13
2020-08-02,Chesterfield,Latino,1010,62,5
2020-08-02,Lenowisco,White,204,29,6
2020-08-02,Hampton,"Not Reported",419,0,0
2020-08-02,Lenowisco,"Two or more races",0,0,0
2020-08-02,Roanoke,Black,63,7,2
2020-08-02,Southside,"Not Reported",275,8,4
2020-08-02,Hampton,Black,437,34,4
2020-08-02,Alleghany,"Other Race",4,0,0
2020-08-02,Lenowisco,Latino,3,0,0
2020-08-02,Loudoun,"Other Race",119,10,2
2020-08-02,"Central Shenandoah",Latino,849,53,4
2020-08-02,"Rappahannock Rapidan",Latino,702,57,6
2020-08-02,Norfolk,Latino,249,18,0
2020-08-02,"Eastern Shore",Black,820,95,25
2020-08-02,Richmond,Black,809,155,23
2020-08-02,Hampton,"Two or more races",7,0,0
2020-08-02,Henrico,"Two or more races",15,1,0
2020-08-02,Fairfax,"Two or more races",43,5,0
2020-08-02,Alleghany,"Not Reported",411,1,0
2020-08-02,Portsmouth,"Not Reported",424,3,0
2020-08-02,"Cumberland Plateau","Other Race",0,0,0
2020-08-02,Southside,"Two or more races",22,0,0
2020-08-02,Portsmouth,White,185,12,5
2020-08-02,"Rappahannock Rapidan","Two or more races",17,2,0
2020-08-02,Fairfax,White,2658,438,287
2020-08-02,Fairfax,"Other Race",585,70,16
2020-08-02,Crater,"Two or more races",3,0,0
2020-08-02,"West Piedmont","Not Reported",202,18,0
2020-08-02,Henrico,"Other Race",77,11,0
2020-08-02,"Central Virginia",Black,77,13,3
2020-08-02,"Three Rivers",White,370,31,8
2020-08-02,"Three Rivers","Other Race",9,3,0
2020-08-02,Lenowisco,"Other Race",1,0,0
2020-08-02,"Western Tidewater",White,393,47,39
2020-08-02,"Mount Rogers",Black,35,6,2
2020-08-02,"Three Rivers","Not Reported",179,2,0
2020-08-02,"Thomas Jefferson",Black,323,58,11
2020-08-02,"Eastern Shore",White,195,16,15
2020-08-02,"Central Virginia",White,221,22,5
2020-08-02,Lenowisco,Black,2,0,0
2020-08-02,"Central Virginia","Two or more races",0,0,0
2020-08-02,Richmond,"Two or more races",8,0,0
2020-08-02,Crater,"Not Reported",458,8,3
2020-08-02,Chesterfield,"Two or more races",11,2,0
2020-08-02,"New River",Latino,47,4,0
2020-08-02,Richmond,Latino,1095,85,7
2020-08-02,Portsmouth,Latino,52,11,1
2020-08-02,Pittsylvania-Danville,"Not Reported",285,6,1
2020-08-02,Chesapeake,"Not Reported",678,3,0
2020-08-02,Chickahominy,Latino,65,4,0
2020-08-02,Crater,Black,1081,150,40
2020-08-02,Chesterfield,Black,604,83,25
2020-08-02,Chesterfield,"Other Race",177,7,0
2020-08-02,Peninsula,Black,657,56,15
2020-08-02,Roanoke,White,115,6,9
2020-08-02,"New River",Black,28,3,0
2020-08-02,Peninsula,Latino,258,17,0
2020-08-02,Southside,Latino,4,0,0
2020-08-02,Rappahannock,"Two or more races",18,1,0
2020-08-02,"Virginia Beach",Black,1091,62,10
2020-08-02,"Mount Rogers","Not Reported",56,1,1
2020-08-02,Loudoun,"Not Reported",1847,3,1
2020-08-02,Chesapeake,"Other Race",36,2,1
2020-08-02,Chickahominy,"Two or more races",1,1,0
2020-08-02,Crater,"Other Race",23,0,0
2020-08-02,Norfolk,"Two or more races",28,0,0
2020-08-02,"Eastern Shore","Two or more races",1,1,0
2020-08-02,"Central Shenandoah",White,1391,136,44
2020-08-02,"New River","Other Race",3,1,0
2020-08-02,"New River",White,286,21,7
2020-08-02,"Central Shenandoah","Other Race",36,1,0
2020-08-02,"West Piedmont",Black,213,46,4
2020-08-02,Alleghany,Latino,91,6,0
2020-08-02,"Central Shenandoah","Not Reported",223,3,1
2020-08-02,Roanoke,"Two or more races",1,0,0
2020-08-02,Peninsula,"Two or more races",21,2,0
2020-08-02,Arlington,"Other Race",68,8,3
2020-08-02,Richmond,"Not Reported",581,2,0
2020-08-02,Norfolk,"Not Reported",873,1,0
2020-08-02,Alexandria,"Other Race",47,6,2
2020-08-02,"Virginia Beach",White,1383,95,29
2020-08-02,Chesapeake,"Two or more races",11,0,0
2020-08-02,Alleghany,White,314,29,19
2020-08-02,"Rappahannock Rapidan","Other Race",22,1,0
2020-08-02,Chickahominy,"Not Reported",226,2,2
2020-08-02,Portsmouth,Black,821,93,17
2020-08-02,Chickahominy,"Other Race",12,2,0
2020-08-02,"Virginia Beach",Latino,268,18,3
2020-08-02,Chesapeake,White,664,65,15
2020-08-02,Southside,Black,188,32,12
2020-08-02,Rappahannock,Latino,1027,99,7
2020-08-02,"Three Rivers","Two or more races",4,0,0
2020-08-02,Henrico,Black,1076,151,79
2020-08-02,Pittsylvania-Danville,Black,212,33,4
2020-08-02,"Lord Fairfax","Two or more races",11,0,0
2020-08-02,"Mount Rogers","Other Race",5,2,1
2020-08-02,"Prince William",Latino,4771,573,63
2020-08-02,"Central Shenandoah",Black,132,9,4
2020-08-02,Peninsula,White,553,77,24
2020-08-02,"Eastern Shore","Not Reported",85,0,0
2020-08-02,"Thomas Jefferson","Other Race",109,3,0
2020-08-02,Hampton,"Other Race",20,2,0
2020-08-02,"Lord Fairfax","Not Reported",307,4,6
2020-08-02,"Central Virginia","Other Race",5,0,0
2020-08-02,"Western Tidewater","Other Race",32,1,1
2020-08-02,Crater,Latino,162,8,3
2020-08-02,Chesapeake,Latino,185,14,1
2020-08-02,Chesterfield,White,729,85,61
2020-08-02,"Western Tidewater","Not Reported",543,3,1
2020-08-02,Fairfax,"Not Reported",2054,64,34
2020-08-02,Arlington,Black,271,71,32
2020-08-02,"Central Virginia",Latino,26,2,1
2020-08-02,"Three Rivers",Black,275,26,6
2020-08-02,Alexandria,"Not Reported",172,6,1
2020-08-02,"Prince William","Two or more races",23,1,0
2020-08-02,Loudoun,"Two or more races",32,0,0
2020-08-02,Peninsula,"Other Race",80,3,0
2020-08-02,"Thomas Jefferson",White,620,49,25
2020-08-02,Norfolk,"Other Race",55,2,1
2020-08-02,"Prince William","Not Reported",3540,22,0
2020-08-02,"West Piedmont",White,326,41,7
2020-08-02,Rappahannock,Black,442,61,11
2020-08-02,Norfolk,Black,1541,117,17
2020-08-02,Roanoke,Latino,224,5,0
2020-08-02,Piedmont,Latino,66,6,1
2020-08-02,Roanoke,"Not Reported",490,0,0
2020-08-02,Arlington,"Two or more races",22,2,0
2020-08-02,"Virginia Beach","Other Race",63,2,0
2020-08-02,Alexandria,White,518,50,33
2020-08-02,"Lord Fairfax","Other Race",60,6,1
2020-08-02,"Thomas Jefferson","Not Reported",136,1,0
2020-08-02,"Virginia Beach","Not Reported",1313,6,3
2020-08-02,Loudoun,Black,218,24,5
2020-08-02,Pittsylvania-Danville,Latino,44,2,0
2020-08-02,"Cumberland Plateau","Not Reported",4,0,0
2020-08-02,Chesterfield,"Not Reported",1756,2,9
2020-08-02,"Mount Rogers",White,903,105,46
2020-08-02,Richmond,White,339,26,6
2020-08-02,Lenowisco,"Not Reported",35,3,1
2020-08-02,Piedmont,"Not Reported",495,12,1
2020-08-02,"Three Rivers",Latino,140,5,1
2020-08-02,"Mount Rogers",Latino,242,2,0
2020-08-02,Crater,White,417,40,15
2020-08-02,"Central Shenandoah","Two or more races",12,1,0
2020-08-02,Arlington,White,834,117,66
2020-08-02,Pittsylvania-Danville,"Other Race",0,0,0
2020-08-02,Chickahominy,Black,164,39,11
2020-08-02,Fairfax,Black,1073,195,54
2020-08-02,"Eastern Shore",Latino,253,10,3
2020-08-02,Norfolk,White,427,32,8
2020-08-02,Alleghany,"Two or more races",2,0,0
2020-08-02,"Mount Rogers","Two or more races",4,0,0
2020-08-02,Southside,White,152,25,17
2020-08-02,"Thomas Jefferson","Two or more races",19,0,0
2020-08-02,"Prince William",Black,905,144,43
2020-08-02,"Lord Fairfax",White,1371,154,64
2020-08-02,"Cumberland Plateau",Latino,2,0,0
2020-08-02,Arlington,"Not Reported",234,3,0
2020-08-02,Rappahannock,"Other Race",57,4,0
2020-08-02,"Rappahannock Rapidan",Black,117,20,6
2020-08-02,"New River","Two or more races",2,0,0
2020-08-02,Arlington,Latino,1357,212,23
2020-08-02,Henrico,White,872,89,89
2020-08-02,Loudoun,White,1084,108,81
2020-08-02,Hampton,White,115,9,1
2020-08-02,Alleghany,Black,30,3,1
2020-08-02,"Prince William",White,1154,151,79
2020-08-02,Rappahannock,White,741,88,33
2020-08-02,Portsmouth,"Two or more races",8,1,0
2020-08-02,Southside,"Other Race",8,0,1
2020-08-02,"Western Tidewater",Black,785,78,35
2020-08-02,Hampton,Latino,43,4,0
2020-08-02,Henrico,"Not Reported",719,2,4
2020-08-02,"West Piedmont","Two or more races",0,0,0
2020-08-02,Peninsula,"Not Reported",1052,2,0
2020-08-02,Loudoun,Latino,1489,151,12
2020-08-02,Alexandria,Black,501,74,13
2020-08-02,Piedmont,Black,410,54,12
2020-08-02,Roanoke,"Other Race",4,0,0
2020-08-02,"Western Tidewater",Latino,22,1,1
2020-08-02,Alexandria,"Two or more races",6,1,0
2020-08-02,Rappahannock,"Not Reported",932,26,0
2020-08-02,"West Piedmont","Other Race",3,1,1
2020-08-02,Chickahominy,White,429,79,31
2020-08-02,"Thomas Jefferson",Latino,508,25,0
2020-08-02,"Cumberland Plateau",Black,14,0,0
2020-08-02,"Lord Fairfax",Latino,620,40,8
2020-08-02,"West Piedmont",Latino,197,8,0
2020-08-02,"Cumberland Plateau",White,227,19,1
2020-08-02,"Eastern Shore","Other Race",13,1,0
2020-08-02,"Cumberland Plateau","Two or more races",4,0,0
2020-08-02,Piedmont,"Other Race",9,0,0
2020-08-02,Pittsylvania-Danville,"Two or more races",0,0,0
2020-08-02,Alexandria,Latino,1478,122,9
2020-08-02,Chesapeake,Black,915,114,9
2020-08-02,Richmond,"Other Race",98,7,2
2020-08-02,Henrico,Latino,708,50,7
2020-08-02,Piedmont,"Two or more races",4,2,0
2020-08-02,"Prince William","Other Race",280,14,0
2020-08-02,"New River","Not Reported",68,1,0
2020-08-02,"Rappahannock Rapidan",White,478,40,12
2020-08-02,"Central Virginia","Not Reported",756,7,1
2020-08-02,"Virginia Beach","Two or more races",30,2,0
2020-08-02,Fairfax,Latino,8170,913,73
2020-08-02,"Lord Fairfax",Black,105,11,6
2020-08-02,Pittsylvania-Danville,White,141,22,4
2020-08-02,Chesterfield,"Asian or Pacific Islander",41,2,0
2020-08-02,Crater,"Asian or Pacific Islander",8,0,0
2020-08-02,Fairfax,"Asian or Pacific Islander",1297,237,71
2020-08-02,Hampton,"Asian or Pacific Islander",7,0,0
2020-08-02,"Rappahannock Rapidan","Asian or Pacific Islander",5,1,0
2020-08-02,"New River","Asian or Pacific Islander",6,0,0
2020-08-02,"Mount Rogers","Asian or Pacific Islander",3,1,0
2020-08-02,"Central Virginia","Asian or Pacific Islander",7,0,0
2020-08-02,"Lord Fairfax","Asian or Pacific Islander",8,0,0
2020-08-02,Southside,"Asian or Pacific Islander",1,0,0
2020-08-02,Portsmouth,"Asian or Pacific Islander",10,2,0
2020-08-02,Alleghany,"Asian or Pacific Islander",5,0,0
2020-08-02,Roanoke,"Asian or Pacific Islander",6,0,0
2020-08-02,Richmond,"Asian or Pacific Islander",16,3,1
2020-08-02,"Thomas Jefferson","Asian or Pacific Islander",32,0,1
2020-08-02,"Virginia Beach","Asian or Pacific Islander",148,17,2
2020-08-02,Henrico,"Asian or Pacific Islander",135,8,3
2020-08-02,Piedmont,"Asian or Pacific Islander",4,0,0
2020-08-02,"Western Tidewater","Asian or Pacific Islander",11,2,0
2020-08-02,"West Piedmont","Asian or Pacific Islander",12,1,1
2020-08-02,Chickahominy,"Asian or Pacific Islander",7,1,0
2020-08-02,Peninsula,"Asian or Pacific Islander",21,4,2
2020-08-02,Norfolk,"Asian or Pacific Islander",34,2,0
2020-08-02,Loudoun,"Asian or Pacific Islander",243,40,11
2020-08-02,Arlington,"Asian or Pacific Islander",136,22,12
2020-08-02,Alexandria,"Asian or Pacific Islander",96,9,1
2020-08-02,Rappahannock,"Asian or Pacific Islander",51,9,1
2020-08-02,Chesapeake,"Asian or Pacific Islander",40,8,3
2020-08-02,"Cumberland Plateau and Lenowisco","Asian or Pacific Islander",1,0,0
2020-08-02,"Central Shenandoah","Asian or Pacific Islander",18,2,0
2020-08-02,"Prince William","Asian or Pacific Islander",330,45,14
2020-08-02,Pittsylvania-Danville,"Asian or Pacific Islander",2,0,0
2020-08-02,"Eastern Shore and Three Rivers","Asian or Pacific Islander",8,1,0
2020-08-02,Piedmont,"Native American",1,0,0
2020-08-02,"New River","Native American",0,0,0
2020-08-02,"Central Shenandoah","Native American",3,1,0
2020-08-02,"Eastern Shore and Three Rivers","Native American",1,0,0
2020-08-02,Fairfax,"Native American",28,1,1
2020-08-02,Chesapeake,"Native American",9,0,0
2020-08-02,"Western Tidewater","Native American",1,0,0
2020-08-02,Portsmouth,"Native American",2,1,0
2020-08-02,Richmond,"Native American",0,0,0
2020-08-02,Chickahominy,"Native American",4,1,0
2020-08-02,"Thomas Jefferson","Native American",2,0,0
2020-08-02,Arlington,"Native American",3,0,0
2020-08-02,"Virginia Beach","Native American",3,0,0
2020-08-02,Peninsula,"Native American",3,0,0
2020-08-02,Hampton,"Native American",0,0,0
2020-08-02,"West Piedmont","Native American",2,0,0
2020-08-02,"Cumberland Plateau, Lenowisco, and Mount Rogers","Native American",1,0,0
2020-08-02,Henrico,"Native American",7,0,0
2020-08-02,Norfolk,"Native American",3,0,0
2020-08-02,"Prince William","Native American",13,1,0
2020-08-02,"Central Virginia","Native American",1,0,0
2020-08-02,Chesterfield,"Native American",3,0,0
2020-08-02,Rappahannock,"Native American",3,0,0
2020-08-02,Loudoun,"Native American",2,0,0
2020-08-02,Alexandria,"Native American",2,0,0
2020-08-02,"Alleghany and Roanoke","Native American",0,0,0
2020-08-02,Crater,"Native American",5,0,0
2020-08-02,"Rappahannock Rapidan","Native American",1,0,0
2020-08-02,"Lord Fairfax","Native American",2,1,1
2020-08-02,"Pittsylvania-Danville and Southside","Native American",0,0,0
2020-08-03,"Rappahannock Rapidan","Not Reported",503,11,2
2020-08-03,Portsmouth,"Other Race",37,2,1
2020-08-03,"Western Tidewater","Two or more races",7,0,0
2020-08-03,Piedmont,White,379,42,13
2020-08-03,Chesterfield,Latino,1024,64,5
2020-08-03,Lenowisco,White,224,29,6
2020-08-03,Hampton,"Not Reported",420,0,0
2020-08-03,Lenowisco,"Two or more races",0,0,0
2020-08-03,Roanoke,Black,62,7,2
2020-08-03,Southside,"Not Reported",281,8,4
2020-08-03,Hampton,Black,450,34,4
2020-08-03,Alleghany,"Other Race",4,0,0
2020-08-03,Lenowisco,Latino,3,0,0
2020-08-03,Loudoun,"Other Race",122,10,2
2020-08-31,Alleghany,White,0,0,0
2020-08-03,"Central Shenandoah",Latino,857,53,4
2020-08-03,"Rappahannock Rapidan",Latino,703,57,6
2020-08-03,Norfolk,Latino,255,18,0
2020-08-03,"Eastern Shore",Black,820,95,25
2020-08-03,Richmond,Black,830,158,23
2020-08-03,Hampton,"Two or more races",7,0,0
2020-08-03,Henrico,"Two or more races",16,1,0
2020-08-03,Fairfax,"Two or more races",45,5,0
2020-08-03,Alleghany,"Not Reported",420,1,0
2020-08-03,Portsmouth,"Not Reported",424,3,0
2020-08-03,"Cumberland Plateau","Other Race",0,0,0
2020-08-03,Southside,"Two or more races",22,0,0
2020-08-03,Portsmouth,White,185,12,5
2020-08-03,"Rappahannock Rapidan","Two or more races",17,2,0
2020-08-03,Fairfax,White,2677,438,287
2020-08-03,Fairfax,"Other Race",590,71,16
2020-08-03,Crater,"Two or more races",3,0,0
2020-08-03,"West Piedmont","Not Reported",202,18,0
2020-08-03,Henrico,"Other Race",80,11,0
2020-08-03,"Central Virginia",Black,83,19,3
2020-08-03,"Three Rivers",White,370,31,8
2020-08-03,"Three Rivers","Other Race",9,3,0
2020-08-03,Lenowisco,"Other Race",1,0,0
2020-08-03,"Western Tidewater",White,410,47,39
2020-08-03,"Mount Rogers",Black,37,6,2
2020-08-03,"Three Rivers","Not Reported",182,2,0
2020-08-03,"Thomas Jefferson",Black,328,58,11
2020-08-03,"Eastern Shore",White,197,16,15
2020-08-03,"Central Virginia",White,235,30,6
2020-08-03,Lenowisco,Black,2,0,0
2020-08-03,"Central Virginia","Two or more races",0,0,0
2020-08-03,Richmond,"Two or more races",8,0,0
2020-08-03,Crater,"Not Reported",465,8,4
2020-08-03,Chesterfield,"Two or more races",11,2,0
2020-08-03,"New River",Latino,51,4,0
2020-08-03,Richmond,Latino,1103,86,7
2020-08-03,Portsmouth,Latino,52,11,1
2020-08-03,Pittsylvania-Danville,"Not Reported",302,6,1
2020-08-03,Chesapeake,"Not Reported",702,3,0
2020-08-03,Chickahominy,Latino,67,4,0
2020-08-03,Crater,Black,1105,153,40
2020-08-03,Chesterfield,Black,617,83,25
2020-08-03,Chesterfield,"Other Race",179,7,0
2020-08-03,Peninsula,Black,675,56,15
2020-08-03,Roanoke,White,115,7,9
2020-08-03,"New River",Black,29,3,0
2020-08-03,Peninsula,Latino,258,17,0
2020-08-03,Southside,Latino,4,0,0
2020-08-03,Rappahannock,"Two or more races",19,1,0
2020-08-03,"Virginia Beach",Black,1127,63,10
2020-08-03,"Mount Rogers","Not Reported",61,1,1
2020-08-03,Loudoun,"Not Reported",1851,3,1
2020-08-03,Chesapeake,"Other Race",36,2,1
2020-08-03,Chickahominy,"Two or more races",1,1,0
2020-08-03,Crater,"Other Race",24,0,0
2020-08-03,Norfolk,"Two or more races",28,0,0
2020-08-03,"Eastern Shore","Two or more races",1,1,0
2020-08-03,"Central Shenandoah",White,1396,136,44
2020-08-03,"New River","Other Race",3,1,0
2020-08-03,"New River",White,295,23,7
2020-08-03,"Central Shenandoah","Other Race",39,1,0
2020-08-03,"West Piedmont",Black,214,46,4
2020-08-03,Alleghany,Latino,92,6,0
2020-08-03,"Central Shenandoah","Not Reported",222,3,1
2020-08-03,Roanoke,"Two or more races",1,0,0
2020-08-03,Peninsula,"Two or more races",22,2,0
2020-08-03,Arlington,"Other Race",68,8,3
2020-08-03,Richmond,"Not Reported",591,2,0
2020-08-03,Norfolk,"Not Reported",961,2,0
2020-08-03,Alexandria,"Other Race",47,6,2
2020-08-03,"Virginia Beach",White,1426,99,29
2020-08-03,Chesapeake,"Two or more races",11,0,0
2020-08-03,Alleghany,White,317,29,19
2020-08-03,"Rappahannock Rapidan","Other Race",22,1,0
2020-08-03,Chickahominy,"Not Reported",228,2,2
2020-08-03,Portsmouth,Black,822,93,17
2020-08-03,Chickahominy,"Other Race",12,2,0
2020-08-03,"Virginia Beach",Latino,270,18,3
2020-08-03,Chesapeake,White,683,67,15
2020-08-03,Southside,Black,193,32,12
2020-08-03,Rappahannock,Latino,1034,99,7
2020-08-03,"Three Rivers","Two or more races",4,0,0
2020-08-03,Henrico,Black,1093,153,79
2020-08-03,Pittsylvania-Danville,Black,222,35,4
2020-08-03,"Lord Fairfax","Two or more races",11,0,0
2020-08-03,"Mount Rogers","Other Race",5,2,1
2020-08-03,"Prince William",Latino,4788,575,63
2020-08-03,"Central Shenandoah",Black,133,9,4
2020-08-03,Peninsula,White,569,77,24
2020-08-03,"Eastern Shore","Not Reported",86,0,0
2020-08-03,"Thomas Jefferson","Other Race",108,3,0
2020-08-03,Hampton,"Other Race",20,2,0
2020-08-03,"Lord Fairfax","Not Reported",308,4,6
2020-08-03,"Central Virginia","Other Race",5,0,0
2020-08-03,"Western Tidewater","Other Race",33,1,1
2020-08-03,Crater,Latino,163,8,3
2020-08-03,Chesapeake,Latino,191,14,1
2020-08-03,Chesterfield,White,738,85,61
2020-08-03,"Western Tidewater","Not Reported",552,3,1
2020-08-03,Fairfax,"Not Reported",2123,64,34
2020-08-03,Arlington,Black,274,71,32
2020-08-03,"Central Virginia",Latino,26,3,1
2020-08-03,"Three Rivers",Black,282,26,6
2020-08-03,Alexandria,"Not Reported",174,6,1
2020-08-03,"Prince William","Two or more races",25,1,0
2020-08-03,Loudoun,"Two or more races",32,0,0
2020-08-03,Peninsula,"Other Race",84,3,0
2020-08-03,"Thomas Jefferson",White,631,50,25
2020-08-03,Norfolk,"Other Race",56,2,1
2020-08-03,"Prince William","Not Reported",3579,23,0
2020-08-03,"West Piedmont",White,327,42,7
2020-08-03,Rappahannock,Black,457,61,11
2020-08-03,Norfolk,Black,1569,117,17
2020-08-03,Roanoke,Latino,224,5,0
2020-08-03,Piedmont,Latino,66,6,1
2020-08-03,Roanoke,"Not Reported",497,0,0
2020-08-03,Arlington,"Two or more races",22,2,0
2020-08-03,"Virginia Beach","Other Race",65,2,0
2020-08-03,Alexandria,White,526,50,33
2020-08-03,"Lord Fairfax","Other Race",60,6,1
2020-08-03,"Thomas Jefferson","Not Reported",140,1,0
2020-08-03,"Virginia Beach","Not Reported",1354,7,3
2020-08-03,Loudoun,Black,220,25,5
2020-08-03,Pittsylvania-Danville,Latino,44,2,0
2020-08-03,"Cumberland Plateau","Not Reported",4,0,0
2020-08-03,Chesterfield,"Not Reported",1797,2,9
2020-08-03,"Mount Rogers",White,916,106,46
2020-08-03,Richmond,White,345,27,6
2020-08-03,Lenowisco,"Not Reported",36,3,1
2020-08-03,Piedmont,"Not Reported",500,12,1
2020-08-03,"Three Rivers",Latino,140,5,1
2020-08-03,"Mount Rogers",Latino,244,3,0
2020-08-03,Crater,White,429,40,15
2020-08-03,"Central Shenandoah","Two or more races",12,1,0
2020-08-03,Arlington,White,835,117,66
2020-08-03,Pittsylvania-Danville,"Other Race",0,0,0
2020-08-03,Chickahominy,Black,165,39,11
2020-08-03,Fairfax,Black,1084,195,54
2020-08-03,"Eastern Shore",Latino,253,10,3
2020-08-03,Norfolk,White,439,32,8
2020-08-03,Alleghany,"Two or more races",2,0,0
2020-08-03,"Mount Rogers","Two or more races",4,0,0
2020-08-03,Southside,White,153,25,17
2020-08-03,"Thomas Jefferson","Two or more races",19,0,0
2020-08-03,"Prince William",Black,924,144,43
2020-08-03,"Lord Fairfax",White,1377,154,63
2020-08-03,"Cumberland Plateau",Latino,2,0,0
2020-08-03,Arlington,"Not Reported",245,4,0
2020-08-03,Rappahannock,"Other Race",59,4,0
2020-08-03,"Rappahannock Rapidan",Black,117,20,6
2020-08-03,"New River","Two or more races",2,0,0
2020-08-03,Arlington,Latino,1362,212,23
2020-08-03,Henrico,White,879,90,89
2020-08-03,Loudoun,White,1092,108,81
2020-08-03,Hampton,White,120,9,1
2020-08-03,Alleghany,Black,31,3,1
2020-08-03,"Prince William",White,1160,152,80
2020-08-03,Rappahannock,White,747,89,32
2020-08-03,Portsmouth,"Two or more races",8,1,0
2020-08-03,Southside,"Other Race",8,0,1
2020-08-03,"Western Tidewater",Black,817,78,35
2020-08-03,Hampton,Latino,44,4,0
2020-08-03,Henrico,"Not Reported",729,3,4
2020-08-03,"West Piedmont","Two or more races",0,0,0
2020-08-03,Peninsula,"Not Reported",1070,2,0
2020-08-03,Loudoun,Latino,1495,152,12
2020-08-03,Alexandria,Black,512,74,13
2020-08-03,Piedmont,Black,410,54,12
2020-08-03,Roanoke,"Other Race",4,0,0
2020-08-03,"Western Tidewater",Latino,22,1,1
2020-08-03,Alexandria,"Two or more races",6,1,0
2020-08-03,Rappahannock,"Not Reported",953,26,0
2020-08-03,"West Piedmont","Other Race",3,1,1
2020-08-03,Chickahominy,White,433,79,31
2020-08-03,"Thomas Jefferson",Latino,533,25,0
2020-08-03,"Cumberland Plateau",Black,14,0,0
2020-08-03,"Lord Fairfax",Latino,621,40,8
2020-08-03,"West Piedmont",Latino,197,8,0
2020-08-03,"Cumberland Plateau",White,244,21,1
2020-08-03,"Eastern Shore","Other Race",13,1,0
2020-08-03,"Cumberland Plateau","Two or more races",4,0,0
2020-08-03,Piedmont,"Other Race",9,0,0
2020-08-03,Pittsylvania-Danville,"Two or more races",0,0,0
2020-08-03,Alexandria,Latino,1480,122,9
2020-08-03,Chesapeake,Black,943,119,9
2020-08-03,Richmond,"Other Race",99,7,2
2020-08-03,Henrico,Latino,712,51,7
2020-08-03,Piedmont,"Two or more races",4,2,0
2020-08-03,"Prince William","Other Race",280,14,0
2020-08-03,"New River","Not Reported",66,1,0
2020-08-03,"Rappahannock Rapidan",White,484,40,12
2020-08-03,"Central Virginia","Not Reported",765,4,0
2020-08-03,"Virginia Beach","Two or more races",31,2,0
2020-08-03,Fairfax,Latino,8201,913,73
2020-08-03,"Lord Fairfax",Black,106,11,6
2020-08-03,Pittsylvania-Danville,White,148,22,4
2020-08-03,Chesterfield,"Asian or Pacific Islander",41,2,0
2020-08-03,Crater,"Asian or Pacific Islander",8,0,0
2020-08-03,Fairfax,"Asian or Pacific Islander",1300,237,71
2020-08-03,Hampton,"Asian or Pacific Islander",9,0,0
2020-08-03,"Rappahannock Rapidan","Asian or Pacific Islander",5,1,0
2020-08-03,"New River","Asian or Pacific Islander",6,0,0
2020-08-03,"Mount Rogers","Asian or Pacific Islander",3,1,0
2020-08-03,"Central Virginia","Asian or Pacific Islander",7,0,0
2020-08-03,"Lord Fairfax","Asian or Pacific Islander",8,0,0
2020-08-03,Southside,"Asian or Pacific Islander",1,0,0
2020-08-03,Portsmouth,"Asian or Pacific Islander",10,2,0
2020-08-03,Alleghany,"Asian or Pacific Islander",5,0,0
2020-08-03,Roanoke,"Asian or Pacific Islander",6,0,0
2020-08-03,Richmond,"Asian or Pacific Islander",16,3,1
2020-08-03,"Thomas Jefferson","Asian or Pacific Islander",32,0,1
2020-08-03,"Virginia Beach","Asian or Pacific Islander",151,17,2
2020-08-03,Henrico,"Asian or Pacific Islander",138,8,3
2020-08-03,Piedmont,"Asian or Pacific Islander",4,0,0
2020-08-03,"Western Tidewater","Asian or Pacific Islander",11,2,0
2020-08-03,"West Piedmont","Asian or Pacific Islander",12,1,1
2020-08-03,Chickahominy,"Asian or Pacific Islander",7,1,0
2020-08-03,Peninsula,"Asian or Pacific Islander",23,4,2
2020-08-03,Norfolk,"Asian or Pacific Islander",34,2,0
2020-08-03,Loudoun,"Asian or Pacific Islander",245,41,11
2020-08-03,Arlington,"Asian or Pacific Islander",136,22,12
2020-08-03,Alexandria,"Asian or Pacific Islander",97,10,1
2020-08-03,Rappahannock,"Asian or Pacific Islander",51,9,1
2020-08-03,Chesapeake,"Asian or Pacific Islander",42,8,3
2020-08-03,"Cumberland Plateau and Lenowisco","Asian or Pacific Islander",1,0,0
2020-08-03,"Central Shenandoah","Asian or Pacific Islander",19,2,0
2020-08-03,"Prince William","Asian or Pacific Islander",331,45,14
2020-08-03,Pittsylvania-Danville,"Asian or Pacific Islander",3,0,0
2020-08-03,"Eastern Shore and Three Rivers","Asian or Pacific Islander",8,1,0
2020-08-03,Piedmont,"Native American",1,0,0
2020-08-03,"New River","Native American",0,0,0
2020-08-03,"Central Shenandoah","Native American",3,1,0
2020-08-03,"Eastern Shore and Three Rivers","Native American",1,0,0
2020-08-03,Fairfax,"Native American",28,1,1
2020-08-03,Chesapeake,"Native American",9,0,0
2020-08-03,"Western Tidewater","Native American",1,0,0
2020-08-03,Portsmouth,"Native American",2,1,0
2020-08-03,Richmond,"Native American",0,0,0
2020-08-03,Chickahominy,"Native American",4,1,0
2020-08-03,"Thomas Jefferson","Native American",2,0,0
2020-08-03,Arlington,"Native American",3,0,0
2020-08-03,"Virginia Beach","Native American",3,0,0
2020-08-03,Peninsula,"Native American",3,0,0
2020-08-03,Hampton,"Native American",0,0,0
2020-08-03,"West Piedmont","Native American",2,0,0
2020-08-03,"Cumberland Plateau, Lenowisco, and Mount Rogers","Native American",1,0,0
2020-08-03,Henrico,"Native American",7,0,0
2020-08-03,Norfolk,"Native American",3,0,0
2020-08-03,"Prince William","Native American",13,1,0
2020-08-03,"Central Virginia","Native American",1,0,0
2020-08-03,Chesterfield,"Native American",3,0,0
2020-08-03,Rappahannock,"Native American",3,0,0
2020-08-03,Loudoun,"Native American",2,0,0
2020-08-03,Alexandria,"Native American",2,0,0
2020-08-03,"Alleghany and Roanoke","Native American",0,0,0
2020-08-03,Crater,"Native American",5,0,0
2020-08-03,"Rappahannock Rapidan","Native American",1,0,0
2020-08-03,"Lord Fairfax","Native American",2,1,1
2020-08-03,"Pittsylvania-Danville and Southside","Native American",0,0,0
2020-08-04,"Rappahannock Rapidan","Not Reported",504,11,2
2020-08-04,Portsmouth,"Other Race",40,2,1
2020-08-04,"Western Tidewater","Two or more races",8,0,0
2020-08-04,Piedmont,White,381,43,14
2020-08-04,Chesterfield,Latino,1050,68,5
2020-08-04,Lenowisco,White,235,29,6
2020-08-04,Hampton,"Not Reported",423,0,0
2020-08-04,Lenowisco,"Two or more races",0,0,0
2020-08-04,Roanoke,Black,62,7,2
2020-08-04,Southside,"Not Reported",280,8,4
2020-08-04,Hampton,Black,468,34,6
2020-08-04,Alleghany,"Other Race",4,0,0
2020-08-04,Lenowisco,Latino,3,0,0
2020-08-04,Loudoun,"Other Race",126,10,2
2020-08-04,"Central Shenandoah",Latino,858,53,4
2020-08-04,"Rappahannock Rapidan",Latino,705,58,6
2020-08-04,Norfolk,Latino,257,18,0
2020-08-04,"Eastern Shore",Black,822,95,25
2020-08-04,Richmond,Black,834,157,23
2020-08-04,Hampton,"Two or more races",8,0,0
2020-08-04,Henrico,"Two or more races",16,1,0
2020-08-04,Fairfax,"Two or more races",45,5,0
2020-08-04,Alleghany,"Not Reported",423,1,0
2020-08-04,Portsmouth,"Not Reported",454,4,0
2020-08-04,"Cumberland Plateau","Other Race",0,0,0
2020-08-04,Southside,"Two or more races",22,0,0
2020-08-04,Portsmouth,White,198,13,5
2020-08-04,"Rappahannock Rapidan","Two or more races",17,2,0
2020-08-04,Fairfax,White,2698,438,287
2020-08-04,Fairfax,"Other Race",594,72,17
2020-08-04,Crater,"Two or more races",3,0,0
2020-08-04,"West Piedmont","Not Reported",209,18,0
2020-08-04,Henrico,"Other Race",80,11,0
2020-08-04,"Central Virginia",Black,87,19,3
2020-08-04,"Three Rivers",White,374,31,8
2020-08-04,"Three Rivers","Other Race",8,3,0
2020-08-04,Lenowisco,"Other Race",1,0,0
2020-08-04,"Western Tidewater",White,424,47,39
2020-08-04,"Mount Rogers",Black,37,6,2
2020-08-04,"Three Rivers","Not Reported",185,2,0
2020-08-04,"Thomas Jefferson",Black,333,58,11
2020-08-04,"Eastern Shore",White,198,19,16
2020-08-04,"Central Virginia",White,242,30,7
2020-08-04,Lenowisco,Black,3,0,0
2020-08-04,"Central Virginia","Two or more races",0,0,0
2020-08-04,Richmond,"Two or more races",8,0,0
2020-08-04,Crater,"Not Reported",463,8,4
2020-08-04,Chesterfield,"Two or more races",11,2,0
2020-08-04,"New River",Latino,54,4,0
2020-08-04,Richmond,Latino,1107,86,7
2020-08-04,Portsmouth,Latino,52,11,1
2020-08-04,Pittsylvania-Danville,"Not Reported",301,6,1
2020-08-04,Chesapeake,"Not Reported",716,3,0
2020-08-04,Chickahominy,Latino,67,4,0
2020-08-04,Crater,Black,1117,155,43
2020-08-04,Chesterfield,Black,629,86,25
2020-08-04,Chesterfield,"Other Race",179,7,0
2020-08-04,Peninsula,Black,695,59,16
2020-08-04,Roanoke,White,118,7,12
2020-08-04,"New River",Black,31,3,0
2020-08-04,Peninsula,Latino,258,18,0
2020-08-04,Southside,Latino,4,0,0
2020-08-04,Rappahannock,"Two or more races",19,1,0
2020-08-04,"Virginia Beach",Black,1157,66,10
2020-08-04,"Mount Rogers","Not Reported",60,1,1
2020-08-04,Loudoun,"Not Reported",1856,3,1
2020-08-04,Chesapeake,"Other Race",37,2,1
2020-08-04,Chickahominy,"Two or more races",1,1,0
2020-08-04,Crater,"Other Race",24,0,0
2020-08-04,Norfolk,"Two or more races",31,0,0
2020-08-04,"Eastern Shore","Two or more races",1,1,0
2020-08-04,"Central Shenandoah",White,1416,137,45
2020-08-04,"New River","Other Race",3,1,0
2020-08-04,"New River",White,301,23,7
2020-08-04,"Central Shenandoah","Other Race",39,1,0
2020-08-04,"West Piedmont",Black,221,46,4
2020-08-04,Alleghany,Latino,92,6,0
2020-08-04,"Central Shenandoah","Not Reported",224,3,1
2020-08-04,Roanoke,"Two or more races",1,0,0
2020-08-04,Peninsula,"Two or more races",22,2,0
2020-08-04,Arlington,"Other Race",69,8,3
2020-08-04,Richmond,"Not Reported",601,2,0
2020-08-04,Norfolk,"Not Reported",956,2,0
2020-08-04,Alexandria,"Other Race",47,6,2
2020-08-04,"Virginia Beach",White,1474,102,30
2020-08-04,Chesapeake,"Two or more races",13,0,0
2020-08-04,Alleghany,White,315,30,16
2020-08-04,"Rappahannock Rapidan","Other Race",22,1,0
2020-08-04,Chickahominy,"Not Reported",230,3,2
2020-08-04,Portsmouth,Black,866,95,17
2020-08-04,Chickahominy,"Other Race",12,2,0
2020-08-04,"Virginia Beach",Latino,272,18,3
2020-08-04,Chesapeake,White,713,67,16
2020-08-04,Southside,Black,196,32,13
2020-08-04,Rappahannock,Latino,1038,99,7
2020-08-04,"Three Rivers","Two or more races",4,0,0
2020-08-04,Pittsylvania-Danville,Black,225,36,4
2020-08-04,"Lord Fairfax","Two or more races",11,0,0
2020-08-04,"Mount Rogers","Other Race",5,2,1
2020-08-04,"Prince William",Latino,4821,575,63
2020-08-04,"Central Shenandoah",Black,133,9,4
2020-08-04,Peninsula,White,586,77,25
2020-08-04,"Eastern Shore","Not Reported",85,0,0
2020-08-04,"Thomas Jefferson","Other Race",108,3,0
2020-08-04,Hampton,"Other Race",21,2,0
2020-08-04,"Lord Fairfax","Not Reported",308,4,6
2020-08-04,"Central Virginia","Other Race",6,0,0
2020-08-04,"Western Tidewater","Other Race",33,1,1
2020-08-04,Crater,Latino,163,9,3
2020-08-04,Chesapeake,Latino,192,14,1
2020-08-04,Chesterfield,White,748,85,61
2020-08-04,"Western Tidewater","Not Reported",567,3,1
2020-08-04,Fairfax,"Not Reported",2136,61,34
2020-08-04,Arlington,Black,279,71,32
2020-08-04,"Central Virginia",Latino,26,3,1
2020-08-04,"Three Rivers",Black,284,27,6
2020-08-04,Alexandria,"Not Reported",179,6,1
2020-08-04,"Prince William","Two or more races",24,1,0
2020-08-04,Loudoun,"Two or more races",32,0,0
2020-08-04,Peninsula,"Other Race",87,3,0
2020-08-04,"Thomas Jefferson",White,645,50,26
2020-08-04,Norfolk,"Other Race",59,2,1
2020-08-04,"Prince William","Not Reported",3598,23,0
2020-08-04,"West Piedmont",White,333,43,7
2020-08-04,Rappahannock,Black,464,63,12
2020-08-04,Norfolk,Black,1622,122,17
2020-08-04,Roanoke,Latino,227,7,0
2020-08-04,Piedmont,Latino,66,6,1
2020-08-04,Roanoke,"Not Reported",495,0,0
2020-08-04,Arlington,"Two or more races",22,2,0
2020-08-04,"Virginia Beach","Other Race",66,2,0
2020-08-04,Alexandria,White,530,50,33
2020-08-04,"Lord Fairfax","Other Race",60,6,1
2020-08-04,"Thomas Jefferson","Not Reported",143,1,0
2020-08-04,"Virginia Beach","Not Reported",1363,7,4
2020-08-04,Loudoun,Black,222,25,5
2020-08-04,Pittsylvania-Danville,Latino,44,2,0
2020-08-04,"Cumberland Plateau","Not Reported",5,0,0
2020-08-04,Chesterfield,"Not Reported",1799,2,9
2020-08-04,"Mount Rogers",White,923,108,47
2020-08-04,Richmond,White,348,27,6
2020-08-04,Lenowisco,"Not Reported",36,3,1
2020-08-04,Piedmont,"Not Reported",505,12,1
2020-08-04,"Three Rivers",Latino,142,5,1
2020-08-04,"Mount Rogers",Latino,244,3,0
2020-08-04,Crater,White,432,41,15
2020-08-04,"Central Shenandoah","Two or more races",12,1,0
2020-08-04,Arlington,White,837,117,66
2020-08-04,Pittsylvania-Danville,"Other Race",0,0,0
2020-08-04,Chickahominy,Black,170,39,11
2020-08-04,Fairfax,Black,1095,196,54
2020-08-04,"Eastern Shore",Latino,254,10,3
2020-08-04,Norfolk,White,462,32,8
2020-08-04,Alleghany,"Two or more races",2,0,0
2020-08-04,"Mount Rogers","Two or more races",4,0,0
2020-08-04,Southside,White,155,25,17
2020-08-04,"Thomas Jefferson","Two or more races",19,0,0
2020-08-04,"Prince William",Black,947,145,43
2020-08-04,"Lord Fairfax",White,1386,155,63
2020-08-04,"Cumberland Plateau",Latino,2,0,0
2020-08-04,Arlington,"Not Reported",262,4,0
2020-08-04,Rappahannock,"Other Race",58,4,0
2020-08-04,"Rappahannock Rapidan",Black,118,20,6
2020-08-04,"New River","Two or more races",2,0,0
2020-08-04,Arlington,Latino,1364,212,23
2020-08-04,Henrico,White,898,92,89
2020-08-04,Loudoun,White,1105,108,82
2020-08-04,Hampton,White,129,9,1
2020-08-04,Alleghany,Black,31,3,1
2020-08-04,"Prince William",White,1176,152,80
2020-08-04,Rappahannock,White,757,91,32
2020-08-04,Portsmouth,"Two or more races",8,1,0
2020-08-04,Southside,"Other Race",8,0,1
2020-08-04,"Western Tidewater",Black,835,78,35
2020-08-04,Hampton,Latino,44,4,0
2020-08-04,Henrico,"Not Reported",728,3,4
2020-08-04,"West Piedmont","Two or more races",0,0,0
2020-08-04,Peninsula,"Not Reported",1102,2,0
2020-08-04,Loudoun,Latino,1502,152,12
2020-08-04,Alexandria,Black,521,77,14
2020-08-04,Piedmont,Black,411,54,13
2020-08-04,Roanoke,"Other Race",4,0,0
2020-08-04,"Western Tidewater",Latino,22,1,1
2020-08-04,Alexandria,"Two or more races",6,1,0
2020-08-04,Rappahannock,"Not Reported",966,26,0
2020-08-04,"West Piedmont","Other Race",3,1,1
2020-08-04,Chickahominy,White,438,79,31
2020-08-04,"Thomas Jefferson",Latino,541,25,1
2020-08-04,"Cumberland Plateau",Black,14,0,0
2020-08-04,"Lord Fairfax",Latino,624,40,8
2020-08-04,"West Piedmont",Latino,197,8,0
2020-08-04,"Cumberland Plateau",White,251,22,1
2020-08-04,"Eastern Shore","Other Race",13,1,0
2020-08-04,"Cumberland Plateau","Two or more races",4,0,0
2020-08-04,Piedmont,"Other Race",9,0,0
2020-08-04,Pittsylvania-Danville,"Two or more races",0,0,0
2020-08-04,Alexandria,Latino,1483,123,9
2020-08-04,Chesapeake,Black,967,123,9
2020-08-04,Richmond,"Other Race",100,7,2
2020-08-04,Henrico,Latino,721,52,7
2020-08-04,Piedmont,"Two or more races",4,2,0
2020-08-04,"Prince William","Other Race",290,14,0
2020-08-04,"New River","Not Reported",66,1,0
2020-08-04,"Rappahannock Rapidan",White,491,40,12
2020-08-04,"Central Virginia","Not Reported",786,4,0
2020-08-04,"Virginia Beach","Two or more races",32,2,0
2020-08-04,Fairfax,Latino,8224,915,74
2020-08-04,"Lord Fairfax",Black,106,11,6
2020-08-04,Pittsylvania-Danville,White,154,22,4
2020-08-04,Chesterfield,"Asian or Pacific Islander",41,2,0
2020-08-04,Crater,"Asian or Pacific Islander",8,0,0
2020-08-04,Fairfax,"Asian or Pacific Islander",1307,239,73
2020-08-04,Hampton,"Asian or Pacific Islander",10,0,0
2020-08-04,"Rappahannock Rapidan","Asian or Pacific Islander",5,1,0
2020-08-04,"New River","Asian or Pacific Islander",6,0,0
2020-08-04,"Mount Rogers","Asian or Pacific Islander",3,1,0
2020-08-04,"Central Virginia","Asian or Pacific Islander",7,0,0
2020-08-04,"Lord Fairfax","Asian or Pacific Islander",8,0,0
2020-08-04,Southside,"Asian or Pacific Islander",1,0,0
2020-08-04,Portsmouth,"Asian or Pacific Islander",11,2,0
2020-08-04,Alleghany,"Asian or Pacific Islander",5,0,0
2020-08-04,Roanoke,"Asian or Pacific Islander",6,0,0
2020-08-04,Richmond,"Asian or Pacific Islander",17,3,1
2020-08-04,"Thomas Jefferson","Asian or Pacific Islander",33,0,1
2020-08-04,"Virginia Beach","Asian or Pacific Islander",162,18,2
2020-08-04,Henrico,"Asian or Pacific Islander",141,8,3
2020-08-04,Piedmont,"Asian or Pacific Islander",4,0,0
2020-08-04,"Western Tidewater","Asian or Pacific Islander",11,2,0
2020-08-04,"West Piedmont","Asian or Pacific Islander",12,1,1
2020-08-04,Chickahominy,"Asian or Pacific Islander",7,1,0
2020-08-04,Peninsula,"Asian or Pacific Islander",23,4,2
2020-08-04,Norfolk,"Asian or Pacific Islander",35,2,0
2020-08-04,Loudoun,"Asian or Pacific Islander",248,41,11
2020-08-04,Arlington,"Asian or Pacific Islander",137,22,12
2020-08-04,Alexandria,"Asian or Pacific Islander",99,10,1
2020-08-04,Rappahannock,"Asian or Pacific Islander",51,9,1
2020-08-04,Chesapeake,"Asian or Pacific Islander",42,8,3
2020-08-04,"Cumberland Plateau and Lenowisco","Asian or Pacific Islander",1,0,0
2020-08-04,"Central Shenandoah","Asian or Pacific Islander",24,2,0
2020-08-04,"Prince William","Asian or Pacific Islander",335,45,14
2020-08-04,Pittsylvania-Danville,"Asian or Pacific Islander",3,0,0
2020-08-04,"Eastern Shore and Three Rivers","Asian or Pacific Islander",8,1,0
2020-08-04,Piedmont,"Native American",1,0,0
2020-08-04,"New River","Native American",0,0,0
2020-08-04,"Central Shenandoah","Native American",3,1,0
2020-08-04,"Eastern Shore and Three Rivers","Native American",1,0,0
2020-08-04,Fairfax,"Native American",28,1,1
2020-08-04,Chesapeake,"Native American",9,0,0
2020-08-04,"Western Tidewater","Native American",1,0,0
2020-08-04,Portsmouth,"Native American",2,1,0
2020-08-04,Richmond,"Native American",0,0,0
2020-08-04,Chickahominy,"Native American",4,1,0
2020-08-04,"Thomas Jefferson","Native American",2,0,0
2020-08-04,Arlington,"Native American",3,0,0
2020-08-04,"Virginia Beach","Native American",3,0,0
2020-08-04,Peninsula,"Native American",3,0,0
2020-08-04,Hampton,"Native American",0,0,0
2020-08-04,"West Piedmont","Native American",3,0,0
2020-08-04,"Cumberland Plateau, Lenowisco, and Mount Rogers","Native American",1,0,0
2020-08-04,Henrico,"Native American",7,0,0
2020-08-04,Norfolk,"Native American",3,0,0
2020-08-04,"Prince William","Native American",14,1,0
2020-08-04,"Central Virginia","Native American",1,0,0
2020-08-04,Chesterfield,"Native American",3,0,0
2020-08-04,Rappahannock,"Native American",3,0,0
2020-08-04,Loudoun,"Native American",2,0,0
2020-08-04,Alexandria,"Native American",2,0,0
2020-08-04,"Alleghany and Roanoke","Native American",0,0,0
2020-08-04,Crater,"Native American",5,0,0
2020-08-04,"Rappahannock Rapidan","Native American",1,0,0
2020-08-04,"Lord Fairfax","Native American",2,1,1
2020-08-04,"Pittsylvania-Danville and Southside","Native American",0,0,0
2020-08-05,"Rappahannock Rapidan","Not Reported",504,11,2
2020-08-05,Portsmouth,"Other Race",43,2,1
2020-08-05,"Western Tidewater","Two or more races",11,0,0
2020-08-05,Piedmont,White,383,44,14
2020-08-05,Chesterfield,Latino,1057,68,5
2020-08-05,Lenowisco,White,246,30,6
2020-08-05,Hampton,"Not Reported",435,0,0
2020-08-05,Lenowisco,"Two or more races",0,0,0
2020-08-05,Roanoke,Black,62,7,2
2020-08-05,Southside,"Not Reported",295,8,4
2020-08-05,Hampton,Black,474,34,6
2020-08-05,Alleghany,"Other Race",3,0,0
2020-08-05,Lenowisco,Latino,3,0,0
2020-08-05,Loudoun,"Other Race",126,11,2
2020-08-05,"Central Shenandoah",Latino,860,53,4
2020-08-05,"Rappahannock Rapidan",Latino,706,58,6
2020-08-05,Norfolk,Latino,260,18,0
2020-08-05,"Eastern Shore",Black,823,95,25
2020-08-05,Richmond,Black,847,161,23
2020-08-05,Hampton,"Two or more races",8,0,0
2020-08-05,Henrico,"Two or more races",16,1,0
2020-08-05,Fairfax,"Two or more races",45,5,0
2020-08-05,Alleghany,"Not Reported",432,1,0
2020-08-05,Portsmouth,"Not Reported",463,4,0
2020-08-05,"Cumberland Plateau","Other Race",1,1,0
2020-08-05,Southside,"Two or more races",22,0,0
2020-08-05,Portsmouth,White,202,13,5
2020-08-05,"Rappahannock Rapidan","Two or more races",17,2,0
2020-08-05,Fairfax,White,2713,439,289
2020-08-05,Fairfax,"Other Race",596,71,17
2020-08-05,Crater,"Two or more races",3,0,0
2020-08-05,"West Piedmont","Not Reported",202,18,0
2020-08-05,Henrico,"Other Race",81,11,0
2020-08-05,"Central Virginia",Black,90,20,4
2020-08-05,"Three Rivers",White,378,31,8
2020-08-05,"Three Rivers","Other Race",8,3,0
2020-08-05,Lenowisco,"Other Race",1,0,0
2020-08-05,"Western Tidewater",White,428,47,39
2020-08-05,"Mount Rogers",Black,37,6,2
2020-08-05,"Three Rivers","Not Reported",183,2,0
2020-08-05,"Thomas Jefferson",Black,335,58,11
2020-08-05,"Eastern Shore",White,200,20,16
2020-08-05,"Central Virginia",White,250,30,8
2020-08-05,Lenowisco,Black,4,1,0
2020-08-05,"Central Virginia","Two or more races",0,0,0
2020-08-05,Richmond,"Two or more races",8,0,0
2020-08-05,Crater,"Not Reported",464,8,3
2020-08-05,Chesterfield,"Two or more races",11,2,0
2020-08-05,"New River",Latino,54,4,0
2020-08-05,Richmond,Latino,1106,86,7
2020-08-05,Portsmouth,Latino,52,11,1
2020-08-05,Pittsylvania-Danville,"Not Reported",306,6,1
2020-08-05,Chesapeake,"Not Reported",714,4,0
2020-08-05,Chickahominy,Latino,67,4,0
2020-08-05,Crater,Black,1125,157,46
2020-08-05,Chesterfield,Black,642,86,25
2020-08-05,Chesterfield,"Other Race",180,7,0
2020-08-05,Peninsula,Black,700,59,16
2020-08-05,Roanoke,White,122,7,12
2020-08-05,"New River",Black,31,3,0
2020-08-05,Peninsula,Latino,259,18,0
2020-08-05,Southside,Latino,4,0,0
2020-08-05,Rappahannock,"Two or more races",20,1,0
2020-08-05,"Virginia Beach",Black,1173,66,10
2020-08-05,"Mount Rogers","Not Reported",59,1,1
2020-08-05,Loudoun,"Not Reported",1851,3,1
2020-08-05,Chesapeake,"Other Race",37,2,1
2020-08-05,Chickahominy,"Two or more races",1,1,0
2020-08-05,Crater,"Other Race",25,0,0
2020-08-05,Norfolk,"Two or more races",31,0,0
2020-08-05,"Eastern Shore","Two or more races",1,1,0
2020-08-05,"Central Shenandoah",White,1429,137,46
2020-08-05,"New River","Other Race",3,1,0
2020-08-05,"New River",White,304,23,7
2020-08-05,"Central Shenandoah","Other Race",38,1,0
2020-08-05,"West Piedmont",Black,235,47,5
2020-08-05,Alleghany,Latino,93,6,0
2020-08-05,"Central Shenandoah","Not Reported",219,3,1
2020-08-05,Roanoke,"Two or more races",1,0,0
2020-08-05,Peninsula,"Two or more races",23,2,0
2020-08-05,Arlington,"Other Race",73,8,3
2020-08-05,Richmond,"Not Reported",601,2,0
2020-08-05,Norfolk,"Not Reported",954,2,0
2020-08-05,Alexandria,"Other Race",48,6,2
2020-08-05,"Virginia Beach",White,1496,105,30
2020-08-05,Chesapeake,"Two or more races",14,0,0
2020-08-05,Alleghany,White,315,30,17
2020-08-05,"Rappahannock Rapidan","Other Race",24,1,0
2020-08-05,Chickahominy,"Not Reported",228,2,2
2020-08-05,Portsmouth,Black,882,96,17
2020-08-05,Chickahominy,"Other Race",12,2,0
2020-08-05,"Virginia Beach",Latino,274,18,3
2020-08-05,Chesapeake,White,718,66,18
2020-08-05,Southside,Black,202,32,13
2020-08-05,Rappahannock,Latino,1040,98,7
2020-08-05,"Three Rivers","Two or more races",4,0,0
2020-08-05,Henrico,Black,1105,154,79
2020-08-05,Pittsylvania-Danville,Black,227,37,4
2020-08-05,"Lord Fairfax","Two or more races",11,0,0
2020-08-05,"Mount Rogers","Other Race",5,2,1
2020-08-05,"Prince William",Latino,4857,577,64
2020-08-05,"Central Shenandoah",Black,134,9,4
2020-08-05,Peninsula,White,590,77,25
2020-08-05,"Eastern Shore","Not Reported",85,0,0
2020-08-05,"Thomas Jefferson","Other Race",109,3,0
2020-08-05,Hampton,"Other Race",22,2,0
2020-08-05,"Lord Fairfax","Not Reported",303,4,6
2020-08-05,"Central Virginia","Other Race",7,0,0
2020-08-05,"Western Tidewater","Other Race",37,1,1
2020-08-05,Crater,Latino,165,9,4
2020-08-05,Chesapeake,Latino,194,15,1
2020-08-05,Chesterfield,White,764,85,61
2020-08-05,"Western Tidewater","Not Reported",578,3,1
2020-08-05,Fairfax,"Not Reported",2128,57,33
2020-08-05,Arlington,Black,282,71,32
2020-08-05,"Central Virginia",Latino,26,3,1
2020-08-05,"Three Rivers",Black,289,27,7
2020-08-05,Alexandria,"Not Reported",180,6,1
2020-08-05,"Prince William","Two or more races",26,1,0
2020-08-05,Loudoun,"Two or more races",32,0,0
2020-08-05,Peninsula,"Other Race",89,3,0
2020-08-05,"Thomas Jefferson",White,648,50,27
2020-08-05,Norfolk,"Other Race",60,2,1
2020-08-05,"Prince William","Not Reported",3590,23,0
2020-08-05,"West Piedmont",White,340,44,8
2020-08-05,Rappahannock,Black,469,63,12
2020-08-05,Norfolk,Black,1673,123,18
2020-08-05,Roanoke,Latino,228,7,0
2020-08-05,Piedmont,Latino,66,6,1
2020-08-05,Roanoke,"Not Reported",505,0,0
2020-08-05,Arlington,"Two or more races",22,2,0
2020-08-05,"Virginia Beach","Other Race",68,2,0
2020-08-05,Alexandria,White,531,50,33
2020-08-05,"Lord Fairfax","Other Race",60,6,1
2020-08-05,"Thomas Jefferson","Not Reported",141,1,0
2020-08-05,"Virginia Beach","Not Reported",1371,8,4
2020-08-05,Loudoun,Black,224,25,5
2020-08-05,Pittsylvania-Danville,Latino,45,3,0
2020-08-05,"Cumberland Plateau","Not Reported",8,0,0
2020-08-05,Chesterfield,"Not Reported",1794,2,9
2020-08-05,"Mount Rogers",White,943,109,48
2020-08-05,Richmond,White,354,27,6
2020-08-05,Lenowisco,"Not Reported",36,3,1
2020-08-05,Piedmont,"Not Reported",533,12,1
2020-08-05,"Three Rivers",Latino,142,5,1
2020-08-05,"Mount Rogers",Latino,244,3,0
2020-08-05,Crater,White,437,41,15
2020-08-05,"Central Shenandoah","Two or more races",12,1,0
2020-08-05,Arlington,White,838,117,65
2020-08-05,Pittsylvania-Danville,"Other Race",0,0,0
2020-08-05,Chickahominy,Black,172,39,11
2020-08-05,Fairfax,Black,1101,197,55
2020-08-05,"Eastern Shore",Latino,254,10,3
2020-08-05,Norfolk,White,476,32,9
2020-08-05,Alleghany,"Two or more races",2,0,0
2020-08-05,"Mount Rogers","Two or more races",4,0,0
2020-08-05,Southside,White,157,25,17
2020-08-05,"Thomas Jefferson","Two or more races",19,0,0
2020-08-05,"Prince William",Black,959,150,44
2020-08-05,"Lord Fairfax",White,1396,156,63
2020-08-05,"Cumberland Plateau",Latino,2,0,0
2020-08-05,Arlington,"Not Reported",275,4,0
2020-08-05,Rappahannock,"Other Race",57,4,0
2020-08-05,"Rappahannock Rapidan",Black,122,20,6
2020-08-05,"New River","Two or more races",2,0,0
2020-08-05,Arlington,Latino,1367,212,23
2020-08-05,Henrico,White,901,93,89
2020-08-05,Loudoun,White,1120,108,82
2020-08-05,Hampton,White,133,9,1
2020-08-05,Alleghany,Black,32,3,1
2020-08-05,"Prince William",White,1194,153,80
2020-08-05,Rappahannock,White,769,91,35
2020-08-05,Portsmouth,"Two or more races",8,2,1
2020-08-05,Southside,"Other Race",8,0,1
2020-08-05,"Western Tidewater",Black,848,78,35
2020-08-05,Hampton,Latino,46,4,0
2020-08-05,Henrico,"Not Reported",738,3,4
2020-08-05,"West Piedmont","Two or more races",0,0,0
2020-08-05,Peninsula,"Not Reported",1115,2,0
2020-08-05,Loudoun,Latino,1509,152,12
2020-08-05,Alexandria,Black,524,78,14
2020-08-05,Piedmont,Black,414,55,13
2020-08-05,Roanoke,"Other Race",6,0,0
2020-08-05,"Western Tidewater",Latino,22,1,1
2020-08-05,Alexandria,"Two or more races",6,1,0
2020-08-05,Rappahannock,"Not Reported",978,27,0
2020-08-05,"West Piedmont","Other Race",3,1,1
2020-08-05,Chickahominy,White,445,80,32
2020-08-05,"Thomas Jefferson",Latino,541,25,2
2020-08-05,"Cumberland Plateau",Black,16,0,0
2020-08-05,"Lord Fairfax",Latino,626,40,8
2020-08-05,"West Piedmont",Latino,196,7,0
2020-08-05,"Cumberland Plateau",White,266,23,3
2020-08-05,"Eastern Shore","Other Race",13,1,0
2020-08-05,"Cumberland Plateau","Two or more races",4,0,0
2020-08-05,Piedmont,"Other Race",9,0,0
2020-08-05,Pittsylvania-Danville,"Two or more races",0,0,0
2020-08-05,Alexandria,Latino,1482,123,9
2020-08-05,Chesapeake,Black,985,126,10
2020-08-05,Richmond,"Other Race",101,7,2
2020-08-05,Henrico,Latino,725,52,7
2020-08-05,Piedmont,"Two or more races",4,2,0
2020-08-05,"Prince William","Other Race",289,14,0
2020-08-05,"New River","Not Reported",68,1,0
2020-08-05,"Rappahannock Rapidan",White,499,40,13
2020-08-05,"Central Virginia","Not Reported",816,5,0
2020-08-05,"Virginia Beach","Two or more races",34,2,0
2020-08-05,Fairfax,Latino,8237,914,74
2020-08-05,"Lord Fairfax",Black,107,12,6
2020-08-05,Pittsylvania-Danville,White,156,22,4
2020-08-05,Chesterfield,"Asian or Pacific Islander",42,2,0
2020-08-05,Crater,"Asian or Pacific Islander",9,0,0
2020-08-05,Fairfax,"Asian or Pacific Islander",1311,241,73
2020-08-05,Hampton,"Asian or Pacific Islander",10,0,0
2020-08-05,"Rappahannock Rapidan","Asian or Pacific Islander",5,1,0
2020-08-05,"New River","Asian or Pacific Islander",6,0,0
2020-08-05,"Mount Rogers","Asian or Pacific Islander",3,1,0
2020-08-05,"Central Virginia","Asian or Pacific Islander",7,0,0
2020-08-05,"Lord Fairfax","Asian or Pacific Islander",8,0,0
2020-08-05,Southside,"Asian or Pacific Islander",1,0,0
2020-08-05,Portsmouth,"Asian or Pacific Islander",11,2,0
2020-08-05,Alleghany,"Asian or Pacific Islander",5,0,0
2020-08-05,Roanoke,"Asian or Pacific Islander",8,0,0
2020-08-05,Richmond,"Asian or Pacific Islander",17,3,1
2020-08-05,"Thomas Jefferson","Asian or Pacific Islander",33,0,1
2020-08-05,"Virginia Beach","Asian or Pacific Islander",164,18,2
2020-08-05,Henrico,"Asian or Pacific Islander",141,8,3
2020-08-05,Piedmont,"Asian or Pacific Islander",5,0,0
2020-08-05,"Western Tidewater","Asian or Pacific Islander",11,2,0
2020-08-05,"West Piedmont","Asian or Pacific Islander",12,1,1
2020-08-05,Chickahominy,"Asian or Pacific Islander",7,1,0
2020-08-05,Peninsula,"Asian or Pacific Islander",23,4,3
2020-08-05,Norfolk,"Asian or Pacific Islander",35,2,0
2020-08-05,Loudoun,"Asian or Pacific Islander",253,41,11
2020-08-05,Arlington,"Asian or Pacific Islander",137,22,12
2020-08-05,Alexandria,"Asian or Pacific Islander",99,10,1
2020-08-05,Rappahannock,"Asian or Pacific Islander",51,9,1
2020-08-05,Chesapeake,"Asian or Pacific Islander",43,8,3
2020-08-05,"Cumberland Plateau and Lenowisco","Asian or Pacific Islander",1,0,0
2020-08-05,"Central Shenandoah","Asian or Pacific Islander",24,2,0
2020-08-05,"Prince William","Asian or Pacific Islander",336,45,14
2020-08-05,Pittsylvania-Danville,"Asian or Pacific Islander",3,0,0
2020-08-05,"Eastern Shore and Three Rivers","Asian or Pacific Islander",8,1,0
2020-08-05,Piedmont,"Native American",1,0,0
2020-08-05,"New River","Native American",0,0,0
2020-08-05,"Central Shenandoah","Native American",3,1,0
2020-08-05,"Eastern Shore and Three Rivers","Native American",1,0,0
2020-08-05,Fairfax,"Native American",29,1,1
2020-08-05,Chesapeake,"Native American",9,0,0
2020-08-05,"Western Tidewater","Native American",1,0,0
2020-08-05,Portsmouth,"Native American",2,1,0
2020-08-05,Richmond,"Native American",0,0,0
2020-08-05,Chickahominy,"Native American",4,1,0
2020-08-05,"Thomas Jefferson","Native American",2,0,0
2020-08-05,Arlington,"Native American",3,0,0
2020-08-05,"Virginia Beach","Native American",3,0,0
2020-08-05,Peninsula,"Native American",3,0,0
2020-08-05,Hampton,"Native American",1,0,0
2020-08-05,"West Piedmont","Native American",3,0,0
2020-08-05,"Cumberland Plateau, Lenowisco, and Mount Rogers","Native American",1,0,0
2020-08-05,Henrico,"Native American",7,0,0
2020-08-05,Norfolk,"Native American",4,0,0
2020-08-05,"Prince William","Native American",13,1,0
2020-08-05,"Central Virginia","Native American",1,0,0
2020-08-05,Chesterfield,"Native American",3,0,0
2020-08-05,Rappahannock,"Native American",3,0,0
2020-08-05,Loudoun,"Native American",2,0,0
2020-08-05,Alexandria,"Native American",2,0,0
2020-08-05,"Alleghany and Roanoke","Native American",0,0,0
2020-08-05,Crater,"Native American",5,0,0
2020-08-05,"Rappahannock Rapidan","Native American",1,0,0
2020-08-05,"Lord Fairfax","Native American",2,1,1
2020-08-05,"Pittsylvania-Danville and Southside","Native American",0,0,0
2020-08-06,"Rappahannock Rapidan","Not Reported",508,11,2
2020-08-06,Portsmouth,"Other Race",42,2,1
2020-08-06,"Western Tidewater","Two or more races",12,0,0
2020-08-06,Piedmont,White,385,44,15
2020-08-06,Chesterfield,Latino,1084,68,6
2020-08-06,Lenowisco,White,250,30,6
2020-08-06,Hampton,"Not Reported",436,0,0
2020-08-06,Lenowisco,"Two or more races",1,0,0
2020-08-06,Roanoke,Black,62,7,2
2020-08-06,Southside,"Not Reported",321,8,4
2020-08-06,Hampton,Black,475,34,6
2020-08-06,Alleghany,"Other Race",3,0,0
2020-08-06,Lenowisco,Latino,3,0,0
2020-08-06,Loudoun,"Other Race",126,11,2
2020-08-06,"Central Shenandoah",Latino,863,54,5
2020-08-06,"Rappahannock Rapidan",Latino,710,58,6
2020-08-06,Norfolk,Latino,261,18,0
2020-08-06,"Eastern Shore",Black,823,95,26
2020-08-06,Richmond,Black,861,164,25
2020-08-06,Hampton,"Two or more races",8,0,0
2020-08-06,Henrico,"Two or more races",16,1,0
2020-08-06,Fairfax,"Two or more races",47,5,0
2020-08-06,Alleghany,"Not Reported",459,1,0
2020-08-06,Portsmouth,"Not Reported",462,4,0
2020-08-06,"Cumberland Plateau","Other Race",1,1,0
2020-08-06,Southside,"Two or more races",22,0,0
2020-08-06,Portsmouth,White,203,13,5
2020-08-06,"Rappahannock Rapidan","Two or more races",19,2,0
2020-08-06,Fairfax,White,2734,440,287
2020-08-06,Fairfax,"Other Race",599,72,17
2020-08-06,Crater,"Two or more races",3,0,0
2020-08-06,"West Piedmont","Not Reported",213,23,0
2020-08-06,Henrico,"Other Race",82,11,0
2020-08-06,"Central Virginia",Black,95,21,4
2020-08-06,"Three Rivers",White,381,31,8
2020-08-06,"Three Rivers","Other Race",8,3,0
2020-08-06,Lenowisco,"Other Race",1,0,0
2020-08-06,"Western Tidewater",White,432,47,39
2020-08-06,"Mount Rogers",Black,39,6,2
2020-08-06,"Three Rivers","Not Reported",181,2,0
2020-08-06,"Thomas Jefferson",Black,339,58,11
2020-08-06,"Eastern Shore",White,200,20,16
2020-08-06,"Central Virginia",White,259,31,8
2020-08-06,Lenowisco,Black,4,1,0
2020-08-06,"Central Virginia","Two or more races",0,0,0
2020-08-06,Richmond,"Two or more races",7,0,0
2020-08-06,Crater,"Not Reported",475,8,4
2020-08-06,Chesterfield,"Two or more races",11,2,0
2020-08-06,"New River",Latino,58,4,0
2020-08-06,Richmond,Latino,1115,86,7
2020-08-06,Portsmouth,Latino,52,11,1
2020-08-06,Pittsylvania-Danville,"Not Reported",315,6,1
2020-08-06,Chesapeake,"Not Reported",728,4,0
2020-08-06,Chickahominy,Latino,69,4,0
2020-08-06,Crater,Black,1136,158,47
2020-08-06,Chesterfield,Black,652,86,25
2020-08-06,Chesterfield,"Other Race",178,7,0
2020-08-06,Peninsula,Black,701,59,16
2020-08-06,Roanoke,White,124,7,12
2020-08-06,"New River",Black,35,3,0
2020-08-06,Peninsula,Latino,261,18,0
2020-08-06,Southside,Latino,4,0,0
2020-08-06,Rappahannock,"Two or more races",20,1,0
2020-08-06,"Virginia Beach",Black,1188,66,10
2020-08-06,"Mount Rogers","Not Reported",62,1,1
2020-08-06,Loudoun,"Not Reported",1850,3,1
2020-08-06,Chesapeake,"Other Race",41,2,1
2020-08-06,Chickahominy,"Two or more races",1,1,0
2020-08-06,Crater,"Other Race",25,0,0
2020-08-06,Norfolk,"Two or more races",31,0,0
2020-08-06,"Eastern Shore","Two or more races",1,1,0
2020-08-06,"Central Shenandoah",White,1431,139,47
2020-08-06,"New River","Other Race",3,1,0
2020-08-06,"New River",White,308,24,7
2020-08-06,"Central Shenandoah","Other Race",38,1,0
2020-08-06,"West Piedmont",Black,239,49,5
2020-08-06,Alleghany,Latino,93,7,0
2020-08-06,"Central Shenandoah","Not Reported",218,3,1
2020-08-06,Roanoke,"Two or more races",1,0,0
2020-08-06,Peninsula,"Two or more races",23,2,0
2020-08-06,Arlington,"Other Race",74,8,3
2020-08-06,Richmond,"Not Reported",609,2,0
2020-08-06,Norfolk,"Not Reported",945,2,0
2020-08-06,Alexandria,"Other Race",48,6,2
2020-08-06,"Virginia Beach",White,1505,107,33
2020-08-06,Chesapeake,"Two or more races",14,1,1
2020-08-06,Alleghany,White,316,31,17
2020-08-06,"Rappahannock Rapidan","Other Race",24,1,0
2020-08-06,Chickahominy,"Not Reported",232,2,2
2020-08-06,Portsmouth,Black,896,97,17
2020-08-06,Chickahominy,"Other Race",12,2,0
2020-08-06,"Virginia Beach",Latino,276,18,3
2020-08-06,Chesapeake,White,727,67,19
2020-08-06,Southside,Black,206,32,13
2020-08-06,Rappahannock,Latino,1045,98,7
2020-08-06,"Three Rivers","Two or more races",4,0,0
2020-08-06,Henrico,Black,1116,158,79
2020-08-06,Pittsylvania-Danville,Black,232,38,4
2020-08-06,"Lord Fairfax","Two or more races",11,0,0
2020-08-06,"Mount Rogers","Other Race",6,2,1
2020-08-06,"Prince William",Latino,4874,577,64
2020-08-06,"Central Shenandoah",Black,136,9,4
2020-08-06,Peninsula,White,592,77,25
2020-08-06,"Eastern Shore","Not Reported",85,0,0
2020-08-06,"Thomas Jefferson","Other Race",110,3,0
2020-08-06,Hampton,"Other Race",22,2,0
2020-08-06,"Lord Fairfax","Not Reported",305,4,6
2020-08-06,"Central Virginia","Other Race",7,0,0
2020-08-06,"Western Tidewater","Other Race",37,1,1
2020-08-06,Crater,Latino,166,9,4
2020-08-06,Chesapeake,Latino,195,15,1
2020-08-06,Chesterfield,White,784,84,62
2020-08-06,"Western Tidewater","Not Reported",588,3,1
2020-08-06,Fairfax,"Not Reported",2124,57,33
2020-08-06,Arlington,Black,282,71,32
2020-08-06,"Central Virginia",Latino,26,3,1
2020-08-06,"Three Rivers",Black,291,27,7
2020-08-06,Alexandria,"Not Reported",184,6,1
2020-08-06,"Prince William","Two or more races",26,1,0
2020-08-06,Loudoun,"Two or more races",32,0,0
2020-08-06,Peninsula,"Other Race",89,3,0
2020-08-06,"Thomas Jefferson",White,657,51,30
2020-08-06,Norfolk,"Other Race",58,2,1
2020-08-06,"Prince William","Not Reported",3586,23,0
2020-08-06,"West Piedmont",White,350,48,8
2020-08-06,Rappahannock,Black,479,63,12
2020-08-06,Norfolk,Black,1682,126,19
2020-08-06,Roanoke,Latino,232,6,0
2020-08-06,Piedmont,Latino,66,6,1
2020-08-06,Roanoke,"Not Reported",540,1,0
2020-08-06,Arlington,"Two or more races",22,2,0
2020-08-06,"Virginia Beach","Other Race",68,2,0
2020-08-06,Alexandria,White,532,50,33
2020-08-06,"Lord Fairfax","Other Race",60,6,1
2020-08-06,"Thomas Jefferson","Not Reported",142,1,0
2020-08-06,"Virginia Beach","Not Reported",1412,8,4
2020-08-06,Loudoun,Black,226,25,5
2020-08-06,Pittsylvania-Danville,Latino,46,3,0
2020-08-06,"Cumberland Plateau","Not Reported",8,0,0
2020-08-06,Chesterfield,"Not Reported",1785,2,9
2020-08-06,"Mount Rogers",White,956,110,48
2020-08-06,Richmond,White,358,27,6
2020-08-06,Lenowisco,"Not Reported",36,3,1
2020-08-06,Piedmont,"Not Reported",535,12,1
2020-08-06,"Three Rivers",Latino,142,5,1
2020-08-06,"Mount Rogers",Latino,247,4,0
2020-08-06,Crater,White,442,41,15
2020-08-06,"Central Shenandoah","Two or more races",12,1,0
2020-08-06,Arlington,White,840,117,65
2020-08-06,Pittsylvania-Danville,"Other Race",0,0,0
2020-08-06,Chickahominy,Black,173,39,11
2020-08-06,Fairfax,Black,1116,200,55
2020-08-06,"Eastern Shore",Latino,254,10,3
2020-08-06,Norfolk,White,480,32,9
2020-08-06,Alleghany,"Two or more races",2,0,0
2020-08-06,"Mount Rogers","Two or more races",4,0,0
2020-08-06,Southside,White,159,26,17
2020-08-06,"Thomas Jefferson","Two or more races",20,0,0
2020-08-06,"Prince William",Black,968,150,45
2020-08-06,"Lord Fairfax",White,1399,156,64
2020-08-06,"Cumberland Plateau",Latino,2,0,0
2020-08-06,Arlington,"Not Reported",287,4,0
2020-08-06,Rappahannock,"Other Race",57,4,0
2020-08-06,"Rappahannock Rapidan",Black,125,20,6
2020-08-06,"New River","Two or more races",2,0,0
2020-08-06,Arlington,Latino,1368,212,23
2020-08-06,Henrico,White,908,94,89
2020-08-06,Loudoun,White,1128,108,83
2020-08-06,Hampton,White,133,9,1
2020-08-06,Alleghany,Black,34,3,1
2020-08-06,"Prince William",White,1200,153,81
2020-08-06,Rappahannock,White,777,92,35
2020-08-06,Portsmouth,"Two or more races",8,2,1
2020-08-06,Southside,"Other Race",8,0,1
2020-08-06,"Western Tidewater",Black,858,78,35
2020-08-06,Hampton,Latino,46,4,0
2020-08-06,Henrico,"Not Reported",744,3,4
2020-08-06,"West Piedmont","Two or more races",0,0,0
2020-08-06,Peninsula,"Not Reported",1117,2,0
2020-08-06,Loudoun,Latino,1528,154,13
2020-08-06,Alexandria,Black,530,78,14
2020-08-06,Piedmont,Black,416,57,14
2020-08-06,Roanoke,"Other Race",6,0,0
2020-08-06,"Western Tidewater",Latino,22,1,1
2020-08-06,Alexandria,"Two or more races",8,1,0
2020-08-06,Rappahannock,"Not Reported",1012,27,0
2020-08-06,"West Piedmont","Other Race",3,1,1
2020-08-06,Chickahominy,White,447,80,32
2020-08-06,"Thomas Jefferson",Latino,542,25,2
2020-08-06,"Cumberland Plateau",Black,16,0,0
2020-08-06,"Lord Fairfax",Latino,625,40,8
2020-08-06,"West Piedmont",Latino,196,7,0
2020-08-06,"Cumberland Plateau",White,277,24,3
2020-08-06,"Eastern Shore","Other Race",13,1,0
2020-08-06,"Cumberland Plateau","Two or more races",4,0,0
2020-08-06,Piedmont,"Other Race",9,0,0
2020-08-06,Pittsylvania-Danville,"Two or more races",0,0,0
2020-08-06,Alexandria,Latino,1484,123,9
2020-08-06,Chesapeake,Black,1004,126,11
2020-08-06,Richmond,"Other Race",100,7,2
2020-08-06,Henrico,Latino,728,52,7
2020-08-06,Piedmont,"Two or more races",4,2,0
2020-08-06,"Prince William","Other Race",290,14,0
2020-08-06,"New River","Not Reported",68,1,0
2020-08-06,"Rappahannock Rapidan",White,504,41,13
2020-08-06,"Central Virginia","Not Reported",836,5,0
2020-08-06,"Virginia Beach","Two or more races",35,2,0
2020-08-06,Fairfax,Latino,8264,917,75
2020-08-06,"Lord Fairfax",Black,107,12,6
2020-08-06,Pittsylvania-Danville,White,158,23,4
2020-08-06,Chesterfield,"Asian or Pacific Islander",43,2,0
2020-08-06,Crater,"Asian or Pacific Islander",9,0,0
2020-08-06,Fairfax,"Asian or Pacific Islander",1315,241,72
2020-08-06,Hampton,"Asian or Pacific Islander",10,0,0
2020-08-06,"Rappahannock Rapidan","Asian or Pacific Islander",5,1,0
2020-08-06,"New River","Asian or Pacific Islander",6,0,0
2020-08-06,"Mount Rogers","Asian or Pacific Islander",3,1,0
2020-08-06,"Central Virginia","Asian or Pacific Islander",7,0,0
2020-08-06,"Lord Fairfax","Asian or Pacific Islander",8,0,0
2020-08-06,Southside,"Asian or Pacific Islander",1,0,0
2020-08-06,Portsmouth,"Asian or Pacific Islander",11,2,0
2020-08-06,Alleghany,"Asian or Pacific Islander",5,0,0
2020-08-06,Roanoke,"Asian or Pacific Islander",8,0,0
2020-08-06,Richmond,"Asian or Pacific Islander",17,3,1
2020-08-06,"Thomas Jefferson","Asian or Pacific Islander",33,0,1
2020-08-06,"Virginia Beach","Asian or Pacific Islander",171,19,2
2020-08-06,Henrico,"Asian or Pacific Islander",141,8,3
2020-08-06,Piedmont,"Asian or Pacific Islander",6,0,0
2020-08-06,"Western Tidewater","Asian or Pacific Islander",11,2,0
2020-08-06,"West Piedmont","Asian or Pacific Islander",12,1,1
2020-08-06,Chickahominy,"Asian or Pacific Islander",7,1,0
2020-08-06,Peninsula,"Asian or Pacific Islander",23,4,3
2020-08-06,Norfolk,"Asian or Pacific Islander",35,2,0
2020-08-06,Loudoun,"Asian or Pacific Islander",258,41,11
2020-08-06,Arlington,"Asian or Pacific Islander",137,22,12
2020-08-06,Alexandria,"Asian or Pacific Islander",99,10,1
2020-08-06,Rappahannock,"Asian or Pacific Islander",51,9,1
2020-08-06,Chesapeake,"Asian or Pacific Islander",43,8,4
2020-08-06,"Cumberland Plateau and Lenowisco","Asian or Pacific Islander",1,0,0
2020-08-06,"Central Shenandoah","Asian or Pacific Islander",22,2,0
2020-08-06,"Prince William","Asian or Pacific Islander",337,45,14
2020-08-06,Pittsylvania-Danville,"Asian or Pacific Islander",3,0,0
2020-08-06,"Eastern Shore and Three Rivers","Asian or Pacific Islander",8,1,0
2020-08-06,Piedmont,"Native American",1,0,0
2020-08-06,"New River","Native American",0,0,0
2020-08-06,"Central Shenandoah","Native American",3,1,0
2020-08-06,"Eastern Shore and Three Rivers","Native American",1,0,0
2020-08-06,Fairfax,"Native American",29,1,1
2020-08-06,Chesapeake,"Native American",9,0,0
2020-08-06,"Western Tidewater","Native American",1,0,0
2020-08-06,Portsmouth,"Native American",2,1,0
2020-08-06,Richmond,"Native American",0,0,0
2020-08-06,Chickahominy,"Native American",4,1,0
2020-08-06,"Thomas Jefferson","Native American",2,0,0
2020-08-06,Arlington,"Native American",3,0,0
2020-08-06,"Virginia Beach","Native American",3,0,0
2020-08-06,Peninsula,"Native American",3,0,0
2020-08-06,Hampton,"Native American",1,0,0
2020-08-06,"West Piedmont","Native American",3,0,0
2020-08-06,"Cumberland Plateau, Lenowisco, and Mount Rogers","Native American",1,0,0
2020-08-06,Henrico,"Native American",7,0,0
2020-08-06,Norfolk,"Native American",4,0,0
2020-08-06,"Prince William","Native American",13,1,0
2020-08-06,"Central Virginia","Native American",1,0,0
2020-08-06,Chesterfield,"Native American",3,0,0
2020-08-06,Rappahannock,"Native American",3,0,0
2020-08-06,Loudoun,"Native American",2,0,0
2020-08-06,Alexandria,"Native American",2,0,0
2020-08-06,"Alleghany and Roanoke","Native American",0,0,0
2020-08-06,Crater,"Native American",5,0,0
2020-08-06,"Rappahannock Rapidan","Native American",1,0,0
2020-08-06,"Lord Fairfax","Native American",2,1,1
2020-08-06,"Pittsylvania-Danville and Southside","Native American",0,0,0
2020-08-07,"Rappahannock Rapidan","Not Reported",513,11,2
2020-08-07,Portsmouth,"Other Race",45,2,1
2020-08-07,"Western Tidewater","Two or more races",12,0,0
2020-08-07,Piedmont,White,393,48,17
2020-08-07,Chesterfield,Latino,1108,69,8
2020-08-07,Lenowisco,White,275,31,6
2020-08-07,Hampton,"Not Reported",456,0,0
2020-08-07,Lenowisco,"Two or more races",1,0,0
2020-08-07,Roanoke,Black,63,7,2
2020-08-07,Southside,"Not Reported",352,8,4
2020-08-07,Hampton,Black,485,34,6
2020-08-07,Alleghany,"Other Race",4,0,0
2020-08-07,Lenowisco,Latino,3,0,0
2020-08-07,Loudoun,"Other Race",128,11,2
2020-08-07,"Central Shenandoah",Latino,865,54,5
2020-08-07,"Rappahannock Rapidan",Latino,712,58,6
2020-08-07,Norfolk,Latino,262,18,0
2020-08-07,"Eastern Shore",Black,825,95,26
2020-08-07,Richmond,Black,882,169,25
2020-08-07,Hampton,"Two or more races",9,0,0
2020-08-07,Henrico,"Two or more races",20,1,0
2020-08-07,Fairfax,"Two or more races",51,5,0
2020-08-07,Alleghany,"Not Reported",490,2,0
2020-08-07,Portsmouth,"Not Reported",480,4,0
2020-08-07,"Cumberland Plateau","Other Race",1,1,0
2020-08-07,Southside,"Two or more races",22,0,0
2020-08-07,Portsmouth,White,208,13,5
2020-08-07,"Rappahannock Rapidan","Two or more races",20,2,0
2020-08-07,Fairfax,White,2794,442,289
2020-08-07,Fairfax,"Other Race",608,74,17
2020-08-07,Crater,"Two or more races",2,0,0
2020-08-07,"West Piedmont","Not Reported",230,23,0
2020-08-07,Henrico,"Other Race",88,11,0
2020-08-07,"Central Virginia",Black,98,21,5
2020-08-07,"Three Rivers",White,397,32,8
2020-08-07,"Three Rivers","Other Race",12,3,0
2020-08-07,Lenowisco,"Other Race",2,0,0
2020-08-07,"Western Tidewater",White,451,47,39
2020-08-07,"Mount Rogers",Black,41,6,2
2020-08-07,"Three Rivers","Not Reported",184,2,0
2020-08-07,"Thomas Jefferson",Black,347,58,11
2020-08-07,"Eastern Shore",White,200,20,16
2020-08-07,"Central Virginia",White,285,31,8
2020-08-07,Lenowisco,Black,5,1,0
2020-08-07,"Central Virginia","Two or more races",0,0,0
2020-08-07,Richmond,"Two or more races",7,0,0
2020-08-07,Crater,"Not Reported",485,8,4
2020-08-07,Chesterfield,"Two or more races",12,2,0
2020-08-07,"New River",Latino,69,4,0
2020-08-07,Richmond,Latino,1123,87,7
2020-08-07,Portsmouth,Latino,52,11,1
2020-08-07,Pittsylvania-Danville,"Not Reported",354,7,1
2020-08-07,Chesapeake,"Not Reported",734,4,0
2020-08-07,Chickahominy,Latino,70,4,0
2020-08-07,Chesterfield,Black,672,89,25
2020-08-07,Chesterfield,"Other Race",178,7,0
2020-08-07,Peninsula,Black,723,60,16
2020-08-07,Roanoke,White,125,7,12
2020-08-07,"New River",Black,39,3,0
2020-08-07,Peninsula,Latino,268,19,0
2020-08-07,Southside,Latino,4,0,0
2020-08-07,Rappahannock,"Two or more races",21,2,0
2020-08-07,"Virginia Beach",Black,1210,67,10
2020-08-07,"Mount Rogers","Not Reported",67,1,1
2020-08-07,Loudoun,"Not Reported",1868,3,0
2020-08-07,Chesapeake,"Other Race",47,2,1
2020-08-07,Chickahominy,"Two or more races",1,1,0
2020-08-07,Crater,"Other Race",25,0,0
2020-08-07,Norfolk,"Two or more races",35,0,0
2020-08-07,"Eastern Shore","Two or more races",1,1,0
2020-08-07,"Central Shenandoah",White,1448,143,49
2020-08-07,"New River","Other Race",3,1,0
2020-08-07,"New River",White,316,24,8
2020-08-07,"Central Shenandoah","Other Race",40,1,0
2020-08-07,"West Piedmont",Black,251,51,5
2020-08-07,Alleghany,Latino,94,7,0
2020-08-07,"Central Shenandoah","Not Reported",220,3,1
2020-08-07,Roanoke,"Two or more races",1,0,0
2020-08-07,Peninsula,"Two or more races",26,2,0
2020-08-07,Arlington,"Other Race",74,8,3
2020-08-07,Richmond,"Not Reported",609,2,0
2020-08-07,Norfolk,"Not Reported",978,3,0
2020-08-07,Alexandria,"Other Race",49,6,2
2020-08-07,"Virginia Beach",White,1547,111,33
2020-08-07,Chesapeake,"Two or more races",17,1,1
2020-08-07,Alleghany,White,323,31,17
2020-08-07,"Rappahannock Rapidan","Other Race",25,1,0
2020-08-07,Chickahominy,"Not Reported",239,2,2
2020-08-07,Portsmouth,Black,919,98,17
2020-08-07,Chickahominy,"Other Race",12,2,0
2020-08-07,"Virginia Beach",Latino,277,18,3
2020-08-07,Chesapeake,White,746,68,19
2020-08-07,Southside,Black,215,32,13
2020-08-07,Rappahannock,Latino,1052,98,7
2020-08-07,"Three Rivers","Two or more races",4,0,0
2020-08-07,Henrico,Black,1146,160,80
2020-08-07,Pittsylvania-Danville,Black,241,40,4
2020-08-07,"Lord Fairfax","Two or more races",11,0,0
2020-08-07,"Mount Rogers","Other Race",7,2,1
2020-08-07,"Prince William",Latino,4915,580,65
2020-08-07,"Central Shenandoah",Black,136,9,4
2020-08-07,Peninsula,White,608,77,25
2020-08-07,"Eastern Shore","Not Reported",85,0,0
2020-08-07,"Thomas Jefferson","Other Race",113,3,0
2020-08-07,Hampton,"Other Race",25,2,0
2020-08-07,"Lord Fairfax","Not Reported",313,4,6
2020-08-07,"Central Virginia","Other Race",7,0,0
2020-08-07,"Western Tidewater","Other Race",39,1,1
2020-08-07,Crater,Latino,166,9,4
2020-08-07,Chesapeake,Latino,200,15,1
2020-08-07,Chesterfield,White,804,85,63
2020-08-07,"Western Tidewater","Not Reported",608,3,1
2020-08-07,Fairfax,"Not Reported",2083,57,33
2020-08-07,Arlington,Black,286,71,32
2020-08-07,"Central Virginia",Latino,26,3,1
2020-08-07,"Three Rivers",Black,300,28,7
2020-08-07,Alexandria,"Not Reported",183,6,1
2020-08-07,"Prince William","Two or more races",28,1,0
2020-08-07,Loudoun,"Two or more races",32,0,0
2020-08-07,Peninsula,"Other Race",96,3,0
2020-08-07,"Thomas Jefferson",White,679,54,30
2020-08-07,Norfolk,"Other Race",60,2,1
2020-08-07,"Prince William","Not Reported",3649,24,0
2020-08-07,"West Piedmont",White,374,51,8
2020-08-07,Rappahannock,Black,501,65,12
2020-08-07,Norfolk,Black,1745,130,20
2020-08-07,Roanoke,Latino,235,6,0
2020-08-07,Piedmont,Latino,66,6,1
2020-08-07,Roanoke,"Not Reported",562,1,0
2020-08-07,Arlington,"Two or more races",22,2,0
2020-08-07,"Virginia Beach","Other Race",70,2,0
2020-08-07,Alexandria,White,540,50,33
2020-08-07,"Lord Fairfax","Other Race",60,6,1
2020-08-07,"Thomas Jefferson","Not Reported",145,1,0
2020-08-07,"Virginia Beach","Not Reported",1464,9,5
2020-08-07,Loudoun,Black,230,27,5
2020-08-07,Pittsylvania-Danville,Latino,46,3,0
2020-08-07,"Cumberland Plateau","Not Reported",9,0,0
2020-08-07,Chesterfield,"Not Reported",1799,2,9
2020-08-07,"Mount Rogers",White,988,111,48
2020-08-07,Richmond,White,372,28,6
2020-08-07,Lenowisco,"Not Reported",43,3,1
2020-08-07,Piedmont,"Not Reported",545,11,2
2020-08-07,"Three Rivers",Latino,142,5,1
2020-08-07,"Mount Rogers",Latino,257,4,0
2020-08-07,Crater,White,453,42,15
2020-08-07,"Central Shenandoah","Two or more races",12,1,0
2020-08-07,Arlington,White,847,117,65
2020-08-07,Pittsylvania-Danville,"Other Race",0,0,0
2020-08-07,Chickahominy,Black,177,39,11
2020-08-07,Fairfax,Black,1154,202,56
2020-08-07,"Eastern Shore",Latino,254,10,3
2020-08-07,Norfolk,White,508,32,9
2020-08-07,Alleghany,"Two or more races",2,0,0
2020-08-07,"Mount Rogers","Two or more races",4,0,0
2020-08-07,Southside,White,161,26,17
2020-08-07,"Thomas Jefferson","Two or more races",21,0,0
2020-08-07,"Prince William",Black,998,152,45
2020-08-07,"Lord Fairfax",White,1403,157,64
2020-08-07,"Cumberland Plateau",Latino,2,0,0
2020-08-07,Arlington,"Not Reported",299,4,0
2020-08-07,Rappahannock,"Other Race",61,4,0
2020-08-07,"Rappahannock Rapidan",Black,136,22,6
2020-08-07,"New River","Two or more races",3,0,0
2020-08-07,Arlington,Latino,1369,212,23
2020-08-07,Henrico,White,927,95,90
2020-08-07,Loudoun,White,1135,107,83
2020-08-07,Hampton,White,140,9,1
2020-08-07,Alleghany,Black,35,4,1
2020-08-07,"Prince William",White,1241,155,81
2020-08-07,Rappahannock,White,807,93,35
2020-08-07,Portsmouth,"Two or more races",8,2,1
2020-08-07,Southside,"Other Race",8,0,1
2020-08-07,"Western Tidewater",Black,895,78,35
2020-08-07,Hampton,Latino,47,4,0
2020-08-07,Henrico,"Not Reported",750,4,4
2020-08-07,"West Piedmont","Two or more races",0,0,0
2020-08-07,Peninsula,"Not Reported",1154,2,0
2020-08-07,Loudoun,Latino,1542,156,14
2020-08-07,Alexandria,Black,545,79,14
2020-08-07,Piedmont,Black,419,57,14
2020-08-07,Roanoke,"Other Race",6,0,0
2020-08-07,"Western Tidewater",Latino,22,1,1
2020-08-07,Alexandria,"Two or more races",8,1,0
2020-08-07,Rappahannock,"Not Reported",1036,28,0
2020-08-07,"West Piedmont","Other Race",4,1,1
2020-08-07,Chickahominy,White,460,83,32
2020-08-07,"Thomas Jefferson",Latino,554,25,2
2020-08-07,"Cumberland Plateau",Black,17,0,0
2020-08-07,"Lord Fairfax",Latino,626,40,8
2020-08-07,"West Piedmont",Latino,197,7,0
2020-08-07,"Cumberland Plateau",White,299,24,3
2020-08-07,"Eastern Shore","Other Race",13,1,0
2020-08-07,"Cumberland Plateau","Two or more races",4,0,0
2020-08-07,Piedmont,"Other Race",9,0,0
2020-08-07,Pittsylvania-Danville,"Two or more races",0,0,0
2020-08-07,Alexandria,Latino,1490,123,9
2020-08-07,Chesapeake,Black,1032,127,11
2020-08-07,Richmond,"Other Race",101,7,2
2020-08-07,Henrico,Latino,732,52,7
2020-08-07,Piedmont,"Two or more races",4,2,0
2020-08-07,"Prince William","Other Race",296,14,0
2020-08-07,"New River","Not Reported",71,1,0
2020-08-07,"Rappahannock Rapidan",White,514,42,13
2020-08-07,"Central Virginia","Not Reported",897,7,0
2020-08-07,"Virginia Beach","Two or more races",36,2,0
2020-08-07,Fairfax,Latino,8334,923,75
2020-08-07,"Lord Fairfax",Black,107,12,6
2020-08-07,Pittsylvania-Danville,White,160,23,4
2020-08-07,Chesterfield,"Asian or Pacific Islander",43,2,0
2020-08-07,Crater,"Asian or Pacific Islander",12,0,0
2020-08-07,Fairfax,"Asian or Pacific Islander",1331,243,72
2020-08-07,Hampton,"Asian or Pacific Islander",10,0,0
2020-08-07,"Rappahannock Rapidan","Asian or Pacific Islander",6,1,0
2020-08-07,"New River","Asian or Pacific Islander",6,0,0
2020-08-07,"Mount Rogers","Asian or Pacific Islander",3,1,0
2020-08-07,"Central Virginia","Asian or Pacific Islander",7,0,0
2020-08-07,"Lord Fairfax","Asian or Pacific Islander",8,0,0
2020-08-07,Southside,"Asian or Pacific Islander",1,0,0
2020-08-07,Portsmouth,"Asian or Pacific Islander",12,2,0
2020-08-07,Alleghany,"Asian or Pacific Islander",5,0,0
2020-08-07,Roanoke,"Asian or Pacific Islander",8,0,0
2020-08-07,Richmond,"Asian or Pacific Islander",18,3,1
2020-08-07,"Thomas Jefferson","Asian or Pacific Islander",33,0,1
2020-08-07,"Virginia Beach","Asian or Pacific Islander",174,20,2
2020-08-07,Henrico,"Asian or Pacific Islander",141,8,3
2020-08-07,Piedmont,"Asian or Pacific Islander",7,0,0
2020-08-07,"Western Tidewater","Asian or Pacific Islander",12,2,0
2020-08-07,"West Piedmont","Asian or Pacific Islander",12,1,1
2020-08-07,Chickahominy,"Asian or Pacific Islander",8,1,0
2020-08-07,Peninsula,"Asian or Pacific Islander",25,4,3
2020-08-07,Norfolk,"Asian or Pacific Islander",37,2,0
2020-08-07,Loudoun,"Asian or Pacific Islander",259,42,11
2020-08-07,Arlington,"Asian or Pacific Islander",137,22,12
2020-08-07,Alexandria,"Asian or Pacific Islander",100,10,1
2020-08-07,Rappahannock,"Asian or Pacific Islander",51,9,1
2020-08-07,Chesapeake,"Asian or Pacific Islander",43,8,4
2020-08-07,"Cumberland Plateau and Lenowisco","Asian or Pacific Islander",1,0,0
2020-08-07,"Central Shenandoah","Asian or Pacific Islander",22,2,0
2020-08-07,"Prince William","Asian or Pacific Islander",343,45,14
2020-08-07,Pittsylvania-Danville,"Asian or Pacific Islander",3,0,0
2020-08-07,"Eastern Shore and Three Rivers","Asian or Pacific Islander",8,1,0
2020-08-07,Piedmont,"Native American",1,0,0
2020-08-07,"New River","Native American",0,0,0
2020-08-07,"Central Shenandoah","Native American",3,1,0
2020-08-07,"Eastern Shore and Three Rivers","Native American",1,0,0
2020-08-07,Fairfax,"Native American",30,1,1
2020-08-07,Chesapeake,"Native American",9,0,0
2020-08-07,"Western Tidewater","Native American",1,0,0
2020-08-07,Portsmouth,"Native American",2,1,0
2020-08-07,Richmond,"Native American",0,0,0
2020-08-07,Chickahominy,"Native American",4,1,0
2020-08-07,"Thomas Jefferson","Native American",2,0,0
2020-08-07,Arlington,"Native American",3,0,0
2020-08-07,"Virginia Beach","Native American",3,0,0
2020-08-07,Peninsula,"Native American",3,0,0
2020-08-07,Hampton,"Native American",1,0,0
2020-08-07,"West Piedmont","Native American",3,0,0
2020-08-07,"Cumberland Plateau, Lenowisco, and Mount Rogers","Native American",1,0,0
2020-08-07,Henrico,"Native American",7,0,0
2020-08-07,Norfolk,"Native American",4,0,0
2020-08-07,"Prince William","Native American",13,1,0
2020-08-07,"Central Virginia","Native American",1,0,0
2020-08-07,Chesterfield,"Native American",3,0,0
2020-08-07,Rappahannock,"Native American",3,0,0
2020-08-07,Loudoun,"Native American",2,0,0
2020-08-07,Alexandria,"Native American",2,0,0
2020-08-07,"Alleghany and Roanoke","Native American",0,0,0
2020-08-07,Crater,"Native American",5,0,0
2020-08-07,"Rappahannock Rapidan","Native American",1,0,0
2020-08-07,"Lord Fairfax","Native American",2,1,1
2020-08-07,"Pittsylvania-Danville and Southside","Native American",0,0,0
2020-08-08,"Rappahannock Rapidan","Not Reported",520,11,2
2020-08-08,Portsmouth,"Other Race",46,2,1
2020-08-08,"Western Tidewater","Two or more races",13,0,0
2020-08-08,Piedmont,White,403,48,17
2020-08-08,Chesterfield,Latino,1115,69,7
2020-08-08,Lenowisco,White,290,32,6
2020-08-08,Hampton,"Not Reported",462,0,0
2020-08-08,Lenowisco,"Two or more races",1,0,0
2020-08-08,Roanoke,Black,67,8,3
2020-08-08,Southside,"Not Reported",401,8,4
2020-08-08,Hampton,Black,499,35,6
2020-08-08,Alleghany,"Other Race",3,0,0
2020-08-08,Lenowisco,Latino,3,0,0
2020-08-08,Loudoun,"Other Race",132,11,2
2020-08-08,"Central Shenandoah",Latino,869,54,5
2020-08-08,"Rappahannock Rapidan",Latino,714,59,6
2020-08-08,Norfolk,Latino,264,18,0
2020-08-08,"Eastern Shore",Black,828,95,26
2020-08-08,Richmond,Black,898,171,25
2020-08-08,Hampton,"Two or more races",12,0,0
2020-08-08,Henrico,"Two or more races",22,1,0
2020-08-08,Fairfax,"Two or more races",52,5,0
2020-08-08,Alleghany,"Not Reported",490,2,0
2020-08-08,Portsmouth,"Not Reported",489,4,0
2020-08-08,"Cumberland Plateau","Other Race",1,1,0
2020-08-08,Southside,"Two or more races",22,0,0
2020-08-08,Portsmouth,White,210,13,5
2020-08-08,"Rappahannock Rapidan","Two or more races",20,2,0
2020-08-08,Fairfax,White,2815,443,289
2020-08-08,Fairfax,"Other Race",605,74,17
2020-08-08,Crater,"Two or more races",2,0,0
2020-08-08,"West Piedmont","Not Reported",228,24,0
2020-08-08,Henrico,"Other Race",85,11,0
2020-08-08,"Central Virginia",Black,102,21,5
2020-08-08,"Three Rivers",White,412,32,9
2020-08-08,"Three Rivers","Other Race",12,3,0
2020-08-08,Lenowisco,"Other Race",3,0,0
2020-08-08,"Western Tidewater",White,460,47,39
2020-08-08,"Mount Rogers",Black,41,6,2
2020-08-08,"Three Rivers","Not Reported",181,2,0
2020-08-08,"Thomas Jefferson",Black,356,58,11
2020-08-08,"Eastern Shore",White,205,21,16
2020-08-08,"Central Virginia",White,305,31,8
2020-08-08,Lenowisco,Black,5,1,0
2020-08-08,"Central Virginia","Two or more races",0,0,0
2020-08-08,Richmond,"Two or more races",7,0,0
2020-08-08,Crater,"Not Reported",498,8,4
2020-08-08,Chesterfield,"Two or more races",12,2,0
2020-08-08,"New River",Latino,71,4,0
2020-08-08,Richmond,Latino,1132,89,7
2020-08-08,Portsmouth,Latino,52,11,1
2020-08-08,Pittsylvania-Danville,"Not Reported",357,7,1
2020-08-08,Chesapeake,"Not Reported",739,5,0
2020-08-08,Chickahominy,Latino,71,4,0
2020-08-08,Crater,Black,1189,158,47
2020-08-08,Chesterfield,Black,680,90,25
2020-08-08,Chesterfield,"Other Race",181,7,0
2020-08-08,Peninsula,Black,728,60,16
2020-08-08,Roanoke,White,129,7,12
2020-08-08,"New River",Black,39,3,0
2020-08-08,Peninsula,Latino,268,19,0
2020-08-08,Southside,Latino,4,0,0
2020-08-08,Rappahannock,"Two or more races",21,2,0
2020-08-08,"Virginia Beach",Black,1228,68,11
2020-08-08,"Mount Rogers","Not Reported",66,1,1
2020-08-08,Loudoun,"Not Reported",1894,4,0
2020-08-08,Chesapeake,"Other Race",51,2,1
2020-08-08,Chickahominy,"Two or more races",1,1,0
2020-08-08,Crater,"Other Race",26,0,0
2020-08-08,Norfolk,"Two or more races",35,0,0
2020-08-08,"Eastern Shore","Two or more races",1,1,0
2020-08-08,"Central Shenandoah",White,1466,143,49
2020-08-08,"New River","Other Race",2,0,0
2020-08-08,"New River",White,325,24,8
2020-08-08,"Central Shenandoah","Other Race",40,1,0
2020-08-08,"West Piedmont",Black,255,51,5
2020-08-08,Alleghany,Latino,96,7,0
2020-08-08,"Central Shenandoah","Not Reported",221,3,1
2020-08-08,Roanoke,"Two or more races",1,0,0
2020-08-08,Peninsula,"Two or more races",28,2,0
2020-08-08,Arlington,"Other Race",76,8,3
2020-08-08,Richmond,"Not Reported",603,2,0
2020-08-08,Norfolk,"Not Reported",990,3,0
2020-08-08,Alexandria,"Other Race",50,6,2
2020-08-08,"Virginia Beach",White,1579,111,33
2020-08-08,Chesapeake,"Two or more races",20,1,1
2020-08-08,Alleghany,White,329,31,17
2020-08-08,"Rappahannock Rapidan","Other Race",26,1,0
2020-08-08,Chickahominy,"Not Reported",243,2,2
2020-08-08,Portsmouth,Black,939,98,17
2020-08-08,Chickahominy,"Other Race",12,2,0
2020-08-08,"Virginia Beach",Latino,278,18,3
2020-08-08,Chesapeake,White,755,68,19
2020-08-08,Southside,Black,219,32,13
2020-08-08,Rappahannock,Latino,1059,98,7
2020-08-08,"Three Rivers","Two or more races",4,0,0
2020-08-08,Henrico,Black,1159,162,80
2020-08-08,Pittsylvania-Danville,Black,246,41,4
2020-08-08,"Lord Fairfax","Two or more races",11,0,0
2020-08-08,"Mount Rogers","Other Race",7,2,1
2020-08-08,"Prince William",Latino,4946,580,65
2020-08-08,"Central Shenandoah",Black,140,9,4
2020-08-08,Peninsula,White,622,77,25
2020-08-08,"Eastern Shore","Not Reported",86,0,0
2020-08-08,"Thomas Jefferson","Other Race",117,3,0
2020-08-08,Hampton,"Other Race",28,2,0
2020-08-08,"Lord Fairfax","Not Reported",315,4,6
2020-08-08,"Central Virginia","Other Race",9,0,0
2020-08-08,"Western Tidewater","Other Race",41,1,1
2020-08-08,Crater,Latino,166,9,4
2020-08-08,Chesapeake,Latino,200,15,1
2020-08-08,Chesterfield,White,815,86,64
2020-08-08,"Western Tidewater","Not Reported",620,3,1
2020-08-08,Fairfax,"Not Reported",2081,56,33
2020-08-08,Arlington,Black,289,71,32
2020-08-08,"Central Virginia",Latino,26,3,1
2020-08-08,"Three Rivers",Black,313,28,7
2020-08-08,Alexandria,"Not Reported",184,6,1
2020-08-08,"Prince William","Two or more races",31,1,0
2020-08-08,Loudoun,"Two or more races",32,0,0
2020-08-08,Peninsula,"Other Race",99,3,0
2020-08-08,"Thomas Jefferson",White,694,57,30
2020-08-08,Norfolk,"Other Race",62,2,1
2020-08-08,"Prince William","Not Reported",3670,24,0
2020-08-08,"West Piedmont",White,403,56,8
2020-08-08,Rappahannock,Black,513,66,12
2020-08-08,Norfolk,Black,1783,133,20
2020-08-08,Roanoke,Latino,244,7,0
2020-08-08,Piedmont,Latino,68,6,1
2020-08-08,Roanoke,"Not Reported",552,1,0
2020-08-08,Arlington,"Two or more races",22,2,0
2020-08-08,"Virginia Beach","Other Race",72,2,0
2020-08-08,Alexandria,White,549,52,33
2020-08-08,"Lord Fairfax","Other Race",60,6,1
2020-08-08,"Thomas Jefferson","Not Reported",153,1,0
2020-08-08,"Virginia Beach","Not Reported",1520,9,5
2020-08-08,Loudoun,Black,233,27,5
2020-08-08,Pittsylvania-Danville,Latino,47,3,0
2020-08-08,"Cumberland Plateau","Not Reported",9,0,0
2020-08-08,Chesterfield,"Not Reported",1842,3,9
2020-08-08,"Mount Rogers",White,1013,113,49
2020-08-08,Richmond,White,375,28,6
2020-08-08,Lenowisco,"Not Reported",45,3,1
2020-08-08,Piedmont,"Not Reported",553,11,2
2020-08-08,"Three Rivers",Latino,144,5,1
2020-08-08,"Mount Rogers",Latino,257,5,0
2020-08-08,Crater,White,458,42,15
2020-08-08,"Central Shenandoah","Two or more races",12,1,0
2020-08-08,Arlington,White,849,117,65
2020-08-08,Pittsylvania-Danville,"Other Race",0,0,0
2020-08-08,Chickahominy,Black,179,39,11
2020-08-08,Fairfax,Black,1169,203,56
2020-08-08,"Eastern Shore",Latino,254,10,3
2020-08-08,Norfolk,White,525,33,9
2020-08-08,Alleghany,"Two or more races",2,0,0
2020-08-08,"Mount Rogers","Two or more races",4,0,0
2020-08-08,Southside,White,165,26,17
2020-08-08,"Thomas Jefferson","Two or more races",22,0,0
2020-08-08,"Prince William",Black,1007,151,44
2020-08-08,"Lord Fairfax",White,1415,159,65
2020-08-08,"Cumberland Plateau",Latino,2,0,0
2020-08-08,Arlington,"Not Reported",311,5,0
2020-08-08,Rappahannock,"Other Race",61,4,0
2020-08-08,"Rappahannock Rapidan",Black,139,22,6
2020-08-08,"New River","Two or more races",3,0,0
2020-08-08,Arlington,Latino,1373,212,23
2020-08-08,Henrico,White,936,96,90
2020-08-08,Loudoun,White,1148,107,83
2020-08-08,Hampton,White,151,9,1
2020-08-08,Alleghany,Black,33,4,1
2020-08-08,"Prince William",White,1260,154,81
2020-08-08,Rappahannock,White,829,93,35
2020-08-08,Portsmouth,"Two or more races",8,2,1
2020-08-08,Southside,"Other Race",8,0,1
2020-08-08,"Western Tidewater",Black,914,78,36
2020-08-08,Hampton,Latino,47,4,0
2020-08-08,Henrico,"Not Reported",752,3,4
2020-08-08,"West Piedmont","Two or more races",0,0,0
2020-08-08,Peninsula,"Not Reported",1170,2,0
2020-08-08,Loudoun,Latino,1552,158,14
2020-08-08,Alexandria,Black,554,79,14
2020-08-08,Piedmont,Black,423,57,14
2020-08-08,Roanoke,"Other Race",7,0,0
2020-08-08,"Western Tidewater",Latino,22,1,1
2020-08-08,Alexandria,"Two or more races",10,1,0
2020-08-08,Rappahannock,"Not Reported",1045,28,0
2020-08-08,"West Piedmont","Other Race",5,1,1
2020-08-08,Chickahominy,White,463,83,32
2020-08-08,"Thomas Jefferson",Latino,562,25,2
2020-08-08,"Cumberland Plateau",Black,18,0,0
2020-08-08,"Lord Fairfax",Latino,627,40,8
2020-08-08,"West Piedmont",Latino,197,7,0
2020-08-08,"Cumberland Plateau",White,311,25,3
2020-08-08,"Eastern Shore","Other Race",13,1,0
2020-08-08,"Cumberland Plateau","Two or more races",4,0,0
2020-08-08,Piedmont,"Other Race",9,0,0
2020-08-08,Pittsylvania-Danville,"Two or more races",0,0,0
2020-08-08,Alexandria,Latino,1498,124,9
2020-08-08,Chesapeake,Black,1054,127,11
2020-08-08,Richmond,"Other Race",99,6,2
2020-08-08,Henrico,Latino,737,52,7
2020-08-08,Piedmont,"Two or more races",4,2,0
2020-08-08,"Prince William","Other Race",306,14,0
2020-08-08,"New River","Not Reported",73,2,0
2020-08-08,"Rappahannock Rapidan",White,525,42,13
2020-08-08,"Central Virginia","Not Reported",943,7,0
2020-08-08,"Virginia Beach","Two or more races",38,2,0
2020-08-08,Fairfax,Latino,8356,928,75
2020-08-08,"Lord Fairfax",Black,110,12,6
2020-08-08,Pittsylvania-Danville,White,166,24,4
2020-08-08,Chesterfield,"Asian or Pacific Islander",43,2,0
2020-08-08,Crater,"Asian or Pacific Islander",12,0,0
2020-08-08,Fairfax,"Asian or Pacific Islander",1338,243,71
2020-08-08,Hampton,"Asian or Pacific Islander",10,0,0
2020-08-08,"Rappahannock Rapidan","Asian or Pacific Islander",6,1,0
2020-08-08,"New River","Asian or Pacific Islander",7,0,0
2020-08-08,"Mount Rogers","Asian or Pacific Islander",3,1,0
2020-08-08,"Central Virginia","Asian or Pacific Islander",7,0,0
2020-08-08,"Lord Fairfax","Asian or Pacific Islander",8,0,0
2020-08-08,Southside,"Asian or Pacific Islander",1,0,0
2020-08-08,Portsmouth,"Asian or Pacific Islander",12,2,0
2020-08-08,Alleghany,"Asian or Pacific Islander",5,0,0
2020-08-08,Roanoke,"Asian or Pacific Islander",9,0,0
2020-08-08,Richmond,"Asian or Pacific Islander",18,3,1
2020-08-08,"Thomas Jefferson","Asian or Pacific Islander",33,0,1
2020-08-08,"Virginia Beach","Asian or Pacific Islander",177,20,2
2020-08-08,Henrico,"Asian or Pacific Islander",141,8,3
2020-08-08,Piedmont,"Asian or Pacific Islander",7,0,0
2020-08-08,"Western Tidewater","Asian or Pacific Islander",12,2,0
2020-08-08,"West Piedmont","Asian or Pacific Islander",12,1,1
2020-08-08,Chickahominy,"Asian or Pacific Islander",8,1,0
2020-08-08,Peninsula,"Asian or Pacific Islander",26,4,3
2020-08-08,Norfolk,"Asian or Pacific Islander",37,2,0
2020-08-08,Loudoun,"Asian or Pacific Islander",261,42,11
2020-08-08,Arlington,"Asian or Pacific Islander",139,22,12
2020-08-08,Alexandria,"Asian or Pacific Islander",102,10,1
2020-08-08,Rappahannock,"Asian or Pacific Islander",53,9,1
2020-08-08,Chesapeake,"Asian or Pacific Islander",44,8,4
2020-08-08,"Cumberland Plateau and Lenowisco","Asian or Pacific Islander",1,0,0
2020-08-08,"Central Shenandoah","Asian or Pacific Islander",22,2,0
2020-08-08,"Prince William","Asian or Pacific Islander",351,46,15
2020-08-08,Pittsylvania-Danville,"Asian or Pacific Islander",3,0,0
2020-08-08,"Eastern Shore and Three Rivers","Asian or Pacific Islander",8,1,0
2020-08-08,Piedmont,"Native American",1,0,0
2020-08-08,"New River","Native American",0,0,0
2020-08-08,"Central Shenandoah","Native American",3,1,0
2020-08-08,"Eastern Shore and Three Rivers","Native American",1,0,0
2020-08-08,Fairfax,"Native American",31,1,1
2020-08-08,Chesapeake,"Native American",9,0,0
2020-08-08,"Western Tidewater","Native American",1,0,0
2020-08-08,Portsmouth,"Native American",2,1,0
2020-08-08,Richmond,"Native American",0,0,0
2020-08-08,Chickahominy,"Native American",4,1,0
2020-08-08,"Thomas Jefferson","Native American",2,0,0
2020-08-08,Arlington,"Native American",3,0,0
2020-08-08,"Virginia Beach","Native American",3,0,0
2020-08-08,Peninsula,"Native American",3,0,0
2020-08-08,Hampton,"Native American",1,0,0
2020-08-08,"West Piedmont","Native American",3,0,0
2020-08-08,"Cumberland Plateau, Lenowisco, and Mount Rogers","Native American",1,0,0
2020-08-08,Henrico,"Native American",7,0,0
2020-08-08,Norfolk,"Native American",4,0,0
2020-08-08,"Prince William","Native American",13,1,0
2020-08-08,"Central Virginia","Native American",1,0,0
2020-08-08,Chesterfield,"Native American",3,0,0
2020-08-08,Rappahannock,"Native American",3,0,0
2020-08-08,Loudoun,"Native American",2,0,0
2020-08-08,Alexandria,"Native American",2,0,0
2020-08-08,"Alleghany and Roanoke","Native American",0,0,0
2020-08-08,Crater,"Native American",5,0,0
2020-08-08,"Rappahannock Rapidan","Native American",1,0,0
2020-08-08,"Lord Fairfax","Native American",2,1,1
2020-08-08,"Pittsylvania-Danville and Southside","Native American",0,0,0
2020-08-09,"Rappahannock Rapidan","Not Reported",528,11,2
2020-08-09,Portsmouth,"Other Race",46,2,1
2020-08-09,"Western Tidewater","Two or more races",14,0,0
2020-08-09,Piedmont,White,403,48,17
2020-08-09,Chesterfield,Latino,1118,69,7
2020-08-09,Lenowisco,White,294,32,6
2020-08-09,Lenowisco,"Two or more races",1,0,0
2020-08-09,Hampton,"Not Reported",464,0,0
2020-08-09,Southside,"Not Reported",404,8,4
2020-08-09,Roanoke,Black,68,8,3
2020-08-09,Hampton,Black,505,35,6
2020-08-09,Alleghany,"Other Race",3,0,0
2020-08-09,Lenowisco,Latino,4,0,0
2020-08-09,Loudoun,"Other Race",134,11,2
2020-08-09,"Central Shenandoah",Latino,869,54,5
2020-08-09,"Rappahannock Rapidan",Latino,716,59,6
2020-08-09,"Eastern Shore",Black,832,95,26
2020-08-09,Norfolk,Latino,265,18,0
2020-08-09,Hampton,"Two or more races",12,0,0
2020-08-09,Richmond,Black,915,172,25
2020-08-09,Henrico,"Two or more races",22,1,0
2020-08-09,Fairfax,"Two or more races",52,5,0
2020-08-09,Alleghany,"Not Reported",491,2,0
2020-08-09,Portsmouth,"Not Reported",489,4,0
2020-08-09,"Cumberland Plateau","Other Race",1,1,0
2020-08-09,Southside,"Two or more races",23,0,0
2020-08-09,Portsmouth,White,211,13,5
2020-08-09,"Rappahannock Rapidan","Two or more races",20,2,0
2020-08-09,Fairfax,White,2830,443,289
2020-08-09,Fairfax,"Other Race",608,74,17
2020-08-09,Crater,"Two or more races",2,0,0
2020-08-09,"West Piedmont","Not Reported",244,24,0
2020-08-09,Henrico,"Other Race",87,11,0
2020-08-09,"Three Rivers",White,421,33,8
2020-08-09,"Central Virginia",Black,106,21,5
2020-08-09,Lenowisco,"Other Race",3,0,0
2020-08-09,"Three Rivers","Other Race",12,3,0
2020-08-09,"Western Tidewater",White,465,47,39
2020-08-09,"Mount Rogers",Black,41,6,2
2020-08-09,"Three Rivers","Not Reported",182,2,0
2020-08-09,"Thomas Jefferson",Black,365,58,11
2020-08-09,"Eastern Shore",White,206,21,16
2020-08-09,"Central Virginia",White,312,31,8
2020-08-09,Lenowisco,Black,5,1,0
2020-08-09,"Central Virginia","Two or more races",0,0,0
2020-08-09,Richmond,"Two or more races",7,0,0
2020-08-09,Crater,"Not Reported",527,8,4
2020-08-09,Chesterfield,"Two or more races",12,2,0
2020-08-09,"New River",Latino,73,4,0
2020-08-09,Richmond,Latino,1134,91,7
2020-08-09,Portsmouth,Latino,52,11,1
2020-08-09,Pittsylvania-Danville,"Not Reported",376,7,1
2020-08-09,Chesapeake,"Not Reported",751,5,0
2020-08-09,Chickahominy,Latino,71,4,0
2020-08-09,Crater,Black,1199,158,47
2020-08-09,Chesterfield,Black,681,90,25
2020-08-09,Chesterfield,"Other Race",181,7,0
2020-08-09,Peninsula,Black,731,60,16
2020-08-09,Roanoke,White,130,7,12
2020-08-09,"New River",Black,40,3,0
2020-08-09,Southside,Latino,4,0,0
2020-08-09,Peninsula,Latino,274,19,0
2020-08-09,Rappahannock,"Two or more races",21,2,0
2020-08-09,"Virginia Beach",Black,1245,71,11
2020-08-09,"Mount Rogers","Not Reported",73,1,1
2020-08-09,Loudoun,"Not Reported",1901,4,0
2020-08-09,Chesapeake,"Other Race",55,2,1
2020-08-09,Chickahominy,"Two or more races",1,1,0
2020-08-09,Crater,"Other Race",26,0,0
2020-08-09,Norfolk,"Two or more races",35,0,0
2020-08-09,"Eastern Shore","Two or more races",1,1,0
2020-08-09,"Central Shenandoah",White,1467,143,49
2020-08-09,"New River","Other Race",2,0,0
2020-08-09,"New River",White,346,24,8
2020-08-09,"Central Shenandoah","Other Race",40,1,0
2020-08-09,"West Piedmont",Black,257,51,5
2020-08-09,Alleghany,Latino,97,7,0
2020-08-09,"Central Shenandoah","Not Reported",222,3,1
2020-08-09,Roanoke,"Two or more races",2,1,0
2020-08-09,Peninsula,"Two or more races",28,2,0
2020-08-09,Richmond,"Not Reported",605,2,0
2020-08-09,Arlington,"Other Race",76,8,3
2020-08-09,Norfolk,"Not Reported",981,3,0
2020-08-09,Alexandria,"Other Race",50,6,2
2020-08-09,"Virginia Beach",White,1602,116,33
2020-08-09,Chesapeake,"Two or more races",24,1,1
2020-08-09,Alleghany,White,331,32,17
2020-08-09,"Rappahannock Rapidan","Other Race",26,1,0
2020-08-09,Chickahominy,"Not Reported",247,2,2
2020-08-09,Portsmouth,Black,939,98,17
2020-08-09,Chickahominy,"Other Race",12,2,0
2020-08-09,"Virginia Beach",Latino,282,18,3
2020-08-09,Chesapeake,White,762,69,19
2020-08-09,Southside,Black,222,34,13
2020-08-09,Rappahannock,Latino,1065,99,8
2020-08-09,"Three Rivers","Two or more races",4,0,0
2020-08-09,Henrico,Black,1174,164,80
2020-08-09,Pittsylvania-Danville,Black,277,42,4
2020-08-09,"Lord Fairfax","Two or more races",11,0,0
2020-08-09,"Prince William",Latino,4960,581,65
2020-08-09,"Mount Rogers","Other Race",7,2,1
2020-08-09,"Central Shenandoah",Black,140,9,4
2020-08-09,Peninsula,White,628,77,25
2020-08-09,"Eastern Shore","Not Reported",86,0,0
2020-08-09,"Thomas Jefferson","Other Race",117,3,0
2020-08-09,Hampton,"Other Race",30,2,0
2020-08-09,"Lord Fairfax","Not Reported",316,4,6
2020-08-09,"Central Virginia","Other Race",9,0,0
2020-08-09,"Western Tidewater","Other Race",41,1,1
2020-08-09,Crater,Latino,167,9,4
2020-08-09,Chesapeake,Latino,200,15,1
2020-08-09,Chesterfield,White,821,86,64
2020-08-09,"Western Tidewater","Not Reported",634,3,1
2020-08-09,Fairfax,"Not Reported",2084,57,33
2020-08-09,Arlington,Black,290,71,32
2020-08-09,"Central Virginia",Latino,26,3,1
2020-08-09,Alexandria,"Not Reported",184,6,1
2020-08-09,"Three Rivers",Black,319,28,7
2020-08-09,"Prince William","Two or more races",31,1,0
2020-08-09,Loudoun,"Two or more races",32,0,0
2020-08-09,Peninsula,"Other Race",100,3,0
2020-08-09,"Thomas Jefferson",White,701,57,30
2020-08-09,Norfolk,"Other Race",62,2,1
2020-08-09,"Prince William","Not Reported",3696,24,0
2020-08-09,"West Piedmont",White,408,56,8
2020-08-09,Rappahannock,Black,521,66,12
2020-08-09,Norfolk,Black,1792,135,20
2020-08-09,Roanoke,Latino,245,7,0
2020-08-09,Piedmont,Latino,68,6,1
2020-08-09,Roanoke,"Not Reported",556,1,0
2020-08-09,"Virginia Beach","Other Race",75,2,0
2020-08-09,Arlington,"Two or more races",22,2,0
2020-08-09,Alexandria,White,553,52,33
2020-08-09,"Lord Fairfax","Other Race",60,6,1
2020-08-09,"Thomas Jefferson","Not Reported",154,1,0
2020-08-09,"Virginia Beach","Not Reported",1549,9,5
2020-08-09,Loudoun,Black,233,27,5
2020-08-09,Pittsylvania-Danville,Latino,48,3,0
2020-08-09,"Cumberland Plateau","Not Reported",10,0,0
2020-08-09,Chesterfield,"Not Reported",1847,3,9
2020-08-09,"Mount Rogers",White,1038,113,49
2020-08-09,Richmond,White,386,28,6
2020-08-09,Lenowisco,"Not Reported",46,3,1
2020-08-09,"Three Rivers",Latino,144,5,1
2020-08-09,Piedmont,"Not Reported",553,11,2
2020-08-09,"Mount Rogers",Latino,261,5,0
2020-08-09,"Central Shenandoah","Two or more races",12,1,0
2020-08-09,Crater,White,463,43,15
2020-08-09,Arlington,White,856,117,65
2020-08-09,Pittsylvania-Danville,"Other Race",0,0,0
2020-08-09,Chickahominy,Black,179,39,11
2020-08-09,Fairfax,Black,1180,203,56
2020-08-09,"Eastern Shore",Latino,254,10,3
2020-08-09,Norfolk,White,526,34,10
2020-08-09,"Mount Rogers","Two or more races",4,0,0
2020-08-09,Alleghany,"Two or more races",2,0,0
2020-08-09,Southside,White,165,26,17
2020-08-09,"Thomas Jefferson","Two or more races",23,0,0
2020-08-09,"Prince William",Black,1017,151,44
2020-08-09,"Lord Fairfax",White,1433,159,66
2020-08-09,"Cumberland Plateau",Latino,2,0,0
2020-08-09,Arlington,"Not Reported",314,5,0
2020-08-09,Rappahannock,"Other Race",61,4,0
2020-08-09,"Rappahannock Rapidan",Black,142,22,6
2020-08-09,"New River","Two or more races",3,0,0
2020-08-09,Arlington,Latino,1377,212,23
2020-08-09,Henrico,White,943,96,91
2020-08-09,Loudoun,White,1153,107,83
2020-08-09,Hampton,White,157,9,1
2020-08-09,Alleghany,Black,34,4,1
2020-08-09,"Prince William",White,1275,156,81
2020-08-09,Rappahannock,White,842,94,36
2020-08-09,Southside,"Other Race",8,0,1
2020-08-09,Portsmouth,"Two or more races",8,2,1
2020-08-09,"Western Tidewater",Black,928,78,36
2020-08-09,Hampton,Latino,49,4,0
2020-08-09,Henrico,"Not Reported",755,3,4
2020-08-09,"West Piedmont","Two or more races",0,0,0
2020-08-09,Peninsula,"Not Reported",1180,2,0
2020-08-09,Loudoun,Latino,1561,158,14
2020-08-09,Alexandria,Black,559,79,14
2020-08-09,Piedmont,Black,423,57,14
2020-08-09,Roanoke,"Other Race",7,0,0
2020-08-09,Alexandria,"Two or more races",10,1,0
2020-08-09,"Western Tidewater",Latino,22,1,1
2020-08-09,Rappahannock,"Not Reported",1049,28,0
2020-08-09,"West Piedmont","Other Race",5,1,1
2020-08-09,Chickahominy,White,465,83,32
2020-08-09,"Thomas Jefferson",Latino,570,25,2
2020-08-09,"Cumberland Plateau",Black,18,0,0
2020-08-09,"Lord Fairfax",Latino,628,40,8
2020-08-09,"West Piedmont",Latino,197,7,0
2020-08-09,"Cumberland Plateau",White,317,25,3
2020-08-09,"Eastern Shore","Other Race",13,1,0
2020-08-09,"Cumberland Plateau","Two or more races",4,0,0
2020-08-09,Pittsylvania-Danville,"Two or more races",0,0,0
2020-08-09,Piedmont,"Other Race",9,0,0
2020-08-09,Alexandria,Latino,1503,124,9
2020-08-09,Chesapeake,Black,1067,130,11
2020-08-09,Richmond,"Other Race",100,6,2
2020-08-09,Henrico,Latino,742,52,7
2020-08-09,Piedmont,"Two or more races",4,2,0
2020-08-09,"Prince William","Other Race",310,14,0
2020-08-09,"New River","Not Reported",75,2,0
2020-08-09,"Rappahannock Rapidan",White,525,42,13
2020-08-09,"Central Virginia","Not Reported",988,7,0
2020-08-09,"Virginia Beach","Two or more races",38,2,0
2020-08-09,Pittsylvania-Danville,White,188,25,4
2020-08-09,"Lord Fairfax",Black,110,12,6
2020-08-09,Fairfax,Latino,8390,931,75
2020-08-09,Chesterfield,"Asian or Pacific Islander",43,2,0
2020-08-09,Crater,"Asian or Pacific Islander",12,0,0
2020-08-09,Fairfax,"Asian or Pacific Islander",1349,243,71
2020-08-09,Hampton,"Asian or Pacific Islander",10,0,0
2020-08-09,"Rappahannock Rapidan","Asian or Pacific Islander",6,1,0
2020-08-09,"Mount Rogers","Asian or Pacific Islander",3,1,0
2020-08-09,"New River","Asian or Pacific Islander",7,0,0
2020-08-09,"Central Virginia","Asian or Pacific Islander",7,0,0
2020-08-09,"Lord Fairfax","Asian or Pacific Islander",8,0,0
2020-08-09,Southside,"Asian or Pacific Islander",1,0,0
2020-08-09,Alleghany,"Asian or Pacific Islander",5,0,0
2020-08-09,Portsmouth,"Asian or Pacific Islander",12,2,0
2020-08-09,Roanoke,"Asian or Pacific Islander",9,0,0
2020-08-09,Richmond,"Asian or Pacific Islander",18,3,1
2020-08-09,"Thomas Jefferson","Asian or Pacific Islander",33,0,1
2020-08-09,"Virginia Beach","Asian or Pacific Islander",179,20,2
2020-08-09,Henrico,"Asian or Pacific Islander",141,8,3
2020-08-09,Piedmont,"Asian or Pacific Islander",6,0,0
2020-08-09,"Western Tidewater","Asian or Pacific Islander",12,2,0
2020-08-09,"West Piedmont","Asian or Pacific Islander",12,1,1
2020-08-09,Chickahominy,"Asian or Pacific Islander",8,1,0
2020-08-09,Peninsula,"Asian or Pacific Islander",27,4,3
2020-08-09,Norfolk,"Asian or Pacific Islander",38,2,0
2020-08-09,Arlington,"Asian or Pacific Islander",139,22,12
2020-08-09,Loudoun,"Asian or Pacific Islander",264,42,11
2020-08-09,Alexandria,"Asian or Pacific Islander",103,10,1
2020-08-09,Rappahannock,"Asian or Pacific Islander",53,9,1
2020-08-09,Chesapeake,"Asian or Pacific Islander",44,8,4
2020-08-09,"Cumberland Plateau and Lenowisco","Asian or Pacific Islander",1,0,0
2020-08-09,"Central Shenandoah","Asian or Pacific Islander",22,2,0
2020-08-09,"Prince William","Asian or Pacific Islander",355,46,15
2020-08-09,Pittsylvania-Danville,"Asian or Pacific Islander",3,0,0
2020-08-09,"Eastern Shore and Three Rivers","Asian or Pacific Islander",8,1,0
2020-08-09,Piedmont,"Native American",1,0,0
2020-08-09,"New River","Native American",0,0,0
2020-08-09,"Central Shenandoah","Native American",3,1,0
2020-08-09,"Eastern Shore and Three Rivers","Native American",1,0,0
2020-08-09,Fairfax,"Native American",31,1,1
2020-08-09,Chesapeake,"Native American",9,0,0
2020-08-09,"Western Tidewater","Native American",1,0,0
2020-08-09,Portsmouth,"Native American",2,1,0
2020-08-09,Richmond,"Native American",0,0,0
2020-08-09,Chickahominy,"Native American",4,1,0
2020-08-09,"Thomas Jefferson","Native American",2,0,0
2020-08-09,Arlington,"Native American",3,0,0
2020-08-09,"Virginia Beach","Native American",3,0,0
2020-08-09,Peninsula,"Native American",3,0,0
2020-08-09,Hampton,"Native American",1,0,0
2020-08-09,"West Piedmont","Native American",3,0,0
2020-08-09,"Cumberland Plateau, Lenowisco, and Mount Rogers","Native American",1,0,0
2020-08-09,Henrico,"Native American",7,0,0
2020-08-09,Norfolk,"Native American",4,0,0
2020-08-09,"Prince William","Native American",13,1,0
2020-08-09,"Central Virginia","Native American",1,0,0
2020-08-09,Chesterfield,"Native American",3,0,0
2020-08-09,Rappahannock,"Native American",3,0,0
2020-08-09,Loudoun,"Native American",2,0,0
2020-08-09,Alexandria,"Native American",2,0,0
2020-08-09,"Alleghany and Roanoke","Native American",0,0,0
2020-08-09,Crater,"Native American",5,0,0
2020-08-09,"Rappahannock Rapidan","Native American",1,0,0
2020-08-09,"Lord Fairfax","Native American",2,1,1
2020-08-09,"Pittsylvania-Danville and Southside","Native American",0,0,0
2020-08-10,"Rappahannock Rapidan","Not Reported",530,11,2
2020-08-10,Portsmouth,"Other Race",50,2,1
2020-08-10,"Western Tidewater","Two or more races",14,0,0
2020-08-10,Piedmont,White,403,48,17
2020-08-10,Chesterfield,Latino,1124,71,7
2020-08-10,Lenowisco,White,312,33,6
2020-08-10,Lenowisco,"Two or more races",1,0,0
2020-08-10,Hampton,"Not Reported",472,0,0
2020-08-10,Southside,"Not Reported",405,8,4
2020-08-10,Roanoke,Black,69,8,3
2020-08-10,Hampton,Black,510,36,6
2020-08-10,Alleghany,"Other Race",3,1,0
2020-08-10,Lenowisco,Latino,4,0,0
2020-08-10,Loudoun,"Other Race",135,11,2
2020-08-10,"Central Shenandoah",Latino,869,54,5
2020-08-10,"Rappahannock Rapidan",Latino,719,59,6
2020-08-10,"Eastern Shore",Black,832,95,26
2020-08-10,Norfolk,Latino,266,18,0
2020-08-10,Hampton,"Two or more races",12,0,0
2020-08-10,Richmond,Black,930,173,25
2020-08-10,Henrico,"Two or more races",22,1,0
2020-08-10,Fairfax,"Two or more races",52,5,0
2020-08-10,Alleghany,"Not Reported",488,2,0
2020-08-10,Portsmouth,"Not Reported",500,4,0
2020-08-10,"Cumberland Plateau","Other Race",1,1,0
2020-08-10,Southside,"Two or more races",23,0,0
2020-08-10,Portsmouth,White,212,13,5
2020-08-10,"Rappahannock Rapidan","Two or more races",20,2,0
2020-08-10,Fairfax,White,2842,443,289
2020-08-10,Fairfax,"Other Race",619,74,17
2020-08-10,Crater,"Two or more races",2,0,0
2020-08-10,"West Piedmont","Not Reported",245,24,0
2020-08-10,Henrico,"Other Race",88,11,0
2020-08-10,"Three Rivers",White,430,33,8
2020-08-10,"Central Virginia",Black,106,21,5
2020-08-10,Lenowisco,"Other Race",5,0,0
2020-08-10,"Three Rivers","Other Race",12,3,0
2020-08-10,"Western Tidewater",White,468,47,39
2020-08-10,"Mount Rogers",Black,41,6,2
2020-08-10,"Three Rivers","Not Reported",183,2,0
2020-08-10,"Thomas Jefferson",Black,366,58,11
2020-08-10,"Eastern Shore",White,208,21,16
2020-08-10,"Central Virginia",White,313,31,8
2020-08-10,Lenowisco,Black,5,1,0
2020-08-10,"Central Virginia","Two or more races",0,0,0
2020-08-10,Richmond,"Two or more races",7,0,0
2020-08-10,Crater,"Not Reported",536,8,4
2020-08-10,Chesterfield,"Two or more races",12,2,0
2020-08-10,"New River",Latino,73,4,0
2020-08-10,Richmond,Latino,1140,92,7
2020-08-10,Portsmouth,Latino,52,11,1
2020-08-10,Pittsylvania-Danville,"Not Reported",385,7,1
2020-08-10,Chesapeake,"Not Reported",769,5,0
2020-08-10,Chickahominy,Latino,71,4,0
2020-08-10,Crater,Black,1214,159,47
2020-08-10,Chesterfield,Black,681,90,25
2020-08-10,Chesterfield,"Other Race",181,7,0
2020-08-10,Peninsula,Black,739,60,16
2020-08-10,Roanoke,White,134,7,12
2020-08-10,"New River",Black,40,3,0
2020-08-10,Southside,Latino,5,0,0
2020-08-10,Peninsula,Latino,275,19,0
2020-08-10,Rappahannock,"Two or more races",21,2,0
2020-08-10,"Virginia Beach",Black,1266,73,11
2020-08-10,"Mount Rogers","Not Reported",73,1,1
2020-08-10,Loudoun,"Not Reported",1912,4,0
2020-08-10,Chesapeake,"Other Race",58,2,1
2020-08-10,Chickahominy,"Two or more races",1,1,0
2020-08-10,Crater,"Other Race",26,0,0
2020-08-10,Norfolk,"Two or more races",34,0,0
2020-08-10,"Eastern Shore","Two or more races",1,1,0
2020-08-10,"Central Shenandoah",White,1475,144,49
2020-08-10,"New River","Other Race",2,0,0
2020-08-10,"New River",White,347,24,8
2020-08-10,"Central Shenandoah","Other Race",41,1,0
2020-08-10,"West Piedmont",Black,263,52,5
2020-08-10,Alleghany,Latino,97,7,0
2020-08-10,"Central Shenandoah","Not Reported",231,3,1
2020-08-10,Roanoke,"Two or more races",2,1,0
2020-08-10,Peninsula,"Two or more races",29,2,0
2020-08-10,Richmond,"Not Reported",602,2,0
2020-08-10,Arlington,"Other Race",77,8,3
2020-08-10,Norfolk,"Not Reported",975,3,0
2020-08-10,Alexandria,"Other Race",51,6,2
2020-08-10,"Virginia Beach",White,1630,118,33
2020-08-10,Chesapeake,"Two or more races",24,1,1
2020-08-10,Alleghany,White,333,33,17
2020-08-10,"Rappahannock Rapidan","Other Race",26,1,0
2020-08-10,Chickahominy,"Not Reported",249,2,2
2020-08-10,Portsmouth,Black,952,98,17
2020-08-10,Chickahominy,"Other Race",13,2,0
2020-08-10,"Virginia Beach",Latino,287,18,3
2020-08-10,Chesapeake,White,767,69,19
2020-08-10,Southside,Black,223,34,13
2020-08-10,Rappahannock,Latino,1069,99,8
2020-08-10,"Three Rivers","Two or more races",4,0,0
2020-08-10,Henrico,Black,1189,164,80
2020-08-10,Pittsylvania-Danville,Black,279,42,4
2020-08-10,"Lord Fairfax","Two or more races",11,0,0
2020-08-10,"Prince William",Latino,4969,581,65
2020-08-10,"Mount Rogers","Other Race",7,2,1
2020-08-10,"Central Shenandoah",Black,140,9,4
2020-08-10,Peninsula,White,640,77,25
2020-08-10,"Eastern Shore","Not Reported",86,0,0
2020-08-10,"Thomas Jefferson","Other Race",117,3,0
2020-08-10,Hampton,"Other Race",31,2,0
2020-08-10,"Lord Fairfax","Not Reported",316,4,6
2020-08-10,"Central Virginia","Other Race",9,0,0
2020-08-10,"Western Tidewater","Other Race",41,1,1
2020-08-10,Crater,Latino,167,9,4
2020-08-10,Chesapeake,Latino,201,15,1
2020-08-10,Chesterfield,White,824,86,64
2020-08-10,"Western Tidewater","Not Reported",635,3,1
2020-08-10,Fairfax,"Not Reported",2103,58,33
2020-08-10,Arlington,Black,296,71,32
2020-08-10,"Central Virginia",Latino,26,3,1
2020-08-10,Alexandria,"Not Reported",186,6,1
2020-08-10,"Three Rivers",Black,324,28,7
2020-08-10,"Prince William","Two or more races",30,1,0
2020-08-10,Loudoun,"Two or more races",32,0,0
2020-08-10,Peninsula,"Other Race",101,3,0
2020-08-10,"Thomas Jefferson",White,704,58,30
2020-08-10,Norfolk,"Other Race",62,2,1
2020-08-10,"Prince William","Not Reported",3708,24,0
2020-08-10,"West Piedmont",White,411,56,8
2020-08-10,Rappahannock,Black,527,66,12
2020-08-10,Norfolk,Black,1795,136,21
2020-08-10,Roanoke,Latino,245,7,0
2020-08-10,Piedmont,Latino,68,6,1
2020-08-10,Roanoke,"Not Reported",547,1,0
2020-08-10,"Virginia Beach","Other Race",75,2,0
2020-08-10,Arlington,"Two or more races",22,2,0
2020-08-10,Alexandria,White,554,52,33
2020-08-10,"Lord Fairfax","Other Race",60,6,1
2020-08-10,"Thomas Jefferson","Not Reported",156,1,0
2020-08-10,"Virginia Beach","Not Reported",1567,9,5
2020-08-10,Loudoun,Black,237,27,5
2020-08-10,Pittsylvania-Danville,Latino,49,3,0
2020-08-10,"Cumberland Plateau","Not Reported",11,0,0
2020-08-10,Chesterfield,"Not Reported",1846,3,9
2020-08-10,"Mount Rogers",White,1045,113,49
2020-08-10,Richmond,White,393,28,6
2020-08-10,Lenowisco,"Not Reported",55,3,1
2020-08-10,"Three Rivers",Latino,144,5,1
2020-08-10,Piedmont,"Not Reported",553,11,2
2020-08-10,"Mount Rogers",Latino,262,5,0
2020-08-10,"Central Shenandoah","Two or more races",12,1,0
2020-08-10,Crater,White,466,43,15
2020-08-10,Arlington,White,857,117,65
2020-08-10,Pittsylvania-Danville,"Other Race",0,0,0
2020-08-10,Chickahominy,Black,180,39,11
2020-08-10,Fairfax,Black,1193,203,56
2020-08-10,"Eastern Shore",Latino,254,10,3
2020-08-10,Norfolk,White,528,34,10
2020-08-10,"Mount Rogers","Two or more races",4,0,0
2020-08-10,Alleghany,"Two or more races",3,0,0
2020-08-10,Southside,White,167,26,17
2020-08-10,"Thomas Jefferson","Two or more races",23,0,0
2020-08-10,"Prince William",Black,1023,152,44
2020-08-10,"Lord Fairfax",White,1433,159,66
2020-08-10,"Cumberland Plateau",Latino,2,0,0
2020-08-10,Arlington,"Not Reported",320,5,0
2020-08-10,Rappahannock,"Other Race",62,4,0
2020-08-10,"Rappahannock Rapidan",Black,142,22,6
2020-08-10,"New River","Two or more races",3,0,0
2020-08-10,Arlington,Latino,1377,212,23
2020-08-10,Henrico,White,949,97,91
2020-08-10,Loudoun,White,1158,107,83
2020-08-10,Hampton,White,160,9,1
2020-08-10,Alleghany,Black,34,4,1
2020-08-10,"Prince William",White,1283,156,81
2020-08-10,Rappahannock,White,851,94,36
2020-08-10,Southside,"Other Race",8,0,1
2020-08-10,Portsmouth,"Two or more races",8,2,1
2020-08-10,"Western Tidewater",Black,940,78,36
2020-08-10,Hampton,Latino,49,4,0
2020-08-10,Henrico,"Not Reported",762,3,4
2020-08-10,"West Piedmont","Two or more races",0,0,0
2020-08-10,Peninsula,"Not Reported",1189,2,0
2020-08-10,Loudoun,Latino,1566,158,14
2020-08-10,Alexandria,Black,563,79,14
2020-08-10,Piedmont,Black,423,57,14
2020-08-10,Roanoke,"Other Race",9,0,0
2020-08-10,Alexandria,"Two or more races",10,1,0
2020-08-10,"Western Tidewater",Latino,22,1,1
2020-08-10,Rappahannock,"Not Reported",1063,28,0
2020-08-10,"West Piedmont","Other Race",5,1,1
2020-08-10,Chickahominy,White,472,83,32
2020-08-10,"Thomas Jefferson",Latino,575,25,2
2020-08-10,"Cumberland Plateau",Black,18,0,0
2020-08-10,"Lord Fairfax",Latino,629,40,8
2020-08-10,"West Piedmont",Latino,197,7,0
2020-08-10,"Cumberland Plateau",White,333,25,3
2020-08-10,"Eastern Shore","Other Race",13,1,0
2020-08-10,"Cumberland Plateau","Two or more races",4,0,0
2020-08-10,Pittsylvania-Danville,"Two or more races",0,0,0
2020-08-10,Piedmont,"Other Race",9,0,0
2020-08-10,Alexandria,Latino,1507,124,9
2020-08-10,Chesapeake,Black,1077,130,11
2020-08-10,Richmond,"Other Race",100,6,2
2020-08-10,Henrico,Latino,746,52,7
2020-08-10,Piedmont,"Two or more races",4,2,0
2020-08-10,"Prince William","Other Race",311,14,0
2020-08-10,"New River","Not Reported",75,2,0
2020-08-10,"Rappahannock Rapidan",White,527,42,13
2020-08-10,"Central Virginia","Not Reported",1002,7,0
2020-08-10,"Virginia Beach","Two or more races",38,2,0
2020-08-10,Pittsylvania-Danville,White,188,25,4
2020-08-10,"Lord Fairfax",Black,110,12,6
2020-08-10,Fairfax,Latino,8405,932,75
2020-08-10,Chesterfield,"Asian or Pacific Islander",43,2,0
2020-08-10,Crater,"Asian or Pacific Islander",13,0,0
2020-08-10,Fairfax,"Asian or Pacific Islander",1351,243,71
2020-08-10,Hampton,"Asian or Pacific Islander",10,0,0
2020-08-10,"Rappahannock Rapidan","Asian or Pacific Islander",6,1,0
2020-08-10,"Mount Rogers","Asian or Pacific Islander",3,1,0
2020-08-10,"New River","Asian or Pacific Islander",7,0,0
2020-08-10,"Central Virginia","Asian or Pacific Islander",7,0,0
2020-08-10,"Lord Fairfax","Asian or Pacific Islander",8,0,0
2020-08-10,Southside,"Asian or Pacific Islander",1,0,0
2020-08-10,Alleghany,"Asian or Pacific Islander",6,0,0
2020-08-10,Portsmouth,"Asian or Pacific Islander",12,2,0
2020-08-10,Roanoke,"Asian or Pacific Islander",9,0,0
2020-08-10,Richmond,"Asian or Pacific Islander",18,3,1
2020-08-10,"Thomas Jefferson","Asian or Pacific Islander",33,0,1
2020-08-10,"Virginia Beach","Asian or Pacific Islander",184,20,2
2020-08-10,Henrico,"Asian or Pacific Islander",141,8,3
2020-08-10,Piedmont,"Asian or Pacific Islander",6,0,0
2020-08-10,"Western Tidewater","Asian or Pacific Islander",12,2,0
2020-08-10,"West Piedmont","Asian or Pacific Islander",12,1,1
2020-08-10,Chickahominy,"Asian or Pacific Islander",8,1,0
2020-08-10,Peninsula,"Asian or Pacific Islander",32,4,3
2020-08-10,Norfolk,"Asian or Pacific Islander",38,2,0
2020-08-10,Arlington,"Asian or Pacific Islander",139,22,12
2020-08-10,Loudoun,"Asian or Pacific Islander",264,42,11
2020-08-10,Alexandria,"Asian or Pacific Islander",103,10,1
2020-08-10,Rappahannock,"Asian or Pacific Islander",53,9,1
2020-08-10,Chesapeake,"Asian or Pacific Islander",44,8,4
2020-08-10,"Cumberland Plateau and Lenowisco","Asian or Pacific Islander",1,0,0
2020-08-10,"Central Shenandoah","Asian or Pacific Islander",22,2,0
2020-08-10,"Prince William","Asian or Pacific Islander",355,46,15
2020-08-10,Pittsylvania-Danville,"Asian or Pacific Islander",3,0,0
2020-08-10,"Eastern Shore and Three Rivers","Asian or Pacific Islander",8,1,0
2020-08-10,Piedmont,"Native American",1,0,0
2020-08-10,"New River","Native American",0,0,0
2020-08-10,"Central Shenandoah","Native American",3,1,0
2020-08-10,"Eastern Shore and Three Rivers","Native American",1,0,0
2020-08-10,Fairfax,"Native American",31,1,1
2020-08-10,Chesapeake,"Native American",9,0,0
2020-08-10,"Western Tidewater","Native American",1,0,0
2020-08-10,Portsmouth,"Native American",2,1,0
2020-08-10,Richmond,"Native American",0,0,0
2020-08-10,Chickahominy,"Native American",4,1,0
2020-08-10,"Thomas Jefferson","Native American",2,0,0
2020-08-10,Arlington,"Native American",3,0,0
2020-08-10,"Virginia Beach","Native American",3,0,0
2020-08-10,Peninsula,"Native American",4,1,0
2020-08-10,Hampton,"Native American",1,0,0
2020-08-10,"West Piedmont","Native American",3,0,0
2020-08-10,"Cumberland Plateau, Lenowisco, and Mount Rogers","Native American",1,0,0
2020-08-10,Henrico,"Native American",7,0,0
2020-08-10,Norfolk,"Native American",5,0,0
2020-08-10,"Prince William","Native American",14,1,0
2020-08-10,"Central Virginia","Native American",1,0,0
2020-08-10,Chesterfield,"Native American",3,0,0
2020-08-10,Rappahannock,"Native American",3,0,0
2020-08-10,Loudoun,"Native American",2,0,0
2020-08-10,Alexandria,"Native American",2,0,0
2020-08-10,"Alleghany and Roanoke","Native American",0,0,0
2020-08-10,Crater,"Native American",5,0,0
2020-08-10,"Rappahannock Rapidan","Native American",1,0,0
2020-08-10,"Lord Fairfax","Native American",2,1,1
2020-08-10,"Pittsylvania-Danville and Southside","Native American",0,0,0
2020-08-11,"Rappahannock Rapidan","Not Reported",532,11,2
2020-08-11,Portsmouth,"Other Race",53,2,1
2020-08-11,"Western Tidewater","Two or more races",15,0,0
2020-08-11,Piedmont,White,407,48,18
2020-08-11,Chesterfield,Latino,1139,73,7
2020-08-11,Lenowisco,White,349,38,6
2020-08-11,Lenowisco,"Two or more races",2,0,0
2020-08-11,Hampton,"Not Reported",474,0,0
2020-08-11,Southside,"Not Reported",411,8,4
2020-08-11,Roanoke,Black,72,8,3
2020-08-11,Hampton,Black,516,36,6
2020-08-11,Alleghany,"Other Race",3,1,0
2020-08-11,Lenowisco,Latino,4,0,0
2020-08-11,Loudoun,"Other Race",138,11,2
2020-08-11,"Central Shenandoah",Latino,877,54,5
2020-08-11,"Rappahannock Rapidan",Latino,721,59,6
2020-08-11,"Eastern Shore",Black,833,95,26
2020-08-11,Norfolk,Latino,270,18,0
2020-08-11,Hampton,"Two or more races",12,0,0
2020-08-11,Richmond,Black,952,175,25
2020-08-11,Henrico,"Two or more races",23,1,0
2020-08-11,Fairfax,"Two or more races",52,5,0
2020-08-11,Alleghany,"Not Reported",477,2,0
2020-08-11,Portsmouth,"Not Reported",513,4,0
2020-08-11,"Cumberland Plateau","Other Race",1,1,0
2020-08-11,Southside,"Two or more races",23,0,0
2020-08-11,Portsmouth,White,215,13,5
2020-08-11,"Rappahannock Rapidan","Two or more races",20,2,0
2020-08-11,Fairfax,White,2867,443,290
2020-08-11,Fairfax,"Other Race",621,74,17
2020-08-11,Crater,"Two or more races",3,0,0
2020-08-11,"West Piedmont","Not Reported",245,25,0
2020-08-11,Henrico,"Other Race",91,11,0
2020-08-11,"Three Rivers",White,436,34,8
2020-08-11,"Central Virginia",Black,109,21,5
2020-08-11,Lenowisco,"Other Race",5,0,0
2020-08-11,"Three Rivers","Other Race",12,3,0
2020-08-11,"Western Tidewater",White,476,47,40
2020-08-11,"Mount Rogers",Black,41,6,2
2020-08-11,"Three Rivers","Not Reported",184,3,1
2020-08-11,"Thomas Jefferson",Black,374,58,11
2020-08-11,"Eastern Shore",White,212,21,16
2020-08-11,"Central Virginia",White,321,32,9
2020-08-11,Lenowisco,Black,5,1,0
2020-08-11,"Central Virginia","Two or more races",0,0,0
2020-08-11,Richmond,"Two or more races",8,0,0
2020-08-11,Crater,"Not Reported",541,8,4
2020-08-11,Chesterfield,"Two or more races",11,2,0
2020-08-11,"New River",Latino,73,4,0
2020-08-11,Richmond,Latino,1143,93,7
2020-08-11,Portsmouth,Latino,52,11,1
2020-08-11,Pittsylvania-Danville,"Not Reported",395,7,1
2020-08-11,Chesapeake,"Not Reported",762,5,0
2020-08-11,Chickahominy,Latino,70,4,0
2020-08-11,Crater,Black,1240,159,47
2020-08-11,Chesterfield,Black,689,90,25
2020-08-11,Chesterfield,"Other Race",184,7,0
2020-08-11,Peninsula,Black,741,60,16
2020-08-11,Roanoke,White,139,8,12
2020-08-11,"New River",Black,42,3,0
2020-08-11,Southside,Latino,5,0,0
2020-08-11,Peninsula,Latino,275,19,0
2020-08-11,Rappahannock,"Two or more races",21,2,0
2020-08-11,"Virginia Beach",Black,1280,75,11
2020-08-11,"Mount Rogers","Not Reported",72,1,1
2020-08-11,Loudoun,"Not Reported",1926,4,0
2020-08-11,Chesapeake,"Other Race",59,3,1
2020-08-11,Chickahominy,"Two or more races",1,1,0
2020-08-11,Crater,"Other Race",28,0,0
2020-08-11,Norfolk,"Two or more races",39,0,0
2020-08-11,"Eastern Shore","Two or more races",1,1,0
2020-08-11,"Central Shenandoah",White,1485,144,49
2020-08-11,"New River","Other Race",2,0,0
2020-08-11,"New River",White,352,24,8
2020-08-11,"Central Shenandoah","Other Race",41,1,0
2020-08-11,"West Piedmont",Black,271,52,5
2020-08-11,Alleghany,Latino,100,7,0
2020-08-11,"Central Shenandoah","Not Reported",232,3,1
2020-08-11,Roanoke,"Two or more races",2,1,0
2020-08-11,Peninsula,"Two or more races",29,2,0
2020-08-11,Richmond,"Not Reported",613,2,0
2020-08-11,Arlington,"Other Race",77,8,3
2020-08-11,Norfolk,"Not Reported",988,3,0
2020-08-11,Alexandria,"Other Race",54,7,2
2020-08-11,"Virginia Beach",White,1649,125,33
2020-08-11,Chesapeake,"Two or more races",25,1,1
2020-08-11,Alleghany,White,343,35,17
2020-08-11,"Rappahannock Rapidan","Other Race",26,1,0
2020-08-11,Chickahominy,"Not Reported",252,2,2
2020-08-11,Portsmouth,Black,978,98,17
2020-08-11,Chickahominy,"Other Race",13,2,0
2020-08-11,"Virginia Beach",Latino,295,18,3
2020-08-11,Chesapeake,White,772,72,20
2020-08-11,Southside,Black,224,34,13
2020-08-11,Rappahannock,Latino,1074,99,8
2020-08-11,"Three Rivers","Two or more races",4,0,0
2020-08-11,Henrico,Black,1208,163,80
2020-08-11,Pittsylvania-Danville,Black,284,42,4
2020-08-11,"Lord Fairfax","Two or more races",11,0,0
2020-08-11,"Prince William",Latino,5002,582,65
2020-08-11,"Mount Rogers","Other Race",7,2,1
2020-08-11,"Central Shenandoah",Black,140,9,4
2020-08-11,Peninsula,White,642,77,27
2020-08-11,"Eastern Shore","Not Reported",85,0,0
2020-08-11,"Thomas Jefferson","Other Race",116,3,0
2020-08-11,Hampton,"Other Race",33,2,0
2020-08-11,"Lord Fairfax","Not Reported",323,4,6
2020-08-11,"Central Virginia","Other Race",9,0,0
2020-08-11,"Western Tidewater","Other Race",41,1,1
2020-08-11,Crater,Latino,168,9,4
2020-08-11,Chesapeake,Latino,204,16,1
2020-08-11,Chesterfield,White,833,86,64
2020-08-11,"Western Tidewater","Not Reported",646,3,1
2020-08-11,Fairfax,"Not Reported",2140,58,32
2020-08-11,Arlington,Black,295,71,32
2020-08-11,"Central Virginia",Latino,26,3,1
2020-08-11,Alexandria,"Not Reported",187,6,1
2020-08-11,"Three Rivers",Black,330,29,7
2020-08-11,"Prince William","Two or more races",30,1,0
2020-08-11,Loudoun,"Two or more races",35,0,0
2020-08-11,Peninsula,"Other Race",102,3,0
2020-08-11,"Thomas Jefferson",White,715,58,30
2020-08-11,Norfolk,"Other Race",63,2,1
2020-08-11,"Prince William","Not Reported",3709,24,0
2020-08-11,"West Piedmont",White,414,58,9
2020-08-11,Rappahannock,Black,538,66,12
2020-08-11,Norfolk,Black,1834,142,21
2020-08-11,Roanoke,Latino,256,8,0
2020-08-11,Piedmont,Latino,68,6,2
2020-08-11,Roanoke,"Not Reported",544,1,0
2020-08-11,"Virginia Beach","Other Race",78,3,0
2020-08-11,Arlington,"Two or more races",22,2,0
2020-08-11,Alexandria,White,557,53,33
2020-08-11,"Lord Fairfax","Other Race",60,6,1
2020-08-11,"Thomas Jefferson","Not Reported",159,1,0
2020-08-11,"Virginia Beach","Not Reported",1581,9,5
2020-08-11,Loudoun,Black,238,27,5
2020-08-11,Pittsylvania-Danville,Latino,50,3,0
2020-08-11,"Cumberland Plateau","Not Reported",13,0,0
2020-08-11,Chesterfield,"Not Reported",1886,3,9
2020-08-11,"Mount Rogers",White,1056,113,51
2020-08-11,Richmond,White,392,30,6
2020-08-11,Lenowisco,"Not Reported",59,3,1
2020-08-11,"Three Rivers",Latino,144,5,1
2020-08-11,Piedmont,"Not Reported",571,11,2
2020-08-11,"Mount Rogers",Latino,263,5,0
2020-08-11,"Central Shenandoah","Two or more races",12,1,0
2020-08-11,Crater,White,477,44,15
2020-08-11,Arlington,White,861,117,65
2020-08-11,Pittsylvania-Danville,"Other Race",0,0,0
2020-08-11,Chickahominy,Black,180,39,11
2020-08-11,Fairfax,Black,1206,204,56
2020-08-11,"Eastern Shore",Latino,254,10,3
2020-08-11,Norfolk,White,544,34,10
2020-08-11,"Mount Rogers","Two or more races",4,0,0
2020-08-11,Alleghany,"Two or more races",3,0,0
2020-08-11,Southside,White,168,26,17
2020-08-11,"Thomas Jefferson","Two or more races",23,0,0
2020-08-11,"Prince William",Black,1034,152,44
2020-08-11,"Lord Fairfax",White,1439,163,68
2020-08-11,"Cumberland Plateau",Latino,2,0,0
2020-08-11,Arlington,"Not Reported",327,5,0
2020-08-11,Rappahannock,"Other Race",63,4,0
2020-08-11,"Rappahannock Rapidan",Black,145,23,6
2020-08-11,"New River","Two or more races",3,0,0
2020-08-11,Arlington,Latino,1381,212,23
2020-08-11,Henrico,White,960,97,92
2020-08-11,Loudoun,White,1167,107,83
2020-08-11,Alleghany,Black,35,4,1
2020-08-11,"Prince William",White,1288,157,81
2020-08-11,Rappahannock,White,869,94,36
2020-08-11,Southside,"Other Race",8,0,1
2020-08-11,Portsmouth,"Two or more races",8,2,1
2020-08-11,"Western Tidewater",Black,952,78,36
2020-08-11,Hampton,Latino,49,4,0
2020-08-11,Henrico,"Not Reported",760,3,4
2020-08-11,"West Piedmont","Two or more races",0,0,0
2020-08-11,Peninsula,"Not Reported",1194,2,0
2020-08-11,Loudoun,Latino,1574,160,14
2020-08-11,Alexandria,Black,566,80,14
2020-08-11,Piedmont,Black,424,57,14
2020-08-11,Roanoke,"Other Race",10,0,0
2020-08-11,Alexandria,"Two or more races",12,1,0
2020-08-11,"Western Tidewater",Latino,22,1,1
2020-08-11,Rappahannock,"Not Reported",1069,28,0
2020-08-11,"West Piedmont","Other Race",5,1,1
2020-08-11,Chickahominy,White,473,83,32
2020-08-11,"Thomas Jefferson",Latino,575,25,2
2020-08-11,"Cumberland Plateau",Black,18,0,0
2020-08-11,"Lord Fairfax",Latino,629,40,8
2020-08-11,"West Piedmont",Latino,197,8,1
2020-08-11,"Cumberland Plateau",White,341,27,4
2020-08-11,"Eastern Shore","Other Race",13,1,0
2020-08-11,"Cumberland Plateau","Two or more races",4,0,0
2020-08-11,Pittsylvania-Danville,"Two or more races",0,0,0
2020-08-11,Piedmont,"Other Race",9,0,0
2020-08-11,Alexandria,Latino,1515,124,9
2020-08-11,Chesapeake,Black,1083,133,11
2020-08-11,Richmond,"Other Race",103,6,2
2020-08-11,Henrico,Latino,754,52,7
2020-08-11,Piedmont,"Two or more races",4,2,0
2020-08-11,"Prince William","Other Race",312,14,0
2020-08-11,"New River","Not Reported",77,2,0
2020-08-11,"Rappahannock Rapidan",White,528,42,13
2020-08-11,"Central Virginia","Not Reported",1027,8,1
2020-08-11,"Virginia Beach","Two or more races",39,2,0
2020-08-11,Pittsylvania-Danville,White,190,25,4
2020-08-11,"Lord Fairfax",Black,111,12,6
2020-08-11,Fairfax,Latino,8424,933,75
2020-08-11,Chesterfield,"Asian or Pacific Islander",43,2,0
2020-08-11,Crater,"Asian or Pacific Islander",13,0,0
2020-08-11,Fairfax,"Asian or Pacific Islander",1354,243,71
2020-08-11,Hampton,"Asian or Pacific Islander",10,0,0
2020-08-11,"Rappahannock Rapidan","Asian or Pacific Islander",6,1,0
2020-08-11,"Mount Rogers","Asian or Pacific Islander",3,1,0
2020-08-11,"New River","Asian or Pacific Islander",7,0,0
2020-08-11,"Central Virginia","Asian or Pacific Islander",7,0,0
2020-08-11,"Lord Fairfax","Asian or Pacific Islander",8,0,0
2020-08-11,Southside,"Asian or Pacific Islander",1,0,0
2020-08-11,Alleghany,"Asian or Pacific Islander",7,0,0
2020-08-11,Portsmouth,"Asian or Pacific Islander",12,2,0
2020-08-11,Roanoke,"Asian or Pacific Islander",9,0,0
2020-08-11,Richmond,"Asian or Pacific Islander",18,3,1
2020-08-11,"Thomas Jefferson","Asian or Pacific Islander",33,0,1
2020-08-11,"Virginia Beach","Asian or Pacific Islander",186,20,2
2020-08-11,Henrico,"Asian or Pacific Islander",145,9,3
2020-08-11,Piedmont,"Asian or Pacific Islander",6,0,0
2020-08-11,"Western Tidewater","Asian or Pacific Islander",12,2,0
2020-08-11,"West Piedmont","Asian or Pacific Islander",12,1,1
2020-08-11,Chickahominy,"Asian or Pacific Islander",8,1,0
2020-08-11,Peninsula,"Asian or Pacific Islander",32,4,3
2020-08-11,Norfolk,"Asian or Pacific Islander",43,2,0
2020-08-11,Arlington,"Asian or Pacific Islander",139,22,12
2020-08-11,Loudoun,"Asian or Pacific Islander",266,43,11
2020-08-11,Alexandria,"Asian or Pacific Islander",102,10,1
2020-08-11,Rappahannock,"Asian or Pacific Islander",53,9,1
2020-08-11,Chesapeake,"Asian or Pacific Islander",44,8,4
2020-08-11,"Cumberland Plateau and Lenowisco","Asian or Pacific Islander",1,0,0
2020-08-11,"Central Shenandoah","Asian or Pacific Islander",22,2,0
2020-08-11,"Prince William","Asian or Pacific Islander",359,46,15
2020-08-11,Pittsylvania-Danville,"Asian or Pacific Islander",3,0,0
2020-08-11,"Eastern Shore and Three Rivers","Asian or Pacific Islander",8,1,0
2020-08-11,Piedmont,"Native American",1,0,0
2020-08-11,"New River","Native American",0,0,0
2020-08-11,"Central Shenandoah","Native American",3,1,0
2020-08-11,"Eastern Shore and Three Rivers","Native American",1,0,0
2020-08-11,Fairfax,"Native American",31,1,1
2020-08-11,Chesapeake,"Native American",9,0,0
2020-08-11,"Western Tidewater","Native American",1,0,0
2020-08-11,Portsmouth,"Native American",2,1,0
2020-08-11,Richmond,"Native American",0,0,0
2020-08-11,Chickahominy,"Native American",5,1,0
2020-08-11,"Thomas Jefferson","Native American",2,0,0
2020-08-11,Arlington,"Native American",3,0,0
2020-08-11,"Virginia Beach","Native American",3,0,0
2020-08-11,Peninsula,"Native American",4,1,0
2020-08-11,Hampton,"Native American",1,0,0
2020-08-11,"West Piedmont","Native American",3,0,0
2020-08-11,"Cumberland Plateau, Lenowisco, and Mount Rogers","Native American",1,0,0
2020-08-11,Henrico,"Native American",7,0,0
2020-08-11,Norfolk,"Native American",6,0,0
2020-08-11,"Prince William","Native American",14,1,0
2020-08-11,"Central Virginia","Native American",1,0,0
2020-08-11,Chesterfield,"Native American",3,0,0
2020-08-11,Rappahannock,"Native American",3,0,0
2020-08-11,Loudoun,"Native American",2,0,0
2020-08-11,Alexandria,"Native American",2,0,0
2020-08-11,"Alleghany and Roanoke","Native American",0,0,0
2020-08-11,Crater,"Native American",5,0,0
2020-08-11,"Rappahannock Rapidan","Native American",1,0,0
2020-08-11,"Lord Fairfax","Native American",2,1,1
2020-08-11,"Pittsylvania-Danville and Southside","Native American",0,0,0
2020-08-12,"Rappahannock Rapidan","Not Reported",533,11,2
2020-08-12,Portsmouth,"Other Race",54,2,1
2020-08-12,"Western Tidewater","Two or more races",15,0,0
2020-08-12,Piedmont,White,408,48,18
2020-08-12,Chesterfield,Latino,1145,73,7
2020-08-12,Lenowisco,White,364,39,6
2020-08-12,Lenowisco,"Two or more races",2,0,0
2020-08-12,Hampton,"Not Reported",484,0,0
2020-08-12,Southside,"Not Reported",412,9,5
2020-08-12,Roanoke,Black,73,8,3
2020-08-12,Hampton,Black,523,37,6
2020-08-12,Alleghany,"Other Race",3,1,0
2020-08-12,Lenowisco,Latino,4,0,0
2020-08-12,Loudoun,"Other Race",133,11,2
2020-08-12,"Central Shenandoah",Latino,880,54,5
2020-08-12,"Rappahannock Rapidan",Latino,721,59,6
2020-08-12,"Eastern Shore",Black,834,95,26
2020-08-12,Norfolk,Latino,271,18,0
2020-08-12,Hampton,"Two or more races",12,0,0
2020-08-12,Richmond,Black,968,179,25
2020-08-12,Henrico,"Two or more races",23,1,0
2020-08-12,Fairfax,"Two or more races",53,5,0
2020-08-12,Alleghany,"Not Reported",474,2,0
2020-08-12,Portsmouth,"Not Reported",521,4,0
2020-08-12,"Cumberland Plateau","Other Race",1,1,0
2020-08-12,Southside,"Two or more races",23,0,0
2020-08-12,Portsmouth,White,216,13,5
2020-08-12,"Rappahannock Rapidan","Two or more races",20,2,0
2020-08-12,Fairfax,White,2894,445,291
2020-08-12,Fairfax,"Other Race",634,74,17
2020-08-12,Crater,"Two or more races",3,0,0
2020-08-12,"West Piedmont","Not Reported",254,25,0
2020-08-12,Henrico,"Other Race",90,12,0
2020-08-12,"Three Rivers",White,438,34,8
2020-08-12,"Central Virginia",Black,109,21,5
2020-08-12,Lenowisco,"Other Race",5,0,0
2020-08-12,"Three Rivers","Other Race",12,3,0
2020-08-12,"Western Tidewater",White,487,47,40
2020-08-12,"Mount Rogers",Black,41,6,2
2020-08-12,"Three Rivers","Not Reported",189,3,1
2020-08-12,"Thomas Jefferson",Black,378,58,11
2020-08-12,"Eastern Shore",White,214,23,17
2020-08-12,"Central Virginia",White,323,33,9
2020-08-12,Lenowisco,Black,5,1,0
2020-08-12,"Central Virginia","Two or more races",0,0,0
2020-08-12,Richmond,"Two or more races",8,0,0
2020-08-12,Crater,"Not Reported",570,8,4
2020-08-12,Chesterfield,"Two or more races",11,2,0
2020-08-12,"New River",Latino,74,4,0
2020-08-12,Richmond,Latino,1144,94,7
2020-08-12,Portsmouth,Latino,54,11,1
2020-08-12,Pittsylvania-Danville,"Not Reported",398,7,1
2020-08-12,Chesapeake,"Not Reported",790,5,0
2020-08-12,Chickahominy,Latino,70,4,0
2020-08-12,Crater,Black,1258,162,47
2020-08-12,Chesterfield,Black,698,91,25
2020-08-12,Chesterfield,"Other Race",183,7,0
2020-08-12,Peninsula,Black,748,60,16
2020-08-12,Roanoke,White,143,8,12
2020-08-12,"New River",Black,45,3,0
2020-08-12,Southside,Latino,5,0,0
2020-08-12,Peninsula,Latino,276,19,0
2020-08-12,Rappahannock,"Two or more races",22,2,0
2020-08-12,"Virginia Beach",Black,1291,79,11
2020-08-12,"Mount Rogers","Not Reported",72,1,1
2020-08-12,Loudoun,"Not Reported",1923,4,0
2020-08-12,Chesapeake,"Other Race",59,3,1
2020-08-12,Chickahominy,"Two or more races",1,1,0
2020-08-12,Crater,"Other Race",28,0,0
2020-08-12,Norfolk,"Two or more races",39,0,0
2020-08-12,"Eastern Shore","Two or more races",1,1,0
2020-08-12,"Central Shenandoah",White,1495,147,49
2020-08-12,"New River","Other Race",2,0,0
2020-08-12,"New River",White,367,24,8
2020-08-12,"Central Shenandoah","Other Race",40,1,0
2020-08-12,"West Piedmont",Black,274,52,5
2020-08-12,Alleghany,Latino,101,7,0
2020-08-12,"Central Shenandoah","Not Reported",236,3,1
2020-08-12,Roanoke,"Two or more races",2,1,0
2020-08-12,Peninsula,"Two or more races",30,2,0
2020-08-12,Richmond,"Not Reported",612,2,0
2020-08-12,Arlington,"Other Race",77,8,3
2020-08-12,Norfolk,"Not Reported",969,3,0
2020-08-12,Alexandria,"Other Race",54,7,2
2020-08-12,"Virginia Beach",White,1657,127,33
2020-08-12,Chesapeake,"Two or more races",25,1,1
2020-08-12,Alleghany,White,347,35,17
2020-08-12,"Rappahannock Rapidan","Other Race",26,1,0
2020-08-12,Chickahominy,"Not Reported",257,2,2
2020-08-12,Portsmouth,Black,987,98,17
2020-08-12,Chickahominy,"Other Race",13,2,0
2020-08-12,"Virginia Beach",Latino,298,19,3
2020-08-12,Chesapeake,White,782,73,20
2020-08-12,Southside,Black,225,34,13
2020-08-12,Rappahannock,Latino,1092,100,8
2020-08-12,"Three Rivers","Two or more races",4,0,0
2020-08-12,Henrico,Black,1226,168,80
2020-08-12,Pittsylvania-Danville,Black,291,42,4
2020-08-12,"Lord Fairfax","Two or more races",12,0,0
2020-08-12,"Prince William",Latino,5022,582,65
2020-08-12,"Mount Rogers","Other Race",7,2,1
2020-08-12,"Central Shenandoah",Black,140,9,4
2020-08-12,Peninsula,White,646,77,27
2020-08-12,"Eastern Shore","Not Reported",84,0,0
2020-08-12,"Thomas Jefferson","Other Race",118,3,0
2020-08-12,Hampton,"Other Race",33,2,0
2020-08-12,"Lord Fairfax","Not Reported",320,4,6
2020-08-12,"Central Virginia","Other Race",9,0,0
2020-08-12,"Western Tidewater","Other Race",42,1,2
2020-08-12,Crater,Latino,169,9,4
2020-08-12,Chesapeake,Latino,211,16,1
2020-08-12,Chesterfield,White,845,88,65
2020-08-12,"Western Tidewater","Not Reported",661,3,1
2020-08-12,Fairfax,"Not Reported",2155,57,31
2020-08-12,Arlington,Black,301,71,32
2020-08-12,"Central Virginia",Latino,26,3,1
2020-08-12,Alexandria,"Not Reported",187,6,1
2020-08-12,"Three Rivers",Black,331,29,7
2020-08-12,"Prince William","Two or more races",30,1,0
2020-08-12,Loudoun,"Two or more races",36,0,0
2020-08-12,Peninsula,"Other Race",102,4,0
2020-08-12,"Thomas Jefferson",White,723,58,30
2020-08-12,Norfolk,"Other Race",64,2,1
2020-08-12,"Prince William","Not Reported",3701,24,0
2020-08-12,"West Piedmont",White,421,58,9
2020-08-12,Rappahannock,Black,551,67,12
2020-08-12,Norfolk,Black,1859,149,22
2020-08-12,Roanoke,Latino,259,9,0
2020-08-12,Piedmont,Latino,69,6,2
2020-08-12,Roanoke,"Not Reported",540,1,0
2020-08-12,"Virginia Beach","Other Race",79,2,0
2020-08-12,Arlington,"Two or more races",23,2,0
2020-08-12,Alexandria,White,560,53,33
2020-08-12,"Lord Fairfax","Other Race",60,6,1
2020-08-12,"Thomas Jefferson","Not Reported",164,1,0
2020-08-12,"Virginia Beach","Not Reported",1581,9,5
2020-08-12,Loudoun,Black,237,27,5
2020-08-12,Pittsylvania-Danville,Latino,51,3,0
2020-08-12,"Cumberland Plateau","Not Reported",11,0,0
2020-08-12,Chesterfield,"Not Reported",1901,4,9
2020-08-12,"Mount Rogers",White,1072,117,51
2020-08-12,Richmond,White,396,31,6
2020-08-12,Lenowisco,"Not Reported",62,3,1
2020-08-12,"Three Rivers",Latino,144,5,1
2020-08-12,Piedmont,"Not Reported",573,11,2
2020-08-12,"Mount Rogers",Latino,264,5,0
2020-08-12,"Central Shenandoah","Two or more races",12,1,0
2020-08-12,Crater,White,480,44,15
2020-08-12,Arlington,White,870,117,65
2020-08-12,Pittsylvania-Danville,"Other Race",0,0,0
2020-08-12,Chickahominy,Black,181,39,11
2020-08-12,Fairfax,Black,1214,207,56
2020-08-12,"Eastern Shore",Latino,254,10,3
2020-08-12,Norfolk,White,552,34,10
2020-08-12,"Mount Rogers","Two or more races",4,0,0
2020-08-12,Alleghany,"Two or more races",3,0,0
2020-08-12,Southside,White,170,26,17
2020-08-12,"Thomas Jefferson","Two or more races",23,0,0
2020-08-12,"Prince William",Black,1052,152,44
2020-08-12,"Lord Fairfax",White,1443,165,68
2020-08-12,"Cumberland Plateau",Latino,2,0,0
2020-08-12,Arlington,"Not Reported",313,4,0
2020-08-12,Rappahannock,"Other Race",66,4,0
2020-08-12,"Rappahannock Rapidan",Black,147,23,6
2020-08-12,"New River","Two or more races",3,0,0
2020-08-12,Arlington,Latino,1392,213,23
2020-08-12,Henrico,White,968,98,92
2020-08-12,Loudoun,White,1182,107,83
2020-08-12,Hampton,White,161,9,1
2020-08-12,Alleghany,Black,38,4,1
2020-08-12,"Prince William",White,1302,158,82
2020-08-12,Rappahannock,White,885,95,36
2020-08-12,Southside,"Other Race",9,0,1
2020-08-12,Portsmouth,"Two or more races",8,2,1
2020-08-12,"Western Tidewater",Black,968,80,37
2020-08-12,Hampton,Latino,49,4,0
2020-08-12,Henrico,"Not Reported",750,3,4
2020-08-12,"West Piedmont","Two or more races",0,0,0
2020-08-12,Peninsula,"Not Reported",1202,2,0
2020-08-12,Loudoun,Latino,1591,161,14
2020-08-12,Alexandria,Black,571,80,14
2020-08-12,Piedmont,Black,426,58,14
2020-08-12,Roanoke,"Other Race",10,0,0
2020-08-12,Alexandria,"Two or more races",12,1,0
2020-08-12,"Western Tidewater",Latino,22,1,1
2020-08-12,Rappahannock,"Not Reported",1073,28,0
2020-08-12,"West Piedmont","Other Race",5,1,1
2020-08-12,Chickahominy,White,474,83,33
2020-08-12,"Thomas Jefferson",Latino,579,25,2
2020-08-12,"Cumberland Plateau",Black,18,0,0
2020-08-12,"Lord Fairfax",Latino,631,40,8
2020-08-12,"West Piedmont",Latino,198,8,1
2020-08-12,"Cumberland Plateau",White,349,28,4
2020-08-12,"Eastern Shore","Other Race",13,1,0
2020-08-12,"Cumberland Plateau","Two or more races",4,0,0
2020-08-12,Pittsylvania-Danville,"Two or more races",0,0,0
2020-08-12,Piedmont,"Other Race",9,0,0
2020-08-12,Alexandria,Latino,1526,124,9
2020-08-12,Chesapeake,Black,1087,133,11
2020-08-12,Richmond,"Other Race",102,6,2
2020-08-12,Henrico,Latino,757,52,7
2020-08-12,Piedmont,"Two or more races",4,2,0
2020-08-12,"Prince William","Other Race",315,14,0
2020-08-12,"New River","Not Reported",79,2,0
2020-08-12,"Rappahannock Rapidan",White,527,42,13
2020-08-12,"Central Virginia","Not Reported",1038,8,1
2020-08-12,"Virginia Beach","Two or more races",39,2,0
2020-08-12,Pittsylvania-Danville,White,192,25,4
2020-08-12,"Lord Fairfax",Black,112,13,6
2020-08-12,Fairfax,Latino,8448,941,75
2020-08-12,Chesterfield,"Asian or Pacific Islander",43,2,0
2020-08-12,Crater,"Asian or Pacific Islander",13,0,0
2020-08-12,Fairfax,"Asian or Pacific Islander",1366,243,71
2020-08-12,Hampton,"Asian or Pacific Islander",10,0,0
2020-08-12,"Rappahannock Rapidan","Asian or Pacific Islander",6,1,0
2020-08-12,"Mount Rogers","Asian or Pacific Islander",3,1,0
2020-08-12,"New River","Asian or Pacific Islander",7,0,0
2020-08-12,"Central Virginia","Asian or Pacific Islander",7,0,0
2020-08-12,"Lord Fairfax","Asian or Pacific Islander",9,0,0
2020-08-12,Southside,"Asian or Pacific Islander",1,0,0
2020-08-12,Alleghany,"Asian or Pacific Islander",7,0,0
2020-08-12,Portsmouth,"Asian or Pacific Islander",13,2,0
2020-08-12,Roanoke,"Asian or Pacific Islander",9,0,0
2020-08-12,Richmond,"Asian or Pacific Islander",18,3,1
2020-08-12,"Thomas Jefferson","Asian or Pacific Islander",33,0,1
2020-08-12,"Virginia Beach","Asian or Pacific Islander",191,20,2
2020-08-12,Henrico,"Asian or Pacific Islander",147,10,3
2020-08-12,Piedmont,"Asian or Pacific Islander",6,0,0
2020-08-12,"Western Tidewater","Asian or Pacific Islander",12,2,0
2020-08-12,"West Piedmont","Asian or Pacific Islander",12,1,1
2020-08-12,Chickahominy,"Asian or Pacific Islander",8,1,0
2020-08-12,Peninsula,"Asian or Pacific Islander",32,4,3
2020-08-12,Norfolk,"Asian or Pacific Islander",42,2,0
2020-08-12,Arlington,"Asian or Pacific Islander",139,22,12
2020-08-12,Loudoun,"Asian or Pacific Islander",268,43,11
2020-08-12,Alexandria,"Asian or Pacific Islander",102,10,1
2020-08-12,Rappahannock,"Asian or Pacific Islander",53,9,1
2020-08-12,Chesapeake,"Asian or Pacific Islander",45,8,4
2020-08-12,"Cumberland Plateau and Lenowisco","Asian or Pacific Islander",1,0,0
2020-08-12,"Central Shenandoah","Asian or Pacific Islander",22,2,0
2020-08-12,"Prince William","Asian or Pacific Islander",358,46,15
2020-08-12,Pittsylvania-Danville,"Asian or Pacific Islander",3,0,0
2020-08-12,"Eastern Shore and Three Rivers","Asian or Pacific Islander",8,1,0
2020-08-12,Piedmont,"Native American",1,0,0
2020-08-12,"New River","Native American",0,0,0
2020-08-12,"Central Shenandoah","Native American",3,1,0
2020-08-12,"Eastern Shore and Three Rivers","Native American",1,0,0
2020-08-12,Fairfax,"Native American",31,1,1
2020-08-12,Chesapeake,"Native American",9,0,0
2020-08-12,"Western Tidewater","Native American",1,0,0
2020-08-12,Portsmouth,"Native American",2,1,0
2020-08-12,Richmond,"Native American",0,0,0
2020-08-12,Chickahominy,"Native American",5,1,0
2020-08-12,"Thomas Jefferson","Native American",2,0,0
2020-08-12,Arlington,"Native American",3,0,0
2020-08-12,"Virginia Beach","Native American",3,0,0
2020-08-12,Peninsula,"Native American",4,1,0
2020-08-12,Hampton,"Native American",1,0,0
2020-08-12,"West Piedmont","Native American",3,0,0
2020-08-12,"Cumberland Plateau, Lenowisco, and Mount Rogers","Native American",1,0,0
2020-08-12,Henrico,"Native American",7,0,0
2020-08-12,Norfolk,"Native American",6,0,0
2020-08-12,"Prince William","Native American",13,1,0
2020-08-12,"Central Virginia","Native American",1,0,0
2020-08-12,Chesterfield,"Native American",3,0,0
2020-08-12,Rappahannock,"Native American",3,0,0
2020-08-12,Loudoun,"Native American",2,0,0
2020-08-12,Alexandria,"Native American",2,0,0
2020-08-12,"Alleghany and Roanoke","Native American",0,0,0
2020-08-12,Crater,"Native American",5,0,0
2020-08-12,"Rappahannock Rapidan","Native American",1,0,0
2020-08-12,"Lord Fairfax","Native American",2,1,1
2020-08-12,"Pittsylvania-Danville and Southside","Native American",0,0,0
2020-08-13,"Rappahannock Rapidan","Not Reported",532,10,1
2020-08-13,Portsmouth,"Other Race",59,2,1
2020-08-13,"Western Tidewater","Two or more races",15,0,0
2020-08-13,Piedmont,White,406,48,18
2020-08-13,Chesterfield,Latino,1154,74,7
2020-08-13,Lenowisco,White,386,39,7
2020-08-13,Lenowisco,"Two or more races",2,0,0
2020-08-13,Hampton,"Not Reported",489,0,0
2020-08-13,Southside,"Not Reported",414,9,4
2020-08-13,Roanoke,Black,74,8,3
2020-08-13,Hampton,Black,530,37,6
2020-08-13,Alleghany,"Other Race",3,1,0
2020-08-13,Lenowisco,Latino,4,0,0
2020-08-13,Loudoun,"Other Race",133,11,2
2020-08-13,"Central Shenandoah",Latino,885,54,5
2020-08-13,"Rappahannock Rapidan",Latino,724,59,6
2020-08-13,"Eastern Shore",Black,835,96,26
2020-08-13,Norfolk,Latino,271,18,0
2020-08-13,Hampton,"Two or more races",12,0,0
2020-08-13,Richmond,Black,991,183,25
2020-08-13,Henrico,"Two or more races",23,1,0
2020-08-13,Fairfax,"Two or more races",53,5,0
2020-08-13,Alleghany,"Not Reported",472,2,0
2020-08-13,Portsmouth,"Not Reported",535,4,0
2020-08-13,"Cumberland Plateau","Other Race",1,1,0
2020-08-13,Southside,"Two or more races",23,0,0
2020-08-13,Portsmouth,White,224,13,5
2020-08-13,"Rappahannock Rapidan","Two or more races",21,2,0
2020-08-13,Fairfax,White,2911,447,292
2020-08-13,Fairfax,"Other Race",634,74,17
2020-08-13,Crater,"Two or more races",3,0,0
2020-08-13,"West Piedmont","Not Reported",283,28,0
2020-08-13,Henrico,"Other Race",91,12,0
2020-08-13,"Three Rivers",White,446,35,8
2020-08-13,"Central Virginia",Black,113,21,5
2020-08-13,Lenowisco,"Other Race",5,0,0
2020-08-13,"Three Rivers","Other Race",13,3,0
2020-08-13,"Western Tidewater",White,494,48,40
2020-08-13,"Mount Rogers",Black,41,6,2
2020-08-13,"Three Rivers","Not Reported",187,3,1
2020-08-13,"Thomas Jefferson",Black,381,60,11
2020-08-13,"Eastern Shore",White,217,23,17
2020-08-13,"Central Virginia",White,338,33,9
2020-08-13,Lenowisco,Black,5,1,0
2020-08-13,"Central Virginia","Two or more races",0,0,0
2020-08-13,Richmond,"Two or more races",7,0,0
2020-08-13,Crater,"Not Reported",568,8,4
2020-08-13,Chesterfield,"Two or more races",11,2,0
2020-08-13,"New River",Latino,75,4,0
2020-08-13,Richmond,Latino,1159,96,7
2020-08-13,Portsmouth,Latino,54,11,1
2020-08-13,Pittsylvania-Danville,"Not Reported",412,7,2
2020-08-13,Chesapeake,"Not Reported",795,5,0
2020-08-13,Chickahominy,Latino,71,4,0
2020-08-13,Crater,Black,1271,163,47
2020-08-13,Chesterfield,Black,708,91,25
2020-08-13,Chesterfield,"Other Race",182,7,0
2020-08-13,Peninsula,Black,764,61,17
2020-08-13,Roanoke,White,145,8,12
2020-08-13,"New River",Black,44,3,0
2020-08-13,Southside,Latino,5,0,0
2020-08-13,Peninsula,Latino,277,19,0
2020-08-13,Rappahannock,"Two or more races",22,2,0
2020-08-13,"Virginia Beach",Black,1315,80,11
2020-08-13,"Mount Rogers","Not Reported",71,1,1
2020-08-13,Loudoun,"Not Reported",1928,4,0
2020-08-13,Chesapeake,"Other Race",57,3,1
2020-08-13,Chickahominy,"Two or more races",1,1,0
2020-08-13,Crater,"Other Race",29,0,0
2020-08-13,Norfolk,"Two or more races",38,0,0
2020-08-13,"Eastern Shore","Two or more races",1,1,0
2020-08-13,"Central Shenandoah",White,1515,148,50
2020-08-13,"New River","Other Race",2,0,0
2020-08-13,"New River",White,389,23,8
2020-08-13,"Central Shenandoah","Other Race",40,1,0
2020-08-13,"West Piedmont",Black,282,52,5
2020-08-13,Alleghany,Latino,106,7,0
2020-08-13,"Central Shenandoah","Not Reported",236,3,1
2020-08-13,Roanoke,"Two or more races",2,1,0
2020-08-13,Peninsula,"Two or more races",30,2,0
2020-08-13,Richmond,"Not Reported",596,2,0
2020-08-13,Arlington,"Other Race",78,8,3
2020-08-13,Norfolk,"Not Reported",990,3,0
2020-08-13,Alexandria,"Other Race",54,7,2
2020-08-13,"Virginia Beach",White,1689,127,33
2020-08-13,Chesapeake,"Two or more races",25,1,1
2020-08-13,Alleghany,White,350,35,17
2020-08-13,"Rappahannock Rapidan","Other Race",27,1,0
2020-08-13,Chickahominy,"Not Reported",265,2,2
2020-08-13,Portsmouth,Black,1012,98,17
2020-08-13,Chickahominy,"Other Race",12,2,0
2020-08-13,"Virginia Beach",Latino,306,19,3
2020-08-13,Chesapeake,White,808,76,20
2020-08-13,Southside,Black,226,34,13
2020-08-13,Rappahannock,Latino,1099,100,8
2020-08-13,"Three Rivers","Two or more races",4,0,0
2020-08-13,Henrico,Black,1238,170,80
2020-08-13,Pittsylvania-Danville,Black,296,43,4
2020-08-13,"Lord Fairfax","Two or more races",11,0,0
2020-08-13,"Prince William",Latino,5048,585,66
2020-08-13,"Mount Rogers","Other Race",7,2,1
2020-08-13,"Central Shenandoah",Black,142,9,4
2020-08-13,Peninsula,White,652,77,27
2020-08-13,"Eastern Shore","Not Reported",84,0,0
2020-08-13,"Thomas Jefferson","Other Race",119,3,0
2020-08-13,Hampton,"Other Race",34,2,0
2020-08-13,"Lord Fairfax","Not Reported",322,4,6
2020-08-13,"Central Virginia","Other Race",10,0,0
2020-08-13,"Western Tidewater","Other Race",44,1,2
2020-08-13,Crater,Latino,168,9,4
2020-08-13,Chesapeake,Latino,215,17,1
2020-08-13,Chesterfield,White,858,87,65
2020-08-13,"Western Tidewater","Not Reported",673,3,1
2020-08-13,Fairfax,"Not Reported",2150,57,30
2020-08-13,Arlington,Black,307,72,32
2020-08-13,"Central Virginia",Latino,26,3,1
2020-08-13,Alexandria,"Not Reported",188,6,1
2020-08-13,"Three Rivers",Black,339,29,7
2020-08-13,"Prince William","Two or more races",31,1,0
2020-08-13,Loudoun,"Two or more races",36,1,0
2020-08-13,Peninsula,"Other Race",106,4,0
2020-08-13,"Thomas Jefferson",White,732,59,30
2020-08-13,Norfolk,"Other Race",66,2,1
2020-08-13,"Prince William","Not Reported",3731,24,0
2020-08-13,"West Piedmont",White,434,59,9
2020-08-13,Rappahannock,Black,569,67,12
2020-08-13,Norfolk,Black,1881,156,22
2020-08-13,Roanoke,Latino,267,9,0
2020-08-13,Piedmont,Latino,64,6,1
2020-08-13,Roanoke,"Not Reported",535,1,0
2020-08-13,"Virginia Beach","Other Race",79,2,0
2020-08-13,Arlington,"Two or more races",25,2,0
2020-08-13,Alexandria,White,565,53,33
2020-08-13,"Lord Fairfax","Other Race",60,6,1
2020-08-13,"Thomas Jefferson","Not Reported",168,1,0
2020-08-13,"Virginia Beach","Not Reported",1576,9,5
2020-08-13,Loudoun,Black,237,27,5
2020-08-13,Pittsylvania-Danville,Latino,51,3,0
2020-08-13,"Cumberland Plateau","Not Reported",9,0,0
2020-08-13,Chesterfield,"Not Reported",1912,4,9
2020-08-13,"Mount Rogers",White,1090,118,52
2020-08-13,Richmond,White,410,31,6
2020-08-13,Lenowisco,"Not Reported",66,3,1
2020-08-13,"Three Rivers",Latino,145,5,1
2020-08-13,Piedmont,"Not Reported",588,11,2
2020-08-13,"Mount Rogers",Latino,265,5,0
2020-08-13,"Central Shenandoah","Two or more races",14,1,0
2020-08-13,Crater,White,485,46,15
2020-08-13,Arlington,White,879,117,65
2020-08-13,Pittsylvania-Danville,"Other Race",0,0,0
2020-08-13,Chickahominy,Black,185,39,11
2020-08-13,Fairfax,Black,1227,207,56
2020-08-13,"Eastern Shore",Latino,254,11,3
2020-08-13,Norfolk,White,563,34,10
2020-08-13,"Mount Rogers","Two or more races",4,0,0
2020-08-13,Alleghany,"Two or more races",3,0,0
2020-08-13,Southside,White,171,26,18
2020-08-13,"Thomas Jefferson","Two or more races",23,0,0
2020-08-13,"Prince William",Black,1071,154,44
2020-08-13,"Lord Fairfax",White,1450,165,68
2020-08-13,"Cumberland Plateau",Latino,2,0,0
2020-08-13,Arlington,"Not Reported",302,2,0
2020-08-13,Rappahannock,"Other Race",70,4,0
2020-08-13,"Rappahannock Rapidan",Black,150,23,6
2020-08-13,"New River","Two or more races",3,0,0
2020-08-13,Arlington,Latino,1400,214,23
2020-08-13,Henrico,White,976,98,92
2020-08-13,Loudoun,White,1186,108,83
2020-08-13,Hampton,White,165,9,1
2020-08-13,Alleghany,Black,38,4,1
2020-08-13,"Prince William",White,1318,160,82
2020-08-13,Rappahannock,White,912,97,37
2020-08-13,Southside,"Other Race",9,0,1
2020-08-13,Portsmouth,"Two or more races",8,2,1
2020-08-13,"Western Tidewater",Black,982,80,37
2020-08-13,Hampton,Latino,50,4,0
2020-08-13,Henrico,"Not Reported",752,3,4
2020-08-13,"West Piedmont","Two or more races",0,0,0
2020-08-13,Peninsula,"Not Reported",1214,2,0
2020-08-13,Loudoun,Latino,1610,162,14
2020-08-13,Alexandria,Black,570,80,14
2020-08-13,Piedmont,Black,426,58,14
2020-08-13,Roanoke,"Other Race",9,0,0
2020-08-13,Alexandria,"Two or more races",13,1,0
2020-08-13,"Western Tidewater",Latino,23,1,1
2020-08-13,Rappahannock,"Not Reported",1086,28,0
2020-08-13,"West Piedmont","Other Race",5,1,1
2020-08-13,Chickahominy,White,483,83,33
2020-08-13,"Thomas Jefferson",Latino,588,25,2
2020-08-13,"Cumberland Plateau",Black,18,0,0
2020-08-13,"Lord Fairfax",Latino,637,41,8
2020-08-13,"West Piedmont",Latino,198,8,1
2020-08-13,"Cumberland Plateau",White,357,29,4
2020-08-13,"Eastern Shore","Other Race",13,1,0
2020-08-13,"Cumberland Plateau","Two or more races",4,0,0
2020-08-13,Pittsylvania-Danville,"Two or more races",0,0,0
2020-08-13,Piedmont,"Other Race",8,0,0
2020-08-13,Alexandria,Latino,1526,124,9
2020-08-13,Chesapeake,Black,1128,137,14
2020-08-13,Richmond,"Other Race",99,6,2
2020-08-13,Henrico,Latino,764,53,8
2020-08-13,Piedmont,"Two or more races",4,2,0
2020-08-13,"Prince William","Other Race",313,15,0
2020-08-13,"New River","Not Reported",79,2,0
2020-08-13,"Rappahannock Rapidan",White,533,43,14
2020-08-13,"Central Virginia","Not Reported",1079,9,1
2020-08-13,"Virginia Beach","Two or more races",40,2,0
2020-08-13,Pittsylvania-Danville,White,198,25,4
2020-08-13,"Lord Fairfax",Black,114,13,6
2020-08-13,Fairfax,Latino,8479,941,76
2020-08-13,Chesterfield,"Asian or Pacific Islander",44,2,0
2020-08-13,Crater,"Asian or Pacific Islander",13,0,0
2020-08-13,Fairfax,"Asian or Pacific Islander",1373,243,71
2020-08-13,Hampton,"Asian or Pacific Islander",10,0,0
2020-08-13,"Rappahannock Rapidan","Asian or Pacific Islander",6,1,0
2020-08-13,"Mount Rogers","Asian or Pacific Islander",3,1,0
2020-08-13,"New River","Asian or Pacific Islander",7,0,0
2020-08-13,"Central Virginia","Asian or Pacific Islander",7,0,0
2020-08-13,"Lord Fairfax","Asian or Pacific Islander",9,0,0
2020-08-13,Southside,"Asian or Pacific Islander",1,0,0
2020-08-13,Alleghany,"Asian or Pacific Islander",8,0,0
2020-08-13,Portsmouth,"Asian or Pacific Islander",13,2,0
2020-08-13,Roanoke,"Asian or Pacific Islander",9,0,0
2020-08-13,Richmond,"Asian or Pacific Islander",18,3,1
2020-08-13,"Thomas Jefferson","Asian or Pacific Islander",34,0,1
2020-08-13,"Virginia Beach","Asian or Pacific Islander",195,20,2
2020-08-13,Henrico,"Asian or Pacific Islander",148,10,3
2020-08-13,Piedmont,"Asian or Pacific Islander",6,0,0
2020-08-13,"Western Tidewater","Asian or Pacific Islander",12,2,0
2020-08-13,"West Piedmont","Asian or Pacific Islander",12,1,1
2020-08-13,Chickahominy,"Asian or Pacific Islander",8,1,0
2020-08-13,Peninsula,"Asian or Pacific Islander",32,4,3
2020-08-13,Norfolk,"Asian or Pacific Islander",43,2,0
2020-08-13,Arlington,"Asian or Pacific Islander",140,22,12
2020-08-13,Loudoun,"Asian or Pacific Islander",271,43,11
2020-08-13,Alexandria,"Asian or Pacific Islander",102,10,1
2020-08-13,Rappahannock,"Asian or Pacific Islander",55,9,1
2020-08-13,Chesapeake,"Asian or Pacific Islander",45,8,4
2020-08-13,"Cumberland Plateau and Lenowisco","Asian or Pacific Islander",1,0,0
2020-08-13,"Central Shenandoah","Asian or Pacific Islander",22,2,0
2020-08-13,"Prince William","Asian or Pacific Islander",360,46,15
2020-08-13,Pittsylvania-Danville,"Asian or Pacific Islander",3,0,0
2020-08-13,"Eastern Shore and Three Rivers","Asian or Pacific Islander",10,1,0
2020-08-13,Piedmont,"Native American",1,0,0
2020-08-13,"New River","Native American",0,0,0
2020-08-13,"Central Shenandoah","Native American",3,1,0
2020-08-13,"Eastern Shore and Three Rivers","Native American",1,0,0
2020-08-13,Fairfax,"Native American",31,1,1
2020-08-13,Chesapeake,"Native American",9,0,0
2020-08-13,"Western Tidewater","Native American",2,0,0
2020-08-13,Portsmouth,"Native American",2,1,0
2020-08-13,Richmond,"Native American",0,0,0
2020-08-13,Chickahominy,"Native American",5,1,0
2020-08-13,"Thomas Jefferson","Native American",2,0,0
2020-08-13,Arlington,"Native American",3,0,0
2020-08-13,"Virginia Beach","Native American",4,0,0
2020-08-13,Peninsula,"Native American",4,1,0
2020-08-13,Hampton,"Native American",1,0,0
2020-08-13,"West Piedmont","Native American",3,0,0
2020-08-13,"Cumberland Plateau, Lenowisco, and Mount Rogers","Native American",1,0,0
2020-08-13,Henrico,"Native American",7,0,0
2020-08-13,Norfolk,"Native American",6,0,0
2020-08-13,"Prince William","Native American",13,1,0
2020-08-13,"Central Virginia","Native American",1,0,0
2020-08-13,Chesterfield,"Native American",3,0,0
2020-08-13,Rappahannock,"Native American",3,0,0
2020-08-13,Loudoun,"Native American",2,0,0
2020-08-13,Alexandria,"Native American",2,0,0
2020-08-13,"Alleghany and Roanoke","Native American",0,0,0
2020-08-13,Crater,"Native American",5,0,0
2020-08-13,"Rappahannock Rapidan","Native American",1,0,0
2020-08-13,"Lord Fairfax","Native American",2,1,1
2020-08-13,"Pittsylvania-Danville and Southside","Native American",0,0,0
2020-08-14,"Rappahannock Rapidan","Not Reported",533,10,1
2020-08-14,Portsmouth,"Other Race",63,2,1
2020-08-14,"Western Tidewater","Two or more races",16,0,0
2020-08-14,Piedmont,White,407,48,18
2020-08-14,Chesterfield,Latino,1164,74,7
2020-08-14,Lenowisco,White,400,42,7
2020-08-14,Lenowisco,"Two or more races",2,0,0
2020-08-14,Hampton,"Not Reported",490,0,0
2020-08-14,Southside,"Not Reported",418,9,4
2020-08-14,Roanoke,Black,76,9,3
2020-08-14,Hampton,Black,541,37,6
2020-08-14,Alleghany,"Other Race",3,1,0
2020-08-14,Lenowisco,Latino,4,0,0
2020-08-14,Loudoun,"Other Race",132,11,2
2020-08-14,"Central Shenandoah",Latino,890,54,5
2020-08-14,"Rappahannock Rapidan",Latino,726,59,6
2020-08-14,"Eastern Shore",Black,838,96,26
2020-08-14,Norfolk,Latino,273,18,0
2020-08-14,Hampton,"Two or more races",12,0,0
2020-08-14,Richmond,Black,1011,188,25
2020-08-14,Henrico,"Two or more races",24,1,0
2020-08-14,Fairfax,"Two or more races",54,5,0
2020-08-14,Alleghany,"Not Reported",463,2,0
2020-08-14,Portsmouth,"Not Reported",539,4,0
2020-08-14,"Cumberland Plateau","Other Race",1,1,0
2020-08-14,Southside,"Two or more races",23,0,0
2020-08-14,Portsmouth,White,235,13,5
2020-08-14,"Rappahannock Rapidan","Two or more races",21,2,0
2020-08-14,Fairfax,White,2934,448,292
2020-08-14,Fairfax,"Other Race",638,75,17
2020-08-14,Crater,"Two or more races",3,0,0
2020-08-14,"West Piedmont","Not Reported",297,28,0
2020-08-14,Henrico,"Other Race",93,12,0
2020-08-14,"Three Rivers",White,452,35,8
2020-08-14,"Central Virginia",Black,117,21,5
2020-08-14,Lenowisco,"Other Race",5,0,0
2020-08-14,"Three Rivers","Other Race",14,3,0
2020-08-14,"Western Tidewater",White,505,49,40
2020-08-14,"Mount Rogers",Black,43,6,2
2020-08-14,"Three Rivers","Not Reported",188,3,1
2020-08-14,"Thomas Jefferson",Black,387,60,11
2020-08-14,"Eastern Shore",White,219,23,17
2020-08-14,"Central Virginia",White,352,33,9
2020-08-14,Lenowisco,Black,5,1,1
2020-08-14,"Central Virginia","Two or more races",0,0,0
2020-08-14,Richmond,"Two or more races",10,0,0
2020-08-14,Crater,"Not Reported",572,8,4
2020-08-14,Chesterfield,"Two or more races",13,2,0
2020-08-14,"New River",Latino,75,5,0
2020-08-14,Richmond,Latino,1172,97,7
2020-08-14,Portsmouth,Latino,54,11,1
2020-08-14,Pittsylvania-Danville,"Not Reported",434,7,2
2020-08-14,Chesapeake,"Not Reported",805,5,0
2020-08-14,Chickahominy,Latino,73,4,0
2020-08-14,Crater,Black,1309,163,47
2020-08-14,Chesterfield,Black,717,91,25
2020-08-14,Chesterfield,"Other Race",180,7,0
2020-08-14,Peninsula,Black,779,61,17
2020-08-14,Roanoke,White,149,8,12
2020-08-14,"New River",Black,45,3,0
2020-08-14,Southside,Latino,5,0,0
2020-08-14,Peninsula,Latino,277,19,0
2020-08-14,Rappahannock,"Two or more races",21,2,0
2020-08-14,"Virginia Beach",Black,1338,81,11
2020-08-14,"Mount Rogers","Not Reported",70,1,1
2020-08-14,Loudoun,"Not Reported",1912,4,0
2020-08-14,Chesapeake,"Other Race",60,3,1
2020-08-14,Chickahominy,"Two or more races",1,1,0
2020-08-14,Crater,"Other Race",29,0,0
2020-08-14,Norfolk,"Two or more races",39,0,0
2020-08-14,"Eastern Shore","Two or more races",1,1,0
2020-08-14,"Central Shenandoah",White,1526,150,50
2020-08-14,"New River","Other Race",2,0,0
2020-08-14,"New River",White,396,23,8
2020-08-14,"Central Shenandoah","Other Race",40,1,0
2020-08-14,"West Piedmont",Black,290,54,5
2020-08-14,Alleghany,Latino,110,7,0
2020-08-14,"Central Shenandoah","Not Reported",235,3,1
2020-08-14,Roanoke,"Two or more races",2,1,0
2020-08-14,Peninsula,"Two or more races",31,2,0
2020-08-14,Richmond,"Not Reported",585,2,0
2020-08-14,Arlington,"Other Race",75,8,3
2020-08-14,Norfolk,"Not Reported",960,3,0
2020-08-14,Alexandria,"Other Race",53,7,2
2020-08-14,"Virginia Beach",White,1725,128,34
2020-08-14,Chesapeake,"Two or more races",25,1,1
2020-08-14,Alleghany,White,365,35,17
2020-08-14,"Rappahannock Rapidan","Other Race",27,1,0
2020-08-14,Chickahominy,"Not Reported",268,2,2
2020-08-14,Portsmouth,Black,1038,99,17
2020-08-14,Chickahominy,"Other Race",12,2,0
2020-08-14,"Virginia Beach",Latino,311,19,3
2020-08-14,Chesapeake,White,830,76,20
2020-08-14,Southside,Black,231,34,13
2020-08-14,Rappahannock,Latino,1128,101,8
2020-08-14,"Three Rivers","Two or more races",4,0,0
2020-08-14,Henrico,Black,1254,174,80
2020-08-14,Pittsylvania-Danville,Black,301,43,4
2020-08-14,"Lord Fairfax","Two or more races",11,0,0
2020-08-14,"Prince William",Latino,5078,585,66
2020-08-14,"Mount Rogers","Other Race",7,2,1
2020-08-14,"Central Shenandoah",Black,143,9,4
2020-08-14,Peninsula,White,663,77,27
2020-08-14,"Eastern Shore","Not Reported",84,0,0
2020-08-14,"Thomas Jefferson","Other Race",121,3,0
2020-08-14,Hampton,"Other Race",36,2,0
2020-08-14,"Lord Fairfax","Not Reported",319,4,6
2020-08-14,"Central Virginia","Other Race",10,0,0
2020-08-14,"Western Tidewater","Other Race",46,1,2
2020-08-14,Crater,Latino,170,9,4
2020-08-14,Chesapeake,Latino,218,17,1
2020-08-14,Chesterfield,White,873,87,65
2020-08-14,"Western Tidewater","Not Reported",686,3,1
2020-08-14,Fairfax,"Not Reported",2208,57,30
2020-08-14,Arlington,Black,311,72,32
2020-08-14,"Central Virginia",Latino,26,3,1
2020-08-14,Alexandria,"Not Reported",189,6,1
2020-08-14,"Three Rivers",Black,344,30,7
2020-08-14,"Prince William","Two or more races",32,1,0
2020-08-14,Loudoun,"Two or more races",36,1,0
2020-08-14,Peninsula,"Other Race",107,4,0
2020-08-14,"Thomas Jefferson",White,741,60,30
2020-08-14,Norfolk,"Other Race",66,2,1
2020-08-14,"Prince William","Not Reported",3760,23,0
2020-08-14,"West Piedmont",White,445,61,9
2020-08-14,Rappahannock,Black,585,72,13
2020-08-14,Norfolk,Black,1921,162,22
2020-08-14,Roanoke,Latino,277,10,0
2020-08-14,Piedmont,Latino,64,6,1
2020-08-14,Roanoke,"Not Reported",528,1,0
2020-08-14,"Virginia Beach","Other Race",85,2,0
2020-08-14,Arlington,"Two or more races",27,2,0
2020-08-14,Alexandria,White,566,53,33
2020-08-14,"Lord Fairfax","Other Race",60,6,1
2020-08-14,"Thomas Jefferson","Not Reported",169,1,0
2020-08-14,"Virginia Beach","Not Reported",1571,9,5
2020-08-14,Loudoun,Black,245,27,5
2020-08-14,Pittsylvania-Danville,Latino,51,3,0
2020-08-14,"Cumberland Plateau","Not Reported",10,0,0
2020-08-14,Chesterfield,"Not Reported",1911,4,9
2020-08-14,"Mount Rogers",White,1114,121,54
2020-08-14,Richmond,White,411,31,6
2020-08-14,Lenowisco,"Not Reported",65,3,1
2020-08-14,"Three Rivers",Latino,146,5,1
2020-08-14,Piedmont,"Not Reported",599,11,2
2020-08-14,"Mount Rogers",Latino,265,5,0
2020-08-14,"Central Shenandoah","Two or more races",14,1,0
2020-08-14,Crater,White,500,46,15
2020-08-14,Arlington,White,900,117,65
2020-08-14,Pittsylvania-Danville,"Other Race",0,0,0
2020-08-14,Chickahominy,Black,184,39,11
2020-08-14,Fairfax,Black,1236,207,56
2020-08-14,"Eastern Shore",Latino,255,12,3
2020-08-14,Norfolk,White,583,36,10
2020-08-14,"Mount Rogers","Two or more races",4,0,0
2020-08-14,Alleghany,"Two or more races",3,0,0
2020-08-14,Southside,White,178,26,18
2020-08-14,"Thomas Jefferson","Two or more races",23,0,0
2020-08-14,"Prince William",Black,1082,156,44
2020-08-14,"Lord Fairfax",White,1463,166,68
2020-08-14,"Cumberland Plateau",Latino,2,0,0
2020-08-14,Arlington,"Not Reported",293,2,0
2020-08-14,Rappahannock,"Other Race",68,3,0
2020-08-14,"Rappahannock Rapidan",Black,156,23,6
2020-08-14,"New River","Two or more races",3,0,0
2020-08-14,Arlington,Latino,1423,214,23
2020-08-14,Henrico,White,992,98,92
2020-08-14,Loudoun,White,1205,108,83
2020-08-14,Hampton,White,169,9,1
2020-08-14,Alleghany,Black,39,4,1
2020-08-14,"Prince William",White,1343,160,82
2020-08-14,Rappahannock,White,929,98,36
2020-08-14,Southside,"Other Race",9,0,1
2020-08-14,Portsmouth,"Two or more races",8,2,1
2020-08-14,"Western Tidewater",Black,1011,81,37
2020-08-14,Hampton,Latino,50,4,0
2020-08-14,Henrico,"Not Reported",754,3,4
2020-08-14,"West Piedmont","Two or more races",0,0,0
2020-08-14,Peninsula,"Not Reported",1243,2,0
2020-08-14,Loudoun,Latino,1632,164,14
2020-08-14,Alexandria,Black,579,80,14
2020-08-14,Piedmont,Black,427,58,14
2020-08-14,Roanoke,"Other Race",10,0,0
2020-08-14,Alexandria,"Two or more races",13,1,0
2020-08-14,"Western Tidewater",Latino,23,1,1
2020-08-14,Rappahannock,"Not Reported",1058,27,0
2020-08-14,"West Piedmont","Other Race",5,1,1
2020-08-14,Chickahominy,White,495,83,33
2020-08-14,"Thomas Jefferson",Latino,590,25,2
2020-08-14,"Cumberland Plateau",Black,19,0,0
2020-08-14,"Lord Fairfax",Latino,639,41,8
2020-08-14,"West Piedmont",Latino,199,8,1
2020-08-14,"Cumberland Plateau",White,362,30,5
2020-08-14,"Eastern Shore","Other Race",13,1,0
2020-08-14,"Cumberland Plateau","Two or more races",4,0,0
2020-08-14,Pittsylvania-Danville,"Two or more races",0,0,0
2020-08-14,Piedmont,"Other Race",8,0,0
2020-08-14,Alexandria,Latino,1546,125,10
2020-08-14,Chesapeake,Black,1163,140,14
2020-08-14,Richmond,"Other Race",99,6,2
2020-08-14,Henrico,Latino,770,52,8
2020-08-14,Piedmont,"Two or more races",4,2,0
2020-08-14,"Prince William","Other Race",321,15,0
2020-08-14,"New River","Not Reported",79,2,0
2020-08-14,"Rappahannock Rapidan",White,537,43,14
2020-08-14,"Central Virginia","Not Reported",1111,9,1
2020-08-14,"Virginia Beach","Two or more races",41,2,0
2020-08-14,Pittsylvania-Danville,White,204,27,4
2020-08-14,"Lord Fairfax",Black,117,13,6
2020-08-14,Fairfax,Latino,8490,940,77
2020-08-14,Chesterfield,"Asian or Pacific Islander",44,2,0
2020-08-14,Crater,"Asian or Pacific Islander",13,0,0
2020-08-14,Fairfax,"Asian or Pacific Islander",1381,243,71
2020-08-14,Hampton,"Asian or Pacific Islander",10,0,0
2020-08-14,"Rappahannock Rapidan","Asian or Pacific Islander",6,1,0
2020-08-14,"Mount Rogers","Asian or Pacific Islander",3,1,0
2020-08-14,"New River","Asian or Pacific Islander",7,0,0
2020-08-14,"Central Virginia","Asian or Pacific Islander",7,0,0
2020-08-14,"Lord Fairfax","Asian or Pacific Islander",13,0,0
2020-08-14,Southside,"Asian or Pacific Islander",1,0,0
2020-08-14,Alleghany,"Asian or Pacific Islander",8,0,0
2020-08-14,Portsmouth,"Asian or Pacific Islander",13,2,0
2020-08-14,Roanoke,"Asian or Pacific Islander",9,0,0
2020-08-14,Richmond,"Asian or Pacific Islander",20,3,1
2020-08-14,"Thomas Jefferson","Asian or Pacific Islander",34,0,1
2020-08-14,"Virginia Beach","Asian or Pacific Islander",201,20,2
2020-08-14,Henrico,"Asian or Pacific Islander",148,10,3
2020-08-14,Piedmont,"Asian or Pacific Islander",6,0,0
2020-08-14,"Western Tidewater","Asian or Pacific Islander",12,2,0
2020-08-14,"West Piedmont","Asian or Pacific Islander",12,1,1
2020-08-14,Chickahominy,"Asian or Pacific Islander",8,1,0
2020-08-14,Peninsula,"Asian or Pacific Islander",34,4,3
2020-08-14,Norfolk,"Asian or Pacific Islander",47,2,0
2020-08-14,Arlington,"Asian or Pacific Islander",144,22,12
2020-08-14,Loudoun,"Asian or Pacific Islander",277,43,11
2020-08-14,Alexandria,"Asian or Pacific Islander",102,10,1
2020-08-14,Rappahannock,"Asian or Pacific Islander",55,10,1
2020-08-14,Chesapeake,"Asian or Pacific Islander",47,8,4
2020-08-14,"Cumberland Plateau and Lenowisco","Asian or Pacific Islander",1,0,0
2020-08-14,"Central Shenandoah","Asian or Pacific Islander",23,2,0
2020-08-14,"Prince William","Asian or Pacific Islander",363,46,15
2020-08-14,Pittsylvania-Danville,"Asian or Pacific Islander",4,0,0
2020-08-14,"Eastern Shore and Three Rivers","Asian or Pacific Islander",10,1,0
2020-08-14,Piedmont,"Native American",1,0,0
2020-08-14,"New River","Native American",0,0,0
2020-08-14,"Central Shenandoah","Native American",3,1,0
2020-08-14,"Eastern Shore and Three Rivers","Native American",1,0,0
2020-08-14,Fairfax,"Native American",31,1,1
2020-08-14,Chesapeake,"Native American",10,0,0
2020-08-14,"Western Tidewater","Native American",2,0,0
2020-08-14,Portsmouth,"Native American",2,1,0
2020-08-14,Richmond,"Native American",0,0,0
2020-08-14,Chickahominy,"Native American",5,1,0
2020-08-14,"Thomas Jefferson","Native American",2,0,0
2020-08-14,Arlington,"Native American",3,0,0
2020-08-14,"Virginia Beach","Native American",5,0,0
2020-08-14,Peninsula,"Native American",4,1,0
2020-08-14,Hampton,"Native American",1,0,0
2020-08-14,"West Piedmont","Native American",3,0,0
2020-08-14,"Cumberland Plateau, Lenowisco, and Mount Rogers","Native American",1,0,0
2020-08-14,Henrico,"Native American",7,0,0
2020-08-14,Norfolk,"Native American",6,0,0
2020-08-14,"Prince William","Native American",13,1,0
2020-08-14,"Central Virginia","Native American",1,0,0
2020-08-14,Chesterfield,"Native American",3,0,0
2020-08-14,Rappahannock,"Native American",4,0,0
2020-08-14,Loudoun,"Native American",2,0,0
2020-08-14,Alexandria,"Native American",2,0,0
2020-08-14,"Alleghany and Roanoke","Native American",0,0,0
2020-08-14,Crater,"Native American",5,0,0
2020-08-14,"Rappahannock Rapidan","Native American",1,0,0
2020-08-14,"Lord Fairfax","Native American",2,1,1
2020-08-14,"Pittsylvania-Danville and Southside","Native American",0,0,0
2020-08-15,"Rappahannock Rapidan","Not Reported",533,10,1
2020-08-15,Portsmouth,"Other Race",64,2,1
2020-08-15,"Western Tidewater","Two or more races",17,0,0
2020-08-15,Piedmont,White,411,48,18
2020-08-15,Chesterfield,Latino,1180,74,7
2020-08-15,Lenowisco,White,419,43,8
2020-08-15,Lenowisco,"Two or more races",2,0,0
2020-08-15,Hampton,"Not Reported",493,1,1
2020-08-15,Southside,"Not Reported",418,9,4
2020-08-15,Roanoke,Black,81,9,3
2020-08-15,Hampton,Black,546,37,7
2020-08-15,Alleghany,"Other Race",3,1,0
2020-08-15,Lenowisco,Latino,6,0,0
2020-08-15,Loudoun,"Other Race",134,11,2
2020-08-15,"Central Shenandoah",Latino,895,54,5
2020-08-15,"Rappahannock Rapidan",Latino,728,59,6
2020-08-15,"Eastern Shore",Black,839,96,26
2020-08-15,Norfolk,Latino,277,18,0
2020-08-15,Hampton,"Two or more races",12,0,0
2020-08-15,Richmond,Black,1026,188,25
2020-08-15,Henrico,"Two or more races",24,1,0
2020-08-15,Fairfax,"Two or more races",56,5,0
2020-08-15,Alleghany,"Not Reported",448,2,0
2020-08-15,Portsmouth,"Not Reported",536,4,0
2020-08-15,"Cumberland Plateau","Other Race",1,1,0
2020-08-15,Southside,"Two or more races",23,0,0
2020-08-15,Portsmouth,White,234,13,5
2020-08-15,"Rappahannock Rapidan","Two or more races",21,2,0
2020-08-15,Fairfax,White,2969,453,292
2020-08-15,Fairfax,"Other Race",637,76,17
2020-08-15,Crater,"Two or more races",3,0,0
2020-08-15,"West Piedmont","Not Reported",299,28,0
2020-08-15,Henrico,"Other Race",91,12,0
2020-08-15,"Three Rivers",White,458,35,8
2020-08-15,"Central Virginia",Black,119,21,5
2020-08-15,Lenowisco,"Other Race",5,0,0
2020-08-15,"Three Rivers","Other Race",14,3,0
2020-08-15,"Western Tidewater",White,509,49,40
2020-08-15,"Mount Rogers",Black,43,6,2
2020-08-15,"Three Rivers","Not Reported",188,3,1
2020-08-15,"Thomas Jefferson",Black,392,61,11
2020-08-15,"Eastern Shore",White,222,25,17
2020-08-15,"Central Virginia",White,366,33,10
2020-08-15,Lenowisco,Black,5,1,1
2020-08-15,"Central Virginia","Two or more races",0,0,0
2020-08-15,Richmond,"Two or more races",11,0,0
2020-08-15,Crater,"Not Reported",577,8,4
2020-08-15,Chesterfield,"Two or more races",13,2,0
2020-08-15,"New River",Latino,76,5,0
2020-08-15,Richmond,Latino,1180,97,7
2020-08-15,Portsmouth,Latino,54,11,1
2020-08-15,Pittsylvania-Danville,"Not Reported",436,7,2
2020-08-15,Chesapeake,"Not Reported",812,7,0
2020-08-15,Chickahominy,Latino,73,4,0
2020-08-15,Crater,Black,1329,165,47
2020-08-15,Chesterfield,Black,730,91,25
2020-08-15,Chesterfield,"Other Race",181,7,0
2020-08-15,Peninsula,Black,784,61,17
2020-08-15,Roanoke,White,154,8,12
2020-08-15,"New River",Black,46,3,0
2020-08-15,Southside,Latino,5,0,0
2020-08-15,Peninsula,Latino,280,19,0
2020-08-15,Rappahannock,"Two or more races",21,2,0
2020-08-15,"Virginia Beach",Black,1353,83,11
2020-08-15,"Mount Rogers","Not Reported",69,1,1
2020-08-15,Loudoun,"Not Reported",1913,4,0
2020-08-15,Chesapeake,"Other Race",61,3,1
2020-08-15,Chickahominy,"Two or more races",1,1,0
2020-08-15,Crater,"Other Race",29,0,0
2020-08-15,Norfolk,"Two or more races",41,0,0
2020-08-15,"Eastern Shore","Two or more races",1,1,0
2020-08-15,"Central Shenandoah",White,1545,150,50
2020-08-15,"New River","Other Race",2,0,0
2020-08-15,"New River",White,404,23,8
2020-08-15,"Central Shenandoah","Other Race",45,1,0
2020-08-15,"West Piedmont",Black,299,55,5
2020-08-15,Alleghany,Latino,112,7,0
2020-08-15,"Central Shenandoah","Not Reported",232,3,1
2020-08-15,Roanoke,"Two or more races",2,1,0
2020-08-15,Peninsula,"Two or more races",34,2,0
2020-08-15,Richmond,"Not Reported",588,2,1
2020-08-15,Arlington,"Other Race",75,8,3
2020-08-15,Norfolk,"Not Reported",954,3,0
2020-08-15,Alexandria,"Other Race",56,7,2
2020-08-15,"Virginia Beach",White,1748,130,34
2020-08-15,Chesapeake,"Two or more races",27,1,1
2020-08-15,Alleghany,White,376,37,17
2020-08-15,"Rappahannock Rapidan","Other Race",28,1,0
2020-08-15,Chickahominy,"Not Reported",268,2,2
2020-08-15,Portsmouth,Black,1052,101,17
2020-08-15,Chickahominy,"Other Race",12,2,0
2020-08-15,"Virginia Beach",Latino,315,19,3
2020-08-15,Chesapeake,White,841,77,20
2020-08-15,Southside,Black,235,34,13
2020-08-15,Rappahannock,Latino,1138,101,8
2020-08-15,"Three Rivers","Two or more races",4,0,0
2020-08-15,Henrico,Black,1273,174,80
2020-08-15,Pittsylvania-Danville,Black,310,43,4
2020-08-15,"Lord Fairfax","Two or more races",11,0,0
2020-08-15,"Prince William",Latino,5114,586,66
2020-08-15,"Mount Rogers","Other Race",7,2,1
2020-08-15,"Central Shenandoah",Black,144,9,4
2020-08-15,Peninsula,White,671,77,27
2020-08-15,"Eastern Shore","Not Reported",84,0,0
2020-08-15,"Thomas Jefferson","Other Race",122,3,0
2020-08-15,Hampton,"Other Race",37,2,0
2020-08-15,"Lord Fairfax","Not Reported",321,4,6
2020-08-15,"Central Virginia","Other Race",10,0,0
2020-08-15,"Western Tidewater","Other Race",50,1,2
2020-08-15,Crater,Latino,170,9,4
2020-08-15,Chesapeake,Latino,218,17,1
2020-08-15,Chesterfield,White,892,88,65
2020-08-15,"Western Tidewater","Not Reported",697,3,1
2020-08-15,Fairfax,"Not Reported",2191,58,30
2020-08-15,Arlington,Black,319,72,32
2020-08-15,"Central Virginia",Latino,26,3,1
2020-08-15,Alexandria,"Not Reported",194,6,1
2020-08-15,"Three Rivers",Black,350,30,7
2020-08-15,"Prince William","Two or more races",33,1,0
2020-08-15,Loudoun,"Two or more races",36,1,0
2020-08-15,Peninsula,"Other Race",107,4,0
2020-08-15,"Thomas Jefferson",White,752,60,30
2020-08-15,Norfolk,"Other Race",67,2,1
2020-08-15,"Prince William","Not Reported",3753,23,0
2020-08-15,"West Piedmont",White,453,62,10
2020-08-15,Rappahannock,Black,591,72,13
2020-08-15,Norfolk,Black,1948,167,23
2020-08-15,Roanoke,Latino,285,11,0
2020-08-15,Piedmont,Latino,64,6,1
2020-08-15,Roanoke,"Not Reported",513,1,0
2020-08-15,"Virginia Beach","Other Race",90,2,0
2020-08-15,Arlington,"Two or more races",28,2,0
2020-08-15,Alexandria,White,569,54,33
2020-08-15,"Lord Fairfax","Other Race",60,6,1
2020-08-15,"Thomas Jefferson","Not Reported",174,1,0
2020-08-15,"Virginia Beach","Not Reported",1561,9,5
2020-08-15,Loudoun,Black,248,27,5
2020-08-15,Pittsylvania-Danville,Latino,52,3,0
2020-08-15,"Cumberland Plateau","Not Reported",12,0,0
2020-08-15,Chesterfield,"Not Reported",1917,3,9
2020-08-15,"Mount Rogers",White,1138,123,54
2020-08-15,Richmond,White,416,31,6
2020-08-15,Lenowisco,"Not Reported",72,4,1
2020-08-15,"Three Rivers",Latino,146,5,1
2020-08-15,Piedmont,"Not Reported",610,11,2
2020-08-15,"Mount Rogers",Latino,265,5,0
2020-08-15,"Central Shenandoah","Two or more races",9,1,0
2020-08-15,Crater,White,506,46,15
2020-08-15,Arlington,White,906,117,65
2020-08-15,Pittsylvania-Danville,"Other Race",0,0,0
2020-08-15,Chickahominy,Black,185,39,11
2020-08-15,Fairfax,Black,1250,207,56
2020-08-15,"Eastern Shore",Latino,255,12,3
2020-08-15,Norfolk,White,603,36,10
2020-08-15,"Mount Rogers","Two or more races",4,0,0
2020-08-15,Alleghany,"Two or more races",3,0,0
2020-08-15,Southside,White,181,26,18
2020-08-15,"Thomas Jefferson","Two or more races",23,0,0
2020-08-15,"Prince William",Black,1096,156,44
2020-08-15,"Lord Fairfax",White,1470,166,70
2020-08-15,"Cumberland Plateau",Latino,2,0,0
2020-08-15,Arlington,"Not Reported",285,2,0
2020-08-15,Rappahannock,"Other Race",70,3,0
2020-08-15,"Rappahannock Rapidan",Black,156,23,6
2020-08-15,"New River","Two or more races",3,0,0
2020-08-15,Arlington,Latino,1433,214,23
2020-08-15,Henrico,White,998,99,92
2020-08-15,Loudoun,White,1220,108,83
2020-08-15,Hampton,White,171,9,1
2020-08-15,Alleghany,Black,41,4,1
2020-08-15,"Prince William",White,1346,160,82
2020-08-15,Rappahannock,White,944,98,36
2020-08-15,Southside,"Other Race",9,0,1
2020-08-15,Portsmouth,"Two or more races",8,2,1
2020-08-15,"Western Tidewater",Black,1026,82,37
2020-08-15,Hampton,Latino,51,4,0
2020-08-15,Henrico,"Not Reported",753,3,4
2020-08-15,"West Piedmont","Two or more races",0,0,0
2020-08-15,Peninsula,"Not Reported",1260,2,0
2020-08-15,Loudoun,Latino,1651,166,14
2020-08-15,Alexandria,Black,588,80,14
2020-08-15,Piedmont,Black,429,58,14
2020-08-15,Roanoke,"Other Race",11,0,0
2020-08-15,Alexandria,"Two or more races",13,1,0
2020-08-15,"Western Tidewater",Latino,23,1,1
2020-08-15,Rappahannock,"Not Reported",1068,27,0
2020-08-15,"West Piedmont","Other Race",5,1,1
2020-08-15,Chickahominy,White,501,83,33
2020-08-15,"Thomas Jefferson",Latino,590,25,2
2020-08-15,"Cumberland Plateau",Black,20,0,0
2020-08-15,"Lord Fairfax",Latino,645,41,8
2020-08-15,"West Piedmont",Latino,199,8,1
2020-08-15,"Cumberland Plateau",White,370,32,5
2020-08-15,"Eastern Shore","Other Race",13,1,0
2020-08-15,"Cumberland Plateau","Two or more races",4,0,0
2020-08-15,Pittsylvania-Danville,"Two or more races",1,0,0
2020-08-15,Piedmont,"Other Race",8,0,0
2020-08-15,Alexandria,Latino,1557,125,10
2020-08-15,Chesapeake,Black,1179,140,14
2020-08-15,Richmond,"Other Race",98,6,2
2020-08-15,Henrico,Latino,774,52,8
2020-08-15,Piedmont,"Two or more races",4,2,0
2020-08-15,"Prince William","Other Race",323,15,0
2020-08-15,"New River","Not Reported",79,2,0
2020-08-15,"Rappahannock Rapidan",White,542,43,14
2020-08-15,"Central Virginia","Not Reported",1139,9,1
2020-08-15,"Virginia Beach","Two or more races",45,2,0
2020-08-15,Pittsylvania-Danville,White,208,28,4
2020-08-15,"Lord Fairfax",Black,117,13,6
2020-08-15,Fairfax,Latino,8517,943,79
2020-08-15,Chesterfield,"Asian or Pacific Islander",45,2,0
2020-08-15,Crater,"Asian or Pacific Islander",14,0,0
2020-08-15,Fairfax,"Asian or Pacific Islander",1391,244,71
2020-08-15,Hampton,"Asian or Pacific Islander",10,0,0
2020-08-15,"Rappahannock Rapidan","Asian or Pacific Islander",6,1,0
2020-08-15,"Mount Rogers","Asian or Pacific Islander",3,1,0
2020-08-15,"New River","Asian or Pacific Islander",7,0,0
2020-08-15,"Central Virginia","Asian or Pacific Islander",7,0,0
2020-08-15,"Lord Fairfax","Asian or Pacific Islander",13,0,0
2020-08-15,Southside,"Asian or Pacific Islander",1,0,0
2020-08-15,Alleghany,"Asian or Pacific Islander",8,0,0
2020-08-15,Portsmouth,"Asian or Pacific Islander",13,2,0
2020-08-15,Roanoke,"Asian or Pacific Islander",9,0,0
2020-08-15,Richmond,"Asian or Pacific Islander",20,3,1
2020-08-15,"Thomas Jefferson","Asian or Pacific Islander",34,0,1
2020-08-15,"Virginia Beach","Asian or Pacific Islander",205,20,2
2020-08-15,Henrico,"Asian or Pacific Islander",148,10,3
2020-08-15,Piedmont,"Asian or Pacific Islander",6,0,0
2020-08-15,"Western Tidewater","Asian or Pacific Islander",12,2,0
2020-08-15,"West Piedmont","Asian or Pacific Islander",12,1,1
2020-08-15,Chickahominy,"Asian or Pacific Islander",9,1,0
2020-08-15,Peninsula,"Asian or Pacific Islander",35,4,3
2020-08-15,Norfolk,"Asian or Pacific Islander",47,3,0
2020-08-15,Arlington,"Asian or Pacific Islander",147,22,12
2020-08-15,Loudoun,"Asian or Pacific Islander",278,43,11
2020-08-15,Alexandria,"Asian or Pacific Islander",102,10,1
2020-08-15,Rappahannock,"Asian or Pacific Islander",56,10,1
2020-08-15,Chesapeake,"Asian or Pacific Islander",49,8,4
2020-08-15,"Cumberland Plateau and Lenowisco","Asian or Pacific Islander",1,0,0
2020-08-15,"Central Shenandoah","Asian or Pacific Islander",23,2,0
2020-08-15,"Prince William","Asian or Pacific Islander",372,46,15
2020-08-15,Pittsylvania-Danville,"Asian or Pacific Islander",4,0,0
2020-08-15,"Eastern Shore and Three Rivers","Asian or Pacific Islander",10,1,0
2020-08-15,Piedmont,"Native American",1,0,0
2020-08-15,"New River","Native American",0,0,0
2020-08-15,"Central Shenandoah","Native American",3,1,0
2020-08-15,"Eastern Shore and Three Rivers","Native American",1,0,0
2020-08-15,Fairfax,"Native American",31,1,1
2020-08-15,Chesapeake,"Native American",10,0,0
2020-08-15,"Western Tidewater","Native American",2,0,0
2020-08-15,Portsmouth,"Native American",3,2,0
2020-08-15,Richmond,"Native American",0,0,0
2020-08-15,Chickahominy,"Native American",5,1,0
2020-08-15,"Thomas Jefferson","Native American",2,0,0
2020-08-15,Arlington,"Native American",3,0,0
2020-08-15,"Virginia Beach","Native American",5,0,0
2020-08-15,Peninsula,"Native American",4,1,0
2020-08-15,Hampton,"Native American",1,0,0
2020-08-15,"West Piedmont","Native American",3,0,0
2020-08-15,"Cumberland Plateau, Lenowisco, and Mount Rogers","Native American",1,0,0
2020-08-15,Henrico,"Native American",7,0,0
2020-08-15,Norfolk,"Native American",7,0,0
2020-08-15,"Prince William","Native American",13,1,0
2020-08-15,"Central Virginia","Native American",1,0,0
2020-08-15,Chesterfield,"Native American",4,0,0
2020-08-15,Rappahannock,"Native American",4,0,0
2020-08-15,Loudoun,"Native American",2,0,0
2020-08-15,Alexandria,"Native American",3,0,0
2020-08-15,"Alleghany and Roanoke","Native American",1,0,0
2020-08-15,Crater,"Native American",5,0,0
2020-08-15,"Rappahannock Rapidan","Native American",1,0,0
2020-08-15,"Lord Fairfax","Native American",2,1,1
2020-08-15,"Pittsylvania-Danville and Southside","Native American",0,0,0
2020-08-16,"Rappahannock Rapidan","Not Reported",540,10,1
2020-08-16,Portsmouth,"Other Race",64,2,1
2020-08-16,"Western Tidewater","Two or more races",17,0,0
2020-08-16,Piedmont,White,412,48,18
2020-08-16,Chesterfield,Latino,1182,74,7
2020-08-16,Lenowisco,White,435,45,8
2020-08-16,Lenowisco,"Two or more races",2,0,0
2020-08-16,Hampton,"Not Reported",499,1,1
2020-08-16,Southside,"Not Reported",419,9,4
2020-08-16,Roanoke,Black,81,9,3
2020-08-16,Hampton,Black,553,37,7
2020-08-16,Alleghany,"Other Race",3,1,0
2020-08-16,Lenowisco,Latino,6,0,0
2020-08-16,Loudoun,"Other Race",136,11,2
2020-08-16,"Central Shenandoah",Latino,899,54,5
2020-08-16,"Rappahannock Rapidan",Latino,732,59,6
2020-08-16,"Eastern Shore",Black,841,96,26
2020-08-16,Norfolk,Latino,280,18,0
2020-08-16,Hampton,"Two or more races",12,0,0
2020-08-16,Richmond,Black,1032,191,25
2020-08-16,Henrico,"Two or more races",25,1,0
2020-08-16,Fairfax,"Two or more races",58,5,0
2020-08-16,Alleghany,"Not Reported",444,2,0
2020-08-16,Portsmouth,"Not Reported",535,4,0
2020-08-16,"Cumberland Plateau","Other Race",1,1,0
2020-08-16,Southside,"Two or more races",23,0,0
2020-08-16,Portsmouth,White,234,13,5
2020-08-16,"Rappahannock Rapidan","Two or more races",21,2,0
2020-08-16,Fairfax,White,2987,453,292
2020-08-16,Fairfax,"Other Race",639,76,17
2020-08-16,Crater,"Two or more races",3,0,0
2020-08-16,"West Piedmont","Not Reported",299,28,0
2020-08-16,Henrico,"Other Race",91,12,0
2020-08-16,"Three Rivers",White,458,36,8
2020-08-16,"Central Virginia",Black,124,21,5
2020-08-16,Lenowisco,"Other Race",5,0,0
2020-08-16,"Three Rivers","Other Race",14,3,0
2020-08-16,"Western Tidewater",White,512,49,40
2020-08-16,"Mount Rogers",Black,43,6,2
2020-08-16,"Three Rivers","Not Reported",189,3,1
2020-08-16,"Thomas Jefferson",Black,401,62,11
2020-08-16,"Eastern Shore",White,224,25,17
2020-08-16,"Central Virginia",White,373,35,10
2020-08-16,Lenowisco,Black,5,1,1
2020-08-16,"Central Virginia","Two or more races",0,0,0
2020-08-16,Richmond,"Two or more races",11,0,0
2020-08-16,Crater,"Not Reported",584,8,4
2020-08-16,Chesterfield,"Two or more races",13,2,0
2020-08-16,"New River",Latino,76,5,0
2020-08-16,Richmond,Latino,1187,98,7
2020-08-16,Portsmouth,Latino,54,11,1
2020-08-16,Pittsylvania-Danville,"Not Reported",449,7,2
2020-08-16,Chesapeake,"Not Reported",835,7,0
2020-08-16,Chickahominy,Latino,73,4,0
2020-08-16,Crater,Black,1337,165,47
2020-08-16,Chesterfield,Black,732,91,25
2020-08-16,Chesterfield,"Other Race",181,7,0
2020-08-16,Peninsula,Black,790,61,17
2020-08-16,Roanoke,White,154,8,12
2020-08-16,"New River",Black,46,3,0
2020-08-16,Southside,Latino,5,0,0
2020-08-16,Peninsula,Latino,280,19,0
2020-08-16,Rappahannock,"Two or more races",21,2,0
2020-08-16,"Virginia Beach",Black,1374,83,11
2020-08-16,"Mount Rogers","Not Reported",72,2,1
2020-08-16,Loudoun,"Not Reported",1915,4,0
2020-08-16,Chesapeake,"Other Race",62,3,1
2020-08-16,Chickahominy,"Two or more races",1,1,0
2020-08-16,Crater,"Other Race",29,0,0
2020-08-16,Norfolk,"Two or more races",40,1,0
2020-08-16,"Eastern Shore","Two or more races",1,1,0
2020-08-16,"Central Shenandoah",White,1562,150,50
2020-08-16,"New River","Other Race",2,0,0
2020-08-16,"New River",White,411,23,8
2020-08-16,"Central Shenandoah","Other Race",46,1,0
2020-08-16,"West Piedmont",Black,299,55,5
2020-08-16,Alleghany,Latino,113,7,0
2020-08-16,"Central Shenandoah","Not Reported",235,3,1
2020-08-16,Roanoke,"Two or more races",2,1,0
2020-08-16,Peninsula,"Two or more races",34,2,0
2020-08-16,Richmond,"Not Reported",585,2,1
2020-08-16,Arlington,"Other Race",75,8,3
2020-08-16,Norfolk,"Not Reported",954,3,0
2020-08-16,Alexandria,"Other Race",58,7,2
2020-08-16,"Virginia Beach",White,1773,131,34
2020-08-16,Chesapeake,"Two or more races",30,1,1
2020-08-16,Alleghany,White,379,37,17
2020-08-16,"Rappahannock Rapidan","Other Race",28,1,0
2020-08-16,Chickahominy,"Not Reported",269,2,2
2020-08-16,Portsmouth,Black,1054,101,17
2020-08-16,Chickahominy,"Other Race",12,2,0
2020-08-16,"Virginia Beach",Latino,317,19,3
2020-08-16,Chesapeake,White,855,78,20
2020-08-16,Southside,Black,236,34,13
2020-08-16,Rappahannock,Latino,1142,101,8
2020-08-16,"Three Rivers","Two or more races",4,0,0
2020-08-16,Henrico,Black,1293,175,80
2020-08-16,Pittsylvania-Danville,Black,311,43,4
2020-08-16,"Lord Fairfax","Two or more races",11,0,0
2020-08-16,"Prince William",Latino,5134,586,66
2020-08-16,"Mount Rogers","Other Race",7,2,1
2020-08-16,"Central Shenandoah",Black,144,9,4
2020-08-16,Peninsula,White,676,77,27
2020-08-16,"Eastern Shore","Not Reported",84,0,0
2020-08-16,"Thomas Jefferson","Other Race",124,3,0
2020-08-16,Hampton,"Other Race",38,2,0
2020-08-16,"Lord Fairfax","Not Reported",325,4,6
2020-08-16,"Central Virginia","Other Race",10,0,0
2020-08-16,"Western Tidewater","Other Race",52,1,2
2020-08-16,Crater,Latino,171,9,4
2020-08-16,Chesapeake,Latino,222,18,1
2020-08-16,Chesterfield,White,894,88,65
2020-08-16,"Western Tidewater","Not Reported",710,3,1
2020-08-16,Fairfax,"Not Reported",2248,58,30
2020-08-16,Arlington,Black,320,72,32
2020-08-16,"Central Virginia",Latino,26,3,1
2020-08-16,Alexandria,"Not Reported",198,6,1
2020-08-16,"Three Rivers",Black,351,30,7
2020-08-16,"Prince William","Two or more races",33,1,0
2020-08-16,Loudoun,"Two or more races",38,1,0
2020-08-16,Peninsula,"Other Race",111,4,0
2020-08-16,"Thomas Jefferson",White,765,61,30
2020-08-16,Norfolk,"Other Race",72,3,1
2020-08-16,"Prince William","Not Reported",3798,23,0
2020-08-16,"West Piedmont",White,453,62,10
2020-08-16,Rappahannock,Black,600,72,13
2020-08-16,Norfolk,Black,1972,169,23
2020-08-16,Roanoke,Latino,286,11,0
2020-08-16,Piedmont,Latino,64,6,1
2020-08-16,Roanoke,"Not Reported",520,1,0
2020-08-16,"Virginia Beach","Other Race",91,2,0
2020-08-16,Arlington,"Two or more races",28,2,0
2020-08-16,Alexandria,White,577,54,33
2020-08-16,"Lord Fairfax","Other Race",60,6,1
2020-08-16,"Thomas Jefferson","Not Reported",174,1,0
2020-08-16,"Virginia Beach","Not Reported",1580,9,5
2020-08-16,Loudoun,Black,249,27,5
2020-08-16,Pittsylvania-Danville,Latino,54,3,0
2020-08-16,"Cumberland Plateau","Not Reported",11,0,0
2020-08-16,Chesterfield,"Not Reported",1943,3,9
2020-08-16,"Mount Rogers",White,1165,126,54
2020-08-16,Richmond,White,422,32,6
2020-08-16,Lenowisco,"Not Reported",73,3,1
2020-08-16,"Three Rivers",Latino,146,5,1
2020-08-16,Piedmont,"Not Reported",613,11,2
2020-08-16,"Mount Rogers",Latino,265,6,0
2020-08-16,"Central Shenandoah","Two or more races",9,1,0
2020-08-16,Crater,White,508,46,15
2020-08-16,Arlington,White,911,117,65
2020-08-16,Pittsylvania-Danville,"Other Race",0,0,0
2020-08-16,Chickahominy,Black,186,39,11
2020-08-16,Fairfax,Black,1258,208,56
2020-08-16,"Eastern Shore",Latino,255,12,3
2020-08-16,Norfolk,White,609,37,10
2020-08-16,"Mount Rogers","Two or more races",4,0,0
2020-08-16,Alleghany,"Two or more races",3,0,0
2020-08-16,Southside,White,182,26,18
2020-08-16,"Thomas Jefferson","Two or more races",23,0,0
2020-08-16,"Prince William",Black,1106,157,44
2020-08-16,"Lord Fairfax",White,1478,167,70
2020-08-16,"Cumberland Plateau",Latino,2,0,0
2020-08-16,Arlington,"Not Reported",300,2,0
2020-08-16,Rappahannock,"Other Race",71,3,0
2020-08-16,"Rappahannock Rapidan",Black,156,23,6
2020-08-16,"New River","Two or more races",3,0,0
2020-08-16,Arlington,Latino,1442,214,23
2020-08-16,Henrico,White,1006,99,92
2020-08-16,Loudoun,White,1227,108,83
2020-08-16,Hampton,White,173,9,1
2020-08-16,Alleghany,Black,41,4,1
2020-08-16,"Prince William",White,1350,160,82
2020-08-16,Rappahannock,White,953,99,36
2020-08-16,Southside,"Other Race",9,0,1
2020-08-16,Portsmouth,"Two or more races",8,2,1
2020-08-16,"Western Tidewater",Black,1041,84,37
2020-08-16,Hampton,Latino,51,4,0
2020-08-16,Henrico,"Not Reported",757,3,4
2020-08-16,"West Piedmont","Two or more races",0,0,0
2020-08-16,Peninsula,"Not Reported",1278,2,0
2020-08-16,Loudoun,Latino,1663,166,14
2020-08-16,Alexandria,Black,592,80,14
2020-08-16,Piedmont,Black,431,58,14
2020-08-16,Roanoke,"Other Race",11,0,0
2020-08-16,Alexandria,"Two or more races",14,1,0
2020-08-16,"Western Tidewater",Latino,23,1,1
2020-08-16,Rappahannock,"Not Reported",1079,27,0
2020-08-16,"West Piedmont","Other Race",5,1,1
2020-08-16,Chickahominy,White,507,83,33
2020-08-16,"Thomas Jefferson",Latino,592,25,2
2020-08-16,"Cumberland Plateau",Black,20,0,0
2020-08-16,"Lord Fairfax",Latino,649,41,8
2020-08-16,"West Piedmont",Latino,199,8,1
2020-08-16,"Cumberland Plateau",White,378,32,5
2020-08-16,"Eastern Shore","Other Race",13,1,0
2020-08-16,"Cumberland Plateau","Two or more races",4,0,0
2020-08-16,Pittsylvania-Danville,"Two or more races",1,0,0
2020-08-16,Piedmont,"Other Race",8,0,0
2020-08-16,Alexandria,Latino,1560,126,10
2020-08-16,Chesapeake,Black,1195,142,14
2020-08-16,Richmond,"Other Race",97,6,2
2020-08-16,Henrico,Latino,780,52,8
2020-08-16,Piedmont,"Two or more races",4,2,0
2020-08-16,"Prince William","Other Race",327,15,0
2020-08-16,"New River","Not Reported",83,2,0
2020-08-16,"Rappahannock Rapidan",White,546,43,14
2020-08-16,"Central Virginia","Not Reported",1182,9,1
2020-08-16,"Virginia Beach","Two or more races",45,2,0
2020-08-16,Pittsylvania-Danville,White,213,29,4
2020-08-16,"Lord Fairfax",Black,117,13,6
2020-08-16,Fairfax,Latino,8544,943,79
2020-08-16,Chesterfield,"Asian or Pacific Islander",45,2,0
2020-08-16,Crater,"Asian or Pacific Islander",14,0,0
2020-08-16,Fairfax,"Asian or Pacific Islander",1395,244,71
2020-08-16,Hampton,"Asian or Pacific Islander",10,0,0
2020-08-16,"Rappahannock Rapidan","Asian or Pacific Islander",6,1,0
2020-08-16,"Mount Rogers","Asian or Pacific Islander",3,1,0
2020-08-16,"New River","Asian or Pacific Islander",8,0,0
2020-08-16,"Central Virginia","Asian or Pacific Islander",7,0,0
2020-08-16,"Lord Fairfax","Asian or Pacific Islander",13,0,0
2020-08-16,Southside,"Asian or Pacific Islander",1,0,0
2020-08-16,Alleghany,"Asian or Pacific Islander",8,0,0
2020-08-16,Portsmouth,"Asian or Pacific Islander",13,2,0
2020-08-16,Roanoke,"Asian or Pacific Islander",9,0,0
2020-08-16,Richmond,"Asian or Pacific Islander",20,3,1
2020-08-16,"Thomas Jefferson","Asian or Pacific Islander",35,0,1
2020-08-16,"Virginia Beach","Asian or Pacific Islander",208,20,2
2020-08-16,Henrico,"Asian or Pacific Islander",149,10,3
2020-08-16,Piedmont,"Asian or Pacific Islander",6,0,0
2020-08-16,"Western Tidewater","Asian or Pacific Islander",12,2,0
2020-08-16,"West Piedmont","Asian or Pacific Islander",12,1,1
2020-08-16,Chickahominy,"Asian or Pacific Islander",9,1,0
2020-08-16,Peninsula,"Asian or Pacific Islander",35,4,3
2020-08-16,Norfolk,"Asian or Pacific Islander",48,3,0
2020-08-16,Arlington,"Asian or Pacific Islander",150,22,12
2020-08-16,Loudoun,"Asian or Pacific Islander",281,43,11
2020-08-16,Alexandria,"Asian or Pacific Islander",102,10,1
2020-08-16,Rappahannock,"Asian or Pacific Islander",56,10,1
2020-08-16,Chesapeake,"Asian or Pacific Islander",49,8,4
2020-08-16,"Cumberland Plateau and Lenowisco","Asian or Pacific Islander",1,0,0
2020-08-16,"Central Shenandoah","Asian or Pacific Islander",23,2,0
2020-08-16,"Prince William","Asian or Pacific Islander",374,47,15
2020-08-16,Pittsylvania-Danville,"Asian or Pacific Islander",4,0,0
2020-08-16,"Eastern Shore and Three Rivers","Asian or Pacific Islander",10,1,0
2020-08-16,Piedmont,"Native American",1,0,0
2020-08-16,"New River","Native American",0,0,0
2020-08-16,"Central Shenandoah","Native American",3,1,0
2020-08-16,"Eastern Shore and Three Rivers","Native American",1,0,0
2020-08-16,Fairfax,"Native American",31,1,1
2020-08-16,Chesapeake,"Native American",10,0,0
2020-08-16,"Western Tidewater","Native American",2,0,0
2020-08-16,Portsmouth,"Native American",3,2,0
2020-08-16,Richmond,"Native American",0,0,0
2020-08-16,Chickahominy,"Native American",5,1,0
2020-08-16,"Thomas Jefferson","Native American",2,0,0
2020-08-16,Arlington,"Native American",3,0,0
2020-08-16,"Virginia Beach","Native American",6,0,0
2020-08-16,Peninsula,"Native American",4,1,0
2020-08-16,Hampton,"Native American",1,0,0
2020-08-16,"West Piedmont","Native American",3,0,0
2020-08-16,"Cumberland Plateau, Lenowisco, and Mount Rogers","Native American",1,0,0
2020-08-16,Henrico,"Native American",8,0,0
2020-08-16,Norfolk,"Native American",7,0,0
2020-08-16,"Prince William","Native American",13,1,0
2020-08-16,"Central Virginia","Native American",1,0,0
2020-08-16,Chesterfield,"Native American",4,0,0
2020-08-16,Rappahannock,"Native American",4,0,0
2020-08-16,Loudoun,"Native American",2,0,0
2020-08-16,Alexandria,"Native American",3,0,0
2020-08-16,"Alleghany and Roanoke","Native American",1,0,0
2020-08-16,Crater,"Native American",5,0,0
2020-08-16,"Rappahannock Rapidan","Native American",1,0,0
2020-08-16,"Lord Fairfax","Native American",2,1,1
2020-08-16,"Pittsylvania-Danville and Southside","Native American",0,0,0
2020-08-17,"Rappahannock Rapidan","Not Reported",545,10,1
2020-08-17,Portsmouth,"Other Race",67,2,1
2020-08-17,"Western Tidewater","Two or more races",19,0,0
2020-08-17,Piedmont,White,413,48,18
2020-08-17,Chesterfield,Latino,1183,74,7
2020-08-17,Lenowisco,White,444,45,8
2020-08-17,Lenowisco,"Two or more races",2,0,0
2020-08-17,Hampton,"Not Reported",503,1,1
2020-08-17,Southside,"Not Reported",419,9,4
2020-08-17,Roanoke,Black,89,9,3
2020-08-17,Hampton,Black,556,37,7
2020-08-17,Alleghany,"Other Race",3,1,0
2020-08-17,Lenowisco,Latino,7,0,0
2020-08-17,Loudoun,"Other Race",138,11,2
2020-08-17,"Central Shenandoah",Latino,907,54,5
2020-08-17,"Rappahannock Rapidan",Latino,733,59,6
2020-08-17,"Eastern Shore",Black,843,96,26
2020-08-17,Norfolk,Latino,280,18,0
2020-08-17,Hampton,"Two or more races",13,0,0
2020-08-17,Richmond,Black,1062,195,25
2020-08-17,Henrico,"Two or more races",25,1,0
2020-08-17,Fairfax,"Two or more races",58,5,0
2020-08-17,Alleghany,"Not Reported",437,2,0
2020-08-17,Portsmouth,"Not Reported",545,4,0
2020-08-17,"Cumberland Plateau","Other Race",1,1,0
2020-08-17,Southside,"Two or more races",23,0,0
2020-08-17,Portsmouth,White,237,13,5
2020-08-17,"Rappahannock Rapidan","Two or more races",21,2,0
2020-08-17,Fairfax,White,3001,453,292
2020-08-17,Fairfax,"Other Race",644,76,17
2020-08-17,Crater,"Two or more races",3,0,0
2020-08-17,"West Piedmont","Not Reported",299,28,0
2020-08-17,Henrico,"Other Race",94,12,0
2020-08-17,"Three Rivers",White,463,37,8
2020-08-17,"Central Virginia",Black,124,21,5
2020-08-17,Lenowisco,"Other Race",5,0,0
2020-08-17,"Three Rivers","Other Race",14,3,0
2020-08-17,"Western Tidewater",White,517,50,40
2020-08-17,"Mount Rogers",Black,43,6,2
2020-08-17,"Three Rivers","Not Reported",190,3,1
2020-08-17,"Thomas Jefferson",Black,407,62,11
2020-08-17,"Eastern Shore",White,226,25,17
2020-08-17,"Central Virginia",White,373,35,10
2020-08-17,Lenowisco,Black,5,1,1
2020-08-17,"Central Virginia","Two or more races",0,0,0
2020-08-17,Richmond,"Two or more races",12,0,0
2020-08-17,Crater,"Not Reported",588,9,4
2020-08-17,Chesterfield,"Two or more races",13,2,0
2020-08-17,"New River",Latino,76,5,0
2020-08-17,Richmond,Latino,1191,98,7
2020-08-17,Portsmouth,Latino,54,11,1
2020-08-17,Pittsylvania-Danville,"Not Reported",448,7,1
2020-08-17,Chesapeake,"Not Reported",843,7,0
2020-08-17,Chickahominy,Latino,73,4,0
2020-08-17,Crater,Black,1350,166,47
2020-08-17,Chesterfield,Black,734,91,25
2020-08-17,Chesterfield,"Other Race",181,7,0
2020-08-17,Peninsula,Black,794,61,17
2020-08-17,Roanoke,White,162,8,12
2020-08-17,"New River",Black,47,3,0
2020-08-17,Southside,Latino,5,0,0
2020-08-17,Peninsula,Latino,281,19,0
2020-08-17,Rappahannock,"Two or more races",22,2,0
2020-08-17,"Virginia Beach",Black,1387,83,11
2020-08-17,"Mount Rogers","Not Reported",77,3,1
2020-08-17,Loudoun,"Not Reported",1915,4,0
2020-08-17,Chesapeake,"Other Race",63,3,1
2020-08-17,Chickahominy,"Two or more races",2,1,0
2020-08-17,Crater,"Other Race",29,0,0
2020-08-17,Norfolk,"Two or more races",39,1,0
2020-08-17,"Eastern Shore","Two or more races",1,1,0
2020-08-17,"Central Shenandoah",White,1572,153,50
2020-08-17,"New River","Other Race",2,0,0
2020-08-17,"New River",White,414,23,8
2020-08-17,"Central Shenandoah","Other Race",46,1,0
2020-08-17,"West Piedmont",Black,300,55,5
2020-08-17,Alleghany,Latino,119,7,0
2020-08-17,"Central Shenandoah","Not Reported",237,3,1
2020-08-17,Roanoke,"Two or more races",2,1,0
2020-08-17,Peninsula,"Two or more races",34,2,0
2020-08-17,Richmond,"Not Reported",592,2,1
2020-08-17,Arlington,"Other Race",76,8,3
2020-08-17,Norfolk,"Not Reported",955,3,0
2020-08-17,Alexandria,"Other Race",59,7,2
2020-08-17,"Virginia Beach",White,1782,132,34
2020-08-17,Chesapeake,"Two or more races",31,1,1
2020-08-17,Alleghany,White,391,38,17
2020-08-17,"Rappahannock Rapidan","Other Race",29,1,0
2020-08-17,Chickahominy,"Not Reported",269,2,2
2020-08-17,Portsmouth,Black,1068,101,17
2020-08-17,Chickahominy,"Other Race",12,2,0
2020-08-17,"Virginia Beach",Latino,322,19,3
2020-08-17,Chesapeake,White,871,78,20
2020-08-17,Southside,Black,238,34,13
2020-08-17,Rappahannock,Latino,1146,101,8
2020-08-17,"Three Rivers","Two or more races",4,0,0
2020-08-17,Henrico,Black,1304,175,80
2020-08-17,Pittsylvania-Danville,Black,321,43,5
2020-08-17,"Lord Fairfax","Two or more races",11,0,0
2020-08-17,"Prince William",Latino,5141,586,66
2020-08-17,"Mount Rogers","Other Race",7,2,2
2020-08-17,"Central Shenandoah",Black,145,10,4
2020-08-17,Peninsula,White,688,77,27
2020-08-17,"Eastern Shore","Not Reported",84,0,0
2020-08-17,"Thomas Jefferson","Other Race",124,3,0
2020-08-17,Hampton,"Other Race",38,2,0
2020-08-17,"Lord Fairfax","Not Reported",326,4,6
2020-08-17,"Central Virginia","Other Race",10,0,0
2020-08-17,"Western Tidewater","Other Race",53,1,2
2020-08-17,Crater,Latino,171,9,4
2020-08-17,Chesapeake,Latino,224,18,1
2020-08-17,Chesterfield,White,899,88,65
2020-08-17,"Western Tidewater","Not Reported",713,3,1
2020-08-17,Fairfax,"Not Reported",2276,58,31
2020-08-17,Arlington,Black,321,72,32
2020-08-17,"Central Virginia",Latino,26,3,1
2020-08-17,Alexandria,"Not Reported",199,6,1
2020-08-17,"Three Rivers",Black,358,31,7
2020-08-17,"Prince William","Two or more races",33,1,0
2020-08-17,Loudoun,"Two or more races",38,1,0
2020-08-17,Peninsula,"Other Race",112,4,0
2020-08-17,"Thomas Jefferson",White,771,61,30
2020-08-17,Norfolk,"Other Race",75,3,1
2020-08-17,"Prince William","Not Reported",3807,23,0
2020-08-17,"West Piedmont",White,453,62,10
2020-08-17,Rappahannock,Black,608,73,13
2020-08-17,Norfolk,Black,1981,169,23
2020-08-17,Roanoke,Latino,297,12,0
2020-08-17,Piedmont,Latino,64,6,1
2020-08-17,Roanoke,"Not Reported",510,1,0
2020-08-17,"Virginia Beach","Other Race",92,2,0
2020-08-17,Arlington,"Two or more races",28,2,0
2020-08-17,Alexandria,White,588,54,33
2020-08-17,"Lord Fairfax","Other Race",60,6,1
2020-08-17,"Thomas Jefferson","Not Reported",179,1,0
2020-08-17,"Virginia Beach","Not Reported",1600,9,5
2020-08-17,Loudoun,Black,250,27,5
2020-08-17,Pittsylvania-Danville,Latino,55,3,0
2020-08-17,"Cumberland Plateau","Not Reported",11,0,0
2020-08-17,Chesterfield,"Not Reported",1938,3,9
2020-08-17,"Mount Rogers",White,1186,129,54
2020-08-17,Richmond,White,431,32,6
2020-08-17,Lenowisco,"Not Reported",73,3,1
2020-08-17,"Three Rivers",Latino,146,5,1
2020-08-17,Piedmont,"Not Reported",620,11,2
2020-08-17,"Mount Rogers",Latino,266,6,0
2020-08-17,"Central Shenandoah","Two or more races",10,1,0
2020-08-17,Crater,White,513,46,15
2020-08-17,Arlington,White,915,117,65
2020-08-17,Pittsylvania-Danville,"Other Race",0,0,0
2020-08-17,Chickahominy,Black,188,39,11
2020-08-17,Fairfax,Black,1267,208,56
2020-08-17,"Eastern Shore",Latino,255,12,3
2020-08-17,Norfolk,White,617,37,10
2020-08-17,"Mount Rogers","Two or more races",4,0,0
2020-08-17,Alleghany,"Two or more races",3,0,0
2020-08-17,Southside,White,182,26,18
2020-08-17,"Thomas Jefferson","Two or more races",23,0,0
2020-08-17,"Prince William",Black,1116,157,44
2020-08-17,"Lord Fairfax",White,1481,169,70
2020-08-17,"Cumberland Plateau",Latino,2,0,0
2020-08-17,Arlington,"Not Reported",309,2,0
2020-08-17,Rappahannock,"Other Race",72,3,0
2020-08-17,"Rappahannock Rapidan",Black,157,23,6
2020-08-17,"New River","Two or more races",3,0,0
2020-08-17,Arlington,Latino,1444,214,23
2020-08-17,Henrico,White,1014,101,92
2020-08-17,Loudoun,White,1233,108,83
2020-08-17,Hampton,White,177,9,1
2020-08-17,Alleghany,Black,45,4,1
2020-08-17,"Prince William",White,1362,160,82
2020-08-17,Rappahannock,White,961,100,36
2020-08-17,Southside,"Other Race",9,0,1
2020-08-17,Portsmouth,"Two or more races",8,2,1
2020-08-17,"Western Tidewater",Black,1056,85,37
2020-08-17,Hampton,Latino,51,4,0
2020-08-17,Henrico,"Not Reported",765,3,4
2020-08-17,"West Piedmont","Two or more races",0,0,0
2020-08-17,Peninsula,"Not Reported",1289,2,0
2020-08-17,Loudoun,Latino,1669,166,14
2020-08-17,Alexandria,Black,599,80,14
2020-08-17,Piedmont,Black,433,58,14
2020-08-17,Roanoke,"Other Race",11,0,0
2020-08-17,Alexandria,"Two or more races",15,1,0
2020-08-17,"Western Tidewater",Latino,24,1,1
2020-08-17,Rappahannock,"Not Reported",1083,27,0
2020-08-17,"West Piedmont","Other Race",5,1,1
2020-08-17,Chickahominy,White,508,84,33
2020-08-17,"Thomas Jefferson",Latino,593,25,2
2020-08-17,"Cumberland Plateau",Black,20,0,0
2020-08-17,"Lord Fairfax",Latino,649,41,8
2020-08-17,"West Piedmont",Latino,199,8,1
2020-08-17,"Cumberland Plateau",White,385,32,5
2020-08-17,"Eastern Shore","Other Race",13,1,0
2020-08-17,"Cumberland Plateau","Two or more races",4,0,0
2020-08-17,Pittsylvania-Danville,"Two or more races",1,0,0
2020-08-17,Piedmont,"Other Race",8,0,0
2020-08-17,Alexandria,Latino,1565,126,10
2020-08-17,Chesapeake,Black,1211,142,14
2020-08-17,Richmond,"Other Race",95,6,2
2020-08-17,Henrico,Latino,788,52,8
2020-08-17,Piedmont,"Two or more races",4,2,0
2020-08-17,"Prince William","Other Race",329,15,0
2020-08-17,"New River","Not Reported",88,2,0
2020-08-17,"Rappahannock Rapidan",White,549,43,14
2020-08-17,"Central Virginia","Not Reported",1185,9,1
2020-08-17,"Virginia Beach","Two or more races",45,2,0
2020-08-17,Pittsylvania-Danville,White,220,29,5
2020-08-17,"Lord Fairfax",Black,117,13,6
2020-08-17,Fairfax,Latino,8557,943,80
2020-08-17,Chesterfield,"Asian or Pacific Islander",45,2,0
2020-08-17,Crater,"Asian or Pacific Islander",14,0,0
2020-08-17,Fairfax,"Asian or Pacific Islander",1402,245,71
2020-08-17,Hampton,"Asian or Pacific Islander",10,0,0
2020-08-17,"Rappahannock Rapidan","Asian or Pacific Islander",6,1,0
2020-08-17,"Mount Rogers","Asian or Pacific Islander",3,1,0
2020-08-17,"New River","Asian or Pacific Islander",8,0,0
2020-08-17,"Central Virginia","Asian or Pacific Islander",7,0,0
2020-08-17,"Lord Fairfax","Asian or Pacific Islander",13,0,0
2020-08-17,Southside,"Asian or Pacific Islander",1,0,0
2020-08-17,Alleghany,"Asian or Pacific Islander",9,0,0
2020-08-17,Portsmouth,"Asian or Pacific Islander",13,2,0
2020-08-17,Roanoke,"Asian or Pacific Islander",10,0,0
2020-08-17,Richmond,"Asian or Pacific Islander",21,3,1
2020-08-17,"Thomas Jefferson","Asian or Pacific Islander",35,0,1
2020-08-17,"Virginia Beach","Asian or Pacific Islander",210,20,2
2020-08-17,Henrico,"Asian or Pacific Islander",151,10,3
2020-08-17,Piedmont,"Asian or Pacific Islander",6,0,0
2020-08-17,"Western Tidewater","Asian or Pacific Islander",12,2,0
2020-08-17,"West Piedmont","Asian or Pacific Islander",12,1,1
2020-08-17,Chickahominy,"Asian or Pacific Islander",11,1,0
2020-08-17,Peninsula,"Asian or Pacific Islander",35,4,3
2020-08-17,Norfolk,"Asian or Pacific Islander",48,3,0
2020-08-17,Arlington,"Asian or Pacific Islander",150,22,12
2020-08-17,Loudoun,"Asian or Pacific Islander",283,44,11
2020-08-17,Alexandria,"Asian or Pacific Islander",102,10,1
2020-08-17,Rappahannock,"Asian or Pacific Islander",57,10,1
2020-08-17,Chesapeake,"Asian or Pacific Islander",50,8,4
2020-08-17,"Cumberland Plateau and Lenowisco","Asian or Pacific Islander",1,0,0
2020-08-17,"Central Shenandoah","Asian or Pacific Islander",24,2,0
2020-08-17,"Prince William","Asian or Pacific Islander",377,47,15
2020-08-17,Pittsylvania-Danville,"Asian or Pacific Islander",3,0,0
2020-08-17,"Eastern Shore and Three Rivers","Asian or Pacific Islander",12,1,0
2020-08-17,Piedmont,"Native American",1,0,0
2020-08-17,"New River","Native American",0,0,0
2020-08-17,"Central Shenandoah","Native American",3,1,0
2020-08-17,"Eastern Shore and Three Rivers","Native American",1,0,0
2020-08-17,Fairfax,"Native American",31,1,1
2020-08-17,Chesapeake,"Native American",10,0,0
2020-08-17,"Western Tidewater","Native American",2,0,0
2020-08-17,Portsmouth,"Native American",3,2,0
2020-08-17,Richmond,"Native American",0,0,0
2020-08-17,Chickahominy,"Native American",5,1,0
2020-08-17,"Thomas Jefferson","Native American",2,0,0
2020-08-17,Arlington,"Native American",3,0,0
2020-08-17,"Virginia Beach","Native American",6,0,0
2020-08-17,Peninsula,"Native American",4,1,0
2020-08-17,Hampton,"Native American",1,0,0
2020-08-17,"West Piedmont","Native American",3,0,0
2020-08-17,"Cumberland Plateau, Lenowisco, and Mount Rogers","Native American",1,0,0
2020-08-17,Henrico,"Native American",8,0,0
2020-08-17,Norfolk,"Native American",7,0,0
2020-08-17,"Prince William","Native American",13,1,0
2020-08-17,"Central Virginia","Native American",1,0,0
2020-08-17,Chesterfield,"Native American",4,0,0
2020-08-17,Rappahannock,"Native American",4,0,0
2020-08-17,Loudoun,"Native American",2,0,0
2020-08-17,Alexandria,"Native American",3,0,0
2020-08-17,"Alleghany and Roanoke","Native American",1,0,0
2020-08-17,Crater,"Native American",5,0,0
2020-08-17,"Rappahannock Rapidan","Native American",1,0,0
2020-08-17,"Lord Fairfax","Native American",2,1,1
2020-08-17,"Pittsylvania-Danville and Southside","Native American",0,0,0
2020-08-18,"Rappahannock Rapidan","Not Reported",543,10,1
2020-08-18,Portsmouth,"Other Race",71,2,1
2020-08-18,"Western Tidewater","Two or more races",19,0,0
2020-08-18,Piedmont,White,413,48,18
2020-08-18,Chesterfield,Latino,1191,74,7
2020-08-18,Lenowisco,White,461,45,8
2020-08-18,Lenowisco,"Two or more races",2,0,0
2020-08-18,Hampton,"Not Reported",502,1,1
2020-08-18,Southside,"Not Reported",424,9,4
2020-08-18,Roanoke,Black,94,9,3
2020-08-18,Hampton,Black,567,37,7
2020-08-18,Alleghany,"Other Race",3,1,0
2020-08-18,Lenowisco,Latino,8,0,0
2020-08-18,Loudoun,"Other Race",143,11,2
2020-08-18,"Central Shenandoah",Latino,910,54,5
2020-08-18,"Rappahannock Rapidan",Latino,737,59,6
2020-08-18,"Eastern Shore",Black,844,96,26
2020-08-18,Norfolk,Latino,282,18,0
2020-08-18,Hampton,"Two or more races",13,0,0
2020-08-18,Richmond,Black,1076,200,25
2020-08-18,Henrico,"Two or more races",27,1,0
2020-08-18,Fairfax,"Two or more races",58,5,0
2020-08-18,Alleghany,"Not Reported",421,2,0
2020-08-18,Portsmouth,"Not Reported",541,4,0
2020-08-18,"Cumberland Plateau","Other Race",1,1,0
2020-08-18,Southside,"Two or more races",23,0,0
2020-08-18,Portsmouth,White,241,13,5
2020-08-18,"Rappahannock Rapidan","Two or more races",21,2,0
2020-08-18,Fairfax,White,3027,455,293
2020-08-18,Fairfax,"Other Race",648,76,17
2020-08-18,Crater,"Two or more races",3,0,0
2020-08-18,"West Piedmont","Not Reported",314,31,0
2020-08-18,Henrico,"Other Race",94,12,0
2020-08-18,"Three Rivers",White,466,39,8
2020-08-18,"Central Virginia",Black,125,21,5
2020-08-18,Lenowisco,"Other Race",5,0,0
2020-08-18,"Three Rivers","Other Race",15,3,0
2020-08-18,"Western Tidewater",White,522,52,42
2020-08-18,"Mount Rogers",Black,43,6,2
2020-08-18,"Three Rivers","Not Reported",189,3,1
2020-08-18,"Thomas Jefferson",Black,411,62,11
2020-08-18,"Eastern Shore",White,226,25,17
2020-08-18,"Central Virginia",White,384,35,10
2020-08-18,Lenowisco,Black,5,1,1
2020-08-18,"Central Virginia","Two or more races",0,0,0
2020-08-18,Richmond,"Two or more races",11,0,0
2020-08-18,Crater,"Not Reported",589,9,4
2020-08-18,Chesterfield,"Two or more races",14,2,0
2020-08-18,"New River",Latino,76,5,0
2020-08-18,Richmond,Latino,1196,99,7
2020-08-18,Portsmouth,Latino,54,11,1
2020-08-18,Pittsylvania-Danville,"Not Reported",453,7,1
2020-08-18,Chesapeake,"Not Reported",841,9,0
2020-08-18,Chickahominy,Latino,72,4,0
2020-08-18,Crater,Black,1359,169,47
2020-08-18,Chesterfield,Black,755,92,25
2020-08-18,Chesterfield,"Other Race",184,7,0
2020-08-18,Peninsula,Black,805,61,17
2020-08-18,Roanoke,White,171,10,12
2020-08-18,"New River",Black,47,3,0
2020-08-18,Southside,Latino,5,0,0
2020-08-18,Peninsula,Latino,284,19,0
2020-08-18,Rappahannock,"Two or more races",22,2,0
2020-08-18,"Virginia Beach",Black,1403,83,12
2020-08-18,"Mount Rogers","Not Reported",83,3,1
2020-08-18,Loudoun,"Not Reported",1919,4,0
2020-08-18,Chesapeake,"Other Race",63,3,1
2020-08-18,Chickahominy,"Two or more races",2,1,0
2020-08-18,Crater,"Other Race",29,0,0
2020-08-18,Norfolk,"Two or more races",37,1,0
2020-08-18,"Eastern Shore","Two or more races",1,1,0
2020-08-18,"Central Shenandoah",White,1577,156,50
2020-08-18,"New River","Other Race",2,0,0
2020-08-18,"New River",White,422,23,8
2020-08-18,"Central Shenandoah","Other Race",46,2,0
2020-08-18,"West Piedmont",Black,318,56,5
2020-08-18,Alleghany,Latino,127,8,0
2020-08-18,"Central Shenandoah","Not Reported",237,3,1
2020-08-18,Roanoke,"Two or more races",2,1,0
2020-08-18,Peninsula,"Two or more races",34,2,0
2020-08-18,Richmond,"Not Reported",593,2,1
2020-08-18,Arlington,"Other Race",75,8,3
2020-08-18,Norfolk,"Not Reported",959,3,0
2020-08-18,Alexandria,"Other Race",58,7,2
2020-08-18,"Virginia Beach",White,1800,133,34
2020-08-18,Chesapeake,"Two or more races",31,1,1
2020-08-18,Alleghany,White,405,39,17
2020-08-18,"Rappahannock Rapidan","Other Race",29,1,0
2020-08-18,Chickahominy,"Not Reported",269,2,2
2020-08-18,Portsmouth,Black,1091,103,17
2020-08-18,Chickahominy,"Other Race",12,2,0
2020-08-18,"Virginia Beach",Latino,328,19,3
2020-08-18,Chesapeake,White,879,82,20
2020-08-18,Southside,Black,239,34,14
2020-08-18,Rappahannock,Latino,1154,101,8
2020-08-18,"Three Rivers","Two or more races",4,0,0
2020-08-18,Henrico,Black,1316,178,80
2020-08-18,Pittsylvania-Danville,Black,327,43,5
2020-08-18,"Lord Fairfax","Two or more races",11,0,0
2020-08-18,"Prince William",Latino,5183,589,66
2020-08-18,"Mount Rogers","Other Race",7,2,2
2020-08-18,"Central Shenandoah",Black,144,10,4
2020-08-18,Peninsula,White,693,77,27
2020-08-18,"Eastern Shore","Not Reported",84,0,0
2020-08-18,"Thomas Jefferson","Other Race",124,3,0
2020-08-18,Hampton,"Other Race",38,2,0
2020-08-18,"Lord Fairfax","Not Reported",326,4,6
2020-08-18,"Central Virginia","Other Race",10,0,0
2020-08-18,"Western Tidewater","Other Race",54,1,2
2020-08-18,Crater,Latino,171,9,4
2020-08-18,Chesapeake,Latino,224,18,1
2020-08-18,Chesterfield,White,920,90,66
2020-08-18,"Western Tidewater","Not Reported",722,6,1
2020-08-18,Fairfax,"Not Reported",2263,58,31
2020-08-18,Arlington,Black,323,73,32
2020-08-18,"Central Virginia",Latino,26,3,1
2020-08-18,Alexandria,"Not Reported",200,6,1
2020-08-18,"Three Rivers",Black,355,31,7
2020-08-18,"Prince William","Two or more races",34,1,0
2020-08-18,Loudoun,"Two or more races",38,1,0
2020-08-18,Peninsula,"Other Race",116,4,0
2020-08-18,"Thomas Jefferson",White,786,63,30
2020-08-18,Norfolk,"Other Race",77,3,1
2020-08-18,"Prince William","Not Reported",3793,23,0
2020-08-18,"West Piedmont",White,470,63,10
2020-08-18,Rappahannock,Black,616,73,13
2020-08-18,Norfolk,Black,1999,172,23
2020-08-18,Roanoke,Latino,298,12,0
2020-08-18,Piedmont,Latino,64,6,1
2020-08-18,Roanoke,"Not Reported",497,0,0
2020-08-18,"Virginia Beach","Other Race",90,2,0
2020-08-18,Arlington,"Two or more races",29,2,0
2020-08-18,Alexandria,White,591,55,33
2020-08-18,"Lord Fairfax","Other Race",62,6,1
2020-08-18,"Thomas Jefferson","Not Reported",179,1,0
2020-08-18,"Virginia Beach","Not Reported",1586,9,5
2020-08-18,Loudoun,Black,250,27,5
2020-08-18,Pittsylvania-Danville,Latino,55,3,0
2020-08-18,"Cumberland Plateau","Not Reported",11,0,0
2020-08-18,Chesterfield,"Not Reported",1947,3,9
2020-08-18,"Mount Rogers",White,1205,131,56
2020-08-18,Richmond,White,434,32,6
2020-08-18,Lenowisco,"Not Reported",75,4,1
2020-08-18,"Three Rivers",Latino,146,5,1
2020-08-18,Piedmont,"Not Reported",625,11,2
2020-08-18,"Mount Rogers",Latino,266,6,0
2020-08-18,"Central Shenandoah","Two or more races",11,1,0
2020-08-18,Crater,White,514,46,15
2020-08-18,Arlington,White,922,117,65
2020-08-18,Pittsylvania-Danville,"Other Race",0,0,0
2020-08-18,Chickahominy,Black,189,40,11
2020-08-18,Fairfax,Black,1283,208,56
2020-08-18,"Eastern Shore",Latino,255,12,3
2020-08-18,Norfolk,White,622,37,10
2020-08-18,"Mount Rogers","Two or more races",4,0,0
2020-08-18,Alleghany,"Two or more races",4,0,0
2020-08-18,Southside,White,184,26,18
2020-08-18,"Thomas Jefferson","Two or more races",23,0,0
2020-08-18,"Prince William",Black,1133,158,45
2020-08-18,"Lord Fairfax",White,1495,169,70
2020-08-18,"Cumberland Plateau",Latino,3,0,0
2020-08-18,Arlington,"Not Reported",302,2,0
2020-08-18,Rappahannock,"Other Race",74,3,0
2020-08-18,"Rappahannock Rapidan",Black,160,23,6
2020-08-18,"New River","Two or more races",3,0,0
2020-08-18,Arlington,Latino,1457,214,23
2020-08-18,Alleghany,Black,46,4,1
2020-08-18,"Prince William",White,1382,161,82
2020-08-18,Rappahannock,White,985,101,36
2020-08-18,Southside,"Other Race",9,0,1
2020-08-18,Portsmouth,"Two or more races",8,2,1
2020-08-18,"Western Tidewater",Black,1074,89,38
2020-08-18,Hampton,Latino,51,4,0
2020-08-18,Henrico,"Not Reported",775,3,4
2020-08-18,"West Piedmont","Two or more races",0,0,0
2020-08-18,Peninsula,"Not Reported",1294,2,0
2020-08-18,Loudoun,Latino,1676,166,14
2020-08-18,Alexandria,Black,604,82,14
2020-08-18,Piedmont,Black,435,58,14
2020-08-18,Roanoke,"Other Race",11,0,0
2020-08-18,Alexandria,"Two or more races",15,1,0
2020-08-18,"Western Tidewater",Latino,24,1,1
2020-08-18,Rappahannock,"Not Reported",1092,27,0
2020-08-18,"West Piedmont","Other Race",5,1,1
2020-08-18,Chickahominy,White,518,84,33
2020-08-18,"Thomas Jefferson",Latino,593,26,2
2020-08-18,"Cumberland Plateau",Black,20,0,0
2020-08-18,"Lord Fairfax",Latino,652,41,8
2020-08-18,"West Piedmont",Latino,201,8,1
2020-08-18,"Cumberland Plateau",White,395,34,5
2020-08-18,"Eastern Shore","Other Race",13,1,0
2020-08-18,"Cumberland Plateau","Two or more races",5,0,0
2020-08-18,Pittsylvania-Danville,"Two or more races",1,0,0
2020-08-18,Piedmont,"Other Race",8,0,0
2020-08-18,Alexandria,Latino,1572,126,10
2020-08-18,Chesapeake,Black,1221,147,14
2020-08-18,Richmond,"Other Race",94,6,2
2020-08-18,Henrico,Latino,791,52,8
2020-08-18,Piedmont,"Two or more races",4,2,0
2020-08-18,"Prince William","Other Race",336,15,0
2020-08-18,"New River","Not Reported",91,2,0
2020-08-18,"Rappahannock Rapidan",White,555,44,14
2020-08-18,"Central Virginia","Not Reported",1221,10,1
2020-08-18,"Virginia Beach","Two or more races",45,2,0
2020-08-18,Pittsylvania-Danville,White,229,29,5
2020-08-18,"Lord Fairfax",Black,119,13,6
2020-08-18,Fairfax,Latino,8593,946,81
2020-08-18,Chesterfield,"Asian or Pacific Islander",45,2,0
2020-08-18,Crater,"Asian or Pacific Islander",14,0,0
2020-08-18,Fairfax,"Asian or Pacific Islander",1416,246,71
2020-08-18,Hampton,"Asian or Pacific Islander",10,0,0
2020-08-18,"Rappahannock Rapidan","Asian or Pacific Islander",7,1,0
2020-08-18,"Mount Rogers","Asian or Pacific Islander",3,1,0
2020-08-18,"New River","Asian or Pacific Islander",8,0,0
2020-08-18,"Central Virginia","Asian or Pacific Islander",7,0,0
2020-08-18,"Lord Fairfax","Asian or Pacific Islander",13,0,0
2020-08-18,Southside,"Asian or Pacific Islander",1,0,0
2020-08-18,Alleghany,"Asian or Pacific Islander",9,0,0
2020-08-18,Portsmouth,"Asian or Pacific Islander",13,2,0
2020-08-18,Roanoke,"Asian or Pacific Islander",10,0,0
2020-08-18,Richmond,"Asian or Pacific Islander",21,3,1
2020-08-18,"Thomas Jefferson","Asian or Pacific Islander",35,0,1
2020-08-18,"Virginia Beach","Asian or Pacific Islander",212,20,2
2020-08-18,Henrico,"Asian or Pacific Islander",152,10,3
2020-08-18,Piedmont,"Asian or Pacific Islander",6,0,0
2020-08-18,"Western Tidewater","Asian or Pacific Islander",13,2,0
2020-08-18,"West Piedmont","Asian or Pacific Islander",12,1,1
2020-08-18,Chickahominy,"Asian or Pacific Islander",13,1,0
2020-08-18,Peninsula,"Asian or Pacific Islander",35,4,3
2020-08-18,Norfolk,"Asian or Pacific Islander",49,3,0
2020-08-18,Arlington,"Asian or Pacific Islander",152,22,12
2020-08-18,Loudoun,"Asian or Pacific Islander",284,44,11
2020-08-18,Alexandria,"Asian or Pacific Islander",103,10,1
2020-08-18,Rappahannock,"Asian or Pacific Islander",57,10,1
2020-08-18,Chesapeake,"Asian or Pacific Islander",50,8,4
2020-08-18,"Cumberland Plateau and Lenowisco","Asian or Pacific Islander",1,0,0
2020-08-18,"Central Shenandoah","Asian or Pacific Islander",24,2,0
2020-08-18,"Prince William","Asian or Pacific Islander",378,47,15
2020-08-18,Pittsylvania-Danville,"Asian or Pacific Islander",3,0,0
2020-08-18,"Eastern Shore and Three Rivers","Asian or Pacific Islander",12,1,0
2020-08-18,Piedmont,"Native American",1,0,0
2020-08-18,"New River","Native American",0,0,0
2020-08-18,"Central Shenandoah","Native American",3,1,0
2020-08-18,"Eastern Shore and Three Rivers","Native American",1,0,0
2020-08-18,Fairfax,"Native American",31,1,1
2020-08-18,Chesapeake,"Native American",10,0,0
2020-08-18,"Western Tidewater","Native American",2,0,0
2020-08-18,Portsmouth,"Native American",3,2,0
2020-08-18,Richmond,"Native American",0,0,0
2020-08-18,Chickahominy,"Native American",5,1,0
2020-08-18,"Thomas Jefferson","Native American",2,0,0
2020-08-18,Arlington,"Native American",4,0,0
2020-08-18,"Virginia Beach","Native American",6,0,0
2020-08-18,Peninsula,"Native American",4,1,0
2020-08-18,Hampton,"Native American",1,0,0
2020-08-18,"West Piedmont","Native American",3,0,0
2020-08-18,"Cumberland Plateau, Lenowisco, and Mount Rogers","Native American",1,0,0
2020-08-18,Henrico,"Native American",8,0,0
2020-08-18,Norfolk,"Native American",7,0,0
2020-08-18,"Prince William","Native American",13,1,0
2020-08-18,"Central Virginia","Native American",1,0,0
2020-08-18,Chesterfield,"Native American",4,0,0
2020-08-18,Rappahannock,"Native American",4,0,0
2020-08-18,Loudoun,"Native American",3,0,0
2020-08-18,Alexandria,"Native American",3,0,0
2020-08-18,"Alleghany and Roanoke","Native American",1,0,0
2020-08-18,Crater,"Native American",5,0,0
2020-08-18,"Rappahannock Rapidan","Native American",1,0,0
2020-08-18,"Lord Fairfax","Native American",2,1,1
2020-08-18,"Pittsylvania-Danville and Southside","Native American",0,0,0
2020-08-19,"Rappahannock Rapidan","Not Reported",547,10,1
2020-08-19,Portsmouth,"Other Race",71,2,1
2020-08-19,"Western Tidewater","Two or more races",20,0,0
2020-08-19,Piedmont,White,415,48,18
2020-08-19,Chesterfield,Latino,1201,76,4
2020-08-19,Lenowisco,White,469,46,8
2020-08-19,Lenowisco,"Two or more races",2,0,0
2020-08-19,Hampton,"Not Reported",509,1,1
2020-08-19,Southside,"Not Reported",425,9,4
2020-08-19,Roanoke,Black,99,10,3
2020-08-19,Hampton,Black,571,37,7
2020-08-19,Alleghany,"Other Race",4,1,0
2020-08-19,Lenowisco,Latino,8,0,0
2020-08-19,Loudoun,"Other Race",143,11,2
2020-08-19,"Central Shenandoah",Latino,914,54,5
2020-08-19,"Rappahannock Rapidan",Latino,739,59,7
2020-08-19,"Eastern Shore",Black,844,96,26
2020-08-19,Norfolk,Latino,283,18,0
2020-08-19,Hampton,"Two or more races",14,0,0
2020-08-19,Richmond,Black,1087,202,25
2020-08-19,Henrico,"Two or more races",27,1,0
2020-08-19,Fairfax,"Two or more races",61,5,0
2020-08-19,Alleghany,"Not Reported",413,2,0
2020-08-19,Portsmouth,"Not Reported",536,4,0
2020-08-19,"Cumberland Plateau","Other Race",1,1,0
2020-08-19,Southside,"Two or more races",23,0,0
2020-08-19,Portsmouth,White,244,13,5
2020-08-19,"Rappahannock Rapidan","Two or more races",23,2,0
2020-08-19,Fairfax,White,3046,456,293
2020-08-19,Fairfax,"Other Race",649,77,17
2020-08-19,Crater,"Two or more races",3,0,0
2020-08-19,"West Piedmont","Not Reported",319,29,2
2020-08-19,Henrico,"Other Race",95,12,0
2020-08-19,"Three Rivers",White,467,39,8
2020-08-19,"Central Virginia",Black,126,21,5
2020-08-19,Lenowisco,"Other Race",5,0,0
2020-08-19,"Three Rivers","Other Race",14,3,0
2020-08-19,"Western Tidewater",White,528,52,42
2020-08-19,"Mount Rogers",Black,45,6,2
2020-08-19,"Three Rivers","Not Reported",189,3,1
2020-08-19,"Thomas Jefferson",Black,415,62,11
2020-08-19,"Eastern Shore",White,228,25,18
2020-08-19,"Central Virginia",White,391,35,10
2020-08-19,Lenowisco,Black,5,1,1
2020-08-19,"Central Virginia","Two or more races",0,0,0
2020-08-19,Richmond,"Two or more races",11,0,0
2020-08-19,Crater,"Not Reported",589,9,4
2020-08-19,Chesterfield,"Two or more races",14,2,0
2020-08-19,"New River",Latino,75,5,0
2020-08-19,Richmond,Latino,1203,101,7
2020-08-19,Portsmouth,Latino,54,11,1
2020-08-19,Pittsylvania-Danville,"Not Reported",453,7,1
2020-08-19,Chesapeake,"Not Reported",862,9,0
2020-08-19,Chickahominy,Latino,72,4,0
2020-08-19,Crater,Black,1379,170,46
2020-08-19,Chesterfield,Black,759,93,25
2020-08-19,Chesterfield,"Other Race",183,7,0
2020-08-19,Peninsula,Black,810,61,17
2020-08-19,Roanoke,White,174,11,12
2020-08-19,"New River",Black,47,3,0
2020-08-19,Southside,Latino,5,0,0
2020-08-19,Peninsula,Latino,284,19,0
2020-08-19,Rappahannock,"Two or more races",22,2,0
2020-08-19,"Virginia Beach",Black,1418,90,15
2020-08-19,"Mount Rogers","Not Reported",87,2,1
2020-08-19,Loudoun,"Not Reported",1873,4,0
2020-08-19,Chesapeake,"Other Race",63,3,1
2020-08-19,Chickahominy,"Two or more races",2,1,0
2020-08-19,Crater,"Other Race",31,0,0
2020-08-19,Norfolk,"Two or more races",38,1,0
2020-08-19,"Eastern Shore","Two or more races",1,1,0
2020-08-19,"Central Shenandoah",White,1589,156,50
2020-08-19,"New River","Other Race",2,0,0
2020-08-19,"New River",White,430,24,8
2020-08-19,"Central Shenandoah","Other Race",46,2,0
2020-08-19,"West Piedmont",Black,321,58,6
2020-08-19,Alleghany,Latino,127,8,0
2020-08-19,"Central Shenandoah","Not Reported",239,3,1
2020-08-19,Roanoke,"Two or more races",2,1,0
2020-08-19,Peninsula,"Two or more races",34,2,0
2020-08-19,Richmond,"Not Reported",602,2,1
2020-08-19,Arlington,"Other Race",78,9,3
2020-08-19,Norfolk,"Not Reported",959,3,0
2020-08-19,Alexandria,"Other Race",59,7,2
2020-08-19,"Virginia Beach",White,1820,140,37
2020-08-19,Chesapeake,"Two or more races",31,1,1
2020-08-19,Alleghany,White,406,38,17
2020-08-19,"Rappahannock Rapidan","Other Race",29,1,0
2020-08-19,Chickahominy,"Not Reported",270,2,2
2020-08-19,Portsmouth,Black,1095,105,17
2020-08-19,Chickahominy,"Other Race",12,2,0
2020-08-19,"Virginia Beach",Latino,333,20,3
2020-08-19,Chesapeake,White,885,83,20
2020-08-19,Southside,Black,242,34,14
2020-08-19,Rappahannock,Latino,1159,102,8
2020-08-19,"Three Rivers","Two or more races",4,0,0
2020-08-19,Henrico,Black,1322,177,80
2020-08-19,Pittsylvania-Danville,Black,337,43,5
2020-08-19,"Lord Fairfax","Two or more races",11,0,0
2020-08-19,"Prince William",Latino,5215,589,66
2020-08-19,"Mount Rogers","Other Race",7,2,2
2020-08-19,"Central Shenandoah",Black,145,10,4
2020-08-19,Peninsula,White,695,77,27
2020-08-19,"Eastern Shore","Not Reported",84,0,0
2020-08-19,"Thomas Jefferson","Other Race",124,3,0
2020-08-19,Hampton,"Other Race",39,2,0
2020-08-19,"Lord Fairfax","Not Reported",328,3,6
2020-08-19,"Central Virginia","Other Race",10,0,0
2020-08-19,"Western Tidewater","Other Race",53,1,2
2020-08-19,Crater,Latino,171,9,4
2020-08-19,Chesapeake,Latino,223,18,1
2020-08-19,Chesterfield,White,938,90,64
2020-08-19,"Western Tidewater","Not Reported",732,6,1
2020-08-19,Fairfax,"Not Reported",2229,57,31
2020-08-19,Arlington,Black,327,74,32
2020-08-19,"Central Virginia",Latino,27,3,1
2020-08-19,Alexandria,"Not Reported",203,6,1
2020-08-19,"Three Rivers",Black,357,33,8
2020-08-19,"Prince William","Two or more races",34,1,0
2020-08-19,Loudoun,"Two or more races",40,1,0
2020-08-19,Peninsula,"Other Race",117,4,0
2020-08-19,"Thomas Jefferson",White,794,64,29
2020-08-19,Norfolk,"Other Race",77,3,1
2020-08-19,"Prince William","Not Reported",3787,23,0
2020-08-19,"West Piedmont",White,478,69,14
2020-08-19,Rappahannock,Black,619,73,13
2020-08-19,Norfolk,Black,2019,174,24
2020-08-19,Roanoke,Latino,302,14,0
2020-08-19,Piedmont,Latino,63,6,1
2020-08-19,Roanoke,"Not Reported",486,0,0
2020-08-19,"Virginia Beach","Other Race",90,2,0
2020-08-19,Arlington,"Two or more races",30,2,0
2020-08-19,Alexandria,White,595,55,33
2020-08-19,"Lord Fairfax","Other Race",63,6,1
2020-08-19,"Thomas Jefferson","Not Reported",177,1,0
2020-08-19,"Virginia Beach","Not Reported",1597,8,3
2020-08-19,Loudoun,Black,254,27,5
2020-08-19,Pittsylvania-Danville,Latino,58,3,0
2020-08-19,"Cumberland Plateau","Not Reported",10,0,0
2020-08-19,Chesterfield,"Not Reported",1953,3,9
2020-08-19,"Mount Rogers",White,1248,134,56
2020-08-19,Richmond,White,437,33,6
2020-08-19,Lenowisco,"Not Reported",75,4,1
2020-08-19,"Three Rivers",Latino,147,5,1
2020-08-19,Piedmont,"Not Reported",618,11,2
2020-08-19,"Mount Rogers",Latino,266,6,0
2020-08-19,"Central Shenandoah","Two or more races",11,1,0
2020-08-19,Crater,White,529,46,15
2020-08-19,Arlington,White,932,118,65
2020-08-19,Pittsylvania-Danville,"Other Race",0,0,0
2020-08-19,Chickahominy,Black,190,40,11
2020-08-19,Fairfax,Black,1301,211,57
2020-08-19,"Eastern Shore",Latino,255,12,3
2020-08-19,Norfolk,White,629,39,12
2020-08-19,"Mount Rogers","Two or more races",4,0,0
2020-08-19,Alleghany,"Two or more races",4,0,0
2020-08-19,Southside,White,184,26,18
2020-08-19,"Thomas Jefferson","Two or more races",23,0,0
2020-08-19,"Prince William",Black,1148,160,45
2020-08-19,"Lord Fairfax",White,1498,169,70
2020-08-19,"Cumberland Plateau",Latino,3,0,0
2020-08-19,Arlington,"Not Reported",303,2,0
2020-08-19,Rappahannock,"Other Race",75,3,0
2020-08-19,"Rappahannock Rapidan",Black,161,24,6
2020-08-19,"New River","Two or more races",3,0,0
2020-08-19,Arlington,Latino,1464,215,23
2020-08-19,Henrico,White,1029,101,92
2020-08-19,Loudoun,White,1258,108,83
2020-08-19,Hampton,White,181,9,1
2020-08-19,Alleghany,Black,49,4,1
2020-08-19,"Prince William",White,1388,163,83
2020-08-19,Rappahannock,White,993,102,36
2020-08-19,Southside,"Other Race",9,0,1
2020-08-19,Portsmouth,"Two or more races",8,2,1
2020-08-19,"Western Tidewater",Black,1085,89,38
2020-08-19,Hampton,Latino,51,4,0
2020-08-19,Henrico,"Not Reported",776,3,4
2020-08-19,"West Piedmont","Two or more races",0,0,0
2020-08-19,Peninsula,"Not Reported",1307,2,0
2020-08-19,Loudoun,Latino,1721,166,14
2020-08-19,Alexandria,Black,610,82,14
2020-08-19,Piedmont,Black,436,58,14
2020-08-19,Roanoke,"Other Race",11,0,0
2020-08-19,Alexandria,"Two or more races",15,1,0
2020-08-19,"Western Tidewater",Latino,24,1,1
2020-08-19,Rappahannock,"Not Reported",1095,27,0
2020-08-19,"West Piedmont","Other Race",5,1,1
2020-08-19,Chickahominy,White,526,84,33
2020-08-19,"Thomas Jefferson",Latino,596,26,2
2020-08-19,"Cumberland Plateau",Black,20,0,0
2020-08-19,"Lord Fairfax",Latino,656,43,8
2020-08-19,"West Piedmont",Latino,201,8,1
2020-08-19,"Cumberland Plateau",White,402,36,6
2020-08-19,"Eastern Shore","Other Race",13,1,0
2020-08-19,"Cumberland Plateau","Two or more races",5,0,0
2020-08-19,Pittsylvania-Danville,"Two or more races",1,0,0
2020-08-19,Piedmont,"Other Race",8,0,0
2020-08-19,Alexandria,Latino,1577,126,10
2020-08-19,Chesapeake,Black,1234,147,14
2020-08-19,Richmond,"Other Race",94,7,3
2020-08-19,Henrico,Latino,793,54,8
2020-08-19,Piedmont,"Two or more races",4,2,0
2020-08-19,"Prince William","Other Race",335,15,0
2020-08-19,"New River","Not Reported",91,2,0
2020-08-19,"Rappahannock Rapidan",White,563,44,14
2020-08-19,"Central Virginia","Not Reported",1241,11,1
2020-08-19,"Virginia Beach","Two or more races",45,2,0
2020-08-19,Pittsylvania-Danville,White,232,29,5
2020-08-19,"Lord Fairfax",Black,119,13,6
2020-08-19,Fairfax,Latino,8650,954,81
2020-08-19,Chesterfield,"Asian or Pacific Islander",46,2,0
2020-08-19,Crater,"Asian or Pacific Islander",15,0,0
2020-08-19,Fairfax,"Asian or Pacific Islander",1429,246,71
2020-08-19,Hampton,"Asian or Pacific Islander",10,0,0
2020-08-19,"Rappahannock Rapidan","Asian or Pacific Islander",7,1,0
2020-08-19,"Mount Rogers","Asian or Pacific Islander",3,1,0
2020-08-19,"New River","Asian or Pacific Islander",8,0,0
2020-08-19,"Central Virginia","Asian or Pacific Islander",7,0,0
2020-08-19,"Lord Fairfax","Asian or Pacific Islander",13,0,0
2020-08-19,Southside,"Asian or Pacific Islander",1,0,0
2020-08-19,Alleghany,"Asian or Pacific Islander",10,0,0
2020-08-19,Portsmouth,"Asian or Pacific Islander",13,2,0
2020-08-19,Roanoke,"Asian or Pacific Islander",10,0,0
2020-08-19,Richmond,"Asian or Pacific Islander",21,3,1
2020-08-19,"Thomas Jefferson","Asian or Pacific Islander",36,0,1
2020-08-19,"Virginia Beach","Asian or Pacific Islander",212,20,2
2020-08-19,Henrico,"Asian or Pacific Islander",152,10,3
2020-08-19,Piedmont,"Asian or Pacific Islander",7,0,0
2020-08-19,"Western Tidewater","Asian or Pacific Islander",13,2,0
2020-08-19,"West Piedmont","Asian or Pacific Islander",12,1,1
2020-08-19,Chickahominy,"Asian or Pacific Islander",13,1,0
2020-08-19,Peninsula,"Asian or Pacific Islander",35,4,3
2020-08-19,Norfolk,"Asian or Pacific Islander",50,3,0
2020-08-19,Arlington,"Asian or Pacific Islander",155,22,12
2020-08-19,Loudoun,"Asian or Pacific Islander",288,44,11
2020-08-19,Alexandria,"Asian or Pacific Islander",103,10,1
2020-08-19,Rappahannock,"Asian or Pacific Islander",58,10,1
2020-08-19,Chesapeake,"Asian or Pacific Islander",50,8,4
2020-08-19,"Cumberland Plateau and Lenowisco","Asian or Pacific Islander",1,0,0
2020-08-19,"Central Shenandoah","Asian or Pacific Islander",24,2,0
2020-08-19,"Prince William","Asian or Pacific Islander",385,48,15
2020-08-19,Pittsylvania-Danville,"Asian or Pacific Islander",3,0,0
2020-08-19,"Eastern Shore and Three Rivers","Asian or Pacific Islander",12,1,0
2020-08-19,Piedmont,"Native American",1,0,0
2020-08-19,"New River","Native American",0,0,0
2020-08-19,"Central Shenandoah","Native American",3,1,0
2020-08-19,"Eastern Shore and Three Rivers","Native American",1,0,0
2020-08-19,Fairfax,"Native American",31,1,1
2020-08-19,Chesapeake,"Native American",10,0,0
2020-08-19,"Western Tidewater","Native American",2,0,0
2020-08-19,Portsmouth,"Native American",3,2,0
2020-08-19,Richmond,"Native American",0,0,0
2020-08-19,Chickahominy,"Native American",5,1,0
2020-08-19,"Thomas Jefferson","Native American",2,0,0
2020-08-19,Arlington,"Native American",4,0,0
2020-08-19,"Virginia Beach","Native American",7,0,0
2020-08-19,Peninsula,"Native American",4,1,0
2020-08-19,Hampton,"Native American",2,0,0
2020-08-19,"West Piedmont","Native American",3,0,0
2020-08-19,"Cumberland Plateau, Lenowisco, and Mount Rogers","Native American",1,0,0
2020-08-19,Henrico,"Native American",8,0,0
2020-08-19,Norfolk,"Native American",7,0,0
2020-08-19,"Prince William","Native American",13,1,0
2020-08-19,"Central Virginia","Native American",1,0,0
2020-08-19,Chesterfield,"Native American",4,0,0
2020-08-19,Rappahannock,"Native American",4,0,0
2020-08-19,Loudoun,"Native American",3,0,0
2020-08-19,Alexandria,"Native American",3,0,0
2020-08-19,"Alleghany and Roanoke","Native American",1,0,0
2020-08-19,Crater,"Native American",5,0,0
2020-08-19,"Rappahannock Rapidan","Native American",1,0,0
2020-08-19,"Lord Fairfax","Native American",2,1,1
2020-08-19,"Pittsylvania-Danville and Southside","Native American",0,0,0
2020-08-20,"Rappahannock Rapidan","Not Reported",550,10,1
2020-08-20,Portsmouth,"Other Race",71,3,2
2020-08-20,"Western Tidewater","Two or more races",20,0,0
2020-08-20,Piedmont,White,421,48,18
2020-08-20,Chesterfield,Latino,1210,77,4
2020-08-20,Lenowisco,White,479,47,8
2020-08-20,Lenowisco,"Two or more races",2,0,0
2020-08-20,Hampton,"Not Reported",509,1,1
2020-08-20,Southside,"Not Reported",435,9,4
2020-08-20,Roanoke,Black,109,10,3
2020-08-20,Hampton,Black,577,37,7
2020-08-20,Alleghany,"Other Race",4,1,0
2020-08-20,Lenowisco,Latino,8,0,0
2020-08-20,Loudoun,"Other Race",145,11,2
2020-08-20,"Central Shenandoah",Latino,915,54,5
2020-08-20,"Rappahannock Rapidan",Latino,745,59,7
2020-08-20,"Eastern Shore",Black,845,96,26
2020-08-20,Norfolk,Latino,286,18,0
2020-08-20,Hampton,"Two or more races",14,0,0
2020-08-20,Richmond,Black,1099,204,25
2020-08-20,Henrico,"Two or more races",27,1,0
2020-08-20,Fairfax,"Two or more races",61,5,0
2020-08-20,Alleghany,"Not Reported",392,2,0
2020-08-20,Portsmouth,"Not Reported",531,4,0
2020-08-20,"Cumberland Plateau","Other Race",1,1,0
2020-08-20,Southside,"Two or more races",23,0,0
2020-08-20,Portsmouth,White,245,14,5
2020-08-20,"Rappahannock Rapidan","Two or more races",23,2,0
2020-08-20,Fairfax,White,3080,458,294
2020-08-20,Fairfax,"Other Race",658,79,18
2020-08-20,Crater,"Two or more races",3,0,0
2020-08-20,"West Piedmont","Not Reported",326,28,2
2020-08-20,Henrico,"Other Race",91,11,0
2020-08-20,"Three Rivers",White,470,39,8
2020-08-20,"Central Virginia",Black,135,21,5
2020-08-20,Lenowisco,"Other Race",5,0,0
2020-08-20,"Three Rivers","Other Race",14,3,0
2020-08-20,"Western Tidewater",White,529,53,43
2020-08-20,"Mount Rogers",Black,45,6,2
2020-08-20,"Three Rivers","Not Reported",189,3,1
2020-08-20,"Thomas Jefferson",Black,418,63,11
2020-08-20,"Eastern Shore",White,230,25,18
2020-08-20,"Central Virginia",White,406,35,10
2020-08-20,Lenowisco,Black,5,1,1
2020-08-20,"Central Virginia","Two or more races",0,0,0
2020-08-20,Richmond,"Two or more races",12,0,0
2020-08-20,Crater,"Not Reported",586,9,4
2020-08-20,Chesterfield,"Two or more races",14,2,0
2020-08-20,"New River",Latino,75,5,0
2020-08-20,Richmond,Latino,1211,101,7
2020-08-20,Portsmouth,Latino,54,11,1
2020-08-20,Pittsylvania-Danville,"Not Reported",468,8,1
2020-08-20,Chesapeake,"Not Reported",853,9,0
2020-08-20,Chickahominy,Latino,72,4,0
2020-08-20,Crater,Black,1396,170,46
2020-08-20,Chesterfield,Black,774,93,25
2020-08-20,Chesterfield,"Other Race",183,7,0
2020-08-20,Peninsula,Black,816,61,17
2020-08-20,Roanoke,White,180,11,12
2020-08-20,"New River",Black,47,3,0
2020-08-20,Southside,Latino,5,0,0
2020-08-20,Peninsula,Latino,285,19,0
2020-08-20,Rappahannock,"Two or more races",22,2,0
2020-08-20,"Virginia Beach",Black,1435,90,15
2020-08-20,"Mount Rogers","Not Reported",86,2,1
2020-08-20,Loudoun,"Not Reported",1866,4,0
2020-08-20,Chesapeake,"Other Race",63,3,1
2020-08-20,Chickahominy,"Two or more races",2,1,0
2020-08-20,Crater,"Other Race",31,0,0
2020-08-20,Norfolk,"Two or more races",36,1,0
2020-08-20,"Eastern Shore","Two or more races",1,1,0
2020-08-20,"Central Shenandoah",White,1597,157,50
2020-08-20,"New River","Other Race",3,0,0
2020-08-20,"New River",White,439,26,8
2020-08-20,"Central Shenandoah","Other Race",47,2,0
2020-08-20,"West Piedmont",Black,326,62,7
2020-08-20,Alleghany,Latino,133,10,0
2020-08-20,"Central Shenandoah","Not Reported",241,3,1
2020-08-20,Roanoke,"Two or more races",2,1,0
2020-08-20,Peninsula,"Two or more races",34,2,0
2020-08-20,Richmond,"Not Reported",598,2,1
2020-08-20,Arlington,"Other Race",78,9,4
2020-08-20,Norfolk,"Not Reported",961,3,0
2020-08-20,Alexandria,"Other Race",60,7,2
2020-08-20,"Virginia Beach",White,1844,142,38
2020-08-20,Chesapeake,"Two or more races",33,1,1
2020-08-20,Alleghany,White,425,38,17
2020-08-20,"Rappahannock Rapidan","Other Race",29,1,0
2020-08-20,Chickahominy,"Not Reported",272,2,2
2020-08-20,Portsmouth,Black,1120,114,19
2020-08-20,Chickahominy,"Other Race",12,2,0
2020-08-20,"Virginia Beach",Latino,337,20,3
2020-08-20,Chesapeake,White,895,86,20
2020-08-20,Southside,Black,245,34,14
2020-08-20,Rappahannock,Latino,1170,102,8
2020-08-20,"Three Rivers","Two or more races",4,0,0
2020-08-20,Henrico,Black,1334,179,81
2020-08-20,Pittsylvania-Danville,Black,340,43,5
2020-08-20,"Lord Fairfax","Two or more races",11,0,0
2020-08-20,"Prince William",Latino,5243,590,66
2020-08-20,"Mount Rogers","Other Race",7,2,2
2020-08-20,"Central Shenandoah",Black,146,10,4
2020-08-20,Peninsula,White,706,77,27
2020-08-20,"Eastern Shore","Not Reported",84,0,0
2020-08-20,"Thomas Jefferson","Other Race",125,3,0
2020-08-20,Hampton,"Other Race",41,2,0
2020-08-20,"Lord Fairfax","Not Reported",331,3,6
2020-08-20,"Central Virginia","Other Race",10,0,0
2020-08-20,"Western Tidewater","Other Race",53,1,2
2020-08-20,Crater,Latino,172,9,4
2020-08-20,Chesapeake,Latino,224,18,1
2020-08-20,Chesterfield,White,954,90,64
2020-08-20,"Western Tidewater","Not Reported",735,6,1
2020-08-20,Fairfax,"Not Reported",2221,58,31
2020-08-20,Arlington,Black,327,74,32
2020-08-20,"Central Virginia",Latino,27,3,1
2020-08-20,Alexandria,"Not Reported",210,6,1
2020-08-20,"Three Rivers",Black,360,33,8
2020-08-20,"Prince William","Two or more races",36,1,0
2020-08-20,Loudoun,"Two or more races",41,1,0
2020-08-20,Peninsula,"Other Race",120,4,0
2020-08-20,"Thomas Jefferson",White,803,64,29
2020-08-20,Norfolk,"Other Race",84,3,1
2020-08-20,"Prince William","Not Reported",3795,23,0
2020-08-20,"West Piedmont",White,496,69,14
2020-08-20,Rappahannock,Black,630,74,13
2020-08-20,Norfolk,Black,2029,176,24
2020-08-20,Roanoke,Latino,307,14,0
2020-08-20,Piedmont,Latino,64,6,1
2020-08-20,Roanoke,"Not Reported",483,0,0
2020-08-20,"Virginia Beach","Other Race",91,2,0
2020-08-20,Arlington,"Two or more races",30,2,0
2020-08-20,Alexandria,White,597,55,33
2020-08-20,"Lord Fairfax","Other Race",64,6,1
2020-08-20,"Thomas Jefferson","Not Reported",181,1,0
2020-08-20,"Virginia Beach","Not Reported",1586,8,3
2020-08-20,Loudoun,Black,254,27,5
2020-08-20,Pittsylvania-Danville,Latino,62,3,0
2020-08-20,"Cumberland Plateau","Not Reported",11,0,0
2020-08-20,Chesterfield,"Not Reported",1946,3,9
2020-08-20,"Mount Rogers",White,1262,134,57
2020-08-20,Richmond,White,443,33,6
2020-08-20,Lenowisco,"Not Reported",77,4,1
2020-08-20,"Three Rivers",Latino,146,5,1
2020-08-20,Piedmont,"Not Reported",624,11,2
2020-08-20,"Mount Rogers",Latino,266,6,0
2020-08-20,"Central Shenandoah","Two or more races",11,1,0
2020-08-20,Crater,White,537,47,15
2020-08-20,Arlington,White,939,119,66
2020-08-20,Pittsylvania-Danville,"Other Race",0,0,0
2020-08-20,Chickahominy,Black,194,40,11
2020-08-20,Fairfax,Black,1320,216,57
2020-08-20,"Eastern Shore",Latino,255,12,3
2020-08-20,Norfolk,White,635,40,14
2020-08-20,"Mount Rogers","Two or more races",4,0,0
2020-08-20,Alleghany,"Two or more races",4,0,0
2020-08-20,Southside,White,187,26,18
2020-08-20,"Thomas Jefferson","Two or more races",24,0,0
2020-08-20,"Prince William",Black,1161,161,45
2020-08-20,"Lord Fairfax",White,1511,169,70
2020-08-20,"Cumberland Plateau",Latino,3,0,0
2020-08-20,Arlington,"Not Reported",313,3,0
2020-08-20,Rappahannock,"Other Race",77,4,0
2020-08-20,"Rappahannock Rapidan",Black,162,25,6
2020-08-20,"New River","Two or more races",3,0,0
2020-08-20,Arlington,Latino,1464,218,23
2020-08-20,Henrico,White,1041,101,92
2020-08-20,Loudoun,White,1273,108,83
2020-08-20,Hampton,White,184,9,1
2020-08-20,Alleghany,Black,51,4,1
2020-08-20,"Prince William",White,1404,163,84
2020-08-20,Rappahannock,White,1003,105,37
2020-08-20,Southside,"Other Race",9,0,1
2020-08-20,Portsmouth,"Two or more races",8,2,1
2020-08-20,"Western Tidewater",Black,1092,91,39
2020-08-20,Hampton,Latino,51,4,0
2020-08-20,Henrico,"Not Reported",776,3,4
2020-08-20,"West Piedmont","Two or more races",0,0,0
2020-08-20,Peninsula,"Not Reported",1312,2,0
2020-08-20,Loudoun,Latino,1739,167,14
2020-08-20,Alexandria,Black,615,82,14
2020-08-20,Piedmont,Black,438,58,15
2020-08-20,Roanoke,"Other Race",11,0,0
2020-08-20,Alexandria,"Two or more races",15,1,0
2020-08-20,"Western Tidewater",Latino,24,1,1
2020-08-20,Rappahannock,"Not Reported",1103,27,0
2020-08-20,"West Piedmont","Other Race",5,1,1
2020-08-20,Chickahominy,White,529,84,33
2020-08-20,"Thomas Jefferson",Latino,599,26,2
2020-08-20,"Cumberland Plateau",Black,20,0,0
2020-08-20,"Lord Fairfax",Latino,656,43,8
2020-08-20,"West Piedmont",Latino,201,8,1
2020-08-20,"Cumberland Plateau",White,413,36,6
2020-08-20,"Eastern Shore","Other Race",13,1,0
2020-08-20,"Cumberland Plateau","Two or more races",5,0,0
2020-08-20,Pittsylvania-Danville,"Two or more races",1,0,0
2020-08-20,Piedmont,"Other Race",8,0,0
2020-08-20,Alexandria,Latino,1583,126,10
2020-08-20,Chesapeake,Black,1254,149,14
2020-08-20,Richmond,"Other Race",96,7,3
2020-08-20,Henrico,Latino,795,54,8
2020-08-20,Piedmont,"Two or more races",4,2,0
2020-08-20,"Prince William","Other Race",341,15,0
2020-08-20,"New River","Not Reported",92,2,0
2020-08-20,"Rappahannock Rapidan",White,564,44,14
2020-08-20,"Central Virginia","Not Reported",1278,11,1
2020-08-20,"Virginia Beach","Two or more races",46,2,0
2020-08-20,Pittsylvania-Danville,White,235,31,5
2020-08-20,"Lord Fairfax",Black,119,13,6
2020-08-20,Fairfax,Latino,8695,962,81
2020-08-20,Chesterfield,"Asian or Pacific Islander",46,2,0
2020-08-20,Crater,"Asian or Pacific Islander",15,0,0
2020-08-20,Fairfax,"Asian or Pacific Islander",1433,246,71
2020-08-20,Hampton,"Asian or Pacific Islander",10,0,0
2020-08-20,"Rappahannock Rapidan","Asian or Pacific Islander",7,1,0
2020-08-20,"Mount Rogers","Asian or Pacific Islander",3,1,0
2020-08-20,"New River","Asian or Pacific Islander",8,0,0
2020-08-20,"Central Virginia","Asian or Pacific Islander",7,0,0
2020-08-20,"Lord Fairfax","Asian or Pacific Islander",13,0,0
2020-08-20,Southside,"Asian or Pacific Islander",1,0,0
2020-08-20,Alleghany,"Asian or Pacific Islander",12,0,0
2020-08-20,Portsmouth,"Asian or Pacific Islander",13,2,0
2020-08-20,Roanoke,"Asian or Pacific Islander",11,0,0
2020-08-20,Richmond,"Asian or Pacific Islander",21,3,1
2020-08-20,"Thomas Jefferson","Asian or Pacific Islander",36,0,1
2020-08-20,"Virginia Beach","Asian or Pacific Islander",216,20,2
2020-08-20,Henrico,"Asian or Pacific Islander",152,10,3
2020-08-20,Piedmont,"Asian or Pacific Islander",7,0,0
2020-08-20,"Western Tidewater","Asian or Pacific Islander",13,2,0
2020-08-20,"West Piedmont","Asian or Pacific Islander",12,1,1
2020-08-20,Chickahominy,"Asian or Pacific Islander",13,1,0
2020-08-20,Peninsula,"Asian or Pacific Islander",36,4,3
2020-08-20,Norfolk,"Asian or Pacific Islander",52,3,0
2020-08-20,Arlington,"Asian or Pacific Islander",155,22,12
2020-08-20,Loudoun,"Asian or Pacific Islander",293,45,11
2020-08-20,Alexandria,"Asian or Pacific Islander",103,10,1
2020-08-20,Rappahannock,"Asian or Pacific Islander",60,8,0
2020-08-20,Chesapeake,"Asian or Pacific Islander",51,8,4
2020-08-20,"Cumberland Plateau and Lenowisco","Asian or Pacific Islander",1,0,0
2020-08-20,"Central Shenandoah","Asian or Pacific Islander",24,2,0
2020-08-20,"Prince William","Asian or Pacific Islander",387,48,15
2020-08-20,Pittsylvania-Danville,"Asian or Pacific Islander",3,0,0
2020-08-20,"Eastern Shore and Three Rivers","Asian or Pacific Islander",12,1,0
2020-08-20,Piedmont,"Native American",1,0,0
2020-08-20,"New River","Native American",0,0,0
2020-08-20,"Central Shenandoah","Native American",3,1,0
2020-08-20,"Eastern Shore and Three Rivers","Native American",1,0,0
2020-08-20,Fairfax,"Native American",31,1,1
2020-08-20,Chesapeake,"Native American",11,0,0
2020-08-20,"Western Tidewater","Native American",2,0,0
2020-08-20,Portsmouth,"Native American",3,2,0
2020-08-20,Richmond,"Native American",0,0,0
2020-08-20,Chickahominy,"Native American",5,1,0
2020-08-20,"Thomas Jefferson","Native American",2,0,0
2020-08-20,Arlington,"Native American",4,0,0
2020-08-20,"Virginia Beach","Native American",7,0,0
2020-08-20,Peninsula,"Native American",4,1,0
2020-08-20,Hampton,"Native American",2,0,0
2020-08-20,"West Piedmont","Native American",3,0,0
2020-08-20,"Cumberland Plateau, Lenowisco, and Mount Rogers","Native American",1,0,0
2020-08-20,Henrico,"Native American",8,0,0
2020-08-20,Norfolk,"Native American",8,0,0
2020-08-20,"Prince William","Native American",13,1,0
2020-08-20,"Central Virginia","Native American",1,0,0
2020-08-20,Chesterfield,"Native American",4,0,0
2020-08-20,Rappahannock,"Native American",4,0,0
2020-08-20,Loudoun,"Native American",3,0,0
2020-08-20,Alexandria,"Native American",3,0,0
2020-08-20,"Alleghany and Roanoke","Native American",1,0,0
2020-08-20,Crater,"Native American",5,0,0
2020-08-20,"Rappahannock Rapidan","Native American",1,0,0
2020-08-20,"Lord Fairfax","Native American",2,1,1
2020-08-20,"Pittsylvania-Danville and Southside","Native American",0,0,0
2020-08-21,"Rappahannock Rapidan","Not Reported",554,10,1
2020-08-21,Portsmouth,"Other Race",70,4,2
2020-08-21,"Western Tidewater","Two or more races",23,0,0
2020-08-21,Piedmont,White,423,48,18
2020-08-21,Chesterfield,Latino,1218,79,4
2020-08-21,Lenowisco,White,487,49,8
2020-08-21,Lenowisco,"Two or more races",2,0,0
2020-08-21,Hampton,"Not Reported",516,1,1
2020-08-21,Southside,"Not Reported",436,9,4
2020-08-21,Roanoke,Black,116,10,3
2020-08-21,Hampton,Black,590,37,8
2020-08-21,Alleghany,"Other Race",5,1,0
2020-08-21,Lenowisco,Latino,8,0,0
2020-08-21,Loudoun,"Other Race",145,11,2
2020-08-21,"Central Shenandoah",Latino,916,54,5
2020-08-21,"Rappahannock Rapidan",Latino,749,59,7
2020-08-21,"Eastern Shore",Black,847,96,26
2020-08-21,Norfolk,Latino,287,18,0
2020-08-21,Hampton,"Two or more races",14,0,0
2020-08-21,Richmond,Black,1110,206,25
2020-08-21,Henrico,"Two or more races",28,1,0
2020-08-21,Fairfax,"Two or more races",61,5,0
2020-08-21,Alleghany,"Not Reported",387,2,0
2020-08-21,Portsmouth,"Not Reported",531,4,0
2020-08-21,"Cumberland Plateau","Other Race",2,1,0
2020-08-21,Southside,"Two or more races",23,0,0
2020-08-21,Portsmouth,White,249,16,6
2020-08-21,"Rappahannock Rapidan","Two or more races",23,2,0
2020-08-21,Fairfax,White,3105,460,294
2020-08-21,Fairfax,"Other Race",660,79,18
2020-08-21,Crater,"Two or more races",3,0,0
2020-08-21,"West Piedmont","Not Reported",314,25,3
2020-08-21,Henrico,"Other Race",92,11,0
2020-08-21,"Three Rivers",White,476,39,8
2020-08-21,"Central Virginia",Black,136,21,5
2020-08-21,Lenowisco,"Other Race",5,0,0
2020-08-21,"Three Rivers","Other Race",15,3,0
2020-08-21,"Western Tidewater",White,536,54,43
2020-08-21,"Mount Rogers",Black,45,6,2
2020-08-21,"Three Rivers","Not Reported",188,3,1
2020-08-21,"Thomas Jefferson",Black,424,64,11
2020-08-21,"Eastern Shore",White,231,25,18
2020-08-21,"Central Virginia",White,420,35,10
2020-08-21,Lenowisco,Black,5,1,1
2020-08-21,"Central Virginia","Two or more races",0,0,0
2020-08-21,Richmond,"Two or more races",12,0,0
2020-08-21,Crater,"Not Reported",587,9,4
2020-08-21,Chesterfield,"Two or more races",14,2,0
2020-08-21,"New River",Latino,76,5,0
2020-08-21,Richmond,Latino,1211,100,7
2020-08-21,Portsmouth,Latino,54,11,1
2020-08-21,Pittsylvania-Danville,"Not Reported",472,8,1
2020-08-21,Chesapeake,"Not Reported",847,8,0
2020-08-21,Chickahominy,Latino,72,4,0
2020-08-21,Crater,Black,1411,171,46
2020-08-21,Chesterfield,Black,789,93,25
2020-08-21,Chesterfield,"Other Race",183,7,0
2020-08-21,Peninsula,Black,835,62,17
2020-08-21,Roanoke,White,197,11,12
2020-08-21,"New River",Black,51,3,0
2020-08-21,Southside,Latino,5,0,0
2020-08-21,Peninsula,Latino,284,19,0
2020-08-21,Rappahannock,"Two or more races",22,2,0
2020-08-21,"Virginia Beach",Black,1453,99,15
2020-08-21,"Mount Rogers","Not Reported",89,2,1
2020-08-21,Loudoun,"Not Reported",1868,4,0
2020-08-21,Chesapeake,"Other Race",63,3,1
2020-08-21,Chickahominy,"Two or more races",2,1,0
2020-08-21,Crater,"Other Race",31,0,0
2020-08-21,Norfolk,"Two or more races",37,0,0
2020-08-21,"Eastern Shore","Two or more races",1,1,0
2020-08-21,"Central Shenandoah",White,1617,157,50
2020-08-21,"New River","Other Race",3,0,0
2020-08-21,"New River",White,462,26,8
2020-08-21,"Central Shenandoah","Other Race",47,2,0
2020-08-21,"West Piedmont",Black,334,64,7
2020-08-21,Alleghany,Latino,135,10,0
2020-08-21,"Central Shenandoah","Not Reported",237,3,1
2020-08-21,Roanoke,"Two or more races",2,1,0
2020-08-21,Peninsula,"Two or more races",36,2,0
2020-08-21,Richmond,"Not Reported",595,2,1
2020-08-21,Arlington,"Other Race",79,9,4
2020-08-21,Norfolk,"Not Reported",958,3,0
2020-08-21,Alexandria,"Other Race",61,7,2
2020-08-21,"Virginia Beach",White,1876,146,37
2020-08-21,Chesapeake,"Two or more races",35,1,1
2020-08-21,Alleghany,White,447,39,17
2020-08-21,"Rappahannock Rapidan","Other Race",29,1,0
2020-08-21,Chickahominy,"Not Reported",271,2,2
2020-08-21,Portsmouth,Black,1129,115,20
2020-08-21,Chickahominy,"Other Race",12,2,0
2020-08-21,"Virginia Beach",Latino,338,20,3
2020-08-21,Chesapeake,White,908,87,20
2020-08-21,Southside,Black,252,34,14
2020-08-21,Rappahannock,Latino,1176,102,8
2020-08-21,"Three Rivers","Two or more races",4,0,0
2020-08-21,Henrico,Black,1351,179,81
2020-08-21,Pittsylvania-Danville,Black,350,45,7
2020-08-21,"Lord Fairfax","Two or more races",11,0,0
2020-08-21,"Prince William",Latino,5279,591,66
2020-08-21,"Mount Rogers","Other Race",7,2,2
2020-08-21,"Central Shenandoah",Black,146,10,4
2020-08-21,Peninsula,White,720,77,27
2020-08-21,"Eastern Shore","Not Reported",84,0,0
2020-08-21,"Thomas Jefferson","Other Race",126,3,0
2020-08-21,Hampton,"Other Race",42,2,0
2020-08-21,"Lord Fairfax","Not Reported",326,3,6
2020-08-21,"Central Virginia","Other Race",10,0,0
2020-08-21,"Western Tidewater","Other Race",54,1,2
2020-08-21,Crater,Latino,175,9,4
2020-08-21,Chesapeake,Latino,228,19,1
2020-08-21,Chesterfield,White,968,92,64
2020-08-21,"Western Tidewater","Not Reported",749,6,1
2020-08-21,Fairfax,"Not Reported",2240,58,31
2020-08-21,Arlington,Black,330,75,32
2020-08-21,"Central Virginia",Latino,27,3,1
2020-08-21,Alexandria,"Not Reported",212,6,1
2020-08-21,"Three Rivers",Black,364,33,8
2020-08-21,"Prince William","Two or more races",34,1,0
2020-08-21,Loudoun,"Two or more races",41,1,0
2020-08-21,Peninsula,"Other Race",122,4,0
2020-08-21,"Thomas Jefferson",White,817,64,29
2020-08-21,Norfolk,"Other Race",80,3,1
2020-08-21,"Prince William","Not Reported",3833,23,0
2020-08-21,"West Piedmont",White,515,73,14
2020-08-21,Rappahannock,Black,644,76,13
2020-08-21,Norfolk,Black,2045,181,24
2020-08-21,Roanoke,Latino,320,16,0
2020-08-21,Piedmont,Latino,64,6,1
2020-08-21,Roanoke,"Not Reported",463,0,0
2020-08-21,"Virginia Beach","Other Race",94,2,0
2020-08-21,Arlington,"Two or more races",30,2,0
2020-08-21,Alexandria,White,602,55,33
2020-08-21,"Lord Fairfax","Other Race",65,6,1
2020-08-21,"Thomas Jefferson","Not Reported",180,1,0
2020-08-21,"Virginia Beach","Not Reported",1589,9,3
2020-08-21,Loudoun,Black,254,27,5
2020-08-21,Pittsylvania-Danville,Latino,63,3,0
2020-08-21,"Cumberland Plateau","Not Reported",13,0,0
2020-08-21,Chesterfield,"Not Reported",1935,3,9
2020-08-21,"Mount Rogers",White,1283,134,57
2020-08-21,Richmond,White,457,34,6
2020-08-21,Lenowisco,"Not Reported",79,4,1
2020-08-21,"Three Rivers",Latino,146,5,1
2020-08-21,Piedmont,"Not Reported",634,11,2
2020-08-21,"Mount Rogers",Latino,266,6,0
2020-08-21,"Central Shenandoah","Two or more races",11,1,0
2020-08-21,Crater,White,547,48,15
2020-08-21,Arlington,White,953,120,66
2020-08-21,Pittsylvania-Danville,"Other Race",0,0,0
2020-08-21,Chickahominy,Black,195,40,11
2020-08-21,Fairfax,Black,1340,216,57
2020-08-21,"Eastern Shore",Latino,256,12,3
2020-08-21,Norfolk,White,649,42,14
2020-08-21,"Mount Rogers","Two or more races",4,0,0
2020-08-21,Alleghany,"Two or more races",4,0,0
2020-08-21,Southside,White,189,26,18
2020-08-21,"Thomas Jefferson","Two or more races",24,0,0
2020-08-21,"Prince William",Black,1165,165,45
2020-08-21,"Lord Fairfax",White,1516,169,70
2020-08-21,"Cumberland Plateau",Latino,4,0,0
2020-08-21,Arlington,"Not Reported",307,2,0
2020-08-21,Rappahannock,"Other Race",79,4,0
2020-08-21,"Rappahannock Rapidan",Black,169,26,6
2020-08-21,"New River","Two or more races",3,0,0
2020-08-21,Arlington,Latino,1476,218,23
2020-08-21,Henrico,White,1056,101,92
2020-08-21,Loudoun,White,1290,108,83
2020-08-21,Hampton,White,192,9,1
2020-08-21,Alleghany,Black,55,4,1
2020-08-21,"Prince William",White,1419,164,84
2020-08-21,Rappahannock,White,1016,108,37
2020-08-21,Southside,"Other Race",9,0,1
2020-08-21,Portsmouth,"Two or more races",8,2,1
2020-08-21,"Western Tidewater",Black,1125,93,39
2020-08-21,Hampton,Latino,51,4,0
2020-08-21,Henrico,"Not Reported",772,3,4
2020-08-21,"West Piedmont","Two or more races",0,0,0
2020-08-21,Peninsula,"Not Reported",1314,2,0
2020-08-21,Loudoun,Latino,1747,168,14
2020-08-21,Alexandria,Black,621,83,14
2020-08-21,Piedmont,Black,442,58,15
2020-08-21,Roanoke,"Other Race",11,0,0
2020-08-21,Alexandria,"Two or more races",15,1,0
2020-08-21,"Western Tidewater",Latino,24,1,1
2020-08-21,Rappahannock,"Not Reported",1100,26,0
2020-08-21,"West Piedmont","Other Race",5,1,1
2020-08-21,Chickahominy,White,537,84,33
2020-08-21,"Thomas Jefferson",Latino,607,26,2
2020-08-21,"Cumberland Plateau",Black,21,0,0
2020-08-21,"Lord Fairfax",Latino,659,43,8
2020-08-21,"West Piedmont",Latino,201,8,1
2020-08-21,"Cumberland Plateau",White,415,36,6
2020-08-21,"Eastern Shore","Other Race",13,1,0
2020-08-21,"Cumberland Plateau","Two or more races",5,0,0
2020-08-21,Pittsylvania-Danville,"Two or more races",1,0,0
2020-08-21,Piedmont,"Other Race",8,0,0
2020-08-21,Alexandria,Latino,1585,126,10
2020-08-21,Chesapeake,Black,1269,151,14
2020-08-21,Richmond,"Other Race",96,7,3
2020-08-21,Henrico,Latino,799,55,8
2020-08-21,Piedmont,"Two or more races",4,2,0
2020-08-21,"Prince William","Other Race",343,15,0
2020-08-21,"New River","Not Reported",97,2,0
2020-08-21,"Rappahannock Rapidan",White,569,45,14
2020-08-21,"Central Virginia","Not Reported",1303,11,1
2020-08-21,"Virginia Beach","Two or more races",48,2,1
2020-08-21,Pittsylvania-Danville,White,244,33,8
2020-08-21,"Lord Fairfax",Black,120,13,6
2020-08-21,Fairfax,Latino,8714,963,81
2020-08-21,Chesterfield,"Asian or Pacific Islander",47,2,0
2020-08-21,Crater,"Asian or Pacific Islander",15,0,0
2020-08-21,Fairfax,"Asian or Pacific Islander",1438,246,71
2020-08-21,Hampton,"Asian or Pacific Islander",10,0,0
2020-08-21,"Rappahannock Rapidan","Asian or Pacific Islander",7,1,0
2020-08-21,"Mount Rogers","Asian or Pacific Islander",3,1,0
2020-08-21,"New River","Asian or Pacific Islander",8,0,0
2020-08-21,"Central Virginia","Asian or Pacific Islander",7,0,0
2020-08-21,"Lord Fairfax","Asian or Pacific Islander",13,0,0
2020-08-21,Southside,"Asian or Pacific Islander",1,0,0
2020-08-21,Alleghany,"Asian or Pacific Islander",12,0,0
2020-08-21,Portsmouth,"Asian or Pacific Islander",13,2,0
2020-08-21,Roanoke,"Asian or Pacific Islander",12,0,0
2020-08-21,Richmond,"Asian or Pacific Islander",21,3,1
2020-08-21,"Thomas Jefferson","Asian or Pacific Islander",37,0,1
2020-08-21,"Virginia Beach","Asian or Pacific Islander",218,20,2
2020-08-21,Henrico,"Asian or Pacific Islander",153,10,3
2020-08-21,Piedmont,"Asian or Pacific Islander",7,0,0
2020-08-21,"Western Tidewater","Asian or Pacific Islander",13,2,0
2020-08-21,"West Piedmont","Asian or Pacific Islander",12,1,1
2020-08-21,Chickahominy,"Asian or Pacific Islander",13,1,0
2020-08-21,Peninsula,"Asian or Pacific Islander",37,4,3
2020-08-21,Norfolk,"Asian or Pacific Islander",55,4,0
2020-08-21,Arlington,"Asian or Pacific Islander",155,22,12
2020-08-21,Loudoun,"Asian or Pacific Islander",299,45,11
2020-08-21,Alexandria,"Asian or Pacific Islander",104,10,1
2020-08-21,Rappahannock,"Asian or Pacific Islander",62,9,0
2020-08-21,Chesapeake,"Asian or Pacific Islander",51,8,4
2020-08-21,"Cumberland Plateau and Lenowisco","Asian or Pacific Islander",1,0,0
2020-08-21,"Central Shenandoah","Asian or Pacific Islander",24,2,0
2020-08-21,"Prince William","Asian or Pacific Islander",390,48,15
2020-08-21,Pittsylvania-Danville,"Asian or Pacific Islander",3,0,0
2020-08-21,"Eastern Shore and Three Rivers","Asian or Pacific Islander",12,1,0
2020-08-21,Piedmont,"Native American",1,0,0
2020-08-21,"New River","Native American",0,0,0
2020-08-21,"Central Shenandoah","Native American",3,1,0
2020-08-21,"Eastern Shore and Three Rivers","Native American",1,0,0
2020-08-21,Fairfax,"Native American",31,1,1
2020-08-21,Chesapeake,"Native American",11,0,0
2020-08-21,"Western Tidewater","Native American",2,0,0
2020-08-21,Portsmouth,"Native American",3,2,0
2020-08-21,Richmond,"Native American",0,0,0
2020-08-21,Chickahominy,"Native American",5,1,0
2020-08-21,"Thomas Jefferson","Native American",2,0,0
2020-08-21,Arlington,"Native American",4,0,0
2020-08-21,"Virginia Beach","Native American",7,0,0
2020-08-21,Peninsula,"Native American",4,1,0
2020-08-21,Hampton,"Native American",2,0,0
2020-08-21,"West Piedmont","Native American",3,0,0
2020-08-21,"Cumberland Plateau, Lenowisco, and Mount Rogers","Native American",2,0,0
2020-08-21,Henrico,"Native American",8,0,0
2020-08-21,Norfolk,"Native American",8,0,0
2020-08-21,"Prince William","Native American",13,1,0
2020-08-21,"Central Virginia","Native American",1,0,0
2020-08-21,Chesterfield,"Native American",5,0,0
2020-08-21,Rappahannock,"Native American",4,0,0
2020-08-21,Loudoun,"Native American",3,0,0
2020-08-21,Alexandria,"Native American",3,0,0
2020-08-21,"Alleghany and Roanoke","Native American",1,0,0
2020-08-21,Crater,"Native American",5,0,0
2020-08-21,"Rappahannock Rapidan","Native American",1,0,0
2020-08-21,"Lord Fairfax","Native American",2,1,1
2020-08-21,"Pittsylvania-Danville and Southside","Native American",0,0,0
2020-08-22,"Rappahannock Rapidan","Not Reported",559,10,1
2020-08-22,Portsmouth,"Other Race",71,6,2
2020-08-22,"Western Tidewater","Two or more races",23,0,0
2020-08-22,Piedmont,White,433,49,19
2020-08-22,Chesterfield,Latino,1226,80,4
2020-08-22,Lenowisco,White,494,49,8
2020-08-22,Lenowisco,"Two or more races",2,0,0
2020-08-22,Hampton,"Not Reported",523,1,1
2020-08-22,Southside,"Not Reported",440,9,4
2020-08-22,Roanoke,Black,117,10,3
2020-08-22,Hampton,Black,596,37,8
2020-08-22,Alleghany,"Other Race",5,1,0
2020-08-22,Lenowisco,Latino,8,0,0
2020-08-22,Loudoun,"Other Race",150,11,2
2020-08-22,"Central Shenandoah",Latino,919,54,5
2020-08-22,"Rappahannock Rapidan",Latino,751,59,7
2020-08-22,"Eastern Shore",Black,847,96,26
2020-08-22,Norfolk,Latino,289,19,0
2020-08-22,Hampton,"Two or more races",14,0,0
2020-08-22,Richmond,Black,1142,206,25
2020-08-22,Henrico,"Two or more races",32,1,0
2020-08-22,Fairfax,"Two or more races",63,5,0
2020-08-22,Alleghany,"Not Reported",387,2,0
2020-08-22,Portsmouth,"Not Reported",537,4,0
2020-08-22,"Cumberland Plateau","Other Race",2,1,0
2020-08-22,Southside,"Two or more races",23,0,0
2020-08-22,Portsmouth,White,251,16,6
2020-08-22,"Rappahannock Rapidan","Two or more races",23,2,0
2020-08-22,Fairfax,White,3120,461,294
2020-08-22,Fairfax,"Other Race",665,79,18
2020-08-22,Crater,"Two or more races",3,0,0
2020-08-22,"West Piedmont","Not Reported",321,26,3
2020-08-22,Henrico,"Other Race",97,11,0
2020-08-22,"Three Rivers",White,480,40,8
2020-08-22,"Central Virginia",Black,142,21,5
2020-08-22,Lenowisco,"Other Race",5,0,0
2020-08-22,"Three Rivers","Other Race",14,3,0
2020-08-22,"Western Tidewater",White,548,54,43
2020-08-22,"Mount Rogers",Black,46,6,2
2020-08-22,"Three Rivers","Not Reported",189,3,1
2020-08-22,"Thomas Jefferson",Black,428,64,11
2020-08-22,"Eastern Shore",White,233,26,18
2020-08-22,"Central Virginia",White,436,36,11
2020-08-22,Lenowisco,Black,5,1,1
2020-08-22,"Central Virginia","Two or more races",0,0,0
2020-08-22,Richmond,"Two or more races",12,0,0
2020-08-22,Crater,"Not Reported",590,9,4
2020-08-22,Chesterfield,"Two or more races",15,2,0
2020-08-22,"New River",Latino,78,5,0
2020-08-22,Richmond,Latino,1218,100,7
2020-08-22,Portsmouth,Latino,55,11,1
2020-08-22,Pittsylvania-Danville,"Not Reported",480,8,1
2020-08-22,Chesapeake,"Not Reported",842,7,0
2020-08-22,Chickahominy,Latino,74,4,0
2020-08-22,Crater,Black,1438,172,46
2020-08-22,Chesterfield,Black,802,94,25
2020-08-22,Chesterfield,"Other Race",188,9,0
2020-08-22,Peninsula,Black,861,63,17
2020-08-22,Roanoke,White,203,12,12
2020-08-22,"New River",Black,52,3,0
2020-08-22,Southside,Latino,5,0,0
2020-08-22,Peninsula,Latino,288,19,0
2020-08-22,Rappahannock,"Two or more races",22,2,0
2020-08-22,"Virginia Beach",Black,1473,102,15
2020-08-22,"Mount Rogers","Not Reported",91,2,1
2020-08-22,Loudoun,"Not Reported",1880,4,0
2020-08-22,Chesapeake,"Other Race",62,3,1
2020-08-22,Chickahominy,"Two or more races",2,1,0
2020-08-22,Crater,"Other Race",32,0,0
2020-08-22,Norfolk,"Two or more races",39,0,0
2020-08-22,"Eastern Shore","Two or more races",1,1,0
2020-08-22,"Central Shenandoah",White,1636,157,50
2020-08-22,"New River","Other Race",3,0,0
2020-08-22,"New River",White,482,27,8
2020-08-22,"Central Shenandoah","Other Race",46,2,0
2020-08-22,"West Piedmont",Black,341,64,7
2020-08-22,Alleghany,Latino,136,10,0
2020-08-22,"Central Shenandoah","Not Reported",245,3,1
2020-08-22,Roanoke,"Two or more races",2,1,0
2020-08-22,Peninsula,"Two or more races",40,3,0
2020-08-22,Richmond,"Not Reported",586,2,1
2020-08-22,Arlington,"Other Race",79,9,4
2020-08-22,Norfolk,"Not Reported",962,3,0
2020-08-22,Alexandria,"Other Race",61,7,2
2020-08-22,"Virginia Beach",White,1898,150,39
2020-08-22,Chesapeake,"Two or more races",36,2,1
2020-08-22,Alleghany,White,464,40,17
2020-08-22,"Rappahannock Rapidan","Other Race",30,1,0
2020-08-22,Chickahominy,"Not Reported",273,2,2
2020-08-22,Portsmouth,Black,1147,116,20
2020-08-22,Chickahominy,"Other Race",12,2,0
2020-08-22,"Virginia Beach",Latino,341,21,3
2020-08-22,Chesapeake,White,930,91,20
2020-08-22,Southside,Black,256,34,14
2020-08-22,Rappahannock,Latino,1183,102,8
2020-08-22,"Three Rivers","Two or more races",4,0,0
2020-08-22,Henrico,Black,1369,179,81
2020-08-22,Pittsylvania-Danville,Black,359,45,7
2020-08-22,"Lord Fairfax","Two or more races",11,0,0
2020-08-22,"Prince William",Latino,5319,592,66
2020-08-22,"Mount Rogers","Other Race",7,2,2
2020-08-22,"Central Shenandoah",Black,146,10,4
2020-08-22,Peninsula,White,738,77,27
2020-08-22,"Eastern Shore","Not Reported",84,0,0
2020-08-22,"Thomas Jefferson","Other Race",128,3,0
2020-08-22,Hampton,"Other Race",43,2,0
2020-08-22,"Lord Fairfax","Not Reported",331,3,6
2020-08-22,"Central Virginia","Other Race",10,0,0
2020-08-22,"Western Tidewater","Other Race",55,1,2
2020-08-22,Crater,Latino,176,9,4
2020-08-22,Chesapeake,Latino,233,19,1
2020-08-22,Chesterfield,White,981,94,64
2020-08-22,"Western Tidewater","Not Reported",766,6,1
2020-08-22,Fairfax,"Not Reported",2275,58,31
2020-08-22,Arlington,Black,335,75,32
2020-08-22,"Central Virginia",Latino,27,3,1
2020-08-22,Alexandria,"Not Reported",216,8,1
2020-08-22,"Three Rivers",Black,366,34,8
2020-08-22,"Prince William","Two or more races",35,1,0
2020-08-22,Loudoun,"Two or more races",42,1,0
2020-08-22,Peninsula,"Other Race",124,4,0
2020-08-22,"Thomas Jefferson",White,834,67,29
2020-08-22,Norfolk,"Other Race",82,3,1
2020-08-22,"Prince William","Not Reported",3871,23,0
2020-08-22,"West Piedmont",White,527,74,14
2020-08-22,Rappahannock,Black,651,76,13
2020-08-22,Norfolk,Black,2068,183,24
2020-08-22,Roanoke,Latino,323,17,0
2020-08-22,Piedmont,Latino,67,6,1
2020-08-22,Roanoke,"Not Reported",453,0,0
2020-08-22,"Virginia Beach","Other Race",96,2,0
2020-08-22,Arlington,"Two or more races",30,2,0
2020-08-22,Alexandria,White,613,55,33
2020-08-22,"Lord Fairfax","Other Race",66,6,1
2020-08-22,"Thomas Jefferson","Not Reported",186,1,0
2020-08-22,"Virginia Beach","Not Reported",1584,9,3
2020-08-22,Loudoun,Black,256,27,5
2020-08-22,Pittsylvania-Danville,Latino,65,3,0
2020-08-22,"Cumberland Plateau","Not Reported",30,0,0
2020-08-22,Chesterfield,"Not Reported",1941,3,9
2020-08-22,"Mount Rogers",White,1311,138,57
2020-08-22,Richmond,White,471,34,6
2020-08-22,Lenowisco,"Not Reported",78,4,1
2020-08-22,"Three Rivers",Latino,146,5,1
2020-08-22,Piedmont,"Not Reported",644,11,2
2020-08-22,"Mount Rogers",Latino,268,6,0
2020-08-22,"Central Shenandoah","Two or more races",13,1,0
2020-08-22,Crater,White,579,50,15
2020-08-22,Arlington,White,959,120,66
2020-08-22,Pittsylvania-Danville,"Other Race",0,0,0
2020-08-22,Chickahominy,Black,196,41,11
2020-08-22,Fairfax,Black,1351,216,57
2020-08-22,"Eastern Shore",Latino,256,12,3
2020-08-22,Norfolk,White,661,43,14
2020-08-22,"Mount Rogers","Two or more races",4,0,0
2020-08-22,Alleghany,"Two or more races",4,0,0
2020-08-22,Southside,White,190,26,18
2020-08-22,"Thomas Jefferson","Two or more races",24,0,0
2020-08-22,"Prince William",Black,1174,166,46
2020-08-22,"Lord Fairfax",White,1524,169,70
2020-08-22,"Cumberland Plateau",Latino,4,0,0
2020-08-22,Arlington,"Not Reported",306,2,0
2020-08-22,Rappahannock,"Other Race",82,4,0
2020-08-22,"Rappahannock Rapidan",Black,173,26,6
2020-08-22,"New River","Two or more races",3,0,0
2020-08-22,Arlington,Latino,1488,219,23
2020-08-22,Henrico,White,1060,101,92
2020-08-22,Loudoun,White,1298,108,83
2020-08-22,Hampton,White,198,9,1
2020-08-22,Alleghany,Black,57,4,1
2020-08-22,"Prince William",White,1427,164,84
2020-08-22,Rappahannock,White,1035,111,38
2020-08-22,Southside,"Other Race",10,0,1
2020-08-22,Portsmouth,"Two or more races",8,2,1
2020-08-22,"Western Tidewater",Black,1144,93,39
2020-08-22,Hampton,Latino,51,4,0
2020-08-22,Henrico,"Not Reported",773,3,4
2020-08-22,"West Piedmont","Two or more races",0,0,0
2020-08-22,Peninsula,"Not Reported",1329,2,0
2020-08-22,Loudoun,Latino,1753,168,14
2020-08-22,Alexandria,Black,627,84,14
2020-08-22,Piedmont,Black,443,57,14
2020-08-22,Roanoke,"Other Race",10,0,0
2020-08-22,Alexandria,"Two or more races",16,1,0
2020-08-22,"Western Tidewater",Latino,24,1,1
2020-08-22,Rappahannock,"Not Reported",1106,26,0
2020-08-22,"West Piedmont","Other Race",5,1,1
2020-08-22,Chickahominy,White,539,84,33
2020-08-22,"Thomas Jefferson",Latino,608,27,2
2020-08-22,"Cumberland Plateau",Black,22,0,0
2020-08-22,"Lord Fairfax",Latino,659,43,8
2020-08-22,"West Piedmont",Latino,201,8,1
2020-08-22,"Cumberland Plateau",White,419,37,6
2020-08-22,"Eastern Shore","Other Race",13,1,0
2020-08-22,"Cumberland Plateau","Two or more races",5,0,0
2020-08-22,Pittsylvania-Danville,"Two or more races",1,0,0
2020-08-22,Piedmont,"Other Race",8,0,0
2020-08-22,Alexandria,Latino,1596,127,10
2020-08-22,Chesapeake,Black,1297,157,15
2020-08-22,Richmond,"Other Race",98,7,3
2020-08-22,Henrico,Latino,801,55,8
2020-08-22,Piedmont,"Two or more races",4,2,0
2020-08-22,"Prince William","Other Race",344,15,0
2020-08-22,"New River","Not Reported",102,2,0
2020-08-22,"Rappahannock Rapidan",White,575,44,14
2020-08-22,"Central Virginia","Not Reported",1340,11,1
2020-08-22,"Virginia Beach","Two or more races",50,2,1
2020-08-22,Pittsylvania-Danville,White,252,34,8
2020-08-22,"Lord Fairfax",Black,121,13,6
2020-08-22,Fairfax,Latino,8753,963,81
2020-08-22,Chesterfield,"Asian or Pacific Islander",48,2,0
2020-08-22,Crater,"Asian or Pacific Islander",15,0,0
2020-08-22,Fairfax,"Asian or Pacific Islander",1443,246,71
2020-08-22,Hampton,"Asian or Pacific Islander",10,0,0
2020-08-22,"Rappahannock Rapidan","Asian or Pacific Islander",7,1,0
2020-08-22,"Mount Rogers","Asian or Pacific Islander",3,1,0
2020-08-22,"New River","Asian or Pacific Islander",9,0,0
2020-08-22,"Central Virginia","Asian or Pacific Islander",7,0,0
2020-08-22,"Lord Fairfax","Asian or Pacific Islander",13,0,0
2020-08-22,Southside,"Asian or Pacific Islander",1,0,0
2020-08-22,Alleghany,"Asian or Pacific Islander",12,0,0
2020-08-22,Portsmouth,"Asian or Pacific Islander",13,2,0
2020-08-22,Roanoke,"Asian or Pacific Islander",12,0,0
2020-08-22,Richmond,"Asian or Pacific Islander",21,3,1
2020-08-22,"Thomas Jefferson","Asian or Pacific Islander",37,0,1
2020-08-22,"Virginia Beach","Asian or Pacific Islander",219,20,2
2020-08-22,Henrico,"Asian or Pacific Islander",154,10,3
2020-08-22,Piedmont,"Asian or Pacific Islander",8,0,0
2020-08-22,"Western Tidewater","Asian or Pacific Islander",13,2,0
2020-08-22,"West Piedmont","Asian or Pacific Islander",12,1,1
2020-08-22,Chickahominy,"Asian or Pacific Islander",13,1,0
2020-08-22,Peninsula,"Asian or Pacific Islander",37,4,3
2020-08-22,Norfolk,"Asian or Pacific Islander",55,4,0
2020-08-22,Arlington,"Asian or Pacific Islander",156,22,12
2020-08-22,Loudoun,"Asian or Pacific Islander",302,46,11
2020-08-22,Alexandria,"Asian or Pacific Islander",106,10,1
2020-08-22,Rappahannock,"Asian or Pacific Islander",61,9,0
2020-08-22,Chesapeake,"Asian or Pacific Islander",51,8,4
2020-08-22,"Cumberland Plateau and Lenowisco","Asian or Pacific Islander",1,0,0
2020-08-22,"Central Shenandoah","Asian or Pacific Islander",24,2,0
2020-08-22,"Prince William","Asian or Pacific Islander",392,48,15
2020-08-22,Pittsylvania-Danville,"Asian or Pacific Islander",3,0,0
2020-08-22,"Eastern Shore and Three Rivers","Asian or Pacific Islander",12,1,0
2020-08-22,Piedmont,"Native American",1,0,0
2020-08-22,"New River","Native American",0,0,0
2020-08-22,"Central Shenandoah","Native American",3,1,0
2020-08-22,"Eastern Shore and Three Rivers","Native American",1,0,0
2020-08-22,Fairfax,"Native American",31,1,1
2020-08-22,Chesapeake,"Native American",11,0,0
2020-08-22,"Western Tidewater","Native American",2,0,0
2020-08-22,Portsmouth,"Native American",3,2,0
2020-08-22,Richmond,"Native American",0,0,0
2020-08-22,Chickahominy,"Native American",5,1,0
2020-08-22,"Thomas Jefferson","Native American",2,0,0
2020-08-22,Arlington,"Native American",4,0,0
2020-08-22,"Virginia Beach","Native American",7,0,0
2020-08-22,Peninsula,"Native American",5,1,0
2020-08-22,Hampton,"Native American",2,0,0
2020-08-22,"West Piedmont","Native American",3,0,0
2020-08-22,"Cumberland Plateau, Lenowisco, and Mount Rogers","Native American",2,0,0
2020-08-22,Henrico,"Native American",8,0,0
2020-08-22,Norfolk,"Native American",8,0,0
2020-08-22,"Prince William","Native American",14,1,1
2020-08-22,"Central Virginia","Native American",1,0,0
2020-08-22,Chesterfield,"Native American",5,0,0
2020-08-22,Rappahannock,"Native American",4,0,0
2020-08-22,Loudoun,"Native American",3,0,0
2020-08-22,Alexandria,"Native American",3,0,0
2020-08-22,"Alleghany and Roanoke","Native American",1,0,0
2020-08-22,Crater,"Native American",5,0,0
2020-08-22,"Rappahannock Rapidan","Native American",1,0,0
2020-08-22,"Lord Fairfax","Native American",2,1,1
2020-08-22,"Pittsylvania-Danville and Southside","Native American",0,0,0
2020-08-23,"Rappahannock Rapidan","Not Reported",591,10,2
2020-08-23,Portsmouth,"Other Race",71,6,2
2020-08-23,"Western Tidewater","Two or more races",23,0,0
2020-08-23,Piedmont,White,433,49,19
2020-08-23,Chesterfield,Latino,1232,80,4
2020-08-23,Lenowisco,White,504,50,8
2020-08-23,Lenowisco,"Two or more races",2,0,0
2020-08-23,Hampton,"Not Reported",518,1,1
2020-08-23,Southside,"Not Reported",443,9,4
2020-08-23,Roanoke,Black,119,10,3
2020-08-23,Hampton,Black,605,37,9
2020-08-23,Alleghany,"Other Race",5,1,0
2020-08-23,Lenowisco,Latino,8,0,0
2020-08-23,Loudoun,"Other Race",150,11,2
2020-08-23,"Central Shenandoah",Latino,921,54,5
2020-08-23,"Rappahannock Rapidan",Latino,753,59,7
2020-08-23,"Eastern Shore",Black,847,97,26
2020-08-23,Norfolk,Latino,289,19,0
2020-08-23,Hampton,"Two or more races",14,0,0
2020-08-23,Richmond,Black,1166,206,25
2020-08-23,Henrico,"Two or more races",32,1,0
2020-08-23,Fairfax,"Two or more races",67,5,0
2020-08-23,Alleghany,"Not Reported",382,2,0
2020-08-23,Portsmouth,"Not Reported",537,4,0
2020-08-23,"Cumberland Plateau","Other Race",2,1,0
2020-08-23,Southside,"Two or more races",23,0,0
2020-08-23,Portsmouth,White,251,16,6
2020-08-23,"Rappahannock Rapidan","Two or more races",23,2,0
2020-08-23,Fairfax,White,3138,463,294
2020-08-23,Fairfax,"Other Race",670,79,19
2020-08-23,Crater,"Two or more races",4,0,0
2020-08-23,"West Piedmont","Not Reported",326,26,3
2020-08-23,Henrico,"Other Race",97,11,0
2020-08-23,"Three Rivers",White,482,41,8
2020-08-23,"Central Virginia",Black,145,21,5
2020-08-23,Lenowisco,"Other Race",5,0,0
2020-08-23,"Three Rivers","Other Race",14,3,0
2020-08-23,"Western Tidewater",White,553,54,44
2020-08-23,"Mount Rogers",Black,46,6,2
2020-08-23,"Three Rivers","Not Reported",187,3,1
2020-08-23,"Thomas Jefferson",Black,431,64,11
2020-08-23,"Eastern Shore",White,233,26,18
2020-08-23,"Central Virginia",White,450,36,11
2020-08-23,Lenowisco,Black,5,1,1
2020-08-23,"Central Virginia","Two or more races",0,0,0
2020-08-23,Richmond,"Two or more races",12,0,0
2020-08-23,Crater,"Not Reported",596,9,4
2020-08-23,Chesterfield,"Two or more races",16,2,0
2020-08-23,"New River",Latino,79,5,0
2020-08-23,Richmond,Latino,1223,100,7
2020-08-23,Portsmouth,Latino,55,11,1
2020-08-23,Pittsylvania-Danville,"Not Reported",490,9,1
2020-08-23,Chesapeake,"Not Reported",865,7,0
2020-08-23,Chickahominy,Latino,75,4,0
2020-08-23,Crater,Black,1478,172,47
2020-08-23,Chesterfield,Black,812,95,25
2020-08-23,Chesterfield,"Other Race",190,9,0
2020-08-23,Peninsula,Black,869,63,17
2020-08-23,Roanoke,White,204,12,12
2020-08-23,"New River",Black,52,3,0
2020-08-23,Southside,Latino,5,0,0
2020-08-23,Peninsula,Latino,289,19,0
2020-08-23,Rappahannock,"Two or more races",22,2,0
2020-08-23,"Virginia Beach",Black,1478,102,16
2020-08-23,"Mount Rogers","Not Reported",93,2,2
2020-08-23,Loudoun,"Not Reported",1889,4,0
2020-08-23,Chesapeake,"Other Race",62,3,1
2020-08-23,Chickahominy,"Two or more races",2,1,0
2020-08-23,Crater,"Other Race",32,0,0
2020-08-23,Norfolk,"Two or more races",39,0,0
2020-08-23,"Eastern Shore","Two or more races",1,1,0
2020-08-23,"Central Shenandoah",White,1647,158,50
2020-08-23,"New River","Other Race",3,0,0
2020-08-23,"New River",White,515,27,8
2020-08-23,"Central Shenandoah","Other Race",47,2,0
2020-08-23,"West Piedmont",Black,343,64,7
2020-08-23,Alleghany,Latino,137,10,0
2020-08-23,"Central Shenandoah","Not Reported",244,3,1
2020-08-23,Roanoke,"Two or more races",2,1,0
2020-08-23,Peninsula,"Two or more races",40,3,0
2020-08-23,Richmond,"Not Reported",592,2,1
2020-08-23,Arlington,"Other Race",80,9,4
2020-08-23,Norfolk,"Not Reported",961,3,1
2020-08-23,Alexandria,"Other Race",61,7,2
2020-08-23,"Virginia Beach",White,1906,151,39
2020-08-23,Chesapeake,"Two or more races",37,2,1
2020-08-23,Alleghany,White,466,40,18
2020-08-23,"Rappahannock Rapidan","Other Race",30,1,0
2020-08-23,Chickahominy,"Not Reported",274,2,2
2020-08-23,Portsmouth,Black,1148,116,20
2020-08-23,Chickahominy,"Other Race",13,2,0
2020-08-23,"Virginia Beach",Latino,345,21,3
2020-08-23,Chesapeake,White,947,94,20
2020-08-23,Southside,Black,258,34,14
2020-08-23,Rappahannock,Latino,1186,103,8
2020-08-23,"Three Rivers","Two or more races",4,0,0
2020-08-23,Henrico,Black,1378,179,81
2020-08-23,Pittsylvania-Danville,Black,367,46,7
2020-08-23,"Lord Fairfax","Two or more races",11,0,0
2020-08-23,"Prince William",Latino,5341,593,66
2020-08-23,"Mount Rogers","Other Race",7,2,2
2020-08-23,"Central Shenandoah",Black,147,10,4
2020-08-23,Peninsula,White,746,77,27
2020-08-23,"Eastern Shore","Not Reported",84,0,0
2020-08-23,"Thomas Jefferson","Other Race",128,3,2
2020-08-23,Hampton,"Other Race",46,2,0
2020-08-23,"Lord Fairfax","Not Reported",336,3,6
2020-08-23,"Central Virginia","Other Race",10,0,0
2020-08-23,"Western Tidewater","Other Race",57,1,2
2020-08-23,Crater,Latino,176,9,4
2020-08-23,Chesapeake,Latino,236,20,1
2020-08-23,Chesterfield,White,990,94,64
2020-08-23,"Western Tidewater","Not Reported",781,6,2
2020-08-23,Fairfax,"Not Reported",2304,58,31
2020-08-23,Arlington,Black,339,75,32
2020-08-23,"Central Virginia",Latino,27,3,1
2020-08-23,Alexandria,"Not Reported",217,7,1
2020-08-23,"Three Rivers",Black,368,35,8
2020-08-23,"Prince William","Two or more races",36,1,0
2020-08-23,Loudoun,"Two or more races",42,1,0
2020-08-23,Peninsula,"Other Race",126,4,1
2020-08-23,"Thomas Jefferson",White,841,67,29
2020-08-23,Norfolk,"Other Race",81,3,1
2020-08-23,"Prince William","Not Reported",3882,23,0
2020-08-23,"West Piedmont",White,535,74,15
2020-08-23,Rappahannock,Black,660,77,13
2020-08-23,Norfolk,Black,2069,184,26
2020-08-23,Roanoke,Latino,327,17,0
2020-08-23,Piedmont,Latino,67,6,1
2020-08-23,Roanoke,"Not Reported",448,0,0
2020-08-23,"Virginia Beach","Other Race",96,2,0
2020-08-23,Arlington,"Two or more races",31,2,0
2020-08-23,Alexandria,White,620,55,33
2020-08-23,"Lord Fairfax","Other Race",66,6,1
2020-08-23,"Thomas Jefferson","Not Reported",187,1,0
2020-08-23,"Virginia Beach","Not Reported",1592,9,3
2020-08-23,Loudoun,Black,257,27,5
2020-08-23,Pittsylvania-Danville,Latino,65,3,0
2020-08-23,"Cumberland Plateau","Not Reported",14,0,0
2020-08-23,Chesterfield,"Not Reported",1953,3,9
2020-08-23,"Mount Rogers",White,1327,141,58
2020-08-23,Richmond,White,474,35,6
2020-08-23,Lenowisco,"Not Reported",78,4,1
2020-08-23,"Three Rivers",Latino,146,5,1
2020-08-23,Piedmont,"Not Reported",644,11,2
2020-08-23,"Mount Rogers",Latino,268,6,0
2020-08-23,"Central Shenandoah","Two or more races",13,1,0
2020-08-23,Crater,White,593,51,15
2020-08-23,Arlington,White,978,120,66
2020-08-23,Pittsylvania-Danville,"Other Race",0,0,0
2020-08-23,Chickahominy,Black,199,41,11
2020-08-23,Fairfax,Black,1362,219,57
2020-08-23,"Eastern Shore",Latino,256,12,3
2020-08-23,Norfolk,White,662,43,15
2020-08-23,"Mount Rogers","Two or more races",4,0,0
2020-08-23,Alleghany,"Two or more races",4,0,0
2020-08-23,Southside,White,191,26,18
2020-08-23,"Thomas Jefferson","Two or more races",26,0,0
2020-08-23,"Prince William",Black,1188,166,47
2020-08-23,"Lord Fairfax",White,1533,169,70
2020-08-23,"Cumberland Plateau",Latino,5,0,0
2020-08-23,Arlington,"Not Reported",295,2,0
2020-08-23,Rappahannock,"Other Race",83,4,0
2020-08-23,"Rappahannock Rapidan",Black,177,26,6
2020-08-23,"New River","Two or more races",3,0,0
2020-08-23,Arlington,Latino,1498,219,23
2020-08-23,Henrico,White,1073,102,93
2020-08-23,Loudoun,White,1304,108,83
2020-08-23,Hampton,White,208,9,1
2020-08-23,Alleghany,Black,57,4,1
2020-08-23,"Prince William",White,1440,165,84
2020-08-23,Rappahannock,White,1041,112,38
2020-08-23,Southside,"Other Race",10,0,1
2020-08-23,Portsmouth,"Two or more races",8,2,1
2020-08-23,"Western Tidewater",Black,1150,93,39
2020-08-23,Hampton,Latino,51,4,0
2020-08-23,Henrico,"Not Reported",772,3,4
2020-08-23,"West Piedmont","Two or more races",0,0,0
2020-08-23,Peninsula,"Not Reported",1346,2,0
2020-08-23,Loudoun,Latino,1765,169,14
2020-08-23,Alexandria,Black,635,85,14
2020-08-23,Piedmont,Black,443,57,14
2020-08-23,Roanoke,"Other Race",11,0,0
2020-08-23,Alexandria,"Two or more races",17,1,0
2020-08-23,"Western Tidewater",Latino,24,1,1
2020-08-23,Rappahannock,"Not Reported",1116,26,0
2020-08-23,"West Piedmont","Other Race",5,1,1
2020-08-23,Chickahominy,White,544,86,34
2020-08-23,"Thomas Jefferson",Latino,609,27,2
2020-08-23,"Cumberland Plateau",Black,37,0,0
2020-08-23,"Lord Fairfax",Latino,662,43,8
2020-08-23,"West Piedmont",Latino,201,8,1
2020-08-23,"Cumberland Plateau",White,423,37,6
2020-08-23,"Eastern Shore","Other Race",13,1,0
2020-08-23,"Cumberland Plateau","Two or more races",5,0,0
2020-08-23,Pittsylvania-Danville,"Two or more races",1,0,0
2020-08-23,Piedmont,"Other Race",8,0,0
2020-08-23,Alexandria,Latino,1597,127,10
2020-08-23,Chesapeake,Black,1314,159,15
2020-08-23,Richmond,"Other Race",100,7,3
2020-08-23,Henrico,Latino,805,55,8
2020-08-23,Piedmont,"Two or more races",4,2,0
2020-08-23,"Prince William","Other Race",349,15,0
2020-08-23,"New River","Not Reported",109,2,0
2020-08-23,"Rappahannock Rapidan",White,582,44,14
2020-08-23,"Central Virginia","Not Reported",1367,11,1
2020-08-23,"Virginia Beach","Two or more races",50,2,1
2020-08-23,Pittsylvania-Danville,White,257,34,8
2020-08-23,"Lord Fairfax",Black,122,13,6
2020-08-23,Fairfax,Latino,8791,965,83
2020-08-23,Chesterfield,"Asian or Pacific Islander",48,2,0
2020-08-23,Crater,"Asian or Pacific Islander",16,0,0
2020-08-23,Fairfax,"Asian or Pacific Islander",1454,246,71
2020-08-23,Hampton,"Asian or Pacific Islander",10,0,0
2020-08-23,"Rappahannock Rapidan","Asian or Pacific Islander",8,1,0
2020-08-23,"Mount Rogers","Asian or Pacific Islander",3,1,0
2020-08-23,"New River","Asian or Pacific Islander",10,0,0
2020-08-23,"Central Virginia","Asian or Pacific Islander",7,0,0
2020-08-23,"Lord Fairfax","Asian or Pacific Islander",13,0,0
2020-08-23,Southside,"Asian or Pacific Islander",1,0,0
2020-08-23,Alleghany,"Asian or Pacific Islander",15,0,0
2020-08-23,Portsmouth,"Asian or Pacific Islander",13,2,0
2020-08-23,Roanoke,"Asian or Pacific Islander",11,0,0
2020-08-23,Richmond,"Asian or Pacific Islander",21,3,1
2020-08-23,"Thomas Jefferson","Asian or Pacific Islander",37,0,1
2020-08-23,"Virginia Beach","Asian or Pacific Islander",219,20,2
2020-08-23,Henrico,"Asian or Pacific Islander",154,10,3
2020-08-23,Piedmont,"Asian or Pacific Islander",8,0,0
2020-08-23,"Western Tidewater","Asian or Pacific Islander",13,2,0
2020-08-23,"West Piedmont","Asian or Pacific Islander",12,1,1
2020-08-23,Chickahominy,"Asian or Pacific Islander",13,1,0
2020-08-23,Peninsula,"Asian or Pacific Islander",37,4,3
2020-08-23,Norfolk,"Asian or Pacific Islander",55,4,0
2020-08-23,Arlington,"Asian or Pacific Islander",158,22,12
2020-08-23,Loudoun,"Asian or Pacific Islander",302,46,11
2020-08-23,Alexandria,"Asian or Pacific Islander",107,10,1
2020-08-23,Rappahannock,"Asian or Pacific Islander",62,9,1
2020-08-23,Chesapeake,"Asian or Pacific Islander",51,8,4
2020-08-23,"Cumberland Plateau and Lenowisco","Asian or Pacific Islander",1,0,0
2020-08-23,"Central Shenandoah","Asian or Pacific Islander",24,2,0
2020-08-23,"Prince William","Asian or Pacific Islander",397,48,15
2020-08-23,Pittsylvania-Danville,"Asian or Pacific Islander",3,0,0
2020-08-23,"Eastern Shore and Three Rivers","Asian or Pacific Islander",12,1,0
2020-08-23,Piedmont,"Native American",1,0,0
2020-08-23,"New River","Native American",0,0,0
2020-08-23,"Central Shenandoah","Native American",3,1,0
2020-08-23,"Eastern Shore and Three Rivers","Native American",1,0,0
2020-08-23,Fairfax,"Native American",31,1,1
2020-08-23,Chesapeake,"Native American",11,0,0
2020-08-23,"Western Tidewater","Native American",2,0,0
2020-08-23,Portsmouth,"Native American",3,2,0
2020-08-23,Richmond,"Native American",0,0,0
2020-08-23,Chickahominy,"Native American",5,1,0
2020-08-23,"Thomas Jefferson","Native American",2,0,0
2020-08-23,Arlington,"Native American",4,0,0
2020-08-23,"Virginia Beach","Native American",7,0,0
2020-08-23,Peninsula,"Native American",5,1,0
2020-08-23,Hampton,"Native American",2,0,0
2020-08-23,"West Piedmont","Native American",3,0,0
2020-08-23,"Cumberland Plateau, Lenowisco, and Mount Rogers","Native American",1,0,0
2020-08-23,Henrico,"Native American",8,0,0
2020-08-23,Norfolk,"Native American",8,0,0
2020-08-23,"Prince William","Native American",14,1,1
2020-08-23,"Central Virginia","Native American",1,0,0
2020-08-23,Chesterfield,"Native American",5,0,0
2020-08-23,Rappahannock,"Native American",4,0,0
2020-08-23,Loudoun,"Native American",3,0,0
2020-08-23,Alexandria,"Native American",3,0,0
2020-08-23,"Alleghany and Roanoke","Native American",1,0,0
2020-08-23,Crater,"Native American",5,0,0
2020-08-23,"Rappahannock Rapidan","Native American",1,0,0
2020-08-23,"Lord Fairfax","Native American",2,1,1
2020-08-23,"Pittsylvania-Danville and Southside","Native American",0,0,0
2020-08-24,"Rappahannock Rapidan","Not Reported",592,10,2
2020-08-24,Portsmouth,"Other Race",71,6,2
2020-08-24,"Western Tidewater","Two or more races",23,0,0
2020-08-24,Piedmont,White,433,49,19
2020-08-24,Chesterfield,Latino,1239,80,4
2020-08-24,Lenowisco,White,511,50,8
2020-08-24,Lenowisco,"Two or more races",2,0,0
2020-08-24,Hampton,"Not Reported",520,1,1
2020-08-24,Southside,"Not Reported",445,9,4
2020-08-24,Roanoke,Black,121,10,3
2020-08-24,Hampton,Black,610,37,9
2020-08-24,Alleghany,"Other Race",6,1,0
2020-08-24,Lenowisco,Latino,9,0,0
2020-08-24,Loudoun,"Other Race",152,11,2
2020-08-24,"Central Shenandoah",Latino,926,54,5
2020-08-24,"Rappahannock Rapidan",Latino,754,59,7
2020-08-24,"Eastern Shore",Black,847,97,26
2020-08-24,Norfolk,Latino,289,19,0
2020-08-24,Hampton,"Two or more races",14,0,0
2020-08-24,Richmond,Black,1178,210,25
2020-08-24,Henrico,"Two or more races",32,1,0
2020-08-24,Fairfax,"Two or more races",68,5,0
2020-08-24,Alleghany,"Not Reported",387,2,0
2020-08-24,Portsmouth,"Not Reported",537,4,0
2020-08-24,"Cumberland Plateau","Other Race",2,1,0
2020-08-24,Southside,"Two or more races",23,0,0
2020-08-24,Portsmouth,White,251,16,6
2020-08-24,"Rappahannock Rapidan","Two or more races",24,2,0
2020-08-24,Fairfax,White,3146,463,294
2020-08-24,Fairfax,"Other Race",675,79,19
2020-08-24,Crater,"Two or more races",4,0,0
2020-08-24,"West Piedmont","Not Reported",330,26,3
2020-08-24,Henrico,"Other Race",101,12,0
2020-08-24,"Three Rivers",White,486,41,8
2020-08-24,"Central Virginia",Black,148,21,5
2020-08-24,Lenowisco,"Other Race",5,0,0
2020-08-24,"Three Rivers","Other Race",14,3,0
2020-08-24,"Western Tidewater",White,561,56,44
2020-08-24,"Mount Rogers",Black,47,7,2
2020-08-24,"Three Rivers","Not Reported",190,3,1
2020-08-24,"Thomas Jefferson",Black,432,64,11
2020-08-24,"Eastern Shore",White,233,26,18
2020-08-24,"Central Virginia",White,452,36,11
2020-08-24,Lenowisco,Black,5,1,1
2020-08-24,"Central Virginia","Two or more races",0,0,0
2020-08-24,Richmond,"Two or more races",12,0,0
2020-08-24,Crater,"Not Reported",600,9,4
2020-08-24,Chesterfield,"Two or more races",16,2,0
2020-08-24,"New River",Latino,80,5,0
2020-08-24,Richmond,Latino,1227,100,7
2020-08-24,Portsmouth,Latino,55,11,1
2020-08-24,Pittsylvania-Danville,"Not Reported",493,8,0
2020-08-24,Chesapeake,"Not Reported",875,7,0
2020-08-24,Chickahominy,Latino,75,4,0
2020-08-24,Crater,Black,1486,172,48
2020-08-24,Chesterfield,Black,818,96,25
2020-08-24,Chesterfield,"Other Race",191,9,0
2020-08-24,Peninsula,Black,882,65,17
2020-08-24,Roanoke,White,205,12,12
2020-08-24,"New River",Black,52,3,0
2020-08-24,Southside,Latino,5,0,0
2020-08-24,Peninsula,Latino,292,19,0
2020-08-24,Rappahannock,"Two or more races",22,2,0
2020-08-24,"Virginia Beach",Black,1490,102,16
2020-08-24,"Mount Rogers","Not Reported",94,2,2
2020-08-24,Loudoun,"Not Reported",1903,4,0
2020-08-24,Chesapeake,"Other Race",62,3,1
2020-08-24,Chickahominy,"Two or more races",2,1,0
2020-08-24,Crater,"Other Race",32,0,0
2020-08-24,Norfolk,"Two or more races",39,0,0
2020-08-24,"Eastern Shore","Two or more races",1,1,0
2020-08-24,"Central Shenandoah",White,1652,158,50
2020-08-24,"New River","Other Race",4,0,0
2020-08-24,"New River",White,529,27,8
2020-08-24,"Central Shenandoah","Other Race",49,2,0
2020-08-24,"West Piedmont",Black,344,64,7
2020-08-24,Alleghany,Latino,138,10,0
2020-08-24,"Central Shenandoah","Not Reported",251,3,1
2020-08-24,Roanoke,"Two or more races",2,1,0
2020-08-24,Peninsula,"Two or more races",41,3,0
2020-08-24,Richmond,"Not Reported",592,2,1
2020-08-24,Arlington,"Other Race",80,9,4
2020-08-24,Norfolk,"Not Reported",960,2,1
2020-08-24,Alexandria,"Other Race",61,7,2
2020-08-24,"Virginia Beach",White,1925,151,39
2020-08-24,Chesapeake,"Two or more races",36,2,1
2020-08-24,Alleghany,White,471,40,18
2020-08-24,"Rappahannock Rapidan","Other Race",30,1,0
2020-08-24,Chickahominy,"Not Reported",271,1,1
2020-08-24,Portsmouth,Black,1149,116,21
2020-08-24,Chickahominy,"Other Race",13,2,0
2020-08-24,"Virginia Beach",Latino,346,21,3
2020-08-24,Chesapeake,White,960,96,21
2020-08-24,Southside,Black,261,34,14
2020-08-24,Rappahannock,Latino,1187,103,8
2020-08-24,"Three Rivers","Two or more races",4,0,0
2020-08-24,Henrico,Black,1389,179,81
2020-08-24,Pittsylvania-Danville,Black,369,47,8
2020-08-24,"Lord Fairfax","Two or more races",11,0,0
2020-08-24,"Prince William",Latino,5371,593,66
2020-08-24,"Mount Rogers","Other Race",7,2,2
2020-08-24,"Central Shenandoah",Black,147,10,4
2020-08-24,Peninsula,White,758,79,27
2020-08-24,"Eastern Shore","Not Reported",84,0,0
2020-08-24,"Thomas Jefferson","Other Race",127,3,2
2020-08-24,Hampton,"Other Race",46,2,0
2020-08-24,"Lord Fairfax","Not Reported",337,3,6
2020-08-24,"Central Virginia","Other Race",10,0,0
2020-08-24,"Western Tidewater","Other Race",57,1,2
2020-08-24,Crater,Latino,177,9,4
2020-08-24,Chesapeake,Latino,242,20,1
2020-08-24,Chesterfield,White,993,94,64
2020-08-24,"Western Tidewater","Not Reported",789,6,2
2020-08-24,Fairfax,"Not Reported",2353,58,31
2020-08-24,Arlington,Black,340,75,32
2020-08-24,"Central Virginia",Latino,27,3,1
2020-08-24,Alexandria,"Not Reported",221,7,1
2020-08-24,"Three Rivers",Black,375,36,8
2020-08-24,"Prince William","Two or more races",36,1,0
2020-08-24,Loudoun,"Two or more races",43,1,0
2020-08-24,Peninsula,"Other Race",128,4,1
2020-08-24,"Thomas Jefferson",White,845,67,29
2020-08-24,Norfolk,"Other Race",81,3,1
2020-08-24,"Prince William","Not Reported",3901,23,0
2020-08-24,"West Piedmont",White,535,74,15
2020-08-24,Rappahannock,Black,669,77,13
2020-08-24,Norfolk,Black,2070,186,26
2020-08-24,Roanoke,Latino,331,17,0
2020-08-24,Piedmont,Latino,67,6,1
2020-08-24,Roanoke,"Not Reported",447,1,0
2020-08-24,"Virginia Beach","Other Race",97,2,0
2020-08-24,Arlington,"Two or more races",31,2,0
2020-08-24,Alexandria,White,624,55,33
2020-08-24,"Lord Fairfax","Other Race",65,6,1
2020-08-24,"Thomas Jefferson","Not Reported",190,1,0
2020-08-24,"Virginia Beach","Not Reported",1603,9,3
2020-08-24,Loudoun,Black,259,27,5
2020-08-24,Pittsylvania-Danville,Latino,65,3,0
2020-08-24,"Cumberland Plateau","Not Reported",14,0,0
2020-08-24,Chesterfield,"Not Reported",1949,3,9
2020-08-24,"Mount Rogers",White,1338,143,58
2020-08-24,Richmond,White,484,35,6
2020-08-24,Lenowisco,"Not Reported",80,4,1
2020-08-24,"Three Rivers",Latino,146,5,1
2020-08-24,Piedmont,"Not Reported",644,11,2
2020-08-24,"Mount Rogers",Latino,268,6,0
2020-08-24,"Central Shenandoah","Two or more races",13,1,0
2020-08-24,Crater,White,595,52,15
2020-08-24,Arlington,White,985,120,66
2020-08-24,Pittsylvania-Danville,"Other Race",0,0,0
2020-08-24,Chickahominy,Black,203,41,11
2020-08-24,Fairfax,Black,1365,219,57
2020-08-24,"Eastern Shore",Latino,256,12,3
2020-08-24,Norfolk,White,662,43,15
2020-08-24,"Mount Rogers","Two or more races",4,0,0
2020-08-24,Alleghany,"Two or more races",4,0,0
2020-08-24,Southside,White,192,26,18
2020-08-24,"Thomas Jefferson","Two or more races",26,0,0
2020-08-24,"Prince William",Black,1194,167,47
2020-08-24,"Lord Fairfax",White,1536,169,70
2020-08-24,"Cumberland Plateau",Latino,5,0,0
2020-08-24,Arlington,"Not Reported",303,2,0
2020-08-24,Rappahannock,"Other Race",84,4,0
2020-08-24,"Rappahannock Rapidan",Black,178,26,6
2020-08-24,"New River","Two or more races",3,0,0
2020-08-24,Arlington,Latino,1499,219,23
2020-08-24,Henrico,White,1082,104,93
2020-08-24,Loudoun,White,1307,108,83
2020-08-24,Hampton,White,209,9,1
2020-08-24,Alleghany,Black,57,4,1
2020-08-24,"Prince William",White,1439,165,84
2020-08-24,Rappahannock,White,1051,112,38
2020-08-24,Southside,"Other Race",10,0,1
2020-08-24,Portsmouth,"Two or more races",7,2,1
2020-08-24,"Western Tidewater",Black,1156,94,39
2020-08-24,Hampton,Latino,52,4,0
2020-08-24,Henrico,"Not Reported",784,3,4
2020-08-24,"West Piedmont","Two or more races",0,0,0
2020-08-24,Peninsula,"Not Reported",1348,2,0
2020-08-24,Loudoun,Latino,1765,169,14
2020-08-24,Alexandria,Black,636,86,14
2020-08-24,Piedmont,Black,443,57,14
2020-08-24,Roanoke,"Other Race",11,0,0
2020-08-24,Alexandria,"Two or more races",17,1,0
2020-08-24,"Western Tidewater",Latino,24,1,1
2020-08-24,Rappahannock,"Not Reported",1138,26,0
2020-08-24,"West Piedmont","Other Race",5,1,1
2020-08-24,Chickahominy,White,549,87,35
2020-08-24,"Thomas Jefferson",Latino,610,27,2
2020-08-24,"Cumberland Plateau",Black,37,0,0
2020-08-24,"Lord Fairfax",Latino,665,43,8
2020-08-24,"West Piedmont",Latino,201,8,1
2020-08-24,"Cumberland Plateau",White,423,37,6
2020-08-24,"Eastern Shore","Other Race",13,1,0
2020-08-24,"Cumberland Plateau","Two or more races",5,0,0
2020-08-24,Pittsylvania-Danville,"Two or more races",1,0,0
2020-08-24,Piedmont,"Other Race",8,0,0
2020-08-24,Alexandria,Latino,1601,127,10
2020-08-24,Chesapeake,Black,1326,163,15
2020-08-24,Richmond,"Other Race",100,7,3
2020-08-24,Henrico,Latino,804,55,8
2020-08-24,Piedmont,"Two or more races",4,2,0
2020-08-24,"Prince William","Other Race",346,15,0
2020-08-24,"New River","Not Reported",143,2,0
2020-08-24,"Rappahannock Rapidan",White,584,44,14
2020-08-24,"Central Virginia","Not Reported",1377,11,1
2020-08-24,"Virginia Beach","Two or more races",50,2,1
2020-08-24,Pittsylvania-Danville,White,257,34,8
2020-08-24,"Lord Fairfax",Black,123,13,6
2020-08-24,Fairfax,Latino,8804,966,84
2020-08-24,Chesterfield,"Asian or Pacific Islander",49,2,0
2020-08-24,Crater,"Asian or Pacific Islander",16,0,0
2020-08-24,Fairfax,"Asian or Pacific Islander",1457,246,71
2020-08-24,Hampton,"Asian or Pacific Islander",10,0,0
2020-08-24,"Rappahannock Rapidan","Asian or Pacific Islander",8,1,0
2020-08-24,"Mount Rogers","Asian or Pacific Islander",3,1,0
2020-08-24,"New River","Asian or Pacific Islander",10,0,0
2020-08-24,"Central Virginia","Asian or Pacific Islander",7,0,0
2020-08-24,"Lord Fairfax","Asian or Pacific Islander",13,0,0
2020-08-24,Southside,"Asian or Pacific Islander",1,0,0
2020-08-24,Alleghany,"Asian or Pacific Islander",16,0,0
2020-08-24,Portsmouth,"Asian or Pacific Islander",13,2,0
2020-08-24,Roanoke,"Asian or Pacific Islander",11,0,0
2020-08-24,Richmond,"Asian or Pacific Islander",22,3,1
2020-08-24,"Thomas Jefferson","Asian or Pacific Islander",37,0,1
2020-08-24,"Virginia Beach","Asian or Pacific Islander",221,20,2
2020-08-24,Henrico,"Asian or Pacific Islander",159,10,3
2020-08-24,Piedmont,"Asian or Pacific Islander",8,0,0
2020-08-24,"Western Tidewater","Asian or Pacific Islander",13,2,0
2020-08-24,"West Piedmont","Asian or Pacific Islander",12,1,1
2020-08-24,Chickahominy,"Asian or Pacific Islander",13,1,0
2020-08-24,Peninsula,"Asian or Pacific Islander",37,4,3
2020-08-24,Norfolk,"Asian or Pacific Islander",55,4,0
2020-08-24,Arlington,"Asian or Pacific Islander",158,22,12
2020-08-24,Loudoun,"Asian or Pacific Islander",303,46,11
2020-08-24,Alexandria,"Asian or Pacific Islander",107,10,1
2020-08-24,Rappahannock,"Asian or Pacific Islander",63,9,1
2020-08-24,Chesapeake,"Asian or Pacific Islander",52,8,4
2020-08-24,"Cumberland Plateau and Lenowisco","Asian or Pacific Islander",1,0,0
2020-08-24,"Central Shenandoah","Asian or Pacific Islander",24,2,0
2020-08-24,"Prince William","Asian or Pacific Islander",400,48,15
2020-08-24,Pittsylvania-Danville,"Asian or Pacific Islander",3,0,0
2020-08-24,"Eastern Shore and Three Rivers","Asian or Pacific Islander",12,1,0
2020-08-24,Piedmont,"Native American",1,0,0
2020-08-24,"New River","Native American",0,0,0
2020-08-24,"Central Shenandoah","Native American",3,1,0
2020-08-24,"Eastern Shore and Three Rivers","Native American",1,0,0
2020-08-24,Fairfax,"Native American",31,1,1
2020-08-24,Chesapeake,"Native American",11,0,0
2020-08-24,"Western Tidewater","Native American",2,0,0
2020-08-24,Portsmouth,"Native American",3,2,0
2020-08-24,Richmond,"Native American",0,0,0
2020-08-24,Chickahominy,"Native American",5,1,0
2020-08-24,"Thomas Jefferson","Native American",2,0,0
2020-08-24,Arlington,"Native American",4,0,0
2020-08-24,"Virginia Beach","Native American",7,0,0
2020-08-24,Peninsula,"Native American",5,1,0
2020-08-24,Hampton,"Native American",2,0,0
2020-08-24,"West Piedmont","Native American",3,0,0
2020-08-24,"Cumberland Plateau, Lenowisco, and Mount Rogers","Native American",1,0,0
2020-08-24,Henrico,"Native American",8,0,0
2020-08-24,Norfolk,"Native American",8,0,0
2020-08-24,"Prince William","Native American",15,1,1
2020-08-24,"Central Virginia","Native American",1,0,0
2020-08-24,Chesterfield,"Native American",5,0,0
2020-08-24,Rappahannock,"Native American",4,0,0
2020-08-24,Loudoun,"Native American",3,0,0
2020-08-24,Alexandria,"Native American",3,0,0
2020-08-24,"Alleghany and Roanoke","Native American",1,0,0
2020-08-24,Crater,"Native American",5,0,0
2020-08-24,"Rappahannock Rapidan","Native American",1,0,0
2020-08-24,"Lord Fairfax","Native American",2,1,1
2020-08-24,"Pittsylvania-Danville and Southside","Native American",0,0,0
2020-08-25,"Rappahannock Rapidan","Not Reported",595,10,2
2020-08-25,Portsmouth,"Other Race",73,6,2
2020-08-25,"Western Tidewater","Two or more races",23,0,0
2020-08-25,Piedmont,White,441,49,19
2020-08-25,Chesterfield,Latino,1244,80,4
2020-08-25,Lenowisco,White,522,51,8
2020-08-25,Lenowisco,"Two or more races",2,0,0
2020-08-25,Hampton,"Not Reported",524,2,2
2020-08-25,Southside,"Not Reported",447,9,4
2020-08-25,Roanoke,Black,122,10,3
2020-08-25,Hampton,Black,613,37,12
2020-08-25,Alleghany,"Other Race",6,1,0
2020-08-25,Lenowisco,Latino,10,0,0
2020-08-25,Loudoun,"Other Race",146,11,2
2020-08-25,"Central Shenandoah",Latino,934,54,5
2020-08-25,"Rappahannock Rapidan",Latino,754,59,7
2020-08-25,"Eastern Shore",Black,847,97,26
2020-08-25,Norfolk,Latino,292,19,0
2020-08-25,Hampton,"Two or more races",15,0,0
2020-08-25,Richmond,Black,1199,212,25
2020-08-25,Henrico,"Two or more races",32,1,0
2020-08-25,Fairfax,"Two or more races",68,5,0
2020-08-25,Alleghany,"Not Reported",380,2,0
2020-08-25,Portsmouth,"Not Reported",550,4,0
2020-08-25,"Cumberland Plateau","Other Race",2,1,0
2020-08-25,Southside,"Two or more races",23,0,0
2020-08-25,Portsmouth,White,257,16,6
2020-08-25,"Rappahannock Rapidan","Two or more races",24,2,0
2020-08-25,Fairfax,White,3161,463,296
2020-08-25,Fairfax,"Other Race",676,79,19
2020-08-25,Crater,"Two or more races",4,0,0
2020-08-25,"West Piedmont","Not Reported",339,26,3
2020-08-25,Henrico,"Other Race",103,12,0
2020-08-25,"Three Rivers",White,487,41,8
2020-08-25,"Central Virginia",Black,151,21,5
2020-08-25,Lenowisco,"Other Race",7,0,0
2020-08-25,"Three Rivers","Other Race",14,3,0
2020-08-25,"Western Tidewater",White,563,56,44
2020-08-25,"Mount Rogers",Black,47,7,2
2020-08-25,"Three Rivers","Not Reported",190,3,1
2020-08-25,"Thomas Jefferson",Black,439,64,11
2020-08-25,"Eastern Shore",White,233,26,18
2020-08-25,"Central Virginia",White,468,36,11
2020-08-25,Lenowisco,Black,5,1,1
2020-08-25,"Central Virginia","Two or more races",0,0,0
2020-08-25,Richmond,"Two or more races",13,0,0
2020-08-25,Crater,"Not Reported",599,9,4
2020-08-25,Chesterfield,"Two or more races",18,2,0
2020-08-25,"New River",Latino,81,5,0
2020-08-25,Richmond,Latino,1226,100,7
2020-08-25,Portsmouth,Latino,56,12,1
2020-08-25,Pittsylvania-Danville,"Not Reported",504,8,0
2020-08-25,Chesapeake,"Not Reported",881,7,0
2020-08-25,Chickahominy,Latino,75,4,0
2020-08-25,Crater,Black,1493,172,48
2020-08-25,Chesterfield,Black,821,97,25
2020-08-25,Chesterfield,"Other Race",195,9,0
2020-08-25,Peninsula,Black,888,66,17
2020-08-25,Roanoke,White,207,13,12
2020-08-25,"New River",Black,52,3,0
2020-08-25,Southside,Latino,5,0,0
2020-08-25,Peninsula,Latino,293,19,0
2020-08-25,Rappahannock,"Two or more races",22,2,0
2020-08-25,"Virginia Beach",Black,1499,103,16
2020-08-25,"Mount Rogers","Not Reported",95,2,2
2020-08-25,Loudoun,"Not Reported",1908,4,0
2020-08-25,Chesapeake,"Other Race",61,3,1
2020-08-25,Chickahominy,"Two or more races",2,1,0
2020-08-25,Crater,"Other Race",32,0,0
2020-08-25,Norfolk,"Two or more races",41,1,0
2020-08-25,"Eastern Shore","Two or more races",1,1,0
2020-08-25,"Central Shenandoah",White,1667,161,51
2020-08-25,"New River","Other Race",4,0,0
2020-08-25,"New River",White,559,27,8
2020-08-25,"Central Shenandoah","Other Race",48,2,0
2020-08-25,"West Piedmont",Black,353,64,8
2020-08-25,Alleghany,Latino,139,11,0
2020-08-25,"Central Shenandoah","Not Reported",254,3,1
2020-08-25,Roanoke,"Two or more races",2,1,0
2020-08-25,Peninsula,"Two or more races",41,3,0
2020-08-25,Richmond,"Not Reported",615,2,1
2020-08-25,Arlington,"Other Race",80,9,4
2020-08-25,Norfolk,"Not Reported",975,2,1
2020-08-25,Alexandria,"Other Race",64,7,2
2020-08-25,"Virginia Beach",White,1939,151,39
2020-08-25,Chesapeake,"Two or more races",36,2,1
2020-08-25,Alleghany,White,483,40,18
2020-08-25,"Rappahannock Rapidan","Other Race",30,1,0
2020-08-25,Chickahominy,"Not Reported",271,1,1
2020-08-25,Portsmouth,Black,1174,116,21
2020-08-25,Chickahominy,"Other Race",13,2,0
2020-08-25,"Virginia Beach",Latino,348,22,3
2020-08-25,Chesapeake,White,966,98,21
2020-08-25,Southside,Black,267,34,14
2020-08-25,Rappahannock,Latino,1194,103,8
2020-08-25,"Three Rivers","Two or more races",4,0,0
2020-08-25,Henrico,Black,1406,182,81
2020-08-25,Pittsylvania-Danville,Black,378,47,8
2020-08-25,"Lord Fairfax","Two or more races",11,0,0
2020-08-25,"Prince William",Latino,5417,593,66
2020-08-25,"Mount Rogers","Other Race",7,2,2
2020-08-25,"Central Shenandoah",Black,148,10,4
2020-08-25,Peninsula,White,764,80,28
2020-08-25,"Eastern Shore","Not Reported",84,0,0
2020-08-25,"Thomas Jefferson","Other Race",126,3,2
2020-08-25,Hampton,"Other Race",46,2,0
2020-08-25,"Lord Fairfax","Not Reported",345,3,6
2020-08-25,"Central Virginia","Other Race",10,0,0
2020-08-25,"Western Tidewater","Other Race",58,1,2
2020-08-25,Crater,Latino,177,9,4
2020-08-25,Chesapeake,Latino,243,20,1
2020-08-25,Chesterfield,White,1004,96,64
2020-08-25,"Western Tidewater","Not Reported",797,6,2
2020-08-25,Fairfax,"Not Reported",2339,57,31
2020-08-25,Arlington,Black,343,76,33
2020-08-25,"Central Virginia",Latino,28,3,1
2020-08-25,Alexandria,"Not Reported",224,7,1
2020-08-25,"Three Rivers",Black,375,36,8
2020-08-25,"Prince William","Two or more races",37,1,0
2020-08-25,Loudoun,"Two or more races",43,2,0
2020-08-25,Peninsula,"Other Race",129,4,1
2020-08-25,"Thomas Jefferson",White,850,68,30
2020-08-25,Norfolk,"Other Race",85,3,1
2020-08-25,"Prince William","Not Reported",3903,25,0
2020-08-25,"West Piedmont",White,546,76,15
2020-08-25,Rappahannock,Black,678,79,13
2020-08-25,Norfolk,Black,2113,189,27
2020-08-25,Roanoke,Latino,332,16,0
2020-08-25,Piedmont,Latino,68,8,1
2020-08-25,Roanoke,"Not Reported",442,1,0
2020-08-25,"Virginia Beach","Other Race",104,2,0
2020-08-25,Arlington,"Two or more races",31,2,0
2020-08-25,Alexandria,White,632,55,33
2020-08-25,"Lord Fairfax","Other Race",65,6,1
2020-08-25,"Thomas Jefferson","Not Reported",204,1,0
2020-08-25,"Virginia Beach","Not Reported",1618,9,3
2020-08-25,Loudoun,Black,262,28,5
2020-08-25,Pittsylvania-Danville,Latino,65,3,0
2020-08-25,"Cumberland Plateau","Not Reported",14,0,0
2020-08-25,Chesterfield,"Not Reported",1951,3,10
2020-08-25,"Mount Rogers",White,1369,146,62
2020-08-25,Richmond,White,485,35,6
2020-08-25,Lenowisco,"Not Reported",100,4,2
2020-08-25,"Three Rivers",Latino,147,5,1
2020-08-25,Piedmont,"Not Reported",659,11,3
2020-08-25,"Mount Rogers",Latino,269,6,0
2020-08-25,"Central Shenandoah","Two or more races",13,1,0
2020-08-25,Crater,White,603,52,15
2020-08-25,Arlington,White,996,121,66
2020-08-25,Pittsylvania-Danville,"Other Race",0,0,0
2020-08-25,Chickahominy,Black,203,41,11
2020-08-25,Fairfax,Black,1376,220,57
2020-08-25,"Eastern Shore",Latino,256,12,3
2020-08-25,Norfolk,White,675,43,15
2020-08-25,"Mount Rogers","Two or more races",4,0,0
2020-08-25,Alleghany,"Two or more races",4,0,0
2020-08-25,Southside,White,195,26,18
2020-08-25,"Thomas Jefferson","Two or more races",26,0,0
2020-08-25,"Prince William",Black,1207,168,47
2020-08-25,"Lord Fairfax",White,1543,171,71
2020-08-25,"Cumberland Plateau",Latino,5,0,0
2020-08-25,Arlington,"Not Reported",292,2,0
2020-08-25,Rappahannock,"Other Race",84,4,0
2020-08-25,"Rappahannock Rapidan",Black,185,26,6
2020-08-25,"New River","Two or more races",3,0,0
2020-08-25,Arlington,Latino,1510,220,23
2020-08-25,Alleghany,Black,58,4,1
2020-08-25,"Prince William",White,1453,165,84
2020-08-25,Rappahannock,White,1065,112,38
2020-08-25,Southside,"Other Race",10,0,1
2020-08-25,Portsmouth,"Two or more races",8,2,1
2020-08-25,"Western Tidewater",Black,1163,94,39
2020-08-25,Hampton,Latino,52,4,0
2020-08-25,Henrico,"Not Reported",793,3,4
2020-08-25,"West Piedmont","Two or more races",0,0,0
2020-08-25,Peninsula,"Not Reported",1351,2,0
2020-08-25,Loudoun,Latino,1781,169,14
2020-08-25,Alexandria,Black,644,87,14
2020-08-25,Piedmont,Black,446,57,14
2020-08-25,Roanoke,"Other Race",12,0,0
2020-08-25,Alexandria,"Two or more races",19,1,0
2020-08-25,"Western Tidewater",Latino,24,1,1
2020-08-25,Rappahannock,"Not Reported",1131,26,0
2020-08-25,"West Piedmont","Other Race",5,1,1
2020-08-25,Chickahominy,White,554,88,35
2020-08-25,"Thomas Jefferson",Latino,610,27,2
2020-08-25,"Cumberland Plateau",Black,41,0,0
2020-08-25,"Lord Fairfax",Latino,667,43,8
2020-08-25,"West Piedmont",Latino,202,8,1
2020-08-25,"Cumberland Plateau",White,431,37,6
2020-08-25,"Eastern Shore","Other Race",13,1,0
2020-08-25,"Cumberland Plateau","Two or more races",5,0,0
2020-08-25,Pittsylvania-Danville,"Two or more races",1,0,0
2020-08-25,Piedmont,"Other Race",8,0,0
2020-08-25,Alexandria,Latino,1614,127,10
2020-08-25,Chesapeake,Black,1331,165,15
2020-08-25,Richmond,"Other Race",101,7,3
2020-08-25,Henrico,Latino,805,55,8
2020-08-25,Piedmont,"Two or more races",4,2,0
2020-08-25,"Prince William","Other Race",358,15,0
2020-08-25,"New River","Not Reported",147,2,0
2020-08-25,"Rappahannock Rapidan",White,593,45,14
2020-08-25,"Central Virginia","Not Reported",1416,11,1
2020-08-25,"Virginia Beach","Two or more races",50,2,1
2020-08-25,Pittsylvania-Danville,White,262,34,8
2020-08-25,"Lord Fairfax",Black,124,13,6
2020-08-25,Fairfax,Latino,8840,965,86
2020-08-25,Chesterfield,"Asian or Pacific Islander",48,2,0
2020-08-25,Crater,"Asian or Pacific Islander",16,0,0
2020-08-25,Fairfax,"Asian or Pacific Islander",1465,246,71
2020-08-25,Hampton,"Asian or Pacific Islander",11,0,0
2020-08-25,"Rappahannock Rapidan","Asian or Pacific Islander",9,1,0
2020-08-25,"Mount Rogers","Asian or Pacific Islander",3,1,0
2020-08-25,"New River","Asian or Pacific Islander",11,0,0
2020-08-25,"Central Virginia","Asian or Pacific Islander",7,0,0
2020-08-25,"Lord Fairfax","Asian or Pacific Islander",13,0,0
2020-08-25,Southside,"Asian or Pacific Islander",1,0,0
2020-08-25,Alleghany,"Asian or Pacific Islander",16,0,0
2020-08-25,Portsmouth,"Asian or Pacific Islander",13,2,0
2020-08-25,Roanoke,"Asian or Pacific Islander",11,0,0
2020-08-25,Richmond,"Asian or Pacific Islander",23,3,1
2020-08-25,"Thomas Jefferson","Asian or Pacific Islander",37,0,1
2020-08-25,"Virginia Beach","Asian or Pacific Islander",223,20,2
2020-08-25,Henrico,"Asian or Pacific Islander",162,10,3
2020-08-25,Piedmont,"Asian or Pacific Islander",8,0,0
2020-08-25,"Western Tidewater","Asian or Pacific Islander",14,2,0
2020-08-25,"West Piedmont","Asian or Pacific Islander",12,1,1
2020-08-25,Chickahominy,"Asian or Pacific Islander",13,1,0
2020-08-25,Peninsula,"Asian or Pacific Islander",37,4,3
2020-08-25,Norfolk,"Asian or Pacific Islander",56,4,0
2020-08-25,Arlington,"Asian or Pacific Islander",159,22,12
2020-08-25,Loudoun,"Asian or Pacific Islander",310,46,11
2020-08-25,Alexandria,"Asian or Pacific Islander",109,10,1
2020-08-25,Rappahannock,"Asian or Pacific Islander",64,9,1
2020-08-25,Chesapeake,"Asian or Pacific Islander",53,8,4
2020-08-25,"Cumberland Plateau and Lenowisco","Asian or Pacific Islander",1,0,0
2020-08-25,"Central Shenandoah","Asian or Pacific Islander",24,2,0
2020-08-25,"Prince William","Asian or Pacific Islander",403,49,15
2020-08-25,Pittsylvania-Danville,"Asian or Pacific Islander",3,0,0
2020-08-25,"Eastern Shore and Three Rivers","Asian or Pacific Islander",12,1,0
2020-08-25,Piedmont,"Native American",1,0,0
2020-08-25,"New River","Native American",0,0,0
2020-08-25,"Central Shenandoah","Native American",3,1,0
2020-08-25,"Eastern Shore and Three Rivers","Native American",1,0,0
2020-08-25,Fairfax,"Native American",31,1,1
2020-08-25,Chesapeake,"Native American",11,0,0
2020-08-25,"Western Tidewater","Native American",2,0,0
2020-08-25,Portsmouth,"Native American",4,2,0
2020-08-25,Richmond,"Native American",0,0,0
2020-08-25,Chickahominy,"Native American",5,1,0
2020-08-25,"Thomas Jefferson","Native American",2,0,0
2020-08-25,Arlington,"Native American",4,0,0
2020-08-25,"Virginia Beach","Native American",7,0,0
2020-08-25,Peninsula,"Native American",5,1,1
2020-08-25,Hampton,"Native American",2,0,0
2020-08-25,"West Piedmont","Native American",3,0,0
2020-08-25,"Cumberland Plateau, Lenowisco, and Mount Rogers","Native American",1,0,0
2020-08-25,Henrico,"Native American",8,0,0
2020-08-25,Norfolk,"Native American",8,0,0
2020-08-25,"Prince William","Native American",15,1,1
2020-08-25,"Central Virginia","Native American",1,0,0
2020-08-25,Chesterfield,"Native American",5,0,0
2020-08-25,Rappahannock,"Native American",4,0,0
2020-08-25,Loudoun,"Native American",3,0,0
2020-08-25,Alexandria,"Native American",3,0,0
2020-08-25,"Alleghany and Roanoke","Native American",1,0,0
2020-08-25,Crater,"Native American",5,0,0
2020-08-25,"Rappahannock Rapidan","Native American",1,0,0
2020-08-25,"Lord Fairfax","Native American",2,1,1
2020-08-25,"Pittsylvania-Danville and Southside","Native American",0,0,0
2020-08-26,"Rappahannock Rapidan","Not Reported",592,10,2
2020-08-26,Portsmouth,"Other Race",71,7,3
2020-08-26,"Western Tidewater","Two or more races",25,0,0
2020-08-26,Piedmont,White,444,49,20
2020-08-26,Chesterfield,Latino,1252,81,4
2020-08-26,Lenowisco,White,527,51,8
2020-08-26,Lenowisco,"Two or more races",2,0,0
2020-08-26,Hampton,"Not Reported",530,2,2
2020-08-26,Southside,"Not Reported",447,9,4
2020-08-26,Roanoke,Black,127,11,3
2020-08-26,Hampton,Black,616,37,12
2020-08-26,Alleghany,"Other Race",7,1,0
2020-08-26,Lenowisco,Latino,10,0,0
2020-08-26,Loudoun,"Other Race",144,11,2
2020-08-26,"Central Shenandoah",Latino,939,54,5
2020-08-26,"Rappahannock Rapidan",Latino,757,60,7
2020-08-26,"Eastern Shore",Black,847,97,26
2020-08-26,Norfolk,Latino,295,19,0
2020-08-26,Hampton,"Two or more races",15,0,0
2020-08-26,Richmond,Black,1249,215,26
2020-08-26,Henrico,"Two or more races",32,1,0
2020-08-26,Fairfax,"Two or more races",69,5,0
2020-08-26,Alleghany,"Not Reported",384,2,0
2020-08-26,Portsmouth,"Not Reported",551,4,0
2020-08-26,"Cumberland Plateau","Other Race",2,1,0
2020-08-26,Southside,"Two or more races",23,0,0
2020-08-26,Portsmouth,White,258,16,6
2020-08-26,"Rappahannock Rapidan","Two or more races",26,3,0
2020-08-26,Fairfax,White,3190,465,297
2020-08-26,Fairfax,"Other Race",677,79,19
2020-08-26,Crater,"Two or more races",4,0,0
2020-08-26,"West Piedmont","Not Reported",328,26,3
2020-08-26,Henrico,"Other Race",106,12,0
2020-08-26,"Three Rivers",White,490,42,8
2020-08-26,"Central Virginia",Black,150,21,5
2020-08-26,Lenowisco,"Other Race",7,0,0
2020-08-26,"Three Rivers","Other Race",14,3,0
2020-08-26,"Western Tidewater",White,569,56,44
2020-08-26,"Mount Rogers",Black,47,7,2
2020-08-26,"Three Rivers","Not Reported",189,3,1
2020-08-26,"Thomas Jefferson",Black,445,64,11
2020-08-26,"Eastern Shore",White,233,26,18
2020-08-26,"Central Virginia",White,469,37,11
2020-08-26,Lenowisco,Black,5,1,1
2020-08-26,"Central Virginia","Two or more races",0,0,0
2020-08-26,Richmond,"Two or more races",14,0,0
2020-08-26,Crater,"Not Reported",594,8,4
2020-08-26,Chesterfield,"Two or more races",18,2,0
2020-08-26,"New River",Latino,84,5,0
2020-08-26,Richmond,Latino,1233,101,7
2020-08-26,Portsmouth,Latino,57,12,1
2020-08-26,Pittsylvania-Danville,"Not Reported",500,8,0
2020-08-26,Chesapeake,"Not Reported",898,7,0
2020-08-26,Chickahominy,Latino,78,4,0
2020-08-26,Crater,Black,1524,173,48
2020-08-26,Chesterfield,Black,837,98,25
2020-08-26,Chesterfield,"Other Race",198,9,0
2020-08-26,Peninsula,Black,892,66,17
2020-08-26,Roanoke,White,208,13,12
2020-08-26,"New River",Black,56,3,0
2020-08-26,Southside,Latino,5,0,0
2020-08-26,Peninsula,Latino,293,19,0
2020-08-26,Rappahannock,"Two or more races",24,2,0
2020-08-26,"Virginia Beach",Black,1504,104,17
2020-08-26,"Mount Rogers","Not Reported",96,2,3
2020-08-26,Loudoun,"Not Reported",1894,4,0
2020-08-26,Chesapeake,"Other Race",62,3,1
2020-08-26,Chickahominy,"Two or more races",3,1,0
2020-08-26,Crater,"Other Race",33,0,0
2020-08-26,Norfolk,"Two or more races",40,1,0
2020-08-26,"Eastern Shore","Two or more races",1,1,0
2020-08-26,"Central Shenandoah",White,1668,161,51
2020-08-26,"New River","Other Race",4,0,0
2020-08-26,"New River",White,617,27,8
2020-08-26,"Central Shenandoah","Other Race",49,2,0
2020-08-26,"West Piedmont",Black,367,68,8
2020-08-26,Alleghany,Latino,140,11,0
2020-08-26,"Central Shenandoah","Not Reported",256,3,1
2020-08-26,Roanoke,"Two or more races",2,1,0
2020-08-26,Peninsula,"Two or more races",41,3,0
2020-08-26,Richmond,"Not Reported",621,2,1
2020-08-26,Arlington,"Other Race",81,9,4
2020-08-26,Norfolk,"Not Reported",972,2,1
2020-08-26,Alexandria,"Other Race",62,7,2
2020-08-26,"Virginia Beach",White,1948,154,40
2020-08-26,Chesapeake,"Two or more races",35,2,1
2020-08-26,Alleghany,White,499,40,18
2020-08-26,"Rappahannock Rapidan","Other Race",30,1,0
2020-08-26,Chickahominy,"Not Reported",293,1,1
2020-08-26,Portsmouth,Black,1181,118,23
2020-08-26,Chickahominy,"Other Race",13,2,0
2020-08-26,"Virginia Beach",Latino,349,22,3
2020-08-26,Chesapeake,White,978,99,21
2020-08-26,Southside,Black,272,34,14
2020-08-26,Rappahannock,Latino,1200,103,8
2020-08-26,"Three Rivers","Two or more races",4,0,0
2020-08-26,Henrico,Black,1422,184,81
2020-08-26,Pittsylvania-Danville,Black,394,47,8
2020-08-26,"Lord Fairfax","Two or more races",11,0,0
2020-08-26,"Prince William",Latino,5440,596,66
2020-08-26,"Mount Rogers","Other Race",7,2,2
2020-08-26,"Central Shenandoah",Black,149,10,4
2020-08-26,Peninsula,White,767,81,28
2020-08-26,"Eastern Shore","Not Reported",84,0,0
2020-08-26,"Thomas Jefferson","Other Race",129,3,2
2020-08-26,Hampton,"Other Race",46,2,0
2020-08-26,"Lord Fairfax","Not Reported",337,3,6
2020-08-26,"Central Virginia","Other Race",10,0,0
2020-08-26,"Western Tidewater","Other Race",58,1,2
2020-08-26,Crater,Latino,177,9,4
2020-08-26,Chesapeake,Latino,244,20,1
2020-08-26,Chesterfield,White,1018,96,64
2020-08-26,"Western Tidewater","Not Reported",803,7,2
2020-08-26,Fairfax,"Not Reported",2334,57,31
2020-08-26,Arlington,Black,347,76,33
2020-08-26,"Central Virginia",Latino,28,3,1
2020-08-26,Alexandria,"Not Reported",221,7,1
2020-08-26,"Three Rivers",Black,378,36,8
2020-08-26,"Prince William","Two or more races",35,1,0
2020-08-26,Loudoun,"Two or more races",42,2,0
2020-08-26,Peninsula,"Other Race",129,4,1
2020-08-26,"Thomas Jefferson",White,860,69,31
2020-08-26,Norfolk,"Other Race",84,3,1
2020-08-26,"Prince William","Not Reported",3904,26,0
2020-08-26,"West Piedmont",White,567,79,16
2020-08-26,Rappahannock,Black,688,81,13
2020-08-26,Norfolk,Black,2127,195,30
2020-08-26,Roanoke,Latino,332,16,0
2020-08-26,Piedmont,Latino,70,8,1
2020-08-26,Roanoke,"Not Reported",447,1,0
2020-08-26,"Virginia Beach","Other Race",109,2,0
2020-08-26,Arlington,"Two or more races",31,2,0
2020-08-26,Alexandria,White,638,56,33
2020-08-26,"Lord Fairfax","Other Race",65,6,1
2020-08-26,"Thomas Jefferson","Not Reported",198,1,0
2020-08-26,"Virginia Beach","Not Reported",1630,9,3
2020-08-26,Loudoun,Black,264,28,5
2020-08-26,Pittsylvania-Danville,Latino,65,3,0
2020-08-26,"Cumberland Plateau","Not Reported",13,0,0
2020-08-26,Chesterfield,"Not Reported",1936,3,10
2020-08-26,"Mount Rogers",White,1384,148,62
2020-08-26,Richmond,White,494,34,6
2020-08-26,Lenowisco,"Not Reported",100,4,2
2020-08-26,"Three Rivers",Latino,147,5,1
2020-08-26,Piedmont,"Not Reported",661,11,3
2020-08-26,"Mount Rogers",Latino,270,6,0
2020-08-26,"Central Shenandoah","Two or more races",13,1,0
2020-08-26,Crater,White,611,52,15
2020-08-26,Arlington,White,1007,121,66
2020-08-26,Pittsylvania-Danville,"Other Race",0,0,0
2020-08-26,Chickahominy,Black,208,41,11
2020-08-26,Fairfax,Black,1396,221,58
2020-08-26,"Eastern Shore",Latino,257,12,3
2020-08-26,Norfolk,White,678,45,15
2020-08-26,"Mount Rogers","Two or more races",4,0,0
2020-08-26,Alleghany,"Two or more races",4,0,0
2020-08-26,Southside,White,198,26,18
2020-08-26,"Thomas Jefferson","Two or more races",26,0,0
2020-08-26,"Prince William",Black,1213,168,47
2020-08-26,"Lord Fairfax",White,1550,171,71
2020-08-26,"Cumberland Plateau",Latino,5,0,0
2020-08-26,Arlington,"Not Reported",289,2,0
2020-08-26,Rappahannock,"Other Race",86,4,0
2020-08-26,"Rappahannock Rapidan",Black,188,27,6
2020-08-26,"New River","Two or more races",3,0,0
2020-08-26,Arlington,Latino,1517,220,23
2020-08-26,Henrico,White,1102,106,93
2020-08-26,Loudoun,White,1325,110,85
2020-08-26,Hampton,White,211,9,1
2020-08-26,Alleghany,Black,59,4,1
2020-08-26,"Prince William",White,1463,165,84
2020-08-26,Rappahannock,White,1074,112,38
2020-08-26,Southside,"Other Race",11,0,1
2020-08-26,Portsmouth,"Two or more races",8,2,1
2020-08-26,"Western Tidewater",Black,1179,94,39
2020-08-26,Hampton,Latino,52,4,0
2020-08-26,Henrico,"Not Reported",787,3,4
2020-08-26,"West Piedmont","Two or more races",0,0,0
2020-08-26,Peninsula,"Not Reported",1361,2,0
2020-08-26,Loudoun,Latino,1799,169,14
2020-08-26,Alexandria,Black,649,88,14
2020-08-26,Piedmont,Black,447,57,14
2020-08-26,Roanoke,"Other Race",12,0,0
2020-08-26,Alexandria,"Two or more races",19,1,0
2020-08-26,"Western Tidewater",Latino,24,1,1
2020-08-26,Rappahannock,"Not Reported",1123,26,0
2020-08-26,"West Piedmont","Other Race",5,1,1
2020-08-26,Chickahominy,White,567,88,35
2020-08-26,"Thomas Jefferson",Latino,612,27,2
2020-08-26,"Cumberland Plateau",Black,41,0,0
2020-08-26,"Lord Fairfax",Latino,672,43,8
2020-08-26,"West Piedmont",Latino,203,8,1
2020-08-26,"Cumberland Plateau",White,438,42,7
2020-08-26,"Eastern Shore","Other Race",13,1,0
2020-08-26,"Cumberland Plateau","Two or more races",5,0,0
2020-08-26,Pittsylvania-Danville,"Two or more races",1,0,0
2020-08-26,Piedmont,"Other Race",8,0,0
2020-08-26,Alexandria,Latino,1619,127,10
2020-08-26,Chesapeake,Black,1342,167,17
2020-08-26,Richmond,"Other Race",100,7,3
2020-08-26,Henrico,Latino,806,56,9
2020-08-26,Piedmont,"Two or more races",4,2,0
2020-08-26,"Prince William","Other Race",359,15,0
2020-08-26,"New River","Not Reported",149,2,0
2020-08-26,"Rappahannock Rapidan",White,600,45,14
2020-08-26,"Central Virginia","Not Reported",1423,11,1
2020-08-26,"Virginia Beach","Two or more races",50,3,1
2020-08-26,Pittsylvania-Danville,White,273,35,8
2020-08-26,"Lord Fairfax",Black,125,13,6
2020-08-26,Fairfax,Latino,8882,966,86
2020-08-26,Chesterfield,"Asian or Pacific Islander",50,2,0
2020-08-26,Crater,"Asian or Pacific Islander",16,0,0
2020-08-26,Fairfax,"Asian or Pacific Islander",1473,247,71
2020-08-26,Hampton,"Asian or Pacific Islander",11,0,0
2020-08-26,"Rappahannock Rapidan","Asian or Pacific Islander",8,1,0
2020-08-26,"Mount Rogers","Asian or Pacific Islander",3,1,0
2020-08-26,"New River","Asian or Pacific Islander",12,0,0
2020-08-26,"Central Virginia","Asian or Pacific Islander",7,0,0
2020-08-26,"Lord Fairfax","Asian or Pacific Islander",13,0,0
2020-08-26,Southside,"Asian or Pacific Islander",1,0,0
2020-08-26,Alleghany,"Asian or Pacific Islander",15,0,0
2020-08-26,Portsmouth,"Asian or Pacific Islander",13,2,0
2020-08-26,Roanoke,"Asian or Pacific Islander",11,0,0
2020-08-26,Richmond,"Asian or Pacific Islander",24,3,1
2020-08-26,"Thomas Jefferson","Asian or Pacific Islander",37,0,1
2020-08-26,"Virginia Beach","Asian or Pacific Islander",224,20,2
2020-08-26,Henrico,"Asian or Pacific Islander",165,10,3
2020-08-26,Piedmont,"Asian or Pacific Islander",8,0,0
2020-08-26,"Western Tidewater","Asian or Pacific Islander",14,2,0
2020-08-26,"West Piedmont","Asian or Pacific Islander",11,1,1
2020-08-26,Chickahominy,"Asian or Pacific Islander",13,1,0
2020-08-26,Peninsula,"Asian or Pacific Islander",37,4,3
2020-08-26,Norfolk,"Asian or Pacific Islander",56,4,0
2020-08-26,Arlington,"Asian or Pacific Islander",159,22,12
2020-08-26,Loudoun,"Asian or Pacific Islander",315,46,11
2020-08-26,Alexandria,"Asian or Pacific Islander",113,10,1
2020-08-26,Rappahannock,"Asian or Pacific Islander",63,9,1
2020-08-26,Chesapeake,"Asian or Pacific Islander",55,8,4
2020-08-26,"Cumberland Plateau and Lenowisco","Asian or Pacific Islander",1,0,0
2020-08-26,"Central Shenandoah","Asian or Pacific Islander",25,2,0
2020-08-26,"Prince William","Asian or Pacific Islander",409,49,15
2020-08-26,Pittsylvania-Danville,"Asian or Pacific Islander",3,0,0
2020-08-26,"Eastern Shore and Three Rivers","Asian or Pacific Islander",12,1,0
2020-08-26,Piedmont,"Native American",1,0,0
2020-08-26,"New River","Native American",0,0,0
2020-08-26,"Central Shenandoah","Native American",3,1,0
2020-08-26,"Eastern Shore and Three Rivers","Native American",1,0,0
2020-08-26,Fairfax,"Native American",32,1,1
2020-08-26,Chesapeake,"Native American",11,0,0
2020-08-26,"Western Tidewater","Native American",2,0,0
2020-08-26,Portsmouth,"Native American",3,2,0
2020-08-26,Richmond,"Native American",0,0,0
2020-08-26,Chickahominy,"Native American",5,1,0
2020-08-26,"Thomas Jefferson","Native American",2,0,0
2020-08-26,Arlington,"Native American",4,0,0
2020-08-26,"Virginia Beach","Native American",7,0,0
2020-08-26,Peninsula,"Native American",6,2,1
2020-08-26,Hampton,"Native American",2,0,0
2020-08-26,"West Piedmont","Native American",3,0,0
2020-08-26,"Cumberland Plateau, Lenowisco, and Mount Rogers","Native American",1,0,0
2020-08-26,Henrico,"Native American",8,0,0
2020-08-26,Norfolk,"Native American",8,0,0
2020-08-26,"Prince William","Native American",15,1,1
2020-08-26,"Central Virginia","Native American",1,0,0
2020-08-26,Chesterfield,"Native American",5,0,0
2020-08-26,Rappahannock,"Native American",4,0,0
2020-08-26,Loudoun,"Native American",4,0,0
2020-08-26,Alexandria,"Native American",3,0,0
2020-08-26,"Alleghany and Roanoke","Native American",1,0,0
2020-08-26,Crater,"Native American",5,0,0
2020-08-26,"Rappahannock Rapidan","Native American",1,0,0
2020-08-26,"Lord Fairfax","Native American",2,1,1
2020-08-26,"Pittsylvania-Danville and Southside","Native American",0,0,0
2020-08-27,"Rappahannock Rapidan","Not Reported",603,10,2
2020-08-27,Portsmouth,"Other Race",69,7,3
2020-08-27,"Western Tidewater","Two or more races",25,0,0
2020-08-27,Piedmont,White,445,49,20
2020-08-27,Chesterfield,Latino,1267,83,4
2020-08-27,Lenowisco,White,539,52,8
2020-08-27,Lenowisco,"Two or more races",2,0,0
2020-08-27,Hampton,"Not Reported",535,2,2
2020-08-27,Southside,"Not Reported",455,9,4
2020-08-27,Roanoke,Black,133,13,3
2020-08-27,Hampton,Black,625,37,12
2020-08-27,Alleghany,"Other Race",7,1,0
2020-08-27,Lenowisco,Latino,10,0,0
2020-08-27,Loudoun,"Other Race",147,11,2
2020-08-27,"Central Shenandoah",Latino,939,54,5
2020-08-27,"Rappahannock Rapidan",Latino,758,60,7
2020-08-27,"Eastern Shore",Black,847,97,26
2020-08-27,Norfolk,Latino,297,19,0
2020-08-27,Hampton,"Two or more races",14,0,0
2020-08-27,Richmond,Black,1259,218,27
2020-08-27,Henrico,"Two or more races",32,1,0
2020-08-27,Fairfax,"Two or more races",72,5,0
2020-08-27,Alleghany,"Not Reported",385,2,0
2020-08-27,Portsmouth,"Not Reported",552,4,0
2020-08-27,"Cumberland Plateau","Other Race",2,1,0
2020-08-27,Southside,"Two or more races",23,0,0
2020-08-27,Portsmouth,White,266,19,6
2020-08-27,"Rappahannock Rapidan","Two or more races",26,3,0
2020-08-27,Fairfax,White,3214,465,297
2020-08-27,Fairfax,"Other Race",688,81,19
2020-08-27,Crater,"Two or more races",4,0,0
2020-08-27,"West Piedmont","Not Reported",346,25,3
2020-08-27,Henrico,"Other Race",108,11,0
2020-08-27,"Three Rivers",White,503,43,9
2020-08-27,"Central Virginia",Black,158,21,5
2020-08-27,Lenowisco,"Other Race",7,0,0
2020-08-27,"Three Rivers","Other Race",14,3,0
2020-08-27,"Western Tidewater",White,576,56,44
2020-08-27,"Mount Rogers",Black,49,8,2
2020-08-27,"Three Rivers","Not Reported",191,3,1
2020-08-27,"Thomas Jefferson",Black,448,64,11
2020-08-27,"Eastern Shore",White,235,26,18
2020-08-27,"Central Virginia",White,486,37,11
2020-08-27,Lenowisco,Black,5,1,1
2020-08-27,"Central Virginia","Two or more races",0,0,0
2020-08-27,Richmond,"Two or more races",14,0,0
2020-08-27,Crater,"Not Reported",596,8,4
2020-08-27,Chesterfield,"Two or more races",18,2,0
2020-08-27,"New River",Latino,84,5,0
2020-08-27,Richmond,Latino,1238,101,7
2020-08-27,Portsmouth,Latino,57,12,1
2020-08-27,Pittsylvania-Danville,"Not Reported",509,8,0
2020-08-27,Chesapeake,"Not Reported",910,7,0
2020-08-27,Chickahominy,Latino,79,4,0
2020-08-27,Crater,Black,1546,173,48
2020-08-27,Chesterfield,Black,849,99,25
2020-08-27,Chesterfield,"Other Race",197,8,0
2020-08-27,Peninsula,Black,898,66,17
2020-08-27,Roanoke,White,214,13,12
2020-08-27,"New River",Black,58,3,0
2020-08-27,Southside,Latino,5,0,0
2020-08-27,Peninsula,Latino,293,19,0
2020-08-27,Rappahannock,"Two or more races",25,2,0
2020-08-27,"Virginia Beach",Black,1519,104,16
2020-08-27,"Mount Rogers","Not Reported",96,2,2
2020-08-27,Loudoun,"Not Reported",1898,4,0
2020-08-27,Chesapeake,"Other Race",63,3,1
2020-08-27,Chickahominy,"Two or more races",3,1,0
2020-08-27,Crater,"Other Race",32,0,0
2020-08-27,Norfolk,"Two or more races",40,1,0
2020-08-27,"Eastern Shore","Two or more races",1,1,0
2020-08-27,"Central Shenandoah",White,1695,161,51
2020-08-27,"New River","Other Race",4,0,0
2020-08-27,"New River",White,644,27,8
2020-08-27,"Central Shenandoah","Other Race",49,2,0
2020-08-27,"West Piedmont",Black,376,69,8
2020-08-27,Alleghany,Latino,140,11,0
2020-08-27,"Central Shenandoah","Not Reported",270,3,1
2020-08-27,Roanoke,"Two or more races",2,1,0
2020-08-27,Peninsula,"Two or more races",41,3,0
2020-08-27,Richmond,"Not Reported",627,2,1
2020-08-27,Arlington,"Other Race",81,9,4
2020-08-27,Norfolk,"Not Reported",977,2,0
2020-08-27,Alexandria,"Other Race",64,7,2
2020-08-27,"Virginia Beach",White,1958,154,40
2020-08-27,Chesapeake,"Two or more races",35,2,1
2020-08-27,Alleghany,White,525,40,18
2020-08-27,"Rappahannock Rapidan","Other Race",31,2,0
2020-08-27,Chickahominy,"Not Reported",294,1,1
2020-08-27,Portsmouth,Black,1193,119,23
2020-08-27,Chickahominy,"Other Race",13,2,0
2020-08-27,"Virginia Beach",Latino,350,22,3
2020-08-27,Chesapeake,White,982,100,22
2020-08-27,Southside,Black,279,34,14
2020-08-27,Rappahannock,Latino,1207,103,8
2020-08-27,"Three Rivers","Two or more races",4,0,0
2020-08-27,Henrico,Black,1437,184,82
2020-08-27,Pittsylvania-Danville,Black,409,47,8
2020-08-27,"Lord Fairfax","Two or more races",11,0,0
2020-08-27,"Prince William",Latino,5477,596,66
2020-08-27,"Mount Rogers","Other Race",7,2,2
2020-08-27,"Central Shenandoah",Black,151,10,4
2020-08-27,Peninsula,White,779,81,28
2020-08-27,"Eastern Shore","Not Reported",84,0,0
2020-08-27,"Thomas Jefferson","Other Race",133,3,2
2020-08-27,Hampton,"Other Race",49,2,0
2020-08-27,"Lord Fairfax","Not Reported",333,3,6
2020-08-27,"Central Virginia","Other Race",12,0,0
2020-08-27,"Western Tidewater","Other Race",60,1,2
2020-08-27,Crater,Latino,177,9,4
2020-08-27,Chesapeake,Latino,244,20,1
2020-08-27,Chesterfield,White,1036,99,65
2020-08-27,"Western Tidewater","Not Reported",820,7,2
2020-08-27,Fairfax,"Not Reported",2308,57,31
2020-08-27,Arlington,Black,353,77,33
2020-08-27,"Central Virginia",Latino,28,3,1
2020-08-27,Alexandria,"Not Reported",217,7,1
2020-08-27,"Three Rivers",Black,382,36,8
2020-08-27,"Prince William","Two or more races",35,1,0
2020-08-27,Loudoun,"Two or more races",42,2,0
2020-08-27,Peninsula,"Other Race",133,4,1
2020-08-27,"Thomas Jefferson",White,873,69,32
2020-08-27,Norfolk,"Other Race",84,3,1
2020-08-27,"Prince William","Not Reported",3921,27,0
2020-08-27,"West Piedmont",White,587,84,17
2020-08-27,Rappahannock,Black,697,81,13
2020-08-27,Norfolk,Black,2144,200,31
2020-08-27,Roanoke,Latino,334,16,0
2020-08-27,Piedmont,Latino,70,8,1
2020-08-27,Roanoke,"Not Reported",462,1,0
2020-08-27,"Virginia Beach","Other Race",110,2,0
2020-08-27,Arlington,"Two or more races",32,2,0
2020-08-27,Alexandria,White,645,56,33
2020-08-27,"Lord Fairfax","Other Race",66,6,1
2020-08-27,"Thomas Jefferson","Not Reported",201,1,0
2020-08-27,"Virginia Beach","Not Reported",1658,9,3
2020-08-27,Loudoun,Black,265,28,5
2020-08-27,Pittsylvania-Danville,Latino,65,3,0
2020-08-27,"Cumberland Plateau","Not Reported",13,0,0
2020-08-27,Chesterfield,"Not Reported",1924,3,10
2020-08-27,"Mount Rogers",White,1415,150,63
2020-08-27,Richmond,White,505,34,6
2020-08-27,Lenowisco,"Not Reported",102,4,2
2020-08-27,"Three Rivers",Latino,147,5,1
2020-08-27,Piedmont,"Not Reported",670,11,3
2020-08-27,"Mount Rogers",Latino,270,6,0
2020-08-27,"Central Shenandoah","Two or more races",13,1,0
2020-08-27,Crater,White,621,52,15
2020-08-27,Arlington,White,1013,122,66
2020-08-27,Pittsylvania-Danville,"Other Race",0,0,0
2020-08-27,Chickahominy,Black,210,41,11
2020-08-27,Fairfax,Black,1410,226,58
2020-08-27,"Eastern Shore",Latino,258,12,3
2020-08-27,Norfolk,White,689,46,16
2020-08-27,"Mount Rogers","Two or more races",4,0,0
2020-08-27,Alleghany,"Two or more races",4,0,0
2020-08-27,Southside,White,202,26,18
2020-08-27,"Thomas Jefferson","Two or more races",28,0,0
2020-08-27,"Prince William",Black,1225,169,47
2020-08-27,"Lord Fairfax",White,1550,171,71
2020-08-27,"Cumberland Plateau",Latino,5,0,0
2020-08-27,Arlington,"Not Reported",295,2,0
2020-08-27,Rappahannock,"Other Race",88,4,0
2020-08-27,"Rappahannock Rapidan",Black,190,27,6
2020-08-27,"New River","Two or more races",5,0,0
2020-08-27,Arlington,Latino,1520,220,23
2020-08-27,Henrico,White,1115,109,93
2020-08-27,Loudoun,White,1335,110,85
2020-08-27,Hampton,White,216,9,1
2020-08-27,Alleghany,Black,58,4,1
2020-08-27,"Prince William",White,1468,165,84
2020-08-27,Rappahannock,White,1095,114,39
2020-08-27,Southside,"Other Race",12,0,1
2020-08-27,Portsmouth,"Two or more races",8,2,1
2020-08-27,"Western Tidewater",Black,1189,94,40
2020-08-27,Hampton,Latino,53,4,0
2020-08-27,Henrico,"Not Reported",794,3,4
2020-08-27,"West Piedmont","Two or more races",0,0,0
2020-08-27,Peninsula,"Not Reported",1380,2,0
2020-08-27,Loudoun,Latino,1812,171,14
2020-08-27,Alexandria,Black,650,88,14
2020-08-27,Piedmont,Black,449,57,14
2020-08-27,Roanoke,"Other Race",12,0,0
2020-08-27,Alexandria,"Two or more races",19,1,0
2020-08-27,"Western Tidewater",Latino,24,1,1
2020-08-27,Rappahannock,"Not Reported",1141,26,0
2020-08-27,"West Piedmont","Other Race",5,1,1
2020-08-27,Chickahominy,White,570,88,35
2020-08-27,"Thomas Jefferson",Latino,614,27,2
2020-08-27,"Cumberland Plateau",Black,41,0,0
2020-08-27,"Lord Fairfax",Latino,676,43,8
2020-08-27,"West Piedmont",Latino,206,9,2
2020-08-27,"Cumberland Plateau",White,447,44,7
2020-08-27,"Eastern Shore","Other Race",13,1,0
2020-08-27,"Cumberland Plateau","Two or more races",5,0,0
2020-08-27,Pittsylvania-Danville,"Two or more races",1,0,0
2020-08-27,Piedmont,"Other Race",9,0,0
2020-08-27,Alexandria,Latino,1622,128,10
2020-08-27,Chesapeake,Black,1358,169,18
2020-08-27,Richmond,"Other Race",99,7,3
2020-08-27,Henrico,Latino,805,56,9
2020-08-27,Piedmont,"Two or more races",4,2,0
2020-08-27,"Prince William","Other Race",357,15,0
2020-08-27,"New River","Not Reported",156,2,0
2020-08-27,"Rappahannock Rapidan",White,608,45,14
2020-08-27,"Central Virginia","Not Reported",1462,11,1
2020-08-27,"Virginia Beach","Two or more races",50,3,1
2020-08-27,Pittsylvania-Danville,White,283,36,8
2020-08-27,"Lord Fairfax",Black,127,13,6
2020-08-27,Fairfax,Latino,8929,970,86
2020-08-27,Chesterfield,"Asian or Pacific Islander",51,2,0
2020-08-27,Crater,"Asian or Pacific Islander",16,0,0
2020-08-27,Fairfax,"Asian or Pacific Islander",1480,249,71
2020-08-27,Hampton,"Asian or Pacific Islander",11,0,0
2020-08-27,"Rappahannock Rapidan","Asian or Pacific Islander",8,1,0
2020-08-27,"Mount Rogers","Asian or Pacific Islander",3,1,0
2020-08-27,"New River","Asian or Pacific Islander",12,0,0
2020-08-27,"Central Virginia","Asian or Pacific Islander",8,0,0
2020-08-27,"Lord Fairfax","Asian or Pacific Islander",13,0,0
2020-08-27,Southside,"Asian or Pacific Islander",1,0,0
2020-08-27,Alleghany,"Asian or Pacific Islander",15,0,0
2020-08-27,Portsmouth,"Asian or Pacific Islander",13,2,0
2020-08-27,Roanoke,"Asian or Pacific Islander",11,0,0
2020-08-27,Richmond,"Asian or Pacific Islander",25,3,1
2020-08-27,"Thomas Jefferson","Asian or Pacific Islander",37,0,1
2020-08-27,"Virginia Beach","Asian or Pacific Islander",224,20,2
2020-08-27,Henrico,"Asian or Pacific Islander",167,10,3
2020-08-27,Piedmont,"Asian or Pacific Islander",8,0,0
2020-08-27,"Western Tidewater","Asian or Pacific Islander",14,2,0
2020-08-27,"West Piedmont","Asian or Pacific Islander",11,1,1
2020-08-27,Chickahominy,"Asian or Pacific Islander",13,1,0
2020-08-27,Peninsula,"Asian or Pacific Islander",38,4,3
2020-08-27,Norfolk,"Asian or Pacific Islander",57,4,0
2020-08-27,Arlington,"Asian or Pacific Islander",159,22,12
2020-08-27,Loudoun,"Asian or Pacific Islander",322,47,11
2020-08-27,Alexandria,"Asian or Pacific Islander",113,10,1
2020-08-27,Rappahannock,"Asian or Pacific Islander",63,9,1
2020-08-27,Chesapeake,"Asian or Pacific Islander",57,8,4
2020-08-27,"Cumberland Plateau and Lenowisco","Asian or Pacific Islander",1,0,0
2020-08-27,"Central Shenandoah","Asian or Pacific Islander",25,2,0
2020-08-27,"Prince William","Asian or Pacific Islander",412,50,15
2020-08-27,Pittsylvania-Danville,"Asian or Pacific Islander",3,0,0
2020-08-27,"Eastern Shore and Three Rivers","Asian or Pacific Islander",12,1,0
2020-08-27,Piedmont,"Native American",1,0,0
2020-08-27,"New River","Native American",0,0,0
2020-08-27,"Central Shenandoah","Native American",3,1,0
2020-08-27,"Eastern Shore and Three Rivers","Native American",1,0,0
2020-08-27,Fairfax,"Native American",33,1,1
2020-08-27,Chesapeake,"Native American",11,0,0
2020-08-27,"Western Tidewater","Native American",2,0,0
2020-08-27,Portsmouth,"Native American",3,2,0
2020-08-27,Richmond,"Native American",0,0,0
2020-08-27,Chickahominy,"Native American",5,1,0
2020-08-27,"Thomas Jefferson","Native American",2,0,0
2020-08-27,Arlington,"Native American",4,0,0
2020-08-27,"Virginia Beach","Native American",7,0,0
2020-08-27,Peninsula,"Native American",6,2,1
2020-08-27,Hampton,"Native American",2,0,0
2020-08-27,"West Piedmont","Native American",3,0,0
2020-08-27,"Cumberland Plateau, Lenowisco, and Mount Rogers","Native American",1,0,0
2020-08-27,Henrico,"Native American",9,0,0
2020-08-27,Norfolk,"Native American",9,1,1
2020-08-27,"Prince William","Native American",15,1,1
2020-08-27,"Central Virginia","Native American",1,0,0
2020-08-27,Chesterfield,"Native American",5,0,0
2020-08-27,Rappahannock,"Native American",4,0,0
2020-08-27,Loudoun,"Native American",4,0,0
2020-08-27,Alexandria,"Native American",3,0,0
2020-08-27,"Alleghany and Roanoke","Native American",1,0,0
2020-08-27,Crater,"Native American",5,0,0
2020-08-27,"Rappahannock Rapidan","Native American",1,0,0
2020-08-27,"Lord Fairfax","Native American",2,1,1
2020-08-27,"Pittsylvania-Danville and Southside","Native American",0,0,0
2020-08-28,"Rappahannock Rapidan","Not Reported",601,10,2
2020-08-28,Portsmouth,"Other Race",69,7,3
2020-08-28,"Western Tidewater","Two or more races",25,0,0
2020-08-28,Piedmont,White,444,49,20
2020-08-28,Chesterfield,Latino,1285,84,6
2020-08-28,Lenowisco,White,546,52,9
2020-08-28,Lenowisco,"Two or more races",2,0,0
2020-08-28,Hampton,"Not Reported",540,2,2
2020-08-28,Southside,"Not Reported",457,9,4
2020-08-28,Roanoke,Black,137,13,3
2020-08-28,Hampton,Black,631,37,13
2020-08-28,Alleghany,"Other Race",7,1,0
2020-08-28,Lenowisco,Latino,10,0,0
2020-08-28,Loudoun,"Other Race",155,12,2
2020-08-28,"Central Shenandoah",Latino,939,54,5
2020-08-28,"Rappahannock Rapidan",Latino,760,60,7
2020-08-28,"Eastern Shore",Black,849,97,27
2020-08-28,Norfolk,Latino,296,20,0
2020-08-28,Hampton,"Two or more races",14,0,0
2020-08-28,Richmond,Black,1271,222,28
2020-08-28,Henrico,"Two or more races",33,1,0
2020-08-28,Fairfax,"Two or more races",72,5,0
2020-08-28,Alleghany,"Not Reported",396,2,0
2020-08-28,Portsmouth,"Not Reported",559,4,0
2020-08-28,"Cumberland Plateau","Other Race",2,1,0
2020-08-28,Southside,"Two or more races",23,0,0
2020-08-28,Portsmouth,White,272,20,6
2020-08-28,"Rappahannock Rapidan","Two or more races",26,3,0
2020-08-28,Fairfax,White,3258,468,297
2020-08-28,Fairfax,"Other Race",700,81,18
2020-08-28,Crater,"Two or more races",4,0,0
2020-08-28,"West Piedmont","Not Reported",347,27,3
2020-08-28,Henrico,"Other Race",112,11,0
2020-08-28,"Three Rivers",White,504,43,9
2020-08-28,"Central Virginia",Black,162,21,5
2020-08-28,Lenowisco,"Other Race",7,0,0
2020-08-28,"Three Rivers","Other Race",13,3,0
2020-08-28,"Western Tidewater",White,584,56,44
2020-08-28,"Mount Rogers",Black,49,8,2
2020-08-28,"Three Rivers","Not Reported",194,3,1
2020-08-28,"Thomas Jefferson",Black,455,65,11
2020-08-28,"Eastern Shore",White,235,26,18
2020-08-28,"Central Virginia",White,511,37,11
2020-08-28,Lenowisco,Black,5,1,1
2020-08-28,"Central Virginia","Two or more races",1,0,0
2020-08-28,Richmond,"Two or more races",14,0,0
2020-08-28,Crater,"Not Reported",598,8,4
2020-08-28,Chesterfield,"Two or more races",20,2,0
2020-08-28,"New River",Latino,87,5,0
2020-08-28,Richmond,Latino,1249,102,7
2020-08-28,Portsmouth,Latino,57,12,1
2020-08-28,Pittsylvania-Danville,"Not Reported",524,8,0
2020-08-28,Chesapeake,"Not Reported",900,8,0
2020-08-28,Chickahominy,Latino,80,4,0
2020-08-28,Crater,Black,1564,174,49
2020-08-28,Chesterfield,Black,854,99,25
2020-08-28,Chesterfield,"Other Race",201,9,0
2020-08-28,Peninsula,Black,906,66,17
2020-08-28,Roanoke,White,217,13,12
2020-08-28,"New River",Black,61,3,0
2020-08-28,Southside,Latino,5,0,0
2020-08-28,Peninsula,Latino,293,19,0
2020-08-28,Rappahannock,"Two or more races",27,2,0
2020-08-28,"Virginia Beach",Black,1526,108,16
2020-08-28,"Mount Rogers","Not Reported",97,2,2
2020-08-28,Loudoun,"Not Reported",1913,4,0
2020-08-28,Chesapeake,"Other Race",64,4,1
2020-08-28,Chickahominy,"Two or more races",3,1,0
2020-08-28,Crater,"Other Race",32,0,0
2020-08-28,Norfolk,"Two or more races",40,1,0
2020-08-28,"Eastern Shore","Two or more races",1,1,0
2020-08-28,"Central Shenandoah",White,1711,161,51
2020-08-28,"New River","Other Race",4,0,0
2020-08-28,"New River",White,677,27,8
2020-08-28,"Central Shenandoah","Other Race",50,2,0
2020-08-28,"West Piedmont",Black,380,71,10
2020-08-28,Alleghany,Latino,140,11,0
2020-08-28,"Central Shenandoah","Not Reported",286,3,1
2020-08-28,Roanoke,"Two or more races",2,1,0
2020-08-28,Peninsula,"Two or more races",42,3,0
2020-08-28,Richmond,"Not Reported",622,3,1
2020-08-28,Arlington,"Other Race",83,10,4
2020-08-28,Norfolk,"Not Reported",978,2,0
2020-08-28,Alexandria,"Other Race",67,7,2
2020-08-28,"Virginia Beach",White,1971,155,40
2020-08-28,Chesapeake,"Two or more races",36,2,1
2020-08-28,Alleghany,White,540,40,18
2020-08-28,"Rappahannock Rapidan","Other Race",32,2,0
2020-08-28,Chickahominy,"Not Reported",293,1,1
2020-08-28,Portsmouth,Black,1205,123,23
2020-08-28,Chickahominy,"Other Race",13,2,0
2020-08-28,"Virginia Beach",Latino,350,22,3
2020-08-28,Chesapeake,White,1004,101,22
2020-08-28,Southside,Black,284,34,14
2020-08-28,Rappahannock,Latino,1213,103,8
2020-08-28,"Three Rivers","Two or more races",4,0,0
2020-08-28,Henrico,Black,1444,185,83
2020-08-28,Pittsylvania-Danville,Black,416,47,8
2020-08-28,"Lord Fairfax","Two or more races",11,0,0
2020-08-28,"Prince William",Latino,5499,597,66
2020-08-28,"Mount Rogers","Other Race",7,2,2
2020-08-28,"Central Shenandoah",Black,152,10,4
2020-08-28,Peninsula,White,782,81,28
2020-08-28,"Eastern Shore","Not Reported",84,0,0
2020-08-28,"Thomas Jefferson","Other Race",135,3,2
2020-08-28,Hampton,"Other Race",49,2,0
2020-08-28,"Lord Fairfax","Not Reported",330,2,6
2020-08-28,"Central Virginia","Other Race",13,0,0
2020-08-28,"Western Tidewater","Other Race",60,1,2
2020-08-28,Crater,Latino,177,9,4
2020-08-28,Chesapeake,Latino,247,20,1
2020-08-28,Chesterfield,White,1053,99,66
2020-08-28,"Western Tidewater","Not Reported",835,7,2
2020-08-28,Fairfax,"Not Reported",2282,56,31
2020-08-28,Arlington,Black,358,77,33
2020-08-28,"Central Virginia",Latino,28,3,1
2020-08-28,Alexandria,"Not Reported",215,7,1
2020-08-28,"Three Rivers",Black,384,38,9
2020-08-28,"Prince William","Two or more races",37,1,0
2020-08-28,Loudoun,"Two or more races",43,2,0
2020-08-28,Peninsula,"Other Race",136,4,1
2020-08-28,"Thomas Jefferson",White,892,70,33
2020-08-28,Norfolk,"Other Race",82,3,1
2020-08-28,"Prince William","Not Reported",3939,27,0
2020-08-28,"West Piedmont",White,597,86,17
2020-08-28,Rappahannock,Black,699,82,13
2020-08-28,Norfolk,Black,2160,203,34
2020-08-28,Roanoke,Latino,333,16,0
2020-08-28,Piedmont,Latino,70,8,1
2020-08-28,Roanoke,"Not Reported",466,1,0
2020-08-28,"Virginia Beach","Other Race",102,2,0
2020-08-28,Arlington,"Two or more races",32,2,0
2020-08-28,Alexandria,White,649,56,33
2020-08-28,"Lord Fairfax","Other Race",66,6,1
2020-08-28,"Thomas Jefferson","Not Reported",206,1,0
2020-08-28,"Virginia Beach","Not Reported",1673,9,3
2020-08-28,Loudoun,Black,266,28,5
2020-08-28,Pittsylvania-Danville,Latino,65,3,0
2020-08-28,"Cumberland Plateau","Not Reported",13,0,0
2020-08-28,Chesterfield,"Not Reported",1909,3,10
2020-08-28,"Mount Rogers",White,1440,153,64
2020-08-28,Richmond,White,511,34,7
2020-08-28,Lenowisco,"Not Reported",103,4,2
2020-08-28,"Three Rivers",Latino,147,5,1
2020-08-28,Piedmont,"Not Reported",682,11,3
2020-08-28,"Mount Rogers",Latino,270,6,0
2020-08-28,"Central Shenandoah","Two or more races",13,1,0
2020-08-28,Crater,White,627,53,15
2020-08-28,Arlington,White,1020,122,65
2020-08-28,Pittsylvania-Danville,"Other Race",0,0,0
2020-08-28,Chickahominy,Black,213,41,11
2020-08-28,Fairfax,Black,1428,228,59
2020-08-28,"Eastern Shore",Latino,258,12,3
2020-08-28,Norfolk,White,706,47,16
2020-08-28,"Mount Rogers","Two or more races",4,0,0
2020-08-28,Alleghany,"Two or more races",4,0,0
2020-08-28,Southside,White,202,26,18
2020-08-28,"Thomas Jefferson","Two or more races",29,0,0
2020-08-28,"Prince William",Black,1237,169,47
2020-08-28,"Lord Fairfax",White,1554,171,71
2020-08-28,"Cumberland Plateau",Latino,5,0,0
2020-08-28,Arlington,"Not Reported",297,2,0
2020-08-28,Rappahannock,"Other Race",91,4,0
2020-08-28,"Rappahannock Rapidan",Black,191,27,6
2020-08-28,"New River","Two or more races",5,0,0
2020-08-28,Arlington,Latino,1537,223,23
2020-08-28,Henrico,White,1129,110,93
2020-08-28,Loudoun,White,1347,110,86
2020-08-28,Hampton,White,219,9,1
2020-08-28,Alleghany,Black,59,4,1
2020-08-28,"Prince William",White,1479,166,84
2020-08-28,Rappahannock,White,1117,116,39
2020-08-28,Southside,"Other Race",12,0,1
2020-08-28,Portsmouth,"Two or more races",8,2,1
2020-08-28,"Western Tidewater",Black,1198,94,40
2020-08-28,Hampton,Latino,53,4,0
2020-08-28,Henrico,"Not Reported",806,3,4
2020-08-28,"West Piedmont","Two or more races",1,0,0
2020-08-28,Peninsula,"Not Reported",1394,2,0
2020-08-28,Loudoun,Latino,1823,171,14
2020-08-28,Alexandria,Black,656,88,15
2020-08-28,Piedmont,Black,452,57,14
2020-08-28,Roanoke,"Other Race",12,0,0
2020-08-28,Alexandria,"Two or more races",19,1,0
2020-08-28,"Western Tidewater",Latino,25,1,1
2020-08-28,Rappahannock,"Not Reported",1143,26,0
2020-08-28,"West Piedmont","Other Race",5,1,1
2020-08-28,Chickahominy,White,575,88,35
2020-08-28,"Thomas Jefferson",Latino,616,27,2
2020-08-28,"Cumberland Plateau",Black,41,0,0
2020-08-28,"Lord Fairfax",Latino,677,43,8
2020-08-28,"West Piedmont",Latino,206,8,1
2020-08-28,"Cumberland Plateau",White,456,44,7
2020-08-28,"Eastern Shore","Other Race",13,1,0
2020-08-28,"Cumberland Plateau","Two or more races",5,0,0
2020-08-28,Pittsylvania-Danville,"Two or more races",1,0,0
2020-08-28,Piedmont,"Other Race",9,0,0
2020-08-28,Alexandria,Latino,1630,128,12
2020-08-28,Chesapeake,Black,1366,170,18
2020-08-28,Richmond,"Other Race",102,8,3
2020-08-28,Henrico,Latino,808,56,9
2020-08-28,Piedmont,"Two or more races",4,2,0
2020-08-28,"Prince William","Other Race",367,15,0
2020-08-28,"New River","Not Reported",164,2,0
2020-08-28,"Rappahannock Rapidan",White,624,45,14
2020-08-28,"Central Virginia","Not Reported",1479,12,1
2020-08-28,"Virginia Beach","Two or more races",51,3,1
2020-08-28,Pittsylvania-Danville,White,287,36,8
2020-08-28,"Lord Fairfax",Black,126,14,6
2020-08-28,Fairfax,Latino,8994,977,87
2020-08-28,Chesterfield,"Asian or Pacific Islander",51,2,1
2020-08-28,Crater,"Asian or Pacific Islander",16,0,0
2020-08-28,Fairfax,"Asian or Pacific Islander",1493,251,71
2020-08-28,Hampton,"Asian or Pacific Islander",11,0,0
2020-08-28,"Rappahannock Rapidan","Asian or Pacific Islander",8,1,0
2020-08-28,"Mount Rogers","Asian or Pacific Islander",3,1,0
2020-08-28,"New River","Asian or Pacific Islander",14,0,0
2020-08-28,"Central Virginia","Asian or Pacific Islander",11,1,0
2020-08-28,"Lord Fairfax","Asian or Pacific Islander",13,0,0
2020-08-28,Southside,"Asian or Pacific Islander",1,0,0
2020-08-28,Alleghany,"Asian or Pacific Islander",15,0,0
2020-08-28,Portsmouth,"Asian or Pacific Islander",13,2,0
2020-08-28,Roanoke,"Asian or Pacific Islander",11,0,0
2020-08-28,Richmond,"Asian or Pacific Islander",26,3,1
2020-08-28,"Thomas Jefferson","Asian or Pacific Islander",37,0,1
2020-08-28,"Virginia Beach","Asian or Pacific Islander",226,20,2
2020-08-28,Henrico,"Asian or Pacific Islander",170,10,4
2020-08-28,Piedmont,"Asian or Pacific Islander",8,0,0
2020-08-28,"Western Tidewater","Asian or Pacific Islander",14,2,0
2020-08-28,"West Piedmont","Asian or Pacific Islander",11,1,1
2020-08-28,Chickahominy,"Asian or Pacific Islander",13,1,0
2020-08-28,Peninsula,"Asian or Pacific Islander",38,4,3
2020-08-28,Norfolk,"Asian or Pacific Islander",57,4,0
2020-08-28,Arlington,"Asian or Pacific Islander",160,22,12
2020-08-28,Loudoun,"Asian or Pacific Islander",327,47,11
2020-08-28,Alexandria,"Asian or Pacific Islander",113,10,1
2020-08-28,Rappahannock,"Asian or Pacific Islander",65,9,1
2020-08-28,Chesapeake,"Asian or Pacific Islander",57,8,4
2020-08-28,"Cumberland Plateau and Lenowisco","Asian or Pacific Islander",1,0,0
2020-08-28,"Central Shenandoah","Asian or Pacific Islander",26,2,0
2020-08-28,"Prince William","Asian or Pacific Islander",415,50,15
2020-08-28,Pittsylvania-Danville,"Asian or Pacific Islander",3,0,0
2020-08-28,"Eastern Shore and Three Rivers","Asian or Pacific Islander",12,1,0
2020-08-28,Piedmont,"Native American",1,0,0
2020-08-28,"New River","Native American",0,0,0
2020-08-28,"Central Shenandoah","Native American",3,1,0
2020-08-28,"Eastern Shore and Three Rivers","Native American",1,0,0
2020-08-28,Fairfax,"Native American",33,1,1
2020-08-28,Chesapeake,"Native American",11,0,0
2020-08-28,"Western Tidewater","Native American",2,0,0
2020-08-28,Portsmouth,"Native American",3,2,0
2020-08-28,Richmond,"Native American",0,0,0
2020-08-28,Chickahominy,"Native American",5,1,0
2020-08-28,"Thomas Jefferson","Native American",2,0,0
2020-08-28,Arlington,"Native American",5,0,0
2020-08-28,"Virginia Beach","Native American",7,0,0
2020-08-28,Peninsula,"Native American",6,2,1
2020-08-28,Hampton,"Native American",2,0,0
2020-08-28,"West Piedmont","Native American",3,0,0
2020-08-28,"Cumberland Plateau, Lenowisco, and Mount Rogers","Native American",1,0,0
2020-08-28,Henrico,"Native American",8,0,0
2020-08-28,Norfolk,"Native American",9,1,1
2020-08-28,"Prince William","Native American",15,1,1
2020-08-28,"Central Virginia","Native American",1,0,0
2020-08-28,Chesterfield,"Native American",5,0,0
2020-08-28,Rappahannock,"Native American",4,0,0
2020-08-28,Loudoun,"Native American",4,0,0
2020-08-28,Alexandria,"Native American",3,0,0
2020-08-28,"Alleghany and Roanoke","Native American",1,0,0
2020-08-28,Crater,"Native American",5,0,0
2020-08-28,"Rappahannock Rapidan","Native American",1,0,0
2020-08-28,"Lord Fairfax","Native American",2,1,1
2020-08-28,"Pittsylvania-Danville and Southside","Native American",0,0,0
2020-08-29,"Rappahannock Rapidan","Not Reported",610,10,2
2020-08-29,Portsmouth,"Other Race",69,7,3
2020-08-29,"Western Tidewater","Two or more races",24,0,0
2020-08-29,Piedmont,White,444,49,20
2020-08-29,Chesterfield,Latino,1293,84,6
2020-08-29,Lenowisco,White,555,53,9
2020-08-29,Lenowisco,"Two or more races",2,0,0
2020-08-29,Hampton,"Not Reported",544,2,2
2020-08-29,Southside,"Not Reported",461,9,4
2020-08-29,Roanoke,Black,137,13,3
2020-08-29,Hampton,Black,636,37,13
2020-08-29,Alleghany,"Other Race",7,1,0
2020-08-29,Lenowisco,Latino,10,0,0
2020-08-29,Loudoun,"Other Race",155,12,2
2020-08-29,"Central Shenandoah",Latino,943,54,5
2020-08-29,"Rappahannock Rapidan",Latino,760,60,7
2020-08-29,"Eastern Shore",Black,850,97,27
2020-08-29,Norfolk,Latino,297,20,0
2020-08-29,Hampton,"Two or more races",14,0,0
2020-08-29,Richmond,Black,1282,223,28
2020-08-29,Henrico,"Two or more races",34,1,0
2020-08-29,Fairfax,"Two or more races",73,5,0
2020-08-29,Alleghany,"Not Reported",378,2,0
2020-08-29,Portsmouth,"Not Reported",559,4,0
2020-08-29,"Cumberland Plateau","Other Race",2,1,0
2020-08-29,Southside,"Two or more races",23,0,0
2020-08-29,Portsmouth,White,275,20,6
2020-08-29,"Rappahannock Rapidan","Two or more races",26,3,0
2020-08-29,Fairfax,White,3301,473,298
2020-08-29,Fairfax,"Other Race",711,81,18
2020-08-29,Crater,"Two or more races",5,0,0
2020-08-29,"West Piedmont","Not Reported",356,27,3
2020-08-29,Henrico,"Other Race",119,11,0
2020-08-29,"Three Rivers",White,509,43,9
2020-08-29,"Central Virginia",Black,168,22,5
2020-08-29,Lenowisco,"Other Race",7,0,0
2020-08-29,"Three Rivers","Other Race",13,3,0
2020-08-29,"Western Tidewater",White,592,56,44
2020-08-29,"Mount Rogers",Black,51,8,2
2020-08-29,"Three Rivers","Not Reported",199,3,1
2020-08-29,"Thomas Jefferson",Black,457,65,11
2020-08-29,"Eastern Shore",White,235,26,18
2020-08-29,"Central Virginia",White,527,37,11
2020-08-29,Lenowisco,Black,5,1,1
2020-08-29,"Central Virginia","Two or more races",1,0,0
2020-08-29,Richmond,"Two or more races",16,0,0
2020-08-29,Crater,"Not Reported",607,9,5
2020-08-29,Chesterfield,"Two or more races",20,2,0
2020-08-29,"New River",Latino,94,5,0
2020-08-29,Richmond,Latino,1252,102,7
2020-08-29,Portsmouth,Latino,57,12,1
2020-08-29,Pittsylvania-Danville,"Not Reported",533,9,0
2020-08-29,Chesapeake,"Not Reported",910,8,0
2020-08-29,Chickahominy,Latino,80,4,0
2020-08-29,Crater,Black,1612,178,49
2020-08-29,Chesterfield,Black,864,101,25
2020-08-29,Chesterfield,"Other Race",199,9,0
2020-08-29,Peninsula,Black,941,66,18
2020-08-29,Roanoke,White,224,13,12
2020-08-29,"New River",Black,63,3,0
2020-08-29,Southside,Latino,5,0,0
2020-08-29,Peninsula,Latino,296,19,1
2020-08-29,Rappahannock,"Two or more races",28,2,0
2020-08-29,"Virginia Beach",Black,1533,109,16
2020-08-29,"Mount Rogers","Not Reported",98,2,2
2020-08-29,Loudoun,"Not Reported",1873,4,0
2020-08-29,Chesapeake,"Other Race",63,4,1
2020-08-29,Chickahominy,"Two or more races",3,1,0
2020-08-29,Crater,"Other Race",33,0,0
2020-08-29,Norfolk,"Two or more races",41,1,0
2020-08-29,"Eastern Shore","Two or more races",1,1,0
2020-08-29,"Central Shenandoah",White,1743,161,51
2020-08-29,"New River","Other Race",4,0,0
2020-08-29,"New River",White,734,27,9
2020-08-29,"Central Shenandoah","Other Race",50,2,0
2020-08-29,"West Piedmont",Black,383,71,11
2020-08-29,Alleghany,Latino,141,11,0
2020-08-29,"Central Shenandoah","Not Reported",306,3,1
2020-08-29,Roanoke,"Two or more races",2,1,0
2020-08-29,Peninsula,"Two or more races",42,3,0
2020-08-29,Richmond,"Not Reported",632,3,1
2020-08-29,Arlington,"Other Race",84,10,4
2020-08-29,Norfolk,"Not Reported",979,2,0
2020-08-29,Alexandria,"Other Race",69,7,2
2020-08-29,"Virginia Beach",White,2000,155,42
2020-08-29,Chesapeake,"Two or more races",39,2,1
2020-08-29,Alleghany,White,549,40,18
2020-08-29,"Rappahannock Rapidan","Other Race",32,2,0
2020-08-29,Chickahominy,"Not Reported",298,1,1
2020-08-29,Portsmouth,Black,1214,124,23
2020-08-29,Chickahominy,"Other Race",13,2,0
2020-08-29,"Virginia Beach",Latino,357,22,3
2020-08-29,Chesapeake,White,1019,101,22
2020-08-29,Southside,Black,288,34,14
2020-08-29,Rappahannock,Latino,1215,103,8
2020-08-29,"Three Rivers","Two or more races",4,0,0
2020-08-29,Henrico,Black,1461,185,82
2020-08-29,Pittsylvania-Danville,Black,422,47,8
2020-08-29,"Lord Fairfax","Two or more races",11,0,0
2020-08-29,"Prince William",Latino,5531,600,67
2020-08-29,"Mount Rogers","Other Race",7,2,2
2020-08-29,"Central Shenandoah",Black,152,10,4
2020-08-29,Peninsula,White,802,81,29
2020-08-29,"Eastern Shore","Not Reported",84,0,0
2020-08-29,"Thomas Jefferson","Other Race",139,3,3
2020-08-29,Hampton,"Other Race",50,2,0
2020-08-29,"Lord Fairfax","Not Reported",331,2,6
2020-08-29,"Central Virginia","Other Race",15,0,0
2020-08-29,"Western Tidewater","Other Race",62,1,2
2020-08-29,Crater,Latino,178,9,4
2020-08-29,Chesapeake,Latino,250,20,1
2020-08-29,Chesterfield,White,1071,100,66
2020-08-29,"Western Tidewater","Not Reported",845,7,2
2020-08-29,Fairfax,"Not Reported",2265,55,31
2020-08-29,Arlington,Black,360,77,33
2020-08-29,"Central Virginia",Latino,28,3,1
2020-08-29,Alexandria,"Not Reported",216,7,1
2020-08-29,"Three Rivers",Black,386,38,9
2020-08-29,"Prince William","Two or more races",40,1,0
2020-08-29,Loudoun,"Two or more races",42,2,0
2020-08-29,Peninsula,"Other Race",139,4,1
2020-08-29,"Thomas Jefferson",White,924,70,33
2020-08-29,Norfolk,"Other Race",82,3,1
2020-08-29,"Prince William","Not Reported",3960,28,0
2020-08-29,"West Piedmont",White,615,88,17
2020-08-29,Rappahannock,Black,704,82,13
2020-08-29,Norfolk,Black,2164,204,34
2020-08-29,Roanoke,Latino,334,16,0
2020-08-29,Piedmont,Latino,70,8,1
2020-08-29,Roanoke,"Not Reported",464,1,0
2020-08-29,"Virginia Beach","Other Race",99,2,0
2020-08-29,Arlington,"Two or more races",33,2,0
2020-08-29,Alexandria,White,649,56,33
2020-08-29,"Lord Fairfax","Other Race",67,6,1
2020-08-29,"Thomas Jefferson","Not Reported",212,1,0
2020-08-29,"Virginia Beach","Not Reported",1673,9,3
2020-08-29,Loudoun,Black,270,28,5
2020-08-29,Pittsylvania-Danville,Latino,65,3,0
2020-08-29,"Cumberland Plateau","Not Reported",13,0,0
2020-08-29,Chesterfield,"Not Reported",1914,4,10
2020-08-29,"Mount Rogers",White,1481,155,64
2020-08-29,Richmond,White,519,35,8
2020-08-29,Lenowisco,"Not Reported",106,4,2
2020-08-29,"Three Rivers",Latino,148,5,1
2020-08-29,Piedmont,"Not Reported",698,11,3
2020-08-29,"Mount Rogers",Latino,270,6,0
2020-08-29,"Central Shenandoah","Two or more races",13,1,0
2020-08-29,Crater,White,634,53,15
2020-08-29,Arlington,White,1024,124,65
2020-08-29,Pittsylvania-Danville,"Other Race",0,0,0
2020-08-29,Chickahominy,Black,221,42,12
2020-08-29,Fairfax,Black,1441,230,60
2020-08-29,"Eastern Shore",Latino,260,12,3
2020-08-29,Norfolk,White,705,47,16
2020-08-29,"Mount Rogers","Two or more races",4,0,0
2020-08-29,Alleghany,"Two or more races",4,0,0
2020-08-29,Southside,White,203,26,18
2020-08-29,"Thomas Jefferson","Two or more races",30,0,0
2020-08-29,"Prince William",Black,1249,168,47
2020-08-29,"Lord Fairfax",White,1556,172,71
2020-08-29,"Cumberland Plateau",Latino,5,0,0
2020-08-29,Arlington,"Not Reported",296,2,0
2020-08-29,Rappahannock,"Other Race",90,4,0
2020-08-29,"Rappahannock Rapidan",Black,192,27,6
2020-08-29,"New River","Two or more races",5,0,0
2020-08-29,Arlington,Latino,1548,224,23
2020-08-29,Henrico,White,1143,110,93
2020-08-29,Loudoun,White,1363,112,86
2020-08-29,Hampton,White,219,9,1
2020-08-29,Alleghany,Black,58,4,1
2020-08-29,"Prince William",White,1494,167,84
2020-08-29,Rappahannock,White,1131,119,40
2020-08-29,Southside,"Other Race",12,0,1
2020-08-29,Portsmouth,"Two or more races",8,2,1
2020-08-29,"Western Tidewater",Black,1228,94,41
2020-08-29,Hampton,Latino,53,4,0
2020-08-29,Henrico,"Not Reported",806,4,4
2020-08-29,"West Piedmont","Two or more races",1,0,0
2020-08-29,Peninsula,"Not Reported",1411,2,0
2020-08-29,Loudoun,Latino,1881,173,14
2020-08-29,Alexandria,Black,661,88,15
2020-08-29,Piedmont,Black,453,57,14
2020-08-29,Roanoke,"Other Race",13,0,0
2020-08-29,Alexandria,"Two or more races",19,1,0
2020-08-29,"Western Tidewater",Latino,27,1,1
2020-08-29,Rappahannock,"Not Reported",1161,26,0
2020-08-29,"West Piedmont","Other Race",5,1,1
2020-08-29,Chickahominy,White,583,88,35
2020-08-29,"Thomas Jefferson",Latino,623,27,2
2020-08-29,"Cumberland Plateau",Black,41,0,0
2020-08-29,"Lord Fairfax",Latino,683,43,8
2020-08-29,"West Piedmont",Latino,218,8,1
2020-08-29,"Cumberland Plateau",White,461,44,7
2020-08-29,"Eastern Shore","Other Race",13,1,0
2020-08-29,"Cumberland Plateau","Two or more races",5,0,0
2020-08-29,Pittsylvania-Danville,"Two or more races",1,0,0
2020-08-29,Piedmont,"Other Race",9,0,0
2020-08-29,Alexandria,Latino,1628,128,10
2020-08-29,Chesapeake,Black,1387,173,18
2020-08-29,Richmond,"Other Race",104,6,2
2020-08-29,Henrico,Latino,811,56,9
2020-08-29,Piedmont,"Two or more races",4,2,0
2020-08-29,"Prince William","Other Race",367,15,0
2020-08-29,"New River","Not Reported",188,2,0
2020-08-29,"Rappahannock Rapidan",White,632,45,15
2020-08-29,"Central Virginia","Not Reported",1506,14,1
2020-08-29,"Virginia Beach","Two or more races",51,3,1
2020-08-29,Pittsylvania-Danville,White,294,36,10
2020-08-29,"Lord Fairfax",Black,127,15,6
2020-08-29,Fairfax,Latino,9053,979,90
2020-08-29,Chesterfield,"Asian or Pacific Islander",51,2,1
2020-08-29,Crater,"Asian or Pacific Islander",16,0,0
2020-08-29,Fairfax,"Asian or Pacific Islander",1502,251,71
2020-08-29,Hampton,"Asian or Pacific Islander",11,0,0
2020-08-29,"Rappahannock Rapidan","Asian or Pacific Islander",8,1,0
2020-08-29,"Mount Rogers","Asian or Pacific Islander",3,1,0
2020-08-29,"New River","Asian or Pacific Islander",14,0,0
2020-08-29,"Central Virginia","Asian or Pacific Islander",11,1,0
2020-08-29,"Lord Fairfax","Asian or Pacific Islander",14,0,0
2020-08-29,Southside,"Asian or Pacific Islander",1,0,0
2020-08-29,Alleghany,"Asian or Pacific Islander",15,0,0
2020-08-29,Portsmouth,"Asian or Pacific Islander",13,2,0
2020-08-29,Roanoke,"Asian or Pacific Islander",11,0,0
2020-08-29,Richmond,"Asian or Pacific Islander",26,3,1
2020-08-29,"Thomas Jefferson","Asian or Pacific Islander",37,0,1
2020-08-29,"Virginia Beach","Asian or Pacific Islander",228,20,2
2020-08-29,Henrico,"Asian or Pacific Islander",171,10,4
2020-08-29,Piedmont,"Asian or Pacific Islander",8,0,0
2020-08-29,"Western Tidewater","Asian or Pacific Islander",14,2,0
2020-08-29,"West Piedmont","Asian or Pacific Islander",11,1,1
2020-08-29,Chickahominy,"Asian or Pacific Islander",13,1,0
2020-08-29,Peninsula,"Asian or Pacific Islander",38,4,3
2020-08-29,Norfolk,"Asian or Pacific Islander",57,5,0
2020-08-29,Arlington,"Asian or Pacific Islander",163,22,12
2020-08-29,Loudoun,"Asian or Pacific Islander",336,48,11
2020-08-29,Alexandria,"Asian or Pacific Islander",113,10,1
2020-08-29,Rappahannock,"Asian or Pacific Islander",65,9,1
2020-08-29,Chesapeake,"Asian or Pacific Islander",57,8,4
2020-08-29,"Cumberland Plateau and Lenowisco","Asian or Pacific Islander",1,0,0
2020-08-29,"Central Shenandoah","Asian or Pacific Islander",27,2,0
2020-08-29,"Prince William","Asian or Pacific Islander",417,50,15
2020-08-29,Pittsylvania-Danville,"Asian or Pacific Islander",3,0,0
2020-08-29,"Eastern Shore and Three Rivers","Asian or Pacific Islander",12,1,0
2020-08-29,Piedmont,"Native American",1,0,0
2020-08-29,"New River","Native American",0,0,0
2020-08-29,"Central Shenandoah","Native American",3,1,0
2020-08-29,"Eastern Shore and Three Rivers","Native American",1,0,0
2020-08-29,Fairfax,"Native American",32,1,1
2020-08-29,Chesapeake,"Native American",11,0,0
2020-08-29,"Western Tidewater","Native American",2,0,0
2020-08-29,Portsmouth,"Native American",3,2,0
2020-08-29,Richmond,"Native American",0,0,0
2020-08-29,Chickahominy,"Native American",5,1,0
2020-08-29,"Thomas Jefferson","Native American",2,0,0
2020-08-29,Arlington,"Native American",5,0,0
2020-08-29,"Virginia Beach","Native American",7,0,0
2020-08-29,Peninsula,"Native American",6,2,1
2020-08-29,Hampton,"Native American",2,0,0
2020-08-29,"West Piedmont","Native American",3,0,0
2020-08-29,"Cumberland Plateau, Lenowisco, and Mount Rogers","Native American",1,0,0
2020-08-29,Henrico,"Native American",8,0,0
2020-08-29,Norfolk,"Native American",9,1,1
2020-08-29,"Prince William","Native American",15,1,1
2020-08-29,"Central Virginia","Native American",2,0,0
2020-08-29,Chesterfield,"Native American",5,0,0
2020-08-29,Rappahannock,"Native American",4,0,0
2020-08-29,Loudoun,"Native American",4,0,0
2020-08-29,Alexandria,"Native American",3,0,0
2020-08-29,"Alleghany and Roanoke","Native American",1,0,0
2020-08-29,Crater,"Native American",5,0,0
2020-08-29,"Rappahannock Rapidan","Native American",1,0,0
2020-08-29,"Lord Fairfax","Native American",2,1,1
2020-08-29,"Pittsylvania-Danville and Southside","Native American",0,0,0
2020-08-30,"Rappahannock Rapidan","Not Reported",615,11,2
2020-08-30,Portsmouth,"Other Race",69,7,3
2020-08-30,"Western Tidewater","Two or more races",24,0,0
2020-08-30,Piedmont,White,444,49,20
2020-08-30,Chesterfield,Latino,1298,84,6
2020-08-30,Lenowisco,White,567,55,9
2020-08-30,Lenowisco,"Two or more races",2,0,0
2020-08-30,Hampton,"Not Reported",547,2,2
2020-08-30,Southside,"Not Reported",463,9,4
2020-08-30,Roanoke,Black,137,13,3
2020-08-30,Hampton,Black,641,37,13
2020-08-30,Alleghany,"Other Race",7,1,0
2020-08-30,Lenowisco,Latino,10,0,0
2020-08-30,Loudoun,"Other Race",154,12,2
2020-08-30,"Central Shenandoah",Latino,946,54,5
2020-08-30,"Rappahannock Rapidan",Latino,761,60,7
2020-08-30,"Eastern Shore",Black,850,97,27
2020-08-30,Norfolk,Latino,296,20,0
2020-08-30,Hampton,"Two or more races",14,0,0
2020-08-30,Richmond,Black,1301,223,28
2020-08-30,Henrico,"Two or more races",33,1,0
2020-08-30,Fairfax,"Two or more races",74,5,0
2020-08-30,Alleghany,"Not Reported",376,2,0
2020-08-30,Portsmouth,"Not Reported",566,4,0
2020-08-30,"Cumberland Plateau","Other Race",2,1,0
2020-08-30,Southside,"Two or more races",23,0,0
2020-08-30,Portsmouth,White,276,20,6
2020-08-30,"Rappahannock Rapidan","Two or more races",27,3,0
2020-08-30,Fairfax,White,3321,473,298
2020-08-30,Fairfax,"Other Race",715,81,18
2020-08-30,Crater,"Two or more races",5,0,0
2020-08-30,"West Piedmont","Not Reported",356,27,3
2020-08-30,Henrico,"Other Race",121,12,0
2020-08-30,"Three Rivers",White,510,43,9
2020-08-30,"Central Virginia",Black,170,22,5
2020-08-30,Lenowisco,"Other Race",7,0,0
2020-08-30,"Three Rivers","Other Race",13,3,0
2020-08-30,"Western Tidewater",White,596,56,44
2020-08-30,"Mount Rogers",Black,51,8,2
2020-08-30,"Three Rivers","Not Reported",199,3,1
2020-08-30,"Thomas Jefferson",Black,458,65,11
2020-08-30,"Eastern Shore",White,235,26,18
2020-08-30,"Central Virginia",White,535,38,11
2020-08-30,Lenowisco,Black,5,1,1
2020-08-30,"Central Virginia","Two or more races",2,0,0
2020-08-30,Richmond,"Two or more races",18,1,0
2020-08-30,Crater,"Not Reported",614,9,5
2020-08-30,Chesterfield,"Two or more races",20,2,0
2020-08-30,"New River",Latino,97,5,0
2020-08-30,Richmond,Latino,1256,102,7
2020-08-30,Portsmouth,Latino,57,12,1
2020-08-30,Pittsylvania-Danville,"Not Reported",544,9,0
2020-08-30,Chesapeake,"Not Reported",915,8,0
2020-08-30,Chickahominy,Latino,81,4,0
2020-08-30,Crater,Black,1627,178,49
2020-08-30,Chesterfield,Black,867,102,25
2020-08-30,Chesterfield,"Other Race",198,9,0
2020-08-30,Peninsula,Black,952,66,18
2020-08-30,Roanoke,White,227,13,12
2020-08-30,"New River",Black,66,3,0
2020-08-30,Southside,Latino,5,0,0
2020-08-30,Peninsula,Latino,297,19,1
2020-08-30,Rappahannock,"Two or more races",29,2,0
2020-08-30,"Virginia Beach",Black,1542,109,16
2020-08-30,"Mount Rogers","Not Reported",99,2,2
2020-08-30,Loudoun,"Not Reported",1864,4,0
2020-08-30,Chesapeake,"Other Race",64,4,1
2020-08-30,Chickahominy,"Two or more races",3,1,0
2020-08-30,Crater,"Other Race",33,0,0
2020-08-30,Norfolk,"Two or more races",42,1,0
2020-08-30,"Eastern Shore","Two or more races",1,1,0
2020-08-30,"Central Shenandoah",White,1770,161,51
2020-08-30,"New River","Other Race",4,0,0
2020-08-30,"New River",White,774,27,9
2020-08-30,"Central Shenandoah","Other Race",51,2,0
2020-08-30,"West Piedmont",Black,386,72,11
2020-08-30,Alleghany,Latino,141,11,0
2020-08-30,"Central Shenandoah","Not Reported",331,3,1
2020-08-30,Roanoke,"Two or more races",2,1,0
2020-08-30,Peninsula,"Two or more races",42,3,0
2020-08-30,Richmond,"Not Reported",641,3,1
2020-08-30,Arlington,"Other Race",84,10,4
2020-08-30,Norfolk,"Not Reported",983,2,0
2020-08-30,Alexandria,"Other Race",69,7,2
2020-08-30,"Virginia Beach",White,2012,156,43
2020-08-30,Chesapeake,"Two or more races",39,2,1
2020-08-30,Alleghany,White,554,40,18
2020-08-30,"Rappahannock Rapidan","Other Race",33,2,0
2020-08-30,Chickahominy,"Not Reported",296,1,1
2020-08-30,Portsmouth,Black,1221,126,23
2020-08-30,Chickahominy,"Other Race",13,2,0
2020-08-30,"Virginia Beach",Latino,360,22,3
2020-08-30,Chesapeake,White,1035,102,22
2020-08-30,Southside,Black,288,34,14
2020-08-30,Rappahannock,Latino,1217,104,8
2020-08-30,"Three Rivers","Two or more races",4,0,0
2020-08-30,Henrico,Black,1468,185,82
2020-08-30,Pittsylvania-Danville,Black,446,47,8
2020-08-30,"Lord Fairfax","Two or more races",11,0,0
2020-08-30,"Prince William",Latino,5561,602,67
2020-08-30,"Mount Rogers","Other Race",7,2,2
2020-08-30,"Central Shenandoah",Black,153,10,4
2020-08-30,Peninsula,White,813,81,29
2020-08-30,"Eastern Shore","Not Reported",84,0,0
2020-08-30,"Thomas Jefferson","Other Race",141,3,3
2020-08-30,Hampton,"Other Race",49,2,0
2020-08-30,"Lord Fairfax","Not Reported",331,2,6
2020-08-30,"Central Virginia","Other Race",15,0,0
2020-08-30,"Western Tidewater","Other Race",62,1,2
2020-08-30,Crater,Latino,182,9,4
2020-08-30,Chesapeake,Latino,252,20,1
2020-08-30,Chesterfield,White,1082,101,66
2020-08-30,"Western Tidewater","Not Reported",857,7,2
2020-08-30,Fairfax,"Not Reported",2312,55,31
2020-08-30,Arlington,Black,364,78,33
2020-08-30,"Central Virginia",Latino,28,3,1
2020-08-30,Alexandria,"Not Reported",217,7,1
2020-08-30,"Three Rivers",Black,393,38,9
2020-08-30,"Prince William","Two or more races",41,1,0
2020-08-30,Loudoun,"Two or more races",42,2,0
2020-08-30,Peninsula,"Other Race",140,4,1
2020-08-30,"Thomas Jefferson",White,948,71,33
2020-08-30,Norfolk,"Other Race",82,3,1
2020-08-30,"Prince William","Not Reported",3971,28,0
2020-08-30,"West Piedmont",White,625,88,17
2020-08-30,Rappahannock,Black,709,83,13
2020-08-30,Norfolk,Black,2176,206,34
2020-08-30,Roanoke,Latino,334,16,0
2020-08-30,Piedmont,Latino,70,8,1
2020-08-30,Roanoke,"Not Reported",464,1,0
2020-08-30,"Virginia Beach","Other Race",99,2,0
2020-08-30,Arlington,"Two or more races",32,2,0
2020-08-30,Alexandria,White,652,56,33
2020-08-30,"Lord Fairfax","Other Race",69,6,1
2020-08-30,"Thomas Jefferson","Not Reported",215,1,0
2020-08-30,"Virginia Beach","Not Reported",1683,9,3
2020-08-30,Loudoun,Black,270,28,5
2020-08-30,Pittsylvania-Danville,Latino,65,3,0
2020-08-30,"Cumberland Plateau","Not Reported",13,0,0
2020-08-30,Chesterfield,"Not Reported",1912,4,10
2020-08-30,"Mount Rogers",White,1504,158,64
2020-08-30,Richmond,White,529,35,8
2020-08-30,Lenowisco,"Not Reported",107,4,2
2020-08-30,"Three Rivers",Latino,148,5,1
2020-08-30,Piedmont,"Not Reported",698,11,3
2020-08-30,"Mount Rogers",Latino,270,6,0
2020-08-30,"Central Shenandoah","Two or more races",13,1,0
2020-08-30,Crater,White,647,53,15
2020-08-30,Arlington,White,1037,126,65
2020-08-30,Pittsylvania-Danville,"Other Race",0,0,0
2020-08-30,Chickahominy,Black,223,42,12
2020-08-30,Fairfax,Black,1462,231,60
2020-08-30,"Eastern Shore",Latino,260,12,3
2020-08-30,Norfolk,White,716,47,16
2020-08-30,"Mount Rogers","Two or more races",4,0,0
2020-08-30,Alleghany,"Two or more races",4,0,0
2020-08-30,Southside,White,204,26,18
2020-08-30,"Thomas Jefferson","Two or more races",33,0,0
2020-08-30,"Prince William",Black,1254,169,47
2020-08-30,"Lord Fairfax",White,1559,173,71
2020-08-30,"Cumberland Plateau",Latino,5,0,0
2020-08-30,Arlington,"Not Reported",295,3,0
2020-08-30,Rappahannock,"Other Race",92,4,0
2020-08-30,"Rappahannock Rapidan",Black,192,27,6
2020-08-30,"New River","Two or more races",7,0,0
2020-08-30,Arlington,Latino,1558,225,23
2020-08-30,Henrico,White,1152,111,93
2020-08-30,Loudoun,White,1374,114,86
2020-08-30,Hampton,White,225,9,1
2020-08-30,Alleghany,Black,59,4,1
2020-08-30,"Prince William",White,1496,167,84
2020-08-30,Rappahannock,White,1140,120,40
2020-08-30,Southside,"Other Race",12,0,1
2020-08-30,Portsmouth,"Two or more races",8,2,1
2020-08-30,"Western Tidewater",Black,1237,94,41
2020-08-30,Hampton,Latino,53,4,0
2020-08-30,Henrico,"Not Reported",816,4,4
2020-08-30,"West Piedmont","Two or more races",1,0,0
2020-08-30,Peninsula,"Not Reported",1422,2,0
2020-08-30,Loudoun,Latino,1895,174,14
2020-08-30,Alexandria,Black,664,88,15
2020-08-30,Piedmont,Black,453,57,14
2020-08-30,Roanoke,"Other Race",13,0,0
2020-08-30,Alexandria,"Two or more races",19,1,0
2020-08-30,"Western Tidewater",Latino,27,1,1
2020-08-30,Rappahannock,"Not Reported",1166,26,0
2020-08-30,"West Piedmont","Other Race",6,1,1
2020-08-30,Chickahominy,White,592,88,35
2020-08-30,"Thomas Jefferson",Latino,624,27,2
2020-08-30,"Cumberland Plateau",Black,41,0,0
2020-08-30,"Lord Fairfax",Latino,685,43,8
2020-08-30,"West Piedmont",Latino,218,8,1
2020-08-30,"Cumberland Plateau",White,463,44,7
2020-08-30,"Eastern Shore","Other Race",13,1,0
2020-08-30,"Cumberland Plateau","Two or more races",5,0,0
2020-08-30,Pittsylvania-Danville,"Two or more races",1,0,0
2020-08-30,Piedmont,"Other Race",9,0,0
2020-08-30,Alexandria,Latino,1632,129,10
2020-08-30,Chesapeake,Black,1402,174,18
2020-08-30,Richmond,"Other Race",105,6,2
2020-08-30,Henrico,Latino,810,56,9
2020-08-30,Piedmont,"Two or more races",4,2,0
2020-08-30,"Prince William","Other Race",368,15,0
2020-08-30,"New River","Not Reported",224,2,0
2020-08-30,"Rappahannock Rapidan",White,638,46,15
2020-08-30,"Central Virginia","Not Reported",1523,14,1
2020-08-30,"Virginia Beach","Two or more races",51,3,1
2020-08-30,Pittsylvania-Danville,White,313,36,10
2020-08-30,"Lord Fairfax",Black,127,15,6
2020-08-30,Fairfax,Latino,9067,981,90
2020-08-30,Chesterfield,"Asian or Pacific Islander",51,2,1
2020-08-30,Crater,"Asian or Pacific Islander",16,0,0
2020-08-30,Fairfax,"Asian or Pacific Islander",1513,251,71
2020-08-30,Hampton,"Asian or Pacific Islander",11,0,0
2020-08-30,"Rappahannock Rapidan","Asian or Pacific Islander",8,1,0
2020-08-30,"Mount Rogers","Asian or Pacific Islander",3,1,0
2020-08-30,"New River","Asian or Pacific Islander",15,0,0
2020-08-30,"Central Virginia","Asian or Pacific Islander",11,1,0
2020-08-30,"Lord Fairfax","Asian or Pacific Islander",14,0,0
2020-08-30,Southside,"Asian or Pacific Islander",1,0,0
2020-08-30,Alleghany,"Asian or Pacific Islander",15,0,0
2020-08-30,Portsmouth,"Asian or Pacific Islander",13,2,0
2020-08-30,Roanoke,"Asian or Pacific Islander",11,0,0
2020-08-30,Richmond,"Asian or Pacific Islander",29,3,1
2020-08-30,"Thomas Jefferson","Asian or Pacific Islander",37,0,1
2020-08-30,"Virginia Beach","Asian or Pacific Islander",231,20,2
2020-08-30,Henrico,"Asian or Pacific Islander",171,10,4
2020-08-30,Piedmont,"Asian or Pacific Islander",8,0,0
2020-08-30,"Western Tidewater","Asian or Pacific Islander",14,2,0
2020-08-30,"West Piedmont","Asian or Pacific Islander",11,1,1
2020-08-30,Chickahominy,"Asian or Pacific Islander",13,1,0
2020-08-30,Peninsula,"Asian or Pacific Islander",38,4,3
2020-08-30,Norfolk,"Asian or Pacific Islander",57,5,0
2020-08-30,Arlington,"Asian or Pacific Islander",165,22,12
2020-08-30,Loudoun,"Asian or Pacific Islander",342,49,11
2020-08-30,Alexandria,"Asian or Pacific Islander",113,10,1
2020-08-30,Rappahannock,"Asian or Pacific Islander",68,9,1
2020-08-30,Chesapeake,"Asian or Pacific Islander",60,9,4
2020-08-30,"Cumberland Plateau and Lenowisco","Asian or Pacific Islander",1,0,0
2020-08-30,"Central Shenandoah","Asian or Pacific Islander",27,2,0
2020-08-30,"Prince William","Asian or Pacific Islander",418,50,15
2020-08-30,Pittsylvania-Danville,"Asian or Pacific Islander",3,0,0
2020-08-30,"Eastern Shore and Three Rivers","Asian or Pacific Islander",12,1,0
2020-08-30,Piedmont,"Native American",1,0,0
2020-08-30,"New River","Native American",0,0,0
2020-08-30,"Central Shenandoah","Native American",3,1,0
2020-08-30,"Eastern Shore and Three Rivers","Native American",1,0,0
2020-08-30,Fairfax,"Native American",32,1,1
2020-08-30,Chesapeake,"Native American",11,0,0
2020-08-30,"Western Tidewater","Native American",2,0,0
2020-08-30,Portsmouth,"Native American",3,2,0
2020-08-30,Richmond,"Native American",0,0,0
2020-08-30,Chickahominy,"Native American",5,1,0
2020-08-30,"Thomas Jefferson","Native American",2,0,0
2020-08-30,Arlington,"Native American",5,0,0
2020-08-30,"Virginia Beach","Native American",7,0,0
2020-08-30,Peninsula,"Native American",6,2,1
2020-08-30,Hampton,"Native American",2,0,0
2020-08-30,"West Piedmont","Native American",3,0,0
2020-08-30,"Cumberland Plateau, Lenowisco, and Mount Rogers","Native American",1,0,0
2020-08-30,Henrico,"Native American",8,0,0
2020-08-30,Norfolk,"Native American",9,1,1
2020-08-30,"Prince William","Native American",15,1,1
2020-08-30,"Central Virginia","Native American",2,0,0
2020-08-30,Chesterfield,"Native American",5,0,0
2020-08-30,Rappahannock,"Native American",4,0,0
2020-08-30,Loudoun,"Native American",4,0,0
2020-08-30,Alexandria,"Native American",3,0,0
2020-08-30,"Alleghany and Roanoke","Native American",1,0,0
2020-08-30,Crater,"Native American",5,0,0
2020-08-30,"Rappahannock Rapidan","Native American",1,0,0
2020-08-30,"Lord Fairfax","Native American",2,1,1
2020-08-30,"Pittsylvania-Danville and Southside","Native American",0,0,0
2020-08-31,"Rappahannock Rapidan","Not Reported",616,11,2
2020-08-31,Portsmouth,"Other Race",69,7,3
2020-08-31,"Western Tidewater","Two or more races",25,0,0
2020-08-31,Piedmont,White,444,49,20
2020-08-31,Chesterfield,Latino,1298,84,6
2020-08-31,Lenowisco,White,577,55,9
2020-08-31,Lenowisco,"Two or more races",2,0,0
2020-08-31,Hampton,"Not Reported",552,2,2
2020-08-31,Southside,"Not Reported",469,9,4
2020-08-31,Roanoke,Black,139,13,3
2020-08-31,Hampton,Black,647,37,13
2020-08-31,Alleghany,"Other Race",7,1,0
2020-08-31,Lenowisco,Latino,10,0,0
2020-08-31,Loudoun,"Other Race",161,12,2
2020-08-31,"Central Shenandoah",Latino,956,54,6
2020-08-31,"Rappahannock Rapidan",Latino,762,60,7
2020-08-31,"Eastern Shore",Black,850,97,27
2020-08-31,Norfolk,Latino,299,20,0
2020-08-31,Hampton,"Two or more races",14,0,0
2020-08-31,Richmond,Black,1311,224,28
2020-08-31,Henrico,"Two or more races",35,1,0
2020-08-31,Fairfax,"Two or more races",75,5,0
2020-08-31,Alleghany,"Not Reported",388,2,0
2020-08-31,Portsmouth,"Not Reported",566,4,0
2020-08-31,"Cumberland Plateau","Other Race",2,1,0
2020-08-31,Southside,"Two or more races",23,0,0
2020-08-31,Portsmouth,White,276,20,6
2020-08-31,"Rappahannock Rapidan","Two or more races",27,3,0
2020-08-31,Fairfax,White,3335,473,298
2020-08-31,Fairfax,"Other Race",721,81,18
2020-08-31,Crater,"Two or more races",5,0,0
2020-08-31,"West Piedmont","Not Reported",355,27,3
2020-08-31,Henrico,"Other Race",125,12,0
2020-08-31,"Three Rivers",White,514,43,9
2020-08-31,"Central Virginia",Black,171,22,5
2020-08-31,Lenowisco,"Other Race",7,0,0
2020-08-31,"Three Rivers","Other Race",13,3,0
2020-08-31,"Western Tidewater",White,601,56,44
2020-08-31,"Mount Rogers",Black,51,8,2
2020-08-31,"Three Rivers","Not Reported",200,3,1
2020-08-31,"Thomas Jefferson",Black,458,65,11
2020-08-31,"Eastern Shore",White,237,26,18
2020-08-31,"Central Virginia",White,542,38,11
2020-08-31,Lenowisco,Black,5,1,1
2020-08-31,"Central Virginia","Two or more races",2,0,0
2020-08-31,Richmond,"Two or more races",18,1,0
2020-08-31,Crater,"Not Reported",622,9,5
2020-08-31,Chesterfield,"Two or more races",20,2,0
2020-08-31,"New River",Latino,102,5,0
2020-08-31,Richmond,Latino,1256,102,7
2020-08-31,Portsmouth,Latino,57,12,1
2020-08-31,Pittsylvania-Danville,"Not Reported",546,9,0
2020-08-31,Chesapeake,"Not Reported",896,8,0
2020-08-31,Chickahominy,Latino,81,4,0
2020-08-31,Crater,Black,1656,179,49
2020-08-31,Chesterfield,Black,870,102,25
2020-08-31,Chesterfield,"Other Race",198,9,0
2020-08-31,Peninsula,Black,964,66,18
2020-08-31,Roanoke,White,230,13,12
2020-08-31,"New River",Black,67,3,0
2020-08-31,Southside,Latino,5,0,0
2020-08-31,Peninsula,Latino,297,19,1
2020-08-31,Rappahannock,"Two or more races",30,2,0
2020-08-31,"Virginia Beach",Black,1549,109,16
2020-08-31,"Mount Rogers","Not Reported",101,2,2
2020-08-31,Loudoun,"Not Reported",1876,4,0
2020-08-31,Chesapeake,"Other Race",63,4,1
2020-08-31,Chickahominy,"Two or more races",3,1,0
2020-08-31,Crater,"Other Race",33,0,0
2020-08-31,Norfolk,"Two or more races",43,1,0
2020-08-31,"Eastern Shore","Two or more races",1,1,0
2020-08-31,"Central Shenandoah",White,1807,161,51
2020-08-31,"New River","Other Race",6,0,0
2020-08-31,"New River",White,791,27,9
2020-08-31,"Central Shenandoah","Other Race",53,2,0
2020-08-31,"West Piedmont",Black,388,72,11
2020-08-31,Alleghany,Latino,143,11,0
2020-08-31,"Central Shenandoah","Not Reported",352,3,1
2020-08-31,Roanoke,"Two or more races",2,1,0
2020-08-31,Peninsula,"Two or more races",43,3,0
2020-08-31,Richmond,"Not Reported",641,3,1
2020-08-31,Arlington,"Other Race",84,10,4
2020-08-31,Norfolk,"Not Reported",991,2,0
2020-08-31,Alexandria,"Other Race",69,7,2
2020-08-31,"Virginia Beach",White,2023,156,43
2020-08-31,Chesapeake,"Two or more races",39,2,1
2020-08-31,Alleghany,White,561,40,18
2020-08-31,"Rappahannock Rapidan","Other Race",35,2,0
2020-08-31,Chickahominy,"Not Reported",297,1,1
2020-08-31,Portsmouth,Black,1221,126,23
2020-08-31,Chickahominy,"Other Race",13,2,0
2020-08-31,"Virginia Beach",Latino,362,22,3
2020-08-31,Chesapeake,White,1056,102,22
2020-08-31,Southside,Black,303,34,14
2020-08-31,Rappahannock,Latino,1219,104,8
2020-08-31,"Three Rivers","Two or more races",5,0,0
2020-08-31,Henrico,Black,1476,185,82
2020-08-31,Pittsylvania-Danville,Black,447,47,9
2020-08-31,"Lord Fairfax","Two or more races",11,0,0
2020-08-31,"Prince William",Latino,5581,602,68
2020-08-31,"Mount Rogers","Other Race",7,2,2
2020-08-31,"Central Shenandoah",Black,154,10,4
2020-08-31,Peninsula,White,816,81,30
2020-08-31,"Eastern Shore","Not Reported",84,0,0
2020-08-31,"Thomas Jefferson","Other Race",142,3,3
2020-08-31,Hampton,"Other Race",49,2,0
2020-08-31,"Lord Fairfax","Not Reported",332,2,6
2020-08-31,"Central Virginia","Other Race",15,0,0
2020-08-31,"Western Tidewater","Other Race",62,1,2
2020-08-31,Crater,Latino,181,9,4
2020-08-31,Chesapeake,Latino,256,21,1
2020-08-31,Chesterfield,White,1085,101,66
2020-08-31,"Western Tidewater","Not Reported",859,7,2
2020-08-31,Fairfax,"Not Reported",2368,56,31
2020-08-31,Arlington,Black,364,78,33
2020-08-31,"Central Virginia",Latino,28,3,1
2020-08-31,Alexandria,"Not Reported",218,7,1
2020-08-31,"Three Rivers",Black,397,38,9
2020-08-31,"Prince William","Two or more races",41,1,0
2020-08-31,Loudoun,"Two or more races",43,2,0
2020-08-31,Peninsula,"Other Race",143,4,1
2020-08-31,"Thomas Jefferson",White,958,72,33
2020-08-31,Norfolk,"Other Race",91,3,1
2020-08-31,"Prince William","Not Reported",3992,28,0
2020-08-31,"West Piedmont",White,626,88,17
2020-08-31,Rappahannock,Black,714,83,13
2020-08-31,Norfolk,Black,2183,206,34
2020-08-31,Roanoke,Latino,339,16,0
2020-08-31,Piedmont,Latino,70,8,1
2020-08-31,Roanoke,"Not Reported",464,1,0
2020-08-31,"Virginia Beach","Other Race",100,2,0
2020-08-31,Arlington,"Two or more races",32,2,0
2020-08-31,Alexandria,White,654,56,33
2020-08-31,"Lord Fairfax","Other Race",69,6,1
2020-08-31,"Thomas Jefferson","Not Reported",218,1,0
2020-08-31,"Virginia Beach","Not Reported",1705,9,3
2020-08-31,Loudoun,Black,270,28,5
2020-08-31,Pittsylvania-Danville,Latino,65,3,0
2020-08-31,"Cumberland Plateau","Not Reported",13,0,0
2020-08-31,Chesterfield,"Not Reported",1927,4,10
2020-08-31,"Mount Rogers",White,1518,158,64
2020-08-31,Richmond,White,532,35,8
2020-08-31,Lenowisco,"Not Reported",107,4,2
2020-08-31,"Three Rivers",Latino,149,5,1
2020-08-31,Piedmont,"Not Reported",698,11,3
2020-08-31,"Mount Rogers",Latino,271,6,0
2020-08-31,"Central Shenandoah","Two or more races",13,1,0
2020-08-31,Crater,White,656,53,15
2020-08-31,Arlington,White,1038,126,65
2020-08-31,Pittsylvania-Danville,"Other Race",0,0,0
2020-08-31,Chickahominy,Black,224,42,12
2020-08-31,Fairfax,Black,1469,232,62
2020-08-31,"Eastern Shore",Latino,260,12,3
2020-08-31,Norfolk,White,721,47,16
2020-08-31,"Mount Rogers","Two or more races",4,0,0
2020-08-31,Alleghany,"Two or more races",4,0,0
2020-08-31,Southside,White,206,26,18
2020-08-31,"Thomas Jefferson","Two or more races",33,0,0
2020-08-31,"Prince William",Black,1262,169,47
2020-08-31,"Lord Fairfax",White,1564,173,71
2020-08-31,"Cumberland Plateau",Latino,5,0,0
2020-08-31,Arlington,"Not Reported",305,3,0
2020-08-31,Rappahannock,"Other Race",92,4,0
2020-08-31,"Rappahannock Rapidan",Black,193,27,6
2020-08-31,"New River","Two or more races",7,0,0
2020-08-31,Arlington,Latino,1560,226,24
2020-08-31,Henrico,White,1159,111,93
2020-08-31,Loudoun,White,1377,114,86
2020-08-31,Hampton,White,226,9,1
2020-08-31,Alleghany,Black,60,4,1
2020-08-31,"Prince William",White,1507,167,84
2020-08-31,Rappahannock,White,1142,120,40
2020-08-31,Southside,"Other Race",12,0,1
2020-08-31,Portsmouth,"Two or more races",8,2,1
2020-08-31,"Western Tidewater",Black,1246,94,42
2020-08-31,Hampton,Latino,53,4,0
2020-08-31,Henrico,"Not Reported",819,4,4
2020-08-31,"West Piedmont","Two or more races",1,0,0
2020-08-31,Peninsula,"Not Reported",1433,2,0
2020-08-31,Loudoun,Latino,1905,175,14
2020-08-31,Alexandria,Black,668,88,15
2020-08-31,Piedmont,Black,453,57,14
2020-08-31,Roanoke,"Other Race",14,0,0
2020-08-31,Alexandria,"Two or more races",19,1,0
2020-08-31,"Western Tidewater",Latino,27,1,1
2020-08-31,Rappahannock,"Not Reported",1181,26,0
2020-08-31,"West Piedmont","Other Race",6,1,1
2020-08-31,Chickahominy,White,599,88,35
2020-08-31,"Thomas Jefferson",Latino,626,27,2
2020-08-31,"Cumberland Plateau",Black,41,0,0
2020-08-31,"Lord Fairfax",Latino,686,43,8
2020-08-31,"West Piedmont",Latino,218,8,1
2020-08-31,"Cumberland Plateau",White,480,47,7
2020-08-31,"Eastern Shore","Other Race",13,1,0
2020-08-31,"Cumberland Plateau","Two or more races",6,0,0
2020-08-31,Pittsylvania-Danville,"Two or more races",1,0,0
2020-08-31,Piedmont,"Other Race",9,0,0
2020-08-31,Alexandria,Latino,1634,129,10
2020-08-31,Chesapeake,Black,1420,176,18
2020-08-31,Richmond,"Other Race",108,7,2
2020-08-31,Henrico,Latino,814,56,9
2020-08-31,Piedmont,"Two or more races",4,2,0
2020-08-31,"Prince William","Other Race",384,15,0
2020-08-31,"New River","Not Reported",231,2,0
2020-08-31,"Rappahannock Rapidan",White,643,46,15
2020-08-31,"Central Virginia","Not Reported",1544,14,1
2020-08-31,"Virginia Beach","Two or more races",51,3,1
2020-08-31,Pittsylvania-Danville,White,314,36,11
2020-08-31,"Lord Fairfax",Black,127,15,6
2020-08-31,Fairfax,Latino,9084,981,91
2020-08-31,Chesterfield,"Asian or Pacific Islander",52,2,1
2020-08-31,Crater,"Asian or Pacific Islander",16,0,0
2020-08-31,Fairfax,"Asian or Pacific Islander",1519,251,71
2020-08-31,Hampton,"Asian or Pacific Islander",11,0,0
2020-08-31,"Rappahannock Rapidan","Asian or Pacific Islander",8,1,0
2020-08-31,"Mount Rogers","Asian or Pacific Islander",3,1,0
2020-08-31,"New River","Asian or Pacific Islander",19,0,0
2020-08-31,"Central Virginia","Asian or Pacific Islander",11,1,0
2020-08-31,"Lord Fairfax","Asian or Pacific Islander",14,0,0
2020-08-31,Southside,"Asian or Pacific Islander",1,0,0
2020-08-31,Alleghany,"Asian or Pacific Islander",15,0,0
2020-08-31,Portsmouth,"Asian or Pacific Islander",13,2,0
2020-08-31,Roanoke,"Asian or Pacific Islander",11,0,0
2020-08-31,Richmond,"Asian or Pacific Islander",31,3,1
2020-08-31,"Thomas Jefferson","Asian or Pacific Islander",38,0,1
2020-08-31,"Virginia Beach","Asian or Pacific Islander",231,20,2
2020-08-31,Henrico,"Asian or Pacific Islander",172,10,4
2020-08-31,Piedmont,"Asian or Pacific Islander",8,0,0
2020-08-31,"Western Tidewater","Asian or Pacific Islander",14,2,0
2020-08-31,"West Piedmont","Asian or Pacific Islander",11,1,1
2020-08-31,Chickahominy,"Asian or Pacific Islander",13,1,0
2020-08-31,Peninsula,"Asian or Pacific Islander",40,4,4
2020-08-31,Norfolk,"Asian or Pacific Islander",57,5,0
2020-08-31,Arlington,"Asian or Pacific Islander",167,22,12
2020-08-31,Loudoun,"Asian or Pacific Islander",343,49,11
2020-08-31,Alexandria,"Asian or Pacific Islander",113,10,1
2020-08-31,Rappahannock,"Asian or Pacific Islander",68,9,1
2020-08-31,Chesapeake,"Asian or Pacific Islander",60,9,4
2020-08-31,"Cumberland Plateau and Lenowisco","Asian or Pacific Islander",1,0,0
2020-08-31,"Central Shenandoah","Asian or Pacific Islander",28,2,0
2020-08-31,"Prince William","Asian or Pacific Islander",424,50,15
2020-08-31,Pittsylvania-Danville,"Asian or Pacific Islander",3,0,0
2020-08-31,"Eastern Shore and Three Rivers","Asian or Pacific Islander",12,1,0
2020-08-31,Piedmont,"Native American",1,0,0
2020-08-31,"New River","Native American",0,0,0
2020-08-31,"Central Shenandoah","Native American",3,1,0
2020-08-31,"Eastern Shore and Three Rivers","Native American",1,0,0
2020-08-31,Fairfax,"Native American",32,1,1
2020-08-31,Chesapeake,"Native American",11,0,0
2020-08-31,"Western Tidewater","Native American",2,0,0
2020-08-31,Portsmouth,"Native American",3,2,0
2020-08-31,Richmond,"Native American",0,0,0
2020-08-31,Chickahominy,"Native American",5,1,0
2020-08-31,"Thomas Jefferson","Native American",2,0,0
2020-08-31,Arlington,"Native American",5,0,0
2020-08-31,"Virginia Beach","Native American",7,0,0
2020-08-31,Peninsula,"Native American",7,2,1
2020-08-31,Hampton,"Native American",2,0,0
2020-08-31,"West Piedmont","Native American",3,0,0
2020-08-31,"Cumberland Plateau, Lenowisco, and Mount Rogers","Native American",1,0,0
2020-08-31,Henrico,"Native American",8,0,0
2020-08-31,Norfolk,"Native American",9,1,1
2020-08-31,"Prince William","Native American",15,1,1
2020-08-31,"Central Virginia","Native American",2,0,0
2020-08-31,Chesterfield,"Native American",5,0,0
2020-08-31,Rappahannock,"Native American",4,0,0
2020-08-31,Loudoun,"Native American",4,0,0
2020-08-31,Alexandria,"Native American",3,0,0
2020-08-31,"Alleghany and Roanoke","Native American",1,0,0
2020-08-31,Crater,"Native American",5,0,0
2020-08-31,"Rappahannock Rapidan","Native American",1,0,0
2020-08-31,"Lord Fairfax","Native American",2,1,1
2020-08-31,"Pittsylvania-Danville and Southside","Native American",0,0,0
2020-09-01,"Rappahannock Rapidan","Not Reported",619,11,2
2020-09-01,Portsmouth,"Other Race",71,8,3
2020-09-01,"Western Tidewater","Two or more races",25,0,0
2020-09-01,Piedmont,White,448,49,20
2020-09-01,Chesterfield,Latino,1301,84,6
2020-09-01,Lenowisco,White,590,57,9
2020-09-01,Lenowisco,"Two or more races",2,0,0
2020-09-01,Hampton,"Not Reported",555,2,2
2020-09-01,Southside,"Not Reported",475,9,4
2020-09-01,Roanoke,Black,145,13,3
2020-09-01,Hampton,Black,652,37,13
2020-09-01,Alleghany,"Other Race",7,1,0
2020-09-01,Lenowisco,Latino,10,0,0
2020-09-01,Loudoun,"Other Race",160,13,2
2020-09-01,"Central Shenandoah",Latino,966,55,6
2020-09-01,"Rappahannock Rapidan",Latino,765,60,7
2020-09-01,"Eastern Shore",Black,850,97,27
2020-09-01,Norfolk,Latino,299,20,0
2020-09-01,Hampton,"Two or more races",14,0,0
2020-09-01,Richmond,Black,1322,223,29
2020-09-01,Henrico,"Two or more races",35,1,0
2020-09-01,Fairfax,"Two or more races",75,5,0
2020-09-01,Alleghany,"Not Reported",374,2,0
2020-09-01,Portsmouth,"Not Reported",568,4,0
2020-09-01,"Cumberland Plateau","Other Race",2,1,0
2020-09-01,Southside,"Two or more races",23,0,0
2020-09-01,Portsmouth,White,279,22,7
2020-09-01,"Rappahannock Rapidan","Two or more races",27,3,0
2020-09-01,Fairfax,White,3363,473,300
2020-09-01,Fairfax,"Other Race",725,81,18
2020-09-01,Crater,"Two or more races",5,0,0
2020-09-01,"West Piedmont","Not Reported",339,27,3
2020-09-01,Henrico,"Other Race",129,12,0
2020-09-01,"Three Rivers",White,517,43,9
2020-09-01,"Central Virginia",Black,181,23,6
2020-09-01,Lenowisco,"Other Race",7,0,0
2020-09-01,"Three Rivers","Other Race",13,3,0
2020-09-01,"Western Tidewater",White,611,56,45
2020-09-01,"Mount Rogers",Black,52,8,2
2020-09-01,"Three Rivers","Not Reported",201,3,1
2020-09-01,"Thomas Jefferson",Black,460,67,11
2020-09-01,"Eastern Shore",White,239,26,18
2020-09-01,"Central Virginia",White,565,38,11
2020-09-01,Lenowisco,Black,5,1,1
2020-09-01,"Central Virginia","Two or more races",1,0,0
2020-09-01,Richmond,"Two or more races",20,1,0
2020-09-01,Crater,"Not Reported",627,9,5
2020-09-01,Chesterfield,"Two or more races",20,2,0
2020-09-01,"New River",Latino,111,5,0
2020-09-01,Richmond,Latino,1257,102,7
2020-09-01,Portsmouth,Latino,57,12,1
2020-09-01,Pittsylvania-Danville,"Not Reported",548,9,0
2020-09-01,Chesapeake,"Not Reported",896,8,0
2020-09-01,Chickahominy,Latino,81,4,0
2020-09-01,Crater,Black,1670,179,50
2020-09-01,Chesterfield,Black,887,101,26
2020-09-01,Chesterfield,"Other Race",199,9,0
2020-09-01,Peninsula,Black,974,66,18
2020-09-01,Roanoke,White,235,14,12
2020-09-01,"New River",Black,73,3,0
2020-09-01,Southside,Latino,5,0,0
2020-09-01,Peninsula,Latino,297,19,1
2020-09-01,Rappahannock,"Two or more races",31,3,0
2020-09-01,"Virginia Beach",Black,1555,109,17
2020-09-01,"Mount Rogers","Not Reported",110,2,2
2020-09-01,Loudoun,"Not Reported",1866,4,0
2020-09-01,Chesapeake,"Other Race",64,4,1
2020-09-01,Chickahominy,"Two or more races",3,1,0
2020-09-01,Crater,"Other Race",33,0,0
2020-09-01,Norfolk,"Two or more races",43,1,0
2020-09-01,"Eastern Shore","Two or more races",1,1,0
2020-09-01,"Central Shenandoah",White,1866,161,51
2020-09-01,"New River","Other Race",6,0,0
2020-09-01,"New River",White,871,27,9
2020-09-01,"Central Shenandoah","Other Race",56,2,0
2020-09-01,"West Piedmont",Black,394,73,11
2020-09-01,Alleghany,Latino,143,11,0
2020-09-01,"Central Shenandoah","Not Reported",373,3,1
2020-09-01,Roanoke,"Two or more races",2,1,0
2020-09-01,Peninsula,"Two or more races",43,3,0
2020-09-01,Richmond,"Not Reported",645,3,1
2020-09-01,Arlington,"Other Race",85,10,4
2020-09-01,Norfolk,"Not Reported",991,3,0
2020-09-01,Alexandria,"Other Race",69,7,2
2020-09-01,"Virginia Beach",White,2035,156,43
2020-09-01,Chesapeake,"Two or more races",39,2,1
2020-09-01,Alleghany,White,577,42,20
2020-09-01,"Rappahannock Rapidan","Other Race",35,2,0
2020-09-01,Chickahominy,"Not Reported",300,1,1
2020-09-01,Portsmouth,Black,1235,128,24
2020-09-01,Chickahominy,"Other Race",14,2,0
2020-09-01,"Virginia Beach",Latino,364,22,3
2020-09-01,Chesapeake,White,1057,104,22
2020-09-01,Southside,Black,314,34,14
2020-09-01,Rappahannock,Latino,1223,104,8
2020-09-01,"Three Rivers","Two or more races",4,0,0
2020-09-01,Henrico,Black,1488,186,82
2020-09-01,Pittsylvania-Danville,Black,453,48,9
2020-09-01,"Lord Fairfax","Two or more races",11,0,0
2020-09-01,"Prince William",Latino,5630,604,68
2020-09-01,"Mount Rogers","Other Race",7,2,2
2020-09-01,"Central Shenandoah",Black,157,10,4
2020-09-01,Peninsula,White,821,81,32
2020-09-01,"Eastern Shore","Not Reported",84,0,0
2020-09-01,"Thomas Jefferson","Other Race",141,3,3
2020-09-01,Hampton,"Other Race",49,2,0
2020-09-01,"Lord Fairfax","Not Reported",331,2,6
2020-09-01,"Central Virginia","Other Race",16,0,0
2020-09-01,"Western Tidewater","Other Race",62,1,2
2020-09-01,Crater,Latino,181,9,4
2020-09-01,Chesapeake,Latino,257,21,1
2020-09-01,Chesterfield,White,1102,101,67
2020-09-01,"Western Tidewater","Not Reported",870,7,1
2020-09-01,Fairfax,"Not Reported",2358,56,31
2020-09-01,Arlington,Black,366,78,33
2020-09-01,"Central Virginia",Latino,32,3,1
2020-09-01,Alexandria,"Not Reported",220,7,1
2020-09-01,"Three Rivers",Black,397,39,9
2020-09-01,"Prince William","Two or more races",41,1,0
2020-09-01,Loudoun,"Two or more races",43,2,0
2020-09-01,Peninsula,"Other Race",143,4,0
2020-09-01,"Thomas Jefferson",White,973,72,33
2020-09-01,Norfolk,"Other Race",81,3,1
2020-09-01,"Prince William","Not Reported",3979,28,0
2020-09-01,"West Piedmont",White,636,88,17
2020-09-01,Rappahannock,Black,719,83,13
2020-09-01,Norfolk,Black,2194,208,36
2020-09-01,Roanoke,Latino,340,16,0
2020-09-01,Piedmont,Latino,71,8,1
2020-09-01,Roanoke,"Not Reported",452,1,0
2020-09-01,"Virginia Beach","Other Race",99,2,0
2020-09-01,Arlington,"Two or more races",32,2,0
2020-09-01,Alexandria,White,656,56,33
2020-09-01,"Lord Fairfax","Other Race",71,6,1
2020-09-01,"Thomas Jefferson","Not Reported",216,1,0
2020-09-01,"Virginia Beach","Not Reported",1704,9,3
2020-09-01,Loudoun,Black,272,28,5
2020-09-01,Pittsylvania-Danville,Latino,65,3,0
2020-09-01,"Cumberland Plateau","Not Reported",13,0,0
2020-09-01,Chesterfield,"Not Reported",1958,4,10
2020-09-01,"Mount Rogers",White,1547,163,67
2020-09-01,Richmond,White,534,35,9
2020-09-01,Lenowisco,"Not Reported",109,4,2
2020-09-01,"Three Rivers",Latino,149,5,1
2020-09-01,Piedmont,"Not Reported",713,11,3
2020-09-01,"Mount Rogers",Latino,271,6,0
2020-09-01,"Central Shenandoah","Two or more races",13,1,0
2020-09-01,Crater,White,659,53,17
2020-09-01,Arlington,White,1038,125,66
2020-09-01,Pittsylvania-Danville,"Other Race",0,0,0
2020-09-01,Chickahominy,Black,226,42,12
2020-09-01,Fairfax,Black,1481,233,62
2020-09-01,"Eastern Shore",Latino,261,11,3
2020-09-01,Norfolk,White,732,47,17
2020-09-01,"Mount Rogers","Two or more races",4,0,0
2020-09-01,Alleghany,"Two or more races",4,0,0
2020-09-01,Southside,White,206,26,18
2020-09-01,"Thomas Jefferson","Two or more races",33,0,0
2020-09-01,"Prince William",Black,1274,170,47
2020-09-01,"Lord Fairfax",White,1573,177,72
2020-09-01,"Cumberland Plateau",Latino,5,0,0
2020-09-01,Arlington,"Not Reported",306,3,0
2020-09-01,Rappahannock,"Other Race",93,4,0
2020-09-01,"Rappahannock Rapidan",Black,194,28,6
2020-09-01,"New River","Two or more races",8,0,0
2020-09-01,Arlington,Latino,1561,226,25
2020-09-01,Henrico,White,1178,112,94
2020-09-01,Loudoun,White,1392,116,86
2020-09-01,Hampton,White,226,9,1
2020-09-01,Alleghany,Black,61,5,2
2020-09-01,"Prince William",White,1521,169,85
2020-09-01,Rappahannock,White,1154,122,40
2020-09-01,Southside,"Other Race",12,0,1
2020-09-01,Portsmouth,"Two or more races",8,2,1
2020-09-01,"Western Tidewater",Black,1280,94,42
2020-09-01,Hampton,Latino,53,4,0
2020-09-01,Henrico,"Not Reported",823,4,4
2020-09-01,"West Piedmont","Two or more races",1,0,0
2020-09-01,Peninsula,"Not Reported",1445,2,0
2020-09-01,Loudoun,Latino,1921,175,14
2020-09-01,Alexandria,Black,673,88,15
2020-09-01,Piedmont,Black,457,57,15
2020-09-01,Roanoke,"Other Race",14,0,0
2020-09-01,Alexandria,"Two or more races",19,1,0
2020-09-01,"Western Tidewater",Latino,28,1,1
2020-09-01,Rappahannock,"Not Reported",1196,26,0
2020-09-01,"West Piedmont","Other Race",6,1,1
2020-09-01,Chickahominy,White,610,88,35
2020-09-01,"Thomas Jefferson",Latino,627,27,2
2020-09-01,"Cumberland Plateau",Black,41,0,0
2020-09-01,"Lord Fairfax",Latino,687,45,8
2020-09-01,"West Piedmont",Latino,233,8,1
2020-09-01,"Cumberland Plateau",White,482,47,8
2020-09-01,"Eastern Shore","Other Race",13,1,0
2020-09-01,"Cumberland Plateau","Two or more races",6,0,0
2020-09-01,Pittsylvania-Danville,"Two or more races",1,0,0
2020-09-01,Piedmont,"Other Race",10,0,0
2020-09-01,Alexandria,Latino,1638,129,10
2020-09-01,Chesapeake,Black,1427,180,19
2020-09-01,Richmond,"Other Race",111,7,2
2020-09-01,Henrico,Latino,817,56,9
2020-09-01,Piedmont,"Two or more races",4,2,0
2020-09-01,"Prince William","Other Race",393,15,0
2020-09-01,"New River","Not Reported",244,2,0
2020-09-01,"Rappahannock Rapidan",White,651,47,15
2020-09-01,"Central Virginia","Not Reported",1549,13,1
2020-09-01,"Virginia Beach","Two or more races",51,3,1
2020-09-01,Pittsylvania-Danville,White,321,38,11
2020-09-01,"Lord Fairfax",Black,129,15,6
2020-09-01,Fairfax,Latino,9139,981,91
2020-09-01,Chesterfield,"Asian or Pacific Islander",52,2,1
2020-09-01,Crater,"Asian or Pacific Islander",16,0,0
2020-09-01,Fairfax,"Asian or Pacific Islander",1523,252,71
2020-09-01,Hampton,"Asian or Pacific Islander",11,0,0
2020-09-01,"Rappahannock Rapidan","Asian or Pacific Islander",8,1,0
2020-09-01,"Mount Rogers","Asian or Pacific Islander",3,1,0
2020-09-01,"New River","Asian or Pacific Islander",21,0,0
2020-09-01,"Central Virginia","Asian or Pacific Islander",11,1,0
2020-09-01,"Lord Fairfax","Asian or Pacific Islander",14,0,0
2020-09-01,Southside,"Asian or Pacific Islander",1,0,0
2020-09-01,Alleghany,"Asian or Pacific Islander",16,0,0
2020-09-01,Portsmouth,"Asian or Pacific Islander",13,2,0
2020-09-01,Roanoke,"Asian or Pacific Islander",12,0,0
2020-09-01,Richmond,"Asian or Pacific Islander",31,3,1
2020-09-01,"Thomas Jefferson","Asian or Pacific Islander",38,0,1
2020-09-01,"Virginia Beach","Asian or Pacific Islander",234,20,2
2020-09-01,Henrico,"Asian or Pacific Islander",173,10,4
2020-09-01,Piedmont,"Asian or Pacific Islander",8,0,0
2020-09-01,"Western Tidewater","Asian or Pacific Islander",13,2,0
2020-09-01,"West Piedmont","Asian or Pacific Islander",11,1,1
2020-09-01,Chickahominy,"Asian or Pacific Islander",13,1,0
2020-09-01,Peninsula,"Asian or Pacific Islander",41,4,5
2020-09-01,Norfolk,"Asian or Pacific Islander",57,5,0
2020-09-01,Arlington,"Asian or Pacific Islander",167,22,12
2020-09-01,Loudoun,"Asian or Pacific Islander",349,49,11
2020-09-01,Alexandria,"Asian or Pacific Islander",117,10,1
2020-09-01,Rappahannock,"Asian or Pacific Islander",69,9,1
2020-09-01,Chesapeake,"Asian or Pacific Islander",60,9,4
2020-09-01,"Cumberland Plateau and Lenowisco","Asian or Pacific Islander",1,0,0
2020-09-01,"Central Shenandoah","Asian or Pacific Islander",30,2,0
2020-09-01,"Prince William","Asian or Pacific Islander",429,50,15
2020-09-01,Pittsylvania-Danville,"Asian or Pacific Islander",3,0,0
2020-09-01,"Eastern Shore and Three Rivers","Asian or Pacific Islander",12,1,0
2020-09-01,Piedmont,"Native American",1,0,0
2020-09-01,"New River","Native American",1,0,0
2020-09-01,"Central Shenandoah","Native American",3,1,0
2020-09-01,"Eastern Shore and Three Rivers","Native American",1,0,0
2020-09-01,Fairfax,"Native American",32,1,1
2020-09-01,Chesapeake,"Native American",11,0,0
2020-09-01,"Western Tidewater","Native American",2,0,0
2020-09-01,Portsmouth,"Native American",3,2,0
2020-09-01,Richmond,"Native American",0,0,0
2020-09-01,Chickahominy,"Native American",5,1,0
2020-09-01,"Thomas Jefferson","Native American",2,0,0
2020-09-01,Arlington,"Native American",5,0,0
2020-09-01,"Virginia Beach","Native American",7,0,0
2020-09-01,Peninsula,"Native American",7,2,1
2020-09-01,Hampton,"Native American",2,0,0
2020-09-01,"West Piedmont","Native American",2,0,0
2020-09-01,"Cumberland Plateau, Lenowisco, and Mount Rogers","Native American",1,0,0
2020-09-01,Henrico,"Native American",8,0,0
2020-09-01,Norfolk,"Native American",9,1,1
2020-09-01,"Prince William","Native American",15,1,1
2020-09-01,"Central Virginia","Native American",2,0,0
2020-09-01,Chesterfield,"Native American",5,0,0
2020-09-01,Rappahannock,"Native American",4,0,0
2020-09-01,Loudoun,"Native American",5,0,0
2020-09-01,Alexandria,"Native American",3,0,0
2020-09-01,"Alleghany and Roanoke","Native American",1,0,0
2020-09-01,Crater,"Native American",5,0,0
2020-09-01,"Rappahannock Rapidan","Native American",1,0,0
2020-09-01,"Lord Fairfax","Native American",2,1,1
2020-09-01,"Pittsylvania-Danville and Southside","Native American",0,0,0
2020-09-02,"Rappahannock Rapidan","Not Reported",619,11,2
2020-09-02,Portsmouth,"Other Race",71,8,4
2020-09-02,"Western Tidewater","Two or more races",26,0,0
2020-09-02,Piedmont,White,458,49,20
2020-09-02,Chesterfield,Latino,1303,84,6
2020-09-02,Lenowisco,White,596,58,9
2020-09-02,Lenowisco,"Two or more races",2,0,0
2020-09-02,Hampton,"Not Reported",561,2,2
2020-09-02,Southside,"Not Reported",478,9,4
2020-09-02,Roanoke,Black,148,13,3
2020-09-02,Hampton,Black,652,37,13
2020-09-02,Alleghany,"Other Race",7,1,0
2020-09-02,Lenowisco,Latino,10,0,0
2020-09-02,Loudoun,"Other Race",161,13,2
2020-09-02,"Central Shenandoah",Latino,974,55,6
2020-09-02,"Rappahannock Rapidan",Latino,765,60,7
2020-09-02,"Eastern Shore",Black,850,97,27
2020-09-02,Norfolk,Latino,300,20,0
2020-09-02,Hampton,"Two or more races",14,0,0
2020-09-02,Richmond,Black,1339,223,29
2020-09-02,Henrico,"Two or more races",35,1,0
2020-09-02,Fairfax,"Two or more races",78,5,0
2020-09-02,Alleghany,"Not Reported",362,2,0
2020-09-02,Portsmouth,"Not Reported",564,3,0
2020-09-02,"Cumberland Plateau","Other Race",2,1,0
2020-09-02,Southside,"Two or more races",23,0,0
2020-09-02,Portsmouth,White,282,25,8
2020-09-02,"Rappahannock Rapidan","Two or more races",27,3,0
2020-09-02,Fairfax,White,3393,473,301
2020-09-02,Fairfax,"Other Race",726,82,18
2020-09-02,Crater,"Two or more races",5,0,0
2020-09-02,"West Piedmont","Not Reported",347,28,3
2020-09-02,Henrico,"Other Race",129,12,0
2020-09-02,"Three Rivers",White,519,43,9
2020-09-02,"Central Virginia",Black,184,24,6
2020-09-02,Lenowisco,"Other Race",7,0,0
2020-09-02,"Three Rivers","Other Race",13,3,0
2020-09-02,"Western Tidewater",White,611,56,47
2020-09-02,"Mount Rogers",Black,53,8,2
2020-09-02,"Three Rivers","Not Reported",203,3,1
2020-09-02,"Thomas Jefferson",Black,460,67,13
2020-09-02,"Eastern Shore",White,239,26,18
2020-09-02,"Central Virginia",White,592,39,11
2020-09-02,Lenowisco,Black,5,1,1
2020-09-02,"Central Virginia","Two or more races",1,0,0
2020-09-02,Richmond,"Two or more races",21,1,0
2020-09-02,Crater,"Not Reported",627,9,5
2020-09-02,Chesterfield,"Two or more races",21,2,0
2020-09-02,"New River",Latino,115,5,0
2020-09-02,Richmond,Latino,1258,102,7
2020-09-02,Portsmouth,Latino,58,12,1
2020-09-02,Pittsylvania-Danville,"Not Reported",558,9,0
2020-09-02,Chesapeake,"Not Reported",893,8,0
2020-09-02,Chickahominy,Latino,82,4,0
2020-09-02,Crater,Black,1691,182,51
2020-09-02,Chesterfield,Black,894,101,26
2020-09-02,Chesterfield,"Other Race",200,10,0
2020-09-02,Peninsula,Black,979,66,18
2020-09-02,Roanoke,White,237,14,12
2020-09-02,"New River",Black,80,3,0
2020-09-02,Southside,Latino,5,0,0
2020-09-02,Peninsula,Latino,297,19,1
2020-09-02,Rappahannock,"Two or more races",32,3,0
2020-09-02,"Virginia Beach",Black,1565,110,17
2020-09-02,"Mount Rogers","Not Reported",107,2,2
2020-09-02,Loudoun,"Not Reported",1876,4,0
2020-09-02,Chesapeake,"Other Race",64,4,1
2020-09-02,Chickahominy,"Two or more races",3,1,0
2020-09-02,Crater,"Other Race",33,0,0
2020-09-02,Norfolk,"Two or more races",46,2,0
2020-09-02,"Eastern Shore","Two or more races",1,1,0
2020-09-02,"Central Shenandoah",White,1907,162,51
2020-09-02,"New River","Other Race",7,0,0
2020-09-02,"New River",White,941,27,9
2020-09-02,"Central Shenandoah","Other Race",55,2,0
2020-09-02,"West Piedmont",Black,395,74,11
2020-09-02,Alleghany,Latino,144,11,0
2020-09-02,"Central Shenandoah","Not Reported",409,3,1
2020-09-02,Roanoke,"Two or more races",2,1,0
2020-09-02,Peninsula,"Two or more races",45,3,0
2020-09-02,Richmond,"Not Reported",653,2,1
2020-09-02,Arlington,"Other Race",85,10,4
2020-09-02,Norfolk,"Not Reported",994,3,0
2020-09-02,Alexandria,"Other Race",71,7,2
2020-09-02,"Virginia Beach",White,2048,156,44
2020-09-02,Chesapeake,"Two or more races",40,2,1
2020-09-02,Alleghany,White,589,42,20
2020-09-02,"Rappahannock Rapidan","Other Race",35,2,0
2020-09-02,Chickahominy,"Not Reported",301,1,1
2020-09-02,Portsmouth,Black,1243,132,27
2020-09-02,Chickahominy,"Other Race",14,2,0
2020-09-02,"Virginia Beach",Latino,367,22,3
2020-09-02,Chesapeake,White,1062,104,23
2020-09-02,Southside,Black,324,34,14
2020-09-02,Rappahannock,Latino,1229,104,8
2020-09-02,"Three Rivers","Two or more races",4,0,0
2020-09-02,Henrico,Black,1494,186,83
2020-09-02,Pittsylvania-Danville,Black,454,50,9
2020-09-02,"Lord Fairfax","Two or more races",11,0,0
2020-09-02,"Prince William",Latino,5665,604,68
2020-09-02,"Mount Rogers","Other Race",7,2,2
2020-09-02,"Central Shenandoah",Black,159,10,4
2020-09-02,Peninsula,White,821,81,33
2020-09-02,"Eastern Shore","Not Reported",84,0,0
2020-09-02,"Thomas Jefferson","Other Race",139,3,1
2020-09-02,Hampton,"Other Race",49,2,0
2020-09-02,"Lord Fairfax","Not Reported",324,2,6
2020-09-02,"Central Virginia","Other Race",16,0,0
2020-09-02,"Western Tidewater","Other Race",62,1,2
2020-09-02,Crater,Latino,181,9,4
2020-09-02,Chesapeake,Latino,260,22,1
2020-09-02,Chesterfield,White,1111,101,67
2020-09-02,"Western Tidewater","Not Reported",884,7,1
2020-09-02,Fairfax,"Not Reported",2376,57,31
2020-09-02,Arlington,Black,368,78,33
2020-09-02,"Central Virginia",Latino,34,3,1
2020-09-02,Alexandria,"Not Reported",218,7,1
2020-09-02,"Three Rivers",Black,401,39,9
2020-09-02,"Prince William","Two or more races",45,1,0
2020-09-02,Loudoun,"Two or more races",43,2,0
2020-09-02,Peninsula,"Other Race",145,4,0
2020-09-02,"Thomas Jefferson",White,994,72,36
2020-09-02,Norfolk,"Other Race",81,3,1
2020-09-02,"Prince William","Not Reported",3965,28,0
2020-09-02,"West Piedmont",White,646,88,19
2020-09-02,Rappahannock,Black,724,83,13
2020-09-02,Norfolk,Black,2203,208,37
2020-09-02,Roanoke,Latino,340,16,0
2020-09-02,Piedmont,Latino,72,8,1
2020-09-02,Roanoke,"Not Reported",449,1,0
2020-09-02,"Virginia Beach","Other Race",100,2,0
2020-09-02,Arlington,"Two or more races",34,2,0
2020-09-02,Alexandria,White,658,56,33
2020-09-02,"Lord Fairfax","Other Race",73,6,1
2020-09-02,"Thomas Jefferson","Not Reported",221,1,0
2020-09-02,"Virginia Beach","Not Reported",1707,10,3
2020-09-02,Loudoun,Black,275,28,5
2020-09-02,Pittsylvania-Danville,Latino,65,3,0
2020-09-02,"Cumberland Plateau","Not Reported",13,0,0
2020-09-02,Chesterfield,"Not Reported",1980,4,10
2020-09-02,"Mount Rogers",White,1591,168,68
2020-09-02,Richmond,White,536,36,9
2020-09-02,Lenowisco,"Not Reported",110,4,2
2020-09-02,"Three Rivers",Latino,149,5,1
2020-09-02,Piedmont,"Not Reported",714,11,3
2020-09-02,"Mount Rogers",Latino,271,6,0
2020-09-02,"Central Shenandoah","Two or more races",14,1,0
2020-09-02,Crater,White,670,53,17
2020-09-02,Arlington,White,1043,127,67
2020-09-02,Pittsylvania-Danville,"Other Race",0,0,0
2020-09-02,Chickahominy,Black,227,43,12
2020-09-02,Fairfax,Black,1491,233,62
2020-09-02,"Eastern Shore",Latino,261,11,3
2020-09-02,Norfolk,White,739,49,18
2020-09-02,"Mount Rogers","Two or more races",5,0,0
2020-09-02,Alleghany,"Two or more races",4,0,0
2020-09-02,Southside,White,209,28,18
2020-09-02,"Thomas Jefferson","Two or more races",33,0,0
2020-09-02,"Prince William",Black,1284,170,48
2020-09-02,"Lord Fairfax",White,1586,179,75
2020-09-02,"Cumberland Plateau",Latino,5,0,0
2020-09-02,Arlington,"Not Reported",295,3,0
2020-09-02,Rappahannock,"Other Race",93,4,0
2020-09-02,"Rappahannock Rapidan",Black,196,28,6
2020-09-02,"New River","Two or more races",10,0,0
2020-09-02,Arlington,Latino,1571,227,25
2020-09-02,Henrico,White,1182,112,94
2020-09-02,Loudoun,White,1409,118,86
2020-09-02,Hampton,White,228,9,1
2020-09-02,Alleghany,Black,63,6,2
2020-09-02,"Prince William",White,1534,170,86
2020-09-02,Rappahannock,White,1166,123,41
2020-09-02,Southside,"Other Race",12,0,1
2020-09-02,Portsmouth,"Two or more races",8,2,1
2020-09-02,"Western Tidewater",Black,1288,94,42
2020-09-02,Hampton,Latino,53,4,0
2020-09-02,Henrico,"Not Reported",829,4,4
2020-09-02,"West Piedmont","Two or more races",1,0,0
2020-09-02,Peninsula,"Not Reported",1468,2,0
2020-09-02,Loudoun,Latino,1932,175,14
2020-09-02,Alexandria,Black,688,89,15
2020-09-02,Piedmont,Black,458,57,15
2020-09-02,Roanoke,"Other Race",14,0,0
2020-09-02,Alexandria,"Two or more races",19,1,0
2020-09-02,"Western Tidewater",Latino,28,1,1
2020-09-02,Rappahannock,"Not Reported",1203,26,0
2020-09-02,"West Piedmont","Other Race",7,1,1
2020-09-02,Chickahominy,White,615,90,35
2020-09-02,"Thomas Jefferson",Latino,628,27,2
2020-09-02,"Cumberland Plateau",Black,42,0,0
2020-09-02,"Lord Fairfax",Latino,691,45,8
2020-09-02,"West Piedmont",Latino,233,8,1
2020-09-02,"Cumberland Plateau",White,485,47,8
2020-09-02,"Eastern Shore","Other Race",13,1,0
2020-09-02,"Cumberland Plateau","Two or more races",6,0,0
2020-09-02,Pittsylvania-Danville,"Two or more races",1,0,0
2020-09-02,Piedmont,"Other Race",10,0,0
2020-09-02,Alexandria,Latino,1640,129,10
2020-09-02,Chesapeake,Black,1435,185,19
2020-09-02,Richmond,"Other Race",110,6,2
2020-09-02,Henrico,Latino,818,56,9
2020-09-02,Piedmont,"Two or more races",4,2,0
2020-09-02,"Prince William","Other Race",388,16,0
2020-09-02,"New River","Not Reported",270,2,0
2020-09-02,"Rappahannock Rapidan",White,659,47,16
2020-09-02,"Central Virginia","Not Reported",1544,13,1
2020-09-02,"Virginia Beach","Two or more races",51,3,1
2020-09-02,Pittsylvania-Danville,White,326,38,11
2020-09-02,"Lord Fairfax",Black,131,15,6
2020-09-02,Fairfax,Latino,9162,983,91
2020-09-02,Chesterfield,"Asian or Pacific Islander",52,2,1
2020-09-02,Crater,"Asian or Pacific Islander",16,0,0
2020-09-02,Fairfax,"Asian or Pacific Islander",1535,252,71
2020-09-02,Hampton,"Asian or Pacific Islander",11,0,0
2020-09-02,"Rappahannock Rapidan","Asian or Pacific Islander",8,1,0
2020-09-02,"Mount Rogers","Asian or Pacific Islander",3,1,0
2020-09-02,"New River","Asian or Pacific Islander",22,0,0
2020-09-02,"Central Virginia","Asian or Pacific Islander",11,1,0
2020-09-02,"Lord Fairfax","Asian or Pacific Islander",14,0,0
2020-09-02,Southside,"Asian or Pacific Islander",1,0,0
2020-09-02,Alleghany,"Asian or Pacific Islander",16,0,0
2020-09-02,Portsmouth,"Asian or Pacific Islander",13,2,0
2020-09-02,Roanoke,"Asian or Pacific Islander",12,0,0
2020-09-02,Richmond,"Asian or Pacific Islander",33,3,1
2020-09-02,"Thomas Jefferson","Asian or Pacific Islander",38,0,1
2020-09-02,"Virginia Beach","Asian or Pacific Islander",236,21,2
2020-09-02,Henrico,"Asian or Pacific Islander",175,10,4
2020-09-02,Piedmont,"Asian or Pacific Islander",8,0,0
2020-09-02,"Western Tidewater","Asian or Pacific Islander",13,2,0
2020-09-02,"West Piedmont","Asian or Pacific Islander",11,1,1
2020-09-02,Chickahominy,"Asian or Pacific Islander",13,1,0
2020-09-02,Peninsula,"Asian or Pacific Islander",41,4,5
2020-09-02,Norfolk,"Asian or Pacific Islander",57,5,0
2020-09-02,Arlington,"Asian or Pacific Islander",168,22,12
2020-09-02,Loudoun,"Asian or Pacific Islander",352,49,11
2020-09-02,Alexandria,"Asian or Pacific Islander",118,11,1
2020-09-02,Rappahannock,"Asian or Pacific Islander",69,9,1
2020-09-02,Chesapeake,"Asian or Pacific Islander",61,9,4
2020-09-02,"Cumberland Plateau and Lenowisco","Asian or Pacific Islander",1,0,0
2020-09-02,"Central Shenandoah","Asian or Pacific Islander",30,2,0
2020-09-02,"Prince William","Asian or Pacific Islander",432,51,15
2020-09-02,Pittsylvania-Danville,"Asian or Pacific Islander",3,0,0
2020-09-02,"Eastern Shore and Three Rivers","Asian or Pacific Islander",12,1,0
2020-09-02,Piedmont,"Native American",1,0,0
2020-09-02,"New River","Native American",1,0,0
2020-09-02,"Central Shenandoah","Native American",3,1,0
2020-09-02,"Eastern Shore and Three Rivers","Native American",1,0,0
2020-09-02,Fairfax,"Native American",32,1,1
2020-09-02,Chesapeake,"Native American",11,0,0
2020-09-02,"Western Tidewater","Native American",2,0,0
2020-09-02,Portsmouth,"Native American",3,2,0
2020-09-02,Richmond,"Native American",0,0,0
2020-09-02,Chickahominy,"Native American",5,1,0
2020-09-02,"Thomas Jefferson","Native American",2,0,0
2020-09-02,Arlington,"Native American",5,0,0
2020-09-02,"Virginia Beach","Native American",7,0,0
2020-09-02,Peninsula,"Native American",7,2,1
2020-09-02,Hampton,"Native American",2,0,0
2020-09-02,"West Piedmont","Native American",2,0,0
2020-09-02,"Cumberland Plateau, Lenowisco, and Mount Rogers","Native American",1,0,0
2020-09-02,Henrico,"Native American",8,0,0
2020-09-02,Norfolk,"Native American",9,1,1
2020-09-02,"Prince William","Native American",15,1,1
2020-09-02,"Central Virginia","Native American",3,0,0
2020-09-02,Chesterfield,"Native American",5,0,0
2020-09-02,Rappahannock,"Native American",4,0,0
2020-09-02,Loudoun,"Native American",5,0,0
2020-09-02,Alexandria,"Native American",3,0,0
2020-09-02,"Alleghany and Roanoke","Native American",1,0,0
2020-09-02,Crater,"Native American",5,0,0
2020-09-02,"Rappahannock Rapidan","Native American",1,0,0
2020-09-02,"Lord Fairfax","Native American",2,1,1
2020-09-02,"Pittsylvania-Danville and Southside","Native American",0,0,0
2020-09-03,"Rappahannock Rapidan","Not Reported",619,11,2
2020-09-03,Portsmouth,"Other Race",71,9,4
2020-09-03,"Western Tidewater","Two or more races",26,0,0
2020-09-03,Piedmont,White,460,49,20
2020-09-03,Chesterfield,Latino,1309,84,6
2020-09-03,Lenowisco,White,609,60,9
2020-09-03,Lenowisco,"Two or more races",2,0,0
2020-09-03,Hampton,"Not Reported",575,2,2
2020-09-03,Southside,"Not Reported",478,9,4
2020-09-03,Roanoke,Black,150,13,3
2020-09-03,Hampton,Black,656,37,13
2020-09-03,Alleghany,"Other Race",7,1,0
2020-09-03,Lenowisco,Latino,10,0,0
2020-09-03,Loudoun,"Other Race",163,13,2
2020-09-03,"Central Shenandoah",Latino,979,55,6
2020-09-03,"Rappahannock Rapidan",Latino,765,61,7
2020-09-03,"Eastern Shore",Black,850,97,27
2020-09-03,Norfolk,Latino,303,20,0
2020-09-03,Hampton,"Two or more races",14,0,0
2020-09-03,Richmond,Black,1375,226,29
2020-09-03,Henrico,"Two or more races",36,1,0
2020-09-03,Fairfax,"Two or more races",79,5,0
2020-09-03,Alleghany,"Not Reported",358,2,0
2020-09-03,Portsmouth,"Not Reported",554,3,0
2020-09-03,"Cumberland Plateau","Other Race",2,1,0
2020-09-03,Southside,"Two or more races",23,0,0
2020-09-03,Portsmouth,White,287,25,8
2020-09-03,"Rappahannock Rapidan","Two or more races",27,3,0
2020-09-03,Fairfax,White,3440,473,301
2020-09-03,Fairfax,"Other Race",724,83,18
2020-09-03,Crater,"Two or more races",6,0,0
2020-09-03,"West Piedmont","Not Reported",347,27,3
2020-09-03,Henrico,"Other Race",134,12,0
2020-09-03,"Three Rivers",White,529,43,9
2020-09-03,"Central Virginia",Black,187,25,6
2020-09-03,Lenowisco,"Other Race",7,0,0
2020-09-03,"Three Rivers","Other Race",14,3,0
2020-09-03,"Western Tidewater",White,613,56,47
2020-09-03,"Mount Rogers",Black,53,8,2
2020-09-03,"Three Rivers","Not Reported",205,3,1
2020-09-09,Fairfax,White,3582,478,303
2020-09-03,"Thomas Jefferson",Black,463,67,13
2020-09-03,"Eastern Shore",White,243,26,18
2020-09-03,"Central Virginia",White,611,40,11
2020-09-03,Lenowisco,Black,5,1,1
2020-09-03,"Central Virginia","Two or more races",1,0,0
2020-09-03,Richmond,"Two or more races",24,1,0
2020-09-03,Crater,"Not Reported",629,9,5
2020-09-03,Chesterfield,"Two or more races",21,2,0
2020-09-03,"New River",Latino,119,5,0
2020-09-03,Richmond,Latino,1262,102,7
2020-09-03,Portsmouth,Latino,58,12,1
2020-09-03,Pittsylvania-Danville,"Not Reported",556,10,0
2020-09-03,Chesapeake,"Not Reported",897,8,0
2020-09-03,Chickahominy,Latino,82,4,0
2020-09-03,Crater,Black,1711,181,51
2020-09-03,Chesterfield,Black,904,101,26
2020-09-03,Chesterfield,"Other Race",199,10,0
2020-09-03,Peninsula,Black,988,66,18
2020-09-03,Roanoke,White,237,14,12
2020-09-03,"New River",Black,85,3,0
2020-09-03,Southside,Latino,5,0,0
2020-09-03,Peninsula,Latino,298,19,1
2020-09-03,Rappahannock,"Two or more races",32,3,0
2020-09-03,"Virginia Beach",Black,1571,111,17
2020-09-03,"Mount Rogers","Not Reported",109,2,2
2020-09-03,Loudoun,"Not Reported",1807,4,0
2020-09-03,Chesapeake,"Other Race",65,4,1
2020-09-03,Chickahominy,"Two or more races",4,1,0
2020-09-03,Crater,"Other Race",35,0,0
2020-09-03,Norfolk,"Two or more races",47,1,0
2020-09-03,"Eastern Shore","Two or more races",1,1,0
2020-09-03,"Central Shenandoah",White,1955,163,51
2020-09-03,"New River","Other Race",7,0,0
2020-09-03,"New River",White,1008,27,9
2020-09-03,"Central Shenandoah","Other Race",58,2,0
2020-09-03,"West Piedmont",Black,402,75,11
2020-09-03,Alleghany,Latino,146,11,0
2020-09-03,"Central Shenandoah","Not Reported",416,3,1
2020-09-03,Roanoke,"Two or more races",2,1,0
2020-09-03,Peninsula,"Two or more races",46,3,0
2020-09-03,Richmond,"Not Reported",667,2,1
2020-09-03,Arlington,"Other Race",86,10,4
2020-09-03,Norfolk,"Not Reported",988,4,0
2020-09-03,Alexandria,"Other Race",72,7,2
2020-09-03,"Virginia Beach",White,2062,156,44
2020-09-03,Chesapeake,"Two or more races",41,2,1
2020-09-03,Alleghany,White,611,42,20
2020-09-03,"Rappahannock Rapidan","Other Race",35,2,0
2020-09-03,Chickahominy,"Not Reported",303,1,1
2020-09-03,Portsmouth,Black,1264,133,28
2020-09-03,Chickahominy,"Other Race",15,2,0
2020-09-03,"Virginia Beach",Latino,367,22,3
2020-09-03,Chesapeake,White,1072,105,23
2020-09-03,Southside,Black,338,34,14
2020-09-03,Rappahannock,Latino,1236,104,8
2020-09-03,"Three Rivers","Two or more races",4,0,0
2020-09-03,Henrico,Black,1501,187,83
2020-09-03,Pittsylvania-Danville,Black,472,53,9
2020-09-03,"Lord Fairfax","Two or more races",11,0,0
2020-09-03,"Prince William",Latino,5694,606,68
2020-09-03,"Mount Rogers","Other Race",7,2,2
2020-09-03,"Central Shenandoah",Black,161,10,4
2020-09-03,Peninsula,White,826,81,33
2020-09-03,"Eastern Shore","Not Reported",84,0,0
2020-09-03,"Thomas Jefferson","Other Race",140,3,1
2020-09-03,Hampton,"Other Race",49,2,0
2020-09-03,"Lord Fairfax","Not Reported",324,2,6
2020-09-03,"Central Virginia","Other Race",16,0,0
2020-09-03,"Western Tidewater","Other Race",62,1,2
2020-09-03,Crater,Latino,181,9,4
2020-09-03,Chesapeake,Latino,261,22,1
2020-09-03,Chesterfield,White,1124,101,67
2020-09-16,Henrico,Black,1609,197,86
2020-09-03,"Western Tidewater","Not Reported",905,7,1
2020-09-03,Fairfax,"Not Reported",2322,56,31
2020-09-03,Arlington,Black,367,78,33
2020-09-03,"Central Virginia",Latino,34,3,1
2020-09-03,Alexandria,"Not Reported",217,7,1
2020-09-03,"Three Rivers",Black,407,39,9
2020-09-03,"Prince William","Two or more races",46,1,0
2020-09-03,Loudoun,"Two or more races",43,2,0
2020-09-03,Peninsula,"Other Race",146,4,0
2020-09-03,"Thomas Jefferson",White,1035,73,39
2020-09-03,Norfolk,"Other Race",80,3,1
2020-09-03,"Prince William","Not Reported",3997,28,0
2020-09-03,"West Piedmont",White,659,88,19
2020-09-03,Rappahannock,Black,732,83,13
2020-09-03,Norfolk,Black,2215,216,39
2020-09-03,Roanoke,Latino,340,16,0
2020-09-03,Piedmont,Latino,72,8,1
2020-09-03,Roanoke,"Not Reported",438,1,0
2020-09-03,"Virginia Beach","Other Race",99,2,0
2020-09-03,Arlington,"Two or more races",34,2,0
2020-09-03,Alexandria,White,663,57,33
2020-09-03,"Lord Fairfax","Other Race",71,6,1
2020-09-03,"Thomas Jefferson","Not Reported",223,1,0
2020-09-03,"Virginia Beach","Not Reported",1727,10,3
2020-09-03,Loudoun,Black,278,28,5
2020-09-03,Pittsylvania-Danville,Latino,65,3,0
2020-09-03,"Cumberland Plateau","Not Reported",15,0,0
2020-09-03,Chesterfield,"Not Reported",1989,4,10
2020-09-03,"Mount Rogers",White,1623,170,69
2020-09-03,Richmond,White,554,36,9
2020-09-03,Lenowisco,"Not Reported",110,4,2
2020-09-03,"Three Rivers",Latino,149,5,1
2020-09-03,Piedmont,"Not Reported",717,11,4
2020-09-03,"Mount Rogers",Latino,272,6,0
2020-09-03,"Central Shenandoah","Two or more races",15,1,0
2020-09-03,Crater,White,677,54,18
2020-09-03,Arlington,White,1046,128,67
2020-09-03,Pittsylvania-Danville,"Other Race",0,0,0
2020-09-03,Chickahominy,Black,232,43,12
2020-09-03,Fairfax,Black,1507,236,62
2020-09-03,"Eastern Shore",Latino,260,11,3
2020-09-03,Norfolk,White,750,49,18
2020-09-03,"Mount Rogers","Two or more races",5,0,0
2020-09-03,Alleghany,"Two or more races",4,0,0
2020-09-03,Southside,White,211,28,18
2020-09-03,"Thomas Jefferson","Two or more races",33,0,0
2020-09-03,"Prince William",Black,1290,171,48
2020-09-03,"Lord Fairfax",White,1590,180,75
2020-09-03,"Cumberland Plateau",Latino,5,0,0
2020-09-03,Arlington,"Not Reported",305,3,0
2020-09-03,Rappahannock,"Other Race",95,4,0
2020-09-03,"Rappahannock Rapidan",Black,196,28,6
2020-09-03,"New River","Two or more races",12,0,0
2020-09-03,Arlington,Latino,1576,227,25
2020-09-03,Henrico,White,1187,113,94
2020-09-03,Loudoun,White,1420,118,86
2020-09-03,Hampton,White,229,9,1
2020-09-03,Alleghany,Black,65,6,2
2020-09-03,"Prince William",White,1542,171,86
2020-09-03,Rappahannock,White,1175,125,40
2020-09-03,Southside,"Other Race",12,0,1
2020-09-03,Portsmouth,"Two or more races",8,2,1
2020-09-03,"Western Tidewater",Black,1312,94,42
2020-09-03,Hampton,Latino,53,4,0
2020-09-03,Henrico,"Not Reported",842,4,4
2020-09-03,"West Piedmont","Two or more races",1,0,0
2020-09-03,Peninsula,"Not Reported",1500,2,0
2020-09-03,Loudoun,Latino,1999,177,14
2020-09-03,Alexandria,Black,694,89,15
2020-09-03,Piedmont,Black,461,57,15
2020-09-03,Roanoke,"Other Race",15,0,0
2020-09-03,Alexandria,"Two or more races",21,1,0
2020-09-03,"Western Tidewater",Latino,28,1,1
2020-09-03,Rappahannock,"Not Reported",1208,26,0
2020-09-03,"West Piedmont","Other Race",7,1,1
2020-09-03,Chickahominy,White,626,90,35
2020-09-03,"Thomas Jefferson",Latino,628,27,2
2020-09-03,"Cumberland Plateau",Black,42,0,0
2020-09-03,"Lord Fairfax",Latino,695,46,8
2020-09-03,"West Piedmont",Latino,235,8,1
2020-09-03,"Cumberland Plateau",White,487,47,9
2020-09-03,"Eastern Shore","Other Race",13,1,0
2020-09-03,"Cumberland Plateau","Two or more races",6,0,0
2020-09-03,Pittsylvania-Danville,"Two or more races",1,0,0
2020-09-03,Piedmont,"Other Race",10,0,0
2020-09-03,Alexandria,Latino,1647,129,10
2020-09-03,Chesapeake,Black,1451,189,19
2020-09-03,Richmond,"Other Race",111,6,2
2020-09-03,Henrico,Latino,820,56,9
2020-09-03,Piedmont,"Two or more races",4,2,0
2020-09-03,"Prince William","Other Race",393,16,1
2020-09-03,"New River","Not Reported",276,2,0
2020-09-03,"Rappahannock Rapidan",White,672,48,16
2020-09-03,"Central Virginia","Not Reported",1571,12,1
2020-09-03,"Virginia Beach","Two or more races",53,4,1
2020-09-03,Pittsylvania-Danville,White,340,38,11
2020-09-03,"Lord Fairfax",Black,133,15,6
2020-09-03,Fairfax,Latino,9210,992,91
2020-09-03,Chesterfield,"Asian or Pacific Islander",55,2,1
2020-09-03,Crater,"Asian or Pacific Islander",16,0,0
2020-09-03,Fairfax,"Asian or Pacific Islander",1544,254,72
2020-09-03,Hampton,"Asian or Pacific Islander",11,0,0
2020-09-03,"Rappahannock Rapidan","Asian or Pacific Islander",8,1,0
2020-09-03,"Mount Rogers","Asian or Pacific Islander",3,1,0
2020-09-03,"New River","Asian or Pacific Islander",26,0,0
2020-09-03,"Central Virginia","Asian or Pacific Islander",11,1,0
2020-09-03,"Lord Fairfax","Asian or Pacific Islander",14,0,0
2020-09-03,Southside,"Asian or Pacific Islander",1,0,0
2020-09-03,Alleghany,"Asian or Pacific Islander",16,0,0
2020-09-03,Portsmouth,"Asian or Pacific Islander",13,2,0
2020-09-03,Roanoke,"Asian or Pacific Islander",16,1,0
2020-09-03,Richmond,"Asian or Pacific Islander",34,3,1
2020-09-03,"Thomas Jefferson","Asian or Pacific Islander",38,0,1
2020-09-03,"Virginia Beach","Asian or Pacific Islander",242,21,2
2020-09-03,Henrico,"Asian or Pacific Islander",179,10,4
2020-09-03,Piedmont,"Asian or Pacific Islander",8,0,0
2020-09-03,"Western Tidewater","Asian or Pacific Islander",13,2,0
2020-09-03,"West Piedmont","Asian or Pacific Islander",11,1,1
2020-09-03,Chickahominy,"Asian or Pacific Islander",13,1,0
2020-09-03,Peninsula,"Asian or Pacific Islander",41,4,5
2020-09-03,Norfolk,"Asian or Pacific Islander",58,6,0
2020-09-03,Arlington,"Asian or Pacific Islander",168,22,12
2020-09-03,Loudoun,"Asian or Pacific Islander",362,49,11
2020-09-03,Alexandria,"Asian or Pacific Islander",119,11,1
2020-09-03,Rappahannock,"Asian or Pacific Islander",70,9,1
2020-09-03,Chesapeake,"Asian or Pacific Islander",61,9,4
2020-09-03,"Cumberland Plateau and Lenowisco","Asian or Pacific Islander",1,0,0
2020-09-03,"Central Shenandoah","Asian or Pacific Islander",33,2,0
2020-09-03,"Prince William","Asian or Pacific Islander",436,51,15
2020-09-03,Pittsylvania-Danville,"Asian or Pacific Islander",3,0,0
2020-09-03,"Eastern Shore and Three Rivers","Asian or Pacific Islander",12,1,0
2020-09-03,Piedmont,"Native American",1,0,0
2020-09-03,"New River","Native American",1,0,0
2020-09-03,"Central Shenandoah","Native American",3,1,0
2020-09-03,"Eastern Shore and Three Rivers","Native American",1,0,0
2020-09-03,Fairfax,"Native American",32,1,1
2020-09-03,Chesapeake,"Native American",11,0,0
2020-09-03,"Western Tidewater","Native American",2,0,0
2020-09-03,Portsmouth,"Native American",3,2,0
2020-09-03,Richmond,"Native American",0,0,0
2020-09-03,Chickahominy,"Native American",5,1,0
2020-09-03,"Thomas Jefferson","Native American",2,0,0
2020-09-03,Arlington,"Native American",5,0,0
2020-09-03,"Virginia Beach","Native American",7,0,0
2020-09-03,Peninsula,"Native American",7,2,1
2020-09-03,Hampton,"Native American",2,0,0
2020-09-03,"West Piedmont","Native American",2,0,0
2020-09-03,"Cumberland Plateau, Lenowisco, and Mount Rogers","Native American",1,0,0
2020-09-03,Henrico,"Native American",8,0,0
2020-09-03,Norfolk,"Native American",9,1,1
2020-09-03,"Prince William","Native American",16,1,1
2020-09-03,"Central Virginia","Native American",3,0,0
2020-09-03,Chesterfield,"Native American",5,0,0
2020-09-03,Rappahannock,"Native American",4,0,0
2020-09-03,Loudoun,"Native American",5,0,0
2020-09-03,Alexandria,"Native American",3,0,0
2020-09-03,"Alleghany and Roanoke","Native American",1,0,0
2020-09-03,Crater,"Native American",5,0,0
2020-09-03,"Rappahannock Rapidan","Native American",1,0,0
2020-09-03,"Lord Fairfax","Native American",2,1,1
2020-09-03,"Pittsylvania-Danville and Southside","Native American",0,0,0
2020-09-04,"Rappahannock Rapidan","Not Reported",621,11,2
2020-09-04,Portsmouth,"Other Race",71,9,4
2020-09-04,"Western Tidewater","Two or more races",26,0,0
2020-09-04,Piedmont,White,464,49,20
2020-09-04,Chesterfield,Latino,1313,84,6
2020-09-04,Lenowisco,White,621,61,9
2020-09-04,Lenowisco,"Two or more races",2,0,0
2020-09-04,Hampton,"Not Reported",582,2,2
2020-09-04,Southside,"Not Reported",482,9,4
2020-09-04,Roanoke,Black,156,15,3
2020-09-04,Hampton,Black,660,37,13
2020-09-04,Alleghany,"Other Race",7,1,0
2020-09-04,Lenowisco,Latino,10,0,0
2020-09-04,Loudoun,"Other Race",164,13,2
2020-09-04,"Central Shenandoah",Latino,986,55,6
2020-09-04,"Rappahannock Rapidan",Latino,768,61,7
2020-09-04,"Eastern Shore",Black,850,97,27
2020-09-04,Norfolk,Latino,304,20,0
2020-09-04,Hampton,"Two or more races",14,0,0
2020-09-04,Richmond,Black,1384,228,29
2020-09-04,Henrico,"Two or more races",38,1,0
2020-09-04,Fairfax,"Two or more races",81,5,0
2020-09-04,Alleghany,"Not Reported",369,2,0
2020-09-04,Portsmouth,"Not Reported",545,3,0
2020-09-04,"Cumberland Plateau","Other Race",2,1,0
2020-09-04,Southside,"Two or more races",23,0,0
2020-09-04,Portsmouth,White,290,26,8
2020-09-04,"Rappahannock Rapidan","Two or more races",27,3,0
2020-09-04,Fairfax,White,3479,475,301
2020-09-04,Fairfax,"Other Race",730,82,18
2020-09-04,Crater,"Two or more races",6,0,0
2020-09-04,"West Piedmont","Not Reported",340,28,3
2020-09-04,Henrico,"Other Race",140,12,0
2020-09-04,"Three Rivers",White,528,43,9
2020-09-04,"Central Virginia",Black,194,25,6
2020-09-04,Lenowisco,"Other Race",7,0,0
2020-09-04,"Three Rivers","Other Race",14,3,0
2020-09-04,"Western Tidewater",White,622,57,48
2020-09-04,"Mount Rogers",Black,53,8,2
2020-09-04,"Three Rivers","Not Reported",216,3,1
2020-09-04,"Thomas Jefferson",Black,464,67,13
2020-09-04,"Eastern Shore",White,243,26,18
2020-09-04,"Central Virginia",White,635,42,11
2020-09-04,Lenowisco,Black,5,1,1
2020-09-04,"Central Virginia","Two or more races",1,0,0
2020-09-04,Richmond,"Two or more races",27,1,0
2020-09-04,Crater,"Not Reported",640,9,5
2020-09-04,Chesterfield,"Two or more races",22,3,0
2020-09-04,"New River",Latino,122,5,0
2020-09-04,Richmond,Latino,1263,104,7
2020-09-04,Portsmouth,Latino,59,12,1
2020-09-04,Pittsylvania-Danville,"Not Reported",581,10,0
2020-09-04,Chesapeake,"Not Reported",897,8,0
2020-09-04,Chickahominy,Latino,82,4,0
2020-09-04,Crater,Black,1723,180,51
2020-09-04,Chesterfield,Black,916,103,26
2020-09-04,Chesterfield,"Other Race",197,10,0
2020-09-04,Peninsula,Black,1001,66,18
2020-09-04,Roanoke,White,242,15,12
2020-09-04,"New River",Black,90,3,0
2020-09-04,Southside,Latino,8,0,0
2020-09-04,Peninsula,Latino,298,19,1
2020-09-04,Rappahannock,"Two or more races",33,3,0
2020-09-04,"Virginia Beach",Black,1583,111,17
2020-09-04,"Mount Rogers","Not Reported",113,2,2
2020-09-04,Loudoun,"Not Reported",1849,5,0
2020-09-04,Chesapeake,"Other Race",64,4,1
2020-09-04,Chickahominy,"Two or more races",4,1,0
2020-09-04,Crater,"Other Race",38,0,0
2020-09-04,Norfolk,"Two or more races",46,1,0
2020-09-04,"Eastern Shore","Two or more races",1,1,0
2020-09-04,"Central Shenandoah",White,2002,165,52
2020-09-04,"New River","Other Race",7,0,0
2020-09-04,"New River",White,1056,27,9
2020-09-04,"Central Shenandoah","Other Race",59,2,0
2020-09-04,"West Piedmont",Black,410,76,11
2020-09-04,Alleghany,Latino,145,11,0
2020-09-04,"Central Shenandoah","Not Reported",423,3,1
2020-09-04,Roanoke,"Two or more races",2,1,0
2020-09-04,Peninsula,"Two or more races",47,3,0
2020-09-04,Richmond,"Not Reported",667,2,1
2020-09-04,Arlington,"Other Race",87,10,4
2020-09-04,Norfolk,"Not Reported",988,4,0
2020-09-04,Alexandria,"Other Race",74,7,2
2020-09-04,"Virginia Beach",White,2075,157,45
2020-09-04,Chesapeake,"Two or more races",41,2,1
2020-09-04,Alleghany,White,617,43,21
2020-09-04,"Rappahannock Rapidan","Other Race",34,2,0
2020-09-04,Chickahominy,"Not Reported",305,1,1
2020-09-04,Portsmouth,Black,1277,135,28
2020-09-04,Chickahominy,"Other Race",15,2,0
2020-09-04,"Virginia Beach",Latino,367,22,3
2020-09-04,Chesapeake,White,1091,105,23
2020-09-04,Southside,Black,357,34,14
2020-09-04,Rappahannock,Latino,1241,105,8
2020-09-04,"Three Rivers","Two or more races",4,0,0
2020-09-04,Henrico,Black,1505,189,83
2020-09-04,Pittsylvania-Danville,Black,477,53,9
2020-09-04,"Lord Fairfax","Two or more races",11,0,0
2020-09-04,"Prince William",Latino,5723,607,68
2020-09-04,"Mount Rogers","Other Race",8,2,2
2020-09-04,"Central Shenandoah",Black,162,10,4
2020-09-04,Peninsula,White,833,81,33
2020-09-04,"Eastern Shore","Not Reported",84,0,0
2020-09-04,"Thomas Jefferson","Other Race",139,3,1
2020-09-04,Hampton,"Other Race",49,2,0
2020-09-04,"Lord Fairfax","Not Reported",325,2,6
2020-09-04,"Central Virginia","Other Race",16,0,0
2020-09-04,"Western Tidewater","Other Race",62,1,2
2020-09-04,Crater,Latino,182,9,4
2020-09-04,Chesapeake,Latino,263,22,1
2020-09-04,Chesterfield,White,1138,101,67
2020-09-04,"Western Tidewater","Not Reported",913,7,1
2020-09-04,Fairfax,"Not Reported",2297,56,31
2020-09-04,Arlington,Black,371,78,33
2020-09-04,"Central Virginia",Latino,35,3,1
2020-09-04,Alexandria,"Not Reported",222,7,1
2020-09-04,"Three Rivers",Black,412,39,9
2020-09-04,"Prince William","Two or more races",49,1,0
2020-09-04,Loudoun,"Two or more races",45,2,0
2020-09-04,Peninsula,"Other Race",148,4,0
2020-09-04,"Thomas Jefferson",White,1058,73,39
2020-09-04,Norfolk,"Other Race",80,3,1
2020-09-04,"Prince William","Not Reported",4005,28,0
2020-09-04,"West Piedmont",White,675,89,19
2020-09-04,Rappahannock,Black,736,84,15
2020-09-04,Norfolk,Black,2226,217,39
2020-09-04,Roanoke,Latino,341,16,0
2020-09-04,Piedmont,Latino,73,8,1
2020-09-04,Roanoke,"Not Reported",447,1,0
2020-09-04,"Virginia Beach","Other Race",99,2,0
2020-09-04,Arlington,"Two or more races",34,2,0
2020-09-04,Alexandria,White,670,57,33
2020-09-04,"Lord Fairfax","Other Race",71,6,1
2020-09-04,"Thomas Jefferson","Not Reported",227,1,0
2020-09-04,"Virginia Beach","Not Reported",1732,10,3
2020-09-04,Loudoun,Black,281,28,5
2020-09-04,Pittsylvania-Danville,Latino,65,3,0
2020-09-04,"Cumberland Plateau","Not Reported",13,0,0
2020-09-04,Chesterfield,"Not Reported",1986,4,10
2020-09-04,"Mount Rogers",White,1660,172,69
2020-09-04,Richmond,White,565,37,9
2020-09-04,Lenowisco,"Not Reported",110,4,2
2020-09-04,"Three Rivers",Latino,149,5,1
2020-09-04,Piedmont,"Not Reported",719,11,4
2020-09-04,"Mount Rogers",Latino,272,6,0
2020-09-04,"Central Shenandoah","Two or more races",15,1,0
2020-09-04,Crater,White,679,54,19
2020-09-04,Arlington,White,1049,129,68
2020-09-04,Pittsylvania-Danville,"Other Race",0,0,0
2020-09-04,Chickahominy,Black,235,43,12
2020-09-04,Fairfax,Black,1518,235,62
2020-09-04,"Eastern Shore",Latino,260,11,3
2020-09-04,Norfolk,White,756,49,18
2020-09-04,"Mount Rogers","Two or more races",5,0,0
2020-09-04,Alleghany,"Two or more races",4,0,0
2020-09-04,Southside,White,215,28,18
2020-09-04,"Thomas Jefferson","Two or more races",36,0,0
2020-09-04,"Prince William",Black,1302,171,48
2020-09-04,"Lord Fairfax",White,1594,182,75
2020-09-04,"Cumberland Plateau",Latino,5,0,0
2020-09-04,Arlington,"Not Reported",303,3,0
2020-09-04,Rappahannock,"Other Race",98,4,0
2020-09-04,"Rappahannock Rapidan",Black,199,29,6
2020-09-04,"New River","Two or more races",12,0,0
2020-09-04,Arlington,Latino,1588,228,25
2020-09-04,Henrico,White,1202,114,94
2020-09-04,Loudoun,White,1427,118,86
2020-09-04,Hampton,White,232,9,1
2020-09-04,Alleghany,Black,66,6,2
2020-09-04,"Prince William",White,1559,171,86
2020-09-04,Rappahannock,White,1188,128,41
2020-09-04,Southside,"Other Race",12,0,1
2020-09-04,Portsmouth,"Two or more races",10,2,1
2020-09-04,"Western Tidewater",Black,1332,94,42
2020-09-04,Hampton,Latino,53,4,0
2020-09-04,Henrico,"Not Reported",840,4,4
2020-09-04,"West Piedmont","Two or more races",2,0,0
2020-09-04,Peninsula,"Not Reported",1527,2,0
2020-09-04,Loudoun,Latino,2011,178,14
2020-09-04,Alexandria,Black,697,89,15
2020-09-04,Piedmont,Black,463,57,15
2020-09-04,Roanoke,"Other Race",14,0,0
2020-09-04,Alexandria,"Two or more races",21,1,0
2020-09-04,"Western Tidewater",Latino,28,1,1
2020-09-04,Rappahannock,"Not Reported",1209,26,0
2020-09-04,"West Piedmont","Other Race",6,1,1
2020-09-04,Chickahominy,White,637,91,35
2020-09-04,"Thomas Jefferson",Latino,631,27,3
2020-09-04,"Cumberland Plateau",Black,42,0,0
2020-09-04,"Lord Fairfax",Latino,696,46,8
2020-09-04,"West Piedmont",Latino,245,8,1
2020-09-04,"Cumberland Plateau",White,494,48,9
2020-09-04,"Eastern Shore","Other Race",13,1,0
2020-09-04,"Cumberland Plateau","Two or more races",6,0,0
2020-09-04,Pittsylvania-Danville,"Two or more races",1,0,0
2020-09-04,Piedmont,"Other Race",10,0,0
2020-09-04,Alexandria,Latino,1653,130,10
2020-09-04,Chesapeake,Black,1459,192,19
2020-09-04,Richmond,"Other Race",112,6,2
2020-09-04,Henrico,Latino,823,56,9
2020-09-04,Piedmont,"Two or more races",4,2,0
2020-09-04,"Prince William","Other Race",389,16,1
2020-09-04,"New River","Not Reported",348,2,0
2020-09-04,"Rappahannock Rapidan",White,679,49,16
2020-09-04,"Central Virginia","Not Reported",1586,13,1
2020-09-04,"Virginia Beach","Two or more races",53,4,1
2020-09-04,Pittsylvania-Danville,White,347,38,11
2020-09-04,"Lord Fairfax",Black,133,16,6
2020-09-04,Fairfax,Latino,9239,994,91
2020-09-04,Chesterfield,"Asian or Pacific Islander",57,2,1
2020-09-04,Crater,"Asian or Pacific Islander",16,0,0
2020-09-04,Fairfax,"Asian or Pacific Islander",1554,255,72
2020-09-04,Hampton,"Asian or Pacific Islander",11,0,0
2020-09-04,"Rappahannock Rapidan","Asian or Pacific Islander",8,1,0
2020-09-04,"Mount Rogers","Asian or Pacific Islander",3,1,0
2020-09-04,"New River","Asian or Pacific Islander",32,0,0
2020-09-04,"Central Virginia","Asian or Pacific Islander",11,1,0
2020-09-04,"Lord Fairfax","Asian or Pacific Islander",14,0,0
2020-09-04,Southside,"Asian or Pacific Islander",1,0,0
2020-09-04,Alleghany,"Asian or Pacific Islander",16,0,0
2020-09-04,Portsmouth,"Asian or Pacific Islander",14,2,0
2020-09-04,Roanoke,"Asian or Pacific Islander",17,2,0
2020-09-04,Richmond,"Asian or Pacific Islander",34,3,1
2020-09-04,"Thomas Jefferson","Asian or Pacific Islander",40,0,1
2020-09-04,"Virginia Beach","Asian or Pacific Islander",244,21,2
2020-09-04,Henrico,"Asian or Pacific Islander",182,10,4
2020-09-04,Piedmont,"Asian or Pacific Islander",8,0,0
2020-09-04,"Western Tidewater","Asian or Pacific Islander",13,2,0
2020-09-04,"West Piedmont","Asian or Pacific Islander",11,1,1
2020-09-04,Chickahominy,"Asian or Pacific Islander",13,1,0
2020-09-04,Peninsula,"Asian or Pacific Islander",41,4,5
2020-09-04,Norfolk,"Asian or Pacific Islander",59,6,0
2020-09-04,Arlington,"Asian or Pacific Islander",168,22,12
2020-09-04,Loudoun,"Asian or Pacific Islander",364,50,11
2020-09-04,Alexandria,"Asian or Pacific Islander",119,11,1
2020-09-04,Rappahannock,"Asian or Pacific Islander",70,9,1
2020-09-04,Chesapeake,"Asian or Pacific Islander",61,9,4
2020-09-04,"Cumberland Plateau and Lenowisco","Asian or Pacific Islander",1,0,0
2020-09-04,"Central Shenandoah","Asian or Pacific Islander",33,2,0
2020-09-04,"Prince William","Asian or Pacific Islander",438,51,15
2020-09-04,Pittsylvania-Danville,"Asian or Pacific Islander",3,0,0
2020-09-04,"Eastern Shore and Three Rivers","Asian or Pacific Islander",12,1,0
2020-09-04,Piedmont,"Native American",1,0,0
2020-09-04,"New River","Native American",1,0,0
2020-09-04,"Central Shenandoah","Native American",3,1,0
2020-09-04,"Eastern Shore and Three Rivers","Native American",1,0,0
2020-09-04,Fairfax,"Native American",32,1,1
2020-09-04,Chesapeake,"Native American",11,0,0
2020-09-04,"Western Tidewater","Native American",2,0,0
2020-09-04,Portsmouth,"Native American",3,2,0
2020-09-04,Richmond,"Native American",0,0,0
2020-09-04,Chickahominy,"Native American",5,1,0
2020-09-04,"Thomas Jefferson","Native American",2,0,0
2020-09-04,Arlington,"Native American",5,0,0
2020-09-04,"Virginia Beach","Native American",7,0,0
2020-09-04,Peninsula,"Native American",7,2,1
2020-09-04,Hampton,"Native American",2,0,0
2020-09-04,"West Piedmont","Native American",2,0,0
2020-09-04,"Cumberland Plateau, Lenowisco, and Mount Rogers","Native American",1,0,0
2020-09-04,Henrico,"Native American",8,0,0
2020-09-04,Norfolk,"Native American",9,1,1
2020-09-04,"Prince William","Native American",18,1,1
2020-09-04,"Central Virginia","Native American",3,0,0
2020-09-04,Chesterfield,"Native American",5,0,0
2020-09-04,Rappahannock,"Native American",4,0,0
2020-09-04,Loudoun,"Native American",5,0,0
2020-09-04,Alexandria,"Native American",3,0,0
2020-09-04,"Alleghany and Roanoke","Native American",1,0,0
2020-09-04,Crater,"Native American",5,0,0
2020-09-04,"Rappahannock Rapidan","Native American",1,0,0
2020-09-04,"Lord Fairfax","Native American",2,1,1
2020-09-04,"Pittsylvania-Danville and Southside","Native American",0,0,0
2020-09-05,"Rappahannock Rapidan","Not Reported",622,12,7
2020-09-05,Portsmouth,"Other Race",70,9,4
2020-09-05,"Western Tidewater","Two or more races",26,0,0
2020-09-05,Piedmont,White,467,49,20
2020-09-05,Chesterfield,Latino,1323,85,6
2020-09-05,Lenowisco,White,631,62,10
2020-09-05,Lenowisco,"Two or more races",2,0,0
2020-09-05,Hampton,"Not Reported",581,3,2
2020-09-05,Southside,"Not Reported",492,9,4
2020-09-05,Roanoke,Black,163,15,3
2020-09-05,Hampton,Black,668,37,13
2020-09-05,Alleghany,"Other Race",7,1,0
2020-09-05,Lenowisco,Latino,10,0,0
2020-09-05,Loudoun,"Other Race",166,13,2
2020-09-05,"Central Shenandoah",Latino,986,56,6
2020-09-05,"Rappahannock Rapidan",Latino,768,62,7
2020-09-05,"Eastern Shore",Black,850,97,27
2020-09-05,Norfolk,Latino,307,20,0
2020-09-05,Hampton,"Two or more races",14,0,0
2020-09-05,Richmond,Black,1406,228,29
2020-09-05,Henrico,"Two or more races",37,1,0
2020-09-05,Fairfax,"Two or more races",84,5,0
2020-09-05,Alleghany,"Not Reported",370,1,0
2020-09-05,Portsmouth,"Not Reported",537,4,0
2020-09-05,"Cumberland Plateau","Other Race",2,1,0
2020-09-05,Southside,"Two or more races",23,0,0
2020-09-05,Portsmouth,White,293,26,8
2020-09-05,"Rappahannock Rapidan","Two or more races",27,3,0
2020-09-05,Fairfax,White,3508,476,302
2020-09-05,Fairfax,"Other Race",734,82,18
2020-09-05,Crater,"Two or more races",6,0,0
2020-09-05,"West Piedmont","Not Reported",366,27,3
2020-09-05,Henrico,"Other Race",140,12,0
2020-09-05,"Three Rivers",White,530,43,9
2020-09-05,"Central Virginia",Black,194,25,6
2020-09-05,Lenowisco,"Other Race",7,0,0
2020-09-05,"Three Rivers","Other Race",14,3,0
2020-09-05,"Western Tidewater",White,653,58,48
2020-09-05,"Mount Rogers",Black,54,8,2
2020-09-05,"Three Rivers","Not Reported",216,3,1
2020-09-05,"Thomas Jefferson",Black,467,67,13
2020-09-05,"Eastern Shore",White,244,26,18
2020-09-05,"Central Virginia",White,659,42,11
2020-09-05,Lenowisco,Black,5,1,1
2020-09-05,"Central Virginia","Two or more races",1,0,0
2020-09-05,Richmond,"Two or more races",28,1,0
2020-09-05,Crater,"Not Reported",634,9,5
2020-09-05,Chesterfield,"Two or more races",24,3,0
2020-09-05,"New River",Latino,127,5,0
2020-09-05,Richmond,Latino,1268,104,7
2020-09-05,Portsmouth,Latino,60,12,1
2020-09-05,Pittsylvania-Danville,"Not Reported",581,10,0
2020-09-05,Chesapeake,"Not Reported",906,8,0
2020-09-05,Chickahominy,Latino,83,4,0
2020-09-05,Crater,Black,1740,182,52
2020-09-05,Chesterfield,Black,935,103,26
2020-09-05,Chesterfield,"Other Race",197,10,0
2020-09-05,Peninsula,Black,1006,66,18
2020-09-05,Roanoke,White,251,15,12
2020-09-05,"New River",Black,96,3,0
2020-09-05,Southside,Latino,8,0,0
2020-09-05,Peninsula,Latino,298,19,1
2020-09-05,Rappahannock,"Two or more races",33,3,0
2020-09-05,"Virginia Beach",Black,1592,111,17
2020-09-05,"Mount Rogers","Not Reported",120,2,2
2020-09-05,Loudoun,"Not Reported",1850,5,0
2020-09-05,Chesapeake,"Other Race",65,4,1
2020-09-05,Chickahominy,"Two or more races",4,1,0
2020-09-05,Crater,"Other Race",38,0,0
2020-09-05,Norfolk,"Two or more races",47,1,0
2020-09-05,"Eastern Shore","Two or more races",1,1,0
2020-09-05,"Central Shenandoah",White,2040,167,52
2020-09-05,"New River","Other Race",8,0,0
2020-09-05,"New River",White,1103,28,9
2020-09-05,"Central Shenandoah","Other Race",62,2,0
2020-09-05,"West Piedmont",Black,412,76,11
2020-09-05,Alleghany,Latino,145,11,0
2020-09-05,"Central Shenandoah","Not Reported",463,4,1
2020-09-05,Roanoke,"Two or more races",3,1,0
2020-09-05,Peninsula,"Two or more races",48,3,0
2020-09-05,Richmond,"Not Reported",661,2,1
2020-09-05,Arlington,"Other Race",87,10,4
2020-09-05,Norfolk,"Not Reported",969,4,0
2020-09-05,Alexandria,"Other Race",76,7,2
2020-09-05,"Virginia Beach",White,2090,157,45
2020-09-05,Chesapeake,"Two or more races",41,2,1
2020-09-05,Alleghany,White,625,46,21
2020-09-05,"Rappahannock Rapidan","Other Race",34,2,0
2020-09-05,Chickahominy,"Not Reported",308,1,1
2020-09-05,Portsmouth,Black,1290,136,29
2020-09-05,Chickahominy,"Other Race",15,2,0
2020-09-05,"Virginia Beach",Latino,367,22,3
2020-09-05,Chesapeake,White,1091,105,23
2020-09-05,Southside,Black,364,35,15
2020-09-05,Rappahannock,Latino,1245,106,8
2020-09-05,"Three Rivers","Two or more races",4,0,0
2020-09-05,Henrico,Black,1511,189,83
2020-09-05,Pittsylvania-Danville,Black,482,54,10
2020-09-05,"Lord Fairfax","Two or more races",11,0,0
2020-09-05,"Prince William",Latino,5739,609,68
2020-09-05,"Mount Rogers","Other Race",8,2,2
2020-09-05,"Central Shenandoah",Black,168,10,4
2020-09-05,Peninsula,White,845,81,33
2020-09-05,"Eastern Shore","Not Reported",84,0,0
2020-09-05,"Thomas Jefferson","Other Race",139,3,1
2020-09-05,Hampton,"Other Race",49,2,0
2020-09-05,"Lord Fairfax","Not Reported",320,2,6
2020-09-05,"Central Virginia","Other Race",16,0,0
2020-09-05,"Western Tidewater","Other Race",64,1,2
2020-09-05,Crater,Latino,185,9,4
2020-09-05,Chesapeake,Latino,263,22,1
2020-09-05,Chesterfield,White,1163,102,67
2020-09-05,"Western Tidewater","Not Reported",885,7,1
2020-09-05,Fairfax,"Not Reported",2342,54,31
2020-09-05,Arlington,Black,376,78,33
2020-09-05,"Central Virginia",Latino,38,3,1
2020-09-05,Alexandria,"Not Reported",224,7,1
2020-09-05,"Three Rivers",Black,420,39,9
2020-09-05,"Prince William","Two or more races",48,1,0
2020-09-05,Loudoun,"Two or more races",45,2,0
2020-09-05,Peninsula,"Other Race",148,4,0
2020-09-05,"Thomas Jefferson",White,1075,73,39
2020-09-05,Norfolk,"Other Race",78,3,1
2020-09-05,"Prince William","Not Reported",4013,26,0
2020-09-05,"West Piedmont",White,685,92,19
2020-09-05,Rappahannock,Black,743,84,15
2020-09-05,Norfolk,Black,2243,223,40
2020-09-05,Roanoke,Latino,343,17,0
2020-09-05,Piedmont,Latino,73,8,1
2020-09-05,Roanoke,"Not Reported",444,1,0
2020-09-05,"Virginia Beach","Other Race",100,2,0
2020-09-05,Arlington,"Two or more races",35,2,0
2020-09-05,Alexandria,White,672,57,33
2020-09-05,"Lord Fairfax","Other Race",71,6,1
2020-09-05,"Thomas Jefferson","Not Reported",233,1,0
2020-09-05,"Virginia Beach","Not Reported",1725,10,3
2020-09-05,Loudoun,Black,284,28,5
2020-09-05,Pittsylvania-Danville,Latino,65,3,0
2020-09-05,"Cumberland Plateau","Not Reported",14,0,0
2020-09-05,Chesterfield,"Not Reported",1973,4,10
2020-09-05,"Mount Rogers",White,1698,173,69
2020-09-05,Richmond,White,588,39,9
2020-09-05,Lenowisco,"Not Reported",110,4,2
2020-09-05,"Three Rivers",Latino,149,5,1
2020-09-05,Piedmont,"Not Reported",723,11,4
2020-09-05,"Mount Rogers",Latino,273,6,0
2020-09-05,"Central Shenandoah","Two or more races",23,1,0
2020-09-05,Crater,White,688,54,19
2020-09-05,Arlington,White,1052,129,69
2020-09-05,Pittsylvania-Danville,"Other Race",0,0,0
2020-09-05,Chickahominy,Black,235,43,12
2020-09-05,Fairfax,Black,1538,238,61
2020-09-05,"Eastern Shore",Latino,260,11,3
2020-09-05,Norfolk,White,769,50,18
2020-09-05,"Mount Rogers","Two or more races",5,0,0
2020-09-05,Alleghany,"Two or more races",4,0,0
2020-09-05,Southside,White,220,28,19
2020-09-05,"Thomas Jefferson","Two or more races",36,0,0
2020-09-05,"Prince William",Black,1308,171,48
2020-09-05,"Lord Fairfax",White,1600,182,75
2020-09-05,"Cumberland Plateau",Latino,5,0,0
2020-09-05,Arlington,"Not Reported",304,4,0
2020-09-05,Rappahannock,"Other Race",101,4,0
2020-09-05,"Rappahannock Rapidan",Black,200,29,7
2020-09-05,"New River","Two or more races",13,0,0
2020-09-05,Arlington,Latino,1592,231,25
2020-09-05,Henrico,White,1210,115,94
2020-09-05,Loudoun,White,1427,118,86
2020-09-05,Hampton,White,235,9,1
2020-09-05,Alleghany,Black,67,6,2
2020-09-05,"Prince William",White,1562,171,86
2020-09-05,Rappahannock,White,1200,130,40
2020-09-05,Southside,"Other Race",12,0,1
2020-09-05,Portsmouth,"Two or more races",9,2,1
2020-09-05,"Western Tidewater",Black,1355,94,42
2020-09-05,Hampton,Latino,53,4,0
2020-09-05,Henrico,"Not Reported",842,4,4
2020-09-05,"West Piedmont","Two or more races",2,0,0
2020-09-05,Peninsula,"Not Reported",1527,2,0
2020-09-05,Loudoun,Latino,2021,178,14
2020-09-05,Alexandria,Black,703,89,15
2020-09-05,Piedmont,Black,465,57,15
2020-09-05,Roanoke,"Other Race",13,0,0
2020-09-05,Alexandria,"Two or more races",21,1,0
2020-09-05,"Western Tidewater",Latino,28,1,1
2020-09-05,Rappahannock,"Not Reported",1208,25,0
2020-09-05,"West Piedmont","Other Race",6,1,1
2020-09-05,Chickahominy,White,643,91,35
2020-09-05,"Thomas Jefferson",Latino,632,27,3
2020-09-05,"Cumberland Plateau",Black,42,0,0
2020-09-05,"Lord Fairfax",Latino,696,46,9
2020-09-05,"West Piedmont",Latino,246,8,1
2020-09-05,"Cumberland Plateau",White,499,48,9
2020-09-05,"Eastern Shore","Other Race",13,1,0
2020-09-05,"Cumberland Plateau","Two or more races",6,0,0
2020-09-05,Pittsylvania-Danville,"Two or more races",1,0,0
2020-09-05,Piedmont,"Other Race",9,0,0
2020-09-05,Alexandria,Latino,1656,130,10
2020-09-05,Chesapeake,Black,1461,192,19
2020-09-05,Richmond,"Other Race",112,7,2
2020-09-05,Henrico,Latino,827,56,9
2020-09-05,Piedmont,"Two or more races",4,2,0
2020-09-05,"Prince William","Other Race",392,16,1
2020-09-05,"New River","Not Reported",369,2,0
2020-09-05,"Rappahannock Rapidan",White,682,51,16
2020-09-05,"Central Virginia","Not Reported",1591,13,1
2020-09-05,"Virginia Beach","Two or more races",54,4,1
2020-09-05,Pittsylvania-Danville,White,353,38,11
2020-09-05,"Lord Fairfax",Black,135,16,6
2020-09-05,Fairfax,Latino,9270,996,91
2020-09-05,Chesterfield,"Asian or Pacific Islander",57,2,1
2020-09-05,Crater,"Asian or Pacific Islander",16,0,0
2020-09-05,Fairfax,"Asian or Pacific Islander",1560,255,72
2020-09-05,Hampton,"Asian or Pacific Islander",12,0,0
2020-09-05,"Rappahannock Rapidan","Asian or Pacific Islander",8,1,0
2020-09-05,"Mount Rogers","Asian or Pacific Islander",3,1,0
2020-09-05,"New River","Asian or Pacific Islander",33,0,0
2020-09-05,"Central Virginia","Asian or Pacific Islander",11,1,0
2020-09-05,"Lord Fairfax","Asian or Pacific Islander",14,0,0
2020-09-05,Southside,"Asian or Pacific Islander",1,0,0
2020-09-05,Alleghany,"Asian or Pacific Islander",16,0,0
2020-09-05,Portsmouth,"Asian or Pacific Islander",14,2,0
2020-09-05,Roanoke,"Asian or Pacific Islander",17,2,0
2020-09-05,Richmond,"Asian or Pacific Islander",36,3,1
2020-09-05,"Thomas Jefferson","Asian or Pacific Islander",40,0,1
2020-09-05,"Virginia Beach","Asian or Pacific Islander",248,21,2
2020-09-05,Henrico,"Asian or Pacific Islander",182,10,4
2020-09-05,Piedmont,"Asian or Pacific Islander",8,0,0
2020-09-05,"Western Tidewater","Asian or Pacific Islander",13,2,0
2020-09-05,"West Piedmont","Asian or Pacific Islander",11,1,1
2020-09-05,Chickahominy,"Asian or Pacific Islander",13,1,0
2020-09-05,Peninsula,"Asian or Pacific Islander",41,4,5
2020-09-05,Norfolk,"Asian or Pacific Islander",59,6,0
2020-09-05,Arlington,"Asian or Pacific Islander",169,22,12
2020-09-05,Loudoun,"Asian or Pacific Islander",368,50,11
2020-09-05,Alexandria,"Asian or Pacific Islander",121,11,1
2020-09-05,Rappahannock,"Asian or Pacific Islander",73,10,2
2020-09-05,Chesapeake,"Asian or Pacific Islander",61,9,4
2020-09-05,"Cumberland Plateau and Lenowisco","Asian or Pacific Islander",1,0,0
2020-09-05,"Central Shenandoah","Asian or Pacific Islander",35,2,0
2020-09-05,"Prince William","Asian or Pacific Islander",450,54,15
2020-09-05,Pittsylvania-Danville,"Asian or Pacific Islander",3,0,0
2020-09-05,"Eastern Shore and Three Rivers","Asian or Pacific Islander",13,1,0
2020-09-05,Piedmont,"Native American",1,0,0
2020-09-05,"New River","Native American",1,0,0
2020-09-05,"Central Shenandoah","Native American",3,1,0
2020-09-05,"Eastern Shore and Three Rivers","Native American",1,0,0
2020-09-05,Fairfax,"Native American",32,1,1
2020-09-05,Chesapeake,"Native American",11,0,0
2020-09-05,"Western Tidewater","Native American",2,0,0
2020-09-05,Portsmouth,"Native American",4,2,0
2020-09-05,Richmond,"Native American",0,0,0
2020-09-05,Chickahominy,"Native American",5,1,0
2020-09-05,"Thomas Jefferson","Native American",2,0,0
2020-09-05,Arlington,"Native American",5,0,0
2020-09-05,"Virginia Beach","Native American",7,0,0
2020-09-05,Peninsula,"Native American",7,2,1
2020-09-05,Hampton,"Native American",2,0,0
2020-09-05,"West Piedmont","Native American",2,0,0
2020-09-05,"Cumberland Plateau, Lenowisco, and Mount Rogers","Native American",1,0,0
2020-09-05,Henrico,"Native American",8,0,0
2020-09-05,Norfolk,"Native American",9,1,1
2020-09-05,"Prince William","Native American",18,1,1
2020-09-05,"Central Virginia","Native American",3,0,0
2020-09-05,Chesterfield,"Native American",6,0,0
2020-09-05,Rappahannock,"Native American",5,0,0
2020-09-05,Loudoun,"Native American",5,0,0
2020-09-05,Alexandria,"Native American",3,0,0
2020-09-05,"Alleghany and Roanoke","Native American",1,0,0
2020-09-05,Crater,"Native American",5,0,0
2020-09-05,"Rappahannock Rapidan","Native American",1,0,0
2020-09-05,"Lord Fairfax","Native American",2,1,1
2020-09-05,"Pittsylvania-Danville and Southside","Native American",0,0,0
2020-09-06,"Rappahannock Rapidan","Not Reported",624,12,7
2020-09-06,Portsmouth,"Other Race",70,9,4
2020-09-06,"Western Tidewater","Two or more races",26,0,0
2020-09-06,Piedmont,White,467,49,20
2020-09-06,Chesterfield,Latino,1326,85,6
2020-09-06,Lenowisco,White,644,64,10
2020-09-06,Lenowisco,"Two or more races",2,0,0
2020-09-06,Hampton,"Not Reported",585,3,2
2020-09-06,Southside,"Not Reported",495,9,4
2020-09-06,Roanoke,Black,165,15,3
2020-09-06,Hampton,Black,676,39,13
2020-09-06,Alleghany,"Other Race",7,1,0
2020-09-06,Lenowisco,Latino,10,0,0
2020-09-06,Loudoun,"Other Race",170,13,2
2020-09-06,"Central Shenandoah",Latino,987,56,6
2020-09-06,"Rappahannock Rapidan",Latino,770,62,7
2020-09-06,"Eastern Shore",Black,850,97,27
2020-09-06,Norfolk,Latino,308,20,0
2020-09-06,Hampton,"Two or more races",14,0,0
2020-09-06,Richmond,Black,1421,230,29
2020-09-06,Henrico,"Two or more races",38,1,0
2020-09-06,Fairfax,"Two or more races",85,5,0
2020-09-06,Alleghany,"Not Reported",381,1,0
2020-09-06,Portsmouth,"Not Reported",539,4,0
2020-09-06,"Cumberland Plateau","Other Race",2,1,0
2020-09-06,Southside,"Two or more races",23,0,0
2020-09-06,Portsmouth,White,293,26,8
2020-09-06,"Rappahannock Rapidan","Two or more races",27,3,0
2020-09-06,Fairfax,White,3520,476,302
2020-09-06,Fairfax,"Other Race",744,82,18
2020-09-06,Crater,"Two or more races",7,0,0
2020-09-06,"West Piedmont","Not Reported",372,27,3
2020-09-06,Henrico,"Other Race",142,12,0
2020-09-06,"Three Rivers",White,535,43,9
2020-09-06,"Central Virginia",Black,196,25,6
2020-09-06,Lenowisco,"Other Race",7,0,0
2020-09-06,"Three Rivers","Other Race",14,3,0
2020-09-06,"Western Tidewater",White,670,58,48
2020-09-06,"Mount Rogers",Black,55,8,2
2020-09-06,"Three Rivers","Not Reported",218,3,1
2020-09-06,"Thomas Jefferson",Black,469,67,13
2020-09-06,"Eastern Shore",White,245,26,18
2020-09-06,"Central Virginia",White,669,42,11
2020-09-06,Lenowisco,Black,5,1,1
2020-09-06,"Central Virginia","Two or more races",1,0,0
2020-09-06,Richmond,"Two or more races",28,1,0
2020-09-06,Crater,"Not Reported",646,9,5
2020-09-06,Chesterfield,"Two or more races",24,3,0
2020-09-06,"New River",Latino,128,5,0
2020-09-06,Richmond,Latino,1272,105,7
2020-09-06,Portsmouth,Latino,61,12,1
2020-09-06,Pittsylvania-Danville,"Not Reported",607,10,0
2020-09-06,Chesapeake,"Not Reported",920,8,0
2020-09-06,Chickahominy,Latino,83,4,0
2020-09-06,Crater,Black,1768,182,52
2020-09-06,Chesterfield,Black,938,103,26
2020-09-06,Chesterfield,"Other Race",195,11,0
2020-09-06,Peninsula,Black,1015,66,18
2020-09-06,Roanoke,White,255,15,12
2020-09-06,"New River",Black,106,3,0
2020-09-06,Southside,Latino,9,0,0
2020-09-06,Peninsula,Latino,298,19,1
2020-09-06,Rappahannock,"Two or more races",33,3,0
2020-09-06,"Virginia Beach",Black,1602,111,17
2020-09-06,"Mount Rogers","Not Reported",125,2,2
2020-09-06,Loudoun,"Not Reported",1861,5,0
2020-09-06,Chesapeake,"Other Race",65,4,1
2020-09-06,Chickahominy,"Two or more races",4,1,0
2020-09-06,Crater,"Other Race",38,0,0
2020-09-06,Norfolk,"Two or more races",47,1,0
2020-09-06,"Eastern Shore","Two or more races",1,1,0
2020-09-06,"Central Shenandoah",White,2073,167,52
2020-09-06,"New River","Other Race",9,0,0
2020-09-06,"New River",White,1189,28,9
2020-09-06,"Central Shenandoah","Other Race",65,2,0
2020-09-06,"West Piedmont",Black,416,76,11
2020-09-06,Alleghany,Latino,145,11,0
2020-09-06,"Central Shenandoah","Not Reported",511,4,1
2020-09-06,Roanoke,"Two or more races",3,1,0
2020-09-06,Peninsula,"Two or more races",49,3,0
2020-09-06,Richmond,"Not Reported",664,2,1
2020-09-06,Arlington,"Other Race",88,10,4
2020-09-06,Norfolk,"Not Reported",967,4,0
2020-09-06,Alexandria,"Other Race",77,7,2
2020-09-06,"Virginia Beach",White,2110,158,45
2020-09-06,Chesapeake,"Two or more races",43,2,1
2020-09-06,Alleghany,White,635,46,21
2020-09-06,"Rappahannock Rapidan","Other Race",35,2,0
2020-09-06,Chickahominy,"Not Reported",312,1,1
2020-09-06,Portsmouth,Black,1293,137,29
2020-09-06,Chickahominy,"Other Race",15,2,0
2020-09-06,"Virginia Beach",Latino,367,22,3
2020-09-06,Chesapeake,White,1098,106,23
2020-09-06,Southside,Black,376,36,15
2020-09-06,Rappahannock,Latino,1248,106,8
2020-09-06,"Three Rivers","Two or more races",4,0,0
2020-09-06,Henrico,Black,1523,191,83
2020-09-06,Pittsylvania-Danville,Black,490,55,10
2020-09-06,"Lord Fairfax","Two or more races",11,0,0
2020-09-06,"Prince William",Latino,5780,611,68
2020-09-06,"Mount Rogers","Other Race",8,2,2
2020-09-06,"Central Shenandoah",Black,171,11,4
2020-09-06,Peninsula,White,861,81,33
2020-09-06,"Eastern Shore","Not Reported",84,0,0
2020-09-06,"Thomas Jefferson","Other Race",141,3,1
2020-09-06,Hampton,"Other Race",49,2,0
2020-09-06,"Lord Fairfax","Not Reported",320,2,6
2020-09-06,"Central Virginia","Other Race",16,0,0
2020-09-06,"Western Tidewater","Other Race",64,1,2
2020-09-06,Crater,Latino,186,9,4
2020-09-06,Chesapeake,Latino,266,23,1
2020-09-06,Chesterfield,White,1165,103,67
2020-09-06,"Western Tidewater","Not Reported",864,7,0
2020-09-06,Fairfax,"Not Reported",2377,54,31
2020-09-06,Arlington,Black,377,78,33
2020-09-06,"Central Virginia",Latino,38,3,1
2020-09-06,Alexandria,"Not Reported",227,7,1
2020-09-06,"Three Rivers",Black,428,39,9
2020-09-06,"Prince William","Two or more races",49,1,0
2020-09-06,Loudoun,"Two or more races",45,2,0
2020-09-06,Peninsula,"Other Race",149,4,0
2020-09-06,"Thomas Jefferson",White,1104,73,39
2020-09-06,Norfolk,"Other Race",78,3,1
2020-09-06,"Prince William","Not Reported",4036,26,0
2020-09-06,"West Piedmont",White,689,92,19
2020-09-06,Rappahannock,Black,752,84,15
2020-09-06,Norfolk,Black,2245,223,40
2020-09-06,Roanoke,Latino,344,18,0
2020-09-06,Piedmont,Latino,73,8,1
2020-09-06,Roanoke,"Not Reported",466,1,0
2020-09-06,"Virginia Beach","Other Race",101,2,0
2020-09-06,Arlington,"Two or more races",36,2,0
2020-09-06,Alexandria,White,677,57,33
2020-09-06,"Lord Fairfax","Other Race",73,6,1
2020-09-06,"Thomas Jefferson","Not Reported",232,1,0
2020-09-06,"Virginia Beach","Not Reported",1732,10,3
2020-09-06,Loudoun,Black,284,28,5
2020-09-06,Pittsylvania-Danville,Latino,65,3,0
2020-09-06,"Cumberland Plateau","Not Reported",14,0,0
2020-09-06,Chesterfield,"Not Reported",1974,4,10
2020-09-06,"Mount Rogers",White,1740,175,69
2020-09-06,Richmond,White,600,39,9
2020-09-19,Norfolk,Black,2361,250,44
2020-09-06,Lenowisco,"Not Reported",114,4,2
2020-09-06,"Three Rivers",Latino,151,5,1
2020-09-06,Piedmont,"Not Reported",724,11,4
2020-09-06,"Mount Rogers",Latino,273,6,0
2020-09-06,"Central Shenandoah","Two or more races",23,1,0
2020-09-06,Crater,White,694,54,19
2020-09-06,Arlington,White,1054,129,69
2020-09-06,Pittsylvania-Danville,"Other Race",0,0,0
2020-09-06,Chickahominy,Black,235,43,12
2020-09-06,Fairfax,Black,1551,238,61
2020-09-06,"Eastern Shore",Latino,260,11,3
2020-09-06,Norfolk,White,771,50,18
2020-09-06,"Mount Rogers","Two or more races",6,0,0
2020-09-06,Alleghany,"Two or more races",4,0,0
2020-09-06,Southside,White,224,28,19
2020-09-06,"Thomas Jefferson","Two or more races",36,0,0
2020-09-06,"Prince William",Black,1314,171,48
2020-09-06,"Lord Fairfax",White,1608,182,75
2020-09-06,"Cumberland Plateau",Latino,5,0,0
2020-09-06,Arlington,"Not Reported",309,4,0
2020-09-06,Rappahannock,"Other Race",103,4,0
2020-09-06,"Rappahannock Rapidan",Black,204,29,7
2020-09-06,"New River","Two or more races",17,0,0
2020-09-06,Arlington,Latino,1594,231,25
2020-09-06,Henrico,White,1223,115,94
2020-09-06,Loudoun,White,1440,118,86
2020-09-06,Hampton,White,237,9,1
2020-09-06,Alleghany,Black,67,6,2
2020-09-06,"Prince William",White,1572,171,86
2020-09-06,Rappahannock,White,1212,132,40
2020-09-06,Southside,"Other Race",12,0,1
2020-09-06,Portsmouth,"Two or more races",9,2,1
2020-09-06,"Western Tidewater",Black,1382,97,42
2020-09-06,Hampton,Latino,53,4,0
2020-09-06,Henrico,"Not Reported",850,4,4
2020-09-06,"West Piedmont","Two or more races",2,0,0
2020-09-06,Peninsula,"Not Reported",1538,2,0
2020-09-06,Loudoun,Latino,2023,178,14
2020-09-06,Alexandria,Black,708,89,15
2020-09-06,Piedmont,Black,466,57,15
2020-09-06,Roanoke,"Other Race",13,0,0
2020-09-06,Alexandria,"Two or more races",21,1,0
2020-09-06,"Western Tidewater",Latino,28,1,1
2020-09-06,Rappahannock,"Not Reported",1214,25,0
2020-09-06,"West Piedmont","Other Race",6,1,1
2020-09-06,Chickahominy,White,652,91,35
2020-09-06,"Thomas Jefferson",Latino,637,27,3
2020-09-06,"Cumberland Plateau",Black,42,0,0
2020-09-06,"Lord Fairfax",Latino,698,46,9
2020-09-06,"West Piedmont",Latino,246,8,1
2020-09-06,"Cumberland Plateau",White,505,48,9
2020-09-06,"Eastern Shore","Other Race",13,1,0
2020-09-06,"Cumberland Plateau","Two or more races",6,0,0
2020-09-06,Pittsylvania-Danville,"Two or more races",2,0,0
2020-09-06,Piedmont,"Other Race",9,0,0
2020-09-06,Alexandria,Latino,1666,130,10
2020-09-06,Chesapeake,Black,1467,192,20
2020-09-06,Richmond,"Other Race",113,7,2
2020-09-06,Henrico,Latino,829,57,9
2020-09-06,Piedmont,"Two or more races",4,2,0
2020-09-06,"Prince William","Other Race",397,16,1
2020-09-06,"New River","Not Reported",435,2,0
2020-09-06,"Rappahannock Rapidan",White,689,51,16
2020-09-06,"Central Virginia","Not Reported",1614,13,1
2020-09-06,"Virginia Beach","Two or more races",54,4,1
2020-09-06,Pittsylvania-Danville,White,363,38,11
2020-09-06,"Lord Fairfax",Black,136,16,6
2020-09-06,Fairfax,Latino,9301,999,91
2020-09-06,Chesterfield,"Asian or Pacific Islander",57,2,1
2020-09-06,Crater,"Asian or Pacific Islander",16,0,0
2020-09-06,Fairfax,"Asian or Pacific Islander",1564,255,72
2020-09-06,Hampton,"Asian or Pacific Islander",12,0,0
2020-09-06,"Rappahannock Rapidan","Asian or Pacific Islander",8,1,0
2020-09-06,"Mount Rogers","Asian or Pacific Islander",3,1,0
2020-09-06,"New River","Asian or Pacific Islander",40,0,0
2020-09-06,"Central Virginia","Asian or Pacific Islander",11,1,0
2020-09-06,"Lord Fairfax","Asian or Pacific Islander",14,0,0
2020-09-06,Southside,"Asian or Pacific Islander",1,0,0
2020-09-06,Alleghany,"Asian or Pacific Islander",16,0,0
2020-09-06,Portsmouth,"Asian or Pacific Islander",14,2,0
2020-09-06,Roanoke,"Asian or Pacific Islander",20,2,0
2020-09-06,Richmond,"Asian or Pacific Islander",37,3,1
2020-09-06,"Thomas Jefferson","Asian or Pacific Islander",43,0,1
2020-09-06,"Virginia Beach","Asian or Pacific Islander",250,21,2
2020-09-06,Henrico,"Asian or Pacific Islander",182,10,4
2020-09-06,Piedmont,"Asian or Pacific Islander",8,0,0
2020-09-06,"Western Tidewater","Asian or Pacific Islander",14,2,1
2020-09-06,"West Piedmont","Asian or Pacific Islander",11,1,1
2020-09-06,Chickahominy,"Asian or Pacific Islander",13,1,0
2020-09-06,Peninsula,"Asian or Pacific Islander",41,4,5
2020-09-06,Norfolk,"Asian or Pacific Islander",59,6,0
2020-09-06,Arlington,"Asian or Pacific Islander",169,22,12
2020-09-06,Loudoun,"Asian or Pacific Islander",370,50,11
2020-09-06,Alexandria,"Asian or Pacific Islander",121,11,1
2020-09-06,Rappahannock,"Asian or Pacific Islander",73,10,2
2020-09-06,Chesapeake,"Asian or Pacific Islander",62,9,4
2020-09-06,"Cumberland Plateau and Lenowisco","Asian or Pacific Islander",1,0,0
2020-09-06,"Central Shenandoah","Asian or Pacific Islander",37,2,0
2020-09-06,"Prince William","Asian or Pacific Islander",462,54,15
2020-09-06,Pittsylvania-Danville,"Asian or Pacific Islander",3,0,0
2020-09-06,"Eastern Shore and Three Rivers","Asian or Pacific Islander",13,1,0
2020-09-06,Piedmont,"Native American",1,0,0
2020-09-06,"New River","Native American",1,0,0
2020-09-06,"Central Shenandoah","Native American",3,1,0
2020-09-06,"Eastern Shore and Three Rivers","Native American",1,0,0
2020-09-06,Fairfax,"Native American",32,1,1
2020-09-06,Chesapeake,"Native American",11,0,0
2020-09-06,"Western Tidewater","Native American",2,0,0
2020-09-06,Portsmouth,"Native American",4,2,0
2020-09-06,Richmond,"Native American",0,0,0
2020-09-06,Chickahominy,"Native American",5,1,0
2020-09-06,"Thomas Jefferson","Native American",2,0,0
2020-09-06,Arlington,"Native American",5,0,0
2020-09-06,"Virginia Beach","Native American",7,0,0
2020-09-06,Peninsula,"Native American",7,2,1
2020-09-06,Hampton,"Native American",2,0,0
2020-09-06,"West Piedmont","Native American",2,0,0
2020-09-06,"Cumberland Plateau, Lenowisco, and Mount Rogers","Native American",1,0,0
2020-09-06,Henrico,"Native American",8,0,0
2020-09-06,Norfolk,"Native American",9,1,1
2020-09-06,"Prince William","Native American",20,1,1
2020-09-06,"Central Virginia","Native American",3,0,0
2020-09-06,Chesterfield,"Native American",6,0,0
2020-09-06,Rappahannock,"Native American",5,0,0
2020-09-06,Loudoun,"Native American",5,0,0
2020-09-06,Alexandria,"Native American",3,0,0
2020-09-06,"Alleghany and Roanoke","Native American",1,0,0
2020-09-06,Crater,"Native American",5,0,0
2020-09-06,"Rappahannock Rapidan","Native American",1,0,0
2020-09-06,"Lord Fairfax","Native American",2,1,1
2020-09-06,"Pittsylvania-Danville and Southside","Native American",0,0,0
2020-09-07,"Rappahannock Rapidan","Not Reported",630,12,9
2020-09-07,Portsmouth,"Other Race",70,9,4
2020-09-07,"Western Tidewater","Two or more races",26,0,0
2020-09-07,Piedmont,White,470,49,20
2020-09-07,Chesterfield,Latino,1327,85,6
2020-09-07,Lenowisco,White,649,64,10
2020-09-07,Lenowisco,"Two or more races",2,0,0
2020-09-07,Hampton,"Not Reported",586,3,2
2020-09-07,Southside,"Not Reported",494,10,4
2020-09-07,Roanoke,Black,166,15,3
2020-09-07,Hampton,Black,675,39,13
2020-09-07,Alleghany,"Other Race",7,1,0
2020-09-07,Lenowisco,Latino,10,0,0
2020-09-07,Loudoun,"Other Race",171,13,2
2020-09-07,"Central Shenandoah",Latino,991,56,6
2020-09-07,"Rappahannock Rapidan",Latino,771,62,7
2020-09-07,"Eastern Shore",Black,850,97,27
2020-09-07,Norfolk,Latino,311,20,0
2020-09-07,Hampton,"Two or more races",14,0,0
2020-09-07,Richmond,Black,1427,230,29
2020-09-07,Henrico,"Two or more races",39,1,0
2020-09-07,Fairfax,"Two or more races",85,5,0
2020-09-07,Alleghany,"Not Reported",393,1,0
2020-09-07,Portsmouth,"Not Reported",539,4,0
2020-09-07,"Cumberland Plateau","Other Race",2,1,0
2020-09-07,Southside,"Two or more races",23,0,0
2020-09-07,Portsmouth,White,293,26,8
2020-09-07,"Rappahannock Rapidan","Two or more races",28,3,0
2020-09-07,Fairfax,White,3535,476,302
2020-09-07,Fairfax,"Other Race",750,82,18
2020-09-07,Crater,"Two or more races",8,0,0
2020-09-07,"West Piedmont","Not Reported",372,27,3
2020-09-07,Henrico,"Other Race",144,13,0
2020-09-07,"Three Rivers",White,539,43,9
2020-09-07,"Central Virginia",Black,201,25,6
2020-09-07,Lenowisco,"Other Race",7,0,0
2020-09-07,"Three Rivers","Other Race",14,3,0
2020-09-07,"Western Tidewater",White,671,58,48
2020-09-07,"Mount Rogers",Black,56,8,2
2020-09-07,"Three Rivers","Not Reported",218,3,1
2020-09-07,"Thomas Jefferson",Black,472,67,13
2020-09-07,"Eastern Shore",White,245,26,18
2020-09-07,"Central Virginia",White,684,44,11
2020-09-07,Lenowisco,Black,5,1,1
2020-09-07,"Central Virginia","Two or more races",2,0,0
2020-09-07,Richmond,"Two or more races",29,1,0
2020-09-07,Crater,"Not Reported",647,9,5
2020-09-07,Chesterfield,"Two or more races",24,3,0
2020-09-07,"New River",Latino,130,5,0
2020-09-07,Richmond,Latino,1276,107,7
2020-09-07,Portsmouth,Latino,61,12,1
2020-09-07,Pittsylvania-Danville,"Not Reported",611,10,0
2020-09-07,Chesapeake,"Not Reported",910,7,0
2020-09-07,Chickahominy,Latino,83,4,0
2020-09-07,Crater,Black,1774,182,52
2020-09-07,Chesterfield,Black,941,103,26
2020-09-07,Chesterfield,"Other Race",195,11,0
2020-09-07,Peninsula,Black,1017,67,18
2020-09-07,Roanoke,White,257,15,12
2020-09-07,"New River",Black,108,3,0
2020-09-07,Southside,Latino,9,0,0
2020-09-07,Peninsula,Latino,298,19,1
2020-09-07,Rappahannock,"Two or more races",33,3,0
2020-09-07,"Virginia Beach",Black,1602,111,17
2020-09-07,"Mount Rogers","Not Reported",133,2,2
2020-09-07,Loudoun,"Not Reported",1867,5,0
2020-09-07,Chesapeake,"Other Race",58,4,1
2020-09-07,Chickahominy,"Two or more races",4,1,0
2020-09-07,Crater,"Other Race",38,0,0
2020-09-07,Norfolk,"Two or more races",46,1,0
2020-09-07,"Eastern Shore","Two or more races",1,1,0
2020-09-07,"Central Shenandoah",White,2107,168,52
2020-09-07,"New River","Other Race",9,0,0
2020-09-07,"New River",White,1204,28,9
2020-09-07,"Central Shenandoah","Other Race",67,2,0
2020-09-07,"West Piedmont",Black,419,76,11
2020-09-07,Alleghany,Latino,147,11,0
2020-09-07,"Central Shenandoah","Not Reported",538,4,1
2020-09-07,Roanoke,"Two or more races",3,1,0
2020-09-07,Peninsula,"Two or more races",50,3,0
2020-09-07,Richmond,"Not Reported",662,2,1
2020-09-07,Arlington,"Other Race",88,10,4
2020-09-07,Norfolk,"Not Reported",976,4,0
2020-09-07,Alexandria,"Other Race",78,7,2
2020-09-07,"Virginia Beach",White,2113,158,45
2020-09-07,Chesapeake,"Two or more races",44,2,1
2020-09-07,Alleghany,White,646,46,21
2020-09-07,"Rappahannock Rapidan","Other Race",35,2,0
2020-09-07,Chickahominy,"Not Reported",318,1,1
2020-09-07,Portsmouth,Black,1296,137,29
2020-09-07,Chickahominy,"Other Race",16,2,0
2020-09-07,"Virginia Beach",Latino,367,22,3
2020-09-07,Chesapeake,White,1108,107,23
2020-09-07,Southside,Black,378,36,15
2020-09-07,Rappahannock,Latino,1251,106,8
2020-09-07,"Three Rivers","Two or more races",4,0,0
2020-09-07,Henrico,Black,1524,191,83
2020-09-07,Pittsylvania-Danville,Black,493,56,11
2020-09-07,"Lord Fairfax","Two or more races",11,0,0
2020-09-07,"Prince William",Latino,5788,611,68
2020-09-07,"Mount Rogers","Other Race",8,2,2
2020-09-07,"Central Shenandoah",Black,171,11,4
2020-09-07,Peninsula,White,865,82,34
2020-09-07,"Eastern Shore","Not Reported",84,0,0
2020-09-07,"Thomas Jefferson","Other Race",141,3,1
2020-09-07,Hampton,"Other Race",50,2,0
2020-09-07,"Lord Fairfax","Not Reported",321,3,6
2020-09-07,"Central Virginia","Other Race",16,0,0
2020-09-07,"Western Tidewater","Other Race",65,1,2
2020-09-07,Crater,Latino,186,9,4
2020-09-07,Chesapeake,Latino,268,23,1
2020-09-07,Chesterfield,White,1169,103,67
2020-09-07,"Western Tidewater","Not Reported",866,7,0
2020-09-07,Fairfax,"Not Reported",2404,54,31
2020-09-07,Arlington,Black,378,78,33
2020-09-07,"Central Virginia",Latino,41,3,1
2020-09-07,Alexandria,"Not Reported",231,7,1
2020-09-07,"Three Rivers",Black,429,39,9
2020-09-07,"Prince William","Two or more races",51,1,0
2020-09-07,Loudoun,"Two or more races",45,2,0
2020-09-07,Peninsula,"Other Race",150,4,0
2020-09-07,"Thomas Jefferson",White,1113,74,39
2020-09-07,Norfolk,"Other Race",91,3,1
2020-09-07,"Prince William","Not Reported",4051,27,0
2020-09-07,"West Piedmont",White,695,92,19
2020-09-07,Rappahannock,Black,753,84,15
2020-09-07,Norfolk,Black,2263,223,40
2020-09-07,Roanoke,Latino,344,18,0
2020-09-07,Piedmont,Latino,73,8,1
2020-09-07,Roanoke,"Not Reported",501,1,0
2020-09-07,"Virginia Beach","Other Race",101,2,0
2020-09-07,Arlington,"Two or more races",36,2,0
2020-09-07,Alexandria,White,679,57,33
2020-09-07,"Lord Fairfax","Other Race",74,6,1
2020-09-07,"Thomas Jefferson","Not Reported",232,1,0
2020-09-07,"Virginia Beach","Not Reported",1732,10,3
2020-09-07,Loudoun,Black,285,28,5
2020-09-07,Pittsylvania-Danville,Latino,65,3,0
2020-09-07,"Cumberland Plateau","Not Reported",14,0,0
2020-09-07,Chesterfield,"Not Reported",1971,4,10
2020-09-07,"Mount Rogers",White,1786,177,69
2020-09-07,Richmond,White,609,39,9
2020-09-07,Lenowisco,"Not Reported",116,4,2
2020-09-07,"Three Rivers",Latino,151,5,1
2020-09-07,Piedmont,"Not Reported",730,11,4
2020-09-07,"Mount Rogers",Latino,274,6,0
2020-09-07,"Central Shenandoah","Two or more races",25,1,0
2020-09-07,Crater,White,694,54,19
2020-09-07,Arlington,White,1054,129,69
2020-09-07,Pittsylvania-Danville,"Other Race",0,0,0
2020-09-07,Chickahominy,Black,235,43,12
2020-09-07,Fairfax,Black,1553,238,61
2020-09-07,"Eastern Shore",Latino,260,11,3
2020-09-07,Norfolk,White,778,50,18
2020-09-07,"Mount Rogers","Two or more races",6,0,0
2020-09-07,Alleghany,"Two or more races",4,0,0
2020-09-07,Southside,White,225,28,19
2020-09-07,"Thomas Jefferson","Two or more races",36,0,0
2020-09-07,"Prince William",Black,1321,172,48
2020-09-07,"Lord Fairfax",White,1614,182,75
2020-09-07,"Cumberland Plateau",Latino,5,0,0
2020-09-07,Arlington,"Not Reported",316,4,0
2020-09-07,Rappahannock,"Other Race",105,4,0
2020-09-07,"Rappahannock Rapidan",Black,204,29,8
2020-09-07,"New River","Two or more races",18,0,0
2020-09-07,Arlington,Latino,1594,231,25
2020-09-07,Henrico,White,1224,115,94
2020-09-07,Loudoun,White,1454,118,86
2020-09-07,Hampton,White,237,9,1
2020-09-07,Alleghany,Black,68,6,2
2020-09-07,"Prince William",White,1579,171,86
2020-09-07,Rappahannock,White,1219,132,40
2020-09-07,Southside,"Other Race",12,0,1
2020-09-07,Portsmouth,"Two or more races",9,2,1
2020-09-07,"Western Tidewater",Black,1393,98,42
2020-09-07,Hampton,Latino,53,4,0
2020-09-07,Henrico,"Not Reported",856,4,4
2020-09-07,"West Piedmont","Two or more races",2,0,0
2020-09-07,Peninsula,"Not Reported",1545,2,0
2020-09-07,Loudoun,Latino,2026,179,14
2020-09-07,Alexandria,Black,711,89,15
2020-09-07,Piedmont,Black,467,57,15
2020-09-07,Roanoke,"Other Race",13,0,0
2020-09-07,Alexandria,"Two or more races",21,1,0
2020-09-07,"Western Tidewater",Latino,30,1,1
2020-09-07,Rappahannock,"Not Reported",1218,25,0
2020-09-07,"West Piedmont","Other Race",6,1,1
2020-09-07,Chickahominy,White,657,91,35
2020-09-07,"Thomas Jefferson",Latino,636,27,3
2020-09-07,"Cumberland Plateau",Black,42,0,0
2020-09-07,"Lord Fairfax",Latino,700,46,9
2020-09-07,"West Piedmont",Latino,246,8,1
2020-09-07,"Cumberland Plateau",White,508,48,9
2020-09-07,"Eastern Shore","Other Race",13,1,0
2020-09-07,"Cumberland Plateau","Two or more races",6,0,0
2020-09-07,Pittsylvania-Danville,"Two or more races",2,0,0
2020-09-07,Piedmont,"Other Race",9,0,0
2020-09-07,Alexandria,Latino,1667,130,10
2020-09-07,Chesapeake,Black,1481,194,20
2020-09-07,Richmond,"Other Race",113,7,2
2020-09-07,Henrico,Latino,829,56,9
2020-09-07,Piedmont,"Two or more races",4,2,0
2020-09-07,"Prince William","Other Race",400,16,1
2020-09-07,"New River","Not Reported",439,2,0
2020-09-07,"Rappahannock Rapidan",White,693,51,16
2020-09-07,"Central Virginia","Not Reported",1609,13,1
2020-09-07,"Virginia Beach","Two or more races",54,4,1
2020-09-07,Pittsylvania-Danville,White,364,39,12
2020-09-07,"Lord Fairfax",Black,136,16,6
2020-09-07,Fairfax,Latino,9318,999,91
2020-09-07,Chesterfield,"Asian or Pacific Islander",57,2,1
2020-09-07,Crater,"Asian or Pacific Islander",16,0,0
2020-09-07,Fairfax,"Asian or Pacific Islander",1569,256,72
2020-09-07,Hampton,"Asian or Pacific Islander",12,0,0
2020-09-07,"Rappahannock Rapidan","Asian or Pacific Islander",8,1,0
2020-09-07,"Mount Rogers","Asian or Pacific Islander",3,1,0
2020-09-07,"New River","Asian or Pacific Islander",40,0,0
2020-09-07,"Central Virginia","Asian or Pacific Islander",12,1,0
2020-09-07,"Lord Fairfax","Asian or Pacific Islander",14,0,0
2020-09-07,Southside,"Asian or Pacific Islander",1,0,0
2020-09-07,Alleghany,"Asian or Pacific Islander",16,0,0
2020-09-07,Portsmouth,"Asian or Pacific Islander",14,2,0
2020-09-07,Roanoke,"Asian or Pacific Islander",20,2,0
2020-09-07,Richmond,"Asian or Pacific Islander",37,3,1
2020-09-07,"Thomas Jefferson","Asian or Pacific Islander",43,0,1
2020-09-07,"Virginia Beach","Asian or Pacific Islander",250,21,2
2020-09-07,Henrico,"Asian or Pacific Islander",182,10,4
2020-09-07,Piedmont,"Asian or Pacific Islander",8,0,0
2020-09-07,"Western Tidewater","Asian or Pacific Islander",14,2,1
2020-09-07,"West Piedmont","Asian or Pacific Islander",11,1,1
2020-09-07,Chickahominy,"Asian or Pacific Islander",14,1,0
2020-09-07,Peninsula,"Asian or Pacific Islander",41,4,5
2020-09-07,Norfolk,"Asian or Pacific Islander",59,6,0
2020-09-07,Arlington,"Asian or Pacific Islander",169,22,12
2020-09-07,Loudoun,"Asian or Pacific Islander",370,50,11
2020-09-07,Alexandria,"Asian or Pacific Islander",121,11,1
2020-09-07,Rappahannock,"Asian or Pacific Islander",74,10,2
2020-09-07,Chesapeake,"Asian or Pacific Islander",66,9,4
2020-09-07,"Cumberland Plateau and Lenowisco","Asian or Pacific Islander",1,0,0
2020-09-07,"Central Shenandoah","Asian or Pacific Islander",39,2,0
2020-09-07,"Prince William","Asian or Pacific Islander",462,54,15
2020-09-07,Pittsylvania-Danville,"Asian or Pacific Islander",3,0,0
2020-09-07,"Eastern Shore and Three Rivers","Asian or Pacific Islander",13,1,0
2020-09-07,Piedmont,"Native American",1,0,0
2020-09-07,"New River","Native American",1,0,0
2020-09-07,"Central Shenandoah","Native American",3,1,0
2020-09-07,"Eastern Shore and Three Rivers","Native American",1,0,0
2020-09-07,Fairfax,"Native American",32,1,1
2020-09-07,Chesapeake,"Native American",11,0,0
2020-09-07,"Western Tidewater","Native American",2,0,0
2020-09-07,Portsmouth,"Native American",4,2,0
2020-09-07,Richmond,"Native American",0,0,0
2020-09-07,Chickahominy,"Native American",5,1,0
2020-09-07,"Thomas Jefferson","Native American",2,0,0
2020-09-07,Arlington,"Native American",5,0,0
2020-09-07,"Virginia Beach","Native American",7,0,0
2020-09-07,Peninsula,"Native American",7,2,1
2020-09-07,Hampton,"Native American",2,0,0
2020-09-07,"West Piedmont","Native American",2,0,0
2020-09-07,"Cumberland Plateau, Lenowisco, and Mount Rogers","Native American",1,0,0
2020-09-07,Henrico,"Native American",8,0,0
2020-09-07,Norfolk,"Native American",9,1,1
2020-09-07,"Prince William","Native American",20,1,1
2020-09-07,"Central Virginia","Native American",3,0,0
2020-09-07,Chesterfield,"Native American",6,0,0
2020-09-07,Rappahannock,"Native American",5,0,0
2020-09-07,Loudoun,"Native American",5,0,0
2020-09-07,Alexandria,"Native American",3,0,0
2020-09-07,"Alleghany and Roanoke","Native American",1,0,0
2020-09-07,Crater,"Native American",5,0,0
2020-09-07,"Rappahannock Rapidan","Native American",1,0,0
2020-09-07,"Lord Fairfax","Native American",2,1,1
2020-09-07,"Pittsylvania-Danville and Southside","Native American",0,0,0
2020-09-08,"Rappahannock Rapidan","Not Reported",634,12,9
2020-09-08,Portsmouth,"Other Race",71,9,4
2020-09-08,"Western Tidewater","Two or more races",26,0,0
2020-09-08,Piedmont,White,484,49,20
2020-09-08,Chesterfield,Latino,1331,86,6
2020-09-08,Lenowisco,White,651,65,10
2020-09-08,Lenowisco,"Two or more races",2,0,0
2020-09-08,Hampton,"Not Reported",601,3,2
2020-09-08,Southside,"Not Reported",500,10,4
2020-09-08,Roanoke,Black,169,15,3
2020-09-08,Hampton,Black,679,39,13
2020-09-08,Alleghany,"Other Race",7,1,0
2020-09-08,Lenowisco,Latino,10,0,0
2020-09-08,Loudoun,"Other Race",173,13,2
2020-09-08,"Central Shenandoah",Latino,1002,56,6
2020-09-08,"Rappahannock Rapidan",Latino,771,62,7
2020-09-08,"Eastern Shore",Black,850,97,27
2020-09-08,Norfolk,Latino,310,20,0
2020-09-08,Hampton,"Two or more races",14,0,0
2020-09-08,Richmond,Black,1432,231,29
2020-09-08,Henrico,"Two or more races",41,1,0
2020-09-08,Fairfax,"Two or more races",90,5,0
2020-09-08,Alleghany,"Not Reported",384,1,0
2020-09-08,Portsmouth,"Not Reported",542,4,0
2020-09-08,"Cumberland Plateau","Other Race",2,1,0
2020-09-08,Southside,"Two or more races",23,0,0
2020-09-08,Portsmouth,White,294,26,8
2020-09-08,"Rappahannock Rapidan","Two or more races",28,3,0
2020-09-08,Fairfax,White,3562,476,302
2020-09-08,Fairfax,"Other Race",752,82,18
2020-09-08,Crater,"Two or more races",8,0,0
2020-09-08,"West Piedmont","Not Reported",371,27,3
2020-09-08,Henrico,"Other Race",149,13,0
2020-09-08,"Three Rivers",White,545,43,9
2020-09-08,"Central Virginia",Black,203,25,6
2020-09-08,Lenowisco,"Other Race",7,0,0
2020-09-08,"Three Rivers","Other Race",14,3,0
2020-09-08,"Western Tidewater",White,697,58,48
2020-09-08,"Mount Rogers",Black,56,8,2
2020-09-08,"Three Rivers","Not Reported",219,3,1
2020-09-08,"Thomas Jefferson",Black,472,68,13
2020-09-08,"Eastern Shore",White,246,26,18
2020-09-08,"Central Virginia",White,689,46,11
2020-09-08,Lenowisco,Black,6,1,1
2020-09-08,"Central Virginia","Two or more races",3,0,0
2020-09-08,Richmond,"Two or more races",30,1,0
2020-09-08,Crater,"Not Reported",650,9,5
2020-09-08,Chesterfield,"Two or more races",25,3,0
2020-09-08,"New River",Latino,130,5,0
2020-09-08,Richmond,Latino,1276,107,7
2020-09-08,Portsmouth,Latino,61,12,1
2020-09-08,Pittsylvania-Danville,"Not Reported",611,10,0
2020-09-08,Chesapeake,"Not Reported",880,6,0
2020-09-08,Chickahominy,Latino,83,4,0
2020-09-08,Crater,Black,1782,182,52
2020-09-08,Chesterfield,Black,956,103,26
2020-09-08,Chesterfield,"Other Race",196,11,0
2020-09-08,Peninsula,Black,1022,67,18
2020-09-08,Roanoke,White,262,15,12
2020-09-08,"New River",Black,109,3,0
2020-09-08,Southside,Latino,9,0,0
2020-09-08,Peninsula,Latino,298,19,1
2020-09-08,Rappahannock,"Two or more races",33,3,0
2020-09-08,"Virginia Beach",Black,1603,111,17
2020-09-08,"Mount Rogers","Not Reported",134,2,2
2020-09-08,Loudoun,"Not Reported",1886,5,0
2020-09-08,Chesapeake,"Other Race",57,5,1
2020-09-08,Chickahominy,"Two or more races",4,1,0
2020-09-08,Crater,"Other Race",38,0,0
2020-09-08,Norfolk,"Two or more races",46,1,0
2020-09-08,"Eastern Shore","Two or more races",1,1,0
2020-09-08,"Central Shenandoah",White,2166,169,52
2020-09-08,"New River","Other Race",10,0,0
2020-09-08,"New River",White,1224,28,9
2020-09-08,"Central Shenandoah","Other Race",78,2,0
2020-09-08,"West Piedmont",Black,420,76,11
2020-09-08,Alleghany,Latino,148,11,0
2020-09-08,"Central Shenandoah","Not Reported",628,4,1
2020-09-08,Roanoke,"Two or more races",3,1,0
2020-09-08,Peninsula,"Two or more races",50,3,0
2020-09-08,Richmond,"Not Reported",663,2,1
2020-09-08,Arlington,"Other Race",89,10,4
2020-09-08,Norfolk,"Not Reported",979,4,0
2020-09-08,Alexandria,"Other Race",77,7,2
2020-09-08,"Virginia Beach",White,2113,158,45
2020-09-08,Chesapeake,"Two or more races",40,2,1
2020-09-08,Alleghany,White,655,47,21
2020-09-08,"Rappahannock Rapidan","Other Race",35,2,0
2020-09-08,Chickahominy,"Not Reported",324,2,1
2020-09-08,Portsmouth,Black,1314,138,29
2020-09-08,Chickahominy,"Other Race",16,2,0
2020-09-08,"Virginia Beach",Latino,367,22,3
2020-09-08,Chesapeake,White,1136,107,23
2020-09-08,Southside,Black,387,36,15
2020-09-08,Rappahannock,Latino,1253,106,8
2020-09-08,"Three Rivers","Two or more races",4,0,0
2020-09-08,Henrico,Black,1529,191,83
2020-09-08,Pittsylvania-Danville,Black,499,56,11
2020-09-08,"Lord Fairfax","Two or more races",12,0,0
2020-09-08,"Prince William",Latino,5819,612,68
2020-09-08,"Mount Rogers","Other Race",8,2,2
2020-09-08,"Central Shenandoah",Black,176,11,4
2020-09-08,Peninsula,White,872,82,34
2020-09-08,"Eastern Shore","Not Reported",84,0,0
2020-09-08,"Thomas Jefferson","Other Race",140,3,1
2020-09-08,Hampton,"Other Race",50,2,0
2020-09-08,"Lord Fairfax","Not Reported",320,3,6
2020-09-08,"Central Virginia","Other Race",16,0,0
2020-09-08,"Western Tidewater","Other Race",65,1,2
2020-09-08,Crater,Latino,186,9,4
2020-09-08,Chesapeake,Latino,271,23,1
2020-09-08,Chesterfield,White,1188,104,67
2020-09-08,"Western Tidewater","Not Reported",821,6,0
2020-09-08,Fairfax,"Not Reported",2401,54,31
2020-09-08,Arlington,Black,381,80,33
2020-09-08,"Central Virginia",Latino,41,3,1
2020-09-08,Alexandria,"Not Reported",233,7,1
2020-09-08,"Three Rivers",Black,431,39,9
2020-09-08,"Prince William","Two or more races",58,1,0
2020-09-08,Loudoun,"Two or more races",45,2,0
2020-09-08,Peninsula,"Other Race",152,4,0
2020-09-08,"Thomas Jefferson",White,1125,75,39
2020-09-08,Norfolk,"Other Race",90,3,1
2020-09-08,"Prince William","Not Reported",4038,27,0
2020-09-08,"West Piedmont",White,698,93,19
2020-09-08,Rappahannock,Black,767,85,15
2020-09-08,Norfolk,Black,2263,225,40
2020-09-08,Roanoke,Latino,345,18,0
2020-09-08,Piedmont,Latino,72,8,1
2020-09-08,Roanoke,"Not Reported",493,1,0
2020-09-08,"Virginia Beach","Other Race",101,2,0
2020-09-08,Arlington,"Two or more races",36,2,0
2020-09-08,Alexandria,White,681,57,33
2020-09-08,"Lord Fairfax","Other Race",73,6,1
2020-09-08,"Thomas Jefferson","Not Reported",230,1,0
2020-09-08,"Virginia Beach","Not Reported",1732,10,3
2020-09-08,Loudoun,Black,286,28,5
2020-09-08,Pittsylvania-Danville,Latino,65,3,0
2020-09-08,"Cumberland Plateau","Not Reported",14,0,0
2020-09-08,Chesterfield,"Not Reported",1976,4,10
2020-09-08,"Mount Rogers",White,1810,179,70
2020-09-08,Richmond,White,623,39,9
2020-09-08,Lenowisco,"Not Reported",117,4,2
2020-09-08,"Three Rivers",Latino,151,5,1
2020-09-08,Piedmont,"Not Reported",727,11,4
2020-09-08,"Mount Rogers",Latino,274,6,0
2020-09-08,"Central Shenandoah","Two or more races",28,1,0
2020-09-08,Crater,White,698,54,19
2020-09-08,Arlington,White,1059,129,69
2020-09-08,Pittsylvania-Danville,"Other Race",0,0,0
2020-09-08,Chickahominy,Black,237,43,12
2020-09-08,Fairfax,Black,1565,239,61
2020-09-08,"Eastern Shore",Latino,260,11,3
2020-09-08,Norfolk,White,781,50,18
2020-09-08,"Mount Rogers","Two or more races",7,0,0
2020-09-08,Alleghany,"Two or more races",5,0,0
2020-09-08,Southside,White,229,28,19
2020-09-08,"Thomas Jefferson","Two or more races",37,0,0
2020-09-08,"Prince William",Black,1329,172,48
2020-09-08,"Lord Fairfax",White,1621,182,75
2020-09-08,"Cumberland Plateau",Latino,5,0,0
2020-09-08,Arlington,"Not Reported",320,4,0
2020-09-08,Rappahannock,"Other Race",104,4,0
2020-09-08,"Rappahannock Rapidan",Black,205,29,8
2020-09-08,"New River","Two or more races",18,0,0
2020-09-08,Arlington,Latino,1597,231,25
2020-09-08,Henrico,White,1240,115,94
2020-09-08,Loudoun,White,1458,118,86
2020-09-08,Hampton,White,240,9,1
2020-09-08,Alleghany,Black,68,6,2
2020-09-08,"Prince William",White,1585,171,86
2020-09-08,Rappahannock,White,1232,133,40
2020-09-08,Southside,"Other Race",12,0,1
2020-09-08,Portsmouth,"Two or more races",9,2,1
2020-09-08,"Western Tidewater",Black,1432,100,42
2020-09-08,Hampton,Latino,53,4,0
2020-09-08,Henrico,"Not Reported",861,4,4
2020-09-08,"West Piedmont","Two or more races",2,0,0
2020-09-08,Peninsula,"Not Reported",1554,2,0
2020-09-08,Loudoun,Latino,2036,179,14
2020-09-08,Alexandria,Black,715,89,15
2020-09-08,Piedmont,Black,473,57,15
2020-09-08,Roanoke,"Other Race",13,0,0
2020-09-08,Alexandria,"Two or more races",21,1,0
2020-09-08,"Western Tidewater",Latino,30,1,1
2020-09-08,Rappahannock,"Not Reported",1213,25,0
2020-09-08,"West Piedmont","Other Race",6,1,1
2020-09-08,Chickahominy,White,666,92,35
2020-09-08,"Thomas Jefferson",Latino,638,27,3
2020-09-08,"Cumberland Plateau",Black,42,0,0
2020-09-08,"Lord Fairfax",Latino,705,46,9
2020-09-08,"West Piedmont",Latino,247,8,1
2020-09-08,"Cumberland Plateau",White,517,48,9
2020-09-08,"Eastern Shore","Other Race",13,1,0
2020-09-08,"Cumberland Plateau","Two or more races",6,0,0
2020-09-08,Pittsylvania-Danville,"Two or more races",2,0,0
2020-09-08,Piedmont,"Other Race",9,0,0
2020-09-08,Alexandria,Latino,1673,130,10
2020-09-08,Chesapeake,Black,1499,196,20
2020-09-08,Richmond,"Other Race",113,7,2
2020-09-08,Henrico,Latino,829,56,9
2020-09-08,Piedmont,"Two or more races",4,2,0
2020-09-08,"Prince William","Other Race",404,16,1
2020-09-08,"New River","Not Reported",450,2,0
2020-09-08,"Rappahannock Rapidan",White,699,51,16
2020-09-08,"Central Virginia","Not Reported",1604,13,1
2020-09-08,"Virginia Beach","Two or more races",54,4,1
2020-09-08,Pittsylvania-Danville,White,375,39,12
2020-09-08,"Lord Fairfax",Black,136,16,6
2020-09-08,Fairfax,Latino,9342,1000,91
2020-09-08,Chesterfield,"Asian or Pacific Islander",57,2,1
2020-09-08,Crater,"Asian or Pacific Islander",16,0,0
2020-09-08,Fairfax,"Asian or Pacific Islander",1582,257,73
2020-09-08,Hampton,"Asian or Pacific Islander",12,0,0
2020-09-08,"Rappahannock Rapidan","Asian or Pacific Islander",8,1,0
2020-09-08,"Mount Rogers","Asian or Pacific Islander",3,1,0
2020-09-08,"New River","Asian or Pacific Islander",40,0,0
2020-09-08,"Central Virginia","Asian or Pacific Islander",12,1,0
2020-09-08,"Lord Fairfax","Asian or Pacific Islander",14,0,0
2020-09-08,Southside,"Asian or Pacific Islander",1,0,0
2020-09-08,Alleghany,"Asian or Pacific Islander",16,0,0
2020-09-08,Portsmouth,"Asian or Pacific Islander",14,2,0
2020-09-08,Roanoke,"Asian or Pacific Islander",20,2,0
2020-09-08,Richmond,"Asian or Pacific Islander",39,3,1
2020-09-08,"Thomas Jefferson","Asian or Pacific Islander",44,0,1
2020-09-08,"Virginia Beach","Asian or Pacific Islander",250,21,2
2020-09-08,Henrico,"Asian or Pacific Islander",186,10,4
2020-09-08,Piedmont,"Asian or Pacific Islander",8,0,0
2020-09-08,"Western Tidewater","Asian or Pacific Islander",16,2,1
2020-09-08,"West Piedmont","Asian or Pacific Islander",11,1,1
2020-09-08,Chickahominy,"Asian or Pacific Islander",14,1,0
2020-09-08,Peninsula,"Asian or Pacific Islander",41,4,5
2020-09-23,Henrico,White,1446,133,106
2020-09-08,Norfolk,"Asian or Pacific Islander",59,6,0
2020-09-08,Arlington,"Asian or Pacific Islander",169,22,12
2020-09-08,Loudoun,"Asian or Pacific Islander",374,51,11
2020-09-08,Alexandria,"Asian or Pacific Islander",124,11,1
2020-09-08,Rappahannock,"Asian or Pacific Islander",75,10,2
2020-09-08,Chesapeake,"Asian or Pacific Islander",68,9,4
2020-09-08,"Cumberland Plateau and Lenowisco","Asian or Pacific Islander",1,0,0
2020-09-08,"Central Shenandoah","Asian or Pacific Islander",40,2,0
2020-09-08,"Prince William","Asian or Pacific Islander",469,54,15
2020-09-08,Pittsylvania-Danville,"Asian or Pacific Islander",3,0,0
2020-09-08,"Eastern Shore and Three Rivers","Asian or Pacific Islander",14,1,0
2020-09-08,Piedmont,"Native American",1,0,0
2020-09-08,"New River","Native American",1,0,0
2020-09-08,"Central Shenandoah","Native American",3,1,0
2020-09-08,"Eastern Shore and Three Rivers","Native American",1,0,0
2020-09-08,Fairfax,"Native American",32,1,1
2020-09-08,Chesapeake,"Native American",11,0,0
2020-09-08,"Western Tidewater","Native American",2,0,0
2020-09-08,Portsmouth,"Native American",4,2,0
2020-09-08,Richmond,"Native American",0,0,0
2020-09-08,Chickahominy,"Native American",5,1,0
2020-09-08,"Thomas Jefferson","Native American",2,0,0
2020-09-08,Arlington,"Native American",5,0,0
2020-09-08,"Virginia Beach","Native American",7,0,0
2020-09-08,Peninsula,"Native American",7,2,1
2020-09-08,Hampton,"Native American",2,0,0
2020-09-08,"West Piedmont","Native American",2,0,0
2020-09-08,"Cumberland Plateau, Lenowisco, and Mount Rogers","Native American",1,0,0
2020-09-08,Henrico,"Native American",9,0,0
2020-09-08,Norfolk,"Native American",9,1,1
2020-09-08,"Prince William","Native American",20,1,1
2020-09-08,"Central Virginia","Native American",3,0,0
2020-09-08,Chesterfield,"Native American",6,0,0
2020-09-08,Rappahannock,"Native American",6,0,0
2020-09-08,Loudoun,"Native American",5,0,0
2020-09-08,Alexandria,"Native American",3,0,0
2020-09-08,"Alleghany and Roanoke","Native American",1,0,0
2020-09-08,Crater,"Native American",5,0,0
2020-09-08,"Rappahannock Rapidan","Native American",1,0,0
2020-09-08,"Lord Fairfax","Native American",2,1,1
2020-09-08,"Pittsylvania-Danville and Southside","Native American",0,0,0
2020-09-09,"Rappahannock Rapidan","Not Reported",637,13,11
2020-09-09,Portsmouth,"Other Race",70,9,4
2020-09-09,"Western Tidewater","Two or more races",26,0,0
2020-09-09,Piedmont,White,489,49,20
2020-09-09,Chesterfield,Latino,1344,86,6
2020-09-09,Lenowisco,White,655,65,10
2020-09-09,Lenowisco,"Two or more races",2,0,0
2020-09-09,Hampton,"Not Reported",603,3,2
2020-09-09,Southside,"Not Reported",503,10,4
2020-09-09,Roanoke,Black,172,15,3
2020-09-09,Hampton,Black,683,39,13
2020-09-09,Alleghany,"Other Race",8,1,0
2020-09-09,Lenowisco,Latino,10,0,0
2020-09-09,Loudoun,"Other Race",173,14,2
2020-09-09,"Central Shenandoah",Latino,1008,56,6
2020-09-09,"Rappahannock Rapidan",Latino,771,62,7
2020-09-09,"Eastern Shore",Black,851,98,27
2020-09-09,Norfolk,Latino,313,20,0
2020-09-09,Hampton,"Two or more races",14,0,0
2020-09-09,Richmond,Black,1443,232,29
2020-09-09,Henrico,"Two or more races",41,1,0
2020-09-09,Fairfax,"Two or more races",91,5,0
2020-09-09,Alleghany,"Not Reported",380,1,0
2020-09-09,Portsmouth,"Not Reported",521,4,0
2020-09-09,"Cumberland Plateau","Other Race",2,1,0
2020-09-09,Southside,"Two or more races",23,0,0
2020-09-09,Portsmouth,White,301,32,8
2020-09-09,"Rappahannock Rapidan","Two or more races",28,3,0
2020-09-09,Fairfax,"Other Race",757,84,18
2020-09-09,Crater,"Two or more races",8,0,0
2020-09-09,"West Piedmont","Not Reported",373,27,3
2020-09-09,Henrico,"Other Race",149,13,0
2020-09-09,"Three Rivers",White,550,43,9
2020-09-09,"Central Virginia",Black,207,25,6
2020-09-09,Lenowisco,"Other Race",7,0,0
2020-09-09,"Three Rivers","Other Race",13,3,0
2020-09-09,"Western Tidewater",White,710,60,48
2020-09-09,"Mount Rogers",Black,56,7,2
2020-09-09,"Three Rivers","Not Reported",219,3,1
2020-09-09,"Thomas Jefferson",Black,472,68,14
2020-09-09,"Eastern Shore",White,246,26,18
2020-09-09,"Central Virginia",White,712,47,11
2020-09-09,Lenowisco,Black,6,1,1
2020-09-09,"Central Virginia","Two or more races",4,0,0
2020-09-09,Richmond,"Two or more races",32,1,0
2020-09-09,Crater,"Not Reported",687,9,5
2020-09-09,Chesterfield,"Two or more races",27,3,0
2020-09-09,"New River",Latino,130,5,0
2020-09-09,Richmond,Latino,1281,109,7
2020-09-09,Portsmouth,Latino,63,12,1
2020-09-09,Pittsylvania-Danville,"Not Reported",612,10,0
2020-09-09,Chesapeake,"Not Reported",888,6,0
2020-09-09,Chickahominy,Latino,83,4,0
2020-09-09,Crater,Black,1797,183,52
2020-09-09,Chesterfield,Black,973,107,28
2020-09-09,Chesterfield,"Other Race",195,12,0
2020-09-09,Peninsula,Black,1026,67,18
2020-09-09,Roanoke,White,266,15,12
2020-09-09,"New River",Black,111,3,0
2020-09-09,Southside,Latino,9,0,0
2020-09-09,Peninsula,Latino,300,19,1
2020-09-09,Rappahannock,"Two or more races",33,3,0
2020-09-09,"Virginia Beach",Black,1618,113,17
2020-09-09,"Mount Rogers","Not Reported",132,2,2
2020-09-09,Loudoun,"Not Reported",1861,6,0
2020-09-09,Chesapeake,"Other Race",57,5,1
2020-09-09,Chickahominy,"Two or more races",4,1,0
2020-09-09,Crater,"Other Race",38,0,0
2020-09-09,Norfolk,"Two or more races",45,1,0
2020-09-09,"Eastern Shore","Two or more races",1,1,0
2020-09-09,"Central Shenandoah",White,2235,169,53
2020-09-09,"New River","Other Race",10,0,0
2020-09-09,"New River",White,1259,29,9
2020-09-09,"Central Shenandoah","Other Race",81,2,0
2020-09-09,"West Piedmont",Black,424,76,11
2020-09-09,Alleghany,Latino,149,11,0
2020-09-09,"Central Shenandoah","Not Reported",632,4,1
2020-09-09,Roanoke,"Two or more races",3,1,0
2020-09-09,Peninsula,"Two or more races",50,3,0
2020-09-09,Richmond,"Not Reported",666,2,1
2020-09-09,Arlington,"Other Race",90,10,4
2020-09-09,Norfolk,"Not Reported",978,4,0
2020-09-09,Alexandria,"Other Race",77,7,2
2020-09-09,"Virginia Beach",White,2144,162,45
2020-09-09,Chesapeake,"Two or more races",40,2,1
2020-09-09,Alleghany,White,661,47,21
2020-09-09,"Rappahannock Rapidan","Other Race",34,2,0
2020-09-09,Chickahominy,"Not Reported",321,2,1
2020-09-09,Portsmouth,Black,1338,154,30
2020-09-09,Chickahominy,"Other Race",16,2,0
2020-09-09,"Virginia Beach",Latino,372,22,3
2020-09-09,Chesapeake,White,1140,107,22
2020-09-09,Southside,Black,402,36,15
2020-09-09,Rappahannock,Latino,1259,106,8
2020-09-09,"Three Rivers","Two or more races",6,0,0
2020-09-09,Henrico,Black,1536,191,83
2020-09-09,Pittsylvania-Danville,Black,503,56,11
2020-09-09,"Lord Fairfax","Two or more races",12,0,0
2020-09-09,"Prince William",Latino,5852,613,68
2020-09-09,"Mount Rogers","Other Race",8,2,2
2020-09-09,"Central Shenandoah",Black,178,11,4
2020-09-09,Peninsula,White,873,82,34
2020-09-09,"Eastern Shore","Not Reported",84,0,0
2020-09-09,"Thomas Jefferson","Other Race",141,3,1
2020-09-09,Hampton,"Other Race",51,2,0
2020-09-09,"Lord Fairfax","Not Reported",320,3,6
2020-09-09,"Central Virginia","Other Race",16,0,0
2020-09-09,"Western Tidewater","Other Race",65,1,2
2020-09-09,Crater,Latino,186,9,4
2020-09-09,Chesapeake,Latino,272,23,1
2020-09-09,Chesterfield,White,1218,105,68
2020-09-09,"Western Tidewater","Not Reported",800,3,0
2020-09-09,Fairfax,"Not Reported",2381,54,31
2020-09-09,Arlington,Black,383,81,33
2020-09-09,"Central Virginia",Latino,43,3,1
2020-09-09,Alexandria,"Not Reported",230,7,1
2020-09-09,"Three Rivers",Black,435,40,9
2020-09-09,"Prince William","Two or more races",68,1,0
2020-09-09,Loudoun,"Two or more races",45,2,0
2020-09-09,Peninsula,"Other Race",152,4,0
2020-09-09,"Thomas Jefferson",White,1151,75,39
2020-09-09,Norfolk,"Other Race",83,3,1
2020-09-09,"Prince William","Not Reported",4045,27,0
2020-09-09,"West Piedmont",White,702,96,19
2020-09-09,Rappahannock,Black,777,87,15
2020-09-09,Norfolk,Black,2270,226,40
2020-09-09,Roanoke,Latino,344,18,0
2020-09-09,Piedmont,Latino,72,8,1
2020-09-09,Roanoke,"Not Reported",493,2,0
2020-09-09,"Virginia Beach","Other Race",102,2,0
2020-09-09,Arlington,"Two or more races",36,2,0
2020-09-09,Alexandria,White,686,57,33
2020-09-09,"Lord Fairfax","Other Race",73,6,1
2020-09-09,"Thomas Jefferson","Not Reported",227,1,0
2020-09-09,"Virginia Beach","Not Reported",1753,10,3
2020-09-09,Loudoun,Black,290,28,5
2020-09-09,Pittsylvania-Danville,Latino,65,3,0
2020-09-09,"Cumberland Plateau","Not Reported",14,0,0
2020-09-09,Chesterfield,"Not Reported",1957,4,10
2020-09-09,"Mount Rogers",White,1823,181,70
2020-09-09,Richmond,White,624,39,9
2020-09-09,Lenowisco,"Not Reported",117,4,2
2020-09-09,"Three Rivers",Latino,151,5,1
2020-09-09,Piedmont,"Not Reported",728,11,4
2020-09-09,"Mount Rogers",Latino,275,6,0
2020-09-09,"Central Shenandoah","Two or more races",28,1,0
2020-09-09,Crater,White,704,55,19
2020-09-09,Arlington,White,1067,130,69
2020-09-09,Pittsylvania-Danville,"Other Race",0,0,0
2020-09-09,Chickahominy,Black,245,43,12
2020-09-09,Fairfax,Black,1576,240,62
2020-09-09,"Eastern Shore",Latino,260,11,3
2020-09-09,Norfolk,White,787,51,18
2020-09-09,"Mount Rogers","Two or more races",7,0,0
2020-09-09,Alleghany,"Two or more races",5,0,0
2020-09-09,Southside,White,233,28,19
2020-09-09,"Thomas Jefferson","Two or more races",37,0,0
2020-09-09,"Prince William",Black,1339,172,48
2020-09-09,"Lord Fairfax",White,1623,184,75
2020-09-09,"Cumberland Plateau",Latino,5,0,0
2020-09-09,Arlington,"Not Reported",318,4,0
2020-09-09,Rappahannock,"Other Race",105,4,0
2020-09-09,"Rappahannock Rapidan",Black,208,30,8
2020-09-09,"New River","Two or more races",18,0,0
2020-09-09,Arlington,Latino,1607,231,25
2020-09-09,Henrico,White,1255,116,95
2020-09-09,Loudoun,White,1471,118,86
2020-09-09,Hampton,White,243,9,1
2020-09-09,Alleghany,Black,70,6,2
2020-09-09,"Prince William",White,1593,173,86
2020-09-09,Rappahannock,White,1257,133,40
2020-09-09,Southside,"Other Race",13,0,1
2020-09-09,Portsmouth,"Two or more races",12,2,0
2020-09-09,"Western Tidewater",Black,1461,101,42
2020-09-09,Hampton,Latino,53,4,0
2020-09-09,Henrico,"Not Reported",862,4,4
2020-09-09,"West Piedmont","Two or more races",2,0,0
2020-09-09,Peninsula,"Not Reported",1557,2,0
2020-09-09,Loudoun,Latino,2052,180,14
2020-09-09,Alexandria,Black,725,89,15
2020-09-09,Piedmont,Black,475,57,15
2020-09-09,Roanoke,"Other Race",13,0,0
2020-09-09,Alexandria,"Two or more races",21,1,0
2020-09-09,"Western Tidewater",Latino,30,1,1
2020-09-09,Rappahannock,"Not Reported",1219,25,0
2020-09-09,"West Piedmont","Other Race",6,1,1
2020-09-09,Chickahominy,White,676,92,35
2020-09-09,"Thomas Jefferson",Latino,640,27,3
2020-09-09,"Cumberland Plateau",Black,42,0,0
2020-09-09,"Lord Fairfax",Latino,705,46,9
2020-09-09,"West Piedmont",Latino,247,8,1
2020-09-09,"Cumberland Plateau",White,523,48,9
2020-09-09,"Eastern Shore","Other Race",13,1,0
2020-09-09,"Cumberland Plateau","Two or more races",6,0,0
2020-09-09,Pittsylvania-Danville,"Two or more races",2,0,0
2020-09-09,Piedmont,"Other Race",9,0,0
2020-09-09,Alexandria,Latino,1680,130,10
2020-09-09,Chesapeake,Black,1506,197,21
2020-09-09,Richmond,"Other Race",113,7,2
2020-09-09,Henrico,Latino,831,56,9
2020-09-09,Piedmont,"Two or more races",4,2,0
2020-09-09,"Prince William","Other Race",402,16,1
2020-09-09,"New River","Not Reported",488,2,0
2020-09-09,"Rappahannock Rapidan",White,711,51,16
2020-09-09,"Central Virginia","Not Reported",1609,13,1
2020-09-09,"Virginia Beach","Two or more races",57,4,1
2020-09-09,Pittsylvania-Danville,White,382,40,12
2020-09-09,"Lord Fairfax",Black,136,17,6
2020-09-09,Fairfax,Latino,9361,1000,91
2020-09-09,Chesterfield,"Asian or Pacific Islander",57,2,1
2020-09-09,Crater,"Asian or Pacific Islander",16,0,0
2020-09-09,Fairfax,"Asian or Pacific Islander",1589,258,74
2020-09-09,Hampton,"Asian or Pacific Islander",12,0,0
2020-09-09,"Rappahannock Rapidan","Asian or Pacific Islander",8,1,0
2020-09-09,"Mount Rogers","Asian or Pacific Islander",3,1,0
2020-09-09,"New River","Asian or Pacific Islander",41,0,0
2020-09-09,"Central Virginia","Asian or Pacific Islander",12,1,0
2020-09-09,"Lord Fairfax","Asian or Pacific Islander",14,0,0
2020-09-09,Southside,"Asian or Pacific Islander",1,0,0
2020-09-09,Alleghany,"Asian or Pacific Islander",17,0,0
2020-09-09,Portsmouth,"Asian or Pacific Islander",15,2,0
2020-09-09,Roanoke,"Asian or Pacific Islander",20,2,0
2020-09-09,Richmond,"Asian or Pacific Islander",39,3,1
2020-09-09,"Thomas Jefferson","Asian or Pacific Islander",45,0,1
2020-09-09,"Virginia Beach","Asian or Pacific Islander",252,22,2
2020-09-09,Henrico,"Asian or Pacific Islander",189,11,4
2020-09-09,Piedmont,"Asian or Pacific Islander",8,0,0
2020-09-09,"Western Tidewater","Asian or Pacific Islander",17,2,1
2020-09-09,"West Piedmont","Asian or Pacific Islander",11,1,1
2020-09-09,Chickahominy,"Asian or Pacific Islander",13,1,0
2020-09-09,Peninsula,"Asian or Pacific Islander",41,4,5
2020-09-09,Norfolk,"Asian or Pacific Islander",60,6,0
2020-09-09,Arlington,"Asian or Pacific Islander",173,22,12
2020-09-09,Loudoun,"Asian or Pacific Islander",376,51,11
2020-09-09,Alexandria,"Asian or Pacific Islander",124,11,1
2020-09-09,Rappahannock,"Asian or Pacific Islander",77,10,2
2020-09-09,Chesapeake,"Asian or Pacific Islander",68,9,4
2020-09-09,"Cumberland Plateau and Lenowisco","Asian or Pacific Islander",1,0,0
2020-09-09,"Central Shenandoah","Asian or Pacific Islander",40,2,0
2020-09-09,"Prince William","Asian or Pacific Islander",474,54,15
2020-09-23,Loudoun,White,1602,122,90
2020-09-09,Pittsylvania-Danville,"Asian or Pacific Islander",3,0,0
2020-09-09,"Eastern Shore and Three Rivers","Asian or Pacific Islander",13,1,0
2020-09-09,Piedmont,"Native American",1,0,0
2020-09-09,"New River","Native American",1,0,0
2020-09-09,"Central Shenandoah","Native American",3,1,0
2020-09-09,"Eastern Shore and Three Rivers","Native American",1,0,0
2020-09-09,Fairfax,"Native American",32,1,1
2020-09-09,Chesapeake,"Native American",11,0,0
2020-09-09,"Western Tidewater","Native American",2,0,0
2020-09-09,Portsmouth,"Native American",4,2,0
2020-09-09,Richmond,"Native American",0,0,0
2020-09-09,Chickahominy,"Native American",5,1,0
2020-09-09,"Thomas Jefferson","Native American",2,0,0
2020-09-09,Arlington,"Native American",5,0,0
2020-09-09,"Virginia Beach","Native American",7,0,0
2020-09-09,Peninsula,"Native American",7,2,1
2020-09-09,Hampton,"Native American",2,0,0
2020-09-09,"West Piedmont","Native American",2,0,0
2020-09-09,"Cumberland Plateau, Lenowisco, and Mount Rogers","Native American",1,0,0
2020-09-09,Henrico,"Native American",9,0,0
2020-09-09,Norfolk,"Native American",9,1,1
2020-09-09,"Prince William","Native American",20,1,1
2020-09-09,"Central Virginia","Native American",3,0,0
2020-09-09,Chesterfield,"Native American",6,0,0
2020-09-09,Rappahannock,"Native American",6,0,0
2020-09-09,Loudoun,"Native American",5,0,0
2020-09-09,Alexandria,"Native American",3,0,0
2020-09-09,"Alleghany and Roanoke","Native American",1,0,0
2020-09-09,Crater,"Native American",5,0,0
2020-09-09,"Rappahannock Rapidan","Native American",1,0,0
2020-09-09,"Lord Fairfax","Native American",2,1,1
2020-09-09,"Pittsylvania-Danville and Southside","Native American",0,0,0
2020-09-10,"Rappahannock Rapidan","Not Reported",639,13,11
2020-09-10,Portsmouth,"Other Race",68,9,4
2020-09-10,"Western Tidewater","Two or more races",26,0,0
2020-09-10,Piedmont,White,493,50,20
2020-09-10,Chesterfield,Latino,1363,86,6
2020-09-10,Lenowisco,White,666,65,10
2020-09-10,Lenowisco,"Two or more races",2,0,0
2020-09-10,Hampton,"Not Reported",616,3,2
2020-09-10,Southside,"Not Reported",504,10,4
2020-09-10,Roanoke,Black,176,15,3
2020-09-10,Hampton,Black,691,39,13
2020-09-10,Alleghany,"Other Race",8,1,0
2020-09-10,Lenowisco,Latino,10,0,0
2020-09-10,Loudoun,"Other Race",172,14,2
2020-09-10,"Central Shenandoah",Latino,1019,56,6
2020-09-10,"Rappahannock Rapidan",Latino,771,62,7
2020-09-10,"Eastern Shore",Black,851,98,27
2020-09-10,Norfolk,Latino,316,21,0
2020-09-10,Hampton,"Two or more races",14,0,0
2020-09-10,Richmond,Black,1444,231,29
2020-09-10,Henrico,"Two or more races",42,1,0
2020-09-10,Fairfax,"Two or more races",93,5,0
2020-09-10,Alleghany,"Not Reported",388,1,0
2020-09-10,Portsmouth,"Not Reported",509,4,0
2020-09-10,"Cumberland Plateau","Other Race",2,1,0
2020-09-10,Southside,"Two or more races",23,0,0
2020-09-10,Portsmouth,White,304,39,8
2020-09-10,"Rappahannock Rapidan","Two or more races",29,3,0
2020-09-10,Fairfax,White,3612,479,303
2020-09-10,Fairfax,"Other Race",763,84,18
2020-09-10,Crater,"Two or more races",8,0,0
2020-09-10,"West Piedmont","Not Reported",381,29,3
2020-09-10,Henrico,"Other Race",150,13,0
2020-09-10,"Three Rivers",White,556,43,9
2020-09-10,"Central Virginia",Black,211,26,6
2020-09-10,Lenowisco,"Other Race",7,0,0
2020-09-10,"Three Rivers","Other Race",14,3,0
2020-09-10,"Western Tidewater",White,714,60,48
2020-09-10,"Mount Rogers",Black,56,7,2
2020-09-10,"Three Rivers","Not Reported",225,3,1
2020-09-10,"Thomas Jefferson",Black,472,68,14
2020-09-10,"Eastern Shore",White,247,26,18
2020-09-10,"Central Virginia",White,718,47,11
2020-09-10,Lenowisco,Black,6,1,1
2020-09-10,"Central Virginia","Two or more races",4,0,0
2020-09-10,Richmond,"Two or more races",33,1,0
2020-09-10,Crater,"Not Reported",682,9,5
2020-09-10,Chesterfield,"Two or more races",26,3,0
2020-09-10,"New River",Latino,132,5,0
2020-09-10,Richmond,Latino,1286,109,7
2020-09-10,Portsmouth,Latino,65,12,1
2020-09-10,Pittsylvania-Danville,"Not Reported",618,10,0
2020-09-10,Chesapeake,"Not Reported",901,6,0
2020-09-10,Chickahominy,Latino,87,4,0
2020-09-10,Crater,Black,1827,186,52
2020-09-10,Chesterfield,Black,980,107,28
2020-09-10,Chesterfield,"Other Race",196,12,0
2020-09-10,Peninsula,Black,1031,67,18
2020-09-10,Roanoke,White,272,15,12
2020-09-10,"New River",Black,112,3,0
2020-09-10,Southside,Latino,9,0,0
2020-09-10,Peninsula,Latino,302,19,1
2020-09-10,Rappahannock,"Two or more races",34,3,0
2020-09-10,"Virginia Beach",Black,1623,113,17
2020-09-10,"Mount Rogers","Not Reported",133,2,2
2020-09-10,Loudoun,"Not Reported",1883,6,0
2020-09-10,Chesapeake,"Other Race",57,5,1
2020-09-10,Chickahominy,"Two or more races",4,1,0
2020-09-10,Crater,"Other Race",37,0,0
2020-09-10,Norfolk,"Two or more races",45,1,0
2020-09-10,"Eastern Shore","Two or more races",1,1,0
2020-09-10,"Central Shenandoah",White,2320,170,53
2020-09-10,"New River","Other Race",10,0,0
2020-09-10,"New River",White,1305,33,10
2020-09-10,"Central Shenandoah","Other Race",77,2,0
2020-09-10,"West Piedmont",Black,430,82,11
2020-09-10,Alleghany,Latino,149,11,0
2020-09-10,"Central Shenandoah","Not Reported",619,4,1
2020-09-10,Roanoke,"Two or more races",3,1,0
2020-09-10,Peninsula,"Two or more races",50,3,0
2020-09-10,Richmond,"Not Reported",668,2,1
2020-09-10,Arlington,"Other Race",90,10,4
2020-09-10,Norfolk,"Not Reported",985,5,0
2020-09-10,Alexandria,"Other Race",78,8,2
2020-09-10,"Virginia Beach",White,2163,162,45
2020-09-10,Chesapeake,"Two or more races",40,2,1
2020-09-10,Alleghany,White,673,48,21
2020-09-10,"Rappahannock Rapidan","Other Race",34,2,0
2020-09-10,Chickahominy,"Not Reported",345,2,1
2020-09-10,Portsmouth,Black,1361,165,32
2020-09-10,Chickahominy,"Other Race",17,2,0
2020-09-10,"Virginia Beach",Latino,376,22,3
2020-09-10,Chesapeake,White,1150,110,22
2020-09-10,Southside,Black,408,36,15
2020-09-10,Rappahannock,Latino,1261,106,8
2020-09-10,"Three Rivers","Two or more races",7,0,0
2020-09-10,Henrico,Black,1551,192,83
2020-09-10,Pittsylvania-Danville,Black,511,56,11
2020-09-10,"Lord Fairfax","Two or more races",12,0,0
2020-09-10,"Prince William",Latino,5896,617,71
2020-09-10,"Mount Rogers","Other Race",8,2,2
2020-09-10,"Central Shenandoah",Black,186,11,4
2020-09-10,Peninsula,White,879,82,34
2020-09-10,"Eastern Shore","Not Reported",84,0,0
2020-09-10,"Thomas Jefferson","Other Race",143,3,1
2020-09-10,Hampton,"Other Race",51,2,0
2020-09-10,"Lord Fairfax","Not Reported",323,3,6
2020-09-10,"Central Virginia","Other Race",19,0,0
2020-09-10,"Western Tidewater","Other Race",66,1,2
2020-09-10,Crater,Latino,187,9,4
2020-09-10,Chesapeake,Latino,271,23,1
2020-09-10,Chesterfield,White,1237,107,68
2020-09-10,"Western Tidewater","Not Reported",823,3,0
2020-09-10,Fairfax,"Not Reported",2406,52,31
2020-09-10,Arlington,Black,383,81,33
2020-09-10,"Central Virginia",Latino,43,3,1
2020-09-10,Alexandria,"Not Reported",231,7,1
2020-09-10,"Three Rivers",Black,442,41,9
2020-09-10,"Prince William","Two or more races",70,1,0
2020-09-10,Loudoun,"Two or more races",45,2,0
2020-09-10,Peninsula,"Other Race",152,4,0
2020-09-10,"Thomas Jefferson",White,1167,76,39
2020-09-10,Norfolk,"Other Race",82,3,1
2020-09-10,"Prince William","Not Reported",4051,26,0
2020-09-10,"West Piedmont",White,712,99,19
2020-09-10,Rappahannock,Black,788,88,15
2020-09-10,Norfolk,Black,2287,229,40
2020-09-10,Roanoke,Latino,347,19,0
2020-09-10,Piedmont,Latino,72,8,1
2020-09-10,Roanoke,"Not Reported",495,2,0
2020-09-10,"Virginia Beach","Other Race",103,2,0
2020-09-10,Arlington,"Two or more races",36,2,0
2020-09-10,Alexandria,White,689,57,33
2020-09-10,"Lord Fairfax","Other Race",72,6,1
2020-09-10,"Thomas Jefferson","Not Reported",232,1,0
2020-09-10,"Virginia Beach","Not Reported",1762,10,3
2020-09-10,Loudoun,Black,293,28,5
2020-09-10,Pittsylvania-Danville,Latino,66,3,0
2020-09-10,"Cumberland Plateau","Not Reported",15,0,0
2020-09-10,Chesterfield,"Not Reported",1969,4,10
2020-09-10,"Mount Rogers",White,1843,182,71
2020-09-10,Richmond,White,634,41,10
2020-09-10,Lenowisco,"Not Reported",118,4,2
2020-09-10,"Three Rivers",Latino,151,5,1
2020-09-10,Piedmont,"Not Reported",732,11,4
2020-09-10,"Mount Rogers",Latino,275,6,0
2020-09-10,"Central Shenandoah","Two or more races",26,1,0
2020-09-10,Crater,White,710,55,19
2020-09-10,Arlington,White,1074,131,70
2020-09-10,Pittsylvania-Danville,"Other Race",0,0,0
2020-09-10,Chickahominy,Black,288,43,12
2020-09-10,Fairfax,Black,1579,240,62
2020-09-10,"Eastern Shore",Latino,260,11,3
2020-09-10,Norfolk,White,792,52,18
2020-09-10,"Mount Rogers","Two or more races",7,0,0
2020-09-10,Alleghany,"Two or more races",5,0,0
2020-09-10,Southside,White,238,28,19
2020-09-10,"Thomas Jefferson","Two or more races",37,0,0
2020-09-10,"Prince William",Black,1343,173,49
2020-09-10,"Lord Fairfax",White,1625,183,75
2020-09-10,"Cumberland Plateau",Latino,5,0,0
2020-09-10,Arlington,"Not Reported",317,4,0
2020-09-10,Rappahannock,"Other Race",106,4,0
2020-09-10,"Rappahannock Rapidan",Black,209,31,8
2020-09-10,"New River","Two or more races",19,0,0
2020-09-10,Arlington,Latino,1609,231,25
2020-09-10,Henrico,White,1274,118,95
2020-09-10,Loudoun,White,1479,118,86
2020-09-10,Hampton,White,245,9,1
2020-09-10,Alleghany,Black,71,6,2
2020-09-10,"Prince William",White,1606,173,86
2020-09-10,Rappahannock,White,1279,134,40
2020-09-10,Southside,"Other Race",13,0,1
2020-09-10,Portsmouth,"Two or more races",11,3,0
2020-09-10,"Western Tidewater",Black,1473,101,42
2020-09-10,Hampton,Latino,56,4,0
2020-09-10,Henrico,"Not Reported",874,4,4
2020-09-10,"West Piedmont","Two or more races",2,0,0
2020-09-10,Peninsula,"Not Reported",1579,2,0
2020-09-10,Loudoun,Latino,2073,182,14
2020-09-10,Alexandria,Black,727,89,15
2020-09-10,Piedmont,Black,480,57,15
2020-09-10,Roanoke,"Other Race",15,0,0
2020-09-10,Alexandria,"Two or more races",21,1,0
2020-09-10,"Western Tidewater",Latino,30,1,1
2020-09-10,Rappahannock,"Not Reported",1225,25,0
2020-09-10,"West Piedmont","Other Race",6,1,1
2020-09-10,Chickahominy,White,732,93,35
2020-09-10,"Thomas Jefferson",Latino,643,27,3
2020-09-10,"Cumberland Plateau",Black,42,0,0
2020-09-10,"Lord Fairfax",Latino,710,46,9
2020-09-10,"West Piedmont",Latino,249,8,1
2020-09-10,"Cumberland Plateau",White,534,48,9
2020-09-10,"Eastern Shore","Other Race",13,1,0
2020-09-10,"Cumberland Plateau","Two or more races",7,0,0
2020-09-10,Pittsylvania-Danville,"Two or more races",2,0,0
2020-09-10,Piedmont,"Other Race",9,0,0
2020-09-10,Alexandria,Latino,1682,130,10
2020-09-10,Chesapeake,Black,1509,197,21
2020-09-10,Richmond,"Other Race",115,7,2
2020-09-10,Henrico,Latino,834,56,9
2020-09-10,Piedmont,"Two or more races",4,2,0
2020-09-10,"Prince William","Other Race",404,15,1
2020-09-10,"New River","Not Reported",522,2,0
2020-09-10,"Rappahannock Rapidan",White,717,51,17
2020-09-10,"Central Virginia","Not Reported",1623,14,1
2020-09-10,"Virginia Beach","Two or more races",58,4,1
2020-09-10,Pittsylvania-Danville,White,390,40,12
2020-09-10,"Lord Fairfax",Black,136,17,6
2020-09-10,Fairfax,Latino,9390,1003,91
2020-09-10,Chesterfield,"Asian or Pacific Islander",57,2,1
2020-09-10,Crater,"Asian or Pacific Islander",16,0,0
2020-09-10,Fairfax,"Asian or Pacific Islander",1599,259,74
2020-09-10,Hampton,"Asian or Pacific Islander",12,0,0
2020-09-10,"Rappahannock Rapidan","Asian or Pacific Islander",8,1,0
2020-09-10,"Mount Rogers","Asian or Pacific Islander",3,1,0
2020-09-10,"New River","Asian or Pacific Islander",46,0,0
2020-09-10,"Central Virginia","Asian or Pacific Islander",12,1,0
2020-09-10,"Lord Fairfax","Asian or Pacific Islander",14,0,0
2020-09-10,Southside,"Asian or Pacific Islander",1,0,0
2020-09-10,Alleghany,"Asian or Pacific Islander",18,0,0
2020-09-10,Portsmouth,"Asian or Pacific Islander",15,2,0
2020-09-10,Roanoke,"Asian or Pacific Islander",20,2,0
2020-09-10,Richmond,"Asian or Pacific Islander",40,3,1
2020-09-10,"Thomas Jefferson","Asian or Pacific Islander",47,0,1
2020-09-10,"Virginia Beach","Asian or Pacific Islander",253,22,2
2020-09-10,Henrico,"Asian or Pacific Islander",190,11,4
2020-09-10,Piedmont,"Asian or Pacific Islander",8,0,0
2020-09-10,"Western Tidewater","Asian or Pacific Islander",17,2,1
2020-09-10,"West Piedmont","Asian or Pacific Islander",11,1,1
2020-09-10,Chickahominy,"Asian or Pacific Islander",16,1,0
2020-09-10,Peninsula,"Asian or Pacific Islander",41,4,5
2020-09-10,Norfolk,"Asian or Pacific Islander",61,7,0
2020-09-10,Arlington,"Asian or Pacific Islander",173,22,12
2020-09-10,Loudoun,"Asian or Pacific Islander",377,52,11
2020-09-10,Alexandria,"Asian or Pacific Islander",127,11,1
2020-09-10,Rappahannock,"Asian or Pacific Islander",79,10,2
2020-09-10,Chesapeake,"Asian or Pacific Islander",68,9,4
2020-09-10,"Cumberland Plateau and Lenowisco","Asian or Pacific Islander",1,0,0
2020-09-10,"Central Shenandoah","Asian or Pacific Islander",42,2,0
2020-09-10,"Prince William","Asian or Pacific Islander",479,55,15
2020-09-10,Pittsylvania-Danville,"Asian or Pacific Islander",3,0,0
2020-09-10,"Eastern Shore and Three Rivers","Asian or Pacific Islander",12,1,0
2020-09-10,Piedmont,"Native American",1,0,0
2020-09-10,"New River","Native American",1,0,0
2020-09-10,"Central Shenandoah","Native American",3,1,0
2020-09-10,"Eastern Shore and Three Rivers","Native American",1,0,0
2020-09-10,Fairfax,"Native American",32,1,1
2020-09-10,Chesapeake,"Native American",11,0,0
2020-09-23,Hampton,White,261,10,4
2020-09-10,"Western Tidewater","Native American",2,0,0
2020-09-10,Portsmouth,"Native American",4,2,0
2020-09-10,Richmond,"Native American",0,0,0
2020-09-10,Chickahominy,"Native American",6,1,0
2020-09-10,"Thomas Jefferson","Native American",2,0,0
2020-09-10,Arlington,"Native American",5,0,0
2020-09-10,"Virginia Beach","Native American",7,0,0
2020-09-10,Peninsula,"Native American",7,2,1
2020-09-10,Hampton,"Native American",2,0,0
2020-09-10,"West Piedmont","Native American",2,0,0
2020-09-10,"Cumberland Plateau, Lenowisco, and Mount Rogers","Native American",1,0,0
2020-09-10,Henrico,"Native American",10,0,0
2020-09-10,Norfolk,"Native American",9,1,1
2020-09-10,"Prince William","Native American",20,1,1
2020-09-10,"Central Virginia","Native American",3,0,0
2020-09-10,Chesterfield,"Native American",6,0,0
2020-09-10,Rappahannock,"Native American",6,0,0
2020-09-10,Loudoun,"Native American",5,0,0
2020-09-10,Alexandria,"Native American",3,0,0
2020-09-10,"Alleghany and Roanoke","Native American",1,0,0
2020-09-10,Crater,"Native American",5,0,0
2020-09-10,"Rappahannock Rapidan","Native American",1,0,0
2020-09-10,"Lord Fairfax","Native American",2,1,1
2020-09-10,"Pittsylvania-Danville and Southside","Native American",0,0,0
2020-09-11,"Rappahannock Rapidan","Not Reported",638,13,11
2020-09-11,Portsmouth,"Other Race",66,10,4
2020-09-11,"Western Tidewater","Two or more races",27,0,0
2020-09-11,Piedmont,White,497,50,20
2020-09-11,Chesterfield,Latino,1379,87,6
2020-09-11,Lenowisco,White,674,65,10
2020-09-11,Lenowisco,"Two or more races",2,0,0
2020-09-11,Hampton,"Not Reported",615,3,2
2020-09-11,Southside,"Not Reported",511,10,4
2020-09-11,Roanoke,Black,182,15,3
2020-09-11,Hampton,Black,692,39,13
2020-09-11,Alleghany,"Other Race",8,1,0
2020-09-11,Lenowisco,Latino,10,0,0
2020-09-11,Loudoun,"Other Race",171,15,2
2020-09-11,"Central Shenandoah",Latino,1023,56,6
2020-09-11,"Rappahannock Rapidan",Latino,775,62,7
2020-09-11,"Eastern Shore",Black,852,98,27
2020-09-11,Norfolk,Latino,321,23,0
2020-09-11,Hampton,"Two or more races",14,0,0
2020-09-11,Richmond,Black,1456,232,29
2020-09-11,Henrico,"Two or more races",42,1,0
2020-09-11,Fairfax,"Two or more races",94,5,0
2020-09-11,Alleghany,"Not Reported",395,1,0
2020-09-11,Portsmouth,"Not Reported",484,5,0
2020-09-11,"Cumberland Plateau","Other Race",2,1,0
2020-09-11,Southside,"Two or more races",25,0,0
2020-09-11,Portsmouth,White,307,39,8
2020-09-11,"Rappahannock Rapidan","Two or more races",29,3,0
2020-09-11,Fairfax,White,3632,479,303
2020-09-11,Fairfax,"Other Race",766,84,18
2020-09-11,Crater,"Two or more races",8,0,0
2020-09-11,"West Piedmont","Not Reported",370,29,3
2020-09-11,Henrico,"Other Race",147,13,0
2020-09-11,"Three Rivers",White,567,46,9
2020-09-11,"Central Virginia",Black,212,26,6
2020-09-11,Lenowisco,"Other Race",7,0,0
2020-09-11,"Three Rivers","Other Race",14,3,0
2020-09-11,"Western Tidewater",White,717,60,48
2020-09-11,"Mount Rogers",Black,56,7,2
2020-09-11,"Three Rivers","Not Reported",226,3,1
2020-09-11,"Thomas Jefferson",Black,473,68,14
2020-09-11,"Eastern Shore",White,248,26,18
2020-09-11,"Central Virginia",White,736,48,11
2020-09-11,Lenowisco,Black,6,1,1
2020-09-11,"Central Virginia","Two or more races",4,0,0
2020-09-11,Richmond,"Two or more races",33,1,0
2020-09-11,Crater,"Not Reported",680,9,5
2020-09-11,Chesterfield,"Two or more races",26,3,0
2020-09-11,"New River",Latino,136,5,0
2020-09-11,Richmond,Latino,1292,109,7
2020-09-11,Portsmouth,Latino,69,12,1
2020-09-11,Pittsylvania-Danville,"Not Reported",622,10,0
2020-09-11,Chesapeake,"Not Reported",899,5,0
2020-09-11,Chickahominy,Latino,87,4,0
2020-09-11,Crater,Black,1835,187,52
2020-09-11,Chesterfield,Black,989,110,28
2020-09-11,Chesterfield,"Other Race",194,12,0
2020-09-11,Peninsula,Black,1036,67,18
2020-09-11,Roanoke,White,275,15,12
2020-09-11,"New River",Black,117,3,0
2020-09-11,Southside,Latino,9,0,0
2020-09-11,Peninsula,Latino,303,19,1
2020-09-11,Rappahannock,"Two or more races",34,3,0
2020-09-11,"Virginia Beach",Black,1630,113,17
2020-09-11,"Mount Rogers","Not Reported",133,2,2
2020-09-11,Loudoun,"Not Reported",1901,6,0
2020-09-11,Chesapeake,"Other Race",57,5,1
2020-09-11,Chickahominy,"Two or more races",4,1,0
2020-09-11,Crater,"Other Race",35,0,0
2020-09-11,Norfolk,"Two or more races",46,1,0
2020-09-11,"Eastern Shore","Two or more races",1,1,0
2020-09-11,"Central Shenandoah",White,2387,172,54
2020-09-11,"New River","Other Race",10,0,0
2020-09-11,"New River",White,1356,34,10
2020-09-11,"Central Shenandoah","Other Race",76,2,0
2020-09-11,"West Piedmont",Black,438,83,11
2020-09-11,Alleghany,Latino,150,11,0
2020-09-11,"Central Shenandoah","Not Reported",621,4,1
2020-09-11,Roanoke,"Two or more races",4,2,0
2020-09-11,Peninsula,"Two or more races",50,3,0
2020-09-11,Richmond,"Not Reported",675,2,1
2020-09-11,Arlington,"Other Race",90,10,4
2020-09-11,Norfolk,"Not Reported",981,6,0
2020-09-11,Alexandria,"Other Race",79,8,2
2020-09-11,"Virginia Beach",White,2181,163,45
2020-09-11,Chesapeake,"Two or more races",40,2,1
2020-09-11,Alleghany,White,682,48,21
2020-09-11,"Rappahannock Rapidan","Other Race",34,2,0
2020-09-11,Chickahominy,"Not Reported",353,2,1
2020-09-11,Portsmouth,Black,1385,175,32
2020-09-11,Chickahominy,"Other Race",17,2,0
2020-09-11,"Virginia Beach",Latino,379,22,3
2020-09-11,Chesapeake,White,1156,112,21
2020-09-11,Southside,Black,415,37,15
2020-09-11,Rappahannock,Latino,1268,106,8
2020-09-11,"Three Rivers","Two or more races",7,0,0
2020-09-11,Henrico,Black,1563,193,83
2020-09-11,Pittsylvania-Danville,Black,520,59,11
2020-09-11,"Lord Fairfax","Two or more races",12,0,0
2020-09-11,"Prince William",Latino,5929,617,71
2020-09-11,"Mount Rogers","Other Race",8,2,2
2020-09-11,"Central Shenandoah",Black,189,11,4
2020-09-11,Peninsula,White,881,82,34
2020-09-11,"Eastern Shore","Not Reported",84,0,0
2020-09-11,"Thomas Jefferson","Other Race",143,3,1
2020-09-11,Hampton,"Other Race",52,2,0
2020-09-11,"Lord Fairfax","Not Reported",320,3,6
2020-09-11,"Central Virginia","Other Race",19,0,0
2020-09-11,"Western Tidewater","Other Race",66,1,2
2020-09-11,Crater,Latino,188,9,4
2020-09-11,Chesapeake,Latino,273,24,1
2020-09-11,Chesterfield,White,1251,107,68
2020-09-11,"Western Tidewater","Not Reported",835,3,0
2020-09-11,Fairfax,"Not Reported",2416,52,31
2020-09-11,Arlington,Black,383,81,33
2020-09-11,"Central Virginia",Latino,45,3,1
2020-09-11,Alexandria,"Not Reported",232,8,1
2020-09-11,"Three Rivers",Black,463,41,9
2020-09-11,"Prince William","Two or more races",72,1,0
2020-09-11,Loudoun,"Two or more races",46,2,0
2020-09-11,Peninsula,"Other Race",152,4,0
2020-09-11,"Thomas Jefferson",White,1204,76,39
2020-09-11,Norfolk,"Other Race",81,3,1
2020-09-11,"Prince William","Not Reported",4078,26,0
2020-09-11,"West Piedmont",White,733,100,19
2020-09-11,Rappahannock,Black,790,89,15
2020-09-11,Norfolk,Black,2302,232,40
2020-09-11,Roanoke,Latino,347,19,0
2020-09-11,Piedmont,Latino,72,8,1
2020-09-11,Roanoke,"Not Reported",509,2,0
2020-09-11,"Virginia Beach","Other Race",102,2,0
2020-09-11,Arlington,"Two or more races",37,2,0
2020-09-11,Alexandria,White,693,57,33
2020-09-11,"Lord Fairfax","Other Race",72,6,1
2020-09-11,"Thomas Jefferson","Not Reported",231,1,0
2020-09-11,"Virginia Beach","Not Reported",1757,10,3
2020-09-11,Loudoun,Black,293,29,5
2020-09-11,Pittsylvania-Danville,Latino,66,3,0
2020-09-11,"Cumberland Plateau","Not Reported",16,0,0
2020-09-11,Chesterfield,"Not Reported",1983,4,10
2020-09-11,"Mount Rogers",White,1867,185,71
2020-09-11,Richmond,White,645,41,10
2020-09-11,Lenowisco,"Not Reported",121,4,2
2020-09-11,"Three Rivers",Latino,150,5,1
2020-09-11,Piedmont,"Not Reported",742,11,4
2020-09-11,"Mount Rogers",Latino,276,6,0
2020-09-11,"Central Shenandoah","Two or more races",27,1,0
2020-09-11,Crater,White,713,55,19
2020-09-11,Arlington,White,1077,131,70
2020-09-11,Pittsylvania-Danville,"Other Race",0,0,0
2020-09-11,Chickahominy,Black,295,45,12
2020-09-11,Fairfax,Black,1585,239,62
2020-09-11,"Eastern Shore",Latino,260,11,3
2020-09-11,Norfolk,White,811,54,19
2020-09-11,"Mount Rogers","Two or more races",7,0,0
2020-09-11,Alleghany,"Two or more races",5,0,0
2020-09-11,Southside,White,245,28,19
2020-09-11,"Thomas Jefferson","Two or more races",41,1,0
2020-09-11,"Prince William",Black,1348,173,49
2020-09-11,"Lord Fairfax",White,1636,183,75
2020-09-11,"Cumberland Plateau",Latino,5,0,0
2020-09-11,Arlington,"Not Reported",325,4,0
2020-09-11,Rappahannock,"Other Race",108,4,0
2020-09-11,"Rappahannock Rapidan",Black,210,31,8
2020-09-11,"New River","Two or more races",23,0,0
2020-09-11,Arlington,Latino,1610,231,25
2020-09-11,Henrico,White,1287,119,95
2020-09-11,Loudoun,White,1487,118,86
2020-09-11,Hampton,White,247,9,1
2020-09-11,Alleghany,Black,73,6,2
2020-09-11,"Prince William",White,1618,173,86
2020-09-11,Rappahannock,White,1308,134,40
2020-09-11,Southside,"Other Race",13,0,1
2020-09-11,Portsmouth,"Two or more races",13,4,0
2020-09-11,"Western Tidewater",Black,1481,102,42
2020-09-11,Hampton,Latino,56,4,0
2020-09-11,Henrico,"Not Reported",886,4,4
2020-09-11,"West Piedmont","Two or more races",2,0,0
2020-09-11,Peninsula,"Not Reported",1578,2,0
2020-09-11,Loudoun,Latino,2092,185,14
2020-09-11,Alexandria,Black,732,89,15
2020-09-11,Piedmont,Black,491,58,15
2020-09-11,Roanoke,"Other Race",17,0,0
2020-09-11,Alexandria,"Two or more races",21,1,0
2020-09-11,"Western Tidewater",Latino,30,1,1
2020-09-11,Rappahannock,"Not Reported",1228,25,0
2020-09-11,"West Piedmont","Other Race",6,1,1
2020-09-11,Chickahominy,White,752,93,36
2020-09-11,"Thomas Jefferson",Latino,650,27,3
2020-09-11,"Cumberland Plateau",Black,42,0,0
2020-09-11,"Lord Fairfax",Latino,713,46,9
2020-09-11,"West Piedmont",Latino,251,8,1
2020-09-11,"Cumberland Plateau",White,544,48,9
2020-09-11,"Eastern Shore","Other Race",13,1,0
2020-09-11,"Cumberland Plateau","Two or more races",7,0,0
2020-09-11,Pittsylvania-Danville,"Two or more races",2,0,0
2020-09-11,Piedmont,"Other Race",9,0,0
2020-09-11,Alexandria,Latino,1691,130,10
2020-09-11,Chesapeake,Black,1522,200,21
2020-09-11,Richmond,"Other Race",119,7,2
2020-09-11,Henrico,Latino,839,56,9
2020-09-11,Piedmont,"Two or more races",4,2,0
2020-09-11,"Prince William","Other Race",420,15,1
2020-09-11,"New River","Not Reported",547,2,0
2020-09-11,"Rappahannock Rapidan",White,727,53,17
2020-09-11,"Central Virginia","Not Reported",1655,14,1
2020-09-11,"Virginia Beach","Two or more races",58,4,1
2020-09-11,Pittsylvania-Danville,White,394,41,12
2020-09-11,"Lord Fairfax",Black,136,18,6
2020-09-11,Fairfax,Latino,9424,1005,91
2020-09-11,Chesterfield,"Asian or Pacific Islander",57,2,1
2020-09-11,Crater,"Asian or Pacific Islander",16,0,0
2020-09-11,Fairfax,"Asian or Pacific Islander",1604,259,75
2020-09-11,Hampton,"Asian or Pacific Islander",12,0,0
2020-09-11,"Rappahannock Rapidan","Asian or Pacific Islander",9,1,0
2020-09-11,"Mount Rogers","Asian or Pacific Islander",3,1,0
2020-09-11,"New River","Asian or Pacific Islander",49,0,0
2020-09-11,"Central Virginia","Asian or Pacific Islander",12,1,0
2020-09-11,"Lord Fairfax","Asian or Pacific Islander",14,0,0
2020-09-11,Southside,"Asian or Pacific Islander",1,0,0
2020-09-11,Alleghany,"Asian or Pacific Islander",18,0,0
2020-09-11,Portsmouth,"Asian or Pacific Islander",15,2,0
2020-09-11,Roanoke,"Asian or Pacific Islander",24,2,0
2020-09-11,Richmond,"Asian or Pacific Islander",39,3,1
2020-09-11,"Thomas Jefferson","Asian or Pacific Islander",52,0,1
2020-09-11,"Virginia Beach","Asian or Pacific Islander",253,22,2
2020-09-11,Henrico,"Asian or Pacific Islander",192,11,4
2020-09-11,Piedmont,"Asian or Pacific Islander",8,0,0
2020-09-11,"Western Tidewater","Asian or Pacific Islander",17,2,1
2020-09-11,"West Piedmont","Asian or Pacific Islander",11,1,1
2020-09-11,Chickahominy,"Asian or Pacific Islander",16,1,0
2020-09-11,Peninsula,"Asian or Pacific Islander",41,4,5
2020-09-11,Norfolk,"Asian or Pacific Islander",61,7,0
2020-09-11,Arlington,"Asian or Pacific Islander",173,22,12
2020-09-11,Loudoun,"Asian or Pacific Islander",382,53,11
2020-09-11,Alexandria,"Asian or Pacific Islander",126,11,1
2020-09-11,Rappahannock,"Asian or Pacific Islander",80,10,2
2020-09-11,Chesapeake,"Asian or Pacific Islander",68,9,4
2020-09-11,"Cumberland Plateau and Lenowisco","Asian or Pacific Islander",1,0,0
2020-09-11,"Central Shenandoah","Asian or Pacific Islander",47,2,0
2020-09-11,"Prince William","Asian or Pacific Islander",482,55,15
2020-09-11,Pittsylvania-Danville,"Asian or Pacific Islander",3,0,0
2020-09-11,"Eastern Shore and Three Rivers","Asian or Pacific Islander",12,1,0
2020-09-11,Piedmont,"Native American",1,0,0
2020-09-11,"New River","Native American",1,0,0
2020-09-11,"Central Shenandoah","Native American",3,1,0
2020-09-11,"Eastern Shore and Three Rivers","Native American",1,0,0
2020-09-11,Fairfax,"Native American",32,1,1
2020-09-11,Chesapeake,"Native American",11,0,0
2020-09-11,"Western Tidewater","Native American",2,0,0
2020-09-11,Portsmouth,"Native American",4,2,0
2020-09-11,Richmond,"Native American",0,0,0
2020-09-11,Chickahominy,"Native American",6,1,0
2020-09-11,"Thomas Jefferson","Native American",2,0,0
2020-09-11,Arlington,"Native American",5,0,0
2020-09-11,"Virginia Beach","Native American",8,0,0
2020-09-11,Peninsula,"Native American",7,2,1
2020-09-11,Hampton,"Native American",2,0,0
2020-09-11,"West Piedmont","Native American",2,0,0
2020-09-11,"Cumberland Plateau, Lenowisco, and Mount Rogers","Native American",1,0,0
2020-09-11,Henrico,"Native American",10,0,0
2020-09-11,Norfolk,"Native American",9,1,1
2020-09-11,"Prince William","Native American",20,1,1
2020-09-11,"Central Virginia","Native American",3,0,0
2020-09-11,Chesterfield,"Native American",7,0,0
2020-09-11,Rappahannock,"Native American",6,0,0
2020-09-11,Loudoun,"Native American",5,0,0
2020-09-11,Alexandria,"Native American",3,0,0
2020-09-11,"Alleghany and Roanoke","Native American",1,0,0
2020-09-11,Crater,"Native American",5,0,0
2020-09-11,"Rappahannock Rapidan","Native American",1,0,0
2020-09-11,"Lord Fairfax","Native American",2,1,1
2020-09-11,"Pittsylvania-Danville and Southside","Native American",0,0,0
2020-09-12,"Rappahannock Rapidan","Not Reported",645,13,11
2020-09-12,Portsmouth,"Other Race",60,10,4
2020-09-12,"Western Tidewater","Two or more races",28,0,0
2020-09-12,Piedmont,White,503,50,20
2020-09-12,Chesterfield,Latino,1408,90,6
2020-09-12,Lenowisco,White,683,65,12
2020-09-12,Lenowisco,"Two or more races",2,0,0
2020-09-12,Hampton,"Not Reported",620,3,2
2020-09-12,Southside,"Not Reported",513,10,4
2020-09-12,Roanoke,Black,189,15,3
2020-09-12,Hampton,Black,696,39,13
2020-09-12,Alleghany,"Other Race",8,1,0
2020-09-12,Lenowisco,Latino,10,0,0
2020-09-12,Loudoun,"Other Race",177,15,2
2020-09-12,"Central Shenandoah",Latino,1031,56,6
2020-09-12,"Rappahannock Rapidan",Latino,776,62,7
2020-09-12,"Eastern Shore",Black,852,98,27
2020-09-12,Norfolk,Latino,325,23,0
2020-09-12,Hampton,"Two or more races",14,0,0
2020-09-12,Richmond,Black,1464,232,29
2020-09-12,Henrico,"Two or more races",42,1,0
2020-09-12,Fairfax,"Two or more races",96,5,0
2020-09-12,Alleghany,"Not Reported",395,1,0
2020-09-12,Portsmouth,"Not Reported",486,5,0
2020-09-12,"Cumberland Plateau","Other Race",2,1,0
2020-09-12,Southside,"Two or more races",25,0,0
2020-09-12,Portsmouth,White,309,40,8
2020-09-12,"Rappahannock Rapidan","Two or more races",30,3,0
2020-09-12,Fairfax,White,3659,481,304
2020-09-12,Fairfax,"Other Race",771,84,18
2020-09-12,Crater,"Two or more races",8,0,0
2020-09-12,"West Piedmont","Not Reported",361,29,3
2020-09-12,Henrico,"Other Race",146,13,0
2020-09-12,"Three Rivers",White,579,46,11
2020-09-12,"Central Virginia",Black,213,26,6
2020-09-12,Lenowisco,"Other Race",7,0,0
2020-09-12,"Three Rivers","Other Race",14,3,0
2020-09-12,"Western Tidewater",White,726,60,48
2020-09-12,"Mount Rogers",Black,56,7,2
2020-09-12,"Three Rivers","Not Reported",229,3,1
2020-09-12,"Thomas Jefferson",Black,478,68,14
2020-09-12,"Eastern Shore",White,248,26,18
2020-09-12,"Central Virginia",White,756,49,11
2020-09-12,Lenowisco,Black,5,1,1
2020-09-12,"Central Virginia","Two or more races",4,0,0
2020-09-12,Richmond,"Two or more races",34,1,0
2020-09-12,Crater,"Not Reported",681,9,5
2020-09-12,Chesterfield,"Two or more races",25,3,0
2020-09-12,"New River",Latino,146,5,0
2020-09-12,Richmond,Latino,1298,110,7
2020-09-12,Portsmouth,Latino,72,12,1
2020-09-12,Pittsylvania-Danville,"Not Reported",631,11,0
2020-09-12,Chesapeake,"Not Reported",904,7,0
2020-09-12,Chickahominy,Latino,87,4,0
2020-09-12,Crater,Black,1855,188,52
2020-09-12,Chesterfield,Black,1004,110,28
2020-09-12,Chesterfield,"Other Race",190,12,0
2020-09-12,Peninsula,Black,1042,67,18
2020-09-12,Roanoke,White,277,15,12
2020-09-12,"New River",Black,131,3,0
2020-09-12,Southside,Latino,9,0,0
2020-09-12,Peninsula,Latino,307,19,1
2020-09-12,Rappahannock,"Two or more races",37,3,0
2020-09-12,"Virginia Beach",Black,1647,113,17
2020-09-12,"Mount Rogers","Not Reported",132,2,2
2020-09-12,Loudoun,"Not Reported",1901,6,0
2020-09-12,Chesapeake,"Other Race",55,5,1
2020-09-12,Chickahominy,"Two or more races",4,1,0
2020-09-12,Crater,"Other Race",35,0,0
2020-09-12,Norfolk,"Two or more races",51,1,0
2020-09-12,"Eastern Shore","Two or more races",1,1,0
2020-09-12,"Central Shenandoah",White,2477,173,54
2020-09-12,"New River","Other Race",10,0,0
2020-09-12,"New River",White,1449,36,10
2020-09-12,"Central Shenandoah","Other Race",75,2,0
2020-09-12,"West Piedmont",Black,442,83,11
2020-09-12,Alleghany,Latino,155,11,0
2020-09-12,"Central Shenandoah","Not Reported",630,4,1
2020-09-12,Roanoke,"Two or more races",4,2,0
2020-09-12,Peninsula,"Two or more races",50,3,0
2020-09-12,Richmond,"Not Reported",683,2,1
2020-09-12,Arlington,"Other Race",89,10,4
2020-09-12,Norfolk,"Not Reported",973,6,0
2020-09-12,Alexandria,"Other Race",81,8,2
2020-09-12,"Virginia Beach",White,2197,163,46
2020-09-12,Chesapeake,"Two or more races",44,3,1
2020-09-12,Alleghany,White,688,48,21
2020-09-12,"Rappahannock Rapidan","Other Race",34,2,0
2020-09-12,Chickahominy,"Not Reported",356,2,1
2020-09-12,Portsmouth,Black,1407,180,32
2020-09-12,Chickahominy,"Other Race",17,2,0
2020-09-12,"Virginia Beach",Latino,386,23,3
2020-09-12,Chesapeake,White,1164,113,21
2020-09-12,Southside,Black,421,37,15
2020-09-12,Rappahannock,Latino,1274,106,8
2020-09-12,"Three Rivers","Two or more races",7,0,0
2020-09-12,Henrico,Black,1575,193,83
2020-09-12,Pittsylvania-Danville,Black,524,63,11
2020-09-12,"Lord Fairfax","Two or more races",13,0,0
2020-09-12,"Prince William",Latino,5951,618,71
2020-09-12,"Mount Rogers","Other Race",8,2,2
2020-09-12,"Central Shenandoah",Black,192,11,4
2020-09-12,Peninsula,White,883,82,34
2020-09-12,"Eastern Shore","Not Reported",84,0,0
2020-09-12,"Thomas Jefferson","Other Race",143,3,1
2020-09-12,Hampton,"Other Race",52,2,0
2020-09-12,"Lord Fairfax","Not Reported",323,3,6
2020-09-12,"Central Virginia","Other Race",19,0,0
2020-09-12,"Western Tidewater","Other Race",68,1,2
2020-09-12,Crater,Latino,189,9,4
2020-09-12,Chesapeake,Latino,274,24,1
2020-09-12,Chesterfield,White,1277,108,68
2020-09-12,"Western Tidewater","Not Reported",853,3,0
2020-09-12,Fairfax,"Not Reported",2455,52,31
2020-09-12,Arlington,Black,385,82,33
2020-09-12,"Central Virginia",Latino,45,3,1
2020-09-12,Alexandria,"Not Reported",239,8,1
2020-09-12,"Three Rivers",Black,474,42,9
2020-09-12,"Prince William","Two or more races",71,1,0
2020-09-12,Loudoun,"Two or more races",46,2,0
2020-09-12,Peninsula,"Other Race",152,4,0
2020-09-12,"Thomas Jefferson",White,1237,77,39
2020-09-12,Norfolk,"Other Race",83,3,1
2020-09-12,"Prince William","Not Reported",4118,26,0
2020-09-12,"West Piedmont",White,750,102,19
2020-09-12,Rappahannock,Black,798,90,15
2020-09-12,Norfolk,Black,2308,237,40
2020-09-12,Roanoke,Latino,351,19,0
2020-09-12,Piedmont,Latino,72,8,1
2020-09-12,Roanoke,"Not Reported",501,2,0
2020-09-12,"Virginia Beach","Other Race",103,2,0
2020-09-12,Arlington,"Two or more races",37,2,0
2020-09-12,Alexandria,White,694,57,33
2020-09-12,"Lord Fairfax","Other Race",74,6,1
2020-09-12,"Thomas Jefferson","Not Reported",233,1,0
2020-09-12,"Virginia Beach","Not Reported",1767,10,3
2020-09-12,Loudoun,Black,294,29,5
2020-09-12,Pittsylvania-Danville,Latino,66,3,0
2020-09-12,"Cumberland Plateau","Not Reported",16,0,0
2020-09-12,Chesterfield,"Not Reported",1973,4,10
2020-09-12,"Mount Rogers",White,1907,188,73
2020-09-12,Richmond,White,651,41,10
2020-09-12,Lenowisco,"Not Reported",119,4,2
2020-09-12,"Three Rivers",Latino,151,5,1
2020-09-12,Piedmont,"Not Reported",749,11,4
2020-09-12,"Mount Rogers",Latino,278,6,0
2020-09-12,"Central Shenandoah","Two or more races",29,1,0
2020-09-12,Crater,White,725,55,19
2020-09-12,Arlington,White,1083,131,70
2020-09-12,Pittsylvania-Danville,"Other Race",0,0,0
2020-09-12,Chickahominy,Black,295,45,12
2020-09-12,Fairfax,Black,1595,240,63
2020-09-12,"Eastern Shore",Latino,260,11,3
2020-09-12,Norfolk,White,820,55,19
2020-09-12,"Mount Rogers","Two or more races",7,0,0
2020-09-12,Alleghany,"Two or more races",5,0,0
2020-09-12,Southside,White,250,29,19
2020-09-12,"Thomas Jefferson","Two or more races",40,1,0
2020-09-12,"Prince William",Black,1359,173,49
2020-09-12,"Lord Fairfax",White,1641,183,75
2020-09-12,"Cumberland Plateau",Latino,6,0,0
2020-09-12,Arlington,"Not Reported",319,2,1
2020-09-12,Rappahannock,"Other Race",108,4,0
2020-09-12,"Rappahannock Rapidan",Black,213,31,8
2020-09-12,"New River","Two or more races",24,0,0
2020-09-12,Arlington,Latino,1617,231,25
2020-09-12,Henrico,White,1303,119,95
2020-09-12,Loudoun,White,1500,118,86
2020-09-12,Hampton,White,252,10,2
2020-09-12,Alleghany,Black,74,6,2
2020-09-12,"Prince William",White,1630,173,86
2020-09-12,Rappahannock,White,1331,135,40
2020-09-12,Southside,"Other Race",13,0,1
2020-09-12,Portsmouth,"Two or more races",14,4,0
2020-09-12,"Western Tidewater",Black,1493,103,43
2020-09-12,Hampton,Latino,58,4,0
2020-09-12,Henrico,"Not Reported",888,4,4
2020-09-12,"West Piedmont","Two or more races",3,0,0
2020-09-12,Peninsula,"Not Reported",1595,2,0
2020-09-12,Loudoun,Latino,2100,187,14
2020-09-12,Alexandria,Black,735,90,15
2020-09-12,Piedmont,Black,492,58,15
2020-09-12,Roanoke,"Other Race",17,1,0
2020-09-12,Alexandria,"Two or more races",21,1,0
2020-09-12,"Western Tidewater",Latino,30,1,1
2020-09-12,Rappahannock,"Not Reported",1242,25,0
2020-09-12,"West Piedmont","Other Race",6,1,1
2020-09-12,Chickahominy,White,769,94,36
2020-09-12,"Thomas Jefferson",Latino,656,27,3
2020-09-12,"Cumberland Plateau",Black,42,0,0
2020-09-12,"Lord Fairfax",Latino,717,46,9
2020-09-12,"West Piedmont",Latino,253,8,1
2020-09-12,"Cumberland Plateau",White,554,48,9
2020-09-12,"Eastern Shore","Other Race",13,1,0
2020-09-12,"Cumberland Plateau","Two or more races",6,0,0
2020-09-12,Pittsylvania-Danville,"Two or more races",2,0,0
2020-09-12,Piedmont,"Other Race",9,0,0
2020-09-12,Alexandria,Latino,1694,130,10
2020-09-12,Chesapeake,Black,1528,203,21
2020-09-12,Richmond,"Other Race",120,7,2
2020-09-12,Henrico,Latino,844,55,9
2020-09-12,Piedmont,"Two or more races",4,2,0
2020-09-12,"Prince William","Other Race",416,15,1
2020-09-12,"New River","Not Reported",595,5,0
2020-09-12,"Rappahannock Rapidan",White,733,53,17
2020-09-12,"Central Virginia","Not Reported",1680,14,1
2020-09-12,"Virginia Beach","Two or more races",58,4,1
2020-09-12,Pittsylvania-Danville,White,404,41,12
2020-09-12,"Lord Fairfax",Black,136,18,6
2020-09-12,Fairfax,Latino,9465,1009,90
2020-09-12,Chesterfield,"Asian or Pacific Islander",57,2,1
2020-09-12,Crater,"Asian or Pacific Islander",16,0,0
2020-09-12,Fairfax,"Asian or Pacific Islander",1615,259,75
2020-09-12,Hampton,"Asian or Pacific Islander",12,0,0
2020-09-12,"Rappahannock Rapidan","Asian or Pacific Islander",10,1,0
2020-09-12,"Mount Rogers","Asian or Pacific Islander",3,1,0
2020-09-12,"New River","Asian or Pacific Islander",56,0,0
2020-09-12,"Central Virginia","Asian or Pacific Islander",12,1,0
2020-09-12,"Lord Fairfax","Asian or Pacific Islander",14,0,0
2020-09-12,Southside,"Asian or Pacific Islander",1,0,0
2020-09-12,Alleghany,"Asian or Pacific Islander",18,0,0
2020-09-12,Portsmouth,"Asian or Pacific Islander",21,2,0
2020-09-12,Roanoke,"Asian or Pacific Islander",25,2,0
2020-09-12,Richmond,"Asian or Pacific Islander",41,3,1
2020-09-12,"Thomas Jefferson","Asian or Pacific Islander",53,0,1
2020-09-12,"Virginia Beach","Asian or Pacific Islander",254,22,2
2020-09-12,Henrico,"Asian or Pacific Islander",192,11,4
2020-09-12,Piedmont,"Asian or Pacific Islander",8,0,0
2020-09-12,"Western Tidewater","Asian or Pacific Islander",18,2,1
2020-09-12,"West Piedmont","Asian or Pacific Islander",11,1,1
2020-09-12,Chickahominy,"Asian or Pacific Islander",16,1,0
2020-09-12,Peninsula,"Asian or Pacific Islander",42,4,5
2020-09-12,Norfolk,"Asian or Pacific Islander",61,7,0
2020-09-12,Arlington,"Asian or Pacific Islander",175,23,12
2020-09-12,Loudoun,"Asian or Pacific Islander",386,53,11
2020-09-12,Alexandria,"Asian or Pacific Islander",127,11,1
2020-09-12,Rappahannock,"Asian or Pacific Islander",80,10,2
2020-09-12,Chesapeake,"Asian or Pacific Islander",68,9,4
2020-09-12,"Cumberland Plateau and Lenowisco","Asian or Pacific Islander",1,0,0
2020-09-12,"Central Shenandoah","Asian or Pacific Islander",48,2,0
2020-09-12,"Prince William","Asian or Pacific Islander",489,56,15
2020-09-12,Pittsylvania-Danville,"Asian or Pacific Islander",3,0,0
2020-09-12,"Eastern Shore and Three Rivers","Asian or Pacific Islander",12,1,0
2020-09-12,Piedmont,"Native American",1,0,0
2020-09-12,"New River","Native American",1,0,0
2020-09-12,"Central Shenandoah","Native American",3,1,0
2020-09-12,"Eastern Shore and Three Rivers","Native American",1,0,0
2020-09-12,Fairfax,"Native American",32,1,1
2020-09-12,Chesapeake,"Native American",11,0,0
2020-09-12,"Western Tidewater","Native American",2,0,0
2020-09-12,Portsmouth,"Native American",4,2,0
2020-09-12,Richmond,"Native American",0,0,0
2020-09-12,Chickahominy,"Native American",6,1,0
2020-09-12,"Thomas Jefferson","Native American",2,0,0
2020-09-12,Arlington,"Native American",5,0,0
2020-09-12,"Virginia Beach","Native American",9,0,0
2020-09-12,Peninsula,"Native American",7,2,1
2020-09-12,Hampton,"Native American",2,0,0
2020-09-12,"West Piedmont","Native American",2,0,0
2020-09-12,"Cumberland Plateau, Lenowisco, and Mount Rogers","Native American",1,0,0
2020-09-12,Henrico,"Native American",10,0,0
2020-09-12,Norfolk,"Native American",9,1,1
2020-09-12,"Prince William","Native American",20,1,1
2020-09-12,"Central Virginia","Native American",3,0,0
2020-09-12,Chesterfield,"Native American",7,0,0
2020-09-12,Rappahannock,"Native American",6,0,0
2020-09-12,Loudoun,"Native American",5,0,0
2020-09-12,Alexandria,"Native American",3,0,0
2020-09-12,"Alleghany and Roanoke","Native American",1,0,0
2020-09-12,Crater,"Native American",5,0,0
2020-09-12,"Rappahannock Rapidan","Native American",1,0,0
2020-09-12,"Lord Fairfax","Native American",2,1,1
2020-09-12,"Pittsylvania-Danville and Southside","Native American",0,0,0
2020-09-13,"Rappahannock Rapidan","Not Reported",651,13,11
2020-09-13,Portsmouth,"Other Race",59,10,4
2020-09-13,"Western Tidewater","Two or more races",29,0,0
2020-09-13,Piedmont,White,506,50,20
2020-09-13,Chesterfield,Latino,1421,90,6
2020-09-13,Lenowisco,White,688,65,12
2020-09-13,Lenowisco,"Two or more races",2,0,0
2020-09-13,Hampton,"Not Reported",623,3,2
2020-09-13,Southside,"Not Reported",519,10,4
2020-09-13,Roanoke,Black,189,16,3
2020-09-13,Hampton,Black,700,39,13
2020-09-13,Alleghany,"Other Race",8,1,0
2020-09-13,Lenowisco,Latino,10,0,0
2020-09-13,Loudoun,"Other Race",178,15,2
2020-09-13,"Central Shenandoah",Latino,1034,56,6
2020-09-13,"Rappahannock Rapidan",Latino,778,62,7
2020-09-13,"Eastern Shore",Black,852,98,27
2020-09-13,Norfolk,Latino,326,23,0
2020-09-13,Hampton,"Two or more races",14,0,0
2020-09-13,Richmond,Black,1474,232,29
2020-09-13,Henrico,"Two or more races",42,1,0
2020-09-13,Fairfax,"Two or more races",95,5,0
2020-09-13,Alleghany,"Not Reported",398,1,0
2020-09-13,Portsmouth,"Not Reported",500,5,0
2020-09-13,"Cumberland Plateau","Other Race",2,1,0
2020-09-13,Southside,"Two or more races",25,0,0
2020-09-13,Portsmouth,White,312,41,8
2020-09-13,"Rappahannock Rapidan","Two or more races",31,3,0
2020-09-13,Fairfax,White,3692,482,304
2020-09-13,Fairfax,"Other Race",776,84,18
2020-09-13,Crater,"Two or more races",8,0,0
2020-09-13,"West Piedmont","Not Reported",361,29,3
2020-09-13,Henrico,"Other Race",148,13,0
2020-09-13,"Three Rivers",White,582,46,11
2020-09-13,"Central Virginia",Black,214,26,6
2020-09-13,Lenowisco,"Other Race",7,0,0
2020-09-13,"Three Rivers","Other Race",14,3,0
2020-09-13,"Western Tidewater",White,736,61,48
2020-09-13,"Mount Rogers",Black,56,7,2
2020-09-13,"Three Rivers","Not Reported",232,3,1
2020-09-13,"Thomas Jefferson",Black,479,68,14
2020-09-13,"Eastern Shore",White,249,26,18
2020-09-13,"Central Virginia",White,762,49,11
2020-09-13,Lenowisco,Black,5,1,1
2020-09-13,"Central Virginia","Two or more races",4,0,0
2020-09-13,Richmond,"Two or more races",34,1,0
2020-09-13,Crater,"Not Reported",681,9,5
2020-09-13,Chesterfield,"Two or more races",26,3,0
2020-09-13,"New River",Latino,150,5,0
2020-09-13,Richmond,Latino,1301,110,7
2020-09-13,Portsmouth,Latino,72,11,1
2020-09-13,Pittsylvania-Danville,"Not Reported",640,11,0
2020-09-13,Chesapeake,"Not Reported",915,7,0
2020-09-13,Chickahominy,Latino,88,4,0
2020-09-13,Crater,Black,1855,188,52
2020-09-13,Chesterfield,Black,1015,110,28
2020-09-13,Chesterfield,"Other Race",192,12,0
2020-09-13,Peninsula,Black,1047,67,18
2020-09-13,Roanoke,White,278,15,12
2020-09-13,"New River",Black,134,3,0
2020-09-13,Southside,Latino,9,0,0
2020-09-13,Peninsula,Latino,307,19,1
2020-09-13,Rappahannock,"Two or more races",37,3,0
2020-09-13,"Virginia Beach",Black,1652,113,17
2020-09-13,"Mount Rogers","Not Reported",135,3,2
2020-09-13,Loudoun,"Not Reported",1924,6,0
2020-09-13,Chesapeake,"Other Race",56,5,1
2020-09-13,Chickahominy,"Two or more races",4,1,0
2020-09-13,Crater,"Other Race",35,0,0
2020-09-13,Norfolk,"Two or more races",51,1,0
2020-09-13,"Eastern Shore","Two or more races",1,1,0
2020-09-13,"Central Shenandoah",White,2498,173,54
2020-09-13,"New River","Other Race",10,0,0
2020-09-13,"New River",White,1492,36,10
2020-09-13,"Central Shenandoah","Other Race",72,2,0
2020-09-13,"West Piedmont",Black,442,83,11
2020-09-13,Alleghany,Latino,157,11,0
2020-09-13,"Central Shenandoah","Not Reported",626,4,1
2020-09-13,Roanoke,"Two or more races",4,2,0
2020-09-13,Peninsula,"Two or more races",52,3,0
2020-09-13,Richmond,"Not Reported",687,2,1
2020-09-13,Arlington,"Other Race",89,10,4
2020-09-13,Norfolk,"Not Reported",983,6,0
2020-09-13,Alexandria,"Other Race",82,8,2
2020-09-13,"Virginia Beach",White,2204,163,46
2020-09-13,Chesapeake,"Two or more races",44,3,1
2020-09-13,Alleghany,White,694,49,21
2020-09-13,"Rappahannock Rapidan","Other Race",35,2,0
2020-09-13,Chickahominy,"Not Reported",364,2,1
2020-09-13,Portsmouth,Black,1409,180,32
2020-09-13,Chickahominy,"Other Race",18,2,0
2020-09-13,"Virginia Beach",Latino,388,23,3
2020-09-13,Chesapeake,White,1165,114,21
2020-09-13,Southside,Black,435,37,15
2020-09-13,Rappahannock,Latino,1275,106,8
2020-09-13,"Three Rivers","Two or more races",8,0,0
2020-09-13,Henrico,Black,1582,193,83
2020-09-13,Pittsylvania-Danville,Black,529,64,11
2020-09-13,"Lord Fairfax","Two or more races",13,0,0
2020-09-13,"Prince William",Latino,5969,620,71
2020-09-13,"Mount Rogers","Other Race",8,2,2
2020-09-13,"Central Shenandoah",Black,193,11,4
2020-09-13,Peninsula,White,893,82,34
2020-09-13,"Eastern Shore","Not Reported",84,0,0
2020-09-13,"Thomas Jefferson","Other Race",143,3,1
2020-09-13,Hampton,"Other Race",52,2,0
2020-09-13,"Lord Fairfax","Not Reported",325,3,6
2020-09-13,"Central Virginia","Other Race",19,0,0
2020-09-13,"Western Tidewater","Other Race",69,1,2
2020-09-13,Crater,Latino,189,9,4
2020-09-13,Chesapeake,Latino,274,24,1
2020-09-13,Chesterfield,White,1285,109,68
2020-09-13,"Western Tidewater","Not Reported",864,3,0
2020-09-13,Fairfax,"Not Reported",2484,52,31
2020-09-13,Arlington,Black,385,82,33
2020-09-13,"Central Virginia",Latino,45,3,1
2020-09-13,Alexandria,"Not Reported",234,8,1
2020-09-13,"Three Rivers",Black,480,42,9
2020-09-13,"Prince William","Two or more races",71,1,0
2020-09-13,Loudoun,"Two or more races",47,2,0
2020-09-13,Peninsula,"Other Race",153,4,0
2020-09-13,"Thomas Jefferson",White,1251,77,39
2020-09-13,Norfolk,"Other Race",84,3,1
2020-09-13,"Prince William","Not Reported",4135,26,0
2020-09-13,"West Piedmont",White,750,102,19
2020-09-13,Rappahannock,Black,807,90,15
2020-09-13,Norfolk,Black,2311,237,40
2020-09-13,Roanoke,Latino,351,19,0
2020-09-13,Piedmont,Latino,72,8,1
2020-09-13,Roanoke,"Not Reported",508,2,0
2020-09-13,"Virginia Beach","Other Race",105,2,0
2020-09-13,Arlington,"Two or more races",37,3,0
2020-09-13,Alexandria,White,696,57,33
2020-09-13,"Lord Fairfax","Other Race",74,6,1
2020-09-13,"Thomas Jefferson","Not Reported",233,1,0
2020-09-13,"Virginia Beach","Not Reported",1782,10,3
2020-09-13,Loudoun,Black,294,29,5
2020-09-13,Pittsylvania-Danville,Latino,66,3,0
2020-09-13,"Cumberland Plateau","Not Reported",18,0,0
2020-09-13,Chesterfield,"Not Reported",1979,4,10
2020-09-13,"Mount Rogers",White,1958,192,75
2020-09-13,Richmond,White,659,41,10
2020-09-13,Lenowisco,"Not Reported",119,4,2
2020-09-13,"Three Rivers",Latino,151,5,1
2020-09-13,Piedmont,"Not Reported",746,11,4
2020-09-13,"Mount Rogers",Latino,278,6,0
2020-09-13,"Central Shenandoah","Two or more races",29,1,0
2020-09-13,Crater,White,725,55,19
2020-09-13,Arlington,White,1088,132,70
2020-09-13,Pittsylvania-Danville,"Other Race",0,0,0
2020-09-13,Chickahominy,Black,298,45,12
2020-09-13,Fairfax,Black,1610,241,63
2020-09-13,"Eastern Shore",Latino,260,11,3
2020-09-13,Norfolk,White,822,55,19
2020-09-13,"Mount Rogers","Two or more races",9,1,0
2020-09-13,Alleghany,"Two or more races",5,0,0
2020-09-13,Southside,White,252,29,19
2020-09-13,"Thomas Jefferson","Two or more races",40,1,0
2020-09-13,"Prince William",Black,1365,174,49
2020-09-13,"Lord Fairfax",White,1645,183,75
2020-09-13,"Cumberland Plateau",Latino,6,0,0
2020-09-13,Arlington,"Not Reported",326,2,1
2020-09-13,Rappahannock,"Other Race",109,4,0
2020-09-13,"Rappahannock Rapidan",Black,214,31,8
2020-09-13,"New River","Two or more races",24,0,0
2020-09-13,Arlington,Latino,1622,232,25
2020-09-13,Henrico,White,1318,119,95
2020-09-13,Loudoun,White,1505,118,86
2020-09-13,Hampton,White,253,10,2
2020-09-13,Alleghany,Black,75,7,2
2020-09-13,"Prince William",White,1644,174,86
2020-09-13,Rappahannock,White,1343,136,40
2020-09-13,Southside,"Other Race",13,0,1
2020-09-13,Portsmouth,"Two or more races",14,4,0
2020-09-13,"Western Tidewater",Black,1512,103,43
2020-09-13,Hampton,Latino,58,4,0
2020-09-13,Henrico,"Not Reported",895,4,4
2020-09-13,"West Piedmont","Two or more races",3,0,0
2020-09-13,Peninsula,"Not Reported",1611,2,0
2020-09-13,Loudoun,Latino,2101,187,14
2020-09-13,Alexandria,Black,736,90,15
2020-09-13,Piedmont,Black,492,58,15
2020-09-13,Roanoke,"Other Race",17,1,0
2020-09-13,Alexandria,"Two or more races",21,1,0
2020-09-13,"Western Tidewater",Latino,30,1,1
2020-09-13,Rappahannock,"Not Reported",1249,25,0
2020-09-13,"West Piedmont","Other Race",6,1,1
2020-09-13,Chickahominy,White,786,94,36
2020-09-13,"Thomas Jefferson",Latino,657,28,3
2020-09-13,"Cumberland Plateau",Black,42,0,0
2020-09-13,"Lord Fairfax",Latino,721,46,9
2020-09-13,"West Piedmont",Latino,253,8,1
2020-09-13,"Cumberland Plateau",White,560,48,9
2020-09-13,"Eastern Shore","Other Race",13,1,0
2020-09-13,"Cumberland Plateau","Two or more races",6,0,0
2020-09-13,Pittsylvania-Danville,"Two or more races",2,0,0
2020-09-13,Piedmont,"Other Race",9,0,0
2020-09-13,Alexandria,Latino,1701,130,10
2020-09-13,Chesapeake,Black,1533,203,21
2020-09-13,Richmond,"Other Race",121,7,2
2020-09-13,Henrico,Latino,848,55,9
2020-09-13,Piedmont,"Two or more races",4,2,0
2020-09-13,"Prince William","Other Race",421,15,1
2020-09-13,"New River","Not Reported",610,5,0
2020-09-13,"Rappahannock Rapidan",White,739,53,17
2020-09-13,"Central Virginia","Not Reported",1700,14,1
2020-09-13,"Virginia Beach","Two or more races",58,4,1
2020-09-13,Pittsylvania-Danville,White,411,41,12
2020-09-13,"Lord Fairfax",Black,137,18,6
2020-09-13,Fairfax,Latino,9480,1011,90
2020-09-13,Chesterfield,"Asian or Pacific Islander",58,2,1
2020-09-13,Crater,"Asian or Pacific Islander",16,0,0
2020-09-13,Fairfax,"Asian or Pacific Islander",1626,259,75
2020-09-13,Hampton,"Asian or Pacific Islander",12,0,0
2020-09-13,"Rappahannock Rapidan","Asian or Pacific Islander",10,1,0
2020-09-13,"Mount Rogers","Asian or Pacific Islander",3,1,0
2020-09-13,"New River","Asian or Pacific Islander",58,0,0
2020-09-13,"Central Virginia","Asian or Pacific Islander",12,1,0
2020-09-13,"Lord Fairfax","Asian or Pacific Islander",14,0,0
2020-09-13,Southside,"Asian or Pacific Islander",1,0,0
2020-09-13,Alleghany,"Asian or Pacific Islander",18,0,0
2020-09-13,Portsmouth,"Asian or Pacific Islander",21,2,0
2020-09-13,Roanoke,"Asian or Pacific Islander",25,2,0
2020-09-13,Richmond,"Asian or Pacific Islander",41,3,1
2020-09-13,"Thomas Jefferson","Asian or Pacific Islander",54,0,1
2020-09-13,"Virginia Beach","Asian or Pacific Islander",255,22,2
2020-09-13,Henrico,"Asian or Pacific Islander",194,11,4
2020-09-13,Piedmont,"Asian or Pacific Islander",8,0,0
2020-09-13,"Western Tidewater","Asian or Pacific Islander",19,2,1
2020-09-13,"West Piedmont","Asian or Pacific Islander",11,1,1
2020-09-13,Chickahominy,"Asian or Pacific Islander",16,1,0
2020-09-13,Peninsula,"Asian or Pacific Islander",42,4,5
2020-09-13,Norfolk,"Asian or Pacific Islander",61,7,0
2020-09-13,Arlington,"Asian or Pacific Islander",175,23,12
2020-09-13,Loudoun,"Asian or Pacific Islander",389,53,11
2020-09-13,Alexandria,"Asian or Pacific Islander",129,11,1
2020-09-13,Rappahannock,"Asian or Pacific Islander",81,10,2
2020-09-13,Chesapeake,"Asian or Pacific Islander",69,9,4
2020-09-13,"Cumberland Plateau and Lenowisco","Asian or Pacific Islander",1,0,0
2020-09-13,"Central Shenandoah","Asian or Pacific Islander",48,2,0
2020-09-13,"Prince William","Asian or Pacific Islander",495,56,15
2020-09-13,Pittsylvania-Danville,"Asian or Pacific Islander",3,0,0
2020-09-13,"Eastern Shore and Three Rivers","Asian or Pacific Islander",12,1,0
2020-09-13,Piedmont,"Native American",2,0,0
2020-09-13,"New River","Native American",1,0,0
2020-09-13,"Central Shenandoah","Native American",3,1,0
2020-09-13,"Eastern Shore and Three Rivers","Native American",1,0,0
2020-09-13,Fairfax,"Native American",33,1,1
2020-09-13,Chesapeake,"Native American",11,0,0
2020-09-13,"Western Tidewater","Native American",2,0,0
2020-09-13,Portsmouth,"Native American",4,2,0
2020-09-13,Richmond,"Native American",0,0,0
2020-09-13,Chickahominy,"Native American",6,1,0
2020-09-13,"Thomas Jefferson","Native American",2,0,0
2020-09-13,Arlington,"Native American",5,0,0
2020-09-13,"Virginia Beach","Native American",9,0,0
2020-09-13,Peninsula,"Native American",7,2,1
2020-09-13,Hampton,"Native American",2,0,0
2020-09-13,"West Piedmont","Native American",2,0,0
2020-09-13,"Cumberland Plateau, Lenowisco, and Mount Rogers","Native American",1,0,0
2020-09-13,Henrico,"Native American",10,0,0
2020-09-13,Norfolk,"Native American",9,1,1
2020-09-13,"Prince William","Native American",20,1,1
2020-09-13,"Central Virginia","Native American",3,0,0
2020-09-13,Chesterfield,"Native American",7,0,0
2020-09-13,Rappahannock,"Native American",6,0,0
2020-09-13,Loudoun,"Native American",5,0,0
2020-09-13,Alexandria,"Native American",3,0,0
2020-09-13,"Alleghany and Roanoke","Native American",1,0,0
2020-09-13,Crater,"Native American",5,0,0
2020-09-13,"Rappahannock Rapidan","Native American",1,0,0
2020-09-13,"Lord Fairfax","Native American",2,1,1
2020-09-13,"Pittsylvania-Danville and Southside","Native American",0,0,0
2020-09-14,"Rappahannock Rapidan","Not Reported",656,13,11
2020-09-14,Portsmouth,"Other Race",59,10,4
2020-09-14,"Western Tidewater","Two or more races",30,0,0
2020-09-14,Piedmont,White,505,50,20
2020-09-14,Chesterfield,Latino,1424,90,6
2020-09-14,Lenowisco,White,691,65,12
2020-09-14,Lenowisco,"Two or more races",2,0,0
2020-09-14,Hampton,"Not Reported",626,3,2
2020-09-14,Southside,"Not Reported",520,10,4
2020-09-14,Roanoke,Black,196,16,3
2020-09-14,Hampton,Black,703,39,13
2020-09-14,Alleghany,"Other Race",8,1,0
2020-09-14,Lenowisco,Latino,10,0,0
2020-09-14,Loudoun,"Other Race",176,15,2
2020-09-14,"Central Shenandoah",Latino,1037,56,6
2020-09-14,"Rappahannock Rapidan",Latino,779,62,7
2020-09-14,"Eastern Shore",Black,852,98,27
2020-09-14,Norfolk,Latino,327,23,0
2020-09-14,Hampton,"Two or more races",14,0,0
2020-09-14,Richmond,Black,1485,233,29
2020-09-14,Henrico,"Two or more races",41,1,0
2020-09-14,Fairfax,"Two or more races",94,5,0
2020-09-14,Alleghany,"Not Reported",408,1,0
2020-09-14,Portsmouth,"Not Reported",500,5,0
2020-09-14,"Cumberland Plateau","Other Race",2,1,0
2020-09-14,Southside,"Two or more races",25,0,0
2020-09-14,Portsmouth,White,312,41,8
2020-09-14,"Rappahannock Rapidan","Two or more races",32,3,0
2020-09-14,Fairfax,White,3713,483,304
2020-09-14,Fairfax,"Other Race",773,84,18
2020-09-14,Crater,"Two or more races",9,0,0
2020-09-14,"West Piedmont","Not Reported",365,29,4
2020-09-14,Henrico,"Other Race",149,13,0
2020-09-14,"Three Rivers",White,588,46,12
2020-09-14,"Central Virginia",Black,214,26,6
2020-09-14,Lenowisco,"Other Race",7,0,0
2020-09-14,"Three Rivers","Other Race",15,3,0
2020-09-14,"Western Tidewater",White,766,63,48
2020-09-14,"Mount Rogers",Black,56,7,2
2020-09-14,"Three Rivers","Not Reported",231,4,1
2020-09-14,"Thomas Jefferson",Black,480,68,14
2020-09-14,"Eastern Shore",White,251,26,18
2020-09-14,"Central Virginia",White,764,50,12
2020-09-14,Lenowisco,Black,5,1,1
2020-09-14,"Central Virginia","Two or more races",4,0,0
2020-09-14,Richmond,"Two or more races",35,1,0
2020-09-14,Crater,"Not Reported",688,10,5
2020-09-14,Chesterfield,"Two or more races",26,3,0
2020-09-14,"New River",Latino,152,5,0
2020-09-14,Richmond,Latino,1303,110,7
2020-09-14,Portsmouth,Latino,72,11,1
2020-09-14,Pittsylvania-Danville,"Not Reported",638,11,0
2020-09-14,Chesapeake,"Not Reported",924,8,0
2020-09-14,Chickahominy,Latino,92,4,0
2020-09-14,Crater,Black,1866,189,52
2020-09-14,Chesterfield,Black,1020,110,28
2020-09-14,Chesterfield,"Other Race",192,12,0
2020-09-14,Peninsula,Black,1052,67,18
2020-09-14,Roanoke,White,281,15,12
2020-09-14,"New River",Black,139,3,0
2020-09-14,Southside,Latino,9,0,0
2020-09-14,Peninsula,Latino,308,19,1
2020-09-14,Rappahannock,"Two or more races",38,3,0
2020-09-14,"Virginia Beach",Black,1657,114,17
2020-09-14,"Mount Rogers","Not Reported",137,3,2
2020-09-14,Loudoun,"Not Reported",1918,6,0
2020-09-14,Chesapeake,"Other Race",55,5,1
2020-09-14,Chickahominy,"Two or more races",4,1,0
2020-09-14,Crater,"Other Race",35,0,0
2020-09-14,Norfolk,"Two or more races",51,1,0
2020-09-14,"Eastern Shore","Two or more races",1,1,0
2020-09-14,"Central Shenandoah",White,2542,174,54
2020-09-14,"New River","Other Race",11,0,0
2020-09-14,"New River",White,1561,36,10
2020-09-14,"Central Shenandoah","Other Race",74,2,0
2020-09-14,"West Piedmont",Black,444,83,11
2020-09-14,Alleghany,Latino,157,11,0
2020-09-14,"Central Shenandoah","Not Reported",641,4,1
2020-09-14,Roanoke,"Two or more races",4,2,0
2020-09-14,Peninsula,"Two or more races",52,3,0
2020-09-14,Richmond,"Not Reported",688,2,1
2020-09-14,Arlington,"Other Race",91,10,4
2020-09-14,Norfolk,"Not Reported",977,5,0
2020-09-14,Alexandria,"Other Race",82,8,2
2020-09-14,"Virginia Beach",White,2219,166,46
2020-09-14,Chesapeake,"Two or more races",44,3,1
2020-09-14,Alleghany,White,698,49,21
2020-09-14,"Rappahannock Rapidan","Other Race",35,2,0
2020-09-14,Chickahominy,"Not Reported",376,2,1
2020-09-14,Portsmouth,Black,1409,180,32
2020-09-14,Chickahominy,"Other Race",18,2,0
2020-09-14,"Virginia Beach",Latino,388,23,3
2020-09-14,Chesapeake,White,1172,116,21
2020-09-14,Southside,Black,437,37,15
2020-09-14,Rappahannock,Latino,1277,106,8
2020-09-14,"Three Rivers","Two or more races",8,0,0
2020-09-14,Henrico,Black,1589,194,83
2020-09-14,Pittsylvania-Danville,Black,534,65,14
2020-09-14,"Lord Fairfax","Two or more races",13,0,0
2020-09-14,"Prince William",Latino,5988,620,71
2020-09-14,"Mount Rogers","Other Race",8,2,2
2020-09-14,"Central Shenandoah",Black,193,11,4
2020-09-14,Peninsula,White,902,82,34
2020-09-14,"Eastern Shore","Not Reported",84,0,0
2020-09-14,"Thomas Jefferson","Other Race",143,3,1
2020-09-14,Hampton,"Other Race",53,2,0
2020-09-14,"Lord Fairfax","Not Reported",324,4,6
2020-09-14,"Central Virginia","Other Race",19,0,0
2020-09-14,"Western Tidewater","Other Race",70,1,2
2020-09-14,Crater,Latino,190,9,4
2020-09-14,Chesapeake,Latino,274,24,1
2020-09-14,Chesterfield,White,1295,109,69
2020-09-14,"Western Tidewater","Not Reported",865,6,2
2020-09-14,Fairfax,"Not Reported",2485,52,31
2020-09-14,Arlington,Black,386,82,33
2020-09-14,"Central Virginia",Latino,45,3,1
2020-09-14,Alexandria,"Not Reported",240,8,1
2020-09-14,"Three Rivers",Black,493,43,9
2020-09-14,"Prince William","Two or more races",71,1,0
2020-09-14,Loudoun,"Two or more races",47,2,0
2020-09-14,Peninsula,"Other Race",154,4,0
2020-09-14,"Thomas Jefferson",White,1270,77,39
2020-09-14,Norfolk,"Other Race",84,3,1
2020-09-14,"Prince William","Not Reported",4125,26,0
2020-09-14,"West Piedmont",White,758,102,20
2020-09-14,Rappahannock,Black,809,90,15
2020-09-14,Norfolk,Black,2314,237,40
2020-09-14,Roanoke,Latino,351,19,0
2020-09-14,Piedmont,Latino,74,8,1
2020-09-14,Roanoke,"Not Reported",516,2,0
2020-09-14,"Virginia Beach","Other Race",108,2,0
2020-09-14,Arlington,"Two or more races",37,3,0
2020-09-14,Alexandria,White,698,57,33
2020-09-14,"Lord Fairfax","Other Race",74,6,1
2020-09-14,"Thomas Jefferson","Not Reported",225,1,0
2020-09-14,"Virginia Beach","Not Reported",1786,10,3
2020-09-14,Loudoun,Black,294,29,5
2020-09-14,Pittsylvania-Danville,Latino,66,3,0
2020-09-14,"Cumberland Plateau","Not Reported",18,0,0
2020-09-14,Chesterfield,"Not Reported",1978,4,10
2020-09-14,"Mount Rogers",White,1972,193,76
2020-09-14,Richmond,White,661,42,10
2020-09-14,Lenowisco,"Not Reported",119,4,2
2020-09-14,"Three Rivers",Latino,151,5,1
2020-09-14,Piedmont,"Not Reported",747,11,4
2020-09-14,"Mount Rogers",Latino,278,6,0
2020-09-14,"Central Shenandoah","Two or more races",29,1,0
2020-09-14,Crater,White,730,55,19
2020-09-14,Arlington,White,1090,133,70
2020-09-14,Pittsylvania-Danville,"Other Race",0,0,0
2020-09-14,Chickahominy,Black,308,45,12
2020-09-14,Fairfax,Black,1616,241,63
2020-09-14,"Eastern Shore",Latino,260,11,3
2020-09-14,Norfolk,White,828,56,19
2020-09-14,"Mount Rogers","Two or more races",9,1,0
2020-09-14,Alleghany,"Two or more races",5,0,0
2020-09-14,Southside,White,254,29,19
2020-09-14,"Thomas Jefferson","Two or more races",40,1,0
2020-09-14,"Prince William",Black,1369,174,49
2020-09-14,"Lord Fairfax",White,1652,185,76
2020-09-14,"Cumberland Plateau",Latino,6,0,0
2020-09-14,Arlington,"Not Reported",333,2,1
2020-09-14,Rappahannock,"Other Race",109,4,0
2020-09-14,"Rappahannock Rapidan",Black,216,31,8
2020-09-14,"New River","Two or more races",25,0,0
2020-09-14,Arlington,Latino,1624,234,25
2020-09-14,Henrico,White,1344,118,98
2020-09-14,Loudoun,White,1512,118,86
2020-09-14,Hampton,White,254,10,2
2020-09-14,Alleghany,Black,76,7,2
2020-09-14,"Prince William",White,1654,174,86
2020-09-14,Rappahannock,White,1349,136,40
2020-09-14,Southside,"Other Race",13,0,1
2020-09-14,Portsmouth,"Two or more races",14,4,0
2020-09-14,"Western Tidewater",Black,1552,107,44
2020-09-14,Hampton,Latino,58,4,0
2020-09-14,Henrico,"Not Reported",891,4,4
2020-09-14,"West Piedmont","Two or more races",3,0,0
2020-09-14,Peninsula,"Not Reported",1613,2,0
2020-09-14,Loudoun,Latino,2106,188,14
2020-09-14,Alexandria,Black,738,90,15
2020-09-14,Piedmont,Black,492,58,15
2020-09-14,Roanoke,"Other Race",17,1,0
2020-09-14,Alexandria,"Two or more races",21,1,0
2020-09-14,"Western Tidewater",Latino,32,1,1
2020-09-14,Rappahannock,"Not Reported",1253,25,0
2020-09-14,"West Piedmont","Other Race",6,1,1
2020-09-14,Chickahominy,White,797,94,36
2020-09-14,"Thomas Jefferson",Latino,665,30,3
2020-09-14,"Cumberland Plateau",Black,42,0,0
2020-09-14,"Lord Fairfax",Latino,722,46,9
2020-09-14,"West Piedmont",Latino,253,8,1
2020-09-14,"Cumberland Plateau",White,560,48,9
2020-09-14,"Eastern Shore","Other Race",13,1,0
2020-09-14,"Cumberland Plateau","Two or more races",6,0,0
2020-09-14,Pittsylvania-Danville,"Two or more races",2,0,0
2020-09-14,Piedmont,"Other Race",9,0,0
2020-09-14,Alexandria,Latino,1702,130,10
2020-09-14,Chesapeake,Black,1537,207,21
2020-09-14,Richmond,"Other Race",123,8,2
2020-09-14,Henrico,Latino,850,55,9
2020-09-14,Piedmont,"Two or more races",4,2,0
2020-09-14,"Prince William","Other Race",419,15,1
2020-09-14,"New River","Not Reported",641,5,0
2020-09-14,"Rappahannock Rapidan",White,742,53,17
2020-09-14,"Central Virginia","Not Reported",1717,13,3
2020-09-14,"Virginia Beach","Two or more races",58,4,1
2020-09-14,Pittsylvania-Danville,White,419,44,13
2020-09-14,"Lord Fairfax",Black,138,19,6
2020-09-14,Fairfax,Latino,9501,1012,90
2020-09-14,Chesterfield,"Asian or Pacific Islander",60,2,1
2020-09-14,Crater,"Asian or Pacific Islander",16,0,0
2020-09-14,Fairfax,"Asian or Pacific Islander",1639,262,75
2020-09-14,Hampton,"Asian or Pacific Islander",12,0,0
2020-09-14,"Rappahannock Rapidan","Asian or Pacific Islander",10,1,0
2020-09-14,"Mount Rogers","Asian or Pacific Islander",3,1,0
2020-09-14,"New River","Asian or Pacific Islander",61,0,0
2020-09-14,"Central Virginia","Asian or Pacific Islander",12,1,0
2020-09-14,"Lord Fairfax","Asian or Pacific Islander",14,0,0
2020-09-14,Southside,"Asian or Pacific Islander",1,0,0
2020-09-14,Alleghany,"Asian or Pacific Islander",18,0,0
2020-09-14,Portsmouth,"Asian or Pacific Islander",21,2,0
2020-09-14,Roanoke,"Asian or Pacific Islander",25,2,0
2020-09-14,Richmond,"Asian or Pacific Islander",41,3,1
2020-09-14,"Thomas Jefferson","Asian or Pacific Islander",55,0,1
2020-09-14,"Virginia Beach","Asian or Pacific Islander",257,23,2
2020-09-14,Henrico,"Asian or Pacific Islander",194,11,4
2020-09-14,Piedmont,"Asian or Pacific Islander",8,0,0
2020-09-14,"Western Tidewater","Asian or Pacific Islander",19,2,1
2020-09-14,"West Piedmont","Asian or Pacific Islander",11,1,1
2020-09-14,Chickahominy,"Asian or Pacific Islander",16,1,0
2020-09-14,Peninsula,"Asian or Pacific Islander",42,4,5
2020-09-14,Norfolk,"Asian or Pacific Islander",61,7,0
2020-09-14,Arlington,"Asian or Pacific Islander",175,23,12
2020-09-14,Loudoun,"Asian or Pacific Islander",391,53,11
2020-09-14,Alexandria,"Asian or Pacific Islander",129,11,1
2020-09-14,Rappahannock,"Asian or Pacific Islander",81,10,2
2020-09-14,Chesapeake,"Asian or Pacific Islander",69,9,4
2020-09-14,"Cumberland Plateau and Lenowisco","Asian or Pacific Islander",1,0,0
2020-09-14,"Central Shenandoah","Asian or Pacific Islander",49,2,0
2020-09-14,"Prince William","Asian or Pacific Islander",501,56,15
2020-09-14,Pittsylvania-Danville,"Asian or Pacific Islander",3,0,0
2020-09-14,"Eastern Shore and Three Rivers","Asian or Pacific Islander",12,1,0
2020-09-14,Piedmont,"Native American",2,0,0
2020-09-14,"New River","Native American",1,0,0
2020-09-14,"Central Shenandoah","Native American",3,1,0
2020-09-14,"Eastern Shore and Three Rivers","Native American",1,0,0
2020-09-14,Fairfax,"Native American",33,1,1
2020-09-14,Chesapeake,"Native American",11,0,0
2020-09-14,"Western Tidewater","Native American",2,0,0
2020-09-14,Portsmouth,"Native American",4,2,0
2020-09-14,Richmond,"Native American",0,0,0
2020-09-14,Chickahominy,"Native American",6,1,0
2020-09-14,"Thomas Jefferson","Native American",2,0,0
2020-09-14,Arlington,"Native American",5,0,0
2020-09-14,"Virginia Beach","Native American",9,0,0
2020-09-14,Peninsula,"Native American",7,2,1
2020-09-14,Hampton,"Native American",3,0,0
2020-09-14,"West Piedmont","Native American",2,0,0
2020-09-14,"Cumberland Plateau, Lenowisco, and Mount Rogers","Native American",1,0,0
2020-09-14,Henrico,"Native American",10,0,0
2020-09-14,Norfolk,"Native American",9,1,1
2020-09-14,"Prince William","Native American",20,1,1
2020-09-14,"Central Virginia","Native American",3,0,0
2020-09-14,Chesterfield,"Native American",6,0,0
2020-09-14,Rappahannock,"Native American",6,0,0
2020-09-14,Loudoun,"Native American",5,0,0
2020-09-14,Alexandria,"Native American",3,0,0
2020-09-14,"Alleghany and Roanoke","Native American",1,0,0
2020-09-14,Crater,"Native American",5,0,0
2020-09-14,"Rappahannock Rapidan","Native American",1,0,0
2020-09-14,"Lord Fairfax","Native American",2,1,1
2020-09-14,"Pittsylvania-Danville and Southside","Native American",0,0,0
2020-09-15,"Rappahannock Rapidan","Not Reported",656,13,11
2020-09-15,Portsmouth,"Other Race",58,10,4
2020-09-15,"Western Tidewater","Two or more races",30,0,0
2020-09-15,Piedmont,White,510,50,20
2020-09-15,Chesterfield,Latino,1436,91,6
2020-09-15,Lenowisco,White,694,66,14
2020-09-15,Lenowisco,"Two or more races",2,0,0
2020-09-15,Hampton,"Not Reported",626,3,2
2020-09-15,Southside,"Not Reported",522,10,4
2020-09-15,Roanoke,Black,196,16,3
2020-09-15,Hampton,Black,706,39,13
2020-09-15,Alleghany,"Other Race",9,1,0
2020-09-15,Lenowisco,Latino,10,0,0
2020-09-15,Loudoun,"Other Race",182,15,2
2020-09-15,"Central Shenandoah",Latino,1048,56,6
2020-09-15,"Rappahannock Rapidan",Latino,779,62,7
2020-09-15,"Eastern Shore",Black,852,98,27
2020-09-15,Norfolk,Latino,328,23,0
2020-09-15,Hampton,"Two or more races",15,0,0
2020-09-15,Richmond,Black,1505,235,31
2020-09-15,Henrico,"Two or more races",42,1,0
2020-09-15,Fairfax,"Two or more races",95,5,0
2020-09-15,Alleghany,"Not Reported",402,1,0
2020-09-15,Portsmouth,"Not Reported",519,5,0
2020-09-15,"Cumberland Plateau","Other Race",2,1,0
2020-09-15,Southside,"Two or more races",25,0,0
2020-09-15,Portsmouth,White,316,41,8
2020-09-15,"Rappahannock Rapidan","Two or more races",31,3,0
2020-09-15,Fairfax,White,3748,487,304
2020-09-15,Fairfax,"Other Race",782,84,18
2020-09-15,Crater,"Two or more races",9,0,0
2020-09-15,"West Piedmont","Not Reported",368,28,3
2020-09-15,Henrico,"Other Race",149,13,0
2020-09-15,"Three Rivers",White,596,46,16
2020-09-15,"Central Virginia",Black,225,26,6
2020-09-15,Lenowisco,"Other Race",7,0,0
2020-09-15,"Three Rivers","Other Race",15,3,0
2020-09-15,"Western Tidewater",White,777,63,51
2020-09-15,"Mount Rogers",Black,56,7,2
2020-09-15,"Three Rivers","Not Reported",233,4,1
2020-09-15,"Thomas Jefferson",Black,481,68,15
2020-09-15,"Eastern Shore",White,251,26,18
2020-09-15,"Central Virginia",White,799,52,14
2020-09-15,Lenowisco,Black,5,1,1
2020-09-15,"Central Virginia","Two or more races",6,0,0
2020-09-15,Richmond,"Two or more races",35,1,0
2020-09-15,Crater,"Not Reported",689,10,6
2020-09-15,Chesterfield,"Two or more races",28,3,0
2020-09-15,"New River",Latino,153,5,0
2020-09-15,Richmond,Latino,1304,110,7
2020-09-15,Portsmouth,Latino,72,11,1
2020-09-15,Pittsylvania-Danville,"Not Reported",639,11,0
2020-09-15,Chesapeake,"Not Reported",925,8,0
2020-09-15,Chickahominy,Latino,94,4,0
2020-09-15,Crater,Black,1879,189,55
2020-09-15,Chesterfield,Black,1036,112,28
2020-09-15,Chesterfield,"Other Race",192,12,0
2020-09-15,Peninsula,Black,1056,67,21
2020-09-15,Roanoke,White,282,15,12
2020-09-15,"New River",Black,140,3,0
2020-09-15,Southside,Latino,9,0,0
2020-09-15,Peninsula,Latino,311,19,1
2020-09-15,Rappahannock,"Two or more races",38,3,0
2020-09-15,"Virginia Beach",Black,1663,117,17
2020-09-15,"Mount Rogers","Not Reported",137,3,2
2020-09-15,Loudoun,"Not Reported",1914,6,0
2020-09-15,Chesapeake,"Other Race",56,5,1
2020-09-15,Chickahominy,"Two or more races",4,1,0
2020-09-15,Crater,"Other Race",35,0,0
2020-09-15,Norfolk,"Two or more races",51,1,1
2020-09-15,"Eastern Shore","Two or more races",1,1,0
2020-09-15,"Central Shenandoah",White,2620,176,57
2020-09-15,"New River","Other Race",11,0,0
2020-09-15,"New River",White,1591,37,11
2020-09-15,"Central Shenandoah","Other Race",82,2,0
2020-09-15,"West Piedmont",Black,445,83,12
2020-09-15,Alleghany,Latino,158,11,0
2020-09-15,"Central Shenandoah","Not Reported",663,4,1
2020-09-15,Roanoke,"Two or more races",4,2,0
2020-09-15,Peninsula,"Two or more races",51,3,0
2020-09-15,Richmond,"Not Reported",680,2,1
2020-09-15,Arlington,"Other Race",92,10,4
2020-09-15,Norfolk,"Not Reported",980,4,0
2020-09-15,Alexandria,"Other Race",82,8,3
2020-09-15,"Virginia Beach",White,2234,169,47
2020-09-15,Chesapeake,"Two or more races",44,3,1
2020-09-15,Alleghany,White,706,49,21
2020-09-15,"Rappahannock Rapidan","Other Race",35,3,0
2020-09-15,Chickahominy,"Not Reported",392,2,1
2020-09-15,Portsmouth,Black,1419,183,33
2020-09-15,Chickahominy,"Other Race",18,2,0
2020-09-15,"Virginia Beach",Latino,394,23,3
2020-09-15,Chesapeake,White,1175,116,21
2020-09-15,Southside,Black,440,38,16
2020-09-15,Rappahannock,Latino,1284,106,8
2020-09-15,"Three Rivers","Two or more races",8,0,0
2020-09-15,Henrico,Black,1597,195,86
2020-09-15,Pittsylvania-Danville,Black,543,65,14
2020-09-15,"Lord Fairfax","Two or more races",13,0,0
2020-09-15,"Prince William",Latino,6026,622,72
2020-09-15,"Mount Rogers","Other Race",8,2,2
2020-09-15,"Central Shenandoah",Black,195,11,4
2020-09-15,Peninsula,White,908,82,37
2020-09-15,"Eastern Shore","Not Reported",84,0,0
2020-09-15,"Thomas Jefferson","Other Race",142,3,1
2020-09-15,Hampton,"Other Race",53,2,1
2020-09-15,"Lord Fairfax","Not Reported",328,4,7
2020-09-15,"Central Virginia","Other Race",19,0,0
2020-09-15,"Western Tidewater","Other Race",71,1,2
2020-09-15,Crater,Latino,190,9,4
2020-09-15,Chesapeake,Latino,276,24,1
2020-09-15,Chesterfield,White,1323,109,70
2020-09-15,"Western Tidewater","Not Reported",876,6,3
2020-09-15,Fairfax,"Not Reported",2476,51,31
2020-09-15,Arlington,Black,388,82,33
2020-09-15,"Central Virginia",Latino,47,5,1
2020-09-15,Alexandria,"Not Reported",238,8,1
2020-09-15,"Three Rivers",Black,503,43,9
2020-09-15,"Prince William","Two or more races",81,1,0
2020-09-15,Loudoun,"Two or more races",49,2,0
2020-09-15,Peninsula,"Other Race",154,4,0
2020-09-15,"Thomas Jefferson",White,1273,77,41
2020-09-15,Norfolk,"Other Race",85,4,1
2020-09-15,"Prince William","Not Reported",4123,26,0
2020-09-15,"West Piedmont",White,776,104,30
2020-09-15,Rappahannock,Black,813,91,16
2020-09-15,Norfolk,Black,2329,240,43
2020-09-15,Roanoke,Latino,351,19,0
2020-09-15,Piedmont,Latino,74,8,1
2020-09-15,Roanoke,"Not Reported",518,2,0
2020-09-15,"Virginia Beach","Other Race",108,2,0
2020-09-15,Arlington,"Two or more races",37,3,0
2020-09-15,Alexandria,White,701,57,34
2020-09-15,"Lord Fairfax","Other Race",74,6,2
2020-09-15,"Thomas Jefferson","Not Reported",224,1,0
2020-09-15,"Virginia Beach","Not Reported",1798,11,3
2020-09-15,Loudoun,Black,298,29,5
2020-09-15,Pittsylvania-Danville,Latino,66,3,0
2020-09-15,"Cumberland Plateau","Not Reported",18,0,0
2020-09-15,Chesterfield,"Not Reported",1958,4,10
2020-09-15,"Mount Rogers",White,2000,193,81
2020-09-15,Richmond,White,673,42,13
2020-09-15,Lenowisco,"Not Reported",120,4,2
2020-09-15,"Three Rivers",Latino,151,5,1
2020-09-15,Piedmont,"Not Reported",765,11,4
2020-09-15,"Mount Rogers",Latino,279,6,0
2020-09-15,"Central Shenandoah","Two or more races",30,1,0
2020-09-15,Crater,White,733,55,23
2020-09-15,Arlington,White,1094,133,70
2020-09-15,Pittsylvania-Danville,"Other Race",0,0,0
2020-09-15,Chickahominy,Black,334,46,12
2020-09-15,Fairfax,Black,1623,240,64
2020-09-15,"Eastern Shore",Latino,260,11,3
2020-09-15,Norfolk,White,833,57,20
2020-09-15,"Mount Rogers","Two or more races",9,1,0
2020-09-15,Alleghany,"Two or more races",6,0,0
2020-09-15,Southside,White,254,29,19
2020-09-15,"Thomas Jefferson","Two or more races",40,1,0
2020-09-15,"Prince William",Black,1388,174,49
2020-09-15,"Lord Fairfax",White,1660,185,79
2020-09-15,"Cumberland Plateau",Latino,6,0,0
2020-09-15,Arlington,"Not Reported",339,2,1
2020-09-15,Rappahannock,"Other Race",112,4,0
2020-09-15,"Rappahannock Rapidan",Black,219,32,10
2020-09-15,"New River","Two or more races",25,0,0
2020-09-15,Arlington,Latino,1628,234,25
2020-09-15,Henrico,White,1349,119,100
2020-09-15,Loudoun,White,1532,120,86
2020-09-15,Hampton,White,256,10,3
2020-09-15,Alleghany,Black,76,8,2
2020-09-15,"Prince William",White,1666,176,87
2020-09-15,Rappahannock,White,1360,136,43
2020-09-15,Southside,"Other Race",13,0,1
2020-09-15,Portsmouth,"Two or more races",15,4,0
2020-09-15,"Western Tidewater",Black,1568,107,45
2020-09-15,Hampton,Latino,58,4,0
2020-09-15,Henrico,"Not Reported",887,4,4
2020-09-15,"West Piedmont","Two or more races",3,0,0
2020-09-15,Peninsula,"Not Reported",1615,2,0
2020-09-15,Loudoun,Latino,2114,189,15
2020-09-15,Alexandria,Black,737,90,16
2020-09-15,Piedmont,Black,498,58,16
2020-09-15,Roanoke,"Other Race",17,1,0
2020-09-15,Alexandria,"Two or more races",21,1,0
2020-09-15,"Western Tidewater",Latino,32,1,1
2020-09-15,Rappahannock,"Not Reported",1248,25,0
2020-09-15,"West Piedmont","Other Race",6,1,1
2020-09-15,Chickahominy,White,820,95,36
2020-09-15,"Thomas Jefferson",Latino,666,30,3
2020-09-15,"Cumberland Plateau",Black,42,0,0
2020-09-15,"Lord Fairfax",Latino,725,46,9
2020-09-15,"West Piedmont",Latino,253,8,1
2020-09-15,"Cumberland Plateau",White,565,49,9
2020-09-15,"Eastern Shore","Other Race",13,1,0
2020-09-15,"Cumberland Plateau","Two or more races",6,0,0
2020-09-15,Pittsylvania-Danville,"Two or more races",2,0,0
2020-09-15,Piedmont,"Other Race",9,0,0
2020-09-15,Alexandria,Latino,1703,130,10
2020-09-15,Chesapeake,Black,1540,208,25
2020-09-15,Richmond,"Other Race",125,8,2
2020-09-15,Henrico,Latino,851,55,9
2020-09-15,Piedmont,"Two or more races",4,2,0
2020-09-15,"Prince William","Other Race",418,15,1
2020-09-15,"New River","Not Reported",661,5,0
2020-09-15,"Rappahannock Rapidan",White,752,54,18
2020-09-15,"Central Virginia","Not Reported",1692,13,4
2020-09-15,"Virginia Beach","Two or more races",58,4,1
2020-09-15,Pittsylvania-Danville,White,428,46,13
2020-09-15,"Lord Fairfax",Black,138,19,6
2020-09-15,Fairfax,Latino,9526,1006,90
2020-09-15,Chesterfield,"Asian or Pacific Islander",61,2,1
2020-09-15,Crater,"Asian or Pacific Islander",16,0,0
2020-09-15,Fairfax,"Asian or Pacific Islander",1647,261,75
2020-09-15,Hampton,"Asian or Pacific Islander",13,0,0
2020-09-15,"Rappahannock Rapidan","Asian or Pacific Islander",10,1,0
2020-09-15,"Mount Rogers","Asian or Pacific Islander",3,1,0
2020-09-15,"New River","Asian or Pacific Islander",61,0,0
2020-09-15,"Central Virginia","Asian or Pacific Islander",12,1,0
2020-09-15,"Lord Fairfax","Asian or Pacific Islander",14,0,0
2020-09-15,Southside,"Asian or Pacific Islander",1,0,0
2020-09-15,Alleghany,"Asian or Pacific Islander",18,0,0
2020-09-15,Portsmouth,"Asian or Pacific Islander",21,2,0
2020-09-15,Roanoke,"Asian or Pacific Islander",25,2,0
2020-09-15,Richmond,"Asian or Pacific Islander",41,3,1
2020-09-15,"Thomas Jefferson","Asian or Pacific Islander",55,0,1
2020-09-15,"Virginia Beach","Asian or Pacific Islander",259,23,3
2020-09-15,Henrico,"Asian or Pacific Islander",194,11,4
2020-09-15,Piedmont,"Asian or Pacific Islander",8,0,0
2020-09-15,"Western Tidewater","Asian or Pacific Islander",19,2,1
2020-09-15,"West Piedmont","Asian or Pacific Islander",11,1,1
2020-09-15,Chickahominy,"Asian or Pacific Islander",16,1,0
2020-09-15,Peninsula,"Asian or Pacific Islander",42,4,5
2020-09-15,Norfolk,"Asian or Pacific Islander",61,7,0
2020-09-15,Arlington,"Asian or Pacific Islander",176,23,12
2020-09-15,Loudoun,"Asian or Pacific Islander",395,53,11
2020-09-15,Alexandria,"Asian or Pacific Islander",130,11,1
2020-09-15,Rappahannock,"Asian or Pacific Islander",81,10,2
2020-09-15,Chesapeake,"Asian or Pacific Islander",69,9,4
2020-09-15,"Cumberland Plateau and Lenowisco","Asian or Pacific Islander",1,0,0
2020-09-15,"Central Shenandoah","Asian or Pacific Islander",52,2,0
2020-09-15,"Prince William","Asian or Pacific Islander",509,56,15
2020-09-15,Pittsylvania-Danville,"Asian or Pacific Islander",3,0,0
2020-09-15,"Eastern Shore and Three Rivers","Asian or Pacific Islander",12,1,0
2020-09-15,Piedmont,"Native American",2,0,0
2020-09-15,"New River","Native American",1,0,0
2020-09-15,"Central Shenandoah","Native American",3,1,0
2020-09-15,"Eastern Shore and Three Rivers","Native American",1,0,0
2020-09-15,Fairfax,"Native American",33,1,1
2020-09-15,Chesapeake,"Native American",11,0,0
2020-09-15,"Western Tidewater","Native American",2,0,0
2020-09-15,Portsmouth,"Native American",4,2,0
2020-09-15,Richmond,"Native American",0,0,0
2020-09-15,Chickahominy,"Native American",6,1,0
2020-09-15,"Thomas Jefferson","Native American",2,0,0
2020-09-15,Arlington,"Native American",5,0,0
2020-09-15,"Virginia Beach","Native American",9,0,0
2020-09-15,Peninsula,"Native American",7,2,1
2020-09-15,Hampton,"Native American",3,0,0
2020-09-15,"West Piedmont","Native American",2,0,0
2020-09-15,"Cumberland Plateau, Lenowisco, and Mount Rogers","Native American",1,0,0
2020-09-15,Henrico,"Native American",10,0,0
2020-09-15,Norfolk,"Native American",9,1,1
2020-09-15,"Prince William","Native American",20,1,1
2020-09-15,"Central Virginia","Native American",3,0,0
2020-09-15,Chesterfield,"Native American",6,0,0
2020-09-15,Rappahannock,"Native American",6,0,0
2020-09-15,Loudoun,"Native American",5,0,0
2020-09-15,Alexandria,"Native American",3,0,0
2020-09-15,"Alleghany and Roanoke","Native American",1,0,0
2020-09-15,Crater,"Native American",5,0,0
2020-09-15,"Rappahannock Rapidan","Native American",1,0,0
2020-09-15,"Lord Fairfax","Native American",2,1,1
2020-09-15,"Pittsylvania-Danville and Southside","Native American",0,0,0
2020-09-16,"Rappahannock Rapidan","Not Reported",662,13,11
2020-09-16,Portsmouth,"Other Race",57,10,4
2020-09-16,"Western Tidewater","Two or more races",31,0,0
2020-09-16,Piedmont,White,512,50,20
2020-09-16,Chesterfield,Latino,1450,92,6
2020-09-16,Lenowisco,White,699,66,14
2020-09-16,Lenowisco,"Two or more races",2,0,0
2020-09-16,Hampton,"Not Reported",629,3,2
2020-09-16,Southside,"Not Reported",527,10,4
2020-09-16,Roanoke,Black,199,16,3
2020-09-16,Hampton,Black,709,39,14
2020-09-16,Alleghany,"Other Race",9,1,0
2020-09-16,Lenowisco,Latino,10,0,0
2020-09-16,Loudoun,"Other Race",184,15,2
2020-09-16,"Central Shenandoah",Latino,1056,56,6
2020-09-16,"Rappahannock Rapidan",Latino,782,62,7
2020-09-16,"Eastern Shore",Black,852,98,28
2020-09-16,Norfolk,Latino,329,23,0
2020-09-16,Hampton,"Two or more races",15,0,0
2020-09-16,Richmond,Black,1514,237,31
2020-09-16,Henrico,"Two or more races",43,1,0
2020-09-16,Fairfax,"Two or more races",96,5,0
2020-09-16,Alleghany,"Not Reported",406,1,0
2020-09-16,Portsmouth,"Not Reported",510,5,0
2020-09-16,"Cumberland Plateau","Other Race",2,1,0
2020-09-16,Southside,"Two or more races",25,0,0
2020-09-16,Portsmouth,White,318,41,8
2020-09-16,"Rappahannock Rapidan","Two or more races",32,3,0
2020-09-16,Fairfax,White,3777,487,305
2020-09-16,Fairfax,"Other Race",786,85,19
2020-09-16,Crater,"Two or more races",9,0,0
2020-09-16,"West Piedmont","Not Reported",370,28,3
2020-09-16,Henrico,"Other Race",151,13,0
2020-09-16,"Three Rivers",White,602,46,16
2020-09-16,"Central Virginia",Black,234,30,7
2020-09-16,Lenowisco,"Other Race",7,0,0
2020-09-16,"Three Rivers","Other Race",15,3,0
2020-09-16,"Western Tidewater",White,791,63,51
2020-09-16,"Mount Rogers",Black,56,7,2
2020-09-16,"Three Rivers","Not Reported",242,4,1
2020-09-16,"Thomas Jefferson",Black,482,68,15
2020-09-16,"Eastern Shore",White,251,26,18
2020-09-16,"Central Virginia",White,825,53,16
2020-09-16,Lenowisco,Black,5,1,1
2020-09-16,"Central Virginia","Two or more races",6,0,0
2020-09-16,Richmond,"Two or more races",37,1,0
2020-09-16,Crater,"Not Reported",690,10,6
2020-09-16,Chesterfield,"Two or more races",28,3,0
2020-09-16,"New River",Latino,155,5,0
2020-09-16,Richmond,Latino,1307,110,7
2020-09-16,Portsmouth,Latino,73,11,1
2020-09-16,Pittsylvania-Danville,"Not Reported",654,11,0
2020-09-16,Chesapeake,"Not Reported",931,8,0
2020-09-16,Chickahominy,Latino,94,4,0
2020-09-16,Crater,Black,1885,189,60
2020-09-16,Chesterfield,Black,1047,112,28
2020-09-16,Chesterfield,"Other Race",191,12,0
2020-09-16,Peninsula,Black,1071,67,21
2020-09-16,Roanoke,White,292,15,12
2020-09-16,"New River",Black,141,3,0
2020-09-16,Southside,Latino,9,0,0
2020-09-16,Peninsula,Latino,319,19,1
2020-09-16,Rappahannock,"Two or more races",39,3,0
2020-09-16,"Virginia Beach",Black,1667,118,18
2020-09-16,"Mount Rogers","Not Reported",133,3,2
2020-09-16,Loudoun,"Not Reported",1930,6,0
2020-09-16,Chesapeake,"Other Race",56,5,1
2020-09-16,Chickahominy,"Two or more races",4,1,0
2020-09-16,Crater,"Other Race",36,0,0
2020-09-16,Norfolk,"Two or more races",50,1,1
2020-09-16,"Eastern Shore","Two or more races",1,1,0
2020-09-16,"Central Shenandoah",White,2686,178,58
2020-09-16,"New River","Other Race",11,0,0
2020-09-16,"New River",White,1638,37,12
2020-09-16,"Central Shenandoah","Other Race",78,2,0
2020-09-16,"West Piedmont",Black,447,83,12
2020-09-16,Alleghany,Latino,158,11,0
2020-09-16,"Central Shenandoah","Not Reported",642,4,1
2020-09-16,Roanoke,"Two or more races",4,2,0
2020-09-16,Peninsula,"Two or more races",51,3,0
2020-09-16,Richmond,"Not Reported",684,2,1
2020-09-16,Arlington,"Other Race",91,10,4
2020-09-16,Norfolk,"Not Reported",968,4,0
2020-09-16,Alexandria,"Other Race",83,8,3
2020-09-16,"Virginia Beach",White,2235,168,48
2020-09-16,Chesapeake,"Two or more races",44,3,1
2020-09-16,Alleghany,White,718,49,21
2020-09-16,"Rappahannock Rapidan","Other Race",36,3,0
2020-09-16,Chickahominy,"Not Reported",390,3,1
2020-09-16,Portsmouth,Black,1429,186,34
2020-09-16,Chickahominy,"Other Race",18,2,0
2020-09-16,"Virginia Beach",Latino,393,23,3
2020-09-16,Chesapeake,White,1186,120,21
2020-09-16,Southside,Black,447,38,16
2020-09-16,Rappahannock,Latino,1285,106,8
2020-09-16,"Three Rivers","Two or more races",8,0,0
2020-09-16,Pittsylvania-Danville,Black,549,65,15
2020-09-16,"Lord Fairfax","Two or more races",13,0,0
2020-09-16,"Prince William",Latino,6053,624,73
2020-09-16,"Mount Rogers","Other Race",8,2,2
2020-09-16,"Central Shenandoah",Black,197,11,4
2020-09-16,Peninsula,White,917,82,37
2020-09-16,"Eastern Shore","Not Reported",84,0,0
2020-09-16,"Thomas Jefferson","Other Race",140,3,1
2020-09-16,Hampton,"Other Race",53,2,1
2020-09-16,"Lord Fairfax","Not Reported",330,4,7
2020-09-16,"Central Virginia","Other Race",19,0,0
2020-09-16,"Western Tidewater","Other Race",71,1,2
2020-09-16,Crater,Latino,191,9,4
2020-09-16,Chesapeake,Latino,279,25,1
2020-09-16,Chesterfield,White,1352,111,73
2020-09-16,"Western Tidewater","Not Reported",886,6,3
2020-09-16,Fairfax,"Not Reported",2488,51,31
2020-09-16,Arlington,Black,390,82,33
2020-09-16,"Central Virginia",Latino,49,5,1
2020-09-16,Alexandria,"Not Reported",238,7,1
2020-09-16,"Three Rivers",Black,513,44,9
2020-09-16,"Prince William","Two or more races",82,1,0
2020-09-16,Loudoun,"Two or more races",49,2,0
2020-09-16,Peninsula,"Other Race",155,4,0
2020-09-16,"Thomas Jefferson",White,1290,77,42
2020-09-16,Norfolk,"Other Race",86,4,1
2020-09-16,"Prince William","Not Reported",4122,26,0
2020-09-16,"West Piedmont",White,789,106,36
2020-09-16,Rappahannock,Black,817,91,16
2020-09-16,Norfolk,Black,2339,241,43
2020-09-16,Roanoke,Latino,354,19,0
2020-09-16,Piedmont,Latino,74,8,1
2020-09-16,Roanoke,"Not Reported",520,2,0
2020-09-16,"Virginia Beach","Other Race",108,2,0
2020-09-16,Arlington,"Two or more races",37,3,0
2020-09-16,Alexandria,White,705,57,34
2020-09-16,"Lord Fairfax","Other Race",74,6,2
2020-09-16,"Thomas Jefferson","Not Reported",267,1,0
2020-09-16,"Virginia Beach","Not Reported",1785,10,2
2020-09-16,Loudoun,Black,301,29,5
2020-09-16,Pittsylvania-Danville,Latino,66,3,0
2020-09-16,"Cumberland Plateau","Not Reported",20,0,0
2020-09-16,Chesterfield,"Not Reported",1939,4,10
2020-09-16,"Mount Rogers",White,2014,196,83
2020-09-16,Richmond,White,677,42,13
2020-09-16,Lenowisco,"Not Reported",119,4,2
2020-09-16,"Three Rivers",Latino,152,5,1
2020-09-16,Piedmont,"Not Reported",768,11,4
2020-09-16,"Mount Rogers",Latino,279,6,0
2020-09-16,"Central Shenandoah","Two or more races",28,1,0
2020-09-16,Crater,White,737,55,23
2020-09-16,Arlington,White,1104,133,70
2020-09-16,Pittsylvania-Danville,"Other Race",0,0,0
2020-09-16,Chickahominy,Black,340,47,12
2020-09-16,Fairfax,Black,1631,240,65
2020-09-16,"Eastern Shore",Latino,260,11,3
2020-09-16,Norfolk,White,843,57,20
2020-09-16,"Mount Rogers","Two or more races",9,1,0
2020-09-16,Alleghany,"Two or more races",6,0,0
2020-09-16,Southside,White,260,29,19
2020-09-16,"Thomas Jefferson","Two or more races",41,1,0
2020-09-16,"Prince William",Black,1396,174,50
2020-09-16,"Lord Fairfax",White,1665,186,81
2020-09-16,"Cumberland Plateau",Latino,6,0,0
2020-09-16,Arlington,"Not Reported",336,2,1
2020-09-16,Rappahannock,"Other Race",114,4,0
2020-09-16,"Rappahannock Rapidan",Black,220,32,10
2020-09-16,"New River","Two or more races",26,0,0
2020-09-16,Arlington,Latino,1636,235,26
2020-09-16,Henrico,White,1368,122,102
2020-09-16,Loudoun,White,1539,120,86
2020-09-16,Hampton,White,256,10,3
2020-09-16,Alleghany,Black,77,8,2
2020-09-16,"Prince William",White,1673,176,88
2020-09-16,Rappahannock,White,1375,137,44
2020-09-16,Southside,"Other Race",13,0,1
2020-09-16,Portsmouth,"Two or more races",15,5,0
2020-09-16,"Western Tidewater",Black,1580,107,45
2020-09-16,Hampton,Latino,58,4,0
2020-09-16,Henrico,"Not Reported",892,4,4
2020-09-16,"West Piedmont","Two or more races",3,0,0
2020-09-16,Peninsula,"Not Reported",1620,2,0
2020-09-16,Loudoun,Latino,2120,192,15
2020-09-16,Alexandria,Black,743,91,16
2020-09-16,Piedmont,Black,498,58,16
2020-09-16,Roanoke,"Other Race",18,1,0
2020-09-16,Alexandria,"Two or more races",21,1,0
2020-09-16,"Western Tidewater",Latino,32,1,1
2020-09-16,Rappahannock,"Not Reported",1249,25,0
2020-09-16,"West Piedmont","Other Race",6,1,1
2020-09-16,Chickahominy,White,825,96,36
2020-09-16,"Thomas Jefferson",Latino,666,30,3
2020-09-16,"Cumberland Plateau",Black,42,0,0
2020-09-16,"Lord Fairfax",Latino,726,46,9
2020-09-16,"West Piedmont",Latino,255,8,1
2020-09-16,"Cumberland Plateau",White,574,50,9
2020-09-16,"Eastern Shore","Other Race",13,1,0
2020-09-16,"Cumberland Plateau","Two or more races",6,0,0
2020-09-16,Pittsylvania-Danville,"Two or more races",2,0,0
2020-09-16,Piedmont,"Other Race",9,0,0
2020-09-16,Alexandria,Latino,1704,130,11
2020-09-16,Chesapeake,Black,1543,209,27
2020-09-16,Richmond,"Other Race",124,8,2
2020-09-16,Henrico,Latino,851,55,9
2020-09-16,Piedmont,"Two or more races",4,2,0
2020-09-16,"Prince William","Other Race",415,15,1
2020-09-16,"New River","Not Reported",658,5,0
2020-09-16,"Rappahannock Rapidan",White,758,54,18
2020-09-16,"Central Virginia","Not Reported",1678,12,4
2020-09-16,"Virginia Beach","Two or more races",58,4,1
2020-09-16,Pittsylvania-Danville,White,430,46,14
2020-09-16,"Lord Fairfax",Black,138,19,6
2020-09-16,Fairfax,Latino,9562,1011,89
2020-09-16,Chesterfield,"Asian or Pacific Islander",64,2,1
2020-09-16,Crater,"Asian or Pacific Islander",16,0,0
2020-09-16,Fairfax,"Asian or Pacific Islander",1662,262,75
2020-09-16,Hampton,"Asian or Pacific Islander",13,0,0
2020-09-16,"Rappahannock Rapidan","Asian or Pacific Islander",10,1,0
2020-09-16,"Mount Rogers","Asian or Pacific Islander",3,1,0
2020-09-16,"New River","Asian or Pacific Islander",70,0,0
2020-09-16,"Central Virginia","Asian or Pacific Islander",13,1,0
2020-09-16,"Lord Fairfax","Asian or Pacific Islander",14,0,0
2020-09-16,Southside,"Asian or Pacific Islander",1,0,0
2020-09-16,Alleghany,"Asian or Pacific Islander",18,0,0
2020-09-16,Portsmouth,"Asian or Pacific Islander",21,2,0
2020-09-16,Roanoke,"Asian or Pacific Islander",25,2,0
2020-09-16,Richmond,"Asian or Pacific Islander",41,3,1
2020-09-16,"Thomas Jefferson","Asian or Pacific Islander",55,0,1
2020-09-16,"Virginia Beach","Asian or Pacific Islander",260,24,4
2020-09-16,Henrico,"Asian or Pacific Islander",196,11,4
2020-09-16,Piedmont,"Asian or Pacific Islander",9,0,1
2020-09-16,"Western Tidewater","Asian or Pacific Islander",20,2,2
2020-09-16,"West Piedmont","Asian or Pacific Islander",11,1,1
2020-09-16,Chickahominy,"Asian or Pacific Islander",16,1,0
2020-09-16,Peninsula,"Asian or Pacific Islander",42,4,5
2020-09-16,Norfolk,"Asian or Pacific Islander",61,7,0
2020-09-16,Arlington,"Asian or Pacific Islander",180,23,12
2020-09-16,Loudoun,"Asian or Pacific Islander",395,53,11
2020-09-16,Alexandria,"Asian or Pacific Islander",130,11,1
2020-09-16,Rappahannock,"Asian or Pacific Islander",81,10,2
2020-09-16,Chesapeake,"Asian or Pacific Islander",69,9,4
2020-09-16,"Cumberland Plateau and Lenowisco","Asian or Pacific Islander",1,0,0
2020-09-16,"Central Shenandoah","Asian or Pacific Islander",55,2,0
2020-09-16,"Prince William","Asian or Pacific Islander",516,56,15
2020-09-16,Pittsylvania-Danville,"Asian or Pacific Islander",3,0,0
2020-09-16,"Eastern Shore and Three Rivers","Asian or Pacific Islander",12,1,0
2020-09-16,Piedmont,"Native American",2,0,0
2020-09-16,"New River","Native American",1,0,0
2020-09-16,"Central Shenandoah","Native American",4,1,0
2020-09-16,"Eastern Shore and Three Rivers","Native American",1,0,0
2020-09-16,Fairfax,"Native American",33,1,1
2020-09-16,Chesapeake,"Native American",11,0,0
2020-09-16,"Western Tidewater","Native American",2,0,0
2020-09-16,Portsmouth,"Native American",4,2,0
2020-09-16,Richmond,"Native American",0,0,0
2020-09-16,Chickahominy,"Native American",6,1,0
2020-09-16,"Thomas Jefferson","Native American",2,0,0
2020-09-16,Arlington,"Native American",5,0,0
2020-09-16,"Virginia Beach","Native American",9,0,0
2020-09-16,Peninsula,"Native American",7,2,1
2020-09-16,Hampton,"Native American",3,0,0
2020-09-16,"West Piedmont","Native American",2,0,0
2020-09-16,"Cumberland Plateau, Lenowisco, and Mount Rogers","Native American",1,0,0
2020-09-16,Henrico,"Native American",10,0,0
2020-09-16,Norfolk,"Native American",9,1,1
2020-09-16,"Prince William","Native American",20,1,1
2020-09-16,"Central Virginia","Native American",3,0,0
2020-09-16,Chesterfield,"Native American",6,0,0
2020-09-16,Rappahannock,"Native American",6,0,0
2020-09-16,Loudoun,"Native American",5,0,0
2020-09-16,Alexandria,"Native American",4,0,0
2020-09-16,"Alleghany and Roanoke","Native American",1,0,0
2020-09-16,Crater,"Native American",5,0,0
2020-09-16,"Rappahannock Rapidan","Native American",1,0,0
2020-09-16,"Lord Fairfax","Native American",2,1,1
2020-09-16,"Pittsylvania-Danville and Southside","Native American",0,0,0
2020-09-17,"Rappahannock Rapidan","Not Reported",670,13,10
2020-09-17,Portsmouth,"Other Race",57,10,4
2020-09-17,"Western Tidewater","Two or more races",32,0,0
2020-09-17,Piedmont,White,517,50,21
2020-09-17,Chesterfield,Latino,1461,93,7
2020-09-17,Lenowisco,White,706,67,14
2020-09-17,Lenowisco,"Two or more races",2,0,0
2020-09-17,Hampton,"Not Reported",638,3,2
2020-09-17,Southside,"Not Reported",538,10,4
2020-09-17,Roanoke,Black,210,19,4
2020-09-17,Hampton,Black,711,39,14
2020-09-17,Alleghany,"Other Race",9,1,0
2020-09-17,Lenowisco,Latino,10,0,0
2020-09-17,Loudoun,"Other Race",182,15,2
2020-09-17,"Central Shenandoah",Latino,1060,56,6
2020-09-17,"Rappahannock Rapidan",Latino,782,62,7
2020-09-17,"Eastern Shore",Black,854,98,28
2020-09-17,Norfolk,Latino,328,23,0
2020-09-17,Hampton,"Two or more races",15,0,0
2020-09-17,Richmond,Black,1524,236,31
2020-09-17,Henrico,"Two or more races",44,1,0
2020-09-17,Fairfax,"Two or more races",96,5,0
2020-09-17,Alleghany,"Not Reported",413,1,0
2020-09-17,Portsmouth,"Not Reported",500,5,0
2020-09-17,"Cumberland Plateau","Other Race",3,1,0
2020-09-17,Southside,"Two or more races",26,0,0
2020-09-17,Portsmouth,White,320,41,8
2020-09-17,"Rappahannock Rapidan","Two or more races",33,3,0
2020-09-17,Fairfax,White,3806,490,305
2020-09-17,Fairfax,"Other Race",788,85,19
2020-09-17,Crater,"Two or more races",9,0,0
2020-09-17,"West Piedmont","Not Reported",381,28,3
2020-09-17,Henrico,"Other Race",150,13,0
2020-09-17,"Three Rivers",White,611,47,16
2020-09-17,"Central Virginia",Black,241,30,7
2020-09-17,Lenowisco,"Other Race",7,0,0
2020-09-17,"Three Rivers","Other Race",15,3,0
2020-09-17,"Western Tidewater",White,812,66,56
2020-09-17,"Mount Rogers",Black,56,7,2
2020-09-17,"Three Rivers","Not Reported",249,4,1
2020-09-17,"Thomas Jefferson",Black,482,68,15
2020-09-17,"Eastern Shore",White,251,26,18
2020-09-17,"Central Virginia",White,850,53,16
2020-09-17,Lenowisco,Black,5,1,1
2020-09-17,"Central Virginia","Two or more races",7,0,0
2020-09-17,Richmond,"Two or more races",38,2,0
2020-09-17,Crater,"Not Reported",685,10,6
2020-09-17,Chesterfield,"Two or more races",29,3,0
2020-09-17,"New River",Latino,156,5,0
2020-09-17,Richmond,Latino,1309,110,8
2020-09-17,Portsmouth,Latino,74,11,1
2020-09-17,Pittsylvania-Danville,"Not Reported",660,11,0
2020-09-17,Chesapeake,"Not Reported",927,8,0
2020-09-17,Chickahominy,Latino,94,4,0
2020-09-17,Crater,Black,1912,192,60
2020-09-17,Chesterfield,Black,1061,112,28
2020-09-17,Chesterfield,"Other Race",189,12,0
2020-09-17,Peninsula,Black,1076,67,21
2020-09-17,Roanoke,White,305,16,12
2020-09-17,"New River",Black,144,3,0
2020-09-17,Southside,Latino,9,0,0
2020-09-17,Peninsula,Latino,322,19,1
2020-09-17,Rappahannock,"Two or more races",39,3,0
2020-09-17,"Virginia Beach",Black,1673,118,19
2020-09-17,"Mount Rogers","Not Reported",134,3,3
2020-09-17,Loudoun,"Not Reported",1947,5,0
2020-09-17,Chesapeake,"Other Race",57,5,1
2020-09-17,Chickahominy,"Two or more races",5,1,0
2020-09-17,Crater,"Other Race",36,0,0
2020-09-17,Norfolk,"Two or more races",51,1,1
2020-09-17,"Eastern Shore","Two or more races",1,1,0
2020-09-17,"Central Shenandoah",White,2732,179,59
2020-09-17,"New River","Other Race",14,0,0
2020-09-17,"New River",White,1649,37,12
2020-09-17,"Central Shenandoah","Other Race",82,2,0
2020-09-17,"West Piedmont",Black,448,83,12
2020-09-17,Alleghany,Latino,159,11,0
2020-09-17,"Central Shenandoah","Not Reported",660,4,1
2020-09-17,Roanoke,"Two or more races",4,2,0
2020-09-17,Peninsula,"Two or more races",51,3,0
2020-09-17,Richmond,"Not Reported",686,2,1
2020-09-17,Arlington,"Other Race",92,10,4
2020-09-17,Norfolk,"Not Reported",973,4,0
2020-09-17,Alexandria,"Other Race",85,8,3
2020-09-17,"Virginia Beach",White,2252,168,48
2020-09-17,Chesapeake,"Two or more races",44,3,1
2020-09-17,Alleghany,White,728,50,22
2020-09-17,"Rappahannock Rapidan","Other Race",36,3,0
2020-09-17,Chickahominy,"Not Reported",393,3,1
2020-09-17,Portsmouth,Black,1448,190,35
2020-09-17,Chickahominy,"Other Race",18,2,0
2020-09-17,"Virginia Beach",Latino,393,23,3
2020-09-17,Chesapeake,White,1201,122,23
2020-09-17,Southside,Black,453,39,16
2020-09-17,Rappahannock,Latino,1295,107,8
2020-09-17,"Three Rivers","Two or more races",8,0,0
2020-09-17,Henrico,Black,1628,197,85
2020-09-17,Pittsylvania-Danville,Black,557,65,16
2020-09-17,"Lord Fairfax","Two or more races",13,0,0
2020-09-17,"Prince William",Latino,6083,624,73
2020-09-17,"Mount Rogers","Other Race",8,2,2
2020-09-17,"Central Shenandoah",Black,202,11,4
2020-09-17,Peninsula,White,921,82,37
2020-09-17,"Eastern Shore","Not Reported",84,0,0
2020-09-17,"Thomas Jefferson","Other Race",145,3,1
2020-09-17,Hampton,"Other Race",53,2,1
2020-09-17,"Lord Fairfax","Not Reported",330,4,7
2020-09-17,"Central Virginia","Other Race",19,0,0
2020-09-17,"Western Tidewater","Other Race",72,1,2
2020-09-17,Crater,Latino,192,9,4
2020-09-17,Chesapeake,Latino,280,25,2
2020-09-17,Chesterfield,White,1372,113,74
2020-09-17,"Western Tidewater","Not Reported",900,7,3
2020-09-17,Fairfax,"Not Reported",2496,48,31
2020-09-17,Arlington,Black,391,82,33
2020-09-17,"Central Virginia",Latino,49,5,1
2020-09-17,Alexandria,"Not Reported",244,7,1
2020-09-17,"Three Rivers",Black,527,45,10
2020-09-17,"Prince William","Two or more races",83,1,0
2020-09-17,Loudoun,"Two or more races",49,2,0
2020-09-17,Peninsula,"Other Race",156,4,0
2020-09-17,"Thomas Jefferson",White,1316,78,43
2020-09-17,Norfolk,"Other Race",84,4,1
2020-09-17,"Prince William","Not Reported",4139,27,0
2020-09-17,"West Piedmont",White,801,108,38
2020-09-17,Rappahannock,Black,820,91,16
2020-09-17,Norfolk,Black,2346,245,43
2020-09-17,Roanoke,Latino,356,19,0
2020-09-17,Piedmont,Latino,73,8,1
2020-09-17,Roanoke,"Not Reported",525,2,0
2020-09-17,"Virginia Beach","Other Race",107,2,0
2020-09-17,Arlington,"Two or more races",37,3,0
2020-09-17,Alexandria,White,708,57,34
2020-09-17,"Lord Fairfax","Other Race",74,6,2
2020-09-17,"Thomas Jefferson","Not Reported",316,1,0
2020-09-17,"Virginia Beach","Not Reported",1800,10,2
2020-09-17,Loudoun,Black,302,30,5
2020-09-17,Pittsylvania-Danville,Latino,67,3,0
2020-09-17,"Cumberland Plateau","Not Reported",21,0,0
2020-09-17,Chesterfield,"Not Reported",1922,4,10
2020-09-17,"Mount Rogers",White,2029,199,85
2020-09-17,Richmond,White,683,42,13
2020-09-17,Lenowisco,"Not Reported",118,4,2
2020-09-17,"Three Rivers",Latino,153,6,1
2020-09-17,Piedmont,"Not Reported",776,11,4
2020-09-17,"Mount Rogers",Latino,279,6,0
2020-09-17,"Central Shenandoah","Two or more races",32,1,0
2020-09-17,Crater,White,752,57,25
2020-09-17,Arlington,White,1106,133,70
2020-09-17,Pittsylvania-Danville,"Other Race",0,0,0
2020-09-17,Chickahominy,Black,341,47,12
2020-09-17,Fairfax,Black,1641,242,65
2020-09-17,"Eastern Shore",Latino,260,11,3
2020-09-17,Norfolk,White,855,57,21
2020-09-17,"Mount Rogers","Two or more races",9,1,0
2020-09-17,Alleghany,"Two or more races",6,0,0
2020-09-17,Southside,White,266,29,19
2020-09-17,"Thomas Jefferson","Two or more races",44,1,0
2020-09-17,"Prince William",Black,1406,175,50
2020-09-17,"Lord Fairfax",White,1678,186,81
2020-09-17,"Cumberland Plateau",Latino,6,0,0
2020-09-17,Arlington,"Not Reported",341,3,1
2020-09-17,Rappahannock,"Other Race",116,4,0
2020-09-17,"Rappahannock Rapidan",Black,222,32,10
2020-09-17,"New River","Two or more races",27,0,0
2020-09-17,Arlington,Latino,1639,237,26
2020-09-17,Henrico,White,1374,125,103
2020-09-17,Loudoun,White,1551,121,87
2020-09-17,Hampton,White,257,10,3
2020-09-17,Alleghany,Black,80,8,2
2020-09-17,"Prince William",White,1677,176,88
2020-09-17,Rappahannock,White,1394,138,43
2020-09-17,Southside,"Other Race",13,1,1
2020-09-17,Portsmouth,"Two or more races",15,5,0
2020-09-17,"Western Tidewater",Black,1595,118,48
2020-09-17,Hampton,Latino,58,4,0
2020-09-17,Henrico,"Not Reported",895,4,4
2020-09-17,"West Piedmont","Two or more races",3,0,0
2020-09-17,Peninsula,"Not Reported",1626,2,0
2020-09-17,Loudoun,Latino,2131,194,15
2020-09-17,Alexandria,Black,749,91,16
2020-09-17,Piedmont,Black,504,58,16
2020-09-17,Roanoke,"Other Race",19,1,0
2020-09-17,Alexandria,"Two or more races",23,2,0
2020-09-17,"Western Tidewater",Latino,32,1,1
2020-09-17,Rappahannock,"Not Reported",1263,25,0
2020-09-17,"West Piedmont","Other Race",6,1,1
2020-09-17,Chickahominy,White,835,97,36
2020-09-17,"Thomas Jefferson",Latino,667,30,3
2020-09-17,"Cumberland Plateau",Black,42,0,0
2020-09-17,"Lord Fairfax",Latino,729,46,9
2020-09-17,"West Piedmont",Latino,257,9,1
2020-09-17,"Cumberland Plateau",White,581,50,9
2020-09-17,"Eastern Shore","Other Race",13,1,0
2020-09-17,"Cumberland Plateau","Two or more races",6,0,0
2020-09-17,Pittsylvania-Danville,"Two or more races",2,0,0
2020-09-17,Piedmont,"Other Race",9,0,0
2020-09-17,Alexandria,Latino,1706,130,11
2020-09-17,Chesapeake,Black,1552,209,27
2020-09-17,Richmond,"Other Race",125,8,2
2020-09-17,Henrico,Latino,857,55,9
2020-09-17,Piedmont,"Two or more races",4,2,0
2020-09-17,"Prince William","Other Race",422,15,1
2020-09-17,"New River","Not Reported",677,5,0
2020-09-17,"Rappahannock Rapidan",White,767,55,19
2020-09-17,"Central Virginia","Not Reported",1685,13,6
2020-09-17,"Virginia Beach","Two or more races",58,4,1
2020-09-17,Pittsylvania-Danville,White,435,46,14
2020-09-17,"Lord Fairfax",Black,139,19,6
2020-09-17,Fairfax,Latino,9589,1014,90
2020-09-17,Chesterfield,"Asian or Pacific Islander",66,2,1
2020-09-17,Crater,"Asian or Pacific Islander",16,0,0
2020-09-17,Fairfax,"Asian or Pacific Islander",1672,262,75
2020-09-17,Hampton,"Asian or Pacific Islander",13,0,0
2020-09-17,"Rappahannock Rapidan","Asian or Pacific Islander",10,1,0
2020-09-17,"Mount Rogers","Asian or Pacific Islander",3,1,0
2020-09-17,"New River","Asian or Pacific Islander",72,0,0
2020-09-17,"Central Virginia","Asian or Pacific Islander",13,1,0
2020-09-17,"Lord Fairfax","Asian or Pacific Islander",14,0,0
2020-09-17,Southside,"Asian or Pacific Islander",1,0,0
2020-09-17,Alleghany,"Asian or Pacific Islander",20,0,0
2020-09-17,Portsmouth,"Asian or Pacific Islander",21,2,0
2020-09-17,Roanoke,"Asian or Pacific Islander",27,2,0
2020-09-17,Richmond,"Asian or Pacific Islander",42,3,1
2020-09-17,"Thomas Jefferson","Asian or Pacific Islander",55,0,1
2020-09-17,"Virginia Beach","Asian or Pacific Islander",261,24,5
2020-09-17,Henrico,"Asian or Pacific Islander",197,11,4
2020-09-17,Piedmont,"Asian or Pacific Islander",9,0,1
2020-09-17,"Western Tidewater","Asian or Pacific Islander",20,2,3
2020-09-17,"West Piedmont","Asian or Pacific Islander",11,1,1
2020-09-17,Chickahominy,"Asian or Pacific Islander",15,1,0
2020-09-17,Peninsula,"Asian or Pacific Islander",42,4,5
2020-09-17,Norfolk,"Asian or Pacific Islander",61,7,0
2020-09-17,Arlington,"Asian or Pacific Islander",180,23,12
2020-09-17,Loudoun,"Asian or Pacific Islander",400,53,11
2020-09-17,Alexandria,"Asian or Pacific Islander",131,11,1
2020-09-17,Rappahannock,"Asian or Pacific Islander",83,10,2
2020-09-17,Chesapeake,"Asian or Pacific Islander",69,9,4
2020-09-17,"Cumberland Plateau and Lenowisco","Asian or Pacific Islander",1,0,0
2020-09-17,"Central Shenandoah","Asian or Pacific Islander",57,2,0
2020-09-17,"Prince William","Asian or Pacific Islander",525,57,15
2020-09-17,Pittsylvania-Danville,"Asian or Pacific Islander",3,0,0
2020-09-17,"Eastern Shore and Three Rivers","Asian or Pacific Islander",12,1,0
2020-09-17,Piedmont,"Native American",2,0,0
2020-09-17,"New River","Native American",1,0,0
2020-09-17,"Central Shenandoah","Native American",4,1,0
2020-09-17,"Eastern Shore and Three Rivers","Native American",1,0,0
2020-09-17,Fairfax,"Native American",33,1,1
2020-09-17,Chesapeake,"Native American",11,0,0
2020-09-17,"Western Tidewater","Native American",2,0,0
2020-09-17,Portsmouth,"Native American",4,2,0
2020-09-17,Richmond,"Native American",0,0,0
2020-09-17,Chickahominy,"Native American",6,1,0
2020-09-17,"Thomas Jefferson","Native American",2,0,0
2020-09-17,Arlington,"Native American",5,0,0
2020-09-17,"Virginia Beach","Native American",9,0,0
2020-09-17,Peninsula,"Native American",7,2,1
2020-09-17,Hampton,"Native American",3,0,0
2020-09-17,"West Piedmont","Native American",2,0,0
2020-09-17,"Cumberland Plateau, Lenowisco, and Mount Rogers","Native American",1,0,0
2020-09-17,Henrico,"Native American",10,0,0
2020-09-17,Norfolk,"Native American",9,1,1
2020-09-17,"Prince William","Native American",21,1,1
2020-09-17,"Central Virginia","Native American",3,0,0
2020-09-17,Chesterfield,"Native American",6,0,0
2020-09-17,Rappahannock,"Native American",6,0,0
2020-09-17,Loudoun,"Native American",5,0,0
2020-09-17,Alexandria,"Native American",3,0,0
2020-09-17,"Alleghany and Roanoke","Native American",1,0,0
2020-09-17,Crater,"Native American",5,0,0
2020-09-17,"Rappahannock Rapidan","Native American",1,0,0
2020-09-17,"Lord Fairfax","Native American",2,1,1
2020-09-17,"Pittsylvania-Danville and Southside","Native American",0,0,0
2020-09-18,"Rappahannock Rapidan","Not Reported",675,13,10
2020-09-18,Portsmouth,"Other Race",57,10,4
2020-09-18,"Western Tidewater","Two or more races",31,0,0
2020-09-18,Piedmont,White,518,51,22
2020-09-18,Chesterfield,Latino,1485,94,6
2020-09-18,Lenowisco,White,707,67,14
2020-09-18,Lenowisco,"Two or more races",2,0,0
2020-09-18,Hampton,"Not Reported",641,3,2
2020-09-18,Southside,"Not Reported",541,11,5
2020-09-18,Roanoke,Black,225,19,4
2020-09-18,Hampton,Black,720,39,14
2020-09-18,Alleghany,"Other Race",9,1,0
2020-09-18,Lenowisco,Latino,10,0,0
2020-09-18,Loudoun,"Other Race",186,16,2
2020-09-18,"Central Shenandoah",Latino,1075,56,6
2020-09-18,"Rappahannock Rapidan",Latino,784,62,7
2020-09-18,"Eastern Shore",Black,857,99,29
2020-09-18,Norfolk,Latino,327,23,0
2020-09-18,Hampton,"Two or more races",15,0,0
2020-09-18,Richmond,Black,1539,239,31
2020-09-18,Henrico,"Two or more races",43,1,0
2020-09-18,Fairfax,"Two or more races",97,5,0
2020-09-18,Alleghany,"Not Reported",425,1,0
2020-09-18,Portsmouth,"Not Reported",543,5,0
2020-09-18,"Cumberland Plateau","Other Race",3,1,0
2020-09-18,Southside,"Two or more races",26,0,0
2020-09-18,Portsmouth,White,322,41,8
2020-09-18,"Rappahannock Rapidan","Two or more races",34,3,0
2020-09-18,Fairfax,White,3860,492,306
2020-09-18,Fairfax,"Other Race",785,85,19
2020-09-18,Crater,"Two or more races",9,0,0
2020-09-18,"West Piedmont","Not Reported",382,28,3
2020-09-18,Henrico,"Other Race",151,13,0
2020-09-18,"Three Rivers",White,615,47,17
2020-09-18,"Central Virginia",Black,247,30,8
2020-09-18,Lenowisco,"Other Race",7,0,0
2020-09-18,"Three Rivers","Other Race",15,3,0
2020-09-18,"Western Tidewater",White,813,66,57
2020-09-18,"Mount Rogers",Black,57,7,2
2020-09-18,"Three Rivers","Not Reported",253,4,1
2020-09-18,"Thomas Jefferson",Black,486,68,15
2020-09-18,"Eastern Shore",White,253,26,18
2020-09-18,"Central Virginia",White,870,55,16
2020-09-18,Lenowisco,Black,5,1,1
2020-09-18,"Central Virginia","Two or more races",7,0,0
2020-09-18,Richmond,"Two or more races",38,2,0
2020-09-18,Crater,"Not Reported",706,10,6
2020-09-18,Chesterfield,"Two or more races",29,3,0
2020-09-18,"New River",Latino,159,5,0
2020-09-18,Richmond,Latino,1313,110,8
2020-09-18,Portsmouth,Latino,76,11,1
2020-09-18,Pittsylvania-Danville,"Not Reported",673,10,0
2020-09-18,Chesapeake,"Not Reported",923,7,0
2020-09-18,Chickahominy,Latino,94,4,0
2020-09-18,Crater,Black,1926,194,61
2020-09-18,Chesterfield,Black,1069,113,28
2020-09-18,Chesterfield,"Other Race",185,12,0
2020-09-18,Peninsula,Black,1085,68,21
2020-09-18,Roanoke,White,314,16,12
2020-09-18,"New River",Black,152,4,0
2020-09-18,Southside,Latino,9,0,0
2020-09-18,Peninsula,Latino,331,19,1
2020-09-18,Rappahannock,"Two or more races",38,3,0
2020-09-18,"Virginia Beach",Black,1682,119,19
2020-09-18,"Mount Rogers","Not Reported",134,2,3
2020-09-18,Loudoun,"Not Reported",1942,5,0
2020-09-18,Chesapeake,"Other Race",59,5,1
2020-09-18,Chickahominy,"Two or more races",5,1,0
2020-09-18,Crater,"Other Race",37,0,0
2020-09-18,Norfolk,"Two or more races",52,1,1
2020-09-18,"Eastern Shore","Two or more races",1,1,0
2020-09-18,"Central Shenandoah",White,2806,179,59
2020-09-18,"New River","Other Race",14,0,0
2020-09-18,"New River",White,1697,37,13
2020-09-18,"Central Shenandoah","Other Race",82,2,0
2020-09-18,"West Piedmont",Black,450,84,12
2020-09-18,Alleghany,Latino,158,11,0
2020-09-18,"Central Shenandoah","Not Reported",657,4,1
2020-09-18,Roanoke,"Two or more races",4,2,0
2020-09-18,Peninsula,"Two or more races",52,3,0
2020-09-18,Richmond,"Not Reported",687,2,1
2020-09-18,Arlington,"Other Race",92,10,4
2020-09-18,Norfolk,"Not Reported",970,4,0
2020-09-18,Alexandria,"Other Race",86,8,3
2020-09-18,"Virginia Beach",White,2268,171,48
2020-09-18,Chesapeake,"Two or more races",44,3,1
2020-09-18,Alleghany,White,742,51,22
2020-09-18,"Rappahannock Rapidan","Other Race",36,3,0
2020-09-18,Chickahominy,"Not Reported",389,3,1
2020-09-18,Portsmouth,Black,1462,192,36
2020-09-18,Chickahominy,"Other Race",18,2,0
2020-09-18,"Virginia Beach",Latino,393,23,3
2020-09-18,Chesapeake,White,1215,123,26
2020-09-18,Southside,Black,459,43,17
2020-09-18,Rappahannock,Latino,1307,107,8
2020-09-18,"Three Rivers","Two or more races",7,0,0
2020-09-18,Henrico,Black,1636,198,85
2020-09-18,Pittsylvania-Danville,Black,566,69,16
2020-09-18,"Lord Fairfax","Two or more races",14,0,0
2020-09-18,"Prince William",Latino,6116,625,73
2020-09-18,"Mount Rogers","Other Race",9,2,2
2020-09-18,"Central Shenandoah",Black,205,11,4
2020-09-18,Peninsula,White,925,82,38
2020-09-18,"Eastern Shore","Not Reported",84,0,0
2020-09-18,"Thomas Jefferson","Other Race",153,3,1
2020-09-18,Hampton,"Other Race",53,2,1
2020-09-18,"Lord Fairfax","Not Reported",332,4,7
2020-09-18,"Central Virginia","Other Race",19,0,0
2020-09-18,"Western Tidewater","Other Race",72,1,2
2020-09-18,Crater,Latino,192,9,4
2020-09-18,Chesapeake,Latino,283,25,2
2020-09-18,Chesterfield,White,1393,115,74
2020-09-18,"Western Tidewater","Not Reported",906,7,3
2020-09-18,Fairfax,"Not Reported",2477,45,31
2020-09-18,Arlington,Black,398,82,33
2020-09-18,"Central Virginia",Latino,49,5,1
2020-09-18,Alexandria,"Not Reported",251,7,1
2020-09-18,"Three Rivers",Black,542,46,10
2020-09-18,"Prince William","Two or more races",84,1,0
2020-09-18,Loudoun,"Two or more races",50,2,0
2020-09-18,Peninsula,"Other Race",156,4,0
2020-09-18,"Thomas Jefferson",White,1366,78,45
2020-09-18,Norfolk,"Other Race",82,4,1
2020-09-18,"Prince William","Not Reported",4169,27,0
2020-09-18,"West Piedmont",White,812,110,41
2020-09-18,Rappahannock,Black,824,91,16
2020-09-18,Norfolk,Black,2356,248,43
2020-09-18,Roanoke,Latino,359,19,0
2020-09-18,Piedmont,Latino,73,8,1
2020-09-18,Roanoke,"Not Reported",558,2,0
2020-09-18,"Virginia Beach","Other Race",107,2,0
2020-09-18,Arlington,"Two or more races",37,3,0
2020-09-18,Alexandria,White,714,57,34
2020-09-18,"Lord Fairfax","Other Race",74,6,2
2020-09-18,"Thomas Jefferson","Not Reported",321,1,0
2020-09-18,"Virginia Beach","Not Reported",1816,10,2
2020-09-18,Loudoun,Black,306,31,5
2020-09-18,Pittsylvania-Danville,Latino,68,3,0
2020-09-18,"Cumberland Plateau","Not Reported",21,0,0
2020-09-18,Chesterfield,"Not Reported",1917,4,10
2020-09-18,"Mount Rogers",White,2063,201,85
2020-09-18,Richmond,White,689,42,12
2020-09-18,Lenowisco,"Not Reported",118,4,2
2020-09-18,"Three Rivers",Latino,153,6,1
2020-09-18,Piedmont,"Not Reported",782,10,3
2020-09-18,"Mount Rogers",Latino,280,6,0
2020-09-18,"Central Shenandoah","Two or more races",34,1,0
2020-09-18,Crater,White,757,57,25
2020-09-18,Arlington,White,1116,133,70
2020-09-18,Pittsylvania-Danville,"Other Race",0,0,0
2020-09-18,Chickahominy,Black,342,47,12
2020-09-18,Fairfax,Black,1658,244,66
2020-09-18,"Eastern Shore",Latino,260,11,3
2020-09-18,Norfolk,White,864,58,21
2020-09-18,"Mount Rogers","Two or more races",9,1,0
2020-09-18,Alleghany,"Two or more races",6,0,0
2020-09-18,Southside,White,269,29,19
2020-09-18,"Thomas Jefferson","Two or more races",46,1,0
2020-09-18,"Prince William",Black,1411,176,50
2020-09-18,"Lord Fairfax",White,1681,186,81
2020-09-18,"Cumberland Plateau",Latino,7,0,0
2020-09-18,Arlington,"Not Reported",341,3,1
2020-09-18,Rappahannock,"Other Race",124,4,0
2020-09-18,"Rappahannock Rapidan",Black,222,32,10
2020-09-18,"New River","Two or more races",28,0,0
2020-09-18,Arlington,Latino,1649,237,26
2020-09-18,Henrico,White,1377,127,103
2020-09-18,Loudoun,White,1573,121,89
2020-09-18,Hampton,White,258,10,4
2020-09-18,Alleghany,Black,81,7,2
2020-09-18,"Prince William",White,1685,175,88
2020-09-18,Rappahannock,White,1399,140,44
2020-09-18,Southside,"Other Race",13,1,1
2020-09-18,Portsmouth,"Two or more races",15,5,0
2020-09-18,"Western Tidewater",Black,1605,119,48
2020-09-18,Hampton,Latino,58,4,0
2020-09-18,Henrico,"Not Reported",909,5,4
2020-09-18,"West Piedmont","Two or more races",3,0,0
2020-09-18,Peninsula,"Not Reported",1624,2,0
2020-09-18,Loudoun,Latino,2147,196,15
2020-09-18,Alexandria,Black,751,92,16
2020-09-18,Piedmont,Black,509,58,16
2020-09-18,Roanoke,"Other Race",19,1,0
2020-09-18,Alexandria,"Two or more races",23,2,0
2020-09-18,"Western Tidewater",Latino,33,1,2
2020-09-18,Rappahannock,"Not Reported",1275,25,0
2020-09-18,"West Piedmont","Other Race",6,1,1
2020-09-18,Chickahominy,White,843,98,36
2020-09-18,"Thomas Jefferson",Latino,670,30,3
2020-09-18,"Cumberland Plateau",Black,42,0,0
2020-09-18,"Lord Fairfax",Latino,735,46,9
2020-09-18,"West Piedmont",Latino,257,9,1
2020-09-18,"Cumberland Plateau",White,597,51,9
2020-09-18,"Eastern Shore","Other Race",13,1,0
2020-09-18,"Cumberland Plateau","Two or more races",6,0,0
2020-09-18,Pittsylvania-Danville,"Two or more races",2,0,0
2020-09-18,Piedmont,"Other Race",9,0,0
2020-09-18,Alexandria,Latino,1709,130,11
2020-09-18,Chesapeake,Black,1565,210,31
2020-09-18,Richmond,"Other Race",126,8,2
2020-09-18,Henrico,Latino,859,55,10
2020-09-18,Piedmont,"Two or more races",4,2,0
2020-09-18,"Prince William","Other Race",430,15,1
2020-09-18,"New River","Not Reported",686,6,0
2020-09-18,"Rappahannock Rapidan",White,780,55,19
2020-09-18,"Central Virginia","Not Reported",1698,13,6
2020-09-18,"Virginia Beach","Two or more races",58,4,1
2020-09-18,Pittsylvania-Danville,White,438,46,14
2020-09-18,"Lord Fairfax",Black,139,19,6
2020-09-18,Fairfax,Latino,9642,1012,90
2020-09-18,Chesterfield,"Asian or Pacific Islander",68,2,1
2020-09-18,Crater,"Asian or Pacific Islander",16,0,0
2020-09-18,Fairfax,"Asian or Pacific Islander",1690,262,74
2020-09-18,Hampton,"Asian or Pacific Islander",13,0,0
2020-09-18,"Rappahannock Rapidan","Asian or Pacific Islander",10,1,0
2020-09-18,"Mount Rogers","Asian or Pacific Islander",3,1,0
2020-09-18,"New River","Asian or Pacific Islander",75,0,0
2020-09-18,"Central Virginia","Asian or Pacific Islander",13,1,0
2020-09-18,"Lord Fairfax","Asian or Pacific Islander",14,0,0
2020-09-18,Southside,"Asian or Pacific Islander",1,0,0
2020-09-18,Alleghany,"Asian or Pacific Islander",20,0,0
2020-09-18,Portsmouth,"Asian or Pacific Islander",21,2,0
2020-09-18,Roanoke,"Asian or Pacific Islander",28,2,0
2020-09-18,Richmond,"Asian or Pacific Islander",42,3,1
2020-09-18,"Thomas Jefferson","Asian or Pacific Islander",60,0,1
2020-09-18,"Virginia Beach","Asian or Pacific Islander",263,25,5
2020-09-18,Henrico,"Asian or Pacific Islander",197,11,4
2020-09-18,Piedmont,"Asian or Pacific Islander",9,0,1
2020-09-18,"Western Tidewater","Asian or Pacific Islander",20,2,3
2020-09-18,"West Piedmont","Asian or Pacific Islander",11,1,1
2020-09-18,Chickahominy,"Asian or Pacific Islander",15,1,0
2020-09-18,Peninsula,"Asian or Pacific Islander",42,4,5
2020-09-18,Norfolk,"Asian or Pacific Islander",61,7,0
2020-09-18,Arlington,"Asian or Pacific Islander",181,23,12
2020-09-18,Loudoun,"Asian or Pacific Islander",406,54,11
2020-09-18,Alexandria,"Asian or Pacific Islander",133,12,2
2020-09-18,Rappahannock,"Asian or Pacific Islander",85,10,2
2020-09-18,Chesapeake,"Asian or Pacific Islander",69,9,5
2020-09-18,"Cumberland Plateau and Lenowisco","Asian or Pacific Islander",1,0,0
2020-09-18,"Central Shenandoah","Asian or Pacific Islander",62,2,0
2020-09-18,"Prince William","Asian or Pacific Islander",531,57,15
2020-09-18,Pittsylvania-Danville,"Asian or Pacific Islander",3,0,0
2020-09-18,"Eastern Shore and Three Rivers","Asian or Pacific Islander",12,1,0
2020-09-18,Piedmont,"Native American",2,0,0
2020-09-18,"New River","Native American",1,0,0
2020-09-18,"Central Shenandoah","Native American",3,1,0
2020-09-18,"Eastern Shore and Three Rivers","Native American",1,0,0
2020-09-18,Fairfax,"Native American",33,1,1
2020-09-18,Chesapeake,"Native American",11,0,0
2020-09-18,"Western Tidewater","Native American",2,0,0
2020-09-18,Portsmouth,"Native American",4,2,0
2020-09-18,Richmond,"Native American",0,0,0
2020-09-18,Chickahominy,"Native American",6,1,0
2020-09-18,"Thomas Jefferson","Native American",2,0,0
2020-09-18,Arlington,"Native American",5,0,0
2020-09-18,"Virginia Beach","Native American",9,0,0
2020-09-18,Peninsula,"Native American",7,2,1
2020-09-18,Hampton,"Native American",3,0,0
2020-09-18,"West Piedmont","Native American",2,0,0
2020-09-18,"Cumberland Plateau, Lenowisco, and Mount Rogers","Native American",1,0,0
2020-09-18,Henrico,"Native American",10,0,0
2020-09-18,Norfolk,"Native American",9,1,1
2020-09-18,"Prince William","Native American",20,1,1
2020-09-18,"Central Virginia","Native American",3,0,0
2020-09-18,Chesterfield,"Native American",5,0,0
2020-09-18,Rappahannock,"Native American",6,0,0
2020-09-18,Loudoun,"Native American",5,0,0
2020-09-18,Alexandria,"Native American",4,0,0
2020-09-18,"Alleghany and Roanoke","Native American",1,0,0
2020-09-18,Crater,"Native American",5,0,0
2020-09-18,"Rappahannock Rapidan","Native American",1,0,0
2020-09-18,"Lord Fairfax","Native American",2,1,1
2020-09-18,"Pittsylvania-Danville and Southside","Native American",0,0,0
2020-09-19,"Rappahannock Rapidan","Not Reported",681,13,10
2020-09-19,Portsmouth,"Other Race",56,10,5
2020-09-19,"Western Tidewater","Two or more races",31,0,0
2020-09-19,Piedmont,White,520,51,23
2020-09-19,Chesterfield,Latino,1514,95,6
2020-09-19,Lenowisco,White,716,68,14
2020-09-19,Lenowisco,"Two or more races",2,0,0
2020-09-19,Hampton,"Not Reported",643,3,2
2020-09-19,Southside,"Not Reported",543,11,5
2020-09-19,Roanoke,Black,252,19,4
2020-09-19,Hampton,Black,724,40,14
2020-09-19,Alleghany,"Other Race",9,1,0
2020-09-19,Lenowisco,Latino,10,0,0
2020-09-19,Loudoun,"Other Race",190,16,2
2020-09-19,"Central Shenandoah",Latino,1079,56,6
2020-09-19,"Rappahannock Rapidan",Latino,785,62,7
2020-09-19,"Eastern Shore",Black,856,99,29
2020-09-19,Norfolk,Latino,330,23,0
2020-09-19,Hampton,"Two or more races",15,0,0
2020-09-19,Richmond,Black,1554,240,31
2020-09-19,Henrico,"Two or more races",43,1,0
2020-09-19,Fairfax,"Two or more races",95,5,0
2020-09-19,Alleghany,"Not Reported",416,1,0
2020-09-19,Portsmouth,"Not Reported",544,5,0
2020-09-19,"Cumberland Plateau","Other Race",3,1,0
2020-09-19,Southside,"Two or more races",26,0,0
2020-09-19,Portsmouth,White,327,41,8
2020-09-19,"Rappahannock Rapidan","Two or more races",34,3,0
2020-09-19,Fairfax,White,3892,491,307
2020-09-19,Fairfax,"Other Race",794,85,19
2020-09-19,Crater,"Two or more races",9,0,0
2020-09-19,"West Piedmont","Not Reported",391,28,3
2020-09-19,Henrico,"Other Race",151,13,0
2020-09-19,"Three Rivers",White,637,49,18
2020-09-19,"Central Virginia",Black,254,31,8
2020-09-19,Lenowisco,"Other Race",7,0,0
2020-09-19,"Three Rivers","Other Race",15,3,0
2020-09-19,"Western Tidewater",White,819,66,57
2020-09-19,"Mount Rogers",Black,61,8,3
2020-09-19,"Three Rivers","Not Reported",255,4,1
2020-09-19,"Thomas Jefferson",Black,486,68,15
2020-09-19,"Eastern Shore",White,253,26,18
2020-09-19,"Central Virginia",White,902,56,17
2020-09-19,Lenowisco,Black,5,1,1
2020-09-19,"Central Virginia","Two or more races",7,0,0
2020-09-19,Richmond,"Two or more races",39,2,0
2020-09-19,Crater,"Not Reported",717,10,6
2020-09-19,Chesterfield,"Two or more races",29,3,0
2020-09-19,"New River",Latino,161,5,0
2020-09-19,Richmond,Latino,1314,110,8
2020-09-19,Portsmouth,Latino,76,11,1
2020-09-19,Pittsylvania-Danville,"Not Reported",662,10,0
2020-09-19,Chesapeake,"Not Reported",920,7,0
2020-09-19,Chickahominy,Latino,94,4,0
2020-09-19,Crater,Black,1941,195,61
2020-09-19,Chesterfield,Black,1082,113,28
2020-09-19,Chesterfield,"Other Race",171,11,0
2020-09-19,Peninsula,Black,1092,68,21
2020-09-19,Roanoke,White,330,16,13
2020-09-19,"New River",Black,160,5,0
2020-09-19,Southside,Latino,9,0,0
2020-09-19,Peninsula,Latino,333,20,1
2020-09-19,Rappahannock,"Two or more races",38,3,0
2020-09-19,"Virginia Beach",Black,1683,119,19
2020-09-19,"Mount Rogers","Not Reported",135,4,4
2020-09-19,Loudoun,"Not Reported",1929,5,0
2020-09-19,Chesapeake,"Other Race",59,5,1
2020-09-19,Chickahominy,"Two or more races",6,1,0
2020-09-19,Crater,"Other Race",37,0,0
2020-09-19,Norfolk,"Two or more races",52,2,1
2020-09-19,"Eastern Shore","Two or more races",1,1,0
2020-09-19,"Central Shenandoah",White,2837,179,59
2020-09-19,"New River","Other Race",14,0,0
2020-09-19,"New River",White,1733,37,14
2020-09-19,"Central Shenandoah","Other Race",80,2,0
2020-09-19,"West Piedmont",Black,450,84,12
2020-09-19,Alleghany,Latino,158,11,0
2020-09-19,"Central Shenandoah","Not Reported",653,4,1
2020-09-19,Roanoke,"Two or more races",4,2,0
2020-09-19,Peninsula,"Two or more races",52,3,0
2020-09-19,Richmond,"Not Reported",688,1,1
2020-09-19,Arlington,"Other Race",90,10,4
2020-09-19,Norfolk,"Not Reported",962,4,0
2020-09-19,Alexandria,"Other Race",83,8,3
2020-09-19,"Virginia Beach",White,2279,171,49
2020-09-19,Chesapeake,"Two or more races",44,3,1
2020-09-19,Alleghany,White,756,52,23
2020-09-19,"Rappahannock Rapidan","Other Race",36,3,0
2020-09-19,Chickahominy,"Not Reported",392,3,1
2020-09-19,Portsmouth,Black,1474,192,37
2020-09-19,Chickahominy,"Other Race",18,2,0
2020-09-19,"Virginia Beach",Latino,395,23,3
2020-09-19,Chesapeake,White,1225,124,27
2020-09-19,Southside,Black,460,43,17
2020-09-19,Rappahannock,Latino,1316,108,8
2020-09-19,"Three Rivers","Two or more races",7,0,0
2020-09-19,Henrico,Black,1647,199,85
2020-09-19,Pittsylvania-Danville,Black,571,71,17
2020-09-19,"Lord Fairfax","Two or more races",14,0,0
2020-09-19,"Prince William",Latino,6141,625,74
2020-09-19,"Mount Rogers","Other Race",9,2,2
2020-09-19,"Central Shenandoah",Black,208,11,4
2020-09-19,Peninsula,White,931,82,39
2020-09-19,"Eastern Shore","Not Reported",84,0,0
2020-09-19,"Thomas Jefferson","Other Race",154,3,1
2020-09-19,Hampton,"Other Race",53,2,1
2020-09-19,"Lord Fairfax","Not Reported",334,4,7
2020-09-19,"Central Virginia","Other Race",20,0,0
2020-09-19,"Western Tidewater","Other Race",72,1,2
2020-09-19,Crater,Latino,192,9,4
2020-09-19,Chesapeake,Latino,283,25,2
2020-09-19,Chesterfield,White,1400,116,74
2020-09-19,"Western Tidewater","Not Reported",912,7,5
2020-09-19,Fairfax,"Not Reported",2467,45,31
2020-09-19,Arlington,Black,399,82,33
2020-09-19,"Central Virginia",Latino,50,5,1
2020-09-19,Alexandria,"Not Reported",247,7,1
2020-09-19,"Three Rivers",Black,553,46,10
2020-09-19,"Prince William","Two or more races",84,1,0
2020-09-19,Loudoun,"Two or more races",51,2,0
2020-09-19,Peninsula,"Other Race",155,3,0
2020-09-19,"Thomas Jefferson",White,1399,78,46
2020-09-19,Norfolk,"Other Race",82,4,1
2020-09-19,"Prince William","Not Reported",4174,27,0
2020-09-19,"West Piedmont",White,822,112,44
2020-09-19,Rappahannock,Black,827,92,16
2020-09-19,Roanoke,Latino,361,19,0
2020-09-19,Piedmont,Latino,74,8,2
2020-09-19,Roanoke,"Not Reported",568,2,0
2020-09-19,"Virginia Beach","Other Race",106,2,0
2020-09-19,Arlington,"Two or more races",39,3,0
2020-09-19,Alexandria,White,719,57,35
2020-09-19,"Lord Fairfax","Other Race",74,6,2
2020-09-19,"Thomas Jefferson","Not Reported",342,1,0
2020-09-19,"Virginia Beach","Not Reported",1825,11,2
2020-09-19,Loudoun,Black,311,31,5
2020-09-19,Pittsylvania-Danville,Latino,68,3,0
2020-09-19,"Cumberland Plateau","Not Reported",23,0,0
2020-09-19,Chesterfield,"Not Reported",1906,4,10
2020-09-19,"Mount Rogers",White,2089,203,86
2020-09-19,Richmond,White,700,43,12
2020-09-19,Lenowisco,"Not Reported",117,3,2
2020-09-19,"Three Rivers",Latino,154,6,1
2020-09-19,Piedmont,"Not Reported",782,10,4
2020-09-19,"Mount Rogers",Latino,280,6,0
2020-09-19,"Central Shenandoah","Two or more races",36,1,0
2020-09-19,Crater,White,770,57,25
2020-09-19,Arlington,White,1135,133,70
2020-09-19,Pittsylvania-Danville,"Other Race",0,0,0
2020-09-19,Chickahominy,Black,345,48,12
2020-09-19,Fairfax,Black,1675,246,66
2020-09-19,"Eastern Shore",Latino,260,11,3
2020-09-19,Norfolk,White,865,60,21
2020-09-19,"Mount Rogers","Two or more races",9,1,0
2020-09-19,Alleghany,"Two or more races",7,0,0
2020-09-19,Southside,White,272,29,19
2020-09-19,"Thomas Jefferson","Two or more races",50,1,0
2020-09-19,"Prince William",Black,1423,177,52
2020-09-19,"Lord Fairfax",White,1689,186,82
2020-09-19,"Cumberland Plateau",Latino,8,0,0
2020-09-19,Arlington,"Not Reported",324,2,1
2020-09-19,Rappahannock,"Other Race",123,4,0
2020-09-19,"Rappahannock Rapidan",Black,223,32,10
2020-09-19,"New River","Two or more races",31,0,0
2020-09-19,Arlington,Latino,1662,238,26
2020-09-19,Henrico,White,1398,129,104
2020-09-19,Loudoun,White,1580,122,90
2020-09-19,Hampton,White,259,10,4
2020-09-19,Alleghany,Black,86,7,2
2020-09-19,"Prince William",White,1689,175,88
2020-09-19,Rappahannock,White,1415,141,45
2020-09-19,Southside,"Other Race",14,1,1
2020-09-19,Portsmouth,"Two or more races",15,5,0
2020-09-19,"Western Tidewater",Black,1609,119,49
2020-09-19,Hampton,Latino,58,4,0
2020-09-19,Henrico,"Not Reported",915,5,4
2020-09-19,"West Piedmont","Two or more races",3,0,0
2020-09-19,Peninsula,"Not Reported",1641,2,0
2020-09-19,Loudoun,Latino,2161,196,15
2020-09-19,Alexandria,Black,758,93,17
2020-09-19,Piedmont,Black,516,58,16
2020-09-19,Roanoke,"Other Race",19,1,0
2020-09-19,Alexandria,"Two or more races",23,2,0
2020-09-19,"Western Tidewater",Latino,34,1,2
2020-09-19,Rappahannock,"Not Reported",1277,24,0
2020-09-19,"West Piedmont","Other Race",6,1,1
2020-09-19,Chickahominy,White,853,98,37
2020-09-19,"Thomas Jefferson",Latino,672,30,3
2020-09-19,"Cumberland Plateau",Black,42,0,0
2020-09-19,"Lord Fairfax",Latino,735,46,9
2020-09-19,"West Piedmont",Latino,258,10,1
2020-09-19,"Cumberland Plateau",White,609,51,9
2020-09-19,"Eastern Shore","Other Race",13,1,0
2020-09-19,"Cumberland Plateau","Two or more races",6,0,0
2020-09-19,Pittsylvania-Danville,"Two or more races",2,0,0
2020-09-19,Piedmont,"Other Race",9,0,0
2020-09-19,Alexandria,Latino,1718,132,11
2020-09-19,Chesapeake,Black,1573,210,31
2020-09-19,Richmond,"Other Race",128,9,2
2020-09-19,Henrico,Latino,860,55,11
2020-09-19,Piedmont,"Two or more races",4,2,0
2020-09-19,"Prince William","Other Race",439,15,1
2020-09-19,"New River","Not Reported",697,6,0
2020-09-19,"Rappahannock Rapidan",White,785,55,19
2020-09-19,"Central Virginia","Not Reported",1705,13,7
2020-09-19,"Virginia Beach","Two or more races",58,4,1
2020-09-19,Pittsylvania-Danville,White,446,46,14
2020-09-19,"Lord Fairfax",Black,140,19,6
2020-09-19,Fairfax,Latino,9693,1012,92
2020-09-19,Chesterfield,"Asian or Pacific Islander",69,2,1
2020-09-19,Crater,"Asian or Pacific Islander",17,0,0
2020-09-19,Fairfax,"Asian or Pacific Islander",1708,265,76
2020-09-19,Hampton,"Asian or Pacific Islander",13,0,0
2020-09-19,"Rappahannock Rapidan","Asian or Pacific Islander",10,1,0
2020-09-19,"Mount Rogers","Asian or Pacific Islander",3,1,0
2020-09-19,"New River","Asian or Pacific Islander",75,0,0
2020-09-19,"Central Virginia","Asian or Pacific Islander",14,1,0
2020-09-19,"Lord Fairfax","Asian or Pacific Islander",14,0,0
2020-09-19,Southside,"Asian or Pacific Islander",1,0,0
2020-09-19,Alleghany,"Asian or Pacific Islander",21,0,0
2020-09-19,Portsmouth,"Asian or Pacific Islander",22,2,0
2020-09-19,Roanoke,"Asian or Pacific Islander",28,2,0
2020-09-19,Richmond,"Asian or Pacific Islander",45,3,1
2020-09-19,"Thomas Jefferson","Asian or Pacific Islander",63,0,1
2020-09-19,"Virginia Beach","Asian or Pacific Islander",265,25,5
2020-09-19,Henrico,"Asian or Pacific Islander",200,11,4
2020-09-19,Piedmont,"Asian or Pacific Islander",9,0,1
2020-09-19,"Western Tidewater","Asian or Pacific Islander",20,2,3
2020-09-19,"West Piedmont","Asian or Pacific Islander",11,1,1
2020-09-19,Chickahominy,"Asian or Pacific Islander",15,1,0
2020-09-19,Peninsula,"Asian or Pacific Islander",42,4,5
2020-09-19,Norfolk,"Asian or Pacific Islander",62,7,0
2020-09-19,Arlington,"Asian or Pacific Islander",181,23,12
2020-09-19,Loudoun,"Asian or Pacific Islander",406,54,11
2020-09-19,Alexandria,"Asian or Pacific Islander",132,11,1
2020-09-19,Rappahannock,"Asian or Pacific Islander",85,10,2
2020-09-19,Chesapeake,"Asian or Pacific Islander",69,9,5
2020-09-19,"Cumberland Plateau and Lenowisco","Asian or Pacific Islander",1,0,0
2020-09-19,"Central Shenandoah","Asian or Pacific Islander",63,2,0
2020-09-19,"Prince William","Asian or Pacific Islander",539,57,15
2020-09-19,Pittsylvania-Danville,"Asian or Pacific Islander",3,0,0
2020-09-19,"Eastern Shore and Three Rivers","Asian or Pacific Islander",12,1,0
2020-09-19,Piedmont,"Native American",2,0,0
2020-09-19,"New River","Native American",1,0,0
2020-09-19,"Central Shenandoah","Native American",3,1,0
2020-09-19,"Eastern Shore and Three Rivers","Native American",1,0,0
2020-09-19,Fairfax,"Native American",33,1,1
2020-09-19,Chesapeake,"Native American",11,0,0
2020-09-19,"Western Tidewater","Native American",2,0,0
2020-09-19,Portsmouth,"Native American",4,2,0
2020-09-19,Richmond,"Native American",0,0,0
2020-09-19,Chickahominy,"Native American",6,1,0
2020-09-19,"Thomas Jefferson","Native American",2,0,0
2020-09-19,Arlington,"Native American",5,0,0
2020-09-19,"Virginia Beach","Native American",9,0,0
2020-09-19,Peninsula,"Native American",7,2,1
2020-09-19,Hampton,"Native American",3,0,0
2020-09-19,"West Piedmont","Native American",2,0,0
2020-09-19,"Cumberland Plateau, Lenowisco, and Mount Rogers","Native American",1,0,0
2020-09-19,Henrico,"Native American",10,0,0
2020-09-19,Norfolk,"Native American",9,1,1
2020-09-19,"Prince William","Native American",20,1,1
2020-09-19,"Central Virginia","Native American",3,0,0
2020-09-19,Chesterfield,"Native American",5,0,0
2020-09-19,Rappahannock,"Native American",6,0,0
2020-09-19,Loudoun,"Native American",5,0,0
2020-09-19,Alexandria,"Native American",4,0,0
2020-09-19,"Alleghany and Roanoke","Native American",1,0,0
2020-09-19,Crater,"Native American",5,0,0
2020-09-19,"Rappahannock Rapidan","Native American",1,0,0
2020-09-19,"Lord Fairfax","Native American",2,1,1
2020-09-19,"Pittsylvania-Danville and Southside","Native American",0,0,0
2020-09-20,"Rappahannock Rapidan","Not Reported",679,13,10
2020-09-20,Portsmouth,"Other Race",56,10,5
2020-09-20,"Western Tidewater","Two or more races",32,0,0
2020-09-20,Piedmont,White,523,51,23
2020-09-20,Chesterfield,Latino,1524,95,6
2020-09-20,Lenowisco,White,719,70,15
2020-09-20,Lenowisco,"Two or more races",2,0,0
2020-09-20,Hampton,"Not Reported",644,3,2
2020-09-20,Southside,"Not Reported",544,11,5
2020-09-20,Roanoke,Black,258,20,4
2020-09-20,Hampton,Black,733,40,14
2020-09-20,Alleghany,"Other Race",9,1,0
2020-09-20,Lenowisco,Latino,10,0,0
2020-09-20,Loudoun,"Other Race",195,16,2
2020-09-20,"Central Shenandoah",Latino,1081,56,6
2020-09-20,"Rappahannock Rapidan",Latino,788,62,7
2020-09-20,"Eastern Shore",Black,856,99,29
2020-09-20,Norfolk,Latino,331,23,0
2020-09-20,Hampton,"Two or more races",15,0,0
2020-09-20,Richmond,Black,1556,240,32
2020-09-20,Henrico,"Two or more races",43,1,0
2020-09-20,Fairfax,"Two or more races",95,5,0
2020-09-20,Alleghany,"Not Reported",421,1,0
2020-09-20,Portsmouth,"Not Reported",543,5,0
2020-09-20,"Cumberland Plateau","Other Race",3,1,0
2020-09-20,Southside,"Two or more races",26,0,0
2020-09-20,Portsmouth,White,329,41,8
2020-09-20,"Rappahannock Rapidan","Two or more races",34,3,0
2020-09-20,Fairfax,White,3923,492,309
2020-09-20,Fairfax,"Other Race",800,85,19
2020-09-20,Crater,"Two or more races",9,0,0
2020-09-20,"West Piedmont","Not Reported",398,28,3
2020-09-20,Henrico,"Other Race",154,13,0
2020-09-20,"Three Rivers",White,645,49,19
2020-09-20,"Central Virginia",Black,255,31,8
2020-09-20,Lenowisco,"Other Race",7,0,0
2020-09-20,"Three Rivers","Other Race",15,3,0
2020-09-20,"Western Tidewater",White,823,66,58
2020-09-20,"Mount Rogers",Black,61,8,3
2020-09-20,"Three Rivers","Not Reported",256,4,1
2020-09-20,"Thomas Jefferson",Black,489,68,16
2020-09-20,"Eastern Shore",White,253,26,18
2020-09-20,"Central Virginia",White,911,57,19
2020-09-20,Lenowisco,Black,5,1,1
2020-09-20,"Central Virginia","Two or more races",7,0,0
2020-09-20,Richmond,"Two or more races",40,2,0
2020-09-20,Crater,"Not Reported",718,10,6
2020-09-20,Chesterfield,"Two or more races",28,3,0
2020-09-20,"New River",Latino,161,5,0
2020-09-20,Richmond,Latino,1315,110,8
2020-09-20,Portsmouth,Latino,76,11,1
2020-09-20,Pittsylvania-Danville,"Not Reported",673,10,0
2020-09-20,Chesapeake,"Not Reported",909,7,0
2020-09-20,Chickahominy,Latino,94,4,0
2020-09-20,Crater,Black,1946,195,62
2020-09-20,Chesterfield,Black,1089,113,28
2020-09-20,Chesterfield,"Other Race",174,11,0
2020-09-20,Peninsula,Black,1099,69,21
2020-09-20,Roanoke,White,330,16,14
2020-09-20,"New River",Black,168,5,0
2020-09-20,Southside,Latino,9,0,0
2020-09-20,Peninsula,Latino,334,20,1
2020-09-20,Rappahannock,"Two or more races",41,3,0
2020-09-20,"Virginia Beach",Black,1689,119,19
2020-09-20,"Mount Rogers","Not Reported",136,4,4
2020-09-20,Loudoun,"Not Reported",1939,5,0
2020-09-20,Chesapeake,"Other Race",59,5,1
2020-09-20,Chickahominy,"Two or more races",6,1,0
2020-09-20,Crater,"Other Race",37,0,0
2020-09-20,Norfolk,"Two or more races",52,2,1
2020-09-20,"Eastern Shore","Two or more races",1,1,0
2020-09-20,"Central Shenandoah",White,2881,179,59
2020-09-20,"New River","Other Race",14,0,0
2020-09-20,"New River",White,1760,37,14
2020-09-20,"Central Shenandoah","Other Race",82,2,0
2020-09-20,"West Piedmont",Black,452,84,12
2020-09-20,Alleghany,Latino,158,11,0
2020-09-20,"Central Shenandoah","Not Reported",667,4,1
2020-09-20,Roanoke,"Two or more races",4,2,0
2020-09-20,Peninsula,"Two or more races",52,3,0
2020-09-20,Richmond,"Not Reported",695,1,1
2020-09-20,Arlington,"Other Race",90,10,4
2020-09-20,Norfolk,"Not Reported",969,4,0
2020-09-20,Alexandria,"Other Race",82,8,3
2020-09-20,"Virginia Beach",White,2287,171,49
2020-09-20,Chesapeake,"Two or more races",43,3,1
2020-09-20,Alleghany,White,769,52,23
2020-09-20,"Rappahannock Rapidan","Other Race",36,3,0
2020-09-20,Chickahominy,"Not Reported",395,3,1
2020-09-20,Portsmouth,Black,1477,194,39
2020-09-20,Chickahominy,"Other Race",18,2,0
2020-09-20,"Virginia Beach",Latino,395,23,3
2020-09-20,Chesapeake,White,1237,126,28
2020-09-20,Southside,Black,467,43,18
2020-09-20,Rappahannock,Latino,1320,109,8
2020-09-20,"Three Rivers","Two or more races",7,0,0
2020-09-20,Henrico,Black,1654,200,85
2020-09-20,Pittsylvania-Danville,Black,583,74,17
2020-09-20,"Lord Fairfax","Two or more races",14,0,0
2020-09-20,"Prince William",Latino,6161,626,74
2020-09-20,"Mount Rogers","Other Race",9,2,2
2020-09-20,"Central Shenandoah",Black,211,11,4
2020-09-20,Peninsula,White,934,82,39
2020-09-20,"Eastern Shore","Not Reported",84,0,0
2020-09-20,"Thomas Jefferson","Other Race",156,3,1
2020-09-20,Hampton,"Other Race",53,2,1
2020-09-20,"Lord Fairfax","Not Reported",336,4,6
2020-09-20,"Central Virginia","Other Race",19,0,0
2020-09-20,"Western Tidewater","Other Race",73,1,2
2020-09-20,Crater,Latino,192,9,4
2020-09-20,Chesapeake,Latino,284,25,2
2020-09-20,Chesterfield,White,1412,116,75
2020-09-20,"Western Tidewater","Not Reported",917,7,5
2020-09-20,Fairfax,"Not Reported",2488,45,31
2020-09-20,Arlington,Black,399,82,33
2020-09-20,"Central Virginia",Latino,52,5,1
2020-09-20,Alexandria,"Not Reported",245,7,1
2020-09-20,"Three Rivers",Black,566,47,10
2020-09-20,"Prince William","Two or more races",85,1,0
2020-09-20,Loudoun,"Two or more races",51,2,0
2020-09-20,Peninsula,"Other Race",155,3,0
2020-09-20,"Thomas Jefferson",White,1432,78,46
2020-09-20,Norfolk,"Other Race",81,4,1
2020-09-20,"Prince William","Not Reported",4199,27,0
2020-09-20,"West Piedmont",White,832,113,44
2020-09-20,Rappahannock,Black,826,92,16
2020-09-20,Norfolk,Black,2367,251,44
2020-09-20,Roanoke,Latino,362,19,0
2020-09-20,Piedmont,Latino,74,8,2
2020-09-20,Roanoke,"Not Reported",575,2,2
2020-09-20,"Virginia Beach","Other Race",107,2,0
2020-09-20,Arlington,"Two or more races",39,3,0
2020-09-20,Alexandria,White,721,57,35
2020-09-20,"Lord Fairfax","Other Race",72,6,1
2020-09-20,"Thomas Jefferson","Not Reported",349,1,0
2020-09-20,"Virginia Beach","Not Reported",1833,11,2
2020-09-20,Loudoun,Black,312,31,5
2020-09-20,Pittsylvania-Danville,Latino,68,3,0
2020-09-20,"Cumberland Plateau","Not Reported",26,0,0
2020-09-20,Chesterfield,"Not Reported",1913,5,10
2020-09-20,"Mount Rogers",White,2097,203,88
2020-09-20,Richmond,White,712,43,11
2020-09-20,Lenowisco,"Not Reported",117,3,2
2020-09-20,"Three Rivers",Latino,155,6,1
2020-09-20,Piedmont,"Not Reported",783,10,4
2020-09-20,"Mount Rogers",Latino,283,6,0
2020-09-20,"Central Shenandoah","Two or more races",38,1,0
2020-09-20,Crater,White,773,57,28
2020-09-20,Arlington,White,1136,133,70
2020-09-20,Pittsylvania-Danville,"Other Race",0,0,0
2020-09-20,Chickahominy,Black,347,48,12
2020-09-20,Fairfax,Black,1681,246,66
2020-09-20,"Eastern Shore",Latino,260,11,3
2020-09-20,Norfolk,White,874,60,21
2020-09-20,"Mount Rogers","Two or more races",9,1,0
2020-09-20,Alleghany,"Two or more races",7,0,0
2020-09-20,Southside,White,274,29,19
2020-09-20,"Thomas Jefferson","Two or more races",52,1,0
2020-09-20,"Prince William",Black,1430,177,52
2020-09-20,"Lord Fairfax",White,1697,187,85
2020-09-20,"Cumberland Plateau",Latino,8,0,0
2020-09-20,Arlington,"Not Reported",325,2,1
2020-09-20,Rappahannock,"Other Race",124,4,0
2020-09-20,"Rappahannock Rapidan",Black,224,32,10
2020-09-20,"New River","Two or more races",31,0,0
2020-09-20,Arlington,Latino,1665,239,26
2020-09-20,Henrico,White,1417,131,105
2020-09-20,Loudoun,White,1583,122,90
2020-09-20,Hampton,White,260,10,4
2020-09-20,Alleghany,Black,88,7,2
2020-09-20,"Prince William",White,1701,176,88
2020-09-20,Rappahannock,White,1418,141,45
2020-09-20,Southside,"Other Race",14,1,1
2020-09-20,Portsmouth,"Two or more races",15,5,0
2020-09-20,"Western Tidewater",Black,1612,119,49
2020-09-20,Hampton,Latino,58,4,0
2020-09-20,Henrico,"Not Reported",929,5,4
2020-09-20,"West Piedmont","Two or more races",3,0,0
2020-09-20,Peninsula,"Not Reported",1658,2,0
2020-09-20,Loudoun,Latino,2164,196,15
2020-09-20,Alexandria,Black,761,95,17
2020-09-20,Piedmont,Black,518,58,16
2020-09-20,Roanoke,"Other Race",19,1,1
2020-09-20,Alexandria,"Two or more races",23,2,0
2020-09-20,"Western Tidewater",Latino,34,1,2
2020-09-20,Rappahannock,"Not Reported",1282,24,0
2020-09-20,"West Piedmont","Other Race",6,1,1
2020-09-20,Chickahominy,White,860,98,37
2020-09-20,"Thomas Jefferson",Latino,676,30,3
2020-09-20,"Cumberland Plateau",Black,42,0,0
2020-09-20,"Lord Fairfax",Latino,739,46,9
2020-09-20,"West Piedmont",Latino,258,10,1
2020-09-20,"Cumberland Plateau",White,615,51,9
2020-09-20,"Eastern Shore","Other Race",13,1,0
2020-09-20,"Cumberland Plateau","Two or more races",6,0,0
2020-09-20,Pittsylvania-Danville,"Two or more races",2,0,0
2020-09-20,Piedmont,"Other Race",9,0,0
2020-09-20,Alexandria,Latino,1724,132,11
2020-09-20,Chesapeake,Black,1586,210,31
2020-09-20,Richmond,"Other Race",132,9,3
2020-09-20,Henrico,Latino,861,55,11
2020-09-20,Piedmont,"Two or more races",4,2,0
2020-09-20,"Prince William","Other Race",437,15,1
2020-09-20,"New River","Not Reported",715,6,0
2020-09-20,"Rappahannock Rapidan",White,797,56,19
2020-09-20,"Central Virginia","Not Reported",1718,12,6
2020-09-20,"Virginia Beach","Two or more races",58,4,1
2020-09-20,Pittsylvania-Danville,White,449,47,14
2020-09-20,"Lord Fairfax",Black,141,19,6
2020-09-20,Fairfax,Latino,9722,1012,92
2020-09-20,Chesterfield,"Asian or Pacific Islander",69,3,1
2020-09-20,Crater,"Asian or Pacific Islander",17,0,0
2020-09-20,Fairfax,"Asian or Pacific Islander",1719,265,76
2020-09-20,Hampton,"Asian or Pacific Islander",14,0,0
2020-09-20,"Rappahannock Rapidan","Asian or Pacific Islander",10,1,0
2020-09-20,"Mount Rogers","Asian or Pacific Islander",3,1,0
2020-09-20,"New River","Asian or Pacific Islander",75,0,0
2020-09-20,"Central Virginia","Asian or Pacific Islander",14,1,0
2020-09-20,"Lord Fairfax","Asian or Pacific Islander",14,0,0
2020-09-20,Southside,"Asian or Pacific Islander",1,0,0
2020-09-20,Alleghany,"Asian or Pacific Islander",21,0,0
2020-09-20,Portsmouth,"Asian or Pacific Islander",22,2,0
2020-09-20,Roanoke,"Asian or Pacific Islander",28,2,0
2020-09-20,Richmond,"Asian or Pacific Islander",45,3,1
2020-09-20,"Thomas Jefferson","Asian or Pacific Islander",66,0,1
2020-09-20,"Virginia Beach","Asian or Pacific Islander",266,25,5
2020-09-20,Henrico,"Asian or Pacific Islander",201,11,4
2020-09-20,Piedmont,"Asian or Pacific Islander",9,0,1
2020-09-20,"Western Tidewater","Asian or Pacific Islander",20,2,3
2020-09-20,"West Piedmont","Asian or Pacific Islander",11,1,1
2020-09-20,Chickahominy,"Asian or Pacific Islander",15,1,0
2020-09-20,Peninsula,"Asian or Pacific Islander",42,4,5
2020-09-20,Norfolk,"Asian or Pacific Islander",62,7,0
2020-09-20,Arlington,"Asian or Pacific Islander",181,23,12
2020-09-20,Loudoun,"Asian or Pacific Islander",407,54,11
2020-09-20,Alexandria,"Asian or Pacific Islander",136,11,1
2020-09-20,Rappahannock,"Asian or Pacific Islander",88,10,2
2020-09-20,Chesapeake,"Asian or Pacific Islander",69,9,5
2020-09-20,"Cumberland Plateau and Lenowisco","Asian or Pacific Islander",1,0,0
2020-09-20,"Central Shenandoah","Asian or Pacific Islander",63,2,0
2020-09-20,"Prince William","Asian or Pacific Islander",551,57,15
2020-09-20,Pittsylvania-Danville,"Asian or Pacific Islander",3,0,0
2020-09-20,"Eastern Shore and Three Rivers","Asian or Pacific Islander",12,1,0
2020-09-20,Piedmont,"Native American",2,0,0
2020-09-20,"New River","Native American",1,0,0
2020-09-20,"Central Shenandoah","Native American",3,1,0
2020-09-20,"Eastern Shore and Three Rivers","Native American",1,0,0
2020-09-20,Fairfax,"Native American",33,1,1
2020-09-20,Chesapeake,"Native American",11,0,0
2020-09-20,"Western Tidewater","Native American",2,0,0
2020-09-20,Portsmouth,"Native American",4,2,0
2020-09-20,Richmond,"Native American",0,0,0
2020-09-20,Chickahominy,"Native American",6,1,0
2020-09-20,"Thomas Jefferson","Native American",2,0,0
2020-09-20,Arlington,"Native American",5,0,0
2020-09-20,"Virginia Beach","Native American",9,0,0
2020-09-20,Peninsula,"Native American",7,2,1
2020-09-20,Hampton,"Native American",3,0,0
2020-09-20,"West Piedmont","Native American",2,0,0
2020-09-20,"Cumberland Plateau, Lenowisco, and Mount Rogers","Native American",1,0,0
2020-09-20,Henrico,"Native American",10,0,0
2020-09-20,Norfolk,"Native American",9,1,1
2020-09-20,"Prince William","Native American",23,1,1
2020-09-20,"Central Virginia","Native American",3,0,0
2020-09-20,Chesterfield,"Native American",5,0,0
2020-09-20,Rappahannock,"Native American",6,0,0
2020-09-20,Loudoun,"Native American",5,0,0
2020-09-20,Alexandria,"Native American",4,0,0
2020-09-20,"Alleghany and Roanoke","Native American",1,0,0
2020-09-20,Crater,"Native American",5,0,0
2020-09-20,"Rappahannock Rapidan","Native American",1,0,0
2020-09-20,"Lord Fairfax","Native American",2,1,1
2020-09-20,"Pittsylvania-Danville and Southside","Native American",0,0,0
2020-09-21,"Rappahannock Rapidan","Not Reported",679,13,10
2020-09-21,Portsmouth,"Other Race",57,10,5
2020-09-21,"Western Tidewater","Two or more races",38,0,0
2020-09-21,Piedmont,White,523,51,23
2020-09-21,Chesterfield,Latino,1547,96,6
2020-09-21,Lenowisco,White,721,70,15
2020-09-21,Lenowisco,"Two or more races",2,0,0
2020-09-21,Hampton,"Not Reported",638,3,2
2020-09-21,Southside,"Not Reported",547,11,5
2020-09-21,Roanoke,Black,262,20,4
2020-09-21,Hampton,Black,738,44,14
2020-09-21,Alleghany,"Other Race",9,1,0
2020-09-21,Lenowisco,Latino,10,0,0
2020-09-21,Loudoun,"Other Race",201,16,2
2020-09-21,"Central Shenandoah",Latino,1090,56,6
2020-09-21,"Rappahannock Rapidan",Latino,791,62,7
2020-09-21,"Eastern Shore",Black,857,99,29
2020-09-21,Norfolk,Latino,331,23,0
2020-09-21,Hampton,"Two or more races",15,0,0
2020-09-21,Richmond,Black,1566,241,32
2020-09-21,Henrico,"Two or more races",44,1,0
2020-09-21,Fairfax,"Two or more races",95,5,0
2020-09-21,Alleghany,"Not Reported",420,1,0
2020-09-21,Portsmouth,"Not Reported",544,5,0
2020-09-21,"Cumberland Plateau","Other Race",4,1,0
2020-09-21,Southside,"Two or more races",26,0,0
2020-09-21,Portsmouth,White,329,42,8
2020-09-21,"Rappahannock Rapidan","Two or more races",35,3,1
2020-09-21,Fairfax,White,3943,493,309
2020-09-21,Fairfax,"Other Race",804,85,19
2020-09-21,Crater,"Two or more races",9,0,0
2020-09-21,"West Piedmont","Not Reported",397,28,3
2020-09-21,Henrico,"Other Race",154,13,0
2020-09-21,"Three Rivers",White,646,49,19
2020-09-21,"Central Virginia",Black,255,31,8
2020-09-21,Lenowisco,"Other Race",7,0,0
2020-09-21,"Three Rivers","Other Race",15,3,0
2020-09-21,"Western Tidewater",White,842,66,58
2020-09-21,"Mount Rogers",Black,62,8,3
2020-09-21,"Three Rivers","Not Reported",259,4,1
2020-09-21,"Thomas Jefferson",Black,490,68,16
2020-09-21,"Eastern Shore",White,253,26,18
2020-09-21,"Central Virginia",White,914,57,19
2020-09-21,Lenowisco,Black,5,1,1
2020-09-21,"Central Virginia","Two or more races",7,0,0
2020-09-21,Richmond,"Two or more races",40,2,0
2020-09-21,Crater,"Not Reported",740,10,6
2020-09-21,Chesterfield,"Two or more races",28,3,0
2020-09-21,"New River",Latino,162,5,0
2020-09-21,Richmond,Latino,1318,110,8
2020-09-21,Portsmouth,Latino,76,11,1
2020-09-21,Pittsylvania-Danville,"Not Reported",677,9,0
2020-09-21,Chesapeake,"Not Reported",895,7,0
2020-09-21,Chickahominy,Latino,94,4,0
2020-09-21,Crater,Black,1953,195,62
2020-09-21,Chesterfield,Black,1098,113,28
2020-09-21,Chesterfield,"Other Race",171,11,0
2020-09-21,Peninsula,Black,1106,70,21
2020-09-21,Roanoke,White,333,16,14
2020-09-21,"New River",Black,169,5,0
2020-09-21,Southside,Latino,9,0,0
2020-09-21,Peninsula,Latino,334,20,1
2020-09-21,Rappahannock,"Two or more races",41,3,0
2020-09-21,"Virginia Beach",Black,1692,119,19
2020-09-21,"Mount Rogers","Not Reported",136,4,4
2020-09-21,Loudoun,"Not Reported",1953,5,0
2020-09-21,Chesapeake,"Other Race",60,5,1
2020-09-21,Chickahominy,"Two or more races",6,1,0
2020-09-21,Crater,"Other Race",37,0,0
2020-09-21,Norfolk,"Two or more races",52,2,1
2020-09-21,"Eastern Shore","Two or more races",1,1,0
2020-09-21,"Central Shenandoah",White,2917,179,59
2020-09-21,"New River","Other Race",14,0,0
2020-09-21,"New River",White,1776,37,14
2020-09-21,"Central Shenandoah","Other Race",81,2,0
2020-09-21,"West Piedmont",Black,452,84,12
2020-09-21,Alleghany,Latino,157,11,0
2020-09-21,"Central Shenandoah","Not Reported",674,4,1
2020-09-21,Roanoke,"Two or more races",4,2,0
2020-09-21,Peninsula,"Two or more races",52,3,0
2020-09-21,Richmond,"Not Reported",702,1,1
2020-09-21,Arlington,"Other Race",91,10,4
2020-09-21,Norfolk,"Not Reported",969,4,0
2020-09-21,Alexandria,"Other Race",84,8,3
2020-09-21,"Virginia Beach",White,2296,171,49
2020-09-21,Chesapeake,"Two or more races",43,3,1
2020-09-21,Alleghany,White,768,52,23
2020-09-21,"Rappahannock Rapidan","Other Race",36,3,0
2020-09-21,Chickahominy,"Not Reported",399,3,1
2020-09-21,Portsmouth,Black,1478,194,39
2020-09-21,Chickahominy,"Other Race",19,2,0
2020-09-21,"Virginia Beach",Latino,395,23,3
2020-09-21,Chesapeake,White,1258,129,28
2020-09-21,Southside,Black,470,43,18
2020-09-21,Rappahannock,Latino,1323,109,8
2020-09-21,"Three Rivers","Two or more races",7,0,0
2020-09-21,Henrico,Black,1657,200,85
2020-09-21,Pittsylvania-Danville,Black,587,74,17
2020-09-21,"Lord Fairfax","Two or more races",14,0,0
2020-09-21,"Prince William",Latino,6185,627,74
2020-09-21,"Mount Rogers","Other Race",9,2,2
2020-09-21,"Central Shenandoah",Black,212,11,4
2020-09-21,Peninsula,White,942,82,39
2020-09-21,"Eastern Shore","Not Reported",84,0,0
2020-09-21,"Thomas Jefferson","Other Race",154,3,1
2020-09-21,Hampton,"Other Race",53,2,1
2020-09-21,"Lord Fairfax","Not Reported",340,4,6
2020-09-21,"Central Virginia","Other Race",19,0,0
2020-09-21,"Western Tidewater","Other Race",74,1,2
2020-09-21,Crater,Latino,192,9,4
2020-09-21,Chesapeake,Latino,284,25,2
2020-09-21,Chesterfield,White,1435,117,75
2020-09-21,"Western Tidewater","Not Reported",922,7,5
2020-09-21,Fairfax,"Not Reported",2482,45,31
2020-09-21,Arlington,Black,400,83,33
2020-09-21,"Central Virginia",Latino,52,5,1
2020-09-21,Alexandria,"Not Reported",253,7,1
2020-09-21,"Three Rivers",Black,574,48,10
2020-09-21,"Prince William","Two or more races",86,1,0
2020-09-21,Loudoun,"Two or more races",51,2,0
2020-09-21,Peninsula,"Other Race",155,3,0
2020-09-21,"Thomas Jefferson",White,1451,78,46
2020-09-21,Norfolk,"Other Race",81,4,1
2020-09-21,"Prince William","Not Reported",4178,27,0
2020-09-21,"West Piedmont",White,834,113,44
2020-09-21,Rappahannock,Black,832,92,16
2020-09-21,Norfolk,Black,2367,251,44
2020-09-21,Roanoke,Latino,362,19,0
2020-09-21,Piedmont,Latino,75,8,2
2020-09-21,Roanoke,"Not Reported",569,2,3
2020-09-21,"Virginia Beach","Other Race",107,2,0
2020-09-21,Arlington,"Two or more races",39,3,0
2020-09-21,Alexandria,White,725,57,35
2020-09-21,"Lord Fairfax","Other Race",72,6,1
2020-09-21,"Thomas Jefferson","Not Reported",349,1,0
2020-09-21,"Virginia Beach","Not Reported",1833,11,2
2020-09-21,Loudoun,Black,312,31,5
2020-09-21,Pittsylvania-Danville,Latino,68,3,0
2020-09-21,"Cumberland Plateau","Not Reported",28,0,0
2020-09-21,Chesterfield,"Not Reported",1901,5,10
2020-09-21,"Mount Rogers",White,2139,205,88
2020-09-21,Richmond,White,714,43,11
2020-09-21,Lenowisco,"Not Reported",118,3,2
2020-09-21,"Three Rivers",Latino,155,6,1
2020-09-21,Piedmont,"Not Reported",783,10,4
2020-09-21,"Mount Rogers",Latino,283,6,0
2020-09-21,"Central Shenandoah","Two or more races",40,1,0
2020-09-21,Crater,White,774,57,28
2020-09-21,Arlington,White,1137,133,70
2020-09-21,Pittsylvania-Danville,"Other Race",0,0,0
2020-09-21,Chickahominy,Black,347,48,12
2020-09-21,Fairfax,Black,1686,246,66
2020-09-21,"Eastern Shore",Latino,260,11,3
2020-09-21,Norfolk,White,874,60,21
2020-09-21,"Mount Rogers","Two or more races",9,1,0
2020-09-21,Alleghany,"Two or more races",7,0,0
2020-09-21,Southside,White,276,29,19
2020-09-21,"Thomas Jefferson","Two or more races",53,1,0
2020-09-21,"Prince William",Black,1442,177,52
2020-09-21,"Lord Fairfax",White,1702,188,85
2020-09-21,"Cumberland Plateau",Latino,8,0,0
2020-09-21,Arlington,"Not Reported",329,2,1
2020-09-21,Rappahannock,"Other Race",123,4,0
2020-09-21,"Rappahannock Rapidan",Black,224,32,10
2020-09-21,"New River","Two or more races",31,0,0
2020-09-21,Arlington,Latino,1667,239,27
2020-09-21,Henrico,White,1423,131,105
2020-09-21,Loudoun,White,1583,122,90
2020-09-21,Hampton,White,262,10,4
2020-09-21,Alleghany,Black,88,7,2
2020-09-21,"Prince William",White,1704,177,88
2020-09-21,Rappahannock,White,1421,141,45
2020-09-21,Southside,"Other Race",14,1,1
2020-09-21,Portsmouth,"Two or more races",15,5,0
2020-09-21,"Western Tidewater",Black,1629,119,49
2020-09-21,Hampton,Latino,59,4,0
2020-09-21,Henrico,"Not Reported",940,5,4
2020-09-21,"West Piedmont","Two or more races",3,0,0
2020-09-21,Peninsula,"Not Reported",1656,2,0
2020-09-21,Loudoun,Latino,2165,196,15
2020-09-21,Alexandria,Black,762,95,17
2020-09-21,Piedmont,Black,518,58,16
2020-09-21,Roanoke,"Other Race",19,1,1
2020-09-21,Alexandria,"Two or more races",23,2,0
2020-09-21,"Western Tidewater",Latino,34,1,2
2020-09-21,Rappahannock,"Not Reported",1294,24,0
2020-09-21,"West Piedmont","Other Race",6,1,1
2020-09-21,Chickahominy,White,864,98,37
2020-09-21,"Thomas Jefferson",Latino,676,30,3
2020-09-21,"Cumberland Plateau",Black,42,0,0
2020-09-21,"Lord Fairfax",Latino,741,46,9
2020-09-21,"West Piedmont",Latino,258,10,1
2020-09-21,"Cumberland Plateau",White,621,51,9
2020-09-21,"Eastern Shore","Other Race",13,1,0
2020-09-21,"Cumberland Plateau","Two or more races",6,0,0
2020-09-21,Pittsylvania-Danville,"Two or more races",2,0,0
2020-09-21,Piedmont,"Other Race",9,0,0
2020-09-21,Alexandria,Latino,1729,132,11
2020-09-21,Chesapeake,Black,1592,211,31
2020-09-21,Richmond,"Other Race",131,9,3
2020-09-21,Henrico,Latino,865,55,11
2020-09-21,Piedmont,"Two or more races",4,2,0
2020-09-21,"Prince William","Other Race",434,15,1
2020-09-21,"New River","Not Reported",742,6,0
2020-09-21,"Rappahannock Rapidan",White,799,56,19
2020-09-21,"Central Virginia","Not Reported",1742,12,6
2020-09-21,"Virginia Beach","Two or more races",58,4,1
2020-09-21,Pittsylvania-Danville,White,453,48,17
2020-09-21,"Lord Fairfax",Black,141,19,6
2020-09-21,Fairfax,Latino,9738,1013,92
2020-09-21,Chesterfield,"Asian or Pacific Islander",71,3,1
2020-09-21,Crater,"Asian or Pacific Islander",17,0,0
2020-09-21,Fairfax,"Asian or Pacific Islander",1726,265,76
2020-09-21,Hampton,"Asian or Pacific Islander",14,0,0
2020-09-21,"Rappahannock Rapidan","Asian or Pacific Islander",10,1,0
2020-09-21,"Mount Rogers","Asian or Pacific Islander",3,1,0
2020-09-21,"New River","Asian or Pacific Islander",75,0,0
2020-09-21,"Central Virginia","Asian or Pacific Islander",15,1,0
2020-09-21,"Lord Fairfax","Asian or Pacific Islander",14,0,0
2020-09-21,Southside,"Asian or Pacific Islander",1,0,0
2020-09-21,Alleghany,"Asian or Pacific Islander",21,0,0
2020-09-21,Portsmouth,"Asian or Pacific Islander",22,2,0
2020-09-21,Roanoke,"Asian or Pacific Islander",28,2,0
2020-09-21,Richmond,"Asian or Pacific Islander",45,3,1
2020-09-21,"Thomas Jefferson","Asian or Pacific Islander",66,0,1
2020-09-21,"Virginia Beach","Asian or Pacific Islander",266,25,5
2020-09-21,Henrico,"Asian or Pacific Islander",201,11,4
2020-09-21,Piedmont,"Asian or Pacific Islander",9,0,1
2020-09-21,"Western Tidewater","Asian or Pacific Islander",20,2,3
2020-09-21,"West Piedmont","Asian or Pacific Islander",11,1,1
2020-09-21,Chickahominy,"Asian or Pacific Islander",15,1,0
2020-09-21,Peninsula,"Asian or Pacific Islander",43,4,5
2020-09-21,Norfolk,"Asian or Pacific Islander",62,7,0
2020-09-21,Arlington,"Asian or Pacific Islander",183,23,12
2020-09-21,Loudoun,"Asian or Pacific Islander",408,54,11
2020-09-21,Alexandria,"Asian or Pacific Islander",136,11,1
2020-09-21,Rappahannock,"Asian or Pacific Islander",88,10,2
2020-09-21,Chesapeake,"Asian or Pacific Islander",69,9,5
2020-09-21,"Cumberland Plateau and Lenowisco","Asian or Pacific Islander",1,0,0
2020-09-21,"Central Shenandoah","Asian or Pacific Islander",64,2,0
2020-09-21,"Prince William","Asian or Pacific Islander",567,57,15
2020-09-21,Pittsylvania-Danville,"Asian or Pacific Islander",3,0,0
2020-09-21,"Eastern Shore and Three Rivers","Asian or Pacific Islander",12,1,0
2020-09-21,Piedmont,"Native American",2,0,0
2020-09-21,"New River","Native American",1,0,0
2020-09-21,"Central Shenandoah","Native American",3,1,0
2020-09-21,"Eastern Shore and Three Rivers","Native American",1,0,0
2020-09-21,Fairfax,"Native American",33,1,1
2020-09-21,Chesapeake,"Native American",11,0,0
2020-09-21,"Western Tidewater","Native American",2,0,0
2020-09-21,Portsmouth,"Native American",4,2,0
2020-09-21,Richmond,"Native American",0,0,0
2020-09-21,Chickahominy,"Native American",6,1,0
2020-09-21,"Thomas Jefferson","Native American",2,0,0
2020-09-21,Arlington,"Native American",5,0,0
2020-09-21,"Virginia Beach","Native American",9,0,0
2020-09-21,Peninsula,"Native American",7,2,1
2020-09-21,Hampton,"Native American",3,0,0
2020-09-21,"West Piedmont","Native American",2,0,0
2020-09-21,"Cumberland Plateau, Lenowisco, and Mount Rogers","Native American",1,0,0
2020-09-21,Henrico,"Native American",11,0,0
2020-09-21,Norfolk,"Native American",9,1,1
2020-09-21,"Prince William","Native American",23,1,1
2020-09-21,"Central Virginia","Native American",3,0,0
2020-09-21,Chesterfield,"Native American",5,0,0
2020-09-21,Rappahannock,"Native American",6,0,0
2020-09-21,Loudoun,"Native American",5,0,0
2020-09-21,Alexandria,"Native American",4,0,0
2020-09-21,"Alleghany and Roanoke","Native American",1,0,0
2020-09-21,Crater,"Native American",5,0,0
2020-09-21,"Rappahannock Rapidan","Native American",1,0,0
2020-09-21,"Lord Fairfax","Native American",2,1,1
2020-09-21,"Pittsylvania-Danville and Southside","Native American",0,0,0
2020-09-22,"Rappahannock Rapidan","Not Reported",678,13,10
2020-09-22,Portsmouth,"Other Race",57,10,6
2020-09-22,"Western Tidewater","Two or more races",56,0,0
2020-09-22,Piedmont,White,531,52,24
2020-09-22,Chesterfield,Latino,1573,97,6
2020-09-22,Lenowisco,White,725,70,16
2020-09-22,Lenowisco,"Two or more races",2,0,0
2020-09-22,Hampton,"Not Reported",637,3,2
2020-09-22,Southside,"Not Reported",548,11,5
2020-09-22,Roanoke,Black,273,20,4
2020-09-22,Hampton,Black,745,44,14
2020-09-22,Alleghany,"Other Race",9,1,0
2020-09-22,Lenowisco,Latino,10,0,0
2020-09-22,Loudoun,"Other Race",201,16,2
2020-09-22,"Central Shenandoah",Latino,1095,56,6
2020-09-22,"Rappahannock Rapidan",Latino,792,62,7
2020-09-22,"Eastern Shore",Black,857,99,29
2020-09-22,Norfolk,Latino,333,23,0
2020-09-22,Hampton,"Two or more races",15,0,0
2020-09-22,Richmond,Black,1573,243,33
2020-09-22,Henrico,"Two or more races",44,1,0
2020-09-22,Fairfax,"Two or more races",95,5,0
2020-09-22,Alleghany,"Not Reported",418,1,0
2020-09-22,Portsmouth,"Not Reported",536,6,2
2020-09-22,"Cumberland Plateau","Other Race",4,1,0
2020-09-22,Southside,"Two or more races",27,0,0
2020-09-22,Portsmouth,White,330,42,8
2020-09-22,"Rappahannock Rapidan","Two or more races",35,3,1
2020-09-22,Fairfax,White,3983,496,310
2020-09-22,Fairfax,"Other Race",807,86,19
2020-09-22,Crater,"Two or more races",9,0,0
2020-09-22,"West Piedmont","Not Reported",412,28,3
2020-09-22,Henrico,"Other Race",153,13,0
2020-09-22,"Three Rivers",White,639,48,17
2020-09-22,"Central Virginia",Black,262,31,8
2020-09-22,Lenowisco,"Other Race",7,0,0
2020-09-22,"Three Rivers","Other Race",15,3,0
2020-09-22,"Western Tidewater",White,908,66,59
2020-09-22,"Mount Rogers",Black,63,8,3
2020-09-22,"Three Rivers","Not Reported",258,4,1
2020-09-22,"Thomas Jefferson",Black,490,68,16
2020-09-22,"Eastern Shore",White,253,27,18
2020-09-22,"Central Virginia",White,952,59,20
2020-09-22,Lenowisco,Black,5,1,1
2020-09-22,"Central Virginia","Two or more races",7,0,0
2020-09-22,Richmond,"Two or more races",41,2,0
2020-09-22,Crater,"Not Reported",769,10,6
2020-09-22,Chesterfield,"Two or more races",28,3,0
2020-09-22,"New River",Latino,163,5,0
2020-09-22,Richmond,Latino,1322,111,8
2020-09-22,Portsmouth,Latino,76,11,1
2020-09-22,Pittsylvania-Danville,"Not Reported",674,9,0
2020-09-22,Chesapeake,"Not Reported",888,7,0
2020-09-22,Chickahominy,Latino,93,4,0
2020-09-22,Crater,Black,1975,197,63
2020-09-22,Chesterfield,Black,1110,115,29
2020-09-22,Chesterfield,"Other Race",170,11,0
2020-09-22,Peninsula,Black,1122,71,21
2020-09-22,Roanoke,White,340,16,14
2020-09-22,"New River",Black,171,5,0
2020-09-22,Southside,Latino,9,0,0
2020-09-22,Peninsula,Latino,335,20,1
2020-09-22,Rappahannock,"Two or more races",41,3,0
2020-09-22,"Virginia Beach",Black,1696,119,21
2020-09-22,"Mount Rogers","Not Reported",135,4,4
2020-09-22,Loudoun,"Not Reported",1944,5,0
2020-09-22,Chesapeake,"Other Race",60,5,1
2020-09-22,Chickahominy,"Two or more races",6,1,0
2020-09-22,Crater,"Other Race",38,0,0
2020-09-22,Norfolk,"Two or more races",52,2,0
2020-09-22,"Eastern Shore","Two or more races",1,1,0
2020-09-22,"Central Shenandoah",White,2958,181,59
2020-09-22,"New River","Other Race",14,0,0
2020-09-22,"New River",White,1784,37,17
2020-09-22,"Central Shenandoah","Other Race",79,2,0
2020-09-22,"West Piedmont",Black,452,83,12
2020-09-22,Alleghany,Latino,157,11,0
2020-09-22,"Central Shenandoah","Not Reported",676,4,1
2020-09-22,Roanoke,"Two or more races",6,2,0
2020-09-22,Peninsula,"Two or more races",53,3,0
2020-09-22,Richmond,"Not Reported",703,1,1
2020-09-22,Arlington,"Other Race",91,10,4
2020-09-22,Norfolk,"Not Reported",966,4,0
2020-09-22,Alexandria,"Other Race",83,8,3
2020-09-22,"Virginia Beach",White,2310,172,49
2020-09-22,Chesapeake,"Two or more races",44,3,1
2020-09-22,Alleghany,White,772,52,23
2020-09-22,"Rappahannock Rapidan","Other Race",36,3,0
2020-09-22,Chickahominy,"Not Reported",407,3,1
2020-09-22,Portsmouth,Black,1488,196,41
2020-09-22,Chickahominy,"Other Race",19,2,0
2020-09-22,"Virginia Beach",Latino,400,23,3
2020-09-22,Chesapeake,White,1263,130,28
2020-09-22,Southside,Black,470,43,18
2020-09-22,Rappahannock,Latino,1327,109,8
2020-09-22,"Three Rivers","Two or more races",7,0,0
2020-09-22,Henrico,Black,1672,203,86
2020-09-22,Pittsylvania-Danville,Black,590,74,17
2020-09-22,"Lord Fairfax","Two or more races",14,0,0
2020-09-22,"Prince William",Latino,6216,627,74
2020-09-22,"Mount Rogers","Other Race",9,2,2
2020-09-22,"Central Shenandoah",Black,215,11,4
2020-09-22,Peninsula,White,950,82,40
2020-09-22,"Eastern Shore","Not Reported",84,0,0
2020-09-22,"Thomas Jefferson","Other Race",154,3,1
2020-09-22,Hampton,"Other Race",53,2,1
2020-09-22,"Lord Fairfax","Not Reported",346,4,6
2020-09-22,"Central Virginia","Other Race",19,0,0
2020-09-22,"Western Tidewater","Other Race",76,1,2
2020-09-22,Crater,Latino,195,9,4
2020-09-22,Chesapeake,Latino,287,25,2
2020-09-22,Chesterfield,White,1457,119,77
2020-09-22,"Western Tidewater","Not Reported",928,7,5
2020-09-22,Fairfax,"Not Reported",2459,45,31
2020-09-22,Arlington,Black,400,83,33
2020-09-22,"Central Virginia",Latino,54,6,1
2020-09-22,Alexandria,"Not Reported",249,7,1
2020-09-22,"Three Rivers",Black,581,47,10
2020-09-22,"Prince William","Two or more races",87,1,0
2020-09-22,Loudoun,"Two or more races",52,2,0
2020-09-22,Peninsula,"Other Race",154,3,1
2020-09-22,"Thomas Jefferson",White,1466,78,48
2020-09-22,Norfolk,"Other Race",83,4,2
2020-09-22,"Prince William","Not Reported",4168,27,0
2020-09-22,"West Piedmont",White,846,114,44
2020-09-22,Rappahannock,Black,844,92,16
2020-09-22,Norfolk,Black,2377,251,48
2020-09-22,Roanoke,Latino,366,19,0
2020-09-22,Piedmont,Latino,74,8,2
2020-09-22,Roanoke,"Not Reported",575,2,3
2020-09-22,"Virginia Beach","Other Race",106,2,0
2020-09-22,Arlington,"Two or more races",39,3,0
2020-09-22,Alexandria,White,727,57,35
2020-09-22,"Lord Fairfax","Other Race",73,6,1
2020-09-22,"Thomas Jefferson","Not Reported",343,1,0
2020-09-22,"Virginia Beach","Not Reported",1826,12,2
2020-09-22,Loudoun,Black,312,31,5
2020-09-22,Pittsylvania-Danville,Latino,68,3,0
2020-09-22,"Cumberland Plateau","Not Reported",33,0,0
2020-09-22,Chesterfield,"Not Reported",1880,5,10
2020-09-22,"Mount Rogers",White,2156,210,90
2020-09-22,Richmond,White,725,44,12
2020-09-22,Lenowisco,"Not Reported",118,3,2
2020-09-22,"Three Rivers",Latino,154,5,1
2020-09-22,Piedmont,"Not Reported",786,10,4
2020-09-22,"Mount Rogers",Latino,286,6,0
2020-09-22,"Central Shenandoah","Two or more races",40,1,0
2020-09-22,Crater,White,785,57,29
2020-09-22,Arlington,White,1135,133,71
2020-09-22,Pittsylvania-Danville,"Other Race",1,0,0
2020-09-22,Chickahominy,Black,347,48,12
2020-09-22,Fairfax,Black,1690,247,66
2020-09-22,"Eastern Shore",Latino,260,11,3
2020-09-22,Norfolk,White,882,60,21
2020-09-22,"Mount Rogers","Two or more races",9,1,0
2020-09-22,Alleghany,"Two or more races",7,0,0
2020-09-22,Southside,White,279,29,19
2020-09-22,"Thomas Jefferson","Two or more races",55,1,0
2020-09-22,"Prince William",Black,1463,177,53
2020-09-22,"Lord Fairfax",White,1708,188,86
2020-09-22,"Cumberland Plateau",Latino,8,0,0
2020-09-22,Arlington,"Not Reported",331,2,1
2020-09-22,Rappahannock,"Other Race",126,4,0
2020-09-22,"Rappahannock Rapidan",Black,225,32,10
2020-09-22,"New River","Two or more races",31,0,0
2020-09-22,Arlington,Latino,1671,240,27
2020-09-22,Henrico,White,1433,132,105
2020-09-22,Loudoun,White,1594,122,90
2020-09-22,Hampton,White,262,10,4
2020-09-22,Alleghany,Black,87,7,2
2020-09-22,"Prince William",White,1714,177,89
2020-09-22,Rappahannock,White,1431,142,47
2020-09-22,Southside,"Other Race",14,1,1
2020-09-22,Portsmouth,"Two or more races",16,5,0
2020-09-22,"Western Tidewater",Black,1704,119,49
2020-09-22,Hampton,Latino,60,4,0
2020-09-22,Henrico,"Not Reported",933,5,4
2020-09-22,"West Piedmont","Two or more races",3,0,0
2020-09-22,Peninsula,"Not Reported",1645,2,0
2020-09-22,Loudoun,Latino,2178,197,15
2020-09-22,Alexandria,Black,769,96,17
2020-09-22,Piedmont,Black,525,59,16
2020-09-22,Roanoke,"Other Race",21,2,1
2020-09-22,Alexandria,"Two or more races",23,2,0
2020-09-22,"Western Tidewater",Latino,35,1,2
2020-09-22,Rappahannock,"Not Reported",1300,24,0
2020-09-22,"West Piedmont","Other Race",6,1,1
2020-09-22,Chickahominy,White,872,99,37
2020-09-22,"Thomas Jefferson",Latino,678,30,3
2020-09-22,"Cumberland Plateau",Black,42,0,0
2020-09-22,"Lord Fairfax",Latino,741,46,9
2020-09-22,"West Piedmont",Latino,259,10,1
2020-09-22,"Cumberland Plateau",White,622,52,10
2020-09-22,"Eastern Shore","Other Race",13,1,0
2020-09-22,"Cumberland Plateau","Two or more races",6,0,0
2020-09-22,Pittsylvania-Danville,"Two or more races",2,0,0
2020-09-22,Piedmont,"Other Race",9,0,0
2020-09-22,Alexandria,Latino,1735,133,11
2020-09-22,Chesapeake,Black,1598,213,32
2020-09-22,Richmond,"Other Race",131,9,3
2020-09-22,Henrico,Latino,867,55,11
2020-09-22,Piedmont,"Two or more races",4,2,0
2020-09-22,"Prince William","Other Race",444,16,1
2020-09-22,"New River","Not Reported",745,8,0
2020-09-22,"Rappahannock Rapidan",White,805,56,19
2020-09-22,"Central Virginia","Not Reported",1729,12,5
2020-09-22,"Virginia Beach","Two or more races",57,4,1
2020-09-22,Pittsylvania-Danville,White,464,49,17
2020-09-22,"Lord Fairfax",Black,142,19,6
2020-09-22,Fairfax,Latino,9773,1022,93
2020-09-22,Chesterfield,"Asian or Pacific Islander",73,3,1
2020-09-22,Crater,"Asian or Pacific Islander",17,0,0
2020-09-22,Fairfax,"Asian or Pacific Islander",1736,266,76
2020-09-22,Hampton,"Asian or Pacific Islander",14,0,0
2020-09-22,"Rappahannock Rapidan","Asian or Pacific Islander",10,1,0
2020-09-22,"Mount Rogers","Asian or Pacific Islander",3,1,0
2020-09-22,"New River","Asian or Pacific Islander",77,0,0
2020-09-22,"Central Virginia","Asian or Pacific Islander",15,1,0
2020-09-22,"Lord Fairfax","Asian or Pacific Islander",14,0,0
2020-09-22,Southside,"Asian or Pacific Islander",1,0,0
2020-09-22,Alleghany,"Asian or Pacific Islander",21,0,0
2020-09-22,Portsmouth,"Asian or Pacific Islander",22,2,0
2020-09-22,Roanoke,"Asian or Pacific Islander",28,2,0
2020-09-22,Richmond,"Asian or Pacific Islander",45,3,1
2020-09-22,"Thomas Jefferson","Asian or Pacific Islander",68,0,1
2020-09-22,"Virginia Beach","Asian or Pacific Islander",270,25,5
2020-09-22,Henrico,"Asian or Pacific Islander",202,11,4
2020-09-22,Piedmont,"Asian or Pacific Islander",9,0,1
2020-09-22,"Western Tidewater","Asian or Pacific Islander",20,2,3
2020-09-22,"West Piedmont","Asian or Pacific Islander",11,1,1
2020-09-22,Chickahominy,"Asian or Pacific Islander",15,1,0
2020-09-22,Peninsula,"Asian or Pacific Islander",43,4,5
2020-09-22,Norfolk,"Asian or Pacific Islander",62,7,0
2020-09-22,Arlington,"Asian or Pacific Islander",183,23,12
2020-09-22,Loudoun,"Asian or Pacific Islander",412,55,11
2020-09-22,Alexandria,"Asian or Pacific Islander",137,11,1
2020-09-22,Rappahannock,"Asian or Pacific Islander",88,10,2
2020-09-22,Chesapeake,"Asian or Pacific Islander",69,9,5
2020-09-22,"Cumberland Plateau and Lenowisco","Asian or Pacific Islander",1,0,0
2020-09-22,"Central Shenandoah","Asian or Pacific Islander",64,2,0
2020-09-22,"Prince William","Asian or Pacific Islander",576,57,15
2020-09-22,Pittsylvania-Danville,"Asian or Pacific Islander",3,0,0
2020-09-22,"Eastern Shore and Three Rivers","Asian or Pacific Islander",12,1,0
2020-09-22,Piedmont,"Native American",2,0,0
2020-09-22,"New River","Native American",1,0,0
2020-09-22,"Central Shenandoah","Native American",3,1,0
2020-09-22,"Eastern Shore and Three Rivers","Native American",1,0,0
2020-09-22,Fairfax,"Native American",33,1,1
2020-09-22,Chesapeake,"Native American",11,0,0
2020-09-22,"Western Tidewater","Native American",2,0,0
2020-09-22,Portsmouth,"Native American",4,2,0
2020-09-22,Richmond,"Native American",0,0,0
2020-09-22,Chickahominy,"Native American",6,1,0
2020-09-22,"Thomas Jefferson","Native American",2,0,0
2020-09-22,Arlington,"Native American",5,0,0
2020-09-22,"Virginia Beach","Native American",9,0,0
2020-09-22,Peninsula,"Native American",7,2,1
2020-09-22,Hampton,"Native American",3,0,0
2020-09-22,"West Piedmont","Native American",2,0,0
2020-09-22,"Cumberland Plateau, Lenowisco, and Mount Rogers","Native American",1,0,0
2020-09-22,Henrico,"Native American",11,0,0
2020-09-22,Norfolk,"Native American",9,1,1
2020-09-22,"Prince William","Native American",23,1,1
2020-09-22,"Central Virginia","Native American",3,0,0
2020-09-22,Chesterfield,"Native American",5,0,0
2020-09-22,Rappahannock,"Native American",6,0,0
2020-09-22,Loudoun,"Native American",5,0,0
2020-09-22,Alexandria,"Native American",4,0,0
2020-09-22,"Alleghany and Roanoke","Native American",1,0,0
2020-09-22,Crater,"Native American",5,0,0
2020-09-22,"Rappahannock Rapidan","Native American",1,0,0
2020-09-22,"Lord Fairfax","Native American",2,1,1
2020-09-22,"Pittsylvania-Danville and Southside","Native American",0,0,0
2020-09-23,"Rappahannock Rapidan","Not Reported",678,13,10
2020-09-23,Portsmouth,"Other Race",56,9,5
2020-09-23,"Western Tidewater","Two or more races",58,0,0
2020-09-23,Piedmont,White,534,52,25
2020-09-23,Chesterfield,Latino,1628,98,6
2020-09-23,Lenowisco,White,725,71,16
2020-09-23,Lenowisco,"Two or more races",2,0,0
2020-09-23,Hampton,"Not Reported",636,3,2
2020-09-23,Southside,"Not Reported",549,11,5
2020-09-23,Roanoke,Black,282,20,5
2020-09-23,Hampton,Black,750,44,16
2020-09-23,Alleghany,"Other Race",9,1,0
2020-09-23,Lenowisco,Latino,10,0,0
2020-09-23,Loudoun,"Other Race",203,16,2
2020-09-23,"Central Shenandoah",Latino,1102,57,6
2020-09-23,"Rappahannock Rapidan",Latino,792,62,7
2020-09-23,"Eastern Shore",Black,857,99,29
2020-09-23,Norfolk,Latino,336,23,0
2020-09-23,Hampton,"Two or more races",15,0,0
2020-09-23,Richmond,Black,1578,242,33
2020-09-23,Henrico,"Two or more races",45,1,0
2020-09-23,Fairfax,"Two or more races",95,5,0
2020-09-23,Alleghany,"Not Reported",425,1,0
2020-09-23,Portsmouth,"Not Reported",533,5,1
2020-09-23,"Cumberland Plateau","Other Race",4,1,0
2020-09-23,Southside,"Two or more races",27,0,0
2020-09-23,Portsmouth,White,334,43,9
2020-09-23,"Rappahannock Rapidan","Two or more races",35,3,1
2020-09-23,Fairfax,White,4008,499,311
2020-09-23,Fairfax,"Other Race",807,86,19
2020-09-23,Crater,"Two or more races",9,0,0
2020-09-23,"West Piedmont","Not Reported",409,28,3
2020-09-23,Henrico,"Other Race",154,13,0
2020-09-23,"Three Rivers",White,646,48,18
2020-09-23,"Central Virginia",Black,273,32,8
2020-09-23,Lenowisco,"Other Race",7,0,0
2020-09-23,"Three Rivers","Other Race",15,3,0
2020-09-23,"Western Tidewater",White,927,67,60
2020-09-23,"Mount Rogers",Black,63,8,3
2020-09-23,"Three Rivers","Not Reported",258,4,1
2020-09-23,"Thomas Jefferson",Black,491,68,16
2020-09-23,"Eastern Shore",White,254,27,18
2020-09-23,"Central Virginia",White,984,61,20
2020-09-23,Lenowisco,Black,6,1,1
2020-09-23,"Central Virginia","Two or more races",9,0,0
2020-09-23,Richmond,"Two or more races",42,2,0
2020-09-23,Crater,"Not Reported",773,10,6
2020-09-23,Chesterfield,"Two or more races",29,4,0
2020-09-23,"New River",Latino,163,5,0
2020-09-23,Richmond,Latino,1323,111,8
2020-09-23,Portsmouth,Latino,76,11,1
2020-09-23,Pittsylvania-Danville,"Not Reported",678,9,0
2020-09-23,Chesapeake,"Not Reported",885,7,0
2020-09-23,Chickahominy,Latino,94,4,0
2020-09-23,Crater,Black,1986,198,63
2020-09-23,Chesterfield,Black,1125,117,30
2020-09-23,Chesterfield,"Other Race",164,10,0
2020-09-23,Peninsula,Black,1129,73,24
2020-09-23,Roanoke,White,337,16,14
2020-09-23,"New River",Black,173,5,0
2020-09-23,Southside,Latino,9,0,0
2020-09-23,Peninsula,Latino,339,20,1
2020-09-23,Rappahannock,"Two or more races",41,3,0
2020-09-23,"Virginia Beach",Black,1706,121,22
2020-09-23,"Mount Rogers","Not Reported",135,4,4
2020-09-23,Loudoun,"Not Reported",1948,5,0
2020-09-23,Chesapeake,"Other Race",61,5,1
2020-09-23,Chickahominy,"Two or more races",6,1,0
2020-09-23,Crater,"Other Race",40,0,0
2020-09-23,Norfolk,"Two or more races",52,2,0
2020-09-23,"Eastern Shore","Two or more races",1,1,0
2020-09-23,"Central Shenandoah",White,2984,183,58
2020-09-23,"New River","Other Race",14,0,0
2020-09-23,"New River",White,1793,37,18
2020-09-23,"Central Shenandoah","Other Race",79,2,0
2020-09-23,"West Piedmont",Black,455,83,12
2020-09-23,Alleghany,Latino,159,11,0
2020-09-23,"Central Shenandoah","Not Reported",670,4,1
2020-09-23,Roanoke,"Two or more races",7,2,0
2020-09-23,Peninsula,"Two or more races",54,3,0
2020-09-23,Richmond,"Not Reported",704,1,1
2020-09-23,Arlington,"Other Race",92,10,4
2020-09-23,Norfolk,"Not Reported",954,4,0
2020-09-23,Alexandria,"Other Race",82,8,3
2020-09-23,"Virginia Beach",White,2322,173,50
2020-09-23,Chesapeake,"Two or more races",46,3,1
2020-09-23,Alleghany,White,785,52,23
2020-09-23,"Rappahannock Rapidan","Other Race",36,3,0
2020-09-23,Chickahominy,"Not Reported",410,3,1
2020-09-23,Portsmouth,Black,1492,197,42
2020-09-23,Chickahominy,"Other Race",19,2,0
2020-09-23,"Virginia Beach",Latino,405,24,3
2020-09-23,Chesapeake,White,1278,131,29
2020-09-23,Southside,Black,471,43,18
2020-09-23,Rappahannock,Latino,1328,109,8
2020-09-23,"Three Rivers","Two or more races",7,0,0
2020-09-23,Henrico,Black,1674,204,86
2020-09-23,Pittsylvania-Danville,Black,593,74,17
2020-09-23,"Lord Fairfax","Two or more races",14,0,0
2020-09-23,"Prince William",Latino,6231,628,74
2020-09-23,"Mount Rogers","Other Race",9,2,2
2020-09-23,"Central Shenandoah",Black,217,11,4
2020-09-23,Peninsula,White,961,83,42
2020-09-23,"Eastern Shore","Not Reported",85,0,0
2020-09-23,"Thomas Jefferson","Other Race",154,3,1
2020-09-23,Hampton,"Other Race",53,2,1
2020-09-23,"Lord Fairfax","Not Reported",345,5,6
2020-09-23,"Central Virginia","Other Race",19,0,0
2020-09-23,"Western Tidewater","Other Race",77,1,2
2020-09-23,Crater,Latino,196,9,4
2020-09-23,Chesapeake,Latino,288,25,2
2020-09-23,Chesterfield,White,1476,119,77
2020-09-23,"Western Tidewater","Not Reported",928,7,5
2020-09-23,Fairfax,"Not Reported",2466,45,30
2020-09-23,Arlington,Black,400,83,33
2020-09-23,"Central Virginia",Latino,58,6,2
2020-09-23,Alexandria,"Not Reported",250,7,1
2020-09-23,"Three Rivers",Black,585,48,10
2020-09-23,"Prince William","Two or more races",89,1,0
2020-09-23,Loudoun,"Two or more races",53,2,0
2020-09-23,Peninsula,"Other Race",155,3,1
2020-09-23,"Thomas Jefferson",White,1482,79,48
2020-09-23,Norfolk,"Other Race",81,4,2
2020-09-23,"Prince William","Not Reported",4168,27,0
2020-09-23,"West Piedmont",White,854,115,44
2020-09-23,Rappahannock,Black,847,92,16
2020-09-23,Norfolk,Black,2385,254,50
2020-09-23,Roanoke,Latino,368,19,0
2020-09-23,Piedmont,Latino,74,8,2
2020-09-23,Roanoke,"Not Reported",576,2,3
2020-09-23,"Virginia Beach","Other Race",106,2,0
2020-09-23,Arlington,"Two or more races",39,3,0
2020-09-23,Alexandria,White,729,57,35
2020-09-23,"Lord Fairfax","Other Race",73,6,1
2020-09-23,"Thomas Jefferson","Not Reported",343,1,0
2020-09-23,"Virginia Beach","Not Reported",1813,12,2
2020-09-23,Loudoun,Black,313,31,5
2020-09-23,Pittsylvania-Danville,Latino,68,3,0
2020-09-23,"Cumberland Plateau","Not Reported",40,0,0
2020-09-23,Chesterfield,"Not Reported",1812,5,10
2020-09-23,"Mount Rogers",White,2165,212,90
2020-09-23,Richmond,White,728,44,14
2020-09-23,Lenowisco,"Not Reported",118,3,2
2020-09-23,"Three Rivers",Latino,155,5,1
2020-09-23,Piedmont,"Not Reported",786,10,4
2020-09-23,"Mount Rogers",Latino,287,6,0
2020-09-23,"Central Shenandoah","Two or more races",41,1,0
2020-09-23,Crater,White,790,57,29
2020-09-23,Arlington,White,1142,135,71
2020-09-23,Pittsylvania-Danville,"Other Race",1,0,0
2020-09-23,Chickahominy,Black,350,48,12
2020-09-23,Fairfax,Black,1699,247,66
2020-09-23,"Eastern Shore",Latino,260,11,3
2020-09-23,Norfolk,White,886,60,22
2020-09-23,"Mount Rogers","Two or more races",9,1,0
2020-09-23,Alleghany,"Two or more races",7,0,0
2020-09-23,Southside,White,279,29,19
2020-09-23,"Thomas Jefferson","Two or more races",54,1,0
2020-09-23,"Prince William",Black,1468,177,53
2020-09-23,"Lord Fairfax",White,1715,188,87
2020-09-23,"Cumberland Plateau",Latino,10,0,0
2020-09-23,Arlington,"Not Reported",336,2,1
2020-09-23,Rappahannock,"Other Race",126,4,0
2020-09-23,"Rappahannock Rapidan",Black,226,33,10
2020-09-23,"New River","Two or more races",31,0,0
2020-09-23,Arlington,Latino,1674,241,27
2020-09-23,Alleghany,Black,91,7,2
2020-09-23,"Prince William",White,1720,177,89
2020-09-23,Rappahannock,White,1440,143,48
2020-09-23,Southside,"Other Race",14,1,1
2020-09-23,Portsmouth,"Two or more races",17,5,0
2020-09-23,"Western Tidewater",Black,1718,119,49
2020-09-23,Hampton,Latino,60,4,0
2020-09-23,Henrico,"Not Reported",930,5,4
2020-09-23,"West Piedmont","Two or more races",3,0,0
2020-09-23,Peninsula,"Not Reported",1639,2,0
2020-09-23,Loudoun,Latino,2185,197,15
2020-09-23,Alexandria,Black,777,96,17
2020-09-23,Piedmont,Black,525,59,16
2020-09-23,Roanoke,"Other Race",22,2,1
2020-09-23,Alexandria,"Two or more races",23,2,0
2020-09-23,"Western Tidewater",Latino,36,1,2
2020-09-23,Rappahannock,"Not Reported",1302,24,0
2020-09-23,"West Piedmont","Other Race",6,1,1
2020-09-23,Chickahominy,White,874,99,37
2020-09-23,"Thomas Jefferson",Latino,678,30,3
2020-09-23,"Cumberland Plateau",Black,45,0,0
2020-09-23,"Lord Fairfax",Latino,742,46,9
2020-09-23,"West Piedmont",Latino,259,10,1
2020-09-23,"Cumberland Plateau",White,641,52,10
2020-09-23,"Eastern Shore","Other Race",13,1,0
2020-09-23,"Cumberland Plateau","Two or more races",6,0,0
2020-09-23,Pittsylvania-Danville,"Two or more races",2,0,0
2020-09-23,Piedmont,"Other Race",9,0,0
2020-09-23,Alexandria,Latino,1739,133,11
2020-09-23,Chesapeake,Black,1603,213,32
2020-09-23,Richmond,"Other Race",131,9,3
2020-09-23,Henrico,Latino,868,55,11
2020-09-23,Piedmont,"Two or more races",4,2,0
2020-09-23,"Prince William","Other Race",444,16,1
2020-09-23,"New River","Not Reported",758,8,0
2020-09-23,"Rappahannock Rapidan",White,807,57,22
2020-09-23,"Central Virginia","Not Reported",1704,12,5
2020-09-23,"Virginia Beach","Two or more races",58,3,1
2020-09-23,Pittsylvania-Danville,White,467,50,18
2020-09-23,"Lord Fairfax",Black,143,19,6
2020-09-23,Fairfax,Latino,9794,1022,93
2020-09-23,Chesterfield,"Asian or Pacific Islander",79,4,1
2020-09-23,Crater,"Asian or Pacific Islander",18,0,0
2020-09-23,Fairfax,"Asian or Pacific Islander",1738,267,76
2020-09-23,Hampton,"Asian or Pacific Islander",14,0,0
2020-09-23,"Rappahannock Rapidan","Asian or Pacific Islander",10,1,0
2020-09-23,"Mount Rogers","Asian or Pacific Islander",3,1,0
2020-09-23,"New River","Asian or Pacific Islander",77,0,0
2020-09-23,"Central Virginia","Asian or Pacific Islander",15,1,0
2020-09-23,"Lord Fairfax","Asian or Pacific Islander",14,0,0
2020-09-23,Southside,"Asian or Pacific Islander",1,0,0
2020-09-23,Alleghany,"Asian or Pacific Islander",21,0,0
2020-09-23,Portsmouth,"Asian or Pacific Islander",22,2,0
2020-09-23,Roanoke,"Asian or Pacific Islander",28,2,0
2020-09-23,Richmond,"Asian or Pacific Islander",45,3,1
2020-09-23,"Thomas Jefferson","Asian or Pacific Islander",68,0,1
2020-09-23,"Virginia Beach","Asian or Pacific Islander",270,25,5
2020-09-23,Henrico,"Asian or Pacific Islander",203,11,4
2020-09-23,Piedmont,"Asian or Pacific Islander",9,0,1
2020-09-23,"Western Tidewater","Asian or Pacific Islander",20,2,3
2020-09-23,"West Piedmont","Asian or Pacific Islander",11,1,1
2020-09-23,Chickahominy,"Asian or Pacific Islander",15,1,0
2020-09-23,Peninsula,"Asian or Pacific Islander",43,4,5
2020-09-23,Norfolk,"Asian or Pacific Islander",62,7,0
2020-09-23,Arlington,"Asian or Pacific Islander",189,23,12
2020-09-23,Loudoun,"Asian or Pacific Islander",411,55,11
2020-09-23,Alexandria,"Asian or Pacific Islander",137,11,1
2020-09-23,Rappahannock,"Asian or Pacific Islander",88,10,2
2020-09-23,Chesapeake,"Asian or Pacific Islander",69,9,5
2020-09-23,"Cumberland Plateau and Lenowisco","Asian or Pacific Islander",1,0,0
2020-09-23,"Central Shenandoah","Asian or Pacific Islander",65,2,0
2020-09-23,"Prince William","Asian or Pacific Islander",583,57,15
2020-09-23,Pittsylvania-Danville,"Asian or Pacific Islander",3,0,0
2020-09-23,"Eastern Shore and Three Rivers","Asian or Pacific Islander",12,1,0
2020-09-23,Piedmont,"Native American",2,0,0
2020-09-23,"New River","Native American",1,0,0
2020-09-23,"Central Shenandoah","Native American",3,1,0
2020-09-23,"Eastern Shore and Three Rivers","Native American",1,0,0
2020-09-23,Fairfax,"Native American",33,1,1
2020-09-23,Chesapeake,"Native American",11,0,0
2020-09-23,"Western Tidewater","Native American",2,0,0
2020-09-23,Portsmouth,"Native American",4,2,0
2020-09-23,Richmond,"Native American",0,0,0
2020-09-23,Chickahominy,"Native American",6,1,0
2020-09-23,"Thomas Jefferson","Native American",2,0,0
2020-09-23,Arlington,"Native American",5,0,0
2020-09-23,"Virginia Beach","Native American",9,0,0
2020-09-23,Peninsula,"Native American",7,2,1
2020-09-23,Hampton,"Native American",4,0,1
2020-09-23,"West Piedmont","Native American",2,0,0
2020-09-23,"Cumberland Plateau, Lenowisco, and Mount Rogers","Native American",2,0,0
2020-09-23,Henrico,"Native American",11,0,0
2020-09-23,Norfolk,"Native American",9,1,1
2020-09-23,"Prince William","Native American",23,1,1
2020-09-23,"Central Virginia","Native American",3,0,0
2020-09-23,Chesterfield,"Native American",7,1,0
2020-09-23,Rappahannock,"Native American",6,0,0
2020-09-23,Loudoun,"Native American",5,0,0
2020-09-23,Alexandria,"Native American",4,0,0
2020-09-23,"Alleghany and Roanoke","Native American",1,0,0
2020-09-23,Crater,"Native American",5,0,0
2020-09-23,"Rappahannock Rapidan","Native American",1,0,0
2020-09-23,"Lord Fairfax","Native American",2,1,1
2020-09-23,"Pittsylvania-Danville and Southside","Native American",0,0,0
2020-09-24,"Rappahannock Rapidan","Not Reported",669,12,10
2020-09-24,Portsmouth,"Other Race",56,9,5
2020-09-24,"Western Tidewater","Two or more races",58,0,0
2020-09-24,Piedmont,White,538,52,25
2020-09-24,Chesterfield,Latino,1650,99,6
2020-09-24,Lenowisco,White,731,71,16
2020-09-24,Lenowisco,"Two or more races",2,0,0
2020-09-24,Hampton,"Not Reported",640,3,2
2020-09-24,Southside,"Not Reported",569,11,5
2020-09-24,Roanoke,Black,290,22,5
2020-09-24,Hampton,Black,754,44,16
2020-09-24,Alleghany,"Other Race",9,1,0
2020-09-24,Lenowisco,Latino,10,0,0
2020-09-24,Loudoun,"Other Race",201,16,2
2020-09-24,"Central Shenandoah",Latino,1106,57,6
2020-09-24,"Rappahannock Rapidan",Latino,797,62,7
2020-09-24,"Eastern Shore",Black,857,99,29
2020-09-24,Norfolk,Latino,337,23,0
2020-09-24,Hampton,"Two or more races",15,0,0
2020-09-24,Richmond,Black,1587,246,33
2020-09-24,Henrico,"Two or more races",46,1,0
2020-09-24,Fairfax,"Two or more races",95,5,0
2020-09-24,Alleghany,"Not Reported",431,1,0
2020-09-24,Portsmouth,"Not Reported",533,5,1
2020-09-24,"Cumberland Plateau","Other Race",4,1,0
2020-09-24,Southside,"Two or more races",27,0,0
2020-09-24,Portsmouth,White,334,43,9
2020-09-24,"Rappahannock Rapidan","Two or more races",36,3,1
2020-09-24,Fairfax,White,4027,502,311
2020-09-24,Fairfax,"Other Race",810,86,19
2020-09-24,Crater,"Two or more races",10,0,0
2020-09-24,"West Piedmont","Not Reported",413,28,3
2020-09-24,Henrico,"Other Race",155,13,0
2020-09-24,"Three Rivers",White,655,48,18
2020-09-24,"Central Virginia",Black,279,32,8
2020-09-24,Lenowisco,"Other Race",7,0,0
2020-09-24,"Three Rivers","Other Race",15,3,0
2020-09-24,"Western Tidewater",White,935,67,60
2020-09-24,"Mount Rogers",Black,63,8,3
2020-09-24,"Three Rivers","Not Reported",259,4,1
2020-09-24,"Thomas Jefferson",Black,493,68,16
2020-09-24,"Eastern Shore",White,254,27,18
2020-09-24,"Central Virginia",White,1016,62,20
2020-09-24,Lenowisco,Black,6,1,1
2020-09-24,"Central Virginia","Two or more races",9,0,0
2020-09-24,Richmond,"Two or more races",42,2,0
2020-09-24,Crater,"Not Reported",823,10,6
2020-09-24,Chesterfield,"Two or more races",30,4,0
2020-09-24,"New River",Latino,167,5,0
2020-09-24,Richmond,Latino,1327,111,8
2020-09-24,Portsmouth,Latino,76,11,1
2020-09-24,Pittsylvania-Danville,"Not Reported",689,9,0
2020-09-24,Chesapeake,"Not Reported",886,7,0
2020-09-24,Chickahominy,Latino,94,4,0
2020-09-24,Crater,Black,1998,198,63
2020-09-24,Chesterfield,Black,1131,118,30
2020-09-24,Chesterfield,"Other Race",159,11,0
2020-09-24,Peninsula,Black,1130,73,24
2020-09-24,Roanoke,White,339,16,14
2020-09-24,"New River",Black,176,5,0
2020-09-24,Southside,Latino,9,0,0
2020-09-24,Peninsula,Latino,339,20,1
2020-09-24,Rappahannock,"Two or more races",41,3,0
2020-09-24,"Virginia Beach",Black,1713,123,22
2020-09-24,"Mount Rogers","Not Reported",133,4,5
2020-09-24,Loudoun,"Not Reported",1950,5,0
2020-09-24,Chesapeake,"Other Race",61,5,1
2020-09-24,Chickahominy,"Two or more races",6,1,0
2020-09-24,Crater,"Other Race",42,0,0
2020-09-24,Norfolk,"Two or more races",52,2,0
2020-09-24,"Eastern Shore","Two or more races",1,1,0
2020-09-24,"Central Shenandoah",White,3019,184,58
2020-09-24,"New River","Other Race",14,0,0
2020-09-24,"New River",White,1828,38,19
2020-09-24,"Central Shenandoah","Other Race",80,2,0
2020-09-24,"West Piedmont",Black,458,83,12
2020-09-24,Alleghany,Latino,164,11,0
2020-09-24,"Central Shenandoah","Not Reported",686,4,1
2020-09-24,Roanoke,"Two or more races",7,2,0
2020-09-24,Peninsula,"Two or more races",54,3,0
2020-09-24,Richmond,"Not Reported",706,1,1
2020-09-24,Arlington,"Other Race",92,10,4
2020-09-24,Norfolk,"Not Reported",957,4,0
2020-09-24,Alexandria,"Other Race",82,8,3
2020-09-24,"Virginia Beach",White,2347,174,52
2020-09-24,Chesapeake,"Two or more races",45,3,1
2020-09-24,Alleghany,White,792,54,23
2020-09-24,"Rappahannock Rapidan","Other Race",37,3,0
2020-09-24,Chickahominy,"Not Reported",411,3,1
2020-09-24,Portsmouth,Black,1496,197,42
2020-09-24,Chickahominy,"Other Race",19,2,0
2020-09-24,"Virginia Beach",Latino,409,25,4
2020-09-24,Chesapeake,White,1289,131,29
2020-09-24,Southside,Black,477,43,19
2020-09-24,Rappahannock,Latino,1334,109,8
2020-09-24,"Three Rivers","Two or more races",7,0,0
2020-09-24,Henrico,Black,1691,204,86
2020-09-24,Pittsylvania-Danville,Black,595,74,17
2020-09-24,"Lord Fairfax","Two or more races",14,0,0
2020-09-24,"Prince William",Latino,6251,628,74
2020-09-24,"Mount Rogers","Other Race",9,2,2
2020-09-24,"Central Shenandoah",Black,217,11,4
2020-09-24,Peninsula,White,968,83,42
2020-09-24,"Eastern Shore","Not Reported",85,0,0
2020-09-24,"Thomas Jefferson","Other Race",155,3,1
2020-09-24,Hampton,"Other Race",53,2,1
2020-09-24,"Lord Fairfax","Not Reported",346,5,6
2020-09-24,"Central Virginia","Other Race",19,0,0
2020-09-24,"Western Tidewater","Other Race",78,1,2
2020-09-24,Crater,Latino,197,9,4
2020-09-24,Chesapeake,Latino,289,25,2
2020-09-24,Chesterfield,White,1498,120,77
2020-09-24,"Western Tidewater","Not Reported",937,7,5
2020-09-24,Fairfax,"Not Reported",2472,45,30
2020-09-24,Arlington,Black,402,84,33
2020-09-24,"Central Virginia",Latino,58,6,2
2020-09-24,Alexandria,"Not Reported",252,7,1
2020-09-24,"Three Rivers",Black,591,48,10
2020-09-24,"Prince William","Two or more races",90,1,0
2020-09-24,Loudoun,"Two or more races",53,2,0
2020-09-24,Peninsula,"Other Race",157,3,1
2020-09-24,"Thomas Jefferson",White,1508,79,48
2020-09-24,Norfolk,"Other Race",81,4,2
2020-09-24,"Prince William","Not Reported",4167,27,0
2020-09-24,"West Piedmont",White,864,115,45
2020-09-24,Rappahannock,Black,855,94,16
2020-09-24,Norfolk,Black,2391,255,53
2020-09-24,Roanoke,Latino,368,19,0
2020-09-24,Piedmont,Latino,74,8,2
2020-09-24,Roanoke,"Not Reported",585,2,3
2020-09-24,"Virginia Beach","Other Race",105,2,0
2020-09-24,Arlington,"Two or more races",39,3,0
2020-09-24,Alexandria,White,737,58,36
2020-09-24,"Lord Fairfax","Other Race",73,6,1
2020-09-24,"Thomas Jefferson","Not Reported",340,1,0
2020-09-24,"Virginia Beach","Not Reported",1819,12,2
2020-09-24,Loudoun,Black,316,32,6
2020-09-24,Pittsylvania-Danville,Latino,68,3,0
2020-09-24,"Cumberland Plateau","Not Reported",46,0,0
2020-09-24,Chesterfield,"Not Reported",1786,4,10
2020-09-24,"Mount Rogers",White,2179,215,94
2020-09-24,Richmond,White,737,44,15
2020-09-24,Lenowisco,"Not Reported",118,3,3
2020-09-24,"Three Rivers",Latino,155,5,1
2020-09-24,Piedmont,"Not Reported",788,10,4
2020-09-24,"Mount Rogers",Latino,289,6,0
2020-09-24,"Central Shenandoah","Two or more races",41,1,0
2020-09-24,Crater,White,796,56,29
2020-09-24,Arlington,White,1144,135,71
2020-09-24,Pittsylvania-Danville,"Other Race",1,0,0
2020-09-24,Chickahominy,Black,355,48,12
2020-09-24,Fairfax,Black,1705,247,66
2020-09-24,"Eastern Shore",Latino,260,11,3
2020-09-24,Norfolk,White,892,60,22
2020-09-24,"Mount Rogers","Two or more races",9,1,0
2020-09-24,Alleghany,"Two or more races",7,0,0
2020-09-24,Southside,White,282,29,19
2020-09-24,"Thomas Jefferson","Two or more races",54,1,0
2020-09-24,"Prince William",Black,1476,178,54
2020-09-24,"Lord Fairfax",White,1721,188,87
2020-09-24,"Cumberland Plateau",Latino,10,0,0
2020-09-24,Arlington,"Not Reported",341,2,1
2020-09-24,Rappahannock,"Other Race",126,4,0
2020-09-24,"Rappahannock Rapidan",Black,229,34,10
2020-09-24,"New River","Two or more races",32,0,0
2020-09-24,Arlington,Latino,1675,241,27
2020-09-24,Henrico,White,1457,135,105
2020-09-24,Loudoun,White,1610,122,90
2020-09-24,Hampton,White,260,10,4
2020-09-24,Alleghany,Black,93,7,3
2020-09-24,"Prince William",White,1724,178,89
2020-09-24,Rappahannock,White,1452,143,50
2020-09-24,Southside,"Other Race",14,1,1
2020-09-24,Portsmouth,"Two or more races",18,5,0
2020-09-24,"Western Tidewater",Black,1729,119,49
2020-09-24,Hampton,Latino,60,4,0
2020-09-24,Henrico,"Not Reported",937,5,4
2020-09-24,"West Piedmont","Two or more races",3,0,0
2020-09-24,Peninsula,"Not Reported",1639,3,0
2020-09-24,Loudoun,Latino,2197,196,15
2020-09-24,Alexandria,Black,781,97,17
2020-09-24,Piedmont,Black,535,60,17
2020-09-24,Roanoke,"Other Race",22,2,1
2020-09-24,Alexandria,"Two or more races",24,2,0
2020-09-24,"Western Tidewater",Latino,36,1,2
2020-09-24,Rappahannock,"Not Reported",1308,25,0
2020-09-24,"West Piedmont","Other Race",6,1,1
2020-09-24,Chickahominy,White,887,99,38
2020-09-24,"Thomas Jefferson",Latino,686,32,3
2020-09-24,"Cumberland Plateau",Black,45,0,0
2020-09-24,"Lord Fairfax",Latino,747,47,9
2020-09-24,"West Piedmont",Latino,259,10,1
2020-09-24,"Cumberland Plateau",White,649,53,10
2020-09-24,"Eastern Shore","Other Race",13,1,0
2020-09-24,"Cumberland Plateau","Two or more races",6,0,0
2020-09-24,Pittsylvania-Danville,"Two or more races",2,0,0
2020-09-24,Piedmont,"Other Race",9,0,0
2020-09-24,Alexandria,Latino,1743,134,11
2020-09-24,Chesapeake,Black,1611,216,32
2020-09-24,Richmond,"Other Race",133,9,3
2020-09-24,Henrico,Latino,869,55,11
2020-09-24,Piedmont,"Two or more races",4,2,0
2020-09-24,"Prince William","Other Race",450,16,1
2020-09-24,"New River","Not Reported",760,8,0
2020-09-24,"Rappahannock Rapidan",White,819,57,22
2020-09-24,"Central Virginia","Not Reported",1719,11,5
2020-09-24,"Virginia Beach","Two or more races",59,3,1
2020-09-24,Pittsylvania-Danville,White,472,50,19
2020-09-24,"Lord Fairfax",Black,143,19,6
2020-09-24,Fairfax,Latino,9822,1026,93
2020-09-24,Chesterfield,"Asian or Pacific Islander",80,4,1
2020-09-24,Crater,"Asian or Pacific Islander",18,0,0
2020-09-24,Fairfax,"Asian or Pacific Islander",1746,269,76
2020-09-24,Hampton,"Asian or Pacific Islander",14,0,0
2020-09-24,"Rappahannock Rapidan","Asian or Pacific Islander",10,1,0
2020-09-24,"Mount Rogers","Asian or Pacific Islander",3,1,0
2020-09-24,"New River","Asian or Pacific Islander",79,0,0
2020-09-24,"Central Virginia","Asian or Pacific Islander",15,1,0
2020-09-24,"Lord Fairfax","Asian or Pacific Islander",14,0,0
2020-09-24,Southside,"Asian or Pacific Islander",1,0,0
2020-09-24,Alleghany,"Asian or Pacific Islander",21,0,0
2020-09-24,Portsmouth,"Asian or Pacific Islander",22,2,0
2020-09-24,Roanoke,"Asian or Pacific Islander",28,2,0
2020-09-24,Richmond,"Asian or Pacific Islander",45,3,1
2020-09-24,"Thomas Jefferson","Asian or Pacific Islander",69,0,1
2020-09-24,"Virginia Beach","Asian or Pacific Islander",274,26,5
2020-09-24,Henrico,"Asian or Pacific Islander",205,11,4
2020-09-24,Piedmont,"Asian or Pacific Islander",9,0,1
2020-09-24,"Western Tidewater","Asian or Pacific Islander",20,2,3
2020-09-24,"West Piedmont","Asian or Pacific Islander",12,2,1
2020-09-24,Chickahominy,"Asian or Pacific Islander",16,1,0
2020-09-24,Peninsula,"Asian or Pacific Islander",43,4,5
2020-09-24,Norfolk,"Asian or Pacific Islander",62,7,0
2020-09-24,Arlington,"Asian or Pacific Islander",191,23,12
2020-09-24,Loudoun,"Asian or Pacific Islander",415,55,11
2020-09-24,Alexandria,"Asian or Pacific Islander",138,11,1
2020-09-24,Rappahannock,"Asian or Pacific Islander",88,10,2
2020-09-24,Chesapeake,"Asian or Pacific Islander",70,9,5
2020-09-24,"Cumberland Plateau and Lenowisco","Asian or Pacific Islander",1,0,0
2020-09-24,"Central Shenandoah","Asian or Pacific Islander",66,2,0
2020-09-24,"Prince William","Asian or Pacific Islander",586,57,15
2020-09-24,Pittsylvania-Danville,"Asian or Pacific Islander",3,0,0
2020-09-24,"Eastern Shore and Three Rivers","Asian or Pacific Islander",12,1,0
2020-09-24,Piedmont,"Native American",2,0,0
2020-09-24,"New River","Native American",1,0,0
2020-09-24,"Central Shenandoah","Native American",3,1,0
2020-09-24,"Eastern Shore and Three Rivers","Native American",1,0,0
2020-09-24,Fairfax,"Native American",33,1,1
2020-09-24,Chesapeake,"Native American",11,0,0
2020-09-24,"Western Tidewater","Native American",2,0,0
2020-09-24,Portsmouth,"Native American",4,2,0
2020-09-24,Richmond,"Native American",1,0,0
2020-09-24,Chickahominy,"Native American",6,1,0
2020-09-24,"Thomas Jefferson","Native American",2,0,0
2020-09-24,Arlington,"Native American",5,0,0
2020-09-24,"Virginia Beach","Native American",8,0,0
2020-09-24,Peninsula,"Native American",7,2,1
2020-09-24,Hampton,"Native American",4,0,1
2020-09-24,"West Piedmont","Native American",2,0,0
2020-09-24,"Cumberland Plateau, Lenowisco, and Mount Rogers","Native American",2,0,0
2020-09-24,Henrico,"Native American",11,0,0
2020-09-24,Norfolk,"Native American",9,1,1
2020-09-24,"Prince William","Native American",23,1,1
2020-09-24,"Central Virginia","Native American",3,0,0
2020-09-24,Chesterfield,"Native American",7,1,0
2020-09-24,Rappahannock,"Native American",6,0,0
2020-09-24,Loudoun,"Native American",5,0,0
2020-09-24,Alexandria,"Native American",4,0,0
2020-09-24,"Alleghany and Roanoke","Native American",1,0,0
2020-09-24,Crater,"Native American",5,0,0
2020-09-24,"Rappahannock Rapidan","Native American",1,0,0
2020-09-24,"Lord Fairfax","Native American",2,1,1
2020-09-24,"Pittsylvania-Danville and Southside","Native American",0,0,0
2020-09-25,"Rappahannock Rapidan","Not Reported",669,12,10
2020-09-25,Portsmouth,"Other Race",56,9,5
2020-09-25,"Western Tidewater","Two or more races",58,0,0
2020-09-25,Piedmont,White,539,52,25
2020-09-25,Chesterfield,Latino,1693,99,6
2020-09-25,Lenowisco,White,738,71,16
2020-09-25,Lenowisco,"Two or more races",2,0,0
2020-09-25,Hampton,"Not Reported",638,3,2
2020-09-25,Southside,"Not Reported",584,11,5
2020-09-25,Roanoke,Black,302,22,5
2020-09-25,Hampton,Black,757,46,16
2020-09-25,Alleghany,"Other Race",9,1,0
2020-09-25,Lenowisco,Latino,10,0,0
2020-09-25,Loudoun,"Other Race",199,16,2
2020-09-25,"Central Shenandoah",Latino,1109,57,6
2020-09-25,"Rappahannock Rapidan",Latino,801,62,7
2020-09-25,"Eastern Shore",Black,857,99,29
2020-09-25,Norfolk,Latino,337,23,0
2020-09-25,Hampton,"Two or more races",15,0,0
2020-09-25,Richmond,Black,1592,245,33
2020-09-25,Henrico,"Two or more races",45,1,0
2020-09-25,Fairfax,"Two or more races",97,5,0
2020-09-25,Alleghany,"Not Reported",438,1,0
2020-09-25,Portsmouth,"Not Reported",535,5,1
2020-09-25,"Cumberland Plateau","Other Race",4,1,0
2020-09-25,Southside,"Two or more races",27,0,0
2020-09-25,Portsmouth,White,336,43,9
2020-09-25,"Rappahannock Rapidan","Two or more races",36,3,1
2020-09-25,Fairfax,White,4068,501,312
2020-09-25,Fairfax,"Other Race",814,86,19
2020-09-25,Crater,"Two or more races",10,0,0
2020-09-25,"West Piedmont","Not Reported",409,28,3
2020-09-25,Henrico,"Other Race",156,13,0
2020-09-25,"Three Rivers",White,663,50,18
2020-09-25,"Central Virginia",Black,287,32,8
2020-09-25,Lenowisco,"Other Race",8,0,0
2020-09-25,"Three Rivers","Other Race",15,3,0
2020-09-25,"Western Tidewater",White,946,67,60
2020-09-25,"Mount Rogers",Black,63,8,3
2020-09-25,"Three Rivers","Not Reported",262,4,1
2020-09-25,"Thomas Jefferson",Black,497,69,16
2020-09-25,"Eastern Shore",White,258,27,18
2020-09-25,"Central Virginia",White,1051,68,22
2020-09-25,Lenowisco,Black,6,1,1
2020-09-25,"Central Virginia","Two or more races",9,0,0
2020-09-25,Richmond,"Two or more races",42,2,0
2020-09-25,Crater,"Not Reported",823,10,6
2020-09-25,Chesterfield,"Two or more races",31,4,0
2020-09-25,"New River",Latino,168,5,0
2020-09-25,Richmond,Latino,1329,111,8
2020-09-25,Portsmouth,Latino,76,11,1
2020-09-25,Pittsylvania-Danville,"Not Reported",690,9,0
2020-09-25,Chesapeake,"Not Reported",876,7,0
2020-09-25,Chickahominy,Latino,94,4,0
2020-09-25,Crater,Black,2008,198,64
2020-09-25,Chesterfield,Black,1151,118,30
2020-09-25,Chesterfield,"Other Race",155,11,0
2020-09-25,Peninsula,Black,1133,73,24
2020-09-25,Roanoke,White,341,16,14
2020-09-25,"New River",Black,181,5,0
2020-09-25,Southside,Latino,9,0,0
2020-09-25,Peninsula,Latino,339,20,1
2020-09-25,Rappahannock,"Two or more races",42,3,0
2020-09-25,"Virginia Beach",Black,1719,124,22
2020-09-25,"Mount Rogers","Not Reported",134,4,5
2020-09-25,Loudoun,"Not Reported",1954,5,0
2020-09-25,Chesapeake,"Other Race",60,5,1
2020-09-25,Chickahominy,"Two or more races",6,1,0
2020-09-25,Crater,"Other Race",45,0,0
2020-09-25,Norfolk,"Two or more races",52,2,0
2020-09-25,"Eastern Shore","Two or more races",1,1,0
2020-09-25,"Central Shenandoah",White,3044,187,58
2020-09-25,"New River","Other Race",14,0,0
2020-09-25,"New River",White,1867,39,19
2020-09-25,"Central Shenandoah","Other Race",80,2,0
2020-09-25,"West Piedmont",Black,460,85,12
2020-09-25,Alleghany,Latino,164,11,0
2020-09-25,"Central Shenandoah","Not Reported",691,4,1
2020-09-25,Roanoke,"Two or more races",8,2,0
2020-09-25,Peninsula,"Two or more races",54,3,0
2020-09-25,Richmond,"Not Reported",709,1,1
2020-09-25,Arlington,"Other Race",94,10,4
2020-09-25,Norfolk,"Not Reported",957,4,0
2020-09-25,Alexandria,"Other Race",84,8,3
2020-09-25,"Virginia Beach",White,2376,175,54
2020-09-25,Chesapeake,"Two or more races",45,3,1
2020-09-25,Alleghany,White,803,55,23
2020-09-25,"Rappahannock Rapidan","Other Race",37,3,0
2020-09-25,Chickahominy,"Not Reported",417,3,1
2020-09-25,Portsmouth,Black,1500,197,42
2020-09-25,Chickahominy,"Other Race",19,2,0
2020-09-25,"Virginia Beach",Latino,411,25,4
2020-09-25,Chesapeake,White,1299,133,29
2020-09-25,Southside,Black,484,43,19
2020-09-25,Rappahannock,Latino,1333,109,8
2020-09-25,"Three Rivers","Two or more races",7,0,0
2020-09-25,Henrico,Black,1701,206,87
2020-09-25,Pittsylvania-Danville,Black,600,74,17
2020-09-25,"Lord Fairfax","Two or more races",14,0,0
2020-09-25,"Prince William",Latino,6280,629,74
2020-09-25,"Mount Rogers","Other Race",9,2,2
2020-09-25,"Central Shenandoah",Black,219,11,4
2020-09-25,Peninsula,White,973,83,43
2020-09-25,"Eastern Shore","Not Reported",84,0,0
2020-09-25,"Thomas Jefferson","Other Race",157,3,1
2020-09-25,Hampton,"Other Race",54,2,1
2020-09-25,"Lord Fairfax","Not Reported",346,5,6
2020-09-25,"Central Virginia","Other Race",19,0,0
2020-09-25,"Western Tidewater","Other Race",80,1,2
2020-09-25,Crater,Latino,198,9,4
2020-09-25,Chesapeake,Latino,289,25,2
2020-09-25,Chesterfield,White,1537,120,77
2020-09-25,"Western Tidewater","Not Reported",954,7,5
2020-09-25,Fairfax,"Not Reported",2463,43,30
2020-09-25,Arlington,Black,402,84,33
2020-09-25,"Central Virginia",Latino,61,6,2
2020-09-25,Alexandria,"Not Reported",255,7,1
2020-09-25,"Three Rivers",Black,603,49,10
2020-09-25,"Prince William","Two or more races",91,1,0
2020-09-25,Loudoun,"Two or more races",53,2,0
2020-09-25,Peninsula,"Other Race",157,3,1
2020-09-25,"Thomas Jefferson",White,1546,79,48
2020-09-25,Norfolk,"Other Race",82,4,2
2020-09-25,"Prince William","Not Reported",4192,28,0
2020-09-25,"West Piedmont",White,878,115,45
2020-09-25,Rappahannock,Black,855,93,16
2020-09-25,Norfolk,Black,2406,259,53
2020-09-25,Roanoke,Latino,371,19,0
2020-09-25,Piedmont,Latino,74,8,2
2020-09-25,Roanoke,"Not Reported",583,2,3
2020-09-25,"Virginia Beach","Other Race",105,2,0
2020-09-25,Arlington,"Two or more races",40,3,0
2020-09-25,Alexandria,White,742,58,36
2020-09-25,"Lord Fairfax","Other Race",73,6,1
2020-09-25,"Thomas Jefferson","Not Reported",341,1,0
2020-09-25,"Virginia Beach","Not Reported",1824,12,2
2020-09-25,Loudoun,Black,316,32,6
2020-09-25,Pittsylvania-Danville,Latino,68,3,0
2020-09-25,"Cumberland Plateau","Not Reported",40,0,0
2020-09-25,Chesterfield,"Not Reported",1732,4,10
2020-09-25,"Mount Rogers",White,2194,217,100
2020-09-25,Richmond,White,745,45,15
2020-09-25,Lenowisco,"Not Reported",118,3,3
2020-09-25,"Three Rivers",Latino,156,5,1
2020-09-25,Piedmont,"Not Reported",786,10,4
2020-09-25,"Mount Rogers",Latino,289,6,0
2020-09-25,"Central Shenandoah","Two or more races",41,1,0
2020-09-25,Crater,White,800,56,29
2020-09-25,Arlington,White,1154,135,71
2020-09-25,Pittsylvania-Danville,"Other Race",1,0,0
2020-09-25,Chickahominy,Black,360,48,12
2020-09-25,Fairfax,Black,1710,246,66
2020-09-25,"Eastern Shore",Latino,260,11,3
2020-09-25,Norfolk,White,895,61,22
2020-09-25,"Mount Rogers","Two or more races",9,1,0
2020-09-25,Alleghany,"Two or more races",7,0,0
2020-09-25,Southside,White,285,29,19
2020-09-25,"Thomas Jefferson","Two or more races",54,1,0
2020-09-25,"Prince William",Black,1483,178,54
2020-09-25,"Lord Fairfax",White,1729,188,88
2020-09-25,"Cumberland Plateau",Latino,10,0,0
2020-09-25,Arlington,"Not Reported",339,2,1
2020-09-25,Rappahannock,"Other Race",126,4,0
2020-09-25,"Rappahannock Rapidan",Black,231,34,10
2020-09-25,"New River","Two or more races",32,0,0
2020-09-25,Arlington,Latino,1681,241,27
2020-09-25,Henrico,White,1472,136,105
2020-09-25,Loudoun,White,1619,122,90
2020-09-25,Hampton,White,261,10,4
2020-09-25,Alleghany,Black,100,7,3
2020-09-25,"Prince William",White,1739,178,90
2020-09-25,Rappahannock,White,1465,143,49
2020-09-25,Southside,"Other Race",14,1,1
2020-09-25,Portsmouth,"Two or more races",18,5,0
2020-09-25,"Western Tidewater",Black,1747,120,51
2020-09-25,Hampton,Latino,60,4,0
2020-09-25,Henrico,"Not Reported",938,5,4
2020-09-25,"West Piedmont","Two or more races",3,0,0
2020-09-25,Peninsula,"Not Reported",1643,3,0
2020-09-25,Loudoun,Latino,2210,196,15
2020-09-25,Alexandria,Black,781,98,17
2020-09-25,Piedmont,Black,538,60,17
2020-09-25,Roanoke,"Other Race",22,2,1
2020-09-25,Alexandria,"Two or more races",25,2,0
2020-09-25,"Western Tidewater",Latino,40,1,2
2020-09-25,Rappahannock,"Not Reported",1314,25,0
2020-09-25,"West Piedmont","Other Race",6,1,1
2020-09-25,Chickahominy,White,906,102,39
2020-09-25,"Thomas Jefferson",Latino,688,32,3
2020-09-25,"Cumberland Plateau",Black,45,0,0
2020-09-25,"Lord Fairfax",Latino,751,47,9
2020-09-25,"West Piedmont",Latino,261,10,1
2020-09-25,"Cumberland Plateau",White,667,53,10
2020-09-25,"Eastern Shore","Other Race",13,1,0
2020-09-25,"Cumberland Plateau","Two or more races",6,0,0
2020-09-25,Pittsylvania-Danville,"Two or more races",2,0,0
2020-09-25,Piedmont,"Other Race",9,0,0
2020-09-25,Alexandria,Latino,1751,134,11
2020-09-25,Chesapeake,Black,1620,220,33
2020-09-25,Richmond,"Other Race",132,9,3
2020-09-25,Henrico,Latino,871,55,11
2020-09-25,Piedmont,"Two or more races",4,2,0
2020-09-25,"Prince William","Other Race",450,16,1
2020-09-25,"New River","Not Reported",784,8,0
2020-09-25,"Rappahannock Rapidan",White,820,57,23
2020-09-25,"Central Virginia","Not Reported",1707,11,5
2020-09-25,"Virginia Beach","Two or more races",59,4,1
2020-09-25,Pittsylvania-Danville,White,481,50,19
2020-09-25,"Lord Fairfax",Black,143,19,6
2020-09-25,Fairfax,Latino,9872,1021,96
2020-09-25,Chesterfield,"Asian or Pacific Islander",82,4,1
2020-09-25,Crater,"Asian or Pacific Islander",19,0,0
2020-09-25,Fairfax,"Asian or Pacific Islander",1775,270,76
2020-09-25,Hampton,"Asian or Pacific Islander",14,0,0
2020-09-25,"Rappahannock Rapidan","Asian or Pacific Islander",10,1,0
2020-09-25,"Mount Rogers","Asian or Pacific Islander",3,1,0
2020-09-25,"New River","Asian or Pacific Islander",81,0,0
2020-09-25,"Central Virginia","Asian or Pacific Islander",15,1,0
2020-09-25,"Lord Fairfax","Asian or Pacific Islander",14,0,0
2020-09-25,Southside,"Asian or Pacific Islander",1,0,0
2020-09-25,Alleghany,"Asian or Pacific Islander",21,0,0
2020-09-25,Portsmouth,"Asian or Pacific Islander",22,2,0
2020-09-25,Roanoke,"Asian or Pacific Islander",28,2,0
2020-09-25,Richmond,"Asian or Pacific Islander",45,3,1
2020-09-25,"Thomas Jefferson","Asian or Pacific Islander",70,0,1
2020-09-25,"Virginia Beach","Asian or Pacific Islander",274,27,5
2020-09-25,Henrico,"Asian or Pacific Islander",205,11,4
2020-09-25,Piedmont,"Asian or Pacific Islander",9,0,1
2020-09-25,"Western Tidewater","Asian or Pacific Islander",20,2,3
2020-09-25,"West Piedmont","Asian or Pacific Islander",12,2,1
2020-09-25,Chickahominy,"Asian or Pacific Islander",16,1,0
2020-09-25,Peninsula,"Asian or Pacific Islander",43,4,5
2020-09-25,Norfolk,"Asian or Pacific Islander",62,7,0
2020-09-25,Arlington,"Asian or Pacific Islander",194,23,12
2020-09-25,Loudoun,"Asian or Pacific Islander",418,55,11
2020-09-25,Alexandria,"Asian or Pacific Islander",138,11,1
2020-09-25,Rappahannock,"Asian or Pacific Islander",88,10,2
2020-09-25,Chesapeake,"Asian or Pacific Islander",71,9,5
2020-09-25,"Cumberland Plateau and Lenowisco","Asian or Pacific Islander",1,0,0
2020-09-25,"Central Shenandoah","Asian or Pacific Islander",68,2,0
2020-09-25,"Prince William","Asian or Pacific Islander",587,57,15
2020-09-25,Pittsylvania-Danville,"Asian or Pacific Islander",3,0,0
2020-09-25,"Eastern Shore and Three Rivers","Asian or Pacific Islander",12,1,0
2020-09-25,Piedmont,"Native American",2,0,0
2020-09-25,"New River","Native American",1,0,0
2020-09-25,"Central Shenandoah","Native American",3,1,0
2020-09-25,"Eastern Shore and Three Rivers","Native American",1,0,0
2020-09-25,Fairfax,"Native American",33,1,1
2020-09-25,Chesapeake,"Native American",11,0,0
2020-09-25,"Western Tidewater","Native American",2,0,0
2020-09-25,Portsmouth,"Native American",4,2,0
2020-09-25,Richmond,"Native American",1,0,0
2020-09-25,Chickahominy,"Native American",6,1,0
2020-09-25,"Thomas Jefferson","Native American",2,0,0
2020-09-25,Arlington,"Native American",5,0,0
2020-09-25,"Virginia Beach","Native American",8,0,0
2020-09-25,Peninsula,"Native American",7,2,1
2020-09-25,Hampton,"Native American",4,0,1
2020-09-25,"West Piedmont","Native American",2,0,0
2020-09-25,"Cumberland Plateau, Lenowisco, and Mount Rogers","Native American",2,0,0
2020-09-25,Henrico,"Native American",11,0,0
2020-09-25,Norfolk,"Native American",9,1,1
2020-09-25,"Prince William","Native American",24,1,1
2020-09-25,"Central Virginia","Native American",3,0,0
2020-09-25,Chesterfield,"Native American",7,1,0
2020-09-25,Rappahannock,"Native American",6,0,0
2020-09-25,Loudoun,"Native American",5,0,0
2020-09-25,Alexandria,"Native American",4,0,0
2020-09-25,"Alleghany and Roanoke","Native American",1,0,0
2020-09-25,Crater,"Native American",5,0,0
2020-09-25,"Rappahannock Rapidan","Native American",1,0,0
2020-09-25,"Lord Fairfax","Native American",2,1,1
2020-09-25,"Pittsylvania-Danville and Southside","Native American",0,0,0
2020-09-26,"Rappahannock Rapidan","Not Reported",670,12,10
2020-09-26,Portsmouth,"Other Race",56,9,5
2020-09-26,"Western Tidewater","Two or more races",58,0,0
2020-09-26,Piedmont,White,549,53,25
2020-09-26,Chesterfield,Latino,1734,100,6
2020-09-26,Lenowisco,White,745,71,16
2020-09-26,Lenowisco,"Two or more races",2,0,0
2020-09-26,Hampton,"Not Reported",638,3,2
2020-09-26,Southside,"Not Reported",592,11,5
2020-09-26,Roanoke,Black,314,22,5
2020-09-26,Hampton,Black,762,46,16
2020-09-26,Alleghany,"Other Race",9,1,0
2020-09-26,Lenowisco,Latino,11,0,0
2020-09-26,Loudoun,"Other Race",201,16,2
2020-09-26,"Central Shenandoah",Latino,1116,57,6
2020-09-26,"Rappahannock Rapidan",Latino,804,62,7
2020-09-26,"Eastern Shore",Black,857,99,29
2020-09-26,Norfolk,Latino,337,24,0
2020-09-26,Hampton,"Two or more races",15,0,0
2020-09-26,Richmond,Black,1606,245,33
2020-09-26,Henrico,"Two or more races",46,2,0
2020-09-26,Fairfax,"Two or more races",98,5,0
2020-09-26,Alleghany,"Not Reported",441,1,0
2020-09-26,Portsmouth,"Not Reported",535,5,1
2020-09-26,"Cumberland Plateau","Other Race",4,1,0
2020-09-26,Southside,"Two or more races",27,0,0
2020-09-26,Portsmouth,White,336,43,9
2020-09-26,"Rappahannock Rapidan","Two or more races",37,3,1
2020-09-26,Fairfax,White,4094,505,312
2020-09-26,Fairfax,"Other Race",814,85,19
2020-09-26,Crater,"Two or more races",10,0,0
2020-09-26,"West Piedmont","Not Reported",409,28,4
2020-09-26,Henrico,"Other Race",160,13,0
2020-09-26,"Three Rivers",White,689,50,18
2020-09-26,"Central Virginia",Black,294,32,8
2020-09-26,Lenowisco,"Other Race",8,0,0
2020-09-26,"Three Rivers","Other Race",15,3,0
2020-09-26,"Western Tidewater",White,957,67,60
2020-09-26,"Mount Rogers",Black,64,8,3
2020-09-26,"Three Rivers","Not Reported",261,4,1
2020-09-26,"Thomas Jefferson",Black,502,69,16
2020-09-26,"Eastern Shore",White,259,27,18
2020-09-26,"Central Virginia",White,1097,70,22
2020-09-26,Lenowisco,Black,6,1,1
2020-09-26,"Central Virginia","Two or more races",9,0,0
2020-09-26,Richmond,"Two or more races",42,2,0
2020-09-26,Crater,"Not Reported",820,10,6
2020-09-26,Chesterfield,"Two or more races",34,4,0
2020-09-26,"New River",Latino,169,5,0
2020-09-26,Richmond,Latino,1331,111,8
2020-09-26,Portsmouth,Latino,76,11,1
2020-09-26,Pittsylvania-Danville,"Not Reported",696,10,0
2020-09-26,Chesapeake,"Not Reported",865,7,0
2020-09-26,Chickahominy,Latino,95,4,0
2020-09-26,Crater,Black,2011,198,64
2020-09-26,Chesterfield,Black,1158,120,30
2020-09-26,Chesterfield,"Other Race",145,11,0
2020-09-26,Peninsula,Black,1137,73,24
2020-09-26,Roanoke,White,354,16,15
2020-09-26,"New River",Black,182,5,0
2020-09-26,Southside,Latino,9,0,0
2020-09-26,Peninsula,Latino,341,21,1
2020-09-26,Rappahannock,"Two or more races",42,3,0
2020-09-26,"Virginia Beach",Black,1722,126,23
2020-09-26,"Mount Rogers","Not Reported",134,4,5
2020-09-26,Loudoun,"Not Reported",1945,5,0
2020-09-26,Chesapeake,"Other Race",60,5,1
2020-09-26,Chickahominy,"Two or more races",6,1,0
2020-09-26,Crater,"Other Race",46,0,0
2020-09-26,Norfolk,"Two or more races",53,2,0
2020-09-26,"Eastern Shore","Two or more races",1,1,0
2020-09-26,"Central Shenandoah",White,3091,188,59
2020-09-26,"New River","Other Race",14,0,0
2020-09-26,"New River",White,1887,40,19
2020-09-26,"Central Shenandoah","Other Race",81,2,0
2020-09-26,"West Piedmont",Black,463,85,12
2020-09-26,Alleghany,Latino,167,12,0
2020-09-26,"Central Shenandoah","Not Reported",706,4,1
2020-09-26,Roanoke,"Two or more races",8,2,0
2020-09-26,Peninsula,"Two or more races",54,3,0
2020-09-26,Richmond,"Not Reported",711,1,1
2020-09-26,Arlington,"Other Race",93,10,4
2020-09-26,Norfolk,"Not Reported",961,4,0
2020-09-26,Alexandria,"Other Race",84,8,3
2020-09-26,"Virginia Beach",White,2391,178,54
2020-09-26,Chesapeake,"Two or more races",45,3,1
2020-09-26,Alleghany,White,817,55,23
2020-09-26,"Rappahannock Rapidan","Other Race",37,3,0
2020-09-26,Chickahominy,"Not Reported",418,3,1
2020-09-26,Portsmouth,Black,1507,198,43
2020-09-26,Chickahominy,"Other Race",19,2,0
2020-09-26,"Virginia Beach",Latino,414,25,4
2020-09-26,Chesapeake,White,1316,135,29
2020-09-26,Southside,Black,490,43,19
2020-09-26,Rappahannock,Latino,1337,109,8
2020-09-26,"Three Rivers","Two or more races",7,0,0
2020-09-26,Henrico,Black,1720,208,87
2020-09-26,Pittsylvania-Danville,Black,604,74,17
2020-09-26,"Lord Fairfax","Two or more races",14,0,0
2020-09-26,"Prince William",Latino,6305,631,75
2020-09-26,"Mount Rogers","Other Race",9,2,2
2020-09-26,"Central Shenandoah",Black,222,11,4
2020-09-26,Peninsula,White,980,83,43
2020-09-26,"Eastern Shore","Not Reported",86,0,0
2020-09-26,"Thomas Jefferson","Other Race",159,3,1
2020-09-26,Hampton,"Other Race",55,2,1
2020-09-26,"Lord Fairfax","Not Reported",349,5,6
2020-09-26,"Central Virginia","Other Race",21,0,0
2020-09-26,"Western Tidewater","Other Race",80,1,2
2020-09-26,Crater,Latino,199,9,4
2020-09-26,Chesapeake,Latino,291,25,2
2020-09-26,Chesterfield,White,1568,125,77
2020-09-26,"Western Tidewater","Not Reported",960,7,5
2020-09-26,Fairfax,"Not Reported",2444,44,30
2020-09-26,Arlington,Black,402,84,33
2020-09-26,"Central Virginia",Latino,61,6,2
2020-09-26,Alexandria,"Not Reported",260,7,1
2020-09-26,"Three Rivers",Black,624,49,10
2020-09-26,"Prince William","Two or more races",92,1,0
2020-09-26,Loudoun,"Two or more races",53,2,0
2020-09-26,Peninsula,"Other Race",158,3,1
2020-09-26,"Thomas Jefferson",White,1594,79,48
2020-09-26,Norfolk,"Other Race",84,4,2
2020-09-26,"Prince William","Not Reported",4214,28,0
2020-09-26,"West Piedmont",White,884,117,46
2020-09-26,Rappahannock,Black,862,93,16
2020-09-26,Norfolk,Black,2416,260,53
2020-09-26,Roanoke,Latino,377,19,0
2020-09-26,Piedmont,Latino,74,8,2
2020-09-26,Roanoke,"Not Reported",590,2,2
2020-09-26,"Virginia Beach","Other Race",104,2,0
2020-09-26,Arlington,"Two or more races",41,3,0
2020-09-26,Alexandria,White,742,58,36
2020-09-26,"Lord Fairfax","Other Race",73,6,1
2020-09-26,"Thomas Jefferson","Not Reported",348,1,0
2020-09-26,"Virginia Beach","Not Reported",1835,12,2
2020-09-26,Loudoun,Black,319,33,6
2020-09-26,Pittsylvania-Danville,Latino,69,3,0
2020-09-26,"Cumberland Plateau","Not Reported",46,1,0
2020-09-26,Chesterfield,"Not Reported",1693,4,10
2020-09-26,"Mount Rogers",White,2226,219,100
2020-09-26,Richmond,White,756,45,15
2020-09-26,Lenowisco,"Not Reported",120,3,3
2020-09-26,"Three Rivers",Latino,157,5,1
2020-09-26,Piedmont,"Not Reported",784,11,4
2020-09-26,"Mount Rogers",Latino,292,6,0
2020-09-26,"Central Shenandoah","Two or more races",41,1,0
2020-09-26,Crater,White,804,57,29
2020-09-26,Arlington,White,1166,135,72
2020-09-26,Pittsylvania-Danville,"Other Race",1,0,0
2020-09-26,Chickahominy,Black,359,48,12
2020-09-26,Fairfax,Black,1712,247,66
2020-09-26,"Eastern Shore",Latino,260,11,3
2020-09-26,Norfolk,White,899,61,22
2020-09-26,"Mount Rogers","Two or more races",9,1,0
2020-09-26,Alleghany,"Two or more races",8,0,0
2020-09-26,Southside,White,287,29,19
2020-09-26,"Thomas Jefferson","Two or more races",54,1,0
2020-09-26,"Prince William",Black,1492,178,54
2020-09-26,"Lord Fairfax",White,1735,188,88
2020-09-26,"Cumberland Plateau",Latino,12,0,0
2020-09-26,Arlington,"Not Reported",341,2,1
2020-09-26,Rappahannock,"Other Race",129,4,0
2020-09-26,"Rappahannock Rapidan",Black,233,34,10
2020-09-26,"New River","Two or more races",33,0,0
2020-09-26,Arlington,Latino,1694,241,27
2020-09-26,Henrico,White,1471,137,105
2020-09-26,Loudoun,White,1628,122,90
2020-09-26,Hampton,White,261,10,4
2020-09-26,Alleghany,Black,106,7,3
2020-09-26,"Prince William",White,1747,178,90
2020-09-26,Rappahannock,White,1468,144,49
2020-09-26,Southside,"Other Race",14,1,1
2020-09-26,Portsmouth,"Two or more races",18,5,0
2020-09-26,"Western Tidewater",Black,1755,121,51
2020-09-26,Hampton,Latino,60,4,0
2020-09-26,Henrico,"Not Reported",945,5,4
2020-09-26,"West Piedmont","Two or more races",3,0,0
2020-09-26,Peninsula,"Not Reported",1644,3,0
2020-09-26,Loudoun,Latino,2221,196,15
2020-09-26,Alexandria,Black,787,98,17
2020-09-26,Piedmont,Black,546,61,17
2020-09-26,Roanoke,"Other Race",22,2,1
2020-09-26,Alexandria,"Two or more races",25,2,0
2020-09-26,"Western Tidewater",Latino,40,1,2
2020-09-26,Rappahannock,"Not Reported",1321,25,0
2020-09-26,"West Piedmont","Other Race",6,1,1
2020-09-26,Chickahominy,White,911,103,39
2020-09-26,"Thomas Jefferson",Latino,690,32,3
2020-09-26,"Cumberland Plateau",Black,45,0,0
2020-09-26,"Lord Fairfax",Latino,758,48,9
2020-09-26,"West Piedmont",Latino,261,10,1
2020-09-26,"Cumberland Plateau",White,680,53,10
2020-09-26,"Eastern Shore","Other Race",13,1,0
2020-09-26,"Cumberland Plateau","Two or more races",6,0,0
2020-09-26,Pittsylvania-Danville,"Two or more races",2,0,0
2020-09-26,Piedmont,"Other Race",10,0,0
2020-09-26,Alexandria,Latino,1765,135,11
2020-09-26,Chesapeake,Black,1636,223,33
2020-09-26,Richmond,"Other Race",133,9,3
2020-09-26,Henrico,Latino,873,55,11
2020-09-26,Piedmont,"Two or more races",4,2,0
2020-09-26,"Prince William","Other Race",458,16,1
2020-09-26,"New River","Not Reported",803,8,0
2020-09-26,"Rappahannock Rapidan",White,825,57,23
2020-09-26,"Central Virginia","Not Reported",1701,11,5
2020-09-26,"Virginia Beach","Two or more races",61,4,1
2020-09-26,Pittsylvania-Danville,White,487,51,19
2020-09-26,"Lord Fairfax",Black,144,19,6
2020-09-26,Fairfax,Latino,9908,1022,97
2020-09-26,Chesterfield,"Asian or Pacific Islander",83,4,1
2020-09-26,Crater,"Asian or Pacific Islander",20,0,0
2020-09-26,Fairfax,"Asian or Pacific Islander",1789,271,76
2020-09-26,Hampton,"Asian or Pacific Islander",14,0,0
2020-09-26,"Rappahannock Rapidan","Asian or Pacific Islander",10,1,0
2020-09-26,"Mount Rogers","Asian or Pacific Islander",3,1,0
2020-09-26,"New River","Asian or Pacific Islander",81,0,0
2020-09-26,"Central Virginia","Asian or Pacific Islander",15,1,0
2020-09-26,"Lord Fairfax","Asian or Pacific Islander",14,0,0
2020-09-26,Southside,"Asian or Pacific Islander",1,0,0
2020-09-26,Alleghany,"Asian or Pacific Islander",21,0,0
2020-09-26,Portsmouth,"Asian or Pacific Islander",23,2,0
2020-09-26,Roanoke,"Asian or Pacific Islander",28,2,0
2020-09-26,Richmond,"Asian or Pacific Islander",45,3,1
2020-09-26,"Thomas Jefferson","Asian or Pacific Islander",70,0,1
2020-09-26,"Virginia Beach","Asian or Pacific Islander",274,27,5
2020-09-26,Henrico,"Asian or Pacific Islander",209,11,4
2020-09-26,Piedmont,"Asian or Pacific Islander",9,0,1
2020-09-26,"Western Tidewater","Asian or Pacific Islander",21,2,3
2020-09-26,"West Piedmont","Asian or Pacific Islander",12,2,1
2020-09-26,Chickahominy,"Asian or Pacific Islander",16,1,0
2020-09-26,Peninsula,"Asian or Pacific Islander",44,4,5
2020-09-26,Norfolk,"Asian or Pacific Islander",63,7,0
2020-09-26,Arlington,"Asian or Pacific Islander",193,23,12
2020-09-26,Loudoun,"Asian or Pacific Islander",420,55,11
2020-09-26,Alexandria,"Asian or Pacific Islander",137,11,1
2020-09-26,Rappahannock,"Asian or Pacific Islander",88,10,2
2020-09-26,Chesapeake,"Asian or Pacific Islander",71,9,5
2020-09-26,"Cumberland Plateau and Lenowisco","Asian or Pacific Islander",1,0,0
2020-09-26,"Central Shenandoah","Asian or Pacific Islander",68,2,0
2020-09-26,"Prince William","Asian or Pacific Islander",590,57,15
2020-09-26,Pittsylvania-Danville,"Asian or Pacific Islander",3,0,0
2020-09-26,"Eastern Shore and Three Rivers","Asian or Pacific Islander",12,1,0
2020-09-26,Piedmont,"Native American",2,0,0
2020-09-26,"New River","Native American",1,0,0
2020-09-26,"Central Shenandoah","Native American",3,1,0
2020-09-26,"Eastern Shore and Three Rivers","Native American",1,0,0
2020-09-26,Fairfax,"Native American",34,1,1
2020-09-26,Chesapeake,"Native American",12,0,0
2020-09-26,"Western Tidewater","Native American",2,0,0
2020-09-26,Portsmouth,"Native American",4,2,0
2020-09-26,Richmond,"Native American",1,0,0
2020-09-26,Chickahominy,"Native American",6,1,0
2020-09-26,"Thomas Jefferson","Native American",2,0,0
2020-09-26,Arlington,"Native American",5,0,0
2020-09-26,"Virginia Beach","Native American",8,0,0
2020-09-26,Peninsula,"Native American",7,2,1
2020-09-26,Hampton,"Native American",4,0,1
2020-09-26,"West Piedmont","Native American",2,0,0
2020-09-26,"Cumberland Plateau, Lenowisco, and Mount Rogers","Native American",2,0,0
2020-09-26,Henrico,"Native American",10,0,0
2020-09-26,Norfolk,"Native American",9,1,1
2020-09-26,"Prince William","Native American",24,1,1
2020-09-26,"Central Virginia","Native American",3,0,0
2020-09-26,Chesterfield,"Native American",7,1,0
2020-09-26,Rappahannock,"Native American",6,0,0
2020-09-26,Loudoun,"Native American",5,0,0
2020-09-26,Alexandria,"Native American",4,0,0
2020-09-26,"Alleghany and Roanoke","Native American",1,0,0
2020-09-26,Crater,"Native American",5,0,0
2020-09-26,"Rappahannock Rapidan","Native American",1,0,0
2020-09-26,"Lord Fairfax","Native American",2,1,1
2020-09-26,"Pittsylvania-Danville and Southside","Native American",0,0,0