"Report Date","Health District","Number of Cases","Number of Hospitalizations","Number of Deaths"
12/01/2020,Southside,2311,104,61
12/01/2020,Chesapeake,6699,536,80
12/01/2020,"Thomas Jefferson",5380,274,82
12/01/2020,Roanoke,4131,130,77
12/01/2020,"Eastern Shore",1708,157,52
12/01/2020,"Mount Rogers",6356,429,167
12/01/2020,Chickahominy,3473,239,72
12/01/2020,"New River",6465,153,48
12/01/2020,"Central Virginia",7103,261,80
12/01/2020,Piedmont,3133,202,68
12/01/2020,"Lord Fairfax",6440,443,146
12/01/2020,Crater,5995,345,123
12/01/2020,Hampton,2829,121,35
12/01/2020,Alexandria,5404,366,77
12/01/2020,Fairfax,31605,2591,639
12/01/2020,Richmond,6754,505,82
12/01/2020,Arlington,6334,589,157
12/01/2020,"Rappahannock Rapidan",4652,235,61
12/01/2020,Rappahannock,8281,497,98
12/01/2020,Pittsylvania-Danville,3427,259,74
12/01/2020,"Prince William",21540,1289,271
12/01/2020,"Cumberland Plateau",2610,148,23
12/01/2020,Portsmouth,3216,350,71
12/01/2020,"Virginia Beach",10963,533,113
12/01/2020,"West Piedmont",4763,366,111
12/01/2020,"Three Rivers",2921,170,47
12/01/2020,Alleghany,5260,163,79
12/01/2020,Lenowisco,3062,176,77
12/01/2020,Norfolk,6566,458,91
12/01/2020,"Western Tidewater",5357,275,165
12/01/2020,Henrico,8467,594,251
12/01/2020,"Central Shenandoah",9616,390,112
12/01/2020,Loudoun,10232,561,144
12/01/2020,Chesterfield,10346,554,163
12/01/2020,Peninsula,6664,262,96
12/02/2020,Southside,2324,106,61
12/02/2020,Chesapeake,6739,537,80
12/02/2020,"Thomas Jefferson",5408,276,82
12/02/2020,Roanoke,4151,130,77
12/02/2020,"Eastern Shore",1710,158,52
12/02/2020,"Mount Rogers",6443,431,167
12/02/2020,Chickahominy,3501,239,72
12/02/2020,"New River",6513,157,50
12/02/2020,"Central Virginia",7149,265,83
12/02/2020,Piedmont,3162,203,69
12/02/2020,"Lord Fairfax",6524,449,149
12/02/2020,Crater,6029,345,123
12/02/2020,Hampton,2846,127,35
12/02/2020,Alexandria,5447,370,77
12/02/2020,Fairfax,31982,2613,639
12/02/2020,Richmond,6803,507,82
12/02/2020,Arlington,6417,593,157
12/02/2020,"Rappahannock Rapidan",4698,236,61
12/02/2020,Rappahannock,8377,499,99
12/02/2020,Pittsylvania-Danville,3487,261,75
12/02/2020,"Prince William",21727,1295,271
12/02/2020,"Cumberland Plateau",2717,152,23
12/02/2020,Portsmouth,3234,351,71
12/02/2020,"Virginia Beach",11070,543,115
12/02/2020,"West Piedmont",4798,373,111
12/02/2020,"Three Rivers",2942,172,47
12/02/2020,Alleghany,5316,166,80
12/02/2020,Lenowisco,3120,178,79
12/02/2020,Norfolk,6617,464,91
12/02/2020,"Western Tidewater",5400,281,165
12/02/2020,Henrico,8549,601,255
12/02/2020,"Central Shenandoah",9749,398,112
12/02/2020,Loudoun,10302,566,144
12/02/2020,Chesterfield,10480,568,163
12/02/2020,Peninsula,6749,273,96
12/03/2020,Southside,2337,106,62
12/03/2020,Chesapeake,6790,540,81
12/03/2020,"Thomas Jefferson",5430,277,82
12/03/2020,Roanoke,4175,131,77
12/03/2020,"Eastern Shore",1714,159,52
12/03/2020,"Mount Rogers",6526,437,172
12/03/2020,Chickahominy,3555,241,72
12/03/2020,"New River",6611,165,52
12/03/2020,"Central Virginia",7195,267,83
12/03/2020,Piedmont,3175,206,68
12/03/2020,"Lord Fairfax",6636,453,150
12/03/2020,Crater,6054,346,123
12/03/2020,Hampton,2867,132,35
12/03/2020,Alexandria,5479,373,79
12/03/2020,Fairfax,32240,2627,639
12/03/2020,Richmond,6840,507,82
12/03/2020,Arlington,6472,593,157
12/03/2020,"Rappahannock Rapidan",4735,238,61
12/03/2020,Rappahannock,8465,501,99
12/03/2020,Pittsylvania-Danville,3515,262,75
12/03/2020,"Prince William",21936,1300,271
12/03/2020,"Cumberland Plateau",2754,155,23
12/03/2020,Portsmouth,3246,354,71
12/03/2020,"Virginia Beach",11149,552,116
12/03/2020,"West Piedmont",4858,378,111
12/03/2020,"Three Rivers",2975,178,47
12/03/2020,Alleghany,5347,169,85
12/03/2020,Lenowisco,3163,179,80
12/03/2020,Norfolk,6654,470,92
12/03/2020,"Western Tidewater",5411,282,165
12/03/2020,Henrico,8615,604,260
12/03/2020,"Central Shenandoah",9856,406,112
12/03/2020,Loudoun,10376,567,150
12/03/2020,Chesterfield,10563,572,167
12/03/2020,Peninsula,6789,287,96
04/13/2020,Alexandria,235,23,1
04/13/2020,Alleghany,50,11,2
04/13/2020,Arlington,390,35,11
04/13/2020,"Central Shenandoah",171,15,1
04/13/2020,"Central Virginia",76,6,1
04/13/2020,Chesapeake,126,31,3
04/13/2020,Chesterfield,226,24,5
04/13/2020,Chickahominy,99,13,4
04/13/2020,Crater,94,12,6
04/13/2020,"Cumberland Plateau",7,1,0
04/13/2020,"Eastern Shore",19,10,1
04/13/2020,Fairfax,1167,218,21
04/13/2020,Hampton,72,19,1
04/13/2020,Henrico,397,31,33
04/13/2020,Lenowisco,23,6,1
04/13/2020,"Lord Fairfax",129,10,0
04/13/2020,Loudoun,324,35,5
04/13/2020,"Mount Rogers",51,11,5
04/13/2020,"New River",42,6,0
04/13/2020,Norfolk,99,21,1
04/13/2020,Peninsula,273,83,11
04/13/2020,Piedmont,59,11,2
04/13/2020,Pittsylvania-Danville,25,16,1
04/13/2020,Portsmouth,54,18,2
04/13/2020,"Prince William",485,53,9
04/13/2020,Rappahannock,171,37,2
04/13/2020,"Rappahannock Rapidan",69,12,2
04/13/2020,Richmond,167,18,6
04/13/2020,Roanoke,21,3,0
04/13/2020,Southside,67,12,1
04/13/2020,"Thomas Jefferson",142,28,3
04/13/2020,"Three Rivers",48,0,0
04/13/2020,"Virginia Beach",251,51,5
04/13/2020,"West Piedmont",22,1,0
04/13/2020,"Western Tidewater",96,22,3
04/14/2020,Alexandria,247,23,2
04/14/2020,Alleghany,49,10,2
04/14/2020,Arlington,401,36,12
04/14/2020,"Central Shenandoah",186,15,1
04/14/2020,"Central Virginia",77,6,1
04/14/2020,Chesapeake,136,34,3
04/14/2020,Chesterfield,262,24,5
04/14/2020,Chickahominy,115,16,4
04/14/2020,Crater,101,12,6
04/14/2020,"Cumberland Plateau",18,1,0
04/14/2020,"Eastern Shore",19,10,1
04/14/2020,Fairfax,1207,235,21
04/14/2020,Hampton,73,19,1
04/14/2020,Henrico,432,40,33
04/14/2020,Lenowisco,23,7,1
04/14/2020,"Lord Fairfax",144,11,0
04/14/2020,Loudoun,344,37,5
04/14/2020,"Mount Rogers",50,12,4
04/14/2020,"New River",43,6,0
04/14/2020,Norfolk,97,24,1
04/14/2020,Peninsula,282,83,11
04/14/2020,Piedmont,60,11,2
04/14/2020,Pittsylvania-Danville,26,16,1
04/14/2020,Portsmouth,59,21,4
04/14/2020,"Prince William",570,68,10
04/14/2020,Rappahannock,188,38,2
04/14/2020,"Rappahannock Rapidan",75,14,2
04/14/2020,Richmond,175,20,7
04/14/2020,Roanoke,21,3,0
04/14/2020,Southside,73,12,1
04/14/2020,"Thomas Jefferson",163,29,3
04/14/2020,"Three Rivers",50,7,0
04/14/2020,"Virginia Beach",252,51,5
04/14/2020,"West Piedmont",23,3,0
04/14/2020,"Western Tidewater",130,24,3
04/15/2020,Alexandria,254,24,4
04/15/2020,Alleghany,50,10,2
04/15/2020,Arlington,420,44,14
04/15/2020,"Central Shenandoah",204,15,1
04/15/2020,"Central Virginia",78,6,1
04/15/2020,Chesapeake,140,35,4
04/15/2020,Chesterfield,276,24,7
04/15/2020,Chickahominy,118,18,4
04/15/2020,Crater,103,11,5
04/15/2020,"Cumberland Plateau",18,1,0
04/15/2020,"Eastern Shore",19,10,1
04/15/2020,Fairfax,1298,256,30
04/15/2020,Hampton,75,19,1
04/15/2020,Henrico,453,46,52
04/15/2020,Lenowisco,24,8,1
04/15/2020,"Lord Fairfax",153,14,0
04/15/2020,Loudoun,367,40,6
04/15/2020,"Mount Rogers",50,12,4
04/15/2020,"New River",44,6,0
04/15/2020,Norfolk,99,26,2
04/15/2020,Peninsula,287,85,12
04/15/2020,Piedmont,68,13,2
04/15/2020,Pittsylvania-Danville,26,16,1
04/15/2020,Portsmouth,59,22,4
04/15/2020,"Prince William",603,72,11
04/15/2020,Rappahannock,209,41,2
04/15/2020,"Rappahannock Rapidan",80,15,2
04/15/2020,Richmond,177,21,8
04/15/2020,Roanoke,22,4,0
04/15/2020,Southside,73,12,1
04/15/2020,"Thomas Jefferson",192,33,4
04/15/2020,"Three Rivers",50,7,1
04/15/2020,"Virginia Beach",256,54,5
04/15/2020,"West Piedmont",23,3,0
04/15/2020,"Western Tidewater",132,25,3
04/16/2020,Alexandria,275,32,4
04/16/2020,Alleghany,53,10,2
04/16/2020,Arlington,453,50,15
04/16/2020,"Central Shenandoah",226,15,1
04/16/2020,"Central Virginia",76,6,1
04/16/2020,Chesapeake,143,35,4
04/16/2020,Chesterfield,290,26,7
04/16/2020,Chickahominy,127,18,4
04/16/2020,Crater,101,12,6
04/16/2020,"Cumberland Plateau",18,1,0
04/16/2020,"Eastern Shore",23,10,1
04/16/2020,Fairfax,1375,271,31
04/16/2020,Hampton,77,19,1
04/16/2020,Henrico,497,58,57
04/16/2020,Lenowisco,27,9,1
04/16/2020,"Lord Fairfax",155,14,0
04/16/2020,Loudoun,378,42,6
04/16/2020,"Mount Rogers",50,13,4
04/16/2020,"New River",45,7,0
04/16/2020,Norfolk,105,27,2
04/16/2020,Peninsula,294,86,13
04/16/2020,Piedmont,74,14,2
04/16/2020,Pittsylvania-Danville,27,16,1
04/16/2020,Portsmouth,62,23,4
04/16/2020,"Prince William",660,76,12
04/16/2020,Rappahannock,226,45,5
04/16/2020,"Rappahannock Rapidan",88,15,2
04/16/2020,Richmond,188,22,8
04/16/2020,Roanoke,24,4,0
04/16/2020,Southside,78,14,1
04/16/2020,"Thomas Jefferson",196,35,4
04/16/2020,"Three Rivers",54,7,1
04/16/2020,"Virginia Beach",258,54,5
04/16/2020,"West Piedmont",23,3,0
04/16/2020,"Western Tidewater",143,25,3
04/17/2020,Alexandria,321,36,5
04/17/2020,Alleghany,56,10,2
04/17/2020,Arlington,485,53,15
04/17/2020,"Central Shenandoah",340,15,1
04/17/2020,"Central Virginia",81,6,1
04/17/2020,Chesapeake,147,36,4
04/17/2020,Chesterfield,317,26,7
04/17/2020,Chickahominy,149,23,6
04/17/2020,Crater,109,14,7
04/17/2020,"Cumberland Plateau",18,1,0
04/17/2020,"Eastern Shore",33,11,1
04/17/2020,Fairfax,1478,285,37
04/17/2020,Hampton,78,21,1
04/17/2020,Henrico,532,72,62
04/17/2020,Lenowisco,27,9,1
04/17/2020,"Lord Fairfax",169,15,0
04/17/2020,Loudoun,385,46,7
04/17/2020,"Mount Rogers",52,14,4
04/17/2020,"New River",54,7,0
04/17/2020,Norfolk,108,27,2
04/17/2020,Peninsula,301,88,14
04/17/2020,Piedmont,78,14,2
04/17/2020,Pittsylvania-Danville,28,17,1
04/17/2020,Portsmouth,63,23,4
04/17/2020,"Prince William",737,84,14
04/17/2020,Rappahannock,241,68,5
04/17/2020,"Rappahannock Rapidan",95,15,2
04/17/2020,Richmond,201,31,10
04/17/2020,Roanoke,24,4,0
04/17/2020,Southside,79,17,1
04/17/2020,"Thomas Jefferson",205,39,4
04/17/2020,"Three Rivers",55,7,1
04/17/2020,"Virginia Beach",265,57,6
04/17/2020,"West Piedmont",25,3,1
04/17/2020,"Western Tidewater",155,27,3
04/18/2020,Alexandria,354,40,7
04/18/2020,Alleghany,56,10,2
04/18/2020,Arlington,520,54,17
04/18/2020,"Central Shenandoah",380,23,1
04/18/2020,"Central Virginia",81,7,2
04/18/2020,Chesapeake,154,37,4
04/18/2020,Chesterfield,342,26,7
04/18/2020,Chickahominy,162,25,7
04/18/2020,Crater,111,14,7
04/18/2020,"Cumberland Plateau",18,1,0
04/18/2020,"Eastern Shore",38,12,1
04/18/2020,Fairfax,1636,309,43
04/18/2020,Hampton,79,21,1
04/18/2020,Henrico,559,83,71
04/18/2020,Lenowisco,30,10,2
04/18/2020,"Lord Fairfax",188,18,0
04/18/2020,Loudoun,413,47,7
04/18/2020,"Mount Rogers",52,14,4
04/18/2020,"New River",56,8,0
04/18/2020,Norfolk,109,27,2
04/18/2020,Peninsula,304,90,16
04/18/2020,Piedmont,82,14,2
04/18/2020,Pittsylvania-Danville,30,17,1
04/18/2020,Portsmouth,65,24,4
04/18/2020,"Prince William",803,88,15
04/18/2020,Rappahannock,261,68,5
04/18/2020,"Rappahannock Rapidan",104,15,2
04/18/2020,Richmond,211,34,9
04/18/2020,Roanoke,24,4,0
04/18/2020,Southside,84,18,1
04/18/2020,"Thomas Jefferson",209,41,6
04/18/2020,"Three Rivers",57,7,1
04/18/2020,"Virginia Beach",271,58,7
04/18/2020,"West Piedmont",25,3,1
04/18/2020,"Western Tidewater",185,29,3
04/19/2020,Alexandria,383,42,7
04/19/2020,Alleghany,60,12,3
04/19/2020,Arlington,575,110,20
04/19/2020,"Central Shenandoah",383,23,1
04/19/2020,"Central Virginia",82,7,2
04/19/2020,Chesapeake,162,38,5
04/19/2020,Chesterfield,342,27,7
04/19/2020,Chickahominy,167,27,8
04/19/2020,Crater,111,14,7
04/19/2020,"Cumberland Plateau",18,1,0
04/19/2020,"Eastern Shore",49,15,1
04/19/2020,Fairfax,1820,335,48
04/19/2020,Hampton,83,27,1
04/19/2020,Henrico,584,83,71
04/19/2020,Lenowisco,31,10,2
04/19/2020,"Lord Fairfax",188,18,0
04/19/2020,Loudoun,425,50,7
04/19/2020,"Mount Rogers",56,15,4
04/19/2020,"New River",56,8,0
04/19/2020,Norfolk,111,28,2
04/19/2020,Peninsula,311,97,20
04/19/2020,Piedmont,86,14,2
04/19/2020,Pittsylvania-Danville,33,17,1
04/19/2020,Portsmouth,65,24,4
04/19/2020,"Prince William",860,96,16
04/19/2020,Rappahannock,274,68,6
04/19/2020,"Rappahannock Rapidan",111,16,2
04/19/2020,Richmond,231,34,9
04/19/2020,Roanoke,24,4,0
04/19/2020,Southside,85,18,1
04/19/2020,"Thomas Jefferson",210,42,7
04/19/2020,"Three Rivers",58,7,1
04/19/2020,"Virginia Beach",273,59,8
04/19/2020,"West Piedmont",25,3,1
04/19/2020,"Western Tidewater",205,33,3
04/20/2020,Alexandria,421,45,8
04/20/2020,Alleghany,62,12,3
04/20/2020,Arlington,593,112,22
04/20/2020,"Central Shenandoah",411,23,1
04/20/2020,"Central Virginia",82,7,2
04/20/2020,Chesapeake,166,38,5
04/20/2020,Chesterfield,365,29,7
04/20/2020,Chickahominy,178,34,12
04/20/2020,Crater,121,21,9
04/20/2020,"Cumberland Plateau",18,1,0
04/20/2020,"Eastern Shore",59,16,1
04/20/2020,Fairfax,1970,366,59
04/20/2020,Hampton,90,27,1
04/20/2020,Henrico,598,83,72
04/20/2020,Lenowisco,31,10,2
04/20/2020,"Lord Fairfax",191,18,0
04/20/2020,Loudoun,446,56,8
04/20/2020,"Mount Rogers",57,15,4
04/20/2020,"New River",58,8,0
04/20/2020,Norfolk,113,28,2
04/20/2020,Peninsula,312,97,20
04/20/2020,Piedmont,86,15,2
04/20/2020,Pittsylvania-Danville,34,17,1
04/20/2020,Portsmouth,65,24,4
04/20/2020,"Prince William",919,110,17
04/20/2020,Rappahannock,287,68,6
04/20/2020,"Rappahannock Rapidan",122,17,2
04/20/2020,Richmond,236,35,9
04/20/2020,Roanoke,24,4,0
04/20/2020,Southside,87,18,1
04/20/2020,"Thomas Jefferson",216,43,7
04/20/2020,"Three Rivers",58,7,1
04/20/2020,"Virginia Beach",281,59,8
04/20/2020,"West Piedmont",26,4,1
04/20/2020,"Western Tidewater",207,33,3
04/21/2020,Alexandria,462,60,9
04/21/2020,Alleghany,64,13,3
04/21/2020,Arlington,625,114,23
04/21/2020,"Central Shenandoah",445,23,1
04/21/2020,"Central Virginia",89,7,2
04/21/2020,Chesapeake,176,39,5
04/21/2020,Chesterfield,390,29,9
04/21/2020,Chickahominy,186,35,12
04/21/2020,Crater,138,25,9
04/21/2020,"Cumberland Plateau",18,1,0
04/21/2020,"Eastern Shore",59,16,1
04/21/2020,Fairfax,2123,383,66
04/21/2020,Hampton,92,26,1
04/21/2020,Henrico,621,90,77
04/21/2020,Lenowisco,32,10,2
04/21/2020,"Lord Fairfax",201,21,0
04/21/2020,Loudoun,468,59,8
04/21/2020,"Mount Rogers",57,15,4
04/21/2020,"New River",62,8,0
04/21/2020,Norfolk,118,28,3
04/21/2020,Peninsula,311,96,20
04/21/2020,Piedmont,90,16,3
04/21/2020,Pittsylvania-Danville,36,17,2
04/21/2020,Portsmouth,82,28,4
04/21/2020,"Prince William",1008,113,17
04/21/2020,Rappahannock,296,72,6
04/21/2020,"Rappahannock Rapidan",148,18,2
04/21/2020,Richmond,246,39,10
04/21/2020,Roanoke,25,5,0
04/21/2020,Southside,92,20,1
04/21/2020,"Thomas Jefferson",224,46,10
04/21/2020,"Three Rivers",102,10,1
04/21/2020,"Virginia Beach",288,60,8
04/21/2020,"West Piedmont",27,4,1
04/21/2020,"Western Tidewater",229,35,4
04/22/2020,Alexandria,474,65,12
04/22/2020,Alleghany,73,13,3
04/22/2020,Arlington,663,116,24
04/22/2020,"Central Shenandoah",525,36,9
04/22/2020,"Central Virginia",93,7,2
04/22/2020,Chesapeake,180,39,5
04/22/2020,Chesterfield,402,30,9
04/22/2020,Chickahominy,191,35,11
04/22/2020,Crater,139,26,9
04/22/2020,"Cumberland Plateau",18,1,0
04/22/2020,"Eastern Shore",67,16,1
04/22/2020,Fairfax,2306,409,68
04/22/2020,Hampton,97,26,1
04/22/2020,Henrico,684,96,82
04/22/2020,Lenowisco,32,10,2
04/22/2020,"Lord Fairfax",217,21,0
04/22/2020,Loudoun,475,61,9
04/22/2020,"Mount Rogers",58,15,4
04/22/2020,"New River",66,8,0
04/22/2020,Norfolk,126,29,3
04/22/2020,Peninsula,311,96,20
04/22/2020,Piedmont,90,16,3
04/22/2020,Pittsylvania-Danville,38,17,2
04/22/2020,Portsmouth,93,30,4
04/22/2020,"Prince William",1075,122,18
04/22/2020,Rappahannock,310,75,9
04/22/2020,"Rappahannock Rapidan",164,18,2
04/22/2020,Richmond,250,41,10
04/22/2020,Roanoke,27,5,0
04/22/2020,Southside,94,21,1
04/22/2020,"Thomas Jefferson",234,46,10
04/22/2020,"Three Rivers",104,10,1
04/22/2020,"Virginia Beach",313,60,8
04/22/2020,"West Piedmont",28,4,1
04/22/2020,"Western Tidewater",249,39,6
04/23/2020,Alexandria,512,74,14
04/23/2020,Alleghany,76,13,3
04/23/2020,Arlington,686,118,24
04/23/2020,"Central Shenandoah",575,37,10
04/23/2020,"Central Virginia",99,7,1
04/23/2020,Chesapeake,186,40,5
04/23/2020,Chesterfield,452,34,9
04/23/2020,Chickahominy,194,38,12
04/23/2020,Crater,164,32,9
04/23/2020,"Cumberland Plateau",18,1,0
04/23/2020,"Eastern Shore",88,18,2
04/23/2020,Fairfax,2413,436,80
04/23/2020,Hampton,99,26,1
04/23/2020,Henrico,718,99,83
04/23/2020,Lenowisco,34,12,2
04/23/2020,"Lord Fairfax",234,28,0
04/23/2020,Loudoun,498,64,10
04/23/2020,"Mount Rogers",59,15,4
04/23/2020,"New River",66,8,0
04/23/2020,Norfolk,136,31,3
04/23/2020,Peninsula,317,96,20
04/23/2020,Piedmont,104,17,3
04/23/2020,Pittsylvania-Danville,42,17,2
04/23/2020,Portsmouth,98,30,4
04/23/2020,"Prince William",1192,132,20
04/23/2020,Rappahannock,336,75,9
04/23/2020,"Rappahannock Rapidan",185,19,2
04/23/2020,Richmond,259,45,13
04/23/2020,Roanoke,28,5,0
04/23/2020,Southside,97,22,1
04/23/2020,"Thomas Jefferson",242,48,10
04/23/2020,"Three Rivers",122,11,1
04/23/2020,"Virginia Beach",328,61,8
04/23/2020,"West Piedmont",28,4,1
04/23/2020,"Western Tidewater",313,40,6
04/24/2020,Alexandria,547,81,15
04/24/2020,Alleghany,82,14,3
04/24/2020,Arlington,722,120,24
04/24/2020,"Central Shenandoah",599,39,11
04/24/2020,"Central Virginia",102,7,1
04/24/2020,Chesapeake,197,43,5
04/24/2020,Chesterfield,473,38,20
04/24/2020,Chickahominy,201,40,12
04/24/2020,Crater,167,35,9
04/24/2020,"Cumberland Plateau",18,1,0
04/24/2020,"Eastern Shore",115,18,3
04/24/2020,Fairfax,2584,460,89
04/24/2020,Hampton,99,26,1
04/24/2020,Henrico,729,107,86
04/24/2020,Lenowisco,35,12,2
04/24/2020,"Lord Fairfax",256,31,0
04/24/2020,Loudoun,529,67,10
04/24/2020,"Mount Rogers",59,15,4
04/24/2020,"New River",67,8,0
04/24/2020,Norfolk,141,31,3
04/24/2020,Peninsula,320,96,20
04/24/2020,Piedmont,111,17,3
04/24/2020,Pittsylvania-Danville,42,17,2
04/24/2020,Portsmouth,100,30,4
04/24/2020,"Prince William",1291,138,20
04/24/2020,Rappahannock,355,75,9
04/24/2020,"Rappahannock Rapidan",200,21,3
04/24/2020,Richmond,267,51,14
04/24/2020,Roanoke,33,5,0
04/24/2020,Southside,104,23,7
04/24/2020,"Thomas Jefferson",244,49,11
04/24/2020,"Three Rivers",122,11,1
04/24/2020,"Virginia Beach",331,65,10
04/24/2020,"West Piedmont",33,5,1
04/24/2020,"Western Tidewater",319,41,7
04/25/2020,Alexandria,575,80,18
04/25/2020,Alleghany,82,14,3
04/25/2020,Arlington,764,139,29
04/25/2020,"Central Shenandoah",624,40,11
04/25/2020,"Central Virginia",103,7,1
04/25/2020,Chesapeake,200,45,6
04/25/2020,Chesterfield,494,39,21
04/25/2020,Chickahominy,204,40,12
04/25/2020,Crater,170,41,9
04/25/2020,"Cumberland Plateau",20,1,0
04/25/2020,"Eastern Shore",166,18,3
04/25/2020,Fairfax,2797,488,94
04/25/2020,Hampton,101,26,1
04/25/2020,Henrico,764,115,89
04/25/2020,Lenowisco,35,12,2
04/25/2020,"Lord Fairfax",329,35,1
04/25/2020,Loudoun,564,72,11
04/25/2020,"Mount Rogers",59,15,4
04/25/2020,"New River",69,8,1
04/25/2020,Norfolk,169,32,3
04/25/2020,Peninsula,325,97,20
04/25/2020,Piedmont,118,17,3
04/25/2020,Pittsylvania-Danville,43,17,2
04/25/2020,Portsmouth,103,31,5
04/25/2020,"Prince William",1382,150,21
04/25/2020,Rappahannock,368,78,9
04/25/2020,"Rappahannock Rapidan",216,21,3
04/25/2020,Richmond,287,55,14
04/25/2020,Roanoke,33,5,0
04/25/2020,Southside,115,23,9
04/25/2020,"Thomas Jefferson",249,50,11
04/25/2020,"Three Rivers",146,14,1
04/25/2020,"Virginia Beach",335,71,10
04/25/2020,"West Piedmont",34,5,1
04/25/2020,"Western Tidewater",323,41,8
04/26/2020,Alexandria,591,80,19
04/26/2020,Alleghany,83,14,3
04/26/2020,Arlington,790,141,32
04/26/2020,"Central Shenandoah",625,41,11
04/26/2020,"Central Virginia",111,7,1
04/26/2020,Chesapeake,208,45,6
04/26/2020,Chesterfield,513,39,21
04/26/2020,Chickahominy,208,43,12
04/26/2020,Crater,173,49,11
04/26/2020,"Cumberland Plateau",20,1,0
04/26/2020,"Eastern Shore",211,18,3
04/26/2020,Fairfax,2941,516,99
04/26/2020,Hampton,104,28,1
04/26/2020,Henrico,792,116,89
04/26/2020,Lenowisco,36,12,2
04/26/2020,"Lord Fairfax",334,35,1
04/26/2020,Loudoun,596,76,11
04/26/2020,"Mount Rogers",66,15,4
04/26/2020,"New River",69,8,1
04/26/2020,Norfolk,179,34,3
04/26/2020,Peninsula,329,97,20
04/26/2020,Piedmont,123,17,3
04/26/2020,Pittsylvania-Danville,44,17,2
04/26/2020,Portsmouth,108,32,5
04/26/2020,"Prince William",1468,155,22
04/26/2020,Rappahannock,391,87,9
04/26/2020,"Rappahannock Rapidan",232,21,3
04/26/2020,Richmond,301,58,14
04/26/2020,Roanoke,33,5,0
04/26/2020,Southside,125,23,9
04/26/2020,"Thomas Jefferson",254,50,11
04/26/2020,"Three Rivers",161,14,1
04/26/2020,"Virginia Beach",345,72,10
04/26/2020,"West Piedmont",35,5,1
04/26/2020,"Western Tidewater",371,43,8
04/27/2020,Alexandria,627,79,18
04/27/2020,Alleghany,87,14,3
04/27/2020,Arlington,836,144,32
04/27/2020,"Central Shenandoah",647,42,11
04/27/2020,"Central Virginia",113,7,1
04/27/2020,Chesapeake,214,45,6
04/27/2020,Chesterfield,513,39,21
04/27/2020,Chickahominy,213,43,12
04/27/2020,Crater,190,51,12
04/27/2020,"Cumberland Plateau",22,1,0
04/27/2020,"Eastern Shore",223,20,3
04/27/2020,Fairfax,3055,529,104
04/27/2020,Hampton,108,28,1
04/27/2020,Henrico,817,116,89
04/27/2020,Lenowisco,37,13,2
04/27/2020,"Lord Fairfax",344,35,2
04/27/2020,Loudoun,628,78,12
04/27/2020,"Mount Rogers",66,15,4
04/27/2020,"New River",71,8,1
04/27/2020,Norfolk,184,36,3
04/27/2020,Peninsula,331,98,21
04/27/2020,Piedmont,133,17,3
04/27/2020,Pittsylvania-Danville,44,18,2
04/27/2020,Portsmouth,114,32,5
04/27/2020,"Prince William",1568,171,23
04/27/2020,Rappahannock,410,87,9
04/27/2020,"Rappahannock Rapidan",250,22,4
04/27/2020,Richmond,304,59,14
04/27/2020,Roanoke,33,5,0
04/27/2020,Southside,129,23,9
04/27/2020,"Thomas Jefferson",258,57,11
04/27/2020,"Three Rivers",204,14,1
04/27/2020,"Virginia Beach",355,72,10
04/27/2020,"West Piedmont",36,5,1
04/27/2020,"Western Tidewater",371,43,8
04/28/2020,Alexandria,653,82,20
04/28/2020,Alleghany,88,15,3
04/28/2020,Arlington,865,157,32
04/28/2020,"Central Shenandoah",698,42,11
04/28/2020,"Central Virginia",113,7,1
04/28/2020,Chesapeake,220,50,6
04/28/2020,Chesterfield,546,40,23
04/28/2020,Chickahominy,217,46,14
04/28/2020,Crater,190,51,12
04/28/2020,"Cumberland Plateau",24,1,0
04/28/2020,"Eastern Shore",258,21,4
04/28/2020,Fairfax,3331,562,118
04/28/2020,Hampton,108,28,1
04/28/2020,Henrico,835,120,95
04/28/2020,Lenowisco,40,13,2
04/28/2020,"Lord Fairfax",355,36,3
04/28/2020,Loudoun,688,84,12
04/28/2020,"Mount Rogers",68,15,4
04/28/2020,"New River",71,8,1
04/28/2020,Norfolk,188,38,3
04/28/2020,Peninsula,336,98,21
04/28/2020,Piedmont,144,18,3
04/28/2020,Pittsylvania-Danville,44,18,2
04/28/2020,Portsmouth,149,32,5
04/28/2020,"Prince William",1677,183,23
04/28/2020,Rappahannock,426,88,9
04/28/2020,"Rappahannock Rapidan",275,24,4
04/28/2020,Richmond,312,60,14
04/28/2020,Roanoke,35,5,0
04/28/2020,Southside,130,23,9
04/28/2020,"Thomas Jefferson",261,59,12
04/28/2020,"Three Rivers",214,15,1
04/28/2020,"Virginia Beach",359,76,12
04/28/2020,"West Piedmont",40,5,1
04/28/2020,"Western Tidewater",381,45,11
04/29/2020,Alexandria,700,92,21
04/29/2020,Alleghany,99,16,3
04/29/2020,Arlington,912,163,32
04/29/2020,"Central Shenandoah",710,43,13
04/29/2020,"Central Virginia",120,7,1
04/29/2020,Chesapeake,232,56,6
04/29/2020,Chesterfield,562,42,23
04/29/2020,Chickahominy,223,49,15
04/29/2020,Crater,197,53,12
04/29/2020,"Cumberland Plateau",25,1,0
04/29/2020,"Eastern Shore",265,21,4
04/29/2020,Fairfax,3501,592,128
04/29/2020,Hampton,109,28,1
04/29/2020,Henrico,846,122,98
04/29/2020,Lenowisco,40,14,2
04/29/2020,"Lord Fairfax",382,37,4
04/29/2020,Loudoun,727,87,14
04/29/2020,"Mount Rogers",75,16,4
04/29/2020,"New River",73,8,1
04/29/2020,Norfolk,192,39,3
04/29/2020,Peninsula,338,98,21
04/29/2020,Piedmont,150,19,3
04/29/2020,Pittsylvania-Danville,46,19,2
04/29/2020,Portsmouth,150,33,5
04/29/2020,"Prince William",1783,195,26
04/29/2020,Rappahannock,439,91,9
04/29/2020,"Rappahannock Rapidan",282,25,5
04/29/2020,Richmond,323,62,14
04/29/2020,Roanoke,57,5,0
04/29/2020,Southside,131,24,10
04/29/2020,"Thomas Jefferson",264,59,12
04/29/2020,"Three Rivers",218,16,2
04/29/2020,"Virginia Beach",365,76,12
04/29/2020,"West Piedmont",41,5,1
04/29/2020,"Western Tidewater",384,46,15
04/30/2020,Alexandria,754,97,21
04/30/2020,Alleghany,114,16,3
04/30/2020,Arlington,967,167,41
04/30/2020,"Central Shenandoah",749,44,13
04/30/2020,"Central Virginia",127,7,1
04/30/2020,Chesapeake,242,57,6
04/30/2020,Chesterfield,598,45,25
04/30/2020,Chickahominy,230,49,15
04/30/2020,Crater,201,54,12
04/30/2020,"Cumberland Plateau",25,1,0
04/30/2020,"Eastern Shore",328,21,4
04/30/2020,Fairfax,3664,613,138
04/30/2020,Hampton,115,28,1
04/30/2020,Henrico,876,126,100
04/30/2020,Lenowisco,40,14,2
04/30/2020,"Lord Fairfax",410,41,4
04/30/2020,Loudoun,746,90,15
04/30/2020,"Mount Rogers",78,16,4
04/30/2020,"New River",74,8,1
04/30/2020,Norfolk,198,40,3
04/30/2020,Peninsula,346,98,21
04/30/2020,Piedmont,158,21,3
04/30/2020,Pittsylvania-Danville,48,19,2
04/30/2020,Portsmouth,158,33,5
04/30/2020,"Prince William",1922,205,27
04/30/2020,Rappahannock,475,91,10
04/30/2020,"Rappahannock Rapidan",302,25,5
04/30/2020,Richmond,339,63,15
04/30/2020,Roanoke,73,5,0
04/30/2020,Southside,132,24,10
04/30/2020,"Thomas Jefferson",293,59,13
04/30/2020,"Three Rivers",225,16,2
04/30/2020,"Virginia Beach",385,77,14
04/30/2020,"West Piedmont",41,6,1
04/30/2020,"Western Tidewater",413,46,15
05/01/2020,Alexandria,802,104,24
05/01/2020,Alleghany,116,16,3
05/01/2020,Arlington,1004,169,42
05/01/2020,"Central Shenandoah",793,44,13
05/01/2020,"Central Virginia",136,7,1
05/01/2020,Chesapeake,256,60,7
05/01/2020,Chesterfield,625,52,29
05/01/2020,Chickahominy,246,51,18
05/01/2020,Crater,205,55,12
05/01/2020,"Cumberland Plateau",26,1,0
05/01/2020,"Eastern Shore",385,22,5
05/01/2020,Fairfax,3952,650,141
05/01/2020,Hampton,119,28,1
05/01/2020,Henrico,898,129,102
05/01/2020,Lenowisco,41,14,2
05/01/2020,"Lord Fairfax",446,42,4
05/01/2020,Loudoun,832,93,15
05/01/2020,"Mount Rogers",86,16,4
05/01/2020,"New River",75,10,1
05/01/2020,Norfolk,204,42,3
05/01/2020,Peninsula,352,98,23
05/01/2020,Piedmont,199,21,3
05/01/2020,Pittsylvania-Danville,48,19,2
05/01/2020,Portsmouth,170,33,7
05/01/2020,"Prince William",2071,212,31
05/01/2020,Rappahannock,506,91,11
05/01/2020,"Rappahannock Rapidan",345,26,5
05/01/2020,Richmond,364,66,15
05/01/2020,Roanoke,80,5,0
05/01/2020,Southside,135,24,10
05/01/2020,"Thomas Jefferson",298,60,13
05/01/2020,"Three Rivers",227,22,2
05/01/2020,"Virginia Beach",396,81,14
05/01/2020,"West Piedmont",41,6,1
05/01/2020,"Western Tidewater",422,47,17
05/02/2020,Alexandria,848,108,26
05/02/2020,Alleghany,117,16,3
05/02/2020,Arlington,1044,191,46
05/02/2020,"Central Shenandoah",821,46,17
05/02/2020,"Central Virginia",142,8,1
05/02/2020,Chesapeake,263,61,7
05/02/2020,Chesterfield,664,53,29
05/02/2020,Chickahominy,247,51,17
05/02/2020,Crater,212,56,12
05/02/2020,"Cumberland Plateau",27,2,0
05/02/2020,"Eastern Shore",447,22,5
05/02/2020,Fairfax,4101,693,157
05/02/2020,Hampton,122,28,1
05/02/2020,Henrico,926,135,104
05/02/2020,Lenowisco,41,14,2
05/02/2020,"Lord Fairfax",473,42,5
05/02/2020,Loudoun,881,95,16
05/02/2020,"Mount Rogers",89,16,4
05/02/2020,"New River",75,10,1
05/02/2020,Norfolk,211,42,3
05/02/2020,Peninsula,357,99,25
05/02/2020,Piedmont,246,23,3
05/02/2020,Pittsylvania-Danville,51,20,2
05/02/2020,Portsmouth,173,34,8
05/02/2020,"Prince William",2234,219,32
05/02/2020,Rappahannock,535,95,11
05/02/2020,"Rappahannock Rapidan",363,28,5
05/02/2020,Richmond,382,66,16
05/02/2020,Roanoke,80,5,0
05/02/2020,Southside,138,25,10
05/02/2020,"Thomas Jefferson",303,60,13
05/02/2020,"Three Rivers",235,22,2
05/02/2020,"Virginia Beach",413,81,15
05/02/2020,"West Piedmont",45,6,1
05/02/2020,"Western Tidewater",425,47,17
05/03/2020,Alexandria,899,109,26
05/03/2020,Alleghany,120,16,3
05/03/2020,Arlington,1106,194,46
05/03/2020,"Central Shenandoah",837,46,18
05/03/2020,"Central Virginia",146,8,1
05/03/2020,Chesapeake,279,63,9
05/03/2020,Chesterfield,673,53,30
05/03/2020,Chickahominy,258,53,19
05/03/2020,Crater,213,57,13
05/03/2020,"Cumberland Plateau",27,2,0
05/03/2020,"Eastern Shore",534,25,7
05/03/2020,Fairfax,4407,750,189
05/03/2020,Hampton,123,28,1
05/03/2020,Henrico,954,136,105
05/03/2020,Lenowisco,41,14,2
05/03/2020,"Lord Fairfax",495,42,5
05/03/2020,Loudoun,931,95,16
05/03/2020,"Mount Rogers",95,16,4
05/03/2020,"New River",75,10,1
05/03/2020,Norfolk,221,45,4
05/03/2020,Peninsula,363,99,25
05/03/2020,Piedmont,246,23,3
05/03/2020,Pittsylvania-Danville,51,20,2
05/03/2020,Portsmouth,183,35,8
05/03/2020,"Prince William",2374,241,32
05/03/2020,Rappahannock,562,96,11
05/03/2020,"Rappahannock Rapidan",382,30,5
05/03/2020,Richmond,403,72,16
05/03/2020,Roanoke,81,5,0
05/03/2020,Southside,140,25,10
05/03/2020,"Thomas Jefferson",311,60,13
05/03/2020,"Three Rivers",243,22,2
05/03/2020,"Virginia Beach",413,81,15
05/03/2020,"West Piedmont",46,6,1
05/03/2020,"Western Tidewater",439,50,18
05/04/2020,Alexandria,940,110,26
05/04/2020,Alleghany,121,16,3
05/04/2020,Arlington,1139,194,47
05/04/2020,"Central Shenandoah",861,46,18
05/04/2020,"Central Virginia",147,8,1
05/04/2020,Chesapeake,284,63,9
05/04/2020,Chesterfield,673,53,30
05/04/2020,Chickahominy,264,53,19
05/04/2020,Crater,256,59,14
05/04/2020,"Cumberland Plateau",27,2,0
05/04/2020,"Eastern Shore",564,26,7
05/04/2020,Fairfax,4684,784,204
05/04/2020,Hampton,128,28,1
05/04/2020,Henrico,964,137,105
05/04/2020,Lenowisco,41,14,2
05/04/2020,"Lord Fairfax",511,42,5
05/04/2020,Loudoun,961,96,18
05/04/2020,"Mount Rogers",114,16,4
05/04/2020,"New River",78,10,1
05/04/2020,Norfolk,239,45,4
05/04/2020,Peninsula,375,102,25
05/04/2020,Piedmont,248,23,3
05/04/2020,Pittsylvania-Danville,52,20,2
05/04/2020,Portsmouth,183,35,8
05/04/2020,"Prince William",2507,266,35
05/04/2020,Rappahannock,595,96,11
05/04/2020,"Rappahannock Rapidan",397,32,7
05/04/2020,Richmond,419,72,16
05/04/2020,Roanoke,81,5,0
05/04/2020,Southside,140,25,10
05/04/2020,"Thomas Jefferson",319,60,13
05/04/2020,"Three Rivers",256,23,2
05/04/2020,"Virginia Beach",439,83,15
05/04/2020,"West Piedmont",46,6,1
05/04/2020,"Western Tidewater",439,50,18
05/05/2020,Alexandria,983,120,26
05/05/2020,Alleghany,127,16,3
05/05/2020,Arlington,1169,196,49
05/05/2020,"Central Shenandoah",904,50,21
05/05/2020,"Central Virginia",150,8,1
05/05/2020,Chesapeake,293,65,9
05/05/2020,Chesterfield,719,58,31
05/05/2020,Chickahominy,268,58,20
05/05/2020,Crater,259,59,14
05/05/2020,"Cumberland Plateau",27,2,0
05/05/2020,"Eastern Shore",569,26,8
05/05/2020,Fairfax,4903,800,207
05/05/2020,Hampton,128,28,3
05/05/2020,Henrico,985,139,106
05/05/2020,Lenowisco,41,14,2
05/05/2020,"Lord Fairfax",546,44,9
05/05/2020,Loudoun,998,100,24
05/05/2020,"Mount Rogers",116,16,4
05/05/2020,"New River",80,12,1
05/05/2020,Norfolk,251,46,4
05/05/2020,Peninsula,381,102,26
05/05/2020,Piedmont,288,24,3
05/05/2020,Pittsylvania-Danville,53,20,2
05/05/2020,Portsmouth,187,36,8
05/05/2020,"Prince William",2608,269,36
05/05/2020,Rappahannock,629,99,11
05/05/2020,"Rappahannock Rapidan",412,34,7
05/05/2020,Richmond,438,76,16
05/05/2020,Roanoke,82,5,0
05/05/2020,Southside,139,25,10
05/05/2020,"Thomas Jefferson",322,61,13
05/05/2020,"Three Rivers",254,24,3
05/05/2020,"Virginia Beach",445,83,15
05/05/2020,"West Piedmont",46,6,1
05/05/2020,"Western Tidewater",456,52,20
05/07/2020,Alexandria,1060,127,29
05/07/2020,Alleghany,129,16,3
05/07/2020,Arlington,1248,222,52
05/07/2020,"Central Shenandoah",974,56,22
05/07/2020,"Central Virginia",154,11,2
05/07/2020,Chesapeake,311,68,9
05/07/2020,Chesterfield,788,61,32
05/07/2020,Chickahominy,278,62,22
05/07/2020,Crater,268,63,14
05/07/2020,"Cumberland Plateau",28,2,0
05/07/2020,"Eastern Shore",612,29,10
05/07/2020,Fairfax,5116,846,218
05/07/2020,Hampton,131,28,3
05/07/2020,Henrico,1025,146,109
05/07/2020,Lenowisco,41,14,2
05/07/2020,"Lord Fairfax",634,54,15
05/07/2020,Loudoun,1043,105,26
05/07/2020,"Mount Rogers",130,16,4
05/07/2020,"New River",80,12,1
05/07/2020,Norfolk,270,48,5
05/07/2020,Peninsula,391,105,28
05/07/2020,Piedmont,346,26,3
05/07/2020,Pittsylvania-Danville,55,20,2
05/07/2020,Portsmouth,193,37,8
05/07/2020,"Prince William",2836,297,42
05/07/2020,Rappahannock,690,107,11
05/07/2020,"Rappahannock Rapidan",434,36,9
05/07/2020,Richmond,473,81,17
05/07/2020,Roanoke,88,6,1
05/07/2020,Southside,144,26,10
05/07/2020,"Thomas Jefferson",328,60,13
05/07/2020,"Three Rivers",306,25,5
05/07/2020,"Virginia Beach",454,83,17
05/07/2020,"West Piedmont",50,7,1
05/07/2020,"Western Tidewater",462,53,24
05/08/2020,Alexandria,1110,129,29
05/08/2020,Alleghany,132,17,3
05/08/2020,Arlington,1281,227,57
05/08/2020,"Central Shenandoah",1007,57,23
05/08/2020,"Central Virginia",154,12,2
05/08/2020,Chesapeake,316,68,9
05/08/2020,Chesterfield,824,64,32
05/08/2020,Chickahominy,281,62,22
05/08/2020,Crater,268,63,14
05/08/2020,"Cumberland Plateau",28,2,0
05/08/2020,"Eastern Shore",612,31,12
05/08/2020,Fairfax,5414,896,234
05/08/2020,Hampton,135,28,3
05/08/2020,Henrico,1032,148,110
05/08/2020,Lenowisco,41,14,3
05/08/2020,"Lord Fairfax",664,55,17
05/08/2020,Loudoun,1070,109,29
05/08/2020,"Mount Rogers",133,16,4
05/08/2020,"New River",80,12,1
05/08/2020,Norfolk,274,50,5
05/08/2020,Peninsula,407,105,29
05/08/2020,Piedmont,350,28,4
05/08/2020,Pittsylvania-Danville,56,21,2
05/08/2020,Portsmouth,194,37,8
05/08/2020,"Prince William",2943,307,50
05/08/2020,Rappahannock,707,111,11
05/08/2020,"Rappahannock Rapidan",461,38,9
05/08/2020,Richmond,494,85,18
05/08/2020,Roanoke,91,6,1
05/08/2020,Southside,148,27,10
05/08/2020,"Thomas Jefferson",337,61,13
05/08/2020,"Three Rivers",311,28,6
05/08/2020,"Virginia Beach",469,84,17
05/08/2020,"West Piedmont",52,7,1
05/08/2020,"Western Tidewater",466,54,24
05/09/2020,Alexandria,1142,139,30
05/09/2020,Alleghany,133,19,3
05/09/2020,Arlington,1332,260,60
05/09/2020,"Central Shenandoah",1040,60,23
05/09/2020,"Central Virginia",156,13,2
05/09/2020,Chesapeake,325,68,9
05/09/2020,Chesterfield,848,66,32
05/09/2020,Chickahominy,291,65,23
05/09/2020,Crater,269,63,14
05/09/2020,"Cumberland Plateau",28,2,0
05/09/2020,"Eastern Shore",655,32,12
05/09/2020,Fairfax,5686,917,237
05/09/2020,Hampton,138,29,3
05/09/2020,Henrico,1054,150,109
05/09/2020,Lenowisco,41,14,3
05/09/2020,"Lord Fairfax",694,62,21
05/09/2020,Loudoun,1127,109,30
05/09/2020,"Mount Rogers",137,16,4
05/09/2020,"New River",87,12,1
05/09/2020,Norfolk,290,50,5
05/09/2020,Peninsula,414,106,29
05/09/2020,Piedmont,374,29,4
05/09/2020,Pittsylvania-Danville,56,21,2
05/09/2020,Portsmouth,202,38,8
05/09/2020,"Prince William",3022,311,51
05/09/2020,Rappahannock,727,114,12
05/09/2020,"Rappahannock Rapidan",492,38,10
05/09/2020,Richmond,512,89,18
05/09/2020,Roanoke,93,6,1
05/09/2020,Southside,157,28,10
05/09/2020,"Thomas Jefferson",343,62,13
05/09/2020,"Three Rivers",320,28,6
05/09/2020,"Virginia Beach",478,85,17
05/09/2020,"West Piedmont",54,8,1
05/09/2020,"Western Tidewater",479,55,24
05/10/2020,Alexandria,1193,139,30
05/10/2020,Alleghany,133,19,3
05/10/2020,Arlington,1368,260,61
05/10/2020,"Central Shenandoah",1046,60,24
05/10/2020,"Central Virginia",156,13,2
05/10/2020,Chesapeake,328,68,9
05/10/2020,Chesterfield,871,66,32
05/10/2020,Chickahominy,298,65,23
05/10/2020,Crater,285,66,14
05/10/2020,"Cumberland Plateau",29,2,0
05/10/2020,"Eastern Shore",671,32,12
05/10/2020,Fairfax,5968,938,246
05/10/2020,Hampton,144,29,3
05/10/2020,Henrico,1067,152,109
05/10/2020,Lenowisco,41,14,3
05/10/2020,"Lord Fairfax",704,62,21
05/10/2020,Loudoun,1159,115,30
05/10/2020,"Mount Rogers",168,17,4
05/10/2020,"New River",88,12,1
05/10/2020,Norfolk,304,50,5
05/10/2020,Peninsula,434,106,29
05/10/2020,Piedmont,373,29,4
05/10/2020,Pittsylvania-Danville,55,21,2
05/10/2020,Portsmouth,202,38,8
05/10/2020,"Prince William",3241,318,52
05/10/2020,Rappahannock,762,116,12
05/10/2020,"Rappahannock Rapidan",511,41,10
05/10/2020,Richmond,530,90,18
05/10/2020,Roanoke,93,6,1
05/10/2020,Southside,162,29,10
05/10/2020,"Thomas Jefferson",345,62,13
05/10/2020,"Three Rivers",324,28,6
05/10/2020,"Virginia Beach",491,85,17
05/10/2020,"West Piedmont",55,8,1
05/10/2020,"Western Tidewater",482,55,24
05/11/2020,Alexandria,1224,139,30
05/11/2020,Alleghany,152,22,3
05/11/2020,Arlington,1399,286,60
05/11/2020,"Central Shenandoah",1070,61,24
05/11/2020,"Central Virginia",158,13,2
05/11/2020,Chesapeake,340,70,9
05/11/2020,Chesterfield,873,66,32
05/11/2020,Chickahominy,299,65,23
05/11/2020,Crater,295,69,14
05/11/2020,"Cumberland Plateau",29,2,0
05/11/2020,"Eastern Shore",694,32,12
05/11/2020,Fairfax,6276,961,250
05/11/2020,Hampton,146,29,3
05/11/2020,Henrico,1083,152,110
05/11/2020,Lenowisco,41,14,3
05/11/2020,"Lord Fairfax",713,62,21
05/11/2020,Loudoun,1195,116,30
05/11/2020,"Mount Rogers",182,17,4
05/11/2020,"New River",89,12,1
05/11/2020,Norfolk,308,50,5
05/11/2020,Peninsula,443,108,30
05/11/2020,Piedmont,373,29,4
05/11/2020,Pittsylvania-Danville,56,21,2
05/11/2020,Portsmouth,208,38,8
05/11/2020,"Prince William",3554,339,58
05/11/2020,Rappahannock,782,118,12
05/11/2020,"Rappahannock Rapidan",534,43,10
05/11/2020,Richmond,546,92,18
05/11/2020,Roanoke,106,7,1
05/11/2020,Southside,175,29,10
05/11/2020,"Thomas Jefferson",351,62,13
05/11/2020,"Three Rivers",327,28,6
05/11/2020,"Virginia Beach",505,85,17
05/11/2020,"West Piedmont",59,8,1
05/11/2020,"Western Tidewater",485,55,24
05/12/2020,Alexandria,1240,145,30
05/12/2020,Alleghany,152,22,3
05/12/2020,Arlington,1416,288,66
05/12/2020,"Central Shenandoah",1075,67,24
05/12/2020,"Central Virginia",160,14,2
05/12/2020,Chesapeake,343,70,9
05/12/2020,Chesterfield,925,69,34
05/12/2020,Chickahominy,303,67,24
05/12/2020,Crater,313,72,14
05/12/2020,"Cumberland Plateau",29,2,0
05/12/2020,"Eastern Shore",701,32,12
05/12/2020,Fairfax,6547,987,260
05/12/2020,Hampton,147,29,3
05/12/2020,Henrico,1106,157,112
05/12/2020,Lenowisco,41,14,3
05/12/2020,"Lord Fairfax",736,64,23
05/12/2020,Loudoun,1210,119,35
05/12/2020,"Mount Rogers",184,17,4
05/12/2020,"New River",89,12,1
05/12/2020,Norfolk,319,52,5
05/12/2020,Peninsula,448,108,30
05/12/2020,Piedmont,433,35,5
05/12/2020,Pittsylvania-Danville,58,21,2
05/12/2020,Portsmouth,210,38,9
05/12/2020,"Prince William",3647,357,64
05/12/2020,Rappahannock,805,119,14
05/12/2020,"Rappahannock Rapidan",550,46,11
05/12/2020,Richmond,565,96,18
05/12/2020,Roanoke,108,7,1
05/12/2020,Southside,182,29,10
05/12/2020,"Thomas Jefferson",354,63,13
05/12/2020,"Three Rivers",344,28,5
05/12/2020,"Virginia Beach",509,85,18
05/12/2020,"West Piedmont",62,9,1
05/12/2020,"Western Tidewater",489,55,26
05/13/2020,Alexandria,1305,148,31
05/13/2020,Alleghany,153,23,3
05/13/2020,Arlington,1460,300,69
05/13/2020,"Central Shenandoah",1114,74,24
05/13/2020,"Central Virginia",167,15,2
05/13/2020,Chesapeake,354,75,9
05/13/2020,Chesterfield,955,70,36
05/13/2020,Chickahominy,314,69,24
05/13/2020,Crater,317,72,14
05/13/2020,"Cumberland Plateau",28,2,0
05/13/2020,"Eastern Shore",719,34,12
05/13/2020,Fairfax,6748,1014,269
05/13/2020,Hampton,148,29,3
05/13/2020,Henrico,1146,166,112
05/13/2020,Lenowisco,42,15,4
05/13/2020,"Lord Fairfax",770,72,28
05/13/2020,Loudoun,1283,129,38
05/13/2020,"Mount Rogers",203,17,4
05/13/2020,"New River",87,12,1
05/13/2020,Norfolk,327,52,5
05/13/2020,Peninsula,454,108,30
05/13/2020,Piedmont,482,36,5
05/13/2020,Pittsylvania-Danville,58,21,2
05/13/2020,Portsmouth,213,39,9
05/13/2020,"Prince William",3792,376,72
05/13/2020,Rappahannock,838,122,14
05/13/2020,"Rappahannock Rapidan",592,48,11
05/13/2020,Richmond,592,102,18
05/13/2020,Roanoke,116,7,1
05/13/2020,Southside,183,29,13
05/13/2020,"Thomas Jefferson",360,65,13
05/13/2020,"Three Rivers",350,28,5
05/13/2020,"Virginia Beach",519,85,18
05/13/2020,"West Piedmont",66,10,1
05/13/2020,"Western Tidewater",491,56,27
05/14/2020,Alexandria,1349,152,32
05/14/2020,Alleghany,157,23,4
05/14/2020,Arlington,1499,305,70
05/14/2020,"Central Shenandoah",1136,78,24
05/14/2020,"Central Virginia",169,15,3
05/14/2020,Chesapeake,362,76,9
05/14/2020,Chesterfield,1005,70,36
05/14/2020,Chickahominy,333,71,26
05/14/2020,Crater,344,76,14
05/14/2020,"Cumberland Plateau",28,2,0
05/14/2020,"Eastern Shore",777,38,14
05/14/2020,Fairfax,7035,1034,274
05/14/2020,Hampton,156,29,3
05/14/2020,Henrico,1174,168,112
05/14/2020,Lenowisco,42,15,4
05/14/2020,"Lord Fairfax",793,74,31
05/14/2020,Loudoun,1339,131,44
05/14/2020,"Mount Rogers",205,17,4
05/14/2020,"New River",88,12,1
05/14/2020,Norfolk,338,56,5
05/14/2020,Peninsula,463,108,30
05/14/2020,Piedmont,486,36,5
05/14/2020,Pittsylvania-Danville,60,21,2
05/14/2020,Portsmouth,217,39,9
05/14/2020,"Prince William",4036,385,74
05/14/2020,Rappahannock,873,123,14
05/14/2020,"Rappahannock Rapidan",612,52,11
05/14/2020,Richmond,611,102,18
05/14/2020,Roanoke,120,7,1
05/14/2020,Southside,193,30,13
05/14/2020,"Thomas Jefferson",364,65,13
05/14/2020,"Three Rivers",359,29,6
05/14/2020,"Virginia Beach",528,86,19
05/14/2020,"West Piedmont",67,10,2
05/14/2020,"Western Tidewater",495,57,28
05/15/2020,Alexandria,1396,159,32
05/15/2020,Alleghany,157,23,4
05/15/2020,Arlington,1534,306,71
05/15/2020,"Central Shenandoah",1163,82,24
05/15/2020,"Central Virginia",171,16,3
05/15/2020,Chesapeake,379,76,10
05/15/2020,Chesterfield,1043,72,36
05/15/2020,Chickahominy,342,71,26
05/15/2020,Crater,365,76,14
05/15/2020,"Cumberland Plateau",28,2,0
05/15/2020,"Eastern Shore",841,41,16
05/15/2020,Fairfax,7245,1050,280
05/15/2020,Hampton,158,29,3
05/15/2020,Henrico,1198,169,113
05/15/2020,Lenowisco,42,15,4
05/15/2020,"Lord Fairfax",815,75,32
05/15/2020,Loudoun,1374,134,48
05/15/2020,"Mount Rogers",209,17,4
05/15/2020,"New River",88,12,1
05/15/2020,Norfolk,349,56,5
05/15/2020,Peninsula,474,111,31
05/15/2020,Piedmont,507,37,5
05/15/2020,Pittsylvania-Danville,61,22,2
05/15/2020,Portsmouth,219,39,10
05/15/2020,"Prince William",4130,398,75
05/15/2020,Rappahannock,902,123,14
05/15/2020,"Rappahannock Rapidan",633,53,11
05/15/2020,Richmond,665,105,18
05/15/2020,Roanoke,120,7,1
05/15/2020,Southside,199,33,16
05/15/2020,"Thomas Jefferson",370,65,13
05/15/2020,"Three Rivers",359,30,6
05/15/2020,"Virginia Beach",535,86,19
05/15/2020,"West Piedmont",69,10,2
05/15/2020,"Western Tidewater",532,57,28
05/16/2020,Alexandria,1460,158,34
05/16/2020,Alleghany,158,23,6
05/16/2020,Arlington,1560,317,74
05/16/2020,"Central Shenandoah",1181,86,24
05/16/2020,"Central Virginia",173,16,3
05/16/2020,Chesapeake,380,76,10
05/16/2020,Chesterfield,1078,72,36
05/16/2020,Chickahominy,350,73,26
05/16/2020,Crater,378,77,14
05/16/2020,"Cumberland Plateau",30,2,0
05/16/2020,"Eastern Shore",864,43,17
05/16/2020,Fairfax,7475,1076,285
05/16/2020,Hampton,158,30,3
05/16/2020,Henrico,1226,170,113
05/16/2020,Lenowisco,42,15,4
05/16/2020,"Lord Fairfax",859,75,33
05/16/2020,Loudoun,1430,137,48
05/16/2020,"Mount Rogers",225,17,4
05/16/2020,"New River",88,12,1
05/16/2020,Norfolk,350,56,5
05/16/2020,Peninsula,478,112,31
05/16/2020,Piedmont,559,38,5
05/16/2020,Pittsylvania-Danville,67,23,2
05/16/2020,Portsmouth,222,39,10
05/16/2020,"Prince William",4320,405,77
05/16/2020,Rappahannock,940,123,14
05/16/2020,"Rappahannock Rapidan",665,53,11
05/16/2020,Richmond,741,109,18
05/16/2020,Roanoke,120,7,8
05/16/2020,Southside,211,34,17
05/16/2020,"Thomas Jefferson",378,65,13
05/16/2020,"Three Rivers",367,30,6
05/16/2020,"Virginia Beach",539,86,19
05/16/2020,"West Piedmont",74,12,3
05/16/2020,"Western Tidewater",537,57,28
05/17/2020,Alexandria,1476,159,34
05/17/2020,Alleghany,161,23,6
05/17/2020,Arlington,1590,318,75
05/17/2020,"Central Shenandoah",1188,88,24
05/17/2020,"Central Virginia",174,16,3
05/17/2020,Chesapeake,384,77,10
05/17/2020,Chesterfield,1088,72,36
05/17/2020,Chickahominy,355,74,26
05/17/2020,Crater,382,77,14
05/17/2020,"Cumberland Plateau",30,2,0
05/17/2020,"Eastern Shore",886,44,18
05/17/2020,Fairfax,7734,1099,289
05/17/2020,Hampton,161,30,3
05/17/2020,Henrico,1252,171,113
05/17/2020,Lenowisco,42,15,4
05/17/2020,"Lord Fairfax",873,75,33
05/17/2020,Loudoun,1446,139,48
05/17/2020,"Mount Rogers",232,17,4
05/17/2020,"New River",88,12,1
05/17/2020,Norfolk,350,56,5
05/17/2020,Peninsula,491,112,31
05/17/2020,Piedmont,559,38,5
05/17/2020,Pittsylvania-Danville,68,23,2
05/17/2020,Portsmouth,225,39,10
05/17/2020,"Prince William",4447,417,78
05/17/2020,Rappahannock,962,124,14
05/17/2020,"Rappahannock Rapidan",679,56,11
05/17/2020,Richmond,758,110,18
05/17/2020,Roanoke,120,7,8
05/17/2020,Southside,214,34,17
05/17/2020,"Thomas Jefferson",380,65,13
05/17/2020,"Three Rivers",425,30,6
05/17/2020,"Virginia Beach",548,86,19
05/17/2020,"West Piedmont",77,13,3
05/17/2020,"Western Tidewater",543,57,28
05/18/2020,Alexandria,1510,162,34
05/18/2020,Alleghany,164,23,6
05/18/2020,Arlington,1638,323,77
05/18/2020,"Central Shenandoah",1200,89,24
05/18/2020,"Central Virginia",178,16,3
05/18/2020,Chesapeake,387,78,10
05/18/2020,Chesterfield,1102,72,36
05/18/2020,Chickahominy,362,74,26
05/18/2020,Crater,405,77,14
05/18/2020,"Cumberland Plateau",30,2,0
05/18/2020,"Eastern Shore",888,44,18
05/18/2020,Fairfax,7934,1115,291
05/18/2020,Hampton,163,30,3
05/18/2020,Henrico,1272,171,113
05/18/2020,Lenowisco,42,15,4
05/18/2020,"Lord Fairfax",898,80,34
05/18/2020,Loudoun,1486,139,48
05/18/2020,"Mount Rogers",235,17,4
05/18/2020,"New River",88,12,1
05/18/2020,Norfolk,361,56,5
05/18/2020,Peninsula,506,112,31
05/18/2020,Piedmont,576,38,5
05/18/2020,Pittsylvania-Danville,68,23,2
05/18/2020,Portsmouth,228,39,10
05/18/2020,"Prince William",4585,427,78
05/18/2020,Rappahannock,989,124,14
05/18/2020,"Rappahannock Rapidan",707,56,11
05/18/2020,Richmond,779,115,18
05/18/2020,Roanoke,128,7,8
05/18/2020,Southside,216,34,17
05/18/2020,"Thomas Jefferson",384,66,13
05/18/2020,"Three Rivers",428,30,6
05/18/2020,"Virginia Beach",557,86,19
05/18/2020,"West Piedmont",89,13,3
05/18/2020,"Western Tidewater",557,57,28
05/19/2020,Alexandria,1544,168,34
05/19/2020,Alleghany,167,23,6
05/19/2020,Arlington,1688,331,79
05/19/2020,"Central Shenandoah",1227,94,27
05/19/2020,"Central Virginia",178,16,3
05/19/2020,Chesapeake,396,78,10
05/19/2020,Chesterfield,1145,72,36
05/19/2020,Chickahominy,371,74,26
05/19/2020,Crater,450,80,14
05/19/2020,"Cumberland Plateau",32,2,0
05/19/2020,"Eastern Shore",905,51,20
05/19/2020,Fairfax,8111,1128,299
05/19/2020,Hampton,164,30,3
05/19/2020,Henrico,1299,171,114
05/19/2020,Lenowisco,42,15,4
05/19/2020,"Lord Fairfax",935,88,35
05/19/2020,Loudoun,1527,140,48
05/19/2020,"Mount Rogers",237,18,5
05/19/2020,"New River",88,12,1
05/19/2020,Norfolk,370,57,6
05/19/2020,Peninsula,511,112,31
05/19/2020,Piedmont,586,39,5
05/19/2020,Pittsylvania-Danville,70,23,2
05/19/2020,Portsmouth,237,39,10
05/19/2020,"Prince William",4816,448,81
05/19/2020,Rappahannock,1033,124,14
05/19/2020,"Rappahannock Rapidan",801,59,11
05/19/2020,Richmond,811,118,19
05/19/2020,Roanoke,135,7,8
05/19/2020,Southside,228,34,18
05/19/2020,"Thomas Jefferson",387,66,13
05/19/2020,"Three Rivers",437,30,6
05/19/2020,"Virginia Beach",559,87,19
05/19/2020,"West Piedmont",101,13,3
05/19/2020,"Western Tidewater",557,57,31
05/20/2020,Alexandria,1577,169,34
05/20/2020,Alleghany,169,23,6
05/20/2020,Arlington,1728,334,81
05/20/2020,"Central Shenandoah",1271,96,27
05/20/2020,"Central Virginia",178,16,3
05/20/2020,Chesapeake,401,79,12
05/20/2020,Chesterfield,1205,72,36
05/20/2020,Chickahominy,377,76,26
05/20/2020,Crater,462,81,14
05/20/2020,"Cumberland Plateau",32,2,0
05/20/2020,"Eastern Shore",914,56,26
05/20/2020,Fairfax,8254,1148,310
05/20/2020,Hampton,165,30,3
05/20/2020,Henrico,1321,173,114
05/20/2020,Lenowisco,42,15,4
05/20/2020,"Lord Fairfax",973,91,35
05/20/2020,Loudoun,1579,146,49
05/20/2020,"Mount Rogers",252,18,6
05/20/2020,"New River",89,12,1
05/20/2020,Norfolk,370,58,6
05/20/2020,Peninsula,513,112,31
05/20/2020,Piedmont,591,40,5
05/20/2020,Pittsylvania-Danville,71,23,2
05/20/2020,Portsmouth,241,39,11
05/20/2020,"Prince William",4960,462,88
05/20/2020,Rappahannock,1059,126,14
05/20/2020,"Rappahannock Rapidan",853,63,11
05/20/2020,Richmond,835,123,19
05/20/2020,Roanoke,135,7,8
05/20/2020,Southside,228,34,20
05/20/2020,"Thomas Jefferson",390,67,13
05/20/2020,"Three Rivers",436,31,6
05/20/2020,"Virginia Beach",564,87,19
05/20/2020,"West Piedmont",110,13,3
05/20/2020,"Western Tidewater",563,57,31
05/21/2020,Alexandria,1627,171,37
05/21/2020,Alleghany,170,24,6
05/21/2020,Arlington,1763,346,89
05/21/2020,"Central Shenandoah",1314,104,28
05/21/2020,"Central Virginia",179,15,3
05/21/2020,Chesapeake,412,81,13
05/21/2020,Chesterfield,1240,73,36
05/21/2020,Chickahominy,384,77,26
05/21/2020,Crater,468,81,14
05/21/2020,"Cumberland Plateau",32,2,0
05/21/2020,"Eastern Shore",915,58,27
05/21/2020,Fairfax,8677,1181,317
05/21/2020,Hampton,167,30,3
05/21/2020,Henrico,1339,174,114
05/21/2020,Lenowisco,44,15,4
05/21/2020,"Lord Fairfax",1005,93,37
05/21/2020,Loudoun,1700,147,49
05/21/2020,"Mount Rogers",254,19,6
05/21/2020,"New River",90,12,1
05/21/2020,Norfolk,377,59,6
05/21/2020,Peninsula,519,113,31
05/21/2020,Piedmont,626,41,5
05/21/2020,Pittsylvania-Danville,71,23,2
05/21/2020,Portsmouth,245,40,11
05/21/2020,"Prince William",5149,491,88
05/21/2020,Rappahannock,1107,130,14
05/21/2020,"Rappahannock Rapidan",899,70,11
05/21/2020,Richmond,888,123,20
05/21/2020,Roanoke,135,7,8
05/21/2020,Southside,235,34,21
05/21/2020,"Thomas Jefferson",394,68,13
05/21/2020,"Three Rivers",441,33,6
05/21/2020,"Virginia Beach",584,87,19
05/21/2020,"West Piedmont",116,13,3
05/21/2020,"Western Tidewater",571,58,31
05/22/2020,Alexandria,1657,175,37
05/22/2020,Alleghany,171,24,14
05/22/2020,Arlington,1795,346,91
05/22/2020,"Central Shenandoah",1338,106,28
05/22/2020,"Central Virginia",182,15,4
05/22/2020,Chesapeake,419,82,13
05/22/2020,Chesterfield,1261,75,37
05/22/2020,Chickahominy,386,77,26
05/22/2020,Crater,474,81,14
05/22/2020,"Cumberland Plateau",32,2,0
05/22/2020,"Eastern Shore",917,59,27
05/22/2020,Fairfax,8831,1198,330
05/22/2020,Hampton,169,30,3
05/22/2020,Henrico,1375,174,117
05/22/2020,Lenowisco,42,15,4
05/22/2020,"Lord Fairfax",1031,96,37
05/22/2020,Loudoun,1807,149,51
05/22/2020,"Mount Rogers",262,20,6
05/22/2020,"New River",90,12,1
05/22/2020,Norfolk,388,59,6
05/22/2020,Peninsula,532,113,32
05/22/2020,Piedmont,635,43,5
05/22/2020,Pittsylvania-Danville,73,24,3
05/22/2020,Portsmouth,251,40,11
05/22/2020,"Prince William",5307,496,91
05/22/2020,Rappahannock,1129,131,14
05/22/2020,"Rappahannock Rapidan",934,71,11
05/22/2020,Richmond,934,127,20
05/22/2020,Roanoke,140,7,9
05/22/2020,Southside,242,34,21
05/22/2020,"Thomas Jefferson",401,68,14
05/22/2020,"Three Rivers",451,33,6
05/22/2020,"Virginia Beach",591,90,19
05/22/2020,"West Piedmont",127,13,3
05/22/2020,"Western Tidewater",576,60,31
05/23/2020,Alexandria,1703,175,38
05/23/2020,Alleghany,174,24,14
05/23/2020,Arlington,1804,346,95
05/23/2020,"Central Shenandoah",1358,106,28
05/23/2020,"Central Virginia",182,15,4
05/23/2020,Chesapeake,426,82,13
05/23/2020,Chesterfield,1305,75,37
05/23/2020,Chickahominy,396,77,26
05/23/2020,Crater,497,82,14
05/23/2020,"Cumberland Plateau",32,2,0
05/23/2020,"Eastern Shore",932,60,27
05/23/2020,Fairfax,9044,1208,334
05/23/2020,Hampton,172,30,3
05/23/2020,Henrico,1411,176,118
05/23/2020,Lenowisco,42,15,4
05/23/2020,"Lord Fairfax",1065,100,43
05/23/2020,Loudoun,1831,149,52
05/23/2020,"Mount Rogers",264,20,6
05/23/2020,"New River",92,12,1
05/23/2020,Norfolk,393,61,6
05/23/2020,Peninsula,543,113,32
05/23/2020,Piedmont,644,43,5
05/23/2020,Pittsylvania-Danville,74,25,3
05/23/2020,Portsmouth,253,40,11
05/23/2020,"Prince William",5430,501,95
05/23/2020,Rappahannock,1166,133,14
05/23/2020,"Rappahannock Rapidan",959,71,11
05/23/2020,Richmond,979,130,19
05/23/2020,Roanoke,141,7,9
05/23/2020,Southside,243,37,21
05/23/2020,"Thomas Jefferson",402,68,16
05/23/2020,"Three Rivers",469,33,6
05/23/2020,"Virginia Beach",598,90,19
05/23/2020,"West Piedmont",132,15,4
05/23/2020,"Western Tidewater",593,60,31
05/24/2020,Alexandria,1733,175,38
05/24/2020,Alleghany,174,24,14
05/24/2020,Arlington,1873,364,98
05/24/2020,"Central Shenandoah",1367,109,28
05/24/2020,"Central Virginia",182,15,4
05/24/2020,Chesapeake,433,82,13
05/24/2020,Chesterfield,1305,75,37
05/24/2020,Chickahominy,396,77,26
05/24/2020,Crater,495,82,14
05/24/2020,"Cumberland Plateau",32,2,0
05/24/2020,"Eastern Shore",940,60,27
05/24/2020,Fairfax,9088,1210,335
05/24/2020,Hampton,174,30,3
05/24/2020,Henrico,1446,176,118
05/24/2020,Lenowisco,42,15,4
05/24/2020,"Lord Fairfax",1097,101,43
05/24/2020,Loudoun,1821,150,52
05/24/2020,"Mount Rogers",275,20,6
05/24/2020,"New River",94,13,1
05/24/2020,Norfolk,399,61,6
05/24/2020,Peninsula,551,113,32
05/24/2020,Piedmont,643,43,5
05/24/2020,Pittsylvania-Danville,78,25,3
05/24/2020,Portsmouth,262,40,11
05/24/2020,"Prince William",5513,501,95
05/24/2020,Rappahannock,1201,135,15
05/24/2020,"Rappahannock Rapidan",1000,72,11
05/24/2020,Richmond,1012,130,19
05/24/2020,Roanoke,140,7,9
05/24/2020,Southside,250,37,21
05/24/2020,"Thomas Jefferson",416,68,19
05/24/2020,"Three Rivers",472,33,6
05/24/2020,"Virginia Beach",603,90,19
05/24/2020,"West Piedmont",137,15,4
05/24/2020,"Western Tidewater",600,64,35
05/25/2020,Alexandria,1754,175,38
05/25/2020,Alleghany,179,24,16
05/25/2020,Arlington,1897,368,101
05/25/2020,"Central Shenandoah",1398,110,28
05/25/2020,"Central Virginia",183,15,4
05/25/2020,Chesapeake,449,82,14
05/25/2020,Chesterfield,1312,76,38
05/25/2020,Chickahominy,424,77,27
05/25/2020,Crater,499,82,16
05/25/2020,"Cumberland Plateau",32,2,0
05/25/2020,"Eastern Shore",947,62,28
05/25/2020,Fairfax,9587,1235,339
05/25/2020,Hampton,181,30,3
05/25/2020,Henrico,1492,177,118
05/25/2020,Lenowisco,42,15,4
05/25/2020,"Lord Fairfax",1128,103,45
05/25/2020,Loudoun,2047,150,52
05/25/2020,"Mount Rogers",290,20,6
05/25/2020,"New River",97,13,1
05/25/2020,Norfolk,432,61,6
05/25/2020,Peninsula,561,113,32
05/25/2020,Piedmont,645,44,6
05/25/2020,Pittsylvania-Danville,83,25,3
05/25/2020,Portsmouth,272,40,11
05/25/2020,"Prince William",5812,512,108
05/25/2020,Rappahannock,1249,137,16
05/25/2020,"Rappahannock Rapidan",1025,73,11
05/25/2020,Richmond,1040,134,20
05/25/2020,Roanoke,140,7,9
05/25/2020,Southside,255,37,21
05/25/2020,"Thomas Jefferson",422,68,19
05/25/2020,"Three Rivers",480,33,6
05/25/2020,"Virginia Beach",618,90,20
05/25/2020,"West Piedmont",148,15,5
05/25/2020,"Western Tidewater",607,64,37
05/26/2020,Alexandria,1785,175,41
05/26/2020,Alleghany,184,24,16
05/26/2020,Arlington,1935,367,104
05/26/2020,"Central Shenandoah",1436,114,28
05/26/2020,"Central Virginia",189,16,4
05/26/2020,Chesapeake,459,84,14
05/26/2020,Chesterfield,1327,76,42
05/26/2020,Chickahominy,456,77,27
05/26/2020,Crater,556,82,16
05/26/2020,"Cumberland Plateau",33,2,0
05/26/2020,"Eastern Shore",979,63,28
05/26/2020,Fairfax,9947,1263,350
05/26/2020,Hampton,183,30,3
05/26/2020,Henrico,1546,179,118
05/26/2020,Lenowisco,42,15,4
05/26/2020,"Lord Fairfax",1135,104,45
05/26/2020,Loudoun,2186,153,52
05/26/2020,"Mount Rogers",310,21,6
05/26/2020,"New River",98,13,1
05/26/2020,Norfolk,450,61,6
05/26/2020,Peninsula,571,113,32
05/26/2020,Piedmont,674,43,6
05/26/2020,Pittsylvania-Danville,83,25,3
05/26/2020,Portsmouth,281,41,11
05/26/2020,"Prince William",6225,521,111
05/26/2020,Rappahannock,1354,139,16
05/26/2020,"Rappahannock Rapidan",1074,74,12
05/26/2020,Richmond,1089,134,20
05/26/2020,Roanoke,146,9,9
05/26/2020,Southside,262,37,21
05/26/2020,"Thomas Jefferson",451,68,19
05/26/2020,"Three Rivers",489,33,6
05/26/2020,"Virginia Beach",638,90,23
05/26/2020,"West Piedmont",159,15,5
05/26/2020,"Western Tidewater",610,64,37
05/27/2020,Alexandria,1824,175,42
05/27/2020,Alleghany,184,24,16
05/27/2020,Arlington,1988,371,109
05/27/2020,"Central Shenandoah",1447,116,28
05/27/2020,"Central Virginia",199,16,4
05/27/2020,Chesapeake,472,85,14
05/27/2020,Chesterfield,1377,76,42
05/27/2020,Chickahominy,465,78,30
05/27/2020,Crater,593,83,17
05/27/2020,"Cumberland Plateau",32,2,0
05/27/2020,"Eastern Shore",1005,65,30
05/27/2020,Fairfax,10181,1285,376
05/27/2020,Hampton,183,30,3
05/27/2020,Henrico,1579,180,119
05/27/2020,Lenowisco,42,15,4
05/27/2020,"Lord Fairfax",1206,112,45
05/27/2020,Loudoun,2274,155,53
05/27/2020,"Mount Rogers",315,22,6
05/27/2020,"New River",101,14,1
05/27/2020,Norfolk,451,62,6
05/27/2020,Peninsula,575,113,32
05/27/2020,Piedmont,683,43,6
05/27/2020,Pittsylvania-Danville,83,25,3
05/27/2020,Portsmouth,282,41,11
05/27/2020,"Prince William",6320,526,115
05/27/2020,Rappahannock,1381,139,16
05/27/2020,"Rappahannock Rapidan",1089,74,11
05/27/2020,Richmond,1112,137,21
05/27/2020,Roanoke,146,9,9
05/27/2020,Southside,263,37,22
05/27/2020,"Thomas Jefferson",470,68,19
05/27/2020,"Three Rivers",494,34,6
05/27/2020,"Virginia Beach",646,90,22
05/27/2020,"West Piedmont",171,18,6
05/27/2020,"Western Tidewater",616,65,37
05/28/2020,Alexandria,1887,180,44
05/28/2020,Alleghany,186,24,16
05/28/2020,Arlington,2039,373,109
05/28/2020,"Central Shenandoah",1468,118,30
05/28/2020,"Central Virginia",201,16,4
05/28/2020,Chesapeake,481,86,14
05/28/2020,Chesterfield,1447,80,51
05/28/2020,Chickahominy,472,79,32
05/28/2020,Crater,632,88,18
05/28/2020,"Cumberland Plateau",33,2,0
05/28/2020,"Eastern Shore",1034,67,32
05/28/2020,Fairfax,10619,1286,385
05/28/2020,Hampton,190,30,3
05/28/2020,Henrico,1624,184,131
05/28/2020,Lenowisco,42,16,4
05/28/2020,"Lord Fairfax",1279,118,48
05/28/2020,Loudoun,2318,156,63
05/28/2020,"Mount Rogers",318,22,6
05/28/2020,"New River",106,14,1
05/28/2020,Norfolk,452,62,6
05/28/2020,Peninsula,582,113,32
05/28/2020,Piedmont,695,44,6
05/28/2020,Pittsylvania-Danville,88,27,3
05/28/2020,Portsmouth,284,42,11
05/28/2020,"Prince William",6409,532,117
05/28/2020,Rappahannock,1419,143,16
05/28/2020,"Rappahannock Rapidan",1102,75,12
05/28/2020,Richmond,1133,138,21
05/28/2020,Roanoke,147,9,9
05/28/2020,Southside,268,38,22
05/28/2020,"Thomas Jefferson",480,68,19
05/28/2020,"Three Rivers",504,36,8
05/28/2020,"Virginia Beach",662,91,22
05/28/2020,"West Piedmont",179,19,5
05/28/2020,"Western Tidewater",621,66,38
05/29/2020,Alexandria,1941,181,44
05/29/2020,Alleghany,195,24,16
05/29/2020,Arlington,2089,372,111
05/29/2020,"Central Shenandoah",1491,118,30
05/29/2020,"Central Virginia",202,16,4
05/29/2020,Chesapeake,494,86,15
05/29/2020,Chesterfield,1518,85,52
05/29/2020,Chickahominy,478,81,32
05/29/2020,Crater,703,90,18
05/29/2020,"Cumberland Plateau",33,2,0
05/29/2020,"Eastern Shore",1055,75,32
05/29/2020,Fairfax,10856,1300,392
05/29/2020,Hampton,192,30,3
05/29/2020,Henrico,1678,194,133
05/29/2020,Lenowisco,42,16,4
05/29/2020,"Lord Fairfax",1321,119,50
05/29/2020,Loudoun,2429,159,62
05/29/2020,"Mount Rogers",322,24,6
05/29/2020,"New River",109,15,1
05/29/2020,Norfolk,470,67,6
05/29/2020,Peninsula,582,114,32
05/29/2020,Piedmont,702,47,6
05/29/2020,Pittsylvania-Danville,90,28,3
05/29/2020,Portsmouth,294,43,11
05/29/2020,"Prince William",6561,539,117
05/29/2020,Rappahannock,1448,148,17
05/29/2020,"Rappahannock Rapidan",1123,77,14
05/29/2020,Richmond,1202,146,22
05/29/2020,Roanoke,152,9,9
05/29/2020,Southside,269,38,22
05/29/2020,"Thomas Jefferson",498,69,19
05/29/2020,"Three Rivers",505,36,8
05/29/2020,"Virginia Beach",680,92,23
05/29/2020,"West Piedmont",183,19,5
05/29/2020,"Western Tidewater",626,70,39
05/30/2020,Alexandria,1960,187,44
05/30/2020,Alleghany,199,24,16
05/30/2020,Arlington,2107,371,113
05/30/2020,"Central Shenandoah",1517,120,30
05/30/2020,"Central Virginia",207,16,4
05/30/2020,Chesapeake,520,87,15
05/30/2020,Chesterfield,1584,88,52
05/30/2020,Chickahominy,481,84,32
05/30/2020,Crater,732,90,18
05/30/2020,"Cumberland Plateau",33,2,0
05/30/2020,"Eastern Shore",1093,75,32
05/30/2020,Fairfax,11026,1319,397
05/30/2020,Hampton,197,30,3
05/30/2020,Henrico,1754,201,133
05/30/2020,Lenowisco,42,16,4
05/30/2020,"Lord Fairfax",1374,119,50
05/30/2020,Loudoun,2529,162,62
05/30/2020,"Mount Rogers",331,25,6
05/30/2020,"New River",109,15,1
05/30/2020,Norfolk,490,69,6
05/30/2020,Peninsula,583,115,32
05/30/2020,Piedmont,716,47,6
05/30/2020,Pittsylvania-Danville,91,28,3
05/30/2020,Portsmouth,307,44,11
05/30/2020,"Prince William",6757,553,120
05/30/2020,Rappahannock,1513,150,17
05/30/2020,"Rappahannock Rapidan",1140,78,14
05/30/2020,Richmond,1249,149,24
05/30/2020,Roanoke,155,9,9
05/30/2020,Southside,272,38,22
05/30/2020,"Thomas Jefferson",515,70,19
05/30/2020,"Three Rivers",510,38,8
05/30/2020,"Virginia Beach",699,92,23
05/30/2020,"West Piedmont",189,19,5
05/30/2020,"Western Tidewater",630,71,39
05/31/2020,Alexandria,1974,190,44
05/31/2020,Alleghany,200,24,16
05/31/2020,Arlington,2116,372,115
05/31/2020,"Central Shenandoah",1538,120,30
05/31/2020,"Central Virginia",213,16,4
05/31/2020,Chesapeake,521,87,15
05/31/2020,Chesterfield,1678,88,52
05/31/2020,Chickahominy,488,85,32
05/31/2020,Crater,746,90,18
05/31/2020,"Cumberland Plateau",35,2,0
05/31/2020,"Eastern Shore",1146,76,35
05/31/2020,Fairfax,11230,1330,397
05/31/2020,Hampton,207,30,3
05/31/2020,Henrico,1820,203,133
05/31/2020,Lenowisco,43,16,4
05/31/2020,"Lord Fairfax",1390,120,50
05/31/2020,Loudoun,2575,163,62
05/31/2020,"Mount Rogers",350,34,6
05/31/2020,"New River",113,15,1
05/31/2020,Norfolk,503,69,6
05/31/2020,Peninsula,604,115,32
05/31/2020,Piedmont,720,47,6
05/31/2020,Pittsylvania-Danville,99,27,3
05/31/2020,Portsmouth,308,44,11
05/31/2020,"Prince William",6930,556,120
05/31/2020,Rappahannock,1568,154,17
05/31/2020,"Rappahannock Rapidan",1162,80,14
05/31/2020,Richmond,1316,151,24
05/31/2020,Roanoke,160,9,9
05/31/2020,Southside,272,38,22
05/31/2020,"Thomas Jefferson",525,70,19
05/31/2020,"Three Rivers",518,38,8
05/31/2020,"Virginia Beach",708,94,23
05/31/2020,"West Piedmont",199,19,5
05/31/2020,"Western Tidewater",632,71,39
06/01/2020,Alexandria,1981,192,45
06/01/2020,Alleghany,204,24,16
06/01/2020,Arlington,2123,376,116
06/01/2020,"Central Shenandoah",1585,122,30
06/01/2020,"Central Virginia",216,16,4
06/01/2020,Chesapeake,535,88,15
06/01/2020,Chesterfield,1699,88,52
06/01/2020,Chickahominy,489,85,32
06/01/2020,Crater,769,92,20
06/01/2020,"Cumberland Plateau",35,2,0
06/01/2020,"Eastern Shore",1158,77,35
06/01/2020,Fairfax,11341,1348,401
06/01/2020,Hampton,210,30,3
06/01/2020,Henrico,1858,203,134
06/01/2020,Lenowisco,43,16,4
06/01/2020,"Lord Fairfax",1418,121,50
06/01/2020,Loudoun,2611,163,66
06/01/2020,"Mount Rogers",352,34,6
06/01/2020,"New River",114,15,1
06/01/2020,Norfolk,521,69,6
06/01/2020,Peninsula,617,115,32
06/01/2020,Piedmont,731,48,6
06/01/2020,Pittsylvania-Danville,100,28,3
06/01/2020,Portsmouth,313,44,11
06/01/2020,"Prince William",7085,569,121
06/01/2020,Rappahannock,1597,158,18
06/01/2020,"Rappahannock Rapidan",1196,80,14
06/01/2020,Richmond,1397,151,25
06/01/2020,Roanoke,167,9,9
06/01/2020,Southside,275,38,22
06/01/2020,"Thomas Jefferson",546,70,19
06/01/2020,"Three Rivers",533,38,8
06/01/2020,"Virginia Beach",745,94,23
06/01/2020,"West Piedmont",201,19,5
06/01/2020,"Western Tidewater",633,72,40
06/02/2020,Alexandria,2000,193,44
06/02/2020,Alleghany,211,24,16
06/02/2020,Arlington,2133,377,117
06/02/2020,"Central Shenandoah",1597,123,31
06/02/2020,"Central Virginia",218,16,4
06/02/2020,Chesapeake,541,89,15
06/02/2020,Chesterfield,1759,88,54
06/02/2020,Chickahominy,501,85,32
06/02/2020,Crater,809,92,20
06/02/2020,"Cumberland Plateau",35,2,0
06/02/2020,"Eastern Shore",1182,77,35
06/02/2020,Fairfax,11548,1377,405
06/02/2020,Hampton,212,30,3
06/02/2020,Henrico,1919,208,135
06/02/2020,Lenowisco,43,16,4
06/02/2020,"Lord Fairfax",1456,123,54
06/02/2020,Loudoun,2636,165,67
06/02/2020,"Mount Rogers",361,34,6
06/02/2020,"New River",118,15,1
06/02/2020,Norfolk,530,70,6
06/02/2020,Peninsula,630,117,32
06/02/2020,Piedmont,751,51,6
06/02/2020,Pittsylvania-Danville,102,28,3
06/02/2020,Portsmouth,325,47,11
06/02/2020,"Prince William",7186,578,121
06/02/2020,Rappahannock,1637,159,18
06/02/2020,"Rappahannock Rapidan",1211,83,16
06/02/2020,Richmond,1434,158,24
06/02/2020,Roanoke,171,9,9
06/02/2020,Southside,276,39,23
06/02/2020,"Thomas Jefferson",552,70,19
06/02/2020,"Three Rivers",535,38,8
06/02/2020,"Virginia Beach",752,95,23
06/02/2020,"West Piedmont",228,21,5
06/02/2020,"Western Tidewater",640,73,40
06/03/2020,Alexandria,2016,197,46
06/03/2020,Alleghany,216,24,15
06/03/2020,Arlington,2142,379,120
06/03/2020,"Central Shenandoah",1611,127,31
06/03/2020,"Central Virginia",218,16,4
06/03/2020,Chesapeake,548,90,15
06/03/2020,Chesterfield,1793,100,54
06/03/2020,Chickahominy,499,87,33
06/03/2020,Crater,872,98,20
06/03/2020,"Cumberland Plateau",35,2,0
06/03/2020,"Eastern Shore",1198,80,35
06/03/2020,Fairfax,11718,1396,410
06/03/2020,Hampton,212,30,3
06/03/2020,Henrico,1933,214,134
06/03/2020,Lenowisco,43,16,4
06/03/2020,"Lord Fairfax",1505,125,55
06/03/2020,Loudoun,2659,171,67
06/03/2020,"Mount Rogers",379,34,7
06/03/2020,"New River",119,15,1
06/03/2020,Norfolk,539,70,6
06/03/2020,Peninsula,633,117,32
06/03/2020,Piedmont,759,54,6
06/03/2020,Pittsylvania-Danville,103,28,3
06/03/2020,Portsmouth,322,47,11
06/03/2020,"Prince William",7323,608,127
06/03/2020,Rappahannock,1646,160,18
06/03/2020,"Rappahannock Rapidan",1222,87,16
06/03/2020,Richmond,1455,161,24
06/03/2020,Roanoke,176,10,10
06/03/2020,Southside,279,40,25
06/03/2020,"Thomas Jefferson",556,70,19
06/03/2020,"Three Rivers",541,38,9
06/03/2020,"Virginia Beach",752,97,23
06/03/2020,"West Piedmont",240,21,5
06/03/2020,"Western Tidewater",643,75,40
06/04/2020,Alexandria,2031,202,46
06/04/2020,Alleghany,216,24,15
06/04/2020,Arlington,2150,384,120
06/04/2020,"Central Shenandoah",1631,127,31
06/04/2020,"Central Virginia",219,16,4
06/04/2020,Chesapeake,554,90,15
06/04/2020,Chesterfield,1854,101,54
06/04/2020,Chickahominy,505,87,33
06/04/2020,Crater,972,104,21
06/04/2020,"Cumberland Plateau",35,2,0
06/04/2020,"Eastern Shore",1213,82,37
06/04/2020,Fairfax,11938,1405,417
06/04/2020,Hampton,214,32,4
06/04/2020,Henrico,1946,217,134
06/04/2020,Lenowisco,45,16,4
06/04/2020,"Lord Fairfax",1548,127,55
06/04/2020,Loudoun,2794,173,67
06/04/2020,"Mount Rogers",410,35,7
06/04/2020,"New River",120,15,2
06/04/2020,Norfolk,552,71,6
06/04/2020,Peninsula,640,118,33
06/04/2020,Piedmont,766,57,6
06/04/2020,Pittsylvania-Danville,103,28,3
06/04/2020,Portsmouth,325,47,11
06/04/2020,"Prince William",7437,623,128
06/04/2020,Rappahannock,1661,164,20
06/04/2020,"Rappahannock Rapidan",1237,90,16
06/04/2020,Richmond,1488,163,24
06/04/2020,Roanoke,176,10,10
06/04/2020,Southside,281,40,25
06/04/2020,"Thomas Jefferson",573,72,19
06/04/2020,"Three Rivers",557,38,9
06/04/2020,"Virginia Beach",770,100,24
06/04/2020,"West Piedmont",250,22,5
06/04/2020,"Western Tidewater",645,75,40
06/05/2020,Alexandria,2045,203,45
06/05/2020,Alleghany,224,25,15
06/05/2020,Arlington,2173,385,121
06/05/2020,"Central Shenandoah",1644,128,31
06/05/2020,"Central Virginia",239,17,4
06/05/2020,Chesapeake,563,91,15
06/05/2020,Chesterfield,1895,101,54
06/05/2020,Chickahominy,509,87,33
06/05/2020,Crater,1003,104,21
06/05/2020,"Cumberland Plateau",35,2,0
06/05/2020,"Eastern Shore",1218,84,37
06/05/2020,Fairfax,12027,1419,423
06/05/2020,Hampton,215,33,4
06/05/2020,Henrico,1983,218,134
06/05/2020,Lenowisco,45,16,4
06/05/2020,"Lord Fairfax",1569,132,56
06/05/2020,Loudoun,2837,175,67
06/05/2020,"Mount Rogers",410,35,7
06/05/2020,"New River",123,15,2
06/05/2020,Norfolk,560,71,6
06/05/2020,Peninsula,652,118,33
06/05/2020,Piedmont,779,57,6
06/05/2020,Pittsylvania-Danville,107,28,3
06/05/2020,Portsmouth,325,47,11
06/05/2020,"Prince William",7563,631,128
06/05/2020,Rappahannock,1702,165,19
06/05/2020,"Rappahannock Rapidan",1254,93,16
06/05/2020,Richmond,1527,165,25
06/05/2020,Roanoke,190,10,10
06/05/2020,Southside,283,41,25
06/05/2020,"Thomas Jefferson",579,73,19
06/05/2020,"Three Rivers",560,38,9
06/05/2020,"Virginia Beach",784,102,25
06/05/2020,"West Piedmont",257,22,5
06/05/2020,"Western Tidewater",653,77,40
06/06/2020,Alexandria,2070,209,45
06/06/2020,Alleghany,235,25,15
06/06/2020,Arlington,2195,389,120
06/06/2020,"Central Shenandoah",1662,129,31
06/06/2020,"Central Virginia",244,17,4
06/06/2020,Chesapeake,577,94,15
06/06/2020,Chesterfield,1938,101,54
06/06/2020,Chickahominy,515,88,33
06/06/2020,Crater,1033,106,21
06/06/2020,"Cumberland Plateau",36,2,0
06/06/2020,"Eastern Shore",1221,86,38
06/06/2020,Fairfax,12180,1427,426
06/06/2020,Hampton,215,33,4
06/06/2020,Henrico,2033,218,134
06/06/2020,Lenowisco,45,16,4
06/06/2020,"Lord Fairfax",1591,132,56
06/06/2020,Loudoun,2939,177,67
06/06/2020,"Mount Rogers",421,37,7
06/06/2020,"New River",133,16,3
06/06/2020,Norfolk,562,71,7
06/06/2020,Peninsula,660,118,33
06/06/2020,Piedmont,790,58,6
06/06/2020,Pittsylvania-Danville,107,28,3
06/06/2020,Portsmouth,335,47,11
06/06/2020,"Prince William",7686,636,128
06/06/2020,Rappahannock,1747,166,19
06/06/2020,"Rappahannock Rapidan",1266,94,17
06/06/2020,Richmond,1592,167,25
06/06/2020,Roanoke,197,10,10
06/06/2020,Southside,285,41,25
06/06/2020,"Thomas Jefferson",593,74,19
06/06/2020,"Three Rivers",565,40,10
06/06/2020,"Virginia Beach",798,102,25
06/06/2020,"West Piedmont",272,23,5
06/06/2020,"Western Tidewater",659,77,40
06/07/2020,Alexandria,2095,208,45
06/07/2020,Alleghany,236,25,15
06/07/2020,Arlington,2225,392,121
06/07/2020,"Central Shenandoah",1689,132,31
06/07/2020,"Central Virginia",247,17,4
06/07/2020,Chesapeake,592,96,15
06/07/2020,Chesterfield,1974,101,54
06/07/2020,Chickahominy,527,88,33
06/07/2020,Crater,1055,106,21
06/07/2020,"Cumberland Plateau",36,2,0
06/07/2020,"Eastern Shore",1238,87,39
06/07/2020,Fairfax,12580,1441,427
06/07/2020,Hampton,226,33,4
06/07/2020,Henrico,2096,218,134
06/07/2020,Lenowisco,46,16,4
06/07/2020,"Lord Fairfax",1621,132,56
06/07/2020,Loudoun,3094,179,67
06/07/2020,"Mount Rogers",442,38,8
06/07/2020,"New River",136,16,3
06/07/2020,Norfolk,583,71,7
06/07/2020,Peninsula,677,118,33
06/07/2020,Piedmont,794,59,6
06/07/2020,Pittsylvania-Danville,110,28,3
06/07/2020,Portsmouth,343,48,11
06/07/2020,"Prince William",7790,647,135
06/07/2020,Rappahannock,1874,171,19
06/07/2020,"Rappahannock Rapidan",1294,95,17
06/07/2020,Richmond,1621,169,26
06/07/2020,Roanoke,199,10,10
06/07/2020,Southside,295,44,25
06/07/2020,"Thomas Jefferson",634,76,19
06/07/2020,"Three Rivers",569,41,10
06/07/2020,"Virginia Beach",801,102,25
06/07/2020,"West Piedmont",282,23,5
06/07/2020,"Western Tidewater",660,77,40
06/08/2020,Alexandria,2102,208,45
06/08/2020,Alleghany,238,25,15
06/08/2020,Arlington,2256,392,122
06/08/2020,"Central Shenandoah",1709,133,31
06/08/2020,"Central Virginia",247,17,4
06/08/2020,Chesapeake,596,97,15
06/08/2020,Chesterfield,2014,101,54
06/08/2020,Chickahominy,526,88,33
06/08/2020,Crater,1062,106,21
06/08/2020,"Cumberland Plateau",36,2,0
06/08/2020,"Eastern Shore",1238,87,39
06/08/2020,Fairfax,12728,1449,427
06/08/2020,Hampton,227,33,4
06/08/2020,Henrico,2128,218,134
06/08/2020,Lenowisco,46,16,4
06/08/2020,"Lord Fairfax",1628,134,58
06/08/2020,Loudoun,3147,181,67
06/08/2020,"Mount Rogers",454,41,10
06/08/2020,"New River",142,17,3
06/08/2020,Norfolk,589,71,7
06/08/2020,Peninsula,680,118,33
06/08/2020,Piedmont,804,59,6
06/08/2020,Pittsylvania-Danville,110,28,3
06/08/2020,Portsmouth,343,48,11
06/08/2020,"Prince William",7885,658,135
06/08/2020,Rappahannock,1889,172,19
06/08/2020,"Rappahannock Rapidan",1303,96,17
06/08/2020,Richmond,1651,174,26
06/08/2020,Roanoke,199,10,10
06/08/2020,Southside,297,44,25
06/08/2020,"Thomas Jefferson",644,77,19
06/08/2020,"Three Rivers",571,41,10
06/08/2020,"Virginia Beach",810,102,25
06/08/2020,"West Piedmont",287,23,5
06/08/2020,"Western Tidewater",665,77,40
06/09/2020,Alexandria,2115,212,47
06/09/2020,Alleghany,243,25,15
06/09/2020,Arlington,2265,395,122
06/09/2020,"Central Shenandoah",1721,135,31
06/09/2020,"Central Virginia",250,17,4
06/09/2020,Chesapeake,605,97,15
06/09/2020,Chesterfield,2093,103,54
06/09/2020,Chickahominy,532,90,33
06/09/2020,Crater,1093,106,21
06/09/2020,"Cumberland Plateau",35,2,0
06/09/2020,"Eastern Shore",1239,88,40
06/09/2020,Fairfax,12820,1455,429
06/09/2020,Hampton,228,35,4
06/09/2020,Henrico,2146,220,134
06/09/2020,Lenowisco,45,16,4
06/09/2020,"Lord Fairfax",1641,136,58
06/09/2020,Loudoun,3174,185,67
06/09/2020,"Mount Rogers",466,45,12
06/09/2020,"New River",143,17,3
06/09/2020,Norfolk,596,73,7
06/09/2020,Peninsula,690,118,33
06/09/2020,Piedmont,810,60,6
06/09/2020,Pittsylvania-Danville,110,28,3
06/09/2020,Portsmouth,351,48,11
06/09/2020,"Prince William",7949,669,136
06/09/2020,Rappahannock,1905,177,21
06/09/2020,"Rappahannock Rapidan",1312,96,17
06/09/2020,Richmond,1667,177,27
06/09/2020,Roanoke,204,10,10
06/09/2020,Southside,297,44,26
06/09/2020,"Thomas Jefferson",649,77,19
06/09/2020,"Three Rivers",567,40,9
06/09/2020,"Virginia Beach",815,104,27
06/09/2020,"West Piedmont",293,26,5
06/09/2020,"Western Tidewater",669,77,46
06/10/2020,Alexandria,2125,216,47
06/10/2020,Alleghany,243,25,14
06/10/2020,Arlington,2280,394,121
06/10/2020,"Central Shenandoah",1734,135,31
06/10/2020,"Central Virginia",254,17,4
06/10/2020,Chesapeake,617,97,15
06/10/2020,Chesterfield,2149,104,55
06/10/2020,Chickahominy,533,95,34
06/10/2020,Crater,1126,107,21
06/10/2020,"Cumberland Plateau",35,2,0
06/10/2020,"Eastern Shore",1241,88,40
06/10/2020,Fairfax,12871,1469,436
06/10/2020,Hampton,231,36,5
06/10/2020,Henrico,2162,223,135
06/10/2020,Lenowisco,45,16,4
06/10/2020,"Lord Fairfax",1662,136,60
06/10/2020,Loudoun,3180,196,67
06/10/2020,"Mount Rogers",482,46,18
06/10/2020,"New River",146,18,3
06/10/2020,Norfolk,605,74,7
06/10/2020,Peninsula,695,120,33
06/10/2020,Piedmont,827,61,7
06/10/2020,Pittsylvania-Danville,115,28,3
06/10/2020,Portsmouth,354,49,11
06/10/2020,"Prince William",7998,683,136
06/10/2020,Rappahannock,1930,178,22
06/10/2020,"Rappahannock Rapidan",1319,96,18
06/10/2020,Richmond,1686,180,26
06/10/2020,Roanoke,207,10,10
06/10/2020,Southside,299,44,26
06/10/2020,"Thomas Jefferson",655,77,19
06/10/2020,"Three Rivers",569,42,9
06/10/2020,"Virginia Beach",823,105,27
06/10/2020,"West Piedmont",303,28,5
06/10/2020,"Western Tidewater",676,77,45
06/11/2020,Alexandria,2127,218,48
06/11/2020,Alleghany,250,25,14
06/11/2020,Arlington,2299,396,124
06/11/2020,"Central Shenandoah",1740,138,32
06/11/2020,"Central Virginia",253,17,4
06/11/2020,Chesapeake,622,98,15
06/11/2020,Chesterfield,2195,117,55
06/11/2020,Chickahominy,539,96,34
06/11/2020,Crater,1139,108,21
06/11/2020,"Cumberland Plateau",35,2,0
06/11/2020,"Eastern Shore",1243,89,40
06/11/2020,Fairfax,12936,1478,432
06/11/2020,Hampton,233,37,5
06/11/2020,Henrico,2170,229,135
06/11/2020,Lenowisco,45,16,4
06/11/2020,"Lord Fairfax",1675,137,60
06/11/2020,Loudoun,3229,201,69
06/11/2020,"Mount Rogers",506,52,19
06/11/2020,"New River",146,18,4
06/11/2020,Norfolk,619,74,7
06/11/2020,Peninsula,710,120,33
06/11/2020,Piedmont,857,63,7
06/11/2020,Pittsylvania-Danville,117,30,3
06/11/2020,Portsmouth,364,56,11
06/11/2020,"Prince William",8028,695,136
06/11/2020,Rappahannock,1950,180,23
06/11/2020,"Rappahannock Rapidan",1324,98,18
06/11/2020,Richmond,1709,184,26
06/11/2020,Roanoke,222,10,10
06/11/2020,Southside,301,44,26
06/11/2020,"Thomas Jefferson",669,78,19
06/11/2020,"Three Rivers",570,43,9
06/11/2020,"Virginia Beach",832,107,27
06/11/2020,"West Piedmont",312,29,5
06/11/2020,"Western Tidewater",681,77,45
06/12/2020,Alexandria,2128,222,48
06/12/2020,Alleghany,256,26,14
06/12/2020,Arlington,2307,397,125
06/12/2020,"Central Shenandoah",1756,138,32
06/12/2020,"Central Virginia",260,17,4
06/12/2020,Chesapeake,636,99,16
06/12/2020,Chesterfield,2270,126,55
06/12/2020,Chickahominy,546,95,34
06/12/2020,Crater,1160,109,21
06/12/2020,"Cumberland Plateau",35,2,0
06/12/2020,"Eastern Shore",1246,92,40
06/12/2020,Fairfax,12987,1482,435
06/12/2020,Hampton,234,37,5
06/12/2020,Henrico,2193,231,136
06/12/2020,Lenowisco,45,16,4
06/12/2020,"Lord Fairfax",1703,139,61
06/12/2020,Loudoun,3280,204,70
06/12/2020,"Mount Rogers",515,56,20
06/12/2020,"New River",146,18,4
06/12/2020,Norfolk,630,74,7
06/12/2020,Peninsula,731,120,33
06/12/2020,Piedmont,874,68,7
06/12/2020,Pittsylvania-Danville,122,31,3
06/12/2020,Portsmouth,370,56,11
06/12/2020,"Prince William",8090,725,138
06/12/2020,Rappahannock,1988,186,24
06/12/2020,"Rappahannock Rapidan",1332,99,18
06/12/2020,Richmond,1733,185,28
06/12/2020,Roanoke,232,11,10
06/12/2020,Southside,302,44,26
06/12/2020,"Thomas Jefferson",680,79,19
06/12/2020,"Three Rivers",572,45,9
06/12/2020,"Virginia Beach",847,107,27
06/12/2020,"West Piedmont",320,32,5
06/12/2020,"Western Tidewater",685,77,45
06/13/2020,Alexandria,2134,223,48
06/13/2020,Alleghany,262,27,14
06/13/2020,Arlington,2321,398,125
06/13/2020,"Central Shenandoah",1765,140,32
06/13/2020,"Central Virginia",267,17,4
06/13/2020,Chesapeake,650,100,16
06/13/2020,Chesterfield,2316,127,56
06/13/2020,Chickahominy,556,97,34
06/13/2020,Crater,1209,113,21
06/13/2020,"Cumberland Plateau",35,2,0
06/13/2020,"Eastern Shore",1250,93,41
06/13/2020,Fairfax,13062,1486,436
06/13/2020,Hampton,234,37,5
06/13/2020,Henrico,2234,233,136
06/13/2020,Lenowisco,45,16,4
06/13/2020,"Lord Fairfax",1717,146,61
06/13/2020,Loudoun,3321,204,71
06/13/2020,"Mount Rogers",546,60,20
06/13/2020,"New River",148,18,4
06/13/2020,Norfolk,643,80,7
06/13/2020,Peninsula,739,121,33
06/13/2020,Piedmont,880,70,7
06/13/2020,Pittsylvania-Danville,123,31,3
06/13/2020,Portsmouth,375,57,12
06/13/2020,"Prince William",8180,741,138
06/13/2020,Rappahannock,2023,188,26
06/13/2020,"Rappahannock Rapidan",1340,99,18
06/13/2020,Richmond,1789,186,28
06/13/2020,Roanoke,247,11,10
06/13/2020,Southside,307,45,26
06/13/2020,"Thomas Jefferson",685,81,19
06/13/2020,"Three Rivers",577,46,9
06/13/2020,"Virginia Beach",869,107,27
06/13/2020,"West Piedmont",326,33,5
06/13/2020,"Western Tidewater",694,78,45
06/14/2020,Alexandria,2151,223,48
06/14/2020,Alleghany,263,27,14
06/14/2020,Arlington,2338,400,125
06/14/2020,"Central Shenandoah",1783,141,32
06/14/2020,"Central Virginia",269,17,4
06/14/2020,Chesapeake,659,100,16
06/14/2020,Chesterfield,2347,127,56
06/14/2020,Chickahominy,561,99,34
06/14/2020,Crater,1228,113,21
06/14/2020,"Cumberland Plateau",35,2,0
06/14/2020,"Eastern Shore",1255,93,41
06/14/2020,Fairfax,13140,1490,436
06/14/2020,Hampton,238,37,5
06/14/2020,Henrico,2264,237,136
06/14/2020,Lenowisco,45,16,4
06/14/2020,"Lord Fairfax",1726,146,61
06/14/2020,Loudoun,3384,204,71
06/14/2020,"Mount Rogers",563,63,22
06/14/2020,"New River",149,18,4
06/14/2020,Norfolk,660,80,7
06/14/2020,Peninsula,758,121,33
06/14/2020,Piedmont,884,71,7
06/14/2020,Pittsylvania-Danville,134,32,3
06/14/2020,Portsmouth,375,57,12
06/14/2020,"Prince William",8267,741,138
06/14/2020,Rappahannock,2105,189,28
06/14/2020,"Rappahannock Rapidan",1354,102,18
06/14/2020,Richmond,1814,188,29
06/14/2020,Roanoke,250,11,10
06/14/2020,Southside,309,45,26
06/14/2020,"Thomas Jefferson",701,81,19
06/14/2020,"Three Rivers",581,46,9
06/14/2020,"Virginia Beach",890,108,27
06/14/2020,"West Piedmont",327,33,5
06/14/2020,"Western Tidewater",699,78,45
06/15/2020,Alexandria,2160,225,48
06/15/2020,Alleghany,263,27,14
06/15/2020,Arlington,2346,405,125
06/15/2020,"Central Shenandoah",1787,144,32
06/15/2020,"Central Virginia",269,17,4
06/15/2020,Chesapeake,672,102,16
06/15/2020,Chesterfield,2360,127,56
06/15/2020,Chickahominy,568,101,35
06/15/2020,Crater,1247,113,21
06/15/2020,"Cumberland Plateau",35,2,0
06/15/2020,"Eastern Shore",1258,93,41
06/15/2020,Fairfax,13215,1518,436
06/15/2020,Hampton,241,37,5
06/15/2020,Henrico,2289,238,136
06/15/2020,Lenowisco,46,16,4
06/15/2020,"Lord Fairfax",1732,147,61
06/15/2020,Loudoun,3404,204,71
06/15/2020,"Mount Rogers",568,63,22
06/15/2020,"New River",149,18,4
06/15/2020,Norfolk,668,82,7
06/15/2020,Peninsula,769,121,33
06/15/2020,Piedmont,897,71,7
06/15/2020,Pittsylvania-Danville,136,32,3
06/15/2020,Portsmouth,386,58,12
06/15/2020,"Prince William",8306,744,141
06/15/2020,Rappahannock,2140,191,29
06/15/2020,"Rappahannock Rapidan",1359,102,18
06/15/2020,Richmond,1832,188,29
06/15/2020,Roanoke,250,11,10
06/15/2020,Southside,312,45,26
06/15/2020,"Thomas Jefferson",708,81,19
06/15/2020,"Three Rivers",584,46,9
06/15/2020,"Virginia Beach",899,108,27
06/15/2020,"West Piedmont",331,33,5
06/15/2020,"Western Tidewater",700,78,46
06/16/2020,Alexandria,2168,224,47
06/16/2020,Alleghany,278,27,14
06/16/2020,Arlington,2363,407,125
06/16/2020,"Central Shenandoah",1798,146,31
06/16/2020,"Central Virginia",280,17,4
06/16/2020,Chesapeake,678,102,16
06/16/2020,Chesterfield,2429,128,56
06/16/2020,Chickahominy,570,102,35
06/16/2020,Crater,1253,117,21
06/16/2020,"Cumberland Plateau",36,2,0
06/16/2020,"Eastern Shore",1271,102,41
06/16/2020,Fairfax,13228,1527,441
06/16/2020,Hampton,246,37,5
06/16/2020,Henrico,2311,240,137
06/16/2020,Lenowisco,46,16,4
06/16/2020,"Lord Fairfax",1749,148,62
06/16/2020,Loudoun,3439,206,76
06/16/2020,"Mount Rogers",573,63,22
06/16/2020,"New River",152,18,4
06/16/2020,Norfolk,681,84,7
06/16/2020,Peninsula,785,123,33
06/16/2020,Piedmont,912,73,7
06/16/2020,Pittsylvania-Danville,136,32,3
06/16/2020,Portsmouth,387,59,12
06/16/2020,"Prince William",8326,753,147
06/16/2020,Rappahannock,2166,192,30
06/16/2020,"Rappahannock Rapidan",1372,103,18
06/16/2020,Richmond,1848,191,29
06/16/2020,Roanoke,270,11,10
06/16/2020,Southside,323,45,26
06/16/2020,"Thomas Jefferson",717,81,19
06/16/2020,"Three Rivers",586,46,10
06/16/2020,"Virginia Beach",909,110,27
06/16/2020,"West Piedmont",341,33,5
06/16/2020,"Western Tidewater",704,78,46
06/17/2020,Alexandria,2175,225,48
06/17/2020,Alleghany,287,28,14
06/17/2020,Arlington,2372,407,124
06/17/2020,"Central Shenandoah",1817,147,32
06/17/2020,"Central Virginia",282,17,4
06/17/2020,Chesapeake,684,103,16
06/17/2020,Chesterfield,2487,128,57
06/17/2020,Chickahominy,575,102,35
06/17/2020,Crater,1271,122,21
06/17/2020,"Cumberland Plateau",37,2,0
06/17/2020,"Eastern Shore",1283,105,41
06/17/2020,Fairfax,13279,1535,443
06/17/2020,Hampton,248,37,5
06/17/2020,Henrico,2332,241,140
06/17/2020,Lenowisco,46,16,4
06/17/2020,"Lord Fairfax",1764,149,62
06/17/2020,Loudoun,3458,217,80
06/17/2020,"Mount Rogers",583,62,23
06/17/2020,"New River",152,18,4
06/17/2020,Norfolk,698,85,7
06/17/2020,Peninsula,795,123,33
06/17/2020,Piedmont,920,76,7
06/17/2020,Pittsylvania-Danville,139,32,3
06/17/2020,Portsmouth,395,60,13
06/17/2020,"Prince William",8364,755,147
06/17/2020,Rappahannock,2188,195,30
06/17/2020,"Rappahannock Rapidan",1382,103,18
06/17/2020,Richmond,1872,195,28
06/17/2020,Roanoke,277,12,10
06/17/2020,Southside,329,46,26
06/17/2020,"Thomas Jefferson",722,81,19
06/17/2020,"Three Rivers",586,46,10
06/17/2020,"Virginia Beach",923,112,28
06/17/2020,"West Piedmont",349,32,5
06/17/2020,"Western Tidewater",704,78,46
06/18/2020,Alexandria,2186,229,48
06/18/2020,Alleghany,288,28,14
06/18/2020,Arlington,2382,409,126
06/18/2020,"Central Shenandoah",1839,148,32
06/18/2020,"Central Virginia",283,17,4
06/18/2020,Chesapeake,697,105,16
06/18/2020,Chesterfield,2549,128,57
06/18/2020,Chickahominy,578,104,35
06/18/2020,Crater,1279,126,21
06/18/2020,"Cumberland Plateau",37,2,0
06/18/2020,"Eastern Shore",1285,105,41
06/18/2020,Fairfax,13334,1547,444
06/18/2020,Hampton,251,37,5
06/18/2020,Henrico,2342,241,139
06/18/2020,Lenowisco,46,16,4
06/18/2020,"Lord Fairfax",1786,149,62
06/18/2020,Loudoun,3499,228,82
06/18/2020,"Mount Rogers",590,62,23
06/18/2020,"New River",153,18,4
06/18/2020,Norfolk,704,88,7
06/18/2020,Peninsula,799,123,33
06/18/2020,Piedmont,939,78,7
06/18/2020,Pittsylvania-Danville,144,33,3
06/18/2020,Portsmouth,402,60,13
06/18/2020,"Prince William",8414,757,147
06/18/2020,Rappahannock,2211,196,30
06/18/2020,"Rappahannock Rapidan",1383,103,18
06/18/2020,Richmond,1895,198,29
06/18/2020,Roanoke,277,12,10
06/18/2020,Southside,344,46,26
06/18/2020,"Thomas Jefferson",737,81,19
06/18/2020,"Three Rivers",590,46,9
06/18/2020,"Virginia Beach",936,112,27
06/18/2020,"West Piedmont",354,34,5
06/18/2020,"Western Tidewater",705,78,46
06/19/2020,Alexandria,2198,230,48
06/19/2020,Alleghany,305,28,14
06/19/2020,Arlington,2396,409,126
06/19/2020,"Central Shenandoah",1850,148,32
06/19/2020,"Central Virginia",293,17,4
06/19/2020,Chesapeake,709,105,16
06/19/2020,Chesterfield,2641,130,65
06/19/2020,Chickahominy,585,103,34
06/19/2020,Crater,1299,126,21
06/19/2020,"Cumberland Plateau",37,2,0
06/19/2020,"Eastern Shore",1289,106,41
06/19/2020,Fairfax,13369,1565,445
06/19/2020,Hampton,252,37,5
06/19/2020,Henrico,2368,241,138
06/19/2020,Lenowisco,46,16,4
06/19/2020,"Lord Fairfax",1798,155,62
06/19/2020,Loudoun,3504,232,82
06/19/2020,"Mount Rogers",613,63,23
06/19/2020,"New River",153,18,4
06/19/2020,Norfolk,707,89,7
06/19/2020,Peninsula,811,124,33
06/19/2020,Piedmont,947,79,7
06/19/2020,Pittsylvania-Danville,144,33,3
06/19/2020,Portsmouth,405,60,13
06/19/2020,"Prince William",8510,762,152
06/19/2020,Rappahannock,2230,202,32
06/19/2020,"Rappahannock Rapidan",1387,103,18
06/19/2020,Richmond,1929,200,29
06/19/2020,Roanoke,291,12,10
06/19/2020,Southside,363,47,26
06/19/2020,"Thomas Jefferson",739,81,19
06/19/2020,"Three Rivers",598,48,11
06/19/2020,"Virginia Beach",950,112,27
06/19/2020,"West Piedmont",367,36,5
06/19/2020,"Western Tidewater",710,78,46
06/20/2020,Alexandria,2217,231,49
06/20/2020,Alleghany,319,30,14
06/20/2020,Arlington,2405,411,126
06/20/2020,"Central Shenandoah",1870,148,32
06/20/2020,"Central Virginia",303,17,4
06/20/2020,Chesapeake,721,105,16
06/20/2020,Chesterfield,2733,130,65
06/20/2020,Chickahominy,597,103,34
06/20/2020,Crater,1314,126,21
06/20/2020,"Cumberland Plateau",37,2,0
06/20/2020,"Eastern Shore",1292,106,41
06/20/2020,Fairfax,13468,1566,448
06/20/2020,Hampton,258,37,5
06/20/2020,Henrico,2383,241,138
06/20/2020,Lenowisco,46,16,4
06/20/2020,"Lord Fairfax",1805,155,62
06/20/2020,Loudoun,3543,232,82
06/20/2020,"Mount Rogers",626,63,23
06/20/2020,"New River",169,19,4
06/20/2020,Norfolk,723,90,7
06/20/2020,Peninsula,835,124,33
06/20/2020,Piedmont,948,79,7
06/20/2020,Pittsylvania-Danville,154,33,3
06/20/2020,Portsmouth,405,60,13
06/20/2020,"Prince William",8567,761,152
06/20/2020,Rappahannock,2255,204,33
06/20/2020,"Rappahannock Rapidan",1393,103,18
06/20/2020,Richmond,1960,199,29
06/20/2020,Roanoke,308,13,10
06/20/2020,Southside,363,47,26
06/20/2020,"Thomas Jefferson",765,81,19
06/20/2020,"Three Rivers",620,48,11
06/20/2020,"Virginia Beach",956,112,27
06/20/2020,"West Piedmont",370,36,5
06/20/2020,"Western Tidewater",715,79,46
06/21/2020,Alexandria,2227,231,49
06/21/2020,Alleghany,319,30,14
06/21/2020,Arlington,2418,412,126
06/21/2020,"Central Shenandoah",1882,149,32
06/21/2020,"Central Virginia",304,17,4
06/21/2020,Chesapeake,733,105,16
06/21/2020,Chesterfield,2750,130,65
06/21/2020,Chickahominy,604,104,34
06/21/2020,Crater,1336,126,21
06/21/2020,"Cumberland Plateau",37,2,0
06/21/2020,"Eastern Shore",1301,106,42
06/21/2020,Fairfax,13546,1573,448
06/21/2020,Hampton,264,37,5
06/21/2020,Henrico,2413,240,138
06/21/2020,Lenowisco,46,16,4
06/21/2020,"Lord Fairfax",1844,156,62
06/21/2020,Loudoun,3585,248,83
06/21/2020,"Mount Rogers",632,64,23
06/21/2020,"New River",177,20,4
06/21/2020,Norfolk,737,90,7
06/21/2020,Peninsula,849,124,33
06/21/2020,Piedmont,948,79,7
06/21/2020,Pittsylvania-Danville,158,33,3
06/21/2020,Portsmouth,406,60,13
06/21/2020,"Prince William",8652,762,154
06/21/2020,Rappahannock,2275,205,33
06/21/2020,"Rappahannock Rapidan",1395,103,18
06/21/2020,Richmond,1985,199,29
06/21/2020,Roanoke,313,13,10
06/21/2020,Southside,364,47,26
06/21/2020,"Thomas Jefferson",784,81,19
06/21/2020,"Three Rivers",624,48,11
06/21/2020,"Virginia Beach",988,115,27
06/21/2020,"West Piedmont",373,36,5
06/21/2020,"Western Tidewater",725,79,46
06/22/2020,Alexandria,2236,231,49
06/22/2020,Alleghany,327,31,14
06/22/2020,Arlington,2424,412,126
06/22/2020,"Central Shenandoah",1897,150,34
06/22/2020,"Central Virginia",304,17,4
06/22/2020,Chesapeake,759,106,16
06/22/2020,Chesterfield,2770,130,65
06/22/2020,Chickahominy,607,104,35
06/22/2020,Crater,1350,128,21
06/22/2020,"Cumberland Plateau",37,2,0
06/22/2020,"Eastern Shore",1303,106,42
06/22/2020,Fairfax,13626,1581,452
06/22/2020,Hampton,271,37,5
06/22/2020,Henrico,2426,240,138
06/22/2020,Lenowisco,48,16,4
06/22/2020,"Lord Fairfax",1868,158,62
06/22/2020,Loudoun,3612,255,84
06/22/2020,"Mount Rogers",636,65,23
06/22/2020,"New River",177,20,4
06/22/2020,Norfolk,746,91,7
06/22/2020,Peninsula,863,124,33
06/22/2020,Piedmont,977,79,7
06/22/2020,Pittsylvania-Danville,160,33,3
06/22/2020,Portsmouth,419,62,13
06/22/2020,"Prince William",8684,763,154
06/22/2020,Rappahannock,2293,206,34
06/22/2020,"Rappahannock Rapidan",1402,103,18
06/22/2020,Richmond,2008,199,29
06/22/2020,Roanoke,324,13,10
06/22/2020,Southside,366,47,26
06/22/2020,"Thomas Jefferson",799,81,19
06/22/2020,"Three Rivers",625,48,11
06/22/2020,"Virginia Beach",1006,115,27
06/22/2020,"West Piedmont",376,36,5
06/22/2020,"Western Tidewater",739,80,46
06/23/2020,Alexandria,2248,231,49
06/23/2020,Alleghany,353,31,14
06/23/2020,Arlington,2431,414,126
06/23/2020,"Central Shenandoah",1911,152,34
06/23/2020,"Central Virginia",316,17,5
06/23/2020,Chesapeake,774,109,16
06/23/2020,Chesterfield,2849,132,68
06/23/2020,Chickahominy,615,104,35
06/23/2020,Crater,1355,129,21
06/23/2020,"Cumberland Plateau",37,2,0
06/23/2020,"Eastern Shore",1304,108,42
06/23/2020,Fairfax,13705,1588,459
06/23/2020,Hampton,271,38,5
06/23/2020,Henrico,2448,240,138
06/23/2020,Lenowisco,49,16,4
06/23/2020,"Lord Fairfax",1882,160,62
06/23/2020,Loudoun,3632,255,84
06/23/2020,"Mount Rogers",647,66,23
06/23/2020,"New River",180,20,4
06/23/2020,Norfolk,747,92,7
06/23/2020,Peninsula,873,124,33
06/23/2020,Piedmont,982,81,10
06/23/2020,Pittsylvania-Danville,160,33,3
06/23/2020,Portsmouth,421,66,16
06/23/2020,"Prince William",8745,769,155
06/23/2020,Rappahannock,2307,210,38
06/23/2020,"Rappahannock Rapidan",1417,104,18
06/23/2020,Richmond,2031,200,30
06/23/2020,Roanoke,343,13,10
06/23/2020,Southside,370,47,26
06/23/2020,"Thomas Jefferson",819,81,19
06/23/2020,"Three Rivers",626,49,12
06/23/2020,"Virginia Beach",1020,116,27
06/23/2020,"West Piedmont",381,36,6
06/23/2020,"Western Tidewater",745,80,46
06/24/2020,Alexandria,2258,231,50
06/24/2020,Alleghany,360,31,14
06/24/2020,Arlington,2438,415,126
06/24/2020,"Central Shenandoah",1924,155,34
06/24/2020,"Central Virginia",319,16,5
06/24/2020,Chesapeake,792,116,16
06/24/2020,Chesterfield,2920,132,68
06/24/2020,Chickahominy,618,105,36
06/24/2020,Crater,1397,133,21
06/24/2020,"Cumberland Plateau",39,2,0
06/24/2020,"Eastern Shore",1304,107,42
06/24/2020,Fairfax,13714,1597,464
06/24/2020,Hampton,276,38,5
06/24/2020,Henrico,2463,240,138
06/24/2020,Lenowisco,49,16,4
06/24/2020,"Lord Fairfax",1886,160,62
06/24/2020,Loudoun,3683,258,84
06/24/2020,"Mount Rogers",656,66,27
06/24/2020,"New River",188,21,4
06/24/2020,Norfolk,771,93,7
06/24/2020,Peninsula,886,124,33
06/24/2020,Piedmont,989,81,10
06/24/2020,Pittsylvania-Danville,161,33,3
06/24/2020,Portsmouth,426,66,16
06/24/2020,"Prince William",8824,772,157
06/24/2020,Rappahannock,2329,210,39
06/24/2020,"Rappahannock Rapidan",1423,106,18
06/24/2020,Richmond,2071,203,31
06/24/2020,Roanoke,359,14,10
06/24/2020,Southside,371,47,28
06/24/2020,"Thomas Jefferson",832,83,19
06/24/2020,"Three Rivers",607,48,10
06/24/2020,"Virginia Beach",1038,118,27
06/24/2020,"West Piedmont",392,38,7
06/24/2020,"Western Tidewater",751,80,46
06/25/2020,Alexandria,2271,231,50
06/25/2020,Alleghany,359,31,14
06/25/2020,Arlington,2445,416,127
06/25/2020,"Central Shenandoah",1951,155,34
06/25/2020,"Central Virginia",331,16,5
06/25/2020,Chesapeake,800,116,16
06/25/2020,Chesterfield,2951,133,68
06/25/2020,Chickahominy,621,104,35
06/25/2020,Crater,1408,136,21
06/25/2020,"Cumberland Plateau",41,2,0
06/25/2020,"Eastern Shore",1306,109,42
06/25/2020,Fairfax,13737,1604,471
06/25/2020,Hampton,281,38,5
06/25/2020,Henrico,2500,242,140
06/25/2020,Lenowisco,49,16,4
06/25/2020,"Lord Fairfax",1899,162,63
06/25/2020,Loudoun,3739,261,85
06/25/2020,"Mount Rogers",668,68,27
06/25/2020,"New River",188,22,5
06/25/2020,Norfolk,795,95,8
06/25/2020,Peninsula,891,126,34
06/25/2020,Piedmont,993,81,10
06/25/2020,Pittsylvania-Danville,168,36,3
06/25/2020,Portsmouth,442,67,16
06/25/2020,"Prince William",8855,777,158
06/25/2020,Rappahannock,2343,211,39
06/25/2020,"Rappahannock Rapidan",1423,106,18
06/25/2020,Richmond,2089,206,30
06/25/2020,Roanoke,359,14,10
06/25/2020,Southside,375,46,28
06/25/2020,"Thomas Jefferson",854,83,19
06/25/2020,"Three Rivers",609,48,10
06/25/2020,"Virginia Beach",1053,118,27
06/25/2020,"West Piedmont",394,38,7
06/25/2020,"Western Tidewater",758,81,46
06/26/2020,Alexandria,2287,237,56
06/26/2020,Alleghany,358,31,14
06/26/2020,Arlington,2449,417,132
06/26/2020,"Central Shenandoah",1973,160,34
06/26/2020,"Central Virginia",353,16,5
06/26/2020,Chesapeake,846,124,18
06/26/2020,Chesterfield,3001,134,68
06/26/2020,Chickahominy,627,106,35
06/26/2020,Crater,1427,140,21
06/26/2020,"Cumberland Plateau",41,2,0
06/26/2020,"Eastern Shore",1306,110,42
06/26/2020,Fairfax,13778,1616,477
06/26/2020,Hampton,296,39,5
06/26/2020,Henrico,2543,244,141
06/26/2020,Lenowisco,49,16,4
06/26/2020,"Lord Fairfax",1902,164,64
06/26/2020,Loudoun,3806,261,86
06/26/2020,"Mount Rogers",673,70,27
06/26/2020,"New River",195,22,5
06/26/2020,Norfolk,822,97,8
06/26/2020,Peninsula,905,126,34
06/26/2020,Piedmont,992,82,10
06/26/2020,Pittsylvania-Danville,179,37,3
06/26/2020,Portsmouth,449,67,16
06/26/2020,"Prince William",8905,785,159
06/26/2020,Rappahannock,2374,217,41
06/26/2020,"Rappahannock Rapidan",1428,107,18
06/26/2020,Richmond,2133,212,30
06/26/2020,Roanoke,360,14,10
06/26/2020,Southside,376,46,28
06/26/2020,"Thomas Jefferson",868,87,19
06/26/2020,"Three Rivers",623,48,9
06/26/2020,"Virginia Beach",1082,117,28
06/26/2020,"West Piedmont",401,38,7
06/26/2020,"Western Tidewater",763,82,46
06/27/2020,Alexandria,2303,238,57
06/27/2020,Alleghany,360,31,14
06/27/2020,Arlington,2454,417,132
06/27/2020,"Central Shenandoah",2003,163,34
06/27/2020,"Central Virginia",353,16,5
06/27/2020,Chesapeake,854,125,20
06/27/2020,Chesterfield,3062,134,68
06/27/2020,Chickahominy,630,107,36
06/27/2020,Crater,1456,142,26
06/27/2020,"Cumberland Plateau",58,2,0
06/27/2020,"Eastern Shore",1308,110,42
06/27/2020,Fairfax,13854,1623,482
06/27/2020,Hampton,305,41,5
06/27/2020,Henrico,2560,249,141
06/27/2020,Lenowisco,49,16,4
06/27/2020,"Lord Fairfax",1941,171,66
06/27/2020,Loudoun,3890,262,86
06/27/2020,"Mount Rogers",680,72,29
06/27/2020,"New River",199,22,5
06/27/2020,Norfolk,842,101,9
06/27/2020,Peninsula,926,126,34
06/27/2020,Piedmont,999,82,10
06/27/2020,Pittsylvania-Danville,186,38,3
06/27/2020,Portsmouth,455,68,16
06/27/2020,"Prince William",8970,789,160
06/27/2020,Rappahannock,2413,219,42
06/27/2020,"Rappahannock Rapidan",1432,107,20
06/27/2020,Richmond,2159,214,30
06/27/2020,Roanoke,363,14,10
06/27/2020,Southside,388,46,28
06/27/2020,"Thomas Jefferson",886,88,19
06/27/2020,"Three Rivers",627,48,9
06/27/2020,"Virginia Beach",1092,118,29
06/27/2020,"West Piedmont",414,38,7
06/27/2020,"Western Tidewater",776,83,46
06/28/2020,Alexandria,2312,238,57
06/28/2020,Alleghany,370,31,14
06/28/2020,Arlington,2464,417,132
06/28/2020,"Central Shenandoah",2025,165,36
06/28/2020,"Central Virginia",360,16,5
06/28/2020,Chesapeake,879,128,20
06/28/2020,Chesterfield,3076,134,68
06/28/2020,Chickahominy,635,107,36
06/28/2020,Crater,1457,142,26
06/28/2020,"Cumberland Plateau",58,2,0
06/28/2020,"Eastern Shore",1308,110,42
06/28/2020,Fairfax,13904,1625,487
06/28/2020,Hampton,310,41,5
06/28/2020,Henrico,2579,250,141
06/28/2020,Lenowisco,50,16,4
06/28/2020,"Lord Fairfax",1958,171,66
06/28/2020,Loudoun,3932,265,87
06/28/2020,"Mount Rogers",695,72,29
06/28/2020,"New River",215,22,5
06/28/2020,Norfolk,855,101,9
06/28/2020,Peninsula,942,126,34
06/28/2020,Piedmont,999,82,10
06/28/2020,Pittsylvania-Danville,188,39,3
06/28/2020,Portsmouth,459,68,16
06/28/2020,"Prince William",9019,790,160
06/28/2020,Rappahannock,2435,219,42
06/28/2020,"Rappahannock Rapidan",1433,107,20
06/28/2020,Richmond,2184,214,30
06/28/2020,Roanoke,368,14,10
06/28/2020,Southside,391,48,28
06/28/2020,"Thomas Jefferson",912,88,19
06/28/2020,"Three Rivers",635,49,9
06/28/2020,"Virginia Beach",1123,118,29
06/28/2020,"West Piedmont",429,38,7
06/28/2020,"Western Tidewater",777,83,46
06/29/2020,Alexandria,2317,238,57
06/29/2020,Alleghany,420,31,14
06/29/2020,Arlington,2466,418,132
06/29/2020,"Central Shenandoah",2042,165,36
06/29/2020,"Central Virginia",371,16,5
06/29/2020,Chesapeake,887,130,20
06/29/2020,Chesterfield,3091,134,68
06/29/2020,Chickahominy,639,107,36
06/29/2020,Crater,1466,143,28
06/29/2020,"Cumberland Plateau",61,2,0
06/29/2020,"Eastern Shore",1308,110,42
06/29/2020,Fairfax,13966,1627,493
06/29/2020,Hampton,316,41,5
06/29/2020,Henrico,2584,251,141
06/29/2020,Lenowisco,50,16,4
06/29/2020,"Lord Fairfax",1965,172,66
06/29/2020,Loudoun,3968,271,87
06/29/2020,"Mount Rogers",700,72,29
06/29/2020,"New River",230,22,5
06/29/2020,Norfolk,889,104,9
06/29/2020,Peninsula,961,126,34
06/29/2020,Piedmont,1008,84,10
06/29/2020,Pittsylvania-Danville,199,41,3
06/29/2020,Portsmouth,471,68,16
06/29/2020,"Prince William",9022,793,160
06/29/2020,Rappahannock,2442,219,42
06/29/2020,"Rappahannock Rapidan",1434,107,20
06/29/2020,Richmond,2195,218,30
06/29/2020,Roanoke,403,14,10
06/29/2020,Southside,392,48,28
06/29/2020,"Thomas Jefferson",916,88,19
06/29/2020,"Three Rivers",641,49,9
06/29/2020,"Virginia Beach",1145,118,29
06/29/2020,"West Piedmont",438,38,7
06/29/2020,"Western Tidewater",786,83,46
06/30/2020,Alexandria,2325,238,57
06/30/2020,Alleghany,486,31,15
06/30/2020,Arlington,2479,418,132
06/30/2020,"Central Shenandoah",2057,166,36
06/30/2020,"Central Virginia",386,16,5
06/30/2020,Chesapeake,895,130,20
06/30/2020,Chesterfield,3122,135,69
06/30/2020,Chickahominy,644,107,36
06/30/2020,Crater,1492,148,30
06/30/2020,"Cumberland Plateau",62,2,0
06/30/2020,"Eastern Shore",1311,111,42
06/30/2020,Fairfax,13976,1631,503
06/30/2020,Hampton,328,41,5
06/30/2020,Henrico,2591,254,141
06/30/2020,Lenowisco,53,17,4
06/30/2020,"Lord Fairfax",1974,174,67
06/30/2020,Loudoun,4000,275,87
06/30/2020,"Mount Rogers",707,72,29
06/30/2020,"New River",233,22,5
06/30/2020,Norfolk,915,105,9
06/30/2020,Peninsula,980,126,34
06/30/2020,Piedmont,1011,86,10
06/30/2020,Pittsylvania-Danville,208,41,3
06/30/2020,Portsmouth,482,68,16
06/30/2020,"Prince William",9113,799,166
06/30/2020,Rappahannock,2452,221,42
06/30/2020,"Rappahannock Rapidan",1440,108,20
06/30/2020,Richmond,2209,220,30
06/30/2020,Roanoke,439,14,9
06/30/2020,Southside,396,48,28
06/30/2020,"Thomas Jefferson",926,88,20
06/30/2020,"Three Rivers",647,50,9
06/30/2020,"Virginia Beach",1176,118,29
06/30/2020,"West Piedmont",472,40,7
06/30/2020,"Western Tidewater",800,83,48
07/01/2020,Alexandria,2325,237,57
07/01/2020,Alleghany,490,31,15
07/01/2020,Arlington,2484,418,132
07/01/2020,"Central Shenandoah",2059,165,37
07/01/2020,"Central Virginia",385,16,5
07/01/2020,Chesapeake,925,137,20
07/01/2020,Chesterfield,3140,138,72
07/01/2020,Chickahominy,645,109,37
07/01/2020,Crater,1510,152,32
07/01/2020,"Cumberland Plateau",62,2,0
07/01/2020,"Eastern Shore",1312,112,42
07/01/2020,Fairfax,13986,1640,503
07/01/2020,Hampton,336,41,5
07/01/2020,Henrico,2603,257,146
07/01/2020,Lenowisco,53,17,4
07/01/2020,"Lord Fairfax",2014,175,67
07/01/2020,Loudoun,4047,279,87
07/01/2020,"Mount Rogers",725,74,30
07/01/2020,"New River",238,22,5
07/01/2020,Norfolk,934,107,10
07/01/2020,Peninsula,995,126,34
07/01/2020,Piedmont,1023,87,11
07/01/2020,Pittsylvania-Danville,209,41,3
07/01/2020,Portsmouth,497,69,16
07/01/2020,"Prince William",9175,803,168
07/01/2020,Rappahannock,2455,223,43
07/01/2020,"Rappahannock Rapidan",1444,109,21
07/01/2020,Richmond,2213,222,29
07/01/2020,Roanoke,438,14,10
07/01/2020,Southside,402,49,28
07/01/2020,"Thomas Jefferson",938,94,22
07/01/2020,"Three Rivers",648,49,9
07/01/2020,"Virginia Beach",1203,119,29
07/01/2020,"West Piedmont",480,41,7
07/01/2020,"Western Tidewater",810,87,50
07/02/2020,Alexandria,2327,237,57
07/02/2020,Alleghany,500,31,15
07/02/2020,Arlington,2496,421,132
07/02/2020,"Central Shenandoah",2082,171,39
07/02/2020,"Central Virginia",393,16,5
07/02/2020,Chesapeake,959,140,21
07/02/2020,Chesterfield,3166,149,73
07/02/2020,Chickahominy,652,110,37
07/02/2020,Crater,1539,152,33
07/02/2020,"Cumberland Plateau",65,2,0
07/02/2020,"Eastern Shore",1313,112,42
07/02/2020,Fairfax,14010,1658,507
07/02/2020,Hampton,339,41,5
07/02/2020,Henrico,2615,257,152
07/02/2020,Lenowisco,54,17,4
07/02/2020,"Lord Fairfax",2048,178,67
07/02/2020,Loudoun,4083,278,89
07/02/2020,"Mount Rogers",736,74,31
07/02/2020,"New River",243,22,5
07/02/2020,Norfolk,987,108,11
07/02/2020,Peninsula,1005,127,34
07/02/2020,Piedmont,1030,89,12
07/02/2020,Pittsylvania-Danville,212,41,3
07/02/2020,Portsmouth,513,71,18
07/02/2020,"Prince William",9238,811,167
07/02/2020,Rappahannock,2478,225,44
07/02/2020,"Rappahannock Rapidan",1448,109,22
07/02/2020,Richmond,2227,225,30
07/02/2020,Roanoke,436,14,10
07/02/2020,Southside,410,49,30
07/02/2020,"Thomas Jefferson",948,97,23
07/02/2020,"Three Rivers",649,49,9
07/02/2020,"Virginia Beach",1225,121,30
07/02/2020,"West Piedmont",492,43,7
07/02/2020,"Western Tidewater",817,88,52
07/03/2020,Alexandria,2338,238,57
07/03/2020,Alleghany,531,31,15
07/03/2020,Arlington,2500,421,132
07/03/2020,"Central Shenandoah",2111,173,40
07/03/2020,"Central Virginia",418,16,5
07/03/2020,Chesapeake,972,143,21
07/03/2020,Chesterfield,3203,149,73
07/03/2020,Chickahominy,669,111,39
07/03/2020,Crater,1562,154,38
07/03/2020,"Cumberland Plateau",65,2,0
07/03/2020,"Eastern Shore",1313,113,42
07/03/2020,Fairfax,14089,1668,509
07/03/2020,Hampton,354,41,5
07/03/2020,Henrico,2629,258,157
07/03/2020,Lenowisco,55,17,4
07/03/2020,"Lord Fairfax",2060,183,69
07/03/2020,Loudoun,4113,279,91
07/03/2020,"Mount Rogers",743,74,32
07/03/2020,"New River",252,22,5
07/03/2020,Norfolk,1000,111,11
07/03/2020,Peninsula,1019,127,34
07/03/2020,Piedmont,1065,89,13
07/03/2020,Pittsylvania-Danville,223,41,3
07/03/2020,Portsmouth,526,73,18
07/03/2020,"Prince William",9306,820,170
07/03/2020,Rappahannock,2489,226,44
07/03/2020,"Rappahannock Rapidan",1457,109,22
07/03/2020,Richmond,2248,227,30
07/03/2020,Roanoke,465,14,10
07/03/2020,Southside,414,49,30
07/03/2020,"Thomas Jefferson",960,99,25
07/03/2020,"Three Rivers",648,50,9
07/03/2020,"Virginia Beach",1254,121,30
07/03/2020,"West Piedmont",501,45,7
07/03/2020,"Western Tidewater",841,88,55
07/04/2020,Alexandria,2357,239,57
07/04/2020,Alleghany,537,31,15
07/04/2020,Arlington,2519,421,131
07/04/2020,"Central Shenandoah",2130,173,40
07/04/2020,"Central Virginia",430,16,5
07/04/2020,Chesapeake,1003,147,21
07/04/2020,Chesterfield,3201,149,73
07/04/2020,Chickahominy,669,111,39
07/04/2020,Crater,1583,154,38
07/04/2020,"Cumberland Plateau",66,2,0
07/04/2020,"Eastern Shore",1314,113,42
07/04/2020,Fairfax,14197,1674,510
07/04/2020,Hampton,360,41,5
07/04/2020,Henrico,2663,261,158
07/04/2020,Lenowisco,56,17,4
07/04/2020,"Lord Fairfax",2068,183,71
07/04/2020,Loudoun,4175,279,91
07/04/2020,"Mount Rogers",749,74,32
07/04/2020,"New River",255,22,5
07/04/2020,Norfolk,1067,113,12
07/04/2020,Peninsula,1054,127,34
07/04/2020,Piedmont,1065,89,13
07/04/2020,Pittsylvania-Danville,227,42,3
07/04/2020,Portsmouth,539,73,18
07/04/2020,"Prince William",9354,822,171
07/04/2020,Rappahannock,2518,227,44
07/04/2020,"Rappahannock Rapidan",1466,109,22
07/04/2020,Richmond,2262,226,29
07/04/2020,Roanoke,476,14,10
07/04/2020,Southside,420,50,30
07/04/2020,"Thomas Jefferson",1025,99,25
07/04/2020,"Three Rivers",649,50,9
07/04/2020,"Virginia Beach",1300,123,30
07/04/2020,"West Piedmont",506,45,7
07/04/2020,"Western Tidewater",849,89,55
07/05/2020,Alexandria,2376,239,57
07/05/2020,Alleghany,543,31,15
07/05/2020,Arlington,2533,421,131
07/05/2020,"Central Shenandoah",2140,173,40
07/05/2020,"Central Virginia",430,16,5
07/05/2020,Chesapeake,1015,147,21
07/05/2020,Chesterfield,3247,149,73
07/05/2020,Chickahominy,675,111,39
07/05/2020,Crater,1590,155,38
07/05/2020,"Cumberland Plateau",68,2,0
07/05/2020,"Eastern Shore",1316,113,42
07/05/2020,Fairfax,14279,1677,511
07/05/2020,Hampton,369,41,5
07/05/2020,Henrico,2681,262,158
07/05/2020,Lenowisco,60,17,4
07/05/2020,"Lord Fairfax",2089,184,74
07/05/2020,Loudoun,4207,278,90
07/05/2020,"Mount Rogers",765,75,32
07/05/2020,"New River",258,22,5
07/05/2020,Norfolk,1072,114,12
07/05/2020,Peninsula,1097,127,34
07/05/2020,Piedmont,1065,89,13
07/05/2020,Pittsylvania-Danville,236,43,3
07/05/2020,Portsmouth,549,73,18
07/05/2020,"Prince William",9465,823,171
07/05/2020,Rappahannock,2531,228,44
07/05/2020,"Rappahannock Rapidan",1484,109,22
07/05/2020,Richmond,2276,228,29
07/05/2020,Roanoke,479,14,10
07/05/2020,Southside,423,50,30
07/05/2020,"Thomas Jefferson",1040,99,25
07/05/2020,"Three Rivers",661,50,9
07/05/2020,"Virginia Beach",1350,123,30
07/05/2020,"West Piedmont",518,45,7
07/05/2020,"Western Tidewater",861,90,56
07/06/2020,Alexandria,2380,240,57
07/06/2020,Alleghany,555,31,15
07/06/2020,Arlington,2533,421,131
07/06/2020,"Central Shenandoah",2142,172,40
07/06/2020,"Central Virginia",436,16,5
07/06/2020,Chesapeake,1026,147,21
07/06/2020,Chesterfield,3260,149,73
07/06/2020,Chickahominy,677,111,39
07/06/2020,Crater,1612,158,38
07/06/2020,"Cumberland Plateau",69,2,0
07/06/2020,"Eastern Shore",1316,113,42
07/06/2020,Fairfax,14331,1679,510
07/06/2020,Hampton,376,41,5
07/06/2020,Henrico,2685,264,159
07/06/2020,Lenowisco,63,17,4
07/06/2020,"Lord Fairfax",2093,184,74
07/06/2020,Loudoun,4216,278,90
07/06/2020,"Mount Rogers",773,75,32
07/06/2020,"New River",264,22,5
07/06/2020,Norfolk,1105,115,12
07/06/2020,Peninsula,1113,127,34
07/06/2020,Piedmont,1073,89,13
07/06/2020,Pittsylvania-Danville,236,43,3
07/06/2020,Portsmouth,549,73,18
07/06/2020,"Prince William",9479,825,171
07/06/2020,Rappahannock,2534,230,44
07/06/2020,"Rappahannock Rapidan",1493,111,22
07/06/2020,Richmond,2288,228,29
07/06/2020,Roanoke,492,14,10
07/06/2020,Southside,427,50,30
07/06/2020,"Thomas Jefferson",1052,101,25
07/06/2020,"Three Rivers",661,50,9
07/06/2020,"Virginia Beach",1392,123,30
07/06/2020,"West Piedmont",532,45,7
07/06/2020,"Western Tidewater",869,91,56
07/07/2020,Alexandria,2399,241,57
07/07/2020,Alleghany,572,31,15
07/07/2020,Arlington,2550,422,131
07/07/2020,"Central Shenandoah",2166,172,41
07/07/2020,"Central Virginia",444,16,6
07/07/2020,Chesapeake,1046,154,22
07/07/2020,Chesterfield,3296,159,76
07/07/2020,Chickahominy,683,110,41
07/07/2020,Crater,1640,161,40
07/07/2020,"Cumberland Plateau",75,2,0
07/07/2020,"Eastern Shore",1314,113,42
07/07/2020,Fairfax,14317,1698,510
07/07/2020,Hampton,390,41,5
07/07/2020,Henrico,2708,265,163
07/07/2020,Lenowisco,63,17,4
07/07/2020,"Lord Fairfax",2106,186,74
07/07/2020,Loudoun,4252,280,93
07/07/2020,"Mount Rogers",781,75,33
07/07/2020,"New River",268,22,5
07/07/2020,Norfolk,1162,116,12
07/07/2020,Peninsula,1144,127,34
07/07/2020,Piedmont,1076,90,14
07/07/2020,Pittsylvania-Danville,238,43,3
07/07/2020,Portsmouth,572,75,18
07/07/2020,"Prince William",9543,844,172
07/07/2020,Rappahannock,2559,232,44
07/07/2020,"Rappahannock Rapidan",1509,113,23
07/07/2020,Richmond,2301,228,29
07/07/2020,Roanoke,502,14,10
07/07/2020,Southside,433,51,30
07/07/2020,"Thomas Jefferson",1063,101,29
07/07/2020,"Three Rivers",670,52,10
07/07/2020,"Virginia Beach",1455,124,30
07/07/2020,"West Piedmont",551,46,8
07/07/2020,"Western Tidewater",892,91,57
07/08/2020,Alexandria,2408,242,57
07/08/2020,Alleghany,580,31,15
07/08/2020,Arlington,2558,422,132
07/08/2020,"Central Shenandoah",2194,176,41
07/08/2020,"Central Virginia",445,16,6
07/08/2020,Chesapeake,1088,155,22
07/08/2020,Chesterfield,3315,161,79
07/08/2020,Chickahominy,687,110,41
07/08/2020,Crater,1656,163,44
07/08/2020,"Cumberland Plateau",79,2,0
07/08/2020,"Eastern Shore",1314,113,42
07/08/2020,Fairfax,14379,1713,510
07/08/2020,Hampton,409,41,5
07/08/2020,Henrico,2721,264,165
07/08/2020,Lenowisco,63,17,4
07/08/2020,"Lord Fairfax",2118,188,74
07/08/2020,Loudoun,4282,283,98
07/08/2020,"Mount Rogers",790,76,33
07/08/2020,"New River",271,22,6
07/08/2020,Norfolk,1194,119,14
07/08/2020,Peninsula,1178,127,35
07/08/2020,Piedmont,1084,95,15
07/08/2020,Pittsylvania-Danville,247,43,3
07/08/2020,Portsmouth,593,79,18
07/08/2020,"Prince William",9577,847,175
07/08/2020,Rappahannock,2575,237,44
07/08/2020,"Rappahannock Rapidan",1517,114,23
07/08/2020,Richmond,2321,230,29
07/08/2020,Roanoke,525,14,10
07/08/2020,Southside,437,52,31
07/08/2020,"Thomas Jefferson",1095,101,29
07/08/2020,"Three Rivers",669,54,10
07/08/2020,"Virginia Beach",1520,128,30
07/08/2020,"West Piedmont",568,49,8
07/08/2020,"Western Tidewater",918,93,57
07/09/2020,Alexandria,2419,244,57
07/09/2020,Alleghany,588,31,15
07/09/2020,Arlington,2567,423,132
07/09/2020,"Central Shenandoah",2201,176,42
07/09/2020,"Central Virginia",447,16,6
07/09/2020,Chesapeake,1117,155,22
07/09/2020,Chesterfield,3345,167,83
07/09/2020,Chickahominy,691,112,41
07/09/2020,Crater,1661,164,48
07/09/2020,"Cumberland Plateau",81,2,0
07/09/2020,"Eastern Shore",1314,113,42
07/09/2020,Fairfax,14409,1717,511
07/09/2020,Hampton,424,40,4
07/09/2020,Henrico,2725,265,169
07/09/2020,Lenowisco,64,17,4
07/09/2020,"Lord Fairfax",2128,188,74
07/09/2020,Loudoun,4319,286,99
07/09/2020,"Mount Rogers",797,77,35
07/09/2020,"New River",274,23,6
07/09/2020,Norfolk,1289,120,14
07/09/2020,Peninsula,1220,128,35
07/09/2020,Piedmont,1100,97,17
07/09/2020,Pittsylvania-Danville,248,43,3
07/09/2020,Portsmouth,605,82,18
07/09/2020,"Prince William",9602,847,179
07/09/2020,Rappahannock,2596,241,45
07/09/2020,"Rappahannock Rapidan",1529,114,24
07/09/2020,Richmond,2333,236,33
07/09/2020,Roanoke,542,14,10
07/09/2020,Southside,441,53,31
07/09/2020,"Thomas Jefferson",1123,101,29
07/09/2020,"Three Rivers",707,55,10
07/09/2020,"Virginia Beach",1547,130,30
07/09/2020,"West Piedmont",588,53,8
07/09/2020,"Western Tidewater",947,95,61
07/10/2020,Alexandria,2439,247,57
07/10/2020,Alleghany,600,31,15
07/10/2020,Arlington,2582,425,133
07/10/2020,"Central Shenandoah",2225,177,42
07/10/2020,"Central Virginia",461,16,6
07/10/2020,Chesapeake,1162,156,22
07/10/2020,Chesterfield,3374,170,84
07/10/2020,Chickahominy,700,113,41
07/10/2020,Crater,1671,165,49
07/10/2020,"Cumberland Plateau",86,4,0
07/10/2020,"Eastern Shore",1315,113,42
07/10/2020,Fairfax,14479,1718,513
07/10/2020,Hampton,454,40,4
07/10/2020,Henrico,2784,268,172
07/10/2020,Lenowisco,68,17,4
07/10/2020,"Lord Fairfax",2136,189,75
07/10/2020,Loudoun,4349,288,99
07/10/2020,"Mount Rogers",807,77,35
07/10/2020,"New River",282,23,6
07/10/2020,Norfolk,1360,123,15
07/10/2020,Peninsula,1253,128,35
07/10/2020,Piedmont,1110,103,18
07/10/2020,Pittsylvania-Danville,252,43,4
07/10/2020,Portsmouth,627,83,18
07/10/2020,"Prince William",9669,848,180
07/10/2020,Rappahannock,2628,244,45
07/10/2020,"Rappahannock Rapidan",1547,116,24
07/10/2020,Richmond,2361,237,35
07/10/2020,Roanoke,552,14,10
07/10/2020,Southside,452,54,31
07/10/2020,"Thomas Jefferson",1144,102,29
07/10/2020,"Three Rivers",760,58,13
07/10/2020,"Virginia Beach",1663,133,30
07/10/2020,"West Piedmont",599,56,8
07/10/2020,"Western Tidewater",980,96,64
07/11/2020,Alexandria,2453,248,57
07/11/2020,Alleghany,604,31,15
07/11/2020,Arlington,2597,425,134
07/11/2020,"Central Shenandoah",2249,178,42
07/11/2020,"Central Virginia",493,16,6
07/11/2020,Chesapeake,1204,157,22
07/11/2020,Chesterfield,3416,173,84
07/11/2020,Chickahominy,707,114,41
07/11/2020,Crater,1691,166,49
07/11/2020,"Cumberland Plateau",91,3,0
07/11/2020,"Eastern Shore",1316,113,42
07/11/2020,Fairfax,14528,1723,512
07/11/2020,Hampton,469,40,4
07/11/2020,Henrico,2822,268,173
07/11/2020,Lenowisco,70,17,4
07/11/2020,"Lord Fairfax",2158,189,75
07/11/2020,Loudoun,4373,289,99
07/11/2020,"Mount Rogers",818,78,35
07/11/2020,"New River",287,23,6
07/11/2020,Norfolk,1448,125,15
07/11/2020,Peninsula,1276,129,35
07/11/2020,Piedmont,1117,107,18
07/11/2020,Pittsylvania-Danville,272,43,4
07/11/2020,Portsmouth,662,86,19
07/11/2020,"Prince William",9708,850,181
07/11/2020,Rappahannock,2651,245,45
07/11/2020,"Rappahannock Rapidan",1566,117,25
07/11/2020,Richmond,2386,237,35
07/11/2020,Roanoke,557,14,10
07/11/2020,Southside,464,55,31
07/11/2020,"Thomas Jefferson",1173,103,29
07/11/2020,"Three Rivers",781,58,13
07/11/2020,"Virginia Beach",1759,134,30
07/11/2020,"West Piedmont",616,57,8
07/11/2020,"Western Tidewater",1000,96,64
07/12/2020,Alexandria,2455,249,57
07/12/2020,Alleghany,640,31,15
07/12/2020,Arlington,2615,425,134
07/12/2020,"Central Shenandoah",2264,178,42
07/12/2020,"Central Virginia",505,16,6
07/12/2020,Chesapeake,1253,157,22
07/12/2020,Chesterfield,3438,174,84
07/12/2020,Chickahominy,720,115,41
07/12/2020,Crater,1703,166,49
07/12/2020,"Cumberland Plateau",96,5,0
07/12/2020,"Eastern Shore",1316,113,42
07/12/2020,Fairfax,14607,1728,514
07/12/2020,Hampton,488,40,4
07/12/2020,Henrico,2860,269,173
07/12/2020,Lenowisco,78,17,4
07/12/2020,"Lord Fairfax",2187,189,75
07/12/2020,Loudoun,4407,289,99
07/12/2020,"Mount Rogers",834,79,35
07/12/2020,"New River",296,23,6
07/12/2020,Norfolk,1548,128,16
07/12/2020,Peninsula,1318,129,35
07/12/2020,Piedmont,1120,107,18
07/12/2020,Pittsylvania-Danville,306,46,4
07/12/2020,Portsmouth,686,86,19
07/12/2020,"Prince William",9752,859,182
07/12/2020,Rappahannock,2666,245,45
07/12/2020,"Rappahannock Rapidan",1584,118,25
07/12/2020,Richmond,2415,237,35
07/12/2020,Roanoke,582,15,10
07/12/2020,Southside,470,57,31
07/12/2020,"Thomas Jefferson",1208,104,29
07/12/2020,"Three Rivers",782,58,13
07/12/2020,"Virginia Beach",1821,139,30
07/12/2020,"West Piedmont",616,57,8
07/12/2020,"Western Tidewater",1034,96,64
07/13/2020,Alexandria,2456,249,57
07/13/2020,Alleghany,646,31,15
07/13/2020,Arlington,2626,422,134
07/13/2020,"Central Shenandoah",2300,180,42
07/13/2020,"Central Virginia",515,16,6
07/13/2020,Chesapeake,1326,157,22
07/13/2020,Chesterfield,3466,174,84
07/13/2020,Chickahominy,729,115,41
07/13/2020,Crater,1725,168,49
07/13/2020,"Cumberland Plateau",101,5,0
07/13/2020,"Eastern Shore",1315,113,42
07/13/2020,Fairfax,14682,1729,514
07/13/2020,Hampton,544,40,4
07/13/2020,Henrico,2891,270,173
07/13/2020,Lenowisco,80,17,4
07/13/2020,"Lord Fairfax",2200,190,75
07/13/2020,Loudoun,4431,289,99
07/13/2020,"Mount Rogers",840,80,35
07/13/2020,"New River",309,23,6
07/13/2020,Norfolk,1588,129,16
07/13/2020,Peninsula,1448,131,35
07/13/2020,Piedmont,1126,107,18
07/13/2020,Pittsylvania-Danville,311,46,4
07/13/2020,Portsmouth,714,86,19
07/13/2020,"Prince William",9802,859,182
07/13/2020,Rappahannock,2680,248,45
07/13/2020,"Rappahannock Rapidan",1595,120,25
07/13/2020,Richmond,2432,238,35
07/13/2020,Roanoke,588,15,10
07/13/2020,Southside,487,57,31
07/13/2020,"Thomas Jefferson",1236,106,29
07/13/2020,"Three Rivers",799,59,13
07/13/2020,"Virginia Beach",1978,140,32
07/13/2020,"West Piedmont",616,57,8
07/13/2020,"Western Tidewater",1060,99,64
07/14/2020,Alexandria,2465,250,57
07/14/2020,Alleghany,668,32,15
07/14/2020,Arlington,2660,422,134
07/14/2020,"Central Shenandoah",2310,182,45
07/14/2020,"Central Virginia",521,16,6
07/14/2020,Chesapeake,1379,159,23
07/14/2020,Chesterfield,3536,176,86
07/14/2020,Chickahominy,734,115,41
07/14/2020,Crater,1738,170,49
07/14/2020,"Cumberland Plateau",111,6,0
07/14/2020,"Eastern Shore",1319,113,42
07/14/2020,Fairfax,14701,1739,514
07/14/2020,Hampton,568,42,4
07/14/2020,Henrico,2925,270,173
07/14/2020,Lenowisco,89,18,4
07/14/2020,"Lord Fairfax",2209,191,75
07/14/2020,Loudoun,4458,296,99
07/14/2020,"Mount Rogers",848,82,36
07/14/2020,"New River",315,23,6
07/14/2020,Norfolk,1606,132,16
07/14/2020,Peninsula,1518,131,35
07/14/2020,Piedmont,1133,109,18
07/14/2020,Pittsylvania-Danville,313,46,4
07/14/2020,Portsmouth,761,88,19
07/14/2020,"Prince William",9845,864,182
07/14/2020,Rappahannock,2699,250,46
07/14/2020,"Rappahannock Rapidan",1606,123,25
07/14/2020,Richmond,2457,240,36
07/14/2020,Roanoke,611,15,10
07/14/2020,Southside,495,57,31
07/14/2020,"Thomas Jefferson",1277,105,29
07/14/2020,"Three Rivers",816,57,12
07/14/2020,"Virginia Beach",1993,140,32
07/14/2020,"West Piedmont",646,59,8
07/14/2020,"Western Tidewater",1113,99,65
07/15/2020,Alexandria,2486,253,57
07/15/2020,Alleghany,670,32,15
07/15/2020,Arlington,2677,422,134
07/15/2020,"Central Shenandoah",2343,184,46
07/15/2020,"Central Virginia",535,16,6
07/15/2020,Chesapeake,1441,160,23
07/15/2020,Chesterfield,3587,177,86
07/15/2020,Chickahominy,744,114,40
07/15/2020,Crater,1768,175,50
07/15/2020,"Cumberland Plateau",115,6,0
07/15/2020,"Eastern Shore",1320,113,42
07/15/2020,Fairfax,14781,1769,516
07/15/2020,Hampton,592,42,4
07/15/2020,Henrico,2947,273,175
07/15/2020,Lenowisco,95,19,4
07/15/2020,"Lord Fairfax",2233,194,77
07/15/2020,Loudoun,4519,301,101
07/15/2020,"Mount Rogers",865,83,36
07/15/2020,"New River",317,23,6
07/15/2020,Norfolk,1742,133,18
07/15/2020,Peninsula,1578,134,35
07/15/2020,Piedmont,1146,110,18
07/15/2020,Pittsylvania-Danville,335,46,4
07/15/2020,Portsmouth,794,89,19
07/15/2020,"Prince William",9907,869,185
07/15/2020,Rappahannock,2719,252,46
07/15/2020,"Rappahannock Rapidan",1618,123,25
07/15/2020,Richmond,2473,245,36
07/15/2020,Roanoke,612,15,10
07/15/2020,Southside,499,58,31
07/15/2020,"Thomas Jefferson",1298,109,29
07/15/2020,"Three Rivers",824,58,11
07/15/2020,"Virginia Beach",2137,142,34
07/15/2020,"West Piedmont",671,64,8
07/15/2020,"Western Tidewater",1139,102,65
07/16/2020,Alexandria,2507,253,56
07/16/2020,Alleghany,689,37,15
07/16/2020,Arlington,2691,426,134
07/16/2020,"Central Shenandoah",2358,189,46
07/16/2020,"Central Virginia",542,17,6
07/16/2020,Chesapeake,1509,161,24
07/16/2020,Chesterfield,3622,194,87
07/16/2020,Chickahominy,757,114,40
07/16/2020,Crater,1790,181,50
07/16/2020,"Cumberland Plateau",121,6,0
07/16/2020,"Eastern Shore",1321,114,42
07/16/2020,Fairfax,14815,1783,523
07/16/2020,Hampton,607,42,4
07/16/2020,Henrico,2964,278,175
07/16/2020,Lenowisco,99,19,5
07/16/2020,"Lord Fairfax",2252,199,79
07/16/2020,Loudoun,4557,308,101
07/16/2020,"Mount Rogers",888,85,36
07/16/2020,"New River",322,24,6
07/16/2020,Norfolk,1888,134,19
07/16/2020,Peninsula,1622,136,35
07/16/2020,Piedmont,1150,112,18
07/16/2020,Pittsylvania-Danville,341,48,4
07/16/2020,Portsmouth,827,95,19
07/16/2020,"Prince William",9941,877,185
07/16/2020,Rappahannock,2749,253,46
07/16/2020,"Rappahannock Rapidan",1626,124,25
07/16/2020,Richmond,2498,249,36
07/16/2020,Roanoke,617,15,10
07/16/2020,Southside,509,58,31
07/16/2020,"Thomas Jefferson",1298,113,29
07/16/2020,"Three Rivers",829,59,11
07/16/2020,"Virginia Beach",2272,142,34
07/16/2020,"West Piedmont",685,72,8
07/16/2020,"Western Tidewater",1168,103,68
07/17/2020,Alexandria,2523,255,56
07/17/2020,Alleghany,694,37,15
07/17/2020,Arlington,2704,427,135
07/17/2020,"Central Shenandoah",2381,189,46
07/17/2020,"Central Virginia",564,17,6
07/17/2020,Chesapeake,1560,163,24
07/17/2020,Chesterfield,3667,198,87
07/17/2020,Chickahominy,772,114,40
07/17/2020,Crater,1805,184,50
07/17/2020,"Cumberland Plateau",125,7,0
07/17/2020,"Eastern Shore",1325,114,42
07/17/2020,Fairfax,14858,1806,522
07/17/2020,Hampton,625,42,4
07/17/2020,Henrico,2987,279,175
07/17/2020,Lenowisco,102,19,5
07/17/2020,"Lord Fairfax",2273,202,80
07/17/2020,Loudoun,4576,315,102
07/17/2020,"Mount Rogers",910,86,36
07/17/2020,"New River",329,24,6
07/17/2020,Norfolk,2020,137,19
07/17/2020,Peninsula,1686,136,35
07/17/2020,Piedmont,1160,113,19
07/17/2020,Pittsylvania-Danville,354,52,4
07/17/2020,Portsmouth,872,96,20
07/17/2020,"Prince William",10013,881,187
07/17/2020,Rappahannock,2776,253,46
07/17/2020,"Rappahannock Rapidan",1653,124,25
07/17/2020,Richmond,2521,250,36
07/17/2020,Roanoke,622,15,10
07/17/2020,Southside,514,59,31
07/17/2020,"Thomas Jefferson",1335,113,29
07/17/2020,"Three Rivers",835,60,11
07/17/2020,"Virginia Beach",2396,142,34
07/17/2020,"West Piedmont",691,74,8
07/17/2020,"Western Tidewater",1205,104,68
07/18/2020,Alexandria,2540,255,56
07/18/2020,Alleghany,694,37,15
07/18/2020,Arlington,2726,427,135
07/18/2020,"Central Shenandoah",2408,191,48
07/18/2020,"Central Virginia",576,17,6
07/18/2020,Chesapeake,1612,164,24
07/18/2020,Chesterfield,3692,206,88
07/18/2020,Chickahominy,776,114,40
07/18/2020,Crater,1826,186,50
07/18/2020,"Cumberland Plateau",130,8,0
07/18/2020,"Eastern Shore",1329,116,43
07/18/2020,Fairfax,14925,1808,522
07/18/2020,Hampton,645,42,4
07/18/2020,Henrico,3005,282,175
07/18/2020,Lenowisco,113,21,5
07/18/2020,"Lord Fairfax",2298,202,80
07/18/2020,Loudoun,4596,317,103
07/18/2020,"Mount Rogers",935,89,36
07/18/2020,"New River",335,25,6
07/18/2020,Norfolk,2134,138,19
07/18/2020,Peninsula,1747,144,38
07/18/2020,Piedmont,1161,114,19
07/18/2020,Pittsylvania-Danville,373,52,4
07/18/2020,Portsmouth,925,96,20
07/18/2020,"Prince William",10095,883,188
07/18/2020,Rappahannock,2806,256,46
07/18/2020,"Rappahannock Rapidan",1673,125,25
07/18/2020,Richmond,2541,250,36
07/18/2020,Roanoke,621,15,10
07/18/2020,Southside,521,60,32
07/18/2020,"Thomas Jefferson",1363,115,29
07/18/2020,"Three Rivers",842,61,11
07/18/2020,"Virginia Beach",2464,144,36
07/18/2020,"West Piedmont",699,78,8
07/18/2020,"Western Tidewater",1247,109,68
07/19/2020,Alexandria,2547,255,56
07/19/2020,Alleghany,704,37,15
07/19/2020,Arlington,2733,430,135
07/19/2020,"Central Shenandoah",2410,190,48
07/19/2020,"Central Virginia",595,17,6
07/19/2020,Chesapeake,1685,164,24
07/19/2020,Chesterfield,3713,206,88
07/19/2020,Chickahominy,784,115,40
07/19/2020,Crater,1849,188,50
07/19/2020,"Cumberland Plateau",135,9,0
07/19/2020,"Eastern Shore",1330,116,43
07/19/2020,Fairfax,15005,1810,522
07/19/2020,Hampton,701,42,4
07/19/2020,Henrico,3037,284,175
07/19/2020,Lenowisco,113,21,5
07/19/2020,"Lord Fairfax",2310,202,80
07/19/2020,Loudoun,4647,317,103
07/19/2020,"Mount Rogers",957,89,36
07/19/2020,"New River",343,25,6
07/19/2020,Norfolk,2155,140,19
07/19/2020,Peninsula,1924,144,38
07/19/2020,Piedmont,1164,114,19
07/19/2020,Pittsylvania-Danville,405,52,4
07/19/2020,Portsmouth,966,96,20
07/19/2020,"Prince William",10151,884,189
07/19/2020,Rappahannock,2828,256,46
07/19/2020,"Rappahannock Rapidan",1686,125,25
07/19/2020,Richmond,2563,250,36
07/19/2020,Roanoke,637,15,10
07/19/2020,Southside,533,60,32
07/19/2020,"Thomas Jefferson",1376,116,29
07/19/2020,"Three Rivers",855,61,11
07/19/2020,"Virginia Beach",2610,148,37
07/19/2020,"West Piedmont",699,78,8
07/19/2020,"Western Tidewater",1280,109,68
07/20/2020,Alexandria,2559,255,56
07/20/2020,Alleghany,715,37,15
07/20/2020,Arlington,2737,430,135
07/20/2020,"Central Shenandoah",2430,192,48
07/20/2020,"Central Virginia",636,17,6
07/20/2020,Chesapeake,1758,169,24
07/20/2020,Chesterfield,3739,207,88
07/20/2020,Chickahominy,790,115,40
07/20/2020,Crater,1860,189,50
07/20/2020,"Cumberland Plateau",139,10,0
07/20/2020,"Eastern Shore",1332,117,43
07/20/2020,Fairfax,15062,1812,522
07/20/2020,Hampton,723,43,4
07/20/2020,Henrico,3058,285,175
07/20/2020,Lenowisco,119,21,5
07/20/2020,"Lord Fairfax",2339,204,80
07/20/2020,Loudoun,4670,317,103
07/20/2020,"Mount Rogers",972,92,36
07/20/2020,"New River",348,25,6
07/20/2020,Norfolk,2214,142,20
07/20/2020,Peninsula,2005,145,39
07/20/2020,Piedmont,1177,114,19
07/20/2020,Pittsylvania-Danville,428,56,5
07/20/2020,Portsmouth,1009,97,20
07/20/2020,"Prince William",10193,884,189
07/20/2020,Rappahannock,2843,256,46
07/20/2020,"Rappahannock Rapidan",1694,127,25
07/20/2020,Richmond,2588,252,36
07/20/2020,Roanoke,659,15,10
07/20/2020,Southside,542,60,32
07/20/2020,"Thomas Jefferson",1414,116,29
07/20/2020,"Three Rivers",873,61,12
07/20/2020,"Virginia Beach",2720,149,37
07/20/2020,"West Piedmont",699,78,8
07/20/2020,"Western Tidewater",1331,112,68
07/21/2020,Southside,550,60,32
07/21/2020,Chesapeake,1790,174,24
07/21/2020,"Thomas Jefferson",1440,116,30
07/21/2020,Roanoke,665,15,10
07/21/2020,"Eastern Shore",1338,118,43
07/21/2020,"Mount Rogers",984,95,36
07/21/2020,Chickahominy,812,116,40
07/21/2020,"New River",348,25,6
07/21/2020,"Central Virginia",670,18,6
07/21/2020,Piedmont,1185,114,19
07/21/2020,"Lord Fairfax",2344,205,82
07/21/2020,Crater,1873,191,50
07/21/2020,Hampton,751,43,4
07/21/2020,Alexandria,2582,255,56
07/21/2020,Fairfax,15121,1813,523
07/21/2020,Richmond,2623,254,35
07/21/2020,Arlington,2750,431,135
07/21/2020,"Rappahannock Rapidan",1715,127,25
07/21/2020,Rappahannock,2877,258,47
07/21/2020,Pittsylvania-Danville,428,56,5
07/21/2020,"Prince William",10248,889,191
07/21/2020,"Cumberland Plateau",143,10,0
07/21/2020,Portsmouth,1046,101,21
07/21/2020,"Virginia Beach",2829,154,38
07/21/2020,"West Piedmont",735,79,9
07/21/2020,"Three Rivers",886,61,12
07/21/2020,Alleghany,717,37,15
07/21/2020,Lenowisco,133,22,5
07/21/2020,Norfolk,2329,145,21
07/21/2020,"Western Tidewater",1363,112,69
07/21/2020,Henrico,3097,291,177
07/21/2020,"Central Shenandoah",2443,192,49
07/21/2020,Loudoun,4695,324,106
07/21/2020,Chesterfield,3810,217,88
07/21/2020,Peninsula,2051,149,39
07/22/2020,Southside,554,60,32
07/22/2020,Chesapeake,1850,176,24
07/22/2020,"Thomas Jefferson",1458,124,30
07/22/2020,Roanoke,679,15,10
07/22/2020,"Eastern Shore",1342,120,43
07/22/2020,"Mount Rogers",997,97,37
07/22/2020,Chickahominy,816,117,40
07/22/2020,"New River",351,25,6
07/22/2020,"Central Virginia",711,18,6
07/22/2020,Piedmont,1192,115,19
07/22/2020,"Lord Fairfax",2370,205,82
07/22/2020,Crater,1887,192,50
07/22/2020,Hampton,772,43,4
07/22/2020,Alexandria,2618,256,56
07/22/2020,Fairfax,15206,1812,523
07/22/2020,Richmond,2643,261,35
07/22/2020,Arlington,2763,431,135
07/22/2020,"Rappahannock Rapidan",1732,128,25
07/22/2020,Rappahannock,2923,260,48
07/22/2020,Pittsylvania-Danville,462,56,5
07/22/2020,"Prince William",10287,909,192
07/22/2020,"Cumberland Plateau",160,10,0
07/22/2020,Portsmouth,1085,103,21
07/22/2020,"Virginia Beach",2968,170,39
07/22/2020,"West Piedmont",757,85,9
07/22/2020,"Three Rivers",897,61,12
07/22/2020,Alleghany,733,37,15
07/22/2020,Lenowisco,145,22,5
07/22/2020,Norfolk,2389,149,20
07/22/2020,"Western Tidewater",1386,113,69
07/22/2020,Henrico,3112,295,177
07/22/2020,"Central Shenandoah",2469,193,49
07/22/2020,Loudoun,4738,324,106
07/22/2020,Chesterfield,3837,218,88
07/22/2020,Peninsula,2104,151,39
07/23/2020,Southside,559,62,32
07/23/2020,Chesapeake,1867,179,24
07/23/2020,"Thomas Jefferson",1505,129,30
07/23/2020,Roanoke,684,15,10
07/23/2020,"Eastern Shore",1348,120,43
07/23/2020,"Mount Rogers",1015,98,37
07/23/2020,Chickahominy,826,118,40
07/23/2020,"New River",359,25,6
07/23/2020,"Central Virginia",718,18,6
07/23/2020,Piedmont,1198,116,19
07/23/2020,"Lord Fairfax",2372,207,82
07/23/2020,Crater,1914,192,50
07/23/2020,Hampton,786,46,4
07/23/2020,Alexandria,2639,256,56
07/23/2020,Fairfax,15255,1816,524
07/23/2020,Richmond,2670,263,35
07/23/2020,Arlington,2776,431,135
07/23/2020,"Rappahannock Rapidan",1741,129,25
07/23/2020,Rappahannock,2961,265,49
07/23/2020,Pittsylvania-Danville,482,57,5
07/23/2020,"Prince William",10353,924,192
07/23/2020,"Cumberland Plateau",164,10,0
07/23/2020,Portsmouth,1115,107,21
07/23/2020,"Virginia Beach",3030,174,39
07/23/2020,"West Piedmont",768,85,10
07/23/2020,"Three Rivers",900,63,12
07/23/2020,Alleghany,742,37,15
07/23/2020,Lenowisco,157,23,5
07/23/2020,Norfolk,2489,152,20
07/23/2020,"Western Tidewater",1427,117,69
07/23/2020,Henrico,3139,300,177
07/23/2020,"Central Shenandoah",2484,197,49
07/23/2020,Loudoun,4758,325,106
07/23/2020,Chesterfield,3885,225,88
07/23/2020,Peninsula,2151,156,39
07/24/2020,Southside,571,62,32
07/24/2020,Chesapeake,1953,180,24
07/24/2020,"Thomas Jefferson",1551,129,30
07/24/2020,Roanoke,690,15,10
07/24/2020,"Eastern Shore",1351,121,43
07/24/2020,"Mount Rogers",1057,99,39
07/24/2020,Chickahominy,838,118,40
07/24/2020,"New River",363,25,6
07/24/2020,"Central Virginia",738,19,6
07/24/2020,Piedmont,1200,116,19
07/24/2020,"Lord Fairfax",2395,207,82
07/24/2020,Crater,1941,194,50
07/24/2020,Hampton,822,48,4
07/24/2020,Alexandria,2662,262,56
07/24/2020,Fairfax,15359,1857,526
07/24/2020,Richmond,2686,265,36
07/24/2020,Arlington,2783,431,135
07/24/2020,"Rappahannock Rapidan",1749,130,25
07/24/2020,Rappahannock,2973,266,49
07/24/2020,Pittsylvania-Danville,487,57,5
07/24/2020,"Prince William",10411,928,194
07/24/2020,"Cumberland Plateau",169,10,1
07/24/2020,Portsmouth,1165,107,21
07/24/2020,"Virginia Beach",3119,177,41
07/24/2020,"West Piedmont",795,86,10
07/24/2020,"Three Rivers",909,63,12
07/24/2020,Alleghany,755,37,15
07/24/2020,Lenowisco,164,23,6
07/24/2020,Norfolk,2582,155,20
07/24/2020,"Western Tidewater",1477,120,69
07/24/2020,Henrico,3190,300,177
07/24/2020,"Central Shenandoah",2505,199,50
07/24/2020,Loudoun,4769,326,106
07/24/2020,Chesterfield,3954,227,89
07/24/2020,Peninsula,2231,156,39
07/25/2020,Southside,583,62,32
07/25/2020,Chesapeake,2079,181,24
07/25/2020,"Thomas Jefferson",1575,129,30
07/25/2020,Roanoke,698,15,10
07/25/2020,"Eastern Shore",1353,121,43
07/25/2020,"Mount Rogers",1083,100,39
07/25/2020,Chickahominy,852,121,40
07/25/2020,"New River",369,26,6
07/25/2020,"Central Virginia",769,19,6
07/25/2020,Piedmont,1213,116,19
07/25/2020,"Lord Fairfax",2408,209,82
07/25/2020,Crater,1959,196,50
07/25/2020,Hampton,848,48,4
07/25/2020,Alexandria,2687,264,57
07/25/2020,Fairfax,15394,1869,528
07/25/2020,Richmond,2695,265,36
07/25/2020,Arlington,2801,431,135
07/25/2020,"Rappahannock Rapidan",1757,130,25
07/25/2020,Rappahannock,2989,273,49
07/25/2020,Pittsylvania-Danville,504,57,5
07/25/2020,"Prince William",10460,928,194
07/25/2020,"Cumberland Plateau",178,11,1
07/25/2020,Portsmouth,1225,109,21
07/25/2020,"Virginia Beach",3448,180,43
07/25/2020,"West Piedmont",805,88,11
07/25/2020,"Three Rivers",922,66,13
07/25/2020,Alleghany,756,37,15
07/25/2020,Lenowisco,171,26,6
07/25/2020,Norfolk,2661,157,20
07/25/2020,"Western Tidewater",1514,120,69
07/25/2020,Henrico,3261,301,177
07/25/2020,"Central Shenandoah",2534,199,50
07/25/2020,Loudoun,4796,325,106
07/25/2020,Chesterfield,3984,233,89
07/25/2020,Peninsula,2278,158,40
07/26/2020,Southside,591,62,32
07/26/2020,Chesapeake,2151,183,25
07/26/2020,"Thomas Jefferson",1600,129,30
07/26/2020,Roanoke,724,16,10
07/26/2020,"Eastern Shore",1356,121,43
07/26/2020,"Mount Rogers",1110,104,39
07/26/2020,Chickahominy,859,122,40
07/26/2020,"New River",379,26,6
07/26/2020,"Central Virginia",797,19,6
07/26/2020,Piedmont,1227,116,19
07/26/2020,"Lord Fairfax",2417,209,82
07/26/2020,Crater,1984,197,50
07/26/2020,Hampton,873,48,4
07/26/2020,Alexandria,2695,265,57
07/26/2020,Fairfax,15433,1871,528
07/26/2020,Richmond,2712,265,36
07/26/2020,Arlington,2807,431,135
07/26/2020,"Rappahannock Rapidan",1764,130,25
07/26/2020,Rappahannock,3016,274,50
07/26/2020,Pittsylvania-Danville,517,57,5
07/26/2020,"Prince William",10508,930,194
07/26/2020,"Cumberland Plateau",190,12,1
07/26/2020,Portsmouth,1267,109,21
07/26/2020,"Virginia Beach",3548,183,43
07/26/2020,"West Piedmont",823,90,11
07/26/2020,"Three Rivers",935,67,13
07/26/2020,Alleghany,775,37,15
07/26/2020,Lenowisco,182,26,6
07/26/2020,Norfolk,2771,157,20
07/26/2020,"Western Tidewater",1550,120,69
07/26/2020,Henrico,3290,301,178
07/26/2020,"Central Shenandoah",2549,199,50
07/26/2020,Loudoun,4820,325,106
07/26/2020,Chesterfield,4013,234,89
07/26/2020,Peninsula,2334,158,40
07/27/2020,Southside,597,62,32
07/27/2020,Chesapeake,2246,191,25
07/27/2020,"Thomas Jefferson",1648,133,30
07/27/2020,Roanoke,737,16,10
07/27/2020,"Eastern Shore",1362,121,43
07/27/2020,"Mount Rogers",1123,104,39
07/27/2020,Chickahominy,875,122,40
07/27/2020,"New River",402,28,6
07/27/2020,"Central Virginia",856,19,6
07/27/2020,Piedmont,1227,116,19
07/27/2020,"Lord Fairfax",2427,210,82
07/27/2020,Crater,2024,198,50
07/27/2020,Hampton,916,48,4
07/27/2020,Alexandria,2735,266,57
07/27/2020,Fairfax,15586,1875,530
07/27/2020,Richmond,2762,266,36
07/27/2020,Arlington,2823,431,135
07/27/2020,"Rappahannock Rapidan",1789,130,26
07/27/2020,Rappahannock,3064,282,50
07/27/2020,Pittsylvania-Danville,560,57,5
07/27/2020,"Prince William",10641,931,194
07/27/2020,"Cumberland Plateau",198,13,1
07/27/2020,Portsmouth,1291,109,21
07/27/2020,"Virginia Beach",3742,188,43
07/27/2020,"West Piedmont",823,90,11
07/27/2020,"Three Rivers",939,66,13
07/27/2020,Alleghany,793,37,15
07/27/2020,Lenowisco,198,28,6
07/27/2020,Norfolk,2779,158,20
07/27/2020,"Western Tidewater",1598,129,69
07/27/2020,Henrico,3371,303,178
07/27/2020,"Central Shenandoah",2571,199,50
07/27/2020,Loudoun,4914,327,106
07/27/2020,Chesterfield,4051,236,90
07/27/2020,Peninsula,2404,158,40
07/28/2020,Southside,607,62,32
07/28/2020,Chesapeake,2276,195,26
07/28/2020,"Thomas Jefferson",1663,133,30
07/28/2020,Roanoke,739,16,10
07/28/2020,"Eastern Shore",1367,121,43
07/28/2020,"Mount Rogers",1131,104,40
07/28/2020,Chickahominy,880,123,41
07/28/2020,"New River",407,28,6
07/28/2020,"Central Virginia",890,21,6
07/28/2020,Piedmont,1278,116,19
07/28/2020,"Lord Fairfax",2431,210,82
07/28/2020,Crater,2057,201,52
07/28/2020,Hampton,938,48,4
07/28/2020,Alexandria,2749,266,57
07/28/2020,Fairfax,15639,1878,532
07/28/2020,Richmond,2794,266,37
07/28/2020,Arlington,2843,431,135
07/28/2020,"Rappahannock Rapidan",1799,130,26
07/28/2020,Rappahannock,3099,282,50
07/28/2020,Pittsylvania-Danville,561,58,5
07/28/2020,"Prince William",10735,934,194
07/28/2020,"Cumberland Plateau",209,13,1
07/28/2020,Portsmouth,1367,111,21
07/28/2020,"Virginia Beach",3788,191,43
07/28/2020,"West Piedmont",863,96,11
07/28/2020,"Three Rivers",956,66,13
07/28/2020,Alleghany,793,37,15
07/28/2020,Lenowisco,201,28,6
07/28/2020,Norfolk,2814,162,20
07/28/2020,"Western Tidewater",1631,129,72
07/28/2020,Henrico,3436,304,178
07/28/2020,"Central Shenandoah",2594,202,50
07/28/2020,Loudoun,4939,328,108
07/28/2020,Chesterfield,4087,238,90
07/28/2020,Peninsula,2433,158,40
07/29/2020,Southside,619,62,33
07/29/2020,Chesapeake,2348,199,27
07/29/2020,"Thomas Jefferson",1669,135,30
07/29/2020,Roanoke,780,17,10
07/29/2020,"Eastern Shore",1369,122,43
07/29/2020,"Mount Rogers",1157,107,41
07/29/2020,Chickahominy,886,124,41
07/29/2020,"New River",411,29,7
07/29/2020,"Central Virginia",944,24,9
07/29/2020,Piedmont,1284,116,22
07/29/2020,"Lord Fairfax",2439,213,82
07/29/2020,Crater,2067,202,55
07/29/2020,Hampton,963,49,4
07/29/2020,Alexandria,2759,266,57
07/29/2020,Fairfax,15703,1887,532
07/29/2020,Richmond,2831,270,39
07/29/2020,Arlington,2857,431,135
07/29/2020,"Rappahannock Rapidan",1806,130,26
07/29/2020,Rappahannock,3134,282,50
07/29/2020,Pittsylvania-Danville,574,58,6
07/29/2020,"Prince William",10803,937,195
07/29/2020,"Cumberland Plateau",224,15,1
07/29/2020,Portsmouth,1390,114,21
07/29/2020,"Virginia Beach",3908,192,43
07/29/2020,"West Piedmont",871,98,12
07/29/2020,"Three Rivers",956,66,15
07/29/2020,Alleghany,806,37,16
07/29/2020,Lenowisco,212,29,6
07/29/2020,Norfolk,2937,164,22
07/29/2020,"Western Tidewater",1651,130,75
07/29/2020,Henrico,3466,306,177
07/29/2020,"Central Shenandoah",2609,202,51
07/29/2020,Loudoun,4965,328,109
07/29/2020,Chesterfield,4122,239,93
07/29/2020,Peninsula,2473,158,40
07/30/2020,Southside,630,63,33
07/30/2020,Chesapeake,2391,199,27
07/30/2020,"Thomas Jefferson",1685,135,31
07/30/2020,Roanoke,805,18,10
07/30/2020,"Eastern Shore",1366,122,43
07/30/2020,"Mount Rogers",1179,112,42
07/30/2020,Chickahominy,892,124,41
07/30/2020,"New River",415,29,7
07/30/2020,"Central Virginia",957,25,9
07/30/2020,Piedmont,1300,116,25
07/30/2020,"Lord Fairfax",2446,213,82
07/30/2020,Crater,2092,203,55
07/30/2020,Hampton,973,49,5
07/30/2020,Alexandria,2779,266,57
07/30/2020,Fairfax,15748,1892,532
07/30/2020,Richmond,2857,273,38
07/30/2020,Arlington,2874,433,135
07/30/2020,"Rappahannock Rapidan",1812,131,26
07/30/2020,Rappahannock,3173,283,50
07/30/2020,Pittsylvania-Danville,600,60,7
07/30/2020,"Prince William",10875,938,196
07/30/2020,"Cumberland Plateau",231,16,1
07/30/2020,Portsmouth,1417,122,22
07/30/2020,"Virginia Beach",3979,193,43
07/30/2020,"West Piedmont",882,103,12
07/30/2020,"Three Rivers",964,66,15
07/30/2020,Alleghany,819,37,18
07/30/2020,Lenowisco,218,29,6
07/30/2020,Norfolk,3080,165,22
07/30/2020,"Western Tidewater",1670,130,75
07/30/2020,Henrico,3509,308,178
07/30/2020,"Central Shenandoah",2618,203,52
07/30/2020,Loudoun,4985,331,109
07/30/2020,Chesterfield,4174,241,96
07/30/2020,Peninsula,2509,158,41
07/31/2020,Southside,630,64,34
07/31/2020,Chesapeake,2450,201,28
07/31/2020,"Thomas Jefferson",1705,136,34
07/31/2020,Roanoke,814,18,11
07/31/2020,"Eastern Shore",1366,122,43
07/31/2020,"Mount Rogers",1207,116,47
07/31/2020,Chickahominy,898,129,42
07/31/2020,"New River",429,29,7
07/31/2020,"Central Virginia",1032,27,10
07/31/2020,Piedmont,1330,116,26
07/31/2020,"Lord Fairfax",2456,214,84
07/31/2020,Crater,2113,204,57
07/31/2020,Hampton,1007,49,5
07/31/2020,Alexandria,2798,269,58
07/31/2020,Fairfax,15755,1920,533
07/31/2020,Richmond,2893,276,39
07/31/2020,Arlington,2897,434,136
07/31/2020,"Rappahannock Rapidan",1820,132,26
07/31/2020,Rappahannock,3201,284,50
07/31/2020,Pittsylvania-Danville,616,60,7
07/31/2020,"Prince William",10939,942,197
07/31/2020,"Cumberland Plateau",240,16,1
07/31/2020,Portsmouth,1462,122,22
07/31/2020,"Virginia Beach",4055,200,45
07/31/2020,"West Piedmont",895,104,12
07/31/2020,"Three Rivers",967,66,15
07/31/2020,Alleghany,829,37,18
07/31/2020,Lenowisco,232,29,7
07/31/2020,Norfolk,3180,168,24
07/31/2020,"Western Tidewater",1712,131,76
07/31/2020,Henrico,3541,310,180
07/31/2020,"Central Shenandoah",2632,204,52
07/31/2020,Loudoun,4995,335,110
07/31/2020,Chesterfield,4237,241,97
07/31/2020,Peninsula,2555,161,41
08/01/2020,Southside,644,64,34
08/01/2020,Chesapeake,2462,204,29
08/01/2020,"Thomas Jefferson",1720,136,37
08/01/2020,Roanoke,861,18,11
08/01/2020,"Eastern Shore",1369,123,43
08/01/2020,"Mount Rogers",1220,116,49
08/01/2020,Chickahominy,905,129,44
08/01/2020,"New River",431,29,7
08/01/2020,"Central Virginia",1058,27,10
08/01/2020,Piedmont,1351,116,27
08/01/2020,"Lord Fairfax",2475,216,86
08/01/2020,Crater,2136,204,61
08/01/2020,Hampton,1009,49,5
08/01/2020,Alexandria,2811,270,59
08/01/2020,Fairfax,15828,1921,535
08/01/2020,Richmond,2936,278,39
08/01/2020,Arlington,2906,435,136
08/01/2020,"Rappahannock Rapidan",1829,132,26
08/01/2020,Rappahannock,3246,286,52
08/01/2020,Pittsylvania-Danville,643,61,9
08/01/2020,"Prince William",10998,947,199
08/01/2020,"Cumberland Plateau",246,17,1
08/01/2020,Portsmouth,1492,124,24
08/01/2020,"Virginia Beach",4178,201,46
08/01/2020,"West Piedmont",937,110,13
08/01/2020,"Three Rivers",978,67,15
08/01/2020,Alleghany,837,39,20
08/01/2020,Lenowisco,245,31,7
08/01/2020,Norfolk,3185,170,26
08/01/2020,"Western Tidewater",1746,132,77
08/01/2020,Henrico,3601,312,182
08/01/2020,"Central Shenandoah",2650,206,53
08/01/2020,Loudoun,5014,336,112
08/01/2020,Chesterfield,4271,243,100
08/01/2020,Peninsula,2583,161,41
08/02/2020,Southside,650,65,34
08/02/2020,Chesapeake,2538,206,29
08/02/2020,"Thomas Jefferson",1749,136,37
08/02/2020,Roanoke,903,18,11
08/02/2020,"Eastern Shore",1371,123,43
08/02/2020,"Mount Rogers",1248,117,50
08/02/2020,Chickahominy,908,129,44
08/02/2020,"New River",440,30,7
08/02/2020,"Central Virginia",1093,44,10
08/02/2020,Piedmont,1368,116,27
08/02/2020,"Lord Fairfax",2484,216,86
08/02/2020,Crater,2157,206,61
08/02/2020,Hampton,1048,49,5
08/02/2020,Alexandria,2820,268,59
08/02/2020,Fairfax,15908,1923,536
08/02/2020,Richmond,2946,278,39
08/02/2020,Arlington,2925,435,136
08/02/2020,"Rappahannock Rapidan",1838,132,26
08/02/2020,Rappahannock,3271,288,52
08/02/2020,Pittsylvania-Danville,684,63,9
08/02/2020,"Prince William",11016,951,199
08/02/2020,"Cumberland Plateau",252,19,1
08/02/2020,Portsmouth,1539,125,24
08/02/2020,"Virginia Beach",4299,202,47
08/02/2020,"West Piedmont",955,115,13
08/02/2020,"Three Rivers",982,68,15
08/02/2020,Alleghany,857,39,20
08/02/2020,Lenowisco,246,32,7
08/02/2020,Norfolk,3210,172,26
08/02/2020,"Western Tidewater",1794,132,77
08/02/2020,Henrico,3609,312,182
08/02/2020,"Central Shenandoah",2664,206,53
08/02/2020,Loudoun,5034,336,112
08/02/2020,Chesterfield,4331,243,100
08/02/2020,Peninsula,2645,161,41
08/03/2020,Southside,662,65,34
08/03/2020,Chesapeake,2617,213,29
08/03/2020,"Thomas Jefferson",1793,137,37
08/03/2020,Roanoke,909,19,11
08/03/2020,"Eastern Shore",1374,123,43
08/03/2020,"Mount Rogers",1270,119,50
08/03/2020,Chickahominy,917,129,44
08/03/2020,"New River",452,32,7
08/03/2020,"Central Virginia",1122,56,10
08/03/2020,Piedmont,1373,116,27
08/03/2020,"Lord Fairfax",2493,216,85
08/03/2020,Crater,2202,209,62
08/03/2020,Hampton,1070,49,5
08/03/2020,Alexandria,2844,269,59
08/03/2020,Fairfax,16048,1924,536
08/03/2020,Richmond,2992,283,39
08/03/2020,Arlington,2945,436,136
08/03/2020,"Rappahannock Rapidan",1852,132,26
08/03/2020,Rappahannock,3323,289,51
08/03/2020,Pittsylvania-Danville,719,65,9
08/03/2020,"Prince William",11100,955,200
08/03/2020,"Cumberland Plateau",269,21,1
08/03/2020,Portsmouth,1540,125,24
08/03/2020,"Virginia Beach",4427,208,47
08/03/2020,"West Piedmont",957,116,13
08/03/2020,"Three Rivers",992,68,15
08/03/2020,Alleghany,871,39,20
08/03/2020,Lenowisco,267,32,7
08/03/2020,Norfolk,3345,173,26
08/03/2020,"Western Tidewater",1853,132,77
08/03/2020,Henrico,3654,317,182
08/03/2020,"Central Shenandoah",2681,206,53
08/03/2020,Loudoun,5059,339,112
08/03/2020,Chesterfield,4410,245,100
08/03/2020,Peninsula,2704,161,41
08/04/2020,Southside,666,65,35
08/04/2020,Chesapeake,2689,217,30
08/04/2020,"Thomas Jefferson",1824,137,39
08/04/2020,Roanoke,913,21,14
08/04/2020,"Eastern Shore",1377,126,44
08/04/2020,"Mount Rogers",1276,121,51
08/04/2020,Chickahominy,929,130,44
08/04/2020,"New River",463,32,7
08/04/2020,"Central Virginia",1155,56,11
08/04/2020,Piedmont,1381,117,29
08/04/2020,"Lord Fairfax",2505,217,85
08/04/2020,Crater,2215,213,65
08/04/2020,Hampton,1103,49,7
08/04/2020,Alexandria,2867,273,60
08/04/2020,Fairfax,16127,1927,540
08/04/2020,Richmond,3015,282,39
08/04/2020,Arlington,2973,436,136
08/04/2020,"Rappahannock Rapidan",1863,133,26
08/04/2020,Rappahannock,3356,293,52
08/04/2020,Pittsylvania-Danville,727,66,9
08/04/2020,"Prince William",11205,956,200
08/04/2020,"Cumberland Plateau",277,22,1
08/04/2020,Portsmouth,1631,129,24
08/04/2020,"Virginia Beach",4529,215,49
08/04/2020,"West Piedmont",978,117,13
08/04/2020,"Three Rivers",1002,69,15
08/04/2020,Alleghany,872,40,17
08/04/2020,Lenowisco,279,32,7
08/04/2020,Norfolk,3425,178,26
08/04/2020,"Western Tidewater",1901,132,77
08/04/2020,Henrico,3690,321,182
08/04/2020,"Central Shenandoah",2709,207,54
08/04/2020,Loudoun,5093,339,113
08/04/2020,Chesterfield,4460,252,100
08/04/2020,Peninsula,2776,165,43
08/05/2020,Southside,689,65,35
08/05/2020,Chesapeake,2714,221,33
08/05/2020,"Thomas Jefferson",1828,137,41
08/05/2020,Roanoke,932,21,14
08/05/2020,"Eastern Shore",1380,127,44
08/05/2020,"Mount Rogers",1295,122,52
08/05/2020,Chickahominy,936,130,45
08/05/2020,"New River",468,32,7
08/05/2020,"Central Virginia",1197,58,13
08/05/2020,Piedmont,1415,119,29
08/05/2020,"Lord Fairfax",2513,219,85
08/05/2020,Crater,2233,215,68
08/05/2020,Hampton,1129,49,7
08/05/2020,Alexandria,2872,274,60
08/05/2020,Fairfax,16160,1925,542
08/05/2020,Richmond,3034,286,39
08/05/2020,Arlington,2997,436,135
08/05/2020,"Rappahannock Rapidan",1878,133,27
08/05/2020,Rappahannock,3387,293,55
08/05/2020,Pittsylvania-Danville,737,68,9
08/05/2020,"Prince William",11264,964,202
08/05/2020,"Cumberland Plateau",298,24,3
08/05/2020,Portsmouth,1663,131,25
08/05/2020,"Virginia Beach",4583,219,49
08/05/2020,"West Piedmont",991,118,15
08/05/2020,"Three Rivers",1009,69,16
08/05/2020,Alleghany,882,40,18
08/05/2020,Lenowisco,291,34,7
08/05/2020,Norfolk,3493,179,28
08/05/2020,"Western Tidewater",1936,132,77
08/05/2020,Henrico,3714,322,182
08/05/2020,"Central Shenandoah",2719,207,55
08/05/2020,Loudoun,5117,340,113
08/05/2020,Chesterfield,4493,252,100
08/05/2020,Peninsula,2802,165,44
08/06/2020,Southside,721,66,35
08/06/2020,Chesapeake,2761,223,37
08/06/2020,"Thomas Jefferson",1845,138,44
08/06/2020,Roanoke,973,21,14
08/06/2020,"Eastern Shore",1380,127,45
08/06/2020,"Mount Rogers",1317,124,52
08/06/2020,Chickahominy,945,130,45
08/06/2020,"New River",480,33,7
08/06/2020,"Central Virginia",1231,60,13
08/06/2020,Piedmont,1422,121,31
08/06/2020,"Lord Fairfax",2517,219,86
08/06/2020,Crater,2261,216,70
08/06/2020,Hampton,1131,49,7
08/06/2020,Alexandria,2887,274,60
08/06/2020,Fairfax,16228,1933,540
08/06/2020,Richmond,3067,289,41
08/06/2020,Arlington,3013,436,135
08/06/2020,"Rappahannock Rapidan",1896,134,27
08/06/2020,Rappahannock,3444,294,55
08/06/2020,Pittsylvania-Danville,754,70,9
08/06/2020,"Prince William",11294,964,204
08/06/2020,"Cumberland Plateau",309,25,3
08/06/2020,Portsmouth,1676,132,25
08/06/2020,"Virginia Beach",4658,222,52
08/06/2020,"West Piedmont",1016,129,15
08/06/2020,"Three Rivers",1012,69,16
08/06/2020,Alleghany,912,42,18
08/06/2020,Lenowisco,296,34,7
08/06/2020,Norfolk,3496,182,29
08/06/2020,"Western Tidewater",1961,132,77
08/06/2020,Henrico,3742,327,182
08/06/2020,"Central Shenandoah",2723,210,57
08/06/2020,Loudoun,5150,342,115
08/06/2020,Chesterfield,4540,251,102
08/06/2020,Peninsula,2809,165,44
08/07/2020,Southside,763,66,35
08/07/2020,Chesapeake,2828,225,37
08/07/2020,"Thomas Jefferson",1894,141,44
08/07/2020,Roanoke,1000,21,14
08/07/2020,"Eastern Shore",1382,127,45
08/07/2020,"Mount Rogers",1367,125,52
08/07/2020,Chickahominy,971,133,45
08/07/2020,"New River",507,33,8
08/07/2020,"Central Virginia",1321,62,14
08/07/2020,Piedmont,1444,124,34
08/07/2020,"Lord Fairfax",2530,220,86
08/07/2020,Crater,2323,216,70
08/07/2020,Hampton,1173,49,7
08/07/2020,Alexandria,2917,275,60
08/07/2020,Fairfax,16385,1947,543
08/07/2020,Richmond,3112,296,41
08/07/2020,Arlington,3037,436,135
08/07/2020,"Rappahannock Rapidan",1927,137,27
08/07/2020,Rappahannock,3532,299,55
08/07/2020,Pittsylvania-Danville,804,73,9
08/07/2020,"Prince William",11483,972,205
08/07/2020,"Cumberland Plateau",333,25,3
08/07/2020,Portsmouth,1726,133,25
08/07/2020,"Virginia Beach",4781,229,53
08/07/2020,"West Piedmont",1071,134,15
08/07/2020,"Three Rivers",1044,71,16
08/07/2020,Alleghany,953,44,18
08/07/2020,Lenowisco,330,35,7
08/07/2020,Norfolk,3629,187,30
08/07/2020,"Western Tidewater",2040,132,77
08/07/2020,Henrico,3811,331,184
08/07/2020,"Central Shenandoah",2746,214,59
08/07/2020,Loudoun,5196,346,115
08/07/2020,Chesterfield,4619,256,105
08/07/2020,Peninsula,2903,167,44
08/08/2020,Southside,820,66,35
08/08/2020,Chesapeake,2872,226,37
08/08/2020,"Thomas Jefferson",1939,144,44
08/08/2020,Roanoke,1009,23,15
08/08/2020,"Eastern Shore",1391,128,45
08/08/2020,"Mount Rogers",1391,128,53
08/08/2020,Chickahominy,981,133,45
08/08/2020,"New River",520,33,8
08/08/2020,"Central Virginia",1393,62,14
08/08/2020,Piedmont,1468,124,34
08/08/2020,"Lord Fairfax",2548,222,87
08/08/2020,Crater,2356,217,70
08/08/2020,Hampton,1210,50,7
08/08/2020,Alexandria,2949,278,60
08/08/2020,Fairfax,16447,1953,542
08/08/2020,Richmond,3132,299,41
08/08/2020,Arlington,3062,437,135
08/08/2020,"Rappahannock Rapidan",1951,138,27
08/08/2020,Rappahannock,3584,300,55
08/08/2020,Pittsylvania-Danville,819,75,9
08/08/2020,"Prince William",11584,971,205
08/08/2020,"Cumberland Plateau",346,26,3
08/08/2020,Portsmouth,1758,133,25
08/08/2020,"Virginia Beach",4895,230,54
08/08/2020,"West Piedmont",1103,140,15
08/08/2020,"Three Rivers",1071,71,17
08/08/2020,Alleghany,958,44,18
08/08/2020,Lenowisco,348,36,7
08/08/2020,Norfolk,3700,191,30
08/08/2020,"Western Tidewater",2083,132,78
08/08/2020,Henrico,3839,333,184
08/08/2020,"Central Shenandoah",2773,214,59
08/08/2020,Loudoun,5254,349,115
08/08/2020,Chesterfield,4691,259,105
08/08/2020,Peninsula,2944,167,44
08/09/2020,Southside,827,68,35
08/09/2020,Chesapeake,2912,230,37
08/09/2020,"Thomas Jefferson",1965,144,44
08/09/2020,Roanoke,1017,24,15
08/09/2020,"Eastern Shore",1396,128,45
08/09/2020,"Mount Rogers",1427,128,53
08/09/2020,Chickahominy,987,133,45
08/09/2020,"New River",546,33,8
08/09/2020,"Central Virginia",1449,62,14
08/09/2020,Piedmont,1467,124,34
08/09/2020,"Lord Fairfax",2568,222,88
08/09/2020,Crater,2401,218,70
08/09/2020,Hampton,1228,50,7
08/09/2020,Alexandria,2964,278,60
08/09/2020,Fairfax,16524,1957,542
08/09/2020,Richmond,3165,302,41
08/09/2020,Arlington,3077,437,135
08/09/2020,"Rappahannock Rapidan",1964,138,27
08/09/2020,Rappahannock,3615,302,57
08/09/2020,Pittsylvania-Danville,892,77,9
08/09/2020,"Prince William",11657,974,205
08/09/2020,"Cumberland Plateau",353,26,3
08/09/2020,Portsmouth,1759,133,25
08/09/2020,"Virginia Beach",4973,238,54
08/09/2020,"West Piedmont",1126,140,15
08/09/2020,"Three Rivers",1087,72,16
08/09/2020,Alleghany,963,45,18
08/09/2020,Lenowisco,354,36,7
08/09/2020,Norfolk,3703,194,31
08/09/2020,"Western Tidewater",2117,132,78
08/09/2020,Henrico,3871,335,185
08/09/2020,"Central Shenandoah",2775,214,59
08/09/2020,Loudoun,5280,349,115
08/09/2020,Chesterfield,4706,259,105
08/09/2020,Peninsula,2971,167,44
08/10/2020,Southside,832,68,35
08/10/2020,Chesapeake,2949,230,37
08/10/2020,"Thomas Jefferson",1976,145,44
08/10/2020,Roanoke,1015,24,15
08/10/2020,"Eastern Shore",1398,128,45
08/10/2020,"Mount Rogers",1435,128,53
08/10/2020,Chickahominy,998,133,45
08/10/2020,"New River",547,33,8
08/10/2020,"Central Virginia",1464,62,14
08/10/2020,Piedmont,1467,124,34
08/10/2020,"Lord Fairfax",2569,222,88
08/10/2020,Crater,2429,219,70
08/10/2020,Hampton,1245,51,7
08/10/2020,Alexandria,2976,278,60
08/10/2020,Fairfax,16596,1959,542
08/10/2020,Richmond,3190,304,41
08/10/2020,Arlington,3091,437,135
08/10/2020,"Rappahannock Rapidan",1971,138,27
08/10/2020,Rappahannock,3649,302,57
08/10/2020,Pittsylvania-Danville,904,77,9
08/10/2020,"Prince William",11693,975,205
08/10/2020,"Cumberland Plateau",370,26,3
08/10/2020,Portsmouth,1788,133,25
08/10/2020,"Virginia Beach",5050,242,54
08/10/2020,"West Piedmont",1136,141,15
08/10/2020,"Three Rivers",1102,72,16
08/10/2020,Alleghany,964,47,18
08/10/2020,Lenowisco,383,37,7
08/10/2020,Norfolk,3703,195,32
08/10/2020,"Western Tidewater",2133,132,78
08/10/2020,Henrico,3904,336,185
08/10/2020,"Central Shenandoah",2793,215,59
08/10/2020,Loudoun,5306,349,115
08/10/2020,Chesterfield,4714,261,105
08/10/2020,Peninsula,3009,168,44
08/11/2020,Southside,840,68,35
08/11/2020,Chesapeake,2958,238,38
08/11/2020,"Thomas Jefferson",1997,145,44
08/11/2020,Roanoke,1032,26,15
08/11/2020,"Eastern Shore",1402,128,45
08/11/2020,"Mount Rogers",1446,128,55
08/11/2020,Chickahominy,1002,133,45
08/11/2020,"New River",556,33,8
08/11/2020,"Central Virginia",1500,64,16
08/11/2020,Piedmont,1490,124,36
08/11/2020,"Lord Fairfax",2583,226,90
08/11/2020,Crater,2475,220,70
08/11/2020,Hampton,1257,51,7
08/11/2020,Alexandria,2995,281,60
08/11/2020,Fairfax,16695,1961,542
08/11/2020,Richmond,3229,309,41
08/11/2020,Arlington,3105,437,135
08/11/2020,"Rappahannock Rapidan",1979,139,27
08/11/2020,Rappahannock,3690,302,57
08/11/2020,Pittsylvania-Danville,922,77,9
08/11/2020,"Prince William",11748,977,205
08/11/2020,"Cumberland Plateau",380,28,4
08/11/2020,Portsmouth,1833,133,25
08/11/2020,"Virginia Beach",5111,252,54
08/11/2020,"West Piedmont",1147,145,17
08/11/2020,"Three Rivers",1115,75,17
08/11/2020,Alleghany,968,49,18
08/11/2020,Lenowisco,425,42,7
08/11/2020,Norfolk,3787,201,32
08/11/2020,"Western Tidewater",2165,132,79
08/11/2020,Henrico,3948,336,186
08/11/2020,"Central Shenandoah",2812,215,59
08/11/2020,Loudoun,5346,352,115
08/11/2020,Chesterfield,4788,263,105
08/11/2020,Peninsula,3019,168,46
08/12/2020,Southside,845,69,36
08/12/2020,Chesapeake,3008,239,38
08/12/2020,"Thomas Jefferson",2020,145,44
08/12/2020,Roanoke,1036,27,15
08/12/2020,"Eastern Shore",1404,130,46
08/12/2020,"Mount Rogers",1463,132,55
08/12/2020,Chickahominy,1009,133,46
08/12/2020,"New River",577,33,8
08/12/2020,"Central Virginia",1513,65,16
08/12/2020,Piedmont,1496,125,36
08/12/2020,"Lord Fairfax",2589,229,90
08/12/2020,Crater,2526,223,70
08/12/2020,Hampton,1273,52,7
08/12/2020,Alexandria,3014,281,60
08/12/2020,Fairfax,16795,1973,542
08/12/2020,Richmond,3248,315,41
08/12/2020,Arlington,3118,437,135
08/12/2020,"Rappahannock Rapidan",1981,139,27
08/12/2020,Rappahannock,3745,305,57
08/12/2020,Pittsylvania-Danville,935,77,9
08/12/2020,"Prince William",11793,978,206
08/12/2020,"Cumberland Plateau",386,29,4
08/12/2020,Portsmouth,1855,133,25
08/12/2020,"Virginia Beach",5139,258,54
08/12/2020,"West Piedmont",1167,145,17
08/12/2020,"Three Rivers",1123,75,17
08/12/2020,Alleghany,973,49,18
08/12/2020,Lenowisco,443,43,7
08/12/2020,Norfolk,3802,208,33
08/12/2020,"Western Tidewater",2208,134,81
08/12/2020,Henrico,3968,344,186
08/12/2020,"Central Shenandoah",2828,218,59
08/12/2020,Loudoun,5372,353,115
08/12/2020,Chesterfield,4829,267,106
08/12/2020,Peninsula,3040,169,46
08/13/2020,Southside,849,69,36
08/13/2020,Chesapeake,3082,247,41
08/13/2020,"Thomas Jefferson",2047,148,44
08/13/2020,Roanoke,1041,27,15
08/13/2020,"Eastern Shore",1408,132,46
08/13/2020,"Mount Rogers",1481,133,56
08/13/2020,Chickahominy,1030,133,46
08/13/2020,"New River",599,32,8
08/13/2020,"Central Virginia",1574,66,16
08/13/2020,Piedmont,1503,125,35
08/13/2020,"Lord Fairfax",2605,230,90
08/13/2020,Crater,2542,226,70
08/13/2020,Hampton,1291,52,7
08/13/2020,Alexandria,3020,281,60
08/13/2020,Fairfax,16858,1975,543
08/13/2020,Richmond,3280,321,41
08/13/2020,Arlington,3134,437,135
08/13/2020,"Rappahannock Rapidan",1994,139,27
08/13/2020,Rappahannock,3816,307,58
08/13/2020,Pittsylvania-Danville,960,78,10
08/13/2020,"Prince William",11885,986,207
08/13/2020,"Cumberland Plateau",392,30,4
08/13/2020,Portsmouth,1907,133,25
08/13/2020,"Virginia Beach",5204,259,54
08/13/2020,"West Piedmont",1217,149,17
08/13/2020,"Three Rivers",1141,76,17
08/13/2020,Alleghany,980,49,18
08/13/2020,Lenowisco,469,43,8
08/13/2020,Norfolk,3858,215,33
08/13/2020,"Western Tidewater",2245,135,81
08/13/2020,Henrico,3999,347,187
08/13/2020,"Central Shenandoah",2857,219,60
08/13/2020,Loudoun,5403,356,115
08/13/2020,Chesterfield,4872,267,106
08/13/2020,Peninsula,3079,170,47
08/14/2020,Southside,865,69,36
08/14/2020,Chesapeake,3158,250,41
08/14/2020,"Thomas Jefferson",2067,149,44
08/14/2020,Roanoke,1051,29,15
08/14/2020,"Eastern Shore",1414,133,46
08/14/2020,"Mount Rogers",1506,136,58
08/14/2020,Chickahominy,1046,133,46
08/14/2020,"New River",607,33,8
08/14/2020,"Central Virginia",1624,66,16
08/14/2020,Piedmont,1516,125,35
08/14/2020,"Lord Fairfax",2624,231,90
08/14/2020,Crater,2601,226,70
08/14/2020,Hampton,1309,52,7
08/14/2020,Alexandria,3050,282,61
08/14/2020,Fairfax,16972,1976,544
08/14/2020,Richmond,3308,327,41
08/14/2020,Arlington,3176,437,135
08/14/2020,"Rappahannock Rapidan",2007,139,27
08/14/2020,Rappahannock,3848,313,58
08/14/2020,Pittsylvania-Danville,994,80,10
08/14/2020,"Prince William",11992,987,207
08/14/2020,"Cumberland Plateau",399,31,5
08/14/2020,Portsmouth,1952,134,25
08/14/2020,"Virginia Beach",5277,261,55
08/14/2020,"West Piedmont",1251,153,17
08/14/2020,"Three Rivers",1155,77,17
08/14/2020,Alleghany,991,49,18
08/14/2020,Lenowisco,482,46,9
08/14/2020,Norfolk,3895,223,33
08/14/2020,"Western Tidewater",2301,137,81
08/14/2020,Henrico,4042,350,187
08/14/2020,"Central Shenandoah",2874,221,60
08/14/2020,Loudoun,5441,358,115
08/14/2020,Chesterfield,4905,267,106
08/14/2020,Peninsula,3138,170,47
08/15/2020,Southside,872,69,36
08/15/2020,Chesapeake,3197,253,41
08/15/2020,"Thomas Jefferson",2089,150,44
08/15/2020,Roanoke,1056,30,15
08/15/2020,"Eastern Shore",1418,135,46
08/15/2020,"Mount Rogers",1529,138,58
08/15/2020,Chickahominy,1054,133,46
08/15/2020,"New River",617,33,8
08/15/2020,"Central Virginia",1668,66,17
08/15/2020,Piedmont,1533,125,35
08/15/2020,"Lord Fairfax",2639,231,92
08/15/2020,Crater,2633,228,70
08/15/2020,Hampton,1321,53,9
08/15/2020,Alexandria,3082,283,61
08/15/2020,Fairfax,17042,1987,546
08/15/2020,Richmond,3339,327,42
08/15/2020,Arlington,3196,437,135
08/15/2020,"Rappahannock Rapidan",2015,139,27
08/15/2020,Rappahannock,3892,313,58
08/15/2020,Pittsylvania-Danville,1011,81,10
08/15/2020,"Prince William",12050,988,207
08/15/2020,"Cumberland Plateau",410,33,5
08/15/2020,Portsmouth,1964,137,25
08/15/2020,"Virginia Beach",5322,265,55
08/15/2020,"West Piedmont",1270,155,18
08/15/2020,"Three Rivers",1167,77,17
08/15/2020,Alleghany,991,51,18
08/15/2020,Lenowisco,510,48,10
08/15/2020,Norfolk,3944,229,34
08/15/2020,"Western Tidewater",2336,138,81
08/15/2020,Henrico,4068,351,187
08/15/2020,"Central Shenandoah",2896,221,60
08/15/2020,Loudoun,5482,360,115
08/15/2020,Chesterfield,4962,267,106
08/15/2020,Peninsula,3175,170,47
08/16/2020,Southside,875,69,36
08/16/2020,Chesapeake,3258,257,41
08/16/2020,"Thomas Jefferson",2116,152,44
08/16/2020,Roanoke,1064,30,15
08/16/2020,"Eastern Shore",1422,135,46
08/16/2020,"Mount Rogers",1559,143,58
08/16/2020,Chickahominy,1062,133,46
08/16/2020,"New River",629,33,8
08/16/2020,"Central Virginia",1723,68,17
08/16/2020,Piedmont,1539,125,35
08/16/2020,"Lord Fairfax",2655,232,92
08/16/2020,Crater,2651,228,70
08/16/2020,Hampton,1337,53,9
08/16/2020,Alexandria,3104,284,61
08/16/2020,Fairfax,17160,1988,546
08/16/2020,Richmond,3354,332,42
08/16/2020,Arlington,3229,437,135
08/16/2020,"Rappahannock Rapidan",2030,139,27
08/16/2020,Rappahannock,3926,314,58
08/16/2020,Pittsylvania-Danville,1032,82,10
08/16/2020,"Prince William",12135,990,207
08/16/2020,"Cumberland Plateau",417,33,5
08/16/2020,Portsmouth,1965,137,25
08/16/2020,"Virginia Beach",5394,266,55
08/16/2020,"West Piedmont",1270,155,18
08/16/2020,"Three Rivers",1169,78,17
08/16/2020,Alleghany,991,51,18
08/16/2020,Lenowisco,527,49,10
08/16/2020,Norfolk,3982,234,34
08/16/2020,"Western Tidewater",2369,140,81
08/16/2020,Henrico,4109,352,187
08/16/2020,"Central Shenandoah",2921,221,60
08/16/2020,Loudoun,5511,360,115
08/16/2020,Chesterfield,4994,267,106
08/16/2020,Peninsula,3208,170,47
08/17/2020,Southside,877,69,36
08/17/2020,Chesapeake,3303,257,41
08/17/2020,"Thomas Jefferson",2134,152,44
08/17/2020,Roanoke,1082,31,15
08/17/2020,"Eastern Shore",1426,135,46
08/17/2020,"Mount Rogers",1586,147,59
08/17/2020,Chickahominy,1068,134,46
08/17/2020,"New River",638,33,8
08/17/2020,"Central Virginia",1726,68,17
08/17/2020,Piedmont,1549,125,35
08/17/2020,"Lord Fairfax",2659,234,92
08/17/2020,Crater,2673,230,70
08/17/2020,Hampton,1349,53,9
08/17/2020,Alexandria,3130,284,61
08/17/2020,Fairfax,17236,1989,548
08/17/2020,Richmond,3404,336,42
08/17/2020,Arlington,3246,437,135
08/17/2020,"Rappahannock Rapidan",2041,139,27
08/17/2020,Rappahannock,3953,316,58
08/17/2020,Pittsylvania-Danville,1048,82,11
08/17/2020,"Prince William",12178,990,207
08/17/2020,"Cumberland Plateau",424,33,5
08/17/2020,Portsmouth,1995,137,25
08/17/2020,"Virginia Beach",5444,267,55
08/17/2020,"West Piedmont",1271,155,18
08/17/2020,"Three Rivers",1184,80,17
08/17/2020,Alleghany,1007,52,18
08/17/2020,Lenowisco,537,49,10
08/17/2020,Norfolk,4002,234,34
08/17/2020,"Western Tidewater",2396,142,81
08/17/2020,Henrico,4149,354,187
08/17/2020,"Central Shenandoah",2944,225,60
08/17/2020,Loudoun,5528,361,115
08/17/2020,Chesterfield,4997,267,106
08/17/2020,Peninsula,3237,170,47
08/18/2020,Southside,885,69,37
08/18/2020,Chesapeake,3319,268,41
08/18/2020,"Thomas Jefferson",2153,155,44
08/18/2020,Roanoke,1084,32,15
08/18/2020,"Eastern Shore",1427,135,46
08/18/2020,"Mount Rogers",1611,149,61
08/18/2020,Chickahominy,1080,135,46
08/18/2020,"New River",649,33,8
08/18/2020,"Central Virginia",1774,69,17
08/18/2020,Piedmont,1556,125,35
08/18/2020,"Lord Fairfax",2680,234,92
08/18/2020,Crater,2684,233,70
08/18/2020,Hampton,1362,53,9
08/18/2020,Alexandria,3146,287,61
08/18/2020,Fairfax,17319,1995,550
08/18/2020,Richmond,3425,342,42
08/18/2020,Arlington,3264,438,135
08/18/2020,"Rappahannock Rapidan",2053,140,27
08/18/2020,Rappahannock,4004,317,58
08/18/2020,Pittsylvania-Danville,1068,82,11
08/18/2020,"Prince William",12252,995,208
08/18/2020,"Cumberland Plateau",436,35,5
08/18/2020,Portsmouth,2022,139,25
08/18/2020,"Virginia Beach",5470,268,56
08/18/2020,"West Piedmont",1323,160,18
08/18/2020,"Three Rivers",1184,82,17
08/18/2020,Alleghany,1015,54,18
08/18/2020,Lenowisco,557,50,10
08/18/2020,Norfolk,4032,237,34
08/18/2020,"Western Tidewater",2430,151,84
08/18/2020,Henrico,4189,357,187
08/18/2020,"Central Shenandoah",2952,229,60
08/18/2020,Loudoun,5552,361,115
08/18/2020,Chesterfield,5060,270,107
08/18/2020,Peninsula,3265,170,47
08/19/2020,Southside,889,69,37
08/19/2020,Chesapeake,3358,269,41
08/19/2020,"Thomas Jefferson",2167,156,43
08/19/2020,Roanoke,1085,36,15
08/19/2020,"Eastern Shore",1429,135,47
08/19/2020,"Mount Rogers",1660,151,61
08/19/2020,Chickahominy,1090,135,46
08/19/2020,"New River",656,34,8
08/19/2020,"Central Virginia",1803,70,17
08/19/2020,Piedmont,1552,125,35
08/19/2020,"Lord Fairfax",2690,235,92
08/19/2020,Crater,2722,234,69
08/19/2020,Hampton,1377,53,9
08/19/2020,Alexandria,3165,287,61
08/19/2020,Fairfax,17396,2007,551
08/19/2020,Richmond,3455,348,43
08/19/2020,Arlington,3293,442,135
08/19/2020,"Rappahannock Rapidan",2070,141,28
08/19/2020,Rappahannock,4025,319,58
08/19/2020,Pittsylvania-Danville,1084,82,11
08/19/2020,"Prince William",12305,1000,209
08/19/2020,"Cumberland Plateau",442,37,6
08/19/2020,Portsmouth,2024,141,25
08/19/2020,"Virginia Beach",5522,282,60
08/19/2020,"West Piedmont",1339,166,25
08/19/2020,"Three Rivers",1187,84,18
08/19/2020,Alleghany,1013,53,18
08/19/2020,Lenowisco,565,51,10
08/19/2020,Norfolk,4062,241,37
08/19/2020,"Western Tidewater",2457,151,84
08/19/2020,Henrico,4202,358,187
08/19/2020,"Central Shenandoah",2971,229,60
08/19/2020,Loudoun,5580,361,115
08/19/2020,Chesterfield,5098,273,102
08/19/2020,Peninsula,3286,170,47
08/20/2020,Southside,905,69,37
08/20/2020,Chesapeake,3384,274,41
08/20/2020,"Thomas Jefferson",2188,157,43
08/20/2020,Roanoke,1104,36,15
08/20/2020,"Eastern Shore",1432,135,47
08/20/2020,"Mount Rogers",1673,151,62
08/20/2020,Chickahominy,1099,135,46
08/20/2020,"New River",667,36,8
08/20/2020,"Central Virginia",1864,70,17
08/20/2020,Piedmont,1567,125,36
08/20/2020,"Lord Fairfax",2707,235,92
08/20/2020,Crater,2745,235,69
08/20/2020,Hampton,1388,53,9
08/20/2020,Alexandria,3186,287,61
08/20/2020,Fairfax,17499,2025,553
08/20/2020,Richmond,3480,350,43
08/20/2020,Arlington,3310,447,137
08/20/2020,"Rappahannock Rapidan",2081,142,28
08/20/2020,Rappahannock,4069,322,58
08/20/2020,Pittsylvania-Danville,1109,85,11
08/20/2020,"Prince William",12380,1002,210
08/20/2020,"Cumberland Plateau",454,37,6
08/20/2020,Portsmouth,2045,152,28
08/20/2020,"Virginia Beach",5562,284,61
08/20/2020,"West Piedmont",1369,169,26
08/20/2020,"Three Rivers",1192,84,18
08/20/2020,Alleghany,1021,55,18
08/20/2020,Lenowisco,577,52,10
08/20/2020,Norfolk,4091,244,39
08/20/2020,"Western Tidewater",2468,154,86
08/20/2020,Henrico,4224,359,188
08/20/2020,"Central Shenandoah",2984,230,60
08/20/2020,Loudoun,5614,363,115
08/20/2020,Chesterfield,5131,274,102
08/20/2020,Peninsula,3313,170,47
08/21/2020,Southside,915,69,37
08/21/2020,Chesapeake,3412,277,41
08/21/2020,"Thomas Jefferson",2217,158,43
08/21/2020,Roanoke,1122,38,15
08/21/2020,"Eastern Shore",1436,135,47
08/21/2020,"Mount Rogers",1697,151,62
08/21/2020,Chickahominy,1107,135,46
08/21/2020,"New River",700,36,8
08/21/2020,"Central Virginia",1904,70,17
08/21/2020,Piedmont,1583,125,36
08/21/2020,"Lord Fairfax",2712,235,92
08/21/2020,Crater,2774,237,69
08/21/2020,Hampton,1417,53,10
08/21/2020,Alexandria,3203,288,61
08/21/2020,Fairfax,17589,2028,553
08/21/2020,Richmond,3502,352,43
08/21/2020,Arlington,3334,448,137
08/21/2020,"Rappahannock Rapidan",2101,144,28
08/21/2020,Rappahannock,4103,327,58
08/21/2020,Pittsylvania-Danville,1133,89,16
08/21/2020,"Prince William",12476,1008,210
08/21/2020,"Cumberland Plateau",462,37,6
08/21/2020,Portsmouth,2057,156,30
08/21/2020,"Virginia Beach",5623,298,61
08/21/2020,"West Piedmont",1384,172,27
08/21/2020,"Three Rivers",1202,84,18
08/21/2020,Alleghany,1045,56,18
08/21/2020,Lenowisco,587,54,10
08/21/2020,Norfolk,4119,251,39
08/21/2020,"Western Tidewater",2526,157,86
08/21/2020,Henrico,4259,360,188
08/21/2020,"Central Shenandoah",3001,230,60
08/21/2020,Loudoun,5647,364,115
08/21/2020,Chesterfield,5159,278,102
08/21/2020,Peninsula,3352,171,47
08/22/2020,Southside,925,69,37
08/22/2020,Chesapeake,3462,287,42
08/22/2020,"Thomas Jefferson",2247,162,43
08/22/2020,Roanoke,1121,40,15
08/22/2020,"Eastern Shore",1438,136,47
08/22/2020,"Mount Rogers",1730,155,62
08/22/2020,Chickahominy,1114,136,46
08/22/2020,"New River",729,37,8
08/22/2020,"Central Virginia",1963,71,18
08/22/2020,Piedmont,1608,125,36
08/22/2020,"Lord Fairfax",2727,235,92
08/22/2020,Crater,2838,240,69
08/22/2020,Hampton,1437,53,10
08/22/2020,Alexandria,3238,292,61
08/22/2020,Fairfax,17701,2029,553
08/22/2020,Richmond,3548,352,43
08/22/2020,Arlington,3357,449,137
08/22/2020,"Rappahannock Rapidan",2119,143,28
08/22/2020,Rappahannock,4144,330,59
08/22/2020,Pittsylvania-Danville,1160,90,16
08/22/2020,"Prince William",12576,1010,212
08/22/2020,"Cumberland Plateau",484,38,6
08/22/2020,Portsmouth,2085,159,30
08/22/2020,"Virginia Beach",5668,306,63
08/22/2020,"West Piedmont",1410,174,27
08/22/2020,"Three Rivers",1208,86,18
08/22/2020,Alleghany,1065,57,18
08/22/2020,Lenowisco,593,54,10
08/22/2020,Norfolk,4164,255,39
08/22/2020,"Western Tidewater",2575,157,86
08/22/2020,Henrico,4294,360,188
08/22/2020,"Central Shenandoah",3032,230,60
08/22/2020,Loudoun,5684,365,115
08/22/2020,Chesterfield,5206,284,102
08/22/2020,Peninsula,3422,173,47
08/23/2020,Southside,931,69,37
08/23/2020,Chesapeake,3523,293,42
08/23/2020,"Thomas Jefferson",2261,162,45
08/23/2020,Roanoke,1123,40,15
08/23/2020,"Eastern Shore",1438,137,47
08/23/2020,"Mount Rogers",1748,158,64
08/23/2020,Chickahominy,1125,138,47
08/23/2020,"New River",771,37,8
08/23/2020,"Central Virginia",2007,71,18
08/23/2020,Piedmont,1608,125,36
08/23/2020,"Lord Fairfax",2745,235,92
08/23/2020,Crater,2900,241,70
08/23/2020,Hampton,1454,53,11
08/23/2020,Alexandria,3257,292,61
08/23/2020,Fairfax,17817,2036,556
08/23/2020,Richmond,3588,353,43
08/23/2020,Arlington,3383,449,137
08/23/2020,"Rappahannock Rapidan",2165,143,29
08/23/2020,Rappahannock,4174,333,60
08/23/2020,Pittsylvania-Danville,1183,92,16
08/23/2020,"Prince William",12647,1012,213
08/23/2020,"Cumberland Plateau",487,38,6
08/23/2020,Portsmouth,2086,159,30
08/23/2020,"Virginia Beach",5693,307,64
08/23/2020,"West Piedmont",1425,174,28
08/23/2020,"Three Rivers",1210,88,18
08/23/2020,Alleghany,1066,57,19
08/23/2020,Lenowisco,603,55,10
08/23/2020,Norfolk,4164,256,43
08/23/2020,"Western Tidewater",2603,157,88
08/23/2020,Henrico,4319,361,189
08/23/2020,"Central Shenandoah",3046,231,60
08/23/2020,Loudoun,5712,366,115
08/23/2020,Chesterfield,5246,285,102
08/23/2020,Peninsula,3458,173,48
08/25/2020,Southside,948,69,37
08/25/2020,Chesapeake,3582,303,43
08/25/2020,"Thomas Jefferson",2294,163,46
08/25/2020,Roanoke,1129,41,15
08/25/2020,"Eastern Shore",1438,137,47
08/25/2020,"Mount Rogers",1794,164,68
08/25/2020,Chickahominy,1136,139,47
08/25/2020,"New River",857,37,8
08/25/2020,"Central Virginia",2081,71,18
08/25/2020,Piedmont,1635,127,37
08/25/2020,"Lord Fairfax",2770,237,93
08/25/2020,Crater,2929,242,71
08/25/2020,Hampton,1474,54,15
08/25/2020,Alexandria,3309,294,61
08/25/2020,Fairfax,17956,2036,561
08/25/2020,Richmond,3662,359,43
08/25/2020,Arlington,3415,452,138
08/25/2020,"Rappahannock Rapidan",2191,144,29
08/25/2020,Rappahannock,4242,335,60
08/25/2020,Pittsylvania-Danville,1213,92,16
08/25/2020,"Prince William",12793,1017,213
08/25/2020,"Cumberland Plateau",499,38,6
08/25/2020,Portsmouth,2135,160,31
08/25/2020,"Virginia Beach",5788,309,64
08/25/2020,"West Piedmont",1460,176,29
08/25/2020,"Three Rivers",1226,89,18
08/25/2020,Alleghany,1086,58,19
08/25/2020,Lenowisco,647,56,11
08/25/2020,Norfolk,4245,261,44
08/25/2020,"Western Tidewater",2644,160,88
08/25/2020,Henrico,4403,368,189
08/25/2020,"Central Shenandoah",3091,234,61
08/25/2020,Loudoun,5769,369,115
08/25/2020,Chesterfield,5286,289,103
08/25/2020,Peninsula,3508,179,50
08/26/2020,Southside,957,69,37
08/26/2020,Chesapeake,3625,306,45
08/26/2020,"Thomas Jefferson",2309,164,47
08/26/2020,Roanoke,1140,42,15
08/26/2020,"Eastern Shore",1439,137,47
08/26/2020,"Mount Rogers",1811,166,69
08/26/2020,Chickahominy,1180,139,47
08/26/2020,"New River",925,37,8
08/26/2020,"Central Virginia",2088,72,18
08/26/2020,Piedmont,1643,127,38
08/26/2020,"Lord Fairfax",2775,237,93
08/26/2020,Crater,2964,242,71
08/26/2020,Hampton,1483,54,15
08/26/2020,Alexandria,3324,296,61
08/26/2020,Fairfax,18053,2041,563
08/26/2020,Richmond,3735,362,44
08/26/2020,Arlington,3435,452,138
08/26/2020,"Rappahannock Rapidan",2202,147,29
08/26/2020,Rappahannock,4262,337,60
08/26/2020,Pittsylvania-Danville,1236,93,16
08/26/2020,"Prince William",12838,1021,213
08/26/2020,"Cumberland Plateau",505,43,7
08/26/2020,Portsmouth,2142,163,34
08/26/2020,"Virginia Beach",5821,314,66
08/26/2020,"West Piedmont",1484,183,30
08/26/2020,"Three Rivers",1231,90,18
08/26/2020,Alleghany,1108,58,19
08/26/2020,Lenowisco,652,56,11
08/26/2020,Norfolk,4260,269,47
08/26/2020,"Western Tidewater",2674,161,88
08/26/2020,Henrico,4428,372,190
08/26/2020,"Central Shenandoah",3102,234,61
08/26/2020,Loudoun,5787,370,117
08/26/2020,Chesterfield,5314,291,103
08/26/2020,Peninsula,3526,181,50
08/27/2020,Southside,977,69,37
08/27/2020,Chesapeake,3660,309,47
08/27/2020,"Thomas Jefferson",2336,164,48
08/27/2020,Roanoke,1169,44,15
08/27/2020,"Eastern Shore",1442,137,47
08/27/2020,"Mount Rogers",1844,169,69
08/27/2020,Chickahominy,1187,139,47
08/27/2020,"New River",963,37,8
08/27/2020,"Central Virginia",2155,72,18
08/27/2020,Piedmont,1656,127,38
08/27/2020,"Lord Fairfax",2778,237,93
08/27/2020,Crater,2997,242,71
08/27/2020,Hampton,1505,54,15
08/27/2020,Alexandria,3333,297,61
08/27/2020,Fairfax,18134,2054,563
08/27/2020,Richmond,3767,365,45
08/27/2020,Arlington,3457,454,138
08/27/2020,"Rappahannock Rapidan",2225,148,29
08/27/2020,Rappahannock,4320,339,61
08/27/2020,Pittsylvania-Danville,1270,94,16
08/27/2020,"Prince William",12910,1024,213
08/27/2020,"Cumberland Plateau",514,45,7
08/27/2020,Portsmouth,2161,167,34
08/27/2020,"Virginia Beach",5876,314,65
08/27/2020,"West Piedmont",1534,189,32
08/27/2020,"Three Rivers",1250,91,19
08/27/2020,Alleghany,1134,58,19
08/27/2020,Lenowisco,666,57,11
08/27/2020,Norfolk,4297,276,49
08/27/2020,"Western Tidewater",2710,161,89
08/27/2020,Henrico,4467,374,191
08/27/2020,"Central Shenandoah",3145,234,61
08/27/2020,Loudoun,5825,373,117
08/27/2020,Chesterfield,5347,296,104
08/27/2020,Peninsula,3568,181,50
08/28/2020,Southside,984,69,37
08/28/2020,Chesapeake,3685,313,47
08/28/2020,"Thomas Jefferson",2372,166,49
08/28/2020,Roanoke,1179,44,15
08/28/2020,"Eastern Shore",1444,137,48
08/28/2020,"Mount Rogers",1870,172,70
08/28/2020,Chickahominy,1195,139,47
08/28/2020,"New River",1012,37,8
08/28/2020,"Central Virginia",2206,74,18
08/28/2020,Piedmont,1670,127,38
08/28/2020,"Lord Fairfax",2779,237,93
08/28/2020,Crater,3023,244,72
08/28/2020,Hampton,1519,54,16
08/28/2020,Alexandria,3352,297,64
08/28/2020,Fairfax,18260,2067,564
08/28/2020,Richmond,3795,372,47
08/28/2020,Arlington,3492,458,137
08/28/2020,"Rappahannock Rapidan",2243,148,29
08/28/2020,Rappahannock,4359,342,61
08/28/2020,Pittsylvania-Danville,1296,94,16
08/28/2020,"Prince William",12988,1026,213
08/28/2020,"Cumberland Plateau",523,45,7
08/28/2020,Portsmouth,2186,172,34
08/28/2020,"Virginia Beach",5906,319,65
08/28/2020,"West Piedmont",1550,194,33
08/28/2020,"Three Rivers",1255,93,20
08/28/2020,Alleghany,1161,58,19
08/28/2020,Lenowisco,674,57,12
08/28/2020,Norfolk,4328,281,52
08/28/2020,"Western Tidewater",2743,161,89
08/28/2020,Henrico,4510,376,193
08/28/2020,"Central Shenandoah",3180,234,61
08/28/2020,Loudoun,5878,374,118
08/28/2020,Chesterfield,5378,298,108
08/28/2020,Peninsula,3597,181,50
08/29/2020,Southside,993,69,37
08/29/2020,Chesapeake,3736,316,47
08/29/2020,"Thomas Jefferson",2424,166,50
08/29/2020,Roanoke,1186,44,15
08/29/2020,"Eastern Shore",1447,137,48
08/29/2020,"Mount Rogers",1914,174,70
08/29/2020,Chickahominy,1216,140,48
08/29/2020,"New River",1102,37,9
08/29/2020,"Central Virginia",2258,77,18
08/29/2020,Piedmont,1687,127,38
08/29/2020,"Lord Fairfax",2791,239,93
08/29/2020,Crater,3090,249,73
08/29/2020,Hampton,1529,54,16
08/29/2020,Alexandria,3358,297,62
08/29/2020,Fairfax,18378,2075,569
08/29/2020,Richmond,3831,372,47
08/29/2020,Arlington,3513,461,137
08/29/2020,"Rappahannock Rapidan",2261,148,30
08/29/2020,Rappahannock,4398,345,62
08/29/2020,Pittsylvania-Danville,1318,95,18
08/29/2020,"Prince William",13073,1030,214
08/29/2020,"Cumberland Plateau",528,45,7
08/29/2020,Portsmouth,2198,173,34
08/29/2020,"Virginia Beach",5948,320,67
08/29/2020,"West Piedmont",1592,196,34
08/29/2020,"Three Rivers",1268,93,20
08/29/2020,Alleghany,1152,58,19
08/29/2020,Lenowisco,686,58,12
08/29/2020,Norfolk,4334,283,52
08/29/2020,"Western Tidewater",2794,161,90
08/29/2020,Henrico,4553,377,192
08/29/2020,"Central Shenandoah",3237,234,61
08/29/2020,Loudoun,5924,379,118
08/29/2020,Chesterfield,5417,302,108
08/29/2020,Peninsula,3675,181,53
08/30/2020,Southside,996,69,37
08/30/2020,Chesapeake,3778,319,47
08/30/2020,"Thomas Jefferson",2458,167,50
08/30/2020,Roanoke,1189,44,15
08/30/2020,"Eastern Shore",1447,137,48
08/30/2020,"Mount Rogers",1938,177,70
08/30/2020,Chickahominy,1226,140,48
08/30/2020,"New River",1187,37,9
08/30/2020,"Central Virginia",2286,78,18
08/30/2020,Piedmont,1687,127,38
08/30/2020,"Lord Fairfax",2798,240,93
08/30/2020,Crater,3129,249,73
08/30/2020,Hampton,1542,54,16
08/30/2020,Alexandria,3369,298,62
08/30/2020,Fairfax,18496,2078,569
08/30/2020,Richmond,3879,373,47
08/30/2020,Arlington,3540,466,137
08/30/2020,"Rappahannock Rapidan",2275,150,30
08/30/2020,Rappahannock,4425,348,62
08/30/2020,Pittsylvania-Danville,1372,95,18
08/30/2020,"Prince William",13124,1033,214
08/30/2020,"Cumberland Plateau",530,45,7
08/30/2020,Portsmouth,2213,175,34
08/30/2020,"Virginia Beach",5985,321,68
08/30/2020,"West Piedmont",1606,197,34
08/30/2020,"Three Rivers",1276,93,20
08/30/2020,Alleghany,1156,58,19
08/30/2020,Lenowisco,699,60,12
08/30/2020,Norfolk,4361,285,52
08/30/2020,"Western Tidewater",2819,161,90
08/30/2020,Henrico,4579,379,192
08/30/2020,"Central Shenandoah",3294,234,61
08/30/2020,Loudoun,5945,383,118
08/30/2020,Chesterfield,5433,304,108
08/30/2020,Peninsula,3710,181,53
08/31/2020,Southside,1019,69,37
08/31/2020,Chesapeake,3801,322,47
08/31/2020,"Thomas Jefferson",2475,168,50
08/31/2020,Roanoke,1200,44,15
08/31/2020,"Eastern Shore",1449,137,48
08/31/2020,"Mount Rogers",1955,177,70
08/31/2020,Chickahominy,1235,140,48
08/31/2020,"New River",1223,37,9
08/31/2020,"Central Virginia",2315,78,18
08/31/2020,Piedmont,1687,127,38
08/31/2020,"Lord Fairfax",2805,240,93
08/31/2020,Crater,3174,250,73
08/31/2020,Hampton,1554,54,16
08/31/2020,Alexandria,3378,298,62
08/31/2020,Fairfax,18603,2080,572
08/31/2020,Richmond,3897,375,47
08/31/2020,Arlington,3555,467,138
08/31/2020,"Rappahannock Rapidan",2285,150,30
08/31/2020,Rappahannock,4450,348,62
08/31/2020,Pittsylvania-Danville,1376,95,20
08/31/2020,"Prince William",13206,1033,215
08/31/2020,"Cumberland Plateau",548,48,7
08/31/2020,Portsmouth,2213,175,34
08/31/2020,"Virginia Beach",6028,321,68
08/31/2020,"West Piedmont",1608,197,34
08/31/2020,"Three Rivers",1287,93,20
08/31/2020,Alleghany,1178,58,19
08/31/2020,Lenowisco,709,60,12
08/31/2020,Norfolk,4394,285,52
08/31/2020,"Western Tidewater",2836,161,91
08/31/2020,Henrico,4608,379,192
08/31/2020,"Central Shenandoah",3366,234,62
08/31/2020,Loudoun,5979,384,118
08/31/2020,Chesterfield,5455,304,108
08/31/2020,Peninsula,3743,181,55
09/01/2020,Southside,1036,69,37
09/01/2020,Chesapeake,3811,328,48
09/01/2020,"Thomas Jefferson",2490,170,50
09/01/2020,Roanoke,1201,45,15
09/01/2020,"Eastern Shore",1452,136,48
09/01/2020,"Mount Rogers",1994,182,73
09/01/2020,Chickahominy,1252,140,48
09/01/2020,"New River",1335,37,9
09/01/2020,"Central Virginia",2357,78,19
09/01/2020,Piedmont,1712,127,39
09/01/2020,"Lord Fairfax",2818,246,94
09/01/2020,Crater,3196,250,76
09/01/2020,Hampton,1562,54,16
09/01/2020,Alexandria,3395,298,62
09/01/2020,Fairfax,18696,2082,574
09/01/2020,Richmond,3920,374,49
09/01/2020,Arlington,3560,466,140
09/01/2020,"Rappahannock Rapidan",2300,152,30
09/01/2020,Rappahannock,4489,351,62
09/01/2020,Pittsylvania-Danville,1391,98,20
09/01/2020,"Prince William",13282,1038,216
09/01/2020,"Cumberland Plateau",550,48,8
09/01/2020,Portsmouth,2234,180,36
09/01/2020,"Virginia Beach",6049,321,69
09/01/2020,"West Piedmont",1622,198,34
09/01/2020,"Three Rivers",1290,94,20
09/01/2020,Alleghany,1182,61,22
09/01/2020,Lenowisco,724,62,12
09/01/2020,Norfolk,4406,288,55
09/01/2020,"Western Tidewater",2891,161,91
09/01/2020,Henrico,4651,381,193
09/01/2020,"Central Shenandoah",3464,235,62
09/01/2020,Loudoun,6008,387,118
09/01/2020,Chesterfield,5524,303,110
09/01/2020,Peninsula,3771,181,57
09/02/2020,Southside,1052,71,37
09/02/2020,Chesapeake,3826,334,49
09/02/2020,"Thomas Jefferson",2515,170,53
09/02/2020,Roanoke,1203,45,15
09/02/2020,"Eastern Shore",1452,136,48
09/02/2020,"Mount Rogers",2037,187,74
09/02/2020,Chickahominy,1260,143,48
09/02/2020,"New River",1446,37,9
09/02/2020,"Central Virginia",2385,80,19
09/02/2020,Piedmont,1725,127,39
09/02/2020,"Lord Fairfax",2832,248,97
09/02/2020,Crater,3228,253,77
09/02/2020,Hampton,1570,54,16
09/02/2020,Alexandria,3415,300,62
09/02/2020,Fairfax,18793,2086,575
09/02/2020,Richmond,3950,373,49
09/02/2020,Arlington,3569,469,141
09/02/2020,"Rappahannock Rapidan",2310,152,31
09/02/2020,Rappahannock,4520,352,63
09/02/2020,Pittsylvania-Danville,1407,100,20
09/02/2020,"Prince William",13328,1041,218
09/02/2020,"Cumberland Plateau",554,48,8
09/02/2020,Portsmouth,2242,186,41
09/02/2020,"Virginia Beach",6081,324,70
09/02/2020,"West Piedmont",1642,200,36
09/02/2020,"Three Rivers",1298,94,20
09/02/2020,Alleghany,1185,62,22
09/02/2020,Lenowisco,731,63,12
09/02/2020,Norfolk,4429,291,57
09/02/2020,"Western Tidewater",2914,161,93
09/02/2020,Henrico,4670,381,194
09/02/2020,"Central Shenandoah",3551,236,62
09/02/2020,Loudoun,6053,389,118
09/02/2020,Chesterfield,5566,304,110
09/02/2020,Peninsula,3803,181,58
09/03/2020,Southside,1068,71,37
09/03/2020,Chesapeake,3859,339,49
09/03/2020,"Thomas Jefferson",2562,171,56
09/03/2020,Roanoke,1199,46,15
09/03/2020,"Eastern Shore",1455,136,48
09/03/2020,"Mount Rogers",2072,189,75
09/03/2020,Chickahominy,1280,143,48
09/03/2020,"New River",1534,37,9
09/03/2020,"Central Virginia",2434,81,19
09/03/2020,Piedmont,1733,127,40
09/03/2020,"Lord Fairfax",2840,250,97
09/03/2020,Crater,3260,253,78
09/03/2020,Hampton,1589,54,16
09/03/2020,Alexandria,3436,301,62
09/03/2020,Fairfax,18858,2100,576
09/03/2020,Richmond,4027,376,49
09/03/2020,Arlington,3587,470,141
09/03/2020,"Rappahannock Rapidan",2323,154,31
09/03/2020,Rappahannock,4552,354,62
09/03/2020,Pittsylvania-Danville,1437,104,20
09/03/2020,"Prince William",13414,1045,219
09/03/2020,"Cumberland Plateau",558,48,9
09/03/2020,Portsmouth,2258,188,42
09/03/2020,"Virginia Beach",6128,326,70
09/03/2020,"West Piedmont",1664,200,36
09/03/2020,"Three Rivers",1317,94,20
09/03/2020,Alleghany,1207,62,22
09/03/2020,Lenowisco,744,65,12
09/03/2020,Norfolk,4450,300,59
09/03/2020,"Western Tidewater",2961,161,93
09/03/2020,Henrico,4707,383,194
09/03/2020,"Central Shenandoah",3620,237,62
09/03/2020,Loudoun,6077,391,118
09/03/2020,Chesterfield,5606,304,110
09/03/2020,Peninsula,3852,181,58
09/04/2020,Southside,1098,71,37
09/04/2020,Chesapeake,3887,342,49
09/04/2020,"Thomas Jefferson",2597,171,57
09/04/2020,Roanoke,1220,50,15
09/04/2020,"Eastern Shore",1455,136,48
09/04/2020,"Mount Rogers",2114,191,75
09/04/2020,Chickahominy,1296,144,48
09/04/2020,"New River",1668,37,9
09/04/2020,"Central Virginia",2481,84,19
09/04/2020,Piedmont,1742,127,40
09/04/2020,"Lord Fairfax",2846,253,97
09/04/2020,Crater,3289,252,79
09/04/2020,Hampton,1603,54,16
09/04/2020,Alexandria,3459,302,62
09/04/2020,Fairfax,18930,2103,576
09/04/2020,Richmond,4052,381,49
09/04/2020,Arlington,3605,472,142
09/04/2020,"Rappahannock Rapidan",2337,156,31
09/04/2020,Rappahannock,4579,359,65
09/04/2020,Pittsylvania-Danville,1474,104,20
09/04/2020,"Prince William",13483,1046,219
09/04/2020,"Cumberland Plateau",563,49,9
09/04/2020,Portsmouth,2269,191,42
09/04/2020,"Virginia Beach",6160,327,71
09/04/2020,"West Piedmont",1691,203,36
09/04/2020,"Three Rivers",1332,94,20
09/04/2020,Alleghany,1224,63,23
09/04/2020,Lenowisco,756,66,12
09/04/2020,Norfolk,4468,301,59
09/04/2020,"Western Tidewater",2998,162,94
09/04/2020,Henrico,4738,386,194
09/04/2020,"Central Shenandoah",3683,239,63
09/04/2020,Loudoun,6146,394,118
09/04/2020,Chesterfield,5634,307,110
09/04/2020,Peninsula,3902,181,58
09/05/2020,Southside,1120,72,39
09/05/2020,Chesapeake,3899,342,49
09/05/2020,"Thomas Jefferson",2624,171,57
09/05/2020,Roanoke,1235,51,15
09/05/2020,"Eastern Shore",1456,136,48
09/05/2020,"Mount Rogers",2161,192,75
09/05/2020,Chickahominy,1306,144,48
09/05/2020,"New River",1750,38,9
09/05/2020,"Central Virginia",2513,84,19
09/05/2020,Piedmont,1750,127,40
09/05/2020,"Lord Fairfax",2849,253,98
09/05/2020,Crater,3312,254,80
09/05/2020,Hampton,1614,55,16
09/05/2020,Alexandria,3476,302,62
09/05/2020,Fairfax,19068,2107,576
09/05/2020,Richmond,4099,384,49
09/05/2020,Arlington,3620,476,143
09/05/2020,"Rappahannock Rapidan",2342,160,37
09/05/2020,Rappahannock,4608,362,65
09/05/2020,Pittsylvania-Danville,1485,105,21
09/05/2020,"Prince William",13530,1049,219
09/05/2020,"Cumberland Plateau",569,49,9
09/05/2020,Portsmouth,2277,193,43
09/05/2020,"Virginia Beach",6183,327,71
09/05/2020,"West Piedmont",1730,205,36
09/05/2020,"Three Rivers",1343,94,20
09/05/2020,Alleghany,1234,65,23
09/05/2020,Lenowisco,766,67,13
09/05/2020,Norfolk,4481,308,60
09/05/2020,"Western Tidewater",3026,163,94
09/05/2020,Henrico,4757,387,194
09/05/2020,"Central Shenandoah",3780,243,63
09/05/2020,Loudoun,6166,394,118
09/05/2020,Chesterfield,5678,309,110
09/05/2020,Peninsula,3920,181,58
09/06/2020,Southside,1140,73,39
09/06/2020,Chesapeake,3932,344,50
09/06/2020,"Thomas Jefferson",2664,171,57
09/06/2020,Roanoke,1267,52,15
09/06/2020,"Eastern Shore",1457,136,48
09/06/2020,"Mount Rogers",2210,194,75
09/06/2020,Chickahominy,1319,144,48
09/06/2020,"New River",1925,38,9
09/06/2020,"Central Virginia",2548,84,19
09/06/2020,Piedmont,1752,127,40
09/06/2020,"Lord Fairfax",2862,253,98
09/06/2020,Crater,3360,254,80
09/06/2020,Hampton,1628,57,16
09/06/2020,Alexandria,3500,302,62
09/06/2020,Fairfax,19174,2110,576
09/06/2020,Richmond,4135,387,49
09/06/2020,Arlington,3632,476,143
09/06/2020,"Rappahannock Rapidan",2358,160,37
09/06/2020,Rappahannock,4640,364,65
09/06/2020,Pittsylvania-Danville,1530,106,21
09/06/2020,"Prince William",13630,1051,219
09/06/2020,"Cumberland Plateau",575,49,9
09/06/2020,Portsmouth,2283,194,43
09/06/2020,"Virginia Beach",6223,328,71
09/06/2020,"West Piedmont",1744,205,36
09/06/2020,"Three Rivers",1360,94,20
09/06/2020,Alleghany,1255,65,23
09/06/2020,Lenowisco,783,69,13
09/06/2020,Norfolk,4484,308,60
09/06/2020,"Western Tidewater",3050,166,94
09/06/2020,Henrico,4795,390,194
09/06/2020,"Central Shenandoah",3870,244,63
09/06/2020,Loudoun,6198,394,118
09/06/2020,Chesterfield,5685,311,110
09/06/2020,Peninsula,3958,181,58
09/07/2020,Southside,1142,74,39
09/07/2020,Chesapeake,3946,346,50
09/07/2020,"Thomas Jefferson",2675,172,57
09/07/2020,Roanoke,1305,52,15
09/07/2020,"Eastern Shore",1457,136,48
09/07/2020,"Mount Rogers",2266,196,75
09/07/2020,Chickahominy,1332,144,48
09/07/2020,"New River",1949,38,9
09/07/2020,"Central Virginia",2568,86,19
09/07/2020,Piedmont,1762,127,40
09/07/2020,"Lord Fairfax",2872,254,98
09/07/2020,Crater,3368,254,80
09/07/2020,Hampton,1629,57,16
09/07/2020,Alexandria,3511,302,62
09/07/2020,Fairfax,19246,2111,576
09/07/2020,Richmond,4153,389,49
09/07/2020,Arlington,3640,476,143
09/07/2020,"Rappahannock Rapidan",2370,160,40
09/07/2020,Rappahannock,4658,364,65
09/07/2020,Pittsylvania-Danville,1538,108,23
09/07/2020,"Prince William",13672,1053,219
09/07/2020,"Cumberland Plateau",578,49,9
09/07/2020,Portsmouth,2286,194,43
09/07/2020,"Virginia Beach",6226,328,71
09/07/2020,"West Piedmont",1753,205,36
09/07/2020,"Three Rivers",1365,94,20
09/07/2020,Alleghany,1281,65,23
09/07/2020,Lenowisco,790,69,13
09/07/2020,Norfolk,4533,308,60
09/07/2020,"Western Tidewater",3067,167,94
09/07/2020,Henrico,4806,390,194
09/07/2020,"Central Shenandoah",3941,245,63
09/07/2020,Loudoun,6223,395,118
09/07/2020,Chesterfield,5690,311,110
09/07/2020,Peninsula,3973,183,59
09/08/2020,Southside,1161,74,39
09/08/2020,Chesapeake,3962,348,50
09/08/2020,"Thomas Jefferson",2688,174,57
09/08/2020,Roanoke,1306,52,15
09/08/2020,"Eastern Shore",1458,136,48
09/08/2020,"Mount Rogers",2292,198,76
09/08/2020,Chickahominy,1349,146,48
09/08/2020,"New River",1982,38,9
09/08/2020,"Central Virginia",2571,88,19
09/08/2020,Piedmont,1778,127,40
09/08/2020,"Lord Fairfax",2883,254,98
09/08/2020,Crater,3383,254,80
09/08/2020,Hampton,1651,57,16
09/08/2020,Alexandria,3527,302,62
09/08/2020,Fairfax,19326,2114,577
09/08/2020,Richmond,4176,390,49
09/08/2020,Arlington,3656,478,143
09/08/2020,"Rappahannock Rapidan",2381,160,40
09/08/2020,Rappahannock,4683,366,65
09/08/2020,Pittsylvania-Danville,1555,108,23
09/08/2020,"Prince William",13722,1054,219
09/08/2020,"Cumberland Plateau",587,49,9
09/08/2020,Portsmouth,2309,195,43
09/08/2020,"Virginia Beach",6227,328,71
09/08/2020,"West Piedmont",1757,206,36
09/08/2020,"Three Rivers",1375,94,20
09/08/2020,Alleghany,1283,66,23
09/08/2020,Lenowisco,794,70,13
09/08/2020,Norfolk,4537,310,60
09/08/2020,"Western Tidewater",3089,168,94
09/08/2020,Henrico,4844,390,194
09/08/2020,"Central Shenandoah",4121,246,63
09/08/2020,Loudoun,6263,396,118
09/08/2020,Chesterfield,5735,313,110
09/08/2020,Peninsula,3996,183,59
09/09/2020,Southside,1184,74,39
09/09/2020,Chesapeake,3982,349,50
09/09/2020,"Thomas Jefferson",2715,174,58
09/09/2020,Roanoke,1312,53,15
09/09/2020,"Eastern Shore",1459,137,48
09/09/2020,"Mount Rogers",2304,199,76
09/09/2020,Chickahominy,1363,146,48
09/09/2020,"New River",2058,39,9
09/09/2020,"Central Virginia",2606,89,19
09/09/2020,Piedmont,1786,127,40
09/09/2020,"Lord Fairfax",2885,257,98
09/09/2020,Crater,3441,256,80
09/09/2020,Hampton,1661,57,16
09/09/2020,Alexandria,3546,302,62
09/09/2020,Fairfax,19369,2120,580
09/09/2020,Richmond,4198,393,49
09/09/2020,Arlington,3679,480,143
09/09/2020,"Rappahannock Rapidan",2398,162,42
09/09/2020,Rappahannock,4733,368,65
09/09/2020,Pittsylvania-Danville,1567,109,23
09/09/2020,"Prince William",13793,1057,219
09/09/2020,"Cumberland Plateau",593,49,9
09/09/2020,Portsmouth,2324,217,43
09/09/2020,"Virginia Beach",6305,335,71
09/09/2020,"West Piedmont",1767,209,36
09/09/2020,"Three Rivers",1384,95,20
09/09/2020,Alleghany,1290,66,23
09/09/2020,Lenowisco,798,70,13
09/09/2020,Norfolk,4545,312,60
09/09/2020,"Western Tidewater",3111,168,94
09/09/2020,Henrico,4872,392,195
09/09/2020,"Central Shenandoah",4205,246,64
09/09/2020,Loudoun,6273,399,118
09/09/2020,Chesterfield,5777,319,113
09/09/2020,Peninsula,4006,183,59
09/10/2020,Southside,1196,74,39
09/10/2020,Chesapeake,4007,352,50
09/10/2020,"Thomas Jefferson",2743,175,58
09/10/2020,Roanoke,1329,54,15
09/10/2020,"Eastern Shore",1460,137,48
09/10/2020,"Mount Rogers",2325,200,77
09/10/2020,Chickahominy,1495,147,48
09/10/2020,"New River",2147,43,10
09/10/2020,"Central Virginia",2633,91,19
09/10/2020,Piedmont,1799,128,40
09/10/2020,"Lord Fairfax",2894,256,98
09/10/2020,Crater,3472,259,80
09/10/2020,Hampton,1687,57,16
09/10/2020,Alexandria,3558,303,62
09/10/2020,Fairfax,19474,2123,580
09/10/2020,Richmond,4220,394,50
09/10/2020,Arlington,3687,481,144
09/10/2020,"Rappahannock Rapidan",2408,163,43
09/10/2020,Rappahannock,4778,370,65
09/10/2020,Pittsylvania-Danville,1590,109,23
09/10/2020,"Prince William",13869,1061,223
09/10/2020,"Cumberland Plateau",606,49,9
09/10/2020,Portsmouth,2337,236,45
09/10/2020,"Virginia Beach",6345,335,71
09/10/2020,"West Piedmont",1793,220,36
09/10/2020,"Three Rivers",1404,96,20
09/10/2020,Alleghany,1312,67,23
09/10/2020,Lenowisco,810,70,13
09/10/2020,Norfolk,4577,319,60
09/10/2020,"Western Tidewater",3151,168,94
09/10/2020,Henrico,4925,395,195
09/10/2020,"Central Shenandoah",4292,247,64
09/10/2020,Loudoun,6327,402,118
09/10/2020,Chesterfield,5834,321,113
09/10/2020,Peninsula,4041,183,59
09/11/2020,Southside,1219,75,39
09/11/2020,Chesapeake,4026,357,49
09/11/2020,"Thomas Jefferson",2796,176,58
09/11/2020,Roanoke,1359,55,15
09/11/2020,"Eastern Shore",1462,137,48
09/11/2020,"Mount Rogers",2350,203,77
09/11/2020,Chickahominy,1530,149,49
09/11/2020,"New River",2239,44,10
09/11/2020,"Central Virginia",2686,92,19
09/11/2020,Piedmont,1824,129,40
09/11/2020,"Lord Fairfax",2905,257,98
09/11/2020,Crater,3480,260,80
09/11/2020,Hampton,1690,57,16
09/11/2020,Alexandria,3577,304,62
09/11/2020,Fairfax,19553,2124,581
09/11/2020,Richmond,4259,395,50
09/11/2020,Arlington,3700,481,144
09/11/2020,"Rappahannock Rapidan",2423,165,43
09/11/2020,Rappahannock,4822,371,65
09/11/2020,Pittsylvania-Danville,1607,113,23
09/11/2020,"Prince William",13967,1061,223
09/11/2020,"Cumberland Plateau",617,49,9
09/11/2020,Portsmouth,2343,249,45
09/11/2020,"Virginia Beach",6368,336,71
09/11/2020,"West Piedmont",1813,222,36
09/11/2020,"Three Rivers",1436,99,20
09/11/2020,Alleghany,1331,67,23
09/11/2020,Lenowisco,821,70,13
09/11/2020,Norfolk,4612,327,61
09/11/2020,"Western Tidewater",3175,169,94
09/11/2020,Henrico,4966,397,195
09/11/2020,"Central Shenandoah",4373,249,65
09/11/2020,Loudoun,6377,408,118
09/11/2020,Chesterfield,5886,325,113
09/11/2020,Peninsula,4048,183,59
09/12/2020,Southside,1232,76,39
09/12/2020,Chesapeake,4048,364,49
09/12/2020,"Thomas Jefferson",2842,177,58
09/12/2020,Roanoke,1365,56,15
09/12/2020,"Eastern Shore",1462,137,48
09/12/2020,"Mount Rogers",2391,206,79
09/12/2020,Chickahominy,1550,150,49
09/12/2020,"New River",2412,49,10
09/12/2020,"Central Virginia",2732,93,19
09/12/2020,Piedmont,1838,129,40
09/12/2020,"Lord Fairfax",2920,257,98
09/12/2020,Crater,3514,261,80
09/12/2020,Hampton,1706,58,17
09/12/2020,Alexandria,3594,305,62
09/12/2020,Fairfax,19688,2131,582
09/12/2020,Richmond,4291,396,50
09/12/2020,Arlington,3710,481,145
09/12/2020,"Rappahannock Rapidan",2442,165,43
09/12/2020,Rappahannock,4876,373,65
09/12/2020,Pittsylvania-Danville,1630,118,23
09/12/2020,"Prince William",14054,1063,223
09/12/2020,"Cumberland Plateau",627,49,9
09/12/2020,Portsmouth,2373,255,45
09/12/2020,"Virginia Beach",6421,337,72
09/12/2020,"West Piedmont",1828,224,36
09/12/2020,"Three Rivers",1463,100,22
09/12/2020,Alleghany,1343,67,23
09/12/2020,Lenowisco,827,70,15
09/12/2020,Norfolk,4630,333,61
09/12/2020,"Western Tidewater",3218,170,95
09/12/2020,Henrico,5000,396,195
09/12/2020,"Central Shenandoah",4485,250,65
09/12/2020,Loudoun,6409,410,118
09/12/2020,Chesterfield,5941,329,113
09/12/2020,Peninsula,4078,183,59
09/13/2020,Southside,1254,76,39
09/13/2020,Chesapeake,4067,365,49
09/13/2020,"Thomas Jefferson",2859,178,58
09/13/2020,Roanoke,1373,57,15
09/13/2020,"Eastern Shore",1463,137,48
09/13/2020,"Mount Rogers",2447,212,81
09/13/2020,Chickahominy,1580,150,49
09/13/2020,"New River",2479,49,10
09/13/2020,"Central Virginia",2759,93,19
09/13/2020,Piedmont,1839,129,40
09/13/2020,"Lord Fairfax",2931,257,98
09/13/2020,Crater,3514,261,80
09/13/2020,Hampton,1714,58,17
09/13/2020,Alexandria,3602,305,62
09/13/2020,Fairfax,19796,2135,582
09/13/2020,Richmond,4317,396,50
09/13/2020,Arlington,3727,484,145
09/13/2020,"Rappahannock Rapidan",2459,165,43
09/13/2020,Rappahannock,4907,374,65
09/13/2020,Pittsylvania-Danville,1651,119,23
09/13/2020,"Prince William",14120,1067,223
09/13/2020,"Cumberland Plateau",635,49,9
09/13/2020,Portsmouth,2391,255,45
09/13/2020,"Virginia Beach",6453,337,72
09/13/2020,"West Piedmont",1828,224,36
09/13/2020,"Three Rivers",1476,100,22
09/13/2020,Alleghany,1355,69,23
09/13/2020,Lenowisco,832,70,15
09/13/2020,Norfolk,4647,333,61
09/13/2020,"Western Tidewater",3261,171,95
09/13/2020,Henrico,5037,396,195
09/13/2020,"Central Shenandoah",4503,250,65
09/13/2020,Loudoun,6443,410,118
09/13/2020,Chesterfield,5983,330,113
09/13/2020,Peninsula,4112,183,59
09/14/2020,Southside,1259,76,39
09/14/2020,Chesapeake,4086,372,49
09/14/2020,"Thomas Jefferson",2880,180,58
09/14/2020,Roanoke,1391,57,15
09/14/2020,"Eastern Shore",1465,137,48
09/14/2020,"Mount Rogers",2463,213,82
09/14/2020,Chickahominy,1617,150,49
09/14/2020,"New River",2591,49,10
09/14/2020,"Central Virginia",2778,93,22
09/14/2020,Piedmont,1841,129,40
09/14/2020,"Lord Fairfax",2939,261,99
09/14/2020,Crater,3539,263,80
09/14/2020,Hampton,1723,58,17
09/14/2020,Alexandria,3613,305,62
09/14/2020,Fairfax,19854,2140,582
09/14/2020,Richmond,4336,399,50
09/14/2020,Arlington,3741,487,145
09/14/2020,"Rappahannock Rapidan",2471,165,43
09/14/2020,Rappahannock,4922,374,65
09/14/2020,Pittsylvania-Danville,1662,123,27
09/14/2020,"Prince William",14147,1067,223
09/14/2020,"Cumberland Plateau",635,49,9
09/14/2020,Portsmouth,2391,255,45
09/14/2020,"Virginia Beach",6482,342,72
09/14/2020,"West Piedmont",1842,224,38
09/14/2020,"Three Rivers",1495,102,23
09/14/2020,Alleghany,1370,69,23
09/14/2020,Lenowisco,835,70,15
09/14/2020,Norfolk,4651,333,61
09/14/2020,"Western Tidewater",3336,180,98
09/14/2020,Henrico,5068,396,198
09/14/2020,"Central Shenandoah",4568,251,65
09/14/2020,Loudoun,6449,411,118
09/14/2020,Chesterfield,6001,330,114
09/14/2020,Peninsula,4130,183,59
09/15/2020,Southside,1264,77,40
09/15/2020,Chesapeake,4096,373,53
09/15/2020,"Thomas Jefferson",2883,180,61
09/15/2020,Roanoke,1394,57,15
09/15/2020,"Eastern Shore",1465,137,48
09/15/2020,"Mount Rogers",2492,213,87
09/15/2020,Chickahominy,1684,152,49
09/15/2020,"New River",2643,50,11
09/15/2020,"Central Virginia",2803,97,25
09/15/2020,Piedmont,1870,129,41
09/15/2020,"Lord Fairfax",2954,261,104
09/15/2020,Crater,3556,263,88
09/15/2020,Hampton,1730,58,19
09/15/2020,Alexandria,3615,305,65
09/15/2020,Fairfax,19930,2135,583
09/15/2020,Richmond,4363,401,55
09/15/2020,Arlington,3759,487,145
09/15/2020,"Rappahannock Rapidan",2483,168,46
09/15/2020,Rappahannock,4942,375,69
09/15/2020,Pittsylvania-Danville,1681,125,27
09/15/2020,"Prince William",14231,1071,225
09/15/2020,"Cumberland Plateau",640,50,9
09/15/2020,Portsmouth,2424,258,46
09/15/2020,"Virginia Beach",6523,349,74
09/15/2020,"West Piedmont",1864,225,48
09/15/2020,"Three Rivers",1515,102,27
09/15/2020,Alleghany,1375,70,23
09/15/2020,Lenowisco,839,71,17
09/15/2020,Norfolk,4676,337,66
09/15/2020,"Western Tidewater",3375,180,103
09/15/2020,Henrico,5079,398,203
09/15/2020,"Central Shenandoah",4693,253,68
09/15/2020,Loudoun,6489,414,119
09/15/2020,Chesterfield,6040,333,115
09/15/2020,Peninsula,4144,183,65
09/16/2020,Southside,1282,77,40
09/16/2020,Chesapeake,4119,379,55
09/16/2020,"Thomas Jefferson",2943,180,62
09/16/2020,Roanoke,1413,57,15
09/16/2020,"Eastern Shore",1465,137,49
09/16/2020,"Mount Rogers",2502,216,89
09/16/2020,Chickahominy,1693,155,49
09/16/2020,"New River",2700,50,12
09/16/2020,"Central Virginia",2827,101,28
09/16/2020,Piedmont,1876,129,42
09/16/2020,"Lord Fairfax",2962,262,106
09/16/2020,Crater,3569,263,93
09/16/2020,Hampton,1736,58,20
09/16/2020,Alexandria,3628,305,66
09/16/2020,Fairfax,20035,2142,585
09/16/2020,Richmond,4384,403,55
09/16/2020,Arlington,3779,488,146
09/16/2020,"Rappahannock Rapidan",2501,168,46
09/16/2020,Rappahannock,4966,376,70
09/16/2020,Pittsylvania-Danville,1704,125,29
09/16/2020,"Prince William",14277,1073,228
09/16/2020,"Cumberland Plateau",651,51,9
09/16/2020,Portsmouth,2427,262,47
09/16/2020,"Virginia Beach",6515,349,76
09/16/2020,"West Piedmont",1883,227,54
09/16/2020,"Three Rivers",1541,103,27
09/16/2020,Alleghany,1392,70,23
09/16/2020,Lenowisco,843,71,17
09/16/2020,Norfolk,4685,338,66
09/16/2020,"Western Tidewater",3413,180,104
09/16/2020,Henrico,5120,403,205
09/16/2020,"Central Shenandoah",4746,255,69
09/16/2020,Loudoun,6523,417,119
09/16/2020,Chesterfield,6077,336,118
09/16/2020,Peninsula,4182,183,65
09/17/2020,Southside,1306,79,40
09/17/2020,Chesapeake,4141,381,58
09/17/2020,"Thomas Jefferson",3027,181,63
09/17/2020,Roanoke,1447,61,16
09/17/2020,"Eastern Shore",1467,137,49
09/17/2020,"Mount Rogers",2518,219,92
09/17/2020,Chickahominy,1707,156,49
09/17/2020,"New River",2740,50,12
09/17/2020,"Central Virginia",2867,102,30
09/17/2020,Piedmont,1894,129,43
09/17/2020,"Lord Fairfax",2979,262,106
09/17/2020,Crater,3607,268,95
09/17/2020,Hampton,1748,58,20
09/17/2020,Alexandria,3649,306,66
09/17/2020,Fairfax,20121,2147,586
09/17/2020,Richmond,4407,403,56
09/17/2020,Arlington,3791,491,146
09/17/2020,"Rappahannock Rapidan",2521,169,46
09/17/2020,Rappahannock,5016,378,69
09/17/2020,Pittsylvania-Danville,1724,125,30
09/17/2020,"Prince William",14356,1076,228
09/17/2020,"Cumberland Plateau",660,51,9
09/17/2020,Portsmouth,2439,266,48
09/17/2020,"Virginia Beach",6553,349,78
09/17/2020,"West Piedmont",1909,230,56
09/17/2020,"Three Rivers",1572,106,28
09/17/2020,Alleghany,1415,71,24
09/17/2020,Lenowisco,849,72,17
09/17/2020,Norfolk,4707,342,67
09/17/2020,"Western Tidewater",3465,195,113
09/17/2020,Henrico,5155,406,205
09/17/2020,"Central Shenandoah",4829,256,70
09/17/2020,Loudoun,6567,420,120
09/17/2020,Chesterfield,6106,339,120
09/17/2020,Peninsula,4201,183,65
09/18/2020,Southside,1318,84,42
09/18/2020,Chesapeake,4169,382,66
09/18/2020,"Thomas Jefferson",3104,181,65
09/18/2020,Roanoke,1508,61,16
09/18/2020,"Eastern Shore",1472,138,50
09/18/2020,"Mount Rogers",2555,220,92
09/18/2020,Chickahominy,1712,157,49
09/18/2020,"New River",2812,52,13
09/18/2020,"Central Virginia",2906,104,31
09/18/2020,Piedmont,1906,129,43
09/18/2020,"Lord Fairfax",2991,262,106
09/18/2020,Crater,3648,270,96
09/18/2020,Hampton,1761,58,21
09/18/2020,Alexandria,3671,308,67
09/18/2020,Fairfax,20242,2146,587
09/18/2020,Richmond,4434,406,55
09/18/2020,Arlington,3819,491,146
09/18/2020,"Rappahannock Rapidan",2542,169,46
09/18/2020,Rappahannock,5058,380,70
09/18/2020,Pittsylvania-Danville,1750,128,30
09/18/2020,"Prince William",14446,1077,228
09/18/2020,"Cumberland Plateau",677,52,9
09/18/2020,Portsmouth,2500,268,49
09/18/2020,"Virginia Beach",6596,354,78
09/18/2020,"West Piedmont",1923,233,59
09/18/2020,"Three Rivers",1594,107,29
09/18/2020,Alleghany,1441,71,24
09/18/2020,Lenowisco,850,72,17
09/18/2020,Norfolk,4721,346,67
09/18/2020,"Western Tidewater",3482,196,115
09/18/2020,Henrico,5182,410,206
09/18/2020,"Central Shenandoah",4924,256,70
09/18/2020,Loudoun,6615,425,122
09/18/2020,Chesterfield,6151,343,119
09/18/2020,Peninsula,4222,184,66
09/19/2020,Southside,1325,84,42
09/19/2020,Chesapeake,4184,383,67
09/19/2020,"Thomas Jefferson",3168,181,66
09/19/2020,Roanoke,1563,61,17
09/19/2020,"Eastern Shore",1471,138,50
09/19/2020,"Mount Rogers",2586,225,95
09/19/2020,Chickahominy,1729,158,50
09/19/2020,"New River",2872,53,14
09/19/2020,"Central Virginia",2955,106,33
09/19/2020,Piedmont,1916,129,46
09/19/2020,"Lord Fairfax",3002,262,107
09/19/2020,Crater,3688,271,96
09/19/2020,Hampton,1768,59,21
09/19/2020,Alexandria,3684,310,68
09/19/2020,Fairfax,20357,2150,592
09/19/2020,Richmond,4468,408,55
09/19/2020,Arlington,3835,491,146
09/19/2020,"Rappahannock Rapidan",2555,169,46
09/19/2020,Rappahannock,5087,382,71
09/19/2020,Pittsylvania-Danville,1752,130,31
09/19/2020,"Prince William",14509,1078,231
09/19/2020,"Cumberland Plateau",692,52,9
09/19/2020,Portsmouth,2518,268,51
09/19/2020,"Virginia Beach",6620,355,79
09/19/2020,"West Piedmont",1943,236,62
09/19/2020,"Three Rivers",1630,109,30
09/19/2020,Alleghany,1453,72,25
09/19/2020,Lenowisco,858,72,17
09/19/2020,Norfolk,4723,351,68
09/19/2020,"Western Tidewater",3499,196,118
09/19/2020,Henrico,5224,413,208
09/19/2020,"Central Shenandoah",4959,256,70
09/19/2020,Loudoun,6633,426,123
09/19/2020,Chesterfield,6176,344,119
09/19/2020,Peninsula,4253,184,67
09/20/2020,Southside,1335,84,43
09/20/2020,Chesapeake,4198,385,68
09/20/2020,"Thomas Jefferson",3222,181,67
09/20/2020,Roanoke,1577,62,21
09/20/2020,"Eastern Shore",1471,138,50
09/20/2020,"Mount Rogers",2598,225,97
09/20/2020,Chickahominy,1741,158,50
09/20/2020,"New River",2925,53,14
09/20/2020,"Central Virginia",2979,106,34
09/20/2020,Piedmont,1922,129,46
09/20/2020,"Lord Fairfax",3015,263,108
09/20/2020,Crater,3697,271,100
09/20/2020,Hampton,1780,59,21
09/20/2020,Alexandria,3696,312,68
09/20/2020,Fairfax,20461,2151,594
09/20/2020,Richmond,4495,408,56
09/20/2020,Arlington,3840,492,146
09/20/2020,"Rappahannock Rapidan",2569,170,46
09/20/2020,Rappahannock,5105,383,71
09/20/2020,Pittsylvania-Danville,1778,134,31
09/20/2020,"Prince William",14587,1080,231
09/20/2020,"Cumberland Plateau",701,52,9
09/20/2020,Portsmouth,2522,270,53
09/20/2020,"Virginia Beach",6644,355,79
09/20/2020,"West Piedmont",1962,237,62
09/20/2020,"Three Rivers",1653,110,31
09/20/2020,Alleghany,1473,72,25
09/20/2020,Lenowisco,861,74,18
09/20/2020,Norfolk,4745,352,68
09/20/2020,"Western Tidewater",3513,196,119
09/20/2020,Henrico,5269,416,209
09/20/2020,"Central Shenandoah",5026,256,70
09/20/2020,Loudoun,6656,426,123
09/20/2020,Chesterfield,6214,346,120
09/20/2020,Peninsula,4281,185,67
09/21/2020,Southside,1343,84,43
09/21/2020,Chesapeake,4212,389,68
09/21/2020,"Thomas Jefferson",3241,181,67
09/21/2020,Roanoke,1578,62,22
09/21/2020,"Eastern Shore",1472,138,50
09/21/2020,"Mount Rogers",2641,227,97
09/21/2020,Chickahominy,1750,158,50
09/21/2020,"New River",2970,53,14
09/21/2020,"Central Virginia",3007,106,34
09/21/2020,Piedmont,1923,129,46
09/21/2020,"Lord Fairfax",3026,264,108
09/21/2020,Crater,3727,271,100
09/21/2020,Hampton,1782,63,21
09/21/2020,Alexandria,3716,312,68
09/21/2020,Fairfax,20507,2153,594
09/21/2020,Richmond,4516,409,56
09/21/2020,Arlington,3851,493,147
09/21/2020,"Rappahannock Rapidan",2575,170,47
09/21/2020,Rappahannock,5128,383,71
09/21/2020,Pittsylvania-Danville,1790,134,34
09/21/2020,"Prince William",14619,1082,231
09/21/2020,"Cumberland Plateau",710,52,9
09/21/2020,Portsmouth,2525,271,53
09/21/2020,"Virginia Beach",6656,355,79
09/21/2020,"West Piedmont",1963,237,62
09/21/2020,"Three Rivers",1665,111,31
09/21/2020,Alleghany,1470,72,25
09/21/2020,Lenowisco,864,74,18
09/21/2020,Norfolk,4745,352,68
09/21/2020,"Western Tidewater",3561,196,119
09/21/2020,Henrico,5295,416,209
09/21/2020,"Central Shenandoah",5081,256,70
09/21/2020,Loudoun,6678,426,123
09/21/2020,Chesterfield,6256,348,120
09/21/2020,Peninsula,4295,186,67
09/22/2020,Southside,1348,84,43
09/22/2020,Chesapeake,4220,392,69
09/22/2020,"Thomas Jefferson",3256,181,69
09/22/2020,Roanoke,1610,63,22
09/22/2020,"Eastern Shore",1472,139,50
09/22/2020,"Mount Rogers",2661,232,99
09/22/2020,Chickahominy,1765,159,50
09/22/2020,"New River",2986,55,17
09/22/2020,"Central Virginia",3041,109,34
09/22/2020,Piedmont,1940,131,47
09/22/2020,"Lord Fairfax",3040,264,109
09/22/2020,Crater,3793,273,102
09/22/2020,Hampton,1789,63,21
09/22/2020,Alexandria,3727,314,68
09/22/2020,Fairfax,20576,2168,596
09/22/2020,Richmond,4540,413,58
09/22/2020,Arlington,3855,494,148
09/22/2020,"Rappahannock Rapidan",2582,170,47
09/22/2020,Rappahannock,5163,384,73
09/22/2020,Pittsylvania-Danville,1802,135,34
09/22/2020,"Prince William",14691,1083,233
09/22/2020,"Cumberland Plateau",716,53,10
09/22/2020,Portsmouth,2529,274,58
09/22/2020,"Virginia Beach",6674,357,81
09/22/2020,"West Piedmont",1991,237,62
09/22/2020,"Three Rivers",1663,108,29
09/22/2020,Alleghany,1471,72,25
09/22/2020,Lenowisco,868,74,19
09/22/2020,Norfolk,4764,352,72
09/22/2020,"Western Tidewater",3729,196,120
09/22/2020,Henrico,5315,420,210
09/22/2020,"Central Shenandoah",5130,258,70
09/22/2020,Loudoun,6698,428,123
09/22/2020,Chesterfield,6296,353,123
09/22/2020,Peninsula,4309,187,69
09/23/2020,Southside,1350,84,43
09/23/2020,Chesapeake,4241,393,70
09/23/2020,"Thomas Jefferson",3272,182,69
09/23/2020,Roanoke,1621,63,23
09/23/2020,"Eastern Shore",1474,139,50
09/23/2020,"Mount Rogers",2671,234,99
09/23/2020,Chickahominy,1774,159,50
09/23/2020,"New River",3010,55,18
09/23/2020,"Central Virginia",3065,112,35
09/23/2020,Piedmont,1943,131,48
09/23/2020,"Lord Fairfax",3048,265,110
09/23/2020,Crater,3817,274,102
09/23/2020,Hampton,1793,63,24
09/23/2020,Alexandria,3741,314,68
09/23/2020,Fairfax,20640,2172,596
09/23/2020,Richmond,4551,412,60
09/23/2020,Arlington,3877,497,148
09/23/2020,"Rappahannock Rapidan",2585,172,50
09/23/2020,Rappahannock,5178,385,74
09/23/2020,Pittsylvania-Danville,1812,136,35
09/23/2020,"Prince William",14726,1084,233
09/23/2020,"Cumberland Plateau",748,53,10
09/23/2020,Portsmouth,2534,274,58
09/23/2020,"Virginia Beach",6689,360,83
09/23/2020,"West Piedmont",1999,238,62
09/23/2020,"Three Rivers",1675,109,30
09/23/2020,Alleghany,1497,72,25
09/23/2020,Lenowisco,869,75,19
09/23/2020,Norfolk,4765,355,75
09/23/2020,"Western Tidewater",3766,197,121
09/23/2020,Henrico,5331,422,211
09/23/2020,"Central Shenandoah",5161,261,69
09/23/2020,Loudoun,6720,428,123
09/23/2020,Chesterfield,6320,358,124
09/23/2020,Peninsula,4327,190,74
09/24/2020,Southside,1379,84,44
09/24/2020,Chesapeake,4262,396,70
09/24/2020,"Thomas Jefferson",3307,184,69
09/24/2020,Roanoke,1640,65,23
09/24/2020,"Eastern Shore",1474,139,50
09/24/2020,"Mount Rogers",2685,237,104
09/24/2020,Chickahominy,1794,159,51
09/24/2020,"New River",3057,56,19
09/24/2020,"Central Virginia",3118,112,35
09/24/2020,Piedmont,1959,132,49
09/24/2020,"Lord Fairfax",3060,266,110
09/24/2020,Crater,3889,273,102
09/24/2020,Hampton,1800,63,24
09/24/2020,Alexandria,3761,317,69
09/24/2020,Fairfax,20710,2181,596
09/24/2020,Richmond,4578,416,61
09/24/2020,Arlington,3889,498,148
09/24/2020,"Rappahannock Rapidan",2598,172,50
09/24/2020,Rappahannock,5210,388,76
09/24/2020,Pittsylvania-Danville,1830,136,36
09/24/2020,"Prince William",14767,1086,234
09/24/2020,"Cumberland Plateau",762,54,10
09/24/2020,Portsmouth,2539,274,58
09/24/2020,"Virginia Beach",6734,365,86
09/24/2020,"West Piedmont",2017,239,63
09/24/2020,"Three Rivers",1691,109,30
09/24/2020,Alleghany,1517,74,26
09/24/2020,Lenowisco,875,75,20
09/24/2020,Norfolk,4781,356,78
09/24/2020,"Western Tidewater",3795,197,121
09/24/2020,Henrico,5371,424,210
09/24/2020,"Central Shenandoah",5218,262,69
09/24/2020,Loudoun,6747,428,124
09/24/2020,Chesterfield,6341,361,124
09/24/2020,Peninsula,4337,191,74
09/25/2020,Southside,1404,84,44
09/25/2020,Chesapeake,4271,402,71
09/25/2020,"Thomas Jefferson",3355,185,69
09/25/2020,Roanoke,1656,65,23
09/25/2020,"Eastern Shore",1477,139,50
09/25/2020,"Mount Rogers",2701,239,110
09/25/2020,Chickahominy,1824,162,52
09/25/2020,"New River",3128,57,19
09/25/2020,"Central Virginia",3152,118,37
09/25/2020,Piedmont,1961,132,49
09/25/2020,"Lord Fairfax",3072,266,111
09/25/2020,Crater,3908,273,103
09/25/2020,Hampton,1803,65,24
09/25/2020,Alexandria,3780,318,69
09/25/2020,Fairfax,20832,2173,600
09/25/2020,Richmond,4595,416,61
09/25/2020,Arlington,3909,498,148
09/25/2020,"Rappahannock Rapidan",2605,172,51
09/25/2020,Rappahannock,5229,387,75
09/25/2020,Pittsylvania-Danville,1845,136,36
09/25/2020,"Prince William",14846,1088,235
09/25/2020,"Cumberland Plateau",774,54,10
09/25/2020,Portsmouth,2547,274,58
09/25/2020,"Virginia Beach",6776,369,88
09/25/2020,"West Piedmont",2031,241,63
09/25/2020,"Three Rivers",1715,112,30
09/25/2020,Alleghany,1542,75,26
09/25/2020,Lenowisco,883,75,20
09/25/2020,Norfolk,4800,361,78
09/25/2020,"Western Tidewater",3847,198,123
09/25/2020,Henrico,5399,427,211
09/25/2020,"Central Shenandoah",5255,265,69
09/25/2020,Loudoun,6774,428,124
09/25/2020,Chesterfield,6388,361,124
09/25/2020,Peninsula,4349,191,75
09/26/2020,Southside,1420,84,44
09/26/2020,Chesapeake,4296,407,71
09/26/2020,"Thomas Jefferson",3419,185,69
09/26/2020,Roanoke,1694,65,23
09/26/2020,"Eastern Shore",1480,139,50
09/26/2020,"Mount Rogers",2737,241,110
09/26/2020,Chickahominy,1830,163,52
09/26/2020,"New River",3170,58,19
09/26/2020,"Central Virginia",3201,120,37
09/26/2020,Piedmont,1978,135,49
09/26/2020,"Lord Fairfax",3089,267,111
09/26/2020,Crater,3915,274,103
09/26/2020,Hampton,1809,65,24
09/26/2020,Alexandria,3804,319,69
09/26/2020,Fairfax,20893,2180,601
09/26/2020,Richmond,4625,416,61
09/26/2020,Arlington,3935,498,149
09/26/2020,"Rappahannock Rapidan",2617,172,51
09/26/2020,Rappahannock,5253,388,75
09/26/2020,Pittsylvania-Danville,1862,138,36
09/26/2020,"Prince William",14922,1090,236
09/26/2020,"Cumberland Plateau",795,55,10
09/26/2020,Portsmouth,2555,275,59
09/26/2020,"Virginia Beach",6809,374,89
09/26/2020,"West Piedmont",2040,243,65
09/26/2020,"Three Rivers",1762,112,30
09/26/2020,Alleghany,1569,76,26
09/26/2020,Lenowisco,893,75,20
09/26/2020,Norfolk,4822,363,78
09/26/2020,"Western Tidewater",3873,199,123
09/26/2020,Henrico,5434,431,211
09/26/2020,"Central Shenandoah",5328,266,70
09/26/2020,Loudoun,6792,429,124
09/26/2020,Chesterfield,6422,369,124
09/26/2020,Peninsula,4365,192,75
09/27/2020,Southside,1424,84,44
09/27/2020,Chesapeake,4299,409,72
09/27/2020,"Thomas Jefferson",3460,185,69
09/27/2020,Roanoke,1713,66,27
09/27/2020,"Eastern Shore",1480,139,50
09/27/2020,"Mount Rogers",2788,246,114
09/27/2020,Chickahominy,1840,163,52
09/27/2020,"New River",3204,58,19
09/27/2020,"Central Virginia",3217,121,37
09/27/2020,Piedmont,1978,135,49
09/27/2020,"Lord Fairfax",3093,267,111
09/27/2020,Crater,3952,274,103
09/27/2020,Hampton,1819,65,24
09/27/2020,Alexandria,3814,320,69
09/27/2020,Fairfax,21008,2180,601
09/27/2020,Richmond,4637,416,61
09/27/2020,Arlington,3951,498,149
09/27/2020,"Rappahannock Rapidan",2626,172,51
09/27/2020,Rappahannock,5270,389,75
09/27/2020,Pittsylvania-Danville,1873,139,36
09/27/2020,"Prince William",14981,1091,236
09/27/2020,"Cumberland Plateau",804,56,10
09/27/2020,Portsmouth,2559,276,59
09/27/2020,"Virginia Beach",6826,374,90
09/27/2020,"West Piedmont",2061,245,69
09/27/2020,"Three Rivers",1780,116,30
09/27/2020,Alleghany,1590,76,27
09/27/2020,Lenowisco,900,75,20
09/27/2020,Norfolk,4824,364,78
09/27/2020,"Western Tidewater",3883,199,123
09/27/2020,Henrico,5453,432,211
09/27/2020,"Central Shenandoah",5374,265,70
09/27/2020,Loudoun,6816,429,124
09/27/2020,Chesterfield,6463,370,124
09/27/2020,Peninsula,4384,195,75
09/28/2020,Southside,1427,85,44
09/28/2020,Chesapeake,4315,413,72
09/28/2020,"Thomas Jefferson",3489,185,69
09/28/2020,Roanoke,1716,66,27
09/28/2020,"Eastern Shore",1480,139,50
09/28/2020,"Mount Rogers",2805,248,121
09/28/2020,Chickahominy,1844,163,52
09/28/2020,"New River",3212,58,19
09/28/2020,"Central Virginia",3244,122,37
09/28/2020,Piedmont,1978,135,49
09/28/2020,"Lord Fairfax",3116,269,111
09/28/2020,Crater,3975,274,103
09/28/2020,Hampton,1827,65,26
09/28/2020,Alexandria,3825,321,69
09/28/2020,Fairfax,21030,2180,601
09/28/2020,Richmond,4647,418,61
09/28/2020,Arlington,3963,498,149
09/28/2020,"Rappahannock Rapidan",2636,172,51
09/28/2020,Rappahannock,5289,390,75
09/28/2020,Pittsylvania-Danville,1882,140,36
09/28/2020,"Prince William",15016,1093,236
09/28/2020,"Cumberland Plateau",809,56,10
09/28/2020,Portsmouth,2561,276,59
09/28/2020,"Virginia Beach",6858,374,91
09/28/2020,"West Piedmont",2067,247,71
09/28/2020,"Three Rivers",1794,117,30
09/28/2020,Alleghany,1591,76,27
09/28/2020,Lenowisco,905,75,20
09/28/2020,Norfolk,4840,364,78
09/28/2020,"Western Tidewater",3889,199,123
09/28/2020,Henrico,5452,434,211
09/28/2020,"Central Shenandoah",5403,266,70
09/28/2020,Loudoun,6830,429,124
09/28/2020,Chesterfield,6479,373,124
09/28/2020,Peninsula,4399,196,76
09/29/2020,Southside,1437,85,44
09/29/2020,Chesapeake,4333,414,72
09/29/2020,"Thomas Jefferson",3513,186,69
09/29/2020,Roanoke,1744,67,27
09/29/2020,"Eastern Shore",1480,139,50
09/29/2020,"Mount Rogers",2836,254,123
09/29/2020,Chickahominy,1862,163,53
09/29/2020,"New River",3249,59,19
09/29/2020,"Central Virginia",3277,124,37
09/29/2020,Piedmont,1984,136,49
09/29/2020,"Lord Fairfax",3134,271,111
09/29/2020,Crater,4047,275,103
09/29/2020,Hampton,1837,65,26
09/29/2020,Alexandria,3841,321,69
09/29/2020,Fairfax,21132,2183,601
09/29/2020,Richmond,4649,418,61
09/29/2020,Arlington,3985,499,150
09/29/2020,"Rappahannock Rapidan",2642,173,51
09/29/2020,Rappahannock,5312,390,75
09/29/2020,Pittsylvania-Danville,1893,144,38
09/29/2020,"Prince William",15083,1097,236
09/29/2020,"Cumberland Plateau",839,57,10
09/29/2020,Portsmouth,2567,281,59
09/29/2020,"Virginia Beach",6901,378,91
09/29/2020,"West Piedmont",2093,249,71
09/29/2020,"Three Rivers",1811,117,30
09/29/2020,Alleghany,1609,78,29
09/29/2020,Lenowisco,917,75,20
09/29/2020,Norfolk,4870,367,78
09/29/2020,"Western Tidewater",3916,199,125
09/29/2020,Henrico,5478,438,212
09/29/2020,"Central Shenandoah",5453,268,70
09/29/2020,Loudoun,6851,432,124
09/29/2020,Chesterfield,6525,378,126
09/29/2020,Peninsula,4416,198,78
09/30/2020,Southside,1455,85,45
09/30/2020,Chesapeake,4350,417,72
09/30/2020,"Thomas Jefferson",3556,188,70
09/30/2020,Roanoke,1787,70,28
09/30/2020,"Eastern Shore",1487,139,50
09/30/2020,"Mount Rogers",2850,256,124
09/30/2020,Chickahominy,1872,164,53
09/30/2020,"New River",3274,60,19
09/30/2020,"Central Virginia",3306,125,37
09/30/2020,Piedmont,1984,136,49
09/30/2020,"Lord Fairfax",3154,274,113
09/30/2020,Crater,4064,275,104
09/30/2020,Hampton,1846,68,27
09/30/2020,Alexandria,3852,323,69
09/30/2020,Fairfax,21188,2187,603
09/30/2020,Richmond,4674,419,61
09/30/2020,Arlington,3995,500,150
09/30/2020,"Rappahannock Rapidan",2653,174,52
09/30/2020,Rappahannock,5325,393,75
09/30/2020,Pittsylvania-Danville,1925,144,38
09/30/2020,"Prince William",15112,1100,239
09/30/2020,"Cumberland Plateau",855,59,10
09/30/2020,Portsmouth,2594,288,59
09/30/2020,"Virginia Beach",6937,381,91
09/30/2020,"West Piedmont",2110,251,72
09/30/2020,"Three Rivers",1819,117,30
09/30/2020,Alleghany,1633,78,29
09/30/2020,Lenowisco,930,78,20
09/30/2020,Norfolk,4881,367,78
09/30/2020,"Western Tidewater",3932,199,125
09/30/2020,Henrico,5491,441,216
09/30/2020,"Central Shenandoah",5518,269,70
09/30/2020,Loudoun,6889,435,125
09/30/2020,Chesterfield,6546,382,126
09/30/2020,Peninsula,4427,199,79
10/01/2020,Southside,1461,85,45
10/01/2020,Chesapeake,4357,418,72
10/01/2020,"Thomas Jefferson",3602,189,70
10/01/2020,Roanoke,1801,72,28
10/01/2020,"Eastern Shore",1488,139,50
10/01/2020,"Mount Rogers",2869,258,125
10/01/2020,Chickahominy,1879,164,53
10/01/2020,"New River",3300,60,20
10/01/2020,"Central Virginia",3330,131,39
10/01/2020,Piedmont,1986,136,49
10/01/2020,"Lord Fairfax",3170,277,116
10/01/2020,Crater,4076,275,104
10/01/2020,Hampton,1851,69,27
10/01/2020,Alexandria,3859,324,69
10/01/2020,Fairfax,21226,2193,603
10/01/2020,Richmond,4683,420,62
10/01/2020,Arlington,3997,500,150
10/01/2020,"Rappahannock Rapidan",2667,175,52
10/01/2020,Rappahannock,5348,396,77
10/01/2020,Pittsylvania-Danville,1935,146,38
10/01/2020,"Prince William",15138,1104,241
10/01/2020,"Cumberland Plateau",860,60,10
10/01/2020,Portsmouth,2599,289,59
10/01/2020,"Virginia Beach",6957,383,93
10/01/2020,"West Piedmont",2127,253,73
10/01/2020,"Three Rivers",1826,117,30
10/01/2020,Alleghany,1650,78,29
10/01/2020,Lenowisco,945,79,20
10/01/2020,Norfolk,4891,366,78
10/01/2020,"Western Tidewater",3933,200,126
10/01/2020,Henrico,5501,442,217
10/01/2020,"Central Shenandoah",5540,270,70
10/01/2020,Loudoun,6887,436,126
10/01/2020,Chesterfield,6551,386,126
10/01/2020,Peninsula,4431,202,81
10/02/2020,Southside,1474,86,45
10/02/2020,Chesapeake,4375,420,72
10/02/2020,"Thomas Jefferson",3651,189,70
10/02/2020,Roanoke,1831,73,28
10/02/2020,"Eastern Shore",1491,139,50
10/02/2020,"Mount Rogers",2885,261,126
10/02/2020,Chickahominy,1897,166,54
10/02/2020,"New River",3341,61,22
10/02/2020,"Central Virginia",3427,132,40
10/02/2020,Piedmont,2026,137,51
10/02/2020,"Lord Fairfax",3184,278,116
10/02/2020,Crater,4158,276,104
10/02/2020,Hampton,1859,69,27
10/02/2020,Alexandria,3873,326,69
10/02/2020,Fairfax,21272,2196,605
10/02/2020,Richmond,4701,421,62
10/02/2020,Arlington,4009,503,151
10/02/2020,"Rappahannock Rapidan",2681,176,52
10/02/2020,Rappahannock,5376,397,77
10/02/2020,Pittsylvania-Danville,1968,149,39
10/02/2020,"Prince William",15183,1107,242
10/02/2020,"Cumberland Plateau",879,61,10
10/02/2020,Portsmouth,2604,289,59
10/02/2020,"Virginia Beach",7000,386,93
10/02/2020,"West Piedmont",2146,253,75
10/02/2020,"Three Rivers",1847,120,31
10/02/2020,Alleghany,1672,78,29
10/02/2020,Lenowisco,959,81,20
10/02/2020,Norfolk,4900,368,78
10/02/2020,"Western Tidewater",3955,202,128
10/02/2020,Henrico,5516,442,218
10/02/2020,"Central Shenandoah",5581,270,70
10/02/2020,Loudoun,6916,436,126
10/02/2020,Chesterfield,6584,388,127
10/02/2020,Peninsula,4466,204,84
10/03/2020,Southside,1513,87,45
10/03/2020,Chesapeake,4396,428,73
10/03/2020,"Thomas Jefferson",3716,191,71
10/03/2020,Roanoke,1885,74,29
10/03/2020,"Eastern Shore",1492,139,50
10/03/2020,"Mount Rogers",2914,264,128
10/03/2020,Chickahominy,1913,166,54
10/03/2020,"New River",3388,61,23
10/03/2020,"Central Virginia",3454,133,40
10/03/2020,Piedmont,2053,137,51
10/03/2020,"Lord Fairfax",3220,278,116
10/03/2020,Crater,4212,277,104
10/03/2020,Hampton,1871,69,27
10/03/2020,Alexandria,3893,326,70
10/03/2020,Fairfax,21385,2203,605
10/03/2020,Richmond,4743,421,62
10/03/2020,Arlington,4026,505,151
10/03/2020,"Rappahannock Rapidan",2694,176,52
10/03/2020,Rappahannock,5388,398,77
10/03/2020,Pittsylvania-Danville,2002,151,40
10/03/2020,"Prince William",15216,1108,241
10/03/2020,"Cumberland Plateau",901,62,10
10/03/2020,Portsmouth,2614,290,61
10/03/2020,"Virginia Beach",7023,389,94
10/03/2020,"West Piedmont",2186,254,76
10/03/2020,"Three Rivers",1856,121,32
10/03/2020,Alleghany,1692,78,28
10/03/2020,Lenowisco,969,81,20
10/03/2020,Norfolk,4934,369,78
10/03/2020,"Western Tidewater",3980,202,131
10/03/2020,Henrico,5549,446,219
10/03/2020,"Central Shenandoah",5642,272,70
10/03/2020,Loudoun,6954,437,126
10/03/2020,Chesterfield,6633,393,129
10/03/2020,Peninsula,4496,205,87
10/04/2020,Southside,1537,87,45
10/04/2020,Chesapeake,4412,429,73
10/04/2020,"Thomas Jefferson",3766,191,71
10/04/2020,Roanoke,1892,75,29
10/04/2020,"Eastern Shore",1493,140,50
10/04/2020,"Mount Rogers",2949,267,128
10/04/2020,Chickahominy,1932,167,54
10/04/2020,"New River",3429,62,23
10/04/2020,"Central Virginia",3527,133,40
10/04/2020,Piedmont,2076,138,51
10/04/2020,"Lord Fairfax",3239,279,116
10/04/2020,Crater,4253,277,104
10/04/2020,Hampton,1883,69,27
10/04/2020,Alexandria,3912,326,70
10/04/2020,Fairfax,21493,2205,605
10/04/2020,Richmond,4757,425,62
10/04/2020,Arlington,4045,505,151
10/04/2020,"Rappahannock Rapidan",2707,179,52
10/04/2020,Rappahannock,5409,398,77
10/04/2020,Pittsylvania-Danville,2023,153,40
10/04/2020,"Prince William",15307,1109,241
10/04/2020,"Cumberland Plateau",907,62,10
10/04/2020,Portsmouth,2619,290,61
10/04/2020,"Virginia Beach",7059,389,94
10/04/2020,"West Piedmont",2211,254,76
10/04/2020,"Three Rivers",1877,122,32
10/04/2020,Alleghany,1707,78,28
10/04/2020,Lenowisco,988,82,20
10/04/2020,Norfolk,4936,369,79
10/04/2020,"Western Tidewater",4108,203,133
10/04/2020,Henrico,5572,448,219
10/04/2020,"Central Shenandoah",5675,273,70
10/04/2020,Loudoun,6985,437,126
10/04/2020,Chesterfield,6673,395,129
10/04/2020,Peninsula,4512,205,87
10/05/2020,Southside,1553,87,45
10/05/2020,Chesapeake,4433,433,73
10/05/2020,"Thomas Jefferson",3808,192,71
10/05/2020,Roanoke,1914,75,29
10/05/2020,"Eastern Shore",1497,140,50
10/05/2020,"Mount Rogers",2967,268,128
10/05/2020,Chickahominy,1960,168,54
10/05/2020,"New River",3460,62,23
10/05/2020,"Central Virginia",3535,133,40
10/05/2020,Piedmont,2089,138,51
10/05/2020,"Lord Fairfax",3260,281,116
10/05/2020,Crater,4268,279,104
10/05/2020,Hampton,1889,69,27
10/05/2020,Alexandria,3927,327,70
10/05/2020,Fairfax,21568,2206,605
10/05/2020,Richmond,4775,428,62
10/05/2020,Arlington,4057,507,152
10/05/2020,"Rappahannock Rapidan",2725,179,52
10/05/2020,Rappahannock,5423,398,78
10/05/2020,Pittsylvania-Danville,2038,156,41
10/05/2020,"Prince William",15349,1113,240
10/05/2020,"Cumberland Plateau",913,63,10
10/05/2020,Portsmouth,2627,290,61
10/05/2020,"Virginia Beach",7102,389,94
10/05/2020,"West Piedmont",2221,254,77
10/05/2020,"Three Rivers",1884,123,32
10/05/2020,Alleghany,1711,78,28
10/05/2020,Lenowisco,997,82,20
10/05/2020,Norfolk,4953,370,79
10/05/2020,"Western Tidewater",4127,203,133
10/05/2020,Henrico,5593,449,219
10/05/2020,"Central Shenandoah",5734,276,70
10/05/2020,Loudoun,6987,437,126
10/05/2020,Chesterfield,6686,400,129
10/05/2020,Peninsula,4527,206,87
10/06/2020,Southside,1565,88,46
10/06/2020,Chesapeake,4448,437,73
10/06/2020,"Thomas Jefferson",3818,194,73
10/06/2020,Roanoke,1941,75,29
10/06/2020,"Eastern Shore",1498,141,50
10/06/2020,"Mount Rogers",2984,270,128
10/06/2020,Chickahominy,1997,169,54
10/06/2020,"New River",3471,63,24
10/06/2020,"Central Virginia",3589,134,43
10/06/2020,Piedmont,2105,138,51
10/06/2020,"Lord Fairfax",3279,283,117
10/06/2020,Crater,4295,280,104
10/06/2020,Hampton,1896,70,27
10/06/2020,Alexandria,3932,327,71
10/06/2020,Fairfax,21626,2208,607
10/06/2020,Richmond,4790,428,62
10/06/2020,Arlington,4068,508,152
10/06/2020,"Rappahannock Rapidan",2728,179,52
10/06/2020,Rappahannock,5440,399,78
10/06/2020,Pittsylvania-Danville,2048,157,42
10/06/2020,"Prince William",15381,1116,240
10/06/2020,"Cumberland Plateau",922,67,10
10/06/2020,Portsmouth,2633,293,62
10/06/2020,"Virginia Beach",7126,397,94
10/06/2020,"West Piedmont",2232,255,77
10/06/2020,"Three Rivers",1887,123,32
10/06/2020,Alleghany,1723,79,28
10/06/2020,Lenowisco,1006,83,20
10/06/2020,Norfolk,4955,373,79
10/06/2020,"Western Tidewater",4136,203,134
10/06/2020,Henrico,5608,450,219
10/06/2020,"Central Shenandoah",5793,278,70
10/06/2020,Loudoun,7026,441,126
10/06/2020,Chesterfield,6700,404,129
10/06/2020,Peninsula,4536,206,88
10/07/2020,Southside,1566,89,46
10/07/2020,Chesapeake,4457,438,72
10/07/2020,"Thomas Jefferson",3827,197,73
10/07/2020,Roanoke,1966,77,29
10/07/2020,"Eastern Shore",1498,141,50
10/07/2020,"Mount Rogers",3003,272,129
10/07/2020,Chickahominy,2004,169,54
10/07/2020,"New River",3489,63,24
10/07/2020,"Central Virginia",3601,135,43
10/07/2020,Piedmont,2119,138,51
10/07/2020,"Lord Fairfax",3287,283,118
10/07/2020,Crater,4311,280,104
10/07/2020,Hampton,1899,72,27
10/07/2020,Alexandria,3938,327,71
10/07/2020,Fairfax,21659,2206,609
10/07/2020,Richmond,4792,429,62
10/07/2020,Arlington,4083,508,152
10/07/2020,"Rappahannock Rapidan",2734,178,52
10/07/2020,Rappahannock,5445,400,78
10/07/2020,Pittsylvania-Danville,2078,157,44
10/07/2020,"Prince William",15435,1117,240
10/07/2020,"Cumberland Plateau",937,67,10
10/07/2020,Portsmouth,2634,293,63
10/07/2020,"Virginia Beach",7141,399,95
10/07/2020,"West Piedmont",2247,258,79
10/07/2020,"Three Rivers",1888,123,32
10/07/2020,Alleghany,1770,82,28
10/07/2020,Lenowisco,1006,83,20
10/07/2020,Norfolk,4968,374,79
10/07/2020,"Western Tidewater",4138,204,135
10/07/2020,Henrico,5617,451,219
10/07/2020,"Central Shenandoah",5846,278,70
10/07/2020,Loudoun,7042,441,127
10/07/2020,Chesterfield,6716,408,129
10/07/2020,Peninsula,4550,208,89
10/08/2020,Southside,1593,89,46
10/08/2020,Chesapeake,4517,442,73
10/08/2020,"Thomas Jefferson",3891,197,73
10/08/2020,Roanoke,2022,79,32
10/08/2020,"Eastern Shore",1499,141,50
10/08/2020,"Mount Rogers",3055,275,129
10/08/2020,Chickahominy,2031,170,55
10/08/2020,"New River",3538,64,26
10/08/2020,"Central Virginia",3708,136,46
10/08/2020,Piedmont,2147,140,51
10/08/2020,"Lord Fairfax",3334,287,118
10/08/2020,Crater,4362,280,104
10/08/2020,Hampton,1923,73,27
10/08/2020,Alexandria,3961,324,73
10/08/2020,Fairfax,21845,2206,610
10/08/2020,Richmond,4839,431,62
10/08/2020,Arlington,4132,508,152
10/08/2020,"Rappahannock Rapidan",2754,178,53
10/08/2020,Rappahannock,5506,401,78
10/08/2020,Pittsylvania-Danville,2127,157,45
10/08/2020,"Prince William",15570,1121,244
10/08/2020,"Cumberland Plateau",980,68,11
10/08/2020,Portsmouth,2652,293,63
10/08/2020,"Virginia Beach",7192,401,95
10/08/2020,"West Piedmont",2307,262,80
10/08/2020,"Three Rivers",1935,124,32
10/08/2020,Alleghany,1834,83,29
10/08/2020,Lenowisco,1023,85,20
10/08/2020,Norfolk,4996,378,79
10/08/2020,"Western Tidewater",4196,203,136
10/08/2020,Henrico,5659,452,220
10/08/2020,"Central Shenandoah",5925,279,71
10/08/2020,Loudoun,7110,442,127
10/08/2020,Chesterfield,6778,414,129
10/08/2020,Peninsula,4594,210,89
10/09/2020,Southside,1607,89,46
10/09/2020,Chesapeake,4533,442,74
10/09/2020,"Thomas Jefferson",3930,197,73
10/09/2020,Roanoke,2051,82,32
10/09/2020,"Eastern Shore",1499,141,50
10/09/2020,"Mount Rogers",3077,277,129
10/09/2020,Chickahominy,2044,170,55
10/09/2020,"New River",3606,64,28
10/09/2020,"Central Virginia",3778,136,46
10/09/2020,Piedmont,2188,140,51
10/09/2020,"Lord Fairfax",3356,288,119
10/09/2020,Crater,4403,281,104
10/09/2020,Hampton,1940,74,27
10/09/2020,Alexandria,3977,322,73
10/09/2020,Fairfax,21951,2212,613
10/09/2020,Richmond,4871,434,62
10/09/2020,Arlington,4148,509,152
10/09/2020,"Rappahannock Rapidan",2761,178,53
10/09/2020,Rappahannock,5539,404,79
10/09/2020,Pittsylvania-Danville,2149,164,47
10/09/2020,"Prince William",15627,1127,245
10/09/2020,"Cumberland Plateau",1002,69,12
10/09/2020,Portsmouth,2658,293,63
10/09/2020,"Virginia Beach",7204,403,97
10/09/2020,"West Piedmont",2344,264,80
10/09/2020,"Three Rivers",1948,125,32
10/09/2020,Alleghany,1864,85,29
10/09/2020,Lenowisco,1032,85,20
10/09/2020,Norfolk,5017,381,79
10/09/2020,"Western Tidewater",4218,204,137
10/09/2020,Henrico,5700,456,220
10/09/2020,"Central Shenandoah",6026,280,71
10/09/2020,Loudoun,7137,444,128
10/09/2020,Chesterfield,6822,417,129
10/09/2020,Peninsula,4642,210,89
10/10/2020,Southside,1630,89,46
10/10/2020,Chesapeake,4562,445,76
10/10/2020,"Thomas Jefferson",3961,199,73
10/10/2020,Roanoke,2110,82,32
10/10/2020,"Eastern Shore",1499,141,50
10/10/2020,"Mount Rogers",3108,278,130
10/10/2020,Chickahominy,2061,171,55
10/10/2020,"New River",3657,65,28
10/10/2020,"Central Virginia",3842,140,48
10/10/2020,Piedmont,2216,140,51
10/10/2020,"Lord Fairfax",3393,291,119
10/10/2020,Crater,4433,283,104
10/10/2020,Hampton,1952,74,27
10/10/2020,Alexandria,4009,323,73
10/10/2020,Fairfax,22078,2216,614
10/10/2020,Richmond,4904,435,62
10/10/2020,Arlington,4170,510,152
10/10/2020,"Rappahannock Rapidan",2768,179,53
10/10/2020,Rappahannock,5581,406,79
10/10/2020,Pittsylvania-Danville,2184,165,48
10/10/2020,"Prince William",15683,1129,245
10/10/2020,"Cumberland Plateau",1025,69,12
10/10/2020,Portsmouth,2664,293,63
10/10/2020,"Virginia Beach",7256,404,97
10/10/2020,"West Piedmont",2381,265,80
10/10/2020,"Three Rivers",1982,126,32
10/10/2020,Alleghany,1920,86,29
10/10/2020,Lenowisco,1051,85,20
10/10/2020,Norfolk,5045,383,79
10/10/2020,"Western Tidewater",4255,207,138
10/10/2020,Henrico,5726,459,221
10/10/2020,"Central Shenandoah",6076,280,72
10/10/2020,Loudoun,7181,447,128
10/10/2020,Chesterfield,6877,426,129
10/10/2020,Peninsula,4665,210,89
10/11/2020,Southside,1642,89,46
10/11/2020,Chesapeake,4584,445,76
10/11/2020,"Thomas Jefferson",3983,200,73
10/11/2020,Roanoke,2128,82,32
10/11/2020,"Eastern Shore",1501,141,50
10/11/2020,"Mount Rogers",3144,278,131
10/11/2020,Chickahominy,2082,171,55
10/11/2020,"New River",3708,66,28
10/11/2020,"Central Virginia",3895,142,49
10/11/2020,Piedmont,2216,140,51
10/11/2020,"Lord Fairfax",3433,291,119
10/11/2020,Crater,4457,283,104
10/11/2020,Hampton,1959,74,27
10/11/2020,Alexandria,4027,323,73
10/11/2020,Fairfax,22170,2217,614
10/11/2020,Richmond,4930,436,62
10/11/2020,Arlington,4187,510,152
10/11/2020,"Rappahannock Rapidan",2781,179,53
10/11/2020,Rappahannock,5612,406,79
10/11/2020,Pittsylvania-Danville,2199,166,48
10/11/2020,"Prince William",15717,1130,245
10/11/2020,"Cumberland Plateau",1036,69,12
10/11/2020,Portsmouth,2667,293,63
10/11/2020,"Virginia Beach",7288,404,97
10/11/2020,"West Piedmont",2398,265,80
10/11/2020,"Three Rivers",1997,128,32
10/11/2020,Alleghany,1929,89,29
10/11/2020,Lenowisco,1073,88,21
10/11/2020,Norfolk,5045,383,80
10/11/2020,"Western Tidewater",4264,207,138
10/11/2020,Henrico,5750,460,221
10/11/2020,"Central Shenandoah",6122,280,72
10/11/2020,Loudoun,7217,447,128
10/11/2020,Chesterfield,6891,427,129
10/11/2020,Peninsula,4684,210,89
10/12/2020,Southside,1647,89,46
10/12/2020,Chesapeake,4594,446,76
10/12/2020,"Thomas Jefferson",4011,202,73
10/12/2020,Roanoke,2170,82,32
10/12/2020,"Eastern Shore",1504,141,50
10/12/2020,"Mount Rogers",3160,282,133
10/12/2020,Chickahominy,2094,173,55
10/12/2020,"New River",3721,66,28
10/12/2020,"Central Virginia",3934,142,49
10/12/2020,Piedmont,2247,140,51
10/12/2020,"Lord Fairfax",3462,294,119
10/12/2020,Crater,4480,283,104
10/12/2020,Hampton,1962,74,27
10/12/2020,Alexandria,4032,323,73
10/12/2020,Fairfax,22307,2221,614
10/12/2020,Richmond,4945,436,62
10/12/2020,Arlington,4209,511,152
10/12/2020,"Rappahannock Rapidan",2803,181,53
10/12/2020,Rappahannock,5636,408,79
10/12/2020,Pittsylvania-Danville,2207,166,49
10/12/2020,"Prince William",15785,1130,245
10/12/2020,"Cumberland Plateau",1043,69,12
10/12/2020,Portsmouth,2681,294,63
10/12/2020,"Virginia Beach",7319,404,97
10/12/2020,"West Piedmont",2429,265,80
10/12/2020,"Three Rivers",2002,128,32
10/12/2020,Alleghany,1943,90,29
10/12/2020,Lenowisco,1083,88,21
10/12/2020,Norfolk,5064,383,80
10/12/2020,"Western Tidewater",4274,207,138
10/12/2020,Henrico,5782,462,221
10/12/2020,"Central Shenandoah",6158,283,72
10/12/2020,Loudoun,7259,449,128
10/12/2020,Chesterfield,6925,430,129
10/12/2020,Peninsula,4698,211,89
10/13/2020,Southside,1655,89,46
10/13/2020,Chesapeake,4606,451,76
10/13/2020,"Thomas Jefferson",4030,203,74
10/13/2020,Roanoke,2212,83,32
10/13/2020,"Eastern Shore",1504,141,50
10/13/2020,"Mount Rogers",3190,282,133
10/13/2020,Chickahominy,2114,174,55
10/13/2020,"New River",3744,67,28
10/13/2020,"Central Virginia",4012,144,49
10/13/2020,Piedmont,2259,140,51
10/13/2020,"Lord Fairfax",3496,295,119
10/13/2020,Crater,4571,283,105
10/13/2020,Hampton,1972,74,28
10/13/2020,Alexandria,4045,323,73
10/13/2020,Fairfax,22404,2223,614
10/13/2020,Richmond,4978,436,62
10/13/2020,Arlington,4228,513,152
10/13/2020,"Rappahannock Rapidan",2815,182,53
10/13/2020,Rappahannock,5661,410,79
10/13/2020,Pittsylvania-Danville,2228,167,49
10/13/2020,"Prince William",15906,1139,249
10/13/2020,"Cumberland Plateau",1058,70,12
10/13/2020,Portsmouth,2684,294,63
10/13/2020,"Virginia Beach",7351,406,97
10/13/2020,"West Piedmont",2476,266,82
10/13/2020,"Three Rivers",2064,129,32
10/13/2020,Alleghany,2029,92,29
10/13/2020,Lenowisco,1112,89,22
10/13/2020,Norfolk,5085,386,80
10/13/2020,"Western Tidewater",4292,209,138
10/13/2020,Henrico,5801,462,221
10/13/2020,"Central Shenandoah",6198,283,73
10/13/2020,Loudoun,7303,451,128
10/13/2020,Chesterfield,7000,431,129
10/13/2020,Peninsula,4722,211,89
10/14/2020,Southside,1664,89,46
10/14/2020,Chesapeake,4628,451,76
10/14/2020,"Thomas Jefferson",4049,204,74
10/14/2020,Roanoke,2238,83,32
10/14/2020,"Eastern Shore",1506,141,50
10/14/2020,"Mount Rogers",3220,282,134
10/14/2020,Chickahominy,2123,174,55
10/14/2020,"New River",3752,68,28
10/14/2020,"Central Virginia",4072,145,49
10/14/2020,Piedmont,2268,140,51
10/14/2020,"Lord Fairfax",3513,295,120
10/14/2020,Crater,4596,283,105
10/14/2020,Hampton,1983,76,28
10/14/2020,Alexandria,4057,323,73
10/14/2020,Fairfax,22495,2224,614
10/14/2020,Richmond,4985,436,62
10/14/2020,Arlington,4250,518,152
10/14/2020,"Rappahannock Rapidan",2820,182,53
10/14/2020,Rappahannock,5683,411,79
10/14/2020,Pittsylvania-Danville,2241,168,49
10/14/2020,"Prince William",15937,1139,249
10/14/2020,"Cumberland Plateau",1083,72,13
10/14/2020,Portsmouth,2699,294,63
10/14/2020,"Virginia Beach",7379,411,99
10/14/2020,"West Piedmont",2513,268,83
10/14/2020,"Three Rivers",2075,129,33
10/14/2020,Alleghany,2045,94,29
10/14/2020,Lenowisco,1130,90,22
10/14/2020,Norfolk,5092,386,80
10/14/2020,"Western Tidewater",4362,210,139
10/14/2020,Henrico,5832,463,222
10/14/2020,"Central Shenandoah",6257,285,73
10/14/2020,Loudoun,7301,452,128
10/14/2020,Chesterfield,7022,431,129
10/14/2020,Peninsula,4740,211,89
10/15/2020,Southside,1687,89,46
10/15/2020,Chesapeake,4661,456,75
10/15/2020,"Thomas Jefferson",4074,204,74
10/15/2020,Roanoke,2276,86,32
10/15/2020,"Eastern Shore",1508,141,50
10/15/2020,"Mount Rogers",3251,284,134
10/15/2020,Chickahominy,2149,174,55
10/15/2020,"New River",3791,69,28
10/15/2020,"Central Virginia",4139,156,50
10/15/2020,Piedmont,2306,141,51
10/15/2020,"Lord Fairfax",3556,301,121
10/15/2020,Crater,4643,284,106
10/15/2020,Hampton,2004,76,28
10/15/2020,Alexandria,4077,324,73
10/15/2020,Fairfax,22560,2227,615
10/15/2020,Richmond,5003,436,62
10/15/2020,Arlington,4278,518,152
10/15/2020,"Rappahannock Rapidan",2836,183,53
10/15/2020,Rappahannock,5743,415,79
10/15/2020,Pittsylvania-Danville,2275,170,49
10/15/2020,"Prince William",16022,1144,249
10/15/2020,"Cumberland Plateau",1118,73,13
10/15/2020,Portsmouth,2706,295,63
10/15/2020,"Virginia Beach",7415,414,101
10/15/2020,"West Piedmont",2558,271,84
10/15/2020,"Three Rivers",2114,130,33
10/15/2020,Alleghany,2090,94,29
10/15/2020,Lenowisco,1143,92,22
10/15/2020,Norfolk,5122,390,80
10/15/2020,"Western Tidewater",4376,212,139
10/15/2020,Henrico,5881,465,222
10/15/2020,"Central Shenandoah",6294,288,73
10/15/2020,Loudoun,7417,459,129
10/15/2020,Chesterfield,7093,432,129
10/15/2020,Peninsula,4775,211,89
10/16/2020,Southside,1687,89,46
10/16/2020,Chesapeake,4692,457,75
10/16/2020,"Thomas Jefferson",4114,205,75
10/16/2020,Roanoke,2296,86,32
10/16/2020,"Eastern Shore",1510,143,50
10/16/2020,"Mount Rogers",3301,289,134
10/16/2020,Chickahominy,2165,176,55
10/16/2020,"New River",3860,70,28
10/16/2020,"Central Virginia",4213,162,54
10/16/2020,Piedmont,2328,145,52
10/16/2020,"Lord Fairfax",3595,303,121
10/16/2020,Crater,4689,286,107
10/16/2020,Hampton,2018,78,29
10/16/2020,Alexandria,4086,323,74
10/16/2020,Fairfax,22681,2233,614
10/16/2020,Richmond,5027,438,63
10/16/2020,Arlington,4318,518,153
10/16/2020,"Rappahannock Rapidan",2846,183,53
10/16/2020,Rappahannock,5783,418,79
10/16/2020,Pittsylvania-Danville,2277,171,49
10/16/2020,"Prince William",16086,1151,250
10/16/2020,"Cumberland Plateau",1133,73,13
10/16/2020,Portsmouth,2713,295,64
10/16/2020,"Virginia Beach",7473,415,103
10/16/2020,"West Piedmont",2578,273,84
10/16/2020,"Three Rivers",2128,131,33
10/16/2020,Alleghany,2153,97,30
10/16/2020,Lenowisco,1166,94,23
10/16/2020,Norfolk,5145,393,81
10/16/2020,"Western Tidewater",4390,218,141
10/16/2020,Henrico,5911,467,222
10/16/2020,"Central Shenandoah",6373,290,73
10/16/2020,Loudoun,7454,463,129
10/16/2020,Chesterfield,7114,436,130
10/16/2020,Peninsula,4821,211,89
10/17/2020,Southside,1696,89,46
10/17/2020,Chesapeake,4714,459,76
10/17/2020,"Thomas Jefferson",4142,207,75
10/17/2020,Roanoke,2332,87,32
10/17/2020,"Eastern Shore",1513,143,50
10/17/2020,"Mount Rogers",3346,289,137
10/17/2020,Chickahominy,2184,176,55
10/17/2020,"New River",3917,71,28
10/17/2020,"Central Virginia",4266,163,54
10/17/2020,Piedmont,2351,147,53
10/17/2020,"Lord Fairfax",3623,304,121
10/17/2020,Crater,4745,290,108
10/17/2020,Hampton,2025,86,29
10/17/2020,Alexandria,4104,323,74
10/17/2020,Fairfax,22756,2231,616
10/17/2020,Richmond,5057,440,63
10/17/2020,Arlington,4345,518,152
10/17/2020,"Rappahannock Rapidan",2861,184,53
10/17/2020,Rappahannock,5802,420,80
10/17/2020,Pittsylvania-Danville,2308,173,50
10/17/2020,"Prince William",16131,1154,251
10/17/2020,"Cumberland Plateau",1160,73,13
10/17/2020,Portsmouth,2715,294,64
10/17/2020,"Virginia Beach",7513,417,102
10/17/2020,"West Piedmont",2624,274,84
10/17/2020,"Three Rivers",2137,131,35
10/17/2020,Alleghany,2178,99,30
10/17/2020,Lenowisco,1194,95,23
10/17/2020,Norfolk,5169,395,82
10/17/2020,"Western Tidewater",4405,219,142
10/17/2020,Henrico,5938,471,222
10/17/2020,"Central Shenandoah",6408,291,74
10/17/2020,Loudoun,7505,466,129
10/17/2020,Chesterfield,7223,439,130
10/17/2020,Peninsula,4851,213,89
10/18/2020,Southside,1707,90,46
10/18/2020,Chesapeake,4730,459,78
10/18/2020,"Thomas Jefferson",4158,210,75
10/18/2020,Roanoke,2351,88,32
10/18/2020,"Eastern Shore",1512,143,50
10/18/2020,"Mount Rogers",3374,291,136
10/18/2020,Chickahominy,2198,176,55
10/18/2020,"New River",3965,71,28
10/18/2020,"Central Virginia",4288,163,54
10/18/2020,Piedmont,2351,147,53
10/18/2020,"Lord Fairfax",3642,306,121
10/18/2020,Crater,4791,290,110
10/18/2020,Hampton,2033,86,29
10/18/2020,Alexandria,4117,323,74
10/18/2020,Fairfax,22846,2236,617
10/18/2020,Richmond,5100,441,64
10/18/2020,Arlington,4372,518,152
10/18/2020,"Rappahannock Rapidan",2876,184,53
10/18/2020,Rappahannock,5810,421,80
10/18/2020,Pittsylvania-Danville,2341,175,53
10/18/2020,"Prince William",16198,1155,251
10/18/2020,"Cumberland Plateau",1180,75,13
10/18/2020,Portsmouth,2719,294,64
10/18/2020,"Virginia Beach",7537,417,102
10/18/2020,"West Piedmont",2658,274,84
10/18/2020,"Three Rivers",2151,133,35
10/18/2020,Alleghany,2210,100,30
10/18/2020,Lenowisco,1228,96,23
10/18/2020,Norfolk,5179,396,84
10/18/2020,"Western Tidewater",4436,220,142
10/18/2020,Henrico,5962,472,222
10/18/2020,"Central Shenandoah",6444,291,75
10/18/2020,Loudoun,7558,468,129
10/18/2020,Chesterfield,7245,439,130
10/18/2020,Peninsula,4871,213,89
10/19/2020,Southside,1718,90,46
10/19/2020,Chesapeake,4748,460,79
10/19/2020,"Thomas Jefferson",4174,210,76
10/19/2020,Roanoke,2385,89,35
10/19/2020,"Eastern Shore",1514,143,50
10/19/2020,"Mount Rogers",3402,295,139
10/19/2020,Chickahominy,2208,177,56
10/19/2020,"New River",4006,72,28
10/19/2020,"Central Virginia",4333,163,54
10/19/2020,Piedmont,2360,147,53
10/19/2020,"Lord Fairfax",3674,307,121
10/19/2020,Crater,4839,292,111
10/19/2020,Hampton,2039,86,31
10/19/2020,Alexandria,4123,323,75
10/19/2020,Fairfax,22916,2239,617
10/19/2020,Richmond,5109,441,64
10/19/2020,Arlington,4384,519,152
10/19/2020,"Rappahannock Rapidan",2915,184,54
10/19/2020,Rappahannock,5829,421,80
10/19/2020,Pittsylvania-Danville,2346,175,55
10/19/2020,"Prince William",16257,1157,252
10/19/2020,"Cumberland Plateau",1184,76,13
10/19/2020,Portsmouth,2724,294,65
10/19/2020,"Virginia Beach",7553,418,102
10/19/2020,"West Piedmont",2670,276,84
10/19/2020,"Three Rivers",2158,133,35
10/19/2020,Alleghany,2228,100,30
10/19/2020,Lenowisco,1242,96,23
10/19/2020,Norfolk,5179,396,84
10/19/2020,"Western Tidewater",4444,220,144
10/19/2020,Henrico,5970,472,224
10/19/2020,"Central Shenandoah",6472,291,77
10/19/2020,Loudoun,7576,468,129
10/19/2020,Chesterfield,7261,439,130
10/19/2020,Peninsula,4888,213,89
10/20/2020,Southside,1721,90,46
10/20/2020,Chesapeake,4763,464,79
10/20/2020,"Thomas Jefferson",4190,216,76
10/20/2020,Roanoke,2445,90,35
10/20/2020,"Eastern Shore",1516,144,50
10/20/2020,"Mount Rogers",3427,296,142
10/20/2020,Chickahominy,2221,179,56
10/20/2020,"New River",4039,73,28
10/20/2020,"Central Virginia",4382,166,56
10/20/2020,Piedmont,2382,148,54
10/20/2020,"Lord Fairfax",3708,309,125
10/20/2020,Crater,4849,294,111
10/20/2020,Hampton,2058,86,32
10/20/2020,Alexandria,4133,324,75
10/20/2020,Fairfax,22999,2239,617
10/20/2020,Richmond,5134,445,64
10/20/2020,Arlington,4399,520,152
10/20/2020,"Rappahannock Rapidan",2936,185,54
10/20/2020,Rappahannock,5862,424,80
10/20/2020,Pittsylvania-Danville,2357,175,56
10/20/2020,"Prince William",16319,1166,256
10/20/2020,"Cumberland Plateau",1195,77,13
10/20/2020,Portsmouth,2730,294,65
10/20/2020,"Virginia Beach",7593,422,102
10/20/2020,"West Piedmont",2694,281,84
10/20/2020,"Three Rivers",2142,134,36
10/20/2020,Alleghany,2297,103,32
10/20/2020,Lenowisco,1268,97,23
10/20/2020,Norfolk,5209,398,84
10/20/2020,"Western Tidewater",4468,226,146
10/20/2020,Henrico,6006,473,227
10/20/2020,"Central Shenandoah",6489,291,77
10/20/2020,Loudoun,7599,470,130
10/20/2020,Chesterfield,7307,442,131
10/20/2020,Peninsula,4917,214,91
10/21/2020,Southside,1729,90,47
10/21/2020,Chesapeake,4780,464,77
10/21/2020,"Thomas Jefferson",4229,216,76
10/21/2020,Roanoke,2478,90,35
10/21/2020,"Eastern Shore",1517,144,50
10/21/2020,"Mount Rogers",3447,297,144
10/21/2020,Chickahominy,2238,181,57
10/21/2020,"New River",4079,75,28
10/21/2020,"Central Virginia",4442,169,58
10/21/2020,Piedmont,2389,148,54
10/21/2020,"Lord Fairfax",3741,313,126
10/21/2020,Crater,4859,296,114
10/21/2020,Hampton,2064,87,32
10/21/2020,Alexandria,4144,326,75
10/21/2020,Fairfax,23081,2242,619
10/21/2020,Richmond,5145,445,68
10/21/2020,Arlington,4437,522,152
10/21/2020,"Rappahannock Rapidan",2951,188,54
10/21/2020,Rappahannock,5886,425,86
10/21/2020,Pittsylvania-Danville,2378,176,57
10/21/2020,"Prince William",16387,1166,257
10/21/2020,"Cumberland Plateau",1238,79,13
10/21/2020,Portsmouth,2741,298,67
10/21/2020,"Virginia Beach",7622,424,103
10/21/2020,"West Piedmont",2736,284,85
10/21/2020,"Three Rivers",2166,135,36
10/21/2020,Alleghany,2340,106,33
10/21/2020,Lenowisco,1300,101,23
10/21/2020,Norfolk,5219,402,84
10/21/2020,"Western Tidewater",4484,227,148
10/21/2020,Henrico,6058,475,227
10/21/2020,"Central Shenandoah",6524,290,78
10/21/2020,Loudoun,7634,470,130
10/21/2020,Chesterfield,7373,445,131
10/21/2020,Peninsula,4936,214,91
10/22/2020,Southside,1740,90,48
10/22/2020,Chesapeake,4806,469,78
10/22/2020,"Thomas Jefferson",4268,222,76
10/22/2020,Roanoke,2517,92,35
10/22/2020,"Eastern Shore",1520,144,50
10/22/2020,"Mount Rogers",3491,300,144
10/22/2020,Chickahominy,2261,183,57
10/22/2020,"New River",4131,75,28
10/22/2020,"Central Virginia",4520,175,58
10/22/2020,Piedmont,2395,149,55
10/22/2020,"Lord Fairfax",3773,317,126
10/22/2020,Crater,4896,299,114
10/22/2020,Hampton,2071,87,32
10/22/2020,Alexandria,4162,326,75
10/22/2020,Fairfax,23245,2247,620
10/22/2020,Richmond,5176,445,69
10/22/2020,Arlington,4457,524,152
10/22/2020,"Rappahannock Rapidan",2973,190,54
10/22/2020,Rappahannock,5924,425,86
10/22/2020,Pittsylvania-Danville,2399,176,58
10/22/2020,"Prince William",16496,1174,258
10/22/2020,"Cumberland Plateau",1267,81,13
10/22/2020,Portsmouth,2762,299,67
10/22/2020,"Virginia Beach",7679,426,103
10/22/2020,"West Piedmont",2782,286,85
10/22/2020,"Three Rivers",2187,136,37
10/22/2020,Alleghany,2412,108,33
10/22/2020,Lenowisco,1328,102,23
10/22/2020,Norfolk,5243,402,85
10/22/2020,"Western Tidewater",4496,226,148
10/22/2020,Henrico,6096,476,227
10/22/2020,"Central Shenandoah",6557,290,78
10/22/2020,Loudoun,7680,470,130
10/22/2020,Chesterfield,7431,445,131
10/22/2020,Peninsula,4963,217,91
10/23/2020,Southside,1749,90,48
10/23/2020,Chesapeake,4823,472,78
10/23/2020,"Thomas Jefferson",4296,223,77
10/23/2020,Roanoke,2578,93,35
10/23/2020,"Eastern Shore",1522,145,50
10/23/2020,"Mount Rogers",3546,301,144
10/23/2020,Chickahominy,2275,183,57
10/23/2020,"New River",4180,76,27
10/23/2020,"Central Virginia",4560,177,59
10/23/2020,Piedmont,2413,150,55
10/23/2020,"Lord Fairfax",3809,319,128
10/23/2020,Crater,4923,299,114
10/23/2020,Hampton,2079,87,32
10/23/2020,Alexandria,4179,326,75
10/23/2020,Fairfax,23367,2255,621
10/23/2020,Richmond,5218,445,68
10/23/2020,Arlington,4488,531,153
10/23/2020,"Rappahannock Rapidan",2993,193,55
10/23/2020,Rappahannock,5957,426,86
10/23/2020,Pittsylvania-Danville,2409,178,59
10/23/2020,"Prince William",16582,1173,258
10/23/2020,"Cumberland Plateau",1298,82,13
10/23/2020,Portsmouth,2793,301,69
10/23/2020,"Virginia Beach",7722,428,103
10/23/2020,"West Piedmont",2810,288,86
10/23/2020,"Three Rivers",2204,136,38
10/23/2020,Alleghany,2467,112,35
10/23/2020,Lenowisco,1343,103,23
10/23/2020,Norfolk,5282,405,85
10/23/2020,"Western Tidewater",4526,233,148
10/23/2020,Henrico,6136,478,229
10/23/2020,"Central Shenandoah",6607,292,78
10/23/2020,Loudoun,7704,471,130
10/23/2020,Chesterfield,7461,451,132
10/23/2020,Peninsula,4985,218,91
10/24/2020,Southside,1769,90,48
10/24/2020,Chesapeake,4833,474,78
10/24/2020,"Thomas Jefferson",4340,230,77
10/24/2020,Roanoke,2624,94,37
10/24/2020,"Eastern Shore",1523,145,50
10/24/2020,"Mount Rogers",3602,301,146
10/24/2020,Chickahominy,2295,184,57
10/24/2020,"New River",4246,76,27
10/24/2020,"Central Virginia",4596,177,60
10/24/2020,Piedmont,2439,151,56
10/24/2020,"Lord Fairfax",3833,320,130
10/24/2020,Crater,4943,300,115
10/24/2020,Hampton,2090,88,32
10/24/2020,Alexandria,4200,323,74
10/24/2020,Fairfax,23463,2260,621
10/24/2020,Richmond,5235,449,76
10/24/2020,Arlington,4508,533,154
10/24/2020,"Rappahannock Rapidan",3002,193,55
10/24/2020,Rappahannock,5977,427,88
10/24/2020,Pittsylvania-Danville,2422,184,59
10/24/2020,"Prince William",16615,1174,258
10/24/2020,"Cumberland Plateau",1316,83,13
10/24/2020,Portsmouth,2798,306,69
10/24/2020,"Virginia Beach",7758,431,104
10/24/2020,"West Piedmont",2852,290,87
10/24/2020,"Three Rivers",2215,136,39
10/24/2020,Alleghany,2514,114,36
10/24/2020,Lenowisco,1393,104,24
10/24/2020,Norfolk,5306,406,85
10/24/2020,"Western Tidewater",4539,233,154
10/24/2020,Henrico,6175,479,232
10/24/2020,"Central Shenandoah",6663,293,82
10/24/2020,Loudoun,7730,475,130
10/24/2020,Chesterfield,7538,455,133
10/24/2020,Peninsula,5020,220,92
10/25/2020,Southside,1781,90,48
10/25/2020,Chesapeake,4859,477,78
10/25/2020,"Thomas Jefferson",4376,230,77
10/25/2020,Roanoke,2647,96,37
10/25/2020,"Eastern Shore",1526,145,50
10/25/2020,"Mount Rogers",3644,307,147
10/25/2020,Chickahominy,2312,189,57
10/25/2020,"New River",4290,76,27
10/25/2020,"Central Virginia",4668,177,60
10/25/2020,Piedmont,2443,152,56
10/25/2020,"Lord Fairfax",3851,320,130
10/25/2020,Crater,4943,300,115
10/25/2020,Hampton,2100,88,32
10/25/2020,Alexandria,4216,324,74
10/25/2020,Fairfax,23584,2272,621
10/25/2020,Richmond,5261,449,76
10/25/2020,Arlington,4537,533,154
10/25/2020,"Rappahannock Rapidan",3011,193,55
10/25/2020,Rappahannock,5999,429,88
10/25/2020,Pittsylvania-Danville,2440,185,59
10/25/2020,"Prince William",16658,1174,258
10/25/2020,"Cumberland Plateau",1341,83,13
10/25/2020,Portsmouth,2810,306,69
10/25/2020,"Virginia Beach",7802,431,104
10/25/2020,"West Piedmont",2881,290,87
10/25/2020,"Three Rivers",2226,136,39
10/25/2020,Alleghany,2566,114,36
10/25/2020,Lenowisco,1435,104,24
10/25/2020,Norfolk,5330,407,85
10/25/2020,"Western Tidewater",4546,233,154
10/25/2020,Henrico,6229,479,232
10/25/2020,"Central Shenandoah",6677,294,82
10/25/2020,Loudoun,7736,475,130
10/25/2020,Chesterfield,7589,455,133
10/25/2020,Peninsula,5057,220,92
10/26/2020,Southside,1800,90,48
10/26/2020,Chesapeake,4880,478,78
10/26/2020,"Thomas Jefferson",4390,230,77
10/26/2020,Roanoke,2695,96,37
10/26/2020,"Eastern Shore",1529,145,50
10/26/2020,"Mount Rogers",3682,311,147
10/26/2020,Chickahominy,2324,190,57
10/26/2020,"New River",4328,76,27
10/26/2020,"Central Virginia",4690,180,61
10/26/2020,Piedmont,2445,152,56
10/26/2020,"Lord Fairfax",3886,321,130
10/26/2020,Crater,4981,301,115
10/26/2020,Hampton,2102,88,32
10/26/2020,Alexandria,4230,325,74
10/26/2020,Fairfax,23695,2274,621
10/26/2020,Richmond,5285,449,76
10/26/2020,Arlington,4562,533,154
10/26/2020,"Rappahannock Rapidan",3059,193,55
10/26/2020,Rappahannock,6017,429,88
10/26/2020,Pittsylvania-Danville,2448,186,59
10/26/2020,"Prince William",16689,1177,258
10/26/2020,"Cumberland Plateau",1366,86,13
10/26/2020,Portsmouth,2819,306,69
10/26/2020,"Virginia Beach",7833,431,104
10/26/2020,"West Piedmont",2911,290,87
10/26/2020,"Three Rivers",2232,136,39
10/26/2020,Alleghany,2582,115,36
10/26/2020,Lenowisco,1483,107,25
10/26/2020,Norfolk,5331,407,85
10/26/2020,"Western Tidewater",4551,233,154
10/26/2020,Henrico,6249,479,232
10/26/2020,"Central Shenandoah",6710,296,82
10/26/2020,Loudoun,7784,475,130
10/26/2020,Chesterfield,7643,455,133
10/26/2020,Peninsula,5064,220,92
10/27/2020,Southside,1807,90,48
10/27/2020,Chesapeake,4905,479,79
10/27/2020,"Thomas Jefferson",4407,232,77
10/27/2020,Roanoke,2730,97,39
10/27/2020,"Eastern Shore",1530,145,50
10/27/2020,"Mount Rogers",3713,311,149
10/27/2020,Chickahominy,2338,192,58
10/27/2020,"New River",4355,77,27
10/27/2020,"Central Virginia",4741,192,64
10/27/2020,Piedmont,2475,152,56
10/27/2020,"Lord Fairfax",3916,322,130
10/27/2020,Crater,5017,303,117
10/27/2020,Hampton,2109,88,32
10/27/2020,Alexandria,4248,325,74
10/27/2020,Fairfax,23769,2285,620
10/27/2020,Richmond,5320,450,77
10/27/2020,Arlington,4586,536,154
10/27/2020,"Rappahannock Rapidan",3060,192,55
10/27/2020,Rappahannock,6053,429,88
10/27/2020,Pittsylvania-Danville,2468,189,59
10/27/2020,"Prince William",16849,1180,258
10/27/2020,"Cumberland Plateau",1392,88,13
10/27/2020,Portsmouth,2824,307,69
10/27/2020,"Virginia Beach",7881,432,105
10/27/2020,"West Piedmont",2939,292,88
10/27/2020,"Three Rivers",2236,136,38
10/27/2020,Alleghany,2647,115,37
10/27/2020,Lenowisco,1515,107,26
10/27/2020,Norfolk,5369,407,84
10/27/2020,"Western Tidewater",4570,235,155
10/27/2020,Henrico,6294,482,232
10/27/2020,"Central Shenandoah",6768,297,83
10/27/2020,Loudoun,7817,478,130
10/27/2020,Chesterfield,7676,458,137
10/27/2020,Peninsula,5085,220,92
10/28/2020,Southside,1825,90,48
10/28/2020,Chesapeake,4921,479,79
10/28/2020,"Thomas Jefferson",4438,232,77
10/28/2020,Roanoke,2771,97,39
10/28/2020,"Eastern Shore",1533,146,50
10/28/2020,"Mount Rogers",3747,313,149
10/28/2020,Chickahominy,2362,196,59
10/28/2020,"New River",4404,77,27
10/28/2020,"Central Virginia",4852,195,64
10/28/2020,Piedmont,2489,155,56
10/28/2020,"Lord Fairfax",3966,326,131
10/28/2020,Crater,5034,304,117
10/28/2020,Hampton,2125,89,32
10/28/2020,Alexandria,4269,325,74
10/28/2020,Fairfax,23882,2293,620
10/28/2020,Richmond,5355,452,77
10/28/2020,Arlington,4630,538,154
10/28/2020,"Rappahannock Rapidan",3080,192,55
10/28/2020,Rappahannock,6108,429,92
10/28/2020,Pittsylvania-Danville,2508,194,60
10/28/2020,"Prince William",16928,1185,258
10/28/2020,"Cumberland Plateau",1410,89,13
10/28/2020,Portsmouth,2838,311,70
10/28/2020,"Virginia Beach",7926,432,106
10/28/2020,"West Piedmont",2975,294,88
10/28/2020,"Three Rivers",2251,137,38
10/28/2020,Alleghany,2677,115,37
10/28/2020,Lenowisco,1577,109,26
10/28/2020,Norfolk,5395,410,84
10/28/2020,"Western Tidewater",4591,235,155
10/28/2020,Henrico,6342,483,232
10/28/2020,"Central Shenandoah",6821,301,83
10/28/2020,Loudoun,7876,479,130
10/28/2020,Chesterfield,7732,461,144
10/28/2020,Peninsula,5116,221,92
10/29/2020,Southside,1845,90,48
10/29/2020,Chesapeake,4945,479,79
10/29/2020,"Thomas Jefferson",4467,234,77
10/29/2020,Roanoke,2810,98,41
10/29/2020,"Eastern Shore",1534,146,50
10/29/2020,"Mount Rogers",3795,314,149
10/29/2020,Chickahominy,2393,197,59
10/29/2020,"New River",4437,80,27
10/29/2020,"Central Virginia",4945,197,65
10/29/2020,Piedmont,2513,159,56
10/29/2020,"Lord Fairfax",3990,328,132
10/29/2020,Crater,5077,305,117
10/29/2020,Hampton,2138,90,32
10/29/2020,Alexandria,4285,324,74
10/29/2020,Fairfax,24067,2298,620
10/29/2020,Richmond,5368,453,77
10/29/2020,Arlington,4647,539,154
10/29/2020,"Rappahannock Rapidan",3117,193,55
10/29/2020,Rappahannock,6162,431,92
10/29/2020,Pittsylvania-Danville,2538,197,61
10/29/2020,"Prince William",17053,1190,258
10/29/2020,"Cumberland Plateau",1434,90,14
10/29/2020,Portsmouth,2852,316,69
10/29/2020,"Virginia Beach",8001,444,106
10/29/2020,"West Piedmont",3030,298,90
10/29/2020,"Three Rivers",2265,138,39
10/29/2020,Alleghany,2731,115,37
10/29/2020,Lenowisco,1624,110,26
10/29/2020,Norfolk,5419,410,84
10/29/2020,"Western Tidewater",4613,236,155
10/29/2020,Henrico,6394,483,239
10/29/2020,"Central Shenandoah",6854,305,83
10/29/2020,Loudoun,7908,480,130
10/29/2020,Chesterfield,7786,465,149
10/29/2020,Peninsula,5146,222,92
10/30/2020,Southside,1868,90,48
10/30/2020,Chesapeake,4972,483,79
10/30/2020,"Thomas Jefferson",4498,234,77
10/30/2020,Roanoke,2877,100,41
10/30/2020,"Eastern Shore",1539,146,50
10/30/2020,"Mount Rogers",3849,315,149
10/30/2020,Chickahominy,2400,197,59
10/30/2020,"New River",4532,82,27
10/30/2020,"Central Virginia",5019,201,66
10/30/2020,Piedmont,2535,159,56
10/30/2020,"Lord Fairfax",4027,330,132
10/30/2020,Crater,5116,307,117
10/30/2020,Hampton,2147,91,32
10/30/2020,Alexandria,4303,324,74
10/30/2020,Fairfax,24182,2305,620
10/30/2020,Richmond,5394,453,77
10/30/2020,Arlington,4686,541,154
10/30/2020,"Rappahannock Rapidan",3129,193,55
10/30/2020,Rappahannock,6200,432,92
10/30/2020,Pittsylvania-Danville,2568,198,61
10/30/2020,"Prince William",17155,1195,258
10/30/2020,"Cumberland Plateau",1472,95,15
10/30/2020,Portsmouth,2858,316,69
10/30/2020,"Virginia Beach",8057,444,108
10/30/2020,"West Piedmont",3088,302,90
10/30/2020,"Three Rivers",2280,138,39
10/30/2020,Alleghany,2786,116,37
10/30/2020,Lenowisco,1659,110,26
10/30/2020,Norfolk,5445,411,84
10/30/2020,"Western Tidewater",4641,236,155
10/30/2020,Henrico,6439,486,240
10/30/2020,"Central Shenandoah",6953,308,84
10/30/2020,Loudoun,7946,482,130
10/30/2020,Chesterfield,7840,468,150
10/30/2020,Peninsula,5179,223,92
10/31/2020,Southside,1875,91,48
10/31/2020,Chesapeake,5010,483,79
10/31/2020,"Thomas Jefferson",4510,239,77
10/31/2020,Roanoke,2920,108,43
10/31/2020,"Eastern Shore",1543,146,50
10/31/2020,"Mount Rogers",3928,319,150
10/31/2020,Chickahominy,2444,197,59
10/31/2020,"New River",4608,89,27
10/31/2020,"Central Virginia",5084,202,66
10/31/2020,Piedmont,2543,162,56
10/31/2020,"Lord Fairfax",4063,336,133
10/31/2020,Crater,5140,310,118
10/31/2020,Hampton,2163,93,33
10/31/2020,Alexandria,4337,324,74
10/31/2020,Fairfax,24343,2309,620
10/31/2020,Richmond,5415,454,77
10/31/2020,Arlington,4714,541,154
10/31/2020,"Rappahannock Rapidan",3140,192,55
10/31/2020,Rappahannock,6268,436,92
10/31/2020,Pittsylvania-Danville,2604,204,61
10/31/2020,"Prince William",17230,1204,258
10/31/2020,"Cumberland Plateau",1500,96,15
10/31/2020,Portsmouth,2863,320,69
10/31/2020,"Virginia Beach",8119,448,107
10/31/2020,"West Piedmont",3136,306,90
10/31/2020,"Three Rivers",2292,139,39
10/31/2020,Alleghany,2926,118,41
10/31/2020,Lenowisco,1726,112,26
10/31/2020,Norfolk,5493,411,84
10/31/2020,"Western Tidewater",4670,236,155
10/31/2020,Henrico,6472,488,240
10/31/2020,"Central Shenandoah",7004,308,84
10/31/2020,Loudoun,7981,485,131
10/31/2020,Chesterfield,7911,471,151
10/31/2020,Peninsula,5215,227,92
11/01/2020,Southside,1881,91,48
11/01/2020,Chesapeake,5038,483,79
11/01/2020,"Thomas Jefferson",4526,239,77
11/01/2020,Roanoke,2951,109,43
11/01/2020,"Eastern Shore",1547,147,50
11/01/2020,"Mount Rogers",3969,319,150
11/01/2020,Chickahominy,2467,199,59
11/01/2020,"New River",4639,90,27
11/01/2020,"Central Virginia",5117,203,66
11/01/2020,Piedmont,2571,163,56
11/01/2020,"Lord Fairfax",4091,337,132
11/01/2020,Crater,5142,310,118
11/01/2020,Hampton,2199,93,33
11/01/2020,Alexandria,4349,325,74
11/01/2020,Fairfax,24475,2314,620
11/01/2020,Richmond,5456,455,77
11/01/2020,Arlington,4764,541,154
11/01/2020,"Rappahannock Rapidan",3165,192,55
11/01/2020,Rappahannock,6300,438,93
11/01/2020,Pittsylvania-Danville,2626,207,61
11/01/2020,"Prince William",17269,1205,258
11/01/2020,"Cumberland Plateau",1515,99,15
11/01/2020,Portsmouth,2865,321,69
11/01/2020,"Virginia Beach",8184,448,107
11/01/2020,"West Piedmont",3176,307,90
11/01/2020,"Three Rivers",2295,140,39
11/01/2020,Alleghany,3008,118,41
11/01/2020,Lenowisco,1804,114,26
11/01/2020,Norfolk,5494,412,84
11/01/2020,"Western Tidewater",4673,237,155
11/01/2020,Henrico,6526,493,240
11/01/2020,"Central Shenandoah",7083,308,84
11/01/2020,Loudoun,8048,487,132
11/01/2020,Chesterfield,7943,475,151
11/01/2020,Peninsula,5236,228,92
11/02/2020,Southside,1894,91,48
11/02/2020,Chesapeake,5058,483,79
11/02/2020,"Thomas Jefferson",4535,239,77
11/02/2020,Roanoke,2983,109,43
11/02/2020,"Eastern Shore",1549,147,50
11/02/2020,"Mount Rogers",4022,323,150
11/02/2020,Chickahominy,2483,200,59
11/02/2020,"New River",4670,90,27
11/02/2020,"Central Virginia",5144,203,66
11/02/2020,Piedmont,2574,163,56
11/02/2020,"Lord Fairfax",4134,337,132
11/02/2020,Crater,5145,311,118
11/02/2020,Hampton,2202,93,33
11/02/2020,Alexandria,4363,325,74
11/02/2020,Fairfax,24642,2317,620
11/02/2020,Richmond,5499,458,78
11/02/2020,Arlington,4778,540,154
11/02/2020,"Rappahannock Rapidan",3187,193,55
11/02/2020,Rappahannock,6325,438,93
11/02/2020,Pittsylvania-Danville,2650,207,61
11/02/2020,"Prince William",17385,1205,258
11/02/2020,"Cumberland Plateau",1537,100,15
11/02/2020,Portsmouth,2871,321,69
11/02/2020,"Virginia Beach",8248,450,107
11/02/2020,"West Piedmont",3198,307,90
11/02/2020,"Three Rivers",2306,142,40
11/02/2020,Alleghany,3060,118,41
11/02/2020,Lenowisco,1827,115,27
11/02/2020,Norfolk,5534,413,84
11/02/2020,"Western Tidewater",4685,238,155
11/02/2020,Henrico,6569,498,240
11/02/2020,"Central Shenandoah",7089,308,84
11/02/2020,Loudoun,8048,488,132
11/02/2020,Chesterfield,7964,476,151
11/02/2020,Peninsula,5260,228,92
11/03/2020,Southside,1901,91,48
11/03/2020,Chesapeake,5077,484,80
11/03/2020,"Thomas Jefferson",4538,240,77
11/03/2020,Roanoke,3051,109,43
11/03/2020,"Eastern Shore",1549,148,50
11/03/2020,"Mount Rogers",4077,326,152
11/03/2020,Chickahominy,2500,202,59
11/03/2020,"New River",4722,92,27
11/03/2020,"Central Virginia",5201,205,66
11/03/2020,Piedmont,2593,164,56
11/03/2020,"Lord Fairfax",4184,341,132
11/03/2020,Crater,5213,314,118
11/03/2020,Hampton,2215,97,33
11/03/2020,Alexandria,4377,326,74
11/03/2020,Fairfax,24701,2323,619
11/03/2020,Richmond,5521,459,78
11/03/2020,Arlington,4813,540,154
11/03/2020,"Rappahannock Rapidan",3195,195,55
11/03/2020,Rappahannock,6363,440,94
11/03/2020,Pittsylvania-Danville,2669,208,62
11/03/2020,"Prince William",17496,1207,258
11/03/2020,"Cumberland Plateau",1551,100,15
11/03/2020,Portsmouth,2875,321,69
11/03/2020,"Virginia Beach",8351,454,108
11/03/2020,"West Piedmont",3251,309,91
11/03/2020,"Three Rivers",2307,141,40
11/03/2020,Alleghany,3117,120,43
11/03/2020,Lenowisco,1854,118,27
11/03/2020,Norfolk,5563,414,84
11/03/2020,"Western Tidewater",4705,239,155
11/03/2020,Henrico,6619,501,240
11/03/2020,"Central Shenandoah",7133,309,84
11/03/2020,Loudoun,8105,492,132
11/03/2020,Chesterfield,8004,481,151
11/03/2020,Peninsula,5288,229,92
11/04/2020,Southside,1919,91,48
11/04/2020,Chesapeake,5112,486,80
11/04/2020,"Thomas Jefferson",4552,240,77
11/04/2020,Roanoke,3091,111,47
11/04/2020,"Eastern Shore",1553,148,50
11/04/2020,"Mount Rogers",4122,330,153
11/04/2020,Chickahominy,2519,203,60
11/04/2020,"New River",4753,91,28
11/04/2020,"Central Virginia",5247,207,66
11/04/2020,Piedmont,2594,170,56
11/04/2020,"Lord Fairfax",4219,349,132
11/04/2020,Crater,5216,315,118
11/04/2020,Hampton,2223,99,33
11/04/2020,Alexandria,4391,328,74
11/04/2020,Fairfax,24833,2327,619
11/04/2020,Richmond,5542,460,78
11/04/2020,Arlington,4854,541,154
11/04/2020,"Rappahannock Rapidan",3218,196,55
11/04/2020,Rappahannock,6404,440,94
11/04/2020,Pittsylvania-Danville,2689,211,63
11/04/2020,"Prince William",17564,1209,258
11/04/2020,"Cumberland Plateau",1557,102,15
11/04/2020,Portsmouth,2876,321,69
11/04/2020,"Virginia Beach",8419,454,108
11/04/2020,"West Piedmont",3318,311,90
11/04/2020,"Three Rivers",2318,142,40
11/04/2020,Alleghany,3230,121,44
11/04/2020,Lenowisco,1864,117,27
11/04/2020,Norfolk,5589,414,85
11/04/2020,"Western Tidewater",4725,240,156
11/04/2020,Henrico,6655,506,240
11/04/2020,"Central Shenandoah",7176,311,85
11/04/2020,Loudoun,8143,493,132
11/04/2020,Chesterfield,8052,484,151
11/04/2020,Peninsula,5299,229,92
11/05/2020,Southside,1930,91,48
11/05/2020,Chesapeake,5144,487,81
11/05/2020,"Thomas Jefferson",4571,242,77
11/05/2020,Roanoke,3125,111,47
11/05/2020,"Eastern Shore",1560,148,50
11/05/2020,"Mount Rogers",4194,334,153
11/05/2020,Chickahominy,2540,205,60
11/05/2020,"New River",4802,95,29
11/05/2020,"Central Virginia",5302,207,66
11/05/2020,Piedmont,2631,172,57
11/05/2020,"Lord Fairfax",4264,355,133
11/05/2020,Crater,5264,317,118
11/05/2020,Hampton,2226,99,33
11/05/2020,Alexandria,4413,329,76
11/05/2020,Fairfax,24969,2342,620
11/05/2020,Richmond,5595,463,78
11/05/2020,Arlington,4872,542,154
11/05/2020,"Rappahannock Rapidan",3272,196,55
11/05/2020,Rappahannock,6471,440,93
11/05/2020,Pittsylvania-Danville,2701,214,63
11/05/2020,"Prince William",17660,1213,258
11/05/2020,"Cumberland Plateau",1583,104,15
11/05/2020,Portsmouth,2888,322,69
11/05/2020,"Virginia Beach",8467,460,110
11/05/2020,"West Piedmont",3355,311,91
11/05/2020,"Three Rivers",2321,143,41
11/05/2020,Alleghany,3274,123,44
11/05/2020,Lenowisco,1933,117,27
11/05/2020,Norfolk,5609,414,85
11/05/2020,"Western Tidewater",4739,240,156
11/05/2020,Henrico,6713,509,240
11/05/2020,"Central Shenandoah",7220,311,85
11/05/2020,Loudoun,8175,495,133
11/05/2020,Chesterfield,8092,485,151
11/05/2020,Peninsula,5327,229,92
11/06/2020,Southside,1973,91,48
11/06/2020,Chesapeake,5168,491,80
11/06/2020,"Thomas Jefferson",4614,242,77
11/06/2020,Roanoke,3176,111,47
11/06/2020,"Eastern Shore",1562,148,50
11/06/2020,"Mount Rogers",4255,336,153
11/06/2020,Chickahominy,2568,208,60
11/06/2020,"New River",4879,95,29
11/06/2020,"Central Virginia",5343,209,66
11/06/2020,Piedmont,2643,179,57
11/06/2020,"Lord Fairfax",4314,358,134
11/06/2020,Crater,5309,318,118
11/06/2020,Hampton,2233,99,33
11/06/2020,Alexandria,4444,331,76
11/06/2020,Fairfax,25152,2353,609
11/06/2020,Richmond,5625,466,78
11/06/2020,Arlington,4919,543,154
11/06/2020,"Rappahannock Rapidan",3297,197,55
11/06/2020,Rappahannock,6512,442,93
11/06/2020,Pittsylvania-Danville,2729,214,63
11/06/2020,"Prince William",17761,1214,259
11/06/2020,"Cumberland Plateau",1631,106,15
11/06/2020,Portsmouth,2902,325,69
11/06/2020,"Virginia Beach",8540,463,110
11/06/2020,"West Piedmont",3401,314,91
11/06/2020,"Three Rivers",2343,144,41
11/06/2020,Alleghany,3323,124,45
11/06/2020,Lenowisco,1974,119,29
11/06/2020,Norfolk,5649,416,85
11/06/2020,"Western Tidewater",4753,242,156
11/06/2020,Henrico,6762,510,240
11/06/2020,"Central Shenandoah",7282,313,85
11/06/2020,Loudoun,8225,498,134
11/06/2020,Chesterfield,8134,488,151
11/06/2020,Peninsula,5375,229,92
11/07/2020,Southside,1990,92,48
11/07/2020,Chesapeake,5229,497,80
11/07/2020,"Thomas Jefferson",4649,246,77
11/07/2020,Roanoke,3224,111,47
11/07/2020,"Eastern Shore",1564,149,50
11/07/2020,"Mount Rogers",4356,343,153
11/07/2020,Chickahominy,2621,207,61
11/07/2020,"New River",4974,98,30
11/07/2020,"Central Virginia",5424,210,66
11/07/2020,Piedmont,2677,181,57
11/07/2020,"Lord Fairfax",4373,362,134
11/07/2020,Crater,5346,318,118
11/07/2020,Hampton,2263,99,34
11/07/2020,Alexandria,4481,332,76
11/07/2020,Fairfax,25343,2355,621
11/07/2020,Richmond,5665,468,78
11/07/2020,Arlington,4970,545,154
11/07/2020,"Rappahannock Rapidan",3320,200,55
11/07/2020,Rappahannock,6559,445,94
11/07/2020,Pittsylvania-Danville,2754,219,63
11/07/2020,"Prince William",17854,1215,259
11/07/2020,"Cumberland Plateau",1722,107,15
11/07/2020,Portsmouth,2918,336,70
11/07/2020,"Virginia Beach",8631,464,112
11/07/2020,"West Piedmont",3462,318,91
11/07/2020,"Three Rivers",2356,144,41
11/07/2020,Alleghany,3436,127,45
11/07/2020,Lenowisco,2074,123,31
11/07/2020,Norfolk,5701,417,85
11/07/2020,"Western Tidewater",4765,241,156
11/07/2020,Henrico,6833,514,241
11/07/2020,"Central Shenandoah",7387,314,85
11/07/2020,Loudoun,8313,505,134
11/07/2020,Chesterfield,8225,490,151
11/07/2020,Peninsula,5414,230,92
11/08/2020,Southside,1994,92,49
11/08/2020,Chesapeake,5264,498,80
11/08/2020,"Thomas Jefferson",4672,249,77
11/08/2020,Roanoke,3240,112,47
11/08/2020,"Eastern Shore",1566,150,50
11/08/2020,"Mount Rogers",4402,346,153
11/08/2020,Chickahominy,2644,208,61
11/08/2020,"New River",5004,99,30
11/08/2020,"Central Virginia",5446,210,66
11/08/2020,Piedmont,2684,181,57
11/08/2020,"Lord Fairfax",4405,364,135
11/08/2020,Crater,5374,318,118
11/08/2020,Hampton,2270,100,34
11/08/2020,Alexandria,4499,333,76
11/08/2020,Fairfax,25555,2366,621
11/08/2020,Richmond,5728,468,78
11/08/2020,Arlington,5036,545,155
11/08/2020,"Rappahannock Rapidan",3340,201,55
11/08/2020,Rappahannock,6607,445,94
11/08/2020,Pittsylvania-Danville,2773,220,63
11/08/2020,"Prince William",17972,1215,259
11/08/2020,"Cumberland Plateau",1741,107,15
11/08/2020,Portsmouth,2926,337,70
11/08/2020,"Virginia Beach",8698,465,112
11/08/2020,"West Piedmont",3484,318,91
11/08/2020,"Three Rivers",2368,144,41
11/08/2020,Alleghany,3473,127,45
11/08/2020,Lenowisco,2125,125,31
11/08/2020,Norfolk,5727,418,85
11/08/2020,"Western Tidewater",4773,241,156
11/08/2020,Henrico,6904,520,241
11/08/2020,"Central Shenandoah",7391,316,85
11/08/2020,Loudoun,8336,505,134
11/08/2020,Chesterfield,8296,490,151
11/08/2020,Peninsula,5458,231,92
11/09/2020,Southside,2007,92,49
11/09/2020,Chesapeake,5301,499,80
11/09/2020,"Thomas Jefferson",4684,251,78
11/09/2020,Roanoke,3255,113,48
11/09/2020,"Eastern Shore",1568,150,50
11/09/2020,"Mount Rogers",4503,351,153
11/09/2020,Chickahominy,2653,210,61
11/09/2020,"New River",5053,100,30
11/09/2020,"Central Virginia",5484,210,66
11/09/2020,Piedmont,2701,181,57
11/09/2020,"Lord Fairfax",4459,367,135
11/09/2020,Crater,5393,318,118
11/09/2020,Hampton,2278,100,34
11/09/2020,Alexandria,4517,334,76
11/09/2020,Fairfax,25715,2377,621
11/09/2020,Richmond,5772,472,78
11/09/2020,Arlington,5060,546,155
11/09/2020,"Rappahannock Rapidan",3451,202,55
11/09/2020,Rappahannock,6643,446,94
11/09/2020,Pittsylvania-Danville,2785,221,64
11/09/2020,"Prince William",18067,1216,259
11/09/2020,"Cumberland Plateau",1752,109,15
11/09/2020,Portsmouth,2930,337,70
11/09/2020,"Virginia Beach",8737,464,112
11/09/2020,"West Piedmont",3517,318,93
11/09/2020,"Three Rivers",2371,145,41
11/09/2020,Alleghany,3497,127,45
11/09/2020,Lenowisco,2138,127,31
11/09/2020,Norfolk,5728,419,85
11/09/2020,"Western Tidewater",4788,246,156
11/09/2020,Henrico,6937,521,241
11/09/2020,"Central Shenandoah",7450,317,86
11/09/2020,Loudoun,8413,505,134
11/09/2020,Chesterfield,8388,492,151
11/09/2020,Peninsula,5482,233,92
11/10/2020,Southside,2012,92,49
11/10/2020,Chesapeake,5330,499,80
11/10/2020,"Thomas Jefferson",4715,252,78
11/10/2020,Roanoke,3313,113,50
11/10/2020,"Eastern Shore",1568,150,50
11/10/2020,"Mount Rogers",4572,356,153
11/10/2020,Chickahominy,2692,210,61
11/10/2020,"New River",5116,104,30
11/10/2020,"Central Virginia",5524,212,66
11/10/2020,Piedmont,2731,185,57
11/10/2020,"Lord Fairfax",4504,370,135
11/10/2020,Crater,5408,318,118
11/10/2020,Hampton,2289,101,34
11/10/2020,Alexandria,4533,334,76
11/10/2020,Fairfax,25846,2383,622
11/10/2020,Richmond,5799,471,78
11/10/2020,Arlington,5093,546,155
11/10/2020,"Rappahannock Rapidan",3518,203,55
11/10/2020,Rappahannock,6677,447,94
11/10/2020,Pittsylvania-Danville,2812,222,64
11/10/2020,"Prince William",18154,1223,262
11/10/2020,"Cumberland Plateau",1796,110,15
11/10/2020,Portsmouth,2943,339,70
11/10/2020,"Virginia Beach",8810,469,112
11/10/2020,"West Piedmont",3559,323,93
11/10/2020,"Three Rivers",2389,145,41
11/10/2020,Alleghany,3561,130,48
11/10/2020,Lenowisco,2169,127,31
11/10/2020,Norfolk,5777,422,86
11/10/2020,"Western Tidewater",4797,247,156
11/10/2020,Henrico,6984,526,243
11/10/2020,"Central Shenandoah",7478,319,87
11/10/2020,Loudoun,8486,508,134
11/10/2020,Chesterfield,8443,493,151
11/10/2020,Peninsula,5514,234,92
11/11/2020,Southside,2024,93,50
11/11/2020,Chesapeake,5371,500,80
11/11/2020,"Thomas Jefferson",4733,254,78
11/11/2020,Roanoke,3343,115,50
11/11/2020,"Eastern Shore",1569,151,52
11/11/2020,"Mount Rogers",4661,362,153
11/11/2020,Chickahominy,2718,211,62
11/11/2020,"New River",5155,107,31
11/11/2020,"Central Virginia",5572,218,67
11/11/2020,Piedmont,2736,186,57
11/11/2020,"Lord Fairfax",4570,374,136
11/11/2020,Crater,5428,319,118
11/11/2020,Hampton,2313,104,34
11/11/2020,Alexandria,4559,334,76
11/11/2020,Fairfax,26051,2390,624
11/11/2020,Richmond,5840,471,78
11/11/2020,Arlington,5130,547,155
11/11/2020,"Rappahannock Rapidan",3552,205,55
11/11/2020,Rappahannock,6734,460,94
11/11/2020,Pittsylvania-Danville,2838,222,64
11/11/2020,"Prince William",18254,1226,263
11/11/2020,"Cumberland Plateau",1836,115,17
11/11/2020,Portsmouth,2952,339,70
11/11/2020,"Virginia Beach",8864,469,111
11/11/2020,"West Piedmont",3617,326,94
11/11/2020,"Three Rivers",2387,145,41
11/11/2020,Alleghany,3616,134,48
11/11/2020,Lenowisco,2226,129,32
11/11/2020,Norfolk,5805,423,86
11/11/2020,"Western Tidewater",4812,249,156
11/11/2020,Henrico,7043,534,243
11/11/2020,"Central Shenandoah",7560,322,89
11/11/2020,Loudoun,8560,511,134
11/11/2020,Chesterfield,8537,494,151
11/11/2020,Peninsula,5540,234,92
11/12/2020,Southside,2043,95,51
11/12/2020,Chesapeake,5426,501,80
11/12/2020,"Thomas Jefferson",4761,254,79
11/12/2020,Roanoke,3380,118,52
11/12/2020,"Eastern Shore",1573,151,52
11/12/2020,"Mount Rogers",4718,365,153
11/12/2020,Chickahominy,2739,212,62
11/12/2020,"New River",5208,108,32
11/12/2020,"Central Virginia",5639,217,67
11/12/2020,Piedmont,2761,186,60
11/12/2020,"Lord Fairfax",4607,378,137
11/12/2020,Crater,5445,320,118
11/12/2020,Hampton,2328,104,34
11/12/2020,Alexandria,4578,336,76
11/12/2020,Fairfax,26265,2409,624
11/12/2020,Richmond,5871,472,78
11/12/2020,Arlington,5158,552,155
11/12/2020,"Rappahannock Rapidan",3576,208,55
11/12/2020,Rappahannock,6788,461,94
11/12/2020,Pittsylvania-Danville,2861,225,64
11/12/2020,"Prince William",18341,1228,264
11/12/2020,"Cumberland Plateau",1868,116,17
11/12/2020,Portsmouth,2965,338,70
11/12/2020,"Virginia Beach",8964,469,111
11/12/2020,"West Piedmont",3660,331,94
11/12/2020,"Three Rivers",2407,145,41
11/12/2020,Alleghany,3658,134,53
11/12/2020,Lenowisco,2294,129,32
11/12/2020,Norfolk,5816,423,86
11/12/2020,"Western Tidewater",4856,250,158
11/12/2020,Henrico,7094,538,242
11/12/2020,"Central Shenandoah",7573,323,89
11/12/2020,Loudoun,8622,511,134
11/12/2020,Chesterfield,8622,497,152
11/12/2020,Peninsula,5562,235,92
11/13/2020,Southside,2050,95,51
11/13/2020,Chesapeake,5453,501,80
11/13/2020,"Thomas Jefferson",4765,255,79
11/13/2020,Roanoke,3400,119,54
11/13/2020,"Eastern Shore",1576,151,52
11/13/2020,"Mount Rogers",4790,365,153
11/13/2020,Chickahominy,2752,213,62
11/13/2020,"New River",5261,111,32
11/13/2020,"Central Virginia",5692,217,68
11/13/2020,Piedmont,2771,186,61
11/13/2020,"Lord Fairfax",4674,383,139
11/13/2020,Crater,5465,324,118
11/13/2020,Hampton,2344,104,34
11/13/2020,Alexandria,4602,336,76
11/13/2020,Fairfax,26401,2423,625
11/13/2020,Richmond,5908,473,78
11/13/2020,Arlington,5191,558,155
11/13/2020,"Rappahannock Rapidan",3629,208,57
11/13/2020,Rappahannock,6813,461,94
11/13/2020,Pittsylvania-Danville,2882,226,65
11/13/2020,"Prince William",18446,1233,264
11/13/2020,"Cumberland Plateau",1901,116,17
11/13/2020,Portsmouth,2967,338,70
11/13/2020,"Virginia Beach",9002,473,111
11/13/2020,"West Piedmont",3709,334,95
11/13/2020,"Three Rivers",2418,146,41
11/13/2020,Alleghany,3707,136,57
11/13/2020,Lenowisco,2336,131,34
11/13/2020,Norfolk,5829,423,86
11/13/2020,"Western Tidewater",4866,252,160
11/13/2020,Henrico,7133,538,243
11/13/2020,"Central Shenandoah",7643,325,93
11/13/2020,Loudoun,8642,515,135
11/13/2020,Chesterfield,8656,503,153
11/13/2020,Peninsula,5588,236,93
11/14/2020,Southside,2096,96,51
11/14/2020,Chesapeake,5499,503,80
11/14/2020,"Thomas Jefferson",4788,259,80
11/14/2020,Roanoke,3421,120,53
11/14/2020,"Eastern Shore",1582,151,52
11/14/2020,"Mount Rogers",4909,370,153
11/14/2020,Chickahominy,2775,214,64
11/14/2020,"New River",5287,112,32
11/14/2020,"Central Virginia",5714,219,67
11/14/2020,Piedmont,2779,187,61
11/14/2020,"Lord Fairfax",4754,387,139
11/14/2020,Crater,5478,324,118
11/14/2020,Hampton,2356,106,34
11/14/2020,Alexandria,4619,336,76
11/14/2020,Fairfax,26518,2428,625
11/14/2020,Richmond,5947,477,78
11/14/2020,Arlington,5241,559,157
11/14/2020,"Rappahannock Rapidan",3642,210,57
11/14/2020,Rappahannock,6894,463,95
11/14/2020,Pittsylvania-Danville,2904,226,65
11/14/2020,"Prince William",18529,1236,265
11/14/2020,"Cumberland Plateau",1941,117,17
11/14/2020,Portsmouth,2977,343,70
11/14/2020,"Virginia Beach",9094,476,112
11/14/2020,"West Piedmont",3758,336,97
11/14/2020,"Three Rivers",2437,148,41
11/14/2020,Alleghany,3794,137,59
11/14/2020,Lenowisco,2385,133,35
11/14/2020,Norfolk,5863,425,87
11/14/2020,"Western Tidewater",4887,256,160
11/14/2020,Henrico,7166,541,243
11/14/2020,"Central Shenandoah",7704,326,94
11/14/2020,Loudoun,8706,515,135
11/14/2020,Chesterfield,8717,505,153
11/14/2020,Peninsula,5638,239,94
11/15/2020,Southside,2105,96,51
11/15/2020,Chesapeake,5506,503,80
11/15/2020,"Thomas Jefferson",4819,259,80
11/15/2020,Roanoke,3441,120,53
11/15/2020,"Eastern Shore",1585,151,52
11/15/2020,"Mount Rogers",4951,371,153
11/15/2020,Chickahominy,2784,216,64
11/15/2020,"New River",5313,112,32
11/15/2020,"Central Virginia",5742,219,67
11/15/2020,Piedmont,2787,187,61
11/15/2020,"Lord Fairfax",4792,389,139
11/15/2020,Crater,5490,324,118
11/15/2020,Hampton,2376,106,34
11/15/2020,Alexandria,4635,336,76
11/15/2020,Fairfax,26695,2433,625
11/15/2020,Richmond,5963,477,78
11/15/2020,Arlington,5298,561,157
11/15/2020,"Rappahannock Rapidan",3695,210,57
11/15/2020,Rappahannock,6925,463,95
11/15/2020,Pittsylvania-Danville,2910,226,65
11/15/2020,"Prince William",18594,1236,265
11/15/2020,"Cumberland Plateau",1949,117,17
11/15/2020,Portsmouth,2997,343,70
11/15/2020,"Virginia Beach",9164,477,112
11/15/2020,"West Piedmont",3798,337,97
11/15/2020,"Three Rivers",2451,148,41
11/15/2020,Alleghany,3820,138,59
11/15/2020,Lenowisco,2433,138,36
11/15/2020,Norfolk,5872,425,87
11/15/2020,"Western Tidewater",4930,256,160
11/15/2020,Henrico,7200,541,243
11/15/2020,"Central Shenandoah",7716,326,94
11/15/2020,Loudoun,8810,516,135
11/15/2020,Chesterfield,8756,507,153
11/15/2020,Peninsula,5658,240,94
11/16/2020,Southside,2137,96,51
11/16/2020,Chesapeake,5559,503,79
11/16/2020,"Thomas Jefferson",4862,259,80
11/16/2020,Roanoke,3453,121,54
11/16/2020,"Eastern Shore",1590,151,52
11/16/2020,"Mount Rogers",5053,371,154
11/16/2020,Chickahominy,2862,218,64
11/16/2020,"New River",5373,116,32
11/16/2020,"Central Virginia",5847,219,69
11/16/2020,Piedmont,2805,188,62
11/16/2020,"Lord Fairfax",4828,391,138
11/16/2020,Crater,5521,324,119
11/16/2020,Hampton,2432,107,34
11/16/2020,Alexandria,4698,341,76
11/16/2020,Fairfax,27095,2440,625
11/16/2020,Richmond,6007,477,78
11/16/2020,Arlington,5380,561,157
11/16/2020,"Rappahannock Rapidan",3778,211,57
11/16/2020,Rappahannock,7037,463,95
11/16/2020,Pittsylvania-Danville,2953,229,65
11/16/2020,"Prince William",18807,1237,265
11/16/2020,"Cumberland Plateau",2004,118,17
11/16/2020,Portsmouth,3021,345,70
11/16/2020,"Virginia Beach",9384,477,111
11/16/2020,"West Piedmont",3844,342,97
11/16/2020,"Three Rivers",2470,149,41
11/16/2020,Alleghany,3824,140,61
11/16/2020,Lenowisco,2462,138,36
11/16/2020,Norfolk,5965,425,87
11/16/2020,"Western Tidewater",4950,258,160
11/16/2020,Henrico,7281,544,243
11/16/2020,"Central Shenandoah",7787,327,94
11/16/2020,Loudoun,8894,516,136
11/16/2020,Chesterfield,8907,509,153
11/16/2020,Peninsula,5767,241,94
11/17/2020,Southside,2149,96,53
11/17/2020,Chesapeake,5636,506,80
11/17/2020,"Thomas Jefferson",4885,259,80
11/17/2020,Roanoke,3535,121,59
11/17/2020,"Eastern Shore",1599,151,52
11/17/2020,"Mount Rogers",5113,373,154
11/17/2020,Chickahominy,2881,218,64
11/17/2020,"New River",5398,116,33
11/17/2020,"Central Virginia",5960,220,69
11/17/2020,Piedmont,2823,191,63
11/17/2020,"Lord Fairfax",4941,393,139
11/17/2020,Crater,5538,324,120
11/17/2020,Hampton,2442,108,34
11/17/2020,Alexandria,4726,343,76
11/17/2020,Fairfax,27291,2447,625
11/17/2020,Richmond,6055,477,79
11/17/2020,Arlington,5454,561,157
11/17/2020,"Rappahannock Rapidan",3856,214,57
11/17/2020,Rappahannock,7095,466,95
11/17/2020,Pittsylvania-Danville,2992,231,65
11/17/2020,"Prince William",18965,1244,265
11/17/2020,"Cumberland Plateau",2038,120,18
11/17/2020,Portsmouth,3027,345,70
11/17/2020,"Virginia Beach",9449,478,111
11/17/2020,"West Piedmont",3876,345,98
11/17/2020,"Three Rivers",2483,149,42
11/17/2020,Alleghany,3946,140,63
11/17/2020,Lenowisco,2505,141,40
11/17/2020,Norfolk,6037,427,87
11/17/2020,"Western Tidewater",4975,259,161
11/17/2020,Henrico,7361,544,244
11/17/2020,"Central Shenandoah",7961,331,98
11/17/2020,Loudoun,8954,520,136
11/17/2020,Chesterfield,8995,510,154
11/17/2020,Peninsula,5821,240,94
11/18/2020,Southside,2160,99,53
11/18/2020,Chesapeake,5695,510,80
11/18/2020,"Thomas Jefferson",4912,259,80
11/18/2020,Roanoke,3585,122,62
11/18/2020,"Eastern Shore",1604,151,52
11/18/2020,"Mount Rogers",5190,377,164
11/18/2020,Chickahominy,2907,220,64
11/18/2020,"New River",5521,120,35
11/18/2020,"Central Virginia",5996,220,69
11/18/2020,Piedmont,2833,192,63
11/18/2020,"Lord Fairfax",5115,401,140
11/18/2020,Crater,5552,326,120
11/18/2020,Hampton,2449,108,34
11/18/2020,Alexandria,4768,344,76
11/18/2020,Fairfax,27545,2462,626
11/18/2020,Richmond,6104,480,80
11/18/2020,Arlington,5512,563,156
11/18/2020,"Rappahannock Rapidan",3872,215,59
11/18/2020,Rappahannock,7162,468,95
11/18/2020,Pittsylvania-Danville,3009,236,65
11/18/2020,"Prince William",19140,1252,266
11/18/2020,"Cumberland Plateau",2119,120,18
11/18/2020,Portsmouth,3031,345,70
11/18/2020,"Virginia Beach",9533,483,111
11/18/2020,"West Piedmont",3912,348,98
11/18/2020,"Three Rivers",2500,149,42
11/18/2020,Alleghany,4097,142,64
11/18/2020,Lenowisco,2543,142,46
11/18/2020,Norfolk,6083,430,87
11/18/2020,"Western Tidewater",4981,260,161
11/18/2020,Henrico,7456,547,241
11/18/2020,"Central Shenandoah",8036,335,98
11/18/2020,Loudoun,9020,527,136
11/18/2020,Chesterfield,9039,513,155
11/18/2020,Peninsula,5852,241,94
11/19/2020,Southside,2163,100,53
11/19/2020,Chesapeake,5729,511,80
11/19/2020,"Thomas Jefferson",4942,260,80
11/19/2020,Roanoke,3672,125,65
11/19/2020,"Eastern Shore",1613,153,52
11/19/2020,"Mount Rogers",5282,380,165
11/19/2020,Chickahominy,2940,221,64
11/19/2020,"New River",5603,125,39
11/19/2020,"Central Virginia",6032,220,69
11/19/2020,Piedmont,2876,192,63
11/19/2020,"Lord Fairfax",5242,404,140
11/19/2020,Crater,5580,331,122
11/19/2020,Hampton,2481,109,34
11/19/2020,Alexandria,4797,345,77
11/19/2020,Fairfax,27752,2478,627
11/19/2020,Richmond,6159,487,80
11/19/2020,Arlington,5544,566,156
11/19/2020,"Rappahannock Rapidan",3911,219,59
11/19/2020,Rappahannock,7234,468,95
11/19/2020,Pittsylvania-Danville,3023,240,68
11/19/2020,"Prince William",19297,1257,267
11/19/2020,"Cumberland Plateau",2155,122,18
11/19/2020,Portsmouth,3039,345,70
11/19/2020,"Virginia Beach",9614,496,112
11/19/2020,"West Piedmont",4002,353,101
11/19/2020,"Three Rivers",2514,152,42
11/19/2020,Alleghany,4207,145,65
11/19/2020,Lenowisco,2580,143,55
11/19/2020,Norfolk,6116,431,88
11/19/2020,"Western Tidewater",5004,261,162
11/19/2020,Henrico,7509,549,242
11/19/2020,"Central Shenandoah",8100,342,98
11/19/2020,Loudoun,9046,529,138
11/19/2020,Chesterfield,9114,514,156
11/19/2020,Peninsula,5915,242,94
11/20/2020,Southside,2174,100,53
11/20/2020,Chesapeake,5799,514,80
11/20/2020,"Thomas Jefferson",4978,263,81
11/20/2020,Roanoke,3772,124,66
11/20/2020,"Eastern Shore",1617,153,52
11/20/2020,"Mount Rogers",5375,384,164
11/20/2020,Chickahominy,3006,222,65
11/20/2020,"New River",5697,133,41
11/20/2020,"Central Virginia",6193,224,69
11/20/2020,Piedmont,2894,195,64
11/20/2020,"Lord Fairfax",5329,407,141
11/20/2020,Crater,5619,333,122
11/20/2020,Hampton,2506,110,34
11/20/2020,Alexandria,4831,345,77
11/20/2020,Fairfax,28013,2493,629
11/20/2020,Richmond,6215,489,80
11/20/2020,Arlington,5603,566,156
11/20/2020,"Rappahannock Rapidan",3959,221,60
11/20/2020,Rappahannock,7310,475,95
11/20/2020,Pittsylvania-Danville,3057,240,68
11/20/2020,"Prince William",19467,1260,267
11/20/2020,"Cumberland Plateau",2203,125,20
11/20/2020,Portsmouth,3053,346,70
11/20/2020,"Virginia Beach",9716,500,112
11/20/2020,"West Piedmont",4085,354,102
11/20/2020,"Three Rivers",2523,152,42
11/20/2020,Alleghany,4380,149,65
11/20/2020,Lenowisco,2617,146,57
11/20/2020,Norfolk,6144,434,88
11/20/2020,"Western Tidewater",5034,262,163
11/20/2020,Henrico,7604,559,242
11/20/2020,"Central Shenandoah",8217,344,98
11/20/2020,Loudoun,9149,531,139
11/20/2020,Chesterfield,9211,519,156
11/20/2020,Peninsula,5981,242,94
11/21/2020,Southside,2194,101,53
11/21/2020,Chesapeake,5856,518,80
11/21/2020,"Thomas Jefferson",5018,263,81
11/21/2020,Roanoke,3820,125,67
11/21/2020,"Eastern Shore",1623,153,52
11/21/2020,"Mount Rogers",5461,386,164
11/21/2020,Chickahominy,3040,225,67
11/21/2020,"New River",5846,136,43
11/21/2020,"Central Virginia",6245,227,70
11/21/2020,Piedmont,2907,195,63
11/21/2020,"Lord Fairfax",5372,412,142
11/21/2020,Crater,5652,334,122
11/21/2020,Hampton,2534,112,34
11/21/2020,Alexandria,4882,346,77
11/21/2020,Fairfax,28345,2501,629
11/21/2020,Richmond,6268,495,80
11/21/2020,Arlington,5673,568,156
11/21/2020,"Rappahannock Rapidan",3975,221,59
11/21/2020,Rappahannock,7399,475,96
11/21/2020,Pittsylvania-Danville,3092,243,70
11/21/2020,"Prince William",19613,1265,268
11/21/2020,"Cumberland Plateau",2226,126,22
11/21/2020,Portsmouth,3067,349,70
11/21/2020,"Virginia Beach",9865,507,112
11/21/2020,"West Piedmont",4155,354,105
11/21/2020,"Three Rivers",2533,153,44
11/21/2020,Alleghany,4449,151,69
11/21/2020,Lenowisco,2661,151,57
11/21/2020,Norfolk,6178,436,88
11/21/2020,"Western Tidewater",5067,267,163
11/21/2020,Henrico,7683,563,242
11/21/2020,"Central Shenandoah",8389,353,101
11/21/2020,Loudoun,9216,535,139
11/21/2020,Chesterfield,9314,522,159
11/21/2020,Peninsula,6061,249,94
11/22/2020,Southside,2196,101,53
11/22/2020,Chesapeake,5967,520,80
11/22/2020,"Thomas Jefferson",5070,267,81
11/22/2020,Roanoke,3868,125,67
11/22/2020,"Eastern Shore",1637,153,52
11/22/2020,"Mount Rogers",5532,392,164
11/22/2020,Chickahominy,3087,225,67
11/22/2020,"New River",5871,136,43
11/22/2020,"Central Virginia",6359,228,70
11/22/2020,Piedmont,2929,195,63
11/22/2020,"Lord Fairfax",5420,412,142
11/22/2020,Crater,5685,335,122
11/22/2020,Hampton,2575,113,34
11/22/2020,Alexandria,4935,347,77
11/22/2020,Fairfax,28634,2503,629
11/22/2020,Richmond,6331,495,80
11/22/2020,Arlington,5758,568,156
11/22/2020,"Rappahannock Rapidan",3996,222,59
11/22/2020,Rappahannock,7462,476,96
11/22/2020,Pittsylvania-Danville,3096,244,70
11/22/2020,"Prince William",19667,1265,268
11/22/2020,"Cumberland Plateau",2251,127,22
11/22/2020,Portsmouth,3091,349,70
11/22/2020,"Virginia Beach",9992,507,112
11/22/2020,"West Piedmont",4217,354,105
11/22/2020,"Three Rivers",2572,153,44
11/22/2020,Alleghany,4530,151,69
11/22/2020,Lenowisco,2685,153,57
11/22/2020,Norfolk,6244,438,88
11/22/2020,"Western Tidewater",5096,267,163
11/22/2020,Henrico,7762,564,242
11/22/2020,"Central Shenandoah",8482,354,101
11/22/2020,Loudoun,9265,535,139
11/22/2020,Chesterfield,9401,523,159
11/22/2020,Peninsula,6133,249,94
11/23/2020,Southside,2231,102,53
11/23/2020,Chesapeake,6080,522,80
11/23/2020,"Thomas Jefferson",5115,267,81
11/23/2020,Roanoke,3880,126,67
11/23/2020,"Eastern Shore",1647,154,52
11/23/2020,"Mount Rogers",5619,396,164
11/23/2020,Chickahominy,3141,226,67
11/23/2020,"New River",5901,137,43
11/23/2020,"Central Virginia",6426,231,70
11/23/2020,Piedmont,2968,195,63
11/23/2020,"Lord Fairfax",5534,413,142
11/23/2020,Crater,5788,336,122
11/23/2020,Hampton,2636,114,34
11/23/2020,Alexandria,5010,348,77
11/23/2020,Fairfax,29089,2505,629
11/23/2020,Richmond,6384,497,80
11/23/2020,Arlington,5856,569,157
11/23/2020,"Rappahannock Rapidan",4237,225,59
11/23/2020,Rappahannock,7601,479,96
11/23/2020,Pittsylvania-Danville,3143,246,70
11/23/2020,"Prince William",19877,1266,268
11/23/2020,"Cumberland Plateau",2311,128,22
11/23/2020,Portsmouth,3115,349,70
11/23/2020,"Virginia Beach",10168,507,112
11/23/2020,"West Piedmont",4263,358,105
11/23/2020,"Three Rivers",2638,154,44
11/23/2020,Alleghany,4665,151,69
11/23/2020,Lenowisco,2760,155,60
11/23/2020,Norfolk,6297,439,88
11/23/2020,"Western Tidewater",5129,268,163
11/23/2020,Henrico,7844,564,242
11/23/2020,"Central Shenandoah",8606,355,101
11/23/2020,Loudoun,9345,536,139
11/23/2020,Chesterfield,9495,527,159
11/23/2020,Peninsula,6239,251,94
11/24/2020,Southside,2237,102,53
11/24/2020,Chesapeake,6115,525,80
11/24/2020,"Thomas Jefferson",5152,268,81
11/24/2020,Roanoke,3931,127,69
11/24/2020,"Eastern Shore",1650,155,52
11/24/2020,"Mount Rogers",5743,403,166
11/24/2020,Chickahominy,3187,229,67
11/24/2020,"New River",6029,141,45
11/24/2020,"Central Virginia",6520,242,73
11/24/2020,Piedmont,2981,196,66
11/24/2020,"Lord Fairfax",5595,419,142
11/24/2020,Crater,5810,340,122
11/24/2020,Hampton,2653,114,34
11/24/2020,Alexandria,5051,350,77
11/24/2020,Fairfax,29472,2513,632
11/24/2020,Richmond,6446,501,81
11/24/2020,Arlington,5905,569,157
11/24/2020,"Rappahannock Rapidan",4275,225,61
11/24/2020,Rappahannock,7695,482,96
11/24/2020,Pittsylvania-Danville,3167,249,70
11/24/2020,"Prince William",20102,1267,270
11/24/2020,"Cumberland Plateau",2336,129,22
11/24/2020,Portsmouth,3128,349,71
11/24/2020,"Virginia Beach",10279,518,112
11/24/2020,"West Piedmont",4328,361,109
11/24/2020,"Three Rivers",2642,156,44
11/24/2020,Alleghany,4723,152,72
11/24/2020,Lenowisco,2779,157,61
11/24/2020,Norfolk,6344,442,89
11/24/2020,"Western Tidewater",5174,270,164
11/24/2020,Henrico,7977,576,244
11/24/2020,"Central Shenandoah",8710,360,105
11/24/2020,Loudoun,9512,544,139
11/24/2020,Chesterfield,9650,530,159
11/24/2020,Peninsula,6284,251,94
11/26/2020,Southside,2258,103,58
11/26/2020,Chesapeake,6220,527,80
11/26/2020,"Thomas Jefferson",5238,270,82
11/26/2020,Roanoke,4016,128,72
11/26/2020,"Eastern Shore",1664,156,52
11/26/2020,"Mount Rogers",5961,413,165
11/26/2020,Chickahominy,3285,236,70
11/26/2020,"New River",6188,145,45
11/26/2020,"Central Virginia",6685,250,73
11/26/2020,Piedmont,3021,199,67
11/26/2020,"Lord Fairfax",5713,430,144
11/26/2020,Crater,5869,340,122
11/26/2020,Hampton,2721,116,34
11/26/2020,Alexandria,5169,354,77
11/26/2020,Fairfax,30242,2542,638
11/26/2020,Richmond,6516,500,81
11/26/2020,Arlington,6048,572,157
11/26/2020,"Rappahannock Rapidan",4467,231,61
11/26/2020,Rappahannock,7861,490,96
11/26/2020,Pittsylvania-Danville,3258,255,71
11/26/2020,"Prince William",20686,1274,273
11/26/2020,"Cumberland Plateau",2390,130,22
11/26/2020,Portsmouth,3156,350,71
11/26/2020,"Virginia Beach",10474,526,113
11/26/2020,"West Piedmont",4505,362,110
11/26/2020,"Three Rivers",2667,159,45
11/26/2020,Alleghany,4868,160,76
11/26/2020,Lenowisco,2912,162,69
11/26/2020,Norfolk,6401,457,89
11/26/2020,"Western Tidewater",5247,273,164
11/26/2020,Henrico,8139,584,247
11/26/2020,"Central Shenandoah",8961,370,107
11/26/2020,Loudoun,9817,555,142
11/26/2020,Chesterfield,9901,538,161
11/26/2020,Peninsula,6376,260,95
11/27/2020,Southside,2258,103,59
11/27/2020,Chesapeake,6385,528,80
11/27/2020,"Thomas Jefferson",5281,270,82
11/27/2020,Roanoke,4035,128,72
11/27/2020,"Eastern Shore",1672,156,52
11/27/2020,"Mount Rogers",5978,413,165
11/27/2020,Chickahominy,3338,238,72
11/27/2020,"New River",6206,145,45
11/27/2020,"Central Virginia",6731,250,73
11/27/2020,Piedmont,3034,199,67
11/27/2020,"Lord Fairfax",5783,433,144
11/27/2020,Crater,5875,340,122
11/27/2020,Hampton,2727,116,34
11/27/2020,Alexandria,5222,354,77
11/27/2020,Fairfax,30260,2542,639
11/27/2020,Richmond,6536,502,82
11/27/2020,Arlington,6117,577,157
11/27/2020,"Rappahannock Rapidan",4475,231,61
11/27/2020,Rappahannock,7944,492,96
11/27/2020,Pittsylvania-Danville,3298,255,72
11/27/2020,"Prince William",20857,1276,272
11/27/2020,"Cumberland Plateau",2425,136,22
11/27/2020,Portsmouth,3170,350,71
11/27/2020,"Virginia Beach",10527,526,113
11/27/2020,"West Piedmont",4606,362,110
11/27/2020,"Three Rivers",2703,160,45
11/27/2020,Alleghany,5003,160,76
11/27/2020,Lenowisco,2935,172,76
11/27/2020,Norfolk,6408,457,89
11/27/2020,"Western Tidewater",5263,273,164
11/27/2020,Henrico,8179,584,247
11/27/2020,"Central Shenandoah",8992,370,107
11/27/2020,Loudoun,9872,555,142
11/27/2020,Chesterfield,9963,538,163
11/27/2020,Peninsula,6386,260,96
11/25/2020,Southside,2243,103,57
11/25/2020,Chesapeake,6162,525,80
11/25/2020,"Thomas Jefferson",5179,270,81
11/25/2020,Roanoke,3976,127,71
11/25/2020,"Eastern Shore",1655,155,52
11/25/2020,"Mount Rogers",5857,409,164
11/25/2020,Chickahominy,3241,231,68
11/25/2020,"New River",6125,143,45
11/25/2020,"Central Virginia",6605,244,73
11/25/2020,Piedmont,3002,197,66
11/25/2020,"Lord Fairfax",5652,424,143
11/25/2020,Crater,5841,340,122
11/25/2020,Hampton,2690,114,34
11/25/2020,Alexandria,5106,353,77
11/25/2020,Fairfax,29868,2527,635
11/25/2020,Richmond,6491,502,81
11/25/2020,Arlington,5994,572,157
11/25/2020,"Rappahannock Rapidan",4348,230,61
11/25/2020,Rappahannock,7761,486,96
11/25/2020,Pittsylvania-Danville,3228,253,71
11/25/2020,"Prince William",20447,1271,272
11/25/2020,"Cumberland Plateau",2361,130,22
11/25/2020,Portsmouth,3136,349,71
11/25/2020,"Virginia Beach",10387,526,113
11/25/2020,"West Piedmont",4421,361,110
11/25/2020,"Three Rivers",2659,156,44
11/25/2020,Alleghany,4784,154,72
11/25/2020,Lenowisco,2860,158,68
11/25/2020,Norfolk,6378,456,89
11/25/2020,"Western Tidewater",5197,270,164
11/25/2020,Henrico,8047,578,247
11/25/2020,"Central Shenandoah",8778,363,105
11/25/2020,Loudoun,9717,550,142
11/25/2020,Chesterfield,9776,534,160
11/25/2020,Peninsula,6328,251,95
11/28/2020,Southside,2278,103,60
11/28/2020,Chesapeake,6525,531,80
11/28/2020,"Thomas Jefferson",5311,270,82
11/28/2020,Roanoke,4058,128,75
11/28/2020,"Eastern Shore",1689,157,52
11/28/2020,"Mount Rogers",6191,414,165
11/28/2020,Chickahominy,3363,238,72
11/28/2020,"New River",6336,148,45
11/28/2020,"Central Virginia",6860,252,73
11/28/2020,Piedmont,3085,202,67
11/28/2020,"Lord Fairfax",5975,439,145
11/28/2020,Crater,5888,341,123
11/28/2020,Hampton,2741,116,34
11/28/2020,Alexandria,5303,356,77
11/28/2020,Fairfax,30759,2551,638
11/28/2020,Richmond,6606,504,82
11/28/2020,Arlington,6203,577,157
11/28/2020,"Rappahannock Rapidan",4477,232,61
11/28/2020,Rappahannock,8086,493,97
11/28/2020,Pittsylvania-Danville,3333,255,71
11/28/2020,"Prince William",21126,1280,271
11/28/2020,"Cumberland Plateau",2513,140,22
11/28/2020,Portsmouth,3188,350,71
11/28/2020,"Virginia Beach",10660,527,113
11/28/2020,"West Piedmont",4645,364,110
11/28/2020,"Three Rivers",2741,162,45
11/28/2020,Alleghany,5101,163,77
11/28/2020,Lenowisco,2967,173,77
11/28/2020,Norfolk,6423,456,89
11/28/2020,"Western Tidewater",5313,274,164
11/28/2020,Henrico,8265,587,251
11/28/2020,"Central Shenandoah",9137,375,107
11/28/2020,Loudoun,9980,556,142
11/28/2020,Chesterfield,10052,542,163
11/28/2020,Peninsula,6439,260,96
11/29/2020,Southside,2288,103,60
11/29/2020,Chesapeake,6611,533,80
11/29/2020,"Thomas Jefferson",5330,272,82
11/29/2020,Roanoke,4098,129,76
11/29/2020,"Eastern Shore",1697,157,52
11/29/2020,"Mount Rogers",6219,419,166
11/29/2020,Chickahominy,3386,239,72
11/29/2020,"New River",6381,149,45
11/29/2020,"Central Virginia",6968,254,73
11/29/2020,Piedmont,3102,202,67
11/29/2020,"Lord Fairfax",6140,440,145
11/29/2020,Crater,5926,341,123
11/29/2020,Hampton,2794,117,35
11/29/2020,Alexandria,5333,359,77
11/29/2020,Fairfax,31126,2559,638
11/29/2020,Richmond,6669,505,82
11/29/2020,Arlington,6260,586,157
11/29/2020,"Rappahannock Rapidan",4581,233,61
11/29/2020,Rappahannock,8159,495,97
11/29/2020,Pittsylvania-Danville,3380,256,71
11/29/2020,"Prince William",21229,1281,271
11/29/2020,"Cumberland Plateau",2518,140,22
11/29/2020,Portsmouth,3193,350,71
11/29/2020,"Virginia Beach",10815,527,113
11/29/2020,"West Piedmont",4694,364,110
11/29/2020,"Three Rivers",2780,163,45
11/29/2020,Alleghany,5170,163,77
11/29/2020,Lenowisco,2995,174,77
11/29/2020,Norfolk,6528,456,90
11/29/2020,"Western Tidewater",5327,274,164
11/29/2020,Henrico,8340,587,251
11/29/2020,"Central Shenandoah",9189,378,107
11/29/2020,Loudoun,10021,556,142
11/29/2020,Chesterfield,10132,549,163
11/29/2020,Peninsula,6563,262,96
11/30/2020,Southside,2295,103,60
11/30/2020,Chesapeake,6657,534,80
11/30/2020,"Thomas Jefferson",5344,273,82
11/30/2020,Roanoke,4109,129,76
11/30/2020,"Eastern Shore",1698,157,52
11/30/2020,"Mount Rogers",6279,423,167
11/30/2020,Chickahominy,3427,239,72
11/30/2020,"New River",6425,150,45
11/30/2020,"Central Virginia",7022,255,73
11/30/2020,Piedmont,3113,202,67
11/30/2020,"Lord Fairfax",6357,440,145
11/30/2020,Crater,5961,343,123
11/30/2020,Hampton,2816,120,35
11/30/2020,Alexandria,5366,364,77
11/30/2020,Fairfax,31388,2561,638
11/30/2020,Richmond,6712,505,82
11/30/2020,Arlington,6299,589,157
11/30/2020,"Rappahannock Rapidan",4629,235,61
11/30/2020,Rappahannock,8196,495,97
11/30/2020,Pittsylvania-Danville,3394,258,71
11/30/2020,"Prince William",21389,1282,271
11/30/2020,"Cumberland Plateau",2572,143,23
11/30/2020,Portsmouth,3202,350,71
11/30/2020,"Virginia Beach",10854,530,113
11/30/2020,"West Piedmont",4727,364,110
11/30/2020,"Three Rivers",2807,165,45
11/30/2020,Alleghany,5193,163,77
11/30/2020,Lenowisco,3023,175,77
11/30/2020,Norfolk,6528,458,91
11/30/2020,"Western Tidewater",5338,274,164
11/30/2020,Henrico,8409,590,251
11/30/2020,"Central Shenandoah",9421,382,107
11/30/2020,Loudoun,10049,556,143
11/30/2020,Chesterfield,10210,550,163
11/30/2020,Peninsula,6626,262,96
12/04/2020,Southside,2362,107,62
12/04/2020,Chesapeake,6841,544,81
12/04/2020,"Thomas Jefferson",5510,284,82
12/04/2020,Roanoke,4234,132,78
12/04/2020,"Eastern Shore",1717,159,52
12/04/2020,"Mount Rogers",6641,443,172
12/04/2020,Chickahominy,3617,242,74
12/04/2020,"New River",6715,167,55
12/04/2020,"Central Virginia",7367,269,83
12/04/2020,Piedmont,3230,207,68
12/04/2020,"Lord Fairfax",6691,455,150
12/04/2020,Crater,6105,347,123
12/04/2020,Hampton,2882,134,35
12/04/2020,Alexandria,5513,373,81
12/04/2020,Fairfax,32577,2640,640
12/04/2020,Richmond,6896,510,82
12/04/2020,Arlington,6535,596,157
12/04/2020,"Rappahannock Rapidan",4812,238,60
12/04/2020,Rappahannock,8598,502,99
12/04/2020,Pittsylvania-Danville,3539,263,75
12/04/2020,"Prince William",22071,1307,271
12/04/2020,"Cumberland Plateau",2793,156,23
12/04/2020,Portsmouth,3256,357,71
12/04/2020,"Virginia Beach",11318,556,116
12/04/2020,"West Piedmont",4955,383,111
12/04/2020,"Three Rivers",3025,181,49
12/04/2020,Alleghany,5432,169,89
12/04/2020,Lenowisco,3209,179,80
12/04/2020,Norfolk,6728,471,92
12/04/2020,"Western Tidewater",5450,286,164
12/04/2020,Henrico,8710,611,260
12/04/2020,"Central Shenandoah",10055,412,112
12/04/2020,Loudoun,10469,568,150
12/04/2020,Chesterfield,10680,576,167
12/04/2020,Peninsula,6847,292,96
12/05/2020,Southside,2376,107,64
12/05/2020,Chesapeake,6888,548,81
12/05/2020,"Thomas Jefferson",5616,285,82
12/05/2020,Roanoke,4295,132,78
12/05/2020,"Eastern Shore",1730,159,52
12/05/2020,"Mount Rogers",6910,449,172
12/05/2020,Chickahominy,3670,242,74
12/05/2020,"New River",6814,176,59
12/05/2020,"Central Virginia",7552,271,82
12/05/2020,Piedmont,3361,211,69
12/05/2020,"Lord Fairfax",6822,458,150
12/05/2020,Crater,6147,351,123
12/05/2020,Hampton,2903,142,35
12/05/2020,Alexandria,5602,378,82
12/05/2020,Fairfax,32921,2644,641
12/05/2020,Richmond,6960,511,82
12/05/2020,Arlington,6640,597,158
12/05/2020,"Rappahannock Rapidan",4901,238,60
12/05/2020,Rappahannock,8785,505,100
12/05/2020,Pittsylvania-Danville,3597,265,75
12/05/2020,"Prince William",22289,1318,271
12/05/2020,"Cumberland Plateau",2908,164,42
12/05/2020,Portsmouth,3298,360,71
12/05/2020,"Virginia Beach",11552,565,119
12/05/2020,"West Piedmont",4989,387,111
12/05/2020,"Three Rivers",3060,185,50
12/05/2020,Alleghany,5601,172,89
12/05/2020,Lenowisco,3275,184,82
12/05/2020,Norfolk,6786,476,93
12/05/2020,"Western Tidewater",5502,290,164
12/05/2020,Henrico,8838,611,260
12/05/2020,"Central Shenandoah",10319,419,112
12/05/2020,Loudoun,10557,570,150
12/05/2020,Chesterfield,10836,582,167
12/05/2020,Peninsula,6873,303,97
12/06/2020,Southside,2429,107,64
12/06/2020,Chesapeake,6964,550,81
12/06/2020,"Thomas Jefferson",5718,287,82
12/06/2020,Roanoke,4314,132,78
12/06/2020,"Eastern Shore",1747,159,52
12/06/2020,"Mount Rogers",7115,458,172
12/06/2020,Chickahominy,3723,244,74
12/06/2020,"New River",6879,177,60
12/06/2020,"Central Virginia",7629,271,82
12/06/2020,Piedmont,3502,212,69
12/06/2020,"Lord Fairfax",6944,461,151
12/06/2020,Crater,6188,353,123
12/06/2020,Hampton,2937,142,35
12/06/2020,Alexandria,5669,382,82
12/06/2020,Fairfax,33488,2646,641
12/06/2020,Richmond,7050,511,82
12/06/2020,Arlington,6792,597,158
12/06/2020,"Rappahannock Rapidan",5018,239,60
12/06/2020,Rappahannock,8942,507,100
12/06/2020,Pittsylvania-Danville,3663,265,76
12/06/2020,"Prince William",22551,1317,271
12/06/2020,"Cumberland Plateau",2994,168,42
12/06/2020,Portsmouth,3339,360,71
12/06/2020,"Virginia Beach",11778,565,119
12/06/2020,"West Piedmont",5055,388,111
12/06/2020,"Three Rivers",3101,185,50
12/06/2020,Alleghany,5658,173,89
12/06/2020,Lenowisco,3348,185,82
12/06/2020,Norfolk,6783,476,93
12/06/2020,"Western Tidewater",5589,290,164
12/06/2020,Henrico,8988,612,260
12/06/2020,"Central Shenandoah",10578,420,112
12/06/2020,Loudoun,10635,570,150
12/06/2020,Chesterfield,10928,582,167
12/06/2020,Peninsula,7017,304,97
12/07/2020,Southside,2445,108,64
12/07/2020,Chesapeake,7017,551,83
12/07/2020,"Thomas Jefferson",5810,294,82
12/07/2020,Roanoke,4338,132,78
12/07/2020,"Eastern Shore",1766,159,52
12/07/2020,"Mount Rogers",7251,466,172
12/07/2020,Chickahominy,3800,244,74
12/07/2020,"New River",7002,179,60
12/07/2020,"Central Virginia",7729,275,86
12/07/2020,Piedmont,3588,212,69
12/07/2020,"Lord Fairfax",7052,462,152
12/07/2020,Crater,6261,355,123
12/07/2020,Hampton,2975,144,35
12/07/2020,Alexandria,5790,383,82
12/07/2020,Fairfax,34108,2666,641
12/07/2020,Richmond,7176,511,82
12/07/2020,Arlington,6904,597,158
12/07/2020,"Rappahannock Rapidan",5072,243,60
12/07/2020,Rappahannock,9173,507,100
12/07/2020,Pittsylvania-Danville,3758,265,76
12/07/2020,"Prince William",22647,1319,271
12/07/2020,"Cumberland Plateau",3068,170,42
12/07/2020,Portsmouth,3380,360,71
12/07/2020,"Virginia Beach",11965,565,119
12/07/2020,"West Piedmont",5130,389,111
12/07/2020,"Three Rivers",3107,185,50
12/07/2020,Alleghany,5681,173,89
12/07/2020,Lenowisco,3396,188,83
12/07/2020,Norfolk,6894,475,93
12/07/2020,"Western Tidewater",5660,290,164
12/07/2020,Henrico,9137,612,260
12/07/2020,"Central Shenandoah",10815,421,112
12/07/2020,Loudoun,10832,570,150
12/07/2020,Chesterfield,11037,582,167
12/07/2020,Peninsula,7106,304,97
12/08/2020,Southside,2450,112,65
12/08/2020,Chesapeake,7071,553,86
12/08/2020,"Thomas Jefferson",5852,300,82
12/08/2020,Roanoke,4379,132,78
12/08/2020,"Eastern Shore",1776,160,52
12/08/2020,"Mount Rogers",7410,475,173
12/08/2020,Chickahominy,3848,244,76
12/08/2020,"New River",7139,182,63
12/08/2020,"Central Virginia",7912,275,87
12/08/2020,Piedmont,3675,213,68
12/08/2020,"Lord Fairfax",7232,465,155
12/08/2020,Crater,6298,356,124
12/08/2020,Hampton,3035,144,35
12/08/2020,Alexandria,5874,384,81
12/08/2020,Fairfax,34836,2679,643
12/08/2020,Richmond,7224,511,82
12/08/2020,Arlington,6944,603,161
12/08/2020,"Rappahannock Rapidan",5101,244,60
12/08/2020,Rappahannock,9285,512,101
12/08/2020,Pittsylvania-Danville,3800,266,79
12/08/2020,"Prince William",22952,1323,272
12/08/2020,"Cumberland Plateau",3220,172,42
12/08/2020,Portsmouth,3410,361,71
12/08/2020,"Virginia Beach",12142,570,121
12/08/2020,"West Piedmont",5185,395,113
12/08/2020,"Three Rivers",3118,186,51
12/08/2020,Alleghany,5872,179,97
12/08/2020,Lenowisco,3448,188,84
12/08/2020,Norfolk,7038,483,98
12/08/2020,"Western Tidewater",5698,292,166
12/08/2020,Henrico,9281,617,260
12/08/2020,"Central Shenandoah",10873,425,115
12/08/2020,Loudoun,11005,571,151
12/08/2020,Chesterfield,11210,585,171
12/08/2020,Peninsula,7137,310,97
12/09/2020,Southside,2481,113,65
12/09/2020,Chesapeake,7135,556,86
12/09/2020,"Thomas Jefferson",5928,301,82
12/09/2020,Roanoke,4471,134,78
12/09/2020,"Eastern Shore",1798,161,52
12/09/2020,"Mount Rogers",7546,485,175
12/09/2020,Chickahominy,3909,245,76
12/09/2020,"New River",7247,182,63
12/09/2020,"Central Virginia",8148,277,88
12/09/2020,Piedmont,3710,215,68
12/09/2020,"Lord Fairfax",7399,467,155
12/09/2020,Crater,6309,358,124
12/09/2020,Hampton,3139,146,35
12/09/2020,Alexandria,5950,388,81
12/09/2020,Fairfax,35356,2690,645
12/09/2020,Richmond,7315,513,83
12/09/2020,Arlington,7062,604,162
12/09/2020,"Rappahannock Rapidan",5165,245,60
12/09/2020,Rappahannock,9428,513,101
12/09/2020,Pittsylvania-Danville,3893,268,80
12/09/2020,"Prince William",23296,1332,273
12/09/2020,"Cumberland Plateau",3323,177,45
12/09/2020,Portsmouth,3435,365,72
12/09/2020,"Virginia Beach",12376,580,123
12/09/2020,"West Piedmont",5235,404,113
12/09/2020,"Three Rivers",3132,184,50
12/09/2020,Alleghany,6148,180,97
12/09/2020,Lenowisco,3504,193,84
12/09/2020,Norfolk,7106,490,98
12/09/2020,"Western Tidewater",5756,304,167
12/09/2020,Henrico,9440,623,266
12/09/2020,"Central Shenandoah",11093,426,115
12/09/2020,Loudoun,11270,572,151
12/09/2020,Chesterfield,11409,587,171
12/09/2020,Peninsula,7216,314,97
12/10/2020,Southside,2499,116,68
12/10/2020,Chesapeake,7227,560,87
12/10/2020,"Thomas Jefferson",6025,302,84
12/10/2020,Roanoke,4523,135,79
12/10/2020,"Eastern Shore",1810,162,52
12/10/2020,"Mount Rogers",7730,493,175
12/10/2020,Chickahominy,3962,245,77
12/10/2020,"New River",7337,183,69
12/10/2020,"Central Virginia",8296,281,92
12/10/2020,Piedmont,3756,217,69
12/10/2020,"Lord Fairfax",7601,469,157
12/10/2020,Crater,6328,361,124
12/10/2020,Hampton,3171,151,38
12/10/2020,Alexandria,6012,390,82
12/10/2020,Fairfax,35796,2695,648
12/10/2020,Richmond,7406,515,84
12/10/2020,Arlington,7097,607,164
12/10/2020,"Rappahannock Rapidan",5252,246,60
12/10/2020,Rappahannock,9563,517,101
12/10/2020,Pittsylvania-Danville,3960,269,82
12/10/2020,"Prince William",23543,1336,275
12/10/2020,"Cumberland Plateau",3411,181,45
12/10/2020,Portsmouth,3480,375,73
12/10/2020,"Virginia Beach",12555,584,124
12/10/2020,"West Piedmont",5323,406,117
12/10/2020,"Three Rivers",3213,187,50
12/10/2020,Alleghany,6276,183,99
12/10/2020,Lenowisco,3590,196,85
12/10/2020,Norfolk,7176,503,99
12/10/2020,"Western Tidewater",5829,312,167
12/10/2020,Henrico,9597,628,266
12/10/2020,"Central Shenandoah",11467,431,119
12/10/2020,Loudoun,11420,575,151
12/10/2020,Chesterfield,11523,595,175
12/10/2020,Peninsula,7289,317,98
12/11/2020,Southside,2519,116,69
12/11/2020,Chesapeake,7289,564,88
12/11/2020,"Thomas Jefferson",6069,306,84
12/11/2020,Roanoke,4558,135,79
12/11/2020,"Eastern Shore",1831,163,52
12/11/2020,"Mount Rogers",7852,495,178
12/11/2020,Chickahominy,4012,247,77
12/11/2020,"New River",7474,194,72
12/11/2020,"Central Virginia",8485,285,94
12/11/2020,Piedmont,3795,217,69
12/11/2020,"Lord Fairfax",7709,475,159
12/11/2020,Crater,6335,362,124
12/11/2020,Hampton,3231,156,38
12/11/2020,Alexandria,6089,390,82
12/11/2020,Fairfax,36119,2713,649
12/11/2020,Richmond,7484,517,86
12/11/2020,Arlington,7206,611,164
12/11/2020,"Rappahannock Rapidan",5344,247,60
12/11/2020,Rappahannock,9689,519,101
12/11/2020,Pittsylvania-Danville,4039,273,84
12/11/2020,"Prince William",23833,1341,276
12/11/2020,"Cumberland Plateau",3499,183,45
12/11/2020,Portsmouth,3509,377,73
12/11/2020,"Virginia Beach",12702,599,125
12/11/2020,"West Piedmont",5392,409,117
12/11/2020,"Three Rivers",3270,191,50
12/11/2020,Alleghany,6368,187,99
12/11/2020,Lenowisco,3630,199,86
12/11/2020,Norfolk,7250,502,99
12/11/2020,"Western Tidewater",5909,316,167
12/11/2020,Henrico,9720,633,268
12/11/2020,"Central Shenandoah",11642,440,126
12/11/2020,Loudoun,11545,580,151
12/11/2020,Chesterfield,11690,604,178
12/11/2020,Peninsula,7350,318,101
12/12/2020,Southside,2542,117,69
12/12/2020,Chesapeake,7348,566,88
12/12/2020,"Thomas Jefferson",6187,309,84
12/12/2020,Roanoke,4619,136,81
12/12/2020,"Eastern Shore",1856,164,52
12/12/2020,"Mount Rogers",8041,503,179
12/12/2020,Chickahominy,4076,247,79
12/12/2020,"New River",7580,196,73
12/12/2020,"Central Virginia",8715,288,96
12/12/2020,Piedmont,3811,219,69
12/12/2020,"Lord Fairfax",7867,477,164
12/12/2020,Crater,6372,363,124
12/12/2020,Hampton,3298,157,38
12/12/2020,Alexandria,6165,395,82
12/12/2020,Fairfax,36491,2722,657
12/12/2020,Richmond,7574,520,86
12/12/2020,Arlington,7263,612,164
12/12/2020,"Rappahannock Rapidan",5387,250,62
12/12/2020,Rappahannock,9856,522,101
12/12/2020,Pittsylvania-Danville,4084,273,84
12/12/2020,"Prince William",24252,1343,278
12/12/2020,"Cumberland Plateau",3631,188,45
12/12/2020,Portsmouth,3546,379,73
12/12/2020,"Virginia Beach",12865,604,125
12/12/2020,"West Piedmont",5480,411,120
12/12/2020,"Three Rivers",3413,195,50
12/12/2020,Alleghany,6508,189,101
12/12/2020,Lenowisco,3712,204,88
12/12/2020,Norfolk,7331,509,99
12/12/2020,"Western Tidewater",5968,321,167
12/12/2020,Henrico,9874,634,269
12/12/2020,"Central Shenandoah",11928,443,128
12/12/2020,Loudoun,11709,583,151
12/12/2020,Chesterfield,11797,609,180
12/12/2020,Peninsula,7469,319,103
12/13/2020,Southside,2552,120,69
12/13/2020,Chesapeake,7540,566,88
12/13/2020,"Thomas Jefferson",6232,313,84
12/13/2020,Roanoke,4657,136,81
12/13/2020,"Eastern Shore",1868,164,52
12/13/2020,"Mount Rogers",8223,506,180
12/13/2020,Chickahominy,4115,247,79
12/13/2020,"New River",7644,196,73
12/13/2020,"Central Virginia",8769,288,96
12/13/2020,Piedmont,3886,221,69
12/13/2020,"Lord Fairfax",8014,479,164
12/13/2020,Crater,6384,363,124
12/13/2020,Hampton,3365,159,38
12/13/2020,Alexandria,6215,396,82
12/13/2020,Fairfax,36933,2727,657
12/13/2020,Richmond,7636,521,86
12/13/2020,Arlington,7395,612,164
12/13/2020,"Rappahannock Rapidan",5481,251,62
12/13/2020,Rappahannock,9856,523,101
12/13/2020,Pittsylvania-Danville,4117,273,84
12/13/2020,"Prince William",24562,1345,278
12/13/2020,"Cumberland Plateau",3680,191,46
12/13/2020,Portsmouth,3593,383,73
12/13/2020,"Virginia Beach",13063,606,125
12/13/2020,"West Piedmont",5549,413,120
12/13/2020,"Three Rivers",3456,196,50
12/13/2020,Alleghany,6606,189,101
12/13/2020,Lenowisco,3763,205,88
12/13/2020,Norfolk,7368,509,99
12/13/2020,"Western Tidewater",6043,323,167
12/13/2020,Henrico,9989,634,269
12/13/2020,"Central Shenandoah",12077,447,128
12/13/2020,Loudoun,11788,584,151
12/13/2020,Chesterfield,11890,609,180
12/13/2020,Peninsula,7600,319,103
12/14/2020,Southside,2549,120,69
12/14/2020,Chesapeake,7620,567,88
12/14/2020,"Thomas Jefferson",6320,314,84
12/14/2020,Roanoke,4658,136,81
12/14/2020,"Eastern Shore",1875,164,52
12/14/2020,"Mount Rogers",8363,515,182
12/14/2020,Chickahominy,4135,248,79
12/14/2020,"New River",7706,199,73
12/14/2020,"Central Virginia",8931,289,96
12/14/2020,Piedmont,3919,221,69
12/14/2020,"Lord Fairfax",8135,479,164
12/14/2020,Crater,6451,364,124
12/14/2020,Hampton,3411,160,38
12/14/2020,Alexandria,6260,396,82
12/14/2020,Fairfax,37440,2728,657
12/14/2020,Richmond,7704,524,86
12/14/2020,Arlington,7463,612,164
12/14/2020,"Rappahannock Rapidan",5540,259,62
12/14/2020,Rappahannock,10076,524,101
12/14/2020,Pittsylvania-Danville,4117,273,84
12/14/2020,"Prince William",24674,1351,278
12/14/2020,"Cumberland Plateau",3748,194,46
12/14/2020,Portsmouth,3623,385,73
12/14/2020,"Virginia Beach",13191,607,125
12/14/2020,"West Piedmont",5586,413,120
12/14/2020,"Three Rivers",3592,198,51
12/14/2020,Alleghany,6639,189,101
12/14/2020,Lenowisco,3819,205,88
12/14/2020,Norfolk,7395,509,99
12/14/2020,"Western Tidewater",6129,328,167
12/14/2020,Henrico,10087,635,269
12/14/2020,"Central Shenandoah",12397,450,128
12/14/2020,Loudoun,11937,584,151
12/14/2020,Chesterfield,11962,611,180
12/14/2020,Peninsula,7697,322,103
12/15/2020,Southside,2584,121,70
12/15/2020,Chesapeake,7719,567,89
12/15/2020,"Thomas Jefferson",6360,317,85
12/15/2020,Roanoke,4659,137,81
12/15/2020,"Eastern Shore",1905,164,52
12/15/2020,"Mount Rogers",8423,517,185
12/15/2020,Chickahominy,4184,251,80
12/15/2020,"New River",7813,200,75
12/15/2020,"Central Virginia",9094,293,97
12/15/2020,Piedmont,3934,223,69
12/15/2020,"Lord Fairfax",8290,482,165
12/15/2020,Crater,6508,367,124
12/15/2020,Hampton,3485,161,39
12/15/2020,Alexandria,6315,398,82
12/15/2020,Fairfax,37779,2735,663
12/15/2020,Richmond,7779,526,86
12/15/2020,Arlington,7525,615,164
12/15/2020,"Rappahannock Rapidan",5563,259,62
12/15/2020,Rappahannock,10178,529,103
12/15/2020,Pittsylvania-Danville,4166,276,86
12/15/2020,"Prince William",24859,1355,281
12/15/2020,"Cumberland Plateau",3895,195,46
12/15/2020,Portsmouth,3642,386,73
12/15/2020,"Virginia Beach",13317,611,126
12/15/2020,"West Piedmont",5638,415,120
12/15/2020,"Three Rivers",3595,198,51
12/15/2020,Alleghany,6696,190,105
12/15/2020,Lenowisco,3848,211,92
12/15/2020,Norfolk,7503,514,100
12/15/2020,"Western Tidewater",6177,333,169
12/15/2020,Henrico,10169,636,270
12/15/2020,"Central Shenandoah",12688,463,136
12/15/2020,Loudoun,12029,595,154
12/15/2020,Chesterfield,12153,618,182
12/15/2020,Peninsula,7837,329,108
12/16/2020,Southside,2615,122,70
12/16/2020,Chesapeake,7890,572,89
12/16/2020,"Thomas Jefferson",6423,319,85
12/16/2020,Roanoke,4693,137,80
12/16/2020,"Eastern Shore",1914,166,53
12/16/2020,"Mount Rogers",8595,527,187
12/16/2020,Chickahominy,4239,251,80
12/16/2020,"New River",7892,200,75
12/16/2020,"Central Virginia",9306,297,101
12/16/2020,Piedmont,3999,224,70
12/16/2020,"Lord Fairfax",8426,483,165
12/16/2020,Crater,6582,367,124
12/16/2020,Hampton,3553,166,41
12/16/2020,Alexandria,6367,401,82
12/16/2020,Fairfax,38089,2755,664
12/16/2020,Richmond,7845,529,86
12/16/2020,Arlington,7594,629,166
12/16/2020,"Rappahannock Rapidan",5634,264,62
12/16/2020,Rappahannock,10332,535,106
12/16/2020,Pittsylvania-Danville,4266,277,86
12/16/2020,"Prince William",25126,1359,281
12/16/2020,"Cumberland Plateau",4037,197,48
12/16/2020,Portsmouth,3677,387,73
12/16/2020,"Virginia Beach",13452,644,129
12/16/2020,"West Piedmont",5714,416,120
12/16/2020,"Three Rivers",3689,201,51
12/16/2020,Alleghany,6910,191,106
12/16/2020,Lenowisco,3913,214,103
12/16/2020,Norfolk,7572,516,101
12/16/2020,"Western Tidewater",6235,336,172
12/16/2020,Henrico,10260,640,271
12/16/2020,"Central Shenandoah",12890,473,136
12/16/2020,Loudoun,12193,601,154
12/16/2020,Chesterfield,12300,621,183
12/16/2020,Peninsula,8018,336,108
12/17/2020,Southside,2646,122,71
12/17/2020,Chesapeake,8031,574,92
12/17/2020,"Thomas Jefferson",6523,330,87
12/17/2020,Roanoke,4754,136,83
12/17/2020,"Eastern Shore",1928,168,54
12/17/2020,"Mount Rogers",8760,537,188
12/17/2020,Chickahominy,4268,252,83
12/17/2020,"New River",8019,200,78
12/17/2020,"Central Virginia",9472,303,102
12/17/2020,Piedmont,4002,224,70
12/17/2020,"Lord Fairfax",8616,488,167
12/17/2020,Crater,6634,371,124
12/17/2020,Hampton,3636,177,42
12/17/2020,Alexandria,6421,407,82
12/17/2020,Fairfax,38490,2774,665
12/17/2020,Richmond,7905,529,87
12/17/2020,Arlington,7661,631,167
12/17/2020,"Rappahannock Rapidan",5749,268,62
12/17/2020,Rappahannock,10439,536,107
12/17/2020,Pittsylvania-Danville,4303,278,87
12/17/2020,"Prince William",25434,1363,283
12/17/2020,"Cumberland Plateau",4111,203,50
12/17/2020,Portsmouth,3722,389,73
12/17/2020,"Virginia Beach",13652,649,130
12/17/2020,"West Piedmont",5788,418,120
12/17/2020,"Three Rivers",3741,201,54
12/17/2020,Alleghany,7021,198,109
12/17/2020,Lenowisco,3975,216,104
12/17/2020,Norfolk,7635,524,101
12/17/2020,"Western Tidewater",6302,340,172
12/17/2020,Henrico,10345,642,271
12/17/2020,"Central Shenandoah",13256,477,139
12/17/2020,Loudoun,12297,612,155
12/17/2020,Chesterfield,12412,627,186
12/17/2020,Peninsula,8145,339,108
12/18/2020,Southside,2667,123,72
12/18/2020,Chesapeake,8168,581,92
12/18/2020,"Thomas Jefferson",6552,335,88
12/18/2020,Roanoke,4797,137,84
12/18/2020,"Eastern Shore",1937,168,54
12/18/2020,"Mount Rogers",8861,550,197
12/18/2020,Chickahominy,4316,256,84
12/18/2020,"New River",8085,216,83
12/18/2020,"Central Virginia",9528,304,104
12/18/2020,Piedmont,4075,227,70
12/18/2020,"Lord Fairfax",8731,492,167
12/18/2020,Crater,6665,372,124
12/18/2020,Hampton,3678,178,43
12/18/2020,Alexandria,6456,409,82
12/18/2020,Fairfax,38885,2792,667
12/18/2020,Richmond,7961,535,88
12/18/2020,Arlington,7710,633,168
12/18/2020,"Rappahannock Rapidan",5805,270,62
12/18/2020,Rappahannock,10583,542,109
12/18/2020,Pittsylvania-Danville,4394,279,88
12/18/2020,"Prince William",25663,1373,284
12/18/2020,"Cumberland Plateau",4183,205,51
12/18/2020,Portsmouth,3760,398,74
12/18/2020,"Virginia Beach",13840,667,132
12/18/2020,"West Piedmont",5846,421,120
12/18/2020,"Three Rivers",3821,204,55
12/18/2020,Alleghany,7109,205,114
12/18/2020,Lenowisco,4042,220,104
12/18/2020,Norfolk,7684,525,101
12/18/2020,"Western Tidewater",6349,346,172
12/18/2020,Henrico,10488,650,272
12/18/2020,"Central Shenandoah",13439,481,139
12/18/2020,Loudoun,12386,616,155
12/18/2020,Chesterfield,12609,632,189
12/18/2020,Peninsula,8315,342,110
12/19/2020,Southside,2690,124,74
12/19/2020,Chesapeake,8270,584,94
12/19/2020,"Thomas Jefferson",6613,336,89
12/19/2020,Roanoke,4838,137,86
12/19/2020,"Eastern Shore",1956,168,56
12/19/2020,"Mount Rogers",9076,561,204
12/19/2020,Chickahominy,4356,256,85
12/19/2020,"New River",8238,221,85
12/19/2020,"Central Virginia",9709,305,104
12/19/2020,Piedmont,4144,229,70
12/19/2020,"Lord Fairfax",8849,494,167
12/19/2020,Crater,6694,377,124
12/19/2020,Hampton,3742,185,43
12/19/2020,Alexandria,6533,411,83
12/19/2020,Fairfax,39149,2806,669
12/19/2020,Richmond,8096,535,90
12/19/2020,Arlington,7821,633,168
12/19/2020,"Rappahannock Rapidan",5897,275,62
12/19/2020,Rappahannock,10663,548,111
12/19/2020,Pittsylvania-Danville,4419,282,89
12/19/2020,"Prince William",25862,1383,284
12/19/2020,"Cumberland Plateau",4267,211,55
12/19/2020,Portsmouth,3826,403,75
12/19/2020,"Virginia Beach",13992,676,132
12/19/2020,"West Piedmont",5934,426,122
12/19/2020,"Three Rivers",3874,205,55
12/19/2020,Alleghany,7194,207,117
12/19/2020,Lenowisco,4121,226,104
12/19/2020,Norfolk,7723,530,101
12/19/2020,"Western Tidewater",6428,350,173
12/19/2020,Henrico,10621,652,275
12/19/2020,"Central Shenandoah",13666,485,142
12/19/2020,Loudoun,12503,620,155
12/19/2020,Chesterfield,12742,635,189
12/19/2020,Peninsula,8466,348,111
12/20/2020,Southside,2714,124,74
12/20/2020,Chesapeake,8362,584,94
12/20/2020,"Thomas Jefferson",6729,339,89
12/20/2020,Roanoke,4877,137,86
12/20/2020,"Eastern Shore",1977,171,56
12/20/2020,"Mount Rogers",9247,566,206
12/20/2020,Chickahominy,4420,257,85
12/20/2020,"New River",8298,221,85
12/20/2020,"Central Virginia",9862,305,104
12/20/2020,Piedmont,4209,229,70
12/20/2020,"Lord Fairfax",8924,495,167
12/20/2020,Crater,6757,378,124
12/20/2020,Hampton,3833,185,43
12/20/2020,Alexandria,6660,413,83
12/20/2020,Fairfax,39637,2811,670
12/20/2020,Richmond,8225,535,90
12/20/2020,Arlington,7975,634,168
12/20/2020,"Rappahannock Rapidan",5952,278,62
12/20/2020,Rappahannock,10761,551,114
12/20/2020,Pittsylvania-Danville,4472,282,89
12/20/2020,"Prince William",26117,1385,284
12/20/2020,"Cumberland Plateau",4290,211,55
12/20/2020,Portsmouth,3895,404,75
12/20/2020,"Virginia Beach",14226,677,132
12/20/2020,"West Piedmont",5975,428,122
12/20/2020,"Three Rivers",3930,208,55
12/20/2020,Alleghany,7284,208,117
12/20/2020,Lenowisco,4215,227,105
12/20/2020,Norfolk,7767,530,101
12/20/2020,"Western Tidewater",6561,355,173
12/20/2020,Henrico,10797,653,275
12/20/2020,"Central Shenandoah",13847,488,142
12/20/2020,Loudoun,12682,620,155
12/20/2020,Chesterfield,12798,639,189
12/20/2020,Peninsula,8573,350,111
12/21/2020,Southside,2722,125,74
12/21/2020,Chesapeake,8435,584,94
12/21/2020,"Thomas Jefferson",6771,340,89
12/21/2020,Roanoke,4891,137,86
12/21/2020,"Eastern Shore",1985,173,56
12/21/2020,"Mount Rogers",9302,577,206
12/21/2020,Chickahominy,4564,257,85
12/21/2020,"New River",8411,221,85
12/21/2020,"Central Virginia",9968,305,104
12/21/2020,Piedmont,4278,229,70
12/21/2020,"Lord Fairfax",9049,498,167
12/21/2020,Crater,6839,380,124
12/21/2020,Hampton,3930,186,43
12/21/2020,Alexandria,6717,414,83
12/21/2020,Fairfax,40551,2820,670
12/21/2020,Richmond,8349,538,90
12/21/2020,Arlington,8054,634,169
12/21/2020,"Rappahannock Rapidan",6019,279,62
12/21/2020,Rappahannock,11074,553,114
12/21/2020,Pittsylvania-Danville,4504,284,90
12/21/2020,"Prince William",26282,1386,284
12/21/2020,"Cumberland Plateau",4320,213,55
12/21/2020,Portsmouth,3947,405,75
12/21/2020,"Virginia Beach",14436,677,132
12/21/2020,"West Piedmont",6041,430,122
12/21/2020,"Three Rivers",3978,210,55
12/21/2020,Alleghany,7359,208,117
12/21/2020,Lenowisco,4268,228,105
12/21/2020,Norfolk,7823,531,101
12/21/2020,"Western Tidewater",6631,361,175
12/21/2020,Henrico,10924,656,275
12/21/2020,"Central Shenandoah",14061,495,142
12/21/2020,Loudoun,12861,621,155
12/21/2020,Chesterfield,12898,641,189
12/21/2020,Peninsula,8648,352,111
12/22/2020,Southside,2760,126,75
12/22/2020,Chesapeake,8547,587,95
12/22/2020,"Thomas Jefferson",6841,342,89
12/22/2020,Roanoke,4923,137,88
12/22/2020,"Eastern Shore",1993,173,56
12/22/2020,"Mount Rogers",9405,584,210
12/22/2020,Chickahominy,4659,257,87
12/22/2020,"New River",8463,226,88
12/22/2020,"Central Virginia",10139,308,107
12/22/2020,Piedmont,4328,230,70
12/22/2020,"Lord Fairfax",9158,498,168
12/22/2020,Crater,6859,386,125
12/22/2020,Hampton,3930,186,43
12/22/2020,Alexandria,6782,418,84
12/22/2020,Fairfax,40921,2845,676
12/22/2020,Richmond,8435,540,90
12/22/2020,Arlington,8121,636,169
12/22/2020,"Rappahannock Rapidan",6051,279,62
12/22/2020,Rappahannock,11211,556,115
12/22/2020,Pittsylvania-Danville,4539,285,90
12/22/2020,"Prince William",26618,1389,284
12/22/2020,"Cumberland Plateau",4443,219,57
12/22/2020,Portsmouth,3991,406,75
12/22/2020,"Virginia Beach",14619,679,134
12/22/2020,"West Piedmont",6113,433,123
12/22/2020,"Three Rivers",4079,218,55
12/22/2020,Alleghany,7413,212,119
12/22/2020,Lenowisco,4316,232,110
12/22/2020,Norfolk,7988,535,102
12/22/2020,"Western Tidewater",6678,363,175
12/22/2020,Henrico,11081,661,284
12/22/2020,"Central Shenandoah",14170,505,143
12/22/2020,Loudoun,12925,628,154
12/22/2020,Chesterfield,13139,648,192
12/22/2020,Peninsula,8843,356,111
12/23/2020,Southside,2808,130,75
12/23/2020,Chesapeake,8659,590,96
12/23/2020,"Thomas Jefferson",6935,345,90
12/23/2020,Roanoke,4959,139,88
12/23/2020,"Eastern Shore",2014,174,56
12/23/2020,"Mount Rogers",9585,588,212
12/23/2020,Chickahominy,4783,256,87
12/23/2020,"New River",8606,230,90
12/23/2020,"Central Virginia",10310,317,108
12/23/2020,Piedmont,4358,231,70
12/23/2020,"Lord Fairfax",9290,508,170
12/23/2020,Crater,6904,389,127
12/23/2020,Hampton,3988,188,43
12/23/2020,Alexandria,6845,421,85
12/23/2020,Fairfax,41225,2877,679
12/23/2020,Richmond,8525,544,91
12/23/2020,Arlington,8222,639,174
12/23/2020,"Rappahannock Rapidan",6132,281,62
12/23/2020,Rappahannock,11368,559,115
12/23/2020,Pittsylvania-Danville,4610,292,95
12/23/2020,"Prince William",27041,1400,286
12/23/2020,"Cumberland Plateau",4623,224,58
12/23/2020,Portsmouth,4045,409,76
12/23/2020,"Virginia Beach",14859,705,140
12/23/2020,"West Piedmont",6213,437,126
12/23/2020,"Three Rivers",4255,222,56
12/23/2020,Alleghany,7618,212,123
12/23/2020,Lenowisco,4372,239,111
12/23/2020,Norfolk,8150,542,104
12/23/2020,"Western Tidewater",6758,365,176
12/23/2020,Henrico,11257,665,285
12/23/2020,"Central Shenandoah",14392,508,144
12/23/2020,Loudoun,13082,628,154
12/23/2020,Chesterfield,13344,658,195
12/23/2020,Peninsula,8998,359,113