Report Date,Health District,Sex,Number of Cases,Number of Hospitalizations,Number of Deaths
2020-09-01,Southside,Not Reported,4,0,0
2020-09-01,Chesapeake,Female,2104,169,22
2020-09-01,Richmond,Female,1946,185,18
2020-09-01,Roanoke,Male,560,19,6
2020-09-01,Fairfax,Not Reported,130,2,5
2020-09-01,Thomas Jefferson,Female,1324,88,26
2020-09-01,Chesapeake,Not Reported,5,0,0
2020-09-01,Cumberland Plateau,Male,258,25,3
2020-09-01,Eastern Shore,Female,732,69,26
2020-09-01,Lord Fairfax,Not Reported,12,0,0
2020-09-01,Rappahannock,Not Reported,8,1,0
2020-09-01,Central Shenandoah,Not Reported,4,0,0
2020-09-01,Peninsula,Male,1811,94,24
2020-09-01,Norfolk,Male,2100,141,30
2020-09-01,Alexandria,Female,1760,136,34
2020-09-01,Lenowisco,Male,356,33,8
2020-09-01,Pittsylvania-Danville,Female,754,57,12
2020-09-01,New River,Not Reported,8,0,0
2020-09-01,Chesterfield,Not Reported,130,0,1
2020-09-01,Loudoun,Male,2948,217,46
2020-09-01,Rappahannock Rapidan,Female,1182,63,12
2020-09-01,Piedmont,Female,549,51,10
2020-09-01,Richmond,Male,1926,187,29
2020-09-01,Crater,Female,1385,134,39
2020-09-01,Portsmouth,Female,1234,98,20
2020-09-01,Arlington,Not Reported,6,0,0
2020-09-01,Mount Rogers,Not Reported,9,0,1
2020-09-01,Thomas Jefferson,Not Reported,3,0,0
2020-09-01,Three Rivers,Not Reported,23,0,0
2020-09-01,Hampton,Male,696,36,7
2020-09-01,Alleghany,Male,557,37,9
2020-09-01,Roanoke,Female,628,26,9
2020-09-01,Loudoun,Not Reported,43,0,0
2020-09-01,Fairfax,Female,9532,891,279
2020-09-01,Western Tidewater,Male,1296,90,47
2020-09-01,Peninsula,Not Reported,16,0,0
2020-09-01,New River,Male,668,26,6
2020-09-01,Central Shenandoah,Male,1591,114,32
2020-09-01,Southside,Male,538,37,17
2020-09-01,Chesterfield,Male,2638,159,58
2020-09-01,Arlington,Female,1759,204,65
2020-09-01,Rappahannock,Male,2104,184,37
2020-09-01,Central Virginia,Male,1102,44,11
2020-09-01,Alleghany,Not Reported,6,0,0
2020-09-01,Henrico,Male,2186,194,90
2020-09-01,Thomas Jefferson,Male,1163,82,24
2020-09-01,Lord Fairfax,Male,1329,131,45
2020-09-01,Three Rivers,Male,748,46,9
2020-09-01,Richmond,Not Reported,48,2,2
2020-09-01,Pittsylvania-Danville,Male,629,41,8
2020-09-01,Portsmouth,Not Reported,3,0,0
2020-09-01,Norfolk,Not Reported,2,0,0
2020-09-01,Chesapeake,Male,1702,159,26
2020-09-01,Chickahominy,Female,709,70,22
2020-09-01,Prince William,Male,6475,588,122
2020-09-01,Eastern Shore,Not Reported,9,0,0
2020-09-01,Eastern Shore,Male,711,67,22
2020-09-01,Rappahannock Rapidan,Male,1106,89,18
2020-09-01,Henrico,Not Reported,26,0,0
2020-09-01,Cumberland Plateau,Female,292,23,5
2020-09-01,West Piedmont,Male,696,89,20
2020-09-01,Hampton,Not Reported,5,0,0
2020-09-01,Alexandria,Not Reported,10,0,0
2020-09-01,Western Tidewater,Not Reported,5,0,0
2020-09-01,Cumberland Plateau,Not Reported,0,0,0
2020-09-01,Virginia Beach,Male,2736,155,36
2020-09-01,Alleghany,Female,619,24,13
2020-09-01,Lenowisco,Female,361,29,4
2020-09-01,Virginia Beach,Not Reported,15,0,0
2020-09-01,Western Tidewater,Female,1590,71,44
2020-09-01,Mount Rogers,Male,895,113,45
2020-09-01,Lord Fairfax,Female,1477,115,49
2020-09-01,Piedmont,Not Reported,5,0,0
2020-09-01,Alexandria,Male,1625,162,28
2020-09-01,Pittsylvania-Danville,Not Reported,8,0,0
2020-09-01,West Piedmont,Not Reported,7,0,0
2020-09-01,Loudoun,Female,3017,170,72
2020-09-01,Hampton,Female,861,18,9
2020-09-01,Henrico,Female,2439,187,103
2020-09-01,Prince William,Not Reported,115,1,0
2020-09-01,Chickahominy,Male,536,70,26
2020-09-01,Rappahannock Rapidan,Not Reported,12,0,0
2020-09-01,Peninsula,Female,1944,87,33
2020-09-01,Lenowisco,Not Reported,7,0,0
2020-09-01,Crater,Not Reported,49,1,0
2020-09-01,Chickahominy,Not Reported,7,0,0
2020-09-01,Portsmouth,Male,997,82,16
2020-09-01,New River,Female,659,11,3
2020-09-01,Rappahannock,Female,2377,166,25
2020-09-01,Central Virginia,Female,1241,34,8
2020-09-01,Roanoke,Not Reported,13,0,0
2020-09-01,West Piedmont,Female,919,109,14
2020-09-01,Mount Rogers,Female,1090,69,27
2020-09-01,Piedmont,Male,1158,76,29
2020-09-01,Chesterfield,Female,2756,144,51
2020-09-01,Fairfax,Male,9034,1189,290
2020-09-01,Crater,Male,1762,115,37
2020-09-01,Central Virginia,Not Reported,14,0,0
2020-09-01,Prince William,Female,6692,449,94
2020-09-01,Virginia Beach,Female,3298,166,33
2020-09-01,Norfolk,Female,2304,147,25
2020-09-01,Three Rivers,Female,519,48,11
2020-09-01,Arlington,Male,1795,262,75
2020-09-01,Central Shenandoah,Female,1869,121,30
2020-09-01,Southside,Female,494,32,20
2020-12-15,Southside,Not Reported,16,0,0
2020-12-15,Chesapeake,Female,4029,292,46
2020-12-15,Richmond,Female,4014,263,32
2020-12-15,Roanoke,Male,1986,66,38
2020-12-15,Fairfax,Not Reported,246,2,6
2020-12-15,Thomas Jefferson,Female,3303,160,42
2020-12-15,Chesapeake,Not Reported,19,0,0
2020-12-15,Cumberland Plateau,Male,1749,97,28
2020-12-15,Eastern Shore,Female,985,81,26
2020-12-15,Lord Fairfax,Not Reported,43,0,0
2020-12-15,Rappahannock,Not Reported,144,0,0
2020-12-15,Central Shenandoah,Not Reported,253,0,0
2020-12-15,Peninsula,Male,3728,176,52
2020-12-15,Norfolk,Male,3673,247,53
2020-12-15,Alexandria,Female,3323,179,39
2020-12-15,Lenowisco,Male,1759,112,51
2020-12-15,Pittsylvania-Danville,Female,2328,164,50
2020-12-15,New River,Not Reported,57,0,1
2020-12-15,Chesterfield,Not Reported,183,0,4
2020-12-15,Loudoun,Male,5936,326,64
2020-12-15,Rappahannock Rapidan,Female,2433,107,28
2020-12-15,Piedmont,Female,1462,98,21
2020-12-15,Richmond,Male,3648,262,52
2020-12-15,Crater,Female,2840,198,67
2020-12-15,Portsmouth,Female,1915,214,40
2020-12-15,Arlington,Not Reported,19,0,0
2020-12-15,Mount Rogers,Not Reported,79,2,1
2020-12-15,Thomas Jefferson,Not Reported,13,0,0
2020-12-15,Three Rivers,Not Reported,42,1,0
2020-12-15,Hampton,Male,1593,96,21
2020-12-15,Alleghany,Male,3023,83,39
2020-12-15,Roanoke,Female,2655,71,43
2020-12-15,Loudoun,Not Reported,107,0,0
2020-12-15,Fairfax,Female,19342,1187,310
2020-12-15,Western Tidewater,Male,3119,159,92
2020-12-15,Peninsula,Not Reported,61,0,0
2020-12-15,New River,Male,3638,94,29
2020-12-15,Central Shenandoah,Male,5961,238,72
2020-12-15,Southside,Male,1236,62,31
2020-12-15,Chesterfield,Male,5654,312,93
2020-12-15,Arlington,Female,3732,271,72
2020-09-02,Southside,Not Reported,4,0,0
2020-09-02,Chesapeake,Female,2114,173,22
2020-09-02,Richmond,Female,1959,185,18
2020-09-02,Roanoke,Male,561,19,6
2020-09-02,Fairfax,Not Reported,138,2,5
2020-09-02,Thomas Jefferson,Female,1335,88,28
2020-09-02,Chesapeake,Not Reported,5,0,0
2020-09-02,Cumberland Plateau,Male,262,25,3
2020-09-02,Eastern Shore,Female,732,69,26
2020-09-02,Lord Fairfax,Not Reported,13,0,0
2020-09-02,Rappahannock,Not Reported,7,1,0
2020-09-02,Central Shenandoah,Not Reported,5,0,0
2020-09-02,Peninsula,Male,1824,94,25
2020-09-02,Norfolk,Male,2114,144,31
2020-09-02,Alexandria,Female,1772,138,34
2020-09-02,Lenowisco,Male,361,34,8
2020-09-02,Pittsylvania-Danville,Female,763,58,12
2020-09-02,New River,Not Reported,10,0,0
2020-09-02,Chesterfield,Not Reported,131,0,1
2020-09-02,Loudoun,Male,2969,218,46
2020-09-02,Rappahannock Rapidan,Female,1186,63,12
2020-09-02,Piedmont,Female,550,51,10
2020-09-02,Richmond,Male,1942,186,29
2020-09-02,Crater,Female,1398,135,39
2020-09-02,Portsmouth,Female,1238,101,23
2020-09-02,Arlington,Not Reported,6,0,0
2020-09-02,Mount Rogers,Not Reported,10,0,1
2020-09-02,Thomas Jefferson,Not Reported,3,0,0
2020-09-02,Three Rivers,Not Reported,22,0,0
2020-09-02,Hampton,Male,698,36,7
2020-09-02,Alleghany,Male,555,37,9
2020-09-02,Roanoke,Female,629,26,9
2020-09-02,Loudoun,Not Reported,49,0,0
2020-09-02,Fairfax,Female,9581,891,279
2020-09-02,Western Tidewater,Male,1309,90,48
2020-09-02,Peninsula,Not Reported,15,0,0
2020-09-02,New River,Male,724,26,6
2020-09-02,Central Shenandoah,Male,1630,114,32
2020-09-02,Southside,Male,546,39,17
2020-09-02,Chesterfield,Male,2659,160,58
2020-09-02,Arlington,Female,1761,206,65
2020-09-02,Rappahannock,Male,2115,184,37
2020-09-02,Central Virginia,Male,1119,44,11
2020-09-02,Alleghany,Not Reported,6,0,0
2020-09-02,Henrico,Male,2198,194,90
2020-09-02,Thomas Jefferson,Male,1177,82,25
2020-09-02,Lord Fairfax,Male,1334,133,47
2020-09-02,Three Rivers,Male,753,46,9
2020-09-02,Richmond,Not Reported,49,2,2
2020-09-02,Pittsylvania-Danville,Male,636,42,8
2020-09-02,Portsmouth,Not Reported,3,0,0
2020-09-02,Norfolk,Not Reported,2,0,0
2020-09-02,Chesapeake,Male,1707,161,27
2020-09-02,Chickahominy,Female,714,72,22
2020-09-02,Prince William,Male,6503,590,124
2020-09-02,Eastern Shore,Not Reported,9,0,0
2020-09-02,Eastern Shore,Male,711,67,22
2020-09-02,Rappahannock Rapidan,Male,1112,89,19
2020-09-02,Henrico,Not Reported,26,0,0
2020-09-02,Cumberland Plateau,Female,292,23,5
2020-09-02,West Piedmont,Male,708,90,21
2020-09-02,Hampton,Not Reported,5,0,0
2020-09-02,Alexandria,Not Reported,10,0,0
2020-09-02,Western Tidewater,Not Reported,5,0,0
2020-09-02,Cumberland Plateau,Not Reported,0,0,0
2020-09-02,Virginia Beach,Male,2748,156,37
2020-09-02,Alleghany,Female,624,25,13
2020-09-02,Lenowisco,Female,363,29,4
2020-09-02,Virginia Beach,Not Reported,15,0,0
2020-09-02,Western Tidewater,Female,1600,71,45
2020-09-02,Mount Rogers,Male,909,117,45
2020-09-02,Lord Fairfax,Female,1485,115,50
2020-09-02,Piedmont,Not Reported,5,0,0
2020-09-02,Alexandria,Male,1633,162,28
2020-09-02,Pittsylvania-Danville,Not Reported,8,0,0
2020-09-02,West Piedmont,Not Reported,7,0,0
2020-09-02,Loudoun,Female,3035,171,72
2020-09-02,Hampton,Female,867,18,9
2020-09-02,Henrico,Female,2446,187,104
2020-09-02,Prince William,Not Reported,112,1,0
2020-09-02,Chickahominy,Male,540,71,26
2020-09-02,Rappahannock Rapidan,Not Reported,12,0,0
2020-09-02,Peninsula,Female,1964,87,33
2020-09-02,Lenowisco,Not Reported,7,0,0
2020-09-02,Crater,Not Reported,49,1,0
2020-09-02,Chickahominy,Not Reported,6,0,0
2020-09-02,Portsmouth,Male,1001,85,18
2020-09-02,New River,Female,712,11,3
2020-09-02,Rappahannock,Female,2398,167,26
2020-09-02,Central Virginia,Female,1253,36,8
2020-09-02,Roanoke,Not Reported,13,0,0
2020-09-02,West Piedmont,Female,927,110,15
2020-09-02,Mount Rogers,Female,1118,70,28
2020-09-02,Piedmont,Male,1170,76,29
2020-09-02,Chesterfield,Female,2776,144,51
2020-09-02,Fairfax,Male,9074,1193,291
2020-09-02,Crater,Male,1781,117,38
2020-09-02,Central Virginia,Not Reported,13,0,0
2020-09-02,Prince William,Female,6713,450,94
2020-09-02,Virginia Beach,Female,3318,168,33
2020-09-02,Norfolk,Female,2313,147,26
2020-09-02,Three Rivers,Female,523,48,11
2020-09-02,Arlington,Male,1802,263,76
2020-09-02,Central Shenandoah,Female,1916,122,30
2020-09-02,Southside,Female,502,32,20
2020-12-15,Rappahannock,Male,4727,275,58
2020-12-15,Central Virginia,Male,4117,149,54
2020-12-15,Alleghany,Not Reported,122,0,2
2020-12-15,Henrico,Male,4656,307,123
2020-12-15,Thomas Jefferson,Male,3044,157,43
2020-12-15,Lord Fairfax,Male,3752,254,84
2020-12-15,Three Rivers,Male,1797,99,26
2020-12-15,Richmond,Not Reported,117,1,2
2020-12-15,Pittsylvania-Danville,Male,1814,110,35
2020-12-15,Portsmouth,Not Reported,3,0,0
2020-12-15,Norfolk,Not Reported,16,0,0
2020-12-15,Chesapeake,Male,3671,275,43
2020-12-15,Chickahominy,Female,2149,121,42
2020-12-15,Prince William,Male,12006,758,164
2020-12-15,Eastern Shore,Not Reported,9,0,0
2020-12-15,Eastern Shore,Male,911,83,26
2020-12-15,Rappahannock Rapidan,Male,2868,150,34
2020-12-15,Henrico,Not Reported,116,1,0
2020-12-15,Cumberland Plateau,Female,1989,98,18
2020-12-15,West Piedmont,Male,2465,200,61
2020-12-15,Hampton,Not Reported,21,0,0
2020-12-15,Alexandria,Not Reported,18,0,0
2020-12-15,Western Tidewater,Not Reported,7,0,2
2020-12-15,Cumberland Plateau,Not Reported,157,0,0
2020-12-15,Virginia Beach,Male,6224,304,65
2020-12-15,Alleghany,Female,3551,107,64
2020-12-15,Lenowisco,Female,2014,98,41
2020-12-15,Virginia Beach,Not Reported,76,0,0
2020-12-15,Western Tidewater,Female,3051,174,75
2020-12-15,Mount Rogers,Male,3775,269,85
2020-12-15,Lord Fairfax,Female,4495,228,81
2020-12-15,Piedmont,Not Reported,11,0,0
2020-12-15,Alexandria,Male,2974,219,43
2020-12-15,Pittsylvania-Danville,Not Reported,24,2,1
2020-12-15,West Piedmont,Not Reported,16,2,1
2020-12-15,Loudoun,Female,5986,269,90
2020-12-15,Hampton,Female,1871,65,18
2020-12-15,Henrico,Female,5397,328,147
2020-12-15,Prince William,Not Reported,223,2,0
2020-12-15,Chickahominy,Male,1976,130,38
2020-12-15,Rappahannock Rapidan,Not Reported,262,2,0
2020-09-03,Southside,Not Reported,4,0,0
2020-09-03,Chesapeake,Female,2130,177,22
2020-09-03,Richmond,Female,1994,188,18
2020-09-03,Roanoke,Male,557,19,6
2020-09-03,Fairfax,Not Reported,137,2,5
2020-09-03,Thomas Jefferson,Female,1359,88,30
2020-09-03,Chesapeake,Not Reported,5,0,0
2020-09-03,Cumberland Plateau,Male,264,25,4
2020-09-03,Eastern Shore,Female,735,69,26
2020-09-03,Lord Fairfax,Not Reported,13,0,0
2020-09-03,Rappahannock,Not Reported,7,1,0
2020-09-03,Central Shenandoah,Not Reported,6,0,0
2020-09-03,Peninsula,Male,1848,94,25
2020-09-03,Norfolk,Male,2124,149,33
2020-09-03,Alexandria,Female,1784,138,34
2020-09-03,Lenowisco,Male,369,35,8
2020-09-03,Pittsylvania-Danville,Female,780,61,12
2020-09-03,New River,Not Reported,13,0,0
2020-09-03,Chesterfield,Not Reported,130,0,1
2020-09-03,Loudoun,Male,2972,218,46
2020-09-03,Rappahannock Rapidan,Female,1197,64,12
2020-09-03,Piedmont,Female,553,51,10
2020-09-03,Richmond,Male,1983,186,29
2020-09-03,Crater,Female,1410,135,39
2020-09-03,Portsmouth,Female,1249,102,23
2020-09-03,Arlington,Not Reported,6,0,0
2020-09-03,Mount Rogers,Not Reported,13,0,1
2020-09-03,Thomas Jefferson,Not Reported,3,0,0
2020-09-03,Three Rivers,Not Reported,22,0,0
2020-09-03,Hampton,Male,707,36,7
2020-09-03,Alleghany,Male,563,37,9
2020-09-03,Roanoke,Female,629,27,9
2020-09-03,Loudoun,Not Reported,51,0,0
2020-09-03,Fairfax,Female,9621,900,279
2020-09-03,Western Tidewater,Male,1327,90,48
2020-09-03,Peninsula,Not Reported,15,0,0
2020-09-03,New River,Male,763,26,6
2020-09-03,Central Shenandoah,Male,1662,114,32
2020-09-03,Southside,Male,556,39,17
2020-09-03,Chesterfield,Male,2677,160,58
2020-09-03,Arlington,Female,1772,206,65
2020-09-03,Rappahannock,Male,2135,186,37
2020-09-03,Central Virginia,Male,1147,44,11
2020-09-03,Alleghany,Not Reported,6,0,0
2020-09-03,Henrico,Male,2218,194,90
2020-09-03,Thomas Jefferson,Male,1200,83,26
2020-09-03,Lord Fairfax,Male,1336,133,47
2020-09-03,Three Rivers,Male,760,46,9
2020-09-03,Richmond,Not Reported,50,2,2
2020-09-03,Pittsylvania-Danville,Male,649,43,8
2020-09-03,Portsmouth,Not Reported,3,0,0
2020-09-03,Norfolk,Not Reported,2,0,0
2020-09-03,Chesapeake,Male,1724,162,27
2020-09-03,Chickahominy,Female,729,72,22
2020-09-03,Prince William,Male,6541,591,125
2020-09-03,Eastern Shore,Not Reported,9,0,0
2020-09-03,Eastern Shore,Male,711,67,22
2020-09-03,Rappahannock Rapidan,Male,1114,90,19
2020-09-03,Henrico,Not Reported,26,0,0
2020-09-03,Cumberland Plateau,Female,294,23,5
2020-09-03,West Piedmont,Male,720,90,21
2020-09-03,Hampton,Not Reported,5,0,0
2020-09-03,Alexandria,Not Reported,10,0,0
2020-09-03,Western Tidewater,Not Reported,5,0,0
2020-09-03,Cumberland Plateau,Not Reported,0,0,0
2020-09-03,Virginia Beach,Male,2772,156,37
2020-09-03,Alleghany,Female,638,25,13
2020-09-03,Lenowisco,Female,368,30,4
2020-09-03,Virginia Beach,Not Reported,15,0,0
2020-09-03,Western Tidewater,Female,1629,71,45
2020-09-03,Mount Rogers,Male,920,119,46
2020-09-03,Lord Fairfax,Female,1491,117,50
2020-09-03,Piedmont,Not Reported,5,0,0
2020-09-03,Alexandria,Male,1642,163,28
2020-09-03,Pittsylvania-Danville,Not Reported,8,0,0
2020-09-03,West Piedmont,Not Reported,8,0,0
2020-09-03,Loudoun,Female,3054,173,72
2020-09-03,Hampton,Female,877,18,9
2020-09-03,Henrico,Female,2463,189,104
2020-09-03,Prince William,Not Reported,116,1,0
2020-09-03,Chickahominy,Male,545,71,26
2020-09-03,Rappahannock Rapidan,Not Reported,12,0,0
2020-09-03,Peninsula,Female,1989,87,33
2020-09-03,Lenowisco,Not Reported,7,0,0
2020-09-03,Crater,Not Reported,50,1,0
2020-09-03,Chickahominy,Not Reported,6,0,0
2020-09-03,Portsmouth,Male,1006,86,19
2020-09-03,New River,Female,758,11,3
2020-09-03,Rappahannock,Female,2410,167,25
2020-09-03,Central Virginia,Female,1274,37,8
2020-09-03,Roanoke,Not Reported,13,0,0
2020-09-03,West Piedmont,Female,936,110,15
2020-09-03,Mount Rogers,Female,1139,70,28
2020-09-03,Piedmont,Male,1175,76,30
2020-09-03,Chesterfield,Female,2799,144,51
2020-09-03,Fairfax,Male,9100,1198,292
2020-09-03,Crater,Male,1800,117,39
2020-09-03,Central Virginia,Not Reported,13,0,0
2020-09-03,Prince William,Female,6757,453,94
2020-09-03,Virginia Beach,Female,3341,170,33
2020-09-03,Norfolk,Female,2324,151,26
2020-09-03,Three Rivers,Female,535,48,11
2020-09-03,Arlington,Male,1809,264,76
2020-09-03,Central Shenandoah,Female,1952,123,30
2020-09-03,Southside,Female,508,32,20
2020-12-15,Peninsula,Female,4048,153,56
2020-12-15,Lenowisco,Not Reported,75,1,0
2020-12-15,Crater,Not Reported,74,3,0
2020-12-15,Chickahominy,Not Reported,59,0,0
2020-12-15,Portsmouth,Male,1724,172,33
2020-12-15,New River,Female,4118,106,45
2020-12-15,Rappahannock,Female,5307,254,45
2020-12-15,Central Virginia,Female,4718,142,42
2020-12-15,Roanoke,Not Reported,18,0,0
2020-12-15,West Piedmont,Female,3157,213,58
2020-12-15,Mount Rogers,Female,4569,246,99
2020-12-15,Piedmont,Male,2461,125,48
2020-12-15,Chesterfield,Female,6316,306,85
2020-12-15,Fairfax,Male,18191,1546,347
2020-12-15,Crater,Male,3594,166,57
2020-12-15,Central Virginia,Not Reported,259,2,1
2020-12-15,Prince William,Female,12630,595,117
2020-12-15,Virginia Beach,Female,7017,307,61
2020-12-15,Norfolk,Female,3814,267,47
2020-12-15,Three Rivers,Female,1756,98,25
2020-12-15,Arlington,Male,3774,344,92
2020-12-15,Central Shenandoah,Female,6474,225,64
2020-12-15,Southside,Female,1332,59,39
2020-12-23,Southside,Not Reported,22,0,0
2020-12-23,Chesapeake,Female,4541,304,49
2020-12-23,Richmond,Female,4423,274,34
2020-12-23,Roanoke,Male,2132,67,43
2020-12-23,Fairfax,Not Reported,281,3,8
2020-12-23,Thomas Jefferson,Female,3615,173,45
2020-12-23,Chesapeake,Not Reported,24,0,1
2020-12-23,Cumberland Plateau,Male,2091,111,35
2020-12-23,Eastern Shore,Female,1044,84,27
2020-12-23,Lord Fairfax,Not Reported,58,0,1
2020-12-23,Rappahannock,Not Reported,169,0,0
2020-12-23,Central Shenandoah,Not Reported,323,1,1
2020-12-23,Peninsula,Male,4192,191,56
2020-12-23,Norfolk,Male,4006,258,54
2020-12-23,Alexandria,Female,3597,188,39
2020-12-23,Lenowisco,Male,2020,125,57
2020-12-23,Pittsylvania-Danville,Female,2564,173,57
2020-12-23,New River,Not Reported,72,0,2
2020-09-04,Southside,Not Reported,4,0,0
2020-09-04,Chesapeake,Female,2145,177,22
2020-09-04,Richmond,Female,2008,188,18
2020-09-04,Roanoke,Male,569,22,6
2020-09-04,Fairfax,Not Reported,137,2,5
2020-09-04,Thomas Jefferson,Female,1372,88,31
2020-09-04,Chesapeake,Not Reported,5,0,0
2020-09-04,Cumberland Plateau,Male,266,25,4
2020-09-04,Eastern Shore,Female,735,69,26
2020-09-04,Lord Fairfax,Not Reported,13,0,0
2020-09-04,Rappahannock,Not Reported,6,1,0
2020-09-04,Central Shenandoah,Not Reported,5,0,0
2020-09-04,Peninsula,Male,1872,94,25
2020-09-04,Norfolk,Male,2132,149,33
2020-09-04,Alexandria,Female,1796,138,34
2020-09-04,Lenowisco,Male,376,35,8
2020-09-04,Pittsylvania-Danville,Female,801,61,12
2020-09-04,New River,Not Reported,13,0,0
2020-09-04,Chesterfield,Not Reported,130,0,1
2020-09-04,Loudoun,Male,3001,220,46
2020-09-04,Rappahannock Rapidan,Female,1199,64,12
2020-09-04,Piedmont,Female,560,51,10
2020-09-04,Richmond,Male,1995,191,29
2020-09-04,Crater,Female,1426,135,39
2020-09-04,Portsmouth,Female,1256,104,23
2020-09-04,Arlington,Not Reported,6,0,0
2020-09-04,Mount Rogers,Not Reported,13,0,1
2020-09-04,Thomas Jefferson,Not Reported,4,0,0
2020-09-04,Three Rivers,Not Reported,22,0,0
2020-09-04,Hampton,Male,713,36,7
2020-09-04,Alleghany,Male,570,37,9
2020-09-04,Roanoke,Female,638,28,9
2020-09-04,Loudoun,Not Reported,48,0,0
2020-09-04,Fairfax,Female,9662,900,279
2020-09-04,Western Tidewater,Male,1348,90,49
2020-09-04,Peninsula,Not Reported,15,0,0
2020-09-04,New River,Male,822,26,6
2020-09-04,Central Shenandoah,Male,1691,116,33
2020-09-04,Southside,Male,574,39,17
2020-09-04,Chesterfield,Male,2689,163,58
2020-09-04,Arlington,Female,1782,206,66
2020-09-04,Rappahannock,Male,2153,191,40
2020-09-04,Central Virginia,Male,1164,46,11
2020-09-04,Alleghany,Not Reported,6,0,0
2020-09-04,Henrico,Male,2228,196,90
2020-09-04,Thomas Jefferson,Male,1221,83,26
2020-09-04,Lord Fairfax,Male,1340,134,47
2020-09-04,Three Rivers,Male,768,46,9
2020-09-04,Richmond,Not Reported,49,2,2
2020-09-04,Pittsylvania-Danville,Male,665,43,8
2020-09-04,Portsmouth,Not Reported,3,0,0
2020-09-04,Norfolk,Not Reported,2,0,0
2020-09-04,Chesapeake,Male,1737,165,27
2020-09-04,Chickahominy,Female,739,72,22
2020-09-04,Prince William,Male,6584,592,125
2020-09-04,Eastern Shore,Not Reported,9,0,0
2020-09-04,Eastern Shore,Male,711,67,22
2020-09-04,Rappahannock Rapidan,Male,1124,92,19
2020-09-04,Henrico,Not Reported,26,0,0
2020-09-04,Cumberland Plateau,Female,297,24,5
2020-09-04,West Piedmont,Male,728,92,21
2020-09-04,Hampton,Not Reported,5,0,0
2020-09-04,Alexandria,Not Reported,10,0,0
2020-09-04,Western Tidewater,Not Reported,3,0,0
2020-09-04,Cumberland Plateau,Not Reported,0,0,0
2020-09-04,Virginia Beach,Male,2787,157,38
2020-09-04,Alleghany,Female,648,26,14
2020-09-04,Lenowisco,Female,375,31,4
2020-09-04,Virginia Beach,Not Reported,15,0,0
2020-09-04,Western Tidewater,Female,1647,72,45
2020-09-04,Mount Rogers,Male,939,121,46
2020-09-04,Lord Fairfax,Female,1493,119,50
2020-09-04,Piedmont,Not Reported,4,0,0
2020-09-04,Alexandria,Male,1653,164,28
2020-09-04,Pittsylvania-Danville,Not Reported,8,0,0
2020-09-04,West Piedmont,Not Reported,7,0,0
2020-09-04,Loudoun,Female,3097,174,72
2020-09-04,Hampton,Female,885,18,9
2020-09-04,Henrico,Female,2484,190,104
2020-09-04,Prince William,Not Reported,114,1,0
2020-09-04,Chickahominy,Male,551,72,26
2020-09-04,Rappahannock Rapidan,Not Reported,14,0,0
2020-09-04,Peninsula,Female,2015,87,33
2020-09-04,Lenowisco,Not Reported,5,0,0
2020-09-04,Crater,Not Reported,50,1,0
2020-09-04,Chickahominy,Not Reported,6,0,0
2020-09-04,Portsmouth,Male,1010,87,19
2020-09-04,New River,Female,833,11,3
2020-09-04,Rappahannock,Female,2420,167,25
2020-09-04,Central Virginia,Female,1298,38,8
2020-09-04,Roanoke,Not Reported,13,0,0
2020-09-04,West Piedmont,Female,956,111,15
2020-09-04,Mount Rogers,Female,1162,70,28
2020-09-04,Piedmont,Male,1178,76,30
2020-09-04,Chesterfield,Female,2815,144,51
2020-09-04,Fairfax,Male,9131,1201,292
2020-09-04,Crater,Male,1813,116,40
2020-09-04,Central Virginia,Not Reported,19,0,0
2020-09-04,Prince William,Female,6785,453,94
2020-09-04,Virginia Beach,Female,3358,170,33
2020-09-04,Norfolk,Female,2334,152,26
2020-09-04,Three Rivers,Female,542,48,11
2020-09-04,Arlington,Male,1817,266,76
2020-09-04,Central Shenandoah,Female,1987,123,30
2020-09-04,Southside,Female,520,32,20
2020-12-16,Southside,Not Reported,16,0,0
2020-12-16,Chesapeake,Female,4124,294,46
2020-12-16,Richmond,Female,4051,264,32
2020-12-16,Roanoke,Male,2004,66,38
2020-12-16,Fairfax,Not Reported,252,2,6
2020-12-16,Thomas Jefferson,Female,3327,161,42
2020-12-16,Chesapeake,Not Reported,19,0,0
2020-12-16,Cumberland Plateau,Male,1823,98,29
2020-12-16,Eastern Shore,Female,990,81,26
2020-12-16,Lord Fairfax,Not Reported,50,0,0
2020-12-16,Rappahannock,Not Reported,154,0,0
2020-12-16,Central Shenandoah,Not Reported,269,0,0
2020-12-16,Peninsula,Male,3800,177,52
2020-12-16,Norfolk,Male,3708,247,53
2020-12-16,Alexandria,Female,3357,181,39
2020-12-16,Lenowisco,Male,1783,114,53
2020-12-16,Pittsylvania-Danville,Female,2380,164,50
2020-12-16,New River,Not Reported,57,0,1
2020-12-16,Chesterfield,Not Reported,183,0,4
2020-12-16,Loudoun,Male,6017,330,64
2020-12-16,Rappahannock Rapidan,Female,2454,109,28
2020-12-16,Piedmont,Female,1491,99,21
2020-12-16,Richmond,Male,3677,264,52
2020-12-16,Crater,Female,2883,198,67
2020-12-16,Portsmouth,Female,1930,214,40
2020-12-16,Arlington,Not Reported,20,0,0
2020-12-16,Mount Rogers,Not Reported,80,3,2
2020-12-16,Thomas Jefferson,Not Reported,16,0,0
2020-12-16,Three Rivers,Not Reported,42,1,0
2020-12-16,Hampton,Male,1627,98,22
2020-12-16,Alleghany,Male,3126,84,39
2020-12-16,Roanoke,Female,2671,71,42
2020-12-16,Loudoun,Not Reported,109,0,0
2020-12-16,Fairfax,Female,19513,1196,310
2020-12-16,Western Tidewater,Male,3146,160,93
2020-12-16,Peninsula,Not Reported,63,0,0
2020-12-16,New River,Male,3670,94,29
2020-12-16,Central Shenandoah,Male,6040,242,72
2020-12-16,Southside,Male,1252,63,31
2020-12-16,Chesterfield,Male,5724,313,94
2020-12-16,Arlington,Female,3761,277,72
2020-09-05,Southside,Not Reported,4,0,0
2020-09-05,Chesapeake,Female,2149,177,22
2020-09-05,Richmond,Female,2029,188,18
2020-09-05,Roanoke,Male,573,23,6
2020-09-05,Fairfax,Not Reported,138,2,5
2020-09-05,Thomas Jefferson,Female,1387,88,31
2020-09-05,Chesapeake,Not Reported,5,0,0
2020-09-05,Cumberland Plateau,Male,267,25,4
2020-09-05,Eastern Shore,Female,735,69,26
2020-09-05,Lord Fairfax,Not Reported,13,0,0
2020-09-05,Rappahannock,Not Reported,4,0,0
2020-09-05,Central Shenandoah,Not Reported,5,0,0
2020-09-05,Peninsula,Male,1882,94,25
2020-09-05,Norfolk,Male,2138,152,33
2020-09-05,Alexandria,Female,1808,138,34
2020-09-05,Lenowisco,Male,380,35,9
2020-09-05,Pittsylvania-Danville,Female,808,62,13
2020-09-05,New River,Not Reported,13,0,0
2020-09-05,Chesterfield,Not Reported,130,0,1
2020-09-05,Loudoun,Male,3021,220,46
2020-09-05,Rappahannock Rapidan,Female,1200,66,17
2020-09-05,Piedmont,Female,563,51,10
2020-09-05,Richmond,Male,2021,194,29
2020-09-05,Crater,Female,1437,135,39
2020-09-05,Portsmouth,Female,1259,105,23
2020-09-05,Arlington,Not Reported,6,1,0
2020-09-05,Mount Rogers,Not Reported,14,0,1
2020-09-05,Thomas Jefferson,Not Reported,4,0,0
2020-09-05,Three Rivers,Not Reported,22,0,0
2020-09-05,Hampton,Male,720,36,7
2020-09-05,Alleghany,Male,575,38,9
2020-09-05,Roanoke,Female,648,28,9
2020-09-05,Loudoun,Not Reported,47,0,0
2020-09-05,Fairfax,Female,9729,902,279
2020-09-05,Western Tidewater,Male,1358,91,49
2020-09-05,Peninsula,Not Reported,16,0,0
2020-09-05,New River,Male,855,26,6
2020-09-05,Central Shenandoah,Male,1737,120,33
2020-09-05,Southside,Male,586,40,18
2020-09-05,Chesterfield,Male,2703,163,58
2020-09-05,Arlington,Female,1790,207,67
2020-09-05,Rappahannock,Male,2168,195,40
2020-09-05,Central Virginia,Male,1183,46,11
2020-09-05,Alleghany,Not Reported,7,0,0
2020-09-05,Henrico,Male,2237,196,90
2020-09-05,Thomas Jefferson,Male,1233,83,26
2020-09-05,Lord Fairfax,Male,1341,134,48
2020-09-05,Three Rivers,Male,772,46,9
2020-09-05,Richmond,Not Reported,49,2,2
2020-09-05,Pittsylvania-Danville,Male,669,43,8
2020-09-05,Portsmouth,Not Reported,3,0,0
2020-09-05,Norfolk,Not Reported,2,0,0
2020-09-05,Chesapeake,Male,1745,165,27
2020-09-05,Chickahominy,Female,746,72,22
2020-09-05,Prince William,Male,6604,595,125
2020-09-05,Eastern Shore,Not Reported,9,0,0
2020-09-05,Eastern Shore,Male,712,67,22
2020-09-05,Rappahannock Rapidan,Male,1129,94,20
2020-09-05,Henrico,Not Reported,26,0,0
2020-09-05,Cumberland Plateau,Female,302,24,5
2020-09-05,West Piedmont,Male,742,93,21
2020-09-05,Hampton,Not Reported,5,0,0
2020-09-05,Alexandria,Not Reported,10,0,0
2020-09-05,Western Tidewater,Not Reported,2,0,0
2020-09-05,Cumberland Plateau,Not Reported,0,0,0
2020-09-05,Virginia Beach,Male,2800,157,38
2020-09-05,Alleghany,Female,652,27,14
2020-09-05,Lenowisco,Female,380,32,4
2020-09-05,Virginia Beach,Not Reported,15,0,0
2020-09-05,Western Tidewater,Female,1666,72,45
2020-09-05,Mount Rogers,Male,952,121,46
2020-09-05,Lord Fairfax,Female,1495,119,50
2020-09-05,Piedmont,Not Reported,4,0,0
2020-09-05,Alexandria,Male,1658,164,28
2020-09-05,Pittsylvania-Danville,Not Reported,8,0,0
2020-09-05,West Piedmont,Not Reported,7,0,0
2020-09-05,Loudoun,Female,3098,174,72
2020-09-05,Hampton,Female,889,19,9
2020-09-05,Henrico,Female,2494,191,104
2020-09-05,Prince William,Not Reported,113,1,0
2020-09-05,Chickahominy,Male,554,72,26
2020-09-05,Rappahannock Rapidan,Not Reported,13,0,0
2020-09-05,Peninsula,Female,2022,87,33
2020-09-05,Lenowisco,Not Reported,6,0,0
2020-09-05,Crater,Not Reported,49,2,0
2020-09-05,Chickahominy,Not Reported,6,0,0
2020-09-05,Portsmouth,Male,1015,88,20
2020-09-05,New River,Female,882,12,3
2020-09-05,Rappahannock,Female,2436,167,25
2020-09-05,Central Virginia,Female,1310,38,8
2020-09-05,Roanoke,Not Reported,14,0,0
2020-09-05,West Piedmont,Female,981,112,15
2020-09-05,Mount Rogers,Female,1195,71,28
2020-09-05,Piedmont,Male,1183,76,30
2020-09-05,Chesterfield,Female,2845,146,51
2020-09-05,Fairfax,Male,9201,1203,292
2020-09-05,Crater,Male,1826,117,41
2020-09-05,Central Virginia,Not Reported,20,0,0
2020-09-05,Prince William,Female,6813,453,94
2020-09-05,Virginia Beach,Female,3368,170,33
2020-09-05,Norfolk,Female,2341,156,27
2020-09-05,Three Rivers,Female,549,48,11
2020-09-05,Arlington,Male,1824,268,76
2020-09-05,Central Shenandoah,Female,2038,123,30
2020-09-05,Southside,Female,530,32,21
2020-12-16,Rappahannock,Male,4800,280,60
2020-12-16,Central Virginia,Male,4215,153,58
2020-12-16,Alleghany,Not Reported,119,0,2
2020-12-16,Henrico,Male,4693,309,124
2020-12-16,Thomas Jefferson,Male,3080,158,43
2020-12-16,Lord Fairfax,Male,3815,254,84
2020-12-16,Three Rivers,Male,1829,101,26
2020-12-16,Richmond,Not Reported,117,1,2
2020-12-16,Pittsylvania-Danville,Male,1859,111,35
2020-12-16,Portsmouth,Not Reported,3,0,0
2020-12-16,Norfolk,Not Reported,16,0,0
2020-12-16,Chesapeake,Male,3747,278,43
2020-12-16,Chickahominy,Female,2177,121,42
2020-12-16,Prince William,Male,12128,760,164
2020-12-16,Eastern Shore,Not Reported,9,0,0
2020-12-16,Eastern Shore,Male,915,85,27
2020-12-16,Rappahannock Rapidan,Male,2936,152,34
2020-12-16,Henrico,Not Reported,117,1,0
2020-12-16,Cumberland Plateau,Female,2053,99,19
2020-12-16,West Piedmont,Male,2495,201,61
2020-12-16,Hampton,Not Reported,21,0,0
2020-12-16,Alexandria,Not Reported,18,0,0
2020-12-16,Western Tidewater,Not Reported,8,0,2
2020-12-16,Cumberland Plateau,Not Reported,161,0,0
2020-12-16,Virginia Beach,Male,6296,319,67
2020-12-16,Alleghany,Female,3665,107,65
2020-12-16,Lenowisco,Female,2055,99,50
2020-12-16,Virginia Beach,Not Reported,76,0,0
2020-12-16,Western Tidewater,Female,3081,176,77
2020-12-16,Mount Rogers,Male,3839,274,86
2020-12-16,Lord Fairfax,Female,4561,229,81
2020-12-16,Piedmont,Not Reported,12,0,0
2020-12-16,Alexandria,Male,2992,220,43
2020-12-16,Pittsylvania-Danville,Not Reported,27,2,1
2020-12-16,West Piedmont,Not Reported,16,2,1
2020-12-16,Loudoun,Female,6067,271,90
2020-12-16,Hampton,Female,1905,68,19
2020-12-16,Henrico,Female,5450,330,147
2020-12-16,Prince William,Not Reported,223,2,0
2020-12-16,Chickahominy,Male,2003,130,38
2020-12-16,Rappahannock Rapidan,Not Reported,244,3,0
2020-09-06,Southside,Not Reported,4,0,0
2020-09-06,Chesapeake,Female,2165,178,23
2020-09-06,Richmond,Female,2051,189,18
2020-09-06,Roanoke,Male,585,23,6
2020-09-06,Fairfax,Not Reported,138,2,5
2020-09-06,Thomas Jefferson,Female,1407,88,31
2020-09-06,Chesapeake,Not Reported,5,0,0
2020-09-06,Cumberland Plateau,Male,269,25,4
2020-09-06,Eastern Shore,Female,736,69,26
2020-09-06,Lord Fairfax,Not Reported,13,0,0
2020-09-06,Rappahannock,Not Reported,5,0,0
2020-09-06,Central Shenandoah,Not Reported,7,0,0
2020-09-06,Peninsula,Male,1899,94,25
2020-09-06,Norfolk,Male,2141,152,33
2020-09-06,Alexandria,Female,1821,138,34
2020-09-06,Lenowisco,Male,387,36,9
2020-09-06,Pittsylvania-Danville,Female,834,62,13
2020-09-06,New River,Not Reported,15,0,0
2020-09-06,Chesterfield,Not Reported,131,0,1
2020-09-06,Loudoun,Male,3036,220,46
2020-09-06,Rappahannock Rapidan,Female,1209,66,17
2020-09-06,Piedmont,Female,565,51,10
2020-09-06,Richmond,Male,2036,196,29
2020-09-06,Crater,Female,1452,135,39
2020-09-06,Portsmouth,Female,1261,106,23
2020-09-06,Arlington,Not Reported,6,1,0
2020-09-06,Mount Rogers,Not Reported,14,0,1
2020-09-06,Thomas Jefferson,Not Reported,4,0,0
2020-09-06,Three Rivers,Not Reported,22,0,0
2020-09-06,Hampton,Male,725,37,7
2020-09-06,Alleghany,Male,582,38,9
2020-09-06,Roanoke,Female,669,29,9
2020-09-06,Loudoun,Not Reported,47,0,0
2020-09-06,Fairfax,Female,9784,904,279
2020-09-06,Western Tidewater,Male,1366,91,49
2020-09-06,Peninsula,Not Reported,16,0,0
2020-09-06,New River,Male,931,26,6
2020-09-06,Central Shenandoah,Male,1777,121,33
2020-09-06,Southside,Male,598,40,18
2020-09-06,Chesterfield,Male,2706,164,58
2020-09-06,Arlington,Female,1795,207,67
2020-09-06,Rappahannock,Male,2178,196,40
2020-09-06,Central Virginia,Male,1195,46,11
2020-09-06,Alleghany,Not Reported,7,0,0
2020-09-06,Henrico,Male,2251,197,90
2020-09-06,Thomas Jefferson,Male,1253,83,26
2020-09-06,Lord Fairfax,Male,1349,134,48
2020-09-06,Three Rivers,Male,781,46,9
2020-09-06,Richmond,Not Reported,48,2,2
2020-09-06,Pittsylvania-Danville,Male,688,44,8
2020-09-06,Portsmouth,Not Reported,3,0,0
2020-09-06,Norfolk,Not Reported,2,0,0
2020-09-06,Chesapeake,Male,1762,166,27
2020-09-06,Chickahominy,Female,753,72,22
2020-09-06,Prince William,Male,6650,596,125
2020-09-06,Eastern Shore,Not Reported,9,0,0
2020-09-06,Eastern Shore,Male,712,67,22
2020-09-06,Rappahannock Rapidan,Male,1133,94,20
2020-09-06,Henrico,Not Reported,29,0,0
2020-09-06,Cumberland Plateau,Female,306,24,5
2020-09-06,West Piedmont,Male,747,93,21
2020-09-06,Hampton,Not Reported,5,0,0
2020-09-06,Alexandria,Not Reported,10,0,0
2020-09-06,Western Tidewater,Not Reported,2,0,0
2020-09-06,Cumberland Plateau,Not Reported,0,0,0
2020-09-06,Virginia Beach,Male,2817,158,38
2020-09-06,Alleghany,Female,666,27,14
2020-09-06,Lenowisco,Female,390,33,4
2020-09-06,Virginia Beach,Not Reported,16,0,0
2020-09-06,Western Tidewater,Female,1682,75,45
2020-09-06,Mount Rogers,Male,978,123,46
2020-09-06,Lord Fairfax,Female,1500,119,50
2020-09-06,Piedmont,Not Reported,4,0,0
2020-09-06,Alexandria,Male,1669,164,28
2020-09-06,Pittsylvania-Danville,Not Reported,8,0,0
2020-09-06,West Piedmont,Not Reported,7,0,0
2020-09-06,Loudoun,Female,3115,174,72
2020-09-06,Hampton,Female,898,20,9
2020-09-06,Henrico,Female,2515,193,104
2020-09-06,Prince William,Not Reported,114,1,0
2020-09-06,Chickahominy,Male,560,72,26
2020-09-06,Rappahannock Rapidan,Not Reported,16,0,0
2020-09-06,Peninsula,Female,2043,87,33
2020-09-06,Lenowisco,Not Reported,6,0,0
2020-09-06,Crater,Not Reported,60,2,0
2020-09-06,Chickahominy,Not Reported,6,0,0
2020-09-06,Portsmouth,Male,1019,88,20
2020-09-06,New River,Female,979,12,3
2020-09-06,Rappahannock,Female,2457,168,25
2020-09-06,Central Virginia,Female,1330,38,8
2020-09-06,Roanoke,Not Reported,13,0,0
2020-09-06,West Piedmont,Female,990,112,15
2020-09-06,Mount Rogers,Female,1218,71,28
2020-09-06,Piedmont,Male,1183,76,30
2020-09-06,Chesterfield,Female,2848,147,51
2020-09-06,Fairfax,Male,9252,1204,292
2020-09-06,Crater,Male,1848,117,41
2020-09-06,Central Virginia,Not Reported,23,0,0
2020-09-06,Prince William,Female,6866,454,94
2020-09-06,Virginia Beach,Female,3390,170,33
2020-09-06,Norfolk,Female,2341,156,27
2020-09-06,Three Rivers,Female,557,48,11
2020-09-06,Arlington,Male,1831,268,76
2020-09-06,Central Shenandoah,Female,2086,123,30
2020-09-06,Southside,Female,538,33,21
2020-12-16,Peninsula,Female,4155,159,56
2020-12-16,Lenowisco,Not Reported,75,1,0
2020-12-16,Crater,Not Reported,78,3,0
2020-12-16,Chickahominy,Not Reported,59,0,0
2020-12-16,Portsmouth,Male,1744,173,33
2020-12-16,New River,Female,4165,106,45
2020-12-16,Rappahannock,Female,5378,255,46
2020-12-16,Central Virginia,Female,4820,142,42
2020-12-16,Roanoke,Not Reported,18,0,0
2020-12-16,West Piedmont,Female,3203,213,58
2020-12-16,Mount Rogers,Female,4676,250,99
2020-12-16,Piedmont,Male,2496,125,49
2020-12-16,Chesterfield,Female,6393,308,85
2020-12-16,Fairfax,Male,18324,1557,348
2020-12-16,Crater,Male,3621,166,57
2020-12-16,Central Virginia,Not Reported,271,2,1
2020-12-16,Prince William,Female,12775,597,117
2020-12-16,Virginia Beach,Female,7080,325,62
2020-12-16,Norfolk,Female,3848,269,48
2020-12-16,Three Rivers,Female,1818,99,25
2020-12-16,Arlington,Male,3813,352,94
2020-12-16,Central Shenandoah,Female,6581,231,64
2020-12-16,Southside,Female,1347,59,39
2020-12-23,Chesterfield,Not Reported,219,0,4
2020-12-23,Loudoun,Male,6455,344,63
2020-12-23,Rappahannock Rapidan,Female,2696,121,28
2020-12-23,Piedmont,Female,1611,103,21
2020-12-23,Richmond,Male,3967,269,55
2020-12-23,Crater,Female,3063,210,69
2020-12-23,Portsmouth,Female,2118,222,43
2020-12-23,Arlington,Not Reported,25,0,0
2020-12-23,Mount Rogers,Not Reported,104,2,2
2020-12-23,Thomas Jefferson,Not Reported,17,0,0
2020-12-23,Three Rivers,Not Reported,44,1,0
2020-12-23,Hampton,Male,1813,109,23
2020-12-23,Alleghany,Male,3476,94,44
2020-12-23,Roanoke,Female,2808,72,45
2020-12-23,Loudoun,Not Reported,121,0,0
2020-12-23,Fairfax,Female,21064,1263,317
2020-12-23,Western Tidewater,Male,3384,171,93
2020-12-23,Peninsula,Not Reported,65,0,0
2020-09-07,Southside,Not Reported,4,0,0
2020-09-07,Chesapeake,Female,2175,179,23
2020-09-07,Richmond,Female,2062,191,18
2020-09-07,Roanoke,Male,596,23,6
2020-09-07,Fairfax,Not Reported,140,2,5
2020-09-07,Thomas Jefferson,Female,1413,88,31
2020-09-07,Chesapeake,Not Reported,5,0,0
2020-09-07,Cumberland Plateau,Male,269,25,4
2020-09-07,Eastern Shore,Female,736,69,26
2020-09-07,Lord Fairfax,Not Reported,13,0,0
2020-09-07,Rappahannock,Not Reported,6,0,0
2020-09-07,Central Shenandoah,Not Reported,7,0,0
2020-09-07,Peninsula,Male,1904,94,25
2020-09-07,Norfolk,Male,2168,152,33
2020-09-07,Alexandria,Female,1826,138,34
2020-09-07,Lenowisco,Male,390,36,9
2020-09-07,Pittsylvania-Danville,Female,839,63,14
2020-09-07,New River,Not Reported,16,0,0
2020-09-07,Chesterfield,Not Reported,132,0,1
2020-09-07,Loudoun,Male,3047,220,46
2020-09-07,Rappahannock Rapidan,Female,1215,66,18
2020-09-07,Piedmont,Female,572,51,10
2020-09-07,Richmond,Male,2043,196,29
2020-09-07,Crater,Female,1457,135,39
2020-09-07,Portsmouth,Female,1264,106,23
2020-09-07,Arlington,Not Reported,6,1,0
2020-09-07,Mount Rogers,Not Reported,14,0,1
2020-09-07,Thomas Jefferson,Not Reported,4,0,0
2020-09-07,Three Rivers,Not Reported,22,0,0
2020-09-07,Hampton,Male,726,37,7
2020-09-07,Alleghany,Male,594,38,9
2020-09-07,Roanoke,Female,696,29,9
2020-09-07,Loudoun,Not Reported,48,0,0
2020-09-07,Fairfax,Female,9830,904,279
2020-09-07,Western Tidewater,Male,1379,92,49
2020-09-07,Peninsula,Not Reported,16,0,0
2020-09-07,New River,Male,941,26,6
2020-09-07,Central Shenandoah,Male,1808,121,33
2020-09-07,Southside,Male,600,40,18
2020-09-07,Chesterfield,Male,2709,164,58
2020-09-07,Arlington,Female,1799,207,67
2020-09-07,Rappahannock,Male,2188,196,40
2020-09-07,Central Virginia,Male,1202,47,11
2020-09-07,Alleghany,Not Reported,7,0,0
2020-09-07,Henrico,Male,2257,197,90
2020-09-07,Thomas Jefferson,Male,1258,84,26
2020-09-07,Lord Fairfax,Male,1357,134,48
2020-09-07,Three Rivers,Male,786,46,9
2020-09-07,Richmond,Not Reported,48,2,2
2020-09-07,Pittsylvania-Danville,Male,691,45,9
2020-09-07,Portsmouth,Not Reported,3,0,0
2020-09-07,Norfolk,Not Reported,2,0,0
2020-09-07,Chesapeake,Male,1766,167,27
2020-09-07,Chickahominy,Female,759,72,22
2020-09-07,Prince William,Male,6670,597,125
2020-09-07,Eastern Shore,Not Reported,9,0,0
2020-09-07,Eastern Shore,Male,712,67,22
2020-09-07,Rappahannock Rapidan,Male,1140,94,22
2020-09-07,Henrico,Not Reported,30,0,0
2020-09-07,Cumberland Plateau,Female,309,24,5
2020-09-07,West Piedmont,Male,750,93,21
2020-09-07,Hampton,Not Reported,5,0,0
2020-09-07,Alexandria,Not Reported,10,0,0
2020-09-07,Western Tidewater,Not Reported,2,0,0
2020-09-07,Cumberland Plateau,Not Reported,0,0,0
2020-09-07,Virginia Beach,Male,2818,158,38
2020-09-07,Alleghany,Female,680,27,14
2020-09-07,Lenowisco,Female,394,33,4
2020-09-07,Virginia Beach,Not Reported,16,0,0
2020-09-07,Western Tidewater,Female,1686,75,45
2020-09-07,Mount Rogers,Male,995,123,46
2020-09-07,Lord Fairfax,Female,1502,120,50
2020-09-07,Piedmont,Not Reported,4,0,0
2020-09-07,Alexandria,Male,1675,164,28
2020-09-07,Pittsylvania-Danville,Not Reported,8,0,0
2020-09-07,West Piedmont,Not Reported,7,0,0
2020-09-07,Loudoun,Female,3128,175,72
2020-09-07,Hampton,Female,898,20,9
2020-09-07,Henrico,Female,2519,193,104
2020-09-07,Prince William,Not Reported,115,2,0
2020-09-07,Chickahominy,Male,567,72,26
2020-09-07,Rappahannock Rapidan,Not Reported,15,0,0
2020-09-07,Peninsula,Female,2053,89,34
2020-09-07,Lenowisco,Not Reported,6,0,0
2020-09-07,Crater,Not Reported,60,2,0
2020-09-07,Chickahominy,Not Reported,6,0,0
2020-09-07,Portsmouth,Male,1019,88,20
2020-09-07,New River,Female,992,12,3
2020-09-07,Rappahannock,Female,2464,168,25
2020-09-07,Central Virginia,Female,1342,39,8
2020-09-07,Roanoke,Not Reported,13,0,0
2020-09-07,West Piedmont,Female,996,112,15
2020-09-07,Mount Rogers,Female,1257,73,28
2020-09-07,Piedmont,Male,1186,76,30
2020-09-07,Chesterfield,Female,2849,147,51
2020-09-07,Fairfax,Male,9276,1205,292
2020-09-07,Crater,Male,1851,117,41
2020-09-07,Central Virginia,Not Reported,24,0,0
2020-09-07,Prince William,Female,6887,454,94
2020-09-07,Virginia Beach,Female,3392,170,33
2020-09-07,Norfolk,Female,2363,156,27
2020-09-07,Three Rivers,Female,557,48,11
2020-09-07,Arlington,Male,1835,268,76
2020-09-07,Central Shenandoah,Female,2126,124,30
2020-09-07,Southside,Female,538,34,21
2020-12-17,Southside,Not Reported,16,0,0
2020-12-17,Chesapeake,Female,4200,296,47
2020-12-17,Richmond,Female,4089,264,33
2020-12-17,Roanoke,Male,2034,65,39
2020-12-17,Fairfax,Not Reported,257,2,6
2020-12-17,Thomas Jefferson,Female,3379,166,44
2020-12-17,Chesapeake,Not Reported,18,0,0
2020-12-17,Cumberland Plateau,Male,1860,102,31
2020-12-17,Eastern Shore,Female,1001,82,26
2020-12-17,Lord Fairfax,Not Reported,53,0,0
2020-12-17,Rappahannock,Not Reported,154,0,0
2020-12-17,Central Shenandoah,Not Reported,285,0,0
2020-12-17,Peninsula,Male,3855,178,52
2020-12-17,Norfolk,Male,3739,251,53
2020-12-17,Alexandria,Female,3388,183,39
2020-12-17,Lenowisco,Male,1811,115,53
2020-12-17,Pittsylvania-Danville,Female,2401,165,51
2020-12-17,New River,Not Reported,58,0,1
2020-12-17,Chesterfield,Not Reported,184,0,4
2020-12-17,Loudoun,Male,6059,335,64
2020-12-17,Rappahannock Rapidan,Female,2517,112,28
2020-12-17,Piedmont,Female,1492,99,21
2020-12-17,Richmond,Male,3700,264,52
2020-12-17,Crater,Female,2911,198,67
2020-12-17,Portsmouth,Female,1948,214,40
2020-12-17,Arlington,Not Reported,20,0,0
2020-12-17,Mount Rogers,Not Reported,84,3,2
2020-12-17,Thomas Jefferson,Not Reported,12,0,0
2020-12-17,Three Rivers,Not Reported,42,1,0
2020-12-17,Hampton,Male,1662,105,22
2020-12-17,Alleghany,Male,3180,87,39
2020-12-17,Roanoke,Female,2702,71,44
2020-12-17,Loudoun,Not Reported,114,0,0
2020-12-17,Fairfax,Female,19717,1205,311
2020-12-17,Western Tidewater,Male,3176,161,93
2020-12-17,Peninsula,Not Reported,63,0,0
2020-12-17,New River,Male,3734,94,30
2020-12-17,Central Shenandoah,Male,6194,246,73
2020-12-17,Southside,Male,1262,63,31
2020-12-17,Chesterfield,Male,5779,317,95
2020-12-17,Arlington,Female,3790,279,72
2020-09-08,Southside,Not Reported,4,0,0
2020-09-08,Chesapeake,Female,2187,180,23
2020-09-08,Richmond,Female,2074,191,18
2020-09-08,Roanoke,Male,596,23,6
2020-09-08,Fairfax,Not Reported,142,2,5
2020-09-08,Thomas Jefferson,Female,1414,89,31
2020-09-08,Chesapeake,Not Reported,5,0,0
2020-09-08,Cumberland Plateau,Male,272,25,4
2020-09-08,Eastern Shore,Female,737,69,26
2020-09-08,Lord Fairfax,Not Reported,14,0,0
2020-09-08,Rappahannock,Not Reported,5,0,0
2020-09-08,Central Shenandoah,Not Reported,8,0,0
2020-09-08,Peninsula,Male,1919,94,25
2020-09-08,Norfolk,Male,2164,153,33
2020-09-08,Alexandria,Female,1832,138,34
2020-09-08,Lenowisco,Male,392,37,9
2020-09-08,Pittsylvania-Danville,Female,851,63,14
2020-09-08,New River,Not Reported,16,0,0
2020-09-08,Chesterfield,Not Reported,130,0,1
2020-09-08,Loudoun,Male,3069,220,46
2020-09-08,Rappahannock Rapidan,Female,1220,66,18
2020-09-08,Piedmont,Female,577,51,10
2020-09-08,Richmond,Male,2054,197,29
2020-09-08,Crater,Female,1468,135,39
2020-09-08,Portsmouth,Female,1277,106,23
2020-09-08,Arlington,Not Reported,6,1,0
2020-09-08,Mount Rogers,Not Reported,13,0,1
2020-09-08,Thomas Jefferson,Not Reported,4,0,0
2020-09-08,Three Rivers,Not Reported,22,0,0
2020-09-08,Hampton,Male,727,37,7
2020-09-08,Alleghany,Male,597,39,9
2020-09-08,Roanoke,Female,697,29,9
2020-09-08,Loudoun,Not Reported,48,0,0
2020-09-08,Fairfax,Female,9864,905,279
2020-09-08,Western Tidewater,Male,1390,92,49
2020-09-08,Peninsula,Not Reported,16,0,0
2020-09-08,New River,Male,952,26,6
2020-09-08,Central Shenandoah,Male,1891,122,33
2020-09-08,Southside,Male,609,40,18
2020-09-08,Chesterfield,Male,2724,165,58
2020-09-08,Arlington,Female,1806,209,67
2020-09-08,Rappahannock,Male,2201,198,40
2020-09-08,Central Virginia,Male,1203,48,11
2020-09-08,Alleghany,Not Reported,7,0,0
2020-09-08,Henrico,Male,2278,197,90
2020-09-08,Thomas Jefferson,Male,1270,85,26
2020-09-08,Lord Fairfax,Male,1361,134,48
2020-09-08,Three Rivers,Male,790,46,9
2020-09-08,Richmond,Not Reported,48,2,2
2020-09-08,Pittsylvania-Danville,Male,696,45,9
2020-09-08,Portsmouth,Not Reported,3,0,0
2020-09-08,Norfolk,Not Reported,2,0,0
2020-09-08,Chesapeake,Male,1770,168,27
2020-09-08,Chickahominy,Female,765,72,22
2020-09-08,Prince William,Male,6699,598,125
2020-09-08,Eastern Shore,Not Reported,9,0,0
2020-09-08,Eastern Shore,Male,712,67,22
2020-09-08,Rappahannock Rapidan,Male,1147,94,22
2020-09-08,Henrico,Not Reported,30,0,0
2020-09-08,Cumberland Plateau,Female,315,24,5
2020-09-08,West Piedmont,Male,750,93,21
2020-09-08,Hampton,Not Reported,19,0,0
2020-09-08,Alexandria,Not Reported,10,0,0
2020-09-08,Western Tidewater,Not Reported,2,0,0
2020-09-08,Cumberland Plateau,Not Reported,0,0,0
2020-09-08,Virginia Beach,Male,2818,158,38
2020-09-08,Alleghany,Female,679,27,14
2020-09-08,Lenowisco,Female,396,33,4
2020-09-08,Virginia Beach,Not Reported,16,0,0
2020-09-08,Western Tidewater,Female,1697,76,45
2020-09-08,Mount Rogers,Male,1007,125,46
2020-09-08,Lord Fairfax,Female,1508,120,50
2020-09-08,Piedmont,Not Reported,4,0,0
2020-09-08,Alexandria,Male,1685,164,28
2020-09-08,Pittsylvania-Danville,Not Reported,8,0,0
2020-09-08,West Piedmont,Not Reported,7,0,0
2020-09-08,Loudoun,Female,3146,176,72
2020-09-08,Hampton,Female,905,20,9
2020-09-08,Henrico,Female,2536,193,104
2020-09-08,Prince William,Not Reported,114,2,0
2020-09-08,Chickahominy,Male,578,74,26
2020-09-08,Rappahannock Rapidan,Not Reported,14,0,0
2020-09-08,Peninsula,Female,2061,89,34
2020-09-08,Lenowisco,Not Reported,6,0,0
2020-09-08,Crater,Not Reported,60,2,0
2020-09-08,Chickahominy,Not Reported,6,0,0
2020-09-08,Portsmouth,Male,1029,89,20
2020-09-08,New River,Female,1014,12,3
2020-09-08,Rappahannock,Female,2477,168,25
2020-09-08,Central Virginia,Female,1342,40,8
2020-09-08,Roanoke,Not Reported,13,0,0
2020-09-08,West Piedmont,Female,1000,113,15
2020-09-08,Mount Rogers,Female,1272,73,29
2020-09-08,Piedmont,Male,1197,76,30
2020-09-08,Chesterfield,Female,2881,148,51
2020-09-08,Fairfax,Male,9320,1207,293
2020-09-08,Crater,Male,1855,117,41
2020-09-08,Central Virginia,Not Reported,26,0,0
2020-09-08,Prince William,Female,6909,454,94
2020-09-08,Virginia Beach,Female,3393,170,33
2020-09-08,Norfolk,Female,2371,157,27
2020-09-08,Three Rivers,Female,563,48,11
2020-09-08,Arlington,Male,1844,268,76
2020-09-08,Central Shenandoah,Female,2222,124,30
2020-09-08,Southside,Female,548,34,21
2020-12-17,Rappahannock,Male,4855,281,61
2020-12-17,Central Virginia,Male,4293,156,58
2020-12-17,Alleghany,Not Reported,119,0,2
2020-12-17,Henrico,Male,4733,310,124
2020-12-17,Thomas Jefferson,Male,3132,164,43
2020-12-17,Lord Fairfax,Male,3902,256,85
2020-12-17,Three Rivers,Male,1857,101,28
2020-12-17,Richmond,Not Reported,116,1,2
2020-12-17,Pittsylvania-Danville,Male,1875,111,35
2020-12-17,Portsmouth,Not Reported,4,0,0
2020-12-17,Norfolk,Not Reported,16,0,0
2020-12-17,Chesapeake,Male,3813,278,45
2020-12-17,Chickahominy,Female,2188,121,43
2020-12-17,Prince William,Male,12269,763,166
2020-12-17,Eastern Shore,Not Reported,9,0,0
2020-12-17,Eastern Shore,Male,918,86,28
2020-12-17,Rappahannock Rapidan,Male,2991,153,34
2020-12-17,Henrico,Not Reported,116,1,0
2020-12-17,Cumberland Plateau,Female,2089,101,19
2020-12-17,West Piedmont,Male,2531,202,61
2020-12-17,Hampton,Not Reported,22,0,0
2020-12-17,Alexandria,Not Reported,18,0,0
2020-12-17,Western Tidewater,Not Reported,8,0,2
2020-12-17,Cumberland Plateau,Not Reported,162,0,0
2020-12-17,Virginia Beach,Male,6393,322,68
2020-12-17,Alleghany,Female,3722,111,68
2020-12-17,Lenowisco,Female,2089,100,51
2020-12-17,Virginia Beach,Not Reported,76,0,0
2020-12-17,Western Tidewater,Female,3118,179,77
2020-12-17,Mount Rogers,Male,3921,279,86
2020-12-17,Lord Fairfax,Female,4661,232,82
2020-12-17,Piedmont,Not Reported,11,0,0
2020-12-17,Alexandria,Male,3015,224,43
2020-12-17,Pittsylvania-Danville,Not Reported,27,2,1
2020-12-17,West Piedmont,Not Reported,16,2,1
2020-12-17,Loudoun,Female,6124,277,91
2020-12-17,Hampton,Female,1952,72,20
2020-12-17,Henrico,Female,5496,331,147
2020-12-17,Prince William,Not Reported,246,2,0
2020-12-17,Chickahominy,Male,2019,131,40
2020-12-17,Rappahannock Rapidan,Not Reported,241,3,0
2020-09-09,Southside,Not Reported,4,0,0
2020-09-09,Chesapeake,Female,2195,181,24
2020-09-09,Richmond,Female,2083,192,18
2020-09-09,Roanoke,Male,599,24,6
2020-09-09,Fairfax,Not Reported,142,2,5
2020-09-09,Thomas Jefferson,Female,1424,89,31
2020-09-09,Chesapeake,Not Reported,5,0,0
2020-09-09,Cumberland Plateau,Male,275,25,4
2020-09-09,Eastern Shore,Female,738,70,26
2020-09-09,Lord Fairfax,Not Reported,14,0,0
2020-09-09,Rappahannock,Not Reported,7,0,0
2020-09-09,Central Shenandoah,Not Reported,11,0,0
2020-09-09,Peninsula,Male,1924,94,25
2020-09-09,Norfolk,Male,2170,154,33
2020-09-09,Alexandria,Female,1844,138,34
2020-09-09,Lenowisco,Male,395,37,9
2020-09-09,Pittsylvania-Danville,Female,855,63,14
2020-09-09,New River,Not Reported,16,0,0
2020-09-09,Chesterfield,Not Reported,129,0,1
2020-09-09,Loudoun,Male,3077,222,46
2020-09-09,Rappahannock Rapidan,Female,1228,68,20
2020-09-09,Piedmont,Female,582,51,10
2020-09-09,Richmond,Male,2067,199,29
2020-09-09,Crater,Female,1477,136,39
2020-09-09,Portsmouth,Female,1281,118,23
2020-09-09,Arlington,Not Reported,5,0,0
2020-09-09,Mount Rogers,Not Reported,13,0,1
2020-09-09,Thomas Jefferson,Not Reported,4,0,0
2020-09-09,Three Rivers,Not Reported,22,0,0
2020-09-09,Hampton,Male,731,37,7
2020-09-09,Alleghany,Male,600,39,9
2020-09-09,Roanoke,Female,700,29,9
2020-09-09,Loudoun,Not Reported,48,0,0
2020-09-09,Fairfax,Female,9885,909,280
2020-09-09,Western Tidewater,Male,1401,92,49
2020-09-09,Peninsula,Not Reported,16,0,0
2020-09-09,New River,Male,987,27,6
2020-09-09,Central Shenandoah,Male,1922,122,33
2020-09-09,Southside,Male,618,40,18
2020-09-09,Chesterfield,Male,2746,167,60
2020-09-09,Arlington,Female,1818,211,67
2020-09-09,Rappahannock,Male,2220,198,40
2020-09-09,Central Virginia,Male,1221,49,11
2020-09-09,Alleghany,Not Reported,7,0,0
2020-09-09,Henrico,Male,2289,199,90
2020-09-09,Thomas Jefferson,Male,1287,85,27
2020-09-09,Lord Fairfax,Male,1362,136,48
2020-09-09,Three Rivers,Male,795,47,9
2020-09-09,Richmond,Not Reported,48,2,2
2020-09-09,Pittsylvania-Danville,Male,704,46,9
2020-09-09,Portsmouth,Not Reported,3,0,0
2020-09-09,Norfolk,Not Reported,2,0,0
2020-09-09,Chesapeake,Male,1782,168,26
2020-09-09,Chickahominy,Female,767,72,22
2020-09-09,Prince William,Male,6726,598,125
2020-09-09,Eastern Shore,Not Reported,9,0,0
2020-09-09,Eastern Shore,Male,712,67,22
2020-09-09,Rappahannock Rapidan,Male,1156,94,22
2020-09-09,Henrico,Not Reported,31,0,0
2020-09-09,Cumberland Plateau,Female,318,24,5
2020-09-09,West Piedmont,Male,753,94,21
2020-09-09,Hampton,Not Reported,19,0,0
2020-09-09,Alexandria,Not Reported,10,0,0
2020-09-09,Western Tidewater,Not Reported,2,0,0
2020-09-09,Cumberland Plateau,Not Reported,0,0,0
2020-09-09,Virginia Beach,Male,2856,160,38
2020-09-09,Alleghany,Female,683,27,14
2020-09-09,Lenowisco,Female,397,33,4
2020-09-09,Virginia Beach,Not Reported,17,0,0
2020-09-09,Western Tidewater,Female,1708,76,45
2020-09-09,Mount Rogers,Male,1011,125,46
2020-09-09,Lord Fairfax,Female,1509,121,50
2020-09-09,Piedmont,Not Reported,4,0,0
2020-09-09,Alexandria,Male,1692,164,28
2020-09-09,Pittsylvania-Danville,Not Reported,8,0,0
2020-09-09,West Piedmont,Not Reported,7,0,0
2020-09-09,Loudoun,Female,3148,177,72
2020-09-09,Hampton,Female,911,20,9
2020-09-09,Henrico,Female,2552,193,105
2020-09-09,Prince William,Not Reported,120,2,0
2020-09-09,Chickahominy,Male,590,74,26
2020-09-09,Rappahannock Rapidan,Not Reported,14,0,0
2020-09-09,Peninsula,Female,2066,89,34
2020-09-09,Lenowisco,Not Reported,6,0,0
2020-09-09,Crater,Not Reported,61,2,0
2020-09-09,Chickahominy,Not Reported,6,0,0
2020-09-09,Portsmouth,Male,1040,99,20
2020-09-09,New River,Female,1055,12,3
2020-09-09,Rappahannock,Female,2506,170,25
2020-09-09,Central Virginia,Female,1359,40,8
2020-09-09,Roanoke,Not Reported,13,0,0
2020-09-09,West Piedmont,Female,1007,115,15
2020-09-09,Mount Rogers,Female,1280,74,29
2020-09-09,Piedmont,Male,1200,76,30
2020-09-09,Chesterfield,Female,2902,152,52
2020-09-09,Fairfax,Male,9342,1209,295
2020-09-09,Crater,Male,1903,118,41
2020-09-09,Central Virginia,Not Reported,26,0,0
2020-09-09,Prince William,Female,6947,457,94
2020-09-09,Virginia Beach,Female,3432,175,33
2020-09-09,Norfolk,Female,2373,158,27
2020-09-09,Three Rivers,Female,567,48,11
2020-09-09,Arlington,Male,1856,269,76
2020-09-09,Central Shenandoah,Female,2272,124,31
2020-09-09,Southside,Female,562,34,21
2020-12-17,Peninsula,Female,4227,161,56
2020-12-17,Lenowisco,Not Reported,75,1,0
2020-12-17,Crater,Not Reported,79,3,0
2020-12-17,Chickahominy,Not Reported,61,0,0
2020-12-17,Portsmouth,Male,1770,175,33
2020-12-17,New River,Female,4227,106,47
2020-12-17,Rappahannock,Female,5430,255,46
2020-12-17,Central Virginia,Female,4909,145,43
2020-12-17,Roanoke,Not Reported,18,0,0
2020-12-17,West Piedmont,Female,3241,214,58
2020-12-17,Mount Rogers,Female,4755,255,100
2020-12-17,Piedmont,Male,2499,125,49
2020-12-17,Chesterfield,Female,6449,310,87
2020-12-17,Fairfax,Male,18516,1567,348
2020-12-17,Crater,Male,3644,170,57
2020-12-17,Central Virginia,Not Reported,270,2,1
2020-12-17,Prince William,Female,12919,598,117
2020-12-17,Virginia Beach,Female,7183,327,62
2020-12-17,Norfolk,Female,3880,273,48
2020-12-17,Three Rivers,Female,1842,99,26
2020-12-17,Arlington,Male,3851,352,95
2020-12-17,Central Shenandoah,Female,6777,231,66
2020-12-17,Southside,Female,1368,59,40
2020-12-23,New River,Male,3984,108,35
2020-12-23,Central Shenandoah,Male,6711,258,75
2020-12-23,Southside,Male,1338,66,30
2020-12-23,Chesterfield,Male,6205,334,100
2020-12-23,Arlington,Female,4079,282,75
2020-12-23,Rappahannock,Male,5299,293,66
2020-12-23,Central Virginia,Male,4664,161,64
2020-12-23,Alleghany,Not Reported,118,0,5
2020-12-23,Henrico,Male,5127,323,130
2020-12-23,Thomas Jefferson,Male,3303,172,45
2020-12-23,Lord Fairfax,Male,4214,272,87
2020-12-23,Three Rivers,Male,2124,115,29
2020-12-23,Richmond,Not Reported,135,1,2
2020-12-23,Pittsylvania-Danville,Male,2014,117,36
2020-12-23,Portsmouth,Not Reported,4,0,0
2020-12-23,Norfolk,Not Reported,18,0,0
2020-12-23,Chesapeake,Male,4094,286,46
2020-12-23,Chickahominy,Female,2444,123,45
2020-09-10,Southside,Not Reported,5,0,0
2020-09-10,Chesapeake,Female,2209,183,24
2020-09-10,Richmond,Female,2094,192,19
2020-09-10,Roanoke,Male,604,25,6
2020-09-10,Fairfax,Not Reported,142,2,5
2020-09-10,Thomas Jefferson,Female,1436,89,31
2020-09-10,Chesapeake,Not Reported,5,0,0
2020-09-10,Cumberland Plateau,Male,281,25,4
2020-09-10,Eastern Shore,Female,739,70,26
2020-09-10,Lord Fairfax,Not Reported,14,0,0
2020-09-10,Rappahannock,Not Reported,6,0,0
2020-09-10,Central Shenandoah,Not Reported,12,0,0
2020-09-10,Peninsula,Male,1945,94,25
2020-09-10,Norfolk,Male,2184,156,33
2020-09-10,Alexandria,Female,1852,139,34
2020-09-10,Lenowisco,Male,400,37,9
2020-09-10,Pittsylvania-Danville,Female,872,63,14
2020-09-10,New River,Not Reported,16,0,0
2020-09-10,Chesterfield,Not Reported,129,0,1
2020-09-10,Loudoun,Male,3106,224,46
2020-09-10,Rappahannock Rapidan,Female,1232,68,21
2020-09-10,Piedmont,Female,591,52,10
2020-09-10,Richmond,Male,2078,200,29
2020-09-10,Crater,Female,1491,138,39
2020-09-10,Portsmouth,Female,1286,128,24
2020-09-10,Arlington,Not Reported,5,0,0
2020-09-10,Mount Rogers,Not Reported,13,0,1
2020-09-10,Thomas Jefferson,Not Reported,4,0,0
2020-09-10,Three Rivers,Not Reported,24,0,0
2020-09-10,Hampton,Male,745,37,7
2020-09-10,Alleghany,Male,616,40,9
2020-09-10,Roanoke,Female,712,29,9
2020-09-10,Loudoun,Not Reported,54,0,0
2020-09-10,Fairfax,Female,9941,911,280
2020-09-10,Western Tidewater,Male,1422,92,49
2020-09-10,Peninsula,Not Reported,17,0,0
2020-09-10,New River,Male,1028,29,7
2020-09-10,Central Shenandoah,Male,1957,122,33
2020-09-10,Southside,Male,622,40,18
2020-09-10,Chesterfield,Male,2778,168,60
2020-09-10,Arlington,Female,1823,211,67
2020-09-10,Rappahannock,Male,2237,198,40
2020-09-10,Central Virginia,Male,1229,50,11
2020-09-10,Alleghany,Not Reported,7,0,0
2020-09-10,Henrico,Male,2310,199,90
2020-09-10,Thomas Jefferson,Male,1303,86,27
2020-09-10,Lord Fairfax,Male,1368,136,48
2020-09-10,Three Rivers,Male,805,47,9
2020-09-10,Richmond,Not Reported,48,2,2
2020-09-10,Pittsylvania-Danville,Male,710,46,9
2020-09-10,Portsmouth,Not Reported,4,0,0
2020-09-10,Norfolk,Not Reported,2,0,0
2020-09-10,Chesapeake,Male,1793,169,26
2020-09-10,Chickahominy,Female,785,72,22
2020-09-10,Prince William,Male,6765,600,128
2020-09-10,Eastern Shore,Not Reported,9,0,0
2020-09-10,Eastern Shore,Male,712,67,22
2020-09-10,Rappahannock Rapidan,Male,1162,95,22
2020-09-10,Henrico,Not Reported,34,0,0
2020-09-10,Cumberland Plateau,Female,325,24,5
2020-09-10,West Piedmont,Male,764,99,21
2020-09-10,Hampton,Not Reported,17,0,0
2020-09-10,Alexandria,Not Reported,10,0,0
2020-09-10,Western Tidewater,Not Reported,3,0,0
2020-09-10,Cumberland Plateau,Not Reported,0,0,0
2020-09-10,Virginia Beach,Male,2872,160,38
2020-09-10,Alleghany,Female,689,27,14
2020-09-10,Lenowisco,Female,404,33,4
2020-09-10,Virginia Beach,Not Reported,17,0,0
2020-09-10,Western Tidewater,Female,1726,76,45
2020-09-10,Mount Rogers,Male,1016,125,47
2020-09-10,Lord Fairfax,Female,1512,120,50
2020-09-10,Piedmont,Not Reported,4,0,0
2020-09-10,Alexandria,Male,1696,164,28
2020-09-10,Pittsylvania-Danville,Not Reported,8,0,0
2020-09-10,West Piedmont,Not Reported,7,0,0
2020-09-10,Loudoun,Female,3167,178,72
2020-09-10,Hampton,Female,925,20,9
2020-09-10,Henrico,Female,2581,196,105
2020-09-10,Prince William,Not Reported,123,2,0
2020-09-10,Chickahominy,Male,692,75,26
2020-09-10,Rappahannock Rapidan,Not Reported,14,0,0
2020-09-10,Peninsula,Female,2079,89,34
2020-09-10,Lenowisco,Not Reported,6,0,0
2020-09-10,Crater,Not Reported,37,2,0
2020-09-10,Chickahominy,Not Reported,18,0,0
2020-09-10,Portsmouth,Male,1047,108,21
2020-09-10,New River,Female,1103,14,3
2020-09-10,Rappahannock,Female,2535,172,25
2020-09-10,Central Virginia,Female,1378,41,8
2020-09-10,Roanoke,Not Reported,13,0,0
2020-09-10,West Piedmont,Female,1022,121,15
2020-09-10,Mount Rogers,Female,1296,75,29
2020-09-10,Piedmont,Male,1204,76,30
2020-09-10,Chesterfield,Female,2927,153,52
2020-09-10,Fairfax,Male,9391,1210,295
2020-09-10,Crater,Male,1944,119,41
2020-09-10,Central Virginia,Not Reported,26,0,0
2020-09-10,Prince William,Female,6981,459,95
2020-09-10,Virginia Beach,Female,3456,175,33
2020-09-10,Norfolk,Female,2391,163,27
2020-09-10,Three Rivers,Female,575,49,11
2020-09-10,Arlington,Male,1859,270,77
2020-09-10,Central Shenandoah,Female,2323,125,31
2020-09-10,Southside,Female,569,34,21
2020-12-18,Southside,Not Reported,16,0,0
2020-12-18,Chesapeake,Female,4268,299,47
2020-12-18,Richmond,Female,4116,267,33
2020-12-18,Roanoke,Male,2052,66,40
2020-12-18,Fairfax,Not Reported,267,2,6
2020-12-18,Thomas Jefferson,Female,3395,170,44
2020-12-18,Chesapeake,Not Reported,18,0,0
2020-12-18,Cumberland Plateau,Male,1885,103,31
2020-12-18,Eastern Shore,Female,1009,82,26
2020-12-18,Lord Fairfax,Not Reported,55,0,0
2020-12-18,Rappahannock,Not Reported,155,0,0
2020-12-18,Central Shenandoah,Not Reported,292,0,0
2020-12-18,Peninsula,Male,3935,179,53
2020-12-18,Norfolk,Male,3765,252,53
2020-12-18,Alexandria,Female,3407,184,39
2020-12-18,Lenowisco,Male,1845,118,53
2020-12-18,Pittsylvania-Danville,Female,2447,165,52
2020-12-18,New River,Not Reported,61,0,1
2020-12-18,Chesterfield,Not Reported,184,0,4
2020-12-18,Loudoun,Male,6102,337,64
2020-12-18,Rappahannock Rapidan,Female,2547,114,28
2020-12-18,Piedmont,Female,1521,101,21
2020-12-18,Richmond,Male,3728,267,53
2020-12-18,Crater,Female,2924,199,67
2020-12-18,Portsmouth,Female,1972,218,41
2020-12-18,Arlington,Not Reported,20,0,0
2020-12-18,Mount Rogers,Not Reported,84,3,2
2020-12-18,Thomas Jefferson,Not Reported,12,0,0
2020-12-18,Three Rivers,Not Reported,42,1,0
2020-12-18,Hampton,Male,1673,105,23
2020-12-18,Alleghany,Male,3225,89,40
2020-12-18,Roanoke,Female,2727,71,44
2020-12-18,Loudoun,Not Reported,115,0,0
2020-12-18,Fairfax,Female,19903,1215,313
2020-12-18,Western Tidewater,Male,3198,164,93
2020-12-18,Peninsula,Not Reported,63,0,0
2020-12-18,New River,Male,3755,100,32
2020-12-18,Central Shenandoah,Male,6268,248,73
2020-12-18,Southside,Male,1271,63,31
2020-12-18,Chesterfield,Male,5874,321,95
2020-12-18,Arlington,Female,3819,280,73
2020-09-11,Southside,Not Reported,5,0,0
2020-09-11,Chesapeake,Female,2217,186,23
2020-09-11,Richmond,Female,2112,192,19
2020-09-11,Roanoke,Male,615,26,6
2020-09-11,Fairfax,Not Reported,142,2,5
2020-09-11,Thomas Jefferson,Female,1462,89,31
2020-09-11,Chesapeake,Not Reported,5,0,0
2020-09-11,Cumberland Plateau,Male,286,25,4
2020-09-11,Eastern Shore,Female,739,70,26
2020-09-11,Lord Fairfax,Not Reported,14,0,0
2020-09-11,Rappahannock,Not Reported,5,0,0
2020-09-11,Central Shenandoah,Not Reported,15,0,0
2020-09-11,Peninsula,Male,1945,94,25
2020-09-11,Norfolk,Male,2202,160,33
2020-09-11,Alexandria,Female,1862,139,34
2020-09-11,Lenowisco,Male,405,37,9
2020-09-11,Pittsylvania-Danville,Female,881,66,14
2020-09-11,New River,Not Reported,16,0,0
2020-09-11,Chesterfield,Not Reported,128,0,1
2020-09-11,Loudoun,Male,3129,228,46
2020-09-11,Rappahannock Rapidan,Female,1244,68,21
2020-09-11,Piedmont,Female,604,52,10
2020-09-11,Richmond,Male,2097,201,29
2020-09-11,Crater,Female,1495,138,39
2020-09-11,Portsmouth,Female,1291,137,24
2020-09-11,Arlington,Not Reported,5,0,0
2020-09-11,Mount Rogers,Not Reported,12,0,1
2020-09-11,Thomas Jefferson,Not Reported,4,0,0
2020-09-11,Three Rivers,Not Reported,24,0,0
2020-09-11,Hampton,Male,746,37,7
2020-09-11,Alleghany,Male,625,40,9
2020-09-11,Roanoke,Female,731,29,9
2020-09-11,Loudoun,Not Reported,53,0,0
2020-09-11,Fairfax,Female,9986,912,280
2020-09-11,Western Tidewater,Male,1433,92,49
2020-09-11,Peninsula,Not Reported,16,0,0
2020-09-11,New River,Male,1068,29,7
2020-09-11,Central Shenandoah,Male,1993,123,33
2020-09-11,Southside,Male,631,41,18
2020-09-11,Chesterfield,Male,2802,171,60
2020-09-11,Arlington,Female,1830,211,67
2020-09-11,Rappahannock,Male,2254,199,40
2020-09-11,Central Virginia,Male,1254,51,11
2020-09-11,Alleghany,Not Reported,7,0,0
2020-09-11,Henrico,Male,2326,200,90
2020-09-11,Thomas Jefferson,Male,1330,87,27
2020-09-11,Lord Fairfax,Male,1373,136,48
2020-09-11,Three Rivers,Male,819,47,9
2020-09-11,Richmond,Not Reported,50,2,2
2020-09-11,Pittsylvania-Danville,Male,718,47,9
2020-09-11,Portsmouth,Not Reported,4,0,0
2020-09-11,Norfolk,Not Reported,2,0,0
2020-09-11,Chesapeake,Male,1804,171,26
2020-09-11,Chickahominy,Female,800,73,23
2020-09-11,Prince William,Male,6824,600,128
2020-09-11,Eastern Shore,Not Reported,9,0,0
2020-09-11,Eastern Shore,Male,714,67,22
2020-09-11,Rappahannock Rapidan,Male,1171,97,22
2020-09-11,Henrico,Not Reported,34,0,0
2020-09-11,Cumberland Plateau,Female,330,24,5
2020-09-11,West Piedmont,Male,776,101,21
2020-09-11,Hampton,Not Reported,17,0,0
2020-09-11,Alexandria,Not Reported,10,0,0
2020-09-11,Western Tidewater,Not Reported,3,0,0
2020-09-11,Cumberland Plateau,Not Reported,1,0,0
2020-09-11,Virginia Beach,Male,2882,161,38
2020-09-11,Alleghany,Female,699,27,14
2020-09-11,Lenowisco,Female,410,33,4
2020-09-11,Virginia Beach,Not Reported,17,0,0
2020-09-11,Western Tidewater,Female,1739,77,45
2020-09-11,Mount Rogers,Male,1027,127,47
2020-09-11,Lord Fairfax,Female,1518,121,50
2020-09-11,Piedmont,Not Reported,4,0,0
2020-09-11,Alexandria,Male,1705,165,28
2020-09-11,Pittsylvania-Danville,Not Reported,8,0,0
2020-09-11,West Piedmont,Not Reported,7,0,0
2020-09-11,Loudoun,Female,3195,180,72
2020-09-11,Hampton,Female,927,20,9
2020-09-11,Henrico,Female,2606,197,105
2020-09-11,Prince William,Not Reported,126,2,0
2020-09-11,Chickahominy,Male,711,76,26
2020-09-11,Rappahannock Rapidan,Not Reported,8,0,0
2020-09-11,Peninsula,Female,2087,89,34
2020-09-11,Lenowisco,Not Reported,6,0,0
2020-09-11,Crater,Not Reported,31,2,0
2020-09-11,Chickahominy,Not Reported,19,0,0
2020-09-11,Portsmouth,Male,1048,112,21
2020-09-11,New River,Female,1155,15,3
2020-09-11,Rappahannock,Female,2563,172,25
2020-09-11,Central Virginia,Female,1404,41,8
2020-09-11,Roanoke,Not Reported,13,0,0
2020-09-11,West Piedmont,Female,1030,121,15
2020-09-11,Mount Rogers,Female,1311,76,29
2020-09-11,Piedmont,Male,1216,77,30
2020-09-11,Chesterfield,Female,2956,154,52
2020-09-11,Fairfax,Male,9425,1210,296
2020-09-11,Crater,Male,1954,120,41
2020-09-11,Central Virginia,Not Reported,28,0,0
2020-09-11,Prince William,Female,7017,459,95
2020-09-11,Virginia Beach,Female,3469,175,33
2020-09-11,Norfolk,Female,2408,167,28
2020-09-11,Three Rivers,Female,593,52,11
2020-09-11,Arlington,Male,1865,270,77
2020-09-11,Central Shenandoah,Female,2365,126,32
2020-09-11,Southside,Female,583,34,21
2020-12-18,Rappahannock,Male,4923,285,63
2020-12-18,Central Virginia,Male,4318,157,60
2020-12-18,Alleghany,Not Reported,119,0,2
2020-12-18,Henrico,Male,4784,314,124
2020-12-18,Thomas Jefferson,Male,3145,165,44
2020-12-18,Lord Fairfax,Male,3950,260,85
2020-12-18,Three Rivers,Male,1898,102,28
2020-12-18,Richmond,Not Reported,117,1,2
2020-12-18,Pittsylvania-Danville,Male,1920,112,35
2020-12-18,Portsmouth,Not Reported,4,0,0
2020-12-18,Norfolk,Not Reported,16,0,0
2020-12-18,Chesapeake,Male,3882,282,45
2020-12-18,Chickahominy,Female,2213,124,43
2020-12-18,Prince William,Male,12390,765,167
2020-12-18,Eastern Shore,Not Reported,9,0,0
2020-12-18,Eastern Shore,Male,919,86,28
2020-12-18,Rappahannock Rapidan,Male,3023,153,34
2020-12-18,Henrico,Not Reported,118,1,0
2020-12-18,Cumberland Plateau,Female,2124,101,20
2020-12-18,West Piedmont,Male,2555,204,61
2020-12-18,Hampton,Not Reported,22,0,0
2020-12-18,Alexandria,Not Reported,18,0,0
2020-12-18,Western Tidewater,Not Reported,9,0,2
2020-12-18,Cumberland Plateau,Not Reported,174,1,0
2020-12-18,Virginia Beach,Male,6471,333,70
2020-12-18,Alleghany,Female,3765,116,72
2020-12-18,Lenowisco,Female,2122,101,51
2020-12-18,Virginia Beach,Not Reported,94,0,0
2020-12-18,Western Tidewater,Female,3142,182,77
2020-12-18,Mount Rogers,Male,3976,288,91
2020-12-18,Lord Fairfax,Female,4726,232,82
2020-12-18,Piedmont,Not Reported,11,0,0
2020-12-18,Alexandria,Male,3031,225,43
2020-12-18,Pittsylvania-Danville,Not Reported,27,2,1
2020-12-18,West Piedmont,Not Reported,16,2,1
2020-12-18,Loudoun,Female,6169,279,91
2020-12-18,Hampton,Female,1983,73,20
2020-12-18,Henrico,Female,5586,335,148
2020-12-18,Prince William,Not Reported,246,2,0
2020-12-18,Chickahominy,Male,2039,132,41
2020-12-18,Rappahannock Rapidan,Not Reported,235,3,0
2020-09-12,Southside,Not Reported,5,0,0
2020-09-12,Chesapeake,Female,2233,187,23
2020-09-12,Richmond,Female,2132,193,19
2020-09-12,Roanoke,Male,617,26,6
2020-09-12,Fairfax,Not Reported,148,2,5
2020-09-12,Thomas Jefferson,Female,1482,89,31
2020-09-12,Chesapeake,Not Reported,7,0,0
2020-09-12,Cumberland Plateau,Male,289,25,4
2020-09-12,Eastern Shore,Female,739,70,26
2020-09-12,Lord Fairfax,Not Reported,14,0,0
2020-09-12,Rappahannock,Not Reported,6,0,0
2020-09-12,Central Shenandoah,Not Reported,15,0,0
2020-09-12,Peninsula,Male,1958,94,25
2020-09-12,Norfolk,Male,2213,163,33
2020-09-12,Alexandria,Female,1867,140,34
2020-09-12,Lenowisco,Male,407,37,11
2020-09-12,Pittsylvania-Danville,Female,890,69,14
2020-09-12,New River,Not Reported,24,0,0
2020-09-12,Chesterfield,Not Reported,125,0,1
2020-09-12,Loudoun,Male,3142,229,46
2020-09-12,Rappahannock Rapidan,Female,1253,68,21
2020-09-12,Piedmont,Female,609,52,10
2020-09-12,Richmond,Male,2110,201,29
2020-09-12,Crater,Female,1517,139,39
2020-09-12,Portsmouth,Female,1305,141,24
2020-09-12,Arlington,Not Reported,5,0,0
2020-09-12,Mount Rogers,Not Reported,12,0,1
2020-09-12,Thomas Jefferson,Not Reported,4,0,0
2020-09-12,Three Rivers,Not Reported,24,0,0
2020-09-12,Hampton,Male,749,38,8
2020-09-12,Alleghany,Male,634,40,9
2020-09-12,Roanoke,Female,735,30,9
2020-09-12,Loudoun,Not Reported,53,0,0
2020-09-12,Fairfax,Female,10046,915,280
2020-09-12,Western Tidewater,Male,1460,92,50
2020-09-12,Peninsula,Not Reported,18,0,0
2020-09-12,New River,Male,1144,32,7
2020-09-12,Central Shenandoah,Male,2035,123,33
2020-09-12,Southside,Male,634,42,18
2020-09-12,Chesterfield,Male,2835,175,60
2020-09-12,Arlington,Female,1835,211,68
2020-09-12,Rappahannock,Male,2278,200,40
2020-09-12,Central Virginia,Male,1271,52,11
2020-09-12,Alleghany,Not Reported,7,0,0
2020-09-12,Henrico,Male,2335,200,90
2020-09-12,Thomas Jefferson,Male,1356,88,27
2020-09-12,Lord Fairfax,Male,1381,136,48
2020-09-12,Three Rivers,Male,829,48,10
2020-09-12,Richmond,Not Reported,49,2,2
2020-09-12,Pittsylvania-Danville,Male,732,48,9
2020-09-12,Portsmouth,Not Reported,4,0,0
2020-09-12,Norfolk,Not Reported,2,0,0
2020-09-12,Chesapeake,Male,1808,177,26
2020-09-12,Chickahominy,Female,811,73,23
2020-09-12,Prince William,Male,6863,602,128
2020-09-12,Eastern Shore,Not Reported,9,0,0
2020-09-12,Eastern Shore,Male,714,67,22
2020-09-12,Rappahannock Rapidan,Male,1179,97,22
2020-09-12,Henrico,Not Reported,33,0,0
2020-09-12,Cumberland Plateau,Female,337,24,5
2020-09-12,West Piedmont,Male,783,101,21
2020-09-12,Hampton,Not Reported,17,0,0
2020-09-12,Alexandria,Not Reported,11,0,0
2020-09-12,Western Tidewater,Not Reported,3,0,0
2020-09-12,Cumberland Plateau,Not Reported,1,0,0
2020-09-12,Virginia Beach,Male,2907,162,39
2020-09-12,Alleghany,Female,702,27,14
2020-09-12,Lenowisco,Female,414,33,4
2020-09-12,Virginia Beach,Not Reported,16,0,0
2020-09-12,Western Tidewater,Female,1755,78,45
2020-09-12,Mount Rogers,Male,1040,128,49
2020-09-12,Lord Fairfax,Female,1525,121,50
2020-09-12,Piedmont,Not Reported,4,0,0
2020-09-12,Alexandria,Male,1716,165,28
2020-09-12,Pittsylvania-Danville,Not Reported,8,1,0
2020-09-12,West Piedmont,Not Reported,7,0,0
2020-09-12,Loudoun,Female,3214,181,72
2020-09-12,Hampton,Female,940,20,9
2020-09-12,Henrico,Female,2632,196,105
2020-09-12,Prince William,Not Reported,125,2,0
2020-09-12,Chickahominy,Male,719,77,26
2020-09-12,Rappahannock Rapidan,Not Reported,10,0,0
2020-09-12,Peninsula,Female,2102,89,34
2020-09-12,Lenowisco,Not Reported,6,0,0
2020-09-12,Crater,Not Reported,32,2,0
2020-09-12,Chickahominy,Not Reported,20,0,0
2020-09-12,Portsmouth,Male,1064,114,21
2020-09-12,New River,Female,1244,17,3
2020-09-12,Rappahannock,Female,2592,173,25
2020-09-12,Central Virginia,Female,1431,41,8
2020-09-12,Roanoke,Not Reported,13,0,0
2020-09-12,West Piedmont,Female,1038,123,15
2020-09-12,Mount Rogers,Female,1339,78,29
2020-09-12,Piedmont,Male,1225,77,30
2020-09-12,Chesterfield,Female,2981,154,52
2020-09-12,Fairfax,Male,9494,1214,297
2020-09-12,Crater,Male,1965,120,41
2020-09-12,Central Virginia,Not Reported,30,0,0
2020-09-12,Prince William,Female,7066,459,95
2020-09-12,Virginia Beach,Female,3498,175,33
2020-09-12,Norfolk,Female,2415,170,28
2020-09-12,Three Rivers,Female,610,52,12
2020-09-12,Arlington,Male,1870,270,77
2020-09-12,Central Shenandoah,Female,2435,127,32
2020-09-12,Southside,Female,593,34,21
2020-12-18,Peninsula,Female,4317,163,57
2020-12-18,Lenowisco,Not Reported,75,1,0
2020-12-18,Crater,Not Reported,79,3,0
2020-12-18,Chickahominy,Not Reported,64,0,0
2020-12-18,Portsmouth,Male,1784,180,33
2020-12-18,New River,Female,4269,116,50
2020-12-18,Rappahannock,Female,5505,257,46
2020-12-18,Central Virginia,Female,4942,145,43
2020-12-18,Roanoke,Not Reported,18,0,0
2020-12-18,West Piedmont,Female,3275,215,58
2020-12-18,Mount Rogers,Female,4801,259,104
2020-12-18,Piedmont,Male,2543,126,49
2020-12-18,Chesterfield,Female,6551,311,90
2020-12-18,Fairfax,Male,18715,1575,348
2020-12-18,Crater,Male,3662,170,57
2020-12-18,Central Virginia,Not Reported,268,2,1
2020-12-18,Prince William,Female,13027,606,117
2020-12-18,Virginia Beach,Female,7275,334,62
2020-12-18,Norfolk,Female,3903,273,48
2020-12-18,Three Rivers,Female,1881,101,27
2020-12-18,Arlington,Male,3871,353,95
2020-12-18,Central Shenandoah,Female,6879,233,66
2020-12-18,Southside,Female,1380,60,41
2020-12-23,Prince William,Male,12996,782,167
2020-12-23,Eastern Shore,Not Reported,9,0,0
2020-12-23,Eastern Shore,Male,961,90,29
2020-12-23,Rappahannock Rapidan,Male,3175,157,34
2020-12-23,Henrico,Not Reported,135,1,0
2020-12-23,Cumberland Plateau,Female,2332,112,22
2020-12-23,West Piedmont,Male,2717,214,61
2020-12-23,Hampton,Not Reported,25,0,0
2020-12-23,Alexandria,Not Reported,19,0,0
2020-12-23,Western Tidewater,Not Reported,11,0,3
2020-12-23,Cumberland Plateau,Not Reported,200,1,1
2020-12-23,Virginia Beach,Male,6957,354,73
2020-12-23,Alleghany,Female,4024,118,74
2020-12-23,Lenowisco,Female,2271,113,53
2020-12-23,Virginia Beach,Not Reported,98,0,0
2020-12-23,Western Tidewater,Female,3363,194,80
2020-12-23,Mount Rogers,Male,4276,309,100
2020-12-23,Lord Fairfax,Female,5018,236,82
2020-09-13,Southside,Not Reported,5,0,0
2020-09-13,Chesapeake,Female,2242,188,23
2020-09-13,Richmond,Female,2146,193,19
2020-09-13,Roanoke,Male,621,26,6
2020-09-13,Fairfax,Not Reported,151,2,5
2020-09-13,Thomas Jefferson,Female,1488,90,31
2020-09-13,Chesapeake,Not Reported,7,0,0
2020-09-13,Cumberland Plateau,Male,293,25,4
2020-09-13,Eastern Shore,Female,739,70,26
2020-09-13,Lord Fairfax,Not Reported,14,0,0
2020-09-13,Rappahannock,Not Reported,7,0,0
2020-09-13,Central Shenandoah,Not Reported,15,0,0
2020-09-13,Peninsula,Male,1970,94,25
2020-09-13,Norfolk,Male,2222,163,33
2020-09-13,Alexandria,Female,1872,140,34
2020-09-13,Lenowisco,Male,408,37,11
2020-09-13,Pittsylvania-Danville,Female,902,69,14
2020-09-13,New River,Not Reported,24,0,0
2020-09-13,Chesterfield,Not Reported,125,0,1
2020-09-13,Loudoun,Male,3157,229,46
2020-09-13,Rappahannock Rapidan,Female,1264,68,21
2020-09-13,Piedmont,Female,609,52,10
2020-09-13,Richmond,Male,2122,201,29
2020-09-13,Crater,Female,1517,139,39
2020-09-13,Portsmouth,Female,1310,141,24
2020-09-13,Arlington,Not Reported,5,0,0
2020-09-13,Mount Rogers,Not Reported,12,0,1
2020-09-13,Thomas Jefferson,Not Reported,4,0,0
2020-09-13,Three Rivers,Not Reported,24,0,0
2020-09-13,Hampton,Male,755,38,8
2020-09-13,Alleghany,Male,638,41,9
2020-09-13,Roanoke,Female,739,31,9
2020-09-13,Loudoun,Not Reported,53,0,0
2020-09-13,Fairfax,Female,10102,917,280
2020-09-13,Western Tidewater,Male,1486,92,50
2020-09-13,Peninsula,Not Reported,19,0,0
2020-09-13,New River,Male,1167,32,7
2020-09-13,Central Shenandoah,Male,2043,123,33
2020-09-13,Southside,Male,643,42,18
2020-09-13,Chesterfield,Male,2856,175,60
2020-09-13,Arlington,Female,1845,213,68
2020-09-13,Rappahannock,Male,2288,201,40
2020-09-13,Central Virginia,Male,1283,52,11
2020-09-13,Alleghany,Not Reported,7,0,0
2020-09-13,Henrico,Male,2350,200,90
2020-09-13,Thomas Jefferson,Male,1367,88,27
2020-09-13,Lord Fairfax,Male,1386,136,48
2020-09-13,Three Rivers,Male,833,48,10
2020-09-13,Richmond,Not Reported,49,2,2
2020-09-13,Pittsylvania-Danville,Male,741,49,9
2020-09-13,Portsmouth,Not Reported,4,0,0
2020-09-13,Norfolk,Not Reported,2,0,0
2020-09-13,Chesapeake,Male,1818,177,26
2020-09-13,Chickahominy,Female,822,73,23
2020-09-13,Prince William,Male,6893,604,128
2020-09-13,Eastern Shore,Not Reported,9,0,0
2020-09-13,Eastern Shore,Male,715,67,22
2020-09-13,Rappahannock Rapidan,Male,1184,97,22
2020-09-13,Henrico,Not Reported,33,0,0
2020-09-13,Cumberland Plateau,Female,341,24,5
2020-09-13,West Piedmont,Male,783,101,21
2020-09-13,Hampton,Not Reported,17,0,0
2020-09-13,Alexandria,Not Reported,11,0,0
2020-09-13,Western Tidewater,Not Reported,3,0,0
2020-09-13,Cumberland Plateau,Not Reported,1,0,0
2020-09-13,Virginia Beach,Male,2922,162,39
2020-09-13,Alleghany,Female,710,28,14
2020-09-13,Lenowisco,Female,418,33,4
2020-09-13,Virginia Beach,Not Reported,17,0,0
2020-09-13,Western Tidewater,Female,1772,79,45
2020-09-13,Mount Rogers,Male,1052,129,50
2020-09-13,Lord Fairfax,Female,1531,121,50
2020-09-13,Piedmont,Not Reported,4,0,0
2020-09-13,Alexandria,Male,1719,165,28
2020-09-13,Pittsylvania-Danville,Not Reported,8,1,0
2020-09-13,West Piedmont,Not Reported,7,0,0
2020-09-13,Loudoun,Female,3233,181,72
2020-09-13,Hampton,Female,942,20,9
2020-09-13,Henrico,Female,2654,196,105
2020-09-13,Prince William,Not Reported,127,2,0
2020-09-13,Chickahominy,Male,738,77,26
2020-09-13,Rappahannock Rapidan,Not Reported,11,0,0
2020-09-13,Peninsula,Female,2123,89,34
2020-09-13,Lenowisco,Not Reported,6,0,0
2020-09-13,Crater,Not Reported,32,2,0
2020-09-13,Chickahominy,Not Reported,20,0,0
2020-09-13,Portsmouth,Male,1077,114,21
2020-09-13,New River,Female,1288,17,3
2020-09-13,Rappahannock,Female,2612,173,25
2020-09-13,Central Virginia,Female,1446,41,8
2020-09-13,Roanoke,Not Reported,13,0,0
2020-09-13,West Piedmont,Female,1038,123,15
2020-09-13,Mount Rogers,Female,1383,83,30
2020-09-13,Piedmont,Male,1226,77,30
2020-09-13,Chesterfield,Female,3002,155,52
2020-09-13,Fairfax,Male,9543,1216,297
2020-09-13,Crater,Male,1965,120,41
2020-09-13,Central Virginia,Not Reported,30,0,0
2020-09-13,Prince William,Female,7100,461,95
2020-09-13,Virginia Beach,Female,3514,175,33
2020-09-13,Norfolk,Female,2423,170,28
2020-09-13,Three Rivers,Female,619,52,12
2020-09-13,Arlington,Male,1877,271,77
2020-09-13,Central Shenandoah,Female,2445,127,32
2020-09-13,Southside,Female,606,34,21
2020-12-19,Southside,Not Reported,17,0,0
2020-12-19,Chesapeake,Female,4330,301,48
2020-12-19,Richmond,Female,4185,268,34
2020-12-19,Roanoke,Male,2075,66,42
2020-12-19,Fairfax,Not Reported,269,2,6
2020-12-19,Thomas Jefferson,Female,3432,171,45
2020-12-19,Chesapeake,Not Reported,18,0,0
2020-12-19,Cumberland Plateau,Male,1926,105,33
2020-12-19,Eastern Shore,Female,1018,82,27
2020-12-19,Lord Fairfax,Not Reported,55,0,0
2020-12-19,Rappahannock,Not Reported,158,0,0
2020-12-19,Central Shenandoah,Not Reported,305,0,0
2020-12-19,Peninsula,Male,3998,184,54
2020-12-19,Norfolk,Male,3786,255,53
2020-12-19,Alexandria,Female,3440,185,39
2020-12-19,Lenowisco,Male,1878,120,53
2020-12-19,Pittsylvania-Danville,Female,2460,166,52
2020-12-19,New River,Not Reported,65,0,2
2020-12-19,Chesterfield,Not Reported,186,0,4
2020-12-19,Loudoun,Male,6166,340,64
2020-12-19,Rappahannock Rapidan,Female,2591,118,28
2020-12-19,Piedmont,Female,1529,102,21
2020-12-19,Richmond,Male,3788,266,54
2020-12-19,Crater,Female,2938,202,67
2020-12-19,Portsmouth,Female,2003,218,42
2020-12-19,Arlington,Not Reported,20,0,0
2020-12-19,Mount Rogers,Not Reported,95,3,2
2020-12-19,Thomas Jefferson,Not Reported,11,0,0
2020-12-19,Three Rivers,Not Reported,42,1,0
2020-12-19,Hampton,Male,1699,108,23
2020-12-19,Alleghany,Male,3265,89,42
2020-12-19,Roanoke,Female,2744,71,44
2020-12-19,Loudoun,Not Reported,114,0,0
2020-12-19,Fairfax,Female,20039,1223,314
2020-12-19,Western Tidewater,Male,3232,166,93
2020-12-19,Peninsula,Not Reported,63,0,0
2020-12-19,New River,Male,3816,102,33
2020-12-19,Central Shenandoah,Male,6352,249,75
2020-12-19,Southside,Male,1281,63,31
2020-12-19,Chesterfield,Male,5933,321,95
2020-12-19,Arlington,Female,3879,280,73
2020-09-14,Southside,Not Reported,5,0,0
2020-09-14,Chesapeake,Female,2251,191,23
2020-09-14,Richmond,Female,2151,194,19
2020-09-14,Roanoke,Male,630,26,6
2020-09-14,Fairfax,Not Reported,151,2,5
2020-09-14,Thomas Jefferson,Female,1495,91,31
2020-09-14,Chesapeake,Not Reported,9,0,0
2020-09-14,Cumberland Plateau,Male,293,25,4
2020-09-14,Eastern Shore,Female,740,70,26
2020-09-14,Lord Fairfax,Not Reported,14,0,0
2020-09-14,Rappahannock,Not Reported,7,0,0
2020-09-14,Central Shenandoah,Not Reported,16,0,0
2020-09-14,Peninsula,Male,1979,94,25
2020-09-14,Norfolk,Male,2223,163,33
2020-09-14,Alexandria,Female,1881,140,34
2020-09-14,Lenowisco,Male,409,37,11
2020-09-14,Pittsylvania-Danville,Female,908,72,18
2020-09-14,New River,Not Reported,24,0,0
2020-09-14,Chesterfield,Not Reported,125,0,1
2020-09-14,Loudoun,Male,3161,229,46
2020-09-14,Rappahannock Rapidan,Female,1272,68,21
2020-09-14,Piedmont,Female,609,52,10
2020-09-14,Richmond,Male,2136,203,29
2020-09-14,Crater,Female,1529,140,39
2020-09-14,Portsmouth,Female,1310,141,24
2020-09-14,Arlington,Not Reported,5,0,0
2020-09-14,Mount Rogers,Not Reported,11,0,1
2020-09-14,Thomas Jefferson,Not Reported,4,0,0
2020-09-14,Three Rivers,Not Reported,24,0,0
2020-09-14,Hampton,Male,756,38,8
2020-09-14,Alleghany,Male,646,41,9
2020-09-14,Roanoke,Female,748,31,9
2020-09-14,Loudoun,Not Reported,53,0,0
2020-09-14,Fairfax,Female,10137,920,280
2020-09-14,Western Tidewater,Male,1554,100,52
2020-09-14,Peninsula,Not Reported,18,0,0
2020-09-14,New River,Male,1235,32,7
2020-09-14,Central Shenandoah,Male,2071,124,33
2020-09-14,Southside,Male,647,42,18
2020-09-14,Chesterfield,Male,2864,175,61
2020-09-14,Arlington,Female,1854,216,68
2020-09-14,Rappahannock,Male,2294,201,40
2020-09-14,Central Virginia,Male,1288,52,13
2020-09-14,Alleghany,Not Reported,7,0,0
2020-09-14,Henrico,Male,2360,199,92
2020-09-14,Thomas Jefferson,Male,1381,89,27
2020-09-14,Lord Fairfax,Male,1390,136,49
2020-09-14,Three Rivers,Male,842,48,11
2020-09-14,Richmond,Not Reported,49,2,2
2020-09-14,Pittsylvania-Danville,Male,746,50,9
2020-09-14,Portsmouth,Not Reported,4,0,0
2020-09-14,Norfolk,Not Reported,2,0,0
2020-09-14,Chesapeake,Male,1826,181,26
2020-09-14,Chickahominy,Female,827,73,23
2020-09-14,Prince William,Male,6907,604,128
2020-09-14,Eastern Shore,Not Reported,9,0,0
2020-09-14,Eastern Shore,Male,716,67,22
2020-09-14,Rappahannock Rapidan,Male,1188,97,22
2020-09-14,Henrico,Not Reported,32,0,0
2020-09-14,Cumberland Plateau,Female,341,24,5
2020-09-14,West Piedmont,Male,791,101,21
2020-09-14,Hampton,Not Reported,17,0,0
2020-09-14,Alexandria,Not Reported,11,0,0
2020-09-14,Western Tidewater,Not Reported,3,0,0
2020-09-14,Cumberland Plateau,Not Reported,1,0,0
2020-09-14,Virginia Beach,Male,2931,164,39
2020-09-14,Alleghany,Female,717,28,14
2020-09-14,Lenowisco,Female,420,33,4
2020-09-14,Virginia Beach,Not Reported,17,0,0
2020-09-14,Western Tidewater,Female,1779,80,46
2020-09-14,Mount Rogers,Male,1060,130,50
2020-09-14,Lord Fairfax,Female,1535,125,50
2020-09-14,Piedmont,Not Reported,4,0,0
2020-09-14,Alexandria,Male,1721,165,28
2020-09-14,Pittsylvania-Danville,Not Reported,8,1,0
2020-09-14,West Piedmont,Not Reported,7,0,0
2020-09-14,Loudoun,Female,3235,182,72
2020-09-14,Hampton,Female,950,20,9
2020-09-14,Henrico,Female,2676,197,106
2020-09-14,Prince William,Not Reported,128,2,0
2020-09-14,Chickahominy,Male,765,77,26
2020-09-14,Rappahannock Rapidan,Not Reported,11,0,0
2020-09-14,Peninsula,Female,2133,89,34
2020-09-14,Lenowisco,Not Reported,6,0,0
2020-09-14,Crater,Not Reported,33,2,0
2020-09-14,Chickahominy,Not Reported,25,0,0
2020-09-14,Portsmouth,Male,1077,114,21
2020-09-14,New River,Female,1332,17,3
2020-09-14,Rappahannock,Female,2621,173,25
2020-09-14,Central Virginia,Female,1457,41,9
2020-09-14,Roanoke,Not Reported,13,0,0
2020-09-14,West Piedmont,Female,1044,123,17
2020-09-14,Mount Rogers,Female,1392,83,31
2020-09-14,Piedmont,Male,1228,77,30
2020-09-14,Chesterfield,Female,3012,155,52
2020-09-14,Fairfax,Male,9566,1218,297
2020-09-14,Crater,Male,1977,121,41
2020-09-14,Central Virginia,Not Reported,33,0,0
2020-09-14,Prince William,Female,7112,461,95
2020-09-14,Virginia Beach,Female,3534,178,33
2020-09-14,Norfolk,Female,2426,170,28
2020-09-14,Three Rivers,Female,629,54,12
2020-09-14,Arlington,Male,1882,271,77
2020-09-14,Central Shenandoah,Female,2481,127,32
2020-09-14,Southside,Female,607,34,21
2020-12-19,Rappahannock,Male,4964,287,64
2020-12-19,Central Virginia,Male,4397,157,60
2020-12-19,Alleghany,Not Reported,121,0,2
2020-12-19,Henrico,Male,4840,316,126
2020-12-19,Thomas Jefferson,Male,3170,165,44
2020-12-19,Lord Fairfax,Male,4007,261,85
2020-12-19,Three Rivers,Male,1921,103,28
2020-12-19,Richmond,Not Reported,123,1,2
2020-12-19,Pittsylvania-Danville,Male,1932,114,36
2020-12-19,Portsmouth,Not Reported,4,0,0
2020-12-19,Norfolk,Not Reported,17,0,0
2020-12-19,Chesapeake,Male,3922,283,46
2020-12-19,Chickahominy,Female,2233,124,44
2020-12-19,Prince William,Male,12493,773,167
2020-12-19,Eastern Shore,Not Reported,9,0,0
2020-12-19,Eastern Shore,Male,929,86,29
2020-12-19,Rappahannock Rapidan,Male,3062,154,34
2020-12-19,Henrico,Not Reported,124,1,0
2020-12-19,Cumberland Plateau,Female,2159,105,21
2020-12-19,West Piedmont,Male,2594,208,61
2020-12-19,Hampton,Not Reported,22,0,0
2020-12-19,Alexandria,Not Reported,18,0,0
2020-12-19,Western Tidewater,Not Reported,9,0,2
2020-12-19,Cumberland Plateau,Not Reported,182,1,1
2020-12-19,Virginia Beach,Male,6533,339,70
2020-12-19,Alleghany,Female,3808,118,73
2020-12-19,Lenowisco,Female,2167,105,51
2020-12-19,Virginia Beach,Not Reported,95,0,0
2020-12-19,Western Tidewater,Female,3187,184,78
2020-12-19,Mount Rogers,Male,4059,293,95
2020-12-19,Lord Fairfax,Female,4787,233,82
2020-12-19,Piedmont,Not Reported,11,0,0
2020-12-19,Alexandria,Male,3075,226,44
2020-12-19,Pittsylvania-Danville,Not Reported,27,2,1
2020-12-19,West Piedmont,Not Reported,16,2,1
2020-12-19,Loudoun,Female,6223,280,91
2020-12-19,Hampton,Female,2021,77,20
2020-12-19,Henrico,Female,5657,335,149
2020-12-19,Prince William,Not Reported,247,2,0
2020-12-19,Chickahominy,Male,2057,132,41
2020-12-19,Rappahannock Rapidan,Not Reported,244,3,0
2020-09-15,Southside,Not Reported,5,0,0
2020-09-15,Chesapeake,Female,2258,191,26
2020-09-15,Richmond,Female,2159,195,21
2020-09-15,Roanoke,Male,632,26,6
2020-09-15,Fairfax,Not Reported,150,2,5
2020-09-15,Thomas Jefferson,Female,1498,91,33
2020-09-15,Chesapeake,Not Reported,9,0,0
2020-09-15,Cumberland Plateau,Male,298,26,4
2020-09-15,Eastern Shore,Female,740,70,26
2020-09-15,Lord Fairfax,Not Reported,14,0,0
2020-09-15,Rappahannock,Not Reported,9,0,0
2020-09-15,Central Shenandoah,Not Reported,16,0,0
2020-09-15,Peninsula,Male,1983,94,26
2020-09-15,Norfolk,Male,2239,164,34
2020-09-15,Alexandria,Female,1881,140,34
2020-09-15,Lenowisco,Male,414,37,13
2020-09-15,Pittsylvania-Danville,Female,917,74,18
2020-09-15,New River,Not Reported,26,0,0
2020-09-15,Chesterfield,Not Reported,122,0,1
2020-09-15,Loudoun,Male,3186,230,46
2020-09-15,Rappahannock Rapidan,Female,1278,70,23
2020-09-15,Piedmont,Female,622,52,10
2020-09-15,Richmond,Male,2155,204,32
2020-09-15,Crater,Female,1540,140,44
2020-09-15,Portsmouth,Female,1313,143,25
2020-09-15,Arlington,Not Reported,6,0,0
2020-09-15,Mount Rogers,Not Reported,10,0,0
2020-09-15,Thomas Jefferson,Not Reported,4,0,0
2020-09-15,Three Rivers,Not Reported,24,0,0
2020-09-15,Hampton,Male,759,38,10
2020-09-15,Alleghany,Male,649,41,9
2020-09-15,Roanoke,Female,749,31,9
2020-09-15,Loudoun,Not Reported,54,0,0
2020-09-15,Fairfax,Female,10171,919,280
2020-09-15,Western Tidewater,Male,1579,100,54
2020-09-15,Peninsula,Not Reported,19,0,0
2020-09-15,New River,Male,1255,33,7
2020-09-15,Central Shenandoah,Male,2126,125,36
2020-09-15,Southside,Male,650,42,19
2020-09-15,Chesterfield,Male,2886,177,62
2020-09-15,Arlington,Female,1862,216,68
2020-09-15,Rappahannock,Male,2303,202,42
2020-09-15,Central Virginia,Male,1297,55,14
2020-09-15,Alleghany,Not Reported,7,0,0
2020-09-15,Henrico,Male,2364,201,94
2020-09-15,Thomas Jefferson,Male,1381,89,28
2020-09-15,Lord Fairfax,Male,1400,136,53
2020-09-15,Three Rivers,Male,849,48,12
2020-09-15,Richmond,Not Reported,49,2,2
2020-09-15,Pittsylvania-Danville,Male,756,50,9
2020-09-15,Portsmouth,Not Reported,4,0,0
2020-09-15,Norfolk,Not Reported,2,0,0
2020-09-15,Chesapeake,Male,1829,182,27
2020-09-15,Chickahominy,Female,840,74,23
2020-09-15,Prince William,Male,6941,607,130
2020-09-15,Eastern Shore,Not Reported,9,0,0
2020-09-15,Eastern Shore,Male,716,67,22
2020-09-15,Rappahannock Rapidan,Male,1193,98,23
2020-09-15,Henrico,Not Reported,31,0,0
2020-09-15,Cumberland Plateau,Female,341,24,5
2020-09-15,West Piedmont,Male,795,102,26
2020-09-15,Hampton,Not Reported,17,0,0
2020-09-15,Alexandria,Not Reported,11,0,0
2020-09-15,Western Tidewater,Not Reported,3,0,0
2020-09-15,Cumberland Plateau,Not Reported,1,0,0
2020-09-15,Virginia Beach,Male,2953,167,40
2020-09-15,Alleghany,Female,719,29,14
2020-09-15,Lenowisco,Female,423,34,4
2020-09-15,Virginia Beach,Not Reported,17,0,0
2020-09-15,Western Tidewater,Female,1793,80,49
2020-09-15,Mount Rogers,Male,1069,130,53
2020-09-15,Lord Fairfax,Female,1540,125,51
2020-09-15,Piedmont,Not Reported,4,0,0
2020-09-15,Alexandria,Male,1723,165,31
2020-09-15,Pittsylvania-Danville,Not Reported,8,1,0
2020-09-15,West Piedmont,Not Reported,7,0,0
2020-09-15,Loudoun,Female,3249,184,73
2020-09-15,Hampton,Female,954,20,9
2020-09-15,Henrico,Female,2684,197,109
2020-09-15,Prince William,Not Reported,126,2,0
2020-09-15,Chickahominy,Male,811,78,26
2020-09-15,Rappahannock Rapidan,Not Reported,12,0,0
2020-09-15,Peninsula,Female,2142,89,39
2020-09-15,Lenowisco,Not Reported,2,0,0
2020-09-15,Crater,Not Reported,33,2,0
2020-09-15,Chickahominy,Not Reported,33,0,0
2020-09-15,Portsmouth,Male,1107,115,21
2020-09-15,New River,Female,1362,17,4
2020-09-15,Rappahannock,Female,2630,173,27
2020-09-15,Central Virginia,Female,1472,42,11
2020-09-15,Roanoke,Not Reported,13,0,0
2020-09-15,West Piedmont,Female,1062,123,22
2020-09-15,Mount Rogers,Female,1413,83,34
2020-09-15,Piedmont,Male,1244,77,31
2020-09-15,Chesterfield,Female,3032,156,52
2020-09-15,Fairfax,Male,9609,1214,298
2020-09-15,Crater,Male,1983,121,44
2020-09-15,Central Virginia,Not Reported,34,0,0
2020-09-15,Prince William,Female,7164,462,95
2020-09-15,Virginia Beach,Female,3553,182,34
2020-09-15,Norfolk,Female,2435,173,32
2020-09-15,Three Rivers,Female,642,54,15
2020-09-15,Arlington,Male,1891,271,77
2020-09-15,Central Shenandoah,Female,2551,128,32
2020-09-15,Southside,Female,609,35,21
2020-12-19,Peninsula,Female,4405,164,57
2020-12-19,Lenowisco,Not Reported,76,1,0
2020-12-19,Crater,Not Reported,79,3,0
2020-12-19,Chickahominy,Not Reported,66,0,0
2020-12-19,Portsmouth,Male,1819,185,33
2020-12-19,New River,Female,4357,119,50
2020-12-19,Rappahannock,Female,5541,261,47
2020-12-19,Central Virginia,Female,5044,146,43
2020-12-19,Roanoke,Not Reported,19,0,0
2020-12-19,West Piedmont,Female,3324,216,60
2020-12-19,Mount Rogers,Female,4922,265,107
2020-12-19,Piedmont,Male,2604,127,49
2020-12-19,Chesterfield,Female,6623,314,90
2020-12-19,Fairfax,Male,18841,1581,349
2020-12-19,Crater,Male,3677,172,57
2020-12-19,Central Virginia,Not Reported,268,2,1
2020-12-19,Prince William,Female,13122,608,117
2020-12-19,Virginia Beach,Female,7364,337,62
2020-12-19,Norfolk,Female,3920,275,48
2020-12-19,Three Rivers,Female,1911,101,27
2020-12-19,Arlington,Male,3922,353,95
2020-12-19,Central Shenandoah,Female,7009,236,67
2020-12-19,Southside,Female,1392,61,43
2020-12-23,Piedmont,Not Reported,11,0,0
2020-12-23,Alexandria,Male,3229,233,46
2020-12-23,Pittsylvania-Danville,Not Reported,32,2,2
2020-12-23,West Piedmont,Not Reported,17,2,2
2020-12-23,Loudoun,Female,6506,284,91
2020-12-23,Hampton,Female,2150,79,20
2020-12-23,Henrico,Female,5995,341,155
2020-12-23,Prince William,Not Reported,251,2,1
2020-12-23,Chickahominy,Male,2243,133,42
2020-12-23,Rappahannock Rapidan,Not Reported,261,3,0
2020-12-23,Peninsula,Female,4741,168,57
2020-12-23,Lenowisco,Not Reported,81,1,1
2020-12-23,Crater,Not Reported,86,3,0
2020-12-23,Chickahominy,Not Reported,96,0,0
2020-12-23,Portsmouth,Male,1923,187,33
2020-12-23,New River,Female,4550,122,53
2020-12-23,Rappahannock,Female,5900,266,49
2020-12-23,Central Virginia,Female,5365,154,43
2020-09-16,Southside,Not Reported,5,0,0
2020-09-16,Chesapeake,Female,2267,193,26
2020-09-16,Richmond,Female,2172,196,21
2020-09-16,Roanoke,Male,639,26,6
2020-09-16,Fairfax,Not Reported,155,2,5
2020-09-16,Thomas Jefferson,Female,1551,91,34
2020-09-16,Chesapeake,Not Reported,9,0,0
2020-09-16,Cumberland Plateau,Male,301,26,4
2020-09-16,Eastern Shore,Female,740,70,26
2020-09-16,Lord Fairfax,Not Reported,14,0,0
2020-09-16,Rappahannock,Not Reported,9,0,0
2020-09-16,Central Shenandoah,Not Reported,15,0,0
2020-09-16,Peninsula,Male,2000,94,26
2020-09-16,Norfolk,Male,2245,165,34
2020-09-16,Alexandria,Female,1885,140,34
2020-09-16,Lenowisco,Male,415,37,13
2020-09-16,Pittsylvania-Danville,Female,934,74,20
2020-09-16,New River,Not Reported,24,0,0
2020-09-16,Chesterfield,Not Reported,122,0,1
2020-09-16,Loudoun,Male,3203,231,46
2020-09-16,Rappahannock Rapidan,Female,1282,70,23
2020-09-16,Piedmont,Female,626,52,10
2020-09-16,Richmond,Male,2162,205,32
2020-09-16,Crater,Female,1545,140,48
2020-09-16,Portsmouth,Female,1314,145,25
2020-09-16,Arlington,Not Reported,5,0,0
2020-09-16,Mount Rogers,Not Reported,10,0,0
2020-09-16,Thomas Jefferson,Not Reported,4,0,0
2020-09-16,Three Rivers,Not Reported,23,0,0
2020-09-16,Hampton,Male,764,38,11
2020-09-16,Alleghany,Male,654,41,9
2020-09-16,Roanoke,Female,760,31,9
2020-09-16,Loudoun,Not Reported,53,0,0
2020-09-16,Fairfax,Female,10221,922,280
2020-09-16,Western Tidewater,Male,1612,100,54
2020-09-16,Peninsula,Not Reported,19,0,0
2020-09-16,New River,Male,1286,33,8
2020-09-16,Central Shenandoah,Male,2156,126,36
2020-09-16,Southside,Male,658,42,19
2020-09-16,Chesterfield,Male,2904,178,63
2020-09-16,Arlington,Female,1869,216,68
2020-09-16,Rappahannock,Male,2314,203,42
2020-09-16,Central Virginia,Male,1308,55,15
2020-09-16,Alleghany,Not Reported,7,0,0
2020-09-16,Henrico,Male,2382,203,96
2020-09-16,Thomas Jefferson,Male,1388,89,28
2020-09-16,Lord Fairfax,Male,1402,137,53
2020-09-16,Three Rivers,Male,860,48,12
2020-09-16,Richmond,Not Reported,50,2,2
2020-09-16,Pittsylvania-Danville,Male,762,50,9
2020-09-16,Portsmouth,Not Reported,4,0,0
2020-09-16,Norfolk,Not Reported,2,0,0
2020-09-16,Chesapeake,Male,1843,186,29
2020-09-16,Chickahominy,Female,845,75,23
2020-09-16,Prince William,Male,6966,608,131
2020-09-16,Eastern Shore,Not Reported,9,0,0
2020-09-16,Eastern Shore,Male,716,67,23
2020-09-16,Rappahannock Rapidan,Male,1205,98,23
2020-09-16,Henrico,Not Reported,30,0,0
2020-09-16,Cumberland Plateau,Female,349,25,5
2020-09-16,West Piedmont,Male,806,103,27
2020-09-16,Hampton,Not Reported,17,0,0
2020-09-16,Alexandria,Not Reported,12,0,0
2020-09-16,Western Tidewater,Not Reported,4,0,1
2020-09-16,Cumberland Plateau,Not Reported,1,0,0
2020-09-16,Virginia Beach,Male,2951,167,41
2020-09-16,Alleghany,Female,731,29,14
2020-09-16,Lenowisco,Female,426,34,4
2020-09-16,Virginia Beach,Not Reported,17,0,0
2020-09-16,Western Tidewater,Female,1797,80,49
2020-09-16,Mount Rogers,Male,1071,131,54
2020-09-16,Lord Fairfax,Female,1546,125,53
2020-09-16,Piedmont,Not Reported,4,0,0
2020-09-16,Alexandria,Male,1731,165,32
2020-09-16,Pittsylvania-Danville,Not Reported,8,1,0
2020-09-16,West Piedmont,Not Reported,7,0,0
2020-09-16,Loudoun,Female,3267,186,73
2020-09-16,Hampton,Female,955,20,9
2020-09-16,Henrico,Female,2708,200,109
2020-09-16,Prince William,Not Reported,125,2,0
2020-09-16,Chickahominy,Male,815,79,26
2020-09-16,Rappahannock Rapidan,Not Reported,14,0,0
2020-09-16,Peninsula,Female,2163,89,39
2020-09-16,Lenowisco,Not Reported,2,0,0
2020-09-16,Crater,Not Reported,33,2,0
2020-09-16,Chickahominy,Not Reported,33,1,0
2020-09-16,Portsmouth,Male,1109,117,22
2020-09-16,New River,Female,1390,17,4
2020-09-16,Rappahannock,Female,2643,173,28
2020-09-16,Central Virginia,Female,1485,46,13
2020-09-16,Roanoke,Not Reported,14,0,0
2020-09-16,West Piedmont,Female,1070,124,27
2020-09-16,Mount Rogers,Female,1421,85,35
2020-09-16,Piedmont,Male,1246,77,32
2020-09-16,Chesterfield,Female,3051,158,54
2020-09-16,Fairfax,Male,9659,1218,300
2020-09-16,Crater,Male,1991,121,45
2020-09-16,Central Virginia,Not Reported,34,0,0
2020-09-16,Prince William,Female,7186,463,97
2020-09-16,Virginia Beach,Female,3547,182,35
2020-09-16,Norfolk,Female,2438,173,32
2020-09-16,Three Rivers,Female,658,55,15
2020-09-16,Arlington,Male,1905,272,78
2020-09-16,Central Shenandoah,Female,2575,129,33
2020-09-16,Southside,Female,619,35,21
2020-12-20,Southside,Not Reported,17,0,0
2020-12-20,Chesapeake,Female,4389,301,48
2020-12-20,Richmond,Female,4246,268,34
2020-12-20,Roanoke,Male,2095,66,42
2020-12-20,Fairfax,Not Reported,273,2,6
2020-12-20,Thomas Jefferson,Female,3506,172,45
2020-12-20,Chesapeake,Not Reported,19,0,0
2020-12-20,Cumberland Plateau,Male,1932,105,33
2020-12-20,Eastern Shore,Female,1026,83,27
2020-12-20,Lord Fairfax,Not Reported,55,0,0
2020-12-20,Rappahannock,Not Reported,167,0,0
2020-12-20,Central Shenandoah,Not Reported,325,0,0
2020-12-20,Peninsula,Male,4034,184,54
2020-12-20,Norfolk,Male,3811,255,53
2020-12-20,Alexandria,Female,3499,185,39
2020-12-20,Lenowisco,Male,1939,120,53
2020-12-20,Pittsylvania-Danville,Female,2492,166,52
2020-12-20,New River,Not Reported,65,0,2
2020-12-20,Chesterfield,Not Reported,186,0,4
2020-12-20,Loudoun,Male,6255,340,64
2020-12-20,Rappahannock Rapidan,Female,2607,120,28
2020-12-20,Piedmont,Female,1547,102,21
2020-12-20,Richmond,Male,3855,266,54
2020-12-20,Crater,Female,2977,202,67
2020-12-20,Portsmouth,Female,2042,218,42
2020-12-20,Arlington,Not Reported,20,0,0
2020-12-20,Mount Rogers,Not Reported,99,3,2
2020-12-20,Thomas Jefferson,Not Reported,13,0,0
2020-12-20,Three Rivers,Not Reported,42,1,0
2020-12-20,Hampton,Male,1738,108,23
2020-12-20,Alleghany,Male,3325,90,42
2020-12-20,Roanoke,Female,2763,71,44
2020-12-20,Loudoun,Not Reported,119,0,0
2020-12-20,Fairfax,Female,20277,1225,314
2020-12-20,Western Tidewater,Male,3298,169,93
2020-12-20,Peninsula,Not Reported,63,0,0
2020-12-20,New River,Male,3839,102,33
2020-12-20,Central Shenandoah,Male,6423,250,75
2020-12-20,Southside,Male,1297,63,31
2020-12-20,Chesterfield,Male,5958,322,95
2020-12-20,Arlington,Female,3955,280,73
2020-09-17,Southside,Not Reported,5,0,0
2020-09-17,Chesapeake,Female,2281,193,27
2020-09-17,Richmond,Female,2184,197,21
2020-09-17,Roanoke,Male,655,28,7
2020-09-17,Fairfax,Not Reported,160,2,5
2020-09-17,Thomas Jefferson,Female,1615,92,34
2020-09-17,Chesapeake,Not Reported,9,0,0
2020-09-17,Cumberland Plateau,Male,305,26,4
2020-09-17,Eastern Shore,Female,742,70,26
2020-09-17,Lord Fairfax,Not Reported,14,0,0
2020-09-17,Rappahannock,Not Reported,10,0,0
2020-09-17,Central Shenandoah,Not Reported,16,0,0
2020-09-17,Peninsula,Male,2010,94,26
2020-09-17,Norfolk,Male,2257,166,34
2020-09-17,Alexandria,Female,1895,140,34
2020-09-17,Lenowisco,Male,417,38,13
2020-09-17,Pittsylvania-Danville,Female,947,74,20
2020-09-17,New River,Not Reported,24,0,0
2020-09-17,Chesterfield,Not Reported,125,0,1
2020-09-17,Loudoun,Male,3228,232,46
2020-09-17,Rappahannock Rapidan,Female,1290,70,23
2020-09-17,Piedmont,Female,638,52,11
2020-09-17,Richmond,Male,2173,204,32
2020-09-17,Crater,Female,1558,145,50
2020-09-17,Portsmouth,Female,1322,147,26
2020-09-17,Arlington,Not Reported,5,0,0
2020-09-17,Mount Rogers,Not Reported,10,0,0
2020-09-17,Thomas Jefferson,Not Reported,4,0,0
2020-09-17,Three Rivers,Not Reported,26,0,0
2020-09-17,Hampton,Male,768,38,11
2020-09-17,Alleghany,Male,663,41,9
2020-09-17,Roanoke,Female,778,33,9
2020-09-17,Loudoun,Not Reported,55,0,0
2020-09-17,Fairfax,Female,10256,924,280
2020-09-17,Western Tidewater,Male,1647,106,58
2020-09-17,Peninsula,Not Reported,18,0,0
2020-09-17,New River,Male,1309,33,8
2020-09-17,Central Shenandoah,Male,2194,126,37
2020-09-17,Southside,Male,671,42,19
2020-09-17,Chesterfield,Male,2914,180,65
2020-09-17,Arlington,Female,1872,217,68
2020-09-17,Rappahannock,Male,2332,205,42
2020-09-17,Central Virginia,Male,1323,55,15
2020-09-17,Alleghany,Not Reported,7,0,0
2020-09-17,Henrico,Male,2399,203,95
2020-09-17,Thomas Jefferson,Male,1408,89,29
2020-09-17,Lord Fairfax,Male,1412,137,53
2020-09-17,Three Rivers,Male,876,51,13
2020-09-17,Richmond,Not Reported,50,2,3
2020-09-17,Pittsylvania-Danville,Male,769,50,10
2020-09-17,Portsmouth,Not Reported,4,0,0
2020-09-17,Norfolk,Not Reported,2,0,0
2020-09-17,Chesapeake,Male,1851,188,31
2020-09-17,Chickahominy,Female,850,76,23
2020-09-17,Prince William,Male,7009,609,131
2020-09-17,Eastern Shore,Not Reported,9,0,0
2020-09-17,Eastern Shore,Male,716,67,23
2020-09-17,Rappahannock Rapidan,Male,1218,99,23
2020-09-17,Henrico,Not Reported,32,0,0
2020-09-17,Cumberland Plateau,Female,354,25,5
2020-09-17,West Piedmont,Male,822,105,28
2020-09-17,Hampton,Not Reported,17,0,0
2020-09-17,Alexandria,Not Reported,12,0,0
2020-09-17,Western Tidewater,Not Reported,4,0,1
2020-09-17,Cumberland Plateau,Not Reported,1,0,0
2020-09-17,Virginia Beach,Male,2971,167,41
2020-09-17,Alleghany,Female,745,30,15
2020-09-17,Lenowisco,Female,430,34,4
2020-09-17,Virginia Beach,Not Reported,17,0,0
2020-09-17,Western Tidewater,Female,1814,89,54
2020-09-17,Mount Rogers,Male,1079,133,55
2020-09-17,Lord Fairfax,Female,1553,125,53
2020-09-17,Piedmont,Not Reported,4,0,0
2020-09-17,Alexandria,Male,1742,166,32
2020-09-17,Pittsylvania-Danville,Not Reported,8,1,0
2020-09-17,West Piedmont,Not Reported,7,0,0
2020-09-17,Loudoun,Female,3284,188,74
2020-09-17,Hampton,Female,963,20,9
2020-09-17,Henrico,Female,2724,203,110
2020-09-17,Prince William,Not Reported,127,2,0
2020-09-17,Chickahominy,Male,825,79,26
2020-09-17,Rappahannock Rapidan,Not Reported,13,0,0
2020-09-17,Peninsula,Female,2173,89,39
2020-09-17,Lenowisco,Not Reported,2,0,0
2020-09-17,Crater,Not Reported,33,2,0
2020-09-17,Chickahominy,Not Reported,32,1,0
2020-09-17,Portsmouth,Male,1113,119,22
2020-09-17,New River,Female,1407,17,4
2020-09-17,Rappahannock,Female,2674,173,27
2020-09-17,Central Virginia,Female,1509,47,15
2020-09-17,Roanoke,Not Reported,14,0,0
2020-09-17,West Piedmont,Female,1080,125,28
2020-09-17,Mount Rogers,Female,1429,86,37
2020-09-17,Piedmont,Male,1252,77,32
2020-09-17,Chesterfield,Female,3067,159,54
2020-09-17,Fairfax,Male,9705,1221,301
2020-09-17,Crater,Male,2016,121,45
2020-09-17,Central Virginia,Not Reported,35,0,0
2020-09-17,Prince William,Female,7220,465,97
2020-09-17,Virginia Beach,Female,3565,182,37
2020-09-17,Norfolk,Female,2448,176,33
2020-09-17,Three Rivers,Female,670,55,15
2020-09-17,Arlington,Male,1914,274,78
2020-09-17,Central Shenandoah,Female,2619,130,33
2020-09-17,Southside,Female,630,37,21
2020-12-20,Rappahannock,Male,5009,289,66
2020-12-20,Central Virginia,Male,4474,157,60
2020-12-20,Alleghany,Not Reported,122,0,2
2020-12-20,Henrico,Male,4927,316,126
2020-12-20,Thomas Jefferson,Male,3210,167,44
2020-12-20,Lord Fairfax,Male,4046,262,85
2020-12-20,Three Rivers,Male,1943,106,28
2020-12-20,Richmond,Not Reported,124,1,2
2020-12-20,Pittsylvania-Danville,Male,1952,114,36
2020-12-20,Portsmouth,Not Reported,4,0,0
2020-12-20,Norfolk,Not Reported,17,0,0
2020-12-20,Chesapeake,Male,3954,283,46
2020-12-20,Chickahominy,Female,2265,124,44
2020-12-20,Prince William,Male,12600,774,167
2020-12-20,Eastern Shore,Not Reported,9,0,0
2020-12-20,Eastern Shore,Male,942,88,29
2020-12-20,Rappahannock Rapidan,Male,3083,155,34
2020-12-20,Henrico,Not Reported,126,1,0
2020-12-20,Cumberland Plateau,Female,2172,105,21
2020-12-20,West Piedmont,Male,2614,209,61
2020-12-20,Hampton,Not Reported,24,0,0
2020-12-20,Alexandria,Not Reported,20,0,0
2020-12-20,Western Tidewater,Not Reported,9,0,2
2020-12-20,Cumberland Plateau,Not Reported,186,1,1
2020-12-20,Virginia Beach,Male,6647,340,70
2020-12-20,Alleghany,Female,3837,118,73
2020-12-20,Lenowisco,Female,2198,106,52
2020-12-20,Virginia Beach,Not Reported,95,0,0
2020-12-20,Western Tidewater,Female,3254,186,78
2020-12-20,Mount Rogers,Male,4128,296,96
2020-12-20,Lord Fairfax,Female,4823,233,82
2020-12-20,Piedmont,Not Reported,12,0,0
2020-12-20,Alexandria,Male,3141,228,44
2020-12-20,Pittsylvania-Danville,Not Reported,28,2,1
2020-12-20,West Piedmont,Not Reported,16,2,1
2020-12-20,Loudoun,Female,6308,280,91
2020-12-20,Hampton,Female,2071,77,20
2020-12-20,Henrico,Female,5744,336,149
2020-12-20,Prince William,Not Reported,246,2,0
2020-12-20,Chickahominy,Male,2088,133,41
2020-12-20,Rappahannock Rapidan,Not Reported,262,3,0
2020-09-18,Southside,Not Reported,5,0,0
2020-09-18,Chesapeake,Female,2295,193,28
2020-09-18,Richmond,Female,2200,198,20
2020-09-18,Roanoke,Male,676,28,7
2020-09-18,Fairfax,Not Reported,160,2,6
2020-09-18,Thomas Jefferson,Female,1648,92,35
2020-09-18,Chesapeake,Not Reported,9,0,0
2020-09-18,Cumberland Plateau,Male,312,26,4
2020-09-18,Eastern Shore,Female,744,70,26
2020-09-18,Lord Fairfax,Not Reported,14,0,0
2020-09-18,Rappahannock,Not Reported,10,0,0
2020-09-18,Central Shenandoah,Not Reported,15,0,0
2020-09-18,Peninsula,Male,2020,95,27
2020-09-18,Norfolk,Male,2264,168,34
2020-09-18,Alexandria,Female,1910,141,35
2020-09-18,Lenowisco,Male,416,38,13
2020-09-18,Pittsylvania-Danville,Female,963,77,20
2020-09-18,New River,Not Reported,25,0,0
2020-09-18,Chesterfield,Not Reported,127,0,1
2020-09-18,Loudoun,Male,3250,234,46
2020-09-18,Rappahannock Rapidan,Female,1298,70,23
2020-09-18,Piedmont,Female,645,52,11
2020-09-18,Richmond,Male,2184,206,32
2020-09-18,Crater,Female,1578,146,51
2020-09-18,Portsmouth,Female,1325,149,27
2020-09-18,Arlington,Not Reported,5,0,0
2020-09-18,Mount Rogers,Not Reported,10,0,0
2020-09-18,Thomas Jefferson,Not Reported,4,0,0
2020-09-18,Three Rivers,Not Reported,26,0,0
2020-09-18,Hampton,Male,773,38,12
2020-09-18,Alleghany,Male,678,41,9
2020-09-18,Roanoke,Female,818,33,9
2020-09-18,Loudoun,Not Reported,55,0,0
2020-09-18,Fairfax,Female,10319,924,279
2020-09-18,Western Tidewater,Male,1659,107,60
2020-09-18,Peninsula,Not Reported,18,0,0
2020-09-18,New River,Male,1340,35,9
2020-09-18,Central Shenandoah,Male,2230,126,37
2020-09-18,Southside,Male,675,44,21
2020-09-18,Chesterfield,Male,2934,181,64
2020-09-18,Arlington,Female,1887,217,68
2020-09-18,Rappahannock,Male,2358,207,43
2020-09-18,Central Virginia,Male,1342,56,16
2020-09-18,Alleghany,Not Reported,7,0,0
2020-09-18,Henrico,Male,2409,205,96
2020-09-18,Thomas Jefferson,Male,1452,89,30
2020-09-18,Lord Fairfax,Male,1419,137,53
2020-09-18,Three Rivers,Male,887,52,13
2020-09-18,Richmond,Not Reported,50,2,3
2020-09-18,Pittsylvania-Danville,Male,779,50,10
2020-09-18,Portsmouth,Not Reported,4,0,0
2020-09-18,Norfolk,Not Reported,2,0,0
2020-09-18,Chesapeake,Male,1865,189,38
2020-09-18,Chickahominy,Female,853,77,23
2020-09-18,Prince William,Male,7043,609,131
2020-09-18,Eastern Shore,Not Reported,9,0,0
2020-09-18,Eastern Shore,Male,719,68,24
2020-09-18,Rappahannock Rapidan,Male,1231,99,23
2020-09-18,Henrico,Not Reported,33,0,0
2020-09-18,Cumberland Plateau,Female,364,26,5
2020-09-18,West Piedmont,Male,827,105,28
2020-09-18,Hampton,Not Reported,17,0,0
2020-09-18,Alexandria,Not Reported,12,0,0
2020-09-18,Western Tidewater,Not Reported,4,0,1
2020-09-18,Cumberland Plateau,Not Reported,1,0,0
2020-09-18,Virginia Beach,Male,2992,170,41
2020-09-18,Alleghany,Female,756,30,15
2020-09-18,Lenowisco,Female,432,34,4
2020-09-18,Virginia Beach,Not Reported,17,0,0
2020-09-18,Western Tidewater,Female,1819,89,54
2020-09-18,Mount Rogers,Male,1096,133,55
2020-09-18,Lord Fairfax,Female,1558,125,53
2020-09-18,Piedmont,Not Reported,4,0,0
2020-09-18,Alexandria,Male,1749,167,32
2020-09-18,Pittsylvania-Danville,Not Reported,8,1,0
2020-09-18,West Piedmont,Not Reported,7,0,0
2020-09-18,Loudoun,Female,3310,191,76
2020-09-18,Hampton,Female,971,20,9
2020-09-18,Henrico,Female,2740,205,110
2020-09-18,Prince William,Not Reported,126,2,0
2020-09-18,Chickahominy,Male,827,79,26
2020-09-18,Rappahannock Rapidan,Not Reported,13,0,0
2020-09-18,Peninsula,Female,2184,89,39
2020-09-18,Lenowisco,Not Reported,2,0,0
2020-09-18,Crater,Not Reported,33,2,0
2020-09-18,Chickahominy,Not Reported,32,1,0
2020-09-18,Portsmouth,Male,1171,119,22
2020-09-18,New River,Female,1447,17,4
2020-09-18,Rappahannock,Female,2690,173,27
2020-09-18,Central Virginia,Female,1529,48,15
2020-09-18,Roanoke,Not Reported,14,0,0
2020-09-18,West Piedmont,Female,1089,128,31
2020-09-18,Mount Rogers,Female,1449,87,37
2020-09-18,Piedmont,Male,1257,77,32
2020-09-18,Chesterfield,Female,3090,162,54
2020-09-18,Fairfax,Male,9763,1220,302
2020-09-18,Crater,Male,2037,122,45
2020-09-18,Central Virginia,Not Reported,35,0,0
2020-09-18,Prince William,Female,7277,466,97
2020-09-18,Virginia Beach,Female,3587,184,37
2020-09-18,Norfolk,Female,2455,178,33
2020-09-18,Three Rivers,Female,681,55,16
2020-09-18,Arlington,Male,1927,274,78
2020-09-18,Central Shenandoah,Female,2679,130,33
2020-09-18,Southside,Female,638,40,21
2020-12-20,Peninsula,Female,4476,166,57
2020-12-20,Lenowisco,Not Reported,78,1,0
2020-12-20,Crater,Not Reported,80,3,0
2020-12-20,Chickahominy,Not Reported,67,0,0
2020-12-20,Portsmouth,Male,1849,186,33
2020-12-20,New River,Female,4394,119,50
2020-12-20,Rappahannock,Female,5585,262,48
2020-12-20,Central Virginia,Female,5116,146,43
2020-12-20,Roanoke,Not Reported,19,0,0
2020-12-20,West Piedmont,Female,3345,217,60
2020-12-20,Mount Rogers,Female,5020,267,108
2020-12-20,Piedmont,Male,2650,127,49
2020-12-20,Chesterfield,Female,6654,317,90
2020-12-20,Fairfax,Male,19087,1584,350
2020-12-20,Crater,Male,3700,173,57
2020-12-20,Central Virginia,Not Reported,272,2,1
2020-12-20,Prince William,Female,13271,609,117
2020-12-20,Virginia Beach,Female,7484,337,62
2020-12-20,Norfolk,Female,3939,275,48
2020-12-20,Three Rivers,Female,1945,101,27
2020-12-20,Arlington,Male,4000,354,95
2020-12-20,Central Shenandoah,Female,7099,238,67
2020-12-20,Southside,Female,1400,61,43
2020-12-23,Roanoke,Not Reported,19,0,0
2020-12-23,West Piedmont,Female,3479,221,63
2020-12-23,Mount Rogers,Female,5205,277,110
2020-12-23,Piedmont,Male,2736,128,49
2020-12-23,Chesterfield,Female,6920,324,91
2020-12-23,Fairfax,Male,19880,1611,354
2020-12-23,Crater,Male,3755,176,58
2020-12-23,Central Virginia,Not Reported,281,2,1
2020-12-23,Prince William,Female,13794,616,118
2020-12-23,Virginia Beach,Female,7804,351,67
2020-12-23,Norfolk,Female,4126,284,50
2020-12-23,Three Rivers,Female,2087,106,27
2020-12-23,Arlington,Male,4118,357,99
2020-12-23,Central Shenandoah,Female,7358,249,68
2020-12-23,Southside,Female,1448,64,45
2020-09-19,Southside,Not Reported,5,0,0
2020-09-19,Chesapeake,Female,2304,193,29
2020-09-19,Richmond,Female,2219,198,20
2020-09-19,Roanoke,Male,698,28,7
2020-09-19,Fairfax,Not Reported,161,2,6
2020-09-19,Thomas Jefferson,Female,1688,92,36
2020-09-19,Chesapeake,Not Reported,9,0,0
2020-09-19,Cumberland Plateau,Male,320,26,4
2020-09-19,Eastern Shore,Female,743,70,26
2020-09-19,Lord Fairfax,Not Reported,14,0,0
2020-09-19,Rappahannock,Not Reported,11,0,0
2020-09-19,Central Shenandoah,Not Reported,14,0,0
2020-09-19,Peninsula,Male,2032,95,27
2020-09-19,Norfolk,Male,2266,170,35
2020-09-19,Alexandria,Female,1918,141,35
2020-09-19,Lenowisco,Male,420,38,13
2020-09-19,Pittsylvania-Danville,Female,965,78,21
2020-09-19,New River,Not Reported,28,0,0
2020-09-19,Chesterfield,Not Reported,127,0,1
2020-09-19,Loudoun,Male,3263,234,46
2020-09-19,Rappahannock Rapidan,Female,1306,70,23
2020-09-19,Piedmont,Female,651,52,13
2020-09-19,Richmond,Male,2199,208,32
2020-09-19,Crater,Female,1593,146,51
2020-09-19,Portsmouth,Female,1326,149,27
2020-09-19,Arlington,Not Reported,5,0,0
2020-09-19,Mount Rogers,Not Reported,10,0,0
2020-09-19,Thomas Jefferson,Not Reported,4,0,0
2020-09-19,Three Rivers,Not Reported,26,0,0
2020-09-19,Hampton,Male,775,38,12
2020-09-19,Alleghany,Male,681,41,9
2020-09-19,Roanoke,Female,849,33,10
2020-09-19,Loudoun,Not Reported,54,0,0
2020-09-19,Fairfax,Female,10384,925,281
2020-09-19,Western Tidewater,Male,1665,107,61
2020-09-19,Peninsula,Not Reported,22,0,0
2020-09-19,New River,Male,1365,36,10
2020-09-19,Central Shenandoah,Male,2247,126,37
2020-09-19,Southside,Male,678,44,21
2020-09-19,Chesterfield,Male,2945,181,64
2020-09-19,Arlington,Female,1894,217,68
2020-09-19,Rappahannock,Male,2376,208,44
2020-09-19,Central Virginia,Male,1369,56,16
2020-09-19,Alleghany,Not Reported,7,0,0
2020-09-19,Henrico,Male,2432,208,98
2020-09-19,Thomas Jefferson,Male,1476,89,30
2020-09-19,Lord Fairfax,Male,1424,137,54
2020-09-19,Three Rivers,Male,903,54,14
2020-09-19,Richmond,Not Reported,50,2,3
2020-09-19,Pittsylvania-Danville,Male,779,51,10
2020-09-19,Portsmouth,Not Reported,4,0,0
2020-09-19,Norfolk,Not Reported,2,0,0
2020-09-19,Chesapeake,Male,1871,190,38
2020-09-19,Chickahominy,Female,858,77,24
2020-09-19,Prince William,Male,7070,610,133
2020-09-19,Eastern Shore,Not Reported,9,0,0
2020-09-19,Eastern Shore,Male,719,68,24
2020-09-19,Rappahannock Rapidan,Male,1234,99,23
2020-09-19,Henrico,Not Reported,34,0,0
2020-09-19,Cumberland Plateau,Female,371,26,5
2020-09-19,West Piedmont,Male,835,107,29
2020-09-19,Hampton,Not Reported,17,0,0
2020-09-19,Alexandria,Not Reported,11,0,0
2020-09-19,Western Tidewater,Not Reported,4,0,1
2020-09-19,Cumberland Plateau,Not Reported,1,0,0
2020-09-19,Virginia Beach,Male,3008,170,42
2020-09-19,Alleghany,Female,765,31,16
2020-09-19,Lenowisco,Female,436,34,4
2020-09-19,Virginia Beach,Not Reported,17,0,0
2020-09-19,Western Tidewater,Female,1830,89,56
2020-09-19,Mount Rogers,Male,1109,135,56
2020-09-19,Lord Fairfax,Female,1564,125,53
2020-09-19,Piedmont,Not Reported,4,0,0
2020-09-19,Alexandria,Male,1755,169,33
2020-09-19,Pittsylvania-Danville,Not Reported,8,1,0
2020-09-19,West Piedmont,Not Reported,7,0,0
2020-09-19,Loudoun,Female,3316,192,77
2020-09-19,Hampton,Female,976,21,9
2020-09-19,Henrico,Female,2758,205,110
2020-09-19,Prince William,Not Reported,124,2,0
2020-09-19,Chickahominy,Male,838,80,26
2020-09-19,Rappahannock Rapidan,Not Reported,15,0,0
2020-09-19,Peninsula,Female,2199,89,40
2020-09-19,Lenowisco,Not Reported,2,0,0
2020-09-19,Crater,Not Reported,33,2,0
2020-09-19,Chickahominy,Not Reported,33,1,0
2020-09-19,Portsmouth,Male,1188,119,24
2020-09-19,New River,Female,1479,17,4
2020-09-19,Rappahannock,Female,2700,174,27
2020-09-19,Central Virginia,Female,1551,50,17
2020-09-19,Roanoke,Not Reported,16,0,0
2020-09-19,West Piedmont,Female,1101,129,33
2020-09-19,Mount Rogers,Female,1467,90,39
2020-09-19,Piedmont,Male,1261,77,33
2020-09-19,Chesterfield,Female,3104,163,54
2020-09-19,Fairfax,Male,9812,1223,305
2020-09-19,Crater,Male,2062,123,45
2020-09-19,Central Virginia,Not Reported,35,0,0
2020-09-19,Prince William,Female,7315,466,98
2020-09-19,Virginia Beach,Female,3595,185,37
2020-09-19,Norfolk,Female,2455,181,33
2020-09-19,Three Rivers,Female,701,55,16
2020-09-19,Arlington,Male,1936,274,78
2020-09-19,Central Shenandoah,Female,2698,130,33
2020-09-19,Southside,Female,642,40,21
2020-12-21,Southside,Not Reported,17,0,0
2020-12-21,Chesapeake,Female,4427,301,48
2020-12-21,Richmond,Female,4313,271,34
2020-12-21,Roanoke,Male,2099,66,42
2020-12-21,Fairfax,Not Reported,276,2,6
2020-12-21,Thomas Jefferson,Female,3530,173,45
2020-12-21,Chesapeake,Not Reported,19,0,0
2020-12-21,Cumberland Plateau,Male,1941,106,33
2020-12-21,Eastern Shore,Female,1029,83,27
2020-12-21,Lord Fairfax,Not Reported,55,0,0
2020-12-21,Rappahannock,Not Reported,167,0,0
2020-12-21,Central Shenandoah,Not Reported,320,1,0
2020-12-21,Peninsula,Male,4062,186,54
2020-12-21,Norfolk,Male,3836,256,53
2020-12-21,Alexandria,Female,3535,186,39
2020-12-21,Lenowisco,Male,1969,120,53
2020-12-21,Pittsylvania-Danville,Female,2513,167,53
2020-12-21,New River,Not Reported,67,0,2
2020-12-21,Chesterfield,Not Reported,187,0,4
2020-12-21,Loudoun,Male,6339,341,64
2020-12-21,Rappahannock Rapidan,Female,2650,120,28
2020-12-21,Piedmont,Female,1567,102,21
2020-12-21,Richmond,Male,3910,266,54
2020-12-21,Crater,Female,3026,202,67
2020-12-21,Portsmouth,Female,2071,218,42
2020-12-21,Arlington,Not Reported,22,0,0
2020-12-21,Mount Rogers,Not Reported,98,3,2
2020-12-21,Thomas Jefferson,Not Reported,13,0,0
2020-12-21,Three Rivers,Not Reported,42,1,0
2020-12-21,Hampton,Male,1791,109,23
2020-12-21,Alleghany,Male,3359,90,42
2020-12-21,Roanoke,Female,2773,71,44
2020-12-21,Loudoun,Not Reported,122,0,0
2020-12-21,Fairfax,Female,20730,1231,314
2020-12-21,Western Tidewater,Male,3323,171,93
2020-12-21,Peninsula,Not Reported,65,0,0
2020-12-21,New River,Male,3901,102,33
2020-12-21,Central Shenandoah,Male,6549,253,75
2020-12-21,Southside,Male,1302,63,31
2020-12-21,Chesterfield,Male,6008,324,95
2020-12-21,Arlington,Female,3994,280,73
2020-09-20,Southside,Not Reported,5,0,0
2020-09-20,Chesapeake,Female,2309,195,30
2020-09-20,Richmond,Female,2233,198,21
2020-09-20,Roanoke,Male,702,29,8
2020-09-20,Fairfax,Not Reported,162,2,6
2020-09-20,Thomas Jefferson,Female,1716,92,37
2020-09-20,Chesapeake,Not Reported,9,0,0
2020-09-20,Cumberland Plateau,Male,325,26,4
2020-09-20,Eastern Shore,Female,743,70,26
2020-09-20,Lord Fairfax,Not Reported,14,0,0
2020-09-20,Rappahannock,Not Reported,11,0,0
2020-09-20,Central Shenandoah,Not Reported,15,0,0
2020-09-20,Peninsula,Male,2043,95,27
2020-09-20,Norfolk,Male,2274,171,35
2020-09-20,Alexandria,Female,1924,142,35
2020-09-20,Lenowisco,Male,422,40,14
2020-09-20,Pittsylvania-Danville,Female,979,80,21
2020-09-20,New River,Not Reported,29,0,0
2020-09-20,Chesterfield,Not Reported,125,0,1
2020-09-20,Loudoun,Male,3268,234,46
2020-09-20,Rappahannock Rapidan,Female,1313,71,23
2020-09-20,Piedmont,Female,654,52,13
2020-09-20,Richmond,Male,2209,208,32
2020-09-20,Crater,Female,1599,146,55
2020-09-20,Portsmouth,Female,1328,151,28
2020-09-20,Arlington,Not Reported,5,0,0
2020-09-20,Mount Rogers,Not Reported,10,0,0
2020-09-20,Thomas Jefferson,Not Reported,4,0,0
2020-09-20,Three Rivers,Not Reported,26,0,0
2020-09-20,Hampton,Male,780,38,12
2020-09-20,Alleghany,Male,686,41,9
2020-09-20,Roanoke,Female,859,33,13
2020-09-20,Loudoun,Not Reported,54,0,0
2020-09-20,Fairfax,Female,10431,925,281
2020-09-20,Western Tidewater,Male,1676,107,62
2020-09-20,Peninsula,Not Reported,25,0,0
2020-09-20,New River,Male,1399,36,10
2020-09-20,Central Shenandoah,Male,2284,126,37
2020-09-20,Southside,Male,682,44,21
2020-09-20,Chesterfield,Male,2963,182,65
2020-09-20,Arlington,Female,1897,217,68
2020-09-20,Rappahannock,Male,2387,208,44
2020-09-20,Central Virginia,Male,1380,56,16
2020-09-20,Alleghany,Not Reported,7,0,0
2020-09-20,Henrico,Male,2450,209,99
2020-09-20,Thomas Jefferson,Male,1502,89,30
2020-09-20,Lord Fairfax,Male,1432,138,54
2020-09-20,Three Rivers,Male,915,55,15
2020-09-20,Richmond,Not Reported,53,2,3
2020-09-20,Pittsylvania-Danville,Male,791,53,10
2020-09-20,Portsmouth,Not Reported,4,0,0
2020-09-20,Norfolk,Not Reported,2,0,0
2020-09-20,Chesapeake,Male,1880,190,38
2020-09-20,Chickahominy,Female,864,77,24
2020-09-20,Prince William,Male,7101,611,133
2020-09-20,Eastern Shore,Not Reported,9,0,0
2020-09-20,Eastern Shore,Male,719,68,24
2020-09-20,Rappahannock Rapidan,Male,1240,99,23
2020-09-20,Henrico,Not Reported,37,0,0
2020-09-20,Cumberland Plateau,Female,375,26,5
2020-09-20,West Piedmont,Male,842,108,29
2020-09-20,Hampton,Not Reported,17,0,0
2020-09-20,Alexandria,Not Reported,13,0,0
2020-09-20,Western Tidewater,Not Reported,4,0,1
2020-09-20,Cumberland Plateau,Not Reported,1,0,0
2020-09-20,Virginia Beach,Male,3018,170,42
2020-09-20,Alleghany,Female,780,31,16
2020-09-20,Lenowisco,Female,437,34,4
2020-09-20,Virginia Beach,Not Reported,17,0,0
2020-09-20,Western Tidewater,Female,1833,89,56
2020-09-20,Mount Rogers,Male,1114,135,56
2020-09-20,Lord Fairfax,Female,1569,125,54
2020-09-20,Piedmont,Not Reported,4,0,0
2020-09-20,Alexandria,Male,1759,170,33
2020-09-20,Pittsylvania-Danville,Not Reported,8,1,0
2020-09-20,West Piedmont,Not Reported,7,0,0
2020-09-20,Loudoun,Female,3334,192,77
2020-09-20,Hampton,Female,983,21,9
2020-09-20,Henrico,Female,2782,207,110
2020-09-20,Prince William,Not Reported,126,2,0
2020-09-20,Chickahominy,Male,844,80,26
2020-09-20,Rappahannock Rapidan,Not Reported,16,0,0
2020-09-20,Peninsula,Female,2213,90,40
2020-09-20,Lenowisco,Not Reported,2,0,0
2020-09-20,Crater,Not Reported,33,2,0
2020-09-20,Chickahominy,Not Reported,33,1,0
2020-09-20,Portsmouth,Male,1190,119,25
2020-09-20,New River,Female,1497,17,4
2020-09-20,Rappahannock,Female,2707,175,27
2020-09-20,Central Virginia,Female,1564,50,18
2020-09-20,Roanoke,Not Reported,16,0,0
2020-09-20,West Piedmont,Female,1113,129,33
2020-09-20,Mount Rogers,Female,1474,90,41
2020-09-20,Piedmont,Male,1264,77,33
2020-09-20,Chesterfield,Female,3126,164,54
2020-09-20,Fairfax,Male,9868,1224,307
2020-09-20,Crater,Male,2065,123,45
2020-09-20,Central Virginia,Not Reported,35,0,0
2020-09-20,Prince William,Female,7360,467,98
2020-09-20,Virginia Beach,Female,3609,185,37
2020-09-20,Norfolk,Female,2469,181,33
2020-09-20,Three Rivers,Female,712,55,16
2020-09-20,Arlington,Male,1938,275,78
2020-09-20,Central Shenandoah,Female,2727,130,33
2020-09-20,Southside,Female,648,40,22
2020-12-21,Rappahannock,Male,5158,290,66
2020-12-21,Central Virginia,Male,4519,157,60
2020-12-21,Alleghany,Not Reported,122,0,2
2020-12-21,Henrico,Male,4989,318,126
2020-12-21,Thomas Jefferson,Male,3228,167,44
2020-12-21,Lord Fairfax,Male,4107,264,85
2020-12-21,Three Rivers,Male,1960,108,28
2020-12-21,Richmond,Not Reported,126,1,2
2020-12-21,Pittsylvania-Danville,Male,1963,115,36
2020-12-21,Portsmouth,Not Reported,4,0,0
2020-12-21,Norfolk,Not Reported,17,0,0
2020-12-21,Chesapeake,Male,3989,283,46
2020-12-21,Chickahominy,Female,2340,124,44
2020-12-21,Prince William,Male,12659,774,167
2020-12-21,Eastern Shore,Not Reported,9,0,0
2020-12-21,Eastern Shore,Male,947,90,29
2020-12-21,Rappahannock Rapidan,Male,3108,156,34
2020-12-21,Henrico,Not Reported,126,1,0
2020-12-21,Cumberland Plateau,Female,2191,106,21
2020-12-21,West Piedmont,Male,2643,210,61
2020-12-21,Hampton,Not Reported,24,0,0
2020-12-21,Alexandria,Not Reported,20,0,0
2020-12-21,Western Tidewater,Not Reported,9,0,2
2020-12-21,Cumberland Plateau,Not Reported,188,1,1
2020-12-21,Virginia Beach,Male,6740,340,70
2020-12-21,Alleghany,Female,3878,118,73
2020-12-21,Lenowisco,Female,2219,107,52
2020-12-21,Virginia Beach,Not Reported,97,0,0
2020-12-21,Western Tidewater,Female,3299,190,80
2020-12-21,Mount Rogers,Male,4149,303,96
2020-12-21,Lord Fairfax,Female,4887,234,82
2020-12-21,Piedmont,Not Reported,13,0,0
2020-12-21,Alexandria,Male,3162,228,44
2020-12-21,Pittsylvania-Danville,Not Reported,28,2,1
2020-12-21,West Piedmont,Not Reported,16,2,1
2020-12-21,Loudoun,Female,6400,280,91
2020-12-21,Hampton,Female,2115,77,20
2020-12-21,Henrico,Female,5809,337,149
2020-12-21,Prince William,Not Reported,247,2,0
2020-12-21,Chickahominy,Male,2142,133,41
2020-12-21,Rappahannock Rapidan,Not Reported,261,3,0
2020-09-21,Southside,Not Reported,5,0,0
2020-09-21,Chesapeake,Female,2314,197,30
2020-09-21,Richmond,Female,2247,199,21
2020-09-21,Roanoke,Male,702,29,9
2020-09-21,Fairfax,Not Reported,162,2,6
2020-09-21,Thomas Jefferson,Female,1724,92,37
2020-09-21,Chesapeake,Not Reported,8,0,0
2020-09-21,Cumberland Plateau,Male,327,26,4
2020-09-21,Eastern Shore,Female,744,70,26
2020-09-21,Lord Fairfax,Not Reported,14,0,0
2020-09-21,Rappahannock,Not Reported,11,0,0
2020-09-21,Central Shenandoah,Not Reported,15,0,0
2020-09-21,Peninsula,Male,2053,96,27
2020-09-21,Norfolk,Male,2274,171,35
2020-09-21,Alexandria,Female,1934,142,35
2020-09-21,Lenowisco,Male,425,40,14
2020-09-21,Pittsylvania-Danville,Female,988,80,22
2020-09-21,New River,Not Reported,29,0,0
2020-09-21,Chesterfield,Not Reported,124,0,1
2020-09-21,Loudoun,Male,3278,234,46
2020-09-21,Rappahannock Rapidan,Female,1316,71,23
2020-09-21,Piedmont,Female,654,52,13
2020-09-21,Richmond,Male,2215,208,32
2020-09-21,Crater,Female,1607,146,55
2020-09-21,Portsmouth,Female,1329,151,28
2020-09-21,Arlington,Not Reported,5,0,0
2020-09-21,Mount Rogers,Not Reported,9,0,0
2020-09-21,Thomas Jefferson,Not Reported,4,0,0
2020-09-21,Three Rivers,Not Reported,26,0,0
2020-09-21,Hampton,Male,782,40,12
2020-09-21,Alleghany,Male,684,41,9
2020-09-21,Roanoke,Female,860,33,13
2020-09-21,Loudoun,Not Reported,54,0,0
2020-09-21,Fairfax,Female,10452,925,281
2020-09-21,Western Tidewater,Male,1714,107,62
2020-09-21,Peninsula,Not Reported,21,0,0
2020-09-21,New River,Male,1420,36,10
2020-09-21,Central Shenandoah,Male,2311,126,37
2020-09-21,Southside,Male,687,44,21
2020-09-21,Chesterfield,Male,2984,183,65
2020-09-21,Arlington,Female,1903,217,68
2020-09-21,Rappahannock,Male,2401,208,44
2020-09-21,Central Virginia,Male,1391,56,16
2020-09-21,Alleghany,Not Reported,7,0,0
2020-09-21,Henrico,Male,2461,209,99
2020-09-21,Thomas Jefferson,Male,1513,89,30
2020-09-21,Lord Fairfax,Male,1434,138,54
2020-09-21,Three Rivers,Male,921,55,15
2020-09-21,Richmond,Not Reported,54,2,3
2020-09-21,Pittsylvania-Danville,Male,794,53,12
2020-09-21,Portsmouth,Not Reported,4,0,0
2020-09-21,Norfolk,Not Reported,2,0,0
2020-09-21,Chesapeake,Male,1890,192,38
2020-09-21,Chickahominy,Female,870,77,24
2020-09-21,Prince William,Male,7118,612,133
2020-09-21,Eastern Shore,Not Reported,9,0,0
2020-09-21,Eastern Shore,Male,719,68,24
2020-09-21,Rappahannock Rapidan,Male,1243,99,24
2020-09-21,Henrico,Not Reported,37,0,0
2020-09-21,Cumberland Plateau,Female,382,26,5
2020-09-21,West Piedmont,Male,843,108,29
2020-09-21,Hampton,Not Reported,17,0,0
2020-09-21,Alexandria,Not Reported,13,0,0
2020-09-21,Western Tidewater,Not Reported,4,0,1
2020-09-21,Cumberland Plateau,Not Reported,1,0,0
2020-09-21,Virginia Beach,Male,3025,170,42
2020-09-21,Alleghany,Female,779,31,16
2020-09-21,Lenowisco,Female,437,34,4
2020-09-21,Virginia Beach,Not Reported,17,0,0
2020-09-21,Western Tidewater,Female,1843,89,56
2020-09-21,Mount Rogers,Male,1131,137,56
2020-09-21,Lord Fairfax,Female,1578,126,54
2020-09-21,Piedmont,Not Reported,4,0,0
2020-09-21,Alexandria,Male,1769,170,33
2020-09-21,Pittsylvania-Danville,Not Reported,8,1,0
2020-09-21,West Piedmont,Not Reported,7,0,0
2020-09-21,Loudoun,Female,3346,192,77
2020-09-21,Hampton,Female,983,23,9
2020-09-21,Henrico,Female,2797,207,110
2020-09-21,Prince William,Not Reported,126,2,0
2020-09-21,Chickahominy,Male,847,80,26
2020-09-21,Rappahannock Rapidan,Not Reported,16,0,0
2020-09-21,Peninsula,Female,2221,90,40
2020-09-21,Lenowisco,Not Reported,2,0,0
2020-09-21,Crater,Not Reported,33,2,0
2020-09-21,Chickahominy,Not Reported,33,1,0
2020-09-21,Portsmouth,Male,1192,120,25
2020-09-21,New River,Female,1521,17,4
2020-09-21,Rappahannock,Female,2716,175,27
2020-09-21,Central Virginia,Female,1579,50,18
2020-09-21,Roanoke,Not Reported,16,0,0
2020-09-21,West Piedmont,Female,1113,129,33
2020-09-21,Mount Rogers,Female,1501,90,41
2020-09-21,Piedmont,Male,1265,77,33
2020-09-21,Chesterfield,Female,3148,165,54
2020-09-21,Fairfax,Male,9893,1226,307
2020-09-21,Crater,Male,2087,123,45
2020-09-21,Central Virginia,Not Reported,37,0,0
2020-09-21,Prince William,Female,7375,468,98
2020-09-21,Virginia Beach,Female,3614,185,37
2020-09-21,Norfolk,Female,2469,181,33
2020-09-21,Three Rivers,Female,718,56,16
2020-09-21,Arlington,Male,1943,276,79
2020-09-21,Central Shenandoah,Female,2755,130,33
2020-09-21,Southside,Female,651,40,22
2020-12-21,Peninsula,Female,4521,166,57
2020-12-21,Lenowisco,Not Reported,80,1,0
2020-12-21,Crater,Not Reported,85,3,0
2020-12-21,Chickahominy,Not Reported,82,0,0
2020-12-21,Portsmouth,Male,1872,187,33
2020-12-21,New River,Female,4443,119,50
2020-12-21,Rappahannock,Female,5749,263,48
2020-12-21,Central Virginia,Female,5167,146,43
2020-12-21,Roanoke,Not Reported,19,0,0
2020-12-21,West Piedmont,Female,3382,218,60
2020-12-21,Mount Rogers,Female,5055,271,108
2020-12-21,Piedmont,Male,2698,127,49
2020-12-21,Chesterfield,Female,6703,317,90
2020-12-21,Fairfax,Male,19545,1587,350
2020-12-21,Crater,Male,3728,175,57
2020-12-21,Central Virginia,Not Reported,282,2,1
2020-12-21,Prince William,Female,13376,610,117
2020-12-21,Virginia Beach,Female,7599,337,62
2020-12-21,Norfolk,Female,3970,275,48
2020-12-21,Three Rivers,Female,1976,101,27
2020-12-21,Arlington,Male,4038,354,96
2020-12-21,Central Shenandoah,Female,7192,241,67
2020-12-21,Southside,Female,1403,62,43
2020-12-24,Southside,Not Reported,22,0,0
2020-12-24,Chesapeake,Female,4603,307,49
2020-12-24,Richmond,Female,4491,275,34
2020-12-24,Roanoke,Male,2155,67,43
2020-12-24,Fairfax,Not Reported,283,3,10
2020-12-24,Thomas Jefferson,Female,3661,174,45
2020-12-24,Chesapeake,Not Reported,25,0,1
2020-12-24,Cumberland Plateau,Male,2136,115,37
2020-12-24,Eastern Shore,Female,1063,84,27
2020-12-24,Lord Fairfax,Not Reported,59,0,1
2020-12-24,Rappahannock,Not Reported,186,0,0
2020-12-24,Central Shenandoah,Not Reported,364,1,1
2020-12-24,Peninsula,Male,4277,194,56
2020-12-24,Norfolk,Male,4047,259,54
2020-12-24,Alexandria,Female,3636,189,39
2020-12-24,Lenowisco,Male,2077,126,57
2020-12-24,Pittsylvania-Danville,Female,2619,174,57
2020-12-24,New River,Not Reported,72,0,3
2020-09-22,Southside,Not Reported,5,0,0
2020-09-22,Chesapeake,Female,2319,198,30
2020-09-22,Richmond,Female,2259,200,22
2020-09-22,Roanoke,Male,717,29,9
2020-09-22,Fairfax,Not Reported,162,2,6
2020-09-22,Thomas Jefferson,Female,1732,92,38
2020-09-22,Chesapeake,Not Reported,8,0,0
2020-09-22,Cumberland Plateau,Male,331,26,4
2020-09-22,Eastern Shore,Female,744,71,26
2020-09-22,Lord Fairfax,Not Reported,14,0,0
2020-09-22,Rappahannock,Not Reported,12,0,0
2020-09-22,Central Shenandoah,Not Reported,17,0,0
2020-09-22,Peninsula,Male,2056,97,29
2020-09-22,Norfolk,Male,2285,171,38
2020-09-22,Alexandria,Female,1938,142,35
2020-09-22,Lenowisco,Male,427,40,15
2020-09-22,Pittsylvania-Danville,Female,995,81,22
2020-09-22,New River,Not Reported,30,0,0
2020-09-22,Chesterfield,Not Reported,125,0,1
2020-09-22,Loudoun,Male,3283,235,46
2020-09-22,Rappahannock Rapidan,Female,1320,71,23
2020-09-22,Piedmont,Female,666,53,13
2020-09-22,Richmond,Male,2226,211,33
2020-09-22,Crater,Female,1612,146,56
2020-09-22,Portsmouth,Female,1332,153,31
2020-09-22,Arlington,Not Reported,5,0,0
2020-09-22,Mount Rogers,Not Reported,9,0,0
2020-09-22,Thomas Jefferson,Not Reported,4,0,0
2020-09-22,Three Rivers,Not Reported,25,0,0
2020-09-22,Hampton,Male,786,40,12
2020-09-22,Alleghany,Male,685,41,9
2020-09-22,Roanoke,Female,877,34,13
2020-09-22,Loudoun,Not Reported,55,0,0
2020-09-22,Fairfax,Female,10480,931,281
2020-09-22,Western Tidewater,Male,1874,107,62
2020-09-22,Peninsula,Not Reported,21,0,0
2020-09-22,New River,Male,1426,38,10
2020-09-22,Central Shenandoah,Male,2331,127,37
2020-09-22,Southside,Male,689,44,21
2020-09-22,Chesterfield,Male,3001,186,66
2020-09-22,Arlington,Female,1905,218,69
2020-09-22,Rappahannock,Male,2415,208,44
2020-09-22,Central Virginia,Male,1405,56,16
2020-09-22,Alleghany,Not Reported,7,0,0
2020-09-22,Henrico,Male,2472,212,100
2020-09-22,Thomas Jefferson,Male,1520,89,31
2020-09-22,Lord Fairfax,Male,1434,138,54
2020-09-22,Three Rivers,Male,918,52,13
2020-09-22,Richmond,Not Reported,55,2,3
2020-09-22,Pittsylvania-Danville,Male,799,53,12
2020-09-22,Portsmouth,Not Reported,4,0,0
2020-09-22,Norfolk,Not Reported,2,0,0
2020-09-22,Chesapeake,Male,1893,194,39
2020-09-22,Chickahominy,Female,878,77,24
2020-09-22,Prince William,Male,7157,612,134
2020-09-22,Eastern Shore,Not Reported,9,0,0
2020-09-22,Eastern Shore,Male,719,68,24
2020-09-22,Rappahannock Rapidan,Male,1246,99,24
2020-09-22,Henrico,Not Reported,35,0,0
2020-09-22,Cumberland Plateau,Female,384,27,6
2020-09-22,West Piedmont,Male,856,109,29
2020-09-22,Hampton,Not Reported,17,0,0
2020-09-22,Alexandria,Not Reported,13,0,0
2020-09-22,Western Tidewater,Not Reported,4,0,1
2020-09-22,Cumberland Plateau,Not Reported,1,0,0
2020-09-22,Virginia Beach,Male,3030,171,42
2020-09-22,Alleghany,Female,779,31,16
2020-09-22,Lenowisco,Female,439,34,4
2020-09-22,Virginia Beach,Not Reported,17,0,0
2020-09-22,Western Tidewater,Female,1851,89,57
2020-09-22,Mount Rogers,Male,1138,140,56
2020-09-22,Lord Fairfax,Female,1592,126,55
2020-09-22,Piedmont,Not Reported,4,0,0
2020-09-22,Alexandria,Male,1776,172,33
2020-09-22,Pittsylvania-Danville,Not Reported,8,1,0
2020-09-22,West Piedmont,Not Reported,7,0,0
2020-09-22,Loudoun,Female,3360,193,77
2020-09-22,Hampton,Female,986,23,9
2020-09-22,Henrico,Female,2808,208,110
2020-09-22,Prince William,Not Reported,125,2,0
2020-09-22,Chickahominy,Male,853,81,26
2020-09-22,Rappahannock Rapidan,Not Reported,16,0,0
2020-09-22,Peninsula,Female,2232,90,40
2020-09-22,Lenowisco,Not Reported,2,0,0
2020-09-22,Crater,Not Reported,36,3,0
2020-09-22,Chickahominy,Not Reported,34,1,0
2020-09-22,Portsmouth,Male,1193,121,27
2020-09-22,New River,Female,1530,17,7
2020-09-22,Rappahannock,Female,2736,176,29
2020-09-22,Central Virginia,Female,1599,53,18
2020-09-22,Roanoke,Not Reported,16,0,0
2020-09-22,West Piedmont,Female,1128,128,33
2020-09-22,Mount Rogers,Female,1514,92,43
2020-09-22,Piedmont,Male,1270,78,34
2020-09-22,Chesterfield,Female,3170,167,56
2020-09-22,Fairfax,Male,9934,1235,309
2020-09-22,Crater,Male,2145,124,46
2020-09-22,Central Virginia,Not Reported,37,0,0
2020-09-22,Prince William,Female,7409,469,99
2020-09-22,Virginia Beach,Female,3627,186,39
2020-09-22,Norfolk,Female,2477,181,34
2020-09-22,Three Rivers,Female,720,56,16
2020-09-22,Arlington,Male,1945,276,79
2020-09-22,Central Shenandoah,Female,2782,131,33
2020-09-22,Southside,Female,654,40,22
2020-12-22,Southside,Not Reported,17,0,0
2020-12-22,Chesapeake,Female,4491,303,49
2020-12-22,Richmond,Female,4372,271,34
2020-12-22,Roanoke,Male,2116,66,43
2020-12-22,Fairfax,Not Reported,278,2,6
2020-12-22,Thomas Jefferson,Female,3563,173,45
2020-12-22,Chesapeake,Not Reported,21,0,0
2020-12-22,Cumberland Plateau,Male,1998,109,34
2020-12-22,Eastern Shore,Female,1033,83,27
2020-12-22,Lord Fairfax,Not Reported,54,0,0
2020-12-22,Rappahannock,Not Reported,169,0,0
2020-12-22,Central Shenandoah,Not Reported,318,1,0
2020-12-22,Peninsula,Male,4137,188,54
2020-12-22,Norfolk,Male,3926,257,53
2020-12-22,Alexandria,Female,3571,187,39
2020-12-22,Lenowisco,Male,1992,122,57
2020-12-22,Pittsylvania-Danville,Female,2528,168,53
2020-12-22,New River,Not Reported,70,0,2
2020-12-22,Chesterfield,Not Reported,190,0,4
2020-12-22,Loudoun,Male,6365,344,63
2020-12-22,Rappahannock Rapidan,Female,2664,120,28
2020-12-22,Piedmont,Female,1597,103,21
2020-12-22,Richmond,Male,3930,268,54
2020-12-22,Crater,Female,3034,207,68
2020-12-22,Portsmouth,Female,2093,219,42
2020-12-22,Arlington,Not Reported,24,0,0
2020-12-22,Mount Rogers,Not Reported,99,3,2
2020-12-22,Thomas Jefferson,Not Reported,15,0,0
2020-12-22,Three Rivers,Not Reported,43,1,0
2020-12-22,Hampton,Male,1789,109,23
2020-12-22,Alleghany,Male,3384,93,43
2020-12-22,Roanoke,Female,2788,71,45
2020-12-22,Loudoun,Not Reported,122,0,0
2020-12-22,Fairfax,Female,20908,1243,316
2020-12-22,Western Tidewater,Male,3346,171,93
2020-12-22,Peninsula,Not Reported,65,0,0
2020-12-22,New River,Male,3927,106,34
2020-12-22,Central Shenandoah,Male,6611,256,75
2020-12-22,Southside,Male,1318,64,31
2020-12-22,Chesterfield,Male,6114,330,97
2020-12-22,Arlington,Female,4034,280,73
2020-09-23,Southside,Not Reported,5,0,0
2020-09-23,Chesapeake,Female,2332,198,31
2020-09-23,Richmond,Female,2268,200,22
2020-09-23,Roanoke,Male,721,29,10
2020-09-23,Fairfax,Not Reported,162,2,6
2020-09-23,Thomas Jefferson,Female,1736,92,38
2020-09-23,Chesapeake,Not Reported,8,0,0
2020-09-23,Cumberland Plateau,Male,352,26,4
2020-09-23,Eastern Shore,Female,746,71,26
2020-09-23,Lord Fairfax,Not Reported,14,0,0
2020-09-23,Rappahannock,Not Reported,12,0,0
2020-09-23,Central Shenandoah,Not Reported,17,0,0
2020-09-23,Peninsula,Male,2065,100,32
2020-09-23,Norfolk,Male,2285,171,40
2020-09-23,Alexandria,Female,1945,142,35
2020-09-23,Lenowisco,Male,427,40,15
2020-09-23,Pittsylvania-Danville,Female,1001,81,23
2020-09-23,New River,Not Reported,31,0,0
2020-09-23,Chesterfield,Not Reported,125,0,1
2020-09-23,Loudoun,Male,3284,235,46
2020-09-23,Rappahannock Rapidan,Female,1320,72,25
2020-09-23,Piedmont,Female,667,53,14
2020-09-23,Richmond,Male,2228,210,35
2020-09-23,Crater,Female,1621,146,56
2020-09-23,Portsmouth,Female,1336,153,31
2020-09-23,Arlington,Not Reported,5,0,0
2020-09-23,Mount Rogers,Not Reported,9,0,0
2020-09-23,Thomas Jefferson,Not Reported,4,0,0
2020-09-23,Three Rivers,Not Reported,25,0,0
2020-09-23,Hampton,Male,789,40,13
2020-09-23,Alleghany,Male,701,41,9
2020-09-23,Roanoke,Female,884,34,13
2020-09-23,Loudoun,Not Reported,55,0,0
2020-09-23,Fairfax,Female,10503,933,281
2020-09-23,Western Tidewater,Male,1903,107,63
2020-09-23,Peninsula,Not Reported,21,0,0
2020-09-23,New River,Male,1442,38,10
2020-09-23,Central Shenandoah,Male,2348,127,36
2020-09-23,Southside,Male,690,44,21
2020-09-23,Chesterfield,Male,3014,187,66
2020-09-23,Arlington,Female,1916,219,69
2020-09-23,Rappahannock,Male,2420,209,44
2020-09-23,Central Virginia,Male,1414,57,16
2020-09-23,Alleghany,Not Reported,8,0,0
2020-09-23,Henrico,Male,2478,212,100
2020-09-23,Thomas Jefferson,Male,1532,90,31
2020-09-23,Lord Fairfax,Male,1436,138,55
2020-09-23,Three Rivers,Male,923,53,14
2020-09-23,Richmond,Not Reported,55,2,3
2020-09-23,Pittsylvania-Danville,Male,803,54,12
2020-09-23,Portsmouth,Not Reported,4,0,0
2020-09-23,Norfolk,Not Reported,2,0,0
2020-09-23,Chesapeake,Male,1901,195,39
2020-09-23,Chickahominy,Female,882,77,24
2020-09-23,Prince William,Male,7172,612,134
2020-09-23,Eastern Shore,Not Reported,9,0,0
2020-09-23,Eastern Shore,Male,719,68,24
2020-09-23,Rappahannock Rapidan,Male,1249,100,25
2020-09-23,Henrico,Not Reported,33,0,0
2020-09-23,Cumberland Plateau,Female,395,27,6
2020-09-23,West Piedmont,Male,859,109,29
2020-09-23,Hampton,Not Reported,18,0,0
2020-09-23,Alexandria,Not Reported,17,0,0
2020-09-23,Western Tidewater,Not Reported,4,0,1
2020-09-23,Cumberland Plateau,Not Reported,1,0,0
2020-09-23,Virginia Beach,Male,3034,174,43
2020-09-23,Alleghany,Female,788,31,16
2020-09-23,Lenowisco,Female,440,35,4
2020-09-23,Virginia Beach,Not Reported,16,0,0
2020-09-23,Western Tidewater,Female,1859,90,57
2020-09-23,Mount Rogers,Male,1143,140,56
2020-09-23,Lord Fairfax,Female,1598,127,55
2020-09-23,Piedmont,Not Reported,4,0,0
2020-09-23,Alexandria,Male,1779,172,33
2020-09-23,Pittsylvania-Danville,Not Reported,8,1,0
2020-09-23,West Piedmont,Not Reported,7,0,0
2020-09-23,Loudoun,Female,3381,193,77
2020-09-23,Hampton,Female,986,23,11
2020-09-23,Henrico,Female,2820,210,111
2020-09-23,Prince William,Not Reported,124,2,0
2020-09-23,Chickahominy,Male,859,81,26
2020-09-23,Rappahannock Rapidan,Not Reported,16,0,0
2020-09-23,Peninsula,Female,2241,90,42
2020-09-23,Lenowisco,Not Reported,2,0,0
2020-09-23,Crater,Not Reported,36,3,0
2020-09-23,Chickahominy,Not Reported,33,1,0
2020-09-23,Portsmouth,Male,1194,121,27
2020-09-23,New River,Female,1537,17,8
2020-09-23,Rappahannock,Female,2746,176,30
2020-09-23,Central Virginia,Female,1613,55,19
2020-09-23,Roanoke,Not Reported,16,0,0
2020-09-23,West Piedmont,Female,1133,129,33
2020-09-23,Mount Rogers,Female,1519,94,43
2020-09-23,Piedmont,Male,1272,78,34
2020-09-23,Chesterfield,Female,3181,171,57
2020-09-23,Fairfax,Male,9975,1237,309
2020-09-23,Crater,Male,2160,125,46
2020-09-23,Central Virginia,Not Reported,38,0,0
2020-09-23,Prince William,Female,7430,470,99
2020-09-23,Virginia Beach,Female,3639,186,40
2020-09-23,Norfolk,Female,2478,184,35
2020-09-23,Three Rivers,Female,727,56,16
2020-09-23,Arlington,Male,1956,278,79
2020-09-23,Central Shenandoah,Female,2796,134,33
2020-09-23,Southside,Female,655,40,22
2020-12-22,Rappahannock,Male,5216,291,66
2020-12-22,Central Virginia,Male,4600,158,63
2020-12-22,Alleghany,Not Reported,116,0,2
2020-12-22,Henrico,Male,5052,321,129
2020-12-22,Thomas Jefferson,Male,3263,169,44
2020-12-22,Lord Fairfax,Male,4157,264,86
2020-12-22,Three Rivers,Male,2013,112,28
2020-12-22,Richmond,Not Reported,133,1,2
2020-12-22,Pittsylvania-Danville,Male,1983,115,36
2020-12-22,Portsmouth,Not Reported,4,0,0
2020-12-22,Norfolk,Not Reported,17,0,0
2020-12-22,Chesapeake,Male,4035,284,46
2020-12-22,Chickahominy,Female,2382,124,45
2020-12-22,Prince William,Male,12834,775,167
2020-12-22,Eastern Shore,Not Reported,9,0,0
2020-12-22,Eastern Shore,Male,951,90,29
2020-12-22,Rappahannock Rapidan,Male,3125,156,34
2020-12-22,Henrico,Not Reported,136,1,0
2020-12-22,Cumberland Plateau,Female,2249,109,22
2020-12-22,West Piedmont,Male,2672,213,61
2020-12-22,Hampton,Not Reported,24,0,0
2020-12-22,Alexandria,Not Reported,20,0,0
2020-12-22,Western Tidewater,Not Reported,10,0,2
2020-12-22,Cumberland Plateau,Not Reported,196,1,1
2020-12-22,Virginia Beach,Male,6853,342,70
2020-12-22,Alleghany,Female,3913,119,74
2020-12-22,Lenowisco,Female,2243,109,52
2020-12-22,Virginia Beach,Not Reported,98,0,0
2020-12-22,Western Tidewater,Female,3322,192,80
2020-12-22,Mount Rogers,Male,4192,307,99
2020-12-22,Lord Fairfax,Female,4947,234,82
2020-12-22,Piedmont,Not Reported,11,0,0
2020-12-22,Alexandria,Male,3191,231,45
2020-12-22,Pittsylvania-Danville,Not Reported,28,2,1
2020-12-22,West Piedmont,Not Reported,16,2,1
2020-12-22,Loudoun,Female,6438,284,91
2020-12-22,Hampton,Female,2117,77,20
2020-12-22,Henrico,Female,5893,339,155
2020-12-22,Prince William,Not Reported,248,2,0
2020-12-22,Chickahominy,Male,2187,133,42
2020-12-22,Rappahannock Rapidan,Not Reported,262,3,0
2020-09-24,Southside,Not Reported,5,0,0
2020-09-24,Chesapeake,Female,2345,200,31
2020-09-24,Richmond,Female,2279,203,22
2020-09-24,Roanoke,Male,727,29,10
2020-09-24,Fairfax,Not Reported,167,2,6
2020-09-24,Thomas Jefferson,Female,1757,92,38
2020-09-24,Chesapeake,Not Reported,8,0,0
2020-09-24,Cumberland Plateau,Male,358,27,4
2020-09-24,Eastern Shore,Female,746,71,26
2020-09-24,Lord Fairfax,Not Reported,14,0,0
2020-09-24,Rappahannock,Not Reported,17,0,0
2020-09-24,Central Shenandoah,Not Reported,20,0,0
2020-09-24,Peninsula,Male,2069,100,32
2020-09-24,Norfolk,Male,2292,172,42
2020-09-24,Alexandria,Female,1955,142,35
2020-09-24,Lenowisco,Male,430,40,16
2020-09-24,Pittsylvania-Danville,Female,1014,81,24
2020-09-24,New River,Not Reported,31,0,0
2020-09-24,Chesterfield,Not Reported,124,0,1
2020-09-24,Loudoun,Male,3291,235,46
2020-09-24,Rappahannock Rapidan,Female,1327,72,25
2020-09-24,Piedmont,Female,672,53,14
2020-09-24,Richmond,Male,2243,211,36
2020-09-24,Crater,Female,1640,145,56
2020-09-24,Portsmouth,Female,1338,153,31
2020-09-24,Arlington,Not Reported,5,0,0
2020-09-24,Mount Rogers,Not Reported,9,0,0
2020-09-24,Thomas Jefferson,Not Reported,4,0,0
2020-09-24,Three Rivers,Not Reported,25,0,0
2020-09-24,Hampton,Male,791,40,13
2020-09-24,Alleghany,Male,706,42,9
2020-09-24,Roanoke,Female,897,36,13
2020-09-24,Loudoun,Not Reported,56,0,0
2020-09-24,Fairfax,Female,10531,935,281
2020-09-24,Western Tidewater,Male,1924,107,63
2020-09-24,Peninsula,Not Reported,21,0,0
2020-09-24,New River,Male,1469,38,10
2020-09-24,Central Shenandoah,Male,2376,127,36
2020-09-24,Southside,Male,711,44,21
2020-09-24,Chesterfield,Male,3029,188,66
2020-09-24,Arlington,Female,1924,220,69
2020-09-24,Rappahannock,Male,2431,210,45
2020-09-24,Central Virginia,Male,1436,57,16
2020-09-24,Alleghany,Not Reported,10,0,0
2020-09-24,Henrico,Male,2497,211,99
2020-09-24,Thomas Jefferson,Male,1546,92,31
2020-09-24,Lord Fairfax,Male,1442,139,55
2020-09-24,Three Rivers,Male,928,53,14
2020-09-24,Richmond,Not Reported,56,2,3
2020-09-24,Pittsylvania-Danville,Male,808,54,12
2020-09-24,Portsmouth,Not Reported,4,0,0
2020-09-24,Norfolk,Not Reported,2,0,0
2020-09-24,Chesapeake,Male,1909,196,39
2020-09-24,Chickahominy,Female,889,77,24
2020-09-24,Prince William,Male,7193,613,134
2020-09-24,Eastern Shore,Not Reported,9,0,0
2020-09-24,Eastern Shore,Male,719,68,24
2020-09-24,Rappahannock Rapidan,Male,1255,100,25
2020-09-24,Henrico,Not Reported,32,0,0
2020-09-24,Cumberland Plateau,Female,403,27,6
2020-09-24,West Piedmont,Male,869,109,29
2020-09-24,Hampton,Not Reported,17,0,0
2020-09-24,Alexandria,Not Reported,14,0,0
2020-09-24,Western Tidewater,Not Reported,4,0,1
2020-09-24,Cumberland Plateau,Not Reported,1,0,0
2020-09-24,Virginia Beach,Male,3052,176,46
2020-09-24,Alleghany,Female,801,32,17
2020-09-24,Lenowisco,Female,443,35,4
2020-09-24,Virginia Beach,Not Reported,16,0,0
2020-09-24,Western Tidewater,Female,1867,90,57
2020-09-24,Mount Rogers,Male,1147,140,59
2020-09-24,Lord Fairfax,Female,1604,127,55
2020-09-24,Piedmont,Not Reported,4,0,0
2020-09-24,Alexandria,Male,1792,175,34
2020-09-24,Pittsylvania-Danville,Not Reported,8,1,0
2020-09-24,West Piedmont,Not Reported,7,0,0
2020-09-24,Loudoun,Female,3400,193,78
2020-09-24,Hampton,Female,992,23,11
2020-09-24,Henrico,Female,2842,213,111
2020-09-24,Prince William,Not Reported,128,2,0
2020-09-24,Chickahominy,Male,872,81,27
2020-09-24,Rappahannock Rapidan,Not Reported,16,0,0
2020-09-24,Peninsula,Female,2247,91,42
2020-09-24,Lenowisco,Not Reported,2,0,0
2020-09-24,Crater,Not Reported,35,3,0
2020-09-24,Chickahominy,Not Reported,33,1,0
2020-09-24,Portsmouth,Male,1197,121,27
2020-09-24,New River,Female,1557,18,9
2020-09-24,Rappahannock,Female,2762,178,31
2020-09-24,Central Virginia,Female,1644,55,19
2020-09-24,Roanoke,Not Reported,16,0,0
2020-09-24,West Piedmont,Female,1141,130,34
2020-09-24,Mount Rogers,Female,1529,97,45
2020-09-24,Piedmont,Male,1283,79,35
2020-09-24,Chesterfield,Female,3188,173,57
2020-09-24,Fairfax,Male,10012,1244,309
2020-09-24,Crater,Male,2214,125,46
2020-09-24,Central Virginia,Not Reported,38,0,0
2020-09-24,Prince William,Female,7446,471,100
2020-09-24,Virginia Beach,Female,3666,189,40
2020-09-24,Norfolk,Female,2487,184,36
2020-09-24,Three Rivers,Female,738,56,16
2020-09-24,Arlington,Male,1960,278,79
2020-09-24,Central Shenandoah,Female,2822,135,33
2020-09-24,Southside,Female,663,40,23
2020-12-22,Peninsula,Female,4641,168,57
2020-12-22,Lenowisco,Not Reported,81,1,1
2020-12-22,Crater,Not Reported,86,3,0
2020-12-22,Chickahominy,Not Reported,90,0,0
2020-12-22,Portsmouth,Male,1894,187,33
2020-12-22,New River,Female,4466,120,52
2020-12-22,Rappahannock,Female,5826,265,49
2020-12-22,Central Virginia,Female,5257,148,43
2020-12-22,Roanoke,Not Reported,19,0,0
2020-12-22,West Piedmont,Female,3425,218,61
2020-12-22,Mount Rogers,Female,5114,274,109
2020-12-22,Piedmont,Male,2720,127,49
2020-12-22,Chesterfield,Female,6835,318,91
2020-12-22,Fairfax,Male,19735,1600,354
2020-12-22,Crater,Male,3739,176,57
2020-12-22,Central Virginia,Not Reported,282,2,1
2020-12-22,Prince William,Female,13536,612,117
2020-12-22,Virginia Beach,Female,7668,337,64
2020-12-22,Norfolk,Female,4045,278,49
2020-12-22,Three Rivers,Female,2023,105,27
2020-12-22,Arlington,Male,4063,356,96
2020-12-22,Central Shenandoah,Female,7241,248,68
2020-12-22,Southside,Female,1425,62,44
2020-12-24,Chesterfield,Not Reported,224,0,4
2020-12-24,Loudoun,Male,6501,344,63
2020-12-24,Rappahannock Rapidan,Female,2753,124,29
2020-12-24,Piedmont,Female,1629,105,21
2020-12-24,Richmond,Male,4008,269,55
2020-12-24,Crater,Female,3092,212,69
2020-12-24,Portsmouth,Female,2162,222,43
2020-12-24,Arlington,Not Reported,27,0,1
2020-12-24,Mount Rogers,Not Reported,106,2,4
2020-12-24,Thomas Jefferson,Not Reported,17,0,0
2020-12-24,Three Rivers,Not Reported,44,1,0
2020-12-24,Hampton,Male,1830,112,23
2020-12-24,Alleghany,Male,3547,94,46
2020-12-24,Roanoke,Female,2842,72,45
2020-12-24,Loudoun,Not Reported,120,0,0
2020-12-24,Fairfax,Female,21340,1268,318
2020-12-24,Western Tidewater,Male,3446,173,94
2020-12-24,Peninsula,Not Reported,66,0,0
2020-09-25,Southside,Not Reported,5,0,0
2020-09-25,Chesapeake,Female,2353,206,32
2020-09-25,Richmond,Female,2291,203,22
2020-09-25,Roanoke,Male,734,29,10
2020-09-25,Fairfax,Not Reported,166,2,6
2020-09-25,Thomas Jefferson,Female,1782,92,38
2020-09-25,Chesapeake,Not Reported,8,0,0
2020-09-25,Cumberland Plateau,Male,365,27,4
2020-09-25,Eastern Shore,Female,748,71,26
2020-09-25,Lord Fairfax,Not Reported,14,0,0
2020-09-25,Rappahannock,Not Reported,17,0,0
2020-09-25,Central Shenandoah,Not Reported,17,0,0
2020-09-25,Peninsula,Male,2078,100,33
2020-09-25,Norfolk,Male,2299,176,42
2020-09-25,Alexandria,Female,1964,142,35
2020-09-25,Lenowisco,Male,434,40,16
2020-09-25,Pittsylvania-Danville,Female,1022,81,24
2020-09-25,New River,Not Reported,33,0,0
2020-09-25,Chesterfield,Not Reported,122,0,1
2020-09-25,Loudoun,Male,3304,235,46
2020-09-25,Rappahannock Rapidan,Female,1330,72,26
2020-09-25,Piedmont,Female,675,53,14
2020-09-25,Richmond,Male,2249,211,36
2020-09-25,Crater,Female,1649,145,56
2020-09-25,Portsmouth,Female,1342,153,31
2020-09-25,Arlington,Not Reported,5,0,0
2020-09-25,Mount Rogers,Not Reported,8,0,0
2020-09-25,Thomas Jefferson,Not Reported,4,0,0
2020-09-25,Three Rivers,Not Reported,27,0,0
2020-09-25,Hampton,Male,793,40,13
2020-09-25,Alleghany,Male,719,42,9
2020-09-25,Roanoke,Female,906,36,13
2020-09-25,Loudoun,Not Reported,56,0,0
2020-09-25,Fairfax,Female,10599,929,283
2020-09-25,Western Tidewater,Male,1956,108,64
2020-09-25,Peninsula,Not Reported,21,0,0
2020-09-25,New River,Male,1507,38,10
2020-09-25,Central Shenandoah,Male,2398,129,36
2020-09-25,Southside,Male,726,44,21
2020-09-25,Chesterfield,Male,3057,188,66
2020-09-25,Arlington,Female,1933,220,69
2020-09-25,Rappahannock,Male,2435,209,45
2020-09-25,Central Virginia,Male,1456,60,18
2020-09-25,Alleghany,Not Reported,10,0,0
2020-09-25,Henrico,Male,2509,211,100
2020-09-25,Thomas Jefferson,Male,1569,93,31
2020-09-25,Lord Fairfax,Male,1450,139,56
2020-09-25,Three Rivers,Male,939,55,14
2020-09-25,Richmond,Not Reported,55,2,3
2020-09-25,Pittsylvania-Danville,Male,814,54,12
2020-09-25,Portsmouth,Not Reported,4,0,0
2020-09-25,Norfolk,Not Reported,2,0,0
2020-09-25,Chesapeake,Male,1910,196,39
2020-09-25,Chickahominy,Female,902,78,24
2020-09-25,Prince William,Male,7231,614,135
2020-09-25,Eastern Shore,Not Reported,9,0,0
2020-09-25,Eastern Shore,Male,720,68,24
2020-09-25,Rappahannock Rapidan,Male,1260,100,25
2020-09-25,Henrico,Not Reported,34,0,0
2020-09-25,Cumberland Plateau,Female,409,27,6
2020-09-25,West Piedmont,Male,876,109,29
2020-09-25,Hampton,Not Reported,17,0,0
2020-09-25,Alexandria,Not Reported,14,0,0
2020-09-25,Western Tidewater,Not Reported,4,0,1
2020-09-25,Cumberland Plateau,Not Reported,0,0,0
2020-09-25,Virginia Beach,Male,3074,178,46
2020-09-25,Alleghany,Female,813,33,17
2020-09-25,Lenowisco,Female,447,35,4
2020-09-25,Virginia Beach,Not Reported,16,0,0
2020-09-25,Western Tidewater,Female,1887,90,58
2020-09-25,Mount Rogers,Male,1155,141,61
2020-09-25,Lord Fairfax,Female,1608,127,55
2020-09-25,Piedmont,Not Reported,4,0,0
2020-09-25,Alexandria,Male,1802,176,34
2020-09-25,Pittsylvania-Danville,Not Reported,9,1,0
2020-09-25,West Piedmont,Not Reported,7,0,0
2020-09-25,Loudoun,Female,3414,193,78
2020-09-25,Hampton,Female,993,25,11
2020-09-25,Henrico,Female,2856,216,111
2020-09-25,Prince William,Not Reported,128,2,0
2020-09-25,Chickahominy,Male,889,83,28
2020-09-25,Rappahannock Rapidan,Not Reported,15,0,0
2020-09-25,Peninsula,Female,2250,91,42
2020-09-25,Lenowisco,Not Reported,2,0,0
2020-09-25,Crater,Not Reported,37,3,0
2020-09-25,Chickahominy,Not Reported,33,1,0
2020-09-25,Portsmouth,Male,1201,121,27
2020-09-25,New River,Female,1588,19,9
2020-09-25,Rappahannock,Female,2777,178,30
2020-09-25,Central Virginia,Female,1658,58,19
2020-09-25,Roanoke,Not Reported,16,0,0
2020-09-25,West Piedmont,Female,1148,132,34
2020-09-25,Mount Rogers,Female,1538,98,49
2020-09-25,Piedmont,Male,1282,79,35
2020-09-25,Chesterfield,Female,3209,173,57
2020-09-25,Fairfax,Male,10067,1242,311
2020-09-25,Crater,Male,2222,125,47
2020-09-25,Central Virginia,Not Reported,38,0,0
2020-09-25,Prince William,Female,7487,472,100
2020-09-25,Virginia Beach,Female,3686,191,42
2020-09-25,Norfolk,Female,2499,185,36
2020-09-25,Three Rivers,Female,749,57,16
2020-09-25,Arlington,Male,1971,278,79
2020-09-25,Central Shenandoah,Female,2840,136,33
2020-09-25,Southside,Female,673,40,23
2020-12-24,New River,Male,4025,110,35
2020-12-24,Central Shenandoah,Male,6852,264,75
2020-12-24,Southside,Male,1381,68,30
2020-12-24,Chesterfield,Male,6268,336,101
2020-12-24,Arlington,Female,4102,285,76
2020-12-24,Rappahannock,Male,5411,296,66
2020-12-24,Central Virginia,Male,4747,161,66
2020-12-24,Alleghany,Not Reported,119,0,6
2020-12-24,Henrico,Male,5193,326,130
2020-12-24,Thomas Jefferson,Male,3361,174,45
2020-12-24,Lord Fairfax,Male,4273,275,88
2020-12-24,Three Rivers,Male,2151,116,29
2020-12-24,Richmond,Not Reported,134,1,2
2020-12-24,Pittsylvania-Danville,Male,2050,117,36
2020-12-24,Portsmouth,Not Reported,5,0,0
2020-12-24,Norfolk,Not Reported,19,0,0
2020-12-24,Chesapeake,Male,4156,288,46
2020-12-24,Chickahominy,Female,2465,125,46
2020-12-24,Prince William,Male,13164,783,167
2020-12-24,Eastern Shore,Not Reported,9,0,0
2020-12-24,Eastern Shore,Male,971,90,29
2020-12-24,Rappahannock Rapidan,Male,3214,160,35
2020-12-24,Henrico,Not Reported,141,1,1
2020-12-24,Cumberland Plateau,Female,2397,113,22
2020-12-24,West Piedmont,Male,2753,218,61
2020-12-24,Hampton,Not Reported,25,0,0
2020-12-24,Alexandria,Not Reported,18,0,0
2020-12-24,Western Tidewater,Not Reported,11,0,3
2020-12-24,Cumberland Plateau,Not Reported,199,1,1
2020-12-24,Virginia Beach,Male,7080,355,73
2020-12-24,Alleghany,Female,4111,118,75
2020-12-24,Lenowisco,Female,2299,113,53
2020-12-24,Virginia Beach,Not Reported,103,0,0
2020-12-24,Western Tidewater,Female,3440,198,80
2020-12-24,Mount Rogers,Male,4384,314,100
2020-12-24,Lord Fairfax,Female,5065,238,83
2020-12-24,Piedmont,Not Reported,11,0,0
2020-12-24,Alexandria,Male,3259,233,46
2020-12-24,Pittsylvania-Danville,Not Reported,34,2,3
2020-12-24,West Piedmont,Not Reported,18,2,3
2020-12-24,Loudoun,Female,6550,284,91
2020-09-26,Southside,Not Reported,6,0,0
2020-09-26,Chesapeake,Female,2361,209,32
2020-09-26,Richmond,Female,2310,203,22
2020-09-26,Roanoke,Male,751,29,10
2020-09-26,Fairfax,Not Reported,167,2,6
2020-09-26,Thomas Jefferson,Female,1805,92,38
2020-09-26,Chesapeake,Not Reported,7,0,0
2020-09-26,Cumberland Plateau,Male,375,28,4
2020-09-26,Eastern Shore,Female,748,71,26
2020-09-26,Lord Fairfax,Not Reported,16,0,0
2020-09-26,Rappahannock,Not Reported,18,0,0
2020-09-26,Central Shenandoah,Not Reported,15,0,0
2020-09-26,Peninsula,Male,2085,101,33
2020-09-26,Norfolk,Male,2308,176,42
2020-09-26,Alexandria,Female,1975,142,35
2020-09-26,Lenowisco,Male,438,40,16
2020-09-26,Pittsylvania-Danville,Female,1033,82,24
2020-09-26,New River,Not Reported,33,0,0
2020-09-26,Chesterfield,Not Reported,122,0,1
2020-09-26,Loudoun,Male,3315,236,46
2020-09-26,Rappahannock Rapidan,Female,1335,72,26
2020-09-26,Piedmont,Female,687,54,14
2020-09-26,Richmond,Male,2259,211,36
2020-09-26,Crater,Female,1654,146,56
2020-09-26,Portsmouth,Female,1347,154,31
2020-09-26,Arlington,Not Reported,5,0,0
2020-09-26,Mount Rogers,Not Reported,8,0,0
2020-09-26,Thomas Jefferson,Not Reported,4,0,0
2020-09-26,Three Rivers,Not Reported,27,0,0
2020-09-26,Hampton,Male,794,40,13
2020-09-26,Alleghany,Male,734,43,9
2020-09-26,Roanoke,Female,927,36,13
2020-09-26,Loudoun,Not Reported,56,0,0
2020-09-26,Fairfax,Female,10625,932,284
2020-09-26,Western Tidewater,Male,1969,108,64
2020-09-26,Peninsula,Not Reported,21,0,0
2020-09-26,New River,Male,1531,38,10
2020-09-26,Central Shenandoah,Male,2435,130,37
2020-09-26,Southside,Male,732,44,21
2020-09-26,Chesterfield,Male,3069,190,66
2020-09-26,Arlington,Female,1941,220,69
2020-09-26,Rappahannock,Male,2445,209,45
2020-09-26,Central Virginia,Male,1478,61,18
2020-09-26,Alleghany,Not Reported,9,0,0
2020-09-26,Henrico,Male,2527,213,100
2020-09-26,Thomas Jefferson,Male,1610,93,31
2020-09-26,Lord Fairfax,Male,1459,139,56
2020-09-26,Three Rivers,Male,964,55,14
2020-09-26,Richmond,Not Reported,56,2,3
2020-09-26,Pittsylvania-Danville,Male,820,55,12
2020-09-26,Portsmouth,Not Reported,4,0,0
2020-09-26,Norfolk,Not Reported,2,0,0
2020-09-26,Chesapeake,Male,1928,198,39
2020-09-26,Chickahominy,Female,904,79,24
2020-09-26,Prince William,Male,7261,615,136
2020-09-26,Eastern Shore,Not Reported,9,0,0
2020-09-26,Eastern Shore,Male,723,68,24
2020-09-26,Rappahannock Rapidan,Male,1266,100,25
2020-09-26,Henrico,Not Reported,34,0,0
2020-09-26,Cumberland Plateau,Female,419,27,6
2020-09-26,West Piedmont,Male,880,109,30
2020-09-26,Hampton,Not Reported,17,0,0
2020-09-26,Alexandria,Not Reported,14,0,0
2020-09-26,Western Tidewater,Not Reported,4,0,1
2020-09-26,Cumberland Plateau,Not Reported,1,0,0
2020-09-26,Virginia Beach,Male,3089,180,46
2020-09-26,Alleghany,Female,826,33,17
2020-09-26,Lenowisco,Female,453,35,4
2020-09-26,Virginia Beach,Not Reported,16,0,0
2020-09-26,Western Tidewater,Female,1900,91,58
2020-09-26,Mount Rogers,Male,1166,141,61
2020-09-26,Lord Fairfax,Female,1614,128,55
2020-09-26,Piedmont,Not Reported,4,0,0
2020-09-26,Alexandria,Male,1815,177,34
2020-09-26,Pittsylvania-Danville,Not Reported,9,1,0
2020-09-26,West Piedmont,Not Reported,7,0,0
2020-09-26,Loudoun,Female,3421,193,78
2020-09-26,Hampton,Female,998,25,11
2020-09-26,Henrico,Female,2873,218,111
2020-09-26,Prince William,Not Reported,128,2,0
2020-09-26,Chickahominy,Male,893,83,28
2020-09-26,Rappahannock Rapidan,Not Reported,16,0,0
2020-09-26,Peninsula,Female,2259,91,42
2020-09-26,Lenowisco,Not Reported,2,0,0
2020-09-26,Crater,Not Reported,37,3,0
2020-09-26,Chickahominy,Not Reported,33,1,0
2020-09-26,Portsmouth,Male,1204,121,28
2020-09-26,New River,Female,1606,20,9
2020-09-26,Rappahannock,Female,2790,179,30
2020-09-26,Central Virginia,Female,1684,59,19
2020-09-26,Roanoke,Not Reported,16,0,0
2020-09-26,West Piedmont,Female,1153,134,35
2020-09-26,Mount Rogers,Female,1563,100,49
2020-09-26,Piedmont,Male,1287,81,35
2020-09-26,Chesterfield,Female,3231,179,57
2020-09-26,Fairfax,Male,10101,1246,311
2020-09-26,Crater,Male,2224,125,47
2020-09-26,Central Virginia,Not Reported,39,0,0
2020-09-26,Prince William,Female,7533,473,100
2020-09-26,Virginia Beach,Female,3704,194,43
2020-09-26,Norfolk,Female,2512,187,36
2020-09-26,Three Rivers,Female,771,57,16
2020-09-26,Arlington,Male,1989,278,80
2020-09-26,Central Shenandoah,Female,2878,136,33
2020-09-26,Southside,Female,682,40,23
2020-12-24,Hampton,Female,2167,79,20
2020-12-24,Henrico,Female,6081,341,155
2020-12-24,Prince William,Not Reported,253,2,1
2020-12-24,Chickahominy,Male,2263,134,43
2020-12-24,Rappahannock Rapidan,Not Reported,281,3,0
2020-12-24,Peninsula,Female,4848,171,57
2020-12-24,Lenowisco,Not Reported,87,1,1
2020-12-24,Crater,Not Reported,86,3,0
2020-12-24,Chickahominy,Not Reported,98,0,0
2020-12-24,Portsmouth,Male,1961,190,33
2020-12-24,New River,Female,4615,124,53
2020-12-24,Rappahannock,Female,6064,268,49
2020-12-24,Central Virginia,Female,5494,154,43
2020-12-24,Roanoke,Not Reported,19,0,0
2020-12-24,West Piedmont,Female,3526,223,63
2020-12-24,Mount Rogers,Female,5304,278,110
2020-12-24,Piedmont,Male,2766,128,49
2020-12-24,Chesterfield,Female,6982,326,92
2020-12-24,Fairfax,Male,20161,1618,354
2020-12-24,Crater,Male,3771,176,58
2020-12-24,Central Virginia,Not Reported,283,2,3
2020-12-24,Prince William,Female,13970,619,118
2020-12-24,Virginia Beach,Female,7945,351,67
2020-12-24,Norfolk,Female,4164,285,50
2020-12-24,Three Rivers,Female,2116,106,27
2020-12-24,Arlington,Male,4160,364,99
2020-12-24,Central Shenandoah,Female,7475,248,68
2020-12-24,Southside,Female,1477,64,46
2020-09-27,Southside,Not Reported,6,0,0
2020-09-27,Chesapeake,Female,2362,209,32
2020-09-27,Richmond,Female,2312,203,22
2020-09-27,Roanoke,Male,756,29,10
2020-09-27,Fairfax,Not Reported,170,2,6
2020-09-27,Thomas Jefferson,Female,1825,92,38
2020-09-27,Chesapeake,Not Reported,7,0,0
2020-09-27,Cumberland Plateau,Male,379,29,4
2020-09-27,Eastern Shore,Female,748,71,26
2020-09-27,Lord Fairfax,Not Reported,16,0,0
2020-09-27,Rappahannock,Not Reported,18,0,0
2020-09-27,Central Shenandoah,Not Reported,15,0,0
2020-09-27,Peninsula,Male,2094,103,33
2020-09-27,Norfolk,Male,2309,177,42
2020-09-27,Alexandria,Female,1980,142,35
2020-09-27,Lenowisco,Male,441,40,16
2020-09-27,Pittsylvania-Danville,Female,1038,83,24
2020-09-27,New River,Not Reported,33,0,0
2020-09-27,Chesterfield,Not Reported,122,0,1
2020-09-27,Loudoun,Male,3326,236,46
2020-09-27,Rappahannock Rapidan,Female,1341,72,26
2020-09-27,Piedmont,Female,687,54,14
2020-09-27,Richmond,Male,2269,211,36
2020-09-27,Crater,Female,1673,146,56
2020-09-27,Portsmouth,Female,1349,155,31
2020-09-27,Arlington,Not Reported,5,0,0
2020-09-27,Mount Rogers,Not Reported,8,0,0
2020-09-27,Thomas Jefferson,Not Reported,4,0,0
2020-09-27,Three Rivers,Not Reported,27,0,0
2020-09-27,Hampton,Male,797,40,13
2020-09-27,Alleghany,Male,741,43,9
2020-09-27,Roanoke,Female,941,37,17
2020-09-27,Loudoun,Not Reported,56,0,0
2020-09-27,Fairfax,Female,10690,932,284
2020-09-27,Western Tidewater,Male,1974,108,64
2020-09-27,Peninsula,Not Reported,21,0,0
2020-09-27,New River,Male,1545,38,10
2020-09-27,Central Shenandoah,Male,2460,129,37
2020-09-27,Southside,Male,734,44,21
2020-09-27,Chesterfield,Male,3082,191,66
2020-09-27,Arlington,Female,1951,220,69
2020-09-27,Rappahannock,Male,2458,210,45
2020-09-27,Central Virginia,Male,1487,61,18
2020-09-27,Alleghany,Not Reported,9,0,0
2020-09-27,Henrico,Male,2535,214,100
2020-09-27,Thomas Jefferson,Male,1631,93,31
2020-09-27,Lord Fairfax,Male,1461,139,56
2020-09-27,Three Rivers,Male,972,57,14
2020-09-27,Richmond,Not Reported,56,2,3
2020-09-27,Pittsylvania-Danville,Male,826,55,12
2020-09-27,Portsmouth,Not Reported,4,0,0
2020-09-27,Norfolk,Not Reported,2,0,0
2020-09-27,Chesapeake,Male,1930,200,40
2020-09-27,Chickahominy,Female,911,80,24
2020-09-27,Prince William,Male,7289,616,136
2020-09-27,Eastern Shore,Not Reported,9,0,0
2020-09-27,Eastern Shore,Male,723,68,24
2020-09-27,Rappahannock Rapidan,Male,1269,100,25
2020-09-27,Henrico,Not Reported,34,0,0
2020-09-27,Cumberland Plateau,Female,425,27,6
2020-09-27,West Piedmont,Male,893,109,32
2020-09-27,Hampton,Not Reported,17,0,0
2020-09-27,Alexandria,Not Reported,14,0,0
2020-09-27,Western Tidewater,Not Reported,4,0,1
2020-09-27,Cumberland Plateau,Not Reported,0,0,0
2020-09-27,Virginia Beach,Male,3097,180,46
2020-09-27,Alleghany,Female,840,33,18
2020-09-27,Lenowisco,Female,457,35,4
2020-09-27,Virginia Beach,Not Reported,16,0,0
2020-09-27,Western Tidewater,Female,1905,91,58
2020-09-27,Mount Rogers,Male,1186,142,62
2020-09-27,Lord Fairfax,Female,1616,128,55
2020-09-27,Piedmont,Not Reported,4,0,0
2020-09-27,Alexandria,Male,1820,178,34
2020-09-27,Pittsylvania-Danville,Not Reported,9,1,0
2020-09-27,West Piedmont,Not Reported,7,0,0
2020-09-27,Loudoun,Female,3434,193,78
2020-09-27,Hampton,Female,1005,25,11
2020-09-27,Henrico,Female,2884,218,111
2020-09-27,Prince William,Not Reported,130,2,0
2020-09-27,Chickahominy,Male,896,82,28
2020-09-27,Rappahannock Rapidan,Not Reported,16,0,0
2020-09-27,Peninsula,Female,2269,92,42
2020-09-27,Lenowisco,Not Reported,2,0,0
2020-09-27,Crater,Not Reported,37,3,0
2020-09-27,Chickahominy,Not Reported,33,1,0
2020-09-27,Portsmouth,Male,1206,121,28
2020-09-27,New River,Female,1626,20,9
2020-09-27,Rappahannock,Female,2794,179,30
2020-09-27,Central Virginia,Female,1691,60,19
2020-09-27,Roanoke,Not Reported,16,0,0
2020-09-27,West Piedmont,Female,1161,136,37
2020-09-27,Mount Rogers,Female,1594,104,52
2020-09-27,Piedmont,Male,1287,81,35
2020-09-27,Chesterfield,Female,3259,179,57
2020-09-27,Fairfax,Male,10148,1246,311
2020-09-27,Crater,Male,2242,125,47
2020-09-27,Central Virginia,Not Reported,39,0,0
2020-09-27,Prince William,Female,7562,473,100
2020-09-27,Virginia Beach,Female,3713,194,44
2020-09-27,Norfolk,Female,2513,187,36
2020-09-27,Three Rivers,Female,781,59,16
2020-09-27,Arlington,Male,1995,278,80
2020-09-27,Central Shenandoah,Female,2899,136,33
2020-09-27,Southside,Female,684,40,23
2020-12-25,Southside,Not Reported,22,0,0
2020-12-25,Chesapeake,Female,4651,308,50
2020-12-25,Richmond,Female,4530,276,34
2020-12-25,Roanoke,Male,2184,68,45
2020-12-25,Fairfax,Not Reported,283,3,11
2020-12-25,Thomas Jefferson,Female,3699,175,46
2020-12-25,Chesapeake,Not Reported,25,0,1
2020-12-25,Cumberland Plateau,Male,2156,116,37
2020-12-25,Eastern Shore,Female,1069,84,27
2020-12-25,Lord Fairfax,Not Reported,61,0,1
2020-12-25,Rappahannock,Not Reported,186,0,0
2020-12-25,Central Shenandoah,Not Reported,413,3,1
2020-12-25,Peninsula,Male,4301,194,56
2020-12-25,Norfolk,Male,4066,259,54
2020-12-25,Alexandria,Female,3667,189,39
2020-12-25,Lenowisco,Male,2104,126,58
2020-12-25,Pittsylvania-Danville,Female,2640,175,57
2020-12-25,New River,Not Reported,70,0,3
2020-12-25,Chesterfield,Not Reported,226,0,4
2020-12-25,Loudoun,Male,6557,344,63
2020-12-25,Rappahannock Rapidan,Female,2783,128,29
2020-12-25,Piedmont,Female,1660,105,21
2020-12-25,Richmond,Male,4048,270,55
2020-12-25,Crater,Female,3101,212,69
2020-12-25,Portsmouth,Female,2195,222,43
2020-12-25,Arlington,Not Reported,28,0,1
2020-12-25,Mount Rogers,Not Reported,106,2,4
2020-12-25,Thomas Jefferson,Not Reported,18,0,0
2020-12-25,Three Rivers,Not Reported,44,1,0
2020-12-25,Hampton,Male,1873,112,23
2020-12-25,Alleghany,Male,3603,94,46
2020-12-25,Roanoke,Female,2864,73,47
2020-12-25,Loudoun,Not Reported,125,0,0
2020-12-25,Fairfax,Female,21544,1275,320
2020-12-25,Western Tidewater,Male,3484,173,94
2020-12-25,Peninsula,Not Reported,66,0,0
2020-12-25,New River,Male,4075,111,36
2020-12-25,Central Shenandoah,Male,7028,264,76
2020-12-25,Southside,Male,1383,68,30
2020-12-25,Chesterfield,Male,6338,336,102
2020-12-25,Arlington,Female,4150,283,76
2020-09-28,Southside,Not Reported,6,0,0
2020-09-28,Chesapeake,Female,2369,212,32
2020-09-28,Richmond,Female,2317,203,22
2020-09-28,Roanoke,Male,757,29,10
2020-09-28,Fairfax,Not Reported,170,2,6
2020-09-28,Thomas Jefferson,Female,1843,92,38
2020-09-28,Chesapeake,Not Reported,8,0,0
2020-09-28,Cumberland Plateau,Male,381,29,4
2020-09-28,Eastern Shore,Female,748,71,26
2020-09-28,Lord Fairfax,Not Reported,16,0,0
2020-09-28,Rappahannock,Not Reported,18,0,0
2020-09-28,Central Shenandoah,Not Reported,16,0,0
2020-09-28,Peninsula,Male,2102,103,34
2020-09-28,Norfolk,Male,2315,177,42
2020-09-28,Alexandria,Female,1986,143,35
2020-09-28,Lenowisco,Male,442,40,16
2020-09-28,Pittsylvania-Danville,Female,1041,84,24
2020-09-28,New River,Not Reported,34,0,0
2020-09-28,Chesterfield,Not Reported,122,0,1
2020-09-28,Loudoun,Male,3335,236,46
2020-09-28,Rappahannock Rapidan,Female,1347,72,26
2020-09-28,Piedmont,Female,687,54,14
2020-09-28,Richmond,Male,2274,213,36
2020-09-28,Crater,Female,1683,146,56
2020-09-28,Portsmouth,Female,1349,155,31
2020-09-28,Arlington,Not Reported,5,0,0
2020-09-28,Mount Rogers,Not Reported,8,0,0
2020-09-28,Thomas Jefferson,Not Reported,4,0,0
2020-09-28,Three Rivers,Not Reported,27,0,0
2020-09-28,Hampton,Male,802,40,14
2020-09-28,Alleghany,Male,741,43,9
2020-09-28,Roanoke,Female,943,37,17
2020-09-28,Loudoun,Not Reported,56,0,0
2020-09-28,Fairfax,Female,10705,932,284
2020-09-28,Western Tidewater,Male,1977,108,64
2020-09-28,Peninsula,Not Reported,21,0,0
2020-09-28,New River,Male,1549,38,10
2020-09-28,Central Shenandoah,Male,2473,130,37
2020-09-28,Southside,Male,733,44,21
2020-09-28,Chesterfield,Male,3091,192,66
2020-09-28,Arlington,Female,1958,220,69
2020-09-28,Rappahannock,Male,2464,210,45
2020-09-28,Central Virginia,Male,1500,61,18
2020-09-28,Alleghany,Not Reported,9,0,0
2020-09-28,Henrico,Male,2536,216,100
2020-09-28,Thomas Jefferson,Male,1642,93,31
2020-09-28,Lord Fairfax,Male,1477,141,56
2020-09-28,Three Rivers,Male,979,57,14
2020-09-28,Richmond,Not Reported,56,2,3
2020-09-28,Pittsylvania-Danville,Male,832,55,12
2020-09-28,Portsmouth,Not Reported,4,0,0
2020-09-28,Norfolk,Not Reported,3,0,0
2020-09-28,Chesapeake,Male,1938,201,40
2020-09-28,Chickahominy,Female,912,80,24
2020-09-28,Prince William,Male,7309,618,136
2020-09-28,Eastern Shore,Not Reported,9,0,0
2020-09-28,Eastern Shore,Male,723,68,24
2020-09-28,Rappahannock Rapidan,Male,1274,100,25
2020-09-28,Henrico,Not Reported,34,0,0
2020-09-28,Cumberland Plateau,Female,428,27,6
2020-09-28,West Piedmont,Male,894,109,33
2020-09-28,Hampton,Not Reported,17,0,1
2020-09-28,Alexandria,Not Reported,14,0,0
2020-09-28,Western Tidewater,Not Reported,4,0,1
2020-09-28,Cumberland Plateau,Not Reported,0,0,0
2020-09-28,Virginia Beach,Male,3108,180,46
2020-09-28,Alleghany,Female,841,33,18
2020-09-28,Lenowisco,Female,461,35,4
2020-09-28,Virginia Beach,Not Reported,16,0,0
2020-09-28,Western Tidewater,Female,1908,91,58
2020-09-28,Mount Rogers,Male,1192,142,64
2020-09-28,Lord Fairfax,Female,1623,128,55
2020-09-28,Piedmont,Not Reported,4,0,0
2020-09-28,Alexandria,Male,1825,178,34
2020-09-28,Pittsylvania-Danville,Not Reported,9,1,0
2020-09-28,West Piedmont,Not Reported,7,0,0
2020-09-28,Loudoun,Female,3439,193,78
2020-09-28,Hampton,Female,1008,25,11
2020-09-28,Henrico,Female,2882,218,111
2020-09-28,Prince William,Not Reported,131,2,0
2020-09-28,Chickahominy,Male,899,82,28
2020-09-28,Rappahannock Rapidan,Not Reported,15,0,0
2020-09-28,Peninsula,Female,2276,93,42
2020-09-28,Lenowisco,Not Reported,2,0,0
2020-09-28,Crater,Not Reported,37,3,0
2020-09-28,Chickahominy,Not Reported,33,1,0
2020-09-28,Portsmouth,Male,1208,121,28
2020-09-28,New River,Female,1629,20,9
2020-09-28,Rappahannock,Female,2807,180,30
2020-09-28,Central Virginia,Female,1706,61,19
2020-09-28,Roanoke,Not Reported,16,0,0
2020-09-28,West Piedmont,Female,1166,138,38
2020-09-28,Mount Rogers,Female,1605,106,57
2020-09-28,Piedmont,Male,1287,81,35
2020-09-28,Chesterfield,Female,3266,181,57
2020-09-28,Fairfax,Male,10155,1246,311
2020-09-28,Crater,Male,2255,125,47
2020-09-28,Central Virginia,Not Reported,38,0,0
2020-09-28,Prince William,Female,7576,473,100
2020-09-28,Virginia Beach,Female,3734,194,45
2020-09-28,Norfolk,Female,2522,187,36
2020-09-28,Three Rivers,Female,788,60,16
2020-09-28,Arlington,Male,2000,278,80
2020-09-28,Central Shenandoah,Female,2914,136,33
2020-09-28,Southside,Female,688,41,23
2020-12-25,Rappahannock,Male,5539,297,66
2020-12-25,Central Virginia,Male,4807,162,66
2020-12-25,Alleghany,Not Reported,114,0,6
2020-12-25,Henrico,Male,5256,326,130
2020-12-25,Thomas Jefferson,Male,3388,174,45
2020-12-25,Lord Fairfax,Male,4330,275,88
2020-12-25,Three Rivers,Male,2186,116,29
2020-12-25,Richmond,Not Reported,140,1,2
2020-12-25,Pittsylvania-Danville,Male,2074,118,36
2020-12-25,Portsmouth,Not Reported,5,0,0
2020-12-25,Norfolk,Not Reported,19,0,0
2020-12-25,Chesapeake,Male,4187,288,46
2020-12-25,Chickahominy,Female,2484,125,46
2020-12-25,Prince William,Male,13380,784,167
2020-12-25,Eastern Shore,Not Reported,9,0,0
2020-12-25,Eastern Shore,Male,978,90,29
2020-12-25,Rappahannock Rapidan,Male,3243,161,35
2020-12-25,Henrico,Not Reported,147,1,1
2020-12-25,Cumberland Plateau,Female,2441,114,22
2020-12-25,West Piedmont,Male,2776,220,62
2020-12-25,Hampton,Not Reported,25,0,0
2020-12-25,Alexandria,Not Reported,19,0,1
2020-12-25,Western Tidewater,Not Reported,11,0,3
2020-12-25,Cumberland Plateau,Not Reported,201,1,1
2020-12-25,Virginia Beach,Male,7191,355,74
2020-12-25,Alleghany,Female,4175,118,77
2020-12-25,Lenowisco,Female,2335,114,54
2020-12-25,Virginia Beach,Not Reported,103,0,0
2020-12-25,Western Tidewater,Female,3490,198,80
2020-12-25,Mount Rogers,Male,4402,315,100
2020-12-25,Lord Fairfax,Female,5149,238,84
2020-12-25,Piedmont,Not Reported,19,0,0
2020-12-25,Alexandria,Male,3299,235,46
2020-12-25,Pittsylvania-Danville,Not Reported,34,2,3
2020-12-25,West Piedmont,Not Reported,19,2,4
2020-12-25,Loudoun,Female,6598,285,91
2020-12-25,Hampton,Female,2225,80,20
2020-12-25,Henrico,Female,6153,341,155
2020-12-25,Prince William,Not Reported,263,2,1
2020-12-25,Chickahominy,Male,2294,134,43
2020-09-29,Southside,Not Reported,6,0,0
2020-09-29,Chesapeake,Female,2380,213,32
2020-09-29,Richmond,Female,2319,204,22
2020-09-29,Roanoke,Male,766,30,10
2020-09-29,Fairfax,Not Reported,170,2,6
2020-09-29,Thomas Jefferson,Female,1854,93,38
2020-09-29,Chesapeake,Not Reported,8,0,0
2020-09-29,Cumberland Plateau,Male,391,29,4
2020-09-29,Eastern Shore,Female,748,71,26
2020-09-29,Lord Fairfax,Not Reported,16,0,0
2020-09-29,Rappahannock,Not Reported,18,0,0
2020-09-29,Central Shenandoah,Not Reported,19,0,0
2020-09-29,Peninsula,Male,2113,103,35
2020-09-29,Norfolk,Male,2333,179,42
2020-09-29,Alexandria,Female,1993,143,35
2020-09-29,Lenowisco,Male,447,40,16
2020-09-29,Pittsylvania-Danville,Female,1052,85,25
2020-09-29,New River,Not Reported,34,0,0
2020-09-29,Chesterfield,Not Reported,122,0,1
2020-09-29,Loudoun,Male,3344,237,46
2020-09-29,Rappahannock Rapidan,Female,1350,72,26
2020-09-29,Piedmont,Female,689,55,14
2020-09-29,Richmond,Male,2274,212,36
2020-09-29,Crater,Female,1698,147,56
2020-09-29,Portsmouth,Female,1353,157,31
2020-09-29,Arlington,Not Reported,5,0,0
2020-09-29,Mount Rogers,Not Reported,8,0,0
2020-09-29,Thomas Jefferson,Not Reported,4,0,0
2020-09-29,Three Rivers,Not Reported,27,0,0
2020-09-29,Hampton,Male,806,40,14
2020-09-29,Alleghany,Male,753,44,9
2020-09-29,Roanoke,Female,962,37,17
2020-09-29,Loudoun,Not Reported,56,0,0
2020-09-29,Fairfax,Female,10765,933,284
2020-09-29,Western Tidewater,Male,1993,108,66
2020-09-29,Peninsula,Not Reported,20,0,0
2020-09-29,New River,Male,1569,38,10
2020-09-29,Central Shenandoah,Male,2497,132,37
2020-09-29,Southside,Male,735,44,21
2020-09-29,Chesterfield,Male,3114,196,68
2020-09-29,Arlington,Female,1968,220,69
2020-09-29,Rappahannock,Male,2471,210,45
2020-09-29,Central Virginia,Male,1519,61,18
2020-09-29,Alleghany,Not Reported,9,0,0
2020-09-29,Henrico,Male,2545,219,100
2020-09-29,Thomas Jefferson,Male,1655,93,31
2020-09-29,Lord Fairfax,Male,1484,141,56
2020-09-29,Three Rivers,Male,991,57,14
2020-09-29,Richmond,Not Reported,56,2,3
2020-09-29,Pittsylvania-Danville,Male,833,58,13
2020-09-29,Portsmouth,Not Reported,3,0,0
2020-09-29,Norfolk,Not Reported,3,0,0
2020-09-29,Chesapeake,Male,1945,201,40
2020-09-29,Chickahominy,Female,921,80,25
2020-09-29,Prince William,Male,7339,618,136
2020-09-29,Eastern Shore,Not Reported,9,0,0
2020-09-29,Eastern Shore,Male,723,68,24
2020-09-29,Rappahannock Rapidan,Male,1278,101,25
2020-09-29,Henrico,Not Reported,34,0,0
2020-09-29,Cumberland Plateau,Female,447,28,6
2020-09-29,West Piedmont,Male,912,111,33
2020-09-29,Hampton,Not Reported,17,0,1
2020-09-29,Alexandria,Not Reported,14,0,0
2020-09-29,Western Tidewater,Not Reported,4,0,1
2020-09-29,Cumberland Plateau,Not Reported,1,0,0
2020-09-29,Virginia Beach,Male,3125,183,46
2020-09-29,Alleghany,Female,847,34,20
2020-09-29,Lenowisco,Female,468,35,4
2020-09-29,Virginia Beach,Not Reported,16,0,0
2020-09-29,Western Tidewater,Female,1919,91,58
2020-09-29,Mount Rogers,Male,1203,143,64
2020-09-29,Lord Fairfax,Female,1634,130,55
2020-09-29,Piedmont,Not Reported,4,0,0
2020-09-29,Alexandria,Male,1834,178,34
2020-09-29,Pittsylvania-Danville,Not Reported,8,1,0
2020-09-29,West Piedmont,Not Reported,7,0,0
2020-09-29,Loudoun,Female,3451,195,78
2020-09-29,Hampton,Female,1014,25,11
2020-09-29,Henrico,Female,2899,219,112
2020-09-29,Prince William,Not Reported,129,2,0
2020-09-29,Chickahominy,Male,908,82,28
2020-09-29,Rappahannock Rapidan,Not Reported,14,0,0
2020-09-29,Peninsula,Female,2283,95,43
2020-09-29,Lenowisco,Not Reported,2,0,0
2020-09-29,Crater,Not Reported,37,3,0
2020-09-29,Chickahominy,Not Reported,33,1,0
2020-09-29,Portsmouth,Male,1211,124,28
2020-09-29,New River,Female,1646,21,9
2020-09-29,Rappahannock,Female,2823,180,30
2020-09-29,Central Virginia,Female,1720,63,19
2020-09-29,Roanoke,Not Reported,16,0,0
2020-09-29,West Piedmont,Female,1174,138,38
2020-09-29,Mount Rogers,Female,1625,111,59
2020-09-29,Piedmont,Male,1291,81,35
2020-09-29,Chesterfield,Female,3289,182,57
2020-09-29,Fairfax,Male,10197,1248,311
2020-09-29,Crater,Male,2312,125,47
2020-09-29,Central Virginia,Not Reported,38,0,0
2020-09-29,Prince William,Female,7615,477,100
2020-09-29,Virginia Beach,Female,3760,195,45
2020-09-29,Norfolk,Female,2534,188,36
2020-09-29,Three Rivers,Female,793,60,16
2020-09-29,Arlington,Male,2012,279,81
2020-09-29,Central Shenandoah,Female,2937,136,33
2020-09-29,Southside,Female,696,41,23
2020-12-25,Rappahannock Rapidan,Not Reported,303,3,0
2020-12-25,Peninsula,Female,4888,172,58
2020-12-25,Lenowisco,Not Reported,93,1,2
2020-12-25,Crater,Not Reported,85,3,0
2020-12-25,Chickahominy,Not Reported,98,0,0
2020-12-25,Portsmouth,Male,1982,190,33
2020-12-25,New River,Female,4675,127,53
2020-12-25,Rappahannock,Female,6192,268,49
2020-12-25,Central Virginia,Female,5586,154,43
2020-12-25,Roanoke,Not Reported,19,0,0
2020-12-25,West Piedmont,Female,3564,224,63
2020-12-25,Mount Rogers,Female,5330,279,111
2020-12-25,Piedmont,Male,2838,127,49
2020-12-25,Chesterfield,Female,7033,328,92
2020-12-25,Fairfax,Male,20379,1633,355
2020-12-25,Crater,Male,3775,176,59
2020-12-25,Central Virginia,Not Reported,283,2,3
2020-12-25,Prince William,Female,14161,623,118
2020-12-25,Virginia Beach,Female,8074,351,67
2020-12-25,Norfolk,Female,4190,285,50
2020-12-25,Three Rivers,Female,2149,106,27
2020-12-25,Arlington,Male,4236,364,99
2020-12-25,Central Shenandoah,Female,7644,249,68
2020-12-25,Southside,Female,1482,64,49
2020-09-30,Southside,Not Reported,7,0,0
2020-09-30,Chesapeake,Female,2391,215,32
2020-09-30,Richmond,Female,2332,205,22
2020-09-30,Roanoke,Male,780,30,11
2020-09-30,Fairfax,Not Reported,170,2,6
2020-09-30,Thomas Jefferson,Female,1871,94,39
2020-09-30,Chesapeake,Not Reported,8,0,0
2020-09-30,Cumberland Plateau,Male,400,30,4
2020-09-30,Eastern Shore,Female,748,71,26
2020-09-30,Lord Fairfax,Not Reported,16,0,0
2020-09-30,Rappahannock,Not Reported,15,0,0
2020-09-30,Central Shenandoah,Not Reported,18,0,0
2020-09-30,Peninsula,Male,2118,103,35
2020-09-30,Norfolk,Male,2338,179,42
2020-09-30,Alexandria,Female,2002,144,35
2020-09-30,Lenowisco,Male,452,42,16
2020-09-30,Pittsylvania-Danville,Female,1074,85,25
2020-09-30,New River,Not Reported,33,0,0
2020-09-30,Chesterfield,Not Reported,122,0,1
2020-09-30,Loudoun,Male,3362,239,46
2020-09-30,Rappahannock Rapidan,Female,1355,72,26
2020-09-30,Piedmont,Female,689,55,14
2020-09-30,Richmond,Male,2287,212,36
2020-09-30,Crater,Female,1702,147,57
2020-09-30,Portsmouth,Female,1354,164,31
2020-09-30,Arlington,Not Reported,5,0,0
2020-09-30,Mount Rogers,Not Reported,8,0,0
2020-09-30,Thomas Jefferson,Not Reported,5,0,0
2020-09-30,Three Rivers,Not Reported,27,0,0
2020-09-30,Hampton,Male,811,42,14
2020-09-30,Alleghany,Male,762,44,9
2020-09-30,Roanoke,Female,989,40,17
2020-09-30,Loudoun,Not Reported,56,0,0
2020-09-30,Fairfax,Female,10790,935,284
2020-09-30,Western Tidewater,Male,2007,108,67
2020-09-30,Peninsula,Not Reported,20,0,0
2020-09-30,New River,Male,1587,38,10
2020-09-30,Central Shenandoah,Male,2528,132,37
2020-09-30,Southside,Male,743,44,22
2020-09-30,Chesterfield,Male,3126,199,68
2020-09-30,Arlington,Female,1971,221,69
2020-09-30,Rappahannock,Male,2479,212,45
2020-09-30,Central Virginia,Male,1536,61,18
2020-09-30,Alleghany,Not Reported,9,0,0
2020-09-30,Henrico,Male,2547,219,102
2020-09-30,Thomas Jefferson,Male,1680,94,31
2020-09-30,Lord Fairfax,Male,1492,141,57
2020-09-30,Three Rivers,Male,993,57,14
2020-09-30,Richmond,Not Reported,55,2,3
2020-09-30,Pittsylvania-Danville,Male,843,58,13
2020-09-30,Portsmouth,Not Reported,3,0,0
2020-09-30,Norfolk,Not Reported,2,0,0
2020-09-30,Chesapeake,Male,1951,202,40
2020-09-30,Chickahominy,Female,925,81,25
2020-09-30,Prince William,Male,7354,620,137
2020-09-30,Eastern Shore,Not Reported,9,0,0
2020-09-30,Eastern Shore,Male,730,68,24
2020-09-30,Rappahannock Rapidan,Male,1283,102,26
2020-09-30,Henrico,Not Reported,37,0,0
2020-09-30,Cumberland Plateau,Female,454,29,6
2020-09-30,West Piedmont,Male,918,113,34
2020-09-30,Hampton,Not Reported,14,0,1
2020-09-30,Alexandria,Not Reported,14,0,0
2020-09-30,Western Tidewater,Not Reported,4,0,1
2020-09-30,Cumberland Plateau,Not Reported,1,0,0
2020-09-30,Virginia Beach,Male,3145,185,46
2020-09-30,Alleghany,Female,862,34,20
2020-09-30,Lenowisco,Female,476,36,4
2020-09-30,Virginia Beach,Not Reported,16,0,0
2020-09-30,Western Tidewater,Female,1921,91,57
2020-09-30,Mount Rogers,Male,1210,144,65
2020-09-30,Lord Fairfax,Female,1646,133,56
2020-09-30,Piedmont,Not Reported,4,0,0
2020-09-30,Alexandria,Male,1836,179,34
2020-09-30,Pittsylvania-Danville,Not Reported,8,1,0
2020-09-30,West Piedmont,Not Reported,7,0,0
2020-09-30,Loudoun,Female,3471,196,79
2020-09-30,Hampton,Female,1021,26,12
2020-09-30,Henrico,Female,2907,222,114
2020-09-30,Prince William,Not Reported,128,2,0
2020-09-30,Chickahominy,Male,912,82,28
2020-09-30,Rappahannock Rapidan,Not Reported,15,0,0
2020-09-30,Peninsula,Female,2289,96,44
2020-09-30,Lenowisco,Not Reported,2,0,0
2020-09-30,Crater,Not Reported,37,3,0
2020-09-30,Chickahominy,Not Reported,35,1,0
2020-09-30,Portsmouth,Male,1237,124,28
2020-09-30,New River,Female,1654,22,9
2020-09-30,Rappahannock,Female,2831,181,30
2020-09-30,Central Virginia,Female,1732,64,19
2020-09-30,Roanoke,Not Reported,18,0,0
2020-09-30,West Piedmont,Female,1185,138,38
2020-09-30,Mount Rogers,Female,1632,112,59
2020-09-30,Piedmont,Male,1291,81,35
2020-09-30,Chesterfield,Female,3298,183,57
2020-09-30,Fairfax,Male,10228,1250,313
2020-09-30,Crater,Male,2325,125,47
2020-09-30,Central Virginia,Not Reported,38,0,0
2020-09-30,Prince William,Female,7630,478,102
2020-09-30,Virginia Beach,Female,3776,196,45
2020-09-30,Norfolk,Female,2541,188,36
2020-09-30,Three Rivers,Female,799,60,16
2020-09-30,Arlington,Male,2019,279,81
2020-09-30,Central Shenandoah,Female,2972,137,33
2020-09-30,Southside,Female,705,41,23
2020-12-26,Southside,Not Reported,23,0,0
2020-12-26,Chesapeake,Female,4669,308,50
2020-12-26,Richmond,Female,4567,276,34
2020-12-26,Roanoke,Male,2191,68,46
2020-12-26,Fairfax,Not Reported,284,3,11
2020-12-26,Thomas Jefferson,Female,3701,175,46
2020-12-26,Chesapeake,Not Reported,25,0,1
2020-12-26,Cumberland Plateau,Male,2183,116,37
2020-12-26,Eastern Shore,Female,1069,84,27
2020-12-26,Lord Fairfax,Not Reported,61,0,1
2020-12-26,Rappahannock,Not Reported,186,0,0
2020-12-26,Central Shenandoah,Not Reported,416,3,1
2020-12-26,Peninsula,Male,4302,196,57
2020-12-26,Norfolk,Male,4086,259,54
2020-12-26,Alexandria,Female,3667,189,39
2020-12-26,Lenowisco,Male,2130,126,58
2020-12-26,Pittsylvania-Danville,Female,2663,175,57
2020-12-26,New River,Not Reported,71,0,3
2020-12-26,Chesterfield,Not Reported,227,0,4
2020-12-26,Loudoun,Male,6631,344,63
2020-12-26,Rappahannock Rapidan,Female,2788,128,29
2020-12-26,Piedmont,Female,1663,105,22
2020-12-26,Richmond,Male,4066,271,55
2020-12-26,Crater,Female,3117,212,69
2020-12-26,Portsmouth,Female,2197,222,43
2020-12-26,Arlington,Not Reported,30,0,1
2020-12-26,Mount Rogers,Not Reported,106,2,4
2020-12-26,Thomas Jefferson,Not Reported,18,0,0
2020-12-26,Three Rivers,Not Reported,44,1,0
2020-12-26,Hampton,Male,1873,112,23
2020-12-26,Alleghany,Male,3634,94,47
2020-12-26,Roanoke,Female,2874,73,47
2020-12-26,Loudoun,Not Reported,128,0,0
2020-12-26,Fairfax,Female,21551,1275,321
2020-12-26,Western Tidewater,Male,3486,173,94
2020-12-26,Peninsula,Not Reported,66,0,0
2020-12-26,New River,Male,4079,111,37
2020-12-26,Central Shenandoah,Male,7052,264,76
2020-12-26,Southside,Male,1395,70,30
2020-12-26,Chesterfield,Male,6364,336,102
2020-12-26,Arlington,Female,4178,283,76
2020-10-01,Southside,Not Reported,8,0,0
2020-10-01,Chesapeake,Female,2393,216,32
2020-10-01,Richmond,Female,2334,205,22
2020-10-01,Roanoke,Male,786,31,11
2020-10-01,Fairfax,Not Reported,170,2,6
2020-10-01,Thomas Jefferson,Female,1900,95,39
2020-10-01,Chesapeake,Not Reported,8,0,0
2020-10-01,Cumberland Plateau,Male,405,30,4
2020-10-01,Eastern Shore,Female,748,71,26
2020-10-01,Lord Fairfax,Not Reported,15,0,0
2020-10-01,Rappahannock,Not Reported,15,0,0
2020-10-01,Central Shenandoah,Not Reported,17,0,0
2020-10-01,Peninsula,Male,2121,103,36
2020-10-01,Norfolk,Male,2343,179,42
2020-10-01,Alexandria,Female,2004,144,35
2020-10-01,Lenowisco,Male,463,43,16
2020-10-01,Pittsylvania-Danville,Female,1078,86,25
2020-10-01,New River,Not Reported,33,0,0
2020-10-01,Chesterfield,Not Reported,121,0,1
2020-10-01,Loudoun,Male,3358,240,47
2020-10-01,Rappahannock Rapidan,Female,1361,72,26
2020-10-01,Piedmont,Female,689,55,14
2020-10-01,Richmond,Male,2294,213,37
2020-10-01,Crater,Female,1711,147,57
2020-10-01,Portsmouth,Female,1356,165,31
2020-10-01,Arlington,Not Reported,5,0,0
2020-10-01,Mount Rogers,Not Reported,8,0,0
2020-10-01,Thomas Jefferson,Not Reported,4,0,0
2020-10-01,Three Rivers,Not Reported,27,0,0
2020-10-01,Hampton,Male,819,43,15
2020-10-01,Alleghany,Male,768,44,9
2020-10-01,Roanoke,Female,996,41,17
2020-10-01,Loudoun,Not Reported,56,0,0
2020-10-01,Fairfax,Female,10815,939,284
2020-10-01,Western Tidewater,Male,2007,108,68
2020-10-01,Peninsula,Not Reported,19,0,0
2020-10-01,New River,Male,1600,38,10
2020-10-01,Central Shenandoah,Male,2542,132,37
2020-10-01,Southside,Male,745,44,22
2020-10-01,Chesterfield,Male,3127,200,68
2020-10-01,Arlington,Female,1970,221,69
2020-10-01,Rappahannock,Male,2487,213,46
2020-10-01,Central Virginia,Male,1552,65,19
2020-10-01,Alleghany,Not Reported,9,0,0
2020-10-01,Henrico,Male,2553,219,103
2020-10-01,Thomas Jefferson,Male,1698,94,31
2020-10-01,Lord Fairfax,Male,1501,144,60
2020-10-01,Three Rivers,Male,994,56,14
2020-10-01,Richmond,Not Reported,55,2,3
2020-10-01,Pittsylvania-Danville,Male,849,59,13
2020-10-01,Portsmouth,Not Reported,3,0,0
2020-10-01,Norfolk,Not Reported,2,0,0
2020-10-01,Chesapeake,Male,1956,202,40
2020-10-01,Chickahominy,Female,928,81,25
2020-10-01,Prince William,Male,7363,623,138
2020-10-01,Eastern Shore,Not Reported,9,0,0
2020-10-01,Eastern Shore,Male,731,68,24
2020-10-01,Rappahannock Rapidan,Male,1290,103,26
2020-10-01,Henrico,Not Reported,35,0,0
2020-10-01,Cumberland Plateau,Female,454,30,6
2020-10-01,West Piedmont,Male,924,114,34
2020-10-01,Hampton,Not Reported,7,0,0
2020-10-01,Alexandria,Not Reported,14,0,0
2020-10-01,Western Tidewater,Not Reported,4,0,1
2020-10-01,Cumberland Plateau,Not Reported,1,0,0
2020-10-01,Virginia Beach,Male,3157,185,46
2020-10-01,Alleghany,Female,873,34,20
2020-10-01,Lenowisco,Female,480,36,4
2020-10-01,Virginia Beach,Not Reported,16,0,0
2020-10-01,Western Tidewater,Female,1922,92,57
2020-10-01,Mount Rogers,Male,1215,144,66
2020-10-01,Lord Fairfax,Female,1654,133,56
2020-10-01,Piedmont,Not Reported,4,0,0
2020-10-01,Alexandria,Male,1841,180,34
2020-10-01,Pittsylvania-Danville,Not Reported,8,1,0
2020-10-01,West Piedmont,Not Reported,7,0,0
2020-10-01,Loudoun,Female,3473,196,79
2020-10-01,Hampton,Female,1025,26,12
2020-10-01,Henrico,Female,2913,223,114
2020-10-01,Prince William,Not Reported,129,2,0
2020-10-01,Chickahominy,Male,916,82,28
2020-10-01,Rappahannock Rapidan,Not Reported,16,0,0
2020-10-01,Peninsula,Female,2291,99,45
2020-10-01,Lenowisco,Not Reported,2,0,0
2020-10-01,Crater,Not Reported,37,3,0
2020-10-01,Chickahominy,Not Reported,35,1,0
2020-10-01,Portsmouth,Male,1240,124,28
2020-10-01,New River,Female,1667,22,10
2020-10-01,Rappahannock,Female,2846,183,31
2020-10-01,Central Virginia,Female,1739,66,20
2020-10-01,Roanoke,Not Reported,19,0,0
2020-10-01,West Piedmont,Female,1196,139,39
2020-10-01,Mount Rogers,Female,1646,114,59
2020-10-01,Piedmont,Male,1293,81,35
2020-10-01,Chesterfield,Female,3303,186,57
2020-10-01,Fairfax,Male,10241,1252,313
2020-10-01,Crater,Male,2328,125,47
2020-10-01,Central Virginia,Not Reported,39,0,0
2020-10-01,Prince William,Female,7646,479,103
2020-10-01,Virginia Beach,Female,3784,198,47
2020-10-01,Norfolk,Female,2546,187,36
2020-10-01,Three Rivers,Female,805,61,16
2020-10-01,Arlington,Male,2022,279,81
2020-10-01,Central Shenandoah,Female,2981,138,33
2020-10-01,Southside,Female,708,41,23
2020-12-26,Rappahannock,Male,5552,298,67
2020-12-26,Central Virginia,Male,4863,162,66
2020-12-26,Alleghany,Not Reported,115,0,7
2020-12-26,Henrico,Male,5293,326,130
2020-12-26,Thomas Jefferson,Male,3389,174,45
2020-12-26,Lord Fairfax,Male,4380,275,88
2020-12-26,Three Rivers,Male,2203,116,29
2020-12-26,Richmond,Not Reported,141,1,2
2020-12-26,Pittsylvania-Danville,Male,2097,118,36
2020-12-26,Portsmouth,Not Reported,6,0,1
2020-12-26,Norfolk,Not Reported,19,0,0
2020-12-26,Chesapeake,Male,4194,288,46
2020-12-26,Chickahominy,Female,2528,125,46
2020-12-26,Prince William,Male,13506,785,167
2020-12-26,Eastern Shore,Not Reported,9,0,0
2020-12-26,Eastern Shore,Male,978,90,29
2020-12-26,Rappahannock Rapidan,Male,3246,161,35
2020-12-26,Henrico,Not Reported,149,1,2
2020-12-26,Cumberland Plateau,Female,2479,116,22
2020-12-26,West Piedmont,Male,2801,220,62
2020-12-26,Hampton,Not Reported,25,0,0
2020-12-26,Alexandria,Not Reported,19,0,1
2020-12-26,Western Tidewater,Not Reported,11,0,3
2020-12-26,Cumberland Plateau,Not Reported,202,1,1
2020-12-26,Virginia Beach,Male,7203,355,74
2020-12-26,Alleghany,Female,4217,118,78
2020-12-26,Lenowisco,Female,2357,115,54
2020-12-26,Virginia Beach,Not Reported,103,0,0
2020-12-26,Western Tidewater,Female,3495,198,80
2020-12-26,Mount Rogers,Male,4403,315,101
2020-12-26,Lord Fairfax,Female,5204,238,84
2020-12-26,Piedmont,Not Reported,19,0,0
2020-12-26,Alexandria,Male,3299,235,46
2020-12-26,Pittsylvania-Danville,Not Reported,35,2,4
2020-12-26,West Piedmont,Not Reported,19,2,4
2020-12-26,Loudoun,Female,6682,285,91
2020-12-26,Hampton,Female,2225,80,20
2020-12-26,Henrico,Female,6208,341,155
2020-12-26,Prince William,Not Reported,265,2,2
2020-12-26,Chickahominy,Male,2337,134,43
2020-10-02,Southside,Not Reported,8,0,0
2020-10-02,Chesapeake,Female,2401,218,32
2020-10-02,Richmond,Female,2343,206,22
2020-10-02,Roanoke,Male,803,32,11
2020-10-02,Fairfax,Not Reported,169,2,6
2020-10-02,Thomas Jefferson,Female,1923,95,39
2020-10-02,Chesapeake,Not Reported,8,0,0
2020-10-02,Cumberland Plateau,Male,415,30,4
2020-10-02,Eastern Shore,Female,750,71,26
2020-10-02,Lord Fairfax,Not Reported,15,0,0
2020-10-02,Rappahannock,Not Reported,16,0,0
2020-10-02,Central Shenandoah,Not Reported,17,0,0
2020-10-02,Peninsula,Male,2137,105,37
2020-10-02,Norfolk,Male,2348,181,42
2020-10-02,Alexandria,Female,2011,144,35
2020-10-02,Lenowisco,Male,469,44,16
2020-10-02,Pittsylvania-Danville,Female,1096,88,25
2020-10-02,New River,Not Reported,33,0,0
2020-10-02,Chesterfield,Not Reported,120,0,1
2020-10-02,Loudoun,Male,3368,240,47
2020-10-02,Rappahannock Rapidan,Female,1369,73,26
2020-10-02,Piedmont,Female,712,55,15
2020-10-02,Richmond,Male,2303,213,37
2020-10-02,Crater,Female,1723,147,57
2020-10-02,Portsmouth,Female,1358,165,31
2020-10-02,Arlington,Not Reported,5,0,0
2020-10-02,Mount Rogers,Not Reported,9,0,0
2020-10-02,Thomas Jefferson,Not Reported,4,0,0
2020-10-02,Three Rivers,Not Reported,27,0,0
2020-10-02,Hampton,Male,821,43,15
2020-10-02,Alleghany,Male,776,44,9
2020-10-02,Roanoke,Female,1009,41,17
2020-10-02,Loudoun,Not Reported,57,0,0
2020-10-02,Fairfax,Female,10838,940,285
2020-10-02,Western Tidewater,Male,2016,110,69
2020-10-02,Peninsula,Not Reported,19,0,0
2020-10-02,New River,Male,1620,39,11
2020-10-02,Central Shenandoah,Male,2559,132,37
2020-10-02,Southside,Male,753,44,22
2020-10-02,Chesterfield,Male,3138,202,69
2020-10-02,Arlington,Female,1976,223,70
2020-10-02,Rappahannock,Male,2499,213,46
2020-10-02,Central Virginia,Male,1595,66,20
2020-10-02,Alleghany,Not Reported,9,0,0
2020-10-02,Henrico,Male,2561,219,104
2020-10-02,Thomas Jefferson,Male,1724,94,31
2020-10-02,Lord Fairfax,Male,1507,144,60
2020-10-02,Three Rivers,Male,1008,59,15
2020-10-02,Richmond,Not Reported,55,2,3
2020-10-02,Pittsylvania-Danville,Male,864,60,14
2020-10-02,Portsmouth,Not Reported,3,0,0
2020-10-02,Norfolk,Not Reported,2,0,0
2020-10-02,Chesapeake,Male,1966,202,40
2020-10-02,Chickahominy,Female,936,82,26
2020-10-02,Prince William,Male,7382,624,139
2020-10-02,Eastern Shore,Not Reported,9,0,0
2020-10-02,Eastern Shore,Male,732,68,24
2020-10-02,Rappahannock Rapidan,Male,1293,103,26
2020-10-02,Henrico,Not Reported,35,0,0
2020-10-02,Cumberland Plateau,Female,463,31,6
2020-10-02,West Piedmont,Male,934,114,34
2020-10-02,Hampton,Not Reported,7,0,0
2020-10-02,Alexandria,Not Reported,14,0,0
2020-10-02,Western Tidewater,Not Reported,4,0,1
2020-10-02,Cumberland Plateau,Not Reported,1,0,0
2020-10-02,Virginia Beach,Male,3174,187,46
2020-10-02,Alleghany,Female,887,34,20
2020-10-02,Lenowisco,Female,488,37,4
2020-10-02,Virginia Beach,Not Reported,16,0,0
2020-10-02,Western Tidewater,Female,1935,92,58
2020-10-02,Mount Rogers,Male,1222,147,66
2020-10-02,Lord Fairfax,Female,1662,134,56
2020-10-02,Piedmont,Not Reported,4,0,0
2020-10-02,Alexandria,Male,1848,182,34
2020-10-02,Pittsylvania-Danville,Not Reported,8,1,0
2020-10-02,West Piedmont,Not Reported,7,0,0
2020-10-02,Loudoun,Female,3491,196,79
2020-10-02,Hampton,Female,1031,26,12
2020-10-02,Henrico,Female,2920,223,114
2020-10-02,Prince William,Not Reported,130,2,0
2020-10-02,Chickahominy,Male,926,83,28
2020-10-02,Rappahannock Rapidan,Not Reported,19,0,0
2020-10-02,Peninsula,Female,2310,99,47
2020-10-02,Lenowisco,Not Reported,2,0,0
2020-10-02,Crater,Not Reported,38,3,0
2020-10-02,Chickahominy,Not Reported,35,1,0
2020-10-02,Portsmouth,Male,1243,124,28
2020-10-02,New River,Female,1688,22,11
2020-10-02,Rappahannock,Female,2861,184,31
2020-10-02,Central Virginia,Female,1790,66,20
2020-10-02,Roanoke,Not Reported,19,0,0
2020-10-02,West Piedmont,Female,1205,139,41
2020-10-02,Mount Rogers,Female,1654,114,60
2020-10-02,Piedmont,Male,1310,82,36
2020-10-02,Chesterfield,Female,3326,186,57
2020-10-02,Fairfax,Male,10265,1254,314
2020-10-02,Crater,Male,2397,126,47
2020-10-02,Central Virginia,Not Reported,42,0,0
2020-10-02,Prince William,Female,7671,481,103
2020-10-02,Virginia Beach,Female,3810,199,47
2020-10-02,Norfolk,Female,2550,187,36
2020-10-02,Three Rivers,Female,812,61,16
2020-10-02,Arlington,Male,2028,280,81
2020-10-02,Central Shenandoah,Female,3005,138,33
2020-10-02,Southside,Female,713,42,23
2020-12-26,Rappahannock Rapidan,Not Reported,311,3,0
2020-12-26,Peninsula,Female,4899,172,58
2020-12-26,Lenowisco,Not Reported,94,1,2
2020-12-26,Crater,Not Reported,85,3,0
2020-12-26,Chickahominy,Not Reported,101,0,0
2020-12-26,Portsmouth,Male,1990,190,33
2020-12-26,New River,Female,4678,127,53
2020-12-26,Rappahannock,Female,6208,268,49
2020-12-26,Central Virginia,Female,5659,154,43
2020-12-26,Roanoke,Not Reported,19,0,0
2020-12-26,West Piedmont,Female,3590,224,63
2020-12-26,Mount Rogers,Female,5333,280,114
2020-12-26,Piedmont,Male,2842,127,49
2020-12-26,Chesterfield,Female,7058,328,92
2020-12-26,Fairfax,Male,20382,1633,355
2020-12-26,Crater,Male,3786,176,59
2020-12-26,Central Virginia,Not Reported,284,2,4
2020-12-26,Prince William,Female,14228,624,118
2020-12-26,Virginia Beach,Female,8086,351,67
2020-12-26,Norfolk,Female,4217,286,50
2020-12-26,Three Rivers,Female,2167,106,27
2020-12-26,Arlington,Male,4267,364,99
2020-12-26,Central Shenandoah,Female,7662,249,69
2020-12-26,Southside,Female,1494,65,50
2020-10-03,Southside,Not Reported,8,0,0
2020-10-03,Chesapeake,Female,2411,222,32
2020-10-03,Richmond,Female,2359,207,22
2020-10-03,Roanoke,Male,820,32,11
2020-10-03,Fairfax,Not Reported,169,2,6
2020-10-03,Thomas Jefferson,Female,1954,97,39
2020-10-03,Chesapeake,Not Reported,8,0,0
2020-10-03,Cumberland Plateau,Male,424,30,4
2020-10-03,Eastern Shore,Female,750,71,26
2020-10-03,Lord Fairfax,Not Reported,15,0,0
2020-10-03,Rappahannock,Not Reported,16,0,0
2020-10-03,Central Shenandoah,Not Reported,17,0,0
2020-10-03,Peninsula,Male,2152,105,38
2020-10-03,Norfolk,Male,2366,182,42
2020-10-03,Alexandria,Female,2022,144,35
2020-10-03,Lenowisco,Male,472,44,16
2020-10-03,Pittsylvania-Danville,Female,1121,89,26
2020-10-03,New River,Not Reported,33,0,0
2020-10-03,Chesterfield,Not Reported,120,0,1
2020-10-03,Loudoun,Male,3388,241,47
2020-10-03,Rappahannock Rapidan,Female,1374,73,26
2020-10-03,Piedmont,Female,729,55,15
2020-10-03,Richmond,Male,2331,212,37
2020-10-03,Crater,Female,1747,148,57
2020-10-03,Portsmouth,Female,1364,165,33
2020-10-03,Arlington,Not Reported,5,0,0
2020-10-03,Mount Rogers,Not Reported,12,0,0
2020-10-03,Thomas Jefferson,Not Reported,4,0,0
2020-10-03,Three Rivers,Not Reported,28,0,0
2020-10-03,Hampton,Male,827,43,15
2020-10-03,Alleghany,Male,787,44,9
2020-10-03,Roanoke,Female,1047,42,18
2020-10-03,Loudoun,Not Reported,57,0,0
2020-10-03,Fairfax,Female,10892,941,285
2020-10-03,Western Tidewater,Male,2032,110,71
2020-10-03,Peninsula,Not Reported,19,0,0
2020-10-03,New River,Male,1648,39,12
2020-10-03,Central Shenandoah,Male,2588,133,37
2020-10-03,Southside,Male,785,44,22
2020-10-03,Chesterfield,Male,3155,204,71
2020-10-03,Arlington,Female,1985,223,70
2020-10-03,Rappahannock,Male,2501,214,46
2020-10-03,Central Virginia,Male,1606,66,20
2020-10-03,Alleghany,Not Reported,9,0,0
2020-10-03,Henrico,Male,2575,221,105
2020-10-03,Thomas Jefferson,Male,1758,94,32
2020-10-03,Lord Fairfax,Male,1522,144,60
2020-10-03,Three Rivers,Male,1010,59,16
2020-10-03,Richmond,Not Reported,53,2,3
2020-10-03,Pittsylvania-Danville,Male,873,61,14
2020-10-03,Portsmouth,Not Reported,3,0,0
2020-10-03,Norfolk,Not Reported,2,0,0
2020-10-03,Chesapeake,Male,1977,206,41
2020-10-03,Chickahominy,Female,943,82,26
2020-10-03,Prince William,Male,7400,624,139
2020-10-03,Eastern Shore,Not Reported,9,0,0
2020-10-03,Eastern Shore,Male,733,68,24
2020-10-03,Rappahannock Rapidan,Male,1299,103,26
2020-10-03,Henrico,Not Reported,35,0,0
2020-10-03,Cumberland Plateau,Female,475,32,6
2020-10-03,West Piedmont,Male,952,115,34
2020-10-03,Hampton,Not Reported,8,0,0
2020-10-03,Alexandria,Not Reported,14,0,0
2020-10-03,Western Tidewater,Not Reported,4,0,1
2020-10-03,Cumberland Plateau,Not Reported,2,0,0
2020-10-03,Virginia Beach,Male,3183,187,46
2020-10-03,Alleghany,Female,896,34,19
2020-10-03,Lenowisco,Female,495,37,4
2020-10-03,Virginia Beach,Not Reported,16,0,0
2020-10-03,Western Tidewater,Female,1944,92,59
2020-10-03,Mount Rogers,Male,1237,148,67
2020-10-03,Lord Fairfax,Female,1683,134,56
2020-10-03,Piedmont,Not Reported,4,0,0
2020-10-03,Alexandria,Male,1857,182,35
2020-10-03,Pittsylvania-Danville,Not Reported,8,1,0
2020-10-03,West Piedmont,Not Reported,7,0,0
2020-10-03,Loudoun,Female,3509,196,79
2020-10-03,Hampton,Female,1036,26,12
2020-10-03,Henrico,Female,2939,225,114
2020-10-03,Prince William,Not Reported,130,2,0
2020-10-03,Chickahominy,Male,935,83,28
2020-10-03,Rappahannock Rapidan,Not Reported,21,0,0
2020-10-03,Peninsula,Female,2325,100,49
2020-10-03,Lenowisco,Not Reported,2,0,0
2020-10-03,Crater,Not Reported,38,3,0
2020-10-03,Chickahominy,Not Reported,35,1,0
2020-10-03,Portsmouth,Male,1247,125,28
2020-10-03,New River,Female,1707,22,11
2020-10-03,Rappahannock,Female,2871,184,31
2020-10-03,Central Virginia,Female,1806,67,20
2020-10-03,Roanoke,Not Reported,18,0,0
2020-10-03,West Piedmont,Female,1227,139,42
2020-10-03,Mount Rogers,Female,1665,116,61
2020-10-03,Piedmont,Male,1320,82,36
2020-10-03,Chesterfield,Female,3358,189,57
2020-10-03,Fairfax,Male,10324,1260,314
2020-10-03,Crater,Male,2427,126,47
2020-10-03,Central Virginia,Not Reported,42,0,0
2020-10-03,Prince William,Female,7686,482,102
2020-10-03,Virginia Beach,Female,3824,202,48
2020-10-03,Norfolk,Female,2566,187,36
2020-10-03,Three Rivers,Female,818,62,16
2020-10-03,Arlington,Male,2036,282,81
2020-10-03,Central Shenandoah,Female,3037,139,33
2020-10-03,Southside,Female,720,43,23
2020-12-27,Southside,Not Reported,23,0,0
2020-12-27,Chesapeake,Female,4716,310,50
2020-12-27,Richmond,Female,4595,276,34
2020-12-27,Roanoke,Male,2195,69,46
2020-12-27,Fairfax,Not Reported,288,3,11
2020-12-27,Thomas Jefferson,Female,3776,176,46
2020-12-27,Chesapeake,Not Reported,25,0,1
2020-12-27,Cumberland Plateau,Male,2212,117,37
2020-12-27,Eastern Shore,Female,1088,84,27
2020-12-27,Lord Fairfax,Not Reported,64,0,1
2020-12-27,Rappahannock,Not Reported,186,0,0
2020-12-27,Central Shenandoah,Not Reported,407,3,1
2020-12-27,Peninsula,Male,4319,196,57
2020-12-27,Norfolk,Male,4132,260,54
2020-12-27,Alexandria,Female,3700,190,39
2020-12-27,Lenowisco,Male,2165,129,58
2020-12-27,Pittsylvania-Danville,Female,2664,175,57
2020-12-27,New River,Not Reported,72,0,3
2020-12-27,Chesterfield,Not Reported,225,0,4
2020-12-27,Loudoun,Male,6693,345,63
2020-12-27,Rappahannock Rapidan,Female,2829,128,29
2020-12-27,Piedmont,Female,1682,105,22
2020-12-27,Richmond,Male,4089,272,56
2020-12-27,Crater,Female,3170,212,69
2020-12-27,Portsmouth,Female,2255,228,43
2020-12-27,Arlington,Not Reported,30,0,1
2020-12-27,Mount Rogers,Not Reported,105,2,4
2020-12-27,Thomas Jefferson,Not Reported,19,0,0
2020-12-27,Three Rivers,Not Reported,44,1,0
2020-12-27,Hampton,Male,1880,112,23
2020-12-27,Alleghany,Male,3658,95,47
2020-12-27,Roanoke,Female,2896,73,47
2020-12-27,Loudoun,Not Reported,131,0,0
2020-12-27,Fairfax,Female,21910,1277,321
2020-12-27,Western Tidewater,Male,3527,175,94
2020-12-27,Peninsula,Not Reported,66,0,0
2020-12-27,New River,Male,4114,113,37
2020-12-27,Central Shenandoah,Male,7162,271,77
2020-12-27,Southside,Male,1397,70,30
2020-12-27,Chesterfield,Male,6405,339,101
2020-12-27,Arlington,Female,4227,283,76
2020-10-04,Southside,Not Reported,8,0,0
2020-10-04,Chesapeake,Female,2418,223,32
2020-10-04,Richmond,Female,2372,210,22
2020-10-04,Roanoke,Male,822,32,11
2020-10-04,Fairfax,Not Reported,169,2,6
2020-10-04,Thomas Jefferson,Female,1980,97,39
2020-10-04,Chesapeake,Not Reported,8,0,0
2020-10-04,Cumberland Plateau,Male,424,30,4
2020-10-04,Eastern Shore,Female,751,72,26
2020-10-04,Lord Fairfax,Not Reported,15,0,0
2020-10-04,Rappahannock,Not Reported,15,0,0
2020-10-04,Central Shenandoah,Not Reported,17,0,0
2020-10-04,Peninsula,Male,2158,105,38
2020-10-04,Norfolk,Male,2368,182,42
2020-10-04,Alexandria,Female,2032,144,35
2020-10-04,Lenowisco,Male,479,45,16
2020-10-04,Pittsylvania-Danville,Female,1135,89,26
2020-10-04,New River,Not Reported,33,0,0
2020-10-04,Chesterfield,Not Reported,121,0,1
2020-10-04,Loudoun,Male,3399,241,47
2020-10-04,Rappahannock Rapidan,Female,1381,76,26
2020-10-04,Piedmont,Female,741,56,15
2020-10-04,Richmond,Male,2332,213,37
2020-10-04,Crater,Female,1757,148,57
2020-10-04,Portsmouth,Female,1369,165,33
2020-10-04,Arlington,Not Reported,5,0,0
2020-10-04,Mount Rogers,Not Reported,9,0,0
2020-10-04,Thomas Jefferson,Not Reported,4,0,0
2020-10-04,Three Rivers,Not Reported,28,0,0
2020-10-04,Hampton,Male,835,43,15
2020-10-04,Alleghany,Male,792,44,9
2020-10-04,Roanoke,Female,1052,43,18
2020-10-04,Loudoun,Not Reported,59,0,0
2020-10-04,Fairfax,Female,10947,942,285
2020-10-04,Western Tidewater,Male,2144,111,72
2020-10-04,Peninsula,Not Reported,19,0,0
2020-10-04,New River,Male,1669,39,12
2020-10-04,Central Shenandoah,Male,2601,134,37
2020-10-04,Southside,Male,807,44,22
2020-10-04,Chesterfield,Male,3172,204,71
2020-10-04,Arlington,Female,1993,223,70
2020-10-04,Rappahannock,Male,2509,214,46
2020-10-04,Central Virginia,Male,1641,66,20
2020-10-04,Alleghany,Not Reported,9,0,0
2020-10-04,Henrico,Male,2591,222,105
2020-10-04,Thomas Jefferson,Male,1782,94,32
2020-10-04,Lord Fairfax,Male,1531,144,60
2020-10-04,Three Rivers,Male,1019,60,16
2020-10-04,Richmond,Not Reported,53,2,3
2020-10-04,Pittsylvania-Danville,Male,880,63,14
2020-10-04,Portsmouth,Not Reported,3,0,0
2020-10-04,Norfolk,Not Reported,2,0,0
2020-10-04,Chesapeake,Male,1986,206,41
2020-10-04,Chickahominy,Female,953,82,26
2020-10-04,Prince William,Male,7442,624,139
2020-10-04,Eastern Shore,Not Reported,9,0,0
2020-10-04,Eastern Shore,Male,733,68,24
2020-10-04,Rappahannock Rapidan,Male,1304,103,26
2020-10-04,Henrico,Not Reported,35,0,0
2020-10-04,Cumberland Plateau,Female,479,32,6
2020-10-04,West Piedmont,Male,960,115,34
2020-10-04,Hampton,Not Reported,8,0,0
2020-10-04,Alexandria,Not Reported,14,0,0
2020-10-04,Western Tidewater,Not Reported,4,0,1
2020-10-04,Cumberland Plateau,Not Reported,4,0,0
2020-10-04,Virginia Beach,Male,3194,187,46
2020-10-04,Alleghany,Female,906,34,19
2020-10-04,Lenowisco,Female,507,37,4
2020-10-04,Virginia Beach,Not Reported,16,0,0
2020-10-04,Western Tidewater,Female,1960,92,60
2020-10-04,Mount Rogers,Male,1249,150,67
2020-10-04,Lord Fairfax,Female,1693,135,56
2020-10-04,Piedmont,Not Reported,5,0,0
2020-10-04,Alexandria,Male,1866,182,35
2020-10-04,Pittsylvania-Danville,Not Reported,8,1,0
2020-10-04,West Piedmont,Not Reported,7,0,0
2020-10-04,Loudoun,Female,3527,196,79
2020-10-04,Hampton,Female,1040,26,12
2020-10-04,Henrico,Female,2946,226,114
2020-10-04,Prince William,Not Reported,130,2,0
2020-10-04,Chickahominy,Male,944,84,28
2020-10-04,Rappahannock Rapidan,Not Reported,22,0,0
2020-10-04,Peninsula,Female,2335,100,49
2020-10-04,Lenowisco,Not Reported,2,0,0
2020-10-04,Crater,Not Reported,39,3,0
2020-10-04,Chickahominy,Not Reported,35,1,0
2020-10-04,Portsmouth,Male,1247,125,28
2020-10-04,New River,Female,1727,23,11
2020-10-04,Rappahannock,Female,2885,184,31
2020-10-04,Central Virginia,Female,1844,67,20
2020-10-04,Roanoke,Not Reported,18,0,0
2020-10-04,West Piedmont,Female,1244,139,42
2020-10-04,Mount Rogers,Female,1691,117,61
2020-10-04,Piedmont,Male,1330,82,36
2020-10-04,Chesterfield,Female,3380,191,57
2020-10-04,Fairfax,Male,10377,1261,314
2020-10-04,Crater,Male,2457,126,47
2020-10-04,Central Virginia,Not Reported,42,0,0
2020-10-04,Prince William,Female,7735,483,102
2020-10-04,Virginia Beach,Female,3849,202,48
2020-10-04,Norfolk,Female,2566,187,37
2020-10-04,Three Rivers,Female,830,62,16
2020-10-04,Arlington,Male,2047,282,81
2020-10-04,Central Shenandoah,Female,3057,139,33
2020-10-04,Southside,Female,722,43,23
2020-12-27,Rappahannock,Male,5556,299,67
2020-12-27,Central Virginia,Male,4906,163,66
2020-12-27,Alleghany,Not Reported,115,0,7
2020-12-27,Henrico,Male,5332,327,130
2020-12-27,Thomas Jefferson,Male,3446,177,45
2020-12-27,Lord Fairfax,Male,4449,275,88
2020-12-27,Three Rivers,Male,2213,116,29
2020-12-27,Richmond,Not Reported,141,1,2
2020-12-27,Pittsylvania-Danville,Male,2099,118,36
2020-12-27,Portsmouth,Not Reported,6,0,1
2020-12-27,Norfolk,Not Reported,19,0,0
2020-12-27,Chesapeake,Male,4248,289,46
2020-12-27,Chickahominy,Female,2555,128,46
2020-12-27,Prince William,Male,13683,786,167
2020-12-27,Eastern Shore,Not Reported,9,0,0
2020-12-27,Eastern Shore,Male,993,91,29
2020-12-27,Rappahannock Rapidan,Male,3296,161,36
2020-12-27,Henrico,Not Reported,151,1,2
2020-12-27,Cumberland Plateau,Female,2517,116,22
2020-12-27,West Piedmont,Male,2815,222,62
2020-12-27,Hampton,Not Reported,25,0,0
2020-12-27,Alexandria,Not Reported,20,0,1
2020-12-27,Western Tidewater,Not Reported,11,0,3
2020-12-27,Cumberland Plateau,Not Reported,202,1,1
2020-12-27,Virginia Beach,Male,7318,355,74
2020-12-27,Alleghany,Female,4254,118,78
2020-12-27,Lenowisco,Female,2395,115,54
2020-12-27,Virginia Beach,Not Reported,104,0,0
2020-12-27,Western Tidewater,Female,3548,201,80
2020-12-27,Mount Rogers,Male,4494,318,105
2020-12-27,Lord Fairfax,Female,5294,239,84
2020-12-27,Piedmont,Not Reported,18,0,0
2020-12-27,Alexandria,Male,3348,236,46
2020-12-27,Pittsylvania-Danville,Not Reported,35,2,4
2020-12-27,West Piedmont,Not Reported,19,2,4
2020-12-27,Loudoun,Female,6776,285,91
2020-12-27,Hampton,Female,2230,81,20
2020-12-27,Henrico,Female,6258,342,156
2020-12-27,Prince William,Not Reported,273,2,2
2020-12-27,Chickahominy,Male,2372,137,43
2020-12-27,Rappahannock Rapidan,Not Reported,342,3,0
2020-10-05,Southside,Not Reported,8,0,0
2020-10-05,Chesapeake,Female,2427,226,32
2020-10-05,Richmond,Female,2383,211,22
2020-10-05,Roanoke,Male,835,32,11
2020-10-05,Fairfax,Not Reported,170,2,6
2020-10-05,Thomas Jefferson,Female,2000,97,39
2020-10-05,Chesapeake,Not Reported,8,0,0
2020-10-05,Cumberland Plateau,Male,425,30,4
2020-10-05,Eastern Shore,Female,753,72,26
2020-10-05,Lord Fairfax,Not Reported,15,0,0
2020-10-05,Rappahannock,Not Reported,15,0,0
2020-10-05,Central Shenandoah,Not Reported,17,0,0
2020-10-05,Peninsula,Male,2166,106,38
2020-10-05,Norfolk,Male,2375,182,42
2020-10-05,Alexandria,Female,2040,145,35
2020-10-05,Lenowisco,Male,482,45,16
2020-10-05,Pittsylvania-Danville,Female,1142,92,27
2020-10-05,New River,Not Reported,35,0,0
2020-10-05,Chesterfield,Not Reported,121,0,1
2020-10-05,Loudoun,Male,3403,241,47
2020-10-05,Rappahannock Rapidan,Female,1385,76,26
2020-10-05,Piedmont,Female,748,56,15
2020-10-05,Richmond,Male,2340,215,37
2020-10-05,Crater,Female,1765,149,57
2020-10-05,Portsmouth,Female,1374,165,33
2020-10-05,Arlington,Not Reported,6,0,0
2020-10-05,Mount Rogers,Not Reported,9,0,0
2020-10-05,Thomas Jefferson,Not Reported,4,0,0
2020-10-05,Three Rivers,Not Reported,28,0,0
2020-10-05,Hampton,Male,837,43,15
2020-10-05,Alleghany,Male,795,44,9
2020-10-05,Roanoke,Female,1061,43,18
2020-10-05,Loudoun,Not Reported,58,0,0
2020-10-05,Fairfax,Female,10990,943,285
2020-10-05,Western Tidewater,Male,2156,111,72
2020-10-05,Peninsula,Not Reported,19,0,0
2020-10-05,New River,Male,1680,39,12
2020-10-05,Central Shenandoah,Male,2625,135,37
2020-10-05,Southside,Male,815,44,22
2020-10-05,Chesterfield,Male,3176,208,71
2020-10-05,Arlington,Female,1998,224,70
2020-10-05,Rappahannock,Male,2517,214,47
2020-10-05,Central Virginia,Male,1644,66,20
2020-10-05,Alleghany,Not Reported,9,0,0
2020-10-05,Henrico,Male,2603,222,105
2020-10-05,Thomas Jefferson,Male,1804,95,32
2020-10-05,Lord Fairfax,Male,1541,146,60
2020-10-05,Three Rivers,Male,1019,61,16
2020-10-05,Richmond,Not Reported,52,2,3
2020-10-05,Pittsylvania-Danville,Male,888,63,14
2020-10-05,Portsmouth,Not Reported,3,0,0
2020-10-05,Norfolk,Not Reported,3,0,0
2020-10-05,Chesapeake,Male,1998,207,41
2020-10-05,Chickahominy,Female,968,82,26
2020-10-05,Prince William,Male,7456,624,138
2020-10-05,Eastern Shore,Not Reported,9,0,0
2020-10-05,Eastern Shore,Male,735,68,24
2020-10-05,Rappahannock Rapidan,Male,1312,103,26
2020-10-05,Henrico,Not Reported,33,0,0
2020-10-05,Cumberland Plateau,Female,480,33,6
2020-10-05,West Piedmont,Male,963,115,34
2020-10-05,Hampton,Not Reported,8,0,0
2020-10-05,Alexandria,Not Reported,14,0,0
2020-10-05,Western Tidewater,Not Reported,4,0,1
2020-10-05,Cumberland Plateau,Not Reported,8,0,0
2020-10-05,Virginia Beach,Male,3216,187,46
2020-10-05,Alleghany,Female,907,34,19
2020-10-05,Lenowisco,Female,513,37,4
2020-10-05,Virginia Beach,Not Reported,16,0,0
2020-10-05,Western Tidewater,Female,1967,92,60
2020-10-05,Mount Rogers,Male,1258,150,67
2020-10-05,Lord Fairfax,Female,1704,135,56
2020-10-05,Piedmont,Not Reported,5,0,0
2020-10-05,Alexandria,Male,1873,182,35
2020-10-05,Pittsylvania-Danville,Not Reported,8,1,0
2020-10-05,West Piedmont,Not Reported,7,0,0
2020-10-05,Loudoun,Female,3526,196,79
2020-10-05,Hampton,Female,1044,26,12
2020-10-05,Henrico,Female,2957,227,114
2020-10-05,Prince William,Not Reported,130,2,0
2020-10-05,Chickahominy,Male,957,85,28
2020-10-05,Rappahannock Rapidan,Not Reported,28,0,0
2020-10-05,Peninsula,Female,2342,100,49
2020-10-05,Lenowisco,Not Reported,2,0,0
2020-10-05,Crater,Not Reported,39,3,0
2020-10-05,Chickahominy,Not Reported,35,1,0
2020-10-05,Portsmouth,Male,1250,125,28
2020-10-05,New River,Female,1745,23,11
2020-10-05,Rappahannock,Female,2891,184,31
2020-10-05,Central Virginia,Female,1849,67,20
2020-10-05,Roanoke,Not Reported,18,0,0
2020-10-05,West Piedmont,Female,1251,139,43
2020-10-05,Mount Rogers,Female,1700,118,61
2020-10-05,Piedmont,Male,1336,82,36
2020-10-05,Chesterfield,Female,3389,192,57
2020-10-05,Fairfax,Male,10408,1261,314
2020-10-05,Crater,Male,2464,127,47
2020-10-05,Central Virginia,Not Reported,42,0,0
2020-10-05,Prince William,Female,7763,487,102
2020-10-05,Virginia Beach,Female,3870,202,48
2020-10-05,Norfolk,Female,2575,188,37
2020-10-05,Three Rivers,Female,837,62,16
2020-10-05,Arlington,Male,2053,283,82
2020-10-05,Central Shenandoah,Female,3092,141,33
2020-10-05,Southside,Female,730,43,23
2020-12-27,Peninsula,Female,4942,172,58
2020-12-27,Lenowisco,Not Reported,94,1,2
2020-12-27,Crater,Not Reported,86,3,0
2020-12-27,Chickahominy,Not Reported,103,0,0
2020-12-27,Portsmouth,Male,2034,192,33
2020-12-27,New River,Female,4720,130,53
2020-12-27,Rappahannock,Female,6214,268,49
2020-12-27,Central Virginia,Female,5708,155,43
2020-12-27,Roanoke,Not Reported,20,0,0
2020-12-27,West Piedmont,Female,3605,225,63
2020-12-27,Mount Rogers,Female,5442,284,120
2020-12-27,Piedmont,Male,2896,127,49
2020-12-27,Chesterfield,Female,7101,330,92
2020-12-27,Fairfax,Male,20723,1637,355
2020-12-27,Crater,Male,3838,176,59
2020-12-27,Central Virginia,Not Reported,286,2,4
2020-12-27,Prince William,Female,14440,625,118
2020-12-27,Virginia Beach,Female,8245,351,67
2020-12-27,Norfolk,Female,4269,287,50
2020-12-27,Three Rivers,Female,2180,106,27
2020-12-27,Arlington,Male,4311,364,100
2020-12-27,Central Shenandoah,Female,7795,252,69
2020-12-27,Southside,Female,1498,65,50
2020-10-06,Southside,Not Reported,8,0,0
2020-10-06,Chesapeake,Female,2433,227,32
2020-10-06,Richmond,Female,2393,212,23
2020-10-06,Roanoke,Male,850,32,11
2020-10-06,Fairfax,Not Reported,170,1,6
2020-10-06,Thomas Jefferson,Female,2004,98,40
2020-10-06,Chesapeake,Not Reported,8,0,0
2020-10-06,Cumberland Plateau,Male,427,33,4
2020-10-06,Eastern Shore,Female,753,73,26
2020-10-06,Lord Fairfax,Not Reported,15,0,0
2020-10-06,Rappahannock,Not Reported,15,0,0
2020-10-06,Central Shenandoah,Not Reported,18,0,0
2020-10-06,Peninsula,Male,2170,106,38
2020-10-06,Norfolk,Male,2376,184,42
2020-10-06,Alexandria,Female,2042,145,35
2020-10-06,Lenowisco,Male,487,46,16
2020-10-06,Pittsylvania-Danville,Female,1148,93,28
2020-10-06,New River,Not Reported,35,0,0
2020-10-06,Chesterfield,Not Reported,121,0,1
2020-10-06,Loudoun,Male,3426,245,47
2020-10-06,Rappahannock Rapidan,Female,1385,76,26
2020-10-06,Piedmont,Female,759,56,15
2020-10-06,Richmond,Male,2348,215,37
2020-10-06,Crater,Female,1769,149,57
2020-10-06,Portsmouth,Female,1376,166,33
2020-10-06,Arlington,Not Reported,6,0,0
2020-10-06,Mount Rogers,Not Reported,9,0,0
2020-10-06,Thomas Jefferson,Not Reported,4,0,0
2020-10-06,Three Rivers,Not Reported,28,0,0
2020-10-06,Hampton,Male,839,44,15
2020-10-06,Alleghany,Male,800,45,9
2020-10-06,Roanoke,Female,1073,43,18
2020-10-06,Loudoun,Not Reported,56,0,0
2020-10-06,Fairfax,Female,11016,942,286
2020-10-06,Western Tidewater,Male,2160,111,73
2020-10-06,Peninsula,Not Reported,19,0,0
2020-10-06,New River,Male,1686,40,13
2020-10-06,Central Shenandoah,Male,2654,135,37
2020-10-06,Southside,Male,822,45,23
2020-10-06,Chesterfield,Male,3185,210,71
2020-10-06,Arlington,Female,2003,225,70
2020-10-06,Rappahannock,Male,2522,214,47
2020-10-06,Central Virginia,Male,1663,67,21
2020-10-06,Alleghany,Not Reported,9,0,0
2020-10-06,Henrico,Male,2611,223,105
2020-10-06,Thomas Jefferson,Male,1810,96,33
2020-10-06,Lord Fairfax,Male,1549,148,61
2020-10-06,Three Rivers,Male,1021,61,16
2020-10-06,Richmond,Not Reported,49,1,2
2020-10-06,Pittsylvania-Danville,Male,892,63,14
2020-10-06,Portsmouth,Not Reported,3,0,0
2020-10-06,Norfolk,Not Reported,3,0,0
2020-10-06,Chesapeake,Male,2007,210,41
2020-10-06,Chickahominy,Female,989,83,26
2020-10-06,Prince William,Male,7475,627,138
2020-10-06,Eastern Shore,Not Reported,9,0,0
2020-10-06,Eastern Shore,Male,736,68,24
2020-10-06,Rappahannock Rapidan,Male,1315,103,26
2020-10-06,Henrico,Not Reported,33,0,0
2020-10-06,Cumberland Plateau,Female,486,34,6
2020-10-06,West Piedmont,Male,969,116,34
2020-10-06,Hampton,Not Reported,8,0,0
2020-10-06,Alexandria,Not Reported,14,0,0
2020-10-06,Western Tidewater,Not Reported,4,0,1
2020-10-06,Cumberland Plateau,Not Reported,9,0,0
2020-10-06,Virginia Beach,Male,3228,189,46
2020-10-06,Alleghany,Female,914,34,19
2020-10-06,Lenowisco,Female,517,37,4
2020-10-06,Virginia Beach,Not Reported,16,0,0
2020-10-06,Western Tidewater,Female,1972,92,60
2020-10-06,Mount Rogers,Male,1267,150,67
2020-10-06,Lord Fairfax,Female,1715,135,56
2020-10-06,Piedmont,Not Reported,5,0,0
2020-10-06,Alexandria,Male,1876,182,36
2020-10-06,Pittsylvania-Danville,Not Reported,8,1,0
2020-10-06,West Piedmont,Not Reported,7,0,0
2020-10-06,Loudoun,Female,3544,196,79
2020-10-06,Hampton,Female,1049,26,12
2020-10-06,Henrico,Female,2964,227,114
2020-10-06,Prince William,Not Reported,128,2,0
2020-10-06,Chickahominy,Male,975,85,28
2020-10-06,Rappahannock Rapidan,Not Reported,28,0,0
2020-10-06,Peninsula,Female,2347,100,50
2020-10-06,Lenowisco,Not Reported,2,0,0
2020-10-06,Crater,Not Reported,39,3,0
2020-10-06,Chickahominy,Not Reported,33,1,0
2020-10-06,Portsmouth,Male,1254,127,29
2020-10-06,New River,Female,1750,23,11
2020-10-06,Rappahannock,Female,2903,185,31
2020-10-06,Central Virginia,Female,1884,67,22
2020-10-06,Roanoke,Not Reported,18,0,0
2020-10-06,West Piedmont,Female,1256,139,43
2020-10-06,Mount Rogers,Female,1708,120,61
2020-10-06,Piedmont,Male,1341,82,36
2020-10-06,Chesterfield,Female,3394,194,57
2020-10-06,Fairfax,Male,10440,1265,315
2020-10-06,Crater,Male,2487,128,47
2020-10-06,Central Virginia,Not Reported,42,0,0
2020-10-06,Prince William,Female,7778,487,102
2020-10-06,Virginia Beach,Female,3882,208,48
2020-10-06,Norfolk,Female,2576,189,37
2020-10-06,Three Rivers,Female,838,62,16
2020-10-06,Arlington,Male,2059,283,82
2020-10-06,Central Shenandoah,Female,3121,143,33
2020-10-06,Southside,Female,735,43,23
2020-12-28,Southside,Not Reported,23,0,0
2020-12-28,Chesapeake,Female,4749,312,50
2020-12-28,Richmond,Female,4641,276,34
2020-12-28,Roanoke,Male,2201,69,46
2020-12-28,Fairfax,Not Reported,295,3,11
2020-12-28,Thomas Jefferson,Female,3798,177,46
2020-12-28,Chesapeake,Not Reported,25,0,1
2020-12-28,Cumberland Plateau,Male,2242,118,37
2020-12-28,Eastern Shore,Female,1091,84,27
2020-12-28,Lord Fairfax,Not Reported,65,1,1
2020-12-28,Rappahannock,Not Reported,186,0,0
2020-12-28,Central Shenandoah,Not Reported,426,3,1
2020-12-28,Peninsula,Male,4370,196,57
2020-12-28,Norfolk,Male,4147,260,54
2020-12-28,Alexandria,Female,3720,190,39
2020-12-28,Lenowisco,Male,2178,130,58
2020-12-28,Pittsylvania-Danville,Female,2684,175,57
2020-12-28,New River,Not Reported,72,0,3
2020-12-28,Chesterfield,Not Reported,227,0,4
2020-12-28,Loudoun,Male,6732,346,63
2020-12-28,Rappahannock Rapidan,Female,2852,129,29
2020-12-28,Piedmont,Female,1688,106,22
2020-12-28,Richmond,Male,4121,273,56
2020-12-28,Crater,Female,3199,213,69
2020-12-28,Portsmouth,Female,2280,228,43
2020-12-28,Arlington,Not Reported,30,0,1
2020-12-28,Mount Rogers,Not Reported,105,2,4
2020-12-28,Thomas Jefferson,Not Reported,19,0,0
2020-12-28,Three Rivers,Not Reported,44,1,0
2020-12-28,Hampton,Male,1891,113,23
2020-12-28,Alleghany,Male,3676,96,47
2020-12-28,Roanoke,Female,2904,73,47
2020-12-28,Loudoun,Not Reported,132,0,0
2020-12-28,Fairfax,Female,22083,1278,321
2020-12-28,Western Tidewater,Male,3551,175,94
2020-12-28,Peninsula,Not Reported,67,0,0
2020-12-28,New River,Male,4145,113,37
2020-12-28,Central Shenandoah,Male,7233,275,77
2020-12-28,Southside,Male,1425,70,30
2020-12-28,Chesterfield,Male,6495,340,101
2020-12-28,Arlington,Female,4262,283,76
2020-10-07,Southside,Not Reported,8,0,0
2020-10-07,Chesapeake,Female,2438,227,32
2020-10-07,Richmond,Female,2392,212,23
2020-10-07,Roanoke,Male,862,33,11
2020-10-07,Fairfax,Not Reported,167,1,6
2020-10-07,Thomas Jefferson,Female,2009,98,40
2020-10-07,Chesapeake,Not Reported,8,0,0
2020-10-07,Cumberland Plateau,Male,433,33,4
2020-10-07,Eastern Shore,Female,753,73,26
2020-10-07,Lord Fairfax,Not Reported,15,0,0
2020-10-07,Rappahannock,Not Reported,15,0,0
2020-10-07,Central Shenandoah,Not Reported,18,0,0
2020-10-07,Peninsula,Male,2178,107,39
2020-10-07,Norfolk,Male,2380,185,42
2020-10-07,Alexandria,Female,2046,145,35
2020-10-07,Lenowisco,Male,487,46,16
2020-10-07,Pittsylvania-Danville,Female,1160,93,29
2020-10-07,New River,Not Reported,35,0,0
2020-10-07,Chesterfield,Not Reported,123,0,1
2020-10-07,Loudoun,Male,3433,245,48
2020-10-07,Rappahannock Rapidan,Female,1388,75,26
2020-10-07,Piedmont,Female,763,56,15
2020-10-07,Richmond,Male,2351,216,37
2020-10-07,Crater,Female,1771,149,57
2020-10-07,Portsmouth,Female,1377,166,33
2020-10-07,Arlington,Not Reported,5,0,0
2020-10-07,Mount Rogers,Not Reported,9,0,0
2020-10-07,Thomas Jefferson,Not Reported,3,0,0
2020-10-07,Three Rivers,Not Reported,28,0,0
2020-10-07,Hampton,Male,840,45,15
2020-10-07,Alleghany,Male,819,46,9
2020-10-07,Roanoke,Female,1086,44,18
2020-10-07,Loudoun,Not Reported,59,0,0
2020-10-07,Fairfax,Female,11031,942,287
2020-10-07,Western Tidewater,Male,2161,111,73
2020-10-07,Peninsula,Not Reported,19,0,0
2020-10-07,New River,Male,1697,40,13
2020-10-07,Central Shenandoah,Male,2679,135,37
2020-10-07,Southside,Male,823,46,23
2020-10-07,Chesterfield,Male,3193,210,71
2020-10-07,Arlington,Female,2013,225,70
2020-10-07,Rappahannock,Male,2524,214,47
2020-10-07,Central Virginia,Male,1668,68,21
2020-10-07,Alleghany,Not Reported,9,0,0
2020-10-07,Henrico,Male,2612,223,105
2020-10-07,Thomas Jefferson,Male,1815,99,33
2020-10-07,Lord Fairfax,Male,1554,148,62
2020-10-07,Three Rivers,Male,1022,61,16
2020-10-07,Richmond,Not Reported,49,1,2
2020-10-07,Pittsylvania-Danville,Male,910,63,15
2020-10-07,Portsmouth,Not Reported,3,0,0
2020-10-07,Norfolk,Not Reported,3,0,0
2020-10-07,Chesapeake,Male,2011,211,40
2020-10-07,Chickahominy,Female,993,83,26
2020-10-07,Prince William,Male,7498,628,138
2020-10-07,Eastern Shore,Not Reported,9,0,0
2020-10-07,Eastern Shore,Male,736,68,24
2020-10-07,Rappahannock Rapidan,Male,1318,103,26
2020-10-07,Henrico,Not Reported,34,0,0
2020-10-07,Cumberland Plateau,Female,496,34,6
2020-10-07,West Piedmont,Male,975,116,35
2020-10-07,Hampton,Not Reported,8,0,0
2020-10-07,Alexandria,Not Reported,13,0,0
2020-10-07,Western Tidewater,Not Reported,4,0,1
2020-10-07,Cumberland Plateau,Not Reported,8,0,0
2020-10-07,Virginia Beach,Male,3234,191,47
2020-10-07,Alleghany,Female,942,36,19
2020-10-07,Lenowisco,Female,517,37,4
2020-10-07,Virginia Beach,Not Reported,16,0,0
2020-10-07,Western Tidewater,Female,1973,93,61
2020-10-07,Mount Rogers,Male,1276,151,67
2020-10-07,Lord Fairfax,Female,1718,135,56
2020-10-07,Piedmont,Not Reported,6,0,0
2020-10-07,Alexandria,Male,1879,182,36
2020-10-07,Pittsylvania-Danville,Not Reported,8,1,0
2020-10-07,West Piedmont,Not Reported,7,0,0
2020-10-07,Loudoun,Female,3550,196,79
2020-10-07,Hampton,Female,1051,27,12
2020-10-07,Henrico,Female,2971,228,114
2020-10-07,Prince William,Not Reported,128,2,0
2020-10-07,Chickahominy,Male,979,85,28
2020-10-07,Rappahannock Rapidan,Not Reported,28,0,0
2020-10-07,Peninsula,Female,2353,101,50
2020-10-07,Lenowisco,Not Reported,2,0,0
2020-10-07,Crater,Not Reported,39,3,0
2020-10-07,Chickahominy,Not Reported,32,1,0
2020-10-07,Portsmouth,Male,1254,127,30
2020-10-07,New River,Female,1757,23,11
2020-10-07,Rappahannock,Female,2906,186,31
2020-10-07,Central Virginia,Female,1891,67,22
2020-10-07,Roanoke,Not Reported,18,0,0
2020-10-07,West Piedmont,Female,1265,142,44
2020-10-07,Mount Rogers,Female,1718,121,62
2020-10-07,Piedmont,Male,1350,82,36
2020-10-07,Chesterfield,Female,3400,198,57
2020-10-07,Fairfax,Male,10461,1263,316
2020-10-07,Crater,Male,2501,128,47
2020-10-07,Central Virginia,Not Reported,42,0,0
2020-10-07,Prince William,Female,7809,487,102
2020-10-07,Virginia Beach,Female,3891,208,48
2020-10-07,Norfolk,Female,2585,189,37
2020-10-07,Three Rivers,Female,838,62,16
2020-10-07,Arlington,Male,2065,283,82
2020-10-07,Central Shenandoah,Female,3149,143,33
2020-10-07,Southside,Female,735,43,23
2020-12-28,Rappahannock,Male,5612,299,67
2020-12-28,Central Virginia,Male,4924,163,66
2020-12-28,Alleghany,Not Reported,115,0,7
2020-12-28,Henrico,Male,5384,327,130
2020-12-28,Thomas Jefferson,Male,3480,177,45
2020-12-28,Lord Fairfax,Male,4474,276,88
2020-12-28,Three Rivers,Male,2229,117,29
2020-12-28,Richmond,Not Reported,139,1,2
2020-12-28,Pittsylvania-Danville,Male,2117,119,36
2020-12-28,Portsmouth,Not Reported,6,0,1
2020-12-28,Norfolk,Not Reported,19,0,0
2020-12-28,Chesapeake,Male,4269,290,46
2020-12-28,Chickahominy,Female,2570,130,46
2020-12-28,Prince William,Male,13749,787,167
2020-12-28,Eastern Shore,Not Reported,9,0,0
2020-12-28,Eastern Shore,Male,1002,92,29
2020-12-28,Rappahannock Rapidan,Male,3304,161,36
2020-12-28,Henrico,Not Reported,150,1,2
2020-12-28,Cumberland Plateau,Female,2537,116,22
2020-12-28,West Piedmont,Male,2835,224,62
2020-12-28,Hampton,Not Reported,25,0,0
2020-12-28,Alexandria,Not Reported,20,0,1
2020-12-28,Western Tidewater,Not Reported,11,0,3
2020-12-28,Cumberland Plateau,Not Reported,203,1,1
2020-12-28,Virginia Beach,Male,7406,355,74
2020-12-28,Alleghany,Female,4271,121,78
2020-12-28,Lenowisco,Female,2409,116,57
2020-12-28,Virginia Beach,Not Reported,104,0,0
2020-12-28,Western Tidewater,Female,3574,201,80
2020-12-28,Mount Rogers,Male,4537,323,108
2020-12-28,Lord Fairfax,Female,5338,241,84
2020-12-28,Piedmont,Not Reported,18,0,0
2020-12-28,Alexandria,Male,3367,236,46
2020-12-28,Pittsylvania-Danville,Not Reported,35,2,4
2020-12-28,West Piedmont,Not Reported,19,2,4
2020-12-28,Loudoun,Female,6819,285,91
2020-12-28,Hampton,Female,2240,81,20
2020-12-28,Henrico,Female,6310,342,156
2020-12-28,Prince William,Not Reported,273,2,2
2020-12-28,Chickahominy,Male,2386,137,43
2020-12-28,Rappahannock Rapidan,Not Reported,326,3,0
2020-10-08,Southside,Not Reported,8,0,0
2020-10-08,Chesapeake,Female,2468,228,33
2020-10-08,Richmond,Female,2417,214,23
2020-10-08,Roanoke,Male,886,34,14
2020-10-08,Fairfax,Not Reported,169,1,6
2020-10-08,Thomas Jefferson,Female,2047,98,40
2020-10-08,Chesapeake,Not Reported,8,0,0
2020-10-08,Cumberland Plateau,Male,451,34,4
2020-10-08,Eastern Shore,Female,753,73,26
2020-10-08,Lord Fairfax,Not Reported,16,0,0
2020-10-08,Rappahannock,Not Reported,15,0,0
2020-10-08,Central Shenandoah,Not Reported,18,0,0
2020-10-08,Peninsula,Male,2206,109,39
2020-10-08,Norfolk,Male,2397,185,42
2020-10-08,Alexandria,Female,2059,143,37
2020-10-08,Lenowisco,Male,496,48,16
2020-10-08,Pittsylvania-Danville,Female,1184,93,30
2020-10-08,New River,Not Reported,34,0,0
2020-10-08,Chesterfield,Not Reported,132,0,1
2020-10-08,Loudoun,Male,3460,245,48
2020-10-08,Rappahannock Rapidan,Female,1395,75,26
2020-10-08,Piedmont,Female,767,57,15
2020-10-08,Richmond,Male,2373,216,37
2020-10-08,Crater,Female,1790,149,57
2020-10-08,Portsmouth,Female,1384,166,33
2020-10-08,Arlington,Not Reported,5,0,0
2020-10-08,Mount Rogers,Not Reported,10,0,0
2020-10-08,Thomas Jefferson,Not Reported,3,0,0
2020-10-08,Three Rivers,Not Reported,28,0,0
2020-10-08,Hampton,Male,850,46,15
2020-10-08,Alleghany,Male,842,46,10
2020-10-08,Roanoke,Female,1117,45,18
2020-10-08,Loudoun,Not Reported,61,0,0
2020-10-08,Fairfax,Female,11135,940,288
2020-10-08,Western Tidewater,Male,2185,111,73
2020-10-08,Peninsula,Not Reported,19,0,0
2020-10-08,New River,Male,1730,40,14
2020-10-08,Central Shenandoah,Male,2725,136,38
2020-10-08,Southside,Male,831,46,23
2020-10-08,Chesterfield,Male,3216,211,71
2020-10-08,Arlington,Female,2038,225,70
2020-10-08,Rappahannock,Male,2547,214,47
2020-10-08,Central Virginia,Male,1720,69,23
2020-10-08,Alleghany,Not Reported,9,0,0
2020-10-08,Henrico,Male,2625,223,105
2020-10-08,Thomas Jefferson,Male,1841,99,33
2020-10-08,Lord Fairfax,Male,1572,150,62
2020-10-08,Three Rivers,Male,1046,62,16
2020-10-08,Richmond,Not Reported,49,1,2
2020-10-08,Pittsylvania-Danville,Male,935,63,15
2020-10-08,Portsmouth,Not Reported,3,0,0
2020-10-08,Norfolk,Not Reported,3,0,0
2020-10-08,Chesapeake,Male,2041,214,40
2020-10-08,Chickahominy,Female,1009,84,27
2020-10-08,Prince William,Male,7568,630,139
2020-10-08,Eastern Shore,Not Reported,9,0,0
2020-10-08,Eastern Shore,Male,737,68,24
2020-10-08,Rappahannock Rapidan,Male,1327,103,27
2020-10-08,Henrico,Not Reported,35,0,0
2020-10-08,Cumberland Plateau,Female,518,34,7
2020-10-08,West Piedmont,Male,998,117,36
2020-10-08,Hampton,Not Reported,8,0,0
2020-10-08,Alexandria,Not Reported,13,0,0
2020-10-08,Western Tidewater,Not Reported,4,0,1
2020-10-08,Cumberland Plateau,Not Reported,11,0,0
2020-10-08,Virginia Beach,Male,3257,193,47
2020-10-08,Alleghany,Female,983,37,19
2020-10-08,Lenowisco,Female,525,37,4
2020-10-08,Virginia Beach,Not Reported,16,0,0
2020-10-08,Western Tidewater,Female,2007,92,62
2020-10-08,Mount Rogers,Male,1298,152,67
2020-10-08,Lord Fairfax,Female,1746,137,56
2020-10-08,Piedmont,Not Reported,6,0,0
2020-10-08,Alexandria,Male,1889,181,36
2020-10-08,Pittsylvania-Danville,Not Reported,8,1,0
2020-10-08,West Piedmont,Not Reported,7,0,0
2020-10-08,Loudoun,Female,3589,197,79
2020-10-08,Hampton,Female,1065,27,12
2020-10-08,Henrico,Female,2999,229,115
2020-10-08,Prince William,Not Reported,137,2,0
2020-10-08,Chickahominy,Male,989,85,28
2020-10-08,Rappahannock Rapidan,Not Reported,32,0,0
2020-10-08,Peninsula,Female,2369,101,50
2020-10-08,Lenowisco,Not Reported,2,0,0
2020-10-08,Crater,Not Reported,41,3,0
2020-10-08,Chickahominy,Not Reported,33,1,0
2020-10-08,Portsmouth,Male,1265,127,30
2020-10-08,New River,Female,1774,24,12
2020-10-08,Rappahannock,Female,2944,187,31
2020-10-08,Central Virginia,Female,1946,67,23
2020-10-08,Roanoke,Not Reported,19,0,0
2020-10-08,West Piedmont,Female,1302,145,44
2020-10-08,Mount Rogers,Female,1747,123,62
2020-10-08,Piedmont,Male,1374,83,36
2020-10-08,Chesterfield,Female,3430,203,57
2020-10-08,Fairfax,Male,10541,1265,316
2020-10-08,Crater,Male,2531,128,47
2020-10-08,Central Virginia,Not Reported,42,0,0
2020-10-08,Prince William,Female,7865,489,105
2020-10-08,Virginia Beach,Female,3919,208,48
2020-10-08,Norfolk,Female,2596,193,37
2020-10-08,Three Rivers,Female,861,62,16
2020-10-08,Arlington,Male,2089,283,82
2020-10-08,Central Shenandoah,Female,3182,143,33
2020-10-08,Southside,Female,754,43,23
2020-12-28,Peninsula,Female,5031,172,58
2020-12-28,Lenowisco,Not Reported,94,1,2
2020-12-28,Crater,Not Reported,88,3,0
2020-12-28,Chickahominy,Not Reported,104,0,0
2020-12-28,Portsmouth,Male,2051,194,33
2020-12-28,New River,Female,4762,131,53
2020-12-28,Rappahannock,Female,6261,268,49
2020-12-28,Central Virginia,Female,5741,155,43
2020-12-28,Roanoke,Not Reported,20,0,0
2020-12-28,West Piedmont,Female,3619,225,63
2020-12-28,Mount Rogers,Female,5504,289,120
2020-12-28,Piedmont,Male,2902,127,49
2020-12-28,Chesterfield,Female,7184,331,92
2020-12-28,Fairfax,Male,20873,1639,355
2020-12-28,Crater,Male,3866,176,59
2020-12-28,Central Virginia,Not Reported,287,2,4
2020-12-28,Prince William,Female,14522,626,118
2020-12-28,Virginia Beach,Female,8354,351,67
2020-12-28,Norfolk,Female,4282,290,51
2020-12-28,Three Rivers,Female,2199,106,27
2020-12-28,Arlington,Male,4339,364,100
2020-12-28,Central Shenandoah,Female,7890,254,69
2020-12-28,Southside,Female,1513,65,50
2020-10-09,Southside,Not Reported,9,0,0
2020-10-09,Chesapeake,Female,2478,228,34
2020-10-09,Richmond,Female,2438,215,23
2020-10-09,Roanoke,Male,897,35,14
2020-10-09,Fairfax,Not Reported,170,1,6
2020-10-09,Thomas Jefferson,Female,2065,98,40
2020-10-09,Chesapeake,Not Reported,7,0,0
2020-10-09,Cumberland Plateau,Male,461,35,5
2020-10-09,Eastern Shore,Female,753,73,26
2020-10-09,Lord Fairfax,Not Reported,16,0,0
2020-10-09,Rappahannock,Not Reported,16,0,0
2020-10-09,Central Shenandoah,Not Reported,19,0,0
2020-10-09,Peninsula,Male,2227,109,39
2020-10-09,Norfolk,Male,2408,187,42
2020-10-09,Alexandria,Female,2067,142,37
2020-10-09,Lenowisco,Male,500,48,16
2020-10-09,Pittsylvania-Danville,Female,1195,99,32
2020-10-09,New River,Not Reported,34,0,0
2020-10-09,Chesterfield,Not Reported,132,0,1
2020-10-09,Loudoun,Male,3474,246,49
2020-10-09,Rappahannock Rapidan,Female,1399,75,26
2020-10-09,Piedmont,Female,786,57,15
2020-10-09,Richmond,Male,2384,218,37
2020-10-09,Crater,Female,1807,150,57
2020-10-09,Portsmouth,Female,1387,166,33
2020-10-09,Arlington,Not Reported,5,0,0
2020-10-09,Mount Rogers,Not Reported,10,0,0
2020-10-09,Thomas Jefferson,Not Reported,3,0,0
2020-10-09,Three Rivers,Not Reported,28,0,0
2020-10-09,Hampton,Male,861,47,15
2020-10-09,Alleghany,Male,856,46,10
2020-10-09,Roanoke,Female,1135,47,18
2020-10-09,Loudoun,Not Reported,61,0,0
2020-10-09,Fairfax,Female,11188,942,290
2020-10-09,Western Tidewater,Male,2196,111,74
2020-10-09,Peninsula,Not Reported,19,0,0
2020-10-09,New River,Male,1771,40,15
2020-10-09,Central Shenandoah,Male,2775,136,38
2020-10-09,Southside,Male,840,46,23
2020-10-09,Chesterfield,Male,3237,212,71
2020-10-09,Arlington,Female,2045,225,70
2020-10-09,Rappahannock,Male,2565,216,48
2020-10-09,Central Virginia,Male,1752,69,23
2020-10-09,Alleghany,Not Reported,9,0,0
2020-10-09,Henrico,Male,2641,223,105
2020-10-09,Thomas Jefferson,Male,1862,99,33
2020-10-09,Lord Fairfax,Male,1579,151,63
2020-10-09,Three Rivers,Male,1054,62,16
2020-10-09,Richmond,Not Reported,49,1,2
2020-10-09,Pittsylvania-Danville,Male,946,64,15
2020-10-09,Portsmouth,Not Reported,3,0,0
2020-10-09,Norfolk,Not Reported,3,0,0
2020-10-09,Chesapeake,Male,2048,214,40
2020-10-09,Chickahominy,Female,1016,84,27
2020-10-09,Prince William,Male,7594,634,140
2020-10-09,Eastern Shore,Not Reported,9,0,0
2020-10-09,Eastern Shore,Male,737,68,24
2020-10-09,Rappahannock Rapidan,Male,1332,103,27
2020-10-09,Henrico,Not Reported,35,0,0
2020-10-09,Cumberland Plateau,Female,530,34,7
2020-10-09,West Piedmont,Male,1010,118,36
2020-10-09,Hampton,Not Reported,8,0,0
2020-10-09,Alexandria,Not Reported,13,0,0
2020-10-09,Western Tidewater,Not Reported,4,0,1
2020-10-09,Cumberland Plateau,Not Reported,11,0,0
2020-10-09,Virginia Beach,Male,3262,195,48
2020-10-09,Alleghany,Female,999,39,19
2020-10-09,Lenowisco,Female,530,37,4
2020-10-09,Virginia Beach,Not Reported,16,0,0
2020-10-09,Western Tidewater,Female,2018,93,62
2020-10-09,Mount Rogers,Male,1306,153,67
2020-10-09,Lord Fairfax,Female,1761,137,56
2020-10-09,Piedmont,Not Reported,6,0,0
2020-10-09,Alexandria,Male,1897,180,36
2020-10-09,Pittsylvania-Danville,Not Reported,8,1,0
2020-10-09,West Piedmont,Not Reported,8,0,0
2020-10-09,Loudoun,Female,3602,198,79
2020-10-09,Hampton,Female,1071,27,12
2020-10-09,Henrico,Female,3024,233,115
2020-10-09,Prince William,Not Reported,137,2,0
2020-10-09,Chickahominy,Male,994,85,28
2020-10-09,Rappahannock Rapidan,Not Reported,30,0,0
2020-10-09,Peninsula,Female,2396,101,50
2020-10-09,Lenowisco,Not Reported,2,0,0
2020-10-09,Crater,Not Reported,41,3,0
2020-10-09,Chickahominy,Not Reported,34,1,0
2020-10-09,Portsmouth,Male,1268,127,30
2020-10-09,New River,Female,1801,24,13
2020-10-09,Rappahannock,Female,2958,188,31
2020-10-09,Central Virginia,Female,1983,67,23
2020-10-09,Roanoke,Not Reported,19,0,0
2020-10-09,West Piedmont,Female,1326,146,44
2020-10-09,Mount Rogers,Female,1761,124,62
2020-10-09,Piedmont,Male,1396,83,36
2020-10-09,Chesterfield,Female,3453,205,57
2020-10-09,Fairfax,Male,10593,1269,317
2020-10-09,Crater,Male,2555,128,47
2020-10-09,Central Virginia,Not Reported,43,0,0
2020-10-09,Prince William,Female,7896,491,105
2020-10-09,Virginia Beach,Female,3926,208,49
2020-10-09,Norfolk,Female,2606,194,37
2020-10-09,Three Rivers,Female,866,63,16
2020-10-09,Arlington,Male,2098,284,82
2020-10-09,Central Shenandoah,Female,3232,144,33
2020-10-09,Southside,Female,758,43,23
2020-12-29,Southside,Not Reported,23,0,0
2020-12-29,Chesapeake,Female,4812,318,50
2020-12-29,Richmond,Female,4661,277,35
2020-12-29,Roanoke,Male,2212,69,47
2020-12-29,Fairfax,Not Reported,298,3,11
2020-12-29,Thomas Jefferson,Female,3831,179,47
2020-12-29,Chesapeake,Not Reported,25,0,1
2020-12-29,Cumberland Plateau,Male,2289,119,37
2020-12-29,Eastern Shore,Female,1096,84,27
2020-12-29,Lord Fairfax,Not Reported,67,1,1
2020-12-29,Rappahannock,Not Reported,185,0,0
2020-12-29,Central Shenandoah,Not Reported,459,3,1
2020-12-29,Peninsula,Male,4518,201,59
2020-12-29,Norfolk,Male,4226,260,54
2020-12-29,Alexandria,Female,3752,191,40
2020-12-29,Lenowisco,Male,2209,133,58
2020-12-29,Pittsylvania-Danville,Female,2699,177,57
2020-12-29,New River,Not Reported,72,0,3
2020-12-29,Chesterfield,Not Reported,235,0,4
2020-12-29,Loudoun,Male,6811,350,63
2020-12-29,Rappahannock Rapidan,Female,2876,129,29
2020-12-29,Piedmont,Female,1722,108,23
2020-12-29,Richmond,Male,4154,274,56
2020-12-29,Crater,Female,3245,213,69
2020-12-29,Portsmouth,Female,2312,233,44
2020-12-29,Arlington,Not Reported,29,0,0
2020-12-29,Mount Rogers,Not Reported,104,2,4
2020-12-29,Thomas Jefferson,Not Reported,22,0,0
2020-12-29,Three Rivers,Not Reported,47,1,0
2020-12-29,Hampton,Male,1903,113,25
2020-12-29,Alleghany,Male,3725,96,49
2020-12-29,Roanoke,Female,2925,73,48
2020-12-29,Loudoun,Not Reported,135,0,0
2020-12-29,Fairfax,Female,22253,1287,324
2020-12-29,Western Tidewater,Male,3570,175,94
2020-12-29,Peninsula,Not Reported,68,0,0
2020-12-29,New River,Male,4184,115,38
2020-12-29,Central Shenandoah,Male,7365,282,78
2020-12-29,Southside,Male,1436,70,30
2020-12-29,Chesterfield,Male,6604,341,102
2020-12-29,Arlington,Female,4294,283,77
2020-10-10,Southside,Not Reported,9,0,0
2020-10-10,Chesapeake,Female,2491,229,34
2020-10-10,Richmond,Female,2456,216,23
2020-10-10,Roanoke,Male,919,35,14
2020-10-10,Fairfax,Not Reported,155,1,6
2020-10-10,Thomas Jefferson,Female,2082,99,40
2020-10-10,Chesapeake,Not Reported,5,0,0
2020-10-10,Cumberland Plateau,Male,469,35,5
2020-10-10,Eastern Shore,Female,753,73,26
2020-10-10,Lord Fairfax,Not Reported,16,0,0
2020-10-10,Rappahannock,Not Reported,17,0,0
2020-10-10,Central Shenandoah,Not Reported,19,0,0
2020-10-10,Peninsula,Male,2235,109,39
2020-10-10,Norfolk,Male,2424,188,42
2020-10-10,Alexandria,Female,2081,143,37
2020-10-10,Lenowisco,Male,509,48,16
2020-10-10,Pittsylvania-Danville,Female,1222,101,32
2020-10-10,New River,Not Reported,31,0,0
2020-10-10,Chesterfield,Not Reported,117,0,1
2020-10-10,Loudoun,Male,3496,247,49
2020-10-10,Rappahannock Rapidan,Female,1402,76,26
2020-10-10,Piedmont,Female,801,57,15
2020-10-10,Richmond,Male,2399,218,37
2020-10-10,Crater,Female,1822,151,57
2020-10-10,Portsmouth,Female,1391,166,33
2020-10-10,Arlington,Not Reported,3,0,0
2020-10-10,Mount Rogers,Not Reported,10,0,0
2020-10-10,Thomas Jefferson,Not Reported,3,0,0
2020-10-10,Three Rivers,Not Reported,27,0,0
2020-10-10,Hampton,Male,869,47,15
2020-10-10,Alleghany,Male,883,47,10
2020-10-10,Roanoke,Female,1174,47,18
2020-10-10,Loudoun,Not Reported,62,0,0
2020-10-10,Fairfax,Female,11257,943,290
2020-10-10,Western Tidewater,Male,2213,111,74
2020-10-10,Peninsula,Not Reported,19,0,0
2020-10-10,New River,Male,1799,40,15
2020-10-10,Central Shenandoah,Male,2798,136,38
2020-10-10,Southside,Male,850,46,23
2020-10-10,Chesterfield,Male,3266,217,71
2020-10-10,Arlington,Female,2064,225,70
2020-10-10,Rappahannock,Male,2581,218,48
2020-10-10,Central Virginia,Male,1782,71,25
2020-10-10,Alleghany,Not Reported,7,0,0
2020-10-10,Henrico,Male,2654,225,105
2020-10-10,Thomas Jefferson,Male,1876,100,33
2020-10-10,Lord Fairfax,Male,1593,152,63
2020-10-10,Three Rivers,Male,1069,63,16
2020-10-10,Richmond,Not Reported,49,1,2
2020-10-10,Pittsylvania-Danville,Male,956,64,16
2020-10-10,Portsmouth,Not Reported,3,0,0
2020-10-10,Norfolk,Not Reported,3,0,0
2020-10-10,Chesapeake,Male,2066,216,42
2020-10-10,Chickahominy,Female,1024,84,27
2020-10-10,Prince William,Male,7630,635,140
2020-10-10,Eastern Shore,Not Reported,9,0,0
2020-10-10,Eastern Shore,Male,737,68,24
2020-10-10,Rappahannock Rapidan,Male,1335,103,27
2020-10-10,Henrico,Not Reported,32,0,0
2020-10-10,Cumberland Plateau,Female,545,34,7
2020-10-10,West Piedmont,Male,1029,119,36
2020-10-10,Hampton,Not Reported,6,0,0
2020-10-10,Alexandria,Not Reported,13,0,0
2020-10-10,Western Tidewater,Not Reported,4,0,1
2020-10-10,Cumberland Plateau,Not Reported,11,0,0
2020-10-10,Virginia Beach,Male,3291,196,48
2020-10-10,Alleghany,Female,1030,39,19
2020-10-10,Lenowisco,Female,540,37,4
2020-10-10,Virginia Beach,Not Reported,15,0,0
2020-10-10,Western Tidewater,Female,2038,96,63
2020-10-10,Mount Rogers,Male,1322,153,67
2020-10-10,Lord Fairfax,Female,1784,139,56
2020-10-10,Piedmont,Not Reported,6,0,0
2020-10-10,Alexandria,Male,1915,180,36
2020-10-10,Pittsylvania-Danville,Not Reported,6,0,0
2020-10-10,West Piedmont,Not Reported,8,0,0
2020-10-10,Loudoun,Female,3623,200,79
2020-10-10,Hampton,Female,1077,27,12
2020-10-10,Henrico,Female,3040,234,116
2020-10-10,Prince William,Not Reported,123,2,0
2020-10-10,Chickahominy,Male,1004,86,28
2020-10-10,Rappahannock Rapidan,Not Reported,31,0,0
2020-10-10,Peninsula,Female,2411,101,50
2020-10-10,Lenowisco,Not Reported,2,0,0
2020-10-10,Crater,Not Reported,37,3,0
2020-10-10,Chickahominy,Not Reported,33,1,0
2020-10-10,Portsmouth,Male,1270,127,30
2020-10-10,New River,Female,1827,25,13
2020-10-10,Rappahannock,Female,2983,188,31
2020-10-10,Central Virginia,Female,2019,69,23
2020-10-10,Roanoke,Not Reported,17,0,0
2020-10-10,West Piedmont,Female,1344,146,44
2020-10-10,Mount Rogers,Female,1776,125,63
2020-10-10,Piedmont,Male,1409,83,36
2020-10-10,Chesterfield,Female,3494,209,57
2020-10-10,Fairfax,Male,10666,1272,318
2020-10-10,Crater,Male,2574,129,47
2020-10-10,Central Virginia,Not Reported,41,0,0
2020-10-10,Prince William,Female,7930,492,105
2020-10-10,Virginia Beach,Female,3950,208,49
2020-10-10,Norfolk,Female,2618,195,37
2020-10-10,Three Rivers,Female,886,63,16
2020-10-10,Arlington,Male,2103,285,82
2020-10-10,Central Shenandoah,Female,3259,144,34
2020-10-10,Southside,Female,771,43,23
2020-12-29,Rappahannock,Male,5726,301,68
2020-12-29,Central Virginia,Male,5026,165,66
2020-12-29,Alleghany,Not Reported,110,0,2
2020-12-29,Henrico,Male,5438,330,130
2020-12-29,Thomas Jefferson,Male,3507,177,45
2020-12-29,Lord Fairfax,Male,4567,277,89
2020-12-29,Three Rivers,Male,2270,117,28
2020-12-29,Richmond,Not Reported,139,1,2
2020-12-29,Pittsylvania-Danville,Male,2132,121,38
2020-12-29,Portsmouth,Not Reported,6,0,1
2020-12-29,Norfolk,Not Reported,21,0,0
2020-12-29,Chesapeake,Male,4314,292,48
2020-12-29,Chickahominy,Female,2589,130,48
2020-12-29,Prince William,Male,13886,792,168
2020-12-29,Eastern Shore,Not Reported,9,0,0
2020-12-29,Eastern Shore,Male,1004,92,29
2020-12-29,Rappahannock Rapidan,Male,3331,163,37
2020-12-29,Henrico,Not Reported,152,1,2
2020-12-29,Cumberland Plateau,Female,2592,121,23
2020-12-29,West Piedmont,Male,2879,225,62
2020-12-29,Hampton,Not Reported,25,0,0
2020-12-29,Alexandria,Not Reported,20,0,1
2020-12-29,Western Tidewater,Not Reported,11,0,3
2020-12-29,Cumberland Plateau,Not Reported,204,1,1
2020-12-29,Virginia Beach,Male,7498,372,74
2020-12-29,Alleghany,Female,4315,121,80
2020-12-29,Lenowisco,Female,2434,117,59
2020-12-29,Virginia Beach,Not Reported,105,0,0
2020-12-29,Western Tidewater,Female,3592,201,80
2020-12-29,Mount Rogers,Male,4572,326,110
2020-12-29,Lord Fairfax,Female,5435,242,88
2020-12-29,Piedmont,Not Reported,18,0,0
2020-12-29,Alexandria,Male,3391,239,46
2020-12-29,Pittsylvania-Danville,Not Reported,35,2,4
2020-12-29,West Piedmont,Not Reported,19,2,4
2020-12-29,Loudoun,Female,6902,289,93
2020-12-29,Hampton,Female,2271,82,23
2020-12-29,Henrico,Female,6409,344,158
2020-12-29,Prince William,Not Reported,269,2,2
2020-12-29,Chickahominy,Male,2399,137,43
2020-10-11,Southside,Not Reported,9,0,0
2020-10-11,Chesapeake,Female,2500,229,34
2020-10-11,Richmond,Female,2464,217,23
2020-10-11,Roanoke,Male,931,35,14
2020-10-11,Fairfax,Not Reported,156,1,6
2020-10-11,Thomas Jefferson,Female,2100,98,40
2020-10-11,Chesapeake,Not Reported,5,0,0
2020-10-11,Cumberland Plateau,Male,474,35,5
2020-10-11,Eastern Shore,Female,755,73,26
2020-10-11,Lord Fairfax,Not Reported,16,0,0
2020-10-11,Rappahannock,Not Reported,18,0,0
2020-10-11,Central Shenandoah,Not Reported,19,0,0
2020-10-11,Peninsula,Male,2247,109,39
2020-10-11,Norfolk,Male,2424,188,43
2020-10-11,Alexandria,Female,2092,143,37
2020-10-11,Lenowisco,Male,523,49,16
2020-10-11,Pittsylvania-Danville,Female,1229,101,32
2020-10-11,New River,Not Reported,31,0,0
2020-10-11,Chesterfield,Not Reported,117,0,1
2020-10-11,Loudoun,Male,3514,247,49
2020-10-11,Rappahannock Rapidan,Female,1406,76,26
2020-10-11,Piedmont,Female,801,57,15
2020-10-11,Richmond,Male,2417,218,37
2020-10-11,Crater,Female,1834,151,57
2020-10-11,Portsmouth,Female,1394,166,33
2020-10-11,Arlington,Not Reported,3,0,0
2020-10-11,Mount Rogers,Not Reported,10,0,0
2020-10-11,Thomas Jefferson,Not Reported,3,0,0
2020-10-11,Three Rivers,Not Reported,27,0,0
2020-10-11,Hampton,Male,871,47,15
2020-10-11,Alleghany,Male,887,48,10
2020-10-11,Roanoke,Female,1180,47,18
2020-10-11,Loudoun,Not Reported,63,0,0
2020-10-11,Fairfax,Female,11295,943,290
2020-10-11,Western Tidewater,Male,2217,111,74
2020-10-11,Peninsula,Not Reported,18,0,0
2020-10-11,New River,Male,1827,41,15
2020-10-11,Central Shenandoah,Male,2815,136,38
2020-10-11,Southside,Male,855,46,23
2020-10-11,Chesterfield,Male,3270,217,71
2020-10-11,Arlington,Female,2065,225,70
2020-10-11,Rappahannock,Male,2597,218,48
2020-10-11,Central Virginia,Male,1803,72,26
2020-10-11,Alleghany,Not Reported,7,0,0
2020-10-11,Henrico,Male,2669,226,105
2020-10-11,Thomas Jefferson,Male,1880,102,33
2020-10-11,Lord Fairfax,Male,1611,152,63
2020-10-11,Three Rivers,Male,1077,65,16
2020-10-11,Richmond,Not Reported,49,1,2
2020-10-11,Pittsylvania-Danville,Male,964,65,16
2020-10-11,Portsmouth,Not Reported,3,0,0
2020-10-11,Norfolk,Not Reported,3,0,0
2020-10-11,Chesapeake,Male,2079,216,42
2020-10-11,Chickahominy,Female,1041,84,27
2020-10-11,Prince William,Male,7646,635,140
2020-10-11,Eastern Shore,Not Reported,9,0,0
2020-10-11,Eastern Shore,Male,737,68,24
2020-10-11,Rappahannock Rapidan,Male,1341,103,27
2020-10-11,Henrico,Not Reported,33,0,0
2020-10-11,Cumberland Plateau,Female,551,34,7
2020-10-11,West Piedmont,Male,1038,119,36
2020-10-11,Hampton,Not Reported,6,0,0
2020-10-11,Alexandria,Not Reported,13,0,0
2020-10-11,Western Tidewater,Not Reported,4,0,1
2020-10-11,Cumberland Plateau,Not Reported,11,0,0
2020-10-11,Virginia Beach,Male,3310,196,48
2020-10-11,Alleghany,Female,1035,41,19
2020-10-11,Lenowisco,Female,548,39,5
2020-10-11,Virginia Beach,Not Reported,15,0,0
2020-10-11,Western Tidewater,Female,2043,96,63
2020-10-11,Mount Rogers,Male,1337,153,68
2020-10-11,Lord Fairfax,Female,1806,139,56
2020-10-11,Piedmont,Not Reported,6,0,0
2020-10-11,Alexandria,Male,1922,180,36
2020-10-11,Pittsylvania-Danville,Not Reported,6,0,0
2020-10-11,West Piedmont,Not Reported,8,0,0
2020-10-11,Loudoun,Female,3640,200,79
2020-10-11,Hampton,Female,1082,27,12
2020-10-11,Henrico,Female,3048,234,116
2020-10-11,Prince William,Not Reported,123,2,0
2020-10-11,Chickahominy,Male,1008,86,28
2020-10-11,Rappahannock Rapidan,Not Reported,34,0,0
2020-10-11,Peninsula,Female,2419,101,50
2020-10-11,Lenowisco,Not Reported,2,0,0
2020-10-11,Crater,Not Reported,37,3,0
2020-10-11,Chickahominy,Not Reported,33,1,0
2020-10-11,Portsmouth,Male,1270,127,30
2020-10-11,New River,Female,1850,25,13
2020-10-11,Rappahannock,Female,2997,188,31
2020-10-11,Central Virginia,Female,2051,70,23
2020-10-11,Roanoke,Not Reported,17,0,0
2020-10-11,West Piedmont,Female,1352,146,44
2020-10-11,Mount Rogers,Female,1797,125,63
2020-10-11,Piedmont,Male,1409,83,36
2020-10-11,Chesterfield,Female,3504,210,57
2020-10-11,Fairfax,Male,10719,1273,318
2020-10-11,Crater,Male,2586,129,47
2020-10-11,Central Virginia,Not Reported,41,0,0
2020-10-11,Prince William,Female,7948,493,105
2020-10-11,Virginia Beach,Female,3963,208,49
2020-10-11,Norfolk,Female,2618,195,37
2020-10-11,Three Rivers,Female,893,63,16
2020-10-11,Arlington,Male,2119,285,82
2020-10-11,Central Shenandoah,Female,3288,144,34
2020-10-11,Southside,Female,778,43,23
2020-10-12,Southside,Not Reported,9,0,0
2020-10-12,Chesapeake,Female,2506,230,34
2020-10-12,Richmond,Female,2473,217,23
2020-10-12,Roanoke,Male,956,35,14
2020-10-12,Fairfax,Not Reported,156,1,6
2020-10-12,Thomas Jefferson,Female,2116,100,40
2020-10-12,Chesapeake,Not Reported,5,0,0
2020-10-12,Cumberland Plateau,Male,476,35,5
2020-10-12,Eastern Shore,Female,756,73,26
2020-10-12,Lord Fairfax,Not Reported,16,0,0
2020-10-12,Rappahannock,Not Reported,20,0,0
2020-10-12,Central Shenandoah,Not Reported,19,0,0
2020-10-12,Peninsula,Male,2255,109,39
2020-10-12,Norfolk,Male,2434,188,43
2020-10-12,Alexandria,Female,2094,143,37
2020-10-12,Lenowisco,Male,527,49,16
2020-10-12,Pittsylvania-Danville,Female,1234,101,32
2020-10-12,New River,Not Reported,31,0,0
2020-10-12,Chesterfield,Not Reported,117,0,1
2020-10-12,Loudoun,Male,3541,248,49
2020-10-12,Rappahannock Rapidan,Female,1416,76,26
2020-10-12,Piedmont,Female,818,57,15
2020-10-12,Richmond,Male,2423,218,37
2020-10-12,Crater,Female,1845,151,57
2020-10-12,Portsmouth,Female,1398,167,33
2020-10-12,Arlington,Not Reported,3,0,0
2020-10-12,Mount Rogers,Not Reported,10,0,0
2020-10-12,Thomas Jefferson,Not Reported,3,0,0
2020-10-12,Three Rivers,Not Reported,27,0,0
2020-10-12,Hampton,Male,871,47,15
2020-10-12,Alleghany,Male,897,48,10
2020-10-12,Roanoke,Female,1197,47,18
2020-10-12,Loudoun,Not Reported,63,0,0
2020-10-12,Fairfax,Female,11361,947,290
2020-10-12,Western Tidewater,Male,2220,111,74
2020-10-12,Peninsula,Not Reported,18,0,0
2020-10-12,New River,Male,1837,41,15
2020-10-12,Central Shenandoah,Male,2833,138,38
2020-10-12,Southside,Male,855,46,23
2020-10-12,Chesterfield,Male,3286,218,71
2020-10-12,Arlington,Female,2077,225,70
2020-10-12,Rappahannock,Male,2608,219,48
2020-10-12,Central Virginia,Male,1819,72,26
2020-10-12,Alleghany,Not Reported,7,0,0
2020-10-12,Henrico,Male,2684,227,105
2020-10-12,Thomas Jefferson,Male,1892,102,33
2020-10-12,Lord Fairfax,Male,1628,153,63
2020-10-12,Three Rivers,Male,1078,65,16
2020-10-12,Richmond,Not Reported,49,1,2
2020-10-12,Pittsylvania-Danville,Male,967,65,17
2020-10-12,Portsmouth,Not Reported,3,0,0
2020-10-12,Norfolk,Not Reported,3,0,0
2020-10-12,Chesapeake,Male,2083,216,42
2020-10-12,Chickahominy,Female,1045,86,27
2020-10-12,Prince William,Male,7674,635,140
2020-10-12,Eastern Shore,Not Reported,9,0,0
2020-10-12,Eastern Shore,Male,739,68,24
2020-10-12,Rappahannock Rapidan,Male,1353,105,27
2020-10-12,Henrico,Not Reported,34,0,0
2020-10-12,Cumberland Plateau,Female,556,34,7
2020-10-12,West Piedmont,Male,1050,119,36
2020-10-12,Hampton,Not Reported,6,0,0
2020-10-12,Alexandria,Not Reported,13,0,0
2020-10-12,Western Tidewater,Not Reported,4,0,1
2020-10-12,Cumberland Plateau,Not Reported,11,0,0
2020-10-12,Virginia Beach,Male,3322,196,48
2020-10-12,Alleghany,Female,1039,42,19
2020-10-12,Lenowisco,Female,554,39,5
2020-10-12,Virginia Beach,Not Reported,15,0,0
2020-10-12,Western Tidewater,Female,2050,96,63
2020-10-12,Mount Rogers,Male,1344,155,69
2020-10-12,Lord Fairfax,Female,1818,141,56
2020-10-12,Piedmont,Not Reported,6,0,0
2020-10-12,Alexandria,Male,1925,180,36
2020-10-12,Pittsylvania-Danville,Not Reported,6,0,0
2020-10-12,West Piedmont,Not Reported,8,0,0
2020-10-12,Loudoun,Female,3655,201,79
2020-10-12,Hampton,Female,1085,27,12
2020-10-12,Henrico,Female,3064,235,116
2020-10-12,Prince William,Not Reported,129,2,0
2020-10-12,Chickahominy,Male,1014,86,28
2020-10-12,Rappahannock Rapidan,Not Reported,34,0,0
2020-10-12,Peninsula,Female,2425,102,50
2020-10-12,Lenowisco,Not Reported,2,0,0
2020-10-12,Crater,Not Reported,37,3,0
2020-10-12,Chickahominy,Not Reported,35,1,0
2020-10-12,Portsmouth,Male,1280,127,30
2020-10-12,New River,Female,1853,25,13
2020-10-12,Rappahannock,Female,3008,189,31
2020-10-12,Central Virginia,Female,2072,70,23
2020-10-12,Roanoke,Not Reported,17,0,0
2020-10-12,West Piedmont,Female,1371,146,44
2020-10-12,Mount Rogers,Female,1806,127,64
2020-10-12,Piedmont,Male,1423,83,36
2020-10-12,Chesterfield,Female,3522,212,57
2020-10-12,Fairfax,Male,10790,1273,318
2020-10-12,Crater,Male,2598,129,47
2020-10-12,Central Virginia,Not Reported,43,0,0
2020-10-12,Prince William,Female,7982,493,105
2020-10-12,Virginia Beach,Female,3982,208,49
2020-10-12,Norfolk,Female,2627,195,37
2020-10-12,Three Rivers,Female,897,63,16
2020-10-12,Arlington,Male,2129,286,82
2020-10-12,Central Shenandoah,Female,3306,145,34
2020-10-12,Southside,Female,783,43,23
2020-12-29,Rappahannock Rapidan,Not Reported,332,3,0
2020-12-29,Peninsula,Female,5193,174,59
2020-12-29,Lenowisco,Not Reported,96,1,2
2020-12-29,Crater,Not Reported,91,3,0
2020-12-29,Chickahominy,Not Reported,103,0,0
2020-12-29,Portsmouth,Male,2072,195,33
2020-12-29,New River,Female,4806,134,54
2020-12-29,Rappahannock,Female,6397,272,50
2020-12-29,Central Virginia,Female,5851,161,44
2020-10-13,Southside,Not Reported,9,0,0
2020-10-13,Chesapeake,Female,2512,232,34
2020-10-13,Richmond,Female,2496,217,23
2020-10-13,Roanoke,Male,968,36,14
2020-10-13,Fairfax,Not Reported,158,1,6
2020-10-13,Thomas Jefferson,Female,2125,100,41
2020-10-13,Chesapeake,Not Reported,5,0,0
2020-10-13,Cumberland Plateau,Male,482,35,5
2020-10-13,Eastern Shore,Female,756,73,26
2020-10-13,Lord Fairfax,Not Reported,16,0,0
2020-10-13,Rappahannock,Not Reported,20,0,0
2020-10-13,Central Shenandoah,Not Reported,19,0,0
2020-10-13,Peninsula,Male,2264,109,39
2020-10-13,Norfolk,Male,2439,189,43
2020-10-13,Alexandria,Female,2098,143,37
2020-10-13,Lenowisco,Male,537,50,17
2020-10-13,Pittsylvania-Danville,Female,1244,102,32
2020-10-13,New River,Not Reported,32,0,0
2020-10-13,Chesterfield,Not Reported,118,0,1
2020-10-13,Loudoun,Male,3558,249,49
2020-10-13,Rappahannock Rapidan,Female,1423,76,26
2020-10-13,Piedmont,Female,823,57,15
2020-10-13,Richmond,Male,2434,218,37
2020-10-13,Crater,Female,1872,151,57
2020-10-13,Portsmouth,Female,1401,167,33
2020-10-13,Arlington,Not Reported,3,0,0
2020-10-13,Mount Rogers,Not Reported,10,0,0
2020-10-13,Thomas Jefferson,Not Reported,3,0,0
2020-10-13,Three Rivers,Not Reported,28,0,0
2020-10-13,Hampton,Male,879,47,16
2020-10-13,Alleghany,Male,933,49,10
2020-10-13,Roanoke,Female,1227,47,18
2020-10-13,Loudoun,Not Reported,65,0,0
2020-10-13,Fairfax,Female,11418,947,290
2020-10-13,Western Tidewater,Male,2227,112,74
2020-10-13,Peninsula,Not Reported,18,0,0
2020-10-13,New River,Male,1848,42,15
2020-10-13,Central Shenandoah,Male,2852,138,38
2020-10-13,Southside,Male,857,46,23
2020-10-13,Chesterfield,Male,3331,219,71
2020-10-13,Arlington,Female,2081,227,70
2020-10-13,Rappahannock,Male,2621,221,48
2020-10-13,Central Virginia,Male,1848,73,26
2020-10-13,Alleghany,Not Reported,7,0,0
2020-10-13,Henrico,Male,2690,227,105
2020-10-13,Thomas Jefferson,Male,1902,103,33
2020-10-13,Lord Fairfax,Male,1643,153,63
2020-10-13,Three Rivers,Male,1118,66,16
2020-10-13,Richmond,Not Reported,48,1,2
2020-10-13,Pittsylvania-Danville,Male,978,65,17
2020-10-13,Portsmouth,Not Reported,3,0,0
2020-10-13,Norfolk,Not Reported,3,0,0
2020-10-13,Chesapeake,Male,2089,219,42
2020-10-13,Chickahominy,Female,1056,86,27
2020-10-13,Prince William,Male,7737,639,143
2020-10-13,Eastern Shore,Not Reported,9,0,0
2020-10-13,Eastern Shore,Male,739,68,24
2020-10-13,Rappahannock Rapidan,Male,1359,106,27
2020-10-13,Henrico,Not Reported,34,0,0
2020-10-13,Cumberland Plateau,Female,566,35,7
2020-10-13,West Piedmont,Male,1075,120,38
2020-10-13,Hampton,Not Reported,6,0,0
2020-10-13,Alexandria,Not Reported,13,0,0
2020-10-13,Western Tidewater,Not Reported,4,0,1
2020-10-13,Cumberland Plateau,Not Reported,10,0,0
2020-10-13,Virginia Beach,Male,3343,198,48
2020-10-13,Alleghany,Female,1089,43,19
2020-10-13,Lenowisco,Female,573,39,5
2020-10-13,Virginia Beach,Not Reported,15,0,0
2020-10-13,Western Tidewater,Female,2061,97,63
2020-10-13,Mount Rogers,Male,1357,155,69
2020-10-13,Lord Fairfax,Female,1837,142,56
2020-10-13,Piedmont,Not Reported,6,0,0
2020-10-13,Alexandria,Male,1934,180,36
2020-10-13,Pittsylvania-Danville,Not Reported,6,0,0
2020-10-13,West Piedmont,Not Reported,8,0,0
2020-10-13,Loudoun,Female,3680,202,79
2020-10-13,Hampton,Female,1087,27,12
2020-10-13,Henrico,Female,3077,235,116
2020-10-13,Prince William,Not Reported,127,2,0
2020-10-13,Chickahominy,Male,1023,87,28
2020-10-13,Rappahannock Rapidan,Not Reported,33,0,0
2020-10-13,Peninsula,Female,2440,102,50
2020-10-13,Lenowisco,Not Reported,2,0,0
2020-10-13,Crater,Not Reported,41,3,0
2020-10-13,Chickahominy,Not Reported,35,1,0
2020-10-13,Portsmouth,Male,1280,127,30
2020-10-13,New River,Female,1864,25,13
2020-10-13,Rappahannock,Female,3020,189,31
2020-10-13,Central Virginia,Female,2123,71,23
2020-10-13,Roanoke,Not Reported,17,0,0
2020-10-13,West Piedmont,Female,1393,146,44
2020-10-13,Mount Rogers,Female,1823,127,64
2020-10-13,Piedmont,Male,1430,83,36
2020-10-13,Chesterfield,Female,3551,212,57
2020-10-13,Fairfax,Male,10828,1275,318
2020-10-13,Crater,Male,2658,129,48
2020-10-13,Central Virginia,Not Reported,41,0,0
2020-10-13,Prince William,Female,8042,498,106
2020-10-13,Virginia Beach,Female,3993,208,49
2020-10-13,Norfolk,Female,2643,197,37
2020-10-13,Three Rivers,Female,918,63,16
2020-10-13,Arlington,Male,2144,286,82
2020-10-13,Central Shenandoah,Female,3327,145,35
2020-10-13,Southside,Female,789,43,23
2020-12-29,Roanoke,Not Reported,20,0,0
2020-12-29,West Piedmont,Female,3656,228,64
2020-12-29,Mount Rogers,Female,5559,292,120
2020-12-29,Piedmont,Male,2932,129,49
2020-12-29,Chesterfield,Female,7285,331,93
2020-12-29,Fairfax,Male,21027,1652,356
2020-12-29,Crater,Male,3885,178,59
2020-12-29,Central Virginia,Not Reported,314,2,5
2020-12-29,Prince William,Female,14672,629,119
2020-12-29,Virginia Beach,Female,8469,362,72
2020-12-29,Norfolk,Female,4362,292,51
2020-12-29,Three Rivers,Female,2245,107,27
2020-12-29,Arlington,Male,4364,370,103
2020-12-29,Central Shenandoah,Female,7965,259,70
2020-12-29,Southside,Female,1526,66,50
2020-10-14,Southside,Not Reported,9,0,0
2020-10-14,Chesapeake,Female,2527,232,34
2020-10-14,Richmond,Female,2503,217,23
2020-10-14,Roanoke,Male,979,36,14
2020-10-14,Fairfax,Not Reported,158,1,6
2020-10-14,Thomas Jefferson,Female,2139,100,41
2020-10-14,Chesapeake,Not Reported,5,0,0
2020-10-14,Cumberland Plateau,Male,497,36,6
2020-10-14,Eastern Shore,Female,757,73,26
2020-10-14,Lord Fairfax,Not Reported,16,0,0
2020-10-14,Rappahannock,Not Reported,20,0,0
2020-10-14,Central Shenandoah,Not Reported,19,0,0
2020-10-14,Peninsula,Male,2275,109,39
2020-10-14,Norfolk,Male,2443,189,43
2020-10-14,Alexandria,Female,2105,143,37
2020-10-14,Lenowisco,Male,544,50,17
2020-10-14,Pittsylvania-Danville,Female,1250,103,32
2020-10-14,New River,Not Reported,32,0,0
2020-10-14,Chesterfield,Not Reported,125,0,1
2020-10-14,Loudoun,Male,3559,249,49
2020-10-14,Rappahannock Rapidan,Female,1427,76,26
2020-10-14,Piedmont,Female,827,57,15
2020-10-14,Richmond,Male,2434,218,37
2020-10-14,Crater,Female,1882,151,57
2020-10-14,Portsmouth,Female,1410,167,33
2020-10-14,Arlington,Not Reported,3,0,0
2020-10-14,Mount Rogers,Not Reported,10,0,0
2020-10-14,Thomas Jefferson,Not Reported,3,0,0
2020-10-14,Three Rivers,Not Reported,28,0,0
2020-10-14,Hampton,Male,885,48,16
2020-10-14,Alleghany,Male,941,49,10
2020-10-14,Roanoke,Female,1241,47,18
2020-10-14,Loudoun,Not Reported,63,0,0
2020-10-14,Fairfax,Female,11468,947,290
2020-10-14,Western Tidewater,Male,2288,112,74
2020-10-14,Peninsula,Not Reported,18,0,0
2020-10-14,New River,Male,1850,42,15
2020-10-14,Central Shenandoah,Male,2888,138,38
2020-10-14,Southside,Male,863,46,23
2020-10-14,Chesterfield,Male,3338,219,71
2020-10-14,Arlington,Female,2098,231,70
2020-10-14,Rappahannock,Male,2636,222,48
2020-10-14,Central Virginia,Male,1870,74,26
2020-10-14,Alleghany,Not Reported,7,0,0
2020-10-14,Henrico,Male,2701,227,105
2020-10-14,Thomas Jefferson,Male,1907,104,33
2020-10-14,Lord Fairfax,Male,1655,153,64
2020-10-14,Three Rivers,Male,1124,66,17
2020-10-14,Richmond,Not Reported,48,1,2
2020-10-14,Pittsylvania-Danville,Male,985,65,17
2020-10-14,Portsmouth,Not Reported,3,0,0
2020-10-14,Norfolk,Not Reported,3,0,0
2020-10-14,Chesapeake,Male,2096,219,42
2020-10-14,Chickahominy,Female,1065,86,27
2020-10-14,Prince William,Male,7747,639,143
2020-10-14,Eastern Shore,Not Reported,9,0,0
2020-10-14,Eastern Shore,Male,740,68,24
2020-10-14,Rappahannock Rapidan,Male,1360,106,27
2020-10-14,Henrico,Not Reported,36,0,0
2020-10-14,Cumberland Plateau,Female,577,36,7
2020-10-14,West Piedmont,Male,1090,122,39
2020-10-14,Hampton,Not Reported,6,0,0
2020-10-14,Alexandria,Not Reported,13,0,0
2020-10-14,Western Tidewater,Not Reported,4,0,1
2020-10-14,Cumberland Plateau,Not Reported,9,0,0
2020-10-14,Virginia Beach,Male,3353,200,48
2020-10-14,Alleghany,Female,1097,45,19
2020-10-14,Lenowisco,Female,584,40,5
2020-10-14,Virginia Beach,Not Reported,15,0,0
2020-10-14,Western Tidewater,Female,2070,98,64
2020-10-14,Mount Rogers,Male,1367,155,69
2020-10-14,Lord Fairfax,Female,1842,142,56
2020-10-14,Piedmont,Not Reported,6,0,0
2020-10-14,Alexandria,Male,1939,180,36
2020-10-14,Pittsylvania-Danville,Not Reported,6,0,0
2020-10-14,West Piedmont,Not Reported,8,0,0
2020-10-14,Loudoun,Female,3679,203,79
2020-10-14,Hampton,Female,1092,28,12
2020-10-14,Henrico,Female,3095,236,117
2020-10-14,Prince William,Not Reported,127,2,0
2020-10-14,Chickahominy,Male,1024,87,28
2020-10-14,Rappahannock Rapidan,Not Reported,33,0,0
2020-10-14,Peninsula,Female,2447,102,50
2020-10-14,Lenowisco,Not Reported,2,0,0
2020-10-14,Crater,Not Reported,41,3,0
2020-10-14,Chickahominy,Not Reported,34,1,0
2020-10-14,Portsmouth,Male,1286,127,30
2020-10-14,New River,Female,1870,26,13
2020-10-14,Rappahannock,Female,3027,189,31
2020-10-14,Central Virginia,Female,2161,71,23
2020-10-14,Roanoke,Not Reported,18,0,0
2020-10-14,West Piedmont,Female,1415,146,44
2020-10-14,Mount Rogers,Female,1843,127,65
2020-10-14,Piedmont,Male,1435,83,36
2020-10-14,Chesterfield,Female,3559,212,57
2020-10-14,Fairfax,Male,10869,1276,318
2020-10-14,Crater,Male,2673,129,48
2020-10-14,Central Virginia,Not Reported,41,0,0
2020-10-14,Prince William,Female,8063,498,106
2020-10-14,Virginia Beach,Female,4011,211,51
2020-10-14,Norfolk,Female,2646,197,37
2020-10-14,Three Rivers,Female,923,63,16
2020-10-14,Arlington,Male,2149,287,82
2020-10-14,Central Shenandoah,Female,3350,147,35
2020-10-14,Southside,Female,792,43,23
2020-12-30,Southside,Not Reported,23,0,0
2020-12-30,Chesapeake,Female,4852,319,50
2020-12-30,Richmond,Female,4716,278,36
2020-12-30,Roanoke,Male,2233,70,48
2020-12-30,Fairfax,Not Reported,304,3,12
2020-12-30,Thomas Jefferson,Female,3873,179,47
2020-12-30,Chesapeake,Not Reported,25,0,1
2020-12-30,Cumberland Plateau,Male,2349,128,37
2020-12-30,Eastern Shore,Female,1105,85,29
2020-12-30,Lord Fairfax,Not Reported,67,1,1
2020-12-30,Rappahannock,Not Reported,192,0,0
2020-12-30,Central Shenandoah,Not Reported,501,3,1
2020-12-30,Peninsula,Male,4563,203,60
2020-12-30,Norfolk,Male,4272,260,54
2020-12-30,Alexandria,Female,3789,191,40
2020-12-30,Lenowisco,Male,2231,133,59
2020-12-30,Pittsylvania-Danville,Female,2712,178,58
2020-12-30,New River,Not Reported,72,0,3
2020-12-30,Chesterfield,Not Reported,239,0,4
2020-12-30,Loudoun,Male,6891,353,63
2020-12-30,Rappahannock Rapidan,Female,2923,129,29
2020-12-30,Piedmont,Female,1731,108,23
2020-12-30,Richmond,Male,4192,276,56
2020-12-30,Crater,Female,3288,213,70
2020-12-30,Portsmouth,Female,2329,234,44
2020-12-30,Arlington,Not Reported,29,0,0
2020-12-30,Mount Rogers,Not Reported,104,2,4
2020-12-30,Thomas Jefferson,Not Reported,23,0,0
2020-12-30,Three Rivers,Not Reported,47,1,0
2020-12-30,Hampton,Male,1919,113,25
2020-12-30,Alleghany,Male,3801,97,51
2020-12-30,Roanoke,Female,2946,74,48
2020-12-30,Loudoun,Not Reported,136,0,0
2020-12-30,Fairfax,Female,22426,1299,325
2020-12-30,Western Tidewater,Male,3589,175,94
2020-12-30,Peninsula,Not Reported,69,0,0
2020-12-30,New River,Male,4231,118,38
2020-12-30,Central Shenandoah,Male,7478,300,96
2020-12-30,Southside,Male,1466,70,30
2020-12-30,Chesterfield,Male,6717,342,103
2020-12-30,Arlington,Female,4348,284,78
2020-10-15,Southside,Not Reported,9,0,0
2020-10-15,Chesapeake,Female,2544,235,34
2020-10-15,Richmond,Female,2511,217,23
2020-10-15,Roanoke,Male,995,38,14
2020-10-15,Fairfax,Not Reported,160,1,6
2020-10-15,Thomas Jefferson,Female,2156,100,41
2020-10-15,Chesapeake,Not Reported,5,0,0
2020-10-15,Cumberland Plateau,Male,510,37,6
2020-10-15,Eastern Shore,Female,758,73,26
2020-10-15,Lord Fairfax,Not Reported,16,0,0
2020-10-15,Rappahannock,Not Reported,19,0,0
2020-10-15,Central Shenandoah,Not Reported,19,0,0
2020-10-15,Peninsula,Male,2292,109,39
2020-10-15,Norfolk,Male,2462,192,43
2020-10-15,Alexandria,Female,2113,144,37
2020-10-15,Lenowisco,Male,549,51,17
2020-10-15,Pittsylvania-Danville,Female,1265,104,32
2020-10-15,New River,Not Reported,32,0,0
2020-10-15,Chesterfield,Not Reported,132,0,1
2020-10-15,Loudoun,Male,3614,251,49
2020-10-15,Rappahannock Rapidan,Female,1435,76,26
2020-10-15,Piedmont,Female,850,58,15
2020-10-15,Richmond,Male,2444,218,37
2020-10-15,Crater,Female,1902,152,57
2020-10-15,Portsmouth,Female,1414,168,33
2020-10-15,Arlington,Not Reported,3,0,0
2020-10-15,Mount Rogers,Not Reported,10,0,0
2020-10-15,Thomas Jefferson,Not Reported,3,0,0
2020-10-15,Three Rivers,Not Reported,28,0,0
2020-10-15,Hampton,Male,897,48,16
2020-10-15,Alleghany,Male,947,49,10
2020-10-15,Roanoke,Female,1264,48,18
2020-10-15,Loudoun,Not Reported,64,0,0
2020-10-15,Fairfax,Female,11497,949,291
2020-10-15,Western Tidewater,Male,2292,112,74
2020-10-15,Peninsula,Not Reported,18,0,0
2020-10-15,New River,Male,1863,42,15
2020-10-15,Central Shenandoah,Male,2909,140,38
2020-10-15,Southside,Male,874,46,23
2020-10-15,Chesterfield,Male,3361,220,71
2020-10-15,Arlington,Female,2112,231,70
2020-10-15,Rappahannock,Male,2670,224,48
2020-10-15,Central Virginia,Male,1896,82,27
2020-10-15,Alleghany,Not Reported,8,0,0
2020-10-15,Henrico,Male,2732,229,105
2020-10-15,Thomas Jefferson,Male,1915,104,33
2020-10-15,Lord Fairfax,Male,1668,157,65
2020-10-15,Three Rivers,Male,1152,67,17
2020-10-15,Richmond,Not Reported,48,1,2
2020-10-15,Pittsylvania-Danville,Male,1004,66,17
2020-10-15,Portsmouth,Not Reported,3,0,0
2020-10-15,Norfolk,Not Reported,3,0,0
2020-10-15,Chesapeake,Male,2112,221,41
2020-10-15,Chickahominy,Female,1078,86,27
2020-10-15,Prince William,Male,7790,643,143
2020-10-15,Eastern Shore,Not Reported,9,0,0
2020-10-15,Eastern Shore,Male,741,68,24
2020-10-15,Rappahannock Rapidan,Male,1367,107,27
2020-10-15,Henrico,Not Reported,36,0,0
2020-10-15,Cumberland Plateau,Female,600,36,7
2020-10-15,West Piedmont,Male,1109,125,40
2020-10-15,Hampton,Not Reported,6,0,0
2020-10-15,Alexandria,Not Reported,13,0,0
2020-10-15,Western Tidewater,Not Reported,4,0,1
2020-10-15,Cumberland Plateau,Not Reported,8,0,0
2020-10-15,Virginia Beach,Male,3369,201,49
2020-10-15,Alleghany,Female,1135,45,19
2020-10-15,Lenowisco,Female,592,41,5
2020-10-15,Virginia Beach,Not Reported,15,0,0
2020-10-15,Western Tidewater,Female,2080,100,64
2020-10-15,Mount Rogers,Male,1380,156,69
2020-10-15,Lord Fairfax,Female,1872,144,56
2020-10-15,Piedmont,Not Reported,6,0,0
2020-10-15,Alexandria,Male,1951,180,36
2020-10-15,Pittsylvania-Danville,Not Reported,6,0,0
2020-10-15,West Piedmont,Not Reported,8,0,0
2020-10-15,Loudoun,Female,3739,208,80
2020-10-15,Hampton,Female,1101,28,12
2020-10-15,Henrico,Female,3113,236,117
2020-10-15,Prince William,Not Reported,127,2,0
2020-10-15,Chickahominy,Male,1035,87,28
2020-10-15,Rappahannock Rapidan,Not Reported,34,0,0
2020-10-15,Peninsula,Female,2465,102,50
2020-10-15,Lenowisco,Not Reported,2,0,0
2020-10-15,Crater,Not Reported,42,3,0
2020-10-15,Chickahominy,Not Reported,36,1,0
2020-10-15,Portsmouth,Male,1289,127,30
2020-10-15,New River,Female,1896,27,13
2020-10-15,Rappahannock,Female,3054,191,31
2020-10-15,Central Virginia,Female,2202,74,23
2020-10-15,Roanoke,Not Reported,17,0,0
2020-10-15,West Piedmont,Female,1441,146,44
2020-10-15,Mount Rogers,Female,1861,128,65
2020-10-15,Piedmont,Male,1450,83,36
2020-10-15,Chesterfield,Female,3600,212,57
2020-10-15,Fairfax,Male,10903,1277,318
2020-10-15,Crater,Male,2699,129,49
2020-10-15,Central Virginia,Not Reported,41,0,0
2020-10-15,Prince William,Female,8105,499,106
2020-10-15,Virginia Beach,Female,4031,213,52
2020-10-15,Norfolk,Female,2657,198,37
2020-10-15,Three Rivers,Female,934,63,16
2020-10-15,Arlington,Male,2163,287,82
2020-10-15,Central Shenandoah,Female,3366,148,35
2020-10-15,Southside,Female,804,43,23
2020-12-30,Rappahannock,Male,5824,302,68
2020-12-30,Central Virginia,Male,5102,166,67
2020-12-30,Alleghany,Not Reported,109,0,2
2020-12-30,Henrico,Male,5509,331,130
2020-12-30,Thomas Jefferson,Male,3541,178,45
2020-12-30,Lord Fairfax,Male,4647,277,89
2020-12-30,Three Rivers,Male,2323,118,28
2020-12-30,Richmond,Not Reported,138,1,2
2020-12-30,Pittsylvania-Danville,Male,2154,121,38
2020-12-30,Portsmouth,Not Reported,6,0,1
2020-12-30,Norfolk,Not Reported,20,0,0
2020-12-30,Chesapeake,Male,4347,292,48
2020-12-30,Chickahominy,Female,2617,132,48
2020-12-30,Prince William,Male,13979,796,169
2020-12-30,Eastern Shore,Not Reported,9,0,0
2020-12-30,Eastern Shore,Male,1018,93,29
2020-12-30,Rappahannock Rapidan,Male,3367,163,37
2020-12-30,Henrico,Not Reported,152,1,2
2020-12-30,Cumberland Plateau,Female,2662,130,24
2020-12-30,West Piedmont,Male,2904,225,62
2020-12-30,Hampton,Not Reported,25,0,0
2020-12-30,Alexandria,Not Reported,20,0,1
2020-12-30,Western Tidewater,Not Reported,12,0,3
2020-12-30,Cumberland Plateau,Not Reported,216,1,1
2020-12-30,Virginia Beach,Male,7620,372,74
2020-12-30,Alleghany,Female,4407,122,83
2020-12-30,Lenowisco,Female,2454,118,61
2020-12-30,Virginia Beach,Not Reported,104,0,0
2020-12-30,Western Tidewater,Female,3613,201,81
2020-12-30,Mount Rogers,Male,4617,331,110
2020-12-30,Lord Fairfax,Female,5533,242,88
2020-12-30,Piedmont,Not Reported,20,0,0
2020-12-30,Alexandria,Male,3422,239,46
2020-12-30,Pittsylvania-Danville,Not Reported,35,2,4
2020-12-30,West Piedmont,Not Reported,19,2,4
2020-12-30,Loudoun,Female,6969,290,95
2020-12-30,Hampton,Female,2292,82,23
2020-12-30,Henrico,Female,6496,345,159
2020-12-30,Prince William,Not Reported,268,2,2
2020-12-30,Chickahominy,Male,2425,137,43
2020-12-30,Rappahannock Rapidan,Not Reported,352,3,0
2020-10-16,Southside,Not Reported,9,0,0
2020-10-16,Chesapeake,Female,2558,235,34
2020-10-16,Richmond,Female,2524,220,24
2020-10-16,Roanoke,Male,1000,38,14
2020-10-16,Fairfax,Not Reported,160,1,6
2020-10-16,Thomas Jefferson,Female,2166,100,41
2020-10-16,Chesapeake,Not Reported,5,0,0
2020-10-16,Cumberland Plateau,Male,515,37,6
2020-10-16,Eastern Shore,Female,759,73,26
2020-10-16,Lord Fairfax,Not Reported,16,0,0
2020-10-16,Rappahannock,Not Reported,24,0,0
2020-10-16,Central Shenandoah,Not Reported,19,0,0
2020-10-16,Peninsula,Male,2309,109,39
2020-10-16,Norfolk,Male,2475,195,44
2020-10-16,Alexandria,Female,2117,143,38
2020-10-16,Lenowisco,Male,558,52,18
2020-10-16,Pittsylvania-Danville,Female,1266,105,32
2020-10-16,New River,Not Reported,32,0,0
2020-10-16,Chesterfield,Not Reported,133,0,1
2020-10-16,Loudoun,Male,3637,252,49
2020-10-16,Rappahannock Rapidan,Female,1438,76,26
2020-10-16,Piedmont,Female,861,60,16
2020-10-16,Richmond,Male,2454,217,37
2020-10-16,Crater,Female,1918,153,58
2020-10-16,Portsmouth,Female,1419,168,34
2020-10-16,Arlington,Not Reported,3,0,0
2020-10-16,Mount Rogers,Not Reported,11,0,0
2020-10-16,Thomas Jefferson,Not Reported,3,0,0
2020-10-16,Three Rivers,Not Reported,28,0,0
2020-10-16,Hampton,Male,901,49,17
2020-10-16,Alleghany,Male,975,50,10
2020-10-16,Roanoke,Female,1279,48,18
2020-10-16,Loudoun,Not Reported,65,0,0
2020-10-16,Fairfax,Female,11566,951,291
2020-10-16,Western Tidewater,Male,2299,116,75
2020-10-16,Peninsula,Not Reported,19,0,0
2020-10-16,New River,Male,1906,43,14
2020-10-16,Central Shenandoah,Male,2957,141,38
2020-10-16,Southside,Male,874,46,23
2020-10-16,Chesterfield,Male,3372,223,72
2020-10-16,Arlington,Female,2136,231,70
2020-10-16,Rappahannock,Male,2686,226,48
2020-10-16,Central Virginia,Male,1934,87,31
2020-10-16,Alleghany,Not Reported,8,0,0
2020-10-16,Henrico,Male,2748,230,105
2020-10-16,Thomas Jefferson,Male,1945,105,34
2020-10-16,Lord Fairfax,Male,1685,158,65
2020-10-16,Three Rivers,Male,1159,67,17
2020-10-16,Richmond,Not Reported,49,1,2
2020-10-16,Pittsylvania-Danville,Male,1005,66,17
2020-10-16,Portsmouth,Not Reported,3,0,0
2020-10-16,Norfolk,Not Reported,4,0,0
2020-10-16,Chesapeake,Male,2129,222,41
2020-10-16,Chickahominy,Female,1086,87,27
2020-10-16,Prince William,Male,7818,646,144
2020-10-16,Eastern Shore,Not Reported,9,0,0
2020-10-16,Eastern Shore,Male,742,70,24
2020-10-16,Rappahannock Rapidan,Male,1373,107,27
2020-10-16,Henrico,Not Reported,37,0,0
2020-10-16,Cumberland Plateau,Female,610,36,7
2020-10-16,West Piedmont,Male,1119,127,40
2020-10-16,Hampton,Not Reported,8,0,0
2020-10-16,Alexandria,Not Reported,13,0,0
2020-10-16,Western Tidewater,Not Reported,4,0,1
2020-10-16,Cumberland Plateau,Not Reported,8,0,0
2020-10-16,Virginia Beach,Male,3395,201,50
2020-10-16,Alleghany,Female,1170,47,20
2020-10-16,Lenowisco,Female,606,42,5
2020-10-16,Virginia Beach,Not Reported,15,0,0
2020-10-16,Western Tidewater,Female,2087,102,65
2020-10-16,Mount Rogers,Male,1403,159,69
2020-10-16,Lord Fairfax,Female,1894,145,56
2020-10-16,Piedmont,Not Reported,6,0,0
2020-10-16,Alexandria,Male,1956,180,36
2020-10-16,Pittsylvania-Danville,Not Reported,6,0,0
2020-10-16,West Piedmont,Not Reported,8,0,0
2020-10-16,Loudoun,Female,3752,211,80
2020-10-16,Hampton,Female,1109,29,12
2020-10-16,Henrico,Female,3126,237,117
2020-10-16,Prince William,Not Reported,127,2,0
2020-10-16,Chickahominy,Male,1044,88,28
2020-10-16,Rappahannock Rapidan,Not Reported,35,0,0
2020-10-16,Peninsula,Female,2493,102,50
2020-10-16,Lenowisco,Not Reported,2,0,0
2020-10-16,Crater,Not Reported,42,3,0
2020-10-16,Chickahominy,Not Reported,35,1,0
2020-10-16,Portsmouth,Male,1291,127,30
2020-10-16,New River,Female,1922,27,14
2020-10-16,Rappahannock,Female,3073,192,31
2020-10-16,Central Virginia,Female,2237,75,23
2020-10-16,Roanoke,Not Reported,17,0,0
2020-10-16,West Piedmont,Female,1451,146,44
2020-10-16,Mount Rogers,Female,1887,130,65
2020-10-16,Piedmont,Male,1461,85,36
2020-10-16,Chesterfield,Female,3609,213,57
2020-10-16,Fairfax,Male,10955,1281,317
2020-10-16,Crater,Male,2729,130,49
2020-10-16,Central Virginia,Not Reported,42,0,0
2020-10-16,Prince William,Female,8141,503,106
2020-10-16,Virginia Beach,Female,4063,214,53
2020-10-16,Norfolk,Female,2666,198,37
2020-10-16,Three Rivers,Female,941,64,16
2020-10-16,Arlington,Male,2179,287,83
2020-10-16,Central Shenandoah,Female,3397,149,35
2020-10-16,Southside,Female,804,43,23
2020-12-30,Peninsula,Female,5248,175,60
2020-12-30,Lenowisco,Not Reported,99,1,2
2020-12-30,Crater,Not Reported,91,3,0
2020-12-30,Chickahominy,Not Reported,107,0,0
2020-12-30,Portsmouth,Male,2086,195,33
2020-12-30,New River,Female,4899,134,54
2020-12-30,Rappahannock,Female,6501,273,50
2020-12-30,Central Virginia,Female,5937,161,45
2020-12-30,Roanoke,Not Reported,20,0,0
2020-12-30,West Piedmont,Female,3701,231,64
2020-12-30,Mount Rogers,Female,5626,293,121
2020-12-30,Piedmont,Male,2993,131,49
2020-12-30,Chesterfield,Female,7374,335,96
2020-12-30,Fairfax,Male,21182,1666,358
2020-12-30,Crater,Male,3917,178,59
2020-12-30,Central Virginia,Not Reported,316,2,5
2020-12-30,Prince William,Female,14793,629,123
2020-12-30,Virginia Beach,Female,8570,364,73
2020-12-30,Norfolk,Female,4405,294,51
2020-12-30,Three Rivers,Female,2277,108,27
2020-12-30,Arlington,Male,4409,371,103
2020-12-30,Central Shenandoah,Female,8087,266,76
2020-12-30,Southside,Female,1559,66,51
2020-10-17,Southside,Not Reported,9,0,0
2020-10-17,Chesapeake,Female,2571,237,34
2020-10-17,Richmond,Female,2541,222,24
2020-10-17,Roanoke,Male,1014,38,14
2020-10-17,Fairfax,Not Reported,159,1,6
2020-10-17,Thomas Jefferson,Female,2181,102,41
2020-10-17,Chesapeake,Not Reported,5,0,0
2020-10-17,Cumberland Plateau,Male,524,37,6
2020-10-17,Eastern Shore,Female,761,73,26
2020-10-17,Lord Fairfax,Not Reported,16,0,0
2020-10-17,Rappahannock,Not Reported,23,0,0
2020-10-17,Central Shenandoah,Not Reported,19,0,0
2020-10-17,Peninsula,Male,2327,110,39
2020-10-17,Norfolk,Male,2487,196,45
2020-10-17,Alexandria,Female,2124,143,38
2020-10-17,Lenowisco,Male,570,52,18
2020-10-17,Pittsylvania-Danville,Female,1281,106,32
2020-10-17,New River,Not Reported,33,0,0
2020-10-17,Chesterfield,Not Reported,144,0,1
2020-10-17,Loudoun,Male,3660,254,49
2020-10-17,Rappahannock Rapidan,Female,1440,76,26
2020-10-17,Piedmont,Female,874,60,16
2020-10-17,Richmond,Male,2467,217,37
2020-10-17,Crater,Female,1937,154,58
2020-10-17,Portsmouth,Female,1422,168,34
2020-10-17,Arlington,Not Reported,3,0,0
2020-10-17,Mount Rogers,Not Reported,13,0,1
2020-10-17,Thomas Jefferson,Not Reported,3,0,0
2020-10-17,Three Rivers,Not Reported,28,0,0
2020-10-17,Hampton,Male,905,54,17
2020-10-17,Alleghany,Male,987,51,10
2020-10-17,Roanoke,Female,1300,49,18
2020-10-17,Loudoun,Not Reported,67,0,0
2020-10-17,Fairfax,Female,11613,950,291
2020-10-17,Western Tidewater,Male,2309,117,76
2020-10-17,Peninsula,Not Reported,19,0,0
2020-10-17,New River,Male,1928,43,14
2020-10-17,Central Shenandoah,Male,2977,141,39
2020-10-17,Southside,Male,878,46,23
2020-10-17,Chesterfield,Male,3412,224,72
2020-10-17,Arlington,Female,2154,231,70
2020-10-17,Rappahannock,Male,2694,227,48
2020-10-17,Central Virginia,Male,1953,87,31
2020-10-17,Alleghany,Not Reported,8,0,0
2020-10-17,Henrico,Male,2758,233,105
2020-10-17,Thomas Jefferson,Male,1958,105,34
2020-10-17,Lord Fairfax,Male,1701,158,65
2020-10-17,Three Rivers,Male,1162,67,18
2020-10-17,Richmond,Not Reported,49,1,2
2020-10-17,Pittsylvania-Danville,Male,1021,67,18
2020-10-17,Portsmouth,Not Reported,3,0,0
2020-10-17,Norfolk,Not Reported,3,0,0
2020-10-17,Chesapeake,Male,2138,222,42
2020-10-17,Chickahominy,Female,1096,87,27
2020-10-17,Prince William,Male,7828,649,145
2020-10-17,Eastern Shore,Not Reported,9,0,0
2020-10-17,Eastern Shore,Male,743,70,24
2020-10-17,Rappahannock Rapidan,Male,1385,108,27
2020-10-17,Henrico,Not Reported,37,0,0
2020-10-17,Cumberland Plateau,Female,626,36,7
2020-10-17,West Piedmont,Male,1138,128,40
2020-10-17,Hampton,Not Reported,7,0,0
2020-10-17,Alexandria,Not Reported,13,0,0
2020-10-17,Western Tidewater,Not Reported,4,0,1
2020-10-17,Cumberland Plateau,Not Reported,10,0,0
2020-10-17,Virginia Beach,Male,3411,202,50
2020-10-17,Alleghany,Female,1183,48,20
2020-10-17,Lenowisco,Female,622,43,5
2020-10-17,Virginia Beach,Not Reported,15,0,0
2020-10-17,Western Tidewater,Female,2092,102,65
2020-10-17,Mount Rogers,Male,1428,159,71
2020-10-17,Lord Fairfax,Female,1906,146,56
2020-10-17,Piedmont,Not Reported,5,0,0
2020-10-17,Alexandria,Male,1967,180,36
2020-10-17,Pittsylvania-Danville,Not Reported,6,0,0
2020-10-17,West Piedmont,Not Reported,14,0,0
2020-10-17,Loudoun,Female,3778,212,80
2020-10-17,Hampton,Female,1113,32,12
2020-10-17,Henrico,Female,3143,238,117
2020-10-17,Prince William,Not Reported,128,2,0
2020-10-17,Chickahominy,Male,1053,88,28
2020-10-17,Rappahannock Rapidan,Not Reported,36,0,0
2020-10-17,Peninsula,Female,2505,103,50
2020-10-17,Lenowisco,Not Reported,2,0,0
2020-10-17,Crater,Not Reported,45,3,0
2020-10-17,Chickahominy,Not Reported,35,1,0
2020-10-17,Portsmouth,Male,1290,126,30
2020-10-17,New River,Female,1956,28,14
2020-10-17,Rappahannock,Female,3085,193,32
2020-10-17,Central Virginia,Female,2271,76,23
2020-10-17,Roanoke,Not Reported,18,0,0
2020-10-17,West Piedmont,Female,1472,146,44
2020-10-17,Mount Rogers,Female,1905,130,65
2020-10-17,Piedmont,Male,1472,87,37
2020-10-17,Chesterfield,Female,3667,215,57
2020-10-17,Fairfax,Male,10984,1280,319
2020-10-17,Crater,Male,2763,133,50
2020-10-17,Central Virginia,Not Reported,42,0,0
2020-10-17,Prince William,Female,8175,503,106
2020-10-17,Virginia Beach,Female,4087,215,52
2020-10-17,Norfolk,Female,2679,199,37
2020-10-17,Three Rivers,Female,947,64,17
2020-10-17,Arlington,Male,2188,287,82
2020-10-17,Central Shenandoah,Female,3412,150,35
2020-10-17,Southside,Female,809,43,23
2020-10-18,Southside,Not Reported,9,0,0
2020-10-18,Chesapeake,Female,2578,237,35
2020-10-18,Richmond,Female,2566,223,25
2020-10-18,Roanoke,Male,1022,38,14
2020-10-18,Fairfax,Not Reported,161,1,6
2020-10-18,Thomas Jefferson,Female,2190,104,41
2020-10-18,Chesapeake,Not Reported,5,0,0
2020-10-18,Cumberland Plateau,Male,532,37,6
2020-10-18,Eastern Shore,Female,760,73,26
2020-10-18,Lord Fairfax,Not Reported,16,0,0
2020-10-18,Rappahannock,Not Reported,22,0,0
2020-10-18,Central Shenandoah,Not Reported,19,0,0
2020-10-18,Peninsula,Male,2339,110,39
2020-10-18,Norfolk,Male,2491,196,46
2020-10-18,Alexandria,Female,2131,143,38
2020-10-18,Lenowisco,Male,578,53,18
2020-10-18,Pittsylvania-Danville,Female,1298,107,34
2020-10-18,New River,Not Reported,33,0,0
2020-10-18,Chesterfield,Not Reported,144,0,1
2020-10-18,Loudoun,Male,3686,255,49
2020-10-18,Rappahannock Rapidan,Female,1447,76,26
2020-10-18,Piedmont,Female,873,60,16
2020-10-18,Richmond,Male,2485,217,37
2020-10-18,Crater,Female,1946,154,59
2020-10-18,Portsmouth,Female,1423,168,34
2020-10-18,Arlington,Not Reported,3,0,0
2020-10-18,Mount Rogers,Not Reported,12,0,1
2020-10-18,Thomas Jefferson,Not Reported,3,0,0
2020-10-18,Three Rivers,Not Reported,28,0,0
2020-10-18,Hampton,Male,910,54,17
2020-10-18,Alleghany,Male,995,52,10
2020-10-18,Roanoke,Female,1311,50,18
2020-10-18,Loudoun,Not Reported,65,0,0
2020-10-18,Fairfax,Female,11656,950,291
2020-10-18,Western Tidewater,Male,2329,117,76
2020-10-18,Peninsula,Not Reported,18,0,0
2020-10-18,New River,Male,1959,43,14
2020-10-18,Central Shenandoah,Male,2995,141,39
2020-10-18,Southside,Male,881,47,23
2020-10-18,Chesterfield,Male,3423,224,72
2020-10-18,Arlington,Female,2167,231,70
2020-10-18,Rappahannock,Male,2698,228,48
2020-10-18,Central Virginia,Male,1964,87,31
2020-10-18,Alleghany,Not Reported,8,0,0
2020-10-18,Henrico,Male,2772,233,105
2020-10-18,Thomas Jefferson,Male,1965,106,34
2020-10-18,Lord Fairfax,Male,1706,159,65
2020-10-18,Three Rivers,Male,1166,68,18
2020-10-18,Richmond,Not Reported,49,1,2
2020-10-18,Pittsylvania-Danville,Male,1037,68,19
2020-10-18,Portsmouth,Not Reported,3,0,0
2020-10-18,Norfolk,Not Reported,3,0,0
2020-10-18,Chesapeake,Male,2147,222,43
2020-10-18,Chickahominy,Female,1102,87,27
2020-10-18,Prince William,Male,7862,649,145
2020-10-18,Eastern Shore,Not Reported,9,0,0
2020-10-18,Eastern Shore,Male,743,70,24
2020-10-18,Rappahannock Rapidan,Male,1392,108,27
2020-10-18,Henrico,Not Reported,39,0,0
2020-10-18,Cumberland Plateau,Female,639,38,7
2020-10-18,West Piedmont,Male,1151,128,40
2020-10-18,Hampton,Not Reported,7,0,0
2020-10-18,Alexandria,Not Reported,13,0,0
2020-10-18,Western Tidewater,Not Reported,4,0,1
2020-10-18,Cumberland Plateau,Not Reported,9,0,0
2020-10-18,Virginia Beach,Male,3425,202,50
2020-10-18,Alleghany,Female,1207,48,20
2020-10-18,Lenowisco,Female,648,43,5
2020-10-18,Virginia Beach,Not Reported,15,0,0
2020-10-18,Western Tidewater,Female,2103,103,65
2020-10-18,Mount Rogers,Male,1443,160,70
2020-10-18,Lord Fairfax,Female,1920,147,56
2020-10-18,Piedmont,Not Reported,5,0,0
2020-10-18,Alexandria,Male,1973,180,36
2020-10-18,Pittsylvania-Danville,Not Reported,6,0,0
2020-10-18,West Piedmont,Not Reported,14,0,0
2020-10-18,Loudoun,Female,3807,213,80
2020-10-18,Hampton,Female,1116,32,12
2020-10-18,Henrico,Female,3151,239,117
2020-10-18,Prince William,Not Reported,127,2,0
2020-10-18,Chickahominy,Male,1061,88,28
2020-10-18,Rappahannock Rapidan,Not Reported,37,0,0
2020-10-18,Peninsula,Female,2514,103,50
2020-10-18,Lenowisco,Not Reported,2,0,0
2020-10-18,Crater,Not Reported,47,3,0
2020-10-18,Chickahominy,Not Reported,35,1,0
2020-10-18,Portsmouth,Male,1293,126,30
2020-10-18,New River,Female,1973,28,14
2020-10-18,Rappahannock,Female,3090,193,32
2020-10-18,Central Virginia,Female,2282,76,23
2020-10-18,Roanoke,Not Reported,18,0,0
2020-10-18,West Piedmont,Female,1493,146,44
2020-10-18,Mount Rogers,Female,1919,131,65
2020-10-18,Piedmont,Male,1473,87,37
2020-10-18,Chesterfield,Female,3678,215,57
2020-10-18,Fairfax,Male,11029,1285,320
2020-10-18,Crater,Male,2798,133,51
2020-10-18,Central Virginia,Not Reported,42,0,0
2020-10-18,Prince William,Female,8209,504,106
2020-10-18,Virginia Beach,Female,4097,215,52
2020-10-18,Norfolk,Female,2685,200,38
2020-10-18,Three Rivers,Female,957,65,17
2020-10-18,Arlington,Male,2202,287,82
2020-10-18,Central Shenandoah,Female,3430,150,36
2020-10-18,Southside,Female,817,43,23
2020-10-19,Southside,Not Reported,9,0,0
2020-10-19,Chesapeake,Female,2586,237,35
2020-10-19,Richmond,Female,2571,223,25
2020-10-19,Roanoke,Male,1042,38,15
2020-10-19,Fairfax,Not Reported,162,1,6
2020-10-19,Thomas Jefferson,Female,2199,104,41
2020-10-19,Chesapeake,Not Reported,5,0,0
2020-10-19,Cumberland Plateau,Male,533,37,6
2020-10-19,Eastern Shore,Female,761,73,26
2020-10-19,Lord Fairfax,Not Reported,17,0,0
2020-10-19,Rappahannock,Not Reported,22,0,0
2020-10-19,Central Shenandoah,Not Reported,19,0,0
2020-10-19,Peninsula,Male,2348,110,39
2020-10-19,Norfolk,Male,2491,196,46
2020-10-19,Alexandria,Female,2132,143,38
2020-10-19,Lenowisco,Male,582,53,18
2020-10-19,Pittsylvania-Danville,Female,1303,107,35
2020-10-19,New River,Not Reported,35,0,0
2020-10-19,Chesterfield,Not Reported,145,0,1
2020-10-19,Loudoun,Male,3695,255,49
2020-10-19,Rappahannock Rapidan,Female,1456,76,27
2020-10-19,Piedmont,Female,881,60,16
2020-10-19,Richmond,Male,2489,217,37
2020-10-19,Crater,Female,1964,155,59
2020-10-19,Portsmouth,Female,1428,168,35
2020-10-19,Arlington,Not Reported,3,0,0
2020-10-19,Mount Rogers,Not Reported,12,0,1
2020-10-19,Thomas Jefferson,Not Reported,3,0,0
2020-10-19,Three Rivers,Not Reported,29,0,0
2020-10-19,Hampton,Male,913,54,18
2020-10-19,Alleghany,Male,1001,52,10
2020-10-19,Roanoke,Female,1325,51,20
2020-10-19,Loudoun,Not Reported,65,0,0
2020-10-19,Fairfax,Female,11689,952,291
2020-10-19,Western Tidewater,Male,2334,117,77
2020-10-19,Peninsula,Not Reported,19,0,0
2020-10-19,New River,Male,1984,44,14
2020-10-19,Central Shenandoah,Male,3008,141,40
2020-10-19,Southside,Male,885,47,23
2020-10-19,Chesterfield,Male,3431,224,72
2020-10-19,Arlington,Female,2171,232,70
2020-10-19,Rappahannock,Male,2704,228,48
2020-10-19,Central Virginia,Male,1985,87,31
2020-10-19,Alleghany,Not Reported,9,0,0
2020-10-19,Henrico,Male,2780,233,105
2020-10-19,Thomas Jefferson,Male,1972,106,35
2020-10-19,Lord Fairfax,Male,1720,159,65
2020-10-19,Three Rivers,Male,1170,68,18
2020-10-19,Richmond,Not Reported,49,1,2
2020-10-19,Pittsylvania-Danville,Male,1037,68,20
2020-10-19,Portsmouth,Not Reported,3,0,0
2020-10-19,Norfolk,Not Reported,3,0,0
2020-10-19,Chesapeake,Male,2157,223,44
2020-10-19,Chickahominy,Female,1108,88,28
2020-10-19,Prince William,Male,7878,649,146
2020-10-19,Eastern Shore,Not Reported,9,0,0
2020-10-19,Eastern Shore,Male,744,70,24
2020-10-19,Rappahannock Rapidan,Male,1422,108,27
2020-10-19,Henrico,Not Reported,39,0,0
2020-10-19,Cumberland Plateau,Female,642,39,7
2020-10-19,West Piedmont,Male,1158,130,40
2020-10-19,Hampton,Not Reported,7,0,0
2020-10-19,Alexandria,Not Reported,13,0,0
2020-10-19,Western Tidewater,Not Reported,4,0,1
2020-10-19,Cumberland Plateau,Not Reported,9,0,0
2020-10-19,Virginia Beach,Male,3431,202,50
2020-10-19,Alleghany,Female,1218,48,20
2020-10-19,Lenowisco,Female,658,43,5
2020-10-19,Virginia Beach,Not Reported,15,0,0
2020-10-19,Western Tidewater,Female,2106,103,66
2020-10-19,Mount Rogers,Male,1463,162,71
2020-10-19,Lord Fairfax,Female,1937,148,56
2020-10-19,Piedmont,Not Reported,5,0,0
2020-10-19,Alexandria,Male,1978,180,37
2020-10-19,Pittsylvania-Danville,Not Reported,6,0,0
2020-10-19,West Piedmont,Not Reported,14,0,0
2020-10-19,Loudoun,Female,3816,213,80
2020-10-19,Hampton,Female,1119,32,13
2020-10-19,Henrico,Female,3151,239,119
2020-10-19,Prince William,Not Reported,127,2,0
2020-10-19,Chickahominy,Male,1065,88,28
2020-10-19,Rappahannock Rapidan,Not Reported,37,0,0
2020-10-19,Peninsula,Female,2521,103,50
2020-10-19,Lenowisco,Not Reported,2,0,0
2020-10-19,Crater,Not Reported,49,3,0
2020-10-19,Chickahominy,Not Reported,35,1,0
2020-10-19,Portsmouth,Male,1293,126,30
2020-10-19,New River,Female,1987,28,14
2020-10-19,Rappahannock,Female,3103,193,32
2020-10-19,Central Virginia,Female,2306,76,23
2020-10-19,Roanoke,Not Reported,18,0,0
2020-10-19,West Piedmont,Female,1498,146,44
2020-10-19,Mount Rogers,Female,1927,133,67
2020-10-19,Piedmont,Male,1474,87,37
2020-10-19,Chesterfield,Female,3685,215,57
2020-10-19,Fairfax,Male,11065,1286,320
2020-10-19,Crater,Male,2826,134,52
2020-10-19,Central Virginia,Not Reported,42,0,0
2020-10-19,Prince William,Female,8252,506,106
2020-10-19,Virginia Beach,Female,4107,216,52
2020-10-19,Norfolk,Female,2685,200,38
2020-10-19,Three Rivers,Female,959,65,17
2020-10-19,Arlington,Male,2210,287,82
2020-10-19,Central Shenandoah,Female,3445,150,37
2020-10-19,Southside,Female,824,43,23
2020-10-20,Southside,Not Reported,9,0,0
2020-10-20,Chesapeake,Female,2594,239,35
2020-10-20,Richmond,Female,2578,224,25
2020-10-20,Roanoke,Male,1070,37,15
2020-10-20,Fairfax,Not Reported,161,1,6
2020-10-20,Thomas Jefferson,Female,2203,109,41
2020-10-20,Chesapeake,Not Reported,5,0,0
2020-10-20,Cumberland Plateau,Male,536,37,6
2020-10-20,Eastern Shore,Female,762,73,26
2020-10-20,Lord Fairfax,Not Reported,16,0,0
2020-10-20,Rappahannock,Not Reported,20,0,0
2020-10-20,Central Shenandoah,Not Reported,19,0,0
2020-10-20,Peninsula,Male,2364,111,41
2020-10-20,Norfolk,Male,2507,196,46
2020-10-20,Alexandria,Female,2139,143,38
2020-10-20,Lenowisco,Male,596,53,18
2020-10-20,Pittsylvania-Danville,Female,1308,107,35
2020-10-20,New River,Not Reported,35,0,0
2020-10-20,Chesterfield,Not Reported,143,0,1
2020-10-20,Loudoun,Male,3713,255,50
2020-10-20,Rappahannock Rapidan,Female,1463,76,27
2020-10-20,Piedmont,Female,893,61,16
2020-10-20,Richmond,Male,2507,220,37
2020-10-20,Crater,Female,1982,157,59
2020-10-20,Portsmouth,Female,1432,168,35
2020-10-20,Arlington,Not Reported,3,0,0
2020-10-20,Mount Rogers,Not Reported,12,0,1
2020-10-20,Thomas Jefferson,Not Reported,3,0,0
2020-10-20,Three Rivers,Not Reported,25,0,0
2020-10-20,Hampton,Male,922,54,18
2020-10-20,Alleghany,Male,1025,53,11
2020-10-20,Roanoke,Female,1357,53,20
2020-10-20,Loudoun,Not Reported,62,0,0
2020-10-20,Fairfax,Female,11741,953,291
2020-10-20,Western Tidewater,Male,2349,119,78
2020-10-20,Peninsula,Not Reported,19,0,0
2020-10-20,New River,Male,2007,45,14
2020-10-20,Central Shenandoah,Male,3018,141,40
2020-10-20,Southside,Male,885,47,23
2020-10-20,Chesterfield,Male,3455,227,73
2020-10-20,Arlington,Female,2180,233,70
2020-10-20,Rappahannock,Male,2718,228,48
2020-10-20,Central Virginia,Male,2001,90,31
2020-10-20,Alleghany,Not Reported,9,0,0
2020-10-20,Henrico,Male,2795,234,106
2020-10-20,Thomas Jefferson,Male,1984,107,35
2020-10-20,Lord Fairfax,Male,1740,161,66
2020-10-20,Three Rivers,Male,1156,69,19
2020-10-20,Richmond,Not Reported,49,1,2
2020-10-20,Pittsylvania-Danville,Male,1043,68,21
2020-10-20,Portsmouth,Not Reported,3,0,0
2020-10-20,Norfolk,Not Reported,3,0,0
2020-10-20,Chesapeake,Male,2164,225,44
2020-10-20,Chickahominy,Female,1117,88,28
2020-10-20,Prince William,Male,7905,654,149
2020-10-20,Eastern Shore,Not Reported,9,0,0
2020-10-20,Eastern Shore,Male,745,71,24
2020-10-20,Rappahannock Rapidan,Male,1436,109,27
2020-10-20,Henrico,Not Reported,38,0,0
2020-10-20,Cumberland Plateau,Female,649,40,7
2020-10-20,West Piedmont,Male,1166,133,40
2020-10-20,Hampton,Not Reported,7,0,0
2020-10-20,Alexandria,Not Reported,13,0,0
2020-10-20,Western Tidewater,Not Reported,5,0,2
2020-10-20,Cumberland Plateau,Not Reported,10,0,0
2020-10-20,Virginia Beach,Male,3455,203,50
2020-10-20,Alleghany,Female,1263,50,21
2020-10-20,Lenowisco,Female,670,44,5
2020-10-20,Virginia Beach,Not Reported,15,0,0
2020-10-20,Western Tidewater,Female,2114,107,66
2020-10-20,Mount Rogers,Male,1471,162,71
2020-10-20,Lord Fairfax,Female,1952,148,59
2020-10-20,Piedmont,Not Reported,5,0,0
2020-10-20,Alexandria,Male,1981,181,37
2020-10-20,Pittsylvania-Danville,Not Reported,6,0,0
2020-10-20,West Piedmont,Not Reported,14,0,0
2020-10-20,Loudoun,Female,3824,215,80
2020-10-20,Hampton,Female,1129,32,14
2020-10-20,Henrico,Female,3173,239,121
2020-10-20,Prince William,Not Reported,127,2,0
2020-10-20,Chickahominy,Male,1073,90,28
2020-10-20,Rappahannock Rapidan,Not Reported,37,0,0
2020-10-20,Peninsula,Female,2534,103,50
2020-10-20,Lenowisco,Not Reported,2,0,0
2020-10-20,Crater,Not Reported,49,3,0
2020-10-20,Chickahominy,Not Reported,31,1,0
2020-10-20,Portsmouth,Male,1295,126,30
2020-10-20,New River,Female,1997,28,14
2020-10-20,Rappahannock,Female,3124,196,32
2020-10-20,Central Virginia,Female,2337,76,25
2020-10-20,Roanoke,Not Reported,18,0,0
2020-10-20,West Piedmont,Female,1514,148,44
2020-10-20,Mount Rogers,Female,1944,134,70
2020-10-20,Piedmont,Male,1484,87,38
2020-10-20,Chesterfield,Female,3709,215,57
2020-10-20,Fairfax,Male,11097,1285,320
2020-10-20,Crater,Male,2818,134,52
2020-10-20,Central Virginia,Not Reported,44,0,0
2020-10-20,Prince William,Female,8287,510,107
2020-10-20,Virginia Beach,Female,4123,219,52
2020-10-20,Norfolk,Female,2699,202,38
2020-10-20,Three Rivers,Female,961,65,17
2020-10-20,Arlington,Male,2216,287,82
2020-10-20,Central Shenandoah,Female,3452,150,37
2020-10-20,Southside,Female,827,43,23
2020-10-21,Southside,Not Reported,10,0,0
2020-10-21,Chesapeake,Female,2602,239,34
2020-10-21,Richmond,Female,2579,224,28
2020-10-21,Roanoke,Male,1087,38,15
2020-10-21,Fairfax,Not Reported,157,1,6
2020-10-21,Thomas Jefferson,Female,2226,109,41
2020-10-21,Chesapeake,Not Reported,5,0,0
2020-10-21,Cumberland Plateau,Male,550,38,6
2020-10-21,Eastern Shore,Female,763,73,26
2020-10-21,Lord Fairfax,Not Reported,16,0,0
2020-10-21,Rappahannock,Not Reported,20,0,0
2020-10-21,Central Shenandoah,Not Reported,20,0,0
2020-10-21,Peninsula,Male,2378,111,41
2020-10-21,Norfolk,Male,2514,199,46
2020-10-21,Alexandria,Female,2145,144,38
2020-10-21,Lenowisco,Male,613,56,18
2020-10-21,Pittsylvania-Danville,Female,1320,108,35
2020-10-21,New River,Not Reported,35,0,0
2020-10-21,Chesterfield,Not Reported,152,0,1
2020-10-21,Loudoun,Male,3733,255,50
2020-10-21,Rappahannock Rapidan,Female,1471,76,27
2020-10-21,Piedmont,Female,897,61,16
2020-10-21,Richmond,Male,2514,220,38
2020-10-21,Crater,Female,1986,159,62
2020-10-21,Portsmouth,Female,1442,170,36
2020-10-21,Arlington,Not Reported,3,0,0
2020-10-21,Mount Rogers,Not Reported,12,0,1
2020-10-21,Thomas Jefferson,Not Reported,3,0,0
2020-10-21,Three Rivers,Not Reported,26,0,0
2020-10-21,Hampton,Male,924,54,18
2020-10-21,Alleghany,Male,1045,53,11
2020-10-21,Roanoke,Female,1373,52,20
2020-10-21,Loudoun,Not Reported,61,0,0
2020-10-21,Fairfax,Female,11780,953,291
2020-10-21,Western Tidewater,Male,2355,119,80
2020-10-21,Peninsula,Not Reported,19,0,0
2020-10-21,New River,Male,2024,45,14
2020-10-21,Central Shenandoah,Male,3033,141,41
2020-10-21,Southside,Male,888,47,23
2020-10-21,Chesterfield,Male,3472,228,73
2020-10-21,Arlington,Female,2201,233,70
2020-10-21,Rappahannock,Male,2727,228,51
2020-10-21,Central Virginia,Male,2030,91,32
2020-10-21,Alleghany,Not Reported,9,0,0
2020-10-21,Henrico,Male,2818,236,106
2020-10-21,Thomas Jefferson,Male,2000,107,35
2020-10-21,Lord Fairfax,Male,1755,164,67
2020-10-21,Three Rivers,Male,1166,70,19
2020-10-21,Richmond,Not Reported,52,1,2
2020-10-21,Pittsylvania-Danville,Male,1052,68,22
2020-10-21,Portsmouth,Not Reported,3,0,0
2020-10-21,Norfolk,Not Reported,3,0,0
2020-10-21,Chesapeake,Male,2173,225,43
2020-10-21,Chickahominy,Female,1126,88,29
2020-10-21,Prince William,Male,7939,654,150
2020-10-21,Eastern Shore,Not Reported,9,0,0
2020-10-21,Eastern Shore,Male,745,71,24
2020-10-21,Rappahannock Rapidan,Male,1441,112,27
2020-10-21,Henrico,Not Reported,41,0,0
2020-10-21,Cumberland Plateau,Female,677,41,7
2020-10-21,West Piedmont,Male,1182,134,41
2020-10-21,Hampton,Not Reported,7,0,0
2020-10-21,Alexandria,Not Reported,13,0,0
2020-10-21,Western Tidewater,Not Reported,5,0,2
2020-10-21,Cumberland Plateau,Not Reported,11,0,0
2020-10-21,Virginia Beach,Male,3465,204,50
2020-10-21,Alleghany,Female,1286,53,22
2020-10-21,Lenowisco,Female,685,45,5
2020-10-21,Virginia Beach,Not Reported,15,0,0
2020-10-21,Western Tidewater,Female,2124,108,66
2020-10-21,Mount Rogers,Male,1476,163,71
2020-10-21,Lord Fairfax,Female,1970,149,59
2020-10-21,Piedmont,Not Reported,5,0,0
2020-10-21,Alexandria,Male,1986,182,37
2020-10-21,Pittsylvania-Danville,Not Reported,6,0,0
2020-10-21,West Piedmont,Not Reported,14,0,0
2020-10-21,Loudoun,Female,3840,215,80
2020-10-21,Hampton,Female,1133,33,14
2020-10-21,Henrico,Female,3199,239,121
2020-10-21,Prince William,Not Reported,127,2,0
2020-10-21,Chickahominy,Male,1081,93,28
2020-10-21,Rappahannock Rapidan,Not Reported,39,0,0
2020-10-21,Peninsula,Female,2539,103,50
2020-10-21,Lenowisco,Not Reported,2,0,0
2020-10-21,Crater,Not Reported,49,3,0
2020-10-21,Chickahominy,Not Reported,31,0,0
2020-10-21,Portsmouth,Male,1296,128,31
2020-10-21,New River,Female,2020,30,14
2020-10-21,Rappahannock,Female,3139,197,35
2020-10-21,Central Virginia,Female,2366,78,26
2020-10-21,Roanoke,Not Reported,18,0,0
2020-10-21,West Piedmont,Female,1540,150,44
2020-10-21,Mount Rogers,Female,1959,134,72
2020-10-21,Piedmont,Male,1487,87,38
2020-10-21,Chesterfield,Female,3749,217,57
2020-10-21,Fairfax,Male,11144,1288,322
2020-10-21,Crater,Male,2824,134,52
2020-10-21,Central Virginia,Not Reported,46,0,0
2020-10-21,Prince William,Female,8321,510,107
2020-10-21,Virginia Beach,Female,4142,220,53
2020-10-21,Norfolk,Female,2702,203,38
2020-10-21,Three Rivers,Female,974,65,17
2020-10-21,Arlington,Male,2233,289,82
2020-10-21,Central Shenandoah,Female,3471,149,37
2020-10-21,Southside,Female,831,43,24
2020-10-22,Southside,Not Reported,10,0,0
2020-10-22,Chesapeake,Female,2618,240,34
2020-10-22,Richmond,Female,2591,224,28
2020-10-22,Roanoke,Male,1105,40,15
2020-10-22,Fairfax,Not Reported,157,1,6
2020-10-22,Thomas Jefferson,Female,2249,111,41
2020-10-22,Chesapeake,Not Reported,5,0,0
2020-10-22,Cumberland Plateau,Male,558,40,6
2020-10-22,Eastern Shore,Female,764,73,26
2020-10-22,Lord Fairfax,Not Reported,21,0,0
2020-10-22,Rappahannock,Not Reported,20,0,0
2020-10-22,Central Shenandoah,Not Reported,20,0,0
2020-10-22,Peninsula,Male,2390,113,41
2020-10-22,Norfolk,Male,2526,199,46
2020-10-22,Alexandria,Female,2158,144,38
2020-10-22,Lenowisco,Male,623,57,18
2020-10-22,Pittsylvania-Danville,Female,1332,108,36
2020-10-22,New River,Not Reported,35,0,0
2020-10-22,Chesterfield,Not Reported,152,0,1
2020-10-22,Loudoun,Male,3755,255,50
2020-10-22,Rappahannock Rapidan,Female,1484,78,27
2020-10-22,Piedmont,Female,901,61,16
2020-10-22,Richmond,Male,2532,220,39
2020-10-22,Crater,Female,2003,160,62
2020-10-22,Portsmouth,Female,1454,171,36
2020-10-22,Arlington,Not Reported,3,0,0
2020-10-22,Mount Rogers,Not Reported,12,0,1
2020-10-22,Thomas Jefferson,Not Reported,4,0,0
2020-10-22,Three Rivers,Not Reported,26,0,0
2020-10-22,Hampton,Male,926,54,18
2020-10-22,Alleghany,Male,1073,54,11
2020-10-22,Roanoke,Female,1393,52,20
2020-10-22,Loudoun,Not Reported,62,0,0
2020-10-22,Fairfax,Female,11870,955,292
2020-10-22,Western Tidewater,Male,2358,118,80
2020-10-22,Peninsula,Not Reported,19,0,0
2020-10-22,New River,Male,2045,45,14
2020-10-22,Central Shenandoah,Male,3047,141,41
2020-10-22,Southside,Male,893,47,24
2020-10-22,Chesterfield,Male,3504,228,73
2020-10-22,Arlington,Female,2213,234,70
2020-10-22,Rappahannock,Male,2747,228,51
2020-10-22,Central Virginia,Male,2067,94,32
2020-10-22,Alleghany,Not Reported,9,0,0
2020-10-22,Henrico,Male,2836,236,106
2020-10-22,Thomas Jefferson,Male,2015,111,35
2020-10-22,Lord Fairfax,Male,1772,166,67
2020-10-22,Three Rivers,Male,1172,71,20
2020-10-22,Richmond,Not Reported,53,1,2
2020-10-22,Pittsylvania-Danville,Male,1061,68,22
2020-10-22,Portsmouth,Not Reported,3,0,0
2020-10-22,Norfolk,Not Reported,3,0,0
2020-10-22,Chesapeake,Male,2183,229,44
2020-10-22,Chickahominy,Female,1139,88,29
2020-10-22,Prince William,Male,7995,660,151
2020-10-22,Eastern Shore,Not Reported,9,0,0
2020-10-22,Eastern Shore,Male,747,71,24
2020-10-22,Rappahannock Rapidan,Male,1449,112,27
2020-10-22,Henrico,Not Reported,40,0,0
2020-10-22,Cumberland Plateau,Female,697,41,7
2020-10-22,West Piedmont,Male,1206,136,41
2020-10-22,Hampton,Not Reported,7,0,0
2020-10-22,Alexandria,Not Reported,13,0,0
2020-10-22,Western Tidewater,Not Reported,5,0,2
2020-10-22,Cumberland Plateau,Not Reported,12,0,0
2020-10-22,Virginia Beach,Male,3497,204,50
2020-10-22,Alleghany,Female,1330,54,22
2020-10-22,Lenowisco,Female,702,45,5
2020-10-22,Virginia Beach,Not Reported,17,0,0
2020-10-22,Western Tidewater,Female,2133,108,66
2020-10-22,Mount Rogers,Male,1493,165,71
2020-10-22,Lord Fairfax,Female,1980,151,59
2020-10-22,Piedmont,Not Reported,5,0,0
2020-10-22,Alexandria,Male,1991,182,37
2020-10-22,Pittsylvania-Danville,Not Reported,6,0,0
2020-10-22,West Piedmont,Not Reported,14,0,0
2020-10-22,Loudoun,Female,3863,215,80
2020-10-22,Hampton,Female,1138,33,14
2020-10-22,Henrico,Female,3220,240,121
2020-10-22,Prince William,Not Reported,127,2,0
2020-10-22,Chickahominy,Male,1092,95,28
2020-10-22,Rappahannock Rapidan,Not Reported,40,0,0
2020-10-22,Peninsula,Female,2554,104,50
2020-10-22,Lenowisco,Not Reported,3,0,0
2020-10-22,Crater,Not Reported,50,3,0
2020-10-22,Chickahominy,Not Reported,30,0,0
2020-10-22,Portsmouth,Male,1305,128,31
2020-10-22,New River,Female,2051,30,14
2020-10-22,Rappahannock,Female,3157,197,35
2020-10-22,Central Virginia,Female,2407,81,26
2020-10-22,Roanoke,Not Reported,19,0,0
2020-10-22,West Piedmont,Female,1562,150,44
2020-10-22,Mount Rogers,Female,1986,135,72
2020-10-22,Piedmont,Male,1489,88,39
2020-10-22,Chesterfield,Female,3775,217,57
2020-10-22,Fairfax,Male,11218,1291,322
2020-10-22,Crater,Male,2843,136,52
2020-10-22,Central Virginia,Not Reported,46,0,0
2020-10-22,Prince William,Female,8374,512,107
2020-10-22,Virginia Beach,Female,4165,222,53
2020-10-22,Norfolk,Female,2714,203,39
2020-10-22,Three Rivers,Female,989,65,17
2020-10-22,Arlington,Male,2241,290,82
2020-10-22,Central Shenandoah,Female,3490,149,37
2020-10-22,Southside,Female,837,43,24
2020-10-23,Southside,Not Reported,10,0,0
2020-10-23,Chesapeake,Female,2625,242,35
2020-10-23,Richmond,Female,2613,224,27
2020-10-23,Roanoke,Male,1132,41,14
2020-10-23,Fairfax,Not Reported,159,1,6
2020-10-23,Thomas Jefferson,Female,2262,111,41
2020-10-23,Chesapeake,Not Reported,5,0,0
2020-10-23,Cumberland Plateau,Male,572,41,6
2020-10-23,Eastern Shore,Female,765,73,26
2020-10-23,Lord Fairfax,Not Reported,21,0,0
2020-10-23,Rappahannock,Not Reported,20,0,0
2020-10-23,Central Shenandoah,Not Reported,20,0,0
2020-10-23,Peninsula,Male,2403,114,41
2020-10-23,Norfolk,Male,2549,200,46
2020-10-23,Alexandria,Female,2164,144,38
2020-10-23,Lenowisco,Male,627,58,18
2020-10-23,Pittsylvania-Danville,Female,1335,109,36
2020-10-23,New River,Not Reported,35,0,0
2020-10-23,Chesterfield,Not Reported,153,0,1
2020-10-23,Loudoun,Male,3767,256,50
2020-10-23,Rappahannock Rapidan,Female,1495,80,27
2020-10-23,Piedmont,Female,910,62,16
2020-10-23,Richmond,Male,2551,220,39
2020-10-23,Crater,Female,2020,160,62
2020-10-23,Portsmouth,Female,1473,171,37
2020-10-23,Arlington,Not Reported,3,0,0
2020-10-23,Mount Rogers,Not Reported,12,0,1
2020-10-23,Thomas Jefferson,Not Reported,4,0,0
2020-10-23,Three Rivers,Not Reported,26,0,0
2020-10-23,Hampton,Male,931,54,18
2020-10-23,Alleghany,Male,1095,56,12
2020-10-23,Roanoke,Female,1425,52,21
2020-10-23,Loudoun,Not Reported,62,0,0
2020-10-23,Fairfax,Female,11922,960,292
2020-10-23,Western Tidewater,Male,2371,122,80
2020-10-23,Peninsula,Not Reported,19,0,0
2020-10-23,New River,Male,2071,45,14
2020-10-23,Central Shenandoah,Male,3078,143,41
2020-10-23,Southside,Male,897,47,24
2020-10-23,Chesterfield,Male,3518,231,73
2020-10-23,Arlington,Female,2229,236,71
2020-10-23,Rappahannock,Male,2761,228,51
2020-10-23,Central Virginia,Male,2080,96,33
2020-10-23,Alleghany,Not Reported,9,0,0
2020-10-23,Henrico,Male,2851,237,107
2020-10-23,Thomas Jefferson,Male,2030,112,36
2020-10-23,Lord Fairfax,Male,1794,168,69
2020-10-23,Three Rivers,Male,1179,71,20
2020-10-23,Richmond,Not Reported,54,1,2
2020-10-23,Pittsylvania-Danville,Male,1068,69,23
2020-10-23,Portsmouth,Not Reported,3,0,0
2020-10-23,Norfolk,Not Reported,3,0,0
2020-10-23,Chesapeake,Male,2193,230,43
2020-10-23,Chickahominy,Female,1143,88,29
2020-10-23,Prince William,Male,8038,659,151
2020-10-23,Eastern Shore,Not Reported,9,0,0
2020-10-23,Eastern Shore,Male,748,72,24
2020-10-23,Rappahannock Rapidan,Male,1458,113,28
2020-10-23,Henrico,Not Reported,38,0,0
2020-10-23,Cumberland Plateau,Female,709,41,7
2020-10-23,West Piedmont,Male,1220,137,41
2020-10-23,Hampton,Not Reported,7,0,0
2020-10-23,Alexandria,Not Reported,13,0,0
2020-10-23,Western Tidewater,Not Reported,5,0,2
2020-10-23,Cumberland Plateau,Not Reported,17,0,0
2020-10-23,Virginia Beach,Male,3516,206,50
2020-10-23,Alleghany,Female,1363,56,23
2020-10-23,Lenowisco,Female,713,45,5
2020-10-23,Virginia Beach,Not Reported,17,0,0
2020-10-23,Western Tidewater,Female,2150,111,66
2020-10-23,Mount Rogers,Male,1516,165,71
2020-10-23,Lord Fairfax,Female,1994,151,59
2020-10-23,Piedmont,Not Reported,5,0,0
2020-10-23,Alexandria,Male,2002,182,37
2020-10-23,Pittsylvania-Danville,Not Reported,6,0,0
2020-10-23,West Piedmont,Not Reported,14,0,0
2020-10-23,Loudoun,Female,3875,215,80
2020-10-23,Hampton,Female,1141,33,14
2020-10-23,Henrico,Female,3247,241,122
2020-10-23,Prince William,Not Reported,126,2,0
2020-10-23,Chickahominy,Male,1102,95,28
2020-10-23,Rappahannock Rapidan,Not Reported,40,0,0
2020-10-23,Peninsula,Female,2563,104,50
2020-10-23,Lenowisco,Not Reported,3,0,0
2020-10-23,Crater,Not Reported,51,3,0
2020-10-23,Chickahominy,Not Reported,30,0,0
2020-10-23,Portsmouth,Male,1317,130,32
2020-10-23,New River,Female,2074,31,13
2020-10-23,Rappahannock,Female,3176,198,35
2020-10-23,Central Virginia,Female,2432,81,26
2020-10-23,Roanoke,Not Reported,21,0,0
2020-10-23,West Piedmont,Female,1576,151,45
2020-10-23,Mount Rogers,Female,2018,136,72
2020-10-23,Piedmont,Male,1498,88,39
2020-10-23,Chesterfield,Female,3790,220,58
2020-10-23,Fairfax,Male,11286,1294,323
2020-10-23,Crater,Male,2852,136,52
2020-10-23,Central Virginia,Not Reported,48,0,0
2020-10-23,Prince William,Female,8418,512,107
2020-10-23,Virginia Beach,Female,4189,222,53
2020-10-23,Norfolk,Female,2730,205,39
2020-10-23,Three Rivers,Female,999,65,18
2020-10-23,Arlington,Male,2256,295,82
2020-10-23,Central Shenandoah,Female,3509,149,37
2020-10-23,Southside,Female,842,43,24
2020-10-24,Southside,Not Reported,10,0,0
2020-10-24,Chesapeake,Female,2632,242,35
2020-10-24,Richmond,Female,2623,223,26
2020-10-24,Roanoke,Male,1146,42,16
2020-10-24,Fairfax,Not Reported,159,1,6
2020-10-24,Thomas Jefferson,Female,2281,117,41
2020-10-24,Chesapeake,Not Reported,5,0,0
2020-10-24,Cumberland Plateau,Male,580,41,6
2020-10-24,Eastern Shore,Female,766,73,26
2020-10-24,Lord Fairfax,Not Reported,22,0,0
2020-10-24,Rappahannock,Not Reported,20,0,0
2020-10-24,Central Shenandoah,Not Reported,22,0,0
2020-10-24,Peninsula,Male,2417,116,41
2020-10-24,Norfolk,Male,2564,200,46
2020-10-24,Alexandria,Female,2179,142,37
2020-10-24,Lenowisco,Male,650,59,19
2020-10-24,Pittsylvania-Danville,Female,1343,113,36
2020-10-24,New River,Not Reported,35,0,0
2020-10-24,Chesterfield,Not Reported,151,0,1
2020-10-24,Loudoun,Male,3780,259,50
2020-10-24,Rappahannock Rapidan,Female,1502,80,27
2020-10-24,Piedmont,Female,928,62,17
2020-10-24,Richmond,Male,2558,225,48
2020-10-24,Crater,Female,2031,161,62
2020-10-24,Portsmouth,Female,1476,172,37
2020-10-24,Arlington,Not Reported,3,0,0
2020-10-24,Mount Rogers,Not Reported,13,0,1
2020-10-24,Thomas Jefferson,Not Reported,4,0,0
2020-10-24,Three Rivers,Not Reported,26,0,0
2020-10-24,Hampton,Male,940,55,19
2020-10-24,Alleghany,Male,1110,56,12
2020-10-24,Roanoke,Female,1457,52,21
2020-10-24,Loudoun,Not Reported,62,0,0
2020-10-24,Fairfax,Female,11977,963,292
2020-10-24,Western Tidewater,Male,2378,122,84
2020-10-24,Peninsula,Not Reported,19,0,0
2020-10-24,New River,Male,2095,45,14
2020-10-24,Central Shenandoah,Male,3104,143,45
2020-10-24,Southside,Male,905,47,24
2020-10-24,Chesterfield,Male,3556,233,74
2020-10-24,Arlington,Female,2235,238,71
2020-10-24,Rappahannock,Male,2771,228,51
2020-10-24,Central Virginia,Male,2096,96,34
2020-10-24,Alleghany,Not Reported,11,0,0
2020-10-24,Henrico,Male,2870,237,107
2020-10-24,Thomas Jefferson,Male,2055,113,36
2020-10-24,Lord Fairfax,Male,1805,169,70
2020-10-24,Three Rivers,Male,1182,71,20
2020-10-24,Richmond,Not Reported,54,1,2
2020-10-24,Pittsylvania-Danville,Male,1074,71,23
2020-10-24,Portsmouth,Not Reported,3,0,0
2020-10-24,Norfolk,Not Reported,3,0,0
2020-10-24,Chesapeake,Male,2196,232,43
2020-10-24,Chickahominy,Female,1152,89,29
2020-10-24,Prince William,Male,8058,659,151
2020-10-24,Eastern Shore,Not Reported,9,0,0
2020-10-24,Eastern Shore,Male,748,72,24
2020-10-24,Rappahannock Rapidan,Male,1459,113,28
2020-10-24,Henrico,Not Reported,36,0,0
2020-10-24,Cumberland Plateau,Female,719,42,7
2020-10-24,West Piedmont,Male,1235,138,42
2020-10-24,Hampton,Not Reported,7,0,0
2020-10-24,Alexandria,Not Reported,13,0,0
2020-10-24,Western Tidewater,Not Reported,5,0,2
2020-10-24,Cumberland Plateau,Not Reported,17,0,0
2020-10-24,Virginia Beach,Male,3533,208,50
2020-10-24,Alleghany,Female,1393,58,24
2020-10-24,Lenowisco,Female,740,45,5
2020-10-24,Virginia Beach,Not Reported,17,0,0
2020-10-24,Western Tidewater,Female,2156,111,68
2020-10-24,Mount Rogers,Male,1554,165,71
2020-10-24,Lord Fairfax,Female,2006,151,60
2020-10-24,Piedmont,Not Reported,5,0,0
2020-10-24,Alexandria,Male,2008,181,37
2020-10-24,Pittsylvania-Danville,Not Reported,5,0,0
2020-10-24,West Piedmont,Not Reported,14,0,0
2020-10-24,Loudoun,Female,3888,216,80
2020-10-24,Hampton,Female,1143,33,13
2020-10-24,Henrico,Female,3269,242,125
2020-10-24,Prince William,Not Reported,126,2,0
2020-10-24,Chickahominy,Male,1113,95,28
2020-10-24,Rappahannock Rapidan,Not Reported,41,0,0
2020-10-24,Peninsula,Female,2584,104,51
2020-10-24,Lenowisco,Not Reported,3,0,0
2020-10-24,Crater,Not Reported,52,3,0
2020-10-24,Chickahominy,Not Reported,30,0,0
2020-10-24,Portsmouth,Male,1319,134,32
2020-10-24,New River,Female,2116,31,13
2020-10-24,Rappahannock,Female,3186,199,37
2020-10-24,Central Virginia,Female,2451,81,26
2020-10-24,Roanoke,Not Reported,21,0,0
2020-10-24,West Piedmont,Female,1603,152,45
2020-10-24,Mount Rogers,Female,2035,136,74
2020-10-24,Piedmont,Male,1506,89,39
2020-10-24,Chesterfield,Female,3831,222,58
2020-10-24,Fairfax,Male,11327,1296,323
2020-10-24,Crater,Male,2860,136,53
2020-10-24,Central Virginia,Not Reported,49,0,0
2020-10-24,Prince William,Female,8431,513,107
2020-10-24,Virginia Beach,Female,4208,223,54
2020-10-24,Norfolk,Female,2739,206,39
2020-10-24,Three Rivers,Female,1007,65,19
2020-10-24,Arlington,Male,2270,295,83
2020-10-24,Central Shenandoah,Female,3537,150,37
2020-10-24,Southside,Female,854,43,24
2020-10-25,Southside,Not Reported,10,0,0
2020-10-25,Chesapeake,Female,2647,245,35
2020-10-25,Richmond,Female,2636,223,26
2020-10-25,Roanoke,Male,1156,43,16
2020-10-25,Fairfax,Not Reported,162,1,6
2020-10-25,Thomas Jefferson,Female,2304,117,41
2020-10-25,Chesapeake,Not Reported,5,0,0
2020-10-25,Cumberland Plateau,Male,589,41,6
2020-10-25,Eastern Shore,Female,766,73,26
2020-10-25,Lord Fairfax,Not Reported,22,0,0
2020-10-25,Rappahannock,Not Reported,21,0,0
2020-10-25,Central Shenandoah,Not Reported,22,0,0
2020-10-25,Peninsula,Male,2433,116,41
2020-10-25,Norfolk,Male,2577,200,46
2020-10-25,Alexandria,Female,2187,143,37
2020-10-25,Lenowisco,Male,669,59,19
2020-10-25,Pittsylvania-Danville,Female,1355,114,36
2020-10-25,New River,Not Reported,36,0,0
2020-10-25,Chesterfield,Not Reported,151,0,1
2020-10-25,Loudoun,Male,3782,259,50
2020-10-25,Rappahannock Rapidan,Female,1506,80,27
2020-10-25,Piedmont,Female,930,62,17
2020-10-25,Richmond,Male,2571,225,48
2020-10-25,Crater,Female,2031,161,62
2020-10-25,Portsmouth,Female,1481,172,37
2020-10-25,Arlington,Not Reported,3,0,0
2020-10-25,Mount Rogers,Not Reported,14,0,1
2020-10-25,Thomas Jefferson,Not Reported,4,0,0
2020-10-25,Three Rivers,Not Reported,26,0,0
2020-10-25,Hampton,Male,943,55,19
2020-10-25,Alleghany,Male,1131,56,12
2020-10-25,Roanoke,Female,1470,53,21
2020-10-25,Loudoun,Not Reported,62,0,0
2020-10-25,Fairfax,Female,12032,969,292
2020-10-25,Western Tidewater,Male,2381,122,84
2020-10-25,Peninsula,Not Reported,19,0,0
2020-10-25,New River,Male,2124,45,14
2020-10-25,Central Shenandoah,Male,3110,144,45
2020-10-25,Southside,Male,908,47,24
2020-10-25,Chesterfield,Male,3578,233,74
2020-10-25,Arlington,Female,2247,238,71
2020-10-25,Rappahannock,Male,2783,228,51
2020-10-25,Central Virginia,Male,2130,96,34
2020-10-25,Alleghany,Not Reported,11,0,0
2020-10-25,Henrico,Male,2900,237,107
2020-10-25,Thomas Jefferson,Male,2068,113,36
2020-10-25,Lord Fairfax,Male,1815,169,70
2020-10-25,Three Rivers,Male,1186,71,20
2020-10-25,Richmond,Not Reported,54,1,2
2020-10-25,Pittsylvania-Danville,Male,1080,71,23
2020-10-25,Portsmouth,Not Reported,3,0,0
2020-10-25,Norfolk,Not Reported,3,0,0
2020-10-25,Chesapeake,Male,2207,232,43
2020-10-25,Chickahominy,Female,1161,92,29
2020-10-25,Prince William,Male,8076,659,151
2020-10-25,Eastern Shore,Not Reported,9,0,0
2020-10-25,Eastern Shore,Male,751,72,24
2020-10-25,Rappahannock Rapidan,Male,1464,113,28
2020-10-25,Henrico,Not Reported,37,0,0
2020-10-25,Cumberland Plateau,Female,729,42,7
2020-10-25,West Piedmont,Male,1247,138,42
2020-10-25,Hampton,Not Reported,7,0,0
2020-10-25,Alexandria,Not Reported,13,0,0
2020-10-25,Western Tidewater,Not Reported,5,0,2
2020-10-25,Cumberland Plateau,Not Reported,23,0,0
2020-10-25,Virginia Beach,Male,3554,208,50
2020-10-25,Alleghany,Female,1424,58,24
2020-10-25,Lenowisco,Female,762,45,5
2020-10-25,Virginia Beach,Not Reported,17,0,0
2020-10-25,Western Tidewater,Female,2160,111,68
2020-10-25,Mount Rogers,Male,1580,168,71
2020-10-25,Lord Fairfax,Female,2014,151,60
2020-10-25,Piedmont,Not Reported,5,0,0
2020-10-25,Alexandria,Male,2016,181,37
2020-10-25,Pittsylvania-Danville,Not Reported,5,0,0
2020-10-25,West Piedmont,Not Reported,14,0,0
2020-10-25,Loudoun,Female,3892,216,80
2020-10-25,Hampton,Female,1150,33,13
2020-10-25,Henrico,Female,3292,242,125
2020-10-25,Prince William,Not Reported,130,2,0
2020-10-25,Chickahominy,Male,1121,97,28
2020-10-25,Rappahannock Rapidan,Not Reported,41,0,0
2020-10-25,Peninsula,Female,2605,104,51
2020-10-25,Lenowisco,Not Reported,4,0,0
2020-10-25,Crater,Not Reported,52,3,0
2020-10-25,Chickahominy,Not Reported,30,0,0
2020-10-25,Portsmouth,Male,1326,134,32
2020-10-25,New River,Female,2130,31,13
2020-10-25,Rappahannock,Female,3195,201,37
2020-10-25,Central Virginia,Female,2489,81,26
2020-10-25,Roanoke,Not Reported,21,0,0
2020-10-25,West Piedmont,Female,1620,152,45
2020-10-25,Mount Rogers,Female,2050,139,75
2020-10-25,Piedmont,Male,1508,90,39
2020-10-25,Chesterfield,Female,3860,222,58
2020-10-25,Fairfax,Male,11390,1302,323
2020-10-25,Crater,Male,2860,136,53
2020-10-25,Central Virginia,Not Reported,49,0,0
2020-10-25,Prince William,Female,8452,513,107
2020-10-25,Virginia Beach,Female,4231,223,54
2020-10-25,Norfolk,Female,2750,207,39
2020-10-25,Three Rivers,Female,1014,65,19
2020-10-25,Arlington,Male,2287,295,83
2020-10-25,Central Shenandoah,Female,3545,150,37
2020-10-25,Southside,Female,863,43,24
2020-10-26,Southside,Not Reported,10,0,0
2020-10-26,Chesapeake,Female,2658,246,35
2020-10-26,Richmond,Female,2649,223,26
2020-10-26,Roanoke,Male,1172,43,16
2020-10-26,Fairfax,Not Reported,162,1,6
2020-10-26,Thomas Jefferson,Female,2310,117,41
2020-10-26,Chesapeake,Not Reported,5,0,0
2020-10-26,Cumberland Plateau,Male,604,43,6
2020-10-26,Eastern Shore,Female,766,73,26
2020-10-26,Lord Fairfax,Not Reported,22,0,0
2020-10-26,Rappahannock,Not Reported,21,0,0
2020-10-26,Central Shenandoah,Not Reported,22,0,0
2020-10-26,Peninsula,Male,2433,116,41
2020-10-26,Norfolk,Male,2579,200,46
2020-10-26,Alexandria,Female,2193,143,37
2020-10-26,Lenowisco,Male,697,61,20
2020-10-26,Pittsylvania-Danville,Female,1361,115,36
2020-10-26,New River,Not Reported,37,0,0
2020-10-26,Chesterfield,Not Reported,151,0,1
2020-10-26,Loudoun,Male,3806,259,50
2020-10-26,Rappahannock Rapidan,Female,1515,80,27
2020-10-26,Piedmont,Female,931,62,17
2020-10-26,Richmond,Male,2582,225,48
2020-10-26,Crater,Female,2050,161,62
2020-10-26,Portsmouth,Female,1485,172,37
2020-10-26,Arlington,Not Reported,3,0,0
2020-10-26,Mount Rogers,Not Reported,14,0,1
2020-10-26,Thomas Jefferson,Not Reported,4,0,0
2020-10-26,Three Rivers,Not Reported,27,0,0
2020-10-26,Hampton,Male,945,55,19
2020-10-26,Alleghany,Male,1140,56,12
2020-10-26,Roanoke,Female,1502,53,21
2020-10-26,Loudoun,Not Reported,63,0,0
2020-10-26,Fairfax,Female,12088,970,292
2020-10-26,Western Tidewater,Male,2381,122,84
2020-10-26,Peninsula,Not Reported,19,0,0
2020-10-26,New River,Male,2138,45,14
2020-10-26,Central Shenandoah,Male,3126,145,45
2020-10-26,Southside,Male,913,47,24
2020-10-26,Chesterfield,Male,3597,233,74
2020-10-26,Arlington,Female,2261,238,71
2020-10-26,Rappahannock,Male,2791,228,51
2020-10-26,Central Virginia,Male,2143,98,35
2020-10-26,Alleghany,Not Reported,12,0,0
2020-10-26,Henrico,Male,2904,237,107
2020-10-26,Thomas Jefferson,Male,2076,113,36
2020-10-26,Lord Fairfax,Male,1829,169,70
2020-10-26,Three Rivers,Male,1188,71,20
2020-10-26,Richmond,Not Reported,54,1,2
2020-10-26,Pittsylvania-Danville,Male,1082,71,23
2020-10-26,Portsmouth,Not Reported,3,0,0
2020-10-26,Norfolk,Not Reported,3,0,0
2020-10-26,Chesapeake,Male,2217,232,43
2020-10-26,Chickahominy,Female,1166,92,29
2020-10-26,Prince William,Male,8095,660,151
2020-10-26,Eastern Shore,Not Reported,9,0,0
2020-10-26,Eastern Shore,Male,754,72,24
2020-10-26,Rappahannock Rapidan,Male,1495,113,28
2020-10-26,Henrico,Not Reported,38,0,0
2020-10-26,Cumberland Plateau,Female,742,43,7
2020-10-26,West Piedmont,Male,1258,138,42
2020-10-26,Hampton,Not Reported,7,0,0
2020-10-26,Alexandria,Not Reported,13,0,0
2020-10-26,Western Tidewater,Not Reported,5,0,2
2020-10-26,Cumberland Plateau,Not Reported,20,0,0
2020-10-26,Virginia Beach,Male,3571,208,50
2020-10-26,Alleghany,Female,1430,59,24
2020-10-26,Lenowisco,Female,780,46,5
2020-10-26,Virginia Beach,Not Reported,17,0,0
2020-10-26,Western Tidewater,Female,2165,111,68
2020-10-26,Mount Rogers,Male,1599,170,71
2020-10-26,Lord Fairfax,Female,2035,152,60
2020-10-26,Piedmont,Not Reported,5,0,0
2020-10-26,Alexandria,Male,2024,182,37
2020-10-26,Pittsylvania-Danville,Not Reported,5,0,0
2020-10-26,West Piedmont,Not Reported,14,0,0
2020-10-26,Loudoun,Female,3915,216,80
2020-10-26,Hampton,Female,1150,33,13
2020-10-26,Henrico,Female,3307,242,125
2020-10-26,Prince William,Not Reported,130,2,0
2020-10-26,Chickahominy,Male,1128,98,28
2020-10-26,Rappahannock Rapidan,Not Reported,49,0,0
2020-10-26,Peninsula,Female,2612,104,51
2020-10-26,Lenowisco,Not Reported,6,0,0
2020-10-26,Crater,Not Reported,52,4,0
2020-10-26,Chickahominy,Not Reported,30,0,0
2020-10-26,Portsmouth,Male,1331,134,32
2020-10-26,New River,Female,2153,31,13
2020-10-26,Rappahannock,Female,3205,201,37
2020-10-26,Central Virginia,Female,2497,82,26
2020-10-26,Roanoke,Not Reported,21,0,0
2020-10-26,West Piedmont,Female,1639,152,45
2020-10-26,Mount Rogers,Female,2069,141,75
2020-10-26,Piedmont,Male,1509,90,39
2020-10-26,Chesterfield,Female,3895,222,58
2020-10-26,Fairfax,Male,11445,1303,323
2020-10-26,Crater,Male,2879,136,53
2020-10-26,Central Virginia,Not Reported,50,0,0
2020-10-26,Prince William,Female,8464,515,107
2020-10-26,Virginia Beach,Female,4245,223,54
2020-10-26,Norfolk,Female,2749,207,39
2020-10-26,Three Rivers,Female,1017,65,19
2020-10-26,Arlington,Male,2298,295,83
2020-10-26,Central Shenandoah,Female,3562,151,37
2020-10-26,Southside,Female,877,43,24
2020-10-27,Southside,Not Reported,10,0,0
2020-10-27,Chesapeake,Female,2673,246,36
2020-10-27,Richmond,Female,2667,224,27
2020-10-27,Roanoke,Male,1188,44,16
2020-10-27,Fairfax,Not Reported,161,1,6
2020-10-27,Thomas Jefferson,Female,2315,117,41
2020-10-27,Chesapeake,Not Reported,5,0,0
2020-10-27,Cumberland Plateau,Male,616,44,6
2020-10-27,Eastern Shore,Female,766,73,26
2020-10-27,Lord Fairfax,Not Reported,22,0,0
2020-10-27,Rappahannock,Not Reported,20,0,0
2020-10-27,Central Shenandoah,Not Reported,21,0,0
2020-10-27,Peninsula,Male,2439,116,41
2020-10-27,Norfolk,Male,2605,200,45
2020-10-27,Alexandria,Female,2201,143,37
2020-10-27,Lenowisco,Male,714,61,21
2020-10-27,Pittsylvania-Danville,Female,1372,116,36
2020-10-27,New River,Not Reported,37,0,0
2020-10-27,Chesterfield,Not Reported,151,0,3
2020-10-27,Loudoun,Male,3821,259,50
2020-10-27,Rappahannock Rapidan,Female,1517,80,27
2020-10-27,Piedmont,Female,941,62,17
2020-10-27,Richmond,Male,2599,225,48
2020-10-27,Crater,Female,2075,162,63
2020-10-27,Portsmouth,Female,1488,172,37
2020-10-27,Arlington,Not Reported,3,0,0
2020-10-27,Mount Rogers,Not Reported,15,0,1
2020-10-27,Thomas Jefferson,Not Reported,4,0,0
2020-10-27,Three Rivers,Not Reported,27,0,0
2020-10-27,Hampton,Male,948,55,19
2020-10-27,Alleghany,Male,1168,56,13
2020-10-27,Roanoke,Female,1522,53,23
2020-10-27,Loudoun,Not Reported,63,0,0
2020-10-27,Fairfax,Female,12125,975,290
2020-10-27,Western Tidewater,Male,2389,123,85
2020-10-27,Peninsula,Not Reported,19,0,0
2020-10-27,New River,Male,2149,45,14
2020-10-27,Central Shenandoah,Male,3154,146,45
2020-10-27,Southside,Male,917,47,24
2020-10-27,Chesterfield,Male,3608,236,75
2020-10-27,Arlington,Female,2272,238,71
2020-10-27,Rappahannock,Male,2811,228,51
2020-10-27,Central Virginia,Male,2164,103,36
2020-10-27,Alleghany,Not Reported,12,0,0
2020-10-27,Henrico,Male,2930,240,107
2020-10-27,Thomas Jefferson,Male,2088,115,36
2020-10-27,Lord Fairfax,Male,1845,170,70
2020-10-27,Three Rivers,Male,1192,71,20
2020-10-27,Richmond,Not Reported,54,1,2
2020-10-27,Pittsylvania-Danville,Male,1089,73,23
2020-10-27,Portsmouth,Not Reported,3,0,0
2020-10-27,Norfolk,Not Reported,3,0,0
2020-10-27,Chesapeake,Male,2227,233,43
2020-10-27,Chickahominy,Female,1171,93,30
2020-10-27,Prince William,Male,8177,662,151
2020-10-27,Eastern Shore,Not Reported,9,0,0
2020-10-27,Eastern Shore,Male,755,72,24
2020-10-27,Rappahannock Rapidan,Male,1494,112,28
2020-10-27,Henrico,Not Reported,38,0,0
2020-10-27,Cumberland Plateau,Female,756,44,7
2020-10-27,West Piedmont,Male,1271,139,43
2020-10-27,Hampton,Not Reported,7,0,0
2020-10-27,Alexandria,Not Reported,13,0,0
2020-10-27,Western Tidewater,Not Reported,5,0,2
2020-10-27,Cumberland Plateau,Not Reported,20,0,0
2020-10-27,Virginia Beach,Male,3592,208,51
2020-10-27,Alleghany,Female,1467,59,24
2020-10-27,Lenowisco,Female,794,46,5
2020-10-27,Virginia Beach,Not Reported,17,0,0
2020-10-27,Western Tidewater,Female,2176,112,68
2020-10-27,Mount Rogers,Male,1616,170,72
2020-10-27,Lord Fairfax,Female,2049,152,60
2020-10-27,Piedmont,Not Reported,6,0,0
2020-10-27,Alexandria,Male,2034,182,37
2020-10-27,Pittsylvania-Danville,Not Reported,7,0,0
2020-10-27,West Piedmont,Not Reported,17,0,0
2020-10-27,Loudoun,Female,3933,219,80
2020-10-27,Hampton,Female,1154,33,13
2020-10-27,Henrico,Female,3326,242,125
2020-10-27,Prince William,Not Reported,131,2,0
2020-10-27,Chickahominy,Male,1139,99,28
2020-10-27,Rappahannock Rapidan,Not Reported,49,0,0
2020-10-27,Peninsula,Female,2627,104,51
2020-10-27,Lenowisco,Not Reported,7,0,0
2020-10-27,Crater,Not Reported,53,5,0
2020-10-27,Chickahominy,Not Reported,28,0,0
2020-10-27,Portsmouth,Male,1333,135,32
2020-10-27,New River,Female,2169,32,13
2020-10-27,Rappahannock,Female,3222,201,37
2020-10-27,Central Virginia,Female,2519,88,28
2020-10-27,Roanoke,Not Reported,20,0,0
2020-10-27,West Piedmont,Female,1651,153,45
2020-10-27,Mount Rogers,Female,2082,141,76
2020-10-27,Piedmont,Male,1528,90,39
2020-10-27,Chesterfield,Female,3917,222,59
2020-10-27,Fairfax,Male,11483,1309,324
2020-10-27,Crater,Male,2889,136,54
2020-10-27,Central Virginia,Not Reported,58,1,0
2020-10-27,Prince William,Female,8541,516,107
2020-10-27,Virginia Beach,Female,4272,224,54
2020-10-27,Norfolk,Female,2761,207,39
2020-10-27,Three Rivers,Female,1017,65,18
2020-10-27,Arlington,Male,2311,298,83
2020-10-27,Central Shenandoah,Female,3593,151,38
2020-10-27,Southside,Female,880,43,24
2020-10-28,Southside,Not Reported,11,0,0
2020-10-28,Chesapeake,Female,2680,246,36
2020-10-28,Richmond,Female,2688,225,27
2020-10-28,Roanoke,Male,1213,44,16
2020-10-28,Fairfax,Not Reported,161,1,6
2020-10-28,Thomas Jefferson,Female,2332,117,41
2020-10-28,Chesapeake,Not Reported,5,0,0
2020-10-28,Cumberland Plateau,Male,629,44,6
2020-10-28,Eastern Shore,Female,768,73,26
2020-10-28,Lord Fairfax,Not Reported,21,0,0
2020-10-28,Rappahannock,Not Reported,20,0,0
2020-10-28,Central Shenandoah,Not Reported,21,0,0
2020-10-28,Peninsula,Male,2452,117,41
2020-10-28,Norfolk,Male,2616,200,45
2020-10-28,Alexandria,Female,2212,143,37
2020-10-28,Lenowisco,Male,740,62,21
2020-10-28,Pittsylvania-Danville,Female,1393,118,37
2020-10-28,New River,Not Reported,37,0,0
2020-10-28,Chesterfield,Not Reported,142,0,7
2020-10-28,Loudoun,Male,3850,260,50
2020-10-28,Rappahannock Rapidan,Female,1528,80,27
2020-10-28,Piedmont,Female,951,63,17
2020-10-28,Richmond,Male,2609,226,48
2020-10-28,Crater,Female,2083,162,63
2020-10-28,Portsmouth,Female,1498,175,38
2020-10-28,Arlington,Not Reported,4,0,0
2020-10-28,Mount Rogers,Not Reported,15,0,1
2020-10-28,Thomas Jefferson,Not Reported,4,0,0
2020-10-28,Three Rivers,Not Reported,26,0,0
2020-10-28,Hampton,Male,958,55,19
2020-10-28,Alleghany,Male,1186,56,13
2020-10-28,Roanoke,Female,1538,53,23
2020-10-28,Loudoun,Not Reported,63,0,0
2020-10-28,Fairfax,Female,12182,981,290
2020-10-28,Western Tidewater,Male,2401,123,85
2020-10-28,Peninsula,Not Reported,19,0,0
2020-10-28,New River,Male,2172,45,14
2020-10-28,Central Shenandoah,Male,3178,148,45
2020-10-28,Southside,Male,924,47,24
2020-10-28,Chesterfield,Male,3630,236,75
2020-10-28,Arlington,Female,2296,239,71
2020-10-28,Rappahannock,Male,2837,228,52
2020-10-28,Central Virginia,Male,2200,104,36
2020-10-28,Alleghany,Not Reported,12,0,0
2020-10-28,Henrico,Male,2960,240,107
2020-10-28,Thomas Jefferson,Male,2102,115,36
2020-10-28,Lord Fairfax,Male,1873,172,70
2020-10-28,Three Rivers,Male,1196,72,20
2020-10-28,Richmond,Not Reported,58,1,2
2020-10-28,Pittsylvania-Danville,Male,1108,76,23
2020-10-28,Portsmouth,Not Reported,3,0,0
2020-10-28,Norfolk,Not Reported,3,0,0
2020-10-28,Chesapeake,Male,2236,233,43
2020-10-28,Chickahominy,Female,1184,95,31
2020-10-28,Prince William,Male,8215,664,151
2020-10-28,Eastern Shore,Not Reported,9,0,0
2020-10-28,Eastern Shore,Male,756,73,24
2020-10-28,Rappahannock Rapidan,Male,1501,112,28
2020-10-28,Henrico,Not Reported,39,0,0
2020-10-28,Cumberland Plateau,Female,769,45,7
2020-10-28,West Piedmont,Male,1282,139,43
2020-10-28,Hampton,Not Reported,7,0,0
2020-10-28,Alexandria,Not Reported,13,0,0
2020-10-28,Western Tidewater,Not Reported,5,0,2
2020-10-28,Cumberland Plateau,Not Reported,12,0,0
2020-10-28,Virginia Beach,Male,3610,207,51
2020-10-28,Alleghany,Female,1479,59,24
2020-10-28,Lenowisco,Female,830,47,5
2020-10-28,Virginia Beach,Not Reported,17,0,0
2020-10-28,Western Tidewater,Female,2185,112,68
2020-10-28,Mount Rogers,Male,1637,172,72
2020-10-28,Lord Fairfax,Female,2072,154,61
2020-10-28,Piedmont,Not Reported,5,0,0
2020-10-28,Alexandria,Male,2044,182,37
2020-10-28,Pittsylvania-Danville,Not Reported,7,0,0
2020-10-28,West Piedmont,Not Reported,17,1,0
2020-10-28,Loudoun,Female,3963,219,80
2020-10-28,Hampton,Female,1160,34,13
2020-10-28,Henrico,Female,3343,243,125
2020-10-28,Prince William,Not Reported,131,2,0
2020-10-28,Chickahominy,Male,1152,101,28
2020-10-28,Rappahannock Rapidan,Not Reported,51,0,0
2020-10-28,Peninsula,Female,2645,104,51
2020-10-28,Lenowisco,Not Reported,7,0,0
2020-10-28,Crater,Not Reported,55,5,0
2020-10-28,Chickahominy,Not Reported,26,0,0
2020-10-28,Portsmouth,Male,1337,136,32
2020-10-28,New River,Female,2195,32,13
2020-10-28,Rappahannock,Female,3251,201,40
2020-10-28,Central Virginia,Female,2560,90,28
2020-10-28,Roanoke,Not Reported,20,0,0
2020-10-28,West Piedmont,Female,1676,154,45
2020-10-28,Mount Rogers,Female,2095,141,76
2020-10-28,Piedmont,Male,1533,92,39
2020-10-28,Chesterfield,Female,3960,225,62
2020-10-28,Fairfax,Male,11539,1311,324
2020-10-28,Crater,Male,2896,137,54
2020-10-28,Central Virginia,Not Reported,92,1,0
2020-10-28,Prince William,Female,8582,519,107
2020-10-28,Virginia Beach,Female,4299,225,55
2020-10-28,Norfolk,Female,2776,210,39
2020-05-18,Lenowisco,Female,20,7,1
2020-05-18,Lenowisco,Male,22,8,3
2020-05-18,Lenowisco,Not Reported,0,0,0
2020-05-18,Lord Fairfax,Female,488,42,19
2020-05-18,Lord Fairfax,Male,401,38,15
2020-05-18,Lord Fairfax,Not Reported,9,0,0
2020-05-18,Loudoun,Female,751,62,27
2020-05-18,Loudoun,Male,732,77,21
2020-05-18,Loudoun,Not Reported,3,0,0
2020-05-18,Mount Rogers,Female,119,6,0
2020-05-18,Mount Rogers,Male,115,11,4
2020-05-18,Mount Rogers,Not Reported,1,0,0
2020-05-18,New River,Female,47,4,0
2020-05-18,New River,Male,40,8,1
2020-05-18,New River,Not Reported,1,0,0
2020-05-18,Norfolk,Female,177,28,1
2020-05-18,Norfolk,Male,184,28,4
2020-05-18,Norfolk,Not Reported,0,0,0
2020-05-18,Peninsula,Female,261,52,19
2020-05-18,Peninsula,Male,242,60,12
2020-05-18,Peninsula,Not Reported,3,0,0
2020-05-18,Piedmont,Female,113,12,1
2020-05-18,Piedmont,Male,463,26,4
2020-05-18,Piedmont,Not Reported,0,0,0
2020-05-18,Pittsylvania-Danville,Female,41,14,1
2020-05-18,Pittsylvania-Danville,Male,27,9,1
2020-05-18,Pittsylvania-Danville,Not Reported,0,0,0
2020-05-18,Portsmouth,Female,106,21,4
2020-05-18,Portsmouth,Male,120,18,6
2020-05-18,Portsmouth,Not Reported,2,0,0
2020-05-18,Prince William,Female,2226,201,43
2020-05-18,Prince William,Male,2328,225,35
2020-05-18,Prince William,Not Reported,31,1,0
2020-05-18,Rappahannock,Female,507,51,4
2020-05-18,Rappahannock,Male,478,73,10
2020-05-18,Rappahannock,Not Reported,4,0,0
2020-05-18,Rappahannock Rapidan,Female,322,21,4
2020-05-18,Rappahannock Rapidan,Male,375,35,7
2020-05-18,Rappahannock Rapidan,Not Reported,10,0,0
2020-05-18,Richmond,Female,368,47,4
2020-05-18,Richmond,Male,401,67,12
2020-05-18,Richmond,Not Reported,10,1,2
2020-05-18,Roanoke,Female,76,3,6
2020-05-18,Roanoke,Male,52,4,2
2020-05-18,Roanoke,Not Reported,0,0,0
2020-10-28,Three Rivers,Female,1029,65,18
2020-10-28,Arlington,Male,2330,299,83
2020-10-28,Central Shenandoah,Female,3622,153,38
2020-10-28,Southside,Female,890,43,24
2020-10-29,Southside,Not Reported,12,0,0
2020-10-29,Chesapeake,Female,2691,246,36
2020-10-29,Richmond,Female,2694,225,27
2020-10-29,Roanoke,Male,1231,45,18
2020-10-29,Fairfax,Not Reported,163,1,6
2020-10-29,Thomas Jefferson,Female,2343,118,41
2020-10-29,Chesapeake,Not Reported,5,0,0
2020-10-29,Cumberland Plateau,Male,639,45,6
2020-10-29,Eastern Shore,Female,769,73,26
2020-10-29,Lord Fairfax,Not Reported,21,0,0
2020-10-29,Rappahannock,Not Reported,22,0,0
2020-10-29,Central Shenandoah,Not Reported,21,0,0
2020-10-29,Peninsula,Male,2469,118,41
2020-10-29,Norfolk,Male,2628,201,45
2020-10-29,Alexandria,Female,2220,142,37
2020-10-29,Lenowisco,Male,761,62,21
2020-10-29,Pittsylvania-Danville,Female,1408,119,37
2020-10-29,New River,Not Reported,39,0,0
2020-10-29,Chesterfield,Not Reported,135,0,4
2020-10-29,Loudoun,Male,3867,260,50
2020-10-29,Rappahannock Rapidan,Female,1541,81,27
2020-10-29,Piedmont,Female,963,67,17
2020-10-29,Richmond,Male,2616,227,48
2020-10-29,Crater,Female,2102,162,63
2020-10-29,Portsmouth,Female,1504,179,37
2020-10-29,Arlington,Not Reported,4,0,0
2020-10-29,Mount Rogers,Not Reported,15,0,1
2020-10-29,Thomas Jefferson,Not Reported,5,0,0
2020-10-29,Three Rivers,Not Reported,26,0,0
2020-10-29,Hampton,Male,967,56,19
2020-10-29,Alleghany,Male,1208,56,13
2020-10-29,Roanoke,Female,1559,53,23
2020-05-18,Southside,Female,141,17,9
2020-05-18,Southside,Male,72,17,8
2020-05-18,Southside,Not Reported,3,0,0
2020-05-18,Thomas Jefferson,Female,211,36,5
2020-05-18,Thomas Jefferson,Male,172,30,8
2020-05-18,Thomas Jefferson,Not Reported,1,0,0
2020-05-18,Three Rivers,Female,116,17,5
2020-05-18,Three Rivers,Male,311,13,1
2020-05-18,Three Rivers,Not Reported,1,0,0
2020-05-18,Virginia Beach,Female,310,38,7
2020-05-18,Virginia Beach,Male,245,48,12
2020-05-18,Virginia Beach,Not Reported,2,0,0
2020-05-18,West Piedmont,Female,50,5,1
2020-05-18,West Piedmont,Male,38,8,2
2020-05-18,West Piedmont,Not Reported,1,0,0
2020-05-18,Western Tidewater,Female,271,17,10
2020-05-18,Western Tidewater,Male,283,40,18
2020-05-18,Western Tidewater,Not Reported,3,0,0
2020-05-19,Alexandria,Female,792,74,18
2020-05-19,Alexandria,Male,747,94,16
2020-05-19,Alexandria,Not Reported,5,0,0
2020-05-19,Alleghany,Female,99,8,3
2020-05-19,Alleghany,Male,67,15,3
2020-05-19,Alleghany,Not Reported,1,0,0
2020-05-19,Arlington,Female,813,152,37
2020-05-19,Arlington,Male,865,179,42
2020-05-19,Arlington,Not Reported,10,0,0
2020-05-19,Central Shenandoah,Female,661,51,12
2020-05-19,Central Shenandoah,Male,566,43,15
2020-05-19,Central Shenandoah,Not Reported,0,0,0
2020-05-19,Central Virginia,Female,77,6,0
2020-05-19,Central Virginia,Male,101,10,3
2020-05-19,Central Virginia,Not Reported,0,0,0
2020-05-19,Chesapeake,Female,225,41,4
2020-05-19,Chesapeake,Male,171,37,6
2020-05-19,Chesapeake,Not Reported,0,0,0
2020-05-19,Chesterfield,Female,595,32,17
2020-05-19,Chesterfield,Male,522,40,19
2020-05-19,Chesterfield,Not Reported,28,0,0
2020-05-19,Chickahominy,Female,221,38,13
2020-05-19,Chickahominy,Male,147,36,13
2020-10-29,Loudoun,Not Reported,62,0,0
2020-10-29,Fairfax,Female,12284,983,290
2020-10-29,Western Tidewater,Male,2414,123,85
2020-10-29,Peninsula,Not Reported,19,0,0
2020-10-29,New River,Male,2187,47,14
2020-10-29,Central Shenandoah,Male,3189,151,45
2020-10-29,Southside,Male,931,47,24
2020-10-29,Chesterfield,Male,3659,239,79
2020-10-29,Arlington,Female,2309,240,71
2020-10-29,Rappahannock,Male,2859,230,52
2020-10-29,Central Virginia,Male,2228,105,37
2020-10-29,Alleghany,Not Reported,12,0,0
2020-10-29,Henrico,Male,2981,240,110
2020-10-29,Thomas Jefferson,Male,2119,116,36
2020-10-29,Lord Fairfax,Male,1883,172,70
2020-10-29,Three Rivers,Male,1201,73,21
2020-10-29,Richmond,Not Reported,58,1,2
2020-10-29,Pittsylvania-Danville,Male,1121,78,24
2020-10-29,Portsmouth,Not Reported,3,0,0
2020-10-29,Norfolk,Not Reported,3,0,0
2020-10-29,Chesapeake,Male,2249,233,43
2020-10-29,Chickahominy,Female,1201,96,31
2020-10-29,Prince William,Male,8272,667,151
2020-10-29,Eastern Shore,Not Reported,9,0,0
2020-10-29,Eastern Shore,Male,756,73,24
2020-10-29,Rappahannock Rapidan,Male,1518,112,28
2020-10-29,Henrico,Not Reported,42,0,0
2020-10-29,Cumberland Plateau,Female,781,45,8
2020-10-29,West Piedmont,Male,1305,143,45
2020-10-29,Hampton,Not Reported,7,0,0
2020-10-29,Alexandria,Not Reported,13,0,0
2020-10-29,Western Tidewater,Not Reported,5,0,2
2020-10-29,Cumberland Plateau,Not Reported,14,0,0
2020-10-29,Virginia Beach,Male,3641,212,51
2020-10-29,Alleghany,Female,1511,59,24
2020-10-29,Lenowisco,Female,852,48,5
2020-10-29,Virginia Beach,Not Reported,18,0,0
2020-10-29,Western Tidewater,Female,2194,113,68
2020-10-29,Mount Rogers,Male,1658,172,72
2020-10-29,Lord Fairfax,Female,2086,156,62
2020-10-29,Piedmont,Not Reported,5,0,0
2020-10-29,Alexandria,Male,2052,182,37
2020-10-29,Pittsylvania-Danville,Not Reported,9,0,0
2020-10-29,West Piedmont,Not Reported,17,1,0
2020-10-29,Loudoun,Female,3979,220,80
2020-10-29,Hampton,Female,1164,34,13
2020-10-29,Henrico,Female,3371,243,129
2020-10-29,Prince William,Not Reported,135,2,0
2020-10-29,Chickahominy,Male,1169,101,28
2020-10-29,Rappahannock Rapidan,Not Reported,58,0,0
2020-10-29,Peninsula,Female,2658,104,51
2020-10-29,Lenowisco,Not Reported,11,0,0
2020-10-29,Crater,Not Reported,54,5,0
2020-10-29,Chickahominy,Not Reported,23,0,0
2020-10-29,Portsmouth,Male,1345,137,32
2020-10-29,New River,Female,2211,33,13
2020-10-29,Rappahannock,Female,3281,201,40
2020-10-29,Central Virginia,Female,2591,91,28
2020-10-29,Roanoke,Not Reported,20,0,0
2020-10-29,West Piedmont,Female,1708,154,45
2020-10-29,Mount Rogers,Female,2122,142,76
2020-10-29,Piedmont,Male,1545,92,39
2020-10-29,Chesterfield,Female,3992,226,66
2020-10-29,Fairfax,Male,11620,1314,324
2020-10-29,Crater,Male,2921,138,54
2020-10-29,Central Virginia,Not Reported,126,1,0
2020-10-29,Prince William,Female,8646,521,107
2020-10-29,Virginia Beach,Female,4342,232,55
2020-10-29,Norfolk,Female,2788,209,39
2020-10-29,Three Rivers,Female,1038,65,18
2020-10-29,Arlington,Male,2334,299,83
2020-10-29,Central Shenandoah,Female,3644,154,38
2020-10-29,Southside,Female,902,43,24
2020-10-30,Southside,Not Reported,12,0,0
2020-10-30,Chesapeake,Female,2705,249,36
2020-10-30,Richmond,Female,2705,225,27
2020-10-30,Roanoke,Male,1260,46,18
2020-10-30,Fairfax,Not Reported,163,1,6
2020-10-30,Thomas Jefferson,Female,2357,118,41
2020-10-30,Chesapeake,Not Reported,6,0,0
2020-10-30,Cumberland Plateau,Male,660,48,6
2020-10-30,Eastern Shore,Female,772,73,26
2020-10-30,Lord Fairfax,Not Reported,21,0,0
2020-10-30,Rappahannock,Not Reported,24,0,0
2020-10-30,Central Shenandoah,Not Reported,21,0,0
2020-10-30,Peninsula,Male,2482,118,41
2020-10-30,Norfolk,Male,2643,201,45
2020-10-30,Alexandria,Female,2228,142,37
2020-10-30,Lenowisco,Male,773,62,21
2020-10-30,Pittsylvania-Danville,Female,1420,119,37
2020-10-30,New River,Not Reported,39,0,0
2020-10-30,Chesterfield,Not Reported,136,0,4
2020-10-30,Loudoun,Male,3889,260,50
2020-10-30,Rappahannock Rapidan,Female,1547,81,27
2020-10-30,Piedmont,Female,975,67,17
2020-10-30,Richmond,Male,2630,227,48
2020-10-30,Crater,Female,2119,162,63
2020-10-30,Portsmouth,Female,1508,179,37
2020-10-30,Arlington,Not Reported,6,0,0
2020-10-30,Mount Rogers,Not Reported,16,0,1
2020-10-30,Thomas Jefferson,Not Reported,6,0,0
2020-10-30,Three Rivers,Not Reported,26,0,0
2020-10-30,Hampton,Male,973,56,19
2020-10-30,Alleghany,Male,1226,56,13
2020-10-30,Roanoke,Female,1598,54,23
2020-05-19,Chickahominy,Not Reported,3,0,0
2020-05-19,Crater,Female,224,47,10
2020-05-19,Crater,Male,221,31,4
2020-05-19,Crater,Not Reported,5,2,0
2020-05-19,Cumberland Plateau,Female,18,1,0
2020-05-19,Cumberland Plateau,Male,14,1,0
2020-05-19,Cumberland Plateau,Not Reported,0,0,0
2020-05-19,Eastern Shore,Female,471,22,9
2020-05-19,Eastern Shore,Male,429,29,11
2020-05-19,Eastern Shore,Not Reported,5,0,0
2020-05-19,Fairfax,Female,3993,491,143
2020-05-19,Fairfax,Male,4059,633,155
2020-05-19,Fairfax,Not Reported,59,4,1
2020-05-19,Hampton,Female,91,11,1
2020-05-19,Hampton,Male,71,19,2
2020-05-19,Hampton,Not Reported,2,0,0
2020-05-19,Henrico,Female,755,83,58
2020-05-19,Henrico,Male,543,88,56
2020-05-19,Henrico,Not Reported,1,0,0
2020-05-19,Lenowisco,Female,20,7,1
2020-05-19,Lenowisco,Male,22,8,3
2020-05-19,Lenowisco,Not Reported,0,0,0
2020-05-19,Lord Fairfax,Female,511,46,19
2020-05-19,Lord Fairfax,Male,416,42,16
2020-05-19,Lord Fairfax,Not Reported,8,0,0
2020-05-19,Loudoun,Female,777,63,27
2020-05-19,Loudoun,Male,747,77,21
2020-05-19,Loudoun,Not Reported,3,0,0
2020-05-19,Mount Rogers,Female,120,6,1
2020-05-19,Mount Rogers,Male,116,12,4
2020-05-19,Mount Rogers,Not Reported,1,0,0
2020-05-19,New River,Female,47,4,0
2020-05-19,New River,Male,40,8,1
2020-05-19,New River,Not Reported,1,0,0
2020-05-19,Norfolk,Female,183,29,1
2020-05-19,Norfolk,Male,187,28,5
2020-05-19,Norfolk,Not Reported,0,0,0
2020-05-19,Peninsula,Female,265,52,19
2020-05-19,Peninsula,Male,243,60,12
2020-05-19,Peninsula,Not Reported,3,0,0
2020-05-19,Piedmont,Female,118,13,1
2020-05-19,Piedmont,Male,468,26,4
2020-10-30,Loudoun,Not Reported,62,0,0
2020-10-30,Fairfax,Female,12345,986,290
2020-10-30,Western Tidewater,Male,2428,123,85
2020-10-30,Peninsula,Not Reported,20,0,0
2020-10-30,New River,Male,2228,48,14
2020-10-30,Central Shenandoah,Male,3233,152,46
2020-10-30,Southside,Male,938,47,24
2020-10-30,Chesterfield,Male,3684,241,79
2020-10-30,Arlington,Female,2323,241,71
2020-10-30,Rappahannock,Male,2872,230,52
2020-10-30,Central Virginia,Male,2257,107,37
2020-10-30,Alleghany,Not Reported,12,0,0
2020-10-30,Henrico,Male,3008,241,111
2020-10-30,Thomas Jefferson,Male,2135,116,36
2020-10-30,Lord Fairfax,Male,1894,173,71
2020-10-30,Three Rivers,Male,1206,73,21
2020-10-30,Richmond,Not Reported,59,1,2
2020-10-30,Pittsylvania-Danville,Male,1138,79,24
2020-10-30,Portsmouth,Not Reported,3,0,0
2020-10-30,Norfolk,Not Reported,3,0,0
2020-10-30,Chesapeake,Male,2261,234,43
2020-10-30,Chickahominy,Female,1202,96,31
2020-10-30,Prince William,Male,8319,669,151
2020-10-30,Eastern Shore,Not Reported,9,0,0
2020-10-30,Eastern Shore,Male,758,73,24
2020-10-30,Rappahannock Rapidan,Male,1524,112,28
2020-10-30,Henrico,Not Reported,45,0,0
2020-10-30,Cumberland Plateau,Female,801,47,9
2020-10-30,West Piedmont,Male,1332,145,45
2020-10-30,Hampton,Not Reported,7,0,0
2020-10-30,Alexandria,Not Reported,13,0,0
2020-10-30,Western Tidewater,Not Reported,5,0,2
2020-10-30,Cumberland Plateau,Not Reported,11,0,0
2020-10-30,Virginia Beach,Male,3674,212,52
2020-10-30,Alleghany,Female,1548,60,24
2020-10-30,Lenowisco,Female,874,48,5
2020-10-30,Virginia Beach,Not Reported,21,0,0
2020-10-30,Western Tidewater,Female,2208,113,68
2020-10-30,Mount Rogers,Male,1682,173,72
2020-10-30,Lord Fairfax,Female,2112,157,61
2020-10-30,Piedmont,Not Reported,5,0,0
2020-10-30,Alexandria,Male,2062,182,37
2020-10-30,Pittsylvania-Danville,Not Reported,10,0,0
2020-10-30,West Piedmont,Not Reported,16,1,0
2020-10-30,Loudoun,Female,3995,222,80
2020-10-30,Hampton,Female,1167,35,13
2020-10-30,Henrico,Female,3386,245,129
2020-10-30,Prince William,Not Reported,132,2,0
2020-10-30,Chickahominy,Male,1175,101,28
2020-10-30,Rappahannock Rapidan,Not Reported,58,0,0
2020-10-30,Peninsula,Female,2677,105,51
2020-10-30,Lenowisco,Not Reported,12,0,0
2020-10-30,Crater,Not Reported,58,5,0
2020-10-30,Chickahominy,Not Reported,23,0,0
2020-10-30,Portsmouth,Male,1347,137,32
2020-10-30,New River,Female,2265,34,13
2020-10-30,Rappahannock,Female,3304,202,40
2020-10-30,Central Virginia,Female,2631,92,28
2020-10-30,Roanoke,Not Reported,19,0,0
2020-10-30,West Piedmont,Female,1740,156,45
2020-10-30,Mount Rogers,Female,2151,142,76
2020-10-30,Piedmont,Male,1555,92,39
2020-10-30,Chesterfield,Female,4020,227,67
2020-10-30,Fairfax,Male,11674,1318,324
2020-10-30,Crater,Male,2939,140,54
2020-10-30,Central Virginia,Not Reported,131,2,1
2020-10-30,Prince William,Female,8704,524,107
2020-10-30,Virginia Beach,Female,4362,232,56
2020-10-30,Norfolk,Female,2799,210,39
2020-10-30,Three Rivers,Female,1048,65,18
2020-10-30,Arlington,Male,2357,300,83
2020-10-30,Central Shenandoah,Female,3699,156,38
2020-10-30,Southside,Female,918,43,24
2020-10-31,Southside,Not Reported,12,0,0
2020-10-31,Chesapeake,Female,2725,249,36
2020-10-31,Richmond,Female,2717,226,27
2020-10-31,Roanoke,Male,1277,50,18
2020-10-31,Fairfax,Not Reported,164,1,6
2020-10-31,Thomas Jefferson,Female,2363,120,41
2020-10-31,Chesapeake,Not Reported,6,0,0
2020-10-31,Cumberland Plateau,Male,674,48,6
2020-10-31,Eastern Shore,Female,776,73,26
2020-10-31,Lord Fairfax,Not Reported,21,0,0
2020-10-31,Rappahannock,Not Reported,27,0,0
2020-10-31,Central Shenandoah,Not Reported,21,0,0
2020-10-31,Peninsula,Male,2501,122,41
2020-10-31,Norfolk,Male,2676,201,45
2020-10-31,Alexandria,Female,2249,142,37
2020-10-31,Lenowisco,Male,810,64,21
2020-10-31,Pittsylvania-Danville,Female,1439,122,37
2020-10-31,New River,Not Reported,39,0,0
2020-10-31,Chesterfield,Not Reported,136,0,4
2020-10-31,Loudoun,Male,3906,262,51
2020-10-31,Rappahannock Rapidan,Female,1550,80,27
2020-10-31,Piedmont,Female,979,70,17
2020-10-31,Richmond,Male,2639,227,48
2020-10-31,Crater,Female,2129,163,64
2020-10-31,Portsmouth,Female,1511,180,37
2020-10-31,Arlington,Not Reported,5,0,0
2020-10-31,Mount Rogers,Not Reported,17,0,1
2020-10-31,Thomas Jefferson,Not Reported,6,0,0
2020-10-31,Three Rivers,Not Reported,26,0,0
2020-10-31,Hampton,Male,984,58,19
2020-10-31,Alleghany,Male,1287,57,17
2020-10-31,Roanoke,Female,1624,58,25
2020-05-19,Piedmont,Not Reported,0,0,0
2020-05-19,Pittsylvania-Danville,Female,42,14,1
2020-05-19,Pittsylvania-Danville,Male,28,9,1
2020-05-19,Pittsylvania-Danville,Not Reported,0,0,0
2020-05-19,Portsmouth,Female,112,21,4
2020-05-19,Portsmouth,Male,123,18,6
2020-05-19,Portsmouth,Not Reported,2,0,0
2020-05-19,Prince William,Female,2340,207,45
2020-05-19,Prince William,Male,2444,240,36
2020-05-19,Prince William,Not Reported,32,1,0
2020-05-19,Rappahannock,Female,531,51,4
2020-05-19,Rappahannock,Male,498,73,10
2020-05-19,Rappahannock,Not Reported,4,0,0
2020-05-19,Rappahannock Rapidan,Female,376,21,4
2020-05-19,Rappahannock Rapidan,Male,413,37,7
2020-05-19,Rappahannock Rapidan,Not Reported,12,1,0
2020-05-19,Richmond,Female,383,49,5
2020-05-19,Richmond,Male,417,68,12
2020-05-19,Richmond,Not Reported,11,1,2
2020-05-19,Roanoke,Female,79,3,6
2020-05-19,Roanoke,Male,56,4,2
2020-05-19,Roanoke,Not Reported,0,0,0
2020-05-19,Southside,Female,148,17,10
2020-05-19,Southside,Male,77,17,8
2020-05-19,Southside,Not Reported,3,0,0
2020-05-19,Thomas Jefferson,Female,212,36,5
2020-05-19,Thomas Jefferson,Male,174,30,8
2020-05-19,Thomas Jefferson,Not Reported,1,0,0
2020-05-19,Three Rivers,Female,123,17,5
2020-05-19,Three Rivers,Male,313,13,1
2020-05-19,Three Rivers,Not Reported,1,0,0
2020-05-19,Virginia Beach,Female,309,38,7
2020-05-19,Virginia Beach,Male,248,49,12
2020-05-19,Virginia Beach,Not Reported,2,0,0
2020-05-19,West Piedmont,Female,57,5,1
2020-05-19,West Piedmont,Male,44,8,2
2020-05-19,West Piedmont,Not Reported,0,0,0
2020-05-19,Western Tidewater,Female,271,17,12
2020-05-19,Western Tidewater,Male,283,40,19
2020-05-19,Western Tidewater,Not Reported,3,0,0
2020-10-31,Loudoun,Not Reported,61,0,0
2020-10-31,Fairfax,Female,12421,989,290
2020-10-31,Western Tidewater,Male,2445,123,85
2020-10-31,Peninsula,Not Reported,20,0,0
2020-10-31,New River,Male,2257,51,14
2020-10-31,Central Shenandoah,Male,3257,152,46
2020-10-31,Southside,Male,944,48,24
2020-10-31,Chesterfield,Male,3714,244,79
2020-10-31,Arlington,Female,2343,241,71
2020-10-31,Rappahannock,Male,2897,230,52
2020-10-31,Central Virginia,Male,2287,108,37
2020-10-31,Alleghany,Not Reported,11,0,0
2020-10-31,Henrico,Male,3021,242,111
2020-10-31,Thomas Jefferson,Male,2141,119,36
2020-10-31,Lord Fairfax,Male,1910,176,72
2020-10-31,Three Rivers,Male,1209,74,21
2020-10-31,Richmond,Not Reported,59,1,2
2020-10-31,Pittsylvania-Danville,Male,1155,81,24
2020-10-31,Portsmouth,Not Reported,3,0,0
2020-10-31,Norfolk,Not Reported,3,0,0
2020-10-31,Chesapeake,Male,2279,234,43
2020-10-31,Chickahominy,Female,1224,96,31
2020-10-31,Prince William,Male,8358,673,151
2020-10-31,Eastern Shore,Not Reported,9,0,0
2020-10-31,Eastern Shore,Male,758,73,24
2020-10-31,Rappahannock Rapidan,Male,1531,112,28
2020-10-31,Henrico,Not Reported,46,1,0
2020-10-31,Cumberland Plateau,Female,814,48,9
2020-10-31,West Piedmont,Male,1357,146,45
2020-10-31,Hampton,Not Reported,7,0,0
2020-10-31,Alexandria,Not Reported,13,0,0
2020-10-31,Western Tidewater,Not Reported,5,0,2
2020-10-31,Cumberland Plateau,Not Reported,12,0,0
2020-10-31,Virginia Beach,Male,3710,213,52
2020-10-31,Alleghany,Female,1628,61,24
2020-10-31,Lenowisco,Female,904,48,5
2020-10-31,Virginia Beach,Not Reported,22,0,0
2020-10-31,Western Tidewater,Female,2220,113,68
2020-10-31,Mount Rogers,Male,1715,175,73
2020-10-31,Lord Fairfax,Female,2132,160,61
2020-10-31,Piedmont,Not Reported,5,0,0
2020-10-31,Alexandria,Male,2075,182,37
2020-10-31,Pittsylvania-Danville,Not Reported,10,1,0
2020-10-31,West Piedmont,Not Reported,16,1,0
2020-10-31,Loudoun,Female,4014,223,80
2020-10-31,Hampton,Female,1172,35,14
2020-10-31,Henrico,Female,3405,245,129
2020-10-31,Prince William,Not Reported,132,2,0
2020-10-31,Chickahominy,Male,1197,101,28
2020-10-31,Rappahannock Rapidan,Not Reported,59,0,0
2020-10-31,Peninsula,Female,2694,105,51
2020-10-31,Lenowisco,Not Reported,12,0,0
2020-10-31,Crater,Not Reported,62,5,0
2020-10-31,Chickahominy,Not Reported,23,0,0
2020-10-31,Portsmouth,Male,1349,140,32
2020-10-31,New River,Female,2312,38,13
2020-10-31,Rappahannock,Female,3344,206,40
2020-10-31,Central Virginia,Female,2653,92,28
2020-10-31,Roanoke,Not Reported,19,0,0
2020-10-31,West Piedmont,Female,1763,159,45
2020-10-31,Mount Rogers,Female,2196,144,76
2020-10-31,Piedmont,Male,1559,92,39
2020-10-31,Chesterfield,Female,4061,227,68
2020-10-31,Fairfax,Male,11758,1319,324
2020-10-31,Crater,Male,2949,142,54
2020-10-31,Central Virginia,Not Reported,144,2,1
2020-10-31,Prince William,Female,8740,529,107
2020-10-31,Virginia Beach,Female,4387,235,55
2020-10-31,Norfolk,Female,2814,210,39
2020-10-31,Three Rivers,Female,1057,65,18
2020-10-31,Arlington,Male,2366,300,83
2020-10-31,Central Shenandoah,Female,3726,156,38
2020-10-31,Southside,Female,919,43,24
2020-11-01,Southside,Not Reported,12,0,0
2020-11-01,Chesapeake,Female,2738,249,36
2020-11-01,Richmond,Female,2745,227,27
2020-11-01,Roanoke,Male,1287,51,18
2020-11-01,Fairfax,Not Reported,164,1,6
2020-11-01,Thomas Jefferson,Female,2370,120,41
2020-11-01,Chesapeake,Not Reported,6,0,0
2020-11-01,Cumberland Plateau,Male,678,49,6
2020-11-01,Eastern Shore,Female,779,74,26
2020-11-01,Lord Fairfax,Not Reported,21,0,0
2020-11-01,Rappahannock,Not Reported,27,0,0
2020-11-01,Central Shenandoah,Not Reported,21,0,0
2020-11-01,Peninsula,Male,2509,122,41
2020-11-01,Norfolk,Male,2676,201,45
2020-11-01,Alexandria,Female,2253,143,37
2020-11-01,Lenowisco,Male,863,65,21
2020-11-01,Pittsylvania-Danville,Female,1456,123,37
2020-11-01,New River,Not Reported,39,0,0
2020-11-01,Chesterfield,Not Reported,137,0,4
2020-11-01,Loudoun,Male,3947,262,51
2020-11-01,Rappahannock Rapidan,Female,1564,80,27
2020-11-01,Piedmont,Female,990,71,17
2020-11-01,Richmond,Male,2649,227,48
2020-11-01,Crater,Female,2129,163,64
2020-11-01,Portsmouth,Female,1511,181,37
2020-11-01,Arlington,Not Reported,5,0,0
2020-11-01,Mount Rogers,Not Reported,20,0,1
2020-11-01,Thomas Jefferson,Not Reported,5,0,0
2020-11-01,Three Rivers,Not Reported,26,0,0
2020-11-01,Hampton,Male,999,58,19
2020-11-01,Alleghany,Male,1330,57,17
2020-11-01,Roanoke,Female,1645,58,25
2020-05-20,Alexandria,Female,806,74,18
2020-05-20,Alexandria,Male,766,95,16
2020-05-20,Alexandria,Not Reported,5,0,0
2020-05-20,Alleghany,Female,99,8,3
2020-05-20,Alleghany,Male,69,15,3
2020-05-20,Alleghany,Not Reported,1,0,0
2020-05-20,Arlington,Female,833,152,38
2020-05-20,Arlington,Male,885,182,43
2020-05-20,Arlington,Not Reported,10,0,0
2020-05-20,Central Shenandoah,Female,677,52,12
2020-05-20,Central Shenandoah,Male,593,44,15
2020-05-20,Central Shenandoah,Not Reported,1,0,0
2020-05-20,Central Virginia,Female,77,6,0
2020-05-20,Central Virginia,Male,101,10,3
2020-05-20,Central Virginia,Not Reported,0,0,0
2020-05-20,Chesapeake,Female,227,42,5
2020-05-20,Chesapeake,Male,174,37,7
2020-05-20,Chesapeake,Not Reported,0,0,0
2020-05-20,Chesterfield,Female,618,32,17
2020-05-20,Chesterfield,Male,556,40,19
2020-05-20,Chesterfield,Not Reported,31,0,0
2020-05-20,Chickahominy,Female,224,38,13
2020-05-20,Chickahominy,Male,150,38,13
2020-05-20,Chickahominy,Not Reported,3,0,0
2020-05-20,Crater,Female,231,47,10
2020-05-20,Crater,Male,226,32,4
2020-05-20,Crater,Not Reported,5,2,0
2020-05-20,Cumberland Plateau,Female,18,1,0
2020-05-20,Cumberland Plateau,Male,14,1,0
2020-05-20,Cumberland Plateau,Not Reported,0,0,0
2020-05-20,Eastern Shore,Female,476,24,12
2020-05-20,Eastern Shore,Male,433,32,14
2020-05-20,Eastern Shore,Not Reported,5,0,0
2020-05-20,Fairfax,Female,4072,499,146
2020-05-20,Fairfax,Male,4121,645,163
2020-05-20,Fairfax,Not Reported,61,4,1
2020-05-20,Hampton,Female,92,11,1
2020-05-20,Hampton,Male,71,19,2
2020-05-20,Hampton,Not Reported,2,0,0
2020-05-20,Henrico,Female,767,84,58
2020-05-20,Henrico,Male,552,89,56
2020-11-01,Loudoun,Not Reported,62,0,0
2020-11-01,Fairfax,Female,12482,991,290
2020-11-01,Western Tidewater,Male,2446,123,85
2020-11-01,Peninsula,Not Reported,20,0,0
2020-11-01,New River,Male,2270,52,14
2020-11-01,Central Shenandoah,Male,3292,152,46
2020-11-01,Southside,Male,948,48,24
2020-11-01,Chesterfield,Male,3725,246,79
2020-11-01,Arlington,Female,2369,241,71
2020-11-01,Rappahannock,Male,2911,230,52
2020-11-01,Central Virginia,Male,2299,108,37
2020-11-01,Alleghany,Not Reported,12,0,0
2020-11-01,Henrico,Male,3043,245,111
2020-11-01,Thomas Jefferson,Male,2151,119,36
2020-11-01,Lord Fairfax,Male,1923,177,71
2020-11-01,Three Rivers,Male,1210,74,21
2020-11-01,Richmond,Not Reported,62,1,2
2020-11-01,Pittsylvania-Danville,Male,1160,83,24
2020-11-01,Portsmouth,Not Reported,3,0,0
2020-11-01,Norfolk,Not Reported,3,0,0
2020-11-01,Chesapeake,Male,2294,234,43
2020-11-01,Chickahominy,Female,1239,97,31
2020-11-01,Prince William,Male,8378,674,151
2020-11-01,Eastern Shore,Not Reported,9,0,0
2020-11-01,Eastern Shore,Male,759,73,24
2020-11-01,Rappahannock Rapidan,Male,1540,112,28
2020-11-01,Henrico,Not Reported,48,1,0
2020-11-01,Cumberland Plateau,Female,826,50,9
2020-11-01,West Piedmont,Male,1381,146,45
2020-11-01,Hampton,Not Reported,7,0,0
2020-11-01,Alexandria,Not Reported,13,0,0
2020-11-01,Western Tidewater,Not Reported,5,0,2
2020-11-01,Cumberland Plateau,Not Reported,11,0,0
2020-11-01,Virginia Beach,Male,3749,213,52
2020-11-01,Alleghany,Female,1666,61,24
2020-11-01,Lenowisco,Female,929,49,5
2020-11-01,Virginia Beach,Not Reported,24,0,0
2020-11-01,Western Tidewater,Female,2222,114,68
2020-11-01,Mount Rogers,Male,1735,175,73
2020-11-01,Lord Fairfax,Female,2147,160,61
2020-11-01,Piedmont,Not Reported,5,0,0
2020-11-01,Alexandria,Male,2083,182,37
2020-11-01,Pittsylvania-Danville,Not Reported,10,1,0
2020-11-01,West Piedmont,Not Reported,16,1,0
2020-11-01,Loudoun,Female,4039,225,81
2020-11-01,Hampton,Female,1193,35,14
2020-11-01,Henrico,Female,3435,247,129
2020-11-01,Prince William,Not Reported,133,2,0
2020-11-01,Chickahominy,Male,1205,102,28
2020-11-01,Rappahannock Rapidan,Not Reported,61,0,0
2020-11-01,Peninsula,Female,2707,106,51
2020-11-01,Lenowisco,Not Reported,12,0,0
2020-11-01,Crater,Not Reported,62,5,0
2020-11-01,Chickahominy,Not Reported,23,0,0
2020-11-01,Portsmouth,Male,1351,140,32
2020-11-01,New River,Female,2330,38,13
2020-11-01,Rappahannock,Female,3362,208,41
2020-11-01,Central Virginia,Female,2674,93,28
2020-11-01,Roanoke,Not Reported,19,0,0
2020-11-01,West Piedmont,Female,1779,160,45
2020-11-01,Mount Rogers,Female,2214,144,76
2020-11-01,Piedmont,Male,1576,92,39
2020-11-01,Chesterfield,Female,4081,229,68
2020-11-01,Fairfax,Male,11829,1322,324
2020-11-01,Crater,Male,2951,142,54
2020-11-01,Central Virginia,Not Reported,144,2,1
2020-11-01,Prince William,Female,8758,529,107
2020-11-01,Virginia Beach,Female,4411,235,55
2020-11-01,Norfolk,Female,2815,211,39
2020-11-01,Three Rivers,Female,1059,66,18
2020-11-01,Arlington,Male,2390,300,83
2020-11-01,Central Shenandoah,Female,3770,156,38
2020-11-01,Southside,Female,921,43,24
2020-11-02,Southside,Not Reported,12,0,0
2020-11-02,Chesapeake,Female,2746,249,36
2020-11-02,Richmond,Female,2770,228,27
2020-11-02,Roanoke,Male,1299,51,18
2020-11-02,Fairfax,Not Reported,167,1,6
2020-11-02,Thomas Jefferson,Female,2375,120,41
2020-11-02,Chesapeake,Not Reported,6,0,0
2020-11-02,Cumberland Plateau,Male,689,49,6
2020-11-02,Eastern Shore,Female,780,74,26
2020-11-02,Lord Fairfax,Not Reported,21,0,0
2020-11-02,Rappahannock,Not Reported,27,0,0
2020-11-02,Central Shenandoah,Not Reported,21,0,0
2020-11-02,Peninsula,Male,2524,122,41
2020-11-02,Norfolk,Male,2699,202,45
2020-11-02,Alexandria,Female,2260,143,37
2020-11-02,Lenowisco,Male,874,65,21
2020-11-02,Pittsylvania-Danville,Female,1470,123,37
2020-11-02,New River,Not Reported,39,0,0
2020-11-02,Chesterfield,Not Reported,137,0,4
2020-11-02,Loudoun,Male,3946,262,51
2020-11-02,Rappahannock Rapidan,Female,1575,80,27
2020-11-02,Piedmont,Female,991,71,17
2020-11-02,Richmond,Male,2666,229,49
2020-11-02,Crater,Female,2131,164,64
2020-11-02,Portsmouth,Female,1515,181,37
2020-11-02,Arlington,Not Reported,5,0,0
2020-11-02,Mount Rogers,Not Reported,23,0,1
2020-11-02,Thomas Jefferson,Not Reported,5,0,0
2020-11-02,Three Rivers,Not Reported,26,0,0
2020-11-02,Hampton,Male,1000,58,19
2020-11-02,Alleghany,Male,1351,57,17
2020-11-02,Roanoke,Female,1665,58,25
2020-05-20,Henrico,Not Reported,2,0,0
2020-05-20,Lenowisco,Female,20,7,1
2020-05-20,Lenowisco,Male,22,8,3
2020-05-20,Lenowisco,Not Reported,0,0,0
2020-05-20,Lord Fairfax,Female,530,48,19
2020-05-20,Lord Fairfax,Male,434,43,16
2020-05-20,Lord Fairfax,Not Reported,9,0,0
2020-05-20,Loudoun,Female,799,66,27
2020-05-20,Loudoun,Male,777,80,22
2020-05-20,Loudoun,Not Reported,3,0,0
2020-05-20,Mount Rogers,Female,131,6,2
2020-05-20,Mount Rogers,Male,120,12,4
2020-05-20,Mount Rogers,Not Reported,1,0,0
2020-05-20,New River,Female,47,4,0
2020-05-20,New River,Male,41,8,1
2020-05-20,New River,Not Reported,1,0,0
2020-05-20,Norfolk,Female,184,29,1
2020-05-20,Norfolk,Male,186,29,5
2020-05-20,Norfolk,Not Reported,0,0,0
2020-05-20,Peninsula,Female,267,52,19
2020-05-20,Peninsula,Male,243,60,12
2020-05-20,Peninsula,Not Reported,3,0,0
2020-05-20,Piedmont,Female,119,14,1
2020-05-20,Piedmont,Male,472,26,4
2020-05-20,Piedmont,Not Reported,0,0,0
2020-05-20,Pittsylvania-Danville,Female,43,14,1
2020-05-20,Pittsylvania-Danville,Male,28,9,1
2020-05-20,Pittsylvania-Danville,Not Reported,0,0,0
2020-05-20,Portsmouth,Female,114,21,5
2020-05-20,Portsmouth,Male,125,18,6
2020-05-20,Portsmouth,Not Reported,2,0,0
2020-05-20,Prince William,Female,2404,214,49
2020-05-20,Prince William,Male,2524,247,39
2020-05-20,Prince William,Not Reported,32,1,0
2020-05-20,Rappahannock,Female,544,52,4
2020-05-20,Rappahannock,Male,511,73,10
2020-05-20,Rappahannock,Not Reported,4,1,0
2020-05-20,Rappahannock Rapidan,Female,400,23,4
2020-05-20,Rappahannock Rapidan,Male,434,39,7
2020-05-20,Rappahannock Rapidan,Not Reported,19,1,0
2020-05-20,Richmond,Female,392,50,5
2020-11-02,Loudoun,Not Reported,62,0,0
2020-11-02,Fairfax,Female,12562,992,290
2020-11-02,Western Tidewater,Male,2453,123,85
2020-11-02,Peninsula,Not Reported,20,0,0
2020-11-02,New River,Male,2283,52,14
2020-11-02,Central Shenandoah,Male,3293,152,46
2020-11-02,Southside,Male,954,48,24
2020-11-02,Chesterfield,Male,3734,247,79
2020-11-02,Arlington,Female,2375,240,71
2020-11-02,Rappahannock,Male,2926,230,52
2020-11-02,Central Virginia,Male,2312,108,37
2020-11-02,Alleghany,Not Reported,13,0,0
2020-11-02,Henrico,Male,3059,246,111
2020-11-02,Thomas Jefferson,Male,2155,119,36
2020-11-02,Lord Fairfax,Male,1942,177,71
2020-11-02,Three Rivers,Male,1215,75,22
2020-11-02,Richmond,Not Reported,63,1,2
2020-11-02,Pittsylvania-Danville,Male,1170,83,24
2020-11-02,Portsmouth,Not Reported,3,0,0
2020-11-02,Norfolk,Not Reported,3,0,0
2020-11-02,Chesapeake,Male,2306,234,43
2020-11-02,Chickahominy,Female,1249,97,31
2020-11-02,Prince William,Male,8436,674,151
2020-11-02,Eastern Shore,Not Reported,9,0,0
2020-11-02,Eastern Shore,Male,760,73,24
2020-11-02,Rappahannock Rapidan,Male,1551,113,28
2020-11-02,Henrico,Not Reported,52,1,0
2020-11-02,Cumberland Plateau,Female,837,51,9
2020-11-02,West Piedmont,Male,1393,146,45
2020-11-02,Hampton,Not Reported,7,0,0
2020-11-02,Alexandria,Not Reported,13,0,0
2020-11-02,Western Tidewater,Not Reported,5,0,2
2020-11-02,Cumberland Plateau,Not Reported,11,0,0
2020-11-02,Virginia Beach,Male,3784,214,52
2020-11-02,Alleghany,Female,1696,61,24
2020-11-02,Lenowisco,Female,941,50,6
2020-11-02,Virginia Beach,Not Reported,24,0,0
2020-11-02,Western Tidewater,Female,2227,115,68
2020-11-02,Mount Rogers,Male,1760,175,73
2020-11-02,Lord Fairfax,Female,2171,160,61
2020-11-02,Piedmont,Not Reported,5,0,0
2020-11-02,Alexandria,Male,2090,182,37
2020-11-02,Pittsylvania-Danville,Not Reported,10,1,0
2020-11-02,West Piedmont,Not Reported,16,1,0
2020-11-02,Loudoun,Female,4040,226,81
2020-11-02,Hampton,Female,1195,35,14
2020-11-02,Henrico,Female,3458,251,129
2020-11-02,Prince William,Not Reported,132,2,0
2020-11-02,Chickahominy,Male,1211,103,28
2020-11-02,Rappahannock Rapidan,Not Reported,61,0,0
2020-11-02,Peninsula,Female,2716,106,51
2020-11-02,Lenowisco,Not Reported,12,0,0
2020-11-02,Crater,Not Reported,61,5,0
2020-11-02,Chickahominy,Not Reported,23,0,0
2020-11-02,Portsmouth,Male,1353,140,32
2020-11-02,New River,Female,2348,38,13
2020-11-02,Rappahannock,Female,3372,208,41
2020-11-02,Central Virginia,Female,2688,93,28
2020-11-02,Roanoke,Not Reported,19,0,0
2020-11-02,West Piedmont,Female,1789,160,45
2020-11-02,Mount Rogers,Female,2239,148,76
2020-11-02,Piedmont,Male,1578,92,39
2020-11-02,Chesterfield,Female,4093,229,68
2020-11-02,Fairfax,Male,11913,1324,324
2020-11-02,Crater,Male,2953,142,54
2020-11-02,Central Virginia,Not Reported,144,2,1
2020-11-02,Prince William,Female,8817,529,107
2020-11-02,Virginia Beach,Female,4440,236,55
2020-11-02,Norfolk,Female,2832,211,39
2020-11-02,Three Rivers,Female,1065,67,18
2020-11-02,Arlington,Male,2398,300,83
2020-11-02,Central Shenandoah,Female,3775,156,38
2020-11-02,Southside,Female,928,43,24
2020-11-03,Southside,Not Reported,12,0,0
2020-11-03,Chesapeake,Female,2756,249,37
2020-11-03,Richmond,Female,2785,229,27
2020-11-03,Roanoke,Male,1318,51,18
2020-11-03,Fairfax,Not Reported,168,1,6
2020-11-03,Thomas Jefferson,Female,2376,121,41
2020-11-03,Chesapeake,Not Reported,6,0,0
2020-11-03,Cumberland Plateau,Male,695,49,6
2020-11-03,Eastern Shore,Female,780,74,26
2020-11-03,Lord Fairfax,Not Reported,24,0,0
2020-11-03,Rappahannock,Not Reported,28,0,0
2020-11-03,Central Shenandoah,Not Reported,21,0,0
2020-11-03,Peninsula,Male,2535,122,41
2020-11-03,Norfolk,Male,2715,203,45
2020-11-03,Alexandria,Female,2265,143,37
2020-11-03,Lenowisco,Male,886,68,21
2020-11-03,Pittsylvania-Danville,Female,1482,124,38
2020-11-03,New River,Not Reported,39,0,0
2020-11-03,Chesterfield,Not Reported,137,0,4
2020-11-03,Loudoun,Male,3972,264,51
2020-11-03,Rappahannock Rapidan,Female,1580,80,27
2020-11-03,Piedmont,Female,1002,72,17
2020-11-03,Richmond,Male,2671,229,49
2020-11-03,Crater,Female,2159,165,64
2020-11-03,Portsmouth,Female,1516,181,37
2020-11-03,Arlington,Not Reported,5,0,0
2020-11-03,Mount Rogers,Not Reported,23,0,1
2020-11-03,Thomas Jefferson,Not Reported,4,0,0
2020-11-03,Three Rivers,Not Reported,26,0,0
2020-11-03,Hampton,Male,1007,60,19
2020-11-03,Alleghany,Male,1381,58,18
2020-11-03,Roanoke,Female,1714,58,25
2020-05-20,Richmond,Male,429,71,12
2020-05-20,Richmond,Not Reported,14,2,2
2020-05-20,Roanoke,Female,79,3,6
2020-05-20,Roanoke,Male,56,4,2
2020-05-20,Roanoke,Not Reported,0,0,0
2020-05-20,Southside,Female,148,17,12
2020-05-20,Southside,Male,77,17,8
2020-05-20,Southside,Not Reported,3,0,0
2020-05-20,Thomas Jefferson,Female,213,37,5
2020-05-20,Thomas Jefferson,Male,176,30,8
2020-05-20,Thomas Jefferson,Not Reported,1,0,0
2020-05-20,Three Rivers,Female,123,18,5
2020-05-20,Three Rivers,Male,312,13,1
2020-05-20,Three Rivers,Not Reported,1,0,0
2020-05-20,Virginia Beach,Female,309,38,7
2020-05-20,Virginia Beach,Male,253,49,12
2020-05-20,Virginia Beach,Not Reported,2,0,0
2020-05-20,West Piedmont,Female,62,5,1
2020-05-20,West Piedmont,Male,48,8,2
2020-05-20,West Piedmont,Not Reported,0,0,0
2020-05-20,Western Tidewater,Female,275,17,12
2020-05-20,Western Tidewater,Male,285,40,19
2020-05-20,Western Tidewater,Not Reported,3,0,0
2020-05-21,Alexandria,Female,830,75,20
2020-05-21,Alexandria,Male,791,96,17
2020-05-21,Alexandria,Not Reported,6,0,0
2020-05-21,Alleghany,Female,100,9,3
2020-05-21,Alleghany,Male,69,15,3
2020-05-21,Alleghany,Not Reported,1,0,0
2020-05-21,Arlington,Female,852,161,45
2020-05-21,Arlington,Male,902,185,44
2020-05-21,Arlington,Not Reported,9,0,0
2020-05-21,Central Shenandoah,Female,698,56,13
2020-05-21,Central Shenandoah,Male,612,48,15
2020-05-21,Central Shenandoah,Not Reported,4,0,0
2020-05-21,Central Virginia,Female,77,6,0
2020-05-21,Central Virginia,Male,102,9,3
2020-05-21,Central Virginia,Not Reported,0,0,0
2020-05-21,Chesapeake,Female,231,42,6
2020-05-21,Chesapeake,Male,181,39,7
2020-05-21,Chesapeake,Not Reported,0,0,0
2020-11-03,Loudoun,Not Reported,63,0,0
2020-11-03,Fairfax,Female,12607,996,290
2020-11-03,Western Tidewater,Male,2457,123,85
2020-11-03,Peninsula,Not Reported,22,0,0
2020-11-03,New River,Male,2301,52,14
2020-11-03,Central Shenandoah,Male,3308,153,46
2020-11-03,Southside,Male,957,48,24
2020-11-03,Chesterfield,Male,3750,249,79
2020-11-03,Arlington,Female,2393,240,71
2020-11-03,Rappahannock,Male,2950,232,52
2020-11-03,Central Virginia,Male,2344,110,37
2020-11-03,Alleghany,Not Reported,14,0,1
2020-11-03,Henrico,Male,3082,246,111
2020-11-03,Thomas Jefferson,Male,2158,119,36
2020-11-03,Lord Fairfax,Male,1964,178,71
2020-11-03,Three Rivers,Male,1215,75,22
2020-11-03,Richmond,Not Reported,65,1,2
2020-11-03,Pittsylvania-Danville,Male,1176,83,24
2020-11-03,Portsmouth,Not Reported,3,0,0
2020-11-03,Norfolk,Not Reported,3,0,0
2020-11-03,Chesapeake,Male,2315,235,43
2020-11-03,Chickahominy,Female,1260,98,31
2020-11-03,Prince William,Male,8487,676,151
2020-11-03,Eastern Shore,Not Reported,9,0,0
2020-11-03,Eastern Shore,Male,760,74,24
2020-11-03,Rappahannock Rapidan,Male,1555,115,28
2020-11-03,Henrico,Not Reported,56,1,0
2020-11-03,Cumberland Plateau,Female,845,51,9
2020-11-03,West Piedmont,Male,1409,148,45
2020-11-03,Hampton,Not Reported,7,0,0
2020-11-03,Alexandria,Not Reported,13,0,0
2020-11-03,Western Tidewater,Not Reported,5,0,2
2020-11-03,Cumberland Plateau,Not Reported,11,0,0
2020-11-03,Virginia Beach,Male,3851,214,52
2020-11-03,Alleghany,Female,1722,62,24
2020-11-03,Lenowisco,Female,955,50,6
2020-11-03,Virginia Beach,Not Reported,22,0,0
2020-11-03,Western Tidewater,Female,2243,116,68
2020-11-03,Mount Rogers,Male,1784,177,73
2020-11-03,Lord Fairfax,Female,2196,163,61
2020-11-03,Piedmont,Not Reported,5,0,0
2020-11-03,Alexandria,Male,2099,183,37
2020-11-03,Pittsylvania-Danville,Not Reported,11,1,0
2020-11-03,West Piedmont,Not Reported,16,1,0
2020-11-03,Loudoun,Female,4070,228,81
2020-11-03,Hampton,Female,1201,37,14
2020-11-03,Henrico,Female,3481,254,129
2020-11-03,Prince William,Not Reported,134,2,0
2020-11-03,Chickahominy,Male,1217,104,28
2020-11-03,Rappahannock Rapidan,Not Reported,60,0,0
2020-11-03,Peninsula,Female,2731,107,51
2020-11-03,Lenowisco,Not Reported,13,0,0
2020-11-03,Crater,Not Reported,61,5,0
2020-11-03,Chickahominy,Not Reported,23,0,0
2020-11-03,Portsmouth,Male,1356,140,32
2020-11-03,New River,Female,2382,40,13
2020-11-03,Rappahannock,Female,3385,208,42
2020-11-03,Central Virginia,Female,2717,93,28
2020-11-03,Roanoke,Not Reported,19,0,0
2020-11-03,West Piedmont,Female,1826,160,46
2020-11-03,Mount Rogers,Female,2270,149,78
2020-11-03,Piedmont,Male,1586,92,39
2020-11-03,Chesterfield,Female,4117,232,68
2020-11-03,Fairfax,Male,11926,1326,323
2020-11-03,Crater,Male,2993,144,54
2020-11-03,Central Virginia,Not Reported,140,2,1
2020-11-03,Prince William,Female,8875,529,107
2020-11-03,Virginia Beach,Female,4478,240,56
2020-11-03,Norfolk,Female,2845,211,39
2020-11-03,Three Rivers,Female,1066,66,18
2020-11-03,Arlington,Male,2415,300,83
2020-11-03,Central Shenandoah,Female,3804,156,38
2020-11-03,Southside,Female,932,43,24
2020-11-04,Southside,Not Reported,12,0,0
2020-11-04,Chesapeake,Female,2774,249,37
2020-11-04,Richmond,Female,2797,230,27
2020-11-04,Roanoke,Male,1335,52,21
2020-11-04,Fairfax,Not Reported,169,1,6
2020-11-04,Thomas Jefferson,Female,2385,121,41
2020-11-04,Chesapeake,Not Reported,6,0,0
2020-11-04,Cumberland Plateau,Male,697,51,6
2020-11-04,Eastern Shore,Female,781,74,26
2020-11-04,Lord Fairfax,Not Reported,24,0,0
2020-11-04,Rappahannock,Not Reported,28,0,0
2020-11-04,Central Shenandoah,Not Reported,20,0,0
2020-11-04,Peninsula,Male,2541,122,41
2020-11-04,Norfolk,Male,2730,203,45
2020-11-04,Alexandria,Female,2268,144,37
2020-11-04,Lenowisco,Male,885,67,21
2020-11-04,Pittsylvania-Danville,Female,1496,126,38
2020-11-04,New River,Not Reported,39,0,0
2020-11-04,Chesterfield,Not Reported,141,0,4
2020-11-04,Loudoun,Male,3988,264,51
2020-11-04,Rappahannock Rapidan,Female,1591,81,27
2020-11-04,Piedmont,Female,1001,75,17
2020-11-04,Richmond,Male,2680,229,49
2020-11-04,Crater,Female,2159,166,64
2020-11-04,Portsmouth,Female,1517,181,37
2020-11-04,Arlington,Not Reported,4,0,0
2020-11-04,Mount Rogers,Not Reported,24,0,1
2020-11-04,Thomas Jefferson,Not Reported,3,0,0
2020-11-04,Three Rivers,Not Reported,26,0,0
2020-11-04,Hampton,Male,1012,61,19
2020-11-04,Alleghany,Male,1447,58,19
2020-11-04,Roanoke,Female,1737,59,26
2020-05-21,Chesterfield,Female,637,32,17
2020-05-21,Chesterfield,Male,572,41,19
2020-05-21,Chesterfield,Not Reported,31,0,0
2020-05-21,Chickahominy,Female,226,38,13
2020-05-21,Chickahominy,Male,155,39,13
2020-05-21,Chickahominy,Not Reported,3,0,0
2020-05-21,Crater,Female,231,47,10
2020-05-21,Crater,Male,232,32,4
2020-05-21,Crater,Not Reported,5,2,0
2020-05-21,Cumberland Plateau,Female,18,1,0
2020-05-21,Cumberland Plateau,Male,14,1,0
2020-05-21,Cumberland Plateau,Not Reported,0,0,0
2020-05-21,Eastern Shore,Female,478,25,13
2020-05-21,Eastern Shore,Male,433,33,14
2020-05-21,Eastern Shore,Not Reported,4,0,0
2020-05-21,Fairfax,Female,4271,512,150
2020-05-21,Fairfax,Male,4342,665,166
2020-05-21,Fairfax,Not Reported,64,4,1
2020-05-21,Hampton,Female,93,11,1
2020-05-21,Hampton,Male,72,19,2
2020-05-21,Hampton,Not Reported,2,0,0
2020-05-21,Henrico,Female,774,84,58
2020-05-21,Henrico,Male,563,90,56
2020-05-21,Henrico,Not Reported,2,0,0
2020-05-21,Lenowisco,Female,22,7,1
2020-05-21,Lenowisco,Male,22,8,3
2020-05-21,Lenowisco,Not Reported,0,0,0
2020-05-21,Lord Fairfax,Female,548,49,20
2020-05-21,Lord Fairfax,Male,448,44,17
2020-05-21,Lord Fairfax,Not Reported,9,0,0
2020-05-21,Loudoun,Female,858,67,27
2020-05-21,Loudoun,Male,839,80,22
2020-05-21,Loudoun,Not Reported,3,0,0
2020-05-21,Mount Rogers,Female,132,6,2
2020-05-21,Mount Rogers,Male,121,13,4
2020-05-21,Mount Rogers,Not Reported,1,0,0
2020-05-21,New River,Female,48,4,0
2020-05-21,New River,Male,41,8,1
2020-05-21,New River,Not Reported,1,0,0
2020-05-21,Norfolk,Female,187,30,1
2020-05-21,Norfolk,Male,190,29,5
2020-05-21,Norfolk,Not Reported,0,0,0
2020-11-04,Loudoun,Not Reported,64,0,0
2020-11-04,Fairfax,Female,12669,998,290
2020-11-04,Western Tidewater,Male,2465,124,85
2020-11-04,Peninsula,Not Reported,22,0,0
2020-11-04,New River,Male,2316,52,15
2020-11-04,Central Shenandoah,Male,3326,154,47
2020-11-04,Southside,Male,967,48,24
2020-11-04,Chesterfield,Male,3774,249,79
2020-11-04,Arlington,Female,2415,240,71
2020-11-04,Rappahannock,Male,2971,232,52
2020-11-04,Central Virginia,Male,2356,110,37
2020-11-04,Alleghany,Not Reported,14,0,1
2020-11-04,Henrico,Male,3096,249,111
2020-11-04,Thomas Jefferson,Male,2164,119,36
2020-11-04,Lord Fairfax,Male,1983,182,71
2020-11-04,Three Rivers,Male,1220,75,22
2020-11-04,Richmond,Not Reported,65,1,2
2020-11-04,Pittsylvania-Danville,Male,1182,84,25
2020-11-04,Portsmouth,Not Reported,3,0,0
2020-11-04,Norfolk,Not Reported,3,0,0
2020-11-04,Chesapeake,Male,2332,237,43
2020-11-04,Chickahominy,Female,1266,98,31
2020-11-04,Prince William,Male,8518,678,151
2020-11-04,Eastern Shore,Not Reported,9,0,0
2020-11-04,Eastern Shore,Male,763,74,24
2020-11-04,Rappahannock Rapidan,Male,1567,115,28
2020-11-04,Henrico,Not Reported,59,1,0
2020-11-04,Cumberland Plateau,Female,849,51,9
2020-11-04,West Piedmont,Male,1443,149,45
2020-11-04,Hampton,Not Reported,7,0,0
2020-11-04,Alexandria,Not Reported,13,0,0
2020-11-04,Western Tidewater,Not Reported,5,0,2
2020-11-04,Cumberland Plateau,Not Reported,11,0,0
2020-11-04,Virginia Beach,Male,3889,214,52
2020-11-04,Alleghany,Female,1769,63,24
2020-11-04,Lenowisco,Female,966,50,6
2020-11-04,Virginia Beach,Not Reported,23,0,0
2020-11-04,Western Tidewater,Female,2255,116,69
2020-11-04,Mount Rogers,Male,1808,177,73
2020-11-04,Lord Fairfax,Female,2212,167,61
2020-11-04,Piedmont,Not Reported,6,0,0
2020-11-04,Alexandria,Male,2110,184,37
2020-11-04,Pittsylvania-Danville,Not Reported,11,1,0
2020-11-04,West Piedmont,Not Reported,15,1,0
2020-11-04,Loudoun,Female,4091,229,81
2020-11-04,Hampton,Female,1204,38,14
2020-11-04,Henrico,Female,3500,256,129
2020-11-04,Prince William,Not Reported,133,2,0
2020-11-04,Chickahominy,Male,1229,105,29
2020-11-04,Rappahannock Rapidan,Not Reported,60,0,0
2020-11-04,Peninsula,Female,2736,107,51
2020-11-04,Lenowisco,Not Reported,13,0,0
2020-11-04,Crater,Not Reported,61,5,0
2020-11-04,Chickahominy,Not Reported,24,0,0
2020-11-04,Portsmouth,Male,1356,140,32
2020-11-04,New River,Female,2398,39,13
2020-11-04,Rappahannock,Female,3405,208,42
2020-11-04,Central Virginia,Female,2737,95,28
2020-11-04,Roanoke,Not Reported,19,0,0
2020-11-04,West Piedmont,Female,1860,161,45
2020-11-04,Mount Rogers,Female,2290,153,79
2020-11-04,Piedmont,Male,1587,95,39
2020-11-04,Chesterfield,Female,4137,235,68
2020-11-04,Fairfax,Male,11995,1328,323
2020-11-04,Crater,Male,2996,144,54
2020-11-04,Central Virginia,Not Reported,154,2,1
2020-11-04,Prince William,Female,8913,529,107
2020-11-04,Virginia Beach,Female,4507,240,56
2020-11-04,Norfolk,Female,2856,211,40
2020-11-04,Three Rivers,Female,1072,67,18
2020-11-04,Arlington,Male,2435,301,83
2020-11-04,Central Shenandoah,Female,3830,157,38
2020-11-04,Southside,Female,940,43,24
2020-11-05,Southside,Not Reported,12,0,0
2020-11-05,Chesapeake,Female,2789,250,37
2020-11-05,Richmond,Female,2832,232,27
2020-11-05,Roanoke,Male,1352,52,21
2020-11-05,Fairfax,Not Reported,169,1,6
2020-11-05,Thomas Jefferson,Female,2393,121,41
2020-11-05,Chesapeake,Not Reported,7,0,1
2020-11-05,Cumberland Plateau,Male,712,53,6
2020-11-05,Eastern Shore,Female,786,74,26
2020-11-05,Lord Fairfax,Not Reported,25,0,0
2020-11-05,Rappahannock,Not Reported,29,0,0
2020-11-05,Central Shenandoah,Not Reported,20,0,0
2020-11-05,Peninsula,Male,2548,122,41
2020-11-05,Norfolk,Male,2742,203,45
2020-11-05,Alexandria,Female,2283,145,38
2020-11-05,Lenowisco,Male,922,67,21
2020-11-05,Pittsylvania-Danville,Female,1505,129,38
2020-11-05,New River,Not Reported,40,0,0
2020-11-05,Chesterfield,Not Reported,140,0,4
2020-11-05,Loudoun,Male,4005,266,51
2020-11-05,Rappahannock Rapidan,Female,1595,81,27
2020-11-05,Piedmont,Female,1008,76,17
2020-11-05,Richmond,Male,2698,230,49
2020-11-05,Crater,Female,2184,167,64
2020-11-05,Portsmouth,Female,1525,181,37
2020-11-05,Arlington,Not Reported,3,0,0
2020-11-05,Mount Rogers,Not Reported,25,0,1
2020-11-05,Thomas Jefferson,Not Reported,3,0,0
2020-11-05,Three Rivers,Not Reported,26,0,0
2020-11-05,Hampton,Male,1013,61,19
2020-11-05,Alleghany,Male,1465,58,19
2020-11-05,Roanoke,Female,1754,59,26
2020-05-21,Peninsula,Female,273,53,19
2020-05-21,Peninsula,Male,243,60,12
2020-05-21,Peninsula,Not Reported,3,0,0
2020-05-21,Piedmont,Female,127,15,1
2020-05-21,Piedmont,Male,499,26,4
2020-05-21,Piedmont,Not Reported,0,0,0
2020-05-21,Pittsylvania-Danville,Female,43,14,1
2020-05-21,Pittsylvania-Danville,Male,28,9,1
2020-05-21,Pittsylvania-Danville,Not Reported,0,0,0
2020-05-21,Portsmouth,Female,117,22,5
2020-05-21,Portsmouth,Male,126,18,6
2020-05-21,Portsmouth,Not Reported,2,0,0
2020-05-21,Prince William,Female,2499,221,49
2020-05-21,Prince William,Male,2618,269,39
2020-05-21,Prince William,Not Reported,32,1,0
2020-05-21,Rappahannock,Female,569,55,4
2020-05-21,Rappahannock,Male,534,74,10
2020-05-21,Rappahannock,Not Reported,4,1,0
2020-05-21,Rappahannock Rapidan,Female,425,25,4
2020-05-21,Rappahannock Rapidan,Male,450,44,7
2020-05-21,Rappahannock Rapidan,Not Reported,24,1,0
2020-05-21,Richmond,Female,423,50,5
2020-05-21,Richmond,Male,451,71,13
2020-05-21,Richmond,Not Reported,14,2,2
2020-05-21,Roanoke,Female,79,3,6
2020-05-21,Roanoke,Male,56,4,2
2020-05-21,Roanoke,Not Reported,0,0,0
2020-05-21,Southside,Female,153,17,13
2020-05-21,Southside,Male,79,17,8
2020-05-21,Southside,Not Reported,3,0,0
2020-05-21,Thomas Jefferson,Female,215,37,5
2020-05-21,Thomas Jefferson,Male,178,31,8
2020-05-21,Thomas Jefferson,Not Reported,1,0,0
2020-05-21,Three Rivers,Female,126,20,5
2020-05-21,Three Rivers,Male,313,13,1
2020-05-21,Three Rivers,Not Reported,2,0,0
2020-05-21,Virginia Beach,Female,320,38,7
2020-05-21,Virginia Beach,Male,262,49,12
2020-05-21,Virginia Beach,Not Reported,2,0,0
2020-05-21,West Piedmont,Female,64,5,1
2020-05-21,West Piedmont,Male,51,8,2
2020-11-05,Loudoun,Not Reported,61,0,0
2020-11-05,Fairfax,Female,12737,1003,291
2020-11-05,Western Tidewater,Male,2470,124,85
2020-11-05,Peninsula,Not Reported,23,0,0
2020-11-05,New River,Male,2339,54,16
2020-11-05,Central Shenandoah,Male,3349,154,47
2020-11-05,Southside,Male,971,48,24
2020-11-05,Chesterfield,Male,3794,249,79
2020-11-05,Arlington,Female,2420,240,71
2020-11-05,Rappahannock,Male,2999,232,52
2020-11-05,Central Virginia,Male,2379,110,37
2020-11-05,Alleghany,Not Reported,15,0,1
2020-11-05,Henrico,Male,3128,252,111
2020-11-05,Thomas Jefferson,Male,2175,121,36
2020-11-05,Lord Fairfax,Male,2004,185,71
2020-11-05,Three Rivers,Male,1224,76,23
2020-11-05,Richmond,Not Reported,65,1,2
2020-11-05,Pittsylvania-Danville,Male,1185,84,25
2020-11-05,Portsmouth,Not Reported,3,0,0
2020-11-05,Norfolk,Not Reported,3,0,0
2020-11-05,Chesapeake,Male,2348,237,43
2020-11-05,Chickahominy,Female,1271,98,31
2020-11-05,Prince William,Male,8568,681,151
2020-11-05,Eastern Shore,Not Reported,9,0,0
2020-11-05,Eastern Shore,Male,765,74,24
2020-11-05,Rappahannock Rapidan,Male,1612,115,28
2020-11-05,Henrico,Not Reported,61,1,0
2020-11-05,Cumberland Plateau,Female,860,51,9
2020-11-05,West Piedmont,Male,1459,148,46
2020-11-05,Hampton,Not Reported,7,0,0
2020-11-05,Alexandria,Not Reported,13,0,0
2020-11-05,Western Tidewater,Not Reported,5,0,2
2020-11-05,Cumberland Plateau,Not Reported,11,0,0
2020-11-05,Virginia Beach,Male,3912,219,54
2020-11-05,Alleghany,Female,1794,65,24
2020-11-05,Lenowisco,Female,998,50,6
2020-11-05,Virginia Beach,Not Reported,23,0,0
2020-11-05,Western Tidewater,Female,2264,116,69
2020-11-05,Mount Rogers,Male,1836,178,73
2020-11-05,Lord Fairfax,Female,2235,170,62
2020-11-05,Piedmont,Not Reported,6,0,0
2020-11-05,Alexandria,Male,2117,184,38
2020-11-05,Pittsylvania-Danville,Not Reported,11,1,0
2020-11-05,West Piedmont,Not Reported,15,1,0
2020-11-05,Loudoun,Female,4109,229,82
2020-11-05,Hampton,Female,1206,38,14
2020-11-05,Henrico,Female,3524,256,129
2020-11-05,Prince William,Not Reported,135,2,0
2020-11-05,Chickahominy,Male,1244,107,29
2020-11-05,Rappahannock Rapidan,Not Reported,65,0,0
2020-11-05,Peninsula,Female,2756,107,51
2020-11-05,Lenowisco,Not Reported,13,0,0
2020-11-05,Crater,Not Reported,60,5,0
2020-11-05,Chickahominy,Not Reported,25,0,0
2020-11-05,Portsmouth,Male,1360,141,32
2020-11-05,New River,Female,2423,41,13
2020-11-05,Rappahannock,Female,3443,208,41
2020-11-05,Central Virginia,Female,2762,95,28
2020-11-05,Roanoke,Not Reported,19,0,0
2020-11-05,West Piedmont,Female,1881,162,45
2020-11-05,Mount Rogers,Female,2333,156,79
2020-11-05,Piedmont,Male,1617,96,40
2020-11-05,Chesterfield,Female,4158,236,68
2020-11-05,Fairfax,Male,12063,1338,323
2020-11-05,Crater,Male,3020,145,54
2020-11-05,Central Virginia,Not Reported,161,2,1
2020-11-05,Prince William,Female,8957,530,107
2020-11-05,Virginia Beach,Female,4532,241,56
2020-11-05,Norfolk,Female,2864,211,40
2020-11-05,Three Rivers,Female,1071,67,18
2020-11-05,Arlington,Male,2449,302,83
2020-11-05,Central Shenandoah,Female,3851,157,38
2020-11-05,Southside,Female,947,43,24
2020-11-06,Southside,Not Reported,12,0,0
2020-11-06,Chesapeake,Female,2798,252,37
2020-11-06,Richmond,Female,2848,233,27
2020-11-06,Roanoke,Male,1375,52,21
2020-11-06,Fairfax,Not Reported,169,1,6
2020-11-06,Thomas Jefferson,Female,2419,121,41
2020-11-06,Chesapeake,Not Reported,6,0,0
2020-11-06,Cumberland Plateau,Male,735,54,6
2020-11-06,Eastern Shore,Female,786,74,26
2020-11-06,Lord Fairfax,Not Reported,26,0,0
2020-11-06,Rappahannock,Not Reported,28,0,0
2020-11-06,Central Shenandoah,Not Reported,21,0,0
2020-11-06,Peninsula,Male,2567,122,41
2020-11-06,Norfolk,Male,2764,204,45
2020-11-06,Alexandria,Female,2297,146,38
2020-11-06,Lenowisco,Male,939,68,21
2020-11-06,Pittsylvania-Danville,Female,1519,129,38
2020-11-06,New River,Not Reported,40,0,0
2020-11-06,Chesterfield,Not Reported,141,0,4
2020-11-06,Loudoun,Male,4031,268,52
2020-11-06,Rappahannock Rapidan,Female,1599,81,27
2020-11-06,Piedmont,Female,1016,80,17
2020-11-06,Richmond,Male,2711,232,49
2020-11-06,Crater,Female,2199,167,64
2020-11-06,Portsmouth,Female,1529,182,37
2020-11-06,Arlington,Not Reported,3,0,0
2020-11-06,Mount Rogers,Not Reported,25,0,1
2020-11-06,Thomas Jefferson,Not Reported,3,0,0
2020-11-06,Three Rivers,Not Reported,26,0,0
2020-11-06,Hampton,Male,1016,61,19
2020-11-06,Alleghany,Male,1489,59,20
2020-11-06,Roanoke,Female,1782,59,26
2020-05-21,West Piedmont,Not Reported,1,0,0
2020-05-21,Western Tidewater,Female,280,18,12
2020-05-21,Western Tidewater,Male,288,40,19
2020-05-21,Western Tidewater,Not Reported,3,0,0
2020-05-22,Alexandria,Female,844,76,20
2020-05-22,Alexandria,Male,808,99,17
2020-05-22,Alexandria,Not Reported,5,0,0
2020-05-22,Alleghany,Female,101,9,9
2020-05-22,Alleghany,Male,69,15,5
2020-05-22,Alleghany,Not Reported,1,0,0
2020-05-22,Arlington,Female,870,161,46
2020-05-22,Arlington,Male,916,185,45
2020-05-22,Arlington,Not Reported,9,0,0
2020-05-22,Central Shenandoah,Female,707,56,13
2020-05-22,Central Shenandoah,Male,627,50,15
2020-05-22,Central Shenandoah,Not Reported,4,0,0
2020-05-22,Central Virginia,Female,80,6,0
2020-05-22,Central Virginia,Male,102,9,4
2020-05-22,Central Virginia,Not Reported,0,0,0
2020-05-22,Chesapeake,Female,236,43,6
2020-05-22,Chesapeake,Male,183,39,7
2020-05-22,Chesapeake,Not Reported,0,0,0
2020-05-22,Chesterfield,Female,649,33,18
2020-05-22,Chesterfield,Male,581,42,19
2020-05-22,Chesterfield,Not Reported,31,0,0
2020-05-22,Chickahominy,Female,228,38,13
2020-05-22,Chickahominy,Male,155,39,13
2020-05-22,Chickahominy,Not Reported,3,0,0
2020-05-22,Crater,Female,232,47,10
2020-05-22,Crater,Male,237,32,4
2020-05-22,Crater,Not Reported,5,2,0
2020-05-22,Cumberland Plateau,Female,18,1,0
2020-05-22,Cumberland Plateau,Male,14,1,0
2020-05-22,Cumberland Plateau,Not Reported,0,0,0
2020-05-22,Eastern Shore,Female,479,26,13
2020-05-22,Eastern Shore,Male,435,33,14
2020-05-22,Eastern Shore,Not Reported,3,0,0
2020-05-22,Fairfax,Female,4350,522,160
2020-05-22,Fairfax,Male,4417,672,169
2020-05-22,Fairfax,Not Reported,64,4,1
2020-05-22,Hampton,Female,94,11,1
2020-11-06,Loudoun,Not Reported,62,0,0
2020-11-06,Fairfax,Female,12827,1007,283
2020-11-06,Western Tidewater,Male,2474,124,85
2020-11-06,Peninsula,Not Reported,22,0,0
2020-11-06,New River,Male,2375,54,16
2020-11-06,Central Shenandoah,Male,3381,155,47
2020-11-06,Southside,Male,987,48,24
2020-11-06,Chesterfield,Male,3816,249,79
2020-11-06,Arlington,Female,2445,240,71
2020-11-06,Rappahannock,Male,3017,232,52
2020-11-06,Central Virginia,Male,2403,111,37
2020-11-06,Alleghany,Not Reported,16,0,1
2020-11-06,Henrico,Male,3152,253,111
2020-11-06,Thomas Jefferson,Male,2192,121,36
2020-11-06,Lord Fairfax,Male,2030,187,72
2020-11-06,Three Rivers,Male,1233,77,23
2020-11-06,Richmond,Not Reported,66,1,2
2020-11-06,Pittsylvania-Danville,Male,1199,84,25
2020-11-06,Portsmouth,Not Reported,3,0,0
2020-11-06,Norfolk,Not Reported,3,0,0
2020-11-06,Chesapeake,Male,2364,239,43
2020-11-06,Chickahominy,Female,1283,99,31
2020-11-06,Prince William,Male,8626,681,152
2020-11-06,Eastern Shore,Not Reported,9,0,0
2020-11-06,Eastern Shore,Male,767,74,24
2020-11-06,Rappahannock Rapidan,Male,1630,116,28
2020-11-06,Henrico,Not Reported,59,1,0
2020-11-06,Cumberland Plateau,Female,885,52,9
2020-11-06,West Piedmont,Male,1480,149,46
2020-11-06,Hampton,Not Reported,7,0,0
2020-11-06,Alexandria,Not Reported,13,0,0
2020-11-06,Western Tidewater,Not Reported,5,0,2
2020-11-06,Cumberland Plateau,Not Reported,11,0,0
2020-11-06,Virginia Beach,Male,3953,220,54
2020-11-06,Alleghany,Female,1818,65,24
2020-11-06,Lenowisco,Female,1021,51,8
2020-11-06,Virginia Beach,Not Reported,25,0,0
2020-11-06,Western Tidewater,Female,2274,118,69
2020-11-06,Mount Rogers,Male,1858,179,73
2020-11-06,Lord Fairfax,Female,2258,171,62
2020-11-06,Piedmont,Not Reported,6,0,0
2020-11-06,Alexandria,Male,2134,185,38
2020-11-06,Pittsylvania-Danville,Not Reported,11,1,0
2020-11-06,West Piedmont,Not Reported,16,1,0
2020-11-06,Loudoun,Female,4132,230,82
2020-11-06,Hampton,Female,1210,38,14
2020-11-06,Henrico,Female,3551,256,129
2020-11-06,Prince William,Not Reported,134,2,0
2020-11-06,Chickahominy,Male,1258,109,29
2020-11-06,Rappahannock Rapidan,Not Reported,68,0,0
2020-11-06,Peninsula,Female,2786,107,51
2020-11-06,Lenowisco,Not Reported,14,0,0
2020-11-06,Crater,Not Reported,60,5,0
2020-11-06,Chickahominy,Not Reported,27,0,0
2020-11-06,Portsmouth,Male,1370,143,32
2020-11-06,New River,Female,2464,41,13
2020-11-06,Rappahannock,Female,3467,210,41
2020-11-06,Central Virginia,Female,2783,96,28
2020-11-06,Roanoke,Not Reported,19,0,0
2020-11-06,West Piedmont,Female,1905,164,45
2020-11-06,Mount Rogers,Female,2372,157,79
2020-11-06,Piedmont,Male,1621,99,40
2020-11-06,Chesterfield,Female,4177,239,68
2020-11-06,Fairfax,Male,12156,1345,320
2020-11-06,Crater,Male,3050,146,54
2020-11-06,Central Virginia,Not Reported,157,2,1
2020-11-06,Prince William,Female,9001,531,107
2020-11-06,Virginia Beach,Female,4562,243,56
2020-11-06,Norfolk,Female,2882,212,40
2020-11-06,Three Rivers,Female,1084,67,18
2020-11-06,Arlington,Male,2471,303,83
2020-11-06,Central Shenandoah,Female,3880,158,38
2020-11-06,Southside,Female,974,43,24
2020-11-07,Southside,Not Reported,12,0,0
2020-11-07,Chesapeake,Female,2832,256,37
2020-11-07,Richmond,Female,2866,233,27
2020-11-07,Roanoke,Male,1390,52,21
2020-11-07,Fairfax,Not Reported,171,1,6
2020-11-07,Thomas Jefferson,Female,2440,123,41
2020-11-07,Chesapeake,Not Reported,6,0,0
2020-11-07,Cumberland Plateau,Male,773,55,6
2020-11-07,Eastern Shore,Female,787,75,26
2020-11-07,Lord Fairfax,Not Reported,25,0,0
2020-11-07,Rappahannock,Not Reported,28,0,0
2020-11-07,Central Shenandoah,Not Reported,21,0,0
2020-11-07,Peninsula,Male,2587,122,41
2020-11-07,Norfolk,Male,2792,204,45
2020-11-07,Alexandria,Female,2311,146,38
2020-11-07,Lenowisco,Male,985,70,22
2020-11-07,Pittsylvania-Danville,Female,1535,132,38
2020-11-07,New River,Not Reported,49,0,0
2020-11-07,Chesterfield,Not Reported,141,0,3
2020-11-07,Loudoun,Male,4079,270,52
2020-11-07,Rappahannock Rapidan,Female,1604,82,27
2020-11-07,Piedmont,Female,1036,81,17
2020-11-07,Richmond,Male,2733,234,49
2020-11-07,Crater,Female,2208,167,64
2020-11-07,Portsmouth,Female,1533,186,38
2020-11-07,Arlington,Not Reported,3,0,0
2020-11-07,Mount Rogers,Not Reported,27,0,1
2020-11-07,Thomas Jefferson,Not Reported,3,0,0
2020-11-07,Three Rivers,Not Reported,24,0,0
2020-11-07,Hampton,Male,1033,61,20
2020-11-07,Alleghany,Male,1527,60,20
2020-11-07,Roanoke,Female,1815,59,26
2020-05-22,Hampton,Male,73,19,2
2020-05-22,Hampton,Not Reported,2,0,0
2020-05-22,Henrico,Female,789,84,60
2020-05-22,Henrico,Male,584,90,57
2020-05-22,Henrico,Not Reported,2,0,0
2020-05-22,Lenowisco,Female,20,7,1
2020-05-22,Lenowisco,Male,22,8,3
2020-05-22,Lenowisco,Not Reported,0,0,0
2020-05-22,Lord Fairfax,Female,561,51,20
2020-05-22,Lord Fairfax,Male,461,45,17
2020-05-22,Lord Fairfax,Not Reported,9,0,0
2020-05-22,Loudoun,Female,905,68,27
2020-05-22,Loudoun,Male,899,81,24
2020-05-22,Loudoun,Not Reported,3,0,0
2020-05-22,Mount Rogers,Female,137,6,2
2020-05-22,Mount Rogers,Male,124,14,4
2020-05-22,Mount Rogers,Not Reported,1,0,0
2020-05-22,New River,Female,48,4,0
2020-05-22,New River,Male,41,8,1
2020-05-22,New River,Not Reported,1,0,0
2020-05-22,Norfolk,Female,192,30,1
2020-05-22,Norfolk,Male,196,29,5
2020-05-22,Norfolk,Not Reported,0,0,0
2020-05-22,Peninsula,Female,279,53,20
2020-05-22,Peninsula,Male,250,60,12
2020-05-22,Peninsula,Not Reported,3,0,0
2020-05-22,Piedmont,Female,131,16,1
2020-05-22,Piedmont,Male,504,27,4
2020-05-22,Piedmont,Not Reported,0,0,0
2020-05-22,Pittsylvania-Danville,Female,43,14,2
2020-05-22,Pittsylvania-Danville,Male,30,10,1
2020-05-22,Pittsylvania-Danville,Not Reported,0,0,0
2020-05-22,Portsmouth,Female,121,22,5
2020-05-22,Portsmouth,Male,128,18,6
2020-05-22,Portsmouth,Not Reported,2,0,0
2020-05-22,Prince William,Female,2578,224,49
2020-05-22,Prince William,Male,2690,271,42
2020-05-22,Prince William,Not Reported,39,1,0
2020-05-22,Rappahannock,Female,586,55,4
2020-05-22,Rappahannock,Male,539,75,10
2020-05-22,Rappahannock,Not Reported,4,1,0
2020-11-07,Loudoun,Not Reported,61,0,0
2020-11-07,Fairfax,Female,12931,1008,292
2020-11-07,Western Tidewater,Male,2479,124,85
2020-11-07,Peninsula,Not Reported,22,0,0
2020-11-07,New River,Male,2409,55,16
2020-11-07,Central Shenandoah,Male,3433,155,47
2020-11-07,Southside,Male,995,49,24
2020-11-07,Chesterfield,Male,3862,250,79
2020-11-07,Arlington,Female,2466,241,71
2020-11-07,Rappahannock,Male,3038,234,52
2020-11-07,Central Virginia,Male,2443,112,37
2020-11-07,Alleghany,Not Reported,19,0,1
2020-11-07,Henrico,Male,3179,255,111
2020-11-07,Thomas Jefferson,Male,2206,123,36
2020-11-07,Lord Fairfax,Male,2053,190,72
2020-11-07,Three Rivers,Male,1236,77,23
2020-11-07,Richmond,Not Reported,66,1,2
2020-11-07,Pittsylvania-Danville,Male,1208,86,25
2020-11-07,Portsmouth,Not Reported,3,0,0
2020-11-07,Norfolk,Not Reported,3,0,0
2020-11-07,Chesapeake,Male,2391,241,43
2020-11-07,Chickahominy,Female,1311,98,31
2020-11-07,Prince William,Male,8666,681,152
2020-11-07,Eastern Shore,Not Reported,9,0,0
2020-11-07,Eastern Shore,Male,768,74,24
2020-11-07,Rappahannock Rapidan,Male,1646,118,28
2020-11-07,Henrico,Not Reported,61,1,0
2020-11-07,Cumberland Plateau,Female,933,52,9
2020-11-07,West Piedmont,Male,1508,153,46
2020-11-07,Hampton,Not Reported,7,0,0
2020-11-07,Alexandria,Not Reported,13,0,0
2020-11-07,Western Tidewater,Not Reported,5,0,2
2020-11-07,Cumberland Plateau,Not Reported,16,0,0
2020-11-07,Virginia Beach,Male,3999,221,56
2020-11-07,Alleghany,Female,1890,67,24
2020-11-07,Lenowisco,Female,1073,53,9
2020-11-07,Virginia Beach,Not Reported,25,0,0
2020-11-07,Western Tidewater,Female,2281,117,69
2020-11-07,Mount Rogers,Male,1895,183,73
2020-11-07,Lord Fairfax,Female,2295,172,62
2020-11-07,Piedmont,Not Reported,7,0,0
2020-11-07,Alexandria,Male,2157,186,38
2020-11-07,Pittsylvania-Danville,Not Reported,11,1,0
2020-11-07,West Piedmont,Not Reported,17,1,0
2020-11-07,Loudoun,Female,4173,235,82
2020-11-07,Hampton,Female,1223,38,14
2020-11-07,Henrico,Female,3593,258,130
2020-11-07,Prince William,Not Reported,138,2,0
2020-11-07,Chickahominy,Male,1281,109,30
2020-11-07,Rappahannock Rapidan,Not Reported,70,0,0
2020-11-07,Peninsula,Female,2805,108,51
2020-11-07,Lenowisco,Not Reported,16,0,0
2020-11-07,Crater,Not Reported,60,5,0
2020-11-07,Chickahominy,Not Reported,29,0,0
2020-11-07,Portsmouth,Male,1382,150,32
2020-11-07,New River,Female,2516,43,14
2020-11-07,Rappahannock,Female,3493,211,42
2020-11-07,Central Virginia,Female,2820,96,28
2020-11-07,Roanoke,Not Reported,19,0,0
2020-11-07,West Piedmont,Female,1937,164,45
2020-11-07,Mount Rogers,Female,2434,160,79
2020-11-07,Piedmont,Male,1634,100,40
2020-11-07,Chesterfield,Female,4222,240,69
2020-11-07,Fairfax,Male,12241,1346,323
2020-11-07,Crater,Male,3078,146,54
2020-11-07,Central Virginia,Not Reported,161,2,1
2020-11-07,Prince William,Female,9050,532,107
2020-11-07,Virginia Beach,Female,4607,243,56
2020-11-07,Norfolk,Female,2906,213,40
2020-11-07,Three Rivers,Female,1096,67,18
2020-11-07,Arlington,Male,2501,304,83
2020-11-07,Central Shenandoah,Female,3933,159,38
2020-11-07,Southside,Female,983,43,24
2020-11-08,Southside,Not Reported,12,0,0
2020-11-08,Chesapeake,Female,2846,257,37
2020-11-08,Richmond,Female,2903,234,27
2020-11-08,Roanoke,Male,1398,53,21
2020-11-08,Fairfax,Not Reported,170,1,6
2020-11-08,Thomas Jefferson,Female,2453,125,41
2020-11-08,Chesapeake,Not Reported,6,0,0
2020-11-08,Cumberland Plateau,Male,781,55,6
2020-11-08,Eastern Shore,Female,788,75,26
2020-11-08,Lord Fairfax,Not Reported,25,0,0
2020-11-08,Rappahannock,Not Reported,28,0,0
2020-11-08,Central Shenandoah,Not Reported,21,0,0
2020-11-08,Peninsula,Male,2613,123,41
2020-11-08,Norfolk,Male,2805,204,45
2020-11-08,Alexandria,Female,2322,146,38
2020-11-08,Lenowisco,Male,1024,72,22
2020-11-08,Pittsylvania-Danville,Female,1545,133,38
2020-11-08,New River,Not Reported,49,0,0
2020-11-08,Chesterfield,Not Reported,140,0,3
2020-11-08,Loudoun,Male,4093,270,52
2020-11-08,Rappahannock Rapidan,Female,1614,83,27
2020-11-08,Piedmont,Female,1040,81,17
2020-11-08,Richmond,Male,2759,233,49
2020-11-08,Crater,Female,2221,167,64
2020-11-08,Portsmouth,Female,1536,186,38
2020-11-08,Arlington,Not Reported,3,0,0
2020-11-08,Mount Rogers,Not Reported,28,0,1
2020-11-08,Thomas Jefferson,Not Reported,3,0,0
2020-11-08,Three Rivers,Not Reported,24,0,0
2020-11-08,Hampton,Male,1038,61,20
2020-11-08,Alleghany,Male,1552,60,20
2020-11-08,Roanoke,Female,1823,59,26
2020-05-22,Rappahannock Rapidan,Female,438,26,4
2020-05-22,Rappahannock Rapidan,Male,472,44,7
2020-05-22,Rappahannock Rapidan,Not Reported,24,1,0
2020-05-22,Richmond,Female,442,51,5
2020-05-22,Richmond,Male,478,74,13
2020-05-22,Richmond,Not Reported,14,2,2
2020-05-22,Roanoke,Female,82,3,7
2020-05-22,Roanoke,Male,58,4,2
2020-05-22,Roanoke,Not Reported,0,0,0
2020-05-22,Southside,Female,158,17,13
2020-05-22,Southside,Male,81,17,8
2020-05-22,Southside,Not Reported,3,0,0
2020-05-22,Thomas Jefferson,Female,218,37,5
2020-05-22,Thomas Jefferson,Male,182,31,9
2020-05-22,Thomas Jefferson,Not Reported,1,0,0
2020-05-22,Three Rivers,Female,130,20,5
2020-05-22,Three Rivers,Male,320,13,1
2020-05-22,Three Rivers,Not Reported,1,0,0
2020-05-22,Virginia Beach,Female,325,39,7
2020-05-22,Virginia Beach,Male,264,51,12
2020-05-22,Virginia Beach,Not Reported,2,0,0
2020-05-22,West Piedmont,Female,69,5,1
2020-05-22,West Piedmont,Male,57,8,2
2020-05-22,West Piedmont,Not Reported,1,0,0
2020-05-22,Western Tidewater,Female,285,19,12
2020-05-22,Western Tidewater,Male,288,41,19
2020-05-22,Western Tidewater,Not Reported,3,0,0
2020-05-23,Alexandria,Female,866,76,20
2020-05-23,Alexandria,Male,832,99,18
2020-05-23,Alexandria,Not Reported,5,0,0
2020-05-23,Alleghany,Female,101,9,9
2020-05-23,Alleghany,Male,72,15,5
2020-05-23,Alleghany,Not Reported,1,0,0
2020-05-23,Arlington,Female,875,161,48
2020-05-23,Arlington,Male,920,185,47
2020-05-23,Arlington,Not Reported,9,0,0
2020-05-23,Central Shenandoah,Female,715,56,13
2020-05-23,Central Shenandoah,Male,639,50,15
2020-05-23,Central Shenandoah,Not Reported,4,0,0
2020-05-23,Central Virginia,Female,80,6,0
2020-05-23,Central Virginia,Male,102,9,4
2020-11-08,Loudoun,Not Reported,61,0,0
2020-11-08,Fairfax,Female,13036,1012,292
2020-11-08,Western Tidewater,Male,2486,124,85
2020-11-08,Peninsula,Not Reported,22,0,0
2020-11-08,New River,Male,2419,56,16
2020-11-08,Central Shenandoah,Male,3436,156,47
2020-11-08,Southside,Male,996,49,25
2020-11-08,Chesterfield,Male,3891,250,79
2020-11-08,Arlington,Female,2500,241,71
2020-11-08,Rappahannock,Male,3066,234,52
2020-11-08,Central Virginia,Male,2454,112,37
2020-11-08,Alleghany,Not Reported,19,0,1
2020-11-08,Henrico,Male,3214,257,111
2020-11-08,Thomas Jefferson,Male,2216,124,36
2020-11-08,Lord Fairfax,Male,2072,190,73
2020-11-08,Three Rivers,Male,1242,77,23
2020-11-08,Richmond,Not Reported,66,1,2
2020-11-08,Pittsylvania-Danville,Male,1217,86,25
2020-11-08,Portsmouth,Not Reported,3,0,0
2020-11-08,Norfolk,Not Reported,4,0,0
2020-11-08,Chesapeake,Male,2412,241,43
2020-11-08,Chickahominy,Female,1319,98,31
2020-11-08,Prince William,Male,8730,681,152
2020-11-08,Eastern Shore,Not Reported,9,0,0
2020-11-08,Eastern Shore,Male,769,75,24
2020-11-08,Rappahannock Rapidan,Male,1654,118,28
2020-11-08,Henrico,Not Reported,62,1,0
2020-11-08,Cumberland Plateau,Female,944,52,9
2020-11-08,West Piedmont,Male,1516,153,46
2020-11-08,Hampton,Not Reported,7,0,0
2020-11-08,Alexandria,Not Reported,13,0,0
2020-11-08,Western Tidewater,Not Reported,5,0,2
2020-11-08,Cumberland Plateau,Not Reported,16,0,0
2020-11-08,Virginia Beach,Male,4029,222,56
2020-11-08,Alleghany,Female,1902,67,24
2020-11-08,Lenowisco,Female,1084,53,9
2020-11-08,Virginia Beach,Not Reported,26,0,0
2020-11-08,Western Tidewater,Female,2282,117,69
2020-11-08,Mount Rogers,Male,1914,185,73
2020-11-08,Lord Fairfax,Female,2308,174,62
2020-11-08,Piedmont,Not Reported,7,0,0
2020-11-08,Alexandria,Male,2164,187,38
2020-11-08,Pittsylvania-Danville,Not Reported,11,1,0
2020-11-08,West Piedmont,Not Reported,17,1,0
2020-11-08,Loudoun,Female,4182,235,82
2020-11-08,Hampton,Female,1225,39,14
2020-11-08,Henrico,Female,3628,262,130
2020-11-08,Prince William,Not Reported,135,2,0
2020-11-08,Chickahominy,Male,1296,110,30
2020-11-08,Rappahannock Rapidan,Not Reported,72,0,0
2020-11-08,Peninsula,Female,2823,108,51
2020-11-08,Lenowisco,Not Reported,17,0,0
2020-11-08,Crater,Not Reported,62,5,0
2020-11-08,Chickahominy,Not Reported,29,0,0
2020-11-08,Portsmouth,Male,1387,151,32
2020-11-08,New River,Female,2536,43,14
2020-11-08,Rappahannock,Female,3513,211,42
2020-11-08,Central Virginia,Female,2832,96,28
2020-11-08,Roanoke,Not Reported,19,0,0
2020-11-08,West Piedmont,Female,1951,164,45
2020-11-08,Mount Rogers,Female,2460,161,79
2020-11-08,Piedmont,Male,1637,100,40
2020-11-08,Chesterfield,Female,4265,240,69
2020-11-08,Fairfax,Male,12349,1353,323
2020-11-08,Crater,Male,3091,146,54
2020-11-08,Central Virginia,Not Reported,160,2,1
2020-11-08,Prince William,Female,9107,532,107
2020-11-08,Virginia Beach,Female,4643,243,56
2020-11-08,Norfolk,Female,2918,214,40
2020-11-08,Three Rivers,Female,1102,67,18
2020-11-08,Arlington,Male,2533,304,84
2020-11-08,Central Shenandoah,Female,3934,160,38
2020-11-08,Southside,Female,986,43,24
2020-11-09,Southside,Not Reported,12,0,0
2020-11-09,Chesapeake,Female,2871,257,37
2020-11-09,Richmond,Female,2930,237,27
2020-11-09,Roanoke,Male,1406,54,21
2020-11-09,Fairfax,Not Reported,172,1,6
2020-11-09,Thomas Jefferson,Female,2462,126,41
2020-11-09,Chesapeake,Not Reported,6,0,0
2020-11-09,Cumberland Plateau,Male,788,55,6
2020-11-09,Eastern Shore,Female,789,75,26
2020-11-09,Lord Fairfax,Not Reported,26,0,0
2020-11-09,Rappahannock,Not Reported,27,0,0
2020-11-09,Central Shenandoah,Not Reported,21,0,0
2020-11-09,Peninsula,Male,2625,125,41
2020-11-09,Norfolk,Male,2805,205,45
2020-11-09,Alexandria,Female,2331,147,38
2020-11-09,Lenowisco,Male,1030,74,22
2020-11-09,Pittsylvania-Danville,Female,1550,133,39
2020-11-09,New River,Not Reported,49,0,0
2020-11-09,Chesterfield,Not Reported,140,0,3
2020-11-09,Loudoun,Male,4139,270,52
2020-11-09,Rappahannock Rapidan,Female,1630,83,27
2020-11-09,Piedmont,Female,1044,81,17
2020-11-09,Richmond,Male,2776,234,49
2020-11-09,Crater,Female,2232,167,64
2020-11-09,Portsmouth,Female,1540,186,38
2020-11-09,Arlington,Not Reported,3,0,0
2020-11-09,Mount Rogers,Not Reported,28,0,1
2020-11-09,Thomas Jefferson,Not Reported,3,0,0
2020-11-09,Three Rivers,Not Reported,25,0,0
2020-11-09,Hampton,Male,1040,61,20
2020-11-09,Alleghany,Male,1556,60,20
2020-11-09,Roanoke,Female,1830,59,27
2020-05-23,Central Virginia,Not Reported,0,0,0
2020-05-23,Chesapeake,Female,241,43,6
2020-05-23,Chesapeake,Male,185,39,7
2020-05-23,Chesapeake,Not Reported,0,0,0
2020-05-23,Chesterfield,Female,670,33,18
2020-05-23,Chesterfield,Male,604,42,19
2020-05-23,Chesterfield,Not Reported,31,0,0
2020-05-23,Chickahominy,Female,233,38,13
2020-05-23,Chickahominy,Male,160,39,13
2020-05-23,Chickahominy,Not Reported,3,0,0
2020-05-23,Crater,Female,241,47,10
2020-05-23,Crater,Male,250,33,4
2020-05-23,Crater,Not Reported,6,2,0
2020-05-23,Cumberland Plateau,Female,18,1,0
2020-05-23,Cumberland Plateau,Male,14,1,0
2020-05-23,Cumberland Plateau,Not Reported,0,0,0
2020-05-23,Eastern Shore,Female,488,27,13
2020-05-23,Eastern Shore,Male,441,33,14
2020-05-23,Eastern Shore,Not Reported,3,0,0
2020-05-23,Fairfax,Female,4474,526,161
2020-05-23,Fairfax,Male,4505,678,172
2020-05-23,Fairfax,Not Reported,65,4,1
2020-05-23,Hampton,Female,96,11,1
2020-05-23,Hampton,Male,74,19,2
2020-05-23,Hampton,Not Reported,2,0,0
2020-05-23,Henrico,Female,813,85,61
2020-05-23,Henrico,Male,596,91,57
2020-05-23,Henrico,Not Reported,2,0,0
2020-05-23,Lenowisco,Female,20,7,1
2020-05-23,Lenowisco,Male,22,8,3
2020-05-23,Lenowisco,Not Reported,0,0,0
2020-05-23,Lord Fairfax,Female,574,52,21
2020-05-23,Lord Fairfax,Male,482,48,22
2020-05-23,Lord Fairfax,Not Reported,9,0,0
2020-05-23,Loudoun,Female,916,68,28
2020-05-23,Loudoun,Male,911,81,24
2020-05-23,Loudoun,Not Reported,4,0,0
2020-05-23,Mount Rogers,Female,137,6,2
2020-05-23,Mount Rogers,Male,126,14,4
2020-05-23,Mount Rogers,Not Reported,1,0,0
2020-05-23,New River,Female,49,4,0
2020-05-23,New River,Male,42,8,1
2020-11-09,Loudoun,Not Reported,62,0,0
2020-11-09,Fairfax,Female,13115,1015,292
2020-11-09,Western Tidewater,Male,2495,125,85
2020-11-09,Peninsula,Not Reported,22,0,0
2020-11-09,New River,Male,2443,56,16
2020-11-09,Central Shenandoah,Male,3461,157,48
2020-11-09,Southside,Male,997,49,25
2020-11-09,Chesterfield,Male,3939,250,79
2020-11-09,Arlington,Female,2511,242,71
2020-11-09,Rappahannock,Male,3086,235,52
2020-11-09,Central Virginia,Male,2469,112,37
2020-11-09,Alleghany,Not Reported,20,0,1
2020-11-09,Henrico,Male,3230,258,111
2020-11-09,Thomas Jefferson,Male,2219,125,37
2020-11-09,Lord Fairfax,Male,2097,193,73
2020-11-09,Three Rivers,Male,1244,78,23
2020-11-09,Richmond,Not Reported,66,1,2
2020-11-09,Pittsylvania-Danville,Male,1223,87,25
2020-11-09,Portsmouth,Not Reported,3,0,0
2020-11-09,Norfolk,Not Reported,4,0,0
2020-11-09,Chesapeake,Male,2424,242,43
2020-11-09,Chickahominy,Female,1324,98,31
2020-11-09,Prince William,Male,8777,681,152
2020-11-09,Eastern Shore,Not Reported,9,0,0
2020-11-09,Eastern Shore,Male,770,75,24
2020-11-09,Rappahannock Rapidan,Male,1750,119,28
2020-11-09,Henrico,Not Reported,64,1,0
2020-11-09,Cumberland Plateau,Female,952,54,9
2020-11-09,West Piedmont,Male,1535,153,47
2020-11-09,Hampton,Not Reported,7,0,0
2020-11-09,Alexandria,Not Reported,13,0,0
2020-11-09,Western Tidewater,Not Reported,5,0,2
2020-11-09,Cumberland Plateau,Not Reported,12,0,0
2020-11-09,Virginia Beach,Male,4045,222,56
2020-11-09,Alleghany,Female,1921,67,24
2020-11-09,Lenowisco,Female,1091,53,9
2020-11-09,Virginia Beach,Not Reported,26,0,0
2020-11-09,Western Tidewater,Female,2288,121,69
2020-11-09,Mount Rogers,Male,1966,188,73
2020-11-09,Lord Fairfax,Female,2336,174,62
2020-11-09,Piedmont,Not Reported,7,0,0
2020-11-09,Alexandria,Male,2173,187,38
2020-11-09,Pittsylvania-Danville,Not Reported,12,1,0
2020-11-09,West Piedmont,Not Reported,17,1,0
2020-11-09,Loudoun,Female,4212,235,82
2020-11-09,Hampton,Female,1231,39,14
2020-11-09,Henrico,Female,3643,262,130
2020-11-09,Prince William,Not Reported,145,2,0
2020-11-09,Chickahominy,Male,1300,112,30
2020-11-09,Rappahannock Rapidan,Not Reported,71,0,0
2020-11-09,Peninsula,Female,2835,108,51
2020-11-09,Lenowisco,Not Reported,17,0,0
2020-11-09,Crater,Not Reported,61,5,0
2020-11-09,Chickahominy,Not Reported,29,0,0
2020-11-09,Portsmouth,Male,1387,151,32
2020-11-09,New River,Female,2561,44,14
2020-11-09,Rappahannock,Female,3530,211,42
2020-11-09,Central Virginia,Female,2844,96,28
2020-11-09,Roanoke,Not Reported,19,0,0
2020-11-09,West Piedmont,Female,1965,164,46
2020-11-09,Mount Rogers,Female,2509,163,79
2020-11-09,Piedmont,Male,1650,100,40
2020-11-09,Chesterfield,Female,4309,242,69
2020-11-09,Fairfax,Male,12428,1361,323
2020-11-09,Crater,Male,3100,146,54
2020-11-09,Central Virginia,Not Reported,171,2,1
2020-11-09,Prince William,Female,9145,533,107
2020-11-09,Virginia Beach,Female,4666,242,56
2020-11-09,Norfolk,Female,2919,214,40
2020-11-09,Three Rivers,Female,1102,67,18
2020-11-09,Arlington,Male,2546,304,84
2020-11-09,Central Shenandoah,Female,3968,160,38
2020-11-09,Southside,Female,998,43,24
2020-11-10,Southside,Not Reported,12,0,0
2020-11-10,Chesapeake,Female,2882,257,37
2020-11-10,Richmond,Female,2946,236,27
2020-11-10,Roanoke,Male,1427,54,22
2020-11-10,Fairfax,Not Reported,170,1,6
2020-11-10,Thomas Jefferson,Female,2477,127,41
2020-11-10,Chesapeake,Not Reported,6,0,0
2020-11-10,Cumberland Plateau,Male,809,54,6
2020-11-10,Eastern Shore,Female,789,75,26
2020-11-10,Lord Fairfax,Not Reported,25,0,0
2020-11-10,Rappahannock,Not Reported,29,0,0
2020-11-10,Central Shenandoah,Not Reported,20,0,0
2020-11-10,Peninsula,Male,2633,125,41
2020-11-10,Norfolk,Male,2828,207,46
2020-11-10,Alexandria,Female,2341,147,38
2020-11-10,Lenowisco,Male,1041,74,22
2020-11-10,Pittsylvania-Danville,Female,1568,134,39
2020-11-10,New River,Not Reported,49,0,0
2020-11-10,Chesterfield,Not Reported,142,0,3
2020-11-10,Loudoun,Male,4176,272,52
2020-11-10,Rappahannock Rapidan,Female,1642,84,27
2020-11-10,Piedmont,Female,1054,81,17
2020-11-10,Richmond,Male,2787,234,49
2020-11-10,Crater,Female,2238,167,64
2020-11-10,Portsmouth,Female,1548,186,38
2020-11-10,Arlington,Not Reported,3,0,0
2020-11-10,Mount Rogers,Not Reported,28,0,1
2020-11-10,Thomas Jefferson,Not Reported,4,0,0
2020-11-10,Three Rivers,Not Reported,24,0,0
2020-11-10,Hampton,Male,1041,62,20
2020-11-10,Alleghany,Male,1598,60,20
2020-11-10,Roanoke,Female,1867,59,28
2020-05-23,New River,Not Reported,1,0,0
2020-05-23,Norfolk,Female,192,31,1
2020-05-23,Norfolk,Male,201,30,5
2020-05-23,Norfolk,Not Reported,0,0,0
2020-05-23,Peninsula,Female,287,53,20
2020-05-23,Peninsula,Male,253,60,12
2020-05-23,Peninsula,Not Reported,3,0,0
2020-05-23,Piedmont,Female,136,16,1
2020-05-23,Piedmont,Male,508,27,4
2020-05-23,Piedmont,Not Reported,0,0,0
2020-05-23,Pittsylvania-Danville,Female,44,14,2
2020-05-23,Pittsylvania-Danville,Male,30,11,1
2020-05-23,Pittsylvania-Danville,Not Reported,0,0,0
2020-05-23,Portsmouth,Female,122,22,5
2020-05-23,Portsmouth,Male,129,18,6
2020-05-23,Portsmouth,Not Reported,2,0,0
2020-05-23,Prince William,Female,2641,227,50
2020-05-23,Prince William,Male,2748,273,45
2020-05-23,Prince William,Not Reported,41,1,0
2020-05-23,Rappahannock,Female,603,55,4
2020-05-23,Rappahannock,Male,554,77,10
2020-05-23,Rappahannock,Not Reported,9,1,0
2020-05-23,Rappahannock Rapidan,Female,446,26,4
2020-05-23,Rappahannock Rapidan,Male,489,44,7
2020-05-23,Rappahannock Rapidan,Not Reported,24,1,0
2020-05-23,Richmond,Female,465,53,4
2020-05-23,Richmond,Male,500,75,13
2020-05-23,Richmond,Not Reported,14,2,2
2020-05-23,Roanoke,Female,82,3,7
2020-05-23,Roanoke,Male,59,4,2
2020-05-23,Roanoke,Not Reported,0,0,0
2020-05-23,Southside,Female,159,19,13
2020-05-23,Southside,Male,81,18,8
2020-05-23,Southside,Not Reported,3,0,0
2020-05-23,Thomas Jefferson,Female,218,37,7
2020-05-23,Thomas Jefferson,Male,183,31,9
2020-05-23,Thomas Jefferson,Not Reported,1,0,0
2020-05-23,Three Rivers,Female,133,20,5
2020-05-23,Three Rivers,Male,334,13,1
2020-05-23,Three Rivers,Not Reported,2,0,0
2020-05-23,Virginia Beach,Female,329,39,7
2020-11-10,Loudoun,Not Reported,64,0,0
2020-11-10,Fairfax,Female,13180,1019,292
2020-11-10,Western Tidewater,Male,2499,125,85
2020-11-10,Peninsula,Not Reported,22,0,0
2020-11-10,New River,Male,2469,58,16
2020-11-10,Central Shenandoah,Male,3472,158,48
2020-11-10,Southside,Male,997,49,25
2020-11-10,Chesterfield,Male,3955,250,79
2020-11-10,Arlington,Female,2527,242,71
2020-11-10,Rappahannock,Male,3101,236,52
2020-11-10,Central Virginia,Male,2491,113,37
2020-11-10,Alleghany,Not Reported,19,0,1
2020-11-10,Henrico,Male,3250,261,112
2020-11-10,Thomas Jefferson,Male,2234,125,37
2020-11-10,Lord Fairfax,Male,2120,194,73
2020-11-10,Three Rivers,Male,1254,78,23
2020-11-10,Richmond,Not Reported,66,1,2
2020-11-10,Pittsylvania-Danville,Male,1232,87,25
2020-11-10,Portsmouth,Not Reported,3,0,0
2020-11-10,Norfolk,Not Reported,4,0,0
2020-11-10,Chesapeake,Male,2442,242,43
2020-11-10,Chickahominy,Female,1343,98,31
2020-11-10,Prince William,Male,8818,686,153
2020-11-10,Eastern Shore,Not Reported,9,0,0
2020-11-10,Eastern Shore,Male,770,75,24
2020-11-10,Rappahannock Rapidan,Male,1803,119,28
2020-11-10,Henrico,Not Reported,58,1,0
2020-11-10,Cumberland Plateau,Female,974,56,9
2020-11-10,West Piedmont,Male,1550,156,47
2020-11-10,Hampton,Not Reported,7,0,0
2020-11-10,Alexandria,Not Reported,13,0,0
2020-11-10,Western Tidewater,Not Reported,5,0,2
2020-11-10,Cumberland Plateau,Not Reported,13,0,0
2020-11-10,Virginia Beach,Male,4084,224,56
2020-11-10,Alleghany,Female,1944,70,27
2020-11-10,Lenowisco,Female,1110,53,9
2020-11-10,Virginia Beach,Not Reported,27,0,0
2020-11-10,Western Tidewater,Female,2293,122,69
2020-11-10,Mount Rogers,Male,1994,190,73
2020-11-10,Lord Fairfax,Female,2359,176,62
2020-11-10,Piedmont,Not Reported,7,0,0
2020-11-10,Alexandria,Male,2179,187,38
2020-11-10,Pittsylvania-Danville,Not Reported,12,1,0
2020-11-10,West Piedmont,Not Reported,17,1,0
2020-11-10,Loudoun,Female,4246,236,82
2020-11-10,Hampton,Female,1241,39,14
2020-11-10,Henrico,Female,3676,264,131
2020-11-10,Prince William,Not Reported,148,2,0
2020-11-10,Chickahominy,Male,1318,112,30
2020-11-10,Rappahannock Rapidan,Not Reported,73,0,0
2020-11-10,Peninsula,Female,2859,109,51
2020-11-10,Lenowisco,Not Reported,18,0,0
2020-11-10,Crater,Not Reported,62,5,0
2020-11-10,Chickahominy,Not Reported,31,0,0
2020-11-10,Portsmouth,Male,1392,153,32
2020-11-10,New River,Female,2598,46,14
2020-11-10,Rappahannock,Female,3547,211,42
2020-11-10,Central Virginia,Female,2866,97,28
2020-11-10,Roanoke,Not Reported,19,0,0
2020-11-10,West Piedmont,Female,1992,166,46
2020-11-10,Mount Rogers,Female,2550,166,79
2020-11-10,Piedmont,Male,1670,104,40
2020-11-10,Chesterfield,Female,4346,243,69
2020-11-10,Fairfax,Male,12496,1363,324
2020-11-10,Crater,Male,3108,146,54
2020-11-10,Central Virginia,Not Reported,167,2,1
2020-11-10,Prince William,Female,9188,535,109
2020-11-10,Virginia Beach,Female,4699,245,56
2020-11-10,Norfolk,Female,2945,215,40
2020-11-10,Three Rivers,Female,1111,67,18
2020-11-10,Arlington,Male,2563,304,84
2020-11-10,Central Shenandoah,Female,3986,161,39
2020-11-10,Southside,Female,1003,43,24
2020-11-11,Southside,Not Reported,12,0,0
2020-11-11,Chesapeake,Female,2909,257,37
2020-11-11,Richmond,Female,2969,236,27
2020-11-11,Roanoke,Male,1442,55,22
2020-11-11,Fairfax,Not Reported,170,1,6
2020-11-11,Thomas Jefferson,Female,2489,128,41
2020-11-11,Chesapeake,Not Reported,6,0,0
2020-11-11,Cumberland Plateau,Male,828,57,7
2020-11-11,Eastern Shore,Female,790,76,26
2020-11-11,Lord Fairfax,Not Reported,25,0,0
2020-11-11,Rappahannock,Not Reported,29,0,0
2020-11-11,Central Shenandoah,Not Reported,20,0,0
2020-11-11,Peninsula,Male,2646,125,41
2020-11-11,Norfolk,Male,2843,207,46
2020-11-11,Alexandria,Female,2346,147,38
2020-11-11,Lenowisco,Male,1065,74,22
2020-11-11,Pittsylvania-Danville,Female,1578,134,39
2020-11-11,New River,Not Reported,49,0,0
2020-11-11,Chesterfield,Not Reported,143,0,3
2020-11-11,Loudoun,Male,4212,276,53
2020-11-11,Rappahannock Rapidan,Female,1655,85,27
2020-11-11,Piedmont,Female,1056,82,17
2020-11-11,Richmond,Male,2803,234,49
2020-11-11,Crater,Female,2247,167,64
2020-11-11,Portsmouth,Female,1553,186,38
2020-11-11,Arlington,Not Reported,4,0,0
2020-11-11,Mount Rogers,Not Reported,29,0,1
2020-11-11,Thomas Jefferson,Not Reported,4,0,0
2020-11-11,Three Rivers,Not Reported,24,0,0
2020-11-11,Hampton,Male,1056,63,20
2020-11-11,Alleghany,Male,1623,61,20
2020-11-11,Roanoke,Female,1882,60,28
2020-05-23,Virginia Beach,Male,267,51,12
2020-05-23,Virginia Beach,Not Reported,2,0,0
2020-05-23,West Piedmont,Female,71,5,2
2020-05-23,West Piedmont,Male,60,10,2
2020-05-23,West Piedmont,Not Reported,1,0,0
2020-05-23,Western Tidewater,Female,297,19,12
2020-05-23,Western Tidewater,Male,293,41,19
2020-05-23,Western Tidewater,Not Reported,3,0,0
2020-05-24,Alexandria,Female,884,76,20
2020-05-24,Alexandria,Male,844,99,18
2020-05-24,Alexandria,Not Reported,5,0,0
2020-05-24,Alleghany,Female,101,9,9
2020-05-24,Alleghany,Male,72,15,5
2020-05-24,Alleghany,Not Reported,1,0,0
2020-05-24,Arlington,Female,911,167,51
2020-05-24,Arlington,Male,953,196,47
2020-05-24,Arlington,Not Reported,9,1,0
2020-05-24,Central Shenandoah,Female,720,58,13
2020-05-24,Central Shenandoah,Male,643,51,15
2020-05-24,Central Shenandoah,Not Reported,4,0,0
2020-05-24,Central Virginia,Female,80,6,0
2020-05-24,Central Virginia,Male,102,9,4
2020-05-24,Central Virginia,Not Reported,0,0,0
2020-05-24,Chesapeake,Female,246,43,6
2020-05-24,Chesapeake,Male,187,39,7
2020-05-24,Chesapeake,Not Reported,0,0,0
2020-05-24,Chesterfield,Female,670,33,18
2020-05-24,Chesterfield,Male,604,42,19
2020-05-24,Chesterfield,Not Reported,31,0,0
2020-05-24,Chickahominy,Female,233,38,13
2020-05-24,Chickahominy,Male,160,39,13
2020-05-24,Chickahominy,Not Reported,3,0,0
2020-05-24,Crater,Female,240,47,10
2020-05-24,Crater,Male,249,33,4
2020-05-24,Crater,Not Reported,6,2,0
2020-05-24,Cumberland Plateau,Female,18,1,0
2020-05-24,Cumberland Plateau,Male,14,1,0
2020-05-24,Cumberland Plateau,Not Reported,0,0,0
2020-05-24,Eastern Shore,Female,494,27,13
2020-05-24,Eastern Shore,Male,443,33,14
2020-05-24,Eastern Shore,Not Reported,3,0,0
2020-11-11,Loudoun,Not Reported,66,0,0
2020-11-11,Fairfax,Female,13292,1026,294
2020-11-11,Western Tidewater,Male,2504,126,85
2020-11-11,Peninsula,Not Reported,23,0,0
2020-11-11,New River,Male,2484,59,17
2020-11-11,Central Shenandoah,Male,3505,160,49
2020-11-11,Southside,Male,1003,50,26
2020-11-11,Chesterfield,Male,4004,250,79
2020-11-11,Arlington,Female,2546,242,71
2020-11-11,Rappahannock,Male,3130,237,52
2020-11-11,Central Virginia,Male,2524,115,38
2020-11-11,Alleghany,Not Reported,19,0,1
2020-11-11,Henrico,Male,3279,268,112
2020-11-11,Thomas Jefferson,Male,2240,126,37
2020-11-11,Lord Fairfax,Male,2144,196,73
2020-11-11,Three Rivers,Male,1252,78,23
2020-11-11,Richmond,Not Reported,68,1,2
2020-11-11,Pittsylvania-Danville,Male,1246,87,25
2020-11-11,Portsmouth,Not Reported,3,0,0
2020-11-11,Norfolk,Not Reported,4,0,0
2020-11-11,Chesapeake,Male,2456,243,43
2020-11-11,Chickahominy,Female,1360,99,32
2020-11-11,Prince William,Male,8876,689,153
2020-11-11,Eastern Shore,Not Reported,9,0,0
2020-11-11,Eastern Shore,Male,770,75,26
2020-11-11,Rappahannock Rapidan,Male,1820,120,28
2020-11-11,Henrico,Not Reported,58,1,0
2020-11-11,Cumberland Plateau,Female,994,58,10
2020-11-11,West Piedmont,Male,1574,157,47
2020-11-11,Hampton,Not Reported,7,0,0
2020-11-11,Alexandria,Not Reported,13,0,0
2020-11-11,Western Tidewater,Not Reported,5,0,2
2020-11-11,Cumberland Plateau,Not Reported,14,0,0
2020-11-11,Virginia Beach,Male,4112,224,56
2020-11-11,Alleghany,Female,1974,73,27
2020-11-11,Lenowisco,Female,1142,55,10
2020-11-11,Virginia Beach,Not Reported,27,0,0
2020-11-11,Western Tidewater,Female,2303,123,69
2020-11-11,Mount Rogers,Male,2038,196,73
2020-11-11,Lord Fairfax,Female,2401,178,63
2020-11-11,Piedmont,Not Reported,7,0,0
2020-11-11,Alexandria,Male,2200,187,38
2020-11-11,Pittsylvania-Danville,Not Reported,14,1,0
2020-11-11,West Piedmont,Not Reported,16,1,0
2020-11-11,Loudoun,Female,4282,235,81
2020-11-11,Hampton,Female,1250,41,14
2020-11-11,Henrico,Female,3706,265,131
2020-11-11,Prince William,Not Reported,143,2,0
2020-11-11,Chickahominy,Male,1327,112,30
2020-11-11,Rappahannock Rapidan,Not Reported,77,0,0
2020-11-11,Peninsula,Female,2871,109,51
2020-11-11,Lenowisco,Not Reported,19,0,0
2020-11-11,Crater,Not Reported,62,5,0
2020-11-11,Chickahominy,Not Reported,31,0,0
2020-11-11,Portsmouth,Male,1396,153,32
2020-11-11,New River,Female,2622,48,14
2020-11-11,Rappahannock,Female,3575,223,42
2020-11-11,Central Virginia,Female,2892,101,28
2020-11-11,Roanoke,Not Reported,19,0,0
2020-11-11,West Piedmont,Female,2027,168,47
2020-11-11,Mount Rogers,Female,2594,166,79
2020-11-11,Piedmont,Male,1673,104,40
2020-11-11,Chesterfield,Female,4390,244,69
2020-11-11,Fairfax,Male,12589,1363,324
2020-11-11,Crater,Male,3119,147,54
2020-11-11,Central Virginia,Not Reported,156,2,1
2020-11-11,Prince William,Female,9235,535,110
2020-11-11,Virginia Beach,Female,4725,245,55
2020-11-11,Norfolk,Female,2958,216,40
2020-11-11,Three Rivers,Female,1111,67,18
2020-11-11,Arlington,Male,2580,305,84
2020-11-11,Central Shenandoah,Female,4035,162,40
2020-11-11,Southside,Female,1009,43,24
2020-11-12,Southside,Not Reported,12,0,0
2020-11-12,Chesapeake,Female,2939,258,37
2020-11-12,Richmond,Female,2985,237,27
2020-11-12,Roanoke,Male,1458,57,23
2020-11-12,Fairfax,Not Reported,169,1,6
2020-11-12,Thomas Jefferson,Female,2502,128,41
2020-11-12,Chesapeake,Not Reported,6,0,0
2020-11-12,Cumberland Plateau,Male,837,57,7
2020-11-12,Eastern Shore,Female,793,76,26
2020-11-12,Lord Fairfax,Not Reported,25,0,0
2020-11-12,Rappahannock,Not Reported,29,0,0
2020-11-12,Central Shenandoah,Not Reported,20,0,0
2020-11-12,Peninsula,Male,2653,126,41
2020-11-12,Norfolk,Male,2849,207,46
2020-11-12,Alexandria,Female,2356,147,38
2020-11-12,Lenowisco,Male,1096,74,22
2020-11-12,Pittsylvania-Danville,Female,1590,134,39
2020-11-12,New River,Not Reported,49,0,0
2020-11-12,Chesterfield,Not Reported,143,0,3
2020-11-12,Loudoun,Male,4239,276,53
2020-11-12,Rappahannock Rapidan,Female,1669,85,27
2020-11-12,Piedmont,Female,1063,82,18
2020-11-12,Richmond,Male,2816,234,49
2020-11-12,Crater,Female,2257,168,64
2020-11-12,Portsmouth,Female,1559,186,38
2020-11-12,Arlington,Not Reported,4,0,0
2020-11-12,Mount Rogers,Not Reported,31,0,1
2020-11-12,Thomas Jefferson,Not Reported,3,0,0
2020-11-12,Three Rivers,Not Reported,24,0,0
2020-11-12,Hampton,Male,1064,63,20
2020-11-12,Alleghany,Male,1639,61,21
2020-11-12,Roanoke,Female,1904,61,29
2020-05-24,Fairfax,Female,4498,526,162
2020-05-24,Fairfax,Male,4522,680,172
2020-05-24,Fairfax,Not Reported,68,4,1
2020-05-24,Hampton,Female,96,11,1
2020-05-24,Hampton,Male,76,19,2
2020-05-24,Hampton,Not Reported,2,0,0
2020-05-24,Henrico,Female,836,85,61
2020-05-24,Henrico,Male,608,91,57
2020-05-24,Henrico,Not Reported,2,0,0
2020-05-24,Lenowisco,Female,20,7,1
2020-05-24,Lenowisco,Male,22,8,3
2020-05-24,Lenowisco,Not Reported,0,0,0
2020-05-24,Lord Fairfax,Female,586,53,21
2020-05-24,Lord Fairfax,Male,502,48,22
2020-05-24,Lord Fairfax,Not Reported,9,0,0
2020-05-24,Loudoun,Female,909,69,28
2020-05-24,Loudoun,Male,908,81,24
2020-05-24,Loudoun,Not Reported,4,0,0
2020-05-24,Mount Rogers,Female,141,6,2
2020-05-24,Mount Rogers,Male,133,14,4
2020-05-24,Mount Rogers,Not Reported,1,0,0
2020-05-24,New River,Female,50,5,0
2020-05-24,New River,Male,43,8,1
2020-05-24,New River,Not Reported,1,0,0
2020-05-24,Norfolk,Female,195,31,1
2020-05-24,Norfolk,Male,204,30,5
2020-05-24,Norfolk,Not Reported,0,0,0
2020-05-24,Peninsula,Female,290,53,20
2020-05-24,Peninsula,Male,258,60,12
2020-05-24,Peninsula,Not Reported,3,0,0
2020-05-24,Piedmont,Female,136,16,1
2020-05-24,Piedmont,Male,507,27,4
2020-05-24,Piedmont,Not Reported,0,0,0
2020-05-24,Pittsylvania-Danville,Female,47,14,2
2020-05-24,Pittsylvania-Danville,Male,31,11,1
2020-05-24,Pittsylvania-Danville,Not Reported,0,0,0
2020-05-24,Portsmouth,Female,124,22,5
2020-05-24,Portsmouth,Male,136,18,6
2020-05-24,Portsmouth,Not Reported,2,0,0
2020-05-24,Prince William,Female,2683,227,50
2020-05-24,Prince William,Male,2787,273,45
2020-05-24,Prince William,Not Reported,43,1,0
2020-11-12,Loudoun,Not Reported,69,0,0
2020-11-12,Fairfax,Female,13402,1034,294
2020-11-12,Western Tidewater,Male,2524,126,85
2020-11-12,Peninsula,Not Reported,22,0,0
2020-11-12,New River,Male,2502,59,18
2020-11-12,Central Shenandoah,Male,3509,161,49
2020-11-12,Southside,Male,1008,51,27
2020-11-12,Chesterfield,Male,4048,250,79
2020-11-12,Arlington,Female,2556,243,71
2020-11-12,Rappahannock,Male,3159,237,52
2020-11-12,Central Virginia,Male,2548,115,38
2020-11-12,Alleghany,Not Reported,20,0,1
2020-11-12,Henrico,Male,3304,268,111
2020-11-12,Thomas Jefferson,Male,2256,126,38
2020-11-12,Lord Fairfax,Male,2162,197,73
2020-11-12,Three Rivers,Male,1267,78,23
2020-11-12,Richmond,Not Reported,70,1,2
2020-11-12,Pittsylvania-Danville,Male,1258,89,25
2020-11-12,Portsmouth,Not Reported,3,0,0
2020-11-12,Norfolk,Not Reported,4,0,0
2020-11-12,Chesapeake,Male,2481,243,43
2020-11-12,Chickahominy,Female,1377,99,32
2020-11-12,Prince William,Male,8925,691,154
2020-11-12,Eastern Shore,Not Reported,9,0,0
2020-11-12,Eastern Shore,Male,771,75,26
2020-11-12,Rappahannock Rapidan,Male,1835,123,28
2020-11-12,Henrico,Not Reported,60,1,0
2020-11-12,Cumberland Plateau,Female,1012,59,10
2020-11-12,West Piedmont,Male,1593,159,47
2020-11-12,Hampton,Not Reported,7,0,0
2020-11-12,Alexandria,Not Reported,13,0,0
2020-11-12,Western Tidewater,Not Reported,5,0,2
2020-11-12,Cumberland Plateau,Not Reported,19,0,0
2020-11-12,Virginia Beach,Male,4154,224,56
2020-11-12,Alleghany,Female,1999,73,31
2020-11-12,Lenowisco,Female,1177,55,10
2020-11-12,Virginia Beach,Not Reported,29,0,0
2020-11-12,Western Tidewater,Female,2327,124,71
2020-11-12,Mount Rogers,Male,2069,198,73
2020-11-12,Lord Fairfax,Female,2420,181,64
2020-11-12,Piedmont,Not Reported,7,0,0
2020-11-12,Alexandria,Male,2209,189,38
2020-11-12,Pittsylvania-Danville,Not Reported,13,2,0
2020-11-12,West Piedmont,Not Reported,16,1,0
2020-11-12,Loudoun,Female,4314,235,81
2020-11-12,Hampton,Female,1257,41,14
2020-11-12,Henrico,Female,3730,269,131
2020-11-12,Prince William,Not Reported,141,2,0
2020-11-12,Chickahominy,Male,1334,113,30
2020-11-12,Rappahannock Rapidan,Not Reported,72,0,0
2020-11-12,Peninsula,Female,2887,109,51
2020-11-12,Lenowisco,Not Reported,21,0,0
2020-11-12,Crater,Not Reported,62,5,0
2020-11-12,Chickahominy,Not Reported,28,0,0
2020-11-12,Portsmouth,Male,1403,152,32
2020-11-12,New River,Female,2657,49,14
2020-11-12,Rappahannock,Female,3600,224,42
2020-11-12,Central Virginia,Female,2926,100,28
2020-11-12,Roanoke,Not Reported,18,0,0
2020-11-12,West Piedmont,Female,2051,171,47
2020-11-12,Mount Rogers,Female,2618,167,79
2020-11-12,Piedmont,Male,1691,104,42
2020-11-12,Chesterfield,Female,4431,247,70
2020-11-12,Fairfax,Male,12694,1374,324
2020-11-12,Crater,Male,3126,147,54
2020-11-12,Central Virginia,Not Reported,165,2,1
2020-11-12,Prince William,Female,9275,535,110
2020-11-12,Virginia Beach,Female,4781,245,55
2020-11-12,Norfolk,Female,2963,216,40
2020-11-12,Three Rivers,Female,1116,67,18
2020-11-12,Arlington,Male,2598,309,84
2020-11-12,Central Shenandoah,Female,4044,162,40
2020-11-12,Southside,Female,1023,44,24
2020-11-13,Southside,Not Reported,12,0,0
2020-11-13,Chesapeake,Female,2950,258,37
2020-11-13,Richmond,Female,3003,238,27
2020-11-13,Roanoke,Male,1465,57,24
2020-11-13,Fairfax,Not Reported,169,1,6
2020-11-13,Thomas Jefferson,Female,2503,129,41
2020-11-13,Chesapeake,Not Reported,6,0,0
2020-11-13,Cumberland Plateau,Male,852,57,7
2020-11-13,Eastern Shore,Female,795,76,26
2020-11-13,Lord Fairfax,Not Reported,25,0,0
2020-11-13,Rappahannock,Not Reported,30,0,0
2020-11-13,Central Shenandoah,Not Reported,20,0,0
2020-11-13,Peninsula,Male,2660,127,42
2020-11-13,Norfolk,Male,2855,207,46
2020-11-13,Alexandria,Female,2372,147,38
2020-11-13,Lenowisco,Male,1111,75,24
2020-11-13,Pittsylvania-Danville,Female,1602,135,40
2020-11-13,New River,Not Reported,49,0,0
2020-11-13,Chesterfield,Not Reported,144,0,3
2020-11-13,Loudoun,Male,4247,278,54
2020-11-13,Rappahannock Rapidan,Female,1678,86,27
2020-11-13,Piedmont,Female,1066,82,18
2020-11-13,Richmond,Male,2836,234,49
2020-11-13,Crater,Female,2267,170,64
2020-11-13,Portsmouth,Female,1560,186,38
2020-11-13,Arlington,Not Reported,4,0,0
2020-11-13,Mount Rogers,Not Reported,32,0,1
2020-11-13,Thomas Jefferson,Not Reported,3,0,0
2020-11-13,Three Rivers,Not Reported,24,0,0
2020-11-13,Hampton,Male,1076,63,20
2020-11-13,Alleghany,Male,1666,62,23
2020-11-13,Roanoke,Female,1917,62,30
2020-05-24,Rappahannock,Female,619,55,4
2020-05-24,Rappahannock,Male,572,79,11
2020-05-24,Rappahannock,Not Reported,10,1,0
2020-05-24,Rappahannock Rapidan,Female,470,26,4
2020-05-24,Rappahannock Rapidan,Male,506,45,7
2020-05-24,Rappahannock Rapidan,Not Reported,24,1,0
2020-05-24,Richmond,Female,487,52,4
2020-05-24,Richmond,Male,510,76,13
2020-05-24,Richmond,Not Reported,15,2,2
2020-05-24,Roanoke,Female,81,3,7
2020-05-24,Roanoke,Male,59,4,2
2020-05-24,Roanoke,Not Reported,0,0,0
2020-05-24,Southside,Female,164,19,13
2020-05-24,Southside,Male,83,18,8
2020-05-24,Southside,Not Reported,3,0,0
2020-05-24,Thomas Jefferson,Female,229,37,9
2020-05-24,Thomas Jefferson,Male,186,31,10
2020-05-24,Thomas Jefferson,Not Reported,1,0,0
2020-05-24,Three Rivers,Female,133,20,5
2020-05-24,Three Rivers,Male,336,13,1
2020-05-24,Three Rivers,Not Reported,3,0,0
2020-05-24,Virginia Beach,Female,333,39,7
2020-05-24,Virginia Beach,Male,268,51,12
2020-05-24,Virginia Beach,Not Reported,2,0,0
2020-05-24,West Piedmont,Female,72,5,2
2020-05-24,West Piedmont,Male,64,10,2
2020-05-24,West Piedmont,Not Reported,1,0,0
2020-05-24,Western Tidewater,Female,298,20,14
2020-05-24,Western Tidewater,Male,299,44,21
2020-05-24,Western Tidewater,Not Reported,3,0,0
2020-05-25,Alexandria,Female,895,76,20
2020-05-25,Alexandria,Male,853,99,18
2020-05-25,Alexandria,Not Reported,6,0,0
2020-05-25,Alleghany,Female,104,9,10
2020-05-25,Alleghany,Male,74,15,6
2020-05-25,Alleghany,Not Reported,1,0,0
2020-05-25,Arlington,Female,925,167,51
2020-05-25,Arlington,Male,964,200,50
2020-05-25,Arlington,Not Reported,8,1,0
2020-05-25,Central Shenandoah,Female,736,59,13
2020-05-25,Central Shenandoah,Male,659,51,15
2020-11-13,Loudoun,Not Reported,67,0,0
2020-11-13,Fairfax,Female,13463,1042,295
2020-11-13,Western Tidewater,Male,2526,126,86
2020-11-13,Peninsula,Not Reported,21,0,0
2020-11-13,New River,Male,2523,61,18
2020-11-13,Central Shenandoah,Male,3543,162,51
2020-11-13,Southside,Male,1014,51,27
2020-11-13,Chesterfield,Male,4067,254,79
2020-11-13,Arlington,Female,2573,245,71
2020-11-13,Rappahannock,Male,3173,238,52
2020-11-13,Central Virginia,Male,2572,114,39
2020-11-13,Alleghany,Not Reported,20,0,1
2020-11-13,Henrico,Male,3315,268,112
2020-11-13,Thomas Jefferson,Male,2259,126,38
2020-11-13,Lord Fairfax,Male,2201,201,73
2020-11-13,Three Rivers,Male,1274,78,23
2020-11-13,Richmond,Not Reported,69,1,2
2020-11-13,Pittsylvania-Danville,Male,1266,89,25
2020-11-13,Portsmouth,Not Reported,3,0,0
2020-11-13,Norfolk,Not Reported,4,0,0
2020-11-13,Chesapeake,Male,2497,243,43
2020-11-13,Chickahominy,Female,1388,100,32
2020-11-13,Prince William,Male,8974,691,154
2020-11-13,Eastern Shore,Not Reported,9,0,0
2020-11-13,Eastern Shore,Male,772,75,26
2020-11-13,Rappahannock Rapidan,Male,1875,122,30
2020-11-13,Henrico,Not Reported,59,1,0
2020-11-13,Cumberland Plateau,Female,1026,59,10
2020-11-13,West Piedmont,Male,1614,161,48
2020-11-13,Hampton,Not Reported,7,0,0
2020-11-13,Alexandria,Not Reported,13,0,0
2020-11-13,Western Tidewater,Not Reported,5,0,2
2020-11-13,Cumberland Plateau,Not Reported,23,0,0
2020-11-13,Virginia Beach,Male,4177,227,56
2020-11-13,Alleghany,Female,2021,74,33
2020-11-13,Lenowisco,Female,1204,56,10
2020-11-13,Virginia Beach,Not Reported,29,0,0
2020-11-13,Western Tidewater,Female,2335,126,72
2020-11-13,Mount Rogers,Male,2103,198,73
2020-11-13,Lord Fairfax,Female,2448,182,66
2020-11-13,Piedmont,Not Reported,7,0,0
2020-11-13,Alexandria,Male,2217,189,38
2020-11-13,Pittsylvania-Danville,Not Reported,14,2,0
2020-11-13,West Piedmont,Not Reported,16,1,0
2020-11-13,Loudoun,Female,4328,237,81
2020-11-13,Hampton,Female,1261,41,14
2020-11-13,Henrico,Female,3759,269,131
2020-11-13,Prince William,Not Reported,144,2,0
2020-11-13,Chickahominy,Male,1335,113,30
2020-11-13,Rappahannock Rapidan,Not Reported,76,0,0
2020-11-13,Peninsula,Female,2907,109,51
2020-11-13,Lenowisco,Not Reported,21,0,0
2020-11-13,Crater,Not Reported,62,5,0
2020-11-13,Chickahominy,Not Reported,29,0,0
2020-11-13,Portsmouth,Male,1404,152,32
2020-11-13,New River,Female,2689,50,14
2020-11-13,Rappahannock,Female,3610,223,42
2020-11-13,Central Virginia,Female,2956,101,28
2020-11-13,Roanoke,Not Reported,18,0,0
2020-11-13,West Piedmont,Female,2079,172,47
2020-11-13,Mount Rogers,Female,2655,167,79
2020-11-13,Piedmont,Male,1698,104,43
2020-11-13,Chesterfield,Female,4445,249,71
2020-11-13,Fairfax,Male,12769,1380,324
2020-11-13,Crater,Male,3136,149,54
2020-11-13,Central Virginia,Not Reported,164,2,1
2020-11-13,Prince William,Female,9328,540,110
2020-11-13,Virginia Beach,Female,4796,246,55
2020-11-13,Norfolk,Female,2970,216,40
2020-11-13,Three Rivers,Female,1120,68,18
2020-11-13,Arlington,Male,2614,313,84
2020-11-13,Central Shenandoah,Female,4080,163,42
2020-11-13,Southside,Female,1024,44,24
2020-11-14,Southside,Not Reported,12,0,0
2020-11-14,Chesapeake,Female,2975,260,37
2020-11-14,Richmond,Female,3020,240,27
2020-11-14,Roanoke,Male,1472,57,24
2020-11-14,Fairfax,Not Reported,169,1,6
2020-11-14,Thomas Jefferson,Female,2516,131,41
2020-11-14,Chesapeake,Not Reported,6,0,0
2020-11-14,Cumberland Plateau,Male,869,57,7
2020-11-14,Eastern Shore,Female,796,76,26
2020-11-14,Lord Fairfax,Not Reported,26,0,0
2020-11-14,Rappahannock,Not Reported,30,0,0
2020-11-14,Central Shenandoah,Not Reported,20,0,0
2020-11-14,Peninsula,Male,2687,130,43
2020-11-14,Norfolk,Male,2869,208,46
2020-11-14,Alexandria,Female,2378,147,38
2020-11-14,Lenowisco,Male,1134,75,25
2020-11-14,Pittsylvania-Danville,Female,1612,135,40
2020-11-14,New River,Not Reported,49,0,0
2020-11-14,Chesterfield,Not Reported,149,0,3
2020-11-14,Loudoun,Male,4286,278,54
2020-11-14,Rappahannock Rapidan,Female,1685,86,27
2020-11-14,Piedmont,Female,1070,82,18
2020-11-14,Richmond,Male,2857,236,49
2020-11-14,Crater,Female,2274,170,64
2020-11-14,Portsmouth,Female,1569,191,38
2020-11-14,Arlington,Not Reported,4,0,0
2020-11-14,Mount Rogers,Not Reported,37,0,1
2020-11-14,Thomas Jefferson,Not Reported,3,0,0
2020-11-14,Three Rivers,Not Reported,24,0,0
2020-11-14,Hampton,Male,1081,63,20
2020-11-14,Alleghany,Male,1701,63,23
2020-11-14,Roanoke,Female,1931,63,29
2020-05-25,Central Shenandoah,Not Reported,3,0,0
2020-05-25,Central Virginia,Female,81,6,0
2020-05-25,Central Virginia,Male,102,9,4
2020-05-25,Central Virginia,Not Reported,0,0,0
2020-05-25,Chesapeake,Female,255,43,6
2020-05-25,Chesapeake,Male,194,39,8
2020-05-25,Chesapeake,Not Reported,0,0,0
2020-05-25,Chesterfield,Female,673,33,19
2020-05-25,Chesterfield,Male,608,43,19
2020-05-25,Chesterfield,Not Reported,31,0,0
2020-05-25,Chickahominy,Female,245,38,14
2020-05-25,Chickahominy,Male,175,39,13
2020-05-25,Chickahominy,Not Reported,4,0,0
2020-05-25,Crater,Female,243,47,12
2020-05-25,Crater,Male,250,33,4
2020-05-25,Crater,Not Reported,6,2,0
2020-05-25,Cumberland Plateau,Female,18,1,0
2020-05-25,Cumberland Plateau,Male,14,1,0
2020-05-25,Cumberland Plateau,Not Reported,0,0,0
2020-05-25,Eastern Shore,Female,500,29,14
2020-05-25,Eastern Shore,Male,444,33,14
2020-05-25,Eastern Shore,Not Reported,3,0,0
2020-05-25,Fairfax,Female,4747,534,164
2020-05-25,Fairfax,Male,4770,697,174
2020-05-25,Fairfax,Not Reported,70,4,1
2020-05-25,Hampton,Female,99,11,1
2020-05-25,Hampton,Male,80,19,2
2020-05-25,Hampton,Not Reported,2,0,0
2020-05-25,Henrico,Female,861,86,61
2020-05-25,Henrico,Male,629,91,57
2020-05-25,Henrico,Not Reported,2,0,0
2020-05-25,Lenowisco,Female,20,7,1
2020-05-25,Lenowisco,Male,22,8,3
2020-05-25,Lenowisco,Not Reported,0,0,0
2020-05-25,Lord Fairfax,Female,606,55,23
2020-05-25,Lord Fairfax,Male,513,48,22
2020-05-25,Lord Fairfax,Not Reported,9,0,0
2020-05-25,Loudoun,Female,1021,69,28
2020-05-25,Loudoun,Male,1021,81,24
2020-05-25,Loudoun,Not Reported,5,0,0
2020-05-25,Mount Rogers,Female,150,6,2
2020-11-14,Loudoun,Not Reported,66,0,0
2020-11-14,Fairfax,Female,13527,1046,295
2020-11-14,Western Tidewater,Male,2535,129,86
2020-11-14,Peninsula,Not Reported,21,0,0
2020-11-14,New River,Male,2538,61,18
2020-11-14,Central Shenandoah,Male,3577,163,51
2020-11-14,Southside,Male,1019,51,27
2020-11-14,Chesterfield,Male,4091,256,79
2020-11-14,Arlington,Female,2596,245,71
2020-11-14,Rappahannock,Male,3210,240,52
2020-11-14,Central Virginia,Male,2587,115,38
2020-11-14,Alleghany,Not Reported,20,0,1
2020-11-14,Henrico,Male,3327,269,112
2020-11-14,Thomas Jefferson,Male,2269,128,39
2020-11-14,Lord Fairfax,Male,2234,203,73
2020-11-14,Three Rivers,Male,1282,80,23
2020-11-14,Richmond,Not Reported,70,1,2
2020-11-14,Pittsylvania-Danville,Male,1278,89,25
2020-11-14,Portsmouth,Not Reported,3,0,0
2020-11-14,Norfolk,Not Reported,5,0,0
2020-11-14,Chesapeake,Male,2518,243,43
2020-11-14,Chickahominy,Female,1403,100,33
2020-11-14,Prince William,Male,9017,692,154
2020-11-14,Eastern Shore,Not Reported,9,0,0
2020-11-14,Eastern Shore,Male,777,75,26
2020-11-14,Rappahannock Rapidan,Male,1884,124,30
2020-11-14,Henrico,Not Reported,59,1,0
2020-11-14,Cumberland Plateau,Female,1044,60,10
2020-11-14,West Piedmont,Male,1631,162,49
2020-11-14,Hampton,Not Reported,7,0,0
2020-11-14,Alexandria,Not Reported,13,0,0
2020-11-14,Western Tidewater,Not Reported,5,0,2
2020-11-14,Cumberland Plateau,Not Reported,28,0,0
2020-11-14,Virginia Beach,Male,4222,227,56
2020-11-14,Alleghany,Female,2073,74,35
2020-11-14,Lenowisco,Female,1230,58,10
2020-11-14,Virginia Beach,Not Reported,29,0,0
2020-11-14,Western Tidewater,Female,2347,127,72
2020-11-14,Mount Rogers,Male,2159,199,73
2020-11-14,Lord Fairfax,Female,2494,184,66
2020-11-14,Piedmont,Not Reported,7,0,0
2020-11-14,Alexandria,Male,2228,189,38
2020-11-14,Pittsylvania-Danville,Not Reported,14,2,0
2020-11-14,West Piedmont,Not Reported,18,1,1
2020-11-14,Loudoun,Female,4354,237,81
2020-11-14,Hampton,Female,1268,43,14
2020-11-14,Henrico,Female,3780,271,131
2020-11-14,Prince William,Not Reported,144,2,0
2020-11-14,Chickahominy,Male,1343,114,31
2020-11-14,Rappahannock Rapidan,Not Reported,73,0,0
2020-11-14,Peninsula,Female,2930,109,51
2020-11-14,Lenowisco,Not Reported,21,0,0
2020-11-14,Crater,Not Reported,61,5,0
2020-11-14,Chickahominy,Not Reported,29,0,0
2020-11-14,Portsmouth,Male,1405,152,32
2020-11-14,New River,Female,2700,51,14
2020-11-14,Rappahannock,Female,3654,223,43
2020-11-14,Central Virginia,Female,2966,102,28
2020-11-14,Roanoke,Not Reported,18,0,0
2020-11-14,West Piedmont,Female,2109,173,47
2020-11-14,Mount Rogers,Female,2713,171,79
2020-11-14,Piedmont,Male,1702,105,43
2020-11-14,Chesterfield,Female,4477,249,71
2020-11-14,Fairfax,Male,12822,1381,324
2020-11-14,Crater,Male,3143,149,54
2020-11-14,Central Virginia,Not Reported,161,2,1
2020-11-14,Prince William,Female,9368,542,111
2020-11-14,Virginia Beach,Female,4843,249,56
2020-11-14,Norfolk,Female,2989,217,41
2020-11-14,Three Rivers,Female,1131,68,18
2020-11-14,Arlington,Male,2641,314,86
2020-11-14,Central Shenandoah,Female,4107,163,43
2020-11-14,Southside,Female,1065,45,24
2020-11-15,Southside,Not Reported,12,0,0
2020-11-15,Chesapeake,Female,2978,260,37
2020-11-15,Richmond,Female,3024,240,27
2020-11-15,Roanoke,Male,1484,57,24
2020-11-15,Fairfax,Not Reported,170,1,6
2020-11-15,Thomas Jefferson,Female,2530,131,41
2020-11-15,Chesapeake,Not Reported,6,0,0
2020-11-15,Cumberland Plateau,Male,873,57,7
2020-11-15,Eastern Shore,Female,798,76,26
2020-11-15,Lord Fairfax,Not Reported,26,0,0
2020-11-15,Rappahannock,Not Reported,30,0,0
2020-11-15,Central Shenandoah,Not Reported,22,0,0
2020-11-15,Peninsula,Male,2694,130,43
2020-11-15,Norfolk,Male,2873,208,46
2020-11-15,Alexandria,Female,2386,147,38
2020-11-15,Lenowisco,Male,1156,78,25
2020-11-15,Pittsylvania-Danville,Female,1617,135,40
2020-11-15,New River,Not Reported,49,0,0
2020-11-15,Chesterfield,Not Reported,150,0,3
2020-11-15,Loudoun,Male,4335,279,54
2020-11-15,Rappahannock Rapidan,Female,1703,86,27
2020-11-15,Piedmont,Female,1076,82,18
2020-11-15,Richmond,Male,2869,236,49
2020-11-15,Crater,Female,2278,170,64
2020-11-15,Portsmouth,Female,1576,191,38
2020-11-15,Arlington,Not Reported,4,0,0
2020-11-15,Mount Rogers,Not Reported,39,0,1
2020-11-15,Thomas Jefferson,Not Reported,4,0,0
2020-11-15,Three Rivers,Not Reported,24,0,0
2020-11-15,Hampton,Male,1089,63,20
2020-11-15,Alleghany,Male,1712,63,23
2020-11-15,Roanoke,Female,1937,63,29
2020-05-25,Mount Rogers,Male,139,14,4
2020-05-25,Mount Rogers,Not Reported,1,0,0
2020-05-25,New River,Female,52,5,0
2020-05-25,New River,Male,44,8,1
2020-05-25,New River,Not Reported,1,0,0
2020-05-25,Norfolk,Female,214,31,1
2020-05-25,Norfolk,Male,218,30,5
2020-05-25,Norfolk,Not Reported,0,0,0
2020-05-25,Peninsula,Female,298,53,20
2020-05-25,Peninsula,Male,260,60,12
2020-05-25,Peninsula,Not Reported,3,0,0
2020-05-25,Piedmont,Female,138,17,2
2020-05-25,Piedmont,Male,507,27,4
2020-05-25,Piedmont,Not Reported,0,0,0
2020-05-25,Pittsylvania-Danville,Female,49,14,2
2020-05-25,Pittsylvania-Danville,Male,33,11,1
2020-05-25,Pittsylvania-Danville,Not Reported,1,0,0
2020-05-25,Portsmouth,Female,128,22,5
2020-05-25,Portsmouth,Male,141,18,6
2020-05-25,Portsmouth,Not Reported,3,0,0
2020-05-25,Prince William,Female,2811,230,54
2020-05-25,Prince William,Male,2959,281,54
2020-05-25,Prince William,Not Reported,42,1,0
2020-05-25,Rappahannock,Female,645,55,4
2020-05-25,Rappahannock,Male,595,81,12
2020-05-25,Rappahannock,Not Reported,9,1,0
2020-05-25,Rappahannock Rapidan,Female,483,26,4
2020-05-25,Rappahannock Rapidan,Male,516,46,7
2020-05-25,Rappahannock Rapidan,Not Reported,26,1,0
2020-05-25,Richmond,Female,499,54,4
2020-05-25,Richmond,Male,525,78,14
2020-05-25,Richmond,Not Reported,16,2,2
2020-05-25,Roanoke,Female,81,3,7
2020-05-25,Roanoke,Male,59,4,2
2020-05-25,Roanoke,Not Reported,0,0,0
2020-05-25,Southside,Female,168,19,13
2020-05-25,Southside,Male,84,18,8
2020-05-25,Southside,Not Reported,3,0,0
2020-05-25,Thomas Jefferson,Female,233,37,9
2020-05-25,Thomas Jefferson,Male,188,31,10
2020-05-25,Thomas Jefferson,Not Reported,1,0,0
2020-11-15,Loudoun,Not Reported,66,0,0
2020-11-15,Fairfax,Female,13617,1050,295
2020-11-15,Western Tidewater,Male,2551,129,86
2020-11-15,Peninsula,Not Reported,21,0,0
2020-11-15,New River,Male,2551,61,18
2020-11-15,Central Shenandoah,Male,3579,163,51
2020-11-15,Southside,Male,1022,51,27
2020-11-15,Chesterfield,Male,4107,256,79
2020-11-15,Arlington,Female,2620,246,71
2020-11-15,Rappahannock,Male,3229,240,52
2020-11-15,Central Virginia,Male,2596,115,38
2020-11-15,Alleghany,Not Reported,20,0,1
2020-11-15,Henrico,Male,3346,269,112
2020-11-15,Thomas Jefferson,Male,2285,128,39
2020-11-15,Lord Fairfax,Male,2250,204,73
2020-11-15,Three Rivers,Male,1288,80,23
2020-11-15,Richmond,Not Reported,70,1,2
2020-11-15,Pittsylvania-Danville,Male,1279,89,25
2020-11-15,Portsmouth,Not Reported,3,0,0
2020-11-15,Norfolk,Not Reported,5,0,0
2020-11-15,Chesapeake,Male,2522,243,43
2020-11-15,Chickahominy,Female,1409,102,33
2020-11-15,Prince William,Male,9047,692,154
2020-11-15,Eastern Shore,Not Reported,9,0,0
2020-11-15,Eastern Shore,Male,778,75,26
2020-11-15,Rappahannock Rapidan,Male,1917,124,30
2020-11-15,Henrico,Not Reported,59,1,0
2020-11-15,Cumberland Plateau,Female,1048,60,10
2020-11-15,West Piedmont,Male,1647,162,49
2020-11-15,Hampton,Not Reported,7,0,0
2020-11-15,Alexandria,Not Reported,13,0,0
2020-11-15,Western Tidewater,Not Reported,5,0,2
2020-11-15,Cumberland Plateau,Not Reported,28,0,0
2020-11-15,Virginia Beach,Male,4259,228,56
2020-11-15,Alleghany,Female,2088,75,35
2020-11-15,Lenowisco,Female,1254,60,11
2020-11-15,Virginia Beach,Not Reported,29,0,0
2020-11-15,Western Tidewater,Female,2374,127,72
2020-11-15,Mount Rogers,Male,2175,200,73
2020-11-15,Lord Fairfax,Female,2516,185,66
2020-11-15,Piedmont,Not Reported,7,0,0
2020-11-15,Alexandria,Male,2236,189,38
2020-11-15,Pittsylvania-Danville,Not Reported,14,2,0
2020-11-15,West Piedmont,Not Reported,18,1,1
2020-11-15,Loudoun,Female,4409,237,81
2020-11-15,Hampton,Female,1280,43,14
2020-11-15,Henrico,Female,3795,271,131
2020-11-15,Prince William,Not Reported,146,2,0
2020-11-15,Chickahominy,Male,1346,114,31
2020-11-15,Rappahannock Rapidan,Not Reported,75,0,0
2020-11-15,Peninsula,Female,2943,110,51
2020-11-15,Lenowisco,Not Reported,23,0,0
2020-11-15,Crater,Not Reported,62,5,0
2020-11-15,Chickahominy,Not Reported,29,0,0
2020-11-15,Portsmouth,Male,1418,152,32
2020-11-15,New River,Female,2713,51,14
2020-11-15,Rappahannock,Female,3666,223,43
2020-11-15,Central Virginia,Female,2986,102,28
2020-11-15,Roanoke,Not Reported,20,0,0
2020-11-15,West Piedmont,Female,2133,174,47
2020-11-15,Mount Rogers,Female,2737,171,79
2020-11-15,Piedmont,Male,1704,105,43
2020-11-15,Chesterfield,Female,4499,251,71
2020-11-15,Fairfax,Male,12908,1382,324
2020-11-15,Crater,Male,3150,149,54
2020-11-15,Central Virginia,Not Reported,160,2,1
2020-11-15,Prince William,Female,9401,542,111
2020-11-15,Virginia Beach,Female,4876,249,56
2020-11-15,Norfolk,Female,2994,217,41
2020-11-15,Three Rivers,Female,1139,68,18
2020-11-15,Arlington,Male,2674,315,86
2020-11-15,Central Shenandoah,Female,4115,163,43
2020-11-15,Southside,Female,1071,45,24
2020-11-16,Southside,Not Reported,12,0,0
2020-11-16,Chesapeake,Female,3000,260,37
2020-11-16,Richmond,Female,3051,240,27
2020-11-16,Roanoke,Male,1492,57,25
2020-11-16,Fairfax,Not Reported,172,1,6
2020-11-16,Thomas Jefferson,Female,2553,131,41
2020-11-16,Chesapeake,Not Reported,6,0,0
2020-11-16,Cumberland Plateau,Male,888,58,7
2020-11-16,Eastern Shore,Female,800,76,26
2020-11-16,Lord Fairfax,Not Reported,26,0,0
2020-11-16,Rappahannock,Not Reported,31,0,0
2020-11-16,Central Shenandoah,Not Reported,24,0,0
2020-11-16,Peninsula,Male,2747,130,43
2020-11-16,Norfolk,Male,2918,208,46
2020-11-16,Alexandria,Female,2421,147,38
2020-11-16,Lenowisco,Male,1170,78,25
2020-11-16,Pittsylvania-Danville,Female,1636,136,40
2020-11-16,New River,Not Reported,49,0,0
2020-11-16,Chesterfield,Not Reported,150,0,3
2020-11-16,Loudoun,Male,4379,279,55
2020-11-16,Rappahannock Rapidan,Female,1725,86,27
2020-11-16,Piedmont,Female,1080,82,18
2020-11-16,Richmond,Male,2887,236,49
2020-11-16,Crater,Female,2292,170,64
2020-11-16,Portsmouth,Female,1586,192,38
2020-11-16,Arlington,Not Reported,4,0,0
2020-11-16,Mount Rogers,Not Reported,40,0,1
2020-11-16,Thomas Jefferson,Not Reported,5,0,0
2020-11-16,Three Rivers,Not Reported,24,0,0
2020-11-16,Hampton,Male,1121,63,20
2020-11-16,Alleghany,Male,1714,63,23
2020-11-16,Roanoke,Female,1941,64,29
2020-05-25,Three Rivers,Female,138,20,5
2020-05-25,Three Rivers,Male,340,13,1
2020-05-25,Three Rivers,Not Reported,2,0,0
2020-05-25,Virginia Beach,Female,339,39,8
2020-05-25,Virginia Beach,Male,277,51,12
2020-05-25,Virginia Beach,Not Reported,2,0,0
2020-05-25,West Piedmont,Female,77,5,3
2020-05-25,West Piedmont,Male,69,10,2
2020-05-25,West Piedmont,Not Reported,2,0,0
2020-05-25,Western Tidewater,Female,300,20,15
2020-05-25,Western Tidewater,Male,304,44,22
2020-05-25,Western Tidewater,Not Reported,3,0,0
2020-05-26,Alexandria,Female,912,76,21
2020-05-26,Alexandria,Male,867,99,20
2020-05-26,Alexandria,Not Reported,6,0,0
2020-05-26,Alleghany,Female,108,9,10
2020-05-26,Alleghany,Male,75,15,6
2020-05-26,Alleghany,Not Reported,1,0,0
2020-05-26,Arlington,Female,949,166,51
2020-05-26,Arlington,Male,978,200,53
2020-05-26,Arlington,Not Reported,8,1,0
2020-05-26,Central Shenandoah,Female,754,61,13
2020-05-26,Central Shenandoah,Male,679,53,15
2020-05-26,Central Shenandoah,Not Reported,3,0,0
2020-05-26,Central Virginia,Female,85,7,0
2020-05-26,Central Virginia,Male,104,9,4
2020-05-26,Central Virginia,Not Reported,0,0,0
2020-05-26,Chesapeake,Female,262,44,6
2020-05-26,Chesapeake,Male,197,40,8
2020-05-26,Chesapeake,Not Reported,0,0,0
2020-05-26,Chesterfield,Female,681,33,22
2020-05-26,Chesterfield,Male,614,43,19
2020-05-26,Chesterfield,Not Reported,32,0,1
2020-05-26,Chickahominy,Female,257,38,14
2020-05-26,Chickahominy,Male,192,39,13
2020-05-26,Chickahominy,Not Reported,7,0,0
2020-05-26,Crater,Female,279,47,12
2020-05-26,Crater,Male,269,33,4
2020-05-26,Crater,Not Reported,8,2,0
2020-05-26,Cumberland Plateau,Female,18,1,0
2020-05-26,Cumberland Plateau,Male,15,1,0
2020-11-16,Loudoun,Not Reported,66,0,0
2020-11-16,Fairfax,Female,13824,1051,295
2020-11-16,Western Tidewater,Male,2563,131,86
2020-11-16,Peninsula,Not Reported,21,0,0
2020-11-16,New River,Male,2582,62,18
2020-11-16,Central Shenandoah,Male,3603,164,51
2020-11-16,Southside,Male,1031,51,27
2020-11-16,Chesterfield,Male,4175,257,79
2020-11-16,Arlington,Female,2662,246,71
2020-11-16,Rappahannock,Male,3291,240,52
2020-11-16,Central Virginia,Male,2644,115,38
2020-11-16,Alleghany,Not Reported,20,0,1
2020-11-16,Henrico,Male,3388,269,112
2020-11-16,Thomas Jefferson,Male,2304,128,39
2020-11-16,Lord Fairfax,Male,2267,205,72
2020-11-16,Three Rivers,Male,1296,80,23
2020-11-16,Richmond,Not Reported,69,1,2
2020-11-16,Pittsylvania-Danville,Male,1303,91,25
2020-11-16,Portsmouth,Not Reported,3,0,0
2020-11-16,Norfolk,Not Reported,4,0,0
2020-11-16,Chesapeake,Male,2553,243,42
2020-11-16,Chickahominy,Female,1457,104,33
2020-11-16,Prince William,Male,9134,693,154
2020-11-16,Eastern Shore,Not Reported,9,0,0
2020-11-16,Eastern Shore,Male,781,75,26
2020-11-16,Rappahannock Rapidan,Male,1969,125,30
2020-11-16,Henrico,Not Reported,59,1,0
2020-11-16,Cumberland Plateau,Female,1073,60,10
2020-11-16,West Piedmont,Male,1669,163,49
2020-11-16,Hampton,Not Reported,7,0,0
2020-11-16,Alexandria,Not Reported,13,0,0
2020-11-16,Western Tidewater,Not Reported,5,0,2
2020-11-16,Cumberland Plateau,Not Reported,43,0,0
2020-11-16,Virginia Beach,Male,4366,228,56
2020-11-16,Alleghany,Female,2090,77,37
2020-11-16,Lenowisco,Female,1265,60,11
2020-11-16,Virginia Beach,Not Reported,30,0,0
2020-11-16,Western Tidewater,Female,2382,127,72
2020-11-16,Mount Rogers,Male,2219,199,73
2020-11-16,Lord Fairfax,Female,2535,186,66
2020-11-16,Piedmont,Not Reported,7,0,0
2020-11-16,Alexandria,Male,2264,194,38
2020-11-16,Pittsylvania-Danville,Not Reported,14,2,0
2020-11-16,West Piedmont,Not Reported,18,1,1
2020-11-16,Loudoun,Female,4449,237,81
2020-11-16,Hampton,Female,1304,44,14
2020-11-16,Henrico,Female,3834,274,131
2020-11-16,Prince William,Not Reported,147,2,0
2020-11-16,Chickahominy,Male,1376,114,31
2020-11-16,Rappahannock Rapidan,Not Reported,84,0,0
2020-11-16,Peninsula,Female,2999,111,51
2020-11-16,Lenowisco,Not Reported,27,0,0
2020-11-16,Crater,Not Reported,62,5,0
2020-11-16,Chickahominy,Not Reported,29,0,0
2020-11-16,Portsmouth,Male,1432,153,32
2020-11-16,New River,Female,2742,54,14
2020-11-16,Rappahannock,Female,3715,223,43
2020-11-16,Central Virginia,Female,3040,102,30
2020-11-16,Roanoke,Not Reported,20,0,0
2020-11-16,West Piedmont,Female,2157,178,47
2020-11-16,Mount Rogers,Female,2794,172,80
2020-11-16,Piedmont,Male,1718,106,44
2020-11-16,Chesterfield,Female,4582,252,71
2020-11-16,Fairfax,Male,13099,1388,324
2020-11-16,Crater,Male,3167,149,55
2020-11-16,Central Virginia,Not Reported,163,2,1
2020-11-16,Prince William,Female,9526,542,111
2020-11-16,Virginia Beach,Female,4988,249,55
2020-11-16,Norfolk,Female,3043,217,41
2020-11-16,Three Rivers,Female,1150,69,18
2020-11-16,Arlington,Male,2714,315,86
2020-11-16,Central Shenandoah,Female,4160,163,43
2020-11-16,Southside,Female,1094,45,24
2020-11-17,Southside,Not Reported,12,0,0
2020-11-17,Chesapeake,Female,3042,262,38
2020-11-17,Richmond,Female,3076,240,28
2020-11-17,Roanoke,Male,1524,57,29
2020-11-17,Fairfax,Not Reported,170,1,6
2020-11-17,Thomas Jefferson,Female,2566,131,41
2020-11-17,Chesapeake,Not Reported,6,0,0
2020-11-17,Cumberland Plateau,Male,906,60,8
2020-11-17,Eastern Shore,Female,805,76,26
2020-11-17,Lord Fairfax,Not Reported,26,0,0
2020-11-17,Rappahannock,Not Reported,33,0,0
2020-11-17,Central Shenandoah,Not Reported,26,0,0
2020-11-17,Peninsula,Male,2770,129,43
2020-11-17,Norfolk,Male,2962,208,46
2020-11-17,Alexandria,Female,2436,148,38
2020-11-17,Lenowisco,Male,1191,78,26
2020-11-17,Pittsylvania-Danville,Female,1657,136,40
2020-11-17,New River,Not Reported,49,0,0
2020-11-17,Chesterfield,Not Reported,152,0,3
2020-11-17,Loudoun,Male,4413,281,55
2020-11-17,Rappahannock Rapidan,Female,1765,87,27
2020-11-17,Piedmont,Female,1086,82,18
2020-11-17,Richmond,Male,2910,236,49
2020-11-17,Crater,Female,2302,171,64
2020-11-17,Portsmouth,Female,1588,192,38
2020-11-17,Arlington,Not Reported,4,0,0
2020-11-17,Mount Rogers,Not Reported,42,0,1
2020-11-17,Thomas Jefferson,Not Reported,5,0,0
2020-11-17,Three Rivers,Not Reported,24,0,0
2020-11-17,Hampton,Male,1126,64,20
2020-11-17,Alleghany,Male,1758,63,24
2020-11-17,Roanoke,Female,1991,64,30
2020-05-26,Cumberland Plateau,Not Reported,0,0,0
2020-05-26,Eastern Shore,Female,516,29,14
2020-05-26,Eastern Shore,Male,460,34,14
2020-05-26,Eastern Shore,Not Reported,3,0,0
2020-05-26,Fairfax,Female,4926,544,170
2020-05-26,Fairfax,Male,4946,715,179
2020-05-26,Fairfax,Not Reported,75,4,1
2020-05-26,Hampton,Female,99,11,1
2020-05-26,Hampton,Male,82,19,2
2020-05-26,Hampton,Not Reported,2,0,0
2020-05-26,Henrico,Female,890,88,61
2020-05-26,Henrico,Male,654,91,57
2020-05-26,Henrico,Not Reported,2,0,0
2020-05-26,Lenowisco,Female,20,7,1
2020-05-26,Lenowisco,Male,22,8,3
2020-05-26,Lenowisco,Not Reported,0,0,0
2020-05-26,Lord Fairfax,Female,609,55,23
2020-05-26,Lord Fairfax,Male,517,49,22
2020-05-26,Lord Fairfax,Not Reported,9,0,0
2020-05-26,Loudoun,Female,1088,71,28
2020-05-26,Loudoun,Male,1092,82,24
2020-05-26,Loudoun,Not Reported,6,0,0
2020-05-26,Mount Rogers,Female,163,6,2
2020-05-26,Mount Rogers,Male,146,15,4
2020-05-26,Mount Rogers,Not Reported,1,0,0
2020-05-26,New River,Female,52,5,0
2020-05-26,New River,Male,45,8,1
2020-05-26,New River,Not Reported,1,0,0
2020-05-26,Norfolk,Female,224,31,1
2020-05-26,Norfolk,Male,226,30,5
2020-05-26,Norfolk,Not Reported,0,0,0
2020-05-26,Peninsula,Female,303,53,20
2020-05-26,Peninsula,Male,265,60,12
2020-05-26,Peninsula,Not Reported,3,0,0
2020-05-26,Piedmont,Female,154,16,2
2020-05-26,Piedmont,Male,520,27,4
2020-05-26,Piedmont,Not Reported,0,0,0
2020-05-26,Pittsylvania-Danville,Female,49,14,2
2020-05-26,Pittsylvania-Danville,Male,33,11,1
2020-05-26,Pittsylvania-Danville,Not Reported,1,0,0
2020-05-26,Portsmouth,Female,130,22,5
2020-05-26,Portsmouth,Male,148,19,6
2020-11-17,Loudoun,Not Reported,67,0,0
2020-11-17,Fairfax,Female,13915,1055,295
2020-11-17,Western Tidewater,Male,2571,131,87
2020-11-17,Peninsula,Not Reported,21,0,0
2020-11-17,New River,Male,2592,62,18
2020-11-17,Central Shenandoah,Male,3672,166,54
2020-11-17,Southside,Male,1036,51,27
2020-11-17,Chesterfield,Male,4213,257,80
2020-11-17,Arlington,Female,2700,246,71
2020-11-17,Rappahannock,Male,3315,242,52
2020-11-17,Central Virginia,Male,2698,116,38
2020-11-17,Alleghany,Not Reported,21,0,1
2020-11-17,Henrico,Male,3411,269,112
2020-11-17,Thomas Jefferson,Male,2314,128,39
2020-11-17,Lord Fairfax,Male,2320,206,73
2020-11-17,Three Rivers,Male,1302,80,23
2020-11-17,Richmond,Not Reported,69,1,2
2020-11-17,Pittsylvania-Danville,Male,1321,93,25
2020-11-17,Portsmouth,Not Reported,3,0,0
2020-11-17,Norfolk,Not Reported,4,0,0
2020-11-17,Chesapeake,Male,2588,244,42
2020-11-17,Chickahominy,Female,1467,104,33
2020-11-17,Prince William,Male,9216,697,154
2020-11-17,Eastern Shore,Not Reported,9,0,0
2020-11-17,Eastern Shore,Male,785,75,26
2020-11-17,Rappahannock Rapidan,Male,2009,127,30
2020-11-17,Henrico,Not Reported,62,1,0
2020-11-17,Cumberland Plateau,Female,1094,60,10
2020-11-17,West Piedmont,Male,1682,164,49
2020-11-17,Hampton,Not Reported,7,0,0
2020-11-17,Alexandria,Not Reported,13,0,0
2020-11-17,Western Tidewater,Not Reported,5,0,2
2020-11-17,Cumberland Plateau,Not Reported,38,0,0
2020-11-17,Virginia Beach,Male,4399,228,56
2020-11-17,Alleghany,Female,2167,77,38
2020-11-17,Lenowisco,Female,1281,63,14
2020-11-17,Virginia Beach,Not Reported,30,0,0
2020-11-17,Western Tidewater,Female,2399,128,72
2020-11-17,Mount Rogers,Male,2248,200,73
2020-11-17,Lord Fairfax,Female,2595,187,66
2020-11-17,Piedmont,Not Reported,7,0,0
2020-11-17,Alexandria,Male,2277,195,38
2020-11-17,Pittsylvania-Danville,Not Reported,14,2,0
2020-11-17,West Piedmont,Not Reported,18,1,2
2020-11-17,Loudoun,Female,4474,239,81
2020-11-17,Hampton,Female,1309,44,14
2020-11-17,Henrico,Female,3888,274,132
2020-11-17,Prince William,Not Reported,150,2,0
2020-11-17,Chickahominy,Male,1385,114,31
2020-11-17,Rappahannock Rapidan,Not Reported,82,0,0
2020-11-17,Peninsula,Female,3030,111,51
2020-11-17,Lenowisco,Not Reported,33,0,0
2020-11-17,Crater,Not Reported,60,3,0
2020-11-17,Chickahominy,Not Reported,29,0,0
2020-11-17,Portsmouth,Male,1436,153,32
2020-11-17,New River,Female,2757,54,15
2020-11-17,Rappahannock,Female,3747,224,43
2020-11-17,Central Virginia,Female,3099,102,30
2020-11-17,Roanoke,Not Reported,20,0,0
2020-11-17,West Piedmont,Female,2176,180,47
2020-11-17,Mount Rogers,Female,2823,173,80
2020-11-17,Piedmont,Male,1730,109,45
2020-11-17,Chesterfield,Female,4630,253,71
2020-11-17,Fairfax,Male,13206,1391,324
2020-11-17,Crater,Male,3176,150,56
2020-11-17,Central Virginia,Not Reported,163,2,1
2020-11-17,Prince William,Female,9599,545,111
2020-11-17,Virginia Beach,Female,5020,250,55
2020-11-17,Norfolk,Female,3071,219,41
2020-11-17,Three Rivers,Female,1157,69,19
2020-11-17,Arlington,Male,2750,315,86
2020-11-17,Central Shenandoah,Female,4263,165,44
2020-11-17,Southside,Female,1101,45,26
2020-11-18,Southside,Not Reported,13,0,0
2020-11-18,Chesapeake,Female,3069,262,38
2020-11-18,Richmond,Female,3102,242,29
2020-11-18,Roanoke,Male,1543,58,31
2020-11-18,Fairfax,Not Reported,170,1,6
2020-11-18,Thomas Jefferson,Female,2581,131,41
2020-11-18,Chesapeake,Not Reported,6,0,0
2020-11-18,Cumberland Plateau,Male,939,60,8
2020-11-18,Eastern Shore,Female,808,76,26
2020-11-18,Lord Fairfax,Not Reported,26,0,0
2020-11-18,Rappahannock,Not Reported,37,0,0
2020-11-18,Central Shenandoah,Not Reported,27,0,0
2020-11-18,Peninsula,Male,2789,129,43
2020-11-18,Norfolk,Male,2984,208,46
2020-11-18,Alexandria,Female,2460,148,38
2020-11-18,Lenowisco,Male,1204,78,29
2020-11-18,Pittsylvania-Danville,Female,1668,140,40
2020-11-18,New River,Not Reported,49,0,0
2020-11-18,Chesterfield,Not Reported,153,0,2
2020-11-18,Loudoun,Male,4450,285,55
2020-11-18,Rappahannock Rapidan,Female,1775,87,27
2020-11-18,Piedmont,Female,1089,82,18
2020-11-18,Richmond,Male,2933,237,49
2020-11-18,Crater,Female,2314,173,64
2020-11-18,Portsmouth,Female,1592,192,38
2020-11-18,Arlington,Not Reported,5,0,0
2020-11-18,Mount Rogers,Not Reported,30,0,1
2020-11-18,Thomas Jefferson,Not Reported,5,0,0
2020-11-18,Three Rivers,Not Reported,24,0,0
2020-11-18,Hampton,Male,1126,64,20
2020-11-18,Alleghany,Male,1798,63,24
2020-11-18,Roanoke,Female,2022,64,31
2020-05-26,Portsmouth,Not Reported,3,0,0
2020-05-26,Prince William,Female,3010,234,54
2020-05-26,Prince William,Male,3161,286,57
2020-05-26,Prince William,Not Reported,54,1,0
2020-05-26,Rappahannock,Female,695,57,4
2020-05-26,Rappahannock,Male,649,81,12
2020-05-26,Rappahannock,Not Reported,10,1,0
2020-05-26,Rappahannock Rapidan,Female,511,26,4
2020-05-26,Rappahannock Rapidan,Male,537,47,8
2020-05-26,Rappahannock Rapidan,Not Reported,26,1,0
2020-05-26,Richmond,Female,517,54,4
2020-05-26,Richmond,Male,553,78,14
2020-05-26,Richmond,Not Reported,19,2,2
2020-05-26,Roanoke,Female,85,4,7
2020-05-26,Roanoke,Male,61,5,2
2020-05-26,Roanoke,Not Reported,0,0,0
2020-05-26,Southside,Female,173,19,13
2020-05-26,Southside,Male,86,18,8
2020-05-26,Southside,Not Reported,3,0,0
2020-05-26,Thomas Jefferson,Female,251,37,9
2020-05-26,Thomas Jefferson,Male,199,31,10
2020-05-26,Thomas Jefferson,Not Reported,1,0,0
2020-05-26,Three Rivers,Female,141,20,5
2020-05-26,Three Rivers,Male,346,13,1
2020-05-26,Three Rivers,Not Reported,2,0,0
2020-05-26,Virginia Beach,Female,355,39,10
2020-05-26,Virginia Beach,Male,280,51,13
2020-05-26,Virginia Beach,Not Reported,3,0,0
2020-05-26,West Piedmont,Female,83,5,3
2020-05-26,West Piedmont,Male,74,10,2
2020-05-26,West Piedmont,Not Reported,2,0,0
2020-05-26,Western Tidewater,Female,302,20,15
2020-05-26,Western Tidewater,Male,305,44,22
2020-05-26,Western Tidewater,Not Reported,3,0,0
2020-05-27,Alexandria,Female,936,76,21
2020-05-27,Alexandria,Male,882,99,21
2020-05-27,Alexandria,Not Reported,6,0,0
2020-05-27,Alleghany,Female,108,9,10
2020-05-27,Alleghany,Male,75,15,6
2020-05-27,Alleghany,Not Reported,1,0,0
2020-05-27,Arlington,Female,973,168,53
2020-11-18,Loudoun,Not Reported,66,0,0
2020-11-18,Fairfax,Female,14051,1066,295
2020-11-18,Western Tidewater,Male,2573,132,87
2020-11-18,Peninsula,Not Reported,20,0,0
2020-11-18,New River,Male,2641,62,19
2020-11-18,Central Shenandoah,Male,3702,167,55
2020-11-18,Southside,Male,1041,54,27
2020-11-18,Chesterfield,Male,4228,259,80
2020-11-18,Arlington,Female,2729,247,71
2020-11-18,Rappahannock,Male,3346,243,52
2020-11-18,Central Virginia,Male,2716,116,38
2020-11-18,Alleghany,Not Reported,33,0,1
2020-11-18,Henrico,Male,3442,269,111
2020-11-18,Thomas Jefferson,Male,2326,128,39
2020-11-18,Lord Fairfax,Male,2402,212,73
2020-11-18,Three Rivers,Male,1310,80,23
2020-11-18,Richmond,Not Reported,69,1,2
2020-11-18,Pittsylvania-Danville,Male,1327,94,25
2020-11-18,Portsmouth,Not Reported,3,0,0
2020-11-18,Norfolk,Not Reported,11,0,0
2020-11-18,Chesapeake,Male,2620,248,42
2020-11-18,Chickahominy,Female,1483,105,33
2020-11-18,Prince William,Male,9308,701,154
2020-11-18,Eastern Shore,Not Reported,9,0,0
2020-11-18,Eastern Shore,Male,787,75,26
2020-11-18,Rappahannock Rapidan,Male,2017,128,32
2020-11-18,Henrico,Not Reported,63,1,0
2020-11-18,Cumberland Plateau,Female,1133,60,10
2020-11-18,West Piedmont,Male,1697,165,49
2020-11-18,Hampton,Not Reported,7,0,0
2020-11-18,Alexandria,Not Reported,14,0,0
2020-11-18,Western Tidewater,Not Reported,5,0,2
2020-11-18,Cumberland Plateau,Not Reported,47,0,0
2020-11-18,Virginia Beach,Male,4475,234,56
2020-11-18,Alleghany,Female,2266,79,39
2020-11-18,Lenowisco,Female,1304,64,17
2020-11-18,Virginia Beach,Not Reported,31,0,0
2020-11-18,Western Tidewater,Female,2403,128,72
2020-11-18,Mount Rogers,Male,2288,200,74
2020-11-18,Lord Fairfax,Female,2687,189,67
2020-11-18,Piedmont,Not Reported,7,0,0
2020-11-18,Alexandria,Male,2294,196,38
2020-11-18,Pittsylvania-Danville,Not Reported,14,2,0
2020-11-18,West Piedmont,Not Reported,18,1,2
2020-11-18,Loudoun,Female,4504,242,81
2020-11-18,Hampton,Female,1316,44,14
2020-11-18,Henrico,Female,3951,277,130
2020-11-18,Prince William,Not Reported,153,2,0
2020-11-18,Chickahominy,Male,1395,115,31
2020-11-18,Rappahannock Rapidan,Not Reported,80,0,0
2020-11-18,Peninsula,Female,3043,112,51
2020-11-18,Lenowisco,Not Reported,35,0,0
2020-11-18,Crater,Not Reported,58,3,0
2020-11-18,Chickahominy,Not Reported,29,0,0
2020-11-18,Portsmouth,Male,1436,153,32
2020-11-18,New River,Female,2831,58,16
2020-11-18,Rappahannock,Female,3779,225,43
2020-11-18,Central Virginia,Female,3120,102,30
2020-11-18,Roanoke,Not Reported,20,0,0
2020-11-18,West Piedmont,Female,2197,182,47
2020-11-18,Mount Rogers,Female,2872,177,89
2020-11-18,Piedmont,Male,1737,110,45
2020-11-18,Chesterfield,Female,4658,254,73
2020-11-18,Fairfax,Male,13324,1395,325
2020-11-18,Crater,Male,3180,150,56
2020-11-18,Central Virginia,Not Reported,160,2,1
2020-11-18,Prince William,Female,9679,549,112
2020-11-18,Virginia Beach,Female,5027,249,55
2020-11-18,Norfolk,Female,3088,222,41
2020-11-18,Three Rivers,Female,1166,69,19
2020-11-18,Arlington,Male,2778,316,85
2020-11-18,Central Shenandoah,Female,4307,168,43
2020-11-18,Southside,Female,1106,45,26
2020-11-19,Southside,Not Reported,13,0,0
2020-11-19,Chesapeake,Female,3085,262,39
2020-11-19,Richmond,Female,3136,246,29
2020-11-19,Roanoke,Male,1575,59,31
2020-11-19,Fairfax,Not Reported,172,1,6
2020-11-19,Thomas Jefferson,Female,2594,132,41
2020-11-19,Chesapeake,Not Reported,7,0,0
2020-11-19,Cumberland Plateau,Male,951,61,8
2020-11-19,Eastern Shore,Female,813,78,26
2020-11-19,Lord Fairfax,Not Reported,26,0,0
2020-11-19,Rappahannock,Not Reported,38,0,0
2020-11-19,Central Shenandoah,Not Reported,30,1,0
2020-11-19,Peninsula,Male,2822,129,43
2020-11-19,Norfolk,Male,2994,208,47
2020-11-19,Alexandria,Female,2486,148,38
2020-11-19,Lenowisco,Male,1223,78,31
2020-11-19,Pittsylvania-Danville,Female,1677,142,40
2020-11-19,New River,Not Reported,49,0,0
2020-11-19,Chesterfield,Not Reported,154,0,2
2020-11-19,Loudoun,Male,4461,286,56
2020-11-19,Rappahannock Rapidan,Female,1794,88,27
2020-11-19,Piedmont,Female,1097,82,18
2020-11-19,Richmond,Male,2954,240,49
2020-11-19,Crater,Female,2326,176,65
2020-11-19,Portsmouth,Female,1596,192,38
2020-11-19,Arlington,Not Reported,5,0,0
2020-11-19,Mount Rogers,Not Reported,28,0,1
2020-11-19,Thomas Jefferson,Not Reported,5,0,0
2020-11-19,Three Rivers,Not Reported,24,0,0
2020-11-19,Hampton,Male,1138,64,20
2020-11-19,Alleghany,Male,1845,65,24
2020-11-19,Roanoke,Female,2076,66,34
2020-05-27,Arlington,Male,1007,202,56
2020-05-27,Arlington,Not Reported,8,1,0
2020-05-27,Central Shenandoah,Female,764,61,13
2020-05-27,Central Shenandoah,Male,680,55,15
2020-05-27,Central Shenandoah,Not Reported,3,0,0
2020-05-27,Central Virginia,Female,90,7,0
2020-05-27,Central Virginia,Male,109,9,4
2020-05-27,Central Virginia,Not Reported,0,0,0
2020-05-27,Chesapeake,Female,268,45,6
2020-05-27,Chesapeake,Male,204,40,8
2020-05-27,Chesapeake,Not Reported,0,0,0
2020-05-27,Chesterfield,Female,710,33,22
2020-05-27,Chesterfield,Male,632,43,19
2020-05-27,Chesterfield,Not Reported,35,0,1
2020-05-27,Chickahominy,Female,261,39,14
2020-05-27,Chickahominy,Male,197,39,16
2020-05-27,Chickahominy,Not Reported,7,0,0
2020-05-27,Crater,Female,296,48,13
2020-05-27,Crater,Male,287,33,4
2020-05-27,Crater,Not Reported,10,2,0
2020-05-27,Cumberland Plateau,Female,18,1,0
2020-05-27,Cumberland Plateau,Male,14,1,0
2020-05-27,Cumberland Plateau,Not Reported,0,0,0
2020-05-27,Eastern Shore,Female,522,30,14
2020-05-27,Eastern Shore,Male,480,35,16
2020-05-27,Eastern Shore,Not Reported,3,0,0
2020-05-27,Fairfax,Female,5042,552,181
2020-05-27,Fairfax,Male,5056,729,188
2020-05-27,Fairfax,Not Reported,83,4,7
2020-05-27,Hampton,Female,99,11,1
2020-05-27,Hampton,Male,82,19,2
2020-05-27,Hampton,Not Reported,2,0,0
2020-05-27,Henrico,Female,903,88,61
2020-05-27,Henrico,Male,672,92,58
2020-05-27,Henrico,Not Reported,4,0,0
2020-05-27,Lenowisco,Female,20,7,1
2020-05-27,Lenowisco,Male,22,8,3
2020-05-27,Lenowisco,Not Reported,0,0,0
2020-05-27,Lord Fairfax,Female,641,57,23
2020-05-27,Lord Fairfax,Male,555,55,22
2020-05-27,Lord Fairfax,Not Reported,10,0,0
2020-11-19,Loudoun,Not Reported,67,0,0
2020-11-19,Fairfax,Female,14149,1073,297
2020-11-19,Western Tidewater,Male,2586,132,87
2020-11-19,Peninsula,Not Reported,20,0,0
2020-11-19,New River,Male,2670,62,19
2020-11-19,Central Shenandoah,Male,3727,170,55
2020-11-19,Southside,Male,1043,54,27
2020-11-19,Chesterfield,Male,4270,260,80
2020-11-19,Arlington,Female,2744,250,71
2020-11-19,Rappahannock,Male,3376,243,52
2020-11-19,Central Virginia,Male,2731,116,38
2020-11-19,Alleghany,Not Reported,35,0,1
2020-11-19,Henrico,Male,3468,269,112
2020-11-19,Thomas Jefferson,Male,2343,128,39
2020-11-19,Lord Fairfax,Male,2449,214,73
2020-11-19,Three Rivers,Male,1316,81,23
2020-11-19,Richmond,Not Reported,69,1,2
2020-11-19,Pittsylvania-Danville,Male,1332,96,27
2020-11-19,Portsmouth,Not Reported,3,0,0
2020-11-19,Norfolk,Not Reported,14,0,0
2020-11-19,Chesapeake,Male,2637,249,41
2020-11-19,Chickahominy,Female,1497,106,33
2020-11-19,Prince William,Male,9397,703,155
2020-11-19,Eastern Shore,Not Reported,9,0,0
2020-11-19,Eastern Shore,Male,791,75,26
2020-11-19,Rappahannock Rapidan,Male,2033,131,32
2020-11-19,Henrico,Not Reported,68,1,0
2020-11-19,Cumberland Plateau,Female,1145,61,10
2020-11-19,West Piedmont,Male,1736,168,51
2020-11-19,Hampton,Not Reported,7,0,0
2020-11-19,Alexandria,Not Reported,9,0,0
2020-11-19,Western Tidewater,Not Reported,5,0,2
2020-11-19,Cumberland Plateau,Not Reported,59,0,0
2020-11-19,Virginia Beach,Male,4515,242,57
2020-11-19,Alleghany,Female,2327,80,40
2020-11-19,Lenowisco,Female,1323,65,24
2020-11-19,Virginia Beach,Not Reported,33,0,0
2020-11-19,Western Tidewater,Female,2413,129,73
2020-11-19,Mount Rogers,Male,2330,201,74
2020-11-19,Lord Fairfax,Female,2767,190,67
2020-11-19,Piedmont,Not Reported,7,0,0
2020-11-19,Alexandria,Male,2302,197,39
2020-11-19,Pittsylvania-Danville,Not Reported,14,2,1
2020-11-19,West Piedmont,Not Reported,18,1,2
2020-11-19,Loudoun,Female,4518,243,82
2020-11-19,Hampton,Female,1336,45,14
2020-11-19,Henrico,Female,3973,279,130
2020-11-19,Prince William,Not Reported,153,2,0
2020-11-19,Chickahominy,Male,1411,115,31
2020-11-19,Rappahannock Rapidan,Not Reported,84,0,0
2020-11-19,Peninsula,Female,3073,113,51
2020-11-19,Lenowisco,Not Reported,34,0,0
2020-11-19,Crater,Not Reported,58,3,0
2020-11-19,Chickahominy,Not Reported,32,0,0
2020-11-19,Portsmouth,Male,1440,153,32
2020-11-19,New River,Female,2884,63,20
2020-11-19,Rappahannock,Female,3820,225,43
2020-11-19,Central Virginia,Female,3141,102,30
2020-11-19,Roanoke,Not Reported,21,0,0
2020-11-19,West Piedmont,Female,2248,184,48
2020-11-19,Mount Rogers,Female,2924,179,90
2020-11-19,Piedmont,Male,1772,110,45
2020-11-19,Chesterfield,Female,4690,254,74
2020-11-19,Fairfax,Male,13431,1404,324
2020-11-19,Crater,Male,3196,152,57
2020-11-19,Central Virginia,Not Reported,160,2,1
2020-11-19,Prince William,Female,9747,552,112
2020-11-19,Virginia Beach,Female,5066,254,55
2020-11-19,Norfolk,Female,3108,223,41
2020-11-19,Three Rivers,Female,1174,71,19
2020-11-19,Arlington,Male,2795,316,85
2020-11-19,Central Shenandoah,Female,4343,171,43
2020-11-19,Southside,Female,1107,46,26
2020-11-20,Southside,Not Reported,13,0,0
2020-11-20,Chesapeake,Female,3120,263,39
2020-11-20,Richmond,Female,3168,246,29
2020-11-20,Roanoke,Male,1622,59,31
2020-11-20,Fairfax,Not Reported,181,1,6
2020-11-20,Thomas Jefferson,Female,2612,133,41
2020-11-20,Chesapeake,Not Reported,7,0,0
2020-11-20,Cumberland Plateau,Male,972,63,10
2020-11-20,Eastern Shore,Female,816,78,26
2020-11-20,Lord Fairfax,Not Reported,26,0,0
2020-11-20,Rappahannock,Not Reported,36,0,0
2020-11-20,Central Shenandoah,Not Reported,28,1,0
2020-11-20,Peninsula,Male,2847,129,43
2020-11-20,Norfolk,Male,3008,209,47
2020-11-20,Alexandria,Female,2505,148,38
2020-11-20,Lenowisco,Male,1238,79,32
2020-11-20,Pittsylvania-Danville,Female,1702,142,40
2020-11-20,New River,Not Reported,49,0,0
2020-11-20,Chesterfield,Not Reported,158,0,2
2020-11-20,Loudoun,Male,4515,287,56
2020-11-20,Rappahannock Rapidan,Female,1812,88,27
2020-11-20,Piedmont,Female,1104,83,19
2020-11-20,Richmond,Male,2976,242,49
2020-11-20,Crater,Female,2349,178,65
2020-11-20,Portsmouth,Female,1601,193,38
2020-11-20,Arlington,Not Reported,5,0,0
2020-11-20,Mount Rogers,Not Reported,26,0,1
2020-11-20,Thomas Jefferson,Not Reported,5,0,0
2020-11-20,Three Rivers,Not Reported,24,0,0
2020-11-20,Hampton,Male,1150,65,20
2020-11-20,Alleghany,Male,1920,66,24
2020-11-20,Roanoke,Female,2128,65,35
2020-05-27,Loudoun,Female,1135,72,28
2020-05-27,Loudoun,Male,1132,83,25
2020-05-27,Loudoun,Not Reported,7,0,0
2020-05-27,Mount Rogers,Female,166,6,2
2020-05-27,Mount Rogers,Male,148,16,4
2020-05-27,Mount Rogers,Not Reported,1,0,0
2020-05-27,New River,Female,54,6,0
2020-05-27,New River,Male,46,8,1
2020-05-27,New River,Not Reported,1,0,0
2020-05-27,Norfolk,Female,224,32,1
2020-05-27,Norfolk,Male,227,30,5
2020-05-27,Norfolk,Not Reported,0,0,0
2020-05-27,Peninsula,Female,307,53,20
2020-05-27,Peninsula,Male,265,60,12
2020-05-27,Peninsula,Not Reported,3,0,0
2020-05-27,Piedmont,Female,160,16,2
2020-05-27,Piedmont,Male,523,27,4
2020-05-27,Piedmont,Not Reported,0,0,0
2020-05-27,Pittsylvania-Danville,Female,49,14,2
2020-05-27,Pittsylvania-Danville,Male,33,11,1
2020-05-27,Pittsylvania-Danville,Not Reported,1,0,0
2020-05-27,Portsmouth,Female,131,22,5
2020-05-27,Portsmouth,Male,148,19,6
2020-05-27,Portsmouth,Not Reported,3,0,0
2020-05-27,Prince William,Female,3057,236,55
2020-05-27,Prince William,Male,3205,289,60
2020-05-27,Prince William,Not Reported,58,1,0
2020-05-27,Rappahannock,Female,710,57,4
2020-05-27,Rappahannock,Male,660,81,12
2020-05-27,Rappahannock,Not Reported,11,1,0
2020-05-27,Rappahannock Rapidan,Female,519,26,4
2020-05-27,Rappahannock Rapidan,Male,544,47,7
2020-05-27,Rappahannock Rapidan,Not Reported,26,1,0
2020-05-27,Richmond,Female,531,55,4
2020-05-27,Richmond,Male,562,80,15
2020-05-27,Richmond,Not Reported,19,2,2
2020-05-27,Roanoke,Female,85,4,7
2020-05-27,Roanoke,Male,61,5,2
2020-05-27,Roanoke,Not Reported,0,0,0
2020-05-27,Southside,Female,174,19,14
2020-05-27,Southside,Male,86,18,8
2020-11-20,Loudoun,Not Reported,68,0,0
2020-11-20,Fairfax,Female,14277,1079,299
2020-11-20,Western Tidewater,Male,2598,132,87
2020-11-20,Peninsula,Not Reported,38,0,0
2020-11-20,New River,Male,2705,66,20
2020-11-20,Central Shenandoah,Male,3781,171,55
2020-11-20,Southside,Male,1048,54,27
2020-11-20,Chesterfield,Male,4314,262,81
2020-11-20,Arlington,Female,2777,250,71
2020-11-20,Rappahannock,Male,3407,244,52
2020-11-20,Central Virginia,Male,2797,118,38
2020-11-20,Alleghany,Not Reported,51,0,1
2020-11-20,Henrico,Male,3505,273,112
2020-11-20,Thomas Jefferson,Male,2361,130,40
2020-11-20,Lord Fairfax,Male,2485,217,73
2020-11-20,Three Rivers,Male,1320,81,23
2020-11-20,Richmond,Not Reported,71,1,2
2020-11-20,Pittsylvania-Danville,Male,1341,96,27
2020-11-20,Portsmouth,Not Reported,3,0,0
2020-11-20,Norfolk,Not Reported,14,0,0
2020-11-20,Chesapeake,Male,2672,251,41
2020-11-20,Chickahominy,Female,1537,106,33
2020-11-20,Prince William,Male,9484,705,155
2020-11-20,Eastern Shore,Not Reported,9,0,0
2020-11-20,Eastern Shore,Male,792,75,26
2020-11-20,Rappahannock Rapidan,Male,2059,133,33
2020-11-20,Henrico,Not Reported,71,1,0
2020-11-20,Cumberland Plateau,Female,1169,62,10
2020-11-20,West Piedmont,Male,1772,168,51
2020-11-20,Hampton,Not Reported,9,0,0
2020-11-20,Alexandria,Not Reported,9,0,0
2020-11-20,Western Tidewater,Not Reported,5,0,2
2020-11-20,Cumberland Plateau,Not Reported,62,0,0
2020-11-20,Virginia Beach,Male,4559,242,57
2020-11-20,Alleghany,Female,2409,83,40
2020-11-20,Lenowisco,Female,1345,67,25
2020-11-20,Virginia Beach,Not Reported,33,0,0
2020-11-20,Western Tidewater,Female,2431,130,74
2020-11-20,Mount Rogers,Male,2372,203,74
2020-11-20,Lord Fairfax,Female,2818,190,68
2020-11-20,Piedmont,Not Reported,7,0,0
2020-11-20,Alexandria,Male,2317,197,39
2020-11-20,Pittsylvania-Danville,Not Reported,14,2,1
2020-11-20,West Piedmont,Not Reported,18,1,2
2020-11-20,Loudoun,Female,4566,244,83
2020-11-20,Hampton,Female,1347,45,14
2020-11-20,Henrico,Female,4028,285,130
2020-11-20,Prince William,Not Reported,156,2,0
2020-11-20,Chickahominy,Male,1434,116,32
2020-11-20,Rappahannock Rapidan,Not Reported,88,0,0
2020-11-20,Peninsula,Female,3096,113,51
2020-11-20,Lenowisco,Not Reported,34,0,0
2020-11-20,Crater,Not Reported,58,3,0
2020-11-20,Chickahominy,Not Reported,35,0,0
2020-11-20,Portsmouth,Male,1449,153,32
2020-11-20,New River,Female,2943,67,21
2020-11-20,Rappahannock,Female,3867,231,43
2020-11-20,Central Virginia,Female,3233,104,30
2020-11-20,Roanoke,Not Reported,22,0,0
2020-11-20,West Piedmont,Female,2295,185,49
2020-11-20,Mount Rogers,Female,2977,181,89
2020-11-20,Piedmont,Male,1783,112,45
2020-11-20,Chesterfield,Female,4739,257,73
2020-11-20,Fairfax,Male,13555,1413,324
2020-11-20,Crater,Male,3212,152,57
2020-11-20,Central Virginia,Not Reported,163,2,1
2020-11-20,Prince William,Female,9827,553,112
2020-11-20,Virginia Beach,Female,5124,258,55
2020-11-20,Norfolk,Female,3122,225,41
2020-11-20,Three Rivers,Female,1179,71,19
2020-11-20,Arlington,Male,2821,316,85
2020-11-20,Central Shenandoah,Female,4408,172,43
2020-11-20,Southside,Female,1113,46,26
2020-11-21,Southside,Not Reported,14,0,0
2020-11-21,Chesapeake,Female,3145,266,39
2020-11-21,Richmond,Female,3192,249,29
2020-11-21,Roanoke,Male,1638,60,32
2020-11-21,Fairfax,Not Reported,185,1,6
2020-11-21,Thomas Jefferson,Female,2629,133,41
2020-11-21,Chesapeake,Not Reported,9,0,0
2020-11-21,Cumberland Plateau,Male,982,64,12
2020-11-21,Eastern Shore,Female,821,78,26
2020-11-21,Lord Fairfax,Not Reported,26,0,0
2020-11-21,Rappahannock,Not Reported,37,0,0
2020-11-21,Central Shenandoah,Not Reported,31,1,0
2020-11-21,Peninsula,Male,2876,130,43
2020-11-21,Norfolk,Male,3022,209,47
2020-11-21,Alexandria,Female,2530,149,38
2020-11-21,Lenowisco,Male,1256,84,32
2020-11-21,Pittsylvania-Danville,Female,1724,144,42
2020-11-21,New River,Not Reported,49,0,0
2020-11-21,Chesterfield,Not Reported,158,0,2
2020-11-21,Loudoun,Male,4539,290,56
2020-11-21,Rappahannock Rapidan,Female,1815,88,27
2020-11-21,Piedmont,Female,1110,83,18
2020-11-21,Richmond,Male,3005,245,49
2020-11-21,Crater,Female,2364,178,65
2020-11-21,Portsmouth,Female,1608,195,38
2020-11-21,Arlington,Not Reported,5,0,0
2020-11-21,Mount Rogers,Not Reported,31,0,1
2020-11-21,Thomas Jefferson,Not Reported,4,0,0
2020-11-21,Three Rivers,Not Reported,24,0,0
2020-11-21,Hampton,Male,1163,66,20
2020-11-21,Alleghany,Male,1952,68,25
2020-11-21,Roanoke,Female,2160,65,35
2020-05-27,Southside,Not Reported,3,0,0
2020-05-27,Thomas Jefferson,Female,262,37,9
2020-05-27,Thomas Jefferson,Male,207,31,10
2020-05-27,Thomas Jefferson,Not Reported,1,0,0
2020-05-27,Three Rivers,Female,143,20,5
2020-05-27,Three Rivers,Male,349,14,1
2020-05-27,Three Rivers,Not Reported,2,0,0
2020-05-27,Virginia Beach,Female,360,39,9
2020-05-27,Virginia Beach,Male,283,51,13
2020-05-27,Virginia Beach,Not Reported,3,0,0
2020-05-27,West Piedmont,Female,90,7,3
2020-05-27,West Piedmont,Male,79,11,3
2020-05-27,West Piedmont,Not Reported,2,0,0
2020-05-27,Western Tidewater,Female,305,20,15
2020-05-27,Western Tidewater,Male,308,45,22
2020-05-27,Western Tidewater,Not Reported,3,0,0
2020-05-28,Alexandria,Female,973,79,23
2020-05-28,Alexandria,Male,907,101,21
2020-05-28,Alexandria,Not Reported,7,0,0
2020-05-28,Alleghany,Female,109,9,10
2020-05-28,Alleghany,Male,76,15,6
2020-05-28,Alleghany,Not Reported,1,0,0
2020-05-28,Arlington,Female,1006,169,53
2020-05-28,Arlington,Male,1025,203,56
2020-05-28,Arlington,Not Reported,8,1,0
2020-05-28,Central Shenandoah,Female,778,61,15
2020-05-28,Central Shenandoah,Male,686,57,15
2020-05-28,Central Shenandoah,Not Reported,4,0,0
2020-05-28,Central Virginia,Female,90,7,0
2020-05-28,Central Virginia,Male,111,9,4
2020-05-28,Central Virginia,Not Reported,0,0,0
2020-05-28,Chesapeake,Female,275,45,6
2020-05-28,Chesapeake,Male,206,41,8
2020-05-28,Chesapeake,Not Reported,0,0,0
2020-05-28,Chesterfield,Female,739,36,25
2020-05-28,Chesterfield,Male,661,44,25
2020-05-28,Chesterfield,Not Reported,47,0,1
2020-05-28,Chickahominy,Female,264,40,15
2020-05-28,Chickahominy,Male,201,39,17
2020-05-28,Chickahominy,Not Reported,7,0,0
2020-05-28,Crater,Female,317,50,14
2020-11-21,Loudoun,Not Reported,73,0,0
2020-11-21,Fairfax,Female,14447,1082,300
2020-11-21,Western Tidewater,Male,2616,134,87
2020-11-21,Peninsula,Not Reported,63,0,0
2020-11-21,New River,Male,2774,67,20
2020-11-21,Central Shenandoah,Male,3863,176,56
2020-11-21,Southside,Male,1052,54,27
2020-11-21,Chesterfield,Male,4361,265,84
2020-11-21,Arlington,Female,2808,251,71
2020-11-21,Rappahannock,Male,3454,244,53
2020-11-21,Central Virginia,Male,2822,119,38
2020-11-21,Alleghany,Not Reported,51,0,1
2020-11-21,Henrico,Male,3532,274,112
2020-11-21,Thomas Jefferson,Male,2385,130,40
2020-11-21,Lord Fairfax,Male,2509,217,74
2020-11-21,Three Rivers,Male,1325,82,23
2020-11-21,Richmond,Not Reported,71,1,2
2020-11-21,Pittsylvania-Danville,Male,1354,97,27
2020-11-21,Portsmouth,Not Reported,3,0,0
2020-11-21,Norfolk,Not Reported,15,0,0
2020-11-21,Chesapeake,Male,2702,252,41
2020-11-21,Chickahominy,Female,1556,107,34
2020-11-21,Prince William,Male,9561,709,155
2020-11-21,Eastern Shore,Not Reported,9,0,0
2020-11-21,Eastern Shore,Male,793,75,26
2020-11-21,Rappahannock Rapidan,Male,2063,133,32
2020-11-21,Henrico,Not Reported,68,1,0
2020-11-21,Cumberland Plateau,Female,1175,62,10
2020-11-21,West Piedmont,Male,1811,168,51
2020-11-21,Hampton,Not Reported,10,0,0
2020-11-21,Alexandria,Not Reported,13,0,0
2020-11-21,Western Tidewater,Not Reported,7,0,2
2020-11-21,Cumberland Plateau,Not Reported,69,0,0
2020-11-21,Virginia Beach,Male,4642,247,57
2020-11-21,Alleghany,Female,2446,83,43
2020-11-21,Lenowisco,Female,1370,67,25
2020-11-21,Virginia Beach,Not Reported,33,0,0
2020-11-21,Western Tidewater,Female,2444,133,74
2020-11-21,Mount Rogers,Male,2412,205,74
2020-11-21,Lord Fairfax,Female,2837,195,68
2020-11-21,Piedmont,Not Reported,8,0,0
2020-11-21,Alexandria,Male,2339,197,39
2020-11-21,Pittsylvania-Danville,Not Reported,14,2,1
2020-11-21,West Piedmont,Not Reported,15,1,2
2020-11-21,Loudoun,Female,4604,245,83
2020-11-21,Hampton,Female,1361,46,14
2020-11-21,Henrico,Female,4083,288,130
2020-11-21,Prince William,Not Reported,155,2,0
2020-11-21,Chickahominy,Male,1452,118,33
2020-11-21,Rappahannock Rapidan,Not Reported,97,0,0
2020-11-21,Peninsula,Female,3122,119,51
2020-11-21,Lenowisco,Not Reported,35,0,0
2020-11-21,Crater,Not Reported,58,3,0
2020-11-21,Chickahominy,Not Reported,32,0,0
2020-11-21,Portsmouth,Male,1456,154,32
2020-11-21,New River,Female,3023,69,23
2020-11-21,Rappahannock,Female,3908,231,43
2020-11-21,Central Virginia,Female,3260,106,31
2020-11-21,Roanoke,Not Reported,22,0,0
2020-11-21,West Piedmont,Female,2329,185,52
2020-11-21,Mount Rogers,Female,3018,181,89
2020-11-21,Piedmont,Male,1789,112,45
2020-11-21,Chesterfield,Female,4795,257,73
2020-11-21,Fairfax,Male,13713,1418,323
2020-11-21,Crater,Male,3230,153,57
2020-11-21,Central Virginia,Not Reported,163,2,1
2020-11-21,Prince William,Female,9897,554,113
2020-11-21,Virginia Beach,Female,5190,260,55
2020-11-21,Norfolk,Female,3141,227,41
2020-11-21,Three Rivers,Female,1184,71,21
2020-11-21,Arlington,Male,2860,317,85
2020-11-21,Central Shenandoah,Female,4495,176,45
2020-11-21,Southside,Female,1128,47,26
2020-11-22,Southside,Not Reported,14,0,0
2020-11-22,Chesapeake,Female,3173,267,39
2020-11-22,Richmond,Female,3227,249,29
2020-11-22,Roanoke,Male,1654,60,32
2020-11-22,Fairfax,Not Reported,188,1,6
2020-11-22,Thomas Jefferson,Female,2649,136,41
2020-11-22,Chesapeake,Not Reported,12,0,0
2020-11-22,Cumberland Plateau,Male,991,65,12
2020-11-22,Eastern Shore,Female,829,78,26
2020-11-22,Lord Fairfax,Not Reported,26,0,0
2020-11-22,Rappahannock,Not Reported,36,0,0
2020-11-22,Central Shenandoah,Not Reported,34,1,0
2020-11-22,Peninsula,Male,2912,130,43
2020-11-22,Norfolk,Male,3063,210,47
2020-11-22,Alexandria,Female,2556,149,38
2020-11-22,Lenowisco,Male,1270,85,32
2020-11-22,Pittsylvania-Danville,Female,1726,145,42
2020-11-22,New River,Not Reported,49,0,0
2020-11-22,Chesterfield,Not Reported,160,0,2
2020-11-22,Loudoun,Male,4562,290,56
2020-11-22,Rappahannock Rapidan,Female,1824,89,27
2020-11-22,Piedmont,Female,1127,83,18
2020-11-22,Richmond,Male,3033,245,49
2020-11-22,Crater,Female,2382,179,65
2020-11-22,Portsmouth,Female,1623,195,38
2020-11-22,Arlington,Not Reported,5,0,0
2020-11-22,Mount Rogers,Not Reported,36,0,1
2020-11-22,Thomas Jefferson,Not Reported,4,0,0
2020-11-22,Three Rivers,Not Reported,26,0,0
2020-11-22,Hampton,Male,1180,66,20
2020-11-22,Alleghany,Male,2003,68,25
2020-11-22,Roanoke,Female,2190,65,35
2020-05-28,Crater,Male,305,36,4
2020-05-28,Crater,Not Reported,10,2,0
2020-05-28,Cumberland Plateau,Female,19,1,0
2020-05-28,Cumberland Plateau,Male,14,1,0
2020-05-28,Cumberland Plateau,Not Reported,0,0,0
2020-05-28,Eastern Shore,Female,537,32,15
2020-05-28,Eastern Shore,Male,494,35,17
2020-05-28,Eastern Shore,Not Reported,3,0,0
2020-05-28,Fairfax,Female,5266,552,186
2020-05-28,Fairfax,Male,5257,730,192
2020-05-28,Fairfax,Not Reported,96,4,7
2020-05-28,Hampton,Female,99,11,1
2020-05-28,Hampton,Male,89,19,2
2020-05-28,Hampton,Not Reported,2,0,0
2020-05-28,Henrico,Female,932,91,65
2020-05-28,Henrico,Male,688,93,64
2020-05-28,Henrico,Not Reported,4,0,2
2020-05-28,Lenowisco,Female,20,8,1
2020-05-28,Lenowisco,Male,22,8,3
2020-05-28,Lenowisco,Not Reported,0,0,0
2020-05-28,Lord Fairfax,Female,679,60,23
2020-05-28,Lord Fairfax,Male,589,58,25
2020-05-28,Lord Fairfax,Not Reported,11,0,0
2020-05-28,Loudoun,Female,1160,72,31
2020-05-28,Loudoun,Male,1147,84,28
2020-05-28,Loudoun,Not Reported,11,0,4
2020-05-28,Mount Rogers,Female,167,6,2
2020-05-28,Mount Rogers,Male,149,16,4
2020-05-28,Mount Rogers,Not Reported,2,0,0
2020-05-28,New River,Female,56,6,0
2020-05-28,New River,Male,49,8,1
2020-05-28,New River,Not Reported,1,0,0
2020-05-28,Norfolk,Female,224,32,1
2020-05-28,Norfolk,Male,228,30,5
2020-05-28,Norfolk,Not Reported,0,0,0
2020-05-28,Peninsula,Female,312,53,20
2020-05-28,Peninsula,Male,267,60,12
2020-05-28,Peninsula,Not Reported,3,0,0
2020-05-28,Piedmont,Female,161,17,2
2020-05-28,Piedmont,Male,534,27,4
2020-05-28,Piedmont,Not Reported,0,0,0
2020-05-28,Pittsylvania-Danville,Female,53,16,2
2020-11-22,Loudoun,Not Reported,73,0,0
2020-11-22,Fairfax,Female,14596,1083,300
2020-11-22,Western Tidewater,Male,2633,134,87
2020-11-22,Peninsula,Not Reported,73,0,0
2020-11-22,New River,Male,2789,67,20
2020-11-22,Central Shenandoah,Male,3906,177,56
2020-11-22,Southside,Male,1053,54,27
2020-11-22,Chesterfield,Male,4397,265,84
2020-11-22,Arlington,Female,2852,251,71
2020-11-22,Rappahannock,Male,3483,245,53
2020-11-22,Central Virginia,Male,2874,120,38
2020-11-22,Alleghany,Not Reported,51,0,1
2020-11-22,Henrico,Male,3571,275,112
2020-11-22,Thomas Jefferson,Male,2417,131,40
2020-11-22,Lord Fairfax,Male,2533,217,74
2020-11-22,Three Rivers,Male,1343,82,23
2020-11-22,Richmond,Not Reported,71,1,2
2020-11-22,Pittsylvania-Danville,Male,1356,97,27
2020-11-22,Portsmouth,Not Reported,3,0,0
2020-11-22,Norfolk,Not Reported,15,0,0
2020-11-22,Chesapeake,Male,2782,253,41
2020-11-22,Chickahominy,Female,1584,107,34
2020-11-22,Prince William,Male,9588,709,155
2020-11-22,Eastern Shore,Not Reported,9,0,0
2020-11-22,Eastern Shore,Male,799,75,26
2020-11-22,Rappahannock Rapidan,Male,2073,133,32
2020-11-22,Henrico,Not Reported,69,1,0
2020-11-22,Cumberland Plateau,Female,1191,62,10
2020-11-22,West Piedmont,Male,1837,168,51
2020-11-22,Hampton,Not Reported,19,0,0
2020-11-22,Alexandria,Not Reported,13,0,0
2020-11-22,Western Tidewater,Not Reported,8,0,2
2020-11-22,Cumberland Plateau,Not Reported,69,0,0
2020-11-22,Virginia Beach,Male,4719,247,57
2020-11-22,Alleghany,Female,2476,83,43
2020-11-22,Lenowisco,Female,1380,68,25
2020-11-22,Virginia Beach,Not Reported,33,0,0
2020-11-22,Western Tidewater,Female,2455,133,74
2020-11-22,Mount Rogers,Male,2443,208,74
2020-11-22,Lord Fairfax,Female,2861,195,68
2020-11-22,Piedmont,Not Reported,8,0,0
2020-11-22,Alexandria,Male,2366,198,39
2020-11-22,Pittsylvania-Danville,Not Reported,14,2,1
2020-11-22,West Piedmont,Not Reported,15,1,2
2020-11-22,Loudoun,Female,4630,245,83
2020-11-22,Hampton,Female,1376,47,14
2020-11-22,Henrico,Female,4122,288,130
2020-11-22,Prince William,Not Reported,156,2,0
2020-11-22,Chickahominy,Male,1467,118,33
2020-11-22,Rappahannock Rapidan,Not Reported,99,0,0
2020-11-22,Peninsula,Female,3148,119,51
2020-11-22,Lenowisco,Not Reported,35,0,0
2020-11-22,Crater,Not Reported,58,3,0
2020-11-22,Chickahominy,Not Reported,36,0,0
2020-11-22,Portsmouth,Male,1465,154,32
2020-11-22,New River,Female,3033,69,23
2020-11-22,Rappahannock,Female,3943,231,43
2020-11-22,Central Virginia,Female,3322,106,31
2020-11-22,Roanoke,Not Reported,24,0,0
2020-11-22,West Piedmont,Female,2365,185,52
2020-11-22,Mount Rogers,Female,3053,184,89
2020-11-22,Piedmont,Male,1794,112,45
2020-11-22,Chesterfield,Female,4844,258,73
2020-11-22,Fairfax,Male,13850,1419,323
2020-11-22,Crater,Male,3245,153,57
2020-11-22,Central Virginia,Not Reported,163,2,1
2020-11-22,Prince William,Female,9923,554,113
2020-11-22,Virginia Beach,Female,5240,260,55
2020-11-22,Norfolk,Female,3166,228,41
2020-11-22,Three Rivers,Female,1203,71,21
2020-11-22,Arlington,Male,2901,317,85
2020-11-22,Central Shenandoah,Female,4542,176,45
2020-11-22,Southside,Female,1129,47,26
2020-11-23,Southside,Not Reported,14,0,0
2020-11-23,Chesapeake,Female,3213,268,39
2020-11-23,Richmond,Female,3254,251,29
2020-11-23,Roanoke,Male,1661,61,32
2020-11-23,Fairfax,Not Reported,191,1,6
2020-11-23,Thomas Jefferson,Female,2675,136,41
2020-11-23,Chesapeake,Not Reported,15,0,0
2020-11-23,Cumberland Plateau,Male,1014,65,12
2020-11-23,Eastern Shore,Female,836,79,26
2020-11-23,Lord Fairfax,Not Reported,27,0,0
2020-11-23,Rappahannock,Not Reported,37,0,0
2020-11-23,Central Shenandoah,Not Reported,41,1,0
2020-11-23,Peninsula,Male,2960,130,43
2020-11-23,Norfolk,Male,3095,210,47
2020-11-23,Alexandria,Female,2603,150,38
2020-11-23,Lenowisco,Male,1306,87,34
2020-11-23,Pittsylvania-Danville,Female,1751,146,42
2020-11-23,New River,Not Reported,49,0,0
2020-11-23,Chesterfield,Not Reported,161,0,2
2020-11-23,Loudoun,Male,4605,291,56
2020-11-23,Rappahannock Rapidan,Female,1872,90,27
2020-11-23,Piedmont,Female,1148,83,18
2020-11-23,Richmond,Male,3059,245,49
2020-11-23,Crater,Female,2432,180,65
2020-11-23,Portsmouth,Female,1638,195,38
2020-11-23,Arlington,Not Reported,5,0,0
2020-11-23,Mount Rogers,Not Reported,39,0,1
2020-11-23,Thomas Jefferson,Not Reported,5,0,0
2020-11-23,Three Rivers,Not Reported,25,0,0
2020-11-23,Hampton,Male,1202,67,20
2020-11-23,Alleghany,Male,2085,68,25
2020-11-23,Roanoke,Female,2195,65,35
2020-05-28,Pittsylvania-Danville,Male,34,11,1
2020-05-28,Pittsylvania-Danville,Not Reported,1,0,0
2020-05-28,Portsmouth,Female,132,22,5
2020-05-28,Portsmouth,Male,149,20,6
2020-05-28,Portsmouth,Not Reported,3,0,0
2020-05-28,Prince William,Female,3101,240,56
2020-05-28,Prince William,Male,3248,291,61
2020-05-28,Prince William,Not Reported,60,1,0
2020-05-28,Rappahannock,Female,727,59,4
2020-05-28,Rappahannock,Male,682,83,12
2020-05-28,Rappahannock,Not Reported,10,1,0
2020-05-28,Rappahannock Rapidan,Female,527,26,4
2020-05-28,Rappahannock Rapidan,Male,549,48,8
2020-05-28,Rappahannock Rapidan,Not Reported,26,1,0
2020-05-28,Richmond,Female,538,54,4
2020-05-28,Richmond,Male,575,82,15
2020-05-28,Richmond,Not Reported,20,2,2
2020-05-28,Roanoke,Female,86,4,7
2020-05-28,Roanoke,Male,61,5,2
2020-05-28,Roanoke,Not Reported,0,0,0
2020-05-28,Southside,Female,178,20,14
2020-05-28,Southside,Male,87,18,8
2020-05-28,Southside,Not Reported,3,0,0
2020-05-28,Thomas Jefferson,Female,269,37,9
2020-05-28,Thomas Jefferson,Male,210,31,10
2020-05-28,Thomas Jefferson,Not Reported,1,0,0
2020-05-28,Three Rivers,Female,147,22,7
2020-05-28,Three Rivers,Male,354,14,1
2020-05-28,Three Rivers,Not Reported,3,0,0
2020-05-28,Virginia Beach,Female,367,40,9
2020-05-28,Virginia Beach,Male,292,51,13
2020-05-28,Virginia Beach,Not Reported,3,0,0
2020-05-28,West Piedmont,Female,93,7,2
2020-05-28,West Piedmont,Male,84,12,3
2020-05-28,West Piedmont,Not Reported,2,0,0
2020-05-28,Western Tidewater,Female,309,21,16
2020-05-28,Western Tidewater,Male,309,45,22
2020-05-28,Western Tidewater,Not Reported,3,0,0
2020-05-29,Alexandria,Female,996,79,23
2020-05-29,Alexandria,Male,934,102,21
2020-05-29,Alexandria,Not Reported,11,0,0
2020-11-23,Loudoun,Not Reported,73,0,0
2020-11-23,Fairfax,Female,14823,1084,300
2020-11-23,Western Tidewater,Male,2647,135,87
2020-11-23,Peninsula,Not Reported,67,0,0
2020-11-23,New River,Male,2805,68,20
2020-11-23,Central Shenandoah,Male,3966,178,56
2020-11-23,Southside,Male,1070,54,27
2020-11-23,Chesterfield,Male,4435,268,84
2020-11-23,Arlington,Female,2893,251,71
2020-11-23,Rappahannock,Male,3544,246,53
2020-11-23,Central Virginia,Male,2897,123,38
2020-11-23,Alleghany,Not Reported,53,0,1
2020-11-23,Henrico,Male,3609,275,112
2020-11-23,Thomas Jefferson,Male,2435,131,40
2020-11-23,Lord Fairfax,Male,2585,217,74
2020-11-23,Three Rivers,Male,1375,83,23
2020-11-23,Richmond,Not Reported,71,1,2
2020-11-23,Pittsylvania-Danville,Male,1378,98,27
2020-11-23,Portsmouth,Not Reported,3,0,0
2020-11-23,Norfolk,Not Reported,15,0,0
2020-11-23,Chesapeake,Male,2852,254,41
2020-11-23,Chickahominy,Female,1612,107,34
2020-11-23,Prince William,Male,9688,709,155
2020-11-23,Eastern Shore,Not Reported,9,0,0
2020-11-23,Eastern Shore,Male,802,75,26
2020-11-23,Rappahannock Rapidan,Male,2252,135,32
2020-11-23,Henrico,Not Reported,71,1,0
2020-11-23,Cumberland Plateau,Female,1227,63,10
2020-11-23,West Piedmont,Male,1858,170,51
2020-11-23,Hampton,Not Reported,19,0,0
2020-11-23,Alexandria,Not Reported,13,0,0
2020-11-23,Western Tidewater,Not Reported,8,0,2
2020-11-23,Cumberland Plateau,Not Reported,70,0,0
2020-11-23,Virginia Beach,Male,4801,247,57
2020-11-23,Alleghany,Female,2527,83,43
2020-11-23,Lenowisco,Female,1419,68,26
2020-11-23,Virginia Beach,Not Reported,34,0,0
2020-11-23,Western Tidewater,Female,2474,133,74
2020-11-23,Mount Rogers,Male,2476,208,74
2020-11-23,Lord Fairfax,Female,2922,196,68
2020-11-23,Piedmont,Not Reported,8,0,0
2020-11-23,Alexandria,Male,2394,198,39
2020-11-23,Pittsylvania-Danville,Not Reported,14,2,1
2020-11-23,West Piedmont,Not Reported,15,1,2
2020-11-23,Loudoun,Female,4667,245,83
2020-11-23,Hampton,Female,1415,47,14
2020-11-23,Henrico,Female,4164,288,130
2020-11-23,Prince William,Not Reported,158,2,0
2020-11-23,Chickahominy,Male,1495,119,33
2020-11-23,Rappahannock Rapidan,Not Reported,113,0,0
2020-11-23,Peninsula,Female,3212,121,51
2020-11-23,Lenowisco,Not Reported,35,0,0
2020-11-23,Crater,Not Reported,60,3,0
2020-11-23,Chickahominy,Not Reported,34,0,0
2020-11-23,Portsmouth,Male,1474,154,32
2020-11-23,New River,Female,3047,69,23
2020-11-23,Rappahannock,Female,4020,233,43
2020-11-23,Central Virginia,Female,3365,106,31
2020-11-23,Roanoke,Not Reported,24,0,0
2020-11-23,West Piedmont,Female,2390,187,52
2020-11-23,Mount Rogers,Female,3104,188,89
2020-11-23,Piedmont,Male,1812,112,45
2020-11-23,Chesterfield,Female,4899,259,73
2020-11-23,Fairfax,Male,14075,1420,323
2020-11-23,Crater,Male,3296,153,57
2020-11-23,Central Virginia,Not Reported,164,2,1
2020-11-23,Prince William,Female,10031,555,113
2020-11-23,Virginia Beach,Female,5333,260,55
2020-11-23,Norfolk,Female,3187,229,41
2020-11-23,Three Rivers,Female,1238,71,21
2020-11-23,Arlington,Male,2958,318,86
2020-11-23,Central Shenandoah,Female,4599,176,45
2020-11-23,Southside,Female,1147,48,26
2020-11-24,Southside,Not Reported,14,0,0
2020-11-24,Chesapeake,Female,3230,270,39
2020-11-24,Richmond,Female,3289,254,29
2020-11-24,Roanoke,Male,1683,61,34
2020-11-24,Fairfax,Not Reported,193,1,6
2020-11-24,Thomas Jefferson,Female,2696,137,41
2020-11-24,Chesapeake,Not Reported,15,0,0
2020-11-24,Cumberland Plateau,Male,1026,66,12
2020-11-24,Eastern Shore,Female,836,80,26
2020-11-24,Lord Fairfax,Not Reported,26,0,0
2020-11-24,Rappahannock,Not Reported,37,0,0
2020-11-24,Central Shenandoah,Not Reported,32,0,0
2020-11-24,Peninsula,Male,2991,130,43
2020-11-24,Norfolk,Male,3125,213,47
2020-11-24,Alexandria,Female,2629,150,38
2020-11-24,Lenowisco,Male,1315,88,35
2020-11-24,Pittsylvania-Danville,Female,1761,149,42
2020-11-24,New River,Not Reported,48,0,0
2020-11-24,Chesterfield,Not Reported,161,0,2
2020-11-24,Loudoun,Male,4697,296,56
2020-11-24,Rappahannock Rapidan,Female,1883,90,27
2020-11-24,Piedmont,Female,1153,83,20
2020-11-24,Richmond,Male,3085,246,50
2020-11-24,Crater,Female,2445,184,65
2020-11-24,Portsmouth,Female,1647,195,39
2020-11-24,Arlington,Not Reported,5,0,0
2020-11-24,Mount Rogers,Not Reported,39,0,1
2020-11-24,Thomas Jefferson,Not Reported,5,0,0
2020-11-24,Three Rivers,Not Reported,25,0,0
2020-11-24,Hampton,Male,1209,67,20
2020-11-24,Alleghany,Male,2119,70,26
2020-11-24,Roanoke,Female,2224,66,35
2020-05-29,Alleghany,Female,113,9,10
2020-05-29,Alleghany,Male,81,15,6
2020-05-29,Alleghany,Not Reported,1,0,0
2020-05-29,Arlington,Female,1035,169,54
2020-05-29,Arlington,Male,1045,202,57
2020-05-29,Arlington,Not Reported,9,1,0
2020-05-29,Central Shenandoah,Female,789,61,15
2020-05-29,Central Shenandoah,Male,698,57,15
2020-05-29,Central Shenandoah,Not Reported,4,0,0
2020-05-29,Central Virginia,Female,90,7,0
2020-05-29,Central Virginia,Male,112,9,4
2020-05-29,Central Virginia,Not Reported,0,0,0
2020-05-29,Chesapeake,Female,285,45,7
2020-05-29,Chesapeake,Male,209,41,8
2020-05-29,Chesapeake,Not Reported,0,0,0
2020-05-29,Chesterfield,Female,771,40,26
2020-05-29,Chesterfield,Male,700,45,25
2020-05-29,Chesterfield,Not Reported,47,0,1
2020-05-29,Chickahominy,Female,267,41,15
2020-05-29,Chickahominy,Male,204,40,17
2020-05-29,Chickahominy,Not Reported,7,0,0
2020-05-29,Crater,Female,338,52,14
2020-05-29,Crater,Male,353,36,4
2020-05-29,Crater,Not Reported,12,2,0
2020-05-29,Cumberland Plateau,Female,19,1,0
2020-05-29,Cumberland Plateau,Male,14,1,0
2020-05-29,Cumberland Plateau,Not Reported,0,0,0
2020-05-29,Eastern Shore,Female,544,37,15
2020-05-29,Eastern Shore,Male,508,38,17
2020-05-29,Eastern Shore,Not Reported,3,0,0
2020-05-29,Fairfax,Female,5390,558,193
2020-05-29,Fairfax,Male,5369,738,192
2020-05-29,Fairfax,Not Reported,97,4,7
2020-05-29,Hampton,Female,101,11,1
2020-05-29,Hampton,Male,89,19,2
2020-05-29,Hampton,Not Reported,2,0,0
2020-05-29,Henrico,Female,957,95,66
2020-05-29,Henrico,Male,715,99,65
2020-05-29,Henrico,Not Reported,6,0,2
2020-05-29,Lenowisco,Female,20,8,1
2020-05-29,Lenowisco,Male,22,8,3
2020-11-24,Loudoun,Not Reported,71,0,0
2020-11-24,Fairfax,Female,15017,1089,301
2020-11-24,Western Tidewater,Male,2668,137,88
2020-11-24,Peninsula,Not Reported,62,0,0
2020-11-24,New River,Male,2845,70,20
2020-11-24,Central Shenandoah,Male,4026,179,58
2020-11-24,Southside,Male,1074,54,27
2020-11-24,Chesterfield,Male,4504,268,84
2020-11-24,Arlington,Female,2925,251,71
2020-11-24,Rappahannock,Male,3588,249,53
2020-11-24,Central Virginia,Male,2933,129,41
2020-11-24,Alleghany,Not Reported,53,0,1
2020-11-24,Henrico,Male,3666,279,112
2020-11-24,Thomas Jefferson,Male,2451,131,40
2020-11-24,Lord Fairfax,Male,2603,220,74
2020-11-24,Three Rivers,Male,1378,84,23
2020-11-24,Richmond,Not Reported,72,1,2
2020-11-24,Pittsylvania-Danville,Male,1392,98,27
2020-11-24,Portsmouth,Not Reported,3,0,0
2020-11-24,Norfolk,Not Reported,15,0,0
2020-11-24,Chesapeake,Male,2870,255,41
2020-11-24,Chickahominy,Female,1637,108,34
2020-11-24,Prince William,Male,9782,708,155
2020-11-24,Eastern Shore,Not Reported,9,0,0
2020-11-24,Eastern Shore,Male,805,75,26
2020-11-24,Rappahannock Rapidan,Male,2267,135,34
2020-11-24,Henrico,Not Reported,75,1,0
2020-11-24,Cumberland Plateau,Female,1236,63,10
2020-11-24,West Piedmont,Male,1879,171,54
2020-11-24,Hampton,Not Reported,19,0,0
2020-11-24,Alexandria,Not Reported,13,0,0
2020-11-24,Western Tidewater,Not Reported,7,0,2
2020-11-24,Cumberland Plateau,Not Reported,74,0,0
2020-11-24,Virginia Beach,Male,4842,253,57
2020-11-24,Alleghany,Female,2551,82,45
2020-11-24,Lenowisco,Female,1429,69,26
2020-11-24,Virginia Beach,Not Reported,34,0,0
2020-11-24,Western Tidewater,Female,2499,133,74
2020-11-24,Mount Rogers,Male,2550,212,76
2020-11-24,Lord Fairfax,Female,2966,199,68
2020-11-24,Piedmont,Not Reported,8,0,0
2020-11-24,Alexandria,Male,2409,200,39
2020-11-24,Pittsylvania-Danville,Not Reported,14,2,1
2020-11-24,West Piedmont,Not Reported,15,1,2
2020-11-24,Loudoun,Female,4744,248,83
2020-11-24,Hampton,Female,1425,47,14
2020-11-24,Henrico,Female,4236,296,132
2020-11-24,Prince William,Not Reported,163,2,0
2020-11-24,Chickahominy,Male,1516,121,33
2020-11-24,Rappahannock Rapidan,Not Reported,125,0,0
2020-11-24,Peninsula,Female,3231,121,51
2020-11-24,Lenowisco,Not Reported,35,0,0
2020-11-24,Crater,Not Reported,60,3,0
2020-11-24,Chickahominy,Not Reported,34,0,0
2020-11-24,Portsmouth,Male,1478,154,32
2020-11-24,New River,Female,3136,71,25
2020-11-24,Rappahannock,Female,4070,233,43
2020-11-24,Central Virginia,Female,3426,111,31
2020-11-24,Roanoke,Not Reported,24,0,0
2020-11-24,West Piedmont,Female,2434,189,53
2020-11-24,Mount Rogers,Female,3154,191,89
2020-11-24,Piedmont,Male,1820,113,46
2020-11-24,Chesterfield,Female,4985,262,73
2020-11-24,Fairfax,Male,14262,1423,325
2020-11-24,Crater,Male,3305,153,57
2020-11-24,Central Virginia,Not Reported,161,2,1
2020-11-24,Prince William,Female,10157,557,115
2020-11-24,Virginia Beach,Female,5403,265,55
2020-11-24,Norfolk,Female,3204,229,42
2020-11-24,Three Rivers,Female,1239,72,21
2020-11-24,Arlington,Male,2975,318,86
2020-11-24,Central Shenandoah,Female,4652,181,47
2020-11-24,Southside,Female,1149,48,26
2020-11-26,Southside,Not Reported,15,0,0
2020-11-26,Chesapeake,Female,3278,272,39
2020-11-26,Richmond,Female,3324,253,29
2020-11-26,Roanoke,Male,1713,61,35
2020-11-26,Fairfax,Not Reported,191,2,6
2020-11-26,Thomas Jefferson,Female,2730,137,41
2020-11-26,Chesapeake,Not Reported,15,0,0
2020-11-26,Cumberland Plateau,Male,1045,67,12
2020-11-26,Eastern Shore,Female,843,80,26
2020-11-26,Lord Fairfax,Not Reported,26,0,0
2020-11-26,Rappahannock,Not Reported,45,0,0
2020-11-26,Central Shenandoah,Not Reported,36,0,0
2020-11-26,Peninsula,Male,3037,135,44
2020-11-26,Norfolk,Male,3145,222,47
2020-11-26,Alexandria,Female,2697,152,38
2020-11-26,Lenowisco,Male,1390,89,39
2020-11-26,Pittsylvania-Danville,Female,1816,154,43
2020-11-26,New River,Not Reported,47,0,0
2020-11-26,Chesterfield,Not Reported,161,0,2
2020-11-26,Loudoun,Male,4852,303,57
2020-11-26,Rappahannock Rapidan,Female,1921,94,27
2020-11-26,Piedmont,Female,1178,84,20
2020-11-26,Richmond,Male,3116,246,50
2020-11-26,Crater,Female,2481,184,65
2020-11-26,Portsmouth,Female,1662,196,39
2020-11-26,Arlington,Not Reported,5,0,0
2020-11-26,Mount Rogers,Not Reported,43,0,1
2020-11-26,Thomas Jefferson,Not Reported,6,0,0
2020-11-26,Three Rivers,Not Reported,25,0,0
2020-11-26,Hampton,Male,1241,67,20
2020-11-26,Alleghany,Male,2189,72,27
2020-11-26,Roanoke,Female,2284,67,37
2020-05-29,Lenowisco,Not Reported,0,0,0
2020-05-29,Lord Fairfax,Female,708,61,25
2020-05-29,Lord Fairfax,Male,602,58,25
2020-05-29,Lord Fairfax,Not Reported,11,0,0
2020-05-29,Loudoun,Female,1215,74,31
2020-05-29,Loudoun,Male,1199,85,27
2020-05-29,Loudoun,Not Reported,15,0,4
2020-05-29,Mount Rogers,Female,168,6,2
2020-05-29,Mount Rogers,Male,152,18,4
2020-05-29,Mount Rogers,Not Reported,2,0,0
2020-05-29,New River,Female,56,6,0
2020-05-29,New River,Male,52,9,1
2020-05-29,New River,Not Reported,1,0,0
2020-05-29,Norfolk,Female,238,35,1
2020-05-29,Norfolk,Male,232,32,5
2020-05-29,Norfolk,Not Reported,0,0,0
2020-05-29,Peninsula,Female,312,53,20
2020-05-29,Peninsula,Male,267,61,12
2020-05-29,Peninsula,Not Reported,3,0,0
2020-05-29,Piedmont,Female,165,18,2
2020-05-29,Piedmont,Male,537,29,4
2020-05-29,Piedmont,Not Reported,0,0,0
2020-05-29,Pittsylvania-Danville,Female,53,16,2
2020-05-29,Pittsylvania-Danville,Male,36,12,1
2020-05-29,Pittsylvania-Danville,Not Reported,1,0,0
2020-05-29,Portsmouth,Female,138,23,5
2020-05-29,Portsmouth,Male,153,20,6
2020-05-29,Portsmouth,Not Reported,3,0,0
2020-05-29,Prince William,Female,3185,242,56
2020-05-29,Prince William,Male,3309,296,61
2020-05-29,Prince William,Not Reported,67,1,0
2020-05-29,Rappahannock,Female,741,60,4
2020-05-29,Rappahannock,Male,695,85,13
2020-05-29,Rappahannock,Not Reported,12,3,0
2020-05-29,Rappahannock Rapidan,Female,536,28,5
2020-05-29,Rappahannock Rapidan,Male,560,48,9
2020-05-29,Rappahannock Rapidan,Not Reported,27,1,0
2020-05-29,Richmond,Female,572,59,5
2020-05-29,Richmond,Male,609,85,15
2020-05-29,Richmond,Not Reported,21,2,2
2020-05-29,Roanoke,Female,90,4,7
2020-11-26,Loudoun,Not Reported,73,0,0
2020-11-26,Fairfax,Female,15409,1102,302
2020-11-26,Western Tidewater,Male,2698,137,88
2020-11-26,Peninsula,Not Reported,56,0,0
2020-11-26,New River,Male,2914,74,20
2020-11-26,Central Shenandoah,Male,4125,185,60
2020-11-26,Southside,Male,1083,55,28
2020-11-26,Chesterfield,Male,4620,271,84
2020-11-26,Arlington,Female,2998,253,71
2020-11-26,Rappahannock,Male,3657,253,53
2020-11-26,Central Virginia,Male,3008,129,41
2020-11-26,Alleghany,Not Reported,54,0,1
2020-11-26,Henrico,Male,3746,283,113
2020-11-26,Thomas Jefferson,Male,2502,133,41
2020-11-26,Lord Fairfax,Male,2643,227,75
2020-11-26,Three Rivers,Male,1389,85,23
2020-11-26,Richmond,Not Reported,76,1,2
2020-11-26,Pittsylvania-Danville,Male,1427,99,27
2020-11-26,Portsmouth,Not Reported,3,0,0
2020-11-26,Norfolk,Not Reported,15,0,0
2020-11-26,Chesapeake,Male,2927,255,41
2020-11-26,Chickahominy,Female,1688,110,36
2020-11-26,Prince William,Male,10055,713,157
2020-11-26,Eastern Shore,Not Reported,9,0,0
2020-11-26,Eastern Shore,Male,812,76,26
2020-11-26,Rappahannock Rapidan,Male,2419,137,34
2020-11-26,Henrico,Not Reported,77,1,0
2020-11-26,Cumberland Plateau,Female,1261,63,10
2020-11-26,West Piedmont,Male,1957,172,54
2020-11-26,Hampton,Not Reported,19,0,0
2020-11-26,Alexandria,Not Reported,13,0,0
2020-11-26,Western Tidewater,Not Reported,7,0,2
2020-11-26,Cumberland Plateau,Not Reported,84,0,0
2020-11-26,Virginia Beach,Male,4925,258,57
2020-11-26,Alleghany,Female,2625,88,48
2020-11-26,Lenowisco,Female,1471,71,30
2020-11-26,Virginia Beach,Not Reported,33,0,0
2020-11-26,Western Tidewater,Female,2542,136,74
2020-11-26,Mount Rogers,Male,2646,217,76
2020-11-26,Lord Fairfax,Female,3044,203,69
2020-11-26,Piedmont,Not Reported,8,0,0
2020-11-26,Alexandria,Male,2459,202,39
2020-11-26,Pittsylvania-Danville,Not Reported,15,2,1
2020-11-26,West Piedmont,Not Reported,15,1,2
2020-11-26,Loudoun,Female,4892,252,85
2020-11-26,Hampton,Female,1461,49,14
2020-11-26,Henrico,Female,4316,300,134
2020-11-26,Prince William,Not Reported,162,2,0
2020-11-26,Chickahominy,Male,1563,126,34
2020-11-26,Rappahannock Rapidan,Not Reported,127,0,0
2020-11-26,Peninsula,Female,3283,125,51
2020-11-26,Lenowisco,Not Reported,51,2,0
2020-11-26,Crater,Not Reported,60,3,0
2020-11-26,Chickahominy,Not Reported,34,0,0
2020-11-26,Portsmouth,Male,1491,154,32
2020-11-26,New River,Female,3227,71,25
2020-11-26,Rappahannock,Female,4159,237,43
2020-11-26,Central Virginia,Female,3512,119,31
2020-11-26,Roanoke,Not Reported,19,0,0
2020-11-26,West Piedmont,Female,2533,189,54
2020-11-26,Mount Rogers,Female,3272,196,88
2020-11-26,Piedmont,Male,1835,115,47
2020-11-26,Chesterfield,Female,5120,267,75
2020-11-26,Fairfax,Male,14642,1438,330
2020-11-26,Crater,Male,3328,153,57
2020-11-26,Central Virginia,Not Reported,165,2,1
2020-11-26,Prince William,Female,10469,559,116
2020-11-26,Virginia Beach,Female,5516,268,56
2020-11-26,Norfolk,Female,3241,235,42
2020-11-26,Three Rivers,Female,1253,74,22
2020-11-26,Arlington,Male,3045,319,86
2020-11-26,Central Shenandoah,Female,4800,185,47
2020-11-26,Southside,Female,1160,48,30
2020-11-27,Southside,Not Reported,15,0,0
2020-11-27,Chesapeake,Female,3317,273,39
2020-11-27,Richmond,Female,3333,253,29
2020-11-27,Roanoke,Male,1720,61,35
2020-11-27,Fairfax,Not Reported,191,2,6
2020-11-27,Thomas Jefferson,Female,2749,137,41
2020-11-27,Chesapeake,Not Reported,16,0,0
2020-11-27,Cumberland Plateau,Male,1062,70,12
2020-11-27,Eastern Shore,Female,851,80,26
2020-11-27,Lord Fairfax,Not Reported,26,0,0
2020-11-27,Rappahannock,Not Reported,44,0,0
2020-11-27,Central Shenandoah,Not Reported,36,0,0
2020-11-27,Peninsula,Male,3043,135,45
2020-11-27,Norfolk,Male,3149,222,47
2020-11-27,Alexandria,Female,2725,152,38
2020-11-27,Lenowisco,Male,1398,94,40
2020-11-27,Pittsylvania-Danville,Female,1843,154,44
2020-11-27,New River,Not Reported,47,0,0
2020-11-27,Chesterfield,Not Reported,161,0,2
2020-11-27,Loudoun,Male,4888,303,57
2020-11-27,Rappahannock Rapidan,Female,1927,94,27
2020-11-27,Piedmont,Female,1184,84,20
2020-11-27,Richmond,Male,3127,248,51
2020-11-27,Crater,Female,2487,184,65
2020-11-27,Portsmouth,Female,1668,196,39
2020-11-27,Arlington,Not Reported,6,0,0
2020-11-27,Mount Rogers,Not Reported,43,0,1
2020-11-27,Thomas Jefferson,Not Reported,6,0,0
2020-11-27,Three Rivers,Not Reported,25,0,0
2020-11-27,Hampton,Male,1242,67,20
2020-11-27,Alleghany,Male,2242,72,27
2020-11-27,Roanoke,Female,2296,67,37
2020-05-29,Roanoke,Male,62,5,2
2020-05-29,Roanoke,Not Reported,0,0,0
2020-05-29,Southside,Female,179,20,14
2020-05-29,Southside,Male,87,18,8
2020-05-29,Southside,Not Reported,3,0,0
2020-05-29,Thomas Jefferson,Female,280,38,9
2020-05-29,Thomas Jefferson,Male,217,31,10
2020-05-29,Thomas Jefferson,Not Reported,1,0,0
2020-05-29,Three Rivers,Female,148,22,7
2020-05-29,Three Rivers,Male,354,14,1
2020-05-29,Three Rivers,Not Reported,3,0,0
2020-05-29,Virginia Beach,Female,379,41,9
2020-05-29,Virginia Beach,Male,298,51,14
2020-05-29,Virginia Beach,Not Reported,3,0,0
2020-05-29,West Piedmont,Female,93,7,2
2020-05-29,West Piedmont,Male,88,12,3
2020-05-29,West Piedmont,Not Reported,2,0,0
2020-05-29,Western Tidewater,Female,312,24,17
2020-05-29,Western Tidewater,Male,311,46,22
2020-05-29,Western Tidewater,Not Reported,3,0,0
2020-05-30,Alexandria,Female,1002,81,23
2020-05-30,Alexandria,Male,947,106,21
2020-05-30,Alexandria,Not Reported,11,0,0
2020-05-30,Alleghany,Female,114,9,10
2020-05-30,Alleghany,Male,84,15,6
2020-05-30,Alleghany,Not Reported,1,0,0
2020-05-30,Arlington,Female,1044,168,55
2020-05-30,Arlington,Male,1054,202,58
2020-05-30,Arlington,Not Reported,9,1,0
2020-05-30,Central Shenandoah,Female,801,62,15
2020-05-30,Central Shenandoah,Male,711,58,15
2020-05-30,Central Shenandoah,Not Reported,5,0,0
2020-05-30,Central Virginia,Female,93,7,0
2020-05-30,Central Virginia,Male,114,9,4
2020-05-30,Central Virginia,Not Reported,0,0,0
2020-05-30,Chesapeake,Female,297,45,7
2020-05-30,Chesapeake,Male,223,42,8
2020-05-30,Chesapeake,Not Reported,0,0,0
2020-05-30,Chesterfield,Female,804,43,26
2020-05-30,Chesterfield,Male,733,45,25
2020-05-30,Chesterfield,Not Reported,47,0,1
2020-11-27,Loudoun,Not Reported,74,0,0
2020-11-27,Fairfax,Female,15418,1102,302
2020-11-27,Western Tidewater,Male,2706,137,88
2020-11-27,Peninsula,Not Reported,56,0,0
2020-11-27,New River,Male,2921,74,20
2020-11-27,Central Shenandoah,Male,4136,185,60
2020-11-27,Southside,Male,1083,55,28
2020-11-27,Chesterfield,Male,4656,271,84
2020-11-27,Arlington,Female,3025,255,71
2020-11-27,Rappahannock,Male,3699,253,53
2020-11-27,Central Virginia,Male,3030,129,41
2020-11-27,Alleghany,Not Reported,117,0,1
2020-11-27,Henrico,Male,3762,283,113
2020-11-27,Thomas Jefferson,Male,2526,133,41
2020-11-27,Lord Fairfax,Male,2678,229,75
2020-11-27,Three Rivers,Male,1410,85,23
2020-11-27,Richmond,Not Reported,76,1,2
2020-11-27,Pittsylvania-Danville,Male,1440,99,27
2020-11-27,Portsmouth,Not Reported,3,0,0
2020-11-27,Norfolk,Not Reported,15,0,0
2020-11-27,Chesapeake,Male,3052,255,41
2020-11-27,Chickahominy,Female,1720,112,38
2020-11-27,Prince William,Male,10134,713,156
2020-11-27,Eastern Shore,Not Reported,9,0,0
2020-11-27,Eastern Shore,Male,812,76,26
2020-11-27,Rappahannock Rapidan,Male,2423,137,34
2020-11-27,Henrico,Not Reported,77,1,0
2020-11-27,Cumberland Plateau,Female,1285,66,10
2020-11-27,West Piedmont,Male,2004,172,54
2020-11-27,Hampton,Not Reported,20,0,0
2020-11-27,Alexandria,Not Reported,17,0,0
2020-11-27,Western Tidewater,Not Reported,7,0,2
2020-11-27,Cumberland Plateau,Not Reported,78,0,0
2020-11-27,Virginia Beach,Male,4950,258,57
2020-11-27,Alleghany,Female,2644,88,48
2020-11-27,Lenowisco,Female,1486,76,36
2020-11-27,Virginia Beach,Not Reported,47,0,0
2020-11-27,Western Tidewater,Female,2550,136,74
2020-11-27,Mount Rogers,Male,2656,217,76
2020-11-27,Lord Fairfax,Female,3079,204,69
2020-11-27,Piedmont,Not Reported,8,0,0
2020-11-27,Alexandria,Male,2480,202,39
2020-11-27,Pittsylvania-Danville,Not Reported,15,2,1
2020-11-27,West Piedmont,Not Reported,15,1,2
2020-11-27,Loudoun,Female,4910,252,85
2020-11-27,Hampton,Female,1465,49,14
2020-11-27,Henrico,Female,4340,300,134
2020-11-27,Prince William,Not Reported,165,2,0
2020-11-27,Chickahominy,Male,1581,126,34
2020-11-27,Rappahannock Rapidan,Not Reported,125,0,0
2020-11-27,Peninsula,Female,3287,125,51
2020-11-27,Lenowisco,Not Reported,51,2,0
2020-11-27,Crater,Not Reported,60,3,0
2020-11-27,Chickahominy,Not Reported,37,0,0
2020-11-27,Portsmouth,Male,1499,154,32
2020-11-27,New River,Female,3238,71,25
2020-11-27,Rappahannock,Female,4201,239,43
2020-11-27,Central Virginia,Female,3532,119,31
2020-11-27,Roanoke,Not Reported,19,0,0
2020-11-27,West Piedmont,Female,2587,189,54
2020-11-27,Mount Rogers,Female,3279,196,88
2020-11-27,Piedmont,Male,1842,115,47
2020-11-27,Chesterfield,Female,5146,267,77
2020-11-27,Fairfax,Male,14651,1438,331
2020-11-27,Crater,Male,3328,153,57
2020-11-27,Central Virginia,Not Reported,169,2,1
2020-11-27,Prince William,Female,10558,561,116
2020-11-27,Virginia Beach,Female,5530,268,56
2020-11-27,Norfolk,Female,3244,235,42
2020-11-27,Three Rivers,Female,1268,75,22
2020-11-27,Arlington,Male,3086,322,86
2020-11-27,Central Shenandoah,Female,4820,185,47
2020-11-27,Southside,Female,1160,48,31
2020-11-25,Southside,Not Reported,14,0,0
2020-11-25,Chesapeake,Female,3258,270,39
2020-11-25,Richmond,Female,3312,255,29
2020-11-25,Roanoke,Male,1696,61,34
2020-11-25,Fairfax,Not Reported,190,1,6
2020-11-25,Thomas Jefferson,Female,2703,137,41
2020-11-25,Chesapeake,Not Reported,15,0,0
2020-11-25,Cumberland Plateau,Male,1033,67,12
2020-11-25,Eastern Shore,Female,839,80,26
2020-11-25,Lord Fairfax,Not Reported,26,0,0
2020-11-25,Rappahannock,Not Reported,36,0,0
2020-11-25,Central Shenandoah,Not Reported,44,0,0
2020-11-25,Peninsula,Male,3018,130,44
2020-11-25,Norfolk,Male,3137,221,47
2020-11-25,Alexandria,Female,2664,151,38
2020-11-25,Lenowisco,Male,1357,88,39
2020-11-25,Pittsylvania-Danville,Female,1794,152,43
2020-11-25,New River,Not Reported,47,0,0
2020-11-25,Chesterfield,Not Reported,161,0,2
2020-11-25,Loudoun,Male,4794,299,57
2020-11-25,Rappahannock Rapidan,Female,1895,93,27
2020-11-25,Piedmont,Female,1165,83,20
2020-11-25,Richmond,Male,3103,246,50
2020-11-25,Crater,Female,2464,184,65
2020-11-25,Portsmouth,Female,1653,195,39
2020-11-25,Arlington,Not Reported,4,0,0
2020-11-25,Mount Rogers,Not Reported,43,0,1
2020-11-25,Thomas Jefferson,Not Reported,5,0,0
2020-11-25,Three Rivers,Not Reported,25,0,0
2020-11-25,Hampton,Male,1225,67,20
2020-11-25,Alleghany,Male,2150,70,26
2020-11-25,Roanoke,Female,2261,66,37
2020-05-30,Chickahominy,Female,268,42,15
2020-05-30,Chickahominy,Male,206,42,17
2020-05-30,Chickahominy,Not Reported,7,0,0
2020-05-30,Crater,Female,353,52,14
2020-05-30,Crater,Male,366,36,4
2020-05-30,Crater,Not Reported,13,2,0
2020-05-30,Cumberland Plateau,Female,19,1,0
2020-05-30,Cumberland Plateau,Male,14,1,0
2020-05-30,Cumberland Plateau,Not Reported,0,0,0
2020-05-30,Eastern Shore,Female,558,36,15
2020-05-30,Eastern Shore,Male,532,39,17
2020-05-30,Eastern Shore,Not Reported,3,0,0
2020-05-30,Fairfax,Female,5491,568,194
2020-05-30,Fairfax,Male,5434,747,196
2020-05-30,Fairfax,Not Reported,101,4,7
2020-05-30,Hampton,Female,105,11,1
2020-05-30,Hampton,Male,90,19,2
2020-05-30,Hampton,Not Reported,2,0,0
2020-05-30,Henrico,Female,997,97,66
2020-05-30,Henrico,Male,749,104,65
2020-05-30,Henrico,Not Reported,8,0,2
2020-05-30,Lenowisco,Female,20,8,1
2020-05-30,Lenowisco,Male,22,8,3
2020-05-30,Lenowisco,Not Reported,0,0,0
2020-05-30,Lord Fairfax,Female,735,60,25
2020-05-30,Lord Fairfax,Male,628,59,25
2020-05-30,Lord Fairfax,Not Reported,11,0,0
2020-05-30,Loudoun,Female,1270,75,31
2020-05-30,Loudoun,Male,1244,87,27
2020-05-30,Loudoun,Not Reported,15,0,4
2020-05-30,Mount Rogers,Female,174,7,2
2020-05-30,Mount Rogers,Male,155,18,4
2020-05-30,Mount Rogers,Not Reported,2,0,0
2020-05-30,New River,Female,56,6,0
2020-05-30,New River,Male,52,9,1
2020-05-30,New River,Not Reported,1,0,0
2020-05-30,Norfolk,Female,245,36,1
2020-05-30,Norfolk,Male,245,33,5
2020-05-30,Norfolk,Not Reported,0,0,0
2020-05-30,Peninsula,Female,313,53,20
2020-05-30,Peninsula,Male,267,62,12
2020-05-30,Peninsula,Not Reported,3,0,0
2020-11-25,Loudoun,Not Reported,74,0,0
2020-11-25,Fairfax,Female,15231,1098,302
2020-11-25,Western Tidewater,Male,2676,137,88
2020-11-25,Peninsula,Not Reported,58,0,0
2020-11-25,New River,Male,2883,72,20
2020-11-25,Central Shenandoah,Male,4040,180,58
2020-11-25,Southside,Male,1075,55,28
2020-11-25,Chesterfield,Male,4564,270,84
2020-11-25,Arlington,Female,2975,253,71
2020-11-25,Rappahannock,Male,3612,251,53
2020-11-25,Central Virginia,Male,2976,129,41
2020-11-25,Alleghany,Not Reported,53,0,1
2020-11-25,Henrico,Male,3699,283,113
2020-11-25,Thomas Jefferson,Male,2471,133,40
2020-11-25,Lord Fairfax,Male,2628,224,74
2020-11-25,Three Rivers,Male,1385,84,23
2020-11-25,Richmond,Not Reported,76,1,2
2020-11-25,Pittsylvania-Danville,Male,1419,99,27
2020-11-25,Portsmouth,Not Reported,3,0,0
2020-11-25,Norfolk,Not Reported,15,0,0
2020-11-25,Chesapeake,Male,2889,255,41
2020-11-25,Chickahominy,Female,1666,110,35
2020-11-25,Prince William,Male,9960,711,156
2020-11-25,Eastern Shore,Not Reported,9,0,0
2020-11-25,Eastern Shore,Male,807,75,26
2020-11-25,Rappahannock Rapidan,Male,2330,137,34
2020-11-25,Henrico,Not Reported,73,1,0
2020-11-25,Cumberland Plateau,Female,1247,63,10
2020-11-25,West Piedmont,Male,1917,171,54
2020-11-25,Hampton,Not Reported,19,0,0
2020-11-25,Alexandria,Not Reported,13,0,0
2020-11-25,Western Tidewater,Not Reported,7,0,2
2020-11-25,Cumberland Plateau,Not Reported,81,0,0
2020-11-25,Virginia Beach,Male,4889,258,57
2020-11-25,Alleghany,Female,2581,84,45
2020-11-25,Lenowisco,Female,1458,70,29
2020-11-25,Virginia Beach,Not Reported,33,0,0
2020-11-25,Western Tidewater,Female,2514,133,74
2020-11-25,Mount Rogers,Male,2598,215,76
2020-11-25,Lord Fairfax,Female,2998,200,69
2020-11-25,Piedmont,Not Reported,8,0,0
2020-11-25,Alexandria,Male,2429,202,39
2020-11-25,Pittsylvania-Danville,Not Reported,15,2,1
2020-11-25,West Piedmont,Not Reported,15,1,2
2020-11-25,Loudoun,Female,4849,251,85
2020-11-25,Hampton,Female,1446,47,14
2020-11-25,Henrico,Female,4275,294,134
2020-11-25,Prince William,Not Reported,163,2,0
2020-11-25,Chickahominy,Male,1540,121,33
2020-11-25,Rappahannock Rapidan,Not Reported,123,0,0
2020-11-25,Peninsula,Female,3252,121,51
2020-11-25,Lenowisco,Not Reported,45,0,0
2020-11-25,Crater,Not Reported,60,3,0
2020-11-25,Chickahominy,Not Reported,35,0,0
2020-11-25,Portsmouth,Male,1480,154,32
2020-11-25,New River,Female,3195,71,25
2020-11-25,Rappahannock,Female,4113,235,43
2020-11-25,Central Virginia,Female,3466,113,31
2020-11-25,Roanoke,Not Reported,19,0,0
2020-11-25,West Piedmont,Female,2489,189,54
2020-11-25,Mount Rogers,Female,3216,194,87
2020-11-25,Piedmont,Male,1829,114,46
2020-11-25,Chesterfield,Female,5051,264,74
2020-11-25,Fairfax,Male,14447,1428,327
2020-11-25,Crater,Male,3317,153,57
2020-11-25,Central Virginia,Not Reported,163,2,1
2020-11-25,Prince William,Female,10324,558,116
2020-11-25,Virginia Beach,Female,5465,268,56
2020-11-25,Norfolk,Female,3226,235,42
2020-11-25,Three Rivers,Female,1249,72,21
2020-11-25,Arlington,Male,3015,319,86
2020-11-25,Central Shenandoah,Female,4694,183,47
2020-11-25,Southside,Female,1154,48,29
2020-11-28,Southside,Not Reported,15,0,0
2020-11-28,Chesapeake,Female,3373,274,39
2020-11-28,Richmond,Female,3375,253,29
2020-11-28,Roanoke,Male,1727,61,36
2020-11-28,Fairfax,Not Reported,197,2,6
2020-11-28,Thomas Jefferson,Female,2765,137,41
2020-11-28,Chesapeake,Not Reported,16,0,0
2020-11-28,Cumberland Plateau,Male,1100,71,12
2020-11-28,Eastern Shore,Female,859,80,26
2020-11-28,Lord Fairfax,Not Reported,27,0,0
2020-11-28,Rappahannock,Not Reported,50,0,0
2020-11-28,Central Shenandoah,Not Reported,40,0,0
2020-11-28,Peninsula,Male,3067,135,45
2020-11-28,Norfolk,Male,3156,221,47
2020-11-28,Alexandria,Female,2772,153,38
2020-11-28,Lenowisco,Male,1416,94,41
2020-11-28,Pittsylvania-Danville,Female,1863,154,43
2020-11-28,New River,Not Reported,47,0,0
2020-11-28,Chesterfield,Not Reported,162,0,2
2020-11-28,Loudoun,Male,4943,304,57
2020-11-28,Rappahannock Rapidan,Female,1930,94,27
2020-11-28,Piedmont,Female,1197,86,20
2020-11-28,Richmond,Male,3154,250,51
2020-11-28,Crater,Female,2493,184,66
2020-11-28,Portsmouth,Female,1678,196,39
2020-11-28,Arlington,Not Reported,10,0,0
2020-11-28,Mount Rogers,Not Reported,46,0,1
2020-11-28,Thomas Jefferson,Not Reported,6,0,0
2020-11-28,Three Rivers,Not Reported,25,0,0
2020-11-28,Hampton,Male,1247,67,19
2020-11-28,Alleghany,Male,2280,72,28
2020-11-28,Roanoke,Female,2312,67,39
2020-05-30,Piedmont,Female,174,18,2
2020-05-30,Piedmont,Male,542,29,4
2020-05-30,Piedmont,Not Reported,0,0,0
2020-05-30,Pittsylvania-Danville,Female,54,16,2
2020-05-30,Pittsylvania-Danville,Male,36,12,1
2020-05-30,Pittsylvania-Danville,Not Reported,1,0,0
2020-05-30,Portsmouth,Female,142,24,5
2020-05-30,Portsmouth,Male,162,20,6
2020-05-30,Portsmouth,Not Reported,3,0,0
2020-05-30,Prince William,Female,3282,247,58
2020-05-30,Prince William,Male,3407,305,62
2020-05-30,Prince William,Not Reported,68,1,0
2020-05-30,Rappahannock,Female,773,60,4
2020-05-30,Rappahannock,Male,728,87,13
2020-05-30,Rappahannock,Not Reported,12,3,0
2020-05-30,Rappahannock Rapidan,Female,542,28,5
2020-05-30,Rappahannock Rapidan,Male,571,49,9
2020-05-30,Rappahannock Rapidan,Not Reported,27,1,0
2020-05-30,Richmond,Female,592,61,5
2020-05-30,Richmond,Male,635,86,17
2020-05-30,Richmond,Not Reported,22,2,2
2020-05-30,Roanoke,Female,90,4,7
2020-05-30,Roanoke,Male,65,5,2
2020-05-30,Roanoke,Not Reported,0,0,0
2020-05-30,Southside,Female,181,20,14
2020-05-30,Southside,Male,88,18,8
2020-05-30,Southside,Not Reported,3,0,0
2020-05-30,Thomas Jefferson,Female,282,38,9
2020-05-30,Thomas Jefferson,Male,232,32,10
2020-05-30,Thomas Jefferson,Not Reported,1,0,0
2020-05-30,Three Rivers,Female,148,23,7
2020-05-30,Three Rivers,Male,359,15,1
2020-05-30,Three Rivers,Not Reported,3,0,0
2020-05-30,Virginia Beach,Female,382,41,9
2020-05-30,Virginia Beach,Male,314,51,14
2020-05-30,Virginia Beach,Not Reported,3,0,0
2020-05-30,West Piedmont,Female,97,7,2
2020-05-30,West Piedmont,Male,90,12,3
2020-05-30,West Piedmont,Not Reported,2,0,0
2020-05-30,Western Tidewater,Female,314,25,17
2020-11-28,Loudoun,Not Reported,75,0,0
2020-11-28,Fairfax,Female,15681,1107,301
2020-11-28,Western Tidewater,Male,2733,137,88
2020-11-28,Peninsula,Not Reported,57,0,0
2020-11-28,New River,Male,2975,76,20
2020-11-28,Central Shenandoah,Male,4206,187,60
2020-11-28,Southside,Male,1095,55,28
2020-11-28,Chesterfield,Male,4698,274,84
2020-11-28,Arlington,Female,3059,255,71
2020-11-28,Rappahannock,Male,3774,254,54
2020-11-28,Central Virginia,Male,3095,130,41
2020-11-28,Alleghany,Not Reported,117,0,1
2020-11-28,Henrico,Male,3798,284,113
2020-11-28,Thomas Jefferson,Male,2540,133,41
2020-11-28,Lord Fairfax,Male,2759,231,75
2020-11-28,Three Rivers,Male,1420,86,23
2020-11-28,Richmond,Not Reported,77,1,2
2020-11-28,Pittsylvania-Danville,Male,1455,99,27
2020-11-28,Portsmouth,Not Reported,3,0,0
2020-11-28,Norfolk,Not Reported,15,0,0
2020-11-28,Chesapeake,Male,3136,257,41
2020-11-28,Chickahominy,Female,1736,112,38
2020-11-28,Prince William,Male,10270,717,155
2020-11-28,Eastern Shore,Not Reported,9,0,0
2020-11-28,Eastern Shore,Male,821,77,26
2020-11-28,Rappahannock Rapidan,Male,2430,138,34
2020-11-28,Henrico,Not Reported,80,1,0
2020-11-28,Cumberland Plateau,Female,1345,69,10
2020-11-28,West Piedmont,Male,2018,172,54
2020-11-28,Hampton,Not Reported,20,0,0
2020-11-28,Alexandria,Not Reported,18,0,0
2020-11-28,Western Tidewater,Not Reported,7,0,2
2020-11-28,Cumberland Plateau,Not Reported,68,0,0
2020-11-28,Virginia Beach,Male,5008,259,57
2020-11-28,Alleghany,Female,2704,91,48
2020-11-28,Lenowisco,Female,1501,77,36
2020-11-28,Virginia Beach,Not Reported,70,0,0
2020-11-28,Western Tidewater,Female,2573,137,74
2020-11-28,Mount Rogers,Male,2756,218,76
2020-11-28,Lord Fairfax,Female,3189,208,70
2020-11-28,Piedmont,Not Reported,8,0,0
2020-11-28,Alexandria,Male,2513,203,39
2020-11-28,Pittsylvania-Danville,Not Reported,15,2,1
2020-11-28,West Piedmont,Not Reported,15,1,2
2020-11-28,Loudoun,Female,4962,252,85
2020-11-28,Hampton,Female,1474,49,15
2020-11-28,Henrico,Female,4387,302,138
2020-11-28,Prince William,Not Reported,177,2,0
2020-11-28,Chickahominy,Male,1589,126,34
2020-11-28,Rappahannock Rapidan,Not Reported,117,0,0
2020-11-28,Peninsula,Female,3315,125,51
2020-11-28,Lenowisco,Not Reported,50,2,0
2020-11-28,Crater,Not Reported,60,3,0
2020-11-28,Chickahominy,Not Reported,38,0,0
2020-11-28,Portsmouth,Male,1507,154,32
2020-11-28,New River,Female,3314,72,25
2020-11-28,Rappahannock,Female,4262,239,43
2020-11-28,Central Virginia,Female,3595,120,31
2020-11-28,Roanoke,Not Reported,19,0,0
2020-11-28,West Piedmont,Female,2612,191,54
2020-11-28,Mount Rogers,Female,3389,196,88
2020-11-28,Piedmont,Male,1880,116,47
2020-11-28,Chesterfield,Female,5192,268,77
2020-11-28,Fairfax,Male,14881,1442,331
2020-11-28,Crater,Male,3335,154,57
2020-11-28,Central Virginia,Not Reported,170,2,1
2020-11-28,Prince William,Female,10679,561,116
2020-11-28,Virginia Beach,Female,5582,268,56
2020-11-28,Norfolk,Female,3252,235,42
2020-11-28,Three Rivers,Female,1296,76,22
2020-11-28,Arlington,Male,3134,322,86
2020-11-28,Central Shenandoah,Female,4891,188,47
2020-11-28,Southside,Female,1168,48,32
2020-11-29,Southside,Not Reported,15,0,0
2020-11-29,Chesapeake,Female,3422,275,39
2020-11-29,Richmond,Female,3409,253,29
2020-11-29,Roanoke,Male,1748,62,36
2020-11-29,Fairfax,Not Reported,202,2,6
2020-11-29,Thomas Jefferson,Female,2778,138,41
2020-11-29,Chesapeake,Not Reported,16,0,0
2020-11-29,Cumberland Plateau,Male,1104,71,12
2020-11-29,Eastern Shore,Female,864,80,26
2020-11-29,Lord Fairfax,Not Reported,28,0,0
2020-11-29,Rappahannock,Not Reported,58,0,0
2020-11-29,Central Shenandoah,Not Reported,40,0,0
2020-11-29,Peninsula,Male,3139,136,45
2020-11-29,Norfolk,Male,3215,221,48
2020-11-29,Alexandria,Female,2785,155,38
2020-11-29,Lenowisco,Male,1428,95,41
2020-11-29,Pittsylvania-Danville,Female,1886,155,43
2020-11-29,New River,Not Reported,47,0,0
2020-11-29,Chesterfield,Not Reported,164,0,2
2020-11-29,Loudoun,Male,4965,304,57
2020-11-29,Rappahannock Rapidan,Female,1980,94,27
2020-11-29,Piedmont,Female,1209,86,20
2020-11-29,Richmond,Male,3180,251,51
2020-11-29,Crater,Female,2512,184,66
2020-11-29,Portsmouth,Female,1682,196,39
2020-11-29,Arlington,Not Reported,10,0,0
2020-11-29,Mount Rogers,Not Reported,46,0,1
2020-11-29,Thomas Jefferson,Not Reported,7,0,0
2020-11-29,Three Rivers,Not Reported,25,0,0
2020-11-29,Hampton,Male,1272,68,20
2020-11-29,Alleghany,Male,2310,72,28
2020-11-29,Roanoke,Female,2331,67,40
2020-05-30,Western Tidewater,Male,313,46,22
2020-05-30,Western Tidewater,Not Reported,3,0,0
2020-05-31,Alexandria,Female,1010,82,23
2020-05-31,Alexandria,Male,952,108,21
2020-05-31,Alexandria,Not Reported,12,0,0
2020-05-31,Alleghany,Female,114,9,10
2020-05-31,Alleghany,Male,85,15,6
2020-05-31,Alleghany,Not Reported,1,0,0
2020-05-31,Arlington,Female,1049,169,56
2020-05-31,Arlington,Male,1058,202,59
2020-05-31,Arlington,Not Reported,9,1,0
2020-05-31,Central Shenandoah,Female,811,62,15
2020-05-31,Central Shenandoah,Male,722,58,15
2020-05-31,Central Shenandoah,Not Reported,5,0,0
2020-05-31,Central Virginia,Female,96,7,0
2020-05-31,Central Virginia,Male,117,9,4
2020-05-31,Central Virginia,Not Reported,0,0,0
2020-05-31,Chesapeake,Female,298,45,7
2020-05-31,Chesapeake,Male,223,42,8
2020-05-31,Chesapeake,Not Reported,0,0,0
2020-05-31,Chesterfield,Female,843,43,26
2020-05-31,Chesterfield,Male,787,45,25
2020-05-31,Chesterfield,Not Reported,48,0,1
2020-05-31,Chickahominy,Female,271,43,15
2020-05-31,Chickahominy,Male,210,42,17
2020-05-31,Chickahominy,Not Reported,7,0,0
2020-05-31,Crater,Female,360,52,14
2020-05-31,Crater,Male,373,36,4
2020-05-31,Crater,Not Reported,13,2,0
2020-05-31,Cumberland Plateau,Female,19,1,0
2020-05-31,Cumberland Plateau,Male,16,1,0
2020-05-31,Cumberland Plateau,Not Reported,0,0,0
2020-05-31,Eastern Shore,Female,582,37,18
2020-05-31,Eastern Shore,Male,561,39,17
2020-05-31,Eastern Shore,Not Reported,3,0,0
2020-05-31,Fairfax,Female,5597,573,194
2020-05-31,Fairfax,Male,5527,753,196
2020-05-31,Fairfax,Not Reported,106,4,7
2020-05-31,Hampton,Female,111,11,1
2020-05-31,Hampton,Male,94,19,2
2020-05-31,Hampton,Not Reported,2,0,0
2020-11-29,Loudoun,Not Reported,75,0,0
2020-11-29,Fairfax,Female,15884,1111,301
2020-11-29,Western Tidewater,Male,2738,137,88
2020-11-29,Peninsula,Not Reported,58,0,0
2020-11-29,New River,Male,2997,77,20
2020-11-29,Central Shenandoah,Male,4231,188,60
2020-11-29,Southside,Male,1096,55,28
2020-11-29,Chesterfield,Male,4728,276,84
2020-11-29,Arlington,Female,3092,258,71
2020-11-29,Rappahannock,Male,3810,254,54
2020-11-29,Central Virginia,Male,3152,130,41
2020-11-29,Alleghany,Not Reported,117,0,1
2020-11-29,Henrico,Male,3833,284,113
2020-11-29,Thomas Jefferson,Male,2545,134,41
2020-11-29,Lord Fairfax,Male,2833,232,75
2020-11-29,Three Rivers,Male,1432,87,23
2020-11-29,Richmond,Not Reported,80,1,2
2020-11-29,Pittsylvania-Danville,Male,1479,99,27
2020-11-29,Portsmouth,Not Reported,3,0,0
2020-11-29,Norfolk,Not Reported,15,0,0
2020-11-29,Chesapeake,Male,3173,258,41
2020-11-29,Chickahominy,Female,1748,113,38
2020-11-29,Prince William,Male,10334,718,155
2020-11-29,Eastern Shore,Not Reported,9,0,0
2020-11-29,Eastern Shore,Male,824,77,26
2020-11-29,Rappahannock Rapidan,Male,2481,139,34
2020-11-29,Henrico,Not Reported,82,1,0
2020-11-29,Cumberland Plateau,Female,1347,69,10
2020-11-29,West Piedmont,Male,2041,172,54
2020-11-29,Hampton,Not Reported,20,0,0
2020-11-29,Alexandria,Not Reported,21,0,0
2020-11-29,Western Tidewater,Not Reported,7,0,2
2020-11-29,Cumberland Plateau,Not Reported,67,0,0
2020-11-29,Virginia Beach,Male,5081,259,57
2020-11-29,Alleghany,Female,2743,91,48
2020-11-29,Lenowisco,Female,1517,77,36
2020-11-29,Virginia Beach,Not Reported,74,0,0
2020-11-29,Western Tidewater,Female,2582,137,74
2020-11-29,Mount Rogers,Male,2764,221,77
2020-11-29,Lord Fairfax,Female,3279,208,70
2020-11-29,Piedmont,Not Reported,8,0,0
2020-11-29,Alexandria,Male,2527,204,39
2020-11-29,Pittsylvania-Danville,Not Reported,15,2,1
2020-11-29,West Piedmont,Not Reported,16,1,2
2020-11-29,Loudoun,Female,4981,252,85
2020-11-29,Hampton,Female,1502,49,15
2020-11-29,Henrico,Female,4425,302,138
2020-11-29,Prince William,Not Reported,177,2,0
2020-11-29,Chickahominy,Male,1597,126,34
2020-11-29,Rappahannock Rapidan,Not Reported,120,0,0
2020-11-29,Peninsula,Female,3366,126,51
2020-11-29,Lenowisco,Not Reported,50,2,0
2020-11-29,Crater,Not Reported,62,3,0
2020-11-29,Chickahominy,Not Reported,41,0,0
2020-11-29,Portsmouth,Male,1508,154,32
2020-11-29,New River,Female,3337,72,25
2020-11-29,Rappahannock,Female,4291,241,43
2020-11-29,Central Virginia,Female,3646,122,31
2020-11-29,Roanoke,Not Reported,19,0,0
2020-11-29,West Piedmont,Female,2637,191,54
2020-11-29,Mount Rogers,Female,3409,198,88
2020-11-29,Piedmont,Male,1885,116,47
2020-11-29,Chesterfield,Female,5240,273,77
2020-11-29,Fairfax,Male,15040,1446,331
2020-11-29,Crater,Male,3352,154,57
2020-11-29,Central Virginia,Not Reported,170,2,1
2020-11-29,Prince William,Female,10718,561,116
2020-11-29,Virginia Beach,Female,5660,268,56
2020-11-29,Norfolk,Female,3298,235,42
2020-11-29,Three Rivers,Female,1323,76,22
2020-11-29,Arlington,Male,3158,328,86
2020-11-29,Central Shenandoah,Female,4918,190,47
2020-11-29,Southside,Female,1177,48,32
2020-11-30,Southside,Not Reported,15,0,0
2020-11-30,Chesapeake,Female,3448,275,39
2020-11-30,Richmond,Female,3430,253,29
2020-11-30,Roanoke,Male,1754,62,36
2020-11-30,Fairfax,Not Reported,204,2,6
2020-11-30,Thomas Jefferson,Female,2786,138,41
2020-11-30,Chesapeake,Not Reported,16,0,0
2020-11-30,Cumberland Plateau,Male,1125,73,13
2020-11-30,Eastern Shore,Female,865,80,26
2020-11-30,Lord Fairfax,Not Reported,29,0,0
2020-11-30,Rappahannock,Not Reported,58,0,0
2020-11-30,Central Shenandoah,Not Reported,71,0,0
2020-11-30,Peninsula,Male,3171,136,45
2020-11-30,Norfolk,Male,3215,223,48
2020-11-30,Alexandria,Female,2806,156,38
2020-11-30,Lenowisco,Male,1437,95,41
2020-11-30,Pittsylvania-Danville,Female,1894,156,43
2020-11-30,New River,Not Reported,47,0,0
2020-11-30,Chesterfield,Not Reported,165,0,2
2020-11-30,Loudoun,Male,4980,304,57
2020-11-30,Rappahannock Rapidan,Female,2004,96,27
2020-11-30,Piedmont,Female,1215,86,20
2020-11-30,Richmond,Male,3198,251,51
2020-11-30,Crater,Female,2531,184,66
2020-11-30,Portsmouth,Female,1687,196,39
2020-11-30,Arlington,Not Reported,10,0,0
2020-11-30,Mount Rogers,Not Reported,46,0,1
2020-11-30,Thomas Jefferson,Not Reported,7,0,0
2020-11-30,Three Rivers,Not Reported,25,0,0
2020-11-30,Hampton,Male,1282,71,20
2020-11-30,Alleghany,Male,2317,72,28
2020-11-30,Roanoke,Female,2336,67,40
2020-05-31,Henrico,Female,1026,98,66
2020-05-31,Henrico,Male,786,105,65
2020-05-31,Henrico,Not Reported,8,0,2
2020-05-31,Lenowisco,Female,21,8,1
2020-05-31,Lenowisco,Male,22,8,3
2020-05-31,Lenowisco,Not Reported,0,0,0
2020-05-31,Lord Fairfax,Female,745,61,25
2020-05-31,Lord Fairfax,Male,633,59,25
2020-05-31,Lord Fairfax,Not Reported,12,0,0
2020-05-31,Loudoun,Female,1292,75,31
2020-05-31,Loudoun,Male,1268,88,27
2020-05-31,Loudoun,Not Reported,15,0,4
2020-05-31,Mount Rogers,Female,184,11,2
2020-05-31,Mount Rogers,Male,164,23,4
2020-05-31,Mount Rogers,Not Reported,2,0,0
2020-05-31,New River,Female,59,6,0
2020-05-31,New River,Male,53,9,1
2020-05-31,New River,Not Reported,1,0,0
2020-05-31,Norfolk,Female,249,36,1
2020-05-31,Norfolk,Male,254,33,5
2020-05-31,Norfolk,Not Reported,0,0,0
2020-05-31,Peninsula,Female,322,53,20
2020-05-31,Peninsula,Male,279,62,12
2020-05-31,Peninsula,Not Reported,3,0,0
2020-05-31,Piedmont,Female,175,18,2
2020-05-31,Piedmont,Male,545,29,4
2020-05-31,Piedmont,Not Reported,0,0,0
2020-05-31,Pittsylvania-Danville,Female,55,16,2
2020-05-31,Pittsylvania-Danville,Male,43,11,1
2020-05-31,Pittsylvania-Danville,Not Reported,1,0,0
2020-05-31,Portsmouth,Female,143,24,5
2020-05-31,Portsmouth,Male,162,20,6
2020-05-31,Portsmouth,Not Reported,3,0,0
2020-05-31,Prince William,Female,3363,250,58
2020-05-31,Prince William,Male,3484,305,62
2020-05-31,Prince William,Not Reported,83,1,0
2020-05-31,Rappahannock,Female,801,62,4
2020-05-31,Rappahannock,Male,755,89,13
2020-05-31,Rappahannock,Not Reported,12,3,0
2020-05-31,Rappahannock Rapidan,Female,553,28,5
2020-05-31,Rappahannock Rapidan,Male,581,51,9
2020-11-30,Loudoun,Not Reported,75,0,0
2020-11-30,Fairfax,Female,16023,1112,301
2020-11-30,Western Tidewater,Male,2743,137,88
2020-11-30,Peninsula,Not Reported,58,0,0
2020-11-30,New River,Male,3022,78,20
2020-11-30,Central Shenandoah,Male,4366,190,60
2020-11-30,Southside,Male,1099,55,28
2020-11-30,Chesterfield,Male,4752,276,84
2020-11-30,Arlington,Female,3113,261,71
2020-11-30,Rappahannock,Male,3826,254,54
2020-11-30,Central Virginia,Male,3177,130,41
2020-11-30,Alleghany,Not Reported,117,0,1
2020-11-30,Henrico,Male,3858,286,113
2020-11-30,Thomas Jefferson,Male,2551,135,41
2020-11-30,Lord Fairfax,Male,2922,232,75
2020-11-30,Three Rivers,Male,1448,89,23
2020-11-30,Richmond,Not Reported,84,1,2
2020-11-30,Pittsylvania-Danville,Male,1485,100,27
2020-11-30,Portsmouth,Not Reported,3,0,0
2020-11-30,Norfolk,Not Reported,15,0,0
2020-11-30,Chesapeake,Male,3193,259,41
2020-11-30,Chickahominy,Female,1771,113,38
2020-11-30,Prince William,Male,10413,718,155
2020-11-30,Eastern Shore,Not Reported,9,0,0
2020-11-30,Eastern Shore,Male,824,77,26
2020-11-30,Rappahannock Rapidan,Male,2497,139,34
2020-11-30,Henrico,Not Reported,83,1,0
2020-11-30,Cumberland Plateau,Female,1370,70,10
2020-11-30,West Piedmont,Male,2058,172,54
2020-11-30,Hampton,Not Reported,20,0,0
2020-11-30,Alexandria,Not Reported,21,0,0
2020-11-30,Western Tidewater,Not Reported,7,0,2
2020-11-30,Cumberland Plateau,Not Reported,77,0,0
2020-11-30,Virginia Beach,Male,5094,261,57
2020-11-30,Alleghany,Female,2759,91,48
2020-11-30,Lenowisco,Female,1534,78,36
2020-11-30,Virginia Beach,Not Reported,74,0,0
2020-11-30,Western Tidewater,Female,2588,137,74
2020-11-30,Mount Rogers,Male,2788,221,77
2020-11-30,Lord Fairfax,Female,3406,208,70
2020-11-30,Piedmont,Not Reported,8,0,0
2020-11-30,Alexandria,Male,2539,208,39
2020-11-30,Pittsylvania-Danville,Not Reported,15,2,1
2020-11-30,West Piedmont,Not Reported,16,1,2
2020-11-30,Loudoun,Female,4994,252,86
2020-11-30,Hampton,Female,1514,49,15
2020-11-30,Henrico,Female,4468,303,138
2020-11-30,Prince William,Not Reported,177,2,0
2020-11-30,Chickahominy,Male,1614,126,34
2020-11-30,Rappahannock Rapidan,Not Reported,128,0,0
2020-11-30,Peninsula,Female,3397,126,51
2020-11-30,Lenowisco,Not Reported,52,2,0
2020-11-30,Crater,Not Reported,62,3,0
2020-11-30,Chickahominy,Not Reported,42,0,0
2020-11-30,Portsmouth,Male,1512,154,32
2020-11-30,New River,Female,3356,72,25
2020-11-30,Rappahannock,Female,4312,241,43
2020-11-30,Central Virginia,Female,3675,123,31
2020-11-30,Roanoke,Not Reported,19,0,0
2020-11-30,West Piedmont,Female,2653,191,54
2020-11-30,Mount Rogers,Female,3445,202,89
2020-11-30,Piedmont,Male,1890,116,47
2020-11-30,Chesterfield,Female,5293,274,77
2020-11-30,Fairfax,Male,15161,1447,331
2020-11-30,Crater,Male,3368,156,57
2020-11-30,Central Virginia,Not Reported,170,2,1
2020-11-30,Prince William,Female,10799,562,116
2020-11-30,Virginia Beach,Female,5686,269,56
2020-11-30,Norfolk,Female,3298,235,43
2020-11-30,Three Rivers,Female,1334,76,22
2020-11-30,Arlington,Male,3176,328,86
2020-11-30,Central Shenandoah,Female,4984,192,47
2020-11-30,Southside,Female,1181,48,32
2020-12-01,Southside,Not Reported,15,0,0
2020-12-01,Chesapeake,Female,3472,276,39
2020-12-01,Richmond,Female,3452,253,29
2020-12-01,Roanoke,Male,1763,63,37
2020-12-01,Fairfax,Not Reported,204,2,6
2020-12-01,Thomas Jefferson,Female,2805,139,41
2020-12-01,Chesapeake,Not Reported,16,0,0
2020-12-01,Cumberland Plateau,Male,1138,75,13
2020-12-01,Eastern Shore,Female,868,80,26
2020-12-01,Lord Fairfax,Not Reported,29,0,0
2020-12-01,Rappahannock,Not Reported,77,0,0
2020-12-01,Central Shenandoah,Not Reported,84,0,0
2020-12-01,Peninsula,Male,3187,136,45
2020-12-01,Norfolk,Male,3236,223,48
2020-12-01,Alexandria,Female,2829,158,38
2020-12-01,Lenowisco,Male,1449,95,41
2020-12-01,Pittsylvania-Danville,Female,1912,157,45
2020-12-01,New River,Not Reported,47,0,0
2020-12-01,Chesterfield,Not Reported,168,0,2
2020-12-01,Loudoun,Male,5072,309,57
2020-12-01,Rappahannock Rapidan,Female,2017,96,27
2020-12-01,Piedmont,Female,1223,86,20
2020-12-01,Richmond,Male,3217,251,51
2020-12-01,Crater,Female,2550,186,66
2020-12-01,Portsmouth,Female,1695,196,39
2020-12-01,Arlington,Not Reported,11,0,0
2020-12-01,Mount Rogers,Not Reported,47,0,1
2020-12-01,Thomas Jefferson,Not Reported,7,0,0
2020-12-01,Three Rivers,Not Reported,26,0,0
2020-12-01,Hampton,Male,1287,71,20
2020-12-01,Alleghany,Male,2353,72,30
2020-12-01,Roanoke,Female,2349,67,40
2020-05-31,Rappahannock Rapidan,Not Reported,28,1,0
2020-05-31,Richmond,Female,622,63,5
2020-05-31,Richmond,Male,668,86,17
2020-05-31,Richmond,Not Reported,26,2,2
2020-05-31,Roanoke,Female,94,4,7
2020-05-31,Roanoke,Male,66,5,2
2020-05-31,Roanoke,Not Reported,0,0,0
2020-05-31,Southside,Female,181,20,14
2020-05-31,Southside,Male,88,18,8
2020-05-31,Southside,Not Reported,3,0,0
2020-05-31,Thomas Jefferson,Female,285,38,9
2020-05-31,Thomas Jefferson,Male,239,32,10
2020-05-31,Thomas Jefferson,Not Reported,1,0,0
2020-05-31,Three Rivers,Female,154,23,7
2020-05-31,Three Rivers,Male,360,15,1
2020-05-31,Three Rivers,Not Reported,4,0,0
2020-05-31,Virginia Beach,Female,387,43,9
2020-05-31,Virginia Beach,Male,318,51,14
2020-05-31,Virginia Beach,Not Reported,3,0,0
2020-05-31,West Piedmont,Female,101,7,2
2020-05-31,West Piedmont,Male,96,12,3
2020-05-31,West Piedmont,Not Reported,2,0,0
2020-05-31,Western Tidewater,Female,314,25,17
2020-05-31,Western Tidewater,Male,315,46,22
2020-05-31,Western Tidewater,Not Reported,3,0,0
2020-06-01,Alexandria,Female,1014,83,24
2020-06-01,Alexandria,Male,955,109,21
2020-06-01,Alexandria,Not Reported,12,0,0
2020-06-01,Alleghany,Female,115,9,10
2020-06-01,Alleghany,Male,88,15,6
2020-06-01,Alleghany,Not Reported,1,0,0
2020-06-01,Arlington,Female,1050,170,57
2020-06-01,Arlington,Male,1064,205,59
2020-06-01,Arlington,Not Reported,9,1,0
2020-06-01,Central Shenandoah,Female,832,64,15
2020-06-01,Central Shenandoah,Male,747,58,15
2020-06-01,Central Shenandoah,Not Reported,6,0,0
2020-06-01,Central Virginia,Female,97,7,0
2020-06-01,Central Virginia,Male,119,9,4
2020-06-01,Central Virginia,Not Reported,0,0,0
2020-06-01,Chesapeake,Female,307,46,7
2020-12-01,Loudoun,Not Reported,81,0,0
2020-12-01,Fairfax,Female,16130,1124,301
2020-12-01,Western Tidewater,Male,2750,137,89
2020-12-01,Peninsula,Not Reported,57,0,0
2020-12-01,New River,Male,3039,79,22
2020-12-01,Central Shenandoah,Male,4445,195,62
2020-12-01,Southside,Male,1105,55,28
2020-12-01,Chesterfield,Male,4808,279,84
2020-12-01,Arlington,Female,3131,261,71
2020-12-01,Rappahannock,Male,3863,255,54
2020-12-01,Central Virginia,Male,3225,134,46
2020-12-01,Alleghany,Not Reported,117,0,1
2020-12-01,Henrico,Male,3892,289,113
2020-12-01,Thomas Jefferson,Male,2568,135,41
2020-12-01,Lord Fairfax,Male,2955,233,76
2020-12-01,Three Rivers,Male,1499,92,25
2020-12-01,Richmond,Not Reported,85,1,2
2020-12-01,Pittsylvania-Danville,Male,1499,100,28
2020-12-01,Portsmouth,Not Reported,3,0,0
2020-12-01,Norfolk,Not Reported,15,0,0
2020-12-01,Chesapeake,Male,3211,260,41
2020-12-01,Chickahominy,Female,1797,113,38
2020-12-01,Prince William,Male,10484,721,156
2020-12-01,Eastern Shore,Not Reported,9,0,0
2020-12-01,Eastern Shore,Male,831,77,26
2020-12-01,Rappahannock Rapidan,Male,2505,139,34
2020-12-01,Henrico,Not Reported,82,1,0
2020-12-01,Cumberland Plateau,Female,1394,73,10
2020-12-01,West Piedmont,Male,2074,174,54
2020-12-01,Hampton,Not Reported,20,0,0
2020-12-01,Alexandria,Not Reported,16,0,0
2020-12-01,Western Tidewater,Not Reported,8,0,2
2020-12-01,Cumberland Plateau,Not Reported,78,0,0
2020-12-01,Virginia Beach,Male,5146,264,57
2020-12-01,Alleghany,Female,2790,91,48
2020-12-01,Lenowisco,Female,1558,79,36
2020-12-01,Virginia Beach,Not Reported,72,0,0
2020-12-01,Western Tidewater,Female,2599,138,74
2020-12-01,Mount Rogers,Male,2825,222,77
2020-12-01,Lord Fairfax,Female,3456,210,70
2020-12-01,Piedmont,Not Reported,9,0,0
2020-12-01,Alexandria,Male,2559,208,39
2020-12-01,Pittsylvania-Danville,Not Reported,16,2,1
2020-12-01,West Piedmont,Not Reported,16,1,2
2020-12-01,Loudoun,Female,5079,252,87
2020-12-01,Hampton,Female,1522,50,15
2020-12-01,Henrico,Female,4493,304,138
2020-12-01,Prince William,Not Reported,183,2,0
2020-12-01,Chickahominy,Male,1630,126,34
2020-12-01,Rappahannock Rapidan,Not Reported,130,0,0
2020-12-01,Peninsula,Female,3420,126,51
2020-12-01,Lenowisco,Not Reported,55,2,0
2020-12-01,Crater,Not Reported,62,3,0
2020-12-01,Chickahominy,Not Reported,46,0,0
2020-12-01,Portsmouth,Male,1518,154,32
2020-12-01,New River,Female,3379,74,26
2020-12-01,Rappahannock,Female,4341,242,44
2020-12-01,Central Virginia,Female,3711,125,33
2020-12-01,Roanoke,Not Reported,19,0,0
2020-12-01,West Piedmont,Female,2673,191,55
2020-12-01,Mount Rogers,Female,3484,207,89
2020-12-01,Piedmont,Male,1901,116,48
2020-12-01,Chesterfield,Female,5370,275,77
2020-12-01,Fairfax,Male,15271,1465,332
2020-12-01,Crater,Male,3383,156,57
2020-12-01,Central Virginia,Not Reported,167,2,1
2020-12-01,Prince William,Female,10873,566,115
2020-12-01,Virginia Beach,Female,5745,269,56
2020-12-01,Norfolk,Female,3315,235,43
2020-12-01,Three Rivers,Female,1396,78,22
2020-12-01,Arlington,Male,3192,328,86
2020-12-01,Central Shenandoah,Female,5087,195,50
2020-12-01,Southside,Female,1191,49,33
2020-12-02,Southside,Not Reported,15,0,0
2020-12-02,Chesapeake,Female,3490,277,39
2020-12-02,Richmond,Female,3473,254,29
2020-12-02,Roanoke,Male,1769,63,37
2020-12-02,Fairfax,Not Reported,208,2,6
2020-12-02,Thomas Jefferson,Female,2815,140,41
2020-12-02,Chesapeake,Not Reported,16,0,0
2020-12-02,Cumberland Plateau,Male,1182,79,13
2020-12-02,Eastern Shore,Female,868,80,26
2020-12-02,Lord Fairfax,Not Reported,29,0,0
2020-12-02,Rappahannock,Not Reported,78,0,0
2020-12-02,Central Shenandoah,Not Reported,88,0,0
2020-12-02,Peninsula,Male,3224,143,45
2020-12-02,Norfolk,Male,3259,227,48
2020-12-02,Alexandria,Female,2848,160,37
2020-12-02,Lenowisco,Male,1464,96,43
2020-12-02,Pittsylvania-Danville,Female,1947,158,46
2020-12-02,New River,Not Reported,48,0,0
2020-12-02,Chesterfield,Not Reported,169,0,2
2020-12-02,Loudoun,Male,5105,312,57
2020-12-02,Rappahannock Rapidan,Female,2037,96,27
2020-12-02,Piedmont,Female,1237,87,20
2020-12-02,Richmond,Male,3245,252,51
2020-12-02,Crater,Female,2562,186,66
2020-12-02,Portsmouth,Female,1703,197,39
2020-12-02,Arlington,Not Reported,13,0,0
2020-12-02,Mount Rogers,Not Reported,49,1,1
2020-12-02,Thomas Jefferson,Not Reported,8,0,0
2020-12-02,Three Rivers,Not Reported,26,0,0
2020-12-02,Hampton,Male,1293,73,20
2020-12-02,Alleghany,Male,2371,74,30
2020-12-02,Roanoke,Female,2363,67,40
2020-06-01,Chesapeake,Male,228,42,8
2020-06-01,Chesapeake,Not Reported,0,0,0
2020-06-01,Chesterfield,Female,853,43,26
2020-06-01,Chesterfield,Male,798,45,25
2020-06-01,Chesterfield,Not Reported,48,0,1
2020-06-01,Chickahominy,Female,272,43,15
2020-06-01,Chickahominy,Male,210,42,17
2020-06-01,Chickahominy,Not Reported,7,0,0
2020-06-01,Crater,Female,371,53,14
2020-06-01,Crater,Male,385,37,6
2020-06-01,Crater,Not Reported,13,2,0
2020-06-01,Cumberland Plateau,Female,19,1,0
2020-06-01,Cumberland Plateau,Male,16,1,0
2020-06-01,Cumberland Plateau,Not Reported,0,0,0
2020-06-01,Eastern Shore,Female,586,37,18
2020-06-01,Eastern Shore,Male,569,40,17
2020-06-01,Eastern Shore,Not Reported,3,0,0
2020-06-01,Fairfax,Female,5643,582,196
2020-06-01,Fairfax,Male,5581,762,197
2020-06-01,Fairfax,Not Reported,117,4,8
2020-06-01,Hampton,Female,112,11,1
2020-06-01,Hampton,Male,96,19,2
2020-06-01,Hampton,Not Reported,2,0,0
2020-06-01,Henrico,Female,1051,98,66
2020-06-01,Henrico,Male,799,105,66
2020-06-01,Henrico,Not Reported,8,0,2
2020-06-01,Lenowisco,Female,21,8,1
2020-06-01,Lenowisco,Male,22,8,3
2020-06-01,Lenowisco,Not Reported,0,0,0
2020-06-01,Lord Fairfax,Female,762,61,25
2020-06-01,Lord Fairfax,Male,644,60,25
2020-06-01,Lord Fairfax,Not Reported,12,0,0
2020-06-01,Loudoun,Female,1316,75,34
2020-06-01,Loudoun,Male,1280,88,28
2020-06-01,Loudoun,Not Reported,15,0,4
2020-06-01,Mount Rogers,Female,185,11,2
2020-06-01,Mount Rogers,Male,165,23,4
2020-06-01,Mount Rogers,Not Reported,2,0,0
2020-06-01,New River,Female,59,6,0
2020-06-01,New River,Male,54,9,1
2020-06-01,New River,Not Reported,1,0,0
2020-06-01,Norfolk,Female,258,36,1
2020-12-02,Loudoun,Not Reported,82,0,0
2020-12-02,Fairfax,Female,16334,1132,301
2020-12-02,Western Tidewater,Male,2770,140,89
2020-12-02,Peninsula,Not Reported,62,0,0
2020-12-02,New River,Male,3061,83,22
2020-12-02,Central Shenandoah,Male,4505,199,62
2020-12-02,Southside,Male,1110,56,28
2020-12-02,Chesterfield,Male,4864,285,84
2020-12-02,Arlington,Female,3169,261,71
2020-12-02,Rappahannock,Male,3902,257,55
2020-12-02,Central Virginia,Male,3243,136,47
2020-12-02,Alleghany,Not Reported,119,0,1
2020-12-02,Henrico,Male,3927,292,115
2020-12-02,Thomas Jefferson,Male,2585,136,41
2020-12-02,Lord Fairfax,Male,2995,237,78
2020-12-02,Three Rivers,Male,1510,92,25
2020-12-02,Richmond,Not Reported,85,1,2
2020-12-02,Pittsylvania-Danville,Male,1524,101,28
2020-12-02,Portsmouth,Not Reported,3,0,0
2020-12-02,Norfolk,Not Reported,15,0,0
2020-12-02,Chesapeake,Male,3233,260,41
2020-12-02,Chickahominy,Female,1812,113,38
2020-12-02,Prince William,Male,10553,726,156
2020-12-02,Eastern Shore,Not Reported,9,0,0
2020-12-02,Eastern Shore,Male,833,78,26
2020-12-02,Rappahannock Rapidan,Male,2511,140,34
2020-12-02,Henrico,Not Reported,83,1,0
2020-12-02,Cumberland Plateau,Female,1452,73,10
2020-12-02,West Piedmont,Male,2090,178,54
2020-12-02,Hampton,Not Reported,20,0,0
2020-12-02,Alexandria,Not Reported,15,0,0
2020-12-02,Western Tidewater,Not Reported,8,0,2
2020-12-02,Cumberland Plateau,Not Reported,83,0,0
2020-12-02,Virginia Beach,Male,5203,268,59
2020-12-02,Alleghany,Female,2826,92,49
2020-12-02,Lenowisco,Female,1596,80,36
2020-12-02,Virginia Beach,Not Reported,72,0,0
2020-12-02,Western Tidewater,Female,2622,141,74
2020-12-02,Mount Rogers,Male,2860,222,77
2020-12-02,Lord Fairfax,Female,3500,212,71
2020-12-02,Piedmont,Not Reported,9,0,0
2020-12-02,Alexandria,Male,2584,210,40
2020-12-02,Pittsylvania-Danville,Not Reported,16,2,1
2020-12-02,West Piedmont,Not Reported,16,1,2
2020-12-02,Loudoun,Female,5115,254,87
2020-12-02,Hampton,Female,1533,54,15
2020-12-02,Henrico,Female,4539,308,140
2020-12-02,Prince William,Not Reported,193,2,0
2020-12-02,Chickahominy,Male,1644,126,34
2020-12-02,Rappahannock Rapidan,Not Reported,150,0,0
2020-12-02,Peninsula,Female,3463,130,51
2020-12-02,Lenowisco,Not Reported,60,2,0
2020-12-02,Crater,Not Reported,63,3,0
2020-12-02,Chickahominy,Not Reported,45,0,0
2020-12-02,Portsmouth,Male,1528,154,32
2020-12-02,New River,Female,3404,74,28
2020-12-02,Rappahannock,Female,4397,242,44
2020-12-02,Central Virginia,Female,3727,127,35
2020-12-02,Roanoke,Not Reported,19,0,0
2020-12-02,West Piedmont,Female,2692,194,55
2020-12-02,Mount Rogers,Female,3534,208,89
2020-12-02,Piedmont,Male,1916,116,49
2020-12-02,Chesterfield,Female,5447,283,77
2020-12-02,Fairfax,Male,15440,1479,332
2020-12-02,Crater,Male,3404,156,57
2020-12-02,Central Virginia,Not Reported,179,2,1
2020-12-02,Prince William,Female,10981,567,115
2020-12-02,Virginia Beach,Female,5795,275,56
2020-12-02,Norfolk,Female,3343,237,43
2020-12-02,Three Rivers,Female,1406,80,22
2020-12-02,Arlington,Male,3235,332,86
2020-12-02,Central Shenandoah,Female,5156,199,50
2020-12-02,Southside,Female,1199,50,33
2020-12-03,Southside,Not Reported,15,0,0
2020-12-03,Chesapeake,Female,3518,280,40
2020-12-03,Richmond,Female,3493,254,29
2020-12-03,Roanoke,Male,1782,64,37
2020-12-03,Fairfax,Not Reported,212,2,6
2020-12-03,Thomas Jefferson,Female,2829,141,41
2020-12-03,Chesapeake,Not Reported,17,0,0
2020-12-03,Cumberland Plateau,Male,1195,79,13
2020-12-03,Eastern Shore,Female,871,80,26
2020-12-03,Lord Fairfax,Not Reported,30,0,0
2020-12-03,Rappahannock,Not Reported,92,0,0
2020-12-03,Central Shenandoah,Not Reported,92,0,0
2020-12-03,Peninsula,Male,3247,148,45
2020-12-03,Norfolk,Male,3269,230,49
2020-12-03,Alexandria,Female,2861,163,39
2020-12-03,Lenowisco,Male,1478,96,43
2020-12-03,Pittsylvania-Danville,Female,1959,159,46
2020-12-03,New River,Not Reported,48,0,0
2020-12-03,Chesterfield,Not Reported,169,0,4
2020-12-03,Loudoun,Male,5136,313,61
2020-12-03,Rappahannock Rapidan,Female,2050,97,27
2020-12-03,Piedmont,Female,1247,89,20
2020-12-03,Richmond,Male,3261,252,51
2020-12-03,Crater,Female,2576,187,66
2020-12-03,Portsmouth,Female,1707,199,39
2020-12-03,Arlington,Not Reported,13,0,0
2020-12-03,Mount Rogers,Not Reported,53,2,1
2020-12-03,Thomas Jefferson,Not Reported,7,0,0
2020-12-03,Three Rivers,Not Reported,26,0,0
2020-12-03,Hampton,Male,1306,78,20
2020-12-03,Alleghany,Male,2384,74,31
2020-12-03,Roanoke,Female,2373,67,40
2020-06-01,Norfolk,Male,261,33,5
2020-06-01,Norfolk,Not Reported,2,0,0
2020-06-01,Peninsula,Female,325,53,20
2020-06-01,Peninsula,Male,289,62,12
2020-06-01,Peninsula,Not Reported,3,0,0
2020-06-01,Piedmont,Female,182,19,2
2020-06-01,Piedmont,Male,549,29,4
2020-06-01,Piedmont,Not Reported,0,0,0
2020-06-01,Pittsylvania-Danville,Female,55,16,2
2020-06-01,Pittsylvania-Danville,Male,44,12,1
2020-06-01,Pittsylvania-Danville,Not Reported,1,0,0
2020-06-01,Portsmouth,Female,146,24,5
2020-06-01,Portsmouth,Male,164,20,6
2020-06-01,Portsmouth,Not Reported,3,0,0
2020-06-01,Prince William,Female,3446,255,59
2020-06-01,Prince William,Male,3557,313,62
2020-06-01,Prince William,Not Reported,82,1,0
2020-06-01,Rappahannock,Female,817,64,4
2020-06-01,Rappahannock,Male,768,91,14
2020-06-01,Rappahannock,Not Reported,12,3,0
2020-06-01,Rappahannock Rapidan,Female,573,28,5
2020-06-01,Rappahannock Rapidan,Male,595,51,9
2020-06-01,Rappahannock Rapidan,Not Reported,28,1,0
2020-06-01,Richmond,Female,654,63,5
2020-06-01,Richmond,Male,698,86,18
2020-06-01,Richmond,Not Reported,45,2,2
2020-06-01,Roanoke,Female,95,4,7
2020-06-01,Roanoke,Male,72,5,2
2020-06-01,Roanoke,Not Reported,0,0,0
2020-06-01,Southside,Female,183,20,14
2020-06-01,Southside,Male,89,18,8
2020-06-01,Southside,Not Reported,3,0,0
2020-06-01,Thomas Jefferson,Female,294,38,9
2020-06-01,Thomas Jefferson,Male,251,32,10
2020-06-01,Thomas Jefferson,Not Reported,1,0,0
2020-06-01,Three Rivers,Female,156,23,7
2020-06-01,Three Rivers,Male,373,15,1
2020-06-01,Three Rivers,Not Reported,4,0,0
2020-06-01,Virginia Beach,Female,396,43,9
2020-06-01,Virginia Beach,Male,346,51,14
2020-06-01,Virginia Beach,Not Reported,3,0,0
2020-12-03,Loudoun,Not Reported,85,0,0
2020-12-03,Fairfax,Female,16462,1139,301
2020-12-03,Western Tidewater,Male,2775,141,89
2020-12-03,Peninsula,Not Reported,58,0,0
2020-12-03,New River,Male,3108,87,23
2020-12-03,Central Shenandoah,Male,4557,203,61
2020-12-03,Southside,Male,1114,56,29
2020-12-03,Chesterfield,Male,4896,288,85
2020-12-03,Arlington,Female,3199,261,71
2020-12-03,Rappahannock,Male,3939,258,55
2020-12-03,Central Virginia,Male,3263,137,47
2020-12-03,Alleghany,Not Reported,120,0,1
2020-12-03,Henrico,Male,3955,293,118
2020-12-03,Thomas Jefferson,Male,2594,136,41
2020-12-03,Lord Fairfax,Male,3038,239,79
2020-12-03,Three Rivers,Male,1521,94,25
2020-12-03,Richmond,Not Reported,86,1,2
2020-12-03,Pittsylvania-Danville,Male,1540,101,28
2020-12-03,Portsmouth,Not Reported,3,0,0
2020-12-03,Norfolk,Not Reported,16,0,0
2020-12-03,Chesapeake,Male,3255,260,41
2020-12-03,Chickahominy,Female,1839,114,38
2020-12-03,Prince William,Male,10662,728,156
2020-12-03,Eastern Shore,Not Reported,9,0,0
2020-12-03,Eastern Shore,Male,834,79,26
2020-12-03,Rappahannock Rapidan,Male,2531,140,34
2020-12-03,Henrico,Not Reported,85,1,0
2020-12-03,Cumberland Plateau,Female,1473,76,10
2020-12-03,West Piedmont,Male,2111,181,54
2020-12-03,Hampton,Not Reported,20,0,0
2020-12-03,Alexandria,Not Reported,15,0,0
2020-12-03,Western Tidewater,Not Reported,7,0,2
2020-12-03,Cumberland Plateau,Not Reported,86,0,0
2020-12-03,Virginia Beach,Male,5233,271,60
2020-12-03,Alleghany,Female,2843,95,53
2020-12-03,Lenowisco,Female,1622,81,37
2020-12-03,Virginia Beach,Not Reported,72,0,0
2020-12-03,Western Tidewater,Female,2629,141,74
2020-12-03,Mount Rogers,Male,2896,226,79
2020-12-03,Lord Fairfax,Female,3568,214,71
2020-12-03,Piedmont,Not Reported,9,0,0
2020-12-03,Alexandria,Male,2603,210,40
2020-12-03,Pittsylvania-Danville,Not Reported,16,2,1
2020-12-03,West Piedmont,Not Reported,15,1,2
2020-12-03,Loudoun,Female,5155,254,89
2020-12-03,Hampton,Female,1541,54,15
2020-12-03,Henrico,Female,4575,310,142
2020-12-03,Prince William,Not Reported,193,2,0
2020-12-03,Chickahominy,Male,1670,127,34
2020-12-03,Rappahannock Rapidan,Not Reported,154,1,0
2020-12-03,Peninsula,Female,3484,139,51
2020-12-03,Lenowisco,Not Reported,63,2,0
2020-12-03,Crater,Not Reported,63,3,0
2020-12-03,Chickahominy,Not Reported,46,0,0
2020-12-03,Portsmouth,Male,1536,155,32
2020-12-03,New River,Female,3455,78,29
2020-12-03,Rappahannock,Female,4434,243,44
2020-12-03,Central Virginia,Female,3752,128,35
2020-12-03,Roanoke,Not Reported,20,0,0
2020-12-03,West Piedmont,Female,2732,196,55
2020-12-03,Mount Rogers,Female,3577,209,92
2020-12-03,Piedmont,Male,1919,117,48
2020-12-03,Chesterfield,Female,5498,284,78
2020-12-03,Fairfax,Male,15566,1486,332
2020-12-03,Crater,Male,3415,156,57
2020-12-03,Central Virginia,Not Reported,180,2,1
2020-12-03,Prince William,Female,11081,570,115
2020-12-03,Virginia Beach,Female,5844,281,56
2020-12-03,Norfolk,Female,3369,240,43
2020-12-03,Three Rivers,Female,1428,84,22
2020-12-03,Arlington,Male,3260,332,86
2020-12-03,Central Shenandoah,Female,5207,203,51
2020-12-03,Southside,Female,1208,50,33
2020-12-04,Southside,Not Reported,15,0,0
2020-12-04,Chesapeake,Female,3545,283,40
2020-12-04,Richmond,Female,3523,255,29
2020-12-04,Roanoke,Male,1809,64,37
2020-12-04,Fairfax,Not Reported,222,2,6
2020-12-04,Thomas Jefferson,Female,2863,144,41
2020-12-04,Chesapeake,Not Reported,16,0,0
2020-12-04,Cumberland Plateau,Male,1208,79,13
2020-12-04,Eastern Shore,Female,873,80,26
2020-12-04,Lord Fairfax,Not Reported,30,0,0
2020-12-04,Rappahannock,Not Reported,89,0,0
2020-12-04,Central Shenandoah,Not Reported,111,0,0
2020-12-04,Peninsula,Male,3270,149,45
2020-12-04,Norfolk,Male,3309,231,49
2020-12-04,Alexandria,Female,2881,163,40
2020-12-04,Lenowisco,Male,1491,96,43
2020-12-04,Pittsylvania-Danville,Female,1971,160,46
2020-12-04,New River,Not Reported,49,0,0
2020-12-04,Chesterfield,Not Reported,172,0,4
2020-12-04,Loudoun,Male,5197,313,61
2020-12-04,Rappahannock Rapidan,Female,2084,97,27
2020-12-04,Piedmont,Female,1263,90,20
2020-12-04,Richmond,Male,3288,254,51
2020-12-04,Crater,Female,2607,188,66
2020-12-04,Portsmouth,Female,1713,201,39
2020-06-01,West Piedmont,Female,101,7,2
2020-06-01,West Piedmont,Male,98,12,3
2020-06-01,West Piedmont,Not Reported,2,0,0
2020-06-01,Western Tidewater,Female,314,25,17
2020-06-01,Western Tidewater,Male,316,47,23
2020-06-01,Western Tidewater,Not Reported,3,0,0
2020-06-02,Alexandria,Female,1027,83,24
2020-06-02,Alexandria,Male,961,110,20
2020-06-02,Alexandria,Not Reported,12,0,0
2020-06-02,Alleghany,Female,118,9,10
2020-06-02,Alleghany,Male,92,15,6
2020-06-02,Alleghany,Not Reported,1,0,0
2020-06-02,Arlington,Female,1054,170,57
2020-06-02,Arlington,Male,1069,206,60
2020-06-02,Arlington,Not Reported,10,1,0
2020-06-02,Central Shenandoah,Female,840,65,16
2020-06-02,Central Shenandoah,Male,749,58,15
2020-06-02,Central Shenandoah,Not Reported,8,0,0
2020-06-02,Central Virginia,Female,99,7,0
2020-06-02,Central Virginia,Male,119,9,4
2020-06-02,Central Virginia,Not Reported,0,0,0
2020-06-02,Chesapeake,Female,310,47,7
2020-06-02,Chesapeake,Male,231,42,8
2020-06-02,Chesapeake,Not Reported,0,0,0
2020-06-02,Chesterfield,Female,880,43,26
2020-06-02,Chesterfield,Male,820,45,27
2020-06-02,Chesterfield,Not Reported,59,0,1
2020-06-02,Chickahominy,Female,278,43,15
2020-06-02,Chickahominy,Male,215,42,17
2020-06-02,Chickahominy,Not Reported,8,0,0
2020-06-02,Crater,Female,383,53,14
2020-06-02,Crater,Male,413,37,6
2020-06-02,Crater,Not Reported,13,2,0
2020-06-02,Cumberland Plateau,Female,19,1,0
2020-06-02,Cumberland Plateau,Male,16,1,0
2020-06-02,Cumberland Plateau,Not Reported,0,0,0
2020-06-02,Eastern Shore,Female,599,37,18
2020-06-02,Eastern Shore,Male,580,40,17
2020-06-02,Eastern Shore,Not Reported,3,0,0
2020-06-02,Fairfax,Female,5756,593,196
2020-06-02,Fairfax,Male,5674,780,202
2020-06-02,Fairfax,Not Reported,118,4,7
2020-06-02,Hampton,Female,113,11,1
2020-06-02,Hampton,Male,97,19,2
2020-06-02,Hampton,Not Reported,2,0,0
2020-06-02,Henrico,Female,1077,100,66
2020-06-02,Henrico,Male,834,108,67
2020-06-02,Henrico,Not Reported,8,0,2
2020-04-01,,Female,725,,
2020-04-01,,Male,743,,
2020-04-01,,Not Reported,16,,
2020-04-02,,Female,844,,
2020-04-02,,Male,844,,
2020-04-02,,Not Reported,18,,
2020-04-03,,Female,988,,
2020-04-03,,Male,991,,
2020-04-03,,Not Reported,33,,
2020-04-04,,Female,1199,,
2020-04-04,,Male,1162,,
2020-04-04,,Not Reported,46,,
2020-04-05,,Female,1330,,
2020-04-05,,Male,1257,,
2020-04-05,,Not Reported,50,,
2020-04-06,,Female,1467,,
2020-04-06,,Male,1360,,
2020-04-06,,Not Reported,51,,
2020-04-07,,Female,1718,,
2020-04-07,,Male,1563,,
2020-04-07,,Not Reported,52,,
2020-04-08,,Female,1880,,
2020-04-08,,Male,1717,,
2020-04-08,,Not Reported,48,,
2020-04-09,,Female,2053,,
2020-04-09,,Male,1930,,
2020-04-09,,Not Reported,59,,
2020-04-10,,Female,2289,,
2020-04-10,,Male,2163,,
2020-04-10,,Not Reported,57,,
2020-04-11,,Female,2569,,
2020-04-11,,Male,2452,,
2020-04-11,,Not Reported,56,,
2020-04-12,,Female,2671,,
2020-04-12,,Male,2543,,
2020-04-12,,Not Reported,60,,
2020-04-13,,Female,2908,363,60
2020-04-13,,Male,2774,536,85
2020-04-13,,Not Reported,65,4,4
2020-04-14,,Female,3153,394,61
2020-04-14,,Male,2951,580,89
2020-04-14,,Not Reported,67,4,4
2020-04-15,,Female,3335,433,78
2020-04-15,,Male,3097,611,112
2020-04-15,,Not Reported,68,4,5
2020-04-16,,Female,3542,455,86
2020-04-16,,Male,3279,655,117
2020-04-16,,Not Reported,68,4,5
2020-04-17,,Female,3877,502,98
2020-04-17,,Male,3535,714,128
2020-04-17,,Not Reported,79,5,5
2020-04-18,,Female,4167,535,109
2020-04-18,,Male,3807,756,142
2020-04-18,,Not Reported,79,5,7
2020-04-19,,Female,4417,597,116
2020-04-19,,Male,4040,820,154
2020-04-19,,Not Reported,80,5,7
2020-04-20,,Female,4662,641,127
2020-04-20,,Male,4248,854,166
2020-04-20,,Not Reported,80,5,7
2020-04-21,Alexandria,Female,243,30,3
2020-04-21,Alexandria,Male,218,30,6
2020-04-21,Alexandria,Not Reported,1,0,0
2020-04-21,Alleghany,Female,33,5,2
2020-04-21,Alleghany,Male,31,8,1
2020-04-21,Arlington,Female,317,49,9
2020-04-21,Arlington,Male,304,65,14
2020-04-21,Arlington,Not Reported,4,0,0
2020-04-21,Central Shenandoah,Female,256,9,0
2020-04-21,Central Shenandoah,Male,181,14,1
2020-04-21,Central Shenandoah,Not Reported,8,0,0
2020-04-21,Central Virginia,Female,37,2,0
2020-04-21,Central Virginia,Male,52,5,2
2020-04-21,Chesapeake,Female,100,18,3
2020-04-21,Chesapeake,Male,76,21,2
2020-04-21,Chesterfield,Female,199,13,2
2020-04-21,Chesterfield,Male,183,16,7
2020-04-21,Chesterfield,Not Reported,8,0,0
2020-04-21,Chickahominy,Female,119,17,5
2020-04-21,Chickahominy,Male,62,17,7
2020-04-21,Chickahominy,Not Reported,5,1,0
2020-04-21,Crater,Female,78,13,6
2020-04-21,Crater,Male,56,10,3
2020-04-21,Crater,Not Reported,4,2,0
2020-04-21,Cumberland Plateau,Female,12,1,0
2020-04-21,Cumberland Plateau,Male,6,0,0
2020-04-21,Eastern Shore,Female,23,9,1
2020-04-21,Eastern Shore,Male,36,7,0
2020-04-21,Fairfax,Female,1036,155,29
2020-04-21,Fairfax,Male,1076,228,37
2020-04-21,Fairfax,Not Reported,11,0,0
2020-04-21,Hampton,Female,48,9,0
2020-04-21,Hampton,Male,44,17,1
2020-04-21,Henrico,Female,347,40,36
2020-04-21,Henrico,Male,253,49,35
2020-04-21,Henrico,Not Reported,21,1,6
2020-04-21,Lenowisco,Female,16,5,1
2020-04-21,Lenowisco,Male,16,5,1
2020-04-21,Lord Fairfax,Female,104,9,0
2020-04-21,Lord Fairfax,Male,97,12,0
2020-04-21,Loudoun,Female,239,19,4
2020-04-21,Loudoun,Male,226,40,4
2020-04-21,Loudoun,Not Reported,3,0,0
2020-04-21,Mount Rogers,Female,27,5,0
2020-04-21,Mount Rogers,Male,29,10,4
2020-04-21,Mount Rogers,Not Reported,1,0,0
2020-04-21,New River,Female,31,3,0
2020-04-21,New River,Male,30,5,0
2020-04-21,New River,Not Reported,1,0,0
2020-04-21,Norfolk,Female,71,13,0
2020-04-21,Norfolk,Male,47,15,3
2020-04-21,Peninsula,Female,159,43,13
2020-04-21,Peninsula,Male,152,53,7
2020-04-21,Piedmont,Female,60,5,1
2020-04-21,Piedmont,Male,30,11,2
2020-04-21,Pittsylvania-Danville,Female,21,9,1
2020-04-21,Pittsylvania-Danville,Male,15,8,1
2020-04-21,Portsmouth,Female,44,12,2
2020-04-21,Portsmouth,Male,37,16,2
2020-04-21,Portsmouth,Not Reported,1,0,0
2020-04-21,Prince William,Female,510,54,7
2020-04-21,Prince William,Male,493,59,10
2020-04-21,Prince William,Not Reported,5,0,0
2020-04-21,Rappahannock,Female,157,29,1
2020-04-21,Rappahannock,Male,138,43,5
2020-04-21,Rappahannock,Not Reported,1,0,0
2020-04-21,Rappahannock Rapidan,Female,69,8,1
2020-04-21,Rappahannock Rapidan,Male,77,10,1
2020-04-21,Rappahannock Rapidan,Not Reported,2,0,0
2020-04-21,Richmond,Female,128,14,1
2020-04-21,Richmond,Male,113,23,8
2020-04-21,Richmond,Not Reported,5,2,1
2020-04-21,Roanoke,Female,7,2,0
2020-04-21,Roanoke,Male,18,3,0
2020-04-21,Southside,Female,59,8,0
2020-04-21,Southside,Male,33,12,1
2020-04-21,Thomas Jefferson,Female,122,26,2
2020-04-21,Thomas Jefferson,Male,102,20,8
2020-04-21,Three Rivers,Female,26,4,1
2020-04-21,Three Rivers,Male,76,6,0
2020-04-21,Virginia Beach,Female,147,25,3
2020-04-21,Virginia Beach,Male,141,35,5
2020-04-21,West Piedmont,Female,15,1,0
2020-04-21,West Piedmont,Male,12,3,1
2020-04-21,Western Tidewater,Female,124,13,2
2020-04-21,Western Tidewater,Male,105,22,2
2020-04-22,Alexandria,Female,246,31,4
2020-04-22,Alexandria,Male,226,34,8
2020-04-22,Alexandria,Not Reported,2,0,0
2020-04-22,Alleghany,Female,41,5,2
2020-04-22,Alleghany,Male,32,8,1
2020-04-22,Arlington,Female,331,51,10
2020-04-22,Arlington,Male,327,65,14
2020-04-22,Arlington,Not Reported,5,0,0
2020-04-22,Central Shenandoah,Female,295,16,3
2020-04-22,Central Shenandoah,Male,222,20,6
2020-04-22,Central Shenandoah,Not Reported,8,0,0
2020-04-22,Central Virginia,Female,38,2,0
2020-04-22,Central Virginia,Male,55,5,2
2020-04-22,Chesapeake,Female,102,18,2
2020-04-22,Chesapeake,Male,78,21,3
2020-04-22,Chesterfield,Female,206,13,2
2020-04-22,Chesterfield,Male,187,16,7
2020-04-22,Chesterfield,Not Reported,9,1,0
2020-04-22,Chickahominy,Female,120,16,4
2020-04-22,Chickahominy,Male,66,18,7
2020-04-22,Chickahominy,Not Reported,5,1,0
2020-04-22,Crater,Female,79,14,6
2020-04-22,Crater,Male,56,10,3
2020-04-22,Crater,Not Reported,4,2,0
2020-04-22,Cumberland Plateau,Female,12,1,0
2020-04-22,Cumberland Plateau,Male,6,0,0
2020-04-22,Eastern Shore,Female,23,9,1
2020-04-22,Eastern Shore,Male,44,7,0
2020-04-22,Fairfax,Female,1118,162,31
2020-04-22,Fairfax,Male,1175,246,37
2020-04-22,Fairfax,Not Reported,13,1,0
2020-04-22,Hampton,Female,52,9,0
2020-04-22,Hampton,Male,45,17,1
2020-04-22,Henrico,Female,391,43,42
2020-04-22,Henrico,Male,286,52,39
2020-04-22,Henrico,Not Reported,7,1,1
2020-04-22,Lenowisco,Female,16,5,1
2020-04-22,Lenowisco,Male,16,5,1
2020-04-22,Lord Fairfax,Female,112,9,0
2020-04-22,Lord Fairfax,Male,105,12,0
2020-04-22,Loudoun,Female,242,20,5
2020-04-22,Loudoun,Male,231,41,4
2020-04-22,Loudoun,Not Reported,2,0,0
2020-04-22,Mount Rogers,Female,27,5,0
2020-04-22,Mount Rogers,Male,30,10,4
2020-04-22,Mount Rogers,Not Reported,1,0,0
2020-04-22,New River,Female,34,3,0
2020-04-22,New River,Male,31,5,0
2020-04-22,New River,Not Reported,1,0,0
2020-04-22,Norfolk,Female,77,13,0
2020-04-22,Norfolk,Male,49,16,3
2020-04-22,Peninsula,Female,160,43,13
2020-04-22,Peninsula,Male,151,53,7
2020-04-22,Piedmont,Female,60,5,1
2020-04-22,Piedmont,Male,30,11,2
2020-04-22,Pittsylvania-Danville,Female,22,9,1
2020-04-22,Pittsylvania-Danville,Male,16,8,1
2020-04-22,Portsmouth,Female,53,13,2
2020-04-22,Portsmouth,Male,39,17,2
2020-04-22,Portsmouth,Not Reported,1,0,0
2020-04-22,Prince William,Female,547,57,7
2020-04-22,Prince William,Male,522,65,11
2020-04-22,Prince William,Not Reported,6,0,0
2020-04-22,Rappahannock,Female,164,32,2
2020-04-22,Rappahannock,Male,143,43,7
2020-04-22,Rappahannock,Not Reported,3,0,0
2020-04-22,Rappahannock Rapidan,Female,79,8,1
2020-04-22,Rappahannock Rapidan,Male,83,10,1
2020-04-22,Rappahannock Rapidan,Not Reported,2,0,0
2020-04-22,Richmond,Female,132,16,1
2020-04-22,Richmond,Male,114,23,8
2020-04-22,Richmond,Not Reported,4,2,1
2020-04-22,Roanoke,Female,9,2,0
2020-04-22,Roanoke,Male,18,3,0
2020-04-22,Southside,Female,60,8,0
2020-04-22,Southside,Male,34,13,1
2020-04-22,Thomas Jefferson,Female,127,26,2
2020-04-22,Thomas Jefferson,Male,107,20,8
2020-04-22,Three Rivers,Female,26,4,1
2020-04-22,Three Rivers,Male,78,6,0
2020-04-22,Virginia Beach,Female,167,25,3
2020-04-22,Virginia Beach,Male,146,35,5
2020-04-22,West Piedmont,Female,15,1,0
2020-04-22,West Piedmont,Male,13,3,1
2020-04-22,Western Tidewater,Female,135,15,4
2020-04-22,Western Tidewater,Male,114,24,2
2020-04-23,Alexandria,Female,263,34,5
2020-04-23,Alexandria,Male,246,40,9
2020-04-23,Alexandria,Not Reported,3,0,0
2020-04-23,Alleghany,Female,43,5,2
2020-04-23,Alleghany,Male,33,8,1
2020-04-23,Arlington,Female,346,53,10
2020-04-23,Arlington,Male,335,65,14
2020-04-23,Arlington,Not Reported,5,0,0
2020-04-23,Central Shenandoah,Female,325,16,4
2020-04-23,Central Shenandoah,Male,242,21,6
2020-04-23,Central Shenandoah,Not Reported,8,0,0
2020-04-23,Central Virginia,Female,43,3,0
2020-04-23,Central Virginia,Male,56,4,1
2020-04-23,Chesapeake,Female,106,19,2
2020-04-23,Chesapeake,Male,80,21,3
2020-04-23,Chesterfield,Female,247,14,2
2020-04-23,Chesterfield,Male,195,19,7
2020-04-23,Chesterfield,Not Reported,10,1,0
2020-04-23,Chickahominy,Female,122,17,4
2020-04-23,Chickahominy,Male,68,20,8
2020-04-23,Chickahominy,Not Reported,4,1,0
2020-04-23,Crater,Female,94,17,6
2020-04-23,Crater,Male,66,12,3
2020-04-23,Crater,Not Reported,4,3,0
2020-04-23,Cumberland Plateau,Female,12,1,0
2020-04-23,Cumberland Plateau,Male,6,0,0
2020-04-23,Eastern Shore,Female,35,10,2
2020-04-23,Eastern Shore,Male,53,8,0
2020-04-23,Fairfax,Female,1174,175,38
2020-04-23,Fairfax,Male,1224,258,42
2020-04-23,Fairfax,Not Reported,15,3,0
2020-04-23,Hampton,Female,54,9,0
2020-04-23,Hampton,Male,45,17,1
2020-04-23,Henrico,Female,418,45,43
2020-04-23,Henrico,Male,294,54,39
2020-04-23,Henrico,Not Reported,6,0,1
2020-04-23,Lenowisco,Female,16,5,1
2020-04-23,Lenowisco,Male,18,7,1
2020-04-23,Lord Fairfax,Female,121,12,0
2020-04-23,Lord Fairfax,Male,113,16,0
2020-04-23,Loudoun,Female,252,21,5
2020-04-23,Loudoun,Male,244,43,5
2020-04-23,Loudoun,Not Reported,2,0,0
2020-04-23,Mount Rogers,Female,27,5,0
2020-04-23,Mount Rogers,Male,31,10,4
2020-04-23,Mount Rogers,Not Reported,1,0,0
2020-04-23,New River,Female,34,3,0
2020-04-23,New River,Male,31,5,0
2020-04-23,New River,Not Reported,1,0,0
2020-04-23,Norfolk,Female,81,15,0
2020-04-23,Norfolk,Male,55,16,3
2020-04-23,Peninsula,Female,165,43,13
2020-04-23,Peninsula,Male,152,53,7
2020-04-23,Piedmont,Female,66,6,1
2020-04-23,Piedmont,Male,38,11,2
2020-04-23,Pittsylvania-Danville,Female,25,9,1
2020-04-23,Pittsylvania-Danville,Male,17,8,1
2020-04-23,Portsmouth,Female,55,13,2
2020-04-23,Portsmouth,Male,42,17,2
2020-04-23,Portsmouth,Not Reported,1,0,0
2020-04-23,Prince William,Female,600,64,8
2020-04-23,Prince William,Male,585,68,12
2020-04-23,Prince William,Not Reported,7,0,0
2020-04-23,Rappahannock,Female,178,32,2
2020-04-23,Rappahannock,Male,154,43,7
2020-04-23,Rappahannock,Not Reported,4,0,0
2020-04-23,Rappahannock Rapidan,Female,89,8,1
2020-04-23,Rappahannock Rapidan,Male,92,11,1
2020-04-23,Rappahannock Rapidan,Not Reported,4,0,0
2020-04-23,Richmond,Female,136,17,1
2020-04-23,Richmond,Male,119,26,10
2020-04-23,Richmond,Not Reported,4,2,2
2020-04-23,Roanoke,Female,10,2,0
2020-04-23,Roanoke,Male,18,3,0
2020-04-23,Southside,Female,62,8,0
2020-04-23,Southside,Male,35,14,1
2020-04-23,Thomas Jefferson,Female,131,27,2
2020-04-23,Thomas Jefferson,Male,110,21,8
2020-04-23,Thomas Jefferson,Not Reported,1,0,0
2020-04-23,Three Rivers,Female,33,5,1
2020-04-23,Three Rivers,Male,89,6,0
2020-04-23,Virginia Beach,Female,177,26,3
2020-04-23,Virginia Beach,Male,151,35,5
2020-04-23,West Piedmont,Female,15,1,0
2020-04-23,West Piedmont,Male,13,3,1
2020-04-23,Western Tidewater,Female,138,15,4
2020-04-23,Western Tidewater,Male,174,25,2
2020-04-23,Western Tidewater,Not Reported,1,0,0
2020-04-24,Alexandria,Female,285,38,6
2020-04-24,Alexandria,Male,258,43,9
2020-04-24,Alexandria,Not Reported,4,0,0
2020-04-24,Alleghany,Female,47,5,2
2020-04-24,Alleghany,Male,35,9,1
2020-04-24,Arlington,Female,364,55,10
2020-04-24,Arlington,Male,353,65,14
2020-04-24,Arlington,Not Reported,5,0,0
2020-04-24,Central Shenandoah,Female,341,17,4
2020-04-24,Central Shenandoah,Male,250,22,7
2020-04-24,Central Shenandoah,Not Reported,8,0,0
2020-04-24,Central Virginia,Female,45,3,0
2020-04-24,Central Virginia,Male,57,4,1
2020-04-24,Chesapeake,Female,115,21,2
2020-04-24,Chesapeake,Male,82,22,3
2020-04-24,Chesterfield,Female,263,15,8
2020-04-24,Chesterfield,Male,200,22,12
2020-04-24,Chesterfield,Not Reported,10,1,0
2020-04-24,Chickahominy,Female,131,19,4
2020-04-24,Chickahominy,Male,66,20,8
2020-04-24,Chickahominy,Not Reported,4,1,0
2020-04-24,Crater,Female,94,19,6
2020-04-24,Crater,Male,69,13,3
2020-04-24,Crater,Not Reported,4,3,0
2020-04-24,Cumberland Plateau,Female,12,1,0
2020-04-24,Cumberland Plateau,Male,6,0,0
2020-04-24,Eastern Shore,Female,51,10,2
2020-04-24,Eastern Shore,Male,64,8,1
2020-04-24,Fairfax,Female,1248,188,44
2020-04-24,Fairfax,Male,1315,269,45
2020-04-24,Fairfax,Not Reported,21,3,0
2020-04-24,Hampton,Female,54,9,0
2020-04-24,Hampton,Male,45,17,1
2020-04-24,Henrico,Female,424,48,46
2020-04-24,Henrico,Male,299,59,39
2020-04-24,Henrico,Not Reported,6,0,1
2020-04-24,Lenowisco,Female,17,5,1
2020-04-24,Lenowisco,Male,18,7,1
2020-04-24,Lord Fairfax,Female,132,14,0
2020-04-24,Lord Fairfax,Male,124,17,0
2020-04-24,Loudoun,Female,268,22,5
2020-04-24,Loudoun,Male,259,45,5
2020-04-24,Loudoun,Not Reported,2,0,0
2020-04-24,Mount Rogers,Female,27,5,0
2020-04-24,Mount Rogers,Male,31,10,4
2020-04-24,Mount Rogers,Not Reported,1,0,0
2020-04-24,New River,Female,34,3,0
2020-04-24,New River,Male,31,5,0
2020-04-24,New River,Not Reported,2,0,0
2020-04-24,Norfolk,Female,84,15,0
2020-04-24,Norfolk,Male,57,16,3
2020-04-24,Peninsula,Female,167,43,13
2020-04-24,Peninsula,Male,153,53,7
2020-04-24,Piedmont,Female,68,6,1
2020-04-24,Piedmont,Male,43,11,2
2020-04-24,Pittsylvania-Danville,Female,25,9,1
2020-04-24,Pittsylvania-Danville,Male,17,8,1
2020-04-24,Portsmouth,Female,57,13,2
2020-04-24,Portsmouth,Male,42,17,2
2020-04-24,Portsmouth,Not Reported,1,0,0
2020-04-24,Prince William,Female,646,68,8
2020-04-24,Prince William,Male,635,70,12
2020-04-24,Prince William,Not Reported,10,0,0
2020-04-24,Rappahannock,Female,187,32,2
2020-04-24,Rappahannock,Male,164,43,7
2020-04-24,Rappahannock,Not Reported,4,0,0
2020-04-24,Rappahannock Rapidan,Female,95,8,1
2020-04-24,Rappahannock Rapidan,Male,99,13,2
2020-04-24,Rappahannock Rapidan,Not Reported,6,0,0
2020-04-24,Richmond,Female,139,20,1
2020-04-24,Richmond,Male,125,30,11
2020-04-24,Richmond,Not Reported,3,1,2
2020-04-24,Roanoke,Female,15,2,0
2020-04-24,Roanoke,Male,18,3,0
2020-04-24,Southside,Female,67,9,4
2020-04-24,Southside,Male,37,14,3
2020-04-24,Thomas Jefferson,Female,133,27,3
2020-04-24,Thomas Jefferson,Male,110,22,8
2020-04-24,Thomas Jefferson,Not Reported,1,0,0
2020-04-24,Three Rivers,Female,33,5,1
2020-04-24,Three Rivers,Male,89,6,0
2020-04-24,Virginia Beach,Female,178,29,4
2020-04-24,Virginia Beach,Male,153,36,6
2020-04-24,West Piedmont,Female,17,1,0
2020-04-24,West Piedmont,Male,16,4,1
2020-04-24,Western Tidewater,Female,141,15,4
2020-04-24,Western Tidewater,Male,177,26,3
2020-04-24,Western Tidewater,Not Reported,1,0,0
2020-04-25,Alexandria,Female,299,38,8
2020-04-25,Alexandria,Male,272,42,10
2020-04-25,Alexandria,Not Reported,4,0,0
2020-04-25,Alleghany,Female,47,5,2
2020-04-25,Alleghany,Male,35,9,1
2020-04-25,Arlington,Female,382,63,12
2020-04-25,Arlington,Male,377,76,17
2020-04-25,Arlington,Not Reported,5,0,0
2020-04-25,Central Shenandoah,Female,354,18,4
2020-04-25,Central Shenandoah,Male,263,22,7
2020-04-25,Central Shenandoah,Not Reported,7,0,0
2020-04-25,Central Virginia,Female,46,3,0
2020-04-25,Central Virginia,Male,57,4,1
2020-04-25,Chesapeake,Female,116,23,3
2020-04-25,Chesapeake,Male,84,22,3
2020-04-25,Chesterfield,Female,277,15,8
2020-04-25,Chesterfield,Male,210,24,13
2020-04-25,Chesterfield,Not Reported,7,0,0
2020-04-25,Chickahominy,Female,133,19,4
2020-04-25,Chickahominy,Male,67,20,8
2020-04-25,Chickahominy,Not Reported,4,1,0
2020-04-25,Crater,Female,94,21,6
2020-04-25,Crater,Male,72,17,3
2020-04-25,Crater,Not Reported,4,3,0
2020-04-25,Cumberland Plateau,Female,12,1,0
2020-04-25,Cumberland Plateau,Male,8,0,0
2020-04-25,Eastern Shore,Female,77,10,2
2020-04-25,Eastern Shore,Male,89,8,1
2020-04-25,Fairfax,Female,1345,197,47
2020-04-25,Fairfax,Male,1432,288,47
2020-04-25,Fairfax,Not Reported,20,3,0
2020-04-25,Hampton,Female,56,9,0
2020-04-25,Hampton,Male,45,17,1
2020-04-25,Henrico,Female,448,52,47
2020-04-25,Henrico,Male,310,63,41
2020-04-25,Henrico,Not Reported,6,0,1
2020-04-25,Lenowisco,Female,17,5,1
2020-04-25,Lenowisco,Male,18,7,1
2020-04-25,Lord Fairfax,Female,183,15,1
2020-04-25,Lord Fairfax,Male,144,20,0
2020-04-25,Lord Fairfax,Not Reported,2,0,0
2020-04-25,Loudoun,Female,291,22,5
2020-04-25,Loudoun,Male,271,50,6
2020-04-25,Loudoun,Not Reported,2,0,0
2020-04-25,Mount Rogers,Female,27,5,0
2020-04-25,Mount Rogers,Male,31,10,4
2020-04-25,Mount Rogers,Not Reported,1,0,0
2020-04-25,New River,Female,35,3,0
2020-04-25,New River,Male,32,5,1
2020-04-25,New River,Not Reported,2,0,0
2020-04-25,Norfolk,Female,87,15,0
2020-04-25,Norfolk,Male,82,17,3
2020-04-25,Peninsula,Female,170,43,13
2020-04-25,Peninsula,Male,155,54,7
2020-04-25,Piedmont,Female,70,6,1
2020-04-25,Piedmont,Male,48,11,2
2020-04-25,Pittsylvania-Danville,Female,25,9,1
2020-04-25,Pittsylvania-Danville,Male,18,8,1
2020-04-25,Portsmouth,Female,61,14,2
2020-04-25,Portsmouth,Male,41,17,3
2020-04-25,Portsmouth,Not Reported,1,0,0
2020-04-25,Prince William,Female,686,76,8
2020-04-25,Prince William,Male,686,74,13
2020-04-25,Prince William,Not Reported,10,0,0
2020-04-25,Rappahannock,Female,191,32,2
2020-04-25,Rappahannock,Male,176,46,7
2020-04-25,Rappahannock,Not Reported,1,0,0
2020-04-25,Rappahannock Rapidan,Female,105,8,1
2020-04-25,Rappahannock Rapidan,Male,106,13,2
2020-04-25,Rappahannock Rapidan,Not Reported,5,0,0
2020-04-25,Richmond,Female,146,22,1
2020-04-25,Richmond,Male,137,32,11
2020-04-25,Richmond,Not Reported,4,1,2
2020-04-25,Roanoke,Female,15,2,0
2020-04-25,Roanoke,Male,18,3,0
2020-04-25,Southside,Female,76,9,5
2020-04-25,Southside,Male,39,14,4
2020-04-25,Thomas Jefferson,Female,135,27,3
2020-04-25,Thomas Jefferson,Male,113,23,8
2020-04-25,Thomas Jefferson,Not Reported,1,0,0
2020-04-25,Three Rivers,Female,46,6,1
2020-04-25,Three Rivers,Male,100,8,0
2020-04-25,Virginia Beach,Female,179,31,4
2020-04-25,Virginia Beach,Male,156,40,6
2020-04-25,West Piedmont,Female,18,1,0
2020-04-25,West Piedmont,Male,16,4,1
2020-04-25,Western Tidewater,Female,143,15,5
2020-04-25,Western Tidewater,Male,179,26,3
2020-04-25,Western Tidewater,Not Reported,1,0,0
2020-04-26,Alexandria,Female,309,38,9
2020-04-26,Alexandria,Male,278,42,10
2020-04-26,Alexandria,Not Reported,4,0,0
2020-04-26,Alleghany,Female,48,5,2
2020-04-26,Alleghany,Male,35,9,1
2020-04-26,Arlington,Female,395,64,12
2020-04-26,Arlington,Male,390,77,20
2020-04-26,Arlington,Not Reported,5,0,0
2020-04-26,Central Shenandoah,Female,355,19,4
2020-04-26,Central Shenandoah,Male,263,22,7
2020-04-26,Central Shenandoah,Not Reported,7,0,0
2020-04-26,Central Virginia,Female,48,3,0
2020-04-26,Central Virginia,Male,63,4,1
2020-04-26,Chesapeake,Female,118,23,3
2020-04-26,Chesapeake,Male,90,22,3
2020-04-26,Chesterfield,Female,286,15,8
2020-04-26,Chesterfield,Male,220,24,13
2020-04-26,Chesterfield,Not Reported,7,0,0
2020-04-26,Chickahominy,Female,136,21,4
2020-04-26,Chickahominy,Male,68,21,8
2020-04-26,Chickahominy,Not Reported,4,1,0
2020-04-26,Crater,Female,96,27,8
2020-04-26,Crater,Male,73,19,3
2020-04-26,Crater,Not Reported,4,3,0
2020-04-26,Cumberland Plateau,Female,12,1,0
2020-04-26,Cumberland Plateau,Male,8,0,0
2020-04-26,Eastern Shore,Female,101,10,2
2020-04-26,Eastern Shore,Male,110,8,1
2020-04-26,Fairfax,Female,1426,209,49
2020-04-26,Fairfax,Male,1494,304,49
2020-04-26,Fairfax,Not Reported,21,3,1
2020-04-26,Hampton,Female,58,11,0
2020-04-26,Hampton,Male,45,17,1
2020-04-26,Hampton,Not Reported,1,0,0
2020-04-26,Henrico,Female,470,52,47
2020-04-26,Henrico,Male,316,64,41
2020-04-26,Henrico,Not Reported,6,0,1
2020-04-26,Lenowisco,Female,17,5,1
2020-04-26,Lenowisco,Male,19,7,1
2020-04-26,Lord Fairfax,Female,186,15,1
2020-04-26,Lord Fairfax,Male,145,20,0
2020-04-26,Lord Fairfax,Not Reported,3,0,0
2020-04-26,Loudoun,Female,310,23,5
2020-04-26,Loudoun,Male,284,53,6
2020-04-26,Loudoun,Not Reported,2,0,0
2020-04-26,Mount Rogers,Female,30,5,0
2020-04-26,Mount Rogers,Male,35,10,4
2020-04-26,Mount Rogers,Not Reported,1,0,0
2020-04-26,New River,Female,35,3,0
2020-04-26,New River,Male,32,5,1
2020-04-26,New River,Not Reported,2,0,0
2020-04-26,Norfolk,Female,90,16,0
2020-04-26,Norfolk,Male,89,18,3
2020-04-26,Peninsula,Female,172,43,13
2020-04-26,Peninsula,Male,157,54,7
2020-04-26,Piedmont,Female,71,6,1
2020-04-26,Piedmont,Male,52,11,2
2020-04-26,Pittsylvania-Danville,Female,25,9,1
2020-04-26,Pittsylvania-Danville,Male,19,8,1
2020-04-26,Portsmouth,Female,63,15,2
2020-04-26,Portsmouth,Male,44,17,3
2020-04-26,Portsmouth,Not Reported,1,0,0
2020-04-26,Prince William,Female,726,79,9
2020-04-26,Prince William,Male,728,76,13
2020-04-26,Prince William,Not Reported,14,0,0
2020-04-26,Rappahannock,Female,203,36,2
2020-04-26,Rappahannock,Male,187,51,7
2020-04-26,Rappahannock,Not Reported,1,0,0
2020-04-26,Rappahannock Rapidan,Female,113,8,1
2020-04-26,Rappahannock Rapidan,Male,114,13,2
2020-04-26,Rappahannock Rapidan,Not Reported,5,0,0
2020-04-26,Richmond,Female,153,23,1
2020-04-26,Richmond,Male,145,34,11
2020-04-26,Richmond,Not Reported,3,1,2
2020-04-26,Roanoke,Female,15,2,0
2020-04-26,Roanoke,Male,18,3,0
2020-04-26,Southside,Female,83,9,5
2020-04-26,Southside,Male,42,14,4
2020-04-26,Thomas Jefferson,Female,137,27,3
2020-04-26,Thomas Jefferson,Male,116,23,8
2020-04-26,Thomas Jefferson,Not Reported,1,0,0
2020-04-26,Three Rivers,Female,52,6,1
2020-04-26,Three Rivers,Male,109,8,0
2020-04-26,Virginia Beach,Female,185,31,4
2020-04-26,Virginia Beach,Male,160,41,6
2020-04-26,West Piedmont,Female,18,1,0
2020-04-26,West Piedmont,Male,17,4,1
2020-04-26,Western Tidewater,Female,166,16,5
2020-04-26,Western Tidewater,Male,203,27,3
2020-04-26,Western Tidewater,Not Reported,2,0,0
2020-04-27,Alexandria,Female,322,37,8
2020-04-27,Alexandria,Male,301,42,10
2020-04-27,Alexandria,Not Reported,4,0,0
2020-04-27,Alleghany,Female,51,5,2
2020-04-27,Alleghany,Male,36,9,1
2020-04-27,Arlington,Female,411,67,12
2020-04-27,Arlington,Male,417,77,20
2020-04-27,Arlington,Not Reported,8,0,0
2020-04-27,Central Shenandoah,Female,366,20,4
2020-04-27,Central Shenandoah,Male,274,22,7
2020-04-27,Central Shenandoah,Not Reported,7,0,0
2020-04-27,Central Virginia,Female,49,3,0
2020-04-27,Central Virginia,Male,64,4,1
2020-04-27,Chesapeake,Female,122,23,3
2020-04-27,Chesapeake,Male,92,22,3
2020-04-27,Chesterfield,Female,286,15,8
2020-04-27,Chesterfield,Male,220,24,13
2020-04-27,Chesterfield,Not Reported,7,0,0
2020-04-27,Chickahominy,Female,140,21,4
2020-04-27,Chickahominy,Male,69,21,8
2020-04-27,Chickahominy,Not Reported,4,1,0
2020-04-27,Crater,Female,106,29,9
2020-04-27,Crater,Male,80,19,3
2020-04-27,Crater,Not Reported,4,3,0
2020-04-27,Cumberland Plateau,Female,13,1,0
2020-04-27,Cumberland Plateau,Male,9,0,0
2020-04-27,Eastern Shore,Female,104,10,2
2020-04-27,Eastern Shore,Male,117,10,1
2020-04-27,Eastern Shore,Not Reported,2,0,0
2020-04-27,Fairfax,Female,1478,217,53
2020-04-27,Fairfax,Male,1556,309,50
2020-04-27,Fairfax,Not Reported,21,3,1
2020-04-27,Hampton,Female,61,11,0
2020-04-27,Hampton,Male,46,17,1
2020-04-27,Hampton,Not Reported,1,0,0
2020-04-27,Henrico,Female,489,52,47
2020-04-27,Henrico,Male,322,64,41
2020-04-27,Henrico,Not Reported,6,0,1
2020-04-27,Lenowisco,Female,18,6,1
2020-04-27,Lenowisco,Male,19,7,1
2020-04-27,Lord Fairfax,Female,192,15,1
2020-04-27,Lord Fairfax,Male,150,20,1
2020-04-27,Lord Fairfax,Not Reported,2,0,0
2020-04-27,Loudoun,Female,331,25,6
2020-04-27,Loudoun,Male,295,53,6
2020-04-27,Loudoun,Not Reported,2,0,0
2020-04-27,Mount Rogers,Female,30,5,0
2020-04-27,Mount Rogers,Male,35,10,4
2020-04-27,Mount Rogers,Not Reported,1,0,0
2020-04-27,New River,Female,36,3,0
2020-04-27,New River,Male,34,5,1
2020-04-27,New River,Not Reported,1,0,0
2020-04-27,Norfolk,Female,93,18,0
2020-04-27,Norfolk,Male,91,18,3
2020-04-27,Peninsula,Female,173,44,13
2020-04-27,Peninsula,Male,158,54,8
2020-04-27,Piedmont,Female,74,6,1
2020-04-27,Piedmont,Male,59,11,2
2020-04-27,Pittsylvania-Danville,Female,25,9,1
2020-04-27,Pittsylvania-Danville,Male,19,9,1
2020-04-27,Portsmouth,Female,66,15,2
2020-04-27,Portsmouth,Male,47,17,3
2020-04-27,Portsmouth,Not Reported,1,0,0
2020-04-27,Prince William,Female,771,86,9
2020-04-27,Prince William,Male,784,85,14
2020-04-27,Prince William,Not Reported,13,0,0
2020-04-27,Rappahannock,Female,212,36,2
2020-04-27,Rappahannock,Male,195,51,7
2020-04-27,Rappahannock,Not Reported,3,0,0
2020-04-27,Rappahannock Rapidan,Female,121,8,1
2020-04-27,Rappahannock Rapidan,Male,123,14,3
2020-04-27,Rappahannock Rapidan,Not Reported,6,0,0
2020-04-27,Richmond,Female,153,23,1
2020-04-27,Richmond,Male,148,35,11
2020-04-27,Richmond,Not Reported,3,1,2
2020-04-27,Roanoke,Female,15,2,0
2020-04-27,Roanoke,Male,18,3,0
2020-04-27,Southside,Female,87,9,5
2020-04-27,Southside,Male,42,14,4
2020-04-27,Thomas Jefferson,Female,141,32,3
2020-04-27,Thomas Jefferson,Male,116,25,8
2020-04-27,Thomas Jefferson,Not Reported,1,0,0
2020-04-27,Three Rivers,Female,53,6,1
2020-04-27,Three Rivers,Male,151,8,0
2020-04-27,Virginia Beach,Female,193,31,4
2020-04-27,Virginia Beach,Male,162,41,6
2020-04-27,West Piedmont,Female,19,1,0
2020-04-27,West Piedmont,Male,17,4,1
2020-04-27,Western Tidewater,Female,166,16,5
2020-04-27,Western Tidewater,Male,203,27,3
2020-04-27,Western Tidewater,Not Reported,2,0,0
2020-04-28,Alexandria,Female,339,37,9
2020-04-28,Alexandria,Male,310,45,11
2020-04-28,Alexandria,Not Reported,4,0,0
2020-04-28,Alleghany,Female,51,6,2
2020-04-28,Alleghany,Male,37,9,1
2020-04-28,Arlington,Female,428,70,12
2020-04-28,Arlington,Male,429,87,20
2020-04-28,Arlington,Not Reported,8,0,0
2020-04-28,Central Shenandoah,Female,382,20,4
2020-04-28,Central Shenandoah,Male,309,22,7
2020-04-28,Central Shenandoah,Not Reported,7,0,0
2020-04-28,Central Virginia,Female,49,3,0
2020-04-28,Central Virginia,Male,64,4,1
2020-04-28,Chesapeake,Female,127,27,3
2020-04-28,Chesapeake,Male,93,23,3
2020-04-28,Chesterfield,Female,306,15,9
2020-04-28,Chesterfield,Male,233,25,14
2020-04-28,Chesterfield,Not Reported,7,0,0
2020-04-28,Chickahominy,Female,141,24,6
2020-04-28,Chickahominy,Male,72,21,8
2020-04-28,Chickahominy,Not Reported,4,1,0
2020-04-28,Crater,Female,106,29,9
2020-04-28,Crater,Male,80,19,3
2020-04-28,Crater,Not Reported,4,3,0
2020-04-28,Cumberland Plateau,Female,13,1,0
2020-04-28,Cumberland Plateau,Male,11,0,0
2020-04-28,Eastern Shore,Female,124,11,3
2020-04-28,Eastern Shore,Male,131,10,1
2020-04-28,Eastern Shore,Not Reported,3,0,0
2020-04-28,Fairfax,Female,1628,234,59
2020-04-28,Fairfax,Male,1678,325,58
2020-04-28,Fairfax,Not Reported,25,3,1
2020-04-28,Hampton,Female,61,11,0
2020-04-28,Hampton,Male,46,17,1
2020-04-28,Hampton,Not Reported,1,0,0
2020-04-28,Henrico,Female,500,55,50
2020-04-28,Henrico,Male,329,65,44
2020-04-28,Henrico,Not Reported,6,0,1
2020-04-28,Lenowisco,Female,19,6,1
2020-04-28,Lenowisco,Male,21,7,1
2020-04-28,Lord Fairfax,Female,199,16,1
2020-04-28,Lord Fairfax,Male,155,20,2
2020-04-28,Lord Fairfax,Not Reported,1,0,0
2020-04-28,Loudoun,Female,366,30,6
2020-04-28,Loudoun,Male,320,54,6
2020-04-28,Loudoun,Not Reported,2,0,0
2020-04-28,Mount Rogers,Female,31,5,0
2020-04-28,Mount Rogers,Male,36,10,4
2020-04-28,Mount Rogers,Not Reported,1,0,0
2020-04-28,New River,Female,36,3,0
2020-04-28,New River,Male,34,5,1
2020-04-28,New River,Not Reported,1,0,0
2020-04-28,Norfolk,Female,98,20,0
2020-04-28,Norfolk,Male,90,18,3
2020-04-28,Peninsula,Female,176,44,13
2020-04-28,Peninsula,Male,160,54,8
2020-04-28,Piedmont,Female,75,6,1
2020-04-28,Piedmont,Male,69,12,2
2020-04-28,Pittsylvania-Danville,Female,25,9,1
2020-04-28,Pittsylvania-Danville,Male,19,9,1
2020-04-28,Portsmouth,Female,68,15,2
2020-04-28,Portsmouth,Male,80,17,3
2020-04-28,Portsmouth,Not Reported,1,0,0
2020-04-28,Prince William,Female,827,93,10
2020-04-28,Prince William,Male,837,90,13
2020-04-28,Prince William,Not Reported,13,0,0
2020-04-28,Rappahannock,Female,220,36,2
2020-04-28,Rappahannock,Male,203,52,7
2020-04-28,Rappahannock,Not Reported,3,0,0
2020-04-28,Rappahannock Rapidan,Female,133,9,1
2020-04-28,Rappahannock Rapidan,Male,135,15,3
2020-04-28,Rappahannock Rapidan,Not Reported,7,0,0
2020-04-28,Richmond,Female,158,24,1
2020-04-28,Richmond,Male,151,35,11
2020-04-28,Richmond,Not Reported,3,1,2
2020-04-28,Roanoke,Female,16,2,0
2020-04-28,Roanoke,Male,19,3,0
2020-04-28,Southside,Female,86,9,5
2020-04-28,Southside,Male,44,14,4
2020-04-28,Thomas Jefferson,Female,144,32,4
2020-04-28,Thomas Jefferson,Male,116,27,8
2020-04-28,Thomas Jefferson,Not Reported,1,0,0
2020-04-28,Three Rivers,Female,56,7,1
2020-04-28,Three Rivers,Male,158,8,0
2020-04-28,Virginia Beach,Female,195,33,5
2020-04-28,Virginia Beach,Male,164,43,7
2020-04-28,West Piedmont,Female,21,1,0
2020-04-28,West Piedmont,Male,18,4,1
2020-04-28,West Piedmont,Not Reported,1,0,0
2020-04-28,Western Tidewater,Female,174,17,6
2020-04-28,Western Tidewater,Male,205,28,5
2020-04-28,Western Tidewater,Not Reported,2,0,0
2020-04-29,Alexandria,Female,366,40,9
2020-04-29,Alexandria,Male,331,52,12
2020-04-29,Alexandria,Not Reported,3,0,0
2020-04-29,Alleghany,Female,57,6,2
2020-04-29,Alleghany,Male,42,10,1
2020-04-29,Arlington,Female,450,74,12
2020-04-29,Arlington,Male,454,89,20
2020-04-29,Arlington,Not Reported,8,0,0
2020-04-29,Central Shenandoah,Female,388,21,5
2020-04-29,Central Shenandoah,Male,314,22,8
2020-04-29,Central Shenandoah,Not Reported,8,0,0
2020-04-29,Central Virginia,Female,52,3,0
2020-04-29,Central Virginia,Male,68,4,1
2020-04-29,Chesapeake,Female,132,31,3
2020-04-29,Chesapeake,Male,100,25,3
2020-04-29,Chesterfield,Female,311,15,9
2020-04-29,Chesterfield,Male,244,27,14
2020-04-29,Chesterfield,Not Reported,7,0,0
2020-04-29,Chickahominy,Female,141,26,7
2020-04-29,Chickahominy,Male,78,22,8
2020-04-29,Chickahominy,Not Reported,4,1,0
2020-04-29,Crater,Female,111,31,9
2020-04-29,Crater,Male,82,19,3
2020-04-29,Crater,Not Reported,4,3,0
2020-04-29,Cumberland Plateau,Female,13,1,0
2020-04-29,Cumberland Plateau,Male,12,0,0
2020-04-29,Eastern Shore,Female,127,11,3
2020-04-29,Eastern Shore,Male,134,10,1
2020-04-29,Eastern Shore,Not Reported,4,0,0
2020-04-29,Fairfax,Female,1703,247,66
2020-04-29,Fairfax,Male,1771,342,61
2020-04-29,Fairfax,Not Reported,27,3,1
2020-04-29,Hampton,Female,62,11,0
2020-04-29,Hampton,Male,46,17,1
2020-04-29,Hampton,Not Reported,1,0,0
2020-04-29,Henrico,Female,510,56,51
2020-04-29,Henrico,Male,330,66,46
2020-04-29,Henrico,Not Reported,6,0,1
2020-04-29,Lenowisco,Female,19,6,1
2020-04-29,Lenowisco,Male,21,8,1
2020-04-29,Lord Fairfax,Female,215,17,2
2020-04-29,Lord Fairfax,Male,166,20,2
2020-04-29,Lord Fairfax,Not Reported,1,0,0
2020-04-29,Loudoun,Female,389,32,7
2020-04-29,Loudoun,Male,336,55,7
2020-04-29,Loudoun,Not Reported,2,0,0
2020-04-29,Mount Rogers,Female,36,6,0
2020-04-29,Mount Rogers,Male,38,10,4
2020-04-29,Mount Rogers,Not Reported,1,0,0
2020-04-29,New River,Female,38,3,0
2020-04-29,New River,Male,34,5,1
2020-04-29,New River,Not Reported,1,0,0
2020-04-29,Norfolk,Female,101,21,0
2020-04-29,Norfolk,Male,91,18,3
2020-04-29,Peninsula,Female,178,44,13
2020-04-29,Peninsula,Male,160,54,8
2020-04-29,Piedmont,Female,79,6,1
2020-04-29,Piedmont,Male,71,13,2
2020-04-29,Pittsylvania-Danville,Female,27,10,1
2020-04-29,Pittsylvania-Danville,Male,19,9,1
2020-04-29,Portsmouth,Female,68,16,2
2020-04-29,Portsmouth,Male,81,17,3
2020-04-29,Portsmouth,Not Reported,1,0,0
2020-04-29,Prince William,Female,877,95,12
2020-04-29,Prince William,Male,893,100,14
2020-04-29,Prince William,Not Reported,13,0,0
2020-04-29,Rappahannock,Female,226,37,2
2020-04-29,Rappahannock,Male,210,54,7
2020-04-29,Rappahannock,Not Reported,3,0,0
2020-04-29,Rappahannock Rapidan,Female,138,10,1
2020-04-29,Rappahannock Rapidan,Male,137,15,4
2020-04-29,Rappahannock Rapidan,Not Reported,7,0,0
2020-04-29,Richmond,Female,161,25,1
2020-04-29,Richmond,Male,159,36,11
2020-04-29,Richmond,Not Reported,3,1,2
2020-04-29,Roanoke,Female,36,2,0
2020-04-29,Roanoke,Male,21,3,0
2020-04-29,Southside,Female,87,9,5
2020-04-29,Southside,Male,44,15,5
2020-04-29,Thomas Jefferson,Female,144,32,4
2020-04-29,Thomas Jefferson,Male,119,27,8
2020-04-29,Thomas Jefferson,Not Reported,1,0,0
2020-04-29,Three Rivers,Female,58,7,1
2020-04-29,Three Rivers,Male,160,9,1
2020-04-29,Virginia Beach,Female,199,33,5
2020-04-29,Virginia Beach,Male,166,43,7
2020-04-29,West Piedmont,Female,23,1,0
2020-04-29,West Piedmont,Male,18,4,1
2020-04-29,Western Tidewater,Female,176,17,9
2020-04-29,Western Tidewater,Male,206,29,6
2020-04-29,Western Tidewater,Not Reported,2,0,0
2020-04-30,Alexandria,Female,390,43,9
2020-04-30,Alexandria,Male,361,54,12
2020-04-30,Alexandria,Not Reported,3,0,0
2020-04-30,Alleghany,Female,69,6,2
2020-04-30,Alleghany,Male,45,10,1
2020-04-30,Arlington,Female,481,77,17
2020-04-30,Arlington,Male,478,90,24
2020-04-30,Arlington,Not Reported,8,0,0
2020-04-30,Central Shenandoah,Female,405,21,5
2020-04-30,Central Shenandoah,Male,335,23,8
2020-04-30,Central Shenandoah,Not Reported,9,0,0
2020-04-30,Central Virginia,Female,57,3,0
2020-04-30,Central Virginia,Male,70,4,1
2020-04-30,Chesapeake,Female,137,32,3
2020-04-30,Chesapeake,Male,105,25,3
2020-04-30,Chesterfield,Female,328,17,10
2020-04-30,Chesterfield,Male,261,28,15
2020-04-30,Chesterfield,Not Reported,9,0,0
2020-04-30,Chickahominy,Female,146,26,7
2020-04-30,Chickahominy,Male,80,22,8
2020-04-30,Chickahominy,Not Reported,4,1,0
2020-04-30,Crater,Female,113,31,9
2020-04-30,Crater,Male,84,20,3
2020-04-30,Crater,Not Reported,4,3,0
2020-04-30,Cumberland Plateau,Female,13,1,0
2020-04-30,Cumberland Plateau,Male,12,0,0
2020-04-30,Eastern Shore,Female,162,11,3
2020-04-30,Eastern Shore,Male,161,10,1
2020-04-30,Eastern Shore,Not Reported,5,0,0
2020-04-30,Fairfax,Female,1774,256,70
2020-04-30,Fairfax,Male,1855,352,67
2020-04-30,Fairfax,Not Reported,35,5,1
2020-04-30,Hampton,Female,64,11,0
2020-04-30,Hampton,Male,49,17,1
2020-04-30,Hampton,Not Reported,2,0,0
2020-04-30,Henrico,Female,525,58,53
2020-04-30,Henrico,Male,345,68,46
2020-04-30,Henrico,Not Reported,6,0,1
2020-04-30,Lenowisco,Female,19,6,1
2020-04-30,Lenowisco,Male,21,8,1
2020-04-30,Lord Fairfax,Female,231,21,2
2020-04-30,Lord Fairfax,Male,177,20,2
2020-04-30,Lord Fairfax,Not Reported,2,0,0
2020-04-30,Loudoun,Female,400,33,7
2020-04-30,Loudoun,Male,344,57,8
2020-04-30,Loudoun,Not Reported,2,0,0
2020-04-30,Mount Rogers,Female,36,6,0
2020-04-30,Mount Rogers,Male,41,10,4
2020-04-30,Mount Rogers,Not Reported,1,0,0
2020-04-30,New River,Female,39,3,0
2020-04-30,New River,Male,34,5,1
2020-04-30,New River,Not Reported,1,0,0
2020-04-30,Norfolk,Female,102,21,0
2020-04-30,Norfolk,Male,96,19,3
2020-04-30,Peninsula,Female,181,44,13
2020-04-30,Peninsula,Male,165,54,8
2020-04-30,Piedmont,Female,82,6,1
2020-04-30,Piedmont,Male,76,15,2
2020-04-30,Pittsylvania-Danville,Female,28,10,1
2020-04-30,Pittsylvania-Danville,Male,20,9,1
2020-04-30,Portsmouth,Female,72,16,2
2020-04-30,Portsmouth,Male,85,17,3
2020-04-30,Portsmouth,Not Reported,1,0,0
2020-04-30,Prince William,Female,953,100,12
2020-04-30,Prince William,Male,956,105,15
2020-04-30,Prince William,Not Reported,13,0,0
2020-04-30,Rappahannock,Female,243,37,2
2020-04-30,Rappahannock,Male,230,54,8
2020-04-30,Rappahannock,Not Reported,2,0,0
2020-04-30,Rappahannock Rapidan,Female,150,10,1
2020-04-30,Rappahannock Rapidan,Male,145,15,4
2020-04-30,Rappahannock Rapidan,Not Reported,7,0,0
2020-04-30,Richmond,Female,169,26,2
2020-04-30,Richmond,Male,166,36,11
2020-04-30,Richmond,Not Reported,4,1,2
2020-04-30,Roanoke,Female,47,2,0
2020-04-30,Roanoke,Male,26,3,0
2020-04-30,Southside,Female,88,9,5
2020-04-30,Southside,Male,44,15,5
2020-04-30,Thomas Jefferson,Female,165,32,5
2020-04-30,Thomas Jefferson,Male,127,27,8
2020-04-30,Thomas Jefferson,Not Reported,1,0,0
2020-04-30,Three Rivers,Female,63,7,1
2020-04-30,Three Rivers,Male,162,9,1
2020-04-30,Virginia Beach,Female,212,33,5
2020-04-30,Virginia Beach,Male,173,44,9
2020-04-30,West Piedmont,Female,23,2,0
2020-04-30,West Piedmont,Male,18,4,1
2020-04-30,Western Tidewater,Female,189,17,9
2020-04-30,Western Tidewater,Male,222,29,6
2020-04-30,Western Tidewater,Not Reported,2,0,0
2020-05-01,Alexandria,Female,415,47,12
2020-05-01,Alexandria,Male,384,57,12
2020-05-01,Alexandria,Not Reported,3,0,0
2020-05-01,Alleghany,Female,71,6,2
2020-05-01,Alleghany,Male,45,10,1
2020-05-01,Alleghany,Not Reported,0,0,0
2020-05-01,Arlington,Female,500,79,17
2020-05-01,Arlington,Male,496,90,25
2020-05-01,Arlington,Not Reported,8,0,0
2020-05-01,Central Shenandoah,Female,425,21,5
2020-05-01,Central Shenandoah,Male,360,23,8
2020-05-01,Central Shenandoah,Not Reported,8,0,0
2020-05-01,Central Virginia,Female,64,3,0
2020-05-01,Central Virginia,Male,72,4,1
2020-05-01,Central Virginia,Not Reported,0,0,0
2020-05-01,Chesapeake,Female,147,33,3
2020-05-01,Chesapeake,Male,109,27,4
2020-05-01,Chesapeake,Not Reported,0,0,0
2020-05-01,Chesterfield,Female,342,21,13
2020-05-01,Chesterfield,Male,274,31,16
2020-05-01,Chesterfield,Not Reported,9,0,0
2020-05-01,Chickahominy,Female,157,27,9
2020-05-01,Chickahominy,Male,84,23,9
2020-05-01,Chickahominy,Not Reported,5,1,0
2020-05-01,Crater,Female,115,32,9
2020-05-01,Crater,Male,86,20,3
2020-05-01,Crater,Not Reported,4,3,0
2020-05-01,Cumberland Plateau,Female,14,1,0
2020-05-01,Cumberland Plateau,Male,12,0,0
2020-05-01,Cumberland Plateau,Not Reported,0,0,0
2020-05-01,Eastern Shore,Female,191,12,4
2020-05-01,Eastern Shore,Male,189,10,1
2020-05-01,Eastern Shore,Not Reported,5,0,0
2020-05-01,Fairfax,Female,1929,275,72
2020-05-01,Fairfax,Male,1986,370,68
2020-05-01,Fairfax,Not Reported,37,5,1
2020-05-01,Hampton,Female,66,11,0
2020-05-01,Hampton,Male,51,17,1
2020-05-01,Hampton,Not Reported,2,0,0
2020-05-01,Henrico,Female,540,60,54
2020-05-01,Henrico,Male,355,69,47
2020-05-01,Henrico,Not Reported,3,0,1
2020-05-01,Lenowisco,Female,19,6,1
2020-05-01,Lenowisco,Male,22,8,1
2020-05-01,Lenowisco,Not Reported,0,0,0
2020-05-01,Lord Fairfax,Female,251,21,2
2020-05-01,Lord Fairfax,Male,193,21,2
2020-05-01,Lord Fairfax,Not Reported,2,0,0
2020-05-01,Loudoun,Female,437,35,7
2020-05-01,Loudoun,Male,393,58,8
2020-05-01,Loudoun,Not Reported,2,0,0
2020-05-01,Mount Rogers,Female,41,6,0
2020-05-01,Mount Rogers,Male,44,10,4
2020-05-01,Mount Rogers,Not Reported,1,0,0
2020-05-01,New River,Female,39,3,0
2020-05-01,New River,Male,35,7,1
2020-05-01,New River,Not Reported,1,0,0
2020-05-01,Norfolk,Female,105,22,0
2020-05-01,Norfolk,Male,99,20,3
2020-05-01,Norfolk,Not Reported,0,0,0
2020-05-01,Peninsula,Female,183,44,15
2020-05-01,Peninsula,Male,169,54,8
2020-05-01,Peninsula,Not Reported,0,0,0
2020-05-01,Piedmont,Female,86,6,1
2020-05-01,Piedmont,Male,113,15,2
2020-05-01,Piedmont,Not Reported,0,0,0
2020-05-01,Pittsylvania-Danville,Female,28,10,1
2020-05-01,Pittsylvania-Danville,Male,20,9,1
2020-05-01,Pittsylvania-Danville,Not Reported,0,0,0
2020-05-01,Portsmouth,Female,74,16,3
2020-05-01,Portsmouth,Male,95,17,4
2020-05-01,Portsmouth,Not Reported,1,0,0
2020-05-01,Prince William,Female,1034,104,15
2020-05-01,Prince William,Male,1022,108,16
2020-05-01,Prince William,Not Reported,15,0,0
2020-05-01,Rappahannock,Female,257,37,2
2020-05-01,Rappahannock,Male,247,54,9
2020-05-01,Rappahannock,Not Reported,2,0,0
2020-05-01,Rappahannock Rapidan,Female,168,11,1
2020-05-01,Rappahannock Rapidan,Male,169,15,4
2020-05-01,Rappahannock Rapidan,Not Reported,8,0,0
2020-05-01,Richmond,Female,182,27,2
2020-05-01,Richmond,Male,178,38,11
2020-05-01,Richmond,Not Reported,4,1,2
2020-05-01,Roanoke,Female,49,2,0
2020-05-01,Roanoke,Male,29,3,0
2020-05-01,Roanoke,Not Reported,2,0,0
2020-05-01,Southside,Female,91,9,5
2020-05-01,Southside,Male,44,15,5
2020-05-01,Southside,Not Reported,0,0,0
2020-05-01,Thomas Jefferson,Female,169,33,5
2020-05-01,Thomas Jefferson,Male,128,27,8
2020-05-01,Thomas Jefferson,Not Reported,1,0,0
2020-05-01,Three Rivers,Female,63,12,1
2020-05-01,Three Rivers,Male,164,10,1
2020-05-01,Three Rivers,Not Reported,0,0,0
2020-05-01,Virginia Beach,Female,217,35,5
2020-05-01,Virginia Beach,Male,179,46,9
2020-05-01,Virginia Beach,Not Reported,0,0,0
2020-05-01,West Piedmont,Female,23,2,0
2020-05-01,West Piedmont,Male,18,4,1
2020-05-01,West Piedmont,Not Reported,0,0,0
2020-05-01,Western Tidewater,Female,194,17,10
2020-05-01,Western Tidewater,Male,226,30,7
2020-05-01,Western Tidewater,Not Reported,2,0,0
2020-05-02,Alexandria,Female,435,49,12
2020-05-02,Alexandria,Male,411,59,14
2020-05-02,Alexandria,Not Reported,2,0,0
2020-05-02,Alleghany,Female,72,6,2
2020-05-02,Alleghany,Male,45,10,1
2020-05-02,Alleghany,Not Reported,0,0,0
2020-05-02,Arlington,Female,520,85,18
2020-05-02,Arlington,Male,515,106,28
2020-05-02,Arlington,Not Reported,9,0,0
2020-05-02,Central Shenandoah,Female,440,22,7
2020-05-02,Central Shenandoah,Male,373,24,10
2020-05-02,Central Shenandoah,Not Reported,8,0,0
2020-05-02,Central Virginia,Female,64,3,0
2020-05-02,Central Virginia,Male,78,5,1
2020-05-02,Central Virginia,Not Reported,0,0,0
2020-05-02,Chesapeake,Female,152,34,3
2020-05-02,Chesapeake,Male,111,27,4
2020-05-02,Chesapeake,Not Reported,0,0,0
2020-05-02,Chesterfield,Female,366,21,13
2020-05-02,Chesterfield,Male,290,32,16
2020-05-02,Chesterfield,Not Reported,8,0,0
2020-05-02,Chickahominy,Female,160,27,8
2020-05-02,Chickahominy,Male,82,23,9
2020-05-02,Chickahominy,Not Reported,5,1,0
2020-05-02,Crater,Female,119,34,9
2020-05-02,Crater,Male,91,20,3
2020-05-02,Crater,Not Reported,2,2,0
2020-05-02,Cumberland Plateau,Female,14,1,0
2020-05-02,Cumberland Plateau,Male,13,1,0
2020-05-02,Cumberland Plateau,Not Reported,0,0,0
2020-05-02,Eastern Shore,Female,226,12,4
2020-05-02,Eastern Shore,Male,216,10,1
2020-05-02,Eastern Shore,Not Reported,5,0,0
2020-05-02,Fairfax,Female,1990,299,81
2020-05-02,Fairfax,Male,2074,389,75
2020-05-02,Fairfax,Not Reported,37,5,1
2020-05-02,Hampton,Female,68,11,0
2020-05-02,Hampton,Male,53,17,1
2020-05-02,Hampton,Not Reported,1,0,0
2020-05-02,Henrico,Female,552,63,54
2020-05-02,Henrico,Male,371,72,49
2020-05-02,Henrico,Not Reported,3,0,1
2020-05-02,Lenowisco,Female,19,6,1
2020-05-02,Lenowisco,Male,22,8,1
2020-05-02,Lenowisco,Not Reported,0,0,0
2020-05-02,Lord Fairfax,Female,268,21,2
2020-05-02,Lord Fairfax,Male,204,21,3
2020-05-02,Lord Fairfax,Not Reported,1,0,0
2020-05-02,Loudoun,Female,454,36,8
2020-05-02,Loudoun,Male,426,59,8
2020-05-02,Loudoun,Not Reported,1,0,0
2020-05-02,Mount Rogers,Female,43,6,0
2020-05-02,Mount Rogers,Male,45,10,4
2020-05-02,Mount Rogers,Not Reported,1,0,0
2020-05-02,New River,Female,39,3,0
2020-05-02,New River,Male,35,7,1
2020-05-02,New River,Not Reported,1,0,0
2020-05-02,Norfolk,Female,108,22,0
2020-05-02,Norfolk,Male,103,20,3
2020-05-02,Norfolk,Not Reported,0,0,0
2020-05-02,Peninsula,Female,185,44,16
2020-05-02,Peninsula,Male,171,55,9
2020-05-02,Peninsula,Not Reported,1,0,0
2020-05-02,Piedmont,Female,86,8,1
2020-05-02,Piedmont,Male,160,15,2
2020-05-02,Piedmont,Not Reported,0,0,0
2020-05-02,Pittsylvania-Danville,Female,30,11,1
2020-05-02,Pittsylvania-Danville,Male,21,9,1
2020-05-02,Pittsylvania-Danville,Not Reported,0,0,0
2020-05-02,Portsmouth,Female,77,17,4
2020-05-02,Portsmouth,Male,95,17,4
2020-05-02,Portsmouth,Not Reported,1,0,0
2020-05-02,Prince William,Female,1102,106,16
2020-05-02,Prince William,Male,1095,113,16
2020-05-02,Prince William,Not Reported,37,0,0
2020-05-02,Rappahannock,Female,273,37,2
2020-05-02,Rappahannock,Male,260,58,9
2020-05-02,Rappahannock,Not Reported,2,0,0
2020-05-02,Rappahannock Rapidan,Female,179,12,1
2020-05-02,Rappahannock Rapidan,Male,178,16,4
2020-05-02,Rappahannock Rapidan,Not Reported,6,0,0
2020-05-02,Richmond,Female,194,27,3
2020-05-02,Richmond,Male,185,38,11
2020-05-02,Richmond,Not Reported,3,1,2
2020-05-02,Roanoke,Female,49,2,0
2020-05-02,Roanoke,Male,29,3,0
2020-05-02,Roanoke,Not Reported,2,0,0
2020-05-02,Southside,Female,93,10,5
2020-05-02,Southside,Male,45,15,5
2020-05-02,Southside,Not Reported,0,0,0
2020-05-02,Thomas Jefferson,Female,172,33,5
2020-05-02,Thomas Jefferson,Male,130,27,8
2020-05-02,Thomas Jefferson,Not Reported,1,0,0
2020-05-02,Three Rivers,Female,65,12,1
2020-05-02,Three Rivers,Male,169,10,1
2020-05-02,Three Rivers,Not Reported,1,0,0
2020-05-02,Virginia Beach,Female,227,35,5
2020-05-02,Virginia Beach,Male,184,46,10
2020-05-02,Virginia Beach,Not Reported,2,0,0
2020-05-02,West Piedmont,Female,25,2,0
2020-05-02,West Piedmont,Male,20,4,1
2020-05-02,West Piedmont,Not Reported,0,0,0
2020-05-02,Western Tidewater,Female,196,17,10
2020-05-02,Western Tidewater,Male,228,30,7
2020-05-02,Western Tidewater,Not Reported,1,0,0
2020-05-03,Alexandria,Female,465,49,12
2020-05-03,Alexandria,Male,432,60,14
2020-05-03,Alexandria,Not Reported,2,0,0
2020-05-03,Alleghany,Female,73,6,2
2020-05-03,Alleghany,Male,47,10,1
2020-05-03,Alleghany,Not Reported,0,0,0
2020-05-03,Arlington,Female,551,86,18
2020-05-03,Arlington,Male,546,108,28
2020-05-03,Arlington,Not Reported,9,0,0
2020-05-03,Central Shenandoah,Female,445,22,8
2020-05-03,Central Shenandoah,Male,384,24,10
2020-05-03,Central Shenandoah,Not Reported,8,0,0
2020-05-03,Central Virginia,Female,67,3,0
2020-05-03,Central Virginia,Male,79,5,1
2020-05-03,Central Virginia,Not Reported,0,0,0
2020-05-03,Chesapeake,Female,162,36,4
2020-05-03,Chesapeake,Male,117,27,5
2020-05-03,Chesapeake,Not Reported,0,0,0
2020-05-03,Chesterfield,Female,370,21,14
2020-05-03,Chesterfield,Male,295,32,16
2020-05-03,Chesterfield,Not Reported,8,0,0
2020-05-03,Chickahominy,Female,169,28,10
2020-05-03,Chickahominy,Male,84,24,9
2020-05-03,Chickahominy,Not Reported,5,1,0
2020-05-03,Crater,Female,119,35,10
2020-05-03,Crater,Male,92,20,3
2020-05-03,Crater,Not Reported,2,2,0
2020-05-03,Cumberland Plateau,Female,14,1,0
2020-05-03,Cumberland Plateau,Male,13,1,0
2020-05-03,Cumberland Plateau,Not Reported,0,0,0
2020-05-03,Eastern Shore,Female,280,14,5
2020-05-03,Eastern Shore,Male,250,11,2
2020-05-03,Eastern Shore,Not Reported,4,0,0
2020-05-03,Fairfax,Female,2131,326,94
2020-05-03,Fairfax,Male,2234,419,94
2020-05-03,Fairfax,Not Reported,42,5,1
2020-05-03,Hampton,Female,69,11,0
2020-05-03,Hampton,Male,53,17,1
2020-05-03,Hampton,Not Reported,1,0,0
2020-05-03,Henrico,Female,567,63,54
2020-05-03,Henrico,Male,383,73,50
2020-05-03,Henrico,Not Reported,4,0,1
2020-05-03,Lenowisco,Female,19,6,1
2020-05-03,Lenowisco,Male,22,8,1
2020-05-03,Lenowisco,Not Reported,0,0,0
2020-05-03,Lord Fairfax,Female,284,21,2
2020-05-03,Lord Fairfax,Male,210,21,3
2020-05-03,Lord Fairfax,Not Reported,1,0,0
2020-05-03,Loudoun,Female,486,36,8
2020-05-03,Loudoun,Male,443,59,8
2020-05-03,Loudoun,Not Reported,2,0,0
2020-05-03,Mount Rogers,Female,45,6,0
2020-05-03,Mount Rogers,Male,49,10,4
2020-05-03,Mount Rogers,Not Reported,1,0,0
2020-05-03,New River,Female,39,3,0
2020-05-03,New River,Male,35,7,1
2020-05-03,New River,Not Reported,1,0,0
2020-05-03,Norfolk,Female,111,24,0
2020-05-03,Norfolk,Male,110,21,4
2020-05-03,Norfolk,Not Reported,0,0,0
2020-05-03,Peninsula,Female,190,44,16
2020-05-03,Peninsula,Male,172,55,9
2020-05-03,Peninsula,Not Reported,1,0,0
2020-05-03,Piedmont,Female,86,8,1
2020-05-03,Piedmont,Male,160,15,2
2020-05-03,Piedmont,Not Reported,0,0,0
2020-05-03,Pittsylvania-Danville,Female,30,11,1
2020-05-03,Pittsylvania-Danville,Male,21,9,1
2020-05-03,Pittsylvania-Danville,Not Reported,0,0,0
2020-05-03,Portsmouth,Female,82,18,4
2020-05-03,Portsmouth,Male,100,17,4
2020-05-03,Portsmouth,Not Reported,1,0,0
2020-05-03,Prince William,Female,1164,116,17
2020-05-03,Prince William,Male,1172,125,15
2020-05-03,Prince William,Not Reported,38,0,0
2020-05-03,Rappahannock,Female,284,37,2
2020-05-03,Rappahannock,Male,276,59,9
2020-05-03,Rappahannock,Not Reported,2,0,0
2020-05-03,Rappahannock Rapidan,Female,185,12,1
2020-05-03,Rappahannock Rapidan,Male,189,18,4
2020-05-03,Rappahannock Rapidan,Not Reported,8,0,0
2020-05-03,Richmond,Female,204,29,3
2020-05-03,Richmond,Male,196,42,11
2020-05-03,Richmond,Not Reported,3,1,2
2020-05-03,Roanoke,Female,49,2,0
2020-05-03,Roanoke,Male,30,3,0
2020-05-03,Roanoke,Not Reported,2,0,0
2020-05-03,Southside,Female,95,10,5
2020-05-03,Southside,Male,45,15,5
2020-05-03,Southside,Not Reported,0,0,0
2020-05-03,Thomas Jefferson,Female,177,33,5
2020-05-03,Thomas Jefferson,Male,133,27,8
2020-05-03,Thomas Jefferson,Not Reported,1,0,0
2020-05-03,Three Rivers,Female,69,12,1
2020-05-03,Three Rivers,Male,173,10,1
2020-05-03,Three Rivers,Not Reported,1,0,0
2020-05-03,Virginia Beach,Female,228,35,5
2020-05-03,Virginia Beach,Male,184,46,10
2020-05-03,Virginia Beach,Not Reported,1,0,0
2020-05-03,West Piedmont,Female,25,2,0
2020-05-03,West Piedmont,Male,21,4,1
2020-05-03,West Piedmont,Not Reported,0,0,0
2020-05-03,Western Tidewater,Female,204,17,10
2020-05-03,Western Tidewater,Male,234,33,8
2020-05-03,Western Tidewater,Not Reported,1,0,0
2020-05-04,Alexandria,Female,483,49,12
2020-05-04,Alexandria,Male,455,61,14
2020-05-04,Alexandria,Not Reported,2,0,0
2020-05-04,Alleghany,Female,74,6,2
2020-05-04,Alleghany,Male,47,10,1
2020-05-04,Alleghany,Not Reported,0,0,0
2020-05-04,Arlington,Female,568,86,19
2020-05-04,Arlington,Male,562,108,28
2020-05-04,Arlington,Not Reported,9,0,0
2020-05-04,Central Shenandoah,Female,462,22,8
2020-05-04,Central Shenandoah,Male,392,24,10
2020-05-04,Central Shenandoah,Not Reported,7,0,0
2020-05-04,Central Virginia,Female,67,3,0
2020-05-04,Central Virginia,Male,80,5,1
2020-05-04,Central Virginia,Not Reported,0,0,0
2020-05-04,Chesapeake,Female,166,36,4
2020-05-04,Chesapeake,Male,118,27,5
2020-05-04,Chesapeake,Not Reported,0,0,0
2020-05-04,Chesterfield,Female,370,21,14
2020-05-04,Chesterfield,Male,295,32,16
2020-05-04,Chesterfield,Not Reported,8,0,0
2020-05-04,Chickahominy,Female,173,28,10
2020-05-04,Chickahominy,Male,86,24,9
2020-05-04,Chickahominy,Not Reported,5,1,0
2020-05-04,Crater,Female,144,35,10
2020-05-04,Crater,Male,110,22,4
2020-05-04,Crater,Not Reported,2,2,0
2020-05-04,Cumberland Plateau,Female,14,1,0
2020-05-04,Cumberland Plateau,Male,13,1,0
2020-05-04,Cumberland Plateau,Not Reported,0,0,0
2020-05-04,Eastern Shore,Female,296,14,5
2020-05-04,Eastern Shore,Male,264,12,2
2020-05-04,Eastern Shore,Not Reported,4,0,0
2020-05-04,Fairfax,Female,2266,340,103
2020-05-04,Fairfax,Male,2372,439,100
2020-05-04,Fairfax,Not Reported,46,5,1
2020-05-04,Hampton,Female,72,11,0
2020-05-04,Hampton,Male,55,17,1
2020-05-04,Hampton,Not Reported,1,0,0
2020-05-04,Henrico,Female,572,64,54
2020-05-04,Henrico,Male,389,73,50
2020-05-04,Henrico,Not Reported,3,0,1
2020-05-04,Lenowisco,Female,19,6,1
2020-05-04,Lenowisco,Male,22,8,1
2020-05-04,Lenowisco,Not Reported,0,0,0
2020-05-04,Lord Fairfax,Female,292,21,2
2020-05-04,Lord Fairfax,Male,217,21,3
2020-05-04,Lord Fairfax,Not Reported,2,0,0
2020-05-04,Loudoun,Female,506,36,9
2020-05-04,Loudoun,Male,453,60,9
2020-05-04,Loudoun,Not Reported,2,0,0
2020-05-04,Mount Rogers,Female,55,6,0
2020-05-04,Mount Rogers,Male,58,10,4
2020-05-04,Mount Rogers,Not Reported,1,0,0
2020-05-04,New River,Female,42,3,0
2020-05-04,New River,Male,35,7,1
2020-05-04,New River,Not Reported,1,0,0
2020-05-04,Norfolk,Female,111,24,0
2020-05-04,Norfolk,Male,128,21,4
2020-05-04,Norfolk,Not Reported,0,0,0
2020-05-04,Peninsula,Female,196,46,16
2020-05-04,Peninsula,Male,178,56,9
2020-05-04,Peninsula,Not Reported,1,0,0
2020-05-04,Piedmont,Female,87,8,1
2020-05-04,Piedmont,Male,161,15,2
2020-05-04,Piedmont,Not Reported,0,0,0
2020-05-04,Pittsylvania-Danville,Female,31,11,1
2020-05-04,Pittsylvania-Danville,Male,21,9,1
2020-05-04,Pittsylvania-Danville,Not Reported,0,0,0
2020-05-04,Portsmouth,Female,82,18,4
2020-05-04,Portsmouth,Male,100,17,4
2020-05-04,Portsmouth,Not Reported,1,0,0
2020-05-04,Prince William,Female,1223,129,18
2020-05-04,Prince William,Male,1246,137,17
2020-05-04,Prince William,Not Reported,38,0,0
2020-05-04,Rappahannock,Female,303,37,2
2020-05-04,Rappahannock,Male,290,59,9
2020-05-04,Rappahannock,Not Reported,2,0,0
2020-05-04,Rappahannock Rapidan,Female,189,12,1
2020-05-04,Rappahannock Rapidan,Male,200,20,6
2020-05-04,Rappahannock Rapidan,Not Reported,8,0,0
2020-05-04,Richmond,Female,211,29,3
2020-05-04,Richmond,Male,205,42,11
2020-05-04,Richmond,Not Reported,3,1,2
2020-05-04,Roanoke,Female,49,2,0
2020-05-04,Roanoke,Male,30,3,0
2020-05-04,Roanoke,Not Reported,2,0,0
2020-05-04,Southside,Female,95,10,5
2020-05-04,Southside,Male,45,15,5
2020-05-04,Southside,Not Reported,0,0,0
2020-05-04,Thomas Jefferson,Female,184,33,5
2020-05-04,Thomas Jefferson,Male,134,27,8
2020-05-04,Thomas Jefferson,Not Reported,1,0,0
2020-05-04,Three Rivers,Female,78,13,1
2020-05-04,Three Rivers,Male,177,10,1
2020-05-04,Three Rivers,Not Reported,1,0,0
2020-05-04,Virginia Beach,Female,243,37,5
2020-05-04,Virginia Beach,Male,194,46,10
2020-05-04,Virginia Beach,Not Reported,2,0,0
2020-05-04,West Piedmont,Female,25,2,0
2020-05-04,West Piedmont,Male,21,4,1
2020-05-04,West Piedmont,Not Reported,0,0,0
2020-05-04,Western Tidewater,Female,204,17,10
2020-05-04,Western Tidewater,Male,234,33,8
2020-05-04,Western Tidewater,Not Reported,1,0,0
2020-05-05,Alexandria,Female,507,54,12
2020-05-05,Alexandria,Male,474,66,14
2020-05-05,Alexandria,Not Reported,2,0,0
2020-05-05,Alleghany,Female,75,6,2
2020-05-05,Alleghany,Male,52,10,1
2020-05-05,Alleghany,Not Reported,0,0,0
2020-05-05,Arlington,Female,580,88,21
2020-05-05,Arlington,Male,580,108,28
2020-05-05,Arlington,Not Reported,9,0,0
2020-05-05,Central Shenandoah,Female,482,25,10
2020-05-05,Central Shenandoah,Male,415,25,11
2020-05-05,Central Shenandoah,Not Reported,7,0,0
2020-05-05,Central Virginia,Female,68,3,0
2020-05-05,Central Virginia,Male,82,5,1
2020-05-05,Central Virginia,Not Reported,0,0,0
2020-05-05,Chesapeake,Female,169,36,4
2020-05-05,Chesapeake,Male,124,29,5
2020-05-05,Chesapeake,Not Reported,0,0,0
2020-05-05,Chesterfield,Female,396,23,14
2020-05-05,Chesterfield,Male,314,35,17
2020-05-05,Chesterfield,Not Reported,9,0,0
2020-05-05,Chickahominy,Female,176,31,10
2020-05-05,Chickahominy,Male,87,26,10
2020-05-05,Chickahominy,Not Reported,5,1,0
2020-05-05,Crater,Female,146,35,10
2020-05-05,Crater,Male,111,22,4
2020-05-05,Crater,Not Reported,2,2,0
2020-05-05,Cumberland Plateau,Female,14,1,0
2020-05-05,Cumberland Plateau,Male,13,1,0
2020-05-05,Cumberland Plateau,Not Reported,0,0,0
2020-05-05,Eastern Shore,Female,298,14,5
2020-05-05,Eastern Shore,Male,267,12,3
2020-05-05,Eastern Shore,Not Reported,4,0,0
2020-05-05,Fairfax,Female,2380,345,106
2020-05-05,Fairfax,Male,2476,450,100
2020-05-05,Fairfax,Not Reported,47,5,1
2020-05-05,Hampton,Female,72,11,1
2020-05-05,Hampton,Male,55,17,2
2020-05-05,Hampton,Not Reported,1,0,0
2020-05-05,Henrico,Female,583,65,54
2020-05-05,Henrico,Male,399,74,51
2020-05-05,Henrico,Not Reported,3,0,1
2020-05-05,Lenowisco,Female,19,6,1
2020-05-05,Lenowisco,Male,22,8,1
2020-05-05,Lenowisco,Not Reported,0,0,0
2020-05-05,Lord Fairfax,Female,310,23,5
2020-05-05,Lord Fairfax,Male,234,21,4
2020-05-05,Lord Fairfax,Not Reported,2,0,0
2020-05-05,Loudoun,Female,520,39,11
2020-05-05,Loudoun,Male,476,61,13
2020-05-05,Loudoun,Not Reported,2,0,0
2020-05-05,Mount Rogers,Female,55,6,0
2020-05-05,Mount Rogers,Male,60,10,4
2020-05-05,Mount Rogers,Not Reported,1,0,0
2020-05-05,New River,Female,43,4,0
2020-05-05,New River,Male,36,8,1
2020-05-05,New River,Not Reported,1,0,0
2020-05-05,Norfolk,Female,118,24,0
2020-05-05,Norfolk,Male,133,22,4
2020-05-05,Norfolk,Not Reported,0,0,0
2020-05-05,Peninsula,Female,200,46,17
2020-05-05,Peninsula,Male,180,56,9
2020-05-05,Peninsula,Not Reported,1,0,0
2020-05-05,Piedmont,Female,89,8,1
2020-05-05,Piedmont,Male,199,16,2
2020-05-05,Piedmont,Not Reported,0,0,0
2020-05-05,Pittsylvania-Danville,Female,32,11,1
2020-05-05,Pittsylvania-Danville,Male,21,9,1
2020-05-05,Pittsylvania-Danville,Not Reported,0,0,0
2020-05-05,Portsmouth,Female,83,19,4
2020-05-05,Portsmouth,Male,103,17,4
2020-05-05,Portsmouth,Not Reported,1,0,0
2020-05-05,Prince William,Female,1271,130,18
2020-05-05,Prince William,Male,1299,139,18
2020-05-05,Prince William,Not Reported,38,0,0
2020-05-05,Rappahannock,Female,324,39,2
2020-05-05,Rappahannock,Male,303,60,9
2020-05-05,Rappahannock,Not Reported,2,0,0
2020-05-05,Rappahannock Rapidan,Female,197,13,1
2020-05-05,Rappahannock Rapidan,Male,207,21,6
2020-05-05,Rappahannock Rapidan,Not Reported,8,0,0
2020-05-05,Richmond,Female,222,30,3
2020-05-05,Richmond,Male,213,45,11
2020-05-05,Richmond,Not Reported,3,1,2
2020-05-05,Roanoke,Female,50,2,0
2020-05-05,Roanoke,Male,30,3,0
2020-05-05,Roanoke,Not Reported,2,0,0
2020-05-05,Southside,Female,94,10,5
2020-05-05,Southside,Male,45,15,5
2020-05-05,Southside,Not Reported,0,0,0
2020-05-05,Thomas Jefferson,Female,185,33,5
2020-05-05,Thomas Jefferson,Male,136,28,8
2020-05-05,Thomas Jefferson,Not Reported,1,0,0
2020-05-05,Three Rivers,Female,78,13,2
2020-05-05,Three Rivers,Male,175,11,1
2020-05-05,Three Rivers,Not Reported,1,0,0
2020-05-05,Virginia Beach,Female,248,37,5
2020-05-05,Virginia Beach,Male,195,46,10
2020-05-05,Virginia Beach,Not Reported,2,0,0
2020-05-05,West Piedmont,Female,25,2,0
2020-05-05,West Piedmont,Male,21,4,1
2020-05-05,West Piedmont,Not Reported,0,0,0
2020-05-05,Western Tidewater,Female,213,17,10
2020-05-05,Western Tidewater,Male,242,35,10
2020-05-05,Western Tidewater,Not Reported,1,0,0
2020-05-07,Alexandria,Female,552,57,15
2020-05-07,Alexandria,Male,506,70,14
2020-05-07,Alexandria,Not Reported,2,0,0
2020-05-07,Alleghany,Female,76,6,2
2020-05-07,Alleghany,Male,53,10,1
2020-05-07,Alleghany,Not Reported,0,0,0
2020-05-07,Arlington,Female,618,98,22
2020-05-07,Arlington,Male,621,124,30
2020-05-07,Arlington,Not Reported,9,0,0
2020-05-07,Central Shenandoah,Female,522,26,10
2020-05-07,Central Shenandoah,Male,445,30,12
2020-05-07,Central Shenandoah,Not Reported,7,0,0
2020-05-07,Central Virginia,Female,69,5,0
2020-05-07,Central Virginia,Male,85,6,2
2020-05-07,Central Virginia,Not Reported,0,0,0
2020-05-07,Chesapeake,Female,179,37,4
2020-05-07,Chesapeake,Male,132,31,5
2020-05-07,Chesapeake,Not Reported,0,0,0
2020-05-07,Chesterfield,Female,431,24,15
2020-05-07,Chesterfield,Male,348,37,17
2020-05-07,Chesterfield,Not Reported,9,0,0
2020-05-07,Chickahominy,Female,181,34,11
2020-05-07,Chickahominy,Male,92,27,11
2020-05-07,Chickahominy,Not Reported,5,1,0
2020-05-07,Crater,Female,153,38,10
2020-05-07,Crater,Male,113,23,4
2020-05-07,Crater,Not Reported,2,2,0
2020-05-07,Cumberland Plateau,Female,15,1,0
2020-05-07,Cumberland Plateau,Male,13,1,0
2020-05-07,Cumberland Plateau,Not Reported,0,0,0
2020-05-07,Eastern Shore,Female,323,15,6
2020-05-07,Eastern Shore,Male,285,14,4
2020-05-07,Eastern Shore,Not Reported,4,0,0
2020-05-07,Fairfax,Female,2500,361,110
2020-05-07,Fairfax,Male,2568,480,107
2020-05-07,Fairfax,Not Reported,48,5,1
2020-05-07,Hampton,Female,73,11,1
2020-05-07,Hampton,Male,57,17,2
2020-05-07,Hampton,Not Reported,1,0,0
2020-05-07,Henrico,Female,608,69,54
2020-05-07,Henrico,Male,414,77,54
2020-05-07,Henrico,Not Reported,3,0,1
2020-05-07,Lenowisco,Female,19,6,1
2020-05-07,Lenowisco,Male,22,8,1
2020-05-07,Lenowisco,Not Reported,0,0,0
2020-05-07,Lord Fairfax,Female,362,29,9
2020-05-07,Lord Fairfax,Male,268,25,6
2020-05-07,Lord Fairfax,Not Reported,4,0,0
2020-05-07,Loudoun,Female,540,41,13
2020-05-07,Loudoun,Male,501,64,13
2020-05-07,Loudoun,Not Reported,2,0,0
2020-05-07,Mount Rogers,Female,62,6,0
2020-05-07,Mount Rogers,Male,67,10,4
2020-05-07,Mount Rogers,Not Reported,1,0,0
2020-05-07,New River,Female,43,4,0
2020-05-07,New River,Male,36,8,1
2020-05-07,New River,Not Reported,1,0,0
2020-05-07,Norfolk,Female,130,25,1
2020-05-07,Norfolk,Male,140,23,4
2020-05-07,Norfolk,Not Reported,0,0,0
2020-05-07,Peninsula,Female,205,48,18
2020-05-07,Peninsula,Male,185,57,10
2020-05-07,Peninsula,Not Reported,1,0,0
2020-05-07,Piedmont,Female,92,9,1
2020-05-07,Piedmont,Male,254,17,2
2020-05-07,Piedmont,Not Reported,0,0,0
2020-05-07,Pittsylvania-Danville,Female,33,11,1
2020-05-07,Pittsylvania-Danville,Male,22,9,1
2020-05-07,Pittsylvania-Danville,Not Reported,0,0,0
2020-05-07,Portsmouth,Female,88,20,4
2020-05-07,Portsmouth,Male,104,17,4
2020-05-07,Portsmouth,Not Reported,1,0,0
2020-05-07,Prince William,Female,1387,146,22
2020-05-07,Prince William,Male,1416,151,20
2020-05-07,Prince William,Not Reported,33,0,0
2020-05-07,Rappahannock,Female,350,45,2
2020-05-07,Rappahannock,Male,337,62,9
2020-05-07,Rappahannock,Not Reported,3,0,0
2020-05-07,Rappahannock Rapidan,Female,207,15,3
2020-05-07,Rappahannock Rapidan,Male,218,21,6
2020-05-07,Rappahannock Rapidan,Not Reported,9,0,0
2020-05-07,Richmond,Female,239,33,3
2020-05-07,Richmond,Male,231,47,12
2020-05-07,Richmond,Not Reported,3,1,2
2020-05-07,Roanoke,Female,53,3,0
2020-05-07,Roanoke,Male,35,3,1
2020-05-07,Roanoke,Not Reported,0,0,0
2020-05-07,Southside,Female,95,11,5
2020-05-07,Southside,Male,49,15,5
2020-05-07,Southside,Not Reported,0,0,0
2020-05-07,Thomas Jefferson,Female,188,33,5
2020-05-07,Thomas Jefferson,Male,139,27,8
2020-05-07,Thomas Jefferson,Not Reported,1,0,0
2020-05-07,Three Rivers,Female,84,14,4
2020-05-07,Three Rivers,Male,221,11,1
2020-05-07,Three Rivers,Not Reported,1,0,0
2020-05-07,Virginia Beach,Female,250,37,5
2020-05-07,Virginia Beach,Male,202,46,12
2020-05-07,Virginia Beach,Not Reported,2,0,0
2020-05-07,West Piedmont,Female,28,2,0
2020-05-07,West Piedmont,Male,22,5,1
2020-05-07,West Piedmont,Not Reported,0,0,0
2020-05-07,Western Tidewater,Female,215,17,10
2020-05-07,Western Tidewater,Male,246,36,14
2020-05-07,Western Tidewater,Not Reported,1,0,0
2020-05-08,Alexandria,Female,570,58,15
2020-05-08,Alexandria,Male,536,71,14
2020-05-08,Alexandria,Not Reported,4,0,0
2020-05-08,Alleghany,Female,79,6,2
2020-05-08,Alleghany,Male,53,11,1
2020-05-08,Alleghany,Not Reported,0,0,0
2020-05-08,Arlington,Female,630,101,26
2020-05-08,Arlington,Male,642,126,31
2020-05-08,Arlington,Not Reported,9,0,0
2020-05-08,Central Shenandoah,Female,536,27,10
2020-05-08,Central Shenandoah,Male,463,30,13
2020-05-08,Central Shenandoah,Not Reported,8,0,0
2020-05-08,Central Virginia,Female,69,5,0
2020-05-08,Central Virginia,Male,85,7,2
2020-05-08,Central Virginia,Not Reported,0,0,0
2020-05-08,Chesapeake,Female,182,37,4
2020-05-08,Chesapeake,Male,134,31,5
2020-05-08,Chesapeake,Not Reported,0,0,0
2020-05-08,Chesterfield,Female,445,27,15
2020-05-08,Chesterfield,Male,369,37,17
2020-05-08,Chesterfield,Not Reported,10,0,0
2020-05-08,Chickahominy,Female,180,34,11
2020-05-08,Chickahominy,Male,96,27,11
2020-05-08,Chickahominy,Not Reported,5,1,0
2020-05-08,Crater,Female,153,38,10
2020-05-08,Crater,Male,113,23,4
2020-05-08,Crater,Not Reported,2,2,0
2020-05-08,Cumberland Plateau,Female,15,1,0
2020-05-08,Cumberland Plateau,Male,13,1,0
2020-05-08,Cumberland Plateau,Not Reported,0,0,0
2020-05-08,Eastern Shore,Female,323,15,7
2020-05-08,Eastern Shore,Male,285,16,5
2020-05-08,Eastern Shore,Not Reported,4,0,0
2020-05-08,Fairfax,Female,2642,381,115
2020-05-08,Fairfax,Male,2725,511,118
2020-05-08,Fairfax,Not Reported,47,4,1
2020-05-08,Hampton,Female,75,11,1
2020-05-08,Hampton,Male,59,17,2
2020-05-08,Hampton,Not Reported,1,0,0
2020-05-08,Henrico,Female,611,70,55
2020-05-08,Henrico,Male,418,78,54
2020-05-08,Henrico,Not Reported,3,0,1
2020-05-08,Lenowisco,Female,19,6,1
2020-05-08,Lenowisco,Male,22,8,2
2020-05-08,Lenowisco,Not Reported,0,0,0
2020-05-08,Lord Fairfax,Female,375,29,11
2020-05-08,Lord Fairfax,Male,284,26,6
2020-05-08,Lord Fairfax,Not Reported,5,0,0
2020-05-08,Loudoun,Female,552,44,15
2020-05-08,Loudoun,Male,516,65,14
2020-05-08,Loudoun,Not Reported,2,0,0
2020-05-08,Mount Rogers,Female,65,6,0
2020-05-08,Mount Rogers,Male,67,10,4
2020-05-08,Mount Rogers,Not Reported,1,0,0
2020-05-08,New River,Female,42,4,0
2020-05-08,New River,Male,37,8,1
2020-05-08,New River,Not Reported,1,0,0
2020-05-08,Norfolk,Female,131,26,1
2020-05-08,Norfolk,Male,143,24,4
2020-05-08,Norfolk,Not Reported,0,0,0
2020-05-08,Peninsula,Female,212,48,19
2020-05-08,Peninsula,Male,191,57,10
2020-05-08,Peninsula,Not Reported,4,0,0
2020-05-08,Piedmont,Female,93,10,1
2020-05-08,Piedmont,Male,257,18,3
2020-05-08,Piedmont,Not Reported,0,0,0
2020-05-08,Pittsylvania-Danville,Female,33,12,1
2020-05-08,Pittsylvania-Danville,Male,23,9,1
2020-05-08,Pittsylvania-Danville,Not Reported,0,0,0
2020-05-08,Portsmouth,Female,89,20,4
2020-05-08,Portsmouth,Male,104,17,4
2020-05-08,Portsmouth,Not Reported,1,0,0
2020-05-08,Prince William,Female,1442,151,27
2020-05-08,Prince William,Male,1464,156,23
2020-05-08,Prince William,Not Reported,37,0,0
2020-05-08,Rappahannock,Female,358,47,2
2020-05-08,Rappahannock,Male,347,64,9
2020-05-08,Rappahannock,Not Reported,2,0,0
2020-05-08,Rappahannock Rapidan,Female,219,15,3
2020-05-08,Rappahannock Rapidan,Male,233,23,6
2020-05-08,Rappahannock Rapidan,Not Reported,9,0,0
2020-05-08,Richmond,Female,249,36,4
2020-05-08,Richmond,Male,241,48,12
2020-05-08,Richmond,Not Reported,4,1,2
2020-05-08,Roanoke,Female,56,3,0
2020-05-08,Roanoke,Male,35,3,1
2020-05-08,Roanoke,Not Reported,0,0,0
2020-05-08,Southside,Female,98,12,5
2020-05-08,Southside,Male,50,15,5
2020-05-08,Southside,Not Reported,0,0,0
2020-05-08,Thomas Jefferson,Female,195,34,5
2020-05-08,Thomas Jefferson,Male,141,27,8
2020-05-08,Thomas Jefferson,Not Reported,1,0,0
2020-05-08,Three Rivers,Female,88,15,5
2020-05-08,Three Rivers,Male,223,13,1
2020-05-08,Three Rivers,Not Reported,0,0,0
2020-05-08,Virginia Beach,Female,261,38,5
2020-05-08,Virginia Beach,Male,206,46,12
2020-05-08,Virginia Beach,Not Reported,2,0,0
2020-05-08,West Piedmont,Female,28,2,0
2020-05-08,West Piedmont,Male,24,5,1
2020-05-08,West Piedmont,Not Reported,0,0,0
2020-05-08,Western Tidewater,Female,217,17,10
2020-05-08,Western Tidewater,Male,248,37,14
2020-05-08,Western Tidewater,Not Reported,1,0,0
2020-05-09,Alexandria,Female,589,65,16
2020-05-09,Alexandria,Male,550,74,14
2020-05-09,Alexandria,Not Reported,3,0,0
2020-05-09,Alleghany,Female,79,7,2
2020-05-09,Alleghany,Male,54,12,1
2020-05-09,Alleghany,Not Reported,0,0,0
2020-05-09,Arlington,Female,652,119,28
2020-05-09,Arlington,Male,671,141,32
2020-05-09,Arlington,Not Reported,9,0,0
2020-05-09,Central Shenandoah,Female,558,28,10
2020-05-09,Central Shenandoah,Male,474,32,13
2020-05-09,Central Shenandoah,Not Reported,8,0,0
2020-05-09,Central Virginia,Female,70,6,0
2020-05-09,Central Virginia,Male,86,7,2
2020-05-09,Central Virginia,Not Reported,0,0,0
2020-05-09,Chesapeake,Female,188,37,4
2020-05-09,Chesapeake,Male,137,31,5
2020-05-09,Chesapeake,Not Reported,0,0,0
2020-05-09,Chesterfield,Female,458,29,15
2020-05-09,Chesterfield,Male,380,37,17
2020-05-09,Chesterfield,Not Reported,10,0,0
2020-05-09,Chickahominy,Female,184,36,12
2020-05-09,Chickahominy,Male,103,29,11
2020-05-09,Chickahominy,Not Reported,4,0,0
2020-05-09,Crater,Female,153,38,10
2020-05-09,Crater,Male,113,23,4
2020-05-09,Crater,Not Reported,3,2,0
2020-05-09,Cumberland Plateau,Female,15,1,0
2020-05-09,Cumberland Plateau,Male,13,1,0
2020-05-09,Cumberland Plateau,Not Reported,0,0,0
2020-05-09,Eastern Shore,Female,348,15,7
2020-05-09,Eastern Shore,Male,303,17,5
2020-05-09,Eastern Shore,Not Reported,4,0,0
2020-05-09,Fairfax,Female,2782,388,117
2020-05-09,Fairfax,Male,2857,525,119
2020-05-09,Fairfax,Not Reported,47,4,1
2020-05-09,Hampton,Female,77,11,1
2020-05-09,Hampton,Male,60,18,2
2020-05-09,Hampton,Not Reported,1,0,0
2020-05-09,Henrico,Female,622,70,55
2020-05-09,Henrico,Male,429,80,53
2020-05-09,Henrico,Not Reported,3,0,1
2020-05-09,Lenowisco,Female,19,6,1
2020-05-09,Lenowisco,Male,22,8,2
2020-05-09,Lenowisco,Not Reported,0,0,0
2020-05-09,Lord Fairfax,Female,391,32,11
2020-05-09,Lord Fairfax,Male,298,30,10
2020-05-09,Lord Fairfax,Not Reported,5,0,0
2020-05-09,Loudoun,Female,574,44,15
2020-05-09,Loudoun,Male,551,65,15
2020-05-09,Loudoun,Not Reported,2,0,0
2020-05-09,Mount Rogers,Female,65,6,0
2020-05-09,Mount Rogers,Male,71,10,4
2020-05-09,Mount Rogers,Not Reported,1,0,0
2020-05-09,New River,Female,47,4,0
2020-05-09,New River,Male,39,8,1
2020-05-09,New River,Not Reported,1,0,0
2020-05-09,Norfolk,Female,139,26,1
2020-05-09,Norfolk,Male,150,24,4
2020-05-09,Norfolk,Not Reported,1,0,0
2020-05-09,Peninsula,Female,213,48,19
2020-05-09,Peninsula,Male,198,58,10
2020-05-09,Peninsula,Not Reported,3,0,0
2020-05-09,Piedmont,Female,95,10,1
2020-05-09,Piedmont,Male,279,19,3
2020-05-09,Piedmont,Not Reported,0,0,0
2020-05-09,Pittsylvania-Danville,Female,33,12,1
2020-05-09,Pittsylvania-Danville,Male,23,9,1
2020-05-09,Pittsylvania-Danville,Not Reported,0,0,0
2020-05-09,Portsmouth,Female,91,20,4
2020-05-09,Portsmouth,Male,108,18,4
2020-05-09,Portsmouth,Not Reported,3,0,0
2020-05-09,Prince William,Female,1483,153,28
2020-05-09,Prince William,Male,1505,158,23
2020-05-09,Prince William,Not Reported,34,0,0
2020-05-09,Rappahannock,Female,370,47,2
2020-05-09,Rappahannock,Male,355,67,10
2020-05-09,Rappahannock,Not Reported,2,0,0
2020-05-09,Rappahannock Rapidan,Female,231,15,4
2020-05-09,Rappahannock Rapidan,Male,251,23,6
2020-05-09,Rappahannock Rapidan,Not Reported,10,0,0
2020-05-09,Richmond,Female,254,39,4
2020-05-09,Richmond,Male,254,49,12
2020-05-09,Richmond,Not Reported,4,1,2
2020-05-09,Roanoke,Female,57,3,0
2020-05-09,Roanoke,Male,36,3,1
2020-05-09,Roanoke,Not Reported,0,0,0
2020-05-09,Southside,Female,103,13,5
2020-05-09,Southside,Male,51,15,5
2020-05-09,Southside,Not Reported,3,0,0
2020-05-09,Thomas Jefferson,Female,197,35,5
2020-05-09,Thomas Jefferson,Male,145,27,8
2020-05-09,Thomas Jefferson,Not Reported,1,0,0
2020-05-09,Three Rivers,Female,92,15,5
2020-05-09,Three Rivers,Male,228,13,1
2020-05-09,Three Rivers,Not Reported,0,0,0
2020-05-09,Virginia Beach,Female,267,38,5
2020-05-09,Virginia Beach,Male,209,47,12
2020-05-09,Virginia Beach,Not Reported,2,0,0
2020-05-09,West Piedmont,Female,29,2,0
2020-05-09,West Piedmont,Male,25,6,1
2020-05-09,West Piedmont,Not Reported,0,0,0
2020-05-09,Western Tidewater,Female,223,17,10
2020-05-09,Western Tidewater,Male,255,38,14
2020-05-09,Western Tidewater,Not Reported,1,0,0
2020-05-10,Alexandria,Female,618,65,16
2020-05-10,Alexandria,Male,572,74,14
2020-05-10,Alexandria,Not Reported,3,0,0
2020-05-10,Alleghany,Female,79,7,2
2020-05-10,Alleghany,Male,54,12,1
2020-05-10,Alleghany,Not Reported,0,0,0
2020-05-10,Arlington,Female,671,120,28
2020-05-10,Arlington,Male,689,140,33
2020-05-10,Arlington,Not Reported,8,0,0
2020-05-10,Central Shenandoah,Female,560,28,10
2020-05-10,Central Shenandoah,Male,478,32,14
2020-05-10,Central Shenandoah,Not Reported,8,0,0
2020-05-10,Central Virginia,Female,70,6,0
2020-05-10,Central Virginia,Male,86,7,2
2020-05-10,Central Virginia,Not Reported,0,0,0
2020-05-10,Chesapeake,Female,190,37,4
2020-05-10,Chesapeake,Male,138,31,5
2020-05-10,Chesapeake,Not Reported,0,0,0
2020-05-10,Chesterfield,Female,473,29,15
2020-05-10,Chesterfield,Male,388,37,17
2020-05-10,Chesterfield,Not Reported,10,0,0
2020-05-10,Chickahominy,Female,188,36,12
2020-05-10,Chickahominy,Male,106,29,11
2020-05-10,Chickahominy,Not Reported,4,0,0
2020-05-10,Crater,Female,160,40,10
2020-05-10,Crater,Male,122,24,4
2020-05-10,Crater,Not Reported,3,2,0
2020-05-10,Cumberland Plateau,Female,16,1,0
2020-05-10,Cumberland Plateau,Male,13,1,0
2020-05-10,Cumberland Plateau,Not Reported,0,0,0
2020-05-10,Eastern Shore,Female,353,15,7
2020-05-10,Eastern Shore,Male,314,17,5
2020-05-10,Eastern Shore,Not Reported,4,0,0
2020-05-10,Fairfax,Female,2920,398,121
2020-05-10,Fairfax,Male,3000,536,124
2020-05-10,Fairfax,Not Reported,48,4,1
2020-05-10,Hampton,Female,81,11,1
2020-05-10,Hampton,Male,61,18,2
2020-05-10,Hampton,Not Reported,2,0,0
2020-05-10,Henrico,Female,633,71,55
2020-05-10,Henrico,Male,431,81,53
2020-05-10,Henrico,Not Reported,3,0,1
2020-05-10,Lenowisco,Female,19,6,1
2020-05-10,Lenowisco,Male,22,8,2
2020-05-10,Lenowisco,Not Reported,0,0,0
2020-05-10,Lord Fairfax,Female,395,32,11
2020-05-10,Lord Fairfax,Male,304,30,10
2020-05-10,Lord Fairfax,Not Reported,5,0,0
2020-05-10,Loudoun,Female,588,47,15
2020-05-10,Loudoun,Male,568,68,15
2020-05-10,Loudoun,Not Reported,3,0,0
2020-05-10,Mount Rogers,Female,83,6,0
2020-05-10,Mount Rogers,Male,84,11,4
2020-05-10,Mount Rogers,Not Reported,1,0,0
2020-05-10,New River,Female,47,4,0
2020-05-10,New River,Male,40,8,1
2020-05-10,New River,Not Reported,1,0,0
2020-05-10,Norfolk,Female,144,26,1
2020-05-10,Norfolk,Male,159,24,4
2020-05-10,Norfolk,Not Reported,1,0,0
2020-05-10,Peninsula,Female,219,48,19
2020-05-10,Peninsula,Male,207,58,10
2020-05-10,Peninsula,Not Reported,8,0,0
2020-05-10,Piedmont,Female,95,10,1
2020-05-10,Piedmont,Male,278,19,3
2020-05-10,Piedmont,Not Reported,0,0,0
2020-05-10,Pittsylvania-Danville,Female,33,12,1
2020-05-10,Pittsylvania-Danville,Male,22,9,1
2020-05-10,Pittsylvania-Danville,Not Reported,0,0,0
2020-05-10,Portsmouth,Female,91,20,4
2020-05-10,Portsmouth,Male,108,18,4
2020-05-10,Portsmouth,Not Reported,3,0,0
2020-05-10,Prince William,Female,1587,156,29
2020-05-10,Prince William,Male,1616,162,23
2020-05-10,Prince William,Not Reported,38,0,0
2020-05-10,Rappahannock,Female,391,47,2
2020-05-10,Rappahannock,Male,369,69,10
2020-05-10,Rappahannock,Not Reported,2,0,0
2020-05-10,Rappahannock Rapidan,Female,237,15,4
2020-05-10,Rappahannock Rapidan,Male,264,26,6
2020-05-10,Rappahannock Rapidan,Not Reported,10,0,0
2020-05-10,Richmond,Female,261,39,4
2020-05-10,Richmond,Male,265,50,12
2020-05-10,Richmond,Not Reported,4,1,2
2020-05-10,Roanoke,Female,57,3,0
2020-05-10,Roanoke,Male,36,3,1
2020-05-10,Roanoke,Not Reported,0,0,0
2020-05-10,Southside,Female,106,13,5
2020-05-10,Southside,Male,53,16,5
2020-05-10,Southside,Not Reported,3,0,0
2020-05-10,Thomas Jefferson,Female,199,35,5
2020-05-10,Thomas Jefferson,Male,145,27,8
2020-05-10,Thomas Jefferson,Not Reported,1,0,0
2020-05-10,Three Rivers,Female,94,15,5
2020-05-10,Three Rivers,Male,230,13,1
2020-05-10,Three Rivers,Not Reported,0,0,0
2020-05-10,Virginia Beach,Female,274,38,5
2020-05-10,Virginia Beach,Male,215,47,12
2020-05-10,Virginia Beach,Not Reported,2,0,0
2020-05-10,West Piedmont,Female,30,2,0
2020-05-10,West Piedmont,Male,25,6,1
2020-05-10,West Piedmont,Not Reported,0,0,0
2020-05-10,Western Tidewater,Female,226,17,10
2020-05-10,Western Tidewater,Male,255,38,14
2020-05-10,Western Tidewater,Not Reported,1,0,0
2020-05-11,Alexandria,Female,632,65,16
2020-05-11,Alexandria,Male,589,74,14
2020-05-11,Alexandria,Not Reported,3,0,0
2020-05-11,Alleghany,Female,89,8,2
2020-05-11,Alleghany,Male,63,14,1
2020-05-11,Alleghany,Not Reported,0,0,0
2020-05-11,Arlington,Female,688,130,27
2020-05-11,Arlington,Male,703,156,33
2020-05-11,Arlington,Not Reported,8,0,0
2020-05-11,Central Shenandoah,Female,573,28,10
2020-05-11,Central Shenandoah,Male,489,33,14
2020-05-11,Central Shenandoah,Not Reported,8,0,0
2020-05-11,Central Virginia,Female,70,6,0
2020-05-11,Central Virginia,Male,88,7,2
2020-05-11,Central Virginia,Not Reported,0,0,0
2020-05-11,Chesapeake,Female,199,38,4
2020-05-11,Chesapeake,Male,141,32,5
2020-05-11,Chesapeake,Not Reported,0,0,0
2020-05-11,Chesterfield,Female,475,29,15
2020-05-11,Chesterfield,Male,388,37,17
2020-05-11,Chesterfield,Not Reported,10,0,0
2020-05-11,Chickahominy,Female,188,36,12
2020-05-11,Chickahominy,Male,107,29,11
2020-05-11,Chickahominy,Not Reported,4,0,0
2020-05-11,Crater,Female,166,40,10
2020-05-11,Crater,Male,126,27,4
2020-05-11,Crater,Not Reported,3,2,0
2020-05-11,Cumberland Plateau,Female,16,1,0
2020-05-11,Cumberland Plateau,Male,13,1,0
2020-05-11,Cumberland Plateau,Not Reported,0,0,0
2020-05-11,Eastern Shore,Female,365,15,7
2020-05-11,Eastern Shore,Male,325,17,5
2020-05-11,Eastern Shore,Not Reported,4,0,0
2020-05-11,Fairfax,Female,3082,408,122
2020-05-11,Fairfax,Male,3146,549,127
2020-05-11,Fairfax,Not Reported,48,4,1
2020-05-11,Hampton,Female,82,11,1
2020-05-11,Hampton,Male,62,18,2
2020-05-11,Hampton,Not Reported,2,0,0
2020-05-11,Henrico,Female,642,71,55
2020-05-11,Henrico,Male,438,81,54
2020-05-11,Henrico,Not Reported,3,0,1
2020-05-11,Lenowisco,Female,19,6,1
2020-05-11,Lenowisco,Male,22,8,2
2020-05-11,Lenowisco,Not Reported,0,0,0
2020-05-11,Lord Fairfax,Female,399,32,11
2020-05-11,Lord Fairfax,Male,309,30,10
2020-05-11,Lord Fairfax,Not Reported,5,0,0
2020-05-11,Loudoun,Female,614,47,15
2020-05-11,Loudoun,Male,578,69,15
2020-05-11,Loudoun,Not Reported,3,0,0
2020-05-11,Mount Rogers,Female,90,6,0
2020-05-11,Mount Rogers,Male,91,11,4
2020-05-11,Mount Rogers,Not Reported,1,0,0
2020-05-11,New River,Female,47,4,0
2020-05-11,New River,Male,41,8,1
2020-05-11,New River,Not Reported,1,0,0
2020-05-11,Norfolk,Female,146,26,1
2020-05-11,Norfolk,Male,161,24,4
2020-05-11,Norfolk,Not Reported,1,0,0
2020-05-11,Peninsula,Female,225,50,19
2020-05-11,Peninsula,Male,213,58,11
2020-05-11,Peninsula,Not Reported,5,0,0
2020-05-11,Piedmont,Female,95,10,1
2020-05-11,Piedmont,Male,278,19,3
2020-05-11,Piedmont,Not Reported,0,0,0
2020-05-11,Pittsylvania-Danville,Female,34,12,1
2020-05-11,Pittsylvania-Danville,Male,22,9,1
2020-05-11,Pittsylvania-Danville,Not Reported,0,0,0
2020-05-11,Portsmouth,Female,94,20,4
2020-05-11,Portsmouth,Male,111,18,4
2020-05-11,Portsmouth,Not Reported,3,0,0
2020-05-11,Prince William,Female,1730,165,30
2020-05-11,Prince William,Male,1786,174,28
2020-05-11,Prince William,Not Reported,38,0,0
2020-05-11,Rappahannock,Female,402,49,2
2020-05-11,Rappahannock,Male,378,69,10
2020-05-11,Rappahannock,Not Reported,2,0,0
2020-05-11,Rappahannock Rapidan,Female,248,16,4
2020-05-11,Rappahannock Rapidan,Male,276,27,6
2020-05-11,Rappahannock Rapidan,Not Reported,10,0,0
2020-05-11,Richmond,Female,268,41,4
2020-05-11,Richmond,Male,273,50,12
2020-05-11,Richmond,Not Reported,5,1,2
2020-05-11,Roanoke,Female,63,3,0
2020-05-11,Roanoke,Male,43,4,1
2020-05-11,Roanoke,Not Reported,0,0,0
2020-05-11,Southside,Female,112,13,5
2020-05-11,Southside,Male,60,16,5
2020-05-11,Southside,Not Reported,3,0,0
2020-05-11,Thomas Jefferson,Female,202,35,5
2020-05-11,Thomas Jefferson,Male,148,27,8
2020-05-11,Thomas Jefferson,Not Reported,1,0,0
2020-05-11,Three Rivers,Female,96,15,5
2020-05-11,Three Rivers,Male,230,13,1
2020-05-11,Three Rivers,Not Reported,1,0,0
2020-05-11,Virginia Beach,Female,285,38,5
2020-05-11,Virginia Beach,Male,218,47,12
2020-05-11,Virginia Beach,Not Reported,2,0,0
2020-05-11,West Piedmont,Female,33,2,0
2020-05-11,West Piedmont,Male,26,6,1
2020-05-11,West Piedmont,Not Reported,0,0,0
2020-05-11,Western Tidewater,Female,228,17,10
2020-05-11,Western Tidewater,Male,256,38,14
2020-05-11,Western Tidewater,Not Reported,1,0,0
2020-05-12,Alexandria,Female,642,66,16
2020-05-12,Alexandria,Male,595,79,14
2020-05-12,Alexandria,Not Reported,3,0,0
2020-05-12,Alleghany,Female,89,8,2
2020-05-12,Alleghany,Male,63,14,1
2020-05-12,Alleghany,Not Reported,0,0,0
2020-05-12,Arlington,Female,696,130,30
2020-05-12,Arlington,Male,712,158,36
2020-05-12,Arlington,Not Reported,8,0,0
2020-05-12,Central Shenandoah,Female,575,33,10
2020-05-12,Central Shenandoah,Male,492,34,14
2020-05-12,Central Shenandoah,Not Reported,8,0,0
2020-05-12,Central Virginia,Female,70,6,0
2020-05-12,Central Virginia,Male,90,8,2
2020-05-12,Central Virginia,Not Reported,0,0,0
2020-05-12,Chesapeake,Female,200,38,4
2020-05-12,Chesapeake,Male,143,32,5
2020-05-12,Chesapeake,Not Reported,0,0,0
2020-05-12,Chesterfield,Female,500,31,16
2020-05-12,Chesterfield,Male,414,38,18
2020-05-12,Chesterfield,Not Reported,11,0,0
2020-05-12,Chickahominy,Female,191,37,12
2020-05-12,Chickahominy,Male,108,30,12
2020-05-12,Chickahominy,Not Reported,4,0,0
2020-05-12,Crater,Female,173,42,10
2020-05-12,Crater,Male,137,28,4
2020-05-12,Crater,Not Reported,3,2,0
2020-05-12,Cumberland Plateau,Female,16,1,0
2020-05-12,Cumberland Plateau,Male,13,1,0
2020-05-12,Cumberland Plateau,Not Reported,0,0,0
2020-05-12,Eastern Shore,Female,371,15,7
2020-05-12,Eastern Shore,Male,326,17,5
2020-05-12,Eastern Shore,Not Reported,4,0,0
2020-05-12,Fairfax,Female,3220,421,125
2020-05-12,Fairfax,Male,3277,562,134
2020-05-12,Fairfax,Not Reported,50,4,1
2020-05-12,Hampton,Female,82,11,1
2020-05-12,Hampton,Male,63,18,2
2020-05-12,Hampton,Not Reported,2,0,0
2020-05-12,Henrico,Female,653,75,57
2020-05-12,Henrico,Male,449,82,54
2020-05-12,Henrico,Not Reported,4,0,1
2020-05-12,Lenowisco,Female,19,6,1
2020-05-12,Lenowisco,Male,22,8,2
2020-05-12,Lenowisco,Not Reported,0,0,0
2020-05-12,Lord Fairfax,Female,410,34,13
2020-05-12,Lord Fairfax,Male,320,30,10
2020-05-12,Lord Fairfax,Not Reported,6,0,0
2020-05-12,Loudoun,Female,619,48,19
2020-05-12,Loudoun,Male,588,71,16
2020-05-12,Loudoun,Not Reported,3,0,0
2020-05-12,Mount Rogers,Female,91,6,0
2020-05-12,Mount Rogers,Male,92,11,4
2020-05-12,Mount Rogers,Not Reported,1,0,0
2020-05-12,New River,Female,47,4,0
2020-05-12,New River,Male,41,8,1
2020-05-12,New River,Not Reported,1,0,0
2020-05-12,Norfolk,Female,153,26,1
2020-05-12,Norfolk,Male,165,26,4
2020-05-12,Norfolk,Not Reported,1,0,0
2020-05-12,Peninsula,Female,229,50,19
2020-05-12,Peninsula,Male,214,58,11
2020-05-12,Peninsula,Not Reported,5,0,0
2020-05-12,Piedmont,Female,95,11,1
2020-05-12,Piedmont,Male,338,24,4
2020-05-12,Piedmont,Not Reported,0,0,0
2020-05-12,Pittsylvania-Danville,Female,34,12,1
2020-05-12,Pittsylvania-Danville,Male,24,9,1
2020-05-12,Pittsylvania-Danville,Not Reported,0,0,0
2020-05-12,Portsmouth,Female,96,20,4
2020-05-12,Portsmouth,Male,113,18,5
2020-05-12,Portsmouth,Not Reported,1,0,0
2020-05-12,Prince William,Female,1772,169,32
2020-05-12,Prince William,Male,1846,188,32
2020-05-12,Prince William,Not Reported,29,0,0
2020-05-12,Rappahannock,Female,415,49,4
2020-05-12,Rappahannock,Male,388,70,10
2020-05-12,Rappahannock,Not Reported,2,0,0
2020-05-12,Rappahannock Rapidan,Female,254,16,4
2020-05-12,Rappahannock Rapidan,Male,286,30,7
2020-05-12,Rappahannock Rapidan,Not Reported,10,0,0
2020-05-12,Richmond,Female,274,41,4
2020-05-12,Richmond,Male,286,54,12
2020-05-12,Richmond,Not Reported,5,1,2
2020-05-12,Roanoke,Female,63,3,0
2020-05-12,Roanoke,Male,45,4,1
2020-05-12,Roanoke,Not Reported,0,0,0
2020-05-12,Southside,Female,115,13,5
2020-05-12,Southside,Male,64,16,5
2020-05-12,Southside,Not Reported,3,0,0
2020-05-12,Thomas Jefferson,Female,201,35,5
2020-05-12,Thomas Jefferson,Male,152,28,8
2020-05-12,Thomas Jefferson,Not Reported,1,0,0
2020-05-12,Three Rivers,Female,102,16,5
2020-05-12,Three Rivers,Male,241,12,0
2020-05-12,Three Rivers,Not Reported,1,0,0
2020-05-12,Virginia Beach,Female,287,38,6
2020-05-12,Virginia Beach,Male,220,47,12
2020-05-12,Virginia Beach,Not Reported,2,0,0
2020-05-12,West Piedmont,Female,35,3,0
2020-05-12,West Piedmont,Male,27,6,1
2020-05-12,West Piedmont,Not Reported,0,0,0
2020-05-12,Western Tidewater,Female,230,17,10
2020-05-12,Western Tidewater,Male,257,38,16
2020-05-12,Western Tidewater,Not Reported,2,0,0
2020-05-13,Alexandria,Female,673,67,16
2020-05-13,Alexandria,Male,630,81,15
2020-05-13,Alexandria,Not Reported,2,0,0
2020-05-13,Alleghany,Female,89,8,2
2020-05-13,Alleghany,Male,64,15,1
2020-05-13,Alleghany,Not Reported,0,0,0
2020-05-13,Arlington,Female,714,135,31
2020-05-13,Arlington,Male,737,165,38
2020-05-13,Arlington,Not Reported,9,0,0
2020-05-13,Central Shenandoah,Female,596,38,10
2020-05-13,Central Shenandoah,Male,510,36,14
2020-05-13,Central Shenandoah,Not Reported,8,0,0
2020-05-13,Central Virginia,Female,72,6,0
2020-05-13,Central Virginia,Male,95,9,2
2020-05-13,Central Virginia,Not Reported,0,0,0
2020-05-13,Chesapeake,Female,205,40,4
2020-05-13,Chesapeake,Male,149,35,5
2020-05-13,Chesapeake,Not Reported,0,0,0
2020-05-13,Chesterfield,Female,512,31,17
2020-05-13,Chesterfield,Male,432,39,19
2020-05-13,Chesterfield,Not Reported,11,0,0
2020-05-13,Chickahominy,Female,192,37,12
2020-05-13,Chickahominy,Male,119,32,12
2020-05-13,Chickahominy,Not Reported,3,0,0
2020-05-13,Crater,Female,176,42,10
2020-05-13,Crater,Male,138,28,4
2020-05-13,Crater,Not Reported,3,2,0
2020-05-13,Cumberland Plateau,Female,15,1,0
2020-05-13,Cumberland Plateau,Male,13,1,0
2020-05-13,Cumberland Plateau,Not Reported,0,0,0
2020-05-13,Eastern Shore,Female,382,15,7
2020-05-13,Eastern Shore,Male,333,19,5
2020-05-13,Eastern Shore,Not Reported,4,0,0
2020-05-13,Fairfax,Female,3316,432,130
2020-05-13,Fairfax,Male,3382,578,138
2020-05-13,Fairfax,Not Reported,50,4,1
2020-05-13,Hampton,Female,82,11,1
2020-05-13,Hampton,Male,64,18,2
2020-05-13,Hampton,Not Reported,2,0,0
2020-05-13,Henrico,Female,673,80,57
2020-05-13,Henrico,Male,471,86,54
2020-05-13,Henrico,Not Reported,2,0,1
2020-05-13,Lenowisco,Female,20,7,1
2020-05-13,Lenowisco,Male,22,8,3
2020-05-13,Lenowisco,Not Reported,0,0,0
2020-05-13,Lord Fairfax,Female,422,39,16
2020-05-13,Lord Fairfax,Male,341,33,12
2020-05-13,Lord Fairfax,Not Reported,7,0,0
2020-05-13,Loudoun,Female,655,56,21
2020-05-13,Loudoun,Male,625,73,17
2020-05-13,Loudoun,Not Reported,3,0,0
2020-05-13,Mount Rogers,Female,101,6,0
2020-05-13,Mount Rogers,Male,101,11,4
2020-05-13,Mount Rogers,Not Reported,1,0,0
2020-05-13,New River,Female,46,4,0
2020-05-13,New River,Male,40,8,1
2020-05-13,New River,Not Reported,1,0,0
2020-05-13,Norfolk,Female,154,26,1
2020-05-13,Norfolk,Male,172,26,4
2020-05-13,Norfolk,Not Reported,1,0,0
2020-05-13,Peninsula,Female,231,50,19
2020-05-13,Peninsula,Male,218,58,11
2020-05-13,Peninsula,Not Reported,5,0,0
2020-05-13,Piedmont,Female,99,11,1
2020-05-13,Piedmont,Male,383,25,4
2020-05-13,Piedmont,Not Reported,0,0,0
2020-05-13,Pittsylvania-Danville,Female,34,12,1
2020-05-13,Pittsylvania-Danville,Male,24,9,1
2020-05-13,Pittsylvania-Danville,Not Reported,0,0,0
2020-05-13,Portsmouth,Female,97,21,4
2020-05-13,Portsmouth,Male,115,18,5
2020-05-13,Portsmouth,Not Reported,1,0,0
2020-05-13,Prince William,Female,1850,182,40
2020-05-13,Prince William,Male,1915,194,32
2020-05-13,Prince William,Not Reported,27,0,0
2020-05-13,Rappahannock,Female,430,49,4
2020-05-13,Rappahannock,Male,406,73,10
2020-05-13,Rappahannock,Not Reported,2,0,0
2020-05-13,Rappahannock Rapidan,Female,274,17,4
2020-05-13,Rappahannock Rapidan,Male,308,31,7
2020-05-13,Rappahannock Rapidan,Not Reported,10,0,0
2020-05-13,Richmond,Female,284,44,4
2020-05-13,Richmond,Male,303,57,12
2020-05-13,Richmond,Not Reported,5,1,2
2020-05-13,Roanoke,Female,68,3,0
2020-05-13,Roanoke,Male,48,4,1
2020-05-13,Roanoke,Not Reported,0,0,0
2020-05-13,Southside,Female,116,13,7
2020-05-13,Southside,Male,64,16,6
2020-05-13,Southside,Not Reported,3,0,0
2020-05-13,Thomas Jefferson,Female,202,36,5
2020-05-13,Thomas Jefferson,Male,157,29,8
2020-05-13,Thomas Jefferson,Not Reported,1,0,0
2020-05-13,Three Rivers,Female,104,16,5
2020-05-13,Three Rivers,Male,245,12,0
2020-05-13,Three Rivers,Not Reported,1,0,0
2020-05-13,Virginia Beach,Female,293,38,6
2020-05-13,Virginia Beach,Male,224,47,12
2020-05-13,Virginia Beach,Not Reported,2,0,0
2020-05-13,West Piedmont,Female,37,3,0
2020-05-13,West Piedmont,Male,29,7,1
2020-05-13,West Piedmont,Not Reported,0,0,0
2020-05-13,Western Tidewater,Female,231,17,10
2020-05-13,Western Tidewater,Male,258,39,17
2020-05-13,Western Tidewater,Not Reported,2,0,0
2020-05-14,Alexandria,Female,693,69,17
2020-05-14,Alexandria,Male,654,83,15
2020-05-14,Alexandria,Not Reported,2,0,0
2020-05-14,Alleghany,Female,91,8,2
2020-05-14,Alleghany,Male,65,15,2
2020-05-14,Alleghany,Not Reported,1,0,0
2020-05-14,Arlington,Female,731,137,32
2020-05-14,Arlington,Male,760,168,38
2020-05-14,Arlington,Not Reported,8,0,0
2020-05-14,Central Shenandoah,Female,608,41,10
2020-05-14,Central Shenandoah,Male,520,37,14
2020-05-14,Central Shenandoah,Not Reported,8,0,0
2020-05-14,Central Virginia,Female,72,6,0
2020-05-14,Central Virginia,Male,97,9,3
2020-05-14,Central Virginia,Not Reported,0,0,0
2020-05-14,Chesapeake,Female,210,40,4
2020-05-14,Chesapeake,Male,152,36,5
2020-05-14,Chesapeake,Not Reported,0,0,0
2020-05-14,Chesterfield,Female,531,31,17
2020-05-14,Chesterfield,Male,463,39,19
2020-05-14,Chesterfield,Not Reported,11,0,0
2020-05-14,Chickahominy,Female,206,37,13
2020-05-14,Chickahominy,Male,124,34,13
2020-05-14,Chickahominy,Not Reported,3,0,0
2020-05-14,Crater,Female,186,44,10
2020-05-14,Crater,Male,155,30,4
2020-05-14,Crater,Not Reported,3,2,0
2020-05-14,Cumberland Plateau,Female,15,1,0
2020-05-14,Cumberland Plateau,Male,13,1,0
2020-05-14,Cumberland Plateau,Not Reported,0,0,0
2020-05-14,Eastern Shore,Female,412,17,8
2020-05-14,Eastern Shore,Male,361,21,6
2020-05-14,Eastern Shore,Not Reported,4,0,0
2020-05-14,Fairfax,Female,3463,444,134
2020-05-14,Fairfax,Male,3519,586,139
2020-05-14,Fairfax,Not Reported,53,4,1
2020-05-14,Hampton,Female,88,11,1
2020-05-14,Hampton,Male,66,18,2
2020-05-14,Hampton,Not Reported,2,0,0
2020-05-14,Henrico,Female,688,81,57
2020-05-14,Henrico,Male,484,87,54
2020-05-14,Henrico,Not Reported,2,0,1
2020-05-14,Lenowisco,Female,20,7,1
2020-05-14,Lenowisco,Male,22,8,3
2020-05-14,Lenowisco,Not Reported,0,0,0
2020-05-14,Lord Fairfax,Female,432,40,18
2020-05-14,Lord Fairfax,Male,354,34,13
2020-05-14,Lord Fairfax,Not Reported,7,0,0
2020-05-14,Loudoun,Female,687,58,25
2020-05-14,Loudoun,Male,649,73,19
2020-05-14,Loudoun,Not Reported,3,0,0
2020-05-14,Mount Rogers,Female,102,6,0
2020-05-14,Mount Rogers,Male,102,11,4
2020-05-14,Mount Rogers,Not Reported,1,0,0
2020-05-14,New River,Female,47,4,0
2020-05-14,New River,Male,40,8,1
2020-05-14,New River,Not Reported,1,0,0
2020-05-14,Norfolk,Female,161,28,1
2020-05-14,Norfolk,Male,176,28,4
2020-05-14,Norfolk,Not Reported,1,0,0
2020-05-14,Peninsula,Female,236,50,19
2020-05-14,Peninsula,Male,224,58,11
2020-05-14,Peninsula,Not Reported,3,0,0
2020-05-14,Piedmont,Female,100,11,1
2020-05-14,Piedmont,Male,386,25,4
2020-05-14,Piedmont,Not Reported,0,0,0
2020-05-14,Pittsylvania-Danville,Female,36,12,1
2020-05-14,Pittsylvania-Danville,Male,24,9,1
2020-05-14,Pittsylvania-Danville,Not Reported,0,0,0
2020-05-14,Portsmouth,Female,99,21,4
2020-05-14,Portsmouth,Male,117,18,5
2020-05-14,Portsmouth,Not Reported,1,0,0
2020-05-14,Prince William,Female,1949,186,41
2020-05-14,Prince William,Male,2054,199,33
2020-05-14,Prince William,Not Reported,33,0,0
2020-05-14,Rappahannock,Female,450,50,4
2020-05-14,Rappahannock,Male,420,73,10
2020-05-14,Rappahannock,Not Reported,3,0,0
2020-05-14,Rappahannock Rapidan,Female,279,19,4
2020-05-14,Rappahannock Rapidan,Male,323,33,7
2020-05-14,Rappahannock Rapidan,Not Reported,10,0,0
2020-05-14,Richmond,Female,290,44,4
2020-05-14,Richmond,Male,316,57,12
2020-05-14,Richmond,Not Reported,5,1,2
2020-05-14,Roanoke,Female,71,3,0
2020-05-14,Roanoke,Male,49,4,1
2020-05-14,Roanoke,Not Reported,0,0,0
2020-05-14,Southside,Female,123,14,7
2020-05-14,Southside,Male,67,16,6
2020-05-14,Southside,Not Reported,3,0,0
2020-05-14,Thomas Jefferson,Female,202,36,5
2020-05-14,Thomas Jefferson,Male,161,29,8
2020-05-14,Thomas Jefferson,Not Reported,1,0,0
2020-05-14,Three Rivers,Female,108,16,5
2020-05-14,Three Rivers,Male,250,13,1
2020-05-14,Three Rivers,Not Reported,1,0,0
2020-05-14,Virginia Beach,Female,298,38,7
2020-05-14,Virginia Beach,Male,228,48,12
2020-05-14,Virginia Beach,Not Reported,2,0,0
2020-05-14,West Piedmont,Female,38,3,0
2020-05-14,West Piedmont,Male,29,7,2
2020-05-14,West Piedmont,Not Reported,0,0,0
2020-05-14,Western Tidewater,Female,233,17,10
2020-05-14,Western Tidewater,Male,259,40,18
2020-05-14,Western Tidewater,Not Reported,3,0,0
2020-05-15,Alexandria,Female,716,71,17
2020-05-15,Alexandria,Male,677,88,15
2020-05-15,Alexandria,Not Reported,3,0,0
2020-05-15,Alleghany,Female,91,8,2
2020-05-15,Alleghany,Male,65,15,2
2020-05-15,Alleghany,Not Reported,1,0,0
2020-05-15,Arlington,Female,751,138,33
2020-05-15,Arlington,Male,775,168,38
2020-05-15,Arlington,Not Reported,8,0,0
2020-05-15,Central Shenandoah,Female,621,43,10
2020-05-15,Central Shenandoah,Male,532,39,14
2020-05-15,Central Shenandoah,Not Reported,10,0,0
2020-05-15,Central Virginia,Female,73,6,0
2020-05-15,Central Virginia,Male,98,10,3
2020-05-15,Central Virginia,Not Reported,0,0,0
2020-05-15,Chesapeake,Female,218,40,4
2020-05-15,Chesapeake,Male,161,36,6
2020-05-15,Chesapeake,Not Reported,0,0,0
2020-05-15,Chesterfield,Female,551,32,17
2020-05-15,Chesterfield,Male,480,40,19
2020-05-15,Chesterfield,Not Reported,12,0,0
2020-05-15,Chickahominy,Female,211,37,13
2020-05-15,Chickahominy,Male,128,34,13
2020-05-15,Chickahominy,Not Reported,3,0,0
2020-05-15,Crater,Female,191,44,10
2020-05-15,Crater,Male,171,30,4
2020-05-15,Crater,Not Reported,3,2,0
2020-05-15,Cumberland Plateau,Female,15,1,0
2020-05-15,Cumberland Plateau,Male,13,1,0
2020-05-15,Cumberland Plateau,Not Reported,0,0,0
2020-05-15,Eastern Shore,Female,439,17,8
2020-05-15,Eastern Shore,Male,398,24,8
2020-05-15,Eastern Shore,Not Reported,4,0,0
2020-05-15,Fairfax,Female,3567,454,138
2020-05-15,Fairfax,Male,3625,592,141
2020-05-15,Fairfax,Not Reported,53,4,1
2020-05-15,Hampton,Female,89,11,1
2020-05-15,Hampton,Male,67,18,2
2020-05-15,Hampton,Not Reported,2,0,0
2020-05-15,Henrico,Female,700,81,58
2020-05-15,Henrico,Male,496,88,54
2020-05-15,Henrico,Not Reported,2,0,1
2020-05-15,Lenowisco,Female,20,7,1
2020-05-15,Lenowisco,Male,22,8,3
2020-05-15,Lenowisco,Not Reported,0,0,0
2020-05-15,Lord Fairfax,Female,444,40,18
2020-05-15,Lord Fairfax,Male,364,35,14
2020-05-15,Lord Fairfax,Not Reported,7,0,0
2020-05-15,Loudoun,Female,699,60,27
2020-05-15,Loudoun,Male,672,74,21
2020-05-15,Loudoun,Not Reported,3,0,0
2020-05-15,Mount Rogers,Female,106,6,0
2020-05-15,Mount Rogers,Male,102,11,4
2020-05-15,Mount Rogers,Not Reported,1,0,0
2020-05-15,New River,Female,47,4,0
2020-05-15,New River,Male,40,8,1
2020-05-15,New River,Not Reported,1,0,0
2020-05-15,Norfolk,Female,169,28,1
2020-05-15,Norfolk,Male,179,28,4
2020-05-15,Norfolk,Not Reported,1,0,0
2020-05-15,Peninsula,Female,244,51,19
2020-05-15,Peninsula,Male,227,60,12
2020-05-15,Peninsula,Not Reported,3,0,0
2020-05-15,Piedmont,Female,100,11,1
2020-05-15,Piedmont,Male,407,26,4
2020-05-15,Piedmont,Not Reported,0,0,0
2020-05-15,Pittsylvania-Danville,Female,37,13,1
2020-05-15,Pittsylvania-Danville,Male,24,9,1
2020-05-15,Pittsylvania-Danville,Not Reported,0,0,0
2020-05-15,Portsmouth,Female,100,21,4
2020-05-15,Portsmouth,Male,118,18,6
2020-05-15,Portsmouth,Not Reported,1,0,0
2020-05-15,Prince William,Female,1990,192,41
2020-05-15,Prince William,Male,2104,206,34
2020-05-15,Prince William,Not Reported,36,0,0
2020-05-15,Rappahannock,Female,465,50,4
2020-05-15,Rappahannock,Male,435,73,10
2020-05-15,Rappahannock,Not Reported,2,0,0
2020-05-15,Rappahannock Rapidan,Female,286,19,4
2020-05-15,Rappahannock Rapidan,Male,337,34,7
2020-05-15,Rappahannock Rapidan,Not Reported,10,0,0
2020-05-15,Richmond,Female,315,44,4
2020-05-15,Richmond,Male,342,60,12
2020-05-15,Richmond,Not Reported,8,1,2
2020-05-15,Roanoke,Female,71,3,0
2020-05-15,Roanoke,Male,49,4,1
2020-05-15,Roanoke,Not Reported,0,0,0
2020-05-15,Southside,Female,128,17,9
2020-05-15,Southside,Male,68,16,7
2020-05-15,Southside,Not Reported,3,0,0
2020-05-15,Thomas Jefferson,Female,207,36,5
2020-05-15,Thomas Jefferson,Male,162,29,8
2020-05-15,Thomas Jefferson,Not Reported,1,0,0
2020-05-15,Three Rivers,Female,108,17,5
2020-05-15,Three Rivers,Male,250,13,1
2020-05-15,Three Rivers,Not Reported,1,0,0
2020-05-15,Virginia Beach,Female,298,38,7
2020-05-15,Virginia Beach,Male,235,48,12
2020-05-15,Virginia Beach,Not Reported,2,0,0
2020-05-15,West Piedmont,Female,39,3,0
2020-05-15,West Piedmont,Male,30,7,2
2020-05-15,West Piedmont,Not Reported,0,0,0
2020-05-15,Western Tidewater,Female,258,17,10
2020-05-15,Western Tidewater,Male,271,40,18
2020-05-15,Western Tidewater,Not Reported,3,0,0
2020-05-16,Alexandria,Female,748,71,18
2020-05-16,Alexandria,Male,708,87,16
2020-05-16,Alexandria,Not Reported,4,0,0
2020-05-16,Alleghany,Female,92,8,3
2020-05-16,Alleghany,Male,65,15,3
2020-05-16,Alleghany,Not Reported,1,0,0
2020-05-16,Arlington,Female,758,144,34
2020-05-16,Arlington,Male,794,173,40
2020-05-16,Arlington,Not Reported,8,0,0
2020-05-16,Central Shenandoah,Female,631,45,10
2020-05-16,Central Shenandoah,Male,540,41,14
2020-05-16,Central Shenandoah,Not Reported,10,0,0
2020-05-16,Central Virginia,Female,74,6,0
2020-05-16,Central Virginia,Male,99,10,3
2020-05-16,Central Virginia,Not Reported,0,0,0
2020-05-16,Chesapeake,Female,219,40,4
2020-05-16,Chesapeake,Male,161,36,6
2020-05-16,Chesapeake,Not Reported,0,0,0
2020-05-16,Chesterfield,Female,567,32,17
2020-05-16,Chesterfield,Male,495,40,19
2020-05-16,Chesterfield,Not Reported,16,0,0
2020-05-16,Chickahominy,Female,214,38,13
2020-05-16,Chickahominy,Male,133,35,13
2020-05-16,Chickahominy,Not Reported,3,0,0
2020-05-16,Crater,Female,194,45,10
2020-05-16,Crater,Male,181,30,4
2020-05-16,Crater,Not Reported,3,2,0
2020-05-16,Cumberland Plateau,Female,16,1,0
2020-05-16,Cumberland Plateau,Male,14,1,0
2020-05-16,Cumberland Plateau,Not Reported,0,0,0
2020-05-16,Eastern Shore,Female,452,18,9
2020-05-16,Eastern Shore,Male,408,25,8
2020-05-16,Eastern Shore,Not Reported,4,0,0
2020-05-16,Fairfax,Female,3678,461,138
2020-05-16,Fairfax,Male,3745,611,146
2020-05-16,Fairfax,Not Reported,52,4,1
2020-05-16,Hampton,Female,89,11,1
2020-05-16,Hampton,Male,67,19,2
2020-05-16,Hampton,Not Reported,2,0,0
2020-05-16,Henrico,Female,716,82,58
2020-05-16,Henrico,Male,509,88,55
2020-05-16,Henrico,Not Reported,1,0,0
2020-05-16,Lenowisco,Female,20,7,1
2020-05-16,Lenowisco,Male,22,8,3
2020-05-16,Lenowisco,Not Reported,0,0,0
2020-05-16,Lord Fairfax,Female,464,40,18
2020-05-16,Lord Fairfax,Male,387,35,15
2020-05-16,Lord Fairfax,Not Reported,8,0,0
2020-05-16,Loudoun,Female,721,60,27
2020-05-16,Loudoun,Male,706,77,21
2020-05-16,Loudoun,Not Reported,3,0,0
2020-05-16,Mount Rogers,Female,115,6,0
2020-05-16,Mount Rogers,Male,109,11,4
2020-05-16,Mount Rogers,Not Reported,1,0,0
2020-05-16,New River,Female,47,4,0
2020-05-16,New River,Male,40,8,1
2020-05-16,New River,Not Reported,1,0,0
2020-05-16,Norfolk,Female,169,28,1
2020-05-16,Norfolk,Male,180,28,4
2020-05-16,Norfolk,Not Reported,1,0,0
2020-05-16,Peninsula,Female,247,52,19
2020-05-16,Peninsula,Male,228,60,12
2020-05-16,Peninsula,Not Reported,3,0,0
2020-05-16,Piedmont,Female,104,12,1
2020-05-16,Piedmont,Male,455,26,4
2020-05-16,Piedmont,Not Reported,0,0,0
2020-05-16,Pittsylvania-Danville,Female,40,14,1
2020-05-16,Pittsylvania-Danville,Male,27,9,1
2020-05-16,Pittsylvania-Danville,Not Reported,0,0,0
2020-05-16,Portsmouth,Female,102,21,4
2020-05-16,Portsmouth,Male,119,18,6
2020-05-16,Portsmouth,Not Reported,1,0,0
2020-05-16,Prince William,Female,2097,194,42
2020-05-16,Prince William,Male,2188,211,35
2020-05-16,Prince William,Not Reported,35,0,0
2020-05-16,Rappahannock,Female,484,50,4
2020-05-16,Rappahannock,Male,453,73,10
2020-05-16,Rappahannock,Not Reported,3,0,0
2020-05-16,Rappahannock Rapidan,Female,297,19,4
2020-05-16,Rappahannock Rapidan,Male,358,34,7
2020-05-16,Rappahannock Rapidan,Not Reported,10,0,0
2020-05-16,Richmond,Female,350,45,4
2020-05-16,Richmond,Male,381,63,12
2020-05-16,Richmond,Not Reported,10,1,2
2020-05-16,Roanoke,Female,71,3,6
2020-05-16,Roanoke,Male,49,4,2
2020-05-16,Roanoke,Not Reported,0,0,0
2020-05-16,Southside,Female,136,17,9
2020-05-16,Southside,Male,72,17,8
2020-05-16,Southside,Not Reported,3,0,0
2020-05-16,Thomas Jefferson,Female,209,36,5
2020-05-16,Thomas Jefferson,Male,168,29,8
2020-05-16,Thomas Jefferson,Not Reported,1,0,0
2020-05-16,Three Rivers,Female,114,17,5
2020-05-16,Three Rivers,Male,252,13,1
2020-05-16,Three Rivers,Not Reported,1,0,0
2020-05-16,Virginia Beach,Female,299,38,7
2020-05-16,Virginia Beach,Male,238,48,12
2020-05-16,Virginia Beach,Not Reported,2,0,0
2020-05-16,West Piedmont,Female,41,5,1
2020-05-16,West Piedmont,Male,32,7,2
2020-05-16,West Piedmont,Not Reported,1,0,0
2020-05-16,Western Tidewater,Female,263,17,10
2020-05-16,Western Tidewater,Male,271,40,18
2020-05-16,Western Tidewater,Not Reported,3,0,0
2020-05-17,Alexandria,Female,756,71,18
2020-05-17,Alexandria,Male,716,88,16
2020-05-17,Alexandria,Not Reported,4,0,0
2020-05-17,Alleghany,Female,94,8,3
2020-05-17,Alleghany,Male,66,15,3
2020-05-17,Alleghany,Not Reported,1,0,0
2020-05-17,Arlington,Female,770,145,35
2020-05-17,Arlington,Male,812,173,40
2020-05-17,Arlington,Not Reported,8,0,0
2020-05-17,Central Shenandoah,Female,634,47,10
2020-05-17,Central Shenandoah,Male,544,41,14
2020-05-17,Central Shenandoah,Not Reported,10,0,0
2020-05-17,Central Virginia,Female,75,6,0
2020-05-17,Central Virginia,Male,99,10,3
2020-05-17,Central Virginia,Not Reported,0,0,0
2020-05-17,Chesapeake,Female,221,41,4
2020-05-17,Chesapeake,Male,163,36,6
2020-05-17,Chesapeake,Not Reported,0,0,0
2020-05-17,Chesterfield,Female,569,32,17
2020-05-17,Chesterfield,Male,503,40,19
2020-05-17,Chesterfield,Not Reported,16,0,0
2020-05-17,Chickahominy,Female,215,38,13
2020-05-17,Chickahominy,Male,137,36,13
2020-05-17,Chickahominy,Not Reported,3,0,0
2020-05-17,Crater,Female,196,45,10
2020-05-17,Crater,Male,183,30,4
2020-05-17,Crater,Not Reported,3,2,0
2020-05-17,Cumberland Plateau,Female,16,1,0
2020-05-17,Cumberland Plateau,Male,14,1,0
2020-05-17,Cumberland Plateau,Not Reported,0,0,0
2020-05-17,Eastern Shore,Female,460,18,9
2020-05-17,Eastern Shore,Male,421,26,9
2020-05-17,Eastern Shore,Not Reported,5,0,0
2020-05-17,Fairfax,Female,3824,476,139
2020-05-17,Fairfax,Male,3858,619,149
2020-05-17,Fairfax,Not Reported,52,4,1
2020-05-17,Hampton,Female,90,11,1
2020-05-17,Hampton,Male,69,19,2
2020-05-17,Hampton,Not Reported,2,0,0
2020-05-17,Henrico,Female,730,83,58
2020-05-17,Henrico,Male,521,88,55
2020-05-17,Henrico,Not Reported,1,0,0
2020-05-17,Lenowisco,Female,20,7,1
2020-05-17,Lenowisco,Male,22,8,3
2020-05-17,Lenowisco,Not Reported,0,0,0
2020-05-17,Lord Fairfax,Female,472,40,18
2020-05-17,Lord Fairfax,Male,392,35,15
2020-05-17,Lord Fairfax,Not Reported,9,0,0
2020-05-17,Loudoun,Female,730,62,27
2020-05-17,Loudoun,Male,713,77,21
2020-05-17,Loudoun,Not Reported,3,0,0
2020-05-17,Mount Rogers,Female,118,6,0
2020-05-17,Mount Rogers,Male,113,11,4
2020-05-17,Mount Rogers,Not Reported,1,0,0
2020-05-17,New River,Female,47,4,0
2020-05-17,New River,Male,40,8,1
2020-05-17,New River,Not Reported,1,0,0
2020-05-17,Norfolk,Female,171,28,1
2020-05-17,Norfolk,Male,179,28,4
2020-05-17,Norfolk,Not Reported,0,0,0
2020-05-17,Peninsula,Female,258,52,19
2020-05-17,Peninsula,Male,230,60,12
2020-05-17,Peninsula,Not Reported,3,0,0
2020-05-17,Piedmont,Female,104,12,1
2020-05-17,Piedmont,Male,455,26,4
2020-05-17,Piedmont,Not Reported,0,0,0
2020-05-17,Pittsylvania-Danville,Female,41,14,1
2020-05-17,Pittsylvania-Danville,Male,27,9,1
2020-05-17,Pittsylvania-Danville,Not Reported,0,0,0
2020-05-17,Portsmouth,Female,103,21,4
2020-05-17,Portsmouth,Male,120,18,6
2020-05-17,Portsmouth,Not Reported,2,0,0
2020-05-17,Prince William,Female,2155,198,43
2020-05-17,Prince William,Male,2262,218,35
2020-05-17,Prince William,Not Reported,30,1,0
2020-05-17,Rappahannock,Female,492,51,4
2020-05-17,Rappahannock,Male,466,73,10
2020-05-17,Rappahannock,Not Reported,4,0,0
2020-05-17,Rappahannock Rapidan,Female,307,21,4
2020-05-17,Rappahannock Rapidan,Male,362,35,7
2020-05-17,Rappahannock Rapidan,Not Reported,10,0,0
2020-05-17,Richmond,Female,358,45,4
2020-05-17,Richmond,Male,390,64,12
2020-05-17,Richmond,Not Reported,10,1,2
2020-05-17,Roanoke,Female,71,3,6
2020-05-17,Roanoke,Male,49,4,2
2020-05-17,Roanoke,Not Reported,0,0,0
2020-05-17,Southside,Female,139,17,9
2020-05-17,Southside,Male,72,17,8
2020-05-17,Southside,Not Reported,3,0,0
2020-05-17,Thomas Jefferson,Female,210,36,5
2020-05-17,Thomas Jefferson,Male,169,29,8
2020-05-17,Thomas Jefferson,Not Reported,1,0,0
2020-05-17,Three Rivers,Female,115,17,5
2020-05-17,Three Rivers,Male,309,13,1
2020-05-17,Three Rivers,Not Reported,1,0,0
2020-05-17,Virginia Beach,Female,305,38,7
2020-05-17,Virginia Beach,Male,241,48,12
2020-05-17,Virginia Beach,Not Reported,2,0,0
2020-05-17,West Piedmont,Female,42,5,1
2020-05-17,West Piedmont,Male,34,8,2
2020-05-17,West Piedmont,Not Reported,1,0,0
2020-12-04,Arlington,Not Reported,13,0,0
2020-12-04,Mount Rogers,Not Reported,55,2,1
2020-12-04,Thomas Jefferson,Not Reported,9,0,0
2020-12-04,Three Rivers,Not Reported,26,0,0
2020-12-04,Hampton,Male,1312,79,20
2020-12-04,Alleghany,Male,2426,74,32
2020-12-04,Roanoke,Female,2405,68,41
2020-12-04,Loudoun,Not Reported,86,0,0
2020-12-04,Fairfax,Female,16630,1149,301
2020-12-04,Western Tidewater,Male,2792,141,89
2020-12-04,Peninsula,Not Reported,58,0,0
2020-12-04,New River,Male,3147,87,22
2020-12-04,Central Shenandoah,Male,4636,204,61
2020-12-04,Southside,Male,1127,56,29
2020-12-04,Chesterfield,Male,4954,290,85
2020-12-04,Arlington,Female,3236,262,71
2020-12-04,Rappahannock,Male,3998,258,55
2020-12-04,Central Virginia,Male,3310,139,47
2020-12-04,Alleghany,Not Reported,118,0,1
2020-12-04,Henrico,Male,3995,295,118
2020-12-04,Thomas Jefferson,Male,2638,140,41
2020-12-04,Lord Fairfax,Male,3063,240,79
2020-12-04,Three Rivers,Male,1540,95,26
2020-12-04,Richmond,Not Reported,85,1,2
2020-12-04,Pittsylvania-Danville,Male,1551,101,28
2020-12-04,Portsmouth,Not Reported,3,0,0
2020-12-04,Norfolk,Not Reported,16,0,0
2020-12-04,Chesapeake,Male,3280,261,41
2020-12-04,Chickahominy,Female,1873,114,38
2020-12-04,Prince William,Male,10724,732,156
2020-12-04,Eastern Shore,Not Reported,9,0,0
2020-12-04,Eastern Shore,Male,835,79,26
2020-12-04,Rappahannock Rapidan,Male,2564,140,33
2020-12-04,Henrico,Not Reported,81,1,0
2020-12-04,Cumberland Plateau,Female,1496,77,10
2020-12-04,West Piedmont,Male,2152,184,54
2020-12-04,Hampton,Not Reported,20,0,0
2020-12-04,Alexandria,Not Reported,15,0,0
2020-12-04,Western Tidewater,Not Reported,7,0,2
2020-12-04,Cumberland Plateau,Not Reported,89,0,0
2020-12-04,Virginia Beach,Male,5307,274,60
2020-12-04,Alleghany,Female,2888,95,56
2020-12-04,Lenowisco,Female,1652,81,37
2020-12-04,Virginia Beach,Not Reported,73,0,0
2020-12-04,Western Tidewater,Female,2651,145,73
2020-12-04,Mount Rogers,Male,2942,229,79
2020-12-04,Lord Fairfax,Female,3598,215,71
2020-12-04,Piedmont,Not Reported,9,0,0
2020-12-04,Alexandria,Male,2617,210,41
2020-12-04,Pittsylvania-Danville,Not Reported,17,2,1
2020-12-04,West Piedmont,Not Reported,15,1,2
2020-12-04,Loudoun,Female,5186,255,89
2020-12-04,Hampton,Female,1550,55,15
2020-12-04,Henrico,Female,4634,315,142
2020-12-04,Prince William,Not Reported,200,2,0
2020-12-04,Chickahominy,Male,1698,128,36
2020-12-04,Rappahannock Rapidan,Not Reported,164,1,0
2020-12-04,Peninsula,Female,3519,143,51
2020-12-04,Lenowisco,Not Reported,66,2,0
2020-12-04,Crater,Not Reported,63,3,0
2020-12-04,Chickahominy,Not Reported,46,0,0
2020-12-04,Portsmouth,Male,1540,156,32
2020-12-04,New River,Female,3519,80,33
2020-12-04,Rappahannock,Female,4511,244,44
2020-12-04,Central Virginia,Female,3823,128,35
2020-12-04,Roanoke,Not Reported,20,0,0
2020-12-04,West Piedmont,Female,2788,198,55
2020-12-04,Mount Rogers,Female,3644,212,92
2020-12-04,Piedmont,Male,1958,117,48
2020-12-04,Chesterfield,Female,5554,286,78
2020-12-04,Fairfax,Male,15725,1489,333
2020-12-04,Crater,Male,3435,156,57
2020-12-04,Central Virginia,Not Reported,234,2,1
2020-12-04,Prince William,Female,11147,573,115
2020-12-04,Virginia Beach,Female,5938,282,56
2020-12-04,Norfolk,Female,3403,240,43
2020-12-04,Three Rivers,Female,1459,86,23
2020-12-04,Arlington,Male,3286,334,86
2020-12-04,Central Shenandoah,Female,5308,208,51
2020-12-04,Southside,Female,1220,51,33
2020-12-05,Southside,Not Reported,15,0,0
2020-12-05,Chesapeake,Female,3576,285,40
2020-12-05,Richmond,Female,3560,256,29
2020-12-05,Roanoke,Male,1838,64,37
2020-12-05,Fairfax,Not Reported,223,2,6
2020-12-05,Thomas Jefferson,Female,2918,145,41
2020-12-05,Chesapeake,Not Reported,16,0,0
2020-12-05,Cumberland Plateau,Male,1260,83,26
2020-12-05,Eastern Shore,Female,884,80,26
2020-12-05,Lord Fairfax,Not Reported,30,0,0
2020-12-05,Rappahannock,Not Reported,104,0,0
2020-12-05,Central Shenandoah,Not Reported,112,0,0
2020-12-05,Peninsula,Male,3276,157,46
2020-12-05,Norfolk,Male,3336,233,49
2020-12-05,Alexandria,Female,2929,164,40
2020-12-05,Lenowisco,Male,1515,99,45
2020-12-05,Pittsylvania-Danville,Female,2006,160,46
2020-12-05,New River,Not Reported,51,0,1
2020-12-05,Chesterfield,Not Reported,172,0,4
2020-12-05,Loudoun,Male,5239,315,61
2020-12-05,Rappahannock Rapidan,Female,2131,97,27
2020-12-05,Piedmont,Female,1281,92,21
2020-12-05,Richmond,Male,3313,254,51
2020-12-05,Crater,Female,2627,190,66
2020-12-05,Portsmouth,Female,1730,203,39
2020-12-05,Arlington,Not Reported,13,0,0
2020-12-05,Mount Rogers,Not Reported,61,2,1
2020-12-05,Thomas Jefferson,Not Reported,11,0,0
2020-12-05,Three Rivers,Not Reported,34,0,0
2020-12-05,Hampton,Male,1322,83,20
2020-12-05,Alleghany,Male,2515,75,32
2020-12-05,Roanoke,Female,2438,68,41
2020-12-05,Loudoun,Not Reported,89,0,0
2020-12-05,Fairfax,Female,16815,1151,301
2020-12-05,Western Tidewater,Male,2808,143,89
2020-12-05,Peninsula,Not Reported,58,0,0
2020-12-05,New River,Male,3187,90,23
2020-12-05,Central Shenandoah,Male,4766,208,61
2020-12-05,Southside,Male,1133,56,30
2020-12-05,Chesterfield,Male,5022,293,85
2020-12-05,Arlington,Female,3284,262,71
2020-12-05,Rappahannock,Male,4081,261,56
2020-12-05,Central Virginia,Male,3388,139,47
2020-12-05,Alleghany,Not Reported,125,0,1
2020-12-05,Henrico,Male,4050,295,118
2020-12-05,Thomas Jefferson,Male,2687,140,41
2020-12-05,Lord Fairfax,Male,3122,242,79
2020-12-05,Three Rivers,Male,1545,96,26
2020-12-05,Richmond,Not Reported,87,1,2
2020-12-05,Pittsylvania-Danville,Male,1574,103,28
2020-12-05,Portsmouth,Not Reported,3,0,0
2020-12-05,Norfolk,Not Reported,17,0,0
2020-12-05,Chesapeake,Male,3296,263,41
2020-12-05,Chickahominy,Female,1898,114,38
2020-12-05,Prince William,Male,10822,740,156
2020-12-05,Eastern Shore,Not Reported,9,0,0
2020-12-05,Eastern Shore,Male,837,79,26
2020-12-05,Rappahannock Rapidan,Male,2595,140,33
2020-12-05,Henrico,Not Reported,98,1,0
2020-12-05,Cumberland Plateau,Female,1553,81,16
2020-12-05,West Piedmont,Male,2164,186,54
2020-12-05,Hampton,Not Reported,20,0,0
2020-12-05,Alexandria,Not Reported,14,0,0
2020-12-05,Western Tidewater,Not Reported,7,0,2
2020-12-05,Cumberland Plateau,Not Reported,95,0,0
2020-12-05,Virginia Beach,Male,5425,279,62
2020-12-05,Alleghany,Female,2961,97,56
2020-12-05,Lenowisco,Female,1692,83,37
2020-12-05,Virginia Beach,Not Reported,74,0,0
2020-12-05,Western Tidewater,Female,2687,147,73
2020-12-05,Mount Rogers,Male,3068,232,79
2020-12-05,Lord Fairfax,Female,3670,216,71
2020-12-05,Piedmont,Not Reported,9,0,0
2020-12-05,Alexandria,Male,2659,214,42
2020-12-05,Pittsylvania-Danville,Not Reported,17,2,1
2020-12-05,West Piedmont,Not Reported,16,1,2
2020-12-05,Loudoun,Female,5229,255,89
2020-12-05,Hampton,Female,1561,59,15
2020-12-05,Henrico,Female,4690,315,142
2020-12-05,Prince William,Not Reported,201,2,0
2020-12-05,Chickahominy,Male,1725,128,36
2020-12-05,Rappahannock Rapidan,Not Reported,175,1,0
2020-12-05,Peninsula,Female,3539,146,51
2020-12-05,Lenowisco,Not Reported,68,2,0
2020-12-05,Crater,Not Reported,64,3,0
2020-12-05,Chickahominy,Not Reported,47,0,0
2020-12-05,Portsmouth,Male,1565,157,32
2020-12-05,New River,Female,3576,86,35
2020-12-05,Rappahannock,Female,4600,244,44
2020-12-05,Central Virginia,Female,3915,130,34
2020-12-05,Roanoke,Not Reported,19,0,0
2020-12-05,West Piedmont,Female,2809,200,55
2020-12-05,Mount Rogers,Female,3781,215,92
2020-12-05,Piedmont,Male,2071,119,48
2020-12-05,Chesterfield,Female,5642,289,78
2020-12-05,Fairfax,Male,15883,1491,334
2020-12-05,Crater,Male,3456,158,57
2020-12-05,Central Virginia,Not Reported,249,2,1
2020-12-05,Prince William,Female,11266,576,115
2020-12-05,Virginia Beach,Female,6053,286,57
2020-12-05,Norfolk,Female,3433,243,44
2020-12-05,Three Rivers,Female,1481,89,24
2020-12-05,Arlington,Male,3343,335,87
2020-12-05,Central Shenandoah,Female,5441,211,51
2020-12-05,Southside,Female,1228,51,34
2020-12-06,Southside,Not Reported,15,0,0
2020-12-06,Chesapeake,Female,3619,285,40
2020-12-06,Richmond,Female,3617,256,29
2020-12-06,Roanoke,Male,1842,64,37
2020-12-06,Fairfax,Not Reported,225,2,6
2020-12-06,Thomas Jefferson,Female,2978,147,41
2020-12-06,Chesapeake,Not Reported,17,0,0
2020-12-06,Cumberland Plateau,Male,1296,83,26
2020-12-06,Eastern Shore,Female,896,80,26
2020-12-06,Lord Fairfax,Not Reported,33,0,0
2020-12-06,Rappahannock,Not Reported,107,0,0
2020-12-06,Central Shenandoah,Not Reported,117,0,0
2020-12-06,Peninsula,Male,3335,157,46
2020-12-06,Norfolk,Male,3334,233,49
2020-12-06,Alexandria,Female,2964,167,40
2020-12-06,Lenowisco,Male,1541,100,45
2020-12-06,Pittsylvania-Danville,Female,2047,160,46
2020-12-06,New River,Not Reported,52,0,1
2020-12-06,Chesterfield,Not Reported,174,0,4
2020-12-06,Loudoun,Male,5280,315,61
2020-12-06,Rappahannock Rapidan,Female,2190,98,27
2020-12-06,Piedmont,Female,1312,93,21
2020-12-06,Richmond,Male,3346,254,51
2020-12-06,Crater,Female,2648,191,66
2020-12-06,Portsmouth,Female,1755,203,39
2020-12-06,Arlington,Not Reported,12,0,0
2020-12-06,Mount Rogers,Not Reported,63,2,1
2020-12-06,Thomas Jefferson,Not Reported,10,0,0
2020-12-06,Three Rivers,Not Reported,35,0,0
2020-12-06,Hampton,Male,1341,83,20
2020-12-06,Alleghany,Male,2537,75,32
2020-12-06,Roanoke,Female,2453,68,41
2020-12-06,Loudoun,Not Reported,88,0,0
2020-12-06,Fairfax,Female,17106,1152,301
2020-12-06,Western Tidewater,Male,2851,143,89
2020-12-06,Peninsula,Not Reported,58,0,0
2020-12-06,New River,Male,3214,91,24
2020-12-06,Central Shenandoah,Male,4883,209,61
2020-12-06,Southside,Male,1157,56,30
2020-12-06,Chesterfield,Male,5069,293,85
2020-12-06,Arlington,Female,3357,262,71
2020-12-06,Rappahannock,Male,4150,263,56
2020-12-06,Central Virginia,Male,3426,139,47
2020-12-06,Alleghany,Not Reported,125,0,1
2020-12-06,Henrico,Male,4122,296,118
2020-12-06,Thomas Jefferson,Male,2730,140,41
2020-12-06,Lord Fairfax,Male,3169,244,79
2020-12-06,Three Rivers,Male,1559,96,26
2020-12-06,Richmond,Not Reported,87,1,2
2020-12-06,Pittsylvania-Danville,Male,1598,103,29
2020-12-06,Portsmouth,Not Reported,3,0,0
2020-12-06,Norfolk,Not Reported,17,0,0
2020-12-06,Chesapeake,Male,3328,265,41
2020-12-06,Chickahominy,Female,1930,116,38
2020-12-06,Prince William,Male,10927,738,156
2020-12-06,Eastern Shore,Not Reported,9,0,0
2020-12-06,Eastern Shore,Male,842,79,26
2020-12-06,Rappahannock Rapidan,Male,2636,140,33
2020-12-06,Henrico,Not Reported,100,1,0
2020-12-06,Cumberland Plateau,Female,1590,85,16
2020-12-06,West Piedmont,Male,2203,187,54
2020-12-06,Hampton,Not Reported,20,0,0
2020-12-06,Alexandria,Not Reported,15,0,0
2020-12-06,Western Tidewater,Not Reported,7,0,2
2020-12-06,Cumberland Plateau,Not Reported,108,0,0
2020-12-06,Virginia Beach,Male,5534,279,62
2020-12-06,Alleghany,Female,2996,98,56
2020-12-06,Lenowisco,Female,1737,83,37
2020-12-06,Virginia Beach,Not Reported,74,0,0
2020-12-06,Western Tidewater,Female,2731,147,73
2020-12-06,Mount Rogers,Male,3156,234,79
2020-12-06,Lord Fairfax,Female,3742,217,72
2020-12-06,Piedmont,Not Reported,9,0,0
2020-12-06,Alexandria,Male,2690,215,42
2020-12-06,Pittsylvania-Danville,Not Reported,18,2,1
2020-12-06,West Piedmont,Not Reported,17,1,2
2020-12-06,Loudoun,Female,5267,255,89
2020-12-06,Hampton,Female,1576,59,15
2020-12-06,Henrico,Female,4766,315,142
2020-12-06,Prince William,Not Reported,201,2,0
2020-12-06,Chickahominy,Male,1747,128,36
2020-12-06,Rappahannock Rapidan,Not Reported,192,1,0
2020-12-06,Peninsula,Female,3624,147,51
2020-12-06,Lenowisco,Not Reported,70,2,0
2020-12-06,Crater,Not Reported,64,3,0
2020-12-06,Chickahominy,Not Reported,46,0,0
2020-12-06,Portsmouth,Male,1581,157,32
2020-12-06,New River,Female,3613,86,35
2020-12-06,Rappahannock,Female,4685,244,44
2020-12-06,Central Virginia,Female,3954,130,34
2020-12-06,Roanoke,Not Reported,19,0,0
2020-12-06,West Piedmont,Female,2835,200,55
2020-12-06,Mount Rogers,Female,3896,222,92
2020-12-06,Piedmont,Male,2181,119,48
2020-12-06,Chesterfield,Female,5685,289,78
2020-12-06,Fairfax,Male,16157,1492,334
2020-12-06,Crater,Male,3476,159,57
2020-12-06,Central Virginia,Not Reported,249,2,1
2020-12-06,Prince William,Female,11423,577,115
2020-12-06,Virginia Beach,Female,6170,286,57
2020-12-06,Norfolk,Female,3432,243,44
2020-12-06,Three Rivers,Female,1507,89,24
2020-12-06,Arlington,Male,3423,335,87
2020-12-06,Central Shenandoah,Female,5578,211,51
2020-12-06,Southside,Female,1257,51,34
2020-12-07,Southside,Not Reported,15,0,0
2020-12-07,Chesapeake,Female,3643,285,41
2020-12-07,Richmond,Female,3704,256,29
2020-12-07,Roanoke,Male,1852,64,37
2020-12-07,Fairfax,Not Reported,226,2,6
2020-12-07,Thomas Jefferson,Female,3022,149,41
2020-12-07,Chesapeake,Not Reported,17,0,0
2020-12-07,Cumberland Plateau,Male,1325,84,26
2020-12-07,Eastern Shore,Female,906,80,26
2020-12-07,Lord Fairfax,Not Reported,34,0,0
2020-12-07,Rappahannock,Not Reported,105,0,0
2020-12-07,Central Shenandoah,Not Reported,123,0,0
2020-12-07,Peninsula,Male,3373,157,46
2020-12-07,Norfolk,Male,3383,232,49
2020-12-07,Alexandria,Female,3024,168,40
2020-12-07,Lenowisco,Male,1560,102,46
2020-12-07,Pittsylvania-Danville,Female,2104,160,46
2020-12-07,New River,Not Reported,54,0,1
2020-12-07,Chesterfield,Not Reported,173,0,4
2020-12-07,Loudoun,Male,5378,315,61
2020-12-07,Rappahannock Rapidan,Female,2223,98,27
2020-12-07,Piedmont,Female,1329,93,21
2020-12-07,Richmond,Male,3384,254,51
2020-12-07,Crater,Female,2688,191,66
2020-12-07,Portsmouth,Female,1774,203,39
2020-12-07,Arlington,Not Reported,14,0,0
2020-12-07,Mount Rogers,Not Reported,63,2,1
2020-12-07,Thomas Jefferson,Not Reported,10,0,0
2020-12-07,Three Rivers,Not Reported,35,0,0
2020-12-07,Hampton,Male,1354,84,20
2020-12-07,Alleghany,Male,2546,75,32
2020-12-07,Roanoke,Female,2467,68,41
2020-12-07,Loudoun,Not Reported,90,0,0
2020-12-07,Fairfax,Female,17422,1163,301
2020-12-07,Western Tidewater,Male,2892,143,89
2020-12-07,Peninsula,Not Reported,59,0,0
2020-12-07,New River,Male,3258,91,24
2020-12-07,Central Shenandoah,Male,4981,210,61
2020-12-07,Southside,Male,1166,56,30
2020-12-07,Chesterfield,Male,5126,293,85
2020-12-07,Arlington,Female,3420,262,71
2020-12-07,Rappahannock,Male,4254,263,56
2020-12-07,Central Virginia,Male,3477,140,48
2020-12-07,Alleghany,Not Reported,125,0,1
2020-12-07,Henrico,Male,4194,296,118
2020-12-07,Thomas Jefferson,Male,2778,145,41
2020-12-07,Lord Fairfax,Male,3222,244,80
2020-12-07,Three Rivers,Male,1562,96,26
2020-12-07,Richmond,Not Reported,88,1,2
2020-12-07,Pittsylvania-Danville,Male,1635,103,29
2020-12-07,Portsmouth,Not Reported,3,0,0
2020-12-07,Norfolk,Not Reported,17,0,0
2020-12-07,Chesapeake,Male,3357,266,42
2020-12-07,Chickahominy,Female,1972,116,38
2020-12-07,Prince William,Male,10971,739,156
2020-12-07,Eastern Shore,Not Reported,9,0,0
2020-12-07,Eastern Shore,Male,851,79,26
2020-12-07,Rappahannock Rapidan,Male,2668,144,33
2020-12-07,Henrico,Not Reported,103,1,0
2020-12-07,Cumberland Plateau,Female,1624,86,16
2020-12-07,West Piedmont,Male,2244,188,54
2020-12-07,Hampton,Not Reported,20,0,0
2020-12-07,Alexandria,Not Reported,17,0,0
2020-12-07,Western Tidewater,Not Reported,7,0,2
2020-12-07,Cumberland Plateau,Not Reported,119,0,0
2020-12-07,Virginia Beach,Male,5619,279,62
2020-12-07,Alleghany,Female,3010,98,56
2020-12-07,Lenowisco,Female,1766,85,37
2020-12-07,Virginia Beach,Not Reported,74,0,0
2020-12-07,Western Tidewater,Female,2761,147,73
2020-12-07,Mount Rogers,Male,3209,238,79
2020-12-07,Lord Fairfax,Female,3796,218,72
2020-12-07,Piedmont,Not Reported,9,0,0
2020-12-07,Alexandria,Male,2749,215,42
2020-12-07,Pittsylvania-Danville,Not Reported,19,2,1
2020-12-07,West Piedmont,Not Reported,18,1,2
2020-12-07,Loudoun,Female,5364,255,89
2020-12-07,Hampton,Female,1601,60,15
2020-12-07,Henrico,Female,4840,315,142
2020-12-07,Prince William,Not Reported,203,2,0
2020-12-07,Chickahominy,Male,1782,128,36
2020-12-07,Rappahannock Rapidan,Not Reported,181,1,0
2020-12-07,Peninsula,Female,3674,147,51
2020-12-07,Lenowisco,Not Reported,70,1,0
2020-12-07,Crater,Not Reported,65,3,0
2020-12-07,Chickahominy,Not Reported,46,0,0
2020-12-07,Portsmouth,Male,1603,157,32
2020-12-07,New River,Female,3690,88,35
2020-12-07,Rappahannock,Female,4814,244,44
2020-12-07,Central Virginia,Female,4002,133,37
2020-12-07,Roanoke,Not Reported,19,0,0
2020-12-07,West Piedmont,Female,2868,200,55
2020-12-07,Mount Rogers,Female,3979,226,92
2020-12-07,Piedmont,Male,2250,119,48
2020-12-07,Chesterfield,Female,5738,289,78
2020-12-07,Fairfax,Male,16460,1501,334
2020-12-07,Crater,Male,3508,161,57
2020-12-07,Central Virginia,Not Reported,250,2,1
2020-12-07,Prince William,Female,11473,578,115
2020-12-07,Virginia Beach,Female,6272,286,57
2020-12-07,Norfolk,Female,3494,243,44
2020-12-07,Three Rivers,Female,1510,89,24
2020-12-07,Arlington,Male,3470,335,87
2020-12-07,Central Shenandoah,Female,5711,211,51
2020-12-07,Southside,Female,1264,52,34
2020-12-08,Southside,Not Reported,15,0,0
2020-12-08,Chesapeake,Female,3672,287,44
2020-12-08,Richmond,Female,3728,256,29
2020-12-08,Roanoke,Male,1871,64,37
2020-12-08,Fairfax,Not Reported,228,2,6
2020-12-08,Thomas Jefferson,Female,3045,152,41
2020-12-08,Chesapeake,Not Reported,17,0,0
2020-12-08,Cumberland Plateau,Male,1384,84,26
2020-12-08,Eastern Shore,Female,910,80,26
2020-12-08,Lord Fairfax,Not Reported,34,0,0
2020-12-08,Rappahannock,Not Reported,119,0,0
2020-12-08,Central Shenandoah,Not Reported,122,0,0
2020-12-08,Peninsula,Male,3388,162,46
2020-12-08,Norfolk,Male,3452,236,52
2020-12-08,Alexandria,Female,3070,168,39
2020-12-08,Lenowisco,Male,1586,102,46
2020-12-08,Pittsylvania-Danville,Female,2129,161,47
2020-12-08,New River,Not Reported,53,0,1
2020-12-08,Chesterfield,Not Reported,175,0,4
2020-12-08,Loudoun,Male,5458,315,62
2020-12-08,Rappahannock Rapidan,Female,2241,99,27
2020-12-08,Piedmont,Female,1341,94,20
2020-12-08,Richmond,Male,3405,254,51
2020-12-08,Crater,Female,2706,192,67
2020-12-08,Portsmouth,Female,1789,204,39
2020-12-08,Arlington,Not Reported,14,0,0
2020-12-08,Mount Rogers,Not Reported,60,2,1
2020-12-08,Thomas Jefferson,Not Reported,12,0,0
2020-12-08,Three Rivers,Not Reported,36,0,0
2020-12-08,Hampton,Male,1383,84,20
2020-12-08,Alleghany,Male,2628,78,36
2020-12-08,Roanoke,Female,2489,68,41
2020-12-08,Loudoun,Not Reported,92,0,0
2020-12-08,Fairfax,Female,17797,1167,302
2020-12-08,Western Tidewater,Male,2908,143,90
2020-12-08,Peninsula,Not Reported,59,0,0
2020-12-08,New River,Male,3317,91,26
2020-12-08,Central Shenandoah,Male,5014,214,63
2020-12-08,Southside,Male,1169,58,31
2020-12-08,Chesterfield,Male,5204,295,88
2020-12-08,Arlington,Female,3442,264,72
2020-12-08,Rappahannock,Male,4297,266,56
2020-12-08,Central Virginia,Male,3565,140,48
2020-12-08,Alleghany,Not Reported,125,0,1
2020-12-08,Henrico,Male,4263,297,118
2020-12-08,Thomas Jefferson,Male,2795,148,41
2020-12-08,Lord Fairfax,Male,3299,246,82
2020-12-08,Three Rivers,Male,1563,96,26
2020-12-08,Richmond,Not Reported,91,1,2
2020-12-08,Pittsylvania-Danville,Male,1651,103,31
2020-12-08,Portsmouth,Not Reported,3,0,0
2020-12-08,Norfolk,Not Reported,16,0,0
2020-12-08,Chesapeake,Male,3382,266,42
2020-12-08,Chickahominy,Female,1994,116,39
2020-12-08,Prince William,Male,11147,740,157
2020-12-08,Eastern Shore,Not Reported,9,0,0
2020-12-08,Eastern Shore,Male,857,80,26
2020-12-08,Rappahannock Rapidan,Male,2683,144,33
2020-12-08,Henrico,Not Reported,107,1,0
2020-12-08,Cumberland Plateau,Female,1700,88,16
2020-12-08,West Piedmont,Male,2269,190,55
2020-12-08,Hampton,Not Reported,20,0,0
2020-12-08,Alexandria,Not Reported,18,0,0
2020-12-08,Western Tidewater,Not Reported,7,0,2
2020-12-08,Cumberland Plateau,Not Reported,136,0,0
2020-12-08,Virginia Beach,Male,5710,282,62
2020-12-08,Alleghany,Female,3119,101,60
2020-12-08,Lenowisco,Female,1791,85,38
2020-12-08,Virginia Beach,Not Reported,75,0,0
2020-12-08,Western Tidewater,Female,2783,149,74
2020-12-08,Mount Rogers,Male,3311,243,79
2020-12-08,Lord Fairfax,Female,3899,219,73
2020-12-08,Piedmont,Not Reported,9,0,0
2020-12-08,Alexandria,Male,2786,216,42
2020-12-08,Pittsylvania-Danville,Not Reported,20,2,1
2020-12-08,West Piedmont,Not Reported,18,1,2
2020-12-08,Loudoun,Female,5455,256,89
2020-12-08,Hampton,Female,1632,60,15
2020-12-08,Henrico,Female,4911,319,142
2020-12-08,Prince William,Not Reported,202,2,0
2020-12-08,Chickahominy,Male,1808,128,37
2020-12-08,Rappahannock Rapidan,Not Reported,177,1,0
2020-12-08,Peninsula,Female,3690,148,51
2020-12-08,Lenowisco,Not Reported,71,1,0
2020-12-08,Crater,Not Reported,66,3,0
2020-12-08,Chickahominy,Not Reported,46,0,0
2020-12-08,Portsmouth,Male,1618,157,32
2020-12-08,New River,Female,3769,91,36
2020-12-08,Rappahannock,Female,4869,246,45
2020-12-08,Central Virginia,Female,4094,133,38
2020-12-08,Roanoke,Not Reported,19,0,0
2020-12-08,West Piedmont,Female,2898,204,56
2020-12-08,Mount Rogers,Female,4039,230,93
2020-12-08,Piedmont,Male,2325,119,48
2020-12-08,Chesterfield,Female,5831,290,79
2020-12-08,Fairfax,Male,16811,1510,335
2020-12-08,Crater,Male,3526,161,57
2020-12-08,Central Virginia,Not Reported,253,2,1
2020-12-08,Prince William,Female,11603,581,115
2020-12-08,Virginia Beach,Female,6357,288,59
2020-12-08,Norfolk,Female,3570,247,46
2020-12-08,Three Rivers,Female,1519,90,25
2020-12-08,Arlington,Male,3488,339,89
2020-12-08,Central Shenandoah,Female,5737,211,52
2020-12-08,Southside,Female,1266,54,34
2020-12-09,Southside,Not Reported,15,0,0
2020-12-09,Chesapeake,Female,3716,287,44
2020-12-09,Richmond,Female,3776,256,30
2020-12-09,Roanoke,Male,1911,64,37
2020-12-09,Fairfax,Not Reported,230,2,6
2020-12-09,Thomas Jefferson,Female,3073,152,41
2020-12-09,Chesapeake,Not Reported,17,0,0
2020-12-09,Cumberland Plateau,Male,1423,86,28
2020-12-09,Eastern Shore,Female,921,80,26
2020-12-09,Lord Fairfax,Not Reported,39,0,0
2020-12-09,Rappahannock,Not Reported,123,0,0
2020-12-09,Central Shenandoah,Not Reported,124,0,0
2020-12-09,Peninsula,Male,3419,164,46
2020-12-09,Norfolk,Male,3485,239,52
2020-12-09,Alexandria,Female,3118,172,39
2020-12-09,Lenowisco,Male,1614,104,46
2020-12-09,Pittsylvania-Danville,Female,2188,163,48
2020-12-09,New River,Not Reported,53,0,1
2020-12-09,Chesterfield,Not Reported,175,0,4
2020-12-09,Loudoun,Male,5580,316,62
2020-12-09,Rappahannock Rapidan,Female,2272,99,27
2020-12-09,Piedmont,Female,1363,94,20
2020-12-09,Richmond,Male,3446,256,51
2020-12-09,Crater,Female,2723,193,67
2020-12-09,Portsmouth,Female,1803,205,39
2020-12-09,Arlington,Not Reported,14,0,0
2020-12-09,Mount Rogers,Not Reported,64,2,1
2020-12-09,Thomas Jefferson,Not Reported,10,0,0
2020-12-09,Three Rivers,Not Reported,37,0,0
2020-12-09,Hampton,Male,1431,85,20
2020-12-09,Alleghany,Male,2772,78,36
2020-12-09,Roanoke,Female,2541,70,41
2020-12-09,Loudoun,Not Reported,99,0,0
2020-12-09,Fairfax,Female,18070,1173,303
2020-12-09,Western Tidewater,Male,2935,150,90
2020-12-09,Peninsula,Not Reported,60,0,0
2020-12-09,New River,Male,3370,91,26
2020-12-09,Central Shenandoah,Male,5099,214,63
2020-12-09,Southside,Male,1178,59,31
2020-12-09,Chesterfield,Male,5304,297,88
2020-12-09,Arlington,Female,3505,265,72
2020-12-09,Rappahannock,Male,4359,266,56
2020-12-09,Central Virginia,Male,3659,142,49
2020-12-09,Alleghany,Not Reported,126,0,1
2020-12-09,Henrico,Male,4335,301,120
2020-12-09,Thomas Jefferson,Male,2845,149,41
2020-12-09,Lord Fairfax,Male,3364,247,82
2020-12-09,Three Rivers,Male,1568,95,26
2020-12-09,Richmond,Not Reported,93,1,2
2020-12-09,Pittsylvania-Danville,Male,1685,103,31
2020-12-09,Portsmouth,Not Reported,3,0,0
2020-12-09,Norfolk,Not Reported,16,0,0
2020-12-09,Chesapeake,Male,3402,269,42
2020-12-09,Chickahominy,Female,2021,117,39
2020-12-09,Prince William,Male,11311,746,158
2020-12-09,Eastern Shore,Not Reported,9,0,0
2020-12-09,Eastern Shore,Male,868,81,26
2020-12-09,Rappahannock Rapidan,Male,2710,145,33
2020-12-09,Henrico,Not Reported,105,1,0
2020-12-09,Cumberland Plateau,Female,1756,91,17
2020-12-09,West Piedmont,Male,2293,194,55
2020-12-09,Hampton,Not Reported,20,0,0
2020-12-09,Alexandria,Not Reported,21,0,0
2020-12-09,Western Tidewater,Not Reported,7,0,2
2020-12-09,Cumberland Plateau,Not Reported,144,0,0
2020-12-09,Virginia Beach,Male,5819,288,64
2020-12-09,Alleghany,Female,3250,102,60
2020-12-09,Lenowisco,Female,1820,88,38
2020-12-09,Virginia Beach,Not Reported,73,0,0
2020-12-09,Western Tidewater,Female,2814,154,75
2020-12-09,Mount Rogers,Male,3371,249,80
2020-12-09,Lord Fairfax,Female,3996,220,73
2020-12-09,Piedmont,Not Reported,10,0,0
2020-12-09,Alexandria,Male,2811,216,42
2020-12-09,Pittsylvania-Danville,Not Reported,20,2,1
2020-12-09,West Piedmont,Not Reported,17,1,2
2020-12-09,Loudoun,Female,5591,256,89
2020-12-09,Hampton,Female,1688,61,15
2020-12-09,Henrico,Female,5000,321,146
2020-12-09,Prince William,Not Reported,212,2,0
2020-12-09,Chickahominy,Male,1839,128,37
2020-12-09,Rappahannock Rapidan,Not Reported,183,1,0
2020-12-09,Peninsula,Female,3737,150,51
2020-12-09,Lenowisco,Not Reported,70,1,0
2020-12-09,Crater,Not Reported,67,3,0
2020-12-09,Chickahominy,Not Reported,49,0,0
2020-12-09,Portsmouth,Male,1629,160,33
2020-12-09,New River,Female,3824,91,36
2020-12-09,Rappahannock,Female,4946,247,45
2020-12-09,Central Virginia,Female,4231,133,38
2020-12-09,Roanoke,Not Reported,19,0,0
2020-12-09,West Piedmont,Female,2925,209,56
2020-12-09,Mount Rogers,Female,4111,234,94
2020-12-09,Piedmont,Male,2337,121,48
2020-12-09,Chesterfield,Female,5930,290,79
2020-12-09,Fairfax,Male,17056,1515,336
2020-12-09,Crater,Male,3519,162,57
2020-12-09,Central Virginia,Not Reported,258,2,1
2020-12-09,Prince William,Female,11773,584,115
2020-12-09,Virginia Beach,Female,6484,292,59
2020-12-09,Norfolk,Female,3605,251,46
2020-12-09,Three Rivers,Female,1527,89,24
2020-12-09,Arlington,Male,3543,339,90
2020-12-09,Central Shenandoah,Female,5870,212,52
2020-12-09,Southside,Female,1288,54,34
2020-12-10,Southside,Not Reported,15,0,0
2020-12-10,Chesapeake,Female,3763,290,45
2020-12-10,Richmond,Female,3823,257,31
2020-12-10,Roanoke,Male,1938,65,37
2020-12-10,Fairfax,Not Reported,235,2,6
2020-12-10,Thomas Jefferson,Female,3129,153,42
2020-12-10,Chesapeake,Not Reported,17,0,0
2020-12-10,Cumberland Plateau,Male,1457,87,28
2020-12-10,Eastern Shore,Female,930,81,26
2020-12-10,Lord Fairfax,Not Reported,42,0,0
2020-12-10,Rappahannock,Not Reported,126,0,0
2020-12-10,Central Shenandoah,Not Reported,227,0,0
2020-12-10,Peninsula,Male,3468,167,46
2020-12-10,Norfolk,Male,3512,242,52
2020-12-10,Alexandria,Female,3156,173,39
2020-12-10,Lenowisco,Male,1654,105,47
2020-12-10,Pittsylvania-Danville,Female,2217,163,48
2020-12-10,New River,Not Reported,54,0,1
2020-12-10,Chesterfield,Not Reported,176,0,4
2020-12-10,Loudoun,Male,5658,319,63
2020-12-10,Rappahannock Rapidan,Female,2296,101,27
2020-12-10,Piedmont,Female,1385,95,21
2020-12-10,Richmond,Male,3490,257,51
2020-12-10,Crater,Female,2736,195,67
2020-12-10,Portsmouth,Female,1825,208,40
2020-12-10,Arlington,Not Reported,14,0,0
2020-12-10,Mount Rogers,Not Reported,67,2,1
2020-12-10,Thomas Jefferson,Not Reported,11,0,0
2020-12-10,Three Rivers,Not Reported,37,1,0
2020-12-10,Hampton,Male,1446,89,21
2020-12-10,Alleghany,Male,2831,78,36
2020-12-10,Roanoke,Female,2567,70,42
2020-12-10,Loudoun,Not Reported,99,0,0
2020-12-10,Fairfax,Female,18301,1174,305
2020-12-10,Western Tidewater,Male,2960,153,90
2020-12-10,Peninsula,Not Reported,60,0,0
2020-12-10,New River,Male,3419,92,27
2020-12-10,Central Shenandoah,Male,5239,216,64
2020-12-10,Southside,Male,1189,61,31
2020-12-10,Chesterfield,Male,5360,301,90
2020-12-10,Arlington,Female,3522,266,72
2020-12-10,Rappahannock,Male,4430,268,56
2020-12-10,Central Virginia,Male,3739,144,51
2020-12-10,Alleghany,Not Reported,126,0,2
2020-12-10,Henrico,Male,4409,304,120
2020-12-10,Thomas Jefferson,Male,2885,149,42
2020-12-10,Lord Fairfax,Male,3442,248,83
2020-12-10,Three Rivers,Male,1608,96,26
2020-12-10,Richmond,Not Reported,93,1,2
2020-12-10,Pittsylvania-Danville,Male,1723,104,33
2020-12-10,Portsmouth,Not Reported,3,0,0
2020-12-10,Norfolk,Not Reported,16,0,0
2020-12-10,Chesapeake,Male,3447,270,42
2020-12-10,Chickahominy,Female,2045,117,39
2020-12-10,Prince William,Male,11421,750,159
2020-12-10,Eastern Shore,Not Reported,9,0,0
2020-12-10,Eastern Shore,Male,871,81,26
2020-12-10,Rappahannock Rapidan,Male,2770,144,33
2020-12-10,Henrico,Not Reported,118,1,0
2020-12-10,Cumberland Plateau,Female,1809,94,17
2020-12-10,West Piedmont,Male,2332,195,59
2020-12-10,Hampton,Not Reported,20,0,0
2020-12-10,Alexandria,Not Reported,17,0,0
2020-12-10,Western Tidewater,Not Reported,7,0,2
2020-12-10,Cumberland Plateau,Not Reported,145,0,0
2020-12-10,Virginia Beach,Male,5900,288,64
2020-12-10,Alleghany,Female,3319,105,61
2020-12-10,Lenowisco,Female,1865,90,38
2020-12-10,Virginia Beach,Not Reported,73,0,0
2020-12-10,Western Tidewater,Female,2862,159,75
2020-12-10,Mount Rogers,Male,3459,252,80
2020-12-10,Lord Fairfax,Female,4117,221,74
2020-12-10,Piedmont,Not Reported,10,0,0
2020-12-10,Alexandria,Male,2839,217,43
2020-12-10,Pittsylvania-Danville,Not Reported,20,2,1
2020-12-10,West Piedmont,Not Reported,18,1,2
2020-12-10,Loudoun,Female,5663,256,88
2020-12-10,Hampton,Female,1705,62,17
2020-12-10,Henrico,Female,5070,323,146
2020-12-10,Prince William,Not Reported,212,2,0
2020-12-10,Chickahominy,Male,1863,128,38
2020-12-10,Rappahannock Rapidan,Not Reported,186,1,0
2020-12-10,Peninsula,Female,3761,150,52
2020-12-10,Lenowisco,Not Reported,71,1,0
2020-12-10,Crater,Not Reported,68,3,0
2020-12-10,Chickahominy,Not Reported,54,0,0
2020-12-10,Portsmouth,Male,1652,167,33
2020-12-10,New River,Female,3864,91,41
2020-12-10,Rappahannock,Female,5007,249,45
2020-12-10,Central Virginia,Female,4305,135,40
2020-12-10,Roanoke,Not Reported,18,0,0
2020-12-10,West Piedmont,Female,2973,210,56
2020-12-10,Mount Rogers,Female,4204,239,94
2020-12-10,Piedmont,Male,2361,122,48
2020-12-10,Chesterfield,Female,5987,294,81
2020-12-10,Fairfax,Male,17260,1519,337
2020-12-10,Crater,Male,3524,163,57
2020-12-10,Central Virginia,Not Reported,252,2,1
2020-12-10,Prince William,Female,11910,584,116
2020-12-10,Virginia Beach,Female,6582,296,60
2020-12-10,Norfolk,Female,3648,261,47
2020-12-10,Three Rivers,Female,1568,90,24
2020-12-10,Arlington,Male,3561,341,92
2020-12-10,Central Shenandoah,Female,6001,215,55
2020-12-10,Southside,Female,1295,55,37
2020-12-11,Southside,Not Reported,15,0,0
2020-12-11,Chesapeake,Female,3789,290,46
2020-12-11,Richmond,Female,3867,258,32
2020-12-11,Roanoke,Male,1945,65,37
2020-12-11,Fairfax,Not Reported,235,2,6
2020-12-11,Thomas Jefferson,Female,3148,154,42
2020-12-11,Chesapeake,Not Reported,17,0,0
2020-12-11,Cumberland Plateau,Male,1494,87,28
2020-12-11,Eastern Shore,Female,941,81,26
2020-12-11,Lord Fairfax,Not Reported,42,0,0
2020-12-11,Rappahannock,Not Reported,128,0,0
2020-12-11,Central Shenandoah,Not Reported,233,0,0
2020-12-11,Peninsula,Male,3492,167,49
2020-12-11,Norfolk,Male,3551,242,52
2020-12-11,Alexandria,Female,3198,173,39
2020-12-11,Lenowisco,Male,1669,106,48
2020-12-11,Pittsylvania-Danville,Female,2260,163,49
2020-12-11,New River,Not Reported,54,0,1
2020-12-11,Chesterfield,Not Reported,177,0,4
2020-12-11,Loudoun,Male,5715,322,63
2020-12-11,Rappahannock Rapidan,Female,2334,101,27
2020-12-11,Piedmont,Female,1407,95,21
2020-12-11,Richmond,Male,3520,258,52
2020-12-11,Crater,Female,2742,195,67
2020-12-11,Portsmouth,Female,1842,209,40
2020-12-11,Arlington,Not Reported,16,0,0
2020-12-11,Mount Rogers,Not Reported,67,2,1
2020-12-11,Thomas Jefferson,Not Reported,10,0,0
2020-12-11,Three Rivers,Not Reported,37,1,0
2020-12-11,Hampton,Male,1474,93,21
2020-12-11,Alleghany,Male,2881,80,36
2020-12-11,Roanoke,Female,2595,70,42
2020-12-11,Loudoun,Not Reported,100,0,0
2020-12-11,Fairfax,Female,18461,1178,305
2020-12-11,Western Tidewater,Male,2999,155,90
2020-12-11,Peninsula,Not Reported,60,0,0
2020-12-11,New River,Male,3486,93,28
2020-12-11,Central Shenandoah,Male,5310,221,67
2020-12-11,Southside,Male,1198,61,31
2020-12-11,Chesterfield,Male,5436,304,93
2020-12-11,Arlington,Female,3572,268,72
2020-12-11,Rappahannock,Male,4492,269,56
2020-12-11,Central Virginia,Male,3836,146,53
2020-12-11,Alleghany,Not Reported,124,0,2
2020-12-11,Henrico,Male,4453,305,121
2020-12-11,Thomas Jefferson,Male,2911,152,42
2020-12-11,Lord Fairfax,Male,3494,251,84
2020-12-11,Three Rivers,Male,1653,97,26
2020-12-11,Richmond,Not Reported,97,1,2
2020-12-11,Pittsylvania-Danville,Male,1756,108,34
2020-12-11,Portsmouth,Not Reported,3,0,0
2020-12-11,Norfolk,Not Reported,16,0,0
2020-12-11,Chesapeake,Male,3483,274,42
2020-12-11,Chickahominy,Female,2072,119,39
2020-12-11,Prince William,Male,11557,752,160
2020-12-11,Eastern Shore,Not Reported,9,0,0
2020-12-11,Eastern Shore,Male,881,82,26
2020-12-11,Rappahannock Rapidan,Male,2794,145,33
2020-12-11,Henrico,Not Reported,114,1,0
2020-12-11,Cumberland Plateau,Female,1853,96,17
2020-12-11,West Piedmont,Male,2359,198,59
2020-12-11,Hampton,Not Reported,21,0,0
2020-12-11,Alexandria,Not Reported,17,0,0
2020-12-11,Western Tidewater,Not Reported,7,0,2
2020-12-11,Cumberland Plateau,Not Reported,152,0,0
2020-12-11,Virginia Beach,Male,5958,298,64
2020-12-11,Alleghany,Female,3363,107,61
2020-12-11,Lenowisco,Female,1891,92,38
2020-12-11,Virginia Beach,Not Reported,73,0,0
2020-12-11,Western Tidewater,Female,2903,161,75
2020-12-11,Mount Rogers,Male,3511,253,81
2020-12-11,Lord Fairfax,Female,4173,224,75
2020-12-11,Piedmont,Not Reported,10,0,0
2020-12-11,Alexandria,Male,2874,217,43
2020-12-11,Pittsylvania-Danville,Not Reported,23,2,1
2020-12-11,West Piedmont,Not Reported,18,1,2
2020-12-11,Loudoun,Female,5730,258,88
2020-12-11,Hampton,Female,1736,63,17
2020-12-11,Henrico,Female,5153,327,147
2020-12-11,Prince William,Not Reported,213,2,0
2020-12-11,Chickahominy,Male,1884,128,38
2020-12-11,Rappahannock Rapidan,Not Reported,216,1,0
2020-12-11,Peninsula,Female,3798,151,52
2020-12-11,Lenowisco,Not Reported,70,1,0
2020-12-11,Crater,Not Reported,68,3,0
2020-12-11,Chickahominy,Not Reported,56,0,0
2020-12-11,Portsmouth,Male,1664,168,33
2020-12-11,New River,Female,3934,101,43
2020-12-11,Rappahannock,Female,5069,250,45
2020-12-11,Central Virginia,Female,4392,137,40
2020-12-11,Roanoke,Not Reported,18,0,0
2020-12-11,West Piedmont,Female,3015,210,56
2020-12-11,Mount Rogers,Female,4274,240,96
2020-12-11,Piedmont,Male,2378,122,48
2020-12-11,Chesterfield,Female,6077,300,81
2020-12-11,Fairfax,Male,17423,1533,338
2020-12-11,Crater,Male,3525,164,57
2020-12-11,Central Virginia,Not Reported,257,2,1
2020-12-11,Prince William,Female,12063,587,116
2020-12-11,Virginia Beach,Female,6671,301,61
2020-12-11,Norfolk,Female,3683,260,47
2020-12-11,Three Rivers,Female,1580,93,24
2020-12-11,Arlington,Male,3618,343,92
2020-12-11,Central Shenandoah,Female,6099,219,59
2020-12-11,Southside,Female,1306,55,38
2020-12-12,Southside,Not Reported,16,0,0
2020-12-12,Chesapeake,Female,3812,292,46
2020-12-12,Richmond,Female,3923,259,32
2020-12-12,Roanoke,Male,1970,65,38
2020-12-12,Fairfax,Not Reported,238,2,6
2020-12-12,Thomas Jefferson,Female,3206,155,42
2020-12-12,Chesapeake,Not Reported,17,0,0
2020-12-12,Cumberland Plateau,Male,1599,90,28
2020-12-12,Eastern Shore,Female,957,81,26
2020-12-12,Lord Fairfax,Not Reported,44,0,0
2020-12-12,Rappahannock,Not Reported,135,0,0
2020-12-12,Central Shenandoah,Not Reported,246,0,0
2020-12-12,Peninsula,Male,3544,168,50
2020-12-12,Norfolk,Male,3589,246,52
2020-12-12,Alexandria,Female,3245,176,39
2020-12-12,Lenowisco,Male,1700,108,49
2020-12-12,Pittsylvania-Danville,Female,2288,163,49
2020-12-12,New River,Not Reported,56,0,1
2020-12-12,Chesterfield,Not Reported,180,0,4
2020-12-12,Loudoun,Male,5793,322,63
2020-12-12,Rappahannock Rapidan,Female,2348,103,28
2020-12-12,Piedmont,Female,1414,96,21
2020-12-12,Richmond,Male,3555,260,52
2020-12-12,Crater,Female,2760,195,67
2020-12-12,Portsmouth,Female,1857,209,40
2020-12-12,Arlington,Not Reported,17,0,0
2020-12-12,Mount Rogers,Not Reported,74,3,1
2020-12-12,Thomas Jefferson,Not Reported,12,0,0
2020-12-12,Three Rivers,Not Reported,37,1,0
2020-12-12,Hampton,Male,1502,94,21
2020-12-12,Alleghany,Male,2946,82,36
2020-12-12,Roanoke,Female,2631,71,43
2020-12-12,Loudoun,Not Reported,100,0,0
2020-12-12,Fairfax,Female,18653,1182,308
2020-12-12,Western Tidewater,Male,3024,156,90
2020-12-12,Peninsula,Not Reported,61,0,0
2020-12-12,New River,Male,3535,94,29
2020-12-12,Central Shenandoah,Male,5456,223,68
2020-12-12,Southside,Male,1212,61,31
2020-12-12,Chesterfield,Male,5487,307,93
2020-12-12,Arlington,Female,3606,269,72
2020-12-12,Rappahannock,Male,4571,271,56
2020-12-12,Central Virginia,Male,3942,146,54
2020-12-12,Alleghany,Not Reported,124,0,2
2020-12-12,Henrico,Male,4524,305,122
2020-12-12,Thomas Jefferson,Male,2969,154,42
2020-12-12,Lord Fairfax,Male,3548,251,84
2020-12-12,Three Rivers,Male,1722,99,26
2020-12-12,Richmond,Not Reported,96,1,2
2020-12-12,Pittsylvania-Danville,Male,1771,108,34
2020-12-12,Portsmouth,Not Reported,3,0,0
2020-12-12,Norfolk,Not Reported,16,0,0
2020-12-12,Chesapeake,Male,3519,274,42
2020-12-12,Chickahominy,Female,2102,119,41
2020-12-12,Prince William,Male,11749,753,161
2020-12-12,Eastern Shore,Not Reported,9,0,0
2020-12-12,Eastern Shore,Male,890,83,26
2020-12-12,Rappahannock Rapidan,Male,2802,145,34
2020-12-12,Henrico,Not Reported,113,1,0
2020-12-12,Cumberland Plateau,Female,1881,98,17
2020-12-12,West Piedmont,Male,2396,199,61
2020-12-12,Hampton,Not Reported,21,0,0
2020-12-12,Alexandria,Not Reported,17,0,0
2020-12-12,Western Tidewater,Not Reported,7,0,2
2020-12-12,Cumberland Plateau,Not Reported,151,0,0
2020-12-12,Virginia Beach,Male,6027,300,64
2020-12-12,Alleghany,Female,3438,107,63
2020-12-12,Lenowisco,Female,1938,95,39
2020-12-12,Virginia Beach,Not Reported,74,0,0
2020-12-12,Western Tidewater,Female,2937,165,75
2020-12-12,Mount Rogers,Male,3592,257,82
2020-12-12,Lord Fairfax,Female,4275,226,80
2020-12-12,Piedmont,Not Reported,10,0,0
2020-12-12,Alexandria,Male,2903,219,43
2020-12-12,Pittsylvania-Danville,Not Reported,25,2,1
2020-12-12,West Piedmont,Not Reported,20,1,2
2020-12-12,Loudoun,Female,5816,261,88
2020-12-12,Hampton,Female,1775,63,17
2020-12-12,Henrico,Female,5237,328,147
2020-12-12,Prince William,Not Reported,214,2,0
2020-12-12,Chickahominy,Male,1914,128,38
2020-12-12,Rappahannock Rapidan,Not Reported,237,2,0
2020-12-12,Peninsula,Female,3864,151,53
2020-12-12,Lenowisco,Not Reported,74,1,0
2020-12-12,Crater,Not Reported,69,3,0
2020-12-12,Chickahominy,Not Reported,60,0,0
2020-12-12,Portsmouth,Male,1686,170,33
2020-12-12,New River,Female,3989,102,43
2020-12-12,Rappahannock,Female,5150,251,45
2020-12-12,Central Virginia,Female,4516,140,41
2020-12-12,Roanoke,Not Reported,18,0,0
2020-12-12,West Piedmont,Female,3064,211,57
2020-12-12,Mount Rogers,Female,4375,243,96
2020-12-12,Piedmont,Male,2387,123,48
2020-12-12,Chesterfield,Female,6130,302,83
2020-12-12,Fairfax,Male,17600,1538,343
2020-12-12,Crater,Male,3543,165,57
2020-12-12,Central Virginia,Not Reported,257,2,1
2020-12-12,Prince William,Female,12289,588,117
2020-12-12,Virginia Beach,Female,6764,304,61
2020-12-12,Norfolk,Female,3726,263,47
2020-12-12,Three Rivers,Female,1654,95,24
2020-12-12,Arlington,Male,3640,343,92
2020-12-12,Central Shenandoah,Female,6226,220,60
2020-12-12,Southside,Female,1314,56,38
2020-12-14,Southside,Not Reported,16,0,0
2020-12-14,Chesapeake,Female,3975,292,46
2020-12-14,Richmond,Female,3977,262,32
2020-12-14,Roanoke,Male,1986,65,38
2020-12-14,Fairfax,Not Reported,246,2,6
2020-12-14,Thomas Jefferson,Female,3287,158,42
2020-12-14,Chesapeake,Not Reported,17,0,0
2020-12-14,Cumberland Plateau,Male,1664,96,28
2020-12-14,Eastern Shore,Female,963,81,26
2020-12-14,Lord Fairfax,Not Reported,44,0,0
2020-12-14,Rappahannock,Not Reported,138,0,0
2020-12-14,Central Shenandoah,Not Reported,256,0,0
2020-12-14,Peninsula,Male,3668,171,50
2020-12-14,Norfolk,Male,3616,245,52
2020-12-14,Alexandria,Female,3297,177,39
2020-12-14,Lenowisco,Male,1749,108,49
2020-12-14,Pittsylvania-Danville,Female,2305,163,49
2020-12-14,New River,Not Reported,56,0,1
2020-12-14,Chesterfield,Not Reported,182,0,4
2020-12-14,Loudoun,Male,5888,322,63
2020-12-14,Rappahannock Rapidan,Female,2415,106,28
2020-12-14,Piedmont,Female,1454,97,21
2020-12-14,Richmond,Male,3612,261,52
2020-12-14,Crater,Female,2810,196,67
2020-12-14,Portsmouth,Female,1902,213,40
2020-12-14,Arlington,Not Reported,19,0,0
2020-12-14,Mount Rogers,Not Reported,79,2,1
2020-12-14,Thomas Jefferson,Not Reported,11,0,0
2020-12-14,Three Rivers,Not Reported,40,1,0
2020-12-14,Hampton,Male,1558,95,21
2020-12-14,Alleghany,Male,2999,82,36
2020-12-14,Roanoke,Female,2654,71,43
2020-12-14,Loudoun,Not Reported,103,0,0
2020-12-14,Fairfax,Female,19150,1183,308
2020-12-14,Western Tidewater,Male,3095,158,90
2020-12-14,Peninsula,Not Reported,61,0,0
2020-12-14,New River,Male,3598,94,29
2020-12-14,Central Shenandoah,Male,5830,228,68
2020-12-14,Southside,Male,1217,62,31
2020-12-14,Chesterfield,Male,5565,307,93
2020-12-14,Arlington,Female,3701,269,72
2020-12-14,Rappahannock,Male,4683,273,56
2020-12-14,Central Virginia,Male,4044,147,54
2020-12-14,Alleghany,Not Reported,124,0,2
2020-12-14,Henrico,Male,4622,306,122
2020-12-14,Thomas Jefferson,Male,3022,156,42
2020-12-14,Lord Fairfax,Male,3681,251,84
2020-12-14,Three Rivers,Male,1798,100,26
2020-12-14,Richmond,Not Reported,115,1,2
2020-12-14,Pittsylvania-Danville,Male,1787,108,34
2020-12-14,Portsmouth,Not Reported,3,0,0
2020-12-14,Norfolk,Not Reported,16,0,0
2020-12-14,Chesapeake,Male,3628,275,42
2020-12-14,Chickahominy,Female,2124,120,41
2020-12-14,Prince William,Male,11928,756,161
2020-12-14,Eastern Shore,Not Reported,9,0,0
2020-12-14,Eastern Shore,Male,903,83,26
2020-12-14,Rappahannock Rapidan,Male,2850,151,34
2020-12-14,Henrico,Not Reported,116,1,0
2020-12-14,Cumberland Plateau,Female,1931,98,18
2020-12-14,West Piedmont,Male,2438,199,61
2020-12-14,Hampton,Not Reported,21,0,0
2020-12-14,Alexandria,Not Reported,18,0,0
2020-12-14,Western Tidewater,Not Reported,7,0,2
2020-12-14,Cumberland Plateau,Not Reported,153,0,0
2020-12-14,Virginia Beach,Male,6171,302,64
2020-12-14,Alleghany,Female,3516,107,63
2020-12-14,Lenowisco,Female,1996,96,39
2020-12-14,Virginia Beach,Not Reported,75,0,0
2020-12-14,Western Tidewater,Female,3027,170,75
2020-12-14,Mount Rogers,Male,3748,266,83
2020-12-14,Lord Fairfax,Female,4410,228,80
2020-12-14,Piedmont,Not Reported,11,0,0
2020-12-14,Alexandria,Male,2945,219,43
2020-12-14,Pittsylvania-Danville,Not Reported,25,2,1
2020-12-14,West Piedmont,Not Reported,19,1,2
2020-12-14,Loudoun,Female,5946,262,88
2020-12-14,Hampton,Female,1832,65,17
2020-12-14,Henrico,Female,5349,328,147
2020-12-14,Prince William,Not Reported,216,2,0
2020-12-14,Chickahominy,Male,1952,128,38
2020-12-14,Rappahannock Rapidan,Not Reported,275,2,0
2020-12-14,Peninsula,Female,3968,151,53
2020-12-14,Lenowisco,Not Reported,74,1,0
2020-12-14,Crater,Not Reported,69,3,0
2020-12-14,Chickahominy,Not Reported,59,0,0
2020-12-14,Portsmouth,Male,1718,172,33
2020-12-14,New River,Female,4052,105,43
2020-12-14,Rappahannock,Female,5255,251,45
2020-12-14,Central Virginia,Female,4629,140,41
2020-12-14,Roanoke,Not Reported,18,0,0
2020-12-14,West Piedmont,Female,3129,213,57
2020-12-14,Mount Rogers,Female,4536,247,98
2020-12-14,Piedmont,Male,2454,124,48
2020-12-14,Chesterfield,Female,6215,304,83
2020-12-14,Fairfax,Male,18044,1543,343
2020-12-14,Crater,Male,3572,165,57
2020-12-14,Central Virginia,Not Reported,258,2,1
2020-12-14,Prince William,Female,12530,593,117
2020-12-14,Virginia Beach,Female,6945,305,61
2020-12-14,Norfolk,Female,3763,264,47
2020-05-17,Western Tidewater,Female,265,17,10
2020-05-17,Western Tidewater,Male,275,40,18
2020-05-17,Western Tidewater,Not Reported,3,0,0
2020-05-18,Alexandria,Female,774,73,18
2020-05-18,Alexandria,Male,731,89,16
2020-05-18,Alexandria,Not Reported,5,0,0
2020-05-18,Alleghany,Female,97,8,3
2020-05-18,Alleghany,Male,66,15,3
2020-05-18,Alleghany,Not Reported,1,0,0
2020-05-18,Arlington,Female,792,148,35
2020-05-18,Arlington,Male,838,175,42
2020-05-18,Arlington,Not Reported,8,0,0
2020-05-18,Central Shenandoah,Female,648,48,10
2020-05-18,Central Shenandoah,Male,552,41,14
2020-05-18,Central Shenandoah,Not Reported,0,0,0
2020-05-18,Central Virginia,Female,76,6,0
2020-05-18,Central Virginia,Male,102,10,3
2020-05-18,Central Virginia,Not Reported,0,0,0
2020-05-18,Chesapeake,Female,222,41,4
2020-05-18,Chesapeake,Male,165,37,6
2020-05-18,Chesapeake,Not Reported,0,0,0
2020-05-18,Chesterfield,Female,573,32,17
2020-05-18,Chesterfield,Male,507,40,19
2020-05-18,Chesterfield,Not Reported,22,0,0
2020-05-18,Chickahominy,Female,217,38,13
2020-05-18,Chickahominy,Male,142,36,13
2020-05-18,Chickahominy,Not Reported,3,0,0
2020-05-18,Crater,Female,204,45,10
2020-05-18,Crater,Male,198,30,4
2020-05-18,Crater,Not Reported,3,2,0
2020-05-18,Cumberland Plateau,Female,16,1,0
2020-05-18,Cumberland Plateau,Male,14,1,0
2020-05-18,Cumberland Plateau,Not Reported,0,0,0
2020-05-18,Eastern Shore,Female,461,18,9
2020-05-18,Eastern Shore,Male,422,26,9
2020-05-18,Eastern Shore,Not Reported,5,0,0
2020-05-18,Fairfax,Female,3910,485,140
2020-05-18,Fairfax,Male,3966,626,150
2020-05-18,Fairfax,Not Reported,58,4,1
2020-05-18,Hampton,Female,90,11,1
2020-05-18,Hampton,Male,71,19,2
2020-05-18,Hampton,Not Reported,2,0,0
2020-05-18,Henrico,Female,740,83,58
2020-05-18,Henrico,Male,531,88,55
2020-05-18,Henrico,Not Reported,1,0,0
2020-06-02,Lenowisco,Female,21,8,1
2020-06-02,Lenowisco,Male,22,8,3
2020-06-02,Lenowisco,Not Reported,0,0,0
2020-06-02,Lord Fairfax,Female,783,62,26
2020-06-02,Lord Fairfax,Male,660,61,28
2020-06-02,Lord Fairfax,Not Reported,13,0,0
2020-06-02,Loudoun,Female,1330,77,35
2020-06-02,Loudoun,Male,1291,88,28
2020-06-02,Loudoun,Not Reported,15,0,4
2020-06-02,Mount Rogers,Female,192,11,2
2020-06-02,Mount Rogers,Male,167,23,4
2020-06-02,Mount Rogers,Not Reported,2,0,0
2020-06-02,New River,Female,60,6,0
2020-06-02,New River,Male,57,9,1
2020-06-02,New River,Not Reported,1,0,0
2020-06-02,Norfolk,Female,261,36,1
2020-06-02,Norfolk,Male,267,34,5
2020-06-02,Norfolk,Not Reported,2,0,0
2020-06-02,Peninsula,Female,332,55,20
2020-06-02,Peninsula,Male,295,62,12
2020-06-02,Peninsula,Not Reported,3,0,0
2020-06-02,Piedmont,Female,190,20,2
2020-06-02,Piedmont,Male,561,31,4
2020-06-02,Piedmont,Not Reported,0,0,0
2020-06-02,Pittsylvania-Danville,Female,57,16,2
2020-06-02,Pittsylvania-Danville,Male,44,12,1
2020-06-02,Pittsylvania-Danville,Not Reported,1,0,0
2020-06-02,Portsmouth,Female,152,26,5
2020-06-02,Portsmouth,Male,170,21,6
2020-06-02,Portsmouth,Not Reported,3,0,0
2020-06-02,Prince William,Female,3493,260,59
2020-06-02,Prince William,Male,3609,317,62
2020-06-02,Prince William,Not Reported,84,1,0
2020-06-02,Rappahannock,Female,834,65,4
2020-06-02,Rappahannock,Male,791,91,14
2020-06-02,Rappahannock,Not Reported,12,3,0
2020-06-02,Rappahannock Rapidan,Female,580,30,6
2020-06-02,Rappahannock Rapidan,Male,602,52,10
2020-06-02,Rappahannock Rapidan,Not Reported,29,1,0
2020-06-02,Richmond,Female,671,65,5
2020-06-02,Richmond,Male,718,91,17
2020-06-02,Richmond,Not Reported,45,2,2
2020-06-02,Roanoke,Female,99,4,7
2020-06-02,Roanoke,Male,72,5,2
2020-06-02,Roanoke,Not Reported,0,0,0
2020-06-02,Southside,Female,184,21,15
2020-06-02,Southside,Male,89,18,8
2020-06-02,Southside,Not Reported,3,0,0
2020-06-02,Thomas Jefferson,Female,298,38,9
2020-06-02,Thomas Jefferson,Male,253,32,10
2020-06-02,Thomas Jefferson,Not Reported,1,0,0
2020-06-02,Three Rivers,Female,157,23,7
2020-06-02,Three Rivers,Male,374,15,1
2020-06-02,Three Rivers,Not Reported,4,0,0
2020-06-02,Virginia Beach,Female,398,43,9
2020-06-02,Virginia Beach,Male,351,52,14
2020-06-02,Virginia Beach,Not Reported,3,0,0
2020-06-02,West Piedmont,Female,118,7,2
2020-06-02,West Piedmont,Male,108,14,3
2020-06-02,West Piedmont,Not Reported,2,0,0
2020-06-02,Western Tidewater,Female,318,25,17
2020-06-02,Western Tidewater,Male,319,48,23
2020-06-02,Western Tidewater,Not Reported,3,0,0
2020-06-03,Alexandria,Female,1037,86,26
2020-06-03,Alexandria,Male,967,111,20
2020-06-03,Alexandria,Not Reported,12,0,0
2020-06-03,Alleghany,Female,117,9,9
2020-06-03,Alleghany,Male,98,15,6
2020-06-03,Alleghany,Not Reported,1,0,0
2020-06-03,Arlington,Female,1060,171,59
2020-06-03,Arlington,Male,1071,207,61
2020-06-03,Arlington,Not Reported,11,1,0
2020-06-03,Central Shenandoah,Female,851,67,16
2020-06-03,Central Shenandoah,Male,753,60,15
2020-06-03,Central Shenandoah,Not Reported,7,0,0
2020-06-03,Central Virginia,Female,99,7,0
2020-06-03,Central Virginia,Male,119,9,4
2020-06-03,Central Virginia,Not Reported,0,0,0
2020-06-03,Chesapeake,Female,311,47,7
2020-06-03,Chesapeake,Male,237,43,8
2020-06-03,Chesapeake,Not Reported,0,0,0
2020-06-03,Chesterfield,Female,902,49,26
2020-06-03,Chesterfield,Male,832,51,27
2020-06-03,Chesterfield,Not Reported,59,0,1
2020-06-03,Chickahominy,Female,278,44,15
2020-06-03,Chickahominy,Male,213,43,18
2020-06-03,Chickahominy,Not Reported,8,0,0
2020-06-03,Crater,Female,388,57,14
2020-06-03,Crater,Male,470,39,6
2020-06-03,Crater,Not Reported,14,2,0
2020-06-03,Cumberland Plateau,Female,19,1,0
2020-06-03,Cumberland Plateau,Male,16,1,0
2020-06-03,Cumberland Plateau,Not Reported,0,0,0
2020-06-03,Eastern Shore,Female,602,40,18
2020-06-03,Eastern Shore,Male,593,40,17
2020-06-03,Eastern Shore,Not Reported,3,0,0
2020-06-03,Fairfax,Female,5851,603,200
2020-06-03,Fairfax,Male,5742,789,203
2020-06-03,Fairfax,Not Reported,125,4,7
2020-06-03,Hampton,Female,113,11,1
2020-06-03,Hampton,Male,97,19,2
2020-06-03,Hampton,Not Reported,2,0,0
2020-06-03,Henrico,Female,1085,104,65
2020-06-03,Henrico,Male,839,110,67
2020-06-03,Henrico,Not Reported,9,0,2
2020-06-03,Lenowisco,Female,21,8,1
2020-06-03,Lenowisco,Male,22,8,3
2020-06-03,Lenowisco,Not Reported,0,0,0
2020-06-03,Lord Fairfax,Female,789,63,27
2020-06-03,Lord Fairfax,Male,703,62,28
2020-06-03,Lord Fairfax,Not Reported,13,0,0
2020-06-03,Loudoun,Female,1345,82,35
2020-06-03,Loudoun,Male,1298,89,28
2020-06-03,Loudoun,Not Reported,16,0,4
2020-06-03,Mount Rogers,Female,206,11,3
2020-06-03,Mount Rogers,Male,171,23,4
2020-06-03,Mount Rogers,Not Reported,2,0,0
2020-06-03,New River,Female,61,6,0
2020-06-03,New River,Male,57,9,1
2020-06-03,New River,Not Reported,1,0,0
2020-06-03,Norfolk,Female,269,36,1
2020-06-03,Norfolk,Male,268,34,5
2020-06-03,Norfolk,Not Reported,2,0,0
2020-06-03,Peninsula,Female,333,55,20
2020-06-03,Peninsula,Male,297,62,12
2020-06-03,Peninsula,Not Reported,3,0,0
2020-06-03,Piedmont,Female,193,22,2
2020-06-03,Piedmont,Male,566,32,4
2020-06-03,Piedmont,Not Reported,0,0,0
2020-06-03,Pittsylvania-Danville,Female,58,16,2
2020-06-03,Pittsylvania-Danville,Male,44,12,1
2020-06-03,Pittsylvania-Danville,Not Reported,1,0,0
2020-06-03,Portsmouth,Female,152,26,5
2020-06-03,Portsmouth,Male,167,21,6
2020-06-03,Portsmouth,Not Reported,3,0,0
2020-06-03,Prince William,Female,3567,268,62
2020-06-03,Prince William,Male,3668,339,65
2020-06-03,Prince William,Not Reported,88,1,0
2020-06-03,Rappahannock,Female,838,65,4
2020-06-03,Rappahannock,Male,796,92,14
2020-06-03,Rappahannock,Not Reported,12,3,0
2020-06-03,Rappahannock Rapidan,Female,584,32,6
2020-06-03,Rappahannock Rapidan,Male,609,53,10
2020-06-03,Rappahannock Rapidan,Not Reported,29,2,0
2020-06-03,Richmond,Female,683,67,5
2020-06-03,Richmond,Male,724,92,17
2020-06-03,Richmond,Not Reported,48,2,2
2020-06-03,Roanoke,Female,101,4,8
2020-06-03,Roanoke,Male,75,6,2
2020-06-03,Roanoke,Not Reported,0,0,0
2020-06-03,Southside,Female,184,21,15
2020-06-03,Southside,Male,92,19,10
2020-06-03,Southside,Not Reported,3,0,0
2020-06-03,Thomas Jefferson,Female,300,38,9
2020-06-03,Thomas Jefferson,Male,255,32,10
2020-06-03,Thomas Jefferson,Not Reported,1,0,0
2020-06-03,Three Rivers,Female,157,23,7
2020-06-03,Three Rivers,Male,375,15,2
2020-06-03,Three Rivers,Not Reported,9,0,0
2020-06-03,Virginia Beach,Female,400,45,9
2020-06-03,Virginia Beach,Male,349,52,14
2020-06-03,Virginia Beach,Not Reported,3,0,0
2020-06-03,West Piedmont,Female,124,7,2
2020-06-03,West Piedmont,Male,114,14,3
2020-06-03,West Piedmont,Not Reported,2,0,0
2020-06-03,Western Tidewater,Female,321,27,17
2020-06-03,Western Tidewater,Male,319,48,23
2020-06-03,Western Tidewater,Not Reported,3,0,0
2020-06-04,Alexandria,Female,1046,89,26
2020-06-04,Alexandria,Male,974,113,20
2020-06-04,Alexandria,Not Reported,11,0,0
2020-06-04,Alleghany,Female,117,9,9
2020-06-04,Alleghany,Male,98,15,6
2020-06-04,Alleghany,Not Reported,1,0,0
2020-06-04,Arlington,Female,1066,174,59
2020-06-04,Arlington,Male,1073,209,61
2020-06-04,Arlington,Not Reported,11,1,0
2020-06-04,Central Shenandoah,Female,865,67,16
2020-06-04,Central Shenandoah,Male,759,60,15
2020-06-04,Central Shenandoah,Not Reported,7,0,0
2020-06-04,Central Virginia,Female,100,7,0
2020-06-04,Central Virginia,Male,119,9,4
2020-06-04,Central Virginia,Not Reported,0,0,0
2020-06-04,Chesapeake,Female,314,47,7
2020-06-04,Chesapeake,Male,240,43,8
2020-06-04,Chesapeake,Not Reported,0,0,0
2020-06-04,Chesterfield,Female,933,49,26
2020-06-04,Chesterfield,Male,862,52,27
2020-06-04,Chesterfield,Not Reported,59,0,1
2020-06-04,Chickahominy,Female,280,44,15
2020-06-04,Chickahominy,Male,217,43,18
2020-06-04,Chickahominy,Not Reported,8,0,0
2020-06-04,Crater,Female,409,59,14
2020-06-04,Crater,Male,548,43,7
2020-06-04,Crater,Not Reported,15,2,0
2020-06-04,Cumberland Plateau,Female,19,1,0
2020-06-04,Cumberland Plateau,Male,16,1,0
2020-06-04,Cumberland Plateau,Not Reported,0,0,0
2020-06-04,Eastern Shore,Female,609,42,19
2020-06-04,Eastern Shore,Male,601,40,18
2020-06-04,Eastern Shore,Not Reported,3,0,0
2020-06-04,Fairfax,Female,5965,607,204
2020-06-04,Fairfax,Male,5840,794,206
2020-06-04,Fairfax,Not Reported,133,4,7
2020-06-04,Hampton,Female,114,12,1
2020-06-04,Hampton,Male,98,20,3
2020-06-04,Hampton,Not Reported,2,0,0
2020-06-04,Henrico,Female,1088,106,65
2020-06-04,Henrico,Male,850,111,67
2020-06-04,Henrico,Not Reported,8,0,2
2020-06-04,Lenowisco,Female,21,8,1
2020-06-04,Lenowisco,Male,24,8,3
2020-06-04,Lenowisco,Not Reported,0,0,0
2020-06-04,Lord Fairfax,Female,799,63,27
2020-06-04,Lord Fairfax,Male,736,64,28
2020-06-04,Lord Fairfax,Not Reported,13,0,0
2020-06-04,Loudoun,Female,1406,84,35
2020-06-04,Loudoun,Male,1369,89,28
2020-06-04,Loudoun,Not Reported,19,0,4
2020-06-04,Mount Rogers,Female,227,11,3
2020-06-04,Mount Rogers,Male,181,24,4
2020-06-04,Mount Rogers,Not Reported,2,0,0
2020-06-04,New River,Female,62,6,0
2020-06-04,New River,Male,57,9,2
2020-06-04,New River,Not Reported,1,0,0
2020-06-04,Norfolk,Female,276,36,1
2020-06-04,Norfolk,Male,274,35,5
2020-06-04,Norfolk,Not Reported,2,0,0
2020-06-04,Peninsula,Female,337,56,21
2020-06-04,Peninsula,Male,300,62,12
2020-06-04,Peninsula,Not Reported,3,0,0
2020-06-04,Piedmont,Female,197,24,2
2020-06-04,Piedmont,Male,569,33,4
2020-06-04,Piedmont,Not Reported,0,0,0
2020-06-04,Pittsylvania-Danville,Female,58,16,2
2020-06-04,Pittsylvania-Danville,Male,44,12,1
2020-06-04,Pittsylvania-Danville,Not Reported,1,0,0
2020-06-04,Portsmouth,Female,153,26,5
2020-06-04,Portsmouth,Male,169,21,6
2020-06-04,Portsmouth,Not Reported,3,0,0
2020-06-04,Prince William,Female,3621,275,62
2020-06-04,Prince William,Male,3724,347,66
2020-06-04,Prince William,Not Reported,92,1,0
2020-06-04,Rappahannock,Female,850,68,5
2020-06-04,Rappahannock,Male,800,93,15
2020-06-04,Rappahannock,Not Reported,11,3,0
2020-06-04,Rappahannock Rapidan,Female,594,34,6
2020-06-04,Rappahannock Rapidan,Male,615,54,10
2020-06-04,Rappahannock Rapidan,Not Reported,28,2,0
2020-06-04,Richmond,Female,702,67,5
2020-06-04,Richmond,Male,738,94,17
2020-06-04,Richmond,Not Reported,48,2,2
2020-06-04,Roanoke,Female,101,4,8
2020-06-04,Roanoke,Male,75,6,2
2020-06-04,Roanoke,Not Reported,0,0,0
2020-06-04,Southside,Female,185,21,15
2020-06-04,Southside,Male,93,19,10
2020-06-04,Southside,Not Reported,3,0,0
2020-06-04,Thomas Jefferson,Female,307,39,9
2020-06-04,Thomas Jefferson,Male,265,33,10
2020-06-04,Thomas Jefferson,Not Reported,1,0,0
2020-06-04,Three Rivers,Female,158,23,7
2020-06-04,Three Rivers,Male,380,15,2
2020-06-04,Three Rivers,Not Reported,19,0,0
2020-06-04,Virginia Beach,Female,407,47,9
2020-06-04,Virginia Beach,Male,360,53,15
2020-06-04,Virginia Beach,Not Reported,3,0,0
2020-06-04,West Piedmont,Female,126,7,2
2020-06-04,West Piedmont,Male,121,15,3
2020-06-04,West Piedmont,Not Reported,3,0,0
2020-06-04,Western Tidewater,Female,322,27,17
2020-06-04,Western Tidewater,Male,320,48,23
2020-06-04,Western Tidewater,Not Reported,3,0,0
2020-06-05,Alexandria,Female,1048,89,25
2020-06-05,Alexandria,Male,987,114,20
2020-06-05,Alexandria,Not Reported,10,0,0
2020-06-05,Alleghany,Female,120,9,9
2020-06-05,Alleghany,Male,103,16,6
2020-06-05,Alleghany,Not Reported,1,0,0
2020-06-05,Arlington,Female,1076,174,59
2020-06-05,Arlington,Male,1085,210,62
2020-06-05,Arlington,Not Reported,12,1,0
2020-06-05,Central Shenandoah,Female,870,68,16
2020-06-05,Central Shenandoah,Male,767,60,15
2020-06-05,Central Shenandoah,Not Reported,7,0,0
2020-06-05,Central Virginia,Female,109,8,0
2020-06-05,Central Virginia,Male,130,9,4
2020-06-05,Central Virginia,Not Reported,0,0,0
2020-06-05,Chesapeake,Female,317,47,7
2020-06-05,Chesapeake,Male,246,44,8
2020-06-05,Chesapeake,Not Reported,0,0,0
2020-06-05,Chesterfield,Female,953,49,26
2020-06-05,Chesterfield,Male,882,52,27
2020-06-05,Chesterfield,Not Reported,60,0,1
2020-06-05,Chickahominy,Female,282,44,15
2020-06-05,Chickahominy,Male,219,43,18
2020-06-05,Chickahominy,Not Reported,8,0,0
2020-06-05,Crater,Female,424,59,14
2020-06-05,Crater,Male,564,43,7
2020-06-05,Crater,Not Reported,15,2,0
2020-06-05,Cumberland Plateau,Female,19,1,0
2020-06-05,Cumberland Plateau,Male,16,1,0
2020-06-05,Cumberland Plateau,Not Reported,0,0,0
2020-06-05,Eastern Shore,Female,612,43,19
2020-06-05,Eastern Shore,Male,603,41,18
2020-06-05,Eastern Shore,Not Reported,3,0,0
2020-06-05,Fairfax,Female,6019,614,206
2020-06-05,Fairfax,Male,5874,801,210
2020-06-05,Fairfax,Not Reported,134,4,7
2020-06-05,Hampton,Female,114,12,1
2020-06-05,Hampton,Male,99,21,3
2020-06-05,Hampton,Not Reported,2,0,0
2020-06-05,Henrico,Female,1106,107,65
2020-06-05,Henrico,Male,867,111,67
2020-06-05,Henrico,Not Reported,10,0,2
2020-06-05,Lenowisco,Female,21,8,1
2020-06-05,Lenowisco,Male,24,8,3
2020-06-05,Lenowisco,Not Reported,0,0,0
2020-06-05,Lord Fairfax,Female,811,65,27
2020-06-05,Lord Fairfax,Male,745,67,29
2020-06-05,Lord Fairfax,Not Reported,13,0,0
2020-06-05,Loudoun,Female,1425,84,35
2020-06-05,Loudoun,Male,1388,91,28
2020-06-05,Loudoun,Not Reported,24,0,4
2020-06-05,Mount Rogers,Female,227,11,3
2020-06-05,Mount Rogers,Male,181,24,4
2020-06-05,Mount Rogers,Not Reported,2,0,0
2020-06-05,New River,Female,64,6,0
2020-06-05,New River,Male,58,9,2
2020-06-05,New River,Not Reported,1,0,0
2020-06-05,Norfolk,Female,280,36,1
2020-06-05,Norfolk,Male,279,35,5
2020-06-05,Norfolk,Not Reported,1,0,0
2020-06-05,Peninsula,Female,342,56,21
2020-06-05,Peninsula,Male,307,62,12
2020-06-05,Peninsula,Not Reported,3,0,0
2020-06-05,Piedmont,Female,204,24,2
2020-06-05,Piedmont,Male,575,33,4
2020-06-05,Piedmont,Not Reported,0,0,0
2020-06-05,Pittsylvania-Danville,Female,59,16,2
2020-06-05,Pittsylvania-Danville,Male,47,12,1
2020-06-05,Pittsylvania-Danville,Not Reported,1,0,0
2020-06-05,Portsmouth,Female,153,26,5
2020-06-05,Portsmouth,Male,169,21,6
2020-06-05,Portsmouth,Not Reported,3,0,0
2020-06-05,Prince William,Female,3685,280,62
2020-06-05,Prince William,Male,3785,350,66
2020-06-05,Prince William,Not Reported,93,1,0
2020-06-05,Rappahannock,Female,860,68,4
2020-06-05,Rappahannock,Male,828,94,15
2020-06-05,Rappahannock,Not Reported,14,3,0
2020-06-05,Rappahannock Rapidan,Female,604,36,6
2020-06-05,Rappahannock Rapidan,Male,622,55,10
2020-06-05,Rappahannock Rapidan,Not Reported,28,2,0
2020-06-05,Richmond,Female,717,68,5
2020-06-05,Richmond,Male,762,95,18
2020-06-05,Richmond,Not Reported,48,2,2
2020-06-05,Roanoke,Female,109,4,8
2020-06-05,Roanoke,Male,81,6,2
2020-06-05,Roanoke,Not Reported,0,0,0
2020-06-05,Southside,Female,187,22,15
2020-06-05,Southside,Male,93,19,10
2020-06-05,Southside,Not Reported,3,0,0
2020-06-05,Thomas Jefferson,Female,309,39,9
2020-06-05,Thomas Jefferson,Male,269,34,10
2020-06-05,Thomas Jefferson,Not Reported,1,0,0
2020-06-05,Three Rivers,Female,160,23,7
2020-06-05,Three Rivers,Male,380,15,2
2020-06-05,Three Rivers,Not Reported,20,0,0
2020-06-05,Virginia Beach,Female,417,47,9
2020-06-05,Virginia Beach,Male,364,55,16
2020-06-05,Virginia Beach,Not Reported,3,0,0
2020-06-05,West Piedmont,Female,130,7,2
2020-06-05,West Piedmont,Male,123,15,3
2020-06-05,West Piedmont,Not Reported,4,0,0
2020-06-05,Western Tidewater,Female,325,28,17
2020-06-05,Western Tidewater,Male,325,49,23
2020-06-05,Western Tidewater,Not Reported,3,0,0
2020-06-06,Alexandria,Female,1059,93,25
2020-06-06,Alexandria,Male,1002,116,20
2020-06-06,Alexandria,Not Reported,9,0,0
2020-06-06,Alleghany,Female,129,9,9
2020-06-06,Alleghany,Male,105,16,6
2020-06-06,Alleghany,Not Reported,1,0,0
2020-06-06,Arlington,Female,1088,174,59
2020-06-06,Arlington,Male,1095,214,61
2020-06-06,Arlington,Not Reported,12,1,0
2020-06-06,Central Shenandoah,Female,883,68,16
2020-06-06,Central Shenandoah,Male,772,61,15
2020-06-06,Central Shenandoah,Not Reported,7,0,0
2020-06-06,Central Virginia,Female,110,8,0
2020-06-06,Central Virginia,Male,134,9,4
2020-06-06,Central Virginia,Not Reported,0,0,0
2020-06-06,Chesapeake,Female,326,49,7
2020-06-06,Chesapeake,Male,251,45,8
2020-06-06,Chesapeake,Not Reported,0,0,0
2020-06-06,Chesterfield,Female,978,49,26
2020-06-06,Chesterfield,Male,897,52,27
2020-06-06,Chesterfield,Not Reported,63,0,1
2020-06-06,Chickahominy,Female,285,44,15
2020-06-06,Chickahominy,Male,222,44,18
2020-06-06,Chickahominy,Not Reported,8,0,0
2020-06-06,Crater,Female,436,60,14
2020-06-06,Crater,Male,580,44,7
2020-06-06,Crater,Not Reported,17,2,0
2020-06-06,Cumberland Plateau,Female,19,1,0
2020-06-06,Cumberland Plateau,Male,17,1,0
2020-06-06,Cumberland Plateau,Not Reported,0,0,0
2020-06-06,Eastern Shore,Female,614,45,20
2020-06-06,Eastern Shore,Male,604,41,18
2020-06-06,Eastern Shore,Not Reported,3,0,0
2020-06-06,Fairfax,Female,6092,617,207
2020-06-06,Fairfax,Male,5952,805,212
2020-06-06,Fairfax,Not Reported,136,5,7
2020-06-06,Hampton,Female,115,12,1
2020-06-06,Hampton,Male,98,21,3
2020-06-06,Hampton,Not Reported,2,0,0
2020-06-06,Henrico,Female,1137,107,66
2020-06-06,Henrico,Male,886,111,66
2020-06-06,Henrico,Not Reported,10,0,2
2020-06-06,Lenowisco,Female,21,8,1
2020-06-06,Lenowisco,Male,24,8,3
2020-06-06,Lenowisco,Not Reported,0,0,0
2020-06-06,Lord Fairfax,Female,821,65,27
2020-06-06,Lord Fairfax,Male,756,67,29
2020-06-06,Lord Fairfax,Not Reported,14,0,0
2020-06-06,Loudoun,Female,1480,86,35
2020-06-06,Loudoun,Male,1437,91,28
2020-06-06,Loudoun,Not Reported,22,0,4
2020-06-06,Mount Rogers,Female,234,11,3
2020-06-06,Mount Rogers,Male,185,26,4
2020-06-06,Mount Rogers,Not Reported,2,0,0
2020-06-06,New River,Female,68,6,0
2020-06-06,New River,Male,63,10,3
2020-06-06,New River,Not Reported,2,0,0
2020-06-06,Norfolk,Female,281,36,1
2020-06-06,Norfolk,Male,280,35,6
2020-06-06,Norfolk,Not Reported,1,0,0
2020-06-06,Peninsula,Female,347,56,21
2020-06-06,Peninsula,Male,310,62,12
2020-06-06,Peninsula,Not Reported,3,0,0
2020-06-06,Piedmont,Female,210,24,2
2020-06-06,Piedmont,Male,579,34,4
2020-06-06,Piedmont,Not Reported,1,0,0
2020-06-06,Pittsylvania-Danville,Female,59,16,2
2020-06-06,Pittsylvania-Danville,Male,47,12,1
2020-06-06,Pittsylvania-Danville,Not Reported,1,0,0
2020-06-06,Portsmouth,Female,157,26,5
2020-06-06,Portsmouth,Male,175,21,6
2020-06-06,Portsmouth,Not Reported,3,0,0
2020-06-06,Prince William,Female,3747,280,62
2020-06-06,Prince William,Male,3840,355,66
2020-06-06,Prince William,Not Reported,99,1,0
2020-06-06,Rappahannock,Female,885,69,4
2020-06-06,Rappahannock,Male,848,94,15
2020-06-06,Rappahannock,Not Reported,14,3,0
2020-06-06,Rappahannock Rapidan,Female,606,36,6
2020-06-06,Rappahannock Rapidan,Male,631,56,10
2020-06-06,Rappahannock Rapidan,Not Reported,29,2,1
2020-06-06,Richmond,Female,744,69,5
2020-06-06,Richmond,Male,797,96,18
2020-06-06,Richmond,Not Reported,51,2,2
2020-06-06,Roanoke,Female,111,4,8
2020-06-06,Roanoke,Male,86,6,2
2020-06-06,Roanoke,Not Reported,0,0,0
2020-06-06,Southside,Female,189,22,15
2020-06-06,Southside,Male,93,19,10
2020-06-06,Southside,Not Reported,3,0,0
2020-06-06,Thomas Jefferson,Female,315,39,9
2020-06-06,Thomas Jefferson,Male,277,35,10
2020-06-06,Thomas Jefferson,Not Reported,1,0,0
2020-06-06,Three Rivers,Female,162,24,7
2020-06-06,Three Rivers,Male,384,16,3
2020-06-06,Three Rivers,Not Reported,19,0,0
2020-06-06,Virginia Beach,Female,425,47,9
2020-06-06,Virginia Beach,Male,370,55,16
2020-06-06,Virginia Beach,Not Reported,3,0,0
2020-06-06,West Piedmont,Female,136,8,2
2020-06-06,West Piedmont,Male,132,15,3
2020-06-06,West Piedmont,Not Reported,4,0,0
2020-06-06,Western Tidewater,Female,327,28,17
2020-06-06,Western Tidewater,Male,329,49,23
2020-06-06,Western Tidewater,Not Reported,3,0,0
2020-06-07,Alexandria,Female,1072,93,25
2020-06-07,Alexandria,Male,1014,115,20
2020-06-07,Alexandria,Not Reported,9,0,0
2020-06-07,Alleghany,Female,130,9,9
2020-06-07,Alleghany,Male,105,16,6
2020-06-07,Alleghany,Not Reported,1,0,0
2020-06-07,Arlington,Female,1102,176,60
2020-06-07,Arlington,Male,1111,215,61
2020-06-07,Arlington,Not Reported,12,1,0
2020-06-07,Central Shenandoah,Female,897,69,16
2020-06-07,Central Shenandoah,Male,785,63,15
2020-06-07,Central Shenandoah,Not Reported,7,0,0
2020-06-07,Central Virginia,Female,112,8,0
2020-06-07,Central Virginia,Male,135,9,4
2020-06-07,Central Virginia,Not Reported,0,0,0
2020-06-07,Chesapeake,Female,336,50,7
2020-06-07,Chesapeake,Male,256,46,8
2020-06-07,Chesapeake,Not Reported,0,0,0
2020-06-07,Chesterfield,Female,990,49,26
2020-06-07,Chesterfield,Male,913,52,27
2020-06-07,Chesterfield,Not Reported,71,0,1
2020-06-07,Chickahominy,Female,291,44,15
2020-06-07,Chickahominy,Male,228,44,18
2020-06-07,Chickahominy,Not Reported,8,0,0
2020-06-07,Crater,Female,442,60,14
2020-06-07,Crater,Male,596,44,7
2020-06-07,Crater,Not Reported,17,2,0
2020-06-07,Cumberland Plateau,Female,19,1,0
2020-06-07,Cumberland Plateau,Male,17,1,0
2020-06-07,Cumberland Plateau,Not Reported,0,0,0
2020-06-07,Eastern Shore,Female,618,45,20
2020-06-07,Eastern Shore,Male,617,42,19
2020-06-07,Eastern Shore,Not Reported,3,0,0
2020-06-07,Fairfax,Female,6305,624,207
2020-06-07,Fairfax,Male,6137,812,213
2020-06-07,Fairfax,Not Reported,138,5,7
2020-06-07,Hampton,Female,122,12,1
2020-06-07,Hampton,Male,102,21,3
2020-06-07,Hampton,Not Reported,2,0,0
2020-06-07,Henrico,Female,1165,107,66
2020-06-07,Henrico,Male,921,111,66
2020-06-07,Henrico,Not Reported,10,0,2
2020-06-07,Lenowisco,Female,22,8,1
2020-06-07,Lenowisco,Male,24,8,3
2020-06-07,Lenowisco,Not Reported,0,0,0
2020-06-07,Lord Fairfax,Female,838,65,27
2020-06-07,Lord Fairfax,Male,769,67,29
2020-06-07,Lord Fairfax,Not Reported,14,0,0
2020-06-07,Loudoun,Female,1563,86,35
2020-06-07,Loudoun,Male,1508,93,28
2020-06-07,Loudoun,Not Reported,23,0,4
2020-06-07,Mount Rogers,Female,244,10,4
2020-06-07,Mount Rogers,Male,196,28,4
2020-06-07,Mount Rogers,Not Reported,2,0,0
2020-06-07,New River,Female,69,6,0
2020-06-07,New River,Male,64,10,3
2020-06-07,New River,Not Reported,3,0,0
2020-06-07,Norfolk,Female,293,36,1
2020-06-07,Norfolk,Male,289,35,6
2020-06-07,Norfolk,Not Reported,1,0,0
2020-06-07,Peninsula,Female,359,56,21
2020-06-07,Peninsula,Male,314,62,12
2020-06-07,Peninsula,Not Reported,4,0,0
2020-06-07,Piedmont,Female,210,24,2
2020-06-07,Piedmont,Male,583,35,4
2020-06-07,Piedmont,Not Reported,1,0,0
2020-06-07,Pittsylvania-Danville,Female,60,16,2
2020-06-07,Pittsylvania-Danville,Male,49,12,1
2020-06-07,Pittsylvania-Danville,Not Reported,1,0,0
2020-06-07,Portsmouth,Female,160,27,5
2020-06-07,Portsmouth,Male,180,21,6
2020-06-07,Portsmouth,Not Reported,3,0,0
2020-06-07,Prince William,Female,3806,284,64
2020-06-07,Prince William,Male,3885,362,71
2020-06-07,Prince William,Not Reported,99,1,0
2020-06-07,Rappahannock,Female,958,73,4
2020-06-07,Rappahannock,Male,906,97,15
2020-06-07,Rappahannock,Not Reported,10,1,0
2020-06-07,Rappahannock Rapidan,Female,617,36,6
2020-06-07,Rappahannock Rapidan,Male,645,57,10
2020-06-07,Rappahannock Rapidan,Not Reported,32,2,1
2020-06-07,Richmond,Female,758,70,5
2020-06-07,Richmond,Male,812,97,19
2020-06-07,Richmond,Not Reported,51,2,2
2020-06-07,Roanoke,Female,112,4,8
2020-06-07,Roanoke,Male,87,6,2
2020-06-07,Roanoke,Not Reported,0,0,0
2020-06-07,Southside,Female,195,23,15
2020-06-07,Southside,Male,97,21,10
2020-06-07,Southside,Not Reported,3,0,0
2020-06-07,Thomas Jefferson,Female,329,40,9
2020-06-07,Thomas Jefferson,Male,301,36,10
2020-06-07,Thomas Jefferson,Not Reported,4,0,0
2020-06-07,Three Rivers,Female,163,25,7
2020-06-07,Three Rivers,Male,387,16,3
2020-06-07,Three Rivers,Not Reported,19,0,0
2020-06-07,Virginia Beach,Female,426,47,9
2020-06-07,Virginia Beach,Male,371,55,16
2020-06-07,Virginia Beach,Not Reported,4,0,0
2020-06-07,West Piedmont,Female,141,8,2
2020-06-07,West Piedmont,Male,136,15,3
2020-06-07,West Piedmont,Not Reported,5,0,0
2020-06-07,Western Tidewater,Female,328,28,17
2020-06-07,Western Tidewater,Male,329,49,23
2020-06-07,Western Tidewater,Not Reported,3,0,0
2020-06-08,Alexandria,Female,1076,93,25
2020-06-08,Alexandria,Male,1017,115,20
2020-06-08,Alexandria,Not Reported,9,0,0
2020-06-08,Alleghany,Female,132,9,9
2020-06-08,Alleghany,Male,105,16,6
2020-06-08,Alleghany,Not Reported,1,0,0
2020-06-08,Arlington,Female,1115,176,60
2020-06-08,Arlington,Male,1129,215,62
2020-06-08,Arlington,Not Reported,12,1,0
2020-06-08,Central Shenandoah,Female,914,70,16
2020-06-08,Central Shenandoah,Male,795,63,15
2020-06-08,Central Shenandoah,Not Reported,0,0,0
2020-06-08,Central Virginia,Female,112,8,0
2020-06-08,Central Virginia,Male,135,9,4
2020-06-08,Central Virginia,Not Reported,0,0,0
2020-06-08,Chesapeake,Female,339,50,7
2020-06-08,Chesapeake,Male,257,47,8
2020-06-08,Chesapeake,Not Reported,0,0,0
2020-06-08,Chesterfield,Female,1004,49,26
2020-06-08,Chesterfield,Male,939,52,27
2020-06-08,Chesterfield,Not Reported,71,0,1
2020-06-08,Chickahominy,Female,291,44,15
2020-06-08,Chickahominy,Male,227,44,18
2020-06-08,Chickahominy,Not Reported,8,0,0
2020-06-08,Crater,Female,446,60,14
2020-06-08,Crater,Male,599,44,7
2020-06-08,Crater,Not Reported,17,2,0
2020-06-08,Cumberland Plateau,Female,19,1,0
2020-06-08,Cumberland Plateau,Male,17,1,0
2020-06-08,Cumberland Plateau,Not Reported,0,0,0
2020-06-08,Eastern Shore,Female,618,45,20
2020-06-08,Eastern Shore,Male,617,42,19
2020-06-08,Eastern Shore,Not Reported,3,0,0
2020-06-08,Fairfax,Female,6375,629,207
2020-06-08,Fairfax,Male,6214,814,213
2020-06-08,Fairfax,Not Reported,139,6,7
2020-06-08,Hampton,Female,122,12,1
2020-06-08,Hampton,Male,103,21,3
2020-06-08,Hampton,Not Reported,2,0,0
2020-06-08,Henrico,Female,1180,107,66
2020-06-08,Henrico,Male,938,111,66
2020-06-08,Henrico,Not Reported,10,0,2
2020-06-08,Lenowisco,Female,22,8,1
2020-06-08,Lenowisco,Male,24,8,3
2020-06-08,Lenowisco,Not Reported,0,0,0
2020-06-08,Lord Fairfax,Female,841,66,29
2020-06-08,Lord Fairfax,Male,773,68,29
2020-06-08,Lord Fairfax,Not Reported,14,0,0
2020-06-08,Loudoun,Female,1591,87,35
2020-06-08,Loudoun,Male,1535,94,28
2020-06-08,Loudoun,Not Reported,21,0,4
2020-06-08,Mount Rogers,Female,250,11,5
2020-06-08,Mount Rogers,Male,200,29,4
2020-06-08,Mount Rogers,Not Reported,4,1,1
2020-06-08,New River,Female,74,7,0
2020-06-08,New River,Male,65,10,3
2020-06-08,New River,Not Reported,3,0,0
2020-06-08,Norfolk,Female,294,36,1
2020-06-08,Norfolk,Male,294,35,6
2020-06-08,Norfolk,Not Reported,1,0,0
2020-06-08,Peninsula,Female,361,56,21
2020-06-08,Peninsula,Male,315,62,12
2020-06-08,Peninsula,Not Reported,4,0,0
2020-06-08,Piedmont,Female,215,24,2
2020-06-08,Piedmont,Male,588,35,4
2020-06-08,Piedmont,Not Reported,1,0,0
2020-06-08,Pittsylvania-Danville,Female,60,16,2
2020-06-08,Pittsylvania-Danville,Male,49,12,1
2020-06-08,Pittsylvania-Danville,Not Reported,1,0,0
2020-06-08,Portsmouth,Female,160,27,5
2020-06-08,Portsmouth,Male,180,21,6
2020-06-08,Portsmouth,Not Reported,3,0,0
2020-06-08,Prince William,Female,3842,288,64
2020-06-08,Prince William,Male,3948,369,71
2020-06-08,Prince William,Not Reported,95,1,0
2020-06-08,Rappahannock,Female,965,73,4
2020-06-08,Rappahannock,Male,914,98,15
2020-06-08,Rappahannock,Not Reported,10,1,0
2020-06-08,Rappahannock Rapidan,Female,623,37,6
2020-06-08,Rappahannock Rapidan,Male,648,57,10
2020-06-08,Rappahannock Rapidan,Not Reported,32,2,1
2020-06-08,Richmond,Female,771,72,5
2020-06-08,Richmond,Male,829,100,19
2020-06-08,Richmond,Not Reported,51,2,2
2020-06-08,Roanoke,Female,112,4,8
2020-06-08,Roanoke,Male,87,6,2
2020-06-08,Roanoke,Not Reported,0,0,0
2020-06-08,Southside,Female,197,23,15
2020-06-08,Southside,Male,97,21,10
2020-06-08,Southside,Not Reported,3,0,0
2020-06-08,Thomas Jefferson,Female,337,41,9
2020-06-08,Thomas Jefferson,Male,303,36,10
2020-06-08,Thomas Jefferson,Not Reported,4,0,0
2020-06-08,Three Rivers,Female,164,25,7
2020-06-08,Three Rivers,Male,388,16,3
2020-06-08,Three Rivers,Not Reported,19,0,0
2020-06-08,Virginia Beach,Female,429,47,9
2020-06-08,Virginia Beach,Male,377,55,16
2020-06-08,Virginia Beach,Not Reported,4,0,0
2020-06-08,West Piedmont,Female,143,8,2
2020-06-08,West Piedmont,Male,138,15,3
2020-06-08,West Piedmont,Not Reported,6,0,0
2020-06-08,Western Tidewater,Female,330,28,17
2020-06-08,Western Tidewater,Male,332,49,23
2020-06-08,Western Tidewater,Not Reported,3,0,0
2020-06-09,Alexandria,Female,1081,94,26
2020-06-09,Alexandria,Male,1026,118,21
2020-06-09,Alexandria,Not Reported,8,0,0
2020-06-09,Alleghany,Female,134,9,9
2020-06-09,Alleghany,Male,108,16,6
2020-06-09,Alleghany,Not Reported,1,0,0
2020-06-09,Arlington,Female,1118,178,60
2020-06-09,Arlington,Male,1135,216,62
2020-06-09,Arlington,Not Reported,12,1,0
2020-06-09,Central Shenandoah,Female,919,71,16
2020-06-09,Central Shenandoah,Male,802,64,15
2020-06-09,Central Shenandoah,Not Reported,0,0,0
2020-06-09,Central Virginia,Female,115,8,0
2020-06-09,Central Virginia,Male,135,9,4
2020-06-09,Central Virginia,Not Reported,0,0,0
2020-06-09,Chesapeake,Female,345,50,7
2020-06-09,Chesapeake,Male,259,47,8
2020-06-09,Chesapeake,Not Reported,1,0,0
2020-06-09,Chesterfield,Female,1044,50,26
2020-06-09,Chesterfield,Male,978,53,27
2020-06-09,Chesterfield,Not Reported,71,0,1
2020-06-09,Chickahominy,Female,293,45,15
2020-06-09,Chickahominy,Male,231,44,18
2020-06-09,Chickahominy,Not Reported,8,1,0
2020-06-09,Crater,Female,451,60,14
2020-06-09,Crater,Male,625,44,7
2020-06-09,Crater,Not Reported,17,2,0
2020-06-09,Cumberland Plateau,Female,19,1,0
2020-06-09,Cumberland Plateau,Male,16,1,0
2020-06-09,Cumberland Plateau,Not Reported,0,0,0
2020-06-09,Eastern Shore,Female,620,46,21
2020-06-09,Eastern Shore,Male,616,42,19
2020-06-09,Eastern Shore,Not Reported,3,0,0
2020-06-09,Fairfax,Female,6418,631,208
2020-06-09,Fairfax,Male,6261,818,214
2020-06-09,Fairfax,Not Reported,141,6,7
2020-06-09,Hampton,Female,122,13,1
2020-06-09,Hampton,Male,104,22,3
2020-06-09,Hampton,Not Reported,2,0,0
2020-06-09,Henrico,Female,1191,107,66
2020-06-09,Henrico,Male,945,113,66
2020-06-09,Henrico,Not Reported,10,0,2
2020-06-09,Lenowisco,Female,21,8,1
2020-06-09,Lenowisco,Male,24,8,3
2020-06-09,Lenowisco,Not Reported,0,0,0
2020-06-09,Lord Fairfax,Female,850,67,29
2020-06-09,Lord Fairfax,Male,777,69,29
2020-06-09,Lord Fairfax,Not Reported,14,0,0
2020-06-09,Loudoun,Female,1604,87,35
2020-06-09,Loudoun,Male,1550,98,28
2020-06-09,Loudoun,Not Reported,20,0,4
2020-06-09,Mount Rogers,Female,257,12,6
2020-06-09,Mount Rogers,Male,205,32,5
2020-06-09,Mount Rogers,Not Reported,4,1,1
2020-06-09,New River,Female,74,7,0
2020-06-09,New River,Male,66,10,3
2020-06-09,New River,Not Reported,3,0,0
2020-06-09,Norfolk,Female,299,36,1
2020-06-09,Norfolk,Male,296,37,6
2020-06-09,Norfolk,Not Reported,1,0,0
2020-06-09,Peninsula,Female,369,56,21
2020-06-09,Peninsula,Male,317,62,12
2020-06-09,Peninsula,Not Reported,4,0,0
2020-06-09,Piedmont,Female,217,25,2
2020-06-09,Piedmont,Male,592,35,4
2020-06-09,Piedmont,Not Reported,1,0,0
2020-06-09,Pittsylvania-Danville,Female,60,16,2
2020-06-09,Pittsylvania-Danville,Male,49,12,1
2020-06-09,Pittsylvania-Danville,Not Reported,1,0,0
2020-06-09,Portsmouth,Female,164,27,5
2020-06-09,Portsmouth,Male,184,21,6
2020-06-09,Portsmouth,Not Reported,3,0,0
2020-06-09,Prince William,Female,3878,295,64
2020-06-09,Prince William,Male,3979,373,72
2020-06-09,Prince William,Not Reported,92,1,0
2020-06-09,Rappahannock,Female,973,75,5
2020-06-09,Rappahannock,Male,921,101,16
2020-06-09,Rappahannock,Not Reported,11,1,0
2020-06-09,Rappahannock Rapidan,Female,627,37,6
2020-06-09,Rappahannock Rapidan,Male,653,57,10
2020-06-09,Rappahannock Rapidan,Not Reported,32,2,1
2020-06-09,Richmond,Female,780,72,5
2020-06-09,Richmond,Male,839,103,20
2020-06-09,Richmond,Not Reported,48,2,2
2020-06-09,Roanoke,Female,115,4,8
2020-06-09,Roanoke,Male,89,6,2
2020-06-09,Roanoke,Not Reported,0,0,0
2020-06-09,Southside,Female,197,23,16
2020-06-09,Southside,Male,97,21,10
2020-06-09,Southside,Not Reported,3,0,0
2020-06-09,Thomas Jefferson,Female,340,41,9
2020-06-09,Thomas Jefferson,Male,305,36,10
2020-06-09,Thomas Jefferson,Not Reported,4,0,0
2020-06-09,Three Rivers,Female,162,25,7
2020-06-09,Three Rivers,Male,386,15,2
2020-06-09,Three Rivers,Not Reported,19,0,0
2020-06-09,Virginia Beach,Female,431,49,11
2020-06-09,Virginia Beach,Male,380,55,16
2020-06-09,Virginia Beach,Not Reported,4,0,0
2020-06-09,West Piedmont,Female,145,10,2
2020-06-09,West Piedmont,Male,142,16,3
2020-06-09,West Piedmont,Not Reported,6,0,0
2020-06-09,Western Tidewater,Female,331,28,20
2020-06-09,Western Tidewater,Male,335,49,26
2020-06-09,Western Tidewater,Not Reported,3,0,0
2020-06-10,Alexandria,Female,1084,95,25
2020-06-10,Alexandria,Male,1033,121,22
2020-06-10,Alexandria,Not Reported,8,0,0
2020-06-10,Alleghany,Female,134,9,9
2020-06-10,Alleghany,Male,108,16,5
2020-06-10,Alleghany,Not Reported,1,0,0
2020-06-10,Arlington,Female,1125,178,60
2020-06-10,Arlington,Male,1144,215,61
2020-06-10,Arlington,Not Reported,11,1,0
2020-06-10,Central Shenandoah,Female,926,71,16
2020-06-10,Central Shenandoah,Male,808,64,15
2020-06-10,Central Shenandoah,Not Reported,0,0,0
2020-06-10,Central Virginia,Female,118,8,0
2020-06-10,Central Virginia,Male,136,9,4
2020-06-10,Central Virginia,Not Reported,0,0,0
2020-06-10,Chesapeake,Female,352,50,7
2020-06-10,Chesapeake,Male,264,47,8
2020-06-10,Chesapeake,Not Reported,1,0,0
2020-06-10,Chesterfield,Female,1069,50,26
2020-06-10,Chesterfield,Male,1008,54,28
2020-06-10,Chesterfield,Not Reported,72,0,1
2020-06-10,Chickahominy,Female,294,46,15
2020-06-10,Chickahominy,Male,231,48,19
2020-06-10,Chickahominy,Not Reported,8,1,0
2020-06-10,Crater,Female,458,61,14
2020-06-10,Crater,Male,651,44,7
2020-06-10,Crater,Not Reported,17,2,0
2020-06-10,Cumberland Plateau,Female,19,1,0
2020-06-10,Cumberland Plateau,Male,16,1,0
2020-06-10,Cumberland Plateau,Not Reported,0,0,0
2020-06-10,Eastern Shore,Female,620,46,21
2020-06-10,Eastern Shore,Male,618,42,19
2020-06-10,Eastern Shore,Not Reported,3,0,0
2020-06-10,Fairfax,Female,6446,639,212
2020-06-10,Fairfax,Male,6283,824,217
2020-06-10,Fairfax,Not Reported,142,6,7
2020-06-10,Hampton,Female,124,14,2
2020-06-10,Hampton,Male,105,22,3
2020-06-10,Hampton,Not Reported,2,0,0
2020-06-10,Henrico,Female,1202,109,66
2020-06-10,Henrico,Male,952,114,68
2020-06-10,Henrico,Not Reported,8,0,1
2020-06-10,Lenowisco,Female,21,8,1
2020-06-10,Lenowisco,Male,24,8,3
2020-06-10,Lenowisco,Not Reported,0,0,0
2020-06-10,Lord Fairfax,Female,861,67,30
2020-06-10,Lord Fairfax,Male,787,69,30
2020-06-10,Lord Fairfax,Not Reported,14,0,0
2020-06-10,Loudoun,Female,1604,94,35
2020-06-10,Loudoun,Male,1556,102,28
2020-06-10,Loudoun,Not Reported,20,0,4
2020-06-10,Mount Rogers,Female,269,12,8
2020-06-10,Mount Rogers,Male,209,33,9
2020-06-10,Mount Rogers,Not Reported,4,1,1
2020-06-10,New River,Female,74,7,0
2020-06-10,New River,Male,69,11,3
2020-06-10,New River,Not Reported,3,0,0
2020-06-10,Norfolk,Female,302,37,1
2020-06-10,Norfolk,Male,301,37,6
2020-06-10,Norfolk,Not Reported,2,0,0
2020-06-10,Peninsula,Female,373,58,21
2020-06-10,Peninsula,Male,318,62,12
2020-06-10,Peninsula,Not Reported,4,0,0
2020-06-10,Piedmont,Female,218,25,3
2020-06-10,Piedmont,Male,608,36,4
2020-06-10,Piedmont,Not Reported,1,0,0
2020-06-10,Pittsylvania-Danville,Female,64,16,2
2020-06-10,Pittsylvania-Danville,Male,50,12,1
2020-06-10,Pittsylvania-Danville,Not Reported,1,0,0
2020-06-10,Portsmouth,Female,164,28,5
2020-06-10,Portsmouth,Male,187,21,6
2020-06-10,Portsmouth,Not Reported,3,0,0
2020-06-10,Prince William,Female,3898,303,64
2020-06-10,Prince William,Male,4008,379,72
2020-06-10,Prince William,Not Reported,92,1,0
2020-06-10,Rappahannock,Female,985,75,5
2020-06-10,Rappahannock,Male,934,102,17
2020-06-10,Rappahannock,Not Reported,11,1,0
2020-06-10,Rappahannock Rapidan,Female,630,37,6
2020-06-10,Rappahannock Rapidan,Male,657,57,11
2020-06-10,Rappahannock Rapidan,Not Reported,32,2,1
2020-06-10,Richmond,Female,792,74,5
2020-06-10,Richmond,Male,848,104,19
2020-06-10,Richmond,Not Reported,46,2,2
2020-06-10,Roanoke,Female,117,4,8
2020-06-10,Roanoke,Male,90,6,2
2020-06-10,Roanoke,Not Reported,0,0,0
2020-06-10,Southside,Female,199,23,16
2020-06-10,Southside,Male,97,21,10
2020-06-10,Southside,Not Reported,3,0,0
2020-06-10,Thomas Jefferson,Female,342,41,9
2020-06-10,Thomas Jefferson,Male,307,36,10
2020-06-10,Thomas Jefferson,Not Reported,6,0,0
2020-06-10,Three Rivers,Female,163,27,7
2020-06-10,Three Rivers,Male,387,15,2
2020-06-10,Three Rivers,Not Reported,19,0,0
2020-06-10,Virginia Beach,Female,433,49,11
2020-06-10,Virginia Beach,Male,384,56,16
2020-06-10,Virginia Beach,Not Reported,6,0,0
2020-06-10,West Piedmont,Female,150,11,2
2020-06-10,West Piedmont,Male,147,17,3
2020-06-10,West Piedmont,Not Reported,6,0,0
2020-06-10,Western Tidewater,Female,333,28,19
2020-06-10,Western Tidewater,Male,340,49,26
2020-06-10,Western Tidewater,Not Reported,3,0,0
2020-06-11,Alexandria,Female,1085,96,26
2020-06-11,Alexandria,Male,1034,122,22
2020-06-11,Alexandria,Not Reported,8,0,0
2020-06-11,Alleghany,Female,136,9,9
2020-06-11,Alleghany,Male,113,16,5
2020-06-11,Alleghany,Not Reported,1,0,0
2020-06-11,Arlington,Female,1136,179,60
2020-06-11,Arlington,Male,1154,216,64
2020-06-11,Arlington,Not Reported,9,1,0
2020-06-11,Central Shenandoah,Female,932,73,17
2020-06-11,Central Shenandoah,Male,808,65,15
2020-06-11,Central Shenandoah,Not Reported,0,0,0
2020-06-11,Central Virginia,Female,118,8,0
2020-06-11,Central Virginia,Male,135,9,4
2020-06-11,Central Virginia,Not Reported,0,0,0
2020-06-11,Chesapeake,Female,354,50,7
2020-06-11,Chesapeake,Male,267,48,8
2020-06-11,Chesapeake,Not Reported,1,0,0
2020-06-11,Chesterfield,Female,1091,55,26
2020-06-11,Chesterfield,Male,1032,62,28
2020-06-11,Chesterfield,Not Reported,72,0,1
2020-06-11,Chickahominy,Female,298,46,15
2020-06-11,Chickahominy,Male,234,49,19
2020-06-11,Chickahominy,Not Reported,7,1,0
2020-06-11,Crater,Female,463,61,14
2020-06-11,Crater,Male,659,45,7
2020-06-11,Crater,Not Reported,17,2,0
2020-06-11,Cumberland Plateau,Female,19,1,0
2020-06-11,Cumberland Plateau,Male,16,1,0
2020-06-11,Cumberland Plateau,Not Reported,0,0,0
2020-06-11,Eastern Shore,Female,622,47,21
2020-06-11,Eastern Shore,Male,618,42,19
2020-06-11,Eastern Shore,Not Reported,3,0,0
2020-06-11,Fairfax,Female,6481,644,212
2020-06-11,Fairfax,Male,6315,829,213
2020-06-11,Fairfax,Not Reported,140,5,7
2020-06-11,Hampton,Female,125,14,2
2020-06-11,Hampton,Male,106,23,3
2020-06-11,Hampton,Not Reported,2,0,0
2020-06-11,Henrico,Female,1205,111,66
2020-06-11,Henrico,Male,957,118,68
2020-06-11,Henrico,Not Reported,8,0,1
2020-06-11,Lenowisco,Female,21,8,1
2020-06-11,Lenowisco,Male,24,8,3
2020-06-11,Lenowisco,Not Reported,0,0,0
2020-06-11,Lord Fairfax,Female,866,67,30
2020-06-11,Lord Fairfax,Male,796,70,30
2020-06-11,Lord Fairfax,Not Reported,13,0,0
2020-06-11,Loudoun,Female,1628,94,36
2020-06-11,Loudoun,Male,1581,107,29
2020-06-11,Loudoun,Not Reported,20,0,4
2020-06-11,Mount Rogers,Female,279,15,8
2020-06-11,Mount Rogers,Male,223,36,10
2020-06-11,Mount Rogers,Not Reported,4,1,1
2020-06-11,New River,Female,74,7,0
2020-06-11,New River,Male,69,11,4
2020-06-11,New River,Not Reported,3,0,0
2020-06-11,Norfolk,Female,310,37,1
2020-06-11,Norfolk,Male,307,37,6
2020-06-11,Norfolk,Not Reported,2,0,0
2020-06-11,Peninsula,Female,381,58,21
2020-06-11,Peninsula,Male,325,62,12
2020-06-11,Peninsula,Not Reported,4,0,0
2020-06-11,Piedmont,Female,227,28,3
2020-06-11,Piedmont,Male,629,35,4
2020-06-11,Piedmont,Not Reported,1,0,0
2020-06-11,Pittsylvania-Danville,Female,64,16,2
2020-06-11,Pittsylvania-Danville,Male,52,14,1
2020-06-11,Pittsylvania-Danville,Not Reported,1,0,0
2020-06-11,Portsmouth,Female,169,32,5
2020-06-11,Portsmouth,Male,192,24,6
2020-06-11,Portsmouth,Not Reported,3,0,0
2020-06-11,Prince William,Female,3911,311,64
2020-06-11,Prince William,Male,4027,383,72
2020-06-11,Prince William,Not Reported,90,1,0
2020-06-11,Rappahannock,Female,995,76,6
2020-06-11,Rappahannock,Male,945,103,17
2020-06-11,Rappahannock,Not Reported,10,1,0
2020-06-11,Rappahannock Rapidan,Female,636,37,6
2020-06-11,Rappahannock Rapidan,Male,656,59,11
2020-06-11,Rappahannock Rapidan,Not Reported,32,2,1
2020-06-11,Richmond,Female,805,76,5
2020-06-11,Richmond,Male,861,106,19
2020-06-11,Richmond,Not Reported,43,2,2
2020-06-11,Roanoke,Female,127,4,8
2020-06-11,Roanoke,Male,94,6,2
2020-06-11,Roanoke,Not Reported,1,0,0
2020-06-11,Southside,Female,201,23,16
2020-06-11,Southside,Male,97,21,10
2020-06-11,Southside,Not Reported,3,0,0
2020-06-11,Thomas Jefferson,Female,349,42,9
2020-06-11,Thomas Jefferson,Male,314,36,10
2020-06-11,Thomas Jefferson,Not Reported,6,0,0
2020-06-11,Three Rivers,Female,163,28,7
2020-06-11,Three Rivers,Male,389,15,2
2020-06-11,Three Rivers,Not Reported,18,0,0
2020-06-11,Virginia Beach,Female,438,49,11
2020-06-11,Virginia Beach,Male,388,58,16
2020-06-11,Virginia Beach,Not Reported,6,0,0
2020-06-11,West Piedmont,Female,155,12,2
2020-06-11,West Piedmont,Male,151,17,3
2020-06-11,West Piedmont,Not Reported,6,0,0
2020-06-11,Western Tidewater,Female,336,28,19
2020-06-11,Western Tidewater,Male,343,49,26
2020-06-11,Western Tidewater,Not Reported,2,0,0
2020-06-12,Alexandria,Female,1085,99,26
2020-06-12,Alexandria,Male,1035,123,22
2020-06-12,Alexandria,Not Reported,8,0,0
2020-06-12,Alleghany,Female,136,9,9
2020-06-12,Alleghany,Male,117,17,5
2020-06-12,Alleghany,Not Reported,3,0,0
2020-06-12,Arlington,Female,1139,181,60
2020-06-12,Arlington,Male,1159,215,65
2020-06-12,Arlington,Not Reported,9,1,0
2020-06-12,Central Shenandoah,Female,941,74,17
2020-06-12,Central Shenandoah,Male,815,64,15
2020-06-12,Central Shenandoah,Not Reported,0,0,0
2020-06-12,Central Virginia,Female,121,8,0
2020-06-12,Central Virginia,Male,139,9,4
2020-06-12,Central Virginia,Not Reported,0,0,0
2020-06-12,Chesapeake,Female,358,50,7
2020-06-12,Chesapeake,Male,277,49,9
2020-06-12,Chesapeake,Not Reported,1,0,0
2020-06-12,Chesterfield,Female,1127,59,26
2020-06-12,Chesterfield,Male,1071,67,28
2020-06-12,Chesterfield,Not Reported,72,0,1
2020-06-12,Chickahominy,Female,303,46,15
2020-06-12,Chickahominy,Male,236,48,19
2020-06-12,Chickahominy,Not Reported,7,1,0
2020-06-12,Crater,Female,474,61,14
2020-06-12,Crater,Male,669,45,7
2020-06-12,Crater,Not Reported,17,3,0
2020-06-12,Cumberland Plateau,Female,19,1,0
2020-06-12,Cumberland Plateau,Male,16,1,0
2020-06-12,Cumberland Plateau,Not Reported,0,0,0
2020-06-12,Eastern Shore,Female,623,48,21
2020-06-12,Eastern Shore,Male,620,44,19
2020-06-12,Eastern Shore,Not Reported,3,0,0
2020-06-12,Fairfax,Female,6511,647,216
2020-06-12,Fairfax,Male,6340,830,214
2020-06-12,Fairfax,Not Reported,136,5,5
2020-06-12,Hampton,Female,125,14,2
2020-06-12,Hampton,Male,107,23,3
2020-06-12,Hampton,Not Reported,2,0,0
2020-06-12,Henrico,Female,1218,112,67
2020-06-12,Henrico,Male,967,119,68
2020-06-12,Henrico,Not Reported,8,0,1
2020-06-12,Lenowisco,Female,21,8,1
2020-06-12,Lenowisco,Male,24,8,3
2020-06-12,Lenowisco,Not Reported,0,0,0
2020-06-12,Lord Fairfax,Female,873,68,31
2020-06-12,Lord Fairfax,Male,816,71,30
2020-06-12,Lord Fairfax,Not Reported,14,0,0
2020-06-12,Loudoun,Female,1654,97,37
2020-06-12,Loudoun,Male,1605,107,29
2020-06-12,Loudoun,Not Reported,21,0,4
2020-06-12,Mount Rogers,Female,282,16,8
2020-06-12,Mount Rogers,Male,229,39,11
2020-06-12,Mount Rogers,Not Reported,4,1,1
2020-06-12,New River,Female,74,7,0
2020-06-12,New River,Male,69,11,4
2020-06-12,New River,Not Reported,3,0,0
2020-06-12,Norfolk,Female,314,37,1
2020-06-12,Norfolk,Male,314,37,6
2020-06-12,Norfolk,Not Reported,2,0,0
2020-06-12,Peninsula,Female,391,58,21
2020-06-12,Peninsula,Male,336,62,12
2020-06-12,Peninsula,Not Reported,4,0,0
2020-06-12,Piedmont,Female,236,30,3
2020-06-12,Piedmont,Male,637,38,4
2020-06-12,Piedmont,Not Reported,1,0,0
2020-06-12,Pittsylvania-Danville,Female,67,16,2
2020-06-12,Pittsylvania-Danville,Male,54,15,1
2020-06-12,Pittsylvania-Danville,Not Reported,1,0,0
2020-06-12,Portsmouth,Female,173,32,5
2020-06-12,Portsmouth,Male,194,24,6
2020-06-12,Portsmouth,Not Reported,3,0,0
2020-06-12,Prince William,Female,3941,324,64
2020-06-12,Prince William,Male,4060,400,74
2020-06-12,Prince William,Not Reported,89,1,0
2020-06-12,Rappahannock,Female,1020,80,7
2020-06-12,Rappahannock,Male,958,105,17
2020-06-12,Rappahannock,Not Reported,10,1,0
2020-06-12,Rappahannock Rapidan,Female,638,37,6
2020-06-12,Rappahannock Rapidan,Male,662,60,11
2020-06-12,Rappahannock Rapidan,Not Reported,32,2,1
2020-06-12,Richmond,Female,816,76,6
2020-06-12,Richmond,Male,876,107,20
2020-06-12,Richmond,Not Reported,41,2,2
2020-06-12,Roanoke,Female,130,5,8
2020-06-12,Roanoke,Male,96,6,2
2020-06-12,Roanoke,Not Reported,6,0,0
2020-06-12,Southside,Female,201,23,16
2020-06-12,Southside,Male,98,21,10
2020-06-12,Southside,Not Reported,3,0,0
2020-06-12,Thomas Jefferson,Female,355,42,9
2020-06-12,Thomas Jefferson,Male,318,37,10
2020-06-12,Thomas Jefferson,Not Reported,7,0,0
2020-06-12,Three Rivers,Female,165,29,7
2020-06-12,Three Rivers,Male,389,16,2
2020-06-12,Three Rivers,Not Reported,18,0,0
2020-06-12,Virginia Beach,Female,445,49,11
2020-06-12,Virginia Beach,Male,396,58,16
2020-06-12,Virginia Beach,Not Reported,6,0,0
2020-06-12,West Piedmont,Female,159,14,2
2020-06-12,West Piedmont,Male,155,18,3
2020-06-12,West Piedmont,Not Reported,6,0,0
2020-06-12,Western Tidewater,Female,338,28,19
2020-06-12,Western Tidewater,Male,345,49,26
2020-06-12,Western Tidewater,Not Reported,2,0,0
2020-06-13,Alexandria,Female,1089,100,26
2020-06-13,Alexandria,Male,1037,123,22
2020-06-13,Alexandria,Not Reported,8,0,0
2020-06-13,Alleghany,Female,139,10,9
2020-06-13,Alleghany,Male,120,17,5
2020-06-13,Alleghany,Not Reported,3,0,0
2020-06-13,Arlington,Female,1143,182,60
2020-06-13,Arlington,Male,1168,215,65
2020-06-13,Arlington,Not Reported,10,1,0
2020-06-13,Central Shenandoah,Female,945,74,17
2020-06-13,Central Shenandoah,Male,820,66,15
2020-06-13,Central Shenandoah,Not Reported,0,0,0
2020-06-13,Central Virginia,Female,129,8,0
2020-06-13,Central Virginia,Male,138,9,4
2020-06-13,Central Virginia,Not Reported,0,0,0
2020-06-13,Chesapeake,Female,363,50,7
2020-06-13,Chesapeake,Male,286,50,9
2020-06-13,Chesapeake,Not Reported,1,0,0
2020-06-13,Chesterfield,Female,1145,59,26
2020-06-13,Chesterfield,Male,1098,68,29
2020-06-13,Chesterfield,Not Reported,73,0,1
2020-06-13,Chickahominy,Female,310,46,15
2020-06-13,Chickahominy,Male,239,50,19
2020-06-13,Chickahominy,Not Reported,7,1,0
2020-06-13,Crater,Female,488,65,14
2020-06-13,Crater,Male,704,45,7
2020-06-13,Crater,Not Reported,17,3,0
2020-06-13,Cumberland Plateau,Female,19,1,0
2020-06-13,Cumberland Plateau,Male,16,1,0
2020-06-13,Cumberland Plateau,Not Reported,0,0,0
2020-06-13,Eastern Shore,Female,627,49,22
2020-06-13,Eastern Shore,Male,620,44,19
2020-06-13,Eastern Shore,Not Reported,3,0,0
2020-06-13,Fairfax,Female,6560,649,216
2020-06-13,Fairfax,Male,6364,832,216
2020-06-13,Fairfax,Not Reported,138,5,4
2020-06-13,Hampton,Female,125,14,2
2020-06-13,Hampton,Male,107,23,3
2020-06-13,Hampton,Not Reported,2,0,0
2020-06-13,Henrico,Female,1240,113,67
2020-06-13,Henrico,Male,986,120,68
2020-06-13,Henrico,Not Reported,8,0,1
2020-06-13,Lenowisco,Female,21,8,1
2020-06-13,Lenowisco,Male,24,8,3
2020-06-13,Lenowisco,Not Reported,0,0,0
2020-06-13,Lord Fairfax,Female,880,71,31
2020-06-13,Lord Fairfax,Male,822,75,30
2020-06-13,Lord Fairfax,Not Reported,15,0,0
2020-06-13,Loudoun,Female,1674,97,39
2020-06-13,Loudoun,Male,1626,107,29
2020-06-13,Loudoun,Not Reported,21,0,3
2020-06-13,Mount Rogers,Female,300,17,8
2020-06-13,Mount Rogers,Male,242,42,11
2020-06-13,Mount Rogers,Not Reported,4,1,1
2020-06-13,New River,Female,74,7,0
2020-06-13,New River,Male,71,11,4
2020-06-13,New River,Not Reported,3,0,0
2020-06-13,Norfolk,Female,320,40,1
2020-06-13,Norfolk,Male,321,40,6
2020-06-13,Norfolk,Not Reported,2,0,0
2020-06-13,Peninsula,Female,397,59,21
2020-06-13,Peninsula,Male,338,62,12
2020-06-13,Peninsula,Not Reported,4,0,0
2020-06-13,Piedmont,Female,239,31,3
2020-06-13,Piedmont,Male,640,39,4
2020-06-13,Piedmont,Not Reported,1,0,0
2020-06-13,Pittsylvania-Danville,Female,67,16,2
2020-06-13,Pittsylvania-Danville,Male,55,15,1
2020-06-13,Pittsylvania-Danville,Not Reported,1,0,0
2020-06-13,Portsmouth,Female,176,33,6
2020-06-13,Portsmouth,Male,196,24,6
2020-06-13,Portsmouth,Not Reported,3,0,0
2020-06-13,Prince William,Female,3990,330,64
2020-06-13,Prince William,Male,4095,410,74
2020-06-13,Prince William,Not Reported,95,1,0
2020-06-13,Rappahannock,Female,1038,81,7
2020-06-13,Rappahannock,Male,975,106,19
2020-06-13,Rappahannock,Not Reported,10,1,0
2020-06-13,Rappahannock Rapidan,Female,641,37,6
2020-06-13,Rappahannock Rapidan,Male,667,60,11
2020-06-13,Rappahannock Rapidan,Not Reported,32,2,1
2020-06-13,Richmond,Female,843,76,6
2020-06-13,Richmond,Male,904,108,20
2020-06-13,Richmond,Not Reported,42,2,2
2020-06-13,Roanoke,Female,138,5,8
2020-06-13,Roanoke,Male,103,6,2
2020-06-13,Roanoke,Not Reported,6,0,0
2020-06-13,Southside,Female,203,23,16
2020-06-13,Southside,Male,101,22,10
2020-06-13,Southside,Not Reported,3,0,0
2020-06-13,Thomas Jefferson,Female,357,43,9
2020-06-13,Thomas Jefferson,Male,321,38,10
2020-06-13,Thomas Jefferson,Not Reported,7,0,0
2020-06-13,Three Rivers,Female,168,30,7
2020-06-13,Three Rivers,Male,391,16,2
2020-06-13,Three Rivers,Not Reported,18,0,0
2020-06-13,Virginia Beach,Female,458,49,11
2020-06-13,Virginia Beach,Male,405,58,16
2020-06-13,Virginia Beach,Not Reported,6,0,0
2020-06-13,West Piedmont,Female,161,14,2
2020-06-13,West Piedmont,Male,159,19,3
2020-06-13,West Piedmont,Not Reported,6,0,0
2020-06-13,Western Tidewater,Female,344,29,19
2020-06-13,Western Tidewater,Male,348,49,26
2020-06-13,Western Tidewater,Not Reported,2,0,0
2020-06-14,Alexandria,Female,1098,100,26
2020-06-14,Alexandria,Male,1045,123,22
2020-06-14,Alexandria,Not Reported,8,0,0
2020-06-14,Alleghany,Female,139,10,9
2020-06-14,Alleghany,Male,121,17,5
2020-06-14,Alleghany,Not Reported,3,0,0
2020-06-14,Arlington,Female,1152,181,60
2020-06-14,Arlington,Male,1176,218,65
2020-06-14,Arlington,Not Reported,10,1,0
2020-06-14,Central Shenandoah,Female,955,75,17
2020-06-14,Central Shenandoah,Male,828,66,15
2020-06-14,Central Shenandoah,Not Reported,0,0,0
2020-06-14,Central Virginia,Female,130,8,0
2020-06-14,Central Virginia,Male,139,9,4
2020-06-14,Central Virginia,Not Reported,0,0,0
2020-06-14,Chesapeake,Female,368,50,7
2020-06-14,Chesapeake,Male,289,50,9
2020-06-14,Chesapeake,Not Reported,2,0,0
2020-06-14,Chesterfield,Female,1157,59,26
2020-06-14,Chesterfield,Male,1116,68,29
2020-06-14,Chesterfield,Not Reported,74,0,1
2020-06-14,Chickahominy,Female,313,47,15
2020-06-14,Chickahominy,Male,241,51,19
2020-06-14,Chickahominy,Not Reported,7,1,0
2020-06-14,Crater,Female,491,65,14
2020-06-14,Crater,Male,720,45,7
2020-06-14,Crater,Not Reported,17,3,0
2020-06-14,Cumberland Plateau,Female,19,1,0
2020-06-14,Cumberland Plateau,Male,16,1,0
2020-06-14,Cumberland Plateau,Not Reported,0,0,0
2020-06-14,Eastern Shore,Female,629,49,22
2020-06-14,Eastern Shore,Male,623,44,19
2020-06-14,Eastern Shore,Not Reported,3,0,0
2020-06-14,Fairfax,Female,6603,651,216
2020-06-14,Fairfax,Male,6399,834,216
2020-06-14,Fairfax,Not Reported,138,5,4
2020-06-14,Hampton,Female,127,14,2
2020-06-14,Hampton,Male,109,23,3
2020-06-14,Hampton,Not Reported,2,0,0
2020-06-14,Henrico,Female,1254,114,67
2020-06-14,Henrico,Male,1001,123,68
2020-06-14,Henrico,Not Reported,9,0,1
2020-06-14,Lenowisco,Female,21,8,1
2020-06-14,Lenowisco,Male,24,8,3
2020-06-14,Lenowisco,Not Reported,0,0,0
2020-06-14,Lord Fairfax,Female,888,71,31
2020-06-14,Lord Fairfax,Male,823,75,30
2020-06-14,Lord Fairfax,Not Reported,15,0,0
2020-06-14,Loudoun,Female,1700,97,39
2020-06-14,Loudoun,Male,1663,107,29
2020-06-14,Loudoun,Not Reported,21,0,3
2020-06-14,Mount Rogers,Female,312,20,9
2020-06-14,Mount Rogers,Male,248,43,13
2020-06-14,Mount Rogers,Not Reported,3,0,0
2020-06-14,New River,Female,75,7,0
2020-06-14,New River,Male,71,11,4
2020-06-14,New River,Not Reported,3,0,0
2020-06-14,Norfolk,Female,330,40,1
2020-06-14,Norfolk,Male,328,40,6
2020-06-14,Norfolk,Not Reported,2,0,0
2020-06-14,Peninsula,Female,409,59,21
2020-06-14,Peninsula,Male,345,62,12
2020-06-14,Peninsula,Not Reported,4,0,0
2020-06-14,Piedmont,Female,242,32,3
2020-06-14,Piedmont,Male,641,39,4
2020-06-14,Piedmont,Not Reported,1,0,0
2020-06-14,Pittsylvania-Danville,Female,74,16,2
2020-06-14,Pittsylvania-Danville,Male,59,16,1
2020-06-14,Pittsylvania-Danville,Not Reported,1,0,0
2020-06-14,Portsmouth,Female,176,33,6
2020-06-14,Portsmouth,Male,196,24,6
2020-06-14,Portsmouth,Not Reported,3,0,0
2020-06-14,Prince William,Female,4043,330,64
2020-06-14,Prince William,Male,4129,410,74
2020-06-14,Prince William,Not Reported,95,1,0
2020-06-14,Rappahannock,Female,1097,81,9
2020-06-14,Rappahannock,Male,992,107,19
2020-06-14,Rappahannock,Not Reported,16,1,0
2020-06-14,Rappahannock Rapidan,Female,645,38,6
2020-06-14,Rappahannock Rapidan,Male,677,62,11
2020-06-14,Rappahannock Rapidan,Not Reported,32,2,1
2020-06-14,Richmond,Female,855,77,6
2020-06-14,Richmond,Male,915,109,21
2020-06-14,Richmond,Not Reported,44,2,2
2020-06-14,Roanoke,Female,140,5,8
2020-06-14,Roanoke,Male,104,6,2
2020-06-14,Roanoke,Not Reported,6,0,0
2020-06-14,Southside,Female,204,23,16
2020-06-14,Southside,Male,102,22,10
2020-06-14,Southside,Not Reported,3,0,0
2020-06-14,Thomas Jefferson,Female,365,43,9
2020-06-14,Thomas Jefferson,Male,329,38,10
2020-06-14,Thomas Jefferson,Not Reported,7,0,0
2020-06-14,Three Rivers,Female,168,30,7
2020-06-14,Three Rivers,Male,395,16,2
2020-06-14,Three Rivers,Not Reported,18,0,0
2020-06-14,Virginia Beach,Female,468,50,11
2020-06-14,Virginia Beach,Male,416,58,16
2020-06-14,Virginia Beach,Not Reported,6,0,0
2020-06-14,West Piedmont,Female,162,14,2
2020-06-14,West Piedmont,Male,159,19,3
2020-06-14,West Piedmont,Not Reported,6,0,0
2020-06-14,Western Tidewater,Female,346,29,19
2020-06-14,Western Tidewater,Male,351,49,26
2020-06-14,Western Tidewater,Not Reported,2,0,0
2020-06-15,Alexandria,Female,1102,101,26
2020-06-15,Alexandria,Male,1049,124,22
2020-06-15,Alexandria,Not Reported,9,0,0
2020-06-15,Alleghany,Female,139,10,9
2020-06-15,Alleghany,Male,121,17,5
2020-06-15,Alleghany,Not Reported,3,0,0
2020-06-15,Arlington,Female,1156,183,60
2020-06-15,Arlington,Male,1180,221,65
2020-06-15,Arlington,Not Reported,10,1,0
2020-06-15,Central Shenandoah,Female,958,77,17
2020-06-15,Central Shenandoah,Male,829,67,15
2020-06-15,Central Shenandoah,Not Reported,0,0,0
2020-06-15,Central Virginia,Female,130,8,0
2020-06-15,Central Virginia,Male,139,9,4
2020-06-15,Central Virginia,Not Reported,0,0,0
2020-06-15,Chesapeake,Female,375,50,7
2020-06-15,Chesapeake,Male,295,52,9
2020-06-15,Chesapeake,Not Reported,2,0,0
2020-06-15,Chesterfield,Female,1163,59,26
2020-06-15,Chesterfield,Male,1121,68,29
2020-06-15,Chesterfield,Not Reported,76,0,1
2020-06-15,Chickahominy,Female,314,48,16
2020-06-15,Chickahominy,Male,247,52,19
2020-06-15,Chickahominy,Not Reported,7,1,0
2020-06-15,Crater,Female,502,65,14
2020-06-15,Crater,Male,728,45,7
2020-06-15,Crater,Not Reported,17,3,0
2020-06-15,Cumberland Plateau,Female,19,1,0
2020-06-15,Cumberland Plateau,Male,16,1,0
2020-06-15,Cumberland Plateau,Not Reported,0,0,0
2020-06-15,Eastern Shore,Female,629,49,22
2020-06-15,Eastern Shore,Male,626,44,19
2020-06-15,Eastern Shore,Not Reported,3,0,0
2020-06-15,Fairfax,Female,6651,666,216
2020-06-15,Fairfax,Male,6426,847,216
2020-06-15,Fairfax,Not Reported,138,5,4
2020-06-15,Hampton,Female,129,14,2
2020-06-15,Hampton,Male,110,23,3
2020-06-15,Hampton,Not Reported,2,0,0
2020-06-15,Henrico,Female,1262,114,67
2020-06-15,Henrico,Male,1018,124,68
2020-06-15,Henrico,Not Reported,9,0,1
2020-06-15,Lenowisco,Female,22,8,1
2020-06-15,Lenowisco,Male,24,8,3
2020-06-15,Lenowisco,Not Reported,0,0,0
2020-06-15,Lord Fairfax,Female,891,71,31
2020-06-15,Lord Fairfax,Male,826,76,30
2020-06-15,Lord Fairfax,Not Reported,15,0,0
2020-06-15,Loudoun,Female,1712,97,39
2020-06-15,Loudoun,Male,1671,107,29
2020-06-15,Loudoun,Not Reported,21,0,3
2020-06-15,Mount Rogers,Female,313,20,9
2020-06-15,Mount Rogers,Male,252,43,13
2020-06-15,Mount Rogers,Not Reported,3,0,0
2020-06-15,New River,Female,74,7,0
2020-06-15,New River,Male,72,11,4
2020-06-15,New River,Not Reported,3,0,0
2020-06-15,Norfolk,Female,333,42,1
2020-06-15,Norfolk,Male,334,40,6
2020-06-15,Norfolk,Not Reported,1,0,0
2020-06-15,Peninsula,Female,414,59,21
2020-06-15,Peninsula,Male,351,62,12
2020-06-15,Peninsula,Not Reported,4,0,0
2020-06-15,Piedmont,Female,251,32,3
2020-06-15,Piedmont,Male,645,39,4
2020-06-15,Piedmont,Not Reported,1,0,0
2020-06-15,Pittsylvania-Danville,Female,75,16,2
2020-06-15,Pittsylvania-Danville,Male,60,16,1
2020-06-15,Pittsylvania-Danville,Not Reported,1,0,0
2020-06-15,Portsmouth,Female,182,33,6
2020-06-15,Portsmouth,Male,201,25,6
2020-06-15,Portsmouth,Not Reported,3,0,0
2020-06-15,Prince William,Female,4066,332,65
2020-06-15,Prince William,Male,4147,411,76
2020-06-15,Prince William,Not Reported,93,1,0
2020-06-15,Rappahannock,Female,1120,82,9
2020-06-15,Rappahannock,Male,1004,108,20
2020-06-15,Rappahannock,Not Reported,16,1,0
2020-06-15,Rappahannock Rapidan,Female,647,38,6
2020-06-15,Rappahannock Rapidan,Male,680,62,11
2020-06-15,Rappahannock Rapidan,Not Reported,32,2,1
2020-06-15,Richmond,Female,861,77,6
2020-06-15,Richmond,Male,925,109,21
2020-06-15,Richmond,Not Reported,46,2,2
2020-06-15,Roanoke,Female,140,5,8
2020-06-15,Roanoke,Male,104,6,2
2020-06-15,Roanoke,Not Reported,6,0,0
2020-06-15,Southside,Female,207,23,16
2020-06-15,Southside,Male,102,22,10
2020-06-15,Southside,Not Reported,3,0,0
2020-06-15,Thomas Jefferson,Female,367,43,9
2020-06-15,Thomas Jefferson,Male,334,38,10
2020-06-15,Thomas Jefferson,Not Reported,7,0,0
2020-06-15,Three Rivers,Female,168,30,7
2020-06-15,Three Rivers,Male,398,16,2
2020-06-15,Three Rivers,Not Reported,18,0,0
2020-06-15,Virginia Beach,Female,471,50,11
2020-06-15,Virginia Beach,Male,422,58,16
2020-06-15,Virginia Beach,Not Reported,6,0,0
2020-06-15,West Piedmont,Female,162,14,2
2020-06-15,West Piedmont,Male,163,19,3
2020-06-15,West Piedmont,Not Reported,6,0,0
2020-06-15,Western Tidewater,Female,347,29,19
2020-06-15,Western Tidewater,Male,351,49,27
2020-06-15,Western Tidewater,Not Reported,2,0,0
2020-06-16,Alexandria,Female,1106,100,25
2020-06-16,Alexandria,Male,1053,124,22
2020-06-16,Alexandria,Not Reported,9,0,0
2020-06-16,Alleghany,Female,146,10,9
2020-06-16,Alleghany,Male,129,17,5
2020-06-16,Alleghany,Not Reported,3,0,0
2020-06-16,Arlington,Female,1164,183,59
2020-06-16,Arlington,Male,1189,223,66
2020-06-16,Arlington,Not Reported,10,1,0
2020-06-16,Central Shenandoah,Female,965,77,17
2020-06-16,Central Shenandoah,Male,833,69,14
2020-06-16,Central Shenandoah,Not Reported,0,0,0
2020-06-16,Central Virginia,Female,134,8,0
2020-06-16,Central Virginia,Male,146,9,4
2020-06-16,Central Virginia,Not Reported,0,0,0
2020-06-16,Chesapeake,Female,375,50,7
2020-06-16,Chesapeake,Male,301,52,9
2020-06-16,Chesapeake,Not Reported,2,0,0
2020-06-16,Chesterfield,Female,1199,60,26
2020-06-16,Chesterfield,Male,1152,68,29
2020-06-16,Chesterfield,Not Reported,78,0,1
2020-06-16,Chickahominy,Female,316,49,16
2020-06-16,Chickahominy,Male,247,52,19
2020-06-16,Chickahominy,Not Reported,7,1,0
2020-06-16,Crater,Female,508,68,14
2020-06-16,Crater,Male,729,46,7
2020-06-16,Crater,Not Reported,16,3,0
2020-06-16,Cumberland Plateau,Female,19,1,0
2020-06-16,Cumberland Plateau,Male,17,1,0
2020-06-16,Cumberland Plateau,Not Reported,0,0,0
2020-06-16,Eastern Shore,Female,637,53,22
2020-06-16,Eastern Shore,Male,627,49,19
2020-06-16,Eastern Shore,Not Reported,7,0,0
2020-06-16,Fairfax,Female,6655,670,221
2020-06-16,Fairfax,Male,6435,852,217
2020-06-16,Fairfax,Not Reported,138,5,3
2020-06-16,Hampton,Female,132,14,2
2020-06-16,Hampton,Male,112,23,3
2020-06-16,Hampton,Not Reported,2,0,0
2020-06-16,Henrico,Female,1273,115,69
2020-06-16,Henrico,Male,1028,125,67
2020-06-16,Henrico,Not Reported,10,0,1
2020-06-16,Lenowisco,Female,22,8,1
2020-06-16,Lenowisco,Male,24,8,3
2020-06-16,Lenowisco,Not Reported,0,0,0
2020-06-16,Lord Fairfax,Female,901,71,31
2020-06-16,Lord Fairfax,Male,834,77,31
2020-06-16,Lord Fairfax,Not Reported,14,0,0
2020-06-16,Loudoun,Female,1729,98,44
2020-06-16,Loudoun,Male,1690,108,30
2020-06-16,Loudoun,Not Reported,20,0,2
2020-06-16,Mount Rogers,Female,317,20,9
2020-06-16,Mount Rogers,Male,253,43,13
2020-06-16,Mount Rogers,Not Reported,3,0,0
2020-06-16,New River,Female,75,7,0
2020-06-16,New River,Male,74,11,4
2020-06-16,New River,Not Reported,3,0,0
2020-06-16,Norfolk,Female,335,42,1
2020-06-16,Norfolk,Male,345,42,6
2020-06-16,Norfolk,Not Reported,1,0,0
2020-06-16,Peninsula,Female,421,61,21
2020-06-16,Peninsula,Male,360,62,12
2020-06-16,Peninsula,Not Reported,4,0,0
2020-06-16,Piedmont,Female,251,34,3
2020-06-16,Piedmont,Male,660,39,4
2020-06-16,Piedmont,Not Reported,1,0,0
2020-06-16,Pittsylvania-Danville,Female,75,16,2
2020-06-16,Pittsylvania-Danville,Male,60,16,1
2020-06-16,Pittsylvania-Danville,Not Reported,1,0,0
2020-06-16,Portsmouth,Female,183,34,6
2020-06-16,Portsmouth,Male,201,25,6
2020-06-16,Portsmouth,Not Reported,3,0,0
2020-06-16,Prince William,Female,4071,337,64
2020-06-16,Prince William,Male,4165,415,83
2020-06-16,Prince William,Not Reported,90,1,0
2020-06-16,Rappahannock,Female,1139,82,9
2020-06-16,Rappahannock,Male,1011,109,21
2020-06-16,Rappahannock,Not Reported,16,1,0
2020-06-16,Rappahannock Rapidan,Female,652,39,6
2020-06-16,Rappahannock Rapidan,Male,687,62,11
2020-06-16,Rappahannock Rapidan,Not Reported,33,2,1
2020-06-16,Richmond,Female,867,77,6
2020-06-16,Richmond,Male,934,112,21
2020-06-16,Richmond,Not Reported,47,2,2
2020-06-16,Roanoke,Female,149,5,8
2020-06-16,Roanoke,Male,115,6,2
2020-06-16,Roanoke,Not Reported,6,0,0
2020-06-16,Southside,Female,208,23,16
2020-06-16,Southside,Male,111,22,10
2020-06-16,Southside,Not Reported,4,0,0
2020-06-16,Thomas Jefferson,Female,371,43,9
2020-06-16,Thomas Jefferson,Male,339,38,10
2020-06-16,Thomas Jefferson,Not Reported,7,0,0
2020-06-16,Three Rivers,Female,169,30,7
2020-06-16,Three Rivers,Male,399,16,3
2020-06-16,Three Rivers,Not Reported,18,0,0
2020-06-16,Virginia Beach,Female,477,50,11
2020-06-16,Virginia Beach,Male,425,60,16
2020-06-16,Virginia Beach,Not Reported,7,0,0
2020-06-16,West Piedmont,Female,169,14,2
2020-06-16,West Piedmont,Male,167,19,3
2020-06-16,West Piedmont,Not Reported,5,0,0
2020-06-16,Western Tidewater,Female,349,29,19
2020-06-16,Western Tidewater,Male,353,49,27
2020-06-16,Western Tidewater,Not Reported,2,0,0
2020-06-17,Alexandria,Female,1108,101,26
2020-06-17,Alexandria,Male,1058,124,22
2020-06-17,Alexandria,Not Reported,9,0,0
2020-06-17,Alleghany,Female,149,10,9
2020-06-17,Alleghany,Male,135,18,5
2020-06-17,Alleghany,Not Reported,3,0,0
2020-06-17,Arlington,Female,1176,186,60
2020-06-17,Arlington,Male,1192,220,64
2020-06-17,Arlington,Not Reported,4,1,0
2020-06-17,Central Shenandoah,Female,974,78,17
2020-06-17,Central Shenandoah,Male,843,69,15
2020-06-17,Central Shenandoah,Not Reported,0,0,0
2020-06-17,Central Virginia,Female,135,8,0
2020-06-17,Central Virginia,Male,147,9,4
2020-06-17,Central Virginia,Not Reported,0,0,0
2020-06-17,Chesapeake,Female,379,51,7
2020-06-17,Chesapeake,Male,304,52,9
2020-06-17,Chesapeake,Not Reported,1,0,0
2020-06-17,Chesterfield,Female,1219,60,26
2020-06-17,Chesterfield,Male,1189,68,30
2020-06-17,Chesterfield,Not Reported,79,0,1
2020-06-17,Chickahominy,Female,321,49,16
2020-06-17,Chickahominy,Male,247,52,19
2020-06-17,Chickahominy,Not Reported,7,1,0
2020-06-17,Crater,Female,521,71,14
2020-06-17,Crater,Male,734,48,7
2020-06-17,Crater,Not Reported,16,3,0
2020-06-17,Cumberland Plateau,Female,19,1,0
2020-06-17,Cumberland Plateau,Male,18,1,0
2020-06-17,Cumberland Plateau,Not Reported,0,0,0
2020-06-17,Eastern Shore,Female,638,55,22
2020-06-17,Eastern Shore,Male,627,50,19
2020-06-17,Eastern Shore,Not Reported,18,0,0
2020-06-17,Fairfax,Female,6674,671,220
2020-06-17,Fairfax,Male,6469,859,220
2020-06-17,Fairfax,Not Reported,136,5,3
2020-06-17,Hampton,Female,133,14,2
2020-06-17,Hampton,Male,113,23,3
2020-06-17,Hampton,Not Reported,2,0,0
2020-06-17,Henrico,Female,1282,115,71
2020-06-17,Henrico,Male,1039,126,68
2020-06-17,Henrico,Not Reported,11,0,1
2020-06-17,Lenowisco,Female,22,8,1
2020-06-17,Lenowisco,Male,24,8,3
2020-06-17,Lenowisco,Not Reported,0,0,0
2020-06-17,Lord Fairfax,Female,908,71,32
2020-06-17,Lord Fairfax,Male,842,78,30
2020-06-17,Lord Fairfax,Not Reported,14,0,0
2020-06-17,Loudoun,Female,1741,104,48
2020-06-17,Loudoun,Male,1697,113,30
2020-06-17,Loudoun,Not Reported,20,0,2
2020-06-17,Mount Rogers,Female,323,20,9
2020-06-17,Mount Rogers,Male,257,42,14
2020-06-17,Mount Rogers,Not Reported,3,0,0
2020-06-17,New River,Female,75,7,0
2020-06-17,New River,Male,74,11,4
2020-06-17,New River,Not Reported,3,0,0
2020-06-17,Norfolk,Female,346,42,1
2020-06-17,Norfolk,Male,351,43,6
2020-06-17,Norfolk,Not Reported,1,0,0
2020-06-17,Peninsula,Female,425,61,21
2020-06-17,Peninsula,Male,366,62,12
2020-06-17,Peninsula,Not Reported,4,0,0
2020-06-17,Piedmont,Female,251,36,3
2020-06-17,Piedmont,Male,668,40,4
2020-06-17,Piedmont,Not Reported,1,0,0
2020-06-17,Pittsylvania-Danville,Female,76,16,2
2020-06-17,Pittsylvania-Danville,Male,62,16,1
2020-06-17,Pittsylvania-Danville,Not Reported,1,0,0
2020-06-17,Portsmouth,Female,187,35,7
2020-06-17,Portsmouth,Male,205,25,6
2020-06-17,Portsmouth,Not Reported,3,0,0
2020-06-17,Prince William,Female,4094,338,64
2020-06-17,Prince William,Male,4180,416,83
2020-06-17,Prince William,Not Reported,90,1,0
2020-06-17,Rappahannock,Female,1154,85,9
2020-06-17,Rappahannock,Male,1019,109,21
2020-06-17,Rappahannock,Not Reported,15,1,0
2020-06-17,Rappahannock Rapidan,Female,657,39,6
2020-06-17,Rappahannock Rapidan,Male,693,62,11
2020-06-17,Rappahannock Rapidan,Not Reported,32,2,1
2020-06-17,Richmond,Female,878,80,6
2020-06-17,Richmond,Male,947,113,20
2020-06-17,Richmond,Not Reported,47,2,2
2020-06-17,Roanoke,Female,154,6,8
2020-06-17,Roanoke,Male,117,6,2
2020-06-17,Roanoke,Not Reported,6,0,0
2020-06-17,Southside,Female,210,24,16
2020-06-17,Southside,Male,115,22,10
2020-06-17,Southside,Not Reported,4,0,0
2020-06-17,Thomas Jefferson,Female,374,43,9
2020-06-17,Thomas Jefferson,Male,344,38,10
2020-06-17,Thomas Jefferson,Not Reported,4,0,0
2020-06-17,Three Rivers,Female,169,30,7
2020-06-17,Three Rivers,Male,399,16,3
2020-06-17,Three Rivers,Not Reported,18,0,0
2020-06-17,Virginia Beach,Female,485,52,12
2020-06-17,Virginia Beach,Male,431,60,16
2020-06-17,Virginia Beach,Not Reported,7,0,0
2020-06-17,West Piedmont,Female,174,13,2
2020-06-17,West Piedmont,Male,170,19,3
2020-06-17,West Piedmont,Not Reported,5,0,0
2020-06-17,Western Tidewater,Female,348,29,19
2020-06-17,Western Tidewater,Male,354,49,27
2020-06-17,Western Tidewater,Not Reported,2,0,0
2020-06-18,Alexandria,Female,1113,102,26
2020-06-18,Alexandria,Male,1063,127,22
2020-06-18,Alexandria,Not Reported,10,0,0
2020-06-18,Alleghany,Female,149,10,9
2020-06-18,Alleghany,Male,136,18,5
2020-06-18,Alleghany,Not Reported,3,0,0
2020-06-18,Arlington,Female,1180,186,60
2020-06-18,Arlington,Male,1198,222,66
2020-06-18,Arlington,Not Reported,4,1,0
2020-06-18,Central Shenandoah,Female,989,78,17
2020-06-18,Central Shenandoah,Male,850,70,15
2020-06-18,Central Shenandoah,Not Reported,0,0,0
2020-06-18,Central Virginia,Female,137,8,0
2020-06-18,Central Virginia,Male,146,9,4
2020-06-18,Central Virginia,Not Reported,0,0,0
2020-06-18,Chesapeake,Female,386,51,7
2020-06-18,Chesapeake,Male,310,54,9
2020-06-18,Chesapeake,Not Reported,1,0,0
2020-06-18,Chesterfield,Female,1240,60,26
2020-06-18,Chesterfield,Male,1230,68,30
2020-06-18,Chesterfield,Not Reported,79,0,1
2020-06-18,Chickahominy,Female,322,50,16
2020-06-18,Chickahominy,Male,249,53,19
2020-06-18,Chickahominy,Not Reported,7,1,0
2020-06-18,Crater,Female,522,72,14
2020-06-18,Crater,Male,741,51,7
2020-06-18,Crater,Not Reported,16,3,0
2020-06-18,Cumberland Plateau,Female,19,1,0
2020-06-18,Cumberland Plateau,Male,18,1,0
2020-06-18,Cumberland Plateau,Not Reported,0,0,0
2020-06-18,Eastern Shore,Female,638,54,22
2020-06-18,Eastern Shore,Male,629,51,19
2020-06-18,Eastern Shore,Not Reported,18,0,0
2020-06-18,Fairfax,Female,6694,678,222
2020-06-18,Fairfax,Male,6500,864,219
2020-06-18,Fairfax,Not Reported,140,5,3
2020-06-18,Hampton,Female,133,14,2
2020-06-18,Hampton,Male,116,23,3
2020-06-18,Hampton,Not Reported,2,0,0
2020-06-18,Henrico,Female,1289,115,71
2020-06-18,Henrico,Male,1042,126,67
2020-06-18,Henrico,Not Reported,11,0,1
2020-06-18,Lenowisco,Female,22,8,1
2020-06-18,Lenowisco,Male,24,8,3
2020-06-18,Lenowisco,Not Reported,0,0,0
2020-06-18,Lord Fairfax,Female,920,71,32
2020-06-18,Lord Fairfax,Male,851,78,30
2020-06-18,Lord Fairfax,Not Reported,15,0,0
2020-06-18,Loudoun,Female,1756,105,50
2020-06-18,Loudoun,Male,1724,123,31
2020-06-18,Loudoun,Not Reported,19,0,1
2020-06-18,Mount Rogers,Female,327,20,9
2020-06-18,Mount Rogers,Male,261,42,14
2020-06-18,Mount Rogers,Not Reported,2,0,0
2020-06-18,New River,Female,75,7,0
2020-06-18,New River,Male,75,11,4
2020-06-18,New River,Not Reported,3,0,0
2020-06-18,Norfolk,Female,352,44,1
2020-06-18,Norfolk,Male,351,44,6
2020-06-18,Norfolk,Not Reported,1,0,0
2020-06-18,Peninsula,Female,426,61,21
2020-06-18,Peninsula,Male,369,62,12
2020-06-18,Peninsula,Not Reported,4,0,0
2020-06-18,Piedmont,Female,258,37,3
2020-06-18,Piedmont,Male,680,41,4
2020-06-18,Piedmont,Not Reported,1,0,0
2020-06-18,Pittsylvania-Danville,Female,78,16,2
2020-06-18,Pittsylvania-Danville,Male,65,17,1
2020-06-18,Pittsylvania-Danville,Not Reported,1,0,0
2020-06-18,Portsmouth,Female,188,35,7
2020-06-18,Portsmouth,Male,211,25,6
2020-06-18,Portsmouth,Not Reported,3,0,0
2020-06-18,Prince William,Female,4123,338,64
2020-06-18,Prince William,Male,4201,418,83
2020-06-18,Prince William,Not Reported,90,1,0
2020-06-18,Rappahannock,Female,1166,85,9
2020-06-18,Rappahannock,Male,1034,110,21
2020-06-18,Rappahannock,Not Reported,11,1,0
2020-06-18,Rappahannock Rapidan,Female,658,39,6
2020-06-18,Rappahannock Rapidan,Male,693,62,11
2020-06-18,Rappahannock Rapidan,Not Reported,32,2,1
2020-06-18,Richmond,Female,892,83,6
2020-06-18,Richmond,Male,957,113,21
2020-06-18,Richmond,Not Reported,46,2,2
2020-06-18,Roanoke,Female,154,6,8
2020-06-18,Roanoke,Male,117,6,2
2020-06-18,Roanoke,Not Reported,6,0,0
2020-06-18,Southside,Female,212,24,16
2020-06-18,Southside,Male,128,22,10
2020-06-18,Southside,Not Reported,4,0,0
2020-06-18,Thomas Jefferson,Female,382,43,9
2020-06-18,Thomas Jefferson,Male,351,38,10
2020-06-18,Thomas Jefferson,Not Reported,4,0,0
2020-06-18,Three Rivers,Female,170,30,7
2020-06-18,Three Rivers,Male,402,16,2
2020-06-18,Three Rivers,Not Reported,18,0,0
2020-06-18,Virginia Beach,Female,492,52,12
2020-06-18,Virginia Beach,Male,436,60,15
2020-06-18,Virginia Beach,Not Reported,8,0,0
2020-06-18,West Piedmont,Female,177,14,2
2020-06-18,West Piedmont,Male,172,20,3
2020-06-18,West Piedmont,Not Reported,5,0,0
2020-06-18,Western Tidewater,Female,349,29,19
2020-06-18,Western Tidewater,Male,354,49,27
2020-06-18,Western Tidewater,Not Reported,2,0,0
2020-06-19,Alexandria,Female,1121,103,26
2020-06-19,Alexandria,Male,1067,127,22
2020-06-19,Alexandria,Not Reported,10,0,0
2020-06-19,Alleghany,Female,159,10,9
2020-06-19,Alleghany,Male,143,18,5
2020-06-19,Alleghany,Not Reported,3,0,0
2020-06-19,Arlington,Female,1185,186,60
2020-06-19,Arlington,Male,1207,222,66
2020-06-19,Arlington,Not Reported,4,1,0
2020-06-19,Central Shenandoah,Female,993,78,17
2020-06-19,Central Shenandoah,Male,857,70,15
2020-06-19,Central Shenandoah,Not Reported,0,0,0
2020-06-19,Central Virginia,Female,139,8,0
2020-06-19,Central Virginia,Male,154,9,4
2020-06-19,Central Virginia,Not Reported,0,0,0
2020-06-19,Chesapeake,Female,396,51,7
2020-06-19,Chesapeake,Male,312,54,9
2020-06-19,Chesapeake,Not Reported,1,0,0
2020-06-19,Chesterfield,Female,1276,61,31
2020-06-19,Chesterfield,Male,1287,69,32
2020-06-19,Chesterfield,Not Reported,78,0,2
2020-06-19,Chickahominy,Female,325,49,15
2020-06-19,Chickahominy,Male,253,53,19
2020-06-19,Chickahominy,Not Reported,7,1,0
2020-06-19,Crater,Female,528,72,14
2020-06-19,Crater,Male,755,51,7
2020-06-19,Crater,Not Reported,16,3,0
2020-06-19,Cumberland Plateau,Female,19,1,0
2020-06-19,Cumberland Plateau,Male,18,1,0
2020-06-19,Cumberland Plateau,Not Reported,0,0,0
2020-06-19,Eastern Shore,Female,640,55,22
2020-06-19,Eastern Shore,Male,631,51,19
2020-06-19,Eastern Shore,Not Reported,18,0,0
2020-06-19,Fairfax,Female,6706,682,223
2020-06-19,Fairfax,Male,6517,878,219
2020-06-19,Fairfax,Not Reported,146,5,3
2020-06-19,Hampton,Female,134,14,2
2020-06-19,Hampton,Male,116,23,3
2020-06-19,Hampton,Not Reported,2,0,0
2020-06-19,Henrico,Female,1298,115,70
2020-06-19,Henrico,Male,1060,126,67
2020-06-19,Henrico,Not Reported,10,0,1
2020-06-19,Lenowisco,Female,22,8,1
2020-06-19,Lenowisco,Male,24,8,3
2020-06-19,Lenowisco,Not Reported,0,0,0
2020-06-19,Lord Fairfax,Female,926,75,32
2020-06-19,Lord Fairfax,Male,857,80,30
2020-06-19,Lord Fairfax,Not Reported,15,0,0
2020-06-19,Loudoun,Female,1761,105,50
2020-06-19,Loudoun,Male,1724,127,31
2020-06-19,Loudoun,Not Reported,19,0,1
2020-06-19,Mount Rogers,Female,339,20,9
2020-06-19,Mount Rogers,Male,272,43,14
2020-06-19,Mount Rogers,Not Reported,2,0,0
2020-06-19,New River,Female,75,7,0
2020-06-19,New River,Male,75,11,4
2020-06-19,New River,Not Reported,3,0,0
2020-06-19,Norfolk,Female,352,44,1
2020-06-19,Norfolk,Male,354,45,6
2020-06-19,Norfolk,Not Reported,1,0,0
2020-06-19,Peninsula,Female,435,62,21
2020-06-19,Peninsula,Male,372,62,12
2020-06-19,Peninsula,Not Reported,4,0,0
2020-06-19,Piedmont,Female,264,38,3
2020-06-19,Piedmont,Male,682,41,4
2020-06-19,Piedmont,Not Reported,1,0,0
2020-06-19,Pittsylvania-Danville,Female,78,16,2
2020-06-19,Pittsylvania-Danville,Male,65,17,1
2020-06-19,Pittsylvania-Danville,Not Reported,1,0,0
2020-06-19,Portsmouth,Female,189,35,7
2020-06-19,Portsmouth,Male,213,25,6
2020-06-19,Portsmouth,Not Reported,3,0,0
2020-06-19,Prince William,Female,4172,339,65
2020-06-19,Prince William,Male,4249,422,87
2020-06-19,Prince William,Not Reported,89,1,0
2020-06-19,Rappahannock,Female,1176,87,10
2020-06-19,Rappahannock,Male,1043,114,22
2020-06-19,Rappahannock,Not Reported,11,1,0
2020-06-19,Rappahannock Rapidan,Female,662,39,6
2020-06-19,Rappahannock Rapidan,Male,693,62,11
2020-06-19,Rappahannock Rapidan,Not Reported,32,2,1
2020-06-19,Richmond,Female,909,85,6
2020-06-19,Richmond,Male,974,113,21
2020-06-19,Richmond,Not Reported,46,2,2
2020-06-19,Roanoke,Female,163,6,8
2020-06-19,Roanoke,Male,122,6,2
2020-06-19,Roanoke,Not Reported,6,0,0
2020-06-19,Southside,Female,213,25,16
2020-06-19,Southside,Male,145,22,10
2020-06-19,Southside,Not Reported,5,0,0
2020-06-19,Thomas Jefferson,Female,383,43,9
2020-06-19,Thomas Jefferson,Male,352,38,10
2020-06-19,Thomas Jefferson,Not Reported,4,0,0
2020-06-19,Three Rivers,Female,177,32,9
2020-06-19,Three Rivers,Male,403,16,2
2020-06-19,Three Rivers,Not Reported,18,0,0
2020-06-19,Virginia Beach,Female,503,52,12
2020-06-19,Virginia Beach,Male,438,60,15
2020-06-19,Virginia Beach,Not Reported,9,0,0
2020-06-19,West Piedmont,Female,186,16,2
2020-06-19,West Piedmont,Male,176,20,3
2020-06-19,West Piedmont,Not Reported,5,0,0
2020-06-19,Western Tidewater,Female,349,29,19
2020-06-19,Western Tidewater,Male,359,49,27
2020-06-19,Western Tidewater,Not Reported,2,0,0
2020-06-20,Alexandria,Female,1132,104,27
2020-06-20,Alexandria,Male,1075,127,22
2020-06-20,Alexandria,Not Reported,10,0,0
2020-06-20,Alleghany,Female,163,10,9
2020-06-20,Alleghany,Male,153,20,5
2020-06-20,Alleghany,Not Reported,3,0,0
2020-06-20,Arlington,Female,1191,187,60
2020-06-20,Arlington,Male,1210,223,66
2020-06-20,Arlington,Not Reported,4,1,0
2020-06-20,Central Shenandoah,Female,1005,78,17
2020-06-20,Central Shenandoah,Male,865,70,15
2020-06-20,Central Shenandoah,Not Reported,0,0,0
2020-06-20,Central Virginia,Female,144,8,0
2020-06-20,Central Virginia,Male,159,9,4
2020-06-20,Central Virginia,Not Reported,0,0,0
2020-06-20,Chesapeake,Female,403,51,7
2020-06-20,Chesapeake,Male,317,54,9
2020-06-20,Chesapeake,Not Reported,1,0,0
2020-06-20,Chesterfield,Female,1315,61,31
2020-06-20,Chesterfield,Male,1338,69,32
2020-06-20,Chesterfield,Not Reported,80,0,2
2020-06-20,Chickahominy,Female,331,49,15
2020-06-20,Chickahominy,Male,259,53,19
2020-06-20,Chickahominy,Not Reported,7,1,0
2020-06-20,Crater,Female,532,72,14
2020-06-20,Crater,Male,764,51,7
2020-06-20,Crater,Not Reported,18,3,0
2020-06-20,Cumberland Plateau,Female,19,1,0
2020-06-20,Cumberland Plateau,Male,18,1,0
2020-06-20,Cumberland Plateau,Not Reported,0,0,0
2020-06-20,Eastern Shore,Female,643,55,22
2020-06-20,Eastern Shore,Male,631,51,19
2020-06-20,Eastern Shore,Not Reported,18,0,0
2020-06-20,Fairfax,Female,6755,682,224
2020-06-20,Fairfax,Male,6564,879,221
2020-06-20,Fairfax,Not Reported,149,5,3
2020-06-20,Hampton,Female,139,14,2
2020-06-20,Hampton,Male,117,23,3
2020-06-20,Hampton,Not Reported,2,0,0
2020-06-20,Henrico,Female,1308,115,70
2020-06-20,Henrico,Male,1065,126,67
2020-06-20,Henrico,Not Reported,10,0,1
2020-06-20,Lenowisco,Female,22,8,1
2020-06-20,Lenowisco,Male,24,8,3
2020-06-20,Lenowisco,Not Reported,0,0,0
2020-06-20,Lord Fairfax,Female,926,75,32
2020-06-20,Lord Fairfax,Male,864,80,30
2020-06-20,Lord Fairfax,Not Reported,15,0,0
2020-06-20,Loudoun,Female,1778,105,50
2020-06-20,Loudoun,Male,1746,127,31
2020-06-20,Loudoun,Not Reported,19,0,1
2020-06-20,Mount Rogers,Female,346,20,9
2020-06-20,Mount Rogers,Male,278,43,14
2020-06-20,Mount Rogers,Not Reported,2,0,0
2020-06-20,New River,Female,81,7,0
2020-06-20,New River,Male,85,12,4
2020-06-20,New River,Not Reported,3,0,0
2020-06-20,Norfolk,Female,362,45,1
2020-06-20,Norfolk,Male,360,45,6
2020-06-20,Norfolk,Not Reported,1,0,0
2020-06-20,Peninsula,Female,451,62,21
2020-06-20,Peninsula,Male,380,62,12
2020-06-20,Peninsula,Not Reported,4,0,0
2020-06-20,Piedmont,Female,264,38,3
2020-06-20,Piedmont,Male,683,41,4
2020-06-20,Piedmont,Not Reported,1,0,0
2020-06-20,Pittsylvania-Danville,Female,83,16,2
2020-06-20,Pittsylvania-Danville,Male,70,17,1
2020-06-20,Pittsylvania-Danville,Not Reported,1,0,0
2020-06-20,Portsmouth,Female,189,35,7
2020-06-20,Portsmouth,Male,213,25,6
2020-06-20,Portsmouth,Not Reported,3,0,0
2020-06-20,Prince William,Female,4212,339,65
2020-06-20,Prince William,Male,4270,421,87
2020-06-20,Prince William,Not Reported,85,1,0
2020-06-20,Rappahannock,Female,1192,89,10
2020-06-20,Rappahannock,Male,1052,114,23
2020-06-20,Rappahannock,Not Reported,11,1,0
2020-06-20,Rappahannock Rapidan,Female,664,39,6
2020-06-20,Rappahannock Rapidan,Male,697,62,11
2020-06-20,Rappahannock Rapidan,Not Reported,32,2,1
2020-06-20,Richmond,Female,924,85,6
2020-06-20,Richmond,Male,988,112,21
2020-06-20,Richmond,Not Reported,48,2,2
2020-06-20,Roanoke,Female,174,7,8
2020-06-20,Roanoke,Male,128,6,2
2020-06-20,Roanoke,Not Reported,6,0,0
2020-06-20,Southside,Female,213,25,16
2020-06-20,Southside,Male,145,22,10
2020-06-20,Southside,Not Reported,5,0,0
2020-06-20,Thomas Jefferson,Female,398,43,9
2020-06-20,Thomas Jefferson,Male,362,38,10
2020-06-20,Thomas Jefferson,Not Reported,5,0,0
2020-06-20,Three Rivers,Female,189,32,9
2020-06-20,Three Rivers,Male,413,16,2
2020-06-20,Three Rivers,Not Reported,18,0,0
2020-06-20,Virginia Beach,Female,503,52,12
2020-06-20,Virginia Beach,Male,439,60,15
2020-06-20,Virginia Beach,Not Reported,14,0,0
2020-06-20,West Piedmont,Female,186,16,2
2020-06-20,West Piedmont,Male,178,20,3
2020-06-20,West Piedmont,Not Reported,6,0,0
2020-06-20,Western Tidewater,Female,351,30,19
2020-06-20,Western Tidewater,Male,362,49,27
2020-06-20,Western Tidewater,Not Reported,2,0,0
2020-06-21,Alexandria,Female,1137,104,27
2020-06-21,Alexandria,Male,1081,127,22
2020-06-21,Alexandria,Not Reported,9,0,0
2020-06-21,Alleghany,Female,163,10,9
2020-06-21,Alleghany,Male,153,20,5
2020-06-21,Alleghany,Not Reported,3,0,0
2020-06-21,Arlington,Female,1197,188,60
2020-06-21,Arlington,Male,1220,224,66
2020-06-21,Arlington,Not Reported,1,0,0
2020-06-21,Central Shenandoah,Female,1009,78,17
2020-06-21,Central Shenandoah,Male,873,71,15
2020-06-21,Central Shenandoah,Not Reported,0,0,0
2020-06-21,Central Virginia,Female,144,8,0
2020-06-21,Central Virginia,Male,160,9,4
2020-06-21,Central Virginia,Not Reported,0,0,0
2020-06-21,Chesapeake,Female,411,52,7
2020-06-21,Chesapeake,Male,321,53,9
2020-06-21,Chesapeake,Not Reported,1,0,0
2020-06-21,Chesterfield,Female,1331,61,31
2020-06-21,Chesterfield,Male,1347,69,32
2020-06-21,Chesterfield,Not Reported,72,0,2
2020-06-21,Chickahominy,Female,334,51,15
2020-06-21,Chickahominy,Male,265,53,19
2020-06-21,Chickahominy,Not Reported,5,0,0
2020-06-21,Crater,Female,533,73,14
2020-06-21,Crater,Male,787,52,7
2020-06-21,Crater,Not Reported,16,1,0
2020-06-21,Cumberland Plateau,Female,19,1,0
2020-06-21,Cumberland Plateau,Male,18,1,0
2020-06-21,Cumberland Plateau,Not Reported,0,0,0
2020-06-21,Eastern Shore,Female,652,55,23
2020-06-21,Eastern Shore,Male,639,51,19
2020-06-21,Eastern Shore,Not Reported,10,0,0
2020-06-21,Fairfax,Female,6813,688,224
2020-06-21,Fairfax,Male,6598,882,221
2020-06-21,Fairfax,Not Reported,135,3,3
2020-06-21,Hampton,Female,142,14,2
2020-06-21,Hampton,Male,120,23,3
2020-06-21,Hampton,Not Reported,2,0,0
2020-06-21,Henrico,Female,1319,115,70
2020-06-21,Henrico,Male,1085,125,67
2020-06-21,Henrico,Not Reported,9,0,1
2020-06-21,Lenowisco,Female,22,8,1
2020-06-21,Lenowisco,Male,24,8,3
2020-06-21,Lenowisco,Not Reported,0,0,0
2020-06-21,Lord Fairfax,Female,948,75,32
2020-06-21,Lord Fairfax,Male,888,81,30
2020-06-21,Lord Fairfax,Not Reported,8,0,0
2020-06-21,Loudoun,Female,1800,112,51
2020-06-21,Loudoun,Male,1771,136,31
2020-06-21,Loudoun,Not Reported,14,0,1
2020-06-21,Mount Rogers,Female,349,21,9
2020-06-21,Mount Rogers,Male,281,43,14
2020-06-21,Mount Rogers,Not Reported,2,0,0
2020-06-21,New River,Female,86,7,0
2020-06-21,New River,Male,88,13,4
2020-06-21,New River,Not Reported,3,0,0
2020-06-21,Norfolk,Female,371,45,1
2020-06-21,Norfolk,Male,366,45,6
2020-06-21,Norfolk,Not Reported,0,0,0
2020-06-21,Peninsula,Female,456,62,21
2020-06-21,Peninsula,Male,390,62,12
2020-06-21,Peninsula,Not Reported,3,0,0
2020-06-21,Piedmont,Female,264,38,3
2020-06-21,Piedmont,Male,684,41,4
2020-06-21,Piedmont,Not Reported,0,0,0
2020-06-21,Pittsylvania-Danville,Female,85,16,2
2020-06-21,Pittsylvania-Danville,Male,72,17,1
2020-06-21,Pittsylvania-Danville,Not Reported,1,0,0
2020-06-21,Portsmouth,Female,190,35,7
2020-06-21,Portsmouth,Male,213,25,6
2020-06-21,Portsmouth,Not Reported,3,0,0
2020-06-21,Prince William,Female,4264,340,65
2020-06-21,Prince William,Male,4311,421,89
2020-06-21,Prince William,Not Reported,77,1,0
2020-06-21,Rappahannock,Female,1204,90,10
2020-06-21,Rappahannock,Male,1060,114,23
2020-06-21,Rappahannock,Not Reported,11,1,0
2020-06-21,Rappahannock Rapidan,Female,671,40,6
2020-06-21,Rappahannock Rapidan,Male,697,62,11
2020-06-21,Rappahannock Rapidan,Not Reported,27,1,1
2020-06-21,Richmond,Female,939,85,6
2020-06-21,Richmond,Male,1004,112,21
2020-06-21,Richmond,Not Reported,42,2,2
2020-06-21,Roanoke,Female,175,7,8
2020-06-21,Roanoke,Male,132,6,2
2020-06-21,Roanoke,Not Reported,6,0,0
2020-06-21,Southside,Female,215,25,16
2020-06-21,Southside,Male,145,22,10
2020-06-21,Southside,Not Reported,4,0,0
2020-06-21,Thomas Jefferson,Female,408,43,9
2020-06-21,Thomas Jefferson,Male,373,38,10
2020-06-21,Thomas Jefferson,Not Reported,3,0,0
2020-06-21,Three Rivers,Female,190,32,9
2020-06-21,Three Rivers,Male,416,16,2
2020-06-21,Three Rivers,Not Reported,18,0,0
2020-06-21,Virginia Beach,Female,525,54,12
2020-06-21,Virginia Beach,Male,451,61,15
2020-06-21,Virginia Beach,Not Reported,12,0,0
2020-06-21,West Piedmont,Female,188,16,2
2020-06-21,West Piedmont,Male,181,20,3
2020-06-21,West Piedmont,Not Reported,4,0,0
2020-06-21,Western Tidewater,Female,360,30,19
2020-06-21,Western Tidewater,Male,363,49,27
2020-06-21,Western Tidewater,Not Reported,2,0,0
2020-06-22,Alexandria,Female,1144,104,27
2020-06-22,Alexandria,Male,1083,127,22
2020-06-22,Alexandria,Not Reported,9,0,0
2020-06-22,Alleghany,Female,168,10,9
2020-06-22,Alleghany,Male,156,21,5
2020-06-22,Alleghany,Not Reported,3,0,0
2020-06-22,Arlington,Female,1202,188,60
2020-06-22,Arlington,Male,1221,224,66
2020-06-22,Arlington,Not Reported,1,0,0
2020-06-22,Central Shenandoah,Female,1017,79,18
2020-06-22,Central Shenandoah,Male,878,71,16
2020-06-22,Central Shenandoah,Not Reported,2,0,0
2020-06-22,Central Virginia,Female,144,8,0
2020-06-22,Central Virginia,Male,160,9,4
2020-06-22,Central Virginia,Not Reported,0,0,0
2020-06-22,Chesapeake,Female,422,53,7
2020-06-22,Chesapeake,Male,336,53,9
2020-06-22,Chesapeake,Not Reported,1,0,0
2020-06-22,Chesterfield,Female,1341,61,31
2020-06-22,Chesterfield,Male,1357,69,32
2020-06-22,Chesterfield,Not Reported,72,0,2
2020-06-22,Chickahominy,Female,336,51,15
2020-06-22,Chickahominy,Male,266,53,20
2020-06-22,Chickahominy,Not Reported,5,0,0
2020-06-22,Crater,Female,539,73,14
2020-06-22,Crater,Male,795,54,7
2020-06-22,Crater,Not Reported,16,1,0
2020-06-22,Cumberland Plateau,Female,19,1,0
2020-06-22,Cumberland Plateau,Male,18,1,0
2020-06-22,Cumberland Plateau,Not Reported,0,0,0
2020-06-22,Eastern Shore,Female,653,55,23
2020-06-22,Eastern Shore,Male,640,51,19
2020-06-22,Eastern Shore,Not Reported,10,0,0
2020-06-22,Fairfax,Female,6852,692,225
2020-06-22,Fairfax,Male,6639,886,224
2020-06-22,Fairfax,Not Reported,135,3,3
2020-06-22,Hampton,Female,145,14,2
2020-06-22,Hampton,Male,124,23,3
2020-06-22,Hampton,Not Reported,2,0,0
2020-06-22,Henrico,Female,1329,115,70
2020-06-22,Henrico,Male,1088,125,67
2020-06-22,Henrico,Not Reported,9,0,1
2020-06-22,Lenowisco,Female,23,8,1
2020-06-22,Lenowisco,Male,25,8,3
2020-06-22,Lenowisco,Not Reported,0,0,0
2020-06-22,Lord Fairfax,Female,963,75,32
2020-06-22,Lord Fairfax,Male,897,83,30
2020-06-22,Lord Fairfax,Not Reported,8,0,0
2020-06-22,Loudoun,Female,1817,116,52
2020-06-22,Loudoun,Male,1781,139,31
2020-06-22,Loudoun,Not Reported,14,0,1
2020-06-22,Mount Rogers,Female,352,21,9
2020-06-22,Mount Rogers,Male,282,44,14
2020-06-22,Mount Rogers,Not Reported,2,0,0
2020-06-22,New River,Female,86,7,0
2020-06-22,New River,Male,88,13,4
2020-06-22,New River,Not Reported,3,0,0
2020-06-22,Norfolk,Female,376,45,1
2020-06-22,Norfolk,Male,370,46,6
2020-06-22,Norfolk,Not Reported,0,0,0
2020-06-22,Peninsula,Female,461,62,21
2020-06-22,Peninsula,Male,399,62,12
2020-06-22,Peninsula,Not Reported,3,0,0
2020-06-22,Piedmont,Female,283,38,3
2020-06-22,Piedmont,Male,694,41,4
2020-06-22,Piedmont,Not Reported,0,0,0
2020-06-22,Pittsylvania-Danville,Female,85,16,2
2020-06-22,Pittsylvania-Danville,Male,73,17,1
2020-06-22,Pittsylvania-Danville,Not Reported,2,0,0
2020-06-22,Portsmouth,Female,195,37,7
2020-06-22,Portsmouth,Male,221,25,6
2020-06-22,Portsmouth,Not Reported,3,0,0
2020-06-22,Prince William,Female,4285,340,65
2020-06-22,Prince William,Male,4323,422,89
2020-06-22,Prince William,Not Reported,76,1,0
2020-06-22,Rappahannock,Female,1212,91,11
2020-06-22,Rappahannock,Male,1070,114,23
2020-06-22,Rappahannock,Not Reported,11,1,0
2020-06-22,Rappahannock Rapidan,Female,674,40,6
2020-06-22,Rappahannock Rapidan,Male,701,62,11
2020-06-22,Rappahannock Rapidan,Not Reported,27,1,1
2020-06-22,Richmond,Female,951,85,6
2020-06-22,Richmond,Male,1015,112,21
2020-06-22,Richmond,Not Reported,42,2,2
2020-06-22,Roanoke,Female,181,7,8
2020-06-22,Roanoke,Male,137,6,2
2020-06-22,Roanoke,Not Reported,6,0,0
2020-06-22,Southside,Female,216,25,16
2020-06-22,Southside,Male,146,22,10
2020-06-22,Southside,Not Reported,4,0,0
2020-06-22,Thomas Jefferson,Female,415,43,9
2020-06-22,Thomas Jefferson,Male,380,38,10
2020-06-22,Thomas Jefferson,Not Reported,4,0,0
2020-06-22,Three Rivers,Female,191,32,9
2020-06-22,Three Rivers,Male,416,16,2
2020-06-22,Three Rivers,Not Reported,18,0,0
2020-06-22,Virginia Beach,Female,534,54,12
2020-06-22,Virginia Beach,Male,460,61,15
2020-06-22,Virginia Beach,Not Reported,12,0,0
2020-06-22,West Piedmont,Female,190,16,2
2020-06-22,West Piedmont,Male,181,20,3
2020-06-22,West Piedmont,Not Reported,5,0,0
2020-06-22,Western Tidewater,Female,370,31,19
2020-06-22,Western Tidewater,Male,367,49,27
2020-06-22,Western Tidewater,Not Reported,2,0,0
2020-06-23,Alexandria,Female,1149,104,27
2020-06-23,Alexandria,Male,1090,127,22
2020-06-23,Alexandria,Not Reported,9,0,0
2020-06-23,Alleghany,Female,186,10,9
2020-06-23,Alleghany,Male,164,21,5
2020-06-23,Alleghany,Not Reported,3,0,0
2020-06-23,Arlington,Female,1205,189,60
2020-06-23,Arlington,Male,1225,225,66
2020-06-23,Arlington,Not Reported,1,0,0
2020-06-23,Central Shenandoah,Female,1023,81,18
2020-06-23,Central Shenandoah,Male,886,71,16
2020-06-23,Central Shenandoah,Not Reported,2,0,0
2020-06-23,Central Virginia,Female,149,8,1
2020-06-23,Central Virginia,Male,167,9,4
2020-06-23,Central Virginia,Not Reported,0,0,0
2020-06-23,Chesapeake,Female,435,54,7
2020-06-23,Chesapeake,Male,338,55,9
2020-06-23,Chesapeake,Not Reported,1,0,0
2020-06-23,Chesterfield,Female,1383,62,33
2020-06-23,Chesterfield,Male,1396,70,33
2020-06-23,Chesterfield,Not Reported,70,0,2
2020-06-23,Chickahominy,Female,338,51,15
2020-06-23,Chickahominy,Male,272,53,20
2020-06-23,Chickahominy,Not Reported,5,0,0
2020-06-23,Crater,Female,545,73,14
2020-06-23,Crater,Male,796,55,7
2020-06-23,Crater,Not Reported,14,1,0
2020-06-23,Cumberland Plateau,Female,19,1,0
2020-06-23,Cumberland Plateau,Male,18,1,0
2020-06-23,Cumberland Plateau,Not Reported,0,0,0
2020-06-23,Eastern Shore,Female,653,56,23
2020-06-23,Eastern Shore,Male,641,52,19
2020-06-23,Eastern Shore,Not Reported,10,0,0
2020-06-23,Fairfax,Female,6895,691,227
2020-06-23,Fairfax,Male,6676,894,229
2020-06-23,Fairfax,Not Reported,134,3,3
2020-06-23,Hampton,Female,145,14,2
2020-06-23,Hampton,Male,124,24,3
2020-06-23,Hampton,Not Reported,2,0,0
2020-06-23,Henrico,Female,1345,116,70
2020-06-23,Henrico,Male,1094,124,67
2020-06-23,Henrico,Not Reported,9,0,1
2020-06-23,Lenowisco,Female,24,8,1
2020-06-23,Lenowisco,Male,25,8,3
2020-06-23,Lenowisco,Not Reported,0,0,0
2020-06-23,Lord Fairfax,Female,973,76,32
2020-06-23,Lord Fairfax,Male,902,84,30
2020-06-23,Lord Fairfax,Not Reported,7,0,0
2020-06-23,Loudoun,Female,1822,116,52
2020-06-23,Loudoun,Male,1796,139,31
2020-06-23,Loudoun,Not Reported,14,0,1
2020-06-23,Mount Rogers,Female,359,21,9
2020-06-23,Mount Rogers,Male,286,45,14
2020-06-23,Mount Rogers,Not Reported,2,0,0
2020-06-23,New River,Female,88,7,0
2020-06-23,New River,Male,89,13,4
2020-06-23,New River,Not Reported,3,0,0
2020-06-23,Norfolk,Female,376,46,1
2020-06-23,Norfolk,Male,371,46,6
2020-06-23,Norfolk,Not Reported,0,0,0
2020-06-23,Peninsula,Female,464,62,21
2020-06-23,Peninsula,Male,406,62,12
2020-06-23,Peninsula,Not Reported,3,0,0
2020-06-23,Piedmont,Female,286,38,3
2020-06-23,Piedmont,Male,696,43,7
2020-06-23,Piedmont,Not Reported,0,0,0
2020-06-23,Pittsylvania-Danville,Female,85,16,2
2020-06-23,Pittsylvania-Danville,Male,73,17,1
2020-06-23,Pittsylvania-Danville,Not Reported,2,0,0
2020-06-23,Portsmouth,Female,196,40,10
2020-06-23,Portsmouth,Male,222,26,6
2020-06-23,Portsmouth,Not Reported,3,0,0
2020-06-23,Prince William,Female,4322,343,65
2020-06-23,Prince William,Male,4348,425,90
2020-06-23,Prince William,Not Reported,75,1,0
2020-06-23,Rappahannock,Female,1219,90,13
2020-06-23,Rappahannock,Male,1077,119,25
2020-06-23,Rappahannock,Not Reported,11,1,0
2020-06-23,Rappahannock Rapidan,Female,685,41,6
2020-06-23,Rappahannock Rapidan,Male,706,62,11
2020-06-23,Rappahannock Rapidan,Not Reported,26,1,1
2020-06-23,Richmond,Female,963,85,8
2020-06-23,Richmond,Male,1025,113,20
2020-06-23,Richmond,Not Reported,43,2,2
2020-06-23,Roanoke,Female,195,7,8
2020-06-23,Roanoke,Male,142,6,2
2020-06-23,Roanoke,Not Reported,6,0,0
2020-06-23,Southside,Female,218,25,16
2020-06-23,Southside,Male,148,22,10
2020-06-23,Southside,Not Reported,4,0,0
2020-06-23,Thomas Jefferson,Female,428,43,9
2020-06-23,Thomas Jefferson,Male,388,38,10
2020-06-23,Thomas Jefferson,Not Reported,3,0,0
2020-06-23,Three Rivers,Female,192,33,9
2020-06-23,Three Rivers,Male,416,16,3
2020-06-23,Three Rivers,Not Reported,18,0,0
2020-06-23,Virginia Beach,Female,541,55,12
2020-06-23,Virginia Beach,Male,467,61,15
2020-06-23,Virginia Beach,Not Reported,12,0,0
2020-06-23,West Piedmont,Female,195,16,2
2020-06-23,West Piedmont,Male,182,20,4
2020-06-23,West Piedmont,Not Reported,4,0,0
2020-06-23,Western Tidewater,Female,375,31,19
2020-06-23,Western Tidewater,Male,368,49,27
2020-06-23,Western Tidewater,Not Reported,2,0,0
2020-06-24,Alexandria,Female,1157,104,27
2020-06-24,Alexandria,Male,1092,127,23
2020-06-24,Alexandria,Not Reported,9,0,0
2020-06-24,Alleghany,Female,191,10,9
2020-06-24,Alleghany,Male,166,21,5
2020-06-24,Alleghany,Not Reported,3,0,0
2020-06-24,Arlington,Female,1208,189,60
2020-06-24,Arlington,Male,1229,226,66
2020-06-24,Arlington,Not Reported,1,0,0
2020-06-24,Central Shenandoah,Female,1036,82,18
2020-06-24,Central Shenandoah,Male,887,73,16
2020-06-24,Central Shenandoah,Not Reported,1,0,0
2020-06-24,Central Virginia,Female,150,7,1
2020-06-24,Central Virginia,Male,169,9,4
2020-06-24,Central Virginia,Not Reported,0,0,0
2020-06-24,Chesapeake,Female,447,58,7
2020-06-24,Chesapeake,Male,344,58,9
2020-06-24,Chesapeake,Not Reported,1,0,0
2020-06-24,Chesterfield,Female,1412,62,33
2020-06-24,Chesterfield,Male,1439,70,33
2020-06-24,Chesterfield,Not Reported,69,0,2
2020-06-24,Chickahominy,Female,340,52,16
2020-06-24,Chickahominy,Male,273,53,20
2020-06-24,Chickahominy,Not Reported,5,0,0
2020-06-24,Crater,Female,567,74,14
2020-06-24,Crater,Male,817,58,7
2020-06-24,Crater,Not Reported,13,1,0
2020-06-24,Cumberland Plateau,Female,20,1,0
2020-06-24,Cumberland Plateau,Male,19,1,0
2020-06-24,Cumberland Plateau,Not Reported,0,0,0
2020-06-24,Eastern Shore,Female,653,56,23
2020-06-24,Eastern Shore,Male,641,51,19
2020-06-24,Eastern Shore,Not Reported,10,0,0
2020-06-24,Fairfax,Female,6902,697,230
2020-06-24,Fairfax,Male,6685,897,231
2020-06-24,Fairfax,Not Reported,127,3,3
2020-06-24,Hampton,Female,149,14,2
2020-06-24,Hampton,Male,125,24,3
2020-06-24,Hampton,Not Reported,2,0,0
2020-06-24,Henrico,Female,1348,116,70
2020-06-24,Henrico,Male,1107,124,67
2020-06-24,Henrico,Not Reported,8,0,1
2020-06-24,Lenowisco,Female,24,8,1
2020-06-24,Lenowisco,Male,25,8,3
2020-06-24,Lenowisco,Not Reported,0,0,0
2020-06-24,Lord Fairfax,Female,973,76,32
2020-06-24,Lord Fairfax,Male,906,84,30
2020-06-24,Lord Fairfax,Not Reported,7,0,0
2020-06-24,Loudoun,Female,1844,117,52
2020-06-24,Loudoun,Male,1824,141,31
2020-06-24,Loudoun,Not Reported,15,0,1
2020-06-24,Mount Rogers,Female,365,21,13
2020-06-24,Mount Rogers,Male,289,45,14
2020-06-24,Mount Rogers,Not Reported,2,0,0
2020-06-24,New River,Female,92,8,0
2020-06-24,New River,Male,93,13,4
2020-06-24,New River,Not Reported,3,0,0
2020-06-24,Norfolk,Female,389,47,1
2020-06-24,Norfolk,Male,382,46,6
2020-06-24,Norfolk,Not Reported,0,0,0
2020-06-24,Peninsula,Female,471,62,21
2020-06-24,Peninsula,Male,412,62,12
2020-06-24,Peninsula,Not Reported,3,0,0
2020-06-24,Piedmont,Female,288,38,3
2020-06-24,Piedmont,Male,700,43,7
2020-06-24,Piedmont,Not Reported,1,0,0
2020-06-24,Pittsylvania-Danville,Female,85,16,2
2020-06-24,Pittsylvania-Danville,Male,74,17,1
2020-06-24,Pittsylvania-Danville,Not Reported,2,0,0
2020-06-24,Portsmouth,Female,200,40,10
2020-06-24,Portsmouth,Male,223,26,6
2020-06-24,Portsmouth,Not Reported,3,0,0
2020-06-24,Prince William,Female,4362,344,67
2020-06-24,Prince William,Male,4384,427,90
2020-06-24,Prince William,Not Reported,78,1,0
2020-06-24,Rappahannock,Female,1233,90,13
2020-06-24,Rappahannock,Male,1085,119,26
2020-06-24,Rappahannock,Not Reported,11,1,0
2020-06-24,Rappahannock Rapidan,Female,700,43,6
2020-06-24,Rappahannock Rapidan,Male,721,62,11
2020-06-24,Rappahannock Rapidan,Not Reported,2,1,1
2020-06-24,Richmond,Female,980,88,8
2020-06-24,Richmond,Male,1050,113,21
2020-06-24,Richmond,Not Reported,41,2,2
2020-06-24,Roanoke,Female,203,7,8
2020-06-24,Roanoke,Male,150,7,2
2020-06-24,Roanoke,Not Reported,6,0,0
2020-06-24,Southside,Female,218,25,17
2020-06-24,Southside,Male,149,22,11
2020-06-24,Southside,Not Reported,4,0,0
2020-06-24,Thomas Jefferson,Female,437,43,9
2020-06-24,Thomas Jefferson,Male,393,40,10
2020-06-24,Thomas Jefferson,Not Reported,2,0,0
2020-06-24,Three Rivers,Female,178,32,8
2020-06-24,Three Rivers,Male,411,16,2
2020-06-24,Three Rivers,Not Reported,18,0,0
2020-06-24,Virginia Beach,Female,552,55,12
2020-06-24,Virginia Beach,Male,474,63,15
2020-06-24,Virginia Beach,Not Reported,12,0,0
2020-06-24,West Piedmont,Female,203,18,3
2020-06-24,West Piedmont,Male,185,20,4
2020-06-24,West Piedmont,Not Reported,4,0,0
2020-06-24,Western Tidewater,Female,379,31,19
2020-06-24,Western Tidewater,Male,370,49,27
2020-06-24,Western Tidewater,Not Reported,2,0,0
2020-06-25,Alexandria,Female,1163,104,27
2020-06-25,Alexandria,Male,1100,127,23
2020-06-25,Alexandria,Not Reported,8,0,0
2020-06-25,Alleghany,Female,190,10,9
2020-06-25,Alleghany,Male,166,21,5
2020-06-25,Alleghany,Not Reported,3,0,0
2020-06-25,Arlington,Female,1212,189,61
2020-06-25,Arlington,Male,1232,227,66
2020-06-25,Arlington,Not Reported,1,0,0
2020-06-25,Central Shenandoah,Female,1045,82,18
2020-06-25,Central Shenandoah,Male,905,73,16
2020-06-25,Central Shenandoah,Not Reported,1,0,0
2020-06-25,Central Virginia,Female,157,7,1
2020-06-25,Central Virginia,Male,174,9,4
2020-06-25,Central Virginia,Not Reported,0,0,0
2020-06-25,Chesapeake,Female,451,58,7
2020-06-25,Chesapeake,Male,348,58,9
2020-06-25,Chesapeake,Not Reported,1,0,0
2020-06-25,Chesterfield,Female,1428,63,33
2020-06-25,Chesterfield,Male,1454,70,33
2020-06-25,Chesterfield,Not Reported,69,0,2
2020-06-25,Chickahominy,Female,342,52,16
2020-06-25,Chickahominy,Male,274,52,19
2020-06-25,Chickahominy,Not Reported,5,0,0
2020-06-25,Crater,Female,571,75,14
2020-06-25,Crater,Male,824,60,7
2020-06-25,Crater,Not Reported,13,1,0
2020-06-25,Cumberland Plateau,Female,21,1,0
2020-06-25,Cumberland Plateau,Male,20,1,0
2020-06-25,Cumberland Plateau,Not Reported,0,0,0
2020-06-25,Eastern Shore,Female,655,57,23
2020-06-25,Eastern Shore,Male,642,52,19
2020-06-25,Eastern Shore,Not Reported,9,0,0
2020-06-25,Fairfax,Female,6921,700,233
2020-06-25,Fairfax,Male,6693,901,235
2020-06-25,Fairfax,Not Reported,123,3,3
2020-06-25,Hampton,Female,150,14,2
2020-06-25,Hampton,Male,129,24,3
2020-06-25,Hampton,Not Reported,2,0,0
2020-06-25,Henrico,Female,1366,117,70
2020-06-25,Henrico,Male,1126,125,69
2020-06-25,Henrico,Not Reported,8,0,1
2020-06-25,Lenowisco,Female,24,8,1
2020-06-25,Lenowisco,Male,25,8,3
2020-06-25,Lenowisco,Not Reported,0,0,0
2020-06-25,Lord Fairfax,Female,983,77,32
2020-06-25,Lord Fairfax,Male,909,85,31
2020-06-25,Lord Fairfax,Not Reported,7,0,0
2020-06-25,Loudoun,Female,1868,119,53
2020-06-25,Loudoun,Male,1854,142,31
2020-06-25,Loudoun,Not Reported,17,0,1
2020-06-25,Mount Rogers,Female,368,21,13
2020-06-25,Mount Rogers,Male,298,47,14
2020-06-25,Mount Rogers,Not Reported,2,0,0
2020-06-25,New River,Female,91,8,1
2020-06-25,New River,Male,94,14,4
2020-06-25,New River,Not Reported,3,0,0
2020-06-25,Norfolk,Female,401,47,2
2020-06-25,Norfolk,Male,394,48,6
2020-06-25,Norfolk,Not Reported,0,0,0
2020-06-25,Peninsula,Female,473,62,21
2020-06-25,Peninsula,Male,415,64,13
2020-06-25,Peninsula,Not Reported,3,0,0
2020-06-25,Piedmont,Female,290,38,3
2020-06-25,Piedmont,Male,702,43,7
2020-06-25,Piedmont,Not Reported,1,0,0
2020-06-25,Pittsylvania-Danville,Female,88,18,2
2020-06-25,Pittsylvania-Danville,Male,78,18,1
2020-06-25,Pittsylvania-Danville,Not Reported,2,0,0
2020-06-25,Portsmouth,Female,208,40,10
2020-06-25,Portsmouth,Male,231,27,6
2020-06-25,Portsmouth,Not Reported,3,0,0
2020-06-25,Prince William,Female,4375,346,67
2020-06-25,Prince William,Male,4401,430,91
2020-06-25,Prince William,Not Reported,79,1,0
2020-06-25,Rappahannock,Female,1237,91,13
2020-06-25,Rappahannock,Male,1095,119,26
2020-06-25,Rappahannock,Not Reported,11,1,0
2020-06-25,Rappahannock Rapidan,Female,700,43,6
2020-06-25,Rappahannock Rapidan,Male,721,62,11
2020-06-25,Rappahannock Rapidan,Not Reported,2,1,1
2020-06-25,Richmond,Female,992,90,8
2020-06-25,Richmond,Male,1058,114,20
2020-06-25,Richmond,Not Reported,39,2,2
2020-06-25,Roanoke,Female,203,7,8
2020-06-25,Roanoke,Male,150,7,2
2020-06-25,Roanoke,Not Reported,6,0,0
2020-06-25,Southside,Female,220,24,17
2020-06-25,Southside,Male,151,22,11
2020-06-25,Southside,Not Reported,4,0,0
2020-06-25,Thomas Jefferson,Female,448,43,9
2020-06-25,Thomas Jefferson,Male,404,40,10
2020-06-25,Thomas Jefferson,Not Reported,2,0,0
2020-06-25,Three Rivers,Female,179,32,8
2020-06-25,Three Rivers,Male,412,16,2
2020-06-25,Three Rivers,Not Reported,18,0,0
2020-06-25,Virginia Beach,Female,560,55,12
2020-06-25,Virginia Beach,Male,481,63,15
2020-06-25,Virginia Beach,Not Reported,12,0,0
2020-06-25,West Piedmont,Female,205,18,3
2020-06-25,West Piedmont,Male,185,20,4
2020-06-25,West Piedmont,Not Reported,4,0,0
2020-06-25,Western Tidewater,Female,382,31,19
2020-06-25,Western Tidewater,Male,374,50,27
2020-06-25,Western Tidewater,Not Reported,2,0,0
2020-06-26,Alexandria,Female,1169,107,29
2020-06-26,Alexandria,Male,1110,130,27
2020-06-26,Alexandria,Not Reported,8,0,0
2020-06-26,Alleghany,Female,190,10,9
2020-06-26,Alleghany,Male,165,21,5
2020-06-26,Alleghany,Not Reported,3,0,0
2020-06-26,Arlington,Female,1215,190,64
2020-06-26,Arlington,Male,1233,227,68
2020-06-26,Arlington,Not Reported,1,0,0
2020-06-26,Central Shenandoah,Female,1055,84,18
2020-06-26,Central Shenandoah,Male,917,76,16
2020-06-26,Central Shenandoah,Not Reported,1,0,0
2020-06-26,Central Virginia,Female,169,7,1
2020-06-26,Central Virginia,Male,184,9,4
2020-06-26,Central Virginia,Not Reported,0,0,0
2020-06-26,Chesapeake,Female,483,65,8
2020-06-26,Chesapeake,Male,362,59,10
2020-06-26,Chesapeake,Not Reported,1,0,0
2020-06-26,Chesterfield,Female,1458,64,33
2020-06-26,Chesterfield,Male,1473,69,33
2020-06-26,Chesterfield,Not Reported,70,1,2
2020-06-26,Chickahominy,Female,345,52,16
2020-06-26,Chickahominy,Male,277,54,19
2020-06-26,Chickahominy,Not Reported,5,0,0
2020-06-26,Crater,Female,583,76,14
2020-06-26,Crater,Male,831,63,7
2020-06-26,Crater,Not Reported,13,1,0
2020-06-26,Cumberland Plateau,Female,21,1,0
2020-06-26,Cumberland Plateau,Male,20,1,0
2020-06-26,Cumberland Plateau,Not Reported,0,0,0
2020-06-26,Eastern Shore,Female,655,58,23
2020-06-26,Eastern Shore,Male,642,52,19
2020-06-26,Eastern Shore,Not Reported,9,0,0
2020-06-26,Fairfax,Female,6946,702,237
2020-06-26,Fairfax,Male,6711,911,237
2020-06-26,Fairfax,Not Reported,121,3,3
2020-06-26,Hampton,Female,158,15,2
2020-06-26,Hampton,Male,136,24,3
2020-06-26,Hampton,Not Reported,2,0,0
2020-06-26,Henrico,Female,1394,118,71
2020-06-26,Henrico,Male,1141,126,69
2020-06-26,Henrico,Not Reported,8,0,1
2020-06-26,Lenowisco,Female,24,8,1
2020-06-26,Lenowisco,Male,25,8,3
2020-06-26,Lenowisco,Not Reported,0,0,0
2020-06-26,Lord Fairfax,Female,985,78,32
2020-06-26,Lord Fairfax,Male,910,86,32
2020-06-26,Lord Fairfax,Not Reported,7,0,0
2020-06-26,Loudoun,Female,1905,119,54
2020-06-26,Loudoun,Male,1883,142,31
2020-06-26,Loudoun,Not Reported,18,0,1
2020-06-26,Mount Rogers,Female,371,23,13
2020-06-26,Mount Rogers,Male,300,47,14
2020-06-26,Mount Rogers,Not Reported,2,0,0
2020-06-26,New River,Female,94,8,1
2020-06-26,New River,Male,98,14,4
2020-06-26,New River,Not Reported,3,0,0
2020-06-26,Norfolk,Female,411,47,2
2020-06-26,Norfolk,Male,411,50,6
2020-06-26,Norfolk,Not Reported,0,0,0
2020-06-26,Peninsula,Female,481,62,21
2020-06-26,Peninsula,Male,421,64,13
2020-06-26,Peninsula,Not Reported,3,0,0
2020-06-26,Piedmont,Female,289,39,3
2020-06-26,Piedmont,Male,702,43,7
2020-06-26,Piedmont,Not Reported,1,0,0
2020-06-26,Pittsylvania-Danville,Female,94,19,2
2020-06-26,Pittsylvania-Danville,Male,83,18,1
2020-06-26,Pittsylvania-Danville,Not Reported,2,0,0
2020-06-26,Portsmouth,Female,212,40,10
2020-06-26,Portsmouth,Male,234,27,6
2020-06-26,Portsmouth,Not Reported,3,0,0
2020-06-26,Prince William,Female,4402,351,68
2020-06-26,Prince William,Male,4423,433,91
2020-06-26,Prince William,Not Reported,80,1,0
2020-06-26,Rappahannock,Female,1254,97,15
2020-06-26,Rappahannock,Male,1109,119,26
2020-06-26,Rappahannock,Not Reported,11,1,0
2020-06-26,Rappahannock Rapidan,Female,702,43,6
2020-06-26,Rappahannock Rapidan,Male,724,63,11
2020-06-26,Rappahannock Rapidan,Not Reported,2,1,1
2020-06-26,Richmond,Female,1018,94,8
2020-06-26,Richmond,Male,1076,116,20
2020-06-26,Richmond,Not Reported,39,2,2
2020-06-26,Roanoke,Female,203,7,8
2020-06-26,Roanoke,Male,151,7,2
2020-06-26,Roanoke,Not Reported,6,0,0
2020-06-26,Southside,Female,220,24,17
2020-06-26,Southside,Male,152,22,11
2020-06-26,Southside,Not Reported,4,0,0
2020-06-26,Thomas Jefferson,Female,455,46,9
2020-06-26,Thomas Jefferson,Male,411,41,10
2020-06-26,Thomas Jefferson,Not Reported,2,0,0
2020-06-26,Three Rivers,Female,187,31,7
2020-06-26,Three Rivers,Male,418,17,2
2020-06-26,Three Rivers,Not Reported,18,0,0
2020-06-26,Virginia Beach,Female,580,54,13
2020-06-26,Virginia Beach,Male,490,63,15
2020-06-26,Virginia Beach,Not Reported,12,0,0
2020-06-26,West Piedmont,Female,208,18,3
2020-06-26,West Piedmont,Male,188,20,4
2020-06-26,West Piedmont,Not Reported,5,0,0
2020-06-26,Western Tidewater,Female,385,32,19
2020-06-26,Western Tidewater,Male,376,50,27
2020-06-26,Western Tidewater,Not Reported,2,0,0
2020-06-27,Alexandria,Female,1177,107,30
2020-06-27,Alexandria,Male,1120,131,27
2020-06-27,Alexandria,Not Reported,6,0,0
2020-06-27,Alleghany,Female,190,10,9
2020-06-27,Alleghany,Male,167,21,5
2020-06-27,Alleghany,Not Reported,3,0,0
2020-06-27,Arlington,Female,1216,190,64
2020-06-27,Arlington,Male,1237,227,68
2020-06-27,Arlington,Not Reported,1,0,0
2020-06-27,Central Shenandoah,Female,1075,85,18
2020-06-27,Central Shenandoah,Male,927,78,16
2020-06-27,Central Shenandoah,Not Reported,1,0,0
2020-06-27,Central Virginia,Female,169,7,1
2020-06-27,Central Virginia,Male,184,9,4
2020-06-27,Central Virginia,Not Reported,0,0,0
2020-06-27,Chesapeake,Female,489,66,9
2020-06-27,Chesapeake,Male,364,59,11
2020-06-27,Chesapeake,Not Reported,1,0,0
2020-06-27,Chesterfield,Female,1484,64,33
2020-06-27,Chesterfield,Male,1501,70,33
2020-06-27,Chesterfield,Not Reported,77,0,2
2020-06-27,Chickahominy,Female,346,53,17
2020-06-27,Chickahominy,Male,279,54,19
2020-06-27,Chickahominy,Not Reported,5,0,0
2020-06-27,Crater,Female,597,78,18
2020-06-27,Crater,Male,846,63,8
2020-06-27,Crater,Not Reported,13,1,0
2020-06-27,Cumberland Plateau,Female,34,1,0
2020-06-27,Cumberland Plateau,Male,24,1,0
2020-06-27,Cumberland Plateau,Not Reported,0,0,0
2020-06-27,Eastern Shore,Female,656,58,23
2020-06-27,Eastern Shore,Male,643,52,19
2020-06-27,Eastern Shore,Not Reported,9,0,0
2020-06-27,Fairfax,Female,6991,704,240
2020-06-27,Fairfax,Male,6743,916,239
2020-06-27,Fairfax,Not Reported,120,3,3
2020-06-27,Hampton,Female,162,15,2
2020-06-27,Hampton,Male,141,26,3
2020-06-27,Hampton,Not Reported,2,0,0
2020-06-27,Henrico,Female,1403,119,71
2020-06-27,Henrico,Male,1149,130,69
2020-06-27,Henrico,Not Reported,8,0,1
2020-06-27,Lenowisco,Female,24,8,1
2020-06-27,Lenowisco,Male,25,8,3
2020-06-27,Lenowisco,Not Reported,0,0,0
2020-06-27,Lord Fairfax,Female,1005,82,33
2020-06-27,Lord Fairfax,Male,928,89,33
2020-06-27,Lord Fairfax,Not Reported,8,0,0
2020-06-27,Loudoun,Female,1956,119,54
2020-06-27,Loudoun,Male,1916,143,31
2020-06-27,Loudoun,Not Reported,18,0,1
2020-06-27,Mount Rogers,Female,376,24,13
2020-06-27,Mount Rogers,Male,302,48,16
2020-06-27,Mount Rogers,Not Reported,2,0,0
2020-06-27,New River,Female,96,8,1
2020-06-27,New River,Male,100,14,4
2020-06-27,New River,Not Reported,3,0,0
2020-06-27,Norfolk,Female,423,49,2
2020-06-27,Norfolk,Male,419,52,7
2020-06-27,Norfolk,Not Reported,0,0,0
2020-06-27,Peninsula,Female,493,62,21
2020-06-27,Peninsula,Male,430,64,13
2020-06-27,Peninsula,Not Reported,3,0,0
2020-06-27,Piedmont,Female,291,39,3
2020-06-27,Piedmont,Male,707,43,7
2020-06-27,Piedmont,Not Reported,1,0,0
2020-06-27,Pittsylvania-Danville,Female,100,20,2
2020-06-27,Pittsylvania-Danville,Male,84,18,1
2020-06-27,Pittsylvania-Danville,Not Reported,2,0,0
2020-06-27,Portsmouth,Female,217,40,10
2020-06-27,Portsmouth,Male,235,28,6
2020-06-27,Portsmouth,Not Reported,3,0,0
2020-06-27,Prince William,Female,4444,354,69
2020-06-27,Prince William,Male,4453,434,91
2020-06-27,Prince William,Not Reported,73,1,0
2020-06-27,Rappahannock,Female,1271,97,16
2020-06-27,Rappahannock,Male,1131,121,26
2020-06-27,Rappahannock,Not Reported,11,1,0
2020-06-27,Rappahannock Rapidan,Female,706,43,7
2020-06-27,Rappahannock Rapidan,Male,724,63,12
2020-06-27,Rappahannock Rapidan,Not Reported,2,1,1
2020-06-27,Richmond,Female,1033,96,8
2020-06-27,Richmond,Male,1087,116,20
2020-06-27,Richmond,Not Reported,39,2,2
2020-06-27,Roanoke,Female,206,7,8
2020-06-27,Roanoke,Male,151,7,2
2020-06-27,Roanoke,Not Reported,6,0,0
2020-06-27,Southside,Female,228,24,17
2020-06-27,Southside,Male,156,22,11
2020-06-27,Southside,Not Reported,4,0,0
2020-06-27,Thomas Jefferson,Female,470,46,9
2020-06-27,Thomas Jefferson,Male,414,42,10
2020-06-27,Thomas Jefferson,Not Reported,2,0,0
2020-06-27,Three Rivers,Female,189,31,7
2020-06-27,Three Rivers,Male,420,17,2
2020-06-27,Three Rivers,Not Reported,18,0,0
2020-06-27,Virginia Beach,Female,584,55,14
2020-06-27,Virginia Beach,Male,501,63,15
2020-06-27,Virginia Beach,Not Reported,7,0,0
2020-06-27,West Piedmont,Female,216,18,3
2020-06-27,West Piedmont,Male,193,20,4
2020-06-27,West Piedmont,Not Reported,5,0,0
2020-06-27,Western Tidewater,Female,392,32,19
2020-06-27,Western Tidewater,Male,382,51,27
2020-06-27,Western Tidewater,Not Reported,2,0,0
2020-06-28,Alexandria,Female,1182,107,30
2020-06-28,Alexandria,Male,1124,131,27
2020-06-28,Alexandria,Not Reported,6,0,0
2020-06-28,Alleghany,Female,195,10,9
2020-06-28,Alleghany,Male,172,21,5
2020-06-28,Alleghany,Not Reported,3,0,0
2020-06-28,Arlington,Female,1223,190,64
2020-06-28,Arlington,Male,1240,227,68
2020-06-28,Arlington,Not Reported,1,0,0
2020-06-28,Central Shenandoah,Female,1093,86,19
2020-06-28,Central Shenandoah,Male,931,79,17
2020-06-28,Central Shenandoah,Not Reported,1,0,0
2020-06-28,Central Virginia,Female,173,7,1
2020-06-28,Central Virginia,Male,187,9,4
2020-06-28,Central Virginia,Not Reported,0,0,0
2020-06-28,Chesapeake,Female,499,68,9
2020-06-28,Chesapeake,Male,379,60,11
2020-06-28,Chesapeake,Not Reported,1,0,0
2020-06-28,Chesterfield,Female,1493,64,33
2020-06-28,Chesterfield,Male,1506,70,33
2020-06-28,Chesterfield,Not Reported,77,0,2
2020-06-28,Chickahominy,Female,350,53,17
2020-06-28,Chickahominy,Male,280,54,19
2020-06-28,Chickahominy,Not Reported,5,0,0
2020-06-28,Crater,Female,597,78,18
2020-06-28,Crater,Male,847,63,8
2020-06-28,Crater,Not Reported,13,1,0
2020-06-28,Cumberland Plateau,Female,34,1,0
2020-06-28,Cumberland Plateau,Male,24,1,0
2020-06-28,Cumberland Plateau,Not Reported,0,0,0
2020-06-28,Eastern Shore,Female,656,58,23
2020-06-28,Eastern Shore,Male,643,52,19
2020-06-28,Eastern Shore,Not Reported,9,0,0
2020-06-28,Fairfax,Female,7017,705,241
2020-06-28,Fairfax,Male,6766,917,243
2020-06-28,Fairfax,Not Reported,121,3,3
2020-06-28,Hampton,Female,164,15,2
2020-06-28,Hampton,Male,144,26,3
2020-06-28,Hampton,Not Reported,2,0,0
2020-06-28,Henrico,Female,1416,119,71
2020-06-28,Henrico,Male,1155,131,69
2020-06-28,Henrico,Not Reported,8,0,1
2020-06-28,Lenowisco,Female,25,8,1
2020-06-28,Lenowisco,Male,25,8,3
2020-06-28,Lenowisco,Not Reported,0,0,0
2020-06-28,Lord Fairfax,Female,1012,82,33
2020-06-28,Lord Fairfax,Male,938,89,33
2020-06-28,Lord Fairfax,Not Reported,8,0,0
2020-06-28,Loudoun,Female,1974,120,54
2020-06-28,Loudoun,Male,1940,145,32
2020-06-28,Loudoun,Not Reported,18,0,1
2020-06-28,Mount Rogers,Female,384,24,13
2020-06-28,Mount Rogers,Male,309,48,16
2020-06-28,Mount Rogers,Not Reported,2,0,0
2020-06-28,New River,Female,102,8,1
2020-06-28,New River,Male,110,14,4
2020-06-28,New River,Not Reported,3,0,0
2020-06-28,Norfolk,Female,428,49,2
2020-06-28,Norfolk,Male,427,52,7
2020-06-28,Norfolk,Not Reported,0,0,0
2020-06-28,Peninsula,Female,498,62,21
2020-06-28,Peninsula,Male,441,64,13
2020-06-28,Peninsula,Not Reported,3,0,0
2020-06-28,Piedmont,Female,291,39,3
2020-06-28,Piedmont,Male,707,43,7
2020-06-28,Piedmont,Not Reported,1,0,0
2020-06-28,Pittsylvania-Danville,Female,101,20,2
2020-06-28,Pittsylvania-Danville,Male,85,19,1
2020-06-28,Pittsylvania-Danville,Not Reported,2,0,0
2020-06-28,Portsmouth,Female,219,40,10
2020-06-28,Portsmouth,Male,237,28,6
2020-06-28,Portsmouth,Not Reported,3,0,0
2020-06-28,Prince William,Female,4466,354,69
2020-06-28,Prince William,Male,4481,435,91
2020-06-28,Prince William,Not Reported,72,1,0
2020-06-28,Rappahannock,Female,1280,97,16
2020-06-28,Rappahannock,Male,1144,121,26
2020-06-28,Rappahannock,Not Reported,11,1,0
2020-06-28,Rappahannock Rapidan,Female,706,43,7
2020-06-28,Rappahannock Rapidan,Male,725,63,12
2020-06-28,Rappahannock Rapidan,Not Reported,2,1,1
2020-06-28,Richmond,Female,1043,96,8
2020-06-28,Richmond,Male,1102,116,20
2020-06-28,Richmond,Not Reported,39,2,2
2020-06-28,Roanoke,Female,207,7,8
2020-06-28,Roanoke,Male,155,7,2
2020-06-28,Roanoke,Not Reported,6,0,0
2020-06-28,Southside,Female,229,24,17
2020-06-28,Southside,Male,158,24,11
2020-06-28,Southside,Not Reported,4,0,0
2020-06-28,Thomas Jefferson,Female,484,46,9
2020-06-28,Thomas Jefferson,Male,426,42,10
2020-06-28,Thomas Jefferson,Not Reported,2,0,0
2020-06-28,Three Rivers,Female,193,31,7
2020-06-28,Three Rivers,Male,424,18,2
2020-06-28,Three Rivers,Not Reported,18,0,0
2020-06-28,Virginia Beach,Female,600,55,14
2020-06-28,Virginia Beach,Male,516,63,15
2020-06-28,Virginia Beach,Not Reported,7,0,0
2020-06-28,West Piedmont,Female,223,18,3
2020-06-28,West Piedmont,Male,201,20,4
2020-06-28,West Piedmont,Not Reported,5,0,0
2020-06-28,Western Tidewater,Female,392,32,19
2020-06-28,Western Tidewater,Male,383,51,27
2020-06-28,Western Tidewater,Not Reported,2,0,0
2020-06-29,Alexandria,Female,1184,107,30
2020-06-29,Alexandria,Male,1127,131,27
2020-06-29,Alexandria,Not Reported,6,0,0
2020-06-29,Alleghany,Female,222,10,9
2020-06-29,Alleghany,Male,195,21,5
2020-06-29,Alleghany,Not Reported,3,0,0
2020-06-29,Arlington,Female,1220,190,64
2020-06-29,Arlington,Male,1245,228,68
2020-06-29,Arlington,Not Reported,1,0,0
2020-06-29,Central Shenandoah,Female,1103,86,19
2020-06-29,Central Shenandoah,Male,938,79,17
2020-06-29,Central Shenandoah,Not Reported,1,0,0
2020-06-29,Central Virginia,Female,175,7,1
2020-06-29,Central Virginia,Male,196,9,4
2020-06-29,Central Virginia,Not Reported,0,0,0
2020-06-29,Chesapeake,Female,503,69,9
2020-06-29,Chesapeake,Male,383,61,11
2020-06-29,Chesapeake,Not Reported,1,0,0
2020-06-29,Chesterfield,Female,1500,64,33
2020-06-29,Chesterfield,Male,1514,70,33
2020-06-29,Chesterfield,Not Reported,77,0,2
2020-06-29,Chickahominy,Female,351,53,17
2020-06-29,Chickahominy,Male,283,54,19
2020-06-29,Chickahominy,Not Reported,5,0,0
2020-06-29,Crater,Female,599,79,19
2020-06-29,Crater,Male,854,63,9
2020-06-29,Crater,Not Reported,13,1,0
2020-06-29,Cumberland Plateau,Female,36,1,0
2020-06-29,Cumberland Plateau,Male,25,1,0
2020-06-29,Cumberland Plateau,Not Reported,0,0,0
2020-06-29,Eastern Shore,Female,656,58,23
2020-06-29,Eastern Shore,Male,643,52,19
2020-06-29,Eastern Shore,Not Reported,9,0,0
2020-06-29,Fairfax,Female,7050,707,244
2020-06-29,Fairfax,Male,6795,917,246
2020-06-29,Fairfax,Not Reported,121,3,3
2020-06-29,Hampton,Female,167,15,2
2020-06-29,Hampton,Male,147,26,3
2020-06-29,Hampton,Not Reported,2,0,0
2020-06-29,Henrico,Female,1420,119,71
2020-06-29,Henrico,Male,1156,132,69
2020-06-29,Henrico,Not Reported,8,0,1
2020-06-29,Lenowisco,Female,25,8,1
2020-06-29,Lenowisco,Male,25,8,3
2020-06-29,Lenowisco,Not Reported,0,0,0
2020-06-29,Lord Fairfax,Female,1016,83,33
2020-06-29,Lord Fairfax,Male,941,89,33
2020-06-29,Lord Fairfax,Not Reported,8,0,0
2020-06-29,Loudoun,Female,1993,122,54
2020-06-29,Loudoun,Male,1958,149,32
2020-06-29,Loudoun,Not Reported,17,0,1
2020-06-29,Mount Rogers,Female,385,24,13
2020-06-29,Mount Rogers,Male,313,48,16
2020-06-29,Mount Rogers,Not Reported,2,0,0
2020-06-29,New River,Female,110,8,1
2020-06-29,New River,Male,117,14,4
2020-06-29,New River,Not Reported,3,0,0
2020-06-29,Norfolk,Female,448,50,2
2020-06-29,Norfolk,Male,441,54,7
2020-06-29,Norfolk,Not Reported,0,0,0
2020-06-29,Peninsula,Female,509,62,21
2020-06-29,Peninsula,Male,449,64,13
2020-06-29,Peninsula,Not Reported,3,0,0
2020-06-29,Piedmont,Female,295,40,3
2020-06-29,Piedmont,Male,712,44,7
2020-06-29,Piedmont,Not Reported,1,0,0
2020-06-29,Pittsylvania-Danville,Female,107,21,2
2020-06-29,Pittsylvania-Danville,Male,90,20,1
2020-06-29,Pittsylvania-Danville,Not Reported,2,0,0
2020-06-29,Portsmouth,Female,225,40,10
2020-06-29,Portsmouth,Male,243,28,6
2020-06-29,Portsmouth,Not Reported,3,0,0
2020-06-29,Prince William,Female,4467,357,69
2020-06-29,Prince William,Male,4484,435,91
2020-06-29,Prince William,Not Reported,71,1,0
2020-06-29,Rappahannock,Female,1283,97,16
2020-06-29,Rappahannock,Male,1148,121,26
2020-06-29,Rappahannock,Not Reported,11,1,0
2020-06-29,Rappahannock Rapidan,Female,707,43,7
2020-06-29,Rappahannock Rapidan,Male,725,63,12
2020-06-29,Rappahannock Rapidan,Not Reported,2,1,1
2020-06-29,Richmond,Female,1049,98,8
2020-06-29,Richmond,Male,1107,118,20
2020-06-29,Richmond,Not Reported,39,2,2
2020-06-29,Roanoke,Female,218,7,8
2020-06-29,Roanoke,Male,179,7,2
2020-06-29,Roanoke,Not Reported,6,0,0
2020-06-29,Southside,Female,229,24,17
2020-06-29,Southside,Male,159,24,11
2020-06-29,Southside,Not Reported,4,0,0
2020-06-29,Thomas Jefferson,Female,484,46,9
2020-06-29,Thomas Jefferson,Male,430,42,10
2020-06-29,Thomas Jefferson,Not Reported,2,0,0
2020-06-29,Three Rivers,Female,198,31,7
2020-06-29,Three Rivers,Male,425,18,2
2020-06-29,Three Rivers,Not Reported,18,0,0
2020-06-29,Virginia Beach,Female,612,55,14
2020-06-29,Virginia Beach,Male,525,63,15
2020-06-29,Virginia Beach,Not Reported,8,0,0
2020-06-29,West Piedmont,Female,228,18,3
2020-06-29,West Piedmont,Male,205,20,4
2020-06-29,West Piedmont,Not Reported,5,0,0
2020-06-29,Western Tidewater,Female,399,32,19
2020-06-29,Western Tidewater,Male,385,51,27
2020-06-29,Western Tidewater,Not Reported,2,0,0
2020-06-30,Alexandria,Female,1190,107,30
2020-06-30,Alexandria,Male,1129,131,27
2020-06-30,Alexandria,Not Reported,6,0,0
2020-06-30,Alleghany,Female,257,10,10
2020-06-30,Alleghany,Male,226,21,5
2020-06-30,Alleghany,Not Reported,3,0,0
2020-06-30,Arlington,Female,1224,190,64
2020-06-30,Arlington,Male,1254,228,68
2020-06-30,Arlington,Not Reported,1,0,0
2020-06-30,Central Shenandoah,Female,1108,86,19
2020-06-30,Central Shenandoah,Male,948,80,17
2020-06-30,Central Shenandoah,Not Reported,1,0,0
2020-06-30,Central Virginia,Female,181,7,1
2020-06-30,Central Virginia,Male,205,9,4
2020-06-30,Central Virginia,Not Reported,0,0,0
2020-06-30,Chesapeake,Female,509,69,9
2020-06-30,Chesapeake,Male,385,61,11
2020-06-30,Chesapeake,Not Reported,1,0,0
2020-06-30,Chesterfield,Female,1512,65,33
2020-06-30,Chesterfield,Male,1533,70,34
2020-06-30,Chesterfield,Not Reported,77,0,2
2020-06-30,Chickahominy,Female,353,53,17
2020-06-30,Chickahominy,Male,286,54,19
2020-06-30,Chickahominy,Not Reported,5,0,0
2020-06-30,Crater,Female,609,79,19
2020-06-30,Crater,Male,869,68,11
2020-06-30,Crater,Not Reported,14,1,0
2020-06-30,Cumberland Plateau,Female,37,1,0
2020-06-30,Cumberland Plateau,Male,25,1,0
2020-06-30,Cumberland Plateau,Not Reported,0,0,0
2020-06-30,Eastern Shore,Female,658,58,23
2020-06-30,Eastern Shore,Male,644,53,19
2020-06-30,Eastern Shore,Not Reported,9,0,0
2020-06-30,Fairfax,Female,7048,708,250
2020-06-30,Fairfax,Male,6811,920,250
2020-06-30,Fairfax,Not Reported,117,3,3
2020-06-30,Hampton,Female,177,15,2
2020-06-30,Hampton,Male,149,26,3
2020-06-30,Hampton,Not Reported,2,0,0
2020-06-30,Henrico,Female,1422,120,71
2020-06-30,Henrico,Male,1161,134,69
2020-06-30,Henrico,Not Reported,8,0,1
2020-06-30,Lenowisco,Female,27,9,1
2020-06-30,Lenowisco,Male,26,8,3
2020-06-30,Lenowisco,Not Reported,0,0,0
2020-06-30,Lord Fairfax,Female,1020,84,33
2020-06-30,Lord Fairfax,Male,946,90,34
2020-06-30,Lord Fairfax,Not Reported,8,0,0
2020-06-30,Loudoun,Female,2011,124,54
2020-06-30,Loudoun,Male,1972,151,32
2020-06-30,Loudoun,Not Reported,17,0,1
2020-06-30,Mount Rogers,Female,389,24,13
2020-06-30,Mount Rogers,Male,316,48,16
2020-06-30,Mount Rogers,Not Reported,2,0,0
2020-06-30,New River,Female,112,8,1
2020-06-30,New River,Male,118,14,4
2020-06-30,New River,Not Reported,3,0,0
2020-06-30,Norfolk,Female,461,51,2
2020-06-30,Norfolk,Male,454,54,7
2020-06-30,Norfolk,Not Reported,0,0,0
2020-06-30,Peninsula,Female,520,62,21
2020-06-30,Peninsula,Male,456,64,13
2020-06-30,Peninsula,Not Reported,4,0,0
2020-06-30,Piedmont,Female,297,41,3
2020-06-30,Piedmont,Male,713,45,7
2020-06-30,Piedmont,Not Reported,1,0,0
2020-06-30,Pittsylvania-Danville,Female,115,21,2
2020-06-30,Pittsylvania-Danville,Male,91,20,1
2020-06-30,Pittsylvania-Danville,Not Reported,2,0,0
2020-06-30,Portsmouth,Female,229,40,10
2020-06-30,Portsmouth,Male,250,28,6
2020-06-30,Portsmouth,Not Reported,3,0,0
2020-06-30,Prince William,Female,4513,360,70
2020-06-30,Prince William,Male,4532,438,96
2020-06-30,Prince William,Not Reported,68,1,0
2020-06-30,Rappahannock,Female,1294,99,16
2020-06-30,Rappahannock,Male,1149,121,26
2020-06-30,Rappahannock,Not Reported,9,1,0
2020-06-30,Rappahannock Rapidan,Female,708,43,7
2020-06-30,Rappahannock Rapidan,Male,730,64,12
2020-06-30,Rappahannock Rapidan,Not Reported,2,1,1
2020-06-30,Richmond,Female,1056,98,8
2020-06-30,Richmond,Male,1114,120,20
2020-06-30,Richmond,Not Reported,39,2,2
2020-06-30,Roanoke,Female,230,7,7
2020-06-30,Roanoke,Male,203,7,2
2020-06-30,Roanoke,Not Reported,6,0,0
2020-06-30,Southside,Female,231,24,17
2020-06-30,Southside,Male,161,24,11
2020-06-30,Southside,Not Reported,4,0,0
2020-06-30,Thomas Jefferson,Female,491,46,10
2020-06-30,Thomas Jefferson,Male,433,42,10
2020-06-30,Thomas Jefferson,Not Reported,2,0,0
2020-06-30,Three Rivers,Female,200,31,7
2020-06-30,Three Rivers,Male,429,19,2
2020-06-30,Three Rivers,Not Reported,18,0,0
2020-06-30,Virginia Beach,Female,631,55,14
2020-06-30,Virginia Beach,Male,537,63,15
2020-06-30,Virginia Beach,Not Reported,8,0,0
2020-06-30,West Piedmont,Female,245,20,3
2020-06-30,West Piedmont,Male,222,20,4
2020-06-30,West Piedmont,Not Reported,5,0,0
2020-06-30,Western Tidewater,Female,406,32,20
2020-06-30,Western Tidewater,Male,392,51,28
2020-06-30,Western Tidewater,Not Reported,2,0,0
2020-07-01,Alexandria,Female,1189,107,30
2020-07-01,Alexandria,Male,1130,130,27
2020-07-01,Alexandria,Not Reported,6,0,0
2020-07-01,Alleghany,Female,260,10,10
2020-07-01,Alleghany,Male,227,21,5
2020-07-01,Alleghany,Not Reported,3,0,0
2020-07-01,Arlington,Female,1227,190,64
2020-07-01,Arlington,Male,1256,228,68
2020-07-01,Arlington,Not Reported,1,0,0
2020-07-01,Central Shenandoah,Female,1111,86,19
2020-07-01,Central Shenandoah,Male,947,79,18
2020-07-01,Central Shenandoah,Not Reported,1,0,0
2020-07-01,Central Virginia,Female,181,7,1
2020-07-01,Central Virginia,Male,204,9,4
2020-07-01,Central Virginia,Not Reported,0,0,0
2020-07-01,Chesapeake,Female,530,74,9
2020-07-01,Chesapeake,Male,394,63,11
2020-07-01,Chesapeake,Not Reported,1,0,0
2020-07-01,Chesterfield,Female,1521,68,35
2020-07-01,Chesterfield,Male,1542,70,35
2020-07-01,Chesterfield,Not Reported,77,0,2
2020-07-01,Chickahominy,Female,354,54,18
2020-07-01,Chickahominy,Male,287,55,19
2020-07-01,Chickahominy,Not Reported,4,0,0
2020-07-01,Crater,Female,619,81,19
2020-07-01,Crater,Male,878,70,13
2020-07-01,Crater,Not Reported,13,1,0
2020-07-01,Cumberland Plateau,Female,37,1,0
2020-07-01,Cumberland Plateau,Male,25,1,0
2020-07-01,Cumberland Plateau,Not Reported,0,0,0
2020-07-01,Eastern Shore,Female,658,58,23
2020-07-01,Eastern Shore,Male,645,54,19
2020-07-01,Eastern Shore,Not Reported,9,0,0
2020-07-01,Fairfax,Female,7060,710,250
2020-07-01,Fairfax,Male,6817,927,250
2020-07-01,Fairfax,Not Reported,109,3,3
2020-07-01,Hampton,Female,181,15,2
2020-07-01,Hampton,Male,153,26,3
2020-07-01,Hampton,Not Reported,2,0,0
2020-07-01,Henrico,Female,1428,122,73
2020-07-01,Henrico,Male,1167,135,72
2020-07-01,Henrico,Not Reported,8,0,1
2020-07-01,Lenowisco,Female,27,9,1
2020-07-01,Lenowisco,Male,26,8,3
2020-07-01,Lenowisco,Not Reported,0,0,0
2020-07-01,Lord Fairfax,Female,1041,85,33
2020-07-01,Lord Fairfax,Male,965,90,34
2020-07-01,Lord Fairfax,Not Reported,8,0,0
2020-07-01,Loudoun,Female,2035,126,54
2020-07-01,Loudoun,Male,1995,153,32
2020-07-01,Loudoun,Not Reported,17,0,1
2020-07-01,Mount Rogers,Female,396,24,13
2020-07-01,Mount Rogers,Male,327,50,17
2020-07-01,Mount Rogers,Not Reported,2,0,0
2020-07-01,New River,Female,113,8,1
2020-07-01,New River,Male,122,14,4
2020-07-01,New River,Not Reported,3,0,0
2020-07-01,Norfolk,Female,472,51,2
2020-07-01,Norfolk,Male,462,56,8
2020-07-01,Norfolk,Not Reported,0,0,0
2020-07-01,Peninsula,Female,525,62,21
2020-07-01,Peninsula,Male,466,64,13
2020-07-01,Peninsula,Not Reported,4,0,0
2020-07-01,Piedmont,Female,302,41,4
2020-07-01,Piedmont,Male,719,46,7
2020-07-01,Piedmont,Not Reported,2,0,0
2020-07-01,Pittsylvania-Danville,Female,116,21,2
2020-07-01,Pittsylvania-Danville,Male,91,20,1
2020-07-01,Pittsylvania-Danville,Not Reported,2,0,0
2020-07-01,Portsmouth,Female,237,40,10
2020-07-01,Portsmouth,Male,257,29,6
2020-07-01,Portsmouth,Not Reported,3,0,0
2020-07-01,Prince William,Female,4553,363,72
2020-07-01,Prince William,Male,4554,439,96
2020-07-01,Prince William,Not Reported,68,1,0
2020-07-01,Rappahannock,Female,1295,101,17
2020-07-01,Rappahannock,Male,1151,121,26
2020-07-01,Rappahannock,Not Reported,9,1,0
2020-07-01,Rappahannock Rapidan,Female,709,44,8
2020-07-01,Rappahannock Rapidan,Male,733,64,12
2020-07-01,Rappahannock Rapidan,Not Reported,2,1,1
2020-07-01,Richmond,Female,1057,99,7
2020-07-01,Richmond,Male,1116,121,20
2020-07-01,Richmond,Not Reported,40,2,2
2020-07-01,Roanoke,Female,229,7,7
2020-07-01,Roanoke,Male,203,7,3
2020-07-01,Roanoke,Not Reported,6,0,0
2020-07-01,Southside,Female,235,24,17
2020-07-01,Southside,Male,163,25,11
2020-07-01,Southside,Not Reported,4,0,0
2020-07-01,Thomas Jefferson,Female,498,52,11
2020-07-01,Thomas Jefferson,Male,439,42,11
2020-07-01,Thomas Jefferson,Not Reported,1,0,0
2020-07-01,Three Rivers,Female,200,31,7
2020-07-01,Three Rivers,Male,430,18,2
2020-07-01,Three Rivers,Not Reported,18,0,0
2020-07-01,Virginia Beach,Female,639,55,14
2020-07-01,Virginia Beach,Male,555,64,15
2020-07-01,Virginia Beach,Not Reported,9,0,0
2020-07-01,West Piedmont,Female,249,21,3
2020-07-01,West Piedmont,Male,226,20,4
2020-07-01,West Piedmont,Not Reported,5,0,0
2020-07-01,Western Tidewater,Female,412,33,22
2020-07-01,Western Tidewater,Male,396,54,28
2020-07-01,Western Tidewater,Not Reported,2,0,0
2020-07-02,Alexandria,Female,1191,107,30
2020-07-02,Alexandria,Male,1130,130,27
2020-07-02,Alexandria,Not Reported,6,0,0
2020-07-02,Alleghany,Female,263,10,10
2020-07-02,Alleghany,Male,234,21,5
2020-07-02,Alleghany,Not Reported,3,0,0
2020-07-02,Arlington,Female,1230,191,63
2020-07-02,Arlington,Male,1265,230,69
2020-07-02,Arlington,Not Reported,1,0,0
2020-07-02,Central Shenandoah,Female,1122,91,21
2020-07-02,Central Shenandoah,Male,959,80,18
2020-07-02,Central Shenandoah,Not Reported,1,0,0
2020-07-02,Central Virginia,Female,185,7,1
2020-07-02,Central Virginia,Male,208,9,4
2020-07-02,Central Virginia,Not Reported,0,0,0
2020-07-02,Chesapeake,Female,551,76,10
2020-07-02,Chesapeake,Male,407,64,11
2020-07-02,Chesapeake,Not Reported,1,0,0
2020-07-02,Chesterfield,Female,1533,71,36
2020-07-02,Chesterfield,Male,1556,78,35
2020-07-02,Chesterfield,Not Reported,77,0,2
2020-07-02,Chickahominy,Female,356,55,18
2020-07-02,Chickahominy,Male,292,55,19
2020-07-02,Chickahominy,Not Reported,4,0,0
2020-07-02,Crater,Female,634,81,20
2020-07-02,Crater,Male,892,70,13
2020-07-02,Crater,Not Reported,13,1,0
2020-07-02,Cumberland Plateau,Female,38,1,0
2020-07-02,Cumberland Plateau,Male,27,1,0
2020-07-02,Cumberland Plateau,Not Reported,0,0,0
2020-07-02,Eastern Shore,Female,658,58,23
2020-07-02,Eastern Shore,Male,646,54,19
2020-07-02,Eastern Shore,Not Reported,9,0,0
2020-07-02,Fairfax,Female,7080,720,251
2020-07-02,Fairfax,Male,6823,935,253
2020-07-02,Fairfax,Not Reported,107,3,3
2020-07-02,Hampton,Female,184,15,2
2020-07-02,Hampton,Male,152,26,3
2020-07-02,Hampton,Not Reported,3,0,0
2020-07-02,Henrico,Female,1433,122,78
2020-07-02,Henrico,Male,1174,135,73
2020-07-02,Henrico,Not Reported,8,0,1
2020-07-02,Lenowisco,Female,27,9,1
2020-07-02,Lenowisco,Male,27,8,3
2020-07-02,Lenowisco,Not Reported,0,0,0
2020-07-02,Lord Fairfax,Female,1061,86,33
2020-07-02,Lord Fairfax,Male,979,92,34
2020-07-02,Lord Fairfax,Not Reported,8,0,0
2020-07-02,Loudoun,Female,2055,125,54
2020-07-02,Loudoun,Male,2011,153,34
2020-07-02,Loudoun,Not Reported,17,0,1
2020-07-02,Mount Rogers,Female,401,24,13
2020-07-02,Mount Rogers,Male,333,50,18
2020-07-02,Mount Rogers,Not Reported,2,0,0
2020-07-02,New River,Female,116,8,1
2020-07-02,New River,Male,124,14,4
2020-07-02,New River,Not Reported,3,0,0
2020-07-02,Norfolk,Female,507,52,3
2020-07-02,Norfolk,Male,480,56,8
2020-07-02,Norfolk,Not Reported,0,0,0
2020-07-02,Peninsula,Female,531,63,21
2020-07-02,Peninsula,Male,470,64,13
2020-07-02,Peninsula,Not Reported,4,0,0
2020-07-02,Piedmont,Female,304,41,4
2020-07-02,Piedmont,Male,724,48,8
2020-07-02,Piedmont,Not Reported,2,0,0
2020-07-02,Pittsylvania-Danville,Female,118,21,2
2020-07-02,Pittsylvania-Danville,Male,92,20,1
2020-07-02,Pittsylvania-Danville,Not Reported,2,0,0
2020-07-02,Portsmouth,Female,247,41,11
2020-07-02,Portsmouth,Male,263,30,7
2020-07-02,Portsmouth,Not Reported,3,0,0
2020-07-02,Prince William,Female,4583,366,71
2020-07-02,Prince William,Male,4587,444,96
2020-07-02,Prince William,Not Reported,68,1,0
2020-07-02,Rappahannock,Female,1307,101,18
2020-07-02,Rappahannock,Male,1165,123,26
2020-07-02,Rappahannock,Not Reported,6,1,0
2020-07-02,Rappahannock Rapidan,Female,713,44,9
2020-07-02,Rappahannock Rapidan,Male,733,64,12
2020-07-02,Rappahannock Rapidan,Not Reported,2,1,1
2020-07-02,Richmond,Female,1063,101,8
2020-07-02,Richmond,Male,1125,122,20
2020-07-02,Richmond,Not Reported,39,2,2
2020-07-02,Roanoke,Female,228,7,7
2020-07-02,Roanoke,Male,202,7,3
2020-07-02,Roanoke,Not Reported,6,0,0
2020-07-02,Southside,Female,239,24,18
2020-07-02,Southside,Male,167,25,12
2020-07-02,Southside,Not Reported,4,0,0
2020-07-02,Thomas Jefferson,Female,504,52,12
2020-07-02,Thomas Jefferson,Male,443,45,11
2020-07-02,Thomas Jefferson,Not Reported,1,0,0
2020-07-02,Three Rivers,Female,200,31,7
2020-07-02,Three Rivers,Male,431,18,2
2020-07-02,Three Rivers,Not Reported,18,0,0
2020-07-02,Virginia Beach,Female,654,56,14
2020-07-02,Virginia Beach,Male,562,65,16
2020-07-02,Virginia Beach,Not Reported,9,0,0
2020-07-02,West Piedmont,Female,255,21,3
2020-07-02,West Piedmont,Male,232,22,4
2020-07-02,West Piedmont,Not Reported,5,0,0
2020-07-02,Western Tidewater,Female,416,33,22
2020-07-02,Western Tidewater,Male,399,55,30
2020-07-02,Western Tidewater,Not Reported,2,0,0
2020-07-03,Alexandria,Female,1201,108,30
2020-07-03,Alexandria,Male,1131,130,27
2020-07-03,Alexandria,Not Reported,6,0,0
2020-07-03,Alleghany,Female,283,10,10
2020-07-03,Alleghany,Male,245,21,5
2020-07-03,Alleghany,Not Reported,3,0,0
2020-07-03,Arlington,Female,1231,191,63
2020-07-03,Arlington,Male,1268,230,69
2020-07-03,Arlington,Not Reported,1,0,0
2020-07-03,Central Shenandoah,Female,1135,92,21
2020-07-03,Central Shenandoah,Male,975,81,19
2020-07-03,Central Shenandoah,Not Reported,1,0,0
2020-07-03,Central Virginia,Female,203,7,1
2020-07-03,Central Virginia,Male,215,9,4
2020-07-03,Central Virginia,Not Reported,0,0,0
2020-07-03,Chesapeake,Female,560,77,10
2020-07-03,Chesapeake,Male,411,66,11
2020-07-03,Chesapeake,Not Reported,1,0,0
2020-07-03,Chesterfield,Female,1557,71,36
2020-07-03,Chesterfield,Male,1569,78,35
2020-07-03,Chesterfield,Not Reported,77,0,2
2020-07-03,Chickahominy,Female,369,56,19
2020-07-03,Chickahominy,Male,296,55,20
2020-07-03,Chickahominy,Not Reported,4,0,0
2020-07-03,Crater,Female,647,81,22
2020-07-03,Crater,Male,902,72,16
2020-07-03,Crater,Not Reported,13,1,0
2020-07-03,Cumberland Plateau,Female,38,1,0
2020-07-03,Cumberland Plateau,Male,27,1,0
2020-07-03,Cumberland Plateau,Not Reported,0,0,0
2020-07-03,Eastern Shore,Female,658,59,23
2020-07-03,Eastern Shore,Male,646,54,19
2020-07-03,Eastern Shore,Not Reported,9,0,0
2020-07-03,Fairfax,Female,7128,725,251
2020-07-03,Fairfax,Male,6856,940,255
2020-07-03,Fairfax,Not Reported,105,3,3
2020-07-03,Hampton,Female,194,15,2
2020-07-03,Hampton,Male,157,26,3
2020-07-03,Hampton,Not Reported,3,0,0
2020-07-03,Henrico,Female,1444,123,80
2020-07-03,Henrico,Male,1177,135,76
2020-07-03,Henrico,Not Reported,8,0,1
2020-07-03,Lenowisco,Female,27,9,1
2020-07-03,Lenowisco,Male,28,8,3
2020-07-03,Lenowisco,Not Reported,0,0,0
2020-07-03,Lord Fairfax,Female,1068,88,34
2020-07-03,Lord Fairfax,Male,985,95,35
2020-07-03,Lord Fairfax,Not Reported,7,0,0
2020-07-03,Loudoun,Female,2060,125,56
2020-07-03,Loudoun,Male,2037,154,34
2020-07-03,Loudoun,Not Reported,16,0,1
2020-07-03,Mount Rogers,Female,406,24,14
2020-07-03,Mount Rogers,Male,335,50,18
2020-07-03,Mount Rogers,Not Reported,2,0,0
2020-07-03,New River,Female,119,8,1
2020-07-03,New River,Male,130,14,4
2020-07-03,New River,Not Reported,3,0,0
2020-07-03,Norfolk,Female,513,53,3
2020-07-03,Norfolk,Male,487,58,8
2020-07-03,Norfolk,Not Reported,0,0,0
2020-07-03,Peninsula,Female,541,63,21
2020-07-03,Peninsula,Male,474,64,13
2020-07-03,Peninsula,Not Reported,4,0,0
2020-07-03,Piedmont,Female,306,41,4
2020-07-03,Piedmont,Male,754,48,9
2020-07-03,Piedmont,Not Reported,5,0,0
2020-07-03,Pittsylvania-Danville,Female,126,21,2
2020-07-03,Pittsylvania-Danville,Male,95,20,1
2020-07-03,Pittsylvania-Danville,Not Reported,2,0,0
2020-07-03,Portsmouth,Female,255,43,11
2020-07-03,Portsmouth,Male,268,30,7
2020-07-03,Portsmouth,Not Reported,3,0,0
2020-07-03,Prince William,Female,4612,370,72
2020-07-03,Prince William,Male,4627,449,98
2020-07-03,Prince William,Not Reported,67,1,0
2020-07-03,Rappahannock,Female,1313,101,18
2020-07-03,Rappahannock,Male,1170,124,26
2020-07-03,Rappahannock,Not Reported,6,1,0
2020-07-03,Rappahannock Rapidan,Female,716,44,9
2020-07-03,Rappahannock Rapidan,Male,739,64,12
2020-07-03,Rappahannock Rapidan,Not Reported,2,1,1
2020-07-03,Richmond,Female,1074,101,8
2020-07-03,Richmond,Male,1135,124,20
2020-07-03,Richmond,Not Reported,39,2,2
2020-07-03,Roanoke,Female,244,7,7
2020-07-03,Roanoke,Male,214,7,3
2020-07-03,Roanoke,Not Reported,7,0,0
2020-07-03,Southside,Female,242,24,18
2020-07-03,Southside,Male,168,25,12
2020-07-03,Southside,Not Reported,4,0,0
2020-07-03,Thomas Jefferson,Female,512,53,13
2020-07-03,Thomas Jefferson,Male,448,46,12
2020-07-03,Thomas Jefferson,Not Reported,0,0,0
2020-07-03,Three Rivers,Female,199,32,7
2020-07-03,Three Rivers,Male,431,18,2
2020-07-03,Three Rivers,Not Reported,18,0,0
2020-07-03,Virginia Beach,Female,669,56,14
2020-07-03,Virginia Beach,Male,576,65,16
2020-07-03,Virginia Beach,Not Reported,9,0,0
2020-07-03,West Piedmont,Female,262,23,3
2020-07-03,West Piedmont,Male,234,22,4
2020-07-03,West Piedmont,Not Reported,5,0,0
2020-07-03,Western Tidewater,Female,426,33,25
2020-07-03,Western Tidewater,Male,413,55,30
2020-07-03,Western Tidewater,Not Reported,2,0,0
2020-07-04,Alexandria,Female,1210,109,30
2020-07-04,Alexandria,Male,1141,130,27
2020-07-04,Alexandria,Not Reported,6,0,0
2020-07-04,Alleghany,Female,286,10,10
2020-07-04,Alleghany,Male,248,21,5
2020-07-04,Alleghany,Not Reported,3,0,0
2020-07-04,Arlington,Female,1243,191,63
2020-07-04,Arlington,Male,1275,230,68
2020-07-04,Arlington,Not Reported,1,0,0
2020-07-04,Central Shenandoah,Female,1145,92,21
2020-07-04,Central Shenandoah,Male,984,81,19
2020-07-04,Central Shenandoah,Not Reported,1,0,0
2020-07-04,Central Virginia,Female,210,7,1
2020-07-04,Central Virginia,Male,220,9,4
2020-07-04,Central Virginia,Not Reported,0,0,0
2020-07-04,Chesapeake,Female,573,80,10
2020-07-04,Chesapeake,Male,429,67,11
2020-07-04,Chesapeake,Not Reported,1,0,0
2020-07-04,Chesterfield,Female,1553,71,36
2020-07-04,Chesterfield,Male,1571,78,35
2020-07-04,Chesterfield,Not Reported,77,0,2
2020-07-04,Chickahominy,Female,370,56,19
2020-07-04,Chickahominy,Male,296,55,20
2020-07-04,Chickahominy,Not Reported,3,0,0
2020-07-04,Crater,Female,663,81,22
2020-07-04,Crater,Male,907,72,16
2020-07-04,Crater,Not Reported,13,1,0
2020-07-04,Cumberland Plateau,Female,39,1,0
2020-07-04,Cumberland Plateau,Male,27,1,0
2020-07-04,Cumberland Plateau,Not Reported,0,0,0
2020-07-04,Eastern Shore,Female,659,59,23
2020-07-04,Eastern Shore,Male,646,54,19
2020-07-04,Eastern Shore,Not Reported,9,0,0
2020-07-04,Fairfax,Female,7187,727,251
2020-07-04,Fairfax,Male,6905,944,256
2020-07-04,Fairfax,Not Reported,105,3,3
2020-07-04,Hampton,Female,197,15,2
2020-07-04,Hampton,Male,160,26,3
2020-07-04,Hampton,Not Reported,3,0,0
2020-07-04,Henrico,Female,1458,123,80
2020-07-04,Henrico,Male,1194,138,77
2020-07-04,Henrico,Not Reported,11,0,1
2020-07-04,Lenowisco,Female,28,9,1
2020-07-04,Lenowisco,Male,28,8,3
2020-07-04,Lenowisco,Not Reported,0,0,0
2020-07-04,Lord Fairfax,Female,1073,88,35
2020-07-04,Lord Fairfax,Male,988,95,36
2020-07-04,Lord Fairfax,Not Reported,7,0,0
2020-07-04,Loudoun,Female,2090,125,56
2020-07-04,Loudoun,Male,2066,154,34
2020-07-04,Loudoun,Not Reported,19,0,1
2020-07-04,Mount Rogers,Female,408,24,14
2020-07-04,Mount Rogers,Male,339,50,18
2020-07-04,Mount Rogers,Not Reported,2,0,0
2020-07-04,New River,Female,121,8,1
2020-07-04,New River,Male,131,14,4
2020-07-04,New River,Not Reported,3,0,0
2020-07-04,Norfolk,Female,552,53,3
2020-07-04,Norfolk,Male,515,60,9
2020-07-04,Norfolk,Not Reported,0,0,0
2020-07-04,Peninsula,Female,560,63,21
2020-07-04,Peninsula,Male,490,64,13
2020-07-04,Peninsula,Not Reported,4,0,0
2020-07-04,Piedmont,Female,306,41,4
2020-07-04,Piedmont,Male,754,48,9
2020-07-04,Piedmont,Not Reported,5,0,0
2020-07-04,Pittsylvania-Danville,Female,129,22,2
2020-07-04,Pittsylvania-Danville,Male,96,20,1
2020-07-04,Pittsylvania-Danville,Not Reported,2,0,0
2020-07-04,Portsmouth,Female,261,43,11
2020-07-04,Portsmouth,Male,275,30,7
2020-07-04,Portsmouth,Not Reported,3,0,0
2020-07-04,Prince William,Female,4640,370,72
2020-07-04,Prince William,Male,4648,451,99
2020-07-04,Prince William,Not Reported,66,1,0
2020-07-04,Rappahannock,Female,1327,102,18
2020-07-04,Rappahannock,Male,1185,124,26
2020-07-04,Rappahannock,Not Reported,6,1,0
2020-07-04,Rappahannock Rapidan,Female,722,44,9
2020-07-04,Rappahannock Rapidan,Male,742,64,12
2020-07-04,Rappahannock Rapidan,Not Reported,2,1,1
2020-07-04,Richmond,Female,1086,102,8
2020-07-04,Richmond,Male,1136,122,19
2020-07-04,Richmond,Not Reported,40,2,2
2020-07-04,Roanoke,Female,250,7,7
2020-07-04,Roanoke,Male,219,7,3
2020-07-04,Roanoke,Not Reported,7,0,0
2020-07-04,Southside,Female,245,25,18
2020-07-04,Southside,Male,171,25,12
2020-07-04,Southside,Not Reported,4,0,0
2020-07-04,Thomas Jefferson,Female,537,53,13
2020-07-04,Thomas Jefferson,Male,488,46,12
2020-07-04,Thomas Jefferson,Not Reported,0,0,0
2020-07-04,Three Rivers,Female,199,32,7
2020-07-04,Three Rivers,Male,432,18,2
2020-07-04,Three Rivers,Not Reported,18,0,0
2020-07-04,Virginia Beach,Female,691,58,14
2020-07-04,Virginia Beach,Male,600,65,16
2020-07-04,Virginia Beach,Not Reported,9,0,0
2020-07-04,West Piedmont,Female,264,23,3
2020-07-04,West Piedmont,Male,237,22,4
2020-07-04,West Piedmont,Not Reported,5,0,0
2020-07-04,Western Tidewater,Female,431,34,25
2020-07-04,Western Tidewater,Male,416,55,30
2020-07-04,Western Tidewater,Not Reported,2,0,0
2020-07-05,Alexandria,Female,1222,109,30
2020-07-05,Alexandria,Male,1148,130,27
2020-07-05,Alexandria,Not Reported,6,0,0
2020-07-05,Alleghany,Female,289,10,10
2020-07-05,Alleghany,Male,251,21,5
2020-07-05,Alleghany,Not Reported,3,0,0
2020-07-05,Arlington,Female,1248,191,63
2020-07-05,Arlington,Male,1284,230,68
2020-07-05,Arlington,Not Reported,1,0,0
2020-07-05,Central Shenandoah,Female,1150,92,21
2020-07-05,Central Shenandoah,Male,989,81,19
2020-07-05,Central Shenandoah,Not Reported,1,0,0
2020-07-05,Central Virginia,Female,210,7,1
2020-07-05,Central Virginia,Male,220,9,4
2020-07-05,Central Virginia,Not Reported,0,0,0
2020-07-05,Chesapeake,Female,580,80,10
2020-07-05,Chesapeake,Male,434,67,11
2020-07-05,Chesapeake,Not Reported,1,0,0
2020-07-05,Chesterfield,Female,1576,71,36
2020-07-05,Chesterfield,Male,1594,78,35
2020-07-05,Chesterfield,Not Reported,77,0,2
2020-07-05,Chickahominy,Female,373,56,19
2020-07-05,Chickahominy,Male,299,55,20
2020-07-05,Chickahominy,Not Reported,3,0,0
2020-07-05,Crater,Female,668,82,22
2020-07-05,Crater,Male,909,72,16
2020-07-05,Crater,Not Reported,13,1,0
2020-07-05,Cumberland Plateau,Female,40,1,0
2020-07-05,Cumberland Plateau,Male,28,1,0
2020-07-05,Cumberland Plateau,Not Reported,0,0,0
2020-07-05,Eastern Shore,Female,660,59,23
2020-07-05,Eastern Shore,Male,647,54,19
2020-07-05,Eastern Shore,Not Reported,9,0,0
2020-07-05,Fairfax,Female,7224,727,251
2020-07-05,Fairfax,Male,6950,947,257
2020-07-05,Fairfax,Not Reported,105,3,3
2020-07-05,Hampton,Female,205,15,2
2020-07-05,Hampton,Male,161,26,3
2020-07-05,Hampton,Not Reported,3,0,0
2020-07-05,Henrico,Female,1467,123,80
2020-07-05,Henrico,Male,1201,139,77
2020-07-05,Henrico,Not Reported,13,0,1
2020-07-05,Lenowisco,Female,32,9,1
2020-07-05,Lenowisco,Male,28,8,3
2020-07-05,Lenowisco,Not Reported,0,0,0
2020-07-05,Lord Fairfax,Female,1089,88,38
2020-07-05,Lord Fairfax,Male,993,96,36
2020-07-05,Lord Fairfax,Not Reported,7,0,0
2020-07-05,Loudoun,Female,2110,125,56
2020-07-05,Loudoun,Male,2078,153,33
2020-07-05,Loudoun,Not Reported,19,0,1
2020-07-05,Mount Rogers,Female,415,24,14
2020-07-05,Mount Rogers,Male,348,51,18
2020-07-05,Mount Rogers,Not Reported,2,0,0
2020-07-05,New River,Female,121,8,1
2020-07-05,New River,Male,134,14,4
2020-07-05,New River,Not Reported,3,0,0
2020-07-05,Norfolk,Female,555,54,3
2020-07-05,Norfolk,Male,517,60,9
2020-07-05,Norfolk,Not Reported,0,0,0
2020-07-05,Peninsula,Female,582,63,21
2020-07-05,Peninsula,Male,511,64,13
2020-07-05,Peninsula,Not Reported,4,0,0
2020-07-05,Piedmont,Female,306,41,4
2020-07-05,Piedmont,Male,754,48,9
2020-07-05,Piedmont,Not Reported,5,0,0
2020-07-05,Pittsylvania-Danville,Female,136,23,2
2020-07-05,Pittsylvania-Danville,Male,98,20,1
2020-07-05,Pittsylvania-Danville,Not Reported,2,0,0
2020-07-05,Portsmouth,Female,267,43,11
2020-07-05,Portsmouth,Male,279,30,7
2020-07-05,Portsmouth,Not Reported,3,0,0
2020-07-05,Prince William,Female,4700,371,72
2020-07-05,Prince William,Male,4698,451,99
2020-07-05,Prince William,Not Reported,67,1,0
2020-07-05,Rappahannock,Female,1334,103,18
2020-07-05,Rappahannock,Male,1191,124,26
2020-07-05,Rappahannock,Not Reported,6,1,0
2020-07-05,Rappahannock Rapidan,Female,733,44,9
2020-07-05,Rappahannock Rapidan,Male,749,64,12
2020-07-05,Rappahannock Rapidan,Not Reported,2,1,1
2020-07-05,Richmond,Female,1094,104,8
2020-07-05,Richmond,Male,1142,122,19
2020-07-05,Richmond,Not Reported,40,2,2
2020-07-05,Roanoke,Female,252,7,7
2020-07-05,Roanoke,Male,220,7,3
2020-07-05,Roanoke,Not Reported,7,0,0
2020-07-05,Southside,Female,247,25,18
2020-07-05,Southside,Male,172,25,12
2020-07-05,Southside,Not Reported,4,0,0
2020-07-05,Thomas Jefferson,Female,547,53,13
2020-07-05,Thomas Jefferson,Male,493,46,12
2020-07-05,Thomas Jefferson,Not Reported,0,0,0
2020-07-05,Three Rivers,Female,203,32,7
2020-07-05,Three Rivers,Male,440,18,2
2020-07-05,Three Rivers,Not Reported,18,0,0
2020-07-05,Virginia Beach,Female,720,58,14
2020-07-05,Virginia Beach,Male,621,65,16
2020-07-05,Virginia Beach,Not Reported,9,0,0
2020-07-05,West Piedmont,Female,271,23,3
2020-07-05,West Piedmont,Male,242,22,4
2020-07-05,West Piedmont,Not Reported,5,0,0
2020-07-05,Western Tidewater,Female,436,35,26
2020-07-05,Western Tidewater,Male,423,55,30
2020-07-05,Western Tidewater,Not Reported,2,0,0
2020-07-06,Alexandria,Female,1225,110,30
2020-07-06,Alexandria,Male,1149,130,27
2020-07-06,Alexandria,Not Reported,6,0,0
2020-07-06,Alleghany,Female,298,10,10
2020-07-06,Alleghany,Male,254,21,5
2020-07-06,Alleghany,Not Reported,3,0,0
2020-07-06,Arlington,Female,1248,191,63
2020-07-06,Arlington,Male,1284,230,68
2020-07-06,Arlington,Not Reported,1,0,0
2020-07-06,Central Shenandoah,Female,1149,91,21
2020-07-06,Central Shenandoah,Male,992,81,19
2020-07-06,Central Shenandoah,Not Reported,1,0,0
2020-07-06,Central Virginia,Female,213,7,1
2020-07-06,Central Virginia,Male,223,9,4
2020-07-06,Central Virginia,Not Reported,0,0,0
2020-07-06,Chesapeake,Female,584,80,10
2020-07-06,Chesapeake,Male,441,67,11
2020-07-06,Chesapeake,Not Reported,1,0,0
2020-07-06,Chesterfield,Female,1582,71,36
2020-07-06,Chesterfield,Male,1600,78,35
2020-07-06,Chesterfield,Not Reported,78,0,2
2020-07-06,Chickahominy,Female,373,56,19
2020-07-06,Chickahominy,Male,300,55,20
2020-07-06,Chickahominy,Not Reported,4,0,0
2020-07-06,Crater,Female,679,83,22
2020-07-06,Crater,Male,919,74,16
2020-07-06,Crater,Not Reported,14,1,0
2020-07-06,Cumberland Plateau,Female,40,1,0
2020-07-06,Cumberland Plateau,Male,29,1,0
2020-07-06,Cumberland Plateau,Not Reported,0,0,0
2020-07-06,Eastern Shore,Female,660,59,23
2020-07-06,Eastern Shore,Male,647,54,19
2020-07-06,Eastern Shore,Not Reported,9,0,0
2020-07-06,Fairfax,Female,7257,727,250
2020-07-06,Fairfax,Male,6969,949,257
2020-07-06,Fairfax,Not Reported,105,3,3
2020-07-06,Hampton,Female,209,15,2
2020-07-06,Hampton,Male,164,26,3
2020-07-06,Hampton,Not Reported,3,0,0
2020-07-06,Henrico,Female,1470,123,81
2020-07-06,Henrico,Male,1202,141,77
2020-07-06,Henrico,Not Reported,13,0,1
2020-07-06,Lenowisco,Female,35,9,1
2020-07-06,Lenowisco,Male,28,8,3
2020-07-06,Lenowisco,Not Reported,0,0,0
2020-07-06,Lord Fairfax,Female,1091,88,38
2020-07-06,Lord Fairfax,Male,995,96,36
2020-07-06,Lord Fairfax,Not Reported,7,0,0
2020-07-06,Loudoun,Female,2115,125,56
2020-07-06,Loudoun,Male,2082,153,33
2020-07-06,Loudoun,Not Reported,19,0,1
2020-07-06,Mount Rogers,Female,418,24,14
2020-07-06,Mount Rogers,Male,353,51,18
2020-07-06,Mount Rogers,Not Reported,2,0,0
2020-07-06,New River,Female,125,8,1
2020-07-06,New River,Male,136,14,4
2020-07-06,New River,Not Reported,3,0,0
2020-07-06,Norfolk,Female,582,55,3
2020-07-06,Norfolk,Male,523,60,9
2020-07-06,Norfolk,Not Reported,0,0,0
2020-07-06,Peninsula,Female,591,63,21
2020-07-06,Peninsula,Male,518,64,13
2020-07-06,Peninsula,Not Reported,4,0,0
2020-07-06,Piedmont,Female,312,41,4
2020-07-06,Piedmont,Male,756,48,9
2020-07-06,Piedmont,Not Reported,5,0,0
2020-07-06,Pittsylvania-Danville,Female,136,23,2
2020-07-06,Pittsylvania-Danville,Male,98,20,1
2020-07-06,Pittsylvania-Danville,Not Reported,2,0,0
2020-07-06,Portsmouth,Female,267,43,11
2020-07-06,Portsmouth,Male,279,30,7
2020-07-06,Portsmouth,Not Reported,3,0,0
2020-07-06,Prince William,Female,4707,371,72
2020-07-06,Prince William,Male,4705,453,99
2020-07-06,Prince William,Not Reported,67,1,0
2020-07-06,Rappahannock,Female,1335,103,18
2020-07-06,Rappahannock,Male,1193,126,26
2020-07-06,Rappahannock,Not Reported,6,1,0
2020-07-06,Rappahannock Rapidan,Female,737,46,9
2020-07-06,Rappahannock Rapidan,Male,754,64,12
2020-07-06,Rappahannock Rapidan,Not Reported,2,1,1
2020-07-06,Richmond,Female,1103,104,8
2020-07-06,Richmond,Male,1145,122,19
2020-07-06,Richmond,Not Reported,40,2,2
2020-07-06,Roanoke,Female,260,7,7
2020-07-06,Roanoke,Male,225,7,3
2020-07-06,Roanoke,Not Reported,7,0,0
2020-07-06,Southside,Female,249,25,18
2020-07-06,Southside,Male,174,25,12
2020-07-06,Southside,Not Reported,4,0,0
2020-07-06,Thomas Jefferson,Female,556,54,13
2020-07-06,Thomas Jefferson,Male,496,47,12
2020-07-06,Thomas Jefferson,Not Reported,0,0,0
2020-07-06,Three Rivers,Female,203,32,7
2020-07-06,Three Rivers,Male,440,18,2
2020-07-06,Three Rivers,Not Reported,18,0,0
2020-07-06,Virginia Beach,Female,739,58,14
2020-07-06,Virginia Beach,Male,644,65,16
2020-07-06,Virginia Beach,Not Reported,9,0,0
2020-07-06,West Piedmont,Female,281,23,3
2020-07-06,West Piedmont,Male,246,22,4
2020-07-06,West Piedmont,Not Reported,5,0,0
2020-07-06,Western Tidewater,Female,440,36,26
2020-07-06,Western Tidewater,Male,427,55,30
2020-07-06,Western Tidewater,Not Reported,2,0,0
2020-07-07,Alexandria,Female,1233,110,30
2020-07-07,Alexandria,Male,1160,131,27
2020-07-07,Alexandria,Not Reported,6,0,0
2020-07-07,Alleghany,Female,306,10,10
2020-07-07,Alleghany,Male,263,21,5
2020-07-07,Alleghany,Not Reported,3,0,0
2020-07-07,Arlington,Female,1259,191,63
2020-07-07,Arlington,Male,1290,231,68
2020-07-07,Arlington,Not Reported,1,0,0
2020-07-07,Central Shenandoah,Female,1165,91,22
2020-07-07,Central Shenandoah,Male,1000,81,19
2020-07-07,Central Shenandoah,Not Reported,1,0,0
2020-07-07,Central Virginia,Female,219,7,2
2020-07-07,Central Virginia,Male,225,9,4
2020-07-07,Central Virginia,Not Reported,0,0,0
2020-07-07,Chesapeake,Female,599,83,10
2020-07-07,Chesapeake,Male,446,71,12
2020-07-07,Chesapeake,Not Reported,1,0,0
2020-07-07,Chesterfield,Female,1607,73,38
2020-07-07,Chesterfield,Male,1610,86,36
2020-07-07,Chesterfield,Not Reported,79,0,2
2020-07-07,Chickahominy,Female,376,56,21
2020-07-07,Chickahominy,Male,303,54,20
2020-07-07,Chickahominy,Not Reported,4,0,0
2020-07-07,Crater,Female,695,84,23
2020-07-07,Crater,Male,931,76,17
2020-07-07,Crater,Not Reported,14,1,0
2020-07-07,Cumberland Plateau,Female,41,1,0
2020-07-07,Cumberland Plateau,Male,34,1,0
2020-07-07,Cumberland Plateau,Not Reported,0,0,0
2020-07-07,Eastern Shore,Female,659,59,23
2020-07-07,Eastern Shore,Male,646,54,19
2020-07-07,Eastern Shore,Not Reported,9,0,0
2020-07-07,Fairfax,Female,7255,737,250
2020-07-07,Fairfax,Male,6959,958,257
2020-07-07,Fairfax,Not Reported,103,3,3
2020-07-07,Hampton,Female,217,15,2
2020-07-07,Hampton,Male,170,26,3
2020-07-07,Hampton,Not Reported,3,0,0
2020-07-07,Henrico,Female,1485,123,83
2020-07-07,Henrico,Male,1210,142,79
2020-07-07,Henrico,Not Reported,13,0,1
2020-07-07,Lenowisco,Female,35,9,1
2020-07-07,Lenowisco,Male,28,8,3
2020-07-07,Lenowisco,Not Reported,0,0,0
2020-07-07,Lord Fairfax,Female,1097,90,38
2020-07-07,Lord Fairfax,Male,1002,96,36
2020-07-07,Lord Fairfax,Not Reported,7,0,0
2020-07-07,Loudoun,Female,2132,126,58
2020-07-07,Loudoun,Male,2098,154,34
2020-07-07,Loudoun,Not Reported,22,0,1
2020-07-07,Mount Rogers,Female,421,24,15
2020-07-07,Mount Rogers,Male,358,51,18
2020-07-07,Mount Rogers,Not Reported,2,0,0
2020-07-07,New River,Female,126,8,1
2020-07-07,New River,Male,139,14,4
2020-07-07,New River,Not Reported,3,0,0
2020-07-07,Norfolk,Female,603,55,3
2020-07-07,Norfolk,Male,559,61,9
2020-07-07,Norfolk,Not Reported,0,0,0
2020-07-07,Peninsula,Female,610,63,21
2020-07-07,Peninsula,Male,530,64,13
2020-07-07,Peninsula,Not Reported,4,0,0
2020-07-07,Piedmont,Female,315,41,5
2020-07-07,Piedmont,Male,756,49,9
2020-07-07,Piedmont,Not Reported,5,0,0
2020-07-07,Pittsylvania-Danville,Female,138,23,2
2020-07-07,Pittsylvania-Danville,Male,98,20,1
2020-07-07,Pittsylvania-Danville,Not Reported,2,0,0
2020-07-07,Portsmouth,Female,280,44,11
2020-07-07,Portsmouth,Male,289,31,7
2020-07-07,Portsmouth,Not Reported,3,0,0
2020-07-07,Prince William,Female,4737,375,73
2020-07-07,Prince William,Male,4741,468,99
2020-07-07,Prince William,Not Reported,65,1,0
2020-07-07,Rappahannock,Female,1352,105,18
2020-07-07,Rappahannock,Male,1201,126,26
2020-07-07,Rappahannock,Not Reported,6,1,0
2020-07-07,Rappahannock Rapidan,Female,746,48,9
2020-07-07,Rappahannock Rapidan,Male,761,64,13
2020-07-07,Rappahannock Rapidan,Not Reported,2,1,1
2020-07-07,Richmond,Female,1112,104,8
2020-07-07,Richmond,Male,1149,122,19
2020-07-07,Richmond,Not Reported,40,2,2
2020-07-07,Roanoke,Female,264,7,7
2020-07-07,Roanoke,Male,231,7,3
2020-07-07,Roanoke,Not Reported,7,0,0
2020-07-07,Southside,Female,250,25,18
2020-07-07,Southside,Male,179,26,12
2020-07-07,Southside,Not Reported,4,0,0
2020-07-07,Thomas Jefferson,Female,561,54,14
2020-07-07,Thomas Jefferson,Male,502,47,15
2020-07-07,Thomas Jefferson,Not Reported,0,0,0
2020-07-07,Three Rivers,Female,207,32,7
2020-07-07,Three Rivers,Male,445,20,3
2020-07-07,Three Rivers,Not Reported,18,0,0
2020-07-07,Virginia Beach,Female,776,59,14
2020-07-07,Virginia Beach,Male,670,65,16
2020-07-07,Virginia Beach,Not Reported,9,0,0
2020-07-07,West Piedmont,Female,288,24,4
2020-07-07,West Piedmont,Male,254,22,4
2020-07-07,West Piedmont,Not Reported,9,0,0
2020-07-07,Western Tidewater,Female,450,36,26
2020-07-07,Western Tidewater,Male,440,55,31
2020-07-07,Western Tidewater,Not Reported,2,0,0
2020-07-08,Alexandria,Female,1240,111,30
2020-07-08,Alexandria,Male,1162,131,27
2020-07-08,Alexandria,Not Reported,6,0,0
2020-07-08,Alleghany,Female,310,10,10
2020-07-08,Alleghany,Male,266,21,5
2020-07-08,Alleghany,Not Reported,4,0,0
2020-07-08,Arlington,Female,1262,191,64
2020-07-08,Arlington,Male,1295,231,68
2020-07-08,Arlington,Not Reported,1,0,0
2020-07-08,Central Shenandoah,Female,1178,91,22
2020-07-08,Central Shenandoah,Male,1014,85,19
2020-07-08,Central Shenandoah,Not Reported,2,0,0
2020-07-08,Central Virginia,Female,218,7,2
2020-07-08,Central Virginia,Male,227,9,4
2020-07-08,Central Virginia,Not Reported,0,0,0
2020-07-08,Chesapeake,Female,623,83,10
2020-07-08,Chesapeake,Male,464,72,12
2020-07-08,Chesapeake,Not Reported,1,0,0
2020-07-08,Chesterfield,Female,1616,74,40
2020-07-08,Chesterfield,Male,1620,87,37
2020-07-08,Chesterfield,Not Reported,79,0,2
2020-07-08,Chickahominy,Female,378,56,21
2020-07-08,Chickahominy,Male,305,54,20
2020-07-08,Chickahominy,Not Reported,4,0,0
2020-07-08,Crater,Female,703,84,26
2020-07-08,Crater,Male,938,78,18
2020-07-08,Crater,Not Reported,15,1,0
2020-07-08,Cumberland Plateau,Female,44,1,0
2020-07-08,Cumberland Plateau,Male,35,1,0
2020-07-08,Cumberland Plateau,Not Reported,0,0,0
2020-07-08,Eastern Shore,Female,659,59,23
2020-07-08,Eastern Shore,Male,646,54,19
2020-07-08,Eastern Shore,Not Reported,9,0,0
2020-07-08,Fairfax,Female,7286,741,250
2020-07-08,Fairfax,Male,6990,969,257
2020-07-08,Fairfax,Not Reported,103,3,3
2020-07-08,Hampton,Female,228,15,2
2020-07-08,Hampton,Male,178,26,3
2020-07-08,Hampton,Not Reported,3,0,0
2020-07-08,Henrico,Female,1490,123,84
2020-07-08,Henrico,Male,1218,141,80
2020-07-08,Henrico,Not Reported,13,0,1
2020-07-08,Lenowisco,Female,35,9,1
2020-07-08,Lenowisco,Male,28,8,3
2020-07-08,Lenowisco,Not Reported,0,0,0
2020-07-08,Lord Fairfax,Female,1105,90,38
2020-07-08,Lord Fairfax,Male,1006,98,36
2020-07-08,Lord Fairfax,Not Reported,7,0,0
2020-07-08,Loudoun,Female,2148,127,60
2020-07-08,Loudoun,Male,2112,156,37
2020-07-08,Loudoun,Not Reported,22,0,1
2020-07-08,Mount Rogers,Female,426,25,15
2020-07-08,Mount Rogers,Male,362,51,18
2020-07-08,Mount Rogers,Not Reported,2,0,0
2020-07-08,New River,Female,126,8,1
2020-07-08,New River,Male,142,14,5
2020-07-08,New River,Not Reported,3,0,0
2020-07-08,Norfolk,Female,624,57,4
2020-07-08,Norfolk,Male,570,62,10
2020-07-08,Norfolk,Not Reported,0,0,0
2020-07-08,Peninsula,Female,627,63,21
2020-07-08,Peninsula,Male,547,64,14
2020-07-08,Peninsula,Not Reported,4,0,0
2020-07-08,Piedmont,Female,319,43,5
2020-07-08,Piedmont,Male,760,52,10
2020-07-08,Piedmont,Not Reported,5,0,0
2020-07-08,Pittsylvania-Danville,Female,143,23,2
2020-07-08,Pittsylvania-Danville,Male,102,20,1
2020-07-08,Pittsylvania-Danville,Not Reported,2,0,0
2020-07-08,Portsmouth,Female,295,46,11
2020-07-08,Portsmouth,Male,295,33,7
2020-07-08,Portsmouth,Not Reported,3,0,0
2020-07-08,Prince William,Female,4748,375,75
2020-07-08,Prince William,Male,4764,471,100
2020-07-08,Prince William,Not Reported,65,1,0
2020-07-08,Rappahannock,Female,1360,108,18
2020-07-08,Rappahannock,Male,1209,128,26
2020-07-08,Rappahannock,Not Reported,6,1,0
2020-07-08,Rappahannock Rapidan,Female,749,48,9
2020-07-08,Rappahannock Rapidan,Male,766,65,13
2020-07-08,Rappahannock Rapidan,Not Reported,2,1,1
2020-07-08,Richmond,Female,1122,105,8
2020-07-08,Richmond,Male,1159,123,19
2020-07-08,Richmond,Not Reported,40,2,2
2020-07-08,Roanoke,Female,276,7,7
2020-07-08,Roanoke,Male,242,7,3
2020-07-08,Roanoke,Not Reported,7,0,0
2020-07-08,Southside,Female,252,26,18
2020-07-08,Southside,Male,181,26,13
2020-07-08,Southside,Not Reported,4,0,0
2020-07-08,Thomas Jefferson,Female,579,54,14
2020-07-08,Thomas Jefferson,Male,516,47,15
2020-07-08,Thomas Jefferson,Not Reported,0,0,0
2020-07-08,Three Rivers,Female,205,33,7
2020-07-08,Three Rivers,Male,446,21,3
2020-07-08,Three Rivers,Not Reported,18,0,0
2020-07-08,Virginia Beach,Female,809,59,14
2020-07-08,Virginia Beach,Male,701,69,16
2020-07-08,Virginia Beach,Not Reported,10,0,0
2020-07-08,West Piedmont,Female,297,27,4
2020-07-08,West Piedmont,Male,263,22,4
2020-07-08,West Piedmont,Not Reported,8,0,0
2020-07-08,Western Tidewater,Female,466,36,26
2020-07-08,Western Tidewater,Male,450,57,31
2020-07-08,Western Tidewater,Not Reported,2,0,0
2020-07-09,Alexandria,Female,1244,112,30
2020-07-09,Alexandria,Male,1169,132,27
2020-07-09,Alexandria,Not Reported,6,0,0
2020-07-09,Alleghany,Female,315,10,10
2020-07-09,Alleghany,Male,269,21,5
2020-07-09,Alleghany,Not Reported,4,0,0
2020-07-09,Arlington,Female,1265,191,64
2020-07-09,Arlington,Male,1301,232,68
2020-07-09,Arlington,Not Reported,1,0,0
2020-07-09,Central Shenandoah,Female,1183,91,23
2020-07-09,Central Shenandoah,Male,1016,85,19
2020-07-09,Central Shenandoah,Not Reported,2,0,0
2020-07-09,Central Virginia,Female,219,7,2
2020-07-09,Central Virginia,Male,228,9,4
2020-07-09,Central Virginia,Not Reported,0,0,0
2020-07-09,Chesapeake,Female,636,83,10
2020-07-09,Chesapeake,Male,480,72,12
2020-07-09,Chesapeake,Not Reported,1,0,0
2020-07-09,Chesterfield,Female,1630,78,42
2020-07-09,Chesterfield,Male,1636,89,39
2020-07-09,Chesterfield,Not Reported,79,0,2
2020-07-09,Chickahominy,Female,382,57,21
2020-07-09,Chickahominy,Male,305,55,20
2020-07-09,Chickahominy,Not Reported,4,0,0
2020-07-09,Crater,Female,711,84,28
2020-07-09,Crater,Male,935,79,20
2020-07-09,Crater,Not Reported,15,1,0
2020-07-09,Cumberland Plateau,Female,44,1,0
2020-07-09,Cumberland Plateau,Male,37,1,0
2020-07-09,Cumberland Plateau,Not Reported,0,0,0
2020-07-09,Eastern Shore,Female,659,59,23
2020-07-09,Eastern Shore,Male,646,54,19
2020-07-09,Eastern Shore,Not Reported,9,0,0
2020-07-09,Fairfax,Female,7298,745,250
2020-07-09,Fairfax,Male,7009,969,258
2020-07-09,Fairfax,Not Reported,102,3,3
2020-07-09,Hampton,Female,236,14,1
2020-07-09,Hampton,Male,185,26,3
2020-07-09,Hampton,Not Reported,3,0,0
2020-07-09,Henrico,Female,1497,123,89
2020-07-09,Henrico,Male,1216,142,80
2020-07-09,Henrico,Not Reported,12,0,0
2020-07-09,Lenowisco,Female,36,9,1
2020-07-09,Lenowisco,Male,28,8,3
2020-07-09,Lenowisco,Not Reported,0,0,0
2020-07-09,Lord Fairfax,Female,1113,90,39
2020-07-09,Lord Fairfax,Male,1008,98,35
2020-07-09,Lord Fairfax,Not Reported,7,0,0
2020-07-09,Loudoun,Female,2168,128,60
2020-07-09,Loudoun,Male,2128,158,38
2020-07-09,Loudoun,Not Reported,23,0,1
2020-07-09,Mount Rogers,Female,429,25,15
2020-07-09,Mount Rogers,Male,366,52,20
2020-07-09,Mount Rogers,Not Reported,2,0,0
2020-07-09,New River,Female,126,8,1
2020-07-09,New River,Male,145,15,5
2020-07-09,New River,Not Reported,3,0,0
2020-07-09,Norfolk,Female,680,57,4
2020-07-09,Norfolk,Male,609,63,10
2020-07-09,Norfolk,Not Reported,0,0,0
2020-07-09,Peninsula,Female,652,63,21
2020-07-09,Peninsula,Male,564,65,14
2020-07-09,Peninsula,Not Reported,4,0,0
2020-07-09,Piedmont,Female,322,43,5
2020-07-09,Piedmont,Male,774,54,12
2020-07-09,Piedmont,Not Reported,4,0,0
2020-07-09,Pittsylvania-Danville,Female,144,23,2
2020-07-09,Pittsylvania-Danville,Male,102,20,1
2020-07-09,Pittsylvania-Danville,Not Reported,2,0,0
2020-07-09,Portsmouth,Female,302,47,11
2020-07-09,Portsmouth,Male,300,35,7
2020-07-09,Portsmouth,Not Reported,3,0,0
2020-07-09,Prince William,Female,4763,375,77
2020-07-09,Prince William,Male,4774,471,102
2020-07-09,Prince William,Not Reported,65,1,0
2020-07-09,Rappahannock,Female,1369,110,18
2020-07-09,Rappahannock,Male,1220,130,27
2020-07-09,Rappahannock,Not Reported,7,1,0
2020-07-09,Rappahannock Rapidan,Female,759,48,9
2020-07-09,Rappahannock Rapidan,Male,768,65,14
2020-07-09,Rappahannock Rapidan,Not Reported,2,1,1
2020-07-09,Richmond,Female,1127,107,8
2020-07-09,Richmond,Male,1166,127,23
2020-07-09,Richmond,Not Reported,40,2,2
2020-07-09,Roanoke,Female,286,7,7
2020-07-09,Roanoke,Male,249,7,3
2020-07-09,Roanoke,Not Reported,7,0,0
2020-07-09,Southside,Female,254,27,18
2020-07-09,Southside,Male,183,26,13
2020-07-09,Southside,Not Reported,4,0,0
2020-07-09,Thomas Jefferson,Female,602,54,14
2020-07-09,Thomas Jefferson,Male,521,47,15
2020-07-09,Thomas Jefferson,Not Reported,0,0,0
2020-07-09,Three Rivers,Female,221,33,7
2020-07-09,Three Rivers,Male,468,22,3
2020-07-09,Three Rivers,Not Reported,18,0,0
2020-07-09,Virginia Beach,Female,822,61,14
2020-07-09,Virginia Beach,Male,715,69,16
2020-07-09,Virginia Beach,Not Reported,10,0,0
2020-07-09,West Piedmont,Female,308,29,4
2020-07-09,West Piedmont,Male,272,24,4
2020-07-09,West Piedmont,Not Reported,8,0,0
2020-07-09,Western Tidewater,Female,489,38,28
2020-07-09,Western Tidewater,Male,456,57,33
2020-07-09,Western Tidewater,Not Reported,2,0,0
2020-07-10,Alexandria,Female,1250,114,30
2020-07-10,Alexandria,Male,1182,133,27
2020-07-10,Alexandria,Not Reported,7,0,0
2020-07-10,Alleghany,Female,320,10,10
2020-07-10,Alleghany,Male,276,21,5
2020-07-10,Alleghany,Not Reported,4,0,0
2020-07-10,Arlington,Female,1269,192,65
2020-07-10,Arlington,Male,1312,233,68
2020-07-10,Arlington,Not Reported,1,0,0
2020-07-10,Central Shenandoah,Female,1194,91,23
2020-07-10,Central Shenandoah,Male,1029,86,19
2020-07-10,Central Shenandoah,Not Reported,2,0,0
2020-07-10,Central Virginia,Female,224,7,2
2020-07-10,Central Virginia,Male,237,9,4
2020-07-10,Central Virginia,Not Reported,0,0,0
2020-07-10,Chesapeake,Female,662,84,10
2020-07-10,Chesapeake,Male,499,72,12
2020-07-10,Chesapeake,Not Reported,1,0,0
2020-07-10,Chesterfield,Female,1641,80,42
2020-07-10,Chesterfield,Male,1654,90,40
2020-07-10,Chesterfield,Not Reported,79,0,2
2020-07-10,Chickahominy,Female,387,58,21
2020-07-10,Chickahominy,Male,309,55,20
2020-07-10,Chickahominy,Not Reported,4,0,0
2020-07-10,Crater,Female,719,85,29
2020-07-10,Crater,Male,937,79,20
2020-07-10,Crater,Not Reported,15,1,0
2020-07-10,Cumberland Plateau,Female,44,1,0
2020-07-10,Cumberland Plateau,Male,42,3,0
2020-07-10,Cumberland Plateau,Not Reported,0,0,0
2020-07-10,Eastern Shore,Female,659,59,23
2020-07-10,Eastern Shore,Male,647,54,19
2020-07-10,Eastern Shore,Not Reported,9,0,0
2020-07-10,Fairfax,Female,7345,745,250
2020-07-10,Fairfax,Male,7033,970,261
2020-07-10,Fairfax,Not Reported,101,3,2
2020-07-10,Hampton,Female,253,14,1
2020-07-10,Hampton,Male,198,26,3
2020-07-10,Hampton,Not Reported,3,0,0
2020-07-10,Henrico,Female,1510,124,91
2020-07-10,Henrico,Male,1262,144,81
2020-07-10,Henrico,Not Reported,12,0,0
2020-07-10,Lenowisco,Female,40,9,1
2020-07-10,Lenowisco,Male,28,8,3
2020-07-10,Lenowisco,Not Reported,0,0,0
2020-07-10,Lord Fairfax,Female,1116,90,39
2020-07-10,Lord Fairfax,Male,1013,99,36
2020-07-10,Lord Fairfax,Not Reported,7,0,0
2020-07-10,Loudoun,Female,2187,128,61
2020-07-10,Loudoun,Male,2141,160,38
2020-07-10,Loudoun,Not Reported,21,0,0
2020-07-10,Mount Rogers,Female,433,25,15
2020-07-10,Mount Rogers,Male,372,52,20
2020-07-10,Mount Rogers,Not Reported,2,0,0
2020-07-10,New River,Female,131,8,1
2020-07-10,New River,Male,148,15,5
2020-07-10,New River,Not Reported,3,0,0
2020-07-10,Norfolk,Female,713,60,4
2020-07-10,Norfolk,Male,647,63,11
2020-07-10,Norfolk,Not Reported,0,0,0
2020-07-10,Peninsula,Female,672,63,21
2020-07-10,Peninsula,Male,577,65,14
2020-07-10,Peninsula,Not Reported,4,0,0
2020-07-10,Piedmont,Female,328,43,5
2020-07-10,Piedmont,Male,778,60,13
2020-07-10,Piedmont,Not Reported,4,0,0
2020-07-10,Pittsylvania-Danville,Female,146,23,3
2020-07-10,Pittsylvania-Danville,Male,104,20,1
2020-07-10,Pittsylvania-Danville,Not Reported,2,0,0
2020-07-10,Portsmouth,Female,314,47,11
2020-07-10,Portsmouth,Male,310,36,7
2020-07-10,Portsmouth,Not Reported,3,0,0
2020-07-10,Prince William,Female,4794,376,77
2020-07-10,Prince William,Male,4809,471,103
2020-07-10,Prince William,Not Reported,66,1,0
2020-07-10,Rappahannock,Female,1384,112,18
2020-07-10,Rappahannock,Male,1239,131,27
2020-07-10,Rappahannock,Not Reported,5,1,0
2020-07-10,Rappahannock Rapidan,Female,769,48,9
2020-07-10,Rappahannock Rapidan,Male,776,67,14
2020-07-10,Rappahannock Rapidan,Not Reported,2,1,1
2020-07-10,Richmond,Female,1143,109,9
2020-07-10,Richmond,Male,1178,126,24
2020-07-10,Richmond,Not Reported,40,2,2
2020-07-10,Roanoke,Female,294,7,7
2020-07-10,Roanoke,Male,251,7,3
2020-07-10,Roanoke,Not Reported,7,0,0
2020-07-10,Southside,Female,257,27,18
2020-07-10,Southside,Male,191,27,13
2020-07-10,Southside,Not Reported,4,0,0
2020-07-10,Thomas Jefferson,Female,616,54,14
2020-07-10,Thomas Jefferson,Male,528,48,15
2020-07-10,Thomas Jefferson,Not Reported,0,0,0
2020-07-10,Three Rivers,Female,224,34,9
2020-07-10,Three Rivers,Male,516,24,4
2020-07-10,Three Rivers,Not Reported,20,0,0
2020-07-10,Virginia Beach,Female,881,63,14
2020-07-10,Virginia Beach,Male,771,70,16
2020-07-10,Virginia Beach,Not Reported,11,0,0
2020-07-10,West Piedmont,Female,315,31,4
2020-07-10,West Piedmont,Male,276,25,4
2020-07-10,West Piedmont,Not Reported,8,0,0
2020-07-10,Western Tidewater,Female,510,39,30
2020-07-10,Western Tidewater,Male,469,57,34
2020-07-10,Western Tidewater,Not Reported,1,0,0
2020-07-11,Alexandria,Female,1261,115,30
2020-07-11,Alexandria,Male,1185,133,27
2020-07-11,Alexandria,Not Reported,7,0,0
2020-07-11,Alleghany,Female,322,10,10
2020-07-11,Alleghany,Male,278,21,5
2020-07-11,Alleghany,Not Reported,4,0,0
2020-07-11,Arlington,Female,1279,192,65
2020-07-11,Arlington,Male,1317,233,69
2020-07-11,Arlington,Not Reported,1,0,0
2020-07-11,Central Shenandoah,Female,1210,91,23
2020-07-11,Central Shenandoah,Male,1036,87,19
2020-07-11,Central Shenandoah,Not Reported,3,0,0
2020-07-11,Central Virginia,Female,243,7,2
2020-07-11,Central Virginia,Male,250,9,4
2020-07-11,Central Virginia,Not Reported,0,0,0
2020-07-11,Chesapeake,Female,688,85,10
2020-07-11,Chesapeake,Male,515,72,12
2020-07-11,Chesapeake,Not Reported,1,0,0
2020-07-11,Chesterfield,Female,1665,81,42
2020-07-11,Chesterfield,Male,1671,92,40
2020-07-11,Chesterfield,Not Reported,80,0,2
2020-07-11,Chickahominy,Female,390,59,21
2020-07-11,Chickahominy,Male,313,55,20
2020-07-11,Chickahominy,Not Reported,4,0,0
2020-07-11,Crater,Female,726,85,29
2020-07-11,Crater,Male,950,80,20
2020-07-11,Crater,Not Reported,15,1,0
2020-07-11,Cumberland Plateau,Female,46,1,0
2020-07-11,Cumberland Plateau,Male,45,2,0
2020-07-11,Cumberland Plateau,Not Reported,0,0,0
2020-07-11,Eastern Shore,Female,660,59,23
2020-07-11,Eastern Shore,Male,647,54,19
2020-07-11,Eastern Shore,Not Reported,9,0,0
2020-07-11,Fairfax,Female,7371,747,250
2020-07-11,Fairfax,Male,7059,973,260
2020-07-11,Fairfax,Not Reported,98,3,2
2020-07-11,Hampton,Female,263,14,1
2020-07-11,Hampton,Male,203,26,3
2020-07-11,Hampton,Not Reported,3,0,0
2020-07-11,Henrico,Female,1525,124,91
2020-07-11,Henrico,Male,1285,144,82
2020-07-11,Henrico,Not Reported,12,0,0
2020-07-11,Lenowisco,Female,40,9,1
2020-07-11,Lenowisco,Male,30,8,3
2020-07-11,Lenowisco,Not Reported,0,0,0
2020-07-11,Lord Fairfax,Female,1130,90,39
2020-07-11,Lord Fairfax,Male,1021,99,36
2020-07-11,Lord Fairfax,Not Reported,7,0,0
2020-07-11,Loudoun,Female,2197,128,61
2020-07-11,Loudoun,Male,2155,161,38
2020-07-11,Loudoun,Not Reported,21,0,0
2020-07-11,Mount Rogers,Female,438,25,15
2020-07-11,Mount Rogers,Male,378,53,20
2020-07-11,Mount Rogers,Not Reported,2,0,0
2020-07-11,New River,Female,134,8,1
2020-07-11,New River,Male,150,15,5
2020-07-11,New River,Not Reported,3,0,0
2020-07-11,Norfolk,Female,772,62,4
2020-07-11,Norfolk,Male,676,63,11
2020-07-11,Norfolk,Not Reported,0,0,0
2020-07-11,Peninsula,Female,683,63,21
2020-07-11,Peninsula,Male,589,66,14
2020-07-11,Peninsula,Not Reported,4,0,0
2020-07-11,Piedmont,Female,331,45,5
2020-07-11,Piedmont,Male,782,62,13
2020-07-11,Piedmont,Not Reported,4,0,0
2020-07-11,Pittsylvania-Danville,Female,155,23,3
2020-07-11,Pittsylvania-Danville,Male,115,20,1
2020-07-11,Pittsylvania-Danville,Not Reported,2,0,0
2020-07-11,Portsmouth,Female,335,49,11
2020-07-11,Portsmouth,Male,324,37,8
2020-07-11,Portsmouth,Not Reported,3,0,0
2020-07-11,Prince William,Female,4818,376,77
2020-07-11,Prince William,Male,4824,473,104
2020-07-11,Prince William,Not Reported,66,1,0
2020-07-11,Rappahannock,Female,1395,113,18
2020-07-11,Rappahannock,Male,1251,131,27
2020-07-11,Rappahannock,Not Reported,5,1,0
2020-07-11,Rappahannock Rapidan,Female,778,49,10
2020-07-11,Rappahannock Rapidan,Male,786,67,14
2020-07-11,Rappahannock Rapidan,Not Reported,2,1,1
2020-07-11,Richmond,Female,1153,109,9
2020-07-11,Richmond,Male,1193,126,24
2020-07-11,Richmond,Not Reported,40,2,2
2020-07-11,Roanoke,Female,295,7,7
2020-07-11,Roanoke,Male,255,7,3
2020-07-11,Roanoke,Not Reported,7,0,0
2020-07-11,Southside,Female,264,28,18
2020-07-11,Southside,Male,196,27,13
2020-07-11,Southside,Not Reported,4,0,0
2020-07-11,Thomas Jefferson,Female,631,54,14
2020-07-11,Thomas Jefferson,Male,542,49,15
2020-07-11,Thomas Jefferson,Not Reported,0,0,0
2020-07-11,Three Rivers,Female,228,34,9
2020-07-11,Three Rivers,Male,533,24,4
2020-07-11,Three Rivers,Not Reported,20,0,0
2020-07-11,Virginia Beach,Female,921,63,14
2020-07-11,Virginia Beach,Male,827,71,16
2020-07-11,Virginia Beach,Not Reported,11,0,0
2020-07-11,West Piedmont,Female,328,31,4
2020-07-11,West Piedmont,Male,281,26,4
2020-07-11,West Piedmont,Not Reported,7,0,0
2020-07-11,Western Tidewater,Female,521,39,30
2020-07-11,Western Tidewater,Male,478,57,34
2020-07-11,Western Tidewater,Not Reported,1,0,0
2020-07-12,Alexandria,Female,1264,116,30
2020-07-12,Alexandria,Male,1184,133,27
2020-07-12,Alexandria,Not Reported,7,0,0
2020-07-12,Alleghany,Female,343,10,10
2020-07-12,Alleghany,Male,292,21,5
2020-07-12,Alleghany,Not Reported,5,0,0
2020-07-12,Arlington,Female,1287,192,65
2020-07-12,Arlington,Male,1326,233,69
2020-07-12,Arlington,Not Reported,2,0,0
2020-07-12,Central Shenandoah,Female,1217,91,23
2020-07-12,Central Shenandoah,Male,1044,87,19
2020-07-12,Central Shenandoah,Not Reported,3,0,0
2020-07-12,Central Virginia,Female,250,7,2
2020-07-12,Central Virginia,Male,255,9,4
2020-07-12,Central Virginia,Not Reported,0,0,0
2020-07-12,Chesapeake,Female,721,85,10
2020-07-12,Chesapeake,Male,531,72,12
2020-07-12,Chesapeake,Not Reported,1,0,0
2020-07-12,Chesterfield,Female,1676,82,42
2020-07-12,Chesterfield,Male,1682,92,40
2020-07-12,Chesterfield,Not Reported,80,0,2
2020-07-12,Chickahominy,Female,395,59,21
2020-07-12,Chickahominy,Male,321,56,20
2020-07-12,Chickahominy,Not Reported,4,0,0
2020-07-12,Crater,Female,733,85,29
2020-07-12,Crater,Male,955,80,20
2020-07-12,Crater,Not Reported,15,1,0
2020-07-12,Cumberland Plateau,Female,49,1,0
2020-07-12,Cumberland Plateau,Male,47,4,0
2020-07-12,Cumberland Plateau,Not Reported,0,0,0
2020-07-12,Eastern Shore,Female,660,59,23
2020-07-12,Eastern Shore,Male,647,54,19
2020-07-12,Eastern Shore,Not Reported,9,0,0
2020-07-12,Fairfax,Female,7410,748,251
2020-07-12,Fairfax,Male,7099,977,261
2020-07-12,Fairfax,Not Reported,98,3,2
2020-07-12,Hampton,Female,276,14,1
2020-07-12,Hampton,Male,209,26,3
2020-07-12,Hampton,Not Reported,3,0,0
2020-07-12,Henrico,Female,1543,125,91
2020-07-12,Henrico,Male,1305,144,82
2020-07-12,Henrico,Not Reported,12,0,0
2020-07-12,Lenowisco,Female,44,9,1
2020-07-12,Lenowisco,Male,34,8,3
2020-07-12,Lenowisco,Not Reported,0,0,0
2020-07-12,Lord Fairfax,Female,1144,90,39
2020-07-12,Lord Fairfax,Male,1036,99,36
2020-07-12,Lord Fairfax,Not Reported,7,0,0
2020-07-12,Loudoun,Female,2215,128,61
2020-07-12,Loudoun,Male,2165,161,38
2020-07-12,Loudoun,Not Reported,27,0,0
2020-07-12,Mount Rogers,Female,447,25,15
2020-07-12,Mount Rogers,Male,385,54,20
2020-07-12,Mount Rogers,Not Reported,2,0,0
2020-07-12,New River,Female,137,8,1
2020-07-12,New River,Male,156,15,5
2020-07-12,New River,Not Reported,3,0,0
2020-07-12,Norfolk,Female,827,64,5
2020-07-12,Norfolk,Male,721,64,11
2020-07-12,Norfolk,Not Reported,0,0,0
2020-07-12,Peninsula,Female,711,63,21
2020-07-12,Peninsula,Male,603,66,14
2020-07-12,Peninsula,Not Reported,4,0,0
2020-07-12,Piedmont,Female,332,45,5
2020-07-12,Piedmont,Male,784,62,13
2020-07-12,Piedmont,Not Reported,4,0,0
2020-07-12,Pittsylvania-Danville,Female,175,25,3
2020-07-12,Pittsylvania-Danville,Male,129,21,1
2020-07-12,Pittsylvania-Danville,Not Reported,2,0,0
2020-07-12,Portsmouth,Female,350,49,11
2020-07-12,Portsmouth,Male,333,37,8
2020-07-12,Portsmouth,Not Reported,3,0,0
2020-07-12,Prince William,Female,4845,378,78
2020-07-12,Prince William,Male,4839,480,104
2020-07-12,Prince William,Not Reported,68,1,0
2020-07-12,Rappahannock,Female,1404,113,18
2020-07-12,Rappahannock,Male,1257,131,27
2020-07-12,Rappahannock,Not Reported,5,1,0
2020-07-12,Rappahannock Rapidan,Female,784,50,10
2020-07-12,Rappahannock Rapidan,Male,789,67,14
2020-07-12,Rappahannock Rapidan,Not Reported,11,1,1
2020-07-12,Richmond,Female,1170,109,9
2020-07-12,Richmond,Male,1205,126,24
2020-07-12,Richmond,Not Reported,40,2,2
2020-07-12,Roanoke,Female,306,7,7
2020-07-12,Roanoke,Male,269,8,3
2020-07-12,Roanoke,Not Reported,7,0,0
2020-07-12,Southside,Female,268,29,18
2020-07-12,Southside,Male,198,28,13
2020-07-12,Southside,Not Reported,4,0,0
2020-07-12,Thomas Jefferson,Female,648,55,14
2020-07-12,Thomas Jefferson,Male,560,49,15
2020-07-12,Thomas Jefferson,Not Reported,0,0,0
2020-07-12,Three Rivers,Female,229,34,9
2020-07-12,Three Rivers,Male,533,24,4
2020-07-12,Three Rivers,Not Reported,20,0,0
2020-07-12,Virginia Beach,Female,951,67,14
2020-07-12,Virginia Beach,Male,859,72,16
2020-07-12,Virginia Beach,Not Reported,11,0,0
2020-07-12,West Piedmont,Female,328,31,4
2020-07-12,West Piedmont,Male,281,26,4
2020-07-12,West Piedmont,Not Reported,7,0,0
2020-07-12,Western Tidewater,Female,540,39,30
2020-07-12,Western Tidewater,Male,493,57,34
2020-07-12,Western Tidewater,Not Reported,1,0,0
2020-07-13,Alexandria,Female,1265,116,30
2020-07-13,Alexandria,Male,1184,133,27
2020-07-13,Alexandria,Not Reported,7,0,0
2020-07-13,Alleghany,Female,346,10,10
2020-07-13,Alleghany,Male,295,21,5
2020-07-13,Alleghany,Not Reported,5,0,0
2020-07-13,Arlington,Female,1293,189,65
2020-07-13,Arlington,Male,1331,233,69
2020-07-13,Arlington,Not Reported,2,0,0
2020-07-13,Central Shenandoah,Female,1232,92,23
2020-07-13,Central Shenandoah,Male,1065,88,19
2020-07-13,Central Shenandoah,Not Reported,3,0,0
2020-07-13,Central Virginia,Female,255,7,2
2020-07-13,Central Virginia,Male,260,9,4
2020-07-13,Central Virginia,Not Reported,0,0,0
2020-07-13,Chesapeake,Female,760,85,10
2020-07-13,Chesapeake,Male,565,72,12
2020-07-13,Chesapeake,Not Reported,1,0,0
2020-07-13,Chesterfield,Female,1685,82,42
2020-07-13,Chesterfield,Male,1697,92,40
2020-07-13,Chesterfield,Not Reported,84,0,2
2020-07-13,Chickahominy,Female,397,59,21
2020-07-13,Chickahominy,Male,328,56,20
2020-07-13,Chickahominy,Not Reported,4,0,0
2020-07-13,Crater,Female,747,86,29
2020-07-13,Crater,Male,963,81,20
2020-07-13,Crater,Not Reported,15,1,0
2020-07-13,Cumberland Plateau,Female,52,1,0
2020-07-13,Cumberland Plateau,Male,49,4,0
2020-07-13,Cumberland Plateau,Not Reported,0,0,0
2020-07-13,Eastern Shore,Female,660,59,23
2020-07-13,Eastern Shore,Male,646,54,19
2020-07-13,Eastern Shore,Not Reported,9,0,0
2020-07-13,Fairfax,Female,7455,748,251
2020-07-13,Fairfax,Male,7129,978,261
2020-07-13,Fairfax,Not Reported,98,3,2
2020-07-13,Hampton,Female,307,14,1
2020-07-13,Hampton,Male,233,26,3
2020-07-13,Hampton,Not Reported,4,0,0
2020-07-13,Henrico,Female,1557,126,91
2020-07-13,Henrico,Male,1322,144,82
2020-07-13,Henrico,Not Reported,12,0,0
2020-07-13,Lenowisco,Female,45,9,1
2020-07-13,Lenowisco,Male,35,8,3
2020-07-13,Lenowisco,Not Reported,0,0,0
2020-07-13,Lord Fairfax,Female,1149,90,39
2020-07-13,Lord Fairfax,Male,1043,100,36
2020-07-13,Lord Fairfax,Not Reported,8,0,0
2020-07-13,Loudoun,Female,2223,128,61
2020-07-13,Loudoun,Male,2181,161,38
2020-07-13,Loudoun,Not Reported,27,0,0
2020-07-13,Mount Rogers,Female,451,26,15
2020-07-13,Mount Rogers,Male,387,54,20
2020-07-13,Mount Rogers,Not Reported,2,0,0
2020-07-13,New River,Female,141,8,1
2020-07-13,New River,Male,165,15,5
2020-07-13,New River,Not Reported,3,0,0
2020-07-13,Norfolk,Female,850,64,5
2020-07-13,Norfolk,Male,738,65,11
2020-07-13,Norfolk,Not Reported,0,0,0
2020-07-13,Peninsula,Female,775,64,21
2020-07-13,Peninsula,Male,669,67,14
2020-07-13,Peninsula,Not Reported,4,0,0
2020-07-13,Piedmont,Female,337,45,5
2020-07-13,Piedmont,Male,785,62,13
2020-07-13,Piedmont,Not Reported,4,0,0
2020-07-13,Pittsylvania-Danville,Female,178,25,3
2020-07-13,Pittsylvania-Danville,Male,131,21,1
2020-07-13,Pittsylvania-Danville,Not Reported,2,0,0
2020-07-13,Portsmouth,Female,367,49,11
2020-07-13,Portsmouth,Male,344,37,8
2020-07-13,Portsmouth,Not Reported,3,0,0
2020-07-13,Prince William,Female,4872,378,78
2020-07-13,Prince William,Male,4862,480,104
2020-07-13,Prince William,Not Reported,68,1,0
2020-07-13,Rappahannock,Female,1410,115,18
2020-07-13,Rappahannock,Male,1265,132,27
2020-07-13,Rappahannock,Not Reported,5,1,0
2020-07-13,Rappahannock Rapidan,Female,792,51,10
2020-07-13,Rappahannock Rapidan,Male,796,68,14
2020-07-13,Rappahannock Rapidan,Not Reported,7,1,1
2020-07-13,Richmond,Female,1178,109,9
2020-07-13,Richmond,Male,1213,127,24
2020-07-13,Richmond,Not Reported,41,2,2
2020-07-13,Roanoke,Female,311,7,7
2020-07-13,Roanoke,Male,270,8,3
2020-07-13,Roanoke,Not Reported,7,0,0
2020-07-13,Southside,Female,273,29,18
2020-07-13,Southside,Male,210,28,13
2020-07-13,Southside,Not Reported,4,0,0
2020-07-13,Thomas Jefferson,Female,658,55,14
2020-07-13,Thomas Jefferson,Male,578,51,15
2020-07-13,Thomas Jefferson,Not Reported,0,0,0
2020-07-13,Three Rivers,Female,236,34,9
2020-07-13,Three Rivers,Male,543,25,4
2020-07-13,Three Rivers,Not Reported,20,0,0
2020-07-13,Virginia Beach,Female,1041,68,15
2020-07-13,Virginia Beach,Male,926,72,17
2020-07-13,Virginia Beach,Not Reported,11,0,0
2020-07-13,West Piedmont,Female,328,31,4
2020-07-13,West Piedmont,Male,281,26,4
2020-07-13,West Piedmont,Not Reported,7,0,0
2020-07-13,Western Tidewater,Female,557,41,30
2020-07-13,Western Tidewater,Male,502,58,34
2020-07-13,Western Tidewater,Not Reported,1,0,0
2020-07-14,Alexandria,Female,1270,117,30
2020-07-14,Alexandria,Male,1188,133,27
2020-07-14,Alexandria,Not Reported,7,0,0
2020-07-14,Alleghany,Female,354,10,10
2020-07-14,Alleghany,Male,307,22,5
2020-07-14,Alleghany,Not Reported,7,0,0
2020-07-14,Arlington,Female,1301,189,65
2020-07-14,Arlington,Male,1355,233,69
2020-07-14,Arlington,Not Reported,4,0,0
2020-07-14,Central Shenandoah,Female,1236,92,25
2020-07-14,Central Shenandoah,Male,1071,90,20
2020-07-14,Central Shenandoah,Not Reported,3,0,0
2020-07-14,Central Virginia,Female,257,7,2
2020-07-14,Central Virginia,Male,264,9,4
2020-07-14,Central Virginia,Not Reported,0,0,0
2020-07-14,Chesapeake,Female,789,87,11
2020-07-14,Chesapeake,Male,589,72,12
2020-07-14,Chesapeake,Not Reported,1,0,0
2020-07-14,Chesterfield,Female,1717,84,43
2020-07-14,Chesterfield,Male,1730,92,41
2020-07-14,Chesterfield,Not Reported,89,0,2
2020-07-14,Chickahominy,Female,399,59,21
2020-07-14,Chickahominy,Male,331,56,20
2020-07-14,Chickahominy,Not Reported,4,0,0
2020-07-14,Crater,Female,752,87,29
2020-07-14,Crater,Male,971,82,20
2020-07-14,Crater,Not Reported,15,1,0
2020-07-14,Cumberland Plateau,Female,55,1,0
2020-07-14,Cumberland Plateau,Male,56,5,0
2020-07-14,Cumberland Plateau,Not Reported,0,0,0
2020-07-14,Eastern Shore,Female,662,59,23
2020-07-14,Eastern Shore,Male,648,54,19
2020-07-14,Eastern Shore,Not Reported,9,0,0
2020-07-14,Fairfax,Female,7457,751,251
2020-07-14,Fairfax,Male,7147,985,261
2020-07-14,Fairfax,Not Reported,97,3,2
2020-07-14,Hampton,Female,322,15,1
2020-07-14,Hampton,Male,242,27,3
2020-07-14,Hampton,Not Reported,4,0,0
2020-07-14,Henrico,Female,1575,126,91
2020-07-14,Henrico,Male,1337,144,82
2020-07-14,Henrico,Not Reported,13,0,0
2020-07-14,Lenowisco,Female,49,9,1
2020-07-14,Lenowisco,Male,40,9,3
2020-07-14,Lenowisco,Not Reported,0,0,0
2020-07-14,Lord Fairfax,Female,1154,90,39
2020-07-14,Lord Fairfax,Male,1047,101,36
2020-07-14,Lord Fairfax,Not Reported,8,0,0
2020-07-14,Loudoun,Female,2235,128,61
2020-07-14,Loudoun,Male,2196,168,38
2020-07-14,Loudoun,Not Reported,27,0,0
2020-07-14,Mount Rogers,Female,455,27,16
2020-07-14,Mount Rogers,Male,391,55,20
2020-07-14,Mount Rogers,Not Reported,2,0,0
2020-07-14,New River,Female,145,8,1
2020-07-14,New River,Male,167,15,5
2020-07-14,New River,Not Reported,3,0,0
2020-07-14,Norfolk,Female,857,66,5
2020-07-14,Norfolk,Male,749,66,11
2020-07-14,Norfolk,Not Reported,0,0,0
2020-07-14,Peninsula,Female,815,64,21
2020-07-14,Peninsula,Male,699,67,14
2020-07-14,Peninsula,Not Reported,4,0,0
2020-07-14,Piedmont,Female,341,46,5
2020-07-14,Piedmont,Male,788,63,13
2020-07-14,Piedmont,Not Reported,4,0,0
2020-07-14,Pittsylvania-Danville,Female,179,25,3
2020-07-14,Pittsylvania-Danville,Male,132,21,1
2020-07-14,Pittsylvania-Danville,Not Reported,2,0,0
2020-07-14,Portsmouth,Female,389,51,11
2020-07-14,Portsmouth,Male,369,37,8
2020-07-14,Portsmouth,Not Reported,3,0,0
2020-07-14,Prince William,Female,4892,380,78
2020-07-14,Prince William,Male,4885,483,104
2020-07-14,Prince William,Not Reported,68,1,0
2020-07-14,Rappahannock,Female,1420,117,19
2020-07-14,Rappahannock,Male,1272,132,27
2020-07-14,Rappahannock,Not Reported,7,1,0
2020-07-14,Rappahannock Rapidan,Female,796,51,10
2020-07-14,Rappahannock Rapidan,Male,803,71,14
2020-07-14,Rappahannock Rapidan,Not Reported,7,1,1
2020-07-14,Richmond,Female,1192,109,9
2020-07-14,Richmond,Male,1223,129,25
2020-07-14,Richmond,Not Reported,42,2,2
2020-07-14,Roanoke,Female,319,7,7
2020-07-14,Roanoke,Male,280,8,3
2020-07-14,Roanoke,Not Reported,12,0,0
2020-07-14,Southside,Female,277,29,18
2020-07-14,Southside,Male,214,28,13
2020-07-14,Southside,Not Reported,4,0,0
2020-07-14,Thomas Jefferson,Female,684,54,14
2020-07-14,Thomas Jefferson,Male,593,51,15
2020-07-14,Thomas Jefferson,Not Reported,0,0,0
2020-07-14,Three Rivers,Female,247,34,9
2020-07-14,Three Rivers,Male,549,23,3
2020-07-14,Three Rivers,Not Reported,20,0,0
2020-07-14,Virginia Beach,Female,1044,68,15
2020-07-14,Virginia Beach,Male,938,72,17
2020-07-14,Virginia Beach,Not Reported,11,0,0
2020-07-14,West Piedmont,Female,345,31,4
2020-07-14,West Piedmont,Male,294,28,4
2020-07-14,West Piedmont,Not Reported,7,0,0
2020-07-14,Western Tidewater,Female,585,41,30
2020-07-14,Western Tidewater,Male,527,58,35
2020-07-14,Western Tidewater,Not Reported,1,0,0
2020-07-15,Alexandria,Female,1283,118,30
2020-07-15,Alexandria,Male,1196,135,27
2020-07-15,Alexandria,Not Reported,7,0,0
2020-07-15,Alleghany,Female,353,10,10
2020-07-15,Alleghany,Male,310,22,5
2020-07-15,Alleghany,Not Reported,7,0,0
2020-07-15,Arlington,Female,1314,189,65
2020-07-15,Arlington,Male,1361,233,69
2020-07-15,Arlington,Not Reported,2,0,0
2020-07-15,Central Shenandoah,Female,1248,92,25
2020-07-15,Central Shenandoah,Male,1092,92,21
2020-07-15,Central Shenandoah,Not Reported,3,0,0
2020-07-15,Central Virginia,Female,262,7,2
2020-07-15,Central Virginia,Male,273,9,4
2020-07-15,Central Virginia,Not Reported,0,0,0
2020-07-15,Chesapeake,Female,822,87,11
2020-07-15,Chesapeake,Male,618,73,12
2020-07-15,Chesapeake,Not Reported,1,0,0
2020-07-15,Chesterfield,Female,1739,85,43
2020-07-15,Chesterfield,Male,1758,92,41
2020-07-15,Chesterfield,Not Reported,90,0,2
2020-07-15,Chickahominy,Female,403,58,20
2020-07-15,Chickahominy,Male,337,56,20
2020-07-15,Chickahominy,Not Reported,4,0,0
2020-07-15,Crater,Female,765,88,29
2020-07-15,Crater,Male,988,86,21
2020-07-15,Crater,Not Reported,15,1,0
2020-07-15,Cumberland Plateau,Female,58,1,0
2020-07-15,Cumberland Plateau,Male,57,5,0
2020-07-15,Cumberland Plateau,Not Reported,0,0,0
2020-07-15,Eastern Shore,Female,662,59,23
2020-07-15,Eastern Shore,Male,649,54,19
2020-07-15,Eastern Shore,Not Reported,9,0,0
2020-07-15,Fairfax,Female,7504,765,253
2020-07-15,Fairfax,Male,7181,1001,261
2020-07-15,Fairfax,Not Reported,96,3,2
2020-07-15,Hampton,Female,339,15,1
2020-07-15,Hampton,Male,249,27,3
2020-07-15,Hampton,Not Reported,4,0,0
2020-07-15,Henrico,Female,1588,127,92
2020-07-15,Henrico,Male,1346,146,83
2020-07-15,Henrico,Not Reported,13,0,0
2020-07-15,Lenowisco,Female,53,9,1
2020-07-15,Lenowisco,Male,42,10,3
2020-07-15,Lenowisco,Not Reported,0,0,0
2020-07-15,Lord Fairfax,Female,1166,91,41
2020-07-15,Lord Fairfax,Male,1059,103,36
2020-07-15,Lord Fairfax,Not Reported,8,0,0
2020-07-15,Loudoun,Female,2263,129,62
2020-07-15,Loudoun,Male,2233,172,39
2020-07-15,Loudoun,Not Reported,23,0,0
2020-07-15,Mount Rogers,Female,463,27,16
2020-07-15,Mount Rogers,Male,400,56,20
2020-07-15,Mount Rogers,Not Reported,2,0,0
2020-07-15,New River,Female,146,8,1
2020-07-15,New River,Male,168,15,5
2020-07-15,New River,Not Reported,3,0,0
2020-07-15,Norfolk,Female,934,67,7
2020-07-15,Norfolk,Male,807,66,11
2020-07-15,Norfolk,Not Reported,1,0,0
2020-07-15,Peninsula,Female,848,66,21
2020-07-15,Peninsula,Male,726,68,14
2020-07-15,Peninsula,Not Reported,4,0,0
2020-07-15,Piedmont,Female,346,47,5
2020-07-15,Piedmont,Male,796,63,13
2020-07-15,Piedmont,Not Reported,4,0,0
2020-07-15,Pittsylvania-Danville,Female,191,25,3
2020-07-15,Pittsylvania-Danville,Male,142,21,1
2020-07-15,Pittsylvania-Danville,Not Reported,2,0,0
2020-07-15,Portsmouth,Female,404,52,11
2020-07-15,Portsmouth,Male,387,37,8
2020-07-15,Portsmouth,Not Reported,3,0,0
2020-07-15,Prince William,Female,4927,382,80
2020-07-15,Prince William,Male,4911,486,105
2020-07-15,Prince William,Not Reported,69,1,0
2020-07-15,Rappahannock,Female,1432,118,19
2020-07-15,Rappahannock,Male,1280,133,27
2020-07-15,Rappahannock,Not Reported,7,1,0
2020-07-15,Rappahannock Rapidan,Female,800,51,10
2020-07-15,Rappahannock Rapidan,Male,811,71,14
2020-07-15,Rappahannock Rapidan,Not Reported,7,1,1
2020-07-15,Richmond,Female,1201,111,10
2020-07-15,Richmond,Male,1230,132,24
2020-07-15,Richmond,Not Reported,42,2,2
2020-07-15,Roanoke,Female,320,7,7
2020-07-15,Roanoke,Male,280,8,3
2020-07-15,Roanoke,Not Reported,12,0,0
2020-07-15,Southside,Female,279,30,18
2020-07-15,Southside,Male,216,28,13
2020-07-15,Southside,Not Reported,4,0,0
2020-07-15,Thomas Jefferson,Female,694,58,14
2020-07-15,Thomas Jefferson,Male,604,51,15
2020-07-15,Thomas Jefferson,Not Reported,0,0,0
2020-07-15,Three Rivers,Female,252,35,8
2020-07-15,Three Rivers,Male,552,23,3
2020-07-15,Three Rivers,Not Reported,20,0,0
2020-07-15,Virginia Beach,Female,1132,70,16
2020-07-15,Virginia Beach,Male,994,72,18
2020-07-15,Virginia Beach,Not Reported,11,0,0
2020-07-15,West Piedmont,Female,362,34,4
2020-07-15,West Piedmont,Male,302,30,4
2020-07-15,West Piedmont,Not Reported,7,0,0
2020-07-15,Western Tidewater,Female,600,43,30
2020-07-15,Western Tidewater,Male,538,59,35
2020-07-15,Western Tidewater,Not Reported,1,0,0
2020-07-16,Alexandria,Female,1295,118,30
2020-07-16,Alexandria,Male,1205,135,26
2020-07-16,Alexandria,Not Reported,7,0,0
2020-07-16,Alleghany,Female,364,13,10
2020-07-16,Alleghany,Male,318,24,5
2020-07-16,Alleghany,Not Reported,7,0,0
2020-07-16,Arlington,Female,1321,190,65
2020-07-16,Arlington,Male,1368,236,69
2020-07-16,Arlington,Not Reported,2,0,0
2020-07-16,Central Shenandoah,Female,1256,96,25
2020-07-16,Central Shenandoah,Male,1100,93,21
2020-07-16,Central Shenandoah,Not Reported,2,0,0
2020-07-16,Central Virginia,Female,265,7,2
2020-07-16,Central Virginia,Male,277,10,4
2020-07-16,Central Virginia,Not Reported,0,0,0
2020-07-16,Chesapeake,Female,861,87,12
2020-07-16,Chesapeake,Male,647,74,12
2020-07-16,Chesapeake,Not Reported,1,0,0
2020-07-16,Chesterfield,Female,1763,97,44
2020-07-16,Chesterfield,Male,1766,97,41
2020-07-16,Chesterfield,Not Reported,93,0,2
2020-07-16,Chickahominy,Female,410,58,20
2020-07-16,Chickahominy,Male,343,56,20
2020-07-16,Chickahominy,Not Reported,4,0,0
2020-07-16,Crater,Female,774,94,29
2020-07-16,Crater,Male,1001,86,21
2020-07-16,Crater,Not Reported,15,1,0
2020-07-16,Cumberland Plateau,Female,61,1,0
2020-07-16,Cumberland Plateau,Male,60,5,0
2020-07-16,Cumberland Plateau,Not Reported,0,0,0
2020-07-16,Eastern Shore,Female,663,60,23
2020-07-16,Eastern Shore,Male,649,54,19
2020-07-16,Eastern Shore,Not Reported,9,0,0
2020-07-16,Fairfax,Female,7524,767,256
2020-07-16,Fairfax,Male,7198,1014,265
2020-07-16,Fairfax,Not Reported,93,2,2
2020-07-16,Hampton,Female,344,15,1
2020-07-16,Hampton,Male,259,27,3
2020-07-16,Hampton,Not Reported,4,0,0
2020-07-16,Henrico,Female,1598,129,92
2020-07-16,Henrico,Male,1353,149,83
2020-07-16,Henrico,Not Reported,13,0,0
2020-07-16,Lenowisco,Female,55,9,1
2020-07-16,Lenowisco,Male,44,10,4
2020-07-16,Lenowisco,Not Reported,0,0,0
2020-07-16,Lord Fairfax,Female,1179,93,43
2020-07-16,Lord Fairfax,Male,1065,106,36
2020-07-16,Lord Fairfax,Not Reported,8,0,0
2020-07-16,Loudoun,Female,2277,133,62
2020-07-16,Loudoun,Male,2254,175,39
2020-07-16,Loudoun,Not Reported,26,0,0
2020-07-16,Mount Rogers,Female,476,29,16
2020-07-16,Mount Rogers,Male,410,56,20
2020-07-16,Mount Rogers,Not Reported,2,0,0
2020-07-16,New River,Female,149,8,1
2020-07-16,New River,Male,170,16,5
2020-07-16,New River,Not Reported,3,0,0
2020-07-16,Norfolk,Female,1004,67,8
2020-07-16,Norfolk,Male,883,67,11
2020-07-16,Norfolk,Not Reported,1,0,0
2020-07-16,Peninsula,Female,877,68,21
2020-07-16,Peninsula,Male,740,68,14
2020-07-16,Peninsula,Not Reported,5,0,0
2020-07-16,Piedmont,Female,347,47,5
2020-07-16,Piedmont,Male,799,65,13
2020-07-16,Piedmont,Not Reported,4,0,0
2020-07-16,Pittsylvania-Danville,Female,196,27,3
2020-07-16,Pittsylvania-Danville,Male,143,21,1
2020-07-16,Pittsylvania-Danville,Not Reported,2,0,0
2020-07-16,Portsmouth,Female,422,55,11
2020-07-16,Portsmouth,Male,402,40,8
2020-07-16,Portsmouth,Not Reported,3,0,0
2020-07-16,Prince William,Female,4948,387,80
2020-07-16,Prince William,Male,4926,489,105
2020-07-16,Prince William,Not Reported,67,1,0
2020-07-16,Rappahannock,Female,1447,118,19
2020-07-16,Rappahannock,Male,1294,134,27
2020-07-16,Rappahannock,Not Reported,8,1,0
2020-07-16,Rappahannock Rapidan,Female,807,51,10
2020-07-16,Rappahannock Rapidan,Male,812,72,14
2020-07-16,Rappahannock Rapidan,Not Reported,7,1,1
2020-07-16,Richmond,Female,1220,114,10
2020-07-16,Richmond,Male,1236,133,24
2020-07-16,Richmond,Not Reported,42,2,2
2020-07-16,Roanoke,Female,322,7,7
2020-07-16,Roanoke,Male,283,8,3
2020-07-16,Roanoke,Not Reported,12,0,0
2020-07-16,Southside,Female,284,30,18
2020-07-16,Southside,Male,221,28,13
2020-07-16,Southside,Not Reported,4,0,0
2020-07-16,Thomas Jefferson,Female,694,60,14
2020-07-16,Thomas Jefferson,Male,604,53,15
2020-07-16,Thomas Jefferson,Not Reported,0,0,0
2020-07-16,Three Rivers,Female,253,35,8
2020-07-16,Three Rivers,Male,556,24,3
2020-07-16,Three Rivers,Not Reported,20,0,0
2020-07-16,Virginia Beach,Female,1209,70,16
2020-07-16,Virginia Beach,Male,1052,72,18
2020-07-16,Virginia Beach,Not Reported,11,0,0
2020-07-16,West Piedmont,Female,368,37,4
2020-07-16,West Piedmont,Male,311,35,4
2020-07-16,West Piedmont,Not Reported,6,0,0
2020-07-16,Western Tidewater,Female,619,43,30
2020-07-16,Western Tidewater,Male,548,60,38
2020-07-16,Western Tidewater,Not Reported,1,0,0
2020-07-17,Alexandria,Female,1305,119,30
2020-07-17,Alexandria,Male,1211,136,26
2020-07-17,Alexandria,Not Reported,7,0,0
2020-07-17,Alleghany,Female,367,13,10
2020-07-17,Alleghany,Male,320,24,5
2020-07-17,Alleghany,Not Reported,7,0,0
2020-07-17,Arlington,Female,1327,191,66
2020-07-17,Arlington,Male,1375,236,69
2020-07-17,Arlington,Not Reported,2,0,0
2020-07-17,Central Shenandoah,Female,1270,96,25
2020-07-17,Central Shenandoah,Male,1110,93,21
2020-07-17,Central Shenandoah,Not Reported,1,0,0
2020-07-17,Central Virginia,Female,278,7,2
2020-07-17,Central Virginia,Male,286,10,4
2020-07-17,Central Virginia,Not Reported,0,0,0
2020-07-17,Chesapeake,Female,889,88,12
2020-07-17,Chesapeake,Male,669,75,12
2020-07-17,Chesapeake,Not Reported,2,0,0
2020-07-17,Chesterfield,Female,1783,100,44
2020-07-17,Chesterfield,Male,1791,98,41
2020-07-17,Chesterfield,Not Reported,93,0,2
2020-07-17,Chickahominy,Female,422,58,20
2020-07-17,Chickahominy,Male,346,56,20
2020-07-17,Chickahominy,Not Reported,4,0,0
2020-07-17,Crater,Female,784,95,29
2020-07-17,Crater,Male,1006,88,21
2020-07-17,Crater,Not Reported,15,1,0
2020-07-17,Cumberland Plateau,Female,63,1,0
2020-07-17,Cumberland Plateau,Male,62,6,0
2020-07-17,Cumberland Plateau,Not Reported,0,0,0
2020-07-17,Eastern Shore,Female,664,60,23
2020-07-17,Eastern Shore,Male,652,54,19
2020-07-17,Eastern Shore,Not Reported,9,0,0
2020-07-17,Fairfax,Female,7546,772,256
2020-07-17,Fairfax,Male,7218,1032,264
2020-07-17,Fairfax,Not Reported,94,2,2
2020-07-17,Hampton,Female,354,15,1
2020-07-17,Hampton,Male,267,27,3
2020-07-17,Hampton,Not Reported,4,0,0
2020-07-17,Henrico,Female,1612,129,92
2020-07-17,Henrico,Male,1362,150,83
2020-07-17,Henrico,Not Reported,13,0,0
2020-07-17,Lenowisco,Female,55,9,1
2020-07-17,Lenowisco,Male,47,10,4
2020-07-17,Lenowisco,Not Reported,0,0,0
2020-07-17,Lord Fairfax,Female,1191,95,44
2020-07-17,Lord Fairfax,Male,1074,107,36
2020-07-17,Lord Fairfax,Not Reported,8,0,0
2020-07-17,Loudoun,Female,2287,137,63
2020-07-17,Loudoun,Male,2260,178,39
2020-07-17,Loudoun,Not Reported,29,0,0
2020-07-17,Mount Rogers,Female,487,29,16
2020-07-17,Mount Rogers,Male,421,57,20
2020-07-17,Mount Rogers,Not Reported,2,0,0
2020-07-17,New River,Female,153,8,1
2020-07-17,New River,Male,173,16,5
2020-07-17,New River,Not Reported,3,0,0
2020-07-17,Norfolk,Female,1081,70,8
2020-07-17,Norfolk,Male,938,67,11
2020-07-17,Norfolk,Not Reported,1,0,0
2020-07-17,Peninsula,Female,911,68,21
2020-07-17,Peninsula,Male,770,68,14
2020-07-17,Peninsula,Not Reported,5,0,0
2020-07-17,Piedmont,Female,354,47,5
2020-07-17,Piedmont,Male,802,66,14
2020-07-17,Piedmont,Not Reported,4,0,0
2020-07-17,Pittsylvania-Danville,Female,201,29,3
2020-07-17,Pittsylvania-Danville,Male,151,23,1
2020-07-17,Pittsylvania-Danville,Not Reported,2,0,0
2020-07-17,Portsmouth,Female,449,56,12
2020-07-17,Portsmouth,Male,420,40,8
2020-07-17,Portsmouth,Not Reported,3,0,0
2020-07-17,Prince William,Female,4980,388,81
2020-07-17,Prince William,Male,4966,492,106
2020-07-17,Prince William,Not Reported,67,1,0
2020-07-17,Rappahannock,Female,1468,118,19
2020-07-17,Rappahannock,Male,1301,134,27
2020-07-17,Rappahannock,Not Reported,7,1,0
2020-07-17,Rappahannock Rapidan,Female,824,51,10
2020-07-17,Rappahannock Rapidan,Male,822,72,14
2020-07-17,Rappahannock Rapidan,Not Reported,7,1,1
2020-07-17,Richmond,Female,1228,114,10
2020-07-17,Richmond,Male,1251,134,24
2020-07-17,Richmond,Not Reported,42,2,2
2020-07-17,Roanoke,Female,326,7,7
2020-07-17,Roanoke,Male,284,8,3
2020-07-17,Roanoke,Not Reported,12,0,0
2020-07-17,Southside,Female,286,30,18
2020-07-17,Southside,Male,224,29,13
2020-07-17,Southside,Not Reported,4,0,0
2020-07-17,Thomas Jefferson,Female,716,60,14
2020-07-17,Thomas Jefferson,Male,619,53,15
2020-07-17,Thomas Jefferson,Not Reported,0,0,0
2020-07-17,Three Rivers,Female,252,35,8
2020-07-17,Three Rivers,Male,563,25,3
2020-07-17,Three Rivers,Not Reported,20,0,0
2020-07-17,Virginia Beach,Female,1276,70,16
2020-07-17,Virginia Beach,Male,1109,72,18
2020-07-17,Virginia Beach,Not Reported,11,0,0
2020-07-17,West Piedmont,Female,370,39,4
2020-07-17,West Piedmont,Male,315,35,4
2020-07-17,West Piedmont,Not Reported,6,0,0
2020-07-17,Western Tidewater,Female,642,43,30
2020-07-17,Western Tidewater,Male,562,61,38
2020-07-17,Western Tidewater,Not Reported,1,0,0
2020-07-18,Alexandria,Female,1315,119,30
2020-07-18,Alexandria,Male,1218,136,26
2020-07-18,Alexandria,Not Reported,7,0,0
2020-07-18,Alleghany,Female,368,13,10
2020-07-18,Alleghany,Male,319,24,5
2020-07-18,Alleghany,Not Reported,7,0,0
2020-07-18,Arlington,Female,1340,191,66
2020-07-18,Arlington,Male,1382,236,69
2020-07-18,Arlington,Not Reported,4,0,0
2020-07-18,Central Shenandoah,Female,1288,97,25
2020-07-18,Central Shenandoah,Male,1119,94,23
2020-07-18,Central Shenandoah,Not Reported,1,0,0
2020-07-18,Central Virginia,Female,283,7,2
2020-07-18,Central Virginia,Male,293,10,4
2020-07-18,Central Virginia,Not Reported,0,0,0
2020-07-18,Chesapeake,Female,915,89,12
2020-07-18,Chesapeake,Male,694,75,12
2020-07-18,Chesapeake,Not Reported,3,0,0
2020-07-18,Chesterfield,Female,1799,104,44
2020-07-18,Chesterfield,Male,1802,102,42
2020-07-18,Chesterfield,Not Reported,91,0,2
2020-07-18,Chickahominy,Female,422,58,20
2020-07-18,Chickahominy,Male,350,56,20
2020-07-18,Chickahominy,Not Reported,4,0,0
2020-07-18,Crater,Female,797,96,29
2020-07-18,Crater,Male,1014,89,21
2020-07-18,Crater,Not Reported,15,1,0
2020-07-18,Cumberland Plateau,Female,65,2,0
2020-07-18,Cumberland Plateau,Male,65,6,0
2020-07-18,Cumberland Plateau,Not Reported,0,0,0
2020-07-18,Eastern Shore,Female,666,61,23
2020-07-18,Eastern Shore,Male,654,55,20
2020-07-18,Eastern Shore,Not Reported,9,0,0
2020-07-18,Fairfax,Female,7583,771,256
2020-07-18,Fairfax,Male,7248,1035,264
2020-07-18,Fairfax,Not Reported,94,2,2
2020-07-18,Hampton,Female,364,15,1
2020-07-18,Hampton,Male,278,27,3
2020-07-18,Hampton,Not Reported,3,0,0
2020-07-18,Henrico,Female,1623,131,92
2020-07-18,Henrico,Male,1368,151,83
2020-07-18,Henrico,Not Reported,14,0,0
2020-07-18,Lenowisco,Female,60,10,1
2020-07-18,Lenowisco,Male,53,11,4
2020-07-18,Lenowisco,Not Reported,0,0,0
2020-07-18,Lord Fairfax,Female,1202,95,44
2020-07-18,Lord Fairfax,Male,1088,107,36
2020-07-18,Lord Fairfax,Not Reported,8,0,0
2020-07-18,Loudoun,Female,2302,137,64
2020-07-18,Loudoun,Male,2267,180,39
2020-07-18,Loudoun,Not Reported,27,0,0
2020-07-18,Mount Rogers,Female,501,31,16
2020-07-18,Mount Rogers,Male,432,58,20
2020-07-18,Mount Rogers,Not Reported,2,0,0
2020-07-18,New River,Female,157,8,1
2020-07-18,New River,Male,175,17,5
2020-07-18,New River,Not Reported,3,0,0
2020-07-18,Norfolk,Female,1139,71,8
2020-07-18,Norfolk,Male,994,67,11
2020-07-18,Norfolk,Not Reported,1,0,0
2020-07-18,Peninsula,Female,944,71,23
2020-07-18,Peninsula,Male,798,73,15
2020-07-18,Peninsula,Not Reported,5,0,0
2020-07-18,Piedmont,Female,354,47,5
2020-07-18,Piedmont,Male,803,67,14
2020-07-18,Piedmont,Not Reported,4,0,0
2020-07-18,Pittsylvania-Danville,Female,214,29,3
2020-07-18,Pittsylvania-Danville,Male,157,23,1
2020-07-18,Pittsylvania-Danville,Not Reported,2,0,0
2020-07-18,Portsmouth,Female,481,56,12
2020-07-18,Portsmouth,Male,441,40,8
2020-07-18,Portsmouth,Not Reported,3,0,0
2020-07-18,Prince William,Female,5026,389,82
2020-07-18,Prince William,Male,5000,493,106
2020-07-18,Prince William,Not Reported,69,1,0
2020-07-18,Rappahannock,Female,1482,120,19
2020-07-18,Rappahannock,Male,1317,135,27
2020-07-18,Rappahannock,Not Reported,7,1,0
2020-07-18,Rappahannock Rapidan,Female,833,51,10
2020-07-18,Rappahannock Rapidan,Male,833,73,14
2020-07-18,Rappahannock Rapidan,Not Reported,7,1,1
2020-07-18,Richmond,Female,1237,114,10
2020-07-18,Richmond,Male,1262,134,24
2020-07-18,Richmond,Not Reported,42,2,2
2020-07-18,Roanoke,Female,325,7,7
2020-07-18,Roanoke,Male,284,8,3
2020-07-18,Roanoke,Not Reported,12,0,0
2020-07-18,Southside,Female,288,30,19
2020-07-18,Southside,Male,229,30,13
2020-07-18,Southside,Not Reported,4,0,0
2020-07-18,Thomas Jefferson,Female,729,60,14
2020-07-18,Thomas Jefferson,Male,634,55,15
2020-07-18,Thomas Jefferson,Not Reported,0,0,0
2020-07-18,Three Rivers,Female,255,36,8
2020-07-18,Three Rivers,Male,567,25,3
2020-07-18,Three Rivers,Not Reported,20,0,0
2020-07-18,Virginia Beach,Female,1318,70,16
2020-07-18,Virginia Beach,Male,1135,74,20
2020-07-18,Virginia Beach,Not Reported,11,0,0
2020-07-18,West Piedmont,Female,376,43,4
2020-07-18,West Piedmont,Male,319,35,4
2020-07-18,West Piedmont,Not Reported,4,0,0
2020-07-18,Western Tidewater,Female,658,45,30
2020-07-18,Western Tidewater,Male,588,64,38
2020-07-18,Western Tidewater,Not Reported,1,0,0
2020-07-19,Alexandria,Female,1319,119,30
2020-07-19,Alexandria,Male,1220,136,26
2020-07-19,Alexandria,Not Reported,8,0,0
2020-07-19,Alleghany,Female,376,13,10
2020-07-19,Alleghany,Male,321,24,5
2020-07-19,Alleghany,Not Reported,7,0,0
2020-07-19,Arlington,Female,1343,192,66
2020-07-19,Arlington,Male,1386,238,69
2020-07-19,Arlington,Not Reported,4,0,0
2020-07-19,Central Shenandoah,Female,1289,96,25
2020-07-19,Central Shenandoah,Male,1120,94,23
2020-07-19,Central Shenandoah,Not Reported,1,0,0
2020-07-19,Central Virginia,Female,294,7,2
2020-07-19,Central Virginia,Male,301,10,4
2020-07-19,Central Virginia,Not Reported,0,0,0
2020-07-19,Chesapeake,Female,953,89,12
2020-07-19,Chesapeake,Male,729,75,12
2020-07-19,Chesapeake,Not Reported,3,0,0
2020-07-19,Chesterfield,Female,1809,104,44
2020-07-19,Chesterfield,Male,1813,102,42
2020-07-19,Chesterfield,Not Reported,91,0,2
2020-07-19,Chickahominy,Female,428,59,20
2020-07-19,Chickahominy,Male,352,56,20
2020-07-19,Chickahominy,Not Reported,4,0,0
2020-07-19,Crater,Female,812,97,29
2020-07-19,Crater,Male,1022,90,21
2020-07-19,Crater,Not Reported,15,1,0
2020-07-19,Cumberland Plateau,Female,69,2,0
2020-07-19,Cumberland Plateau,Male,66,7,0
2020-07-19,Cumberland Plateau,Not Reported,0,0,0
2020-07-19,Eastern Shore,Female,667,61,23
2020-07-19,Eastern Shore,Male,654,55,20
2020-07-19,Eastern Shore,Not Reported,9,0,0
2020-07-19,Fairfax,Female,7630,771,256
2020-07-19,Fairfax,Male,7281,1037,264
2020-07-19,Fairfax,Not Reported,94,2,2
2020-07-19,Hampton,Female,388,15,1
2020-07-19,Hampton,Male,310,27,3
2020-07-19,Hampton,Not Reported,3,0,0
2020-07-19,Henrico,Female,1642,133,92
2020-07-19,Henrico,Male,1382,151,83
2020-07-19,Henrico,Not Reported,13,0,0
2020-07-19,Lenowisco,Female,60,10,1
2020-07-19,Lenowisco,Male,53,11,4
2020-07-19,Lenowisco,Not Reported,0,0,0
2020-07-19,Lord Fairfax,Female,1210,95,44
2020-07-19,Lord Fairfax,Male,1092,107,36
2020-07-19,Lord Fairfax,Not Reported,8,0,0
2020-07-19,Loudoun,Female,2328,137,64
2020-07-19,Loudoun,Male,2292,180,39
2020-07-19,Loudoun,Not Reported,27,0,0
2020-07-19,Mount Rogers,Female,515,31,16
2020-07-19,Mount Rogers,Male,440,58,20
2020-07-19,Mount Rogers,Not Reported,2,0,0
2020-07-19,New River,Female,160,8,1
2020-07-19,New River,Male,180,17,5
2020-07-19,New River,Not Reported,3,0,0
2020-07-19,Norfolk,Female,1150,71,8
2020-07-19,Norfolk,Male,1004,69,11
2020-07-19,Norfolk,Not Reported,1,0,0
2020-07-19,Peninsula,Female,1034,71,23
2020-07-19,Peninsula,Male,884,73,15
2020-07-19,Peninsula,Not Reported,6,0,0
2020-07-19,Piedmont,Female,355,47,5
2020-07-19,Piedmont,Male,805,67,14
2020-07-19,Piedmont,Not Reported,4,0,0
2020-07-19,Pittsylvania-Danville,Female,234,29,3
2020-07-19,Pittsylvania-Danville,Male,168,23,1
2020-07-19,Pittsylvania-Danville,Not Reported,3,0,0
2020-07-19,Portsmouth,Female,505,56,12
2020-07-19,Portsmouth,Male,458,40,8
2020-07-19,Portsmouth,Not Reported,3,0,0
2020-07-19,Prince William,Female,5056,389,82
2020-07-19,Prince William,Male,5026,494,107
2020-07-19,Prince William,Not Reported,69,1,0
2020-07-19,Rappahannock,Female,1494,120,19
2020-07-19,Rappahannock,Male,1327,135,27
2020-07-19,Rappahannock,Not Reported,7,1,0
2020-07-19,Rappahannock Rapidan,Female,839,51,10
2020-07-19,Rappahannock Rapidan,Male,840,73,14
2020-07-19,Rappahannock Rapidan,Not Reported,7,1,1
2020-07-19,Richmond,Female,1256,114,10
2020-07-19,Richmond,Male,1265,134,24
2020-07-19,Richmond,Not Reported,42,2,2
2020-07-19,Roanoke,Female,335,7,7
2020-07-19,Roanoke,Male,290,8,3
2020-07-19,Roanoke,Not Reported,12,0,0
2020-07-19,Southside,Female,290,30,19
2020-07-19,Southside,Male,239,30,13
2020-07-19,Southside,Not Reported,4,0,0
2020-07-19,Thomas Jefferson,Female,736,61,14
2020-07-19,Thomas Jefferson,Male,640,55,15
2020-07-19,Thomas Jefferson,Not Reported,0,0,0
2020-07-19,Three Rivers,Female,261,36,8
2020-07-19,Three Rivers,Male,574,25,3
2020-07-19,Three Rivers,Not Reported,20,0,0
2020-07-19,Virginia Beach,Female,1404,72,17
2020-07-19,Virginia Beach,Male,1195,76,20
2020-07-19,Virginia Beach,Not Reported,11,0,0
2020-07-19,West Piedmont,Female,376,43,4
2020-07-19,West Piedmont,Male,319,35,4
2020-07-19,West Piedmont,Not Reported,4,0,0
2020-07-19,Western Tidewater,Female,678,45,30
2020-07-19,Western Tidewater,Male,601,64,38
2020-07-19,Western Tidewater,Not Reported,1,0,0
2020-07-20,Alexandria,Female,1327,119,30
2020-07-20,Alexandria,Male,1224,136,26
2020-07-20,Alexandria,Not Reported,8,0,0
2020-07-20,Alleghany,Female,386,13,10
2020-07-20,Alleghany,Male,322,24,5
2020-07-20,Alleghany,Not Reported,7,0,0
2020-07-20,Arlington,Female,1346,192,66
2020-07-20,Arlington,Male,1387,238,69
2020-07-20,Arlington,Not Reported,4,0,0
2020-07-20,Central Shenandoah,Female,1299,97,25
2020-07-20,Central Shenandoah,Male,1130,95,23
2020-07-20,Central Shenandoah,Not Reported,1,0,0
2020-07-20,Central Virginia,Female,318,7,2
2020-07-20,Central Virginia,Male,318,10,4
2020-07-20,Central Virginia,Not Reported,0,0,0
2020-07-20,Chesapeake,Female,991,94,12
2020-07-20,Chesapeake,Male,764,75,12
2020-07-20,Chesapeake,Not Reported,3,0,0
2020-07-20,Chesterfield,Female,1817,105,44
2020-07-20,Chesterfield,Male,1829,102,42
2020-07-20,Chesterfield,Not Reported,93,0,2
2020-07-20,Chickahominy,Female,431,59,20
2020-07-20,Chickahominy,Male,355,56,20
2020-07-20,Chickahominy,Not Reported,4,0,0
2020-07-20,Crater,Female,821,98,29
2020-07-20,Crater,Male,1024,90,21
2020-07-20,Crater,Not Reported,15,1,0
2020-07-20,Cumberland Plateau,Female,72,2,0
2020-07-20,Cumberland Plateau,Male,67,8,0
2020-07-20,Cumberland Plateau,Not Reported,0,0,0
2020-07-20,Eastern Shore,Female,668,61,23
2020-07-20,Eastern Shore,Male,655,56,20
2020-07-20,Eastern Shore,Not Reported,9,0,0
2020-07-20,Fairfax,Female,7657,770,256
2020-07-20,Fairfax,Male,7311,1040,264
2020-07-20,Fairfax,Not Reported,94,2,2
2020-07-20,Hampton,Female,403,16,1
2020-07-20,Hampton,Male,317,27,3
2020-07-20,Hampton,Not Reported,3,0,0
2020-07-20,Henrico,Female,1650,133,92
2020-07-20,Henrico,Male,1395,152,83
2020-07-20,Henrico,Not Reported,13,0,0
2020-07-20,Lenowisco,Female,61,10,1
2020-07-20,Lenowisco,Male,58,11,4
2020-07-20,Lenowisco,Not Reported,0,0,0
2020-07-20,Lord Fairfax,Female,1226,95,44
2020-07-20,Lord Fairfax,Male,1105,109,36
2020-07-20,Lord Fairfax,Not Reported,8,0,0
2020-07-20,Loudoun,Female,2340,137,64
2020-07-20,Loudoun,Male,2304,180,39
2020-07-20,Loudoun,Not Reported,26,0,0
2020-07-20,Mount Rogers,Female,522,32,16
2020-07-20,Mount Rogers,Male,448,60,20
2020-07-20,Mount Rogers,Not Reported,2,0,0
2020-07-20,New River,Female,160,8,1
2020-07-20,New River,Male,185,17,5
2020-07-20,New River,Not Reported,3,0,0
2020-07-20,Norfolk,Female,1177,71,8
2020-07-20,Norfolk,Male,1036,71,12
2020-07-20,Norfolk,Not Reported,1,0,0
2020-07-20,Peninsula,Female,1070,72,24
2020-07-20,Peninsula,Male,928,73,15
2020-07-20,Peninsula,Not Reported,7,0,0
2020-07-20,Piedmont,Female,363,47,5
2020-07-20,Piedmont,Male,810,67,14
2020-07-20,Piedmont,Not Reported,4,0,0
2020-07-20,Pittsylvania-Danville,Female,248,33,4
2020-07-20,Pittsylvania-Danville,Male,176,23,1
2020-07-20,Pittsylvania-Danville,Not Reported,4,0,0
2020-07-20,Portsmouth,Female,524,57,12
2020-07-20,Portsmouth,Male,482,40,8
2020-07-20,Portsmouth,Not Reported,3,0,0
2020-07-20,Prince William,Female,5074,389,82
2020-07-20,Prince William,Male,5050,494,107
2020-07-20,Prince William,Not Reported,69,1,0
2020-07-20,Rappahannock,Female,1503,120,19
2020-07-20,Rappahannock,Male,1333,135,27
2020-07-20,Rappahannock,Not Reported,7,1,0
2020-07-20,Rappahannock Rapidan,Female,842,51,10
2020-07-20,Rappahannock Rapidan,Male,845,75,14
2020-07-20,Rappahannock Rapidan,Not Reported,7,1,1
2020-07-20,Richmond,Female,1262,115,10
2020-07-20,Richmond,Male,1284,135,24
2020-07-20,Richmond,Not Reported,42,2,2
2020-07-20,Roanoke,Female,343,7,7
2020-07-20,Roanoke,Male,303,8,3
2020-07-20,Roanoke,Not Reported,13,0,0
2020-07-20,Southside,Female,295,30,19
2020-07-20,Southside,Male,243,30,13
2020-07-20,Southside,Not Reported,4,0,0
2020-07-20,Thomas Jefferson,Female,756,61,14
2020-07-20,Thomas Jefferson,Male,658,55,15
2020-07-20,Thomas Jefferson,Not Reported,0,0,0
2020-07-20,Three Rivers,Female,271,36,9
2020-07-20,Three Rivers,Male,582,25,3
2020-07-20,Three Rivers,Not Reported,20,0,0
2020-07-20,Virginia Beach,Female,1461,72,17
2020-07-20,Virginia Beach,Male,1248,77,20
2020-07-20,Virginia Beach,Not Reported,11,0,0
2020-07-20,West Piedmont,Female,376,43,4
2020-07-20,West Piedmont,Male,319,35,4
2020-07-20,West Piedmont,Not Reported,4,0,0
2020-07-20,Western Tidewater,Female,709,47,30
2020-07-20,Western Tidewater,Male,621,65,38
2020-07-20,Western Tidewater,Not Reported,1,0,0
2020-07-21,Southside,Not Reported,4,0,0
2020-07-21,Chesapeake,Female,1012,99,12
2020-07-21,Richmond,Female,1278,115,9
2020-07-21,Roanoke,Male,306,8,3
2020-07-21,Fairfax,Not Reported,94,2,2
2020-07-21,Thomas Jefferson,Female,766,61,15
2020-07-21,Chesapeake,Not Reported,3,0,0
2020-07-21,Cumberland Plateau,Male,70,8,0
2020-07-21,Eastern Shore,Female,671,62,23
2020-07-21,Lord Fairfax,Not Reported,8,0,0
2020-07-21,Rappahannock,Not Reported,7,1,0
2020-07-21,Central Shenandoah,Not Reported,1,0,0
2020-07-21,Peninsula,Male,949,74,15
2020-07-21,Norfolk,Male,1084,71,12
2020-07-21,Alexandria,Female,1331,119,30
2020-07-21,Lenowisco,Male,63,11,4
2020-07-21,Pittsylvania-Danville,Female,248,33,4
2020-07-21,New River,Not Reported,3,0,0
2020-07-21,Chesterfield,Not Reported,91,0,2
2020-07-21,Loudoun,Male,2316,183,39
2020-07-21,Rappahannock Rapidan,Female,858,51,10
2020-07-21,Piedmont,Female,368,47,5
2020-07-21,Richmond,Male,1302,137,24
2020-07-21,Crater,Female,832,100,29
2020-07-21,Portsmouth,Female,547,58,12
2020-07-21,Arlington,Not Reported,5,0,0
2020-07-21,Mount Rogers,Not Reported,2,0,0
2020-07-21,Thomas Jefferson,Not Reported,0,0,0
2020-07-21,Three Rivers,Not Reported,20,0,0
2020-07-21,Hampton,Male,331,27,3
2020-07-21,Alleghany,Male,323,24,5
2020-07-21,Roanoke,Female,346,7,7
2020-07-21,Loudoun,Not Reported,26,0,0
2020-07-21,Fairfax,Female,7693,772,255
2020-07-21,Western Tidewater,Male,631,65,38
2020-07-21,Peninsula,Not Reported,9,0,0
2020-07-21,New River,Male,185,17,5
2020-07-21,Central Shenandoah,Male,1134,95,24
2020-07-21,Southside,Male,246,30,13
2020-07-21,Chesterfield,Male,1858,106,42
2020-07-21,Arlington,Female,1351,192,66
2020-07-21,Rappahannock,Male,1352,136,27
2020-07-21,Central Virginia,Male,332,11,4
2020-07-21,Alleghany,Not Reported,7,0,0
2020-07-21,Henrico,Male,1413,155,83
2020-07-21,Thomas Jefferson,Male,674,55,15
2020-07-21,Lord Fairfax,Male,1105,110,36
2020-07-21,Three Rivers,Male,587,25,3
2020-07-21,Richmond,Not Reported,43,2,2
2020-07-21,Pittsylvania-Danville,Male,176,23,1
2020-07-21,Portsmouth,Not Reported,3,0,0
2020-07-21,Norfolk,Not Reported,1,0,0
2020-07-21,Chesapeake,Male,775,75,12
2020-07-21,Chickahominy,Female,445,60,20
2020-07-21,Prince William,Male,5071,497,108
2020-07-21,Eastern Shore,Not Reported,9,0,0
2020-07-21,Eastern Shore,Male,658,56,20
2020-07-21,Rappahannock Rapidan,Male,850,75,14
2020-07-21,Henrico,Not Reported,14,0,0
2020-07-21,Cumberland Plateau,Female,73,2,0
2020-07-21,West Piedmont,Male,333,36,5
2020-07-21,Hampton,Not Reported,3,0,0
2020-07-21,Alexandria,Not Reported,8,0,0
2020-07-21,Western Tidewater,Not Reported,1,0,0
2020-07-21,Cumberland Plateau,Not Reported,0,0,0
2020-07-21,Virginia Beach,Male,1298,79,21
2020-07-21,Alleghany,Female,387,13,10
2020-07-21,Lenowisco,Female,70,11,1
2020-07-21,Virginia Beach,Not Reported,11,0,0
2020-07-21,Western Tidewater,Female,731,47,31
2020-07-21,Mount Rogers,Male,455,61,20
2020-07-21,Lord Fairfax,Female,1231,95,46
2020-07-21,Piedmont,Not Reported,4,0,0
2020-07-21,Alexandria,Male,1243,136,26
2020-07-21,Pittsylvania-Danville,Not Reported,4,0,0
2020-07-21,West Piedmont,Not Reported,4,0,0
2020-07-21,Loudoun,Female,2353,141,67
2020-07-21,Hampton,Female,417,16,1
2020-07-21,Henrico,Female,1670,136,94
2020-07-21,Prince William,Not Reported,69,1,0
2020-07-21,Chickahominy,Male,363,56,20
2020-07-21,Rappahannock Rapidan,Not Reported,7,1,1
2020-07-21,Peninsula,Female,1093,75,24
2020-07-21,Lenowisco,Not Reported,0,0,0
2020-07-21,Crater,Not Reported,15,1,0
2020-07-21,Chickahominy,Not Reported,4,0,0
2020-07-21,Portsmouth,Male,496,43,9
2020-07-21,New River,Female,160,8,1
2020-07-21,Rappahannock,Female,1518,121,20
2020-07-21,Central Virginia,Female,338,7,2
2020-07-21,Roanoke,Not Reported,13,0,0
2020-07-21,West Piedmont,Female,398,43,4
2020-07-21,Mount Rogers,Female,527,34,16
2020-07-21,Piedmont,Male,813,67,14
2020-07-21,Chesterfield,Female,1861,111,44
2020-07-21,Fairfax,Male,7334,1039,266
2020-07-21,Crater,Male,1026,90,21
2020-07-21,Central Virginia,Not Reported,0,0,0
2020-07-21,Prince William,Female,5108,391,83
2020-07-21,Virginia Beach,Female,1520,75,17
2020-07-21,Norfolk,Female,1244,74,9
2020-07-21,Three Rivers,Female,279,36,9
2020-07-21,Arlington,Male,1394,239,69
2020-07-21,Central Shenandoah,Female,1308,97,25
2020-07-21,Southside,Female,300,30,19
2020-07-22,Southside,Not Reported,4,0,0
2020-07-22,Chesapeake,Female,1044,100,12
2020-07-22,Richmond,Female,1287,118,9
2020-07-22,Roanoke,Male,311,8,3
2020-07-22,Fairfax,Not Reported,95,2,2
2020-07-22,Thomas Jefferson,Female,779,65,15
2020-07-22,Chesapeake,Not Reported,3,0,0
2020-07-22,Cumberland Plateau,Male,79,8,0
2020-07-22,Eastern Shore,Female,674,63,23
2020-07-22,Lord Fairfax,Not Reported,8,0,0
2020-07-22,Rappahannock,Not Reported,7,1,0
2020-07-22,Central Shenandoah,Not Reported,1,0,0
2020-07-22,Peninsula,Male,977,76,15
2020-07-22,Norfolk,Male,1113,74,12
2020-07-22,Alexandria,Female,1348,120,30
2020-07-22,Lenowisco,Male,63,11,4
2020-07-22,Pittsylvania-Danville,Female,270,33,4
2020-07-22,New River,Not Reported,3,0,0
2020-07-22,Chesterfield,Not Reported,90,0,2
2020-07-22,Loudoun,Male,2338,183,39
2020-07-22,Rappahannock Rapidan,Female,873,51,10
2020-07-22,Piedmont,Female,372,48,5
2020-07-22,Richmond,Male,1312,141,24
2020-07-22,Crater,Female,837,100,29
2020-07-22,Portsmouth,Female,570,60,12
2020-07-22,Arlington,Not Reported,5,0,0
2020-07-22,Mount Rogers,Not Reported,2,0,0
2020-07-22,Thomas Jefferson,Not Reported,0,0,0
2020-07-22,Three Rivers,Not Reported,20,0,0
2020-07-22,Hampton,Male,343,27,3
2020-07-22,Alleghany,Male,330,24,5
2020-07-22,Roanoke,Female,355,7,7
2020-07-22,Loudoun,Not Reported,27,0,0
2020-07-22,Fairfax,Female,7740,771,255
2020-07-22,Western Tidewater,Male,640,65,38
2020-07-22,Peninsula,Not Reported,9,0,0
2020-07-22,New River,Male,187,17,5
2020-07-22,Central Shenandoah,Male,1145,96,24
2020-07-22,Southside,Male,248,30,13
2020-07-22,Chesterfield,Male,1869,106,42
2020-07-22,Arlington,Female,1356,192,66
2020-07-22,Rappahannock,Male,1375,136,28
2020-07-22,Central Virginia,Male,354,11,4
2020-07-22,Alleghany,Not Reported,7,0,0
2020-07-22,Henrico,Male,1420,157,83
2020-07-22,Thomas Jefferson,Male,679,59,15
2020-07-22,Lord Fairfax,Male,1114,110,36
2020-07-22,Three Rivers,Male,592,25,3
2020-07-22,Richmond,Not Reported,44,2,2
2020-07-22,Pittsylvania-Danville,Male,187,23,1
2020-07-22,Portsmouth,Not Reported,3,0,0
2020-07-22,Norfolk,Not Reported,1,0,0
2020-07-22,Chesapeake,Male,803,76,12
2020-07-22,Chickahominy,Female,445,60,20
2020-07-22,Prince William,Male,5088,509,109
2020-07-22,Eastern Shore,Not Reported,9,0,0
2020-07-22,Eastern Shore,Male,659,57,20
2020-07-22,Rappahannock Rapidan,Male,857,76,14
2020-07-22,Henrico,Not Reported,15,1,0
2020-07-22,Cumberland Plateau,Female,81,2,0
2020-07-22,West Piedmont,Male,341,38,5
2020-07-22,Hampton,Not Reported,3,0,0
2020-07-22,Alexandria,Not Reported,8,0,0
2020-07-22,Western Tidewater,Not Reported,1,0,0
2020-07-22,Cumberland Plateau,Not Reported,0,0,0
2020-07-22,Virginia Beach,Male,1361,86,21
2020-07-22,Alleghany,Female,396,13,10
2020-07-22,Lenowisco,Female,82,11,1
2020-07-22,Virginia Beach,Not Reported,11,0,0
2020-07-22,Western Tidewater,Female,745,48,31
2020-07-22,Mount Rogers,Male,460,62,21
2020-07-22,Lord Fairfax,Female,1248,95,46
2020-07-22,Piedmont,Not Reported,4,0,0
2020-07-22,Alexandria,Male,1262,136,26
2020-07-22,Pittsylvania-Danville,Not Reported,5,0,0
2020-07-22,West Piedmont,Not Reported,5,0,0
2020-07-22,Loudoun,Female,2373,141,67
2020-07-22,Hampton,Female,426,16,1
2020-07-22,Henrico,Female,1677,137,94
2020-07-22,Prince William,Not Reported,68,1,0
2020-07-22,Chickahominy,Male,367,57,20
2020-07-22,Rappahannock Rapidan,Not Reported,2,1,1
2020-07-22,Peninsula,Female,1118,75,24
2020-07-22,Lenowisco,Not Reported,0,0,0
2020-07-22,Crater,Not Reported,15,1,0
2020-07-22,Chickahominy,Not Reported,4,0,0
2020-07-22,Portsmouth,Male,512,43,9
2020-07-22,New River,Female,161,8,1
2020-07-22,Rappahannock,Female,1541,123,20
2020-07-22,Central Virginia,Female,357,7,2
2020-07-22,Roanoke,Not Reported,13,0,0
2020-07-22,West Piedmont,Female,411,47,4
2020-07-22,Mount Rogers,Female,535,35,16
2020-07-22,Piedmont,Male,816,67,14
2020-07-22,Chesterfield,Female,1878,112,44
2020-07-22,Fairfax,Male,7371,1039,266
2020-07-22,Crater,Male,1035,91,21
2020-07-22,Central Virginia,Not Reported,0,0,0
2020-07-22,Prince William,Female,5131,399,83
2020-07-22,Virginia Beach,Female,1596,84,18
2020-07-22,Norfolk,Female,1275,75,8
2020-07-22,Three Rivers,Female,285,36,9
2020-07-22,Arlington,Male,1402,239,69
2020-07-22,Central Shenandoah,Female,1323,97,25
2020-07-22,Southside,Female,302,30,19
2020-07-23,Southside,Not Reported,4,0,0
2020-07-23,Chesapeake,Female,1051,103,12
2020-07-23,Richmond,Female,1303,120,9
2020-07-23,Roanoke,Male,316,8,3
2020-07-23,Fairfax,Not Reported,95,2,1
2020-07-23,Thomas Jefferson,Female,798,67,15
2020-07-23,Chesapeake,Not Reported,3,0,0
2020-07-23,Cumberland Plateau,Male,81,8,0
2020-07-23,Eastern Shore,Female,679,63,23
2020-07-23,Lord Fairfax,Not Reported,8,0,0
2020-07-23,Rappahannock,Not Reported,7,1,0
2020-07-23,Central Shenandoah,Not Reported,1,0,0
2020-07-23,Peninsula,Male,996,79,15
2020-07-23,Norfolk,Male,1162,76,12
2020-07-23,Alexandria,Female,1358,120,30
2020-07-23,Lenowisco,Male,69,12,4
2020-07-23,Pittsylvania-Danville,Female,284,34,4
2020-07-23,New River,Not Reported,3,0,0
2020-07-23,Chesterfield,Not Reported,90,0,1
2020-07-23,Loudoun,Male,2349,184,39
2020-07-23,Rappahannock Rapidan,Female,876,51,10
2020-07-23,Piedmont,Female,378,49,5
2020-07-23,Richmond,Male,1324,141,24
2020-07-23,Crater,Female,852,100,29
2020-07-23,Portsmouth,Female,580,61,12
2020-07-23,Arlington,Not Reported,5,0,0
2020-07-23,Mount Rogers,Not Reported,2,0,0
2020-07-23,Thomas Jefferson,Not Reported,0,0,0
2020-07-23,Three Rivers,Not Reported,20,0,0
2020-07-23,Hampton,Male,349,30,3
2020-07-23,Alleghany,Male,333,24,5
2020-07-23,Roanoke,Female,355,7,7
2020-07-23,Loudoun,Not Reported,26,0,0
2020-07-23,Fairfax,Female,7766,773,256
2020-07-23,Western Tidewater,Male,656,67,38
2020-07-23,Peninsula,Not Reported,9,0,0
2020-07-23,New River,Male,191,17,5
2020-07-23,Central Shenandoah,Male,1155,98,24
2020-07-23,Southside,Male,251,31,13
2020-07-23,Chesterfield,Male,1889,110,43
2020-07-23,Arlington,Female,1365,192,66
2020-07-23,Rappahannock,Male,1388,137,28
2020-07-23,Central Virginia,Male,355,11,4
2020-07-23,Alleghany,Not Reported,7,0,0
2020-07-23,Henrico,Male,1434,159,83
2020-07-23,Thomas Jefferson,Male,707,62,15
2020-07-23,Lord Fairfax,Male,1113,110,36
2020-07-23,Three Rivers,Male,593,27,3
2020-07-23,Richmond,Not Reported,43,2,2
2020-07-23,Pittsylvania-Danville,Male,193,23,1
2020-07-23,Portsmouth,Not Reported,3,0,0
2020-07-23,Norfolk,Not Reported,2,0,0
2020-07-23,Chesapeake,Male,813,76,12
2020-07-23,Chickahominy,Female,452,60,20
2020-07-23,Prince William,Male,5110,518,109
2020-07-23,Eastern Shore,Not Reported,9,0,0
2020-07-23,Eastern Shore,Male,660,57,20
2020-07-23,Rappahannock Rapidan,Male,864,77,14
2020-07-23,Henrico,Not Reported,15,1,0
2020-07-23,Cumberland Plateau,Female,83,2,0
2020-07-23,West Piedmont,Male,345,38,6
2020-07-23,Hampton,Not Reported,3,0,0
2020-07-23,Alexandria,Not Reported,8,0,0
2020-07-23,Western Tidewater,Not Reported,1,0,0
2020-07-23,Cumberland Plateau,Not Reported,0,0,0
2020-07-23,Virginia Beach,Male,1393,88,21
2020-07-23,Alleghany,Female,402,13,10
2020-07-23,Lenowisco,Female,88,11,1
2020-07-23,Virginia Beach,Not Reported,11,0,0
2020-07-23,Western Tidewater,Female,770,50,31
2020-07-23,Mount Rogers,Male,465,62,21
2020-07-23,Lord Fairfax,Female,1251,97,46
2020-07-23,Piedmont,Not Reported,4,0,0
2020-07-23,Alexandria,Male,1273,136,26
2020-07-23,Pittsylvania-Danville,Not Reported,5,0,0
2020-07-23,West Piedmont,Not Reported,5,0,0
2020-07-23,Loudoun,Female,2383,141,67
2020-07-23,Hampton,Female,434,16,1
2020-07-23,Henrico,Female,1690,140,94
2020-07-23,Prince William,Not Reported,68,1,0
2020-07-23,Chickahominy,Male,370,58,20
2020-07-23,Rappahannock Rapidan,Not Reported,1,1,1
2020-07-23,Peninsula,Female,1146,77,24
2020-07-23,Lenowisco,Not Reported,0,0,0
2020-07-23,Crater,Not Reported,17,1,0
2020-07-23,Chickahominy,Not Reported,4,0,0
2020-07-23,Portsmouth,Male,532,46,9
2020-07-23,New River,Female,165,8,1
2020-07-23,Rappahannock,Female,1566,127,21
2020-07-23,Central Virginia,Female,363,7,2
2020-07-23,Roanoke,Not Reported,13,0,0
2020-07-23,West Piedmont,Female,418,47,4
2020-07-23,Mount Rogers,Female,548,36,16
2020-07-23,Piedmont,Male,816,67,14
2020-07-23,Chesterfield,Female,1906,115,44
2020-07-23,Fairfax,Male,7394,1041,267
2020-07-23,Crater,Male,1045,91,21
2020-07-23,Central Virginia,Not Reported,0,0,0
2020-07-23,Prince William,Female,5175,405,83
2020-07-23,Virginia Beach,Female,1626,86,18
2020-07-23,Norfolk,Female,1325,76,8
2020-07-23,Three Rivers,Female,287,36,9
2020-07-23,Arlington,Male,1406,239,69
2020-07-23,Central Shenandoah,Female,1328,99,25
2020-07-23,Southside,Female,304,31,19
2020-07-24,Southside,Not Reported,4,0,0
2020-07-24,Chesapeake,Female,1106,103,12
2020-07-24,Richmond,Female,1310,122,9
2020-07-24,Roanoke,Male,319,8,3
2020-07-24,Fairfax,Not Reported,95,2,1
2020-07-24,Thomas Jefferson,Female,825,67,15
2020-07-24,Chesapeake,Not Reported,3,0,0
2020-07-24,Cumberland Plateau,Male,84,8,1
2020-07-24,Eastern Shore,Female,680,63,23
2020-07-24,Lord Fairfax,Not Reported,8,0,0
2020-07-24,Rappahannock,Not Reported,6,1,0
2020-07-24,Central Shenandoah,Not Reported,2,0,0
2020-07-24,Peninsula,Male,1029,79,15
2020-07-24,Norfolk,Male,1199,78,12
2020-07-24,Alexandria,Female,1371,123,30
2020-07-24,Lenowisco,Male,74,12,5
2020-07-24,Pittsylvania-Danville,Female,287,34,4
2020-07-24,New River,Not Reported,3,0,0
2020-07-24,Chesterfield,Not Reported,92,0,0
2020-07-24,Loudoun,Male,2351,184,39
2020-07-24,Rappahannock Rapidan,Female,882,52,10
2020-07-24,Piedmont,Female,380,49,5
2020-07-24,Richmond,Male,1333,141,25
2020-07-24,Crater,Female,870,101,29
2020-07-24,Portsmouth,Female,607,61,12
2020-07-24,Arlington,Not Reported,5,0,0
2020-07-24,Mount Rogers,Not Reported,2,0,0
2020-07-24,Thomas Jefferson,Not Reported,0,0,0
2020-07-24,Three Rivers,Not Reported,20,0,0
2020-07-24,Hampton,Male,363,32,3
2020-07-24,Alleghany,Male,341,24,5
2020-07-24,Roanoke,Female,358,7,7
2020-07-24,Loudoun,Not Reported,25,0,0
2020-07-24,Fairfax,Female,7817,785,256
2020-07-24,Western Tidewater,Male,678,68,38
2020-07-24,Peninsula,Not Reported,9,0,0
2020-07-24,New River,Male,192,17,5
2020-07-24,Central Shenandoah,Male,1166,99,25
2020-07-24,Southside,Male,258,31,13
2020-07-24,Chesterfield,Male,1914,111,44
2020-07-24,Arlington,Female,1368,192,66
2020-07-24,Rappahannock,Male,1395,138,28
2020-07-24,Central Virginia,Male,361,11,4
2020-07-24,Alleghany,Not Reported,7,0,0
2020-07-24,Henrico,Male,1464,160,83
2020-07-24,Thomas Jefferson,Male,726,62,15
2020-07-24,Lord Fairfax,Male,1129,110,36
2020-07-24,Three Rivers,Male,598,27,3
2020-07-24,Richmond,Not Reported,43,2,2
2020-07-24,Pittsylvania-Danville,Male,195,23,1
2020-07-24,Portsmouth,Not Reported,3,0,0
2020-07-24,Norfolk,Not Reported,2,0,0
2020-07-24,Chesapeake,Male,844,77,12
2020-07-24,Chickahominy,Female,456,60,20
2020-07-24,Prince William,Male,5139,522,110
2020-07-24,Eastern Shore,Not Reported,9,0,0
2020-07-24,Eastern Shore,Male,662,58,20
2020-07-24,Rappahannock Rapidan,Male,866,77,14
2020-07-24,Henrico,Not Reported,13,1,0
2020-07-24,Cumberland Plateau,Female,85,2,0
2020-07-24,West Piedmont,Male,354,38,6
2020-07-24,Hampton,Not Reported,3,0,0
2020-07-24,Alexandria,Not Reported,8,0,0
2020-07-24,Western Tidewater,Not Reported,1,0,0
2020-07-24,Cumberland Plateau,Not Reported,0,0,0
2020-07-24,Virginia Beach,Male,1442,89,21
2020-07-24,Alleghany,Female,407,13,10
2020-07-24,Lenowisco,Female,90,11,1
2020-07-24,Virginia Beach,Not Reported,11,0,0
2020-07-24,Western Tidewater,Female,798,52,31
2020-07-24,Mount Rogers,Male,486,63,23
2020-07-24,Lord Fairfax,Female,1258,97,46
2020-07-24,Piedmont,Not Reported,4,0,0
2020-07-24,Alexandria,Male,1283,139,26
2020-07-24,Pittsylvania-Danville,Not Reported,5,0,0
2020-07-24,West Piedmont,Not Reported,5,0,0
2020-07-24,Loudoun,Female,2393,142,67
2020-07-24,Hampton,Female,456,16,1
2020-07-24,Henrico,Female,1713,139,94
2020-07-24,Prince William,Not Reported,68,1,0
2020-07-24,Chickahominy,Male,378,58,20
2020-07-24,Rappahannock Rapidan,Not Reported,1,1,1
2020-07-24,Peninsula,Female,1193,77,24
2020-07-24,Lenowisco,Not Reported,0,0,0
2020-07-24,Crater,Not Reported,17,1,0
2020-07-24,Chickahominy,Not Reported,4,0,0
2020-07-24,Portsmouth,Male,555,46,9
2020-07-24,New River,Female,168,8,1
2020-07-24,Rappahannock,Female,1572,127,21
2020-07-24,Central Virginia,Female,377,8,2
2020-07-24,Roanoke,Not Reported,13,0,0
2020-07-24,West Piedmont,Female,436,48,4
2020-07-24,Mount Rogers,Female,569,36,16
2020-07-24,Piedmont,Male,816,67,14
2020-07-24,Chesterfield,Female,1948,116,45
2020-07-24,Fairfax,Male,7447,1070,269
2020-07-24,Crater,Male,1054,92,21
2020-07-24,Central Virginia,Not Reported,0,0,0
2020-07-24,Prince William,Female,5204,405,84
2020-07-24,Virginia Beach,Female,1666,88,20
2020-07-24,Norfolk,Female,1381,77,8
2020-07-24,Three Rivers,Female,291,36,9
2020-07-24,Arlington,Male,1410,239,69
2020-07-24,Central Shenandoah,Female,1337,100,25
2020-07-24,Southside,Female,309,31,19
2020-07-26,Southside,Not Reported,4,0,0
2020-07-26,Chesapeake,Female,1214,104,12
2020-07-26,Richmond,Female,1329,122,9
2020-07-26,Roanoke,Male,335,9,3
2020-07-26,Fairfax,Not Reported,95,2,1
2020-07-26,Thomas Jefferson,Female,853,67,15
2020-07-26,Chesapeake,Not Reported,3,0,0
2020-07-26,Cumberland Plateau,Male,92,9,1
2020-07-26,Eastern Shore,Female,682,63,23
2020-07-26,Lord Fairfax,Not Reported,8,0,0
2020-07-26,Rappahannock,Not Reported,7,1,0
2020-07-26,Central Shenandoah,Not Reported,2,0,0
2020-07-26,Peninsula,Male,1082,81,16
2020-07-26,Norfolk,Male,1284,80,12
2020-07-26,Alexandria,Female,1389,123,30
2020-07-26,Lenowisco,Male,82,14,5
2020-07-26,Pittsylvania-Danville,Female,302,34,4
2020-07-26,New River,Not Reported,3,0,0
2020-07-26,Chesterfield,Not Reported,93,0,0
2020-07-26,Loudoun,Male,2378,183,39
2020-07-26,Rappahannock Rapidan,Female,893,52,10
2020-07-26,Piedmont,Female,387,49,5
2020-07-26,Richmond,Male,1340,141,25
2020-07-26,Crater,Female,895,103,29
2020-07-26,Portsmouth,Female,666,62,12
2020-07-26,Arlington,Not Reported,4,0,0
2020-07-26,Mount Rogers,Not Reported,2,0,0
2020-07-26,Thomas Jefferson,Not Reported,0,0,0
2020-07-26,Three Rivers,Not Reported,20,0,0
2020-07-26,Hampton,Male,380,32,3
2020-07-26,Alleghany,Male,350,24,5
2020-07-26,Roanoke,Female,375,7,7
2020-07-26,Loudoun,Not Reported,25,0,0
2020-07-26,Fairfax,Female,7857,793,257
2020-07-26,Western Tidewater,Male,701,68,38
2020-07-26,Peninsula,Not Reported,11,0,0
2020-07-26,New River,Male,203,18,5
2020-07-26,Central Shenandoah,Male,1181,99,25
2020-07-26,Southside,Male,269,31,13
2020-07-26,Chesterfield,Male,1947,117,44
2020-07-26,Arlington,Female,1381,192,66
2020-07-26,Rappahannock,Male,1413,143,29
2020-07-26,Central Virginia,Male,383,11,4
2020-07-26,Alleghany,Not Reported,7,0,0
2020-07-26,Henrico,Male,1537,160,83
2020-07-26,Thomas Jefferson,Male,747,62,15
2020-07-26,Lord Fairfax,Male,1143,112,36
2020-07-26,Three Rivers,Male,609,29,4
2020-07-26,Richmond,Not Reported,43,2,2
2020-07-26,Pittsylvania-Danville,Male,210,23,1
2020-07-26,Portsmouth,Not Reported,3,0,0
2020-07-26,Norfolk,Not Reported,2,0,0
2020-07-26,Chesapeake,Male,934,79,13
2020-07-26,Chickahominy,Female,466,63,20
2020-07-26,Prince William,Male,5184,522,110
2020-07-26,Eastern Shore,Not Reported,9,0,0
2020-07-26,Eastern Shore,Male,665,58,20
2020-07-26,Rappahannock Rapidan,Male,870,77,14
2020-07-26,Henrico,Not Reported,16,1,0
2020-07-26,Cumberland Plateau,Female,98,3,0
2020-07-26,West Piedmont,Male,364,39,7
2020-07-26,Hampton,Not Reported,3,0,0
2020-07-26,Alexandria,Not Reported,8,0,0
2020-07-26,Western Tidewater,Not Reported,1,0,0
2020-07-26,Cumberland Plateau,Not Reported,0,0,0
2020-07-26,Virginia Beach,Male,1630,91,23
2020-07-26,Alleghany,Female,418,13,10
2020-07-26,Lenowisco,Female,100,12,1
2020-07-26,Virginia Beach,Not Reported,15,0,0
2020-07-26,Western Tidewater,Female,848,52,31
2020-07-26,Mount Rogers,Male,516,66,23
2020-07-26,Lord Fairfax,Female,1266,97,46
2020-07-26,Piedmont,Not Reported,4,0,0
2020-07-26,Alexandria,Male,1298,142,27
2020-07-26,Pittsylvania-Danville,Not Reported,5,0,0
2020-07-26,West Piedmont,Not Reported,5,0,0
2020-07-26,Loudoun,Female,2417,142,67
2020-07-26,Hampton,Female,490,16,1
2020-07-26,Henrico,Female,1737,140,95
2020-07-26,Prince William,Not Reported,69,1,0
2020-07-26,Chickahominy,Male,389,59,20
2020-07-26,Rappahannock Rapidan,Not Reported,1,1,1
2020-07-26,Peninsula,Female,1241,77,24
2020-07-26,Lenowisco,Not Reported,0,0,0
2020-07-26,Crater,Not Reported,21,1,0
2020-07-26,Chickahominy,Not Reported,4,0,0
2020-07-26,Portsmouth,Male,598,47,9
2020-07-26,New River,Female,173,8,1
2020-07-26,Rappahannock,Female,1596,130,21
2020-07-26,Central Virginia,Female,414,8,2
2020-07-26,Roanoke,Not Reported,14,0,0
2020-07-26,West Piedmont,Female,454,51,4
2020-07-26,Mount Rogers,Female,592,38,16
2020-07-26,Piedmont,Male,836,67,14
2020-07-26,Chesterfield,Female,1973,117,45
2020-07-26,Fairfax,Male,7481,1076,270
2020-07-26,Crater,Male,1068,93,21
2020-07-26,Central Virginia,Not Reported,0,0,0
2020-07-26,Prince William,Female,5255,407,84
2020-07-26,Virginia Beach,Female,1903,92,20
2020-07-26,Norfolk,Female,1485,77,8
2020-07-26,Three Rivers,Female,306,38,9
2020-07-26,Arlington,Male,1422,239,69
2020-07-26,Central Shenandoah,Female,1366,100,25
2020-07-26,Southside,Female,318,31,19
2020-07-27,Southside,Not Reported,4,0,0
2020-07-27,Chesapeake,Female,1261,105,12
2020-07-27,Richmond,Female,1358,123,9
2020-07-27,Roanoke,Male,344,9,3
2020-07-27,Fairfax,Not Reported,96,2,1
2020-07-27,Thomas Jefferson,Female,875,69,15
2020-07-27,Chesapeake,Not Reported,3,0,0
2020-07-27,Cumberland Plateau,Male,97,10,1
2020-07-27,Eastern Shore,Female,684,63,23
2020-07-27,Lord Fairfax,Not Reported,8,0,0
2020-07-27,Rappahannock,Not Reported,7,1,0
2020-07-27,Central Shenandoah,Not Reported,2,0,0
2020-07-27,Peninsula,Male,1116,81,16
2020-07-27,Norfolk,Male,1289,80,12
2020-07-27,Alexandria,Female,1408,124,30
2020-07-27,Lenowisco,Male,93,16,5
2020-07-27,Pittsylvania-Danville,Female,331,34,4
2020-07-27,New River,Not Reported,5,0,0
2020-07-27,Chesterfield,Not Reported,97,0,0
2020-07-27,Loudoun,Male,2426,185,39
2020-07-27,Rappahannock Rapidan,Female,907,52,10
2020-07-27,Piedmont,Female,387,49,5
2020-07-27,Richmond,Male,1361,141,25
2020-07-27,Crater,Female,923,103,29
2020-07-27,Portsmouth,Female,676,62,12
2020-07-27,Arlington,Not Reported,4,0,0
2020-07-27,Mount Rogers,Not Reported,2,0,0
2020-07-27,Thomas Jefferson,Not Reported,1,0,0
2020-07-27,Three Rivers,Not Reported,20,0,0
2020-07-27,Hampton,Male,397,32,3
2020-07-27,Alleghany,Male,361,24,5
2020-07-27,Roanoke,Female,379,7,7
2020-07-27,Loudoun,Not Reported,24,0,0
2020-07-27,Fairfax,Female,7926,794,258
2020-07-27,Western Tidewater,Male,721,70,38
2020-07-27,Peninsula,Not Reported,11,0,0
2020-07-27,New River,Male,214,20,5
2020-07-27,Central Shenandoah,Male,1188,99,25
2020-07-27,Southside,Male,274,31,13
2020-07-27,Chesterfield,Male,1963,119,45
2020-07-27,Arlington,Female,1389,192,66
2020-07-27,Rappahannock,Male,1437,149,29
2020-07-27,Central Virginia,Male,411,11,4
2020-07-27,Alleghany,Not Reported,7,0,0
2020-07-27,Henrico,Male,1584,161,83
2020-07-27,Thomas Jefferson,Male,772,64,15
2020-07-27,Lord Fairfax,Male,1146,113,36
2020-07-27,Three Rivers,Male,610,29,4
2020-07-27,Richmond,Not Reported,43,2,2
2020-07-27,Pittsylvania-Danville,Male,224,23,1
2020-07-27,Portsmouth,Not Reported,3,0,0
2020-07-27,Norfolk,Not Reported,2,0,0
2020-07-27,Chesapeake,Male,982,86,13
2020-07-27,Chickahominy,Female,476,63,20
2020-07-27,Prince William,Male,5237,522,110
2020-07-27,Eastern Shore,Not Reported,9,0,0
2020-07-27,Eastern Shore,Male,669,58,20
2020-07-27,Rappahannock Rapidan,Male,881,77,15
2020-07-27,Henrico,Not Reported,17,1,0
2020-07-27,Cumberland Plateau,Female,101,3,0
2020-07-27,West Piedmont,Male,364,39,7
2020-07-27,Hampton,Not Reported,3,0,0
2020-07-27,Alexandria,Not Reported,8,0,0
2020-07-27,Western Tidewater,Not Reported,1,0,0
2020-07-27,Cumberland Plateau,Not Reported,0,0,0
2020-07-27,Virginia Beach,Male,1719,95,23
2020-07-27,Alleghany,Female,425,13,10
2020-07-27,Lenowisco,Female,105,12,1
2020-07-27,Virginia Beach,Not Reported,15,0,0
2020-07-27,Western Tidewater,Female,876,59,31
2020-07-27,Mount Rogers,Male,521,66,23
2020-07-27,Lord Fairfax,Female,1273,97,46
2020-07-27,Piedmont,Not Reported,4,0,0
2020-07-27,Alexandria,Male,1319,142,27
2020-07-27,Pittsylvania-Danville,Not Reported,5,0,0
2020-07-27,West Piedmont,Not Reported,5,0,0
2020-07-27,Loudoun,Female,2464,142,67
2020-07-27,Hampton,Female,516,16,1
2020-07-27,Henrico,Female,1770,141,95
2020-07-27,Prince William,Not Reported,70,1,0
2020-07-27,Chickahominy,Male,395,59,20
2020-07-27,Rappahannock Rapidan,Not Reported,1,1,1
2020-07-27,Peninsula,Female,1277,77,24
2020-07-27,Lenowisco,Not Reported,0,0,0
2020-07-27,Crater,Not Reported,21,1,0
2020-07-27,Chickahominy,Not Reported,4,0,0
2020-07-27,Portsmouth,Male,612,47,9
2020-07-27,New River,Female,183,8,1
2020-07-27,Rappahannock,Female,1620,132,21
2020-07-27,Central Virginia,Female,445,8,2
2020-07-27,Roanoke,Not Reported,14,0,0
2020-07-27,West Piedmont,Female,454,51,4
2020-07-27,Mount Rogers,Female,600,38,16
2020-07-27,Piedmont,Male,836,67,14
2020-07-27,Chesterfield,Female,1991,117,45
2020-07-27,Fairfax,Male,7564,1079,271
2020-07-27,Crater,Male,1080,94,21
2020-07-27,Central Virginia,Not Reported,0,0,0
2020-07-27,Prince William,Female,5334,408,84
2020-07-27,Virginia Beach,Female,2008,93,20
2020-07-27,Norfolk,Female,1488,78,8
2020-07-27,Three Rivers,Female,309,37,9
2020-07-27,Arlington,Male,1430,239,69
2020-07-27,Central Shenandoah,Female,1381,100,25
2020-07-27,Southside,Female,319,31,19
2020-07-28,Southside,Not Reported,4,0,0
2020-07-28,Chesapeake,Female,1275,107,12
2020-07-28,Richmond,Female,1375,123,9
2020-07-28,Roanoke,Male,345,9,3
2020-07-28,Fairfax,Not Reported,88,1,1
2020-07-28,Thomas Jefferson,Female,885,69,15
2020-07-28,Chesapeake,Not Reported,2,0,0
2020-07-28,Cumberland Plateau,Male,102,10,1
2020-07-28,Eastern Shore,Female,686,63,23
2020-07-28,Lord Fairfax,Not Reported,7,0,0
2020-07-28,Rappahannock,Not Reported,7,1,0
2020-07-28,Central Shenandoah,Not Reported,3,0,0
2020-07-28,Peninsula,Male,1130,81,16
2020-07-28,Norfolk,Male,1309,82,12
2020-07-28,Alexandria,Female,1419,124,30
2020-07-28,Lenowisco,Male,95,16,5
2020-07-28,Pittsylvania-Danville,Female,331,35,4
2020-07-28,New River,Not Reported,5,0,0
2020-07-28,Chesterfield,Not Reported,92,0,0
2020-07-28,Loudoun,Male,2438,186,40
2020-07-28,Rappahannock Rapidan,Female,914,52,10
2020-07-28,Piedmont,Female,402,49,5
2020-07-28,Richmond,Male,1379,141,26
2020-07-28,Crater,Female,941,105,30
2020-07-28,Portsmouth,Female,723,63,12
2020-07-28,Arlington,Not Reported,3,0,0
2020-07-28,Mount Rogers,Not Reported,2,0,0
2020-07-28,Thomas Jefferson,Not Reported,1,0,0
2020-07-28,Three Rivers,Not Reported,21,0,0
2020-07-28,Hampton,Male,407,32,3
2020-07-28,Alleghany,Male,361,24,5
2020-07-28,Roanoke,Female,380,7,7
2020-07-28,Loudoun,Not Reported,25,0,0
2020-07-28,Fairfax,Female,7958,799,260
2020-07-28,Western Tidewater,Male,737,70,39
2020-07-28,Peninsula,Not Reported,10,0,0
2020-07-28,New River,Male,217,20,5
2020-07-28,Central Shenandoah,Male,1198,99,25
2020-07-28,Southside,Male,279,31,13
2020-07-28,Chesterfield,Male,1987,121,45
2020-07-28,Arlington,Female,1399,192,66
2020-07-28,Rappahannock,Male,1448,149,29
2020-07-28,Central Virginia,Male,426,12,4
2020-07-28,Alleghany,Not Reported,7,0,0
2020-07-28,Henrico,Male,1629,161,83
2020-07-28,Thomas Jefferson,Male,777,64,15
2020-07-28,Lord Fairfax,Male,1146,113,36
2020-07-28,Three Rivers,Male,615,29,4
2020-07-28,Richmond,Not Reported,40,2,2
2020-07-28,Pittsylvania-Danville,Male,225,23,1
2020-07-28,Portsmouth,Not Reported,3,0,0
2020-07-28,Norfolk,Not Reported,2,0,0
2020-07-28,Chesapeake,Male,999,88,14
2020-07-28,Chickahominy,Female,480,63,20
2020-07-28,Prince William,Male,5276,523,110
2020-07-28,Eastern Shore,Not Reported,9,0,0
2020-07-28,Eastern Shore,Male,672,58,20
2020-07-28,Rappahannock Rapidan,Male,885,78,16
2020-07-28,Henrico,Not Reported,13,0,0
2020-07-28,Cumberland Plateau,Female,107,3,0
2020-07-28,West Piedmont,Male,379,42,7
2020-07-28,Hampton,Not Reported,3,0,0
2020-07-28,Alexandria,Not Reported,7,0,0
2020-07-28,Western Tidewater,Not Reported,1,0,0
2020-07-28,Cumberland Plateau,Not Reported,0,0,0
2020-07-28,Virginia Beach,Male,1736,97,23
2020-07-28,Alleghany,Female,425,13,10
2020-07-28,Lenowisco,Female,106,12,1
2020-07-28,Virginia Beach,Not Reported,13,0,0
2020-07-28,Western Tidewater,Female,893,59,33
2020-07-28,Mount Rogers,Male,526,66,24
2020-07-28,Lord Fairfax,Female,1278,97,46
2020-07-28,Piedmont,Not Reported,5,0,0
2020-07-28,Alexandria,Male,1323,142,27
2020-07-28,Pittsylvania-Danville,Not Reported,5,0,0
2020-07-28,West Piedmont,Not Reported,4,0,0
2020-07-28,Loudoun,Female,2476,142,68
2020-07-28,Hampton,Female,528,16,1
2020-07-28,Henrico,Female,1794,143,95
2020-07-28,Prince William,Not Reported,72,1,0
2020-07-28,Chickahominy,Male,397,60,21
2020-07-28,Rappahannock Rapidan,Not Reported,0,0,0
2020-07-28,Peninsula,Female,1293,77,24
2020-07-28,Lenowisco,Not Reported,0,0,0
2020-07-28,Crater,Not Reported,20,1,0
2020-07-28,Chickahominy,Not Reported,3,0,0
2020-07-28,Portsmouth,Male,641,48,9
2020-07-28,New River,Female,185,8,1
2020-07-28,Rappahannock,Female,1644,132,21
2020-07-28,Central Virginia,Female,464,9,2
2020-07-28,Roanoke,Not Reported,14,0,0
2020-07-28,West Piedmont,Female,480,54,4
2020-07-28,Mount Rogers,Female,603,38,16
2020-07-28,Piedmont,Male,871,67,14
2020-07-28,Chesterfield,Female,2008,117,45
2020-07-28,Fairfax,Male,7593,1078,271
2020-07-28,Crater,Male,1096,95,22
2020-07-28,Central Virginia,Not Reported,0,0,0
2020-07-28,Prince William,Female,5387,410,84
2020-07-28,Virginia Beach,Female,2039,94,20
2020-07-28,Norfolk,Female,1503,80,8
2020-07-28,Three Rivers,Female,320,37,9
2020-07-28,Arlington,Male,1441,239,69
2020-07-28,Central Shenandoah,Female,1393,103,25
2020-07-28,Southside,Female,324,31,19
2020-07-29,Southside,Not Reported,4,0,0
2020-07-29,Chesapeake,Female,1323,107,13
2020-07-29,Richmond,Female,1397,125,11
2020-07-29,Roanoke,Male,360,10,3
2020-07-29,Fairfax,Not Reported,88,1,1
2020-07-29,Thomas Jefferson,Female,889,70,15
2020-07-29,Chesapeake,Not Reported,2,0,0
2020-07-29,Cumberland Plateau,Male,108,12,1
2020-07-29,Eastern Shore,Female,686,64,23
2020-07-29,Lord Fairfax,Not Reported,7,0,0
2020-07-29,Rappahannock,Not Reported,9,1,0
2020-07-29,Central Shenandoah,Not Reported,3,0,0
2020-07-29,Peninsula,Male,1149,81,16
2020-07-29,Norfolk,Male,1375,82,12
2020-07-29,Alexandria,Female,1423,124,30
2020-07-29,Lenowisco,Male,99,16,5
2020-07-29,Pittsylvania-Danville,Female,338,35,5
2020-07-29,New River,Not Reported,5,0,0
2020-07-29,Chesterfield,Not Reported,92,0,0
2020-07-29,Loudoun,Male,2450,186,40
2020-07-29,Rappahannock Rapidan,Female,915,52,10
2020-07-29,Piedmont,Female,403,49,6
2020-07-29,Richmond,Male,1392,143,26
2020-07-29,Crater,Female,948,105,32
2020-07-29,Portsmouth,Female,739,65,12
2020-07-29,Arlington,Not Reported,4,0,0
2020-07-29,Mount Rogers,Not Reported,3,0,0
2020-07-29,Thomas Jefferson,Not Reported,1,0,0
2020-07-29,Three Rivers,Not Reported,21,0,0
2020-07-29,Hampton,Male,419,32,3
2020-07-29,Alleghany,Male,368,24,6
2020-07-29,Roanoke,Female,406,7,7
2020-07-29,Loudoun,Not Reported,27,0,0
2020-07-29,Fairfax,Female,7988,803,260
2020-07-29,Western Tidewater,Male,751,70,41
2020-07-29,Peninsula,Not Reported,10,0,0
2020-07-29,New River,Male,220,21,5
2020-07-29,Central Shenandoah,Male,1205,99,26
2020-07-29,Southside,Male,287,31,14
2020-07-29,Chesterfield,Male,2000,122,48
2020-07-29,Arlington,Female,1405,192,66
2020-07-29,Rappahannock,Male,1462,149,29
2020-07-29,Central Virginia,Male,451,14,6
2020-07-29,Alleghany,Not Reported,8,0,0
2020-07-29,Henrico,Male,1639,162,83
2020-07-29,Thomas Jefferson,Male,779,65,15
2020-07-29,Lord Fairfax,Male,1148,113,36
2020-07-29,Three Rivers,Male,615,29,6
2020-07-29,Richmond,Not Reported,42,2,2
2020-07-29,Pittsylvania-Danville,Male,231,23,1
2020-07-29,Portsmouth,Not Reported,3,0,0
2020-07-29,Norfolk,Not Reported,2,0,0
2020-07-29,Chesapeake,Male,1023,92,14
2020-07-29,Chickahominy,Female,482,63,20
2020-07-29,Prince William,Male,5307,524,110
2020-07-29,Eastern Shore,Not Reported,9,0,0
2020-07-29,Eastern Shore,Male,674,58,20
2020-07-29,Rappahannock Rapidan,Male,890,78,16
2020-07-29,Henrico,Not Reported,14,0,0
2020-07-29,Cumberland Plateau,Female,116,3,0
2020-07-29,West Piedmont,Male,382,42,8
2020-07-29,Hampton,Not Reported,3,0,0
2020-07-29,Alexandria,Not Reported,8,0,0
2020-07-29,Western Tidewater,Not Reported,1,0,0
2020-07-29,Cumberland Plateau,Not Reported,0,0,0
2020-07-29,Virginia Beach,Male,1788,98,23
2020-07-29,Alleghany,Female,430,13,10
2020-07-29,Lenowisco,Female,113,13,1
2020-07-29,Virginia Beach,Not Reported,13,0,0
2020-07-29,Western Tidewater,Female,899,60,34
2020-07-29,Mount Rogers,Male,541,70,24
2020-07-29,Lord Fairfax,Female,1284,100,46
2020-07-29,Piedmont,Not Reported,5,0,0
2020-07-29,Alexandria,Male,1328,142,27
2020-07-29,Pittsylvania-Danville,Not Reported,5,0,0
2020-07-29,West Piedmont,Not Reported,4,0,0
2020-07-29,Loudoun,Female,2488,142,69
2020-07-29,Hampton,Female,541,17,1
2020-07-29,Henrico,Female,1813,144,94
2020-07-29,Prince William,Not Reported,77,1,0
2020-07-29,Chickahominy,Male,400,61,21
2020-07-29,Rappahannock Rapidan,Not Reported,1,0,0
2020-07-29,Peninsula,Female,1314,77,24
2020-07-29,Lenowisco,Not Reported,0,0,0
2020-07-29,Crater,Not Reported,22,1,0
2020-07-29,Chickahominy,Not Reported,4,0,0
2020-07-29,Portsmouth,Male,648,49,9
2020-07-29,New River,Female,186,8,2
2020-07-29,Rappahannock,Female,1663,132,21
2020-07-29,Central Virginia,Female,490,10,3
2020-07-29,Roanoke,Not Reported,14,0,0
2020-07-29,West Piedmont,Female,485,56,4
2020-07-29,Mount Rogers,Female,613,37,17
2020-07-29,Piedmont,Male,876,67,16
2020-07-29,Chesterfield,Female,2030,117,45
2020-07-29,Fairfax,Male,7627,1083,271
2020-07-29,Crater,Male,1097,96,23
2020-07-29,Central Virginia,Not Reported,3,0,0
2020-07-29,Prince William,Female,5419,412,85
2020-07-29,Virginia Beach,Female,2107,94,20
2020-07-29,Norfolk,Female,1560,82,10
2020-07-29,Three Rivers,Female,320,37,9
2020-07-29,Arlington,Male,1448,239,69
2020-07-29,Central Shenandoah,Female,1401,103,25
2020-07-29,Southside,Female,328,31,19
2020-07-30,Southside,Not Reported,4,0,0
2020-07-30,Chesapeake,Female,1345,107,13
2020-07-30,Richmond,Female,1415,129,11
2020-07-30,Roanoke,Male,372,10,3
2020-07-30,Fairfax,Not Reported,87,1,1
2020-07-30,Thomas Jefferson,Female,902,70,16
2020-07-30,Chesapeake,Not Reported,2,0,0
2020-07-30,Cumberland Plateau,Male,112,12,1
2020-07-30,Eastern Shore,Female,684,64,23
2020-07-30,Lord Fairfax,Not Reported,7,0,0
2020-07-30,Rappahannock,Not Reported,10,1,0
2020-07-30,Central Shenandoah,Not Reported,3,0,0
2020-07-30,Peninsula,Male,1168,81,16
2020-07-30,Norfolk,Male,1439,82,12
2020-07-30,Alexandria,Female,1432,124,30
2020-07-30,Lenowisco,Male,101,16,5
2020-07-30,Pittsylvania-Danville,Female,352,37,5
2020-07-30,New River,Not Reported,4,0,0
2020-07-30,Chesterfield,Not Reported,96,0,1
2020-07-30,Loudoun,Male,2462,186,40
2020-07-30,Rappahannock Rapidan,Female,915,53,10
2020-07-30,Piedmont,Female,406,49,7
2020-07-30,Richmond,Male,1400,142,25
2020-07-30,Crater,Female,958,106,32
2020-07-30,Portsmouth,Female,752,69,12
2020-07-30,Arlington,Not Reported,4,0,0
2020-07-30,Mount Rogers,Not Reported,3,0,0
2020-07-30,Thomas Jefferson,Not Reported,1,0,0
2020-07-30,Three Rivers,Not Reported,21,0,0
2020-07-30,Hampton,Male,421,32,3
2020-07-30,Alleghany,Male,377,24,7
2020-07-30,Roanoke,Female,419,8,7
2020-07-30,Loudoun,Not Reported,28,0,0
2020-07-30,Fairfax,Female,8021,803,260
2020-07-30,Western Tidewater,Male,763,70,41
2020-07-30,Peninsula,Not Reported,10,0,0
2020-07-30,New River,Male,223,21,5
2020-07-30,Central Shenandoah,Male,1212,100,27
2020-07-30,Southside,Male,294,32,14
2020-07-30,Chesterfield,Male,2021,124,50
2020-07-30,Arlington,Female,1415,193,66
2020-07-30,Rappahannock,Male,1485,150,29
2020-07-30,Central Virginia,Male,454,15,6
2020-07-30,Alleghany,Not Reported,8,0,0
2020-07-30,Henrico,Male,1662,163,83
2020-07-30,Thomas Jefferson,Male,782,65,15
2020-07-30,Lord Fairfax,Male,1152,113,36
2020-07-30,Three Rivers,Male,616,29,6
2020-07-30,Richmond,Not Reported,42,2,2
2020-07-30,Pittsylvania-Danville,Male,243,23,2
2020-07-30,Portsmouth,Not Reported,3,0,0
2020-07-30,Norfolk,Not Reported,1,0,0
2020-07-30,Chesapeake,Male,1044,92,14
2020-07-30,Chickahominy,Female,486,63,20
2020-07-30,Prince William,Male,5338,524,111
2020-07-30,Eastern Shore,Not Reported,9,0,0
2020-07-30,Eastern Shore,Male,673,58,20
2020-07-30,Rappahannock Rapidan,Male,895,78,16
2020-07-30,Henrico,Not Reported,14,0,0
2020-07-30,Cumberland Plateau,Female,119,4,0
2020-07-30,West Piedmont,Male,382,44,8
2020-07-30,Hampton,Not Reported,3,0,0
2020-07-30,Alexandria,Not Reported,8,0,0
2020-07-30,Western Tidewater,Not Reported,1,0,0
2020-07-30,Cumberland Plateau,Not Reported,0,0,0
2020-07-30,Virginia Beach,Male,1817,99,23
2020-07-30,Alleghany,Female,434,13,11
2020-07-30,Lenowisco,Female,117,13,1
2020-07-30,Virginia Beach,Not Reported,13,0,0
2020-07-30,Western Tidewater,Female,906,60,34
2020-07-30,Mount Rogers,Male,554,75,25
2020-07-30,Lord Fairfax,Female,1287,100,46
2020-07-30,Piedmont,Not Reported,5,0,0
2020-07-30,Alexandria,Male,1339,142,27
2020-07-30,Pittsylvania-Danville,Not Reported,5,0,0
2020-07-30,West Piedmont,Not Reported,4,0,0
2020-07-30,Loudoun,Female,2495,145,69
2020-07-30,Hampton,Female,549,17,2
2020-07-30,Henrico,Female,1833,145,95
2020-07-30,Prince William,Not Reported,81,1,0
2020-07-30,Chickahominy,Male,402,61,21
2020-07-30,Rappahannock Rapidan,Not Reported,2,0,0
2020-07-30,Peninsula,Female,1331,77,25
2020-07-30,Lenowisco,Not Reported,0,0,0
2020-07-30,Crater,Not Reported,23,1,0
2020-07-30,Chickahominy,Not Reported,4,0,0
2020-07-30,Portsmouth,Male,662,53,10
2020-07-30,New River,Female,188,8,2
2020-07-30,Rappahannock,Female,1678,132,21
2020-07-30,Central Virginia,Female,500,10,3
2020-07-30,Roanoke,Not Reported,14,0,0
2020-07-30,West Piedmont,Female,496,59,4
2020-07-30,Mount Rogers,Female,622,37,17
2020-07-30,Piedmont,Male,889,67,18
2020-07-30,Chesterfield,Female,2057,117,45
2020-07-30,Fairfax,Male,7640,1088,271
2020-07-30,Crater,Male,1111,96,23
2020-07-30,Central Virginia,Not Reported,3,0,0
2020-07-30,Prince William,Female,5456,413,85
2020-07-30,Virginia Beach,Female,2149,94,20
2020-07-30,Norfolk,Female,1640,83,10
2020-07-30,Three Rivers,Female,327,37,9
2020-07-30,Arlington,Male,1455,240,69
2020-07-30,Central Shenandoah,Female,1403,103,25
2020-07-30,Southside,Female,332,31,19
2020-07-31,Southside,Not Reported,4,0,0
2020-07-31,Chesapeake,Female,1373,108,13
2020-07-31,Richmond,Female,1434,130,12
2020-07-31,Roanoke,Male,377,10,4
2020-07-31,Fairfax,Not Reported,87,1,1
2020-07-31,Thomas Jefferson,Female,916,71,18
2020-07-31,Chesapeake,Not Reported,3,0,0
2020-07-31,Cumberland Plateau,Male,115,12,1
2020-07-31,Eastern Shore,Female,684,64,23
2020-07-31,Lord Fairfax,Not Reported,8,0,0
2020-07-31,Rappahannock,Not Reported,9,1,0
2020-07-31,Central Shenandoah,Not Reported,1,0,0
2020-07-31,Peninsula,Male,1185,83,16
2020-07-31,Norfolk,Male,1487,84,13
2020-07-31,Alexandria,Female,1443,126,31
2020-07-31,Lenowisco,Male,111,16,6
2020-07-31,Pittsylvania-Danville,Female,362,37,5
2020-07-31,New River,Not Reported,5,0,0
2020-07-31,Chesterfield,Not Reported,97,0,2
2020-07-31,Loudoun,Male,2468,188,41
2020-07-31,Rappahannock Rapidan,Female,920,53,10
2020-07-31,Piedmont,Female,411,49,7
2020-07-31,Richmond,Male,1419,144,25
2020-07-31,Crater,Female,970,107,33
2020-07-31,Portsmouth,Female,780,69,12
2020-07-31,Arlington,Not Reported,4,0,0
2020-07-31,Mount Rogers,Not Reported,3,0,0
2020-07-31,Thomas Jefferson,Not Reported,2,0,0
2020-07-31,Three Rivers,Not Reported,21,0,0
2020-07-31,Hampton,Male,438,32,3
2020-07-31,Alleghany,Male,381,24,7
2020-07-31,Roanoke,Female,423,8,7
2020-07-31,Loudoun,Not Reported,27,0,0
2020-07-31,Fairfax,Female,8024,814,260
2020-07-31,Western Tidewater,Male,780,71,42
2020-07-31,Peninsula,Not Reported,11,0,0
2020-07-31,New River,Male,230,21,5
2020-07-31,Central Shenandoah,Male,1218,101,27
2020-07-31,Southside,Male,294,33,15
2020-07-31,Chesterfield,Male,2049,124,50
2020-07-31,Arlington,Female,1427,194,67
2020-07-31,Rappahannock,Male,1496,150,29
2020-07-31,Central Virginia,Male,486,17,7
2020-07-31,Alleghany,Not Reported,8,0,0
2020-07-31,Henrico,Male,1671,163,84
2020-07-31,Thomas Jefferson,Male,787,65,16
2020-07-31,Lord Fairfax,Male,1156,113,37
2020-07-31,Three Rivers,Male,619,29,6
2020-07-31,Richmond,Not Reported,40,2,2
2020-07-31,Pittsylvania-Danville,Male,249,23,2
2020-07-31,Portsmouth,Not Reported,3,0,0
2020-07-31,Norfolk,Not Reported,2,0,0
2020-07-31,Chesapeake,Male,1074,93,15
2020-07-31,Chickahominy,Female,491,64,20
2020-07-31,Prince William,Male,5372,525,111
2020-07-31,Eastern Shore,Not Reported,9,0,0
2020-07-31,Eastern Shore,Male,673,58,20
2020-07-31,Rappahannock Rapidan,Male,897,79,16
2020-07-31,Henrico,Not Reported,16,0,0
2020-07-31,Cumberland Plateau,Female,125,4,0
2020-07-31,West Piedmont,Male,384,45,8
2020-07-31,Hampton,Not Reported,3,0,0
2020-07-31,Alexandria,Not Reported,8,0,0
2020-07-31,Western Tidewater,Not Reported,1,0,0
2020-07-31,Cumberland Plateau,Not Reported,0,0,0
2020-07-31,Virginia Beach,Male,1859,103,25
2020-07-31,Alleghany,Female,440,13,11
2020-07-31,Lenowisco,Female,121,13,1
2020-07-31,Virginia Beach,Not Reported,13,0,0
2020-07-31,Western Tidewater,Female,931,60,34
2020-07-31,Mount Rogers,Male,571,78,30
2020-07-31,Lord Fairfax,Female,1292,101,47
2020-07-31,Piedmont,Not Reported,5,0,0
2020-07-31,Alexandria,Male,1347,143,27
2020-07-31,Pittsylvania-Danville,Not Reported,5,0,0
2020-07-31,West Piedmont,Not Reported,4,0,0
2020-07-31,Loudoun,Female,2500,147,69
2020-07-31,Hampton,Female,566,17,2
2020-07-31,Henrico,Female,1854,147,96
2020-07-31,Prince William,Not Reported,79,1,0
2020-07-31,Chickahominy,Male,403,65,22
2020-07-31,Rappahannock Rapidan,Not Reported,3,0,0
2020-07-31,Peninsula,Female,1359,78,25
2020-07-31,Lenowisco,Not Reported,0,0,0
2020-07-31,Crater,Not Reported,23,1,0
2020-07-31,Chickahominy,Not Reported,4,0,0
2020-07-31,Portsmouth,Male,679,53,10
2020-07-31,New River,Female,194,8,2
2020-07-31,Rappahannock,Female,1696,133,21
2020-07-31,Central Virginia,Female,542,10,3
2020-07-31,Roanoke,Not Reported,14,0,0
2020-07-31,West Piedmont,Female,507,59,4
2020-07-31,Mount Rogers,Female,633,38,17
2020-07-31,Piedmont,Male,914,67,19
2020-07-31,Chesterfield,Female,2091,117,45
2020-07-31,Fairfax,Male,7644,1105,272
2020-07-31,Crater,Male,1120,96,24
2020-07-31,Central Virginia,Not Reported,4,0,0
2020-07-31,Prince William,Female,5488,416,86
2020-07-31,Virginia Beach,Female,2183,97,20
2020-07-31,Norfolk,Female,1691,84,11
2020-07-31,Three Rivers,Female,327,37,9
2020-07-31,Arlington,Male,1466,240,69
2020-07-31,Central Shenandoah,Female,1413,103,25
2020-07-31,Southside,Female,332,31,19
2020-08-01,Southside,Not Reported,4,0,0
2020-08-01,Chesapeake,Female,1378,110,13
2020-08-01,Richmond,Female,1459,131,12
2020-08-01,Roanoke,Male,402,10,4
2020-08-01,Fairfax,Not Reported,87,1,1
2020-08-01,Thomas Jefferson,Female,919,71,21
2020-08-01,Chesapeake,Not Reported,3,0,0
2020-08-01,Cumberland Plateau,Male,117,12,1
2020-08-01,Eastern Shore,Female,686,64,23
2020-08-01,Lord Fairfax,Not Reported,8,0,0
2020-08-01,Rappahannock,Not Reported,10,1,0
2020-08-01,Central Shenandoah,Not Reported,1,0,0
2020-08-01,Peninsula,Male,1195,83,16
2020-08-01,Norfolk,Male,1490,86,14
2020-08-01,Alexandria,Female,1448,126,32
2020-08-01,Lenowisco,Male,120,17,6
2020-08-01,Pittsylvania-Danville,Female,380,38,7
2020-08-01,New River,Not Reported,5,0,0
2020-08-01,Chesterfield,Not Reported,100,0,2
2020-08-01,Loudoun,Male,2478,188,42
2020-08-01,Rappahannock Rapidan,Female,924,53,10
2020-08-01,Piedmont,Female,414,49,7
2020-08-01,Richmond,Male,1436,145,25
2020-08-01,Crater,Female,985,107,34
2020-08-01,Portsmouth,Female,793,69,12
2020-08-01,Arlington,Not Reported,4,0,0
2020-08-01,Mount Rogers,Not Reported,4,0,0
2020-08-01,Thomas Jefferson,Not Reported,2,0,0
2020-08-01,Three Rivers,Not Reported,21,0,0
2020-08-01,Hampton,Male,439,32,3
2020-08-01,Alleghany,Male,383,25,8
2020-08-01,Roanoke,Female,445,8,7
2020-08-01,Loudoun,Not Reported,26,0,0
2020-08-01,Fairfax,Female,8061,815,262
2020-08-01,Western Tidewater,Male,798,72,42
2020-08-01,Peninsula,Not Reported,12,0,0
2020-08-01,New River,Male,229,21,5
2020-08-01,Central Shenandoah,Male,1223,101,27
2020-08-01,Southside,Male,302,33,15
2020-08-01,Chesterfield,Male,2065,124,52
2020-08-01,Arlington,Female,1434,194,67
2020-08-01,Rappahannock,Male,1516,152,30
2020-08-01,Central Virginia,Male,502,17,7
2020-08-01,Alleghany,Not Reported,8,0,0
2020-08-01,Henrico,Male,1697,163,85
2020-08-01,Thomas Jefferson,Male,799,65,16
2020-08-01,Lord Fairfax,Male,1162,114,39
2020-08-01,Three Rivers,Male,621,29,6
2020-08-01,Richmond,Not Reported,41,2,2
2020-08-01,Pittsylvania-Danville,Male,258,23,2
2020-08-01,Portsmouth,Not Reported,3,0,0
2020-08-01,Norfolk,Not Reported,2,0,0
2020-08-01,Chesapeake,Male,1081,94,16
2020-08-01,Chickahominy,Female,495,64,20
2020-08-01,Prince William,Male,5401,528,113
2020-08-01,Eastern Shore,Not Reported,9,0,0
2020-08-01,Eastern Shore,Male,674,59,20
2020-08-01,Rappahannock Rapidan,Male,901,79,16
2020-08-01,Henrico,Not Reported,19,0,0
2020-08-01,Cumberland Plateau,Female,129,5,0
2020-08-01,West Piedmont,Male,404,49,8
2020-08-01,Hampton,Not Reported,3,0,0
2020-08-01,Alexandria,Not Reported,8,0,0
2020-08-01,Western Tidewater,Not Reported,1,0,0
2020-08-01,Cumberland Plateau,Not Reported,0,0,0
2020-08-01,Virginia Beach,Male,1906,104,25
2020-08-01,Alleghany,Female,446,14,12
2020-08-01,Lenowisco,Female,125,14,1
2020-08-01,Virginia Beach,Not Reported,13,0,0
2020-08-01,Western Tidewater,Female,947,60,35
2020-08-01,Mount Rogers,Male,576,78,32
2020-08-01,Lord Fairfax,Female,1305,102,47
2020-08-01,Piedmont,Not Reported,5,0,0
2020-08-01,Alexandria,Male,1355,144,27
2020-08-01,Pittsylvania-Danville,Not Reported,5,0,0
2020-08-01,West Piedmont,Not Reported,4,0,0
2020-08-01,Loudoun,Female,2510,148,70
2020-08-01,Hampton,Female,567,17,2
2020-08-01,Henrico,Female,1885,149,97
2020-08-01,Prince William,Not Reported,79,1,0
2020-08-01,Chickahominy,Male,406,65,24
2020-08-01,Rappahannock Rapidan,Not Reported,4,0,0
2020-08-01,Peninsula,Female,1376,78,25
2020-08-01,Lenowisco,Not Reported,0,0,0
2020-08-01,Crater,Not Reported,23,1,0
2020-08-01,Chickahominy,Not Reported,4,0,0
2020-08-01,Portsmouth,Male,696,55,12
2020-08-01,New River,Female,197,8,2
2020-08-01,Rappahannock,Female,1720,133,22
2020-08-01,Central Virginia,Female,552,10,3
2020-08-01,Roanoke,Not Reported,14,0,0
2020-08-01,West Piedmont,Female,529,61,5
2020-08-01,Mount Rogers,Female,640,38,17
2020-08-01,Piedmont,Male,932,67,20
2020-08-01,Chesterfield,Female,2106,119,46
2020-08-01,Fairfax,Male,7680,1105,272
2020-08-01,Crater,Male,1128,96,27
2020-08-01,Central Virginia,Not Reported,4,0,0
2020-08-01,Prince William,Female,5518,418,86
2020-08-01,Virginia Beach,Female,2259,97,21
2020-08-01,Norfolk,Female,1693,84,12
2020-08-01,Three Rivers,Female,336,38,9
2020-08-01,Arlington,Male,1468,241,69
2020-08-01,Central Shenandoah,Female,1426,105,26
2020-08-01,Southside,Female,338,31,19
2020-08-02,Southside,Not Reported,4,0,0
2020-08-02,Chesapeake,Female,1421,110,13
2020-08-02,Richmond,Female,1466,131,12
2020-08-02,Roanoke,Male,418,10,4
2020-08-02,Fairfax,Not Reported,87,1,1
2020-08-02,Thomas Jefferson,Female,930,71,21
2020-08-02,Chesapeake,Not Reported,3,0,0
2020-08-02,Cumberland Plateau,Male,117,12,1
2020-08-02,Eastern Shore,Female,687,64,23
2020-08-02,Lord Fairfax,Not Reported,8,0,0
2020-08-02,Rappahannock,Not Reported,10,1,0
2020-08-02,Central Shenandoah,Not Reported,1,0,0
2020-08-02,Peninsula,Male,1225,83,16
2020-08-02,Norfolk,Male,1505,87,14
2020-08-02,Alexandria,Female,1451,125,32
2020-08-02,Lenowisco,Male,120,17,6
2020-08-02,Pittsylvania-Danville,Female,399,40,7
2020-08-02,New River,Not Reported,5,0,0
2020-08-02,Chesterfield,Not Reported,101,0,2
2020-08-02,Loudoun,Male,2490,188,42
2020-08-02,Rappahannock Rapidan,Female,931,53,10
2020-08-02,Piedmont,Female,421,49,7
2020-08-02,Richmond,Male,1439,145,25
2020-08-02,Crater,Female,994,109,34
2020-08-02,Portsmouth,Female,828,70,12
2020-08-02,Arlington,Not Reported,5,0,0
2020-08-02,Mount Rogers,Not Reported,4,0,0
2020-08-02,Thomas Jefferson,Not Reported,2,0,0
2020-08-02,Three Rivers,Not Reported,21,0,0
2020-08-02,Hampton,Male,457,32,3
2020-08-02,Alleghany,Male,390,25,8
2020-08-02,Roanoke,Female,470,8,7
2020-08-02,Loudoun,Not Reported,27,0,0
2020-08-02,Fairfax,Female,8103,816,262
2020-08-02,Western Tidewater,Male,820,72,42
2020-08-02,Peninsula,Not Reported,12,0,0
2020-08-02,New River,Male,234,21,5
2020-08-02,Central Shenandoah,Male,1226,101,27
2020-08-02,Southside,Male,307,34,15
2020-08-02,Chesterfield,Male,2099,124,52
2020-08-02,Arlington,Female,1440,194,67
2020-08-02,Rappahannock,Male,1528,154,30
2020-08-02,Central Virginia,Male,518,28,7
2020-08-02,Alleghany,Not Reported,8,0,0
2020-08-02,Henrico,Male,1701,163,85
2020-08-02,Thomas Jefferson,Male,817,65,16
2020-08-02,Lord Fairfax,Male,1165,114,39
2020-08-02,Three Rivers,Male,622,29,6
2020-08-02,Richmond,Not Reported,41,2,2
2020-08-02,Pittsylvania-Danville,Male,280,23,2
2020-08-02,Portsmouth,Not Reported,3,0,0
2020-08-02,Norfolk,Not Reported,2,0,0
2020-08-02,Chesapeake,Male,1114,96,16
2020-08-02,Chickahominy,Female,497,64,20
2020-08-02,Prince William,Male,5415,530,113
2020-08-02,Eastern Shore,Not Reported,9,0,0
2020-08-02,Eastern Shore,Male,675,59,20
2020-08-02,Rappahannock Rapidan,Male,903,79,16
2020-08-02,Henrico,Not Reported,19,0,0
2020-08-02,Cumberland Plateau,Female,135,7,0
2020-08-02,West Piedmont,Male,412,53,8
2020-08-02,Hampton,Not Reported,3,0,0
2020-08-02,Alexandria,Not Reported,8,0,0
2020-08-02,Western Tidewater,Not Reported,1,0,0
2020-08-02,Cumberland Plateau,Not Reported,0,0,0
2020-08-02,Virginia Beach,Male,1966,104,25
2020-08-02,Alleghany,Female,459,14,12
2020-08-02,Lenowisco,Female,126,15,1
2020-08-02,Virginia Beach,Not Reported,14,0,0
2020-08-02,Western Tidewater,Female,973,60,35
2020-08-02,Mount Rogers,Male,589,79,33
2020-08-02,Lord Fairfax,Female,1311,102,47
2020-08-02,Piedmont,Not Reported,5,0,0
2020-08-02,Alexandria,Male,1361,143,27
2020-08-02,Pittsylvania-Danville,Not Reported,5,0,0
2020-08-02,West Piedmont,Not Reported,4,0,0
2020-08-02,Loudoun,Female,2517,148,70
2020-08-02,Hampton,Female,588,17,2
2020-08-02,Henrico,Female,1889,149,97
2020-08-02,Prince William,Not Reported,77,1,0
2020-08-02,Chickahominy,Male,407,65,24
2020-08-02,Rappahannock Rapidan,Not Reported,4,0,0
2020-08-02,Peninsula,Female,1408,78,25
2020-08-02,Lenowisco,Not Reported,0,0,0
2020-08-02,Crater,Not Reported,23,1,0
2020-08-02,Chickahominy,Not Reported,4,0,0
2020-08-02,Portsmouth,Male,708,55,12
2020-08-02,New River,Female,201,9,2
2020-08-02,Rappahannock,Female,1733,133,22
2020-08-02,Central Virginia,Female,571,16,3
2020-08-02,Roanoke,Not Reported,15,0,0
2020-08-02,West Piedmont,Female,539,62,5
2020-08-02,Mount Rogers,Female,655,38,17
2020-08-02,Piedmont,Male,942,67,20
2020-08-02,Chesterfield,Female,2131,119,46
2020-08-02,Fairfax,Male,7718,1106,273
2020-08-02,Crater,Male,1140,96,27
2020-08-02,Central Virginia,Not Reported,4,0,0
2020-08-02,Prince William,Female,5524,420,86
2020-08-02,Virginia Beach,Female,2319,98,22
2020-08-02,Norfolk,Female,1703,85,12
2020-08-02,Three Rivers,Female,339,39,9
2020-08-02,Arlington,Male,1480,241,69
2020-08-02,Central Shenandoah,Female,1437,105,26
2020-08-02,Southside,Female,339,31,19
2020-08-03,Southside,Not Reported,4,0,0
2020-08-03,Chesapeake,Female,1456,111,13
2020-08-03,Richmond,Female,1489,134,12
2020-08-03,Roanoke,Male,419,10,4
2020-08-03,Fairfax,Not Reported,87,1,1
2020-08-03,Thomas Jefferson,Female,955,71,21
2020-08-03,Chesapeake,Not Reported,3,0,0
2020-08-03,Cumberland Plateau,Male,124,13,1
2020-08-03,Eastern Shore,Female,688,64,23
2020-08-03,Lord Fairfax,Not Reported,8,0,0
2020-08-03,Rappahannock,Not Reported,11,1,0
2020-08-03,Central Shenandoah,Not Reported,1,0,0
2020-08-03,Peninsula,Male,1257,83,16
2020-08-03,Norfolk,Male,1578,87,14
2020-08-03,Alexandria,Female,1466,125,32
2020-08-03,Lenowisco,Male,130,17,6
2020-08-03,Pittsylvania-Danville,Female,417,41,7
2020-08-03,New River,Not Reported,4,0,0
2020-08-03,Chesterfield,Not Reported,110,0,2
2020-08-03,Loudoun,Male,2505,190,42
2020-08-03,Rappahannock Rapidan,Female,938,53,10
2020-08-03,Piedmont,Female,421,49,7
2020-08-03,Richmond,Male,1460,147,25
2020-08-03,Crater,Female,1017,110,34
2020-08-03,Portsmouth,Female,828,70,12
2020-08-03,Arlington,Not Reported,5,0,0
2020-08-03,Mount Rogers,Not Reported,4,0,0
2020-08-03,Thomas Jefferson,Not Reported,2,0,0
2020-08-03,Three Rivers,Not Reported,21,0,0
2020-08-03,Hampton,Male,467,32,3
2020-08-03,Alleghany,Male,396,25,8
2020-08-03,Roanoke,Female,475,9,7
2020-08-03,Loudoun,Not Reported,27,0,0
2020-08-03,Fairfax,Female,8175,816,262
2020-08-03,Western Tidewater,Male,842,72,42
2020-08-03,Peninsula,Not Reported,12,0,0
2020-08-03,New River,Male,244,23,5
2020-08-03,Central Shenandoah,Male,1235,101,27
2020-08-03,Southside,Male,313,34,15
2020-08-03,Chesterfield,Male,2127,125,52
2020-08-03,Arlington,Female,1451,194,67
2020-08-03,Rappahannock,Male,1555,155,30
2020-08-03,Central Virginia,Male,532,36,7
2020-08-03,Alleghany,Not Reported,8,0,0
2020-08-03,Henrico,Male,1718,165,85
2020-08-03,Thomas Jefferson,Male,836,66,16
2020-08-03,Lord Fairfax,Male,1170,114,38
2020-08-03,Three Rivers,Male,625,29,6
2020-08-03,Richmond,Not Reported,43,2,2
2020-08-03,Pittsylvania-Danville,Male,297,24,2
2020-08-03,Portsmouth,Not Reported,3,0,0
2020-08-03,Norfolk,Not Reported,2,0,0
2020-08-03,Chesapeake,Male,1158,102,16
2020-08-03,Chickahominy,Female,500,64,20
2020-08-03,Prince William,Male,5447,534,114
2020-08-03,Eastern Shore,Not Reported,9,0,0
2020-08-03,Eastern Shore,Male,677,59,20
2020-08-03,Rappahannock Rapidan,Male,910,79,16
2020-08-03,Henrico,Not Reported,20,0,0
2020-08-03,Cumberland Plateau,Female,145,8,0
2020-08-03,West Piedmont,Male,413,54,8
2020-08-03,Hampton,Not Reported,3,0,0
2020-08-03,Alexandria,Not Reported,8,0,0
2020-08-03,Western Tidewater,Not Reported,1,0,0
2020-08-03,Cumberland Plateau,Not Reported,0,0,0
2020-08-03,Virginia Beach,Male,2018,106,25
2020-08-03,Alleghany,Female,467,14,12
2020-08-03,Lenowisco,Female,137,15,1
2020-08-03,Virginia Beach,Not Reported,14,0,0
2020-08-03,Western Tidewater,Female,1010,60,35
2020-08-03,Mount Rogers,Male,597,80,33
2020-08-03,Lord Fairfax,Female,1315,102,47
2020-08-03,Piedmont,Not Reported,4,0,0
2020-08-03,Alexandria,Male,1370,144,27
2020-08-03,Pittsylvania-Danville,Not Reported,5,0,0
2020-08-03,West Piedmont,Not Reported,4,0,0
2020-08-03,Loudoun,Female,2527,149,70
2020-08-03,Hampton,Female,600,17,2
2020-08-03,Henrico,Female,1916,152,97
2020-08-03,Prince William,Not Reported,73,1,0
2020-08-03,Chickahominy,Male,412,65,24
2020-08-03,Rappahannock Rapidan,Not Reported,4,0,0
2020-08-03,Peninsula,Female,1435,78,25
2020-08-03,Lenowisco,Not Reported,0,0,0
2020-08-03,Crater,Not Reported,23,1,0
2020-08-03,Chickahominy,Not Reported,5,0,0
2020-08-03,Portsmouth,Male,709,55,12
2020-08-03,New River,Female,204,9,2
2020-08-03,Rappahannock,Female,1757,133,21
2020-08-03,Central Virginia,Female,586,20,3
2020-08-03,Roanoke,Not Reported,15,0,0
2020-08-03,West Piedmont,Female,540,62,5
2020-08-03,Mount Rogers,Female,669,39,17
2020-08-03,Piedmont,Male,948,67,20
2020-08-03,Chesterfield,Female,2173,120,46
2020-08-03,Fairfax,Male,7786,1107,273
2020-08-03,Crater,Male,1162,98,28
2020-08-03,Central Virginia,Not Reported,4,0,0
2020-08-03,Prince William,Female,5580,420,86
2020-08-03,Virginia Beach,Female,2395,102,22
2020-08-03,Norfolk,Female,1765,86,12
2020-08-03,Three Rivers,Female,346,39,9
2020-08-03,Arlington,Male,1489,242,69
2020-08-03,Central Shenandoah,Female,1445,105,26
2020-08-03,Southside,Female,345,31,19
2020-08-04,Southside,Not Reported,4,0,0
2020-08-04,Chesapeake,Female,1496,115,13
2020-08-04,Richmond,Female,1503,134,12
2020-08-04,Roanoke,Male,421,11,5
2020-08-04,Fairfax,Not Reported,87,1,1
2020-08-04,Thomas Jefferson,Female,971,71,22
2020-08-04,Chesapeake,Not Reported,3,0,0
2020-08-04,Cumberland Plateau,Male,126,13,1
2020-08-04,Eastern Shore,Female,689,66,24
2020-08-04,Lord Fairfax,Not Reported,8,0,0
2020-08-04,Rappahannock,Not Reported,9,1,0
2020-08-04,Central Shenandoah,Not Reported,1,0,0
2020-08-04,Peninsula,Male,1292,85,18
2020-08-04,Norfolk,Male,1615,87,14
2020-08-04,Alexandria,Female,1478,127,33
2020-08-04,Lenowisco,Male,134,17,6
2020-08-04,Pittsylvania-Danville,Female,421,42,7
2020-08-04,New River,Not Reported,4,0,0
2020-08-04,Chesterfield,Not Reported,112,0,2
2020-08-04,Loudoun,Male,2525,190,42
2020-08-04,Rappahannock Rapidan,Female,944,54,10
2020-08-04,Piedmont,Female,426,49,7
2020-08-04,Richmond,Male,1469,146,25
2020-08-04,Crater,Female,1025,114,36
2020-08-04,Portsmouth,Female,882,72,12
2020-08-04,Arlington,Not Reported,5,0,0
2020-08-04,Mount Rogers,Not Reported,4,0,0
2020-08-04,Thomas Jefferson,Not Reported,2,0,0
2020-08-04,Three Rivers,Not Reported,21,0,0
2020-08-04,Hampton,Male,484,32,3
2020-08-04,Alleghany,Male,396,26,7
2020-08-04,Roanoke,Female,477,10,9
2020-08-04,Loudoun,Not Reported,26,0,0
2020-08-04,Fairfax,Female,8206,817,264
2020-08-04,Western Tidewater,Male,859,72,42
2020-08-04,Peninsula,Not Reported,14,0,0
2020-08-04,New River,Male,249,23,5
2020-08-04,Central Shenandoah,Male,1248,101,27
2020-08-04,Southside,Male,316,34,15
2020-08-04,Chesterfield,Male,2146,131,52
2020-08-04,Arlington,Female,1465,194,67
2020-08-04,Rappahannock,Male,1573,157,31
2020-08-04,Central Virginia,Male,546,36,8
2020-08-04,Alleghany,Not Reported,8,0,0
2020-08-04,Henrico,Male,1733,166,85
2020-08-04,Thomas Jefferson,Male,851,66,17
2020-08-04,Lord Fairfax,Male,1176,115,38
2020-08-04,Three Rivers,Male,629,29,6
2020-08-04,Richmond,Not Reported,43,2,2
2020-08-04,Pittsylvania-Danville,Male,301,24,2
2020-08-04,Portsmouth,Not Reported,3,0,0
2020-08-04,Norfolk,Not Reported,2,0,0
2020-08-04,Chesapeake,Male,1190,102,17
2020-08-04,Chickahominy,Female,509,64,20
2020-08-04,Prince William,Male,5508,535,114
2020-08-04,Eastern Shore,Not Reported,9,0,0
2020-08-04,Eastern Shore,Male,679,60,20
2020-08-04,Rappahannock Rapidan,Male,915,79,16
2020-08-04,Henrico,Not Reported,21,0,0
2020-08-04,Cumberland Plateau,Female,151,9,0
2020-08-04,West Piedmont,Male,422,54,8
2020-08-04,Hampton,Not Reported,3,0,0
2020-08-04,Alexandria,Not Reported,8,0,0
2020-08-04,Western Tidewater,Not Reported,1,0,0
2020-08-04,Cumberland Plateau,Not Reported,0,0,0
2020-08-04,Virginia Beach,Male,2067,109,27
2020-08-04,Alleghany,Female,468,14,10
2020-08-04,Lenowisco,Female,145,15,1
2020-08-04,Virginia Beach,Not Reported,14,0,0
2020-08-04,Western Tidewater,Female,1041,60,35
2020-08-04,Mount Rogers,Male,599,81,34
2020-08-04,Lord Fairfax,Female,1321,102,47
2020-08-04,Piedmont,Not Reported,4,0,0
2020-08-04,Alexandria,Male,1381,146,27
2020-08-04,Pittsylvania-Danville,Not Reported,5,0,0
2020-08-04,West Piedmont,Not Reported,4,0,0
2020-08-04,Loudoun,Female,2542,149,71
2020-08-04,Hampton,Female,616,17,4
2020-08-04,Henrico,Female,1936,155,97
2020-08-04,Prince William,Not Reported,74,1,0
2020-08-04,Chickahominy,Male,415,66,24
2020-08-04,Rappahannock Rapidan,Not Reported,4,0,0
2020-08-04,Peninsula,Female,1470,80,25
2020-08-04,Lenowisco,Not Reported,0,0,0
2020-08-04,Crater,Not Reported,23,1,0
2020-08-04,Chickahominy,Not Reported,5,0,0
2020-08-04,Portsmouth,Male,746,57,12
2020-08-04,New River,Female,210,9,2
2020-08-04,Rappahannock,Female,1774,135,21
2020-08-04,Central Virginia,Female,605,20,3
2020-08-04,Roanoke,Not Reported,15,0,0
2020-08-04,West Piedmont,Female,552,63,5
2020-08-04,Mount Rogers,Female,673,40,17
2020-08-04,Piedmont,Male,951,68,22
2020-08-04,Chesterfield,Female,2202,121,46
2020-08-04,Fairfax,Male,7834,1109,275
2020-08-04,Crater,Male,1167,98,29
2020-08-04,Central Virginia,Not Reported,4,0,0
2020-08-04,Prince William,Female,5623,420,86
2020-08-04,Virginia Beach,Female,2448,106,22
2020-08-04,Norfolk,Female,1808,91,12
2020-08-04,Three Rivers,Female,352,40,9
2020-08-04,Arlington,Male,1503,242,69
2020-08-04,Central Shenandoah,Female,1460,106,27
2020-08-04,Southside,Female,346,31,20
2020-08-05,Southside,Not Reported,4,0,0
2020-08-05,Chesapeake,Female,1512,116,14
2020-08-05,Richmond,Female,1514,137,12
2020-08-05,Roanoke,Male,429,11,5
2020-08-05,Fairfax,Not Reported,87,1,1
2020-08-05,Thomas Jefferson,Female,974,71,23
2020-08-05,Chesapeake,Not Reported,3,0,0
2020-08-05,Cumberland Plateau,Male,133,14,1
2020-08-05,Eastern Shore,Female,690,67,24
2020-08-05,Lord Fairfax,Not Reported,8,0,0
2020-08-05,Rappahannock,Not Reported,10,1,0
2020-08-05,Central Shenandoah,Not Reported,0,0,0
2020-08-05,Peninsula,Male,1302,85,18
2020-08-05,Norfolk,Male,1640,87,15
2020-08-05,Alexandria,Female,1481,127,33
2020-08-05,Lenowisco,Male,137,17,6
2020-08-05,Pittsylvania-Danville,Female,428,44,7
2020-08-05,New River,Not Reported,4,0,0
2020-08-05,Chesterfield,Not Reported,112,0,2
2020-08-05,Loudoun,Male,2532,191,42
2020-08-05,Rappahannock Rapidan,Female,951,54,11
2020-08-05,Piedmont,Female,430,50,7
2020-08-05,Richmond,Male,1475,147,25
2020-08-05,Crater,Female,1034,115,38
2020-08-05,Portsmouth,Female,898,72,12
2020-08-05,Arlington,Not Reported,6,0,0
2020-08-05,Mount Rogers,Not Reported,4,0,0
2020-08-05,Thomas Jefferson,Not Reported,2,0,0
2020-08-05,Three Rivers,Not Reported,21,0,0
2020-08-05,Hampton,Male,495,32,3
2020-08-05,Alleghany,Male,400,26,8
2020-08-05,Roanoke,Female,488,10,9
2020-08-05,Loudoun,Not Reported,26,0,0
2020-08-05,Fairfax,Female,8227,815,265
2020-08-05,Western Tidewater,Male,878,72,42
2020-08-05,Peninsula,Not Reported,14,0,0
2020-08-05,New River,Male,249,23,5
2020-08-05,Central Shenandoah,Male,1252,101,27
2020-08-05,Southside,Male,337,34,15
2020-08-05,Chesterfield,Male,2160,131,52
2020-08-05,Arlington,Female,1476,194,66
2020-08-05,Rappahannock,Male,1586,156,33
2020-08-05,Central Virginia,Male,569,36,9
2020-08-05,Alleghany,Not Reported,8,0,0
2020-08-05,Henrico,Male,1741,166,85
2020-08-05,Thomas Jefferson,Male,852,66,18
2020-08-05,Lord Fairfax,Male,1180,116,38
2020-08-05,Three Rivers,Male,630,29,6
2020-08-05,Richmond,Not Reported,45,2,2
2020-08-05,Pittsylvania-Danville,Male,304,24,2
2020-08-05,Portsmouth,Not Reported,3,0,0
2020-08-05,Norfolk,Not Reported,2,0,0
2020-08-05,Chesapeake,Male,1199,105,19
2020-08-05,Chickahominy,Female,513,64,21
2020-08-05,Prince William,Male,5542,540,116
2020-08-05,Eastern Shore,Not Reported,9,0,0
2020-08-05,Eastern Shore,Male,681,60,20
2020-08-05,Rappahannock Rapidan,Male,923,79,16
2020-08-05,Henrico,Not Reported,21,0,0
2020-08-05,Cumberland Plateau,Female,165,10,2
2020-08-05,West Piedmont,Male,426,54,8
2020-08-05,Hampton,Not Reported,3,0,0
2020-08-05,Alexandria,Not Reported,8,0,0
2020-08-05,Western Tidewater,Not Reported,1,0,0
2020-08-05,Cumberland Plateau,Not Reported,0,0,0
2020-08-05,Virginia Beach,Male,2097,112,27
2020-08-05,Alleghany,Female,474,14,10
2020-08-05,Lenowisco,Female,154,17,1
2020-08-05,Virginia Beach,Not Reported,15,0,0
2020-08-05,Western Tidewater,Female,1057,60,35
2020-08-05,Mount Rogers,Male,606,82,35
2020-08-05,Lord Fairfax,Female,1325,103,47
2020-08-05,Piedmont,Not Reported,4,0,0
2020-08-05,Alexandria,Male,1383,147,27
2020-08-05,Pittsylvania-Danville,Not Reported,5,0,0
2020-08-05,West Piedmont,Not Reported,4,0,0
2020-08-05,Loudoun,Female,2559,149,71
2020-08-05,Hampton,Female,631,17,4
2020-08-05,Henrico,Female,1952,156,97
2020-08-05,Prince William,Not Reported,74,1,0
2020-08-05,Chickahominy,Male,418,66,24
2020-08-05,Rappahannock Rapidan,Not Reported,4,0,0
2020-08-05,Peninsula,Female,1486,80,26
2020-08-05,Lenowisco,Not Reported,0,0,0
2020-08-05,Crater,Not Reported,23,1,0
2020-08-05,Chickahominy,Not Reported,5,0,0
2020-08-05,Portsmouth,Male,762,59,13
2020-08-05,New River,Female,215,9,2
2020-08-05,Rappahannock,Female,1791,136,22
2020-08-05,Central Virginia,Female,624,22,4
2020-08-05,Roanoke,Not Reported,15,0,0
2020-08-05,West Piedmont,Female,561,64,7
2020-08-05,Mount Rogers,Female,685,40,17
2020-08-05,Piedmont,Male,981,69,22
2020-08-05,Chesterfield,Female,2221,121,46
2020-08-05,Fairfax,Male,7846,1109,276
2020-08-05,Crater,Male,1176,99,30
2020-08-05,Central Virginia,Not Reported,4,0,0
2020-08-05,Prince William,Female,5648,423,86
2020-08-05,Virginia Beach,Female,2471,107,22
2020-08-05,Norfolk,Female,1851,92,13
2020-08-05,Three Rivers,Female,358,40,10
2020-08-05,Arlington,Male,1515,242,69
2020-08-05,Central Shenandoah,Female,1467,106,28
2020-08-05,Southside,Female,348,31,20
2020-08-06,Southside,Not Reported,4,0,0
2020-08-06,Chesapeake,Female,1536,116,15
2020-08-06,Richmond,Female,1529,139,12
2020-08-06,Roanoke,Male,449,10,5
2020-08-06,Fairfax,Not Reported,92,1,1
2020-08-06,Thomas Jefferson,Female,984,72,24
2020-08-06,Chesapeake,Not Reported,3,0,0
2020-08-06,Cumberland Plateau,Male,140,14,1
2020-08-06,Eastern Shore,Female,690,67,24
2020-08-06,Lord Fairfax,Not Reported,8,0,0
2020-08-06,Rappahannock,Not Reported,11,1,0
2020-08-06,Central Shenandoah,Not Reported,0,0,0
2020-08-06,Peninsula,Male,1306,85,18
2020-08-06,Norfolk,Male,1639,89,15
2020-08-06,Alexandria,Female,1490,127,33
2020-08-06,Lenowisco,Male,139,17,6
2020-08-06,Pittsylvania-Danville,Female,438,44,7
2020-08-06,New River,Not Reported,4,0,0
2020-08-06,Chesterfield,Not Reported,115,0,2
2020-08-06,Loudoun,Male,2547,193,43
2020-08-06,Rappahannock Rapidan,Female,965,54,11
2020-08-06,Piedmont,Female,432,50,7
2020-08-06,Richmond,Male,1490,148,27
2020-08-06,Crater,Female,1046,116,38
2020-08-06,Portsmouth,Female,907,73,12
2020-08-06,Arlington,Not Reported,6,0,0
2020-08-06,Mount Rogers,Not Reported,3,0,0
2020-08-06,Thomas Jefferson,Not Reported,2,0,0
2020-08-06,Three Rivers,Not Reported,21,0,0
2020-08-06,Hampton,Male,496,32,3
2020-08-06,Alleghany,Male,415,28,8
2020-08-06,Roanoke,Female,510,11,9
2020-08-06,Loudoun,Not Reported,25,0,0
2020-08-06,Fairfax,Female,8260,819,265
2020-08-06,Western Tidewater,Male,890,72,42
2020-08-06,Peninsula,Not Reported,14,0,0
2020-08-06,New River,Male,257,23,5
2020-08-06,Central Shenandoah,Male,1255,102,29
2020-08-06,Southside,Male,365,34,15
2020-08-06,Chesterfield,Male,2182,131,52
2020-08-06,Arlington,Female,1481,194,66
2020-08-06,Rappahannock,Male,1608,156,33
2020-08-06,Central Virginia,Male,580,37,9
2020-08-06,Alleghany,Not Reported,8,0,0
2020-08-06,Henrico,Male,1752,169,85
2020-08-06,Thomas Jefferson,Male,859,66,20
2020-08-06,Lord Fairfax,Male,1182,116,39
2020-08-06,Three Rivers,Male,631,29,6
2020-08-06,Richmond,Not Reported,48,2,2
2020-08-06,Pittsylvania-Danville,Male,311,26,2
2020-08-06,Portsmouth,Not Reported,3,0,0
2020-08-06,Norfolk,Not Reported,2,0,0
2020-08-06,Chesapeake,Male,1222,107,22
2020-08-06,Chickahominy,Female,518,64,21
2020-08-06,Prince William,Male,5557,540,117
2020-08-06,Eastern Shore,Not Reported,9,0,0
2020-08-06,Eastern Shore,Male,681,60,21
2020-08-06,Rappahannock Rapidan,Male,931,80,16
2020-08-06,Henrico,Not Reported,21,0,0
2020-08-06,Cumberland Plateau,Female,169,11,2
2020-08-06,West Piedmont,Male,438,60,8
2020-08-06,Hampton,Not Reported,3,0,0
2020-08-06,Alexandria,Not Reported,8,0,0
2020-08-06,Western Tidewater,Not Reported,1,0,0
2020-08-06,Cumberland Plateau,Not Reported,0,0,0
2020-08-06,Virginia Beach,Male,2128,113,28
2020-08-06,Alleghany,Female,489,14,10
2020-08-06,Lenowisco,Female,157,17,1
2020-08-06,Virginia Beach,Not Reported,15,0,0
2020-08-06,Western Tidewater,Female,1070,60,35
2020-08-06,Mount Rogers,Male,615,84,35
2020-08-06,Lord Fairfax,Female,1327,103,47
2020-08-06,Piedmont,Not Reported,4,0,0
2020-08-06,Alexandria,Male,1389,147,27
2020-08-06,Pittsylvania-Danville,Not Reported,5,0,0
2020-08-06,West Piedmont,Not Reported,4,0,0
2020-08-06,Loudoun,Female,2578,149,72
2020-08-06,Hampton,Female,632,17,4
2020-08-06,Henrico,Female,1969,158,97
2020-08-06,Prince William,Not Reported,72,1,0
2020-08-06,Chickahominy,Male,422,66,24
2020-08-06,Rappahannock Rapidan,Not Reported,0,0,0
2020-08-06,Peninsula,Female,1489,80,26
2020-08-06,Lenowisco,Not Reported,0,0,0
2020-08-06,Crater,Not Reported,23,1,0
2020-08-06,Chickahominy,Not Reported,5,0,0
2020-08-06,Portsmouth,Male,766,59,13
2020-08-06,New River,Female,219,10,2
2020-08-06,Rappahannock,Female,1825,137,22
2020-08-06,Central Virginia,Female,647,23,4
2020-08-06,Roanoke,Not Reported,14,0,0
2020-08-06,West Piedmont,Female,574,69,7
2020-08-06,Mount Rogers,Female,699,40,17
2020-08-06,Piedmont,Male,986,71,24
2020-08-06,Chesterfield,Female,2243,120,48
2020-08-06,Fairfax,Male,7876,1113,274
2020-08-06,Crater,Male,1192,99,32
2020-08-06,Central Virginia,Not Reported,4,0,0
2020-08-06,Prince William,Female,5665,423,87
2020-08-06,Virginia Beach,Female,2515,109,24
2020-08-06,Norfolk,Female,1855,93,14
2020-08-06,Three Rivers,Female,360,40,10
2020-08-06,Arlington,Male,1526,242,69
2020-08-06,Central Shenandoah,Female,1468,108,28
2020-08-06,Southside,Female,352,32,20
2020-08-07,Southside,Not Reported,4,0,0
2020-08-07,Chesapeake,Female,1570,117,15
2020-08-07,Richmond,Female,1559,143,12
2020-08-07,Roanoke,Male,460,10,5
2020-08-07,Fairfax,Not Reported,93,1,1
2020-08-07,Thomas Jefferson,Female,1008,73,24
2020-08-07,Chesapeake,Not Reported,4,0,0
2020-08-07,Cumberland Plateau,Male,148,14,1
2020-08-07,Eastern Shore,Female,692,67,24
2020-08-07,Lord Fairfax,Not Reported,9,0,0
2020-08-07,Rappahannock,Not Reported,11,1,0
2020-08-07,Central Shenandoah,Not Reported,0,0,0
2020-08-07,Peninsula,Male,1356,86,18
2020-08-07,Norfolk,Male,1703,90,16
2020-08-07,Alexandria,Female,1505,128,33
2020-08-07,Lenowisco,Male,154,18,6
2020-08-07,Pittsylvania-Danville,Female,463,46,7
2020-08-07,New River,Not Reported,4,0,0
2020-08-07,Chesterfield,Not Reported,114,0,2
2020-08-07,Loudoun,Male,2573,194,43
2020-08-07,Rappahannock Rapidan,Female,985,56,11
2020-08-07,Piedmont,Female,443,51,9
2020-08-07,Richmond,Male,1507,151,27
2020-08-07,Crater,Female,1071,116,38
2020-08-07,Portsmouth,Female,936,73,12
2020-08-07,Arlington,Not Reported,6,0,0
2020-08-07,Mount Rogers,Not Reported,3,0,0
2020-08-07,Thomas Jefferson,Not Reported,2,0,0
2020-08-07,Three Rivers,Not Reported,22,0,0
2020-08-07,Hampton,Male,519,32,3
2020-08-07,Alleghany,Male,440,28,8
2020-08-07,Roanoke,Female,526,11,9
2020-08-07,Loudoun,Not Reported,26,0,0
2020-08-07,Fairfax,Female,8345,827,266
2020-08-07,Western Tidewater,Male,923,72,42
2020-08-07,Peninsula,Not Reported,15,0,0
2020-08-07,New River,Male,266,23,5
2020-08-07,Central Shenandoah,Male,1265,105,29
2020-08-07,Southside,Male,395,34,15
2020-08-07,Chesterfield,Male,2231,132,53
2020-08-07,Arlington,Female,1497,194,66
2020-08-07,Rappahannock,Male,1649,160,33
2020-08-07,Central Virginia,Male,619,38,10
2020-08-07,Alleghany,Not Reported,9,0,0
2020-08-07,Henrico,Male,1773,172,86
2020-08-07,Thomas Jefferson,Male,884,68,20
2020-08-07,Lord Fairfax,Male,1189,117,39
2020-08-07,Three Rivers,Male,645,31,6
2020-08-07,Richmond,Not Reported,46,2,2
2020-08-07,Pittsylvania-Danville,Male,336,27,2
2020-08-07,Portsmouth,Not Reported,3,0,0
2020-08-07,Norfolk,Not Reported,2,0,0
2020-08-07,Chesapeake,Male,1254,108,22
2020-08-07,Chickahominy,Female,535,66,21
2020-08-07,Prince William,Male,5650,546,118
2020-08-07,Eastern Shore,Not Reported,9,0,0
2020-08-07,Eastern Shore,Male,681,60,21
2020-08-07,Rappahannock Rapidan,Male,941,81,16
2020-08-07,Henrico,Not Reported,24,0,0
2020-08-07,Cumberland Plateau,Female,185,11,2
2020-08-07,West Piedmont,Male,460,62,8
2020-08-07,Hampton,Not Reported,4,0,0
2020-08-07,Alexandria,Not Reported,10,0,0
2020-08-07,Western Tidewater,Not Reported,2,0,0
2020-08-07,Cumberland Plateau,Not Reported,0,0,0
2020-08-07,Virginia Beach,Male,2188,116,28
2020-08-07,Alleghany,Female,504,16,10
2020-08-07,Lenowisco,Female,175,17,1
2020-08-07,Virginia Beach,Not Reported,15,0,0
2020-08-07,Western Tidewater,Female,1115,60,35
2020-08-07,Mount Rogers,Male,636,85,35
2020-08-07,Lord Fairfax,Female,1332,103,47
2020-08-07,Piedmont,Not Reported,4,0,0
2020-08-07,Alexandria,Male,1402,147,27
2020-08-07,Pittsylvania-Danville,Not Reported,5,0,0
2020-08-07,West Piedmont,Not Reported,5,0,0
2020-08-07,Loudoun,Female,2597,152,72
2020-08-07,Hampton,Female,650,17,4
2020-08-07,Henrico,Female,2014,159,98
2020-08-07,Prince William,Not Reported,76,1,0
2020-08-07,Chickahominy,Male,431,67,24
2020-08-07,Rappahannock Rapidan,Not Reported,1,0,0
2020-08-07,Peninsula,Female,1532,81,26
2020-08-07,Lenowisco,Not Reported,1,0,0
2020-08-07,Crater,Not Reported,23,1,0
2020-08-07,Chickahominy,Not Reported,5,0,0
2020-08-07,Portsmouth,Male,787,60,13
2020-08-07,New River,Female,237,10,3
2020-08-07,Rappahannock,Female,1872,138,22
2020-08-07,Central Virginia,Female,693,24,4
2020-08-07,Roanoke,Not Reported,14,0,0
2020-08-07,West Piedmont,Female,606,72,7
2020-08-07,Mount Rogers,Female,728,40,17
2020-08-07,Piedmont,Male,997,73,25
2020-08-07,Chesterfield,Female,2274,124,50
2020-08-07,Fairfax,Male,7947,1119,276
2020-08-07,Crater,Male,1229,99,32
2020-08-07,Central Virginia,Not Reported,9,0,0
2020-08-07,Prince William,Female,5757,425,87
2020-08-07,Virginia Beach,Female,2578,113,25
2020-08-07,Norfolk,Female,1924,97,14
2020-08-07,Three Rivers,Female,377,40,10
2020-08-07,Arlington,Male,1534,242,69
2020-08-07,Central Shenandoah,Female,1481,109,30
2020-08-07,Southside,Female,364,32,20
2020-08-08,Southside,Not Reported,4,0,0
2020-08-08,Chesapeake,Female,1590,118,15
2020-08-08,Richmond,Female,1573,146,12
2020-08-08,Roanoke,Male,465,11,6
2020-08-08,Fairfax,Not Reported,97,1,1
2020-08-08,Thomas Jefferson,Female,1028,76,24
2020-08-08,Chesapeake,Not Reported,4,0,0
2020-08-08,Cumberland Plateau,Male,155,14,1
2020-08-08,Eastern Shore,Female,698,67,24
2020-08-08,Lord Fairfax,Not Reported,10,0,0
2020-08-08,Rappahannock,Not Reported,11,1,0
2020-08-08,Central Shenandoah,Not Reported,1,0,0
2020-08-08,Peninsula,Male,1376,86,18
2020-08-08,Norfolk,Male,1739,92,16
2020-08-08,Alexandria,Female,1521,129,33
2020-08-08,Lenowisco,Male,163,18,6
2020-08-08,Pittsylvania-Danville,Female,471,47,7
2020-08-08,New River,Not Reported,4,0,0
2020-08-08,Chesterfield,Not Reported,124,0,2
2020-08-08,Loudoun,Male,2595,196,43
2020-08-08,Rappahannock Rapidan,Female,997,57,11
2020-08-08,Piedmont,Female,451,51,9
2020-08-08,Richmond,Male,1511,151,27
2020-08-08,Crater,Female,1087,116,38
2020-08-08,Portsmouth,Female,959,73,12
2020-08-08,Arlington,Not Reported,6,0,0
2020-08-08,Mount Rogers,Not Reported,3,0,0
2020-08-08,Thomas Jefferson,Not Reported,2,0,0
2020-08-08,Three Rivers,Not Reported,21,0,0
2020-08-08,Hampton,Male,543,33,3
2020-08-08,Alleghany,Male,444,28,8
2020-08-08,Roanoke,Female,529,12,9
2020-08-08,Loudoun,Not Reported,36,0,0
2020-08-08,Fairfax,Female,8388,830,266
2020-08-08,Western Tidewater,Male,942,72,43
2020-08-08,Peninsula,Not Reported,15,0,0
2020-08-08,New River,Male,273,23,5
2020-08-08,Central Shenandoah,Male,1275,105,29
2020-08-08,Southside,Male,450,34,15
2020-08-08,Chesterfield,Male,2261,133,52
2020-08-08,Arlington,Female,1509,194,66
2020-08-08,Rappahannock,Male,1675,161,33
2020-08-08,Central Virginia,Male,660,38,10
2020-08-08,Alleghany,Not Reported,8,0,0
2020-08-08,Henrico,Male,1787,173,86
2020-08-08,Thomas Jefferson,Male,909,68,20
2020-08-08,Lord Fairfax,Male,1198,118,39
2020-08-08,Three Rivers,Male,654,31,6
2020-08-08,Richmond,Not Reported,48,2,2
2020-08-08,Pittsylvania-Danville,Male,343,28,2
2020-08-08,Portsmouth,Not Reported,3,0,0
2020-08-08,Norfolk,Not Reported,2,0,0
2020-08-08,Chesapeake,Male,1278,108,22
2020-08-08,Chickahominy,Female,539,66,21
2020-08-08,Prince William,Male,5687,545,118
2020-08-08,Eastern Shore,Not Reported,9,0,0
2020-08-08,Eastern Shore,Male,684,61,21
2020-08-08,Rappahannock Rapidan,Male,952,81,16
2020-08-08,Henrico,Not Reported,25,0,0
2020-08-08,Cumberland Plateau,Female,191,12,2
2020-08-08,West Piedmont,Male,476,66,8
2020-08-08,Hampton,Not Reported,5,0,0
2020-08-08,Alexandria,Not Reported,9,0,0
2020-08-08,Western Tidewater,Not Reported,2,0,0
2020-08-08,Cumberland Plateau,Not Reported,0,0,0
2020-08-08,Virginia Beach,Male,2248,117,29
2020-08-08,Alleghany,Female,506,16,10
2020-08-08,Lenowisco,Female,184,18,1
2020-08-08,Virginia Beach,Not Reported,16,0,0
2020-08-08,Western Tidewater,Female,1139,60,35
2020-08-08,Mount Rogers,Male,647,86,35
2020-08-08,Lord Fairfax,Female,1340,104,48
2020-08-08,Piedmont,Not Reported,4,0,0
2020-08-08,Alexandria,Male,1419,149,27
2020-08-08,Pittsylvania-Danville,Not Reported,5,0,0
2020-08-08,West Piedmont,Not Reported,5,0,0
2020-08-08,Loudoun,Female,2623,153,72
2020-08-08,Hampton,Female,662,17,4
2020-08-08,Henrico,Female,2027,160,98
2020-08-08,Prince William,Not Reported,86,1,0
2020-08-08,Chickahominy,Male,436,67,24
2020-08-08,Rappahannock Rapidan,Not Reported,2,0,0
2020-08-08,Peninsula,Female,1553,81,26
2020-08-08,Lenowisco,Not Reported,1,0,0
2020-08-08,Crater,Not Reported,24,1,0
2020-08-08,Chickahominy,Not Reported,6,0,0
2020-08-08,Portsmouth,Male,796,60,13
2020-08-08,New River,Female,243,10,3
2020-08-08,Rappahannock,Female,1898,138,22
2020-08-08,Central Virginia,Female,725,24,4
2020-08-08,Roanoke,Not Reported,15,0,0
2020-08-08,West Piedmont,Female,622,74,7
2020-08-08,Mount Rogers,Female,741,42,18
2020-08-08,Piedmont,Male,1013,73,25
2020-08-08,Chesterfield,Female,2306,126,51
2020-08-08,Fairfax,Male,7962,1122,275
2020-08-08,Crater,Male,1245,100,32
2020-08-08,Central Virginia,Not Reported,8,0,0
2020-08-08,Prince William,Female,5811,425,87
2020-08-08,Virginia Beach,Female,2631,113,25
2020-08-08,Norfolk,Female,1959,99,14
2020-08-08,Three Rivers,Female,396,40,11
2020-08-08,Arlington,Male,1547,243,69
2020-08-08,Central Shenandoah,Female,1497,109,30
2020-08-08,Southside,Female,366,32,20
2020-08-09,Southside,Not Reported,4,0,0
2020-08-09,Chesapeake,Female,1616,120,15
2020-08-09,Richmond,Female,1590,149,12
2020-08-09,Roanoke,Male,471,12,6
2020-08-09,Fairfax,Not Reported,98,1,1
2020-08-09,Thomas Jefferson,Female,1045,76,24
2020-08-09,Chesapeake,Not Reported,4,0,0
2020-08-09,Cumberland Plateau,Male,161,14,1
2020-08-09,Eastern Shore,Female,700,67,24
2020-08-09,Lord Fairfax,Not Reported,10,0,0
2020-08-09,Rappahannock,Not Reported,11,1,0
2020-08-09,Central Shenandoah,Not Reported,1,0,0
2020-08-09,Peninsula,Male,1394,86,18
2020-08-09,Norfolk,Male,1741,94,16
2020-08-09,Alexandria,Female,1530,129,33
2020-08-09,Lenowisco,Male,165,18,6
2020-08-09,Pittsylvania-Danville,Female,486,48,7
2020-08-09,New River,Not Reported,4,0,0
2020-08-09,Chesterfield,Not Reported,124,0,2
2020-08-09,Loudoun,Male,2608,196,43
2020-08-09,Rappahannock Rapidan,Female,1007,57,11
2020-08-09,Piedmont,Female,450,51,9
2020-08-09,Richmond,Male,1524,151,27
2020-08-09,Crater,Female,1103,117,38
2020-08-09,Portsmouth,Female,959,73,12
2020-08-09,Arlington,Not Reported,6,0,0
2020-08-09,Mount Rogers,Not Reported,4,0,0
2020-08-09,Thomas Jefferson,Not Reported,2,0,0
2020-08-09,Three Rivers,Not Reported,21,0,0
2020-08-09,Hampton,Male,548,33,3
2020-08-09,Alleghany,Male,447,29,8
2020-08-09,Roanoke,Female,531,12,9
2020-08-09,Loudoun,Not Reported,36,0,0
2020-08-09,Fairfax,Female,8427,833,266
2020-08-09,Western Tidewater,Male,957,72,43
2020-08-09,Peninsula,Not Reported,15,0,0
2020-08-09,New River,Male,294,23,5
2020-08-09,Central Shenandoah,Male,1276,105,29
2020-08-09,Southside,Male,451,36,15
2020-08-09,Chesterfield,Male,2267,133,52
2020-08-09,Arlington,Female,1516,194,66
2020-08-09,Rappahannock,Male,1694,162,35
2020-08-09,Central Virginia,Male,688,38,10
2020-08-09,Alleghany,Not Reported,8,0,0
2020-08-09,Henrico,Male,1799,174,86
2020-08-09,Thomas Jefferson,Male,918,68,20
2020-08-09,Lord Fairfax,Male,1204,118,40
2020-08-09,Three Rivers,Male,663,32,6
2020-08-09,Richmond,Not Reported,51,2,2
2020-08-09,Pittsylvania-Danville,Male,400,29,2
2020-08-09,Portsmouth,Not Reported,3,0,0
2020-08-09,Norfolk,Not Reported,2,0,0
2020-08-09,Chesapeake,Male,1292,110,22
2020-08-09,Chickahominy,Female,543,66,21
2020-08-09,Prince William,Male,5713,548,118
2020-08-09,Eastern Shore,Not Reported,9,0,0
2020-08-09,Eastern Shore,Male,687,61,21
2020-08-09,Rappahannock Rapidan,Male,955,81,16
2020-08-09,Henrico,Not Reported,25,0,0
2020-08-09,Cumberland Plateau,Female,192,12,2
2020-08-09,West Piedmont,Male,485,66,8
2020-08-09,Hampton,Not Reported,5,0,0
2020-08-09,Alexandria,Not Reported,9,0,0
2020-08-09,Western Tidewater,Not Reported,2,0,0
2020-08-09,Cumberland Plateau,Not Reported,0,0,0
2020-08-09,Virginia Beach,Male,2285,121,29
2020-08-09,Alleghany,Female,508,16,10
2020-08-09,Lenowisco,Female,188,18,1
2020-08-09,Virginia Beach,Not Reported,16,0,0
2020-08-09,Western Tidewater,Female,1158,60,35
2020-08-09,Mount Rogers,Male,660,86,35
2020-08-09,Lord Fairfax,Female,1354,104,48
2020-08-09,Piedmont,Not Reported,4,0,0
2020-08-09,Alexandria,Male,1425,149,27
2020-08-09,Pittsylvania-Danville,Not Reported,6,0,0
2020-08-09,West Piedmont,Not Reported,5,0,0
2020-08-09,Loudoun,Female,2636,153,72
2020-08-09,Hampton,Female,675,17,4
2020-08-09,Henrico,Female,2047,161,99
2020-08-09,Prince William,Not Reported,86,1,0
2020-08-09,Chickahominy,Male,438,67,24
2020-08-09,Rappahannock Rapidan,Not Reported,2,0,0
2020-08-09,Peninsula,Female,1562,81,26
2020-08-09,Lenowisco,Not Reported,1,0,0
2020-08-09,Crater,Not Reported,24,1,0
2020-08-09,Chickahominy,Not Reported,6,0,0
2020-08-09,Portsmouth,Male,797,60,13
2020-08-09,New River,Female,248,10,3
2020-08-09,Rappahannock,Female,1910,139,22
2020-08-09,Central Virginia,Female,753,24,4
2020-08-09,Roanoke,Not Reported,15,0,0
2020-08-09,West Piedmont,Female,636,74,7
2020-08-09,Mount Rogers,Female,763,42,18
2020-08-09,Piedmont,Male,1013,73,25
2020-08-09,Chesterfield,Female,2315,126,51
2020-08-09,Fairfax,Male,7999,1123,275
2020-08-09,Crater,Male,1274,100,32
2020-08-09,Central Virginia,Not Reported,8,0,0
2020-08-09,Prince William,Female,5858,425,87
2020-08-09,Virginia Beach,Female,2672,117,25
2020-08-09,Norfolk,Female,1960,100,15
2020-08-09,Three Rivers,Female,403,40,10
2020-08-09,Arlington,Male,1555,243,69
2020-08-09,Central Shenandoah,Female,1498,109,30
2020-08-09,Southside,Female,372,32,20
2020-08-10,Southside,Not Reported,4,0,0
2020-08-10,Chesapeake,Female,1638,120,15
2020-08-10,Richmond,Female,1609,150,12
2020-08-10,Roanoke,Male,469,12,6
2020-08-10,Fairfax,Not Reported,99,1,1
2020-08-10,Thomas Jefferson,Female,1052,76,24
2020-08-10,Chesapeake,Not Reported,4,0,0
2020-08-10,Cumberland Plateau,Male,165,14,1
2020-08-10,Eastern Shore,Female,702,67,24
2020-08-10,Lord Fairfax,Not Reported,10,0,0
2020-08-10,Rappahannock,Not Reported,12,1,0
2020-08-10,Central Shenandoah,Not Reported,0,0,0
2020-08-10,Peninsula,Male,1410,87,18
2020-08-10,Norfolk,Male,1741,94,16
2020-08-10,Alexandria,Female,1537,129,33
2020-08-10,Lenowisco,Male,180,19,6
2020-08-10,Pittsylvania-Danville,Female,494,48,7
2020-08-10,New River,Not Reported,4,0,0
2020-08-10,Chesterfield,Not Reported,124,0,2
2020-08-10,Loudoun,Male,2620,196,43
2020-08-10,Rappahannock Rapidan,Female,1011,57,11
2020-08-10,Piedmont,Female,450,51,9
2020-08-10,Richmond,Male,1531,152,27
2020-08-10,Crater,Female,1112,118,38
2020-08-10,Portsmouth,Female,976,73,12
2020-08-10,Arlington,Not Reported,6,0,0
2020-08-10,Mount Rogers,Not Reported,4,0,0
2020-08-10,Thomas Jefferson,Not Reported,2,0,0
2020-08-10,Three Rivers,Not Reported,21,0,0
2020-08-10,Hampton,Male,558,34,3
2020-08-10,Alleghany,Male,448,30,8
2020-08-10,Roanoke,Female,531,12,9
2020-08-10,Loudoun,Not Reported,36,0,0
2020-08-10,Fairfax,Female,8459,834,266
2020-08-10,Western Tidewater,Male,961,72,43
2020-08-10,Peninsula,Not Reported,15,0,0
2020-08-10,New River,Male,295,23,5
2020-08-10,Central Shenandoah,Male,1288,106,29
2020-08-10,Southside,Male,453,36,15
2020-08-10,Chesterfield,Male,2270,135,52
2020-08-10,Arlington,Female,1522,194,66
2020-08-10,Rappahannock,Male,1706,162,35
2020-08-10,Central Virginia,Male,692,38,10
2020-08-10,Alleghany,Not Reported,8,0,0
2020-08-10,Henrico,Male,1817,175,86
2020-08-10,Thomas Jefferson,Male,922,69,20
2020-08-10,Lord Fairfax,Male,1205,118,40
2020-08-10,Three Rivers,Male,670,32,6
2020-08-10,Richmond,Not Reported,50,2,2
2020-08-10,Pittsylvania-Danville,Male,404,29,2
2020-08-10,Portsmouth,Not Reported,3,0,0
2020-08-10,Norfolk,Not Reported,2,0,0
2020-08-10,Chesapeake,Male,1307,110,22
2020-08-10,Chickahominy,Female,548,66,21
2020-08-10,Prince William,Male,5730,549,118
2020-08-10,Eastern Shore,Not Reported,9,0,0
2020-08-10,Eastern Shore,Male,687,61,21
2020-08-10,Rappahannock Rapidan,Male,959,81,16
2020-08-10,Henrico,Not Reported,25,0,0
2020-08-10,Cumberland Plateau,Female,205,12,2
2020-08-10,West Piedmont,Male,492,67,8
2020-08-10,Hampton,Not Reported,5,0,0
2020-08-10,Alexandria,Not Reported,9,0,0
2020-08-10,Western Tidewater,Not Reported,2,0,0
2020-08-10,Cumberland Plateau,Not Reported,0,0,0
2020-08-10,Virginia Beach,Male,2318,123,29
2020-08-10,Alleghany,Female,508,17,10
2020-08-10,Lenowisco,Female,202,18,1
2020-08-10,Virginia Beach,Not Reported,16,0,0
2020-08-10,Western Tidewater,Female,1170,60,35
2020-08-10,Mount Rogers,Male,665,86,35
2020-08-10,Lord Fairfax,Female,1354,104,48
2020-08-10,Piedmont,Not Reported,4,0,0
2020-08-10,Alexandria,Male,1430,149,27
2020-08-10,Pittsylvania-Danville,Not Reported,6,0,0
2020-08-10,West Piedmont,Not Reported,5,0,0
2020-08-10,Loudoun,Female,2650,153,72
2020-08-10,Hampton,Female,682,17,4
2020-08-10,Henrico,Female,2062,161,99
2020-08-10,Prince William,Not Reported,86,1,0
2020-08-10,Chickahominy,Male,444,67,24
2020-08-10,Rappahannock Rapidan,Not Reported,1,0,0
2020-08-10,Peninsula,Female,1584,81,26
2020-08-10,Lenowisco,Not Reported,1,0,0
2020-08-10,Crater,Not Reported,24,1,0
2020-08-10,Chickahominy,Not Reported,6,0,0
2020-08-10,Portsmouth,Male,809,60,13
2020-08-10,New River,Female,248,10,3
2020-08-10,Rappahannock,Female,1931,139,22
2020-08-10,Central Virginia,Female,764,24,4
2020-08-10,Roanoke,Not Reported,15,0,0
2020-08-10,West Piedmont,Female,639,74,7
2020-08-10,Mount Rogers,Female,766,42,18
2020-08-10,Piedmont,Male,1013,73,25
2020-08-10,Chesterfield,Female,2320,126,51
2020-08-10,Fairfax,Male,8038,1124,275
2020-08-10,Crater,Male,1293,100,32
2020-08-10,Central Virginia,Not Reported,8,0,0
2020-08-10,Prince William,Female,5877,425,87
2020-08-10,Virginia Beach,Female,2716,119,25
2020-08-10,Norfolk,Female,1960,101,16
2020-08-10,Three Rivers,Female,411,40,10
2020-08-10,Arlington,Male,1563,243,69
2020-08-10,Central Shenandoah,Female,1505,109,30
2020-08-10,Southside,Female,375,32,20
2020-08-11,Southside,Not Reported,4,0,0
2020-08-11,Chesapeake,Female,1639,123,15
2020-08-11,Richmond,Female,1632,152,12
2020-08-11,Roanoke,Male,478,14,6
2020-08-11,Fairfax,Not Reported,112,1,1
2020-08-11,Thomas Jefferson,Female,1062,76,24
2020-08-11,Chesapeake,Not Reported,4,0,0
2020-08-11,Cumberland Plateau,Male,168,16,2
2020-08-11,Eastern Shore,Female,704,67,24
2020-08-11,Lord Fairfax,Not Reported,10,0,0
2020-08-11,Rappahannock,Not Reported,13,1,0
2020-08-11,Central Shenandoah,Not Reported,0,0,0
2020-08-11,Peninsula,Male,1413,87,20
2020-08-11,Norfolk,Male,1779,97,16
2020-08-11,Alexandria,Female,1544,129,33
2020-08-11,Lenowisco,Male,207,22,6
2020-08-11,Pittsylvania-Danville,Female,503,48,7
2020-08-11,New River,Not Reported,4,0,0
2020-08-11,Chesterfield,Not Reported,128,0,2
2020-08-11,Loudoun,Male,2638,197,43
2020-08-11,Rappahannock Rapidan,Female,1013,58,11
2020-08-11,Piedmont,Female,455,51,9
2020-08-11,Richmond,Male,1547,155,27
2020-08-11,Crater,Female,1127,118,38
2020-08-11,Portsmouth,Female,998,73,12
2020-08-11,Arlington,Not Reported,6,0,0
2020-08-11,Mount Rogers,Not Reported,3,0,0
2020-08-11,Thomas Jefferson,Not Reported,2,0,0
2020-08-11,Three Rivers,Not Reported,21,0,0
2020-08-11,Hampton,Male,565,34,3
2020-08-11,Alleghany,Male,452,30,8
2020-08-11,Roanoke,Female,539,12,9
2020-08-11,Loudoun,Not Reported,38,0,0
2020-08-11,Fairfax,Female,8503,835,266
2020-08-11,Western Tidewater,Male,973,72,43
2020-08-11,Peninsula,Not Reported,15,0,0
2020-08-11,New River,Male,297,23,5
2020-08-11,Central Shenandoah,Male,1296,106,29
2020-08-11,Southside,Male,457,36,15
2020-08-11,Chesterfield,Male,2295,137,52
2020-08-11,Arlington,Female,1531,194,66
2020-08-11,Rappahannock,Male,1730,162,35
2020-08-11,Central Virginia,Male,712,39,11
2020-08-11,Alleghany,Not Reported,8,0,0
2020-08-11,Henrico,Male,1841,174,86
2020-08-11,Thomas Jefferson,Male,933,69,20
2020-08-11,Lord Fairfax,Male,1210,121,42
2020-08-11,Three Rivers,Male,676,34,7
2020-08-11,Richmond,Not Reported,50,2,2
2020-08-11,Pittsylvania-Danville,Male,413,29,2
2020-08-11,Portsmouth,Not Reported,3,0,0
2020-08-11,Norfolk,Not Reported,2,0,0
2020-08-11,Chesapeake,Male,1315,115,23
2020-08-11,Chickahominy,Female,550,66,21
2020-08-11,Prince William,Male,5749,549,118
2020-08-11,Eastern Shore,Not Reported,9,0,0
2020-08-11,Eastern Shore,Male,689,61,21
2020-08-11,Rappahannock Rapidan,Male,964,81,16
2020-08-11,Henrico,Not Reported,25,1,0
2020-08-11,Cumberland Plateau,Female,212,12,2
2020-08-11,West Piedmont,Male,497,68,9
2020-08-11,Hampton,Not Reported,5,0,0
2020-08-11,Alexandria,Not Reported,10,0,0
2020-08-11,Western Tidewater,Not Reported,2,0,0
2020-08-11,Cumberland Plateau,Not Reported,0,0,0
2020-08-11,Virginia Beach,Male,2348,126,29
2020-08-11,Alleghany,Female,508,19,10
2020-08-11,Lenowisco,Female,216,20,1
2020-08-11,Virginia Beach,Not Reported,16,0,0
2020-08-11,Western Tidewater,Female,1190,60,36
2020-08-11,Mount Rogers,Male,673,86,37
2020-08-11,Lord Fairfax,Female,1363,105,48
2020-08-11,Piedmont,Not Reported,4,0,0
2020-08-11,Alexandria,Male,1441,152,27
2020-08-11,Pittsylvania-Danville,Not Reported,6,0,0
2020-08-11,West Piedmont,Not Reported,5,0,0
2020-08-11,Loudoun,Female,2670,155,72
2020-08-11,Hampton,Female,687,17,4
2020-08-11,Henrico,Female,2082,161,100
2020-08-11,Prince William,Not Reported,100,1,0
2020-08-11,Chickahominy,Male,446,67,24
2020-08-11,Rappahannock Rapidan,Not Reported,2,0,0
2020-08-11,Peninsula,Female,1591,81,26
2020-08-11,Lenowisco,Not Reported,2,0,0
2020-08-11,Crater,Not Reported,24,1,0
2020-08-11,Chickahominy,Not Reported,6,0,0
2020-08-11,Portsmouth,Male,832,60,13
2020-08-11,New River,Female,255,10,3
2020-08-11,Rappahannock,Female,1947,139,22
2020-08-11,Central Virginia,Female,780,25,5
2020-08-11,Roanoke,Not Reported,15,0,0
2020-08-11,West Piedmont,Female,645,77,8
2020-08-11,Mount Rogers,Female,770,42,18
2020-08-11,Piedmont,Male,1031,73,27
2020-08-11,Chesterfield,Female,2365,126,51
2020-08-11,Fairfax,Male,8080,1125,275
2020-08-11,Crater,Male,1324,101,32
2020-08-11,Central Virginia,Not Reported,8,0,0
2020-08-11,Prince William,Female,5899,427,87
2020-08-11,Virginia Beach,Female,2747,126,25
2020-08-11,Norfolk,Female,2006,104,16
2020-08-11,Three Rivers,Female,418,41,10
2020-08-11,Arlington,Male,1568,243,69
2020-08-11,Central Shenandoah,Female,1516,109,30
2020-08-11,Southside,Female,379,32,20
2020-08-12,Southside,Not Reported,4,0,0
2020-08-12,Chesapeake,Female,1667,124,15
2020-08-12,Richmond,Female,1645,154,12
2020-08-12,Roanoke,Male,482,14,6
2020-08-12,Fairfax,Not Reported,115,1,1
2020-08-12,Thomas Jefferson,Female,1074,76,24
2020-08-12,Chesapeake,Not Reported,4,0,0
2020-08-12,Cumberland Plateau,Male,170,16,2
2020-08-12,Eastern Shore,Female,705,68,25
2020-08-12,Lord Fairfax,Not Reported,10,0,0
2020-08-12,Rappahannock,Not Reported,12,1,0
2020-08-12,Central Shenandoah,Not Reported,1,0,0
2020-08-12,Peninsula,Male,1421,87,20
2020-08-12,Norfolk,Male,1788,100,17
2020-08-12,Alexandria,Female,1558,129,33
2020-08-12,Lenowisco,Male,215,22,6
2020-08-12,Pittsylvania-Danville,Female,511,48,7
2020-08-12,New River,Not Reported,4,0,0
2020-08-12,Chesterfield,Not Reported,129,0,2
2020-08-12,Loudoun,Male,2653,197,43
2020-08-12,Rappahannock Rapidan,Female,1015,58,11
2020-08-12,Piedmont,Female,460,52,9
2020-08-12,Richmond,Male,1555,158,27
2020-08-12,Crater,Female,1134,120,38
2020-08-12,Portsmouth,Female,1008,73,12
2020-08-12,Arlington,Not Reported,5,0,0
2020-08-12,Mount Rogers,Not Reported,3,0,0
2020-08-12,Thomas Jefferson,Not Reported,2,0,0
2020-08-12,Three Rivers,Not Reported,21,0,0
2020-08-12,Hampton,Male,572,35,3
2020-08-12,Alleghany,Male,453,30,8
2020-08-12,Roanoke,Female,539,13,9
2020-08-12,Loudoun,Not Reported,36,0,0
2020-08-12,Fairfax,Female,8549,842,266
2020-08-12,Western Tidewater,Male,996,74,45
2020-08-12,Peninsula,Not Reported,14,0,0
2020-08-12,New River,Male,309,23,5
2020-08-12,Central Shenandoah,Male,1304,107,29
2020-08-12,Southside,Male,458,37,16
2020-08-12,Chesterfield,Male,2309,140,53
2020-08-12,Arlington,Female,1539,194,66
2020-08-12,Rappahannock,Male,1756,164,35
2020-08-12,Central Virginia,Male,717,39,11
2020-08-12,Alleghany,Not Reported,8,0,0
2020-08-12,Henrico,Male,1850,175,86
2020-08-12,Thomas Jefferson,Male,944,69,20
2020-08-12,Lord Fairfax,Male,1211,122,42
2020-08-12,Three Rivers,Male,679,34,7
2020-08-12,Richmond,Not Reported,48,3,2
2020-08-12,Pittsylvania-Danville,Male,418,29,2
2020-08-12,Portsmouth,Not Reported,3,0,0
2020-08-12,Norfolk,Not Reported,2,0,0
2020-08-12,Chesapeake,Male,1337,115,23
2020-08-12,Chickahominy,Female,553,66,22
2020-08-12,Prince William,Male,5773,549,118
2020-08-12,Eastern Shore,Not Reported,9,0,0
2020-08-12,Eastern Shore,Male,690,62,21
2020-08-12,Rappahannock Rapidan,Male,964,81,16
2020-08-12,Henrico,Not Reported,25,1,0
2020-08-12,Cumberland Plateau,Female,216,13,2
2020-08-12,West Piedmont,Male,504,68,9
2020-08-12,Hampton,Not Reported,5,0,0
2020-08-12,Alexandria,Not Reported,10,0,0
2020-08-12,Western Tidewater,Not Reported,2,0,0
2020-08-12,Cumberland Plateau,Not Reported,0,0,0
2020-08-12,Virginia Beach,Male,2358,129,29
2020-08-12,Alleghany,Female,512,19,10
2020-08-12,Lenowisco,Female,226,21,1
2020-08-12,Virginia Beach,Not Reported,16,0,0
2020-08-12,Western Tidewater,Female,1210,60,36
2020-08-12,Mount Rogers,Male,683,88,37
2020-08-12,Lord Fairfax,Female,1368,107,48
2020-08-12,Piedmont,Not Reported,4,0,0
2020-08-12,Alexandria,Male,1446,152,27
2020-08-12,Pittsylvania-Danville,Not Reported,6,0,0
2020-08-12,West Piedmont,Not Reported,5,0,0
2020-08-12,Loudoun,Female,2683,156,72
2020-08-12,Hampton,Female,696,17,4
2020-08-12,Henrico,Female,2093,168,100
2020-08-12,Prince William,Not Reported,100,1,0
2020-08-12,Chickahominy,Male,450,67,24
2020-08-12,Rappahannock Rapidan,Not Reported,2,0,0
2020-08-12,Peninsula,Female,1605,82,26
2020-08-12,Lenowisco,Not Reported,2,0,0
2020-08-12,Crater,Not Reported,24,1,0
2020-08-12,Chickahominy,Not Reported,6,0,0
2020-08-12,Portsmouth,Male,844,60,13
2020-08-12,New River,Female,264,10,3
2020-08-12,Rappahannock,Female,1977,140,22
2020-08-12,Central Virginia,Female,788,26,5
2020-08-12,Roanoke,Not Reported,15,0,0
2020-08-12,West Piedmont,Female,658,77,8
2020-08-12,Mount Rogers,Female,777,44,18
2020-08-12,Piedmont,Male,1032,73,27
2020-08-12,Chesterfield,Female,2391,127,51
2020-08-12,Fairfax,Male,8131,1130,275
2020-08-12,Crater,Male,1368,102,32
2020-08-12,Central Virginia,Not Reported,8,0,0
2020-08-12,Prince William,Female,5920,428,88
2020-08-12,Virginia Beach,Female,2765,129,25
2020-08-12,Norfolk,Female,2012,108,16
2020-08-12,Three Rivers,Female,423,41,10
2020-08-12,Arlington,Male,1574,243,69
2020-08-12,Central Shenandoah,Female,1523,111,30
2020-08-12,Southside,Female,383,32,20
2020-08-13,Southside,Not Reported,4,0,0
2020-08-13,Chesapeake,Female,1706,130,18
2020-08-13,Richmond,Female,1656,156,12
2020-08-13,Roanoke,Male,486,14,6
2020-08-13,Fairfax,Not Reported,116,1,1
2020-08-13,Thomas Jefferson,Female,1088,79,24
2020-08-13,Chesapeake,Not Reported,4,0,0
2020-08-13,Cumberland Plateau,Male,172,16,2
2020-08-13,Eastern Shore,Female,706,68,25
2020-08-13,Lord Fairfax,Not Reported,10,0,0
2020-08-13,Rappahannock,Not Reported,9,1,0
2020-08-13,Central Shenandoah,Not Reported,0,0,0
2020-08-13,Peninsula,Male,1440,88,21
2020-08-13,Norfolk,Male,1830,103,17
2020-08-13,Alexandria,Female,1562,129,33
2020-08-13,Lenowisco,Male,226,22,6
2020-08-13,Pittsylvania-Danville,Female,525,49,8
2020-08-13,New River,Not Reported,4,0,0
2020-08-13,Chesterfield,Not Reported,130,0,2
2020-08-13,Loudoun,Male,2662,199,43
2020-08-13,Rappahannock Rapidan,Female,1019,58,11
2020-08-13,Piedmont,Female,456,51,8
2020-08-13,Richmond,Male,1575,162,27
2020-08-13,Crater,Female,1141,122,38
2020-08-13,Portsmouth,Female,1041,73,12
2020-08-13,Arlington,Not Reported,5,0,0
2020-08-13,Mount Rogers,Not Reported,3,0,0
2020-08-13,Thomas Jefferson,Not Reported,2,0,0
2020-08-13,Three Rivers,Not Reported,21,0,0
2020-08-13,Hampton,Male,580,35,3
2020-08-13,Alleghany,Male,456,30,8
2020-08-13,Roanoke,Female,540,13,9
2020-08-13,Loudoun,Not Reported,35,0,0
2020-08-13,Fairfax,Female,8573,843,267
2020-08-13,Western Tidewater,Male,1006,74,45
2020-08-13,Peninsula,Not Reported,14,0,0
2020-08-13,New River,Male,330,22,5
2020-08-13,Central Shenandoah,Male,1320,108,30
2020-08-13,Southside,Male,460,37,16
2020-08-13,Chesterfield,Male,2326,141,53
2020-08-13,Arlington,Female,1546,194,66
2020-08-13,Rappahannock,Male,1786,165,35
2020-08-13,Central Virginia,Male,744,39,11
2020-08-13,Alleghany,Not Reported,8,0,0
2020-08-13,Henrico,Male,1870,177,86
2020-08-13,Thomas Jefferson,Male,957,69,20
2020-08-13,Lord Fairfax,Male,1220,122,42
2020-08-13,Three Rivers,Male,686,35,7
2020-08-13,Richmond,Not Reported,49,3,2
2020-08-13,Pittsylvania-Danville,Male,429,29,2
2020-08-13,Portsmouth,Not Reported,3,0,0
2020-08-13,Norfolk,Not Reported,4,0,0
2020-08-13,Chesapeake,Male,1372,117,23
2020-08-13,Chickahominy,Female,566,66,22
2020-08-13,Prince William,Male,5831,554,118
2020-08-13,Eastern Shore,Not Reported,9,0,0
2020-08-13,Eastern Shore,Male,693,64,21
2020-08-13,Rappahannock Rapidan,Male,973,81,16
2020-08-13,Henrico,Not Reported,24,1,0
2020-08-13,Cumberland Plateau,Female,220,14,2
2020-08-13,West Piedmont,Male,520,70,9
2020-08-13,Hampton,Not Reported,5,0,0
2020-08-13,Alexandria,Not Reported,10,0,0
2020-08-13,Western Tidewater,Not Reported,2,0,0
2020-08-13,Cumberland Plateau,Not Reported,0,0,0
2020-08-13,Virginia Beach,Male,2385,129,29
2020-08-13,Alleghany,Female,516,19,10
2020-08-13,Lenowisco,Female,241,21,2
2020-08-13,Virginia Beach,Not Reported,16,0,0
2020-08-13,Western Tidewater,Female,1237,61,36
2020-08-13,Mount Rogers,Male,689,88,37
2020-08-13,Lord Fairfax,Female,1375,108,48
2020-08-13,Piedmont,Not Reported,4,0,0
2020-08-13,Alexandria,Male,1448,152,27
2020-08-13,Pittsylvania-Danville,Not Reported,6,0,0
2020-08-13,West Piedmont,Not Reported,5,0,0
2020-08-13,Loudoun,Female,2706,157,72
2020-08-13,Hampton,Female,706,17,4
2020-08-13,Henrico,Female,2105,169,101
2020-08-13,Prince William,Not Reported,96,1,0
2020-08-13,Chickahominy,Male,458,67,24
2020-08-13,Rappahannock Rapidan,Not Reported,2,0,0
2020-08-13,Peninsula,Female,1625,82,26
2020-08-13,Lenowisco,Not Reported,2,0,0
2020-08-13,Crater,Not Reported,24,1,0
2020-08-13,Chickahominy,Not Reported,6,0,0
2020-08-13,Portsmouth,Male,863,60,13
2020-08-13,New River,Female,265,10,3
2020-08-13,Rappahannock,Female,2021,141,23
2020-08-13,Central Virginia,Female,820,27,5
2020-08-13,Roanoke,Not Reported,15,0,0
2020-08-13,West Piedmont,Female,692,79,8
2020-08-13,Mount Rogers,Female,789,45,19
2020-08-13,Piedmont,Male,1043,74,27
2020-08-13,Chesterfield,Female,2416,126,51
2020-08-13,Fairfax,Male,8169,1131,275
2020-08-13,Crater,Male,1377,103,32
2020-08-13,Central Virginia,Not Reported,10,0,0
2020-08-13,Prince William,Female,5958,431,89
2020-08-13,Virginia Beach,Female,2803,130,25
2020-08-13,Norfolk,Female,2024,112,16
2020-08-13,Three Rivers,Female,434,41,10
2020-08-13,Arlington,Male,1583,243,69
2020-08-13,Central Shenandoah,Female,1537,111,30
2020-08-13,Southside,Female,385,32,20
2020-08-14,Southside,Not Reported,4,0,0
2020-08-14,Chesapeake,Female,1750,133,18
2020-08-14,Richmond,Female,1671,159,12
2020-08-14,Roanoke,Male,489,15,6
2020-08-14,Fairfax,Not Reported,116,2,1
2020-08-14,Thomas Jefferson,Female,1099,79,24
2020-08-14,Chesapeake,Not Reported,4,0,0
2020-08-14,Cumberland Plateau,Male,177,16,2
2020-08-14,Eastern Shore,Female,707,68,25
2020-08-14,Lord Fairfax,Not Reported,10,0,0
2020-08-14,Rappahannock,Not Reported,6,1,0
2020-08-14,Central Shenandoah,Not Reported,0,0,0
2020-08-14,Peninsula,Male,1472,88,21
2020-08-14,Norfolk,Male,1843,108,17
2020-08-14,Alexandria,Female,1574,129,33
2020-08-14,Lenowisco,Male,229,24,6
2020-08-14,Pittsylvania-Danville,Female,542,49,8
2020-08-14,New River,Not Reported,4,0,0
2020-08-14,Chesterfield,Not Reported,131,0,2
2020-08-14,Loudoun,Male,2679,201,43
2020-08-14,Rappahannock Rapidan,Female,1026,58,11
2020-08-14,Piedmont,Female,459,51,8
2020-08-14,Richmond,Male,1592,166,27
2020-08-14,Crater,Female,1143,122,38
2020-08-14,Portsmouth,Female,1066,74,12
2020-08-14,Arlington,Not Reported,4,0,0
2020-08-14,Mount Rogers,Not Reported,3,0,0
2020-08-14,Thomas Jefferson,Not Reported,1,0,0
2020-08-14,Three Rivers,Not Reported,21,0,0
2020-08-14,Hampton,Male,588,35,3
2020-08-14,Alleghany,Male,461,30,8
2020-08-14,Roanoke,Female,547,14,9
2020-08-14,Loudoun,Not Reported,35,0,0
2020-08-14,Fairfax,Female,8629,844,268
2020-08-14,Western Tidewater,Male,1032,75,45
2020-08-14,Peninsula,Not Reported,14,0,0
2020-08-14,New River,Male,333,23,5
2020-08-14,Central Shenandoah,Male,1329,108,30
2020-08-14,Southside,Male,467,37,16
2020-08-14,Chesterfield,Male,2345,141,53
2020-08-14,Arlington,Female,1569,194,66
2020-08-14,Rappahannock,Male,1801,167,35
2020-08-14,Central Virginia,Male,767,39,11
2020-08-14,Alleghany,Not Reported,8,0,0
2020-08-14,Henrico,Male,1886,178,86
2020-08-14,Thomas Jefferson,Male,967,70,20
2020-08-14,Lord Fairfax,Male,1228,123,42
2020-08-14,Three Rivers,Male,692,35,7
2020-08-14,Richmond,Not Reported,45,2,2
2020-08-14,Pittsylvania-Danville,Male,446,31,2
2020-08-14,Portsmouth,Not Reported,4,0,0
2020-08-14,Norfolk,Not Reported,3,0,0
2020-08-14,Chesapeake,Male,1404,117,23
2020-08-14,Chickahominy,Female,574,66,22
2020-08-14,Prince William,Male,5880,555,118
2020-08-14,Eastern Shore,Not Reported,9,0,0
2020-08-14,Eastern Shore,Male,698,65,21
2020-08-14,Rappahannock Rapidan,Male,979,81,16
2020-08-14,Henrico,Not Reported,23,1,0
2020-08-14,Cumberland Plateau,Female,222,15,3
2020-08-14,West Piedmont,Male,533,73,9
2020-08-14,Hampton,Not Reported,5,0,0
2020-08-14,Alexandria,Not Reported,10,0,0
2020-08-14,Western Tidewater,Not Reported,3,0,0
2020-08-14,Cumberland Plateau,Not Reported,0,0,0
2020-08-14,Virginia Beach,Male,2411,130,29
2020-08-14,Alleghany,Female,522,19,10
2020-08-14,Lenowisco,Female,251,22,3
2020-08-14,Virginia Beach,Not Reported,17,0,0
2020-08-14,Western Tidewater,Female,1266,62,36
2020-08-14,Mount Rogers,Male,701,90,37
2020-08-14,Lord Fairfax,Female,1386,108,48
2020-08-14,Piedmont,Not Reported,4,0,0
2020-08-14,Alexandria,Male,1466,153,28
2020-08-14,Pittsylvania-Danville,Not Reported,6,0,0
2020-08-14,West Piedmont,Not Reported,5,0,0
2020-08-14,Loudoun,Female,2727,157,72
2020-08-14,Hampton,Female,716,17,4
2020-08-14,Henrico,Female,2133,171,101
2020-08-14,Prince William,Not Reported,95,1,0
2020-08-14,Chickahominy,Male,466,67,24
2020-08-14,Rappahannock Rapidan,Not Reported,2,0,0
2020-08-14,Peninsula,Female,1652,82,26
2020-08-14,Lenowisco,Not Reported,2,0,0
2020-08-14,Crater,Not Reported,24,1,0
2020-08-14,Chickahominy,Not Reported,6,0,0
2020-08-14,Portsmouth,Male,882,60,13
2020-08-14,New River,Female,270,10,3
2020-08-14,Rappahannock,Female,2041,145,23
2020-08-14,Central Virginia,Female,847,27,5
2020-08-14,Roanoke,Not Reported,15,0,0
2020-08-14,West Piedmont,Female,713,80,8
2020-08-14,Mount Rogers,Female,802,46,21
2020-08-14,Piedmont,Male,1053,74,27
2020-08-14,Chesterfield,Female,2429,126,51
2020-08-14,Fairfax,Male,8227,1130,275
2020-08-14,Crater,Male,1434,103,32
2020-08-14,Central Virginia,Not Reported,10,0,0
2020-08-14,Prince William,Female,6017,431,89
2020-08-14,Virginia Beach,Female,2849,131,26
2020-08-14,Norfolk,Female,2049,115,16
2020-08-14,Three Rivers,Female,442,42,10
2020-08-14,Arlington,Male,1603,243,69
2020-08-14,Central Shenandoah,Female,1545,113,30
2020-08-14,Southside,Female,394,32,20
2020-08-15,Southside,Not Reported,4,0,0
2020-08-15,Chesapeake,Female,1777,135,18
2020-08-15,Richmond,Female,1690,159,13
2020-08-15,Roanoke,Male,492,15,6
2020-08-15,Fairfax,Not Reported,120,2,2
2020-08-15,Thomas Jefferson,Female,1110,79,24
2020-08-15,Chesapeake,Not Reported,4,0,0
2020-08-15,Cumberland Plateau,Male,181,16,2
2020-08-15,Eastern Shore,Female,709,68,25
2020-08-15,Lord Fairfax,Not Reported,11,0,0
2020-08-15,Rappahannock,Not Reported,8,1,0
2020-08-15,Central Shenandoah,Not Reported,0,0,0
2020-08-15,Peninsula,Male,1486,88,21
2020-08-15,Norfolk,Male,1868,111,17
2020-08-15,Alexandria,Female,1591,129,33
2020-08-15,Lenowisco,Male,242,26,7
2020-08-15,Pittsylvania-Danville,Female,552,50,8
2020-08-15,New River,Not Reported,4,0,0
2020-08-15,Chesterfield,Not Reported,133,0,2
2020-08-15,Loudoun,Male,2700,203,43
2020-08-15,Rappahannock Rapidan,Female,1031,58,11
2020-08-15,Piedmont,Female,464,51,8
2020-08-15,Richmond,Male,1604,166,27
2020-08-15,Crater,Female,1162,123,38
2020-08-15,Portsmouth,Female,1072,75,12
2020-08-15,Arlington,Not Reported,4,0,0
2020-08-15,Mount Rogers,Not Reported,3,0,0
2020-08-15,Thomas Jefferson,Not Reported,1,0,0
2020-08-15,Three Rivers,Not Reported,21,0,0
2020-08-15,Hampton,Male,592,35,4
2020-08-15,Alleghany,Male,463,31,8
2020-08-15,Roanoke,Female,549,15,9
2020-08-15,Loudoun,Not Reported,33,0,0
2020-08-15,Fairfax,Female,8667,850,269
2020-08-15,Western Tidewater,Male,1050,75,45
2020-08-15,Peninsula,Not Reported,14,0,0
2020-08-15,New River,Male,339,23,5
2020-08-15,Central Shenandoah,Male,1337,108,30
2020-08-15,Southside,Male,472,37,16
2020-08-15,Chesterfield,Male,2373,141,53
2020-08-15,Arlington,Female,1580,194,66
2020-08-15,Rappahannock,Male,1824,167,35
2020-08-15,Central Virginia,Male,792,39,11
2020-08-15,Alleghany,Not Reported,8,0,0
2020-08-15,Henrico,Male,1900,178,86
2020-08-15,Thomas Jefferson,Male,978,71,20
2020-08-15,Lord Fairfax,Male,1233,123,44
2020-08-15,Three Rivers,Male,697,35,7
2020-08-15,Richmond,Not Reported,45,2,2
2020-08-15,Pittsylvania-Danville,Male,453,31,2
2020-08-15,Portsmouth,Not Reported,4,0,0
2020-08-15,Norfolk,Not Reported,2,0,0
2020-08-15,Chesapeake,Male,1416,118,23
2020-08-15,Chickahominy,Female,578,66,22
2020-08-15,Prince William,Male,5904,555,118
2020-08-15,Eastern Shore,Not Reported,9,0,0
2020-08-15,Eastern Shore,Male,700,67,21
2020-08-15,Rappahannock Rapidan,Male,981,81,16
2020-08-15,Henrico,Not Reported,23,1,0
2020-08-15,Cumberland Plateau,Female,229,17,3
2020-08-15,West Piedmont,Male,538,73,9
2020-08-15,Hampton,Not Reported,5,0,0
2020-08-15,Alexandria,Not Reported,11,0,0
2020-08-15,Western Tidewater,Not Reported,3,0,0
2020-08-15,Cumberland Plateau,Not Reported,0,0,0
2020-08-15,Virginia Beach,Male,2430,131,29
2020-08-15,Alleghany,Female,520,20,10
2020-08-15,Lenowisco,Female,266,22,3
2020-08-15,Virginia Beach,Not Reported,17,0,0
2020-08-15,Western Tidewater,Female,1283,63,36
2020-08-15,Mount Rogers,Male,709,91,37
2020-08-15,Lord Fairfax,Female,1395,108,48
2020-08-15,Piedmont,Not Reported,4,0,0
2020-08-15,Alexandria,Male,1480,154,28
2020-08-15,Pittsylvania-Danville,Not Reported,6,0,0
2020-08-15,West Piedmont,Not Reported,5,0,0
2020-08-15,Loudoun,Female,2749,157,72
2020-08-15,Hampton,Female,724,18,5
2020-08-15,Henrico,Female,2145,172,101
2020-08-15,Prince William,Not Reported,93,1,0
2020-08-15,Chickahominy,Male,470,67,24
2020-08-15,Rappahannock Rapidan,Not Reported,3,0,0
2020-08-15,Peninsula,Female,1675,82,26
2020-08-15,Lenowisco,Not Reported,2,0,0
2020-08-15,Crater,Not Reported,25,1,0
2020-08-15,Chickahominy,Not Reported,6,0,0
2020-08-15,Portsmouth,Male,888,62,13
2020-08-15,New River,Female,274,10,3
2020-08-15,Rappahannock,Female,2060,145,23
2020-08-15,Central Virginia,Female,867,27,6
2020-08-15,Roanoke,Not Reported,15,0,0
2020-08-15,West Piedmont,Female,727,82,9
2020-08-15,Mount Rogers,Female,817,47,21
2020-08-15,Piedmont,Male,1065,74,27
2020-08-15,Chesterfield,Female,2456,126,51
2020-08-15,Fairfax,Male,8255,1135,275
2020-08-15,Crater,Male,1446,104,32
2020-08-15,Central Virginia,Not Reported,9,0,0
2020-08-15,Prince William,Female,6053,432,89
2020-08-15,Virginia Beach,Female,2875,134,26
2020-08-15,Norfolk,Female,2074,118,17
2020-08-15,Three Rivers,Female,449,42,10
2020-08-15,Arlington,Male,1612,243,69
2020-08-15,Central Shenandoah,Female,1559,113,30
2020-08-15,Southside,Female,396,32,20
2020-08-16,Southside,Not Reported,4,0,0
2020-08-16,Chesapeake,Female,1810,137,18
2020-08-16,Richmond,Female,1698,162,13
2020-08-16,Roanoke,Male,497,15,6
2020-08-16,Fairfax,Not Reported,120,2,2
2020-08-16,Thomas Jefferson,Female,1125,80,24
2020-08-16,Chesapeake,Not Reported,4,0,0
2020-08-16,Cumberland Plateau,Male,183,16,2
2020-08-16,Eastern Shore,Female,712,68,25
2020-08-16,Lord Fairfax,Not Reported,11,0,0
2020-08-16,Rappahannock,Not Reported,8,1,0
2020-08-16,Central Shenandoah,Not Reported,0,0,0
2020-08-16,Peninsula,Male,1498,88,21
2020-08-16,Norfolk,Male,1885,113,17
2020-08-16,Alexandria,Female,1601,130,33
2020-08-16,Lenowisco,Male,253,27,7
2020-08-16,Pittsylvania-Danville,Female,564,50,8
2020-08-16,New River,Not Reported,4,0,0
2020-08-16,Chesterfield,Not Reported,131,0,2
2020-08-16,Loudoun,Male,2717,203,43
2020-08-16,Rappahannock Rapidan,Female,1036,58,11
2020-08-16,Piedmont,Female,466,51,8
2020-08-16,Richmond,Male,1610,168,27
2020-08-16,Crater,Female,1174,123,38
2020-08-16,Portsmouth,Female,1072,75,12
2020-08-16,Arlington,Not Reported,5,0,0
2020-08-16,Mount Rogers,Not Reported,3,0,0
2020-08-16,Thomas Jefferson,Not Reported,1,0,0
2020-08-16,Three Rivers,Not Reported,21,0,0
2020-08-16,Hampton,Male,598,35,4
2020-08-16,Alleghany,Male,463,31,8
2020-08-16,Roanoke,Female,552,15,9
2020-08-16,Loudoun,Not Reported,32,0,0
2020-08-16,Fairfax,Female,8722,850,269
2020-08-16,Western Tidewater,Male,1062,77,45
2020-08-16,Peninsula,Not Reported,14,0,0
2020-08-16,New River,Male,346,23,5
2020-08-16,Central Shenandoah,Male,1349,108,30
2020-08-16,Southside,Male,473,37,16
2020-08-16,Chesterfield,Male,2393,141,53
2020-08-16,Arlington,Female,1592,194,66
2020-08-16,Rappahannock,Male,1840,168,35
2020-08-16,Central Virginia,Male,819,40,11
2020-08-16,Alleghany,Not Reported,8,0,0
2020-08-16,Henrico,Male,1927,179,86
2020-08-16,Thomas Jefferson,Male,990,72,20
2020-08-16,Lord Fairfax,Male,1237,123,44
2020-08-16,Three Rivers,Male,698,35,7
2020-08-16,Richmond,Not Reported,46,2,2
2020-08-16,Pittsylvania-Danville,Male,462,32,2
2020-08-16,Portsmouth,Not Reported,4,0,0
2020-08-16,Norfolk,Not Reported,2,0,0
2020-08-16,Chesapeake,Male,1444,120,23
2020-08-16,Chickahominy,Female,582,66,22
2020-08-16,Prince William,Male,5938,556,118
2020-08-16,Eastern Shore,Not Reported,9,0,0
2020-08-16,Eastern Shore,Male,701,67,21
2020-08-16,Rappahannock Rapidan,Male,991,81,16
2020-08-16,Henrico,Not Reported,22,0,0
2020-08-16,Cumberland Plateau,Female,234,17,3
2020-08-16,West Piedmont,Male,538,73,9
2020-08-16,Hampton,Not Reported,5,0,0
2020-08-16,Alexandria,Not Reported,11,0,0
2020-08-16,Western Tidewater,Not Reported,4,0,0
2020-08-16,Cumberland Plateau,Not Reported,0,0,0
2020-08-16,Virginia Beach,Male,2461,132,29
2020-08-16,Alleghany,Female,520,20,10
2020-08-16,Lenowisco,Female,272,22,3
2020-08-16,Virginia Beach,Not Reported,17,0,0
2020-08-16,Western Tidewater,Female,1303,63,36
2020-08-16,Mount Rogers,Male,721,94,37
2020-08-16,Lord Fairfax,Female,1407,109,48
2020-08-16,Piedmont,Not Reported,4,0,0
2020-08-16,Alexandria,Male,1492,154,28
2020-08-16,Pittsylvania-Danville,Not Reported,6,0,0
2020-08-16,West Piedmont,Not Reported,5,0,0
2020-08-16,Loudoun,Female,2762,157,72
2020-08-16,Hampton,Female,734,18,5
2020-08-16,Henrico,Female,2160,173,101
2020-08-16,Prince William,Not Reported,95,1,0
2020-08-16,Chickahominy,Male,474,67,24
2020-08-16,Rappahannock Rapidan,Not Reported,3,0,0
2020-08-16,Peninsula,Female,1696,82,26
2020-08-16,Lenowisco,Not Reported,2,0,0
2020-08-16,Crater,Not Reported,25,1,0
2020-08-16,Chickahominy,Not Reported,6,0,0
2020-08-16,Portsmouth,Male,889,62,13
2020-08-16,New River,Female,279,10,3
2020-08-16,Rappahannock,Female,2078,145,23
2020-08-16,Central Virginia,Female,895,28,6
2020-08-16,Roanoke,Not Reported,15,0,0
2020-08-16,West Piedmont,Female,727,82,9
2020-08-16,Mount Rogers,Female,835,49,21
2020-08-16,Piedmont,Male,1069,74,27
2020-08-16,Chesterfield,Female,2470,126,51
2020-08-16,Fairfax,Male,8318,1136,275
2020-08-16,Crater,Male,1452,104,32
2020-08-16,Central Virginia,Not Reported,9,0,0
2020-08-16,Prince William,Female,6102,433,89
2020-08-16,Virginia Beach,Female,2916,134,26
2020-08-16,Norfolk,Female,2095,121,17
2020-08-16,Three Rivers,Female,450,43,10
2020-08-16,Arlington,Male,1632,243,69
2020-08-16,Central Shenandoah,Female,1572,113,30
2020-08-16,Southside,Female,398,32,20
2020-08-17,Southside,Not Reported,4,0,0
2020-08-17,Chesapeake,Female,1831,137,18
2020-08-17,Richmond,Female,1722,164,13
2020-08-17,Roanoke,Male,505,15,6
2020-08-17,Fairfax,Not Reported,122,2,4
2020-08-17,Thomas Jefferson,Female,1132,80,24
2020-08-17,Chesapeake,Not Reported,4,0,0
2020-08-17,Cumberland Plateau,Male,185,16,2
2020-08-17,Eastern Shore,Female,715,68,25
2020-08-17,Lord Fairfax,Not Reported,11,0,0
2020-08-17,Rappahannock,Not Reported,8,1,0
2020-08-17,Central Shenandoah,Not Reported,0,0,0
2020-08-17,Peninsula,Male,1520,88,21
2020-08-17,Norfolk,Male,1892,113,17
2020-08-17,Alexandria,Female,1614,130,33
2020-08-17,Lenowisco,Male,259,27,7
2020-08-17,Pittsylvania-Danville,Female,571,50,9
2020-08-17,New River,Not Reported,4,0,0
2020-08-17,Chesterfield,Not Reported,130,0,2
2020-08-17,Loudoun,Male,2725,203,43
2020-08-17,Rappahannock Rapidan,Female,1043,58,11
2020-08-17,Piedmont,Female,473,51,8
2020-08-17,Richmond,Male,1636,170,27
2020-08-17,Crater,Female,1186,125,38
2020-08-17,Portsmouth,Female,1091,75,12
2020-08-17,Arlington,Not Reported,5,0,0
2020-08-17,Mount Rogers,Not Reported,5,0,0
2020-08-17,Thomas Jefferson,Not Reported,1,0,0
2020-08-17,Three Rivers,Not Reported,21,0,0
2020-08-17,Hampton,Male,603,35,4
2020-08-17,Alleghany,Male,473,31,8
2020-08-17,Roanoke,Female,562,16,9
2020-08-17,Loudoun,Not Reported,32,0,0
2020-08-17,Fairfax,Female,8762,850,269
2020-08-17,Western Tidewater,Male,1075,79,45
2020-08-17,Peninsula,Not Reported,14,0,0
2020-08-17,New River,Male,348,23,5
2020-08-17,Central Shenandoah,Male,1362,110,30
2020-08-17,Southside,Male,474,37,16
2020-08-17,Chesterfield,Male,2396,141,53
2020-08-17,Arlington,Female,1600,194,66
2020-08-17,Rappahannock,Male,1852,170,35
2020-08-17,Central Virginia,Male,819,40,11
2020-08-17,Alleghany,Not Reported,8,0,0
2020-08-17,Henrico,Male,1947,179,86
2020-08-17,Thomas Jefferson,Male,1001,72,20
2020-08-17,Lord Fairfax,Male,1238,124,44
2020-08-17,Three Rivers,Male,704,37,7
2020-08-17,Richmond,Not Reported,46,2,2
2020-08-17,Pittsylvania-Danville,Male,471,32,2
2020-08-17,Portsmouth,Not Reported,4,0,0
2020-08-17,Norfolk,Not Reported,2,0,0
2020-08-17,Chesapeake,Male,1468,120,23
2020-08-17,Chickahominy,Female,586,66,22
2020-08-17,Prince William,Male,5963,556,118
2020-08-17,Eastern Shore,Not Reported,9,0,0
2020-08-17,Eastern Shore,Male,702,67,21
2020-08-17,Rappahannock Rapidan,Male,995,81,16
2020-08-17,Henrico,Not Reported,22,0,0
2020-08-17,Cumberland Plateau,Female,239,17,3
2020-08-17,West Piedmont,Male,538,73,9
2020-08-17,Hampton,Not Reported,5,0,0
2020-08-17,Alexandria,Not Reported,11,0,0
2020-08-17,Western Tidewater,Not Reported,4,0,0
2020-08-17,Cumberland Plateau,Not Reported,0,0,0
2020-08-17,Virginia Beach,Male,2481,133,29
2020-08-17,Alleghany,Female,526,21,10
2020-08-17,Lenowisco,Female,275,22,3
2020-08-17,Virginia Beach,Not Reported,17,0,0
2020-08-17,Western Tidewater,Female,1317,63,36
2020-08-17,Mount Rogers,Male,733,96,37
2020-08-17,Lord Fairfax,Female,1410,110,48
2020-08-17,Piedmont,Not Reported,4,0,0
2020-08-17,Alexandria,Male,1505,154,28
2020-08-17,Pittsylvania-Danville,Not Reported,6,0,0
2020-08-17,West Piedmont,Not Reported,5,0,0
2020-08-17,Loudoun,Female,2771,158,72
2020-08-17,Hampton,Female,741,18,5
2020-08-17,Henrico,Female,2180,175,101
2020-08-17,Prince William,Not Reported,95,1,0
2020-08-17,Chickahominy,Male,476,68,24
2020-08-17,Rappahannock Rapidan,Not Reported,3,0,0
2020-08-17,Peninsula,Female,1703,82,26
2020-08-17,Lenowisco,Not Reported,3,0,0
2020-08-17,Crater,Not Reported,25,1,0
2020-08-17,Chickahominy,Not Reported,6,0,0
2020-08-17,Portsmouth,Male,900,62,13
2020-08-17,New River,Female,286,10,3
2020-08-17,Rappahannock,Female,2093,145,23
2020-08-17,Central Virginia,Female,898,28,6
2020-08-17,Roanoke,Not Reported,15,0,0
2020-08-17,West Piedmont,Female,728,82,9
2020-08-17,Mount Rogers,Female,848,51,22
2020-08-17,Piedmont,Male,1072,74,27
2020-08-17,Chesterfield,Female,2471,126,51
2020-08-17,Fairfax,Male,8352,1137,275
2020-08-17,Crater,Male,1462,104,32
2020-08-17,Central Virginia,Not Reported,9,0,0
2020-08-17,Prince William,Female,6120,433,89
2020-08-17,Virginia Beach,Female,2946,134,26
2020-08-17,Norfolk,Female,2108,121,17
2020-08-17,Three Rivers,Female,459,43,10
2020-08-17,Arlington,Male,1641,243,69
2020-08-17,Central Shenandoah,Female,1582,115,30
2020-08-17,Southside,Female,399,32,20
2020-08-18,Southside,Not Reported,4,0,0
2020-08-18,Chesapeake,Female,1841,143,18
2020-08-18,Richmond,Female,1730,166,13
2020-08-18,Roanoke,Male,509,16,6
2020-08-18,Fairfax,Not Reported,121,2,4
2020-08-18,Thomas Jefferson,Female,1138,82,24
2020-08-18,Chesapeake,Not Reported,4,0,0
2020-08-18,Cumberland Plateau,Male,193,18,2
2020-08-18,Eastern Shore,Female,716,68,25
2020-08-18,Lord Fairfax,Not Reported,12,0,0
2020-08-18,Rappahannock,Not Reported,15,1,0
2020-08-18,Central Shenandoah,Not Reported,0,0,0
2020-08-18,Peninsula,Male,1527,88,21
2020-08-18,Norfolk,Male,1911,116,17
2020-08-18,Alexandria,Female,1619,130,33
2020-08-18,Lenowisco,Male,268,28,7
2020-08-18,Pittsylvania-Danville,Female,585,50,9
2020-08-18,New River,Not Reported,4,0,0
2020-08-18,Chesterfield,Not Reported,129,0,2
2020-08-18,Loudoun,Male,2736,203,43
2020-08-18,Rappahannock Rapidan,Female,1049,59,11
2020-08-18,Piedmont,Female,476,51,8
2020-08-18,Richmond,Male,1647,174,27
2020-08-18,Crater,Female,1193,127,38
2020-08-18,Portsmouth,Female,1109,77,12
2020-08-18,Arlington,Not Reported,5,0,0
2020-08-18,Mount Rogers,Not Reported,5,0,0
2020-08-18,Thomas Jefferson,Not Reported,1,0,0
2020-08-18,Three Rivers,Not Reported,21,0,0
2020-08-18,Hampton,Male,609,35,4
2020-08-18,Alleghany,Male,477,33,8
2020-08-18,Roanoke,Female,561,16,9
2020-08-18,Loudoun,Not Reported,33,0,0
2020-08-18,Fairfax,Female,8803,855,270
2020-08-18,Western Tidewater,Male,1095,86,47
2020-08-18,Peninsula,Not Reported,14,0,0
2020-08-18,New River,Male,352,23,5
2020-08-18,Central Shenandoah,Male,1365,112,30
2020-08-18,Southside,Male,479,37,17
2020-08-18,Chesterfield,Male,2418,143,53
2020-08-18,Arlington,Female,1612,194,66
2020-08-18,Rappahannock,Male,1878,172,35
2020-08-18,Central Virginia,Male,839,41,11
2020-08-18,Alleghany,Not Reported,7,0,0
2020-08-18,Henrico,Male,1969,181,86
2020-08-18,Thomas Jefferson,Male,1014,73,20
2020-08-18,Lord Fairfax,Male,1251,124,44
2020-08-18,Three Rivers,Male,706,39,7
2020-08-18,Richmond,Not Reported,48,2,2
2020-08-18,Pittsylvania-Danville,Male,476,32,2
2020-08-18,Portsmouth,Not Reported,4,0,0
2020-08-18,Norfolk,Not Reported,2,0,0
2020-08-18,Chesapeake,Male,1474,125,23
2020-08-18,Chickahominy,Female,594,67,22
2020-08-18,Prince William,Male,6003,561,118
2020-08-18,Eastern Shore,Not Reported,9,0,0
2020-08-18,Eastern Shore,Male,702,67,21
2020-08-18,Rappahannock Rapidan,Male,1001,81,16
2020-08-18,Henrico,Not Reported,22,0,0
2020-08-18,Cumberland Plateau,Female,243,17,3
2020-08-18,West Piedmont,Male,564,75,9
2020-08-18,Hampton,Not Reported,5,0,0
2020-08-18,Alexandria,Not Reported,12,0,0
2020-08-18,Western Tidewater,Not Reported,4,0,0
2020-08-18,Cumberland Plateau,Not Reported,0,0,0
2020-08-18,Virginia Beach,Male,2493,133,29
2020-08-18,Alleghany,Female,531,21,10
2020-08-18,Lenowisco,Female,286,22,3
2020-08-18,Virginia Beach,Not Reported,17,0,0
2020-08-18,Western Tidewater,Female,1331,65,37
2020-08-18,Mount Rogers,Male,742,96,38
2020-08-18,Lord Fairfax,Female,1417,110,48
2020-08-18,Piedmont,Not Reported,4,0,0
2020-08-18,Alexandria,Male,1515,157,28
2020-08-18,Pittsylvania-Danville,Not Reported,7,0,0
2020-08-18,West Piedmont,Not Reported,5,0,0
2020-08-18,Loudoun,Female,2783,158,72
2020-08-18,Hampton,Female,748,18,5
2020-08-18,Henrico,Female,2198,176,101
2020-08-18,Prince William,Not Reported,96,1,0
2020-08-18,Chickahominy,Male,480,68,24
2020-08-18,Rappahannock Rapidan,Not Reported,3,0,0
2020-08-18,Peninsula,Female,1724,82,26
2020-08-18,Lenowisco,Not Reported,3,0,0
2020-08-18,Crater,Not Reported,25,1,0
2020-08-18,Chickahominy,Not Reported,6,0,0
2020-08-18,Portsmouth,Male,909,62,13
2020-08-18,New River,Female,293,10,3
2020-08-18,Rappahannock,Female,2111,144,23
2020-08-18,Central Virginia,Female,926,28,6
2020-08-18,Roanoke,Not Reported,14,0,0
2020-08-18,West Piedmont,Female,754,85,9
2020-08-18,Mount Rogers,Female,864,53,23
2020-08-18,Piedmont,Male,1076,74,27
2020-08-18,Chesterfield,Female,2513,127,52
2020-08-18,Fairfax,Male,8395,1138,276
2020-08-18,Crater,Male,1466,105,32
2020-08-18,Central Virginia,Not Reported,9,0,0
2020-08-18,Prince William,Female,6153,433,90
2020-08-18,Virginia Beach,Female,2960,135,27
2020-08-18,Norfolk,Female,2119,121,17
2020-08-18,Three Rivers,Female,457,43,10
2020-08-18,Arlington,Male,1647,244,69
2020-08-18,Central Shenandoah,Female,1587,117,30
2020-08-18,Southside,Female,402,32,20
2020-08-19,Southside,Not Reported,4,0,0
2020-08-19,Chesapeake,Female,1865,144,18
2020-08-19,Richmond,Female,1745,170,14
2020-08-19,Roanoke,Male,509,17,6
2020-08-19,Fairfax,Not Reported,121,2,4
2020-08-19,Thomas Jefferson,Female,1146,83,23
2020-08-19,Chesapeake,Not Reported,4,0,0
2020-08-19,Cumberland Plateau,Male,196,20,3
2020-08-19,Eastern Shore,Female,718,68,26
2020-08-19,Lord Fairfax,Not Reported,12,0,0
2020-08-19,Rappahannock,Not Reported,12,1,0
2020-08-19,Central Shenandoah,Not Reported,0,0,0
2020-08-19,Peninsula,Male,1537,88,21
2020-08-19,Norfolk,Male,1922,119,20
2020-08-19,Alexandria,Female,1631,130,33
2020-08-19,Lenowisco,Male,272,29,7
2020-08-19,Pittsylvania-Danville,Female,589,50,9
2020-08-19,New River,Not Reported,3,0,0
2020-08-19,Chesterfield,Not Reported,130,0,1
2020-08-19,Loudoun,Male,2752,203,43
2020-08-19,Rappahannock Rapidan,Female,1054,60,11
2020-08-19,Piedmont,Female,476,51,8
2020-08-19,Richmond,Male,1662,176,27
2020-08-19,Crater,Female,1206,127,37
2020-08-19,Portsmouth,Female,1111,78,12
2020-08-19,Arlington,Not Reported,5,0,0
2020-08-19,Mount Rogers,Not Reported,6,0,1
2020-08-19,Thomas Jefferson,Not Reported,1,0,0
2020-08-19,Three Rivers,Not Reported,21,0,0
2020-08-19,Hampton,Male,615,35,4
2020-08-19,Alleghany,Male,474,32,8
2020-08-19,Roanoke,Female,562,19,9
2020-08-19,Loudoun,Not Reported,32,0,0
2020-08-19,Fairfax,Female,8850,860,270
2020-08-19,Western Tidewater,Male,1107,86,47
2020-08-19,Peninsula,Not Reported,14,0,0
2020-08-19,New River,Male,357,24,5
2020-08-19,Central Shenandoah,Male,1379,112,30
2020-08-19,Southside,Male,481,37,17
2020-08-19,Chesterfield,Male,2433,146,52
2020-08-19,Arlington,Female,1628,195,66
2020-08-19,Rappahannock,Male,1885,172,35
2020-08-19,Central Virginia,Male,850,42,11
2020-08-19,Alleghany,Not Reported,7,0,0
2020-08-19,Henrico,Male,1977,182,86
2020-08-19,Thomas Jefferson,Male,1020,73,20
2020-08-19,Lord Fairfax,Male,1257,125,44
2020-08-19,Three Rivers,Male,708,41,8
2020-08-19,Richmond,Not Reported,48,2,2
2020-08-19,Pittsylvania-Danville,Male,488,32,2
2020-08-19,Portsmouth,Not Reported,4,0,0
2020-08-19,Norfolk,Not Reported,2,0,0
2020-08-19,Chesapeake,Male,1489,125,23
2020-08-19,Chickahominy,Female,600,67,22
2020-08-19,Prince William,Male,6030,563,118
2020-08-19,Eastern Shore,Not Reported,9,0,0
2020-08-19,Eastern Shore,Male,702,67,21
2020-08-19,Rappahannock Rapidan,Male,1012,81,17
2020-08-19,Henrico,Not Reported,22,0,0
2020-08-19,Cumberland Plateau,Female,246,17,3
2020-08-19,West Piedmont,Male,570,77,14
2020-08-19,Hampton,Not Reported,5,0,0
2020-08-19,Alexandria,Not Reported,12,0,0
2020-08-19,Western Tidewater,Not Reported,4,0,0
2020-08-19,Cumberland Plateau,Not Reported,0,0,0
2020-08-19,Virginia Beach,Male,2514,138,32
2020-08-19,Alleghany,Female,532,21,10
2020-08-19,Lenowisco,Female,290,22,3
2020-08-19,Virginia Beach,Not Reported,17,0,0
2020-08-19,Western Tidewater,Female,1346,65,37
2020-08-19,Mount Rogers,Male,759,97,37
2020-08-19,Lord Fairfax,Female,1421,110,48
2020-08-19,Piedmont,Not Reported,4,0,0
2020-08-19,Alexandria,Male,1522,157,28
2020-08-19,Pittsylvania-Danville,Not Reported,7,0,0
2020-08-19,West Piedmont,Not Reported,5,0,0
2020-08-19,Loudoun,Female,2796,158,72
2020-08-19,Hampton,Female,757,18,5
2020-08-19,Henrico,Female,2203,176,101
2020-08-19,Prince William,Not Reported,96,1,0
2020-08-19,Chickahominy,Male,484,68,24
2020-08-19,Rappahannock Rapidan,Not Reported,4,0,0
2020-08-19,Peninsula,Female,1735,82,26
2020-08-19,Lenowisco,Not Reported,3,0,0
2020-08-19,Crater,Not Reported,25,1,0
2020-08-19,Chickahominy,Not Reported,6,0,0
2020-08-19,Portsmouth,Male,909,63,13
2020-08-19,New River,Female,296,10,3
2020-08-19,Rappahannock,Female,2128,146,23
2020-08-19,Central Virginia,Female,944,28,6
2020-08-19,Roanoke,Not Reported,14,0,0
2020-08-19,West Piedmont,Female,764,89,11
2020-08-19,Mount Rogers,Female,895,54,23
2020-08-19,Piedmont,Male,1072,74,27
2020-08-19,Chesterfield,Female,2535,127,49
2020-08-19,Fairfax,Male,8425,1145,277
2020-08-19,Crater,Male,1491,106,32
2020-08-19,Central Virginia,Not Reported,9,0,0
2020-08-19,Prince William,Female,6179,436,91
2020-08-19,Virginia Beach,Female,2991,144,28
2020-08-19,Norfolk,Female,2138,122,17
2020-08-19,Three Rivers,Female,458,43,10
2020-08-19,Arlington,Male,1660,247,69
2020-08-19,Central Shenandoah,Female,1592,117,30
2020-08-19,Southside,Female,404,32,20
2020-08-20,Southside,Not Reported,4,0,0
2020-08-20,Chesapeake,Female,1880,145,18
2020-08-20,Richmond,Female,1758,172,14
2020-08-20,Roanoke,Male,513,17,6
2020-08-20,Fairfax,Not Reported,122,2,4
2020-08-20,Thomas Jefferson,Female,1155,84,23
2020-08-20,Chesapeake,Not Reported,4,0,0
2020-08-20,Cumberland Plateau,Male,201,20,3
2020-08-20,Eastern Shore,Female,719,68,26
2020-08-20,Lord Fairfax,Not Reported,12,0,0
2020-08-20,Rappahannock,Not Reported,9,1,0
2020-08-20,Central Shenandoah,Not Reported,0,0,0
2020-08-20,Peninsula,Male,1557,88,21
2020-08-20,Norfolk,Male,1935,119,20
2020-08-20,Alexandria,Female,1643,130,33
2020-08-20,Lenowisco,Male,278,30,7
2020-08-20,Pittsylvania-Danville,Female,603,50,9
2020-08-20,New River,Not Reported,3,0,0
2020-08-20,Chesterfield,Not Reported,129,0,1
2020-08-20,Loudoun,Male,2773,204,43
2020-08-20,Rappahannock Rapidan,Female,1059,60,11
2020-08-20,Piedmont,Female,486,51,8
2020-08-20,Richmond,Male,1674,176,27
2020-08-20,Crater,Female,1221,127,37
2020-08-20,Portsmouth,Female,1121,82,14
2020-08-20,Arlington,Not Reported,5,0,0
2020-08-20,Mount Rogers,Not Reported,6,0,1
2020-08-20,Thomas Jefferson,Not Reported,1,0,0
2020-08-20,Three Rivers,Not Reported,21,0,0
2020-08-20,Hampton,Male,617,35,4
2020-08-20,Alleghany,Male,477,33,8
2020-08-20,Roanoke,Female,571,19,9
2020-08-20,Loudoun,Not Reported,32,0,0
2020-08-20,Fairfax,Female,8895,864,270
2020-08-20,Western Tidewater,Male,1113,86,47
2020-08-20,Peninsula,Not Reported,14,0,0
2020-08-20,New River,Male,361,26,5
2020-08-20,Central Shenandoah,Male,1385,112,30
2020-08-20,Southside,Male,484,37,17
2020-08-20,Chesterfield,Male,2449,146,52
2020-08-20,Arlington,Female,1638,196,66
2020-08-20,Rappahannock,Male,1898,172,35
2020-08-20,Central Virginia,Male,883,42,11
2020-08-20,Alleghany,Not Reported,7,0,0
2020-08-20,Henrico,Male,1991,183,87
2020-08-20,Thomas Jefferson,Male,1032,73,20
2020-08-20,Lord Fairfax,Male,1264,124,44
2020-08-20,Three Rivers,Male,711,41,8
2020-08-20,Richmond,Not Reported,48,2,2
2020-08-20,Pittsylvania-Danville,Male,499,35,2
2020-08-20,Portsmouth,Not Reported,4,0,0
2020-08-20,Norfolk,Not Reported,2,0,0
2020-08-20,Chesapeake,Male,1500,129,23
2020-08-20,Chickahominy,Female,605,67,22
2020-08-20,Prince William,Male,6062,565,118
2020-08-20,Eastern Shore,Not Reported,9,0,0
2020-08-20,Eastern Shore,Male,704,67,21
2020-08-20,Rappahannock Rapidan,Male,1018,82,17
2020-08-20,Henrico,Not Reported,22,0,0
2020-08-20,Cumberland Plateau,Female,253,17,3
2020-08-20,West Piedmont,Male,584,79,15
2020-08-20,Hampton,Not Reported,5,0,0
2020-08-20,Alexandria,Not Reported,11,0,0
2020-08-20,Western Tidewater,Not Reported,4,0,0
2020-08-20,Cumberland Plateau,Not Reported,0,0,0
2020-08-20,Virginia Beach,Male,2528,138,32
2020-08-20,Alleghany,Female,537,22,10
2020-08-20,Lenowisco,Female,296,22,3
2020-08-20,Virginia Beach,Not Reported,17,0,0
2020-08-20,Western Tidewater,Female,1351,68,39
2020-08-20,Mount Rogers,Male,767,97,37
2020-08-20,Lord Fairfax,Female,1431,111,48
2020-08-20,Piedmont,Not Reported,4,0,0
2020-08-20,Alexandria,Male,1532,157,28
2020-08-20,Pittsylvania-Danville,Not Reported,7,0,0
2020-08-20,West Piedmont,Not Reported,5,0,0
2020-08-20,Loudoun,Female,2809,159,72
2020-08-20,Hampton,Female,766,18,5
2020-08-20,Henrico,Female,2211,176,101
2020-08-20,Prince William,Not Reported,97,1,0
2020-08-20,Chickahominy,Male,488,68,24
2020-08-20,Rappahannock Rapidan,Not Reported,4,0,0
2020-08-20,Peninsula,Female,1742,82,26
2020-08-20,Lenowisco,Not Reported,3,0,0
2020-08-20,Crater,Not Reported,25,1,0
2020-08-20,Chickahominy,Not Reported,6,0,0
2020-08-20,Portsmouth,Male,920,70,14
2020-08-20,New River,Female,303,10,3
2020-08-20,Rappahannock,Female,2162,149,23
2020-08-20,Central Virginia,Female,972,28,6
2020-08-20,Roanoke,Not Reported,20,0,0
2020-08-20,West Piedmont,Female,780,90,11
2020-08-20,Mount Rogers,Female,900,54,24
2020-08-20,Piedmont,Male,1077,74,28
2020-08-20,Chesterfield,Female,2553,128,49
2020-08-20,Fairfax,Male,8482,1159,279
2020-08-20,Crater,Male,1499,107,32
2020-08-20,Central Virginia,Not Reported,9,0,0
2020-08-20,Prince William,Female,6221,436,92
2020-08-20,Virginia Beach,Female,3017,146,29
2020-08-20,Norfolk,Female,2154,125,19
2020-08-20,Three Rivers,Female,460,43,10
2020-08-20,Arlington,Male,1667,251,71
2020-08-20,Central Shenandoah,Female,1599,118,30
2020-08-20,Southside,Female,417,32,20
2020-08-21,Southside,Not Reported,4,0,0
2020-08-21,Chesapeake,Female,1893,147,18
2020-08-21,Richmond,Female,1768,173,14
2020-08-21,Roanoke,Male,517,18,6
2020-08-21,Fairfax,Not Reported,123,2,4
2020-08-21,Thomas Jefferson,Female,1172,84,23
2020-08-21,Chesapeake,Not Reported,4,0,0
2020-08-21,Cumberland Plateau,Male,204,20,3
2020-08-21,Eastern Shore,Female,722,68,26
2020-08-21,Lord Fairfax,Not Reported,12,0,0
2020-08-21,Rappahannock,Not Reported,7,1,0
2020-08-21,Central Shenandoah,Not Reported,0,0,0
2020-08-21,Peninsula,Male,1574,88,21
2020-08-21,Norfolk,Male,1954,124,20
2020-08-21,Alexandria,Female,1652,131,33
2020-08-21,Lenowisco,Male,283,32,7
2020-08-21,Pittsylvania-Danville,Female,614,50,9
2020-08-21,New River,Not Reported,3,0,0
2020-08-21,Chesterfield,Not Reported,130,0,1
2020-08-21,Loudoun,Male,2782,204,43
2020-08-21,Rappahannock Rapidan,Female,1073,61,11
2020-08-21,Piedmont,Female,493,51,8
2020-08-21,Richmond,Male,1687,177,27
2020-08-21,Crater,Female,1239,127,37
2020-08-21,Portsmouth,Female,1132,84,15
2020-08-21,Arlington,Not Reported,8,0,0
2020-08-21,Mount Rogers,Not Reported,6,0,1
2020-08-21,Thomas Jefferson,Not Reported,1,0,0
2020-08-21,Three Rivers,Not Reported,21,0,0
2020-08-21,Hampton,Male,631,35,5
2020-08-21,Alleghany,Male,489,34,8
2020-08-21,Roanoke,Female,585,20,9
2020-08-21,Loudoun,Not Reported,42,0,0
2020-08-21,Fairfax,Female,8943,865,270
2020-08-21,Western Tidewater,Male,1135,88,47
2020-08-21,Peninsula,Not Reported,14,0,0
2020-08-21,New River,Male,378,26,5
2020-08-21,Central Shenandoah,Male,1397,112,30
2020-08-21,Southside,Male,490,37,17
2020-08-21,Chesterfield,Male,2462,148,52
2020-08-21,Arlington,Female,1650,196,66
2020-08-21,Rappahannock,Male,1920,173,35
2020-08-21,Central Virginia,Male,908,42,11
2020-08-21,Alleghany,Not Reported,7,0,0
2020-08-21,Henrico,Male,2009,184,87
2020-08-21,Thomas Jefferson,Male,1044,74,20
2020-08-21,Lord Fairfax,Male,1267,124,44
2020-08-21,Three Rivers,Male,714,41,8
2020-08-21,Richmond,Not Reported,47,2,2
2020-08-21,Pittsylvania-Danville,Male,511,39,7
2020-08-21,Portsmouth,Not Reported,3,0,0
2020-08-21,Norfolk,Not Reported,2,0,0
2020-08-21,Chesapeake,Male,1515,130,23
2020-08-21,Chickahominy,Female,610,67,22
2020-08-21,Prince William,Male,6106,569,118
2020-08-21,Eastern Shore,Not Reported,9,0,0
2020-08-21,Eastern Shore,Male,705,67,21
2020-08-21,Rappahannock Rapidan,Male,1024,83,17
2020-08-21,Henrico,Not Reported,21,0,0
2020-08-21,Cumberland Plateau,Female,258,17,3
2020-08-21,West Piedmont,Male,590,81,16
2020-08-21,Hampton,Not Reported,5,0,0
2020-08-21,Alexandria,Not Reported,11,0,0
2020-08-21,Western Tidewater,Not Reported,4,0,0
2020-08-21,Cumberland Plateau,Not Reported,0,0,0
2020-08-21,Virginia Beach,Male,2551,144,32
2020-08-21,Alleghany,Female,549,22,10
2020-08-21,Lenowisco,Female,301,22,3
2020-08-21,Virginia Beach,Not Reported,17,0,0
2020-08-21,Western Tidewater,Female,1387,69,39
2020-08-21,Mount Rogers,Male,777,97,37
2020-08-21,Lord Fairfax,Female,1433,111,48
2020-08-21,Piedmont,Not Reported,4,0,0
2020-08-21,Alexandria,Male,1540,157,28
2020-08-21,Pittsylvania-Danville,Not Reported,8,0,0
2020-08-21,West Piedmont,Not Reported,5,0,0
2020-08-21,Loudoun,Female,2823,160,72
2020-08-21,Hampton,Female,781,18,5
2020-08-21,Henrico,Female,2229,176,101
2020-08-21,Prince William,Not Reported,103,1,0
2020-08-21,Chickahominy,Male,491,68,24
2020-08-21,Rappahannock Rapidan,Not Reported,4,0,0
2020-08-21,Peninsula,Female,1764,83,26
2020-08-21,Lenowisco,Not Reported,3,0,0
2020-08-21,Crater,Not Reported,27,1,0
2020-08-21,Chickahominy,Not Reported,6,0,0
2020-08-21,Portsmouth,Male,922,72,15
2020-08-21,New River,Female,319,10,3
2020-08-21,Rappahannock,Female,2176,153,23
2020-08-21,Central Virginia,Female,987,28,6
2020-08-21,Roanoke,Not Reported,20,0,0
2020-08-21,West Piedmont,Female,789,91,11
2020-08-21,Mount Rogers,Female,914,54,24
2020-08-21,Piedmont,Male,1086,74,28
2020-08-21,Chesterfield,Female,2567,130,49
2020-08-21,Fairfax,Male,8523,1161,279
2020-08-21,Crater,Male,1508,109,32
2020-08-21,Central Virginia,Not Reported,9,0,0
2020-08-21,Prince William,Female,6267,438,92
2020-08-21,Virginia Beach,Female,3055,154,29
2020-08-21,Norfolk,Female,2163,127,19
2020-08-21,Three Rivers,Female,467,43,10
2020-08-21,Arlington,Male,1676,252,71
2020-08-21,Central Shenandoah,Female,1604,118,30
2020-08-21,Southside,Female,421,32,20
2020-08-22,Southside,Not Reported,4,0,0
2020-08-22,Chesapeake,Female,1916,151,18
2020-08-22,Richmond,Female,1785,174,14
2020-08-22,Roanoke,Male,516,19,6
2020-08-22,Fairfax,Not Reported,125,2,4
2020-08-22,Thomas Jefferson,Female,1193,85,23
2020-08-22,Chesapeake,Not Reported,4,0,0
2020-08-22,Cumberland Plateau,Male,225,21,3
2020-08-22,Eastern Shore,Female,723,69,26
2020-08-22,Lord Fairfax,Not Reported,12,0,0
2020-08-22,Rappahannock,Not Reported,7,1,0
2020-08-22,Central Shenandoah,Not Reported,0,0,0
2020-08-22,Peninsula,Male,1617,88,21
2020-08-22,Norfolk,Male,1976,125,20
2020-08-22,Alexandria,Female,1669,133,33
2020-08-22,Lenowisco,Male,285,32,7
2020-08-22,Pittsylvania-Danville,Female,630,51,9
2020-08-22,New River,Not Reported,3,0,0
2020-08-22,Chesterfield,Not Reported,130,0,1
2020-08-22,Loudoun,Male,2798,204,43
2020-08-22,Rappahannock Rapidan,Female,1081,60,11
2020-08-22,Piedmont,Female,502,51,8
2020-08-22,Richmond,Male,1716,176,27
2020-08-22,Crater,Female,1252,129,37
2020-08-22,Portsmouth,Female,1148,85,15
2020-08-22,Arlington,Not Reported,8,0,0
2020-08-22,Mount Rogers,Not Reported,6,0,1
2020-08-22,Thomas Jefferson,Not Reported,1,0,0
2020-08-22,Three Rivers,Not Reported,21,0,0
2020-08-22,Hampton,Male,641,35,5
2020-08-22,Alleghany,Male,499,34,8
2020-08-22,Roanoke,Female,585,21,9
2020-08-22,Loudoun,Not Reported,44,0,0
2020-08-22,Fairfax,Female,8999,866,270
2020-08-22,Western Tidewater,Male,1154,88,47
2020-08-22,Peninsula,Not Reported,14,0,0
2020-08-22,New River,Male,394,26,5
2020-08-22,Central Shenandoah,Male,1410,112,30
2020-08-22,Southside,Male,494,37,17
2020-08-22,Chesterfield,Male,2487,150,52
2020-08-22,Arlington,Female,1661,196,66
2020-08-22,Rappahannock,Male,1938,174,35
2020-08-22,Central Virginia,Male,933,42,11
2020-08-22,Alleghany,Not Reported,7,0,0
2020-08-22,Henrico,Male,2024,184,87
2020-08-22,Thomas Jefferson,Male,1053,77,20
2020-08-22,Lord Fairfax,Male,1280,124,44
2020-08-22,Three Rivers,Male,716,41,8
2020-08-22,Richmond,Not Reported,47,2,2
2020-08-22,Pittsylvania-Danville,Male,522,39,7
2020-08-22,Portsmouth,Not Reported,3,0,0
2020-08-22,Norfolk,Not Reported,2,0,0
2020-08-22,Chesapeake,Male,1542,136,24
2020-08-22,Chickahominy,Female,614,68,22
2020-08-22,Prince William,Male,6139,571,119
2020-08-22,Eastern Shore,Not Reported,9,0,0
2020-08-22,Eastern Shore,Male,706,67,21
2020-08-22,Rappahannock Rapidan,Male,1034,83,17
2020-08-22,Henrico,Not Reported,21,0,0
2020-08-22,Cumberland Plateau,Female,259,17,3
2020-08-22,West Piedmont,Male,610,81,16
2020-08-22,Hampton,Not Reported,5,0,0
2020-08-22,Alexandria,Not Reported,11,0,0
2020-08-22,Western Tidewater,Not Reported,4,0,0
2020-08-22,Cumberland Plateau,Not Reported,0,0,0
2020-08-22,Virginia Beach,Male,2572,147,34
2020-08-22,Alleghany,Female,559,23,10
2020-08-22,Lenowisco,Female,305,22,3
2020-08-22,Virginia Beach,Not Reported,17,0,0
2020-08-22,Western Tidewater,Female,1417,69,39
2020-08-22,Mount Rogers,Male,789,100,37
2020-08-22,Lord Fairfax,Female,1435,111,48
2020-08-22,Piedmont,Not Reported,4,0,0
2020-08-22,Alexandria,Male,1558,159,28
2020-08-22,Pittsylvania-Danville,Not Reported,8,0,0
2020-08-22,West Piedmont,Not Reported,5,0,0
2020-08-22,Loudoun,Female,2842,161,72
2020-08-22,Hampton,Female,791,18,5
2020-08-22,Henrico,Female,2249,176,101
2020-08-22,Prince William,Not Reported,108,1,0
2020-08-22,Chickahominy,Male,494,68,24
2020-08-22,Rappahannock Rapidan,Not Reported,4,0,0
2020-08-22,Peninsula,Female,1791,85,26
2020-08-22,Lenowisco,Not Reported,3,0,0
2020-08-22,Crater,Not Reported,27,1,0
2020-08-22,Chickahominy,Not Reported,6,0,0
2020-08-22,Portsmouth,Male,934,74,15
2020-08-22,New River,Female,332,11,3
2020-08-22,Rappahannock,Female,2199,155,24
2020-08-22,Central Virginia,Female,1021,29,7
2020-08-22,Roanoke,Not Reported,20,0,0
2020-08-22,West Piedmont,Female,795,93,11
2020-08-22,Mount Rogers,Female,935,55,24
2020-08-22,Piedmont,Male,1102,74,28
2020-08-22,Chesterfield,Female,2589,134,49
2020-08-22,Fairfax,Male,8577,1161,279
2020-08-22,Crater,Male,1559,110,32
2020-08-22,Central Virginia,Not Reported,9,0,0
2020-08-22,Prince William,Female,6329,438,93
2020-08-22,Virginia Beach,Female,3079,159,29
2020-08-22,Norfolk,Female,2186,130,19
2020-08-22,Three Rivers,Female,471,45,10
2020-08-22,Arlington,Male,1688,253,71
2020-08-22,Central Shenandoah,Female,1622,118,30
2020-08-22,Southside,Female,427,32,20
2020-08-23,Southside,Not Reported,4,0,0
2020-08-23,Chesapeake,Female,1941,152,18
2020-08-23,Richmond,Female,1807,174,14
2020-08-23,Roanoke,Male,517,19,6
2020-08-23,Fairfax,Not Reported,125,2,4
2020-08-23,Thomas Jefferson,Female,1201,85,24
2020-08-23,Chesapeake,Not Reported,4,0,0
2020-08-23,Cumberland Plateau,Male,226,21,3
2020-08-23,Eastern Shore,Female,723,69,26
2020-08-23,Lord Fairfax,Not Reported,12,0,0
2020-08-23,Rappahannock,Not Reported,7,1,0
2020-08-23,Central Shenandoah,Not Reported,0,0,0
2020-08-23,Peninsula,Male,1636,88,21
2020-08-23,Norfolk,Male,1976,126,22
2020-08-23,Alexandria,Female,1682,133,33
2020-08-23,Lenowisco,Male,288,32,7
2020-08-23,Pittsylvania-Danville,Female,643,53,9
2020-08-23,New River,Not Reported,3,0,0
2020-08-23,Chesterfield,Not Reported,130,0,1
2020-08-23,Loudoun,Male,2814,204,43
2020-08-23,Rappahannock Rapidan,Female,1112,60,12
2020-08-23,Piedmont,Female,502,51,8
2020-08-23,Richmond,Male,1734,177,27
2020-08-23,Crater,Female,1270,130,37
2020-08-23,Portsmouth,Female,1148,85,15
2020-08-23,Arlington,Not Reported,8,0,0
2020-08-23,Mount Rogers,Not Reported,6,0,1
2020-08-23,Thomas Jefferson,Not Reported,1,0,0
2020-08-23,Three Rivers,Not Reported,21,0,0
2020-08-23,Hampton,Male,652,35,5
2020-08-23,Alleghany,Male,499,34,8
2020-08-23,Roanoke,Female,586,21,9
2020-08-23,Loudoun,Not Reported,44,0,0
2020-08-23,Fairfax,Female,9063,867,271
2020-08-23,Western Tidewater,Male,1169,88,47
2020-08-23,Peninsula,Not Reported,14,0,0
2020-08-23,New River,Male,411,26,5
2020-08-23,Central Shenandoah,Male,1419,112,30
2020-08-23,Southside,Male,494,37,17
2020-08-23,Chesterfield,Male,2506,150,52
2020-08-23,Arlington,Female,1676,196,66
2020-08-23,Rappahannock,Male,1957,176,36
2020-08-23,Central Virginia,Male,955,42,11
2020-08-23,Alleghany,Not Reported,7,0,0
2020-08-23,Henrico,Male,2037,184,87
2020-08-23,Thomas Jefferson,Male,1059,77,21
2020-08-23,Lord Fairfax,Male,1287,124,44
2020-08-23,Three Rivers,Male,716,42,8
2020-08-23,Richmond,Not Reported,47,2,2
2020-08-23,Pittsylvania-Danville,Male,532,39,7
2020-08-23,Portsmouth,Not Reported,3,0,0
2020-08-23,Norfolk,Not Reported,2,0,0
2020-08-23,Chesapeake,Male,1578,141,24
2020-08-23,Chickahominy,Female,620,69,22
2020-08-23,Prince William,Male,6166,572,119
2020-08-23,Eastern Shore,Not Reported,9,0,0
2020-08-23,Eastern Shore,Male,706,68,21
2020-08-23,Rappahannock Rapidan,Male,1049,83,17
2020-08-23,Henrico,Not Reported,21,0,0
2020-08-23,Cumberland Plateau,Female,261,17,3
2020-08-23,West Piedmont,Male,617,81,17
2020-08-23,Hampton,Not Reported,5,0,0
2020-08-23,Alexandria,Not Reported,11,0,0
2020-08-23,Western Tidewater,Not Reported,4,0,0
2020-08-23,Cumberland Plateau,Not Reported,0,0,0
2020-08-23,Virginia Beach,Male,2582,148,34
2020-08-23,Alleghany,Female,560,23,11
2020-08-23,Lenowisco,Female,312,23,3
2020-08-23,Virginia Beach,Not Reported,17,0,0
2020-08-23,Western Tidewater,Female,1430,69,41
2020-08-23,Mount Rogers,Male,799,102,39
2020-08-23,Lord Fairfax,Female,1446,111,48
2020-08-23,Piedmont,Not Reported,4,0,0
2020-08-23,Alexandria,Male,1564,159,28
2020-08-23,Pittsylvania-Danville,Not Reported,8,0,0
2020-08-23,West Piedmont,Not Reported,5,0,0
2020-08-23,Loudoun,Female,2854,162,72
2020-08-23,Hampton,Female,797,18,6
2020-08-23,Henrico,Female,2261,177,102
2020-08-23,Prince William,Not Reported,110,1,0
2020-08-23,Chickahominy,Male,499,69,25
2020-08-23,Rappahannock Rapidan,Not Reported,4,0,0
2020-08-23,Peninsula,Female,1808,85,27
2020-08-23,Lenowisco,Not Reported,3,0,0
2020-08-23,Crater,Not Reported,27,1,0
2020-08-23,Chickahominy,Not Reported,6,0,0
2020-08-23,Portsmouth,Male,935,74,15
2020-08-23,New River,Female,357,11,3
2020-08-23,Rappahannock,Female,2210,156,24
2020-08-23,Central Virginia,Female,1043,29,7
2020-08-23,Roanoke,Not Reported,20,0,0
2020-08-23,West Piedmont,Female,803,93,11
2020-08-23,Mount Rogers,Female,943,56,24
2020-08-23,Piedmont,Male,1102,74,28
2020-08-23,Chesterfield,Female,2610,135,49
2020-08-23,Fairfax,Male,8629,1167,281
2020-08-23,Crater,Male,1603,110,33
2020-08-23,Central Virginia,Not Reported,9,0,0
2020-08-23,Prince William,Female,6371,439,94
2020-08-23,Virginia Beach,Female,3094,159,30
2020-08-23,Norfolk,Female,2186,130,21
2020-08-23,Three Rivers,Female,473,46,10
2020-08-23,Arlington,Male,1699,253,71
2020-08-23,Central Shenandoah,Female,1627,119,30
2020-08-23,Southside,Female,433,32,20
2020-08-24,Southside,Not Reported,4,0,0
2020-08-24,Chesapeake,Female,1965,155,18
2020-08-24,Richmond,Female,1821,177,14
2020-08-24,Roanoke,Male,519,19,6
2020-08-24,Fairfax,Not Reported,125,2,4
2020-08-24,Thomas Jefferson,Female,1207,85,24
2020-08-24,Chesapeake,Not Reported,4,0,0
2020-08-24,Cumberland Plateau,Male,226,21,3
2020-08-24,Eastern Shore,Female,723,69,26
2020-08-24,Lord Fairfax,Not Reported,12,0,0
2020-08-24,Rappahannock,Not Reported,7,1,0
2020-08-24,Central Shenandoah,Not Reported,0,0,0
2020-08-24,Peninsula,Male,1658,91,21
2020-08-24,Norfolk,Male,1977,127,22
2020-08-24,Alexandria,Female,1690,133,33
2020-08-24,Lenowisco,Male,292,32,7
2020-08-24,Pittsylvania-Danville,Female,647,53,9
2020-08-24,New River,Not Reported,3,0,0
2020-08-24,Chesterfield,Not Reported,130,0,1
2020-08-24,Loudoun,Male,2825,204,43
2020-08-24,Rappahannock Rapidan,Female,1114,60,12
2020-08-24,Piedmont,Female,502,51,8
2020-08-24,Richmond,Male,1747,178,27
2020-08-24,Crater,Female,1278,131,37
2020-08-24,Portsmouth,Female,1148,85,16
2020-08-24,Arlington,Not Reported,8,0,0
2020-08-24,Mount Rogers,Not Reported,6,0,1
2020-08-24,Thomas Jefferson,Not Reported,1,0,0
2020-08-24,Three Rivers,Not Reported,22,0,0
2020-08-24,Hampton,Male,653,35,5
2020-08-24,Alleghany,Male,508,34,8
2020-08-24,Roanoke,Female,590,22,9
2020-08-24,Loudoun,Not Reported,44,0,0
2020-08-24,Fairfax,Female,9103,868,272
2020-08-24,Western Tidewater,Male,1183,90,47
2020-08-24,Peninsula,Not Reported,14,0,0
2020-08-24,New River,Male,432,26,5
2020-08-24,Central Shenandoah,Male,1426,112,30
2020-08-24,Southside,Male,497,37,17
2020-08-24,Chesterfield,Male,2509,150,52
2020-08-24,Arlington,Female,1688,196,66
2020-08-24,Rappahannock,Male,1980,176,36
2020-08-24,Central Virginia,Male,964,42,11
2020-08-24,Alleghany,Not Reported,7,0,0
2020-08-24,Henrico,Male,2056,185,87
2020-08-24,Thomas Jefferson,Male,1061,77,21
2020-08-24,Lord Fairfax,Male,1289,124,44
2020-08-24,Three Rivers,Male,723,42,8
2020-08-24,Richmond,Not Reported,47,2,2
2020-08-24,Pittsylvania-Danville,Male,533,39,7
2020-08-24,Portsmouth,Not Reported,3,0,0
2020-08-24,Norfolk,Not Reported,2,0,0
2020-08-24,Chesapeake,Male,1595,144,25
2020-08-24,Chickahominy,Female,625,69,22
2020-08-24,Prince William,Male,6195,573,119
2020-08-24,Eastern Shore,Not Reported,9,0,0
2020-08-24,Eastern Shore,Male,706,68,21
2020-08-24,Rappahannock Rapidan,Male,1053,83,17
2020-08-24,Henrico,Not Reported,20,0,0
2020-08-24,Cumberland Plateau,Female,261,17,3
2020-08-24,West Piedmont,Male,617,81,17
2020-08-24,Hampton,Not Reported,5,0,0
2020-08-24,Alexandria,Not Reported,11,0,0
2020-08-24,Western Tidewater,Not Reported,4,0,0
2020-08-24,Cumberland Plateau,Not Reported,0,0,0
2020-08-24,Virginia Beach,Male,2602,148,34
2020-08-24,Alleghany,Female,564,23,11
2020-08-24,Lenowisco,Female,318,23,3
2020-08-24,Virginia Beach,Not Reported,17,0,0
2020-08-24,Western Tidewater,Female,1438,70,41
2020-08-24,Mount Rogers,Male,804,103,39
2020-08-24,Lord Fairfax,Female,1451,111,48
2020-08-24,Piedmont,Not Reported,4,0,0
2020-08-24,Alexandria,Male,1569,160,28
2020-08-24,Pittsylvania-Danville,Not Reported,8,0,0
2020-08-24,West Piedmont,Not Reported,5,0,0
2020-08-24,Loudoun,Female,2866,162,72
2020-08-24,Hampton,Female,805,18,6
2020-08-24,Henrico,Female,2283,179,102
2020-08-24,Prince William,Not Reported,111,1,0
2020-08-24,Chickahominy,Male,500,69,25
2020-08-24,Rappahannock Rapidan,Not Reported,4,0,0
2020-08-24,Peninsula,Female,1819,86,27
2020-08-24,Lenowisco,Not Reported,3,0,0
2020-08-24,Crater,Not Reported,27,1,0
2020-08-24,Chickahominy,Not Reported,6,0,0
2020-08-24,Portsmouth,Male,935,74,15
2020-08-24,New River,Female,386,11,3
2020-08-24,Rappahannock,Female,2231,156,24
2020-08-24,Central Virginia,Female,1049,29,7
2020-08-24,Roanoke,Not Reported,20,0,0
2020-08-24,West Piedmont,Female,808,93,11
2020-08-24,Mount Rogers,Female,951,58,24
2020-08-24,Piedmont,Male,1102,74,28
2020-08-24,Chesterfield,Female,2621,136,49
2020-08-24,Fairfax,Male,8671,1167,281
2020-08-24,Crater,Male,1610,110,34
2020-08-24,Central Virginia,Not Reported,9,0,0
2020-08-24,Prince William,Female,6396,439,94
2020-08-24,Virginia Beach,Female,3120,159,30
2020-08-24,Norfolk,Female,2185,130,21
2020-08-24,Three Rivers,Female,479,47,10
2020-08-24,Arlington,Male,1704,253,71
2020-08-24,Central Shenandoah,Female,1639,119,30
2020-08-24,Southside,Female,436,32,20
2020-08-25,Southside,Not Reported,4,0,0
2020-08-25,Chesapeake,Female,1976,156,18
2020-08-25,Richmond,Female,1834,179,14
2020-08-25,Roanoke,Male,521,19,6
2020-08-25,Fairfax,Not Reported,125,2,4
2020-08-25,Thomas Jefferson,Female,1222,85,24
2020-08-25,Chesapeake,Not Reported,4,0,0
2020-08-25,Cumberland Plateau,Male,235,21,3
2020-08-25,Eastern Shore,Female,723,69,26
2020-08-25,Lord Fairfax,Not Reported,13,0,0
2020-08-25,Rappahannock,Not Reported,7,1,0
2020-08-25,Central Shenandoah,Not Reported,0,0,0
2020-08-25,Peninsula,Male,1666,93,22
2020-08-25,Norfolk,Male,2027,128,23
2020-08-25,Alexandria,Female,1713,134,33
2020-08-25,Lenowisco,Male,319,33,7
2020-08-25,Pittsylvania-Danville,Female,660,53,9
2020-08-25,New River,Not Reported,3,0,0
2020-08-25,Chesterfield,Not Reported,128,0,1
2020-08-25,Loudoun,Male,2838,206,43
2020-08-25,Rappahannock Rapidan,Female,1124,60,12
2020-08-25,Piedmont,Female,515,51,9
2020-08-25,Richmond,Male,1781,178,27
2020-08-25,Crater,Female,1284,131,37
2020-08-25,Portsmouth,Female,1177,85,16
2020-08-25,Arlington,Not Reported,7,0,0
2020-08-25,Mount Rogers,Not Reported,6,0,1
2020-08-25,Thomas Jefferson,Not Reported,2,0,0
2020-08-25,Three Rivers,Not Reported,21,0,0
2020-08-25,Hampton,Male,659,36,7
2020-08-25,Alleghany,Male,512,34,8
2020-08-25,Roanoke,Female,589,22,9
2020-08-25,Loudoun,Not Reported,43,0,0
2020-08-25,Fairfax,Female,9131,866,273
2020-08-25,Western Tidewater,Male,1189,90,47
2020-08-25,Peninsula,Not Reported,14,0,0
2020-08-25,New River,Male,445,26,5
2020-08-25,Central Shenandoah,Male,1439,114,31
2020-08-25,Southside,Male,503,37,17
2020-08-25,Chesterfield,Male,2523,150,52
2020-08-25,Arlington,Female,1691,196,66
2020-08-25,Rappahannock,Male,1992,176,36
2020-08-25,Central Virginia,Male,982,42,11
2020-08-25,Alleghany,Not Reported,6,0,0
2020-08-25,Henrico,Male,2076,186,87
2020-08-25,Thomas Jefferson,Male,1070,78,22
2020-08-25,Lord Fairfax,Male,1299,125,44
2020-08-25,Three Rivers,Male,725,42,8
2020-08-25,Richmond,Not Reported,47,2,2
2020-08-25,Pittsylvania-Danville,Male,545,39,7
2020-08-25,Portsmouth,Not Reported,3,0,0
2020-08-25,Norfolk,Not Reported,2,0,0
2020-08-25,Chesapeake,Male,1602,147,25
2020-08-25,Chickahominy,Female,630,70,22
2020-08-25,Prince William,Male,6235,576,119
2020-08-25,Eastern Shore,Not Reported,9,0,0
2020-08-25,Eastern Shore,Male,706,68,21
2020-08-25,Rappahannock Rapidan,Male,1062,84,17
2020-08-25,Henrico,Not Reported,23,0,0
2020-08-25,Cumberland Plateau,Female,264,17,3
2020-08-25,West Piedmont,Male,636,82,17
2020-08-25,Hampton,Not Reported,5,0,0
2020-08-25,Alexandria,Not Reported,11,0,0
2020-08-25,Western Tidewater,Not Reported,5,0,0
2020-08-25,Cumberland Plateau,Not Reported,0,0,0
2020-08-25,Virginia Beach,Male,2628,149,34
2020-08-25,Alleghany,Female,568,24,11
2020-08-25,Lenowisco,Female,323,23,4
2020-08-25,Virginia Beach,Not Reported,16,0,0
2020-08-25,Western Tidewater,Female,1450,70,41
2020-08-25,Mount Rogers,Male,816,104,41
2020-08-25,Lord Fairfax,Female,1458,112,49
2020-08-25,Piedmont,Not Reported,4,0,0
2020-08-25,Alexandria,Male,1585,160,28
2020-08-25,Pittsylvania-Danville,Not Reported,8,0,0
2020-08-25,West Piedmont,Not Reported,6,0,0
2020-08-25,Loudoun,Female,2888,163,72
2020-08-25,Hampton,Female,810,18,8
2020-08-25,Henrico,Female,2304,182,102
2020-08-25,Prince William,Not Reported,111,1,0
2020-08-25,Chickahominy,Male,500,69,25
2020-08-25,Rappahannock Rapidan,Not Reported,5,0,0
2020-08-25,Peninsula,Female,1828,86,28
2020-08-25,Lenowisco,Not Reported,5,0,0
2020-08-25,Crater,Not Reported,27,1,0
2020-08-25,Chickahominy,Not Reported,6,0,0
2020-08-25,Portsmouth,Male,955,75,15
2020-08-25,New River,Female,409,11,3
2020-08-25,Rappahannock,Female,2243,158,24
2020-08-25,Central Virginia,Female,1090,29,7
2020-08-25,Roanoke,Not Reported,19,0,0
2020-08-25,West Piedmont,Female,818,94,12
2020-08-25,Mount Rogers,Female,972,60,26
2020-08-25,Piedmont,Male,1116,76,28
2020-08-25,Chesterfield,Female,2635,139,50
2020-08-25,Fairfax,Male,8700,1168,284
2020-08-25,Crater,Male,1618,110,34
2020-08-25,Central Virginia,Not Reported,9,0,0
2020-08-25,Prince William,Female,6447,440,94
2020-08-25,Virginia Beach,Female,3144,160,30
2020-08-25,Norfolk,Female,2216,133,21
2020-08-25,Three Rivers,Female,480,47,10
2020-08-25,Arlington,Male,1717,256,72
2020-08-25,Central Shenandoah,Female,1652,120,30
2020-08-25,Southside,Female,441,32,20
2020-08-26,Southside,Not Reported,4,0,0
2020-08-26,Chesapeake,Female,2000,157,20
2020-08-26,Richmond,Female,1857,181,15
2020-08-26,Roanoke,Male,527,19,6
2020-08-26,Fairfax,Not Reported,125,2,5
2020-08-26,Thomas Jefferson,Female,1228,85,25
2020-08-26,Chesapeake,Not Reported,4,0,0
2020-08-26,Cumberland Plateau,Male,239,22,3
2020-08-26,Eastern Shore,Female,724,69,26
2020-08-26,Lord Fairfax,Not Reported,12,0,0
2020-08-26,Rappahannock,Not Reported,6,1,0
2020-08-26,Central Shenandoah,Not Reported,1,0,0
2020-08-26,Peninsula,Male,1676,94,22
2020-08-26,Norfolk,Male,2030,132,25
2020-08-26,Alexandria,Female,1721,135,33
2020-08-26,Lenowisco,Male,321,33,7
2020-08-26,Pittsylvania-Danville,Female,676,54,9
2020-08-26,New River,Not Reported,3,0,0
2020-08-26,Chesterfield,Not Reported,128,0,1
2020-08-26,Loudoun,Male,2850,207,45
2020-08-26,Rappahannock Rapidan,Female,1132,61,12
2020-08-26,Piedmont,Female,519,51,9
2020-08-26,Richmond,Male,1831,179,27
2020-08-26,Crater,Female,1299,130,37
2020-08-26,Portsmouth,Female,1179,87,18
2020-08-26,Arlington,Not Reported,5,0,0
2020-08-26,Mount Rogers,Not Reported,6,0,1
2020-08-26,Thomas Jefferson,Not Reported,3,0,0
2020-08-26,Three Rivers,Not Reported,21,0,0
2020-08-26,Hampton,Male,664,36,7
2020-08-26,Alleghany,Male,522,34,8
2020-08-26,Roanoke,Female,594,23,9
2020-08-26,Loudoun,Not Reported,42,0,0
2020-08-26,Fairfax,Female,9188,869,274
2020-08-26,Western Tidewater,Male,1204,90,47
2020-08-26,Peninsula,Not Reported,14,0,0
2020-08-26,New River,Male,468,26,5
2020-08-26,Central Shenandoah,Male,1443,114,31
2020-08-26,Southside,Male,502,37,17
2020-08-26,Chesterfield,Male,2537,152,52
2020-08-26,Arlington,Female,1700,196,66
2020-08-26,Rappahannock,Male,2001,177,36
2020-08-26,Central Virginia,Male,987,43,11
2020-08-26,Alleghany,Not Reported,6,0,0
2020-08-26,Henrico,Male,2087,190,88
2020-08-26,Thomas Jefferson,Male,1078,79,22
2020-08-26,Lord Fairfax,Male,1306,125,44
2020-08-26,Three Rivers,Male,727,43,8
2020-08-26,Richmond,Not Reported,47,2,2
2020-08-26,Pittsylvania-Danville,Male,552,39,7
2020-08-26,Portsmouth,Not Reported,3,0,0
2020-08-26,Norfolk,Not Reported,2,0,0
2020-08-26,Chesapeake,Male,1621,149,25
2020-08-26,Chickahominy,Female,657,70,22
2020-08-26,Prince William,Male,6261,579,119
2020-08-26,Eastern Shore,Not Reported,9,0,0
2020-08-26,Eastern Shore,Male,706,68,21
2020-08-26,Rappahannock Rapidan,Male,1064,86,17
2020-08-26,Henrico,Not Reported,24,0,0
2020-08-26,Cumberland Plateau,Female,266,21,4
2020-08-26,West Piedmont,Male,647,85,18
2020-08-26,Hampton,Not Reported,5,0,0
2020-08-26,Alexandria,Not Reported,11,0,0
2020-08-26,Western Tidewater,Not Reported,5,0,0
2020-08-26,Cumberland Plateau,Not Reported,0,0,0
2020-08-26,Virginia Beach,Male,2638,150,35
2020-08-26,Alleghany,Female,580,24,11
2020-08-26,Lenowisco,Female,326,23,4
2020-08-26,Virginia Beach,Not Reported,16,0,0
2020-08-26,Western Tidewater,Female,1465,71,41
2020-08-26,Mount Rogers,Male,821,104,42
2020-08-26,Lord Fairfax,Female,1457,112,49
2020-08-26,Piedmont,Not Reported,4,0,0
2020-08-26,Alexandria,Male,1592,161,28
2020-08-26,Pittsylvania-Danville,Not Reported,8,0,0
2020-08-26,West Piedmont,Not Reported,6,0,0
2020-08-26,Loudoun,Female,2895,163,72
2020-08-26,Hampton,Female,814,18,8
2020-08-26,Henrico,Female,2317,182,102
2020-08-26,Prince William,Not Reported,110,1,0
2020-08-26,Chickahominy,Male,517,69,25
2020-08-26,Rappahannock Rapidan,Not Reported,6,0,0
2020-08-26,Peninsula,Female,1836,87,28
2020-08-26,Lenowisco,Not Reported,5,0,0
2020-08-26,Crater,Not Reported,27,1,0
2020-08-26,Chickahominy,Not Reported,6,0,0
2020-08-26,Portsmouth,Male,960,76,16
2020-08-26,New River,Female,454,11,3
2020-08-26,Rappahannock,Female,2255,159,24
2020-08-26,Central Virginia,Female,1092,29,7
2020-08-26,Roanoke,Not Reported,19,0,0
2020-08-26,West Piedmont,Female,831,98,12
2020-08-26,Mount Rogers,Female,984,62,26
2020-08-26,Piedmont,Male,1120,76,29
2020-08-26,Chesterfield,Female,2649,139,50
2020-08-26,Fairfax,Male,8740,1170,284
2020-08-26,Crater,Male,1638,111,34
2020-08-26,Central Virginia,Not Reported,9,0,0
2020-08-26,Prince William,Female,6467,441,94
2020-08-26,Virginia Beach,Female,3167,164,31
2020-08-26,Norfolk,Female,2228,137,22
2020-08-26,Three Rivers,Female,483,47,10
2020-08-26,Arlington,Male,1730,256,72
2020-08-26,Central Shenandoah,Female,1658,120,30
2020-08-26,Southside,Female,451,32,20
2020-08-27,Southside,Not Reported,4,0,0
2020-08-27,Chesapeake,Female,2017,159,22
2020-08-27,Richmond,Female,1873,183,16
2020-08-27,Roanoke,Male,540,19,6
2020-08-27,Fairfax,Not Reported,127,2,5
2020-08-27,Thomas Jefferson,Female,1246,85,26
2020-08-27,Chesapeake,Not Reported,4,0,0
2020-08-27,Cumberland Plateau,Male,243,24,3
2020-08-27,Eastern Shore,Female,726,69,26
2020-08-27,Lord Fairfax,Not Reported,12,0,0
2020-08-27,Rappahannock,Not Reported,7,1,0
2020-08-27,Central Shenandoah,Not Reported,1,0,0
2020-08-27,Peninsula,Male,1696,94,22
2020-08-27,Norfolk,Male,2046,136,27
2020-08-27,Alexandria,Female,1730,136,33
2020-08-27,Lenowisco,Male,328,33,7
2020-08-27,Pittsylvania-Danville,Female,702,55,9
2020-08-27,New River,Not Reported,3,0,0
2020-08-27,Chesterfield,Not Reported,129,0,1
2020-08-27,Loudoun,Male,2863,208,45
2020-08-27,Rappahannock Rapidan,Female,1145,62,12
2020-08-27,Piedmont,Female,525,51,9
2020-08-27,Richmond,Male,1847,180,27
2020-08-27,Crater,Female,1316,130,37
2020-08-27,Portsmouth,Female,1189,88,18
2020-08-27,Arlington,Not Reported,5,0,0
2020-08-27,Mount Rogers,Not Reported,6,0,1
2020-08-27,Thomas Jefferson,Not Reported,3,0,0
2020-08-27,Three Rivers,Not Reported,21,0,0
2020-08-27,Hampton,Male,675,36,7
2020-08-27,Alleghany,Male,528,34,8
2020-08-27,Roanoke,Female,615,25,9
2020-08-27,Loudoun,Not Reported,43,0,0
2020-08-27,Fairfax,Female,9232,877,274
2020-08-27,Western Tidewater,Male,1218,90,47
2020-08-27,Peninsula,Not Reported,14,0,0
2020-08-27,New River,Male,482,26,5
2020-08-27,Central Shenandoah,Male,1452,114,31
2020-08-27,Southside,Male,510,37,17
2020-08-27,Chesterfield,Male,2553,154,53
2020-08-27,Arlington,Female,1711,197,66
2020-08-27,Rappahannock,Male,2026,178,37
2020-08-27,Central Virginia,Male,1022,43,11
2020-08-27,Alleghany,Not Reported,6,0,0
2020-08-27,Henrico,Male,2107,192,89
2020-08-27,Thomas Jefferson,Male,1087,79,22
2020-08-27,Lord Fairfax,Male,1305,125,44
2020-08-27,Three Rivers,Male,735,44,9
2020-08-27,Richmond,Not Reported,47,2,2
2020-08-27,Pittsylvania-Danville,Male,560,39,7
2020-08-27,Portsmouth,Not Reported,3,0,0
2020-08-27,Norfolk,Not Reported,2,0,0
2020-08-27,Chesapeake,Male,1639,150,25
2020-08-27,Chickahominy,Female,663,70,22
2020-08-27,Prince William,Male,6302,581,119
2020-08-27,Eastern Shore,Not Reported,9,0,0
2020-08-27,Eastern Shore,Male,707,68,21
2020-08-27,Rappahannock Rapidan,Male,1074,86,17
2020-08-27,Henrico,Not Reported,24,0,0
2020-08-27,Cumberland Plateau,Female,271,21,4
2020-08-27,West Piedmont,Male,657,87,19
2020-08-27,Hampton,Not Reported,5,0,0
2020-08-27,Alexandria,Not Reported,10,0,0
2020-08-27,Western Tidewater,Not Reported,5,0,0
2020-08-27,Cumberland Plateau,Not Reported,0,0,0
2020-08-27,Virginia Beach,Male,2663,150,35
2020-08-27,Alleghany,Female,600,24,11
2020-08-27,Lenowisco,Female,333,24,4
2020-08-27,Virginia Beach,Not Reported,16,0,0
2020-08-27,Western Tidewater,Female,1487,71,42
2020-08-27,Mount Rogers,Male,836,106,42
2020-08-27,Lord Fairfax,Female,1461,112,49
2020-08-27,Piedmont,Not Reported,4,0,0
2020-08-27,Alexandria,Male,1593,161,28
2020-08-27,Pittsylvania-Danville,Not Reported,8,0,0
2020-08-27,West Piedmont,Not Reported,6,0,0
2020-08-27,Loudoun,Female,2919,165,72
2020-08-27,Hampton,Female,825,18,8
2020-08-27,Henrico,Female,2336,182,102
2020-08-27,Prince William,Not Reported,108,1,0
2020-08-27,Chickahominy,Male,518,69,25
2020-08-27,Rappahannock Rapidan,Not Reported,6,0,0
2020-08-27,Peninsula,Female,1858,87,28
2020-08-27,Lenowisco,Not Reported,5,0,0
2020-08-27,Crater,Not Reported,27,1,0
2020-08-27,Chickahominy,Not Reported,6,0,0
2020-08-27,Portsmouth,Male,969,79,16
2020-08-27,New River,Female,478,11,3
2020-08-27,Rappahannock,Female,2287,160,24
2020-08-27,Central Virginia,Female,1123,29,7
2020-08-27,Roanoke,Not Reported,14,0,0
2020-08-27,West Piedmont,Female,871,102,13
2020-08-27,Mount Rogers,Female,1002,63,26
2020-08-27,Piedmont,Male,1127,76,29
2020-08-27,Chesterfield,Female,2665,142,50
2020-08-27,Fairfax,Male,8775,1175,284
2020-08-27,Crater,Male,1654,111,34
2020-08-27,Central Virginia,Not Reported,10,0,0
2020-08-27,Prince William,Female,6500,442,94
2020-08-27,Virginia Beach,Female,3197,164,30
2020-08-27,Norfolk,Female,2249,140,22
2020-08-27,Three Rivers,Female,494,47,10
2020-08-27,Arlington,Male,1741,257,72
2020-08-27,Central Shenandoah,Female,1692,120,30
2020-08-27,Southside,Female,463,32,20
2020-08-28,Southside,Not Reported,4,0,0
2020-08-28,Chesapeake,Female,2035,163,22
2020-08-28,Richmond,Female,1886,185,17
2020-08-28,Roanoke,Male,546,19,6
2020-08-28,Fairfax,Not Reported,127,2,5
2020-08-28,Thomas Jefferson,Female,1265,87,26
2020-08-28,Chesapeake,Not Reported,4,0,0
2020-08-28,Cumberland Plateau,Male,247,24,3
2020-08-28,Eastern Shore,Female,727,69,26
2020-08-28,Lord Fairfax,Not Reported,12,0,0
2020-08-28,Rappahannock,Not Reported,7,1,0
2020-08-28,Central Shenandoah,Not Reported,1,0,0
2020-08-28,Peninsula,Male,1715,94,22
2020-08-28,Norfolk,Male,2068,137,29
2020-08-28,Alexandria,Female,1739,136,35
2020-08-28,Lenowisco,Male,332,33,8
2020-08-28,Pittsylvania-Danville,Female,717,55,9
2020-08-28,New River,Not Reported,3,0,0
2020-08-28,Chesterfield,Not Reported,129,0,1
2020-08-28,Loudoun,Male,2892,208,46
2020-08-28,Rappahannock Rapidan,Female,1158,62,12
2020-08-28,Piedmont,Female,530,51,9
2020-08-28,Richmond,Male,1862,185,28
2020-08-28,Crater,Female,1330,131,37
2020-08-28,Portsmouth,Female,1207,92,18
2020-08-28,Arlington,Not Reported,5,0,0
2020-08-28,Mount Rogers,Not Reported,6,0,1
2020-08-28,Thomas Jefferson,Not Reported,3,0,0
2020-08-28,Three Rivers,Not Reported,22,0,0
2020-08-28,Hampton,Male,680,36,7
2020-08-28,Alleghany,Male,543,34,8
2020-08-28,Roanoke,Female,618,25,9
2020-08-28,Loudoun,Not Reported,41,0,0
2020-08-28,Fairfax,Female,9296,881,273
2020-08-28,Western Tidewater,Male,1235,90,47
2020-08-28,Peninsula,Not Reported,14,0,0
2020-08-28,New River,Male,513,26,5
2020-08-28,Central Shenandoah,Male,1475,114,31
2020-08-28,Southside,Male,512,37,17
2020-08-28,Chesterfield,Male,2570,155,57
2020-08-28,Arlington,Female,1731,200,65
2020-08-28,Rappahannock,Male,2043,179,37
2020-08-28,Central Virginia,Male,1039,43,11
2020-08-28,Alleghany,Not Reported,8,0,0
2020-08-28,Henrico,Male,2124,192,90
2020-08-28,Thomas Jefferson,Male,1104,79,23
2020-08-28,Lord Fairfax,Male,1305,125,44
2020-08-28,Three Rivers,Male,736,45,9
2020-08-28,Richmond,Not Reported,47,2,2
2020-08-28,Pittsylvania-Danville,Male,571,39,7
2020-08-28,Portsmouth,Not Reported,3,0,0
2020-08-28,Norfolk,Not Reported,2,0,0
2020-08-28,Chesapeake,Male,1646,150,25
2020-08-28,Chickahominy,Female,669,70,22
2020-08-28,Prince William,Male,6338,582,119
2020-08-28,Eastern Shore,Not Reported,9,0,0
2020-08-28,Eastern Shore,Male,708,68,22
2020-08-28,Rappahannock Rapidan,Male,1078,86,17
2020-08-28,Henrico,Not Reported,25,0,0
2020-08-28,Cumberland Plateau,Female,276,21,4
2020-08-28,West Piedmont,Male,665,88,20
2020-08-28,Hampton,Not Reported,5,0,0
2020-08-28,Alexandria,Not Reported,10,0,0
2020-08-28,Western Tidewater,Not Reported,5,0,0
2020-08-28,Cumberland Plateau,Not Reported,0,0,0
2020-08-28,Virginia Beach,Male,2678,154,35
2020-08-28,Alleghany,Female,610,24,11
2020-08-28,Lenowisco,Female,337,24,4
2020-08-28,Virginia Beach,Not Reported,16,0,0
2020-08-28,Western Tidewater,Female,1503,71,42
2020-08-28,Mount Rogers,Male,846,109,43
2020-08-28,Lord Fairfax,Female,1462,112,49
2020-08-28,Piedmont,Not Reported,5,0,0
2020-08-28,Alexandria,Male,1603,161,29
2020-08-28,Pittsylvania-Danville,Not Reported,8,0,0
2020-08-28,West Piedmont,Not Reported,6,0,0
2020-08-28,Loudoun,Female,2945,166,72
2020-08-28,Hampton,Female,834,18,9
2020-08-28,Henrico,Female,2361,184,103
2020-08-28,Prince William,Not Reported,105,1,0
2020-08-28,Chickahominy,Male,520,69,25
2020-08-28,Rappahannock Rapidan,Not Reported,7,0,0
2020-08-28,Peninsula,Female,1868,87,28
2020-08-28,Lenowisco,Not Reported,5,0,0
2020-08-28,Crater,Not Reported,27,1,0
2020-08-28,Chickahominy,Not Reported,6,0,0
2020-08-28,Portsmouth,Male,976,80,16
2020-08-28,New River,Female,496,11,3
2020-08-28,Rappahannock,Female,2309,162,24
2020-08-28,Central Virginia,Female,1157,31,7
2020-08-28,Roanoke,Not Reported,15,0,0
2020-08-28,West Piedmont,Female,879,106,13
2020-08-28,Mount Rogers,Female,1018,63,26
2020-08-28,Piedmont,Male,1135,76,29
2020-08-28,Chesterfield,Female,2679,143,50
2020-08-28,Fairfax,Male,8837,1184,286
2020-08-28,Crater,Male,1666,112,35
2020-08-28,Central Virginia,Not Reported,10,0,0
2020-08-28,Prince William,Female,6545,443,94
2020-08-28,Virginia Beach,Female,3212,165,30
2020-08-28,Norfolk,Female,2258,144,23
2020-08-28,Three Rivers,Female,497,48,11
2020-08-28,Arlington,Male,1756,258,72
2020-08-28,Central Shenandoah,Female,1704,120,30
2020-08-28,Southside,Female,468,32,20
2020-08-29,Southside,Not Reported,4,0,0
2020-08-29,Chesapeake,Female,2059,163,22
2020-08-29,Richmond,Female,1912,185,17
2020-08-29,Roanoke,Male,553,19,6
2020-08-29,Fairfax,Not Reported,127,2,5
2020-08-29,Thomas Jefferson,Female,1291,87,26
2020-08-29,Chesapeake,Not Reported,5,0,0
2020-08-29,Cumberland Plateau,Male,250,24,3
2020-08-29,Eastern Shore,Female,729,69,26
2020-08-29,Lord Fairfax,Not Reported,12,0,0
2020-08-29,Rappahannock,Not Reported,7,1,0
2020-08-29,Central Shenandoah,Not Reported,2,0,0
2020-08-29,Peninsula,Male,1771,94,23
2020-08-29,Norfolk,Male,2068,138,29
2020-08-29,Alexandria,Female,1741,136,34
2020-08-29,Lenowisco,Male,338,33,8
2020-08-29,Pittsylvania-Danville,Female,727,55,11
2020-08-29,New River,Not Reported,3,0,0
2020-08-29,Chesterfield,Not Reported,128,0,1
2020-08-29,Loudoun,Male,2909,210,46
2020-08-29,Rappahannock Rapidan,Female,1167,62,12
2020-08-29,Piedmont,Female,536,51,9
2020-08-29,Richmond,Male,1872,185,28
2020-08-29,Crater,Female,1346,133,38
2020-08-29,Portsmouth,Female,1215,92,18
2020-08-29,Arlington,Not Reported,5,0,0
2020-08-29,Mount Rogers,Not Reported,8,0,1
2020-08-29,Thomas Jefferson,Not Reported,3,0,0
2020-08-29,Three Rivers,Not Reported,22,0,0
2020-08-29,Hampton,Male,683,36,7
2020-08-29,Alleghany,Male,542,34,8
2020-08-29,Roanoke,Female,620,25,9
2020-08-29,Loudoun,Not Reported,41,0,0
2020-08-29,Fairfax,Female,9362,888,277
2020-08-29,Western Tidewater,Male,1253,90,47
2020-08-29,Peninsula,Not Reported,16,0,0
2020-08-29,New River,Male,553,26,6
2020-08-29,Central Shenandoah,Male,1498,114,31
2020-08-29,Southside,Male,518,37,17
2020-08-29,Chesterfield,Male,2587,157,57
2020-08-29,Arlington,Female,1738,202,65
2020-08-29,Rappahannock,Male,2064,180,37
2020-08-29,Central Virginia,Male,1059,44,11
2020-08-29,Alleghany,Not Reported,6,0,0
2020-08-29,Henrico,Male,2150,192,89
2020-08-29,Thomas Jefferson,Male,1130,79,24
2020-08-29,Lord Fairfax,Male,1312,126,44
2020-08-29,Three Rivers,Male,742,45,9
2020-08-29,Richmond,Not Reported,47,2,2
2020-08-29,Pittsylvania-Danville,Male,583,40,7
2020-08-29,Portsmouth,Not Reported,3,0,0
2020-08-29,Norfolk,Not Reported,2,0,0
2020-08-29,Chesapeake,Male,1672,153,25
2020-08-29,Chickahominy,Female,685,70,22
2020-08-29,Prince William,Male,6380,584,120
2020-08-29,Eastern Shore,Not Reported,9,0,0
2020-08-29,Eastern Shore,Male,709,68,22
2020-08-29,Rappahannock Rapidan,Male,1086,86,18
2020-08-29,Henrico,Not Reported,26,0,0
2020-08-29,Cumberland Plateau,Female,278,21,4
2020-08-29,West Piedmont,Male,681,88,20
2020-08-29,Hampton,Not Reported,5,0,0
2020-08-29,Alexandria,Not Reported,10,0,0
2020-08-29,Western Tidewater,Not Reported,5,0,0
2020-08-29,Cumberland Plateau,Not Reported,0,0,0
2020-08-29,Virginia Beach,Male,2694,155,36
2020-08-29,Alleghany,Female,604,24,11
2020-08-29,Lenowisco,Female,342,25,4
2020-08-29,Virginia Beach,Not Reported,16,0,0
2020-08-29,Western Tidewater,Female,1536,71,43
2020-08-29,Mount Rogers,Male,864,110,43
2020-08-29,Lord Fairfax,Female,1467,113,49
2020-08-29,Piedmont,Not Reported,5,0,0
2020-08-29,Alexandria,Male,1607,161,28
2020-08-29,Pittsylvania-Danville,Not Reported,8,0,0
2020-08-29,West Piedmont,Not Reported,7,0,0
2020-08-29,Loudoun,Female,2974,169,72
2020-08-29,Hampton,Female,841,18,9
2020-08-29,Henrico,Female,2377,185,103
2020-08-29,Prince William,Not Reported,106,1,0
2020-08-29,Chickahominy,Male,525,70,26
2020-08-29,Rappahannock Rapidan,Not Reported,8,0,0
2020-08-29,Peninsula,Female,1888,87,30
2020-08-29,Lenowisco,Not Reported,6,0,0
2020-08-29,Crater,Not Reported,28,1,0
2020-08-29,Chickahominy,Not Reported,6,0,0
2020-08-29,Portsmouth,Male,980,81,16
2020-08-29,New River,Female,546,11,3
2020-08-29,Rappahannock,Female,2327,164,25
2020-08-29,Central Virginia,Female,1188,33,7
2020-08-29,Roanoke,Not Reported,13,0,0
2020-08-29,West Piedmont,Female,904,108,14
2020-08-29,Mount Rogers,Female,1042,64,26
2020-08-29,Piedmont,Male,1146,76,29
2020-08-29,Chesterfield,Female,2702,145,50
2020-08-29,Fairfax,Male,8889,1185,287
2020-08-29,Crater,Male,1716,115,35
2020-08-29,Central Virginia,Not Reported,11,0,0
2020-08-29,Prince William,Female,6587,445,94
2020-08-29,Virginia Beach,Female,3238,165,31
2020-08-29,Norfolk,Female,2264,145,23
2020-08-29,Three Rivers,Female,504,48,11
2020-08-29,Arlington,Male,1770,259,72
2020-08-29,Central Shenandoah,Female,1737,120,30
2020-08-29,Southside,Female,471,32,20
2020-08-30,Southside,Not Reported,4,0,0
2020-08-30,Chesapeake,Female,2083,164,22
2020-08-30,Richmond,Female,1932,185,17
2020-08-30,Roanoke,Male,555,19,6
2020-08-30,Fairfax,Not Reported,128,2,5
2020-08-30,Thomas Jefferson,Female,1310,87,26
2020-08-30,Chesapeake,Not Reported,5,0,0
2020-08-30,Cumberland Plateau,Male,251,24,3
2020-08-30,Eastern Shore,Female,729,69,26
2020-08-30,Lord Fairfax,Not Reported,12,0,0
2020-08-30,Rappahannock,Not Reported,7,1,0
2020-08-30,Central Shenandoah,Not Reported,3,0,0
2020-08-30,Peninsula,Male,1789,94,23
2020-08-30,Norfolk,Male,2080,139,29
2020-08-30,Alexandria,Female,1745,136,34
2020-08-30,Lenowisco,Male,344,33,8
2020-08-30,Pittsylvania-Danville,Female,744,55,11
2020-08-30,New River,Not Reported,6,0,0
2020-08-30,Chesterfield,Not Reported,128,0,1
2020-08-30,Loudoun,Male,2920,213,46
2020-08-30,Rappahannock Rapidan,Female,1171,62,12
2020-08-30,Piedmont,Female,536,51,9
2020-08-30,Richmond,Male,1899,186,28
2020-08-30,Crater,Female,1362,133,38
2020-08-30,Portsmouth,Female,1223,94,18
2020-08-30,Arlington,Not Reported,5,0,0
2020-08-30,Mount Rogers,Not Reported,8,0,1
2020-08-30,Thomas Jefferson,Not Reported,3,0,0
2020-08-30,Three Rivers,Not Reported,22,0,0
2020-08-30,Hampton,Male,688,36,7
2020-08-30,Alleghany,Male,544,34,8
2020-08-30,Roanoke,Female,621,25,9
2020-08-30,Loudoun,Not Reported,41,0,0
2020-08-30,Fairfax,Female,9431,889,277
2020-08-30,Western Tidewater,Male,1262,90,47
2020-08-30,Peninsula,Not Reported,16,0,0
2020-08-30,New River,Male,603,26,6
2020-08-30,Central Shenandoah,Male,1526,114,31
2020-08-30,Southside,Male,519,37,17
2020-08-30,Chesterfield,Male,2594,158,57
2020-08-30,Arlington,Female,1750,204,65
2020-08-30,Rappahannock,Male,2076,182,37
2020-08-30,Central Virginia,Male,1072,44,11
2020-08-30,Alleghany,Not Reported,6,0,0
2020-08-30,Henrico,Male,2159,194,89
2020-08-30,Thomas Jefferson,Male,1145,80,24
2020-08-30,Lord Fairfax,Male,1316,127,44
2020-08-30,Three Rivers,Male,744,45,9
2020-08-30,Richmond,Not Reported,48,2,2
2020-08-30,Pittsylvania-Danville,Male,620,40,7
2020-08-30,Portsmouth,Not Reported,3,0,0
2020-08-30,Norfolk,Not Reported,2,0,0
2020-08-30,Chesapeake,Male,1690,155,25
2020-08-30,Chickahominy,Female,692,70,22
2020-08-30,Prince William,Male,6404,585,120
2020-08-30,Eastern Shore,Not Reported,9,0,0
2020-08-30,Eastern Shore,Male,709,68,22
2020-08-30,Rappahannock Rapidan,Male,1094,88,18
2020-08-30,Henrico,Not Reported,26,0,0
2020-08-30,Cumberland Plateau,Female,279,21,4
2020-08-30,West Piedmont,Male,687,89,20
2020-08-30,Hampton,Not Reported,5,0,0
2020-08-30,Alexandria,Not Reported,10,0,0
2020-08-30,Western Tidewater,Not Reported,5,0,0
2020-08-30,Cumberland Plateau,Not Reported,0,0,0
2020-08-30,Virginia Beach,Male,2709,155,36
2020-08-30,Alleghany,Female,606,24,11
2020-08-30,Lenowisco,Female,349,27,4
2020-08-30,Virginia Beach,Not Reported,16,0,0
2020-08-30,Western Tidewater,Female,1552,71,43
2020-08-30,Mount Rogers,Male,874,111,43
2020-08-30,Lord Fairfax,Female,1470,113,49
2020-08-30,Piedmont,Not Reported,5,0,0
2020-08-30,Alexandria,Male,1614,162,28
2020-08-30,Pittsylvania-Danville,Not Reported,8,0,0
2020-08-30,West Piedmont,Not Reported,7,0,0
2020-08-30,Loudoun,Female,2984,170,72
2020-08-30,Hampton,Female,849,18,9
2020-08-30,Henrico,Female,2394,185,103
2020-08-30,Prince William,Not Reported,106,1,0
2020-08-30,Chickahominy,Male,528,70,26
2020-08-30,Rappahannock Rapidan,Not Reported,10,0,0
2020-08-30,Peninsula,Female,1905,87,30
2020-08-30,Lenowisco,Not Reported,6,0,0
2020-08-30,Crater,Not Reported,32,1,0
2020-08-30,Chickahominy,Not Reported,6,0,0
2020-08-30,Portsmouth,Male,987,81,16
2020-08-30,New River,Female,578,11,3
2020-08-30,Rappahannock,Female,2342,165,25
2020-08-30,Central Virginia,Female,1202,34,7
2020-08-30,Roanoke,Not Reported,13,0,0
2020-08-30,West Piedmont,Female,912,108,14
2020-08-30,Mount Rogers,Female,1056,66,26
2020-08-30,Piedmont,Male,1146,76,29
2020-08-30,Chesterfield,Female,2711,146,50
2020-08-30,Fairfax,Male,8937,1187,287
2020-08-30,Crater,Male,1735,115,35
2020-08-30,Central Virginia,Not Reported,12,0,0
2020-08-30,Prince William,Female,6614,447,94
2020-08-30,Virginia Beach,Female,3260,166,32
2020-08-30,Norfolk,Female,2279,146,23
2020-08-30,Three Rivers,Female,510,48,11
2020-08-30,Arlington,Male,1785,262,72
2020-08-30,Central Shenandoah,Female,1765,120,30
2020-08-30,Southside,Female,473,32,20
2020-08-31,Southside,Not Reported,4,0,0
2020-08-31,Chesapeake,Female,2096,166,22
2020-08-31,Richmond,Female,1936,186,17
2020-08-31,Roanoke,Male,560,19,6
2020-08-31,Fairfax,Not Reported,129,2,5
2020-08-31,Thomas Jefferson,Female,1319,88,26
2020-08-31,Chesapeake,Not Reported,5,0,0
2020-08-31,Cumberland Plateau,Male,257,25,3
2020-08-31,Eastern Shore,Female,730,69,26
2020-08-31,Lord Fairfax,Not Reported,12,0,0
2020-08-31,Rappahannock,Not Reported,7,1,0
2020-08-31,Central Shenandoah,Not Reported,3,0,0
2020-08-31,Peninsula,Male,1800,94,24
2020-08-31,Norfolk,Male,2094,139,29
2020-08-31,Alexandria,Female,1750,136,34
2020-08-31,Lenowisco,Male,348,33,8
2020-08-31,Pittsylvania-Danville,Female,746,55,12
2020-08-31,New River,Not Reported,6,0,0
2020-08-31,Chesterfield,Not Reported,129,0,1
2020-08-31,Loudoun,Male,2935,214,46
2020-08-31,Rappahannock Rapidan,Female,1173,62,12
2020-08-31,Piedmont,Female,536,51,9
2020-08-31,Richmond,Male,1913,187,28
2020-08-31,Crater,Female,1376,134,38
2020-08-31,Portsmouth,Female,1223,94,18
2020-08-31,Arlington,Not Reported,5,0,0
2020-08-31,Mount Rogers,Not Reported,8,0,1
2020-08-31,Thomas Jefferson,Not Reported,3,0,0
2020-08-31,Three Rivers,Not Reported,22,0,0
2020-08-31,Hampton,Male,694,36,7
2020-08-31,Alleghany,Male,554,34,8
2020-08-31,Roanoke,Female,627,25,9
2020-08-31,Loudoun,Not Reported,41,0,0
2020-08-31,Fairfax,Female,9494,890,278
2020-08-31,Western Tidewater,Male,1270,90,47
2020-08-31,Peninsula,Not Reported,16,0,0
2020-08-31,New River,Male,619,26,6
2020-08-31,Central Shenandoah,Male,1553,114,32
2020-08-31,Southside,Male,526,37,17
2020-08-31,Chesterfield,Male,2604,158,57
2020-08-31,Arlington,Female,1757,204,65
2020-08-31,Rappahannock,Male,2089,182,37
2020-08-31,Central Virginia,Male,1081,44,11
2020-08-31,Alleghany,Not Reported,6,0,0
2020-08-31,Henrico,Male,2170,194,89
2020-08-31,Thomas Jefferson,Male,1153,80,24
2020-08-31,Lord Fairfax,Male,1322,127,44
2020-08-31,Three Rivers,Male,748,45,9
2020-08-31,Richmond,Not Reported,48,2,2
2020-08-31,Pittsylvania-Danville,Male,622,40,8
2020-08-31,Portsmouth,Not Reported,3,0,0
2020-08-31,Norfolk,Not Reported,2,0,0
2020-08-31,Chesapeake,Male,1700,156,25
2020-08-31,Chickahominy,Female,700,70,22
2020-08-31,Prince William,Male,6441,585,121
2020-08-31,Eastern Shore,Not Reported,9,0,0
2020-08-31,Eastern Shore,Male,710,68,22
2020-08-31,Rappahannock Rapidan,Male,1101,88,18
2020-08-31,Henrico,Not Reported,26,0,0
2020-08-31,Cumberland Plateau,Female,291,23,4
2020-08-31,West Piedmont,Male,689,89,20
2020-08-31,Hampton,Not Reported,5,0,0
2020-08-31,Alexandria,Not Reported,10,0,0
2020-08-31,Western Tidewater,Not Reported,5,0,0
2020-08-31,Cumberland Plateau,Not Reported,0,0,0
2020-08-31,Virginia Beach,Male,2728,155,36
2020-08-31,Alleghany,Female,618,24,11
2020-08-31,Lenowisco,Female,355,27,4
2020-08-31,Virginia Beach,Not Reported,16,0,0
2020-08-31,Western Tidewater,Female,1561,71,44
2020-08-31,Mount Rogers,Male,879,111,43
2020-08-31,Lord Fairfax,Female,1471,113,49
2020-08-31,Piedmont,Not Reported,5,0,0
2020-08-31,Alexandria,Male,1618,162,28
2020-08-31,Pittsylvania-Danville,Not Reported,8,0,0
2020-08-31,West Piedmont,Not Reported,7,0,0
2020-08-31,Loudoun,Female,3003,170,72
2020-08-31,Hampton,Female,855,18,9
2020-08-31,Henrico,Female,2412,185,103
2020-08-31,Prince William,Not Reported,106,1,0
2020-08-31,Chickahominy,Male,529,70,26
2020-08-31,Rappahannock Rapidan,Not Reported,11,0,0
2020-08-31,Peninsula,Female,1927,87,31
2020-08-31,Lenowisco,Not Reported,6,0,0
2020-08-31,Crater,Not Reported,47,1,0
2020-08-31,Chickahominy,Not Reported,6,0,0
2020-08-31,Portsmouth,Male,987,81,16
2020-08-31,New River,Female,598,11,3
2020-08-31,Rappahannock,Female,2354,165,25
2020-08-31,Central Virginia,Female,1222,34,7
2020-08-31,Roanoke,Not Reported,13,0,0
2020-08-31,West Piedmont,Female,912,108,14
2020-08-31,Mount Rogers,Female,1068,66,26
2020-08-31,Piedmont,Male,1146,76,29
2020-08-31,Chesterfield,Female,2722,146,50
2020-08-31,Fairfax,Male,8980,1188,289
2020-08-31,Crater,Male,1751,115,35
2020-08-31,Central Virginia,Not Reported,12,0,0
2020-08-31,Prince William,Female,6659,447,94
2020-08-31,Virginia Beach,Female,3284,166,32
2020-08-31,Norfolk,Female,2298,146,23
2020-08-31,Three Rivers,Female,517,48,11
2020-08-31,Arlington,Male,1793,263,73
2020-08-31,Central Shenandoah,Female,1810,120,30
2020-08-31,Southside,Female,489,32,20
2020-12-14,Three Rivers,Female,1754,97,25
2020-12-14,Arlington,Male,3743,343,92
2020-12-14,Central Shenandoah,Female,6311,222,60
2020-12-14,Southside,Female,1316,58,38
2020-12-31,Southside,Not Reported,24,0,0
2020-12-31,Chesapeake,Female,4903,321,50
2020-12-31,Richmond,Female,4780,280,36
2020-12-31,Roanoke,Male,2250,71,49
2020-12-31,Fairfax,Not Reported,310,3,12
2020-12-31,Thomas Jefferson,Female,3943,180,47
2020-12-31,Chesapeake,Not Reported,25,0,1
2020-12-31,Cumberland Plateau,Male,2404,129,42
2020-12-31,Eastern Shore,Female,1109,86,29
2020-12-31,Lord Fairfax,Not Reported,67,1,1
2020-12-31,Rappahannock,Not Reported,200,0,0
2020-12-31,Central Shenandoah,Not Reported,495,3,1
2020-12-31,Peninsula,Male,4660,203,60
2020-12-31,Norfolk,Male,4338,260,54
2020-12-31,Alexandria,Female,3819,191,40
2020-12-31,Lenowisco,Male,2293,136,59
2020-12-31,Pittsylvania-Danville,Female,2726,178,58
2020-12-31,New River,Not Reported,75,0,3
2020-12-31,Chesterfield,Not Reported,246,0,5
2020-12-31,Loudoun,Male,6979,357,64
2020-12-31,Rappahannock Rapidan,Female,3005,129,29
2020-12-31,Piedmont,Female,1739,109,24
2020-12-31,Richmond,Male,4236,276,56
2020-12-31,Crater,Female,3379,214,71
2020-12-31,Portsmouth,Female,2376,234,44
2020-12-31,Arlington,Not Reported,31,0,0
2020-12-31,Mount Rogers,Not Reported,111,2,4
2020-12-31,Thomas Jefferson,Not Reported,25,0,0
2020-12-31,Three Rivers,Not Reported,47,1,0
2020-12-31,Hampton,Male,1961,113,25
2020-12-31,Alleghany,Male,3862,97,54
2020-12-31,Roanoke,Female,2964,73,50
2020-12-31,Loudoun,Not Reported,140,0,0
2020-12-31,Fairfax,Female,22694,1311,325
2020-12-31,Western Tidewater,Male,3644,178,94
2020-12-31,Peninsula,Not Reported,70,0,0
2020-12-31,New River,Male,4261,118,38
2020-12-31,Central Shenandoah,Male,7575,302,98
2020-12-31,Southside,Male,1478,70,31
2020-12-31,Chesterfield,Male,6819,346,104
2020-12-31,Arlington,Female,4386,285,78
2020-12-31,Rappahannock,Male,5971,302,68
2020-12-31,Central Virginia,Male,5199,168,69
2020-12-31,Alleghany,Not Reported,106,0,2
2020-12-31,Henrico,Male,5587,333,132
2020-12-31,Thomas Jefferson,Male,3594,180,45
2020-12-31,Lord Fairfax,Male,4684,277,91
2020-12-31,Three Rivers,Male,2338,118,28
2020-12-31,Richmond,Not Reported,142,1,2
2020-12-31,Pittsylvania-Danville,Male,2170,122,38
2020-12-31,Portsmouth,Not Reported,6,0,1
2020-12-31,Norfolk,Not Reported,20,0,0
2020-12-31,Chesapeake,Male,4396,295,50
2020-12-31,Chickahominy,Female,2687,135,48
2020-12-31,Prince William,Male,14122,799,170
2020-12-31,Eastern Shore,Not Reported,9,0,0
2020-12-31,Eastern Shore,Male,1024,93,29
2020-12-31,Rappahannock Rapidan,Male,3412,163,37
2020-12-31,Henrico,Not Reported,154,2,2
2020-12-31,Cumberland Plateau,Female,2744,130,25
2020-12-31,West Piedmont,Male,2953,229,62
2020-12-31,Hampton,Not Reported,26,0,0
2020-12-31,Alexandria,Not Reported,20,0,1
2020-12-31,Western Tidewater,Not Reported,12,0,3
2020-12-31,Cumberland Plateau,Not Reported,220,1,1
2020-12-31,Virginia Beach,Male,7770,378,76
2020-12-31,Alleghany,Female,4466,126,83
2020-12-31,Lenowisco,Female,2487,120,61
2020-12-31,Virginia Beach,Not Reported,104,0,0
2020-12-31,Western Tidewater,Female,3665,205,81
2020-12-31,Mount Rogers,Male,4765,338,111
2020-12-31,Lord Fairfax,Female,5578,244,90
2020-12-31,Piedmont,Not Reported,20,0,0
2020-12-31,Alexandria,Male,3459,240,46
2020-12-31,Pittsylvania-Danville,Not Reported,35,2,4
2020-12-31,West Piedmont,Not Reported,19,2,4
2020-12-31,Loudoun,Female,7050,295,95
2020-12-31,Hampton,Female,2345,82,23
2020-12-31,Henrico,Female,6596,347,159
2020-12-31,Prince William,Not Reported,269,2,1
2020-12-31,Chickahominy,Male,2481,139,44
2020-12-31,Rappahannock Rapidan,Not Reported,356,3,0
2020-12-31,Peninsula,Female,5306,175,60
2020-12-31,Lenowisco,Not Reported,102,1,2
2020-12-31,Crater,Not Reported,93,3,0
2020-12-31,Chickahominy,Not Reported,113,0,0
2020-12-31,Portsmouth,Male,2137,196,33
2020-12-31,New River,Female,4957,135,55
2020-12-31,Rappahannock,Female,6657,273,51
2020-12-31,Central Virginia,Female,6061,163,46
2020-12-31,Roanoke,Not Reported,22,0,0
2020-12-31,West Piedmont,Female,3761,234,64
2020-12-31,Mount Rogers,Female,5735,301,121
2020-12-31,Piedmont,Male,3117,131,49
2020-12-31,Chesterfield,Female,7473,337,97
2020-12-31,Fairfax,Male,21452,1671,358
2020-12-31,Crater,Male,4001,178,59
2020-12-31,Central Virginia,Not Reported,326,2,5
2020-12-31,Prince William,Female,14946,631,126
2020-12-31,Virginia Beach,Female,8755,370,74
2020-12-31,Norfolk,Female,4491,297,53
2020-12-31,Three Rivers,Female,2294,108,28
2020-12-31,Arlington,Male,4455,371,102
2020-12-31,Central Shenandoah,Female,8236,270,80
2020-12-31,Southside,Female,1584,66,51
2021-01-01,Southside,Not Reported,25,0,0
2021-01-01,Chesapeake,Female,4958,321,50
2021-01-01,Richmond,Female,4852,282,36
2021-01-01,Roanoke,Male,2273,72,49
2021-01-01,Fairfax,Not Reported,314,3,12
2021-01-01,Thomas Jefferson,Female,4013,181,47
2021-01-01,Chesapeake,Not Reported,25,0,1
2021-01-01,Cumberland Plateau,Male,2454,132,42
2021-01-01,Eastern Shore,Female,1124,86,29
2021-01-01,Lord Fairfax,Not Reported,66,0,1
2021-01-01,Rappahannock,Not Reported,213,0,0
2021-01-01,Central Shenandoah,Not Reported,508,3,1
2021-01-01,Peninsula,Male,4771,203,62
2021-01-01,Norfolk,Male,4419,264,55
2021-01-01,Alexandria,Female,3852,194,40
2021-01-01,Lenowisco,Male,2336,137,60
2021-01-01,Pittsylvania-Danville,Female,2836,179,59
2021-01-01,New River,Not Reported,75,0,3
2021-01-01,Chesterfield,Not Reported,250,0,5
2021-01-01,Loudoun,Male,7072,358,66
2021-01-01,Rappahannock Rapidan,Female,3068,130,33
2021-01-01,Piedmont,Female,1758,111,24
2021-01-01,Richmond,Male,4304,278,57
2021-01-01,Crater,Female,3397,214,72
2021-01-01,Portsmouth,Female,2390,236,44
2021-01-01,Arlington,Not Reported,32,0,0
2021-01-01,Mount Rogers,Not Reported,111,2,4
2021-01-01,Thomas Jefferson,Not Reported,27,0,0
2021-01-01,Three Rivers,Not Reported,48,1,0
2021-01-01,Hampton,Male,2003,114,25
2021-01-01,Alleghany,Male,3892,99,53
2021-01-01,Roanoke,Female,2984,73,50
2021-01-01,Loudoun,Not Reported,141,0,0
2021-01-01,Fairfax,Female,22961,1322,326
2021-01-01,Western Tidewater,Male,3685,179,94
2021-01-01,Peninsula,Not Reported,69,0,1
2021-01-01,New River,Male,4334,119,39
2021-01-01,Central Shenandoah,Male,7683,303,99
2021-01-01,Southside,Male,1497,70,31
2021-01-01,Chesterfield,Male,6909,346,104
2021-01-01,Arlington,Female,4460,285,78
2021-01-01,Rappahannock,Male,6051,307,69
2021-01-01,Central Virginia,Male,5289,169,69
2021-01-01,Alleghany,Not Reported,105,0,2
2021-01-01,Henrico,Male,5689,333,132
2021-01-01,Thomas Jefferson,Male,3645,180,46
2021-01-01,Lord Fairfax,Male,4764,279,91
2021-01-01,Three Rivers,Male,2371,119,29
2021-01-01,Richmond,Not Reported,143,1,2
2021-01-01,Pittsylvania-Danville,Male,2246,123,38
2021-01-01,Portsmouth,Not Reported,6,0,1
2021-01-01,Norfolk,Not Reported,19,0,0
2021-01-01,Chesapeake,Male,4443,296,50
2021-01-01,Chickahominy,Female,2739,135,48
2021-01-01,Prince William,Male,14321,800,171
2021-01-01,Eastern Shore,Not Reported,9,0,0
2021-01-01,Eastern Shore,Male,1028,93,29
2021-01-01,Rappahannock Rapidan,Male,3461,165,37
2021-01-01,Henrico,Not Reported,162,2,2
2021-01-01,Cumberland Plateau,Female,2786,131,26
2021-01-01,West Piedmont,Male,2998,231,63
2021-01-01,Hampton,Not Reported,29,0,0
2021-01-01,Alexandria,Not Reported,21,0,1
2021-01-01,Western Tidewater,Not Reported,12,0,3
2021-01-01,Cumberland Plateau,Not Reported,218,1,1
2021-01-01,Virginia Beach,Male,7944,385,77
2021-01-01,Alleghany,Female,4513,126,85
2021-01-01,Lenowisco,Female,2512,122,62
2021-01-01,Virginia Beach,Not Reported,104,0,0
2021-01-01,Western Tidewater,Female,3716,205,81
2021-01-01,Mount Rogers,Male,4849,342,112
2021-01-01,Lord Fairfax,Female,5689,247,93
2021-01-01,Piedmont,Not Reported,20,0,0
2021-01-01,Alexandria,Male,3493,242,47
2021-01-01,Pittsylvania-Danville,Not Reported,37,2,4
2021-01-01,West Piedmont,Not Reported,19,2,4
2021-01-01,Loudoun,Female,7139,296,95
2021-01-01,Hampton,Female,2389,82,23
2021-01-01,Henrico,Female,6722,348,160
2021-01-01,Prince William,Not Reported,269,2,1
2021-01-01,Chickahominy,Male,2530,139,46
2021-01-01,Rappahannock Rapidan,Not Reported,365,3,0
2021-01-01,Peninsula,Female,5376,175,63
2021-01-01,Lenowisco,Not Reported,105,1,2
2021-01-01,Crater,Not Reported,94,3,0
2021-01-01,Chickahominy,Not Reported,117,0,0
2021-01-01,Portsmouth,Male,2149,199,33
2021-01-01,New River,Female,5033,135,59
2021-01-01,Rappahannock,Female,6722,275,53
2021-01-01,Central Virginia,Female,6162,164,46
2021-01-01,Roanoke,Not Reported,24,0,0
2021-01-01,West Piedmont,Female,3817,235,65
2021-01-01,Mount Rogers,Female,5840,306,122
2021-01-01,Piedmont,Male,3202,132,49
2021-01-01,Chesterfield,Female,7555,339,96
2021-01-01,Fairfax,Male,21736,1687,361
2021-01-01,Crater,Male,4002,180,59
2021-01-01,Central Virginia,Not Reported,326,2,5
2021-01-01,Prince William,Female,15156,633,126
2021-01-01,Virginia Beach,Female,8932,376,75
2021-01-01,Norfolk,Female,4540,301,53
2021-01-01,Three Rivers,Female,2340,110,29
2021-01-01,Arlington,Male,4501,371,102
2021-01-01,Central Shenandoah,Female,8371,271,80
2021-01-01,Southside,Female,1612,66,51
2021-01-02,Southside,Not Reported,25,0,0
2021-01-02,Chesapeake,Female,5017,325,51
2021-01-02,Richmond,Female,4915,283,37
2021-01-02,Roanoke,Male,2287,72,50
2021-01-02,Fairfax,Not Reported,317,3,12
2021-01-02,Thomas Jefferson,Female,4061,183,50
2021-01-02,Chesapeake,Not Reported,26,0,1
2021-01-02,Cumberland Plateau,Male,2519,132,41
2021-01-02,Eastern Shore,Female,1131,86,29
2021-01-02,Lord Fairfax,Not Reported,68,0,1
2021-01-02,Rappahannock,Not Reported,213,0,0
2021-01-02,Central Shenandoah,Not Reported,517,3,1
2021-01-02,Peninsula,Male,4779,203,62
2021-01-02,Norfolk,Male,4421,264,55
2021-01-02,Alexandria,Female,3855,194,40
2021-01-02,Lenowisco,Male,2381,138,61
2021-01-02,Pittsylvania-Danville,Female,2864,179,59
2021-01-02,New River,Not Reported,75,0,3
2021-01-02,Chesterfield,Not Reported,253,0,5
2021-01-02,Loudoun,Male,7129,358,66
2021-01-02,Rappahannock Rapidan,Female,3100,130,33
2021-01-02,Piedmont,Female,1784,111,24
2021-01-02,Richmond,Male,4366,279,57
2021-01-02,Crater,Female,3437,215,72
2021-01-02,Portsmouth,Female,2418,238,44
2021-01-02,Arlington,Not Reported,32,0,0
2021-01-02,Mount Rogers,Not Reported,110,3,4
2021-01-02,Thomas Jefferson,Not Reported,32,0,0
2021-01-02,Three Rivers,Not Reported,46,1,0
2021-01-02,Hampton,Male,2004,114,25
2021-01-02,Alleghany,Male,3963,99,54
2021-01-02,Roanoke,Female,2999,73,51
2021-01-02,Loudoun,Not Reported,142,0,0
2021-01-02,Fairfax,Female,23268,1322,328
2021-01-02,Western Tidewater,Male,3695,180,95
2021-01-02,Peninsula,Not Reported,69,0,1
2021-01-02,New River,Male,4346,120,40
2021-01-02,Central Shenandoah,Male,7747,303,99
2021-01-02,Southside,Male,1507,70,31
2021-01-02,Chesterfield,Male,6986,346,104
2021-01-02,Arlington,Female,4537,290,79
2021-01-02,Rappahannock,Male,6140,308,69
2021-01-02,Central Virginia,Male,5357,169,69
2021-01-02,Alleghany,Not Reported,105,0,2
2021-01-02,Henrico,Male,5781,333,132
2021-01-02,Thomas Jefferson,Male,3693,180,46
2021-01-02,Lord Fairfax,Male,4869,282,93
2021-01-02,Three Rivers,Male,2396,119,29
2021-01-02,Richmond,Not Reported,151,1,2
2021-01-02,Pittsylvania-Danville,Male,2283,124,38
2021-01-02,Portsmouth,Not Reported,6,0,1
2021-01-02,Norfolk,Not Reported,19,0,0
2021-01-02,Chesapeake,Male,4483,297,50
2021-01-02,Chickahominy,Female,2813,137,49
2021-01-02,Prince William,Male,14487,801,172
2021-01-02,Eastern Shore,Not Reported,9,0,0
2021-01-02,Eastern Shore,Male,1044,96,29
2021-01-02,Rappahannock Rapidan,Male,3485,166,37
2021-01-02,Henrico,Not Reported,169,2,2
2021-01-02,Cumberland Plateau,Female,2854,132,26
2021-01-02,West Piedmont,Male,3054,233,64
2021-01-02,Hampton,Not Reported,29,0,0
2021-01-02,Alexandria,Not Reported,21,0,1
2021-01-02,Western Tidewater,Not Reported,12,0,3
2021-01-02,Cumberland Plateau,Not Reported,221,2,1
2021-01-02,Virginia Beach,Male,7993,385,77
2021-01-02,Alleghany,Female,4591,126,85
2021-01-02,Lenowisco,Female,2563,124,63
2021-01-02,Virginia Beach,Not Reported,104,0,0
2021-01-02,Western Tidewater,Female,3736,206,81
2021-01-02,Mount Rogers,Male,4848,349,113
2021-01-02,Lord Fairfax,Female,5822,247,96
2021-01-02,Piedmont,Not Reported,20,0,0
2021-01-02,Alexandria,Male,3496,242,47
2021-01-02,Pittsylvania-Danville,Not Reported,38,2,4
2021-01-02,West Piedmont,Not Reported,19,2,4
2021-01-02,Loudoun,Female,7210,296,95
2021-01-02,Hampton,Female,2389,82,23
2021-01-02,Henrico,Female,6841,349,160
2021-01-02,Prince William,Not Reported,271,2,1
2021-01-02,Chickahominy,Male,2596,142,48
2021-01-02,Rappahannock Rapidan,Not Reported,362,3,0
2021-01-02,Peninsula,Female,5378,175,63
2021-01-02,Lenowisco,Not Reported,110,1,2
2021-01-02,Crater,Not Reported,95,3,0
2021-01-02,Chickahominy,Not Reported,119,0,0
2021-01-02,Portsmouth,Male,2184,201,33
2021-01-02,New River,Female,5047,135,60
2021-01-02,Rappahannock,Female,6825,278,53
2021-01-02,Central Virginia,Female,6258,164,47
2021-01-02,Roanoke,Not Reported,24,0,0
2021-01-02,West Piedmont,Female,3867,235,66
2021-01-02,Mount Rogers,Female,5842,309,124
2021-01-02,Piedmont,Male,3224,133,49
2021-01-02,Chesterfield,Female,7662,339,98
2021-01-02,Fairfax,Male,22059,1693,361
2021-01-02,Crater,Male,4034,181,60
2021-01-02,Central Virginia,Not Reported,328,2,5
2021-01-02,Prince William,Female,15309,634,126
2021-01-02,Virginia Beach,Female,9011,376,75
2021-01-02,Norfolk,Female,4535,301,54
2021-01-02,Three Rivers,Female,2375,110,29
2021-01-02,Arlington,Male,4576,376,102
2021-01-02,Central Shenandoah,Female,8452,271,80
2021-01-02,Southside,Female,1620,67,53
2021-01-03,Southside,Not Reported,25,0,0
2021-01-03,Chesapeake,Female,5064,324,51
2021-01-03,Richmond,Female,4973,285,37
2021-01-03,Roanoke,Male,2312,72,50
2021-01-03,Fairfax,Not Reported,317,3,12
2021-01-03,Thomas Jefferson,Female,4109,186,50
2021-01-03,Chesapeake,Not Reported,26,0,1
2021-01-03,Cumberland Plateau,Male,2559,133,41
2021-01-03,Eastern Shore,Female,1148,86,29
2021-01-03,Lord Fairfax,Not Reported,68,0,1
2021-01-03,Rappahannock,Not Reported,215,0,0
2021-01-03,Central Shenandoah,Not Reported,539,3,1
2021-01-03,Peninsula,Male,4921,203,62
2021-01-03,Norfolk,Male,4473,266,55
2021-01-03,Alexandria,Female,3916,195,40
2021-01-03,Lenowisco,Male,2402,141,61
2021-01-03,Pittsylvania-Danville,Female,2885,179,59
2021-01-03,New River,Not Reported,75,0,3
2021-01-03,Chesterfield,Not Reported,253,0,5
2021-01-03,Loudoun,Male,7141,358,66
2021-01-03,Rappahannock Rapidan,Female,3151,131,33
2021-01-03,Piedmont,Female,1825,111,24
2021-01-03,Richmond,Male,4407,280,58
2021-01-03,Crater,Female,3496,216,72
2021-01-03,Portsmouth,Female,2465,238,44
2021-01-03,Arlington,Not Reported,34,0,0
2021-01-03,Mount Rogers,Not Reported,109,3,4
2021-01-03,Thomas Jefferson,Not Reported,32,0,0
2021-01-03,Three Rivers,Not Reported,47,1,0
2021-01-03,Hampton,Male,2052,115,26
2021-01-03,Alleghany,Male,3980,100,54
2021-01-03,Roanoke,Female,3034,74,51
2021-01-03,Loudoun,Not Reported,142,0,0
2021-01-03,Fairfax,Female,23584,1322,328
2021-01-03,Western Tidewater,Male,3815,180,95
2021-01-03,Peninsula,Not Reported,69,0,1
2021-01-03,New River,Male,4409,121,40
2021-01-03,Central Shenandoah,Male,7925,308,99
2021-01-03,Southside,Male,1508,70,31
2021-01-03,Chesterfield,Male,7056,348,104
2021-01-03,Arlington,Female,4590,291,81
2021-01-03,Rappahannock,Male,6189,308,70
2021-01-03,Central Virginia,Male,5421,170,69
2021-01-03,Alleghany,Not Reported,105,0,2
2021-01-03,Henrico,Male,5851,335,132
2021-01-03,Thomas Jefferson,Male,3735,181,46
2021-01-03,Lord Fairfax,Male,4948,282,93
2021-01-03,Three Rivers,Male,2417,120,29
2021-01-03,Richmond,Not Reported,154,1,2
2021-01-03,Pittsylvania-Danville,Male,2302,126,38
2021-01-03,Portsmouth,Not Reported,7,0,1
2021-01-03,Norfolk,Not Reported,19,0,0
2021-01-03,Chesapeake,Male,4538,296,50
2021-01-03,Chickahominy,Female,2854,137,49
2021-01-03,Prince William,Male,14625,804,172
2021-01-03,Eastern Shore,Not Reported,9,0,0
2021-01-03,Eastern Shore,Male,1059,97,29
2021-01-03,Rappahannock Rapidan,Male,3521,167,37
2021-01-03,Henrico,Not Reported,169,2,2
2021-01-03,Cumberland Plateau,Female,2893,135,26
2021-01-03,West Piedmont,Male,3088,233,64
2021-01-03,Hampton,Not Reported,30,0,0
2021-01-03,Alexandria,Not Reported,21,0,1
2021-01-03,Western Tidewater,Not Reported,12,0,3
2021-01-03,Cumberland Plateau,Not Reported,223,2,1
2021-01-03,Virginia Beach,Male,8150,385,77
2021-01-03,Alleghany,Female,4609,126,85
2021-01-03,Lenowisco,Female,2597,130,64
2021-01-03,Virginia Beach,Not Reported,106,0,0
2021-01-03,Western Tidewater,Female,3812,206,81
2021-01-03,Mount Rogers,Male,4938,352,113
2021-01-03,Lord Fairfax,Female,5881,249,96
2021-01-03,Piedmont,Not Reported,20,0,0
2021-01-03,Alexandria,Male,3550,243,47
2021-01-03,Pittsylvania-Danville,Not Reported,39,2,4
2021-01-03,West Piedmont,Not Reported,19,2,4
2021-01-03,Loudoun,Female,7235,296,95
2021-01-03,Hampton,Female,2464,82,23
2021-01-03,Henrico,Female,6941,350,160
2021-01-03,Prince William,Not Reported,305,2,1
2021-01-03,Chickahominy,Male,2629,142,48
2021-01-03,Rappahannock Rapidan,Not Reported,405,3,0
2021-01-03,Peninsula,Female,5591,175,63
2021-01-03,Lenowisco,Not Reported,110,1,2
2021-01-03,Crater,Not Reported,95,4,0
2021-01-03,Chickahominy,Not Reported,121,0,0
2021-01-03,Portsmouth,Male,2221,201,33
2021-01-03,New River,Female,5124,135,60
2021-01-03,Rappahannock,Female,6882,278,53
2021-01-03,Central Virginia,Female,6332,164,47
2021-01-03,Roanoke,Not Reported,24,0,0
2021-01-03,West Piedmont,Female,3899,236,66
2021-01-03,Mount Rogers,Female,5945,313,125
2021-01-03,Piedmont,Male,3259,133,49
2021-01-03,Chesterfield,Female,7738,340,98
2021-01-03,Fairfax,Male,22341,1696,361
2021-01-03,Crater,Male,4069,182,60
2021-01-03,Central Virginia,Not Reported,330,2,5
2021-01-03,Prince William,Female,15462,634,126
2021-01-03,Virginia Beach,Female,9225,377,75
2021-01-03,Norfolk,Female,4585,302,54
2021-01-03,Three Rivers,Female,2417,110,29
2021-01-03,Arlington,Male,4626,377,102
2021-01-03,Central Shenandoah,Female,8706,274,80
2021-01-03,Southside,Female,1622,67,53
2021-01-04,Southside,Not Reported,25,0,0
2021-01-04,Chesapeake,Female,5150,325,51
2021-01-04,Richmond,Female,5025,285,37
2021-01-04,Roanoke,Male,2316,72,50
2021-01-04,Fairfax,Not Reported,317,3,12
2021-01-04,Thomas Jefferson,Female,4128,188,50
2021-01-04,Chesapeake,Not Reported,26,0,1
2021-01-04,Cumberland Plateau,Male,2574,136,41
2021-01-04,Eastern Shore,Female,1168,89,29
2021-01-04,Lord Fairfax,Not Reported,68,0,1
2021-01-04,Rappahannock,Not Reported,216,0,0
2021-01-04,Central Shenandoah,Not Reported,591,3,1
2021-01-04,Peninsula,Male,5024,203,62
2021-01-04,Norfolk,Male,4517,266,55
2021-01-04,Alexandria,Female,3941,197,40
2021-01-04,Lenowisco,Male,2420,145,62
2021-01-04,Pittsylvania-Danville,Female,2903,179,59
2021-01-04,New River,Not Reported,84,0,3
2021-01-04,Chesterfield,Not Reported,254,0,5
2021-01-04,Loudoun,Male,7178,358,66
2021-01-04,Rappahannock Rapidan,Female,3213,132,33
2021-01-04,Piedmont,Female,1824,111,24
2021-01-04,Richmond,Male,4456,281,59
2021-01-04,Crater,Female,3535,216,72
2021-01-04,Portsmouth,Female,2509,238,44
2021-01-04,Arlington,Not Reported,35,0,0
2021-01-04,Mount Rogers,Not Reported,110,3,4
2021-01-04,Thomas Jefferson,Not Reported,32,0,0
2021-01-04,Three Rivers,Not Reported,48,1,0
2021-01-04,Hampton,Male,2107,115,26
2021-01-04,Alleghany,Male,4005,100,54
2021-01-04,Roanoke,Female,3041,74,51
2021-01-04,Loudoun,Not Reported,141,0,0
2021-01-04,Fairfax,Female,23770,1330,329
2021-01-04,Western Tidewater,Male,3955,184,95
2021-01-04,Peninsula,Not Reported,70,0,1
2021-01-04,New River,Male,4449,122,40
2021-01-04,Central Shenandoah,Male,8055,309,99
2021-01-04,Southside,Male,1514,70,31
2021-01-04,Chesterfield,Male,7137,349,104
2021-01-04,Arlington,Female,4608,290,80
2021-01-04,Rappahannock,Male,6252,308,70
2021-01-04,Central Virginia,Male,5471,171,69
2021-01-04,Alleghany,Not Reported,106,0,2
2021-01-04,Henrico,Male,5928,335,132
2021-01-04,Thomas Jefferson,Male,3752,181,46
2021-01-04,Lord Fairfax,Male,5004,283,93
2021-01-04,Three Rivers,Male,2439,121,29
2021-01-04,Richmond,Not Reported,154,1,2
2021-01-04,Pittsylvania-Danville,Male,2323,126,38
2021-01-04,Portsmouth,Not Reported,7,0,1
2021-01-04,Norfolk,Not Reported,20,0,0
2021-01-04,Chesapeake,Male,4583,296,50
2021-01-04,Chickahominy,Female,2876,137,49
2021-01-04,Prince William,Male,14744,804,172
2021-01-04,Eastern Shore,Not Reported,9,0,0
2021-01-04,Eastern Shore,Male,1072,100,29
2021-01-04,Rappahannock Rapidan,Male,3569,167,37
2021-01-04,Henrico,Not Reported,172,2,2
2021-01-04,Cumberland Plateau,Female,2918,137,26
2021-01-04,West Piedmont,Male,3123,233,64
2021-01-04,Hampton,Not Reported,30,0,0
2021-01-04,Alexandria,Not Reported,22,0,1
2021-01-04,Western Tidewater,Not Reported,12,0,3
2021-01-04,Cumberland Plateau,Not Reported,223,2,1
2021-01-04,Virginia Beach,Male,8306,385,77
2021-01-04,Alleghany,Female,4638,126,85
2021-01-04,Lenowisco,Female,2627,132,64
2021-01-04,Virginia Beach,Not Reported,108,0,0
2021-01-04,Western Tidewater,Female,3858,209,81
2021-01-04,Mount Rogers,Male,4993,360,117
2021-01-04,Lord Fairfax,Female,5942,250,96
2021-01-04,Piedmont,Not Reported,20,0,0
2021-01-04,Alexandria,Male,3575,245,47
2021-01-04,Pittsylvania-Danville,Not Reported,40,2,4
2021-01-04,West Piedmont,Not Reported,20,2,4
2021-01-04,Loudoun,Female,7250,296,95
2021-01-04,Hampton,Female,2528,82,23
2021-01-04,Henrico,Female,7026,353,160
2021-01-04,Prince William,Not Reported,305,2,1
2021-01-04,Chickahominy,Male,2645,143,48
2021-01-04,Rappahannock Rapidan,Not Reported,391,3,0
2021-01-04,Peninsula,Female,5703,175,63
2021-01-04,Lenowisco,Not Reported,110,1,2
2021-01-04,Crater,Not Reported,96,4,0
2021-01-04,Chickahominy,Not Reported,122,0,0
2021-01-04,Portsmouth,Male,2271,202,33
2021-01-04,New River,Female,5172,137,60
2021-01-04,Rappahannock,Female,6962,279,53
2021-01-04,Central Virginia,Female,6384,164,47
2021-01-04,Roanoke,Not Reported,24,0,0
2021-01-04,West Piedmont,Female,3913,236,66
2021-01-04,Mount Rogers,Female,6006,320,126
2021-01-04,Piedmont,Male,3259,133,49
2021-01-04,Chesterfield,Female,7822,340,98
2021-01-04,Fairfax,Male,22508,1699,362
2021-01-04,Crater,Male,4119,183,60
2021-01-04,Central Virginia,Not Reported,330,2,5
2021-01-04,Prince William,Female,15559,634,126
2021-01-04,Virginia Beach,Female,9396,377,75
2021-01-04,Norfolk,Female,4632,303,54
2021-01-04,Three Rivers,Female,2450,112,29
2021-01-04,Arlington,Male,4647,377,102
2021-01-04,Central Shenandoah,Female,8800,274,80
2021-01-04,Southside,Female,1631,67,53
2021-01-05,Southside,Not Reported,25,0,0
2021-01-05,Chesapeake,Female,5192,325,51
2021-01-05,Richmond,Female,5085,288,37
2021-01-05,Roanoke,Male,2348,74,49
2021-01-05,Fairfax,Not Reported,319,3,12
2021-01-05,Chesapeake,Not Reported,26,0,1
2021-01-05,Cumberland Plateau,Male,2620,138,43
2021-01-05,Eastern Shore,Female,1186,90,29
2021-01-05,Lord Fairfax,Not Reported,69,0,1
2021-01-05,Rappahannock,Not Reported,217,0,0
2021-01-05,Central Shenandoah,Not Reported,588,3,1
2021-01-05,Blue Ridge,Not Reported,34,0,0
2021-01-05,Peninsula,Male,5108,203,66
2021-01-05,Norfolk,Male,4619,268,56
2021-01-05,Alexandria,Female,3957,198,40
2021-01-05,Lenowisco,Male,2448,147,63
2021-01-05,Pittsylvania-Danville,Female,2940,179,60
2021-01-05,New River,Not Reported,85,0,3
2021-01-05,Chesterfield,Not Reported,255,0,5
2021-01-05,Loudoun,Male,7273,358,66
2021-01-05,Rappahannock Rapidan,Female,3254,136,33
2021-01-05,Piedmont,Female,1854,112,25
2021-01-05,Richmond,Male,4505,282,59
2021-01-05,Crater,Female,3534,217,72
2021-01-05,Portsmouth,Female,2527,240,47
2021-01-05,Arlington,Not Reported,35,0,0
2021-01-05,Mount Rogers,Not Reported,112,3,4
2021-01-05,Three Rivers,Not Reported,48,1,0
2021-01-05,Hampton,Male,2162,115,27
2021-01-05,Alleghany,Male,4051,100,55
2021-01-05,Roanoke,Female,3089,75,51
2021-01-05,Loudoun,Not Reported,146,0,0
2021-01-05,Fairfax,Female,23905,1344,329
2021-01-05,Western Tidewater,Male,3987,185,95
2021-01-05,Peninsula,Not Reported,71,0,1
2021-01-05,New River,Male,4466,122,41
2021-01-05,Central Shenandoah,Male,8115,311,101
2021-01-05,Southside,Male,1561,70,31
2021-01-05,Chesterfield,Male,7219,353,105
2021-01-05,Arlington,Female,4633,293,81
2021-01-05,Rappahannock,Male,6343,312,71
2021-01-05,Central Virginia,Male,5544,173,69
2021-01-05,Alleghany,Not Reported,105,0,2
2021-01-05,Henrico,Male,6024,335,132
2021-01-05,Lord Fairfax,Male,5110,284,93
2021-01-05,Three Rivers,Male,2473,123,30
2021-01-05,Richmond,Not Reported,153,1,2
2021-01-05,Pittsylvania-Danville,Male,2348,126,40
2021-01-05,Portsmouth,Not Reported,7,0,1
2021-01-05,Norfolk,Not Reported,22,0,0
2021-01-05,Chesapeake,Male,4636,298,52
2021-01-05,Chickahominy,Female,2989,137,49
2021-01-05,Blue Ridge,Female,4150,190,51
2021-01-05,Prince William,Male,14886,809,172
2021-01-05,Eastern Shore,Not Reported,9,0,0
2021-01-05,Eastern Shore,Male,1082,101,29
2021-01-05,Rappahannock Rapidan,Male,3613,170,38
2021-01-05,Henrico,Not Reported,174,2,2
2021-01-05,Cumberland Plateau,Female,2966,137,26
2021-01-05,West Piedmont,Male,3172,235,64
2021-01-05,Hampton,Not Reported,30,0,0
2021-01-05,Alexandria,Not Reported,32,0,1
2021-01-05,Western Tidewater,Not Reported,12,0,3
2021-01-05,Cumberland Plateau,Not Reported,226,2,1
2021-01-05,Virginia Beach,Male,8426,385,78
2021-01-05,Alleghany,Female,4674,127,84
2021-01-05,Lenowisco,Female,2664,133,64
2021-01-05,Virginia Beach,Not Reported,108,0,1
2021-01-05,Western Tidewater,Female,3890,211,82
2021-01-05,Mount Rogers,Male,5044,364,119
2021-01-05,Lord Fairfax,Female,6048,254,101
2021-01-05,Piedmont,Not Reported,20,0,0
2021-01-05,Alexandria,Male,3597,246,47
2021-01-05,Pittsylvania-Danville,Not Reported,40,2,4
2021-01-05,West Piedmont,Not Reported,20,2,4
2021-01-05,Loudoun,Female,7367,296,95
2021-01-05,Hampton,Female,2581,83,23
2021-01-05,Blue Ridge,Male,3783,183,46
2021-01-05,Henrico,Female,7142,355,163
2021-01-05,Prince William,Not Reported,304,2,1
2021-01-05,Chickahominy,Male,2756,145,50
2021-01-05,Rappahannock Rapidan,Not Reported,396,3,0
2021-01-05,Peninsula,Female,5781,175,63
2021-01-05,Lenowisco,Not Reported,110,1,2
2021-01-05,Crater,Not Reported,92,4,0
2021-01-05,Chickahominy,Not Reported,129,0,0
2021-01-05,Portsmouth,Male,2286,204,38
2021-01-05,New River,Female,5198,138,61
2021-01-05,Rappahannock,Female,7060,281,54
2021-01-05,Central Virginia,Female,6483,166,47
2021-01-05,Roanoke,Not Reported,25,0,0
2021-01-05,West Piedmont,Female,3977,238,67
2021-01-05,Mount Rogers,Female,6069,329,127
2021-01-05,Piedmont,Male,3297,134,49
2021-01-05,Chesterfield,Female,7919,341,98
2021-01-05,Fairfax,Male,22628,1710,364
2021-01-05,Crater,Male,4102,184,62
2021-01-05,Central Virginia,Not Reported,329,2,5
2021-01-05,Prince William,Female,15745,635,126
2021-01-05,Virginia Beach,Female,9540,379,77
2021-01-05,Norfolk,Female,4754,308,55
2021-01-05,Three Rivers,Female,2500,115,29
2021-01-05,Arlington,Male,4670,376,103
2021-01-05,Central Shenandoah,Female,8879,279,81
2021-01-05,Southside,Female,1706,68,53
2021-01-06,Southside,Not Reported,25,0,0
2021-01-06,Chesapeake,Female,5234,325,51
2021-01-06,Richmond,Female,5159,291,38
2021-01-06,Roanoke,Male,2382,75,50
2021-01-06,Fairfax,Not Reported,317,3,12
2021-01-06,Chesapeake,Not Reported,26,0,1
2021-01-06,Cumberland Plateau,Male,2655,138,43
2021-01-06,Eastern Shore,Female,1189,91,29
2021-01-06,Lord Fairfax,Not Reported,69,0,1
2021-01-06,Rappahannock,Not Reported,221,0,0
2021-01-06,Central Shenandoah,Not Reported,659,3,1
2021-01-06,Blue Ridge,Not Reported,47,0,0
2021-01-06,Peninsula,Male,5183,203,66
2021-01-06,Norfolk,Male,4684,269,57
2021-01-06,Alexandria,Female,4002,198,40
2021-01-06,Lenowisco,Male,2477,149,63
2021-01-06,Pittsylvania-Danville,Female,3037,179,60
2021-01-06,New River,Not Reported,85,0,3
2021-01-06,Chesterfield,Not Reported,257,0,5
2021-01-06,Loudoun,Male,7362,359,66
2021-01-06,Rappahannock Rapidan,Female,3323,136,33
2021-01-06,Piedmont,Female,1901,112,25
2021-01-06,Richmond,Male,4575,283,60
2021-01-06,Crater,Female,3618,216,72
2021-01-06,Portsmouth,Female,2573,240,47
2021-01-06,Arlington,Not Reported,36,0,0
2021-01-06,Mount Rogers,Not Reported,119,3,4
2021-01-06,Three Rivers,Not Reported,48,1,0
2021-01-06,Hampton,Male,2212,117,27
2021-01-06,Alleghany,Male,4111,100,57
2021-01-06,Roanoke,Female,3130,76,51
2021-01-06,Loudoun,Not Reported,148,0,0
2021-01-06,Fairfax,Female,24114,1352,330
2021-01-06,Western Tidewater,Male,4030,188,95
2021-01-06,Peninsula,Not Reported,71,0,1
2021-01-06,New River,Male,4520,128,42
2021-01-06,Central Shenandoah,Male,8253,314,105
2021-01-06,Southside,Male,1592,70,32
2021-01-06,Chesterfield,Male,7281,355,105
2021-01-06,Arlington,Female,4670,293,81
2021-01-06,Rappahannock,Male,6462,316,71
2021-01-06,Central Virginia,Male,5633,174,72
2021-01-06,Alleghany,Not Reported,105,0,2
2021-01-06,Henrico,Male,6113,335,133
2021-01-06,Lord Fairfax,Male,5188,284,94
2021-01-06,Three Rivers,Male,2505,123,31
2021-01-06,Richmond,Not Reported,153,1,2
2021-01-06,Pittsylvania-Danville,Male,2427,126,40
2021-01-06,Portsmouth,Not Reported,10,0,1
2021-01-06,Norfolk,Not Reported,25,0,0
2021-01-06,Chesapeake,Male,4673,298,52
2021-01-06,Chickahominy,Female,3032,137,49
2021-01-06,Blue Ridge,Female,4253,191,51
2021-01-06,Prince William,Male,15041,813,173
2021-01-06,Eastern Shore,Not Reported,11,0,0
2021-01-06,Eastern Shore,Male,1090,103,31
2021-01-06,Rappahannock Rapidan,Male,3672,171,38
2021-01-06,Henrico,Not Reported,174,2,2
2021-01-06,Cumberland Plateau,Female,3000,137,26
2021-01-06,West Piedmont,Male,3213,237,65
2021-01-06,Hampton,Not Reported,30,0,0
2021-01-06,Alexandria,Not Reported,32,0,1
2021-01-06,Western Tidewater,Not Reported,12,0,3
2021-01-06,Cumberland Plateau,Not Reported,227,2,1
2021-01-06,Virginia Beach,Male,8579,386,79
2021-01-06,Alleghany,Female,4764,130,83
2021-01-06,Lenowisco,Female,2699,136,65
2021-01-06,Virginia Beach,Not Reported,123,0,1
2021-01-06,Western Tidewater,Female,3925,212,82
2021-01-06,Mount Rogers,Male,5130,371,120
2021-01-06,Lord Fairfax,Female,6133,254,102
2021-01-06,Piedmont,Not Reported,20,0,0
2021-01-06,Alexandria,Male,3642,246,48
2021-01-06,Pittsylvania-Danville,Not Reported,42,2,4
2021-01-06,West Piedmont,Not Reported,20,2,4
2021-01-06,Loudoun,Female,7463,298,95
2021-01-06,Hampton,Female,2623,83,23
2021-01-06,Blue Ridge,Male,3860,183,46
2021-01-06,Henrico,Female,7274,355,164
2021-01-06,Prince William,Not Reported,306,2,1
2021-01-06,Chickahominy,Male,2789,144,49
2021-01-06,Rappahannock Rapidan,Not Reported,404,3,0
2021-01-06,Peninsula,Female,5844,175,63
2021-01-06,Lenowisco,Not Reported,111,1,2
2021-01-06,Crater,Not Reported,94,4,0
2021-01-06,Chickahominy,Not Reported,129,0,0
2021-01-06,Portsmouth,Male,2312,205,38
2021-01-06,New River,Female,5260,139,61
2021-01-06,Rappahannock,Female,7211,286,55
2021-01-06,Central Virginia,Female,6608,171,48
2021-01-06,Roanoke,Not Reported,25,0,0
2021-01-06,West Piedmont,Female,4039,240,67
2021-01-06,Mount Rogers,Female,6160,334,128
2021-01-06,Piedmont,Male,3361,136,49
2021-01-06,Chesterfield,Female,7991,343,99
2021-01-06,Fairfax,Male,22850,1720,365
2021-01-06,Crater,Male,4189,185,62
2021-01-06,Central Virginia,Not Reported,334,2,5
2021-01-06,Prince William,Female,15947,637,126
2021-01-06,Virginia Beach,Female,9690,381,79
2021-01-06,Norfolk,Female,4842,309,55
2021-01-06,Three Rivers,Female,2543,117,29
2021-01-06,Arlington,Male,4714,377,103
2021-01-06,Central Shenandoah,Female,9022,280,81
2021-01-06,Southside,Female,1752,70,54
2021-01-07,Southside,Not Reported,25,0,0
2021-01-07,Chesapeake,Female,5284,327,52
2021-01-07,Richmond,Female,5218,293,39
2021-01-07,Roanoke,Male,2399,77,50
2021-01-07,Fairfax,Not Reported,319,4,12
2021-01-07,Chesapeake,Not Reported,27,0,1
2021-01-07,Cumberland Plateau,Male,2686,142,44
2021-01-07,Eastern Shore,Female,1218,91,30
2021-01-07,Lord Fairfax,Not Reported,71,0,1
2021-01-07,Rappahannock,Not Reported,230,0,0
2021-01-07,Central Shenandoah,Not Reported,675,3,1
2021-01-07,Blue Ridge,Not Reported,60,1,0
2021-01-07,Peninsula,Male,5284,205,66
2021-01-07,Norfolk,Male,4756,273,57
2021-01-07,Alexandria,Female,4037,200,40
2021-01-07,Lenowisco,Male,2503,152,65
2021-01-07,Pittsylvania-Danville,Female,3088,181,60
2021-01-07,New River,Not Reported,86,0,3
2021-01-07,Chesterfield,Not Reported,261,0,5
2021-01-07,Loudoun,Male,7424,360,67
2021-01-07,Rappahannock Rapidan,Female,3360,136,33
2021-01-07,Piedmont,Female,1980,113,27
2021-01-07,Richmond,Male,4624,284,60
2021-01-07,Crater,Female,3646,216,72
2021-01-07,Portsmouth,Female,2627,242,48
2021-01-07,Arlington,Not Reported,36,0,0
2021-01-07,Mount Rogers,Not Reported,121,3,4
2021-01-07,Three Rivers,Not Reported,50,1,0
2021-01-07,Hampton,Male,2249,117,28
2021-01-07,Alleghany,Male,4193,106,60
2021-01-07,Roanoke,Female,3149,76,51
2021-01-07,Loudoun,Not Reported,148,0,0
2021-01-07,Fairfax,Female,24365,1363,333
2021-01-07,Western Tidewater,Male,4140,188,95
2021-01-07,Peninsula,Not Reported,73,0,1
2021-01-07,New River,Male,4571,129,45
2021-01-07,Central Shenandoah,Male,8314,314,105
2021-01-07,Southside,Male,1632,70,32
2021-01-07,Chesterfield,Male,7401,356,108
2021-01-07,Arlington,Female,4731,293,81
2021-01-07,Rappahannock,Male,6567,317,71
2021-01-07,Central Virginia,Male,5832,176,72
2021-01-07,Alleghany,Not Reported,107,0,2
2021-01-07,Henrico,Male,6195,336,133
2021-01-07,Lord Fairfax,Male,5275,285,94
2021-01-07,Three Rivers,Male,2550,125,32
2021-01-07,Richmond,Not Reported,157,1,2
2021-01-07,Pittsylvania-Danville,Male,2463,126,40
2021-01-07,Portsmouth,Not Reported,10,0,1
2021-01-07,Norfolk,Not Reported,28,0,0
2021-01-07,Chesapeake,Male,4720,301,53
2021-01-07,Chickahominy,Female,3080,137,49
2021-01-07,Blue Ridge,Female,4338,192,51
2021-01-07,Prince William,Male,15189,813,173
2021-01-07,Eastern Shore,Not Reported,10,0,0
2021-01-07,Eastern Shore,Male,1111,103,31
2021-01-07,Rappahannock Rapidan,Male,3708,172,39
2021-01-07,Henrico,Not Reported,188,2,2
2021-01-07,Cumberland Plateau,Female,3039,138,27
2021-01-07,West Piedmont,Male,3263,239,67
2021-01-07,Hampton,Not Reported,33,0,0
2021-01-07,Alexandria,Not Reported,32,0,1
2021-01-07,Western Tidewater,Not Reported,12,0,3
2021-01-07,Cumberland Plateau,Not Reported,227,2,1
2021-01-07,Virginia Beach,Male,8769,400,81
2021-01-07,Alleghany,Female,4862,131,83
2021-01-07,Lenowisco,Female,2735,137,66
2021-01-07,Virginia Beach,Not Reported,146,0,1
2021-01-07,Western Tidewater,Female,3969,212,84
2021-01-07,Mount Rogers,Male,5232,379,121
2021-01-07,Lord Fairfax,Female,6228,257,103
2021-01-07,Piedmont,Not Reported,20,0,0
2021-01-07,Alexandria,Male,3678,248,48
2021-01-07,Pittsylvania-Danville,Not Reported,44,2,4
2021-01-07,West Piedmont,Not Reported,25,2,4
2021-01-07,Loudoun,Female,7523,299,95
2021-01-07,Hampton,Female,2664,86,23
2021-01-07,Blue Ridge,Male,3921,184,46
2021-01-07,Henrico,Female,7374,355,163
2021-01-07,Prince William,Not Reported,311,2,1
2021-01-07,Chickahominy,Male,2821,144,49
2021-01-07,Rappahannock Rapidan,Not Reported,431,3,0
2021-01-07,Peninsula,Female,5935,176,63
2021-01-07,Lenowisco,Not Reported,118,1,2
2021-01-07,Crater,Not Reported,95,4,0
2021-01-07,Chickahominy,Not Reported,130,0,0
2021-01-07,Portsmouth,Male,2358,211,38
2021-01-07,New River,Female,5313,140,62
2021-01-07,Rappahannock,Female,7329,288,57
2021-01-07,Central Virginia,Female,6745,173,49
2021-01-07,Roanoke,Not Reported,25,0,0
2021-01-07,West Piedmont,Female,4135,241,67
2021-01-07,Mount Rogers,Female,6268,337,128
2021-01-07,Piedmont,Male,3418,138,49
2021-01-07,Chesterfield,Female,8108,344,100
2021-01-07,Fairfax,Male,23060,1731,368
2021-01-07,Crater,Male,4217,187,62
2021-01-07,Central Virginia,Not Reported,337,2,5
2021-01-07,Prince William,Female,16088,640,127
2021-01-07,Virginia Beach,Female,9896,400,80
2021-01-07,Norfolk,Female,4919,310,56
2021-01-07,Three Rivers,Female,2606,118,30
2021-01-07,Arlington,Male,4774,377,103
2021-01-07,Central Shenandoah,Female,9082,280,81
2021-01-07,Southside,Female,1775,70,56
2021-01-08,Southside,Not Reported,28,0,0
2021-01-08,Chesapeake,Female,5318,330,52
2021-01-08,Richmond,Female,5295,297,39
2021-01-08,Roanoke,Male,2407,75,50
2021-01-08,Fairfax,Not Reported,323,4,12
2021-01-08,Chesapeake,Not Reported,27,0,1
2021-01-08,Cumberland Plateau,Male,2697,147,44
2021-01-08,Eastern Shore,Female,1237,92,30
2021-01-08,Lord Fairfax,Not Reported,73,0,1
2021-01-08,Rappahannock,Not Reported,230,0,0
2021-01-08,Central Shenandoah,Not Reported,663,3,1
2021-01-08,Blue Ridge,Not Reported,66,1,0
2021-01-08,Peninsula,Male,5358,206,67
2021-01-08,Norfolk,Male,4806,280,58
2021-01-08,Alexandria,Female,4079,201,41
2021-01-08,Lenowisco,Male,2559,155,66
2021-01-08,Pittsylvania-Danville,Female,3171,181,60
2021-01-08,New River,Not Reported,86,0,3
2021-01-08,Chesterfield,Not Reported,261,0,5
2021-01-08,Loudoun,Male,7486,362,67
2021-01-08,Rappahannock Rapidan,Female,3411,136,34
2021-01-08,Piedmont,Female,2013,113,27
2021-01-08,Richmond,Male,4681,285,60
2021-01-08,Crater,Female,3715,216,72
2021-01-08,Portsmouth,Female,2657,243,48
2021-01-08,Arlington,Not Reported,38,0,0
2021-01-08,Mount Rogers,Not Reported,121,3,4
2021-01-08,Three Rivers,Not Reported,50,1,0
2021-01-08,Hampton,Male,2254,117,29
2021-01-08,Alleghany,Male,4246,109,60
2021-01-08,Roanoke,Female,3162,77,51
2021-01-08,Loudoun,Not Reported,148,0,0
2021-01-08,Fairfax,Female,24698,1365,333
2021-01-08,Western Tidewater,Male,4191,190,96
2021-01-08,Peninsula,Not Reported,73,0,1
2021-01-08,New River,Male,4640,129,46
2021-01-08,Central Shenandoah,Male,8454,314,105
2021-01-08,Southside,Male,1659,72,32
2021-01-08,Chesterfield,Male,7488,359,111
2021-01-08,Arlington,Female,4790,294,82
2021-01-08,Rappahannock,Male,6618,319,72
2021-01-08,Central Virginia,Male,5974,178,72
2021-01-08,Alleghany,Not Reported,107,0,2
2021-01-08,Henrico,Male,6288,338,134
2021-01-08,Lord Fairfax,Male,5326,286,94
2021-01-08,Three Rivers,Male,2647,127,33
2021-01-08,Richmond,Not Reported,158,1,2
2021-01-08,Pittsylvania-Danville,Male,2521,127,40
2021-01-08,Portsmouth,Not Reported,9,0,1
2021-01-08,Norfolk,Not Reported,27,0,0
2021-01-08,Chesapeake,Male,4760,303,54
2021-01-08,Chickahominy,Female,3107,139,51
2021-01-08,Blue Ridge,Female,4436,192,51
2021-01-08,Prince William,Male,15305,818,173
2021-01-08,Eastern Shore,Not Reported,11,0,0
2021-01-08,Eastern Shore,Male,1132,103,31
2021-01-08,Rappahannock Rapidan,Male,3742,173,40
2021-01-08,Henrico,Not Reported,191,2,2
2021-01-08,Cumberland Plateau,Female,3053,139,27
2021-01-08,West Piedmont,Male,3324,241,68
2021-01-08,Hampton,Not Reported,33,0,0
2021-01-08,Alexandria,Not Reported,32,0,1
2021-01-08,Western Tidewater,Not Reported,17,0,3
2021-01-08,Cumberland Plateau,Not Reported,227,2,1
2021-01-08,Virginia Beach,Male,9003,406,82
2021-01-08,Alleghany,Female,4937,132,84
2021-01-08,Lenowisco,Female,2776,137,66
2021-01-08,Virginia Beach,Not Reported,165,0,1
2021-01-08,Western Tidewater,Female,4017,214,84
2021-01-08,Mount Rogers,Male,5311,386,124
2021-01-08,Lord Fairfax,Female,6304,257,103
2021-01-08,Piedmont,Not Reported,20,0,0
2021-01-08,Alexandria,Male,3706,248,49
2021-01-08,Pittsylvania-Danville,Not Reported,47,2,4
2021-01-08,West Piedmont,Not Reported,23,2,4
2021-01-08,Loudoun,Female,7585,299,95
2021-01-08,Hampton,Female,2666,87,23
2021-01-08,Blue Ridge,Male,4002,185,46
2021-01-08,Henrico,Female,7504,357,163
2021-01-08,Prince William,Not Reported,312,2,1
2021-01-08,Chickahominy,Male,2844,145,49
2021-01-08,Rappahannock Rapidan,Not Reported,428,3,0
2021-01-08,Peninsula,Female,6002,178,64
2021-01-08,Lenowisco,Not Reported,122,1,2
2021-01-08,Crater,Not Reported,101,4,0
2021-01-08,Chickahominy,Not Reported,132,0,0
2021-01-08,Portsmouth,Male,2409,214,38
2021-01-08,New River,Female,5405,141,64
2021-01-08,Rappahannock,Female,7395,289,57
2021-01-08,Central Virginia,Female,6907,174,49
2021-01-08,Roanoke,Not Reported,25,0,0
2021-01-08,West Piedmont,Female,4211,241,67
2021-01-08,Mount Rogers,Female,6353,343,130
2021-01-08,Piedmont,Male,3481,138,49
2021-01-08,Chesterfield,Female,8212,343,101
2021-01-08,Fairfax,Male,23391,1738,370
2021-01-08,Crater,Male,4270,189,63
2021-01-08,Central Virginia,Not Reported,340,2,5
2021-01-08,Prince William,Female,16201,645,127
2021-01-08,Virginia Beach,Female,10146,403,81
2021-01-08,Norfolk,Female,4973,320,56
2021-01-08,Three Rivers,Female,2648,120,30
2021-01-08,Arlington,Male,4826,377,103
2021-01-08,Central Shenandoah,Female,9204,281,81
2021-01-08,Southside,Female,1809,70,57
2021-01-09,Southside,Not Reported,28,0,0
2021-01-09,Chesapeake,Female,5388,336,52
2021-01-09,Richmond,Female,5350,298,43
2021-01-09,Roanoke,Male,2420,75,52
2021-01-09,Fairfax,Not Reported,326,4,12
2021-01-09,Chesapeake,Not Reported,29,0,1
2021-01-09,Cumberland Plateau,Male,2720,148,44
2021-01-09,Eastern Shore,Female,1261,92,30
2021-01-09,Lord Fairfax,Not Reported,73,0,1
2021-01-09,Rappahannock,Not Reported,232,0,0
2021-01-09,Central Shenandoah,Not Reported,688,3,1
2021-01-09,Blue Ridge,Not Reported,71,1,0
2021-01-09,Peninsula,Male,5433,206,67
2021-01-09,Norfolk,Male,4876,284,60
2021-01-09,Alexandria,Female,4147,206,41
2021-01-09,Lenowisco,Male,2658,157,69
2021-01-09,Pittsylvania-Danville,Female,3232,181,60
2021-01-09,New River,Not Reported,87,0,3
2021-01-09,Chesterfield,Not Reported,262,0,5
2021-01-09,Loudoun,Male,7529,365,69
2021-01-09,Rappahannock Rapidan,Female,3468,138,34
2021-01-09,Piedmont,Female,2029,114,27
2021-01-09,Richmond,Male,4732,287,61
2021-01-09,Crater,Female,3776,217,72
2021-01-09,Portsmouth,Female,2720,244,48
2021-01-09,Arlington,Not Reported,41,0,0
2021-01-09,Mount Rogers,Not Reported,132,3,4
2021-01-09,Three Rivers,Not Reported,51,1,0
2021-01-09,Hampton,Male,2265,117,29
2021-01-09,Alleghany,Male,4287,111,63
2021-01-09,Roanoke,Female,3173,77,51
2021-01-09,Loudoun,Not Reported,146,0,0
2021-01-09,Fairfax,Female,25007,1365,336
2021-01-09,Western Tidewater,Male,4270,192,96
2021-01-09,Peninsula,Not Reported,74,0,1
2021-01-09,New River,Male,4696,130,47
2021-01-09,Central Shenandoah,Male,8620,322,114
2021-01-09,Southside,Male,1715,73,34
2021-01-09,Chesterfield,Male,7609,360,113
2021-01-09,Arlington,Female,4884,294,82
2021-01-09,Rappahannock,Male,6656,322,75
2021-01-09,Central Virginia,Male,6136,179,75
2021-01-09,Alleghany,Not Reported,108,0,2
2021-01-09,Henrico,Male,6373,339,136
2021-01-09,Lord Fairfax,Male,5397,286,100
2021-01-09,Three Rivers,Male,2707,130,35
2021-01-09,Richmond,Not Reported,157,1,2
2021-01-09,Pittsylvania-Danville,Male,2574,128,40
2021-01-09,Portsmouth,Not Reported,9,0,1
2021-01-09,Norfolk,Not Reported,33,0,0
2021-01-09,Chesapeake,Male,4807,307,55
2021-01-09,Chickahominy,Female,3169,139,51
2021-01-09,Blue Ridge,Female,4530,193,51
2021-01-09,Prince William,Male,15453,820,173
2021-01-09,Eastern Shore,Not Reported,11,0,0
2021-01-09,Eastern Shore,Male,1156,103,31
2021-01-09,Rappahannock Rapidan,Male,3794,174,41
2021-01-09,Henrico,Not Reported,194,2,2
2021-01-09,Cumberland Plateau,Female,3094,141,27
2021-01-09,West Piedmont,Male,3385,241,69
2021-01-09,Hampton,Not Reported,33,0,0
2021-01-09,Alexandria,Not Reported,42,0,1
2021-01-09,Western Tidewater,Not Reported,19,0,3
2021-01-09,Cumberland Plateau,Not Reported,228,2,1
2021-01-09,Virginia Beach,Male,9195,410,84
2021-01-09,Alleghany,Female,4991,132,84
2021-01-09,Lenowisco,Female,2829,138,66
2021-01-09,Virginia Beach,Not Reported,185,0,1
2021-01-09,Western Tidewater,Female,4069,215,84
2021-01-09,Mount Rogers,Male,5368,387,127
2021-01-09,Lord Fairfax,Female,6397,257,103
2021-01-09,Piedmont,Not Reported,20,0,0
2021-01-09,Alexandria,Male,3796,248,49
2021-01-09,Pittsylvania-Danville,Not Reported,49,2,4
2021-01-09,West Piedmont,Not Reported,23,2,4
2021-01-09,Loudoun,Female,7611,302,95
2021-01-09,Hampton,Female,2690,88,23
2021-01-09,Blue Ridge,Male,4077,187,46
2021-01-09,Henrico,Female,7606,360,163
2021-01-09,Prince William,Not Reported,312,2,1
2021-01-09,Chickahominy,Male,2913,145,49
2021-01-09,Rappahannock Rapidan,Not Reported,473,4,0
2021-01-09,Peninsula,Female,6106,178,64
2021-01-09,Lenowisco,Not Reported,127,1,2
2021-01-09,Crater,Not Reported,102,4,0
2021-01-09,Chickahominy,Not Reported,139,0,0
2021-01-09,Portsmouth,Male,2467,215,38
2021-01-09,New River,Female,5476,144,64
2021-01-09,Rappahannock,Female,7426,289,57
2021-01-09,Central Virginia,Female,7112,177,49
2021-01-09,Roanoke,Not Reported,25,0,0
2021-01-09,West Piedmont,Female,4272,244,67
2021-01-09,Mount Rogers,Female,6403,344,130
2021-01-09,Piedmont,Male,3539,139,51
2021-01-09,Chesterfield,Female,8359,343,101
2021-01-09,Fairfax,Male,23648,1740,375
2021-01-09,Crater,Male,4313,190,63
2021-01-09,Central Virginia,Not Reported,347,2,6
2021-01-09,Prince William,Female,16361,646,127
2021-01-09,Virginia Beach,Female,10338,406,82
2021-01-09,Norfolk,Female,5067,324,57
2021-01-09,Three Rivers,Female,2716,120,30
2021-01-09,Arlington,Male,4922,377,103
2021-01-09,Central Shenandoah,Female,9417,285,82
2021-01-09,Southside,Female,1859,70,57
2021-01-10,Southside,Not Reported,28,0,0
2021-01-10,Chesapeake,Female,5452,339,52
2021-01-10,Richmond,Female,5431,298,43
2021-01-10,Roanoke,Male,2438,75,52
2021-01-10,Fairfax,Not Reported,327,4,12
2021-01-10,Chesapeake,Not Reported,29,0,1
2021-01-10,Cumberland Plateau,Male,2760,151,44
2021-01-10,Eastern Shore,Female,1293,93,30
2021-01-10,Lord Fairfax,Not Reported,74,0,1
2021-01-10,Rappahannock,Not Reported,237,0,0
2021-01-10,Central Shenandoah,Not Reported,685,3,1
2021-01-10,Blue Ridge,Not Reported,72,1,0
2021-01-10,Peninsula,Male,5557,206,67
2021-01-10,Norfolk,Male,4938,284,60
2021-01-10,Alexandria,Female,4200,206,41
2021-01-10,Lenowisco,Male,2686,159,70
2021-01-10,Pittsylvania-Danville,Female,3277,182,60
2021-01-10,New River,Not Reported,90,0,3
2021-01-10,Chesterfield,Not Reported,268,0,5
2021-01-10,Loudoun,Male,7570,365,69
2021-01-10,Rappahannock Rapidan,Female,3521,140,34
2021-01-10,Piedmont,Female,2035,115,27
2021-01-10,Richmond,Male,4786,287,61
2021-01-10,Crater,Female,3866,217,72
2021-01-10,Portsmouth,Female,2738,244,48
2021-01-10,Arlington,Not Reported,42,0,0
2021-01-10,Mount Rogers,Not Reported,130,3,4
2021-01-10,Three Rivers,Not Reported,51,1,0
2021-01-10,Hampton,Male,2346,118,29
2021-01-10,Alleghany,Male,4343,111,63
2021-01-10,Roanoke,Female,3185,77,51
2021-01-10,Loudoun,Not Reported,147,0,0
2021-01-10,Fairfax,Female,25325,1366,336
2021-01-10,Western Tidewater,Male,4299,193,96
2021-01-10,Peninsula,Not Reported,74,0,1
2021-01-10,New River,Male,4741,131,47
2021-01-10,Central Shenandoah,Male,8726,324,114
2021-01-10,Southside,Male,1716,77,34
2021-01-10,Chesterfield,Male,7691,360,113
2021-01-10,Arlington,Female,4950,294,82
2021-01-10,Rappahannock,Male,6747,322,75
2021-01-10,Central Virginia,Male,6195,180,75
2021-01-10,Alleghany,Not Reported,110,0,2
2021-01-10,Henrico,Male,6454,339,136
2021-01-10,Lord Fairfax,Male,5446,290,100
2021-01-10,Three Rivers,Male,2741,131,35
2021-01-10,Richmond,Not Reported,161,1,2
2021-01-10,Pittsylvania-Danville,Male,2602,130,40
2021-01-10,Portsmouth,Not Reported,9,0,1
2021-01-10,Norfolk,Not Reported,33,0,0
2021-01-10,Chesapeake,Male,4867,307,55
2021-01-10,Chickahominy,Female,3276,139,51
2021-01-10,Blue Ridge,Female,4613,197,51
2021-01-10,Prince William,Male,15578,821,173
2021-01-10,Eastern Shore,Not Reported,20,0,0
2021-01-10,Eastern Shore,Male,1197,103,31
2021-01-10,Rappahannock Rapidan,Male,3838,174,41
2021-01-10,Henrico,Not Reported,197,2,2
2021-01-10,Cumberland Plateau,Female,3114,142,27
2021-01-10,West Piedmont,Male,3430,242,69
2021-01-10,Hampton,Not Reported,34,0,0
2021-01-10,Alexandria,Not Reported,44,0,1
2021-01-10,Western Tidewater,Not Reported,19,0,3
2021-01-10,Cumberland Plateau,Not Reported,229,2,1
2021-01-10,Virginia Beach,Male,9380,410,84
2021-01-10,Alleghany,Female,5091,132,84
2021-01-10,Lenowisco,Female,2857,139,66
2021-01-10,Virginia Beach,Not Reported,188,0,1
2021-01-10,Western Tidewater,Female,4115,215,84
2021-01-10,Mount Rogers,Male,5446,392,128
2021-01-10,Lord Fairfax,Female,6445,258,103
2021-01-10,Piedmont,Not Reported,20,0,0
2021-01-10,Alexandria,Male,3843,248,49
2021-01-10,Pittsylvania-Danville,Not Reported,48,2,4
2021-01-10,West Piedmont,Not Reported,24,2,4
2021-01-10,Loudoun,Female,7651,303,95
2021-01-10,Hampton,Female,2779,88,23
2021-01-10,Blue Ridge,Male,4141,189,46
2021-01-10,Henrico,Female,7728,361,163
2021-01-10,Prince William,Not Reported,316,2,1
2021-01-10,Chickahominy,Male,3020,146,49
2021-01-10,Rappahannock Rapidan,Not Reported,488,4,0
2021-01-10,Peninsula,Female,6239,180,64
2021-01-10,Lenowisco,Not Reported,129,1,2
2021-01-10,Crater,Not Reported,111,4,0
2021-01-10,Chickahominy,Not Reported,153,0,0
2021-01-10,Portsmouth,Male,2482,216,38
2021-01-10,New River,Female,5519,144,64
2021-01-10,Rappahannock,Female,7539,290,57
2021-01-10,Central Virginia,Female,7199,179,49
2021-01-10,Roanoke,Not Reported,26,0,0
2021-01-10,West Piedmont,Female,4333,246,67
2021-01-10,Mount Rogers,Female,6482,350,130
2021-01-10,Piedmont,Male,3544,140,51
2021-01-10,Chesterfield,Female,8440,343,101
2021-01-10,Fairfax,Male,23982,1741,375
2021-01-10,Crater,Male,4378,191,63
2021-01-10,Central Virginia,Not Reported,351,2,6
2021-01-10,Prince William,Female,16468,646,127
2021-01-10,Virginia Beach,Female,10534,406,82
2021-01-10,Norfolk,Female,5134,324,57
2021-01-10,Three Rivers,Female,2748,120,30
2021-01-10,Arlington,Male,5005,377,103
2021-01-10,Central Shenandoah,Female,9543,287,82
2021-01-10,Southside,Female,1859,71,57
2021-01-11,Southside,Not Reported,30,0,0
2021-01-11,Chesapeake,Female,5493,339,52
2021-01-11,Richmond,Female,5476,300,43
2021-01-11,Roanoke,Male,2466,75,52
2021-01-11,Fairfax,Not Reported,337,4,12
2021-01-11,Chesapeake,Not Reported,31,0,1
2021-01-11,Cumberland Plateau,Male,2786,151,44
2021-01-11,Eastern Shore,Female,1319,93,30
2021-01-11,Lord Fairfax,Not Reported,78,0,1
2021-01-11,Rappahannock,Not Reported,244,0,0
2021-01-11,Central Shenandoah,Not Reported,686,3,1
2021-01-11,Blue Ridge,Not Reported,73,1,0
2021-01-11,Peninsula,Male,5639,210,67
2021-01-11,Norfolk,Male,4973,285,60
2021-01-11,Alexandria,Female,4246,208,41
2021-01-11,Lenowisco,Male,2705,159,70
2021-01-11,Pittsylvania-Danville,Female,3327,183,60
2021-01-11,New River,Not Reported,93,0,3
2021-01-11,Chesterfield,Not Reported,271,0,5
2021-01-11,Loudoun,Male,7609,365,69
2021-01-11,Rappahannock Rapidan,Female,3558,141,34
2021-01-11,Piedmont,Female,2044,115,27
2021-01-11,Richmond,Male,4823,288,61
2021-01-11,Crater,Female,3897,217,72
2021-01-11,Portsmouth,Female,2781,245,48
2021-01-11,Arlington,Not Reported,45,0,0
2021-01-11,Mount Rogers,Not Reported,128,3,4
2021-01-11,Three Rivers,Not Reported,51,1,0
2021-01-11,Hampton,Male,2366,120,29
2021-01-11,Alleghany,Male,4402,112,63
2021-01-11,Roanoke,Female,3204,77,51
2021-01-11,Loudoun,Not Reported,154,0,0
2021-01-11,Fairfax,Female,25674,1366,336
2021-01-11,Western Tidewater,Male,4345,195,100
2021-01-11,Peninsula,Not Reported,76,0,1
2021-01-11,New River,Male,4769,131,47
2021-01-11,Central Shenandoah,Male,8818,325,114
2021-01-11,Southside,Male,1767,77,34
2021-01-11,Chesterfield,Male,7730,360,113
2021-01-11,Arlington,Female,5004,305,82
2021-01-11,Rappahannock,Male,6841,322,75
2021-01-11,Central Virginia,Male,6236,180,75
2021-01-11,Alleghany,Not Reported,153,0,2
2021-01-11,Henrico,Male,6541,343,137
2021-01-11,Lord Fairfax,Male,5502,289,100
2021-01-11,Three Rivers,Male,2779,132,35
2021-01-11,Richmond,Not Reported,165,1,2
2021-01-11,Pittsylvania-Danville,Male,2650,130,40
2021-01-11,Portsmouth,Not Reported,10,0,1
2021-01-11,Norfolk,Not Reported,35,0,0
2021-01-11,Chesapeake,Male,4896,309,55
2021-01-11,Chickahominy,Female,3367,140,51
2021-01-11,Blue Ridge,Female,4675,198,51
2021-01-11,Prince William,Male,15715,822,173
2021-01-11,Eastern Shore,Not Reported,20,0,0
2021-01-11,Eastern Shore,Male,1214,103,31
2021-01-11,Rappahannock Rapidan,Male,3884,175,41
2021-01-11,Henrico,Not Reported,202,2,2
2021-01-11,Cumberland Plateau,Female,3152,143,27
2021-01-11,West Piedmont,Male,3455,245,69
2021-01-11,Hampton,Not Reported,34,0,0
2021-01-11,Alexandria,Not Reported,44,0,1
2021-01-11,Western Tidewater,Not Reported,19,0,3
2021-01-11,Cumberland Plateau,Not Reported,229,2,1
2021-01-11,Virginia Beach,Male,9505,410,84
2021-01-11,Alleghany,Female,5120,133,84
2021-01-11,Lenowisco,Female,2864,139,66
2021-01-11,Virginia Beach,Not Reported,213,0,1
2021-01-11,Western Tidewater,Female,4157,220,87
2021-01-11,Mount Rogers,Male,5487,397,128
2021-01-11,Lord Fairfax,Female,6491,259,103
2021-01-11,Piedmont,Not Reported,25,0,0
2021-01-11,Alexandria,Male,3866,248,49
2021-01-11,Pittsylvania-Danville,Not Reported,50,2,4
2021-01-11,West Piedmont,Not Reported,23,2,4
2021-01-11,Loudoun,Female,7680,303,95
2021-01-11,Hampton,Female,2818,89,23
2021-01-11,Blue Ridge,Male,4204,191,46
2021-01-11,Henrico,Female,7824,363,163
2021-01-11,Prince William,Not Reported,317,2,1
2021-01-11,Chickahominy,Male,3109,146,49
2021-01-11,Rappahannock Rapidan,Not Reported,470,4,0
2021-01-11,Peninsula,Female,6337,182,64
2021-01-11,Lenowisco,Not Reported,126,1,2
2021-01-11,Crater,Not Reported,123,4,0
2021-01-11,Chickahominy,Not Reported,156,0,0
2021-01-11,Portsmouth,Male,2549,217,38
2021-01-11,New River,Female,5556,144,64
2021-01-11,Rappahannock,Female,7656,290,57
2021-01-11,Central Virginia,Female,7251,180,49
2021-01-11,Roanoke,Not Reported,31,0,0
2021-01-11,West Piedmont,Female,4365,248,67
2021-01-11,Mount Rogers,Female,6551,352,131
2021-01-11,Piedmont,Male,3554,140,51
2021-01-11,Chesterfield,Female,8495,343,101
2021-01-11,Fairfax,Male,24368,1745,375
2021-01-11,Crater,Male,4413,191,63
2021-01-11,Central Virginia,Not Reported,381,2,6
2021-01-11,Prince William,Female,16644,647,127
2021-01-11,Virginia Beach,Female,10702,406,82
2021-01-11,Norfolk,Female,5168,324,57
2021-01-11,Three Rivers,Female,2786,121,30
2021-01-11,Arlington,Male,5068,382,104
2021-01-11,Central Shenandoah,Female,9652,293,82
2021-01-11,Southside,Female,1895,72,57
2021-01-12,Southside,Not Reported,30,0,0
2021-01-12,Chesapeake,Female,5550,342,52
2021-01-12,Richmond,Female,5525,300,43
2021-01-12,Roanoke,Male,2491,75,52
2021-01-12,Fairfax,Not Reported,345,4,12
2021-01-12,Chesapeake,Not Reported,30,0,1
2021-01-12,Cumberland Plateau,Male,2805,155,46
2021-01-12,Eastern Shore,Female,1331,93,30
2021-01-12,Lord Fairfax,Not Reported,81,0,1
2021-01-12,Rappahannock,Not Reported,246,0,0
2021-01-12,Central Shenandoah,Not Reported,696,3,1
2021-01-12,Blue Ridge,Not Reported,75,1,0
2021-01-12,Peninsula,Male,5723,212,68
2021-01-12,Norfolk,Male,5065,286,61
2021-01-12,Alexandria,Female,4295,210,41
2021-01-12,Lenowisco,Male,2733,160,70
2021-01-12,Pittsylvania-Danville,Female,3397,183,60
2021-01-12,New River,Not Reported,94,0,3
2021-01-12,Chesterfield,Not Reported,274,0,5
2021-01-12,Loudoun,Male,7694,365,69
2021-01-12,Rappahannock Rapidan,Female,3592,141,36
2021-01-12,Piedmont,Female,2079,115,27
2021-01-12,Richmond,Male,4868,289,63
2021-01-12,Crater,Female,3945,219,72
2021-01-12,Portsmouth,Female,2805,245,50
2021-01-12,Arlington,Not Reported,45,0,0
2021-01-12,Mount Rogers,Not Reported,130,3,4
2021-01-12,Three Rivers,Not Reported,52,1,0
2021-01-12,Hampton,Male,2395,120,32
2021-01-12,Alleghany,Male,4493,113,65
2021-01-12,Roanoke,Female,3221,78,52
2021-01-12,Loudoun,Not Reported,156,0,0
2021-01-12,Fairfax,Female,25893,1372,338
2021-01-12,Western Tidewater,Male,4365,197,101
2021-01-12,Peninsula,Not Reported,76,0,1
2021-01-12,New River,Male,4800,132,47
2021-01-12,Central Shenandoah,Male,8889,330,119
2021-01-12,Southside,Male,1803,77,36
2021-01-12,Chesterfield,Male,7783,361,115
2021-01-12,Arlington,Female,5051,305,82
2021-01-12,Rappahannock,Male,6925,325,76
2021-01-12,Central Virginia,Male,6372,183,75
2021-01-12,Alleghany,Not Reported,154,0,2
2021-01-12,Henrico,Male,6607,344,137
2021-01-12,Lord Fairfax,Male,5566,291,103
2021-01-12,Three Rivers,Male,2843,135,36
2021-01-12,Richmond,Not Reported,165,1,2
2021-01-12,Pittsylvania-Danville,Male,2720,131,40
2021-01-12,Portsmouth,Not Reported,10,0,1
2021-01-12,Norfolk,Not Reported,38,0,0
2021-01-12,Chesapeake,Male,4953,315,55
2021-01-12,Chickahominy,Female,3408,140,52
2021-01-12,Blue Ridge,Female,4700,199,51
2021-01-12,Prince William,Male,15866,824,174
2021-01-12,Eastern Shore,Not Reported,20,0,0
2021-01-12,Eastern Shore,Male,1228,103,31
2021-01-12,Rappahannock Rapidan,Male,3921,177,43
2021-01-12,Henrico,Not Reported,204,2,3
2021-01-12,Cumberland Plateau,Female,3166,144,31
2021-01-12,West Piedmont,Male,3490,247,71
2021-01-12,Hampton,Not Reported,34,0,0
2021-01-12,Alexandria,Not Reported,44,0,1
2021-01-12,Western Tidewater,Not Reported,19,0,3
2021-01-12,Cumberland Plateau,Not Reported,227,2,1
2021-01-12,Virginia Beach,Male,9662,428,85
2021-01-12,Alleghany,Female,5198,133,85
2021-01-12,Lenowisco,Female,2895,144,68
2021-01-12,Virginia Beach,Not Reported,236,0,1
2021-01-12,Western Tidewater,Female,4192,220,87
2021-01-12,Mount Rogers,Male,5524,407,131
2021-01-12,Lord Fairfax,Female,6588,260,103
2021-01-12,Piedmont,Not Reported,24,0,0
2021-01-12,Alexandria,Male,3909,248,49
2021-01-12,Pittsylvania-Danville,Not Reported,49,2,4
2021-01-12,West Piedmont,Not Reported,23,2,4
2021-01-12,Loudoun,Female,7754,303,96
2021-01-12,Hampton,Female,2851,89,23
2021-01-12,Blue Ridge,Male,4236,192,46
2021-01-12,Henrico,Female,7927,365,166
2021-01-12,Prince William,Not Reported,314,2,1
2021-01-12,Chickahominy,Male,3139,147,50
2021-01-12,Rappahannock Rapidan,Not Reported,453,4,0
2021-01-12,Peninsula,Female,6445,185,65
2021-01-12,Lenowisco,Not Reported,127,1,2
2021-01-12,Crater,Not Reported,126,4,0
2021-01-12,Chickahominy,Not Reported,157,0,1
2021-01-12,Portsmouth,Male,2576,218,39
2021-01-12,New River,Female,5585,146,67
2021-01-12,Rappahannock,Female,7769,292,57
2021-01-12,Central Virginia,Female,7438,182,50
2021-01-12,Roanoke,Not Reported,30,0,0
2021-01-12,West Piedmont,Female,4396,251,67
2021-01-12,Mount Rogers,Female,6571,354,134
2021-01-12,Piedmont,Male,3616,141,51
2021-01-12,Chesterfield,Female,8577,348,101
2021-01-12,Fairfax,Male,24588,1752,381
2021-01-12,Crater,Male,4456,192,63
2021-01-12,Central Virginia,Not Reported,391,2,6
2021-01-12,Prince William,Female,16782,648,129
2021-01-12,Virginia Beach,Female,10881,415,82
2021-01-12,Norfolk,Female,5277,327,59
2021-01-12,Three Rivers,Female,2838,121,31
2021-01-12,Arlington,Male,5106,382,104
2021-01-12,Central Shenandoah,Female,9721,297,89
2021-01-12,Southside,Female,1919,72,57
2021-01-13,Southside,Not Reported,29,0,0
2021-01-13,Chesapeake,Female,5668,344,53
2021-01-13,Richmond,Female,5598,304,49
2021-01-13,Roanoke,Male,2515,76,56
2021-01-13,Fairfax,Not Reported,351,4,12
2021-01-13,Chesapeake,Not Reported,31,0,1
2021-01-13,Cumberland Plateau,Male,2844,157,47
2021-01-13,Eastern Shore,Female,1330,93,30
2021-01-13,Lord Fairfax,Not Reported,81,0,1
2021-01-13,Rappahannock,Not Reported,246,0,0
2021-01-13,Central Shenandoah,Not Reported,723,3,1
2021-01-13,Blue Ridge,Not Reported,74,1,0
2021-01-13,Peninsula,Male,5778,214,69
2021-01-13,Norfolk,Male,5115,288,61
2021-01-13,Alexandria,Female,4326,211,41
2021-01-13,Lenowisco,Male,2768,161,70
2021-01-13,Pittsylvania-Danville,Female,3449,184,60
2021-01-13,New River,Not Reported,93,0,3
2021-01-13,Chesterfield,Not Reported,277,0,5
2021-01-13,Loudoun,Male,7743,365,69
2021-01-13,Rappahannock Rapidan,Female,3624,144,36
2021-01-13,Piedmont,Female,2135,115,28
2021-01-13,Richmond,Male,4937,290,65
2021-01-13,Crater,Female,3982,222,73
2021-01-13,Portsmouth,Female,2844,248,50
2021-01-13,Arlington,Not Reported,45,0,0
2021-01-13,Mount Rogers,Not Reported,134,3,4
2021-01-13,Three Rivers,Not Reported,52,1,0
2021-01-13,Hampton,Male,2408,121,34
2021-01-13,Alleghany,Male,4545,115,65
2021-01-13,Roanoke,Female,3251,78,52
2021-01-13,Loudoun,Not Reported,156,0,0
2021-01-13,Fairfax,Female,26131,1379,338
2021-01-13,Western Tidewater,Male,4378,198,102
2021-01-13,Peninsula,Not Reported,74,0,1
2021-01-13,New River,Male,4836,133,47
2021-01-13,Central Shenandoah,Male,9017,332,125
2021-01-13,Southside,Male,1799,77,36
2021-01-13,Chesterfield,Male,7893,361,115
2021-01-13,Arlington,Female,5092,305,82
2021-01-13,Rappahannock,Male,6993,325,77
2021-01-13,Central Virginia,Male,6507,191,76
2021-01-13,Alleghany,Not Reported,153,0,2
2021-01-13,Henrico,Male,6687,345,139
2021-01-13,Lord Fairfax,Male,5660,291,106
2021-01-13,Three Rivers,Male,2883,135,37
2021-01-13,Richmond,Not Reported,163,1,2
2021-01-13,Pittsylvania-Danville,Male,2765,131,40
2021-01-13,Portsmouth,Not Reported,10,0,1
2021-01-13,Norfolk,Not Reported,38,0,0
2021-01-13,Chesapeake,Male,5113,317,55
2021-01-13,Chickahominy,Female,3421,140,53
2021-01-13,Blue Ridge,Female,4749,199,51
2021-01-13,Prince William,Male,15966,826,175
2021-01-13,Eastern Shore,Not Reported,20,0,0
2021-01-13,Eastern Shore,Male,1231,103,32
2021-01-13,Rappahannock Rapidan,Male,3945,185,45
2021-01-13,Henrico,Not Reported,204,2,3
2021-01-13,Cumberland Plateau,Female,3197,144,33
2021-01-13,West Piedmont,Male,3544,248,74
2021-01-13,Hampton,Not Reported,34,0,0
2021-01-13,Alexandria,Not Reported,44,0,1
2021-01-13,Western Tidewater,Not Reported,20,0,3
2021-01-13,Cumberland Plateau,Not Reported,228,2,1
2021-01-13,Virginia Beach,Male,9831,446,86
2021-01-13,Alleghany,Female,5263,134,86
2021-01-13,Lenowisco,Female,2927,145,68
2021-01-13,Virginia Beach,Not Reported,237,1,1
2021-01-13,Western Tidewater,Female,4216,221,87
2021-01-13,Mount Rogers,Male,5584,411,131
2021-01-13,Lord Fairfax,Female,6675,264,103
2021-01-13,Piedmont,Not Reported,24,0,0
2021-01-13,Alexandria,Male,3937,249,49
2021-01-13,Pittsylvania-Danville,Not Reported,52,2,4
2021-01-13,West Piedmont,Not Reported,24,2,4
2021-01-13,Loudoun,Female,7812,304,96
2021-01-13,Hampton,Female,2868,89,23
2021-01-13,Blue Ridge,Male,4289,193,48
2021-01-13,Henrico,Female,8009,367,169
2021-01-13,Prince William,Not Reported,315,2,1
2021-01-13,Chickahominy,Male,3153,147,51
2021-01-13,Rappahannock Rapidan,Not Reported,453,4,0
2021-01-13,Peninsula,Female,6517,186,67
2021-01-13,Lenowisco,Not Reported,133,1,2
2021-01-13,Crater,Not Reported,127,4,0
2021-01-13,Chickahominy,Not Reported,162,0,1
2021-01-13,Portsmouth,Male,2608,221,39
2021-01-13,New River,Female,5630,150,68
2021-01-13,Rappahannock,Female,7866,293,58
2021-01-13,Central Virginia,Female,7603,185,50
2021-01-13,Roanoke,Not Reported,28,0,0
2021-01-13,West Piedmont,Female,4461,254,70
2021-01-13,Mount Rogers,Female,6663,356,135
2021-01-13,Piedmont,Male,3649,144,51
2021-01-13,Chesterfield,Female,8677,348,102
2021-01-13,Fairfax,Male,24775,1758,386
2021-01-13,Crater,Male,4478,193,63
2021-01-13,Central Virginia,Not Reported,409,2,6
2021-01-13,Prince William,Female,16894,649,129
2021-01-13,Virginia Beach,Female,11065,431,85
2021-01-13,Norfolk,Female,5354,327,59
2021-01-13,Three Rivers,Female,2896,121,32
2021-01-13,Arlington,Male,5140,382,105
2021-01-13,Central Shenandoah,Female,9858,300,93
2021-01-13,Southside,Female,1936,72,57
2021-01-14,Southside,Not Reported,29,0,0
2021-01-14,Chesapeake,Female,5885,347,54
2021-01-14,Richmond,Female,5650,306,51
2021-01-14,Roanoke,Male,2541,76,57
2021-01-14,Fairfax,Not Reported,355,4,12
2021-01-14,Chesapeake,Not Reported,41,0,1
2021-01-14,Cumberland Plateau,Male,2873,161,49
2021-01-14,Eastern Shore,Female,1355,93,30
2021-01-14,Lord Fairfax,Not Reported,81,0,1
2021-01-14,Rappahannock,Not Reported,249,0,0
2021-01-14,Central Shenandoah,Not Reported,744,3,1
2021-01-14,Blue Ridge,Not Reported,74,1,0
2021-01-14,Peninsula,Male,5853,215,69
2021-01-14,Norfolk,Male,5194,294,62
2021-01-14,Alexandria,Female,4364,212,43
2021-01-14,Lenowisco,Male,2791,164,73
2021-01-14,Pittsylvania-Danville,Female,3505,185,60
2021-01-14,New River,Not Reported,93,0,3
2021-01-14,Chesterfield,Not Reported,278,0,5
2021-01-14,Loudoun,Male,7817,371,69
2021-01-14,Rappahannock Rapidan,Female,3665,145,36
2021-01-14,Piedmont,Female,2188,116,28
2021-01-14,Richmond,Male,4986,293,65
2021-01-14,Crater,Female,4018,222,73
2021-01-14,Portsmouth,Female,2871,249,50
2021-01-14,Arlington,Not Reported,45,0,0
2021-01-14,Mount Rogers,Not Reported,139,4,4
2021-01-14,Three Rivers,Not Reported,53,1,0
2021-01-14,Hampton,Male,2437,121,34
2021-01-14,Alleghany,Male,4595,116,66
2021-01-14,Roanoke,Female,3294,79,53
2021-01-14,Loudoun,Not Reported,155,0,0
2021-01-14,Fairfax,Female,26482,1383,342
2021-01-14,Western Tidewater,Male,4404,201,103
2021-01-14,Peninsula,Not Reported,74,0,1
2021-01-14,New River,Male,4866,135,47
2021-01-14,Central Shenandoah,Male,9131,339,136
2021-01-14,Southside,Male,1826,77,38
2021-01-14,Chesterfield,Male,7977,364,117
2021-01-14,Arlington,Female,5135,305,82
2021-01-14,Rappahannock,Male,7077,327,78
2021-01-14,Central Virginia,Male,6646,192,76
2021-01-14,Alleghany,Not Reported,152,0,2
2021-01-14,Henrico,Male,6744,346,141
2021-01-14,Lord Fairfax,Male,5732,292,107
2021-01-14,Three Rivers,Male,2938,138,40
2021-01-14,Richmond,Not Reported,171,1,2
2021-01-14,Pittsylvania-Danville,Male,2796,131,40
2021-01-14,Portsmouth,Not Reported,10,0,1
2021-01-14,Norfolk,Not Reported,40,0,0
2021-01-14,Chesapeake,Male,5286,319,57
2021-01-14,Chickahominy,Female,3468,140,53
2021-01-14,Blue Ridge,Female,4809,200,51
2021-01-14,Prince William,Male,16108,831,179
2021-01-14,Eastern Shore,Not Reported,20,0,0
2021-01-14,Eastern Shore,Male,1248,104,32
2021-01-14,Rappahannock Rapidan,Male,3986,187,46
2021-01-14,Henrico,Not Reported,216,2,3
2021-01-14,Cumberland Plateau,Female,3239,144,34
2021-01-14,West Piedmont,Male,3578,250,73
2021-01-14,Hampton,Not Reported,34,0,0
2021-01-14,Alexandria,Not Reported,46,0,1
2021-01-14,Western Tidewater,Not Reported,21,0,3
2021-01-14,Cumberland Plateau,Not Reported,227,1,1
2021-01-14,Virginia Beach,Male,9999,448,87
2021-01-14,Alleghany,Female,5301,136,88
2021-01-14,Lenowisco,Female,2950,146,71
2021-01-14,Virginia Beach,Not Reported,271,1,1
2021-01-14,Western Tidewater,Female,4251,223,88
2021-01-14,Mount Rogers,Male,5647,417,132
2021-01-14,Lord Fairfax,Female,6756,265,105
2021-01-14,Piedmont,Not Reported,24,0,0
2021-01-14,Alexandria,Male,3977,250,50
2021-01-14,Pittsylvania-Danville,Not Reported,52,2,4
2021-01-14,West Piedmont,Not Reported,24,2,4
2021-01-14,Loudoun,Female,7904,307,96
2021-01-14,Hampton,Female,2914,89,23
2021-01-14,Blue Ridge,Male,4341,193,48
2021-01-14,Henrico,Female,8073,369,169
2021-01-14,Prince William,Not Reported,315,2,1
2021-01-14,Chickahominy,Male,3197,148,52
2021-01-14,Rappahannock Rapidan,Not Reported,453,4,0
2021-01-14,Peninsula,Female,6583,186,67
2021-01-14,Lenowisco,Not Reported,138,1,2
2021-01-14,Crater,Not Reported,131,4,0
2021-01-14,Chickahominy,Not Reported,165,0,1
2021-01-14,Portsmouth,Male,2640,222,39
2021-01-14,New River,Female,5676,150,69
2021-01-14,Rappahannock,Female,7970,295,58
2021-01-14,Central Virginia,Female,7767,187,51
2021-01-14,Roanoke,Not Reported,27,0,0
2021-01-14,West Piedmont,Female,4517,256,70
2021-01-14,Mount Rogers,Female,6722,357,136
2021-01-14,Piedmont,Male,3694,145,51
2021-01-14,Chesterfield,Female,8769,349,104
2021-01-14,Fairfax,Male,25055,1765,387
2021-01-14,Crater,Male,4521,193,64
2021-01-14,Central Virginia,Not Reported,422,2,6
2021-01-14,Prince William,Female,17071,651,130
2021-01-14,Virginia Beach,Female,11256,434,85
2021-01-14,Norfolk,Female,5444,331,60
2021-01-14,Three Rivers,Female,2953,122,33
2021-01-14,Arlington,Male,5179,383,105
2021-01-14,Central Shenandoah,Female,10004,301,97
2021-01-14,Southside,Female,1981,72,57
2021-01-15,Southside,Not Reported,29,0,0
2021-01-15,Chesapeake,Female,6053,350,54
2021-01-15,Richmond,Female,5710,308,51
2021-01-15,Roanoke,Male,2569,77,57
2021-01-15,Fairfax,Not Reported,356,4,12
2021-01-15,Chesapeake,Not Reported,41,0,1
2021-01-15,Cumberland Plateau,Male,2891,163,51
2021-01-15,Eastern Shore,Female,1363,93,30
2021-01-15,Lord Fairfax,Not Reported,82,0,1
2021-01-15,Rappahannock,Not Reported,249,0,0
2021-01-15,Central Shenandoah,Not Reported,732,3,1
2021-01-15,Blue Ridge,Not Reported,75,1,0
2021-01-15,Peninsula,Male,5979,216,69
2021-01-15,Norfolk,Male,5229,295,63
2021-01-15,Alexandria,Female,4396,213,43
2021-01-15,Lenowisco,Male,2814,166,73
2021-01-15,Pittsylvania-Danville,Female,3563,188,60
2021-01-15,New River,Not Reported,93,0,3
2021-01-15,Chesterfield,Not Reported,282,0,5
2021-01-15,Loudoun,Male,7884,372,69
2021-01-15,Rappahannock Rapidan,Female,3705,147,36
2021-01-15,Piedmont,Female,2249,118,28
2021-01-15,Richmond,Male,5032,293,65
2021-01-15,Crater,Female,4075,223,73
2021-01-15,Portsmouth,Female,2885,249,50
2021-01-15,Arlington,Not Reported,46,0,0
2021-01-15,Mount Rogers,Not Reported,150,4,4
2021-01-15,Three Rivers,Not Reported,53,1,0
2021-01-15,Hampton,Male,2459,122,34
2021-01-15,Alleghany,Male,4666,117,66
2021-01-15,Roanoke,Female,3336,81,53
2021-01-15,Loudoun,Not Reported,154,0,0
2021-01-15,Fairfax,Female,26737,1394,345
2021-01-15,Western Tidewater,Male,4443,207,103
2021-01-15,Peninsula,Not Reported,79,0,1
2021-01-15,New River,Male,4926,138,47
2021-01-15,Central Shenandoah,Male,9206,347,140
2021-01-15,Southside,Male,1891,79,38
2021-01-15,Chesterfield,Male,8100,366,117
2021-01-15,Arlington,Female,5166,305,82
2021-01-15,Rappahannock,Male,7235,329,80
2021-01-15,Central Virginia,Male,6759,194,78
2021-01-15,Alleghany,Not Reported,152,0,2
2021-01-15,Henrico,Male,6833,350,141
2021-01-15,Lord Fairfax,Male,5813,292,107
2021-01-15,Three Rivers,Male,2960,137,40
2021-01-15,Richmond,Not Reported,173,1,2
2021-01-15,Pittsylvania-Danville,Male,2826,133,40
2021-01-15,Portsmouth,Not Reported,10,0,1
2021-01-15,Norfolk,Not Reported,43,0,0
2021-01-15,Chesapeake,Male,5442,320,58
2021-01-15,Chickahominy,Female,3483,138,52
2021-01-15,Blue Ridge,Female,4864,200,51
2021-01-15,Prince William,Male,16285,834,180
2021-01-15,Eastern Shore,Not Reported,20,0,0
2021-01-15,Eastern Shore,Male,1251,105,32
2021-01-15,Rappahannock Rapidan,Male,4012,187,47
2021-01-15,Henrico,Not Reported,223,2,3
2021-01-15,Cumberland Plateau,Female,3263,145,34
2021-01-15,West Piedmont,Male,3613,252,73
2021-01-15,Hampton,Not Reported,35,0,0
2021-01-15,Alexandria,Not Reported,46,0,1
2021-01-15,Western Tidewater,Not Reported,24,0,3
2021-01-15,Cumberland Plateau,Not Reported,227,1,1
2021-01-15,Virginia Beach,Male,10061,456,89
2021-01-15,Alleghany,Female,5389,137,88
2021-01-15,Lenowisco,Female,2979,148,71
2021-01-15,Virginia Beach,Not Reported,284,2,1
2021-01-15,Western Tidewater,Female,4301,224,88
2021-01-15,Mount Rogers,Male,5691,421,135
2021-01-15,Lord Fairfax,Female,6838,265,105
2021-01-15,Piedmont,Not Reported,24,0,0
2021-01-15,Alexandria,Male,4006,250,50
2021-01-15,Pittsylvania-Danville,Not Reported,52,2,4
2021-01-15,West Piedmont,Not Reported,24,2,4
2021-01-15,Loudoun,Female,7997,308,97
2021-01-15,Hampton,Female,2940,90,23
2021-01-15,Blue Ridge,Male,4370,193,48
2021-01-15,Henrico,Female,8175,373,169
2021-01-15,Prince William,Not Reported,316,2,1
2021-01-15,Chickahominy,Male,3211,148,52
2021-01-15,Rappahannock Rapidan,Not Reported,459,4,0
2021-01-15,Peninsula,Female,6731,188,67
2021-01-15,Lenowisco,Not Reported,139,1,2
2021-01-15,Crater,Not Reported,132,4,0
2021-01-15,Chickahominy,Not Reported,160,0,2
2021-01-15,Portsmouth,Male,2651,222,39
2021-01-15,New River,Female,5753,150,69
2021-01-15,Rappahannock,Female,8151,296,58
2021-01-15,Central Virginia,Female,7896,189,51
2021-01-15,Roanoke,Not Reported,28,0,0
2021-01-15,West Piedmont,Female,4552,257,70
2021-01-15,Mount Rogers,Female,6776,361,136
2021-01-15,Piedmont,Male,3750,147,53
2021-01-15,Chesterfield,Female,8887,356,105
2021-01-15,Fairfax,Male,25221,1775,389
2021-01-15,Crater,Male,4558,195,66
2021-01-15,Central Virginia,Not Reported,429,2,6
2021-01-15,Prince William,Female,17266,655,130
2021-01-15,Virginia Beach,Female,11335,447,85
2021-01-15,Norfolk,Female,5474,331,60
2021-01-15,Three Rivers,Female,2985,122,33
2021-01-15,Arlington,Male,5214,383,105
2021-01-15,Central Shenandoah,Female,10096,303,97
2021-01-15,Southside,Female,1993,72,57
2021-01-16,Southside,Not Reported,30,0,0
2021-01-16,Chesapeake,Female,6262,351,54
2021-01-16,Richmond,Female,5785,307,51
2021-01-16,Roanoke,Male,2603,77,57
2021-01-16,Fairfax,Not Reported,367,4,12
2021-01-16,Chesapeake,Not Reported,61,0,1
2021-01-16,Cumberland Plateau,Male,2911,162,50
2021-01-16,Eastern Shore,Female,1379,97,30
2021-01-16,Lord Fairfax,Not Reported,85,0,1
2021-01-16,Rappahannock,Not Reported,253,0,0
2021-01-16,Central Shenandoah,Not Reported,723,3,1
2021-01-16,Blue Ridge,Not Reported,77,1,0
2021-01-16,Peninsula,Male,6094,216,69
2021-01-16,Norfolk,Male,5293,295,63
2021-01-16,Alexandria,Female,4430,214,44
2021-01-16,Lenowisco,Male,2826,167,73
2021-01-16,Pittsylvania-Danville,Female,3612,190,60
2021-01-16,New River,Not Reported,94,0,3
2021-01-16,Chesterfield,Not Reported,292,0,5
2021-01-16,Loudoun,Male,8005,375,69
2021-01-16,Rappahannock Rapidan,Female,3752,148,36
2021-01-16,Piedmont,Female,2300,119,28
2021-01-16,Richmond,Male,5093,293,65
2021-01-16,Crater,Female,4173,224,73
2021-01-16,Portsmouth,Female,2939,249,50
2021-01-16,Arlington,Not Reported,49,0,0
2021-01-16,Mount Rogers,Not Reported,145,4,4
2021-01-16,Three Rivers,Not Reported,54,1,0
2021-01-16,Hampton,Male,2521,123,34
2021-01-16,Alleghany,Male,4764,121,66
2021-01-16,Roanoke,Female,3389,83,53
2021-01-16,Loudoun,Not Reported,153,0,0
2021-01-16,Fairfax,Female,27105,1396,346
2021-01-16,Western Tidewater,Male,4526,208,103
2021-01-16,Peninsula,Not Reported,79,0,1
2021-01-16,New River,Male,4960,140,47
2021-01-16,Central Shenandoah,Male,9330,355,146
2021-01-16,Southside,Male,2002,79,38
2021-01-16,Chesterfield,Male,8278,370,119
2021-01-16,Arlington,Female,5212,306,82
2021-01-16,Rappahannock,Male,7368,334,82
2021-01-16,Central Virginia,Male,6920,195,78
2021-01-16,Alleghany,Not Reported,154,0,2
2021-01-16,Henrico,Male,6976,351,141
2021-01-16,Lord Fairfax,Male,5899,292,107
2021-01-16,Three Rivers,Male,3027,138,40
2021-01-16,Richmond,Not Reported,181,1,2
2021-01-16,Pittsylvania-Danville,Male,2870,137,40
2021-01-16,Portsmouth,Not Reported,11,0,1
2021-01-16,Norfolk,Not Reported,47,0,0
2021-01-16,Chesapeake,Male,5644,320,58
2021-01-16,Chickahominy,Female,3506,139,52
2021-01-16,Blue Ridge,Female,4924,201,51
2021-01-16,Prince William,Male,16490,835,180
2021-01-16,Eastern Shore,Not Reported,20,0,0
2021-01-16,Eastern Shore,Male,1265,107,32
2021-01-16,Rappahannock Rapidan,Male,4076,189,47
2021-01-16,Henrico,Not Reported,243,2,2
2021-01-16,Cumberland Plateau,Female,3280,145,34
2021-01-16,West Piedmont,Male,3677,255,74
2021-01-16,Hampton,Not Reported,37,0,0
2021-01-16,Alexandria,Not Reported,47,0,1
2021-01-16,Western Tidewater,Not Reported,25,0,3
2021-01-16,Cumberland Plateau,Not Reported,229,1,1
2021-01-16,Virginia Beach,Male,10221,457,90
2021-01-16,Alleghany,Female,5534,138,88
2021-01-16,Lenowisco,Female,2999,150,71
2021-01-16,Virginia Beach,Not Reported,289,2,1
2021-01-16,Western Tidewater,Female,4380,225,89
2021-01-16,Mount Rogers,Male,5730,426,136
2021-01-16,Lord Fairfax,Female,6957,270,108
2021-01-16,Piedmont,Not Reported,25,0,0
2021-01-16,Alexandria,Male,4037,250,50
2021-01-16,Pittsylvania-Danville,Not Reported,52,2,4
2021-01-16,West Piedmont,Not Reported,24,2,4
2021-01-16,Loudoun,Female,8087,309,99
2021-01-16,Hampton,Female,3013,90,23
2021-01-16,Blue Ridge,Male,4414,193,48
2021-01-16,Henrico,Female,8338,374,173
2021-01-16,Prince William,Not Reported,319,2,1
2021-01-16,Chickahominy,Male,3227,148,52
2021-01-16,Rappahannock Rapidan,Not Reported,480,4,0
2021-01-16,Peninsula,Female,6859,188,67
2021-01-16,Lenowisco,Not Reported,138,1,2
2021-01-16,Crater,Not Reported,138,4,0
2021-01-16,Chickahominy,Not Reported,157,0,2
2021-01-16,Portsmouth,Male,2695,224,43
2021-01-16,New River,Female,5783,151,69
2021-01-16,Rappahannock,Female,8305,299,61
2021-01-16,Central Virginia,Female,8096,191,52
2021-01-16,Roanoke,Not Reported,28,0,0
2021-01-16,West Piedmont,Female,4620,258,70
2021-01-16,Mount Rogers,Female,6858,370,144
2021-01-16,Piedmont,Male,3830,148,53
2021-01-16,Chesterfield,Female,9088,357,105
2021-01-16,Fairfax,Male,25592,1779,390
2021-01-16,Crater,Male,4632,195,66
2021-01-16,Central Virginia,Not Reported,432,2,6
2021-01-16,Prince William,Female,17486,655,132
2021-01-16,Virginia Beach,Female,11503,447,86
2021-01-16,Norfolk,Female,5529,330,60
2021-01-16,Three Rivers,Female,3027,122,33
2021-01-16,Arlington,Male,5259,383,105
2021-01-16,Central Shenandoah,Female,10236,308,103
2021-01-16,Southside,Female,2052,72,58