Longitude,Latitude,Week Ending,Federal Provider Number,Provider Name,Provider Address,Provider City,Provider State,Provider Zip Code,Submitted Data,Passed Quality Assurance Check,Residents Weekly Admissions COVID-19,Residents Total Admissions COVID-19,Residents Weekly Confirmed COVID-19,Residents Total Confirmed COVID-19,Residents Weekly Suspected COVID-19,Residents Total Suspected COVID-19,Residents Weekly All Deaths,Residents Total All Deaths,Residents Weekly COVID-19 Deaths,Residents Total COVID-19 Deaths,Number of All Beds,Total Number of Occupied Beds,Resident Access to Testing in Facility,Laboratory Type Is State Health Dept,Laboratory Type Is Private Lab,Laboratory Type Is Other,Staff Weekly Confirmed COVID-19,Staff Total Confirmed COVID-19,Staff Weekly Suspected COVID-19,Staff Total Suspected COVID-19,Staff Weekly COVID-19 Deaths,Staff Total COVID-19 Deaths,Shortage of Nursing Staff,Shortage of Clinical Staff,Shortage of Aides,Shortage of Other Staff,Any Current Supply of N95 Masks,One-Week Supply of N95 Masks,Any Current Supply of Surgical Masks,One-Week Supply of Surgical Masks,Any Current Supply of Eye Protection,One-Week Supply of Eye Protection,Any Current Supply of Gowns,One-Week Supply of Gowns,Any Current Supply of Gloves,One-Week Supply of Gloves,Any Current Supply of Hand Sanitizer,One-Week Supply of Hand Sanitizer,Ventilator Dependent Unit,Number of Ventilators in Facility,Number of Ventilators in Use for COVID-19,Any Current Supply of Ventilator Supplies,One-Week Supply of Ventilator Supplies,"Total Resident Confirmed COVID-19 Cases Per 1,000 Residents","Total Resident COVID-19 Deaths Per 1,000 Residents",Total Residents COVID-19 Deaths as a Percentage of Confirmed COVID-19 Cases,Geolocation State,Geolocation
-83.050512,36.749996,06/14/20,495352,LEE HEALTH AND REHAB CENTER,208 HEALTH CARE DRIVE,PENNINGTON GAP,VA,24277,Y,Y,0,0,0,0,3,3,1,12,0,0,110,91,Y,Y,N,N,0,0,3,13,0,0,N,N,N,N,Y,Y,Y,Y,Y,Y,Y,Y,Y,Y,Y,Y,N,,,,,0,0,,POINT (-78.666382 37.510861),POINT (-83.050512 36.749996)
-83.050512,36.749996,06/07/20,495352,LEE HEALTH AND REHAB CENTER,208 HEALTH CARE DRIVE,PENNINGTON GAP,VA,24277,Y,Y,0,0,0,0,0,0,0,11,0,0,110,98,Y,Y,N,N,0,0,4,10,0,0,N,N,N,N,Y,Y,Y,Y,Y,Y,Y,Y,Y,Y,Y,Y,N,,,,,0,0,,POINT (-78.666382 37.510861),POINT (-83.050512 36.749996)
-83.050512,36.749996,05/24/20,495352,LEE HEALTH AND REHAB CENTER,208 HEALTH CARE DRIVE,PENNINGTON GAP,VA,24277,Y,Y,0,0,0,0,0,0,11,11,0,0,110,100,Y,Y,N,N,0,0,3,3,0,0,Y,N,N,N,Y,Y,Y,Y,Y,Y,Y,Y,Y,Y,Y,Y,N,,,,,0,0,,POINT (-78.666382 37.510861),POINT (-83.050512 36.749996)
-83.050512,36.749996,05/31/20,495352,LEE HEALTH AND REHAB CENTER,208 HEALTH CARE DRIVE,PENNINGTON GAP,VA,24277,Y,Y,0,0,0,0,0,0,0,11,0,0,110,99,Y,Y,N,N,0,0,3,6,0,0,N,N,N,N,Y,Y,Y,Y,Y,Y,Y,Y,Y,Y,Y,Y,N,,,,,0,0,,POINT (-78.666382 37.510861),POINT (-83.050512 36.749996)
-82.814134,36.714892,06/07/20,495134,RIDGECREST MANOR NURSING & REHABILITATION,157  ROSS CARTER BOULEVARD,DUFFIELD,VA,24244,N,,,,,,,,,,,,,,,,,,,,,,,,,,,,,,,,,,,,,,,,,,,,,,,,POINT (-78.666382 37.510861),POINT (-82.814134 36.714892)
-82.814134,36.714892,06/14/20,495134,RIDGECREST MANOR NURSING & REHABILITATION,157  ROSS CARTER BOULEVARD,DUFFIELD,VA,24244,N,,,,,,,,,,,,,,,,,,,,,,,,,,,,,,,,,,,,,,,,,,,,,,,,POINT (-78.666382 37.510861),POINT (-82.814134 36.714892)
-82.814134,36.714892,05/24/20,495134,RIDGECREST MANOR NURSING & REHABILITATION,157  ROSS CARTER BOULEVARD,DUFFIELD,VA,24244,N,,,,,,,,,,,,,,,,,,,,,,,,,,,,,,,,,,,,,,,,,,,,,,,,POINT (-78.666382 37.510861),POINT (-82.814134 36.714892)
-82.814134,36.714892,05/31/20,495134,RIDGECREST MANOR NURSING & REHABILITATION,157  ROSS CARTER BOULEVARD,DUFFIELD,VA,24244,N,,,,,,,,,,,,,,,,,,,,,,,,,,,,,,,,,,,,,,,,,,,,,,,,POINT (-78.666382 37.510861),POINT (-82.814134 36.714892)
-82.754344,36.87596,06/14/20,495135,HERITAGE HALL BIG STONE GAP,2045 VALLEY VIEW DRIVE,BIG STONE GAP,VA,24219,Y,Y,0,0,0,0,0,0,0,1,0,0,180,160,N,N,N,N,0,0,0,0,0,0,N,N,N,N,Y,Y,Y,Y,Y,Y,Y,Y,Y,Y,Y,Y,N,,,,,0,0,,POINT (-78.666382 37.510861),POINT (-82.754344 36.87596)
-82.754344,36.87596,05/24/20,495135,HERITAGE HALL BIG STONE GAP,2045 VALLEY VIEW DRIVE,BIG STONE GAP,VA,24219,Y,Y,0,0,0,0,0,0,1,1,0,0,180,156,N,N,N,N,0,0,0,0,0,0,N,N,N,N,Y,Y,Y,Y,Y,Y,Y,Y,Y,Y,Y,Y,N,,,,,0,0,,POINT (-78.666382 37.510861),POINT (-82.754344 36.87596)
-82.754344,36.87596,05/31/20,495135,HERITAGE HALL BIG STONE GAP,2045 VALLEY VIEW DRIVE,BIG STONE GAP,VA,24219,Y,Y,0,0,0,0,0,0,0,1,0,0,180,157,N,N,N,N,0,0,0,0,0,0,N,N,N,N,Y,Y,Y,Y,Y,Y,Y,Y,Y,Y,Y,Y,N,,,,,0,0,,POINT (-78.666382 37.510861),POINT (-82.754344 36.87596)
-82.754344,36.87596,06/07/20,495135,HERITAGE HALL BIG STONE GAP,2045 VALLEY VIEW DRIVE,BIG STONE GAP,VA,24219,Y,Y,0,0,0,0,0,0,0,1,0,0,180,158,N,N,N,N,0,0,0,0,0,0,Y,Y,Y,Y,Y,Y,Y,Y,Y,Y,Y,Y,Y,Y,Y,Y,N,,,,,0,0,,POINT (-78.666382 37.510861),POINT (-82.754344 36.87596)
-82.624399,36.944053,06/14/20,495374,MOUNTAIN VIEW REGIONAL MEDICAL CENTER,"310 THIRD STREET,  NE",NORTON,VA,24273,Y,Y,0,0,0,0,0,0,0,0,0,0,44,29,Y,N,Y,N,0,0,0,0,0,0,N,N,N,N,Y,N,Y,Y,Y,Y,Y,Y,Y,Y,Y,Y,N,,,,,0,0,,POINT (-78.666382 37.510861),POINT (-82.624399 36.944053)
-82.624399,36.944053,05/31/20,495374,MOUNTAIN VIEW REGIONAL MEDICAL CENTER,"310 THIRD STREET,  NE",NORTON,VA,24273,Y,Y,0,0,0,0,0,0,0,0,0,0,44,30,Y,N,Y,N,0,0,0,0,0,0,N,N,N,N,Y,N,Y,Y,Y,Y,Y,Y,Y,Y,Y,Y,N,,,,,0,0,,POINT (-78.666382 37.510861),POINT (-82.624399 36.944053)
-82.624399,36.944053,05/24/20,495374,MOUNTAIN VIEW REGIONAL MEDICAL CENTER,"310 THIRD STREET,  NE",NORTON,VA,24273,Y,Y,0,0,0,0,0,0,0,0,0,0,44,32,Y,N,Y,N,0,0,0,0,0,0,N,N,N,N,Y,N,Y,N,Y,N,Y,N,Y,Y,Y,Y,N,,,,,0,0,,POINT (-78.666382 37.510861),POINT (-82.624399 36.944053)
-82.624399,36.944053,06/07/20,495374,MOUNTAIN VIEW REGIONAL MEDICAL CENTER,"310 THIRD STREET,  NE",NORTON,VA,24273,Y,Y,0,0,0,0,0,0,0,0,0,0,44,31,Y,N,Y,N,0,0,0,0,0,0,N,N,N,N,Y,N,Y,Y,Y,Y,Y,Y,Y,Y,Y,Y,N,,,,,0,0,,POINT (-78.666382 37.510861),POINT (-82.624399 36.944053)
-82.564773,36.616734,05/31/20,495412,NOVA HEALTH AND REHAB,377 CLONCE ST,WEBER CITY,VA,24290,Y,Y,0,78,0,0,0,0,1,19,0,0,90,82,Y,Y,N,N,0,0,0,9,0,9,N,N,N,N,Y,Y,Y,Y,Y,Y,Y,Y,Y,Y,Y,Y,N,,,,,0,0,,POINT (-78.666382 37.510861),POINT (-82.56477300000002 36.616734)
-82.564773,36.616734,06/14/20,495412,NOVA HEALTH AND REHAB,377 CLONCE ST,WEBER CITY,VA,24290,Y,Y,0,78,0,0,0,0,1,21,0,0,90,82,Y,Y,N,N,0,0,0,9,0,9,N,N,N,N,Y,Y,Y,Y,Y,Y,Y,Y,Y,Y,Y,Y,N,,,,,0,0,,POINT (-78.666382 37.510861),POINT (-82.56477300000002 36.616734)
-82.564773,36.616734,06/07/20,495412,NOVA HEALTH AND REHAB,377 CLONCE ST,WEBER CITY,VA,24290,Y,Y,0,78,0,0,0,0,1,20,0,0,90,84,Y,Y,N,N,0,0,0,9,0,9,N,N,N,N,Y,Y,Y,Y,Y,Y,Y,Y,Y,Y,Y,Y,N,,,,,0,0,,POINT (-78.666382 37.510861),POINT (-82.56477300000002 36.616734)
-82.564773,36.616734,05/24/20,495412,NOVA HEALTH AND REHAB,377 CLONCE ST,WEBER CITY,VA,24290,Y,Y,78,78,0,0,0,0,18,18,0,0,90,80,Y,Y,N,N,0,0,9,9,9,9,N,N,N,N,Y,Y,Y,Y,Y,Y,Y,Y,Y,Y,Y,Y,N,,,,,0,0,,POINT (-78.666382 37.510861),POINT (-82.56477300000002 36.616734)
-82.558054,36.968239,06/14/20,495350,HERITAGE HALL WISE,9434 COEBURN MOUNTAIN ROAD,WISE,VA,24293,Y,Y,0,0,0,0,0,0,0,1,0,0,97,84,N,N,N,N,0,0,0,0,0,0,N,N,N,N,Y,Y,Y,Y,Y,Y,Y,Y,Y,Y,Y,Y,N,,,,,0,0,,POINT (-78.666382 37.510861),POINT (-82.558054 36.968239)
-82.558054,36.968239,05/24/20,495350,HERITAGE HALL WISE,9434 COEBURN MOUNTAIN ROAD,WISE,VA,24293,Y,Y,0,0,0,0,0,0,0,0,0,0,97,85,N,N,N,N,0,0,0,0,0,0,N,N,N,N,Y,Y,Y,Y,Y,Y,Y,Y,Y,Y,Y,Y,N,,,,,0,0,,POINT (-78.666382 37.510861),POINT (-82.558054 36.968239)
-82.558054,36.968239,05/31/20,495350,HERITAGE HALL WISE,9434 COEBURN MOUNTAIN ROAD,WISE,VA,24293,Y,Y,0,0,0,0,0,0,1,1,0,0,97,81,N,N,N,N,0,0,0,0,0,0,N,N,N,N,Y,Y,Y,Y,Y,Y,Y,Y,Y,Y,Y,Y,N,,,,,0,0,,POINT (-78.666382 37.510861),POINT (-82.558054 36.968239)
-82.558054,36.968239,06/07/20,495350,HERITAGE HALL WISE,9434 COEBURN MOUNTAIN ROAD,WISE,VA,24293,Y,Y,0,0,0,0,0,0,0,1,0,0,97,83,N,N,N,N,0,0,0,0,0,0,N,N,N,N,Y,Y,Y,Y,Y,Y,Y,Y,Y,Y,Y,Y,N,,,,,0,0,,POINT (-78.666382 37.510861),POINT (-82.558054 36.968239)
-82.217858,36.596025,06/14/20,495131,"NHC HEALTHCARE,BRISTOL",245 NORTH STREET,BRISTOL,VA,24201,Y,Y,0,0,0,0,0,1,0,0,0,0,120,108,Y,N,Y,N,0,0,0,1,0,0,Y,Y,Y,Y,Y,N,Y,Y,Y,Y,Y,Y,Y,Y,Y,Y,N,,,,,0,0,,POINT (-78.666382 37.510861),POINT (-82.217858 36.596025)
-82.217858,36.596025,06/07/20,495131,"NHC HEALTHCARE,BRISTOL",245 NORTH STREET,BRISTOL,VA,24201,Y,Y,0,0,0,0,0,1,0,0,0,0,120,105,Y,N,Y,N,0,0,0,1,0,0,N,N,N,N,Y,N,Y,Y,Y,Y,Y,N,Y,Y,Y,Y,N,,,,,0,0,,POINT (-78.666382 37.510861),POINT (-82.217858 36.596025)
-82.217858,36.596025,05/31/20,495131,"NHC HEALTHCARE,BRISTOL",245 NORTH STREET,BRISTOL,VA,24201,Y,Y,0,0,0,0,0,1,0,0,0,0,120,108,Y,N,Y,N,0,0,0,1,0,0,N,N,N,N,Y,N,Y,Y,Y,Y,Y,Y,Y,Y,Y,Y,N,,,,,0,0,,POINT (-78.666382 37.510861),POINT (-82.217858 36.596025)
-82.217858,36.596025,05/24/20,495131,"NHC HEALTHCARE,BRISTOL",245 NORTH STREET,BRISTOL,VA,24201,Y,Y,0,0,0,0,1,1,0,0,0,0,120,105,Y,N,Y,N,0,0,1,1,0,0,Y,Y,Y,Y,Y,N,Y,Y,Y,Y,Y,Y,Y,Y,Y,Y,N,,,,,0,0,,POINT (-78.666382 37.510861),POINT (-82.217858 36.596025)
-82.118123,36.629053,05/24/20,495425,THE REHAB CENTER AT BRISTOL,109 VILLAGE CIRCLE,BRISTOL,VA,24201,N,,,,,,,,,,,,,,,,,,,,,,,,,,,,,,,,,,,,,,,,,,,,,,,,POINT (-78.666382 37.510861),POINT (-82.118123 36.629053)
-82.118123,36.629053,06/14/20,495425,THE REHAB CENTER AT BRISTOL,109 VILLAGE CIRCLE,BRISTOL,VA,24201,N,,,,,,,,,,,,,,,,,,,,,,,,,,,,,,,,,,,,,,,,,,,,,,,,POINT (-78.666382 37.510861),POINT (-82.118123 36.629053)
-82.118123,36.629053,05/31/20,495425,THE REHAB CENTER AT BRISTOL,109 VILLAGE CIRCLE,BRISTOL,VA,24201,N,,,,,,,,,,,,,,,,,,,,,,,,,,,,,,,,,,,,,,,,,,,,,,,,POINT (-78.666382 37.510861),POINT (-82.118123 36.629053)
-82.118123,36.629053,06/07/20,495425,THE REHAB CENTER AT BRISTOL,109 VILLAGE CIRCLE,BRISTOL,VA,24201,N,,,,,,,,,,,,,,,,,,,,,,,,,,,,,,,,,,,,,,,,,,,,,,,,POINT (-78.666382 37.510861),POINT (-82.118123 36.629053)
-82.058325,37.296275,05/31/20,495259,HERITAGE HALL GRUNDY,2966 SLATE CREEK ROAD,GRUNDY,VA,24614,Y,Y,0,0,0,0,0,0,0,0,0,0,120,104,Y,Y,N,N,0,0,0,0,0,0,N,N,N,N,Y,Y,Y,Y,Y,Y,Y,Y,Y,Y,Y,Y,N,,,,,0,0,,POINT (-78.666382 37.510861),POINT (-82.058325 37.296275)
-82.058325,37.296275,06/07/20,495259,HERITAGE HALL GRUNDY,2966 SLATE CREEK ROAD,GRUNDY,VA,24614,Y,Y,0,0,0,0,0,0,0,0,0,0,120,104,Y,Y,N,N,0,0,0,0,0,0,N,N,N,N,Y,Y,Y,Y,Y,Y,Y,Y,Y,Y,Y,Y,N,,,,,0,0,,POINT (-78.666382 37.510861),POINT (-82.058325 37.296275)
-82.058325,37.296275,05/24/20,495259,HERITAGE HALL GRUNDY,2966 SLATE CREEK ROAD,GRUNDY,VA,24614,Y,Y,0,0,0,0,0,0,0,0,0,0,120,106,Y,Y,N,N,0,0,0,0,0,0,N,N,N,N,Y,Y,Y,Y,Y,Y,Y,Y,Y,Y,Y,Y,N,,,,,0,0,,POINT (-78.666382 37.510861),POINT (-82.058325 37.296275)
-82.058325,37.296275,06/14/20,495259,HERITAGE HALL GRUNDY,2966 SLATE CREEK ROAD,GRUNDY,VA,24614,Y,Y,0,0,0,0,0,0,0,0,0,0,120,103,Y,Y,N,N,0,0,0,0,0,0,N,N,N,N,Y,Y,Y,Y,Y,Y,Y,Y,Y,Y,Y,Y,N,,,,,0,0,,POINT (-78.666382 37.510861),POINT (-82.058325 37.296275)
-81.960216,36.72047,05/24/20,495338,GRACE HEALTHCARE OF ABINGDON,600 WALDEN ROAD,ABINGDON,VA,24210,Y,Y,0,0,0,0,0,0,14,14,0,0,119,71,Y,Y,Y,N,0,0,0,0,0,0,Y,N,Y,N,Y,Y,Y,Y,Y,Y,Y,Y,Y,Y,Y,Y,N,,,,,0,0,,POINT (-78.666382 37.510861),POINT (-81.960216 36.72047)
-81.960216,36.72047,05/31/20,495338,GRACE HEALTHCARE OF ABINGDON,600 WALDEN ROAD,ABINGDON,VA,24210,Y,Y,0,0,0,0,0,0,3,17,0,0,119,73,Y,Y,Y,N,0,0,0,0,0,0,Y,N,Y,N,Y,Y,Y,Y,Y,Y,Y,Y,Y,Y,Y,Y,N,,,,,0,0,,POINT (-78.666382 37.510861),POINT (-81.960216 36.72047)
-81.960216,36.72047,06/14/20,495338,GRACE HEALTHCARE OF ABINGDON,600 WALDEN ROAD,ABINGDON,VA,24210,Y,Y,0,0,0,0,0,0,0,17,0,0,119,70,Y,Y,Y,N,0,0,0,0,0,0,Y,N,Y,N,Y,Y,Y,Y,Y,Y,Y,Y,Y,Y,Y,Y,N,,,,,0,0,,POINT (-78.666382 37.510861),POINT (-81.960216 36.72047)
-81.960216,36.72047,06/07/20,495338,GRACE HEALTHCARE OF ABINGDON,600 WALDEN ROAD,ABINGDON,VA,24210,Y,Y,0,0,0,0,0,0,0,17,0,0,119,71,Y,Y,Y,N,0,0,0,0,0,0,Y,N,Y,N,Y,Y,Y,Y,Y,Y,Y,Y,Y,Y,Y,Y,N,,,,,0,0,,POINT (-78.666382 37.510861),POINT (-81.960216 36.72047)
-81.903608,36.724123,06/14/20,495409,ABINGDON HEALTH CARE LLC,15051 HARMONY HILLS LANE,ABINGDON,VA,24211,Y,Y,0,0,0,0,1,4,1,32,0,0,120,97,Y,Y,Y,N,0,0,0,9,0,0,N,N,N,N,Y,Y,Y,Y,Y,Y,Y,Y,Y,Y,Y,Y,N,,,,,0,0,,POINT (-78.666382 37.510861),POINT (-81.903608 36.724123)
-81.903608,36.724123,06/07/20,495409,ABINGDON HEALTH CARE LLC,15051 HARMONY HILLS LANE,ABINGDON,VA,24211,Y,Y,0,0,0,0,2,3,3,31,0,0,120,93,Y,Y,N,N,0,0,2,9,0,0,N,N,N,N,Y,Y,Y,Y,Y,Y,Y,Y,Y,Y,Y,Y,N,,,,,0,0,,POINT (-78.666382 37.510861),POINT (-81.903608 36.724123)
-81.903608,36.724123,05/31/20,495409,ABINGDON HEALTH CARE LLC,15051 HARMONY HILLS LANE,ABINGDON,VA,24211,Y,Y,0,0,0,0,1,1,2,28,0,0,120,101,Y,Y,N,N,0,0,2,7,0,0,N,N,N,N,Y,Y,Y,Y,Y,Y,Y,Y,Y,Y,Y,Y,N,,,,,0,0,,POINT (-78.666382 37.510861),POINT (-81.903608 36.724123)
-81.903608,36.724123,05/24/20,495409,ABINGDON HEALTH CARE LLC,15051 HARMONY HILLS LANE,ABINGDON,VA,24211,Y,Y,0,0,0,0,0,0,26,26,0,0,120,102,Y,Y,N,N,0,0,5,5,0,0,N,N,N,N,Y,Y,Y,Y,Y,Y,Y,Y,Y,Y,Y,Y,N,,,,,0,0,,POINT (-78.666382 37.510861),POINT (-81.903608 36.724123)
-81.811964,37.094091,06/14/20,495181,CLINCH VALLEY MEDICAL CENTER,2949 W FRONT ST,RICHLANDS,VA,24641,Y,Y,0,4,0,0,0,0,0,2,0,0,24,6,Y,Y,Y,N,0,0,0,0,0,0,N,N,N,N,Y,Y,Y,Y,Y,Y,Y,Y,Y,Y,Y,Y,N,,,,,0,0,,POINT (-78.666382 37.510861),POINT (-81.811964 37.094091)
-81.811964,37.094091,05/31/20,495181,CLINCH VALLEY MEDICAL CENTER,2949 W FRONT ST,RICHLANDS,VA,24641,Y,Y,0,4,0,0,0,0,0,2,0,0,24,8,Y,Y,Y,N,0,0,0,0,0,0,N,N,N,N,Y,Y,Y,Y,Y,Y,Y,Y,Y,Y,Y,Y,N,,,,,0,0,,POINT (-78.666382 37.510861),POINT (-81.811964 37.094091)
-81.811964,37.094091,05/24/20,495181,CLINCH VALLEY MEDICAL CENTER,2949 W FRONT ST,RICHLANDS,VA,24641,Y,Y,4,4,0,0,0,0,2,2,0,0,24,8,Y,Y,Y,N,0,0,0,0,0,0,N,N,N,N,Y,Y,Y,Y,Y,Y,Y,Y,Y,Y,Y,Y,N,,,,,0,0,,POINT (-78.666382 37.510861),POINT (-81.811964 37.094091)
-81.811964,37.094091,06/07/20,495181,CLINCH VALLEY MEDICAL CENTER,2949 W FRONT ST,RICHLANDS,VA,24641,Y,Y,0,4,0,0,0,0,0,2,0,0,24,7,Y,Y,Y,N,0,0,0,0,0,0,N,N,N,N,Y,N,Y,Y,Y,Y,Y,Y,Y,Y,Y,Y,N,,,,,0,0,,POINT (-78.666382 37.510861),POINT (-81.811964 37.094091)
-81.675875,36.803021,06/07/20,495133,VALLEY REHABILITATION AND NURSING CENTER,940 EAST LEE HIGHWAY,CHILHOWIE,VA,24319,Y,Y,0,0,0,0,0,2,0,5,0,0,180,145,Y,N,Y,N,0,0,2,7,0,0,N,N,N,N,Y,Y,Y,Y,Y,Y,Y,Y,Y,Y,Y,Y,N,,,,,0,0,,POINT (-78.666382 37.510861),POINT (-81.675875 36.803021)
-81.675875,36.803021,06/14/20,495133,VALLEY REHABILITATION AND NURSING CENTER,940 EAST LEE HIGHWAY,CHILHOWIE,VA,24319,Y,Y,0,0,0,0,0,2,0,5,0,0,180,145,Y,N,Y,N,0,0,2,9,0,0,N,N,N,N,Y,Y,Y,Y,Y,Y,Y,Y,Y,Y,Y,Y,N,,,,,0,0,,POINT (-78.666382 37.510861),POINT (-81.675875 36.803021)
-81.675875,36.803021,05/31/20,495133,VALLEY REHABILITATION AND NURSING CENTER,940 EAST LEE HIGHWAY,CHILHOWIE,VA,24319,Y,Y,0,0,0,0,0,2,0,5,0,0,180,145,Y,N,Y,N,0,0,2,5,0,0,N,N,N,N,Y,Y,Y,Y,Y,Y,Y,Y,Y,Y,Y,Y,N,,,,,0,0,,POINT (-78.666382 37.510861),POINT (-81.675875 36.803021)
-81.675875,36.803021,05/24/20,495133,VALLEY REHABILITATION AND NURSING CENTER,940 EAST LEE HIGHWAY,CHILHOWIE,VA,24319,Y,Y,0,0,0,0,2,2,5,5,0,0,180,142,Y,N,Y,N,0,0,3,3,0,0,N,N,N,N,Y,Y,Y,Y,Y,Y,Y,Y,Y,Y,Y,Y,N,,,,,0,0,,POINT (-78.666382 37.510861),POINT (-81.675875 36.803021)
-81.511048,36.833688,06/14/20,4.90E+132,SW VA M H INST GERI TRT CTR,340 BAGLEY CIRCLE,MARION,VA,24354,Y,Y,0,0,0,0,0,2,0,0,0,0,20,20,Y,Y,Y,N,0,2,0,47,0,0,N,N,N,N,Y,Y,Y,Y,Y,Y,Y,Y,Y,Y,Y,Y,N,,,,,0,0,,POINT (-78.666382 37.510861),POINT (-81.511048 36.833688)
-81.511048,36.833688,06/07/20,4.90E+132,SW VA M H INST GERI TRT CTR,340 BAGLEY CIRCLE,MARION,VA,24354,Y,Y,0,0,0,0,2,2,0,0,0,0,20,20,Y,Y,Y,N,2,2,47,47,0,0,N,N,N,N,Y,Y,Y,Y,Y,Y,Y,Y,Y,Y,Y,Y,N,,,,,0,0,,POINT (-78.666382 37.510861),POINT (-81.511048 36.833688)
-81.511048,36.833688,05/31/20,4.90E+132,SW VA M H INST GERI TRT CTR,340 BAGLEY CIRCLE,MARION,VA,24354,N,,,,,,,,,,,,,,,,,,,,,,,,,,,,,,,,,,,,,,,,,,,,,,,,POINT (-78.666382 37.510861),POINT (-81.511048 36.833688)
-81.511048,36.833688,05/24/20,4.90E+132,SW VA M H INST GERI TRT CTR,340 BAGLEY CIRCLE,MARION,VA,24354,N,,,,,,,,,,,,,,,,,,,,,,,,,,,,,,,,,,,,,,,,,,,,,,,,POINT (-78.666382 37.510861),POINT (-81.511048 36.833688)
-81.507112,36.852966,06/07/20,495384,FRANCIS MARION MANOR HEALTH & REHABILITATION,"100 FRANCIS MARION LANE, PO BOX 880",MARION,VA,24354,Y,Y,0,0,0,0,0,0,0,0,0,0,109,82,Y,Y,Y,N,0,0,0,0,0,0,N,N,Y,Y,Y,N,Y,Y,Y,N,Y,Y,Y,Y,Y,Y,N,,,,,0,0,,POINT (-78.666382 37.510861),POINT (-81.507112 36.852966)
-81.507112,36.852966,05/31/20,495384,FRANCIS MARION MANOR HEALTH & REHABILITATION,"100 FRANCIS MARION LANE, PO BOX 880",MARION,VA,24354,Y,Y,0,0,0,0,0,0,0,0,0,0,109,83,Y,Y,Y,N,0,0,0,0,0,0,N,N,Y,N,Y,N,Y,Y,Y,N,Y,Y,Y,Y,Y,Y,N,,,,,0,0,,POINT (-78.666382 37.510861),POINT (-81.507112 36.852966)
-81.507112,36.852966,06/14/20,495384,FRANCIS MARION MANOR HEALTH & REHABILITATION,"100 FRANCIS MARION LANE, PO BOX 880",MARION,VA,24354,Y,Y,0,0,0,0,0,0,0,0,0,0,109,81,Y,Y,Y,N,0,0,0,0,0,0,N,N,Y,Y,Y,N,Y,Y,Y,N,Y,Y,Y,Y,Y,Y,N,,,,,0,0,,POINT (-78.666382 37.510861),POINT (-81.507112 36.852966)
-81.507112,36.852966,05/24/20,495384,FRANCIS MARION MANOR HEALTH & REHABILITATION,"100 FRANCIS MARION LANE, PO BOX 880",MARION,VA,24354,Y,Y,0,0,0,0,0,0,0,0,0,0,109,86,Y,Y,Y,N,0,0,0,0,0,0,N,N,Y,N,Y,Y,Y,Y,Y,Y,Y,Y,Y,Y,Y,Y,N,,,,,0,0,,POINT (-78.666382 37.510861),POINT (-81.507112 36.852966)
-81.274587,36.90044,05/24/20,495417,CARRINGTON PLACE AT RURAL RETREAT,514 NORTH MAIN STREET,RURAL RETREAT,VA,24368,Y,Y,0,0,0,0,0,0,0,0,0,0,120,113,Y,Y,N,N,0,0,0,0,0,0,N,N,N,N,Y,Y,Y,Y,Y,Y,Y,Y,Y,Y,Y,Y,N,,,,,0,0,,POINT (-78.666382 37.510861),POINT (-81.274587 36.90044)
-81.274587,36.90044,05/31/20,495417,CARRINGTON PLACE AT RURAL RETREAT,514 NORTH MAIN STREET,RURAL RETREAT,VA,24368,N,,0,0,0,0,0,0,0,0,0,0,120,113,,,,,0,0,0,0,0,0,,,,,,,,,,,,,,,,,,,,,,0,0,,POINT (-78.666382 37.510861),POINT (-81.274587 36.90044)
-81.274587,36.90044,06/14/20,495417,CARRINGTON PLACE AT RURAL RETREAT,514 NORTH MAIN STREET,RURAL RETREAT,VA,24368,Y,Y,0,0,0,0,0,0,0,0,0,0,120,110,Y,Y,N,N,0,2,0,0,0,0,N,N,N,N,Y,Y,Y,Y,Y,Y,Y,Y,Y,Y,Y,Y,N,,,,,0,0,,POINT (-78.666382 37.510861),POINT (-81.274587 36.90044)
-81.274587,36.90044,06/07/20,495417,CARRINGTON PLACE AT RURAL RETREAT,514 NORTH MAIN STREET,RURAL RETREAT,VA,24368,Y,Y,0,0,0,0,0,0,0,0,0,0,120,109,Y,Y,N,N,2,2,0,0,0,0,N,N,N,N,Y,Y,Y,Y,Y,Y,Y,Y,Y,Y,Y,Y,N,,,,,0,0,,POINT (-78.666382 37.510861),POINT (-81.274587 36.90044)
-81.152041,36.617673,06/14/20,495331,GRAYSON REHABILITATION  AND HEALTH CARE CENTER,400 SOUTH INDEPENDENCE AVENUE,INDEPENDENCE,VA,24348,Y,Y,0,0,0,0,0,4,0,0,0,0,120,111,Y,Y,N,N,0,2,2,2,0,0,Y,N,Y,N,Y,Y,Y,Y,Y,Y,N,N,Y,Y,Y,Y,N,,,,,0,0,,POINT (-78.666382 37.510861),POINT (-81.152041 36.617673)
-81.152041,36.617673,05/31/20,495331,GRAYSON REHABILITATION  AND HEALTH CARE CENTER,400 SOUTH INDEPENDENCE AVENUE,INDEPENDENCE,VA,24348,Y,Y,0,0,0,0,1,4,0,0,0,0,120,114,Y,Y,N,N,0,2,0,0,0,0,N,N,N,N,Y,Y,Y,Y,Y,Y,Y,Y,Y,Y,Y,Y,N,,,,,0,0,,POINT (-78.666382 37.510861),POINT (-81.152041 36.617673)
-81.152041,36.617673,05/24/20,495331,GRAYSON REHABILITATION  AND HEALTH CARE CENTER,400 SOUTH INDEPENDENCE AVENUE,INDEPENDENCE,VA,24348,Y,Y,0,0,0,0,3,3,0,0,0,0,120,113,Y,Y,N,N,2,2,0,0,0,0,Y,N,N,Y,Y,Y,Y,Y,Y,Y,N,N,Y,Y,Y,Y,N,,,,,0,0,,POINT (-78.666382 37.510861),POINT (-81.152041 36.617673)
-81.152041,36.617673,06/07/20,495331,GRAYSON REHABILITATION  AND HEALTH CARE CENTER,400 SOUTH INDEPENDENCE AVENUE,INDEPENDENCE,VA,24348,Y,Y,0,0,0,0,0,4,0,0,0,0,120,112,Y,Y,N,N,0,2,0,0,0,0,Y,Y,Y,N,Y,Y,Y,Y,Y,Y,N,N,Y,Y,Y,Y,N,,,,,0,0,,POINT (-78.666382 37.510861),POINT (-81.152041 36.617673)
-81.146192,37.177512,06/14/20,495191,BLAND COUNTY NURSING & REHABILITATION CENTER,12185 GRAPEFIELD ROAD,BASTIAN,VA,24314,Y,Y,0,0,0,0,0,0,0,9,0,0,57,46,Y,N,N,Y,0,0,0,0,0,0,N,N,N,N,Y,Y,Y,Y,Y,Y,Y,Y,Y,Y,Y,Y,Y,19,15,Y,Y,0,0,,POINT (-78.666382 37.510861),POINT (-81.146192 37.177512)
-81.146192,37.177512,05/24/20,495191,BLAND COUNTY NURSING & REHABILITATION CENTER,12185 GRAPEFIELD ROAD,BASTIAN,VA,24314,Y,Y,0,0,0,0,0,0,6,6,0,0,57,51,Y,N,N,Y,0,0,0,0,0,0,N,N,N,N,Y,Y,Y,Y,Y,Y,Y,Y,Y,Y,Y,Y,Y,19,14,Y,Y,0,0,,POINT (-78.666382 37.510861),POINT (-81.146192 37.177512)
-81.146192,37.177512,05/31/20,495191,BLAND COUNTY NURSING & REHABILITATION CENTER,12185 GRAPEFIELD ROAD,BASTIAN,VA,24314,Y,Y,0,0,0,0,0,0,2,8,0,0,57,46,Y,N,N,Y,0,0,0,0,0,0,N,N,N,N,Y,Y,Y,Y,Y,Y,Y,Y,Y,Y,Y,Y,Y,19,13,Y,Y,0,0,,POINT (-78.666382 37.510861),POINT (-81.146192 37.177512)
-81.146192,37.177512,06/07/20,495191,BLAND COUNTY NURSING & REHABILITATION CENTER,12185 GRAPEFIELD ROAD,BASTIAN,VA,24314,Y,Y,0,0,0,0,0,0,1,9,0,0,57,47,Y,N,N,Y,0,0,0,0,0,0,N,N,N,N,Y,Y,Y,Y,Y,Y,Y,Y,Y,Y,Y,Y,Y,19,14,Y,Y,0,0,,POINT (-78.666382 37.510861),POINT (-81.146192 37.177512)
-81.095069,36.953297,06/14/20,495167,WYTHE CNTY COMMUNITY HOSP ECU,600 W RIDGE RD,WYTHEVILLE,VA,24382,Y,Y,0,0,0,0,0,0,0,0,0,0,8,7,Y,Y,Y,N,0,0,0,0,0,0,N,N,N,N,Y,Y,Y,Y,Y,Y,Y,Y,Y,Y,Y,Y,N,,,,,0,0,,POINT (-78.666382 37.510861),POINT (-81.095069 36.953297)
-81.095069,36.953297,05/31/20,495167,WYTHE CNTY COMMUNITY HOSP ECU,600 W RIDGE RD,WYTHEVILLE,VA,24382,Y,Y,0,0,0,0,0,0,0,0,0,0,8,3,Y,Y,Y,N,0,0,0,0,0,0,N,N,N,N,Y,Y,Y,Y,Y,Y,Y,Y,Y,Y,Y,Y,N,,,,,0,0,,POINT (-78.666382 37.510861),POINT (-81.095069 36.953297)
-81.095069,36.953297,05/24/20,495167,WYTHE CNTY COMMUNITY HOSP ECU,600 W RIDGE RD,WYTHEVILLE,VA,24382,Y,Y,0,0,0,0,0,0,0,0,0,0,8,3,Y,Y,Y,N,0,0,0,0,0,0,N,N,N,N,Y,Y,Y,Y,Y,Y,Y,Y,Y,Y,Y,Y,N,,,,,0,0,,POINT (-78.666382 37.510861),POINT (-81.095069 36.953297)
-81.095069,36.953297,06/07/20,495167,WYTHE CNTY COMMUNITY HOSP ECU,600 W RIDGE RD,WYTHEVILLE,VA,24382,Y,Y,0,0,0,0,0,0,0,0,0,0,8,6,Y,Y,Y,N,0,0,0,0,0,0,N,N,N,N,Y,Y,Y,Y,Y,Y,Y,Y,Y,Y,Y,Y,N,,,,,0,0,,POINT (-78.666382 37.510861),POINT (-81.095069 36.953297)
-81.08731,36.964963,06/14/20,495349,CARRINGTON PLACE AT WYTHEVILLE - BIRDMONT CENTER,990 HOLSTON RD,WYTHEVILLE,VA,24382,N,,,,,,,,,,,,,,,,,,,,,,,,,,,,,,,,,,,,,,,,,,,,,,,,POINT (-78.666382 37.510861),POINT (-81.08731 36.964963)
-81.08731,36.964963,05/31/20,495349,CARRINGTON PLACE AT WYTHEVILLE - BIRDMONT CENTER,990 HOLSTON RD,WYTHEVILLE,VA,24382,N,,,,,,,,,,,,,,,,,,,,,,,,,,,,,,,,,,,,,,,,,,,,,,,,POINT (-78.666382 37.510861),POINT (-81.08731 36.964963)
-81.08731,36.964963,05/24/20,495349,CARRINGTON PLACE AT WYTHEVILLE - BIRDMONT CENTER,990 HOLSTON RD,WYTHEVILLE,VA,24382,N,,,,,,,,,,,,,,,,,,,,,,,,,,,,,,,,,,,,,,,,,,,,,,,,POINT (-78.666382 37.510861),POINT (-81.08731 36.964963)
-81.08731,36.964963,06/07/20,495349,CARRINGTON PLACE AT WYTHEVILLE - BIRDMONT CENTER,990 HOLSTON RD,WYTHEVILLE,VA,24382,N,,,,,,,,,,,,,,,,,,,,,,,,,,,,,,,,,,,,,,,,,,,,,,,,POINT (-78.666382 37.510861),POINT (-81.08731 36.964963)
-80.928677,36.657767,06/14/20,495126,WADDELL NURSING AND REHAB CENTER,202 PAINTER ST,GALAX,VA,24333,Y,Y,1,3,4,38,15,31,1,5,1,3,135,103,Y,Y,Y,N,1,11,0,6,0,0,Y,N,Y,Y,Y,Y,Y,Y,Y,Y,Y,Y,Y,Y,Y,Y,N,,,,,368.9,29.1,7.9,POINT (-78.666382 37.510861),POINT (-80.928677 36.657767)
-80.928677,36.657767,05/24/20,495126,WADDELL NURSING AND REHAB CENTER,202 PAINTER ST,GALAX,VA,24333,Y,Y,0,0,0,0,1,1,1,1,0,0,135,114,Y,Y,Y,N,1,1,6,6,0,0,Y,N,Y,N,Y,Y,Y,Y,Y,Y,Y,Y,Y,Y,Y,Y,N,,,,,0,0,,POINT (-78.666382 37.510861),POINT (-80.928677 36.657767)
-80.928677,36.657767,05/31/20,495126,WADDELL NURSING AND REHAB CENTER,202 PAINTER ST,GALAX,VA,24333,Y,Y,0,0,10,10,10,11,1,2,0,0,135,113,Y,Y,Y,N,2,3,0,6,0,0,Y,N,Y,N,Y,Y,Y,Y,Y,Y,Y,Y,Y,Y,Y,Y,N,,,,,88.5,0,0,POINT (-78.666382 37.510861),POINT (-80.928677 36.657767)
-80.928677,36.657767,06/07/20,495126,WADDELL NURSING AND REHAB CENTER,202 PAINTER ST,GALAX,VA,24333,Y,Y,2,2,24,34,5,16,2,4,2,2,135,110,Y,Y,Y,N,7,10,0,6,0,0,Y,N,Y,Y,Y,Y,Y,Y,Y,Y,Y,Y,Y,Y,Y,Y,N,,,,,309.1,18.2,5.9,POINT (-78.666382 37.510861),POINT (-80.928677 36.657767)
-80.827039,37.388196,05/24/20,495371,HERITAGE HALL-RICH CREEK,120  OLD VIRGINIA AVENUE,RICH CREEK,VA,24147,Y,Y,0,0,0,0,0,0,0,0,0,0,120,111,Y,N,Y,N,0,0,0,0,0,0,N,N,N,N,Y,Y,Y,Y,Y,Y,Y,Y,Y,Y,Y,Y,N,,,,,0,0,,POINT (-78.666382 37.510861),POINT (-80.82703900000001 37.388196)
-80.827039,37.388196,05/31/20,495371,HERITAGE HALL-RICH CREEK,120  OLD VIRGINIA AVENUE,RICH CREEK,VA,24147,Y,Y,0,0,0,0,0,0,0,0,0,0,120,108,Y,N,Y,N,0,0,0,0,0,0,N,N,N,N,Y,Y,Y,Y,Y,Y,Y,Y,Y,Y,Y,Y,N,,,,,0,0,,POINT (-78.666382 37.510861),POINT (-80.82703900000001 37.388196)
-80.827039,37.388196,06/07/20,495371,HERITAGE HALL-RICH CREEK,120  OLD VIRGINIA AVENUE,RICH CREEK,VA,24147,Y,Y,0,0,0,0,0,0,0,0,0,0,120,110,Y,N,Y,N,0,0,0,0,0,0,N,N,N,N,Y,Y,Y,Y,Y,Y,Y,Y,Y,Y,Y,Y,N,,,,,0,0,,POINT (-78.666382 37.510861),POINT (-80.82703900000001 37.388196)
-80.827039,37.388196,06/14/20,495371,HERITAGE HALL-RICH CREEK,120  OLD VIRGINIA AVENUE,RICH CREEK,VA,24147,Y,Y,0,0,0,0,0,0,0,0,0,0,120,110,Y,N,Y,N,0,0,0,0,0,0,N,N,N,N,Y,Y,Y,Y,Y,Y,Y,Y,Y,Y,Y,Y,N,,,,,0,0,,POINT (-78.666382 37.510861),POINT (-80.82703900000001 37.388196)
-80.758963,37.068884,05/24/20,495294,PULASKI HLTH & REHAB CNTR,2401 LEE HIGHWAY,PULASKI,VA,24301,Y,Y,0,0,0,0,0,0,1,1,0,0,0,80,Y,Y,Y,Y,0,0,0,0,0,0,N,N,N,N,Y,Y,Y,Y,Y,Y,Y,Y,Y,Y,Y,Y,N,,,,,0,0,,POINT (-78.666382 37.510861),POINT (-80.758963 37.068884)
-80.758963,37.068884,05/31/20,495294,PULASKI HLTH & REHAB CNTR,2401 LEE HIGHWAY,PULASKI,VA,24301,Y,Y,0,0,0,0,0,0,0,1,0,0,0,83,Y,Y,Y,Y,0,0,0,0,0,0,N,N,N,N,Y,Y,Y,Y,Y,Y,Y,Y,Y,Y,Y,Y,N,,,,,0,0,,POINT (-78.666382 37.510861),POINT (-80.758963 37.068884)
-80.758963,37.068884,06/07/20,495294,PULASKI HLTH & REHAB CNTR,2401 LEE HIGHWAY,PULASKI,VA,24301,Y,Y,0,0,0,0,0,0,2,3,0,0,102,79,Y,Y,Y,Y,0,0,0,0,0,0,N,N,N,N,Y,Y,Y,Y,Y,Y,Y,Y,Y,Y,Y,Y,N,,,,,0,0,,POINT (-78.666382 37.510861),POINT (-80.758963 37.068884)
-80.758963,37.068884,06/14/20,495294,PULASKI HLTH & REHAB CNTR,2401 LEE HIGHWAY,PULASKI,VA,24301,Y,Y,0,0,0,0,0,0,2,5,0,0,90,79,Y,Y,Y,Y,0,0,0,0,0,0,N,N,N,N,Y,Y,Y,Y,Y,Y,Y,Y,Y,Y,Y,Y,N,,,,,0,0,,POINT (-78.666382 37.510861),POINT (-80.758963 37.068884)
-80.730619,36.760153,06/07/20,495187,HILLSVILLE HEALTH & REHAB CENTER,222 FULCHER STREET,HILLSVILLE,VA,24343,Y,N,0,0,0,38,2,7,0,0,0,0,60,42,Y,Y,Y,Y,1,24,0,4,0,0,Y,N,N,Y,Y,Y,Y,Y,Y,Y,Y,Y,Y,Y,Y,Y,N,,,,,904.8,0,0,POINT (-78.666382 37.510861),POINT (-80.730619 36.760153)
-80.730619,36.760153,06/14/20,495187,HILLSVILLE HEALTH & REHAB CENTER,222 FULCHER STREET,HILLSVILLE,VA,24343,Y,N,1,1,1,39,0,7,0,0,0,0,60,44,Y,Y,Y,Y,0,24,0,4,0,0,N,N,N,N,Y,Y,Y,Y,Y,Y,Y,Y,Y,Y,Y,Y,N,,,,,886.4,0,0,POINT (-78.666382 37.510861),POINT (-80.730619 36.760153)
-80.730619,36.760153,05/24/20,495187,HILLSVILLE HEALTH & REHAB CENTER,222 FULCHER STREET,HILLSVILLE,VA,24343,Y,N,0,0,4,4,5,5,0,0,0,0,60,51,Y,Y,Y,Y,12,12,4,4,0,0,N,N,N,N,Y,Y,Y,Y,Y,Y,Y,Y,Y,Y,Y,Y,N,,,,,78.4,0,0,POINT (-78.666382 37.510861),POINT (-80.730619 36.760153)
-80.730619,36.760153,05/31/20,495187,HILLSVILLE HEALTH & REHAB CENTER,222 FULCHER STREET,HILLSVILLE,VA,24343,Y,N,0,0,34,38,0,5,0,0,0,0,60,48,Y,Y,Y,Y,11,23,0,4,0,0,Y,N,Y,Y,Y,N,Y,Y,Y,Y,Y,N,Y,Y,Y,Y,N,,,,,791.7,0,0,POINT (-78.666382 37.510861),POINT (-80.730619 36.760153)
-80.569047,37.129671,05/24/20,495355,RADFORD HEALTH AND REHAB CENTER,700 RANDOLPH STREET,RADFORD,VA,24141,Y,Y,0,0,0,0,0,0,1,1,0,0,90,74,Y,Y,N,N,0,0,3,3,0,0,N,N,Y,N,Y,Y,Y,Y,Y,Y,Y,Y,Y,Y,Y,Y,N,,,,,0,0,,POINT (-78.666382 37.510861),POINT (-80.569047 37.129671)
-80.569047,37.129671,05/31/20,495355,RADFORD HEALTH AND REHAB CENTER,700 RANDOLPH STREET,RADFORD,VA,24141,Y,Y,0,0,0,0,1,1,2,3,0,0,90,79,Y,Y,N,N,0,0,5,8,0,0,N,N,Y,N,Y,Y,Y,Y,Y,Y,Y,Y,Y,Y,Y,Y,N,,,,,0,0,,POINT (-78.666382 37.510861),POINT (-80.569047 37.129671)
-80.569047,37.129671,06/07/20,495355,RADFORD HEALTH AND REHAB CENTER,700 RANDOLPH STREET,RADFORD,VA,24141,Y,Y,0,0,0,0,1,2,0,3,0,0,90,76,Y,Y,Y,N,0,0,2,10,0,0,N,N,Y,N,Y,Y,Y,Y,Y,Y,Y,Y,Y,Y,Y,Y,N,,,,,0,0,,POINT (-78.666382 37.510861),POINT (-80.569047 37.129671)
-80.569047,37.129671,06/14/20,495355,RADFORD HEALTH AND REHAB CENTER,700 RANDOLPH STREET,RADFORD,VA,24141,Y,Y,0,0,0,0,2,4,0,3,0,0,90,77,Y,Y,Y,N,0,0,1,11,0,0,N,N,N,N,Y,Y,Y,Y,Y,Y,Y,Y,Y,Y,Y,Y,N,,,,,0,0,,POINT (-78.666382 37.510861),POINT (-80.569047 37.129671)
-80.475609,36.720445,06/14/20,495323,HERITAGE HALL - LAUREL MEADOWS,16600 DANVILLE PIKE,LAUREL FORK,VA,24352,Y,Y,0,0,0,0,0,0,0,1,0,0,60,49,N,N,N,N,0,0,0,0,0,0,N,N,N,N,Y,Y,Y,Y,Y,Y,Y,Y,Y,Y,Y,Y,N,,,,,0,0,,POINT (-78.666382 37.510861),POINT (-80.475609 36.720445)
-80.475609,36.720445,05/24/20,495323,HERITAGE HALL - LAUREL MEADOWS,16600 DANVILLE PIKE,LAUREL FORK,VA,24352,Y,Y,0,0,0,0,0,0,0,0,0,0,60,49,N,N,N,N,0,0,0,0,0,0,N,N,N,N,Y,Y,Y,Y,Y,Y,Y,Y,Y,Y,Y,Y,N,,,,,0,0,,POINT (-78.666382 37.510861),POINT (-80.475609 36.720445)
-80.475609,36.720445,05/31/20,495323,HERITAGE HALL - LAUREL MEADOWS,16600 DANVILLE PIKE,LAUREL FORK,VA,24352,Y,Y,0,0,0,0,0,0,1,1,0,0,60,48,N,N,N,N,0,0,0,0,0,0,N,N,N,N,Y,Y,Y,Y,Y,Y,Y,Y,Y,Y,Y,Y,N,,,,,0,0,,POINT (-78.666382 37.510861),POINT (-80.475609 36.720445)
-80.475609,36.720445,06/07/20,495323,HERITAGE HALL - LAUREL MEADOWS,16600 DANVILLE PIKE,LAUREL FORK,VA,24352,Y,Y,0,0,0,0,0,0,0,1,0,0,60,47,N,N,N,N,0,0,0,0,0,0,N,N,N,N,Y,Y,Y,Y,Y,Y,Y,Y,Y,Y,Y,Y,N,,,,,0,0,,POINT (-78.666382 37.510861),POINT (-80.475609 36.720445)
-80.423172,37.196569,05/31/20,495406,THE WYBE AND MARIETJE KROONTJE HEALTH CARE CENTER,1000 LITTON LANE,BLACKSBURG,VA,24060,Y,Y,0,0,0,0,0,2,0,0,0,0,60,46,Y,N,Y,N,0,0,2,7,0,0,N,N,N,N,Y,Y,Y,Y,Y,Y,Y,Y,Y,Y,Y,Y,N,,,,,0,0,,POINT (-78.666382 37.510861),POINT (-80.423172 37.196569)
-80.423172,37.196569,05/24/20,495406,THE WYBE AND MARIETJE KROONTJE HEALTH CARE CENTER,1000 LITTON LANE,BLACKSBURG,VA,24060,Y,Y,0,0,0,0,2,2,0,0,0,0,60,47,Y,N,Y,N,0,0,5,5,0,0,N,N,N,N,Y,Y,Y,Y,Y,Y,Y,Y,Y,Y,Y,Y,N,,,,,0,0,,POINT (-78.666382 37.510861),POINT (-80.423172 37.196569)
-80.423172,37.196569,06/07/20,495406,THE WYBE AND MARIETJE KROONTJE HEALTH CARE CENTER,1000 LITTON LANE,BLACKSBURG,VA,24060,Y,Y,0,0,0,0,2,4,0,0,0,0,60,46,Y,N,Y,N,0,0,0,7,0,0,N,N,N,Y,Y,Y,Y,Y,Y,Y,Y,Y,Y,Y,Y,Y,N,,,,,0,0,,POINT (-78.666382 37.510861),POINT (-80.423172 37.196569)
-80.423172,37.196569,06/14/20,495406,THE WYBE AND MARIETJE KROONTJE HEALTH CARE CENTER,1000 LITTON LANE,BLACKSBURG,VA,24060,Y,Y,0,0,0,0,0,4,0,0,0,0,60,43,Y,N,Y,N,0,0,0,7,0,0,N,N,N,N,Y,Y,Y,Y,Y,Y,Y,Y,Y,Y,Y,Y,N,,,,,0,0,,POINT (-78.666382 37.510861),POINT (-80.423172 37.196569)
-80.407695,37.187012,05/24/20,495356,HERITAGE HALL BLACKSBURG,3610 SOUTH MAIN STREET,BLACKSBURG,VA,24060,Y,Y,0,0,0,0,0,0,0,0,0,0,179,123,Y,Y,N,N,0,0,6,6,0,0,N,N,N,N,Y,Y,Y,Y,Y,Y,Y,Y,Y,Y,Y,Y,N,,,,,0,0,,POINT (-78.666382 37.510861),POINT (-80.407695 37.18701200000001)
-80.407695,37.187012,06/07/20,495356,HERITAGE HALL BLACKSBURG,3610 SOUTH MAIN STREET,BLACKSBURG,VA,24060,Y,Y,0,0,0,0,0,0,1,1,0,0,179,125,Y,Y,N,N,0,0,10,16,0,0,N,N,N,N,Y,Y,Y,Y,Y,Y,Y,Y,Y,Y,Y,Y,N,,,,,0,0,,POINT (-78.666382 37.510861),POINT (-80.407695 37.18701200000001)
-80.407695,37.187012,05/31/20,495356,HERITAGE HALL BLACKSBURG,3610 SOUTH MAIN STREET,BLACKSBURG,VA,24060,Y,Y,0,0,0,0,0,0,0,0,0,0,179,122,Y,Y,N,N,0,0,0,6,0,0,N,N,N,N,Y,Y,Y,Y,Y,Y,Y,Y,Y,Y,Y,Y,N,,,,,0,0,,POINT (-78.666382 37.510861),POINT (-80.407695 37.18701200000001)
-80.407695,37.187012,06/14/20,495356,HERITAGE HALL BLACKSBURG,3610 SOUTH MAIN STREET,BLACKSBURG,VA,24060,Y,Y,0,0,0,0,1,1,2,3,0,0,179,121,Y,Y,N,N,0,0,0,16,0,0,N,N,N,N,Y,Y,Y,Y,Y,Y,Y,Y,Y,Y,Y,Y,N,,,,,0,0,,POINT (-78.666382 37.510861),POINT (-80.407695 37.18701200000001)
-80.29934,36.919243,05/31/20,495348,SKYLINE NURSING & REHABILITATION CENTER,"237 FRANKLIN PIKE ROAD, SE",FLOYD,VA,24091,Y,Y,0,0,0,0,0,0,0,0,0,0,88,85,Y,N,Y,N,0,0,0,0,0,0,Y,N,Y,N,Y,Y,Y,Y,Y,N,Y,Y,Y,Y,Y,Y,N,,,,,0,0,,POINT (-78.666382 37.510861),POINT (-80.29934 36.919243)
-80.29934,36.919243,05/24/20,495348,SKYLINE NURSING & REHABILITATION CENTER,"237 FRANKLIN PIKE ROAD, SE",FLOYD,VA,24091,Y,Y,0,0,0,0,0,0,0,0,0,0,88,83,Y,N,Y,N,0,0,0,0,0,0,Y,N,Y,N,,Y,,Y,,N,,Y,,Y,,Y,N,,,,,0,0,,POINT (-78.666382 37.510861),POINT (-80.29934 36.919243)
-80.29934,36.919243,06/14/20,495348,SKYLINE NURSING & REHABILITATION CENTER,"237 FRANKLIN PIKE ROAD, SE",FLOYD,VA,24091,Y,Y,0,0,0,0,1,1,0,0,0,0,88,82,Y,N,Y,N,0,0,0,0,0,0,Y,N,Y,N,Y,Y,Y,Y,Y,Y,Y,Y,Y,Y,Y,Y,N,,,,,0,0,,POINT (-78.666382 37.510861),POINT (-80.29934 36.919243)
-80.29934,36.919243,06/07/20,495348,SKYLINE NURSING & REHABILITATION CENTER,"237 FRANKLIN PIKE ROAD, SE",FLOYD,VA,24091,Y,Y,0,0,0,0,0,0,0,0,0,0,88,84,Y,N,Y,N,0,0,0,0,0,0,Y,N,Y,Y,Y,Y,Y,Y,Y,N,Y,Y,Y,Y,Y,Y,N,,,,,0,0,,POINT (-78.666382 37.510861),POINT (-80.29934 36.919243)
-80.259674,36.637616,06/14/20,495306,BLUE RIDGE THERAPY CONNECTION,105 LANDMARK DRIVE,STUART,VA,24171,Y,Y,0,0,0,0,0,0,0,0,0,0,175,162,Y,N,Y,N,0,0,0,0,0,0,N,N,N,N,Y,Y,Y,Y,Y,Y,Y,Y,Y,Y,Y,Y,N,,,,,0,0,,POINT (-78.666382 37.510861),POINT (-80.259674 36.637616)
-80.259674,36.637616,06/07/20,495306,BLUE RIDGE THERAPY CONNECTION,105 LANDMARK DRIVE,STUART,VA,24171,Y,Y,0,0,0,0,0,0,0,0,0,0,175,158,Y,N,Y,N,0,0,0,0,0,0,N,N,N,N,Y,Y,Y,Y,Y,Y,Y,Y,Y,Y,Y,Y,N,,,,,0,0,,POINT (-78.666382 37.510861),POINT (-80.259674 36.637616)
-80.259674,36.637616,05/31/20,495306,BLUE RIDGE THERAPY CONNECTION,105 LANDMARK DRIVE,STUART,VA,24171,N,,0,0,0,0,0,0,0,0,0,0,175,159,,,,,0,0,0,0,0,0,,,,,,,,,,,,,,,,,,,,,,0,0,,POINT (-78.666382 37.510861),POINT (-80.259674 36.637616)
-80.259674,36.637616,05/24/20,495306,BLUE RIDGE THERAPY CONNECTION,105 LANDMARK DRIVE,STUART,VA,24171,Y,Y,0,0,0,0,0,0,0,0,0,0,175,159,Y,N,Y,N,0,0,0,0,0,0,N,N,N,N,Y,Y,Y,Y,Y,Y,Y,Y,Y,Y,Y,Y,N,,,,,0,0,,POINT (-78.666382 37.510861),POINT (-80.259674 36.637616)
-80.12469,37.278187,06/07/20,495013,RICHFIELD RECOVERY &  CARE CENTER,3615 WEST MAIN STREET,SALEM,VA,24153,Y,Y,0,2,0,3,0,0,2,21,0,0,280,165,Y,N,Y,N,0,2,0,0,0,0,N,N,N,N,Y,Y,Y,Y,Y,Y,Y,Y,Y,Y,Y,Y,N,,,,,18.2,0,0,POINT (-78.666382 37.510861),POINT (-80.12469 37.278187)
-80.12469,37.278187,05/31/20,495013,RICHFIELD RECOVERY &  CARE CENTER,3615 WEST MAIN STREET,SALEM,VA,24153,Y,Y,0,2,0,3,0,0,0,19,0,0,280,170,Y,N,Y,N,0,2,0,0,0,0,N,N,N,N,Y,Y,Y,Y,Y,Y,Y,Y,Y,Y,Y,Y,N,,,,,17.6,0,0,POINT (-78.666382 37.510861),POINT (-80.12469 37.278187)
-80.12469,37.278187,05/24/20,495013,RICHFIELD RECOVERY &  CARE CENTER,3615 WEST MAIN STREET,SALEM,VA,24153,Y,Y,2,2,3,3,0,0,19,19,0,0,280,169,Y,N,Y,N,2,2,0,0,0,0,N,N,N,N,Y,Y,Y,Y,Y,Y,Y,Y,Y,Y,Y,Y,N,,,,,17.8,0,0,POINT (-78.666382 37.510861),POINT (-80.12469 37.278187)
-80.12469,37.278187,06/14/20,495013,RICHFIELD RECOVERY &  CARE CENTER,3615 WEST MAIN STREET,SALEM,VA,24153,Y,Y,0,2,0,3,0,0,3,24,0,0,280,167,Y,N,Y,N,0,2,0,0,0,0,N,N,N,N,Y,Y,Y,Y,Y,Y,Y,Y,Y,Y,Y,Y,N,,,,,18,0,0,POINT (-78.666382 37.510861),POINT (-80.12469 37.278187)
-80.058983,37.2931,05/24/20,4.90E+77,SNYDER NURSING HOME,11 NORTH BROAD ST,SALEM,VA,24153,Y,Y,0,0,0,0,0,0,0,0,0,0,45,40,Y,Y,Y,N,0,0,0,0,0,0,N,N,N,N,Y,N,Y,Y,Y,Y,Y,Y,Y,Y,Y,Y,N,,,,,0,0,,POINT (-78.666382 37.510861),POINT (-80.058983 37.2931)
-80.058983,37.2931,05/31/20,4.90E+77,SNYDER NURSING HOME,11 NORTH BROAD ST,SALEM,VA,24153,Y,Y,0,0,0,0,0,0,0,0,0,0,45,40,Y,Y,Y,N,0,0,0,0,0,0,N,N,N,N,Y,N,Y,Y,Y,Y,Y,Y,Y,Y,Y,Y,N,,,,,0,0,,POINT (-78.666382 37.510861),POINT (-80.058983 37.2931)
-80.058983,37.2931,06/07/20,4.90E+77,SNYDER NURSING HOME,11 NORTH BROAD ST,SALEM,VA,24153,Y,Y,0,0,0,0,0,0,0,0,0,0,45,39,Y,Y,Y,N,0,0,0,0,0,0,N,N,N,N,Y,N,Y,Y,Y,Y,Y,Y,Y,Y,Y,Y,N,,,,,0,0,,POINT (-78.666382 37.510861),POINT (-80.058983 37.2931)
-80.058983,37.2931,06/14/20,4.90E+77,SNYDER NURSING HOME,11 NORTH BROAD ST,SALEM,VA,24153,Y,Y,0,0,0,0,0,0,0,0,0,0,45,39,Y,Y,Y,N,0,0,0,0,0,0,N,N,N,N,Y,Y,Y,Y,Y,Y,Y,Y,Y,Y,Y,Y,N,,,,,0,0,,POINT (-78.666382 37.510861),POINT (-80.058983 37.2931)
-80.021005,37.276969,06/07/20,495087,SALEM HEALTH & REHABILITATION,1945 ROANOKE BLVD,SALEM,VA,24153,Y,Y,0,0,0,0,4,7,0,4,0,0,240,206,Y,Y,Y,Y,0,0,0,3,0,0,N,N,N,N,Y,N,Y,N,Y,Y,Y,N,Y,Y,Y,Y,N,,,,,0,0,,POINT (-78.666382 37.510861),POINT (-80.021005 37.276969)
-80.021005,37.276969,06/14/20,495087,SALEM HEALTH & REHABILITATION,1945 ROANOKE BLVD,SALEM,VA,24153,Y,Y,0,0,0,0,0,7,1,5,0,0,240,201,Y,Y,Y,Y,0,0,1,4,0,0,N,N,N,N,Y,N,Y,N,Y,Y,Y,N,Y,Y,Y,Y,N,,,,,0,0,,POINT (-78.666382 37.510861),POINT (-80.021005 37.276969)
-80.021005,37.276969,05/24/20,495087,SALEM HEALTH & REHABILITATION,1945 ROANOKE BLVD,SALEM,VA,24153,Y,Y,0,0,0,0,2,2,3,3,0,0,0,211,Y,Y,Y,Y,0,0,2,2,0,0,N,N,N,N,Y,N,Y,N,Y,Y,Y,N,Y,Y,Y,Y,N,,,,,0,0,,POINT (-78.666382 37.510861),POINT (-80.021005 37.276969)
-80.021005,37.276969,05/31/20,495087,SALEM HEALTH & REHABILITATION,1945 ROANOKE BLVD,SALEM,VA,24153,Y,Y,0,0,0,0,1,3,1,4,0,0,0,208,Y,Y,Y,Y,0,0,1,3,0,0,N,N,N,N,Y,N,Y,N,Y,Y,Y,N,Y,Y,Y,Y,N,,,,,0,0,,POINT (-78.666382 37.510861),POINT (-80.021005 37.276969)
-80.013638,37.26344,06/07/20,495373,BRANDON OAKS NURSING AND REHABILITATION CENTER,3837 BRANDON AVENUE,ROANOKE,VA,24018,Y,Y,0,0,0,0,0,0,0,3,0,0,62,39,Y,N,Y,N,0,0,0,0,0,0,N,N,N,N,Y,N,Y,N,Y,N,Y,N,Y,Y,Y,Y,N,,,,,0,0,,POINT (-78.666382 37.510861),POINT (-80.013638 37.26344)
-80.013638,37.26344,05/31/20,495373,BRANDON OAKS NURSING AND REHABILITATION CENTER,3837 BRANDON AVENUE,ROANOKE,VA,24018,Y,Y,0,0,0,0,0,0,1,3,0,0,62,42,N,N,N,N,0,0,0,0,0,0,N,N,N,N,Y,N,Y,N,Y,N,Y,N,Y,Y,Y,Y,N,,,,,0,0,,POINT (-78.666382 37.510861),POINT (-80.013638 37.26344)
-80.013638,37.26344,05/24/20,495373,BRANDON OAKS NURSING AND REHABILITATION CENTER,3837 BRANDON AVENUE,ROANOKE,VA,24018,Y,Y,0,0,0,0,0,0,2,2,0,0,62,42,N,N,N,N,0,0,0,0,0,0,N,N,N,N,Y,N,Y,N,Y,N,Y,N,Y,Y,Y,Y,N,,,,,0,0,,POINT (-78.666382 37.510861),POINT (-80.013638 37.26344)
-80.013638,37.26344,06/14/20,495373,BRANDON OAKS NURSING AND REHABILITATION CENTER,3837 BRANDON AVENUE,ROANOKE,VA,24018,Y,Y,0,0,0,0,0,0,0,3,0,0,62,43,Y,N,Y,N,0,0,1,1,0,0,N,N,N,N,Y,N,Y,N,Y,N,Y,N,Y,Y,Y,N,N,,,,,0,0,,POINT (-78.666382 37.510861),POINT (-80.013638 37.26344)
-80.01349,37.279248,05/24/20,495274,VIRGINIA VETERANS CARE CENTER,4550 SHENANDOAH AVE N W,ROANOKE,VA,24017,N,,,,,,,,,,,,,,,,,,,,,,,,,,,,,,,,,,,,,,,,,,,,,,,,POINT (-78.666382 37.510861),POINT (-80.01349 37.279248)
-80.01349,37.279248,06/14/20,495274,VIRGINIA VETERANS CARE CENTER,4550 SHENANDOAH AVE N W,ROANOKE,VA,24017,Y,Y,0,0,0,0,0,0,0,0,0,0,196,161,Y,N,Y,N,1,1,0,0,0,0,N,N,N,N,Y,Y,Y,Y,Y,Y,Y,Y,Y,Y,Y,Y,N,,,,,0,0,,POINT (-78.666382 37.510861),POINT (-80.01349 37.279248)
-80.01349,37.279248,06/07/20,495274,VIRGINIA VETERANS CARE CENTER,4550 SHENANDOAH AVE N W,ROANOKE,VA,24017,Y,Y,0,0,0,0,0,0,0,0,0,0,196,156,Y,N,Y,N,0,0,0,0,0,0,N,N,N,N,Y,Y,Y,Y,Y,Y,Y,Y,Y,Y,Y,Y,N,,,,,0,0,,POINT (-78.666382 37.510861),POINT (-80.01349 37.279248)
-80.01349,37.279248,05/31/20,495274,VIRGINIA VETERANS CARE CENTER,4550 SHENANDOAH AVE N W,ROANOKE,VA,24017,Y,Y,0,0,0,0,0,0,0,0,0,0,196,159,Y,N,Y,N,0,0,0,0,0,0,N,N,N,N,Y,Y,Y,Y,Y,Y,Y,Y,Y,Y,Y,Y,N,,,,,0,0,,POINT (-78.666382 37.510861),POINT (-80.01349 37.279248)
-79.990086,37.205078,05/31/20,495421,FRIENDSHIP HEALTH AND REHAB CENTER - SOUTH,5647 STARKEY ROAD,CAVE SPRING,VA,24018,Y,Y,0,0,0,0,0,1,1,3,0,0,120,102,Y,N,Y,N,0,0,0,0,0,0,N,N,N,N,Y,Y,Y,Y,Y,Y,Y,Y,Y,Y,Y,Y,N,,,,,0,0,,POINT (-78.666382 37.510861),POINT (-79.990086 37.205078)
-79.990086,37.205078,06/14/20,495421,FRIENDSHIP HEALTH AND REHAB CENTER - SOUTH,5647 STARKEY ROAD,CAVE SPRING,VA,24018,Y,Y,1,1,0,0,1,2,1,4,0,0,120,105,Y,N,Y,N,0,0,0,1,0,0,N,N,N,N,Y,Y,Y,Y,Y,Y,Y,Y,Y,Y,Y,Y,N,,,,,0,0,,POINT (-78.666382 37.510861),POINT (-79.990086 37.205078)
-79.990086,37.205078,06/07/20,495421,FRIENDSHIP HEALTH AND REHAB CENTER - SOUTH,5647 STARKEY ROAD,CAVE SPRING,VA,24018,Y,Y,0,0,0,0,0,1,0,3,0,0,120,104,Y,N,Y,N,0,0,1,1,0,0,N,N,N,N,Y,Y,Y,Y,Y,Y,Y,Y,Y,Y,Y,Y,N,,,,,0,0,,POINT (-78.666382 37.510861),POINT (-79.990086 37.205078)
-79.990086,37.205078,05/24/20,495421,FRIENDSHIP HEALTH AND REHAB CENTER - SOUTH,5647 STARKEY ROAD,CAVE SPRING,VA,24018,Y,Y,0,0,0,0,1,1,2,2,0,0,120,96,Y,N,Y,N,0,0,0,0,0,0,N,N,N,N,Y,Y,Y,Y,Y,Y,Y,Y,Y,Y,Y,Y,N,,,,,0,0,,POINT (-78.666382 37.510861),POINT (-79.990086 37.205078)
-79.978086,37.262721,06/14/20,495209,RALEIGH COURT HEALTH AND REHABILITATION CENTER,1527 GRANDIN ROAD SOUTHWEST,ROANOKE,VA,24015,Y,Y,0,0,0,0,0,0,0,0,0,0,120,97,Y,Y,Y,Y,0,0,1,1,0,0,N,N,N,N,Y,Y,Y,Y,Y,Y,Y,Y,Y,Y,Y,Y,N,,,,,0,0,,POINT (-78.666382 37.510861),POINT (-79.978086 37.262721)
-79.978086,37.262721,05/31/20,495209,RALEIGH COURT HEALTH AND REHABILITATION CENTER,1527 GRANDIN ROAD SOUTHWEST,ROANOKE,VA,24015,Y,Y,0,0,0,0,0,0,0,0,0,0,0,98,Y,Y,Y,Y,0,0,0,0,0,0,N,N,N,N,Y,Y,Y,Y,Y,Y,Y,Y,Y,Y,Y,Y,N,,,,,0,0,,POINT (-78.666382 37.510861),POINT (-79.978086 37.262721)
-79.978086,37.262721,05/24/20,495209,RALEIGH COURT HEALTH AND REHABILITATION CENTER,1527 GRANDIN ROAD SOUTHWEST,ROANOKE,VA,24015,Y,Y,0,0,0,0,0,0,0,0,0,0,0,100,Y,Y,Y,Y,0,0,0,0,0,0,N,N,N,N,Y,Y,Y,Y,Y,Y,Y,Y,Y,Y,Y,Y,N,,,,,0,0,,POINT (-78.666382 37.510861),POINT (-79.978086 37.262721)
-79.978086,37.262721,06/07/20,495209,RALEIGH COURT HEALTH AND REHABILITATION CENTER,1527 GRANDIN ROAD SOUTHWEST,ROANOKE,VA,24015,Y,Y,0,0,0,0,0,0,0,0,0,0,120,93,Y,Y,Y,Y,0,0,0,0,0,0,N,N,N,N,Y,Y,Y,Y,Y,Y,Y,Y,Y,Y,Y,Y,N,,,,,0,0,,POINT (-78.666382 37.510861),POINT (-79.978086 37.262721)
-79.971339,37.233826,06/07/20,495002,SOUTH ROANOKE NURSING HOME,"3823 FRANKLIN RD, SW",ROANOKE,VA,24014,Y,Y,0,5,3,51,1,1,1,14,0,0,98,61,Y,N,Y,N,0,32,0,0,0,0,N,N,N,N,Y,Y,Y,Y,Y,Y,Y,Y,Y,Y,Y,Y,N,,,,,836.1,0,0,POINT (-78.666382 37.510861),POINT (-79.971339 37.233826)
-79.971339,37.233826,06/14/20,495002,SOUTH ROANOKE NURSING HOME,"3823 FRANKLIN RD, SW",ROANOKE,VA,24014,Y,Y,0,5,1,52,0,1,0,14,0,0,98,60,Y,N,Y,N,0,32,0,0,0,0,N,N,N,N,Y,Y,Y,Y,Y,Y,Y,Y,Y,Y,Y,Y,N,,,,,866.7,0,0,POINT (-78.666382 37.510861),POINT (-79.971339 37.233826)
-79.971339,37.233826,05/24/20,495002,SOUTH ROANOKE NURSING HOME,"3823 FRANKLIN RD, SW",ROANOKE,VA,24014,Y,Y,4,4,48,48,0,0,12,12,0,0,98,62,Y,N,Y,N,32,32,0,0,0,0,N,N,N,N,Y,Y,Y,Y,Y,Y,Y,Y,Y,Y,Y,Y,N,,,,,774.2,0,0,POINT (-78.666382 37.510861),POINT (-79.971339 37.233826)
-79.971339,37.233826,05/31/20,495002,SOUTH ROANOKE NURSING HOME,"3823 FRANKLIN RD, SW",ROANOKE,VA,24014,Y,Y,1,5,0,48,0,0,1,13,0,0,98,61,Y,N,Y,N,0,32,0,0,0,0,N,N,N,N,Y,Y,Y,Y,Y,Y,Y,Y,Y,Y,Y,Y,N,,,,,786.9,0,0,POINT (-78.666382 37.510861),POINT (-79.971339 37.233826)
-79.961984,37.222055,06/14/20,495325,PHEASANT RIDGE NURSING & REHAB CENTER,"4355 PHEASANT RIDGE ROAD, SW",ROANOKE,VA,24014,Y,Y,0,0,0,0,0,0,0,0,0,0,101,92,Y,N,Y,N,0,0,0,0,0,0,N,N,N,N,Y,Y,Y,Y,Y,Y,Y,Y,Y,Y,Y,Y,N,,,,,0,0,,POINT (-78.666382 37.510861),POINT (-79.96198400000002 37.222055)
-79.961984,37.222055,06/07/20,495325,PHEASANT RIDGE NURSING & REHAB CENTER,"4355 PHEASANT RIDGE ROAD, SW",ROANOKE,VA,24014,Y,Y,0,0,0,0,0,0,0,0,0,0,101,93,Y,N,Y,N,0,0,0,0,0,0,N,N,N,N,Y,Y,Y,Y,Y,Y,Y,Y,Y,Y,Y,Y,N,,,,,0,0,,POINT (-78.666382 37.510861),POINT (-79.96198400000002 37.222055)
-79.961984,37.222055,05/31/20,495325,PHEASANT RIDGE NURSING & REHAB CENTER,"4355 PHEASANT RIDGE ROAD, SW",ROANOKE,VA,24014,Y,Y,0,0,0,0,0,0,0,0,0,0,101,91,Y,N,Y,N,0,0,0,0,0,0,N,N,N,N,Y,Y,Y,Y,Y,Y,Y,Y,Y,Y,Y,Y,N,,,,,0,0,,POINT (-78.666382 37.510861),POINT (-79.96198400000002 37.222055)
-79.961984,37.222055,05/24/20,495325,PHEASANT RIDGE NURSING & REHAB CENTER,"4355 PHEASANT RIDGE ROAD, SW",ROANOKE,VA,24014,Y,Y,0,0,0,0,0,0,0,0,0,0,101,85,Y,N,Y,N,0,0,0,0,0,0,N,N,N,N,Y,Y,Y,Y,Y,Y,Y,Y,Y,Y,Y,Y,N,,,,,0,0,,POINT (-78.666382 37.510861),POINT (-79.96198400000002 37.222055)
-79.958474,36.73316,05/31/20,495216,STANLEYTOWN HEALTH AND REHABILITATION CENTER,240 RIVERSIDE DRIVE,BASSETT,VA,24055,Y,Y,0,0,0,0,0,1,1,2,0,0,0,88,Y,Y,Y,Y,0,0,0,0,0,0,N,N,N,N,Y,Y,Y,Y,Y,Y,Y,Y,Y,Y,Y,Y,N,,,,,0,0,,POINT (-78.666382 37.510861),POINT (-79.958474 36.73316)
-79.958474,36.73316,05/24/20,495216,STANLEYTOWN HEALTH AND REHABILITATION CENTER,240 RIVERSIDE DRIVE,BASSETT,VA,24055,Y,Y,0,0,0,0,1,1,1,1,0,0,0,97,Y,Y,Y,Y,0,0,0,0,0,0,N,N,N,N,Y,Y,Y,Y,Y,Y,Y,Y,Y,Y,Y,Y,N,,,,,0,0,,POINT (-78.666382 37.510861),POINT (-79.958474 36.73316)
-79.958474,36.73316,06/14/20,495216,STANLEYTOWN HEALTH AND REHABILITATION CENTER,240 RIVERSIDE DRIVE,BASSETT,VA,24055,Y,Y,0,0,0,0,0,1,2,5,0,0,120,85,Y,Y,Y,Y,0,0,2,2,0,0,N,N,N,N,Y,Y,Y,Y,Y,Y,Y,Y,Y,Y,Y,Y,N,,,,,0,0,,POINT (-78.666382 37.510861),POINT (-79.958474 36.73316)
-79.958474,36.73316,06/07/20,495216,STANLEYTOWN HEALTH AND REHABILITATION CENTER,240 RIVERSIDE DRIVE,BASSETT,VA,24055,Y,Y,0,0,0,0,0,1,1,3,0,0,120,89,Y,Y,Y,Y,0,0,0,0,0,0,N,N,N,N,Y,Y,Y,Y,Y,Y,Y,Y,Y,Y,Y,Y,N,,,,,0,0,,POINT (-78.666382 37.510861),POINT (-79.958474 36.73316)
-79.948251,37.25972,05/31/20,495156,ACCORDIUS HEALTH AT ROANOKE,324 KING GEORGE AVE SW,ROANOKE,VA,24016,Y,Y,0,0,0,0,0,0,0,0,0,0,130,75,Y,Y,Y,N,0,0,0,0,0,0,N,N,N,N,Y,Y,Y,Y,Y,Y,Y,Y,Y,Y,Y,Y,Y,25,0,Y,Y,0,0,,POINT (-78.666382 37.510861),POINT (-79.94825100000001 37.25972)
-79.948251,37.25972,05/24/20,495156,ACCORDIUS HEALTH AT ROANOKE,324 KING GEORGE AVE SW,ROANOKE,VA,24016,Y,Y,0,0,0,0,0,0,0,0,0,0,130,74,Y,Y,Y,Y,0,0,0,0,0,0,Y,N,Y,Y,Y,Y,Y,Y,Y,Y,Y,Y,Y,Y,Y,Y,Y,24,0,Y,Y,0,0,,POINT (-78.666382 37.510861),POINT (-79.94825100000001 37.25972)
-79.948251,37.25972,06/14/20,495156,ACCORDIUS HEALTH AT ROANOKE,324 KING GEORGE AVE SW,ROANOKE,VA,24016,Y,Y,0,0,0,0,0,0,0,0,0,0,95,70,Y,Y,Y,Y,0,0,0,0,0,0,N,N,N,N,Y,Y,Y,Y,Y,Y,Y,Y,Y,Y,Y,Y,Y,24,0,Y,Y,0,0,,POINT (-78.666382 37.510861),POINT (-79.94825100000001 37.25972)
-79.948251,37.25972,06/07/20,495156,ACCORDIUS HEALTH AT ROANOKE,324 KING GEORGE AVE SW,ROANOKE,VA,24016,Y,Y,0,0,0,0,0,0,0,0,0,0,130,84,Y,Y,Y,Y,0,0,0,0,0,0,N,N,N,N,Y,Y,Y,Y,Y,Y,Y,Y,Y,Y,Y,Y,Y,24,0,Y,N,0,0,,POINT (-78.666382 37.510861),POINT (-79.94825100000001 37.25972)
-79.944208,37.322008,05/24/20,495092,FRIENDSHIP HEALTH AND REHAB CENTER,327 HERSHBERGER RD NW,ROANOKE,VA,24012,Y,Y,0,0,0,0,0,0,2,2,0,0,253,217,Y,N,Y,N,1,1,0,0,0,0,Y,Y,Y,Y,Y,Y,Y,Y,Y,Y,Y,Y,Y,Y,Y,Y,N,,,,,0,0,,POINT (-78.666382 37.510861),POINT (-79.944208 37.322008)
-79.944208,37.322008,06/14/20,495092,FRIENDSHIP HEALTH AND REHAB CENTER,327 HERSHBERGER RD NW,ROANOKE,VA,24012,Y,Y,0,0,0,0,0,0,3,10,0,0,253,219,Y,N,Y,N,0,1,0,1,0,0,N,N,N,N,Y,Y,Y,Y,Y,Y,Y,Y,Y,Y,Y,Y,N,,,,,0,0,,POINT (-78.666382 37.510861),POINT (-79.944208 37.322008)
-79.944208,37.322008,05/31/20,495092,FRIENDSHIP HEALTH AND REHAB CENTER,327 HERSHBERGER RD NW,ROANOKE,VA,24012,Y,Y,0,0,0,0,0,0,2,4,0,0,253,213,Y,N,Y,N,0,1,1,1,0,0,N,N,N,N,Y,Y,Y,Y,Y,Y,Y,Y,Y,Y,Y,Y,N,,,,,0,0,,POINT (-78.666382 37.510861),POINT (-79.944208 37.322008)
-79.944208,37.322008,06/07/20,495092,FRIENDSHIP HEALTH AND REHAB CENTER,327 HERSHBERGER RD NW,ROANOKE,VA,24012,Y,Y,0,0,0,0,0,0,3,7,0,0,253,214,Y,N,Y,N,0,1,0,1,0,0,N,N,N,N,Y,Y,Y,Y,Y,Y,Y,Y,Y,Y,Y,Y,N,,,,,0,0,,POINT (-78.666382 37.510861),POINT (-79.944208 37.322008)
-79.94037,37.278905,06/07/20,495357,OUR LADY OF THE VALLEY,650 NORTH JEFFERSON STREET,ROANOKE,VA,24016,Y,Y,0,0,0,0,3,3,0,0,0,0,70,54,Y,N,Y,N,0,0,0,16,0,0,N,N,N,N,Y,Y,Y,Y,Y,Y,Y,Y,Y,Y,Y,Y,N,,,,,0,0,,POINT (-78.666382 37.510861),POINT (-79.94037 37.278905)
-79.94037,37.278905,05/31/20,495357,OUR LADY OF THE VALLEY,650 NORTH JEFFERSON STREET,ROANOKE,VA,24016,Y,Y,0,0,0,0,0,0,0,0,0,0,70,53,Y,N,Y,N,0,0,7,16,0,0,N,N,N,N,Y,Y,Y,Y,Y,Y,Y,Y,Y,Y,Y,Y,N,,,,,0,0,,POINT (-78.666382 37.510861),POINT (-79.94037 37.278905)
-79.94037,37.278905,05/24/20,495357,OUR LADY OF THE VALLEY,650 NORTH JEFFERSON STREET,ROANOKE,VA,24016,Y,Y,0,0,0,0,0,0,0,0,0,0,70,52,Y,N,Y,N,0,0,9,9,0,0,N,N,N,N,Y,N,Y,Y,Y,Y,Y,Y,Y,Y,Y,Y,N,,,,,0,0,,POINT (-78.666382 37.510861),POINT (-79.94037 37.278905)
-79.94037,37.278905,06/14/20,495357,OUR LADY OF THE VALLEY,650 NORTH JEFFERSON STREET,ROANOKE,VA,24016,Y,Y,0,0,0,0,0,3,0,0,0,0,70,53,Y,N,Y,N,0,0,0,16,0,0,N,N,N,N,Y,Y,Y,Y,Y,Y,Y,Y,Y,Y,Y,Y,N,,,,,0,0,,POINT (-78.666382 37.510861),POINT (-79.94037 37.278905)
-79.915132,37.420516,05/31/20,495404,THE GLEBE,250 GLEBE ROAD,DALEVILLE,VA,24083,Y,Y,0,0,0,0,0,0,0,0,0,0,32,24,Y,N,Y,N,0,0,0,0,0,0,N,N,N,N,Y,Y,Y,Y,Y,Y,Y,Y,Y,Y,Y,Y,,,,,,0,0,,POINT (-78.666382 37.510861),POINT (-79.915132 37.420516)
-79.915132,37.420516,06/14/20,495404,THE GLEBE,250 GLEBE ROAD,DALEVILLE,VA,24083,Y,Y,0,0,0,0,0,0,0,0,0,0,32,23,Y,N,Y,N,0,0,0,0,0,0,N,N,N,N,Y,Y,Y,Y,Y,Y,Y,Y,Y,Y,Y,Y,N,,,,,0,0,,POINT (-78.666382 37.510861),POINT (-79.915132 37.420516)
-79.915132,37.420516,06/07/20,495404,THE GLEBE,250 GLEBE ROAD,DALEVILLE,VA,24083,N,,0,0,0,0,0,0,0,0,0,0,32,24,,,,,0,0,0,0,0,0,,,,,,,,,,,,,,,,,,,,,,0,0,,POINT (-78.666382 37.510861),POINT (-79.915132 37.420516)
-79.915132,37.420516,05/24/20,495404,THE GLEBE,250 GLEBE ROAD,DALEVILLE,VA,24083,N,,,,,,,,,,,,,,,,,,,,,,,,,,,,,,,,,,,,,,,,,,,,,,,,POINT (-78.666382 37.510861),POINT (-79.915132 37.420516)
-79.911953,37.393739,06/07/20,495386,CARRINGTON PLACE AT BOTETOURT COMMONS,290 COMMONS PARKWAY,DALEVILLE,VA,24083,Y,Y,0,0,0,0,0,0,2,3,0,0,90,87,Y,N,Y,N,0,0,0,0,0,0,N,N,N,N,Y,Y,Y,Y,Y,Y,Y,Y,Y,Y,Y,Y,N,,,,,0,0,,POINT (-78.666382 37.510861),POINT (-79.911953 37.393739)
-79.911953,37.393739,05/24/20,495386,CARRINGTON PLACE AT BOTETOURT COMMONS,290 COMMONS PARKWAY,DALEVILLE,VA,24083,Y,Y,0,0,0,0,0,0,1,1,0,0,90,82,Y,N,Y,N,0,0,0,0,0,0,N,N,N,N,Y,Y,Y,Y,Y,Y,Y,Y,Y,Y,Y,Y,N,,,,,0,0,,POINT (-78.666382 37.510861),POINT (-79.911953 37.393739)
-79.911953,37.393739,06/14/20,495386,CARRINGTON PLACE AT BOTETOURT COMMONS,290 COMMONS PARKWAY,DALEVILLE,VA,24083,N,,0,0,0,0,0,0,0,3,0,0,90,87,,,,,0,0,0,0,0,0,,,,,,,,,,,,,,,,,,,,,,0,0,,POINT (-78.666382 37.510861),POINT (-79.911953 37.393739)
-79.911953,37.393739,05/31/20,495386,CARRINGTON PLACE AT BOTETOURT COMMONS,290 COMMONS PARKWAY,DALEVILLE,VA,24083,Y,Y,0,0,0,0,0,0,0,1,0,0,90,86,Y,N,Y,N,0,0,0,0,0,0,N,N,N,N,Y,Y,Y,Y,Y,Y,Y,Y,Y,Y,Y,Y,N,,,,,0,0,,POINT (-78.666382 37.510861),POINT (-79.911953 37.393739)
-79.901929,36.992558,06/07/20,495118,ROCKY MOUNT HEALTH & REHAB CENTER,300 HATCHER STREET,ROCKY MOUNT,VA,24151,Y,Y,0,0,0,0,0,2,1,4,0,0,180,111,Y,N,Y,N,0,0,1,6,0,0,N,N,N,N,Y,Y,Y,Y,Y,Y,Y,Y,Y,Y,Y,Y,N,,,,,0,0,,POINT (-78.666382 37.510861),POINT (-79.901929 36.992558)
-79.901929,36.992558,06/14/20,495118,ROCKY MOUNT HEALTH & REHAB CENTER,300 HATCHER STREET,ROCKY MOUNT,VA,24151,Y,Y,0,0,0,0,0,2,0,4,0,0,180,110,Y,N,Y,N,0,0,0,6,0,0,N,N,N,N,Y,Y,Y,Y,Y,Y,Y,Y,Y,Y,Y,Y,N,,,,,0,0,,POINT (-78.666382 37.510861),POINT (-79.901929 36.992558)
-79.901929,36.992558,05/24/20,495118,ROCKY MOUNT HEALTH & REHAB CENTER,300 HATCHER STREET,ROCKY MOUNT,VA,24151,Y,Y,0,0,0,0,0,0,2,2,0,0,180,109,Y,N,Y,N,0,0,3,3,0,0,N,N,N,N,Y,Y,Y,Y,Y,Y,Y,Y,Y,Y,Y,Y,N,,,,,0,0,,POINT (-78.666382 37.510861),POINT (-79.901929 36.992558)
-79.901929,36.992558,05/31/20,495118,ROCKY MOUNT HEALTH & REHAB CENTER,300 HATCHER STREET,ROCKY MOUNT,VA,24151,Y,Y,0,0,0,0,2,2,1,3,0,0,180,111,Y,N,Y,N,0,0,2,5,0,0,N,N,N,N,Y,Y,Y,Y,Y,Y,Y,Y,Y,Y,Y,Y,N,,,,,0,0,,POINT (-78.666382 37.510861),POINT (-79.901929 36.992558)
-79.890829,37.300415,06/14/20,495378,SPRINGTREE HEALTHCARE & REHAB CENTER,3433 SPRINGTREE DRIVE,ROANOKE,VA,24012,Y,Y,0,0,0,0,0,0,1,3,0,0,120,96,Y,Y,Y,Y,0,0,0,0,0,0,N,N,N,N,Y,Y,Y,Y,Y,Y,Y,Y,Y,Y,Y,Y,N,,,,,0,0,,POINT (-78.666382 37.510861),POINT (-79.890829 37.300415)
-79.890829,37.300415,06/07/20,495378,SPRINGTREE HEALTHCARE & REHAB CENTER,3433 SPRINGTREE DRIVE,ROANOKE,VA,24012,Y,Y,0,0,0,0,0,0,1,2,0,0,120,91,Y,Y,Y,Y,0,0,0,0,0,0,N,N,N,N,Y,Y,Y,Y,Y,Y,Y,Y,Y,Y,Y,Y,N,,,,,0,0,,POINT (-78.666382 37.510861),POINT (-79.890829 37.300415)
-79.890829,37.300415,05/31/20,495378,SPRINGTREE HEALTHCARE & REHAB CENTER,3433 SPRINGTREE DRIVE,ROANOKE,VA,24012,Y,Y,0,0,0,0,0,0,0,1,0,0,0,92,Y,Y,Y,Y,0,0,0,0,0,0,N,N,N,N,Y,Y,Y,Y,Y,Y,Y,Y,Y,Y,Y,Y,N,,,,,0,0,,POINT (-78.666382 37.510861),POINT (-79.890829 37.300415)
-79.890829,37.300415,05/24/20,495378,SPRINGTREE HEALTHCARE & REHAB CENTER,3433 SPRINGTREE DRIVE,ROANOKE,VA,24012,Y,Y,0,0,0,0,0,0,1,1,0,0,0,86,Y,Y,Y,Y,0,0,0,0,0,0,N,N,N,N,Y,Y,Y,Y,Y,Y,Y,Y,Y,Y,Y,Y,N,,,,,0,0,,POINT (-78.666382 37.510861),POINT (-79.890829 37.300415)
-79.890088,36.731584,05/24/20,495408,KING'S GRANT RETIREMENT COMMUN,350 KING'S WAY ROAD,MARTINSVILLE,VA,24112,Y,Y,0,0,0,0,0,0,0,0,0,0,32,24,Y,Y,Y,N,0,0,0,0,0,0,N,N,N,N,Y,Y,Y,Y,Y,Y,Y,Y,Y,Y,Y,Y,N,,,,,0,0,,POINT (-78.666382 37.510861),POINT (-79.890088 36.731584)
-79.890088,36.731584,06/14/20,495408,KING'S GRANT RETIREMENT COMMUN,350 KING'S WAY ROAD,MARTINSVILLE,VA,24112,Y,Y,0,0,0,0,0,0,0,0,0,0,32,24,Y,Y,Y,N,1,1,0,0,0,0,N,N,N,N,Y,Y,Y,Y,Y,Y,Y,Y,Y,Y,Y,Y,N,,,,,0,0,,POINT (-78.666382 37.510861),POINT (-79.890088 36.731584)
-79.890088,36.731584,06/07/20,495408,KING'S GRANT RETIREMENT COMMUN,350 KING'S WAY ROAD,MARTINSVILLE,VA,24112,Y,Y,0,0,0,0,0,0,0,0,0,0,32,24,Y,Y,Y,N,0,0,0,0,0,0,N,N,N,N,Y,Y,Y,Y,Y,Y,Y,Y,Y,Y,Y,Y,N,,,,,0,0,,POINT (-78.666382 37.510861),POINT (-79.890088 36.731584)
-79.890088,36.731584,05/31/20,495408,KING'S GRANT RETIREMENT COMMUN,350 KING'S WAY ROAD,MARTINSVILLE,VA,24112,Y,Y,0,0,0,0,0,0,0,0,0,0,32,24,Y,Y,Y,N,0,0,0,0,0,0,N,N,N,N,Y,Y,Y,Y,Y,Y,Y,Y,Y,Y,Y,Y,N,,,,,0,0,,POINT (-78.666382 37.510861),POINT (-79.890088 36.731584)
-79.88674,36.985638,05/31/20,495207,FRANKLIN HEALTH AND REHABILITATION CENTER,720 ORCHARD AVENUE,ROCKY MOUNT,VA,24151,Y,Y,0,0,0,0,0,1,0,2,0,0,0,101,Y,Y,Y,Y,0,0,0,0,0,0,N,N,N,N,Y,N,Y,N,Y,N,Y,N,Y,N,Y,N,N,,,,,0,0,,POINT (-78.666382 37.510861),POINT (-79.88674 36.985638)
-79.88674,36.985638,05/24/20,495207,FRANKLIN HEALTH AND REHABILITATION CENTER,720 ORCHARD AVENUE,ROCKY MOUNT,VA,24151,Y,Y,0,0,0,0,1,1,2,2,0,0,0,107,Y,Y,Y,Y,0,0,0,0,0,0,N,N,N,N,Y,N,Y,N,Y,Y,Y,N,Y,N,Y,Y,N,,,,,0,0,,POINT (-78.666382 37.510861),POINT (-79.88674 36.985638)
-79.88674,36.985638,06/07/20,495207,FRANKLIN HEALTH AND REHABILITATION CENTER,720 ORCHARD AVENUE,ROCKY MOUNT,VA,24151,Y,Y,0,0,0,0,2,3,0,2,0,0,120,104,Y,Y,Y,Y,1,1,1,1,0,0,N,N,N,N,Y,N,Y,N,Y,N,Y,N,Y,N,Y,N,N,,,,,0,0,,POINT (-78.666382 37.510861),POINT (-79.88674 36.985638)
-79.88674,36.985638,06/14/20,495207,FRANKLIN HEALTH AND REHABILITATION CENTER,720 ORCHARD AVENUE,ROCKY MOUNT,VA,24151,Y,Y,0,0,0,0,0,3,2,4,0,0,120,99,Y,Y,Y,Y,0,1,2,3,0,0,N,N,N,N,Y,N,Y,N,Y,N,Y,N,Y,N,Y,N,N,,,,,0,0,,POINT (-78.666382 37.510861),POINT (-79.88674 36.985638)
-79.884575,37.270302,05/31/20,495293,BERKSHIRE HEALTH & REHABILITATION CENTER,705 CLEARVIEW DRIVE,VINTON,VA,24179,Y,Y,0,0,0,0,0,2,1,5,0,0,0,157,Y,Y,Y,Y,0,0,0,0,0,0,N,N,N,N,Y,Y,Y,Y,Y,Y,Y,Y,Y,Y,Y,Y,N,,,,,0,0,,POINT (-78.666382 37.510861),POINT (-79.884575 37.270302)
-79.884575,37.270302,06/07/20,495293,BERKSHIRE HEALTH & REHABILITATION CENTER,705 CLEARVIEW DRIVE,VINTON,VA,24179,Y,Y,0,0,0,0,0,2,1,6,0,0,180,157,Y,Y,Y,Y,0,0,0,0,0,0,N,N,N,N,Y,Y,Y,Y,Y,Y,Y,Y,Y,Y,Y,Y,N,,,,,0,0,,POINT (-78.666382 37.510861),POINT (-79.884575 37.270302)
-79.884575,37.270302,06/14/20,495293,BERKSHIRE HEALTH & REHABILITATION CENTER,705 CLEARVIEW DRIVE,VINTON,VA,24179,Y,Y,0,0,0,0,0,2,0,6,0,0,180,158,Y,Y,Y,Y,0,0,0,0,0,0,N,N,N,N,Y,Y,Y,Y,Y,Y,Y,Y,Y,Y,Y,Y,N,,,,,0,0,,POINT (-78.666382 37.510861),POINT (-79.884575 37.270302)
-79.884575,37.270302,05/24/20,495293,BERKSHIRE HEALTH & REHABILITATION CENTER,705 CLEARVIEW DRIVE,VINTON,VA,24179,Y,Y,0,0,0,0,2,2,4,4,0,0,0,158,Y,Y,Y,Y,0,0,0,0,0,0,N,N,N,N,Y,Y,Y,Y,Y,Y,Y,Y,Y,Y,Y,Y,N,,,,,0,0,,POINT (-78.666382 37.510861),POINT (-79.884575 37.270302)
-79.880331,37.521757,06/14/20,495218,BRIAN CENTER HEALTH AND REHABILITATION,188 OLD FINCASTLE ROAD,FINCASTLE,VA,24090,Y,Y,0,0,0,0,0,0,0,0,0,0,56,53,Y,N,Y,N,0,0,0,0,0,0,N,N,N,N,Y,Y,Y,Y,Y,Y,Y,Y,Y,Y,Y,Y,Y,7,0,Y,Y,0,0,,POINT (-78.666382 37.510861),POINT (-79.880331 37.521757)
-79.880331,37.521757,05/31/20,495218,BRIAN CENTER HEALTH AND REHABILITATION,188 OLD FINCASTLE ROAD,FINCASTLE,VA,24090,Y,Y,0,0,0,0,0,0,0,0,0,0,56,50,Y,N,Y,N,0,0,0,0,0,0,N,N,N,N,Y,Y,Y,Y,Y,Y,Y,Y,Y,Y,Y,Y,Y,8,0,Y,Y,0,0,,POINT (-78.666382 37.510861),POINT (-79.880331 37.521757)
-79.880331,37.521757,05/24/20,495218,BRIAN CENTER HEALTH AND REHABILITATION,188 OLD FINCASTLE ROAD,FINCASTLE,VA,24090,Y,Y,0,0,0,0,0,0,0,0,0,0,56,49,Y,N,Y,N,0,0,0,0,0,0,N,N,N,N,Y,Y,Y,Y,Y,Y,Y,Y,Y,Y,Y,Y,Y,9,0,Y,Y,0,0,,POINT (-78.666382 37.510861),POINT (-79.880331 37.521757)
-79.880331,37.521757,06/07/20,495218,BRIAN CENTER HEALTH AND REHABILITATION,188 OLD FINCASTLE ROAD,FINCASTLE,VA,24090,Y,Y,0,0,0,0,0,0,0,0,0,0,56,53,Y,N,Y,N,0,0,0,0,0,0,N,N,N,N,Y,Y,Y,Y,Y,Y,Y,Y,Y,Y,Y,Y,Y,7,0,Y,Y,0,0,,POINT (-78.666382 37.510861),POINT (-79.880331 37.521757)
-79.852324,37.975235,06/14/20,495220,THE SPRINGS NURSING CENTER,167 SPRING STREET,HOT SPRINGS,VA,24445,Y,Y,0,0,0,0,0,0,0,1,0,0,60,54,Y,N,N,Y,0,0,0,0,0,0,N,N,N,N,N,N,Y,Y,Y,Y,Y,Y,Y,Y,Y,Y,N,,,,,0,0,,POINT (-78.666382 37.510861),POINT (-79.852324 37.975235)
-79.852324,37.975235,05/24/20,495220,THE SPRINGS NURSING CENTER,167 SPRING STREET,HOT SPRINGS,VA,24445,Y,Y,0,0,0,0,0,0,0,0,0,0,60,53,Y,N,N,Y,0,0,0,0,0,0,N,N,N,N,Y,Y,Y,Y,Y,Y,Y,Y,Y,Y,Y,Y,N,,,,,0,0,,POINT (-78.666382 37.510861),POINT (-79.852324 37.975235)
-79.852324,37.975235,05/31/20,495220,THE SPRINGS NURSING CENTER,167 SPRING STREET,HOT SPRINGS,VA,24445,Y,Y,0,0,0,0,0,0,0,0,0,0,60,56,Y,N,N,Y,0,0,0,0,0,0,N,N,N,N,N,N,Y,Y,Y,Y,Y,Y,Y,Y,Y,Y,N,,,,,0,0,,POINT (-78.666382 37.510861),POINT (-79.852324 37.975235)
-79.852324,37.975235,06/07/20,495220,THE SPRINGS NURSING CENTER,167 SPRING STREET,HOT SPRINGS,VA,24445,Y,Y,0,0,0,0,0,0,1,1,0,0,60,55,Y,N,N,Y,0,0,0,0,0,0,N,N,N,N,N,N,Y,Y,Y,Y,Y,Y,Y,Y,Y,Y,N,,,,,0,0,,POINT (-78.666382 37.510861),POINT (-79.852324 37.975235)
-79.842833,36.69059,05/24/20,495426,MULBERRY CREEK NURSING AND REHAB CENTER,300 BLUE RIDGE STREET,MARTINSVILLE,VA,24112,Y,Y,0,0,0,0,1,1,4,4,0,0,300,195,Y,N,Y,N,2,2,1,1,0,0,N,N,N,N,Y,Y,Y,Y,Y,Y,Y,Y,Y,Y,Y,Y,N,,,,,0,0,,POINT (-78.666382 37.510861),POINT (-79.842833 36.69059)
-79.842833,36.69059,06/14/20,495426,MULBERRY CREEK NURSING AND REHAB CENTER,300 BLUE RIDGE STREET,MARTINSVILLE,VA,24112,Y,Y,0,0,0,2,0,1,2,6,0,0,300,190,Y,N,Y,N,1,4,0,1,0,0,N,N,N,N,Y,Y,Y,Y,Y,Y,Y,Y,Y,Y,Y,Y,N,,,,,10.5,0,0,POINT (-78.666382 37.510861),POINT (-79.842833 36.69059)
-79.842833,36.69059,06/07/20,495426,MULBERRY CREEK NURSING AND REHAB CENTER,300 BLUE RIDGE STREET,MARTINSVILLE,VA,24112,Y,Y,0,0,0,2,0,1,0,4,0,0,300,193,Y,N,Y,N,1,3,0,1,0,0,N,N,N,N,Y,Y,Y,Y,Y,Y,Y,Y,Y,Y,Y,Y,N,,,,,10.4,0,0,POINT (-78.666382 37.510861),POINT (-79.842833 36.69059)
-79.842833,36.69059,05/31/20,495426,MULBERRY CREEK NURSING AND REHAB CENTER,300 BLUE RIDGE STREET,MARTINSVILLE,VA,24112,Y,Y,0,0,2,2,0,1,0,4,0,0,300,192,Y,N,Y,N,0,2,0,1,0,0,N,N,N,N,Y,Y,Y,Y,Y,Y,Y,Y,Y,Y,Y,Y,N,,,,,10.4,0,0,POINT (-78.666382 37.510861),POINT (-79.842833 36.69059)
-79.840035,36.670085,06/14/20,495143,MARTINSVILLE HEALTH AND REHAB,1607 SPRUCE STREET,MARTINSVILLE,VA,24112,Y,Y,0,0,0,0,0,4,0,0,0,0,140,104,Y,N,N,Y,0,2,0,4,0,0,N,N,N,N,Y,Y,Y,Y,Y,Y,Y,Y,Y,Y,Y,Y,N,,,,,0,0,,POINT (-78.666382 37.510861),POINT (-79.840035 36.670085)
-79.840035,36.670085,05/24/20,495143,MARTINSVILLE HEALTH AND REHAB,1607 SPRUCE STREET,MARTINSVILLE,VA,24112,Y,Y,0,0,0,0,2,2,0,0,0,0,140,105,Y,N,N,Y,0,0,1,1,0,0,N,N,N,N,Y,Y,Y,Y,Y,Y,Y,Y,Y,Y,Y,Y,N,,,,,0,0,,POINT (-78.666382 37.510861),POINT (-79.840035 36.670085)
-79.840035,36.670085,05/31/20,495143,MARTINSVILLE HEALTH AND REHAB,1607 SPRUCE STREET,MARTINSVILLE,VA,24112,Y,Y,0,0,0,0,0,2,0,0,0,0,140,107,Y,N,N,Y,0,0,3,4,0,0,N,N,N,N,Y,Y,Y,Y,Y,Y,Y,Y,Y,Y,Y,Y,N,,,,,0,0,,POINT (-78.666382 37.510861),POINT (-79.840035 36.670085)
-79.840035,36.670085,06/07/20,495143,MARTINSVILLE HEALTH AND REHAB,1607 SPRUCE STREET,MARTINSVILLE,VA,24112,Y,Y,0,0,0,0,2,4,0,0,0,0,140,106,Y,N,N,Y,2,2,0,4,0,0,N,N,N,N,Y,Y,Y,Y,Y,Y,Y,Y,Y,Y,Y,Y,N,,,,,0,0,,POINT (-78.666382 37.510861),POINT (-79.840035 36.670085)
-79.813252,37.819525,06/14/20,495360,THE WOODLANDS HEALTH AND REHAB CENTER,1000 FAIRVIEW HEIGHTS,CLIFTON FORGE,VA,24422,Y,Y,0,0,0,0,0,0,0,3,0,0,60,50,Y,Y,Y,N,0,0,0,5,0,0,N,N,N,N,Y,Y,Y,Y,Y,Y,Y,Y,Y,Y,Y,Y,N,,,,,0,0,,POINT (-78.666382 37.510861),POINT (-79.813252 37.819525)
-79.813252,37.819525,06/07/20,495360,THE WOODLANDS HEALTH AND REHAB CENTER,1000 FAIRVIEW HEIGHTS,CLIFTON FORGE,VA,24422,Y,Y,0,0,0,0,0,0,1,3,0,0,60,51,Y,Y,Y,N,0,0,3,5,0,0,N,N,N,N,Y,Y,Y,Y,Y,Y,Y,Y,Y,Y,Y,Y,N,,,,,0,0,,POINT (-78.666382 37.510861),POINT (-79.813252 37.819525)
-79.813252,37.819525,05/24/20,495360,THE WOODLANDS HEALTH AND REHAB CENTER,1000 FAIRVIEW HEIGHTS,CLIFTON FORGE,VA,24422,Y,Y,0,0,0,0,0,0,2,2,0,0,60,48,Y,Y,N,N,0,0,2,2,0,0,N,N,N,N,Y,Y,Y,Y,Y,Y,Y,Y,Y,Y,Y,Y,N,,,,,0,0,,POINT (-78.666382 37.510861),POINT (-79.813252 37.819525)
-79.813252,37.819525,05/31/20,495360,THE WOODLANDS HEALTH AND REHAB CENTER,1000 FAIRVIEW HEIGHTS,CLIFTON FORGE,VA,24422,Y,Y,0,0,0,0,0,0,0,2,0,0,60,51,Y,Y,N,N,0,0,0,2,0,0,N,N,N,N,Y,Y,Y,Y,Y,Y,Y,Y,Y,Y,Y,Y,N,,,,,0,0,,POINT (-78.666382 37.510861),POINT (-79.813252 37.819525)
-79.805322,37.817118,06/07/20,495141,ALLEGHANY HEALTH AND REHAB,1725 MAIN STREET,CLIFTON FORGE,VA,24422,N,,,,,,,,,,,,,,,,,,,,,,,,,,,,,,,,,,,,,,,,,,,,,,,,POINT (-78.666382 37.510861),POINT (-79.80532200000002 37.817118)
-79.805322,37.817118,05/24/20,495141,ALLEGHANY HEALTH AND REHAB,1725 MAIN STREET,CLIFTON FORGE,VA,24422,N,,,,,,,,,,,,,,,,,,,,,,,,,,,,,,,,,,,,,,,,,,,,,,,,POINT (-78.666382 37.510861),POINT (-79.80532200000002 37.817118)
-79.805322,37.817118,05/31/20,495141,ALLEGHANY HEALTH AND REHAB,1725 MAIN STREET,CLIFTON FORGE,VA,24422,N,,,,,,,,,,,,,,,,,,,,,,,,,,,,,,,,,,,,,,,,,,,,,,,,POINT (-78.666382 37.510861),POINT (-79.80532200000002 37.817118)
-79.805322,37.817118,06/14/20,495141,ALLEGHANY HEALTH AND REHAB,1725 MAIN STREET,CLIFTON FORGE,VA,24422,N,,,,,,,,,,,,,,,,,,,,,,,,,,,,,,,,,,,,,,,,,,,,,,,,POINT (-78.666382 37.510861),POINT (-79.80532200000002 37.817118)
-79.516415,37.351563,06/07/20,495046,OAKWOOD MANOR BEDFORD MEM,1613 OAKWOOD STREET,BEDFORD,VA,24523,Y,Y,0,0,2,11,0,0,2,2,0,0,111,79,Y,Y,Y,N,0,2,0,0,0,0,N,N,N,N,Y,N,Y,N,Y,N,Y,N,Y,N,Y,N,N,,,,,139.2,0,0,POINT (-78.666382 37.510861),POINT (-79.516415 37.351563)
-79.516415,37.351563,06/14/20,495046,OAKWOOD MANOR BEDFORD MEM,1613 OAKWOOD STREET,BEDFORD,VA,24523,Y,Y,1,1,3,14,0,0,0,2,0,0,111,76,Y,Y,Y,N,0,2,0,0,0,0,N,N,N,N,Y,N,Y,N,Y,N,Y,N,Y,N,Y,N,N,,,,,184.2,0,0,POINT (-78.666382 37.510861),POINT (-79.516415 37.351563)
-79.516415,37.351563,05/24/20,495046,OAKWOOD MANOR BEDFORD MEM,1613 OAKWOOD STREET,BEDFORD,VA,24523,Y,Y,0,0,0,0,0,0,0,0,0,0,111,87,Y,Y,Y,N,0,0,0,0,0,0,N,N,N,N,Y,N,Y,N,Y,N,Y,N,Y,N,Y,N,N,,,,,0,0,,POINT (-78.666382 37.510861),POINT (-79.516415 37.351563)
-79.516415,37.351563,05/31/20,495046,OAKWOOD MANOR BEDFORD MEM,1613 OAKWOOD STREET,BEDFORD,VA,24523,Y,Y,0,0,9,9,0,0,0,0,0,0,111,84,Y,Y,Y,N,2,2,0,0,0,0,N,N,N,N,Y,N,Y,N,Y,N,Y,N,Y,N,Y,N,N,,,,,107.1,0,0,POINT (-78.666382 37.510861),POINT (-79.516415 37.351563)
-79.501609,37.312131,05/31/20,4.90E+05,BEDFORD CO NURSING HOME,1229 COUNTY FARM ROAD,BEDFORD,VA,24523,Y,Y,0,0,0,0,0,1,0,0,0,0,90,78,Y,N,Y,N,0,0,0,0,0,0,Y,N,Y,N,Y,Y,Y,Y,Y,Y,Y,Y,Y,Y,Y,Y,N,,,,,0,0,,POINT (-78.666382 37.510861),POINT (-79.501609 37.312131)
-79.501609,37.312131,06/14/20,4.90E+05,BEDFORD CO NURSING HOME,1229 COUNTY FARM ROAD,BEDFORD,VA,24523,Y,Y,0,0,0,0,0,1,0,0,0,0,90,79,Y,N,Y,N,0,0,0,0,0,0,Y,N,Y,N,Y,Y,Y,Y,Y,Y,Y,Y,Y,Y,Y,Y,N,,,,,0,0,,POINT (-78.666382 37.510861),POINT (-79.501609 37.312131)
-79.501609,37.312131,06/07/20,4.90E+05,BEDFORD CO NURSING HOME,1229 COUNTY FARM ROAD,BEDFORD,VA,24523,Y,Y,0,0,0,0,0,1,0,0,0,0,90,79,Y,N,Y,N,0,0,0,0,0,0,Y,N,Y,N,Y,Y,Y,Y,Y,Y,Y,Y,Y,Y,Y,Y,N,,,,,0,0,,POINT (-78.666382 37.510861),POINT (-79.501609 37.312131)
-79.501609,37.312131,05/24/20,4.90E+05,BEDFORD CO NURSING HOME,1229 COUNTY FARM ROAD,BEDFORD,VA,24523,Y,Y,0,0,0,0,1,1,0,0,0,0,90,81,N,N,N,N,0,0,0,0,0,0,Y,N,Y,N,Y,Y,Y,Y,Y,Y,Y,Y,Y,Y,Y,Y,N,,,,,0,0,,POINT (-78.666382 37.510861),POINT (-79.501609 37.312131)
-79.463618,37.784743,05/24/20,495034,KENDAL  AT LEXINGTON,160 KENDAL DRIVE,LEXINGTON,VA,24450,Y,Y,1,1,0,0,13,13,1,1,0,0,54,48,Y,Y,N,N,0,0,3,3,0,0,N,N,N,N,Y,Y,Y,Y,Y,Y,Y,Y,Y,Y,Y,Y,N,,,,,0,0,,POINT (-78.666382 37.510861),POINT (-79.463618 37.784743)
-79.463618,37.784743,06/14/20,495034,KENDAL  AT LEXINGTON,160 KENDAL DRIVE,LEXINGTON,VA,24450,Y,Y,0,1,0,0,3,18,0,2,0,0,54,47,Y,Y,N,N,0,0,0,3,0,0,N,N,N,N,Y,Y,Y,Y,Y,Y,Y,Y,Y,Y,Y,Y,N,,,,,0,0,,POINT (-78.666382 37.510861),POINT (-79.463618 37.784743)
-79.463618,37.784743,05/31/20,495034,KENDAL  AT LEXINGTON,160 KENDAL DRIVE,LEXINGTON,VA,24450,Y,Y,0,1,0,0,0,13,0,1,0,0,54,49,Y,Y,N,N,0,0,0,3,0,0,N,N,N,N,Y,Y,Y,Y,Y,Y,Y,Y,Y,Y,Y,Y,N,,,,,0,0,,POINT (-78.666382 37.510861),POINT (-79.463618 37.784743)
-79.463618,37.784743,06/07/20,495034,KENDAL  AT LEXINGTON,160 KENDAL DRIVE,LEXINGTON,VA,24450,Y,Y,0,1,0,0,2,15,1,2,0,0,54,48,Y,Y,N,N,0,0,0,3,0,0,N,N,N,N,Y,Y,Y,Y,Y,Y,Y,Y,Y,Y,Y,Y,N,,,,,0,0,,POINT (-78.666382 37.510861),POINT (-79.463618 37.784743)
-79.44179,37.775748,06/14/20,495321,HERITAGE HALL LEXINGTON,205 HOUSTON STREET,EAST LEXINGTON,VA,24450,Y,Y,0,0,0,0,0,0,0,0,0,0,60,51,N,N,N,N,0,0,0,0,0,0,N,N,N,N,Y,Y,Y,Y,Y,Y,Y,Y,Y,Y,Y,Y,N,,,,,0,0,,POINT (-78.666382 37.510861),POINT (-79.44179 37.775748)
-79.44179,37.775748,05/31/20,495321,HERITAGE HALL LEXINGTON,205 HOUSTON STREET,EAST LEXINGTON,VA,24450,Y,Y,0,0,0,0,0,0,0,0,0,0,60,51,N,N,N,N,0,0,0,0,0,0,N,N,N,N,Y,Y,Y,Y,Y,Y,Y,Y,Y,Y,Y,Y,N,,,,,0,0,,POINT (-78.666382 37.510861),POINT (-79.44179 37.775748)
-79.44179,37.775748,05/24/20,495321,HERITAGE HALL LEXINGTON,205 HOUSTON STREET,EAST LEXINGTON,VA,24450,Y,Y,0,0,0,0,0,0,0,0,0,0,60,49,N,N,N,N,0,0,0,0,0,0,N,N,N,N,Y,Y,Y,Y,Y,Y,Y,Y,Y,Y,Y,Y,N,,,,,0,0,,POINT (-78.666382 37.510861),POINT (-79.44179 37.775748)
-79.44179,37.775748,06/07/20,495321,HERITAGE HALL LEXINGTON,205 HOUSTON STREET,EAST LEXINGTON,VA,24450,Y,Y,0,0,0,0,0,0,0,0,0,0,60,52,N,N,N,N,0,0,0,0,0,0,N,N,N,N,Y,Y,Y,Y,Y,Y,Y,Y,Y,Y,Y,Y,N,,,,,0,0,,POINT (-78.666382 37.510861),POINT (-79.44179 37.775748)
-79.411343,36.60537,06/07/20,495107,PINEY FOREST HEALTH AND REHABILITATION CENTER,450 PINEY FOREST RD,DANVILLE,VA,24540,Y,Y,0,0,0,0,0,0,1,5,0,0,120,102,Y,Y,Y,Y,1,1,0,0,0,0,N,N,N,N,Y,Y,Y,Y,Y,Y,Y,Y,Y,Y,Y,Y,N,,,,,0,0,,POINT (-78.666382 37.510861),POINT (-79.411343 36.60537)
-79.411343,36.60537,06/14/20,495107,PINEY FOREST HEALTH AND REHABILITATION CENTER,450 PINEY FOREST RD,DANVILLE,VA,24540,Y,Y,0,0,0,0,0,0,0,5,0,0,120,100,Y,Y,Y,Y,0,1,1,1,0,0,N,N,N,N,Y,Y,Y,Y,Y,Y,Y,Y,Y,Y,Y,Y,N,,,,,0,0,,POINT (-78.666382 37.510861),POINT (-79.411343 36.60537)
-79.411343,36.60537,05/24/20,495107,PINEY FOREST HEALTH AND REHABILITATION CENTER,450 PINEY FOREST RD,DANVILLE,VA,24540,Y,Y,0,0,0,0,0,0,4,4,0,0,0,108,Y,Y,Y,Y,0,0,0,0,0,0,N,N,N,N,Y,Y,Y,Y,Y,Y,Y,Y,Y,Y,Y,Y,N,,,,,0,0,,POINT (-78.666382 37.510861),POINT (-79.411343 36.60537)
-79.411343,36.60537,05/31/20,495107,PINEY FOREST HEALTH AND REHABILITATION CENTER,450 PINEY FOREST RD,DANVILLE,VA,24540,Y,Y,0,0,0,0,0,0,0,4,0,0,0,106,Y,Y,Y,Y,0,0,0,0,0,0,N,N,N,N,Y,Y,Y,Y,Y,Y,Y,Y,Y,Y,Y,Y,N,,,,,0,0,,POINT (-78.666382 37.510861),POINT (-79.411343 36.60537)
-79.409445,36.595037,05/24/20,495295,RIVERSIDE HEALTH & REHAB CNTR,2344 RIVERSIDE DRIVE,DANVILLE,VA,24540,Y,Y,0,0,0,0,3,3,0,0,0,0,0,155,Y,Y,Y,Y,0,0,0,0,0,0,N,N,N,N,Y,N,Y,Y,Y,Y,Y,N,Y,Y,Y,Y,N,,,,,0,0,,POINT (-78.666382 37.510861),POINT (-79.409445 36.595037)
-79.409445,36.595037,06/14/20,495295,RIVERSIDE HEALTH & REHAB CNTR,2344 RIVERSIDE DRIVE,DANVILLE,VA,24540,Y,Y,0,0,0,0,0,3,0,0,0,0,180,157,Y,Y,Y,Y,0,0,0,0,0,0,N,N,N,N,N,N,Y,Y,Y,Y,Y,Y,Y,Y,Y,Y,N,,,,,0,0,,POINT (-78.666382 37.510861),POINT (-79.409445 36.595037)
-79.409445,36.595037,05/31/20,495295,RIVERSIDE HEALTH & REHAB CNTR,2344 RIVERSIDE DRIVE,DANVILLE,VA,24540,Y,Y,0,0,0,0,0,3,0,0,0,0,0,157,Y,Y,Y,Y,0,0,0,0,0,0,N,N,N,N,Y,N,Y,Y,Y,Y,Y,Y,Y,Y,Y,Y,N,,,,,0,0,,POINT (-78.666382 37.510861),POINT (-79.409445 36.595037)
-79.409445,36.595037,06/07/20,495295,RIVERSIDE HEALTH & REHAB CNTR,2344 RIVERSIDE DRIVE,DANVILLE,VA,24540,Y,Y,0,0,0,0,0,3,0,0,0,0,180,157,Y,Y,Y,Y,0,0,0,0,0,0,N,N,N,N,Y,N,Y,Y,Y,Y,Y,Y,Y,Y,Y,Y,N,,,,,0,0,,POINT (-78.666382 37.510861),POINT (-79.409445 36.595037)
-79.400942,36.578123,06/07/20,495166,STRATFORD HEALTHCARE CENTER,508 RISON STREET,DANVILLE,VA,24541,Y,Y,0,0,0,0,0,0,0,5,0,0,60,50,Y,N,Y,N,0,0,0,0,0,0,N,N,N,N,Y,Y,Y,Y,Y,Y,Y,Y,Y,Y,Y,Y,N,,,,,0,0,,POINT (-78.666382 37.510861),POINT (-79.400942 36.578123)
-79.400942,36.578123,05/31/20,495166,STRATFORD HEALTHCARE CENTER,508 RISON STREET,DANVILLE,VA,24541,Y,Y,0,0,0,0,0,0,1,5,0,0,60,49,Y,N,Y,N,0,0,0,0,0,0,N,N,N,N,Y,Y,Y,Y,Y,Y,Y,Y,Y,Y,Y,Y,N,,,,,0,0,,POINT (-78.666382 37.510861),POINT (-79.400942 36.578123)
-79.400942,36.578123,05/24/20,495166,STRATFORD HEALTHCARE CENTER,508 RISON STREET,DANVILLE,VA,24541,Y,Y,0,0,0,0,0,0,4,4,0,0,60,50,Y,N,Y,N,0,0,0,0,0,0,N,N,N,N,Y,Y,Y,Y,Y,Y,Y,Y,Y,Y,Y,Y,N,,,,,0,0,,POINT (-78.666382 37.510861),POINT (-79.400942 36.578123)
-79.400942,36.578123,06/14/20,495166,STRATFORD HEALTHCARE CENTER,508 RISON STREET,DANVILLE,VA,24541,Y,Y,0,0,0,0,0,0,1,6,0,0,60,49,Y,N,Y,N,0,0,0,0,0,0,N,N,N,N,Y,Y,Y,Y,Y,Y,Y,Y,Y,Y,Y,Y,N,,,,,0,0,,POINT (-78.666382 37.510861),POINT (-79.400942 36.578123)
-79.395183,36.807601,05/24/20,495399,CHATHAM HEALTH & REHABILITATION CENTER,100 RORER STREET,CHATHAM,VA,24531,Y,Y,0,0,0,0,3,3,3,3,0,0,85,78,Y,N,Y,N,0,0,0,0,0,0,N,N,N,N,Y,Y,Y,Y,Y,Y,Y,Y,Y,Y,Y,Y,N,,,,,0,0,,POINT (-78.666382 37.510861),POINT (-79.395183 36.807601)
-79.395183,36.807601,05/31/20,495399,CHATHAM HEALTH & REHABILITATION CENTER,100 RORER STREET,CHATHAM,VA,24531,Y,Y,0,0,0,0,0,3,0,3,0,0,85,77,Y,N,Y,N,0,0,0,0,0,0,N,N,N,N,Y,Y,Y,Y,Y,Y,Y,Y,Y,Y,Y,Y,N,,,,,0,0,,POINT (-78.666382 37.510861),POINT (-79.395183 36.807601)
-79.395183,36.807601,06/07/20,495399,CHATHAM HEALTH & REHABILITATION CENTER,100 RORER STREET,CHATHAM,VA,24531,Y,Y,0,0,0,0,0,3,0,3,0,0,85,77,Y,N,Y,N,0,0,0,0,0,0,N,N,N,N,Y,Y,Y,Y,Y,Y,Y,Y,Y,Y,Y,Y,N,,,,,0,0,,POINT (-78.666382 37.510861),POINT (-79.395183 36.807601)
-79.395183,36.807601,06/14/20,495399,CHATHAM HEALTH & REHABILITATION CENTER,100 RORER STREET,CHATHAM,VA,24531,Y,Y,0,0,0,0,2,5,0,3,0,0,85,75,Y,N,Y,N,0,0,0,0,0,0,N,N,N,N,Y,Y,Y,Y,Y,Y,Y,Y,Y,Y,Y,Y,N,,,,,0,0,,POINT (-78.666382 37.510861),POINT (-79.395183 36.807601)
-79.383343,36.620139,06/14/20,495015,ROMAN EAGLE REHABILITATION AND HEALTH CARE CENTER,2526 NORTH MAIN STREET,DANVILLE,VA,24540,Y,Y,0,0,0,0,0,0,0,6,0,0,312,240,Y,Y,Y,N,0,0,0,0,0,0,N,N,N,N,Y,Y,Y,Y,Y,Y,Y,Y,Y,Y,Y,Y,N,,,,,0,0,,POINT (-78.666382 37.510861),POINT (-79.383343 36.620139)
-79.383343,36.620139,05/24/20,495015,ROMAN EAGLE REHABILITATION AND HEALTH CARE CENTER,2526 NORTH MAIN STREET,DANVILLE,VA,24540,Y,Y,0,0,0,0,0,0,5,5,0,0,312,245,Y,Y,Y,N,0,0,0,0,0,0,N,N,N,N,Y,Y,Y,Y,Y,Y,Y,Y,Y,Y,Y,Y,N,,,,,0,0,,POINT (-78.666382 37.510861),POINT (-79.383343 36.620139)
-79.383343,36.620139,06/07/20,495015,ROMAN EAGLE REHABILITATION AND HEALTH CARE CENTER,2526 NORTH MAIN STREET,DANVILLE,VA,24540,Y,Y,0,0,0,0,0,0,1,6,0,0,312,241,Y,Y,Y,N,0,0,0,0,0,0,N,N,N,N,Y,Y,Y,Y,Y,Y,Y,Y,Y,Y,Y,Y,N,,,,,0,0,,POINT (-78.666382 37.510861),POINT (-79.383343 36.620139)
-79.383343,36.620139,05/31/20,495015,ROMAN EAGLE REHABILITATION AND HEALTH CARE CENTER,2526 NORTH MAIN STREET,DANVILLE,VA,24540,Y,Y,0,0,0,0,0,0,0,5,0,0,312,239,Y,Y,Y,N,0,0,0,0,0,0,N,N,N,N,Y,Y,Y,Y,Y,Y,Y,Y,Y,Y,Y,Y,N,,,,,0,0,,POINT (-78.666382 37.510861),POINT (-79.383343 36.620139)
-79.372919,36.95197,05/24/20,495202,GRETNA HEALTH AND REHABILITATION CENTER,595 VADEN DRIVE,GRETNA,VA,24557,Y,Y,0,0,0,0,0,0,3,3,0,0,0,77,Y,Y,Y,Y,0,0,0,0,0,0,N,N,N,N,Y,Y,Y,Y,Y,Y,Y,Y,Y,Y,Y,Y,N,,,,,0,0,,POINT (-78.666382 37.510861),POINT (-79.372919 36.95197)
-79.372919,36.95197,06/14/20,495202,GRETNA HEALTH AND REHABILITATION CENTER,595 VADEN DRIVE,GRETNA,VA,24557,Y,Y,0,0,0,0,0,0,0,3,0,0,90,74,Y,Y,Y,Y,0,0,0,0,0,0,N,N,N,N,Y,Y,Y,Y,Y,Y,Y,Y,Y,Y,Y,Y,N,,,,,0,0,,POINT (-78.666382 37.510861),POINT (-79.372919 36.95197)
-79.372919,36.95197,05/31/20,495202,GRETNA HEALTH AND REHABILITATION CENTER,595 VADEN DRIVE,GRETNA,VA,24557,Y,Y,0,0,0,0,0,0,0,3,0,0,0,74,Y,Y,Y,Y,0,0,0,0,0,0,N,N,N,N,Y,Y,Y,Y,Y,Y,Y,Y,Y,Y,Y,Y,N,,,,,0,0,,POINT (-78.666382 37.510861),POINT (-79.372919 36.95197)
-79.372919,36.95197,06/07/20,495202,GRETNA HEALTH AND REHABILITATION CENTER,595 VADEN DRIVE,GRETNA,VA,24557,Y,Y,0,0,0,0,0,0,0,3,0,0,90,76,Y,Y,Y,Y,0,0,0,0,0,0,N,N,N,N,Y,Y,Y,Y,Y,Y,Y,Y,Y,Y,Y,Y,N,,,,,0,0,,POINT (-78.666382 37.510861),POINT (-79.372919 36.95197)
-79.350257,37.750999,06/14/20,495168,SHENANDOAH VALLEY HEALTH AND REHAB,"3737 CATALPA AVE, PO BOX 711",BUENA VISTA,VA,24416,Y,Y,0,0,0,0,0,0,0,4,0,0,93,65,Y,Y,Y,N,0,0,0,0,0,0,N,N,N,N,N,Y,Y,Y,Y,Y,Y,Y,Y,Y,Y,Y,N,,,,,0,0,,POINT (-78.666382 37.510861),POINT (-79.350257 37.750999)
-79.350257,37.750999,05/24/20,495168,SHENANDOAH VALLEY HEALTH AND REHAB,"3737 CATALPA AVE, PO BOX 711",BUENA VISTA,VA,24416,Y,Y,0,0,0,0,0,0,2,2,0,0,93,72,Y,Y,Y,N,0,0,0,0,0,0,N,N,N,N,Y,Y,Y,Y,Y,Y,Y,N,Y,Y,Y,Y,N,,,,,0,0,,POINT (-78.666382 37.510861),POINT (-79.350257 37.750999)
-79.350257,37.750999,05/31/20,495168,SHENANDOAH VALLEY HEALTH AND REHAB,"3737 CATALPA AVE, PO BOX 711",BUENA VISTA,VA,24416,Y,Y,0,0,0,0,0,0,1,3,0,0,93,72,Y,Y,Y,N,0,0,0,0,0,0,N,N,N,N,Y,Y,Y,Y,Y,Y,Y,Y,Y,Y,Y,Y,N,,,,,0,0,,POINT (-78.666382 37.510861),POINT (-79.350257 37.750999)
-79.350257,37.750999,06/07/20,495168,SHENANDOAH VALLEY HEALTH AND REHAB,"3737 CATALPA AVE, PO BOX 711",BUENA VISTA,VA,24416,Y,Y,0,0,0,0,0,0,1,4,0,0,93,63,Y,Y,Y,N,0,0,0,0,0,0,Y,Y,Y,Y,Y,Y,Y,Y,Y,Y,Y,Y,Y,Y,Y,Y,N,,,,,0,0,,POINT (-78.666382 37.510861),POINT (-79.350257 37.750999)
-79.288407,37.123287,06/07/20,495196,AUTUMN CARE OF ALTAVISTA,1317 LOLA AVE,ALTAVISTA,VA,24517,Y,Y,0,0,0,0,0,1,1,3,0,0,111,109,Y,N,Y,N,0,0,0,1,0,0,N,N,N,N,Y,Y,Y,Y,Y,Y,Y,Y,Y,Y,Y,Y,N,,,,,0,0,,POINT (-78.666382 37.510861),POINT (-79.288407 37.123287)
-79.288407,37.123287,06/14/20,495196,AUTUMN CARE OF ALTAVISTA,1317 LOLA AVE,ALTAVISTA,VA,24517,Y,Y,0,0,0,0,0,1,1,4,0,0,111,109,Y,N,Y,N,0,0,0,1,0,0,N,N,N,N,Y,Y,Y,Y,Y,Y,Y,Y,Y,Y,Y,Y,N,,,,,0,0,,POINT (-78.666382 37.510861),POINT (-79.288407 37.123287)
-79.288407,37.123287,05/24/20,495196,AUTUMN CARE OF ALTAVISTA,1317 LOLA AVE,ALTAVISTA,VA,24517,Y,Y,0,0,0,0,0,0,1,1,0,0,111,112,Y,N,Y,N,0,0,1,1,0,0,N,N,N,N,Y,Y,Y,Y,Y,Y,Y,Y,Y,Y,Y,Y,N,,,,,0,0,,POINT (-78.666382 37.510861),POINT (-79.288407 37.123287)
-79.288407,37.123287,05/31/20,495196,AUTUMN CARE OF ALTAVISTA,1317 LOLA AVE,ALTAVISTA,VA,24517,Y,Y,0,0,0,0,1,1,1,2,0,0,111,109,Y,N,Y,N,0,0,0,1,0,0,N,N,N,N,Y,Y,Y,Y,Y,Y,Y,Y,Y,Y,Y,Y,N,,,,,0,0,,POINT (-78.666382 37.510861),POINT (-79.288407 37.123287)
-79.240914,37.355153,05/24/20,495381,SUMMIT HEALTH & REHABILITATION CENTER,1300 ENTERPRISE DRIVE,LYNCHBURG,VA,24502,Y,Y,0,0,0,0,0,0,0,0,0,0,120,71,Y,Y,Y,N,0,0,0,0,0,0,N,N,N,N,Y,N,Y,N,Y,N,Y,N,Y,N,Y,N,N,,,,,0,0,,POINT (-78.666382 37.510861),POINT (-79.240914 37.355153)
-79.240914,37.355153,05/31/20,495381,SUMMIT HEALTH & REHABILITATION CENTER,1300 ENTERPRISE DRIVE,LYNCHBURG,VA,24502,Y,Y,0,0,0,0,0,0,0,0,0,0,120,79,Y,Y,Y,N,0,0,0,0,0,0,N,N,N,N,Y,N,Y,N,Y,N,Y,N,Y,N,Y,N,N,,,,,0,0,,POINT (-78.666382 37.510861),POINT (-79.240914 37.355153)
-79.240914,37.355153,06/14/20,495381,SUMMIT HEALTH & REHABILITATION CENTER,1300 ENTERPRISE DRIVE,LYNCHBURG,VA,24502,Y,Y,0,0,0,0,0,0,1,2,0,0,120,76,Y,Y,Y,N,0,0,0,0,0,0,N,N,N,N,Y,N,Y,N,Y,N,Y,N,Y,N,Y,N,N,,,,,0,0,,POINT (-78.666382 37.510861),POINT (-79.240914 37.355153)
-79.240914,37.355153,06/07/20,495381,SUMMIT HEALTH & REHABILITATION CENTER,1300 ENTERPRISE DRIVE,LYNCHBURG,VA,24502,Y,Y,0,0,0,0,0,0,1,1,0,0,120,75,Y,Y,Y,N,0,0,0,0,0,0,N,N,N,N,Y,N,Y,N,Y,N,Y,N,Y,N,Y,N,N,,,,,0,0,,POINT (-78.666382 37.510861),POINT (-79.240914 37.355153)
-79.189992,37.450395,05/24/20,495120,WESTMINSTER-CANTERBURY OF LYNCHBURG INC,501 VES RD,LYNCHBURG,VA,24503,Y,Y,0,0,0,0,0,0,12,12,0,0,105,100,Y,N,Y,N,0,0,2,2,0,0,N,N,N,N,Y,Y,Y,Y,Y,Y,Y,Y,Y,Y,Y,Y,N,,,,,0,0,,POINT (-78.666382 37.510861),POINT (-79.189992 37.450395)
-79.189992,37.450395,06/14/20,495120,WESTMINSTER-CANTERBURY OF LYNCHBURG INC,501 VES RD,LYNCHBURG,VA,24503,Y,Y,0,0,0,0,0,0,0,12,0,0,105,103,Y,N,Y,N,0,0,0,9,0,0,N,N,N,N,Y,Y,Y,Y,Y,Y,Y,Y,Y,Y,Y,Y,N,,,,,0,0,,POINT (-78.666382 37.510861),POINT (-79.189992 37.450395)
-79.189992,37.450395,05/31/20,495120,WESTMINSTER-CANTERBURY OF LYNCHBURG INC,501 VES RD,LYNCHBURG,VA,24503,Y,Y,0,0,0,0,0,0,0,12,0,0,105,102,Y,N,Y,N,0,0,4,6,0,0,N,N,N,N,Y,Y,Y,Y,Y,Y,Y,Y,Y,Y,Y,Y,N,,,,,0,0,,POINT (-78.666382 37.510861),POINT (-79.189992 37.450395)
-79.189992,37.450395,06/07/20,495120,WESTMINSTER-CANTERBURY OF LYNCHBURG INC,501 VES RD,LYNCHBURG,VA,24503,Y,Y,0,0,0,0,0,0,0,12,0,0,105,103,Y,N,Y,N,0,0,3,9,0,0,N,N,N,N,Y,Y,Y,Y,Y,Y,Y,Y,Y,Y,Y,Y,N,,,,,0,0,,POINT (-78.666382 37.510861),POINT (-79.189992 37.450395)
-79.18859,37.439227,06/14/20,495112,VIRGINIA BAPTIST HOSPITAL DIVISION / GUGGENHEIMER,3300 RIVERMONT AVE,LYNCHBURG,VA,24503,Y,Y,0,3,0,1,0,0,0,0,0,0,130,76,Y,Y,Y,N,0,0,0,0,0,0,N,N,N,N,Y,N,Y,N,Y,N,Y,N,Y,N,Y,N,N,,,,,13.2,0,0,POINT (-78.666382 37.510861),POINT (-79.18859 37.439227)
-79.18859,37.439227,05/24/20,495112,VIRGINIA BAPTIST HOSPITAL DIVISION / GUGGENHEIMER,3300 RIVERMONT AVE,LYNCHBURG,VA,24503,Y,Y,3,3,0,0,0,0,0,0,0,0,130,66,Y,Y,Y,N,0,0,0,0,0,0,N,N,N,N,Y,N,Y,N,Y,N,Y,N,Y,N,Y,N,N,,,,,0,0,,POINT (-78.666382 37.510861),POINT (-79.18859 37.439227)
-79.18859,37.439227,06/07/20,495112,VIRGINIA BAPTIST HOSPITAL DIVISION / GUGGENHEIMER,3300 RIVERMONT AVE,LYNCHBURG,VA,24503,Y,Y,0,3,0,1,0,0,0,0,0,0,130,69,Y,Y,Y,N,0,0,0,0,0,0,N,N,N,N,Y,N,Y,N,Y,N,Y,N,Y,N,Y,N,N,,,,,14.5,0,0,POINT (-78.666382 37.510861),POINT (-79.18859 37.439227)
-79.18859,37.439227,05/31/20,495112,VIRGINIA BAPTIST HOSPITAL DIVISION / GUGGENHEIMER,3300 RIVERMONT AVE,LYNCHBURG,VA,24503,Y,Y,0,3,1,1,0,0,0,0,0,0,130,68,Y,Y,Y,N,0,0,0,0,0,0,N,N,N,N,Y,N,Y,N,Y,N,Y,N,Y,N,Y,N,N,,,,,14.7,0,0,POINT (-78.666382 37.510861),POINT (-79.18859 37.439227)
-79.182835,37.413582,06/07/20,495151,ACCORDIUS HEALTH AT LYNCHBURG LLC,2081 LANGHORNE ROAD,LYNCHBURG,VA,24501,Y,Y,0,0,0,0,0,0,0,1,0,0,120,79,Y,Y,Y,Y,8,8,0,0,0,0,N,N,N,N,Y,Y,Y,Y,Y,Y,Y,Y,Y,Y,Y,Y,N,,,,,0,0,,POINT (-78.666382 37.510861),POINT (-79.182835 37.413582)
-79.182835,37.413582,05/31/20,495151,ACCORDIUS HEALTH AT LYNCHBURG LLC,2081 LANGHORNE ROAD,LYNCHBURG,VA,24501,Y,Y,0,0,0,0,0,0,0,1,0,0,120,90,Y,Y,Y,Y,0,0,0,0,0,0,N,N,N,N,Y,Y,Y,Y,Y,Y,Y,Y,Y,Y,Y,Y,N,,,,,0,0,,POINT (-78.666382 37.510861),POINT (-79.182835 37.413582)
-79.182835,37.413582,05/24/20,495151,ACCORDIUS HEALTH AT LYNCHBURG LLC,2081 LANGHORNE ROAD,LYNCHBURG,VA,24501,Y,Y,0,0,0,0,0,0,1,1,0,0,120,90,Y,Y,Y,Y,0,0,0,0,0,0,N,N,N,N,Y,Y,Y,Y,Y,Y,Y,Y,Y,Y,Y,Y,N,,,,,0,0,,POINT (-78.666382 37.510861),POINT (-79.182835 37.413582)
-79.182835,37.413582,06/14/20,495151,ACCORDIUS HEALTH AT LYNCHBURG LLC,2081 LANGHORNE ROAD,LYNCHBURG,VA,24501,Y,Y,0,0,0,0,0,0,0,1,0,0,120,91,Y,Y,Y,Y,0,8,0,0,0,0,N,N,N,N,Y,Y,Y,Y,Y,Y,Y,Y,Y,Y,Y,Y,N,,,,,0,0,,POINT (-78.666382 37.510861),POINT (-79.182835 37.413582)
-79.180733,37.368503,06/07/20,495105,LYNCHBURG HLTH & REHAB CNTR,5615 SEMINOLE AVENUE,LYNCHBURG,VA,24502,Y,Y,0,0,0,1,6,13,0,5,0,0,180,140,Y,Y,Y,Y,0,0,29,30,0,0,N,N,N,N,Y,Y,Y,Y,Y,Y,Y,Y,Y,Y,Y,Y,N,,,,,7.1,0,0,POINT (-78.666382 37.510861),POINT (-79.180733 37.368503)
-79.180733,37.368503,06/14/20,495105,LYNCHBURG HLTH & REHAB CNTR,5615 SEMINOLE AVENUE,LYNCHBURG,VA,24502,Y,Y,0,0,0,1,1,14,0,5,0,0,180,136,Y,Y,Y,Y,0,0,0,30,0,0,N,N,N,N,Y,Y,Y,Y,Y,Y,Y,Y,Y,Y,Y,Y,N,,,,,7.4,0,0,POINT (-78.666382 37.510861),POINT (-79.180733 37.368503)
-79.180733,37.368503,05/31/20,495105,LYNCHBURG HLTH & REHAB CNTR,5615 SEMINOLE AVENUE,LYNCHBURG,VA,24502,Y,Y,0,0,1,1,3,7,0,5,0,0,0,149,Y,Y,Y,Y,0,0,0,1,0,0,N,N,N,N,Y,Y,Y,Y,Y,Y,Y,Y,Y,Y,Y,Y,N,,,,,6.7,0,0,POINT (-78.666382 37.510861),POINT (-79.180733 37.368503)
-79.180733,37.368503,05/24/20,495105,LYNCHBURG HLTH & REHAB CNTR,5615 SEMINOLE AVENUE,LYNCHBURG,VA,24502,Y,Y,0,0,0,0,4,4,5,5,0,0,0,160,Y,Y,Y,Y,0,0,1,1,0,0,N,N,N,N,Y,Y,Y,Y,Y,Y,Y,Y,Y,Y,Y,Y,N,,,,,0,0,,POINT (-78.666382 37.510861),POINT (-79.180733 37.368503)
-79.176507,37.408776,05/31/20,495302,THE CARRINGTON,2406 ATHERHOLT ROAD,LYNCHBURG,VA,24501,Y,Y,0,0,0,0,4,11,0,0,0,0,97,60,N,N,N,N,0,0,0,0,0,0,N,N,N,N,Y,Y,Y,Y,Y,Y,Y,Y,Y,Y,Y,Y,N,,,,,0,0,,POINT (-78.666382 37.510861),POINT (-79.176507 37.408776)
-79.176507,37.408776,06/07/20,495302,THE CARRINGTON,2406 ATHERHOLT ROAD,LYNCHBURG,VA,24501,Y,Y,0,0,0,0,1,12,0,0,0,0,97,57,N,N,N,N,0,0,0,0,0,0,N,N,N,N,Y,Y,Y,Y,Y,Y,Y,Y,Y,Y,Y,Y,N,,,,,0,0,,POINT (-78.666382 37.510861),POINT (-79.176507 37.408776)
-79.176507,37.408776,06/14/20,495302,THE CARRINGTON,2406 ATHERHOLT ROAD,LYNCHBURG,VA,24501,Y,Y,0,0,0,0,2,14,0,0,0,0,97,57,N,N,N,N,0,0,0,0,0,0,N,N,N,N,Y,Y,Y,Y,Y,Y,Y,Y,Y,Y,Y,Y,N,,,,,0,0,,POINT (-78.666382 37.510861),POINT (-79.176507 37.408776)
-79.176507,37.408776,05/24/20,495302,THE CARRINGTON,2406 ATHERHOLT ROAD,LYNCHBURG,VA,24501,Y,Y,0,0,0,0,7,7,0,0,0,0,97,58,N,N,N,N,0,0,0,0,0,0,N,N,N,N,Y,Y,Y,Y,Y,Y,Y,Y,Y,Y,Y,Y,N,,,,,0,0,,POINT (-78.666382 37.510861),POINT (-79.176507 37.408776)
-79.176104,37.412352,06/14/20,495077,HEARTLAND HEALTH CARE CENTER - LYNCHBURG,2200 LANDOVER PLACE,LYNCHBURG,VA,24501,Y,Y,0,1,0,0,0,0,0,0,0,0,118,92,Y,Y,Y,N,0,0,0,0,0,0,N,N,N,N,Y,Y,Y,Y,Y,Y,Y,Y,Y,Y,Y,Y,N,,,,,0,0,,POINT (-78.666382 37.510861),POINT (-79.176104 37.412352)
-79.176104,37.412352,05/24/20,495077,HEARTLAND HEALTH CARE CENTER - LYNCHBURG,2200 LANDOVER PLACE,LYNCHBURG,VA,24501,Y,Y,1,1,0,0,0,0,0,0,0,0,118,91,Y,Y,Y,N,0,0,0,0,0,0,N,N,N,N,Y,Y,Y,Y,Y,Y,Y,Y,Y,Y,Y,Y,N,,,,,0,0,,POINT (-78.666382 37.510861),POINT (-79.176104 37.412352)
-79.176104,37.412352,05/31/20,495077,HEARTLAND HEALTH CARE CENTER - LYNCHBURG,2200 LANDOVER PLACE,LYNCHBURG,VA,24501,Y,Y,0,1,0,0,0,0,0,0,0,0,118,95,Y,Y,Y,N,0,0,0,0,0,0,N,N,N,N,Y,Y,Y,Y,Y,Y,Y,Y,Y,Y,Y,Y,N,,,,,0,0,,POINT (-78.666382 37.510861),POINT (-79.176104 37.412352)
-79.176104,37.412352,06/07/20,495077,HEARTLAND HEALTH CARE CENTER - LYNCHBURG,2200 LANDOVER PLACE,LYNCHBURG,VA,24501,Y,Y,0,1,0,0,0,0,0,0,0,0,118,92,Y,Y,Y,N,0,0,0,0,0,0,N,N,N,N,Y,Y,Y,Y,Y,Y,Y,Y,Y,Y,Y,Y,N,,,,,0,0,,POINT (-78.666382 37.510861),POINT (-79.176104 37.412352)
-79.175229,37.33636,05/31/20,495411,LIBERTY RIDGE HEALTH & REHAB,189 MONICA BLVD,LYNCHBURG,VA,24502,Y,Y,0,0,0,0,0,0,1,3,0,0,90,67,Y,N,Y,N,0,0,0,0,0,0,N,N,N,N,Y,Y,Y,Y,Y,Y,Y,Y,Y,Y,Y,Y,N,,,,,0,0,,POINT (-78.666382 37.510861),POINT (-79.175229 37.33636)
-79.175229,37.33636,06/07/20,495411,LIBERTY RIDGE HEALTH & REHAB,189 MONICA BLVD,LYNCHBURG,VA,24502,Y,Y,0,0,0,0,0,0,0,3,0,0,90,72,Y,N,Y,N,0,0,0,0,0,0,N,N,N,N,Y,Y,Y,Y,Y,Y,Y,Y,Y,Y,Y,Y,N,,,,,0,0,,POINT (-78.666382 37.510861),POINT (-79.175229 37.33636)
-79.175229,37.33636,06/14/20,495411,LIBERTY RIDGE HEALTH & REHAB,189 MONICA BLVD,LYNCHBURG,VA,24502,Y,Y,0,0,0,0,0,0,0,3,0,0,90,74,Y,N,Y,N,0,0,0,0,0,0,N,N,N,N,Y,Y,Y,Y,Y,Y,Y,Y,Y,Y,Y,Y,N,,,,,0,0,,POINT (-78.666382 37.510861),POINT (-79.175229 37.33636)
-79.175229,37.33636,05/24/20,495411,LIBERTY RIDGE HEALTH & REHAB,189 MONICA BLVD,LYNCHBURG,VA,24502,Y,Y,0,0,0,0,0,0,2,2,0,0,90,70,Y,N,Y,N,0,0,0,0,0,0,N,N,N,N,Y,Y,Y,Y,Y,Y,Y,Y,Y,Y,Y,Y,N,,,,,0,0,,POINT (-78.666382 37.510861),POINT (-79.175229 37.33636)
-79.067509,38.16214,06/07/20,495344,KINGS DAUGHTERS COMMUNITY HEALTH & REHAB,1410 NORTH AUGUSTA STREET,STAUNTON,VA,24401,Y,Y,0,0,0,0,0,0,0,0,0,0,117,109,Y,N,Y,N,0,0,0,0,0,0,N,N,N,N,Y,Y,Y,Y,Y,N,Y,Y,Y,Y,Y,Y,N,,,,,0,0,,POINT (-78.666382 37.510861),POINT (-79.067509 38.16214)
-79.067509,38.16214,05/31/20,495344,KINGS DAUGHTERS COMMUNITY HEALTH & REHAB,1410 NORTH AUGUSTA STREET,STAUNTON,VA,24401,Y,Y,0,0,0,0,0,0,0,0,0,0,117,107,Y,N,Y,N,0,0,0,0,0,0,N,N,N,N,Y,Y,Y,Y,Y,Y,Y,Y,Y,Y,Y,Y,N,,,,,0,0,,POINT (-78.666382 37.510861),POINT (-79.067509 38.16214)
-79.067509,38.16214,05/24/20,495344,KINGS DAUGHTERS COMMUNITY HEALTH & REHAB,1410 NORTH AUGUSTA STREET,STAUNTON,VA,24401,Y,Y,0,0,0,0,0,0,0,0,0,0,117,107,Y,N,Y,N,0,0,0,0,0,0,N,N,N,N,Y,Y,Y,Y,Y,Y,Y,Y,Y,Y,Y,Y,N,,,,,0,0,,POINT (-78.666382 37.510861),POINT (-79.067509 38.16214)
-79.067509,38.16214,06/14/20,495344,KINGS DAUGHTERS COMMUNITY HEALTH & REHAB,1410 NORTH AUGUSTA STREET,STAUNTON,VA,24401,Y,Y,0,0,0,0,0,0,0,0,0,0,117,103,Y,N,Y,N,0,0,0,0,0,0,N,N,N,N,Y,N,Y,Y,Y,Y,Y,Y,Y,Y,Y,Y,N,,,,,0,0,,POINT (-78.666382 37.510861),POINT (-79.067509 38.16214)
-79.060012,38.158048,05/24/20,495243,"ENVOY OF STAUNTON, LLC",512 HOUSTON STREET,STAUNTON,VA,24402,Y,Y,1,1,0,0,0,0,0,0,0,0,170,155,Y,N,Y,N,0,0,1,1,0,0,N,N,N,N,Y,N,Y,Y,Y,Y,Y,Y,Y,Y,Y,Y,N,,,,,0,0,,POINT (-78.666382 37.510861),POINT (-79.060012 38.158048)
-79.060012,38.158048,06/07/20,495243,"ENVOY OF STAUNTON, LLC",512 HOUSTON STREET,STAUNTON,VA,24402,Y,Y,0,1,0,0,0,0,0,1,0,0,170,152,Y,N,Y,N,0,0,0,1,0,0,N,N,N,N,Y,N,Y,Y,Y,Y,Y,Y,Y,Y,Y,Y,N,,,,,0,0,,POINT (-78.666382 37.510861),POINT (-79.060012 38.158048)
-79.060012,38.158048,06/14/20,495243,"ENVOY OF STAUNTON, LLC",512 HOUSTON STREET,STAUNTON,VA,24402,Y,Y,0,1,0,0,0,0,1,2,0,0,170,150,Y,N,Y,N,0,0,0,1,0,0,N,N,N,N,N,N,Y,Y,Y,Y,Y,N,Y,Y,Y,Y,N,,,,,0,0,,POINT (-78.666382 37.510861),POINT (-79.060012 38.158048)
-79.060012,38.158048,05/31/20,495243,"ENVOY OF STAUNTON, LLC",512 HOUSTON STREET,STAUNTON,VA,24402,Y,Y,0,1,0,0,0,0,1,1,0,0,170,156,Y,N,Y,N,0,0,0,1,0,0,N,N,N,N,Y,N,Y,Y,Y,Y,Y,Y,Y,Y,Y,Y,N,,,,,0,0,,POINT (-78.666382 37.510861),POINT (-79.060012 38.158048)
-79.036426,37.577992,05/24/20,495363,FAIRMONT CROSSING HEALTH AND REHABILITATION,173 BROCKMAN PARK DRIVE,AMHERST,VA,24521,Y,Y,0,0,0,0,0,0,1,1,0,0,120,102,Y,Y,Y,N,0,0,0,0,0,0,N,N,N,N,Y,N,Y,N,Y,N,Y,N,Y,N,Y,N,N,,,,,0,0,,POINT (-78.666382 37.510861),POINT (-79.036426 37.577992)
-79.036426,37.577992,05/31/20,495363,FAIRMONT CROSSING HEALTH AND REHABILITATION,173 BROCKMAN PARK DRIVE,AMHERST,VA,24521,Y,Y,0,0,0,0,0,0,0,1,0,0,120,108,Y,Y,Y,N,0,0,0,0,0,0,N,N,N,N,Y,N,Y,N,Y,N,Y,N,Y,N,Y,N,N,,,,,0,0,,POINT (-78.666382 37.510861),POINT (-79.036426 37.577992)
-79.036426,37.577992,06/07/20,495363,FAIRMONT CROSSING HEALTH AND REHABILITATION,173 BROCKMAN PARK DRIVE,AMHERST,VA,24521,Y,Y,0,0,0,0,0,0,0,1,0,0,120,102,Y,Y,Y,N,0,0,0,0,0,0,N,N,N,N,Y,Y,Y,Y,Y,Y,Y,Y,Y,Y,Y,Y,N,,,,,0,0,,POINT (-78.666382 37.510861),POINT (-79.036426 37.577992)
-79.036426,37.577992,06/14/20,495363,FAIRMONT CROSSING HEALTH AND REHABILITATION,173 BROCKMAN PARK DRIVE,AMHERST,VA,24521,Y,Y,0,0,0,0,0,0,0,1,0,0,120,102,Y,Y,Y,N,0,0,0,0,0,0,N,N,N,N,Y,N,Y,N,Y,N,Y,N,Y,N,Y,N,N,,,,,0,0,,POINT (-78.666382 37.510861),POINT (-79.036426 37.577992)
-78.993407,38.092279,05/31/20,495336,AUGUSTA NURSING & REHAB CENTER,83 CROSSROADS LANE,FISHERSVILLE,VA,22939,Y,Y,0,0,0,0,0,0,1,23,0,0,112,95,Y,Y,Y,N,0,0,0,0,0,0,N,N,N,N,Y,Y,Y,Y,Y,Y,Y,Y,Y,Y,Y,N,N,,,,,0,0,,POINT (-78.666382 37.510861),POINT (-78.993407 38.092279)
-78.993407,38.092279,06/07/20,495336,AUGUSTA NURSING & REHAB CENTER,83 CROSSROADS LANE,FISHERSVILLE,VA,22939,Y,Y,0,0,0,0,0,0,0,23,0,0,112,97,Y,Y,Y,N,0,0,0,0,0,0,N,N,N,N,Y,Y,Y,Y,Y,Y,Y,Y,Y,Y,Y,N,N,,,,,0,0,,POINT (-78.666382 37.510861),POINT (-78.993407 38.092279)
-78.993407,38.092279,05/24/20,495336,AUGUSTA NURSING & REHAB CENTER,83 CROSSROADS LANE,FISHERSVILLE,VA,22939,Y,Y,0,0,0,0,0,0,22,22,0,0,112,103,Y,Y,Y,N,0,0,0,0,0,0,N,N,N,N,Y,Y,Y,Y,Y,Y,Y,Y,Y,Y,Y,Y,N,,,,,0,0,,POINT (-78.666382 37.510861),POINT (-78.993407 38.092279)
-78.993407,38.092279,06/14/20,495336,AUGUSTA NURSING & REHAB CENTER,83 CROSSROADS LANE,FISHERSVILLE,VA,22939,Y,Y,0,0,0,0,0,0,2,25,0,0,112,93,Y,Y,Y,N,0,0,0,0,0,0,N,N,N,N,Y,Y,Y,Y,Y,Y,Y,Y,Y,Y,Y,Y,N,,,,,0,0,,POINT (-78.666382 37.510861),POINT (-78.993407 38.092279)
-78.988461,38.092332,06/07/20,495214,AUGUSTA MEDICAL CTR SKILLED CA,78 MEDICAL CENTER DRIVE,FISHERSVILLE,VA,22939,N,,,,,,,,,,,,,,,,,,,,,,,,,,,,,,,,,,,,,,,,,,,,,,,,POINT (-78.666382 37.510861),POINT (-78.988461 38.092332)
-78.988461,38.092332,05/31/20,495214,AUGUSTA MEDICAL CTR SKILLED CA,78 MEDICAL CENTER DRIVE,FISHERSVILLE,VA,22939,N,,,,,,,,,,,,,,,,,,,,,,,,,,,,,,,,,,,,,,,,,,,,,,,,POINT (-78.666382 37.510861),POINT (-78.988461 38.092332)
-78.988461,38.092332,06/14/20,495214,AUGUSTA MEDICAL CTR SKILLED CA,78 MEDICAL CENTER DRIVE,FISHERSVILLE,VA,22939,N,,,,,,,,,,,,,,,,,,,,,,,,,,,,,,,,,,,,,,,,,,,,,,,,POINT (-78.666382 37.510861),POINT (-78.988461 38.092332)
-78.988461,38.092332,05/24/20,495214,AUGUSTA MEDICAL CTR SKILLED CA,78 MEDICAL CENTER DRIVE,FISHERSVILLE,VA,22939,N,,,,,,,,,,,,,,,,,,,,,,,,,,,,,,,,,,,,,,,,,,,,,,,,POINT (-78.666382 37.510861),POINT (-78.988461 38.092332)
-78.970625,38.382943,06/07/20,495370,"BRIDGEWATER HOME , INC.",302 NORTH SECOND STREET,BRIDGEWATER,VA,22812,Y,Y,0,0,0,0,2,11,0,26,0,0,127,120,Y,N,Y,N,1,4,9,28,0,0,Y,Y,Y,Y,Y,Y,Y,Y,Y,Y,Y,Y,Y,Y,Y,Y,N,,,,,0,0,,POINT (-78.666382 37.510861),POINT (-78.970625 38.382943)
-78.970625,38.382943,05/31/20,495370,"BRIDGEWATER HOME , INC.",302 NORTH SECOND STREET,BRIDGEWATER,VA,22812,Y,Y,0,0,0,0,1,9,0,26,0,0,127,114,Y,N,Y,N,1,3,5,19,0,0,N,N,N,N,Y,Y,Y,Y,Y,Y,Y,Y,Y,Y,Y,Y,N,,,,,0,0,,POINT (-78.666382 37.510861),POINT (-78.970625 38.382943)
-78.970625,38.382943,06/14/20,495370,"BRIDGEWATER HOME , INC.",302 NORTH SECOND STREET,BRIDGEWATER,VA,22812,Y,Y,2,2,0,0,0,11,1,27,0,0,127,117,Y,N,Y,N,0,4,0,28,0,0,N,N,N,N,Y,Y,Y,Y,Y,Y,Y,Y,Y,Y,Y,Y,N,,,,,0,0,,POINT (-78.666382 37.510861),POINT (-78.970625 38.382943)
-78.970625,38.382943,05/24/20,495370,"BRIDGEWATER HOME , INC.",302 NORTH SECOND STREET,BRIDGEWATER,VA,22812,Y,Y,0,0,0,0,8,8,26,26,0,0,127,117,Y,N,Y,N,2,2,14,14,0,0,N,N,N,N,Y,Y,Y,Y,Y,Y,Y,Y,Y,Y,Y,Y,N,,,,,0,0,,POINT (-78.666382 37.510861),POINT (-78.970625 38.382943)
-78.968835,38.102778,05/24/20,495262,SHENANDOAH NURSING HOME,339 WESTMINISTER DRIVE,FISHERSVILLE,VA,22939,Y,Y,0,0,0,0,2,2,3,3,0,0,60,74,Y,Y,Y,N,0,0,1,1,0,0,N,N,N,N,Y,Y,Y,Y,Y,Y,Y,Y,Y,Y,Y,Y,N,,,,,0,0,,POINT (-78.666382 37.510861),POINT (-78.968835 38.102778)
-78.968835,38.102778,06/14/20,495262,SHENANDOAH NURSING HOME,339 WESTMINISTER DRIVE,FISHERSVILLE,VA,22939,Y,Y,0,0,0,0,1,6,1,4,0,0,60,74,Y,Y,Y,N,0,0,1,4,0,0,N,N,N,N,Y,Y,Y,Y,Y,Y,Y,Y,Y,Y,Y,Y,N,,,,,0,0,,POINT (-78.666382 37.510861),POINT (-78.968835 38.102778)
-78.968835,38.102778,06/07/20,495262,SHENANDOAH NURSING HOME,339 WESTMINISTER DRIVE,FISHERSVILLE,VA,22939,Y,Y,0,0,0,0,1,5,0,3,0,0,60,74,Y,Y,Y,N,0,0,2,3,0,0,N,N,N,N,Y,Y,Y,Y,Y,Y,Y,Y,Y,Y,Y,Y,N,,,,,0,0,,POINT (-78.666382 37.510861),POINT (-78.968835 38.102778)
-78.968835,38.102778,05/31/20,495262,SHENANDOAH NURSING HOME,339 WESTMINISTER DRIVE,FISHERSVILLE,VA,22939,Y,Y,0,0,0,0,2,4,0,3,0,0,60,73,Y,Y,Y,N,0,0,0,1,0,0,N,N,N,N,Y,Y,Y,Y,Y,Y,Y,Y,Y,Y,Y,Y,N,,,,,0,0,,POINT (-78.666382 37.510861),POINT (-78.968835 38.102778)
-78.931296,37.042585,05/24/20,495242,HERITAGE HALL - BROOKNEAL,633 COOK AVENUE,BROOKNEAL,VA,24528,Y,Y,0,0,0,0,0,0,3,3,0,0,60,56,N,N,N,N,0,0,0,0,0,0,N,N,N,N,Y,Y,Y,Y,Y,Y,Y,Y,Y,Y,Y,Y,N,,,,,0,0,,POINT (-78.666382 37.510861),POINT (-78.931296 37.042585)
-78.931296,37.042585,05/31/20,495242,HERITAGE HALL - BROOKNEAL,633 COOK AVENUE,BROOKNEAL,VA,24528,Y,Y,0,0,0,0,0,0,0,3,0,0,60,55,N,N,N,N,0,0,0,0,0,0,N,N,N,N,Y,Y,Y,Y,Y,Y,Y,Y,Y,Y,Y,Y,N,,,,,0,0,,POINT (-78.666382 37.510861),POINT (-78.931296 37.042585)
-78.931296,37.042585,06/07/20,495242,HERITAGE HALL - BROOKNEAL,633 COOK AVENUE,BROOKNEAL,VA,24528,Y,Y,0,0,0,0,0,0,0,3,0,0,60,54,N,N,N,N,0,0,0,0,0,0,N,N,N,N,Y,Y,Y,Y,Y,Y,Y,Y,Y,Y,Y,Y,N,,,,,0,0,,POINT (-78.666382 37.510861),POINT (-78.931296 37.042585)
-78.931296,37.042585,06/14/20,495242,HERITAGE HALL - BROOKNEAL,633 COOK AVENUE,BROOKNEAL,VA,24528,Y,Y,0,0,0,0,0,0,1,4,0,0,60,56,N,N,N,N,0,0,0,0,0,0,N,N,N,N,Y,Y,Y,Y,Y,Y,Y,Y,Y,Y,Y,Y,N,,,,,0,0,,POINT (-78.666382 37.510861),POINT (-78.931296 37.042585)
-78.92643,38.067206,05/31/20,495147,ACCORDIUS HEALTH AT WAYNESBORO LLC,1221 ROSSER AVE,WAYNESBORO,VA,22980,Y,Y,0,0,0,0,0,0,0,0,0,0,109,81,Y,Y,Y,Y,0,0,0,0,0,0,N,N,N,N,Y,Y,Y,Y,Y,Y,Y,Y,Y,Y,Y,Y,N,,,,,0,0,,POINT (-78.666382 37.510861),POINT (-78.92643 38.067206)
-78.92643,38.067206,06/07/20,495147,ACCORDIUS HEALTH AT WAYNESBORO LLC,1221 ROSSER AVE,WAYNESBORO,VA,22980,Y,Y,0,0,0,0,0,0,0,0,0,0,109,83,Y,Y,Y,Y,0,0,0,0,0,0,N,N,N,N,Y,Y,Y,Y,Y,Y,Y,Y,Y,Y,Y,Y,N,,,,,0,0,,POINT (-78.666382 37.510861),POINT (-78.92643 38.067206)
-78.92643,38.067206,06/14/20,495147,ACCORDIUS HEALTH AT WAYNESBORO LLC,1221 ROSSER AVE,WAYNESBORO,VA,22980,Y,Y,0,0,0,0,0,0,0,0,0,0,109,84,Y,Y,Y,Y,0,0,0,0,0,0,N,N,N,N,Y,Y,Y,Y,Y,Y,Y,Y,Y,Y,Y,Y,N,,,,,0,0,,POINT (-78.666382 37.510861),POINT (-78.92643 38.067206)
-78.92643,38.067206,05/24/20,495147,ACCORDIUS HEALTH AT WAYNESBORO LLC,1221 ROSSER AVE,WAYNESBORO,VA,22980,Y,Y,0,0,0,0,0,0,0,0,0,0,109,81,Y,Y,Y,N,0,0,0,0,0,0,N,N,N,N,Y,Y,Y,Y,Y,Y,Y,Y,Y,Y,Y,Y,N,,,,,0,0,,POINT (-78.666382 37.510861),POINT (-78.92643 38.067206)
-78.922346,36.735058,05/24/20,495372,SENTARA WOODVIEW,103 ROSEHILL DRIVE,SOUTH BOSTON,VA,24592,Y,Y,0,0,1,1,0,0,3,3,0,0,216,200,Y,N,Y,N,0,0,0,0,0,0,N,N,Y,N,Y,Y,Y,Y,Y,Y,Y,Y,Y,Y,Y,Y,N,,,,,5,0,0,POINT (-78.666382 37.510861),POINT (-78.922346 36.735058)
-78.922346,36.735058,05/31/20,495372,SENTARA WOODVIEW,103 ROSEHILL DRIVE,SOUTH BOSTON,VA,24592,Y,Y,0,0,0,1,0,0,1,4,0,0,216,199,Y,N,Y,N,0,0,0,0,0,0,N,N,Y,N,Y,Y,Y,Y,Y,Y,Y,Y,Y,Y,Y,Y,N,,,,,5,0,0,POINT (-78.666382 37.510861),POINT (-78.922346 36.735058)
-78.922346,36.735058,06/14/20,495372,SENTARA WOODVIEW,103 ROSEHILL DRIVE,SOUTH BOSTON,VA,24592,Y,Y,0,0,0,1,0,0,0,5,0,0,216,202,Y,N,Y,N,0,0,0,0,0,0,N,N,Y,N,Y,Y,Y,Y,Y,Y,Y,Y,Y,Y,Y,Y,N,,,,,5,0,0,POINT (-78.666382 37.510861),POINT (-78.922346 36.735058)
-78.922346,36.735058,06/07/20,495372,SENTARA WOODVIEW,103 ROSEHILL DRIVE,SOUTH BOSTON,VA,24592,Y,Y,0,0,0,1,0,0,1,5,0,0,216,199,Y,N,Y,N,0,0,0,0,0,0,N,N,Y,N,Y,Y,Y,Y,Y,Y,Y,Y,Y,Y,Y,Y,N,,,,,5,0,0,POINT (-78.666382 37.510861),POINT (-78.922346 36.735058)
-78.919834,36.698626,05/24/20,495318,BERRY HILL NURSING HOME,621 BERRY HILL ROAD,SOUTH BOSTON,VA,24592,Y,Y,0,0,0,0,0,0,2,2,0,0,120,75,Y,N,Y,N,0,0,0,0,0,0,N,N,N,N,Y,Y,Y,Y,Y,Y,Y,Y,Y,Y,Y,Y,N,,,,,0,0,,POINT (-78.666382 37.510861),POINT (-78.919834 36.698626)
-78.919834,36.698626,05/31/20,495318,BERRY HILL NURSING HOME,621 BERRY HILL ROAD,SOUTH BOSTON,VA,24592,Y,Y,0,0,0,0,0,0,0,2,0,0,120,73,Y,N,Y,N,0,0,0,0,0,0,N,N,N,N,Y,Y,Y,Y,Y,Y,Y,Y,Y,Y,Y,Y,N,,,,,0,0,,POINT (-78.666382 37.510861),POINT (-78.919834 36.698626)
-78.919834,36.698626,06/07/20,495318,BERRY HILL NURSING HOME,621 BERRY HILL ROAD,SOUTH BOSTON,VA,24592,Y,Y,0,0,0,0,0,0,0,2,0,0,120,71,Y,N,Y,N,0,0,0,0,0,0,N,N,N,N,Y,Y,Y,Y,Y,Y,Y,Y,Y,Y,Y,Y,N,,,,,0,0,,POINT (-78.666382 37.510861),POINT (-78.919834 36.698626)
-78.919834,36.698626,06/14/20,495318,BERRY HILL NURSING HOME,621 BERRY HILL ROAD,SOUTH BOSTON,VA,24592,Y,Y,0,0,0,0,0,0,0,2,0,0,120,75,Y,N,Y,N,0,0,0,0,0,0,N,N,N,N,Y,Y,Y,Y,Y,Y,Y,Y,Y,Y,Y,Y,N,,,,,0,0,,POINT (-78.666382 37.510861),POINT (-78.919834 36.698626)
-78.900903,38.066834,05/24/20,495405,SUMMIT SQUARE,501 OAK AVENUE,WAYNESBORO,VA,22980,Y,Y,0,0,0,0,0,0,0,0,0,0,18,15,Y,N,Y,N,0,0,1,1,0,0,N,N,N,N,Y,Y,Y,Y,Y,Y,Y,Y,Y,Y,Y,Y,N,,,,,0,0,,POINT (-78.666382 37.510861),POINT (-78.900903 38.066834)
-78.900903,38.066834,06/14/20,495405,SUMMIT SQUARE,501 OAK AVENUE,WAYNESBORO,VA,22980,Y,Y,0,0,0,0,0,0,0,0,0,0,18,15,Y,N,Y,N,0,0,0,2,0,0,N,N,N,N,Y,Y,Y,Y,Y,Y,Y,Y,Y,Y,Y,Y,N,,,,,0,0,,POINT (-78.666382 37.510861),POINT (-78.900903 38.066834)
-78.900903,38.066834,06/07/20,495405,SUMMIT SQUARE,501 OAK AVENUE,WAYNESBORO,VA,22980,Y,Y,0,0,0,0,0,0,0,0,0,0,18,16,Y,N,Y,N,0,0,0,2,0,0,N,N,N,N,Y,Y,Y,Y,Y,Y,Y,Y,Y,Y,Y,Y,N,,,,,0,0,,POINT (-78.666382 37.510861),POINT (-78.900903 38.066834)
-78.900903,38.066834,05/31/20,495405,SUMMIT SQUARE,501 OAK AVENUE,WAYNESBORO,VA,22980,Y,Y,0,0,0,0,0,0,0,0,0,0,18,15,Y,N,Y,N,0,0,1,2,0,0,N,N,N,N,Y,Y,Y,Y,Y,Y,Y,Y,Y,Y,Y,Y,N,,,,,0,0,,POINT (-78.666382 37.510861),POINT (-78.900903 38.066834)
-78.885653,38.435147,05/31/20,495146,ACCORDIUS HEALTH AT HARRISONBURG LLC,94 SOUTH AVENUE,HARRISONBURG,VA,22801,Y,Y,1,4,0,0,0,0,0,0,0,0,117,69,Y,Y,Y,N,0,0,0,0,1,1,Y,N,Y,N,Y,Y,Y,Y,Y,Y,Y,Y,Y,Y,Y,Y,N,,,,,0,0,,POINT (-78.666382 37.510861),POINT (-78.885653 38.435147)
-78.885653,38.435147,05/24/20,495146,ACCORDIUS HEALTH AT HARRISONBURG LLC,94 SOUTH AVENUE,HARRISONBURG,VA,22801,Y,Y,3,3,0,0,0,0,0,0,0,0,117,73,Y,N,Y,Y,0,0,0,0,0,0,Y,N,Y,Y,Y,Y,Y,Y,Y,Y,Y,N,Y,Y,Y,Y,N,,,,,0,0,,POINT (-78.666382 37.510861),POINT (-78.885653 38.435147)
-78.885653,38.435147,06/14/20,495146,ACCORDIUS HEALTH AT HARRISONBURG LLC,94 SOUTH AVENUE,HARRISONBURG,VA,22801,Y,Y,0,4,0,0,0,0,0,0,0,0,117,69,Y,Y,Y,Y,0,0,0,0,0,1,N,N,Y,N,Y,Y,Y,Y,Y,Y,Y,Y,Y,Y,Y,Y,N,,,,,0,0,,POINT (-78.666382 37.510861),POINT (-78.885653 38.435147)
-78.885653,38.435147,06/07/20,495146,ACCORDIUS HEALTH AT HARRISONBURG LLC,94 SOUTH AVENUE,HARRISONBURG,VA,22801,Y,Y,0,4,0,0,0,0,0,0,0,0,117,70,Y,Y,Y,Y,0,0,0,0,0,1,Y,Y,Y,Y,Y,Y,Y,Y,Y,Y,Y,Y,Y,Y,Y,Y,N,,,,,0,0,,POINT (-78.666382 37.510861),POINT (-78.885653 38.435147)
-78.87175,38.474512,06/14/20,495385,"VMRC, COMPLETE LIVING CARE",1475 VIRGINIA AVENUE,HARRISONBURG,VA,22802,N,,,,,,,,,,,,,,,,,,,,,,,,,,,,,,,,,,,,,,,,,,,,,,,,POINT (-78.666382 37.510861),POINT (-78.87175 38.474512)
-78.87175,38.474512,05/24/20,495385,"VMRC, COMPLETE LIVING CARE",1475 VIRGINIA AVENUE,HARRISONBURG,VA,22802,N,,,,,,,,,,,,,,,,,,,,,,,,,,,,,,,,,,,,,,,,,,,,,,,,POINT (-78.666382 37.510861),POINT (-78.87175 38.474512)
-78.87175,38.474512,05/31/20,495385,"VMRC, COMPLETE LIVING CARE",1475 VIRGINIA AVENUE,HARRISONBURG,VA,22802,N,,,,,,,,,,,,,,,,,,,,,,,,,,,,,,,,,,,,,,,,,,,,,,,,POINT (-78.666382 37.510861),POINT (-78.87175 38.474512)
-78.87175,38.474512,06/07/20,495385,"VMRC, COMPLETE LIVING CARE",1475 VIRGINIA AVENUE,HARRISONBURG,VA,22802,N,,,,,,,,,,,,,,,,,,,,,,,,,,,,,,,,,,,,,,,,,,,,,,,,POINT (-78.666382 37.510861),POINT (-78.87175 38.474512)
-78.855698,38.439195,05/31/20,495093,HARRISONBURG HLTH & REHAB CNTR,1225 RESERVOIR STREET,HARRISONBURG,VA,22801,Y,Y,0,0,2,2,0,1,0,0,0,0,0,168,Y,Y,Y,Y,0,1,0,0,0,0,N,N,N,N,Y,Y,Y,Y,Y,Y,Y,Y,Y,Y,Y,Y,N,,,,,11.9,0,0,POINT (-78.666382 37.510861),POINT (-78.855698 38.439195)
-78.855698,38.439195,05/24/20,495093,HARRISONBURG HLTH & REHAB CNTR,1225 RESERVOIR STREET,HARRISONBURG,VA,22801,Y,Y,0,0,0,0,1,1,0,0,0,0,0,165,Y,Y,Y,Y,1,1,0,0,0,0,N,N,N,N,Y,Y,Y,Y,Y,Y,Y,Y,Y,Y,Y,Y,N,,,,,0,0,,POINT (-78.666382 37.510861),POINT (-78.855698 38.439195)
-78.855698,38.439195,06/07/20,495093,HARRISONBURG HLTH & REHAB CNTR,1225 RESERVOIR STREET,HARRISONBURG,VA,22801,Y,Y,0,0,13,15,0,1,2,2,0,0,180,158,Y,Y,Y,Y,13,14,4,4,0,0,N,N,N,N,Y,Y,Y,Y,Y,Y,Y,Y,Y,Y,Y,Y,N,,,,,94.9,0,0,POINT (-78.666382 37.510861),POINT (-78.855698 38.439195)
-78.855698,38.439195,06/14/20,495093,HARRISONBURG HLTH & REHAB CNTR,1225 RESERVOIR STREET,HARRISONBURG,VA,22801,Y,Y,3,3,1,16,1,2,1,3,0,0,180,156,Y,Y,Y,Y,1,15,2,6,0,0,N,N,N,N,Y,Y,Y,Y,Y,Y,Y,Y,Y,Y,Y,Y,N,,,,,102.6,0,0,POINT (-78.666382 37.510861),POINT (-78.855698 38.439195)
-78.834582,38.397293,05/31/20,495387,SUNNYSIDE PRESBYTERIAN RETIREMENT COMMUNITY,"3935 SUNNYSIDE DRIVE, SUITE A",HARRISONBURG,VA,22801,Y,Y,0,0,0,0,0,0,2,4,0,0,84,71,Y,N,Y,N,0,0,0,0,0,0,Y,N,Y,N,Y,Y,Y,Y,Y,Y,Y,Y,Y,Y,Y,Y,N,,,,,0,0,,POINT (-78.666382 37.510861),POINT (-78.834582 38.397293)
-78.834582,38.397293,06/07/20,495387,SUNNYSIDE PRESBYTERIAN RETIREMENT COMMUNITY,"3935 SUNNYSIDE DRIVE, SUITE A",HARRISONBURG,VA,22801,Y,Y,0,0,4,4,0,0,0,4,0,0,84,69,Y,N,Y,N,3,3,0,0,0,0,N,N,Y,N,Y,Y,Y,Y,Y,Y,Y,Y,Y,Y,Y,Y,N,,,,,58,0,0,POINT (-78.666382 37.510861),POINT (-78.834582 38.397293)
-78.834582,38.397293,06/14/20,495387,SUNNYSIDE PRESBYTERIAN RETIREMENT COMMUNITY,"3935 SUNNYSIDE DRIVE, SUITE A",HARRISONBURG,VA,22801,Y,Y,2,2,1,5,0,0,1,5,1,1,84,68,Y,N,Y,N,4,7,0,0,0,0,N,N,Y,N,Y,Y,Y,Y,Y,Y,Y,Y,Y,Y,Y,Y,N,,,,,73.5,14.7,20,POINT (-78.666382 37.510861),POINT (-78.834582 38.397293)
-78.834582,38.397293,05/24/20,495387,SUNNYSIDE PRESBYTERIAN RETIREMENT COMMUNITY,"3935 SUNNYSIDE DRIVE, SUITE A",HARRISONBURG,VA,22801,Y,Y,0,0,0,0,0,0,2,2,0,0,84,70,Y,N,Y,N,0,0,0,0,0,0,N,N,Y,N,Y,Y,Y,Y,Y,Y,Y,Y,Y,Y,Y,N,N,,,,,0,0,,POINT (-78.666382 37.510861),POINT (-78.834582 38.397293)
-78.825507,37.346083,05/31/20,495188,APPOMATTOX HEALTH AND REHABILITATON CENTER,235 EVERGREEN AVE,APPOMATTOX,VA,24522,Y,Y,0,0,0,0,0,1,1,2,0,0,0,51,Y,Y,Y,Y,0,0,0,1,0,0,N,N,N,N,Y,Y,Y,Y,Y,Y,Y,Y,Y,Y,Y,Y,N,,,,,0,0,,POINT (-78.666382 37.510861),POINT (-78.825507 37.346083)
-78.825507,37.346083,05/24/20,495188,APPOMATTOX HEALTH AND REHABILITATON CENTER,235 EVERGREEN AVE,APPOMATTOX,VA,24522,Y,Y,0,0,0,0,1,1,1,1,0,0,0,52,Y,Y,Y,Y,0,0,1,1,0,0,N,N,N,N,Y,Y,Y,Y,Y,Y,Y,Y,Y,Y,Y,Y,N,,,,,0,0,,POINT (-78.666382 37.510861),POINT (-78.825507 37.346083)
-78.825507,37.346083,06/14/20,495188,APPOMATTOX HEALTH AND REHABILITATON CENTER,235 EVERGREEN AVE,APPOMATTOX,VA,24522,Y,Y,0,0,0,0,0,2,2,4,0,0,60,52,Y,Y,Y,Y,0,0,2,3,0,0,N,N,N,N,Y,Y,Y,Y,Y,Y,Y,Y,Y,Y,Y,Y,N,,,,,0,0,,POINT (-78.666382 37.510861),POINT (-78.825507 37.346083)
-78.825507,37.346083,06/07/20,495188,APPOMATTOX HEALTH AND REHABILITATON CENTER,235 EVERGREEN AVE,APPOMATTOX,VA,24522,Y,Y,0,0,0,0,1,2,0,2,0,0,60,52,Y,Y,Y,Y,0,0,0,1,0,0,N,N,N,N,Y,Y,Y,Y,Y,Y,Y,Y,Y,Y,Y,Y,N,,,,,0,0,,POINT (-78.666382 37.510861),POINT (-78.825507 37.346083)
-78.663088,38.648931,05/31/20,495139,LIFE CARE CENTER OF NEW MARKET,315 EAST LEE HIGHWAY,NEW MARKET,VA,22844,Y,Y,0,0,0,0,0,0,0,9,0,0,118,99,Y,Y,Y,N,0,0,0,0,0,0,N,N,N,N,Y,Y,Y,Y,Y,Y,Y,Y,Y,Y,Y,Y,N,,,,,0,0,,POINT (-78.666382 37.510861),POINT (-78.663088 38.648931)
-78.663088,38.648931,05/24/20,495139,LIFE CARE CENTER OF NEW MARKET,315 EAST LEE HIGHWAY,NEW MARKET,VA,22844,Y,Y,0,0,0,0,0,0,9,9,0,0,118,98,Y,Y,Y,N,0,0,0,0,0,0,N,N,N,N,Y,Y,Y,Y,Y,Y,Y,Y,Y,Y,Y,Y,N,,,,,0,0,,POINT (-78.666382 37.510861),POINT (-78.663088 38.648931)
-78.663088,38.648931,06/14/20,495139,LIFE CARE CENTER OF NEW MARKET,315 EAST LEE HIGHWAY,NEW MARKET,VA,22844,Y,Y,0,0,0,0,0,0,1,11,0,0,118,95,Y,Y,Y,N,0,0,0,0,0,0,N,N,N,N,Y,Y,Y,Y,Y,Y,Y,Y,Y,Y,Y,Y,N,,,,,0,0,,POINT (-78.666382 37.510861),POINT (-78.663088 38.648931)
-78.663088,38.648931,06/07/20,495139,LIFE CARE CENTER OF NEW MARKET,315 EAST LEE HIGHWAY,NEW MARKET,VA,22844,Y,Y,0,0,0,0,0,0,1,10,0,0,118,97,Y,Y,Y,N,0,0,0,0,0,0,N,N,N,N,Y,Y,Y,Y,Y,Y,Y,Y,Y,Y,Y,Y,N,,,,,0,0,,POINT (-78.666382 37.510861),POINT (-78.663088 38.648931)
-78.576466,36.62107,06/07/20,495379,SENTARA MEADOWVIEW TERRACE,184 BUFFALO ROAD,CLARKSVILLE,VA,23927,Y,Y,0,2,0,2,0,2,0,2,0,1,168,84,Y,N,Y,N,0,1,0,0,0,0,Y,Y,Y,N,Y,Y,Y,Y,Y,Y,Y,Y,Y,Y,Y,Y,N,,,,,23.8,11.9,50,POINT (-78.666382 37.510861),POINT (-78.576466 36.62107)
-78.576466,36.62107,05/31/20,495379,SENTARA MEADOWVIEW TERRACE,184 BUFFALO ROAD,CLARKSVILLE,VA,23927,Y,Y,0,2,1,2,0,2,0,2,0,1,168,83,Y,N,Y,N,1,1,0,0,0,0,Y,N,Y,N,Y,Y,Y,Y,Y,Y,Y,Y,Y,Y,Y,Y,N,,,,,24.1,12,50,POINT (-78.666382 37.510861),POINT (-78.576466 36.62107)
-78.576466,36.62107,06/14/20,495379,SENTARA MEADOWVIEW TERRACE,184 BUFFALO ROAD,CLARKSVILLE,VA,23927,Y,Y,0,2,0,2,0,2,0,2,0,1,168,83,Y,N,Y,N,0,1,0,0,0,0,Y,Y,Y,N,Y,Y,Y,Y,Y,Y,Y,Y,Y,Y,Y,Y,N,,,,,24.1,12,50,POINT (-78.666382 37.510861),POINT (-78.576466 36.62107)
-78.576466,36.62107,05/24/20,495379,SENTARA MEADOWVIEW TERRACE,184 BUFFALO ROAD,CLARKSVILLE,VA,23927,Y,Y,2,2,1,1,2,2,2,2,1,1,168,88,Y,N,Y,N,0,0,0,0,0,0,Y,N,Y,N,Y,Y,Y,Y,Y,Y,Y,Y,Y,Y,Y,Y,N,,,,,11.4,11.4,100,POINT (-78.666382 37.510861),POINT (-78.576466 36.62107)
-78.51551,38.06161,05/24/20,495254,COLONNADES HEALTH CARE CENTER,100 COLONNADES HILL DRIVE,CHARLOTTESVILLE,VA,22901,Y,Y,0,0,0,0,0,0,0,0,0,0,30,15,Y,Y,Y,N,0,0,0,0,0,0,N,N,N,N,Y,Y,Y,Y,Y,Y,Y,Y,Y,Y,Y,Y,N,,,,,0,0,,POINT (-78.666382 37.510861),POINT (-78.51551 38.06161)
-78.51551,38.06161,06/14/20,495254,COLONNADES HEALTH CARE CENTER,100 COLONNADES HILL DRIVE,CHARLOTTESVILLE,VA,22901,Y,Y,0,0,0,0,0,0,0,0,0,0,30,17,Y,Y,Y,N,0,0,0,0,0,0,N,N,N,N,Y,Y,Y,Y,Y,Y,Y,Y,Y,Y,Y,Y,N,,,,,0,0,,POINT (-78.666382 37.510861),POINT (-78.51551 38.06161)
-78.51551,38.06161,06/07/20,495254,COLONNADES HEALTH CARE CENTER,100 COLONNADES HILL DRIVE,CHARLOTTESVILLE,VA,22901,Y,Y,0,0,0,0,0,0,0,0,0,0,30,14,Y,Y,Y,N,0,0,0,0,0,0,N,N,N,N,Y,Y,Y,Y,Y,Y,Y,Y,Y,Y,Y,Y,N,,,,,0,0,,POINT (-78.666382 37.510861),POINT (-78.51551 38.06161)
-78.51551,38.06161,05/31/20,495254,COLONNADES HEALTH CARE CENTER,100 COLONNADES HILL DRIVE,CHARLOTTESVILLE,VA,22901,Y,Y,0,0,0,0,0,0,0,0,0,0,30,14,Y,Y,Y,N,0,0,0,0,0,0,N,N,N,N,Y,Y,Y,Y,Y,Y,Y,Y,Y,Y,Y,Y,N,,,,,0,0,,POINT (-78.666382 37.510861),POINT (-78.51551 38.06161)
-78.514827,38.870647,06/07/20,495315,CONSULATE HEALTH CARE OF WOODSTOCK,803 SOUTH MAIN ST,WOODSTOCK,VA,22664,Y,N,,,,,,,,,,,,,,,,,,,,,,,,,,,,,,,,,,,,,,,,,,,,,,,POINT (-78.666382 37.510861),POINT (-78.51482700000001 38.870647)
-78.514827,38.870647,05/31/20,495315,CONSULATE HEALTH CARE OF WOODSTOCK,803 SOUTH MAIN ST,WOODSTOCK,VA,22664,Y,N,,,,,,,,,,,,,,,,,,,,,,,,,,,,,,,,,,,,,,,,,,,,,,,POINT (-78.666382 37.510861),POINT (-78.51482700000001 38.870647)
-78.514827,38.870647,05/24/20,495315,CONSULATE HEALTH CARE OF WOODSTOCK,803 SOUTH MAIN ST,WOODSTOCK,VA,22664,Y,N,,,,,,,,,,,,,,,,,,,,,,,,,,,,,,,,,,,,,,,,,,,,,,,POINT (-78.666382 37.510861),POINT (-78.51482700000001 38.870647)
-78.514827,38.870647,06/14/20,495315,CONSULATE HEALTH CARE OF WOODSTOCK,803 SOUTH MAIN ST,WOODSTOCK,VA,22664,Y,N,,,,,,,,,,,,,,,,,,,,,,,,,,,,,,,,,,,,,,,,,,,,,,,POINT (-78.666382 37.510861),POINT (-78.51482700000001 38.870647)
-78.500726,38.056638,06/14/20,495153,CEDARS HEALTHCARE CENTER,1242 CEDARS CT,CHARLOTTESVILLE,VA,22903,Y,Y,0,0,0,0,0,0,0,0,0,0,141,135,Y,Y,Y,N,0,0,0,0,0,0,N,N,N,N,Y,Y,Y,Y,Y,Y,Y,Y,Y,Y,Y,Y,N,,,,,0,0,,POINT (-78.666382 37.510861),POINT (-78.500726 38.056638)
-78.500726,38.056638,05/24/20,495153,CEDARS HEALTHCARE CENTER,1242 CEDARS CT,CHARLOTTESVILLE,VA,22903,Y,Y,0,0,0,0,0,0,0,0,0,0,141,132,Y,Y,Y,N,0,0,0,0,0,0,N,N,N,N,Y,Y,Y,Y,Y,Y,Y,Y,Y,Y,Y,Y,N,,,,,0,0,,POINT (-78.666382 37.510861),POINT (-78.500726 38.056638)
-78.500726,38.056638,05/31/20,495153,CEDARS HEALTHCARE CENTER,1242 CEDARS CT,CHARLOTTESVILLE,VA,22903,Y,Y,0,0,0,0,0,0,0,0,0,0,141,134,Y,Y,Y,N,0,0,0,0,0,0,N,N,N,N,Y,Y,Y,Y,Y,Y,Y,Y,Y,Y,Y,Y,N,,,,,0,0,,POINT (-78.666382 37.510861),POINT (-78.500726 38.056638)
-78.500726,38.056638,06/07/20,495153,CEDARS HEALTHCARE CENTER,1242 CEDARS CT,CHARLOTTESVILLE,VA,22903,Y,Y,0,0,0,0,0,0,0,0,0,0,141,134,Y,Y,Y,N,0,0,0,0,0,0,N,N,N,N,Y,Y,Y,Y,Y,Y,Y,Y,Y,Y,Y,Y,N,,,,,0,0,,POINT (-78.666382 37.510861),POINT (-78.500726 38.056638)
-78.495105,37.996541,05/31/20,495420,ALBEMARLE HEALTH AND REHABILITATION CENTER,1540 FOUNDERS PLACE,CHARLOTTESVILLE,VA,22902,Y,Y,0,0,0,0,0,0,1,2,0,0,0,86,Y,Y,Y,Y,0,0,0,0,0,0,N,N,N,N,N,N,Y,Y,Y,Y,Y,Y,Y,Y,Y,Y,N,,,,,0,0,,POINT (-78.666382 37.510861),POINT (-78.495105 37.996541)
-78.495105,37.996541,06/07/20,495420,ALBEMARLE HEALTH AND REHABILITATION CENTER,1540 FOUNDERS PLACE,CHARLOTTESVILLE,VA,22902,Y,Y,0,0,0,0,0,0,1,3,0,0,120,86,Y,Y,Y,Y,0,0,0,0,0,0,N,N,N,N,N,N,Y,Y,Y,Y,Y,Y,Y,Y,Y,Y,N,,,,,0,0,,POINT (-78.666382 37.510861),POINT (-78.495105 37.996541)
-78.495105,37.996541,06/14/20,495420,ALBEMARLE HEALTH AND REHABILITATION CENTER,1540 FOUNDERS PLACE,CHARLOTTESVILLE,VA,22902,Y,Y,1,1,0,0,0,0,1,4,0,0,120,96,Y,Y,Y,Y,0,0,0,0,0,0,N,N,N,N,N,N,Y,Y,Y,Y,Y,Y,Y,Y,Y,Y,N,,,,,0,0,,POINT (-78.666382 37.510861),POINT (-78.495105 37.996541)
-78.495105,37.996541,05/24/20,495420,ALBEMARLE HEALTH AND REHABILITATION CENTER,1540 FOUNDERS PLACE,CHARLOTTESVILLE,VA,22902,Y,Y,0,0,0,0,0,0,1,1,0,0,0,92,Y,Y,Y,Y,0,0,0,0,0,0,N,N,N,N,N,N,Y,Y,Y,Y,Y,Y,Y,Y,Y,Y,N,,,,,0,0,,POINT (-78.666382 37.510861),POINT (-78.495105 37.996541)
-78.494662,38.06975,05/31/20,495326,MONROE HEALTH & REHAB CENTER,1150 NORTHWEST DRIVE,CHARLOTTESVILLE,VA,22901,Y,Y,0,0,0,0,0,1,0,0,0,0,180,142,Y,Y,N,N,0,0,0,5,0,0,N,N,N,N,Y,Y,Y,Y,Y,Y,Y,Y,Y,Y,Y,Y,,,,,,0,0,,POINT (-78.666382 37.510861),POINT (-78.494662 38.06975)
-78.494662,38.06975,06/07/20,495326,MONROE HEALTH & REHAB CENTER,1150 NORTHWEST DRIVE,CHARLOTTESVILLE,VA,22901,Y,Y,0,0,0,0,1,2,0,0,0,0,180,143,Y,Y,N,N,0,0,0,5,0,0,N,N,N,N,Y,Y,Y,Y,Y,Y,Y,Y,Y,Y,Y,Y,,,,,,0,0,,POINT (-78.666382 37.510861),POINT (-78.494662 38.06975)
-78.494662,38.06975,05/24/20,495326,MONROE HEALTH & REHAB CENTER,1150 NORTHWEST DRIVE,CHARLOTTESVILLE,VA,22901,Y,Y,0,0,0,0,1,1,0,0,0,0,180,142,Y,Y,N,N,0,0,5,5,0,0,N,N,N,N,Y,Y,Y,Y,Y,Y,Y,Y,Y,Y,Y,Y,,,,,,0,0,,POINT (-78.666382 37.510861),POINT (-78.494662 38.06975)
-78.494662,38.06975,06/14/20,495326,MONROE HEALTH & REHAB CENTER,1150 NORTHWEST DRIVE,CHARLOTTESVILLE,VA,22901,Y,Y,0,0,0,0,0,2,0,0,0,0,180,144,Y,Y,N,N,0,0,0,5,0,0,N,N,N,N,Y,Y,Y,Y,Y,Y,Y,Y,Y,Y,Y,Y,,,,,,0,0,,POINT (-78.666382 37.510861),POINT (-78.494662 38.06975)
-78.483923,38.086282,05/31/20,495178,CHARLOTTESVILLE HEALTH & REHABILITATION CENTER,505 WEST RIO ROAD,CHARLOTTESVILLE,VA,22901,Y,Y,0,1,0,0,0,0,0,1,0,0,0,90,Y,Y,Y,Y,0,0,0,0,0,0,N,N,N,N,Y,Y,Y,Y,Y,Y,Y,Y,Y,Y,Y,Y,N,,,,,0,0,,POINT (-78.666382 37.510861),POINT (-78.483923 38.086282)
-78.483923,38.086282,06/07/20,495178,CHARLOTTESVILLE HEALTH & REHABILITATION CENTER,505 WEST RIO ROAD,CHARLOTTESVILLE,VA,22901,Y,Y,0,1,0,0,0,0,0,1,0,0,105,95,Y,Y,Y,Y,0,0,0,0,0,0,N,N,N,N,Y,Y,Y,Y,Y,Y,Y,Y,Y,Y,Y,Y,N,,,,,0,0,,POINT (-78.666382 37.510861),POINT (-78.483923 38.086282)
-78.483923,38.086282,05/24/20,495178,CHARLOTTESVILLE HEALTH & REHABILITATION CENTER,505 WEST RIO ROAD,CHARLOTTESVILLE,VA,22901,Y,Y,1,1,0,0,0,0,1,1,0,0,0,92,Y,Y,Y,Y,0,0,0,0,0,0,N,N,N,N,Y,Y,Y,Y,Y,Y,Y,Y,Y,Y,Y,Y,N,,,,,0,0,,POINT (-78.666382 37.510861),POINT (-78.483923 38.086282)
-78.483923,38.086282,06/14/20,495178,CHARLOTTESVILLE HEALTH & REHABILITATION CENTER,505 WEST RIO ROAD,CHARLOTTESVILLE,VA,22901,Y,Y,0,1,0,0,0,0,1,2,0,0,105,94,Y,Y,Y,Y,0,0,0,0,0,0,N,N,N,N,Y,Y,Y,Y,Y,Y,Y,Y,Y,Y,Y,Y,N,,,,,0,0,,POINT (-78.666382 37.510861),POINT (-78.483923 38.086282)
-78.472154,38.662972,06/14/20,495255,SKYVIEW SPRINGS REHAB AND NURSING CENTER,30 MONTVUE DRIVE,LURAY,VA,22835,Y,Y,2,21,1,74,0,39,0,30,0,20,120,82,Y,Y,N,N,1,34,0,7,0,0,Y,N,Y,N,Y,Y,Y,Y,Y,Y,Y,Y,Y,Y,Y,Y,N,,,,,902.4,243.9,27,POINT (-78.666382 37.510861),POINT (-78.472154 38.662972)
-78.472154,38.662972,05/24/20,495255,SKYVIEW SPRINGS REHAB AND NURSING CENTER,30 MONTVUE DRIVE,LURAY,VA,22835,Y,Y,17,17,72,72,39,39,25,25,16,16,120,92,Y,Y,N,N,26,26,7,7,0,0,Y,N,Y,N,Y,Y,Y,Y,Y,Y,Y,Y,Y,Y,Y,Y,N,,,,,782.6,173.9,22.2,POINT (-78.666382 37.510861),POINT (-78.472154 38.662972)
-78.472154,38.662972,05/31/20,495255,SKYVIEW SPRINGS REHAB AND NURSING CENTER,30 MONTVUE DRIVE,LURAY,VA,22835,Y,Y,1,18,0,72,0,39,4,29,4,20,120,83,Y,Y,N,N,7,33,0,7,0,0,Y,N,Y,N,Y,Y,Y,Y,Y,Y,Y,Y,Y,Y,Y,Y,N,,,,,867.5,241,27.8,POINT (-78.666382 37.510861),POINT (-78.472154 38.662972)
-78.472154,38.662972,06/07/20,495255,SKYVIEW SPRINGS REHAB AND NURSING CENTER,30 MONTVUE DRIVE,LURAY,VA,22835,Y,Y,1,19,1,73,0,39,1,30,0,20,120,80,Y,Y,N,N,0,33,0,7,0,0,Y,N,Y,N,Y,Y,Y,Y,Y,Y,Y,Y,Y,Y,Y,Y,N,,,,,912.5,250,27.4,POINT (-78.666382 37.510861),POINT (-78.472154 38.662972)
-78.470972,38.073793,05/24/20,49A007,OUR LADY OF PEACE INC,751 HILLSDALE DRIVE,CHARLOTTESVILLE,VA,22901,Y,Y,2,2,1,1,0,0,3,3,3,3,30,23,Y,Y,N,N,3,3,0,0,0,0,N,N,N,N,Y,Y,Y,Y,Y,Y,Y,Y,Y,Y,Y,Y,N,,,,,43.5,130.4,300,POINT (-78.666382 37.510861),POINT (-78.470972 38.073793)
-78.470972,38.073793,06/07/20,49A007,OUR LADY OF PEACE INC,751 HILLSDALE DRIVE,CHARLOTTESVILLE,VA,22901,Y,Y,0,2,0,3,0,0,0,3,0,3,30,22,Y,Y,N,N,0,3,0,0,0,0,N,N,N,N,Y,Y,Y,Y,Y,Y,Y,Y,Y,Y,Y,Y,,,,,,136.4,136.4,100,POINT (-78.666382 37.510861),POINT (-78.470972 38.073793)
-78.470972,38.073793,06/14/20,49A007,OUR LADY OF PEACE INC,751 HILLSDALE DRIVE,CHARLOTTESVILLE,VA,22901,Y,Y,0,2,1,4,0,0,1,4,1,4,30,21,Y,Y,N,N,0,3,0,0,0,0,N,N,N,N,Y,Y,Y,Y,Y,Y,Y,Y,Y,Y,Y,Y,N,,,,,190.5,190.5,100,POINT (-78.666382 37.510861),POINT (-78.470972 38.073793)
-78.470972,38.073793,05/31/20,49A007,OUR LADY OF PEACE INC,751 HILLSDALE DRIVE,CHARLOTTESVILLE,VA,22901,Y,Y,0,2,2,3,0,0,0,3,0,3,30,22,Y,Y,N,N,0,3,0,0,0,0,N,N,N,N,Y,Y,Y,Y,Y,Y,Y,Y,Y,Y,Y,Y,,,,,,136.4,136.4,100,POINT (-78.666382 37.510861),POINT (-78.470972 38.073793)
-78.465773,37.543825,05/31/20,495317,HERITAGE HALL DILLWYN,119 BRICKYARD DRIVE,DILLWYN,VA,23936,Y,Y,0,0,0,0,0,0,1,1,0,0,60,55,N,N,N,N,0,0,0,0,0,0,N,N,N,N,Y,Y,Y,Y,Y,Y,Y,Y,Y,Y,Y,Y,N,,,,,0,0,,POINT (-78.666382 37.510861),POINT (-78.465773 37.543825)
-78.465773,37.543825,06/07/20,495317,HERITAGE HALL DILLWYN,119 BRICKYARD DRIVE,DILLWYN,VA,23936,Y,Y,0,0,0,0,0,0,0,1,0,0,60,55,N,N,N,N,0,0,0,0,0,0,N,N,N,N,Y,Y,Y,Y,Y,Y,Y,Y,Y,Y,Y,Y,N,,,,,0,0,,POINT (-78.666382 37.510861),POINT (-78.465773 37.543825)
-78.465773,37.543825,05/24/20,495317,HERITAGE HALL DILLWYN,119 BRICKYARD DRIVE,DILLWYN,VA,23936,Y,Y,0,0,0,0,0,0,0,0,0,0,60,56,N,N,N,N,0,0,0,0,0,0,N,N,N,N,Y,Y,Y,Y,Y,Y,Y,Y,Y,Y,Y,Y,N,,,,,0,0,,POINT (-78.666382 37.510861),POINT (-78.465773 37.543825)
-78.465773,37.543825,06/14/20,495317,HERITAGE HALL DILLWYN,119 BRICKYARD DRIVE,DILLWYN,VA,23936,Y,Y,0,0,0,0,0,0,0,1,0,0,60,53,N,N,N,N,0,0,0,0,0,0,N,N,N,N,Y,Y,Y,Y,Y,Y,Y,Y,Y,Y,Y,Y,N,,,,,0,0,,POINT (-78.666382 37.510861),POINT (-78.465773 37.543825)
-78.438418,38.028877,05/31/20,495225,WESTMINSTER CANTERBURY BLUE RI,250 PANTOPS MOUNTAIN RD,CHARLOTTESVILLE,VA,22911,Y,Y,0,1,0,1,0,13,1,6,0,0,27,14,Y,Y,Y,N,0,0,0,18,0,0,N,N,N,N,Y,Y,Y,Y,Y,Y,Y,Y,Y,Y,Y,Y,N,,,,,71.4,0,0,POINT (-78.666382 37.510861),POINT (-78.438418 38.028877)
-78.438418,38.028877,05/24/20,495225,WESTMINSTER CANTERBURY BLUE RI,250 PANTOPS MOUNTAIN RD,CHARLOTTESVILLE,VA,22911,Y,Y,1,1,1,1,13,13,5,5,0,0,27,16,Y,Y,Y,N,0,0,18,18,0,0,N,N,N,N,Y,Y,Y,Y,Y,Y,Y,Y,Y,Y,Y,Y,N,,,,,62.5,0,0,POINT (-78.666382 37.510861),POINT (-78.438418 38.028877)
-78.438418,38.028877,06/14/20,495225,WESTMINSTER CANTERBURY BLUE RI,250 PANTOPS MOUNTAIN RD,CHARLOTTESVILLE,VA,22911,Y,Y,0,1,0,1,1,14,1,7,0,0,27,15,Y,Y,Y,N,0,0,0,18,0,0,N,N,N,N,Y,Y,Y,Y,Y,Y,Y,Y,Y,Y,Y,Y,N,,,,,66.7,0,0,POINT (-78.666382 37.510861),POINT (-78.438418 38.028877)
-78.438418,38.028877,06/07/20,495225,WESTMINSTER CANTERBURY BLUE RI,250 PANTOPS MOUNTAIN RD,CHARLOTTESVILLE,VA,22911,Y,Y,0,1,0,1,0,13,0,6,0,0,27,14,Y,Y,Y,N,0,0,0,18,0,0,N,N,N,N,Y,Y,Y,Y,Y,Y,Y,Y,Y,Y,Y,Y,N,,,,,71.4,0,0,POINT (-78.666382 37.510861),POINT (-78.438418 38.028877)
-78.438035,38.293032,06/07/20,495343,GRACE HEALTH AND REHAB CENTER OF GREENE COUNTY,355 WILLIAM MILLS DRIVE,STANARDSVILLE,VA,22973,Y,Y,0,0,0,0,0,19,0,8,0,0,90,75,Y,Y,Y,N,0,4,0,25,0,0,N,N,N,N,Y,Y,Y,Y,Y,Y,Y,Y,Y,Y,Y,Y,N,,,,,0,0,,POINT (-78.666382 37.510861),POINT (-78.438035 38.293032)
-78.438035,38.293032,05/24/20,495343,GRACE HEALTH AND REHAB CENTER OF GREENE COUNTY,355 WILLIAM MILLS DRIVE,STANARDSVILLE,VA,22973,Y,Y,0,0,0,0,19,19,8,8,0,0,90,75,Y,Y,Y,N,2,2,25,25,0,0,N,N,N,N,Y,Y,Y,Y,Y,Y,Y,Y,Y,Y,Y,Y,N,,,,,0,0,,POINT (-78.666382 37.510861),POINT (-78.438035 38.293032)
-78.438035,38.293032,05/31/20,495343,GRACE HEALTH AND REHAB CENTER OF GREENE COUNTY,355 WILLIAM MILLS DRIVE,STANARDSVILLE,VA,22973,Y,Y,0,0,0,0,0,19,0,8,0,0,90,75,Y,Y,Y,N,2,4,0,25,0,0,N,N,N,N,Y,Y,Y,Y,Y,Y,Y,Y,Y,Y,Y,Y,N,,,,,0,0,,POINT (-78.666382 37.510861),POINT (-78.438035 38.293032)
-78.438035,38.293032,06/14/20,495343,GRACE HEALTH AND REHAB CENTER OF GREENE COUNTY,355 WILLIAM MILLS DRIVE,STANARDSVILLE,VA,22973,Y,Y,0,0,0,0,0,19,0,8,0,0,90,75,Y,Y,Y,N,0,4,0,25,0,0,N,N,N,N,Y,Y,Y,Y,Y,Y,Y,Y,Y,Y,Y,Y,N,,,,,0,0,,POINT (-78.666382 37.510861),POINT (-78.438035 38.293032)
-78.420753,37.308632,05/31/20,495339,HOLLY MANOR NURSING HOME,2003 COBB STREET,FARMVILLE,VA,23901,Y,Y,0,0,0,0,0,0,0,0,0,0,120,104,Y,Y,Y,N,0,0,0,0,0,0,N,N,N,N,Y,Y,Y,Y,Y,Y,Y,Y,Y,Y,Y,Y,N,,,,,0,0,,POINT (-78.666382 37.510861),POINT (-78.420753 37.308632)
-78.420753,37.308632,05/24/20,495339,HOLLY MANOR NURSING HOME,2003 COBB STREET,FARMVILLE,VA,23901,Y,Y,0,0,0,0,0,0,0,0,0,0,120,102,Y,Y,Y,N,0,0,0,0,0,0,N,N,N,N,Y,Y,Y,Y,Y,Y,Y,Y,Y,Y,Y,Y,N,,,,,0,0,,POINT (-78.666382 37.510861),POINT (-78.420753 37.308632)
-78.420753,37.308632,06/14/20,495339,HOLLY MANOR NURSING HOME,2003 COBB STREET,FARMVILLE,VA,23901,Y,Y,0,0,0,0,0,0,0,0,0,0,120,104,Y,Y,Y,N,0,0,0,0,0,0,N,N,N,N,Y,Y,Y,Y,Y,Y,Y,Y,Y,Y,Y,Y,N,,,,,0,0,,POINT (-78.666382 37.510861),POINT (-78.420753 37.308632)
-78.420753,37.308632,06/07/20,495339,HOLLY MANOR NURSING HOME,2003 COBB STREET,FARMVILLE,VA,23901,Y,Y,0,0,0,0,0,0,0,0,0,0,120,101,Y,Y,Y,N,0,0,0,0,0,0,N,N,N,N,Y,Y,Y,Y,Y,Y,Y,Y,Y,Y,Y,Y,N,,,,,0,0,,POINT (-78.666382 37.510861),POINT (-78.420753 37.308632)
-78.386101,37.279192,06/14/20,495249,FARMVILLE HEALTH & REHAB CENTER,1575 SCOTT DRIVE  ROUTE 5,FARMVILLE,VA,23901,N,,,,,,,,,,,,,,,,,,,,,,,,,,,,,,,,,,,,,,,,,,,,,,,,POINT (-78.666382 37.510861),POINT (-78.386101 37.279192)
-78.386101,37.279192,06/07/20,495249,FARMVILLE HEALTH & REHAB CENTER,1575 SCOTT DRIVE  ROUTE 5,FARMVILLE,VA,23901,N,,,,,,,,,,,,,,,,,,,,,,,,,,,,,,,,,,,,,,,,,,,,,,,,POINT (-78.666382 37.510861),POINT (-78.386101 37.279192)
-78.386101,37.279192,05/31/20,495249,FARMVILLE HEALTH & REHAB CENTER,1575 SCOTT DRIVE  ROUTE 5,FARMVILLE,VA,23901,N,,,,,,,,,,,,,,,,,,,,,,,,,,,,,,,,,,,,,,,,,,,,,,,,POINT (-78.666382 37.510861),POINT (-78.386101 37.279192)
-78.386101,37.279192,05/24/20,495249,FARMVILLE HEALTH & REHAB CENTER,1575 SCOTT DRIVE  ROUTE 5,FARMVILLE,VA,23901,N,,,,,,,,,,,,,,,,,,,,,,,,,,,,,,,,,,,,,,,,,,,,,,,,POINT (-78.666382 37.510861),POINT (-78.386101 37.279192)
-78.267622,37.757825,05/31/20,495230,ENVOY AT THE VILLAGE,4238 JAMES MADSON HIGHWAY,FORK UNION,VA,23055,Y,Y,0,11,0,41,0,1,2,11,2,11,60,37,Y,Y,N,N,0,18,0,31,0,0,N,N,N,N,Y,Y,Y,Y,Y,Y,Y,Y,Y,Y,Y,Y,N,,,,,1108.1,297.3,26.8,POINT (-78.666382 37.510861),POINT (-78.267622 37.757825)
-78.267622,37.757825,06/07/20,495230,ENVOY AT THE VILLAGE,4238 JAMES MADSON HIGHWAY,FORK UNION,VA,23055,Y,Y,0,11,0,41,0,1,0,11,0,11,60,37,Y,Y,N,N,0,18,0,31,0,0,N,N,N,N,Y,Y,Y,Y,Y,Y,Y,Y,Y,Y,Y,Y,N,,,,,1108.1,297.3,26.8,POINT (-78.666382 37.510861),POINT (-78.267622 37.757825)
-78.267622,37.757825,05/24/20,495230,ENVOY AT THE VILLAGE,4238 JAMES MADSON HIGHWAY,FORK UNION,VA,23055,Y,Y,11,11,41,41,1,1,9,9,9,9,60,39,Y,Y,N,N,18,18,31,31,0,0,N,N,N,N,Y,Y,Y,Y,Y,Y,Y,Y,Y,Y,Y,Y,,,,,,1051.3,230.8,22,POINT (-78.666382 37.510861),POINT (-78.267622 37.757825)
-78.267622,37.757825,06/14/20,495230,ENVOY AT THE VILLAGE,4238 JAMES MADSON HIGHWAY,FORK UNION,VA,23055,Y,Y,0,11,0,41,0,1,0,11,0,11,60,39,Y,Y,N,N,0,18,0,31,0,0,N,N,N,N,Y,Y,Y,Y,Y,Y,Y,Y,Y,Y,Y,Y,N,,,,,1051.3,282.1,26.8,POINT (-78.666382 37.510861),POINT (-78.267622 37.757825)
-78.211755,38.947507,06/14/20,495301,HERITAGE HALL  FRONT ROYAL,400 WEST STRASBURG ROAD,FRONT ROYAL,VA,22630,Y,Y,0,0,0,0,0,0,0,0,0,0,60,54,Y,Y,N,N,0,0,0,0,0,0,N,N,N,N,Y,Y,Y,Y,Y,Y,Y,Y,Y,Y,Y,Y,,,,,,0,0,,POINT (-78.666382 37.510861),POINT (-78.211755 38.947507)
-78.211755,38.947507,05/31/20,495301,HERITAGE HALL  FRONT ROYAL,400 WEST STRASBURG ROAD,FRONT ROYAL,VA,22630,Y,Y,0,0,0,0,0,0,0,0,0,0,60,53,Y,Y,N,N,0,0,0,0,0,0,N,N,N,N,Y,Y,Y,Y,Y,Y,Y,Y,Y,Y,Y,Y,N,,,,,0,0,,POINT (-78.666382 37.510861),POINT (-78.211755 38.947507)
-78.211755,38.947507,06/07/20,495301,HERITAGE HALL  FRONT ROYAL,400 WEST STRASBURG ROAD,FRONT ROYAL,VA,22630,Y,Y,0,0,0,0,0,0,0,0,0,0,60,53,Y,Y,N,N,0,0,0,0,0,0,N,N,N,N,Y,Y,Y,Y,Y,Y,Y,Y,Y,Y,Y,Y,,,,,,0,0,,POINT (-78.666382 37.510861),POINT (-78.211755 38.947507)
-78.211755,38.947507,05/24/20,495301,HERITAGE HALL  FRONT ROYAL,400 WEST STRASBURG ROAD,FRONT ROYAL,VA,22630,Y,Y,0,0,0,0,0,0,0,0,0,0,60,49,Y,Y,N,N,0,0,0,0,0,0,N,N,N,N,Y,Y,Y,Y,Y,Y,Y,Y,Y,Y,Y,Y,N,,,,,0,0,,POINT (-78.666382 37.510861),POINT (-78.211755 38.947507)
-78.210827,39.200956,05/24/20,495415,THE VILLAGE AT ORCHARD RIDGE,100 PROCESSION WAY,WINCHESTER,VA,22603,N,,,,,,,,,,,,,,,,,,,,,,,,,,,,,,,,,,,,,,,,,,,,,,,,POINT (-78.666382 37.510861),POINT (-78.210827 39.200956)
-78.210827,39.200956,06/07/20,495415,THE VILLAGE AT ORCHARD RIDGE,100 PROCESSION WAY,WINCHESTER,VA,22603,Y,Y,0,0,0,0,0,0,0,0,0,0,20,14,Y,N,N,Y,0,0,1,5,0,0,N,N,N,N,Y,Y,Y,Y,Y,Y,Y,Y,Y,Y,Y,Y,N,,,,,0,0,,POINT (-78.666382 37.510861),POINT (-78.210827 39.200956)
-78.210827,39.200956,05/31/20,495415,THE VILLAGE AT ORCHARD RIDGE,100 PROCESSION WAY,WINCHESTER,VA,22603,Y,Y,0,0,0,0,0,0,0,0,0,0,20,13,Y,N,N,Y,0,0,4,4,0,0,N,N,N,N,Y,Y,Y,Y,Y,Y,Y,Y,Y,Y,Y,Y,N,,,,,0,0,,POINT (-78.666382 37.510861),POINT (-78.210827 39.200956)
-78.210827,39.200956,06/14/20,495415,THE VILLAGE AT ORCHARD RIDGE,100 PROCESSION WAY,WINCHESTER,VA,22603,Y,Y,0,0,0,0,0,0,0,0,0,0,20,14,Y,N,N,Y,0,0,0,5,0,0,N,N,N,N,Y,Y,Y,Y,Y,Y,Y,Y,Y,Y,Y,Y,N,,,,,0,0,,POINT (-78.666382 37.510861),POINT (-78.210827 39.200956)
-78.206723,38.339292,05/31/20,4.90E+51,MOUNTAIN VIEW NURSING HOME,1776 ELLY ROAD,ARODA,VA,22709,Y,Y,0,0,0,0,0,0,0,1,0,0,40,34,N,N,N,N,0,0,0,0,0,0,N,N,Y,Y,Y,Y,Y,Y,Y,Y,Y,Y,Y,Y,Y,Y,N,,,,,0,0,,POINT (-78.666382 37.510861),POINT (-78.206723 38.339292)
-78.206723,38.339292,05/24/20,4.90E+51,MOUNTAIN VIEW NURSING HOME,1776 ELLY ROAD,ARODA,VA,22709,Y,Y,0,0,0,0,0,0,1,1,0,0,40,33,Y,Y,Y,N,0,0,0,0,0,0,N,N,Y,Y,Y,Y,Y,N,Y,N,Y,N,Y,Y,Y,Y,N,,,,,0,0,,POINT (-78.666382 37.510861),POINT (-78.206723 38.339292)
-78.206723,38.339292,06/14/20,4.90E+51,MOUNTAIN VIEW NURSING HOME,1776 ELLY ROAD,ARODA,VA,22709,Y,Y,0,0,0,0,0,0,0,1,0,0,40,34,Y,Y,N,N,0,0,0,0,0,0,N,N,N,N,Y,Y,Y,Y,Y,Y,Y,Y,Y,Y,Y,Y,N,,,,,0,0,,POINT (-78.666382 37.510861),POINT (-78.206723 38.339292)
-78.206723,38.339292,06/07/20,4.90E+51,MOUNTAIN VIEW NURSING HOME,1776 ELLY ROAD,ARODA,VA,22709,Y,Y,0,0,0,0,0,0,0,1,0,0,40,34,N,N,N,N,0,0,0,0,0,0,N,N,Y,Y,Y,Y,Y,N,Y,N,Y,Y,Y,Y,Y,Y,N,,,,,0,0,,POINT (-78.666382 37.510861),POINT (-78.206723 38.339292)
-78.174397,39.202433,06/07/20,495165,SHENANDOAH VLY WESTMINSTER-CANTERBURY,300 WESTMINSTER CANTERBURY DR,WINCHESTER,VA,22603,Y,Y,0,2,0,0,0,0,0,1,0,0,51,44,Y,N,Y,N,0,1,0,0,0,0,Y,N,Y,N,Y,Y,Y,Y,Y,Y,Y,Y,Y,Y,Y,Y,N,,,,,0,0,,POINT (-78.666382 37.510861),POINT (-78.174397 39.202433)
-78.174397,39.202433,05/31/20,495165,SHENANDOAH VLY WESTMINSTER-CANTERBURY,300 WESTMINSTER CANTERBURY DR,WINCHESTER,VA,22603,Y,Y,0,2,0,0,0,0,0,1,0,0,51,44,Y,N,Y,N,0,1,0,0,0,0,Y,N,N,N,Y,Y,Y,Y,Y,Y,Y,Y,Y,Y,Y,Y,N,,,,,0,0,,POINT (-78.666382 37.510861),POINT (-78.174397 39.202433)
-78.174397,39.202433,05/24/20,495165,SHENANDOAH VLY WESTMINSTER-CANTERBURY,300 WESTMINSTER CANTERBURY DR,WINCHESTER,VA,22603,Y,Y,2,2,0,0,0,0,1,1,0,0,51,43,Y,N,Y,N,1,1,0,0,0,0,N,N,N,N,Y,Y,Y,Y,Y,Y,Y,N,Y,Y,Y,Y,N,,,,,0,0,,POINT (-78.666382 37.510861),POINT (-78.174397 39.202433)
-78.174397,39.202433,06/14/20,495165,SHENANDOAH VLY WESTMINSTER-CANTERBURY,300 WESTMINSTER CANTERBURY DR,WINCHESTER,VA,22603,Y,Y,0,2,0,0,0,0,0,1,0,0,51,44,Y,N,Y,N,0,1,0,0,0,0,Y,N,Y,N,Y,Y,Y,Y,Y,Y,Y,Y,Y,Y,Y,Y,N,,,,,0,0,,POINT (-78.666382 37.510861),POINT (-78.174397 39.202433)
-78.167376,39.206263,05/24/20,495389,"ENVOY OF WINCHESTER, LLC",110 LAUCK DR,WINCHESTER,VA,22603,N,,,,,,,,,,,,,,,,,,,,,,,,,,,,,,,,,,,,,,,,,,,,,,,,POINT (-78.666382 37.510861),POINT (-78.167376 39.206263)
-78.167376,39.206263,06/14/20,495389,"ENVOY OF WINCHESTER, LLC",110 LAUCK DR,WINCHESTER,VA,22603,Y,Y,0,0,0,0,0,0,0,0,0,0,60,59,Y,Y,N,N,1,1,0,0,0,0,N,N,N,N,Y,N,Y,Y,Y,Y,Y,Y,Y,Y,Y,N,N,,,,,0,0,,POINT (-78.666382 37.510861),POINT (-78.167376 39.206263)
-78.167376,39.206263,06/07/20,495389,"ENVOY OF WINCHESTER, LLC",110 LAUCK DR,WINCHESTER,VA,22603,Y,Y,0,0,0,0,0,0,0,0,0,0,60,57,Y,Y,N,N,0,0,0,0,0,0,N,N,N,N,Y,N,Y,Y,Y,Y,Y,Y,Y,Y,Y,Y,N,,,,,0,0,,POINT (-78.666382 37.510861),POINT (-78.167376 39.206263)
-78.167376,39.206263,05/31/20,495389,"ENVOY OF WINCHESTER, LLC",110 LAUCK DR,WINCHESTER,VA,22603,Y,Y,0,0,0,0,0,0,0,0,0,0,60,59,Y,Y,N,N,0,0,0,0,0,0,,,,,,,,,,,,,,,,,,,,,,0,0,,POINT (-78.666382 37.510861),POINT (-78.167376 39.206263)
-78.164438,39.171782,06/14/20,495142,EVERGREEN HEALTH AND REHAB,380 MILLWOOD AVENUE,WINCHESTER,VA,22601,Y,Y,0,0,0,0,0,0,0,0,0,0,176,124,Y,Y,Y,Y,0,0,0,0,0,0,N,N,N,N,Y,Y,Y,Y,Y,Y,Y,Y,Y,Y,Y,Y,N,,,,,0,0,,POINT (-78.666382 37.510861),POINT (-78.164438 39.17178200000001)
-78.164438,39.171782,05/31/20,495142,EVERGREEN HEALTH AND REHAB,380 MILLWOOD AVENUE,WINCHESTER,VA,22601,Y,Y,0,0,0,0,0,0,0,0,0,0,176,122,Y,Y,Y,Y,0,0,0,0,0,0,N,N,N,N,Y,Y,Y,Y,Y,Y,Y,Y,Y,Y,Y,Y,N,,,,,0,0,,POINT (-78.666382 37.510861),POINT (-78.164438 39.17178200000001)
-78.164438,39.171782,05/24/20,495142,EVERGREEN HEALTH AND REHAB,380 MILLWOOD AVENUE,WINCHESTER,VA,22601,Y,Y,0,0,0,0,0,0,0,0,0,0,176,120,Y,Y,Y,Y,0,0,0,0,0,0,N,N,N,N,Y,Y,Y,Y,Y,Y,Y,Y,Y,Y,Y,Y,N,,,,,0,0,,POINT (-78.666382 37.510861),POINT (-78.164438 39.17178200000001)
-78.164438,39.171782,06/07/20,495142,EVERGREEN HEALTH AND REHAB,380 MILLWOOD AVENUE,WINCHESTER,VA,22601,Y,Y,0,0,0,0,0,0,0,0,0,0,176,128,Y,Y,Y,Y,0,0,0,0,0,0,N,N,N,N,Y,Y,Y,Y,Y,Y,Y,Y,Y,Y,Y,Y,N,,,,,0,0,,POINT (-78.666382 37.510861),POINT (-78.164438 39.17178200000001)
-78.133439,36.734491,06/07/20,495177,COMMUNITY MEMORIAL HOSPITAL HUNDLEY CENTER,125 BUENA VISTA CIRCLE,SOUTH HILL,VA,23970,Y,Y,1,2,0,0,0,0,0,3,0,0,135,93,Y,N,Y,N,0,0,0,202,0,0,Y,N,Y,Y,Y,Y,Y,Y,Y,Y,Y,Y,Y,Y,Y,Y,N,,,,,0,0,,POINT (-78.666382 37.510861),POINT (-78.133439 36.734491)
-78.133439,36.734491,06/14/20,495177,COMMUNITY MEMORIAL HOSPITAL HUNDLEY CENTER,125 BUENA VISTA CIRCLE,SOUTH HILL,VA,23970,Y,Y,0,2,0,0,0,0,2,5,0,0,135,92,Y,N,Y,N,0,0,0,202,0,0,Y,N,Y,Y,Y,Y,Y,Y,Y,Y,Y,Y,Y,Y,Y,Y,N,,,,,0,0,,POINT (-78.666382 37.510861),POINT (-78.133439 36.734491)
-78.133439,36.734491,05/24/20,495177,COMMUNITY MEMORIAL HOSPITAL HUNDLEY CENTER,125 BUENA VISTA CIRCLE,SOUTH HILL,VA,23970,Y,Y,1,1,0,0,0,0,3,3,0,0,135,92,Y,N,Y,N,0,0,202,202,0,0,Y,N,Y,N,Y,Y,Y,Y,Y,Y,Y,Y,Y,Y,Y,Y,N,,,,,0,0,,POINT (-78.666382 37.510861),POINT (-78.133439 36.734491)
-78.133439,36.734491,05/31/20,495177,COMMUNITY MEMORIAL HOSPITAL HUNDLEY CENTER,125 BUENA VISTA CIRCLE,SOUTH HILL,VA,23970,Y,Y,0,1,0,0,0,0,0,3,0,0,135,90,Y,N,Y,N,0,0,0,202,0,0,Y,N,Y,N,Y,Y,Y,Y,Y,Y,Y,Y,Y,Y,Y,Y,N,,,,,0,0,,POINT (-78.666382 37.510861),POINT (-78.133439 36.734491)
-78.125943,41.655068,05/31/20,495320,HERITAGE HALL CLINTWOOD,"1225 CLINTWOOD MAIN STREET, ROUTE 607 PO BOX 909",CLINTWOOD,VA,24228,Y,Y,0,0,0,0,0,0,0,0,0,0,100,77,N,N,N,N,0,0,0,0,0,0,N,N,N,N,Y,Y,Y,Y,Y,Y,Y,Y,Y,Y,Y,Y,N,,,,,0,0,,POINT (-78.666382 37.510861),POINT (-78.12594300000002 41.655068)
-78.125943,41.655068,05/24/20,495320,HERITAGE HALL CLINTWOOD,"1225 CLINTWOOD MAIN STREET, ROUTE 607 PO BOX 909",CLINTWOOD,VA,24228,Y,Y,0,0,0,0,0,0,0,0,0,0,100,77,N,N,N,N,0,0,0,0,0,0,N,N,N,N,Y,Y,Y,Y,Y,Y,Y,Y,Y,Y,Y,Y,N,,,,,0,0,,POINT (-78.666382 37.510861),POINT (-78.12594300000002 41.655068)
-78.125943,41.655068,06/14/20,495320,HERITAGE HALL CLINTWOOD,"1225 CLINTWOOD MAIN STREET, ROUTE 607 PO BOX 909",CLINTWOOD,VA,24228,Y,Y,0,0,0,0,0,0,0,0,0,0,100,77,N,N,N,N,0,0,0,0,0,0,N,N,N,N,Y,Y,Y,Y,Y,Y,Y,Y,Y,Y,Y,Y,N,,,,,0,0,,POINT (-78.666382 37.510861),POINT (-78.12594300000002 41.655068)
-78.125943,41.655068,06/07/20,495320,HERITAGE HALL CLINTWOOD,"1225 CLINTWOOD MAIN STREET, ROUTE 607 PO BOX 909",CLINTWOOD,VA,24228,Y,Y,0,0,0,0,0,0,0,0,0,0,100,78,N,N,N,N,0,0,0,0,0,0,N,N,N,N,Y,Y,Y,Y,Y,Y,Y,Y,Y,Y,Y,Y,N,,,,,0,0,,POINT (-78.666382 37.510861),POINT (-78.12594300000002 41.655068)
-78.11596,38.253833,06/14/20,495359,DOGWOOD VILLAGE OF ORANGE COUNTY HEALTH AND REHAB,120 DOGWOOD LANE,ORANGE,VA,22960,Y,Y,0,0,0,0,0,6,0,5,0,0,164,127,Y,Y,N,N,3,4,1,5,0,0,N,N,N,N,Y,N,Y,Y,Y,Y,Y,Y,Y,Y,Y,Y,N,,,,,0,0,,POINT (-78.666382 37.510861),POINT (-78.11596 38.253833)
-78.11596,38.253833,05/24/20,495359,DOGWOOD VILLAGE OF ORANGE COUNTY HEALTH AND REHAB,120 DOGWOOD LANE,ORANGE,VA,22960,Y,Y,0,0,0,0,5,5,3,3,0,0,164,126,Y,Y,N,N,1,1,4,4,0,0,N,N,N,N,Y,N,Y,Y,Y,Y,Y,Y,Y,Y,Y,Y,N,,,,,0,0,,POINT (-78.666382 37.510861),POINT (-78.11596 38.253833)
-78.11596,38.253833,05/31/20,495359,DOGWOOD VILLAGE OF ORANGE COUNTY HEALTH AND REHAB,120 DOGWOOD LANE,ORANGE,VA,22960,Y,Y,0,0,0,0,1,6,1,4,0,0,164,123,Y,Y,N,N,0,1,0,4,0,0,N,N,N,N,Y,N,Y,Y,Y,Y,Y,Y,Y,Y,Y,Y,N,,,,,0,0,,POINT (-78.666382 37.510861),POINT (-78.11596 38.253833)
-78.11596,38.253833,06/07/20,495359,DOGWOOD VILLAGE OF ORANGE COUNTY HEALTH AND REHAB,120 DOGWOOD LANE,ORANGE,VA,22960,Y,Y,0,0,0,0,0,6,1,5,0,0,164,125,Y,Y,N,N,0,1,0,4,0,0,N,N,N,N,Y,N,Y,Y,Y,Y,Y,Y,Y,Y,Y,Y,N,,,,,0,0,,POINT (-78.666382 37.510861),POINT (-78.11596 38.253833)
-78.017972,38.444169,06/14/20,495400,THE CULPEPER,12425 VILLAGE LOOP,CULPEPER,VA,22701,Y,Y,0,0,0,0,0,23,0,0,0,0,47,44,Y,N,Y,N,0,0,1,6,0,0,N,N,N,N,Y,Y,Y,Y,Y,Y,Y,Y,Y,Y,Y,Y,,,,,,0,0,,POINT (-78.666382 37.510861),POINT (-78.017972 38.444169)
-78.017972,38.444169,05/24/20,495400,THE CULPEPER,12425 VILLAGE LOOP,CULPEPER,VA,22701,Y,Y,0,0,0,0,0,0,0,0,0,0,47,39,Y,N,Y,N,0,0,0,0,0,0,N,N,N,N,Y,Y,Y,Y,Y,Y,Y,Y,Y,Y,Y,Y,N,,,,,0,0,,POINT (-78.666382 37.510861),POINT (-78.017972 38.444169)
-78.017972,38.444169,06/07/20,495400,THE CULPEPER,12425 VILLAGE LOOP,CULPEPER,VA,22701,Y,Y,0,0,0,0,16,23,0,0,0,0,47,43,Y,N,Y,N,0,0,1,5,0,0,N,N,N,N,Y,Y,Y,Y,Y,Y,Y,Y,Y,Y,Y,Y,,,,,,0,0,,POINT (-78.666382 37.510861),POINT (-78.017972 38.444169)
-78.017972,38.444169,05/31/20,495400,THE CULPEPER,12425 VILLAGE LOOP,CULPEPER,VA,22701,Y,Y,0,0,0,0,7,7,0,0,0,0,47,44,Y,N,Y,N,0,0,4,4,0,0,N,N,N,N,Y,Y,Y,Y,Y,Y,Y,Y,Y,Y,Y,Y,N,,,,,0,0,,POINT (-78.666382 37.510861),POINT (-78.017972 38.444169)
-78.01437,38.458833,05/31/20,495279,CULPEPER HEALTH & REHABILITATION CENTER,602 MADISON ROAD,CULPEPER,VA,22701,Y,Y,0,0,0,0,2,3,0,0,0,0,0,167,Y,Y,Y,Y,0,0,1,5,0,0,N,N,N,N,Y,N,Y,Y,Y,N,Y,N,Y,Y,Y,Y,N,,,,,0,0,,POINT (-78.666382 37.510861),POINT (-78.01437 38.458833)
-78.01437,38.458833,06/07/20,495279,CULPEPER HEALTH & REHABILITATION CENTER,602 MADISON ROAD,CULPEPER,VA,22701,Y,Y,0,0,0,0,1,4,0,0,0,0,180,166,Y,Y,Y,Y,0,0,3,8,0,0,N,N,N,N,Y,N,Y,Y,Y,N,Y,N,Y,Y,Y,Y,N,,,,,0,0,,POINT (-78.666382 37.510861),POINT (-78.01437 38.458833)
-78.01437,38.458833,06/14/20,495279,CULPEPER HEALTH & REHABILITATION CENTER,602 MADISON ROAD,CULPEPER,VA,22701,Y,Y,0,0,0,0,2,6,1,1,0,0,180,163,Y,Y,Y,Y,0,0,0,8,0,0,N,N,N,N,Y,N,Y,Y,Y,N,Y,N,Y,Y,Y,Y,N,,,,,0,0,,POINT (-78.666382 37.510861),POINT (-78.01437 38.458833)
-78.01437,38.458833,05/24/20,495279,CULPEPER HEALTH & REHABILITATION CENTER,602 MADISON ROAD,CULPEPER,VA,22701,Y,Y,0,0,0,0,1,1,0,0,0,0,0,164,Y,Y,Y,Y,0,0,4,4,0,0,N,N,N,N,Y,N,Y,Y,Y,N,Y,N,Y,Y,Y,Y,N,,,,,0,0,,POINT (-78.666382 37.510861),POINT (-78.01437 38.458833)
-78.005648,38.020524,05/24/20,495282,LOUISA HEALTH & REHABILITATION CENTER,210 ELM STREET,LOUISA,VA,23093,Y,Y,0,0,0,0,0,0,1,1,0,0,0,69,Y,Y,Y,Y,0,0,4,4,0,0,N,N,N,N,Y,Y,Y,Y,Y,Y,Y,Y,Y,Y,Y,Y,N,,,,,0,0,,POINT (-78.666382 37.510861),POINT (-78.005648 38.020524)
-78.005648,38.020524,06/14/20,495282,LOUISA HEALTH & REHABILITATION CENTER,210 ELM STREET,LOUISA,VA,23093,Y,Y,0,0,0,0,0,0,0,1,0,0,90,66,Y,Y,Y,Y,1,1,4,8,0,0,N,N,N,N,Y,Y,Y,Y,Y,Y,Y,Y,Y,Y,Y,Y,N,,,,,0,0,,POINT (-78.666382 37.510861),POINT (-78.005648 38.020524)
-78.005648,38.020524,05/31/20,495282,LOUISA HEALTH & REHABILITATION CENTER,210 ELM STREET,LOUISA,VA,23093,Y,Y,0,0,0,0,0,0,0,1,0,0,0,70,Y,Y,Y,Y,0,0,0,4,0,0,N,N,N,N,Y,Y,Y,Y,Y,Y,Y,Y,Y,Y,Y,Y,N,,,,,0,0,,POINT (-78.666382 37.510861),POINT (-78.005648 38.020524)
-78.005648,38.020524,06/07/20,495282,LOUISA HEALTH & REHABILITATION CENTER,210 ELM STREET,LOUISA,VA,23093,Y,Y,0,0,0,0,0,0,0,1,0,0,90,69,Y,Y,Y,Y,0,0,0,4,0,0,N,N,N,N,Y,Y,Y,Y,Y,Y,Y,Y,Y,Y,Y,Y,N,,,,,0,0,,POINT (-78.666382 37.510861),POINT (-78.005648 38.020524)
-78.002561,37.070897,06/14/20,495353,HERITAGE HALL BLACKSTONE,900 S MAIN ST,BLACKSTONE,VA,23824,Y,Y,0,0,0,0,0,0,3,5,0,0,180,147,Y,Y,N,Y,0,0,0,0,0,0,Y,N,Y,N,Y,Y,Y,Y,Y,Y,Y,Y,Y,Y,Y,Y,N,,,,,0,0,,POINT (-78.666382 37.510861),POINT (-78.00256100000001 37.070897)
-78.002561,37.070897,06/07/20,495353,HERITAGE HALL BLACKSTONE,900 S MAIN ST,BLACKSTONE,VA,23824,Y,Y,0,0,0,0,0,0,0,2,0,0,180,146,Y,Y,N,Y,0,0,0,0,0,0,Y,N,Y,N,Y,Y,Y,Y,Y,Y,Y,Y,Y,Y,Y,Y,N,,,,,0,0,,POINT (-78.666382 37.510861),POINT (-78.00256100000001 37.070897)
-78.002561,37.070897,05/31/20,495353,HERITAGE HALL BLACKSTONE,900 S MAIN ST,BLACKSTONE,VA,23824,Y,Y,0,0,0,0,0,0,1,2,0,0,180,145,Y,Y,N,Y,0,0,0,0,0,0,Y,N,Y,N,Y,Y,Y,Y,Y,Y,Y,Y,Y,Y,Y,Y,N,,,,,0,0,,POINT (-78.666382 37.510861),POINT (-78.00256100000001 37.070897)
-78.002561,37.070897,05/24/20,495353,HERITAGE HALL BLACKSTONE,900 S MAIN ST,BLACKSTONE,VA,23824,Y,Y,0,0,0,0,0,0,1,1,0,0,180,146,Y,Y,N,Y,0,0,0,0,0,0,Y,N,Y,N,Y,Y,Y,Y,Y,Y,Y,Y,Y,Y,Y,Y,N,,,,,0,0,,POINT (-78.666382 37.510861),POINT (-78.00256100000001 37.070897)
-77.983749,37.336259,06/14/20,495358,WELLSPRINGS AT AMELIA,8830 VIRGINIA STREET,AMELIA,VA,23002,Y,Y,0,0,0,0,0,0,0,1,0,0,100,82,Y,Y,N,N,0,2,1,6,0,0,N,N,N,N,Y,Y,Y,Y,Y,Y,Y,Y,Y,Y,Y,Y,N,,,,,0,0,,POINT (-78.666382 37.510861),POINT (-77.983749 37.336259)
-77.983749,37.336259,05/31/20,495358,WELLSPRINGS AT AMELIA,8830 VIRGINIA STREET,AMELIA,VA,23002,Y,Y,0,0,0,0,0,0,0,0,0,0,100,86,Y,Y,N,N,2,2,1,5,0,0,Y,Y,Y,Y,Y,Y,Y,Y,Y,Y,Y,Y,Y,Y,Y,Y,N,,,,,0,0,,POINT (-78.666382 37.510861),POINT (-77.983749 37.336259)
-77.983749,37.336259,05/24/20,495358,WELLSPRINGS AT AMELIA,8830 VIRGINIA STREET,AMELIA,VA,23002,Y,Y,0,0,0,0,0,0,0,0,0,0,100,86,Y,Y,N,N,0,0,4,4,0,0,N,N,N,N,Y,Y,Y,Y,Y,Y,Y,Y,Y,Y,Y,Y,N,,,,,0,0,,POINT (-78.666382 37.510861),POINT (-77.983749 37.336259)
-77.983749,37.336259,06/07/20,495358,WELLSPRINGS AT AMELIA,8830 VIRGINIA STREET,AMELIA,VA,23002,Y,Y,0,0,0,0,0,0,1,1,0,0,100,81,Y,Y,N,N,0,2,0,5,0,0,N,Y,N,N,Y,Y,Y,Y,Y,Y,Y,Y,Y,Y,Y,Y,N,,,,,0,0,,POINT (-78.666382 37.510861),POINT (-77.983749 37.336259)
-77.980771,39.147666,05/24/20,495140,ROSE HILL HEALTH AND REHAB,110 CHALMERS COURT,BERRYVILLE,VA,22611,Y,Y,0,0,0,0,0,0,0,0,0,0,120,105,Y,N,Y,N,0,0,0,0,0,0,N,N,N,N,Y,Y,Y,Y,Y,Y,Y,Y,Y,Y,Y,Y,N,,,,,0,0,,POINT (-78.666382 37.510861),POINT (-77.980771 39.147666)
-77.980771,39.147666,05/31/20,495140,ROSE HILL HEALTH AND REHAB,110 CHALMERS COURT,BERRYVILLE,VA,22611,Y,Y,0,0,0,0,0,0,0,0,0,0,120,106,Y,N,Y,N,0,0,0,0,0,0,N,N,N,N,Y,Y,Y,Y,Y,Y,Y,Y,Y,Y,Y,Y,N,,,,,0,0,,POINT (-78.666382 37.510861),POINT (-77.980771 39.147666)
-77.980771,39.147666,06/14/20,495140,ROSE HILL HEALTH AND REHAB,110 CHALMERS COURT,BERRYVILLE,VA,22611,Y,Y,0,0,0,0,0,0,0,0,0,0,120,109,Y,N,Y,N,0,0,0,0,0,0,N,N,N,N,Y,Y,Y,Y,Y,Y,Y,Y,Y,Y,Y,Y,N,,,,,0,0,,POINT (-78.666382 37.510861),POINT (-77.980771 39.147666)
-77.980771,39.147666,06/07/20,495140,ROSE HILL HEALTH AND REHAB,110 CHALMERS COURT,BERRYVILLE,VA,22611,Y,Y,0,0,0,0,0,0,0,0,0,0,120,106,Y,N,Y,N,0,0,0,0,0,0,N,N,Y,N,Y,Y,Y,Y,Y,Y,Y,Y,Y,Y,Y,Y,N,,,,,0,0,,POINT (-78.666382 37.510861),POINT (-77.980771 39.147666)
-77.928555,37.744666,06/14/20,495236,ENVOY AT THE MEADOWS,2715 DOGTOWN ROAD,GOOCHLAND,VA,23063,Y,Y,0,0,0,0,0,0,0,2,0,0,84,81,Y,Y,Y,N,0,2,0,2,0,0,N,N,Y,N,Y,Y,Y,Y,Y,Y,Y,Y,Y,Y,Y,Y,N,,,,,0,0,,POINT (-78.666382 37.510861),POINT (-77.928555 37.744666)
-77.928555,37.744666,05/24/20,495236,ENVOY AT THE MEADOWS,2715 DOGTOWN ROAD,GOOCHLAND,VA,23063,Y,Y,0,0,0,0,0,0,1,1,0,0,84,80,Y,Y,Y,N,2,2,2,2,0,0,N,N,N,N,Y,Y,Y,Y,Y,Y,Y,Y,Y,Y,Y,Y,N,,,,,0,0,,POINT (-78.666382 37.510861),POINT (-77.928555 37.744666)
-77.928555,37.744666,05/31/20,495236,ENVOY AT THE MEADOWS,2715 DOGTOWN ROAD,GOOCHLAND,VA,23063,Y,Y,0,0,0,0,0,0,1,2,0,0,84,79,Y,Y,Y,N,0,2,0,2,0,0,N,N,N,N,Y,Y,Y,Y,Y,Y,Y,Y,Y,Y,Y,Y,N,,,,,0,0,,POINT (-78.666382 37.510861),POINT (-77.928555 37.744666)
-77.928555,37.744666,06/07/20,495236,ENVOY AT THE MEADOWS,2715 DOGTOWN ROAD,GOOCHLAND,VA,23063,Y,Y,0,0,0,0,0,0,0,2,0,0,84,80,Y,Y,Y,N,0,2,0,2,0,0,N,N,Y,N,Y,Y,Y,Y,Y,Y,Y,Y,Y,Y,Y,Y,N,,,,,0,0,,POINT (-78.666382 37.510861),POINT (-77.928555 37.744666)
-77.837058,36.765744,05/24/20,495192,"ENVOY OF LAWRENCEVILLE, LLC",1722 LAWRENCEVILLE PLANK ROAD,LAWRENCEVILLE,VA,23868,N,,,,,,,,,,,,,,,,,,,,,,,,,,,,,,,,,,,,,,,,,,,,,,,,POINT (-78.666382 37.510861),POINT (-77.837058 36.765744)
-77.837058,36.765744,06/14/20,495192,"ENVOY OF LAWRENCEVILLE, LLC",1722 LAWRENCEVILLE PLANK ROAD,LAWRENCEVILLE,VA,23868,N,,,,,,,,,,,,,,,,,,,,,,,,,,,,,,,,,,,,,,,,,,,,,,,,POINT (-78.666382 37.510861),POINT (-77.837058 36.765744)
-77.837058,36.765744,05/31/20,495192,"ENVOY OF LAWRENCEVILLE, LLC",1722 LAWRENCEVILLE PLANK ROAD,LAWRENCEVILLE,VA,23868,N,,,,,,,,,,,,,,,,,,,,,,,,,,,,,,,,,,,,,,,,,,,,,,,,POINT (-78.666382 37.510861),POINT (-77.837058 36.765744)
-77.837058,36.765744,06/07/20,495192,"ENVOY OF LAWRENCEVILLE, LLC",1722 LAWRENCEVILLE PLANK ROAD,LAWRENCEVILLE,VA,23868,N,,,,,,,,,,,,,,,,,,,,,,,,,,,,,,,,,,,,,,,,,,,,,,,,POINT (-78.666382 37.510861),POINT (-77.837058 36.765744)
-77.809962,38.714012,06/14/20,495233,FAUQUIER HEALTH REHABILITATION & NURSING CENTER,360 HOSPITAL DRIVE,WARRENTON,VA,20186,Y,Y,0,0,0,0,0,0,0,1,0,0,113,76,Y,Y,N,N,0,0,0,0,0,0,N,N,Y,Y,Y,Y,Y,N,Y,Y,Y,Y,Y,Y,Y,Y,N,,,,,0,0,,POINT (-78.666382 37.510861),POINT (-77.809962 38.714012)
-77.809962,38.714012,05/24/20,495233,FAUQUIER HEALTH REHABILITATION & NURSING CENTER,360 HOSPITAL DRIVE,WARRENTON,VA,20186,Y,Y,0,0,0,0,0,0,0,0,0,0,113,76,Y,Y,N,N,0,0,0,0,0,0,N,N,Y,Y,Y,Y,Y,N,Y,Y,Y,Y,Y,Y,Y,Y,N,,,,,0,0,,POINT (-78.666382 37.510861),POINT (-77.809962 38.714012)
-77.809962,38.714012,06/07/20,495233,FAUQUIER HEALTH REHABILITATION & NURSING CENTER,360 HOSPITAL DRIVE,WARRENTON,VA,20186,Y,Y,0,0,0,0,0,0,0,1,0,0,113,73,Y,Y,N,N,0,0,0,0,0,0,Y,Y,N,N,Y,Y,Y,N,Y,Y,Y,Y,Y,Y,Y,Y,N,,,,,0,0,,POINT (-78.666382 37.510861),POINT (-77.809962 38.714012)
-77.809962,38.714012,05/31/20,495233,FAUQUIER HEALTH REHABILITATION & NURSING CENTER,360 HOSPITAL DRIVE,WARRENTON,VA,20186,Y,Y,0,0,0,0,0,0,1,1,0,0,113,72,Y,Y,N,N,0,0,0,0,0,0,N,N,Y,Y,Y,Y,Y,N,Y,Y,Y,Y,Y,Y,Y,Y,N,,,,,0,0,,POINT (-78.666382 37.510861),POINT (-77.809962 38.714012)
-77.798143,38.732323,06/07/20,495267,BROOKSIDE REHAB & NURSING CENTER,614 HASTINGS LANE,WARRENTON,VA,20186,Y,Y,0,0,0,0,0,0,0,0,0,0,130,128,Y,Y,N,N,0,0,0,0,0,0,N,N,N,N,Y,Y,Y,Y,Y,Y,Y,Y,Y,Y,Y,Y,N,,,,,0,0,,POINT (-78.666382 37.510861),POINT (-77.798143 38.732323)
-77.798143,38.732323,05/31/20,495267,BROOKSIDE REHAB & NURSING CENTER,614 HASTINGS LANE,WARRENTON,VA,20186,Y,Y,0,0,0,0,0,0,0,0,0,0,130,126,Y,Y,N,N,0,0,0,0,0,0,N,N,N,N,Y,Y,Y,Y,Y,Y,Y,Y,Y,Y,Y,Y,N,,,,,0,0,,POINT (-78.666382 37.510861),POINT (-77.798143 38.732323)
-77.798143,38.732323,05/24/20,495267,BROOKSIDE REHAB & NURSING CENTER,614 HASTINGS LANE,WARRENTON,VA,20186,Y,Y,0,0,0,0,0,0,0,0,0,0,130,123,Y,Y,N,N,0,0,0,0,0,0,N,N,N,N,Y,Y,Y,Y,Y,Y,Y,Y,Y,Y,Y,Y,N,,,,,0,0,,POINT (-78.666382 37.510861),POINT (-77.798143 38.732323)
-77.798143,38.732323,06/14/20,495267,BROOKSIDE REHAB & NURSING CENTER,614 HASTINGS LANE,WARRENTON,VA,20186,Y,Y,0,0,0,0,0,0,0,0,0,0,130,128,Y,Y,N,N,0,0,0,0,0,0,N,N,N,N,Y,Y,Y,Y,Y,Y,Y,Y,Y,Y,Y,Y,N,,,,,0,0,,POINT (-78.666382 37.510861),POINT (-77.798143 38.732323)
-77.663089,37.461851,06/14/20,495183,THE HAVEN AT BRANDERMILL WOODS,2100 BRANDERMILL PKWY,MIDLOTHIAN,VA,23112,Y,Y,1,4,0,1,0,1,0,2,0,0,60,33,Y,N,Y,N,0,2,0,0,0,0,N,N,N,N,Y,Y,Y,Y,Y,Y,Y,Y,Y,Y,Y,Y,N,,,,,30.3,0,0,POINT (-78.666382 37.510861),POINT (-77.663089 37.461851)
-77.663089,37.461851,05/24/20,495183,THE HAVEN AT BRANDERMILL WOODS,2100 BRANDERMILL PKWY,MIDLOTHIAN,VA,23112,Y,Y,2,2,1,1,0,0,2,2,0,0,60,37,Y,N,Y,N,2,2,0,0,0,0,N,N,N,N,Y,Y,Y,Y,Y,Y,Y,Y,Y,Y,Y,Y,N,,,,,27,0,0,POINT (-78.666382 37.510861),POINT (-77.663089 37.461851)
-77.663089,37.461851,05/31/20,495183,THE HAVEN AT BRANDERMILL WOODS,2100 BRANDERMILL PKWY,MIDLOTHIAN,VA,23112,Y,Y,1,3,0,1,1,1,0,2,0,0,60,36,Y,N,Y,N,0,2,0,0,0,0,N,N,N,N,Y,Y,Y,Y,Y,Y,Y,Y,Y,Y,Y,Y,N,,,,,27.8,0,0,POINT (-78.666382 37.510861),POINT (-77.663089 37.461851)
-77.663089,37.461851,06/07/20,495183,THE HAVEN AT BRANDERMILL WOODS,2100 BRANDERMILL PKWY,MIDLOTHIAN,VA,23112,Y,Y,0,3,0,1,0,1,0,2,0,0,60,0,Y,N,Y,N,0,2,0,0,0,0,N,N,N,N,Y,Y,Y,Y,Y,Y,Y,Y,Y,Y,Y,Y,N,,,,,,,0,POINT (-78.666382 37.510861),POINT (-77.663089 37.461851)
-77.636251,37.615002,05/24/20,495272,CANTERBURY REHABILITATION & HEALTH CARE CENTER,1776 CAMBRIDGE DRIVE,RICHMOND,VA,23238,Y,Y,13,13,32,32,0,0,6,6,2,2,190,106,Y,Y,Y,N,0,0,0,0,0,0,N,N,N,N,Y,N,Y,N,Y,Y,Y,N,Y,Y,Y,Y,N,,,,,301.9,18.9,6.3,POINT (-78.666382 37.510861),POINT (-77.636251 37.615002)
-77.636251,37.615002,06/14/20,495272,CANTERBURY REHABILITATION & HEALTH CARE CENTER,1776 CAMBRIDGE DRIVE,RICHMOND,VA,23238,Y,Y,3,33,0,32,0,0,0,9,0,2,190,125,Y,Y,Y,N,0,0,0,0,0,0,N,N,N,N,Y,N,Y,N,Y,Y,Y,N,Y,Y,Y,Y,N,,,,,256,16,6.3,POINT (-78.666382 37.510861),POINT (-77.636251 37.615002)
-77.636251,37.615002,05/31/20,495272,CANTERBURY REHABILITATION & HEALTH CARE CENTER,1776 CAMBRIDGE DRIVE,RICHMOND,VA,23238,Y,Y,7,20,0,32,0,0,2,8,0,2,190,115,Y,Y,Y,N,0,0,0,0,0,0,N,N,N,N,Y,N,Y,N,Y,Y,Y,N,Y,Y,Y,Y,N,,,,,278.3,17.4,6.3,POINT (-78.666382 37.510861),POINT (-77.636251 37.615002)
-77.636251,37.615002,06/07/20,495272,CANTERBURY REHABILITATION & HEALTH CARE CENTER,1776 CAMBRIDGE DRIVE,RICHMOND,VA,23238,Y,Y,10,30,0,32,0,0,1,9,0,2,190,126,Y,Y,Y,N,0,0,0,0,0,0,N,N,N,N,Y,N,Y,N,Y,Y,Y,Y,Y,Y,Y,Y,N,,,,,254,15.9,6.3,POINT (-78.666382 37.510861),POINT (-77.636251 37.615002)
-77.635362,37.654951,06/07/20,495311,OUR LADY OF HOPE HEALTH CENTER,13700 NORTH GAYTON ROAD,RICHMOND,VA,23233,Y,Y,0,0,0,0,0,0,0,0,0,0,75,53,Y,Y,Y,N,0,11,0,1,0,0,N,N,N,N,Y,Y,Y,Y,Y,Y,Y,Y,Y,Y,Y,Y,N,,,,,0,0,,POINT (-78.666382 37.510861),POINT (-77.635362 37.654951)
-77.635362,37.654951,05/24/20,495311,OUR LADY OF HOPE HEALTH CENTER,13700 NORTH GAYTON ROAD,RICHMOND,VA,23233,Y,Y,0,0,0,0,0,0,0,0,0,0,75,49,Y,N,Y,N,3,3,1,1,0,0,N,N,N,N,Y,Y,Y,Y,Y,Y,Y,Y,Y,Y,Y,Y,N,,,,,0,0,,POINT (-78.666382 37.510861),POINT (-77.635362 37.654951)
-77.635362,37.654951,05/31/20,495311,OUR LADY OF HOPE HEALTH CENTER,13700 NORTH GAYTON ROAD,RICHMOND,VA,23233,Y,Y,0,0,0,0,0,0,0,0,0,0,75,47,Y,Y,Y,N,8,11,0,1,0,0,N,N,N,N,Y,Y,Y,Y,Y,Y,Y,Y,Y,Y,Y,Y,N,,,,,0,0,,POINT (-78.666382 37.510861),POINT (-77.635362 37.654951)
-77.635362,37.654951,06/14/20,495311,OUR LADY OF HOPE HEALTH CENTER,13700 NORTH GAYTON ROAD,RICHMOND,VA,23233,Y,Y,0,0,0,0,0,0,0,0,0,0,75,55,Y,Y,Y,N,0,11,0,1,0,0,N,N,N,N,Y,Y,Y,Y,Y,Y,Y,Y,Y,Y,Y,Y,N,,,,,0,0,,POINT (-78.666382 37.510861),POINT (-77.635362 37.654951)
-77.633222,37.605841,05/31/20,495403,LAKEWOOD MANOR,1900 LAUDERDALE DRIVE,RICHMOND,VA,23238,Y,Y,0,0,0,2,0,0,0,2,0,0,96,77,Y,N,Y,N,0,10,0,0,0,0,N,N,N,N,Y,Y,Y,Y,Y,Y,Y,Y,Y,Y,Y,Y,N,,,,,26,0,0,POINT (-78.666382 37.510861),POINT (-77.633222 37.605841)
-77.633222,37.605841,06/07/20,495403,LAKEWOOD MANOR,1900 LAUDERDALE DRIVE,RICHMOND,VA,23238,Y,Y,0,0,0,2,0,0,0,2,0,0,96,78,Y,N,Y,N,0,10,0,0,0,0,N,N,N,N,Y,Y,Y,Y,Y,Y,Y,Y,Y,Y,Y,Y,N,,,,,25.6,0,0,POINT (-78.666382 37.510861),POINT (-77.633222 37.605841)
-77.633222,37.605841,06/14/20,495403,LAKEWOOD MANOR,1900 LAUDERDALE DRIVE,RICHMOND,VA,23238,Y,Y,0,0,0,2,0,0,0,2,0,0,96,79,Y,N,Y,N,1,11,0,0,0,0,N,N,N,N,Y,Y,Y,Y,Y,Y,Y,Y,Y,Y,Y,Y,N,,,,,25.3,0,0,POINT (-78.666382 37.510861),POINT (-77.633222 37.605841)
-77.633222,37.605841,05/24/20,495403,LAKEWOOD MANOR,1900 LAUDERDALE DRIVE,RICHMOND,VA,23238,Y,Y,0,0,2,2,0,0,2,2,0,0,96,76,Y,N,Y,N,10,10,0,0,0,0,N,N,N,N,Y,Y,Y,Y,Y,Y,Y,Y,Y,Y,Y,Y,N,,,,,26.3,0,0,POINT (-78.666382 37.510861),POINT (-77.633222 37.605841)
-77.63263,37.612284,06/07/20,495291,BETH SHOLOM HOME OF VIRGINIA,1600 JOHN ROLFE PARKWAY,RICHMOND,VA,23233,Y,Y,0,0,0,4,0,0,0,0,0,2,101,63,Y,N,Y,N,0,1,2,2,0,0,N,N,N,N,Y,Y,Y,Y,Y,Y,Y,Y,Y,Y,Y,Y,N,,,,,63.5,31.7,50,POINT (-78.666382 37.510861),POINT (-77.63263 37.612284)
-77.63263,37.612284,06/14/20,495291,BETH SHOLOM HOME OF VIRGINIA,1600 JOHN ROLFE PARKWAY,RICHMOND,VA,23233,Y,Y,0,0,0,4,0,0,0,0,0,2,101,66,Y,N,Y,N,0,1,0,2,0,0,N,N,N,N,Y,Y,Y,Y,Y,Y,Y,Y,Y,Y,Y,Y,N,,,,,60.6,30.3,50,POINT (-78.666382 37.510861),POINT (-77.63263 37.612284)
-77.63263,37.612284,05/31/20,495291,BETH SHOLOM HOME OF VIRGINIA,1600 JOHN ROLFE PARKWAY,RICHMOND,VA,23233,Y,Y,0,0,3,4,0,0,0,0,0,2,101,60,Y,N,Y,N,1,1,0,0,0,0,N,N,N,N,Y,Y,Y,Y,Y,Y,Y,Y,Y,Y,Y,Y,N,,,,,66.7,33.3,50,POINT (-78.666382 37.510861),POINT (-77.63263 37.612284)
-77.63263,37.612284,05/24/20,495291,BETH SHOLOM HOME OF VIRGINIA,1600 JOHN ROLFE PARKWAY,RICHMOND,VA,23233,Y,Y,0,0,1,1,0,0,0,0,2,2,101,59,Y,N,Y,N,0,0,0,0,0,0,N,N,N,N,Y,Y,Y,Y,Y,Y,Y,Y,Y,Y,Y,Y,N,,,,,16.9,33.9,200,POINT (-78.666382 37.510861),POINT (-77.63263 37.612284)
-77.631291,38.785956,05/24/20,495424,LAKE MANASSAS HEALTH & REHABILITATION CENTER,14935 HOLLY KNOLL LANE,GAINESVILLE,VA,20155,Y,Y,1,1,1,1,2,2,5,5,1,1,0,77,Y,Y,Y,Y,3,3,2,2,0,0,N,N,N,N,Y,N,Y,N,Y,N,Y,N,Y,Y,Y,N,N,,,,,13,13,100,POINT (-78.666382 37.510861),POINT (-77.631291 38.785956)
-77.631291,38.785956,05/31/20,495424,LAKE MANASSAS HEALTH & REHABILITATION CENTER,14935 HOLLY KNOLL LANE,GAINESVILLE,VA,20155,Y,Y,0,1,0,1,0,2,1,6,0,1,0,90,Y,Y,Y,Y,0,3,0,2,0,0,N,N,N,N,Y,N,Y,N,Y,N,Y,N,Y,Y,Y,N,N,,,,,11.1,11.1,100,POINT (-78.666382 37.510861),POINT (-77.631291 38.785956)
-77.631291,38.785956,06/07/20,495424,LAKE MANASSAS HEALTH & REHABILITATION CENTER,14935 HOLLY KNOLL LANE,GAINESVILLE,VA,20155,Y,Y,0,1,0,1,0,2,1,7,0,1,120,104,Y,Y,Y,Y,0,3,0,2,0,0,N,N,N,N,Y,N,Y,N,Y,N,Y,N,Y,Y,Y,N,N,,,,,9.6,9.6,100,POINT (-78.666382 37.510861),POINT (-77.631291 38.785956)
-77.631291,38.785956,06/14/20,495424,LAKE MANASSAS HEALTH & REHABILITATION CENTER,14935 HOLLY KNOLL LANE,GAINESVILLE,VA,20155,Y,Y,0,1,0,1,0,2,1,8,0,1,120,110,Y,Y,Y,Y,0,3,0,2,0,0,N,N,N,N,Y,N,Y,N,Y,N,Y,N,Y,Y,Y,N,N,,,,,9.1,9.1,100,POINT (-78.666382 37.510861),POINT (-77.631291 38.785956)
-77.615017,37.52324,06/14/20,495257,THE LAURELS OF WILLOW CREEK,11611 ROBIOUS ROAD,MIDLOTHIAN,VA,23113,Y,Y,0,0,6,24,0,13,1,14,1,2,,90,Y,Y,Y,N,5,14,2,5,0,0,Y,N,Y,Y,Y,Y,Y,Y,Y,Y,Y,Y,Y,Y,Y,Y,N,,,,,266.7,22.2,8.3,POINT (-78.666382 37.510861),POINT (-77.615017 37.52324)
-77.615017,37.52324,05/24/20,495257,THE LAURELS OF WILLOW CREEK,11611 ROBIOUS ROAD,MIDLOTHIAN,VA,23113,Y,Y,0,0,0,0,3,3,5,5,0,0,120,108,Y,N,Y,N,2,2,0,0,0,0,N,N,N,N,Y,Y,Y,Y,Y,Y,Y,Y,Y,Y,Y,Y,N,,,,,0,0,,POINT (-78.666382 37.510861),POINT (-77.615017 37.52324)
-77.615017,37.52324,06/07/20,495257,THE LAURELS OF WILLOW CREEK,11611 ROBIOUS ROAD,MIDLOTHIAN,VA,23113,Y,Y,0,0,6,18,0,13,4,13,1,1,120,99,Y,Y,Y,N,2,9,1,3,0,0,Y,N,Y,Y,Y,Y,Y,Y,Y,Y,Y,Y,Y,Y,Y,Y,N,,,,,181.8,10.1,5.6,POINT (-78.666382 37.510861),POINT (-77.615017 37.52324)
-77.615017,37.52324,05/31/20,495257,THE LAURELS OF WILLOW CREEK,11611 ROBIOUS ROAD,MIDLOTHIAN,VA,23113,Y,Y,0,0,12,12,10,13,4,9,0,0,120,109,Y,N,Y,N,5,7,2,2,0,0,Y,N,Y,Y,Y,Y,Y,Y,Y,Y,Y,Y,Y,N,Y,Y,N,,,,,110.1,0,0,POINT (-78.666382 37.510861),POINT (-77.615017 37.52324)
-77.604787,38.803841,05/31/20,495388,GAINESVILLE HEALTH AND REHAB CENTER,7501 HERITAGE VILLAGE PLAZA,GAINESVILLE,VA,20155,Y,Y,2,9,2,35,2,18,1,12,0,7,120,87,Y,Y,N,N,0,10,2,5,0,0,N,N,N,N,Y,Y,Y,Y,Y,Y,Y,Y,Y,Y,Y,Y,N,,,,,402.3,80.5,20,POINT (-78.666382 37.510861),POINT (-77.604787 38.803841)
-77.604787,38.803841,06/14/20,495388,GAINESVILLE HEALTH AND REHAB CENTER,7501 HERITAGE VILLAGE PLAZA,GAINESVILLE,VA,20155,Y,Y,0,10,0,36,1,21,1,14,1,8,120,86,Y,Y,N,N,0,11,0,5,0,0,N,N,N,N,Y,Y,Y,Y,Y,Y,Y,Y,Y,Y,Y,Y,N,,,,,418.6,93,22.2,POINT (-78.666382 37.510861),POINT (-77.604787 38.803841)
-77.604787,38.803841,06/07/20,495388,GAINESVILLE HEALTH AND REHAB CENTER,7501 HERITAGE VILLAGE PLAZA,GAINESVILLE,VA,20155,Y,Y,1,10,1,36,2,20,1,13,0,7,120,87,Y,Y,N,N,1,11,0,5,0,0,N,N,N,N,Y,Y,Y,Y,Y,Y,Y,Y,Y,Y,Y,Y,N,,,,,413.8,80.5,19.4,POINT (-78.666382 37.510861),POINT (-77.604787 38.803841)
-77.604787,38.803841,05/24/20,495388,GAINESVILLE HEALTH AND REHAB CENTER,7501 HERITAGE VILLAGE PLAZA,GAINESVILLE,VA,20155,Y,Y,7,7,33,33,16,16,11,11,7,7,120,91,Y,Y,Y,N,10,10,3,3,0,0,N,N,N,N,Y,Y,Y,Y,Y,Y,Y,Y,Y,Y,Y,Y,N,,,,,362.6,76.9,21.2,POINT (-78.666382 37.510861),POINT (-77.604787 38.803841)
-77.572874,39.121625,05/24/20,495261,HERITAGE HALL LEESBURG,122 MORVEN PARK ROAD NW,LEESBURG,VA,20176,Y,Y,0,0,45,45,178,178,3,3,3,3,164,129,Y,N,Y,N,36,36,13,13,0,0,Y,N,Y,Y,Y,N,Y,Y,Y,Y,Y,N,Y,Y,Y,Y,N,,,,,348.8,23.3,6.7,POINT (-78.666382 37.510861),POINT (-77.572874 39.121625)
-77.572874,39.121625,06/14/20,495261,HERITAGE HALL LEESBURG,122 MORVEN PARK ROAD NW,LEESBURG,VA,20176,Y,Y,1,1,2,57,1,207,2,17,1,10,164,106,Y,N,Y,N,0,40,3,19,0,0,Y,N,Y,Y,Y,N,Y,Y,Y,Y,Y,Y,Y,Y,Y,Y,N,,,,,537.7,94.3,17.5,POINT (-78.666382 37.510861),POINT (-77.572874 39.121625)
-77.572874,39.121625,05/31/20,495261,HERITAGE HALL LEESBURG,122 MORVEN PARK ROAD NW,LEESBURG,VA,20176,Y,Y,0,0,5,50,8,186,4,7,3,6,164,120,Y,N,Y,N,4,40,1,14,0,0,Y,N,Y,Y,Y,N,Y,Y,Y,Y,Y,Y,Y,Y,Y,Y,N,,,,,416.7,50,12,POINT (-78.666382 37.510861),POINT (-77.572874 39.121625)
-77.572874,39.121625,06/07/20,495261,HERITAGE HALL LEESBURG,122 MORVEN PARK ROAD NW,LEESBURG,VA,20176,Y,Y,0,0,5,55,20,206,8,15,3,9,164,113,Y,N,Y,N,0,40,2,16,0,0,Y,N,Y,Y,Y,N,Y,Y,Y,Y,Y,Y,Y,Y,Y,Y,N,,,,,486.7,79.6,16.4,POINT (-78.666382 37.510861),POINT (-77.572874 39.121625)
-77.571958,37.629559,05/31/20,495109,THE LAURELS OF UNIVERSITY PARK,2420 PEMBERTON RD,RICHMOND,VA,23233,Y,Y,0,1,0,1,0,0,1,4,0,0,145,141,Y,N,Y,N,0,0,0,0,0,0,Y,N,Y,N,Y,Y,Y,Y,Y,Y,Y,Y,Y,Y,Y,Y,N,,,,,7.1,0,0,POINT (-78.666382 37.510861),POINT (-77.571958 37.629559)
-77.571958,37.629559,06/07/20,495109,THE LAURELS OF UNIVERSITY PARK,2420 PEMBERTON RD,RICHMOND,VA,23233,Y,Y,0,1,0,1,0,0,3,7,0,0,145,137,Y,N,Y,N,0,0,0,0,0,0,Y,N,Y,N,Y,Y,Y,Y,Y,Y,Y,Y,Y,Y,Y,Y,N,,,,,7.3,0,0,POINT (-78.666382 37.510861),POINT (-77.571958 37.629559)
-77.571958,37.629559,05/24/20,495109,THE LAURELS OF UNIVERSITY PARK,2420 PEMBERTON RD,RICHMOND,VA,23233,Y,Y,1,1,1,1,0,0,3,3,0,0,145,141,Y,N,Y,N,0,0,0,0,0,0,Y,N,Y,N,Y,Y,Y,Y,Y,Y,Y,Y,Y,Y,Y,Y,N,,,,,7.1,0,0,POINT (-78.666382 37.510861),POINT (-77.571958 37.629559)
-77.571958,37.629559,06/14/20,495109,THE LAURELS OF UNIVERSITY PARK,2420 PEMBERTON RD,RICHMOND,VA,23233,Y,Y,0,1,0,1,0,0,2,9,0,0,,138,Y,N,Y,N,1,1,0,0,0,0,Y,N,Y,N,Y,Y,Y,Y,Y,Y,Y,Y,Y,Y,Y,Y,N,,,,,7.2,0,0,POINT (-78.666382 37.510861),POINT (-77.571958 37.629559)
-77.566842,39.12081,06/14/20,495275,LOUDOUN NURSING AND REHAB CNTR,"235 OLD WATERFORD ROAD, NORTHWEST",LEESBURG,VA,20176,Y,Y,7,44,0,0,0,0,0,8,0,3,132,81,Y,N,Y,N,0,2,0,2,0,0,N,N,N,N,Y,Y,Y,Y,Y,Y,Y,Y,Y,Y,Y,Y,N,,,,,0,37,,POINT (-78.666382 37.510861),POINT (-77.566842 39.12081)
-77.566842,39.12081,05/24/20,495275,LOUDOUN NURSING AND REHAB CNTR,"235 OLD WATERFORD ROAD, NORTHWEST",LEESBURG,VA,20176,Y,Y,28,28,0,0,0,0,3,3,1,1,132,85,Y,N,Y,N,1,1,1,1,0,0,N,N,N,N,Y,Y,Y,Y,Y,Y,Y,Y,Y,Y,Y,Y,N,,,,,0,11.8,,POINT (-78.666382 37.510861),POINT (-77.566842 39.12081)
-77.566842,39.12081,05/31/20,495275,LOUDOUN NURSING AND REHAB CNTR,"235 OLD WATERFORD ROAD, NORTHWEST",LEESBURG,VA,20176,Y,Y,4,32,0,0,0,0,3,6,2,3,132,85,Y,N,Y,N,1,2,1,2,0,0,N,N,N,N,Y,Y,Y,Y,Y,Y,Y,Y,Y,Y,Y,Y,N,,,,,0,35.3,,POINT (-78.666382 37.510861),POINT (-77.566842 39.12081)
-77.566842,39.12081,06/07/20,495275,LOUDOUN NURSING AND REHAB CNTR,"235 OLD WATERFORD ROAD, NORTHWEST",LEESBURG,VA,20176,Y,Y,5,37,0,0,0,0,2,8,0,3,132,83,Y,N,Y,N,0,2,0,2,0,0,N,N,N,N,Y,Y,Y,Y,Y,Y,Y,Y,Y,Y,Y,Y,N,,,,,0,36.1,,POINT (-78.666382 37.510861),POINT (-77.566842 39.12081)
-77.563603,37.497081,05/24/20,495394,THE LAURELS OF BON AIR,9101 BON AIR CROSSINGS DRIVE,BON AIR,VA,23235,Y,Y,0,0,0,0,4,4,3,3,1,1,124,92,Y,Y,Y,N,2,2,0,0,0,0,N,N,N,N,Y,Y,Y,Y,Y,Y,Y,Y,Y,Y,Y,Y,N,,,,,0,10.9,,POINT (-78.666382 37.510861),POINT (-77.563603 37.497081)
-77.563603,37.497081,06/07/20,495394,THE LAURELS OF BON AIR,9101 BON AIR CROSSINGS DRIVE,BON AIR,VA,23235,Y,Y,0,0,0,0,0,4,0,3,0,1,124,111,Y,Y,Y,N,0,3,0,0,0,0,N,N,N,N,Y,Y,Y,Y,Y,Y,Y,Y,Y,Y,Y,Y,N,,,,,0,9,,POINT (-78.666382 37.510861),POINT (-77.563603 37.497081)
-77.563603,37.497081,06/14/20,495394,THE LAURELS OF BON AIR,9101 BON AIR CROSSINGS DRIVE,BON AIR,VA,23235,Y,Y,0,0,0,0,0,4,0,3,0,1,,106,Y,Y,Y,N,0,3,0,0,0,0,N,N,N,N,Y,Y,Y,Y,Y,Y,Y,Y,Y,Y,Y,Y,N,,,,,0,9.4,,POINT (-78.666382 37.510861),POINT (-77.563603 37.497081)
-77.563603,37.497081,05/31/20,495394,THE LAURELS OF BON AIR,9101 BON AIR CROSSINGS DRIVE,BON AIR,VA,23235,Y,Y,0,0,0,0,0,4,0,3,0,1,124,103,Y,Y,Y,N,1,3,0,0,0,0,N,N,N,N,Y,Y,Y,Y,Y,Y,Y,Y,Y,Y,Y,Y,N,,,,,0,9.7,,POINT (-78.666382 37.510861),POINT (-77.563603 37.497081)
-77.551544,37.602337,05/24/20,4.90E+152,LITTLE SISTERS OF THE POOR IN RICHMOND,1503 MICHAEL ROAD,RICHMOND,VA,23229,N,,,,,,,,,,,,,,,,,,,,,,,,,,,,,,,,,,,,,,,,,,,,,,,,POINT (-78.666382 37.510861),POINT (-77.551544 37.602337)
-77.551544,37.602337,06/07/20,4.90E+152,LITTLE SISTERS OF THE POOR IN RICHMOND,1503 MICHAEL ROAD,RICHMOND,VA,23229,N,,,,,,,,,,,,,,,,,,,,,,,,,,,,,,,,,,,,,,,,,,,,,,,,POINT (-78.666382 37.510861),POINT (-77.551544 37.602337)
-77.551544,37.602337,06/14/20,4.90E+152,LITTLE SISTERS OF THE POOR IN RICHMOND,1503 MICHAEL ROAD,RICHMOND,VA,23229,N,,,,,,,,,,,,,,,,,,,,,,,,,,,,,,,,,,,,,,,,,,,,,,,,POINT (-78.666382 37.510861),POINT (-77.551544 37.602337)
-77.551544,37.602337,05/31/20,4.90E+152,LITTLE SISTERS OF THE POOR IN RICHMOND,1503 MICHAEL ROAD,RICHMOND,VA,23229,N,,,,,,,,,,,,,,,,,,,,,,,,,,,,,,,,,,,,,,,,,,,,,,,,POINT (-78.666382 37.510861),POINT (-77.551544 37.602337)
-77.545745,38.288621,05/31/20,495396,CARRIAGE HILL HEALTH AND REHAB CENTER,6106 HEALTH CENTER LANE,FREDERICKSBURG,VA,22407,Y,Y,0,0,0,0,0,0,2,19,0,0,150,119,Y,Y,Y,N,1,1,1,6,0,0,N,N,N,N,Y,Y,Y,Y,Y,Y,Y,Y,Y,Y,Y,Y,N,,,,,0,0,,POINT (-78.666382 37.510861),POINT (-77.545745 38.288621)
-77.545745,38.288621,06/14/20,495396,CARRIAGE HILL HEALTH AND REHAB CENTER,6106 HEALTH CENTER LANE,FREDERICKSBURG,VA,22407,Y,Y,0,0,23,56,24,34,7,28,6,7,150,108,Y,Y,Y,N,21,25,9,17,0,0,N,N,Y,N,Y,Y,Y,Y,Y,Y,Y,Y,Y,Y,Y,Y,N,,,,,518.5,64.8,12.5,POINT (-78.666382 37.510861),POINT (-77.545745 38.288621)
-77.545745,38.288621,06/07/20,495396,CARRIAGE HILL HEALTH AND REHAB CENTER,6106 HEALTH CENTER LANE,FREDERICKSBURG,VA,22407,Y,Y,0,0,33,33,10,10,2,21,1,1,150,118,Y,Y,Y,N,3,4,2,8,0,0,N,N,N,N,Y,Y,Y,Y,Y,Y,Y,Y,Y,Y,Y,Y,N,,,,,279.7,8.5,3,POINT (-78.666382 37.510861),POINT (-77.545745 38.288621)
-77.545745,38.288621,05/24/20,495396,CARRIAGE HILL HEALTH AND REHAB CENTER,6106 HEALTH CENTER LANE,FREDERICKSBURG,VA,22407,Y,Y,0,0,0,0,0,0,17,17,0,0,150,128,Y,Y,Y,N,0,0,5,5,0,0,N,N,N,N,Y,Y,Y,Y,Y,Y,Y,Y,Y,Y,Y,Y,N,,,,,0,0,,POINT (-78.666382 37.510861),POINT (-77.545745 38.288621)
-77.541056,36.699811,05/31/20,495199,GREENSVILLE HEALTH AND REHABILITATION CENTER,214 WEAVER AVE,EMPORIA,VA,23847,Y,Y,0,0,2,2,7,7,0,0,1,1,65,54,Y,Y,N,Y,2,2,2,3,0,0,Y,Y,Y,Y,Y,Y,Y,Y,Y,Y,Y,Y,Y,Y,Y,Y,N,,,,,37,18.5,50,POINT (-78.666382 37.510861),POINT (-77.541056 36.699811)
-77.541056,36.699811,05/24/20,495199,GREENSVILLE HEALTH AND REHABILITATION CENTER,214 WEAVER AVE,EMPORIA,VA,23847,Y,Y,0,0,0,0,0,0,0,0,0,0,65,53,Y,Y,N,Y,0,0,1,1,0,0,Y,Y,Y,Y,Y,Y,Y,Y,Y,Y,Y,Y,Y,Y,Y,Y,N,,,,,0,0,,POINT (-78.666382 37.510861),POINT (-77.541056 36.699811)
-77.541056,36.699811,06/14/20,495199,GREENSVILLE HEALTH AND REHABILITATION CENTER,214 WEAVER AVE,EMPORIA,VA,23847,Y,Y,1,1,1,17,1,12,0,1,0,2,65,51,Y,Y,N,Y,1,7,0,14,0,0,N,N,N,N,Y,Y,Y,Y,Y,Y,Y,Y,Y,Y,Y,Y,N,,,,,333.3,39.2,11.8,POINT (-78.666382 37.510861),POINT (-77.541056 36.699811)
-77.541056,36.699811,06/07/20,495199,GREENSVILLE HEALTH AND REHABILITATION CENTER,214 WEAVER AVE,EMPORIA,VA,23847,Y,Y,0,0,14,16,4,11,1,1,1,2,65,51,Y,Y,N,Y,4,6,11,14,0,0,N,N,N,N,Y,Y,Y,Y,Y,Y,Y,Y,Y,Y,Y,Y,N,,,,,313.7,39.2,12.5,POINT (-78.666382 37.510861),POINT (-77.541056 36.699811)
-77.538298,36.698976,06/14/20,495375,ACCORDIUS HEALTH AT EMPORIA,200 WEAVER AVENUE,EMPORIA,VA,23847,Y,Y,0,8,0,4,0,12,0,6,0,6,120,78,Y,N,Y,Y,0,2,0,1,0,0,N,N,Y,N,Y,Y,Y,Y,Y,Y,Y,Y,Y,Y,Y,Y,N,,,,,51.3,76.9,150,POINT (-78.666382 37.510861),POINT (-77.538298 36.698976)
-77.538298,36.698976,05/24/20,495375,ACCORDIUS HEALTH AT EMPORIA,200 WEAVER AVENUE,EMPORIA,VA,23847,Y,Y,7,7,3,3,12,12,5,5,5,5,120,81,Y,Y,Y,N,2,2,0,0,0,0,N,N,Y,Y,Y,Y,Y,Y,Y,Y,Y,Y,Y,N,Y,Y,N,,,,,37,61.7,166.7,POINT (-78.666382 37.510861),POINT (-77.538298 36.698976)
-77.538298,36.698976,05/31/20,495375,ACCORDIUS HEALTH AT EMPORIA,200 WEAVER AVENUE,EMPORIA,VA,23847,Y,Y,1,8,1,4,0,12,0,5,0,5,120,82,Y,N,Y,N,0,2,1,1,0,0,Y,N,Y,N,Y,Y,Y,Y,Y,Y,Y,Y,Y,Y,Y,Y,N,,,,,48.8,61,125,POINT (-78.666382 37.510861),POINT (-77.538298 36.698976)
-77.538298,36.698976,06/07/20,495375,ACCORDIUS HEALTH AT EMPORIA,200 WEAVER AVENUE,EMPORIA,VA,23847,Y,Y,0,8,0,4,0,12,1,6,1,6,120,79,Y,N,Y,Y,0,2,0,1,0,0,N,N,N,N,Y,Y,Y,Y,Y,Y,Y,Y,Y,Y,Y,Y,N,,,,,50.6,75.9,150,POINT (-78.666382 37.510861),POINT (-77.538298 36.698976)
-77.532723,37.605156,06/07/20,495227,WESTPORT REHABILITATION AND NURSING CENTER,7300 FOREST AVE,RICHMOND,VA,23226,Y,Y,1,4,1,30,0,18,1,23,0,6,225,127,Y,Y,Y,N,2,7,3,7,0,0,Y,Y,Y,Y,Y,Y,Y,Y,Y,Y,Y,Y,Y,Y,Y,Y,N,,,,,236.2,47.2,20,POINT (-78.666382 37.510861),POINT (-77.532723 37.605156)
-77.532723,37.605156,06/14/20,495227,WESTPORT REHABILITATION AND NURSING CENTER,7300 FOREST AVE,RICHMOND,VA,23226,N,,0,4,0,30,0,18,0,23,0,6,225,,,,,,0,7,0,7,0,0,,,,,,,,,,,,,,,,,,,,,,,,20,POINT (-78.666382 37.510861),POINT (-77.532723 37.605156)
-77.532723,37.605156,05/31/20,495227,WESTPORT REHABILITATION AND NURSING CENTER,7300 FOREST AVE,RICHMOND,VA,23226,Y,Y,1,3,2,29,0,18,2,22,1,6,225,127,Y,Y,Y,N,2,5,1,4,0,0,Y,N,N,N,Y,Y,Y,Y,Y,Y,Y,Y,Y,Y,Y,Y,N,,,,,228.3,47.2,20.7,POINT (-78.666382 37.510861),POINT (-77.532723 37.605156)
-77.532723,37.605156,05/24/20,495227,WESTPORT REHABILITATION AND NURSING CENTER,7300 FOREST AVE,RICHMOND,VA,23226,Y,Y,2,2,27,27,18,18,20,20,5,5,225,134,Y,Y,Y,N,3,3,3,3,0,0,Y,Y,Y,Y,Y,Y,Y,Y,Y,Y,Y,Y,Y,Y,Y,Y,N,,,,,201.5,37.3,18.5,POINT (-78.666382 37.510861),POINT (-77.532723 37.605156)
-77.53049,37.537344,05/31/20,495423,BONVIEW REHABILITATION AND HEALTHCARE,7246 FOREST HILL AVE,RICHMOND,VA,23225,Y,Y,8,115,0,0,3,65,0,0,0,0,196,152,Y,Y,Y,N,1,1,0,14,0,0,N,N,N,N,Y,Y,Y,Y,Y,Y,Y,Y,Y,Y,Y,Y,N,,,,,0,0,,POINT (-78.666382 37.510861),POINT (-77.53049 37.537344)
-77.53049,37.537344,05/24/20,495423,BONVIEW REHABILITATION AND HEALTHCARE,7246 FOREST HILL AVE,RICHMOND,VA,23225,Y,Y,107,107,0,0,62,62,0,0,0,0,196,146,Y,Y,Y,N,0,0,14,14,0,0,N,N,N,N,Y,Y,Y,Y,Y,Y,Y,Y,Y,Y,Y,Y,N,,,,,0,0,,POINT (-78.666382 37.510861),POINT (-77.53049 37.537344)
-77.53049,37.537344,06/07/20,495423,BONVIEW REHABILITATION AND HEALTHCARE,7246 FOREST HILL AVE,RICHMOND,VA,23225,Y,Y,9,124,0,0,0,65,0,0,0,0,196,153,Y,Y,Y,N,0,1,0,14,0,0,N,N,N,N,Y,Y,Y,Y,Y,Y,Y,Y,Y,Y,Y,Y,N,,,,,0,0,,POINT (-78.666382 37.510861),POINT (-77.53049 37.537344)
-77.53049,37.537344,06/14/20,495423,BONVIEW REHABILITATION AND HEALTHCARE,7246 FOREST HILL AVE,RICHMOND,VA,23225,Y,Y,2,126,0,0,0,65,0,0,0,0,196,148,Y,Y,Y,N,0,1,0,14,0,0,N,N,N,N,Y,Y,Y,Y,Y,Y,Y,Y,Y,Y,Y,Y,N,,,,,0,0,,POINT (-78.666382 37.510861),POINT (-77.53049 37.537344)
-77.526244,38.291192,06/14/20,495240,FREDERICKSBURG HEALTH AND REHAB,3900 PLANK ROAD,FREDERICKSBURG,VA,22407,Y,Y,0,0,0,0,0,0,0,0,0,0,140,106,Y,N,N,Y,0,0,0,0,0,0,N,N,N,N,Y,Y,Y,Y,Y,Y,Y,Y,Y,Y,Y,Y,N,,,,,0,0,,POINT (-78.666382 37.510861),POINT (-77.526244 38.291192)
-77.526244,38.291192,06/07/20,495240,FREDERICKSBURG HEALTH AND REHAB,3900 PLANK ROAD,FREDERICKSBURG,VA,22407,Y,Y,0,0,0,0,0,0,0,0,0,0,140,104,Y,N,N,Y,0,0,0,0,0,0,N,N,N,N,Y,Y,Y,Y,Y,Y,Y,Y,Y,Y,Y,Y,N,,,,,0,0,,POINT (-78.666382 37.510861),POINT (-77.526244 38.291192)
-77.526244,38.291192,05/31/20,495240,FREDERICKSBURG HEALTH AND REHAB,3900 PLANK ROAD,FREDERICKSBURG,VA,22407,Y,Y,0,0,0,0,0,0,0,0,0,0,140,102,Y,N,N,Y,0,0,0,0,0,0,N,N,N,N,Y,Y,Y,Y,Y,Y,Y,Y,Y,Y,Y,N,N,,,,,0,0,,POINT (-78.666382 37.510861),POINT (-77.526244 38.291192)
-77.526244,38.291192,05/24/20,495240,FREDERICKSBURG HEALTH AND REHAB,3900 PLANK ROAD,FREDERICKSBURG,VA,22407,Y,Y,0,0,0,0,0,0,0,0,0,0,140,104,Y,N,N,Y,0,0,0,0,0,0,N,N,N,N,Y,Y,Y,Y,Y,Y,Y,Y,Y,Y,Y,Y,N,,,,,0,0,,POINT (-78.666382 37.510861),POINT (-77.526244 38.291192)
-77.525322,37.506287,05/24/20,495260,BEAUFONT HEALTH AND REHABILITATION CENTER,200 HIOAKS ROAD,RICHMOND,VA,23225,Y,Y,0,0,0,0,4,4,0,0,0,0,0,96,Y,Y,Y,Y,0,0,0,0,0,0,N,N,N,N,Y,Y,Y,Y,Y,Y,Y,N,Y,Y,Y,Y,N,,,,,0,0,,POINT (-78.666382 37.510861),POINT (-77.525322 37.506287)
-77.525322,37.506287,05/31/20,495260,BEAUFONT HEALTH AND REHABILITATION CENTER,200 HIOAKS ROAD,RICHMOND,VA,23225,Y,Y,0,0,0,0,1,5,0,0,0,0,0,95,Y,Y,Y,Y,0,0,0,0,0,0,N,N,N,N,Y,Y,Y,N,Y,Y,Y,Y,Y,Y,Y,Y,N,,,,,0,0,,POINT (-78.666382 37.510861),POINT (-77.525322 37.506287)
-77.525322,37.506287,06/07/20,495260,BEAUFONT HEALTH AND REHABILITATION CENTER,200 HIOAKS ROAD,RICHMOND,VA,23225,Y,Y,0,0,0,0,0,5,0,0,0,0,120,99,Y,Y,Y,Y,0,0,0,0,0,0,N,N,N,N,Y,Y,Y,N,Y,Y,Y,Y,Y,Y,Y,Y,N,,,,,0,0,,POINT (-78.666382 37.510861),POINT (-77.525322 37.506287)
-77.525322,37.506287,06/14/20,495260,BEAUFONT HEALTH AND REHABILITATION CENTER,200 HIOAKS ROAD,RICHMOND,VA,23225,Y,Y,0,0,0,0,0,5,0,0,0,0,120,98,Y,Y,Y,Y,0,0,0,0,0,0,N,N,N,N,Y,Y,Y,N,Y,Y,Y,Y,Y,Y,Y,Y,N,,,,,0,0,,POINT (-78.666382 37.510861),POINT (-77.525322 37.506287)
-77.522195,37.673318,06/14/20,495299,ELIZABETH ADAM CRUMP HEALTH AND REHAB,3600 MOUNTAIN ROAD,GLEN ALLEN,VA,23060,N,,,,,,,,,,,,,,,,,,,,,,,,,,,,,,,,,,,,,,,,,,,,,,,,POINT (-78.666382 37.510861),POINT (-77.522195 37.673318)
-77.522195,37.673318,05/24/20,495299,ELIZABETH ADAM CRUMP HEALTH AND REHAB,3600 MOUNTAIN ROAD,GLEN ALLEN,VA,23060,N,,,,,,,,,,,,,,,,,,,,,,,,,,,,,,,,,,,,,,,,,,,,,,,,POINT (-78.666382 37.510861),POINT (-77.522195 37.673318)
-77.522195,37.673318,05/31/20,495299,ELIZABETH ADAM CRUMP HEALTH AND REHAB,3600 MOUNTAIN ROAD,GLEN ALLEN,VA,23060,N,,,,,,,,,,,,,,,,,,,,,,,,,,,,,,,,,,,,,,,,,,,,,,,,POINT (-78.666382 37.510861),POINT (-77.522195 37.673318)
-77.522195,37.673318,06/07/20,495299,ELIZABETH ADAM CRUMP HEALTH AND REHAB,3600 MOUNTAIN ROAD,GLEN ALLEN,VA,23060,N,,,,,,,,,,,,,,,,,,,,,,,,,,,,,,,,,,,,,,,,,,,,,,,,POINT (-78.666382 37.510861),POINT (-77.522195 37.673318)
-77.508602,38.367724,05/24/20,495407,FALLS RUN NURSING AND REHAB CENTER,140 BRIMLEY DRIVE,FREDERICKSBURG,VA,22406,Y,Y,0,0,1,1,3,3,1,1,0,0,90,75,Y,Y,Y,N,0,0,0,0,0,0,N,N,N,N,Y,Y,Y,Y,Y,Y,Y,Y,Y,Y,Y,Y,N,,,,,13.3,0,0,POINT (-78.666382 37.510861),POINT (-77.508602 38.367724)
-77.508602,38.367724,05/31/20,495407,FALLS RUN NURSING AND REHAB CENTER,140 BRIMLEY DRIVE,FREDERICKSBURG,VA,22406,Y,Y,1,1,0,1,0,3,1,2,0,0,90,76,Y,Y,Y,N,0,0,0,0,0,0,N,N,N,N,Y,Y,Y,Y,Y,Y,Y,Y,Y,Y,Y,Y,N,,,,,13.2,0,0,POINT (-78.666382 37.510861),POINT (-77.508602 38.367724)
-77.508602,38.367724,06/07/20,495407,FALLS RUN NURSING AND REHAB CENTER,140 BRIMLEY DRIVE,FREDERICKSBURG,VA,22406,Y,Y,0,1,0,1,0,3,0,2,0,0,90,78,Y,Y,Y,N,0,0,0,0,0,0,N,N,N,N,Y,Y,Y,Y,Y,Y,Y,Y,Y,Y,Y,Y,N,,,,,12.8,0,0,POINT (-78.666382 37.510861),POINT (-77.508602 38.367724)
-77.508602,38.367724,06/14/20,495407,FALLS RUN NURSING AND REHAB CENTER,140 BRIMLEY DRIVE,FREDERICKSBURG,VA,22406,Y,Y,0,1,0,1,0,3,3,5,0,0,90,78,Y,Y,Y,N,0,0,0,0,0,0,N,N,N,N,Y,Y,Y,Y,Y,Y,Y,Y,Y,Y,Y,Y,N,,,,,12.8,0,0,POINT (-78.666382 37.510861),POINT (-77.508602 38.367724)
-77.506952,37.38301,06/07/20,495079,HEALTH CARE CENTER LUCY CORR,6800 LUCY CORR BLVD,CHESTERFIELD,VA,23832,Y,Y,0,0,0,0,0,21,1,19,0,0,216,173,Y,Y,N,N,0,1,1,31,0,0,N,N,N,N,Y,Y,Y,Y,Y,Y,Y,Y,Y,Y,Y,Y,N,,,,,0,0,,POINT (-78.666382 37.510861),POINT (-77.506952 37.38301)
-77.506952,37.38301,05/24/20,495079,HEALTH CARE CENTER LUCY CORR,6800 LUCY CORR BLVD,CHESTERFIELD,VA,23832,Y,Y,0,0,0,0,21,21,18,18,0,0,216,176,Y,Y,N,N,1,1,26,26,0,0,N,N,N,N,Y,Y,Y,Y,Y,Y,Y,N,Y,Y,Y,Y,N,,,,,0,0,,POINT (-78.666382 37.510861),POINT (-77.506952 37.38301)
-77.506952,37.38301,05/31/20,495079,HEALTH CARE CENTER LUCY CORR,6800 LUCY CORR BLVD,CHESTERFIELD,VA,23832,Y,Y,0,0,0,0,0,21,0,18,0,0,216,174,Y,Y,N,N,0,1,4,30,0,0,N,N,N,N,Y,Y,Y,Y,Y,Y,Y,Y,Y,Y,Y,Y,N,,,,,0,0,,POINT (-78.666382 37.510861),POINT (-77.506952 37.38301)
-77.506952,37.38301,06/14/20,495079,HEALTH CARE CENTER LUCY CORR,6800 LUCY CORR BLVD,CHESTERFIELD,VA,23832,Y,Y,0,0,0,0,0,21,2,21,0,0,216,171,Y,Y,N,N,0,1,0,31,0,0,Y,Y,Y,Y,Y,Y,Y,Y,Y,Y,Y,Y,Y,Y,Y,N,N,,,,,0,0,,POINT (-78.666382 37.510861),POINT (-77.506952 37.38301)
-77.505068,37.588812,05/24/20,495391,GLENBURNIE REHAB & NURSING CENTER,1901 LIBBIE AVE,RICHMOND,VA,23226,Y,Y,4,4,34,34,0,0,1,1,4,4,125,87,Y,N,Y,N,8,8,0,0,0,0,N,N,N,N,Y,N,Y,Y,Y,Y,Y,Y,Y,Y,Y,Y,,,,,,390.8,46,11.8,POINT (-78.666382 37.510861),POINT (-77.505068 37.588812)
-77.505068,37.588812,05/31/20,495391,GLENBURNIE REHAB & NURSING CENTER,1901 LIBBIE AVE,RICHMOND,VA,23226,Y,Y,2,6,0,34,0,0,5,6,4,8,125,77,Y,N,Y,N,2,10,0,0,0,0,N,N,N,N,N,N,N,N,N,N,N,N,N,N,N,N,,,,,,441.6,103.9,23.5,POINT (-78.666382 37.510861),POINT (-77.505068 37.588812)
-77.505068,37.588812,06/07/20,495391,GLENBURNIE REHAB & NURSING CENTER,1901 LIBBIE AVE,RICHMOND,VA,23226,Y,Y,0,6,34,68,0,0,4,10,3,11,125,65,Y,N,Y,N,0,10,0,0,0,0,N,N,N,N,N,N,N,N,N,N,N,N,N,N,N,N,,,,,,1046.2,169.2,16.2,POINT (-78.666382 37.510861),POINT (-77.505068 37.588812)
-77.505068,37.588812,06/14/20,495391,GLENBURNIE REHAB & NURSING CENTER,1901 LIBBIE AVE,RICHMOND,VA,23226,Y,Y,1,7,1,69,0,0,0,10,0,11,125,63,Y,N,Y,N,2,12,0,0,0,0,N,N,N,N,Y,Y,Y,Y,Y,Y,Y,Y,Y,Y,Y,Y,,,,,,1095.2,174.6,15.9,POINT (-78.666382 37.510861),POINT (-77.505068 37.588812)
-77.50255,38.77161,06/14/20,495038,MANASSAS HEALTH AND REHAB CENTER,8575 RIXLEW LANE,MANASSAS,VA,20109,Y,Y,2,3,0,11,7,31,1,4,1,3,120,98,Y,Y,Y,N,0,0,1,9,0,0,N,N,N,N,Y,Y,Y,Y,Y,Y,Y,Y,Y,Y,Y,Y,N,,,,,112.2,30.6,27.3,POINT (-78.666382 37.510861),POINT (-77.50255 38.77161)
-77.50255,38.77161,06/07/20,495038,MANASSAS HEALTH AND REHAB CENTER,8575 RIXLEW LANE,MANASSAS,VA,20109,Y,Y,1,1,2,11,1,24,0,3,0,2,120,98,Y,Y,Y,N,0,0,0,8,0,0,N,N,N,N,Y,Y,Y,Y,Y,Y,Y,Y,Y,Y,Y,Y,N,,,,,112.2,20.4,18.2,POINT (-78.666382 37.510861),POINT (-77.50255 38.77161)
-77.50255,38.77161,05/31/20,495038,MANASSAS HEALTH AND REHAB CENTER,8575 RIXLEW LANE,MANASSAS,VA,20109,Y,Y,0,0,4,9,5,23,0,3,0,2,120,99,Y,Y,Y,N,0,0,1,8,0,0,N,N,N,N,Y,Y,Y,Y,Y,Y,Y,Y,Y,Y,Y,Y,N,,,,,90.9,20.2,22.2,POINT (-78.666382 37.510861),POINT (-77.50255 38.77161)
-77.50255,38.77161,05/24/20,495038,MANASSAS HEALTH AND REHAB CENTER,8575 RIXLEW LANE,MANASSAS,VA,20109,Y,Y,0,0,5,5,18,18,3,3,2,2,120,113,Y,Y,Y,N,0,0,7,7,0,0,N,N,N,N,Y,Y,Y,Y,Y,Y,Y,Y,Y,Y,Y,Y,N,,,,,44.2,17.7,40,POINT (-78.666382 37.510861),POINT (-77.50255 38.77161)
-77.496586,37.767597,06/07/20,495362,ASHLAND NURSING AND REHABILITATION,906 THOMPSON STREET,ASHLAND,VA,23005,Y,N,0,0,0,0,0,0,0,0,0,0,190,152,Y,Y,N,N,8,21,0,0,0,0,N,N,N,N,Y,Y,Y,Y,Y,Y,Y,Y,Y,Y,Y,Y,N,,,,,0,0,,POINT (-78.666382 37.510861),POINT (-77.496586 37.767597)
-77.496586,37.767597,05/31/20,495362,ASHLAND NURSING AND REHABILITATION,906 THOMPSON STREET,ASHLAND,VA,23005,Y,N,0,0,0,0,0,0,0,0,0,0,190,151,Y,Y,N,N,5,13,0,0,0,0,N,N,N,N,Y,Y,Y,Y,Y,Y,Y,Y,Y,Y,Y,Y,N,,,,,0,0,,POINT (-78.666382 37.510861),POINT (-77.496586 37.767597)
-77.496586,37.767597,05/24/20,495362,ASHLAND NURSING AND REHABILITATION,906 THOMPSON STREET,ASHLAND,VA,23005,Y,N,0,0,0,0,0,0,0,0,0,0,190,153,Y,Y,N,N,8,8,0,0,0,0,N,N,N,N,Y,Y,Y,Y,Y,Y,Y,Y,Y,Y,Y,Y,N,,,,,0,0,,POINT (-78.666382 37.510861),POINT (-77.496586 37.767597)
-77.496586,37.767597,06/14/20,495362,ASHLAND NURSING AND REHABILITATION,906 THOMPSON STREET,ASHLAND,VA,23005,Y,N,0,0,0,0,0,0,0,0,0,0,190,145,Y,Y,N,N,4,25,0,0,0,0,N,N,N,N,Y,Y,Y,Y,Y,Y,Y,Y,Y,Y,Y,Y,N,,,,,0,0,,POINT (-78.666382 37.510861),POINT (-77.496586 37.767597)
-77.493313,37.638594,06/14/20,495097,PARHAM HEALTH CARE & REHAB CEN,2400 E PARHAM ROAD,RICHMOND,VA,23228,Y,Y,0,0,0,0,0,0,1,8,0,0,180,147,Y,Y,Y,Y,0,0,0,0,0,0,N,N,N,N,Y,Y,Y,Y,Y,Y,Y,Y,Y,Y,Y,Y,N,,,,,0,0,,POINT (-78.666382 37.510861),POINT (-77.493313 37.638594)
-77.493313,37.638594,05/24/20,495097,PARHAM HEALTH CARE & REHAB CEN,2400 E PARHAM ROAD,RICHMOND,VA,23228,Y,Y,0,0,0,0,0,0,5,5,0,0,0,148,Y,Y,Y,Y,0,0,0,0,0,0,N,N,N,N,Y,Y,Y,Y,Y,Y,Y,Y,Y,Y,Y,Y,N,,,,,0,0,,POINT (-78.666382 37.510861),POINT (-77.493313 37.638594)
-77.493313,37.638594,05/31/20,495097,PARHAM HEALTH CARE & REHAB CEN,2400 E PARHAM ROAD,RICHMOND,VA,23228,Y,Y,0,0,0,0,0,0,1,6,0,0,0,149,Y,Y,Y,Y,0,0,0,0,0,0,N,N,N,N,Y,Y,Y,Y,Y,Y,Y,Y,Y,Y,Y,Y,N,,,,,0,0,,POINT (-78.666382 37.510861),POINT (-77.493313 37.638594)
-77.493313,37.638594,06/07/20,495097,PARHAM HEALTH CARE & REHAB CEN,2400 E PARHAM ROAD,RICHMOND,VA,23228,Y,Y,0,0,0,0,0,0,1,7,0,0,180,148,Y,Y,Y,Y,0,0,0,0,0,0,N,N,N,N,Y,Y,Y,Y,Y,Y,Y,Y,Y,Y,Y,Y,N,,,,,0,0,,POINT (-78.666382 37.510861),POINT (-77.493313 37.638594)
-77.484199,37.184126,05/31/20,495398,DINWIDDIE HEALTH AND REHAB CENTER,46 DIAMOND DRIVE,PETERSBURG,VA,23803,Y,Y,0,0,0,0,0,5,0,13,0,0,60,59,Y,Y,Y,N,0,0,1,3,0,0,N,N,N,N,Y,Y,Y,Y,Y,Y,Y,Y,Y,Y,Y,Y,N,,,,,0,0,,POINT (-78.666382 37.510861),POINT (-77.484199 37.184126)
-77.484199,37.184126,05/24/20,495398,DINWIDDIE HEALTH AND REHAB CENTER,46 DIAMOND DRIVE,PETERSBURG,VA,23803,Y,Y,0,0,0,0,5,5,13,13,0,0,60,55,Y,Y,Y,N,0,0,2,2,0,0,N,N,N,N,Y,Y,Y,Y,Y,Y,Y,Y,Y,Y,Y,Y,N,,,,,0,0,,POINT (-78.666382 37.510861),POINT (-77.484199 37.184126)
-77.484199,37.184126,06/07/20,495398,DINWIDDIE HEALTH AND REHAB CENTER,46 DIAMOND DRIVE,PETERSBURG,VA,23803,Y,Y,0,0,0,0,1,6,0,13,0,0,60,57,Y,Y,Y,N,0,0,0,3,0,0,N,N,N,N,Y,Y,Y,Y,Y,Y,Y,Y,Y,Y,Y,Y,N,,,,,0,0,,POINT (-78.666382 37.510861),POINT (-77.484199 37.184126)
-77.484199,37.184126,06/14/20,495398,DINWIDDIE HEALTH AND REHAB CENTER,46 DIAMOND DRIVE,PETERSBURG,VA,23803,Y,Y,0,0,0,0,10,16,0,13,0,0,60,54,Y,Y,Y,N,1,1,0,3,0,0,N,N,N,N,Y,Y,Y,Y,Y,Y,Y,Y,Y,Y,Y,Y,N,,,,,0,0,,POINT (-78.666382 37.510861),POINT (-77.484199 37.184126)
-77.483105,37.353122,06/14/20,495401,TYLER'S RETREAT AT IRON BRIDGE,12001 IRON BRIDGE RD,CHESTER,VA,23831,Y,Y,0,0,0,0,0,8,0,2,0,0,90,74,Y,N,Y,N,0,0,0,1,0,0,N,N,Y,N,Y,Y,Y,Y,Y,Y,Y,Y,Y,Y,Y,Y,N,,,,,0,0,,POINT (-78.666382 37.510861),POINT (-77.483105 37.353122)
-77.483105,37.353122,06/07/20,495401,TYLER'S RETREAT AT IRON BRIDGE,12001 IRON BRIDGE RD,CHESTER,VA,23831,Y,Y,0,0,0,0,0,8,0,2,0,0,90,77,Y,N,Y,N,0,0,0,1,0,0,N,N,Y,N,Y,Y,Y,Y,Y,Y,Y,Y,Y,Y,Y,Y,N,,,,,0,0,,POINT (-78.666382 37.510861),POINT (-77.483105 37.353122)
-77.483105,37.353122,05/31/20,495401,TYLER'S RETREAT AT IRON BRIDGE,12001 IRON BRIDGE RD,CHESTER,VA,23831,Y,Y,0,0,0,0,1,8,1,2,0,0,90,80,Y,N,Y,N,0,0,1,1,0,0,N,N,Y,N,Y,Y,Y,Y,Y,Y,Y,Y,Y,Y,N,Y,N,,,,,0,0,,POINT (-78.666382 37.510861),POINT (-77.483105 37.353122)
-77.483105,37.353122,05/24/20,495401,TYLER'S RETREAT AT IRON BRIDGE,12001 IRON BRIDGE RD,CHESTER,VA,23831,Y,Y,0,0,0,0,7,7,1,1,0,0,90,78,Y,N,Y,N,0,0,0,0,0,0,N,N,Y,N,Y,Y,Y,Y,Y,Y,Y,Y,Y,Y,Y,Y,N,,,,,0,0,,POINT (-78.666382 37.510861),POINT (-77.483105 37.353122)
-77.481539,37.519708,05/24/20,495327,ENVOY OF WESTOVER HILLS,4403 FOREST HILL AVENUE,RICHMOND,VA,23225,Y,Y,0,0,0,0,1,1,10,10,0,0,174,137,Y,Y,N,N,0,0,6,6,0,0,N,N,Y,N,Y,Y,Y,Y,Y,Y,Y,N,Y,Y,Y,N,N,,,,,0,0,,POINT (-78.666382 37.510861),POINT (-77.481539 37.519708)
-77.481539,37.519708,05/31/20,495327,ENVOY OF WESTOVER HILLS,4403 FOREST HILL AVENUE,RICHMOND,VA,23225,Y,Y,0,0,0,0,0,1,0,10,0,0,174,136,Y,Y,N,N,0,0,1,7,0,0,N,N,Y,N,Y,Y,Y,Y,Y,Y,Y,Y,Y,Y,Y,N,N,,,,,0,0,,POINT (-78.666382 37.510861),POINT (-77.481539 37.519708)
-77.481539,37.519708,06/07/20,495327,ENVOY OF WESTOVER HILLS,4403 FOREST HILL AVENUE,RICHMOND,VA,23225,Y,Y,0,0,0,0,0,1,1,11,0,0,174,134,Y,Y,N,N,0,0,0,7,0,0,N,N,Y,N,Y,Y,Y,Y,Y,Y,Y,N,Y,Y,Y,N,N,,,,,0,0,,POINT (-78.666382 37.510861),POINT (-77.481539 37.519708)
-77.481539,37.519708,06/14/20,495327,ENVOY OF WESTOVER HILLS,4403 FOREST HILL AVENUE,RICHMOND,VA,23225,Y,Y,0,0,0,0,0,1,0,11,0,0,174,134,Y,Y,N,N,0,0,1,8,0,0,N,N,Y,N,Y,Y,Y,Y,Y,Y,Y,Y,Y,Y,Y,N,N,,,,,0,0,,POINT (-78.666382 37.510861),POINT (-77.481539 37.519708)
-77.472787,37.61676,06/07/20,495045,MANORCARE HEALTH SERVICES-RICHMOND,2125 HILLIARD ROAD,RICHMOND,VA,23228,Y,Y,0,1,0,6,0,5,0,2,0,0,194,136,Y,Y,N,N,1,6,0,0,0,0,N,N,N,N,Y,Y,Y,Y,Y,Y,Y,Y,Y,Y,Y,Y,N,,,,,44.1,0,0,POINT (-78.666382 37.510861),POINT (-77.472787 37.61676)
-77.472787,37.61676,06/14/20,495045,MANORCARE HEALTH SERVICES-RICHMOND,2125 HILLIARD ROAD,RICHMOND,VA,23228,Y,Y,0,1,0,6,0,5,0,2,0,0,194,140,Y,Y,N,N,0,6,0,0,0,0,N,N,N,N,Y,Y,Y,Y,Y,Y,Y,Y,Y,Y,Y,Y,N,,,,,42.9,0,0,POINT (-78.666382 37.510861),POINT (-77.472787 37.61676)
-77.472787,37.61676,05/31/20,495045,MANORCARE HEALTH SERVICES-RICHMOND,2125 HILLIARD ROAD,RICHMOND,VA,23228,Y,Y,0,1,0,6,0,5,0,2,0,0,194,139,Y,Y,N,N,0,5,0,0,0,0,N,N,N,N,Y,Y,Y,Y,Y,Y,Y,Y,Y,Y,Y,Y,N,,,,,43.2,0,0,POINT (-78.666382 37.510861),POINT (-77.472787 37.61676)
-77.472787,37.61676,05/24/20,495045,MANORCARE HEALTH SERVICES-RICHMOND,2125 HILLIARD ROAD,RICHMOND,VA,23228,Y,Y,1,1,6,6,5,5,2,2,0,0,194,139,Y,Y,N,N,5,5,0,0,0,0,N,N,N,N,Y,Y,Y,Y,Y,Y,Y,Y,Y,Y,Y,Y,N,,,,,43.2,0,0,POINT (-78.666382 37.510861),POINT (-77.472787 37.61676)
-77.471972,37.540761,05/24/20,4.90E+85,THE VIRGINIA HOME,1101 HAMPTON ST,RICHMOND,VA,23220,Y,Y,2,2,13,13,55,55,1,1,0,0,130,126,Y,Y,Y,N,3,3,84,84,0,0,N,N,N,N,Y,Y,Y,Y,Y,Y,Y,Y,Y,Y,Y,Y,N,,,,,103.2,0,0,POINT (-78.666382 37.510861),POINT (-77.47197200000001 37.540761)
-77.471972,37.540761,06/14/20,4.90E+85,THE VIRGINIA HOME,1101 HAMPTON ST,RICHMOND,VA,23220,Y,Y,0,2,0,13,0,55,1,2,0,0,130,122,Y,Y,Y,N,0,3,3,87,0,0,N,N,N,N,Y,N,Y,Y,Y,Y,Y,Y,Y,Y,Y,Y,N,,,,,106.6,0,0,POINT (-78.666382 37.510861),POINT (-77.47197200000001 37.540761)
-77.471972,37.540761,05/31/20,4.90E+85,THE VIRGINIA HOME,1101 HAMPTON ST,RICHMOND,VA,23220,Y,Y,0,2,0,13,0,55,0,1,0,0,130,126,Y,Y,Y,N,0,3,0,84,0,0,N,N,N,N,Y,Y,Y,Y,Y,Y,Y,Y,Y,Y,Y,Y,N,,,,,103.2,0,0,POINT (-78.666382 37.510861),POINT (-77.47197200000001 37.540761)
-77.471972,37.540761,06/07/20,4.90E+85,THE VIRGINIA HOME,1101 HAMPTON ST,RICHMOND,VA,23220,Y,Y,0,2,0,13,0,55,0,1,0,0,130,123,Y,Y,Y,N,0,3,0,84,0,0,N,N,N,N,Y,N,Y,Y,Y,Y,Y,Y,Y,Y,Y,Y,N,,,,,105.7,0,0,POINT (-78.666382 37.510861),POINT (-77.47197200000001 37.540761)
-77.47019,37.494022,06/14/20,495393,SITTER AND BARFOOT VETERANS CARE CENTER,1601 BROADROCK BLVD,RICHMOND,VA,23224,Y,Y,0,0,0,0,0,0,0,0,0,0,200,173,Y,Y,Y,Y,0,0,0,0,0,0,N,N,N,N,Y,Y,Y,Y,Y,Y,Y,Y,Y,Y,Y,Y,N,,,,,0,0,,POINT (-78.666382 37.510861),POINT (-77.47019 37.494022)
-77.47019,37.494022,06/07/20,495393,SITTER AND BARFOOT VETERANS CARE CENTER,1601 BROADROCK BLVD,RICHMOND,VA,23224,Y,Y,0,0,0,0,0,0,0,0,0,0,200,174,Y,Y,Y,Y,0,0,0,0,0,0,N,N,N,N,Y,Y,Y,Y,Y,Y,Y,Y,Y,Y,Y,Y,N,,,,,0,0,,POINT (-78.666382 37.510861),POINT (-77.47019 37.494022)
-77.47019,37.494022,05/31/20,495393,SITTER AND BARFOOT VETERANS CARE CENTER,1601 BROADROCK BLVD,RICHMOND,VA,23224,Y,Y,0,0,0,0,0,0,0,0,0,0,200,174,Y,Y,Y,Y,0,0,0,0,0,0,N,N,N,N,Y,Y,Y,Y,Y,Y,Y,Y,Y,Y,Y,Y,N,,,,,0,0,,POINT (-78.666382 37.510861),POINT (-77.47019 37.494022)
-77.47019,37.494022,05/24/20,495393,SITTER AND BARFOOT VETERANS CARE CENTER,1601 BROADROCK BLVD,RICHMOND,VA,23224,Y,Y,0,0,0,0,0,0,0,0,0,0,200,178,Y,Y,Y,Y,0,0,0,0,0,0,N,N,N,N,Y,Y,Y,Y,Y,Y,Y,Y,Y,Y,Y,Y,N,,,,,0,0,,POINT (-78.666382 37.510861),POINT (-77.47019 37.494022)
-77.46841,37.590319,06/14/20,495283,MANORCARE HEALTH SERVICES-IMPERIAL,1719 BELLEVUE AVENUE,RICHMOND,VA,23227,Y,Y,0,1,0,0,1,3,0,4,0,0,128,86,Y,Y,N,N,0,0,0,10,0,0,N,N,N,N,Y,Y,Y,Y,Y,Y,Y,Y,Y,Y,Y,Y,N,,,,,0,0,,POINT (-78.666382 37.510861),POINT (-77.46841 37.59031900000001)
-77.46841,37.590319,06/07/20,495283,MANORCARE HEALTH SERVICES-IMPERIAL,1719 BELLEVUE AVENUE,RICHMOND,VA,23227,Y,Y,0,1,0,0,0,2,1,4,0,0,128,85,Y,Y,N,N,0,0,0,10,0,0,N,N,N,N,Y,Y,Y,Y,Y,Y,Y,Y,Y,Y,Y,Y,N,,,,,0,0,,POINT (-78.666382 37.510861),POINT (-77.46841 37.59031900000001)
-77.46841,37.590319,05/31/20,495283,MANORCARE HEALTH SERVICES-IMPERIAL,1719 BELLEVUE AVENUE,RICHMOND,VA,23227,Y,Y,0,1,0,0,0,2,1,3,0,0,128,78,Y,Y,N,N,0,0,4,10,0,0,N,N,N,N,Y,Y,Y,Y,Y,Y,Y,Y,Y,Y,Y,Y,N,,,,,0,0,,POINT (-78.666382 37.510861),POINT (-77.46841 37.59031900000001)
-77.46841,37.590319,05/24/20,495283,MANORCARE HEALTH SERVICES-IMPERIAL,1719 BELLEVUE AVENUE,RICHMOND,VA,23227,Y,Y,1,1,0,0,2,2,2,2,0,0,128,76,Y,Y,N,N,0,0,6,6,0,0,N,N,N,N,Y,Y,Y,Y,Y,Y,Y,Y,Y,Y,Y,Y,N,,,,,0,0,,POINT (-78.666382 37.510861),POINT (-77.46841 37.59031900000001)
-77.460648,37.596431,06/14/20,495096,WESTMINSTER-CANTERBURY OF RICHMOND,1600 WESTBROOK AVE,RICHMOND,VA,23227,Y,Y,0,2,0,1,0,16,1,42,0,0,158,132,Y,Y,Y,N,0,5,1,55,0,0,N,N,Y,N,Y,Y,Y,Y,Y,Y,Y,Y,Y,Y,Y,Y,N,,,,,7.6,0,0,POINT (-78.666382 37.510861),POINT (-77.460648 37.596431)
-77.460648,37.596431,05/24/20,495096,WESTMINSTER-CANTERBURY OF RICHMOND,1600 WESTBROOK AVE,RICHMOND,VA,23227,Y,Y,2,2,0,0,16,16,36,36,0,0,158,138,Y,Y,Y,N,4,4,52,52,0,0,N,N,Y,N,Y,Y,Y,Y,Y,Y,Y,Y,Y,Y,Y,Y,N,,,,,0,0,,POINT (-78.666382 37.510861),POINT (-77.460648 37.596431)
-77.460648,37.596431,06/07/20,495096,WESTMINSTER-CANTERBURY OF RICHMOND,1600 WESTBROOK AVE,RICHMOND,VA,23227,Y,Y,0,2,1,1,0,16,3,41,0,0,158,137,Y,Y,Y,N,0,5,1,54,0,0,N,N,Y,N,Y,Y,Y,Y,Y,Y,Y,Y,Y,Y,Y,Y,N,,,,,7.3,0,0,POINT (-78.666382 37.510861),POINT (-77.460648 37.596431)
-77.460648,37.596431,05/31/20,495096,WESTMINSTER-CANTERBURY OF RICHMOND,1600 WESTBROOK AVE,RICHMOND,VA,23227,Y,Y,0,2,0,0,0,16,2,38,0,0,158,138,Y,Y,Y,N,1,5,1,53,0,0,N,N,Y,N,Y,Y,Y,Y,Y,Y,Y,Y,Y,Y,Y,Y,N,,,,,0,0,,POINT (-78.666382 37.510861),POINT (-77.460648 37.596431)
-77.454076,38.764961,05/31/20,495390,BIRMINGHAM GREEN,8605 CENTREVILLE ROAD,MANASSAS,VA,20110,Y,Y,2,9,22,37,0,4,6,24,6,21,180,127,Y,Y,Y,N,14,21,0,7,0,0,N,N,N,N,Y,Y,Y,Y,Y,Y,Y,Y,Y,Y,Y,Y,N,,,,,291.3,165.4,56.8,POINT (-78.666382 37.510861),POINT (-77.454076 38.764961)
-77.454076,38.764961,05/24/20,495390,BIRMINGHAM GREEN,8605 CENTREVILLE ROAD,MANASSAS,VA,20110,Y,Y,7,7,15,15,4,4,18,18,15,15,180,136,Y,Y,Y,N,7,7,7,7,0,0,N,N,N,N,Y,Y,Y,Y,Y,Y,Y,Y,Y,Y,Y,Y,N,,,,,110.3,110.3,100,POINT (-78.666382 37.510861),POINT (-77.454076 38.764961)
-77.454076,38.764961,06/07/20,495390,BIRMINGHAM GREEN,8605 CENTREVILLE ROAD,MANASSAS,VA,20110,Y,Y,0,9,0,37,1,5,2,26,1,22,180,127,Y,Y,Y,N,0,21,1,8,0,0,N,N,N,N,Y,Y,Y,Y,Y,Y,Y,Y,Y,Y,Y,Y,N,,,,,291.3,173.2,59.5,POINT (-78.666382 37.510861),POINT (-77.454076 38.764961)
-77.454076,38.764961,06/14/20,495390,BIRMINGHAM GREEN,8605 CENTREVILLE ROAD,MANASSAS,VA,20110,Y,Y,1,10,0,37,1,6,2,28,2,24,180,124,Y,Y,Y,N,1,22,0,8,0,0,N,N,N,N,Y,Y,Y,Y,Y,Y,Y,Y,Y,Y,Y,Y,N,,,,,298.4,193.5,64.9,POINT (-78.666382 37.510861),POINT (-77.454076 38.764961)
-77.453235,39.030773,05/24/20,495416,ASHBY PONDS INC,21160 MAPLE BRANCH TERRACE,ASHBURN,VA,20147,Y,Y,3,3,3,3,0,0,4,4,4,4,44,34,Y,Y,Y,N,4,4,5,5,0,0,Y,N,Y,Y,Y,Y,Y,Y,Y,Y,Y,Y,Y,Y,Y,Y,N,,,,,88.2,117.6,133.3,POINT (-78.666382 37.510861),POINT (-77.453235 39.030773)
-77.453235,39.030773,05/31/20,495416,ASHBY PONDS INC,21160 MAPLE BRANCH TERRACE,ASHBURN,VA,20147,Y,Y,1,4,1,4,0,0,3,7,3,7,44,30,Y,Y,Y,N,2,6,1,6,0,0,N,N,N,Y,Y,Y,Y,Y,Y,Y,Y,Y,Y,Y,Y,Y,N,,,,,133.3,233.3,175,POINT (-78.666382 37.510861),POINT (-77.453235 39.030773)
-77.453235,39.030773,06/07/20,495416,ASHBY PONDS INC,21160 MAPLE BRANCH TERRACE,ASHBURN,VA,20147,Y,Y,4,8,4,8,0,0,1,8,1,8,44,28,Y,Y,Y,N,1,7,1,7,0,0,Y,N,N,Y,Y,Y,Y,Y,Y,Y,Y,Y,Y,Y,Y,Y,N,,,,,285.7,285.7,100,POINT (-78.666382 37.510861),POINT (-77.453235 39.030773)
-77.453235,39.030773,06/14/20,495416,ASHBY PONDS INC,21160 MAPLE BRANCH TERRACE,ASHBURN,VA,20147,Y,Y,4,12,0,8,0,0,0,8,0,8,44,30,Y,Y,Y,N,2,9,1,8,0,0,Y,N,N,N,Y,Y,Y,Y,Y,Y,Y,Y,Y,Y,Y,Y,N,,,,,266.7,266.7,100,POINT (-78.666382 37.510861),POINT (-77.453235 39.030773)
-77.450317,38.303043,05/24/20,495246,WOODMONT CENTER,11 DAIRY LANE,FREDERICKSBURG,VA,22405,Y,Y,0,0,0,0,0,0,2,2,0,0,118,88,Y,Y,Y,N,0,0,2,2,0,0,N,N,N,N,Y,N,Y,Y,Y,Y,Y,N,Y,Y,Y,Y,N,,,,,0,0,,POINT (-78.666382 37.510861),POINT (-77.450317 38.303043)
-77.450317,38.303043,06/14/20,495246,WOODMONT CENTER,11 DAIRY LANE,FREDERICKSBURG,VA,22405,Y,Y,0,0,0,0,0,0,0,2,0,0,118,97,Y,Y,Y,N,0,0,0,2,0,0,N,N,N,Y,Y,N,Y,Y,Y,Y,Y,N,Y,Y,Y,Y,N,,,,,0,0,,POINT (-78.666382 37.510861),POINT (-77.450317 38.303043)
-77.450317,38.303043,05/31/20,495246,WOODMONT CENTER,11 DAIRY LANE,FREDERICKSBURG,VA,22405,Y,Y,0,0,0,0,0,0,0,2,0,0,118,87,Y,Y,Y,N,0,0,0,2,0,0,N,N,N,N,Y,N,Y,Y,Y,Y,Y,N,Y,Y,Y,Y,N,,,,,0,0,,POINT (-78.666382 37.510861),POINT (-77.450317 38.303043)
-77.450317,38.303043,06/07/20,495246,WOODMONT CENTER,11 DAIRY LANE,FREDERICKSBURG,VA,22405,Y,Y,0,0,0,0,0,0,0,2,0,0,118,90,Y,Y,Y,N,0,0,0,2,0,0,N,N,N,N,Y,N,Y,Y,Y,Y,Y,N,Y,Y,Y,Y,N,,,,,0,0,,POINT (-78.666382 37.510861),POINT (-77.450317 38.303043)
-77.449207,37.570261,05/31/20,49A022,CHILDRENS HOSPITAL,2924 BROOK RD,RICHMOND,VA,23220,Y,Y,0,0,0,0,0,0,0,0,0,0,47,31,Y,N,Y,N,0,0,0,0,0,0,N,N,N,Y,Y,Y,Y,Y,Y,Y,Y,Y,Y,Y,Y,Y,Y,26,18,Y,Y,0,0,,POINT (-78.666382 37.510861),POINT (-77.449207 37.570261)
-77.449207,37.570261,06/07/20,49A022,CHILDRENS HOSPITAL,2924 BROOK RD,RICHMOND,VA,23220,Y,Y,0,0,0,0,0,0,0,0,0,0,47,31,Y,N,Y,N,0,0,0,0,0,0,N,N,N,Y,Y,Y,Y,Y,Y,Y,Y,Y,Y,Y,Y,Y,Y,26,18,Y,Y,0,0,,POINT (-78.666382 37.510861),POINT (-77.449207 37.570261)
-77.449207,37.570261,06/14/20,49A022,CHILDRENS HOSPITAL,2924 BROOK RD,RICHMOND,VA,23220,Y,Y,0,0,0,0,0,0,0,0,0,0,47,33,Y,N,Y,N,0,0,0,0,0,0,N,N,N,Y,Y,Y,Y,Y,Y,Y,Y,Y,Y,Y,Y,Y,Y,26,18,Y,Y,0,0,,POINT (-78.666382 37.510861),POINT (-77.449207 37.570261)
-77.449207,37.570261,05/24/20,49A022,CHILDRENS HOSPITAL,2924 BROOK RD,RICHMOND,VA,23220,Y,Y,0,0,0,0,0,0,0,0,0,0,47,33,Y,N,Y,N,0,0,0,0,0,0,N,N,N,Y,Y,Y,Y,Y,Y,Y,Y,Y,Y,Y,Y,Y,Y,26,18,Y,Y,0,0,,POINT (-78.666382 37.510861),POINT (-77.449207 37.570261)
-77.447774,37.217634,06/14/20,495113,HIRAM W DAVIS MEDICAL CTR,26317 WEST WASHINGTON STREET,PETERSBURG,VA,23803,Y,Y,0,2,0,1,1,6,0,5,0,0,90,52,Y,Y,N,Y,1,1,0,4,0,0,Y,N,Y,N,Y,Y,Y,Y,Y,Y,Y,Y,Y,Y,Y,Y,N,,,,,19.2,0,0,POINT (-78.666382 37.510861),POINT (-77.447774 37.217634)
-77.447774,37.217634,05/24/20,495113,HIRAM W DAVIS MEDICAL CTR,26317 WEST WASHINGTON STREET,PETERSBURG,VA,23803,Y,Y,1,1,1,1,4,4,3,3,0,0,90,51,Y,Y,N,N,0,0,3,3,0,0,Y,N,Y,N,Y,Y,Y,Y,Y,Y,Y,Y,Y,Y,Y,Y,N,,,,,19.6,0,0,POINT (-78.666382 37.510861),POINT (-77.447774 37.217634)
-77.447774,37.217634,05/31/20,495113,HIRAM W DAVIS MEDICAL CTR,26317 WEST WASHINGTON STREET,PETERSBURG,VA,23803,Y,Y,0,1,0,1,0,4,1,4,0,0,90,51,Y,Y,N,N,0,0,0,3,0,0,Y,N,Y,N,Y,Y,Y,Y,Y,Y,Y,Y,Y,Y,Y,Y,N,,,,,19.6,0,0,POINT (-78.666382 37.510861),POINT (-77.447774 37.217634)
-77.447774,37.217634,06/07/20,495113,HIRAM W DAVIS MEDICAL CTR,26317 WEST WASHINGTON STREET,PETERSBURG,VA,23803,Y,Y,1,2,0,1,1,5,1,5,0,0,90,51,Y,Y,N,N,0,0,1,4,0,0,Y,N,Y,N,Y,Y,Y,Y,Y,Y,Y,Y,Y,Y,Y,Y,N,,,,,19.6,0,0,POINT (-78.666382 37.510861),POINT (-77.447774 37.217634)
-77.41591,38.926518,05/31/20,495174,DULLES HEALTH & REHAB CENTER,2978 CENTREVILLE ROAD,HERNDON,VA,20171,Y,Y,0,1,0,40,0,1,0,26,0,10,166,115,Y,Y,Y,N,0,0,0,0,0,0,N,N,N,N,Y,Y,Y,Y,Y,Y,Y,Y,Y,Y,Y,Y,N,,,,,347.8,87,25,POINT (-78.666382 37.510861),POINT (-77.41591000000001 38.926518)
-77.41591,38.926518,06/07/20,495174,DULLES HEALTH & REHAB CENTER,2978 CENTREVILLE ROAD,HERNDON,VA,20171,Y,Y,0,1,0,40,2,3,0,26,0,10,166,129,Y,Y,Y,N,0,0,0,0,0,0,N,N,N,N,Y,Y,Y,Y,Y,Y,Y,Y,Y,Y,Y,Y,N,,,,,310.1,77.5,25,POINT (-78.666382 37.510861),POINT (-77.41591000000001 38.926518)
-77.41591,38.926518,05/24/20,495174,DULLES HEALTH & REHAB CENTER,2978 CENTREVILLE ROAD,HERNDON,VA,20171,Y,Y,1,1,40,40,1,1,26,26,10,10,166,105,Y,Y,Y,N,0,0,0,0,0,0,N,N,N,N,Y,Y,Y,Y,Y,Y,Y,Y,Y,Y,Y,Y,N,,,,,381,95.2,25,POINT (-78.666382 37.510861),POINT (-77.41591000000001 38.926518)
-77.41591,38.926518,06/14/20,495174,DULLES HEALTH & REHAB CENTER,2978 CENTREVILLE ROAD,HERNDON,VA,20171,Y,Y,0,1,0,40,0,3,0,26,0,10,166,147,Y,Y,Y,N,0,0,0,0,0,0,N,N,N,N,Y,Y,Y,Y,Y,Y,Y,Y,Y,Y,Y,Y,N,,,,,272.1,68,25,POINT (-78.666382 37.510861),POINT (-77.41591000000001 38.926518)
-77.398674,37.265516,06/14/20,495115,COLONIAL HEIGHTS REHABILITATION AND NURSING CENTER,831 ELLERSLIE AVE,COLONIAL HEIGHTS,VA,23834,Y,Y,5,40,0,3,0,2,1,10,0,7,193,139,Y,N,Y,N,0,6,0,5,0,0,Y,N,Y,N,Y,Y,Y,Y,Y,Y,Y,Y,Y,N,Y,N,N,,,,,21.6,50.4,233.3,POINT (-78.666382 37.510861),POINT (-77.398674 37.265516)
-77.398674,37.265516,06/07/20,495115,COLONIAL HEIGHTS REHABILITATION AND NURSING CENTER,831 ELLERSLIE AVE,COLONIAL HEIGHTS,VA,23834,Y,Y,6,35,0,3,0,2,4,9,3,7,193,133,Y,N,Y,N,0,6,0,5,0,0,Y,N,Y,N,Y,Y,Y,Y,Y,Y,Y,Y,Y,N,Y,N,N,,,,,22.6,52.6,233.3,POINT (-78.666382 37.510861),POINT (-77.398674 37.265516)
-77.398674,37.265516,05/31/20,495115,COLONIAL HEIGHTS REHABILITATION AND NURSING CENTER,831 ELLERSLIE AVE,COLONIAL HEIGHTS,VA,23834,Y,Y,4,29,0,3,0,2,0,5,0,4,193,133,Y,N,Y,N,0,6,0,5,0,0,Y,N,Y,N,Y,N,Y,N,Y,N,Y,N,Y,Y,Y,Y,N,,,,,22.6,30.1,133.3,POINT (-78.666382 37.510861),POINT (-77.398674 37.265516)
-77.398674,37.265516,05/24/20,495115,COLONIAL HEIGHTS REHABILITATION AND NURSING CENTER,831 ELLERSLIE AVE,COLONIAL HEIGHTS,VA,23834,Y,Y,25,25,3,3,2,2,5,5,4,4,193,130,Y,Y,Y,N,6,6,5,5,0,0,Y,N,Y,N,Y,N,Y,N,Y,N,Y,N,Y,Y,Y,Y,N,,,,,23.1,30.8,133.3,POINT (-78.666382 37.510861),POINT (-77.398674 37.265516)
-77.377695,38.873129,05/31/20,495217,MANORCARE HEALTH SERVICES-FAIR OAKS,12475 LEE JACKSON MEMORIAL HIGHWAY,FAIRFAX,VA,22033,Y,Y,7,13,5,72,0,2,2,8,2,5,155,93,Y,Y,N,N,4,33,2,6,0,0,N,N,N,N,Y,Y,Y,Y,Y,Y,Y,Y,Y,Y,Y,Y,N,,,,,774.2,53.8,6.9,POINT (-78.666382 37.510861),POINT (-77.377695 38.873129)
-77.377695,38.873129,06/07/20,495217,MANORCARE HEALTH SERVICES-FAIR OAKS,12475 LEE JACKSON MEMORIAL HIGHWAY,FAIRFAX,VA,22033,Y,Y,3,16,0,72,0,2,0,8,0,5,155,91,Y,Y,N,N,1,34,1,7,0,0,N,N,N,N,Y,Y,Y,Y,Y,Y,Y,Y,Y,Y,Y,Y,N,,,,,791.2,54.9,6.9,POINT (-78.666382 37.510861),POINT (-77.377695 38.873129)
-77.377695,38.873129,05/24/20,495217,MANORCARE HEALTH SERVICES-FAIR OAKS,12475 LEE JACKSON MEMORIAL HIGHWAY,FAIRFAX,VA,22033,Y,Y,6,6,67,67,2,2,6,6,3,3,155,108,Y,Y,N,N,29,29,4,4,0,0,N,N,N,N,Y,Y,Y,Y,Y,Y,Y,Y,Y,Y,Y,Y,N,,,,,620.4,27.8,4.5,POINT (-78.666382 37.510861),POINT (-77.377695 38.873129)
-77.377695,38.873129,06/14/20,495217,MANORCARE HEALTH SERVICES-FAIR OAKS,12475 LEE JACKSON MEMORIAL HIGHWAY,FAIRFAX,VA,22033,Y,Y,2,18,0,72,0,2,0,8,0,5,155,87,Y,Y,N,N,0,34,1,8,0,0,N,N,N,N,Y,Y,Y,Y,Y,Y,Y,Y,Y,Y,Y,Y,N,,,,,827.6,57.5,6.9,POINT (-78.666382 37.510861),POINT (-77.377695 38.873129)
-77.37657,39.047124,06/07/20,495312,JOHNSON CNTR/FALCONS LANDING,20535 EARHART PLACE,STERLING,VA,20165,N,,,,,,,,,,,,,,,,,,,,,,,,,,,,,,,,,,,,,,,,,,,,,,,,POINT (-78.666382 37.510861),POINT (-77.37657000000002 39.047124)
-77.37657,39.047124,05/31/20,495312,JOHNSON CNTR/FALCONS LANDING,20535 EARHART PLACE,STERLING,VA,20165,N,,,,,,,,,,,,,,,,,,,,,,,,,,,,,,,,,,,,,,,,,,,,,,,,POINT (-78.666382 37.510861),POINT (-77.37657000000002 39.047124)
-77.37657,39.047124,05/24/20,495312,JOHNSON CNTR/FALCONS LANDING,20535 EARHART PLACE,STERLING,VA,20165,N,,,,,,,,,,,,,,,,,,,,,,,,,,,,,,,,,,,,,,,,,,,,,,,,POINT (-78.666382 37.510861),POINT (-77.37657000000002 39.047124)
-77.37657,39.047124,06/14/20,495312,JOHNSON CNTR/FALCONS LANDING,20535 EARHART PLACE,STERLING,VA,20165,N,,,,,,,,,,,,,,,,,,,,,,,,,,,,,,,,,,,,,,,,,,,,,,,,POINT (-78.666382 37.510861),POINT (-77.37657000000002 39.047124)
-77.376515,37.189746,05/24/20,495252,BATTLEFIELD PARK HEALTHCARE CENTER,250 FLANK ROAD,PETERSBURG,VA,23805,N,,,,,,,,,,,,,,,,,,,,,,,,,,,,,,,,,,,,,,,,,,,,,,,,POINT (-78.666382 37.510861),POINT (-77.376515 37.189746)
-77.376515,37.189746,05/31/20,495252,BATTLEFIELD PARK HEALTHCARE CENTER,250 FLANK ROAD,PETERSBURG,VA,23805,N,,,,,,,,,,,,,,,,,,,,,,,,,,,,,,,,,,,,,,,,,,,,,,,,POINT (-78.666382 37.510861),POINT (-77.376515 37.189746)
-77.376515,37.189746,06/07/20,495252,BATTLEFIELD PARK HEALTHCARE CENTER,250 FLANK ROAD,PETERSBURG,VA,23805,N,,,,,,,,,,,,,,,,,,,,,,,,,,,,,,,,,,,,,,,,,,,,,,,,POINT (-78.666382 37.510861),POINT (-77.376515 37.189746)
-77.376515,37.189746,06/14/20,495252,BATTLEFIELD PARK HEALTHCARE CENTER,250 FLANK ROAD,PETERSBURG,VA,23805,N,,,,,,,,,,,,,,,,,,,,,,,,,,,,,,,,,,,,,,,,,,,,,,,,POINT (-78.666382 37.510861),POINT (-77.376515 37.189746)
-77.356014,38.048181,06/14/20,495297,BOWLING GREEN HEALTH & REHABILITATION CENTER,120 ANDERSON AVENUE,BOWLING GREEN,VA,22427,Y,Y,0,0,0,0,0,1,1,4,0,0,120,103,Y,Y,Y,Y,0,0,0,3,0,0,N,N,N,N,Y,N,Y,N,Y,N,Y,N,Y,Y,Y,Y,N,,,,,0,0,,POINT (-78.666382 37.510861),POINT (-77.356014 38.048181)
-77.356014,38.048181,05/24/20,495297,BOWLING GREEN HEALTH & REHABILITATION CENTER,120 ANDERSON AVENUE,BOWLING GREEN,VA,22427,Y,Y,0,0,0,0,0,0,2,2,0,0,0,101,Y,Y,Y,Y,0,0,2,2,0,0,N,N,N,N,Y,N,Y,N,Y,N,Y,N,Y,Y,Y,Y,N,,,,,0,0,,POINT (-78.666382 37.510861),POINT (-77.356014 38.048181)
-77.356014,38.048181,06/07/20,495297,BOWLING GREEN HEALTH & REHABILITATION CENTER,120 ANDERSON AVENUE,BOWLING GREEN,VA,22427,Y,Y,0,0,0,0,0,1,0,3,0,0,120,103,Y,Y,Y,Y,0,0,1,3,0,0,N,N,N,N,Y,N,Y,N,Y,N,Y,N,Y,Y,Y,Y,N,,,,,0,0,,POINT (-78.666382 37.510861),POINT (-77.356014 38.048181)
-77.356014,38.048181,05/31/20,495297,BOWLING GREEN HEALTH & REHABILITATION CENTER,120 ANDERSON AVENUE,BOWLING GREEN,VA,22427,Y,Y,0,0,0,0,1,1,1,3,0,0,0,99,Y,Y,Y,Y,0,0,0,2,0,0,N,N,N,N,Y,N,Y,N,Y,N,Y,N,Y,Y,Y,Y,N,,,,,0,0,,POINT (-78.666382 37.510861),POINT (-77.356014 38.048181)
-77.355492,37.637921,05/24/20,495413,AUTUMN CARE OF MECHANICSVILLE,7600 AUTUMN PARKWAY,MECHANICSVILLE,VA,23116,Y,Y,3,3,2,2,2,2,7,7,3,3,169,119,Y,Y,Y,N,1,1,5,5,0,0,Y,N,Y,Y,Y,Y,Y,Y,Y,Y,Y,Y,Y,Y,Y,Y,N,,,,,16.8,25.2,150,POINT (-78.666382 37.510861),POINT (-77.355492 37.637921)
-77.355492,37.637921,06/14/20,495413,AUTUMN CARE OF MECHANICSVILLE,7600 AUTUMN PARKWAY,MECHANICSVILLE,VA,23116,Y,Y,0,3,0,2,0,2,3,13,0,3,169,119,Y,Y,Y,Y,0,1,0,7,0,0,Y,N,Y,Y,Y,Y,Y,Y,Y,Y,Y,Y,Y,Y,Y,Y,N,,,,,16.8,25.2,150,POINT (-78.666382 37.510861),POINT (-77.355492 37.637921)
-77.355492,37.637921,06/07/20,495413,AUTUMN CARE OF MECHANICSVILLE,7600 AUTUMN PARKWAY,MECHANICSVILLE,VA,23116,Y,Y,0,3,0,2,0,2,1,10,0,3,169,122,Y,Y,Y,Y,0,1,0,7,0,0,Y,N,Y,Y,Y,Y,Y,Y,Y,Y,Y,Y,Y,Y,Y,Y,N,,,,,16.4,24.6,150,POINT (-78.666382 37.510861),POINT (-77.355492 37.637921)
-77.355492,37.637921,05/31/20,495413,AUTUMN CARE OF MECHANICSVILLE,7600 AUTUMN PARKWAY,MECHANICSVILLE,VA,23116,Y,Y,0,3,0,2,0,2,2,9,0,3,169,118,Y,Y,Y,N,0,1,2,7,0,0,Y,N,Y,Y,Y,Y,Y,Y,Y,Y,Y,Y,Y,Y,Y,Y,N,,,,,16.9,25.4,150,POINT (-78.666382 37.510861),POINT (-77.355492 37.637921)
-77.343367,37.624693,05/24/20,495419,COVENANT WOODS NURSING HOME,7090 COVENANT WOODS DRIVE,MECHANICSVILLE,VA,23111,Y,Y,0,0,0,0,0,0,0,0,0,0,62,51,Y,Y,Y,N,1,1,0,0,0,0,N,N,N,N,Y,Y,Y,Y,Y,Y,Y,Y,Y,Y,Y,Y,N,,,,,0,0,,POINT (-78.666382 37.510861),POINT (-77.343367 37.624693)
-77.343367,37.624693,06/07/20,495419,COVENANT WOODS NURSING HOME,7090 COVENANT WOODS DRIVE,MECHANICSVILLE,VA,23111,Y,Y,0,0,0,0,0,0,0,0,0,0,62,49,Y,Y,Y,N,0,1,0,0,0,0,N,N,N,N,Y,Y,Y,Y,Y,Y,Y,Y,Y,Y,Y,Y,N,,,,,0,0,,POINT (-78.666382 37.510861),POINT (-77.343367 37.624693)
-77.343367,37.624693,06/14/20,495419,COVENANT WOODS NURSING HOME,7090 COVENANT WOODS DRIVE,MECHANICSVILLE,VA,23111,Y,Y,0,0,0,0,0,0,0,0,0,0,62,49,Y,Y,Y,N,0,1,0,0,0,0,N,N,N,N,Y,Y,Y,Y,Y,Y,Y,Y,Y,Y,Y,Y,N,,,,,0,0,,POINT (-78.666382 37.510861),POINT (-77.343367 37.624693)
-77.343367,37.624693,05/31/20,495419,COVENANT WOODS NURSING HOME,7090 COVENANT WOODS DRIVE,MECHANICSVILLE,VA,23111,Y,Y,0,0,0,0,0,0,0,0,0,0,62,50,Y,Y,Y,N,0,1,0,0,0,0,N,N,N,N,Y,Y,Y,Y,Y,Y,Y,Y,Y,Y,Y,Y,N,,,,,0,0,,POINT (-78.666382 37.510861),POINT (-77.343367 37.624693)
-77.341149,37.623382,06/14/20,495266,HANOVER HEALTH AND REHABILITATION CENTER,8139 LEE DAVIS ROAD,MECHANICSVILLE,VA,23111,Y,Y,0,0,0,0,0,1,1,2,0,0,120,88,Y,Y,Y,Y,0,0,0,3,0,0,N,N,N,N,Y,Y,Y,Y,Y,Y,Y,Y,Y,Y,Y,Y,N,,,,,0,0,,POINT (-78.666382 37.510861),POINT (-77.341149 37.623382)
-77.341149,37.623382,05/24/20,495266,HANOVER HEALTH AND REHABILITATION CENTER,8139 LEE DAVIS ROAD,MECHANICSVILLE,VA,23111,Y,Y,0,0,0,0,1,1,0,0,0,0,0,88,Y,Y,Y,Y,0,0,3,3,0,0,N,N,N,N,Y,Y,Y,Y,Y,Y,Y,Y,Y,Y,Y,Y,N,,,,,0,0,,POINT (-78.666382 37.510861),POINT (-77.341149 37.623382)
-77.341149,37.623382,05/31/20,495266,HANOVER HEALTH AND REHABILITATION CENTER,8139 LEE DAVIS ROAD,MECHANICSVILLE,VA,23111,Y,Y,0,0,0,0,0,1,0,0,0,0,0,86,Y,Y,Y,Y,0,0,0,3,0,0,N,N,N,N,Y,Y,Y,Y,Y,Y,Y,Y,Y,Y,Y,Y,N,,,,,0,0,,POINT (-78.666382 37.510861),POINT (-77.341149 37.623382)
-77.341149,37.623382,06/07/20,495266,HANOVER HEALTH AND REHABILITATION CENTER,8139 LEE DAVIS ROAD,MECHANICSVILLE,VA,23111,Y,Y,0,0,0,0,0,1,1,1,0,0,120,87,Y,Y,Y,Y,0,0,0,3,0,0,N,N,N,N,Y,Y,Y,Y,Y,Y,Y,Y,Y,Y,Y,Y,N,,,,,0,0,,POINT (-78.666382 37.510861),POINT (-77.341149 37.623382)
-77.325381,37.263806,06/14/20,495123,WONDER CITY REHABILITATION AND NURSING CENTER,905 COUSINS AVENUE,HOPEWELL,VA,23860,Y,Y,1,2,0,27,1,5,0,7,0,5,130,97,Y,Y,Y,N,0,6,0,0,0,0,Y,N,Y,N,Y,N,Y,N,Y,N,Y,N,Y,Y,Y,Y,N,,,,,278.4,51.5,18.5,POINT (-78.666382 37.510861),POINT (-77.325381 37.263806)
-77.325381,37.263806,05/24/20,495123,WONDER CITY REHABILITATION AND NURSING CENTER,905 COUSINS AVENUE,HOPEWELL,VA,23860,Y,Y,1,1,9,9,2,2,2,2,2,2,130,111,Y,Y,Y,N,2,2,0,0,0,0,Y,N,Y,N,Y,N,Y,N,Y,N,Y,N,Y,Y,Y,Y,N,,,,,81.1,18,22.2,POINT (-78.666382 37.510861),POINT (-77.325381 37.263806)
-77.325381,37.263806,06/07/20,495123,WONDER CITY REHABILITATION AND NURSING CENTER,905 COUSINS AVENUE,HOPEWELL,VA,23860,Y,Y,0,1,18,27,0,4,1,7,1,5,130,97,Y,Y,Y,N,3,6,0,0,0,0,Y,N,Y,N,Y,N,Y,N,Y,N,Y,N,Y,Y,Y,Y,N,,,,,278.4,51.5,18.5,POINT (-78.666382 37.510861),POINT (-77.325381 37.263806)
-77.325381,37.263806,05/31/20,495123,WONDER CITY REHABILITATION AND NURSING CENTER,905 COUSINS AVENUE,HOPEWELL,VA,23860,Y,Y,0,1,0,9,2,4,4,6,2,4,130,99,Y,Y,Y,N,1,3,0,0,0,0,Y,N,Y,N,Y,N,Y,N,Y,N,Y,N,Y,Y,Y,Y,N,,,,,90.9,40.4,44.4,POINT (-78.666382 37.510861),POINT (-77.325381 37.263806)
-77.315391,38.849145,06/07/20,495099,FAIRFAX REHABILITATION AND NURSING CENTER,10701 MAIN STREET,FAIRFAX,VA,22030,Y,Y,0,0,0,44,0,0,2,10,0,3,200,147,Y,N,Y,N,1,28,0,0,0,0,N,N,N,N,Y,Y,Y,Y,Y,Y,Y,Y,Y,Y,Y,Y,N,,,,,299.3,20.4,6.8,POINT (-78.666382 37.510861),POINT (-77.315391 38.849145)
-77.315391,38.849145,05/24/20,495099,FAIRFAX REHABILITATION AND NURSING CENTER,10701 MAIN STREET,FAIRFAX,VA,22030,Y,Y,0,0,39,39,0,0,8,8,3,3,200,150,Y,N,Y,N,27,27,0,0,0,0,N,N,N,N,Y,Y,Y,Y,Y,Y,Y,Y,Y,Y,Y,Y,N,,,,,260,20,7.7,POINT (-78.666382 37.510861),POINT (-77.315391 38.849145)
-77.315391,38.849145,05/31/20,495099,FAIRFAX REHABILITATION AND NURSING CENTER,10701 MAIN STREET,FAIRFAX,VA,22030,Y,Y,0,0,5,44,0,0,0,8,0,3,200,148,Y,N,Y,N,0,27,0,0,0,0,N,N,N,N,Y,Y,Y,Y,Y,Y,Y,Y,Y,Y,Y,Y,N,,,,,297.3,20.3,6.8,POINT (-78.666382 37.510861),POINT (-77.315391 38.849145)
-77.315391,38.849145,06/14/20,495099,FAIRFAX REHABILITATION AND NURSING CENTER,10701 MAIN STREET,FAIRFAX,VA,22030,Y,Y,0,0,0,44,0,0,0,10,0,3,200,152,Y,N,Y,N,1,29,0,0,0,0,N,N,N,N,Y,Y,Y,Y,Y,Y,Y,Y,Y,Y,Y,Y,N,,,,,289.5,19.7,6.8,POINT (-78.666382 37.510861),POINT (-77.315391 38.849145)
-77.311294,37.542901,05/24/20,495193,HENRICO HEALTH & REHABILITATION CENTER,561 NORTH AIRPORT DRIVE,HIGHLAND SPRINGS,VA,23075,Y,Y,2,2,32,32,1,1,2,2,3,3,0,61,Y,Y,Y,Y,24,24,0,0,0,0,Y,N,N,N,Y,Y,Y,Y,Y,Y,Y,Y,Y,Y,Y,Y,N,,,,,524.6,49.2,9.4,POINT (-78.666382 37.510861),POINT (-77.311294 37.542901)
-77.311294,37.542901,06/14/20,495193,HENRICO HEALTH & REHABILITATION CENTER,561 NORTH AIRPORT DRIVE,HIGHLAND SPRINGS,VA,23075,Y,Y,0,4,0,36,0,1,0,3,0,4,120,60,Y,Y,Y,Y,0,24,0,0,0,0,N,N,N,N,Y,Y,Y,Y,Y,Y,Y,Y,Y,Y,Y,Y,N,,,,,600,66.7,11.1,POINT (-78.666382 37.510861),POINT (-77.311294 37.542901)
-77.311294,37.542901,06/07/20,495193,HENRICO HEALTH & REHABILITATION CENTER,561 NORTH AIRPORT DRIVE,HIGHLAND SPRINGS,VA,23075,Y,Y,1,4,0,36,0,1,0,3,0,4,120,62,Y,Y,Y,Y,0,24,0,0,0,0,Y,N,N,N,Y,Y,Y,Y,Y,Y,Y,Y,Y,Y,Y,Y,N,,,,,580.6,64.5,11.1,POINT (-78.666382 37.510861),POINT (-77.311294 37.542901)
-77.311294,37.542901,05/31/20,495193,HENRICO HEALTH & REHABILITATION CENTER,561 NORTH AIRPORT DRIVE,HIGHLAND SPRINGS,VA,23075,Y,Y,1,3,4,36,0,1,1,3,1,4,0,61,Y,Y,Y,Y,0,24,0,0,0,0,Y,N,N,N,Y,Y,Y,Y,Y,Y,Y,Y,Y,Y,Y,Y,N,,,,,590.2,65.6,11.1,POINT (-78.666382 37.510861),POINT (-77.311294 37.542901)
-77.288927,37.307149,06/07/20,495085,RIVER VIEW ON THE APPOMATTOX HEALTH & REHAB CENTER,201 EPPS STREET,HOPEWELL,VA,23860,Y,Y,0,0,0,0,7,8,0,2,0,0,124,116,Y,Y,Y,N,0,0,2,6,0,0,N,N,N,N,Y,Y,Y,Y,Y,Y,Y,Y,Y,Y,Y,Y,N,,,,,0,0,,POINT (-78.666382 37.510861),POINT (-77.288927 37.307149)
-77.288927,37.307149,05/31/20,495085,RIVER VIEW ON THE APPOMATTOX HEALTH & REHAB CENTER,201 EPPS STREET,HOPEWELL,VA,23860,Y,Y,0,0,0,0,0,1,0,2,0,0,124,112,Y,Y,Y,N,0,0,0,4,0,0,N,N,N,N,Y,Y,Y,Y,Y,Y,Y,Y,Y,Y,Y,Y,N,,,,,0,0,,POINT (-78.666382 37.510861),POINT (-77.288927 37.307149)
-77.288927,37.307149,05/24/20,495085,RIVER VIEW ON THE APPOMATTOX HEALTH & REHAB CENTER,201 EPPS STREET,HOPEWELL,VA,23860,Y,Y,0,0,0,0,1,1,2,2,0,0,124,112,Y,Y,Y,N,0,0,4,4,0,0,N,N,N,N,Y,Y,Y,Y,Y,Y,Y,Y,Y,Y,Y,Y,N,,,,,0,0,,POINT (-78.666382 37.510861),POINT (-77.288927 37.307149)
-77.288927,37.307149,06/14/20,495085,RIVER VIEW ON THE APPOMATTOX HEALTH & REHAB CENTER,201 EPPS STREET,HOPEWELL,VA,23860,Y,Y,0,0,0,0,4,12,1,3,0,0,124,114,Y,Y,Y,N,0,0,0,6,0,0,N,N,N,N,Y,Y,Y,Y,Y,Y,Y,Y,Y,Y,Y,Y,N,,,,,0,0,,POINT (-78.666382 37.510861),POINT (-77.288927 37.307149)
-77.278893,38.784769,06/07/20,495248,BURKE HEALTH AND REHABILITATION CENTER,9640 BURKE LAKE ROAD,BURKE,VA,22015,Y,Y,4,8,0,32,0,17,2,5,0,1,120,47,Y,Y,Y,Y,0,3,0,0,0,0,N,N,N,N,Y,Y,Y,Y,Y,Y,Y,Y,Y,Y,Y,Y,N,,,,,680.9,21.3,3.1,POINT (-78.666382 37.510861),POINT (-77.278893 38.784769000000004)
-77.278893,38.784769,06/14/20,495248,BURKE HEALTH AND REHABILITATION CENTER,9640 BURKE LAKE ROAD,BURKE,VA,22015,Y,Y,2,10,0,32,0,17,1,6,0,1,120,50,Y,Y,Y,Y,0,3,0,0,0,0,N,N,N,N,Y,Y,Y,Y,Y,Y,Y,Y,Y,Y,Y,Y,N,,,,,640,20,3.1,POINT (-78.666382 37.510861),POINT (-77.278893 38.784769000000004)
-77.278893,38.784769,05/24/20,495248,BURKE HEALTH AND REHABILITATION CENTER,9640 BURKE LAKE ROAD,BURKE,VA,22015,Y,Y,1,1,32,32,17,17,3,3,1,1,0,39,Y,Y,Y,Y,3,3,0,0,0,0,N,N,N,N,Y,Y,Y,Y,Y,Y,Y,N,Y,Y,Y,Y,N,,,,,820.5,25.6,3.1,POINT (-78.666382 37.510861),POINT (-77.278893 38.784769000000004)
-77.278893,38.784769,05/31/20,495248,BURKE HEALTH AND REHABILITATION CENTER,9640 BURKE LAKE ROAD,BURKE,VA,22015,Y,Y,3,4,0,32,0,17,0,3,0,1,0,34,Y,Y,Y,Y,0,3,0,0,0,0,N,N,N,N,Y,Y,Y,Y,Y,Y,Y,Y,Y,Y,Y,Y,N,,,,,941.2,29.4,3.1,POINT (-78.666382 37.510861),POINT (-77.278893 38.784769000000004)
-77.275446,38.687356,05/24/20,495280,WESTMINSTER AT LAKE RIDGE,12185 CLIPPER DRIVE,LAKE RIDGE,VA,22192,N,,,,,,,,,,,,,,,,,,,,,,,,,,,,,,,,,,,,,,,,,,,,,,,,POINT (-78.666382 37.510861),POINT (-77.275446 38.687356)
-77.275446,38.687356,05/31/20,495280,WESTMINSTER AT LAKE RIDGE,12185 CLIPPER DRIVE,LAKE RIDGE,VA,22192,N,,,,,,,,,,,,,,,,,,,,,,,,,,,,,,,,,,,,,,,,,,,,,,,,POINT (-78.666382 37.510861),POINT (-77.275446 38.687356)
-77.275446,38.687356,06/07/20,495280,WESTMINSTER AT LAKE RIDGE,12185 CLIPPER DRIVE,LAKE RIDGE,VA,22192,N,,,,,,,,,,,,,,,,,,,,,,,,,,,,,,,,,,,,,,,,,,,,,,,,POINT (-78.666382 37.510861),POINT (-77.275446 38.687356)
-77.275446,38.687356,06/14/20,495280,WESTMINSTER AT LAKE RIDGE,12185 CLIPPER DRIVE,LAKE RIDGE,VA,22192,N,,,,,,,,,,,,,,,,,,,,,,,,,,,,,,,,,,,,,,,,,,,,,,,,POINT (-78.666382 37.510861),POINT (-77.275446 38.687356)
-77.275198,38.62914,06/14/20,495361,"ENVOY OF WOODBRIDGE, LLC",14906 JEFFERSON DAVIS HIGHWAY,WOODBRIDGE,VA,22191,Y,N,2,11,0,0,1,16,8,9,0,0,120,88,Y,Y,Y,N,64,87,3,12,0,0,Y,N,Y,N,Y,Y,Y,Y,Y,Y,Y,Y,Y,Y,Y,Y,N,,,,,0,0,,POINT (-78.666382 37.510861),POINT (-77.275198 38.62914)
-77.275198,38.62914,06/07/20,495361,"ENVOY OF WOODBRIDGE, LLC",14906 JEFFERSON DAVIS HIGHWAY,WOODBRIDGE,VA,22191,Y,N,9,9,0,0,6,15,0,1,0,0,120,89,Y,Y,Y,N,16,23,2,9,0,0,Y,N,N,N,Y,N,Y,Y,Y,N,N,N,Y,Y,Y,Y,N,,,,,0,0,,POINT (-78.666382 37.510861),POINT (-77.275198 38.62914)
-77.275198,38.62914,05/31/20,495361,"ENVOY OF WOODBRIDGE, LLC",14906 JEFFERSON DAVIS HIGHWAY,WOODBRIDGE,VA,22191,Y,N,0,0,0,0,6,9,1,1,0,0,120,90,Y,Y,Y,N,2,7,2,7,0,0,N,N,N,N,Y,N,Y,Y,Y,N,Y,N,Y,N,Y,Y,N,,,,,0,0,,POINT (-78.666382 37.510861),POINT (-77.275198 38.62914)
-77.275198,38.62914,05/24/20,495361,"ENVOY OF WOODBRIDGE, LLC",14906 JEFFERSON DAVIS HIGHWAY,WOODBRIDGE,VA,22191,Y,N,0,0,0,0,3,3,0,0,0,0,120,99,Y,Y,Y,N,5,5,5,5,0,0,N,N,N,N,Y,N,Y,Y,Y,N,Y,N,Y,Y,Y,Y,N,,,,,0,0,,POINT (-78.666382 37.510861),POINT (-77.275198 38.62914)
-77.265715,38.864963,05/24/20,495319,THE VIRGINIAN,9229 ARLINGTON BLVD,FAIRFAX,VA,22031,Y,Y,11,11,13,13,13,13,8,8,7,7,81,49,Y,Y,Y,N,8,8,4,4,0,0,N,N,N,N,Y,Y,Y,Y,Y,Y,Y,Y,Y,Y,Y,Y,N,,,,,265.3,142.9,53.8,POINT (-78.666382 37.510861),POINT (-77.265715 38.864963)
-77.265715,38.864963,05/31/20,495319,THE VIRGINIAN,9229 ARLINGTON BLVD,FAIRFAX,VA,22031,Y,Y,2,13,5,18,1,14,3,11,3,10,81,48,Y,Y,Y,N,0,8,0,4,0,0,N,N,N,N,Y,Y,Y,Y,Y,Y,Y,Y,Y,Y,Y,Y,N,,,,,375,208.3,55.6,POINT (-78.666382 37.510861),POINT (-77.265715 38.864963)
-77.265715,38.864963,06/14/20,495319,THE VIRGINIAN,9229 ARLINGTON BLVD,FAIRFAX,VA,22031,Y,Y,1,14,5,25,1,15,1,14,1,13,81,50,Y,Y,Y,N,2,18,0,4,0,0,N,N,N,N,Y,Y,Y,Y,Y,Y,Y,Y,Y,Y,Y,Y,N,,,,,500,260,52,POINT (-78.666382 37.510861),POINT (-77.265715 38.864963)
-77.265715,38.864963,06/07/20,495319,THE VIRGINIAN,9229 ARLINGTON BLVD,FAIRFAX,VA,22031,Y,Y,0,13,2,20,0,14,2,13,2,12,81,46,Y,Y,Y,N,8,16,0,4,0,0,N,N,N,N,Y,Y,Y,Y,Y,Y,Y,Y,Y,Y,Y,Y,N,,,,,434.8,260.9,60,POINT (-78.666382 37.510861),POINT (-77.265715 38.864963)
-77.221399,38.890864,06/07/20,495205,ILIFF NURSING AND REHABILITATION CENTER,8000 ILIFF DRIVE,DUNN LORING,VA,22027,Y,Y,0,2,0,0,0,0,0,4,0,3,131,75,Y,Y,Y,Y,3,49,1,3,0,0,N,N,N,N,Y,Y,Y,Y,Y,Y,Y,Y,Y,Y,Y,Y,Y,0,0,Y,Y,0,40,,POINT (-78.666382 37.510861),POINT (-77.221399 38.890864)
-77.221399,38.890864,06/14/20,495205,ILIFF NURSING AND REHABILITATION CENTER,8000 ILIFF DRIVE,DUNN LORING,VA,22027,Y,Y,0,2,0,0,0,0,0,4,0,3,130,76,Y,Y,Y,Y,0,49,0,3,0,0,N,N,N,N,Y,Y,Y,Y,Y,Y,Y,Y,Y,Y,Y,Y,Y,0,0,Y,Y,0,39.5,,POINT (-78.666382 37.510861),POINT (-77.221399 38.890864)
-77.221399,38.890864,05/24/20,495205,ILIFF NURSING AND REHABILITATION CENTER,8000 ILIFF DRIVE,DUNN LORING,VA,22027,Y,Y,2,2,0,0,0,0,4,4,3,3,130,76,Y,Y,Y,Y,23,23,0,0,0,0,N,N,N,N,Y,Y,Y,Y,Y,Y,Y,Y,Y,Y,Y,Y,Y,2,0,Y,Y,0,39.5,,POINT (-78.666382 37.510861),POINT (-77.221399 38.890864)
-77.221399,38.890864,05/31/20,495205,ILIFF NURSING AND REHABILITATION CENTER,8000 ILIFF DRIVE,DUNN LORING,VA,22027,Y,Y,0,2,0,0,0,0,0,4,0,3,130,75,Y,Y,Y,N,23,46,2,2,0,0,N,N,N,N,Y,Y,Y,Y,Y,Y,Y,Y,Y,Y,Y,Y,Y,0,0,Y,Y,0,40,,POINT (-78.666382 37.510861),POINT (-77.221399 38.890864)
-77.201581,38.766134,05/31/20,495354,GREENSPRING VILLAGE,7470 SPRING VILLAGE DR,SPRINGFIELD,VA,22150,Y,Y,2,12,0,4,1,1,1,5,0,7,92,77,Y,Y,Y,N,2,6,3,5,0,0,Y,N,Y,N,Y,Y,Y,Y,Y,Y,Y,Y,Y,Y,Y,Y,N,,,,,51.9,90.9,175,POINT (-78.666382 37.510861),POINT (-77.20158100000002 38.766134)
-77.201581,38.766134,06/07/20,495354,GREENSPRING VILLAGE,7470 SPRING VILLAGE DR,SPRINGFIELD,VA,22150,Y,Y,0,12,0,4,0,1,0,5,0,7,92,75,Y,Y,Y,N,0,6,0,5,0,0,Y,N,Y,N,Y,Y,Y,Y,Y,Y,Y,Y,Y,Y,Y,Y,N,,,,,53.3,93.3,175,POINT (-78.666382 37.510861),POINT (-77.20158100000002 38.766134)
-77.201581,38.766134,06/14/20,495354,GREENSPRING VILLAGE,7470 SPRING VILLAGE DR,SPRINGFIELD,VA,22150,Y,Y,1,13,0,4,1,2,0,5,0,7,92,73,Y,Y,Y,N,0,6,1,6,0,0,Y,N,Y,N,Y,Y,Y,Y,Y,Y,Y,Y,Y,Y,Y,Y,N,,,,,54.8,95.9,175,POINT (-78.666382 37.510861),POINT (-77.20158100000002 38.766134)
-77.201581,38.766134,05/24/20,495354,GREENSPRING VILLAGE,7470 SPRING VILLAGE DR,SPRINGFIELD,VA,22150,Y,Y,10,10,4,4,0,0,4,4,7,7,92,78,Y,Y,Y,N,4,4,2,2,0,0,Y,N,Y,N,Y,Y,Y,Y,Y,Y,Y,Y,Y,Y,Y,Y,N,,,,,51.3,89.7,175,POINT (-78.666382 37.510861),POINT (-77.20158100000002 38.766134)
-77.195445,38.275907,06/07/20,495300,HERITAGE HALL KING GEORGE,10051 FOXES WAY,KING GEORGE,VA,22485,Y,Y,0,1,0,3,0,0,0,0,0,0,130,87,N,N,N,N,0,7,0,0,0,0,N,N,Y,Y,Y,N,Y,Y,Y,Y,Y,N,Y,Y,Y,Y,N,,,,,34.5,0,0,POINT (-78.666382 37.510861),POINT (-77.195445 38.275907)
-77.195445,38.275907,05/24/20,495300,HERITAGE HALL KING GEORGE,10051 FOXES WAY,KING GEORGE,VA,22485,Y,Y,0,0,3,3,0,0,0,0,0,0,130,89,N,N,N,N,7,7,0,0,0,0,N,N,Y,Y,Y,N,Y,Y,Y,Y,Y,N,Y,Y,Y,Y,N,,,,,33.7,0,0,POINT (-78.666382 37.510861),POINT (-77.195445 38.275907)
-77.195445,38.275907,05/31/20,495300,HERITAGE HALL KING GEORGE,10051 FOXES WAY,KING GEORGE,VA,22485,Y,Y,1,1,0,3,0,0,0,0,0,0,130,88,N,N,N,N,0,7,0,0,0,0,N,N,Y,Y,Y,N,Y,Y,Y,Y,Y,N,Y,Y,Y,Y,N,,,,,34.1,0,0,POINT (-78.666382 37.510861),POINT (-77.195445 38.275907)
-77.195445,38.275907,06/14/20,495300,HERITAGE HALL KING GEORGE,10051 FOXES WAY,KING GEORGE,VA,22485,Y,Y,1,2,0,3,0,0,0,0,0,0,130,88,N,N,N,N,0,7,0,0,0,0,N,N,Y,Y,Y,N,Y,Y,Y,Y,Y,N,Y,Y,Y,Y,N,,,,,34.1,0,0,POINT (-78.666382 37.510861),POINT (-77.195445 38.275907)
-77.191401,38.811865,05/24/20,495337,LEEWOOD HEALTHCARE CENTER,7120 BRADDOCK ROAD,ANNANDALE,VA,22003,Y,Y,3,3,6,6,3,3,18,18,15,15,132,71,Y,Y,Y,N,4,4,1,1,0,0,N,N,N,Y,Y,N,Y,N,Y,N,Y,N,Y,N,Y,N,N,,,,,84.5,211.3,250,POINT (-78.666382 37.510861),POINT (-77.191401 38.811865)
-77.191401,38.811865,05/31/20,495337,LEEWOOD HEALTHCARE CENTER,7120 BRADDOCK ROAD,ANNANDALE,VA,22003,Y,Y,0,3,0,6,0,3,2,20,2,17,132,61,Y,Y,Y,N,1,5,0,1,0,0,N,N,N,N,Y,N,Y,N,Y,N,Y,N,Y,Y,Y,Y,N,,,,,98.4,278.7,283.3,POINT (-78.666382 37.510861),POINT (-77.191401 38.811865)
-77.191401,38.811865,06/07/20,495337,LEEWOOD HEALTHCARE CENTER,7120 BRADDOCK ROAD,ANNANDALE,VA,22003,Y,Y,0,3,1,7,0,3,1,21,1,18,132,60,Y,Y,Y,N,9,14,0,1,0,0,N,N,N,N,Y,N,Y,N,Y,Y,Y,N,Y,Y,Y,Y,N,,,,,116.7,300,257.1,POINT (-78.666382 37.510861),POINT (-77.191401 38.811865)
-77.191401,38.811865,06/14/20,495337,LEEWOOD HEALTHCARE CENTER,7120 BRADDOCK ROAD,ANNANDALE,VA,22003,Y,Y,0,3,0,7,0,3,0,21,0,18,132,61,Y,Y,Y,N,0,14,0,1,0,0,N,N,N,N,Y,N,Y,N,Y,Y,Y,N,Y,Y,Y,Y,N,,,,,114.8,295.1,257.1,POINT (-78.666382 37.510861),POINT (-77.191401 38.811865)
-77.19067,38.710746,05/31/20,495197,BELVOIR WOODS HEALTH CARE CENTER AT THE FAIRFAX,9160  BELVOIR WOODS PKWY,FORT BELVOIR,VA,22060,Y,Y,0,0,0,0,0,0,1,1,0,0,56,31,Y,N,Y,N,0,0,0,0,0,0,N,N,N,N,Y,Y,Y,Y,Y,Y,Y,Y,Y,Y,Y,Y,N,,,,,0,0,,POINT (-78.666382 37.510861),POINT (-77.19067 38.710746)
-77.19067,38.710746,05/24/20,495197,BELVOIR WOODS HEALTH CARE CENTER AT THE FAIRFAX,9160  BELVOIR WOODS PKWY,FORT BELVOIR,VA,22060,Y,Y,0,0,0,0,0,0,0,0,0,0,56,31,Y,N,Y,N,0,0,0,0,0,0,N,N,N,N,Y,N,Y,Y,Y,Y,Y,N,Y,Y,Y,Y,N,,,,,0,0,,POINT (-78.666382 37.510861),POINT (-77.19067 38.710746)
-77.19067,38.710746,06/14/20,495197,BELVOIR WOODS HEALTH CARE CENTER AT THE FAIRFAX,9160  BELVOIR WOODS PKWY,FORT BELVOIR,VA,22060,Y,Y,0,0,0,0,0,0,0,2,0,0,56,30,Y,N,Y,N,0,0,0,1,0,0,N,N,N,N,Y,Y,Y,Y,Y,Y,Y,Y,Y,N,Y,Y,N,,,,,0,0,,POINT (-78.666382 37.510861),POINT (-77.19067 38.710746)
-77.19067,38.710746,06/07/20,495197,BELVOIR WOODS HEALTH CARE CENTER AT THE FAIRFAX,9160  BELVOIR WOODS PKWY,FORT BELVOIR,VA,22060,Y,Y,0,0,0,0,0,0,1,2,0,0,56,32,Y,N,Y,N,0,0,1,1,0,0,N,N,N,N,Y,Y,Y,Y,Y,Y,Y,Y,Y,Y,Y,Y,N,,,,,0,0,,POINT (-78.666382 37.510861),POINT (-77.19067 38.710746)
-77.175258,38.836653,05/24/20,495155,ANNANDALE  HEALTHCARE CENTER,6700 COLUMBIA PIKE,ANNANDALE,VA,22003,Y,Y,25,25,20,20,0,0,48,48,24,24,222,130,Y,Y,Y,N,9,9,0,0,1,1,N,N,N,N,Y,Y,Y,Y,Y,Y,Y,Y,Y,Y,Y,Y,N,,,,,153.8,184.6,120,POINT (-78.666382 37.510861),POINT (-77.175258 38.836653)
-77.175258,38.836653,06/07/20,495155,ANNANDALE  HEALTHCARE CENTER,6700 COLUMBIA PIKE,ANNANDALE,VA,22003,Y,Y,1,27,1,22,0,0,1,51,1,26,222,132,Y,Y,Y,N,0,14,0,0,0,1,N,N,N,N,Y,Y,Y,Y,Y,Y,Y,Y,Y,Y,Y,Y,N,,,,,166.7,197,118.2,POINT (-78.666382 37.510861),POINT (-77.175258 38.836653)
-77.175258,38.836653,05/31/20,495155,ANNANDALE  HEALTHCARE CENTER,6700 COLUMBIA PIKE,ANNANDALE,VA,22003,Y,Y,1,26,1,21,0,0,2,50,1,25,222,130,Y,Y,Y,N,5,14,0,0,0,1,N,N,N,Y,Y,Y,Y,Y,Y,Y,Y,Y,Y,Y,Y,Y,N,,,,,161.5,192.3,119,POINT (-78.666382 37.510861),POINT (-77.175258 38.836653)
-77.175258,38.836653,06/14/20,495155,ANNANDALE  HEALTHCARE CENTER,6700 COLUMBIA PIKE,ANNANDALE,VA,22003,Y,Y,0,27,0,22,2,2,1,52,0,26,222,129,Y,Y,Y,N,1,15,0,0,0,1,N,N,N,N,Y,Y,Y,Y,Y,Y,Y,Y,Y,Y,Y,Y,N,,,,,170.5,201.6,118.2,POINT (-78.666382 37.510861),POINT (-77.175258 38.836653)
-77.154104,38.921788,06/07/20,495410,ARLEIGH BURKE PAVILION,6251 OLD DOMINION DRIVE,MC LEAN,VA,22101,N,,,,,,,,,,,,,,,,,,,,,,,,,,,,,,,,,,,,,,,,,,,,,,,,POINT (-78.666382 37.510861),POINT (-77.154104 38.921788)
-77.154104,38.921788,06/14/20,495410,ARLEIGH BURKE PAVILION,6251 OLD DOMINION DRIVE,MC LEAN,VA,22101,N,,,,,,,,,,,,,,,,,,,,,,,,,,,,,,,,,,,,,,,,,,,,,,,,POINT (-78.666382 37.510861),POINT (-77.154104 38.921788)
-77.154104,38.921788,05/31/20,495410,ARLEIGH BURKE PAVILION,6251 OLD DOMINION DRIVE,MC LEAN,VA,22101,N,,,,,,,,,,,,,,,,,,,,,,,,,,,,,,,,,,,,,,,,,,,,,,,,POINT (-78.666382 37.510861),POINT (-77.154104 38.921788)
-77.154104,38.921788,05/24/20,495410,ARLEIGH BURKE PAVILION,6251 OLD DOMINION DRIVE,MC LEAN,VA,22101,N,,,,,,,,,,,,,,,,,,,,,,,,,,,,,,,,,,,,,,,,,,,,,,,,POINT (-78.666382 37.510861),POINT (-77.154104 38.921788)
-77.128667,38.860725,06/07/20,495102,MANORCARE HEALTH SERVICES-ARLINGTON,550 SOUTH CARLIN SPRINGS ROAD,ARLINGTON,VA,22204,Y,Y,3,16,0,13,3,12,1,2,1,2,159,112,Y,N,Y,N,0,2,0,4,0,0,N,N,N,N,Y,Y,Y,Y,Y,Y,Y,Y,Y,Y,Y,Y,N,,,,,116.1,17.9,15.4,POINT (-78.666382 37.510861),POINT (-77.128667 38.860725)
-77.128667,38.860725,06/14/20,495102,MANORCARE HEALTH SERVICES-ARLINGTON,550 SOUTH CARLIN SPRINGS ROAD,ARLINGTON,VA,22204,Y,Y,10,26,0,13,0,12,1,3,0,2,159,112,Y,N,Y,N,0,2,0,4,0,0,Y,Y,Y,Y,Y,Y,Y,Y,Y,Y,Y,Y,Y,Y,Y,Y,N,,,,,116.1,17.9,15.4,POINT (-78.666382 37.510861),POINT (-77.128667 38.860725)
-77.128667,38.860725,05/31/20,495102,MANORCARE HEALTH SERVICES-ARLINGTON,550 SOUTH CARLIN SPRINGS ROAD,ARLINGTON,VA,22204,Y,Y,6,13,1,13,2,9,0,1,0,1,157,112,Y,N,Y,N,0,2,0,4,0,0,N,N,N,N,Y,Y,Y,Y,Y,Y,Y,Y,Y,Y,Y,Y,N,,,,,116.1,8.9,7.7,POINT (-78.666382 37.510861),POINT (-77.128667 38.860725)
-77.128667,38.860725,05/24/20,495102,MANORCARE HEALTH SERVICES-ARLINGTON,550 SOUTH CARLIN SPRINGS ROAD,ARLINGTON,VA,22204,Y,Y,7,7,12,12,7,7,1,1,1,1,157,104,Y,N,Y,N,2,2,4,4,0,0,N,N,N,N,Y,Y,Y,Y,Y,Y,Y,Y,Y,Y,Y,Y,N,,,,,115.4,9.6,8.3,POINT (-78.666382 37.510861),POINT (-77.128667 38.860725)
-77.11916,38.851619,05/24/20,495171,GOODWIN HOUSE BAILEY'S CROSSROADS,3440 S JEFFERSON STREET,FALLS CHURCH,VA,22041,Y,Y,0,0,2,2,0,0,2,2,0,0,73,61,Y,N,Y,N,0,0,1,1,0,0,N,N,N,N,Y,Y,Y,Y,Y,Y,Y,Y,Y,Y,Y,Y,N,,,,,32.8,0,0,POINT (-78.666382 37.510861),POINT (-77.11916 38.851619)
-77.11916,38.851619,06/14/20,495171,GOODWIN HOUSE BAILEY'S CROSSROADS,3440 S JEFFERSON STREET,FALLS CHURCH,VA,22041,Y,Y,0,0,0,3,0,0,0,4,0,0,73,62,Y,N,Y,N,0,3,0,1,0,0,N,N,N,N,Y,Y,Y,Y,Y,Y,Y,Y,Y,Y,Y,Y,N,,,,,48.4,0,0,POINT (-78.666382 37.510861),POINT (-77.11916 38.851619)
-77.11916,38.851619,05/31/20,495171,GOODWIN HOUSE BAILEY'S CROSSROADS,3440 S JEFFERSON STREET,FALLS CHURCH,VA,22041,Y,Y,0,0,0,2,0,0,1,3,0,0,73,59,Y,N,Y,N,0,0,0,1,0,0,N,N,N,N,Y,Y,Y,Y,Y,Y,Y,Y,Y,Y,Y,Y,N,,,,,33.9,0,0,POINT (-78.666382 37.510861),POINT (-77.11916 38.851619)
-77.11916,38.851619,06/07/20,495171,GOODWIN HOUSE BAILEY'S CROSSROADS,3440 S JEFFERSON STREET,FALLS CHURCH,VA,22041,Y,Y,0,0,1,3,0,0,1,4,0,0,73,62,Y,N,Y,N,3,3,0,1,0,0,N,N,N,N,Y,Y,Y,Y,Y,Y,Y,Y,Y,Y,Y,Y,N,,,,,48.4,0,0,POINT (-78.666382 37.510861),POINT (-77.11916 38.851619)
-77.115168,38.8378,06/07/20,495288,THE FOUNTAINS AT WASHINGTON HOUSE,5100 FILLMORE AVENUE,ALEXANDRIA,VA,22311,Y,Y,2,7,0,1,0,0,0,0,0,0,54,18,Y,Y,N,N,2,4,0,1,0,0,Y,N,N,N,Y,N,Y,Y,Y,Y,Y,Y,Y,Y,Y,Y,N,,,,,55.6,0,0,POINT (-78.666382 37.510861),POINT (-77.115168 38.8378)
-77.115168,38.8378,05/24/20,495288,THE FOUNTAINS AT WASHINGTON HOUSE,5100 FILLMORE AVENUE,ALEXANDRIA,VA,22311,Y,Y,4,4,1,1,0,0,0,0,0,0,54,15,Y,Y,N,N,2,2,1,1,0,0,N,N,N,N,Y,Y,Y,Y,Y,N,Y,Y,Y,Y,Y,Y,N,,,,,66.7,0,0,POINT (-78.666382 37.510861),POINT (-77.115168 38.8378)
-77.115168,38.8378,05/31/20,495288,THE FOUNTAINS AT WASHINGTON HOUSE,5100 FILLMORE AVENUE,ALEXANDRIA,VA,22311,Y,Y,1,5,0,1,0,0,0,0,0,0,54,16,Y,Y,N,N,0,2,0,1,0,0,N,N,N,N,Y,Y,Y,Y,Y,Y,Y,Y,Y,Y,Y,Y,N,,,,,62.5,0,0,POINT (-78.666382 37.510861),POINT (-77.115168 38.8378)
-77.115168,38.8378,06/14/20,495288,THE FOUNTAINS AT WASHINGTON HOUSE,5100 FILLMORE AVENUE,ALEXANDRIA,VA,22311,N,,0,7,0,1,0,0,0,0,0,0,54,18,,,,,0,4,0,1,0,0,,,,,,,,,,,,,,,,,,,,,,55.6,0,0,POINT (-78.666382 37.510861),POINT (-77.115168 38.8378)
-77.113601,38.836768,06/14/20,495057,GOODWIN HOUSE ALEXANDRIA,4800 FILLMORE AVE,ALEXANDRIA,VA,22311,Y,Y,0,0,0,0,0,0,0,0,0,0,80,72,Y,Y,Y,N,0,3,0,0,0,0,N,N,N,N,Y,Y,Y,Y,Y,Y,Y,Y,Y,Y,Y,Y,N,,,,,0,0,,POINT (-78.666382 37.510861),POINT (-77.113601 38.836768)
-77.113601,38.836768,05/31/20,495057,GOODWIN HOUSE ALEXANDRIA,4800 FILLMORE AVE,ALEXANDRIA,VA,22311,Y,Y,0,0,0,0,0,0,0,0,0,0,80,72,Y,Y,Y,N,1,3,0,0,0,0,N,N,N,N,Y,Y,Y,Y,Y,Y,Y,Y,Y,Y,Y,Y,N,,,,,0,0,,POINT (-78.666382 37.510861),POINT (-77.113601 38.836768)
-77.113601,38.836768,05/24/20,495057,GOODWIN HOUSE ALEXANDRIA,4800 FILLMORE AVE,ALEXANDRIA,VA,22311,Y,Y,0,0,0,0,0,0,0,0,0,0,80,72,Y,Y,Y,N,2,2,0,0,0,0,N,N,N,N,Y,Y,Y,Y,Y,Y,Y,Y,Y,Y,Y,Y,N,,,,,0,0,,POINT (-78.666382 37.510861),POINT (-77.113601 38.836768)
-77.113601,38.836768,06/07/20,495057,GOODWIN HOUSE ALEXANDRIA,4800 FILLMORE AVE,ALEXANDRIA,VA,22311,Y,Y,0,0,0,0,0,0,0,0,0,0,80,71,Y,Y,Y,N,0,3,0,0,0,0,N,N,N,N,Y,Y,Y,Y,Y,Y,Y,Y,Y,Y,Y,Y,N,,,,,0,0,,POINT (-78.666382 37.510861),POINT (-77.113601 38.836768)
-77.112478,38.880325,05/31/20,495269,THE JEFFERSON,900 NORTH TAYLOR STREET,ARLINGTON,VA,22203,Y,Y,0,3,1,10,0,5,0,8,0,6,31,7,Y,Y,Y,N,1,13,0,7,0,0,N,N,N,N,Y,Y,Y,Y,Y,Y,Y,Y,Y,Y,Y,Y,N,,,,,1428.6,857.1,60,POINT (-78.666382 37.510861),POINT (-77.112478 38.880325)
-77.112478,38.880325,06/07/20,495269,THE JEFFERSON,900 NORTH TAYLOR STREET,ARLINGTON,VA,22203,Y,Y,0,3,0,10,0,5,0,8,0,6,31,7,Y,Y,Y,N,0,13,0,7,0,0,N,N,N,N,Y,Y,Y,Y,Y,Y,Y,Y,Y,Y,Y,Y,N,,,,,1428.6,857.1,60,POINT (-78.666382 37.510861),POINT (-77.112478 38.880325)
-77.112478,38.880325,05/24/20,495269,THE JEFFERSON,900 NORTH TAYLOR STREET,ARLINGTON,VA,22203,Y,Y,3,3,9,9,5,5,8,8,6,6,31,8,Y,Y,Y,N,12,12,7,7,0,0,N,N,N,N,Y,Y,Y,Y,Y,Y,Y,Y,Y,Y,Y,Y,N,,,,,1125,750,66.7,POINT (-78.666382 37.510861),POINT (-77.112478 38.880325)
-77.112478,38.880325,06/14/20,495269,THE JEFFERSON,900 NORTH TAYLOR STREET,ARLINGTON,VA,22203,Y,Y,1,4,0,10,0,5,0,8,0,6,31,8,Y,Y,Y,N,0,13,0,7,0,0,N,N,N,N,Y,Y,Y,Y,Y,Y,Y,Y,Y,Y,Y,Y,N,,,,,1250,750,60,POINT (-78.666382 37.510861),POINT (-77.112478 38.880325)
-77.10578,38.89625,06/07/20,495121,CHERRYDALE HEALTH AND REHABILITATION CENTER,3710 LEE HIGHWAY,ARLINGTON,VA,22207,Y,Y,3,10,0,82,0,14,1,13,0,8,180,122,Y,Y,Y,Y,0,25,0,0,0,0,N,N,N,N,Y,Y,Y,Y,Y,Y,Y,Y,Y,Y,Y,N,N,,,,,672.1,65.6,9.8,POINT (-78.666382 37.510861),POINT (-77.10578 38.89625)
-77.10578,38.89625,05/31/20,495121,CHERRYDALE HEALTH AND REHABILITATION CENTER,3710 LEE HIGHWAY,ARLINGTON,VA,22207,Y,Y,1,7,0,82,0,14,0,12,0,8,0,122,Y,Y,Y,Y,2,25,0,0,0,0,N,N,N,N,Y,Y,Y,Y,Y,Y,Y,Y,Y,Y,Y,N,N,,,,,672.1,65.6,9.8,POINT (-78.666382 37.510861),POINT (-77.10578 38.89625)
-77.10578,38.89625,05/24/20,495121,CHERRYDALE HEALTH AND REHABILITATION CENTER,3710 LEE HIGHWAY,ARLINGTON,VA,22207,Y,Y,6,6,82,82,14,14,12,12,8,8,0,121,Y,Y,Y,Y,23,23,0,0,0,0,N,N,N,N,Y,Y,Y,Y,Y,Y,Y,N,Y,Y,Y,N,N,,,,,677.7,66.1,9.8,POINT (-78.666382 37.510861),POINT (-77.10578 38.89625)
-77.10578,38.89625,06/14/20,495121,CHERRYDALE HEALTH AND REHABILITATION CENTER,3710 LEE HIGHWAY,ARLINGTON,VA,22207,Y,Y,0,10,0,82,0,14,0,13,0,8,180,119,Y,Y,Y,Y,0,25,0,0,0,0,N,N,N,N,Y,Y,Y,Y,Y,Y,Y,Y,Y,Y,Y,N,N,,,,,689.1,67.2,9.8,POINT (-78.666382 37.510861),POINT (-77.10578 38.89625)
-77.078723,37.038699,05/31/20,495185,ACCORDIUS HEALTH AT WAVERLY,456 E MAIN ST,WAVERLY,VA,23890,Y,Y,0,0,1,40,0,0,2,4,2,4,120,77,Y,Y,Y,Y,19,38,0,24,0,0,N,N,N,N,Y,Y,Y,Y,Y,Y,Y,Y,Y,Y,Y,Y,N,,,,,519.5,51.9,10,POINT (-78.666382 37.510861),POINT (-77.078723 37.038699)
-77.078723,37.038699,05/24/20,495185,ACCORDIUS HEALTH AT WAVERLY,456 E MAIN ST,WAVERLY,VA,23890,Y,Y,0,0,39,39,0,0,2,2,2,2,120,81,Y,Y,Y,Y,19,19,24,24,0,0,N,N,N,N,Y,Y,Y,Y,Y,Y,Y,N,Y,Y,Y,Y,N,,,,,481.5,24.7,5.1,POINT (-78.666382 37.510861),POINT (-77.078723 37.038699)
-77.078723,37.038699,06/14/20,495185,ACCORDIUS HEALTH AT WAVERLY,456 E MAIN ST,WAVERLY,VA,23890,Y,Y,0,0,0,49,0,0,0,7,0,7,120,79,Y,Y,Y,Y,0,59,0,24,0,0,N,N,N,N,Y,Y,Y,Y,Y,Y,Y,N,Y,N,Y,N,N,,,,,620.3,88.6,14.3,POINT (-78.666382 37.510861),POINT (-77.078723 37.038699)
-77.078723,37.038699,06/07/20,495185,ACCORDIUS HEALTH AT WAVERLY,456 E MAIN ST,WAVERLY,VA,23890,Y,Y,0,0,9,49,0,0,3,7,3,7,120,77,Y,Y,Y,Y,21,59,0,24,0,0,N,N,N,N,Y,Y,Y,Y,Y,Y,Y,Y,Y,Y,Y,Y,N,,,,,636.4,90.9,14.3,POINT (-78.666382 37.510861),POINT (-77.078723 37.038699)
-77.078332,38.736339,05/24/20,495211,MOUNT VERNON HEALTHCARE CENTER,8111 TISWELL DRIVE,ALEXANDRIA,VA,22306,Y,N,0,0,2,2,6,6,0,0,0,0,130,88,Y,Y,Y,N,0,0,0,0,0,0,N,N,Y,N,Y,Y,Y,Y,Y,Y,Y,Y,Y,Y,Y,Y,N,,,,,22.7,0,0,POINT (-78.666382 37.510861),POINT (-77.078332 38.736339)
-77.078332,38.736339,06/14/20,495211,MOUNT VERNON HEALTHCARE CENTER,8111 TISWELL DRIVE,ALEXANDRIA,VA,22306,Y,N,2,2,1,12,1,11,0,0,0,0,130,7,Y,Y,Y,N,0,8,0,1,0,0,N,N,N,N,Y,Y,Y,Y,Y,Y,Y,Y,Y,Y,Y,Y,N,,,,,1714.3,0,0,POINT (-78.666382 37.510861),POINT (-77.078332 38.736339)
-77.078332,38.736339,05/31/20,495211,MOUNT VERNON HEALTHCARE CENTER,8111 TISWELL DRIVE,ALEXANDRIA,VA,22306,Y,N,0,0,3,5,4,10,0,0,0,0,130,82,Y,Y,Y,N,0,0,0,0,0,0,Y,N,Y,N,Y,Y,Y,Y,Y,Y,Y,Y,Y,Y,Y,Y,N,,,,,61,0,0,POINT (-78.666382 37.510861),POINT (-77.078332 38.736339)
-77.078332,38.736339,06/07/20,495211,MOUNT VERNON HEALTHCARE CENTER,8111 TISWELL DRIVE,ALEXANDRIA,VA,22306,Y,N,0,0,6,11,0,10,0,0,0,0,130,79,Y,Y,Y,N,8,8,1,1,0,0,Y,N,Y,N,Y,Y,Y,Y,Y,Y,Y,Y,Y,Y,Y,Y,N,,,,,139.2,0,0,POINT (-78.666382 37.510861),POINT (-77.078332 38.736339)
-77.075673,38.827277,05/24/20,495203,"ENVOY OF ALEXANDRIA, LLC",900 VIRGINIA AVENUE,ALEXANDRIA,VA,22302,Y,Y,1,1,25,25,2,2,7,7,8,8,111,86,Y,Y,Y,Y,25,25,0,0,0,0,N,N,N,N,Y,Y,Y,Y,Y,Y,Y,Y,Y,Y,Y,Y,N,,,,,290.7,93,32,POINT (-78.666382 37.510861),POINT (-77.075673 38.827277)
-77.075673,38.827277,06/07/20,495203,"ENVOY OF ALEXANDRIA, LLC",900 VIRGINIA AVENUE,ALEXANDRIA,VA,22302,Y,Y,1,2,0,25,0,2,2,9,1,9,111,85,Y,Y,Y,Y,0,25,0,0,0,0,Y,Y,Y,Y,Y,Y,Y,Y,Y,Y,Y,Y,Y,Y,Y,Y,N,,,,,294.1,105.9,36,POINT (-78.666382 37.510861),POINT (-77.075673 38.827277)
-77.075673,38.827277,06/14/20,495203,"ENVOY OF ALEXANDRIA, LLC",900 VIRGINIA AVENUE,ALEXANDRIA,VA,22302,Y,Y,0,2,0,25,0,2,0,9,0,9,111,84,Y,Y,Y,Y,0,25,0,0,0,0,N,N,N,N,Y,Y,Y,Y,Y,Y,Y,Y,Y,Y,Y,Y,N,,,,,297.6,107.1,36,POINT (-78.666382 37.510861),POINT (-77.075673 38.827277)
-77.075673,38.827277,05/31/20,495203,"ENVOY OF ALEXANDRIA, LLC",900 VIRGINIA AVENUE,ALEXANDRIA,VA,22302,Y,Y,0,1,0,25,0,2,0,7,0,8,111,86,Y,Y,Y,Y,0,25,0,0,0,0,N,N,N,N,Y,Y,Y,Y,Y,Y,Y,Y,Y,Y,Y,Y,N,,,,,290.7,93,32,POINT (-78.666382 37.510861),POINT (-77.075673 38.827277)
-77.073051,38.815418,06/14/20,495019,WOODBINE REHABILITATION & HEALTHCARE CENTER,2729 KING ST,ALEXANDRIA,VA,22302,Y,Y,0,6,9,27,8,11,1,15,0,1,307,270,Y,Y,Y,N,7,20,0,9,0,0,N,N,N,N,Y,N,Y,N,Y,Y,Y,Y,Y,Y,Y,Y,Y,35,4,Y,Y,100,3.7,3.7,POINT (-78.666382 37.510861),POINT (-77.073051 38.815418)
-77.073051,38.815418,05/24/20,495019,WOODBINE REHABILITATION & HEALTHCARE CENTER,2729 KING ST,ALEXANDRIA,VA,22302,Y,Y,4,4,18,18,3,3,12,12,1,1,307,262,Y,Y,Y,N,12,12,6,6,0,0,N,N,N,N,N,N,N,N,Y,Y,N,N,Y,Y,Y,Y,Y,35,0,Y,Y,68.7,3.8,5.6,POINT (-78.666382 37.510861),POINT (-77.073051 38.815418)
-77.073051,38.815418,05/31/20,495019,WOODBINE REHABILITATION & HEALTHCARE CENTER,2729 KING ST,ALEXANDRIA,VA,22302,Y,Y,1,5,0,18,0,3,1,13,0,1,307,258,Y,Y,Y,N,0,12,3,9,0,0,N,N,N,N,N,N,N,N,Y,Y,N,N,Y,Y,Y,Y,Y,35,0,Y,Y,69.8,3.9,5.6,POINT (-78.666382 37.510861),POINT (-77.073051 38.815418)
-77.073051,38.815418,06/07/20,495019,WOODBINE REHABILITATION & HEALTHCARE CENTER,2729 KING ST,ALEXANDRIA,VA,22302,Y,Y,1,6,0,18,0,3,1,14,0,1,307,272,Y,Y,Y,N,1,13,0,9,0,0,N,N,N,N,N,N,N,N,Y,Y,N,N,Y,Y,Y,Y,Y,35,0,Y,Y,66.2,3.7,5.6,POINT (-78.666382 37.510861),POINT (-77.073051 38.815418)
-77.05922,38.734332,06/07/20,495011,MANORCARE HEALTH SERVICES-ALEXANDRIA,1510 COLLINGWOOD ROAD,ALEXANDRIA,VA,22308,Y,Y,2,5,10,36,0,1,1,5,1,3,96,53,Y,Y,Y,Y,0,14,0,0,0,0,N,N,N,N,Y,Y,Y,Y,Y,Y,Y,Y,Y,Y,Y,Y,,,,,,679.2,56.6,8.3,POINT (-78.666382 37.510861),POINT (-77.05922 38.734332)
-77.05922,38.734332,05/24/20,495011,MANORCARE HEALTH SERVICES-ALEXANDRIA,1510 COLLINGWOOD ROAD,ALEXANDRIA,VA,22308,Y,Y,2,2,24,24,1,1,3,3,1,1,96,65,Y,Y,Y,Y,13,13,0,0,0,0,N,N,N,N,Y,Y,Y,Y,Y,Y,Y,Y,Y,Y,Y,Y,N,,,,,369.2,15.4,4.2,POINT (-78.666382 37.510861),POINT (-77.05922 38.734332)
-77.05922,38.734332,06/14/20,495011,MANORCARE HEALTH SERVICES-ALEXANDRIA,1510 COLLINGWOOD ROAD,ALEXANDRIA,VA,22308,Y,Y,1,6,7,43,0,1,0,5,0,3,96,51,Y,Y,Y,Y,2,16,0,0,0,0,N,N,N,N,Y,Y,Y,Y,Y,Y,Y,Y,Y,Y,Y,Y,N,,,,,843.1,58.8,7,POINT (-78.666382 37.510861),POINT (-77.05922 38.734332)
-77.05922,38.734332,05/31/20,495011,MANORCARE HEALTH SERVICES-ALEXANDRIA,1510 COLLINGWOOD ROAD,ALEXANDRIA,VA,22308,Y,Y,1,3,2,26,0,1,1,4,1,2,96,59,Y,Y,Y,Y,1,14,0,0,0,0,N,N,N,N,Y,Y,Y,Y,Y,Y,Y,Y,Y,Y,Y,Y,N,,,,,440.7,33.9,7.7,POINT (-78.666382 37.510861),POINT (-77.05922 38.734332)
-77.057513,38.857604,06/07/20,495114,"REGENCY CARE OF ARLINGTON, LLC",1785 SOUTH HAYES STREET,ARLINGTON,VA,22202,Y,Y,0,0,0,26,0,0,0,33,0,33,240,122,Y,N,Y,Y,4,11,0,0,0,0,Y,N,Y,N,Y,Y,Y,Y,Y,Y,Y,Y,Y,Y,Y,Y,N,,,,,213.1,270.5,126.9,POINT (-78.666382 37.510861),POINT (-77.057513 38.857604)
-77.057513,38.857604,05/24/20,495114,"REGENCY CARE OF ARLINGTON, LLC",1785 SOUTH HAYES STREET,ARLINGTON,VA,22202,Y,Y,0,0,26,26,0,0,29,29,29,29,240,125,Y,N,Y,Y,0,0,0,0,0,0,Y,N,Y,Y,Y,Y,Y,Y,Y,Y,Y,N,Y,Y,Y,Y,N,,,,,208,232,111.5,POINT (-78.666382 37.510861),POINT (-77.057513 38.857604)
-77.057513,38.857604,05/31/20,495114,"REGENCY CARE OF ARLINGTON, LLC",1785 SOUTH HAYES STREET,ARLINGTON,VA,22202,Y,Y,0,0,0,26,0,0,4,33,4,33,240,123,Y,N,Y,Y,7,7,0,0,0,0,Y,N,Y,N,Y,Y,Y,Y,Y,Y,Y,Y,Y,Y,Y,Y,N,,,,,211.4,268.3,126.9,POINT (-78.666382 37.510861),POINT (-77.057513 38.857604)
-77.057513,38.857604,06/14/20,495114,"REGENCY CARE OF ARLINGTON, LLC",1785 SOUTH HAYES STREET,ARLINGTON,VA,22202,Y,Y,0,0,10,36,0,0,0,33,0,33,240,119,Y,N,Y,Y,10,21,0,0,0,0,N,N,Y,N,Y,Y,Y,Y,Y,Y,Y,Y,Y,Y,Y,Y,N,,,,,302.5,277.3,91.7,POINT (-78.666382 37.510861),POINT (-77.057513 38.857604)
-77.055122,36.708745,06/07/20,495296,ACCORDIUS HEALTH AT COURTLAND,23020 MAIN STREET,COURTLAND,VA,23837,Y,Y,1,2,1,4,0,3,0,5,0,1,90,49,Y,N,Y,Y,0,1,0,0,0,0,N,N,N,N,Y,Y,Y,Y,Y,Y,Y,Y,Y,Y,Y,Y,N,,,,,81.6,20.4,25,POINT (-78.666382 37.510861),POINT (-77.055122 36.708745)
-77.055122,36.708745,06/14/20,495296,ACCORDIUS HEALTH AT COURTLAND,23020 MAIN STREET,COURTLAND,VA,23837,Y,Y,0,2,0,4,2,5,1,6,1,2,90,48,Y,N,Y,Y,0,1,0,0,1,1,N,N,N,N,Y,Y,Y,Y,N,N,Y,Y,Y,Y,Y,Y,N,,,,,83.3,41.7,50,POINT (-78.666382 37.510861),POINT (-77.055122 36.708745)
-77.055122,36.708745,05/31/20,495296,ACCORDIUS HEALTH AT COURTLAND,23020 MAIN STREET,COURTLAND,VA,23837,Y,Y,0,1,1,3,0,3,3,5,1,1,90,51,Y,Y,Y,N,0,1,0,0,0,0,N,N,N,N,Y,Y,Y,Y,Y,Y,Y,Y,Y,N,Y,Y,N,,,,,58.8,19.6,33.3,POINT (-78.666382 37.510861),POINT (-77.055122 36.708745)
-77.055122,36.708745,05/24/20,495296,ACCORDIUS HEALTH AT COURTLAND,23020 MAIN STREET,COURTLAND,VA,23837,Y,Y,1,1,2,2,3,3,2,2,0,0,90,54,Y,Y,Y,Y,1,1,0,0,0,0,Y,N,Y,N,Y,Y,Y,Y,Y,Y,Y,Y,Y,Y,Y,Y,N,,,,,37,0,0,POINT (-78.666382 37.510861),POINT (-77.055122 36.708745)
-76.983143,38.264446,06/07/20,495268,WESTMORELAND REHABILITATION & HEALTHCARE CENTER,2400 MCKINNEY BOULEVARD,COLONIAL BEACH,VA,22443,Y,Y,0,0,0,0,2,42,1,13,0,4,66,53,Y,Y,Y,N,0,0,3,11,0,0,N,N,N,N,Y,Y,Y,Y,Y,Y,Y,Y,Y,Y,Y,Y,N,,,,,0,75.5,,POINT (-78.666382 37.510861),POINT (-76.98314300000001 38.264446)
-76.983143,38.264446,05/31/20,495268,WESTMORELAND REHABILITATION & HEALTHCARE CENTER,2400 MCKINNEY BOULEVARD,COLONIAL BEACH,VA,22443,Y,Y,0,0,0,0,3,40,0,12,0,4,66,54,Y,Y,Y,N,0,0,0,8,0,0,N,N,N,N,Y,Y,Y,Y,Y,Y,Y,Y,Y,Y,Y,Y,N,,,,,0,74.1,,POINT (-78.666382 37.510861),POINT (-76.98314300000001 38.264446)
-76.983143,38.264446,05/24/20,495268,WESTMORELAND REHABILITATION & HEALTHCARE CENTER,2400 MCKINNEY BOULEVARD,COLONIAL BEACH,VA,22443,Y,Y,0,0,0,0,37,37,12,12,4,4,66,53,Y,Y,Y,N,0,0,8,8,0,0,N,N,N,N,Y,Y,Y,Y,Y,Y,Y,Y,Y,Y,Y,Y,N,,,,,0,75.5,,POINT (-78.666382 37.510861),POINT (-76.98314300000001 38.264446)
-76.983143,38.264446,06/14/20,495268,WESTMORELAND REHABILITATION & HEALTHCARE CENTER,2400 MCKINNEY BOULEVARD,COLONIAL BEACH,VA,22443,Y,Y,0,0,0,0,6,48,1,14,0,4,66,55,Y,Y,Y,N,1,1,6,17,0,0,N,N,N,N,Y,Y,Y,Y,Y,Y,Y,Y,Y,Y,Y,Y,N,,,,,0,72.7,,POINT (-78.666382 37.510861),POINT (-76.98314300000001 38.264446)
-76.934942,36.691171,05/31/20,495157,SOUTHAMPTON MEMORIAL HOSP,100 FAIRVIEW DR,FRANKLIN,VA,23851,Y,Y,0,0,0,0,0,0,1,1,0,0,129,87,Y,Y,Y,N,0,0,0,2,0,0,N,N,N,N,Y,Y,Y,Y,Y,Y,Y,Y,Y,Y,Y,Y,N,,,,,0,0,,POINT (-78.666382 37.510861),POINT (-76.934942 36.691171000000004)
-76.934942,36.691171,06/07/20,495157,SOUTHAMPTON MEMORIAL HOSP,100 FAIRVIEW DR,FRANKLIN,VA,23851,Y,Y,0,0,0,0,0,0,0,1,0,0,129,87,Y,Y,Y,N,0,0,0,2,0,0,N,N,N,N,Y,Y,Y,Y,Y,Y,Y,Y,Y,Y,Y,Y,N,,,,,0,0,,POINT (-78.666382 37.510861),POINT (-76.934942 36.691171000000004)
-76.934942,36.691171,05/24/20,495157,SOUTHAMPTON MEMORIAL HOSP,100 FAIRVIEW DR,FRANKLIN,VA,23851,Y,Y,0,0,0,0,0,0,0,0,0,0,129,89,Y,Y,Y,N,0,0,2,2,0,0,N,N,N,N,Y,Y,Y,Y,Y,Y,Y,Y,Y,Y,Y,Y,N,,,,,0,0,,POINT (-78.666382 37.510861),POINT (-76.934942 36.691171000000004)
-76.934942,36.691171,06/14/20,495157,SOUTHAMPTON MEMORIAL HOSP,100 FAIRVIEW DR,FRANKLIN,VA,23851,Y,Y,0,0,0,0,0,0,1,2,0,0,129,85,Y,Y,Y,N,0,0,0,2,0,0,N,N,N,N,Y,Y,Y,Y,Y,Y,Y,Y,Y,Y,Y,Y,N,,,,,0,0,,POINT (-78.666382 37.510861),POINT (-76.934942 36.691171000000004)
-76.87117,37.921993,05/24/20,495328,CARRINGTON PLACE OF TAPPAHANNOCK,1150 MARSH STREET,TAPPAHANNOCK,VA,22560,Y,Y,0,0,0,0,0,0,0,0,0,0,60,52,Y,N,Y,N,0,0,0,0,0,0,N,N,N,N,Y,Y,Y,Y,Y,Y,Y,N,Y,Y,Y,Y,N,,,,,0,0,,POINT (-78.666382 37.510861),POINT (-76.87117 37.921993)
-76.87117,37.921993,05/31/20,495328,CARRINGTON PLACE OF TAPPAHANNOCK,1150 MARSH STREET,TAPPAHANNOCK,VA,22560,Y,Y,0,0,0,0,0,0,0,0,0,0,60,52,Y,N,Y,N,0,0,2,2,0,0,N,N,N,N,Y,Y,Y,Y,Y,Y,Y,N,Y,Y,Y,Y,N,,,,,0,0,,POINT (-78.666382 37.510861),POINT (-76.87117 37.921993)
-76.87117,37.921993,06/14/20,495328,CARRINGTON PLACE OF TAPPAHANNOCK,1150 MARSH STREET,TAPPAHANNOCK,VA,22560,Y,Y,0,0,0,0,0,0,0,0,0,0,60,54,Y,N,Y,N,0,0,0,2,0,0,N,N,N,N,Y,Y,Y,Y,Y,Y,Y,N,Y,Y,Y,Y,N,,,,,0,0,,POINT (-78.666382 37.510861),POINT (-76.87117 37.921993)
-76.87117,37.921993,06/07/20,495328,CARRINGTON PLACE OF TAPPAHANNOCK,1150 MARSH STREET,TAPPAHANNOCK,VA,22560,Y,Y,0,0,0,0,0,0,0,0,0,0,60,54,Y,N,Y,N,0,0,0,2,0,0,N,N,N,N,Y,Y,Y,Y,Y,Y,Y,N,Y,Y,Y,Y,N,,,,,0,0,,POINT (-78.666382 37.510861),POINT (-76.87117 37.921993)
-76.80784,37.256329,06/14/20,495369,THE CONVALESCENT CENTER AT PATRIOTS COLONY,6000 PATRIOTS COLONY DRIVE,WILLIAMSBURG,VA,23188,N,,0,3,0,0,0,2,0,4,0,0,60,39,,,,,0,0,0,0,0,0,,,,,,,,,,,,,,,,,,,,,,0,0,,POINT (-78.666382 37.510861),POINT (-76.80784 37.256329)
-76.80784,37.256329,06/07/20,495369,THE CONVALESCENT CENTER AT PATRIOTS COLONY,6000 PATRIOTS COLONY DRIVE,WILLIAMSBURG,VA,23188,Y,Y,3,3,0,0,0,2,1,4,0,0,60,39,Y,Y,Y,N,0,0,0,0,0,0,N,N,N,N,Y,Y,Y,Y,Y,Y,Y,Y,Y,Y,Y,Y,N,,,,,0,0,,POINT (-78.666382 37.510861),POINT (-76.80784 37.256329)
-76.80784,37.256329,05/31/20,495369,THE CONVALESCENT CENTER AT PATRIOTS COLONY,6000 PATRIOTS COLONY DRIVE,WILLIAMSBURG,VA,23188,Y,Y,0,0,0,0,0,2,1,3,0,0,60,40,Y,Y,Y,N,0,0,0,0,0,0,N,N,N,N,Y,Y,Y,Y,Y,Y,Y,Y,Y,Y,Y,Y,N,,,,,0,0,,POINT (-78.666382 37.510861),POINT (-76.80784 37.256329)
-76.80784,37.256329,05/24/20,495369,THE CONVALESCENT CENTER AT PATRIOTS COLONY,6000 PATRIOTS COLONY DRIVE,WILLIAMSBURG,VA,23188,Y,Y,0,0,0,0,2,2,2,2,0,0,60,41,Y,Y,Y,N,0,0,0,0,0,0,N,N,N,N,Y,Y,Y,Y,Y,Y,Y,Y,Y,Y,Y,Y,N,,,,,0,0,,POINT (-78.666382 37.510861),POINT (-76.80784 37.256329)
-76.800094,37.564601,05/24/20,495303,RIVERSIDE CONVALESCENT CNTR WE,2960 CHELSEA ROAD,WEST POINT,VA,23181,Y,Y,0,0,0,0,2,2,0,0,0,0,60,54,Y,Y,Y,N,0,0,2,2,0,0,N,N,N,N,Y,Y,Y,Y,Y,Y,Y,Y,Y,Y,Y,Y,N,,,,,0,0,,POINT (-78.666382 37.510861),POINT (-76.800094 37.564601)
-76.800094,37.564601,05/31/20,495303,RIVERSIDE CONVALESCENT CNTR WE,2960 CHELSEA ROAD,WEST POINT,VA,23181,Y,Y,0,0,0,0,0,2,0,0,0,0,60,54,Y,Y,Y,N,0,0,0,2,0,0,N,N,N,N,Y,Y,Y,Y,Y,Y,Y,Y,Y,Y,Y,Y,N,,,,,0,0,,POINT (-78.666382 37.510861),POINT (-76.800094 37.564601)
-76.800094,37.564601,06/07/20,495303,RIVERSIDE CONVALESCENT CNTR WE,2960 CHELSEA ROAD,WEST POINT,VA,23181,Y,Y,0,0,0,0,0,2,0,0,0,0,60,56,Y,Y,Y,N,0,0,1,3,0,0,N,N,N,N,Y,Y,Y,Y,Y,Y,Y,Y,Y,Y,Y,Y,N,,,,,0,0,,POINT (-78.666382 37.510861),POINT (-76.800094 37.564601)
-76.800094,37.564601,06/14/20,495303,RIVERSIDE CONVALESCENT CNTR WE,2960 CHELSEA ROAD,WEST POINT,VA,23181,N,,0,0,0,0,0,2,0,0,0,0,60,56,,,,,0,0,0,3,0,0,,,,,,,,,,,,,,,,,,,,,,0,0,,POINT (-78.666382 37.510861),POINT (-76.800094 37.564601)
-76.773485,37.961662,05/24/20,495364,THE ORCHARD,20 DELFAE DRIVE,WARSAW,VA,22572,Y,Y,4,4,1,1,9,9,3,3,2,2,80,64,Y,Y,Y,N,2,2,18,18,0,0,N,N,N,N,Y,Y,Y,Y,Y,Y,Y,Y,Y,Y,Y,Y,N,,,,,15.6,31.3,200,POINT (-78.666382 37.510861),POINT (-76.773485 37.961662)
-76.773485,37.961662,05/31/20,495364,THE ORCHARD,20 DELFAE DRIVE,WARSAW,VA,22572,Y,Y,0,4,0,1,0,9,1,4,0,2,80,60,Y,Y,Y,N,0,2,0,18,0,0,N,N,N,N,Y,Y,Y,Y,Y,Y,Y,Y,Y,Y,Y,Y,N,,,,,16.7,33.3,200,POINT (-78.666382 37.510861),POINT (-76.773485 37.961662)
-76.773485,37.961662,06/14/20,495364,THE ORCHARD,20 DELFAE DRIVE,WARSAW,VA,22572,N,,0,4,0,1,0,9,0,4,0,2,80,59,,,,,0,2,0,18,0,0,,,,,,,,,,,,,,,,,,,,,,16.9,33.9,200,POINT (-78.666382 37.510861),POINT (-76.773485 37.961662)
-76.773485,37.961662,06/07/20,495364,THE ORCHARD,20 DELFAE DRIVE,WARSAW,VA,22572,Y,Y,0,4,0,1,0,9,0,4,0,2,80,59,Y,Y,Y,N,0,2,0,18,0,0,N,N,N,N,Y,Y,Y,Y,Y,Y,Y,Y,Y,Y,Y,Y,N,,,,,16.9,33.9,200,POINT (-78.666382 37.510861),POINT (-76.773485 37.961662)
-76.765619,37.238692,06/14/20,495190,CONSULATE HEALTHCARE OF WILLIAMSBURG,1811 JAMESTOWN ROAD,WILLIAMSBURG,VA,23185,N,,0,0,0,0,0,5,0,0,0,0,,,,,,,0,0,0,0,0,0,,,,,,,,,,,,,,,,,,,,,,,,,POINT (-78.666382 37.510861),POINT (-76.765619 37.238692)
-76.765619,37.238692,05/24/20,495190,CONSULATE HEALTHCARE OF WILLIAMSBURG,1811 JAMESTOWN ROAD,WILLIAMSBURG,VA,23185,Y,Y,0,0,0,0,5,5,0,0,0,0,90,78,Y,Y,N,N,0,0,0,0,0,0,N,N,Y,N,Y,Y,Y,Y,Y,Y,Y,Y,Y,Y,Y,Y,N,,,,,0,0,,POINT (-78.666382 37.510861),POINT (-76.765619 37.238692)
-76.765619,37.238692,05/31/20,495190,CONSULATE HEALTHCARE OF WILLIAMSBURG,1811 JAMESTOWN ROAD,WILLIAMSBURG,VA,23185,N,,0,0,0,0,0,5,0,0,0,0,90,78,,,,,0,0,0,0,0,0,,,,,,,,,,,,,,,,,,,,,,0,0,,POINT (-78.666382 37.510861),POINT (-76.765619 37.238692)
-76.765619,37.238692,06/07/20,495190,CONSULATE HEALTHCARE OF WILLIAMSBURG,1811 JAMESTOWN ROAD,WILLIAMSBURG,VA,23185,N,,0,0,0,0,0,5,0,0,0,0,,,,,,,0,0,0,0,0,0,,,,,,,,,,,,,,,,,,,,,,,,,POINT (-78.666382 37.510861),POINT (-76.765619 37.238692)
-76.760742,37.277529,06/07/20,495402,WINDSORMEADE OF WILLIAMSBURG,3900 WINDSOR HALL DRIVE,WILLIAMSBURG,VA,23188,Y,Y,0,0,0,0,0,0,0,1,0,0,22,16,Y,N,Y,N,0,0,0,3,0,0,N,N,N,N,Y,Y,Y,Y,Y,Y,Y,Y,Y,Y,Y,Y,N,,,,,0,0,,POINT (-78.666382 37.510861),POINT (-76.760742 37.277529)
-76.760742,37.277529,06/14/20,495402,WINDSORMEADE OF WILLIAMSBURG,3900 WINDSOR HALL DRIVE,WILLIAMSBURG,VA,23188,Y,Y,0,0,0,0,0,0,0,1,0,0,22,16,Y,N,Y,N,0,0,0,3,0,0,N,N,N,N,Y,Y,Y,Y,Y,Y,Y,Y,Y,Y,Y,N,N,,,,,0,0,,POINT (-78.666382 37.510861),POINT (-76.760742 37.277529)
-76.760742,37.277529,05/31/20,495402,WINDSORMEADE OF WILLIAMSBURG,3900 WINDSOR HALL DRIVE,WILLIAMSBURG,VA,23188,Y,Y,0,0,0,0,0,0,1,1,0,0,22,16,Y,N,Y,N,0,0,0,3,0,0,N,N,N,N,Y,Y,Y,Y,Y,Y,Y,Y,Y,Y,Y,Y,N,,,,,0,0,,POINT (-78.666382 37.510861),POINT (-76.760742 37.277529)
-76.760742,37.277529,05/24/20,495402,WINDSORMEADE OF WILLIAMSBURG,3900 WINDSOR HALL DRIVE,WILLIAMSBURG,VA,23188,Y,Y,0,0,0,0,0,0,0,0,0,0,22,15,Y,N,Y,N,0,0,3,3,0,0,N,N,N,N,Y,Y,Y,Y,Y,Y,Y,Y,Y,Y,Y,Y,N,,,,,0,0,,POINT (-78.666382 37.510861),POINT (-76.760742 37.277529)
-76.74764,36.819061,05/24/20,495347,CONSULATE HEALTH CARE OF WINDSOR,23352 COURTHOUSE HIGHWAY,WINDSOR,VA,23487,Y,Y,21,21,63,63,0,0,12,12,7,7,114,92,Y,Y,Y,N,9,9,1,1,0,0,N,N,N,N,Y,Y,Y,Y,Y,Y,Y,Y,Y,Y,Y,Y,N,,,,,684.8,76.1,11.1,POINT (-78.666382 37.510861),POINT (-76.74764 36.819061)
-76.74764,36.819061,05/31/20,495347,CONSULATE HEALTH CARE OF WINDSOR,23352 COURTHOUSE HIGHWAY,WINDSOR,VA,23487,Y,Y,0,21,0,63,0,0,1,13,1,8,114,92,Y,Y,Y,N,0,9,0,1,0,0,Y,N,N,N,Y,Y,Y,Y,Y,Y,Y,Y,Y,Y,Y,Y,N,,,,,684.8,87,12.7,POINT (-78.666382 37.510861),POINT (-76.74764 36.819061)
-76.74764,36.819061,06/14/20,495347,CONSULATE HEALTH CARE OF WINDSOR,23352 COURTHOUSE HIGHWAY,WINDSOR,VA,23487,Y,Y,0,21,0,63,0,0,1,14,0,8,114,91,Y,Y,Y,N,0,9,0,2,0,0,Y,N,Y,N,Y,Y,Y,Y,Y,Y,Y,Y,Y,Y,Y,Y,N,,,,,692.3,87.9,12.7,POINT (-78.666382 37.510861),POINT (-76.74764 36.819061)
-76.74764,36.819061,06/07/20,495347,CONSULATE HEALTH CARE OF WINDSOR,23352 COURTHOUSE HIGHWAY,WINDSOR,VA,23487,Y,Y,0,21,0,63,0,0,0,13,0,8,114,89,Y,Y,Y,N,0,9,1,2,0,0,Y,N,Y,N,Y,Y,Y,Y,Y,Y,Y,Y,Y,Y,Y,Y,N,,,,,707.9,89.9,12.7,POINT (-78.666382 37.510861),POINT (-76.74764 36.819061)
-76.728061,37.246758,05/31/20,495184,WOODHAVEN HALL AT WILLIAMSBURG LANDING,5500 WILLIAMSBURG LANDING DR,WILLIAMSBURG,VA,23185,Y,Y,0,0,0,0,0,0,0,0,0,0,73,48,Y,N,Y,N,0,0,0,0,0,0,N,N,N,N,Y,Y,Y,Y,Y,Y,Y,Y,Y,Y,Y,Y,N,,,,,0,0,,POINT (-78.666382 37.510861),POINT (-76.728061 37.24675800000001)
-76.728061,37.246758,05/24/20,495184,WOODHAVEN HALL AT WILLIAMSBURG LANDING,5500 WILLIAMSBURG LANDING DR,WILLIAMSBURG,VA,23185,Y,Y,0,0,0,0,0,0,0,0,0,0,73,50,Y,N,Y,N,0,0,0,0,0,0,N,N,N,N,Y,Y,Y,Y,Y,Y,Y,Y,Y,Y,Y,Y,N,,,,,0,0,,POINT (-78.666382 37.510861),POINT (-76.728061 37.24675800000001)
-76.728061,37.246758,06/14/20,495184,WOODHAVEN HALL AT WILLIAMSBURG LANDING,5500 WILLIAMSBURG LANDING DR,WILLIAMSBURG,VA,23185,Y,Y,0,0,0,0,0,0,0,0,0,0,73,50,Y,N,Y,N,0,1,0,0,0,0,N,N,N,N,Y,Y,Y,Y,Y,Y,Y,Y,Y,Y,Y,Y,N,,,,,0,0,,POINT (-78.666382 37.510861),POINT (-76.728061 37.24675800000001)
-76.728061,37.246758,06/07/20,495184,WOODHAVEN HALL AT WILLIAMSBURG LANDING,5500 WILLIAMSBURG LANDING DR,WILLIAMSBURG,VA,23185,Y,Y,0,0,0,0,0,0,0,0,0,0,73,52,Y,N,Y,N,1,1,0,0,0,0,N,N,N,N,Y,Y,Y,Y,Y,Y,Y,Y,Y,Y,Y,Y,N,,,,,0,0,,POINT (-78.666382 37.510861),POINT (-76.728061 37.24675800000001)
-76.722659,37.279452,05/24/20,495235,"ENVOY OF WILLIAMSBURG, LLC",1235 MT VERNON AVENUE,WILLIAMSBURG,VA,23185,N,,,,,,,,,,,,,,,,,,,,,,,,,,,,,,,,,,,,,,,,,,,,,,,,POINT (-78.666382 37.510861),POINT (-76.722659 37.279452)
-76.722659,37.279452,06/14/20,495235,"ENVOY OF WILLIAMSBURG, LLC",1235 MT VERNON AVENUE,WILLIAMSBURG,VA,23185,Y,Y,0,0,8,8,0,0,4,4,4,4,130,94,Y,Y,N,N,2,2,0,0,0,0,Y,Y,N,Y,Y,Y,Y,Y,Y,Y,Y,Y,Y,Y,Y,Y,N,,,,,85.1,42.6,50,POINT (-78.666382 37.510861),POINT (-76.722659 37.279452)
-76.722659,37.279452,05/31/20,495235,"ENVOY OF WILLIAMSBURG, LLC",1235 MT VERNON AVENUE,WILLIAMSBURG,VA,23185,N,,,,,,,,,,,,,,,,,,,,,,,,,,,,,,,,,,,,,,,,,,,,,,,,POINT (-78.666382 37.510861),POINT (-76.722659 37.279452)
-76.722659,37.279452,06/07/20,495235,"ENVOY OF WILLIAMSBURG, LLC",1235 MT VERNON AVENUE,WILLIAMSBURG,VA,23185,N,,,,,,,,,,,,,,,,,,,,,,,,,,,,,,,,,,,,,,,,,,,,,,,,POINT (-78.666382 37.510861),POINT (-76.722659 37.279452)
-76.619645,36.787041,06/14/20,495366,"LAKE PRINCE WOODS, INC",100 ANNA GOODE WAY,SUFFOLK,VA,23434,Y,Y,0,0,0,0,0,0,0,0,0,0,40,25,Y,N,Y,N,0,0,0,0,0,0,N,N,N,N,Y,Y,Y,Y,Y,N,Y,Y,Y,Y,Y,Y,N,,,,,0,0,,POINT (-78.666382 37.510861),POINT (-76.619645 36.787041)
-76.619645,36.787041,05/31/20,495366,"LAKE PRINCE WOODS, INC",100 ANNA GOODE WAY,SUFFOLK,VA,23434,Y,Y,0,0,0,0,0,0,0,0,0,0,40,25,Y,N,Y,N,0,0,0,0,0,0,N,N,N,N,Y,N,Y,Y,Y,N,Y,N,Y,Y,Y,Y,N,,,,,0,0,,POINT (-78.666382 37.510861),POINT (-76.619645 36.787041)
-76.619645,36.787041,05/24/20,495366,"LAKE PRINCE WOODS, INC",100 ANNA GOODE WAY,SUFFOLK,VA,23434,Y,Y,0,0,0,0,0,0,0,0,0,0,40,23,Y,N,Y,N,0,0,0,0,0,0,N,N,N,N,Y,N,Y,N,Y,N,Y,N,Y,Y,Y,Y,N,,,,,0,0,,POINT (-78.666382 37.510861),POINT (-76.619645 36.787041)
-76.619645,36.787041,06/07/20,495366,"LAKE PRINCE WOODS, INC",100 ANNA GOODE WAY,SUFFOLK,VA,23434,Y,Y,0,0,0,0,0,0,0,0,0,0,40,25,Y,N,Y,N,0,0,0,0,0,0,N,N,N,N,Y,Y,Y,Y,Y,Y,Y,N,Y,Y,Y,Y,N,,,,,0,0,,POINT (-78.666382 37.510861),POINT (-76.619645 36.787041)
-76.608738,36.981249,06/14/20,495332,RIVERSIDE HEALTHY LIVING COMMUNITY-SMITHFIELD,101 JOHN ROLFE DRIVE,SMITHFIELD,VA,23430,N,,0,0,0,0,0,3,0,1,0,0,34,26,,,,,0,0,0,2,0,0,,,,,,,,,,,,,,,,,,,,,,0,0,,POINT (-78.666382 37.510861),POINT (-76.608738 36.981249)
-76.608738,36.981249,05/24/20,495332,RIVERSIDE HEALTHY LIVING COMMUNITY-SMITHFIELD,101 JOHN ROLFE DRIVE,SMITHFIELD,VA,23430,Y,Y,0,0,0,0,3,3,1,1,0,0,34,27,Y,Y,Y,N,0,0,2,2,0,0,N,N,N,N,Y,Y,Y,Y,Y,Y,Y,Y,Y,Y,Y,Y,N,,,,,0,0,,POINT (-78.666382 37.510861),POINT (-76.608738 36.981249)
-76.608738,36.981249,05/31/20,495332,RIVERSIDE HEALTHY LIVING COMMUNITY-SMITHFIELD,101 JOHN ROLFE DRIVE,SMITHFIELD,VA,23430,Y,Y,0,0,0,0,0,3,0,1,0,0,34,25,Y,Y,Y,N,0,0,0,2,0,0,N,N,N,N,Y,Y,Y,Y,Y,Y,Y,Y,Y,Y,Y,Y,N,,,,,0,0,,POINT (-78.666382 37.510861),POINT (-76.608738 36.981249)
-76.608738,36.981249,06/07/20,495332,RIVERSIDE HEALTHY LIVING COMMUNITY-SMITHFIELD,101 JOHN ROLFE DRIVE,SMITHFIELD,VA,23430,Y,Y,0,0,0,0,0,3,0,1,0,0,34,26,Y,Y,Y,N,0,0,0,2,0,0,N,N,N,N,Y,Y,Y,Y,Y,Y,Y,Y,Y,Y,Y,Y,N,,,,,0,0,,POINT (-78.666382 37.510861),POINT (-76.608738 36.981249)
-76.598308,36.764914,06/14/20,495258,AUTUMN CARE OF SUFFOLK,2580 PRUDEN BOULEVARD,SUFFOLK,VA,23434,Y,Y,0,7,0,15,0,17,0,4,0,4,120,64,Y,Y,Y,N,0,2,0,4,0,0,N,N,N,N,Y,Y,Y,Y,Y,Y,Y,Y,Y,Y,Y,Y,N,,,,,234.4,62.5,26.7,POINT (-78.666382 37.510861),POINT (-76.598308 36.764914)
-76.598308,36.764914,06/07/20,495258,AUTUMN CARE OF SUFFOLK,2580 PRUDEN BOULEVARD,SUFFOLK,VA,23434,Y,Y,0,7,0,15,0,17,0,4,0,4,120,64,Y,Y,Y,N,0,2,0,4,0,0,N,N,N,N,Y,Y,Y,Y,Y,Y,Y,Y,Y,Y,Y,Y,N,,,,,234.4,62.5,26.7,POINT (-78.666382 37.510861),POINT (-76.598308 36.764914)
-76.598308,36.764914,05/31/20,495258,AUTUMN CARE OF SUFFOLK,2580 PRUDEN BOULEVARD,SUFFOLK,VA,23434,Y,Y,2,7,0,15,0,17,1,4,1,4,120,66,Y,Y,Y,N,0,2,0,4,0,0,N,N,N,N,Y,Y,Y,Y,Y,Y,Y,Y,Y,Y,Y,Y,N,,,,,227.3,60.6,26.7,POINT (-78.666382 37.510861),POINT (-76.598308 36.764914)
-76.598308,36.764914,05/24/20,495258,AUTUMN CARE OF SUFFOLK,2580 PRUDEN BOULEVARD,SUFFOLK,VA,23434,Y,Y,5,5,15,15,17,17,3,3,3,3,120,66,Y,Y,Y,N,2,2,4,4,0,0,N,N,N,N,Y,Y,Y,Y,Y,Y,Y,Y,Y,Y,Y,Y,N,,,,,227.3,45.5,20,POINT (-78.666382 37.510861),POINT (-76.598308 36.764914)
-76.585191,36.737126,06/14/20,495247,ACCORDIUS HEALTH AT NANSEMOND POINTE LLC,200 WEST CONSTANCE ROAD,SUFFOLK,VA,23434,Y,Y,0,0,0,0,0,0,0,0,0,0,148,107,Y,Y,Y,Y,0,0,0,0,0,0,N,N,N,N,Y,Y,Y,Y,Y,Y,Y,Y,Y,Y,Y,Y,N,,,,,0,0,,POINT (-78.666382 37.510861),POINT (-76.585191 36.737126)
-76.585191,36.737126,05/24/20,495247,ACCORDIUS HEALTH AT NANSEMOND POINTE LLC,200 WEST CONSTANCE ROAD,SUFFOLK,VA,23434,Y,Y,0,0,0,0,0,0,0,0,0,0,148,102,Y,Y,Y,Y,0,0,0,0,0,0,N,N,N,N,Y,Y,Y,Y,Y,Y,Y,N,Y,Y,Y,Y,N,,,,,0,0,,POINT (-78.666382 37.510861),POINT (-76.585191 36.737126)
-76.585191,36.737126,05/31/20,495247,ACCORDIUS HEALTH AT NANSEMOND POINTE LLC,200 WEST CONSTANCE ROAD,SUFFOLK,VA,23434,Y,Y,0,0,0,0,0,0,0,0,0,0,148,107,Y,Y,Y,Y,0,0,0,0,0,0,N,N,N,N,Y,Y,Y,Y,Y,Y,Y,Y,Y,Y,Y,Y,N,,,,,0,0,,POINT (-78.666382 37.510861),POINT (-76.585191 36.737126)
-76.585191,36.737126,06/07/20,495247,ACCORDIUS HEALTH AT NANSEMOND POINTE LLC,200 WEST CONSTANCE ROAD,SUFFOLK,VA,23434,Y,Y,0,0,0,0,0,0,0,0,0,0,148,107,Y,Y,Y,Y,0,0,0,0,0,0,N,N,N,N,Y,Y,Y,Y,Y,Y,Y,Y,Y,Y,Y,Y,N,,,,,0,0,,POINT (-78.666382 37.510861),POINT (-76.585191 36.737126)
-76.526551,37.415495,05/31/20,495383,"FRANCIS N SANDERS NURSING HOME, INC",7385 WALKER AVE,GLOUCESTER,VA,23061,Y,Y,0,0,0,0,1,2,0,1,0,0,55,43,Y,Y,Y,N,0,0,0,0,0,0,N,N,N,N,Y,Y,Y,Y,Y,Y,Y,Y,Y,Y,Y,Y,N,,,,,0,0,,POINT (-78.666382 37.510861),POINT (-76.526551 37.415495)
-76.526551,37.415495,06/07/20,495383,"FRANCIS N SANDERS NURSING HOME, INC",7385 WALKER AVE,GLOUCESTER,VA,23061,Y,Y,0,0,0,0,1,3,0,1,0,0,55,42,Y,Y,Y,N,0,0,1,1,0,0,N,N,N,N,Y,Y,Y,Y,Y,Y,Y,Y,Y,Y,Y,Y,N,,,,,0,0,,POINT (-78.666382 37.510861),POINT (-76.526551 37.415495)
-76.526551,37.415495,05/24/20,495383,"FRANCIS N SANDERS NURSING HOME, INC",7385 WALKER AVE,GLOUCESTER,VA,23061,Y,Y,0,0,0,0,1,1,1,1,0,0,55,41,Y,Y,Y,N,0,0,0,0,0,0,N,N,N,N,Y,Y,Y,Y,Y,Y,Y,Y,Y,Y,Y,Y,N,,,,,0,0,,POINT (-78.666382 37.510861),POINT (-76.526551 37.415495)
-76.526551,37.415495,06/14/20,495383,"FRANCIS N SANDERS NURSING HOME, INC",7385 WALKER AVE,GLOUCESTER,VA,23061,N,,0,0,0,0,0,3,0,1,0,0,55,42,,,,,0,0,0,1,0,0,,,,,,,,,,,,,,,,,,,,,,0,0,,POINT (-78.666382 37.510861),POINT (-76.526551 37.415495)
-76.512937,37.14622,06/07/20,495204,ST FRANCIS NURSING CTR,4 RIDGEWOOD PARKWAY,NEWPORT NEWS,VA,23602,Y,Y,0,0,0,0,0,0,0,0,0,0,115,79,Y,N,Y,N,0,0,0,0,0,0,N,N,N,N,Y,Y,Y,Y,Y,Y,Y,Y,Y,Y,Y,Y,N,,,,,0,0,,POINT (-78.666382 37.510861),POINT (-76.512937 37.14622)
-76.512937,37.14622,05/31/20,495204,ST FRANCIS NURSING CTR,4 RIDGEWOOD PARKWAY,NEWPORT NEWS,VA,23602,Y,Y,0,0,0,0,0,0,0,0,0,0,115,79,Y,N,Y,N,0,0,0,0,0,0,N,N,N,N,Y,Y,Y,Y,Y,Y,Y,Y,Y,Y,Y,Y,N,,,,,0,0,,POINT (-78.666382 37.510861),POINT (-76.512937 37.14622)
-76.512937,37.14622,06/14/20,495204,ST FRANCIS NURSING CTR,4 RIDGEWOOD PARKWAY,NEWPORT NEWS,VA,23602,Y,Y,0,0,0,0,0,0,0,0,0,0,115,80,Y,N,Y,N,0,0,0,0,0,0,N,N,N,N,Y,Y,Y,Y,Y,Y,Y,Y,Y,Y,Y,Y,N,,,,,0,0,,POINT (-78.666382 37.510861),POINT (-76.512937 37.14622)
-76.512937,37.14622,05/24/20,495204,ST FRANCIS NURSING CTR,4 RIDGEWOOD PARKWAY,NEWPORT NEWS,VA,23602,Y,Y,0,0,0,0,0,0,0,0,0,0,115,80,Y,N,Y,N,0,0,0,0,0,0,N,N,N,N,Y,Y,Y,Y,Y,Y,Y,Y,Y,Y,Y,Y,N,,,,,0,0,,POINT (-78.666382 37.510861),POINT (-76.512937 37.14622)
-76.508263,37.60883,05/31/20,495422,DOCKSIDE HEALTH & REHAB CENTER,74 MIZPAH ROAD,LOCUST HILL,VA,23092,Y,Y,0,0,0,0,0,0,0,0,0,0,94,83,Y,N,Y,N,0,0,0,4,0,0,N,N,N,N,Y,Y,Y,Y,Y,Y,Y,Y,Y,Y,Y,Y,N,,,,,0,0,,POINT (-78.666382 37.510861),POINT (-76.508263 37.60883)
-76.508263,37.60883,05/24/20,495422,DOCKSIDE HEALTH & REHAB CENTER,74 MIZPAH ROAD,LOCUST HILL,VA,23092,Y,Y,0,0,0,0,0,0,0,0,0,0,94,85,Y,N,Y,N,0,0,4,4,0,0,N,N,N,N,Y,Y,Y,Y,Y,Y,Y,Y,Y,Y,Y,Y,N,,,,,0,0,,POINT (-78.666382 37.510861),POINT (-76.508263 37.60883)
-76.508263,37.60883,06/14/20,495422,DOCKSIDE HEALTH & REHAB CENTER,74 MIZPAH ROAD,LOCUST HILL,VA,23092,Y,Y,0,0,0,0,0,0,0,0,0,0,94,82,Y,N,Y,N,0,0,0,4,0,0,N,N,N,N,Y,Y,Y,Y,Y,Y,Y,Y,Y,Y,Y,Y,N,,,,,0,0,,POINT (-78.666382 37.510861),POINT (-76.508263 37.60883)
-76.508263,37.60883,06/07/20,495422,DOCKSIDE HEALTH & REHAB CENTER,74 MIZPAH ROAD,LOCUST HILL,VA,23092,Y,Y,0,0,0,0,0,0,0,0,0,0,94,83,Y,N,Y,N,0,0,0,4,0,0,N,N,N,N,Y,Y,Y,Y,Y,Y,Y,Y,Y,Y,Y,Y,N,,,,,0,0,,POINT (-78.666382 37.510861),POINT (-76.508263 37.60883)
-76.506775,37.105141,05/24/20,495340,NEWPORT NEWS NURSING & REHAB,12997 NETTLES DRIVE,NEWPORT NEWS,VA,23602,N,,,,,,,,,,,,,,,,,,,,,,,,,,,,,,,,,,,,,,,,,,,,,,,,POINT (-78.666382 37.510861),POINT (-76.506775 37.105141)
-76.506775,37.105141,06/14/20,495340,NEWPORT NEWS NURSING & REHAB,12997 NETTLES DRIVE,NEWPORT NEWS,VA,23602,Y,Y,0,0,0,0,0,0,0,1,0,0,102,98,Y,Y,N,N,0,0,0,0,0,0,N,N,N,N,Y,Y,Y,N,Y,Y,Y,Y,Y,Y,Y,Y,N,,,,,0,0,,POINT (-78.666382 37.510861),POINT (-76.506775 37.105141)
-76.506775,37.105141,05/31/20,495340,NEWPORT NEWS NURSING & REHAB,12997 NETTLES DRIVE,NEWPORT NEWS,VA,23602,Y,Y,0,0,0,0,0,0,1,1,0,0,102,97,Y,Y,N,N,0,0,0,0,0,0,,,,,,,,,,,,,,,,,,,,,,0,0,,POINT (-78.666382 37.510861),POINT (-76.506775 37.105141)
-76.506775,37.105141,06/07/20,495340,NEWPORT NEWS NURSING & REHAB,12997 NETTLES DRIVE,NEWPORT NEWS,VA,23602,Y,Y,0,0,0,0,0,0,0,1,0,0,102,94,Y,Y,N,N,0,0,0,0,0,0,,,,,,,,,,,,,,,,,,,,,,0,0,,POINT (-78.666382 37.510861),POINT (-76.506775 37.105141)
-76.503157,37.148123,06/14/20,495071,THE GARDENS AT WARWICK FOREST,1000 OLD DENBEIGH BOULEVARD,NEWPORT NEWS,VA,23602,N,,0,1,0,0,0,53,0,3,0,0,209,177,,,,,0,0,0,18,0,0,,,,,,,,,,,,,,,,,,,,,,0,0,,POINT (-78.666382 37.510861),POINT (-76.503157 37.148123)
-76.503157,37.148123,05/24/20,495071,THE GARDENS AT WARWICK FOREST,1000 OLD DENBEIGH BOULEVARD,NEWPORT NEWS,VA,23602,Y,Y,1,1,0,0,53,53,2,2,0,0,209,177,Y,Y,Y,N,0,0,17,17,0,0,N,N,N,N,Y,Y,Y,Y,Y,Y,Y,Y,Y,Y,Y,Y,N,,,,,0,0,,POINT (-78.666382 37.510861),POINT (-76.503157 37.148123)
-76.503157,37.148123,06/07/20,495071,THE GARDENS AT WARWICK FOREST,1000 OLD DENBEIGH BOULEVARD,NEWPORT NEWS,VA,23602,Y,Y,0,1,0,0,0,53,1,3,0,0,209,177,Y,Y,Y,N,0,0,1,18,0,0,N,N,N,N,Y,Y,Y,Y,Y,Y,Y,Y,Y,Y,Y,Y,N,,,,,0,0,,POINT (-78.666382 37.510861),POINT (-76.503157 37.148123)
-76.503157,37.148123,05/31/20,495071,THE GARDENS AT WARWICK FOREST,1000 OLD DENBEIGH BOULEVARD,NEWPORT NEWS,VA,23602,Y,Y,0,1,0,0,0,53,0,2,0,0,209,176,Y,Y,Y,N,0,0,0,17,0,0,N,N,N,N,Y,Y,Y,Y,Y,Y,Y,Y,Y,Y,Y,Y,N,,,,,0,0,,POINT (-78.666382 37.510861),POINT (-76.503157 37.148123)
-76.488525,37.195339,06/14/20,495342,YORK CONVALESCENT AND REHABILITATION  CENTER,113 BATTLE ROAD,YORKTOWN,VA,23692,Y,Y,0,0,0,0,0,14,0,18,0,0,80,71,Y,Y,Y,N,0,0,0,18,0,0,N,N,N,N,Y,N,Y,N,Y,N,Y,N,Y,Y,Y,Y,N,,,,,0,0,,POINT (-78.666382 37.510861),POINT (-76.488525 37.195339)
-76.488525,37.195339,05/24/20,495342,YORK CONVALESCENT AND REHABILITATION  CENTER,113 BATTLE ROAD,YORKTOWN,VA,23692,Y,Y,0,0,0,0,14,14,18,18,0,0,80,71,Y,Y,Y,N,0,0,15,15,0,0,N,N,N,N,Y,N,Y,N,Y,N,Y,N,Y,Y,Y,Y,N,,,,,0,0,,POINT (-78.666382 37.510861),POINT (-76.488525 37.195339)
-76.488525,37.195339,05/31/20,495342,YORK CONVALESCENT AND REHABILITATION  CENTER,113 BATTLE ROAD,YORKTOWN,VA,23692,Y,Y,0,0,0,0,0,14,0,18,0,0,80,68,Y,Y,Y,N,0,0,2,17,0,0,N,N,N,N,Y,N,Y,N,Y,N,Y,N,Y,Y,Y,Y,N,,,,,0,0,,POINT (-78.666382 37.510861),POINT (-76.488525 37.195339)
-76.488525,37.195339,06/07/20,495342,YORK CONVALESCENT AND REHABILITATION  CENTER,113 BATTLE ROAD,YORKTOWN,VA,23692,Y,Y,0,0,0,0,0,14,0,18,0,0,80,68,Y,Y,Y,N,0,0,1,18,0,0,N,N,N,N,Y,N,Y,N,Y,N,Y,N,Y,Y,Y,Y,N,,,,,0,0,,POINT (-78.666382 37.510861),POINT (-76.488525 37.195339)
-76.475814,37.049793,06/07/20,495368,THE NEWPORT,11141 WARWICK BLVD,NEWPORT NEWS,VA,23601,Y,Y,0,2,0,0,0,13,0,10,0,0,60,29,Y,Y,Y,N,0,0,0,11,0,0,N,N,N,N,Y,N,Y,N,Y,N,Y,N,Y,Y,Y,Y,N,,,,,0,0,,POINT (-78.666382 37.510861),POINT (-76.475814 37.049793)
-76.475814,37.049793,05/24/20,495368,THE NEWPORT,11141 WARWICK BLVD,NEWPORT NEWS,VA,23601,Y,Y,2,2,0,0,12,12,9,9,0,0,60,42,Y,Y,Y,N,0,0,10,10,0,0,N,N,N,N,Y,N,Y,N,Y,N,Y,N,Y,Y,Y,Y,N,,,,,0,0,,POINT (-78.666382 37.510861),POINT (-76.475814 37.049793)
-76.475814,37.049793,05/31/20,495368,THE NEWPORT,11141 WARWICK BLVD,NEWPORT NEWS,VA,23601,Y,Y,0,2,0,0,1,13,1,10,0,0,60,29,Y,Y,Y,N,0,0,1,11,0,0,N,N,N,N,Y,N,Y,N,Y,N,Y,N,Y,Y,Y,Y,N,,,,,0,0,,POINT (-78.666382 37.510861),POINT (-76.475814 37.049793)
-76.475814,37.049793,06/14/20,495368,THE NEWPORT,11141 WARWICK BLVD,NEWPORT NEWS,VA,23601,Y,Y,0,2,0,0,0,13,0,10,0,0,60,33,Y,Y,Y,N,0,0,0,11,0,0,N,N,N,N,Y,N,Y,N,Y,N,Y,N,Y,Y,Y,Y,N,,,,,0,0,,POINT (-78.666382 37.510861),POINT (-76.475814 37.049793)
-76.46156,37.163153,05/31/20,495189,REGENCY HEALTH AND REHABILITATION CENTER,112 N CONSTITUTION DR,GRAFTON,VA,23692,Y,Y,0,0,0,2,0,11,0,0,0,0,0,40,Y,Y,Y,Y,0,0,0,5,0,0,N,N,N,N,Y,Y,Y,Y,Y,Y,Y,Y,Y,Y,Y,Y,N,,,,,50,0,0,POINT (-78.666382 37.510861),POINT (-76.46156000000002 37.163153)
-76.46156,37.163153,05/24/20,495189,REGENCY HEALTH AND REHABILITATION CENTER,112 N CONSTITUTION DR,GRAFTON,VA,23692,Y,Y,0,0,2,2,11,11,0,0,0,0,0,42,Y,Y,Y,Y,0,0,5,5,0,0,N,N,N,N,Y,Y,Y,Y,Y,Y,Y,Y,Y,Y,Y,Y,N,,,,,47.6,0,0,POINT (-78.666382 37.510861),POINT (-76.46156000000002 37.163153)
-76.46156,37.163153,06/14/20,495189,REGENCY HEALTH AND REHABILITATION CENTER,112 N CONSTITUTION DR,GRAFTON,VA,23692,Y,Y,0,0,0,2,3,14,0,0,0,0,60,44,Y,Y,Y,Y,0,0,0,5,0,0,N,N,N,N,Y,Y,Y,Y,Y,Y,Y,Y,Y,Y,Y,Y,N,,,,,45.5,0,0,POINT (-78.666382 37.510861),POINT (-76.46156000000002 37.163153)
-76.46156,37.163153,06/07/20,495189,REGENCY HEALTH AND REHABILITATION CENTER,112 N CONSTITUTION DR,GRAFTON,VA,23692,Y,Y,0,0,0,2,0,11,0,0,0,0,60,42,Y,Y,Y,Y,0,0,0,5,0,0,N,N,N,N,Y,Y,Y,Y,Y,Y,Y,Y,Y,Y,Y,Y,N,,,,,47.6,0,0,POINT (-78.666382 37.510861),POINT (-76.46156000000002 37.163153)
-76.455832,37.034685,06/14/20,495286,JAMES RIVER CONVALESCENT CENTE,540 ABERTHAW AVENUE,NEWPORT NEWS,VA,23601,Y,Y,0,0,0,3,0,114,0,45,0,0,154,133,Y,Y,Y,N,0,1,0,80,0,0,N,N,N,N,Y,N,Y,N,Y,N,Y,N,Y,Y,Y,Y,N,,,,,22.6,0,0,POINT (-78.666382 37.510861),POINT (-76.455832 37.034685)
-76.455832,37.034685,05/24/20,495286,JAMES RIVER CONVALESCENT CENTE,540 ABERTHAW AVENUE,NEWPORT NEWS,VA,23601,Y,Y,0,0,3,3,114,114,43,43,0,0,154,141,Y,Y,Y,N,1,1,77,77,0,0,N,N,N,N,Y,N,Y,N,Y,N,Y,N,Y,Y,Y,Y,N,,,,,21.3,0,0,POINT (-78.666382 37.510861),POINT (-76.455832 37.034685)
-76.455832,37.034685,06/07/20,495286,JAMES RIVER CONVALESCENT CENTE,540 ABERTHAW AVENUE,NEWPORT NEWS,VA,23601,Y,Y,0,0,0,3,0,114,1,45,0,0,154,132,Y,Y,Y,N,0,1,1,80,0,0,N,N,N,N,Y,N,Y,N,Y,N,Y,N,Y,Y,Y,Y,N,,,,,22.7,0,0,POINT (-78.666382 37.510861),POINT (-76.455832 37.034685)
-76.455832,37.034685,05/31/20,495286,JAMES RIVER CONVALESCENT CENTE,540 ABERTHAW AVENUE,NEWPORT NEWS,VA,23601,Y,Y,0,0,0,3,0,114,1,44,0,0,154,132,Y,Y,Y,N,0,1,2,79,0,0,N,N,N,N,Y,N,Y,N,Y,N,Y,N,Y,Y,Y,Y,N,,,,,22.7,0,0,POINT (-78.666382 37.510861),POINT (-76.455832 37.034685)
-76.450343,37.091724,05/24/20,495397,THE CHESAPEAKE,955 HARPERSVILLE RD,NEWPORT NEWS,VA,23601,Y,Y,0,0,0,0,1,1,7,7,0,0,52,47,Y,N,Y,N,0,0,21,21,0,0,N,N,N,N,Y,Y,Y,Y,Y,Y,Y,Y,Y,Y,Y,Y,N,,,,,0,0,,POINT (-78.666382 37.510861),POINT (-76.450343 37.091724)
-76.450343,37.091724,06/14/20,495397,THE CHESAPEAKE,955 HARPERSVILLE RD,NEWPORT NEWS,VA,23601,Y,Y,0,0,0,0,0,1,0,11,0,0,52,44,Y,N,Y,N,0,0,0,24,0,0,N,N,N,N,Y,Y,Y,Y,Y,Y,Y,Y,Y,Y,Y,Y,N,,,,,0,0,,POINT (-78.666382 37.510861),POINT (-76.450343 37.091724)
-76.450343,37.091724,06/07/20,495397,THE CHESAPEAKE,955 HARPERSVILLE RD,NEWPORT NEWS,VA,23601,Y,Y,0,0,0,0,0,1,3,11,0,0,52,47,Y,N,Y,N,0,0,1,24,0,0,N,N,N,N,Y,Y,Y,Y,Y,Y,Y,Y,Y,Y,Y,Y,N,,,,,0,0,,POINT (-78.666382 37.510861),POINT (-76.450343 37.091724)
-76.450343,37.091724,05/31/20,495397,THE CHESAPEAKE,955 HARPERSVILLE RD,NEWPORT NEWS,VA,23601,Y,Y,0,0,0,0,0,1,1,8,0,0,52,49,Y,N,Y,N,0,0,2,23,0,0,N,N,N,N,Y,Y,Y,Y,Y,Y,Y,Y,Y,Y,Y,Y,N,,,,,0,0,,POINT (-78.666382 37.510861),POINT (-76.450343 37.091724)
-76.433124,37.044851,06/14/20,495367,NORTHAMPTON CONVALESCENT AND REHABILITATION CENTER,1028 TOPPING LANE,HAMPTON,VA,23666,Y,Y,0,0,0,0,0,16,0,9,0,0,70,62,Y,Y,Y,N,0,1,0,0,0,0,N,N,N,N,Y,N,Y,N,Y,N,Y,N,Y,Y,Y,Y,N,,,,,0,0,,POINT (-78.666382 37.510861),POINT (-76.433124 37.044851)
-76.433124,37.044851,05/24/20,495367,NORTHAMPTON CONVALESCENT AND REHABILITATION CENTER,1028 TOPPING LANE,HAMPTON,VA,23666,Y,Y,0,0,0,0,15,15,7,7,0,0,70,66,Y,Y,Y,N,1,1,0,0,0,0,N,N,N,N,Y,N,Y,N,Y,N,Y,N,Y,Y,Y,Y,N,,,,,0,0,,POINT (-78.666382 37.510861),POINT (-76.433124 37.044851)
-76.433124,37.044851,05/31/20,495367,NORTHAMPTON CONVALESCENT AND REHABILITATION CENTER,1028 TOPPING LANE,HAMPTON,VA,23666,Y,Y,0,0,0,0,1,16,1,8,0,0,70,66,Y,Y,Y,N,0,1,0,0,0,0,N,N,N,N,Y,N,Y,N,Y,N,Y,N,Y,Y,Y,Y,N,,,,,0,0,,POINT (-78.666382 37.510861),POINT (-76.433124 37.044851)
-76.433124,37.044851,06/07/20,495367,NORTHAMPTON CONVALESCENT AND REHABILITATION CENTER,1028 TOPPING LANE,HAMPTON,VA,23666,Y,Y,0,0,0,0,0,16,1,9,0,0,70,60,Y,Y,Y,N,0,1,0,0,0,0,N,N,N,N,Y,N,Y,N,Y,N,Y,N,Y,Y,Y,Y,N,,,,,0,0,,POINT (-78.666382 37.510861),POINT (-76.433124 37.044851)
-76.426447,36.865249,05/31/20,495206,BON SECOURS-MARYVIEW NURSING C,4775 BRIDGE ROAD,SUFFOLK,VA,23435,Y,Y,1,2,0,68,0,56,1,37,0,13,120,49,Y,Y,Y,N,1,38,0,15,0,0,Y,Y,N,N,Y,Y,Y,Y,Y,Y,Y,Y,Y,Y,Y,Y,N,,,,,1387.8,265.3,19.1,POINT (-78.666382 37.510861),POINT (-76.426447 36.865249)
-76.426447,36.865249,05/24/20,495206,BON SECOURS-MARYVIEW NURSING C,4775 BRIDGE ROAD,SUFFOLK,VA,23435,Y,Y,1,1,68,68,56,56,36,36,13,13,120,56,Y,Y,Y,N,37,37,15,15,0,0,Y,Y,N,N,Y,Y,Y,Y,Y,Y,Y,Y,Y,Y,Y,Y,N,,,,,1214.3,232.1,19.1,POINT (-78.666382 37.510861),POINT (-76.426447 36.865249)
-76.426447,36.865249,06/14/20,495206,BON SECOURS-MARYVIEW NURSING C,4775 BRIDGE ROAD,SUFFOLK,VA,23435,N,,0,3,0,68,0,56,0,37,0,13,120,49,,,,,0,38,0,15,0,0,,,,,,,,,,,,,,,,,,,,,,1387.8,265.3,19.1,POINT (-78.666382 37.510861),POINT (-76.426447 36.865249)
-76.426447,36.865249,06/07/20,495206,BON SECOURS-MARYVIEW NURSING C,4775 BRIDGE ROAD,SUFFOLK,VA,23435,Y,Y,1,3,0,68,0,56,0,37,0,13,120,49,Y,Y,Y,N,0,38,0,15,0,0,Y,Y,N,N,Y,Y,Y,Y,Y,Y,Y,Y,Y,Y,Y,Y,N,,,,,1387.8,265.3,19.1,POINT (-78.666382 37.510861),POINT (-76.426447 36.865249)
-76.402828,37.129438,06/14/20,495264,BAYSIDE OF POQUOSON HEALTH AND REHAB,1 VANTAGE DRIVE,POQUOSON,VA,23662,Y,Y,0,0,0,0,0,0,0,0,0,0,60,53,Y,N,Y,N,0,0,0,0,0,0,N,N,N,N,Y,N,Y,Y,Y,Y,Y,Y,Y,Y,Y,Y,N,,,,,0,0,,POINT (-78.666382 37.510861),POINT (-76.402828 37.129438)
-76.402828,37.129438,05/24/20,495264,BAYSIDE OF POQUOSON HEALTH AND REHAB,1 VANTAGE DRIVE,POQUOSON,VA,23662,Y,Y,0,0,0,0,0,0,0,0,0,0,60,53,Y,N,Y,N,0,0,0,0,0,0,N,N,N,Y,Y,N,Y,Y,Y,Y,Y,Y,Y,Y,Y,Y,N,,,,,0,0,,POINT (-78.666382 37.510861),POINT (-76.402828 37.129438)
-76.402828,37.129438,06/07/20,495264,BAYSIDE OF POQUOSON HEALTH AND REHAB,1 VANTAGE DRIVE,POQUOSON,VA,23662,Y,Y,0,0,0,0,0,0,0,0,0,0,60,52,Y,N,Y,N,0,0,0,0,0,0,N,N,N,N,Y,N,Y,Y,Y,Y,Y,Y,Y,Y,Y,Y,N,,,,,0,0,,POINT (-78.666382 37.510861),POINT (-76.402828 37.129438)
-76.402828,37.129438,05/31/20,495264,BAYSIDE OF POQUOSON HEALTH AND REHAB,1 VANTAGE DRIVE,POQUOSON,VA,23662,Y,Y,0,0,0,0,0,0,0,0,0,0,60,54,Y,N,Y,N,0,0,0,0,0,0,N,N,N,N,Y,N,Y,Y,Y,Y,Y,Y,Y,Y,Y,Y,N,,,,,0,0,,POINT (-78.666382 37.510861),POINT (-76.402828 37.129438)
-76.400199,37.675899,06/07/20,495160,RAPPAHANNOCK WESTMINSTER CANTE,132  LANCASTER DRIVE,IRVINGTON,VA,22480,Y,Y,0,0,0,0,0,0,0,0,0,0,42,33,Y,N,Y,N,0,0,0,2,0,0,N,N,N,N,Y,Y,Y,Y,Y,Y,Y,Y,Y,Y,Y,Y,N,,,,,0,0,,POINT (-78.666382 37.510861),POINT (-76.400199 37.675899)
-76.400199,37.675899,06/14/20,495160,RAPPAHANNOCK WESTMINSTER CANTE,132  LANCASTER DRIVE,IRVINGTON,VA,22480,Y,Y,0,0,0,0,0,0,0,0,0,0,42,31,Y,N,Y,N,0,0,0,2,0,0,N,N,N,N,Y,Y,Y,Y,Y,Y,Y,Y,Y,Y,Y,Y,N,,,,,0,0,,POINT (-78.666382 37.510861),POINT (-76.400199 37.675899)
-76.400199,37.675899,05/24/20,495160,RAPPAHANNOCK WESTMINSTER CANTE,132  LANCASTER DRIVE,IRVINGTON,VA,22480,Y,Y,0,0,0,0,0,0,0,0,0,0,42,32,Y,N,Y,N,0,0,1,1,0,0,N,N,N,N,Y,Y,Y,Y,Y,Y,Y,Y,Y,Y,Y,Y,N,,,,,0,0,,POINT (-78.666382 37.510861),POINT (-76.400199 37.675899)
-76.400199,37.675899,05/31/20,495160,RAPPAHANNOCK WESTMINSTER CANTE,132  LANCASTER DRIVE,IRVINGTON,VA,22480,Y,Y,0,0,0,0,0,0,0,0,0,0,42,32,Y,N,Y,N,0,0,1,2,0,0,N,N,N,N,Y,Y,Y,Y,Y,Y,Y,Y,Y,Y,Y,Y,N,,,,,0,0,,POINT (-78.666382 37.510861),POINT (-76.400199 37.675899)
-76.398519,37.052958,06/14/20,495287,SENTARA NURSING CENTER HAMPTON,2230 EXECUTIVE DRIVE,HAMPTON,VA,23666,Y,Y,0,0,0,0,0,0,0,0,0,0,86,50,Y,Y,N,N,0,0,0,0,0,0,N,N,N,N,Y,Y,Y,Y,Y,Y,Y,Y,Y,Y,Y,Y,N,,,,,0,0,,POINT (-78.666382 37.510861),POINT (-76.398519 37.052958)
-76.398519,37.052958,05/24/20,495287,SENTARA NURSING CENTER HAMPTON,2230 EXECUTIVE DRIVE,HAMPTON,VA,23666,Y,Y,0,0,0,0,0,0,0,0,0,0,86,49,Y,Y,N,N,0,0,0,0,0,0,N,N,N,N,Y,Y,Y,Y,Y,Y,Y,Y,Y,Y,Y,Y,N,,,,,0,0,,POINT (-78.666382 37.510861),POINT (-76.398519 37.052958)
-76.398519,37.052958,05/31/20,495287,SENTARA NURSING CENTER HAMPTON,2230 EXECUTIVE DRIVE,HAMPTON,VA,23666,Y,Y,0,0,0,0,0,0,0,0,0,0,86,50,Y,Y,N,N,0,0,0,0,0,0,N,N,N,N,Y,Y,Y,Y,Y,Y,Y,Y,Y,Y,Y,Y,N,,,,,0,0,,POINT (-78.666382 37.510861),POINT (-76.398519 37.052958)
-76.398519,37.052958,06/07/20,495287,SENTARA NURSING CENTER HAMPTON,2230 EXECUTIVE DRIVE,HAMPTON,VA,23666,Y,Y,0,0,0,0,0,0,0,0,0,0,86,50,Y,Y,N,N,0,0,0,0,0,0,N,N,N,N,Y,Y,Y,Y,Y,Y,Y,Y,Y,Y,Y,Y,N,,,,,0,0,,POINT (-78.666382 37.510861),POINT (-76.398519 37.052958)
-76.396686,37.05007,05/24/20,495305,COLISEUM CONVALESCENT AND REHABILITATION CENTER,305 MARCELLA ROAD,HAMPTON,VA,23666,Y,Y,1,1,0,0,23,23,14,14,0,0,180,142,Y,Y,Y,N,0,0,19,19,0,0,N,N,N,N,Y,N,Y,N,Y,N,Y,N,Y,Y,Y,Y,N,,,,,0,0,,POINT (-78.666382 37.510861),POINT (-76.396686 37.05007)
-76.396686,37.05007,06/14/20,495305,COLISEUM CONVALESCENT AND REHABILITATION CENTER,305 MARCELLA ROAD,HAMPTON,VA,23666,Y,Y,0,1,0,0,0,27,0,15,0,0,180,133,Y,Y,Y,N,0,0,0,21,0,0,N,N,N,N,Y,N,Y,N,Y,N,Y,N,Y,Y,Y,Y,N,,,,,0,0,,POINT (-78.666382 37.510861),POINT (-76.396686 37.05007)
-76.396686,37.05007,05/31/20,495305,COLISEUM CONVALESCENT AND REHABILITATION CENTER,305 MARCELLA ROAD,HAMPTON,VA,23666,Y,Y,0,1,0,0,4,27,0,14,0,0,180,135,Y,Y,Y,N,0,0,2,21,0,0,N,N,N,N,Y,N,Y,N,Y,N,Y,N,Y,Y,Y,Y,N,,,,,0,0,,POINT (-78.666382 37.510861),POINT (-76.396686 37.05007)
-76.396686,37.05007,06/07/20,495305,COLISEUM CONVALESCENT AND REHABILITATION CENTER,305 MARCELLA ROAD,HAMPTON,VA,23666,Y,Y,0,1,0,0,0,27,1,15,0,0,180,134,Y,Y,Y,N,0,0,0,21,0,0,N,N,N,N,Y,N,Y,N,Y,N,Y,N,Y,Y,Y,Y,N,,,,,0,0,,POINT (-78.666382 37.510861),POINT (-76.396686 37.05007)
-76.382979,37.714865,05/31/20,495345,LANCASHIRE CONVALESCENT AND REHABILITATION CENTER,287 SCHOOL STREET,KILMARNOCK,VA,22482,Y,Y,0,0,0,1,1,11,1,9,0,0,120,86,Y,Y,Y,N,0,0,1,16,0,0,N,N,N,N,Y,N,Y,N,Y,N,Y,N,Y,Y,Y,Y,N,,,,,11.6,0,0,POINT (-78.666382 37.510861),POINT (-76.382979 37.714865)
-76.382979,37.714865,06/07/20,495345,LANCASHIRE CONVALESCENT AND REHABILITATION CENTER,287 SCHOOL STREET,KILMARNOCK,VA,22482,Y,Y,0,0,0,1,0,11,0,9,0,0,120,82,Y,Y,Y,N,0,0,0,16,0,0,N,N,N,N,Y,N,Y,N,Y,N,Y,N,Y,Y,Y,Y,N,,,,,12.2,0,0,POINT (-78.666382 37.510861),POINT (-76.382979 37.714865)
-76.382979,37.714865,05/24/20,495345,LANCASHIRE CONVALESCENT AND REHABILITATION CENTER,287 SCHOOL STREET,KILMARNOCK,VA,22482,Y,Y,0,0,1,1,10,10,8,8,0,0,120,82,Y,Y,Y,N,0,0,15,15,0,0,N,N,N,N,Y,N,Y,N,Y,N,Y,N,Y,Y,Y,Y,N,,,,,12.2,0,0,POINT (-78.666382 37.510861),POINT (-76.382979 37.714865)
-76.382979,37.714865,06/14/20,495345,LANCASHIRE CONVALESCENT AND REHABILITATION CENTER,287 SCHOOL STREET,KILMARNOCK,VA,22482,Y,Y,0,0,0,1,0,11,1,10,0,0,120,80,Y,Y,Y,N,0,0,0,16,0,0,N,N,N,N,Y,N,Y,N,Y,N,Y,N,Y,Y,Y,Y,N,,,,,12.5,0,0,POINT (-78.666382 37.510861),POINT (-76.382979 37.714865)
-76.365615,37.012207,06/14/20,495308,RIVERSIDE REHABILITATION CENTER AT HAMPTON,414 ALGONQUIN RD,HAMPTON,VA,23661,N,,0,0,0,0,0,0,0,2,0,0,130,98,,,,,0,0,0,0,0,0,,,,,,,,,,,,,,,,,,,,,,0,0,,POINT (-78.666382 37.510861),POINT (-76.365615 37.012207)
-76.365615,37.012207,05/24/20,495308,RIVERSIDE REHABILITATION CENTER AT HAMPTON,414 ALGONQUIN RD,HAMPTON,VA,23661,Y,Y,0,0,0,0,0,0,2,2,0,0,130,98,Y,Y,Y,N,0,0,0,0,0,0,N,N,N,N,Y,Y,Y,Y,Y,Y,Y,Y,Y,Y,Y,Y,N,,,,,0,0,,POINT (-78.666382 37.510861),POINT (-76.365615 37.012207)
-76.365615,37.012207,06/07/20,495308,RIVERSIDE REHABILITATION CENTER AT HAMPTON,414 ALGONQUIN RD,HAMPTON,VA,23661,Y,Y,0,0,0,0,0,0,0,2,0,0,130,98,Y,Y,Y,N,0,0,0,0,0,0,N,N,N,N,Y,Y,Y,Y,Y,Y,Y,Y,Y,Y,Y,Y,N,,,,,0,0,,POINT (-78.666382 37.510861),POINT (-76.365615 37.012207)
-76.365615,37.012207,05/31/20,495308,RIVERSIDE REHABILITATION CENTER AT HAMPTON,414 ALGONQUIN RD,HAMPTON,VA,23661,Y,Y,0,0,0,0,0,0,0,2,0,0,130,98,Y,Y,Y,N,0,0,0,0,0,0,N,N,N,N,Y,Y,Y,Y,Y,Y,Y,Y,Y,Y,Y,Y,N,,,,,0,0,,POINT (-78.666382 37.510861),POINT (-76.365615 37.012207)
-76.364523,36.799867,06/14/20,495201,PORTSIDE HEALTH & REHAB CENTER,4201 GREENWOOD DRIVE,PORTSMOUTH,VA,23701,Y,Y,0,0,0,0,0,3,0,0,0,0,132,95,Y,N,Y,N,0,0,0,0,0,0,N,N,N,N,Y,Y,Y,Y,Y,Y,Y,Y,Y,Y,Y,Y,N,,,,,0,0,,POINT (-78.666382 37.510861),POINT (-76.364523 36.799867)
-76.364523,36.799867,05/24/20,495201,PORTSIDE HEALTH & REHAB CENTER,4201 GREENWOOD DRIVE,PORTSMOUTH,VA,23701,Y,Y,0,0,0,0,3,3,0,0,0,0,132,93,Y,N,Y,N,0,0,0,0,0,0,Y,Y,Y,Y,Y,Y,Y,Y,Y,Y,Y,Y,Y,Y,Y,Y,N,,,,,0,0,,POINT (-78.666382 37.510861),POINT (-76.364523 36.799867)
-76.364523,36.799867,05/31/20,495201,PORTSIDE HEALTH & REHAB CENTER,4201 GREENWOOD DRIVE,PORTSMOUTH,VA,23701,Y,Y,0,0,0,0,0,3,0,0,0,0,132,92,Y,N,Y,N,0,0,0,0,0,0,N,N,N,N,Y,Y,Y,Y,Y,Y,Y,Y,Y,Y,Y,Y,N,,,,,0,0,,POINT (-78.666382 37.510861),POINT (-76.364523 36.799867)
-76.364523,36.799867,06/07/20,495201,PORTSIDE HEALTH & REHAB CENTER,4201 GREENWOOD DRIVE,PORTSMOUTH,VA,23701,Y,Y,0,0,0,0,0,3,0,0,0,0,132,92,Y,N,Y,N,0,0,0,0,0,0,N,N,N,N,Y,Y,Y,Y,Y,Y,Y,Y,Y,Y,Y,Y,N,,,,,0,0,,POINT (-78.666382 37.510861),POINT (-76.364523 36.799867)
-76.346506,36.824502,06/07/20,495194,AUTUMN CARE OF PORTSMOUTH,3610 WINCHESTER DR,PORTSMOUTH,VA,23707,Y,Y,1,1,0,0,0,0,0,0,0,0,108,105,Y,N,Y,N,0,1,0,0,0,0,N,N,N,N,Y,Y,Y,Y,Y,Y,Y,Y,Y,Y,Y,Y,N,,,,,0,0,,POINT (-78.666382 37.510861),POINT (-76.346506 36.824502)
-76.346506,36.824502,05/31/20,495194,AUTUMN CARE OF PORTSMOUTH,3610 WINCHESTER DR,PORTSMOUTH,VA,23707,Y,Y,0,0,0,0,0,0,0,0,0,0,108,102,Y,N,Y,N,0,1,0,0,0,0,N,N,N,N,Y,Y,Y,Y,Y,Y,Y,Y,Y,Y,Y,Y,N,,,,,0,0,,POINT (-78.666382 37.510861),POINT (-76.346506 36.824502)
-76.346506,36.824502,06/14/20,495194,AUTUMN CARE OF PORTSMOUTH,3610 WINCHESTER DR,PORTSMOUTH,VA,23707,Y,Y,0,1,0,0,0,0,0,0,0,0,108,103,Y,N,Y,N,0,1,0,0,0,0,N,N,N,N,Y,Y,Y,Y,Y,Y,Y,Y,Y,Y,Y,Y,N,,,,,0,0,,POINT (-78.666382 37.510861),POINT (-76.346506 36.824502)
-76.346506,36.824502,05/24/20,495194,AUTUMN CARE OF PORTSMOUTH,3610 WINCHESTER DR,PORTSMOUTH,VA,23707,Y,Y,0,0,0,0,0,0,0,0,0,0,108,101,Y,N,Y,N,1,1,0,0,0,0,N,N,N,N,Y,Y,Y,Y,Y,Y,Y,Y,Y,Y,Y,Y,N,,,,,0,0,,POINT (-78.666382 37.510861),POINT (-76.346506 36.824502)
-76.338667,36.777619,05/31/20,495330,GREENBRIER REGIONAL MEDICAL CENTER,1017 GEORGE WASHINGTON HIGHWAY NORTH,CHESAPEAKE,VA,23323,N,,,,,,,,,,,,,,,,,,,,,,,,,,,,,,,,,,,,,,,,,,,,,,,,POINT (-78.666382 37.510861),POINT (-76.338667 36.777619)
-76.338667,36.777619,05/24/20,495330,GREENBRIER REGIONAL MEDICAL CENTER,1017 GEORGE WASHINGTON HIGHWAY NORTH,CHESAPEAKE,VA,23323,N,,,,,,,,,,,,,,,,,,,,,,,,,,,,,,,,,,,,,,,,,,,,,,,,POINT (-78.666382 37.510861),POINT (-76.338667 36.777619)
-76.338667,36.777619,06/14/20,495330,GREENBRIER REGIONAL MEDICAL CENTER,1017 GEORGE WASHINGTON HIGHWAY NORTH,CHESAPEAKE,VA,23323,N,,,,,,,,,,,,,,,,,,,,,,,,,,,,,,,,,,,,,,,,,,,,,,,,POINT (-78.666382 37.510861),POINT (-76.338667 36.777619)
-76.338667,36.777619,06/07/20,495330,GREENBRIER REGIONAL MEDICAL CENTER,1017 GEORGE WASHINGTON HIGHWAY NORTH,CHESAPEAKE,VA,23323,N,,,,,,,,,,,,,,,,,,,,,,,,,,,,,,,,,,,,,,,,,,,,,,,,POINT (-78.666382 37.510861),POINT (-76.338667 36.777619)
-76.309098,36.836828,06/07/20,495149,PORTSMOUTH HEALTH AND REHAB,900 LONDON BOULEVARD,PORTSMOUTH,VA,23704,Y,Y,0,0,0,0,0,0,0,0,0,0,120,101,Y,N,N,Y,0,0,0,0,0,0,N,N,N,N,Y,Y,Y,Y,Y,Y,Y,Y,Y,Y,Y,Y,N,,,,,0,0,,POINT (-78.666382 37.510861),POINT (-76.309098 36.836828)
-76.309098,36.836828,06/14/20,495149,PORTSMOUTH HEALTH AND REHAB,900 LONDON BOULEVARD,PORTSMOUTH,VA,23704,Y,Y,0,0,0,0,0,0,0,0,0,0,120,98,Y,N,N,Y,0,0,0,0,0,0,Y,Y,Y,Y,Y,Y,Y,Y,Y,Y,Y,Y,Y,Y,Y,Y,N,,,,,0,0,,POINT (-78.666382 37.510861),POINT (-76.309098 36.836828)
-76.309098,36.836828,05/24/20,495149,PORTSMOUTH HEALTH AND REHAB,900 LONDON BOULEVARD,PORTSMOUTH,VA,23704,Y,Y,0,0,0,0,0,0,0,0,0,0,120,107,Y,N,N,Y,0,0,0,0,0,0,N,N,N,N,Y,Y,Y,Y,Y,Y,Y,Y,Y,Y,Y,Y,N,,,,,0,0,,POINT (-78.666382 37.510861),POINT (-76.309098 36.836828)
-76.309098,36.836828,05/31/20,495149,PORTSMOUTH HEALTH AND REHAB,900 LONDON BOULEVARD,PORTSMOUTH,VA,23704,Y,Y,0,0,0,0,0,0,0,0,0,0,120,107,Y,N,N,Y,0,0,0,0,0,0,N,N,N,N,Y,Y,Y,Y,Y,Y,Y,Y,Y,Y,Y,Y,N,,,,,0,0,,POINT (-78.666382 37.510861),POINT (-76.309098 36.836828)
-76.301335,36.865364,05/31/20,495068,SIGNATURE HEALTHCARE OF NORFOLK,1005 HAMPTON BLVD,NORFOLK,VA,23507,Y,Y,0,0,0,0,0,0,0,3,0,0,169,142,Y,Y,Y,N,0,0,0,0,0,0,N,N,N,N,Y,Y,Y,Y,Y,Y,Y,Y,Y,Y,Y,Y,N,,,,,0,0,,POINT (-78.666382 37.510861),POINT (-76.301335 36.865364)
-76.301335,36.865364,05/24/20,495068,SIGNATURE HEALTHCARE OF NORFOLK,1005 HAMPTON BLVD,NORFOLK,VA,23507,Y,Y,0,0,0,0,0,0,3,3,0,0,169,140,Y,Y,Y,N,0,0,0,0,0,0,N,N,N,N,Y,Y,Y,Y,Y,Y,Y,Y,Y,Y,Y,Y,N,,,,,0,0,,POINT (-78.666382 37.510861),POINT (-76.301335 36.865364)
-76.301335,36.865364,06/14/20,495068,SIGNATURE HEALTHCARE OF NORFOLK,1005 HAMPTON BLVD,NORFOLK,VA,23507,Y,Y,0,0,4,5,1,1,0,3,0,0,169,143,Y,Y,Y,N,3,3,0,2,0,0,N,N,N,N,Y,Y,Y,Y,Y,Y,Y,Y,Y,Y,Y,Y,N,,,,,35,0,0,POINT (-78.666382 37.510861),POINT (-76.301335 36.865364)
-76.301335,36.865364,06/07/20,495068,SIGNATURE HEALTHCARE OF NORFOLK,1005 HAMPTON BLVD,NORFOLK,VA,23507,Y,Y,0,0,1,1,0,0,0,3,0,0,169,144,Y,Y,Y,N,0,0,2,2,0,0,N,N,N,N,Y,Y,Y,Y,Y,Y,Y,Y,Y,Y,Y,Y,N,,,,,6.9,0,0,POINT (-78.666382 37.510861),POINT (-76.301335 36.865364)
-76.284573,36.881682,06/14/20,495273,CONSULATE HEALTH CARE OF NORFOLK,3900 LLEWELLYN AVE,NORFOLK,VA,23504,Y,Y,0,0,0,0,0,1,0,1,0,0,222,207,Y,Y,N,N,0,0,0,2,0,0,Y,N,N,N,Y,Y,Y,Y,Y,Y,Y,Y,Y,Y,Y,Y,N,,,,,0,0,,POINT (-78.666382 37.510861),POINT (-76.284573 36.881682)
-76.284573,36.881682,06/07/20,495273,CONSULATE HEALTH CARE OF NORFOLK,3900 LLEWELLYN AVE,NORFOLK,VA,23504,Y,Y,0,0,0,0,1,1,1,1,0,0,222,207,Y,Y,N,N,0,0,1,2,0,0,Y,N,N,N,Y,Y,Y,Y,Y,N,Y,Y,Y,Y,Y,Y,N,,,,,0,0,,POINT (-78.666382 37.510861),POINT (-76.284573 36.881682)
-76.284573,36.881682,05/31/20,495273,CONSULATE HEALTH CARE OF NORFOLK,3900 LLEWELLYN AVE,NORFOLK,VA,23504,Y,Y,0,0,0,0,0,0,0,0,0,0,222,210,N,N,N,N,0,0,1,1,0,0,N,N,N,N,Y,N,Y,Y,Y,N,Y,N,Y,Y,Y,Y,N,,,,,0,0,,POINT (-78.666382 37.510861),POINT (-76.284573 36.881682)
-76.284573,36.881682,05/24/20,495273,CONSULATE HEALTH CARE OF NORFOLK,3900 LLEWELLYN AVE,NORFOLK,VA,23504,Y,Y,0,0,0,0,0,0,0,0,0,0,222,210,N,N,N,N,0,0,0,0,0,0,N,N,N,N,Y,N,Y,Y,Y,Y,Y,Y,Y,Y,Y,Y,N,,,,,0,0,,POINT (-78.666382 37.510861),POINT (-76.284573 36.881682)
-76.281644,36.89843,05/24/20,495346,"BON SECOURS DEPAUL,TCC",150 KINGSLEY LANE,NORFOLK,VA,23505,N,,,,,,,,,,,,,,,,,,,,,,,,,,,,,,,,,,,,,,,,,,,,,,,,POINT (-78.666382 37.510861),POINT (-76.281644 36.89843)
-76.281644,36.89843,05/31/20,495346,"BON SECOURS DEPAUL,TCC",150 KINGSLEY LANE,NORFOLK,VA,23505,N,,,,,,,,,,,,,,,,,,,,,,,,,,,,,,,,,,,,,,,,,,,,,,,,POINT (-78.666382 37.510861),POINT (-76.281644 36.89843)
-76.281644,36.89843,06/07/20,495346,"BON SECOURS DEPAUL,TCC",150 KINGSLEY LANE,NORFOLK,VA,23505,N,,,,,,,,,,,,,,,,,,,,,,,,,,,,,,,,,,,,,,,,,,,,,,,,POINT (-78.666382 37.510861),POINT (-76.281644 36.89843)
-76.281644,36.89843,06/14/20,495346,"BON SECOURS DEPAUL,TCC",150 KINGSLEY LANE,NORFOLK,VA,23505,N,,,,,,,,,,,,,,,,,,,,,,,,,,,,,,,,,,,,,,,,,,,,,,,,POINT (-78.666382 37.510861),POINT (-76.281644 36.89843)
-76.274339,36.856824,06/14/20,495210,NORFOLK HEALTH AND REHABILITATION CENTER,901 EAST PRINCESS ANNE ROAD,NORFOLK,VA,23504,Y,Y,0,0,1,1,2,15,2,5,0,0,180,141,Y,Y,Y,Y,1,1,0,1,0,0,N,N,N,N,Y,N,Y,Y,Y,Y,Y,N,Y,Y,Y,Y,N,,,,,7.1,0,0,POINT (-78.666382 37.510861),POINT (-76.274339 36.856824)
-76.274339,36.856824,05/24/20,495210,NORFOLK HEALTH AND REHABILITATION CENTER,901 EAST PRINCESS ANNE ROAD,NORFOLK,VA,23504,Y,Y,0,0,0,0,7,7,1,1,0,0,0,143,Y,Y,Y,Y,0,0,0,0,0,0,N,N,N,N,Y,N,Y,N,Y,Y,Y,N,Y,Y,Y,Y,N,,,,,0,0,,POINT (-78.666382 37.510861),POINT (-76.274339 36.856824)
-76.274339,36.856824,05/31/20,495210,NORFOLK HEALTH AND REHABILITATION CENTER,901 EAST PRINCESS ANNE ROAD,NORFOLK,VA,23504,Y,Y,0,0,0,0,1,8,0,1,0,0,0,143,Y,Y,Y,Y,0,0,0,0,0,0,N,N,N,N,Y,N,Y,N,Y,Y,Y,N,Y,Y,Y,Y,N,,,,,0,0,,POINT (-78.666382 37.510861),POINT (-76.274339 36.856824)
-76.274339,36.856824,06/07/20,495210,NORFOLK HEALTH AND REHABILITATION CENTER,901 EAST PRINCESS ANNE ROAD,NORFOLK,VA,23504,Y,Y,0,0,0,0,5,13,2,3,0,0,180,140,Y,Y,Y,Y,0,0,1,1,0,0,N,N,N,N,Y,N,Y,Y,Y,Y,Y,N,Y,Y,Y,Y,N,,,,,0,0,,POINT (-78.666382 37.510861),POINT (-76.274339 36.856824)
-76.254846,36.890482,06/14/20,495309,PELICAN HEALTH NORFOLK,827 NORVIEW AVENUE,NORFOLK,VA,23509,Y,Y,0,0,0,0,0,0,0,0,0,0,60,49,Y,N,Y,N,0,0,0,1,0,0,N,N,N,N,Y,Y,Y,Y,Y,Y,Y,Y,Y,Y,Y,Y,N,,,,,0,0,,POINT (-78.666382 37.510861),POINT (-76.254846 36.890482)
-76.254846,36.890482,05/24/20,495309,PELICAN HEALTH NORFOLK,827 NORVIEW AVENUE,NORFOLK,VA,23509,Y,Y,0,0,0,0,0,0,0,0,0,0,60,49,Y,Y,N,N,0,0,0,0,0,0,N,N,N,N,Y,Y,Y,Y,Y,Y,Y,Y,Y,Y,Y,Y,N,,,,,0,0,,POINT (-78.666382 37.510861),POINT (-76.254846 36.890482)
-76.254846,36.890482,05/31/20,495309,PELICAN HEALTH NORFOLK,827 NORVIEW AVENUE,NORFOLK,VA,23509,Y,Y,0,0,0,0,0,0,0,0,0,0,60,49,Y,N,Y,Y,0,0,0,0,0,0,N,N,N,N,Y,Y,Y,Y,Y,Y,Y,Y,Y,Y,Y,Y,N,,,,,0,0,,POINT (-78.666382 37.510861),POINT (-76.254846 36.890482)
-76.254846,36.890482,06/07/20,495309,PELICAN HEALTH NORFOLK,827 NORVIEW AVENUE,NORFOLK,VA,23509,Y,Y,0,0,0,0,0,0,0,0,0,0,60,48,Y,N,Y,Y,0,0,1,1,0,0,N,N,N,N,Y,Y,Y,Y,Y,Y,Y,Y,Y,Y,Y,Y,N,,,,,0,0,,POINT (-78.666382 37.510861),POINT (-76.254846 36.890482)
-76.24621,36.74347,05/24/20,495108,CHESAPEAKE HEALTH AND REHABILITATION CENTER,688 KINGSBOROUGH SQUARE,CHESAPEAKE,VA,23320,Y,Y,0,0,0,0,1,1,2,2,0,0,0,160,Y,Y,Y,Y,1,1,1,1,0,0,N,N,N,N,Y,N,Y,N,Y,Y,Y,Y,Y,N,Y,Y,N,,,,,0,0,,POINT (-78.666382 37.510861),POINT (-76.24621 36.74347)
-76.24621,36.74347,06/14/20,495108,CHESAPEAKE HEALTH AND REHABILITATION CENTER,688 KINGSBOROUGH SQUARE,CHESAPEAKE,VA,23320,Y,Y,0,0,0,0,1,2,1,3,0,0,180,158,Y,Y,Y,Y,0,1,0,1,0,0,N,N,N,N,Y,N,Y,Y,Y,Y,Y,Y,Y,Y,Y,Y,N,,,,,0,0,,POINT (-78.666382 37.510861),POINT (-76.24621 36.74347)
-76.24621,36.74347,05/31/20,495108,CHESAPEAKE HEALTH AND REHABILITATION CENTER,688 KINGSBOROUGH SQUARE,CHESAPEAKE,VA,23320,Y,Y,0,0,0,0,0,1,0,2,0,0,0,157,Y,Y,Y,Y,0,1,0,1,0,0,N,N,N,N,Y,N,Y,N,Y,Y,Y,Y,Y,Y,Y,Y,N,,,,,0,0,,POINT (-78.666382 37.510861),POINT (-76.24621 36.74347)
-76.24621,36.74347,06/07/20,495108,CHESAPEAKE HEALTH AND REHABILITATION CENTER,688 KINGSBOROUGH SQUARE,CHESAPEAKE,VA,23320,Y,Y,0,0,0,0,0,1,0,2,0,0,180,155,Y,Y,Y,Y,0,1,0,1,0,0,N,N,N,N,Y,N,Y,N,Y,Y,Y,Y,Y,Y,Y,Y,N,,,,,0,0,,POINT (-78.666382 37.510861),POINT (-76.24621 36.74347)
-76.224037,36.868249,05/24/20,495253,AUTUMN CARE OF NORFOLK,1401 HALSTEAD AVENUE,NORFOLK,VA,23502,Y,Y,0,0,0,0,0,0,0,0,0,0,120,111,Y,N,Y,N,0,0,0,0,0,0,N,N,N,N,Y,Y,Y,Y,Y,Y,Y,Y,Y,Y,Y,Y,N,,,,,0,0,,POINT (-78.666382 37.510861),POINT (-76.224037 36.868249)
-76.224037,36.868249,06/14/20,495253,AUTUMN CARE OF NORFOLK,1401 HALSTEAD AVENUE,NORFOLK,VA,23502,Y,Y,0,0,0,0,0,0,0,0,0,0,120,113,Y,N,Y,N,0,0,0,0,0,0,N,N,N,N,Y,Y,Y,Y,Y,Y,Y,Y,Y,Y,Y,Y,N,,,,,0,0,,POINT (-78.666382 37.510861),POINT (-76.224037 36.868249)
-76.224037,36.868249,05/31/20,495253,AUTUMN CARE OF NORFOLK,1401 HALSTEAD AVENUE,NORFOLK,VA,23502,Y,Y,0,0,0,0,0,0,0,0,0,0,120,113,Y,N,Y,N,0,0,0,0,0,0,N,N,N,N,Y,Y,Y,Y,Y,Y,Y,Y,Y,Y,Y,Y,N,,,,,0,0,,POINT (-78.666382 37.510861),POINT (-76.224037 36.868249)
-76.224037,36.868249,06/07/20,495253,AUTUMN CARE OF NORFOLK,1401 HALSTEAD AVENUE,NORFOLK,VA,23502,Y,Y,0,0,0,0,0,0,0,0,0,0,120,112,Y,N,Y,N,0,0,0,0,0,0,N,N,N,N,Y,Y,Y,Y,Y,Y,Y,Y,Y,Y,Y,Y,N,,,,,0,0,,POINT (-78.666382 37.510861),POINT (-76.224037 36.868249)
-76.215405,36.807548,06/07/20,495186,BETH SHOLOM HOME OF EASTERN VI,6401 AUBURN DR,VIRGINIA BEACH,VA,23464,Y,Y,0,1,0,0,2,2,0,3,0,0,120,102,Y,N,Y,N,1,6,0,189,0,0,N,N,N,N,Y,Y,Y,Y,Y,Y,Y,Y,Y,Y,Y,Y,N,,,,,0,0,,POINT (-78.666382 37.510861),POINT (-76.215405 36.807548)
-76.215405,36.807548,05/31/20,495186,BETH SHOLOM HOME OF EASTERN VI,6401 AUBURN DR,VIRGINIA BEACH,VA,23464,Y,Y,0,1,0,0,0,0,2,3,0,0,120,102,Y,N,Y,N,1,5,27,189,0,0,N,N,N,N,Y,Y,Y,Y,Y,Y,Y,N,Y,Y,Y,Y,N,,,,,0,0,,POINT (-78.666382 37.510861),POINT (-76.215405 36.807548)
-76.215405,36.807548,05/24/20,495186,BETH SHOLOM HOME OF EASTERN VI,6401 AUBURN DR,VIRGINIA BEACH,VA,23464,Y,Y,1,1,0,0,0,0,1,1,0,0,120,102,Y,N,Y,N,4,4,162,162,0,0,N,N,N,N,Y,Y,Y,N,Y,Y,Y,N,Y,Y,Y,Y,N,,,,,0,0,,POINT (-78.666382 37.510861),POINT (-76.215405 36.807548)
-76.215405,36.807548,06/14/20,495186,BETH SHOLOM HOME OF EASTERN VI,6401 AUBURN DR,VIRGINIA BEACH,VA,23464,Y,Y,1,2,0,0,0,2,1,4,0,0,120,106,Y,N,Y,N,0,6,0,189,0,0,N,N,N,N,Y,Y,Y,Y,Y,Y,Y,Y,Y,Y,Y,Y,N,,,,,0,0,,POINT (-78.666382 37.510861),POINT (-76.215405 36.807548)
-76.204454,36.867396,06/07/20,495117,LAKE TAYLOR HOSP,1309 KEMPSVILLE RD,NORFOLK,VA,23502,Y,Y,0,0,0,0,0,0,0,5,0,0,192,147,Y,N,Y,N,0,0,0,0,0,0,N,N,N,N,Y,Y,Y,Y,Y,Y,Y,Y,Y,Y,Y,Y,N,,,,,0,0,,POINT (-78.666382 37.510861),POINT (-76.204454 36.867396)
-76.204454,36.867396,06/14/20,495117,LAKE TAYLOR HOSP,1309 KEMPSVILLE RD,NORFOLK,VA,23502,Y,Y,0,0,0,0,0,0,1,6,0,0,192,148,Y,N,Y,N,0,0,0,0,0,0,N,N,N,N,Y,Y,Y,Y,Y,Y,Y,Y,Y,Y,Y,Y,N,,,,,0,0,,POINT (-78.666382 37.510861),POINT (-76.204454 36.867396)
-76.204454,36.867396,05/31/20,495117,LAKE TAYLOR HOSP,1309 KEMPSVILLE RD,NORFOLK,VA,23502,Y,Y,0,0,0,0,0,0,1,5,0,0,192,140,Y,N,Y,N,0,0,0,0,0,0,N,N,N,N,Y,Y,Y,Y,Y,Y,Y,Y,Y,Y,Y,Y,N,,,,,0,0,,POINT (-78.666382 37.510861),POINT (-76.204454 36.867396)
-76.204454,36.867396,05/24/20,495117,LAKE TAYLOR HOSP,1309 KEMPSVILLE RD,NORFOLK,VA,23502,Y,Y,0,0,0,0,0,0,4,4,0,0,192,144,Y,N,Y,N,0,0,0,0,0,0,N,N,N,N,Y,N,Y,Y,Y,Y,Y,Y,Y,Y,Y,Y,N,,,,,0,0,,POINT (-78.666382 37.510861),POINT (-76.204454 36.867396)
-76.201673,36.740942,06/14/20,495256,AUTUMN CARE OF CHESAPEAKE,715 ARGYLL ST,CHESAPEAKE,VA,23320,Y,Y,0,0,0,2,0,1,1,4,0,1,117,76,Y,Y,N,N,0,18,0,1,0,0,N,N,N,N,Y,Y,Y,Y,Y,Y,Y,Y,Y,Y,Y,Y,N,,,,,26.3,13.2,50,POINT (-78.666382 37.510861),POINT (-76.201673 36.740942)
-76.201673,36.740942,05/24/20,495256,AUTUMN CARE OF CHESAPEAKE,715 ARGYLL ST,CHESAPEAKE,VA,23320,Y,Y,0,0,1,1,0,0,2,2,1,1,117,83,Y,Y,N,N,15,15,0,0,0,0,N,N,N,Y,Y,Y,Y,Y,Y,Y,Y,Y,Y,Y,Y,Y,N,,,,,12,12,100,POINT (-78.666382 37.510861),POINT (-76.201673 36.740942)
-76.201673,36.740942,05/31/20,495256,AUTUMN CARE OF CHESAPEAKE,715 ARGYLL ST,CHESAPEAKE,VA,23320,Y,Y,0,0,1,2,1,1,1,3,0,1,117,79,Y,Y,N,N,3,18,0,0,0,0,N,N,N,Y,Y,Y,Y,Y,Y,Y,Y,Y,Y,Y,Y,Y,N,,,,,25.3,12.7,50,POINT (-78.666382 37.510861),POINT (-76.201673 36.740942)
-76.201673,36.740942,06/07/20,495256,AUTUMN CARE OF CHESAPEAKE,715 ARGYLL ST,CHESAPEAKE,VA,23320,Y,Y,0,0,0,2,0,1,0,3,0,1,117,77,Y,Y,N,N,0,18,1,1,0,0,N,N,N,Y,Y,Y,Y,Y,Y,Y,Y,Y,Y,Y,Y,Y,N,,,,,26,13,50,POINT (-78.666382 37.510861),POINT (-76.201673 36.740942)
-76.193211,36.836248,05/31/20,495173,WATERSIDE HEALTH & REHAB CENTER,249  SOUTH NEWTOWN RD,NORFOLK,VA,23502,Y,Y,0,0,0,1,0,40,0,0,0,0,197,93,Y,N,Y,N,0,0,0,3,0,0,N,N,N,N,Y,Y,Y,Y,Y,Y,Y,Y,Y,Y,Y,Y,Y,14,5,Y,Y,10.8,0,0,POINT (-78.666382 37.510861),POINT (-76.193211 36.836248)
-76.193211,36.836248,05/24/20,495173,WATERSIDE HEALTH & REHAB CENTER,249  SOUTH NEWTOWN RD,NORFOLK,VA,23502,Y,Y,0,0,1,1,40,40,0,0,0,0,197,90,Y,N,Y,N,0,0,3,3,0,0,N,N,N,N,Y,Y,Y,Y,Y,Y,Y,Y,Y,Y,Y,Y,Y,14,5,Y,Y,11.1,0,0,POINT (-78.666382 37.510861),POINT (-76.193211 36.836248)
-76.193211,36.836248,06/14/20,495173,WATERSIDE HEALTH & REHAB CENTER,249  SOUTH NEWTOWN RD,NORFOLK,VA,23502,Y,Y,0,0,0,1,0,40,1,1,0,0,197,89,Y,N,Y,N,0,0,0,3,0,0,N,N,N,N,Y,Y,Y,Y,Y,Y,Y,Y,Y,Y,Y,Y,Y,14,5,Y,Y,11.2,0,0,POINT (-78.666382 37.510861),POINT (-76.193211 36.836248)
-76.193211,36.836248,06/07/20,495173,WATERSIDE HEALTH & REHAB CENTER,249  SOUTH NEWTOWN RD,NORFOLK,VA,23502,Y,Y,0,0,0,1,0,40,0,0,0,0,197,90,Y,N,Y,N,0,0,0,3,0,0,N,N,N,N,Y,Y,Y,Y,Y,Y,Y,Y,Y,Y,Y,Y,Y,14,5,Y,Y,11.1,0,0,POINT (-78.666382 37.510861),POINT (-76.193211 36.836248)
-76.183182,36.801648,05/24/20,495232,KEMPSVILLE HEALTH & REHAB CENTER,5520 INDIAN RIVER ROAD,VIRGINIA BEACH,VA,23464,Y,Y,1,1,0,0,0,0,4,4,0,0,90,79,Y,N,Y,N,0,0,3,3,0,0,N,N,N,N,Y,Y,Y,Y,Y,Y,Y,Y,Y,Y,Y,Y,N,,,,,0,0,,POINT (-78.666382 37.510861),POINT (-76.183182 36.801648)
-76.183182,36.801648,05/31/20,495232,KEMPSVILLE HEALTH & REHAB CENTER,5520 INDIAN RIVER ROAD,VIRGINIA BEACH,VA,23464,Y,Y,0,1,0,0,0,0,1,5,0,0,90,78,Y,N,Y,N,0,0,0,3,0,0,N,N,N,N,Y,Y,Y,Y,Y,Y,Y,Y,Y,Y,Y,Y,N,,,,,0,0,,POINT (-78.666382 37.510861),POINT (-76.183182 36.801648)
-76.183182,36.801648,06/07/20,495232,KEMPSVILLE HEALTH & REHAB CENTER,5520 INDIAN RIVER ROAD,VIRGINIA BEACH,VA,23464,Y,Y,1,2,0,0,0,0,0,5,0,0,90,82,Y,N,Y,N,1,1,0,3,0,0,N,N,N,N,Y,Y,Y,Y,Y,Y,Y,Y,Y,Y,Y,Y,N,,,,,0,0,,POINT (-78.666382 37.510861),POINT (-76.183182 36.801648)
-76.183182,36.801648,06/14/20,495232,KEMPSVILLE HEALTH & REHAB CENTER,5520 INDIAN RIVER ROAD,VIRGINIA BEACH,VA,23464,Y,Y,1,3,0,0,0,0,0,5,0,0,90,81,Y,N,Y,N,1,2,0,3,0,0,N,N,N,N,Y,Y,Y,Y,Y,Y,Y,Y,Y,Y,Y,Y,N,,,,,0,0,,POINT (-78.666382 37.510861),POINT (-76.183182 36.801648)
-76.171545,36.861806,06/14/20,495234,HERITAGE HALL VIRGINIA BEACH,5580 DANIEL SMITH ROAD,VIRGINIA BEACH,VA,23462,Y,Y,0,0,0,0,0,0,0,0,0,0,90,81,N,N,N,N,0,0,0,0,0,0,N,N,N,N,Y,Y,Y,Y,Y,Y,Y,Y,Y,Y,Y,Y,N,,,,,0,0,,POINT (-78.666382 37.510861),POINT (-76.171545 36.861806)
-76.171545,36.861806,06/07/20,495234,HERITAGE HALL VIRGINIA BEACH,5580 DANIEL SMITH ROAD,VIRGINIA BEACH,VA,23462,Y,Y,0,0,0,0,0,0,0,0,0,0,90,78,N,N,N,N,0,0,0,0,0,0,N,N,N,N,Y,Y,Y,Y,Y,Y,Y,Y,Y,Y,Y,Y,N,,,,,0,0,,POINT (-78.666382 37.510861),POINT (-76.171545 36.861806)
-76.171545,36.861806,05/24/20,495234,HERITAGE HALL VIRGINIA BEACH,5580 DANIEL SMITH ROAD,VIRGINIA BEACH,VA,23462,Y,Y,0,0,0,0,0,0,0,0,0,0,90,82,N,N,N,N,0,0,0,0,0,0,N,N,N,N,Y,Y,Y,Y,Y,Y,Y,Y,Y,Y,Y,Y,N,,,,,0,0,,POINT (-78.666382 37.510861),POINT (-76.171545 36.861806)
-76.171545,36.861806,05/31/20,495234,HERITAGE HALL VIRGINIA BEACH,5580 DANIEL SMITH ROAD,VIRGINIA BEACH,VA,23462,Y,Y,0,0,0,0,0,0,0,0,0,0,90,80,N,N,N,N,0,0,0,0,0,0,N,N,N,N,Y,Y,Y,Y,Y,Y,Y,Y,Y,Y,Y,Y,N,,,,,0,0,,POINT (-78.666382 37.510861),POINT (-76.171545 36.861806)
-76.136187,36.809203,05/31/20,4.90E+257,OUR LADY OF PERPETUAL HELP,4560 PRINCESS ANNE ROAD,VIRGINIA BEACH,VA,23462,Y,Y,0,0,0,0,0,0,0,0,0,0,30,28,Y,Y,Y,N,0,0,0,0,0,0,N,N,N,N,Y,Y,Y,Y,Y,Y,Y,Y,Y,Y,Y,Y,N,,,,,0,0,,POINT (-78.666382 37.510861),POINT (-76.136187 36.809203)
-76.136187,36.809203,05/24/20,4.90E+257,OUR LADY OF PERPETUAL HELP,4560 PRINCESS ANNE ROAD,VIRGINIA BEACH,VA,23462,Y,Y,0,0,0,0,0,0,0,0,0,0,30,28,Y,Y,Y,N,0,0,0,0,0,0,N,N,N,N,Y,Y,Y,Y,Y,Y,Y,Y,Y,Y,Y,Y,N,,,,,0,0,,POINT (-78.666382 37.510861),POINT (-76.136187 36.809203)
-76.136187,36.809203,06/14/20,4.90E+257,OUR LADY OF PERPETUAL HELP,4560 PRINCESS ANNE ROAD,VIRGINIA BEACH,VA,23462,Y,Y,0,0,0,0,0,0,0,0,0,0,30,28,Y,Y,Y,N,0,0,0,0,0,0,N,N,N,N,Y,Y,Y,Y,Y,Y,Y,Y,Y,Y,Y,Y,N,,,,,0,0,,POINT (-78.666382 37.510861),POINT (-76.136187 36.809203)
-76.136187,36.809203,06/07/20,4.90E+257,OUR LADY OF PERPETUAL HELP,4560 PRINCESS ANNE ROAD,VIRGINIA BEACH,VA,23462,Y,Y,0,0,0,0,0,0,0,0,0,0,30,28,Y,Y,Y,N,0,0,0,0,0,0,N,N,N,N,Y,Y,Y,Y,Y,Y,Y,Y,Y,Y,Y,Y,N,,,,,0,0,,POINT (-78.666382 37.510861),POINT (-76.136187 36.809203)
-76.133853,36.871794,05/24/20,495213,BAYSIDE HEALTH & REHABILITATION CENTER,1004 INDEPENDENCE BLVD,VIRGINIA BEACH,VA,23455,Y,Y,0,0,0,0,4,4,0,0,0,0,0,38,Y,Y,Y,Y,0,0,0,0,0,0,N,N,N,N,Y,N,Y,N,Y,Y,Y,N,Y,Y,Y,Y,N,,,,,0,0,,POINT (-78.666382 37.510861),POINT (-76.133853 36.871794)
-76.133853,36.871794,06/14/20,495213,BAYSIDE HEALTH & REHABILITATION CENTER,1004 INDEPENDENCE BLVD,VIRGINIA BEACH,VA,23455,Y,Y,0,0,0,0,1,6,0,1,0,0,60,39,Y,Y,Y,Y,0,0,0,0,0,0,N,N,N,N,Y,N,Y,N,Y,Y,Y,N,Y,Y,Y,Y,N,,,,,0,0,,POINT (-78.666382 37.510861),POINT (-76.133853 36.871794)
-76.133853,36.871794,05/31/20,495213,BAYSIDE HEALTH & REHABILITATION CENTER,1004 INDEPENDENCE BLVD,VIRGINIA BEACH,VA,23455,Y,Y,0,0,0,0,0,4,0,0,0,0,0,38,Y,Y,Y,Y,0,0,0,0,0,0,N,N,N,N,Y,N,Y,N,Y,Y,Y,N,Y,Y,Y,Y,N,,,,,0,0,,POINT (-78.666382 37.510861),POINT (-76.133853 36.871794)
-76.133853,36.871794,06/07/20,495213,BAYSIDE HEALTH & REHABILITATION CENTER,1004 INDEPENDENCE BLVD,VIRGINIA BEACH,VA,23455,Y,Y,0,0,0,0,1,5,1,1,0,0,60,39,Y,Y,Y,Y,0,0,0,0,0,0,N,N,N,N,Y,N,Y,N,Y,Y,Y,N,Y,Y,Y,Y,N,,,,,0,0,,POINT (-78.666382 37.510861),POINT (-76.133853 36.871794)
-76.119092,36.838104,05/31/20,495241,ACCORDIUS HEALTH AT RIVER POINTE LLC,4142 BONNEY ROAD,VIRGINIA BEACH,VA,23452,Y,Y,1,1,0,0,7,11,1,1,0,0,138,98,Y,Y,N,N,0,2,0,0,0,0,N,N,N,N,Y,Y,Y,Y,Y,Y,Y,Y,Y,Y,Y,Y,N,,,,,0,0,,POINT (-78.666382 37.510861),POINT (-76.119092 36.838104)
-76.119092,36.838104,06/07/20,495241,ACCORDIUS HEALTH AT RIVER POINTE LLC,4142 BONNEY ROAD,VIRGINIA BEACH,VA,23452,Y,Y,0,1,0,0,0,11,1,2,0,0,138,96,Y,N,Y,N,0,2,0,0,0,0,N,N,N,N,Y,Y,Y,Y,Y,Y,Y,Y,Y,Y,Y,Y,N,,,,,0,0,,POINT (-78.666382 37.510861),POINT (-76.119092 36.838104)
-76.119092,36.838104,05/24/20,495241,ACCORDIUS HEALTH AT RIVER POINTE LLC,4142 BONNEY ROAD,VIRGINIA BEACH,VA,23452,Y,Y,0,0,0,0,4,4,0,0,0,0,138,99,Y,N,Y,Y,2,2,0,0,0,0,N,N,N,N,Y,Y,Y,Y,Y,Y,Y,Y,Y,Y,Y,Y,N,,,,,0,0,,POINT (-78.666382 37.510861),POINT (-76.119092 36.838104)
-76.119092,36.838104,06/14/20,495241,ACCORDIUS HEALTH AT RIVER POINTE LLC,4142 BONNEY ROAD,VIRGINIA BEACH,VA,23452,Y,Y,0,1,0,0,0,11,0,2,0,0,138,95,Y,N,Y,N,0,2,0,0,0,0,N,N,N,N,Y,Y,Y,Y,Y,Y,Y,Y,Y,Y,Y,Y,N,,,,,0,0,,POINT (-78.666382 37.510861),POINT (-76.119092 36.838104)
-76.102369,36.835169,05/24/20,495270,SENTARA NURSING CENTER VA BEAC,3750 SENTARA WAY,VIRGINIA BEACH,VA,23452,Y,Y,4,4,0,0,0,0,0,0,0,0,116,81,Y,N,Y,N,0,0,4,4,0,0,N,N,N,N,Y,Y,Y,Y,Y,Y,Y,Y,Y,Y,Y,Y,N,,,,,0,0,,POINT (-78.666382 37.510861),POINT (-76.102369 36.835169)
-76.102369,36.835169,05/31/20,495270,SENTARA NURSING CENTER VA BEAC,3750 SENTARA WAY,VIRGINIA BEACH,VA,23452,Y,Y,3,7,1,1,1,1,1,1,0,0,116,79,Y,N,Y,N,0,0,2,6,0,0,N,N,N,N,Y,Y,Y,Y,Y,Y,Y,Y,Y,Y,Y,Y,N,,,,,12.7,0,0,POINT (-78.666382 37.510861),POINT (-76.102369 36.835169)
-76.102369,36.835169,06/07/20,495270,SENTARA NURSING CENTER VA BEAC,3750 SENTARA WAY,VIRGINIA BEACH,VA,23452,Y,Y,0,7,0,1,0,1,0,1,0,0,116,80,Y,N,Y,N,0,0,0,6,0,0,N,N,N,N,Y,Y,Y,Y,Y,Y,Y,Y,Y,Y,Y,Y,N,,,,,12.5,0,0,POINT (-78.666382 37.510861),POINT (-76.102369 36.835169)
-76.102369,36.835169,06/14/20,495270,SENTARA NURSING CENTER VA BEAC,3750 SENTARA WAY,VIRGINIA BEACH,VA,23452,Y,Y,0,7,0,1,0,1,0,1,0,0,116,73,Y,N,Y,N,0,0,0,6,0,0,Y,Y,Y,Y,Y,Y,Y,Y,Y,Y,Y,Y,Y,Y,Y,Y,N,,,,,13.7,0,0,POINT (-78.666382 37.510861),POINT (-76.102369 36.835169)
-76.08881,36.77164,05/24/20,495418,PRINCESS ANNE HEALTH & REHABILITATION CENTER,1948 LANDSTOWN CENTRE WAY,VIRGINIA BEACH,VA,23456,Y,Y,0,0,0,0,6,6,0,0,0,0,0,83,Y,Y,Y,Y,0,0,0,0,0,0,N,N,N,N,Y,Y,Y,N,Y,Y,Y,N,Y,Y,Y,Y,N,,,,,0,0,,POINT (-78.666382 37.510861),POINT (-76.08881 36.77164)
-76.08881,36.77164,06/14/20,495418,PRINCESS ANNE HEALTH & REHABILITATION CENTER,1948 LANDSTOWN CENTRE WAY,VIRGINIA BEACH,VA,23456,Y,Y,0,0,0,0,0,6,0,2,0,0,120,87,Y,Y,Y,Y,0,0,0,0,0,0,N,N,N,N,Y,Y,Y,N,Y,Y,Y,N,Y,Y,Y,Y,N,,,,,0,0,,POINT (-78.666382 37.510861),POINT (-76.08881 36.77164)
-76.08881,36.77164,06/07/20,495418,PRINCESS ANNE HEALTH & REHABILITATION CENTER,1948 LANDSTOWN CENTRE WAY,VIRGINIA BEACH,VA,23456,Y,Y,0,0,0,0,0,6,0,2,0,0,120,87,Y,Y,Y,Y,0,0,0,0,0,0,N,N,N,N,Y,Y,Y,Y,Y,Y,Y,Y,Y,Y,Y,Y,N,,,,,0,0,,POINT (-78.666382 37.510861),POINT (-76.08881 36.77164)
-76.08881,36.77164,05/31/20,495418,PRINCESS ANNE HEALTH & REHABILITATION CENTER,1948 LANDSTOWN CENTRE WAY,VIRGINIA BEACH,VA,23456,Y,Y,0,0,0,0,0,6,2,2,0,0,0,86,Y,Y,Y,Y,0,0,0,0,0,0,N,N,N,N,Y,Y,Y,N,Y,Y,Y,N,Y,Y,Y,Y,N,,,,,0,0,,POINT (-78.666382 37.510861),POINT (-76.08881 36.77164)
-76.079003,36.910157,06/07/20,495127,WESTMINSTER-CANTERBURY ON CHESAPEAKE BAY,3100 SHORE DRIVE,VIRGINIA BEACH,VA,23451,Y,Y,0,0,0,0,0,0,0,0,0,0,103,72,Y,Y,N,N,0,0,0,0,0,0,N,N,N,N,Y,Y,Y,Y,Y,Y,Y,Y,Y,Y,Y,Y,N,,,,,0,0,,POINT (-78.666382 37.510861),POINT (-76.079003 36.910157)
-76.079003,36.910157,05/24/20,495127,WESTMINSTER-CANTERBURY ON CHESAPEAKE BAY,3100 SHORE DRIVE,VIRGINIA BEACH,VA,23451,Y,Y,0,0,0,0,0,0,0,0,0,0,103,72,Y,Y,N,N,0,0,0,0,0,0,N,N,N,N,Y,Y,Y,Y,Y,Y,Y,Y,Y,Y,Y,Y,N,,,,,0,0,,POINT (-78.666382 37.510861),POINT (-76.079003 36.910157)
-76.079003,36.910157,05/31/20,495127,WESTMINSTER-CANTERBURY ON CHESAPEAKE BAY,3100 SHORE DRIVE,VIRGINIA BEACH,VA,23451,Y,Y,0,0,0,0,0,0,0,0,0,0,103,69,Y,Y,N,N,0,0,0,0,0,0,N,N,N,N,Y,Y,Y,Y,Y,Y,Y,Y,Y,Y,Y,Y,N,,,,,0,0,,POINT (-78.666382 37.510861),POINT (-76.079003 36.910157)
-76.079003,36.910157,06/14/20,495127,WESTMINSTER-CANTERBURY ON CHESAPEAKE BAY,3100 SHORE DRIVE,VIRGINIA BEACH,VA,23451,Y,Y,0,0,0,0,0,0,0,0,0,0,103,71,Y,Y,N,N,0,0,0,0,0,0,N,N,N,N,Y,Y,Y,Y,Y,Y,Y,Y,Y,Y,Y,Y,N,,,,,0,0,,POINT (-78.666382 37.510861),POINT (-76.079003 36.910157)
-76.030093,36.867815,06/07/20,495086,ACCORDIUS HEALTH AT BAY POINTE LLC,1148 FIRST COLONIAL RD,VIRGINIA BEACH,VA,23454,Y,Y,0,0,0,0,1,3,0,0,0,0,112,87,Y,Y,Y,Y,0,0,0,0,0,0,N,N,N,N,Y,Y,Y,Y,Y,Y,Y,Y,Y,Y,Y,Y,N,,,,,0,0,,POINT (-78.666382 37.510861),POINT (-76.030093 36.867815)
-76.030093,36.867815,06/14/20,495086,ACCORDIUS HEALTH AT BAY POINTE LLC,1148 FIRST COLONIAL RD,VIRGINIA BEACH,VA,23454,Y,Y,0,0,0,0,0,3,0,0,0,0,112,85,Y,Y,Y,Y,0,0,1,1,0,0,N,N,N,N,Y,Y,Y,Y,Y,Y,Y,Y,Y,Y,Y,Y,N,,,,,0,0,,POINT (-78.666382 37.510861),POINT (-76.030093 36.867815)
-76.030093,36.867815,05/31/20,495086,ACCORDIUS HEALTH AT BAY POINTE LLC,1148 FIRST COLONIAL RD,VIRGINIA BEACH,VA,23454,Y,Y,0,0,0,0,1,2,0,0,0,0,112,88,Y,Y,Y,N,0,0,0,0,0,0,N,N,N,N,Y,Y,Y,Y,Y,Y,Y,Y,Y,Y,Y,Y,N,,,,,0,0,,POINT (-78.666382 37.510861),POINT (-76.030093 36.867815)
-76.030093,36.867815,05/24/20,495086,ACCORDIUS HEALTH AT BAY POINTE LLC,1148 FIRST COLONIAL RD,VIRGINIA BEACH,VA,23454,Y,Y,0,0,0,0,1,1,0,0,0,0,112,88,Y,Y,Y,Y,0,0,0,0,0,0,N,N,N,N,Y,Y,Y,Y,Y,Y,Y,Y,Y,Y,Y,Y,N,,,,,0,0,,POINT (-78.666382 37.510861),POINT (-76.030093 36.867815)
-76.028032,36.867885,06/07/20,495237,VIRGINIA BEACH HEALTHCARE AND REHAB CENTER,1801 CAMELOT DRIVE,VIRGINIA BEACH,VA,23454,Y,Y,0,0,0,0,3,6,0,4,0,0,180,163,Y,Y,Y,Y,0,0,0,3,0,0,N,N,N,N,Y,Y,Y,Y,Y,Y,Y,Y,Y,Y,Y,Y,N,,,,,0,0,,POINT (-78.666382 37.510861),POINT (-76.028032 36.867885)
-76.028032,36.867885,05/24/20,495237,VIRGINIA BEACH HEALTHCARE AND REHAB CENTER,1801 CAMELOT DRIVE,VIRGINIA BEACH,VA,23454,Y,Y,0,0,0,0,3,3,4,4,0,0,0,162,Y,Y,Y,Y,0,0,3,3,0,0,N,N,N,N,Y,Y,Y,Y,Y,Y,Y,Y,Y,Y,Y,N,N,,,,,0,0,,POINT (-78.666382 37.510861),POINT (-76.028032 36.867885)
-76.028032,36.867885,05/31/20,495237,VIRGINIA BEACH HEALTHCARE AND REHAB CENTER,1801 CAMELOT DRIVE,VIRGINIA BEACH,VA,23454,Y,Y,0,0,0,0,0,3,0,4,0,0,0,164,Y,Y,Y,Y,0,0,0,3,0,0,N,N,N,N,Y,Y,Y,Y,Y,Y,Y,Y,Y,Y,Y,Y,N,,,,,0,0,,POINT (-78.666382 37.510861),POINT (-76.028032 36.867885)
-76.028032,36.867885,06/14/20,495237,VIRGINIA BEACH HEALTHCARE AND REHAB CENTER,1801 CAMELOT DRIVE,VIRGINIA BEACH,VA,23454,Y,Y,0,0,0,0,0,6,1,5,0,0,180,161,Y,Y,Y,Y,0,0,0,3,0,0,N,N,N,N,Y,Y,Y,Y,Y,Y,Y,Y,Y,Y,Y,Y,N,,,,,0,0,,POINT (-78.666382 37.510861),POINT (-76.028032 36.867885)
-76.023676,36.867083,06/14/20,495392,SENTARA NURSING AND REHAB CENTER-WINDERMERE,1604 OLD DONATION PKWY,VIRGINIA BEACH,VA,23454,Y,Y,0,0,0,0,0,0,0,0,0,0,90,58,Y,N,Y,N,0,0,0,0,0,0,N,N,N,N,Y,Y,Y,Y,Y,Y,Y,Y,Y,Y,Y,Y,N,,,,,0,0,,POINT (-78.666382 37.510861),POINT (-76.023676 36.867083)
-76.023676,36.867083,05/24/20,495392,SENTARA NURSING AND REHAB CENTER-WINDERMERE,1604 OLD DONATION PKWY,VIRGINIA BEACH,VA,23454,Y,Y,0,0,0,0,0,0,0,0,0,0,90,62,Y,N,Y,N,0,0,0,0,0,0,N,N,N,N,Y,Y,Y,Y,Y,Y,Y,Y,Y,Y,Y,Y,N,,,,,0,0,,POINT (-78.666382 37.510861),POINT (-76.023676 36.867083)
-76.023676,36.867083,06/07/20,495392,SENTARA NURSING AND REHAB CENTER-WINDERMERE,1604 OLD DONATION PKWY,VIRGINIA BEACH,VA,23454,Y,Y,0,0,0,0,0,0,0,0,0,0,90,60,Y,N,Y,N,0,0,0,0,0,0,N,N,N,N,Y,Y,Y,Y,Y,Y,Y,Y,Y,Y,Y,Y,N,,,,,0,0,,POINT (-78.666382 37.510861),POINT (-76.023676 36.867083)
-76.023676,36.867083,05/31/20,495392,SENTARA NURSING AND REHAB CENTER-WINDERMERE,1604 OLD DONATION PKWY,VIRGINIA BEACH,VA,23454,Y,Y,0,0,0,0,0,0,0,0,0,0,90,59,Y,N,Y,N,0,0,0,0,0,0,N,N,N,N,Y,Y,Y,Y,Y,Y,Y,Y,Y,Y,Y,Y,N,,,,,0,0,,POINT (-78.666382 37.510861),POINT (-76.023676 36.867083)
-75.983761,36.786748,06/07/20,495324,SEASIDE HHC @ ATLANTIC SHORE,1200 ATLANTIC SHORES DRIVE,VIRGINIA BEACH,VA,23454,Y,Y,1,1,0,10,0,0,0,6,0,4,50,21,Y,Y,Y,N,0,6,0,0,0,0,N,N,N,N,Y,Y,Y,Y,Y,Y,Y,Y,Y,Y,Y,Y,N,,,,,476.2,190.5,40,POINT (-78.666382 37.510861),POINT (-75.983761 36.786748)
-75.983761,36.786748,05/24/20,495324,SEASIDE HHC @ ATLANTIC SHORE,1200 ATLANTIC SHORES DRIVE,VIRGINIA BEACH,VA,23454,Y,Y,0,0,10,10,0,0,6,6,4,4,50,18,Y,Y,Y,N,6,6,0,0,0,0,N,N,N,N,Y,Y,Y,Y,Y,Y,Y,Y,Y,Y,Y,Y,N,,,,,555.6,222.2,40,POINT (-78.666382 37.510861),POINT (-75.983761 36.786748)
-75.983761,36.786748,05/31/20,495324,SEASIDE HHC @ ATLANTIC SHORE,1200 ATLANTIC SHORES DRIVE,VIRGINIA BEACH,VA,23454,Y,Y,0,0,0,10,0,0,0,6,0,4,50,17,Y,Y,Y,N,0,6,0,0,0,0,N,N,N,N,Y,Y,Y,Y,Y,Y,Y,Y,Y,Y,Y,Y,N,,,,,588.2,235.3,40,POINT (-78.666382 37.510861),POINT (-75.983761 36.786748)
-75.983761,36.786748,06/14/20,495324,SEASIDE HHC @ ATLANTIC SHORE,1200 ATLANTIC SHORES DRIVE,VIRGINIA BEACH,VA,23454,N,,0,1,0,10,0,0,0,6,0,4,50,21,,,,,0,6,0,0,0,0,,,,,,,,,,,,,,,,,,,,,,476.2,190.5,40,POINT (-78.666382 37.510861),POINT (-75.983761 36.786748)
-75.623454,37.758399,06/07/20,495334,SHORE HEALTH & REHAB CENTER,26181 PARKSLEY ROAD,PARKSLEY,VA,23421,Y,Y,0,0,1,2,0,4,0,0,0,0,136,102,Y,Y,Y,N,1,10,0,6,0,0,N,N,N,N,Y,Y,Y,Y,Y,Y,Y,Y,Y,Y,Y,Y,N,,,,,19.6,0,0,POINT (-78.666382 37.510861),POINT (-75.623454 37.758399)
-75.623454,37.758399,05/31/20,495334,SHORE HEALTH & REHAB CENTER,26181 PARKSLEY ROAD,PARKSLEY,VA,23421,Y,Y,0,0,0,1,2,4,0,0,0,0,136,102,Y,Y,Y,N,0,9,3,6,0,0,N,N,N,N,Y,Y,Y,Y,Y,Y,Y,Y,Y,Y,Y,Y,N,,,,,9.8,0,0,POINT (-78.666382 37.510861),POINT (-75.623454 37.758399)
-75.623454,37.758399,05/24/20,495334,SHORE HEALTH & REHAB CENTER,26181 PARKSLEY ROAD,PARKSLEY,VA,23421,Y,Y,0,0,1,1,2,2,0,0,0,0,136,103,Y,Y,Y,N,9,9,3,3,0,0,N,N,N,N,Y,Y,Y,Y,Y,N,Y,Y,Y,Y,Y,Y,N,,,,,9.7,0,0,POINT (-78.666382 37.510861),POINT (-75.623454 37.758399)
-75.623454,37.758399,06/14/20,495334,SHORE HEALTH & REHAB CENTER,26181 PARKSLEY ROAD,PARKSLEY,VA,23421,Y,Y,0,0,0,2,0,4,0,0,0,0,136,101,Y,Y,Y,N,0,10,1,7,0,0,N,N,N,N,Y,Y,Y,Y,Y,Y,Y,Y,Y,Y,Y,Y,N,,,,,19.8,0,0,POINT (-78.666382 37.510861),POINT (-75.623454 37.758399)
-81.243448,37.242095,06/14/20,495200,Westwood Center,20 Westwood Medical Park,WESTWOOD MEDICAL PARK,BLUEFIELD,VA,24605,Y,Y,0,0,0,0,0,0,1,8,0,0,65,47,Y,N,Y,N,0,0,0,1,0,0,N,N,N,N,Y,N,Y,Y,Y,Y,Y,N,Y,Y,Y,Y,N,,,,,0,0,,POINT (-78.666382 37.510861)
-81.243448,37.242095,05/31/20,495200,Westwood Center,20 Westwood Medical Park,WESTWOOD MEDICAL PARK,BLUEFIELD,VA,24605,Y,Y,0,0,0,0,0,0,0,7,0,0,65,50,Y,N,Y,N,0,0,0,1,0,0,N,N,N,N,Y,N,Y,Y,Y,Y,Y,N,Y,Y,Y,Y,N,,,,,0,0,,POINT (-78.666382 37.510861)
-81.243448,37.242095,05/24/20,495200,Westwood Center,20 Westwood Medical Park,WESTWOOD MEDICAL PARK,BLUEFIELD,VA,24605,Y,Y,0,0,0,0,0,0,7,7,0,0,65,55,Y,Y,Y,N,0,0,1,1,0,0,N,N,N,N,Y,N,Y,Y,Y,Y,Y,N,Y,Y,Y,Y,N,,,,,0,0,,POINT (-78.666382 37.510861)
-81.243448,37.242095,06/07/20,495200,Westwood Center,20 Westwood Medical Park,WESTWOOD MEDICAL PARK,BLUEFIELD,VA,24605,Y,Y,0,0,0,0,0,0,0,7,0,0,65,48,Y,N,Y,N,0,0,0,1,0,0,N,N,N,N,Y,N,Y,Y,Y,Y,Y,N,Y,Y,Y,Y,N,,,,,0,0,,POINT (-78.666382 37.510861)
-78.481489,38.068895,06/07/20,495377,THE LAURELS OF CHARLOTTESVILLE,490 HILLSDALE DRIVE,,CHARLOTTESVILLE,VA,22901,Y,Y,0,0,0,1,0,1,2,6,0,0,120,111,Y,Y,Y,N,0,0,0,0,0,0,Y,N,N,N,Y,Y,Y,Y,Y,Y,Y,Y,Y,Y,Y,Y,N,,,,,9,0,0,POINT (-78.666382 37.510861)
-78.481489,38.068895,05/24/20,495377,THE LAURELS OF CHARLOTTESVILLE,490 HILLSDALE DRIVE,,CHARLOTTESVILLE,VA,22901,Y,Y,0,0,1,1,1,1,2,2,0,0,120,106,Y,Y,Y,N,0,0,0,0,0,0,Y,N,N,N,Y,Y,Y,Y,Y,Y,Y,Y,Y,Y,Y,Y,N,,,,,9.4,0,0,POINT (-78.666382 37.510861)
-78.481489,38.068895,05/31/20,495377,THE LAURELS OF CHARLOTTESVILLE,490 HILLSDALE DRIVE,,CHARLOTTESVILLE,VA,22901,Y,Y,0,0,0,1,0,1,2,4,0,0,120,104,Y,Y,Y,N,0,0,0,0,0,0,Y,N,N,N,Y,Y,Y,Y,Y,Y,Y,Y,Y,Y,Y,Y,N,,,,,9.6,0,0,POINT (-78.666382 37.510861)
-78.481489,38.068895,06/14/20,495377,THE LAURELS OF CHARLOTTESVILLE,490 HILLSDALE DRIVE,,CHARLOTTESVILLE,VA,22901,Y,Y,0,0,0,1,0,1,3,9,0,0,,114,Y,Y,Y,N,0,0,0,0,0,0,Y,N,Y,N,Y,Y,Y,Y,Y,Y,Y,Y,Y,Y,Y,Y,N,,,,,8.8,0,0,POINT (-78.666382 37.510861)
-78.470495,36.817874,05/24/20,495380,CHASE CITY HEALTH AND REHAB CENTER,5539 HIGHWAY FORTY SEVEN,,CHASE CITY,VA,23924,Y,Y,0,0,57,57,42,42,7,7,7,7,120,105,Y,N,Y,N,23,23,25,25,0,0,N,N,N,N,Y,Y,Y,Y,Y,Y,Y,Y,Y,Y,Y,Y,N,,,,,542.9,66.7,12.3,POINT (-78.666382 37.510861)
-78.470495,36.817874,05/31/20,495380,CHASE CITY HEALTH AND REHAB CENTER,5539 HIGHWAY FORTY SEVEN,,CHASE CITY,VA,23924,Y,Y,3,3,10,67,0,42,2,9,2,9,120,92,Y,N,Y,N,3,26,5,30,0,0,N,N,N,N,Y,Y,Y,Y,Y,Y,Y,Y,Y,Y,Y,Y,N,,,,,728.3,97.8,13.4,POINT (-78.666382 37.510861)
-78.470495,36.817874,06/07/20,495380,CHASE CITY HEALTH AND REHAB CENTER,5539 HIGHWAY FORTY SEVEN,,CHASE CITY,VA,23924,Y,Y,2,5,0,67,1,43,3,12,3,12,120,92,Y,N,Y,N,1,27,4,34,0,0,N,N,N,N,Y,Y,Y,Y,Y,Y,Y,Y,Y,Y,Y,Y,N,,,,,728.3,130.4,17.9,POINT (-78.666382 37.510861)
-78.470495,36.817874,06/14/20,495380,CHASE CITY HEALTH AND REHAB CENTER,5539 HIGHWAY FORTY SEVEN,,CHASE CITY,VA,23924,Y,Y,0,5,0,67,3,46,0,12,0,12,120,90,Y,N,Y,N,0,27,1,35,0,0,N,N,N,N,Y,Y,Y,Y,Y,Y,Y,Y,Y,Y,Y,Y,N,,,,,744.4,133.3,17.9,POINT (-78.666382 37.510861)
-76.238672,36.748866,06/07/20,495215,SENTARA REHABILITATION & CARE RESIDENCE-CHESAPEAKE,776 OAK GROVE RD,PO BOX 1277,CHESAPEAKE,VA,23320,Y,Y,0,3,0,0,0,1,0,3,0,0,120,89,Y,Y,Y,N,0,0,0,1,0,0,N,N,N,N,Y,Y,Y,Y,Y,Y,Y,Y,Y,Y,Y,Y,N,,,,,0,0,,POINT (-78.666382 37.510861)
-76.238672,36.748866,06/14/20,495215,SENTARA REHABILITATION & CARE RESIDENCE-CHESAPEAKE,776 OAK GROVE RD,PO BOX 1277,CHESAPEAKE,VA,23320,Y,Y,0,3,0,0,0,1,0,3,0,0,120,84,Y,Y,Y,N,1,1,1,2,0,0,N,N,N,N,Y,Y,Y,Y,Y,Y,Y,Y,Y,Y,Y,Y,N,,,,,0,0,,POINT (-78.666382 37.510861)
-76.238672,36.748866,05/24/20,495215,SENTARA REHABILITATION & CARE RESIDENCE-CHESAPEAKE,776 OAK GROVE RD,PO BOX 1277,CHESAPEAKE,VA,23320,Y,Y,3,3,0,0,0,0,2,2,0,0,120,91,Y,Y,Y,N,0,0,1,1,0,0,N,N,N,N,Y,Y,Y,Y,Y,Y,Y,Y,Y,Y,Y,Y,N,,,,,0,0,,POINT (-78.666382 37.510861)
-76.238672,36.748866,05/31/20,495215,SENTARA REHABILITATION & CARE RESIDENCE-CHESAPEAKE,776 OAK GROVE RD,PO BOX 1277,CHESAPEAKE,VA,23320,Y,Y,0,3,0,0,1,1,1,3,0,0,120,92,Y,Y,Y,N,0,0,0,1,0,0,N,N,N,N,Y,Y,Y,Y,Y,Y,Y,Y,Y,Y,Y,Y,N,,,,,0,0,,POINT (-78.666382 37.510861)
-80.683033,37.115752,06/07/20,495333,HIGHLAND RIDGE REHAB CENTER,5872 HANKS STREET,PO BOX 1087,DUBLIN,VA,24084,Y,Y,0,0,0,0,0,0,0,0,0,0,132,108,Y,N,Y,N,0,0,0,0,0,0,N,N,N,N,Y,Y,Y,Y,Y,Y,Y,Y,Y,Y,Y,Y,N,,,,,0,0,,POINT (-78.666382 37.510861)
-80.683033,37.115752,05/24/20,495333,HIGHLAND RIDGE REHAB CENTER,5872 HANKS STREET,PO BOX 1087,DUBLIN,VA,24084,Y,Y,0,0,0,0,0,0,0,0,0,0,132,107,Y,N,Y,N,0,0,0,0,0,0,N,N,N,N,Y,Y,Y,Y,Y,Y,Y,Y,Y,Y,Y,Y,N,,,,,0,0,,POINT (-78.666382 37.510861)
-80.683033,37.115752,05/31/20,495333,HIGHLAND RIDGE REHAB CENTER,5872 HANKS STREET,PO BOX 1087,DUBLIN,VA,24084,Y,Y,0,0,0,0,0,0,0,0,0,0,132,106,Y,N,Y,N,0,0,0,0,0,0,N,N,N,N,Y,Y,Y,Y,Y,Y,Y,Y,Y,Y,Y,Y,N,,,,,0,0,,POINT (-78.666382 37.510861)
-80.683033,37.115752,06/14/20,495333,HIGHLAND RIDGE REHAB CENTER,5872 HANKS STREET,PO BOX 1087,DUBLIN,VA,24084,Y,Y,0,0,0,0,0,0,0,0,0,0,132,107,Y,N,Y,N,0,0,0,0,0,0,N,N,N,N,Y,Y,Y,Y,Y,Y,Y,Y,Y,Y,Y,Y,N,,,,,0,0,,POINT (-78.666382 37.510861)
-78.197345,38.930932,06/14/20,495316,Lynn Care Center - Warren Memorial Hospital,1000 SHENANDOAH AVENUE,,FRONT ROYAL,VA,22630,Y,Y,0,0,0,0,0,1,0,0,0,0,120,111,Y,Y,Y,N,0,1,0,1,0,0,N,N,N,N,Y,Y,Y,Y,Y,Y,Y,Y,Y,Y,Y,Y,N,,,,,0,0,,POINT (-78.666382 37.510861)
-78.197345,38.930932,05/31/20,495316,Lynn Care Center - Warren Memorial Hospital,1000 SHENANDOAH AVENUE,,FRONT ROYAL,VA,22630,Y,Y,0,0,0,0,0,1,0,0,0,0,120,109,Y,Y,Y,N,0,1,0,1,0,0,N,N,N,N,Y,Y,Y,Y,Y,Y,Y,Y,Y,Y,Y,Y,N,,,,,0,0,,POINT (-78.666382 37.510861)
-78.197345,38.930932,06/07/20,495316,Lynn Care Center - Warren Memorial Hospital,1000 SHENANDOAH AVENUE,,FRONT ROYAL,VA,22630,Y,Y,0,0,0,0,0,1,0,0,0,0,120,108,Y,Y,Y,N,0,1,0,1,0,0,N,N,N,N,Y,Y,Y,Y,Y,Y,Y,Y,Y,Y,Y,Y,N,,,,,0,0,,POINT (-78.666382 37.510861)
-78.197345,38.930932,05/24/20,495316,Lynn Care Center - Warren Memorial Hospital,1000 SHENANDOAH AVENUE,,FRONT ROYAL,VA,22630,Y,Y,0,0,0,0,1,1,0,0,0,0,120,109,Y,Y,Y,N,1,1,1,1,0,0,N,N,N,N,Y,Y,Y,Y,Y,Y,Y,Y,Y,Y,Y,Y,N,,,,,0,0,,POINT (-78.666382 37.510861)
-80.911069,36.680151,05/31/20,495250,GALAX HEALTH AND REHAB,836 GLENDALE RD,PO BOX 229,GALAX,VA,24333,Y,Y,2,2,11,11,58,62,5,5,1,1,120,75,Y,N,Y,N,4,12,4,5,0,0,Y,N,Y,N,Y,Y,Y,Y,Y,Y,Y,Y,Y,Y,Y,Y,N,,,,,146.7,13.3,9.1,POINT (-78.666382 37.510861)
-80.911069,36.680151,06/07/20,495250,GALAX HEALTH AND REHAB,836 GLENDALE RD,PO BOX 229,GALAX,VA,24333,Y,Y,8,10,56,67,0,62,12,17,4,5,120,69,Y,N,Y,N,33,45,0,5,0,0,Y,N,Y,Y,Y,Y,Y,Y,Y,Y,Y,Y,Y,Y,Y,Y,N,,,,,971,72.5,7.5,POINT (-78.666382 37.510861)
-80.911069,36.680151,06/14/20,495250,GALAX HEALTH AND REHAB,836 GLENDALE RD,PO BOX 229,GALAX,VA,24333,Y,Y,3,13,0,67,0,62,23,40,22,27,120,62,Y,N,Y,N,0,45,0,5,0,0,Y,N,Y,N,Y,Y,Y,Y,Y,Y,Y,Y,Y,Y,Y,Y,N,,,,,1080.6,435.5,40.3,POINT (-78.666382 37.510861)
-80.911069,36.680151,05/24/20,495250,GALAX HEALTH AND REHAB,836 GLENDALE RD,PO BOX 229,GALAX,VA,24333,Y,Y,0,0,0,0,4,4,0,0,0,0,120,91,Y,N,Y,N,8,8,1,1,0,0,N,N,N,N,Y,Y,Y,Y,Y,Y,Y,Y,Y,Y,Y,Y,N,,,,,0,0,,POINT (-78.666382 37.510861)
-76.543825,37.422001,06/07/20,495276,Walter Reed Convalescent & Rehabilitation Center,7602 Meredith Dr,POST OFFICE BOX 887,GLOUCESTER,VA,23061,Y,Y,0,0,0,0,0,25,1,2,0,0,181,127,Y,Y,N,N,0,1,0,26,0,0,N,N,N,N,Y,N,Y,Y,Y,Y,Y,N,Y,Y,Y,Y,N,,,,,0,0,,POINT (-78.666382 37.510861)
-76.543825,37.422001,05/24/20,495276,Walter Reed Convalescent & Rehabilitation Center,7602 Meredith Dr,POST OFFICE BOX 887,GLOUCESTER,VA,23061,Y,Y,0,0,0,0,24,24,1,1,0,0,181,135,Y,Y,N,N,1,1,26,26,0,0,N,N,N,N,Y,N,Y,N,Y,N,Y,N,Y,Y,Y,Y,N,,,,,0,0,,POINT (-78.666382 37.510861)
-76.543825,37.422001,05/31/20,495276,Walter Reed Convalescent & Rehabilitation Center,7602 Meredith Dr,POST OFFICE BOX 887,GLOUCESTER,VA,23061,Y,Y,0,0,0,0,1,25,0,1,0,0,181,126,Y,Y,N,N,0,1,0,26,0,0,N,N,N,N,Y,Y,Y,Y,Y,Y,Y,Y,Y,Y,Y,Y,N,,,,,0,0,,POINT (-78.666382 37.510861)
-76.543825,37.422001,06/14/20,495276,Walter Reed Convalescent & Rehabilitation Center,7602 Meredith Dr,POST OFFICE BOX 887,GLOUCESTER,VA,23061,Y,Y,0,0,0,0,1,26,0,2,0,0,181,129,Y,Y,N,N,0,1,0,26,0,0,N,N,N,N,Y,N,Y,Y,Y,Y,Y,Y,Y,Y,Y,Y,N,,,,,0,0,,POINT (-78.666382 37.510861)
-78.474833,37.036179,05/31/20,495226,Wayland Nursing and Rehabilitation Center,730 LUNENBURG HIGHW,,KEYSVILLE,VA,23947,Y,Y,0,0,0,0,0,0,0,0,0,0,90,50,Y,N,Y,N,0,1,0,3,0,0,N,N,N,N,Y,Y,Y,Y,Y,Y,Y,Y,Y,Y,Y,Y,N,,,,,0,0,,POINT (-78.666382 37.510861)
-78.474833,37.036179,06/07/20,495226,Wayland Nursing and Rehabilitation Center,730 LUNENBURG HIGHW,,KEYSVILLE,VA,23947,Y,Y,0,0,0,0,0,0,0,0,0,0,90,50,Y,N,Y,N,0,1,0,3,0,0,N,N,N,N,Y,Y,Y,Y,Y,Y,Y,Y,Y,Y,Y,Y,N,,,,,0,0,,POINT (-78.666382 37.510861)
-78.474833,37.036179,05/24/20,495226,Wayland Nursing and Rehabilitation Center,730 LUNENBURG HIGHW,,KEYSVILLE,VA,23947,Y,Y,0,0,0,0,0,0,0,0,0,0,90,50,Y,N,Y,N,1,1,3,3,0,0,N,N,N,N,Y,Y,Y,Y,Y,Y,Y,Y,Y,Y,Y,Y,N,,,,,0,0,,POINT (-78.666382 37.510861)
-78.474833,37.036179,06/14/20,495226,Wayland Nursing and Rehabilitation Center,730 LUNENBURG HIGHW,,KEYSVILLE,VA,23947,Y,Y,0,0,0,0,0,0,0,0,0,0,90,50,Y,N,Y,N,0,1,0,3,0,0,N,N,N,N,Y,Y,Y,Y,Y,Y,Y,Y,Y,Y,Y,Y,N,,,,,0,0,,POINT (-78.666382 37.510861)
-82.074692,36.900607,06/07/20,495365,MAPLE GROVE HEALTH CARE CENTER,318 E Main St,POST OFFICE BOX 2409,LEBANON,VA,24266,Y,Y,0,0,0,0,0,0,0,4,0,0,60,48,Y,N,N,Y,0,0,0,0,0,0,N,N,N,N,Y,Y,Y,Y,Y,Y,Y,Y,Y,Y,Y,Y,N,,,,,0,0,,POINT (-78.666382 37.510861)
-82.074692,36.900607,05/31/20,495365,MAPLE GROVE HEALTH CARE CENTER,318 E Main St,POST OFFICE BOX 2409,LEBANON,VA,24266,Y,Y,0,0,0,0,0,0,0,4,0,0,60,46,Y,N,N,Y,0,0,0,0,0,0,N,N,N,N,Y,Y,Y,Y,Y,Y,Y,Y,Y,Y,Y,Y,N,,,,,0,0,,POINT (-78.666382 37.510861)
-82.074692,36.900607,05/24/20,495365,MAPLE GROVE HEALTH CARE CENTER,318 E Main St,POST OFFICE BOX 2409,LEBANON,VA,24266,Y,Y,0,0,0,0,0,0,4,4,0,0,60,47,Y,N,N,Y,0,0,0,0,0,0,N,N,N,N,Y,Y,Y,Y,Y,Y,Y,Y,Y,Y,Y,Y,N,,,,,0,0,,POINT (-78.666382 37.510861)
-82.074692,36.900607,06/14/20,495365,MAPLE GROVE HEALTH CARE CENTER,318 E Main St,POST OFFICE BOX 2409,LEBANON,VA,24266,Y,Y,0,0,0,0,0,0,1,5,0,0,60,48,Y,N,N,Y,0,0,0,0,0,0,N,N,N,N,Y,Y,Y,Y,Y,Y,Y,Y,Y,Y,Y,Y,N,,,,,0,0,,POINT (-78.666382 37.510861)
-79.88332,37.790558,05/24/20,495221,THE BRIAN CENTER,100 ALLEGHANY REGIONAL HOSPITAL LANE,,LOW MOOR,VA,24457,Y,Y,0,0,0,0,0,0,0,0,0,0,89,70,Y,N,N,Y,0,0,0,0,0,0,N,N,N,N,Y,Y,Y,Y,Y,Y,Y,Y,Y,Y,Y,Y,N,,,,,0,0,,POINT (-78.666382 37.510861)
-79.88332,37.790558,06/14/20,495221,THE BRIAN CENTER,100 ALLEGHANY REGIONAL HOSPITAL LANE,,LOW MOOR,VA,24457,Y,Y,0,0,0,0,0,0,0,0,0,0,89,79,Y,N,N,Y,0,0,0,0,0,0,N,N,N,N,Y,Y,Y,Y,Y,Y,Y,Y,Y,Y,Y,Y,N,,,,,0,0,,POINT (-78.666382 37.510861)
-79.88332,37.790558,05/31/20,495221,THE BRIAN CENTER,100 ALLEGHANY REGIONAL HOSPITAL LANE,,LOW MOOR,VA,24457,Y,Y,0,0,0,0,0,0,0,0,0,0,89,77,Y,N,N,Y,0,0,0,0,0,0,N,N,N,N,Y,Y,Y,Y,Y,Y,Y,Y,Y,Y,Y,Y,N,,,,,0,0,,POINT (-78.666382 37.510861)
-79.88332,37.790558,06/07/20,495221,THE BRIAN CENTER,100 ALLEGHANY REGIONAL HOSPITAL LANE,,LOW MOOR,VA,24457,Y,Y,0,0,0,0,0,0,0,0,0,0,89,77,Y,N,N,Y,0,0,0,0,0,0,N,N,N,N,Y,Y,Y,Y,Y,Y,Y,Y,Y,Y,Y,Y,N,,,,,0,0,,POINT (-78.666382 37.510861)
-78.257613,38.377503,05/24/20,495244,Autumn Care of Madison,1 Autumn Ct,,MADISON,VA,22727,Y,Y,0,0,0,0,0,0,1,1,0,0,92,76,Y,Y,Y,N,0,0,0,0,0,0,N,N,N,N,Y,Y,Y,Y,Y,Y,Y,Y,Y,Y,Y,Y,N,,,,,0,0,,POINT (-78.666382 37.510861)
-78.257613,38.377503,06/14/20,495244,Autumn Care of Madison,1 Autumn Ct,,MADISON,VA,22727,Y,Y,0,0,0,0,1,1,0,1,0,0,92,78,Y,Y,Y,N,0,0,0,0,0,0,N,N,N,N,Y,Y,Y,Y,Y,Y,Y,Y,Y,Y,Y,Y,N,,,,,0,0,,POINT (-78.666382 37.510861)
-78.257613,38.377503,06/07/20,495244,Autumn Care of Madison,1 Autumn Ct,,MADISON,VA,22727,Y,Y,0,0,0,0,0,0,0,1,0,0,92,78,Y,Y,Y,N,0,0,0,0,0,0,N,N,N,N,Y,Y,Y,Y,Y,Y,Y,Y,Y,Y,Y,Y,N,,,,,0,0,,POINT (-78.666382 37.510861)
-78.257613,38.377503,05/31/20,495244,Autumn Care of Madison,1 Autumn Ct,,MADISON,VA,22727,Y,Y,0,0,0,0,0,0,0,1,0,0,92,77,Y,Y,Y,N,0,0,0,0,0,0,N,N,N,N,Y,Y,Y,Y,Y,Y,Y,Y,Y,Y,Y,Y,N,,,,,0,0,,POINT (-78.666382 37.510861)
-76.32255,37.428675,05/31/20,4.90E+216,RIVERSIDE CONVAL CENTER-MATHEW,603 Main St,PO BOX 370,MATHEWS,VA,23109,Y,Y,0,0,0,0,0,2,0,2,0,0,60,55,Y,Y,Y,N,0,0,0,0,0,0,N,N,N,N,Y,Y,Y,Y,Y,Y,Y,Y,Y,Y,Y,Y,N,,,,,0,0,,POINT (-78.666382 37.510861)
-76.32255,37.428675,06/14/20,4.90E+216,RIVERSIDE CONVAL CENTER-MATHEW,603 Main St,PO BOX 370,MATHEWS,VA,23109,N,,0,0,0,0,0,3,0,2,0,0,60,56,,,,,0,0,0,0,0,0,,,,,,,,,,,,,,,,,,,,,,0,0,,POINT (-78.666382 37.510861)
-76.32255,37.428675,06/07/20,4.90E+216,RIVERSIDE CONVAL CENTER-MATHEW,603 Main St,PO BOX 370,MATHEWS,VA,23109,Y,Y,0,0,0,0,1,3,0,2,0,0,60,56,Y,Y,Y,N,0,0,0,0,0,0,N,N,N,N,Y,Y,Y,Y,Y,Y,Y,Y,Y,Y,Y,Y,N,,,,,0,0,,POINT (-78.666382 37.510861)
-76.32255,37.428675,05/24/20,4.90E+216,RIVERSIDE CONVAL CENTER-MATHEW,603 Main St,PO BOX 370,MATHEWS,VA,23109,Y,Y,0,0,0,0,2,2,2,2,0,0,60,54,Y,Y,Y,N,0,0,0,0,0,0,N,N,N,N,Y,Y,Y,Y,Y,Y,Y,Y,Y,Y,Y,Y,N,,,,,0,0,,POINT (-78.666382 37.510861)
-75.863908,37.473698,06/07/20,495277,HERITAGE HALL NASSAWADOX,9468 HOSPITAL ROAD,,NASSAWADOX,VA,23413,Y,N,,,,,,,,,,,,,,,,,,,,,,,,,,,,,,,,,,,,,,,,,,,,,,,POINT (-78.666382 37.510861)
-75.863908,37.473698,05/31/20,495277,HERITAGE HALL NASSAWADOX,9468 HOSPITAL ROAD,,NASSAWADOX,VA,23413,Y,N,,,,,,,,,,,,,,,,,,,,,,,,,,,,,,,,,,,,,,,,,,,,,,,POINT (-78.666382 37.510861)
-75.863908,37.473698,05/24/20,495277,HERITAGE HALL NASSAWADOX,9468 HOSPITAL ROAD,,NASSAWADOX,VA,23413,Y,N,,,,,,,,,,,,,,,,,,,,,,,,,,,,,,,,,,,,,,,,,,,,,,,POINT (-78.666382 37.510861)
-75.863908,37.473698,06/14/20,495277,HERITAGE HALL NASSAWADOX,9468 HOSPITAL ROAD,,NASSAWADOX,VA,23413,Y,N,,,,,,,,,,,,,,,,,,,,,,,,,,,,,,,,,,,,,,,,,,,,,,,POINT (-78.666382 37.510861)
-76.304788,36.856702,05/31/20,495395,HARBOR'S EDGE,ONE COLLEY AVENUE,,NORFOLK,VA,23510,Y,Y,0,0,0,0,0,0,0,9,0,0,33,16,Y,N,Y,N,0,0,0,0,0,0,N,N,N,N,Y,Y,Y,Y,Y,Y,Y,N,Y,Y,Y,Y,N,,,,,0,0,,POINT (-78.666382 37.510861)
-76.304788,36.856702,06/07/20,495395,HARBOR'S EDGE,ONE COLLEY AVENUE,,NORFOLK,VA,23510,Y,Y,0,0,0,0,0,0,0,9,0,0,33,20,Y,N,Y,N,0,0,0,0,0,0,N,N,N,N,Y,N,Y,Y,Y,Y,Y,N,Y,Y,Y,Y,N,,,,,0,0,,POINT (-78.666382 37.510861)
-76.304788,36.856702,06/14/20,495395,HARBOR'S EDGE,ONE COLLEY AVENUE,,NORFOLK,VA,23510,Y,Y,0,0,0,0,0,0,0,9,0,0,33,18,Y,N,Y,N,0,0,0,0,0,0,N,N,N,N,Y,N,Y,Y,Y,Y,Y,N,Y,Y,Y,Y,N,,,,,0,0,,POINT (-78.666382 37.510861)
-76.304788,36.856702,05/24/20,495395,HARBOR'S EDGE,ONE COLLEY AVENUE,,NORFOLK,VA,23510,Y,Y,0,0,0,0,0,0,9,9,0,0,33,18,Y,N,Y,N,0,0,0,0,0,0,N,N,N,N,Y,N,Y,Y,Y,Y,Y,N,Y,Y,Y,Y,N,,,,,0,0,,POINT (-78.666382 37.510861)
-77.381824,37.207766,06/14/20,495144,PETERSBURG HEALTHCARE CENTER,287  EAST SOUTH BOULEVARD,,PETERSBURG,VA,23805,N,,,,,,,,,,,,,,,,,,,,,,,,,,,,,,,,,,,,,,,,,,,,,,,,POINT (-78.666382 37.510861)
-77.381824,37.207766,05/24/20,495144,PETERSBURG HEALTHCARE CENTER,287  EAST SOUTH BOULEVARD,,PETERSBURG,VA,23805,N,,,,,,,,,,,,,,,,,,,,,,,,,,,,,,,,,,,,,,,,,,,,,,,,POINT (-78.666382 37.510861)
-77.381824,37.207766,06/07/20,495144,PETERSBURG HEALTHCARE CENTER,287  EAST SOUTH BOULEVARD,,PETERSBURG,VA,23805,N,,,,,,,,,,,,,,,,,,,,,,,,,,,,,,,,,,,,,,,,,,,,,,,,POINT (-78.666382 37.510861)
-77.381824,37.207766,05/31/20,495144,PETERSBURG HEALTHCARE CENTER,287  EAST SOUTH BOULEVARD,,PETERSBURG,VA,23805,N,,,,,,,,,,,,,,,,,,,,,,,,,,,,,,,,,,,,,,,,,,,,,,,,POINT (-78.666382 37.510861)
-76.597142,37.602654,05/31/20,4.90E+186,RIVERSIDE CONVAL CENTER-SALUDA,672 Gloucester Rd,PO BOX 303 US 17,SALUDA,VA,23149,Y,Y,0,0,0,0,0,4,0,7,0,0,60,55,Y,Y,Y,N,0,0,0,2,0,0,N,N,N,N,Y,Y,Y,Y,Y,Y,Y,Y,Y,Y,Y,Y,N,,,,,0,0,,POINT (-78.666382 37.510861)
-76.597142,37.602654,06/07/20,4.90E+186,RIVERSIDE CONVAL CENTER-SALUDA,672 Gloucester Rd,PO BOX 303 US 17,SALUDA,VA,23149,Y,Y,1,1,0,0,1,5,2,9,0,0,60,51,Y,Y,Y,N,0,0,0,2,0,0,N,N,N,N,Y,Y,Y,Y,Y,Y,Y,Y,Y,Y,Y,Y,N,,,,,0,0,,POINT (-78.666382 37.510861)
-76.597142,37.602654,06/14/20,4.90E+186,RIVERSIDE CONVAL CENTER-SALUDA,672 Gloucester Rd,PO BOX 303 US 17,SALUDA,VA,23149,N,,0,1,0,0,0,5,0,9,0,0,60,51,,,,,0,0,0,2,0,0,,,,,,,,,,,,,,,,,,,,,,0,0,,POINT (-78.666382 37.510861)
-76.597142,37.602654,05/24/20,4.90E+186,RIVERSIDE CONVAL CENTER-SALUDA,672 Gloucester Rd,PO BOX 303 US 17,SALUDA,VA,23149,Y,Y,0,0,0,0,4,4,7,7,0,0,60,55,Y,Y,Y,N,0,0,2,2,0,0,N,N,N,N,Y,Y,Y,Y,Y,Y,Y,Y,Y,Y,Y,Y,N,,,,,0,0,,POINT (-78.666382 37.510861)
-77.389947,39.023307,06/07/20,495179,POTOMAC FALLS HEALTH & REHAB CENTER,46531 HARRY BYRD HIGHWAY,,STERLING,VA,20164,Y,Y,1,5,1,14,0,2,0,13,0,9,148,79,Y,Y,Y,N,0,4,1,4,0,0,N,N,N,N,Y,Y,Y,Y,Y,Y,Y,Y,Y,Y,Y,Y,N,,,,,177.2,113.9,64.3,POINT (-78.666382 37.510861)
-77.389947,39.023307,05/31/20,495179,POTOMAC FALLS HEALTH & REHAB CENTER,46531 HARRY BYRD HIGHWAY,,STERLING,VA,20164,Y,Y,0,4,2,13,2,2,4,13,2,9,148,77,Y,Y,Y,N,0,4,1,3,0,0,N,N,N,N,Y,Y,Y,Y,Y,Y,Y,Y,Y,Y,Y,Y,N,,,,,168.8,116.9,69.2,POINT (-78.666382 37.510861)
-77.389947,39.023307,05/24/20,495179,POTOMAC FALLS HEALTH & REHAB CENTER,46531 HARRY BYRD HIGHWAY,,STERLING,VA,20164,Y,Y,4,4,11,11,0,0,9,9,7,7,148,89,Y,Y,Y,N,4,4,2,2,0,0,N,N,N,N,Y,Y,Y,Y,Y,Y,Y,Y,Y,Y,Y,Y,N,,,,,123.6,78.7,63.6,POINT (-78.666382 37.510861)
-77.389947,39.023307,06/14/20,495179,POTOMAC FALLS HEALTH & REHAB CENTER,46531 HARRY BYRD HIGHWAY,,STERLING,VA,20164,Y,Y,1,6,0,14,2,4,0,13,0,9,148,79,Y,Y,Y,N,1,5,2,6,0,0,N,N,N,N,Y,Y,Y,Y,Y,Y,Y,Y,Y,Y,Y,Y,N,,,,,177.2,113.9,64.3,POINT (-78.666382 37.510861)
-81.490929,37.123612,06/14/20,495152,HERITAGE HALL TAZEWELL,282 BEN BOLT AVENUE,,TAZEWELL,VA,24651,Y,Y,0,0,0,0,0,0,0,0,0,0,180,138,N,N,N,N,0,0,0,0,0,0,N,N,N,N,Y,Y,Y,Y,Y,Y,Y,Y,Y,Y,Y,Y,N,,,,,0,0,,POINT (-78.666382 37.510861)
-81.490929,37.123612,05/31/20,495152,HERITAGE HALL TAZEWELL,282 BEN BOLT AVENUE,,TAZEWELL,VA,24651,Y,Y,0,0,0,0,0,0,0,0,0,0,180,136,N,N,N,N,0,0,0,0,0,0,N,N,N,N,Y,Y,Y,Y,Y,Y,Y,Y,Y,Y,Y,Y,N,,,,,0,0,,POINT (-78.666382 37.510861)
-81.490929,37.123612,05/24/20,495152,HERITAGE HALL TAZEWELL,282 BEN BOLT AVENUE,,TAZEWELL,VA,24651,Y,Y,0,0,0,0,0,0,0,0,0,0,180,137,N,N,N,N,0,0,0,0,0,0,N,N,N,N,Y,Y,Y,Y,Y,Y,Y,Y,Y,Y,Y,Y,N,,,,,0,0,,POINT (-78.666382 37.510861)
-81.490929,37.123612,06/07/20,495152,HERITAGE HALL TAZEWELL,282 BEN BOLT AVENUE,,TAZEWELL,VA,24651,Y,Y,0,0,0,0,0,0,0,0,0,0,180,137,N,N,N,N,0,0,0,0,0,0,N,N,N,N,Y,Y,Y,Y,Y,Y,Y,Y,Y,Y,Y,Y,N,,,,,0,0,,POINT (-78.666382 37.510861)
-76.108336,36.841745,05/31/20,495150,THE CITADEL VIRGINIA BEACH LLC,340 LYNN SHORES DRIVE,,VIRGINIA BEACH,VA,23452,Y,Y,0,0,0,0,0,0,2,2,0,0,150,111,Y,N,Y,Y,0,0,0,0,0,0,N,N,N,N,Y,N,Y,N,Y,N,Y,N,Y,N,Y,Y,N,,,,,0,0,,POINT (-78.666382 37.510861)
-76.108336,36.841745,05/24/20,495150,THE CITADEL VIRGINIA BEACH LLC,340 LYNN SHORES DRIVE,,VIRGINIA BEACH,VA,23452,Y,Y,0,0,0,0,0,0,0,0,0,0,147,112,Y,N,Y,N,0,0,0,0,0,0,N,N,N,N,Y,N,Y,Y,Y,Y,Y,Y,Y,Y,Y,Y,N,,,,,0,0,,POINT (-78.666382 37.510861)
-76.108336,36.841745,06/07/20,495150,THE CITADEL VIRGINIA BEACH LLC,340 LYNN SHORES DRIVE,,VIRGINIA BEACH,VA,23452,Y,Y,0,0,0,0,0,0,3,5,0,0,150,112,Y,Y,Y,N,1,1,0,0,0,0,N,N,N,Y,Y,N,Y,N,Y,N,Y,N,Y,N,Y,Y,N,,,,,0,0,,POINT (-78.666382 37.510861)
-76.108336,36.841745,06/14/20,495150,THE CITADEL VIRGINIA BEACH LLC,340 LYNN SHORES DRIVE,,VIRGINIA BEACH,VA,23452,Y,Y,0,0,0,0,0,0,2,7,0,0,150,112,Y,N,Y,Y,1,2,3,3,0,0,N,N,N,N,Y,N,Y,N,Y,N,Y,N,Y,N,Y,N,N,,,,,0,0,,POINT (-78.666382 37.510861)
-78.519274,38.863732,06/14/20,4.90E+76,SKYLINE TERRACE CONV HOME,123 Lakeview Dr,PO BOX 558,WOODSTOCK,VA,22664,Y,Y,0,0,0,0,0,0,0,0,0,0,70,66,Y,Y,N,N,0,0,1,2,0,0,N,N,N,N,Y,N,Y,Y,Y,Y,Y,N,Y,Y,Y,Y,N,,,,,0,0,,POINT (-78.666382 37.510861)
-78.519274,38.863732,05/31/20,4.90E+76,SKYLINE TERRACE CONV HOME,123 Lakeview Dr,PO BOX 558,WOODSTOCK,VA,22664,Y,Y,0,0,0,0,0,0,0,0,0,0,70,66,Y,Y,N,N,0,0,0,1,0,0,N,N,N,N,Y,N,Y,Y,Y,Y,Y,N,Y,Y,Y,Y,N,,,,,0,0,,POINT (-78.666382 37.510861)
-78.519274,38.863732,05/24/20,4.90E+76,SKYLINE TERRACE CONV HOME,123 Lakeview Dr,PO BOX 558,WOODSTOCK,VA,22664,Y,Y,0,0,0,0,0,0,0,0,0,0,70,66,Y,Y,N,N,0,0,1,1,0,0,N,N,N,N,Y,N,Y,Y,Y,Y,Y,N,Y,Y,Y,Y,N,,,,,0,0,,POINT (-78.666382 37.510861)
-78.519274,38.863732,06/07/20,4.90E+76,SKYLINE TERRACE CONV HOME,123 Lakeview Dr,PO BOX 558,WOODSTOCK,VA,22664,Y,Y,0,0,0,0,0,0,0,0,0,0,70,66,Y,Y,N,N,0,0,0,1,0,0,N,N,N,N,Y,N,Y,Y,Y,Y,Y,N,Y,Y,Y,Y,N,,,,,0,0,,POINT (-78.666382 37.510861)
