"Event Date","Health Planning Region","Case Status","Number of Cases","Number of Hospitalizations","Number of Deaths"
02/16/2020,Central,Confirmed,1,0,0
02/16/2020,Northern,Confirmed,1,1,0
02/17/2020,Northern,Confirmed,2,1,0
02/18/2020,Northwest,Confirmed,1,0,0
02/18/2020,Central,Confirmed,1,1,0
02/18/2020,Northern,Confirmed,1,0,0
02/19/2020,Central,Confirmed,1,0,0
02/20/2020,Northern,Confirmed,1,0,0
02/20/2020,Central,Confirmed,1,0,0
02/22/2020,Eastern,Confirmed,1,0,0
02/23/2020,Northern,Confirmed,2,0,0
02/24/2020,Northern,Confirmed,4,0,0
02/24/2020,Central,Confirmed,1,0,0
02/24/2020,Eastern,Confirmed,3,0,0
02/26/2020,Northwest,Confirmed,1,1,0
02/26/2020,Eastern,Confirmed,2,0,0
02/26/2020,Central,Confirmed,2,0,0
02/27/2020,Northern,Confirmed,1,0,0
02/27/2020,Southwest,Confirmed,2,0,0
02/28/2020,Northern,Confirmed,4,0,0
02/28/2020,Northwest,Confirmed,1,0,0
02/28/2020,Eastern,Confirmed,2,0,0
02/29/2020,Northern,Confirmed,1,0,0
02/29/2020,Eastern,Confirmed,1,0,0
02/29/2020,Central,Confirmed,2,0,0
02/29/2020,Northwest,Confirmed,1,0,0
02/29/2020,Southwest,Confirmed,1,0,0
03/01/2020,Eastern,Confirmed,5,0,0
03/01/2020,Southwest,Confirmed,1,0,0
03/01/2020,Northwest,Confirmed,2,0,0
03/01/2020,Central,Confirmed,2,0,0
03/01/2020,Northern,Confirmed,6,0,0
03/02/2020,Eastern,Confirmed,6,0,0
03/02/2020,Northwest,Confirmed,1,0,0
03/02/2020,Southwest,Confirmed,1,0,0
03/02/2020,Northern,Confirmed,7,0,0
03/03/2020,Central,Confirmed,2,0,0
03/03/2020,Northwest,Confirmed,2,0,0
03/03/2020,Northern,Confirmed,11,1,0
03/03/2020,Eastern,Confirmed,3,0,0
03/04/2020,Northwest,Confirmed,3,0,0
03/04/2020,Northern,Confirmed,9,0,0
03/04/2020,Eastern,Confirmed,5,0,0
03/04/2020,Southwest,Confirmed,1,0,0
03/04/2020,Central,Confirmed,3,0,0
03/05/2020,Eastern,Confirmed,7,0,0
03/05/2020,Northern,Confirmed,7,2,0
03/06/2020,Central,Confirmed,3,0,0
03/06/2020,Northwest,Confirmed,1,1,0
03/06/2020,Northern,Confirmed,15,0,0
03/06/2020,Eastern,Confirmed,6,0,0
03/07/2020,Northern,Confirmed,14,1,0
03/07/2020,Southwest,Confirmed,1,0,0
03/07/2020,Central,Confirmed,3,0,0
03/07/2020,Eastern,Confirmed,6,0,0
03/08/2020,Northwest,Confirmed,4,0,0
03/08/2020,Central,Confirmed,1,0,0
03/08/2020,Southwest,Confirmed,1,0,0
03/08/2020,Northern,Confirmed,10,2,0
03/08/2020,Eastern,Confirmed,5,0,0
03/09/2020,Central,Confirmed,6,0,0
03/09/2020,Southwest,Confirmed,1,0,0
03/09/2020,Northwest,Confirmed,3,0,0
03/09/2020,Eastern,Confirmed,11,2,0
03/09/2020,Northern,Confirmed,26,1,0
03/10/2020,Eastern,Confirmed,10,0,0
03/10/2020,Central,Confirmed,9,0,0
03/10/2020,Northern,Confirmed,37,3,0
03/10/2020,Northwest,Confirmed,5,0,0
03/10/2020,Southwest,Confirmed,6,0,0
03/11/2020,Northwest,Confirmed,7,0,0
03/11/2020,Eastern,Confirmed,19,2,0
03/11/2020,Central,Confirmed,9,0,0
03/11/2020,Northern,Confirmed,36,3,0
03/11/2020,Southwest,Confirmed,2,0,0
03/12/2020,Southwest,Confirmed,5,0,0
03/12/2020,Eastern,Confirmed,26,2,0
03/12/2020,Northern,Confirmed,47,2,0
03/12/2020,Central,Confirmed,10,0,0
03/12/2020,Northwest,Confirmed,12,1,0
03/13/2020,Eastern,Confirmed,31,2,0
03/13/2020,Southwest,Confirmed,3,0,0
03/13/2020,Northern,Confirmed,59,3,0
03/13/2020,Central,Confirmed,12,2,0
03/13/2020,Northwest,Confirmed,13,0,0
03/14/2020,Northern,Confirmed,74,3,0
03/14/2020,Central,Confirmed,13,0,0
03/14/2020,Southwest,Confirmed,4,0,0
03/14/2020,Northwest,Confirmed,12,0,0
03/14/2020,Eastern,Confirmed,36,3,1
03/15/2020,Southwest,Confirmed,3,0,0
03/15/2020,Northern,Confirmed,58,2,0
03/15/2020,Eastern,Confirmed,28,4,1
03/15/2020,Central,Confirmed,10,2,0
03/15/2020,Northwest,Confirmed,25,1,0
03/15/2020,Eastern,Probable,1,0,0
03/16/2020,Central,Confirmed,13,1,1
03/16/2020,Northern,Confirmed,110,6,0
03/16/2020,Northwest,Confirmed,22,1,0
03/16/2020,Southwest,Confirmed,6,2,0
03/16/2020,Eastern,Confirmed,48,3,0
03/17/2020,Northern,Confirmed,77,5,0
03/17/2020,Northwest,Confirmed,23,0,0
03/17/2020,Southwest,Confirmed,5,0,0
03/17/2020,Central,Confirmed,32,1,0
03/17/2020,Eastern,Confirmed,52,6,0
03/18/2020,Central,Confirmed,40,4,0
03/18/2020,Northern,Confirmed,97,6,0
03/18/2020,Eastern,Confirmed,48,2,0
03/18/2020,Southwest,Confirmed,7,2,0
03/18/2020,Northwest,Confirmed,19,2,0
03/19/2020,Eastern,Confirmed,43,4,0
03/19/2020,Southwest,Confirmed,15,0,0
03/19/2020,Northern,Confirmed,84,13,0
03/19/2020,Northwest,Confirmed,20,1,0
03/19/2020,Central,Confirmed,34,2,0
03/20/2020,Northern,Confirmed,97,5,0
03/20/2020,Southwest,Confirmed,18,1,0
03/20/2020,Eastern,Confirmed,40,7,1
03/20/2020,Central,Confirmed,47,5,0
03/20/2020,Northwest,Confirmed,19,1,0
03/21/2020,Southwest,Confirmed,12,3,0
03/21/2020,Central,Confirmed,20,3,0
03/21/2020,Northern,Confirmed,87,10,1
03/21/2020,Northwest,Confirmed,25,4,0
03/21/2020,Eastern,Confirmed,40,7,4
03/22/2020,Eastern,Confirmed,25,9,1
03/22/2020,Southwest,Confirmed,5,0,0
03/22/2020,Central,Confirmed,16,4,2
03/22/2020,Northern,Confirmed,106,9,0
03/22/2020,Northwest,Confirmed,22,5,0
03/23/2020,Eastern,Confirmed,53,6,0
03/23/2020,Central,Confirmed,49,13,1
03/23/2020,Southwest,Confirmed,12,1,0
03/23/2020,Northwest,Confirmed,30,4,0
03/23/2020,Northern,Confirmed,112,19,0
03/24/2020,Southwest,Confirmed,15,1,0
03/24/2020,Central,Confirmed,53,9,2
03/24/2020,Eastern,Confirmed,41,13,0
03/24/2020,Northern,Confirmed,109,26,2
03/24/2020,Northwest,Confirmed,20,6,0
03/25/2020,Southwest,Confirmed,9,1,1
03/25/2020,Northern,Confirmed,111,21,1
03/25/2020,Central,Confirmed,51,11,0
03/25/2020,Northwest,Confirmed,33,9,0
03/25/2020,Eastern,Confirmed,48,17,1
03/25/2020,Central,Probable,0,0,1
03/26/2020,Southwest,Confirmed,12,3,0
03/26/2020,Northern,Confirmed,130,22,1
03/26/2020,Eastern,Confirmed,37,10,0
03/26/2020,Northwest,Confirmed,29,5,0
03/26/2020,Central,Confirmed,61,12,3
03/27/2020,Southwest,Confirmed,16,3,0
03/27/2020,Eastern,Confirmed,34,15,2
03/27/2020,Central,Confirmed,56,11,4
03/27/2020,Northwest,Confirmed,40,8,0
03/27/2020,Northern,Confirmed,125,22,3
03/27/2020,Central,Probable,0,0,2
03/28/2020,Central,Confirmed,45,10,1
03/28/2020,Northern,Confirmed,111,22,1
03/28/2020,Southwest,Confirmed,12,4,2
03/28/2020,Eastern,Confirmed,35,22,1
03/28/2020,Northwest,Confirmed,28,10,1
03/29/2020,Southwest,Confirmed,11,6,0
03/29/2020,Northern,Confirmed,93,26,4
03/29/2020,Eastern,Confirmed,27,19,1
03/29/2020,Northwest,Confirmed,22,6,1
03/29/2020,Central,Confirmed,44,14,2
03/30/2020,Northern,Confirmed,174,34,2
03/30/2020,Eastern,Confirmed,46,16,2
03/30/2020,Northwest,Confirmed,37,7,0
03/30/2020,Central,Confirmed,134,10,3
03/30/2020,Southwest,Confirmed,17,5,0
03/30/2020,Eastern,Probable,0,0,1
03/31/2020,Northwest,Confirmed,37,5,1
03/31/2020,Northern,Confirmed,125,30,3
03/31/2020,Southwest,Confirmed,9,4,0
03/31/2020,Eastern,Confirmed,49,11,1
03/31/2020,Central,Confirmed,90,12,5
04/01/2020,Southwest,Confirmed,16,4,0
04/01/2020,Northern,Confirmed,169,28,0
04/01/2020,Eastern,Confirmed,35,17,1
04/01/2020,Northwest,Confirmed,46,8,1
04/01/2020,Central,Confirmed,83,15,8
04/02/2020,Eastern,Confirmed,35,11,1
04/02/2020,Central,Confirmed,48,12,7
04/02/2020,Northwest,Confirmed,51,5,0
04/02/2020,Southwest,Confirmed,14,2,0
04/02/2020,Northern,Confirmed,192,30,3
04/02/2020,Eastern,Probable,0,0,1
04/03/2020,Eastern,Confirmed,42,16,0
04/03/2020,Central,Confirmed,61,11,4
04/03/2020,Northern,Confirmed,189,32,5
04/03/2020,Northwest,Confirmed,43,8,1
04/03/2020,Southwest,Confirmed,19,4,0
04/04/2020,Northern,Confirmed,182,33,1
04/04/2020,Eastern,Confirmed,30,8,0
04/04/2020,Northwest,Confirmed,40,9,0
04/04/2020,Southwest,Confirmed,17,3,1
04/04/2020,Central,Confirmed,56,11,8
04/05/2020,Eastern,Confirmed,17,8,3
04/05/2020,Southwest,Confirmed,13,3,0
04/05/2020,Central,Confirmed,75,10,7
04/05/2020,Northern,Confirmed,164,39,3
04/05/2020,Northwest,Confirmed,49,5,0
04/05/2020,Northern,Probable,17,0,0
04/05/2020,Eastern,Probable,3,0,0
04/05/2020,Central,Probable,1,0,0
04/05/2020,Northwest,Probable,7,0,0
04/06/2020,Central,Confirmed,95,18,8
04/06/2020,Northern,Confirmed,274,51,5
04/06/2020,Northwest,Confirmed,66,10,0
04/06/2020,Southwest,Confirmed,25,9,2
04/06/2020,Eastern,Confirmed,40,10,2
04/06/2020,Central,Probable,5,0,0
04/06/2020,Southwest,Probable,1,0,0
04/06/2020,Northwest,Probable,9,0,0
04/06/2020,Northern,Probable,24,0,2
04/06/2020,Eastern,Probable,9,0,0
04/07/2020,Northwest,Confirmed,52,9,2
04/07/2020,Eastern,Confirmed,40,9,1
04/07/2020,Southwest,Confirmed,17,3,0
04/07/2020,Northern,Confirmed,235,30,6
04/07/2020,Central,Confirmed,91,23,8
04/07/2020,Northern,Probable,11,0,0
04/07/2020,Central,Probable,2,0,1
04/07/2020,Northwest,Probable,10,1,0
04/08/2020,Northern,Confirmed,223,35,8
04/08/2020,Northwest,Confirmed,63,10,0
04/08/2020,Eastern,Confirmed,37,6,4
04/08/2020,Central,Confirmed,120,17,2
04/08/2020,Southwest,Confirmed,12,3,1
04/08/2020,Northern,Probable,20,1,2
04/08/2020,Eastern,Probable,7,0,0
04/08/2020,Central,Probable,2,0,1
04/08/2020,Northwest,Probable,12,0,0
04/09/2020,Eastern,Confirmed,41,18,2
04/09/2020,Southwest,Confirmed,18,4,0
04/09/2020,Northern,Confirmed,233,45,4
04/09/2020,Northwest,Confirmed,63,9,0
04/09/2020,Central,Confirmed,81,15,10
04/09/2020,Northwest,Probable,5,0,0
04/09/2020,Central,Probable,1,0,0
04/09/2020,Eastern,Probable,7,0,0
04/09/2020,Northern,Probable,14,1,2
04/10/2020,Eastern,Confirmed,73,9,2
04/10/2020,Northwest,Confirmed,95,8,2
04/10/2020,Northern,Confirmed,268,40,8
04/10/2020,Central,Confirmed,102,13,7
04/10/2020,Southwest,Confirmed,10,1,2
04/10/2020,Central,Probable,2,0,1
04/10/2020,Northwest,Probable,12,0,0
04/10/2020,Eastern,Probable,6,0,0
04/10/2020,Southwest,Probable,1,0,0
04/10/2020,Northern,Probable,26,0,0
04/11/2020,Eastern,Confirmed,31,8,1
04/11/2020,Central,Confirmed,55,17,7
04/11/2020,Northern,Confirmed,216,34,4
04/11/2020,Northwest,Confirmed,68,3,2
04/11/2020,Southwest,Confirmed,15,3,1
04/11/2020,Southwest,Probable,2,0,0
04/11/2020,Northwest,Probable,8,0,0
04/11/2020,Eastern,Probable,4,0,0
04/11/2020,Central,Probable,2,0,0
04/11/2020,Northern,Probable,16,0,1
04/12/2020,Eastern,Confirmed,32,7,4
04/12/2020,Northwest,Confirmed,86,7,1
04/12/2020,Northern,Confirmed,232,47,11
04/12/2020,Southwest,Confirmed,13,1,1
04/12/2020,Central,Confirmed,66,18,9
04/12/2020,Southwest,Probable,1,0,0
04/12/2020,Northern,Probable,21,0,1
04/12/2020,Central,Probable,0,0,1
04/12/2020,Northwest,Probable,8,0,0
04/12/2020,Eastern,Probable,4,0,0
04/13/2020,Central,Confirmed,90,13,9
04/13/2020,Southwest,Confirmed,11,2,1
04/13/2020,Eastern,Confirmed,89,12,3
04/13/2020,Northwest,Confirmed,96,16,3
04/13/2020,Northern,Confirmed,380,62,11
04/13/2020,Northern,Probable,33,1,4
04/13/2020,Central,Probable,4,0,0
04/13/2020,Northwest,Probable,13,0,0
04/13/2020,Eastern,Probable,4,0,0
04/14/2020,Northwest,Confirmed,94,11,3
04/14/2020,Central,Confirmed,84,8,10
04/14/2020,Southwest,Confirmed,18,3,0
04/14/2020,Northern,Confirmed,294,45,14
04/14/2020,Eastern,Confirmed,48,4,2
04/14/2020,Southwest,Probable,1,0,0
04/14/2020,Central,Probable,3,0,0
04/14/2020,Northern,Probable,27,0,1
04/14/2020,Eastern,Probable,1,0,0
04/14/2020,Northwest,Probable,6,0,0
04/15/2020,Northwest,Confirmed,81,7,0
04/15/2020,Central,Confirmed,75,18,11
04/15/2020,Northern,Confirmed,331,54,14
04/15/2020,Southwest,Confirmed,17,3,1
04/15/2020,Eastern,Confirmed,45,10,3
04/15/2020,Northern,Probable,14,0,0
04/15/2020,Northwest,Probable,10,0,0
04/15/2020,Southwest,Probable,1,0,1
04/15/2020,Eastern,Probable,3,0,0
04/15/2020,Central,Probable,2,0,0
04/16/2020,Central,Confirmed,113,15,13
04/16/2020,Northwest,Confirmed,62,8,0
04/16/2020,Southwest,Confirmed,15,2,1
04/16/2020,Northern,Confirmed,368,46,14
04/16/2020,Eastern,Confirmed,71,7,4
04/16/2020,Northwest,Probable,8,0,0
04/16/2020,Eastern,Probable,2,0,0
04/16/2020,Northern,Probable,14,1,0
04/17/2020,Northern,Confirmed,353,49,13
04/17/2020,Southwest,Confirmed,13,3,1
04/17/2020,Eastern,Confirmed,158,8,4
04/17/2020,Central,Confirmed,86,7,12
04/17/2020,Northwest,Confirmed,85,5,3
04/17/2020,Northwest,Probable,5,0,0
04/17/2020,Central,Probable,1,0,0
04/17/2020,Northern,Probable,28,2,2
04/17/2020,Eastern,Probable,7,0,0
04/18/2020,Southwest,Confirmed,18,1,0
04/18/2020,Northwest,Confirmed,56,12,5
04/18/2020,Eastern,Confirmed,61,7,4
04/18/2020,Northern,Confirmed,253,47,13
04/18/2020,Central,Confirmed,48,7,5
04/18/2020,Northwest,Probable,6,0,0
04/18/2020,Northern,Probable,13,1,0
04/18/2020,Eastern,Probable,2,0,0
04/19/2020,Northwest,Confirmed,63,5,3
04/19/2020,Northern,Confirmed,276,53,25
04/19/2020,Central,Confirmed,41,8,7
04/19/2020,Eastern,Confirmed,80,6,2
04/19/2020,Southwest,Confirmed,16,2,1
04/19/2020,Northwest,Probable,14,0,0
04/19/2020,Central,Probable,1,0,1
04/19/2020,Northern,Probable,13,0,0
04/19/2020,Southwest,Probable,1,0,1
04/20/2020,Southwest,Confirmed,35,1,0
04/20/2020,Northwest,Confirmed,96,9,0
04/20/2020,Northern,Confirmed,489,66,17
04/20/2020,Eastern,Confirmed,175,7,2
04/20/2020,Central,Confirmed,92,17,2
04/20/2020,Northwest,Probable,22,0,2
04/20/2020,Northern,Probable,38,0,4
04/20/2020,Central,Probable,0,1,0
04/20/2020,Southwest,Probable,1,0,0
04/20/2020,Eastern,Probable,3,0,0
04/21/2020,Southwest,Confirmed,19,5,0
04/21/2020,Eastern,Confirmed,104,8,1
04/21/2020,Central,Confirmed,70,6,5
04/21/2020,Northwest,Confirmed,74,25,3
04/21/2020,Northern,Confirmed,405,72,21
04/21/2020,Northern,Probable,20,0,0
04/21/2020,Northwest,Probable,12,0,0
04/21/2020,Southwest,Probable,1,0,0
04/21/2020,Central,Probable,0,0,1
04/21/2020,Eastern,Probable,2,0,2
04/22/2020,Northern,Confirmed,419,57,16
04/22/2020,Eastern,Confirmed,89,10,4
04/22/2020,Central,Confirmed,112,11,5
04/22/2020,Southwest,Confirmed,23,0,1
04/22/2020,Northwest,Confirmed,183,7,3
04/22/2020,Northwest,Probable,12,0,0
04/22/2020,Eastern,Probable,7,0,0
04/22/2020,Northern,Probable,21,0,1
04/22/2020,Central,Probable,2,0,0
04/23/2020,Northern,Confirmed,426,50,8
04/23/2020,Northwest,Confirmed,89,5,3
04/23/2020,Central,Confirmed,107,8,11
04/23/2020,Eastern,Confirmed,116,13,2
04/23/2020,Southwest,Confirmed,40,1,2
04/23/2020,Northwest,Probable,8,0,0
04/23/2020,Central,Probable,1,0,0
04/23/2020,Northern,Probable,29,0,4
04/23/2020,Eastern,Probable,3,0,0
04/24/2020,Southwest,Confirmed,27,1,3
04/24/2020,Northwest,Confirmed,92,10,5
04/24/2020,Northern,Confirmed,543,62,19
04/24/2020,Central,Confirmed,106,2,5
04/24/2020,Eastern,Confirmed,136,13,4
04/24/2020,Eastern,Probable,4,0,0
04/24/2020,Northern,Probable,20,0,2
04/24/2020,Northwest,Probable,19,0,0
04/25/2020,Central,Confirmed,60,7,5
04/25/2020,Northwest,Confirmed,70,2,3
04/25/2020,Eastern,Confirmed,110,10,3
04/25/2020,Northern,Confirmed,363,40,17
04/25/2020,Southwest,Confirmed,19,2,1
04/25/2020,Northern,Probable,19,0,3
04/25/2020,Central,Probable,2,0,0
04/25/2020,Northwest,Probable,15,0,0
04/25/2020,Eastern,Probable,5,0,0
04/26/2020,Central,Confirmed,94,5,7
04/26/2020,Southwest,Confirmed,68,3,0
04/26/2020,Eastern,Confirmed,65,7,6
04/26/2020,Northwest,Confirmed,81,6,0
04/26/2020,Northern,Confirmed,376,68,14
04/26/2020,Northern,Probable,14,0,5
04/26/2020,Northwest,Probable,16,0,0
04/26/2020,Eastern,Probable,1,0,0
04/26/2020,Central,Probable,1,0,0
04/27/2020,Eastern,Confirmed,109,5,6
04/27/2020,Northern,Confirmed,593,67,12
04/27/2020,Southwest,Confirmed,22,4,1
04/27/2020,Northwest,Confirmed,123,12,3
04/27/2020,Central,Confirmed,110,21,8
04/27/2020,Northwest,Probable,10,0,0
04/27/2020,Northern,Probable,23,0,1
04/27/2020,Southwest,Probable,1,0,0
04/27/2020,Eastern,Probable,1,0,1
04/27/2020,Central,Probable,4,0,1
04/28/2020,Northern,Confirmed,498,53,20
04/28/2020,Southwest,Confirmed,14,2,2
04/28/2020,Northwest,Confirmed,131,10,2
04/28/2020,Eastern,Confirmed,79,12,3
04/28/2020,Central,Confirmed,125,9,2
04/28/2020,Northwest,Probable,12,0,0
04/28/2020,Southwest,Probable,1,0,0
04/28/2020,Northern,Probable,24,0,2
04/28/2020,Eastern,Probable,4,0,0
04/29/2020,Eastern,Confirmed,75,15,6
04/29/2020,Northern,Confirmed,476,63,18
04/29/2020,Central,Confirmed,199,3,7
04/29/2020,Southwest,Confirmed,28,3,1
04/29/2020,Northwest,Confirmed,91,4,4
04/29/2020,Northern,Probable,20,0,3
04/29/2020,Central,Probable,3,0,1
04/29/2020,Eastern,Probable,5,0,0
04/29/2020,Northwest,Probable,12,0,0
04/30/2020,Northwest,Confirmed,92,7,3
04/30/2020,Northern,Confirmed,539,60,21
04/30/2020,Central,Confirmed,104,5,7
04/30/2020,Eastern,Confirmed,143,13,6
04/30/2020,Southwest,Confirmed,23,3,4
04/30/2020,Southwest,Probable,1,0,0
04/30/2020,Northern,Probable,36,0,2
04/30/2020,Eastern,Probable,6,0,0
04/30/2020,Northwest,Probable,13,0,0
04/30/2020,Central,Probable,2,0,1
05/01/2020,Southwest,Confirmed,35,3,3
05/01/2020,Northwest,Confirmed,133,14,3
05/01/2020,Northern,Confirmed,741,74,16
05/01/2020,Eastern,Confirmed,117,15,4
05/01/2020,Central,Confirmed,183,14,3
05/01/2020,Southwest,Probable,1,0,0
05/01/2020,Northwest,Probable,17,0,1
05/01/2020,Eastern,Probable,3,0,0
05/01/2020,Northern,Probable,36,0,0
05/02/2020,Southwest,Confirmed,16,4,0
05/02/2020,Central,Confirmed,98,10,7
05/02/2020,Northwest,Confirmed,121,6,4
05/02/2020,Northern,Confirmed,407,57,25
05/02/2020,Eastern,Confirmed,79,7,7
05/02/2020,Eastern,Probable,2,0,1
05/02/2020,Northern,Probable,16,3,2
05/02/2020,Central,Probable,2,0,0
05/02/2020,Northwest,Probable,15,0,0
05/03/2020,Eastern,Confirmed,40,9,4
05/03/2020,Central,Confirmed,91,13,2
05/03/2020,Northwest,Confirmed,104,16,5
05/03/2020,Northern,Confirmed,361,68,17
05/03/2020,Southwest,Confirmed,18,1,3
05/03/2020,Northern,Probable,10,0,1
05/03/2020,Central,Probable,0,0,1
05/03/2020,Eastern,Probable,2,0,0
05/03/2020,Northwest,Probable,9,0,0
05/04/2020,Southwest,Confirmed,22,4,1
05/04/2020,Northwest,Confirmed,114,14,6
05/04/2020,Northern,Confirmed,649,80,12
05/04/2020,Eastern,Confirmed,132,12,5
05/04/2020,Central,Confirmed,135,10,4
05/04/2020,Southwest,Probable,1,1,0
05/04/2020,Central,Probable,1,0,0
05/04/2020,Northwest,Probable,8,0,1
05/04/2020,Eastern,Probable,2,0,0
05/04/2020,Northern,Probable,32,0,1
05/05/2020,Eastern,Confirmed,158,8,8
05/05/2020,Southwest,Confirmed,25,2,1
05/05/2020,Northwest,Confirmed,104,9,5
05/05/2020,Central,Confirmed,111,12,6
05/05/2020,Northern,Confirmed,540,61,28
05/05/2020,Northern,Probable,22,0,0
05/05/2020,Northwest,Probable,11,0,1
05/05/2020,Eastern,Probable,5,0,1
05/05/2020,Central,Probable,0,0,1
05/06/2020,Eastern,Confirmed,310,9,6
05/06/2020,Southwest,Confirmed,23,1,1
05/06/2020,Northwest,Confirmed,68,10,4
05/06/2020,Central,Confirmed,187,11,3
05/06/2020,Northern,Confirmed,605,66,13
05/06/2020,Eastern,Probable,9,0,0
05/06/2020,Northwest,Probable,12,0,0
05/06/2020,Central,Probable,1,0,0
05/06/2020,Northern,Probable,21,1,1
05/07/2020,Central,Confirmed,112,9,5
05/07/2020,Southwest,Confirmed,32,0,0
05/07/2020,Northwest,Confirmed,96,10,6
05/07/2020,Northern,Confirmed,513,50,26
05/07/2020,Eastern,Confirmed,130,5,6
05/07/2020,Eastern,Probable,6,0,1
05/07/2020,Central,Probable,4,0,0
05/07/2020,Northwest,Probable,5,0,0
05/07/2020,Northern,Probable,14,1,0
05/08/2020,Northern,Confirmed,642,53,15
05/08/2020,Eastern,Confirmed,83,5,3
05/08/2020,Central,Confirmed,129,14,7
05/08/2020,Southwest,Confirmed,27,2,2
05/08/2020,Northwest,Confirmed,123,12,3
05/08/2020,Southwest,Probable,1,0,0
05/08/2020,Central,Probable,1,0,0
05/08/2020,Northern,Probable,10,1,3
05/08/2020,Northwest,Probable,14,0,0
05/08/2020,Eastern,Probable,3,1,0
05/09/2020,Central,Confirmed,84,7,1
05/09/2020,Northwest,Confirmed,107,14,3
05/09/2020,Southwest,Confirmed,20,1,0
05/09/2020,Eastern,Confirmed,75,5,6
05/09/2020,Northern,Confirmed,365,50,15
05/09/2020,Northwest,Probable,12,0,1
05/09/2020,Eastern,Probable,1,0,0
05/09/2020,Northern,Probable,11,1,3
05/09/2020,Central,Probable,1,0,0
05/10/2020,Northwest,Confirmed,108,9,3
05/10/2020,Central,Confirmed,110,6,3
05/10/2020,Northern,Confirmed,418,44,20
05/10/2020,Eastern,Confirmed,42,9,3
05/10/2020,Southwest,Confirmed,17,4,0
05/10/2020,Northwest,Probable,12,0,1
05/10/2020,Southwest,Probable,1,0,0
05/10/2020,Northern,Probable,11,0,0
05/10/2020,Eastern,Probable,1,0,0
05/11/2020,Northwest,Confirmed,120,12,5
05/11/2020,Eastern,Confirmed,70,7,4
05/11/2020,Southwest,Confirmed,18,2,2
05/11/2020,Central,Confirmed,145,13,5
05/11/2020,Northern,Confirmed,685,67,28
05/11/2020,Eastern,Probable,4,0,0
05/11/2020,Northwest,Probable,8,0,0
05/11/2020,Northern,Probable,20,1,1
05/11/2020,Southwest,Probable,1,0,0
05/12/2020,Southwest,Confirmed,46,1,1
05/12/2020,Eastern,Confirmed,128,6,4
05/12/2020,Northern,Confirmed,558,55,15
05/12/2020,Northwest,Confirmed,122,8,1
05/12/2020,Central,Confirmed,218,9,1
05/12/2020,Northern,Probable,13,2,0
05/12/2020,Southwest,Probable,1,0,0
05/12/2020,Eastern,Probable,3,0,0
05/12/2020,Central,Probable,2,0,1
05/12/2020,Northwest,Probable,16,1,0
05/13/2020,Northwest,Confirmed,119,4,1
05/13/2020,Central,Confirmed,179,7,6
05/13/2020,Northern,Confirmed,564,46,7
05/13/2020,Southwest,Confirmed,27,2,0
05/13/2020,Eastern,Confirmed,88,7,4
05/13/2020,Southwest,Probable,1,0,0
05/13/2020,Central,Probable,0,0,2
05/13/2020,Northwest,Probable,6,0,0
05/13/2020,Northern,Probable,20,0,3
05/14/2020,Eastern,Confirmed,81,5,3
05/14/2020,Southwest,Confirmed,37,0,0
05/14/2020,Central,Confirmed,144,12,2
05/14/2020,Northwest,Confirmed,111,7,0
05/14/2020,Northern,Confirmed,550,50,12
05/14/2020,Eastern,Probable,5,0,0
05/14/2020,Northwest,Probable,3,0,0
05/14/2020,Central,Probable,4,0,0
05/14/2020,Northern,Probable,11,1,4
05/15/2020,Northwest,Confirmed,169,9,3
05/15/2020,Central,Confirmed,185,10,5
05/15/2020,Southwest,Confirmed,40,1,1
05/15/2020,Eastern,Confirmed,61,5,4
05/15/2020,Northern,Confirmed,642,52,14
05/15/2020,Northern,Probable,18,0,0
05/15/2020,Northwest,Probable,15,1,0
05/15/2020,Central,Probable,2,0,0
05/16/2020,Eastern,Confirmed,70,3,4
05/16/2020,Central,Confirmed,130,5,4
05/16/2020,Northwest,Confirmed,143,7,4
05/16/2020,Southwest,Confirmed,18,3,0
05/16/2020,Northern,Confirmed,453,39,15
05/16/2020,Central,Probable,2,0,0
05/16/2020,Eastern,Probable,2,0,0
05/16/2020,Southwest,Probable,1,0,0
05/16/2020,Northwest,Probable,8,0,0
05/16/2020,Northern,Probable,13,0,0
05/17/2020,Eastern,Confirmed,45,10,3
05/17/2020,Northern,Confirmed,380,47,18
05/17/2020,Southwest,Confirmed,24,3,0
05/17/2020,Central,Confirmed,116,9,4
05/17/2020,Northwest,Confirmed,102,12,2
05/17/2020,Northwest,Probable,19,0,0
05/17/2020,Southwest,Probable,1,0,0
05/17/2020,Northern,Probable,12,0,0
05/17/2020,Eastern,Probable,1,0,0
05/18/2020,Northern,Confirmed,691,40,18
05/18/2020,Eastern,Confirmed,109,7,2
05/18/2020,Central,Confirmed,257,10,4
05/18/2020,Northwest,Confirmed,182,14,0
05/18/2020,Southwest,Confirmed,48,5,1
05/18/2020,Northern,Probable,16,0,1
05/18/2020,Northwest,Probable,23,0,0
05/18/2020,Central,Probable,1,0,0
05/18/2020,Eastern,Probable,7,0,1
05/19/2020,Northwest,Confirmed,112,17,2
05/19/2020,Central,Confirmed,224,9,4
05/19/2020,Northern,Confirmed,576,32,16
05/19/2020,Eastern,Confirmed,68,11,4
05/19/2020,Southwest,Confirmed,25,3,0
05/19/2020,Central,Probable,3,0,0
05/19/2020,Northern,Probable,11,0,2
05/19/2020,Eastern,Probable,1,0,0
05/19/2020,Southwest,Probable,3,0,0
05/19/2020,Northwest,Probable,14,0,0
05/20/2020,Central,Confirmed,258,17,4
05/20/2020,Eastern,Confirmed,91,3,0
05/20/2020,Southwest,Confirmed,64,5,3
05/20/2020,Northwest,Confirmed,113,4,4
05/20/2020,Northern,Confirmed,593,41,12
05/20/2020,Northern,Probable,19,1,0
05/20/2020,Central,Probable,2,0,0
05/20/2020,Northwest,Probable,13,0,1
05/20/2020,Southwest,Probable,7,0,0
05/21/2020,Eastern,Confirmed,61,9,0
05/21/2020,Northern,Confirmed,475,42,14
05/21/2020,Northwest,Confirmed,95,6,2
05/21/2020,Central,Confirmed,404,8,4
05/21/2020,Southwest,Confirmed,30,2,0
05/21/2020,Eastern,Probable,3,0,0
05/21/2020,Northwest,Probable,12,0,0
05/21/2020,Southwest,Probable,1,0,0
05/21/2020,Northern,Probable,7,0,1
05/21/2020,Central,Probable,2,0,0
05/22/2020,Central,Confirmed,201,12,4
05/22/2020,Northwest,Confirmed,118,11,1
05/22/2020,Southwest,Confirmed,43,6,2
05/22/2020,Eastern,Confirmed,67,7,3
05/22/2020,Northern,Confirmed,466,48,12
05/22/2020,Eastern,Probable,1,0,0
05/22/2020,Northwest,Probable,11,0,1
05/22/2020,Central,Probable,3,0,0
05/22/2020,Northern,Probable,16,0,2
05/23/2020,Northwest,Confirmed,121,10,2
05/23/2020,Eastern,Confirmed,53,5,1
05/23/2020,Northern,Confirmed,334,43,12
05/23/2020,Central,Confirmed,118,11,4
05/23/2020,Southwest,Confirmed,58,10,1
05/23/2020,Northern,Probable,2,0,3
05/23/2020,Northwest,Probable,10,0,0
05/23/2020,Central,Probable,1,0,0
05/23/2020,Eastern,Probable,1,0,0
05/23/2020,Southwest,Probable,2,0,0
05/24/2020,Central,Confirmed,165,5,6
05/24/2020,Southwest,Confirmed,20,1,1
05/24/2020,Northwest,Confirmed,93,11,1
05/24/2020,Northern,Confirmed,300,40,18
05/24/2020,Eastern,Confirmed,37,4,1
05/24/2020,Central,Probable,4,0,0
05/24/2020,Eastern,Probable,8,0,0
05/24/2020,Northwest,Probable,14,0,0
05/24/2020,Northern,Probable,7,0,2
05/24/2020,Southwest,Probable,2,0,0
05/25/2020,Southwest,Confirmed,27,7,0
05/25/2020,Northwest,Confirmed,88,7,1
05/25/2020,Eastern,Confirmed,65,8,2
05/25/2020,Northern,Confirmed,402,33,4
05/25/2020,Central,Confirmed,128,20,3
05/25/2020,Southwest,Probable,1,0,0
05/25/2020,Northern,Probable,15,0,0
05/25/2020,Central,Probable,4,0,0
05/25/2020,Eastern,Probable,4,1,0
05/25/2020,Northwest,Probable,14,0,0
05/26/2020,Central,Confirmed,196,11,2
05/26/2020,Eastern,Confirmed,85,2,2
05/26/2020,Northwest,Confirmed,143,8,4
05/26/2020,Southwest,Confirmed,60,3,0
05/26/2020,Northern,Confirmed,371,36,19
05/26/2020,Eastern,Probable,0,0,1
05/26/2020,Southwest,Probable,3,0,0
05/26/2020,Northern,Probable,19,0,0
05/26/2020,Northwest,Probable,10,0,0
05/27/2020,Central,Confirmed,250,17,4
05/27/2020,Eastern,Confirmed,65,2,0
05/27/2020,Southwest,Confirmed,39,4,0
05/27/2020,Northern,Confirmed,335,27,11
05/27/2020,Northwest,Confirmed,120,7,4
05/27/2020,Northwest,Probable,8,0,0
05/27/2020,Northern,Probable,13,0,0
05/27/2020,Central,Probable,11,0,0
05/27/2020,Eastern,Probable,7,0,0
05/28/2020,Eastern,Confirmed,79,9,2
05/28/2020,Northwest,Confirmed,103,9,4
05/28/2020,Northern,Confirmed,402,28,12
05/28/2020,Central,Confirmed,140,14,5
05/28/2020,Southwest,Confirmed,50,2,2
05/28/2020,Northern,Probable,8,0,0
05/28/2020,Eastern,Probable,3,0,0
05/28/2020,Northwest,Probable,8,0,0
05/29/2020,Eastern,Confirmed,47,6,3
05/29/2020,Northern,Confirmed,356,24,7
05/29/2020,Central,Confirmed,146,19,6
05/29/2020,Northwest,Confirmed,148,8,2
05/29/2020,Southwest,Confirmed,52,1,2
05/29/2020,Eastern,Probable,2,0,0
05/29/2020,Northwest,Probable,6,1,0
05/29/2020,Central,Probable,0,1,0
05/29/2020,Northern,Probable,10,0,0
05/30/2020,Southwest,Confirmed,36,2,3
05/30/2020,Northern,Confirmed,193,23,8
05/30/2020,Northwest,Confirmed,78,6,1
05/30/2020,Eastern,Confirmed,60,6,2
05/30/2020,Central,Confirmed,138,4,8
05/30/2020,Eastern,Probable,1,0,0
05/30/2020,Southwest,Probable,2,0,0
05/30/2020,Northwest,Probable,9,0,0
05/30/2020,Central,Probable,0,0,1
05/30/2020,Northern,Probable,2,0,0
05/31/2020,Eastern,Confirmed,37,3,0
05/31/2020,Southwest,Confirmed,34,2,2
05/31/2020,Northwest,Confirmed,53,11,3
05/31/2020,Northern,Confirmed,178,22,6
05/31/2020,Central,Confirmed,138,9,1
05/31/2020,Southwest,Probable,2,0,0
05/31/2020,Eastern,Probable,3,0,0
05/31/2020,Northwest,Probable,2,0,0
05/31/2020,Northern,Probable,7,1,0
06/01/2020,Southwest,Confirmed,52,3,0
06/01/2020,Northern,Confirmed,373,24,7
06/01/2020,Northwest,Confirmed,116,7,1
06/01/2020,Central,Confirmed,181,17,3
06/01/2020,Eastern,Confirmed,60,5,0
06/01/2020,Northern,Probable,17,0,0
06/01/2020,Northwest,Probable,10,0,0
06/01/2020,Southwest,Probable,1,0,0
06/02/2020,Northwest,Confirmed,95,6,1
06/02/2020,Central,Confirmed,181,10,3
06/02/2020,Northern,Confirmed,236,25,12
06/02/2020,Southwest,Confirmed,34,1,3
06/02/2020,Eastern,Confirmed,69,4,1
06/02/2020,Northern,Probable,8,0,1
06/02/2020,Southwest,Probable,1,0,0
06/02/2020,Eastern,Probable,2,0,0
06/02/2020,Northwest,Probable,15,0,0
06/03/2020,Eastern,Confirmed,59,6,2
06/03/2020,Central,Confirmed,158,12,4
06/03/2020,Northwest,Confirmed,69,6,2
06/03/2020,Southwest,Confirmed,44,1,0
06/03/2020,Northern,Confirmed,247,20,12
06/03/2020,Eastern,Probable,4,0,0
06/03/2020,Northwest,Probable,12,0,0
06/03/2020,Northern,Probable,4,0,0
06/04/2020,Northwest,Confirmed,97,3,1
06/04/2020,Southwest,Confirmed,34,4,1
06/04/2020,Northern,Confirmed,226,24,4
06/04/2020,Central,Confirmed,164,15,3
06/04/2020,Eastern,Confirmed,53,9,2
06/04/2020,Northwest,Probable,16,1,1
06/04/2020,Southwest,Probable,1,0,0
06/04/2020,Eastern,Probable,3,0,0
06/04/2020,Northern,Probable,3,0,0
06/05/2020,Eastern,Confirmed,74,4,1
06/05/2020,Northwest,Confirmed,89,4,1
06/05/2020,Southwest,Confirmed,49,3,3
06/05/2020,Northern,Confirmed,221,25,6
06/05/2020,Central,Confirmed,140,9,4
06/05/2020,Northern,Probable,5,0,0
06/05/2020,Eastern,Probable,6,0,0
06/05/2020,Southwest,Probable,1,0,0
06/05/2020,Northwest,Probable,20,0,0
06/06/2020,Eastern,Confirmed,53,7,0
06/06/2020,Central,Confirmed,103,5,2
06/06/2020,Northwest,Confirmed,71,7,2
06/06/2020,Northern,Confirmed,134,22,7
06/06/2020,Southwest,Confirmed,35,4,0
06/06/2020,Northern,Probable,5,0,0
06/06/2020,Northwest,Probable,12,0,0
06/06/2020,Eastern,Probable,2,0,0
06/07/2020,Northern,Confirmed,121,19,5
06/07/2020,Southwest,Confirmed,24,4,2
06/07/2020,Central,Confirmed,56,4,3
06/07/2020,Eastern,Confirmed,42,4,2
06/07/2020,Northwest,Confirmed,55,3,3
06/07/2020,Eastern,Probable,3,0,0
06/07/2020,Northern,Probable,4,1,0
06/07/2020,Northwest,Probable,12,0,0
06/08/2020,Central,Confirmed,134,10,3
06/08/2020,Northern,Confirmed,193,13,6
06/08/2020,Southwest,Confirmed,42,6,2
06/08/2020,Northwest,Confirmed,98,5,0
06/08/2020,Eastern,Confirmed,87,5,2
06/08/2020,Northwest,Probable,14,0,1
06/08/2020,Northern,Probable,6,0,0
06/08/2020,Central,Probable,1,0,0
06/08/2020,Eastern,Probable,3,0,0
06/09/2020,Northern,Confirmed,198,8,6
06/09/2020,Northwest,Confirmed,71,7,2
06/09/2020,Southwest,Confirmed,49,4,3
06/09/2020,Central,Confirmed,171,9,3
06/09/2020,Eastern,Confirmed,87,6,2
06/09/2020,Northern,Probable,5,1,0
06/09/2020,Southwest,Probable,2,0,1
06/09/2020,Northwest,Probable,10,0,0
06/09/2020,Central,Probable,2,0,0
06/10/2020,Southwest,Confirmed,48,2,2
06/10/2020,Central,Confirmed,193,7,2
06/10/2020,Eastern,Confirmed,86,7,1
06/10/2020,Northern,Confirmed,204,13,5
06/10/2020,Northwest,Confirmed,62,10,3
06/10/2020,Eastern,Probable,5,0,0
06/10/2020,Northwest,Probable,9,1,0
06/10/2020,Southwest,Probable,1,0,0
06/10/2020,Northern,Probable,4,0,0
06/11/2020,Northern,Confirmed,154,6,5
06/11/2020,Southwest,Confirmed,37,2,2
06/11/2020,Eastern,Confirmed,64,5,0
06/11/2020,Central,Confirmed,124,8,5
06/11/2020,Northwest,Confirmed,58,6,1
06/11/2020,Northwest,Probable,6,1,1
06/11/2020,Northern,Probable,1,0,0
06/11/2020,Eastern,Probable,3,0,0
06/11/2020,Southwest,Probable,2,0,0
06/12/2020,Northwest,Confirmed,75,4,1
06/12/2020,Eastern,Confirmed,71,9,0
06/12/2020,Central,Confirmed,127,15,1
06/12/2020,Northern,Confirmed,177,19,4
06/12/2020,Southwest,Confirmed,39,2,3
06/12/2020,Northern,Probable,5,0,0
06/12/2020,Eastern,Probable,1,0,0
06/12/2020,Northwest,Probable,6,0,0
06/12/2020,Southwest,Probable,1,0,0
06/13/2020,Eastern,Confirmed,61,8,2
06/13/2020,Central,Confirmed,93,5,4
06/13/2020,Northern,Confirmed,92,9,8
06/13/2020,Southwest,Confirmed,41,1,3
06/13/2020,Northwest,Confirmed,47,6,3
06/13/2020,Southwest,Probable,2,0,0
06/13/2020,Northwest,Probable,10,0,0
06/13/2020,Central,Probable,1,0,0
06/13/2020,Eastern,Probable,1,0,0
06/13/2020,Northern,Probable,9,0,0
06/14/2020,Southwest,Confirmed,39,1,0
06/14/2020,Central,Confirmed,64,7,4
06/14/2020,Eastern,Confirmed,53,5,0
06/14/2020,Northern,Confirmed,117,13,4
06/14/2020,Northwest,Confirmed,53,6,2
06/14/2020,Northwest,Probable,2,0,0
06/14/2020,Southwest,Probable,1,0,0
06/14/2020,Northern,Probable,3,0,0
06/14/2020,Central,Probable,1,0,0
06/15/2020,Southwest,Confirmed,57,1,1
06/15/2020,Northern,Confirmed,205,10,8
06/15/2020,Northwest,Confirmed,82,3,1
06/15/2020,Central,Confirmed,156,5,4
06/15/2020,Eastern,Confirmed,129,4,1
06/15/2020,Eastern,Probable,4,0,0
06/15/2020,Northwest,Probable,12,0,0
06/15/2020,Southwest,Probable,1,0,0
06/15/2020,Northern,Probable,6,0,0
06/15/2020,Central,Probable,3,0,0
06/16/2020,Northern,Confirmed,168,8,2
06/16/2020,Central,Confirmed,133,5,2
06/16/2020,Northwest,Confirmed,60,2,3
06/16/2020,Eastern,Confirmed,81,2,0
06/16/2020,Southwest,Confirmed,71,7,3
06/16/2020,Southwest,Probable,1,1,0
06/16/2020,Northern,Probable,1,0,0
06/16/2020,Eastern,Probable,2,0,1
06/16/2020,Northwest,Probable,4,0,0
06/17/2020,Central,Confirmed,138,11,3
06/17/2020,Eastern,Confirmed,107,8,3
06/17/2020,Southwest,Confirmed,86,2,0
06/17/2020,Northwest,Confirmed,65,5,0
06/17/2020,Northern,Confirmed,185,7,5
06/17/2020,Southwest,Probable,4,0,0
06/17/2020,Northern,Probable,2,0,0
06/17/2020,Northwest,Probable,6,0,0
06/17/2020,Eastern,Probable,1,0,0
06/18/2020,Northern,Confirmed,149,11,4
06/18/2020,Eastern,Confirmed,116,6,2
06/18/2020,Central,Confirmed,145,5,3
06/18/2020,Southwest,Confirmed,99,7,4
06/18/2020,Northwest,Confirmed,107,9,0
06/18/2020,Southwest,Probable,2,0,0
06/18/2020,Northern,Probable,5,0,0
06/18/2020,Northwest,Probable,6,0,0
06/18/2020,Eastern,Probable,5,0,0
06/19/2020,Southwest,Confirmed,69,4,2
06/19/2020,Central,Confirmed,105,3,3
06/19/2020,Northern,Confirmed,165,12,5
06/19/2020,Northwest,Confirmed,77,8,2
06/19/2020,Eastern,Confirmed,86,10,1
06/19/2020,Southwest,Probable,2,0,0
06/19/2020,Northwest,Probable,7,0,0
06/19/2020,Eastern,Probable,2,0,0
06/19/2020,Northern,Probable,3,0,0
06/20/2020,Northern,Confirmed,176,8,5
06/20/2020,Northwest,Confirmed,64,4,2
06/20/2020,Central,Confirmed,73,5,2
06/20/2020,Southwest,Confirmed,71,2,3
06/20/2020,Eastern,Confirmed,84,4,2
06/20/2020,Northern,Probable,4,0,0
06/20/2020,Eastern,Probable,4,0,0
06/20/2020,Southwest,Probable,1,0,0
06/20/2020,Northwest,Probable,5,1,0
06/21/2020,Central,Confirmed,79,10,3
06/21/2020,Southwest,Confirmed,70,3,2
06/21/2020,Northern,Confirmed,171,6,4
06/21/2020,Eastern,Confirmed,82,7,0
06/21/2020,Northwest,Confirmed,61,6,4
06/21/2020,Northwest,Probable,5,0,0
06/21/2020,Eastern,Probable,5,0,0
06/21/2020,Central,Probable,1,0,0
06/21/2020,Northern,Probable,5,0,0
06/22/2020,Central,Confirmed,116,6,1
06/22/2020,Northern,Confirmed,270,11,0
06/22/2020,Northwest,Confirmed,87,10,2
06/22/2020,Southwest,Confirmed,107,5,0
06/22/2020,Eastern,Confirmed,159,9,2
06/22/2020,Southwest,Probable,2,0,0
06/22/2020,Northwest,Probable,12,0,0
06/22/2020,Eastern,Probable,5,0,0
06/22/2020,Northern,Probable,8,0,1
06/23/2020,Southwest,Confirmed,88,4,1
06/23/2020,Northwest,Confirmed,74,3,1
06/23/2020,Central,Confirmed,123,9,0
06/23/2020,Eastern,Confirmed,148,8,2
06/23/2020,Northern,Confirmed,207,10,2
06/23/2020,Eastern,Probable,6,0,0
06/23/2020,Central,Probable,1,0,0
06/23/2020,Southwest,Probable,3,0,0
06/23/2020,Northwest,Probable,8,0,0
06/23/2020,Northern,Probable,14,0,0
06/24/2020,Northern,Confirmed,199,2,4
06/24/2020,Southwest,Confirmed,140,2,0
06/24/2020,Northwest,Confirmed,67,4,1
06/24/2020,Central,Confirmed,115,9,1
06/24/2020,Eastern,Confirmed,155,10,1
06/24/2020,Northern,Probable,11,0,0
06/24/2020,Northwest,Probable,10,0,0
06/24/2020,Eastern,Probable,5,0,0
06/24/2020,Southwest,Probable,1,0,1
06/25/2020,Eastern,Confirmed,135,5,0
06/25/2020,Southwest,Confirmed,103,7,1
06/25/2020,Central,Confirmed,118,5,1
06/25/2020,Northwest,Confirmed,64,3,6
06/25/2020,Northern,Confirmed,195,6,2
06/25/2020,Southwest,Probable,1,0,0
06/25/2020,Eastern,Probable,5,0,0
06/25/2020,Northern,Probable,7,1,0
06/25/2020,Northwest,Probable,8,1,0
06/25/2020,Central,Probable,2,0,0
06/26/2020,Southwest,Confirmed,103,6,2
06/26/2020,Central,Confirmed,133,9,1
06/26/2020,Northern,Confirmed,190,8,2
06/26/2020,Northwest,Confirmed,81,4,4
06/26/2020,Eastern,Confirmed,167,6,1
06/26/2020,Northern,Probable,7,0,0
06/26/2020,Northwest,Probable,6,0,1
06/26/2020,Southwest,Probable,1,0,0
06/26/2020,Eastern,Probable,2,0,0
06/27/2020,Central,Confirmed,73,6,2
06/27/2020,Eastern,Confirmed,155,14,2
06/27/2020,Southwest,Confirmed,78,1,1
06/27/2020,Northwest,Confirmed,53,1,1
06/27/2020,Northern,Confirmed,146,1,4
06/27/2020,Eastern,Probable,3,0,0
06/27/2020,Northern,Probable,4,0,0
06/27/2020,Northwest,Probable,9,0,0
06/27/2020,Southwest,Probable,2,0,0
06/28/2020,Central,Confirmed,80,4,7
06/28/2020,Eastern,Confirmed,172,16,2
06/28/2020,Northwest,Confirmed,56,6,3
06/28/2020,Northern,Confirmed,154,8,3
06/28/2020,Southwest,Confirmed,63,6,0
06/28/2020,Northern,Probable,9,0,0
06/28/2020,Northwest,Probable,7,0,0
06/28/2020,Eastern,Probable,3,0,0
06/28/2020,Central,Probable,2,0,0
06/29/2020,Southwest,Confirmed,111,5,0
06/29/2020,Central,Confirmed,131,8,3
06/29/2020,Northwest,Confirmed,72,5,1
06/29/2020,Eastern,Confirmed,367,17,1
06/29/2020,Northern,Confirmed,216,9,1
06/29/2020,Eastern,Probable,5,0,0
06/29/2020,Northwest,Probable,11,0,1
06/29/2020,Central,Probable,2,0,0
06/29/2020,Northern,Probable,14,0,0
06/29/2020,Southwest,Probable,1,0,0
06/30/2020,Southwest,Confirmed,98,5,0
06/30/2020,Central,Confirmed,129,13,1
06/30/2020,Northern,Confirmed,207,8,1
06/30/2020,Eastern,Confirmed,370,12,2
06/30/2020,Northwest,Confirmed,98,3,1
06/30/2020,Northern,Probable,12,0,0
06/30/2020,Southwest,Probable,4,0,0
06/30/2020,Eastern,Probable,7,0,0
06/30/2020,Central,Probable,1,0,0
06/30/2020,Northwest,Probable,18,0,0
07/01/2020,Central,Confirmed,158,8,3
07/01/2020,Northwest,Confirmed,78,6,1
07/01/2020,Eastern,Confirmed,324,13,1
07/01/2020,Northern,Confirmed,205,9,1
07/01/2020,Southwest,Confirmed,105,1,1
07/01/2020,Southwest,Probable,1,0,0
07/01/2020,Central,Probable,1,0,1
07/01/2020,Northern,Probable,19,0,0
07/01/2020,Eastern,Probable,3,0,0
07/01/2020,Northwest,Probable,19,0,0
07/02/2020,Eastern,Confirmed,386,15,0
07/02/2020,Central,Confirmed,104,7,1
07/02/2020,Northern,Confirmed,168,12,5
07/02/2020,Southwest,Confirmed,90,4,1
07/02/2020,Northwest,Confirmed,113,8,2
07/02/2020,Eastern,Probable,9,0,0
07/02/2020,Northwest,Probable,14,0,0
07/02/2020,Northern,Probable,9,0,0
07/03/2020,Northern,Confirmed,129,11,2
07/03/2020,Northwest,Confirmed,79,8,2
07/03/2020,Eastern,Confirmed,290,8,2
07/03/2020,Southwest,Confirmed,90,4,1
07/03/2020,Central,Confirmed,101,9,1
07/03/2020,Southwest,Probable,2,0,0
07/03/2020,Eastern,Probable,2,0,0
07/03/2020,Northern,Probable,5,0,0
07/03/2020,Central,Probable,1,0,0
07/03/2020,Northwest,Probable,11,0,0
07/04/2020,Northwest,Confirmed,64,7,0
07/04/2020,Eastern,Confirmed,199,9,4
07/04/2020,Northern,Confirmed,105,10,0
07/04/2020,Southwest,Confirmed,60,2,0
07/04/2020,Central,Confirmed,74,9,1
07/04/2020,Eastern,Probable,3,0,0
07/04/2020,Northern,Probable,4,0,1
07/04/2020,Northwest,Probable,28,0,0
07/05/2020,Northern,Confirmed,129,12,1
07/05/2020,Southwest,Confirmed,70,4,0
07/05/2020,Northwest,Confirmed,74,13,1
07/05/2020,Eastern,Confirmed,300,15,2
07/05/2020,Central,Confirmed,100,8,1
07/05/2020,Southwest,Probable,8,0,0
07/05/2020,Northwest,Probable,19,2,0
07/05/2020,Eastern,Probable,9,0,0
07/05/2020,Northern,Probable,6,0,0
07/06/2020,Central,Confirmed,183,9,0
07/06/2020,Northwest,Confirmed,96,3,0
07/06/2020,Eastern,Confirmed,459,13,1
07/06/2020,Northern,Confirmed,236,7,4
07/06/2020,Southwest,Confirmed,134,9,2
07/06/2020,Southwest,Probable,4,0,0
07/06/2020,Eastern,Probable,4,0,0
07/06/2020,Central,Probable,2,0,0
07/06/2020,Northwest,Probable,17,0,0
07/06/2020,Northern,Probable,13,0,0
07/07/2020,Southwest,Confirmed,138,7,0
07/07/2020,Northwest,Confirmed,104,3,1
07/07/2020,Eastern,Confirmed,501,9,1
07/07/2020,Central,Confirmed,198,12,1
07/07/2020,Northern,Confirmed,181,7,0
07/07/2020,Eastern,Probable,8,0,0
07/07/2020,Northwest,Probable,20,0,0
07/07/2020,Southwest,Probable,2,0,0
07/07/2020,Central,Probable,4,0,0
07/07/2020,Northern,Probable,7,0,0
07/08/2020,Northwest,Confirmed,93,6,1
07/08/2020,Southwest,Confirmed,105,4,0
07/08/2020,Central,Confirmed,160,5,0
07/08/2020,Northern,Confirmed,240,13,1
07/08/2020,Eastern,Confirmed,494,18,3
07/08/2020,Northern,Probable,15,0,1
07/08/2020,Northwest,Probable,19,0,0
07/08/2020,Southwest,Probable,1,0,0
07/08/2020,Eastern,Probable,4,0,0
07/08/2020,Central,Probable,6,0,0
07/09/2020,Northwest,Confirmed,116,4,2
07/09/2020,Central,Confirmed,147,6,1
07/09/2020,Northern,Confirmed,171,4,3
07/09/2020,Southwest,Confirmed,101,6,1
07/09/2020,Eastern,Confirmed,443,13,3
07/09/2020,Northwest,Probable,20,0,0
07/09/2020,Eastern,Probable,3,0,0
07/09/2020,Central,Probable,3,0,0
07/09/2020,Southwest,Probable,2,0,0
07/09/2020,Northern,Probable,9,0,0
07/10/2020,Northwest,Confirmed,123,6,4
07/10/2020,Southwest,Confirmed,95,5,0
07/10/2020,Central,Confirmed,155,10,1
07/10/2020,Eastern,Confirmed,479,19,0
07/10/2020,Northern,Confirmed,196,6,1
07/10/2020,Southwest,Probable,2,0,0
07/10/2020,Northern,Probable,12,0,0
07/10/2020,Central,Probable,5,0,0
07/10/2020,Eastern,Probable,5,0,0
07/10/2020,Northwest,Probable,11,0,0
07/11/2020,Southwest,Confirmed,90,6,1
07/11/2020,Central,Confirmed,124,6,0
07/11/2020,Northwest,Confirmed,61,13,2
07/11/2020,Eastern,Confirmed,339,7,5
07/11/2020,Northern,Confirmed,157,6,5
07/11/2020,Eastern,Probable,3,0,0
07/11/2020,Northern,Probable,7,0,0
07/11/2020,Southwest,Probable,4,0,0
07/11/2020,Northwest,Probable,10,0,0
07/11/2020,Central,Probable,5,0,0
07/12/2020,Northwest,Confirmed,88,8,1
07/12/2020,Eastern,Confirmed,332,15,1
07/12/2020,Northern,Confirmed,100,8,2
07/12/2020,Southwest,Confirmed,60,10,0
07/12/2020,Central,Confirmed,120,6,2
07/12/2020,Eastern,Probable,8,0,0
07/12/2020,Northwest,Probable,6,0,0
07/12/2020,Northern,Probable,8,0,0
07/12/2020,Southwest,Probable,3,0,0
07/12/2020,Central,Probable,5,0,0
07/13/2020,Northwest,Confirmed,91,3,7
07/13/2020,Southwest,Confirmed,139,12,0
07/13/2020,Northern,Confirmed,219,13,3
07/13/2020,Central,Confirmed,167,9,2
07/13/2020,Eastern,Confirmed,465,15,6
07/13/2020,Northwest,Probable,12,0,0
07/13/2020,Central,Probable,5,0,0
07/13/2020,Southwest,Probable,2,0,0
07/13/2020,Eastern,Probable,8,0,0
07/13/2020,Northern,Probable,18,0,0
07/14/2020,Northern,Confirmed,188,7,2
07/14/2020,Southwest,Confirmed,137,8,3
07/14/2020,Eastern,Confirmed,536,17,5
07/14/2020,Northwest,Confirmed,97,5,1
07/14/2020,Central,Confirmed,150,4,3
07/14/2020,Eastern,Probable,4,0,0
07/14/2020,Southwest,Probable,17,0,1
07/14/2020,Northern,Probable,20,0,0
07/14/2020,Northwest,Probable,5,0,0
07/14/2020,Central,Probable,4,0,0
07/15/2020,Northern,Confirmed,238,7,3
07/15/2020,Central,Confirmed,159,13,4
07/15/2020,Southwest,Confirmed,135,2,0
07/15/2020,Eastern,Confirmed,479,14,1
07/15/2020,Northwest,Confirmed,96,4,2
07/15/2020,Eastern,Probable,6,0,0
07/15/2020,Southwest,Probable,23,0,0
07/15/2020,Central,Probable,4,0,0
07/15/2020,Northern,Probable,16,0,0
07/15/2020,Northwest,Probable,15,0,0
07/16/2020,Southwest,Confirmed,142,14,0
07/16/2020,Northwest,Confirmed,73,9,3
07/16/2020,Eastern,Confirmed,478,25,4
07/16/2020,Northern,Confirmed,161,9,2
07/16/2020,Central,Confirmed,159,6,2
07/16/2020,Eastern,Probable,7,0,0
07/16/2020,Central,Probable,5,0,0
07/16/2020,Southwest,Probable,5,0,0
07/16/2020,Northern,Probable,11,0,0
07/16/2020,Northwest,Probable,13,0,0
07/17/2020,Northern,Confirmed,179,7,1
07/17/2020,Northwest,Confirmed,80,3,3
07/17/2020,Southwest,Confirmed,138,8,0
07/17/2020,Eastern,Confirmed,410,25,6
07/17/2020,Central,Confirmed,182,3,0
07/17/2020,Eastern,Probable,7,0,0
07/17/2020,Southwest,Probable,7,0,0
07/17/2020,Northwest,Probable,13,0,0
07/17/2020,Northern,Probable,16,0,0
07/17/2020,Central,Probable,3,0,0
07/18/2020,Southwest,Confirmed,89,7,2
07/18/2020,Northern,Confirmed,125,12,1
07/18/2020,Northwest,Confirmed,74,7,1
07/18/2020,Eastern,Confirmed,340,16,4
07/18/2020,Central,Confirmed,119,3,1
07/18/2020,Central,Probable,5,0,0
07/18/2020,Eastern,Probable,2,0,0
07/18/2020,Northern,Probable,3,1,2
07/18/2020,Southwest,Probable,5,0,0
07/18/2020,Northwest,Probable,12,0,0
07/19/2020,Southwest,Confirmed,70,4,1
07/19/2020,Eastern,Confirmed,251,11,4
07/19/2020,Central,Confirmed,86,6,2
07/19/2020,Northern,Confirmed,111,10,2
07/19/2020,Northwest,Confirmed,65,4,2
07/19/2020,Eastern,Probable,5,0,0
07/19/2020,Central,Probable,5,0,1
07/19/2020,Southwest,Probable,9,0,0
07/19/2020,Northern,Probable,5,0,0
07/19/2020,Northwest,Probable,12,0,0
07/20/2020,Northern,Confirmed,218,9,0
07/20/2020,Eastern,Confirmed,486,20,5
07/20/2020,Northwest,Confirmed,95,5,2
07/20/2020,Southwest,Confirmed,189,10,0
07/20/2020,Central,Confirmed,169,10,2
07/20/2020,Northern,Probable,9,0,0
07/20/2020,Southwest,Probable,13,0,1
07/20/2020,Central,Probable,6,0,0
07/20/2020,Northwest,Probable,13,0,0
07/20/2020,Eastern,Probable,6,0,0
07/21/2020,Northwest,Confirmed,108,4,2
07/21/2020,Northern,Confirmed,188,9,0
07/21/2020,Eastern,Confirmed,451,17,3
07/21/2020,Central,Confirmed,151,12,0
07/21/2020,Southwest,Confirmed,164,9,3
07/21/2020,Northwest,Probable,16,0,0
07/21/2020,Central,Probable,11,0,0
07/21/2020,Southwest,Probable,2,1,0
07/21/2020,Northern,Probable,7,0,0
07/21/2020,Eastern,Probable,1,0,0
07/22/2020,Northwest,Confirmed,98,7,3
07/22/2020,Southwest,Confirmed,161,8,2
07/22/2020,Central,Confirmed,150,5,1
07/22/2020,Northern,Confirmed,182,9,1
07/22/2020,Eastern,Confirmed,435,14,5
07/22/2020,Central,Probable,8,0,0
07/22/2020,Eastern,Probable,7,0,0
07/22/2020,Northwest,Probable,11,0,0
07/22/2020,Southwest,Probable,10,0,0
07/22/2020,Northern,Probable,11,0,0
07/23/2020,Central,Confirmed,326,8,0
07/23/2020,Northwest,Confirmed,100,3,1
07/23/2020,Eastern,Confirmed,375,16,4
07/23/2020,Northern,Confirmed,170,9,1
07/23/2020,Southwest,Confirmed,142,7,4
07/23/2020,Northern,Probable,5,0,0
07/23/2020,Southwest,Probable,7,2,0
07/23/2020,Eastern,Probable,1,0,1
07/23/2020,Northwest,Probable,20,0,0
07/23/2020,Central,Probable,5,0,0
07/24/2020,Central,Confirmed,119,4,1
07/24/2020,Southwest,Confirmed,120,11,2
07/24/2020,Northwest,Confirmed,92,5,0
07/24/2020,Northern,Confirmed,169,7,0
07/24/2020,Eastern,Confirmed,341,13,5
07/24/2020,Eastern,Probable,1,1,1
07/24/2020,Northern,Probable,10,0,0
07/24/2020,Central,Probable,7,0,0
07/24/2020,Northwest,Probable,16,0,0
07/24/2020,Southwest,Probable,8,0,0
07/25/2020,Eastern,Confirmed,238,17,7
07/25/2020,Northern,Confirmed,147,9,0
07/25/2020,Northwest,Confirmed,61,7,0
07/25/2020,Southwest,Confirmed,130,15,6
07/25/2020,Central,Confirmed,88,2,3
07/25/2020,Southwest,Probable,4,1,0
07/25/2020,Northern,Probable,14,0,0
07/25/2020,Northwest,Probable,14,0,0
07/25/2020,Eastern,Probable,4,0,0
07/25/2020,Central,Probable,8,0,0
07/26/2020,Northern,Confirmed,126,13,0
07/26/2020,Eastern,Confirmed,200,19,5
07/26/2020,Central,Confirmed,70,2,4
07/26/2020,Southwest,Confirmed,84,8,1
07/26/2020,Northwest,Confirmed,66,3,1
07/26/2020,Central,Probable,6,0,0
07/26/2020,Southwest,Probable,7,0,0
07/26/2020,Northwest,Probable,7,0,0
07/26/2020,Eastern,Probable,2,0,0
07/26/2020,Northern,Probable,8,0,0
07/27/2020,Northern,Confirmed,205,13,0
07/27/2020,Southwest,Confirmed,182,8,3
07/27/2020,Eastern,Confirmed,387,23,4
07/27/2020,Central,Confirmed,134,11,1
07/27/2020,Northwest,Confirmed,83,7,1
07/27/2020,Southwest,Probable,7,0,0
07/27/2020,Central,Probable,11,0,0
07/27/2020,Northwest,Probable,18,0,0
07/27/2020,Northern,Probable,22,0,0
07/27/2020,Eastern,Probable,7,0,0
07/28/2020,Northern,Confirmed,178,8,1
07/28/2020,Northwest,Confirmed,99,3,0
07/28/2020,Eastern,Confirmed,352,11,5
07/28/2020,Southwest,Confirmed,144,9,1
07/28/2020,Central,Confirmed,136,6,4
07/28/2020,Northwest,Probable,20,0,0
07/28/2020,Northern,Probable,11,0,0
07/28/2020,Central,Probable,10,0,0
07/28/2020,Eastern,Probable,4,0,0
07/28/2020,Southwest,Probable,9,0,0
07/29/2020,Southwest,Confirmed,154,11,3
07/29/2020,Northwest,Confirmed,82,4,2
07/29/2020,Northern,Confirmed,195,12,4
07/29/2020,Eastern,Confirmed,422,12,4
07/29/2020,Central,Confirmed,269,4,1
07/29/2020,Central,Probable,7,0,0
07/29/2020,Eastern,Probable,6,0,0
07/29/2020,Southwest,Probable,8,0,0
07/29/2020,Northwest,Probable,17,0,0
07/29/2020,Northern,Probable,15,0,0
07/30/2020,Southwest,Confirmed,148,13,3
07/30/2020,Northwest,Confirmed,80,3,3
07/30/2020,Northern,Confirmed,173,7,1
07/30/2020,Central,Confirmed,158,12,1
07/30/2020,Eastern,Confirmed,349,15,4
07/30/2020,Southwest,Probable,7,0,0
07/30/2020,Northern,Probable,5,0,0
07/30/2020,Central,Probable,8,0,0
07/30/2020,Northwest,Probable,16,0,0
07/30/2020,Eastern,Probable,5,0,0
07/31/2020,Central,Confirmed,150,4,2
07/31/2020,Eastern,Confirmed,351,16,4
07/31/2020,Southwest,Confirmed,186,14,0
07/31/2020,Northwest,Confirmed,83,4,0
07/31/2020,Northern,Confirmed,182,19,0
07/31/2020,Eastern,Probable,4,0,0
07/31/2020,Northwest,Probable,16,0,0
07/31/2020,Northern,Probable,15,0,0
07/31/2020,Southwest,Probable,6,0,0
07/31/2020,Central,Probable,10,0,0
08/01/2020,Northern,Confirmed,189,12,0
08/01/2020,Southwest,Confirmed,97,9,3
08/01/2020,Eastern,Confirmed,193,12,4
08/01/2020,Central,Confirmed,87,11,2
08/01/2020,Northwest,Confirmed,76,3,1
08/01/2020,Northern,Probable,17,0,0
08/01/2020,Southwest,Probable,4,0,0
08/01/2020,Northwest,Probable,18,0,0
08/01/2020,Eastern,Probable,9,0,0
08/01/2020,Central,Probable,10,0,0
08/02/2020,Eastern,Confirmed,176,10,4
08/02/2020,Northern,Confirmed,130,11,1
08/02/2020,Northwest,Confirmed,55,4,0
08/02/2020,Southwest,Confirmed,106,15,3
08/02/2020,Central,Confirmed,91,11,0
08/02/2020,Central,Probable,9,0,0
08/02/2020,Northwest,Probable,15,1,0
08/02/2020,Southwest,Probable,5,0,0
08/02/2020,Northern,Probable,12,0,0
08/02/2020,Eastern,Probable,5,0,0
08/03/2020,Southwest,Confirmed,243,9,2
08/03/2020,Eastern,Confirmed,340,14,5
08/03/2020,Northwest,Confirmed,106,6,1
08/03/2020,Central,Confirmed,148,6,0
08/03/2020,Northern,Confirmed,232,10,0
08/03/2020,Eastern,Probable,18,0,0
08/03/2020,Northern,Probable,9,0,0
08/03/2020,Northwest,Probable,17,0,0
08/03/2020,Central,Probable,13,0,0
08/03/2020,Southwest,Probable,11,1,0
08/04/2020,Northwest,Confirmed,112,7,2
08/04/2020,Southwest,Confirmed,159,6,3
08/04/2020,Central,Confirmed,121,6,1
08/04/2020,Northern,Confirmed,168,9,1
08/04/2020,Eastern,Confirmed,202,9,1
08/04/2020,Eastern,Probable,15,0,0
08/04/2020,Northwest,Probable,20,0,0
08/04/2020,Central,Probable,14,0,0
08/04/2020,Northern,Probable,10,0,0
08/04/2020,Southwest,Probable,8,0,0
08/05/2020,Northwest,Confirmed,87,6,2
08/05/2020,Central,Confirmed,207,9,3
08/05/2020,Eastern,Confirmed,293,7,3
08/05/2020,Northern,Confirmed,210,11,1
08/05/2020,Southwest,Confirmed,169,3,1
08/05/2020,Eastern,Probable,10,1,0
08/05/2020,Southwest,Probable,8,1,0
08/05/2020,Northern,Probable,22,0,0
08/05/2020,Central,Probable,12,0,0
08/05/2020,Northwest,Probable,20,0,0
08/06/2020,Northwest,Confirmed,62,3,4
08/06/2020,Southwest,Confirmed,120,7,1
08/06/2020,Northern,Confirmed,204,8,0
08/06/2020,Central,Confirmed,178,3,0
08/06/2020,Eastern,Confirmed,260,16,3
08/06/2020,Northwest,Probable,15,0,0
08/06/2020,Southwest,Probable,7,1,0
08/06/2020,Eastern,Probable,4,1,0
08/06/2020,Northern,Probable,22,0,0
08/06/2020,Central,Probable,13,0,0
08/07/2020,Eastern,Confirmed,301,18,3
08/07/2020,Central,Confirmed,165,8,1
08/07/2020,Northwest,Confirmed,78,10,3
08/07/2020,Southwest,Confirmed,135,6,1
08/07/2020,Northern,Confirmed,219,16,0
08/07/2020,Central,Probable,13,0,0
08/07/2020,Eastern,Probable,6,0,0
08/07/2020,Southwest,Probable,15,1,0
08/07/2020,Northwest,Probable,17,0,0
08/07/2020,Northern,Probable,11,0,0
08/08/2020,Southwest,Confirmed,113,7,2
08/08/2020,Eastern,Confirmed,162,3,4
08/08/2020,Central,Confirmed,79,7,1
08/08/2020,Northwest,Confirmed,90,7,1
08/08/2020,Northern,Confirmed,164,6,0
08/08/2020,Northern,Probable,19,0,0
08/08/2020,Southwest,Probable,4,0,0
08/08/2020,Eastern,Probable,5,0,0
08/08/2020,Central,Probable,5,0,0
08/08/2020,Northwest,Probable,13,0,0
08/09/2020,Southwest,Confirmed,103,13,3
08/09/2020,Northwest,Confirmed,46,6,0
08/09/2020,Eastern,Confirmed,123,12,3
08/09/2020,Central,Confirmed,77,8,1
08/09/2020,Northern,Confirmed,146,6,0
08/09/2020,Central,Probable,11,0,0
08/09/2020,Southwest,Probable,9,0,0
08/09/2020,Northern,Probable,7,0,0
08/09/2020,Northwest,Probable,17,0,0
08/09/2020,Eastern,Probable,1,0,0
08/10/2020,Northern,Confirmed,251,10,1
08/10/2020,Northwest,Confirmed,103,6,0
08/10/2020,Central,Confirmed,259,8,2
08/10/2020,Southwest,Confirmed,177,7,5
08/10/2020,Eastern,Confirmed,276,10,1
08/10/2020,Eastern,Probable,5,0,0
08/10/2020,Northwest,Probable,26,1,0
08/10/2020,Central,Probable,12,0,0
08/10/2020,Northern,Probable,19,0,0
08/10/2020,Southwest,Probable,10,0,0
08/11/2020,Northwest,Confirmed,73,7,0
08/11/2020,Southwest,Confirmed,119,7,3
08/11/2020,Eastern,Confirmed,235,11,3
08/11/2020,Northern,Confirmed,235,6,1
08/11/2020,Central,Confirmed,136,9,0
08/11/2020,Central,Probable,13,0,0
08/11/2020,Northwest,Probable,11,0,0
08/11/2020,Eastern,Probable,12,0,0
08/11/2020,Northern,Probable,12,0,0
08/11/2020,Southwest,Probable,14,1,0
08/12/2020,Southwest,Confirmed,141,7,2
08/12/2020,Eastern,Confirmed,247,9,4
08/12/2020,Central,Confirmed,162,7,0
08/12/2020,Northern,Confirmed,243,9,0
08/12/2020,Northwest,Confirmed,77,5,0
08/12/2020,Northwest,Probable,15,0,0
08/12/2020,Eastern,Probable,3,0,0
08/12/2020,Southwest,Probable,9,1,0
08/12/2020,Central,Probable,16,0,0
08/12/2020,Northern,Probable,15,0,0
08/13/2020,Northwest,Confirmed,73,6,2
08/13/2020,Eastern,Confirmed,212,11,3
08/13/2020,Northern,Confirmed,189,9,0
08/13/2020,Central,Confirmed,115,11,0
08/13/2020,Southwest,Confirmed,143,6,3
08/13/2020,Northern,Probable,21,0,0
08/13/2020,Eastern,Probable,8,0,0
08/13/2020,Central,Probable,13,0,0
08/13/2020,Northwest,Probable,13,0,0
08/13/2020,Southwest,Probable,7,0,0
08/14/2020,Eastern,Confirmed,252,7,2
08/14/2020,Northwest,Confirmed,127,12,1
08/14/2020,Central,Confirmed,144,7,0
08/14/2020,Southwest,Confirmed,147,11,2
08/14/2020,Northern,Confirmed,239,7,1
08/14/2020,Northwest,Probable,9,0,0
08/14/2020,Eastern,Probable,5,0,0
08/14/2020,Central,Probable,12,0,0
08/14/2020,Southwest,Probable,8,0,0
08/14/2020,Northern,Probable,14,0,0
08/15/2020,Southwest,Confirmed,114,8,2
08/15/2020,Northern,Confirmed,167,9,1
08/15/2020,Eastern,Confirmed,139,18,2
08/15/2020,Northwest,Confirmed,72,6,0
08/15/2020,Central,Confirmed,76,2,1
08/15/2020,Southwest,Probable,5,2,0
08/15/2020,Central,Probable,11,0,0
08/15/2020,Northwest,Probable,11,0,0
08/15/2020,Northern,Probable,14,0,0
08/15/2020,Eastern,Probable,9,0,0
08/16/2020,Northwest,Confirmed,67,7,0
08/16/2020,Central,Confirmed,70,9,2
08/16/2020,Southwest,Confirmed,119,6,2
08/16/2020,Eastern,Confirmed,111,6,4
08/16/2020,Northern,Confirmed,144,12,1
08/16/2020,Eastern,Probable,3,0,0
08/16/2020,Central,Probable,9,0,0
08/16/2020,Northwest,Probable,13,0,0
08/16/2020,Southwest,Probable,5,0,0
08/16/2020,Northern,Probable,8,0,0
08/17/2020,Northern,Confirmed,203,14,1
08/17/2020,Southwest,Confirmed,208,9,3
08/17/2020,Eastern,Confirmed,260,15,6
08/17/2020,Northwest,Confirmed,90,3,0
08/17/2020,Central,Confirmed,140,7,0
08/17/2020,Northwest,Probable,18,0,0
08/17/2020,Northern,Probable,21,1,0
08/17/2020,Southwest,Probable,9,0,0
08/17/2020,Central,Probable,16,0,0
08/17/2020,Eastern,Probable,7,0,0
08/18/2020,Northwest,Confirmed,79,4,0
08/18/2020,Central,Confirmed,172,6,1
08/18/2020,Northern,Confirmed,208,9,0
08/18/2020,Southwest,Confirmed,193,3,2
08/18/2020,Eastern,Confirmed,229,10,3
08/18/2020,Northern,Probable,12,0,0
08/18/2020,Eastern,Probable,6,0,0
08/18/2020,Central,Probable,10,0,0
08/18/2020,Southwest,Probable,17,0,0
08/18/2020,Northwest,Probable,13,0,0
08/19/2020,Southwest,Confirmed,239,6,2
08/19/2020,Eastern,Confirmed,210,9,1
08/19/2020,Central,Confirmed,168,6,0
08/19/2020,Northern,Confirmed,209,12,0
08/19/2020,Northwest,Confirmed,88,1,0
08/19/2020,Central,Probable,6,0,0
08/19/2020,Southwest,Probable,25,0,0
08/19/2020,Eastern,Probable,3,0,0
08/19/2020,Northwest,Probable,16,0,0
08/19/2020,Northern,Probable,16,0,0
08/20/2020,Eastern,Confirmed,227,10,2
08/20/2020,Northern,Confirmed,190,6,1
08/20/2020,Central,Confirmed,134,13,3
08/20/2020,Northwest,Confirmed,86,4,1
08/20/2020,Southwest,Confirmed,184,8,1
08/20/2020,Northern,Probable,22,0,0
08/20/2020,Southwest,Probable,12,0,0
08/20/2020,Eastern,Probable,7,0,0
08/20/2020,Central,Probable,11,1,0
08/20/2020,Northwest,Probable,10,0,0
08/21/2020,Northern,Confirmed,188,10,1
08/21/2020,Central,Confirmed,201,10,1
08/21/2020,Southwest,Confirmed,212,6,0
08/21/2020,Eastern,Confirmed,223,7,5
08/21/2020,Northwest,Confirmed,100,4,2
08/21/2020,Northwest,Probable,18,1,0
08/21/2020,Northern,Probable,10,0,0
08/21/2020,Southwest,Probable,7,0,0
08/21/2020,Eastern,Probable,5,0,0
08/21/2020,Central,Probable,8,0,0
08/22/2020,Southwest,Confirmed,108,8,1
08/22/2020,Northern,Confirmed,122,6,0
08/22/2020,Eastern,Confirmed,150,2,2
08/22/2020,Central,Confirmed,128,2,1
08/22/2020,Northwest,Confirmed,88,2,0
08/22/2020,Northwest,Probable,11,0,0
08/22/2020,Southwest,Probable,6,0,0
08/22/2020,Central,Probable,7,0,0
08/22/2020,Eastern,Probable,1,0,1
08/22/2020,Northern,Probable,13,0,0
08/23/2020,Northwest,Confirmed,90,3,0
08/23/2020,Northern,Confirmed,112,14,1
08/23/2020,Southwest,Confirmed,133,5,1
08/23/2020,Eastern,Confirmed,99,8,2
08/23/2020,Central,Confirmed,90,4,0
08/23/2020,Central,Probable,7,0,0
08/23/2020,Eastern,Probable,3,0,0
08/23/2020,Northwest,Probable,15,0,0
08/23/2020,Northern,Probable,8,0,0
08/23/2020,Southwest,Probable,3,0,0
08/24/2020,Central,Confirmed,149,8,0
08/24/2020,Southwest,Confirmed,231,7,1
08/24/2020,Northern,Confirmed,233,10,1
08/24/2020,Northwest,Confirmed,102,6,0
08/24/2020,Eastern,Confirmed,275,5,4
08/24/2020,Eastern,Probable,6,0,0
08/24/2020,Southwest,Probable,11,0,0
08/24/2020,Northern,Probable,8,0,0
08/24/2020,Central,Probable,10,0,0
08/24/2020,Northwest,Probable,13,0,0
08/25/2020,Northern,Confirmed,191,8,0
08/25/2020,Central,Confirmed,160,4,2
08/25/2020,Northwest,Confirmed,115,1,1
08/25/2020,Eastern,Confirmed,176,10,1
08/25/2020,Southwest,Confirmed,204,5,0
08/25/2020,Northwest,Probable,15,0,0
08/25/2020,Eastern,Probable,4,0,0
08/25/2020,Central,Probable,9,0,0
08/25/2020,Southwest,Probable,13,0,0
08/25/2020,Northern,Probable,13,0,0
08/26/2020,Northwest,Confirmed,105,1,0
08/26/2020,Eastern,Confirmed,185,3,2
08/26/2020,Northern,Confirmed,175,5,0
08/26/2020,Southwest,Confirmed,207,9,1
08/26/2020,Central,Confirmed,159,5,0
08/26/2020,Eastern,Probable,1,0,0
08/26/2020,Northwest,Probable,11,0,0
08/26/2020,Northern,Probable,18,0,0
08/26/2020,Central,Probable,2,0,0
08/26/2020,Southwest,Probable,10,0,0
08/27/2020,Southwest,Confirmed,116,4,1
08/27/2020,Northern,Confirmed,140,12,1
08/27/2020,Eastern,Confirmed,143,4,4
08/27/2020,Central,Confirmed,113,4,0
08/27/2020,Northwest,Confirmed,125,1,0
08/27/2020,Central,Probable,6,0,0
08/27/2020,Northwest,Probable,13,0,0
08/27/2020,Northern,Probable,2,0,0
08/27/2020,Southwest,Probable,7,1,0
08/27/2020,Eastern,Probable,1,0,0
08/28/2020,Southwest,Confirmed,97,4,1
08/28/2020,Eastern,Confirmed,153,7,1
08/28/2020,Northwest,Confirmed,89,3,0
08/28/2020,Central,Confirmed,113,2,0
08/28/2020,Northern,Confirmed,124,5,1
08/28/2020,Central,Probable,5,0,0
08/28/2020,Northwest,Probable,7,0,0
08/28/2020,Southwest,Probable,4,0,0
08/28/2020,Eastern,Probable,3,0,0
08/28/2020,Northern,Probable,4,1,0
08/29/2020,Southwest,Confirmed,57,4,1
08/29/2020,Northern,Confirmed,43,1,0
08/29/2020,Central,Confirmed,47,2,0
08/29/2020,Northwest,Confirmed,47,1,0
08/29/2020,Eastern,Confirmed,60,1,2
08/29/2020,Central,Probable,2,0,0
08/29/2020,Northwest,Probable,6,0,0
08/29/2020,Eastern,Probable,1,0,0
08/29/2020,Northern,Probable,3,1,0
08/29/2020,Southwest,Probable,5,0,0
08/30/2020,Eastern,Confirmed,34,4,0
08/30/2020,Central,Confirmed,18,1,1
08/30/2020,Northwest,Confirmed,9,4,1
08/30/2020,Southwest,Confirmed,17,3,2
08/30/2020,Northern,Confirmed,10,3,1
08/30/2020,Northern,Probable,1,0,0
08/30/2020,Eastern,Probable,1,0,0
08/30/2020,Central,Probable,3,0,0
08/30/2020,Northwest,Probable,5,0,0
08/30/2020,Southwest,Probable,0,1,0
08/31/2020,Southwest,Confirmed,15,2,2
08/31/2020,Northern,Confirmed,9,1,1
08/31/2020,Northwest,Confirmed,31,2,0
08/31/2020,Central,Confirmed,30,1,0
08/31/2020,Eastern,Confirmed,20,0,2
08/31/2020,Northern,Probable,1,0,0
08/31/2020,Central,Probable,1,0,0
08/31/2020,Southwest,Probable,2,0,0
08/31/2020,Northwest,Probable,5,0,0
09/01/2020,Eastern,Confirmed,0,0,1
09/01/2020,Northwest,Confirmed,6,0,0
09/01/2020,Northern,Confirmed,2,0,0
09/01/2020,Central,Confirmed,3,0,0
09/01/2020,Northwest,Probable,1,0,0