"Report Date","Health District","Age Group","Number of Cases","Number of Hospitalizations","Number of Deaths"
2020-03-29,,0-9,7,,
2020-03-29,,19-Oct,12,,
2020-03-29,,20-29,135,,
2020-03-29,,30-39,131,,
2020-03-29,,40-49,150,,
2020-03-29,,50-59,158,,
2020-03-29,,60-69,151,,
2020-03-29,,70-79,99,,
2020-03-29,,80+,47,,
2020-03-30,,0-9,7,,
2020-03-30,,19-Oct,12,,
2020-03-30,,20-29,149,,
2020-03-30,,30-39,145,,
2020-03-30,,40-49,176,,
2020-03-30,,50-59,184,,
2020-03-30,,60-69,175,,
2020-03-30,,70-79,111,,
2020-03-30,,80+,61,,
2020-03-31,,0-9,10,,
2020-03-31,,19-Oct,17,,
2020-03-31,,20-29,173,,
2020-03-31,,30-39,180,,
2020-03-31,,40-49,215,,
2020-03-31,,50-59,228,,
2020-03-31,,60-69,216,,
2020-03-31,,70-79,136,,
2020-03-31,,80+,75,,
2020-04-01,,0-9,12,,
2020-04-01,,19-Oct,22,,
2020-04-01,,20-29,204,,
2020-04-01,,30-39,212,,
2020-04-01,,40-49,252,,
2020-04-01,,50-59,280,,
2020-04-01,,60-69,247,,
2020-04-01,,70-79,159,,
2020-04-01,,80+,96,,
2020-04-02,,0-9,13,,
2020-04-02,,19-Oct,26,,
2020-04-02,,20-29,228,,
2020-04-02,,30-39,245,,
2020-04-02,,40-49,282,,
2020-04-02,,50-59,325,,
2020-04-02,,60-69,289,,
2020-04-02,,70-79,190,,
2020-04-02,,80+,108,,
2020-04-03,,0-9,15,,
2020-04-03,,19-Oct,29,,
2020-04-03,,20-29,259,,
2020-04-03,,30-39,276,,
2020-04-03,,40-49,322,,
2020-04-03,,50-59,393,,
2020-04-03,,60-69,347,,
2020-04-03,,70-79,235,,
2020-04-03,,80+,135,,
2020-04-03,,Missing,1,,
2020-04-04,,0-9,16,,
2020-04-04,,19-Oct,34,,
2020-04-04,,20-29,293,,
2020-04-04,,30-39,335,,
2020-04-04,,40-49,382,,
2020-04-04,,50-59,466,,
2020-04-04,,60-69,415,,
2020-04-04,,70-79,284,,
2020-04-04,,80+,182,,
2020-04-05,,0-9,19,,
2020-04-05,,19-Oct,36,,
2020-04-05,,20-29,326,,
2020-04-05,,30-39,366,,
2020-04-05,,40-49,421,,
2020-04-05,,50-59,512,,
2020-04-05,,60-69,453,,
2020-04-05,,70-79,305,,
2020-04-05,,80+,199,,
2020-04-06,,0-9,21,,
2020-04-06,,19-Oct,38,,
2020-04-06,,20-29,349,,
2020-04-06,,30-39,398,,
2020-04-06,,40-49,461,,
2020-04-06,,50-59,574,,
2020-04-06,,60-69,499,,
2020-04-06,,70-79,327,,
2020-04-06,,80+,211,,
2020-04-07,,0-9,25,,
2020-04-07,,19-Oct,43,,
2020-04-07,,20-29,412,,
2020-04-07,,30-39,483,,
2020-04-07,,40-49,543,,
2020-04-07,,50-59,660,,
2020-04-07,,60-69,573,,
2020-04-07,,70-79,361,,
2020-04-07,,80+,232,,
2020-04-07,,Missing,1,,
2020-04-08,,0-9,24,,
2020-04-08,,19-Oct,53,,
2020-04-08,,20-29,444,,
2020-04-08,,30-39,529,,
2020-04-08,,40-49,598,,
2020-04-08,,50-59,730,,
2020-04-08,,60-69,625,,
2020-04-08,,70-79,391,,
2020-04-08,,80+,250,,
2020-04-08,,Missing,1,,
2020-04-09,,0-9,25,,
2020-04-09,,19-Oct,64,,
2020-04-09,,20-29,484,,
2020-04-09,,30-39,595,,
2020-04-09,,40-49,660,,
2020-04-09,,50-59,808,,
2020-04-09,,60-69,692,,
2020-04-09,,70-79,425,,
2020-04-09,,80+,288,,
2020-04-09,,Missing,1,,
2020-04-10,,0-9,26,,
2020-04-10,,19-Oct,79,,
2020-04-10,,20-29,526,,
2020-04-10,,30-39,678,,
2020-04-10,,40-49,744,,
2020-04-10,,50-59,905,,
2020-04-10,,60-69,757,,
2020-04-10,,70-79,464,,
2020-04-10,,80+,329,,
2020-04-10,,Missing,1,,
2020-04-11,,0-9,30,,
2020-04-11,,19-Oct,96,,
2020-04-11,,20-29,589,,
2020-04-11,,30-39,765,,
2020-04-11,,40-49,850,,
2020-04-11,,50-59,1022,,
2020-04-11,,60-69,844,,
2020-04-11,,70-79,505,,
2020-04-11,,80+,374,,
2020-04-11,,Missing,2,,
2020-04-12,,0-9,33,,
2020-04-12,,19-Oct,104,,
2020-04-12,,20-29,609,,
2020-04-12,,30-39,796,,
2020-04-12,,40-49,882,,
2020-04-12,,50-59,1062,,
2020-04-12,,60-69,871,,
2020-04-12,,70-79,528,,
2020-04-12,,80+,386,,
2020-04-12,,Missing,3,,
2020-04-13,,0-9,38,1,0
2020-04-13,,19-Oct,110,2,0
2020-04-13,,20-29,663,34,1
2020-04-13,,30-39,864,55,1
2020-04-13,,40-49,966,108,4
2020-04-13,,50-59,1154,170,8
2020-04-13,,60-69,949,198,35
2020-04-13,,70-79,561,192,40
2020-04-13,,80+,440,143,60
2020-04-13,,Missing,2,0,0
2020-04-14,,0-9,42,1,0
2020-04-14,,19-Oct,127,2,0
2020-04-14,,20-29,716,36,1
2020-04-14,,30-39,917,65,1
2020-04-14,,40-49,1028,124,6
2020-04-14,,50-59,1226,176,8
2020-04-14,,60-69,1013,219,36
2020-04-14,,70-79,608,204,41
2020-04-14,,80+,492,151,61
2020-04-14,,Missing,2,0,0
2020-04-15,,0-9,46,2,0
2020-04-15,,19-Oct,138,2,0
2020-04-15,,20-29,755,37,1
2020-04-15,,30-39,963,70,1
2020-04-15,,40-49,1095,134,7
2020-04-15,,50-59,1277,195,11
2020-04-15,,60-69,1061,230,42
2020-04-15,,70-79,634,212,50
2020-04-15,,80+,530,166,82
2020-04-15,,Missing,1,0,1
2020-04-16,,0-9,48,3,0
2020-04-16,,19-Oct,145,2,0
2020-04-16,,20-29,808,39,1
2020-04-16,,30-39,1028,80,1
2020-04-16,,40-49,1168,143,7
2020-04-16,,50-59,1349,203,11
2020-04-16,,60-69,1114,247,43
2020-04-16,,70-79,662,222,54
2020-04-16,,80+,566,175,90
2020-04-16,,Missing,1,0,1
2020-04-17,,0-9,60,4,0
2020-04-17,,19-Oct,158,2,0
2020-04-17,,20-29,877,45,1
2020-04-17,,30-39,1104,86,1
2020-04-17,,40-49,1254,147,8
2020-04-17,,50-59,1466,228,14
2020-04-17,,60-69,1204,268,46
2020-04-17,,70-79,714,244,62
2020-04-17,,80+,653,197,98
2020-04-17,,Missing,1,0,1
2020-04-18,,0-9,65,4,0
2020-04-18,,19-Oct,171,2,0
2020-04-18,,20-29,956,47,1
2020-04-18,,30-39,1201,92,2
2020-04-18,,40-49,1349,154,7
2020-04-18,,50-59,1559,245,17
2020-04-18,,60-69,1288,289,48
2020-04-18,,70-79,756,256,71
2020-04-18,,80+,707,207,111
2020-04-18,,Missing,1,0,1
2020-04-19,,0-9,73,4,0
2020-04-19,,19-Oct,177,4,0
2020-04-19,,20-29,1021,50,1
2020-04-19,,30-39,1279,108,2
2020-04-19,,40-49,1436,167,7
2020-04-19,,50-59,1634,271,18
2020-04-19,,60-69,1348,312,49
2020-04-19,,70-79,791,272,78
2020-04-19,,80+,777,234,121
2020-04-19,,Missing,1,0,1
2020-04-20,,0-9,80,4,0
2020-04-20,,19-Oct,190,4,0
2020-04-20,,20-29,1072,53,1
2020-04-20,,30-39,1344,110,2
2020-04-20,,40-49,1525,178,7
2020-04-20,,50-59,1719,283,19
2020-04-20,,60-69,1413,332,54
2020-04-20,,70-79,823,286,82
2020-04-20,,80+,823,250,134
2020-04-20,,Missing,1,0,1
2020-04-21,Alexandria,0-9,13,0,0
2020-04-21,Alexandria,19-Oct,16,0,0
2020-04-21,Alexandria,20-29,73,2,1
2020-04-21,Alexandria,30-39,104,10,0
2020-04-21,Alexandria,40-49,84,9,0
2020-04-21,Alexandria,50-59,63,11,4
2020-04-21,Alexandria,60-69,49,8,0
2020-04-21,Alexandria,70-79,33,13,3
2020-04-21,Alexandria,80+,27,7,1
2020-04-21,Alleghany,20-29,9,1,0
2020-04-21,Alleghany,30-39,2,0,0
2020-04-21,Alleghany,40-49,7,0,0
2020-04-21,Alleghany,50-59,20,3,0
2020-04-21,Alleghany,60-69,16,4,0
2020-04-21,Alleghany,70-79,4,2,1
2020-04-21,Alleghany,80+,6,3,2
2020-04-21,Arlington,0-9,1,0,0
2020-04-21,Arlington,19-Oct,4,1,0
2020-04-21,Arlington,20-29,90,7,0
2020-04-21,Arlington,30-39,104,13,0
2020-04-21,Arlington,40-49,80,10,1
2020-04-21,Arlington,50-59,118,22,1
2020-04-21,Arlington,60-69,96,20,2
2020-04-21,Arlington,70-79,58,19,6
2020-04-21,Arlington,80+,74,22,13
2020-04-21,"Central Shenandoah",0-9,2,0,0
2020-04-21,"Central Shenandoah",19-Oct,7,0,0
2020-04-21,"Central Shenandoah",20-29,49,0,0
2020-04-21,"Central Shenandoah",30-39,60,1,0
2020-04-21,"Central Shenandoah",40-49,68,0,0
2020-04-21,"Central Shenandoah",50-59,98,8,0
2020-04-21,"Central Shenandoah",60-69,66,7,1
2020-04-21,"Central Shenandoah",70-79,36,3,0
2020-04-21,"Central Shenandoah",80+,59,4,0
2020-04-21,"Central Virginia",0-9,1,0,0
2020-04-21,"Central Virginia",19-Oct,2,0,0
2020-04-21,"Central Virginia",20-29,16,1,0
2020-04-21,"Central Virginia",30-39,12,1,0
2020-04-21,"Central Virginia",40-49,12,0,0
2020-04-21,"Central Virginia",50-59,17,0,0
2020-04-21,"Central Virginia",60-69,16,1,1
2020-04-21,"Central Virginia",70-79,9,2,0
2020-04-21,"Central Virginia",80+,4,2,1
2020-04-21,Chesapeake,0-9,1,1,0
2020-04-21,Chesapeake,19-Oct,3,0,0
2020-04-21,Chesapeake,20-29,13,0,0
2020-04-21,Chesapeake,30-39,28,1,0
2020-04-21,Chesapeake,40-49,30,6,0
2020-04-21,Chesapeake,50-59,45,9,1
2020-04-21,Chesapeake,60-69,30,9,2
2020-04-21,Chesapeake,70-79,15,8,0
2020-04-21,Chesapeake,80+,11,5,2
2020-04-21,Chesterfield,0-9,1,0,0
2020-04-21,Chesterfield,19-Oct,26,0,0
2020-04-21,Chesterfield,20-29,38,1,0
2020-04-21,Chesterfield,30-39,57,1,0
2020-04-21,Chesterfield,40-49,64,4,2
2020-04-21,Chesterfield,50-59,66,6,0
2020-04-21,Chesterfield,60-69,54,8,4
2020-04-21,Chesterfield,70-79,35,4,0
2020-04-21,Chesterfield,80+,49,5,3
2020-04-21,Chickahominy,0-9,1,0,0
2020-04-21,Chickahominy,19-Oct,2,0,0
2020-04-21,Chickahominy,20-29,14,0,0
2020-04-21,Chickahominy,30-39,18,0,0
2020-04-21,Chickahominy,40-49,37,3,1
2020-04-21,Chickahominy,50-59,39,5,0
2020-04-21,Chickahominy,60-69,30,9,3
2020-04-21,Chickahominy,70-79,17,5,2
2020-04-21,Chickahominy,80+,28,13,6
2020-04-21,Crater,19-Oct,1,0,0
2020-04-21,Crater,20-29,12,0,0
2020-04-21,Crater,30-39,23,0,0
2020-04-21,Crater,40-49,22,4,0
2020-04-21,Crater,50-59,32,7,0
2020-04-21,Crater,60-69,30,7,5
2020-04-21,Crater,70-79,14,6,4
2020-04-21,Crater,80+,4,1,0
2020-04-21,"Cumberland Plateau",19-Oct,8,0,0
2020-04-21,"Cumberland Plateau",30-39,4,0,0
2020-04-21,"Cumberland Plateau",40-49,4,0,0
2020-04-21,"Cumberland Plateau",60-69,1,1,0
2020-04-21,"Cumberland Plateau",70-79,1,0,0
2020-04-21,"Eastern Shore",19-Oct,1,0,0
2020-04-21,"Eastern Shore",20-29,8,0,0
2020-04-21,"Eastern Shore",30-39,7,2,0
2020-04-21,"Eastern Shore",40-49,14,3,0
2020-04-21,"Eastern Shore",50-59,13,2,0
2020-04-21,"Eastern Shore",60-69,11,4,0
2020-04-21,"Eastern Shore",70-79,3,3,1
2020-04-21,"Eastern Shore",80+,2,2,0
2020-04-21,Fairfax,0-9,15,2,0
2020-04-21,Fairfax,19-Oct,42,1,0
2020-04-21,Fairfax,20-29,273,19,0
2020-04-21,Fairfax,30-39,346,32,1
2020-04-21,Fairfax,40-49,412,54,0
2020-04-21,Fairfax,50-59,397,80,4
2020-04-21,Fairfax,60-69,299,84,10
2020-04-21,Fairfax,70-79,156,54,12
2020-04-21,Fairfax,80+,183,57,39
2020-04-21,Hampton,19-Oct,4,0,0
2020-04-21,Hampton,20-29,16,1,0
2020-04-21,Hampton,30-39,14,1,0
2020-04-21,Hampton,40-49,8,2,0
2020-04-21,Hampton,50-59,21,7,0
2020-04-21,Hampton,60-69,19,8,1
2020-04-21,Hampton,70-79,7,5,0
2020-04-21,Hampton,80+,3,2,0
2020-04-21,Henrico,0-9,10,0,0
2020-04-21,Henrico,19-Oct,3,0,0
2020-04-21,Henrico,20-29,42,3,0
2020-04-21,Henrico,30-39,53,3,0
2020-04-21,Henrico,40-49,71,8,0
2020-04-21,Henrico,50-59,91,11,2
2020-04-21,Henrico,60-69,104,11,11
2020-04-21,Henrico,70-79,104,22,25
2020-04-21,Henrico,80+,142,32,38
2020-04-21,Henrico,Missing,1,0,1
2020-04-21,Lenowisco,0-9,2,0,0
2020-04-21,Lenowisco,19-Oct,1,0,0
2020-04-21,Lenowisco,20-29,5,0,0
2020-04-21,Lenowisco,30-39,3,1,1
2020-04-21,Lenowisco,40-49,2,1,0
2020-04-21,Lenowisco,50-59,10,2,0
2020-04-21,Lenowisco,60-69,6,4,1
2020-04-21,Lenowisco,70-79,3,2,0
2020-04-21,"Lord Fairfax",19-Oct,10,0,0
2020-04-21,"Lord Fairfax",20-29,24,0,0
2020-04-21,"Lord Fairfax",30-39,36,4,0
2020-04-21,"Lord Fairfax",40-49,32,1,0
2020-04-21,"Lord Fairfax",50-59,47,3,0
2020-04-21,"Lord Fairfax",60-69,39,7,0
2020-04-21,"Lord Fairfax",70-79,10,4,0
2020-04-21,"Lord Fairfax",80+,3,2,0
2020-04-21,Loudoun,0-9,7,0,0
2020-04-21,Loudoun,19-Oct,13,0,0
2020-04-21,Loudoun,20-29,45,1,0
2020-04-21,Loudoun,30-39,67,3,0
2020-04-21,Loudoun,40-49,103,11,0
2020-04-21,Loudoun,50-59,120,12,0
2020-04-21,Loudoun,60-69,48,12,0
2020-04-21,Loudoun,70-79,24,9,1
2020-04-21,Loudoun,80+,41,11,7
2020-04-21,"Mount Rogers",0-9,1,0,0
2020-04-21,"Mount Rogers",19-Oct,2,0,0
2020-04-21,"Mount Rogers",20-29,5,0,0
2020-04-21,"Mount Rogers",30-39,13,3,0
2020-04-21,"Mount Rogers",40-49,9,0,0
2020-04-21,"Mount Rogers",50-59,8,1,0
2020-04-21,"Mount Rogers",60-69,7,1,0
2020-04-21,"Mount Rogers",70-79,8,6,1
2020-04-21,"Mount Rogers",80+,4,4,3
2020-04-21,"New River",0-9,2,0,0
2020-04-21,"New River",19-Oct,3,0,0
2020-04-21,"New River",20-29,14,0,0
2020-04-21,"New River",30-39,4,0,0
2020-04-21,"New River",40-49,6,0,0
2020-04-21,"New River",50-59,14,2,0
2020-04-21,"New River",60-69,11,2,0
2020-04-21,"New River",70-79,5,3,0
2020-04-21,"New River",80+,3,1,0
2020-04-21,Norfolk,0-9,1,0,0
2020-04-21,Norfolk,19-Oct,2,0,0
2020-04-21,Norfolk,20-29,18,0,0
2020-04-21,Norfolk,30-39,22,2,0
2020-04-21,Norfolk,40-49,26,4,0
2020-04-21,Norfolk,50-59,18,4,0
2020-04-21,Norfolk,60-69,18,10,1
2020-04-21,Norfolk,70-79,7,5,0
2020-04-21,Norfolk,80+,6,3,2
2020-04-21,Peninsula,0-9,3,0,0
2020-04-21,Peninsula,19-Oct,1,1,0
2020-04-21,Peninsula,20-29,27,1,0
2020-04-21,Peninsula,30-39,29,4,0
2020-04-21,Peninsula,40-49,35,2,0
2020-04-21,Peninsula,50-59,51,14,1
2020-04-21,Peninsula,60-69,76,23,2
2020-04-21,Peninsula,70-79,64,33,10
2020-04-21,Peninsula,80+,25,18,7
2020-04-21,Piedmont,19-Oct,2,0,0
2020-04-21,Piedmont,20-29,14,0,0
2020-04-21,Piedmont,30-39,9,0,0
2020-04-21,Piedmont,40-49,15,0,0
2020-04-21,Piedmont,50-59,16,5,0
2020-04-21,Piedmont,60-69,20,5,0
2020-04-21,Piedmont,70-79,11,6,2
2020-04-21,Piedmont,80+,3,0,1
2020-04-21,Pittsylvania-Danville,20-29,3,0,0
2020-04-21,Pittsylvania-Danville,30-39,4,0,0
2020-04-21,Pittsylvania-Danville,40-49,5,3,0
2020-04-21,Pittsylvania-Danville,50-59,6,3,0
2020-04-21,Pittsylvania-Danville,60-69,6,3,1
2020-04-21,Pittsylvania-Danville,70-79,9,6,0
2020-04-21,Pittsylvania-Danville,80+,3,2,1
2020-04-21,Portsmouth,20-29,9,2,0
2020-04-21,Portsmouth,30-39,13,3,0
2020-04-21,Portsmouth,40-49,12,3,0
2020-04-21,Portsmouth,50-59,15,7,1
2020-04-21,Portsmouth,60-69,15,7,2
2020-04-21,Portsmouth,70-79,7,4,0
2020-04-21,Portsmouth,80+,11,2,1
2020-04-21,"Prince William",0-9,22,0,0
2020-04-21,"Prince William",19-Oct,20,1,0
2020-04-21,"Prince William",20-29,130,8,0
2020-04-21,"Prince William",30-39,204,14,1
2020-04-21,"Prince William",40-49,222,28,2
2020-04-21,"Prince William",50-59,209,24,4
2020-04-21,"Prince William",60-69,126,19,5
2020-04-21,"Prince William",70-79,52,14,4
2020-04-21,"Prince William",80+,23,5,1
2020-04-21,Rappahannock,0-9,5,1,0
2020-04-21,Rappahannock,19-Oct,4,0,0
2020-04-21,Rappahannock,20-29,38,4,0
2020-04-21,Rappahannock,30-39,49,4,0
2020-04-21,Rappahannock,40-49,64,11,0
2020-04-21,Rappahannock,50-59,62,15,1
2020-04-21,Rappahannock,60-69,47,20,1
2020-04-21,Rappahannock,70-79,18,11,2
2020-04-21,Rappahannock,80+,9,6,2
2020-04-21,"Rappahannock Rapidan",0-9,2,0,0
2020-04-21,"Rappahannock Rapidan",19-Oct,9,0,0
2020-04-21,"Rappahannock Rapidan",20-29,25,0,0
2020-04-21,"Rappahannock Rapidan",30-39,33,5,0
2020-04-21,"Rappahannock Rapidan",40-49,36,1,0
2020-04-21,"Rappahannock Rapidan",50-59,18,3,0
2020-04-21,"Rappahannock Rapidan",60-69,13,2,0
2020-04-21,"Rappahannock Rapidan",70-79,5,1,0
2020-04-21,"Rappahannock Rapidan",80+,7,6,2
2020-04-21,Richmond,19-Oct,1,0,0
2020-04-21,Richmond,20-29,39,2,0
2020-04-21,Richmond,30-39,30,2,0
2020-04-21,Richmond,40-49,37,1,0
2020-04-21,Richmond,50-59,40,10,0
2020-04-21,Richmond,60-69,57,10,3
2020-04-21,Richmond,70-79,24,7,4
2020-04-21,Richmond,80+,18,7,3
2020-04-21,Roanoke,20-29,3,0,0
2020-04-21,Roanoke,30-39,2,0,0
2020-04-21,Roanoke,40-49,6,0,0
2020-04-21,Roanoke,50-59,7,1,0
2020-04-21,Roanoke,60-69,2,1,0
2020-04-21,Roanoke,70-79,3,1,0
2020-04-21,Roanoke,80+,2,2,0
2020-04-21,Southside,19-Oct,1,0,0
2020-04-21,Southside,20-29,11,2,0
2020-04-21,Southside,30-39,10,0,0
2020-04-21,Southside,40-49,12,3,0
2020-04-21,Southside,50-59,16,3,0
2020-04-21,Southside,60-69,13,5,0
2020-04-21,Southside,70-79,12,5,1
2020-04-21,Southside,80+,17,2,0
2020-04-21,"Thomas Jefferson",0-9,3,1,0
2020-04-21,"Thomas Jefferson",19-Oct,4,0,0
2020-04-21,"Thomas Jefferson",20-29,25,0,0
2020-04-21,"Thomas Jefferson",30-39,35,2,0
2020-04-21,"Thomas Jefferson",40-49,25,3,0
2020-04-21,"Thomas Jefferson",50-59,37,7,1
2020-04-21,"Thomas Jefferson",60-69,37,11,1
2020-04-21,"Thomas Jefferson",70-79,30,7,1
2020-04-21,"Thomas Jefferson",80+,28,15,7
2020-04-21,"Three Rivers",0-9,1,0,0
2020-04-21,"Three Rivers",20-29,12,0,0
2020-04-21,"Three Rivers",30-39,19,1,0
2020-04-21,"Three Rivers",40-49,31,2,1
2020-04-21,"Three Rivers",50-59,15,1,0
2020-04-21,"Three Rivers",60-69,14,4,0
2020-04-21,"Three Rivers",70-79,4,1,0
2020-04-21,"Three Rivers",80+,6,1,0
2020-04-21,"Virginia Beach",0-9,1,0,0
2020-04-21,"Virginia Beach",19-Oct,4,0,0
2020-04-21,"Virginia Beach",20-29,32,1,0
2020-04-21,"Virginia Beach",30-39,45,3,0
2020-04-21,"Virginia Beach",40-49,43,9,0
2020-04-21,"Virginia Beach",50-59,50,8,0
2020-04-21,"Virginia Beach",60-69,55,11,1
2020-04-21,"Virginia Beach",70-79,35,17,4
2020-04-21,"Virginia Beach",80+,23,11,3
2020-04-21,"West Piedmont",40-49,5,0,0
2020-04-21,"West Piedmont",50-59,5,0,0
2020-04-21,"West Piedmont",60-69,10,1,0
2020-04-21,"West Piedmont",70-79,4,2,1
2020-04-21,"West Piedmont",80+,3,1,0
2020-04-21,"Western Tidewater",0-9,2,0,0
2020-04-21,"Western Tidewater",19-Oct,1,0,0
2020-04-21,"Western Tidewater",20-29,22,0,0
2020-04-21,"Western Tidewater",30-39,22,1,0
2020-04-21,"Western Tidewater",40-49,25,3,0
2020-04-21,"Western Tidewater",50-59,29,3,0
2020-04-21,"Western Tidewater",60-69,39,7,1
2020-04-21,"Western Tidewater",70-79,28,7,1
2020-04-21,"Western Tidewater",80+,61,14,2
2020-04-22,Alexandria,0-9,12,0,0
2020-04-22,Alexandria,19-Oct,16,0,0
2020-04-22,Alexandria,20-29,72,2,1
2020-04-22,Alexandria,30-39,108,10,0
2020-04-22,Alexandria,40-49,88,9,0
2020-04-22,Alexandria,50-59,65,12,4
2020-04-22,Alexandria,60-69,51,10,0
2020-04-22,Alexandria,70-79,34,16,6
2020-04-22,Alexandria,80+,28,6,1
2020-04-22,Alleghany,19-Oct,1,0,0
2020-04-22,Alleghany,20-29,9,1,0
2020-04-22,Alleghany,30-39,4,0,0
2020-04-22,Alleghany,40-49,8,0,0
2020-04-22,Alleghany,50-59,22,3,0
2020-04-22,Alleghany,60-69,17,4,0
2020-04-22,Alleghany,70-79,5,2,1
2020-04-22,Alleghany,80+,7,3,2
2020-04-22,Arlington,0-9,1,0,0
2020-04-22,Arlington,19-Oct,4,1,0
2020-04-22,Arlington,20-29,102,7,0
2020-04-22,Arlington,30-39,106,13,0
2020-04-22,Arlington,40-49,86,11,1
2020-04-22,Arlington,50-59,124,22,1
2020-04-22,Arlington,60-69,98,20,2
2020-04-22,Arlington,70-79,65,19,6
2020-04-22,Arlington,80+,76,23,14
2020-04-22,Arlington,Missing,1,0,0
2020-04-22,"Central Shenandoah",0-9,2,0,0
2020-04-22,"Central Shenandoah",19-Oct,9,0,0
2020-04-22,"Central Shenandoah",20-29,62,0,0
2020-04-22,"Central Shenandoah",30-39,71,1,0
2020-04-22,"Central Shenandoah",40-49,86,2,0
2020-04-22,"Central Shenandoah",50-59,113,9,0
2020-04-22,"Central Shenandoah",60-69,81,10,1
2020-04-22,"Central Shenandoah",70-79,41,7,4
2020-04-22,"Central Shenandoah",80+,60,7,4
2020-04-22,"Central Virginia",0-9,1,0,0
2020-04-22,"Central Virginia",19-Oct,2,0,0
2020-04-22,"Central Virginia",20-29,16,1,0
2020-04-22,"Central Virginia",30-39,13,1,0
2020-04-22,"Central Virginia",40-49,13,0,0
2020-04-22,"Central Virginia",50-59,17,0,0
2020-04-22,"Central Virginia",60-69,17,1,1
2020-04-22,"Central Virginia",70-79,10,2,0
2020-04-22,"Central Virginia",80+,4,2,1
2020-04-22,Chesapeake,0-9,1,1,0
2020-04-22,Chesapeake,19-Oct,3,0,0
2020-04-22,Chesapeake,20-29,14,0,0
2020-04-22,Chesapeake,30-39,27,1,0
2020-04-22,Chesapeake,40-49,34,6,0
2020-04-22,Chesapeake,50-59,46,9,1
2020-04-22,Chesapeake,60-69,29,9,2
2020-04-22,Chesapeake,70-79,15,8,0
2020-04-22,Chesapeake,80+,11,5,2
2020-04-22,Chesterfield,0-9,1,0,0
2020-04-22,Chesterfield,19-Oct,27,0,0
2020-04-22,Chesterfield,20-29,41,1,0
2020-04-22,Chesterfield,30-39,62,1,0
2020-04-22,Chesterfield,40-49,67,4,2
2020-04-22,Chesterfield,50-59,67,7,0
2020-04-22,Chesterfield,60-69,53,8,4
2020-04-22,Chesterfield,70-79,35,4,0
2020-04-22,Chesterfield,80+,49,5,3
2020-04-22,Chickahominy,0-9,1,0,0
2020-04-22,Chickahominy,19-Oct,2,0,0
2020-04-22,Chickahominy,20-29,15,0,0
2020-04-22,Chickahominy,30-39,19,0,0
2020-04-22,Chickahominy,40-49,38,3,1
2020-04-22,Chickahominy,50-59,39,6,0
2020-04-22,Chickahominy,60-69,32,8,2
2020-04-22,Chickahominy,70-79,17,5,2
2020-04-22,Chickahominy,80+,28,13,6
2020-04-22,Crater,19-Oct,1,0,0
2020-04-22,Crater,20-29,12,0,0
2020-04-22,Crater,30-39,23,0,0
2020-04-22,Crater,40-49,22,4,0
2020-04-22,Crater,50-59,32,7,0
2020-04-22,Crater,60-69,30,7,5
2020-04-22,Crater,70-79,15,7,4
2020-04-22,Crater,80+,4,1,0
2020-04-22,"Cumberland Plateau",19-Oct,8,0,0
2020-04-22,"Cumberland Plateau",30-39,4,0,0
2020-04-22,"Cumberland Plateau",40-49,4,0,0
2020-04-22,"Cumberland Plateau",60-69,1,1,0
2020-04-22,"Cumberland Plateau",70-79,1,0,0
2020-04-22,"Eastern Shore",19-Oct,2,0,0
2020-04-22,"Eastern Shore",20-29,10,0,0
2020-04-22,"Eastern Shore",30-39,8,2,0
2020-04-22,"Eastern Shore",40-49,15,3,0
2020-04-22,"Eastern Shore",50-59,15,2,0
2020-04-22,"Eastern Shore",60-69,12,4,0
2020-04-22,"Eastern Shore",70-79,3,3,1
2020-04-22,"Eastern Shore",80+,2,2,0
2020-04-22,Fairfax,0-9,21,2,0
2020-04-22,Fairfax,19-Oct,45,1,0
2020-04-22,Fairfax,20-29,301,20,0
2020-04-22,Fairfax,30-39,379,35,1
2020-04-22,Fairfax,40-49,448,61,0
2020-04-22,Fairfax,50-59,422,83,4
2020-04-22,Fairfax,60-69,324,91,11
2020-04-22,Fairfax,70-79,168,56,12
2020-04-22,Fairfax,80+,198,60,40
2020-04-22,Hampton,19-Oct,5,0,0
2020-04-22,Hampton,20-29,15,1,0
2020-04-22,Hampton,30-39,15,1,0
2020-04-22,Hampton,40-49,10,2,0
2020-04-22,Hampton,50-59,23,7,0
2020-04-22,Hampton,60-69,19,8,1
2020-04-22,Hampton,70-79,7,5,0
2020-04-22,Hampton,80+,3,2,0
2020-04-22,Henrico,0-9,15,0,0
2020-04-22,Henrico,19-Oct,4,0,0
2020-04-22,Henrico,20-29,48,3,0
2020-04-22,Henrico,30-39,56,3,0
2020-04-22,Henrico,40-49,80,9,0
2020-04-22,Henrico,50-59,100,12,2
2020-04-22,Henrico,60-69,113,12,13
2020-04-22,Henrico,70-79,108,23,25
2020-04-22,Henrico,80+,159,34,42
2020-04-22,Henrico,Missing,1,0,0
2020-04-22,Lenowisco,0-9,2,0,0
2020-04-22,Lenowisco,19-Oct,1,0,0
2020-04-22,Lenowisco,20-29,5,0,0
2020-04-22,Lenowisco,30-39,3,1,1
2020-04-22,Lenowisco,40-49,2,1,0
2020-04-22,Lenowisco,50-59,11,3,0
2020-04-22,Lenowisco,60-69,5,3,1
2020-04-22,Lenowisco,70-79,3,2,0
2020-04-22,"Lord Fairfax",0-9,1,0,0
2020-04-22,"Lord Fairfax",19-Oct,11,0,0
2020-04-22,"Lord Fairfax",20-29,29,0,0
2020-04-22,"Lord Fairfax",30-39,37,4,0
2020-04-22,"Lord Fairfax",40-49,34,1,0
2020-04-22,"Lord Fairfax",50-59,50,3,0
2020-04-22,"Lord Fairfax",60-69,41,7,0
2020-04-22,"Lord Fairfax",70-79,11,4,0
2020-04-22,"Lord Fairfax",80+,3,2,0
2020-04-22,Loudoun,0-9,7,0,0
2020-04-22,Loudoun,19-Oct,13,0,0
2020-04-22,Loudoun,20-29,48,1,0
2020-04-22,Loudoun,30-39,68,3,0
2020-04-22,Loudoun,40-49,106,11,0
2020-04-22,Loudoun,50-59,118,12,0
2020-04-22,Loudoun,60-69,48,13,0
2020-04-22,Loudoun,70-79,26,9,1
2020-04-22,Loudoun,80+,41,12,8
2020-04-22,"Mount Rogers",0-9,1,0,0
2020-04-22,"Mount Rogers",19-Oct,2,0,0
2020-04-22,"Mount Rogers",20-29,5,0,0
2020-04-22,"Mount Rogers",30-39,13,3,0
2020-04-22,"Mount Rogers",40-49,9,0,0
2020-04-22,"Mount Rogers",50-59,9,1,0
2020-04-22,"Mount Rogers",60-69,7,1,0
2020-04-22,"Mount Rogers",70-79,8,6,1
2020-04-22,"Mount Rogers",80+,4,4,3
2020-04-22,"New River",0-9,2,0,0
2020-04-22,"New River",19-Oct,3,0,0
2020-04-22,"New River",20-29,15,0,0
2020-04-22,"New River",30-39,4,0,0
2020-04-22,"New River",40-49,7,0,0
2020-04-22,"New River",50-59,14,2,0
2020-04-22,"New River",60-69,12,2,0
2020-04-22,"New River",70-79,6,3,0
2020-04-22,"New River",80+,3,1,0
2020-04-22,Norfolk,0-9,1,0,0
2020-04-22,Norfolk,19-Oct,2,0,0
2020-04-22,Norfolk,20-29,18,0,0
2020-04-22,Norfolk,30-39,25,2,0
2020-04-22,Norfolk,40-49,28,4,0
2020-04-22,Norfolk,50-59,19,5,0
2020-04-22,Norfolk,60-69,19,10,1
2020-04-22,Norfolk,70-79,8,5,0
2020-04-22,Norfolk,80+,6,3,2
2020-04-22,Peninsula,0-9,3,0,0
2020-04-22,Peninsula,19-Oct,1,1,0
2020-04-22,Peninsula,20-29,26,1,0
2020-04-22,Peninsula,30-39,29,4,0
2020-04-22,Peninsula,40-49,35,2,0
2020-04-22,Peninsula,50-59,51,14,1
2020-04-22,Peninsula,60-69,77,23,2
2020-04-22,Peninsula,70-79,64,33,10
2020-04-22,Peninsula,80+,25,18,7
2020-04-22,Piedmont,19-Oct,2,0,0
2020-04-22,Piedmont,20-29,14,0,0
2020-04-22,Piedmont,30-39,9,0,0
2020-04-22,Piedmont,40-49,15,0,0
2020-04-22,Piedmont,50-59,16,5,0
2020-04-22,Piedmont,60-69,20,5,0
2020-04-22,Piedmont,70-79,11,6,2
2020-04-22,Piedmont,80+,3,0,1
2020-04-22,Pittsylvania-Danville,20-29,4,0,0
2020-04-22,Pittsylvania-Danville,30-39,4,0,0
2020-04-22,Pittsylvania-Danville,40-49,6,3,0
2020-04-22,Pittsylvania-Danville,50-59,6,3,0
2020-04-22,Pittsylvania-Danville,60-69,6,3,1
2020-04-22,Pittsylvania-Danville,70-79,9,6,0
2020-04-22,Pittsylvania-Danville,80+,3,2,1
2020-04-22,Portsmouth,20-29,9,2,0
2020-04-22,Portsmouth,30-39,16,3,0
2020-04-22,Portsmouth,40-49,13,3,0
2020-04-22,Portsmouth,50-59,19,7,1
2020-04-22,Portsmouth,60-69,15,7,2
2020-04-22,Portsmouth,70-79,10,5,0
2020-04-22,Portsmouth,80+,11,3,1
2020-04-22,"Prince William",0-9,26,1,0
2020-04-22,"Prince William",19-Oct,23,1,0
2020-04-22,"Prince William",20-29,143,8,0
2020-04-22,"Prince William",30-39,219,15,1
2020-04-22,"Prince William",40-49,232,29,2
2020-04-22,"Prince William",50-59,222,30,4
2020-04-22,"Prince William",60-69,128,19,5
2020-04-22,"Prince William",70-79,55,14,4
2020-04-22,"Prince William",80+,27,5,2
2020-04-22,Rappahannock,0-9,5,1,0
2020-04-22,Rappahannock,19-Oct,4,0,0
2020-04-22,Rappahannock,20-29,40,5,0
2020-04-22,Rappahannock,30-39,54,4,0
2020-04-22,Rappahannock,40-49,67,12,0
2020-04-22,Rappahannock,50-59,65,16,1
2020-04-22,Rappahannock,60-69,48,20,2
2020-04-22,Rappahannock,70-79,18,11,4
2020-04-22,Rappahannock,80+,9,6,2
2020-04-22,"Rappahannock Rapidan",0-9,3,0,0
2020-04-22,"Rappahannock Rapidan",19-Oct,10,0,0
2020-04-22,"Rappahannock Rapidan",20-29,26,0,0
2020-04-22,"Rappahannock Rapidan",30-39,38,5,0
2020-04-22,"Rappahannock Rapidan",40-49,37,1,0
2020-04-22,"Rappahannock Rapidan",50-59,23,3,0
2020-04-22,"Rappahannock Rapidan",60-69,13,2,0
2020-04-22,"Rappahannock Rapidan",70-79,6,1,0
2020-04-22,"Rappahannock Rapidan",80+,8,6,2
2020-04-22,Richmond,19-Oct,1,0,0
2020-04-22,Richmond,20-29,39,2,0
2020-04-22,Richmond,30-39,31,2,0
2020-04-22,Richmond,40-49,37,2,0
2020-04-22,Richmond,50-59,42,10,0
2020-04-22,Richmond,60-69,55,11,3
2020-04-22,Richmond,70-79,27,8,4
2020-04-22,Richmond,80+,18,6,3
2020-04-22,Roanoke,20-29,5,0,0
2020-04-22,Roanoke,30-39,2,0,0
2020-04-22,Roanoke,40-49,6,0,0
2020-04-22,Roanoke,50-59,7,1,0
2020-04-22,Roanoke,60-69,2,1,0
2020-04-22,Roanoke,70-79,3,1,0
2020-04-22,Roanoke,80+,2,2,0
2020-04-22,Southside,19-Oct,1,0,0
2020-04-22,Southside,20-29,12,2,0
2020-04-22,Southside,30-39,10,0,0
2020-04-22,Southside,40-49,12,3,0
2020-04-22,Southside,50-59,16,3,0
2020-04-22,Southside,60-69,13,5,0
2020-04-22,Southside,70-79,13,6,1
2020-04-22,Southside,80+,17,2,0
2020-04-22,"Thomas Jefferson",0-9,3,1,0
2020-04-22,"Thomas Jefferson",19-Oct,4,0,0
2020-04-22,"Thomas Jefferson",20-29,27,0,0
2020-04-22,"Thomas Jefferson",30-39,36,2,0
2020-04-22,"Thomas Jefferson",40-49,27,3,0
2020-04-22,"Thomas Jefferson",50-59,37,7,1
2020-04-22,"Thomas Jefferson",60-69,37,11,1
2020-04-22,"Thomas Jefferson",70-79,33,7,1
2020-04-22,"Thomas Jefferson",80+,30,15,7
2020-04-22,"Three Rivers",0-9,1,0,0
2020-04-22,"Three Rivers",20-29,13,0,0
2020-04-22,"Three Rivers",30-39,19,1,0
2020-04-22,"Three Rivers",40-49,31,2,1
2020-04-22,"Three Rivers",50-59,15,1,0
2020-04-22,"Three Rivers",60-69,15,4,0
2020-04-22,"Three Rivers",70-79,4,1,0
2020-04-22,"Three Rivers",80+,6,1,0
2020-04-22,"Virginia Beach",0-9,1,0,0
2020-04-22,"Virginia Beach",19-Oct,4,0,0
2020-04-22,"Virginia Beach",20-29,33,1,0
2020-04-22,"Virginia Beach",30-39,46,3,0
2020-04-22,"Virginia Beach",40-49,46,9,0
2020-04-22,"Virginia Beach",50-59,51,8,0
2020-04-22,"Virginia Beach",60-69,58,11,1
2020-04-22,"Virginia Beach",70-79,39,17,4
2020-04-22,"Virginia Beach",80+,35,11,3
2020-04-22,"West Piedmont",40-49,5,0,0
2020-04-22,"West Piedmont",50-59,5,0,0
2020-04-22,"West Piedmont",60-69,11,1,0
2020-04-22,"West Piedmont",70-79,4,2,1
2020-04-22,"West Piedmont",80+,3,1,0
2020-04-22,"Western Tidewater",0-9,2,0,0
2020-04-22,"Western Tidewater",19-Oct,2,0,0
2020-04-22,"Western Tidewater",20-29,25,0,0
2020-04-22,"Western Tidewater",30-39,23,1,0
2020-04-22,"Western Tidewater",40-49,26,3,0
2020-04-22,"Western Tidewater",50-59,30,3,0
2020-04-22,"Western Tidewater",60-69,41,8,2
2020-04-22,"Western Tidewater",70-79,35,9,2
2020-04-22,"Western Tidewater",80+,65,15,2
2020-04-23,Alexandria,0-9,14,0,0
2020-04-23,Alexandria,19-Oct,17,0,0
2020-04-23,Alexandria,20-29,80,2,1
2020-04-23,Alexandria,30-39,124,11,0
2020-04-23,Alexandria,40-49,91,10,0
2020-04-23,Alexandria,50-59,69,15,5
2020-04-23,Alexandria,60-69,52,12,0
2020-04-23,Alexandria,70-79,38,17,6
2020-04-23,Alexandria,80+,27,7,2
2020-04-23,Alleghany,19-Oct,1,0,0
2020-04-23,Alleghany,20-29,10,1,0
2020-04-23,Alleghany,30-39,4,0,0
2020-04-23,Alleghany,40-49,8,0,0
2020-04-23,Alleghany,50-59,23,3,0
2020-04-23,Alleghany,60-69,17,4,0
2020-04-23,Alleghany,70-79,5,2,1
2020-04-23,Alleghany,80+,8,3,2
2020-04-23,Arlington,0-9,1,0,0
2020-04-23,Arlington,19-Oct,4,1,0
2020-04-23,Arlington,20-29,103,7,0
2020-04-23,Arlington,30-39,111,14,0
2020-04-23,Arlington,40-49,91,11,1
2020-04-23,Arlington,50-59,127,22,1
2020-04-23,Arlington,60-69,100,21,2
2020-04-23,Arlington,70-79,68,19,6
2020-04-23,Arlington,80+,79,23,14
2020-04-23,Arlington,Missing,2,0,0
2020-04-23,"Central Shenandoah",0-9,3,0,0
2020-04-23,"Central Shenandoah",19-Oct,11,0,0
2020-04-23,"Central Shenandoah",20-29,72,0,0
2020-04-23,"Central Shenandoah",30-39,82,1,0
2020-04-23,"Central Shenandoah",40-49,92,2,0
2020-04-23,"Central Shenandoah",50-59,123,9,0
2020-04-23,"Central Shenandoah",60-69,89,10,1
2020-04-23,"Central Shenandoah",70-79,43,8,4
2020-04-23,"Central Shenandoah",80+,60,7,5
2020-04-23,"Central Virginia",0-9,1,0,0
2020-04-23,"Central Virginia",19-Oct,2,0,0
2020-04-23,"Central Virginia",20-29,17,1,0
2020-04-23,"Central Virginia",30-39,16,1,0
2020-04-23,"Central Virginia",40-49,13,0,0
2020-04-23,"Central Virginia",50-59,19,0,0
2020-04-23,"Central Virginia",60-69,18,2,1
2020-04-23,"Central Virginia",70-79,10,2,0
2020-04-23,"Central Virginia",80+,3,1,0
2020-04-23,Chesapeake,0-9,1,1,0
2020-04-23,Chesapeake,19-Oct,4,0,0
2020-04-23,Chesapeake,20-29,14,1,0
2020-04-23,Chesapeake,30-39,28,1,0
2020-04-23,Chesapeake,40-49,36,6,0
2020-04-23,Chesapeake,50-59,46,9,1
2020-04-23,Chesapeake,60-69,29,9,2
2020-04-23,Chesapeake,70-79,15,8,0
2020-04-23,Chesapeake,80+,13,5,2
2020-04-23,Chesterfield,0-9,1,0,0
2020-04-23,Chesterfield,19-Oct,29,0,0
2020-04-23,Chesterfield,20-29,46,2,0
2020-04-23,Chesterfield,30-39,71,1,0
2020-04-23,Chesterfield,40-49,83,4,2
2020-04-23,Chesterfield,50-59,76,9,0
2020-04-23,Chesterfield,60-69,59,8,4
2020-04-23,Chesterfield,70-79,37,5,0
2020-04-23,Chesterfield,80+,50,5,3
2020-04-23,Chickahominy,0-9,1,0,0
2020-04-23,Chickahominy,19-Oct,2,0,0
2020-04-23,Chickahominy,20-29,16,0,0
2020-04-23,Chickahominy,30-39,19,0,0
2020-04-23,Chickahominy,40-49,38,3,1
2020-04-23,Chickahominy,50-59,40,7,0
2020-04-23,Chickahominy,60-69,32,8,2
2020-04-23,Chickahominy,70-79,17,6,2
2020-04-23,Chickahominy,80+,29,14,7
2020-04-23,Crater,19-Oct,2,0,0
2020-04-23,Crater,20-29,15,2,0
2020-04-23,Crater,30-39,25,0,0
2020-04-23,Crater,40-49,26,4,0
2020-04-23,Crater,50-59,38,7,0
2020-04-23,Crater,60-69,35,10,5
2020-04-23,Crater,70-79,17,7,4
2020-04-23,Crater,80+,6,2,0
2020-04-23,"Cumberland Plateau",19-Oct,8,0,0
2020-04-23,"Cumberland Plateau",30-39,4,0,0
2020-04-23,"Cumberland Plateau",40-49,4,0,0
2020-04-23,"Cumberland Plateau",60-69,1,1,0
2020-04-23,"Cumberland Plateau",70-79,1,0,0
2020-04-23,"Eastern Shore",19-Oct,2,0,0
2020-04-23,"Eastern Shore",20-29,13,0,0
2020-04-23,"Eastern Shore",30-39,14,2,0
2020-04-23,"Eastern Shore",40-49,19,3,0
2020-04-23,"Eastern Shore",50-59,20,3,1
2020-04-23,"Eastern Shore",60-69,14,5,0
2020-04-23,"Eastern Shore",70-79,4,3,1
2020-04-23,"Eastern Shore",80+,2,2,0
2020-04-23,Fairfax,0-9,22,3,0
2020-04-23,Fairfax,19-Oct,50,2,0
2020-04-23,Fairfax,20-29,310,21,0
2020-04-23,Fairfax,30-39,398,37,1
2020-04-23,Fairfax,40-49,473,67,0
2020-04-23,Fairfax,50-59,441,87,4
2020-04-23,Fairfax,60-69,334,98,14
2020-04-23,Fairfax,70-79,175,57,13
2020-04-23,Fairfax,80+,210,64,48
2020-04-23,Hampton,19-Oct,5,0,0
2020-04-23,Hampton,20-29,15,1,0
2020-04-23,Hampton,30-39,15,1,0
2020-04-23,Hampton,40-49,10,2,0
2020-04-23,Hampton,50-59,25,7,0
2020-04-23,Hampton,60-69,19,8,1
2020-04-23,Hampton,70-79,7,5,0
2020-04-23,Hampton,80+,3,2,0
2020-04-23,Henrico,0-9,14,0,0
2020-04-23,Henrico,19-Oct,7,0,0
2020-04-23,Henrico,20-29,52,4,0
2020-04-23,Henrico,30-39,65,3,0
2020-04-23,Henrico,40-49,84,9,0
2020-04-23,Henrico,50-59,105,12,2
2020-04-23,Henrico,60-69,117,12,13
2020-04-23,Henrico,70-79,111,23,25
2020-04-23,Henrico,80+,162,36,43
2020-04-23,Henrico,Missing,1,0,0
2020-04-23,Lenowisco,0-9,2,0,0
2020-04-23,Lenowisco,19-Oct,1,0,0
2020-04-23,Lenowisco,20-29,5,0,0
2020-04-23,Lenowisco,30-39,3,1,1
2020-04-23,Lenowisco,40-49,2,1,0
2020-04-23,Lenowisco,50-59,11,3,0
2020-04-23,Lenowisco,60-69,6,4,1
2020-04-23,Lenowisco,70-79,4,3,0
2020-04-23,"Lord Fairfax",0-9,1,0,0
2020-04-23,"Lord Fairfax",19-Oct,11,0,0
2020-04-23,"Lord Fairfax",20-29,30,0,0
2020-04-23,"Lord Fairfax",30-39,40,4,0
2020-04-23,"Lord Fairfax",40-49,35,1,0
2020-04-23,"Lord Fairfax",50-59,52,4,0
2020-04-23,"Lord Fairfax",60-69,48,10,0
2020-04-23,"Lord Fairfax",70-79,12,5,0
2020-04-23,"Lord Fairfax",80+,5,4,0
2020-04-23,Loudoun,0-9,7,0,0
2020-04-23,Loudoun,19-Oct,14,0,0
2020-04-23,Loudoun,20-29,51,1,0
2020-04-23,Loudoun,30-39,70,4,0
2020-04-23,Loudoun,40-49,111,12,0
2020-04-23,Loudoun,50-59,124,12,0
2020-04-23,Loudoun,60-69,51,14,0
2020-04-23,Loudoun,70-79,27,9,1
2020-04-23,Loudoun,80+,43,12,9
2020-04-23,"Mount Rogers",0-9,1,0,0
2020-04-23,"Mount Rogers",19-Oct,2,0,0
2020-04-23,"Mount Rogers",20-29,5,0,0
2020-04-23,"Mount Rogers",30-39,13,3,0
2020-04-23,"Mount Rogers",40-49,9,0,0
2020-04-23,"Mount Rogers",50-59,9,1,0
2020-04-23,"Mount Rogers",60-69,7,1,0
2020-04-23,"Mount Rogers",70-79,9,6,1
2020-04-23,"Mount Rogers",80+,4,4,3
2020-04-23,"New River",0-9,2,0,0
2020-04-23,"New River",19-Oct,3,0,0
2020-04-23,"New River",20-29,15,0,0
2020-04-23,"New River",30-39,4,0,0
2020-04-23,"New River",40-49,7,0,0
2020-04-23,"New River",50-59,14,2,0
2020-04-23,"New River",60-69,12,2,0
2020-04-23,"New River",70-79,6,3,0
2020-04-23,"New River",80+,3,1,0
2020-04-23,Norfolk,0-9,1,0,0
2020-04-23,Norfolk,19-Oct,2,0,0
2020-04-23,Norfolk,20-29,23,0,0
2020-04-23,Norfolk,30-39,26,3,0
2020-04-23,Norfolk,40-49,30,4,0
2020-04-23,Norfolk,50-59,21,5,0
2020-04-23,Norfolk,60-69,19,10,1
2020-04-23,Norfolk,70-79,8,5,0
2020-04-23,Norfolk,80+,6,4,2
2020-04-23,Peninsula,0-9,4,0,0
2020-04-23,Peninsula,19-Oct,2,1,0
2020-04-23,Peninsula,20-29,26,1,0
2020-04-23,Peninsula,30-39,31,4,0
2020-04-23,Peninsula,40-49,35,2,0
2020-04-23,Peninsula,50-59,52,14,1
2020-04-23,Peninsula,60-69,77,23,2
2020-04-23,Peninsula,70-79,64,33,10
2020-04-23,Peninsula,80+,26,18,7
2020-04-23,Piedmont,19-Oct,2,0,0
2020-04-23,Piedmont,20-29,15,0,0
2020-04-23,Piedmont,30-39,9,0,0
2020-04-23,Piedmont,40-49,17,0,0
2020-04-23,Piedmont,50-59,21,5,0
2020-04-23,Piedmont,60-69,20,6,0
2020-04-23,Piedmont,70-79,14,6,2
2020-04-23,Piedmont,80+,6,0,1
2020-04-23,Pittsylvania-Danville,0-9,1,0,0
2020-04-23,Pittsylvania-Danville,20-29,5,0,0
2020-04-23,Pittsylvania-Danville,30-39,4,0,0
2020-04-23,Pittsylvania-Danville,40-49,7,3,0
2020-04-23,Pittsylvania-Danville,50-59,6,3,0
2020-04-23,Pittsylvania-Danville,60-69,7,3,1
2020-04-23,Pittsylvania-Danville,70-79,9,6,0
2020-04-23,Pittsylvania-Danville,80+,3,2,1
2020-04-23,Portsmouth,20-29,9,2,0
2020-04-23,Portsmouth,30-39,17,3,0
2020-04-23,Portsmouth,40-49,13,3,0
2020-04-23,Portsmouth,50-59,21,7,1
2020-04-23,Portsmouth,60-69,16,7,2
2020-04-23,Portsmouth,70-79,11,5,0
2020-04-23,Portsmouth,80+,11,3,1
2020-04-23,"Prince William",0-9,35,1,0
2020-04-23,"Prince William",19-Oct,29,1,0
2020-04-23,"Prince William",20-29,169,10,0
2020-04-23,"Prince William",30-39,243,15,1
2020-04-23,"Prince William",40-49,251,29,2
2020-04-23,"Prince William",50-59,241,34,4
2020-04-23,"Prince William",60-69,136,19,5
2020-04-23,"Prince William",70-79,57,17,6
2020-04-23,"Prince William",80+,31,6,2
2020-04-23,Rappahannock,0-9,7,1,0
2020-04-23,Rappahannock,19-Oct,6,0,0
2020-04-23,Rappahannock,20-29,46,5,0
2020-04-23,Rappahannock,30-39,60,4,0
2020-04-23,Rappahannock,40-49,72,12,0
2020-04-23,Rappahannock,50-59,69,16,1
2020-04-23,Rappahannock,60-69,49,20,2
2020-04-23,Rappahannock,70-79,18,11,4
2020-04-23,Rappahannock,80+,9,6,2
2020-04-23,"Rappahannock Rapidan",0-9,3,0,0
2020-04-23,"Rappahannock Rapidan",19-Oct,12,0,0
2020-04-23,"Rappahannock Rapidan",20-29,31,0,0
2020-04-23,"Rappahannock Rapidan",30-39,43,5,0
2020-04-23,"Rappahannock Rapidan",40-49,41,1,0
2020-04-23,"Rappahannock Rapidan",50-59,26,4,0
2020-04-23,"Rappahannock Rapidan",60-69,14,2,0
2020-04-23,"Rappahannock Rapidan",70-79,7,1,0
2020-04-23,"Rappahannock Rapidan",80+,8,6,2
2020-04-23,Richmond,19-Oct,1,0,0
2020-04-23,Richmond,20-29,43,2,0
2020-04-23,Richmond,30-39,33,2,0
2020-04-23,Richmond,40-49,38,2,0
2020-04-23,Richmond,50-59,43,11,0
2020-04-23,Richmond,60-69,55,13,4
2020-04-23,Richmond,70-79,28,9,5
2020-04-23,Richmond,80+,18,6,4
2020-04-23,Roanoke,20-29,5,0,0
2020-04-23,Roanoke,30-39,2,0,0
2020-04-23,Roanoke,40-49,6,0,0
2020-04-23,Roanoke,50-59,8,1,0
2020-04-23,Roanoke,60-69,2,1,0
2020-04-23,Roanoke,70-79,3,1,0
2020-04-23,Roanoke,80+,2,2,0
2020-04-23,Southside,19-Oct,2,0,0
2020-04-23,Southside,20-29,12,2,0
2020-04-23,Southside,30-39,10,0,0
2020-04-23,Southside,40-49,12,3,0
2020-04-23,Southside,50-59,17,3,0
2020-04-23,Southside,60-69,13,5,0
2020-04-23,Southside,70-79,13,6,1
2020-04-23,Southside,80+,18,3,0
2020-04-23,"Thomas Jefferson",0-9,3,1,0
2020-04-23,"Thomas Jefferson",19-Oct,4,0,0
2020-04-23,"Thomas Jefferson",20-29,28,0,0
2020-04-23,"Thomas Jefferson",30-39,36,2,0
2020-04-23,"Thomas Jefferson",40-49,30,4,0
2020-04-23,"Thomas Jefferson",50-59,40,7,1
2020-04-23,"Thomas Jefferson",60-69,37,11,1
2020-04-23,"Thomas Jefferson",70-79,33,8,1
2020-04-23,"Thomas Jefferson",80+,31,15,7
2020-04-23,"Three Rivers",0-9,1,0,0
2020-04-23,"Three Rivers",20-29,17,0,0
2020-04-23,"Three Rivers",30-39,23,1,0
2020-04-23,"Three Rivers",40-49,35,2,1
2020-04-23,"Three Rivers",50-59,16,1,0
2020-04-23,"Three Rivers",60-69,16,4,0
2020-04-23,"Three Rivers",70-79,7,1,0
2020-04-23,"Three Rivers",80+,7,2,0
2020-04-23,"Virginia Beach",0-9,1,0,0
2020-04-23,"Virginia Beach",19-Oct,4,0,0
2020-04-23,"Virginia Beach",20-29,35,1,0
2020-04-23,"Virginia Beach",30-39,50,3,0
2020-04-23,"Virginia Beach",40-49,48,9,0
2020-04-23,"Virginia Beach",50-59,54,9,0
2020-04-23,"Virginia Beach",60-69,61,11,1
2020-04-23,"Virginia Beach",70-79,39,17,4
2020-04-23,"Virginia Beach",80+,36,11,3
2020-04-23,"West Piedmont",40-49,5,0,0
2020-04-23,"West Piedmont",50-59,5,0,0
2020-04-23,"West Piedmont",60-69,11,1,0
2020-04-23,"West Piedmont",70-79,4,2,1
2020-04-23,"West Piedmont",80+,3,1,0
2020-04-23,"Western Tidewater",0-9,2,0,0
2020-04-23,"Western Tidewater",19-Oct,2,0,0
2020-04-23,"Western Tidewater",20-29,25,0,0
2020-04-23,"Western Tidewater",30-39,26,1,0
2020-04-23,"Western Tidewater",40-49,44,3,0
2020-04-23,"Western Tidewater",50-59,52,3,0
2020-04-23,"Western Tidewater",60-69,57,9,2
2020-04-23,"Western Tidewater",70-79,39,9,2
2020-04-23,"Western Tidewater",80+,66,15,2
2020-04-24,Alexandria,0-9,2,0,0
2020-04-24,Alexandria,19-Oct,7,0,0
2020-04-24,Alexandria,20-29,48,2,1
2020-04-24,Alexandria,30-39,73,9,0
2020-04-24,Alexandria,40-49,50,7,0
2020-04-24,Alexandria,50-59,42,12,3
2020-04-24,Alexandria,60-69,29,6,0
2020-04-24,Alexandria,70-79,22,11,4
2020-04-24,Alexandria,80+,16,5,1
2020-04-24,Alexandria,Missing,258,29,6
2020-04-24,Alleghany,20-29,6,1,0
2020-04-24,Alleghany,30-39,3,0,0
2020-04-24,Alleghany,40-49,7,0,0
2020-04-24,Alleghany,50-59,16,1,0
2020-04-24,Alleghany,60-69,15,4,0
2020-04-24,Alleghany,70-79,4,2,1
2020-04-24,Alleghany,80+,4,2,1
2020-04-24,Alleghany,Missing,27,4,1
2020-04-24,Arlington,19-Oct,3,1,0
2020-04-24,Arlington,20-29,78,7,0
2020-04-24,Arlington,30-39,82,12,0
2020-04-24,Arlington,40-49,61,10,1
2020-04-24,Arlington,50-59,101,20,1
2020-04-24,Arlington,60-69,82,19,2
2020-04-24,Arlington,70-79,38,18,6
2020-04-24,Arlington,80+,47,20,11
2020-04-24,Arlington,Missing,230,13,3
2020-04-24,"Central Shenandoah",0-9,2,0,0
2020-04-24,"Central Shenandoah",19-Oct,7,0,0
2020-04-24,"Central Shenandoah",20-29,34,0,0
2020-04-24,"Central Shenandoah",30-39,43,1,0
2020-04-24,"Central Shenandoah",40-49,46,0,0
2020-04-24,"Central Shenandoah",50-59,71,10,0
2020-04-24,"Central Shenandoah",60-69,45,8,1
2020-04-24,"Central Shenandoah",70-79,27,7,3
2020-04-24,"Central Shenandoah",80+,49,5,4
2020-04-24,"Central Shenandoah",Missing,275,8,3
2020-04-24,"Central Virginia",19-Oct,2,0,0
2020-04-24,"Central Virginia",20-29,13,1,0
2020-04-24,"Central Virginia",30-39,10,1,0
2020-04-24,"Central Virginia",40-49,11,0,0
2020-04-24,"Central Virginia",50-59,17,0,0
2020-04-24,"Central Virginia",60-69,16,1,1
2020-04-24,"Central Virginia",70-79,8,2,0
2020-04-24,"Central Virginia",80+,2,1,0
2020-04-24,"Central Virginia",Missing,23,1,0
2020-04-24,Chesapeake,0-9,1,1,0
2020-04-24,Chesapeake,19-Oct,3,0,0
2020-04-24,Chesapeake,20-29,10,1,0
2020-04-24,Chesapeake,30-39,21,1,0
2020-04-24,Chesapeake,40-49,25,5,0
2020-04-24,Chesapeake,50-59,40,9,1
2020-04-24,Chesapeake,60-69,23,9,2
2020-04-24,Chesapeake,70-79,15,8,0
2020-04-24,Chesapeake,80+,7,4,1
2020-04-24,Chesapeake,Missing,52,5,1
2020-04-24,Chesterfield,19-Oct,24,0,0
2020-04-24,Chesterfield,20-29,33,2,0
2020-04-24,Chesterfield,30-39,43,1,0
2020-04-24,Chesterfield,40-49,50,5,2
2020-04-24,Chesterfield,50-59,51,11,1
2020-04-24,Chesterfield,60-69,43,9,7
2020-04-24,Chesterfield,70-79,25,4,2
2020-04-24,Chesterfield,80+,35,4,8
2020-04-24,Chesterfield,Missing,169,2,0
2020-04-24,Chickahominy,19-Oct,2,0,0
2020-04-24,Chickahominy,20-29,12,0,0
2020-04-24,Chickahominy,30-39,15,0,0
2020-04-24,Chickahominy,40-49,30,3,1
2020-04-24,Chickahominy,50-59,33,6,0
2020-04-24,Chickahominy,60-69,24,8,1
2020-04-24,Chickahominy,70-79,16,6,2
2020-04-24,Chickahominy,80+,19,12,6
2020-04-24,Chickahominy,Missing,50,5,2
2020-04-24,Crater,19-Oct,1,0,0
2020-04-24,Crater,20-29,12,1,0
2020-04-24,Crater,30-39,20,0,0
2020-04-24,Crater,40-49,18,4,0
2020-04-24,Crater,50-59,30,7,0
2020-04-24,Crater,60-69,29,8,4
2020-04-24,Crater,70-79,15,8,4
2020-04-24,Crater,80+,5,1,0
2020-04-24,Crater,Missing,37,6,1
2020-04-24,"Cumberland Plateau",19-Oct,8,0,0
2020-04-24,"Cumberland Plateau",30-39,4,0,0
2020-04-24,"Cumberland Plateau",40-49,4,0,0
2020-04-24,"Cumberland Plateau",60-69,1,1,0
2020-04-24,"Cumberland Plateau",70-79,1,0,0
2020-04-24,"Eastern Shore",20-29,4,0,0
2020-04-24,"Eastern Shore",30-39,1,0,0
2020-04-24,"Eastern Shore",40-49,7,2,0
2020-04-24,"Eastern Shore",50-59,3,1,0
2020-04-24,"Eastern Shore",60-69,7,3,0
2020-04-24,"Eastern Shore",70-79,3,3,1
2020-04-24,"Eastern Shore",80+,2,2,0
2020-04-24,"Eastern Shore",Missing,88,7,2
2020-04-24,Fairfax,0-9,9,2,0
2020-04-24,Fairfax,19-Oct,32,1,0
2020-04-24,Fairfax,20-29,178,15,0
2020-04-24,Fairfax,30-39,244,25,1
2020-04-24,Fairfax,40-49,264,45,0
2020-04-24,Fairfax,50-59,288,69,5
2020-04-24,Fairfax,60-69,216,69,9
2020-04-24,Fairfax,70-79,120,43,8
2020-04-24,Fairfax,80+,126,37,33
2020-04-24,Fairfax,Missing,1107,154,33
2020-04-24,Hampton,19-Oct,1,0,0
2020-04-24,Hampton,20-29,14,1,0
2020-04-24,Hampton,30-39,11,1,0
2020-04-24,Hampton,40-49,8,2,0
2020-04-24,Hampton,50-59,16,6,0
2020-04-24,Hampton,60-69,19,8,1
2020-04-24,Hampton,70-79,7,5,0
2020-04-24,Hampton,80+,3,2,0
2020-04-24,Hampton,Missing,20,1,0
2020-04-24,Henrico,0-9,12,0,0
2020-04-24,Henrico,19-Oct,2,0,0
2020-04-24,Henrico,20-29,40,3,0
2020-04-24,Henrico,30-39,47,2,0
2020-04-24,Henrico,40-49,67,8,0
2020-04-24,Henrico,50-59,79,10,2
2020-04-24,Henrico,60-69,99,11,13
2020-04-24,Henrico,70-79,92,20,24
2020-04-24,Henrico,80+,112,31,41
2020-04-24,Henrico,Missing,179,22,6
2020-04-24,Lenowisco,0-9,2,0,0
2020-04-24,Lenowisco,19-Oct,1,0,0
2020-04-24,Lenowisco,20-29,5,0,0
2020-04-24,Lenowisco,30-39,2,1,0
2020-04-24,Lenowisco,40-49,1,1,0
2020-04-24,Lenowisco,50-59,9,2,0
2020-04-24,Lenowisco,60-69,5,3,1
2020-04-24,Lenowisco,70-79,2,2,0
2020-04-24,Lenowisco,Missing,8,3,1
2020-04-24,"Lord Fairfax",19-Oct,6,0,0
2020-04-24,"Lord Fairfax",20-29,21,0,0
2020-04-24,"Lord Fairfax",30-39,26,3,0
2020-04-24,"Lord Fairfax",40-49,27,1,0
2020-04-24,"Lord Fairfax",50-59,39,3,0
2020-04-24,"Lord Fairfax",60-69,34,7,0
2020-04-24,"Lord Fairfax",70-79,8,2,0
2020-04-24,"Lord Fairfax",80+,2,1,0
2020-04-24,"Lord Fairfax",Missing,93,14,0
2020-04-24,Loudoun,0-9,4,0,0
2020-04-24,Loudoun,19-Oct,11,0,0
2020-04-24,Loudoun,20-29,36,1,0
2020-04-24,Loudoun,30-39,47,2,0
2020-04-24,Loudoun,40-49,86,10,0
2020-04-24,Loudoun,50-59,106,12,0
2020-04-24,Loudoun,60-69,42,12,0
2020-04-24,Loudoun,70-79,21,7,1
2020-04-24,Loudoun,80+,31,11,9
2020-04-24,Loudoun,Missing,145,12,0
2020-04-24,"Mount Rogers",0-9,1,0,0
2020-04-24,"Mount Rogers",19-Oct,2,0,0
2020-04-24,"Mount Rogers",20-29,5,0,0
2020-04-24,"Mount Rogers",30-39,11,3,0
2020-04-24,"Mount Rogers",40-49,7,0,0
2020-04-24,"Mount Rogers",50-59,8,1,0
2020-04-24,"Mount Rogers",60-69,7,1,0
2020-04-24,"Mount Rogers",70-79,6,5,1
2020-04-24,"Mount Rogers",80+,3,3,3
2020-04-24,"Mount Rogers",Missing,9,2,0
2020-04-24,"New River",19-Oct,2,0,0
2020-04-24,"New River",20-29,12,0,0
2020-04-24,"New River",40-49,4,0,0
2020-04-24,"New River",50-59,14,2,0
2020-04-24,"New River",60-69,7,1,0
2020-04-24,"New River",70-79,5,3,0
2020-04-24,"New River",80+,3,1,0
2020-04-24,"New River",Missing,20,1,0
2020-04-24,Norfolk,19-Oct,2,0,0
2020-04-24,Norfolk,20-29,17,0,0
2020-04-24,Norfolk,30-39,19,2,0
2020-04-24,Norfolk,40-49,22,3,0
2020-04-24,Norfolk,50-59,17,5,0
2020-04-24,Norfolk,60-69,16,10,1
2020-04-24,Norfolk,70-79,6,5,0
2020-04-24,Norfolk,80+,6,4,2
2020-04-24,Norfolk,Missing,36,2,0
2020-04-24,Peninsula,0-9,2,0,0
2020-04-24,Peninsula,19-Oct,1,1,0
2020-04-24,Peninsula,20-29,23,1,0
2020-04-24,Peninsula,30-39,26,4,0
2020-04-24,Peninsula,40-49,32,2,0
2020-04-24,Peninsula,50-59,51,14,1
2020-04-24,Peninsula,60-69,74,23,2
2020-04-24,Peninsula,70-79,63,33,10
2020-04-24,Peninsula,80+,25,18,7
2020-04-24,Peninsula,Missing,23,0,0
2020-04-24,Piedmont,19-Oct,1,0,0
2020-04-24,Piedmont,20-29,13,0,0
2020-04-24,Piedmont,30-39,8,0,0
2020-04-24,Piedmont,40-49,13,0,0
2020-04-24,Piedmont,50-59,12,5,0
2020-04-24,Piedmont,60-69,17,5,0
2020-04-24,Piedmont,70-79,9,6,2
2020-04-24,Piedmont,80+,2,0,1
2020-04-24,Piedmont,Missing,36,1,0
2020-04-24,Pittsylvania-Danville,20-29,2,0,0
2020-04-24,Pittsylvania-Danville,30-39,4,0,0
2020-04-24,Pittsylvania-Danville,40-49,5,3,0
2020-04-24,Pittsylvania-Danville,50-59,3,3,0
2020-04-24,Pittsylvania-Danville,60-69,5,3,1
2020-04-24,Pittsylvania-Danville,70-79,8,6,0
2020-04-24,Pittsylvania-Danville,80+,2,1,1
2020-04-24,Pittsylvania-Danville,Missing,13,1,0
2020-04-24,Portsmouth,20-29,8,2,0
2020-04-24,Portsmouth,30-39,9,3,0
2020-04-24,Portsmouth,40-49,11,3,0
2020-04-24,Portsmouth,50-59,13,6,1
2020-04-24,Portsmouth,60-69,12,4,2
2020-04-24,Portsmouth,70-79,6,4,0
2020-04-24,Portsmouth,80+,4,2,1
2020-04-24,Portsmouth,Missing,37,6,0
2020-04-24,"Prince William",0-9,13,1,0
2020-04-24,"Prince William",19-Oct,15,1,0
2020-04-24,"Prince William",20-29,79,10,0
2020-04-24,"Prince William",30-39,144,15,1
2020-04-24,"Prince William",40-49,161,29,2
2020-04-24,"Prince William",50-59,145,32,3
2020-04-24,"Prince William",60-69,91,19,5
2020-04-24,"Prince William",70-79,35,16,5
2020-04-24,"Prince William",80+,14,4,1
2020-04-24,"Prince William",Missing,594,11,3
2020-04-24,Rappahannock,0-9,4,0,0
2020-04-24,Rappahannock,19-Oct,4,0,0
2020-04-24,Rappahannock,20-29,29,5,0
2020-04-24,Rappahannock,30-39,37,4,0
2020-04-24,Rappahannock,40-49,51,10,0
2020-04-24,Rappahannock,50-59,49,14,1
2020-04-24,Rappahannock,60-69,38,18,2
2020-04-24,Rappahannock,70-79,18,11,4
2020-04-24,Rappahannock,80+,9,6,2
2020-04-24,Rappahannock,Missing,116,7,0
2020-04-24,"Rappahannock Rapidan",19-Oct,5,0,0
2020-04-24,"Rappahannock Rapidan",20-29,14,0,0
2020-04-24,"Rappahannock Rapidan",30-39,19,4,0
2020-04-24,"Rappahannock Rapidan",40-49,20,1,0
2020-04-24,"Rappahannock Rapidan",50-59,13,3,0
2020-04-24,"Rappahannock Rapidan",60-69,9,1,0
2020-04-24,"Rappahannock Rapidan",70-79,4,1,0
2020-04-24,"Rappahannock Rapidan",80+,6,6,2
2020-04-24,"Rappahannock Rapidan",Missing,110,5,1
2020-04-24,Richmond,19-Oct,1,1,0
2020-04-24,Richmond,20-29,28,2,0
2020-04-24,Richmond,30-39,24,2,0
2020-04-24,Richmond,40-49,29,1,0
2020-04-24,Richmond,50-59,32,10,0
2020-04-24,Richmond,60-69,39,13,3
2020-04-24,Richmond,70-79,23,11,5
2020-04-24,Richmond,80+,17,7,5
2020-04-24,Richmond,Missing,74,4,1
2020-04-24,Roanoke,20-29,3,0,0
2020-04-24,Roanoke,30-39,2,0,0
2020-04-24,Roanoke,40-49,6,0,0
2020-04-24,Roanoke,50-59,7,1,0
2020-04-24,Roanoke,60-69,2,1,0
2020-04-24,Roanoke,70-79,3,1,0
2020-04-24,Roanoke,80+,1,1,0
2020-04-24,Roanoke,Missing,9,1,0
2020-04-24,Southside,19-Oct,1,0,0
2020-04-24,Southside,20-29,7,2,0
2020-04-24,Southside,30-39,7,0,0
2020-04-24,Southside,40-49,11,3,0
2020-04-24,Southside,50-59,14,2,0
2020-04-24,Southside,60-69,11,3,0
2020-04-24,Southside,70-79,11,5,3
2020-04-24,Southside,80+,16,1,4
2020-04-24,Southside,Missing,26,7,0
2020-04-24,"Thomas Jefferson",0-9,3,1,0
2020-04-24,"Thomas Jefferson",19-Oct,3,0,0
2020-04-24,"Thomas Jefferson",20-29,21,0,0
2020-04-24,"Thomas Jefferson",30-39,31,2,0
2020-04-24,"Thomas Jefferson",40-49,19,2,0
2020-04-24,"Thomas Jefferson",50-59,36,7,1
2020-04-24,"Thomas Jefferson",60-69,34,10,1
2020-04-24,"Thomas Jefferson",70-79,28,8,1
2020-04-24,"Thomas Jefferson",80+,23,13,8
2020-04-24,"Thomas Jefferson",Missing,46,6,0
2020-04-24,"Three Rivers",0-9,1,0,0
2020-04-24,"Three Rivers",20-29,7,0,0
2020-04-24,"Three Rivers",30-39,5,1,0
2020-04-24,"Three Rivers",40-49,12,2,1
2020-04-24,"Three Rivers",50-59,9,0,0
2020-04-24,"Three Rivers",60-69,11,3,0
2020-04-24,"Three Rivers",70-79,4,1,0
2020-04-24,"Three Rivers",80+,6,1,0
2020-04-24,"Three Rivers",Missing,67,3,0
2020-04-24,"Virginia Beach",0-9,1,0,0
2020-04-24,"Virginia Beach",19-Oct,4,0,0
2020-04-24,"Virginia Beach",20-29,27,0,0
2020-04-24,"Virginia Beach",30-39,40,3,0
2020-04-24,"Virginia Beach",40-49,39,9,0
2020-04-24,"Virginia Beach",50-59,46,7,0
2020-04-24,"Virginia Beach",60-69,51,12,1
2020-04-24,"Virginia Beach",70-79,33,16,3
2020-04-24,"Virginia Beach",80+,20,11,3
2020-04-24,"Virginia Beach",Missing,70,7,3
2020-04-24,"West Piedmont",40-49,4,0,0
2020-04-24,"West Piedmont",50-59,4,0,0
2020-04-24,"West Piedmont",60-69,10,1,0
2020-04-24,"West Piedmont",70-79,4,2,1
2020-04-24,"West Piedmont",80+,2,0,0
2020-04-24,"West Piedmont",Missing,9,2,0
2020-04-24,"Western Tidewater",0-9,1,0,0
2020-04-24,"Western Tidewater",19-Oct,1,0,0
2020-04-24,"Western Tidewater",20-29,16,0,0
2020-04-24,"Western Tidewater",30-39,17,1,0
2020-04-24,"Western Tidewater",40-49,19,3,0
2020-04-24,"Western Tidewater",50-59,27,3,0
2020-04-24,"Western Tidewater",60-69,27,7,2
2020-04-24,"Western Tidewater",70-79,21,6,2
2020-04-24,"Western Tidewater",80+,28,7,1
2020-04-24,"Western Tidewater",Missing,162,14,2
2020-04-25,Alexandria,0-9,18,0,0
2020-04-25,Alexandria,19-Oct,22,0,0
2020-04-25,Alexandria,20-29,82,2,1
2020-04-25,Alexandria,30-39,135,11,0
2020-04-25,Alexandria,40-49,100,11,0
2020-04-25,Alexandria,50-59,84,16,6
2020-04-25,Alexandria,60-69,65,15,1
2020-04-25,Alexandria,70-79,40,17,6
2020-04-25,Alexandria,80+,29,8,4
2020-04-25,Alleghany,19-Oct,1,0,0
2020-04-25,Alleghany,20-29,13,1,0
2020-04-25,Alleghany,30-39,5,0,0
2020-04-25,Alleghany,40-49,9,0,0
2020-04-25,Alleghany,50-59,24,4,0
2020-04-25,Alleghany,60-69,16,4,0
2020-04-25,Alleghany,70-79,6,2,1
2020-04-25,Alleghany,80+,8,3,2
2020-04-25,Arlington,0-9,2,0,0
2020-04-25,Arlington,19-Oct,6,1,0
2020-04-25,Arlington,20-29,111,9,0
2020-04-25,Arlington,30-39,124,16,0
2020-04-25,Arlington,40-49,104,15,2
2020-04-25,Arlington,50-59,138,22,1
2020-04-25,Arlington,60-69,111,25,3
2020-04-25,Arlington,70-79,82,23,6
2020-04-25,Arlington,80+,84,28,17
2020-04-25,Arlington,Missing,2,0,0
2020-04-25,"Central Shenandoah",0-9,7,0,0
2020-04-25,"Central Shenandoah",19-Oct,14,0,0
2020-04-25,"Central Shenandoah",20-29,75,0,0
2020-04-25,"Central Shenandoah",30-39,92,2,0
2020-04-25,"Central Shenandoah",40-49,99,2,0
2020-04-25,"Central Shenandoah",50-59,133,10,0
2020-04-25,"Central Shenandoah",60-69,94,10,2
2020-04-25,"Central Shenandoah",70-79,50,9,4
2020-04-25,"Central Shenandoah",80+,60,7,5
2020-04-25,"Central Virginia",0-9,1,0,0
2020-04-25,"Central Virginia",19-Oct,2,0,0
2020-04-25,"Central Virginia",20-29,18,1,0
2020-04-25,"Central Virginia",30-39,17,1,0
2020-04-25,"Central Virginia",40-49,13,0,0
2020-04-25,"Central Virginia",50-59,19,0,0
2020-04-25,"Central Virginia",60-69,20,2,1
2020-04-25,"Central Virginia",70-79,10,2,0
2020-04-25,"Central Virginia",80+,3,1,0
2020-04-25,Chesapeake,0-9,1,1,0
2020-04-25,Chesapeake,19-Oct,4,0,0
2020-04-25,Chesapeake,20-29,18,2,0
2020-04-25,Chesapeake,30-39,29,1,0
2020-04-25,Chesapeake,40-49,36,7,0
2020-04-25,Chesapeake,50-59,48,9,1
2020-04-25,Chesapeake,60-69,31,10,2
2020-04-25,Chesapeake,70-79,17,9,0
2020-04-25,Chesapeake,80+,16,6,3
2020-04-25,Chesterfield,0-9,1,0,0
2020-04-25,Chesterfield,19-Oct,33,0,0
2020-04-25,Chesterfield,20-29,48,2,0
2020-04-25,Chesterfield,30-39,78,1,0
2020-04-25,Chesterfield,40-49,93,5,2
2020-04-25,Chesterfield,50-59,85,11,1
2020-04-25,Chesterfield,60-69,63,9,7
2020-04-25,Chesterfield,70-79,41,5,2
2020-04-25,Chesterfield,80+,52,6,9
2020-04-25,Chickahominy,0-9,1,0,0
2020-04-25,Chickahominy,19-Oct,4,0,0
2020-04-25,Chickahominy,20-29,19,0,0
2020-04-25,Chickahominy,30-39,24,0,0
2020-04-25,Chickahominy,40-49,39,3,1
2020-04-25,Chickahominy,50-59,41,7,0
2020-04-25,Chickahominy,60-69,29,9,2
2020-04-25,Chickahominy,70-79,17,6,2
2020-04-25,Chickahominy,80+,30,15,7
2020-04-25,Crater,19-Oct,2,0,0
2020-04-25,Crater,20-29,16,2,0
2020-04-25,Crater,30-39,29,1,0
2020-04-25,Crater,40-49,27,4,0
2020-04-25,Crater,50-59,38,10,0
2020-04-25,Crater,60-69,35,11,5
2020-04-25,Crater,70-79,17,10,4
2020-04-25,Crater,80+,6,3,0
2020-04-25,"Cumberland Plateau",19-Oct,9,0,0
2020-04-25,"Cumberland Plateau",30-39,4,0,0
2020-04-25,"Cumberland Plateau",40-49,4,0,0
2020-04-25,"Cumberland Plateau",60-69,1,1,0
2020-04-25,"Cumberland Plateau",70-79,2,0,0
2020-04-25,"Eastern Shore",19-Oct,5,0,0
2020-04-25,"Eastern Shore",20-29,27,0,0
2020-04-25,"Eastern Shore",30-39,24,2,0
2020-04-25,"Eastern Shore",40-49,38,3,0
2020-04-25,"Eastern Shore",50-59,41,3,2
2020-04-25,"Eastern Shore",60-69,24,5,0
2020-04-25,"Eastern Shore",70-79,4,3,1
2020-04-25,"Eastern Shore",80+,3,2,0
2020-04-25,Fairfax,0-9,26,4,0
2020-04-25,Fairfax,19-Oct,62,2,0
2020-04-25,Fairfax,20-29,355,21,0
2020-04-25,Fairfax,30-39,474,43,1
2020-04-25,Fairfax,40-49,543,71,0
2020-04-25,Fairfax,50-59,513,94,5
2020-04-25,Fairfax,60-69,387,113,15
2020-04-25,Fairfax,70-79,194,65,15
2020-04-25,Fairfax,80+,243,75,58
2020-04-25,Hampton,19-Oct,5,0,0
2020-04-25,Hampton,20-29,15,1,0
2020-04-25,Hampton,30-39,15,1,0
2020-04-25,Hampton,40-49,12,2,0
2020-04-25,Hampton,50-59,25,7,0
2020-04-25,Hampton,60-69,19,8,1
2020-04-25,Hampton,70-79,7,5,0
2020-04-25,Hampton,80+,3,2,0
2020-04-25,Henrico,0-9,14,0,0
2020-04-25,Henrico,19-Oct,8,0,0
2020-04-25,Henrico,20-29,55,4,0
2020-04-25,Henrico,30-39,68,3,0
2020-04-25,Henrico,40-49,90,9,0
2020-04-25,Henrico,50-59,113,15,2
2020-04-25,Henrico,60-69,123,17,16
2020-04-25,Henrico,70-79,120,25,26
2020-04-25,Henrico,80+,172,42,45
2020-04-25,Henrico,Missing,1,0,0
2020-04-25,Lenowisco,0-9,2,0,0
2020-04-25,Lenowisco,19-Oct,2,0,0
2020-04-25,Lenowisco,20-29,5,0,0
2020-04-25,Lenowisco,30-39,3,1,1
2020-04-25,Lenowisco,40-49,2,1,0
2020-04-25,Lenowisco,50-59,10,2,0
2020-04-25,Lenowisco,60-69,7,5,1
2020-04-25,Lenowisco,70-79,4,3,0
2020-04-25,"Lord Fairfax",0-9,2,0,0
2020-04-25,"Lord Fairfax",19-Oct,14,0,0
2020-04-25,"Lord Fairfax",20-29,37,0,0
2020-04-25,"Lord Fairfax",30-39,44,5,0
2020-04-25,"Lord Fairfax",40-49,48,1,0
2020-04-25,"Lord Fairfax",50-59,66,4,0
2020-04-25,"Lord Fairfax",60-69,61,11,1
2020-04-25,"Lord Fairfax",70-79,31,8,0
2020-04-25,"Lord Fairfax",80+,26,6,0
2020-04-25,Loudoun,0-9,10,0,0
2020-04-25,Loudoun,19-Oct,16,0,0
2020-04-25,Loudoun,20-29,64,1,0
2020-04-25,Loudoun,30-39,78,6,0
2020-04-25,Loudoun,40-49,122,13,0
2020-04-25,Loudoun,50-59,138,13,0
2020-04-25,Loudoun,60-69,60,14,0
2020-04-25,Loudoun,70-79,31,12,2
2020-04-25,Loudoun,80+,45,13,9
2020-04-25,"Mount Rogers",0-9,1,0,0
2020-04-25,"Mount Rogers",19-Oct,2,0,0
2020-04-25,"Mount Rogers",20-29,5,0,0
2020-04-25,"Mount Rogers",30-39,13,3,0
2020-04-25,"Mount Rogers",40-49,9,0,0
2020-04-25,"Mount Rogers",50-59,9,1,0
2020-04-25,"Mount Rogers",60-69,7,1,0
2020-04-25,"Mount Rogers",70-79,9,6,1
2020-04-25,"Mount Rogers",80+,4,4,3
2020-04-25,"New River",0-9,2,0,0
2020-04-25,"New River",19-Oct,3,0,0
2020-04-25,"New River",20-29,17,0,0
2020-04-25,"New River",30-39,5,0,0
2020-04-25,"New River",40-49,7,0,0
2020-04-25,"New River",50-59,14,2,0
2020-04-25,"New River",60-69,12,2,0
2020-04-25,"New River",70-79,6,3,1
2020-04-25,"New River",80+,3,1,0
2020-04-25,Norfolk,0-9,1,0,0
2020-04-25,Norfolk,19-Oct,3,0,0
2020-04-25,Norfolk,20-29,29,0,0
2020-04-25,Norfolk,30-39,37,3,0
2020-04-25,Norfolk,40-49,36,4,0
2020-04-25,Norfolk,50-59,26,5,0
2020-04-25,Norfolk,60-69,22,10,1
2020-04-25,Norfolk,70-79,9,6,0
2020-04-25,Norfolk,80+,6,4,2
2020-04-25,Peninsula,0-9,4,0,0
2020-04-25,Peninsula,19-Oct,3,1,0
2020-04-25,Peninsula,20-29,27,1,0
2020-04-25,Peninsula,30-39,32,4,0
2020-04-25,Peninsula,40-49,35,2,0
2020-04-25,Peninsula,50-59,53,14,1
2020-04-25,Peninsula,60-69,79,23,2
2020-04-25,Peninsula,70-79,64,33,10
2020-04-25,Peninsula,80+,28,19,7
2020-04-25,Piedmont,19-Oct,2,0,0
2020-04-25,Piedmont,20-29,18,0,0
2020-04-25,Piedmont,30-39,13,0,0
2020-04-25,Piedmont,40-49,17,0,0
2020-04-25,Piedmont,50-59,27,5,0
2020-04-25,Piedmont,60-69,21,6,0
2020-04-25,Piedmont,70-79,14,6,2
2020-04-25,Piedmont,80+,6,0,1
2020-04-25,Pittsylvania-Danville,0-9,1,0,0
2020-04-25,Pittsylvania-Danville,20-29,5,0,0
2020-04-25,Pittsylvania-Danville,30-39,4,0,0
2020-04-25,Pittsylvania-Danville,40-49,8,3,0
2020-04-25,Pittsylvania-Danville,50-59,6,3,0
2020-04-25,Pittsylvania-Danville,60-69,7,3,1
2020-04-25,Pittsylvania-Danville,70-79,9,6,0
2020-04-25,Pittsylvania-Danville,80+,3,2,1
2020-04-25,Portsmouth,0-9,1,1,0
2020-04-25,Portsmouth,20-29,9,2,0
2020-04-25,Portsmouth,30-39,21,3,0
2020-04-25,Portsmouth,40-49,14,3,0
2020-04-25,Portsmouth,50-59,21,7,1
2020-04-25,Portsmouth,60-69,16,7,2
2020-04-25,Portsmouth,70-79,10,5,1
2020-04-25,Portsmouth,80+,11,3,1
2020-04-25,"Prince William",0-9,37,1,0
2020-04-25,"Prince William",19-Oct,45,1,0
2020-04-25,"Prince William",20-29,204,13,0
2020-04-25,"Prince William",30-39,265,15,1
2020-04-25,"Prince William",40-49,298,32,2
2020-04-25,"Prince William",50-59,276,37,4
2020-04-25,"Prince William",60-69,160,23,6
2020-04-25,"Prince William",70-79,62,20,6
2020-04-25,"Prince William",80+,35,8,2
2020-04-25,Rappahannock,0-9,6,1,0
2020-04-25,Rappahannock,19-Oct,9,0,0
2020-04-25,Rappahannock,20-29,52,5,0
2020-04-25,Rappahannock,30-39,65,4,0
2020-04-25,Rappahannock,40-49,79,12,0
2020-04-25,Rappahannock,50-59,77,16,1
2020-04-25,Rappahannock,60-69,51,23,2
2020-04-25,Rappahannock,70-79,20,11,4
2020-04-25,Rappahannock,80+,9,6,2
2020-04-25,"Rappahannock Rapidan",0-9,5,1,0
2020-04-25,"Rappahannock Rapidan",19-Oct,15,0,0
2020-04-25,"Rappahannock Rapidan",20-29,35,0,0
2020-04-25,"Rappahannock Rapidan",30-39,51,5,0
2020-04-25,"Rappahannock Rapidan",40-49,47,1,0
2020-04-25,"Rappahannock Rapidan",50-59,29,4,0
2020-04-25,"Rappahannock Rapidan",60-69,15,2,0
2020-04-25,"Rappahannock Rapidan",70-79,9,1,0
2020-04-25,"Rappahannock Rapidan",80+,10,7,3
2020-04-25,Richmond,19-Oct,1,1,0
2020-04-25,Richmond,20-29,46,2,0
2020-04-25,Richmond,30-39,38,2,0
2020-04-25,Richmond,40-49,44,3,0
2020-04-25,Richmond,50-59,54,12,0
2020-04-25,Richmond,60-69,57,14,4
2020-04-25,Richmond,70-79,28,13,5
2020-04-25,Richmond,80+,19,8,5
2020-04-25,Roanoke,20-29,5,0,0
2020-04-25,Roanoke,30-39,3,0,0
2020-04-25,Roanoke,40-49,6,0,0
2020-04-25,Roanoke,50-59,9,1,0
2020-04-25,Roanoke,60-69,5,1,0
2020-04-25,Roanoke,70-79,3,1,0
2020-04-25,Roanoke,80+,2,2,0
2020-04-25,Southside,19-Oct,3,0,0
2020-04-25,Southside,20-29,14,2,0
2020-04-25,Southside,30-39,10,0,0
2020-04-25,Southside,40-49,12,3,0
2020-04-25,Southside,50-59,18,3,0
2020-04-25,Southside,60-69,14,5,0
2020-04-25,Southside,70-79,18,6,4
2020-04-25,Southside,80+,26,4,5
2020-04-25,"Thomas Jefferson",0-9,3,1,0
2020-04-25,"Thomas Jefferson",19-Oct,4,0,0
2020-04-25,"Thomas Jefferson",20-29,29,0,0
2020-04-25,"Thomas Jefferson",30-39,37,2,0
2020-04-25,"Thomas Jefferson",40-49,29,4,0
2020-04-25,"Thomas Jefferson",50-59,41,7,1
2020-04-25,"Thomas Jefferson",60-69,40,11,1
2020-04-25,"Thomas Jefferson",70-79,35,10,1
2020-04-25,"Thomas Jefferson",80+,31,15,8
2020-04-25,"Three Rivers",0-9,1,0,0
2020-04-25,"Three Rivers",19-Oct,1,0,0
2020-04-25,"Three Rivers",20-29,18,0,0
2020-04-25,"Three Rivers",30-39,26,1,0
2020-04-25,"Three Rivers",40-49,37,2,1
2020-04-25,"Three Rivers",50-59,17,1,0
2020-04-25,"Three Rivers",60-69,22,4,0
2020-04-25,"Three Rivers",70-79,10,2,0
2020-04-25,"Three Rivers",80+,14,4,0
2020-04-25,"Virginia Beach",0-9,1,0,0
2020-04-25,"Virginia Beach",19-Oct,4,0,0
2020-04-25,"Virginia Beach",20-29,35,1,0
2020-04-25,"Virginia Beach",30-39,52,4,0
2020-04-25,"Virginia Beach",40-49,50,11,0
2020-04-25,"Virginia Beach",50-59,54,9,0
2020-04-25,"Virginia Beach",60-69,62,13,1
2020-04-25,"Virginia Beach",70-79,40,19,4
2020-04-25,"Virginia Beach",80+,37,14,5
2020-04-25,"West Piedmont",20-29,1,0,0
2020-04-25,"West Piedmont",40-49,5,0,0
2020-04-25,"West Piedmont",50-59,7,0,0
2020-04-25,"West Piedmont",60-69,12,1,0
2020-04-25,"West Piedmont",70-79,5,3,1
2020-04-25,"West Piedmont",80+,4,1,0
2020-04-25,"Western Tidewater",0-9,2,0,0
2020-04-25,"Western Tidewater",19-Oct,1,0,0
2020-04-25,"Western Tidewater",20-29,26,0,0
2020-04-25,"Western Tidewater",30-39,27,1,0
2020-04-25,"Western Tidewater",40-49,45,3,0
2020-04-25,"Western Tidewater",50-59,52,3,0
2020-04-25,"Western Tidewater",60-69,60,9,2
2020-04-25,"Western Tidewater",70-79,41,10,2
2020-04-25,"Western Tidewater",80+,69,15,4
2020-04-26,Alexandria,0-9,20,0,0
2020-04-26,Alexandria,19-Oct,24,0,0
2020-04-26,Alexandria,20-29,82,2,1
2020-04-26,Alexandria,30-39,140,11,0
2020-04-26,Alexandria,40-49,106,11,0
2020-04-26,Alexandria,50-59,86,16,6
2020-04-26,Alexandria,60-69,65,15,1
2020-04-26,Alexandria,70-79,39,17,6
2020-04-26,Alexandria,80+,29,8,5
2020-04-26,Alleghany,19-Oct,1,0,0
2020-04-26,Alleghany,20-29,13,1,0
2020-04-26,Alleghany,30-39,5,0,0
2020-04-26,Alleghany,40-49,9,0,0
2020-04-26,Alleghany,50-59,25,4,0
2020-04-26,Alleghany,60-69,16,4,0
2020-04-26,Alleghany,70-79,6,2,1
2020-04-26,Alleghany,80+,8,3,2
2020-04-26,Arlington,0-9,2,0,0
2020-04-26,Arlington,19-Oct,6,2,0
2020-04-26,Arlington,20-29,115,9,0
2020-04-26,Arlington,30-39,126,16,0
2020-04-26,Arlington,40-49,111,15,2
2020-04-26,Arlington,50-59,141,22,1
2020-04-26,Arlington,60-69,118,25,4
2020-04-26,Arlington,70-79,83,24,7
2020-04-26,Arlington,80+,86,28,18
2020-04-26,Arlington,Missing,2,0,0
2020-04-26,"Central Shenandoah",0-9,7,0,0
2020-04-26,"Central Shenandoah",19-Oct,14,0,0
2020-04-26,"Central Shenandoah",20-29,76,0,0
2020-04-26,"Central Shenandoah",30-39,92,2,0
2020-04-26,"Central Shenandoah",40-49,100,2,0
2020-04-26,"Central Shenandoah",50-59,132,10,0
2020-04-26,"Central Shenandoah",60-69,94,11,2
2020-04-26,"Central Shenandoah",70-79,50,9,4
2020-04-26,"Central Shenandoah",80+,60,7,5
2020-04-26,"Central Virginia",0-9,1,0,0
2020-04-26,"Central Virginia",19-Oct,4,0,0
2020-04-26,"Central Virginia",20-29,19,1,0
2020-04-26,"Central Virginia",30-39,20,1,0
2020-04-26,"Central Virginia",40-49,13,0,0
2020-04-26,"Central Virginia",50-59,20,0,0
2020-04-26,"Central Virginia",60-69,21,2,1
2020-04-26,"Central Virginia",70-79,10,2,0
2020-04-26,"Central Virginia",80+,3,1,0
2020-04-26,Chesapeake,0-9,1,1,0
2020-04-26,Chesapeake,19-Oct,4,0,0
2020-04-26,Chesapeake,20-29,19,2,0
2020-04-26,Chesapeake,30-39,29,1,0
2020-04-26,Chesapeake,40-49,42,7,0
2020-04-26,Chesapeake,50-59,48,9,1
2020-04-26,Chesapeake,60-69,32,10,2
2020-04-26,Chesapeake,70-79,17,9,0
2020-04-26,Chesapeake,80+,16,6,3
2020-04-26,Chesterfield,0-9,1,0,0
2020-04-26,Chesterfield,19-Oct,34,0,0
2020-04-26,Chesterfield,20-29,52,2,0
2020-04-26,Chesterfield,30-39,82,1,0
2020-04-26,Chesterfield,40-49,99,5,2
2020-04-26,Chesterfield,50-59,86,11,1
2020-04-26,Chesterfield,60-69,64,9,7
2020-04-26,Chesterfield,70-79,42,5,2
2020-04-26,Chesterfield,80+,53,6,9
2020-04-26,Chickahominy,0-9,1,0,0
2020-04-26,Chickahominy,19-Oct,4,0,0
2020-04-26,Chickahominy,20-29,20,0,0
2020-04-26,Chickahominy,30-39,25,0,0
2020-04-26,Chickahominy,40-49,40,4,1
2020-04-26,Chickahominy,50-59,42,9,0
2020-04-26,Chickahominy,60-69,29,9,2
2020-04-26,Chickahominy,70-79,17,6,2
2020-04-26,Chickahominy,80+,30,15,7
2020-04-26,Crater,19-Oct,2,0,0
2020-04-26,Crater,20-29,16,3,0
2020-04-26,Crater,30-39,29,1,0
2020-04-26,Crater,40-49,27,5,1
2020-04-26,Crater,50-59,39,11,0
2020-04-26,Crater,60-69,35,15,6
2020-04-26,Crater,70-79,19,11,4
2020-04-26,Crater,80+,6,3,0
2020-04-26,"Cumberland Plateau",19-Oct,9,0,0
2020-04-26,"Cumberland Plateau",30-39,4,0,0
2020-04-26,"Cumberland Plateau",40-49,4,0,0
2020-04-26,"Cumberland Plateau",60-69,1,1,0
2020-04-26,"Cumberland Plateau",70-79,2,0,0
2020-04-26,"Eastern Shore",19-Oct,6,0,0
2020-04-26,"Eastern Shore",20-29,35,0,0
2020-04-26,"Eastern Shore",30-39,35,2,0
2020-04-26,"Eastern Shore",40-49,46,3,0
2020-04-26,"Eastern Shore",50-59,53,3,2
2020-04-26,"Eastern Shore",60-69,27,5,0
2020-04-26,"Eastern Shore",70-79,6,3,1
2020-04-26,"Eastern Shore",80+,3,2,0
2020-04-26,Fairfax,0-9,28,4,0
2020-04-26,Fairfax,19-Oct,70,2,0
2020-04-26,Fairfax,20-29,381,23,1
2020-04-26,Fairfax,30-39,505,46,1
2020-04-26,Fairfax,40-49,571,79,0
2020-04-26,Fairfax,50-59,534,99,5
2020-04-26,Fairfax,60-69,396,117,16
2020-04-26,Fairfax,70-79,202,66,15
2020-04-26,Fairfax,80+,254,80,61
2020-04-26,Hampton,0-9,1,0,0
2020-04-26,Hampton,19-Oct,5,0,0
2020-04-26,Hampton,20-29,15,1,0
2020-04-26,Hampton,30-39,16,2,0
2020-04-26,Hampton,40-49,12,2,0
2020-04-26,Hampton,50-59,25,7,0
2020-04-26,Hampton,60-69,20,9,1
2020-04-26,Hampton,70-79,7,5,0
2020-04-26,Hampton,80+,3,2,0
2020-04-26,Henrico,0-9,14,0,0
2020-04-26,Henrico,19-Oct,9,0,0
2020-04-26,Henrico,20-29,57,4,0
2020-04-26,Henrico,30-39,75,3,0
2020-04-26,Henrico,40-49,94,9,0
2020-04-26,Henrico,50-59,116,16,2
2020-04-26,Henrico,60-69,124,17,16
2020-04-26,Henrico,70-79,124,25,26
2020-04-26,Henrico,80+,178,42,45
2020-04-26,Henrico,Missing,1,0,0
2020-04-26,Lenowisco,0-9,2,0,0
2020-04-26,Lenowisco,19-Oct,2,0,0
2020-04-26,Lenowisco,20-29,5,0,0
2020-04-26,Lenowisco,30-39,3,1,1
2020-04-26,Lenowisco,40-49,2,1,0
2020-04-26,Lenowisco,50-59,10,2,0
2020-04-26,Lenowisco,60-69,8,5,1
2020-04-26,Lenowisco,70-79,4,3,0
2020-04-26,"Lord Fairfax",0-9,2,0,0
2020-04-26,"Lord Fairfax",19-Oct,14,0,0
2020-04-26,"Lord Fairfax",20-29,39,0,0
2020-04-26,"Lord Fairfax",30-39,46,5,0
2020-04-26,"Lord Fairfax",40-49,48,1,0
2020-04-26,"Lord Fairfax",50-59,68,4,0
2020-04-26,"Lord Fairfax",60-69,61,11,1
2020-04-26,"Lord Fairfax",70-79,30,8,0
2020-04-26,"Lord Fairfax",80+,26,6,0
2020-04-26,Loudoun,0-9,11,0,0
2020-04-26,Loudoun,19-Oct,17,0,0
2020-04-26,Loudoun,20-29,73,1,0
2020-04-26,Loudoun,30-39,83,7,0
2020-04-26,Loudoun,40-49,131,13,0
2020-04-26,Loudoun,50-59,142,14,0
2020-04-26,Loudoun,60-69,61,14,0
2020-04-26,Loudoun,70-79,33,14,2
2020-04-26,Loudoun,80+,45,13,9
2020-04-26,"Mount Rogers",0-9,2,0,0
2020-04-26,"Mount Rogers",19-Oct,3,0,0
2020-04-26,"Mount Rogers",20-29,5,0,0
2020-04-26,"Mount Rogers",30-39,13,3,0
2020-04-26,"Mount Rogers",40-49,10,0,0
2020-04-26,"Mount Rogers",50-59,11,1,0
2020-04-26,"Mount Rogers",60-69,9,1,0
2020-04-26,"Mount Rogers",70-79,9,6,1
2020-04-26,"Mount Rogers",80+,4,4,3
2020-04-26,"New River",0-9,2,0,0
2020-04-26,"New River",19-Oct,3,0,0
2020-04-26,"New River",20-29,17,0,0
2020-04-26,"New River",30-39,5,0,0
2020-04-26,"New River",40-49,7,0,0
2020-04-26,"New River",50-59,14,2,0
2020-04-26,"New River",60-69,12,2,0
2020-04-26,"New River",70-79,6,3,1
2020-04-26,"New River",80+,3,1,0
2020-04-26,Norfolk,0-9,1,0,0
2020-04-26,Norfolk,19-Oct,3,0,0
2020-04-26,Norfolk,20-29,30,0,0
2020-04-26,Norfolk,30-39,40,3,0
2020-04-26,Norfolk,40-49,38,4,0
2020-04-26,Norfolk,50-59,27,5,0
2020-04-26,Norfolk,60-69,23,10,1
2020-04-26,Norfolk,70-79,10,7,0
2020-04-26,Norfolk,80+,7,5,2
2020-04-26,Peninsula,0-9,4,0,0
2020-04-26,Peninsula,19-Oct,3,1,0
2020-04-26,Peninsula,20-29,27,1,0
2020-04-26,Peninsula,30-39,33,4,0
2020-04-26,Peninsula,40-49,35,2,0
2020-04-26,Peninsula,50-59,53,14,1
2020-04-26,Peninsula,60-69,80,23,2
2020-04-26,Peninsula,70-79,66,33,10
2020-04-26,Peninsula,80+,28,19,7
2020-04-26,Piedmont,19-Oct,2,0,0
2020-04-26,Piedmont,20-29,18,0,0
2020-04-26,Piedmont,30-39,15,0,0
2020-04-26,Piedmont,40-49,17,0,0
2020-04-26,Piedmont,50-59,27,5,0
2020-04-26,Piedmont,60-69,24,6,0
2020-04-26,Piedmont,70-79,14,6,2
2020-04-26,Piedmont,80+,6,0,1
2020-04-26,Pittsylvania-Danville,0-9,1,0,0
2020-04-26,Pittsylvania-Danville,20-29,5,0,0
2020-04-26,Pittsylvania-Danville,30-39,4,0,0
2020-04-26,Pittsylvania-Danville,40-49,8,3,0
2020-04-26,Pittsylvania-Danville,50-59,7,3,0
2020-04-26,Pittsylvania-Danville,60-69,7,3,1
2020-04-26,Pittsylvania-Danville,70-79,9,6,0
2020-04-26,Pittsylvania-Danville,80+,3,2,1
2020-04-26,Portsmouth,0-9,1,1,0
2020-04-26,Portsmouth,20-29,9,2,0
2020-04-26,Portsmouth,30-39,23,3,0
2020-04-26,Portsmouth,40-49,14,3,0
2020-04-26,Portsmouth,50-59,22,7,1
2020-04-26,Portsmouth,60-69,17,7,2
2020-04-26,Portsmouth,70-79,10,5,1
2020-04-26,Portsmouth,80+,12,4,1
2020-04-26,"Prince William",0-9,40,1,0
2020-04-26,"Prince William",19-Oct,48,1,0
2020-04-26,"Prince William",20-29,220,13,0
2020-04-26,"Prince William",30-39,285,15,1
2020-04-26,"Prince William",40-49,320,32,2
2020-04-26,"Prince William",50-59,289,38,4
2020-04-26,"Prince William",60-69,165,25,6
2020-04-26,"Prince William",70-79,66,22,7
2020-04-26,"Prince William",80+,35,8,2
2020-04-26,Rappahannock,0-9,6,1,0
2020-04-26,Rappahannock,19-Oct,10,0,0
2020-04-26,Rappahannock,20-29,60,5,0
2020-04-26,Rappahannock,30-39,71,5,0
2020-04-26,Rappahannock,40-49,84,15,0
2020-04-26,Rappahannock,50-59,78,18,1
2020-04-26,Rappahannock,60-69,53,24,2
2020-04-26,Rappahannock,70-79,20,13,4
2020-04-26,Rappahannock,80+,9,6,2
2020-04-26,"Rappahannock Rapidan",0-9,5,1,0
2020-04-26,"Rappahannock Rapidan",19-Oct,15,0,0
2020-04-26,"Rappahannock Rapidan",20-29,38,0,0
2020-04-26,"Rappahannock Rapidan",30-39,56,5,0
2020-04-26,"Rappahannock Rapidan",40-49,49,1,0
2020-04-26,"Rappahannock Rapidan",50-59,33,4,0
2020-04-26,"Rappahannock Rapidan",60-69,17,2,0
2020-04-26,"Rappahannock Rapidan",70-79,9,1,0
2020-04-26,"Rappahannock Rapidan",80+,10,7,3
2020-04-26,Richmond,0-9,1,0,0
2020-04-26,Richmond,19-Oct,3,1,0
2020-04-26,Richmond,20-29,48,3,0
2020-04-26,Richmond,30-39,40,2,0
2020-04-26,Richmond,40-49,48,3,0
2020-04-26,Richmond,50-59,54,12,0
2020-04-26,Richmond,60-69,59,16,4
2020-04-26,Richmond,70-79,28,13,5
2020-04-26,Richmond,80+,20,8,5
2020-04-26,Roanoke,20-29,5,0,0
2020-04-26,Roanoke,30-39,3,0,0
2020-04-26,Roanoke,40-49,6,0,0
2020-04-26,Roanoke,50-59,9,1,0
2020-04-26,Roanoke,60-69,5,1,0
2020-04-26,Roanoke,70-79,3,1,0
2020-04-26,Roanoke,80+,2,2,0
2020-04-26,Southside,19-Oct,3,0,0
2020-04-26,Southside,20-29,15,2,0
2020-04-26,Southside,30-39,11,0,0
2020-04-26,Southside,40-49,12,3,0
2020-04-26,Southside,50-59,18,3,0
2020-04-26,Southside,60-69,14,5,0
2020-04-26,Southside,70-79,19,6,4
2020-04-26,Southside,80+,33,4,5
2020-04-26,"Thomas Jefferson",0-9,3,1,0
2020-04-26,"Thomas Jefferson",19-Oct,4,0,0
2020-04-26,"Thomas Jefferson",20-29,30,0,0
2020-04-26,"Thomas Jefferson",30-39,37,2,0
2020-04-26,"Thomas Jefferson",40-49,30,4,0
2020-04-26,"Thomas Jefferson",50-59,41,7,1
2020-04-26,"Thomas Jefferson",60-69,40,11,1
2020-04-26,"Thomas Jefferson",70-79,36,10,1
2020-04-26,"Thomas Jefferson",80+,33,15,8
2020-04-26,"Three Rivers",0-9,1,0,0
2020-04-26,"Three Rivers",19-Oct,1,0,0
2020-04-26,"Three Rivers",20-29,18,0,0
2020-04-26,"Three Rivers",30-39,28,1,0
2020-04-26,"Three Rivers",40-49,42,2,1
2020-04-26,"Three Rivers",50-59,19,1,0
2020-04-26,"Three Rivers",60-69,25,4,0
2020-04-26,"Three Rivers",70-79,13,2,0
2020-04-26,"Three Rivers",80+,14,4,0
2020-04-26,"Virginia Beach",0-9,1,0,0
2020-04-26,"Virginia Beach",19-Oct,4,0,0
2020-04-26,"Virginia Beach",20-29,36,1,0
2020-04-26,"Virginia Beach",30-39,54,5,0
2020-04-26,"Virginia Beach",40-49,53,11,0
2020-04-26,"Virginia Beach",50-59,57,9,0
2020-04-26,"Virginia Beach",60-69,62,13,1
2020-04-26,"Virginia Beach",70-79,41,19,4
2020-04-26,"Virginia Beach",80+,37,14,5
2020-04-26,"West Piedmont",20-29,1,0,0
2020-04-26,"West Piedmont",40-49,5,0,0
2020-04-26,"West Piedmont",50-59,8,0,0
2020-04-26,"West Piedmont",60-69,12,1,0
2020-04-26,"West Piedmont",70-79,5,3,1
2020-04-26,"West Piedmont",80+,4,1,0
2020-04-26,"Western Tidewater",0-9,2,0,0
2020-04-26,"Western Tidewater",19-Oct,1,0,0
2020-04-26,"Western Tidewater",20-29,26,0,0
2020-04-26,"Western Tidewater",30-39,29,1,0
2020-04-26,"Western Tidewater",40-49,51,3,0
2020-04-26,"Western Tidewater",50-59,60,4,0
2020-04-26,"Western Tidewater",60-69,68,9,2
2020-04-26,"Western Tidewater",70-79,50,11,2
2020-04-26,"Western Tidewater",80+,84,15,4
2020-04-27,Alexandria,0-9,23,0,0
2020-04-27,Alexandria,19-Oct,26,0,0
2020-04-27,Alexandria,20-29,87,2,1
2020-04-27,Alexandria,30-39,147,11,0
2020-04-27,Alexandria,40-49,113,11,0
2020-04-27,Alexandria,50-59,91,16,6
2020-04-27,Alexandria,60-69,68,14,0
2020-04-27,Alexandria,70-79,42,17,6
2020-04-27,Alexandria,80+,30,8,5
2020-04-27,Alleghany,19-Oct,1,0,0
2020-04-27,Alleghany,20-29,13,1,0
2020-04-27,Alleghany,30-39,5,0,0
2020-04-27,Alleghany,40-49,10,0,0
2020-04-27,Alleghany,50-59,25,4,0
2020-04-27,Alleghany,60-69,16,4,0
2020-04-27,Alleghany,70-79,7,2,1
2020-04-27,Alleghany,80+,10,3,2
2020-04-27,Arlington,0-9,5,0,0
2020-04-27,Arlington,19-Oct,8,2,0
2020-04-27,Arlington,20-29,122,9,0
2020-04-27,Arlington,30-39,131,16,0
2020-04-27,Arlington,40-49,116,16,2
2020-04-27,Arlington,50-59,150,22,1
2020-04-27,Arlington,60-69,124,26,4
2020-04-27,Arlington,70-79,89,25,7
2020-04-27,Arlington,80+,89,28,18
2020-04-27,Arlington,Missing,2,0,0
2020-04-27,"Central Shenandoah",0-9,7,0,0
2020-04-27,"Central Shenandoah",19-Oct,15,0,0
2020-04-27,"Central Shenandoah",20-29,79,0,0
2020-04-27,"Central Shenandoah",30-39,96,2,0
2020-04-27,"Central Shenandoah",40-49,109,2,0
2020-04-27,"Central Shenandoah",50-59,137,11,0
2020-04-27,"Central Shenandoah",60-69,94,11,2
2020-04-27,"Central Shenandoah",70-79,50,9,4
2020-04-27,"Central Shenandoah",80+,60,7,5
2020-04-27,"Central Virginia",0-9,2,0,0
2020-04-27,"Central Virginia",19-Oct,4,0,0
2020-04-27,"Central Virginia",20-29,19,1,0
2020-04-27,"Central Virginia",30-39,20,1,0
2020-04-27,"Central Virginia",40-49,13,0,0
2020-04-27,"Central Virginia",50-59,20,0,0
2020-04-27,"Central Virginia",60-69,21,2,1
2020-04-27,"Central Virginia",70-79,11,2,0
2020-04-27,"Central Virginia",80+,3,1,0
2020-04-27,Chesapeake,0-9,1,1,0
2020-04-27,Chesapeake,19-Oct,4,0,0
2020-04-27,Chesapeake,20-29,19,2,0
2020-04-27,Chesapeake,30-39,30,1,0
2020-04-27,Chesapeake,40-49,42,7,0
2020-04-27,Chesapeake,50-59,48,9,1
2020-04-27,Chesapeake,60-69,34,10,2
2020-04-27,Chesapeake,70-79,20,9,0
2020-04-27,Chesapeake,80+,16,6,3
2020-04-27,Chesterfield,0-9,1,0,0
2020-04-27,Chesterfield,19-Oct,34,0,0
2020-04-27,Chesterfield,20-29,52,2,0
2020-04-27,Chesterfield,30-39,82,1,0
2020-04-27,Chesterfield,40-49,99,5,2
2020-04-27,Chesterfield,50-59,86,11,1
2020-04-27,Chesterfield,60-69,64,9,7
2020-04-27,Chesterfield,70-79,42,5,2
2020-04-27,Chesterfield,80+,53,6,9
2020-04-27,Chickahominy,0-9,1,0,0
2020-04-27,Chickahominy,19-Oct,4,0,0
2020-04-27,Chickahominy,20-29,22,0,0
2020-04-27,Chickahominy,30-39,25,0,0
2020-04-27,Chickahominy,40-49,40,4,1
2020-04-27,Chickahominy,50-59,43,9,0
2020-04-27,Chickahominy,60-69,29,9,2
2020-04-27,Chickahominy,70-79,17,6,2
2020-04-27,Chickahominy,80+,32,15,7
2020-04-27,Crater,19-Oct,3,0,0
2020-04-27,Crater,20-29,21,3,0
2020-04-27,Crater,30-39,30,1,0
2020-04-27,Crater,40-49,28,5,1
2020-04-27,Crater,50-59,40,11,0
2020-04-27,Crater,60-69,42,17,7
2020-04-27,Crater,70-79,20,11,4
2020-04-27,Crater,80+,6,3,0
2020-04-27,"Cumberland Plateau",19-Oct,9,0,0
2020-04-27,"Cumberland Plateau",30-39,4,0,0
2020-04-27,"Cumberland Plateau",40-49,4,0,0
2020-04-27,"Cumberland Plateau",50-59,1,0,0
2020-04-27,"Cumberland Plateau",60-69,2,1,0
2020-04-27,"Cumberland Plateau",70-79,2,0,0
2020-04-27,"Eastern Shore",19-Oct,6,0,0
2020-04-27,"Eastern Shore",20-29,36,1,0
2020-04-27,"Eastern Shore",30-39,36,2,0
2020-04-27,"Eastern Shore",40-49,48,3,0
2020-04-27,"Eastern Shore",50-59,56,3,2
2020-04-27,"Eastern Shore",60-69,31,5,0
2020-04-27,"Eastern Shore",70-79,6,3,1
2020-04-27,"Eastern Shore",80+,4,3,0
2020-04-27,Fairfax,0-9,32,4,0
2020-04-27,Fairfax,19-Oct,74,2,0
2020-04-27,Fairfax,20-29,396,23,1
2020-04-27,Fairfax,30-39,533,47,1
2020-04-27,Fairfax,40-49,591,81,0
2020-04-27,Fairfax,50-59,547,99,5
2020-04-27,Fairfax,60-69,410,119,16
2020-04-27,Fairfax,70-79,208,69,15
2020-04-27,Fairfax,80+,264,85,66
2020-04-27,Hampton,0-9,2,0,0
2020-04-27,Hampton,19-Oct,6,0,0
2020-04-27,Hampton,20-29,15,1,0
2020-04-27,Hampton,30-39,17,2,0
2020-04-27,Hampton,40-49,12,2,0
2020-04-27,Hampton,50-59,26,7,0
2020-04-27,Hampton,60-69,20,9,1
2020-04-27,Hampton,70-79,7,5,0
2020-04-27,Hampton,80+,3,2,0
2020-04-27,Henrico,0-9,14,0,0
2020-04-27,Henrico,19-Oct,9,0,0
2020-04-27,Henrico,20-29,59,4,0
2020-04-27,Henrico,30-39,79,3,0
2020-04-27,Henrico,40-49,95,9,0
2020-04-27,Henrico,50-59,117,16,2
2020-04-27,Henrico,60-69,127,17,16
2020-04-27,Henrico,70-79,126,25,26
2020-04-27,Henrico,80+,190,42,45
2020-04-27,Henrico,Missing,1,0,0
2020-04-27,Lenowisco,0-9,2,0,0
2020-04-27,Lenowisco,19-Oct,2,0,0
2020-04-27,Lenowisco,20-29,5,0,0
2020-04-27,Lenowisco,30-39,3,1,1
2020-04-27,Lenowisco,40-49,3,1,0
2020-04-27,Lenowisco,50-59,10,3,0
2020-04-27,Lenowisco,60-69,8,5,1
2020-04-27,Lenowisco,70-79,4,3,0
2020-04-27,"Lord Fairfax",0-9,2,0,0
2020-04-27,"Lord Fairfax",19-Oct,15,0,0
2020-04-27,"Lord Fairfax",20-29,42,0,0
2020-04-27,"Lord Fairfax",30-39,46,5,0
2020-04-27,"Lord Fairfax",40-49,50,1,0
2020-04-27,"Lord Fairfax",50-59,69,4,1
2020-04-27,"Lord Fairfax",60-69,63,11,1
2020-04-27,"Lord Fairfax",70-79,30,8,0
2020-04-27,"Lord Fairfax",80+,27,6,0
2020-04-27,Loudoun,0-9,13,0,0
2020-04-27,Loudoun,19-Oct,19,0,0
2020-04-27,Loudoun,20-29,78,1,0
2020-04-27,Loudoun,30-39,87,7,0
2020-04-27,Loudoun,40-49,138,13,0
2020-04-27,Loudoun,50-59,149,14,0
2020-04-27,Loudoun,60-69,63,14,0
2020-04-27,Loudoun,70-79,33,14,2
2020-04-27,Loudoun,80+,48,15,10
2020-04-27,"Mount Rogers",0-9,2,0,0
2020-04-27,"Mount Rogers",19-Oct,3,0,0
2020-04-27,"Mount Rogers",20-29,5,0,0
2020-04-27,"Mount Rogers",30-39,13,3,0
2020-04-27,"Mount Rogers",40-49,10,0,0
2020-04-27,"Mount Rogers",50-59,11,1,0
2020-04-27,"Mount Rogers",60-69,9,1,0
2020-04-27,"Mount Rogers",70-79,9,6,1
2020-04-27,"Mount Rogers",80+,4,4,3
2020-04-27,"New River",0-9,2,0,0
2020-04-27,"New River",19-Oct,3,0,0
2020-04-27,"New River",20-29,17,0,0
2020-04-27,"New River",30-39,4,0,0
2020-04-27,"New River",40-49,8,0,0
2020-04-27,"New River",50-59,14,2,0
2020-04-27,"New River",60-69,13,2,0
2020-04-27,"New River",70-79,6,3,1
2020-04-27,"New River",80+,4,1,0
2020-04-27,Norfolk,0-9,1,0,0
2020-04-27,Norfolk,19-Oct,3,0,0
2020-04-27,Norfolk,20-29,30,0,0
2020-04-27,Norfolk,30-39,41,3,0
2020-04-27,Norfolk,40-49,40,5,0
2020-04-27,Norfolk,50-59,29,6,0
2020-04-27,Norfolk,60-69,23,10,1
2020-04-27,Norfolk,70-79,10,7,0
2020-04-27,Norfolk,80+,7,5,2
2020-04-27,Peninsula,0-9,4,0,0
2020-04-27,Peninsula,19-Oct,3,1,0
2020-04-27,Peninsula,20-29,28,1,0
2020-04-27,Peninsula,30-39,33,4,0
2020-04-27,Peninsula,40-49,35,2,0
2020-04-27,Peninsula,50-59,54,14,1
2020-04-27,Peninsula,60-69,79,23,3
2020-04-27,Peninsula,70-79,67,34,10
2020-04-27,Peninsula,80+,28,19,7
2020-04-27,Piedmont,19-Oct,2,0,0
2020-04-27,Piedmont,20-29,20,0,0
2020-04-27,Piedmont,30-39,17,0,0
2020-04-27,Piedmont,40-49,18,0,0
2020-04-27,Piedmont,50-59,29,5,0
2020-04-27,Piedmont,60-69,26,6,0
2020-04-27,Piedmont,70-79,15,6,2
2020-04-27,Piedmont,80+,6,0,1
2020-04-27,Pittsylvania-Danville,0-9,1,0,0
2020-04-27,Pittsylvania-Danville,20-29,5,0,0
2020-04-27,Pittsylvania-Danville,30-39,4,0,0
2020-04-27,Pittsylvania-Danville,40-49,8,3,0
2020-04-27,Pittsylvania-Danville,50-59,7,3,0
2020-04-27,Pittsylvania-Danville,60-69,7,4,1
2020-04-27,Pittsylvania-Danville,70-79,9,6,0
2020-04-27,Pittsylvania-Danville,80+,3,2,1
2020-04-27,Portsmouth,0-9,1,1,0
2020-04-27,Portsmouth,19-Oct,1,0,0
2020-04-27,Portsmouth,20-29,10,2,0
2020-04-27,Portsmouth,30-39,24,3,0
2020-04-27,Portsmouth,40-49,15,3,0
2020-04-27,Portsmouth,50-59,22,7,1
2020-04-27,Portsmouth,60-69,19,7,2
2020-04-27,Portsmouth,70-79,10,5,1
2020-04-27,Portsmouth,80+,12,4,1
2020-04-27,"Prince William",0-9,43,2,0
2020-04-27,"Prince William",19-Oct,57,2,0
2020-04-27,"Prince William",20-29,234,14,0
2020-04-27,"Prince William",30-39,305,16,1
2020-04-27,"Prince William",40-49,338,34,2
2020-04-27,"Prince William",50-59,308,40,4
2020-04-27,"Prince William",60-69,177,28,7
2020-04-27,"Prince William",70-79,70,26,7
2020-04-27,"Prince William",80+,36,9,2
2020-04-27,Rappahannock,0-9,6,1,0
2020-04-27,Rappahannock,19-Oct,11,0,0
2020-04-27,Rappahannock,20-29,62,5,0
2020-04-27,Rappahannock,30-39,75,5,0
2020-04-27,Rappahannock,40-49,91,15,0
2020-04-27,Rappahannock,50-59,81,18,1
2020-04-27,Rappahannock,60-69,54,24,2
2020-04-27,Rappahannock,70-79,21,13,4
2020-04-27,Rappahannock,80+,9,6,2
2020-04-27,"Rappahannock Rapidan",0-9,6,1,0
2020-04-27,"Rappahannock Rapidan",19-Oct,16,0,0
2020-04-27,"Rappahannock Rapidan",20-29,43,0,0
2020-04-27,"Rappahannock Rapidan",30-39,59,5,0
2020-04-27,"Rappahannock Rapidan",40-49,53,1,0
2020-04-27,"Rappahannock Rapidan",50-59,37,5,0
2020-04-27,"Rappahannock Rapidan",60-69,18,2,0
2020-04-27,"Rappahannock Rapidan",70-79,9,1,0
2020-04-27,"Rappahannock Rapidan",80+,9,7,4
2020-04-27,Richmond,0-9,1,0,0
2020-04-27,Richmond,19-Oct,3,1,0
2020-04-27,Richmond,20-29,50,3,0
2020-04-27,Richmond,30-39,41,2,0
2020-04-27,Richmond,40-49,49,4,0
2020-04-27,Richmond,50-59,54,12,0
2020-04-27,Richmond,60-69,59,16,4
2020-04-27,Richmond,70-79,28,13,5
2020-04-27,Richmond,80+,19,8,5
2020-04-27,Roanoke,20-29,5,0,0
2020-04-27,Roanoke,30-39,3,0,0
2020-04-27,Roanoke,40-49,6,0,0
2020-04-27,Roanoke,50-59,9,1,0
2020-04-27,Roanoke,60-69,5,1,0
2020-04-27,Roanoke,70-79,3,1,0
2020-04-27,Roanoke,80+,2,2,0
2020-04-27,Southside,19-Oct,3,0,0
2020-04-27,Southside,20-29,15,2,0
2020-04-27,Southside,30-39,12,0,0
2020-04-27,Southside,40-49,12,3,0
2020-04-27,Southside,50-59,19,3,0
2020-04-27,Southside,60-69,14,5,0
2020-04-27,Southside,70-79,19,6,4
2020-04-27,Southside,80+,35,4,5
2020-04-27,"Thomas Jefferson",0-9,3,1,0
2020-04-27,"Thomas Jefferson",19-Oct,4,0,0
2020-04-27,"Thomas Jefferson",20-29,31,0,0
2020-04-27,"Thomas Jefferson",30-39,37,2,0
2020-04-27,"Thomas Jefferson",40-49,30,4,0
2020-04-27,"Thomas Jefferson",50-59,43,8,1
2020-04-27,"Thomas Jefferson",60-69,40,11,1
2020-04-27,"Thomas Jefferson",70-79,36,12,1
2020-04-27,"Thomas Jefferson",80+,34,19,8
2020-04-27,"Three Rivers",0-9,1,0,0
2020-04-27,"Three Rivers",19-Oct,1,0,0
2020-04-27,"Three Rivers",20-29,24,0,0
2020-04-27,"Three Rivers",30-39,45,1,0
2020-04-27,"Three Rivers",40-49,50,2,1
2020-04-27,"Three Rivers",50-59,26,1,0
2020-04-27,"Three Rivers",60-69,29,4,0
2020-04-27,"Three Rivers",70-79,14,2,0
2020-04-27,"Three Rivers",80+,14,4,0
2020-04-27,"Virginia Beach",0-9,1,0,0
2020-04-27,"Virginia Beach",19-Oct,4,0,0
2020-04-27,"Virginia Beach",20-29,36,1,0
2020-04-27,"Virginia Beach",30-39,54,5,0
2020-04-27,"Virginia Beach",40-49,54,11,0
2020-04-27,"Virginia Beach",50-59,57,9,0
2020-04-27,"Virginia Beach",60-69,64,13,1
2020-04-27,"Virginia Beach",70-79,43,19,4
2020-04-27,"Virginia Beach",80+,42,14,5
2020-04-27,"West Piedmont",19-Oct,1,0,0
2020-04-27,"West Piedmont",20-29,2,0,0
2020-04-27,"West Piedmont",40-49,5,0,0
2020-04-27,"West Piedmont",50-59,8,0,0
2020-04-27,"West Piedmont",60-69,12,1,0
2020-04-27,"West Piedmont",70-79,5,3,1
2020-04-27,"West Piedmont",80+,3,1,0
2020-04-27,"Western Tidewater",0-9,2,0,0
2020-04-27,"Western Tidewater",19-Oct,1,0,0
2020-04-27,"Western Tidewater",20-29,26,0,0
2020-04-27,"Western Tidewater",30-39,29,1,0
2020-04-27,"Western Tidewater",40-49,51,3,0
2020-04-27,"Western Tidewater",50-59,60,4,0
2020-04-27,"Western Tidewater",60-69,68,9,2
2020-04-27,"Western Tidewater",70-79,50,11,2
2020-04-27,"Western Tidewater",80+,84,15,4
2020-04-28,Alexandria,0-9,22,0,0
2020-04-28,Alexandria,19-Oct,29,0,0
2020-04-28,Alexandria,20-29,89,2,1
2020-04-28,Alexandria,30-39,155,11,0
2020-04-28,Alexandria,40-49,121,11,0
2020-04-28,Alexandria,50-59,95,16,6
2020-04-28,Alexandria,60-69,69,16,1
2020-04-28,Alexandria,70-79,42,17,6
2020-04-28,Alexandria,80+,31,9,6
2020-04-28,Alleghany,19-Oct,1,0,0
2020-04-28,Alleghany,20-29,13,1,0
2020-04-28,Alleghany,30-39,5,0,0
2020-04-28,Alleghany,40-49,10,0,0
2020-04-28,Alleghany,50-59,25,4,0
2020-04-28,Alleghany,60-69,16,4,0
2020-04-28,Alleghany,70-79,7,2,1
2020-04-28,Alleghany,80+,11,4,2
2020-04-28,Arlington,0-9,5,0,0
2020-04-28,Arlington,19-Oct,11,2,0
2020-04-28,Arlington,20-29,125,9,0
2020-04-28,Arlington,30-39,135,17,0
2020-04-28,Arlington,40-49,123,18,2
2020-04-28,Arlington,50-59,156,28,1
2020-04-28,Arlington,60-69,125,28,4
2020-04-28,Arlington,70-79,90,26,7
2020-04-28,Arlington,80+,93,29,18
2020-04-28,Arlington,Missing,2,0,0
2020-04-28,"Central Shenandoah",0-9,8,0,0
2020-04-28,"Central Shenandoah",19-Oct,18,0,0
2020-04-28,"Central Shenandoah",20-29,87,0,0
2020-04-28,"Central Shenandoah",30-39,110,2,0
2020-04-28,"Central Shenandoah",40-49,119,2,0
2020-04-28,"Central Shenandoah",50-59,143,11,0
2020-04-28,"Central Shenandoah",60-69,100,11,2
2020-04-28,"Central Shenandoah",70-79,52,9,4
2020-04-28,"Central Shenandoah",80+,61,7,5
2020-04-28,"Central Virginia",0-9,2,0,0
2020-04-28,"Central Virginia",19-Oct,4,0,0
2020-04-28,"Central Virginia",20-29,19,1,0
2020-04-28,"Central Virginia",30-39,20,1,0
2020-04-28,"Central Virginia",40-49,13,0,0
2020-04-28,"Central Virginia",50-59,20,0,0
2020-04-28,"Central Virginia",60-69,21,2,1
2020-04-28,"Central Virginia",70-79,11,2,0
2020-04-28,"Central Virginia",80+,3,1,0
2020-04-28,Chesapeake,0-9,1,1,0
2020-04-28,Chesapeake,19-Oct,4,0,0
2020-04-28,Chesapeake,20-29,19,2,0
2020-04-28,Chesapeake,30-39,31,1,0
2020-04-28,Chesapeake,40-49,43,7,0
2020-04-28,Chesapeake,50-59,50,10,1
2020-04-28,Chesapeake,60-69,35,10,2
2020-04-28,Chesapeake,70-79,21,13,0
2020-04-28,Chesapeake,80+,16,6,3
2020-04-28,Chesterfield,0-9,2,0,0
2020-04-28,Chesterfield,19-Oct,35,0,0
2020-04-28,Chesterfield,20-29,55,3,0
2020-04-28,Chesterfield,30-39,87,1,0
2020-04-28,Chesterfield,40-49,105,5,2
2020-04-28,Chesterfield,50-59,92,11,1
2020-04-28,Chesterfield,60-69,68,9,8
2020-04-28,Chesterfield,70-79,44,5,2
2020-04-28,Chesterfield,80+,58,6,10
2020-04-28,Chickahominy,0-9,1,0,0
2020-04-28,Chickahominy,19-Oct,4,0,0
2020-04-28,Chickahominy,20-29,22,0,0
2020-04-28,Chickahominy,30-39,25,0,0
2020-04-28,Chickahominy,40-49,41,4,1
2020-04-28,Chickahominy,50-59,44,9,0
2020-04-28,Chickahominy,60-69,30,9,2
2020-04-28,Chickahominy,70-79,18,8,3
2020-04-28,Chickahominy,80+,32,16,8
2020-04-28,Crater,19-Oct,3,0,0
2020-04-28,Crater,20-29,21,3,0
2020-04-28,Crater,30-39,30,1,0
2020-04-28,Crater,40-49,28,5,1
2020-04-28,Crater,50-59,40,11,0
2020-04-28,Crater,60-69,42,17,7
2020-04-28,Crater,70-79,20,11,4
2020-04-28,Crater,80+,6,3,0
2020-04-28,"Cumberland Plateau",19-Oct,11,0,0
2020-04-28,"Cumberland Plateau",30-39,4,0,0
2020-04-28,"Cumberland Plateau",40-49,4,0,0
2020-04-28,"Cumberland Plateau",50-59,1,0,0
2020-04-28,"Cumberland Plateau",60-69,2,1,0
2020-04-28,"Cumberland Plateau",70-79,2,0,0
2020-04-28,"Eastern Shore",19-Oct,6,0,0
2020-04-28,"Eastern Shore",20-29,38,1,0
2020-04-28,"Eastern Shore",30-39,47,2,0
2020-04-28,"Eastern Shore",40-49,59,3,0
2020-04-28,"Eastern Shore",50-59,64,4,3
2020-04-28,"Eastern Shore",60-69,32,5,0
2020-04-28,"Eastern Shore",70-79,7,3,1
2020-04-28,"Eastern Shore",80+,5,3,0
2020-04-28,Fairfax,0-9,39,4,0
2020-04-28,Fairfax,19-Oct,89,2,0
2020-04-28,Fairfax,20-29,430,24,1
2020-04-28,Fairfax,30-39,587,54,1
2020-04-28,Fairfax,40-49,637,84,0
2020-04-28,Fairfax,50-59,596,105,9
2020-04-28,Fairfax,60-69,443,124,17
2020-04-28,Fairfax,70-79,226,73,17
2020-04-28,Fairfax,80+,284,92,73
2020-04-28,Hampton,0-9,2,0,0
2020-04-28,Hampton,19-Oct,6,0,0
2020-04-28,Hampton,20-29,15,1,0
2020-04-28,Hampton,30-39,17,2,0
2020-04-28,Hampton,40-49,12,2,0
2020-04-28,Hampton,50-59,26,7,0
2020-04-28,Hampton,60-69,20,9,1
2020-04-28,Hampton,70-79,7,5,0
2020-04-28,Hampton,80+,3,2,0
2020-04-28,Henrico,0-9,14,0,0
2020-04-28,Henrico,19-Oct,9,0,0
2020-04-28,Henrico,20-29,60,4,0
2020-04-28,Henrico,30-39,80,3,0
2020-04-28,Henrico,40-49,96,9,0
2020-04-28,Henrico,50-59,120,16,2
2020-04-28,Henrico,60-69,132,19,17
2020-04-28,Henrico,70-79,127,26,27
2020-04-28,Henrico,80+,196,43,49
2020-04-28,Henrico,Missing,1,0,0
2020-04-28,Lenowisco,0-9,4,0,0
2020-04-28,Lenowisco,19-Oct,2,0,0
2020-04-28,Lenowisco,20-29,5,0,0
2020-04-28,Lenowisco,30-39,3,1,1
2020-04-28,Lenowisco,40-49,4,1,0
2020-04-28,Lenowisco,50-59,10,3,0
2020-04-28,Lenowisco,60-69,8,5,1
2020-04-28,Lenowisco,70-79,4,3,0
2020-04-28,"Lord Fairfax",0-9,3,0,0
2020-04-28,"Lord Fairfax",19-Oct,14,0,0
2020-04-28,"Lord Fairfax",20-29,47,0,0
2020-04-28,"Lord Fairfax",30-39,46,5,0
2020-04-28,"Lord Fairfax",40-49,53,1,0
2020-04-28,"Lord Fairfax",50-59,72,5,1
2020-04-28,"Lord Fairfax",60-69,63,11,1
2020-04-28,"Lord Fairfax",70-79,30,8,1
2020-04-28,"Lord Fairfax",80+,27,6,0
2020-04-28,Loudoun,0-9,13,0,0
2020-04-28,Loudoun,19-Oct,20,0,0
2020-04-28,Loudoun,20-29,88,2,0
2020-04-28,Loudoun,30-39,93,7,0
2020-04-28,Loudoun,40-49,143,13,0
2020-04-28,Loudoun,50-59,156,16,0
2020-04-28,Loudoun,60-69,67,15,0
2020-04-28,Loudoun,70-79,38,15,2
2020-04-28,Loudoun,80+,70,16,10
2020-04-28,"Mount Rogers",0-9,2,0,0
2020-04-28,"Mount Rogers",19-Oct,3,0,0
2020-04-28,"Mount Rogers",20-29,5,0,0
2020-04-28,"Mount Rogers",30-39,13,3,0
2020-04-28,"Mount Rogers",40-49,10,0,0
2020-04-28,"Mount Rogers",50-59,12,1,0
2020-04-28,"Mount Rogers",60-69,10,1,0
2020-04-28,"Mount Rogers",70-79,9,6,1
2020-04-28,"Mount Rogers",80+,4,4,3
2020-04-28,"New River",0-9,2,0,0
2020-04-28,"New River",19-Oct,3,0,0
2020-04-28,"New River",20-29,17,0,0
2020-04-28,"New River",30-39,4,0,0
2020-04-28,"New River",40-49,8,0,0
2020-04-28,"New River",50-59,14,2,0
2020-04-28,"New River",60-69,13,2,0
2020-04-28,"New River",70-79,6,3,1
2020-04-28,"New River",80+,4,1,0
2020-04-28,Norfolk,0-9,1,0,0
2020-04-28,Norfolk,19-Oct,4,0,0
2020-04-28,Norfolk,20-29,30,0,0
2020-04-28,Norfolk,30-39,42,3,0
2020-04-28,Norfolk,40-49,41,5,0
2020-04-28,Norfolk,50-59,30,7,0
2020-04-28,Norfolk,60-69,23,11,1
2020-04-28,Norfolk,70-79,10,7,0
2020-04-28,Norfolk,80+,7,5,2
2020-04-28,Peninsula,0-9,4,0,0
2020-04-28,Peninsula,19-Oct,3,1,0
2020-04-28,Peninsula,20-29,28,1,0
2020-04-28,Peninsula,30-39,34,4,0
2020-04-28,Peninsula,40-49,35,2,0
2020-04-28,Peninsula,50-59,55,14,1
2020-04-28,Peninsula,60-69,81,23,3
2020-04-28,Peninsula,70-79,67,34,10
2020-04-28,Peninsula,80+,29,19,7
2020-04-28,Piedmont,0-9,1,0,0
2020-04-28,Piedmont,19-Oct,2,0,0
2020-04-28,Piedmont,20-29,21,0,0
2020-04-28,Piedmont,30-39,20,0,0
2020-04-28,Piedmont,40-49,21,1,0
2020-04-28,Piedmont,50-59,33,5,0
2020-04-28,Piedmont,60-69,26,6,0
2020-04-28,Piedmont,70-79,15,6,2
2020-04-28,Piedmont,80+,5,0,1
2020-04-28,Pittsylvania-Danville,0-9,1,0,0
2020-04-28,Pittsylvania-Danville,20-29,5,0,0
2020-04-28,Pittsylvania-Danville,30-39,4,0,0
2020-04-28,Pittsylvania-Danville,40-49,8,3,0
2020-04-28,Pittsylvania-Danville,50-59,7,3,0
2020-04-28,Pittsylvania-Danville,60-69,7,4,1
2020-04-28,Pittsylvania-Danville,70-79,9,6,0
2020-04-28,Pittsylvania-Danville,80+,3,2,1
2020-04-28,Portsmouth,0-9,1,1,0
2020-04-28,Portsmouth,19-Oct,1,0,0
2020-04-28,Portsmouth,20-29,14,2,0
2020-04-28,Portsmouth,30-39,40,3,0
2020-04-28,Portsmouth,40-49,22,3,0
2020-04-28,Portsmouth,50-59,27,7,1
2020-04-28,Portsmouth,60-69,22,7,2
2020-04-28,Portsmouth,70-79,10,5,1
2020-04-28,Portsmouth,80+,12,4,1
2020-04-28,"Prince William",0-9,45,2,0
2020-04-28,"Prince William",19-Oct,66,2,0
2020-04-28,"Prince William",20-29,253,16,0
2020-04-28,"Prince William",30-39,320,17,1
2020-04-28,"Prince William",40-49,359,38,2
2020-04-28,"Prince William",50-59,329,44,4
2020-04-28,"Prince William",60-69,190,27,6
2020-04-28,"Prince William",70-79,75,26,7
2020-04-28,"Prince William",80+,39,11,3
2020-04-28,"Prince William",Missing,1,0,0
2020-04-28,Rappahannock,0-9,6,1,0
2020-04-28,Rappahannock,19-Oct,12,0,0
2020-04-28,Rappahannock,20-29,70,5,0
2020-04-28,Rappahannock,30-39,82,5,0
2020-04-28,Rappahannock,40-49,93,15,0
2020-04-28,Rappahannock,50-59,80,19,1
2020-04-28,Rappahannock,60-69,53,24,2
2020-04-28,Rappahannock,70-79,21,13,4
2020-04-28,Rappahannock,80+,9,6,2
2020-04-28,"Rappahannock Rapidan",0-9,8,1,0
2020-04-28,"Rappahannock Rapidan",19-Oct,17,0,0
2020-04-28,"Rappahannock Rapidan",20-29,47,0,0
2020-04-28,"Rappahannock Rapidan",30-39,65,5,0
2020-04-28,"Rappahannock Rapidan",40-49,59,1,0
2020-04-28,"Rappahannock Rapidan",50-59,40,5,0
2020-04-28,"Rappahannock Rapidan",60-69,19,4,0
2020-04-28,"Rappahannock Rapidan",70-79,11,1,0
2020-04-28,"Rappahannock Rapidan",80+,9,7,4
2020-04-28,Richmond,0-9,1,0,0
2020-04-28,Richmond,19-Oct,3,1,0
2020-04-28,Richmond,20-29,51,4,0
2020-04-28,Richmond,30-39,41,2,0
2020-04-28,Richmond,40-49,52,4,0
2020-04-28,Richmond,50-59,55,12,0
2020-04-28,Richmond,60-69,60,16,4
2020-04-28,Richmond,70-79,29,13,5
2020-04-28,Richmond,80+,20,8,5
2020-04-28,Roanoke,20-29,5,0,0
2020-04-28,Roanoke,30-39,3,0,0
2020-04-28,Roanoke,40-49,6,0,0
2020-04-28,Roanoke,50-59,9,1,0
2020-04-28,Roanoke,60-69,5,1,0
2020-04-28,Roanoke,70-79,3,1,0
2020-04-28,Roanoke,80+,4,2,0
2020-04-28,Southside,19-Oct,3,0,0
2020-04-28,Southside,20-29,15,2,0
2020-04-28,Southside,30-39,12,0,0
2020-04-28,Southside,40-49,12,3,0
2020-04-28,Southside,50-59,19,3,0
2020-04-28,Southside,60-69,15,5,0
2020-04-28,Southside,70-79,19,6,4
2020-04-28,Southside,80+,35,4,5
2020-04-28,"Thomas Jefferson",0-9,3,1,0
2020-04-28,"Thomas Jefferson",19-Oct,4,0,0
2020-04-28,"Thomas Jefferson",20-29,32,0,0
2020-04-28,"Thomas Jefferson",30-39,37,2,0
2020-04-28,"Thomas Jefferson",40-49,29,4,0
2020-04-28,"Thomas Jefferson",50-59,43,8,1
2020-04-28,"Thomas Jefferson",60-69,40,11,2
2020-04-28,"Thomas Jefferson",70-79,36,14,1
2020-04-28,"Thomas Jefferson",80+,37,19,8
2020-04-28,"Three Rivers",0-9,1,0,0
2020-04-28,"Three Rivers",19-Oct,1,0,0
2020-04-28,"Three Rivers",20-29,24,0,0
2020-04-28,"Three Rivers",30-39,45,1,0
2020-04-28,"Three Rivers",40-49,52,2,1
2020-04-28,"Three Rivers",50-59,29,2,0
2020-04-28,"Three Rivers",60-69,30,4,0
2020-04-28,"Three Rivers",70-79,15,2,0
2020-04-28,"Three Rivers",80+,17,4,0
2020-04-28,"Virginia Beach",0-9,1,0,0
2020-04-28,"Virginia Beach",19-Oct,4,0,0
2020-04-28,"Virginia Beach",20-29,37,1,0
2020-04-28,"Virginia Beach",30-39,56,6,0
2020-04-28,"Virginia Beach",40-49,55,12,1
2020-04-28,"Virginia Beach",50-59,57,10,0
2020-04-28,"Virginia Beach",60-69,64,13,1
2020-04-28,"Virginia Beach",70-79,43,19,4
2020-04-28,"Virginia Beach",80+,42,15,6
2020-04-28,"West Piedmont",19-Oct,1,0,0
2020-04-28,"West Piedmont",20-29,3,0,0
2020-04-28,"West Piedmont",40-49,7,0,0
2020-04-28,"West Piedmont",50-59,9,0,0
2020-04-28,"West Piedmont",60-69,12,1,0
2020-04-28,"West Piedmont",70-79,5,3,1
2020-04-28,"West Piedmont",80+,3,1,0
2020-04-28,"Western Tidewater",0-9,3,0,0
2020-04-28,"Western Tidewater",19-Oct,1,0,0
2020-04-28,"Western Tidewater",20-29,27,0,0
2020-04-28,"Western Tidewater",30-39,29,1,0
2020-04-28,"Western Tidewater",40-49,52,3,0
2020-04-28,"Western Tidewater",50-59,61,4,0
2020-04-28,"Western Tidewater",60-69,70,9,2
2020-04-28,"Western Tidewater",70-79,51,13,4
2020-04-28,"Western Tidewater",80+,87,15,5
2020-04-29,Alexandria,0-9,24,0,0
2020-04-29,Alexandria,19-Oct,34,0,0
2020-04-29,Alexandria,20-29,92,2,1
2020-04-29,Alexandria,30-39,168,13,0
2020-04-29,Alexandria,40-49,133,12,0
2020-04-29,Alexandria,50-59,102,18,6
2020-04-29,Alexandria,60-69,70,16,1
2020-04-29,Alexandria,70-79,43,19,6
2020-04-29,Alexandria,80+,34,12,7
2020-04-29,Alleghany,19-Oct,1,0,0
2020-04-29,Alleghany,20-29,14,1,0
2020-04-29,Alleghany,30-39,7,0,0
2020-04-29,Alleghany,40-49,11,0,0
2020-04-29,Alleghany,50-59,28,4,0
2020-04-29,Alleghany,60-69,19,4,0
2020-04-29,Alleghany,70-79,8,3,1
2020-04-29,Alleghany,80+,11,4,2
2020-04-29,Arlington,0-9,5,0,0
2020-04-29,Arlington,19-Oct,15,2,0
2020-04-29,Arlington,20-29,128,10,0
2020-04-29,Arlington,30-39,148,18,0
2020-04-29,Arlington,40-49,134,18,2
2020-04-29,Arlington,50-59,163,29,1
2020-04-29,Arlington,60-69,130,29,4
2020-04-29,Arlington,70-79,93,28,7
2020-04-29,Arlington,80+,94,29,18
2020-04-29,Arlington,Missing,2,0,0
2020-04-29,"Central Shenandoah",0-9,8,0,0
2020-04-29,"Central Shenandoah",19-Oct,18,0,0
2020-04-29,"Central Shenandoah",20-29,89,0,0
2020-04-29,"Central Shenandoah",30-39,112,2,0
2020-04-29,"Central Shenandoah",40-49,120,2,0
2020-04-29,"Central Shenandoah",50-59,146,11,0
2020-04-29,"Central Shenandoah",60-69,103,12,3
2020-04-29,"Central Shenandoah",70-79,53,9,5
2020-04-29,"Central Shenandoah",80+,61,7,5
2020-04-29,"Central Virginia",0-9,2,0,0
2020-04-29,"Central Virginia",19-Oct,7,0,0
2020-04-29,"Central Virginia",20-29,20,1,0
2020-04-29,"Central Virginia",30-39,22,1,0
2020-04-29,"Central Virginia",40-49,13,0,0
2020-04-29,"Central Virginia",50-59,21,0,0
2020-04-29,"Central Virginia",60-69,21,2,1
2020-04-29,"Central Virginia",70-79,11,2,0
2020-04-29,"Central Virginia",80+,3,1,0
2020-04-29,Chesapeake,0-9,1,1,0
2020-04-29,Chesapeake,19-Oct,4,0,0
2020-04-29,Chesapeake,20-29,21,2,0
2020-04-29,Chesapeake,30-39,35,2,0
2020-04-29,Chesapeake,40-49,45,7,0
2020-04-29,Chesapeake,50-59,51,11,1
2020-04-29,Chesapeake,60-69,36,13,2
2020-04-29,Chesapeake,70-79,22,13,0
2020-04-29,Chesapeake,80+,17,7,3
2020-04-29,Chesterfield,0-9,2,0,0
2020-04-29,Chesterfield,19-Oct,36,0,0
2020-04-29,Chesterfield,20-29,56,3,0
2020-04-29,Chesterfield,30-39,87,1,0
2020-04-29,Chesterfield,40-49,108,5,2
2020-04-29,Chesterfield,50-59,95,11,1
2020-04-29,Chesterfield,60-69,74,10,8
2020-04-29,Chesterfield,70-79,46,6,2
2020-04-29,Chesterfield,80+,58,6,10
2020-04-29,Chickahominy,0-9,1,0,0
2020-04-29,Chickahominy,19-Oct,4,0,0
2020-04-29,Chickahominy,20-29,22,0,0
2020-04-29,Chickahominy,30-39,26,0,0
2020-04-29,Chickahominy,40-49,41,4,1
2020-04-29,Chickahominy,50-59,46,10,0
2020-04-29,Chickahominy,60-69,31,10,2
2020-04-29,Chickahominy,70-79,20,8,3
2020-04-29,Chickahominy,80+,32,17,9
2020-04-29,Crater,19-Oct,3,0,0
2020-04-29,Crater,20-29,24,3,0
2020-04-29,Crater,30-39,31,1,0
2020-04-29,Crater,40-49,29,6,1
2020-04-29,Crater,50-59,40,11,0
2020-04-29,Crater,60-69,43,18,7
2020-04-29,Crater,70-79,21,11,4
2020-04-29,Crater,80+,6,3,0
2020-04-29,"Cumberland Plateau",19-Oct,11,0,0
2020-04-29,"Cumberland Plateau",30-39,5,0,0
2020-04-29,"Cumberland Plateau",40-49,4,0,0
2020-04-29,"Cumberland Plateau",50-59,1,0,0
2020-04-29,"Cumberland Plateau",60-69,2,1,0
2020-04-29,"Cumberland Plateau",70-79,2,0,0
2020-04-29,"Eastern Shore",19-Oct,7,0,0
2020-04-29,"Eastern Shore",20-29,38,1,0
2020-04-29,"Eastern Shore",30-39,51,2,0
2020-04-29,"Eastern Shore",40-49,59,3,0
2020-04-29,"Eastern Shore",50-59,66,4,3
2020-04-29,"Eastern Shore",60-69,32,5,0
2020-04-29,"Eastern Shore",70-79,7,3,1
2020-04-29,"Eastern Shore",80+,5,3,0
2020-04-29,Fairfax,0-9,41,4,0
2020-04-29,Fairfax,19-Oct,94,2,0
2020-04-29,Fairfax,20-29,464,25,1
2020-04-29,Fairfax,30-39,615,56,2
2020-04-29,Fairfax,40-49,670,89,0
2020-04-29,Fairfax,50-59,635,111,9
2020-04-29,Fairfax,60-69,454,128,18
2020-04-29,Fairfax,70-79,233,78,17
2020-04-29,Fairfax,80+,295,99,81
2020-04-29,Hampton,0-9,2,0,0
2020-04-29,Hampton,19-Oct,6,0,0
2020-04-29,Hampton,20-29,15,1,0
2020-04-29,Hampton,30-39,18,2,0
2020-04-29,Hampton,40-49,12,2,0
2020-04-29,Hampton,50-59,26,7,0
2020-04-29,Hampton,60-69,20,9,1
2020-04-29,Hampton,70-79,7,5,0
2020-04-29,Hampton,80+,3,2,0
2020-04-29,Henrico,0-9,14,0,0
2020-04-29,Henrico,19-Oct,9,0,0
2020-04-29,Henrico,20-29,60,4,0
2020-04-29,Henrico,30-39,82,3,0
2020-04-29,Henrico,40-49,99,10,0
2020-04-29,Henrico,50-59,122,16,3
2020-04-29,Henrico,60-69,131,20,17
2020-04-29,Henrico,70-79,131,26,28
2020-04-29,Henrico,80+,197,43,50
2020-04-29,Henrico,Missing,1,0,0
2020-04-29,Lenowisco,0-9,4,0,0
2020-04-29,Lenowisco,19-Oct,2,0,0
2020-04-29,Lenowisco,20-29,5,0,0
2020-04-29,Lenowisco,30-39,3,1,1
2020-04-29,Lenowisco,40-49,4,1,0
2020-04-29,Lenowisco,50-59,10,3,0
2020-04-29,Lenowisco,60-69,8,6,1
2020-04-29,Lenowisco,70-79,4,3,0
2020-04-29,"Lord Fairfax",0-9,3,0,0
2020-04-29,"Lord Fairfax",19-Oct,15,0,0
2020-04-29,"Lord Fairfax",20-29,51,0,0
2020-04-29,"Lord Fairfax",30-39,50,6,0
2020-04-29,"Lord Fairfax",40-49,60,1,0
2020-04-29,"Lord Fairfax",50-59,78,5,1
2020-04-29,"Lord Fairfax",60-69,66,11,2
2020-04-29,"Lord Fairfax",70-79,30,8,1
2020-04-29,"Lord Fairfax",80+,29,6,0
2020-04-29,Loudoun,0-9,13,0,0
2020-04-29,Loudoun,19-Oct,20,0,0
2020-04-29,Loudoun,20-29,97,2,0
2020-04-29,Loudoun,30-39,99,8,0
2020-04-29,Loudoun,40-49,154,13,0
2020-04-29,Loudoun,50-59,161,16,0
2020-04-29,Loudoun,60-69,71,16,0
2020-04-29,Loudoun,70-79,40,15,2
2020-04-29,Loudoun,80+,72,17,12
2020-04-29,"Mount Rogers",0-9,3,1,0
2020-04-29,"Mount Rogers",19-Oct,4,0,0
2020-04-29,"Mount Rogers",20-29,6,0,0
2020-04-29,"Mount Rogers",30-39,14,3,0
2020-04-29,"Mount Rogers",40-49,11,0,0
2020-04-29,"Mount Rogers",50-59,13,1,0
2020-04-29,"Mount Rogers",60-69,10,1,0
2020-04-29,"Mount Rogers",70-79,10,6,1
2020-04-29,"Mount Rogers",80+,4,4,3
2020-04-29,"New River",0-9,2,0,0
2020-04-29,"New River",19-Oct,3,0,0
2020-04-29,"New River",20-29,17,0,0
2020-04-29,"New River",30-39,4,0,0
2020-04-29,"New River",40-49,10,0,0
2020-04-29,"New River",50-59,14,2,0
2020-04-29,"New River",60-69,13,2,0
2020-04-29,"New River",70-79,6,3,1
2020-04-29,"New River",80+,4,1,0
2020-04-29,Norfolk,0-9,1,0,0
2020-04-29,Norfolk,19-Oct,4,0,0
2020-04-29,Norfolk,20-29,30,0,0
2020-04-29,Norfolk,30-39,42,3,0
2020-04-29,Norfolk,40-49,42,6,0
2020-04-29,Norfolk,50-59,33,7,0
2020-04-29,Norfolk,60-69,23,11,1
2020-04-29,Norfolk,70-79,10,7,0
2020-04-29,Norfolk,80+,7,5,2
2020-04-29,Peninsula,0-9,4,0,0
2020-04-29,Peninsula,19-Oct,3,1,0
2020-04-29,Peninsula,20-29,28,1,0
2020-04-29,Peninsula,30-39,34,4,0
2020-04-29,Peninsula,40-49,36,2,0
2020-04-29,Peninsula,50-59,56,14,1
2020-04-29,Peninsula,60-69,81,23,3
2020-04-29,Peninsula,70-79,67,34,10
2020-04-29,Peninsula,80+,29,19,7
2020-04-29,Piedmont,0-9,1,0,0
2020-04-29,Piedmont,19-Oct,3,0,0
2020-04-29,Piedmont,20-29,21,0,0
2020-04-29,Piedmont,30-39,20,0,0
2020-04-29,Piedmont,40-49,21,1,0
2020-04-29,Piedmont,50-59,33,5,0
2020-04-29,Piedmont,60-69,28,6,0
2020-04-29,Piedmont,70-79,17,7,2
2020-04-29,Piedmont,80+,6,0,1
2020-04-29,Pittsylvania-Danville,0-9,1,0,0
2020-04-29,Pittsylvania-Danville,20-29,6,0,0
2020-04-29,Pittsylvania-Danville,30-39,4,0,0
2020-04-29,Pittsylvania-Danville,40-49,8,3,0
2020-04-29,Pittsylvania-Danville,50-59,8,4,0
2020-04-29,Pittsylvania-Danville,60-69,7,4,1
2020-04-29,Pittsylvania-Danville,70-79,9,6,0
2020-04-29,Pittsylvania-Danville,80+,3,2,1
2020-04-29,Portsmouth,0-9,1,1,0
2020-04-29,Portsmouth,19-Oct,1,0,0
2020-04-29,Portsmouth,20-29,14,2,0
2020-04-29,Portsmouth,30-39,40,3,0
2020-04-29,Portsmouth,40-49,22,3,0
2020-04-29,Portsmouth,50-59,29,7,1
2020-04-29,Portsmouth,60-69,22,8,2
2020-04-29,Portsmouth,70-79,10,5,1
2020-04-29,Portsmouth,80+,11,4,1
2020-04-29,"Prince William",0-9,45,2,0
2020-04-29,"Prince William",19-Oct,71,2,0
2020-04-29,"Prince William",20-29,274,17,0
2020-04-29,"Prince William",30-39,348,23,1
2020-04-29,"Prince William",40-49,380,41,2
2020-04-29,"Prince William",50-59,347,44,4
2020-04-29,"Prince William",60-69,200,30,8
2020-04-29,"Prince William",70-79,77,25,7
2020-04-29,"Prince William",80+,40,11,4
2020-04-29,"Prince William",Missing,1,0,0
2020-04-29,Rappahannock,0-9,6,1,0
2020-04-29,Rappahannock,19-Oct,14,0,0
2020-04-29,Rappahannock,20-29,73,5,0
2020-04-29,Rappahannock,30-39,85,6,0
2020-04-29,Rappahannock,40-49,96,16,0
2020-04-29,Rappahannock,50-59,82,19,1
2020-04-29,Rappahannock,60-69,54,25,2
2020-04-29,Rappahannock,70-79,21,13,4
2020-04-29,Rappahannock,80+,8,6,2
2020-04-29,"Rappahannock Rapidan",0-9,8,1,0
2020-04-29,"Rappahannock Rapidan",19-Oct,18,0,0
2020-04-29,"Rappahannock Rapidan",20-29,48,0,0
2020-04-29,"Rappahannock Rapidan",30-39,67,6,0
2020-04-29,"Rappahannock Rapidan",40-49,59,1,0
2020-04-29,"Rappahannock Rapidan",50-59,42,5,0
2020-04-29,"Rappahannock Rapidan",60-69,20,4,0
2020-04-29,"Rappahannock Rapidan",70-79,11,1,1
2020-04-29,"Rappahannock Rapidan",80+,9,7,4
2020-04-29,Richmond,0-9,1,0,0
2020-04-29,Richmond,19-Oct,4,1,0
2020-04-29,Richmond,20-29,52,4,0
2020-04-29,Richmond,30-39,42,2,0
2020-04-29,Richmond,40-49,54,4,0
2020-04-29,Richmond,50-59,58,12,0
2020-04-29,Richmond,60-69,63,17,4
2020-04-29,Richmond,70-79,29,14,5
2020-04-29,Richmond,80+,20,8,5
2020-04-29,Roanoke,20-29,7,0,0
2020-04-29,Roanoke,30-39,7,0,0
2020-04-29,Roanoke,40-49,7,0,0
2020-04-29,Roanoke,50-59,9,1,0
2020-04-29,Roanoke,60-69,5,1,0
2020-04-29,Roanoke,70-79,3,1,0
2020-04-29,Roanoke,80+,19,2,0
2020-04-29,Southside,19-Oct,3,0,0
2020-04-29,Southside,20-29,15,2,0
2020-04-29,Southside,30-39,12,0,0
2020-04-29,Southside,40-49,12,3,0
2020-04-29,Southside,50-59,19,3,0
2020-04-29,Southside,60-69,16,6,1
2020-04-29,Southside,70-79,19,6,4
2020-04-29,Southside,80+,35,4,5
2020-04-29,"Thomas Jefferson",0-9,3,1,0
2020-04-29,"Thomas Jefferson",19-Oct,4,0,0
2020-04-29,"Thomas Jefferson",20-29,32,0,0
2020-04-29,"Thomas Jefferson",30-39,38,2,0
2020-04-29,"Thomas Jefferson",40-49,29,4,0
2020-04-29,"Thomas Jefferson",50-59,43,8,1
2020-04-29,"Thomas Jefferson",60-69,41,11,2
2020-04-29,"Thomas Jefferson",70-79,37,14,1
2020-04-29,"Thomas Jefferson",80+,37,19,8
2020-04-29,"Three Rivers",0-9,1,0,0
2020-04-29,"Three Rivers",19-Oct,1,0,0
2020-04-29,"Three Rivers",20-29,25,0,0
2020-04-29,"Three Rivers",30-39,46,1,0
2020-04-29,"Three Rivers",40-49,52,2,1
2020-04-29,"Three Rivers",50-59,30,2,0
2020-04-29,"Three Rivers",60-69,30,4,0
2020-04-29,"Three Rivers",70-79,16,3,1
2020-04-29,"Three Rivers",80+,17,4,0
2020-04-29,"Virginia Beach",0-9,1,0,0
2020-04-29,"Virginia Beach",19-Oct,4,0,0
2020-04-29,"Virginia Beach",20-29,37,1,0
2020-04-29,"Virginia Beach",30-39,57,6,0
2020-04-29,"Virginia Beach",40-49,56,12,1
2020-04-29,"Virginia Beach",50-59,60,10,0
2020-04-29,"Virginia Beach",60-69,65,13,1
2020-04-29,"Virginia Beach",70-79,43,19,4
2020-04-29,"Virginia Beach",80+,42,15,6
2020-04-29,"West Piedmont",19-Oct,1,0,0
2020-04-29,"West Piedmont",20-29,4,0,0
2020-04-29,"West Piedmont",40-49,7,0,0
2020-04-29,"West Piedmont",50-59,9,0,0
2020-04-29,"West Piedmont",60-69,12,1,0
2020-04-29,"West Piedmont",70-79,5,3,1
2020-04-29,"West Piedmont",80+,3,1,0
2020-04-29,"Western Tidewater",0-9,3,0,0
2020-04-29,"Western Tidewater",19-Oct,1,0,0
2020-04-29,"Western Tidewater",20-29,27,0,0
2020-04-29,"Western Tidewater",30-39,29,1,0
2020-04-29,"Western Tidewater",40-49,53,4,0
2020-04-29,"Western Tidewater",50-59,61,4,0
2020-04-29,"Western Tidewater",60-69,71,9,3
2020-04-29,"Western Tidewater",70-79,51,13,5
2020-04-29,"Western Tidewater",80+,88,15,7
2020-04-30,Alexandria,0-9,32,0,0
2020-04-30,Alexandria,19-Oct,37,0,0
2020-04-30,Alexandria,20-29,98,2,1
2020-04-30,Alexandria,30-39,183,13,0
2020-04-30,Alexandria,40-49,141,13,0
2020-04-30,Alexandria,50-59,108,19,6
2020-04-30,Alexandria,60-69,72,17,1
2020-04-30,Alexandria,70-79,47,20,6
2020-04-30,Alexandria,80+,36,13,7
2020-04-30,Alleghany,19-Oct,1,0,0
2020-04-30,Alleghany,20-29,14,1,0
2020-04-30,Alleghany,30-39,7,0,0
2020-04-30,Alleghany,40-49,11,0,0
2020-04-30,Alleghany,50-59,31,4,0
2020-04-30,Alleghany,60-69,19,4,0
2020-04-30,Alleghany,70-79,12,3,1
2020-04-30,Alleghany,80+,19,4,2
2020-04-30,Arlington,0-9,7,0,0
2020-04-30,Arlington,19-Oct,20,2,0
2020-04-30,Arlington,20-29,134,10,0
2020-04-30,Arlington,30-39,159,19,0
2020-04-30,Arlington,40-49,148,18,2
2020-04-30,Arlington,50-59,170,29,1
2020-04-30,Arlington,60-69,136,31,7
2020-04-30,Arlington,70-79,94,28,9
2020-04-30,Arlington,80+,97,30,22
2020-04-30,Arlington,Missing,2,0,0
2020-04-30,"Central Shenandoah",0-9,10,0,0
2020-04-30,"Central Shenandoah",19-Oct,19,0,0
2020-04-30,"Central Shenandoah",20-29,100,0,0
2020-04-30,"Central Shenandoah",30-39,117,2,0
2020-04-30,"Central Shenandoah",40-49,131,2,0
2020-04-30,"Central Shenandoah",50-59,150,11,0
2020-04-30,"Central Shenandoah",60-69,107,12,3
2020-04-30,"Central Shenandoah",70-79,54,10,5
2020-04-30,"Central Shenandoah",80+,61,7,5
2020-04-30,"Central Virginia",0-9,2,0,0
2020-04-30,"Central Virginia",19-Oct,7,0,0
2020-04-30,"Central Virginia",20-29,20,1,0
2020-04-30,"Central Virginia",30-39,23,1,0
2020-04-30,"Central Virginia",40-49,16,0,0
2020-04-30,"Central Virginia",50-59,21,0,0
2020-04-30,"Central Virginia",60-69,23,2,1
2020-04-30,"Central Virginia",70-79,11,2,0
2020-04-30,"Central Virginia",80+,4,1,0
2020-04-30,Chesapeake,0-9,1,1,0
2020-04-30,Chesapeake,19-Oct,4,0,0
2020-04-30,Chesapeake,20-29,21,2,0
2020-04-30,Chesapeake,30-39,35,2,0
2020-04-30,Chesapeake,40-49,47,7,0
2020-04-30,Chesapeake,50-59,56,12,1
2020-04-30,Chesapeake,60-69,38,13,2
2020-04-30,Chesapeake,70-79,23,13,0
2020-04-30,Chesapeake,80+,17,7,3
2020-04-30,Chesterfield,0-9,2,0,0
2020-04-30,Chesterfield,19-Oct,38,0,0
2020-04-30,Chesterfield,20-29,60,3,0
2020-04-30,Chesterfield,30-39,92,1,0
2020-04-30,Chesterfield,40-49,113,5,2
2020-04-30,Chesterfield,50-59,101,12,1
2020-04-30,Chesterfield,60-69,77,10,8
2020-04-30,Chesterfield,70-79,49,7,3
2020-04-30,Chesterfield,80+,66,7,11
2020-04-30,Chickahominy,0-9,1,0,0
2020-04-30,Chickahominy,19-Oct,4,0,0
2020-04-30,Chickahominy,20-29,22,0,0
2020-04-30,Chickahominy,30-39,26,0,0
2020-04-30,Chickahominy,40-49,43,4,1
2020-04-30,Chickahominy,50-59,48,10,0
2020-04-30,Chickahominy,60-69,32,10,2
2020-04-30,Chickahominy,70-79,21,8,3
2020-04-30,Chickahominy,80+,33,17,9
2020-04-30,Crater,19-Oct,3,0,0
2020-04-30,Crater,20-29,24,3,0
2020-04-30,Crater,30-39,31,1,0
2020-04-30,Crater,40-49,32,7,1
2020-04-30,Crater,50-59,40,11,0
2020-04-30,Crater,60-69,44,18,7
2020-04-30,Crater,70-79,21,11,4
2020-04-30,Crater,80+,6,3,0
2020-04-30,"Cumberland Plateau",19-Oct,11,0,0
2020-04-30,"Cumberland Plateau",30-39,5,0,0
2020-04-30,"Cumberland Plateau",40-49,4,0,0
2020-04-30,"Cumberland Plateau",50-59,1,0,0
2020-04-30,"Cumberland Plateau",60-69,2,1,0
2020-04-30,"Cumberland Plateau",70-79,2,0,0
2020-04-30,"Eastern Shore",0-9,2,0,0
2020-04-30,"Eastern Shore",19-Oct,10,0,0
2020-04-30,"Eastern Shore",20-29,43,1,0
2020-04-30,"Eastern Shore",30-39,60,2,0
2020-04-30,"Eastern Shore",40-49,67,3,0
2020-04-30,"Eastern Shore",50-59,73,4,3
2020-04-30,"Eastern Shore",60-69,46,5,0
2020-04-30,"Eastern Shore",70-79,14,3,1
2020-04-30,"Eastern Shore",80+,13,3,0
2020-04-30,Fairfax,0-9,40,4,0
2020-04-30,Fairfax,19-Oct,99,2,0
2020-04-30,Fairfax,20-29,481,25,1
2020-04-30,Fairfax,30-39,649,57,2
2020-04-30,Fairfax,40-49,707,90,1
2020-04-30,Fairfax,50-59,664,112,9
2020-04-30,Fairfax,60-69,473,134,19
2020-04-30,Fairfax,70-79,235,78,18
2020-04-30,Fairfax,80+,312,111,88
2020-04-30,Fairfax,Missing,4,0,0
2020-04-30,Hampton,0-9,2,0,0
2020-04-30,Hampton,19-Oct,6,0,0
2020-04-30,Hampton,20-29,15,1,0
2020-04-30,Hampton,30-39,20,2,0
2020-04-30,Hampton,40-49,13,2,0
2020-04-30,Hampton,50-59,27,7,0
2020-04-30,Hampton,60-69,21,9,1
2020-04-30,Hampton,70-79,8,5,0
2020-04-30,Hampton,80+,3,2,0
2020-04-30,Henrico,0-9,15,0,0
2020-04-30,Henrico,19-Oct,9,0,0
2020-04-30,Henrico,20-29,65,4,0
2020-04-30,Henrico,30-39,86,3,0
2020-04-30,Henrico,40-49,103,10,0
2020-04-30,Henrico,50-59,127,16,3
2020-04-30,Henrico,60-69,134,20,17
2020-04-30,Henrico,70-79,133,28,28
2020-04-30,Henrico,80+,203,45,52
2020-04-30,Henrico,Missing,1,0,0
2020-04-30,Lenowisco,0-9,4,0,0
2020-04-30,Lenowisco,19-Oct,2,0,0
2020-04-30,Lenowisco,20-29,5,0,0
2020-04-30,Lenowisco,30-39,3,1,1
2020-04-30,Lenowisco,40-49,4,1,0
2020-04-30,Lenowisco,50-59,10,3,0
2020-04-30,Lenowisco,60-69,8,6,1
2020-04-30,Lenowisco,70-79,4,3,0
2020-04-30,"Lord Fairfax",0-9,3,0,0
2020-04-30,"Lord Fairfax",19-Oct,18,0,0
2020-04-30,"Lord Fairfax",20-29,61,0,0
2020-04-30,"Lord Fairfax",30-39,54,6,0
2020-04-30,"Lord Fairfax",40-49,63,2,0
2020-04-30,"Lord Fairfax",50-59,80,5,1
2020-04-30,"Lord Fairfax",60-69,70,13,2
2020-04-30,"Lord Fairfax",70-79,31,8,1
2020-04-30,"Lord Fairfax",80+,30,7,0
2020-04-30,Loudoun,0-9,13,0,0
2020-04-30,Loudoun,19-Oct,20,0,0
2020-04-30,Loudoun,20-29,99,2,0
2020-04-30,Loudoun,30-39,102,8,0
2020-04-30,Loudoun,40-49,158,13,0
2020-04-30,Loudoun,50-59,162,17,0
2020-04-30,Loudoun,60-69,70,17,1
2020-04-30,Loudoun,70-79,45,16,2
2020-04-30,Loudoun,80+,77,17,12
2020-04-30,"Mount Rogers",0-9,3,1,0
2020-04-30,"Mount Rogers",19-Oct,4,0,0
2020-04-30,"Mount Rogers",20-29,6,0,0
2020-04-30,"Mount Rogers",30-39,15,3,0
2020-04-30,"Mount Rogers",40-49,11,0,0
2020-04-30,"Mount Rogers",50-59,13,1,0
2020-04-30,"Mount Rogers",60-69,12,1,0
2020-04-30,"Mount Rogers",70-79,10,6,1
2020-04-30,"Mount Rogers",80+,4,4,3
2020-04-30,"New River",0-9,2,0,0
2020-04-30,"New River",19-Oct,3,0,0
2020-04-30,"New River",20-29,17,0,0
2020-04-30,"New River",30-39,4,0,0
2020-04-30,"New River",40-49,10,0,0
2020-04-30,"New River",50-59,14,2,0
2020-04-30,"New River",60-69,14,2,0
2020-04-30,"New River",70-79,6,3,1
2020-04-30,"New River",80+,4,1,0
2020-04-30,Norfolk,0-9,1,0,0
2020-04-30,Norfolk,19-Oct,5,0,0
2020-04-30,Norfolk,20-29,32,0,0
2020-04-30,Norfolk,30-39,43,4,0
2020-04-30,Norfolk,40-49,42,6,0
2020-04-30,Norfolk,50-59,35,7,0
2020-04-30,Norfolk,60-69,23,11,1
2020-04-30,Norfolk,70-79,10,7,0
2020-04-30,Norfolk,80+,7,5,2
2020-04-30,Peninsula,0-9,4,0,0
2020-04-30,Peninsula,19-Oct,3,1,0
2020-04-30,Peninsula,20-29,28,1,0
2020-04-30,Peninsula,30-39,37,4,0
2020-04-30,Peninsula,40-49,37,2,0
2020-04-30,Peninsula,50-59,59,14,1
2020-04-30,Peninsula,60-69,81,23,3
2020-04-30,Peninsula,70-79,67,34,10
2020-04-30,Peninsula,80+,30,19,7
2020-04-30,Piedmont,0-9,1,0,0
2020-04-30,Piedmont,19-Oct,3,0,0
2020-04-30,Piedmont,20-29,22,0,0
2020-04-30,Piedmont,30-39,22,0,0
2020-04-30,Piedmont,40-49,22,1,0
2020-04-30,Piedmont,50-59,34,5,0
2020-04-30,Piedmont,60-69,30,6,0
2020-04-30,Piedmont,70-79,17,9,2
2020-04-30,Piedmont,80+,7,0,1
2020-04-30,Pittsylvania-Danville,0-9,1,0,0
2020-04-30,Pittsylvania-Danville,20-29,7,0,0
2020-04-30,Pittsylvania-Danville,30-39,4,0,0
2020-04-30,Pittsylvania-Danville,40-49,8,3,0
2020-04-30,Pittsylvania-Danville,50-59,9,4,0
2020-04-30,Pittsylvania-Danville,60-69,7,4,1
2020-04-30,Pittsylvania-Danville,70-79,9,6,0
2020-04-30,Pittsylvania-Danville,80+,3,2,1
2020-04-30,Portsmouth,0-9,1,1,0
2020-04-30,Portsmouth,19-Oct,1,0,0
2020-04-30,Portsmouth,20-29,16,2,0
2020-04-30,Portsmouth,30-39,40,3,0
2020-04-30,Portsmouth,40-49,22,3,0
2020-04-30,Portsmouth,50-59,30,7,1
2020-04-30,Portsmouth,60-69,23,8,2
2020-04-30,Portsmouth,70-79,12,5,1
2020-04-30,Portsmouth,80+,13,4,1
2020-04-30,"Prince William",0-9,47,2,0
2020-04-30,"Prince William",19-Oct,80,2,0
2020-04-30,"Prince William",20-29,294,17,0
2020-04-30,"Prince William",30-39,378,25,1
2020-04-30,"Prince William",40-49,421,43,2
2020-04-30,"Prince William",50-59,367,46,4
2020-04-30,"Prince William",60-69,209,32,8
2020-04-30,"Prince William",70-79,84,26,7
2020-04-30,"Prince William",80+,42,12,5
2020-04-30,Rappahannock,0-9,7,1,0
2020-04-30,Rappahannock,19-Oct,14,0,0
2020-04-30,Rappahannock,20-29,83,5,0
2020-04-30,Rappahannock,30-39,96,6,0
2020-04-30,Rappahannock,40-49,99,16,0
2020-04-30,Rappahannock,50-59,87,19,1
2020-04-30,Rappahannock,60-69,60,25,3
2020-04-30,Rappahannock,70-79,21,13,4
2020-04-30,Rappahannock,80+,8,6,2
2020-04-30,"Rappahannock Rapidan",0-9,8,1,0
2020-04-30,"Rappahannock Rapidan",19-Oct,21,0,0
2020-04-30,"Rappahannock Rapidan",20-29,52,0,0
2020-04-30,"Rappahannock Rapidan",30-39,73,6,0
2020-04-30,"Rappahannock Rapidan",40-49,63,1,0
2020-04-30,"Rappahannock Rapidan",50-59,42,5,0
2020-04-30,"Rappahannock Rapidan",60-69,23,4,0
2020-04-30,"Rappahannock Rapidan",70-79,11,1,1
2020-04-30,"Rappahannock Rapidan",80+,9,7,4
2020-04-30,Richmond,0-9,1,0,0
2020-04-30,Richmond,19-Oct,4,1,0
2020-04-30,Richmond,20-29,54,4,0
2020-04-30,Richmond,30-39,46,2,0
2020-04-30,Richmond,40-49,56,4,0
2020-04-30,Richmond,50-59,64,12,0
2020-04-30,Richmond,60-69,64,17,4
2020-04-30,Richmond,70-79,30,15,5
2020-04-30,Richmond,80+,20,8,6
2020-04-30,Roanoke,20-29,8,0,0
2020-04-30,Roanoke,30-39,8,0,0
2020-04-30,Roanoke,40-49,7,0,0
2020-04-30,Roanoke,50-59,9,1,0
2020-04-30,Roanoke,60-69,7,1,0
2020-04-30,Roanoke,70-79,5,1,0
2020-04-30,Roanoke,80+,29,2,0
2020-04-30,Southside,19-Oct,3,0,0
2020-04-30,Southside,20-29,15,2,0
2020-04-30,Southside,30-39,12,0,0
2020-04-30,Southside,40-49,13,3,0
2020-04-30,Southside,50-59,19,3,0
2020-04-30,Southside,60-69,16,6,1
2020-04-30,Southside,70-79,19,6,4
2020-04-30,Southside,80+,35,4,5
2020-04-30,"Thomas Jefferson",0-9,3,1,0
2020-04-30,"Thomas Jefferson",19-Oct,4,0,0
2020-04-30,"Thomas Jefferson",20-29,35,0,0
2020-04-30,"Thomas Jefferson",30-39,38,2,0
2020-04-30,"Thomas Jefferson",40-49,31,4,0
2020-04-30,"Thomas Jefferson",50-59,43,8,1
2020-04-30,"Thomas Jefferson",60-69,42,11,2
2020-04-30,"Thomas Jefferson",70-79,44,14,1
2020-04-30,"Thomas Jefferson",80+,53,19,9
2020-04-30,"Three Rivers",0-9,1,0,0
2020-04-30,"Three Rivers",19-Oct,2,0,0
2020-04-30,"Three Rivers",20-29,28,0,0
2020-04-30,"Three Rivers",30-39,48,1,0
2020-04-30,"Three Rivers",40-49,51,2,1
2020-04-30,"Three Rivers",50-59,30,2,0
2020-04-30,"Three Rivers",60-69,31,4,0
2020-04-30,"Three Rivers",70-79,16,3,1
2020-04-30,"Three Rivers",80+,18,4,0
2020-04-30,"Virginia Beach",0-9,1,0,0
2020-04-30,"Virginia Beach",19-Oct,6,0,0
2020-04-30,"Virginia Beach",20-29,40,1,0
2020-04-30,"Virginia Beach",30-39,60,6,0
2020-04-30,"Virginia Beach",40-49,58,12,1
2020-04-30,"Virginia Beach",50-59,62,10,0
2020-04-30,"Virginia Beach",60-69,68,13,1
2020-04-30,"Virginia Beach",70-79,44,19,4
2020-04-30,"Virginia Beach",80+,46,16,8
2020-04-30,"West Piedmont",19-Oct,1,0,0
2020-04-30,"West Piedmont",20-29,4,0,0
2020-04-30,"West Piedmont",40-49,7,0,0
2020-04-30,"West Piedmont",50-59,9,1,0
2020-04-30,"West Piedmont",60-69,12,1,0
2020-04-30,"West Piedmont",70-79,5,3,1
2020-04-30,"West Piedmont",80+,3,1,0
2020-04-30,"Western Tidewater",0-9,3,0,0
2020-04-30,"Western Tidewater",19-Oct,1,0,0
2020-04-30,"Western Tidewater",20-29,28,0,0
2020-04-30,"Western Tidewater",30-39,29,1,0
2020-04-30,"Western Tidewater",40-49,57,4,0
2020-04-30,"Western Tidewater",50-59,66,4,0
2020-04-30,"Western Tidewater",60-69,77,9,3
2020-04-30,"Western Tidewater",70-79,56,13,5
2020-04-30,"Western Tidewater",80+,96,15,7
2020-05-01,Alexandria,0-9,32,1,0
2020-05-01,Alexandria,19-Oct,41,0,0
2020-05-01,Alexandria,20-29,106,2,1
2020-05-01,Alexandria,30-39,199,13,0
2020-05-01,Alexandria,40-49,154,14,0
2020-05-01,Alexandria,50-59,114,22,6
2020-05-01,Alexandria,60-69,74,17,1
2020-05-01,Alexandria,70-79,45,21,6
2020-05-01,Alexandria,80+,37,14,10
2020-05-01,Alexandria,Missing,0,0,0
2020-05-01,Alleghany,0-9,0,0,0
2020-05-01,Alleghany,19-Oct,1,0,0
2020-05-01,Alleghany,20-29,14,1,0
2020-05-01,Alleghany,30-39,8,0,0
2020-05-01,Alleghany,40-49,12,0,0
2020-05-01,Alleghany,50-59,31,4,0
2020-05-01,Alleghany,60-69,19,4,0
2020-05-01,Alleghany,70-79,12,3,1
2020-05-01,Alleghany,80+,19,4,2
2020-05-01,Alleghany,Missing,0,0,0
2020-05-01,Arlington,0-9,7,0,0
2020-05-01,Arlington,19-Oct,21,3,0
2020-05-01,Arlington,20-29,142,10,0
2020-05-01,Arlington,30-39,167,19,0
2020-05-01,Arlington,40-49,157,18,2
2020-05-01,Arlington,50-59,176,29,1
2020-05-01,Arlington,60-69,140,31,7
2020-05-01,Arlington,70-79,94,29,10
2020-05-01,Arlington,80+,98,30,22
2020-05-01,Arlington,Missing,2,0,0
2020-05-01,"Central Shenandoah",0-9,12,0,0
2020-05-01,"Central Shenandoah",19-Oct,21,0,0
2020-05-01,"Central Shenandoah",20-29,111,0,0
2020-05-01,"Central Shenandoah",30-39,124,2,0
2020-05-01,"Central Shenandoah",40-49,138,2,0
2020-05-01,"Central Shenandoah",50-59,159,11,0
2020-05-01,"Central Shenandoah",60-69,110,12,3
2020-05-01,"Central Shenandoah",70-79,57,10,5
2020-05-01,"Central Shenandoah",80+,61,7,5
2020-05-01,"Central Shenandoah",Missing,0,0,0
2020-05-01,"Central Virginia",0-9,2,0,0
2020-05-01,"Central Virginia",19-Oct,7,0,0
2020-05-01,"Central Virginia",20-29,23,1,0
2020-05-01,"Central Virginia",30-39,24,1,0
2020-05-01,"Central Virginia",40-49,16,0,0
2020-05-01,"Central Virginia",50-59,24,0,0
2020-05-01,"Central Virginia",60-69,25,2,1
2020-05-01,"Central Virginia",70-79,11,2,0
2020-05-01,"Central Virginia",80+,4,1,0
2020-05-01,"Central Virginia",Missing,0,0,0
2020-05-01,Chesapeake,0-9,1,1,0
2020-05-01,Chesapeake,19-Oct,4,0,0
2020-05-01,Chesapeake,20-29,22,2,0
2020-05-01,Chesapeake,30-39,39,3,0
2020-05-01,Chesapeake,40-49,49,7,0
2020-05-01,Chesapeake,50-59,57,12,1
2020-05-01,Chesapeake,60-69,41,14,2
2020-05-01,Chesapeake,70-79,23,13,0
2020-05-01,Chesapeake,80+,20,8,4
2020-05-01,Chesapeake,Missing,0,0,0
2020-05-01,Chesterfield,0-9,2,0,0
2020-05-01,Chesterfield,19-Oct,40,0,0
2020-05-01,Chesterfield,20-29,63,3,0
2020-05-01,Chesterfield,30-39,100,1,0
2020-05-01,Chesterfield,40-49,116,5,2
2020-05-01,Chesterfield,50-59,107,14,1
2020-05-01,Chesterfield,60-69,79,12,8
2020-05-01,Chesterfield,70-79,48,9,5
2020-05-01,Chesterfield,80+,70,8,13
2020-05-01,Chesterfield,Missing,0,0,0
2020-05-01,Chickahominy,0-9,1,0,0
2020-05-01,Chickahominy,19-Oct,4,0,0
2020-05-01,Chickahominy,20-29,25,0,0
2020-05-01,Chickahominy,30-39,30,0,0
2020-05-01,Chickahominy,40-49,44,5,1
2020-05-01,Chickahominy,50-59,54,10,0
2020-05-01,Chickahominy,60-69,32,10,2
2020-05-01,Chickahominy,70-79,21,9,3
2020-05-01,Chickahominy,80+,35,17,12
2020-05-01,Chickahominy,Missing,0,0,0
2020-05-01,Crater,0-9,0,0,0
2020-05-01,Crater,19-Oct,4,0,0
2020-05-01,Crater,20-29,24,4,0
2020-05-01,Crater,30-39,33,1,0
2020-05-01,Crater,40-49,33,7,1
2020-05-01,Crater,50-59,40,11,0
2020-05-01,Crater,60-69,44,18,7
2020-05-01,Crater,70-79,21,11,4
2020-05-01,Crater,80+,6,3,0
2020-05-01,Crater,Missing,0,0,0
2020-05-01,"Cumberland Plateau",0-9,0,0,0
2020-05-01,"Cumberland Plateau",19-Oct,11,0,0
2020-05-01,"Cumberland Plateau",20-29,0,0,0
2020-05-01,"Cumberland Plateau",30-39,5,0,0
2020-05-01,"Cumberland Plateau",40-49,4,0,0
2020-05-01,"Cumberland Plateau",50-59,2,0,0
2020-05-01,"Cumberland Plateau",60-69,2,1,0
2020-05-01,"Cumberland Plateau",70-79,2,0,0
2020-05-01,"Cumberland Plateau",80+,0,0,0
2020-05-01,"Cumberland Plateau",Missing,0,0,0
2020-05-01,"Eastern Shore",0-9,2,0,0
2020-05-01,"Eastern Shore",19-Oct,10,0,0
2020-05-01,"Eastern Shore",20-29,52,1,0
2020-05-01,"Eastern Shore",30-39,74,2,0
2020-05-01,"Eastern Shore",40-49,79,3,1
2020-05-01,"Eastern Shore",50-59,86,4,3
2020-05-01,"Eastern Shore",60-69,51,5,0
2020-05-01,"Eastern Shore",70-79,17,3,1
2020-05-01,"Eastern Shore",80+,14,4,0
2020-05-01,"Eastern Shore",Missing,0,0,0
2020-05-01,Fairfax,0-9,42,4,0
2020-05-01,Fairfax,19-Oct,109,2,0
2020-05-01,Fairfax,20-29,510,26,1
2020-05-01,Fairfax,30-39,714,60,2
2020-05-01,Fairfax,40-49,767,96,1
2020-05-01,Fairfax,50-59,715,118,9
2020-05-01,Fairfax,60-69,510,145,20
2020-05-01,Fairfax,70-79,253,83,17
2020-05-01,Fairfax,80+,328,116,91
2020-05-01,Fairfax,Missing,4,0,0
2020-05-01,Hampton,0-9,2,0,0
2020-05-01,Hampton,19-Oct,6,0,0
2020-05-01,Hampton,20-29,17,1,0
2020-05-01,Hampton,30-39,20,2,0
2020-05-01,Hampton,40-49,14,2,0
2020-05-01,Hampton,50-59,28,7,0
2020-05-01,Hampton,60-69,21,9,1
2020-05-01,Hampton,70-79,8,5,0
2020-05-01,Hampton,80+,3,2,0
2020-05-01,Hampton,Missing,0,0,0
2020-05-01,Henrico,0-9,16,0,0
2020-05-01,Henrico,19-Oct,9,0,0
2020-05-01,Henrico,20-29,66,4,0
2020-05-01,Henrico,30-39,89,3,0
2020-05-01,Henrico,40-49,107,10,0
2020-05-01,Henrico,50-59,132,17,4
2020-05-01,Henrico,60-69,134,21,17
2020-05-01,Henrico,70-79,136,28,28
2020-05-01,Henrico,80+,209,46,53
2020-05-01,Henrico,Missing,0,0,0
2020-05-01,Lenowisco,0-9,4,0,0
2020-05-01,Lenowisco,19-Oct,2,0,0
2020-05-01,Lenowisco,20-29,6,0,0
2020-05-01,Lenowisco,30-39,3,1,1
2020-05-01,Lenowisco,40-49,4,1,0
2020-05-01,Lenowisco,50-59,10,3,0
2020-05-01,Lenowisco,60-69,8,6,1
2020-05-01,Lenowisco,70-79,4,3,0
2020-05-01,Lenowisco,80+,0,0,0
2020-05-01,Lenowisco,Missing,0,0,0
2020-05-01,"Lord Fairfax",0-9,4,0,0
2020-05-01,"Lord Fairfax",19-Oct,19,0,0
2020-05-01,"Lord Fairfax",20-29,69,0,0
2020-05-01,"Lord Fairfax",30-39,63,6,0
2020-05-01,"Lord Fairfax",40-49,69,2,0
2020-05-01,"Lord Fairfax",50-59,86,5,1
2020-05-01,"Lord Fairfax",60-69,74,14,2
2020-05-01,"Lord Fairfax",70-79,31,8,1
2020-05-01,"Lord Fairfax",80+,31,7,0
2020-05-01,"Lord Fairfax",Missing,0,0,0
2020-05-01,Loudoun,0-9,14,0,0
2020-05-01,Loudoun,19-Oct,23,0,0
2020-05-01,Loudoun,20-29,117,2,0
2020-05-01,Loudoun,30-39,119,8,0
2020-05-01,Loudoun,40-49,186,13,0
2020-05-01,Loudoun,50-59,173,17,0
2020-05-01,Loudoun,60-69,75,17,1
2020-05-01,Loudoun,70-79,47,17,2
2020-05-01,Loudoun,80+,78,19,12
2020-05-01,Loudoun,Missing,0,0,0
2020-05-01,"Mount Rogers",0-9,3,1,0
2020-05-01,"Mount Rogers",19-Oct,4,0,0
2020-05-01,"Mount Rogers",20-29,9,0,0
2020-05-01,"Mount Rogers",30-39,18,3,0
2020-05-01,"Mount Rogers",40-49,11,0,0
2020-05-01,"Mount Rogers",50-59,15,1,0
2020-05-01,"Mount Rogers",60-69,12,1,0
2020-05-01,"Mount Rogers",70-79,10,6,1
2020-05-01,"Mount Rogers",80+,4,4,3
2020-05-01,"Mount Rogers",Missing,0,0,0
2020-05-01,"New River",0-9,2,0,0
2020-05-01,"New River",19-Oct,3,0,0
2020-05-01,"New River",20-29,17,0,0
2020-05-01,"New River",30-39,4,0,0
2020-05-01,"New River",40-49,10,0,0
2020-05-01,"New River",50-59,14,2,0
2020-05-01,"New River",60-69,14,2,0
2020-05-01,"New River",70-79,7,4,1
2020-05-01,"New River",80+,4,2,0
2020-05-01,"New River",Missing,0,0,0
2020-05-01,Norfolk,0-9,5,0,0
2020-05-01,Norfolk,19-Oct,6,0,0
2020-05-01,Norfolk,20-29,32,0,0
2020-05-01,Norfolk,30-39,43,4,0
2020-05-01,Norfolk,40-49,41,6,0
2020-05-01,Norfolk,50-59,35,7,0
2020-05-01,Norfolk,60-69,25,13,1
2020-05-01,Norfolk,70-79,10,7,0
2020-05-01,Norfolk,80+,7,5,2
2020-05-01,Norfolk,Missing,0,0,0
2020-05-01,Peninsula,0-9,4,0,0
2020-05-01,Peninsula,19-Oct,3,1,0
2020-05-01,Peninsula,20-29,28,1,0
2020-05-01,Peninsula,30-39,37,4,0
2020-05-01,Peninsula,40-49,37,2,1
2020-05-01,Peninsula,50-59,64,14,2
2020-05-01,Peninsula,60-69,82,23,3
2020-05-01,Peninsula,70-79,67,34,10
2020-05-01,Peninsula,80+,30,19,7
2020-05-01,Peninsula,Missing,0,0,0
2020-05-01,Piedmont,0-9,1,0,0
2020-05-01,Piedmont,19-Oct,3,0,0
2020-05-01,Piedmont,20-29,29,0,0
2020-05-01,Piedmont,30-39,33,0,0
2020-05-01,Piedmont,40-49,31,1,0
2020-05-01,Piedmont,50-59,38,5,0
2020-05-01,Piedmont,60-69,36,6,0
2020-05-01,Piedmont,70-79,20,9,2
2020-05-01,Piedmont,80+,8,0,1
2020-05-01,Piedmont,Missing,0,0,0
2020-05-01,Pittsylvania-Danville,0-9,1,0,0
2020-05-01,Pittsylvania-Danville,19-Oct,0,0,0
2020-05-01,Pittsylvania-Danville,20-29,7,0,0
2020-05-01,Pittsylvania-Danville,30-39,4,0,0
2020-05-01,Pittsylvania-Danville,40-49,8,3,0
2020-05-01,Pittsylvania-Danville,50-59,9,4,0
2020-05-01,Pittsylvania-Danville,60-69,7,4,1
2020-05-01,Pittsylvania-Danville,70-79,9,6,0
2020-05-01,Pittsylvania-Danville,80+,3,2,1
2020-05-01,Pittsylvania-Danville,Missing,0,0,0
2020-05-01,Portsmouth,0-9,1,1,0
2020-05-01,Portsmouth,19-Oct,1,0,0
2020-05-01,Portsmouth,20-29,21,2,0
2020-05-01,Portsmouth,30-39,40,3,0
2020-05-01,Portsmouth,40-49,24,3,0
2020-05-01,Portsmouth,50-59,34,7,1
2020-05-01,Portsmouth,60-69,24,8,4
2020-05-01,Portsmouth,70-79,12,5,1
2020-05-01,Portsmouth,80+,13,4,1
2020-05-01,Portsmouth,Missing,0,0,0
2020-05-01,"Prince William",0-9,50,2,0
2020-05-01,"Prince William",19-Oct,88,2,0
2020-05-01,"Prince William",20-29,314,17,0
2020-05-01,"Prince William",30-39,411,26,1
2020-05-01,"Prince William",40-49,459,44,2
2020-05-01,"Prince William",50-59,388,46,4
2020-05-01,"Prince William",60-69,223,35,9
2020-05-01,"Prince William",70-79,91,27,8
2020-05-01,"Prince William",80+,47,13,7
2020-05-01,"Prince William",Missing,0,0,0
2020-05-01,Rappahannock,0-9,7,1,0
2020-05-01,Rappahannock,19-Oct,18,0,0
2020-05-01,Rappahannock,20-29,86,5,0
2020-05-01,Rappahannock,30-39,106,6,0
2020-05-01,Rappahannock,40-49,107,16,1
2020-05-01,Rappahannock,50-59,90,19,1
2020-05-01,Rappahannock,60-69,63,25,3
2020-05-01,Rappahannock,70-79,21,13,4
2020-05-01,Rappahannock,80+,8,6,2
2020-05-01,Rappahannock,Missing,0,0,0
2020-05-01,"Rappahannock Rapidan",0-9,10,1,0
2020-05-01,"Rappahannock Rapidan",19-Oct,26,0,0
2020-05-01,"Rappahannock Rapidan",20-29,62,1,0
2020-05-01,"Rappahannock Rapidan",30-39,77,6,0
2020-05-01,"Rappahannock Rapidan",40-49,74,1,0
2020-05-01,"Rappahannock Rapidan",50-59,46,5,0
2020-05-01,"Rappahannock Rapidan",60-69,28,4,0
2020-05-01,"Rappahannock Rapidan",70-79,12,1,1
2020-05-01,"Rappahannock Rapidan",80+,10,7,4
2020-05-01,"Rappahannock Rapidan",Missing,0,0,0
2020-05-01,Richmond,0-9,3,0,0
2020-05-01,Richmond,19-Oct,6,1,0
2020-05-01,Richmond,20-29,59,4,0
2020-05-01,Richmond,30-39,52,3,0
2020-05-01,Richmond,40-49,62,4,0
2020-05-01,Richmond,50-59,66,13,0
2020-05-01,Richmond,60-69,66,18,4
2020-05-01,Richmond,70-79,30,15,5
2020-05-01,Richmond,80+,20,8,6
2020-05-01,Richmond,Missing,0,0,0
2020-05-01,Roanoke,0-9,0,0,0
2020-05-01,Roanoke,19-Oct,0,0,0
2020-05-01,Roanoke,20-29,8,0,0
2020-05-01,Roanoke,30-39,8,0,0
2020-05-01,Roanoke,40-49,7,0,0
2020-05-01,Roanoke,50-59,10,1,0
2020-05-01,Roanoke,60-69,7,1,0
2020-05-01,Roanoke,70-79,6,1,0
2020-05-01,Roanoke,80+,33,2,0
2020-05-01,Roanoke,Missing,1,0,0
2020-05-01,Southside,0-9,0,0,0
2020-05-01,Southside,19-Oct,3,0,0
2020-05-01,Southside,20-29,16,2,0
2020-05-01,Southside,30-39,12,0,0
2020-05-01,Southside,40-49,13,3,0
2020-05-01,Southside,50-59,19,3,0
2020-05-01,Southside,60-69,17,6,1
2020-05-01,Southside,70-79,19,6,4
2020-05-01,Southside,80+,36,4,5
2020-05-01,Southside,Missing,0,0,0
2020-05-01,"Thomas Jefferson",0-9,3,1,0
2020-05-01,"Thomas Jefferson",19-Oct,4,0,0
2020-05-01,"Thomas Jefferson",20-29,35,0,0
2020-05-01,"Thomas Jefferson",30-39,39,2,0
2020-05-01,"Thomas Jefferson",40-49,31,4,0
2020-05-01,"Thomas Jefferson",50-59,46,9,1
2020-05-01,"Thomas Jefferson",60-69,42,11,2
2020-05-01,"Thomas Jefferson",70-79,44,14,1
2020-05-01,"Thomas Jefferson",80+,54,19,9
2020-05-01,"Thomas Jefferson",Missing,0,0,0
2020-05-01,"Three Rivers",0-9,1,0,0
2020-05-01,"Three Rivers",19-Oct,2,0,0
2020-05-01,"Three Rivers",20-29,28,0,0
2020-05-01,"Three Rivers",30-39,47,2,0
2020-05-01,"Three Rivers",40-49,52,3,1
2020-05-01,"Three Rivers",50-59,30,2,0
2020-05-01,"Three Rivers",60-69,34,6,0
2020-05-01,"Three Rivers",70-79,15,5,1
2020-05-01,"Three Rivers",80+,18,4,0
2020-05-01,"Three Rivers",Missing,0,0,0
2020-05-01,"Virginia Beach",0-9,1,0,0
2020-05-01,"Virginia Beach",19-Oct,7,0,0
2020-05-01,"Virginia Beach",20-29,43,1,0
2020-05-01,"Virginia Beach",30-39,62,6,0
2020-05-01,"Virginia Beach",40-49,60,12,1
2020-05-01,"Virginia Beach",50-59,64,12,0
2020-05-01,"Virginia Beach",60-69,69,13,1
2020-05-01,"Virginia Beach",70-79,44,20,4
2020-05-01,"Virginia Beach",80+,46,17,8
2020-05-01,"Virginia Beach",Missing,0,0,0
2020-05-01,"West Piedmont",0-9,0,0,0
2020-05-01,"West Piedmont",19-Oct,1,0,0
2020-05-01,"West Piedmont",20-29,4,0,0
2020-05-01,"West Piedmont",30-39,0,0,0
2020-05-01,"West Piedmont",40-49,7,0,0
2020-05-01,"West Piedmont",50-59,9,1,0
2020-05-01,"West Piedmont",60-69,12,1,0
2020-05-01,"West Piedmont",70-79,5,3,1
2020-05-01,"West Piedmont",80+,3,1,0
2020-05-01,"West Piedmont",Missing,0,0,0
2020-05-01,"Western Tidewater",0-9,3,0,0
2020-05-01,"Western Tidewater",19-Oct,1,0,0
2020-05-01,"Western Tidewater",20-29,28,0,0
2020-05-01,"Western Tidewater",30-39,30,1,0
2020-05-01,"Western Tidewater",40-49,58,4,0
2020-05-01,"Western Tidewater",50-59,69,4,0
2020-05-01,"Western Tidewater",60-69,78,9,3
2020-05-01,"Western Tidewater",70-79,56,13,5
2020-05-01,"Western Tidewater",80+,99,16,9
2020-05-01,"Western Tidewater",Missing,0,0,0
2020-05-02,Alexandria,0-9,34,1,0
2020-05-02,Alexandria,19-Oct,43,0,0
2020-05-02,Alexandria,20-29,115,2,1
2020-05-02,Alexandria,30-39,207,13,0
2020-05-02,Alexandria,40-49,166,14,0
2020-05-02,Alexandria,50-59,115,23,7
2020-05-02,Alexandria,60-69,77,17,1
2020-05-02,Alexandria,70-79,49,22,7
2020-05-02,Alexandria,80+,41,16,10
2020-05-02,Alexandria,Missing,1,0,0
2020-05-02,Alleghany,0-9,0,0,0
2020-05-02,Alleghany,19-Oct,1,0,0
2020-05-02,Alleghany,20-29,14,1,0
2020-05-02,Alleghany,30-39,9,0,0
2020-05-02,Alleghany,40-49,12,0,0
2020-05-02,Alleghany,50-59,31,4,0
2020-05-02,Alleghany,60-69,19,4,0
2020-05-02,Alleghany,70-79,12,3,1
2020-05-02,Alleghany,80+,19,4,2
2020-05-02,Alleghany,Missing,0,0,0
2020-05-02,Arlington,0-9,8,1,0
2020-05-02,Arlington,19-Oct,23,3,0
2020-05-02,Arlington,20-29,145,13,0
2020-05-02,Arlington,30-39,174,23,0
2020-05-02,Arlington,40-49,167,25,2
2020-05-02,Arlington,50-59,180,31,1
2020-05-02,Arlington,60-69,145,32,8
2020-05-02,Arlington,70-79,96,32,11
2020-05-02,Arlington,80+,104,31,24
2020-05-02,Arlington,Missing,2,0,0
2020-05-02,"Central Shenandoah",0-9,11,0,0
2020-05-02,"Central Shenandoah",19-Oct,22,0,0
2020-05-02,"Central Shenandoah",20-29,120,1,0
2020-05-02,"Central Shenandoah",30-39,125,2,0
2020-05-02,"Central Shenandoah",40-49,143,2,0
2020-05-02,"Central Shenandoah",50-59,164,11,0
2020-05-02,"Central Shenandoah",60-69,115,12,3
2020-05-02,"Central Shenandoah",70-79,60,11,7
2020-05-02,"Central Shenandoah",80+,61,7,7
2020-05-02,"Central Shenandoah",Missing,0,0,0
2020-05-02,"Central Virginia",0-9,2,0,0
2020-05-02,"Central Virginia",19-Oct,8,0,0
2020-05-02,"Central Virginia",20-29,23,1,0
2020-05-02,"Central Virginia",30-39,25,1,0
2020-05-02,"Central Virginia",40-49,16,0,0
2020-05-02,"Central Virginia",50-59,26,1,0
2020-05-02,"Central Virginia",60-69,26,2,1
2020-05-02,"Central Virginia",70-79,12,2,0
2020-05-02,"Central Virginia",80+,4,1,0
2020-05-02,"Central Virginia",Missing,0,0,0
2020-05-02,Chesapeake,0-9,2,1,0
2020-05-02,Chesapeake,19-Oct,4,0,0
2020-05-02,Chesapeake,20-29,24,2,0
2020-05-02,Chesapeake,30-39,41,3,0
2020-05-02,Chesapeake,40-49,49,7,0
2020-05-02,Chesapeake,50-59,58,12,1
2020-05-02,Chesapeake,60-69,41,14,2
2020-05-02,Chesapeake,70-79,23,13,0
2020-05-02,Chesapeake,80+,21,9,4
2020-05-02,Chesapeake,Missing,0,0,0
2020-05-02,Chesterfield,0-9,2,0,0
2020-05-02,Chesterfield,19-Oct,43,0,0
2020-05-02,Chesterfield,20-29,65,3,0
2020-05-02,Chesterfield,30-39,107,1,0
2020-05-02,Chesterfield,40-49,119,5,2
2020-05-02,Chesterfield,50-59,114,14,1
2020-05-02,Chesterfield,60-69,82,13,8
2020-05-02,Chesterfield,70-79,54,9,5
2020-05-02,Chesterfield,80+,78,8,13
2020-05-02,Chesterfield,Missing,0,0,0
2020-05-02,Chickahominy,0-9,1,0,0
2020-05-02,Chickahominy,19-Oct,4,0,0
2020-05-02,Chickahominy,20-29,26,0,0
2020-05-02,Chickahominy,30-39,30,0,0
2020-05-02,Chickahominy,40-49,43,5,1
2020-05-02,Chickahominy,50-59,53,10,0
2020-05-02,Chickahominy,60-69,34,10,2
2020-05-02,Chickahominy,70-79,21,9,3
2020-05-02,Chickahominy,80+,35,17,11
2020-05-02,Chickahominy,Missing,0,0,0
2020-05-02,Crater,0-9,0,0,0
2020-05-02,Crater,19-Oct,4,0,0
2020-05-02,Crater,20-29,25,4,0
2020-05-02,Crater,30-39,34,1,0
2020-05-02,Crater,40-49,35,8,1
2020-05-02,Crater,50-59,43,11,0
2020-05-02,Crater,60-69,44,18,7
2020-05-02,Crater,70-79,21,11,4
2020-05-02,Crater,80+,6,3,0
2020-05-02,Crater,Missing,0,0,0
2020-05-02,"Cumberland Plateau",0-9,0,0,0
2020-05-02,"Cumberland Plateau",19-Oct,11,0,0
2020-05-02,"Cumberland Plateau",20-29,0,0,0
2020-05-02,"Cumberland Plateau",30-39,5,0,0
2020-05-02,"Cumberland Plateau",40-49,4,0,0
2020-05-02,"Cumberland Plateau",50-59,3,1,0
2020-05-02,"Cumberland Plateau",60-69,2,1,0
2020-05-02,"Cumberland Plateau",70-79,2,0,0
2020-05-02,"Cumberland Plateau",80+,0,0,0
2020-05-02,"Cumberland Plateau",Missing,0,0,0
2020-05-02,"Eastern Shore",0-9,3,0,0
2020-05-02,"Eastern Shore",19-Oct,12,0,0
2020-05-02,"Eastern Shore",20-29,59,1,0
2020-05-02,"Eastern Shore",30-39,85,2,0
2020-05-02,"Eastern Shore",40-49,88,3,1
2020-05-02,"Eastern Shore",50-59,106,4,3
2020-05-02,"Eastern Shore",60-69,59,5,0
2020-05-02,"Eastern Shore",70-79,18,3,1
2020-05-02,"Eastern Shore",80+,17,4,0
2020-05-02,"Eastern Shore",Missing,0,0,0
2020-05-02,Fairfax,0-9,46,4,0
2020-05-02,Fairfax,19-Oct,116,3,0
2020-05-02,Fairfax,20-29,532,29,1
2020-05-02,Fairfax,30-39,744,63,2
2020-05-02,Fairfax,40-49,791,98,1
2020-05-02,Fairfax,50-59,740,125,10
2020-05-02,Fairfax,60-69,530,152,23
2020-05-02,Fairfax,70-79,260,91,21
2020-05-02,Fairfax,80+,338,128,99
2020-05-02,Fairfax,Missing,4,0,0
2020-05-02,Hampton,0-9,2,0,0
2020-05-02,Hampton,19-Oct,6,0,0
2020-05-02,Hampton,20-29,19,1,0
2020-05-02,Hampton,30-39,21,2,0
2020-05-02,Hampton,40-49,14,2,0
2020-05-02,Hampton,50-59,28,7,0
2020-05-02,Hampton,60-69,21,9,1
2020-05-02,Hampton,70-79,8,5,0
2020-05-02,Hampton,80+,3,2,0
2020-05-02,Hampton,Missing,0,0,0
2020-05-02,Henrico,0-9,17,0,0
2020-05-02,Henrico,19-Oct,10,0,0
2020-05-02,Henrico,20-29,70,4,0
2020-05-02,Henrico,30-39,94,3,0
2020-05-02,Henrico,40-49,117,12,0
2020-05-02,Henrico,50-59,133,17,4
2020-05-02,Henrico,60-69,138,22,17
2020-05-02,Henrico,70-79,137,31,29
2020-05-02,Henrico,80+,210,46,54
2020-05-02,Henrico,Missing,0,0,0
2020-05-02,Lenowisco,0-9,4,0,0
2020-05-02,Lenowisco,19-Oct,2,0,0
2020-05-02,Lenowisco,20-29,6,0,0
2020-05-02,Lenowisco,30-39,3,1,1
2020-05-02,Lenowisco,40-49,4,1,0
2020-05-02,Lenowisco,50-59,10,3,0
2020-05-02,Lenowisco,60-69,8,6,1
2020-05-02,Lenowisco,70-79,4,3,0
2020-05-02,Lenowisco,80+,0,0,0
2020-05-02,Lenowisco,Missing,0,0,0
2020-05-02,"Lord Fairfax",0-9,9,0,0
2020-05-02,"Lord Fairfax",19-Oct,20,0,0
2020-05-02,"Lord Fairfax",20-29,72,0,0
2020-05-02,"Lord Fairfax",30-39,67,6,0
2020-05-02,"Lord Fairfax",40-49,74,2,0
2020-05-02,"Lord Fairfax",50-59,91,5,1
2020-05-02,"Lord Fairfax",60-69,74,14,2
2020-05-02,"Lord Fairfax",70-79,33,8,1
2020-05-02,"Lord Fairfax",80+,33,7,1
2020-05-02,"Lord Fairfax",Missing,0,0,0
2020-05-02,Loudoun,0-9,16,0,0
2020-05-02,Loudoun,19-Oct,24,0,0
2020-05-02,Loudoun,20-29,123,2,0
2020-05-02,Loudoun,30-39,124,8,0
2020-05-02,Loudoun,40-49,197,13,0
2020-05-02,Loudoun,50-59,186,17,1
2020-05-02,Loudoun,60-69,77,17,1
2020-05-02,Loudoun,70-79,51,17,2
2020-05-02,Loudoun,80+,83,21,12
2020-05-02,Loudoun,Missing,0,0,0
2020-05-02,"Mount Rogers",0-9,3,1,0
2020-05-02,"Mount Rogers",19-Oct,5,0,0
2020-05-02,"Mount Rogers",20-29,10,0,0
2020-05-02,"Mount Rogers",30-39,18,3,0
2020-05-02,"Mount Rogers",40-49,11,0,0
2020-05-02,"Mount Rogers",50-59,16,1,0
2020-05-02,"Mount Rogers",60-69,12,1,0
2020-05-02,"Mount Rogers",70-79,10,6,1
2020-05-02,"Mount Rogers",80+,4,4,3
2020-05-02,"Mount Rogers",Missing,0,0,0
2020-05-02,"New River",0-9,2,0,0
2020-05-02,"New River",19-Oct,3,0,0
2020-05-02,"New River",20-29,17,0,0
2020-05-02,"New River",30-39,4,0,0
2020-05-02,"New River",40-49,10,0,0
2020-05-02,"New River",50-59,14,2,0
2020-05-02,"New River",60-69,14,2,0
2020-05-02,"New River",70-79,7,4,1
2020-05-02,"New River",80+,4,2,0
2020-05-02,"New River",Missing,0,0,0
2020-05-02,Norfolk,0-9,5,0,0
2020-05-02,Norfolk,19-Oct,7,0,0
2020-05-02,Norfolk,20-29,33,0,0
2020-05-02,Norfolk,30-39,45,4,0
2020-05-02,Norfolk,40-49,42,6,0
2020-05-02,Norfolk,50-59,36,7,0
2020-05-02,Norfolk,60-69,26,13,1
2020-05-02,Norfolk,70-79,10,7,0
2020-05-02,Norfolk,80+,7,5,2
2020-05-02,Norfolk,Missing,0,0,0
2020-05-02,Peninsula,0-9,4,0,0
2020-05-02,Peninsula,19-Oct,3,1,0
2020-05-02,Peninsula,20-29,29,1,0
2020-05-02,Peninsula,30-39,38,4,0
2020-05-02,Peninsula,40-49,38,2,1
2020-05-02,Peninsula,50-59,65,14,2
2020-05-02,Peninsula,60-69,83,23,3
2020-05-02,Peninsula,70-79,67,34,10
2020-05-02,Peninsula,80+,30,20,9
2020-05-02,Peninsula,Missing,0,0,0
2020-05-02,Piedmont,0-9,1,0,0
2020-05-02,Piedmont,19-Oct,3,0,0
2020-05-02,Piedmont,20-29,37,0,0
2020-05-02,Piedmont,30-39,45,0,0
2020-05-02,Piedmont,40-49,45,1,0
2020-05-02,Piedmont,50-59,47,5,0
2020-05-02,Piedmont,60-69,39,6,0
2020-05-02,Piedmont,70-79,21,10,2
2020-05-02,Piedmont,80+,8,1,1
2020-05-02,Piedmont,Missing,0,0,0
2020-05-02,Pittsylvania-Danville,0-9,1,0,0
2020-05-02,Pittsylvania-Danville,19-Oct,1,0,0
2020-05-02,Pittsylvania-Danville,20-29,7,0,0
2020-05-02,Pittsylvania-Danville,30-39,5,0,0
2020-05-02,Pittsylvania-Danville,40-49,8,3,0
2020-05-02,Pittsylvania-Danville,50-59,10,5,0
2020-05-02,Pittsylvania-Danville,60-69,7,4,1
2020-05-02,Pittsylvania-Danville,70-79,9,6,0
2020-05-02,Pittsylvania-Danville,80+,3,2,1
2020-05-02,Pittsylvania-Danville,Missing,0,0,0
2020-05-02,Portsmouth,0-9,1,1,0
2020-05-02,Portsmouth,19-Oct,1,0,0
2020-05-02,Portsmouth,20-29,21,2,0
2020-05-02,Portsmouth,30-39,42,3,0
2020-05-02,Portsmouth,40-49,27,3,0
2020-05-02,Portsmouth,50-59,33,8,1
2020-05-02,Portsmouth,60-69,23,8,4
2020-05-02,Portsmouth,70-79,12,5,2
2020-05-02,Portsmouth,80+,13,4,1
2020-05-02,Portsmouth,Missing,0,0,0
2020-05-02,"Prince William",0-9,59,2,0
2020-05-02,"Prince William",19-Oct,98,2,0
2020-05-02,"Prince William",20-29,348,18,0
2020-05-02,"Prince William",30-39,436,27,1
2020-05-02,"Prince William",40-49,499,45,2
2020-05-02,"Prince William",50-59,415,48,4
2020-05-02,"Prince William",60-69,235,36,9
2020-05-02,"Prince William",70-79,93,26,8
2020-05-02,"Prince William",80+,51,15,8
2020-05-02,"Prince William",Missing,0,0,0
2020-05-02,Rappahannock,0-9,8,1,0
2020-05-02,Rappahannock,19-Oct,22,0,0
2020-05-02,Rappahannock,20-29,94,5,0
2020-05-02,Rappahannock,30-39,110,7,0
2020-05-02,Rappahannock,40-49,115,16,1
2020-05-02,Rappahannock,50-59,92,19,1
2020-05-02,Rappahannock,60-69,65,28,3
2020-05-02,Rappahannock,70-79,21,13,4
2020-05-02,Rappahannock,80+,8,6,2
2020-05-02,Rappahannock,Missing,0,0,0
2020-05-02,"Rappahannock Rapidan",0-9,11,1,0
2020-05-02,"Rappahannock Rapidan",19-Oct,27,0,0
2020-05-02,"Rappahannock Rapidan",20-29,64,1,0
2020-05-02,"Rappahannock Rapidan",30-39,80,7,0
2020-05-02,"Rappahannock Rapidan",40-49,79,1,0
2020-05-02,"Rappahannock Rapidan",50-59,48,5,0
2020-05-02,"Rappahannock Rapidan",60-69,31,5,0
2020-05-02,"Rappahannock Rapidan",70-79,13,1,1
2020-05-02,"Rappahannock Rapidan",80+,10,7,4
2020-05-02,"Rappahannock Rapidan",Missing,0,0,0
2020-05-02,Richmond,0-9,3,0,0
2020-05-02,Richmond,19-Oct,7,1,0
2020-05-02,Richmond,20-29,61,4,0
2020-05-02,Richmond,30-39,56,3,0
2020-05-02,Richmond,40-49,69,4,0
2020-05-02,Richmond,50-59,68,13,0
2020-05-02,Richmond,60-69,67,18,4
2020-05-02,Richmond,70-79,31,15,5
2020-05-02,Richmond,80+,20,8,7
2020-05-02,Richmond,Missing,0,0,0
2020-05-02,Roanoke,0-9,0,0,0
2020-05-02,Roanoke,19-Oct,0,0,0
2020-05-02,Roanoke,20-29,8,0,0
2020-05-02,Roanoke,30-39,8,0,0
2020-05-02,Roanoke,40-49,7,0,0
2020-05-02,Roanoke,50-59,10,1,0
2020-05-02,Roanoke,60-69,7,1,0
2020-05-02,Roanoke,70-79,6,1,0
2020-05-02,Roanoke,80+,33,2,0
2020-05-02,Roanoke,Missing,1,0,0
2020-05-02,Southside,0-9,0,0,0
2020-05-02,Southside,19-Oct,3,0,0
2020-05-02,Southside,20-29,16,2,0
2020-05-02,Southside,30-39,12,0,0
2020-05-02,Southside,40-49,13,3,0
2020-05-02,Southside,50-59,19,3,0
2020-05-02,Southside,60-69,18,6,1
2020-05-02,Southside,70-79,21,7,4
2020-05-02,Southside,80+,36,4,5
2020-05-02,Southside,Missing,0,0,0
2020-05-02,"Thomas Jefferson",0-9,3,1,0
2020-05-02,"Thomas Jefferson",19-Oct,5,0,0
2020-05-02,"Thomas Jefferson",20-29,36,0,0
2020-05-02,"Thomas Jefferson",30-39,40,2,0
2020-05-02,"Thomas Jefferson",40-49,32,4,0
2020-05-02,"Thomas Jefferson",50-59,46,9,1
2020-05-02,"Thomas Jefferson",60-69,42,11,2
2020-05-02,"Thomas Jefferson",70-79,44,14,1
2020-05-02,"Thomas Jefferson",80+,55,19,9
2020-05-02,"Thomas Jefferson",Missing,0,0,0
2020-05-02,"Three Rivers",0-9,1,0,0
2020-05-02,"Three Rivers",19-Oct,4,0,0
2020-05-02,"Three Rivers",20-29,29,0,0
2020-05-02,"Three Rivers",30-39,47,2,0
2020-05-02,"Three Rivers",40-49,55,3,1
2020-05-02,"Three Rivers",50-59,31,2,0
2020-05-02,"Three Rivers",60-69,35,6,0
2020-05-02,"Three Rivers",70-79,15,5,1
2020-05-02,"Three Rivers",80+,18,4,0
2020-05-02,"Three Rivers",Missing,0,0,0
2020-05-02,"Virginia Beach",0-9,2,0,0
2020-05-02,"Virginia Beach",19-Oct,9,0,0
2020-05-02,"Virginia Beach",20-29,44,1,0
2020-05-02,"Virginia Beach",30-39,66,6,0
2020-05-02,"Virginia Beach",40-49,63,12,1
2020-05-02,"Virginia Beach",50-59,67,12,0
2020-05-02,"Virginia Beach",60-69,69,13,1
2020-05-02,"Virginia Beach",70-79,45,20,4
2020-05-02,"Virginia Beach",80+,48,17,9
2020-05-02,"Virginia Beach",Missing,0,0,0
2020-05-02,"West Piedmont",0-9,0,0,0
2020-05-02,"West Piedmont",19-Oct,2,0,0
2020-05-02,"West Piedmont",20-29,5,0,0
2020-05-02,"West Piedmont",30-39,0,0,0
2020-05-02,"West Piedmont",40-49,8,0,0
2020-05-02,"West Piedmont",50-59,10,1,0
2020-05-02,"West Piedmont",60-69,12,1,0
2020-05-02,"West Piedmont",70-79,5,3,1
2020-05-02,"West Piedmont",80+,3,1,0
2020-05-02,"West Piedmont",Missing,0,0,0
2020-05-02,"Western Tidewater",0-9,3,0,0
2020-05-02,"Western Tidewater",19-Oct,1,0,0
2020-05-02,"Western Tidewater",20-29,28,0,0
2020-05-02,"Western Tidewater",30-39,30,1,0
2020-05-02,"Western Tidewater",40-49,59,4,0
2020-05-02,"Western Tidewater",50-59,71,4,0
2020-05-02,"Western Tidewater",60-69,78,9,3
2020-05-02,"Western Tidewater",70-79,56,13,5
2020-05-02,"Western Tidewater",80+,99,16,9
2020-05-02,"Western Tidewater",Missing,0,0,0
2020-05-03,Alexandria,0-9,37,1,0
2020-05-03,Alexandria,19-Oct,46,0,0
2020-05-03,Alexandria,20-29,122,2,1
2020-05-03,Alexandria,30-39,223,13,0
2020-05-03,Alexandria,40-49,172,14,0
2020-05-03,Alexandria,50-59,121,23,7
2020-05-03,Alexandria,60-69,81,18,1
2020-05-03,Alexandria,70-79,52,22,7
2020-05-03,Alexandria,80+,44,16,10
2020-05-03,Alexandria,Missing,1,0,0
2020-05-03,Alleghany,0-9,0,0,0
2020-05-03,Alleghany,19-Oct,1,0,0
2020-05-03,Alleghany,20-29,14,1,0
2020-05-03,Alleghany,30-39,9,0,0
2020-05-03,Alleghany,40-49,14,0,0
2020-05-03,Alleghany,50-59,31,4,0
2020-05-03,Alleghany,60-69,20,4,0
2020-05-03,Alleghany,70-79,12,3,1
2020-05-03,Alleghany,80+,19,4,2
2020-05-03,Alleghany,Missing,0,0,0
2020-05-03,Arlington,0-9,8,1,0
2020-05-03,Arlington,19-Oct,25,3,0
2020-05-03,Arlington,20-29,148,13,0
2020-05-03,Arlington,30-39,185,23,0
2020-05-03,Arlington,40-49,173,25,2
2020-05-03,Arlington,50-59,189,32,1
2020-05-03,Arlington,60-69,155,33,8
2020-05-03,Arlington,70-79,102,32,11
2020-05-03,Arlington,80+,120,32,24
2020-05-03,Arlington,Missing,1,0,0
2020-05-03,"Central Shenandoah",0-9,13,0,0
2020-05-03,"Central Shenandoah",19-Oct,22,0,0
2020-05-03,"Central Shenandoah",20-29,124,1,0
2020-05-03,"Central Shenandoah",30-39,128,2,0
2020-05-03,"Central Shenandoah",40-49,147,2,0
2020-05-03,"Central Shenandoah",50-59,164,11,0
2020-05-03,"Central Shenandoah",60-69,117,12,3
2020-05-03,"Central Shenandoah",70-79,61,11,8
2020-05-03,"Central Shenandoah",80+,61,7,7
2020-05-03,"Central Shenandoah",Missing,0,0,0
2020-05-03,"Central Virginia",0-9,3,0,0
2020-05-03,"Central Virginia",19-Oct,9,0,0
2020-05-03,"Central Virginia",20-29,23,1,0
2020-05-03,"Central Virginia",30-39,25,1,0
2020-05-03,"Central Virginia",40-49,18,0,0
2020-05-03,"Central Virginia",50-59,26,1,0
2020-05-03,"Central Virginia",60-69,26,2,1
2020-05-03,"Central Virginia",70-79,12,2,0
2020-05-03,"Central Virginia",80+,4,1,0
2020-05-03,"Central Virginia",Missing,0,0,0
2020-05-03,Chesapeake,0-9,2,1,0
2020-05-03,Chesapeake,19-Oct,4,0,0
2020-05-03,Chesapeake,20-29,25,3,0
2020-05-03,Chesapeake,30-39,44,3,0
2020-05-03,Chesapeake,40-49,50,8,0
2020-05-03,Chesapeake,50-59,59,12,1
2020-05-03,Chesapeake,60-69,44,14,3
2020-05-03,Chesapeake,70-79,25,13,0
2020-05-03,Chesapeake,80+,26,9,5
2020-05-03,Chesapeake,Missing,0,0,0
2020-05-03,Chesterfield,0-9,2,0,0
2020-05-03,Chesterfield,19-Oct,44,0,0
2020-05-03,Chesterfield,20-29,65,3,0
2020-05-03,Chesterfield,30-39,110,1,0
2020-05-03,Chesterfield,40-49,123,5,2
2020-05-03,Chesterfield,50-59,114,14,1
2020-05-03,Chesterfield,60-69,82,13,8
2020-05-03,Chesterfield,70-79,55,9,5
2020-05-03,Chesterfield,80+,78,8,14
2020-05-03,Chesterfield,Missing,0,0,0
2020-05-03,Chickahominy,0-9,1,0,0
2020-05-03,Chickahominy,19-Oct,4,0,0
2020-05-03,Chickahominy,20-29,29,0,0
2020-05-03,Chickahominy,30-39,30,0,0
2020-05-03,Chickahominy,40-49,44,5,1
2020-05-03,Chickahominy,50-59,55,11,0
2020-05-03,Chickahominy,60-69,34,10,2
2020-05-03,Chickahominy,70-79,24,9,3
2020-05-03,Chickahominy,80+,37,18,13
2020-05-03,Chickahominy,Missing,0,0,0
2020-05-03,Crater,0-9,0,0,0
2020-05-03,Crater,19-Oct,4,0,0
2020-05-03,Crater,20-29,25,4,0
2020-05-03,Crater,30-39,34,1,0
2020-05-03,Crater,40-49,35,8,1
2020-05-03,Crater,50-59,43,11,0
2020-05-03,Crater,60-69,44,19,8
2020-05-03,Crater,70-79,21,11,4
2020-05-03,Crater,80+,7,3,0
2020-05-03,Crater,Missing,0,0,0
2020-05-03,"Cumberland Plateau",0-9,0,0,0
2020-05-03,"Cumberland Plateau",19-Oct,11,0,0
2020-05-03,"Cumberland Plateau",20-29,0,0,0
2020-05-03,"Cumberland Plateau",30-39,5,0,0
2020-05-03,"Cumberland Plateau",40-49,4,0,0
2020-05-03,"Cumberland Plateau",50-59,3,1,0
2020-05-03,"Cumberland Plateau",60-69,2,1,0
2020-05-03,"Cumberland Plateau",70-79,2,0,0
2020-05-03,"Cumberland Plateau",80+,0,0,0
2020-05-03,"Cumberland Plateau",Missing,0,0,0
2020-05-03,"Eastern Shore",0-9,5,0,0
2020-05-03,"Eastern Shore",19-Oct,13,0,0
2020-05-03,"Eastern Shore",20-29,64,1,0
2020-05-03,"Eastern Shore",30-39,95,2,0
2020-05-03,"Eastern Shore",40-49,103,3,1
2020-05-03,"Eastern Shore",50-59,125,4,3
2020-05-03,"Eastern Shore",60-69,77,5,0
2020-05-03,"Eastern Shore",70-79,25,4,1
2020-05-03,"Eastern Shore",80+,27,6,2
2020-05-03,"Eastern Shore",Missing,0,0,0
2020-05-03,Fairfax,0-9,52,4,0
2020-05-03,Fairfax,19-Oct,130,3,0
2020-05-03,Fairfax,20-29,579,31,1
2020-05-03,Fairfax,30-39,808,69,2
2020-05-03,Fairfax,40-49,864,108,2
2020-05-03,Fairfax,50-59,781,129,11
2020-05-03,Fairfax,60-69,557,158,25
2020-05-03,Fairfax,70-79,272,100,26
2020-05-03,Fairfax,80+,354,147,122
2020-05-03,Fairfax,Missing,10,1,0
2020-05-03,Hampton,0-9,3,0,0
2020-05-03,Hampton,19-Oct,6,0,0
2020-05-03,Hampton,20-29,19,1,0
2020-05-03,Hampton,30-39,21,2,0
2020-05-03,Hampton,40-49,14,2,0
2020-05-03,Hampton,50-59,28,7,0
2020-05-03,Hampton,60-69,21,9,1
2020-05-03,Hampton,70-79,8,5,0
2020-05-03,Hampton,80+,3,2,0
2020-05-03,Hampton,Missing,0,0,0
2020-05-03,Henrico,0-9,21,0,0
2020-05-03,Henrico,19-Oct,10,0,0
2020-05-03,Henrico,20-29,76,4,0
2020-05-03,Henrico,30-39,95,3,0
2020-05-03,Henrico,40-49,123,12,0
2020-05-03,Henrico,50-59,136,17,4
2020-05-03,Henrico,60-69,139,22,17
2020-05-03,Henrico,70-79,140,31,29
2020-05-03,Henrico,80+,214,47,55
2020-05-03,Henrico,Missing,0,0,0
2020-05-03,Lenowisco,0-9,4,0,0
2020-05-03,Lenowisco,19-Oct,2,0,0
2020-05-03,Lenowisco,20-29,6,0,0
2020-05-03,Lenowisco,30-39,3,1,1
2020-05-03,Lenowisco,40-49,4,1,0
2020-05-03,Lenowisco,50-59,10,3,0
2020-05-03,Lenowisco,60-69,8,6,1
2020-05-03,Lenowisco,70-79,4,3,0
2020-05-03,Lenowisco,80+,0,0,0
2020-05-03,Lenowisco,Missing,0,0,0
2020-05-03,"Lord Fairfax",0-9,10,0,0
2020-05-03,"Lord Fairfax",19-Oct,22,0,0
2020-05-03,"Lord Fairfax",20-29,75,0,0
2020-05-03,"Lord Fairfax",30-39,70,6,0
2020-05-03,"Lord Fairfax",40-49,76,2,0
2020-05-03,"Lord Fairfax",50-59,97,5,1
2020-05-03,"Lord Fairfax",60-69,77,14,2
2020-05-03,"Lord Fairfax",70-79,34,8,1
2020-05-03,"Lord Fairfax",80+,34,7,1
2020-05-03,"Lord Fairfax",Missing,0,0,0
2020-05-03,Loudoun,0-9,19,0,0
2020-05-03,Loudoun,19-Oct,24,0,0
2020-05-03,Loudoun,20-29,130,2,0
2020-05-03,Loudoun,30-39,132,8,0
2020-05-03,Loudoun,40-49,210,13,0
2020-05-03,Loudoun,50-59,191,17,1
2020-05-03,Loudoun,60-69,83,17,1
2020-05-03,Loudoun,70-79,53,17,2
2020-05-03,Loudoun,80+,89,21,12
2020-05-03,Loudoun,Missing,0,0,0
2020-05-03,"Mount Rogers",0-9,4,1,0
2020-05-03,"Mount Rogers",19-Oct,5,0,0
2020-05-03,"Mount Rogers",20-29,12,0,0
2020-05-03,"Mount Rogers",30-39,18,3,0
2020-05-03,"Mount Rogers",40-49,11,0,0
2020-05-03,"Mount Rogers",50-59,19,1,0
2020-05-03,"Mount Rogers",60-69,12,1,0
2020-05-03,"Mount Rogers",70-79,10,6,1
2020-05-03,"Mount Rogers",80+,4,4,3
2020-05-03,"Mount Rogers",Missing,0,0,0
2020-05-03,"New River",0-9,2,0,0
2020-05-03,"New River",19-Oct,3,0,0
2020-05-03,"New River",20-29,17,0,0
2020-05-03,"New River",30-39,4,0,0
2020-05-03,"New River",40-49,10,0,0
2020-05-03,"New River",50-59,14,2,0
2020-05-03,"New River",60-69,14,2,0
2020-05-03,"New River",70-79,7,4,1
2020-05-03,"New River",80+,4,2,0
2020-05-03,"New River",Missing,0,0,0
2020-05-03,Norfolk,0-9,5,0,0
2020-05-03,Norfolk,19-Oct,7,0,0
2020-05-03,Norfolk,20-29,37,0,0
2020-05-03,Norfolk,30-39,46,4,0
2020-05-03,Norfolk,40-49,43,7,0
2020-05-03,Norfolk,50-59,38,7,0
2020-05-03,Norfolk,60-69,26,13,1
2020-05-03,Norfolk,70-79,12,9,1
2020-05-03,Norfolk,80+,7,5,2
2020-05-03,Norfolk,Missing,0,0,0
2020-05-03,Peninsula,0-9,5,0,0
2020-05-03,Peninsula,19-Oct,3,1,0
2020-05-03,Peninsula,20-29,29,1,0
2020-05-03,Peninsula,30-39,40,4,0
2020-05-03,Peninsula,40-49,38,2,1
2020-05-03,Peninsula,50-59,67,14,2
2020-05-03,Peninsula,60-69,84,23,3
2020-05-03,Peninsula,70-79,67,34,10
2020-05-03,Peninsula,80+,30,20,9
2020-05-03,Peninsula,Missing,0,0,0
2020-05-03,Piedmont,0-9,1,0,0
2020-05-03,Piedmont,19-Oct,3,0,0
2020-05-03,Piedmont,20-29,37,0,0
2020-05-03,Piedmont,30-39,45,0,0
2020-05-03,Piedmont,40-49,45,1,0
2020-05-03,Piedmont,50-59,47,5,0
2020-05-03,Piedmont,60-69,39,6,0
2020-05-03,Piedmont,70-79,21,10,2
2020-05-03,Piedmont,80+,8,1,1
2020-05-03,Piedmont,Missing,0,0,0
2020-05-03,Pittsylvania-Danville,0-9,1,0,0
2020-05-03,Pittsylvania-Danville,19-Oct,1,0,0
2020-05-03,Pittsylvania-Danville,20-29,7,0,0
2020-05-03,Pittsylvania-Danville,30-39,5,0,0
2020-05-03,Pittsylvania-Danville,40-49,8,3,0
2020-05-03,Pittsylvania-Danville,50-59,10,5,0
2020-05-03,Pittsylvania-Danville,60-69,7,4,1
2020-05-03,Pittsylvania-Danville,70-79,9,6,0
2020-05-03,Pittsylvania-Danville,80+,3,2,1
2020-05-03,Pittsylvania-Danville,Missing,0,0,0
2020-05-03,Portsmouth,0-9,1,1,0
2020-05-03,Portsmouth,19-Oct,1,0,0
2020-05-03,Portsmouth,20-29,22,2,0
2020-05-03,Portsmouth,30-39,47,3,0
2020-05-03,Portsmouth,40-49,28,3,0
2020-05-03,Portsmouth,50-59,35,9,1
2020-05-03,Portsmouth,60-69,24,8,4
2020-05-03,Portsmouth,70-79,12,5,2
2020-05-03,Portsmouth,80+,13,4,1
2020-05-03,Portsmouth,Missing,0,0,0
2020-05-03,"Prince William",0-9,60,2,0
2020-05-03,"Prince William",19-Oct,105,2,0
2020-05-03,"Prince William",20-29,370,19,0
2020-05-03,"Prince William",30-39,467,28,1
2020-05-03,"Prince William",40-49,533,47,2
2020-05-03,"Prince William",50-59,442,54,4
2020-05-03,"Prince William",60-69,248,42,9
2020-05-03,"Prince William",70-79,95,29,8
2020-05-03,"Prince William",80+,54,18,8
2020-05-03,"Prince William",Missing,0,0,0
2020-05-03,Rappahannock,0-9,8,1,0
2020-05-03,Rappahannock,19-Oct,23,0,0
2020-05-03,Rappahannock,20-29,102,5,0
2020-05-03,Rappahannock,30-39,115,7,0
2020-05-03,Rappahannock,40-49,119,16,1
2020-05-03,Rappahannock,50-59,96,19,1
2020-05-03,Rappahannock,60-69,69,28,3
2020-05-03,Rappahannock,70-79,21,13,4
2020-05-03,Rappahannock,80+,9,7,2
2020-05-03,Rappahannock,Missing,0,0,0
2020-05-03,"Rappahannock Rapidan",0-9,11,1,0
2020-05-03,"Rappahannock Rapidan",19-Oct,27,0,0
2020-05-03,"Rappahannock Rapidan",20-29,68,1,0
2020-05-03,"Rappahannock Rapidan",30-39,86,7,0
2020-05-03,"Rappahannock Rapidan",40-49,83,2,0
2020-05-03,"Rappahannock Rapidan",50-59,51,5,0
2020-05-03,"Rappahannock Rapidan",60-69,33,6,0
2020-05-03,"Rappahannock Rapidan",70-79,13,1,1
2020-05-03,"Rappahannock Rapidan",80+,10,7,4
2020-05-03,"Rappahannock Rapidan",Missing,0,0,0
2020-05-03,Richmond,0-9,3,0,0
2020-05-03,Richmond,19-Oct,8,1,0
2020-05-03,Richmond,20-29,65,5,0
2020-05-03,Richmond,30-39,59,4,0
2020-05-03,Richmond,40-49,73,4,0
2020-05-03,Richmond,50-59,75,15,0
2020-05-03,Richmond,60-69,68,20,4
2020-05-03,Richmond,70-79,32,15,5
2020-05-03,Richmond,80+,20,8,7
2020-05-03,Richmond,Missing,0,0,0
2020-05-03,Roanoke,0-9,0,0,0
2020-05-03,Roanoke,19-Oct,0,0,0
2020-05-03,Roanoke,20-29,9,0,0
2020-05-03,Roanoke,30-39,8,0,0
2020-05-03,Roanoke,40-49,7,0,0
2020-05-03,Roanoke,50-59,10,1,0
2020-05-03,Roanoke,60-69,7,1,0
2020-05-03,Roanoke,70-79,6,1,0
2020-05-03,Roanoke,80+,33,2,0
2020-05-03,Roanoke,Missing,1,0,0
2020-05-03,Southside,0-9,0,0,0
2020-05-03,Southside,19-Oct,3,0,0
2020-05-03,Southside,20-29,17,2,0
2020-05-03,Southside,30-39,12,0,0
2020-05-03,Southside,40-49,13,3,0
2020-05-03,Southside,50-59,19,3,0
2020-05-03,Southside,60-69,18,6,1
2020-05-03,Southside,70-79,21,7,4
2020-05-03,Southside,80+,37,4,5
2020-05-03,Southside,Missing,0,0,0
2020-05-03,"Thomas Jefferson",0-9,3,1,0
2020-05-03,"Thomas Jefferson",19-Oct,5,0,0
2020-05-03,"Thomas Jefferson",20-29,38,0,0
2020-05-03,"Thomas Jefferson",30-39,41,2,0
2020-05-03,"Thomas Jefferson",40-49,32,4,0
2020-05-03,"Thomas Jefferson",50-59,47,9,1
2020-05-03,"Thomas Jefferson",60-69,45,11,2
2020-05-03,"Thomas Jefferson",70-79,45,14,1
2020-05-03,"Thomas Jefferson",80+,55,19,9
2020-05-03,"Thomas Jefferson",Missing,0,0,0
2020-05-03,"Three Rivers",0-9,2,0,0
2020-05-03,"Three Rivers",19-Oct,4,0,0
2020-05-03,"Three Rivers",20-29,29,0,0
2020-05-03,"Three Rivers",30-39,49,2,0
2020-05-03,"Three Rivers",40-49,56,3,1
2020-05-03,"Three Rivers",50-59,32,2,0
2020-05-03,"Three Rivers",60-69,36,6,0
2020-05-03,"Three Rivers",70-79,16,5,1
2020-05-03,"Three Rivers",80+,19,4,0
2020-05-03,"Three Rivers",Missing,0,0,0
2020-05-03,"Virginia Beach",0-9,2,0,0
2020-05-03,"Virginia Beach",19-Oct,9,0,0
2020-05-03,"Virginia Beach",20-29,44,1,0
2020-05-03,"Virginia Beach",30-39,66,6,0
2020-05-03,"Virginia Beach",40-49,63,12,1
2020-05-03,"Virginia Beach",50-59,66,12,0
2020-05-03,"Virginia Beach",60-69,70,13,1
2020-05-03,"Virginia Beach",70-79,45,20,4
2020-05-03,"Virginia Beach",80+,48,17,9
2020-05-03,"Virginia Beach",Missing,0,0,0
2020-05-03,"West Piedmont",0-9,0,0,0
2020-05-03,"West Piedmont",19-Oct,2,0,0
2020-05-03,"West Piedmont",20-29,5,0,0
2020-05-03,"West Piedmont",30-39,0,0,0
2020-05-03,"West Piedmont",40-49,9,0,0
2020-05-03,"West Piedmont",50-59,10,1,0
2020-05-03,"West Piedmont",60-69,12,1,0
2020-05-03,"West Piedmont",70-79,5,3,1
2020-05-03,"West Piedmont",80+,3,1,0
2020-05-03,"West Piedmont",Missing,0,0,0
2020-05-03,"Western Tidewater",0-9,3,0,0
2020-05-03,"Western Tidewater",19-Oct,1,0,0
2020-05-03,"Western Tidewater",20-29,28,0,0
2020-05-03,"Western Tidewater",30-39,32,1,0
2020-05-03,"Western Tidewater",40-49,59,3,0
2020-05-03,"Western Tidewater",50-59,77,5,0
2020-05-03,"Western Tidewater",60-69,80,10,3
2020-05-03,"Western Tidewater",70-79,58,14,5
2020-05-03,"Western Tidewater",80+,101,17,10
2020-05-03,"Western Tidewater",Missing,0,0,0
2020-05-04,Alexandria,0-9,37,1,0
2020-05-04,Alexandria,19-Oct,46,0,0
2020-05-04,Alexandria,20-29,131,2,1
2020-05-04,Alexandria,30-39,236,13,0
2020-05-04,Alexandria,40-49,176,14,0
2020-05-04,Alexandria,50-59,128,23,7
2020-05-04,Alexandria,60-69,85,18,1
2020-05-04,Alexandria,70-79,56,23,7
2020-05-04,Alexandria,80+,44,16,10
2020-05-04,Alexandria,Missing,1,0,0
2020-05-04,Alleghany,0-9,0,0,0
2020-05-04,Alleghany,19-Oct,1,0,0
2020-05-04,Alleghany,20-29,14,1,0
2020-05-04,Alleghany,30-39,9,0,0
2020-05-04,Alleghany,40-49,14,0,0
2020-05-04,Alleghany,50-59,31,4,0
2020-05-04,Alleghany,60-69,20,4,0
2020-05-04,Alleghany,70-79,12,3,1
2020-05-04,Alleghany,80+,20,4,2
2020-05-04,Alleghany,Missing,0,0,0
2020-05-04,Arlington,0-9,9,1,0
2020-05-04,Arlington,19-Oct,26,3,0
2020-05-04,Arlington,20-29,155,13,0
2020-05-04,Arlington,30-39,191,23,0
2020-05-04,Arlington,40-49,177,25,2
2020-05-04,Arlington,50-59,195,32,1
2020-05-04,Arlington,60-69,160,33,9
2020-05-04,Arlington,70-79,104,32,11
2020-05-04,Arlington,80+,121,32,24
2020-05-04,Arlington,Missing,1,0,0
2020-05-04,"Central Shenandoah",0-9,13,0,0
2020-05-04,"Central Shenandoah",19-Oct,25,0,0
2020-05-04,"Central Shenandoah",20-29,133,1,0
2020-05-04,"Central Shenandoah",30-39,131,2,0
2020-05-04,"Central Shenandoah",40-49,155,2,0
2020-05-04,"Central Shenandoah",50-59,166,11,0
2020-05-04,"Central Shenandoah",60-69,117,12,3
2020-05-04,"Central Shenandoah",70-79,60,11,8
2020-05-04,"Central Shenandoah",80+,61,7,7
2020-05-04,"Central Shenandoah",Missing,0,0,0
2020-05-04,"Central Virginia",0-9,3,0,0
2020-05-04,"Central Virginia",19-Oct,9,0,0
2020-05-04,"Central Virginia",20-29,24,1,0
2020-05-04,"Central Virginia",30-39,25,1,0
2020-05-04,"Central Virginia",40-49,18,0,0
2020-05-04,"Central Virginia",50-59,26,1,0
2020-05-04,"Central Virginia",60-69,26,2,1
2020-05-04,"Central Virginia",70-79,12,2,0
2020-05-04,"Central Virginia",80+,4,1,0
2020-05-04,"Central Virginia",Missing,0,0,0
2020-05-04,Chesapeake,0-9,2,1,0
2020-05-04,Chesapeake,19-Oct,4,0,0
2020-05-04,Chesapeake,20-29,25,3,0
2020-05-04,Chesapeake,30-39,46,3,0
2020-05-04,Chesapeake,40-49,50,8,0
2020-05-04,Chesapeake,50-59,59,12,1
2020-05-04,Chesapeake,60-69,44,14,3
2020-05-04,Chesapeake,70-79,25,13,0
2020-05-04,Chesapeake,80+,29,9,5
2020-05-04,Chesapeake,Missing,0,0,0
2020-05-04,Chesterfield,0-9,2,0,0
2020-05-04,Chesterfield,19-Oct,44,0,0
2020-05-04,Chesterfield,20-29,65,3,0
2020-05-04,Chesterfield,30-39,110,1,0
2020-05-04,Chesterfield,40-49,123,5,2
2020-05-04,Chesterfield,50-59,114,14,1
2020-05-04,Chesterfield,60-69,82,13,8
2020-05-04,Chesterfield,70-79,55,9,5
2020-05-04,Chesterfield,80+,78,8,14
2020-05-04,Chesterfield,Missing,0,0,0
2020-05-04,Chickahominy,0-9,1,0,0
2020-05-04,Chickahominy,19-Oct,5,0,0
2020-05-04,Chickahominy,20-29,29,0,0
2020-05-04,Chickahominy,30-39,31,0,0
2020-05-04,Chickahominy,40-49,46,5,1
2020-05-04,Chickahominy,50-59,56,11,0
2020-05-04,Chickahominy,60-69,35,10,2
2020-05-04,Chickahominy,70-79,24,9,3
2020-05-04,Chickahominy,80+,37,18,13
2020-05-04,Chickahominy,Missing,0,0,0
2020-05-04,Crater,0-9,0,0,0
2020-05-04,Crater,19-Oct,8,0,0
2020-05-04,Crater,20-29,33,4,0
2020-05-04,Crater,30-39,37,1,0
2020-05-04,Crater,40-49,38,8,1
2020-05-04,Crater,50-59,46,12,1
2020-05-04,Crater,60-69,47,19,8
2020-05-04,Crater,70-79,30,11,4
2020-05-04,Crater,80+,17,4,0
2020-05-04,Crater,Missing,0,0,0
2020-05-04,"Cumberland Plateau",0-9,0,0,0
2020-05-04,"Cumberland Plateau",19-Oct,11,0,0
2020-05-04,"Cumberland Plateau",20-29,0,0,0
2020-05-04,"Cumberland Plateau",30-39,5,0,0
2020-05-04,"Cumberland Plateau",40-49,4,0,0
2020-05-04,"Cumberland Plateau",50-59,3,1,0
2020-05-04,"Cumberland Plateau",60-69,2,1,0
2020-05-04,"Cumberland Plateau",70-79,2,0,0
2020-05-04,"Cumberland Plateau",80+,0,0,0
2020-05-04,"Cumberland Plateau",Missing,0,0,0
2020-05-04,"Eastern Shore",0-9,5,0,0
2020-05-04,"Eastern Shore",19-Oct,16,0,0
2020-05-04,"Eastern Shore",20-29,67,1,0
2020-05-04,"Eastern Shore",30-39,103,2,0
2020-05-04,"Eastern Shore",40-49,111,3,1
2020-05-04,"Eastern Shore",50-59,129,4,3
2020-05-04,"Eastern Shore",60-69,81,5,0
2020-05-04,"Eastern Shore",70-79,25,4,1
2020-05-04,"Eastern Shore",80+,27,7,2
2020-05-04,"Eastern Shore",Missing,0,0,0
2020-05-04,Fairfax,0-9,58,4,0
2020-05-04,Fairfax,19-Oct,137,4,0
2020-05-04,Fairfax,20-29,629,32,1
2020-05-04,Fairfax,30-39,863,73,2
2020-05-04,Fairfax,40-49,918,114,2
2020-05-04,Fairfax,50-59,831,132,12
2020-05-04,Fairfax,60-69,577,162,25
2020-05-04,Fairfax,70-79,288,108,33
2020-05-04,Fairfax,80+,373,155,129
2020-05-04,Fairfax,Missing,10,0,0
2020-05-04,Hampton,0-9,4,0,0
2020-05-04,Hampton,19-Oct,6,0,0
2020-05-04,Hampton,20-29,21,1,0
2020-05-04,Hampton,30-39,23,2,0
2020-05-04,Hampton,40-49,14,2,0
2020-05-04,Hampton,50-59,28,7,0
2020-05-04,Hampton,60-69,21,9,1
2020-05-04,Hampton,70-79,8,5,0
2020-05-04,Hampton,80+,3,2,0
2020-05-04,Hampton,Missing,0,0,0
2020-05-04,Henrico,0-9,21,0,0
2020-05-04,Henrico,19-Oct,10,0,0
2020-05-04,Henrico,20-29,78,5,0
2020-05-04,Henrico,30-39,96,3,0
2020-05-04,Henrico,40-49,126,12,0
2020-05-04,Henrico,50-59,136,17,4
2020-05-04,Henrico,60-69,139,22,17
2020-05-04,Henrico,70-79,142,31,29
2020-05-04,Henrico,80+,216,47,55
2020-05-04,Henrico,Missing,0,0,0
2020-05-04,Lenowisco,0-9,4,0,0
2020-05-04,Lenowisco,19-Oct,2,0,0
2020-05-04,Lenowisco,20-29,6,0,0
2020-05-04,Lenowisco,30-39,3,1,1
2020-05-04,Lenowisco,40-49,4,1,0
2020-05-04,Lenowisco,50-59,10,3,0
2020-05-04,Lenowisco,60-69,8,6,1
2020-05-04,Lenowisco,70-79,4,3,0
2020-05-04,Lenowisco,80+,0,0,0
2020-05-04,Lenowisco,Missing,0,0,0
2020-05-04,"Lord Fairfax",0-9,11,0,0
2020-05-04,"Lord Fairfax",19-Oct,22,0,0
2020-05-04,"Lord Fairfax",20-29,78,0,0
2020-05-04,"Lord Fairfax",30-39,71,6,0
2020-05-04,"Lord Fairfax",40-49,77,2,0
2020-05-04,"Lord Fairfax",50-59,103,5,1
2020-05-04,"Lord Fairfax",60-69,79,14,2
2020-05-04,"Lord Fairfax",70-79,35,8,1
2020-05-04,"Lord Fairfax",80+,34,7,1
2020-05-04,"Lord Fairfax",Missing,1,0,0
2020-05-04,Loudoun,0-9,20,0,0
2020-05-04,Loudoun,19-Oct,26,0,0
2020-05-04,Loudoun,20-29,136,2,0
2020-05-04,Loudoun,30-39,134,8,0
2020-05-04,Loudoun,40-49,214,14,0
2020-05-04,Loudoun,50-59,198,17,1
2020-05-04,Loudoun,60-69,87,17,1
2020-05-04,Loudoun,70-79,56,17,2
2020-05-04,Loudoun,80+,90,21,14
2020-05-04,Loudoun,Missing,0,0,0
2020-05-04,"Mount Rogers",0-9,5,1,0
2020-05-04,"Mount Rogers",19-Oct,6,0,0
2020-05-04,"Mount Rogers",20-29,19,0,0
2020-05-04,"Mount Rogers",30-39,21,3,0
2020-05-04,"Mount Rogers",40-49,15,0,0
2020-05-04,"Mount Rogers",50-59,22,1,0
2020-05-04,"Mount Rogers",60-69,12,1,0
2020-05-04,"Mount Rogers",70-79,10,6,1
2020-05-04,"Mount Rogers",80+,4,4,3
2020-05-04,"Mount Rogers",Missing,0,0,0
2020-05-04,"New River",0-9,2,0,0
2020-05-04,"New River",19-Oct,3,0,0
2020-05-04,"New River",20-29,18,0,0
2020-05-04,"New River",30-39,4,0,0
2020-05-04,"New River",40-49,10,0,0
2020-05-04,"New River",50-59,15,2,0
2020-05-04,"New River",60-69,15,2,0
2020-05-04,"New River",70-79,7,4,1
2020-05-04,"New River",80+,4,2,0
2020-05-04,"New River",Missing,0,0,0
2020-05-04,Norfolk,0-9,5,0,0
2020-05-04,Norfolk,19-Oct,7,0,0
2020-05-04,Norfolk,20-29,44,0,0
2020-05-04,Norfolk,30-39,51,4,0
2020-05-04,Norfolk,40-49,46,7,0
2020-05-04,Norfolk,50-59,41,7,0
2020-05-04,Norfolk,60-69,26,13,1
2020-05-04,Norfolk,70-79,12,9,1
2020-05-04,Norfolk,80+,7,5,2
2020-05-04,Norfolk,Missing,0,0,0
2020-05-04,Peninsula,0-9,5,0,0
2020-05-04,Peninsula,19-Oct,5,1,0
2020-05-04,Peninsula,20-29,31,1,0
2020-05-04,Peninsula,30-39,41,4,0
2020-05-04,Peninsula,40-49,42,3,1
2020-05-04,Peninsula,50-59,70,15,2
2020-05-04,Peninsula,60-69,84,24,3
2020-05-04,Peninsula,70-79,67,34,10
2020-05-04,Peninsula,80+,30,20,9
2020-05-04,Peninsula,Missing,0,0,0
2020-05-04,Piedmont,0-9,1,0,0
2020-05-04,Piedmont,19-Oct,3,0,0
2020-05-04,Piedmont,20-29,37,0,0
2020-05-04,Piedmont,30-39,45,0,0
2020-05-04,Piedmont,40-49,45,1,0
2020-05-04,Piedmont,50-59,48,5,0
2020-05-04,Piedmont,60-69,39,6,0
2020-05-04,Piedmont,70-79,21,10,2
2020-05-04,Piedmont,80+,9,1,1
2020-05-04,Piedmont,Missing,0,0,0
2020-05-04,Pittsylvania-Danville,0-9,1,0,0
2020-05-04,Pittsylvania-Danville,19-Oct,1,0,0
2020-05-04,Pittsylvania-Danville,20-29,7,0,0
2020-05-04,Pittsylvania-Danville,30-39,6,0,0
2020-05-04,Pittsylvania-Danville,40-49,8,3,0
2020-05-04,Pittsylvania-Danville,50-59,10,5,0
2020-05-04,Pittsylvania-Danville,60-69,7,4,1
2020-05-04,Pittsylvania-Danville,70-79,9,6,0
2020-05-04,Pittsylvania-Danville,80+,3,2,1
2020-05-04,Pittsylvania-Danville,Missing,0,0,0
2020-05-04,Portsmouth,0-9,1,1,0
2020-05-04,Portsmouth,19-Oct,1,0,0
2020-05-04,Portsmouth,20-29,22,2,0
2020-05-04,Portsmouth,30-39,47,3,0
2020-05-04,Portsmouth,40-49,28,3,0
2020-05-04,Portsmouth,50-59,35,9,1
2020-05-04,Portsmouth,60-69,24,8,4
2020-05-04,Portsmouth,70-79,12,5,2
2020-05-04,Portsmouth,80+,13,4,1
2020-05-04,Portsmouth,Missing,0,0,0
2020-05-04,"Prince William",0-9,62,2,0
2020-05-04,"Prince William",19-Oct,112,3,0
2020-05-04,"Prince William",20-29,400,21,0
2020-05-04,"Prince William",30-39,495,29,1
2020-05-04,"Prince William",40-49,560,50,2
2020-05-04,"Prince William",50-59,466,59,4
2020-05-04,"Prince William",60-69,257,47,10
2020-05-04,"Prince William",70-79,97,33,9
2020-05-04,"Prince William",80+,58,22,9
2020-05-04,"Prince William",Missing,0,0,0
2020-05-04,Rappahannock,0-9,9,1,0
2020-05-04,Rappahannock,19-Oct,27,0,0
2020-05-04,Rappahannock,20-29,106,5,0
2020-05-04,Rappahannock,30-39,123,7,0
2020-05-04,Rappahannock,40-49,125,16,1
2020-05-04,Rappahannock,50-59,103,19,1
2020-05-04,Rappahannock,60-69,72,28,3
2020-05-04,Rappahannock,70-79,21,13,4
2020-05-04,Rappahannock,80+,9,7,2
2020-05-04,Rappahannock,Missing,0,0,0
2020-05-04,"Rappahannock Rapidan",0-9,11,1,0
2020-05-04,"Rappahannock Rapidan",19-Oct,27,0,0
2020-05-04,"Rappahannock Rapidan",20-29,71,1,0
2020-05-04,"Rappahannock Rapidan",30-39,87,7,0
2020-05-04,"Rappahannock Rapidan",40-49,87,3,1
2020-05-04,"Rappahannock Rapidan",50-59,55,5,0
2020-05-04,"Rappahannock Rapidan",60-69,35,6,0
2020-05-04,"Rappahannock Rapidan",70-79,14,2,2
2020-05-04,"Rappahannock Rapidan",80+,10,7,4
2020-05-04,"Rappahannock Rapidan",Missing,0,0,0
2020-05-04,Richmond,0-9,3,0,0
2020-05-04,Richmond,19-Oct,9,1,0
2020-05-04,Richmond,20-29,67,5,0
2020-05-04,Richmond,30-39,62,4,0
2020-05-04,Richmond,40-49,78,4,0
2020-05-04,Richmond,50-59,77,15,0
2020-05-04,Richmond,60-69,70,20,4
2020-05-04,Richmond,70-79,32,15,5
2020-05-04,Richmond,80+,21,8,7
2020-05-04,Richmond,Missing,0,0,0
2020-05-04,Roanoke,0-9,0,0,0
2020-05-04,Roanoke,19-Oct,0,0,0
2020-05-04,Roanoke,20-29,9,0,0
2020-05-04,Roanoke,30-39,8,0,0
2020-05-04,Roanoke,40-49,7,0,0
2020-05-04,Roanoke,50-59,10,1,0
2020-05-04,Roanoke,60-69,7,1,0
2020-05-04,Roanoke,70-79,6,1,0
2020-05-04,Roanoke,80+,33,2,0
2020-05-04,Roanoke,Missing,1,0,0
2020-05-04,Southside,0-9,0,0,0
2020-05-04,Southside,19-Oct,3,0,0
2020-05-04,Southside,20-29,17,2,0
2020-05-04,Southside,30-39,12,0,0
2020-05-04,Southside,40-49,13,3,0
2020-05-04,Southside,50-59,19,3,0
2020-05-04,Southside,60-69,18,6,1
2020-05-04,Southside,70-79,21,7,4
2020-05-04,Southside,80+,37,4,5
2020-05-04,Southside,Missing,0,0,0
2020-05-04,"Thomas Jefferson",0-9,3,1,0
2020-05-04,"Thomas Jefferson",19-Oct,6,0,0
2020-05-04,"Thomas Jefferson",20-29,40,0,0
2020-05-04,"Thomas Jefferson",30-39,44,2,0
2020-05-04,"Thomas Jefferson",40-49,33,4,0
2020-05-04,"Thomas Jefferson",50-59,49,9,1
2020-05-04,"Thomas Jefferson",60-69,44,11,2
2020-05-04,"Thomas Jefferson",70-79,45,14,1
2020-05-04,"Thomas Jefferson",80+,55,19,9
2020-05-04,"Thomas Jefferson",Missing,0,0,0
2020-05-04,"Three Rivers",0-9,2,0,0
2020-05-04,"Three Rivers",19-Oct,6,0,0
2020-05-04,"Three Rivers",20-29,31,0,0
2020-05-04,"Three Rivers",30-39,50,2,0
2020-05-04,"Three Rivers",40-49,59,4,1
2020-05-04,"Three Rivers",50-59,34,2,0
2020-05-04,"Three Rivers",60-69,39,6,0
2020-05-04,"Three Rivers",70-79,16,5,1
2020-05-04,"Three Rivers",80+,19,4,0
2020-05-04,"Three Rivers",Missing,0,0,0
2020-05-04,"Virginia Beach",0-9,2,0,0
2020-05-04,"Virginia Beach",19-Oct,9,0,0
2020-05-04,"Virginia Beach",20-29,48,1,0
2020-05-04,"Virginia Beach",30-39,68,6,0
2020-05-04,"Virginia Beach",40-49,67,12,1
2020-05-04,"Virginia Beach",50-59,68,12,0
2020-05-04,"Virginia Beach",60-69,74,13,1
2020-05-04,"Virginia Beach",70-79,46,21,4
2020-05-04,"Virginia Beach",80+,57,18,9
2020-05-04,"Virginia Beach",Missing,0,0,0
2020-05-04,"West Piedmont",0-9,0,0,0
2020-05-04,"West Piedmont",19-Oct,2,0,0
2020-05-04,"West Piedmont",20-29,5,0,0
2020-05-04,"West Piedmont",30-39,0,0,0
2020-05-04,"West Piedmont",40-49,9,0,0
2020-05-04,"West Piedmont",50-59,10,1,0
2020-05-04,"West Piedmont",60-69,12,1,0
2020-05-04,"West Piedmont",70-79,5,3,1
2020-05-04,"West Piedmont",80+,3,1,0
2020-05-04,"West Piedmont",Missing,0,0,0
2020-05-04,"Western Tidewater",0-9,3,0,0
2020-05-04,"Western Tidewater",19-Oct,1,0,0
2020-05-04,"Western Tidewater",20-29,28,0,0
2020-05-04,"Western Tidewater",30-39,32,1,0
2020-05-04,"Western Tidewater",40-49,59,3,0
2020-05-04,"Western Tidewater",50-59,77,5,0
2020-05-04,"Western Tidewater",60-69,80,10,3
2020-05-04,"Western Tidewater",70-79,58,14,5
2020-05-04,"Western Tidewater",80+,101,17,10
2020-05-04,"Western Tidewater",Missing,0,0,0
2020-05-05,Alexandria,0-9,41,2,0
2020-05-05,Alexandria,19-Oct,50,0,0
2020-05-05,Alexandria,20-29,138,2,1
2020-05-05,Alexandria,30-39,247,14,0
2020-05-05,Alexandria,40-49,187,17,0
2020-05-05,Alexandria,50-59,131,23,7
2020-05-05,Alexandria,60-69,87,20,1
2020-05-05,Alexandria,70-79,57,24,7
2020-05-05,Alexandria,80+,44,18,10
2020-05-05,Alexandria,Missing,1,0,0
2020-05-05,Alleghany,0-9,0,0,0
2020-05-05,Alleghany,19-Oct,2,0,0
2020-05-05,Alleghany,20-29,14,1,0
2020-05-05,Alleghany,30-39,10,0,0
2020-05-05,Alleghany,40-49,16,0,0
2020-05-05,Alleghany,50-59,32,4,0
2020-05-05,Alleghany,60-69,21,4,0
2020-05-05,Alleghany,70-79,12,3,1
2020-05-05,Alleghany,80+,20,4,2
2020-05-05,Alleghany,Missing,0,0,0
2020-05-05,Arlington,0-9,10,1,0
2020-05-05,Arlington,19-Oct,26,3,0
2020-05-05,Arlington,20-29,160,13,0
2020-05-05,Arlington,30-39,198,23,0
2020-05-05,Arlington,40-49,181,25,2
2020-05-05,Arlington,50-59,202,33,1
2020-05-05,Arlington,60-69,163,33,9
2020-05-05,Arlington,70-79,106,32,11
2020-05-05,Arlington,80+,122,33,26
2020-05-05,Arlington,Missing,1,0,0
2020-05-05,"Central Shenandoah",0-9,14,0,0
2020-05-05,"Central Shenandoah",19-Oct,30,0,0
2020-05-05,"Central Shenandoah",20-29,141,1,0
2020-05-05,"Central Shenandoah",30-39,135,2,0
2020-05-05,"Central Shenandoah",40-49,168,2,0
2020-05-05,"Central Shenandoah",50-59,175,12,0
2020-05-05,"Central Shenandoah",60-69,120,13,3
2020-05-05,"Central Shenandoah",70-79,60,12,8
2020-05-05,"Central Shenandoah",80+,61,8,10
2020-05-05,"Central Shenandoah",Missing,0,0,0
2020-05-05,"Central Virginia",0-9,3,0,0
2020-05-05,"Central Virginia",19-Oct,9,0,0
2020-05-05,"Central Virginia",20-29,24,1,0
2020-05-05,"Central Virginia",30-39,26,1,0
2020-05-05,"Central Virginia",40-49,18,0,0
2020-05-05,"Central Virginia",50-59,25,1,0
2020-05-05,"Central Virginia",60-69,28,2,1
2020-05-05,"Central Virginia",70-79,13,2,0
2020-05-05,"Central Virginia",80+,4,1,0
2020-05-05,"Central Virginia",Missing,0,0,0
2020-05-05,Chesapeake,0-9,4,1,0
2020-05-05,Chesapeake,19-Oct,4,0,0
2020-05-05,Chesapeake,20-29,29,3,0
2020-05-05,Chesapeake,30-39,46,3,0
2020-05-05,Chesapeake,40-49,50,8,0
2020-05-05,Chesapeake,50-59,60,13,1
2020-05-05,Chesapeake,60-69,45,14,3
2020-05-05,Chesapeake,70-79,26,14,0
2020-05-05,Chesapeake,80+,29,9,5
2020-05-05,Chesapeake,Missing,0,0,0
2020-05-05,Chesterfield,0-9,2,0,0
2020-05-05,Chesterfield,19-Oct,46,0,0
2020-05-05,Chesterfield,20-29,75,3,0
2020-05-05,Chesterfield,30-39,125,1,0
2020-05-05,Chesterfield,40-49,130,5,2
2020-05-05,Chesterfield,50-59,119,15,1
2020-05-05,Chesterfield,60-69,85,13,8
2020-05-05,Chesterfield,70-79,56,11,5
2020-05-05,Chesterfield,80+,81,10,15
2020-05-05,Chesterfield,Missing,0,0,0
2020-05-05,Chickahominy,0-9,1,0,0
2020-05-05,Chickahominy,19-Oct,5,0,0
2020-05-05,Chickahominy,20-29,31,0,0
2020-05-05,Chickahominy,30-39,31,0,0
2020-05-05,Chickahominy,40-49,46,7,1
2020-05-05,Chickahominy,50-59,56,11,0
2020-05-05,Chickahominy,60-69,36,11,2
2020-05-05,Chickahominy,70-79,24,9,3
2020-05-05,Chickahominy,80+,38,20,14
2020-05-05,Chickahominy,Missing,0,0,0
2020-05-05,Crater,0-9,0,0,0
2020-05-05,Crater,19-Oct,8,0,0
2020-05-05,Crater,20-29,33,4,0
2020-05-05,Crater,30-39,39,2,0
2020-05-05,Crater,40-49,38,8,1
2020-05-05,Crater,50-59,45,11,1
2020-05-05,Crater,60-69,48,19,8
2020-05-05,Crater,70-79,31,11,4
2020-05-05,Crater,80+,17,4,0
2020-05-05,Crater,Missing,0,0,0
2020-05-05,"Cumberland Plateau",0-9,0,0,0
2020-05-05,"Cumberland Plateau",19-Oct,11,0,0
2020-05-05,"Cumberland Plateau",20-29,0,0,0
2020-05-05,"Cumberland Plateau",30-39,5,0,0
2020-05-05,"Cumberland Plateau",40-49,4,0,0
2020-05-05,"Cumberland Plateau",50-59,3,1,0
2020-05-05,"Cumberland Plateau",60-69,2,1,0
2020-05-05,"Cumberland Plateau",70-79,2,0,0
2020-05-05,"Cumberland Plateau",80+,0,0,0
2020-05-05,"Cumberland Plateau",Missing,0,0,0
2020-05-05,"Eastern Shore",0-9,5,0,0
2020-05-05,"Eastern Shore",19-Oct,17,0,0
2020-05-05,"Eastern Shore",20-29,69,1,0
2020-05-05,"Eastern Shore",30-39,102,2,0
2020-05-05,"Eastern Shore",40-49,111,3,1
2020-05-05,"Eastern Shore",50-59,131,4,3
2020-05-05,"Eastern Shore",60-69,82,5,1
2020-05-05,"Eastern Shore",70-79,25,4,1
2020-05-05,"Eastern Shore",80+,27,7,2
2020-05-05,"Eastern Shore",Missing,0,0,0
2020-05-05,Fairfax,0-9,66,4,0
2020-05-05,Fairfax,19-Oct,148,4,0
2020-05-05,Fairfax,20-29,660,33,1
2020-05-05,Fairfax,30-39,911,73,2
2020-05-05,Fairfax,40-49,965,117,3
2020-05-05,Fairfax,50-59,870,137,12
2020-05-05,Fairfax,60-69,592,164,25
2020-05-05,Fairfax,70-79,300,110,33
2020-05-05,Fairfax,80+,381,158,131
2020-05-05,Fairfax,Missing,10,0,0
2020-05-05,Hampton,0-9,4,0,0
2020-05-05,Hampton,19-Oct,6,0,0
2020-05-05,Hampton,20-29,21,1,0
2020-05-05,Hampton,30-39,23,2,0
2020-05-05,Hampton,40-49,14,2,0
2020-05-05,Hampton,50-59,28,7,1
2020-05-05,Hampton,60-69,21,9,1
2020-05-05,Hampton,70-79,8,5,0
2020-05-05,Hampton,80+,3,2,1
2020-05-05,Hampton,Missing,0,0,0
2020-05-05,Henrico,0-9,22,0,0
2020-05-05,Henrico,19-Oct,11,0,0
2020-05-05,Henrico,20-29,83,5,0
2020-05-05,Henrico,30-39,98,3,0
2020-05-05,Henrico,40-49,130,12,0
2020-05-05,Henrico,50-59,139,17,4
2020-05-05,Henrico,60-69,140,22,17
2020-05-05,Henrico,70-79,143,32,30
2020-05-05,Henrico,80+,219,48,55
2020-05-05,Henrico,Missing,0,0,0
2020-05-05,Lenowisco,0-9,4,0,0
2020-05-05,Lenowisco,19-Oct,2,0,0
2020-05-05,Lenowisco,20-29,6,0,0
2020-05-05,Lenowisco,30-39,3,1,1
2020-05-05,Lenowisco,40-49,4,1,0
2020-05-05,Lenowisco,50-59,11,4,0
2020-05-05,Lenowisco,60-69,7,5,1
2020-05-05,Lenowisco,70-79,4,3,0
2020-05-05,Lenowisco,80+,0,0,0
2020-05-05,Lenowisco,Missing,0,0,0
2020-05-05,"Lord Fairfax",0-9,12,0,0
2020-05-05,"Lord Fairfax",19-Oct,24,0,0
2020-05-05,"Lord Fairfax",20-29,86,0,0
2020-05-05,"Lord Fairfax",30-39,79,6,0
2020-05-05,"Lord Fairfax",40-49,80,2,0
2020-05-05,"Lord Fairfax",50-59,107,5,1
2020-05-05,"Lord Fairfax",60-69,83,14,2
2020-05-05,"Lord Fairfax",70-79,38,8,2
2020-05-05,"Lord Fairfax",80+,36,9,4
2020-05-05,"Lord Fairfax",Missing,1,0,0
2020-05-05,Loudoun,0-9,23,0,0
2020-05-05,Loudoun,19-Oct,29,0,0
2020-05-05,Loudoun,20-29,141,3,0
2020-05-05,Loudoun,30-39,140,8,0
2020-05-05,Loudoun,40-49,221,14,0
2020-05-05,Loudoun,50-59,204,17,1
2020-05-05,Loudoun,60-69,90,17,1
2020-05-05,Loudoun,70-79,57,19,5
2020-05-05,Loudoun,80+,93,22,17
2020-05-05,Loudoun,Missing,0,0,0
2020-05-05,"Mount Rogers",0-9,5,1,0
2020-05-05,"Mount Rogers",19-Oct,6,0,0
2020-05-05,"Mount Rogers",20-29,20,0,0
2020-05-05,"Mount Rogers",30-39,21,3,0
2020-05-05,"Mount Rogers",40-49,15,0,0
2020-05-05,"Mount Rogers",50-59,22,1,0
2020-05-05,"Mount Rogers",60-69,13,1,0
2020-05-05,"Mount Rogers",70-79,10,6,1
2020-05-05,"Mount Rogers",80+,4,4,3
2020-05-05,"Mount Rogers",Missing,0,0,0
2020-05-05,"New River",0-9,2,0,0
2020-05-05,"New River",19-Oct,3,0,0
2020-05-05,"New River",20-29,18,0,0
2020-05-05,"New River",30-39,4,0,0
2020-05-05,"New River",40-49,11,1,0
2020-05-05,"New River",50-59,15,2,0
2020-05-05,"New River",60-69,15,2,0
2020-05-05,"New River",70-79,8,5,1
2020-05-05,"New River",80+,4,2,0
2020-05-05,"New River",Missing,0,0,0
2020-05-05,Norfolk,0-9,5,0,0
2020-05-05,Norfolk,19-Oct,7,0,0
2020-05-05,Norfolk,20-29,48,0,0
2020-05-05,Norfolk,30-39,52,4,0
2020-05-05,Norfolk,40-49,48,8,0
2020-05-05,Norfolk,50-59,42,7,0
2020-05-05,Norfolk,60-69,29,13,1
2020-05-05,Norfolk,70-79,13,9,1
2020-05-05,Norfolk,80+,7,5,2
2020-05-05,Norfolk,Missing,0,0,0
2020-05-05,Peninsula,0-9,7,0,0
2020-05-05,Peninsula,19-Oct,7,1,0
2020-05-05,Peninsula,20-29,32,1,0
2020-05-05,Peninsula,30-39,42,4,0
2020-05-05,Peninsula,40-49,42,3,1
2020-05-05,Peninsula,50-59,70,15,2
2020-05-05,Peninsula,60-69,84,24,3
2020-05-05,Peninsula,70-79,67,34,10
2020-05-05,Peninsula,80+,30,20,10
2020-05-05,Peninsula,Missing,0,0,0
2020-05-05,Piedmont,0-9,1,0,0
2020-05-05,Piedmont,19-Oct,3,0,0
2020-05-05,Piedmont,20-29,44,0,0
2020-05-05,Piedmont,30-39,54,0,0
2020-05-05,Piedmont,40-49,57,2,0
2020-05-05,Piedmont,50-59,54,5,0
2020-05-05,Piedmont,60-69,43,6,0
2020-05-05,Piedmont,70-79,23,10,2
2020-05-05,Piedmont,80+,9,1,1
2020-05-05,Piedmont,Missing,0,0,0
2020-05-05,Pittsylvania-Danville,0-9,1,0,0
2020-05-05,Pittsylvania-Danville,19-Oct,1,0,0
2020-05-05,Pittsylvania-Danville,20-29,7,0,0
2020-05-05,Pittsylvania-Danville,30-39,6,0,0
2020-05-05,Pittsylvania-Danville,40-49,8,3,0
2020-05-05,Pittsylvania-Danville,50-59,10,5,0
2020-05-05,Pittsylvania-Danville,60-69,8,4,1
2020-05-05,Pittsylvania-Danville,70-79,9,6,0
2020-05-05,Pittsylvania-Danville,80+,3,2,1
2020-05-05,Pittsylvania-Danville,Missing,0,0,0
2020-05-05,Portsmouth,0-9,1,1,0
2020-05-05,Portsmouth,19-Oct,1,0,0
2020-05-05,Portsmouth,20-29,22,2,0
2020-05-05,Portsmouth,30-39,49,3,0
2020-05-05,Portsmouth,40-49,28,3,0
2020-05-05,Portsmouth,50-59,35,10,1
2020-05-05,Portsmouth,60-69,25,8,4
2020-05-05,Portsmouth,70-79,13,5,2
2020-05-05,Portsmouth,80+,13,4,1
2020-05-05,Portsmouth,Missing,0,0,0
2020-05-05,"Prince William",0-9,63,2,0
2020-05-05,"Prince William",19-Oct,119,3,0
2020-05-05,"Prince William",20-29,414,21,0
2020-05-05,"Prince William",30-39,508,30,1
2020-05-05,"Prince William",40-49,586,52,2
2020-05-05,"Prince William",50-59,490,59,4
2020-05-05,"Prince William",60-69,268,47,10
2020-05-05,"Prince William",70-79,101,34,9
2020-05-05,"Prince William",80+,59,21,10
2020-05-05,"Prince William",Missing,0,0,0
2020-05-05,Rappahannock,0-9,13,1,0
2020-05-05,Rappahannock,19-Oct,29,0,0
2020-05-05,Rappahannock,20-29,112,5,0
2020-05-05,Rappahannock,30-39,127,7,0
2020-05-05,Rappahannock,40-49,128,16,1
2020-05-05,Rappahannock,50-59,111,19,1
2020-05-05,Rappahannock,60-69,75,29,3
2020-05-05,Rappahannock,70-79,22,14,4
2020-05-05,Rappahannock,80+,11,8,2
2020-05-05,Rappahannock,Missing,1,0,0
2020-05-05,"Rappahannock Rapidan",0-9,11,1,0
2020-05-05,"Rappahannock Rapidan",19-Oct,28,0,0
2020-05-05,"Rappahannock Rapidan",20-29,73,1,0
2020-05-05,"Rappahannock Rapidan",30-39,91,7,0
2020-05-05,"Rappahannock Rapidan",40-49,91,3,1
2020-05-05,"Rappahannock Rapidan",50-59,57,6,0
2020-05-05,"Rappahannock Rapidan",60-69,36,7,0
2020-05-05,"Rappahannock Rapidan",70-79,15,2,2
2020-05-05,"Rappahannock Rapidan",80+,10,7,4
2020-05-05,"Rappahannock Rapidan",Missing,0,0,0
2020-05-05,Richmond,0-9,4,1,0
2020-05-05,Richmond,19-Oct,9,1,0
2020-05-05,Richmond,20-29,72,5,0
2020-05-05,Richmond,30-39,66,4,0
2020-05-05,Richmond,40-49,82,5,0
2020-05-05,Richmond,50-59,80,16,0
2020-05-05,Richmond,60-69,71,21,4
2020-05-05,Richmond,70-79,33,15,5
2020-05-05,Richmond,80+,21,8,7
2020-05-05,Richmond,Missing,0,0,0
2020-05-05,Roanoke,0-9,0,0,0
2020-05-05,Roanoke,19-Oct,0,0,0
2020-05-05,Roanoke,20-29,9,0,0
2020-05-05,Roanoke,30-39,8,0,0
2020-05-05,Roanoke,40-49,7,0,0
2020-05-05,Roanoke,50-59,11,1,0
2020-05-05,Roanoke,60-69,7,1,0
2020-05-05,Roanoke,70-79,6,1,0
2020-05-05,Roanoke,80+,33,2,0
2020-05-05,Roanoke,Missing,1,0,0
2020-05-05,Southside,0-9,0,0,0
2020-05-05,Southside,19-Oct,3,0,0
2020-05-05,Southside,20-29,17,2,0
2020-05-05,Southside,30-39,12,0,0
2020-05-05,Southside,40-49,13,3,0
2020-05-05,Southside,50-59,19,3,0
2020-05-05,Southside,60-69,17,6,1
2020-05-05,Southside,70-79,21,7,4
2020-05-05,Southside,80+,37,4,5
2020-05-05,Southside,Missing,0,0,0
2020-05-05,"Thomas Jefferson",0-9,4,1,0
2020-05-05,"Thomas Jefferson",19-Oct,6,0,0
2020-05-05,"Thomas Jefferson",20-29,40,0,0
2020-05-05,"Thomas Jefferson",30-39,44,2,0
2020-05-05,"Thomas Jefferson",40-49,34,4,0
2020-05-05,"Thomas Jefferson",50-59,49,9,1
2020-05-05,"Thomas Jefferson",60-69,45,12,2
2020-05-05,"Thomas Jefferson",70-79,45,14,1
2020-05-05,"Thomas Jefferson",80+,55,19,9
2020-05-05,"Thomas Jefferson",Missing,0,0,0
2020-05-05,"Three Rivers",0-9,2,0,0
2020-05-05,"Three Rivers",19-Oct,7,0,0
2020-05-05,"Three Rivers",20-29,30,0,0
2020-05-05,"Three Rivers",30-39,48,2,0
2020-05-05,"Three Rivers",40-49,59,4,1
2020-05-05,"Three Rivers",50-59,32,3,0
2020-05-05,"Three Rivers",60-69,39,7,0
2020-05-05,"Three Rivers",70-79,18,4,1
2020-05-05,"Three Rivers",80+,19,4,1
2020-05-05,"Three Rivers",Missing,0,0,0
2020-05-05,"Virginia Beach",0-9,3,0,0
2020-05-05,"Virginia Beach",19-Oct,9,0,0
2020-05-05,"Virginia Beach",20-29,50,1,0
2020-05-05,"Virginia Beach",30-39,68,6,0
2020-05-05,"Virginia Beach",40-49,67,12,1
2020-05-05,"Virginia Beach",50-59,71,12,0
2020-05-05,"Virginia Beach",60-69,74,13,1
2020-05-05,"Virginia Beach",70-79,46,21,4
2020-05-05,"Virginia Beach",80+,57,18,9
2020-05-05,"Virginia Beach",Missing,0,0,0
2020-05-05,"West Piedmont",0-9,1,0,0
2020-05-05,"West Piedmont",19-Oct,2,0,0
2020-05-05,"West Piedmont",20-29,5,0,0
2020-05-05,"West Piedmont",30-39,0,0,0
2020-05-05,"West Piedmont",40-49,8,0,0
2020-05-05,"West Piedmont",50-59,10,1,0
2020-05-05,"West Piedmont",60-69,12,1,0
2020-05-05,"West Piedmont",70-79,5,3,1
2020-05-05,"West Piedmont",80+,3,1,0
2020-05-05,"West Piedmont",Missing,0,0,0
2020-05-05,"Western Tidewater",0-9,3,0,0
2020-05-05,"Western Tidewater",19-Oct,2,0,0
2020-05-05,"Western Tidewater",20-29,28,0,0
2020-05-05,"Western Tidewater",30-39,31,1,0
2020-05-05,"Western Tidewater",40-49,59,3,0
2020-05-05,"Western Tidewater",50-59,77,5,0
2020-05-05,"Western Tidewater",60-69,84,10,3
2020-05-05,"Western Tidewater",70-79,60,15,6
2020-05-05,"Western Tidewater",80+,112,18,11
2020-05-05,"Western Tidewater",Missing,0,0,0
2020-05-07,Alexandria,0-9,42,3,0
2020-05-07,Alexandria,19-Oct,55,0,0
2020-05-07,Alexandria,20-29,149,3,1
2020-05-07,Alexandria,30-39,265,16,0
2020-05-07,Alexandria,40-49,206,19,0
2020-05-07,Alexandria,50-59,141,24,7
2020-05-07,Alexandria,60-69,91,20,1
2020-05-07,Alexandria,70-79,63,24,7
2020-05-07,Alexandria,80+,47,18,13
2020-05-07,Alexandria,Missing,1,0,0
2020-05-07,Alleghany,0-9,0,0,0
2020-05-07,Alleghany,19-Oct,2,0,0
2020-05-07,Alleghany,20-29,17,1,0
2020-05-07,Alleghany,30-39,10,0,0
2020-05-07,Alleghany,40-49,16,0,0
2020-05-07,Alleghany,50-59,32,4,0
2020-05-07,Alleghany,60-69,20,4,0
2020-05-07,Alleghany,70-79,13,3,1
2020-05-07,Alleghany,80+,19,4,2
2020-05-07,Alleghany,Missing,0,0,0
2020-05-07,Arlington,0-9,10,1,0
2020-05-07,Arlington,19-Oct,30,4,0
2020-05-07,Arlington,20-29,167,13,0
2020-05-07,Arlington,30-39,218,27,0
2020-05-07,Arlington,40-49,192,28,2
2020-05-07,Arlington,50-59,211,36,2
2020-05-07,Arlington,60-69,173,39,9
2020-05-07,Arlington,70-79,117,34,12
2020-05-07,Arlington,80+,129,40,27
2020-05-07,Arlington,Missing,1,0,0
2020-05-07,"Central Shenandoah",0-9,16,0,0
2020-05-07,"Central Shenandoah",19-Oct,39,0,0
2020-05-07,"Central Shenandoah",20-29,158,1,0
2020-05-07,"Central Shenandoah",30-39,146,4,0
2020-05-07,"Central Shenandoah",40-49,175,2,0
2020-05-07,"Central Shenandoah",50-59,185,13,0
2020-05-07,"Central Shenandoah",60-69,129,15,4
2020-05-07,"Central Shenandoah",70-79,63,12,8
2020-05-07,"Central Shenandoah",80+,63,9,10
2020-05-07,"Central Shenandoah",Missing,0,0,0
2020-05-07,"Central Virginia",0-9,3,0,0
2020-05-07,"Central Virginia",19-Oct,9,1,0
2020-05-07,"Central Virginia",20-29,25,1,0
2020-05-07,"Central Virginia",30-39,26,1,0
2020-05-07,"Central Virginia",40-49,19,0,0
2020-05-07,"Central Virginia",50-59,26,1,1
2020-05-07,"Central Virginia",60-69,28,2,1
2020-05-07,"Central Virginia",70-79,13,3,0
2020-05-07,"Central Virginia",80+,5,2,0
2020-05-07,"Central Virginia",Missing,0,0,0
2020-05-07,Chesapeake,0-9,4,1,0
2020-05-07,Chesapeake,19-Oct,6,0,0
2020-05-07,Chesapeake,20-29,31,3,0
2020-05-07,Chesapeake,30-39,53,3,0
2020-05-07,Chesapeake,40-49,51,8,0
2020-05-07,Chesapeake,50-59,63,14,1
2020-05-07,Chesapeake,60-69,45,14,3
2020-05-07,Chesapeake,70-79,28,15,0
2020-05-07,Chesapeake,80+,30,10,5
2020-05-07,Chesapeake,Missing,0,0,0
2020-05-07,Chesterfield,0-9,4,0,0
2020-05-07,Chesterfield,19-Oct,49,0,0
2020-05-07,Chesterfield,20-29,87,3,0
2020-05-07,Chesterfield,30-39,139,1,0
2020-05-07,Chesterfield,40-49,140,5,2
2020-05-07,Chesterfield,50-59,126,15,1
2020-05-07,Chesterfield,60-69,95,15,8
2020-05-07,Chesterfield,70-79,62,11,5
2020-05-07,Chesterfield,80+,86,11,16
2020-05-07,Chesterfield,Missing,0,0,0
2020-05-07,Chickahominy,0-9,1,0,0
2020-05-07,Chickahominy,19-Oct,5,0,0
2020-05-07,Chickahominy,20-29,33,0,0
2020-05-07,Chickahominy,30-39,35,0,0
2020-05-07,Chickahominy,40-49,47,7,1
2020-05-07,Chickahominy,50-59,57,11,0
2020-05-07,Chickahominy,60-69,37,11,3
2020-05-07,Chickahominy,70-79,24,11,3
2020-05-07,Chickahominy,80+,39,22,15
2020-05-07,Chickahominy,Missing,0,0,0
2020-05-07,Crater,0-9,0,0,0
2020-05-07,Crater,19-Oct,9,0,0
2020-05-07,Crater,20-29,35,4,0
2020-05-07,Crater,30-39,39,2,0
2020-05-07,Crater,40-49,39,9,1
2020-05-07,Crater,50-59,47,12,1
2020-05-07,Crater,60-69,49,20,8
2020-05-07,Crater,70-79,31,11,4
2020-05-07,Crater,80+,19,5,0
2020-05-07,Crater,Missing,0,0,0
2020-05-07,"Cumberland Plateau",0-9,0,0,0
2020-05-07,"Cumberland Plateau",19-Oct,11,0,0
2020-05-07,"Cumberland Plateau",20-29,1,0,0
2020-05-07,"Cumberland Plateau",30-39,5,0,0
2020-05-07,"Cumberland Plateau",40-49,4,0,0
2020-05-07,"Cumberland Plateau",50-59,3,1,0
2020-05-07,"Cumberland Plateau",60-69,2,1,0
2020-05-07,"Cumberland Plateau",70-79,2,0,0
2020-05-07,"Cumberland Plateau",80+,0,0,0
2020-05-07,"Cumberland Plateau",Missing,0,0,0
2020-05-07,"Eastern Shore",0-9,7,0,0
2020-05-07,"Eastern Shore",19-Oct,18,0,0
2020-05-07,"Eastern Shore",20-29,72,1,0
2020-05-07,"Eastern Shore",30-39,109,2,0
2020-05-07,"Eastern Shore",40-49,119,3,1
2020-05-07,"Eastern Shore",50-59,143,5,3
2020-05-07,"Eastern Shore",60-69,89,6,2
2020-05-07,"Eastern Shore",70-79,26,4,1
2020-05-07,"Eastern Shore",80+,29,8,3
2020-05-07,"Eastern Shore",Missing,0,0,0
2020-05-07,Fairfax,0-9,73,4,0
2020-05-07,Fairfax,19-Oct,164,5,0
2020-05-07,Fairfax,20-29,685,35,1
2020-05-07,Fairfax,30-39,944,76,2
2020-05-07,Fairfax,40-49,1006,127,4
2020-05-07,Fairfax,50-59,904,147,12
2020-05-07,Fairfax,60-69,618,171,25
2020-05-07,Fairfax,70-79,310,115,35
2020-05-07,Fairfax,80+,401,166,139
2020-05-07,Fairfax,Missing,11,0,0
2020-05-07,Hampton,0-9,4,0,0
2020-05-07,Hampton,19-Oct,6,0,0
2020-05-07,Hampton,20-29,22,1,0
2020-05-07,Hampton,30-39,24,2,0
2020-05-07,Hampton,40-49,14,2,0
2020-05-07,Hampton,50-59,28,7,1
2020-05-07,Hampton,60-69,21,9,1
2020-05-07,Hampton,70-79,9,5,0
2020-05-07,Hampton,80+,3,2,1
2020-05-07,Hampton,Missing,0,0,0
2020-05-07,Henrico,0-9,22,0,0
2020-05-07,Henrico,19-Oct,16,0,0
2020-05-07,Henrico,20-29,87,6,0
2020-05-07,Henrico,30-39,106,3,0
2020-05-07,Henrico,40-49,138,12,0
2020-05-07,Henrico,50-59,141,17,5
2020-05-07,Henrico,60-69,141,22,17
2020-05-07,Henrico,70-79,146,35,31
2020-05-07,Henrico,80+,228,51,56
2020-05-07,Henrico,Missing,0,0,0
2020-05-07,Lenowisco,0-9,4,0,0
2020-05-07,Lenowisco,19-Oct,2,0,0
2020-05-07,Lenowisco,20-29,6,0,0
2020-05-07,Lenowisco,30-39,3,1,1
2020-05-07,Lenowisco,40-49,4,1,0
2020-05-07,Lenowisco,50-59,11,4,0
2020-05-07,Lenowisco,60-69,7,5,1
2020-05-07,Lenowisco,70-79,4,3,0
2020-05-07,Lenowisco,80+,0,0,0
2020-05-07,Lenowisco,Missing,0,0,0
2020-05-07,"Lord Fairfax",0-9,14,0,0
2020-05-07,"Lord Fairfax",19-Oct,28,0,0
2020-05-07,"Lord Fairfax",20-29,100,0,0
2020-05-07,"Lord Fairfax",30-39,88,6,0
2020-05-07,"Lord Fairfax",40-49,89,3,0
2020-05-07,"Lord Fairfax",50-59,126,6,1
2020-05-07,"Lord Fairfax",60-69,98,17,3
2020-05-07,"Lord Fairfax",70-79,44,11,5
2020-05-07,"Lord Fairfax",80+,46,11,6
2020-05-07,"Lord Fairfax",Missing,1,0,0
2020-05-07,Loudoun,0-9,25,0,0
2020-05-07,Loudoun,19-Oct,33,0,0
2020-05-07,Loudoun,20-29,145,3,0
2020-05-07,Loudoun,30-39,146,8,0
2020-05-07,Loudoun,40-49,232,14,0
2020-05-07,Loudoun,50-59,211,18,1
2020-05-07,Loudoun,60-69,92,18,1
2020-05-07,Loudoun,70-79,58,19,5
2020-05-07,Loudoun,80+,101,25,19
2020-05-07,Loudoun,Missing,0,0,0
2020-05-07,"Mount Rogers",0-9,6,1,0
2020-05-07,"Mount Rogers",19-Oct,6,0,0
2020-05-07,"Mount Rogers",20-29,22,0,0
2020-05-07,"Mount Rogers",30-39,24,3,0
2020-05-07,"Mount Rogers",40-49,20,0,0
2020-05-07,"Mount Rogers",50-59,23,1,0
2020-05-07,"Mount Rogers",60-69,14,1,0
2020-05-07,"Mount Rogers",70-79,11,6,1
2020-05-07,"Mount Rogers",80+,4,4,3
2020-05-07,"Mount Rogers",Missing,0,0,0
2020-05-07,"New River",0-9,2,0,0
2020-05-07,"New River",19-Oct,3,0,0
2020-05-07,"New River",20-29,18,0,0
2020-05-07,"New River",30-39,4,0,0
2020-05-07,"New River",40-49,11,1,0
2020-05-07,"New River",50-59,15,2,0
2020-05-07,"New River",60-69,15,2,0
2020-05-07,"New River",70-79,8,5,1
2020-05-07,"New River",80+,4,2,0
2020-05-07,"New River",Missing,0,0,0
2020-05-07,Norfolk,0-9,5,0,0
2020-05-07,Norfolk,19-Oct,9,0,0
2020-05-07,Norfolk,20-29,51,0,0
2020-05-07,Norfolk,30-39,55,4,0
2020-05-07,Norfolk,40-49,52,8,0
2020-05-07,Norfolk,50-59,45,7,0
2020-05-07,Norfolk,60-69,31,13,1
2020-05-07,Norfolk,70-79,14,10,1
2020-05-07,Norfolk,80+,8,6,3
2020-05-07,Norfolk,Missing,0,0,0
2020-05-07,Peninsula,0-9,7,0,0
2020-05-07,Peninsula,19-Oct,7,1,0
2020-05-07,Peninsula,20-29,33,1,0
2020-05-07,Peninsula,30-39,44,5,1
2020-05-07,Peninsula,40-49,44,3,1
2020-05-07,Peninsula,50-59,71,15,2
2020-05-07,Peninsula,60-69,85,24,3
2020-05-07,Peninsula,70-79,68,34,10
2020-05-07,Peninsula,80+,32,22,11
2020-05-07,Peninsula,Missing,0,0,0
2020-05-07,Piedmont,0-9,1,0,0
2020-05-07,Piedmont,19-Oct,3,0,0
2020-05-07,Piedmont,20-29,54,0,0
2020-05-07,Piedmont,30-39,65,0,0
2020-05-07,Piedmont,40-49,66,2,0
2020-05-07,Piedmont,50-59,66,5,0
2020-05-07,Piedmont,60-69,56,7,0
2020-05-07,Piedmont,70-79,24,11,2
2020-05-07,Piedmont,80+,11,1,1
2020-05-07,Piedmont,Missing,0,0,0
2020-05-07,Pittsylvania-Danville,0-9,1,0,0
2020-05-07,Pittsylvania-Danville,19-Oct,1,0,0
2020-05-07,Pittsylvania-Danville,20-29,7,0,0
2020-05-07,Pittsylvania-Danville,30-39,6,0,0
2020-05-07,Pittsylvania-Danville,40-49,8,3,0
2020-05-07,Pittsylvania-Danville,50-59,12,5,0
2020-05-07,Pittsylvania-Danville,60-69,8,4,1
2020-05-07,Pittsylvania-Danville,70-79,9,6,0
2020-05-07,Pittsylvania-Danville,80+,3,2,1
2020-05-07,Pittsylvania-Danville,Missing,0,0,0
2020-05-07,Portsmouth,0-9,1,1,0
2020-05-07,Portsmouth,19-Oct,1,0,0
2020-05-07,Portsmouth,20-29,24,2,0
2020-05-07,Portsmouth,30-39,49,3,0
2020-05-07,Portsmouth,40-49,29,3,0
2020-05-07,Portsmouth,50-59,38,11,1
2020-05-07,Portsmouth,60-69,25,8,4
2020-05-07,Portsmouth,70-79,13,5,2
2020-05-07,Portsmouth,80+,13,4,1
2020-05-07,Portsmouth,Missing,0,0,0
2020-05-07,"Prince William",0-9,68,2,0
2020-05-07,"Prince William",19-Oct,130,3,0
2020-05-07,"Prince William",20-29,455,21,0
2020-05-07,"Prince William",30-39,556,32,1
2020-05-07,"Prince William",40-49,628,59,2
2020-05-07,"Prince William",50-59,531,65,4
2020-05-07,"Prince William",60-69,289,56,10
2020-05-07,"Prince William",70-79,107,35,11
2020-05-07,"Prince William",80+,72,24,14
2020-05-07,"Prince William",Missing,0,0,0
2020-05-07,Rappahannock,0-9,13,1,0
2020-05-07,Rappahannock,19-Oct,37,0,0
2020-05-07,Rappahannock,20-29,122,6,0
2020-05-07,Rappahannock,30-39,143,8,0
2020-05-07,Rappahannock,40-49,141,19,1
2020-05-07,Rappahannock,50-59,121,21,1
2020-05-07,Rappahannock,60-69,78,30,3
2020-05-07,Rappahannock,70-79,22,14,4
2020-05-07,Rappahannock,80+,12,8,2
2020-05-07,Rappahannock,Missing,1,0,0
2020-05-07,"Rappahannock Rapidan",0-9,12,1,0
2020-05-07,"Rappahannock Rapidan",19-Oct,28,0,0
2020-05-07,"Rappahannock Rapidan",20-29,78,1,0
2020-05-07,"Rappahannock Rapidan",30-39,97,7,0
2020-05-07,"Rappahannock Rapidan",40-49,95,3,1
2020-05-07,"Rappahannock Rapidan",50-59,60,7,0
2020-05-07,"Rappahannock Rapidan",60-69,38,8,1
2020-05-07,"Rappahannock Rapidan",70-79,15,2,3
2020-05-07,"Rappahannock Rapidan",80+,11,7,4
2020-05-07,"Rappahannock Rapidan",Missing,0,0,0
2020-05-07,Richmond,0-9,5,1,0
2020-05-07,Richmond,19-Oct,10,1,0
2020-05-07,Richmond,20-29,78,5,0
2020-05-07,Richmond,30-39,76,4,0
2020-05-07,Richmond,40-49,89,6,0
2020-05-07,Richmond,50-59,84,16,0
2020-05-07,Richmond,60-69,77,25,5
2020-05-07,Richmond,70-79,32,15,5
2020-05-07,Richmond,80+,22,8,7
2020-05-07,Richmond,Missing,0,0,0
2020-05-07,Roanoke,0-9,0,0,0
2020-05-07,Roanoke,19-Oct,0,0,0
2020-05-07,Roanoke,20-29,9,0,0
2020-05-07,Roanoke,30-39,9,0,0
2020-05-07,Roanoke,40-49,11,0,0
2020-05-07,Roanoke,50-59,11,1,0
2020-05-07,Roanoke,60-69,7,1,0
2020-05-07,Roanoke,70-79,6,1,0
2020-05-07,Roanoke,80+,35,3,1
2020-05-07,Roanoke,Missing,0,0,0
2020-05-07,Southside,0-9,1,0,0
2020-05-07,Southside,19-Oct,3,0,0
2020-05-07,Southside,20-29,17,2,0
2020-05-07,Southside,30-39,12,0,0
2020-05-07,Southside,40-49,13,3,0
2020-05-07,Southside,50-59,20,3,0
2020-05-07,Southside,60-69,20,6,1
2020-05-07,Southside,70-79,22,8,4
2020-05-07,Southside,80+,36,4,5
2020-05-07,Southside,Missing,0,0,0
2020-05-07,"Thomas Jefferson",0-9,5,1,0
2020-05-07,"Thomas Jefferson",19-Oct,6,0,0
2020-05-07,"Thomas Jefferson",20-29,41,0,0
2020-05-07,"Thomas Jefferson",30-39,46,2,0
2020-05-07,"Thomas Jefferson",40-49,34,4,0
2020-05-07,"Thomas Jefferson",50-59,51,9,1
2020-05-07,"Thomas Jefferson",60-69,44,11,2
2020-05-07,"Thomas Jefferson",70-79,45,14,1
2020-05-07,"Thomas Jefferson",80+,56,19,9
2020-05-07,"Thomas Jefferson",Missing,0,0,0
2020-05-07,"Three Rivers",0-9,2,0,0
2020-05-07,"Three Rivers",19-Oct,7,0,0
2020-05-07,"Three Rivers",20-29,39,0,0
2020-05-07,"Three Rivers",30-39,60,2,0
2020-05-07,"Three Rivers",40-49,74,5,1
2020-05-07,"Three Rivers",50-59,39,3,0
2020-05-07,"Three Rivers",60-69,48,7,0
2020-05-07,"Three Rivers",70-79,18,4,1
2020-05-07,"Three Rivers",80+,19,4,3
2020-05-07,"Three Rivers",Missing,0,0,0
2020-05-07,"Virginia Beach",0-9,3,0,0
2020-05-07,"Virginia Beach",19-Oct,10,0,0
2020-05-07,"Virginia Beach",20-29,51,1,0
2020-05-07,"Virginia Beach",30-39,69,6,0
2020-05-07,"Virginia Beach",40-49,69,12,1
2020-05-07,"Virginia Beach",50-59,74,12,0
2020-05-07,"Virginia Beach",60-69,74,13,1
2020-05-07,"Virginia Beach",70-79,46,21,4
2020-05-07,"Virginia Beach",80+,58,18,11
2020-05-07,"Virginia Beach",Missing,0,0,0
2020-05-07,"West Piedmont",0-9,1,0,0
2020-05-07,"West Piedmont",19-Oct,2,0,0
2020-05-07,"West Piedmont",20-29,5,0,0
2020-05-07,"West Piedmont",30-39,1,0,0
2020-05-07,"West Piedmont",40-49,8,0,0
2020-05-07,"West Piedmont",50-59,10,1,0
2020-05-07,"West Piedmont",60-69,13,1,0
2020-05-07,"West Piedmont",70-79,7,4,1
2020-05-07,"West Piedmont",80+,3,1,0
2020-05-07,"West Piedmont",Missing,0,0,0
2020-05-07,"Western Tidewater",0-9,3,0,0
2020-05-07,"Western Tidewater",19-Oct,2,0,0
2020-05-07,"Western Tidewater",20-29,28,0,0
2020-05-07,"Western Tidewater",30-39,32,1,0
2020-05-07,"Western Tidewater",40-49,59,3,0
2020-05-07,"Western Tidewater",50-59,78,5,0
2020-05-07,"Western Tidewater",60-69,86,10,4
2020-05-07,"Western Tidewater",70-79,62,16,9
2020-05-07,"Western Tidewater",80+,112,18,11
2020-05-07,"Western Tidewater",Missing,0,0,0
2020-05-08,Alexandria,0-9,43,2,0
2020-05-08,Alexandria,19-Oct,59,1,0
2020-05-08,Alexandria,20-29,155,4,1
2020-05-08,Alexandria,30-39,271,15,0
2020-05-08,Alexandria,40-49,227,20,0
2020-05-08,Alexandria,50-59,144,24,7
2020-05-08,Alexandria,60-69,96,20,1
2020-05-08,Alexandria,70-79,67,25,7
2020-05-08,Alexandria,80+,47,18,13
2020-05-08,Alexandria,Missing,1,0,0
2020-05-08,Alleghany,0-9,0,0,0
2020-05-08,Alleghany,19-Oct,2,0,0
2020-05-08,Alleghany,20-29,17,1,0
2020-05-08,Alleghany,30-39,11,0,0
2020-05-08,Alleghany,40-49,16,0,0
2020-05-08,Alleghany,50-59,34,4,0
2020-05-08,Alleghany,60-69,20,5,0
2020-05-08,Alleghany,70-79,13,3,1
2020-05-08,Alleghany,80+,19,4,2
2020-05-08,Alleghany,Missing,0,0,0
2020-05-08,Arlington,0-9,10,1,0
2020-05-08,Arlington,19-Oct,29,4,0
2020-05-08,Arlington,20-29,177,13,0
2020-05-08,Arlington,30-39,229,27,0
2020-05-08,Arlington,40-49,194,28,2
2020-05-08,Arlington,50-59,215,37,2
2020-05-08,Arlington,60-69,179,39,9
2020-05-08,Arlington,70-79,119,37,15
2020-05-08,Arlington,80+,128,41,29
2020-05-08,Arlington,Missing,1,0,0
2020-05-08,"Central Shenandoah",0-9,16,0,0
2020-05-08,"Central Shenandoah",19-Oct,40,0,0
2020-05-08,"Central Shenandoah",20-29,168,1,0
2020-05-08,"Central Shenandoah",30-39,154,4,0
2020-05-08,"Central Shenandoah",40-49,177,2,0
2020-05-08,"Central Shenandoah",50-59,191,14,1
2020-05-08,"Central Shenandoah",60-69,134,15,4
2020-05-08,"Central Shenandoah",70-79,63,12,8
2020-05-08,"Central Shenandoah",80+,64,9,10
2020-05-08,"Central Shenandoah",Missing,0,0,0
2020-05-08,"Central Virginia",0-9,3,0,0
2020-05-08,"Central Virginia",19-Oct,9,1,0
2020-05-08,"Central Virginia",20-29,25,1,0
2020-05-08,"Central Virginia",30-39,26,1,0
2020-05-08,"Central Virginia",40-49,19,0,0
2020-05-08,"Central Virginia",50-59,26,1,1
2020-05-08,"Central Virginia",60-69,28,2,1
2020-05-08,"Central Virginia",70-79,13,4,0
2020-05-08,"Central Virginia",80+,5,2,0
2020-05-08,"Central Virginia",Missing,0,0,0
2020-05-08,Chesapeake,0-9,4,1,0
2020-05-08,Chesapeake,19-Oct,6,0,0
2020-05-08,Chesapeake,20-29,32,3,0
2020-05-08,Chesapeake,30-39,55,3,0
2020-05-08,Chesapeake,40-49,51,8,0
2020-05-08,Chesapeake,50-59,63,14,1
2020-05-08,Chesapeake,60-69,46,14,3
2020-05-08,Chesapeake,70-79,29,15,0
2020-05-08,Chesapeake,80+,30,10,5
2020-05-08,Chesapeake,Missing,0,0,0
2020-05-08,Chesterfield,0-9,4,0,0
2020-05-08,Chesterfield,19-Oct,52,0,0
2020-05-08,Chesterfield,20-29,92,3,0
2020-05-08,Chesterfield,30-39,147,1,0
2020-05-08,Chesterfield,40-49,151,6,2
2020-05-08,Chesterfield,50-59,130,15,1
2020-05-08,Chesterfield,60-69,96,17,8
2020-05-08,Chesterfield,70-79,62,11,5
2020-05-08,Chesterfield,80+,89,11,16
2020-05-08,Chesterfield,Missing,1,0,0
2020-05-08,Chickahominy,0-9,1,0,0
2020-05-08,Chickahominy,19-Oct,5,0,0
2020-05-08,Chickahominy,20-29,32,0,0
2020-05-08,Chickahominy,30-39,34,0,0
2020-05-08,Chickahominy,40-49,47,7,1
2020-05-08,Chickahominy,50-59,59,11,0
2020-05-08,Chickahominy,60-69,38,11,3
2020-05-08,Chickahominy,70-79,24,11,3
2020-05-08,Chickahominy,80+,39,22,15
2020-05-08,Chickahominy,Missing,2,0,0
2020-05-08,Crater,0-9,0,0,0
2020-05-08,Crater,19-Oct,9,0,0
2020-05-08,Crater,20-29,36,4,0
2020-05-08,Crater,30-39,37,1,0
2020-05-08,Crater,40-49,39,9,1
2020-05-08,Crater,50-59,48,13,1
2020-05-08,Crater,60-69,49,20,8
2020-05-08,Crater,70-79,31,11,4
2020-05-08,Crater,80+,19,5,0
2020-05-08,Crater,Missing,0,0,0
2020-05-08,"Cumberland Plateau",0-9,0,0,0
2020-05-08,"Cumberland Plateau",19-Oct,11,0,0
2020-05-08,"Cumberland Plateau",20-29,1,0,0
2020-05-08,"Cumberland Plateau",30-39,5,0,0
2020-05-08,"Cumberland Plateau",40-49,4,0,0
2020-05-08,"Cumberland Plateau",50-59,3,1,0
2020-05-08,"Cumberland Plateau",60-69,2,1,0
2020-05-08,"Cumberland Plateau",70-79,2,0,0
2020-05-08,"Cumberland Plateau",80+,0,0,0
2020-05-08,"Cumberland Plateau",Missing,0,0,0
2020-05-08,"Eastern Shore",0-9,7,0,0
2020-05-08,"Eastern Shore",19-Oct,18,0,0
2020-05-08,"Eastern Shore",20-29,72,1,0
2020-05-08,"Eastern Shore",30-39,109,2,0
2020-05-08,"Eastern Shore",40-49,119,3,1
2020-05-08,"Eastern Shore",50-59,143,5,3
2020-05-08,"Eastern Shore",60-69,89,6,3
2020-05-08,"Eastern Shore",70-79,27,5,1
2020-05-08,"Eastern Shore",80+,28,9,4
2020-05-08,"Eastern Shore",Missing,0,0,0
2020-05-08,Fairfax,0-9,79,4,1
2020-05-08,Fairfax,19-Oct,177,6,0
2020-05-08,Fairfax,20-29,730,37,1
2020-05-08,Fairfax,30-39,1005,83,3
2020-05-08,Fairfax,40-49,1048,131,4
2020-05-08,Fairfax,50-59,940,154,15
2020-05-08,Fairfax,60-69,650,183,26
2020-05-08,Fairfax,70-79,326,122,41
2020-05-08,Fairfax,80+,436,176,143
2020-05-08,Fairfax,Missing,23,0,0
2020-05-08,Hampton,0-9,4,0,0
2020-05-08,Hampton,19-Oct,5,0,0
2020-05-08,Hampton,20-29,24,1,0
2020-05-08,Hampton,30-39,25,2,0
2020-05-08,Hampton,40-49,15,2,0
2020-05-08,Hampton,50-59,30,8,1
2020-05-08,Hampton,60-69,20,8,1
2020-05-08,Hampton,70-79,9,5,0
2020-05-08,Hampton,80+,3,2,1
2020-05-08,Hampton,Missing,0,0,0
2020-05-08,Henrico,0-9,22,0,0
2020-05-08,Henrico,19-Oct,15,0,0
2020-05-08,Henrico,20-29,86,6,0
2020-05-08,Henrico,30-39,107,3,0
2020-05-08,Henrico,40-49,137,12,0
2020-05-08,Henrico,50-59,142,18,5
2020-05-08,Henrico,60-69,142,23,17
2020-05-08,Henrico,70-79,147,35,31
2020-05-08,Henrico,80+,227,51,57
2020-05-08,Henrico,Missing,7,0,0
2020-05-08,Lenowisco,0-9,4,0,0
2020-05-08,Lenowisco,19-Oct,2,0,0
2020-05-08,Lenowisco,20-29,6,0,0
2020-05-08,Lenowisco,30-39,3,1,1
2020-05-08,Lenowisco,40-49,4,1,0
2020-05-08,Lenowisco,50-59,13,5,0
2020-05-08,Lenowisco,60-69,5,4,2
2020-05-08,Lenowisco,70-79,4,3,0
2020-05-08,Lenowisco,80+,0,0,0
2020-05-08,Lenowisco,Missing,0,0,0
2020-05-08,"Lord Fairfax",0-9,14,0,0
2020-05-08,"Lord Fairfax",19-Oct,29,0,0
2020-05-08,"Lord Fairfax",20-29,104,0,0
2020-05-08,"Lord Fairfax",30-39,92,6,0
2020-05-08,"Lord Fairfax",40-49,93,3,0
2020-05-08,"Lord Fairfax",50-59,131,6,1
2020-05-08,"Lord Fairfax",60-69,100,17,4
2020-05-08,"Lord Fairfax",70-79,49,11,5
2020-05-08,"Lord Fairfax",80+,51,12,7
2020-05-08,"Lord Fairfax",Missing,1,0,0
2020-05-08,Loudoun,0-9,24,0,0
2020-05-08,Loudoun,19-Oct,35,0,0
2020-05-08,Loudoun,20-29,150,2,0
2020-05-08,Loudoun,30-39,151,8,0
2020-05-08,Loudoun,40-49,235,14,0
2020-05-08,Loudoun,50-59,211,19,1
2020-05-08,Loudoun,60-69,98,18,1
2020-05-08,Loudoun,70-79,62,22,5
2020-05-08,Loudoun,80+,103,26,22
2020-05-08,Loudoun,Missing,1,0,0
2020-05-08,"Mount Rogers",0-9,6,1,0
2020-05-08,"Mount Rogers",19-Oct,6,0,0
2020-05-08,"Mount Rogers",20-29,23,0,0
2020-05-08,"Mount Rogers",30-39,24,3,0
2020-05-08,"Mount Rogers",40-49,22,0,0
2020-05-08,"Mount Rogers",50-59,23,1,0
2020-05-08,"Mount Rogers",60-69,14,1,0
2020-05-08,"Mount Rogers",70-79,11,6,1
2020-05-08,"Mount Rogers",80+,4,4,3
2020-05-08,"Mount Rogers",Missing,0,0,0
2020-05-08,"New River",0-9,2,0,0
2020-05-08,"New River",19-Oct,3,0,0
2020-05-08,"New River",20-29,18,0,0
2020-05-08,"New River",30-39,4,0,0
2020-05-08,"New River",40-49,12,1,0
2020-05-08,"New River",50-59,15,2,0
2020-05-08,"New River",60-69,14,2,0
2020-05-08,"New River",70-79,8,5,1
2020-05-08,"New River",80+,4,2,0
2020-05-08,"New River",Missing,0,0,0
2020-05-08,Norfolk,0-9,4,0,0
2020-05-08,Norfolk,19-Oct,8,0,0
2020-05-08,Norfolk,20-29,52,0,0
2020-05-08,Norfolk,30-39,54,5,0
2020-05-08,Norfolk,40-49,54,8,0
2020-05-08,Norfolk,50-59,45,7,0
2020-05-08,Norfolk,60-69,31,13,1
2020-05-08,Norfolk,70-79,15,11,1
2020-05-08,Norfolk,80+,8,6,3
2020-05-08,Norfolk,Missing,3,0,0
2020-05-08,Peninsula,0-9,9,0,0
2020-05-08,Peninsula,19-Oct,8,1,0
2020-05-08,Peninsula,20-29,36,1,0
2020-05-08,Peninsula,30-39,45,5,1
2020-05-08,Peninsula,40-49,49,3,1
2020-05-08,Peninsula,50-59,72,15,2
2020-05-08,Peninsula,60-69,86,24,3
2020-05-08,Peninsula,70-79,69,34,10
2020-05-08,Peninsula,80+,32,22,12
2020-05-08,Peninsula,Missing,1,0,0
2020-05-08,Piedmont,0-9,1,0,0
2020-05-08,Piedmont,19-Oct,3,0,0
2020-05-08,Piedmont,20-29,55,0,0
2020-05-08,Piedmont,30-39,66,0,0
2020-05-08,Piedmont,40-49,67,3,0
2020-05-08,Piedmont,50-59,66,5,0
2020-05-08,Piedmont,60-69,56,7,1
2020-05-08,Piedmont,70-79,24,11,2
2020-05-08,Piedmont,80+,12,2,1
2020-05-08,Piedmont,Missing,0,0,0
2020-05-08,Pittsylvania-Danville,0-9,1,0,0
2020-05-08,Pittsylvania-Danville,19-Oct,1,0,0
2020-05-08,Pittsylvania-Danville,20-29,7,0,0
2020-05-08,Pittsylvania-Danville,30-39,6,0,0
2020-05-08,Pittsylvania-Danville,40-49,9,4,0
2020-05-08,Pittsylvania-Danville,50-59,12,5,0
2020-05-08,Pittsylvania-Danville,60-69,8,4,1
2020-05-08,Pittsylvania-Danville,70-79,9,6,0
2020-05-08,Pittsylvania-Danville,80+,3,2,1
2020-05-08,Pittsylvania-Danville,Missing,0,0,0
2020-05-08,Portsmouth,0-9,1,1,0
2020-05-08,Portsmouth,19-Oct,1,0,0
2020-05-08,Portsmouth,20-29,24,2,0
2020-05-08,Portsmouth,30-39,50,3,0
2020-05-08,Portsmouth,40-49,30,3,0
2020-05-08,Portsmouth,50-59,37,11,1
2020-05-08,Portsmouth,60-69,25,8,4
2020-05-08,Portsmouth,70-79,13,5,2
2020-05-08,Portsmouth,80+,13,4,1
2020-05-08,Portsmouth,Missing,0,0,0
2020-05-08,"Prince William",0-9,71,2,0
2020-05-08,"Prince William",19-Oct,134,3,0
2020-05-08,"Prince William",20-29,472,22,0
2020-05-08,"Prince William",30-39,575,34,1
2020-05-08,"Prince William",40-49,647,61,2
2020-05-08,"Prince William",50-59,545,68,4
2020-05-08,"Prince William",60-69,293,56,10
2020-05-08,"Prince William",70-79,108,35,14
2020-05-08,"Prince William",80+,77,26,19
2020-05-08,"Prince William",Missing,21,0,0
2020-05-08,Rappahannock,0-9,13,1,0
2020-05-08,Rappahannock,19-Oct,38,0,0
2020-05-08,Rappahannock,20-29,127,7,0
2020-05-08,Rappahannock,30-39,148,8,0
2020-05-08,Rappahannock,40-49,142,20,1
2020-05-08,Rappahannock,50-59,122,22,1
2020-05-08,Rappahannock,60-69,82,30,3
2020-05-08,Rappahannock,70-79,20,14,4
2020-05-08,Rappahannock,80+,12,9,2
2020-05-08,Rappahannock,Missing,3,0,0
2020-05-08,"Rappahannock Rapidan",0-9,12,1,0
2020-05-08,"Rappahannock Rapidan",19-Oct,31,0,0
2020-05-08,"Rappahannock Rapidan",20-29,83,1,0
2020-05-08,"Rappahannock Rapidan",30-39,100,7,0
2020-05-08,"Rappahannock Rapidan",40-49,101,4,1
2020-05-08,"Rappahannock Rapidan",50-59,64,8,0
2020-05-08,"Rappahannock Rapidan",60-69,41,8,1
2020-05-08,"Rappahannock Rapidan",70-79,16,2,3
2020-05-08,"Rappahannock Rapidan",80+,12,7,4
2020-05-08,"Rappahannock Rapidan",Missing,1,0,0
2020-05-08,Richmond,0-9,9,2,0
2020-05-08,Richmond,19-Oct,10,1,0
2020-05-08,Richmond,20-29,83,5,0
2020-05-08,Richmond,30-39,79,5,0
2020-05-08,Richmond,40-49,94,7,0
2020-05-08,Richmond,50-59,86,16,0
2020-05-08,Richmond,60-69,79,25,5
2020-05-08,Richmond,70-79,32,16,6
2020-05-08,Richmond,80+,22,8,7
2020-05-08,Richmond,Missing,0,0,0
2020-05-08,Roanoke,0-9,0,0,0
2020-05-08,Roanoke,19-Oct,0,0,0
2020-05-08,Roanoke,20-29,9,0,0
2020-05-08,Roanoke,30-39,11,0,0
2020-05-08,Roanoke,40-49,11,0,0
2020-05-08,Roanoke,50-59,11,1,0
2020-05-08,Roanoke,60-69,8,1,0
2020-05-08,Roanoke,70-79,6,1,0
2020-05-08,Roanoke,80+,35,3,1
2020-05-08,Roanoke,Missing,0,0,0
2020-05-08,Southside,0-9,1,0,0
2020-05-08,Southside,19-Oct,3,0,0
2020-05-08,Southside,20-29,17,2,0
2020-05-08,Southside,30-39,12,0,0
2020-05-08,Southside,40-49,13,3,0
2020-05-08,Southside,50-59,21,3,0
2020-05-08,Southside,60-69,22,7,1
2020-05-08,Southside,70-79,22,8,4
2020-05-08,Southside,80+,37,4,5
2020-05-08,Southside,Missing,0,0,0
2020-05-08,"Thomas Jefferson",0-9,5,1,0
2020-05-08,"Thomas Jefferson",19-Oct,6,0,0
2020-05-08,"Thomas Jefferson",20-29,41,0,0
2020-05-08,"Thomas Jefferson",30-39,50,2,0
2020-05-08,"Thomas Jefferson",40-49,36,4,0
2020-05-08,"Thomas Jefferson",50-59,53,9,1
2020-05-08,"Thomas Jefferson",60-69,45,12,2
2020-05-08,"Thomas Jefferson",70-79,44,14,1
2020-05-08,"Thomas Jefferson",80+,57,19,9
2020-05-08,"Thomas Jefferson",Missing,0,0,0
2020-05-08,"Three Rivers",0-9,2,0,0
2020-05-08,"Three Rivers",19-Oct,7,0,0
2020-05-08,"Three Rivers",20-29,40,1,0
2020-05-08,"Three Rivers",30-39,61,2,0
2020-05-08,"Three Rivers",40-49,74,6,1
2020-05-08,"Three Rivers",50-59,39,3,0
2020-05-08,"Three Rivers",60-69,49,7,0
2020-05-08,"Three Rivers",70-79,19,4,2
2020-05-08,"Three Rivers",80+,20,5,3
2020-05-08,"Three Rivers",Missing,0,0,0
2020-05-08,"Virginia Beach",0-9,2,0,0
2020-05-08,"Virginia Beach",19-Oct,11,0,0
2020-05-08,"Virginia Beach",20-29,51,1,0
2020-05-08,"Virginia Beach",30-39,70,6,0
2020-05-08,"Virginia Beach",40-49,72,12,1
2020-05-08,"Virginia Beach",50-59,75,12,0
2020-05-08,"Virginia Beach",60-69,75,13,1
2020-05-08,"Virginia Beach",70-79,48,22,4
2020-05-08,"Virginia Beach",80+,59,18,11
2020-05-08,"Virginia Beach",Missing,6,0,0
2020-05-08,"West Piedmont",0-9,0,0,0
2020-05-08,"West Piedmont",19-Oct,2,0,0
2020-05-08,"West Piedmont",20-29,5,0,0
2020-05-08,"West Piedmont",30-39,1,0,0
2020-05-08,"West Piedmont",40-49,9,0,0
2020-05-08,"West Piedmont",50-59,11,1,0
2020-05-08,"West Piedmont",60-69,14,1,0
2020-05-08,"West Piedmont",70-79,7,4,1
2020-05-08,"West Piedmont",80+,3,1,0
2020-05-08,"West Piedmont",Missing,0,0,0
2020-05-08,"Western Tidewater",0-9,3,0,0
2020-05-08,"Western Tidewater",19-Oct,1,0,0
2020-05-08,"Western Tidewater",20-29,28,0,0
2020-05-08,"Western Tidewater",30-39,36,1,0
2020-05-08,"Western Tidewater",40-49,60,3,0
2020-05-08,"Western Tidewater",50-59,77,5,0
2020-05-08,"Western Tidewater",60-69,86,10,4
2020-05-08,"Western Tidewater",70-79,62,16,9
2020-05-08,"Western Tidewater",80+,113,19,11
2020-05-08,"Western Tidewater",Missing,0,0,0
2020-05-09,Alexandria,0-9,45,2,0
2020-05-09,Alexandria,19-Oct,65,1,0
2020-05-09,Alexandria,20-29,160,4,1
2020-05-09,Alexandria,30-39,279,17,0
2020-05-09,Alexandria,40-49,231,20,0
2020-05-09,Alexandria,50-59,149,27,7
2020-05-09,Alexandria,60-69,98,21,1
2020-05-09,Alexandria,70-79,67,28,8
2020-05-09,Alexandria,80+,47,19,13
2020-05-09,Alexandria,Missing,1,0,0
2020-05-09,Alleghany,0-9,0,0,0
2020-05-09,Alleghany,19-Oct,2,0,0
2020-05-09,Alleghany,20-29,17,1,0
2020-05-09,Alleghany,30-39,11,1,0
2020-05-09,Alleghany,40-49,16,0,0
2020-05-09,Alleghany,50-59,33,4,0
2020-05-09,Alleghany,60-69,21,5,0
2020-05-09,Alleghany,70-79,15,3,1
2020-05-09,Alleghany,80+,18,5,2
2020-05-09,Alleghany,Missing,0,0,0
2020-05-09,Arlington,0-9,11,2,0
2020-05-09,Arlington,19-Oct,31,4,0
2020-05-09,Arlington,20-29,182,15,0
2020-05-09,Arlington,30-39,239,28,0
2020-05-09,Arlington,40-49,204,32,2
2020-05-09,Arlington,50-59,226,41,3
2020-05-09,Arlington,60-69,185,44,9
2020-05-09,Arlington,70-79,124,49,16
2020-05-09,Arlington,80+,129,45,30
2020-05-09,Arlington,Missing,1,0,0
2020-05-09,"Central Shenandoah",0-9,17,0,0
2020-05-09,"Central Shenandoah",19-Oct,41,1,0
2020-05-09,"Central Shenandoah",20-29,175,1,0
2020-05-09,"Central Shenandoah",30-39,160,4,0
2020-05-09,"Central Shenandoah",40-49,180,2,0
2020-05-09,"Central Shenandoah",50-59,201,15,1
2020-05-09,"Central Shenandoah",60-69,138,16,4
2020-05-09,"Central Shenandoah",70-79,63,12,8
2020-05-09,"Central Shenandoah",80+,65,9,10
2020-05-09,"Central Shenandoah",Missing,0,0,0
2020-05-09,"Central Virginia",0-9,3,0,0
2020-05-09,"Central Virginia",19-Oct,10,1,0
2020-05-09,"Central Virginia",20-29,24,1,0
2020-05-09,"Central Virginia",30-39,26,1,0
2020-05-09,"Central Virginia",40-49,20,0,0
2020-05-09,"Central Virginia",50-59,27,1,1
2020-05-09,"Central Virginia",60-69,28,3,1
2020-05-09,"Central Virginia",70-79,13,4,0
2020-05-09,"Central Virginia",80+,5,2,0
2020-05-09,"Central Virginia",Missing,0,0,0
2020-05-09,Chesapeake,0-9,5,1,0
2020-05-09,Chesapeake,19-Oct,7,0,0
2020-05-09,Chesapeake,20-29,32,3,0
2020-05-09,Chesapeake,30-39,55,3,0
2020-05-09,Chesapeake,40-49,53,8,0
2020-05-09,Chesapeake,50-59,66,14,1
2020-05-09,Chesapeake,60-69,48,14,3
2020-05-09,Chesapeake,70-79,29,15,0
2020-05-09,Chesapeake,80+,30,10,5
2020-05-09,Chesapeake,Missing,0,0,0
2020-05-09,Chesterfield,0-9,5,0,0
2020-05-09,Chesterfield,19-Oct,52,0,0
2020-05-09,Chesterfield,20-29,96,3,0
2020-05-09,Chesterfield,30-39,156,1,0
2020-05-09,Chesterfield,40-49,157,6,2
2020-05-09,Chesterfield,50-59,132,16,1
2020-05-09,Chesterfield,60-69,96,17,8
2020-05-09,Chesterfield,70-79,63,12,5
2020-05-09,Chesterfield,80+,89,11,16
2020-05-09,Chesterfield,Missing,2,0,0
2020-05-09,Chickahominy,0-9,1,0,0
2020-05-09,Chickahominy,19-Oct,5,0,0
2020-05-09,Chickahominy,20-29,33,0,0
2020-05-09,Chickahominy,30-39,37,0,0
2020-05-09,Chickahominy,40-49,47,7,1
2020-05-09,Chickahominy,50-59,61,12,0
2020-05-09,Chickahominy,60-69,39,13,3
2020-05-09,Chickahominy,70-79,26,11,3
2020-05-09,Chickahominy,80+,41,22,16
2020-05-09,Chickahominy,Missing,1,0,0
2020-05-09,Crater,0-9,0,0,0
2020-05-09,Crater,19-Oct,9,0,0
2020-05-09,Crater,20-29,36,4,0
2020-05-09,Crater,30-39,37,1,0
2020-05-09,Crater,40-49,39,9,1
2020-05-09,Crater,50-59,48,13,1
2020-05-09,Crater,60-69,50,20,8
2020-05-09,Crater,70-79,31,11,4
2020-05-09,Crater,80+,19,5,0
2020-05-09,Crater,Missing,0,0,0
2020-05-09,"Cumberland Plateau",0-9,0,0,0
2020-05-09,"Cumberland Plateau",19-Oct,11,0,0
2020-05-09,"Cumberland Plateau",20-29,1,0,0
2020-05-09,"Cumberland Plateau",30-39,5,0,0
2020-05-09,"Cumberland Plateau",40-49,4,0,0
2020-05-09,"Cumberland Plateau",50-59,3,1,0
2020-05-09,"Cumberland Plateau",60-69,2,1,0
2020-05-09,"Cumberland Plateau",70-79,2,0,0
2020-05-09,"Cumberland Plateau",80+,0,0,0
2020-05-09,"Cumberland Plateau",Missing,0,0,0
2020-05-09,"Eastern Shore",0-9,8,0,0
2020-05-09,"Eastern Shore",19-Oct,20,0,0
2020-05-09,"Eastern Shore",20-29,79,1,0
2020-05-09,"Eastern Shore",30-39,119,2,0
2020-05-09,"Eastern Shore",40-49,124,3,1
2020-05-09,"Eastern Shore",50-59,151,5,3
2020-05-09,"Eastern Shore",60-69,95,7,3
2020-05-09,"Eastern Shore",70-79,28,5,1
2020-05-09,"Eastern Shore",80+,31,9,4
2020-05-09,"Eastern Shore",Missing,0,0,0
2020-05-09,Fairfax,0-9,88,4,0
2020-05-09,Fairfax,19-Oct,188,6,0
2020-05-09,Fairfax,20-29,780,40,1
2020-05-09,Fairfax,30-39,1055,86,3
2020-05-09,Fairfax,40-49,1105,134,4
2020-05-09,Fairfax,50-59,989,158,15
2020-05-09,Fairfax,60-69,675,184,26
2020-05-09,Fairfax,70-79,335,125,41
2020-05-09,Fairfax,80+,448,179,147
2020-05-09,Fairfax,Missing,23,1,0
2020-05-09,Hampton,0-9,4,0,0
2020-05-09,Hampton,19-Oct,5,0,0
2020-05-09,Hampton,20-29,27,1,0
2020-05-09,Hampton,30-39,25,2,0
2020-05-09,Hampton,40-49,15,2,0
2020-05-09,Hampton,50-59,30,8,1
2020-05-09,Hampton,60-69,20,8,1
2020-05-09,Hampton,70-79,9,6,0
2020-05-09,Hampton,80+,3,2,1
2020-05-09,Hampton,Missing,0,0,0
2020-05-09,Henrico,0-9,23,0,0
2020-05-09,Henrico,19-Oct,16,0,0
2020-05-09,Henrico,20-29,92,6,0
2020-05-09,Henrico,30-39,110,3,0
2020-05-09,Henrico,40-49,141,13,0
2020-05-09,Henrico,50-59,145,19,5
2020-05-09,Henrico,60-69,145,23,17
2020-05-09,Henrico,70-79,149,35,30
2020-05-09,Henrico,80+,226,51,57
2020-05-09,Henrico,Missing,7,0,0
2020-05-09,Lenowisco,0-9,4,0,0
2020-05-09,Lenowisco,19-Oct,2,0,0
2020-05-09,Lenowisco,20-29,6,0,0
2020-05-09,Lenowisco,30-39,3,1,1
2020-05-09,Lenowisco,40-49,4,1,0
2020-05-09,Lenowisco,50-59,13,5,0
2020-05-09,Lenowisco,60-69,5,4,2
2020-05-09,Lenowisco,70-79,4,3,0
2020-05-09,Lenowisco,80+,0,0,0
2020-05-09,Lenowisco,Missing,0,0,0
2020-05-09,"Lord Fairfax",0-9,14,0,0
2020-05-09,"Lord Fairfax",19-Oct,30,0,0
2020-05-09,"Lord Fairfax",20-29,109,0,0
2020-05-09,"Lord Fairfax",30-39,99,6,0
2020-05-09,"Lord Fairfax",40-49,101,4,0
2020-05-09,"Lord Fairfax",50-59,138,7,1
2020-05-09,"Lord Fairfax",60-69,101,20,5
2020-05-09,"Lord Fairfax",70-79,49,12,5
2020-05-09,"Lord Fairfax",80+,52,13,10
2020-05-09,"Lord Fairfax",Missing,1,0,0
2020-05-09,Loudoun,0-9,26,0,0
2020-05-09,Loudoun,19-Oct,40,0,0
2020-05-09,Loudoun,20-29,160,2,0
2020-05-09,Loudoun,30-39,164,8,0
2020-05-09,Loudoun,40-49,248,14,0
2020-05-09,Loudoun,50-59,216,19,1
2020-05-09,Loudoun,60-69,103,18,1
2020-05-09,Loudoun,70-79,66,22,6
2020-05-09,Loudoun,80+,103,26,22
2020-05-09,Loudoun,Missing,1,0,0
2020-05-09,"Mount Rogers",0-9,6,1,0
2020-05-09,"Mount Rogers",19-Oct,6,0,0
2020-05-09,"Mount Rogers",20-29,24,0,0
2020-05-09,"Mount Rogers",30-39,26,3,0
2020-05-09,"Mount Rogers",40-49,22,0,0
2020-05-09,"Mount Rogers",50-59,23,1,0
2020-05-09,"Mount Rogers",60-69,15,1,0
2020-05-09,"Mount Rogers",70-79,11,6,1
2020-05-09,"Mount Rogers",80+,4,4,3
2020-05-09,"Mount Rogers",Missing,0,0,0
2020-05-09,"New River",0-9,2,0,0
2020-05-09,"New River",19-Oct,3,0,0
2020-05-09,"New River",20-29,20,0,0
2020-05-09,"New River",30-39,4,0,0
2020-05-09,"New River",40-49,13,1,0
2020-05-09,"New River",50-59,17,2,0
2020-05-09,"New River",60-69,15,2,0
2020-05-09,"New River",70-79,9,5,1
2020-05-09,"New River",80+,4,2,0
2020-05-09,"New River",Missing,0,0,0
2020-05-09,Norfolk,0-9,4,0,0
2020-05-09,Norfolk,19-Oct,10,0,0
2020-05-09,Norfolk,20-29,56,0,0
2020-05-09,Norfolk,30-39,58,5,0
2020-05-09,Norfolk,40-49,55,8,0
2020-05-09,Norfolk,50-59,50,7,0
2020-05-09,Norfolk,60-69,31,13,1
2020-05-09,Norfolk,70-79,15,11,1
2020-05-09,Norfolk,80+,8,6,3
2020-05-09,Norfolk,Missing,3,0,0
2020-05-09,Peninsula,0-9,9,0,0
2020-05-09,Peninsula,19-Oct,8,1,0
2020-05-09,Peninsula,20-29,37,1,0
2020-05-09,Peninsula,30-39,46,5,1
2020-05-09,Peninsula,40-49,50,3,1
2020-05-09,Peninsula,50-59,75,15,2
2020-05-09,Peninsula,60-69,86,24,3
2020-05-09,Peninsula,70-79,69,35,10
2020-05-09,Peninsula,80+,33,22,12
2020-05-09,Peninsula,Missing,1,0,0
2020-05-09,Piedmont,0-9,1,0,0
2020-05-09,Piedmont,19-Oct,3,0,0
2020-05-09,Piedmont,20-29,58,0,0
2020-05-09,Piedmont,30-39,74,0,0
2020-05-09,Piedmont,40-49,72,3,0
2020-05-09,Piedmont,50-59,72,6,0
2020-05-09,Piedmont,60-69,57,7,1
2020-05-09,Piedmont,70-79,25,11,2
2020-05-09,Piedmont,80+,12,2,1
2020-05-09,Piedmont,Missing,0,0,0
2020-05-09,Pittsylvania-Danville,0-9,1,0,0
2020-05-09,Pittsylvania-Danville,19-Oct,1,0,0
2020-05-09,Pittsylvania-Danville,20-29,7,0,0
2020-05-09,Pittsylvania-Danville,30-39,6,0,0
2020-05-09,Pittsylvania-Danville,40-49,9,4,0
2020-05-09,Pittsylvania-Danville,50-59,12,5,0
2020-05-09,Pittsylvania-Danville,60-69,8,4,1
2020-05-09,Pittsylvania-Danville,70-79,9,6,0
2020-05-09,Pittsylvania-Danville,80+,3,2,1
2020-05-09,Pittsylvania-Danville,Missing,0,0,0
2020-05-09,Portsmouth,0-9,1,1,0
2020-05-09,Portsmouth,19-Oct,1,0,0
2020-05-09,Portsmouth,20-29,25,2,0
2020-05-09,Portsmouth,30-39,53,3,0
2020-05-09,Portsmouth,40-49,32,3,0
2020-05-09,Portsmouth,50-59,37,12,1
2020-05-09,Portsmouth,60-69,26,8,4
2020-05-09,Portsmouth,70-79,14,5,2
2020-05-09,Portsmouth,80+,13,4,1
2020-05-09,Portsmouth,Missing,0,0,0
2020-05-09,"Prince William",0-9,73,2,0
2020-05-09,"Prince William",19-Oct,138,3,0
2020-05-09,"Prince William",20-29,486,23,0
2020-05-09,"Prince William",30-39,598,34,1
2020-05-09,"Prince William",40-49,665,62,2
2020-05-09,"Prince William",50-59,553,68,4
2020-05-09,"Prince William",60-69,299,57,10
2020-05-09,"Prince William",70-79,111,35,14
2020-05-09,"Prince William",80+,78,27,20
2020-05-09,"Prince William",Missing,21,0,0
2020-05-09,Rappahannock,0-9,13,1,0
2020-05-09,Rappahannock,19-Oct,38,0,0
2020-05-09,Rappahannock,20-29,132,7,0
2020-05-09,Rappahannock,30-39,150,9,0
2020-05-09,Rappahannock,40-49,147,21,1
2020-05-09,Rappahannock,50-59,126,22,1
2020-05-09,Rappahannock,60-69,84,31,4
2020-05-09,Rappahannock,70-79,20,14,4
2020-05-09,Rappahannock,80+,13,9,2
2020-05-09,Rappahannock,Missing,4,0,0
2020-05-09,"Rappahannock Rapidan",0-9,13,1,0
2020-05-09,"Rappahannock Rapidan",19-Oct,34,0,0
2020-05-09,"Rappahannock Rapidan",20-29,87,1,0
2020-05-09,"Rappahannock Rapidan",30-39,107,7,1
2020-05-09,"Rappahannock Rapidan",40-49,112,4,1
2020-05-09,"Rappahannock Rapidan",50-59,67,8,0
2020-05-09,"Rappahannock Rapidan",60-69,42,8,1
2020-05-09,"Rappahannock Rapidan",70-79,16,2,3
2020-05-09,"Rappahannock Rapidan",80+,13,7,4
2020-05-09,"Rappahannock Rapidan",Missing,1,0,0
2020-05-09,Richmond,0-9,10,2,0
2020-05-09,Richmond,19-Oct,12,1,0
2020-05-09,Richmond,20-29,84,5,0
2020-05-09,Richmond,30-39,85,6,0
2020-05-09,Richmond,40-49,99,8,0
2020-05-09,Richmond,50-59,87,16,0
2020-05-09,Richmond,60-69,81,25,5
2020-05-09,Richmond,70-79,32,17,6
2020-05-09,Richmond,80+,22,9,7
2020-05-09,Richmond,Missing,0,0,0
2020-05-09,Roanoke,0-9,0,0,0
2020-05-09,Roanoke,19-Oct,0,0,0
2020-05-09,Roanoke,20-29,9,0,0
2020-05-09,Roanoke,30-39,12,0,0
2020-05-09,Roanoke,40-49,11,0,0
2020-05-09,Roanoke,50-59,12,1,0
2020-05-09,Roanoke,60-69,8,1,0
2020-05-09,Roanoke,70-79,6,1,0
2020-05-09,Roanoke,80+,35,3,1
2020-05-09,Roanoke,Missing,0,0,0
2020-05-09,Southside,0-9,1,0,0
2020-05-09,Southside,19-Oct,3,0,0
2020-05-09,Southside,20-29,18,2,0
2020-05-09,Southside,30-39,15,0,0
2020-05-09,Southside,40-49,13,3,0
2020-05-09,Southside,50-59,23,4,0
2020-05-09,Southside,60-69,22,7,1
2020-05-09,Southside,70-79,24,8,4
2020-05-09,Southside,80+,38,4,5
2020-05-09,Southside,Missing,0,0,0
2020-05-09,"Thomas Jefferson",0-9,5,1,0
2020-05-09,"Thomas Jefferson",19-Oct,6,0,0
2020-05-09,"Thomas Jefferson",20-29,43,0,0
2020-05-09,"Thomas Jefferson",30-39,51,2,0
2020-05-09,"Thomas Jefferson",40-49,38,5,0
2020-05-09,"Thomas Jefferson",50-59,54,9,1
2020-05-09,"Thomas Jefferson",60-69,45,12,2
2020-05-09,"Thomas Jefferson",70-79,44,14,1
2020-05-09,"Thomas Jefferson",80+,57,19,9
2020-05-09,"Thomas Jefferson",Missing,0,0,0
2020-05-09,"Three Rivers",0-9,2,0,0
2020-05-09,"Three Rivers",19-Oct,7,0,0
2020-05-09,"Three Rivers",20-29,43,1,0
2020-05-09,"Three Rivers",30-39,64,2,0
2020-05-09,"Three Rivers",40-49,74,6,1
2020-05-09,"Three Rivers",50-59,39,3,0
2020-05-09,"Three Rivers",60-69,51,7,0
2020-05-09,"Three Rivers",70-79,19,4,2
2020-05-09,"Three Rivers",80+,20,5,3
2020-05-09,"Three Rivers",Missing,1,0,0
2020-05-09,"Virginia Beach",0-9,2,0,0
2020-05-09,"Virginia Beach",19-Oct,11,0,0
2020-05-09,"Virginia Beach",20-29,54,1,0
2020-05-09,"Virginia Beach",30-39,70,6,0
2020-05-09,"Virginia Beach",40-49,72,13,1
2020-05-09,"Virginia Beach",50-59,76,12,0
2020-05-09,"Virginia Beach",60-69,78,13,1
2020-05-09,"Virginia Beach",70-79,48,22,4
2020-05-09,"Virginia Beach",80+,61,18,11
2020-05-09,"Virginia Beach",Missing,6,0,0
2020-05-09,"West Piedmont",0-9,0,0,0
2020-05-09,"West Piedmont",19-Oct,2,0,0
2020-05-09,"West Piedmont",20-29,5,0,0
2020-05-09,"West Piedmont",30-39,1,0,0
2020-05-09,"West Piedmont",40-49,9,0,0
2020-05-09,"West Piedmont",50-59,12,1,0
2020-05-09,"West Piedmont",60-69,14,1,0
2020-05-09,"West Piedmont",70-79,8,5,1
2020-05-09,"West Piedmont",80+,3,1,0
2020-05-09,"West Piedmont",Missing,0,0,0
2020-05-09,"Western Tidewater",0-9,3,0,0
2020-05-09,"Western Tidewater",19-Oct,3,0,0
2020-05-09,"Western Tidewater",20-29,30,0,0
2020-05-09,"Western Tidewater",30-39,36,1,0
2020-05-09,"Western Tidewater",40-49,62,3,0
2020-05-09,"Western Tidewater",50-59,81,5,0
2020-05-09,"Western Tidewater",60-69,87,10,4
2020-05-09,"Western Tidewater",70-79,64,17,9
2020-05-09,"Western Tidewater",80+,113,19,11
2020-05-09,"Western Tidewater",Missing,0,0,0
2020-05-10,Alexandria,0-9,47,2,0
2020-05-10,Alexandria,19-Oct,74,1,0
2020-05-10,Alexandria,20-29,171,4,1
2020-05-10,Alexandria,30-39,289,17,0
2020-05-10,Alexandria,40-49,238,20,0
2020-05-10,Alexandria,50-59,151,27,7
2020-05-10,Alexandria,60-69,103,21,1
2020-05-10,Alexandria,70-79,70,28,8
2020-05-10,Alexandria,80+,49,19,13
2020-05-10,Alexandria,Missing,1,0,0
2020-05-10,Alleghany,0-9,0,0,0
2020-05-10,Alleghany,19-Oct,2,0,0
2020-05-10,Alleghany,20-29,17,1,0
2020-05-10,Alleghany,30-39,11,1,0
2020-05-10,Alleghany,40-49,16,0,0
2020-05-10,Alleghany,50-59,33,4,0
2020-05-10,Alleghany,60-69,21,5,0
2020-05-10,Alleghany,70-79,15,3,1
2020-05-10,Alleghany,80+,18,5,2
2020-05-10,Alleghany,Missing,0,0,0
2020-05-10,Arlington,0-9,12,2,0
2020-05-10,Arlington,19-Oct,32,4,0
2020-05-10,Arlington,20-29,190,15,0
2020-05-10,Arlington,30-39,245,28,0
2020-05-10,Arlington,40-49,213,32,2
2020-05-10,Arlington,50-59,229,41,3
2020-05-10,Arlington,60-69,187,44,9
2020-05-10,Arlington,70-79,127,49,16
2020-05-10,Arlington,80+,132,45,31
2020-05-10,Arlington,Missing,1,0,0
2020-05-10,"Central Shenandoah",0-9,18,0,0
2020-05-10,"Central Shenandoah",19-Oct,41,1,0
2020-05-10,"Central Shenandoah",20-29,177,1,0
2020-05-10,"Central Shenandoah",30-39,161,4,0
2020-05-10,"Central Shenandoah",40-49,180,2,0
2020-05-10,"Central Shenandoah",50-59,202,15,1
2020-05-10,"Central Shenandoah",60-69,139,16,4
2020-05-10,"Central Shenandoah",70-79,63,12,9
2020-05-10,"Central Shenandoah",80+,65,9,10
2020-05-10,"Central Shenandoah",Missing,0,0,0
2020-05-10,"Central Virginia",0-9,3,0,0
2020-05-10,"Central Virginia",19-Oct,10,1,0
2020-05-10,"Central Virginia",20-29,24,1,0
2020-05-10,"Central Virginia",30-39,26,1,0
2020-05-10,"Central Virginia",40-49,20,0,0
2020-05-10,"Central Virginia",50-59,27,1,1
2020-05-10,"Central Virginia",60-69,28,3,1
2020-05-10,"Central Virginia",70-79,13,4,0
2020-05-10,"Central Virginia",80+,5,2,0
2020-05-10,"Central Virginia",Missing,0,0,0
2020-05-10,Chesapeake,0-9,5,1,0
2020-05-10,Chesapeake,19-Oct,7,0,0
2020-05-10,Chesapeake,20-29,33,3,0
2020-05-10,Chesapeake,30-39,55,3,0
2020-05-10,Chesapeake,40-49,53,8,0
2020-05-10,Chesapeake,50-59,66,14,1
2020-05-10,Chesapeake,60-69,50,14,3
2020-05-10,Chesapeake,70-79,29,15,0
2020-05-10,Chesapeake,80+,30,10,5
2020-05-10,Chesapeake,Missing,0,0,0
2020-05-10,Chesterfield,0-9,6,0,0
2020-05-10,Chesterfield,19-Oct,54,0,0
2020-05-10,Chesterfield,20-29,101,3,0
2020-05-10,Chesterfield,30-39,161,1,0
2020-05-10,Chesterfield,40-49,161,6,2
2020-05-10,Chesterfield,50-59,133,16,1
2020-05-10,Chesterfield,60-69,100,17,8
2020-05-10,Chesterfield,70-79,63,12,5
2020-05-10,Chesterfield,80+,90,11,16
2020-05-10,Chesterfield,Missing,2,0,0
2020-05-10,Chickahominy,0-9,1,0,0
2020-05-10,Chickahominy,19-Oct,6,0,0
2020-05-10,Chickahominy,20-29,33,0,0
2020-05-10,Chickahominy,30-39,38,0,0
2020-05-10,Chickahominy,40-49,47,7,1
2020-05-10,Chickahominy,50-59,61,12,0
2020-05-10,Chickahominy,60-69,39,13,3
2020-05-10,Chickahominy,70-79,28,11,3
2020-05-10,Chickahominy,80+,44,22,16
2020-05-10,Chickahominy,Missing,1,0,0
2020-05-10,Crater,0-9,2,1,0
2020-05-10,Crater,19-Oct,11,0,0
2020-05-10,Crater,20-29,38,5,0
2020-05-10,Crater,30-39,39,1,0
2020-05-10,Crater,40-49,41,9,1
2020-05-10,Crater,50-59,49,13,1
2020-05-10,Crater,60-69,52,20,8
2020-05-10,Crater,70-79,34,12,4
2020-05-10,Crater,80+,19,5,0
2020-05-10,Crater,Missing,0,0,0
2020-05-10,"Cumberland Plateau",0-9,0,0,0
2020-05-10,"Cumberland Plateau",19-Oct,11,0,0
2020-05-10,"Cumberland Plateau",20-29,1,0,0
2020-05-10,"Cumberland Plateau",30-39,5,0,0
2020-05-10,"Cumberland Plateau",40-49,4,0,0
2020-05-10,"Cumberland Plateau",50-59,4,1,0
2020-05-10,"Cumberland Plateau",60-69,2,1,0
2020-05-10,"Cumberland Plateau",70-79,2,0,0
2020-05-10,"Cumberland Plateau",80+,0,0,0
2020-05-10,"Cumberland Plateau",Missing,0,0,0
2020-05-10,"Eastern Shore",0-9,9,0,0
2020-05-10,"Eastern Shore",19-Oct,21,0,0
2020-05-10,"Eastern Shore",20-29,81,1,0
2020-05-10,"Eastern Shore",30-39,121,2,0
2020-05-10,"Eastern Shore",40-49,127,3,1
2020-05-10,"Eastern Shore",50-59,153,5,3
2020-05-10,"Eastern Shore",60-69,98,7,3
2020-05-10,"Eastern Shore",70-79,30,5,1
2020-05-10,"Eastern Shore",80+,31,9,4
2020-05-10,"Eastern Shore",Missing,0,0,0
2020-05-10,Fairfax,0-9,101,4,0
2020-05-10,Fairfax,19-Oct,204,6,0
2020-05-10,Fairfax,20-29,820,41,1
2020-05-10,Fairfax,30-39,1115,90,3
2020-05-10,Fairfax,40-49,1167,140,4
2020-05-10,Fairfax,50-59,1025,159,15
2020-05-10,Fairfax,60-69,699,190,29
2020-05-10,Fairfax,70-79,349,128,41
2020-05-10,Fairfax,80+,465,179,153
2020-05-10,Fairfax,Missing,23,1,0
2020-05-10,Hampton,0-9,5,0,0
2020-05-10,Hampton,19-Oct,6,0,0
2020-05-10,Hampton,20-29,27,1,0
2020-05-10,Hampton,30-39,26,2,0
2020-05-10,Hampton,40-49,16,2,0
2020-05-10,Hampton,50-59,30,8,1
2020-05-10,Hampton,60-69,20,8,1
2020-05-10,Hampton,70-79,11,6,0
2020-05-10,Hampton,80+,3,2,1
2020-05-10,Hampton,Missing,0,0,0
2020-05-10,Henrico,0-9,23,0,0
2020-05-10,Henrico,19-Oct,16,1,0
2020-05-10,Henrico,20-29,92,6,0
2020-05-10,Henrico,30-39,115,3,0
2020-05-10,Henrico,40-49,143,13,0
2020-05-10,Henrico,50-59,150,19,5
2020-05-10,Henrico,60-69,146,24,17
2020-05-10,Henrico,70-79,149,35,30
2020-05-10,Henrico,80+,226,51,57
2020-05-10,Henrico,Missing,7,0,0
2020-05-10,Lenowisco,0-9,4,0,0
2020-05-10,Lenowisco,19-Oct,2,0,0
2020-05-10,Lenowisco,20-29,6,0,0
2020-05-10,Lenowisco,30-39,3,1,1
2020-05-10,Lenowisco,40-49,4,1,0
2020-05-10,Lenowisco,50-59,13,5,0
2020-05-10,Lenowisco,60-69,5,4,2
2020-05-10,Lenowisco,70-79,4,3,0
2020-05-10,Lenowisco,80+,0,0,0
2020-05-10,Lenowisco,Missing,0,0,0
2020-05-10,"Lord Fairfax",0-9,14,0,0
2020-05-10,"Lord Fairfax",19-Oct,30,0,0
2020-05-10,"Lord Fairfax",20-29,110,0,0
2020-05-10,"Lord Fairfax",30-39,102,6,0
2020-05-10,"Lord Fairfax",40-49,102,4,0
2020-05-10,"Lord Fairfax",50-59,140,7,1
2020-05-10,"Lord Fairfax",60-69,102,20,5
2020-05-10,"Lord Fairfax",70-79,51,12,5
2020-05-10,"Lord Fairfax",80+,52,13,10
2020-05-10,"Lord Fairfax",Missing,1,0,0
2020-05-10,Loudoun,0-9,26,0,0
2020-05-10,Loudoun,19-Oct,45,0,0
2020-05-10,Loudoun,20-29,163,2,0
2020-05-10,Loudoun,30-39,171,10,0
2020-05-10,Loudoun,40-49,257,14,0
2020-05-10,Loudoun,50-59,222,19,1
2020-05-10,Loudoun,60-69,105,18,1
2020-05-10,Loudoun,70-79,66,25,6
2020-05-10,Loudoun,80+,103,27,22
2020-05-10,Loudoun,Missing,1,0,0
2020-05-10,"Mount Rogers",0-9,8,1,0
2020-05-10,"Mount Rogers",19-Oct,9,0,0
2020-05-10,"Mount Rogers",20-29,27,0,0
2020-05-10,"Mount Rogers",30-39,33,3,0
2020-05-10,"Mount Rogers",40-49,29,0,0
2020-05-10,"Mount Rogers",50-59,26,2,0
2020-05-10,"Mount Rogers",60-69,19,1,0
2020-05-10,"Mount Rogers",70-79,13,6,1
2020-05-10,"Mount Rogers",80+,4,4,3
2020-05-10,"Mount Rogers",Missing,0,0,0
2020-05-10,"New River",0-9,2,0,0
2020-05-10,"New River",19-Oct,3,0,0
2020-05-10,"New River",20-29,21,0,0
2020-05-10,"New River",30-39,4,0,0
2020-05-10,"New River",40-49,13,1,0
2020-05-10,"New River",50-59,17,2,0
2020-05-10,"New River",60-69,15,2,0
2020-05-10,"New River",70-79,9,5,1
2020-05-10,"New River",80+,4,2,0
2020-05-10,"New River",Missing,0,0,0
2020-05-10,Norfolk,0-9,4,0,0
2020-05-10,Norfolk,19-Oct,11,0,0
2020-05-10,Norfolk,20-29,59,0,0
2020-05-10,Norfolk,30-39,64,5,0
2020-05-10,Norfolk,40-49,56,8,0
2020-05-10,Norfolk,50-59,53,7,0
2020-05-10,Norfolk,60-69,31,13,1
2020-05-10,Norfolk,70-79,15,11,1
2020-05-10,Norfolk,80+,8,6,3
2020-05-10,Norfolk,Missing,3,0,0
2020-05-10,Peninsula,0-9,10,0,0
2020-05-10,Peninsula,19-Oct,8,1,0
2020-05-10,Peninsula,20-29,38,1,0
2020-05-10,Peninsula,30-39,50,5,1
2020-05-10,Peninsula,40-49,52,3,1
2020-05-10,Peninsula,50-59,79,15,2
2020-05-10,Peninsula,60-69,91,24,3
2020-05-10,Peninsula,70-79,71,35,10
2020-05-10,Peninsula,80+,33,22,12
2020-05-10,Peninsula,Missing,2,0,0
2020-05-10,Piedmont,0-9,1,0,0
2020-05-10,Piedmont,19-Oct,3,0,0
2020-05-10,Piedmont,20-29,58,0,0
2020-05-10,Piedmont,30-39,74,0,0
2020-05-10,Piedmont,40-49,72,3,0
2020-05-10,Piedmont,50-59,72,6,0
2020-05-10,Piedmont,60-69,57,7,1
2020-05-10,Piedmont,70-79,25,11,2
2020-05-10,Piedmont,80+,11,2,1
2020-05-10,Piedmont,Missing,0,0,0
2020-05-10,Pittsylvania-Danville,0-9,1,0,0
2020-05-10,Pittsylvania-Danville,19-Oct,1,0,0
2020-05-10,Pittsylvania-Danville,20-29,6,0,0
2020-05-10,Pittsylvania-Danville,30-39,6,0,0
2020-05-10,Pittsylvania-Danville,40-49,9,4,0
2020-05-10,Pittsylvania-Danville,50-59,12,5,0
2020-05-10,Pittsylvania-Danville,60-69,8,4,1
2020-05-10,Pittsylvania-Danville,70-79,9,6,0
2020-05-10,Pittsylvania-Danville,80+,3,2,1
2020-05-10,Pittsylvania-Danville,Missing,0,0,0
2020-05-10,Portsmouth,0-9,1,1,0
2020-05-10,Portsmouth,19-Oct,1,0,0
2020-05-10,Portsmouth,20-29,25,2,0
2020-05-10,Portsmouth,30-39,53,3,0
2020-05-10,Portsmouth,40-49,32,3,0
2020-05-10,Portsmouth,50-59,37,12,1
2020-05-10,Portsmouth,60-69,26,8,4
2020-05-10,Portsmouth,70-79,14,5,2
2020-05-10,Portsmouth,80+,13,4,1
2020-05-10,Portsmouth,Missing,0,0,0
2020-05-10,"Prince William",0-9,77,2,0
2020-05-10,"Prince William",19-Oct,149,3,0
2020-05-10,"Prince William",20-29,533,24,0
2020-05-10,"Prince William",30-39,628,34,1
2020-05-10,"Prince William",40-49,709,63,2
2020-05-10,"Prince William",50-59,599,72,4
2020-05-10,"Prince William",60-69,320,58,10
2020-05-10,"Prince William",70-79,119,35,14
2020-05-10,"Prince William",80+,84,27,21
2020-05-10,"Prince William",Missing,23,0,0
2020-05-10,Rappahannock,0-9,15,1,0
2020-05-10,Rappahannock,19-Oct,44,0,0
2020-05-10,Rappahannock,20-29,137,7,0
2020-05-10,Rappahannock,30-39,156,9,0
2020-05-10,Rappahannock,40-49,155,22,1
2020-05-10,Rappahannock,50-59,132,23,1
2020-05-10,Rappahannock,60-69,84,31,4
2020-05-10,Rappahannock,70-79,20,14,4
2020-05-10,Rappahannock,80+,14,9,2
2020-05-10,Rappahannock,Missing,5,0,0
2020-05-10,"Rappahannock Rapidan",0-9,15,1,0
2020-05-10,"Rappahannock Rapidan",19-Oct,33,0,0
2020-05-10,"Rappahannock Rapidan",20-29,88,1,0
2020-05-10,"Rappahannock Rapidan",30-39,114,7,1
2020-05-10,"Rappahannock Rapidan",40-49,116,5,1
2020-05-10,"Rappahannock Rapidan",50-59,71,9,0
2020-05-10,"Rappahannock Rapidan",60-69,43,8,1
2020-05-10,"Rappahannock Rapidan",70-79,17,3,3
2020-05-10,"Rappahannock Rapidan",80+,13,7,4
2020-05-10,"Rappahannock Rapidan",Missing,1,0,0
2020-05-10,Richmond,0-9,12,2,0
2020-05-10,Richmond,19-Oct,12,1,0
2020-05-10,Richmond,20-29,85,5,0
2020-05-10,Richmond,30-39,90,6,0
2020-05-10,Richmond,40-49,105,8,0
2020-05-10,Richmond,50-59,91,16,0
2020-05-10,Richmond,60-69,81,26,5
2020-05-10,Richmond,70-79,32,17,6
2020-05-10,Richmond,80+,22,9,7
2020-05-10,Richmond,Missing,0,0,0
2020-05-10,Roanoke,0-9,0,0,0
2020-05-10,Roanoke,19-Oct,0,0,0
2020-05-10,Roanoke,20-29,9,0,0
2020-05-10,Roanoke,30-39,12,0,0
2020-05-10,Roanoke,40-49,11,0,0
2020-05-10,Roanoke,50-59,12,1,0
2020-05-10,Roanoke,60-69,8,1,0
2020-05-10,Roanoke,70-79,6,1,0
2020-05-10,Roanoke,80+,35,3,1
2020-05-10,Roanoke,Missing,0,0,0
2020-05-10,Southside,0-9,1,0,0
2020-05-10,Southside,19-Oct,3,0,0
2020-05-10,Southside,20-29,19,2,0
2020-05-10,Southside,30-39,15,0,0
2020-05-10,Southside,40-49,14,3,0
2020-05-10,Southside,50-59,23,5,0
2020-05-10,Southside,60-69,22,7,1
2020-05-10,Southside,70-79,25,8,4
2020-05-10,Southside,80+,40,4,5
2020-05-10,Southside,Missing,0,0,0
2020-05-10,"Thomas Jefferson",0-9,5,1,0
2020-05-10,"Thomas Jefferson",19-Oct,7,0,0
2020-05-10,"Thomas Jefferson",20-29,43,0,0
2020-05-10,"Thomas Jefferson",30-39,51,2,0
2020-05-10,"Thomas Jefferson",40-49,38,5,0
2020-05-10,"Thomas Jefferson",50-59,54,9,1
2020-05-10,"Thomas Jefferson",60-69,45,12,2
2020-05-10,"Thomas Jefferson",70-79,44,14,1
2020-05-10,"Thomas Jefferson",80+,58,19,9
2020-05-10,"Thomas Jefferson",Missing,0,0,0
2020-05-10,"Three Rivers",0-9,2,0,0
2020-05-10,"Three Rivers",19-Oct,8,0,0
2020-05-10,"Three Rivers",20-29,45,1,0
2020-05-10,"Three Rivers",30-39,64,2,0
2020-05-10,"Three Rivers",40-49,75,6,1
2020-05-10,"Three Rivers",50-59,39,3,0
2020-05-10,"Three Rivers",60-69,51,7,0
2020-05-10,"Three Rivers",70-79,19,4,2
2020-05-10,"Three Rivers",80+,20,5,3
2020-05-10,"Three Rivers",Missing,1,0,0
2020-05-10,"Virginia Beach",0-9,2,0,0
2020-05-10,"Virginia Beach",19-Oct,12,0,0
2020-05-10,"Virginia Beach",20-29,54,1,0
2020-05-10,"Virginia Beach",30-39,73,6,0
2020-05-10,"Virginia Beach",40-49,73,13,1
2020-05-10,"Virginia Beach",50-59,78,12,0
2020-05-10,"Virginia Beach",60-69,80,13,1
2020-05-10,"Virginia Beach",70-79,48,22,4
2020-05-10,"Virginia Beach",80+,63,18,11
2020-05-10,"Virginia Beach",Missing,8,0,0
2020-05-10,"West Piedmont",0-9,0,0,0
2020-05-10,"West Piedmont",19-Oct,2,0,0
2020-05-10,"West Piedmont",20-29,5,0,0
2020-05-10,"West Piedmont",30-39,1,0,0
2020-05-10,"West Piedmont",40-49,9,0,0
2020-05-10,"West Piedmont",50-59,12,1,0
2020-05-10,"West Piedmont",60-69,14,1,0
2020-05-10,"West Piedmont",70-79,9,5,1
2020-05-10,"West Piedmont",80+,3,1,0
2020-05-10,"West Piedmont",Missing,0,0,0
2020-05-10,"Western Tidewater",0-9,3,0,0
2020-05-10,"Western Tidewater",19-Oct,3,0,0
2020-05-10,"Western Tidewater",20-29,30,0,0
2020-05-10,"Western Tidewater",30-39,37,1,0
2020-05-10,"Western Tidewater",40-49,63,3,0
2020-05-10,"Western Tidewater",50-59,82,5,0
2020-05-10,"Western Tidewater",60-69,87,10,4
2020-05-10,"Western Tidewater",70-79,64,17,9
2020-05-10,"Western Tidewater",80+,113,19,11
2020-05-10,"Western Tidewater",Missing,0,0,0
2020-05-11,Alexandria,0-9,49,2,0
2020-05-11,Alexandria,19-Oct,74,1,0
2020-05-11,Alexandria,20-29,176,4,1
2020-05-11,Alexandria,30-39,297,17,0
2020-05-11,Alexandria,40-49,246,20,0
2020-05-11,Alexandria,50-59,155,27,7
2020-05-11,Alexandria,60-69,106,21,1
2020-05-11,Alexandria,70-79,70,28,8
2020-05-11,Alexandria,80+,50,19,13
2020-05-11,Alexandria,Missing,1,0,0
2020-05-11,Alleghany,0-9,0,0,0
2020-05-11,Alleghany,19-Oct,2,0,0
2020-05-11,Alleghany,20-29,26,1,0
2020-05-11,Alleghany,30-39,13,2,0
2020-05-11,Alleghany,40-49,17,0,0
2020-05-11,Alleghany,50-59,34,4,0
2020-05-11,Alleghany,60-69,23,6,0
2020-05-11,Alleghany,70-79,17,3,1
2020-05-11,Alleghany,80+,20,6,2
2020-05-11,Alleghany,Missing,0,0,0
2020-05-11,Arlington,0-9,14,2,0
2020-05-11,Arlington,19-Oct,34,5,0
2020-05-11,Arlington,20-29,197,17,0
2020-05-11,Arlington,30-39,252,32,0
2020-05-11,Arlington,40-49,220,37,2
2020-05-11,Arlington,50-59,233,44,2
2020-05-11,Arlington,60-69,187,48,9
2020-05-11,Arlington,70-79,128,51,16
2020-05-11,Arlington,80+,133,50,31
2020-05-11,Arlington,Missing,1,0,0
2020-05-11,"Central Shenandoah",0-9,20,0,0
2020-05-11,"Central Shenandoah",19-Oct,45,1,0
2020-05-11,"Central Shenandoah",20-29,182,1,0
2020-05-11,"Central Shenandoah",30-39,164,4,0
2020-05-11,"Central Shenandoah",40-49,187,2,0
2020-05-11,"Central Shenandoah",50-59,204,15,1
2020-05-11,"Central Shenandoah",60-69,140,16,4
2020-05-11,"Central Shenandoah",70-79,63,13,9
2020-05-11,"Central Shenandoah",80+,65,9,10
2020-05-11,"Central Shenandoah",Missing,0,0,0
2020-05-11,"Central Virginia",0-9,3,0,0
2020-05-11,"Central Virginia",19-Oct,10,1,0
2020-05-11,"Central Virginia",20-29,25,1,0
2020-05-11,"Central Virginia",30-39,26,1,0
2020-05-11,"Central Virginia",40-49,20,0,0
2020-05-11,"Central Virginia",50-59,27,1,1
2020-05-11,"Central Virginia",60-69,29,3,1
2020-05-11,"Central Virginia",70-79,13,4,0
2020-05-11,"Central Virginia",80+,5,2,0
2020-05-11,"Central Virginia",Missing,0,0,0
2020-05-11,Chesapeake,0-9,7,1,0
2020-05-11,Chesapeake,19-Oct,7,0,0
2020-05-11,Chesapeake,20-29,36,3,0
2020-05-11,Chesapeake,30-39,58,3,0
2020-05-11,Chesapeake,40-49,54,9,0
2020-05-11,Chesapeake,50-59,66,14,1
2020-05-11,Chesapeake,60-69,50,15,3
2020-05-11,Chesapeake,70-79,32,15,0
2020-05-11,Chesapeake,80+,30,10,5
2020-05-11,Chesapeake,Missing,0,0,0
2020-05-11,Chesterfield,0-9,6,0,0
2020-05-11,Chesterfield,19-Oct,54,0,0
2020-05-11,Chesterfield,20-29,101,3,0
2020-05-11,Chesterfield,30-39,162,1,0
2020-05-11,Chesterfield,40-49,161,6,2
2020-05-11,Chesterfield,50-59,134,16,1
2020-05-11,Chesterfield,60-69,100,17,8
2020-05-11,Chesterfield,70-79,63,12,5
2020-05-11,Chesterfield,80+,90,11,16
2020-05-11,Chesterfield,Missing,2,0,0
2020-05-11,Chickahominy,0-9,1,0,0
2020-05-11,Chickahominy,19-Oct,6,0,0
2020-05-11,Chickahominy,20-29,33,0,0
2020-05-11,Chickahominy,30-39,38,0,0
2020-05-11,Chickahominy,40-49,47,7,1
2020-05-11,Chickahominy,50-59,61,12,0
2020-05-11,Chickahominy,60-69,39,13,3
2020-05-11,Chickahominy,70-79,28,11,3
2020-05-11,Chickahominy,80+,45,22,16
2020-05-11,Chickahominy,Missing,1,0,0
2020-05-11,Crater,0-9,3,1,0
2020-05-11,Crater,19-Oct,12,0,0
2020-05-11,Crater,20-29,40,5,0
2020-05-11,Crater,30-39,39,1,0
2020-05-11,Crater,40-49,45,10,1
2020-05-11,Crater,50-59,50,14,1
2020-05-11,Crater,60-69,52,20,8
2020-05-11,Crater,70-79,35,13,4
2020-05-11,Crater,80+,19,5,0
2020-05-11,Crater,Missing,0,0,0
2020-05-11,"Cumberland Plateau",0-9,0,0,0
2020-05-11,"Cumberland Plateau",19-Oct,11,0,0
2020-05-11,"Cumberland Plateau",20-29,1,0,0
2020-05-11,"Cumberland Plateau",30-39,5,0,0
2020-05-11,"Cumberland Plateau",40-49,4,0,0
2020-05-11,"Cumberland Plateau",50-59,4,1,0
2020-05-11,"Cumberland Plateau",60-69,2,1,0
2020-05-11,"Cumberland Plateau",70-79,2,0,0
2020-05-11,"Cumberland Plateau",80+,0,0,0
2020-05-11,"Cumberland Plateau",Missing,0,0,0
2020-05-11,"Eastern Shore",0-9,9,0,0
2020-05-11,"Eastern Shore",19-Oct,24,0,0
2020-05-11,"Eastern Shore",20-29,83,1,0
2020-05-11,"Eastern Shore",30-39,124,2,0
2020-05-11,"Eastern Shore",40-49,131,3,1
2020-05-11,"Eastern Shore",50-59,155,5,3
2020-05-11,"Eastern Shore",60-69,102,7,3
2020-05-11,"Eastern Shore",70-79,34,5,1
2020-05-11,"Eastern Shore",80+,32,9,4
2020-05-11,"Eastern Shore",Missing,0,0,0
2020-05-11,Fairfax,0-9,112,5,0
2020-05-11,Fairfax,19-Oct,218,6,0
2020-05-11,Fairfax,20-29,870,45,1
2020-05-11,Fairfax,30-39,1184,91,3
2020-05-11,Fairfax,40-49,1233,141,4
2020-05-11,Fairfax,50-59,1072,166,16
2020-05-11,Fairfax,60-69,726,193,30
2020-05-11,Fairfax,70-79,359,132,42
2020-05-11,Fairfax,80+,479,181,154
2020-05-11,Fairfax,Missing,23,1,0
2020-05-11,Hampton,0-9,6,0,0
2020-05-11,Hampton,19-Oct,6,0,0
2020-05-11,Hampton,20-29,27,1,0
2020-05-11,Hampton,30-39,26,2,0
2020-05-11,Hampton,40-49,17,2,0
2020-05-11,Hampton,50-59,30,8,1
2020-05-11,Hampton,60-69,20,8,1
2020-05-11,Hampton,70-79,11,6,0
2020-05-11,Hampton,80+,3,2,1
2020-05-11,Hampton,Missing,0,0,0
2020-05-11,Henrico,0-9,25,0,0
2020-05-11,Henrico,19-Oct,18,1,0
2020-05-11,Henrico,20-29,96,6,0
2020-05-11,Henrico,30-39,119,3,0
2020-05-11,Henrico,40-49,145,13,0
2020-05-11,Henrico,50-59,151,19,5
2020-05-11,Henrico,60-69,147,24,18
2020-05-11,Henrico,70-79,149,35,30
2020-05-11,Henrico,80+,226,51,57
2020-05-11,Henrico,Missing,7,0,0
2020-05-11,Lenowisco,0-9,4,0,0
2020-05-11,Lenowisco,19-Oct,2,0,0
2020-05-11,Lenowisco,20-29,6,0,0
2020-05-11,Lenowisco,30-39,3,1,1
2020-05-11,Lenowisco,40-49,4,1,0
2020-05-11,Lenowisco,50-59,13,5,0
2020-05-11,Lenowisco,60-69,5,4,2
2020-05-11,Lenowisco,70-79,4,3,0
2020-05-11,Lenowisco,80+,0,0,0
2020-05-11,Lenowisco,Missing,0,0,0
2020-05-11,"Lord Fairfax",0-9,14,0,0
2020-05-11,"Lord Fairfax",19-Oct,31,0,0
2020-05-11,"Lord Fairfax",20-29,110,0,0
2020-05-11,"Lord Fairfax",30-39,102,6,0
2020-05-11,"Lord Fairfax",40-49,105,4,0
2020-05-11,"Lord Fairfax",50-59,141,7,1
2020-05-11,"Lord Fairfax",60-69,105,20,5
2020-05-11,"Lord Fairfax",70-79,52,12,5
2020-05-11,"Lord Fairfax",80+,52,13,10
2020-05-11,"Lord Fairfax",Missing,1,0,0
2020-05-11,Loudoun,0-9,27,0,0
2020-05-11,Loudoun,19-Oct,45,0,0
2020-05-11,Loudoun,20-29,171,2,0
2020-05-11,Loudoun,30-39,176,10,0
2020-05-11,Loudoun,40-49,265,14,0
2020-05-11,Loudoun,50-59,227,20,1
2020-05-11,Loudoun,60-69,109,18,1
2020-05-11,Loudoun,70-79,67,25,6
2020-05-11,Loudoun,80+,107,27,22
2020-05-11,Loudoun,Missing,1,0,0
2020-05-11,"Mount Rogers",0-9,11,1,0
2020-05-11,"Mount Rogers",19-Oct,10,0,0
2020-05-11,"Mount Rogers",20-29,32,0,0
2020-05-11,"Mount Rogers",30-39,35,3,0
2020-05-11,"Mount Rogers",40-49,29,0,0
2020-05-11,"Mount Rogers",50-59,29,2,0
2020-05-11,"Mount Rogers",60-69,19,1,0
2020-05-11,"Mount Rogers",70-79,13,6,1
2020-05-11,"Mount Rogers",80+,4,4,3
2020-05-11,"Mount Rogers",Missing,0,0,0
2020-05-11,"New River",0-9,2,0,0
2020-05-11,"New River",19-Oct,3,0,0
2020-05-11,"New River",20-29,21,0,0
2020-05-11,"New River",30-39,4,0,0
2020-05-11,"New River",40-49,13,1,0
2020-05-11,"New River",50-59,17,2,0
2020-05-11,"New River",60-69,16,2,0
2020-05-11,"New River",70-79,9,5,1
2020-05-11,"New River",80+,4,2,0
2020-05-11,"New River",Missing,0,0,0
2020-05-11,Norfolk,0-9,4,0,0
2020-05-11,Norfolk,19-Oct,12,0,0
2020-05-11,Norfolk,20-29,61,0,0
2020-05-11,Norfolk,30-39,65,5,0
2020-05-11,Norfolk,40-49,56,8,0
2020-05-11,Norfolk,50-59,53,7,0
2020-05-11,Norfolk,60-69,31,13,1
2020-05-11,Norfolk,70-79,15,11,1
2020-05-11,Norfolk,80+,8,6,3
2020-05-11,Norfolk,Missing,3,0,0
2020-05-11,Peninsula,0-9,11,0,0
2020-05-11,Peninsula,19-Oct,8,1,0
2020-05-11,Peninsula,20-29,39,1,0
2020-05-11,Peninsula,30-39,51,5,1
2020-05-11,Peninsula,40-49,53,3,1
2020-05-11,Peninsula,50-59,82,15,2
2020-05-11,Peninsula,60-69,92,25,3
2020-05-11,Peninsula,70-79,71,36,10
2020-05-11,Peninsula,80+,34,22,13
2020-05-11,Peninsula,Missing,2,0,0
2020-05-11,Piedmont,0-9,1,0,0
2020-05-11,Piedmont,19-Oct,3,0,0
2020-05-11,Piedmont,20-29,58,0,0
2020-05-11,Piedmont,30-39,74,0,0
2020-05-11,Piedmont,40-49,72,3,0
2020-05-11,Piedmont,50-59,72,6,0
2020-05-11,Piedmont,60-69,57,7,1
2020-05-11,Piedmont,70-79,25,11,2
2020-05-11,Piedmont,80+,11,2,1
2020-05-11,Piedmont,Missing,0,0,0
2020-05-11,Pittsylvania-Danville,0-9,1,0,0
2020-05-11,Pittsylvania-Danville,19-Oct,1,0,0
2020-05-11,Pittsylvania-Danville,20-29,6,0,0
2020-05-11,Pittsylvania-Danville,30-39,7,0,0
2020-05-11,Pittsylvania-Danville,40-49,9,4,0
2020-05-11,Pittsylvania-Danville,50-59,12,5,0
2020-05-11,Pittsylvania-Danville,60-69,8,4,1
2020-05-11,Pittsylvania-Danville,70-79,9,6,0
2020-05-11,Pittsylvania-Danville,80+,3,2,1
2020-05-11,Pittsylvania-Danville,Missing,0,0,0
2020-05-11,Portsmouth,0-9,1,1,0
2020-05-11,Portsmouth,19-Oct,1,0,0
2020-05-11,Portsmouth,20-29,26,2,0
2020-05-11,Portsmouth,30-39,55,3,0
2020-05-11,Portsmouth,40-49,34,3,0
2020-05-11,Portsmouth,50-59,37,12,1
2020-05-11,Portsmouth,60-69,26,8,4
2020-05-11,Portsmouth,70-79,15,5,2
2020-05-11,Portsmouth,80+,13,4,1
2020-05-11,Portsmouth,Missing,0,0,0
2020-05-11,"Prince William",0-9,84,2,0
2020-05-11,"Prince William",19-Oct,169,3,0
2020-05-11,"Prince William",20-29,591,25,0
2020-05-11,"Prince William",30-39,687,37,1
2020-05-11,"Prince William",40-49,782,65,2
2020-05-11,"Prince William",50-59,648,80,4
2020-05-11,"Prince William",60-69,350,60,11
2020-05-11,"Prince William",70-79,125,36,16
2020-05-11,"Prince William",80+,95,31,24
2020-05-11,"Prince William",Missing,23,0,0
2020-05-11,Rappahannock,0-9,16,1,0
2020-05-11,Rappahannock,19-Oct,44,0,0
2020-05-11,Rappahannock,20-29,142,7,0
2020-05-11,Rappahannock,30-39,162,9,0
2020-05-11,Rappahannock,40-49,160,22,1
2020-05-11,Rappahannock,50-59,132,24,1
2020-05-11,Rappahannock,60-69,85,32,4
2020-05-11,Rappahannock,70-79,21,14,4
2020-05-11,Rappahannock,80+,15,9,2
2020-05-11,Rappahannock,Missing,5,0,0
2020-05-11,"Rappahannock Rapidan",0-9,16,1,0
2020-05-11,"Rappahannock Rapidan",19-Oct,34,0,0
2020-05-11,"Rappahannock Rapidan",20-29,94,1,0
2020-05-11,"Rappahannock Rapidan",30-39,120,7,1
2020-05-11,"Rappahannock Rapidan",40-49,121,5,1
2020-05-11,"Rappahannock Rapidan",50-59,72,9,0
2020-05-11,"Rappahannock Rapidan",60-69,44,8,1
2020-05-11,"Rappahannock Rapidan",70-79,19,5,3
2020-05-11,"Rappahannock Rapidan",80+,13,7,4
2020-05-11,"Rappahannock Rapidan",Missing,1,0,0
2020-05-11,Richmond,0-9,13,2,0
2020-05-11,Richmond,19-Oct,14,1,0
2020-05-11,Richmond,20-29,89,5,0
2020-05-11,Richmond,30-39,95,6,0
2020-05-11,Richmond,40-49,107,9,0
2020-05-11,Richmond,50-59,91,16,0
2020-05-11,Richmond,60-69,83,27,5
2020-05-11,Richmond,70-79,32,17,6
2020-05-11,Richmond,80+,22,9,7
2020-05-11,Richmond,Missing,0,0,0
2020-05-11,Roanoke,0-9,0,0,0
2020-05-11,Roanoke,19-Oct,0,0,0
2020-05-11,Roanoke,20-29,10,0,0
2020-05-11,Roanoke,30-39,14,0,0
2020-05-11,Roanoke,40-49,15,0,0
2020-05-11,Roanoke,50-59,13,1,0
2020-05-11,Roanoke,60-69,8,1,0
2020-05-11,Roanoke,70-79,7,2,0
2020-05-11,Roanoke,80+,35,3,1
2020-05-11,Roanoke,Missing,4,0,0
2020-05-11,Southside,0-9,1,0,0
2020-05-11,Southside,19-Oct,3,0,0
2020-05-11,Southside,20-29,20,2,0
2020-05-11,Southside,30-39,15,0,0
2020-05-11,Southside,40-49,16,3,0
2020-05-11,Southside,50-59,26,5,0
2020-05-11,Southside,60-69,24,7,1
2020-05-11,Southside,70-79,28,8,4
2020-05-11,Southside,80+,42,4,5
2020-05-11,Southside,Missing,0,0,0
2020-05-11,"Thomas Jefferson",0-9,5,1,0
2020-05-11,"Thomas Jefferson",19-Oct,7,0,0
2020-05-11,"Thomas Jefferson",20-29,45,0,0
2020-05-11,"Thomas Jefferson",30-39,52,2,0
2020-05-11,"Thomas Jefferson",40-49,40,5,0
2020-05-11,"Thomas Jefferson",50-59,54,9,1
2020-05-11,"Thomas Jefferson",60-69,45,12,2
2020-05-11,"Thomas Jefferson",70-79,44,14,1
2020-05-11,"Thomas Jefferson",80+,59,19,9
2020-05-11,"Thomas Jefferson",Missing,0,0,0
2020-05-11,"Three Rivers",0-9,2,0,0
2020-05-11,"Three Rivers",19-Oct,8,0,0
2020-05-11,"Three Rivers",20-29,46,1,0
2020-05-11,"Three Rivers",30-39,64,2,0
2020-05-11,"Three Rivers",40-49,75,6,1
2020-05-11,"Three Rivers",50-59,41,3,0
2020-05-11,"Three Rivers",60-69,51,7,0
2020-05-11,"Three Rivers",70-79,19,4,2
2020-05-11,"Three Rivers",80+,20,5,3
2020-05-11,"Three Rivers",Missing,1,0,0
2020-05-11,"Virginia Beach",0-9,2,0,0
2020-05-11,"Virginia Beach",19-Oct,12,0,0
2020-05-11,"Virginia Beach",20-29,59,1,0
2020-05-11,"Virginia Beach",30-39,77,6,0
2020-05-11,"Virginia Beach",40-49,73,13,1
2020-05-11,"Virginia Beach",50-59,81,12,0
2020-05-11,"Virginia Beach",60-69,82,13,1
2020-05-11,"Virginia Beach",70-79,48,22,4
2020-05-11,"Virginia Beach",80+,63,18,11
2020-05-11,"Virginia Beach",Missing,8,0,0
2020-05-11,"West Piedmont",0-9,0,0,0
2020-05-11,"West Piedmont",19-Oct,2,0,0
2020-05-11,"West Piedmont",20-29,6,0,0
2020-05-11,"West Piedmont",30-39,1,0,0
2020-05-11,"West Piedmont",40-49,11,0,0
2020-05-11,"West Piedmont",50-59,13,1,0
2020-05-11,"West Piedmont",60-69,14,1,0
2020-05-11,"West Piedmont",70-79,9,5,1
2020-05-11,"West Piedmont",80+,3,1,0
2020-05-11,"West Piedmont",Missing,0,0,0
2020-05-11,"Western Tidewater",0-9,3,0,0
2020-05-11,"Western Tidewater",19-Oct,3,0,0
2020-05-11,"Western Tidewater",20-29,30,0,0
2020-05-11,"Western Tidewater",30-39,38,1,0
2020-05-11,"Western Tidewater",40-49,64,3,0
2020-05-11,"Western Tidewater",50-59,82,5,0
2020-05-11,"Western Tidewater",60-69,88,10,4
2020-05-11,"Western Tidewater",70-79,64,17,9
2020-05-11,"Western Tidewater",80+,113,19,11
2020-05-11,"Western Tidewater",Missing,0,0,0
2020-05-12,Alexandria,0-9,51,2,0
2020-05-12,Alexandria,19-Oct,75,1,0
2020-05-12,Alexandria,20-29,181,4,1
2020-05-12,Alexandria,30-39,300,18,0
2020-05-12,Alexandria,40-49,247,21,0
2020-05-12,Alexandria,50-59,157,29,7
2020-05-12,Alexandria,60-69,106,23,1
2020-05-12,Alexandria,70-79,70,28,8
2020-05-12,Alexandria,80+,52,19,13
2020-05-12,Alexandria,Missing,1,0,0
2020-05-12,Alleghany,0-9,0,0,0
2020-05-12,Alleghany,19-Oct,2,0,0
2020-05-12,Alleghany,20-29,26,1,0
2020-05-12,Alleghany,30-39,13,2,0
2020-05-12,Alleghany,40-49,17,0,0
2020-05-12,Alleghany,50-59,34,4,0
2020-05-12,Alleghany,60-69,23,6,0
2020-05-12,Alleghany,70-79,17,3,1
2020-05-12,Alleghany,80+,20,6,2
2020-05-12,Alleghany,Missing,0,0,0
2020-05-12,Arlington,0-9,15,2,0
2020-05-12,Arlington,19-Oct,34,5,0
2020-05-12,Arlington,20-29,203,17,0
2020-05-12,Arlington,30-39,258,32,0
2020-05-12,Arlington,40-49,223,37,2
2020-05-12,Arlington,50-59,232,45,2
2020-05-12,Arlington,60-69,190,48,11
2020-05-12,Arlington,70-79,128,51,17
2020-05-12,Arlington,80+,132,51,34
2020-05-12,Arlington,Missing,1,0,0
2020-05-12,"Central Shenandoah",0-9,20,0,0
2020-05-12,"Central Shenandoah",19-Oct,47,1,0
2020-05-12,"Central Shenandoah",20-29,183,2,0
2020-05-12,"Central Shenandoah",30-39,165,4,0
2020-05-12,"Central Shenandoah",40-49,187,3,0
2020-05-12,"Central Shenandoah",50-59,205,16,1
2020-05-12,"Central Shenandoah",60-69,140,18,4
2020-05-12,"Central Shenandoah",70-79,63,13,9
2020-05-12,"Central Shenandoah",80+,65,10,10
2020-05-12,"Central Shenandoah",Missing,0,0,0
2020-05-12,"Central Virginia",0-9,3,0,0
2020-05-12,"Central Virginia",19-Oct,10,1,0
2020-05-12,"Central Virginia",20-29,25,1,0
2020-05-12,"Central Virginia",30-39,26,1,0
2020-05-12,"Central Virginia",40-49,22,0,0
2020-05-12,"Central Virginia",50-59,27,2,1
2020-05-12,"Central Virginia",60-69,29,3,1
2020-05-12,"Central Virginia",70-79,13,4,0
2020-05-12,"Central Virginia",80+,5,2,0
2020-05-12,"Central Virginia",Missing,0,0,0
2020-05-12,Chesapeake,0-9,8,1,0
2020-05-12,Chesapeake,19-Oct,7,0,0
2020-05-12,Chesapeake,20-29,36,3,0
2020-05-12,Chesapeake,30-39,61,3,0
2020-05-12,Chesapeake,40-49,54,9,0
2020-05-12,Chesapeake,50-59,65,14,1
2020-05-12,Chesapeake,60-69,49,15,3
2020-05-12,Chesapeake,70-79,33,15,0
2020-05-12,Chesapeake,80+,30,10,5
2020-05-12,Chesapeake,Missing,0,0,0
2020-05-12,Chesterfield,0-9,9,0,0
2020-05-12,Chesterfield,19-Oct,58,0,0
2020-05-12,Chesterfield,20-29,109,3,0
2020-05-12,Chesterfield,30-39,170,1,0
2020-05-12,Chesterfield,40-49,176,6,2
2020-05-12,Chesterfield,50-59,143,16,1
2020-05-12,Chesterfield,60-69,103,17,8
2020-05-12,Chesterfield,70-79,65,13,6
2020-05-12,Chesterfield,80+,90,13,17
2020-05-12,Chesterfield,Missing,2,0,0
2020-05-12,Chickahominy,0-9,1,0,0
2020-05-12,Chickahominy,19-Oct,6,0,0
2020-05-12,Chickahominy,20-29,34,0,0
2020-05-12,Chickahominy,30-39,38,0,0
2020-05-12,Chickahominy,40-49,47,7,1
2020-05-12,Chickahominy,50-59,63,13,0
2020-05-12,Chickahominy,60-69,39,13,3
2020-05-12,Chickahominy,70-79,29,12,4
2020-05-12,Chickahominy,80+,45,22,16
2020-05-12,Chickahominy,Missing,1,0,0
2020-05-12,Crater,0-9,3,1,0
2020-05-12,Crater,19-Oct,13,0,0
2020-05-12,Crater,20-29,42,5,0
2020-05-12,Crater,30-39,40,1,0
2020-05-12,Crater,40-49,50,10,1
2020-05-12,Crater,50-59,53,15,1
2020-05-12,Crater,60-69,55,21,8
2020-05-12,Crater,70-79,37,14,4
2020-05-12,Crater,80+,20,5,0
2020-05-12,Crater,Missing,0,0,0
2020-05-12,"Cumberland Plateau",0-9,0,0,0
2020-05-12,"Cumberland Plateau",19-Oct,11,0,0
2020-05-12,"Cumberland Plateau",20-29,1,0,0
2020-05-12,"Cumberland Plateau",30-39,5,0,0
2020-05-12,"Cumberland Plateau",40-49,4,0,0
2020-05-12,"Cumberland Plateau",50-59,4,1,0
2020-05-12,"Cumberland Plateau",60-69,2,1,0
2020-05-12,"Cumberland Plateau",70-79,2,0,0
2020-05-12,"Cumberland Plateau",80+,0,0,0
2020-05-12,"Cumberland Plateau",Missing,0,0,0
2020-05-12,"Eastern Shore",0-9,9,0,0
2020-05-12,"Eastern Shore",19-Oct,25,0,0
2020-05-12,"Eastern Shore",20-29,85,1,0
2020-05-12,"Eastern Shore",30-39,125,2,0
2020-05-12,"Eastern Shore",40-49,134,3,1
2020-05-12,"Eastern Shore",50-59,155,5,3
2020-05-12,"Eastern Shore",60-69,102,7,3
2020-05-12,"Eastern Shore",70-79,34,5,1
2020-05-12,"Eastern Shore",80+,32,9,4
2020-05-12,"Eastern Shore",Missing,0,0,0
2020-05-12,Fairfax,0-9,123,5,0
2020-05-12,Fairfax,19-Oct,241,8,0
2020-05-12,Fairfax,20-29,908,46,1
2020-05-12,Fairfax,30-39,1232,93,3
2020-05-12,Fairfax,40-49,1293,142,4
2020-05-12,Fairfax,50-59,1107,172,16
2020-05-12,Fairfax,60-69,752,196,32
2020-05-12,Fairfax,70-79,376,135,46
2020-05-12,Fairfax,80+,492,189,158
2020-05-12,Fairfax,Missing,23,1,0
2020-05-12,Hampton,0-9,6,0,0
2020-05-12,Hampton,19-Oct,6,0,0
2020-05-12,Hampton,20-29,27,1,0
2020-05-12,Hampton,30-39,26,2,0
2020-05-12,Hampton,40-49,17,2,0
2020-05-12,Hampton,50-59,31,8,1
2020-05-12,Hampton,60-69,20,8,1
2020-05-12,Hampton,70-79,11,6,0
2020-05-12,Hampton,80+,3,2,1
2020-05-12,Hampton,Missing,0,0,0
2020-05-12,Henrico,0-9,27,0,0
2020-05-12,Henrico,19-Oct,19,1,0
2020-05-12,Henrico,20-29,99,6,0
2020-05-12,Henrico,30-39,123,3,0
2020-05-12,Henrico,40-49,153,13,0
2020-05-12,Henrico,50-59,153,22,5
2020-05-12,Henrico,60-69,149,25,18
2020-05-12,Henrico,70-79,150,35,31
2020-05-12,Henrico,80+,226,51,57
2020-05-12,Henrico,Missing,7,1,1
2020-05-12,Lenowisco,0-9,4,0,0
2020-05-12,Lenowisco,19-Oct,2,0,0
2020-05-12,Lenowisco,20-29,6,0,0
2020-05-12,Lenowisco,30-39,3,1,1
2020-05-12,Lenowisco,40-49,4,1,0
2020-05-12,Lenowisco,50-59,13,5,0
2020-05-12,Lenowisco,60-69,5,4,2
2020-05-12,Lenowisco,70-79,4,3,0
2020-05-12,Lenowisco,80+,0,0,0
2020-05-12,Lenowisco,Missing,0,0,0
2020-05-12,"Lord Fairfax",0-9,13,0,0
2020-05-12,"Lord Fairfax",19-Oct,33,0,0
2020-05-12,"Lord Fairfax",20-29,113,0,0
2020-05-12,"Lord Fairfax",30-39,108,6,0
2020-05-12,"Lord Fairfax",40-49,106,4,0
2020-05-12,"Lord Fairfax",50-59,145,7,1
2020-05-12,"Lord Fairfax",60-69,109,20,6
2020-05-12,"Lord Fairfax",70-79,55,13,5
2020-05-12,"Lord Fairfax",80+,53,14,11
2020-05-12,"Lord Fairfax",Missing,1,0,0
2020-05-12,Loudoun,0-9,29,0,0
2020-05-12,Loudoun,19-Oct,45,0,0
2020-05-12,Loudoun,20-29,172,2,0
2020-05-12,Loudoun,30-39,180,10,0
2020-05-12,Loudoun,40-49,268,14,0
2020-05-12,Loudoun,50-59,232,21,1
2020-05-12,Loudoun,60-69,108,18,1
2020-05-12,Loudoun,70-79,67,25,6
2020-05-12,Loudoun,80+,108,29,27
2020-05-12,Loudoun,Missing,1,0,0
2020-05-12,"Mount Rogers",0-9,11,1,0
2020-05-12,"Mount Rogers",19-Oct,10,0,0
2020-05-12,"Mount Rogers",20-29,32,0,0
2020-05-12,"Mount Rogers",30-39,35,3,0
2020-05-12,"Mount Rogers",40-49,30,0,0
2020-05-12,"Mount Rogers",50-59,29,2,0
2020-05-12,"Mount Rogers",60-69,20,1,0
2020-05-12,"Mount Rogers",70-79,13,6,1
2020-05-12,"Mount Rogers",80+,4,4,3
2020-05-12,"Mount Rogers",Missing,0,0,0
2020-05-12,"New River",0-9,2,0,0
2020-05-12,"New River",19-Oct,3,0,0
2020-05-12,"New River",20-29,21,0,0
2020-05-12,"New River",30-39,4,0,0
2020-05-12,"New River",40-49,13,1,0
2020-05-12,"New River",50-59,17,2,0
2020-05-12,"New River",60-69,16,2,0
2020-05-12,"New River",70-79,9,5,1
2020-05-12,"New River",80+,4,2,0
2020-05-12,"New River",Missing,0,0,0
2020-05-12,Norfolk,0-9,4,0,0
2020-05-12,Norfolk,19-Oct,12,0,0
2020-05-12,Norfolk,20-29,63,0,0
2020-05-12,Norfolk,30-39,70,5,0
2020-05-12,Norfolk,40-49,57,9,0
2020-05-12,Norfolk,50-59,54,7,0
2020-05-12,Norfolk,60-69,32,13,1
2020-05-12,Norfolk,70-79,16,12,1
2020-05-12,Norfolk,80+,8,6,3
2020-05-12,Norfolk,Missing,3,0,0
2020-05-12,Peninsula,0-9,11,0,0
2020-05-12,Peninsula,19-Oct,8,1,0
2020-05-12,Peninsula,20-29,42,1,0
2020-05-12,Peninsula,30-39,51,5,1
2020-05-12,Peninsula,40-49,53,3,1
2020-05-12,Peninsula,50-59,83,15,2
2020-05-12,Peninsula,60-69,92,25,3
2020-05-12,Peninsula,70-79,72,36,10
2020-05-12,Peninsula,80+,34,22,13
2020-05-12,Peninsula,Missing,2,0,0
2020-05-12,Piedmont,0-9,1,0,0
2020-05-12,Piedmont,19-Oct,3,0,0
2020-05-12,Piedmont,20-29,69,0,0
2020-05-12,Piedmont,30-39,83,0,0
2020-05-12,Piedmont,40-49,85,3,0
2020-05-12,Piedmont,50-59,88,8,0
2020-05-12,Piedmont,60-69,67,9,2
2020-05-12,Piedmont,70-79,26,12,2
2020-05-12,Piedmont,80+,11,3,1
2020-05-12,Piedmont,Missing,0,0,0
2020-05-12,Pittsylvania-Danville,0-9,1,0,0
2020-05-12,Pittsylvania-Danville,19-Oct,1,0,0
2020-05-12,Pittsylvania-Danville,20-29,6,0,0
2020-05-12,Pittsylvania-Danville,30-39,8,0,0
2020-05-12,Pittsylvania-Danville,40-49,10,4,0
2020-05-12,Pittsylvania-Danville,50-59,12,5,0
2020-05-12,Pittsylvania-Danville,60-69,8,4,1
2020-05-12,Pittsylvania-Danville,70-79,9,6,0
2020-05-12,Pittsylvania-Danville,80+,3,2,1
2020-05-12,Pittsylvania-Danville,Missing,0,0,0
2020-05-12,Portsmouth,0-9,1,1,0
2020-05-12,Portsmouth,19-Oct,1,0,0
2020-05-12,Portsmouth,20-29,27,2,0
2020-05-12,Portsmouth,30-39,55,3,0
2020-05-12,Portsmouth,40-49,33,3,0
2020-05-12,Portsmouth,50-59,38,12,1
2020-05-12,Portsmouth,60-69,27,8,4
2020-05-12,Portsmouth,70-79,15,5,3
2020-05-12,Portsmouth,80+,13,4,1
2020-05-12,Portsmouth,Missing,0,0,0
2020-05-12,"Prince William",0-9,85,2,0
2020-05-12,"Prince William",19-Oct,180,3,0
2020-05-12,"Prince William",20-29,608,25,0
2020-05-12,"Prince William",30-39,706,39,1
2020-05-12,"Prince William",40-49,800,70,2
2020-05-12,"Prince William",50-59,658,85,4
2020-05-12,"Prince William",60-69,356,62,12
2020-05-12,"Prince William",70-79,129,38,19
2020-05-12,"Prince William",80+,100,33,26
2020-05-12,"Prince William",Missing,25,0,0
2020-05-12,Rappahannock,0-9,16,1,0
2020-05-12,Rappahannock,19-Oct,47,0,0
2020-05-12,Rappahannock,20-29,144,7,0
2020-05-12,Rappahannock,30-39,168,9,0
2020-05-12,Rappahannock,40-49,161,23,2
2020-05-12,Rappahannock,50-59,138,24,1
2020-05-12,Rappahannock,60-69,87,32,4
2020-05-12,Rappahannock,70-79,23,14,4
2020-05-12,Rappahannock,80+,15,9,3
2020-05-12,Rappahannock,Missing,6,0,0
2020-05-12,"Rappahannock Rapidan",0-9,17,1,0
2020-05-12,"Rappahannock Rapidan",19-Oct,36,0,0
2020-05-12,"Rappahannock Rapidan",20-29,96,1,0
2020-05-12,"Rappahannock Rapidan",30-39,123,8,1
2020-05-12,"Rappahannock Rapidan",40-49,125,6,1
2020-05-12,"Rappahannock Rapidan",50-59,74,10,0
2020-05-12,"Rappahannock Rapidan",60-69,46,8,1
2020-05-12,"Rappahannock Rapidan",70-79,19,5,4
2020-05-12,"Rappahannock Rapidan",80+,13,7,4
2020-05-12,"Rappahannock Rapidan",Missing,1,0,0
2020-05-12,Richmond,0-9,13,2,0
2020-05-12,Richmond,19-Oct,16,2,0
2020-05-12,Richmond,20-29,93,5,0
2020-05-12,Richmond,30-39,99,7,0
2020-05-12,Richmond,40-49,111,10,0
2020-05-12,Richmond,50-59,96,16,0
2020-05-12,Richmond,60-69,83,28,5
2020-05-12,Richmond,70-79,32,17,6
2020-05-12,Richmond,80+,22,9,7
2020-05-12,Richmond,Missing,0,0,0
2020-05-12,Roanoke,0-9,1,0,0
2020-05-12,Roanoke,19-Oct,0,0,0
2020-05-12,Roanoke,20-29,10,0,0
2020-05-12,Roanoke,30-39,14,0,0
2020-05-12,Roanoke,40-49,15,0,0
2020-05-12,Roanoke,50-59,13,1,0
2020-05-12,Roanoke,60-69,8,1,0
2020-05-12,Roanoke,70-79,8,2,0
2020-05-12,Roanoke,80+,35,3,1
2020-05-12,Roanoke,Missing,4,0,0
2020-05-12,Southside,0-9,1,0,0
2020-05-12,Southside,19-Oct,3,0,0
2020-05-12,Southside,20-29,20,2,0
2020-05-12,Southside,30-39,15,0,0
2020-05-12,Southside,40-49,17,3,0
2020-05-12,Southside,50-59,29,5,0
2020-05-12,Southside,60-69,25,7,1
2020-05-12,Southside,70-79,29,8,4
2020-05-12,Southside,80+,43,4,5
2020-05-12,Southside,Missing,0,0,0
2020-05-12,"Thomas Jefferson",0-9,5,1,0
2020-05-12,"Thomas Jefferson",19-Oct,8,0,0
2020-05-12,"Thomas Jefferson",20-29,45,0,0
2020-05-12,"Thomas Jefferson",30-39,53,2,0
2020-05-12,"Thomas Jefferson",40-49,41,5,0
2020-05-12,"Thomas Jefferson",50-59,54,8,1
2020-05-12,"Thomas Jefferson",60-69,45,13,2
2020-05-12,"Thomas Jefferson",70-79,44,15,1
2020-05-12,"Thomas Jefferson",80+,59,19,9
2020-05-12,"Thomas Jefferson",Missing,0,0,0
2020-05-12,"Three Rivers",0-9,2,0,0
2020-05-12,"Three Rivers",19-Oct,10,0,0
2020-05-12,"Three Rivers",20-29,48,1,0
2020-05-12,"Three Rivers",30-39,71,2,0
2020-05-12,"Three Rivers",40-49,78,6,1
2020-05-12,"Three Rivers",50-59,44,3,0
2020-05-12,"Three Rivers",60-69,51,7,0
2020-05-12,"Three Rivers",70-79,19,4,1
2020-05-12,"Three Rivers",80+,20,5,3
2020-05-12,"Three Rivers",Missing,1,0,0
2020-05-12,"Virginia Beach",0-9,2,0,0
2020-05-12,"Virginia Beach",19-Oct,12,0,0
2020-05-12,"Virginia Beach",20-29,60,1,0
2020-05-12,"Virginia Beach",30-39,77,6,0
2020-05-12,"Virginia Beach",40-49,73,13,1
2020-05-12,"Virginia Beach",50-59,81,12,0
2020-05-12,"Virginia Beach",60-69,84,13,1
2020-05-12,"Virginia Beach",70-79,48,22,4
2020-05-12,"Virginia Beach",80+,64,18,12
2020-05-12,"Virginia Beach",Missing,8,0,0
2020-05-12,"West Piedmont",0-9,0,0,0
2020-05-12,"West Piedmont",19-Oct,2,0,0
2020-05-12,"West Piedmont",20-29,6,0,0
2020-05-12,"West Piedmont",30-39,2,0,0
2020-05-12,"West Piedmont",40-49,11,1,0
2020-05-12,"West Piedmont",50-59,15,1,0
2020-05-12,"West Piedmont",60-69,14,1,0
2020-05-12,"West Piedmont",70-79,9,5,1
2020-05-12,"West Piedmont",80+,3,1,0
2020-05-12,"West Piedmont",Missing,0,0,0
2020-05-12,"Western Tidewater",0-9,3,0,0
2020-05-12,"Western Tidewater",19-Oct,4,0,0
2020-05-12,"Western Tidewater",20-29,30,0,0
2020-05-12,"Western Tidewater",30-39,39,1,0
2020-05-12,"Western Tidewater",40-49,66,3,0
2020-05-12,"Western Tidewater",50-59,82,5,0
2020-05-12,"Western Tidewater",60-69,88,10,4
2020-05-12,"Western Tidewater",70-79,64,17,10
2020-05-12,"Western Tidewater",80+,113,19,12
2020-05-12,"Western Tidewater",Missing,0,0,0
2020-05-13,Alexandria,0-9,57,2,0
2020-05-13,Alexandria,19-Oct,79,1,0
2020-05-13,Alexandria,20-29,195,4,1
2020-05-13,Alexandria,30-39,314,18,0
2020-05-13,Alexandria,40-49,254,22,0
2020-05-13,Alexandria,50-59,170,29,7
2020-05-13,Alexandria,60-69,110,25,1
2020-05-13,Alexandria,70-79,70,28,9
2020-05-13,Alexandria,80+,53,19,13
2020-05-13,Alexandria,Missing,3,0,0
2020-05-13,Alleghany,0-9,0,0,0
2020-05-13,Alleghany,19-Oct,2,0,0
2020-05-13,Alleghany,20-29,26,1,0
2020-05-13,Alleghany,30-39,13,2,0
2020-05-13,Alleghany,40-49,17,0,0
2020-05-13,Alleghany,50-59,34,4,0
2020-05-13,Alleghany,60-69,23,6,0
2020-05-13,Alleghany,70-79,17,3,1
2020-05-13,Alleghany,80+,21,7,2
2020-05-13,Alleghany,Missing,0,0,0
2020-05-13,Arlington,0-9,19,2,0
2020-05-13,Arlington,19-Oct,35,5,0
2020-05-13,Arlington,20-29,212,20,0
2020-05-13,Arlington,30-39,264,33,0
2020-05-13,Arlington,40-49,237,38,2
2020-05-13,Arlington,50-59,239,49,3
2020-05-13,Arlington,60-69,191,48,11
2020-05-13,Arlington,70-79,129,52,18
2020-05-13,Arlington,80+,133,53,35
2020-05-13,Arlington,Missing,1,0,0
2020-05-13,"Central Shenandoah",0-9,23,0,0
2020-05-13,"Central Shenandoah",19-Oct,50,1,0
2020-05-13,"Central Shenandoah",20-29,189,3,0
2020-05-13,"Central Shenandoah",30-39,170,4,0
2020-05-13,"Central Shenandoah",40-49,199,3,0
2020-05-13,"Central Shenandoah",50-59,208,19,1
2020-05-13,"Central Shenandoah",60-69,144,20,4
2020-05-13,"Central Shenandoah",70-79,65,14,9
2020-05-13,"Central Shenandoah",80+,65,10,10
2020-05-13,"Central Shenandoah",Missing,1,0,0
2020-05-13,"Central Virginia",0-9,3,0,0
2020-05-13,"Central Virginia",19-Oct,11,1,0
2020-05-13,"Central Virginia",20-29,25,2,0
2020-05-13,"Central Virginia",30-39,29,1,0
2020-05-13,"Central Virginia",40-49,23,0,0
2020-05-13,"Central Virginia",50-59,28,2,1
2020-05-13,"Central Virginia",60-69,30,3,1
2020-05-13,"Central Virginia",70-79,13,4,0
2020-05-13,"Central Virginia",80+,5,2,0
2020-05-13,"Central Virginia",Missing,0,0,0
2020-05-13,Chesapeake,0-9,8,1,0
2020-05-13,Chesapeake,19-Oct,8,0,0
2020-05-13,Chesapeake,20-29,36,3,0
2020-05-13,Chesapeake,30-39,62,3,0
2020-05-13,Chesapeake,40-49,54,9,0
2020-05-13,Chesapeake,50-59,68,15,1
2020-05-13,Chesapeake,60-69,50,16,3
2020-05-13,Chesapeake,70-79,34,17,0
2020-05-13,Chesapeake,80+,31,11,5
2020-05-13,Chesapeake,Missing,3,0,0
2020-05-13,Chesterfield,0-9,11,0,0
2020-05-13,Chesterfield,19-Oct,59,0,0
2020-05-13,Chesterfield,20-29,111,3,0
2020-05-13,Chesterfield,30-39,174,1,0
2020-05-13,Chesterfield,40-49,184,7,2
2020-05-13,Chesterfield,50-59,150,16,1
2020-05-13,Chesterfield,60-69,107,17,8
2020-05-13,Chesterfield,70-79,66,13,6
2020-05-13,Chesterfield,80+,91,13,19
2020-05-13,Chesterfield,Missing,2,0,0
2020-05-13,Chickahominy,0-9,4,0,0
2020-05-13,Chickahominy,19-Oct,6,0,0
2020-05-13,Chickahominy,20-29,38,0,0
2020-05-13,Chickahominy,30-39,39,0,0
2020-05-13,Chickahominy,40-49,46,7,1
2020-05-13,Chickahominy,50-59,65,13,0
2020-05-13,Chickahominy,60-69,40,13,3
2020-05-13,Chickahominy,70-79,30,14,4
2020-05-13,Chickahominy,80+,45,22,16
2020-05-13,Chickahominy,Missing,1,0,0
2020-05-13,Crater,0-9,4,1,0
2020-05-13,Crater,19-Oct,13,0,0
2020-05-13,Crater,20-29,44,5,0
2020-05-13,Crater,30-39,41,1,0
2020-05-13,Crater,40-49,50,10,1
2020-05-13,Crater,50-59,53,15,1
2020-05-13,Crater,60-69,55,21,8
2020-05-13,Crater,70-79,37,14,4
2020-05-13,Crater,80+,20,5,0
2020-05-13,Crater,Missing,0,0,0
2020-05-13,"Cumberland Plateau",0-9,0,0,0
2020-05-13,"Cumberland Plateau",19-Oct,11,0,0
2020-05-13,"Cumberland Plateau",20-29,1,0,0
2020-05-13,"Cumberland Plateau",30-39,5,0,0
2020-05-13,"Cumberland Plateau",40-49,4,0,0
2020-05-13,"Cumberland Plateau",50-59,3,1,0
2020-05-13,"Cumberland Plateau",60-69,2,1,0
2020-05-13,"Cumberland Plateau",70-79,2,0,0
2020-05-13,"Cumberland Plateau",80+,0,0,0
2020-05-13,"Cumberland Plateau",Missing,0,0,0
2020-05-13,"Eastern Shore",0-9,10,0,0
2020-05-13,"Eastern Shore",19-Oct,29,0,0
2020-05-13,"Eastern Shore",20-29,88,1,0
2020-05-13,"Eastern Shore",30-39,128,3,0
2020-05-13,"Eastern Shore",40-49,138,3,1
2020-05-13,"Eastern Shore",50-59,154,5,3
2020-05-13,"Eastern Shore",60-69,104,8,3
2020-05-13,"Eastern Shore",70-79,35,5,1
2020-05-13,"Eastern Shore",80+,33,9,4
2020-05-13,"Eastern Shore",Missing,0,0,0
2020-05-13,Fairfax,0-9,126,6,0
2020-05-13,Fairfax,19-Oct,249,9,0
2020-05-13,Fairfax,20-29,942,47,1
2020-05-13,Fairfax,30-39,1292,100,3
2020-05-13,Fairfax,40-49,1337,146,4
2020-05-13,Fairfax,50-59,1132,175,16
2020-05-13,Fairfax,60-69,767,198,33
2020-05-13,Fairfax,70-79,382,139,49
2020-05-13,Fairfax,80+,498,193,163
2020-05-13,Fairfax,Missing,23,1,0
2020-05-13,Hampton,0-9,6,0,0
2020-05-13,Hampton,19-Oct,6,0,0
2020-05-13,Hampton,20-29,27,1,0
2020-05-13,Hampton,30-39,27,2,0
2020-05-13,Hampton,40-49,17,2,0
2020-05-13,Hampton,50-59,31,8,1
2020-05-13,Hampton,60-69,20,8,1
2020-05-13,Hampton,70-79,11,6,0
2020-05-13,Hampton,80+,3,2,1
2020-05-13,Hampton,Missing,0,0,0
2020-05-13,Henrico,0-9,28,0,0
2020-05-13,Henrico,19-Oct,20,1,0
2020-05-13,Henrico,20-29,105,7,0
2020-05-13,Henrico,30-39,130,4,0
2020-05-13,Henrico,40-49,154,13,0
2020-05-13,Henrico,50-59,161,23,5
2020-05-13,Henrico,60-69,156,28,18
2020-05-13,Henrico,70-79,150,37,31
2020-05-13,Henrico,80+,234,52,57
2020-05-13,Henrico,Missing,8,1,1
2020-05-13,Lenowisco,0-9,4,0,0
2020-05-13,Lenowisco,19-Oct,2,0,0
2020-05-13,Lenowisco,20-29,6,0,0
2020-05-13,Lenowisco,30-39,3,1,1
2020-05-13,Lenowisco,40-49,5,2,0
2020-05-13,Lenowisco,50-59,13,5,0
2020-05-13,Lenowisco,60-69,5,4,2
2020-05-13,Lenowisco,70-79,4,3,1
2020-05-13,Lenowisco,80+,0,0,0
2020-05-13,Lenowisco,Missing,0,0,0
2020-05-13,"Lord Fairfax",0-9,13,0,0
2020-05-13,"Lord Fairfax",19-Oct,36,0,0
2020-05-13,"Lord Fairfax",20-29,118,0,0
2020-05-13,"Lord Fairfax",30-39,110,7,0
2020-05-13,"Lord Fairfax",40-49,111,4,0
2020-05-13,"Lord Fairfax",50-59,154,8,1
2020-05-13,"Lord Fairfax",60-69,113,22,6
2020-05-13,"Lord Fairfax",70-79,58,15,6
2020-05-13,"Lord Fairfax",80+,56,16,15
2020-05-13,"Lord Fairfax",Missing,1,0,0
2020-05-13,Loudoun,0-9,34,1,0
2020-05-13,Loudoun,19-Oct,51,0,0
2020-05-13,Loudoun,20-29,184,2,0
2020-05-13,Loudoun,30-39,192,11,0
2020-05-13,Loudoun,40-49,283,15,0
2020-05-13,Loudoun,50-59,245,21,1
2020-05-13,Loudoun,60-69,113,21,3
2020-05-13,Loudoun,70-79,70,27,6
2020-05-13,Loudoun,80+,110,31,28
2020-05-13,Loudoun,Missing,1,0,0
2020-05-13,"Mount Rogers",0-9,15,1,0
2020-05-13,"Mount Rogers",19-Oct,11,0,0
2020-05-13,"Mount Rogers",20-29,35,0,0
2020-05-13,"Mount Rogers",30-39,41,3,0
2020-05-13,"Mount Rogers",40-49,32,0,0
2020-05-13,"Mount Rogers",50-59,32,2,0
2020-05-13,"Mount Rogers",60-69,20,1,0
2020-05-13,"Mount Rogers",70-79,13,6,1
2020-05-13,"Mount Rogers",80+,4,4,3
2020-05-13,"Mount Rogers",Missing,0,0,0
2020-05-13,"New River",0-9,2,0,0
2020-05-13,"New River",19-Oct,3,0,0
2020-05-13,"New River",20-29,21,0,0
2020-05-13,"New River",30-39,5,0,0
2020-05-13,"New River",40-49,13,1,0
2020-05-13,"New River",50-59,15,2,0
2020-05-13,"New River",60-69,15,2,0
2020-05-13,"New River",70-79,9,5,1
2020-05-13,"New River",80+,4,2,0
2020-05-13,"New River",Missing,0,0,0
2020-05-13,Norfolk,0-9,4,0,0
2020-05-13,Norfolk,19-Oct,12,0,0
2020-05-13,Norfolk,20-29,64,0,0
2020-05-13,Norfolk,30-39,71,5,0
2020-05-13,Norfolk,40-49,60,9,0
2020-05-13,Norfolk,50-59,56,7,0
2020-05-13,Norfolk,60-69,33,13,1
2020-05-13,Norfolk,70-79,16,12,1
2020-05-13,Norfolk,80+,8,6,3
2020-05-13,Norfolk,Missing,3,0,0
2020-05-13,Peninsula,0-9,11,0,0
2020-05-13,Peninsula,19-Oct,8,1,0
2020-05-13,Peninsula,20-29,45,1,0
2020-05-13,Peninsula,30-39,51,5,1
2020-05-13,Peninsula,40-49,54,3,1
2020-05-13,Peninsula,50-59,84,15,2
2020-05-13,Peninsula,60-69,93,25,3
2020-05-13,Peninsula,70-79,72,36,10
2020-05-13,Peninsula,80+,34,22,13
2020-05-13,Peninsula,Missing,2,0,0
2020-05-13,Piedmont,0-9,1,0,0
2020-05-13,Piedmont,19-Oct,3,0,0
2020-05-13,Piedmont,20-29,74,0,0
2020-05-13,Piedmont,30-39,91,0,0
2020-05-13,Piedmont,40-49,98,4,0
2020-05-13,Piedmont,50-59,101,8,0
2020-05-13,Piedmont,60-69,73,9,2
2020-05-13,Piedmont,70-79,29,12,2
2020-05-13,Piedmont,80+,12,3,1
2020-05-13,Piedmont,Missing,0,0,0
2020-05-13,Pittsylvania-Danville,0-9,1,0,0
2020-05-13,Pittsylvania-Danville,19-Oct,1,0,0
2020-05-13,Pittsylvania-Danville,20-29,6,0,0
2020-05-13,Pittsylvania-Danville,30-39,8,0,0
2020-05-13,Pittsylvania-Danville,40-49,10,4,0
2020-05-13,Pittsylvania-Danville,50-59,12,5,0
2020-05-13,Pittsylvania-Danville,60-69,8,4,1
2020-05-13,Pittsylvania-Danville,70-79,9,6,0
2020-05-13,Pittsylvania-Danville,80+,3,2,1
2020-05-13,Pittsylvania-Danville,Missing,0,0,0
2020-05-13,Portsmouth,0-9,1,1,0
2020-05-13,Portsmouth,19-Oct,1,0,0
2020-05-13,Portsmouth,20-29,27,2,0
2020-05-13,Portsmouth,30-39,57,3,0
2020-05-13,Portsmouth,40-49,33,3,0
2020-05-13,Portsmouth,50-59,38,12,1
2020-05-13,Portsmouth,60-69,27,9,4
2020-05-13,Portsmouth,70-79,16,5,3
2020-05-13,Portsmouth,80+,13,4,1
2020-05-13,Portsmouth,Missing,0,0,0
2020-05-13,"Prince William",0-9,89,2,0
2020-05-13,"Prince William",19-Oct,191,3,0
2020-05-13,"Prince William",20-29,639,25,0
2020-05-13,"Prince William",30-39,728,42,1
2020-05-13,"Prince William",40-49,834,72,2
2020-05-13,"Prince William",50-59,681,92,4
2020-05-13,"Prince William",60-69,367,64,13
2020-05-13,"Prince William",70-79,136,42,21
2020-05-13,"Prince William",80+,104,34,31
2020-05-13,"Prince William",Missing,23,0,0
2020-05-13,Rappahannock,0-9,16,1,0
2020-05-13,Rappahannock,19-Oct,49,1,0
2020-05-13,Rappahannock,20-29,147,7,0
2020-05-13,Rappahannock,30-39,177,9,0
2020-05-13,Rappahannock,40-49,171,25,2
2020-05-13,Rappahannock,50-59,145,24,1
2020-05-13,Rappahannock,60-69,87,32,4
2020-05-13,Rappahannock,70-79,24,14,4
2020-05-13,Rappahannock,80+,16,9,3
2020-05-13,Rappahannock,Missing,6,0,0
2020-05-13,"Rappahannock Rapidan",0-9,21,1,0
2020-05-13,"Rappahannock Rapidan",19-Oct,39,0,0
2020-05-13,"Rappahannock Rapidan",20-29,102,1,0
2020-05-13,"Rappahannock Rapidan",30-39,132,9,1
2020-05-13,"Rappahannock Rapidan",40-49,134,6,1
2020-05-13,"Rappahannock Rapidan",50-59,80,10,0
2020-05-13,"Rappahannock Rapidan",60-69,50,8,1
2020-05-13,"Rappahannock Rapidan",70-79,20,5,4
2020-05-13,"Rappahannock Rapidan",80+,13,8,4
2020-05-13,"Rappahannock Rapidan",Missing,1,0,0
2020-05-13,Richmond,0-9,13,2,0
2020-05-13,Richmond,19-Oct,18,2,0
2020-05-13,Richmond,20-29,101,5,0
2020-05-13,Richmond,30-39,104,7,0
2020-05-13,Richmond,40-49,116,12,0
2020-05-13,Richmond,50-59,103,19,0
2020-05-13,Richmond,60-69,83,29,5
2020-05-13,Richmond,70-79,32,17,6
2020-05-13,Richmond,80+,22,9,7
2020-05-13,Richmond,Missing,0,0,0
2020-05-13,Roanoke,0-9,3,0,0
2020-05-13,Roanoke,19-Oct,0,0,0
2020-05-13,Roanoke,20-29,12,0,0
2020-05-13,Roanoke,30-39,17,0,0
2020-05-13,Roanoke,40-49,15,0,0
2020-05-13,Roanoke,50-59,13,1,0
2020-05-13,Roanoke,60-69,9,1,0
2020-05-13,Roanoke,70-79,8,2,0
2020-05-13,Roanoke,80+,35,3,1
2020-05-13,Roanoke,Missing,4,0,0
2020-05-13,Southside,0-9,1,0,0
2020-05-13,Southside,19-Oct,3,0,0
2020-05-13,Southside,20-29,20,2,0
2020-05-13,Southside,30-39,15,0,0
2020-05-13,Southside,40-49,17,3,0
2020-05-13,Southside,50-59,30,5,0
2020-05-13,Southside,60-69,25,7,1
2020-05-13,Southside,70-79,29,8,6
2020-05-13,Southside,80+,43,4,6
2020-05-13,Southside,Missing,0,0,0
2020-05-13,"Thomas Jefferson",0-9,5,1,0
2020-05-13,"Thomas Jefferson",19-Oct,8,0,0
2020-05-13,"Thomas Jefferson",20-29,47,0,0
2020-05-13,"Thomas Jefferson",30-39,55,3,0
2020-05-13,"Thomas Jefferson",40-49,41,5,0
2020-05-13,"Thomas Jefferson",50-59,57,8,1
2020-05-13,"Thomas Jefferson",60-69,45,13,2
2020-05-13,"Thomas Jefferson",70-79,44,15,1
2020-05-13,"Thomas Jefferson",80+,58,20,9
2020-05-13,"Thomas Jefferson",Missing,0,0,0
2020-05-13,"Three Rivers",0-9,2,0,0
2020-05-13,"Three Rivers",19-Oct,11,0,0
2020-05-13,"Three Rivers",20-29,48,1,0
2020-05-13,"Three Rivers",30-39,71,2,0
2020-05-13,"Three Rivers",40-49,78,6,1
2020-05-13,"Three Rivers",50-59,47,3,0
2020-05-13,"Three Rivers",60-69,52,7,0
2020-05-13,"Three Rivers",70-79,19,4,1
2020-05-13,"Three Rivers",80+,21,5,3
2020-05-13,"Three Rivers",Missing,1,0,0
2020-05-13,"Virginia Beach",0-9,2,0,0
2020-05-13,"Virginia Beach",19-Oct,12,0,0
2020-05-13,"Virginia Beach",20-29,61,1,0
2020-05-13,"Virginia Beach",30-39,79,6,0
2020-05-13,"Virginia Beach",40-49,76,13,1
2020-05-13,"Virginia Beach",50-59,83,12,0
2020-05-13,"Virginia Beach",60-69,86,13,1
2020-05-13,"Virginia Beach",70-79,48,22,4
2020-05-13,"Virginia Beach",80+,64,18,12
2020-05-13,"Virginia Beach",Missing,8,0,0
2020-05-13,"West Piedmont",0-9,0,0,0
2020-05-13,"West Piedmont",19-Oct,2,0,0
2020-05-13,"West Piedmont",20-29,6,0,0
2020-05-13,"West Piedmont",30-39,3,0,0
2020-05-13,"West Piedmont",40-49,11,1,0
2020-05-13,"West Piedmont",50-59,17,1,0
2020-05-13,"West Piedmont",60-69,14,1,0
2020-05-13,"West Piedmont",70-79,10,6,1
2020-05-13,"West Piedmont",80+,3,1,0
2020-05-13,"West Piedmont",Missing,0,0,0
2020-05-13,"Western Tidewater",0-9,3,0,0
2020-05-13,"Western Tidewater",19-Oct,4,0,0
2020-05-13,"Western Tidewater",20-29,31,0,0
2020-05-13,"Western Tidewater",30-39,39,1,0
2020-05-13,"Western Tidewater",40-49,66,3,0
2020-05-13,"Western Tidewater",50-59,82,5,0
2020-05-13,"Western Tidewater",60-69,88,10,4
2020-05-13,"Western Tidewater",70-79,64,17,10
2020-05-13,"Western Tidewater",80+,114,20,13
2020-05-13,"Western Tidewater",Missing,0,0,0
2020-05-14,Alexandria,0-9,59,2,0
2020-05-14,Alexandria,19-Oct,83,1,0
2020-05-14,Alexandria,20-29,198,4,1
2020-05-14,Alexandria,30-39,326,18,0
2020-05-14,Alexandria,40-49,262,22,0
2020-05-14,Alexandria,50-59,178,32,7
2020-05-14,Alexandria,60-69,114,25,1
2020-05-14,Alexandria,70-79,71,28,9
2020-05-14,Alexandria,80+,55,20,14
2020-05-14,Alexandria,Missing,3,0,0
2020-05-14,Alleghany,0-9,0,0,0
2020-05-14,Alleghany,19-Oct,2,0,0
2020-05-14,Alleghany,20-29,27,1,0
2020-05-14,Alleghany,30-39,13,2,0
2020-05-14,Alleghany,40-49,17,0,0
2020-05-14,Alleghany,50-59,35,4,0
2020-05-14,Alleghany,60-69,24,6,0
2020-05-14,Alleghany,70-79,18,3,2
2020-05-14,Alleghany,80+,21,7,2
2020-05-14,Alleghany,Missing,0,0,0
2020-05-14,Arlington,0-9,22,2,0
2020-05-14,Arlington,19-Oct,36,5,0
2020-05-14,Arlington,20-29,218,20,0
2020-05-14,Arlington,30-39,275,33,0
2020-05-14,Arlington,40-49,244,39,2
2020-05-14,Arlington,50-59,243,48,3
2020-05-14,Arlington,60-69,193,50,11
2020-05-14,Arlington,70-79,130,53,18
2020-05-14,Arlington,80+,137,55,36
2020-05-14,Arlington,Missing,1,0,0
2020-05-14,"Central Shenandoah",0-9,23,0,0
2020-05-14,"Central Shenandoah",19-Oct,50,1,0
2020-05-14,"Central Shenandoah",20-29,192,3,0
2020-05-14,"Central Shenandoah",30-39,173,4,0
2020-05-14,"Central Shenandoah",40-49,203,3,0
2020-05-14,"Central Shenandoah",50-59,213,19,1
2020-05-14,"Central Shenandoah",60-69,145,22,4
2020-05-14,"Central Shenandoah",70-79,68,15,9
2020-05-14,"Central Shenandoah",80+,68,11,10
2020-05-14,"Central Shenandoah",Missing,1,0,0
2020-05-14,"Central Virginia",0-9,3,0,0
2020-05-14,"Central Virginia",19-Oct,11,1,0
2020-05-14,"Central Virginia",20-29,25,2,0
2020-05-14,"Central Virginia",30-39,29,1,0
2020-05-14,"Central Virginia",40-49,23,0,0
2020-05-14,"Central Virginia",50-59,29,2,1
2020-05-14,"Central Virginia",60-69,31,3,1
2020-05-14,"Central Virginia",70-79,13,4,1
2020-05-14,"Central Virginia",80+,5,2,0
2020-05-14,"Central Virginia",Missing,0,0,0
2020-05-14,Chesapeake,0-9,8,1,0
2020-05-14,Chesapeake,19-Oct,8,0,0
2020-05-14,Chesapeake,20-29,38,3,0
2020-05-14,Chesapeake,30-39,64,3,0
2020-05-14,Chesapeake,40-49,56,10,0
2020-05-14,Chesapeake,50-59,71,15,1
2020-05-14,Chesapeake,60-69,50,16,3
2020-05-14,Chesapeake,70-79,34,17,0
2020-05-14,Chesapeake,80+,31,11,5
2020-05-14,Chesapeake,Missing,2,0,0
2020-05-14,Chesterfield,0-9,11,0,0
2020-05-14,Chesterfield,19-Oct,63,0,0
2020-05-14,Chesterfield,20-29,116,3,0
2020-05-14,Chesterfield,30-39,186,1,0
2020-05-14,Chesterfield,40-49,194,7,2
2020-05-14,Chesterfield,50-59,161,16,1
2020-05-14,Chesterfield,60-69,114,17,8
2020-05-14,Chesterfield,70-79,66,13,6
2020-05-14,Chesterfield,80+,91,13,19
2020-05-14,Chesterfield,Missing,3,0,0
2020-05-14,Chickahominy,0-9,4,0,0
2020-05-14,Chickahominy,19-Oct,6,0,0
2020-05-14,Chickahominy,20-29,40,0,0
2020-05-14,Chickahominy,30-39,41,0,0
2020-05-14,Chickahominy,40-49,46,7,1
2020-05-14,Chickahominy,50-59,67,14,0
2020-05-14,Chickahominy,60-69,40,14,4
2020-05-14,Chickahominy,70-79,33,14,4
2020-05-14,Chickahominy,80+,54,22,17
2020-05-14,Chickahominy,Missing,2,0,0
2020-05-14,Crater,0-9,4,1,0
2020-05-14,Crater,19-Oct,14,0,0
2020-05-14,Crater,20-29,44,5,0
2020-05-14,Crater,30-39,44,1,0
2020-05-14,Crater,40-49,58,10,1
2020-05-14,Crater,50-59,56,15,1
2020-05-14,Crater,60-69,61,22,8
2020-05-14,Crater,70-79,40,16,4
2020-05-14,Crater,80+,23,6,0
2020-05-14,Crater,Missing,0,0,0
2020-05-14,"Cumberland Plateau",0-9,0,0,0
2020-05-14,"Cumberland Plateau",19-Oct,11,0,0
2020-05-14,"Cumberland Plateau",20-29,1,0,0
2020-05-14,"Cumberland Plateau",30-39,5,0,0
2020-05-14,"Cumberland Plateau",40-49,4,0,0
2020-05-14,"Cumberland Plateau",50-59,3,1,0
2020-05-14,"Cumberland Plateau",60-69,2,1,0
2020-05-14,"Cumberland Plateau",70-79,2,0,0
2020-05-14,"Cumberland Plateau",80+,0,0,0
2020-05-14,"Cumberland Plateau",Missing,0,0,0
2020-05-14,"Eastern Shore",0-9,10,0,0
2020-05-14,"Eastern Shore",19-Oct,31,0,0
2020-05-14,"Eastern Shore",20-29,101,1,0
2020-05-14,"Eastern Shore",30-39,134,3,0
2020-05-14,"Eastern Shore",40-49,148,3,1
2020-05-14,"Eastern Shore",50-59,167,7,5
2020-05-14,"Eastern Shore",60-69,113,8,3
2020-05-14,"Eastern Shore",70-79,36,5,1
2020-05-14,"Eastern Shore",80+,37,11,4
2020-05-14,"Eastern Shore",Missing,0,0,0
2020-05-14,Fairfax,0-9,130,6,0
2020-05-14,Fairfax,19-Oct,263,10,0
2020-05-14,Fairfax,20-29,993,47,1
2020-05-14,Fairfax,30-39,1345,102,3
2020-05-14,Fairfax,40-49,1396,148,4
2020-05-14,Fairfax,50-59,1168,182,16
2020-05-14,Fairfax,60-69,800,200,33
2020-05-14,Fairfax,70-79,396,142,49
2020-05-14,Fairfax,80+,520,196,168
2020-05-14,Fairfax,Missing,24,1,0
2020-05-14,Hampton,0-9,6,0,0
2020-05-14,Hampton,19-Oct,7,0,0
2020-05-14,Hampton,20-29,29,1,0
2020-05-14,Hampton,30-39,28,2,0
2020-05-14,Hampton,40-49,18,2,0
2020-05-14,Hampton,50-59,33,8,1
2020-05-14,Hampton,60-69,21,8,1
2020-05-14,Hampton,70-79,11,6,0
2020-05-14,Hampton,80+,3,2,1
2020-05-14,Hampton,Missing,0,0,0
2020-05-14,Henrico,0-9,29,0,0
2020-05-14,Henrico,19-Oct,24,1,0
2020-05-14,Henrico,20-29,109,7,0
2020-05-14,Henrico,30-39,136,6,0
2020-05-14,Henrico,40-49,159,13,0
2020-05-14,Henrico,50-59,162,23,5
2020-05-14,Henrico,60-69,158,28,18
2020-05-14,Henrico,70-79,152,37,31
2020-05-14,Henrico,80+,234,52,57
2020-05-14,Henrico,Missing,11,1,1
2020-05-14,Lenowisco,0-9,4,0,0
2020-05-14,Lenowisco,19-Oct,2,0,0
2020-05-14,Lenowisco,20-29,6,0,0
2020-05-14,Lenowisco,30-39,3,1,1
2020-05-14,Lenowisco,40-49,5,2,0
2020-05-14,Lenowisco,50-59,13,5,0
2020-05-14,Lenowisco,60-69,5,4,2
2020-05-14,Lenowisco,70-79,4,3,1
2020-05-14,Lenowisco,80+,0,0,0
2020-05-14,Lenowisco,Missing,0,0,0
2020-05-14,"Lord Fairfax",0-9,13,0,0
2020-05-14,"Lord Fairfax",19-Oct,37,0,0
2020-05-14,"Lord Fairfax",20-29,122,0,0
2020-05-14,"Lord Fairfax",30-39,114,7,0
2020-05-14,"Lord Fairfax",40-49,117,4,1
2020-05-14,"Lord Fairfax",50-59,157,8,1
2020-05-14,"Lord Fairfax",60-69,116,23,7
2020-05-14,"Lord Fairfax",70-79,59,15,6
2020-05-14,"Lord Fairfax",80+,57,17,16
2020-05-14,"Lord Fairfax",Missing,1,0,0
2020-05-14,Loudoun,0-9,36,1,0
2020-05-14,Loudoun,19-Oct,56,0,0
2020-05-14,Loudoun,20-29,195,2,0
2020-05-14,Loudoun,30-39,203,11,0
2020-05-14,Loudoun,40-49,296,15,0
2020-05-14,Loudoun,50-59,253,21,1
2020-05-14,Loudoun,60-69,116,21,3
2020-05-14,Loudoun,70-79,72,27,7
2020-05-14,Loudoun,80+,111,33,33
2020-05-14,Loudoun,Missing,1,0,0
2020-05-14,"Mount Rogers",0-9,15,1,0
2020-05-14,"Mount Rogers",19-Oct,11,0,0
2020-05-14,"Mount Rogers",20-29,35,0,0
2020-05-14,"Mount Rogers",30-39,42,3,0
2020-05-14,"Mount Rogers",40-49,32,0,0
2020-05-14,"Mount Rogers",50-59,33,2,0
2020-05-14,"Mount Rogers",60-69,20,1,0
2020-05-14,"Mount Rogers",70-79,13,6,1
2020-05-14,"Mount Rogers",80+,4,4,3
2020-05-14,"Mount Rogers",Missing,0,0,0
2020-05-14,"New River",0-9,2,0,0
2020-05-14,"New River",19-Oct,3,0,0
2020-05-14,"New River",20-29,21,0,0
2020-05-14,"New River",30-39,6,0,0
2020-05-14,"New River",40-49,13,1,0
2020-05-14,"New River",50-59,15,2,0
2020-05-14,"New River",60-69,15,2,0
2020-05-14,"New River",70-79,9,5,1
2020-05-14,"New River",80+,4,2,0
2020-05-14,"New River",Missing,0,0,0
2020-05-14,Norfolk,0-9,4,0,0
2020-05-14,Norfolk,19-Oct,12,1,0
2020-05-14,Norfolk,20-29,67,1,0
2020-05-14,Norfolk,30-39,75,6,0
2020-05-14,Norfolk,40-49,60,9,0
2020-05-14,Norfolk,50-59,57,7,0
2020-05-14,Norfolk,60-69,34,13,1
2020-05-14,Norfolk,70-79,16,13,1
2020-05-14,Norfolk,80+,8,6,3
2020-05-14,Norfolk,Missing,5,0,0
2020-05-14,Peninsula,0-9,11,0,0
2020-05-14,Peninsula,19-Oct,8,1,0
2020-05-14,Peninsula,20-29,49,1,0
2020-05-14,Peninsula,30-39,53,5,1
2020-05-14,Peninsula,40-49,55,3,1
2020-05-14,Peninsula,50-59,84,15,2
2020-05-14,Peninsula,60-69,94,25,3
2020-05-14,Peninsula,70-79,72,36,10
2020-05-14,Peninsula,80+,34,22,13
2020-05-14,Peninsula,Missing,3,0,0
2020-05-14,Piedmont,0-9,1,0,0
2020-05-14,Piedmont,19-Oct,3,0,0
2020-05-14,Piedmont,20-29,74,0,0
2020-05-14,Piedmont,30-39,91,0,0
2020-05-14,Piedmont,40-49,99,4,0
2020-05-14,Piedmont,50-59,102,8,0
2020-05-14,Piedmont,60-69,74,9,2
2020-05-14,Piedmont,70-79,29,12,2
2020-05-14,Piedmont,80+,13,3,1
2020-05-14,Piedmont,Missing,0,0,0
2020-05-14,Pittsylvania-Danville,0-9,1,0,0
2020-05-14,Pittsylvania-Danville,19-Oct,1,0,0
2020-05-14,Pittsylvania-Danville,20-29,6,0,0
2020-05-14,Pittsylvania-Danville,30-39,9,0,0
2020-05-14,Pittsylvania-Danville,40-49,11,4,0
2020-05-14,Pittsylvania-Danville,50-59,12,5,0
2020-05-14,Pittsylvania-Danville,60-69,8,4,1
2020-05-14,Pittsylvania-Danville,70-79,9,6,0
2020-05-14,Pittsylvania-Danville,80+,3,2,1
2020-05-14,Pittsylvania-Danville,Missing,0,0,0
2020-05-14,Portsmouth,0-9,1,1,0
2020-05-14,Portsmouth,19-Oct,1,0,0
2020-05-14,Portsmouth,20-29,27,2,0
2020-05-14,Portsmouth,30-39,58,3,0
2020-05-14,Portsmouth,40-49,35,3,0
2020-05-14,Portsmouth,50-59,39,12,1
2020-05-14,Portsmouth,60-69,27,9,4
2020-05-14,Portsmouth,70-79,16,5,3
2020-05-14,Portsmouth,80+,13,4,1
2020-05-14,Portsmouth,Missing,0,0,0
2020-05-14,"Prince William",0-9,99,2,0
2020-05-14,"Prince William",19-Oct,213,3,0
2020-05-14,"Prince William",20-29,677,27,0
2020-05-14,"Prince William",30-39,771,42,1
2020-05-14,"Prince William",40-49,882,74,2
2020-05-14,"Prince William",50-59,719,95,4
2020-05-14,"Prince William",60-69,386,64,13
2020-05-14,"Prince William",70-79,146,43,22
2020-05-14,"Prince William",80+,107,35,32
2020-05-14,"Prince William",Missing,36,0,0
2020-05-14,Rappahannock,0-9,18,1,0
2020-05-14,Rappahannock,19-Oct,55,1,0
2020-05-14,Rappahannock,20-29,159,7,0
2020-05-14,Rappahannock,30-39,183,10,0
2020-05-14,Rappahannock,40-49,175,25,2
2020-05-14,Rappahannock,50-59,149,24,1
2020-05-14,Rappahannock,60-69,87,32,4
2020-05-14,Rappahannock,70-79,24,14,4
2020-05-14,Rappahannock,80+,16,9,3
2020-05-14,Rappahannock,Missing,7,0,0
2020-05-14,"Rappahannock Rapidan",0-9,22,1,0
2020-05-14,"Rappahannock Rapidan",19-Oct,42,0,0
2020-05-14,"Rappahannock Rapidan",20-29,103,1,0
2020-05-14,"Rappahannock Rapidan",30-39,136,9,1
2020-05-14,"Rappahannock Rapidan",40-49,138,8,1
2020-05-14,"Rappahannock Rapidan",50-59,85,12,0
2020-05-14,"Rappahannock Rapidan",60-69,52,8,1
2020-05-14,"Rappahannock Rapidan",70-79,20,5,4
2020-05-14,"Rappahannock Rapidan",80+,13,8,4
2020-05-14,"Rappahannock Rapidan",Missing,1,0,0
2020-05-14,Richmond,0-9,14,2,0
2020-05-14,Richmond,19-Oct,21,2,0
2020-05-14,Richmond,20-29,103,5,0
2020-05-14,Richmond,30-39,108,7,0
2020-05-14,Richmond,40-49,121,12,0
2020-05-14,Richmond,50-59,105,19,0
2020-05-14,Richmond,60-69,85,29,5
2020-05-14,Richmond,70-79,32,17,6
2020-05-14,Richmond,80+,22,9,7
2020-05-14,Richmond,Missing,0,0,0
2020-05-14,Roanoke,0-9,3,0,0
2020-05-14,Roanoke,19-Oct,0,0,0
2020-05-14,Roanoke,20-29,12,0,0
2020-05-14,Roanoke,30-39,20,0,0
2020-05-14,Roanoke,40-49,16,0,0
2020-05-14,Roanoke,50-59,13,1,0
2020-05-14,Roanoke,60-69,9,1,0
2020-05-14,Roanoke,70-79,8,2,0
2020-05-14,Roanoke,80+,35,3,1
2020-05-14,Roanoke,Missing,4,0,0
2020-05-14,Southside,0-9,1,0,0
2020-05-14,Southside,19-Oct,3,0,0
2020-05-14,Southside,20-29,21,2,0
2020-05-14,Southside,30-39,16,0,0
2020-05-14,Southside,40-49,18,3,0
2020-05-14,Southside,50-59,31,5,0
2020-05-14,Southside,60-69,29,8,1
2020-05-14,Southside,70-79,30,8,6
2020-05-14,Southside,80+,44,4,6
2020-05-14,Southside,Missing,0,0,0
2020-05-14,"Thomas Jefferson",0-9,5,1,0
2020-05-14,"Thomas Jefferson",19-Oct,9,0,0
2020-05-14,"Thomas Jefferson",20-29,47,0,0
2020-05-14,"Thomas Jefferson",30-39,55,3,0
2020-05-14,"Thomas Jefferson",40-49,43,5,0
2020-05-14,"Thomas Jefferson",50-59,58,8,1
2020-05-14,"Thomas Jefferson",60-69,45,13,2
2020-05-14,"Thomas Jefferson",70-79,44,15,1
2020-05-14,"Thomas Jefferson",80+,58,20,9
2020-05-14,"Thomas Jefferson",Missing,0,0,0
2020-05-14,"Three Rivers",0-9,2,0,0
2020-05-14,"Three Rivers",19-Oct,12,0,0
2020-05-14,"Three Rivers",20-29,52,1,0
2020-05-14,"Three Rivers",30-39,71,2,0
2020-05-14,"Three Rivers",40-49,78,7,1
2020-05-14,"Three Rivers",50-59,48,3,0
2020-05-14,"Three Rivers",60-69,54,7,0
2020-05-14,"Three Rivers",70-79,20,4,2
2020-05-14,"Three Rivers",80+,21,5,3
2020-05-14,"Three Rivers",Missing,1,0,0
2020-05-14,"Virginia Beach",0-9,2,0,0
2020-05-14,"Virginia Beach",19-Oct,15,0,0
2020-05-14,"Virginia Beach",20-29,64,1,0
2020-05-14,"Virginia Beach",30-39,78,6,0
2020-05-14,"Virginia Beach",40-49,78,14,1
2020-05-14,"Virginia Beach",50-59,84,12,0
2020-05-14,"Virginia Beach",60-69,86,13,1
2020-05-14,"Virginia Beach",70-79,48,22,5
2020-05-14,"Virginia Beach",80+,64,18,12
2020-05-14,"Virginia Beach",Missing,9,0,0
2020-05-14,"West Piedmont",0-9,0,0,0
2020-05-14,"West Piedmont",19-Oct,2,0,0
2020-05-14,"West Piedmont",20-29,6,0,0
2020-05-14,"West Piedmont",30-39,3,0,0
2020-05-14,"West Piedmont",40-49,11,1,0
2020-05-14,"West Piedmont",50-59,17,1,0
2020-05-14,"West Piedmont",60-69,14,1,0
2020-05-14,"West Piedmont",70-79,10,6,2
2020-05-14,"West Piedmont",80+,4,1,0
2020-05-14,"West Piedmont",Missing,0,0,0
2020-05-14,"Western Tidewater",0-9,3,0,0
2020-05-14,"Western Tidewater",19-Oct,5,0,0
2020-05-14,"Western Tidewater",20-29,31,0,0
2020-05-14,"Western Tidewater",30-39,39,1,0
2020-05-14,"Western Tidewater",40-49,66,3,0
2020-05-14,"Western Tidewater",50-59,83,5,0
2020-05-14,"Western Tidewater",60-69,88,10,4
2020-05-14,"Western Tidewater",70-79,65,17,10
2020-05-14,"Western Tidewater",80+,114,21,14
2020-05-14,"Western Tidewater",Missing,1,0,0
2020-05-15,Alexandria,0-9,60,2,0
2020-05-15,Alexandria,19-Oct,84,1,0
2020-05-15,Alexandria,20-29,204,5,1
2020-05-15,Alexandria,30-39,328,20,0
2020-05-15,Alexandria,40-49,269,24,0
2020-05-15,Alexandria,50-59,185,32,7
2020-05-15,Alexandria,60-69,122,25,1
2020-05-15,Alexandria,70-79,77,30,9
2020-05-15,Alexandria,80+,64,20,14
2020-05-15,Alexandria,Missing,3,0,0
2020-05-15,Alleghany,0-9,0,0,0
2020-05-15,Alleghany,19-Oct,2,0,0
2020-05-15,Alleghany,20-29,27,1,0
2020-05-15,Alleghany,30-39,13,2,0
2020-05-15,Alleghany,40-49,17,0,0
2020-05-15,Alleghany,50-59,35,4,0
2020-05-15,Alleghany,60-69,24,6,0
2020-05-15,Alleghany,70-79,18,3,2
2020-05-15,Alleghany,80+,21,7,2
2020-05-15,Alleghany,Missing,0,0,0
2020-05-15,Arlington,0-9,23,2,0
2020-05-15,Arlington,19-Oct,39,5,0
2020-05-15,Arlington,20-29,223,20,0
2020-05-15,Arlington,30-39,280,33,0
2020-05-15,Arlington,40-49,253,39,2
2020-05-15,Arlington,50-59,250,48,3
2020-05-15,Arlington,60-69,197,50,11
2020-05-15,Arlington,70-79,130,53,18
2020-05-15,Arlington,80+,138,56,37
2020-05-15,Arlington,Missing,1,0,0
2020-05-15,"Central Shenandoah",0-9,23,0,0
2020-05-15,"Central Shenandoah",19-Oct,51,1,0
2020-05-15,"Central Shenandoah",20-29,196,4,0
2020-05-15,"Central Shenandoah",30-39,178,4,0
2020-05-15,"Central Shenandoah",40-49,208,3,0
2020-05-15,"Central Shenandoah",50-59,217,20,1
2020-05-15,"Central Shenandoah",60-69,152,23,4
2020-05-15,"Central Shenandoah",70-79,70,16,9
2020-05-15,"Central Shenandoah",80+,67,11,10
2020-05-15,"Central Shenandoah",Missing,1,0,0
2020-05-15,"Central Virginia",0-9,3,0,0
2020-05-15,"Central Virginia",19-Oct,12,1,0
2020-05-15,"Central Virginia",20-29,24,2,0
2020-05-15,"Central Virginia",30-39,30,1,0
2020-05-15,"Central Virginia",40-49,23,1,0
2020-05-15,"Central Virginia",50-59,29,2,1
2020-05-15,"Central Virginia",60-69,32,3,1
2020-05-15,"Central Virginia",70-79,13,4,1
2020-05-15,"Central Virginia",80+,5,2,0
2020-05-15,"Central Virginia",Missing,0,0,0
2020-05-15,Chesapeake,0-9,8,1,0
2020-05-15,Chesapeake,19-Oct,8,0,0
2020-05-15,Chesapeake,20-29,43,3,0
2020-05-15,Chesapeake,30-39,67,3,0
2020-05-15,Chesapeake,40-49,59,10,0
2020-05-15,Chesapeake,50-59,75,15,1
2020-05-15,Chesapeake,60-69,51,16,3
2020-05-15,Chesapeake,70-79,35,17,1
2020-05-15,Chesapeake,80+,31,11,5
2020-05-15,Chesapeake,Missing,2,0,0
2020-05-15,Chesterfield,0-9,12,0,0
2020-05-15,Chesterfield,19-Oct,66,0,0
2020-05-15,Chesterfield,20-29,121,3,0
2020-05-15,Chesterfield,30-39,198,1,0
2020-05-15,Chesterfield,40-49,198,7,2
2020-05-15,Chesterfield,50-59,163,17,1
2020-05-15,Chesterfield,60-69,117,18,8
2020-05-15,Chesterfield,70-79,66,13,6
2020-05-15,Chesterfield,80+,94,13,19
2020-05-15,Chesterfield,Missing,8,0,0
2020-05-15,Chickahominy,0-9,4,0,0
2020-05-15,Chickahominy,19-Oct,8,0,0
2020-05-15,Chickahominy,20-29,40,0,0
2020-05-15,Chickahominy,30-39,43,0,0
2020-05-15,Chickahominy,40-49,47,7,1
2020-05-15,Chickahominy,50-59,67,14,0
2020-05-15,Chickahominy,60-69,40,14,4
2020-05-15,Chickahominy,70-79,33,14,4
2020-05-15,Chickahominy,80+,58,22,17
2020-05-15,Chickahominy,Missing,2,0,0
2020-05-15,Crater,0-9,5,1,0
2020-05-15,Crater,19-Oct,14,0,0
2020-05-15,Crater,20-29,45,5,0
2020-05-15,Crater,30-39,48,1,0
2020-05-15,Crater,40-49,65,10,1
2020-05-15,Crater,50-59,62,15,1
2020-05-15,Crater,60-69,63,22,8
2020-05-15,Crater,70-79,40,16,4
2020-05-15,Crater,80+,23,6,0
2020-05-15,Crater,Missing,0,0,0
2020-05-15,"Cumberland Plateau",0-9,0,0,0
2020-05-15,"Cumberland Plateau",19-Oct,11,0,0
2020-05-15,"Cumberland Plateau",20-29,1,0,0
2020-05-15,"Cumberland Plateau",30-39,5,0,0
2020-05-15,"Cumberland Plateau",40-49,4,0,0
2020-05-15,"Cumberland Plateau",50-59,3,1,0
2020-05-15,"Cumberland Plateau",60-69,2,1,0
2020-05-15,"Cumberland Plateau",70-79,2,0,0
2020-05-15,"Cumberland Plateau",80+,0,0,0
2020-05-15,"Cumberland Plateau",Missing,0,0,0
2020-05-15,"Eastern Shore",0-9,10,0,0
2020-05-15,"Eastern Shore",19-Oct,34,0,0
2020-05-15,"Eastern Shore",20-29,115,1,0
2020-05-15,"Eastern Shore",30-39,145,3,0
2020-05-15,"Eastern Shore",40-49,160,4,2
2020-05-15,"Eastern Shore",50-59,183,8,5
2020-05-15,"Eastern Shore",60-69,118,9,4
2020-05-15,"Eastern Shore",70-79,39,5,1
2020-05-15,"Eastern Shore",80+,37,11,4
2020-05-15,"Eastern Shore",Missing,0,0,0
2020-05-15,Fairfax,0-9,136,6,0
2020-05-15,Fairfax,19-Oct,278,10,0
2020-05-15,Fairfax,20-29,1010,48,1
2020-05-15,Fairfax,30-39,1385,103,3
2020-05-15,Fairfax,40-49,1436,149,4
2020-05-15,Fairfax,50-59,1205,187,16
2020-05-15,Fairfax,60-69,821,202,34
2020-05-15,Fairfax,70-79,410,145,50
2020-05-15,Fairfax,80+,539,199,172
2020-05-15,Fairfax,Missing,25,1,0
2020-05-15,Hampton,0-9,6,0,0
2020-05-15,Hampton,19-Oct,7,0,0
2020-05-15,Hampton,20-29,29,1,0
2020-05-15,Hampton,30-39,28,2,0
2020-05-15,Hampton,40-49,19,2,0
2020-05-15,Hampton,50-59,33,8,1
2020-05-15,Hampton,60-69,22,8,1
2020-05-15,Hampton,70-79,11,6,0
2020-05-15,Hampton,80+,3,2,1
2020-05-15,Hampton,Missing,0,0,0
2020-05-15,Henrico,0-9,30,0,0
2020-05-15,Henrico,19-Oct,27,1,0
2020-05-15,Henrico,20-29,114,7,0
2020-05-15,Henrico,30-39,142,6,0
2020-05-15,Henrico,40-49,164,13,0
2020-05-15,Henrico,50-59,165,23,5
2020-05-15,Henrico,60-69,159,28,19
2020-05-15,Henrico,70-79,152,38,31
2020-05-15,Henrico,80+,234,52,57
2020-05-15,Henrico,Missing,11,1,1
2020-05-15,Lenowisco,0-9,4,0,0
2020-05-15,Lenowisco,19-Oct,2,0,0
2020-05-15,Lenowisco,20-29,6,0,0
2020-05-15,Lenowisco,30-39,3,1,1
2020-05-15,Lenowisco,40-49,5,2,0
2020-05-15,Lenowisco,50-59,13,5,0
2020-05-15,Lenowisco,60-69,5,4,2
2020-05-15,Lenowisco,70-79,4,3,1
2020-05-15,Lenowisco,80+,0,0,0
2020-05-15,Lenowisco,Missing,0,0,0
2020-05-15,"Lord Fairfax",0-9,14,0,0
2020-05-15,"Lord Fairfax",19-Oct,39,0,0
2020-05-15,"Lord Fairfax",20-29,122,0,0
2020-05-15,"Lord Fairfax",30-39,120,8,0
2020-05-15,"Lord Fairfax",40-49,123,4,1
2020-05-15,"Lord Fairfax",50-59,160,8,1
2020-05-15,"Lord Fairfax",60-69,117,23,7
2020-05-15,"Lord Fairfax",70-79,61,15,6
2020-05-15,"Lord Fairfax",80+,58,17,17
2020-05-15,"Lord Fairfax",Missing,1,0,0
2020-05-15,Loudoun,0-9,38,1,0
2020-05-15,Loudoun,19-Oct,58,0,0
2020-05-15,Loudoun,20-29,197,2,0
2020-05-15,Loudoun,30-39,212,11,0
2020-05-15,Loudoun,40-49,303,16,0
2020-05-15,Loudoun,50-59,257,22,1
2020-05-15,Loudoun,60-69,119,21,3
2020-05-15,Loudoun,70-79,74,27,8
2020-05-15,Loudoun,80+,114,34,36
2020-05-15,Loudoun,Missing,2,0,0
2020-05-15,"Mount Rogers",0-9,15,1,0
2020-05-15,"Mount Rogers",19-Oct,12,0,0
2020-05-15,"Mount Rogers",20-29,36,0,0
2020-05-15,"Mount Rogers",30-39,42,3,0
2020-05-15,"Mount Rogers",40-49,32,0,0
2020-05-15,"Mount Rogers",50-59,35,2,0
2020-05-15,"Mount Rogers",60-69,20,1,0
2020-05-15,"Mount Rogers",70-79,13,6,1
2020-05-15,"Mount Rogers",80+,4,4,3
2020-05-15,"Mount Rogers",Missing,0,0,0
2020-05-15,"New River",0-9,2,0,0
2020-05-15,"New River",19-Oct,3,0,0
2020-05-15,"New River",20-29,21,0,0
2020-05-15,"New River",30-39,6,0,0
2020-05-15,"New River",40-49,13,1,0
2020-05-15,"New River",50-59,15,2,0
2020-05-15,"New River",60-69,15,2,0
2020-05-15,"New River",70-79,9,5,1
2020-05-15,"New River",80+,4,2,0
2020-05-15,"New River",Missing,0,0,0
2020-05-15,Norfolk,0-9,4,0,0
2020-05-15,Norfolk,19-Oct,14,1,0
2020-05-15,Norfolk,20-29,72,1,0
2020-05-15,Norfolk,30-39,76,6,0
2020-05-15,Norfolk,40-49,60,9,0
2020-05-15,Norfolk,50-59,58,7,0
2020-05-15,Norfolk,60-69,35,13,1
2020-05-15,Norfolk,70-79,16,13,1
2020-05-15,Norfolk,80+,9,6,3
2020-05-15,Norfolk,Missing,5,0,0
2020-05-15,Peninsula,0-9,11,0,0
2020-05-15,Peninsula,19-Oct,8,1,0
2020-05-15,Peninsula,20-29,49,1,0
2020-05-15,Peninsula,30-39,55,6,1
2020-05-15,Peninsula,40-49,58,4,1
2020-05-15,Peninsula,50-59,86,15,2
2020-05-15,Peninsula,60-69,95,26,3
2020-05-15,Peninsula,70-79,72,36,10
2020-05-15,Peninsula,80+,36,22,14
2020-05-15,Peninsula,Missing,4,0,0
2020-05-15,Piedmont,0-9,1,0,0
2020-05-15,Piedmont,19-Oct,3,0,0
2020-05-15,Piedmont,20-29,75,0,0
2020-05-15,Piedmont,30-39,97,0,0
2020-05-15,Piedmont,40-49,104,4,0
2020-05-15,Piedmont,50-59,108,9,0
2020-05-15,Piedmont,60-69,77,9,2
2020-05-15,Piedmont,70-79,29,12,2
2020-05-15,Piedmont,80+,13,3,1
2020-05-15,Piedmont,Missing,0,0,0
2020-05-15,Pittsylvania-Danville,0-9,1,0,0
2020-05-15,Pittsylvania-Danville,19-Oct,1,0,0
2020-05-15,Pittsylvania-Danville,20-29,6,0,0
2020-05-15,Pittsylvania-Danville,30-39,9,0,0
2020-05-15,Pittsylvania-Danville,40-49,11,4,0
2020-05-15,Pittsylvania-Danville,50-59,12,5,0
2020-05-15,Pittsylvania-Danville,60-69,8,4,1
2020-05-15,Pittsylvania-Danville,70-79,10,7,0
2020-05-15,Pittsylvania-Danville,80+,3,2,1
2020-05-15,Pittsylvania-Danville,Missing,0,0,0
2020-05-15,Portsmouth,0-9,1,1,0
2020-05-15,Portsmouth,19-Oct,1,0,0
2020-05-15,Portsmouth,20-29,29,2,0
2020-05-15,Portsmouth,30-39,58,3,0
2020-05-15,Portsmouth,40-49,35,3,0
2020-05-15,Portsmouth,50-59,39,12,1
2020-05-15,Portsmouth,60-69,27,9,4
2020-05-15,Portsmouth,70-79,16,5,3
2020-05-15,Portsmouth,80+,13,4,2
2020-05-15,Portsmouth,Missing,0,0,0
2020-05-15,"Prince William",0-9,106,2,0
2020-05-15,"Prince William",19-Oct,219,3,0
2020-05-15,"Prince William",20-29,695,27,0
2020-05-15,"Prince William",30-39,790,47,1
2020-05-15,"Prince William",40-49,904,78,2
2020-05-15,"Prince William",50-59,728,96,4
2020-05-15,"Prince William",60-69,391,65,13
2020-05-15,"Prince William",70-79,149,45,22
2020-05-15,"Prince William",80+,109,35,33
2020-05-15,"Prince William",Missing,39,0,0
2020-05-15,Rappahannock,0-9,20,1,0
2020-05-15,Rappahannock,19-Oct,59,1,0
2020-05-15,Rappahannock,20-29,163,7,0
2020-05-15,Rappahannock,30-39,194,10,0
2020-05-15,Rappahannock,40-49,178,25,2
2020-05-15,Rappahannock,50-59,153,24,1
2020-05-15,Rappahannock,60-69,89,32,4
2020-05-15,Rappahannock,70-79,24,14,4
2020-05-15,Rappahannock,80+,16,9,3
2020-05-15,Rappahannock,Missing,6,0,0
2020-05-15,"Rappahannock Rapidan",0-9,22,1,0
2020-05-15,"Rappahannock Rapidan",19-Oct,44,0,0
2020-05-15,"Rappahannock Rapidan",20-29,114,1,0
2020-05-15,"Rappahannock Rapidan",30-39,139,9,1
2020-05-15,"Rappahannock Rapidan",40-49,141,9,1
2020-05-15,"Rappahannock Rapidan",50-59,87,12,0
2020-05-15,"Rappahannock Rapidan",60-69,52,8,1
2020-05-15,"Rappahannock Rapidan",70-79,20,5,4
2020-05-15,"Rappahannock Rapidan",80+,13,8,4
2020-05-15,"Rappahannock Rapidan",Missing,1,0,0
2020-05-15,Richmond,0-9,16,2,0
2020-05-15,Richmond,19-Oct,27,2,0
2020-05-15,Richmond,20-29,114,5,0
2020-05-15,Richmond,30-39,127,7,0
2020-05-15,Richmond,40-49,132,12,0
2020-05-15,Richmond,50-59,109,21,0
2020-05-15,Richmond,60-69,86,29,5
2020-05-15,Richmond,70-79,32,17,6
2020-05-15,Richmond,80+,22,10,7
2020-05-15,Richmond,Missing,0,0,0
2020-05-15,Roanoke,0-9,3,0,0
2020-05-15,Roanoke,19-Oct,0,0,0
2020-05-15,Roanoke,20-29,12,0,0
2020-05-15,Roanoke,30-39,20,0,0
2020-05-15,Roanoke,40-49,16,0,0
2020-05-15,Roanoke,50-59,13,1,0
2020-05-15,Roanoke,60-69,9,1,0
2020-05-15,Roanoke,70-79,8,2,0
2020-05-15,Roanoke,80+,35,3,1
2020-05-15,Roanoke,Missing,4,0,0
2020-05-15,Southside,0-9,1,0,0
2020-05-15,Southside,19-Oct,3,0,0
2020-05-15,Southside,20-29,21,2,0
2020-05-15,Southside,30-39,16,0,0
2020-05-15,Southside,40-49,18,3,0
2020-05-15,Southside,50-59,32,5,0
2020-05-15,Southside,60-69,30,9,3
2020-05-15,Southside,70-79,30,8,6
2020-05-15,Southside,80+,48,6,7
2020-05-15,Southside,Missing,0,0,0
2020-05-15,"Thomas Jefferson",0-9,5,1,0
2020-05-15,"Thomas Jefferson",19-Oct,9,0,0
2020-05-15,"Thomas Jefferson",20-29,49,0,0
2020-05-15,"Thomas Jefferson",30-39,56,3,0
2020-05-15,"Thomas Jefferson",40-49,44,5,0
2020-05-15,"Thomas Jefferson",50-59,58,8,1
2020-05-15,"Thomas Jefferson",60-69,46,13,2
2020-05-15,"Thomas Jefferson",70-79,44,15,1
2020-05-15,"Thomas Jefferson",80+,59,20,9
2020-05-15,"Thomas Jefferson",Missing,0,0,0
2020-05-15,"Three Rivers",0-9,2,0,0
2020-05-15,"Three Rivers",19-Oct,12,0,0
2020-05-15,"Three Rivers",20-29,51,1,0
2020-05-15,"Three Rivers",30-39,71,2,0
2020-05-15,"Three Rivers",40-49,78,7,1
2020-05-15,"Three Rivers",50-59,48,3,0
2020-05-15,"Three Rivers",60-69,54,8,0
2020-05-15,"Three Rivers",70-79,21,4,2
2020-05-15,"Three Rivers",80+,21,5,3
2020-05-15,"Three Rivers",Missing,1,0,0
2020-05-15,"Virginia Beach",0-9,3,0,0
2020-05-15,"Virginia Beach",19-Oct,16,0,0
2020-05-15,"Virginia Beach",20-29,63,1,0
2020-05-15,"Virginia Beach",30-39,79,6,0
2020-05-15,"Virginia Beach",40-49,82,14,1
2020-05-15,"Virginia Beach",50-59,86,12,0
2020-05-15,"Virginia Beach",60-69,86,13,1
2020-05-15,"Virginia Beach",70-79,48,22,5
2020-05-15,"Virginia Beach",80+,64,18,12
2020-05-15,"Virginia Beach",Missing,8,0,0
2020-05-15,"West Piedmont",0-9,0,0,0
2020-05-15,"West Piedmont",19-Oct,3,0,0
2020-05-15,"West Piedmont",20-29,7,0,0
2020-05-15,"West Piedmont",30-39,3,0,0
2020-05-15,"West Piedmont",40-49,11,1,0
2020-05-15,"West Piedmont",50-59,17,1,0
2020-05-15,"West Piedmont",60-69,14,1,0
2020-05-15,"West Piedmont",70-79,10,6,2
2020-05-15,"West Piedmont",80+,4,1,0
2020-05-15,"West Piedmont",Missing,0,0,0
2020-05-15,"Western Tidewater",0-9,3,0,0
2020-05-15,"Western Tidewater",19-Oct,5,0,0
2020-05-15,"Western Tidewater",20-29,33,0,0
2020-05-15,"Western Tidewater",30-39,42,1,0
2020-05-15,"Western Tidewater",40-49,67,3,0
2020-05-15,"Western Tidewater",50-59,87,5,0
2020-05-15,"Western Tidewater",60-69,94,10,4
2020-05-15,"Western Tidewater",70-79,71,17,10
2020-05-15,"Western Tidewater",80+,128,21,14
2020-05-15,"Western Tidewater",Missing,2,0,0
2020-05-16,Alexandria,0-9,63,2,0
2020-05-16,Alexandria,19-Oct,96,1,0
2020-05-16,Alexandria,20-29,215,5,1
2020-05-16,Alexandria,30-39,338,20,0
2020-05-16,Alexandria,40-49,280,24,0
2020-05-16,Alexandria,50-59,194,32,7
2020-05-16,Alexandria,60-69,130,25,1
2020-05-16,Alexandria,70-79,77,29,9
2020-05-16,Alexandria,80+,64,20,16
2020-05-16,Alexandria,Missing,3,0,0
2020-05-16,Alleghany,0-9,0,0,0
2020-05-16,Alleghany,19-Oct,2,0,0
2020-05-16,Alleghany,20-29,27,1,0
2020-05-16,Alleghany,30-39,13,2,0
2020-05-16,Alleghany,40-49,18,0,0
2020-05-16,Alleghany,50-59,35,4,0
2020-05-16,Alleghany,60-69,24,6,0
2020-05-16,Alleghany,70-79,18,3,3
2020-05-16,Alleghany,80+,21,7,3
2020-05-16,Alleghany,Missing,0,0,0
2020-05-16,Arlington,0-9,24,2,0
2020-05-16,Arlington,19-Oct,40,5,0
2020-05-16,Arlington,20-29,228,20,0
2020-05-16,Arlington,30-39,288,35,0
2020-05-16,Arlington,40-49,258,42,2
2020-05-16,Arlington,50-59,254,49,3
2020-05-16,Arlington,60-69,199,53,11
2020-05-16,Arlington,70-79,130,55,19
2020-05-16,Arlington,80+,138,56,39
2020-05-16,Arlington,Missing,1,0,0
2020-05-16,"Central Shenandoah",0-9,25,0,0
2020-05-16,"Central Shenandoah",19-Oct,57,1,0
2020-05-16,"Central Shenandoah",20-29,199,4,0
2020-05-16,"Central Shenandoah",30-39,177,4,0
2020-05-16,"Central Shenandoah",40-49,211,4,0
2020-05-16,"Central Shenandoah",50-59,219,20,1
2020-05-16,"Central Shenandoah",60-69,154,25,4
2020-05-16,"Central Shenandoah",70-79,71,17,9
2020-05-16,"Central Shenandoah",80+,67,11,10
2020-05-16,"Central Shenandoah",Missing,1,0,0
2020-05-16,"Central Virginia",0-9,3,0,0
2020-05-16,"Central Virginia",19-Oct,12,1,0
2020-05-16,"Central Virginia",20-29,24,2,0
2020-05-16,"Central Virginia",30-39,30,1,0
2020-05-16,"Central Virginia",40-49,23,1,0
2020-05-16,"Central Virginia",50-59,31,2,1
2020-05-16,"Central Virginia",60-69,32,3,1
2020-05-16,"Central Virginia",70-79,13,4,1
2020-05-16,"Central Virginia",80+,5,2,0
2020-05-16,"Central Virginia",Missing,0,0,0
2020-05-16,Chesapeake,0-9,8,1,0
2020-05-16,Chesapeake,19-Oct,8,0,0
2020-05-16,Chesapeake,20-29,44,3,0
2020-05-16,Chesapeake,30-39,66,3,0
2020-05-16,Chesapeake,40-49,60,10,0
2020-05-16,Chesapeake,50-59,75,15,1
2020-05-16,Chesapeake,60-69,51,16,3
2020-05-16,Chesapeake,70-79,35,17,1
2020-05-16,Chesapeake,80+,31,11,5
2020-05-16,Chesapeake,Missing,2,0,0
2020-05-16,Chesterfield,0-9,12,0,0
2020-05-16,Chesterfield,19-Oct,69,0,0
2020-05-16,Chesterfield,20-29,131,3,0
2020-05-16,Chesterfield,30-39,207,1,0
2020-05-16,Chesterfield,40-49,201,7,2
2020-05-16,Chesterfield,50-59,168,17,1
2020-05-16,Chesterfield,60-69,120,18,8
2020-05-16,Chesterfield,70-79,67,13,6
2020-05-16,Chesterfield,80+,95,13,19
2020-05-16,Chesterfield,Missing,8,0,0
2020-05-16,Chickahominy,0-9,4,0,0
2020-05-16,Chickahominy,19-Oct,8,0,0
2020-05-16,Chickahominy,20-29,40,0,0
2020-05-16,Chickahominy,30-39,44,0,0
2020-05-16,Chickahominy,40-49,48,7,1
2020-05-16,Chickahominy,50-59,68,14,0
2020-05-16,Chickahominy,60-69,40,14,4
2020-05-16,Chickahominy,70-79,35,15,4
2020-05-16,Chickahominy,80+,60,23,17
2020-05-16,Chickahominy,Missing,3,0,0
2020-05-16,Crater,0-9,5,1,0
2020-05-16,Crater,19-Oct,14,0,0
2020-05-16,Crater,20-29,46,5,0
2020-05-16,Crater,30-39,49,1,0
2020-05-16,Crater,40-49,67,11,1
2020-05-16,Crater,50-59,65,15,1
2020-05-16,Crater,60-69,64,22,8
2020-05-16,Crater,70-79,41,16,4
2020-05-16,Crater,80+,27,6,0
2020-05-16,Crater,Missing,0,0,0
2020-05-16,"Cumberland Plateau",0-9,0,0,0
2020-05-16,"Cumberland Plateau",19-Oct,11,0,0
2020-05-16,"Cumberland Plateau",20-29,1,0,0
2020-05-16,"Cumberland Plateau",30-39,5,0,0
2020-05-16,"Cumberland Plateau",40-49,4,0,0
2020-05-16,"Cumberland Plateau",50-59,3,1,0
2020-05-16,"Cumberland Plateau",60-69,4,1,0
2020-05-16,"Cumberland Plateau",70-79,2,0,0
2020-05-16,"Cumberland Plateau",80+,0,0,0
2020-05-16,"Cumberland Plateau",Missing,0,0,0
2020-05-16,"Eastern Shore",0-9,10,0,0
2020-05-16,"Eastern Shore",19-Oct,36,0,0
2020-05-16,"Eastern Shore",20-29,117,2,0
2020-05-16,"Eastern Shore",30-39,152,4,0
2020-05-16,"Eastern Shore",40-49,162,4,2
2020-05-16,"Eastern Shore",50-59,186,8,5
2020-05-16,"Eastern Shore",60-69,122,9,4
2020-05-16,"Eastern Shore",70-79,40,5,1
2020-05-16,"Eastern Shore",80+,39,11,5
2020-05-16,"Eastern Shore",Missing,0,0,0
2020-05-16,Fairfax,0-9,146,7,0
2020-05-16,Fairfax,19-Oct,289,10,0
2020-05-16,Fairfax,20-29,1042,48,1
2020-05-16,Fairfax,30-39,1430,105,3
2020-05-16,Fairfax,40-49,1471,153,4
2020-05-16,Fairfax,50-59,1244,190,16
2020-05-16,Fairfax,60-69,856,207,34
2020-05-16,Fairfax,70-79,423,152,52
2020-05-16,Fairfax,80+,548,203,175
2020-05-16,Fairfax,Missing,26,1,0
2020-05-16,Hampton,0-9,6,0,0
2020-05-16,Hampton,19-Oct,7,0,0
2020-05-16,Hampton,20-29,29,1,0
2020-05-16,Hampton,30-39,28,2,0
2020-05-16,Hampton,40-49,19,2,0
2020-05-16,Hampton,50-59,33,8,1
2020-05-16,Hampton,60-69,22,9,1
2020-05-16,Hampton,70-79,11,6,0
2020-05-16,Hampton,80+,3,2,1
2020-05-16,Hampton,Missing,0,0,0
2020-05-16,Henrico,0-9,30,0,0
2020-05-16,Henrico,19-Oct,28,1,0
2020-05-16,Henrico,20-29,119,7,0
2020-05-16,Henrico,30-39,149,6,0
2020-05-16,Henrico,40-49,166,14,0
2020-05-16,Henrico,50-59,170,22,5
2020-05-16,Henrico,60-69,162,28,19
2020-05-16,Henrico,70-79,153,39,31
2020-05-16,Henrico,80+,238,52,57
2020-05-16,Henrico,Missing,11,1,1
2020-05-16,Lenowisco,0-9,4,0,0
2020-05-16,Lenowisco,19-Oct,2,0,0
2020-05-16,Lenowisco,20-29,6,0,0
2020-05-16,Lenowisco,30-39,3,1,1
2020-05-16,Lenowisco,40-49,5,2,0
2020-05-16,Lenowisco,50-59,13,5,0
2020-05-16,Lenowisco,60-69,5,4,2
2020-05-16,Lenowisco,70-79,4,3,1
2020-05-16,Lenowisco,80+,0,0,0
2020-05-16,Lenowisco,Missing,0,0,0
2020-05-16,"Lord Fairfax",0-9,15,0,0
2020-05-16,"Lord Fairfax",19-Oct,39,0,0
2020-05-16,"Lord Fairfax",20-29,127,0,0
2020-05-16,"Lord Fairfax",30-39,129,8,0
2020-05-16,"Lord Fairfax",40-49,132,4,1
2020-05-16,"Lord Fairfax",50-59,168,8,1
2020-05-16,"Lord Fairfax",60-69,124,23,7
2020-05-16,"Lord Fairfax",70-79,62,15,6
2020-05-16,"Lord Fairfax",80+,62,17,18
2020-05-16,"Lord Fairfax",Missing,1,0,0
2020-05-16,Loudoun,0-9,40,1,0
2020-05-16,Loudoun,19-Oct,62,0,0
2020-05-16,Loudoun,20-29,201,2,0
2020-05-16,Loudoun,30-39,232,12,0
2020-05-16,Loudoun,40-49,315,16,0
2020-05-16,Loudoun,50-59,264,22,1
2020-05-16,Loudoun,60-69,122,22,3
2020-05-16,Loudoun,70-79,75,27,8
2020-05-16,Loudoun,80+,115,35,36
2020-05-16,Loudoun,Missing,4,0,0
2020-05-16,"Mount Rogers",0-9,16,1,0
2020-05-16,"Mount Rogers",19-Oct,15,0,0
2020-05-16,"Mount Rogers",20-29,37,0,0
2020-05-16,"Mount Rogers",30-39,46,3,0
2020-05-16,"Mount Rogers",40-49,36,0,0
2020-05-16,"Mount Rogers",50-59,37,2,0
2020-05-16,"Mount Rogers",60-69,21,1,0
2020-05-16,"Mount Rogers",70-79,13,6,1
2020-05-16,"Mount Rogers",80+,4,4,3
2020-05-16,"Mount Rogers",Missing,0,0,0
2020-05-16,"New River",0-9,2,0,0
2020-05-16,"New River",19-Oct,3,0,0
2020-05-16,"New River",20-29,21,0,0
2020-05-16,"New River",30-39,6,0,0
2020-05-16,"New River",40-49,13,1,0
2020-05-16,"New River",50-59,15,2,0
2020-05-16,"New River",60-69,15,2,0
2020-05-16,"New River",70-79,9,5,1
2020-05-16,"New River",80+,4,2,0
2020-05-16,"New River",Missing,0,0,0
2020-05-16,Norfolk,0-9,4,0,0
2020-05-16,Norfolk,19-Oct,14,1,0
2020-05-16,Norfolk,20-29,72,1,0
2020-05-16,Norfolk,30-39,77,6,0
2020-05-16,Norfolk,40-49,60,9,0
2020-05-16,Norfolk,50-59,58,7,0
2020-05-16,Norfolk,60-69,36,13,1
2020-05-16,Norfolk,70-79,16,13,1
2020-05-16,Norfolk,80+,9,6,3
2020-05-16,Norfolk,Missing,4,0,0
2020-05-16,Peninsula,0-9,11,0,0
2020-05-16,Peninsula,19-Oct,8,1,0
2020-05-16,Peninsula,20-29,50,1,0
2020-05-16,Peninsula,30-39,55,6,1
2020-05-16,Peninsula,40-49,58,4,1
2020-05-16,Peninsula,50-59,87,15,2
2020-05-16,Peninsula,60-69,95,26,3
2020-05-16,Peninsula,70-79,74,36,10
2020-05-16,Peninsula,80+,36,23,14
2020-05-16,Peninsula,Missing,4,0,0
2020-05-16,Piedmont,0-9,1,0,0
2020-05-16,Piedmont,19-Oct,4,0,0
2020-05-16,Piedmont,20-29,83,0,0
2020-05-16,Piedmont,30-39,104,0,0
2020-05-16,Piedmont,40-49,113,4,0
2020-05-16,Piedmont,50-59,121,9,0
2020-05-16,Piedmont,60-69,88,10,2
2020-05-16,Piedmont,70-79,32,12,2
2020-05-16,Piedmont,80+,13,3,1
2020-05-16,Piedmont,Missing,0,0,0
2020-05-16,Pittsylvania-Danville,0-9,1,0,0
2020-05-16,Pittsylvania-Danville,19-Oct,1,0,0
2020-05-16,Pittsylvania-Danville,20-29,7,0,0
2020-05-16,Pittsylvania-Danville,30-39,9,0,0
2020-05-16,Pittsylvania-Danville,40-49,12,4,0
2020-05-16,Pittsylvania-Danville,50-59,15,6,0
2020-05-16,Pittsylvania-Danville,60-69,9,4,1
2020-05-16,Pittsylvania-Danville,70-79,10,7,0
2020-05-16,Pittsylvania-Danville,80+,3,2,1
2020-05-16,Pittsylvania-Danville,Missing,0,0,0
2020-05-16,Portsmouth,0-9,1,1,0
2020-05-16,Portsmouth,19-Oct,1,0,0
2020-05-16,Portsmouth,20-29,30,2,0
2020-05-16,Portsmouth,30-39,58,3,0
2020-05-16,Portsmouth,40-49,37,3,0
2020-05-16,Portsmouth,50-59,39,12,1
2020-05-16,Portsmouth,60-69,27,9,4
2020-05-16,Portsmouth,70-79,16,5,3
2020-05-16,Portsmouth,80+,13,4,2
2020-05-16,Portsmouth,Missing,0,0,0
2020-05-16,"Prince William",0-9,110,2,0
2020-05-16,"Prince William",19-Oct,238,3,0
2020-05-16,"Prince William",20-29,727,27,0
2020-05-16,"Prince William",30-39,830,49,1
2020-05-16,"Prince William",40-49,941,79,2
2020-05-16,"Prince William",50-59,751,98,4
2020-05-16,"Prince William",60-69,414,65,13
2020-05-16,"Prince William",70-79,150,47,22
2020-05-16,"Prince William",80+,114,35,35
2020-05-16,"Prince William",Missing,45,0,0
2020-05-16,Rappahannock,0-9,21,1,0
2020-05-16,Rappahannock,19-Oct,68,1,0
2020-05-16,Rappahannock,20-29,171,7,0
2020-05-16,Rappahannock,30-39,199,10,0
2020-05-16,Rappahannock,40-49,180,25,2
2020-05-16,Rappahannock,50-59,156,24,1
2020-05-16,Rappahannock,60-69,97,32,4
2020-05-16,Rappahannock,70-79,24,14,4
2020-05-16,Rappahannock,80+,16,9,3
2020-05-16,Rappahannock,Missing,8,0,0
2020-05-16,"Rappahannock Rapidan",0-9,23,1,0
2020-05-16,"Rappahannock Rapidan",19-Oct,47,0,0
2020-05-16,"Rappahannock Rapidan",20-29,120,1,0
2020-05-16,"Rappahannock Rapidan",30-39,146,9,1
2020-05-16,"Rappahannock Rapidan",40-49,146,9,1
2020-05-16,"Rappahannock Rapidan",50-59,92,12,0
2020-05-16,"Rappahannock Rapidan",60-69,54,8,1
2020-05-16,"Rappahannock Rapidan",70-79,22,5,4
2020-05-16,"Rappahannock Rapidan",80+,14,8,4
2020-05-16,"Rappahannock Rapidan",Missing,1,0,0
2020-05-16,Richmond,0-9,20,2,0
2020-05-16,Richmond,19-Oct,34,2,0
2020-05-16,Richmond,20-29,130,6,0
2020-05-16,Richmond,30-39,146,7,0
2020-05-16,Richmond,40-49,148,12,0
2020-05-16,Richmond,50-59,117,23,0
2020-05-16,Richmond,60-69,92,30,5
2020-05-16,Richmond,70-79,32,17,6
2020-05-16,Richmond,80+,22,10,7
2020-05-16,Richmond,Missing,0,0,0
2020-05-16,Roanoke,0-9,3,0,0
2020-05-16,Roanoke,19-Oct,0,0,0
2020-05-16,Roanoke,20-29,12,0,0
2020-05-16,Roanoke,30-39,20,0,0
2020-05-16,Roanoke,40-49,16,0,0
2020-05-16,Roanoke,50-59,13,1,0
2020-05-16,Roanoke,60-69,9,1,0
2020-05-16,Roanoke,70-79,8,2,0
2020-05-16,Roanoke,80+,36,3,8
2020-05-16,Roanoke,Missing,3,0,0
2020-05-16,Southside,0-9,1,0,0
2020-05-16,Southside,19-Oct,3,0,0
2020-05-16,Southside,20-29,21,2,0
2020-05-16,Southside,30-39,17,0,0
2020-05-16,Southside,40-49,18,3,0
2020-05-16,Southside,50-59,34,5,0
2020-05-16,Southside,60-69,32,9,3
2020-05-16,Southside,70-79,31,9,7
2020-05-16,Southside,80+,54,6,7
2020-05-16,Southside,Missing,0,0,0
2020-05-16,"Thomas Jefferson",0-9,5,1,0
2020-05-16,"Thomas Jefferson",19-Oct,10,0,0
2020-05-16,"Thomas Jefferson",20-29,50,0,0
2020-05-16,"Thomas Jefferson",30-39,57,3,0
2020-05-16,"Thomas Jefferson",40-49,46,5,0
2020-05-16,"Thomas Jefferson",50-59,59,8,1
2020-05-16,"Thomas Jefferson",60-69,47,13,2
2020-05-16,"Thomas Jefferson",70-79,45,15,1
2020-05-16,"Thomas Jefferson",80+,59,20,9
2020-05-16,"Thomas Jefferson",Missing,0,0,0
2020-05-16,"Three Rivers",0-9,2,0,0
2020-05-16,"Three Rivers",19-Oct,13,0,0
2020-05-16,"Three Rivers",20-29,52,1,0
2020-05-16,"Three Rivers",30-39,71,2,0
2020-05-16,"Three Rivers",40-49,78,7,1
2020-05-16,"Three Rivers",50-59,51,3,0
2020-05-16,"Three Rivers",60-69,56,8,0
2020-05-16,"Three Rivers",70-79,22,4,2
2020-05-16,"Three Rivers",80+,21,5,3
2020-05-16,"Three Rivers",Missing,1,0,0
2020-05-16,"Virginia Beach",0-9,3,0,0
2020-05-16,"Virginia Beach",19-Oct,16,0,0
2020-05-16,"Virginia Beach",20-29,64,1,0
2020-05-16,"Virginia Beach",30-39,80,6,0
2020-05-16,"Virginia Beach",40-49,82,14,1
2020-05-16,"Virginia Beach",50-59,86,12,0
2020-05-16,"Virginia Beach",60-69,87,13,1
2020-05-16,"Virginia Beach",70-79,48,22,5
2020-05-16,"Virginia Beach",80+,64,18,12
2020-05-16,"Virginia Beach",Missing,9,0,0
2020-05-16,"West Piedmont",0-9,0,0,0
2020-05-16,"West Piedmont",19-Oct,4,0,0
2020-05-16,"West Piedmont",20-29,8,0,0
2020-05-16,"West Piedmont",30-39,4,0,0
2020-05-16,"West Piedmont",40-49,12,2,1
2020-05-16,"West Piedmont",50-59,18,1,0
2020-05-16,"West Piedmont",60-69,14,1,0
2020-05-16,"West Piedmont",70-79,10,6,2
2020-05-16,"West Piedmont",80+,4,2,0
2020-05-16,"West Piedmont",Missing,0,0,0
2020-05-16,"Western Tidewater",0-9,3,0,0
2020-05-16,"Western Tidewater",19-Oct,5,0,0
2020-05-16,"Western Tidewater",20-29,34,0,0
2020-05-16,"Western Tidewater",30-39,43,1,0
2020-05-16,"Western Tidewater",40-49,67,3,0
2020-05-16,"Western Tidewater",50-59,90,5,0
2020-05-16,"Western Tidewater",60-69,94,10,4
2020-05-16,"Western Tidewater",70-79,71,17,10
2020-05-16,"Western Tidewater",80+,128,21,14
2020-05-16,"Western Tidewater",Missing,2,0,0
2020-05-17,Alexandria,0-9,66,2,0
2020-05-17,Alexandria,19-Oct,98,1,0
2020-05-17,Alexandria,20-29,217,5,1
2020-05-17,Alexandria,30-39,342,20,0
2020-05-17,Alexandria,40-49,282,24,0
2020-05-17,Alexandria,50-59,193,32,7
2020-05-17,Alexandria,60-69,132,26,1
2020-05-17,Alexandria,70-79,79,29,9
2020-05-17,Alexandria,80+,64,20,16
2020-05-17,Alexandria,Missing,3,0,0
2020-05-17,Alleghany,0-9,0,0,0
2020-05-17,Alleghany,19-Oct,2,0,0
2020-05-17,Alleghany,20-29,28,1,0
2020-05-17,Alleghany,30-39,14,2,0
2020-05-17,Alleghany,40-49,18,0,0
2020-05-17,Alleghany,50-59,35,4,0
2020-05-17,Alleghany,60-69,24,6,0
2020-05-17,Alleghany,70-79,19,3,3
2020-05-17,Alleghany,80+,21,7,3
2020-05-17,Alleghany,Missing,0,0,0
2020-05-17,Arlington,0-9,24,2,0
2020-05-17,Arlington,19-Oct,43,5,0
2020-05-17,Arlington,20-29,233,20,0
2020-05-17,Arlington,30-39,290,35,0
2020-05-17,Arlington,40-49,262,42,2
2020-05-17,Arlington,50-59,257,49,3
2020-05-17,Arlington,60-69,201,54,11
2020-05-17,Arlington,70-79,130,55,19
2020-05-17,Arlington,80+,148,56,40
2020-05-17,Arlington,Missing,2,0,0
2020-05-17,"Central Shenandoah",0-9,25,0,0
2020-05-17,"Central Shenandoah",19-Oct,58,1,0
2020-05-17,"Central Shenandoah",20-29,200,4,0
2020-05-17,"Central Shenandoah",30-39,179,4,0
2020-05-17,"Central Shenandoah",40-49,211,4,0
2020-05-17,"Central Shenandoah",50-59,221,20,1
2020-05-17,"Central Shenandoah",60-69,155,25,4
2020-05-17,"Central Shenandoah",70-79,71,18,9
2020-05-17,"Central Shenandoah",80+,67,12,10
2020-05-17,"Central Shenandoah",Missing,1,0,0
2020-05-17,"Central Virginia",0-9,3,0,0
2020-05-17,"Central Virginia",19-Oct,12,1,0
2020-05-17,"Central Virginia",20-29,24,2,0
2020-05-17,"Central Virginia",30-39,31,1,0
2020-05-17,"Central Virginia",40-49,23,1,0
2020-05-17,"Central Virginia",50-59,31,2,1
2020-05-17,"Central Virginia",60-69,32,3,1
2020-05-17,"Central Virginia",70-79,13,4,1
2020-05-17,"Central Virginia",80+,5,2,0
2020-05-17,"Central Virginia",Missing,0,0,0
2020-05-17,Chesapeake,0-9,8,1,0
2020-05-17,Chesapeake,19-Oct,8,0,0
2020-05-17,Chesapeake,20-29,45,3,0
2020-05-17,Chesapeake,30-39,67,3,0
2020-05-17,Chesapeake,40-49,61,10,0
2020-05-17,Chesapeake,50-59,76,16,1
2020-05-17,Chesapeake,60-69,51,16,3
2020-05-17,Chesapeake,70-79,35,17,1
2020-05-17,Chesapeake,80+,31,11,5
2020-05-17,Chesapeake,Missing,2,0,0
2020-05-17,Chesterfield,0-9,12,0,0
2020-05-17,Chesterfield,19-Oct,71,0,0
2020-05-17,Chesterfield,20-29,132,3,0
2020-05-17,Chesterfield,30-39,209,1,0
2020-05-17,Chesterfield,40-49,203,7,2
2020-05-17,Chesterfield,50-59,167,17,1
2020-05-17,Chesterfield,60-69,121,18,8
2020-05-17,Chesterfield,70-79,67,13,6
2020-05-17,Chesterfield,80+,95,13,19
2020-05-17,Chesterfield,Missing,11,0,0
2020-05-17,Chickahominy,0-9,4,0,0
2020-05-17,Chickahominy,19-Oct,8,0,0
2020-05-17,Chickahominy,20-29,40,0,0
2020-05-17,Chickahominy,30-39,43,0,0
2020-05-17,Chickahominy,40-49,49,7,1
2020-05-17,Chickahominy,50-59,68,14,0
2020-05-17,Chickahominy,60-69,40,14,4
2020-05-17,Chickahominy,70-79,35,15,4
2020-05-17,Chickahominy,80+,63,24,17
2020-05-17,Chickahominy,Missing,5,0,0
2020-05-17,Crater,0-9,5,1,0
2020-05-17,Crater,19-Oct,14,0,0
2020-05-17,Crater,20-29,46,5,0
2020-05-17,Crater,30-39,49,1,0
2020-05-17,Crater,40-49,67,11,1
2020-05-17,Crater,50-59,67,15,1
2020-05-17,Crater,60-69,64,22,8
2020-05-17,Crater,70-79,42,16,4
2020-05-17,Crater,80+,28,6,0
2020-05-17,Crater,Missing,0,0,0
2020-05-17,"Cumberland Plateau",0-9,0,0,0
2020-05-17,"Cumberland Plateau",19-Oct,11,0,0
2020-05-17,"Cumberland Plateau",20-29,1,0,0
2020-05-17,"Cumberland Plateau",30-39,5,0,0
2020-05-17,"Cumberland Plateau",40-49,4,0,0
2020-05-17,"Cumberland Plateau",50-59,3,1,0
2020-05-17,"Cumberland Plateau",60-69,4,1,0
2020-05-17,"Cumberland Plateau",70-79,2,0,0
2020-05-17,"Cumberland Plateau",80+,0,0,0
2020-05-17,"Cumberland Plateau",Missing,0,0,0
2020-05-17,"Eastern Shore",0-9,10,0,0
2020-05-17,"Eastern Shore",19-Oct,36,0,0
2020-05-17,"Eastern Shore",20-29,124,2,0
2020-05-17,"Eastern Shore",30-39,153,4,0
2020-05-17,"Eastern Shore",40-49,165,4,2
2020-05-17,"Eastern Shore",50-59,194,8,5
2020-05-17,"Eastern Shore",60-69,125,9,4
2020-05-17,"Eastern Shore",70-79,40,5,1
2020-05-17,"Eastern Shore",80+,39,12,6
2020-05-17,"Eastern Shore",Missing,0,0,0
2020-05-17,Fairfax,0-9,155,7,0
2020-05-17,Fairfax,19-Oct,311,11,0
2020-05-17,Fairfax,20-29,1093,49,1
2020-05-17,Fairfax,30-39,1500,107,3
2020-05-17,Fairfax,40-49,1516,158,4
2020-05-17,Fairfax,50-59,1275,195,16
2020-05-17,Fairfax,60-69,874,211,35
2020-05-17,Fairfax,70-79,426,155,54
2020-05-17,Fairfax,80+,556,205,176
2020-05-17,Fairfax,Missing,28,1,0
2020-05-17,Hampton,0-9,6,0,0
2020-05-17,Hampton,19-Oct,7,0,0
2020-05-17,Hampton,20-29,30,1,0
2020-05-17,Hampton,30-39,29,2,0
2020-05-17,Hampton,40-49,19,2,0
2020-05-17,Hampton,50-59,33,8,1
2020-05-17,Hampton,60-69,23,9,1
2020-05-17,Hampton,70-79,11,6,0
2020-05-17,Hampton,80+,3,2,1
2020-05-17,Hampton,Missing,0,0,0
2020-05-17,Henrico,0-9,33,0,0
2020-05-17,Henrico,19-Oct,29,1,0
2020-05-17,Henrico,20-29,122,7,0
2020-05-17,Henrico,30-39,152,6,0
2020-05-17,Henrico,40-49,172,14,0
2020-05-17,Henrico,50-59,173,22,5
2020-05-17,Henrico,60-69,164,28,19
2020-05-17,Henrico,70-79,152,39,31
2020-05-17,Henrico,80+,239,53,57
2020-05-17,Henrico,Missing,16,1,1
2020-05-17,Lenowisco,0-9,4,0,0
2020-05-17,Lenowisco,19-Oct,2,0,0
2020-05-17,Lenowisco,20-29,6,0,0
2020-05-17,Lenowisco,30-39,3,1,1
2020-05-17,Lenowisco,40-49,5,2,0
2020-05-17,Lenowisco,50-59,13,5,0
2020-05-17,Lenowisco,60-69,5,4,2
2020-05-17,Lenowisco,70-79,4,3,1
2020-05-17,Lenowisco,80+,0,0,0
2020-05-17,Lenowisco,Missing,0,0,0
2020-05-17,"Lord Fairfax",0-9,15,0,0
2020-05-17,"Lord Fairfax",19-Oct,39,0,0
2020-05-17,"Lord Fairfax",20-29,130,0,0
2020-05-17,"Lord Fairfax",30-39,132,8,0
2020-05-17,"Lord Fairfax",40-49,135,4,1
2020-05-17,"Lord Fairfax",50-59,170,8,1
2020-05-17,"Lord Fairfax",60-69,126,23,7
2020-05-17,"Lord Fairfax",70-79,62,15,6
2020-05-17,"Lord Fairfax",80+,63,17,18
2020-05-17,"Lord Fairfax",Missing,1,0,0
2020-05-17,Loudoun,0-9,42,1,0
2020-05-17,Loudoun,19-Oct,64,0,0
2020-05-17,Loudoun,20-29,206,2,0
2020-05-17,Loudoun,30-39,235,12,0
2020-05-17,Loudoun,40-49,319,17,0
2020-05-17,Loudoun,50-59,262,22,1
2020-05-17,Loudoun,60-69,123,22,3
2020-05-17,Loudoun,70-79,75,27,8
2020-05-17,Loudoun,80+,116,36,36
2020-05-17,Loudoun,Missing,4,0,0
2020-05-17,"Mount Rogers",0-9,16,1,0
2020-05-17,"Mount Rogers",19-Oct,15,0,0
2020-05-17,"Mount Rogers",20-29,37,0,0
2020-05-17,"Mount Rogers",30-39,49,3,0
2020-05-17,"Mount Rogers",40-49,38,0,0
2020-05-17,"Mount Rogers",50-59,38,2,0
2020-05-17,"Mount Rogers",60-69,22,1,0
2020-05-17,"Mount Rogers",70-79,13,6,1
2020-05-17,"Mount Rogers",80+,4,4,3
2020-05-17,"Mount Rogers",Missing,0,0,0
2020-05-17,"New River",0-9,2,0,0
2020-05-17,"New River",19-Oct,3,0,0
2020-05-17,"New River",20-29,21,0,0
2020-05-17,"New River",30-39,6,0,0
2020-05-17,"New River",40-49,13,1,0
2020-05-17,"New River",50-59,15,2,0
2020-05-17,"New River",60-69,15,2,0
2020-05-17,"New River",70-79,9,5,1
2020-05-17,"New River",80+,4,2,0
2020-05-17,"New River",Missing,0,0,0
2020-05-17,Norfolk,0-9,4,0,0
2020-05-17,Norfolk,19-Oct,14,1,0
2020-05-17,Norfolk,20-29,73,1,0
2020-05-17,Norfolk,30-39,75,6,0
2020-05-17,Norfolk,40-49,60,9,0
2020-05-17,Norfolk,50-59,58,7,0
2020-05-17,Norfolk,60-69,36,13,1
2020-05-17,Norfolk,70-79,17,13,1
2020-05-17,Norfolk,80+,9,6,3
2020-05-17,Norfolk,Missing,4,0,0
2020-05-17,Peninsula,0-9,12,0,0
2020-05-17,Peninsula,19-Oct,9,1,0
2020-05-17,Peninsula,20-29,52,1,0
2020-05-17,Peninsula,30-39,56,6,1
2020-05-17,Peninsula,40-49,59,4,1
2020-05-17,Peninsula,50-59,86,15,2
2020-05-17,Peninsula,60-69,95,26,3
2020-05-17,Peninsula,70-79,75,36,10
2020-05-17,Peninsula,80+,43,23,14
2020-05-17,Peninsula,Missing,4,0,0
2020-05-17,Piedmont,0-9,1,0,0
2020-05-17,Piedmont,19-Oct,4,0,0
2020-05-17,Piedmont,20-29,83,0,0
2020-05-17,Piedmont,30-39,104,0,0
2020-05-17,Piedmont,40-49,113,4,0
2020-05-17,Piedmont,50-59,121,9,0
2020-05-17,Piedmont,60-69,88,10,2
2020-05-17,Piedmont,70-79,32,12,2
2020-05-17,Piedmont,80+,13,3,1
2020-05-17,Piedmont,Missing,0,0,0
2020-05-17,Pittsylvania-Danville,0-9,1,0,0
2020-05-17,Pittsylvania-Danville,19-Oct,1,0,0
2020-05-17,Pittsylvania-Danville,20-29,7,0,0
2020-05-17,Pittsylvania-Danville,30-39,10,0,0
2020-05-17,Pittsylvania-Danville,40-49,12,4,0
2020-05-17,Pittsylvania-Danville,50-59,15,6,0
2020-05-17,Pittsylvania-Danville,60-69,9,4,1
2020-05-17,Pittsylvania-Danville,70-79,10,7,0
2020-05-17,Pittsylvania-Danville,80+,3,2,1
2020-05-17,Pittsylvania-Danville,Missing,0,0,0
2020-05-17,Portsmouth,0-9,1,1,0
2020-05-17,Portsmouth,19-Oct,1,0,0
2020-05-17,Portsmouth,20-29,30,2,0
2020-05-17,Portsmouth,30-39,58,3,0
2020-05-17,Portsmouth,40-49,39,3,0
2020-05-17,Portsmouth,50-59,40,12,1
2020-05-17,Portsmouth,60-69,27,9,4
2020-05-17,Portsmouth,70-79,16,5,3
2020-05-17,Portsmouth,80+,13,4,2
2020-05-17,Portsmouth,Missing,0,0,0
2020-05-17,"Prince William",0-9,112,2,0
2020-05-17,"Prince William",19-Oct,250,3,0
2020-05-17,"Prince William",20-29,750,27,0
2020-05-17,"Prince William",30-39,860,51,1
2020-05-17,"Prince William",40-49,968,82,2
2020-05-17,"Prince William",50-59,770,101,4
2020-05-17,"Prince William",60-69,420,67,13
2020-05-17,"Prince William",70-79,148,47,23
2020-05-17,"Prince William",80+,117,37,35
2020-05-17,"Prince William",Missing,52,0,0
2020-05-17,Rappahannock,0-9,23,1,0
2020-05-17,Rappahannock,19-Oct,73,1,0
2020-05-17,Rappahannock,20-29,171,7,0
2020-05-17,Rappahannock,30-39,202,10,0
2020-05-17,Rappahannock,40-49,184,25,2
2020-05-17,Rappahannock,50-59,162,24,1
2020-05-17,Rappahannock,60-69,97,32,4
2020-05-17,Rappahannock,70-79,26,14,4
2020-05-17,Rappahannock,80+,16,10,3
2020-05-17,Rappahannock,Missing,8,0,0
2020-05-17,"Rappahannock Rapidan",0-9,24,1,0
2020-05-17,"Rappahannock Rapidan",19-Oct,47,0,0
2020-05-17,"Rappahannock Rapidan",20-29,123,2,0
2020-05-17,"Rappahannock Rapidan",30-39,150,10,1
2020-05-17,"Rappahannock Rapidan",40-49,146,9,1
2020-05-17,"Rappahannock Rapidan",50-59,96,13,0
2020-05-17,"Rappahannock Rapidan",60-69,55,8,1
2020-05-17,"Rappahannock Rapidan",70-79,23,5,4
2020-05-17,"Rappahannock Rapidan",80+,14,8,4
2020-05-17,"Rappahannock Rapidan",Missing,1,0,0
2020-05-17,Richmond,0-9,22,2,0
2020-05-17,Richmond,19-Oct,35,2,0
2020-05-17,Richmond,20-29,132,6,0
2020-05-17,Richmond,30-39,146,7,0
2020-05-17,Richmond,40-49,154,12,0
2020-05-17,Richmond,50-59,119,23,0
2020-05-17,Richmond,60-69,93,30,5
2020-05-17,Richmond,70-79,34,18,6
2020-05-17,Richmond,80+,23,10,7
2020-05-17,Richmond,Missing,0,0,0
2020-05-17,Roanoke,0-9,3,0,0
2020-05-17,Roanoke,19-Oct,0,0,0
2020-05-17,Roanoke,20-29,12,0,0
2020-05-17,Roanoke,30-39,20,0,0
2020-05-17,Roanoke,40-49,16,0,0
2020-05-17,Roanoke,50-59,13,1,0
2020-05-17,Roanoke,60-69,9,1,0
2020-05-17,Roanoke,70-79,8,2,0
2020-05-17,Roanoke,80+,36,3,8
2020-05-17,Roanoke,Missing,3,0,0
2020-05-17,Southside,0-9,1,0,0
2020-05-17,Southside,19-Oct,3,0,0
2020-05-17,Southside,20-29,23,2,0
2020-05-17,Southside,30-39,17,0,0
2020-05-17,Southside,40-49,18,3,0
2020-05-17,Southside,50-59,35,5,0
2020-05-17,Southside,60-69,32,9,3
2020-05-17,Southside,70-79,31,9,7
2020-05-17,Southside,80+,54,6,7
2020-05-17,Southside,Missing,0,0,0
2020-05-17,"Thomas Jefferson",0-9,5,1,0
2020-05-17,"Thomas Jefferson",19-Oct,10,0,0
2020-05-17,"Thomas Jefferson",20-29,50,0,0
2020-05-17,"Thomas Jefferson",30-39,58,3,0
2020-05-17,"Thomas Jefferson",40-49,46,5,0
2020-05-17,"Thomas Jefferson",50-59,59,8,1
2020-05-17,"Thomas Jefferson",60-69,47,13,2
2020-05-17,"Thomas Jefferson",70-79,45,15,1
2020-05-17,"Thomas Jefferson",80+,60,20,9
2020-05-17,"Thomas Jefferson",Missing,0,0,0
2020-05-17,"Three Rivers",0-9,2,0,0
2020-05-17,"Three Rivers",19-Oct,13,0,0
2020-05-17,"Three Rivers",20-29,63,1,0
2020-05-17,"Three Rivers",30-39,94,2,0
2020-05-17,"Three Rivers",40-49,92,7,1
2020-05-17,"Three Rivers",50-59,58,3,0
2020-05-17,"Three Rivers",60-69,59,8,0
2020-05-17,"Three Rivers",70-79,22,4,2
2020-05-17,"Three Rivers",80+,21,5,3
2020-05-17,"Three Rivers",Missing,1,0,0
2020-05-17,"Virginia Beach",0-9,4,0,0
2020-05-17,"Virginia Beach",19-Oct,16,0,0
2020-05-17,"Virginia Beach",20-29,66,1,0
2020-05-17,"Virginia Beach",30-39,81,6,0
2020-05-17,"Virginia Beach",40-49,83,14,1
2020-05-17,"Virginia Beach",50-59,89,12,0
2020-05-17,"Virginia Beach",60-69,88,13,1
2020-05-17,"Virginia Beach",70-79,48,22,5
2020-05-17,"Virginia Beach",80+,64,18,12
2020-05-17,"Virginia Beach",Missing,9,0,0
2020-05-17,"West Piedmont",0-9,0,0,0
2020-05-17,"West Piedmont",19-Oct,4,0,0
2020-05-17,"West Piedmont",20-29,8,0,0
2020-05-17,"West Piedmont",30-39,5,0,0
2020-05-17,"West Piedmont",40-49,12,2,1
2020-05-17,"West Piedmont",50-59,20,2,0
2020-05-17,"West Piedmont",60-69,14,1,0
2020-05-17,"West Piedmont",70-79,10,6,2
2020-05-17,"West Piedmont",80+,4,2,0
2020-05-17,"West Piedmont",Missing,0,0,0
2020-05-17,"Western Tidewater",0-9,4,0,0
2020-05-17,"Western Tidewater",19-Oct,6,0,0
2020-05-17,"Western Tidewater",20-29,35,0,0
2020-05-17,"Western Tidewater",30-39,44,1,0
2020-05-17,"Western Tidewater",40-49,68,3,0
2020-05-17,"Western Tidewater",50-59,91,5,0
2020-05-17,"Western Tidewater",60-69,94,10,4
2020-05-17,"Western Tidewater",70-79,71,17,10
2020-05-17,"Western Tidewater",80+,128,21,14
2020-05-17,"Western Tidewater",Missing,2,0,0
2020-05-18,Alexandria,0-9,70,2,0
2020-05-18,Alexandria,19-Oct,101,1,0
2020-05-18,Alexandria,20-29,220,5,1
2020-05-18,Alexandria,30-39,351,20,0
2020-05-18,Alexandria,40-49,287,24,0
2020-05-18,Alexandria,50-59,199,32,7
2020-05-18,Alexandria,60-69,134,27,1
2020-05-18,Alexandria,70-79,79,30,9
2020-05-18,Alexandria,80+,65,21,16
2020-05-18,Alexandria,Missing,4,0,0
2020-05-18,Alleghany,0-9,0,0,0
2020-05-18,Alleghany,19-Oct,2,0,0
2020-05-18,Alleghany,20-29,29,1,0
2020-05-18,Alleghany,30-39,14,2,0
2020-05-18,Alleghany,40-49,19,0,0
2020-05-18,Alleghany,50-59,35,4,0
2020-05-18,Alleghany,60-69,25,6,0
2020-05-18,Alleghany,70-79,19,3,3
2020-05-18,Alleghany,80+,21,7,3
2020-05-18,Alleghany,Missing,0,0,0
2020-05-18,Arlington,0-9,26,2,0
2020-05-18,Arlington,19-Oct,46,5,0
2020-05-18,Arlington,20-29,245,20,0
2020-05-18,Arlington,30-39,302,36,0
2020-05-18,Arlington,40-49,268,42,2
2020-05-18,Arlington,50-59,264,50,3
2020-05-18,Arlington,60-69,202,54,13
2020-05-18,Arlington,70-79,131,56,19
2020-05-18,Arlington,80+,152,58,40
2020-05-18,Arlington,Missing,2,0,0
2020-05-18,"Central Shenandoah",0-9,26,0,0
2020-05-18,"Central Shenandoah",19-Oct,58,1,0
2020-05-18,"Central Shenandoah",20-29,203,4,0
2020-05-18,"Central Shenandoah",30-39,181,4,0
2020-05-18,"Central Shenandoah",40-49,213,4,0
2020-05-18,"Central Shenandoah",50-59,223,20,1
2020-05-18,"Central Shenandoah",60-69,156,25,4
2020-05-18,"Central Shenandoah",70-79,72,19,9
2020-05-18,"Central Shenandoah",80+,67,12,10
2020-05-18,"Central Shenandoah",Missing,1,0,0
2020-05-18,"Central Virginia",0-9,3,0,0
2020-05-18,"Central Virginia",19-Oct,12,1,0
2020-05-18,"Central Virginia",20-29,24,2,0
2020-05-18,"Central Virginia",30-39,33,1,0
2020-05-18,"Central Virginia",40-49,24,1,0
2020-05-18,"Central Virginia",50-59,31,2,1
2020-05-18,"Central Virginia",60-69,33,3,1
2020-05-18,"Central Virginia",70-79,13,4,1
2020-05-18,"Central Virginia",80+,5,2,0
2020-05-18,"Central Virginia",Missing,0,0,0
2020-05-18,Chesapeake,0-9,8,1,0
2020-05-18,Chesapeake,19-Oct,8,0,0
2020-05-18,Chesapeake,20-29,45,3,0
2020-05-18,Chesapeake,30-39,69,3,0
2020-05-18,Chesapeake,40-49,61,10,0
2020-05-18,Chesapeake,50-59,76,16,1
2020-05-18,Chesapeake,60-69,51,16,3
2020-05-18,Chesapeake,70-79,35,17,1
2020-05-18,Chesapeake,80+,32,12,5
2020-05-18,Chesapeake,Missing,2,0,0
2020-05-18,Chesterfield,0-9,12,0,0
2020-05-18,Chesterfield,19-Oct,78,0,0
2020-05-18,Chesterfield,20-29,133,3,0
2020-05-18,Chesterfield,30-39,209,1,0
2020-05-18,Chesterfield,40-49,205,7,2
2020-05-18,Chesterfield,50-59,170,17,1
2020-05-18,Chesterfield,60-69,122,18,8
2020-05-18,Chesterfield,70-79,67,13,6
2020-05-18,Chesterfield,80+,95,13,19
2020-05-18,Chesterfield,Missing,11,0,0
2020-05-18,Chickahominy,0-9,5,0,0
2020-05-18,Chickahominy,19-Oct,9,0,0
2020-05-18,Chickahominy,20-29,42,0,0
2020-05-18,Chickahominy,30-39,44,0,0
2020-05-18,Chickahominy,40-49,49,7,1
2020-05-18,Chickahominy,50-59,69,14,0
2020-05-18,Chickahominy,60-69,41,14,4
2020-05-18,Chickahominy,70-79,35,15,4
2020-05-18,Chickahominy,80+,63,24,17
2020-05-18,Chickahominy,Missing,5,0,0
2020-05-18,Crater,0-9,5,1,0
2020-05-18,Crater,19-Oct,15,0,0
2020-05-18,Crater,20-29,52,5,0
2020-05-18,Crater,30-39,56,1,0
2020-05-18,Crater,40-49,69,11,1
2020-05-18,Crater,50-59,69,15,1
2020-05-18,Crater,60-69,65,22,8
2020-05-18,Crater,70-79,45,16,4
2020-05-18,Crater,80+,29,6,0
2020-05-18,Crater,Missing,0,0,0
2020-05-18,"Cumberland Plateau",0-9,0,0,0
2020-05-18,"Cumberland Plateau",19-Oct,11,0,0
2020-05-18,"Cumberland Plateau",20-29,1,0,0
2020-05-18,"Cumberland Plateau",30-39,5,0,0
2020-05-18,"Cumberland Plateau",40-49,4,0,0
2020-05-18,"Cumberland Plateau",50-59,3,1,0
2020-05-18,"Cumberland Plateau",60-69,4,1,0
2020-05-18,"Cumberland Plateau",70-79,2,0,0
2020-05-18,"Cumberland Plateau",80+,0,0,0
2020-05-18,"Cumberland Plateau",Missing,0,0,0
2020-05-18,"Eastern Shore",0-9,10,0,0
2020-05-18,"Eastern Shore",19-Oct,37,0,0
2020-05-18,"Eastern Shore",20-29,124,2,0
2020-05-18,"Eastern Shore",30-39,153,4,0
2020-05-18,"Eastern Shore",40-49,166,4,2
2020-05-18,"Eastern Shore",50-59,194,8,5
2020-05-18,"Eastern Shore",60-69,125,9,4
2020-05-18,"Eastern Shore",70-79,40,5,1
2020-05-18,"Eastern Shore",80+,39,12,6
2020-05-18,"Eastern Shore",Missing,0,0,0
2020-05-18,Fairfax,0-9,163,7,0
2020-05-18,Fairfax,19-Oct,320,12,0
2020-05-18,Fairfax,20-29,1127,51,1
2020-05-18,Fairfax,30-39,1533,109,3
2020-05-18,Fairfax,40-49,1545,160,4
2020-05-18,Fairfax,50-59,1304,197,16
2020-05-18,Fairfax,60-69,897,214,35
2020-05-18,Fairfax,70-79,443,157,55
2020-05-18,Fairfax,80+,568,207,177
2020-05-18,Fairfax,Missing,34,1,0
2020-05-18,Hampton,0-9,6,0,0
2020-05-18,Hampton,19-Oct,7,0,0
2020-05-18,Hampton,20-29,30,1,0
2020-05-18,Hampton,30-39,29,2,0
2020-05-18,Hampton,40-49,20,2,0
2020-05-18,Hampton,50-59,34,8,1
2020-05-18,Hampton,60-69,23,9,1
2020-05-18,Hampton,70-79,11,6,0
2020-05-18,Hampton,80+,3,2,1
2020-05-18,Hampton,Missing,0,0,0
2020-05-18,Henrico,0-9,36,0,0
2020-05-18,Henrico,19-Oct,31,1,0
2020-05-18,Henrico,20-29,125,7,0
2020-05-18,Henrico,30-39,154,6,0
2020-05-18,Henrico,40-49,177,14,0
2020-05-18,Henrico,50-59,175,22,5
2020-05-18,Henrico,60-69,166,28,19
2020-05-18,Henrico,70-79,153,39,31
2020-05-18,Henrico,80+,239,53,57
2020-05-18,Henrico,Missing,16,1,1
2020-05-18,Lenowisco,0-9,4,0,0
2020-05-18,Lenowisco,19-Oct,2,0,0
2020-05-18,Lenowisco,20-29,6,0,0
2020-05-18,Lenowisco,30-39,3,1,1
2020-05-18,Lenowisco,40-49,5,2,0
2020-05-18,Lenowisco,50-59,13,5,0
2020-05-18,Lenowisco,60-69,5,4,2
2020-05-18,Lenowisco,70-79,4,3,1
2020-05-18,Lenowisco,80+,0,0,0
2020-05-18,Lenowisco,Missing,0,0,0
2020-05-18,"Lord Fairfax",0-9,15,0,0
2020-05-18,"Lord Fairfax",19-Oct,41,0,0
2020-05-18,"Lord Fairfax",20-29,135,0,0
2020-05-18,"Lord Fairfax",30-39,137,9,0
2020-05-18,"Lord Fairfax",40-49,137,4,1
2020-05-18,"Lord Fairfax",50-59,177,8,1
2020-05-18,"Lord Fairfax",60-69,127,23,7
2020-05-18,"Lord Fairfax",70-79,63,17,6
2020-05-18,"Lord Fairfax",80+,65,19,19
2020-05-18,"Lord Fairfax",Missing,1,0,0
2020-05-18,Loudoun,0-9,44,1,0
2020-05-18,Loudoun,19-Oct,67,0,0
2020-05-18,Loudoun,20-29,212,2,0
2020-05-18,Loudoun,30-39,249,12,0
2020-05-18,Loudoun,40-49,324,17,0
2020-05-18,Loudoun,50-59,266,22,1
2020-05-18,Loudoun,60-69,124,22,3
2020-05-18,Loudoun,70-79,76,27,8
2020-05-18,Loudoun,80+,120,36,36
2020-05-18,Loudoun,Missing,4,0,0
2020-05-18,"Mount Rogers",0-9,16,1,0
2020-05-18,"Mount Rogers",19-Oct,16,0,0
2020-05-18,"Mount Rogers",20-29,37,0,0
2020-05-18,"Mount Rogers",30-39,49,3,0
2020-05-18,"Mount Rogers",40-49,38,0,0
2020-05-18,"Mount Rogers",50-59,39,2,0
2020-05-18,"Mount Rogers",60-69,22,1,0
2020-05-18,"Mount Rogers",70-79,13,6,1
2020-05-18,"Mount Rogers",80+,5,4,3
2020-05-18,"Mount Rogers",Missing,0,0,0
2020-05-18,"New River",0-9,2,0,0
2020-05-18,"New River",19-Oct,3,0,0
2020-05-18,"New River",20-29,21,0,0
2020-05-18,"New River",30-39,6,0,0
2020-05-18,"New River",40-49,13,1,0
2020-05-18,"New River",50-59,15,2,0
2020-05-18,"New River",60-69,15,2,0
2020-05-18,"New River",70-79,9,5,1
2020-05-18,"New River",80+,4,2,0
2020-05-18,"New River",Missing,0,0,0
2020-05-18,Norfolk,0-9,4,0,0
2020-05-18,Norfolk,19-Oct,14,1,0
2020-05-18,Norfolk,20-29,75,1,0
2020-05-18,Norfolk,30-39,78,6,0
2020-05-18,Norfolk,40-49,64,9,0
2020-05-18,Norfolk,50-59,59,7,0
2020-05-18,Norfolk,60-69,36,13,1
2020-05-18,Norfolk,70-79,18,13,1
2020-05-18,Norfolk,80+,9,6,3
2020-05-18,Norfolk,Missing,4,0,0
2020-05-18,Peninsula,0-9,12,0,0
2020-05-18,Peninsula,19-Oct,9,1,0
2020-05-18,Peninsula,20-29,54,1,0
2020-05-18,Peninsula,30-39,59,6,1
2020-05-18,Peninsula,40-49,60,4,1
2020-05-18,Peninsula,50-59,93,15,2
2020-05-18,Peninsula,60-69,97,26,3
2020-05-18,Peninsula,70-79,75,36,10
2020-05-18,Peninsula,80+,43,23,14
2020-05-18,Peninsula,Missing,4,0,0
2020-05-18,Piedmont,0-9,1,0,0
2020-05-18,Piedmont,19-Oct,4,0,0
2020-05-18,Piedmont,20-29,85,0,0
2020-05-18,Piedmont,30-39,106,0,0
2020-05-18,Piedmont,40-49,120,4,0
2020-05-18,Piedmont,50-59,123,9,0
2020-05-18,Piedmont,60-69,91,10,2
2020-05-18,Piedmont,70-79,33,12,2
2020-05-18,Piedmont,80+,13,3,1
2020-05-18,Piedmont,Missing,0,0,0
2020-05-18,Pittsylvania-Danville,0-9,1,0,0
2020-05-18,Pittsylvania-Danville,19-Oct,1,0,0
2020-05-18,Pittsylvania-Danville,20-29,7,0,0
2020-05-18,Pittsylvania-Danville,30-39,10,0,0
2020-05-18,Pittsylvania-Danville,40-49,12,4,0
2020-05-18,Pittsylvania-Danville,50-59,15,6,0
2020-05-18,Pittsylvania-Danville,60-69,9,4,1
2020-05-18,Pittsylvania-Danville,70-79,10,7,0
2020-05-18,Pittsylvania-Danville,80+,3,2,1
2020-05-18,Pittsylvania-Danville,Missing,0,0,0
2020-05-18,Portsmouth,0-9,1,1,0
2020-05-18,Portsmouth,19-Oct,1,0,0
2020-05-18,Portsmouth,20-29,31,2,0
2020-05-18,Portsmouth,30-39,58,3,0
2020-05-18,Portsmouth,40-49,39,3,0
2020-05-18,Portsmouth,50-59,41,12,1
2020-05-18,Portsmouth,60-69,27,9,4
2020-05-18,Portsmouth,70-79,16,5,3
2020-05-18,Portsmouth,80+,14,4,2
2020-05-18,Portsmouth,Missing,0,0,0
2020-05-18,"Prince William",0-9,116,2,0
2020-05-18,"Prince William",19-Oct,260,3,0
2020-05-18,"Prince William",20-29,770,29,0
2020-05-18,"Prince William",30-39,888,52,1
2020-05-18,"Prince William",40-49,1006,84,2
2020-05-18,"Prince William",50-59,790,103,4
2020-05-18,"Prince William",60-69,429,69,13
2020-05-18,"Prince William",70-79,152,47,23
2020-05-18,"Prince William",80+,121,38,35
2020-05-18,"Prince William",Missing,53,0,0
2020-05-18,Rappahannock,0-9,26,1,0
2020-05-18,Rappahannock,19-Oct,76,1,0
2020-05-18,Rappahannock,20-29,177,7,0
2020-05-18,Rappahannock,30-39,204,10,0
2020-05-18,Rappahannock,40-49,192,25,2
2020-05-18,Rappahannock,50-59,164,24,1
2020-05-18,Rappahannock,60-69,98,32,4
2020-05-18,Rappahannock,70-79,27,14,4
2020-05-18,Rappahannock,80+,17,10,3
2020-05-18,Rappahannock,Missing,8,0,0
2020-05-18,"Rappahannock Rapidan",0-9,25,1,0
2020-05-18,"Rappahannock Rapidan",19-Oct,48,0,0
2020-05-18,"Rappahannock Rapidan",20-29,125,2,0
2020-05-18,"Rappahannock Rapidan",30-39,160,10,1
2020-05-18,"Rappahannock Rapidan",40-49,149,9,1
2020-05-18,"Rappahannock Rapidan",50-59,104,13,0
2020-05-18,"Rappahannock Rapidan",60-69,56,8,1
2020-05-18,"Rappahannock Rapidan",70-79,23,5,4
2020-05-18,"Rappahannock Rapidan",80+,16,8,4
2020-05-18,"Rappahannock Rapidan",Missing,1,0,0
2020-05-18,Richmond,0-9,22,2,0
2020-05-18,Richmond,19-Oct,36,2,0
2020-05-18,Richmond,20-29,135,6,0
2020-05-18,Richmond,30-39,154,9,0
2020-05-18,Richmond,40-49,157,12,0
2020-05-18,Richmond,50-59,119,23,0
2020-05-18,Richmond,60-69,96,32,5
2020-05-18,Richmond,70-79,37,19,6
2020-05-18,Richmond,80+,23,10,7
2020-05-18,Richmond,Missing,0,0,0
2020-05-18,Roanoke,0-9,4,0,0
2020-05-18,Roanoke,19-Oct,1,0,0
2020-05-18,Roanoke,20-29,14,0,0
2020-05-18,Roanoke,30-39,22,0,0
2020-05-18,Roanoke,40-49,16,0,0
2020-05-18,Roanoke,50-59,14,1,0
2020-05-18,Roanoke,60-69,10,1,0
2020-05-18,Roanoke,70-79,8,2,0
2020-05-18,Roanoke,80+,36,3,8
2020-05-18,Roanoke,Missing,3,0,0
2020-05-18,Southside,0-9,1,0,0
2020-05-18,Southside,19-Oct,3,0,0
2020-05-18,Southside,20-29,23,2,0
2020-05-18,Southside,30-39,17,0,0
2020-05-18,Southside,40-49,18,3,0
2020-05-18,Southside,50-59,35,5,0
2020-05-18,Southside,60-69,32,9,3
2020-05-18,Southside,70-79,32,9,7
2020-05-18,Southside,80+,55,6,7
2020-05-18,Southside,Missing,0,0,0
2020-05-18,"Thomas Jefferson",0-9,5,1,0
2020-05-18,"Thomas Jefferson",19-Oct,10,0,0
2020-05-18,"Thomas Jefferson",20-29,50,0,0
2020-05-18,"Thomas Jefferson",30-39,58,3,0
2020-05-18,"Thomas Jefferson",40-49,47,5,0
2020-05-18,"Thomas Jefferson",50-59,59,8,1
2020-05-18,"Thomas Jefferson",60-69,48,13,2
2020-05-18,"Thomas Jefferson",70-79,46,15,1
2020-05-18,"Thomas Jefferson",80+,61,21,9
2020-05-18,"Thomas Jefferson",Missing,0,0,0
2020-05-18,"Three Rivers",0-9,2,0,0
2020-05-18,"Three Rivers",19-Oct,13,0,0
2020-05-18,"Three Rivers",20-29,63,1,0
2020-05-18,"Three Rivers",30-39,95,2,0
2020-05-18,"Three Rivers",40-49,93,7,1
2020-05-18,"Three Rivers",50-59,59,3,0
2020-05-18,"Three Rivers",60-69,59,8,0
2020-05-18,"Three Rivers",70-79,22,4,2
2020-05-18,"Three Rivers",80+,21,5,3
2020-05-18,"Three Rivers",Missing,1,0,0
2020-05-18,"Virginia Beach",0-9,4,0,0
2020-05-18,"Virginia Beach",19-Oct,17,0,0
2020-05-18,"Virginia Beach",20-29,70,1,0
2020-05-18,"Virginia Beach",30-39,82,6,0
2020-05-18,"Virginia Beach",40-49,83,14,1
2020-05-18,"Virginia Beach",50-59,92,12,0
2020-05-18,"Virginia Beach",60-69,88,13,1
2020-05-18,"Virginia Beach",70-79,48,22,5
2020-05-18,"Virginia Beach",80+,64,18,12
2020-05-18,"Virginia Beach",Missing,9,0,0
2020-05-18,"West Piedmont",0-9,0,0,0
2020-05-18,"West Piedmont",19-Oct,5,0,0
2020-05-18,"West Piedmont",20-29,9,0,0
2020-05-18,"West Piedmont",30-39,10,0,0
2020-05-18,"West Piedmont",40-49,14,2,1
2020-05-18,"West Piedmont",50-59,22,2,0
2020-05-18,"West Piedmont",60-69,15,1,0
2020-05-18,"West Piedmont",70-79,10,6,2
2020-05-18,"West Piedmont",80+,4,2,0
2020-05-18,"West Piedmont",Missing,0,0,0
2020-05-18,"Western Tidewater",0-9,5,0,0
2020-05-18,"Western Tidewater",19-Oct,6,0,0
2020-05-18,"Western Tidewater",20-29,36,0,0
2020-05-18,"Western Tidewater",30-39,44,1,0
2020-05-18,"Western Tidewater",40-49,74,3,0
2020-05-18,"Western Tidewater",50-59,96,5,0
2020-05-18,"Western Tidewater",60-69,94,10,4
2020-05-18,"Western Tidewater",70-79,72,17,10
2020-05-18,"Western Tidewater",80+,128,21,14
2020-05-18,"Western Tidewater",Missing,2,0,0
2020-05-19,Alexandria,0-9,72,2,0
2020-05-19,Alexandria,19-Oct,102,1,0
2020-05-19,Alexandria,20-29,224,5,1
2020-05-19,Alexandria,30-39,358,22,0
2020-05-19,Alexandria,40-49,297,26,0
2020-05-19,Alexandria,50-59,201,32,7
2020-05-19,Alexandria,60-69,138,28,1
2020-05-19,Alexandria,70-79,80,30,9
2020-05-19,Alexandria,80+,68,22,16
2020-05-19,Alexandria,Missing,4,0,0
2020-05-19,Alleghany,0-9,0,0,0
2020-05-19,Alleghany,19-Oct,2,0,0
2020-05-19,Alleghany,20-29,30,1,0
2020-05-19,Alleghany,30-39,14,2,0
2020-05-19,Alleghany,40-49,19,0,0
2020-05-19,Alleghany,50-59,36,4,0
2020-05-19,Alleghany,60-69,25,6,0
2020-05-19,Alleghany,70-79,20,3,3
2020-05-19,Alleghany,80+,21,7,3
2020-05-19,Alleghany,Missing,0,0,0
2020-05-19,Arlington,0-9,28,2,0
2020-05-19,Arlington,19-Oct,47,6,0
2020-05-19,Arlington,20-29,254,21,0
2020-05-19,Arlington,30-39,309,37,0
2020-05-19,Arlington,40-49,279,41,2
2020-05-19,Arlington,50-59,274,50,3
2020-05-19,Arlington,60-69,209,58,14
2020-05-19,Arlington,70-79,131,57,20
2020-05-19,Arlington,80+,155,59,40
2020-05-19,Arlington,Missing,2,0,0
2020-05-19,"Central Shenandoah",0-9,26,0,0
2020-05-19,"Central Shenandoah",19-Oct,59,1,0
2020-05-19,"Central Shenandoah",20-29,210,4,0
2020-05-19,"Central Shenandoah",30-39,185,4,0
2020-05-19,"Central Shenandoah",40-49,216,5,0
2020-05-19,"Central Shenandoah",50-59,226,20,1
2020-05-19,"Central Shenandoah",60-69,163,29,6
2020-05-19,"Central Shenandoah",70-79,74,19,10
2020-05-19,"Central Shenandoah",80+,67,12,10
2020-05-19,"Central Shenandoah",Missing,1,0,0
2020-05-19,"Central Virginia",0-9,3,0,0
2020-05-19,"Central Virginia",19-Oct,12,1,0
2020-05-19,"Central Virginia",20-29,24,2,0
2020-05-19,"Central Virginia",30-39,32,1,0
2020-05-19,"Central Virginia",40-49,25,1,0
2020-05-19,"Central Virginia",50-59,31,2,1
2020-05-19,"Central Virginia",60-69,33,3,1
2020-05-19,"Central Virginia",70-79,13,4,1
2020-05-19,"Central Virginia",80+,5,2,0
2020-05-19,"Central Virginia",Missing,0,0,0
2020-05-19,Chesapeake,0-9,8,1,0
2020-05-19,Chesapeake,19-Oct,8,0,0
2020-05-19,Chesapeake,20-29,45,3,0
2020-05-19,Chesapeake,30-39,70,3,0
2020-05-19,Chesapeake,40-49,62,10,0
2020-05-19,Chesapeake,50-59,78,16,1
2020-05-19,Chesapeake,60-69,54,16,3
2020-05-19,Chesapeake,70-79,36,17,1
2020-05-19,Chesapeake,80+,33,12,5
2020-05-19,Chesapeake,Missing,2,0,0
2020-05-19,Chesterfield,0-9,15,0,0
2020-05-19,Chesterfield,19-Oct,83,0,0
2020-05-19,Chesterfield,20-29,141,3,0
2020-05-19,Chesterfield,30-39,216,1,0
2020-05-19,Chesterfield,40-49,214,7,2
2020-05-19,Chesterfield,50-59,178,17,1
2020-05-19,Chesterfield,60-69,123,18,8
2020-05-19,Chesterfield,70-79,69,13,6
2020-05-19,Chesterfield,80+,95,13,19
2020-05-19,Chesterfield,Missing,11,0,0
2020-05-19,Chickahominy,0-9,5,0,0
2020-05-19,Chickahominy,19-Oct,9,0,0
2020-05-19,Chickahominy,20-29,43,0,0
2020-05-19,Chickahominy,30-39,45,0,0
2020-05-19,Chickahominy,40-49,51,7,1
2020-05-19,Chickahominy,50-59,71,14,0
2020-05-19,Chickahominy,60-69,42,14,4
2020-05-19,Chickahominy,70-79,35,15,4
2020-05-19,Chickahominy,80+,65,24,17
2020-05-19,Chickahominy,Missing,5,0,0
2020-05-19,Crater,0-9,6,1,0
2020-05-19,Crater,19-Oct,16,0,0
2020-05-19,Crater,20-29,60,6,0
2020-05-19,Crater,30-39,64,1,0
2020-05-19,Crater,40-49,74,11,1
2020-05-19,Crater,50-59,77,16,1
2020-05-19,Crater,60-69,73,22,8
2020-05-19,Crater,70-79,48,16,4
2020-05-19,Crater,80+,32,7,0
2020-05-19,Crater,Missing,0,0,0
2020-05-19,"Cumberland Plateau",0-9,0,0,0
2020-05-19,"Cumberland Plateau",19-Oct,12,0,0
2020-05-19,"Cumberland Plateau",20-29,1,0,0
2020-05-19,"Cumberland Plateau",30-39,5,0,0
2020-05-19,"Cumberland Plateau",40-49,5,0,0
2020-05-19,"Cumberland Plateau",50-59,3,1,0
2020-05-19,"Cumberland Plateau",60-69,4,1,0
2020-05-19,"Cumberland Plateau",70-79,2,0,0
2020-05-19,"Cumberland Plateau",80+,0,0,0
2020-05-19,"Cumberland Plateau",Missing,0,0,0
2020-05-19,"Eastern Shore",0-9,10,0,0
2020-05-19,"Eastern Shore",19-Oct,38,0,0
2020-05-19,"Eastern Shore",20-29,125,2,0
2020-05-19,"Eastern Shore",30-39,154,5,0
2020-05-19,"Eastern Shore",40-49,166,4,2
2020-05-19,"Eastern Shore",50-59,199,8,5
2020-05-19,"Eastern Shore",60-69,131,10,4
2020-05-19,"Eastern Shore",70-79,40,8,3
2020-05-19,"Eastern Shore",80+,42,14,6
2020-05-19,"Eastern Shore",Missing,0,0,0
2020-05-19,Fairfax,0-9,168,7,0
2020-05-19,Fairfax,19-Oct,342,12,0
2020-05-19,Fairfax,20-29,1160,52,1
2020-05-19,Fairfax,30-39,1580,111,3
2020-05-19,Fairfax,40-49,1571,162,4
2020-05-19,Fairfax,50-59,1324,199,17
2020-05-19,Fairfax,60-69,910,214,35
2020-05-19,Fairfax,70-79,449,160,57
2020-05-19,Fairfax,80+,573,210,182
2020-05-19,Fairfax,Missing,34,1,0
2020-05-19,Hampton,0-9,6,0,0
2020-05-19,Hampton,19-Oct,7,0,0
2020-05-19,Hampton,20-29,30,1,0
2020-05-19,Hampton,30-39,29,2,0
2020-05-19,Hampton,40-49,21,2,0
2020-05-19,Hampton,50-59,34,8,1
2020-05-19,Hampton,60-69,23,9,1
2020-05-19,Hampton,70-79,11,6,0
2020-05-19,Hampton,80+,3,2,1
2020-05-19,Hampton,Missing,0,0,0
2020-05-19,Henrico,0-9,37,0,0
2020-05-19,Henrico,19-Oct,33,1,0
2020-05-19,Henrico,20-29,128,7,0
2020-05-19,Henrico,30-39,163,6,0
2020-05-19,Henrico,40-49,183,14,0
2020-05-19,Henrico,50-59,177,22,5
2020-05-19,Henrico,60-69,169,28,19
2020-05-19,Henrico,70-79,154,39,32
2020-05-19,Henrico,80+,239,53,57
2020-05-19,Henrico,Missing,16,1,1
2020-05-19,Lenowisco,0-9,4,0,0
2020-05-19,Lenowisco,19-Oct,2,0,0
2020-05-19,Lenowisco,20-29,6,0,0
2020-05-19,Lenowisco,30-39,3,1,1
2020-05-19,Lenowisco,40-49,5,2,0
2020-05-19,Lenowisco,50-59,13,5,0
2020-05-19,Lenowisco,60-69,5,4,2
2020-05-19,Lenowisco,70-79,4,3,1
2020-05-19,Lenowisco,80+,0,0,0
2020-05-19,Lenowisco,Missing,0,0,0
2020-05-19,"Lord Fairfax",0-9,15,0,0
2020-05-19,"Lord Fairfax",19-Oct,43,0,0
2020-05-19,"Lord Fairfax",20-29,143,2,0
2020-05-19,"Lord Fairfax",30-39,139,9,0
2020-05-19,"Lord Fairfax",40-49,145,5,1
2020-05-19,"Lord Fairfax",50-59,181,9,1
2020-05-19,"Lord Fairfax",60-69,133,26,7
2020-05-19,"Lord Fairfax",70-79,67,17,6
2020-05-19,"Lord Fairfax",80+,68,20,20
2020-05-19,"Lord Fairfax",Missing,1,0,0
2020-05-19,Loudoun,0-9,45,1,0
2020-05-19,Loudoun,19-Oct,69,0,0
2020-05-19,Loudoun,20-29,220,2,0
2020-05-19,Loudoun,30-39,260,12,0
2020-05-19,Loudoun,40-49,330,18,0
2020-05-19,Loudoun,50-59,271,22,1
2020-05-19,Loudoun,60-69,129,22,3
2020-05-19,Loudoun,70-79,76,27,8
2020-05-19,Loudoun,80+,123,36,36
2020-05-19,Loudoun,Missing,4,0,0
2020-05-19,"Mount Rogers",0-9,16,1,0
2020-05-19,"Mount Rogers",19-Oct,16,0,0
2020-05-19,"Mount Rogers",20-29,37,0,0
2020-05-19,"Mount Rogers",30-39,50,4,0
2020-05-19,"Mount Rogers",40-49,38,0,0
2020-05-19,"Mount Rogers",50-59,39,2,0
2020-05-19,"Mount Rogers",60-69,23,1,0
2020-05-19,"Mount Rogers",70-79,13,6,1
2020-05-19,"Mount Rogers",80+,5,4,4
2020-05-19,"Mount Rogers",Missing,0,0,0
2020-05-19,"New River",0-9,2,0,0
2020-05-19,"New River",19-Oct,3,0,0
2020-05-19,"New River",20-29,21,0,0
2020-05-19,"New River",30-39,6,0,0
2020-05-19,"New River",40-49,13,1,0
2020-05-19,"New River",50-59,15,2,0
2020-05-19,"New River",60-69,15,2,0
2020-05-19,"New River",70-79,9,5,1
2020-05-19,"New River",80+,4,2,0
2020-05-19,"New River",Missing,0,0,0
2020-05-19,Norfolk,0-9,4,0,0
2020-05-19,Norfolk,19-Oct,15,1,0
2020-05-19,Norfolk,20-29,78,1,0
2020-05-19,Norfolk,30-39,78,6,0
2020-05-19,Norfolk,40-49,68,9,0
2020-05-19,Norfolk,50-59,60,7,0
2020-05-19,Norfolk,60-69,36,14,1
2020-05-19,Norfolk,70-79,18,13,2
2020-05-19,Norfolk,80+,9,6,3
2020-05-19,Norfolk,Missing,4,0,0
2020-05-19,Peninsula,0-9,12,0,0
2020-05-19,Peninsula,19-Oct,9,1,0
2020-05-19,Peninsula,20-29,57,1,0
2020-05-19,Peninsula,30-39,60,6,1
2020-05-19,Peninsula,40-49,62,4,1
2020-05-19,Peninsula,50-59,93,15,2
2020-05-19,Peninsula,60-69,97,26,3
2020-05-19,Peninsula,70-79,75,36,10
2020-05-19,Peninsula,80+,43,23,14
2020-05-19,Peninsula,Missing,3,0,0
2020-05-19,Piedmont,0-9,2,0,0
2020-05-19,Piedmont,19-Oct,5,0,0
2020-05-19,Piedmont,20-29,86,0,0
2020-05-19,Piedmont,30-39,107,0,0
2020-05-19,Piedmont,40-49,121,4,0
2020-05-19,Piedmont,50-59,125,9,0
2020-05-19,Piedmont,60-69,92,11,2
2020-05-19,Piedmont,70-79,35,12,2
2020-05-19,Piedmont,80+,13,3,1
2020-05-19,Piedmont,Missing,0,0,0
2020-05-19,Pittsylvania-Danville,0-9,1,0,0
2020-05-19,Pittsylvania-Danville,19-Oct,1,0,0
2020-05-19,Pittsylvania-Danville,20-29,7,0,0
2020-05-19,Pittsylvania-Danville,30-39,9,0,0
2020-05-19,Pittsylvania-Danville,40-49,14,4,0
2020-05-19,Pittsylvania-Danville,50-59,16,6,0
2020-05-19,Pittsylvania-Danville,60-69,9,4,1
2020-05-19,Pittsylvania-Danville,70-79,10,7,0
2020-05-19,Pittsylvania-Danville,80+,3,2,1
2020-05-19,Pittsylvania-Danville,Missing,0,0,0
2020-05-19,Portsmouth,0-9,2,1,0
2020-05-19,Portsmouth,19-Oct,1,0,0
2020-05-19,Portsmouth,20-29,33,2,0
2020-05-19,Portsmouth,30-39,61,3,0
2020-05-19,Portsmouth,40-49,39,3,0
2020-05-19,Portsmouth,50-59,42,12,1
2020-05-19,Portsmouth,60-69,28,9,4
2020-05-19,Portsmouth,70-79,17,5,3
2020-05-19,Portsmouth,80+,14,4,2
2020-05-19,Portsmouth,Missing,0,0,0
2020-05-19,"Prince William",0-9,130,3,0
2020-05-19,"Prince William",19-Oct,286,3,0
2020-05-19,"Prince William",20-29,815,30,0
2020-05-19,"Prince William",30-39,932,55,1
2020-05-19,"Prince William",40-49,1049,87,2
2020-05-19,"Prince William",50-59,822,106,4
2020-05-19,"Prince William",60-69,445,76,14
2020-05-19,"Prince William",70-79,159,48,23
2020-05-19,"Prince William",80+,124,40,37
2020-05-19,"Prince William",Missing,54,0,0
2020-05-19,Rappahannock,0-9,34,1,0
2020-05-19,Rappahannock,19-Oct,77,1,0
2020-05-19,Rappahannock,20-29,185,7,0
2020-05-19,Rappahannock,30-39,217,10,0
2020-05-19,Rappahannock,40-49,198,25,2
2020-05-19,Rappahannock,50-59,168,24,1
2020-05-19,Rappahannock,60-69,101,32,4
2020-05-19,Rappahannock,70-79,28,14,4
2020-05-19,Rappahannock,80+,17,10,3
2020-05-19,Rappahannock,Missing,8,0,0
2020-05-19,"Rappahannock Rapidan",0-9,29,1,0
2020-05-19,"Rappahannock Rapidan",19-Oct,57,0,0
2020-05-19,"Rappahannock Rapidan",20-29,150,2,0
2020-05-19,"Rappahannock Rapidan",30-39,173,10,1
2020-05-19,"Rappahannock Rapidan",40-49,169,10,1
2020-05-19,"Rappahannock Rapidan",50-59,122,15,0
2020-05-19,"Rappahannock Rapidan",60-69,58,8,1
2020-05-19,"Rappahannock Rapidan",70-79,25,5,4
2020-05-19,"Rappahannock Rapidan",80+,17,8,4
2020-05-19,"Rappahannock Rapidan",Missing,1,0,0
2020-05-19,Richmond,0-9,23,2,0
2020-05-19,Richmond,19-Oct,39,2,0
2020-05-19,Richmond,20-29,143,6,0
2020-05-19,Richmond,30-39,158,9,0
2020-05-19,Richmond,40-49,163,12,0
2020-05-19,Richmond,50-59,125,25,0
2020-05-19,Richmond,60-69,99,33,6
2020-05-19,Richmond,70-79,38,19,6
2020-05-19,Richmond,80+,23,10,7
2020-05-19,Richmond,Missing,0,0,0
2020-05-19,Roanoke,0-9,5,0,0
2020-05-19,Roanoke,19-Oct,3,0,0
2020-05-19,Roanoke,20-29,15,0,0
2020-05-19,Roanoke,30-39,24,0,0
2020-05-19,Roanoke,40-49,17,0,0
2020-05-19,Roanoke,50-59,14,1,0
2020-05-19,Roanoke,60-69,10,1,0
2020-05-19,Roanoke,70-79,8,2,0
2020-05-19,Roanoke,80+,36,3,8
2020-05-19,Roanoke,Missing,3,0,0
2020-05-19,Southside,0-9,1,0,0
2020-05-19,Southside,19-Oct,3,0,0
2020-05-19,Southside,20-29,24,2,0
2020-05-19,Southside,30-39,18,0,0
2020-05-19,Southside,40-49,18,3,0
2020-05-19,Southside,50-59,37,5,0
2020-05-19,Southside,60-69,34,9,3
2020-05-19,Southside,70-79,35,9,8
2020-05-19,Southside,80+,58,6,7
2020-05-19,Southside,Missing,0,0,0
2020-05-19,"Thomas Jefferson",0-9,5,1,0
2020-05-19,"Thomas Jefferson",19-Oct,11,0,0
2020-05-19,"Thomas Jefferson",20-29,50,0,0
2020-05-19,"Thomas Jefferson",30-39,59,3,0
2020-05-19,"Thomas Jefferson",40-49,47,5,0
2020-05-19,"Thomas Jefferson",50-59,60,8,1
2020-05-19,"Thomas Jefferson",60-69,48,13,2
2020-05-19,"Thomas Jefferson",70-79,46,15,1
2020-05-19,"Thomas Jefferson",80+,61,21,9
2020-05-19,"Thomas Jefferson",Missing,0,0,0
2020-05-19,"Three Rivers",0-9,2,0,0
2020-05-19,"Three Rivers",19-Oct,13,0,0
2020-05-19,"Three Rivers",20-29,64,1,0
2020-05-19,"Three Rivers",30-39,97,2,0
2020-05-19,"Three Rivers",40-49,94,7,1
2020-05-19,"Three Rivers",50-59,61,3,0
2020-05-19,"Three Rivers",60-69,63,8,0
2020-05-19,"Three Rivers",70-79,21,4,2
2020-05-19,"Three Rivers",80+,21,5,3
2020-05-19,"Three Rivers",Missing,1,0,0
2020-05-19,"Virginia Beach",0-9,4,0,0
2020-05-19,"Virginia Beach",19-Oct,17,0,0
2020-05-19,"Virginia Beach",20-29,70,1,0
2020-05-19,"Virginia Beach",30-39,82,6,0
2020-05-19,"Virginia Beach",40-49,83,14,1
2020-05-19,"Virginia Beach",50-59,93,12,0
2020-05-19,"Virginia Beach",60-69,88,13,1
2020-05-19,"Virginia Beach",70-79,48,22,5
2020-05-19,"Virginia Beach",80+,65,19,12
2020-05-19,"Virginia Beach",Missing,9,0,0
2020-05-19,"West Piedmont",0-9,2,0,0
2020-05-19,"West Piedmont",19-Oct,5,0,0
2020-05-19,"West Piedmont",20-29,13,0,0
2020-05-19,"West Piedmont",30-39,13,0,0
2020-05-19,"West Piedmont",40-49,14,2,1
2020-05-19,"West Piedmont",50-59,22,2,0
2020-05-19,"West Piedmont",60-69,16,1,0
2020-05-19,"West Piedmont",70-79,11,6,2
2020-05-19,"West Piedmont",80+,5,2,0
2020-05-19,"West Piedmont",Missing,0,0,0
2020-05-19,"Western Tidewater",0-9,5,0,0
2020-05-19,"Western Tidewater",19-Oct,6,0,0
2020-05-19,"Western Tidewater",20-29,36,0,0
2020-05-19,"Western Tidewater",30-39,44,1,0
2020-05-19,"Western Tidewater",40-49,74,3,0
2020-05-19,"Western Tidewater",50-59,96,5,0
2020-05-19,"Western Tidewater",60-69,94,10,4
2020-05-19,"Western Tidewater",70-79,72,17,10
2020-05-19,"Western Tidewater",80+,128,21,17
2020-05-19,"Western Tidewater",Missing,2,0,0
2020-05-20,Alexandria,0-9,72,2,0
2020-05-20,Alexandria,19-Oct,103,1,0
2020-05-20,Alexandria,20-29,229,5,1
2020-05-20,Alexandria,30-39,363,22,0
2020-05-20,Alexandria,40-49,307,27,0
2020-05-20,Alexandria,50-59,208,32,7
2020-05-20,Alexandria,60-69,140,28,1
2020-05-20,Alexandria,70-79,81,30,9
2020-05-20,Alexandria,80+,70,22,16
2020-05-20,Alexandria,Missing,4,0,0
2020-05-20,Alleghany,0-9,0,0,0
2020-05-20,Alleghany,19-Oct,2,0,0
2020-05-20,Alleghany,20-29,30,1,0
2020-05-20,Alleghany,30-39,15,2,0
2020-05-20,Alleghany,40-49,19,0,0
2020-05-20,Alleghany,50-59,37,4,0
2020-05-20,Alleghany,60-69,25,6,0
2020-05-20,Alleghany,70-79,20,3,3
2020-05-20,Alleghany,80+,21,7,3
2020-05-20,Alleghany,Missing,0,0,0
2020-05-20,Arlington,0-9,29,3,0
2020-05-20,Arlington,19-Oct,49,6,0
2020-05-20,Arlington,20-29,259,21,0
2020-05-20,Arlington,30-39,314,37,0
2020-05-20,Arlington,40-49,287,41,2
2020-05-20,Arlington,50-59,285,50,3
2020-05-20,Arlington,60-69,211,59,14
2020-05-20,Arlington,70-79,134,58,21
2020-05-20,Arlington,80+,157,59,41
2020-05-20,Arlington,Missing,3,0,0
2020-05-20,"Central Shenandoah",0-9,30,0,0
2020-05-20,"Central Shenandoah",19-Oct,61,1,0
2020-05-20,"Central Shenandoah",20-29,221,4,0
2020-05-20,"Central Shenandoah",30-39,198,4,0
2020-05-20,"Central Shenandoah",40-49,221,6,0
2020-05-20,"Central Shenandoah",50-59,231,20,1
2020-05-20,"Central Shenandoah",60-69,166,29,6
2020-05-20,"Central Shenandoah",70-79,75,20,10
2020-05-20,"Central Shenandoah",80+,67,12,10
2020-05-20,"Central Shenandoah",Missing,1,0,0
2020-05-20,"Central Virginia",0-9,3,0,0
2020-05-20,"Central Virginia",19-Oct,12,1,0
2020-05-20,"Central Virginia",20-29,24,2,0
2020-05-20,"Central Virginia",30-39,32,1,0
2020-05-20,"Central Virginia",40-49,25,1,0
2020-05-20,"Central Virginia",50-59,31,2,1
2020-05-20,"Central Virginia",60-69,33,3,1
2020-05-20,"Central Virginia",70-79,13,4,1
2020-05-20,"Central Virginia",80+,5,2,0
2020-05-20,"Central Virginia",Missing,0,0,0
2020-05-20,Chesapeake,0-9,8,1,0
2020-05-20,Chesapeake,19-Oct,9,0,0
2020-05-20,Chesapeake,20-29,45,3,0
2020-05-20,Chesapeake,30-39,70,3,0
2020-05-20,Chesapeake,40-49,64,10,0
2020-05-20,Chesapeake,50-59,78,16,1
2020-05-20,Chesapeake,60-69,55,16,3
2020-05-20,Chesapeake,70-79,36,18,2
2020-05-20,Chesapeake,80+,33,12,6
2020-05-20,Chesapeake,Missing,3,0,0
2020-05-20,Chesterfield,0-9,18,0,0
2020-05-20,Chesterfield,19-Oct,88,0,0
2020-05-20,Chesterfield,20-29,150,3,0
2020-05-20,Chesterfield,30-39,230,1,0
2020-05-20,Chesterfield,40-49,225,7,2
2020-05-20,Chesterfield,50-59,190,17,1
2020-05-20,Chesterfield,60-69,127,18,8
2020-05-20,Chesterfield,70-79,70,13,6
2020-05-20,Chesterfield,80+,95,13,19
2020-05-20,Chesterfield,Missing,12,0,0
2020-05-20,Chickahominy,0-9,5,0,0
2020-05-20,Chickahominy,19-Oct,10,0,0
2020-05-20,Chickahominy,20-29,43,0,0
2020-05-20,Chickahominy,30-39,47,0,0
2020-05-20,Chickahominy,40-49,51,7,1
2020-05-20,Chickahominy,50-59,73,15,0
2020-05-20,Chickahominy,60-69,42,14,4
2020-05-20,Chickahominy,70-79,36,16,4
2020-05-20,Chickahominy,80+,65,24,17
2020-05-20,Chickahominy,Missing,5,0,0
2020-05-20,Crater,0-9,6,1,0
2020-05-20,Crater,19-Oct,16,0,0
2020-05-20,Crater,20-29,65,6,0
2020-05-20,Crater,30-39,65,1,0
2020-05-20,Crater,40-49,74,11,1
2020-05-20,Crater,50-59,81,17,1
2020-05-20,Crater,60-69,74,22,8
2020-05-20,Crater,70-79,48,16,4
2020-05-20,Crater,80+,33,7,0
2020-05-20,Crater,Missing,0,0,0
2020-05-20,"Cumberland Plateau",0-9,0,0,0
2020-05-20,"Cumberland Plateau",19-Oct,12,0,0
2020-05-20,"Cumberland Plateau",20-29,1,0,0
2020-05-20,"Cumberland Plateau",30-39,5,0,0
2020-05-20,"Cumberland Plateau",40-49,5,0,0
2020-05-20,"Cumberland Plateau",50-59,3,1,0
2020-05-20,"Cumberland Plateau",60-69,4,1,0
2020-05-20,"Cumberland Plateau",70-79,2,0,0
2020-05-20,"Cumberland Plateau",80+,0,0,0
2020-05-20,"Cumberland Plateau",Missing,0,0,0
2020-05-20,"Eastern Shore",0-9,10,1,0
2020-05-20,"Eastern Shore",19-Oct,38,0,0
2020-05-20,"Eastern Shore",20-29,126,2,0
2020-05-20,"Eastern Shore",30-39,159,5,0
2020-05-20,"Eastern Shore",40-49,166,6,2
2020-05-20,"Eastern Shore",50-59,200,9,5
2020-05-20,"Eastern Shore",60-69,133,11,5
2020-05-20,"Eastern Shore",70-79,40,8,3
2020-05-20,"Eastern Shore",80+,42,14,11
2020-05-20,"Eastern Shore",Missing,0,0,0
2020-05-20,Fairfax,0-9,172,7,0
2020-05-20,Fairfax,19-Oct,350,12,0
2020-05-20,Fairfax,20-29,1188,52,1
2020-05-20,Fairfax,30-39,1606,113,3
2020-05-20,Fairfax,40-49,1592,163,5
2020-05-20,Fairfax,50-59,1355,201,17
2020-05-20,Fairfax,60-69,921,215,36
2020-05-20,Fairfax,70-79,459,170,62
2020-05-20,Fairfax,80+,575,214,186
2020-05-20,Fairfax,Missing,36,1,0
2020-05-20,Hampton,0-9,6,0,0
2020-05-20,Hampton,19-Oct,7,0,0
2020-05-20,Hampton,20-29,30,1,0
2020-05-20,Hampton,30-39,29,2,0
2020-05-20,Hampton,40-49,22,2,0
2020-05-20,Hampton,50-59,34,8,1
2020-05-20,Hampton,60-69,23,9,1
2020-05-20,Hampton,70-79,11,6,0
2020-05-20,Hampton,80+,3,2,1
2020-05-20,Hampton,Missing,0,0,0
2020-05-20,Henrico,0-9,37,0,0
2020-05-20,Henrico,19-Oct,35,1,0
2020-05-20,Henrico,20-29,131,7,0
2020-05-20,Henrico,30-39,167,6,0
2020-05-20,Henrico,40-49,187,14,0
2020-05-20,Henrico,50-59,181,22,5
2020-05-20,Henrico,60-69,172,30,19
2020-05-20,Henrico,70-79,154,39,32
2020-05-20,Henrico,80+,239,53,57
2020-05-20,Henrico,Missing,18,1,1
2020-05-20,Lenowisco,0-9,4,0,0
2020-05-20,Lenowisco,19-Oct,2,0,0
2020-05-20,Lenowisco,20-29,6,0,0
2020-05-20,Lenowisco,30-39,3,1,1
2020-05-20,Lenowisco,40-49,5,2,0
2020-05-20,Lenowisco,50-59,13,5,0
2020-05-20,Lenowisco,60-69,5,4,2
2020-05-20,Lenowisco,70-79,4,3,1
2020-05-20,Lenowisco,80+,0,0,0
2020-05-20,Lenowisco,Missing,0,0,0
2020-05-20,"Lord Fairfax",0-9,15,0,0
2020-05-20,"Lord Fairfax",19-Oct,47,0,0
2020-05-20,"Lord Fairfax",20-29,150,2,0
2020-05-20,"Lord Fairfax",30-39,146,9,0
2020-05-20,"Lord Fairfax",40-49,146,5,1
2020-05-20,"Lord Fairfax",50-59,186,9,1
2020-05-20,"Lord Fairfax",60-69,137,28,7
2020-05-20,"Lord Fairfax",70-79,72,17,6
2020-05-20,"Lord Fairfax",80+,73,21,20
2020-05-20,"Lord Fairfax",Missing,1,0,0
2020-05-20,Loudoun,0-9,47,1,0
2020-05-20,Loudoun,19-Oct,72,0,0
2020-05-20,Loudoun,20-29,233,2,0
2020-05-20,Loudoun,30-39,267,13,0
2020-05-20,Loudoun,40-49,344,18,0
2020-05-20,Loudoun,50-59,282,23,1
2020-05-20,Loudoun,60-69,131,24,3
2020-05-20,Loudoun,70-79,75,28,9
2020-05-20,Loudoun,80+,124,37,36
2020-05-20,Loudoun,Missing,4,0,0
2020-05-20,"Mount Rogers",0-9,16,1,0
2020-05-20,"Mount Rogers",19-Oct,16,0,0
2020-05-20,"Mount Rogers",20-29,37,0,0
2020-05-20,"Mount Rogers",30-39,50,4,0
2020-05-20,"Mount Rogers",40-49,39,0,0
2020-05-20,"Mount Rogers",50-59,40,2,0
2020-05-20,"Mount Rogers",60-69,23,1,0
2020-05-20,"Mount Rogers",70-79,15,6,1
2020-05-20,"Mount Rogers",80+,16,4,5
2020-05-20,"Mount Rogers",Missing,0,0,0
2020-05-20,"New River",0-9,2,0,0
2020-05-20,"New River",19-Oct,3,0,0
2020-05-20,"New River",20-29,22,0,0
2020-05-20,"New River",30-39,6,0,0
2020-05-20,"New River",40-49,13,1,0
2020-05-20,"New River",50-59,15,2,0
2020-05-20,"New River",60-69,15,2,0
2020-05-20,"New River",70-79,9,5,1
2020-05-20,"New River",80+,4,2,0
2020-05-20,"New River",Missing,0,0,0
2020-05-20,Norfolk,0-9,4,0,0
2020-05-20,Norfolk,19-Oct,15,1,0
2020-05-20,Norfolk,20-29,77,1,0
2020-05-20,Norfolk,30-39,79,6,0
2020-05-20,Norfolk,40-49,68,9,0
2020-05-20,Norfolk,50-59,60,8,0
2020-05-20,Norfolk,60-69,36,14,1
2020-05-20,Norfolk,70-79,18,13,2
2020-05-20,Norfolk,80+,9,6,3
2020-05-20,Norfolk,Missing,4,0,0
2020-05-20,Peninsula,0-9,12,0,0
2020-05-20,Peninsula,19-Oct,9,1,0
2020-05-20,Peninsula,20-29,58,1,0
2020-05-20,Peninsula,30-39,61,6,1
2020-05-20,Peninsula,40-49,62,4,1
2020-05-20,Peninsula,50-59,93,15,2
2020-05-20,Peninsula,60-69,97,26,3
2020-05-20,Peninsula,70-79,75,36,10
2020-05-20,Peninsula,80+,43,23,14
2020-05-20,Peninsula,Missing,3,0,0
2020-05-20,Piedmont,0-9,2,0,0
2020-05-20,Piedmont,19-Oct,5,0,0
2020-05-20,Piedmont,20-29,88,0,0
2020-05-20,Piedmont,30-39,108,0,0
2020-05-20,Piedmont,40-49,122,4,0
2020-05-20,Piedmont,50-59,125,10,0
2020-05-20,Piedmont,60-69,93,11,2
2020-05-20,Piedmont,70-79,35,12,2
2020-05-20,Piedmont,80+,13,3,1
2020-05-20,Piedmont,Missing,0,0,0
2020-05-20,Pittsylvania-Danville,0-9,1,0,0
2020-05-20,Pittsylvania-Danville,19-Oct,1,0,0
2020-05-20,Pittsylvania-Danville,20-29,7,0,0
2020-05-20,Pittsylvania-Danville,30-39,9,0,0
2020-05-20,Pittsylvania-Danville,40-49,14,4,0
2020-05-20,Pittsylvania-Danville,50-59,17,6,0
2020-05-20,Pittsylvania-Danville,60-69,9,4,1
2020-05-20,Pittsylvania-Danville,70-79,10,7,0
2020-05-20,Pittsylvania-Danville,80+,3,2,1
2020-05-20,Pittsylvania-Danville,Missing,0,0,0
2020-05-20,Portsmouth,0-9,2,1,0
2020-05-20,Portsmouth,19-Oct,1,0,0
2020-05-20,Portsmouth,20-29,35,2,0
2020-05-20,Portsmouth,30-39,61,3,0
2020-05-20,Portsmouth,40-49,39,3,0
2020-05-20,Portsmouth,50-59,43,12,1
2020-05-20,Portsmouth,60-69,29,9,4
2020-05-20,Portsmouth,70-79,17,5,3
2020-05-20,Portsmouth,80+,14,4,3
2020-05-20,Portsmouth,Missing,0,0,0
2020-05-20,"Prince William",0-9,138,3,0
2020-05-20,"Prince William",19-Oct,300,3,0
2020-05-20,"Prince William",20-29,849,31,0
2020-05-20,"Prince William",30-39,959,57,1
2020-05-20,"Prince William",40-49,1079,90,2
2020-05-20,"Prince William",50-59,842,110,4
2020-05-20,"Prince William",60-69,449,76,15
2020-05-20,"Prince William",70-79,163,49,24
2020-05-20,"Prince William",80+,127,43,42
2020-05-20,"Prince William",Missing,54,0,0
2020-05-20,Rappahannock,0-9,34,1,0
2020-05-20,Rappahannock,19-Oct,78,1,0
2020-05-20,Rappahannock,20-29,189,7,0
2020-05-20,Rappahannock,30-39,223,10,0
2020-05-20,Rappahannock,40-49,203,25,2
2020-05-20,Rappahannock,50-59,174,25,1
2020-05-20,Rappahannock,60-69,102,33,4
2020-05-20,Rappahannock,70-79,31,14,4
2020-05-20,Rappahannock,80+,17,10,3
2020-05-20,Rappahannock,Missing,8,0,0
2020-05-20,"Rappahannock Rapidan",0-9,36,1,0
2020-05-20,"Rappahannock Rapidan",19-Oct,64,1,0
2020-05-20,"Rappahannock Rapidan",20-29,156,2,0
2020-05-20,"Rappahannock Rapidan",30-39,190,10,1
2020-05-20,"Rappahannock Rapidan",40-49,178,11,1
2020-05-20,"Rappahannock Rapidan",50-59,127,16,0
2020-05-20,"Rappahannock Rapidan",60-69,59,8,1
2020-05-20,"Rappahannock Rapidan",70-79,24,5,4
2020-05-20,"Rappahannock Rapidan",80+,18,9,4
2020-05-20,"Rappahannock Rapidan",Missing,1,0,0
2020-05-20,Richmond,0-9,24,2,0
2020-05-20,Richmond,19-Oct,42,2,0
2020-05-20,Richmond,20-29,147,7,0
2020-05-20,Richmond,30-39,165,9,0
2020-05-20,Richmond,40-49,170,13,0
2020-05-20,Richmond,50-59,125,25,0
2020-05-20,Richmond,60-69,100,35,6
2020-05-20,Richmond,70-79,39,19,6
2020-05-20,Richmond,80+,23,11,7
2020-05-20,Richmond,Missing,0,0,0
2020-05-20,Roanoke,0-9,5,0,0
2020-05-20,Roanoke,19-Oct,3,0,0
2020-05-20,Roanoke,20-29,15,0,0
2020-05-20,Roanoke,30-39,24,0,0
2020-05-20,Roanoke,40-49,17,0,0
2020-05-20,Roanoke,50-59,14,1,0
2020-05-20,Roanoke,60-69,10,1,0
2020-05-20,Roanoke,70-79,8,2,0
2020-05-20,Roanoke,80+,36,3,8
2020-05-20,Roanoke,Missing,3,0,0
2020-05-20,Southside,0-9,1,0,0
2020-05-20,Southside,19-Oct,3,0,0
2020-05-20,Southside,20-29,24,2,0
2020-05-20,Southside,30-39,18,0,0
2020-05-20,Southside,40-49,18,3,0
2020-05-20,Southside,50-59,37,5,0
2020-05-20,Southside,60-69,34,9,3
2020-05-20,Southside,70-79,35,9,9
2020-05-20,Southside,80+,58,6,8
2020-05-20,Southside,Missing,0,0,0
2020-05-20,"Thomas Jefferson",0-9,5,1,0
2020-05-20,"Thomas Jefferson",19-Oct,11,0,0
2020-05-20,"Thomas Jefferson",20-29,50,0,0
2020-05-20,"Thomas Jefferson",30-39,61,4,0
2020-05-20,"Thomas Jefferson",40-49,48,5,0
2020-05-20,"Thomas Jefferson",50-59,60,8,1
2020-05-20,"Thomas Jefferson",60-69,48,13,2
2020-05-20,"Thomas Jefferson",70-79,46,15,1
2020-05-20,"Thomas Jefferson",80+,61,21,9
2020-05-20,"Thomas Jefferson",Missing,0,0,0
2020-05-20,"Three Rivers",0-9,2,0,0
2020-05-20,"Three Rivers",19-Oct,13,0,0
2020-05-20,"Three Rivers",20-29,64,1,0
2020-05-20,"Three Rivers",30-39,97,2,0
2020-05-20,"Three Rivers",40-49,93,7,1
2020-05-20,"Three Rivers",50-59,61,3,0
2020-05-20,"Three Rivers",60-69,63,9,0
2020-05-20,"Three Rivers",70-79,21,4,2
2020-05-20,"Three Rivers",80+,21,5,3
2020-05-20,"Three Rivers",Missing,1,0,0
2020-05-20,"Virginia Beach",0-9,4,0,0
2020-05-20,"Virginia Beach",19-Oct,17,0,0
2020-05-20,"Virginia Beach",20-29,71,1,0
2020-05-20,"Virginia Beach",30-39,83,6,0
2020-05-20,"Virginia Beach",40-49,84,14,1
2020-05-20,"Virginia Beach",50-59,94,12,0
2020-05-20,"Virginia Beach",60-69,88,13,1
2020-05-20,"Virginia Beach",70-79,48,22,5
2020-05-20,"Virginia Beach",80+,66,19,12
2020-05-20,"Virginia Beach",Missing,9,0,0
2020-05-20,"West Piedmont",0-9,3,0,0
2020-05-20,"West Piedmont",19-Oct,8,0,0
2020-05-20,"West Piedmont",20-29,14,0,0
2020-05-20,"West Piedmont",30-39,13,0,0
2020-05-20,"West Piedmont",40-49,16,2,1
2020-05-20,"West Piedmont",50-59,23,2,0
2020-05-20,"West Piedmont",60-69,17,1,0
2020-05-20,"West Piedmont",70-79,11,6,2
2020-05-20,"West Piedmont",80+,5,2,0
2020-05-20,"West Piedmont",Missing,0,0,0
2020-05-20,"Western Tidewater",0-9,5,0,0
2020-05-20,"Western Tidewater",19-Oct,6,0,0
2020-05-20,"Western Tidewater",20-29,37,0,0
2020-05-20,"Western Tidewater",30-39,44,1,0
2020-05-20,"Western Tidewater",40-49,75,3,0
2020-05-20,"Western Tidewater",50-59,98,5,0
2020-05-20,"Western Tidewater",60-69,96,10,4
2020-05-20,"Western Tidewater",70-79,72,17,10
2020-05-20,"Western Tidewater",80+,128,21,17
2020-05-20,"Western Tidewater",Missing,2,0,0
2020-05-21,Alexandria,0-9,77,1,0
2020-05-21,Alexandria,19-Oct,108,1,0
2020-05-21,Alexandria,20-29,237,5,1
2020-05-21,Alexandria,30-39,371,22,0
2020-05-21,Alexandria,40-49,316,27,0
2020-05-21,Alexandria,50-59,216,34,7
2020-05-21,Alexandria,60-69,143,28,1
2020-05-21,Alexandria,70-79,83,31,12
2020-05-21,Alexandria,80+,71,22,16
2020-05-21,Alexandria,Missing,5,0,0
2020-05-21,Alleghany,0-9,0,0,0
2020-05-21,Alleghany,19-Oct,2,0,0
2020-05-21,Alleghany,20-29,30,1,0
2020-05-21,Alleghany,30-39,15,2,0
2020-05-21,Alleghany,40-49,19,0,0
2020-05-21,Alleghany,50-59,37,4,0
2020-05-21,Alleghany,60-69,25,6,0
2020-05-21,Alleghany,70-79,21,4,3
2020-05-21,Alleghany,80+,21,7,3
2020-05-21,Alleghany,Missing,0,0,0
2020-05-21,Arlington,0-9,29,3,0
2020-05-21,Arlington,19-Oct,50,6,0
2020-05-21,Arlington,20-29,269,21,0
2020-05-21,Arlington,30-39,322,37,0
2020-05-21,Arlington,40-49,290,41,2
2020-05-21,Arlington,50-59,288,51,3
2020-05-21,Arlington,60-69,216,63,16
2020-05-21,Arlington,70-79,137,61,24
2020-05-21,Arlington,80+,159,63,44
2020-05-21,Arlington,Missing,3,0,0
2020-05-21,"Central Shenandoah",0-9,31,0,0
2020-05-21,"Central Shenandoah",19-Oct,65,1,0
2020-05-21,"Central Shenandoah",20-29,234,5,0
2020-05-21,"Central Shenandoah",30-39,206,4,0
2020-05-21,"Central Shenandoah",40-49,226,7,0
2020-05-21,"Central Shenandoah",50-59,240,20,1
2020-05-21,"Central Shenandoah",60-69,167,29,6
2020-05-21,"Central Shenandoah",70-79,76,23,11
2020-05-21,"Central Shenandoah",80+,68,15,10
2020-05-21,"Central Shenandoah",Missing,1,0,0
2020-05-21,"Central Virginia",0-9,3,0,0
2020-05-21,"Central Virginia",19-Oct,12,1,0
2020-05-21,"Central Virginia",20-29,24,2,0
2020-05-21,"Central Virginia",30-39,32,1,0
2020-05-21,"Central Virginia",40-49,26,0,0
2020-05-21,"Central Virginia",50-59,31,2,1
2020-05-21,"Central Virginia",60-69,33,3,1
2020-05-21,"Central Virginia",70-79,13,4,1
2020-05-21,"Central Virginia",80+,5,2,0
2020-05-21,"Central Virginia",Missing,0,0,0
2020-05-21,Chesapeake,0-9,9,1,0
2020-05-21,Chesapeake,19-Oct,11,0,0
2020-05-21,Chesapeake,20-29,46,3,0
2020-05-21,Chesapeake,30-39,73,3,0
2020-05-21,Chesapeake,40-49,67,11,0
2020-05-21,Chesapeake,50-59,79,16,1
2020-05-21,Chesapeake,60-69,56,17,4
2020-05-21,Chesapeake,70-79,36,18,2
2020-05-21,Chesapeake,80+,33,12,6
2020-05-21,Chesapeake,Missing,2,0,0
2020-05-21,Chesterfield,0-9,20,0,0
2020-05-21,Chesterfield,19-Oct,92,0,0
2020-05-21,Chesterfield,20-29,157,3,0
2020-05-21,Chesterfield,30-39,235,1,0
2020-05-21,Chesterfield,40-49,229,8,2
2020-05-21,Chesterfield,50-59,194,17,1
2020-05-21,Chesterfield,60-69,128,18,8
2020-05-21,Chesterfield,70-79,71,13,6
2020-05-21,Chesterfield,80+,95,13,19
2020-05-21,Chesterfield,Missing,19,0,0
2020-05-21,Chickahominy,0-9,5,0,0
2020-05-21,Chickahominy,19-Oct,13,0,0
2020-05-21,Chickahominy,20-29,42,0,0
2020-05-21,Chickahominy,30-39,47,0,0
2020-05-21,Chickahominy,40-49,52,7,1
2020-05-21,Chickahominy,50-59,75,15,0
2020-05-21,Chickahominy,60-69,44,14,4
2020-05-21,Chickahominy,70-79,37,17,4
2020-05-21,Chickahominy,80+,64,24,17
2020-05-21,Chickahominy,Missing,5,0,0
2020-05-21,Crater,0-9,6,1,0
2020-05-21,Crater,19-Oct,16,0,0
2020-05-21,Crater,20-29,66,6,0
2020-05-21,Crater,30-39,66,1,0
2020-05-21,Crater,40-49,74,11,1
2020-05-21,Crater,50-59,83,17,1
2020-05-21,Crater,60-69,74,22,8
2020-05-21,Crater,70-79,49,16,4
2020-05-21,Crater,80+,34,7,0
2020-05-21,Crater,Missing,0,0,0
2020-05-21,"Cumberland Plateau",0-9,0,0,0
2020-05-21,"Cumberland Plateau",19-Oct,12,0,0
2020-05-21,"Cumberland Plateau",20-29,1,0,0
2020-05-21,"Cumberland Plateau",30-39,5,0,0
2020-05-21,"Cumberland Plateau",40-49,5,0,0
2020-05-21,"Cumberland Plateau",50-59,3,1,0
2020-05-21,"Cumberland Plateau",60-69,4,1,0
2020-05-21,"Cumberland Plateau",70-79,2,0,0
2020-05-21,"Cumberland Plateau",80+,0,0,0
2020-05-21,"Cumberland Plateau",Missing,0,0,0
2020-05-21,"Eastern Shore",0-9,10,1,0
2020-05-21,"Eastern Shore",19-Oct,38,0,0
2020-05-21,"Eastern Shore",20-29,126,2,0
2020-05-21,"Eastern Shore",30-39,160,5,0
2020-05-21,"Eastern Shore",40-49,166,6,2
2020-05-21,"Eastern Shore",50-59,200,9,5
2020-05-21,"Eastern Shore",60-69,132,12,5
2020-05-21,"Eastern Shore",70-79,41,9,4
2020-05-21,"Eastern Shore",80+,42,14,11
2020-05-21,"Eastern Shore",Missing,0,0,0
2020-05-21,Fairfax,0-9,180,7,0
2020-05-21,Fairfax,19-Oct,373,12,0
2020-05-21,Fairfax,20-29,1247,52,1
2020-05-21,Fairfax,30-39,1686,120,3
2020-05-21,Fairfax,40-49,1669,170,5
2020-05-21,Fairfax,50-59,1421,206,17
2020-05-21,Fairfax,60-69,981,219,36
2020-05-21,Fairfax,70-79,475,172,63
2020-05-21,Fairfax,80+,608,222,192
2020-05-21,Fairfax,Missing,37,1,0
2020-05-21,Hampton,0-9,6,0,0
2020-05-21,Hampton,19-Oct,7,0,0
2020-05-21,Hampton,20-29,30,1,0
2020-05-21,Hampton,30-39,29,2,0
2020-05-21,Hampton,40-49,23,2,0
2020-05-21,Hampton,50-59,34,8,1
2020-05-21,Hampton,60-69,23,9,1
2020-05-21,Hampton,70-79,11,6,0
2020-05-21,Hampton,80+,3,2,1
2020-05-21,Hampton,Missing,1,0,0
2020-05-21,Henrico,0-9,37,0,0
2020-05-21,Henrico,19-Oct,37,1,0
2020-05-21,Henrico,20-29,134,8,0
2020-05-21,Henrico,30-39,169,6,0
2020-05-21,Henrico,40-49,192,14,0
2020-05-21,Henrico,50-59,185,22,5
2020-05-21,Henrico,60-69,173,30,19
2020-05-21,Henrico,70-79,155,39,32
2020-05-21,Henrico,80+,239,53,57
2020-05-21,Henrico,Missing,18,1,1
2020-05-21,Lenowisco,0-9,4,0,0
2020-05-21,Lenowisco,19-Oct,2,0,0
2020-05-21,Lenowisco,20-29,6,0,0
2020-05-21,Lenowisco,30-39,4,1,1
2020-05-21,Lenowisco,40-49,5,2,0
2020-05-21,Lenowisco,50-59,13,5,0
2020-05-21,Lenowisco,60-69,5,4,2
2020-05-21,Lenowisco,70-79,5,3,1
2020-05-21,Lenowisco,80+,0,0,0
2020-05-21,Lenowisco,Missing,0,0,0
2020-05-21,"Lord Fairfax",0-9,16,0,0
2020-05-21,"Lord Fairfax",19-Oct,50,0,0
2020-05-21,"Lord Fairfax",20-29,158,2,0
2020-05-21,"Lord Fairfax",30-39,154,9,0
2020-05-21,"Lord Fairfax",40-49,150,5,1
2020-05-21,"Lord Fairfax",50-59,189,10,1
2020-05-21,"Lord Fairfax",60-69,138,28,7
2020-05-21,"Lord Fairfax",70-79,76,18,7
2020-05-21,"Lord Fairfax",80+,73,21,21
2020-05-21,"Lord Fairfax",Missing,1,0,0
2020-05-21,Loudoun,0-9,48,1,0
2020-05-21,Loudoun,19-Oct,81,0,0
2020-05-21,Loudoun,20-29,247,2,0
2020-05-21,Loudoun,30-39,295,13,0
2020-05-21,Loudoun,40-49,374,18,0
2020-05-21,Loudoun,50-59,294,23,1
2020-05-21,Loudoun,60-69,141,24,3
2020-05-21,Loudoun,70-79,78,29,9
2020-05-21,Loudoun,80+,134,37,36
2020-05-21,Loudoun,Missing,8,0,0
2020-05-21,"Mount Rogers",0-9,16,1,0
2020-05-21,"Mount Rogers",19-Oct,16,0,0
2020-05-21,"Mount Rogers",20-29,38,0,0
2020-05-21,"Mount Rogers",30-39,50,4,0
2020-05-21,"Mount Rogers",40-49,39,0,0
2020-05-21,"Mount Rogers",50-59,40,2,0
2020-05-21,"Mount Rogers",60-69,24,2,0
2020-05-21,"Mount Rogers",70-79,15,6,1
2020-05-21,"Mount Rogers",80+,16,4,5
2020-05-21,"Mount Rogers",Missing,0,0,0
2020-05-21,"New River",0-9,2,0,0
2020-05-21,"New River",19-Oct,3,0,0
2020-05-21,"New River",20-29,23,0,0
2020-05-21,"New River",30-39,6,0,0
2020-05-21,"New River",40-49,13,1,0
2020-05-21,"New River",50-59,15,2,0
2020-05-21,"New River",60-69,15,2,0
2020-05-21,"New River",70-79,9,5,1
2020-05-21,"New River",80+,4,2,0
2020-05-21,"New River",Missing,0,0,0
2020-05-21,Norfolk,0-9,5,0,0
2020-05-21,Norfolk,19-Oct,15,1,0
2020-05-21,Norfolk,20-29,77,1,0
2020-05-21,Norfolk,30-39,80,7,0
2020-05-21,Norfolk,40-49,69,9,0
2020-05-21,Norfolk,50-59,62,8,0
2020-05-21,Norfolk,60-69,38,14,1
2020-05-21,Norfolk,70-79,18,13,2
2020-05-21,Norfolk,80+,9,6,3
2020-05-21,Norfolk,Missing,4,0,0
2020-05-21,Peninsula,0-9,12,0,0
2020-05-21,Peninsula,19-Oct,9,1,0
2020-05-21,Peninsula,20-29,58,1,0
2020-05-21,Peninsula,30-39,62,6,1
2020-05-21,Peninsula,40-49,63,5,1
2020-05-21,Peninsula,50-59,96,15,2
2020-05-21,Peninsula,60-69,97,26,3
2020-05-21,Peninsula,70-79,76,36,10
2020-05-21,Peninsula,80+,43,23,14
2020-05-21,Peninsula,Missing,3,0,0
2020-05-21,Piedmont,0-9,2,0,0
2020-05-21,Piedmont,19-Oct,7,0,0
2020-05-21,Piedmont,20-29,96,0,0
2020-05-21,Piedmont,30-39,116,1,0
2020-05-21,Piedmont,40-49,128,4,0
2020-05-21,Piedmont,50-59,130,10,0
2020-05-21,Piedmont,60-69,96,11,2
2020-05-21,Piedmont,70-79,36,12,2
2020-05-21,Piedmont,80+,13,3,1
2020-05-21,Piedmont,Missing,2,0,0
2020-05-21,Pittsylvania-Danville,0-9,1,0,0
2020-05-21,Pittsylvania-Danville,19-Oct,1,0,0
2020-05-21,Pittsylvania-Danville,20-29,7,0,0
2020-05-21,Pittsylvania-Danville,30-39,9,0,0
2020-05-21,Pittsylvania-Danville,40-49,14,4,0
2020-05-21,Pittsylvania-Danville,50-59,17,6,0
2020-05-21,Pittsylvania-Danville,60-69,9,4,1
2020-05-21,Pittsylvania-Danville,70-79,10,7,0
2020-05-21,Pittsylvania-Danville,80+,3,2,1
2020-05-21,Pittsylvania-Danville,Missing,0,0,0
2020-05-21,Portsmouth,0-9,2,1,0
2020-05-21,Portsmouth,19-Oct,2,0,0
2020-05-21,Portsmouth,20-29,35,2,0
2020-05-21,Portsmouth,30-39,61,3,0
2020-05-21,Portsmouth,40-49,41,3,0
2020-05-21,Portsmouth,50-59,43,12,1
2020-05-21,Portsmouth,60-69,30,9,4
2020-05-21,Portsmouth,70-79,17,5,3
2020-05-21,Portsmouth,80+,14,5,3
2020-05-21,Portsmouth,Missing,0,0,0
2020-05-21,"Prince William",0-9,142,3,0
2020-05-21,"Prince William",19-Oct,308,3,0
2020-05-21,"Prince William",20-29,880,31,0
2020-05-21,"Prince William",30-39,996,63,1
2020-05-21,"Prince William",40-49,1118,94,2
2020-05-21,"Prince William",50-59,866,115,4
2020-05-21,"Prince William",60-69,467,88,15
2020-05-21,"Prince William",70-79,165,50,24
2020-05-21,"Prince William",80+,129,44,42
2020-05-21,"Prince William",Missing,78,0,0
2020-05-21,Rappahannock,0-9,35,1,0
2020-05-21,Rappahannock,19-Oct,80,1,0
2020-05-21,Rappahannock,20-29,196,7,0
2020-05-21,Rappahannock,30-39,233,10,0
2020-05-21,Rappahannock,40-49,209,25,2
2020-05-21,Rappahannock,50-59,181,27,1
2020-05-21,Rappahannock,60-69,108,33,4
2020-05-21,Rappahannock,70-79,33,15,4
2020-05-21,Rappahannock,80+,19,11,3
2020-05-21,Rappahannock,Missing,13,0,0
2020-05-21,"Rappahannock Rapidan",0-9,37,1,0
2020-05-21,"Rappahannock Rapidan",19-Oct,70,1,0
2020-05-21,"Rappahannock Rapidan",20-29,166,2,0
2020-05-21,"Rappahannock Rapidan",30-39,201,11,1
2020-05-21,"Rappahannock Rapidan",40-49,188,12,1
2020-05-21,"Rappahannock Rapidan",50-59,131,18,0
2020-05-21,"Rappahannock Rapidan",60-69,61,9,1
2020-05-21,"Rappahannock Rapidan",70-79,24,6,4
2020-05-21,"Rappahannock Rapidan",80+,19,10,4
2020-05-21,"Rappahannock Rapidan",Missing,2,0,0
2020-05-21,Richmond,0-9,25,2,0
2020-05-21,Richmond,19-Oct,48,2,0
2020-05-21,Richmond,20-29,154,7,0
2020-05-21,Richmond,30-39,178,9,0
2020-05-21,Richmond,40-49,177,13,0
2020-05-21,Richmond,50-59,132,25,0
2020-05-21,Richmond,60-69,102,35,6
2020-05-21,Richmond,70-79,41,19,7
2020-05-21,Richmond,80+,23,11,7
2020-05-21,Richmond,Missing,8,0,0
2020-05-21,Roanoke,0-9,5,0,0
2020-05-21,Roanoke,19-Oct,3,0,0
2020-05-21,Roanoke,20-29,15,0,0
2020-05-21,Roanoke,30-39,24,0,0
2020-05-21,Roanoke,40-49,17,0,0
2020-05-21,Roanoke,50-59,14,1,0
2020-05-21,Roanoke,60-69,10,1,0
2020-05-21,Roanoke,70-79,8,2,0
2020-05-21,Roanoke,80+,36,3,8
2020-05-21,Roanoke,Missing,3,0,0
2020-05-21,Southside,0-9,1,0,0
2020-05-21,Southside,19-Oct,3,0,0
2020-05-21,Southside,20-29,24,2,0
2020-05-21,Southside,30-39,18,0,0
2020-05-21,Southside,40-49,18,3,0
2020-05-21,Southside,50-59,37,5,0
2020-05-21,Southside,60-69,37,9,3
2020-05-21,Southside,70-79,38,9,10
2020-05-21,Southside,80+,59,6,8
2020-05-21,Southside,Missing,0,0,0
2020-05-21,"Thomas Jefferson",0-9,5,1,0
2020-05-21,"Thomas Jefferson",19-Oct,12,0,0
2020-05-21,"Thomas Jefferson",20-29,50,0,0
2020-05-21,"Thomas Jefferson",30-39,62,4,0
2020-05-21,"Thomas Jefferson",40-49,49,5,0
2020-05-21,"Thomas Jefferson",50-59,62,8,1
2020-05-21,"Thomas Jefferson",60-69,48,14,2
2020-05-21,"Thomas Jefferson",70-79,46,15,1
2020-05-21,"Thomas Jefferson",80+,60,21,9
2020-05-21,"Thomas Jefferson",Missing,0,0,0
2020-05-21,"Three Rivers",0-9,2,0,0
2020-05-21,"Three Rivers",19-Oct,12,0,0
2020-05-21,"Three Rivers",20-29,67,1,0
2020-05-21,"Three Rivers",30-39,97,2,0
2020-05-21,"Three Rivers",40-49,94,8,1
2020-05-21,"Three Rivers",50-59,61,3,0
2020-05-21,"Three Rivers",60-69,64,10,0
2020-05-21,"Three Rivers",70-79,21,4,2
2020-05-21,"Three Rivers",80+,22,5,3
2020-05-21,"Three Rivers",Missing,1,0,0
2020-05-21,"Virginia Beach",0-9,4,0,0
2020-05-21,"Virginia Beach",19-Oct,18,0,0
2020-05-21,"Virginia Beach",20-29,74,1,0
2020-05-21,"Virginia Beach",30-39,85,6,0
2020-05-21,"Virginia Beach",40-49,86,14,1
2020-05-21,"Virginia Beach",50-59,96,12,0
2020-05-21,"Virginia Beach",60-69,92,13,1
2020-05-21,"Virginia Beach",70-79,50,22,5
2020-05-21,"Virginia Beach",80+,66,19,12
2020-05-21,"Virginia Beach",Missing,13,0,0
2020-05-21,"West Piedmont",0-9,3,0,0
2020-05-21,"West Piedmont",19-Oct,9,0,0
2020-05-21,"West Piedmont",20-29,14,0,0
2020-05-21,"West Piedmont",30-39,15,0,0
2020-05-21,"West Piedmont",40-49,17,2,1
2020-05-21,"West Piedmont",50-59,24,2,0
2020-05-21,"West Piedmont",60-69,18,1,0
2020-05-21,"West Piedmont",70-79,11,6,2
2020-05-21,"West Piedmont",80+,5,2,0
2020-05-21,"West Piedmont",Missing,0,0,0
2020-05-21,"Western Tidewater",0-9,5,0,0
2020-05-21,"Western Tidewater",19-Oct,6,0,0
2020-05-21,"Western Tidewater",20-29,39,1,0
2020-05-21,"Western Tidewater",30-39,46,1,0
2020-05-21,"Western Tidewater",40-49,76,3,0
2020-05-21,"Western Tidewater",50-59,100,5,0
2020-05-21,"Western Tidewater",60-69,97,10,4
2020-05-21,"Western Tidewater",70-79,72,17,10
2020-05-21,"Western Tidewater",80+,128,21,17
2020-05-21,"Western Tidewater",Missing,2,0,0
2020-05-22,Alexandria,0-9,80,1,0
2020-05-22,Alexandria,19-Oct,108,1,0
2020-05-22,Alexandria,20-29,241,5,1
2020-05-22,Alexandria,30-39,381,22,0
2020-05-22,Alexandria,40-49,322,27,0
2020-05-22,Alexandria,50-59,221,35,7
2020-05-22,Alexandria,60-69,143,29,1
2020-05-22,Alexandria,70-79,83,32,12
2020-05-22,Alexandria,80+,73,23,16
2020-05-22,Alexandria,Missing,5,0,0
2020-05-22,Alleghany,0-9,0,0,0
2020-05-22,Alleghany,19-Oct,2,0,0
2020-05-22,Alleghany,20-29,31,1,0
2020-05-22,Alleghany,30-39,15,2,0
2020-05-22,Alleghany,40-49,19,0,0
2020-05-22,Alleghany,50-59,37,4,1
2020-05-22,Alleghany,60-69,25,6,1
2020-05-22,Alleghany,70-79,21,4,7
2020-05-22,Alleghany,80+,21,7,5
2020-05-22,Alleghany,Missing,0,0,0
2020-05-22,Arlington,0-9,29,2,0
2020-05-22,Arlington,19-Oct,51,6,0
2020-05-22,Arlington,20-29,278,20,0
2020-05-22,Arlington,30-39,327,37,0
2020-05-22,Arlington,40-49,294,41,2
2020-05-22,Arlington,50-59,292,51,4
2020-05-22,Arlington,60-69,223,64,16
2020-05-22,Arlington,70-79,138,62,24
2020-05-22,Arlington,80+,160,63,45
2020-05-22,Arlington,Missing,3,0,0
2020-05-22,"Central Shenandoah",0-9,32,0,0
2020-05-22,"Central Shenandoah",19-Oct,66,1,0
2020-05-22,"Central Shenandoah",20-29,240,5,0
2020-05-22,"Central Shenandoah",30-39,213,5,0
2020-05-22,"Central Shenandoah",40-49,228,7,0
2020-05-22,"Central Shenandoah",50-59,241,20,1
2020-05-22,"Central Shenandoah",60-69,172,29,6
2020-05-22,"Central Shenandoah",70-79,76,23,11
2020-05-22,"Central Shenandoah",80+,69,16,10
2020-05-22,"Central Shenandoah",Missing,1,0,0
2020-05-22,"Central Virginia",0-9,3,0,0
2020-05-22,"Central Virginia",19-Oct,12,1,0
2020-05-22,"Central Virginia",20-29,26,2,0
2020-05-22,"Central Virginia",30-39,32,1,0
2020-05-22,"Central Virginia",40-49,27,0,0
2020-05-22,"Central Virginia",50-59,31,2,1
2020-05-22,"Central Virginia",60-69,33,3,1
2020-05-22,"Central Virginia",70-79,13,4,2
2020-05-22,"Central Virginia",80+,5,2,0
2020-05-22,"Central Virginia",Missing,0,0,0
2020-05-22,Chesapeake,0-9,9,1,0
2020-05-22,Chesapeake,19-Oct,11,0,0
2020-05-22,Chesapeake,20-29,47,3,0
2020-05-22,Chesapeake,30-39,75,3,0
2020-05-22,Chesapeake,40-49,67,12,0
2020-05-22,Chesapeake,50-59,82,16,1
2020-05-22,Chesapeake,60-69,56,17,4
2020-05-22,Chesapeake,70-79,35,18,2
2020-05-22,Chesapeake,80+,33,12,6
2020-05-22,Chesapeake,Missing,4,0,0
2020-05-22,Chesterfield,0-9,21,0,0
2020-05-22,Chesterfield,19-Oct,93,0,0
2020-05-22,Chesterfield,20-29,160,4,0
2020-05-22,Chesterfield,30-39,241,1,0
2020-05-22,Chesterfield,40-49,232,9,2
2020-05-22,Chesterfield,50-59,197,17,1
2020-05-22,Chesterfield,60-69,129,18,8
2020-05-22,Chesterfield,70-79,71,13,7
2020-05-22,Chesterfield,80+,96,13,19
2020-05-22,Chesterfield,Missing,21,0,0
2020-05-22,Chickahominy,0-9,5,0,0
2020-05-22,Chickahominy,19-Oct,13,0,0
2020-05-22,Chickahominy,20-29,42,0,0
2020-05-22,Chickahominy,30-39,47,0,0
2020-05-22,Chickahominy,40-49,52,7,1
2020-05-22,Chickahominy,50-59,75,15,0
2020-05-22,Chickahominy,60-69,45,14,4
2020-05-22,Chickahominy,70-79,38,17,4
2020-05-22,Chickahominy,80+,64,24,17
2020-05-22,Chickahominy,Missing,5,0,0
2020-05-22,Crater,0-9,6,1,0
2020-05-22,Crater,19-Oct,16,0,0
2020-05-22,Crater,20-29,69,6,0
2020-05-22,Crater,30-39,66,1,0
2020-05-22,Crater,40-49,74,11,1
2020-05-22,Crater,50-59,84,17,1
2020-05-22,Crater,60-69,75,22,8
2020-05-22,Crater,70-79,50,16,4
2020-05-22,Crater,80+,34,7,0
2020-05-22,Crater,Missing,0,0,0
2020-05-22,"Cumberland Plateau",0-9,0,0,0
2020-05-22,"Cumberland Plateau",19-Oct,12,0,0
2020-05-22,"Cumberland Plateau",20-29,1,0,0
2020-05-22,"Cumberland Plateau",30-39,5,0,0
2020-05-22,"Cumberland Plateau",40-49,5,0,0
2020-05-22,"Cumberland Plateau",50-59,3,1,0
2020-05-22,"Cumberland Plateau",60-69,4,1,0
2020-05-22,"Cumberland Plateau",70-79,2,0,0
2020-05-22,"Cumberland Plateau",80+,0,0,0
2020-05-22,"Cumberland Plateau",Missing,0,0,0
2020-05-22,"Eastern Shore",0-9,10,1,0
2020-05-22,"Eastern Shore",19-Oct,38,0,0
2020-05-22,"Eastern Shore",20-29,127,2,0
2020-05-22,"Eastern Shore",30-39,160,5,0
2020-05-22,"Eastern Shore",40-49,166,6,2
2020-05-22,"Eastern Shore",50-59,201,9,5
2020-05-22,"Eastern Shore",60-69,132,13,5
2020-05-22,"Eastern Shore",70-79,41,9,4
2020-05-22,"Eastern Shore",80+,42,14,11
2020-05-22,"Eastern Shore",Missing,0,0,0
2020-05-22,Fairfax,0-9,183,7,0
2020-05-22,Fairfax,19-Oct,385,12,0
2020-05-22,Fairfax,20-29,1280,54,1
2020-05-22,Fairfax,30-39,1715,121,3
2020-05-22,Fairfax,40-49,1697,171,5
2020-05-22,Fairfax,50-59,1447,207,17
2020-05-22,Fairfax,60-69,992,223,36
2020-05-22,Fairfax,70-79,478,175,67
2020-05-22,Fairfax,80+,615,227,201
2020-05-22,Fairfax,Missing,39,1,0
2020-05-22,Hampton,0-9,6,0,0
2020-05-22,Hampton,19-Oct,7,0,0
2020-05-22,Hampton,20-29,30,1,0
2020-05-22,Hampton,30-39,30,2,0
2020-05-22,Hampton,40-49,24,2,0
2020-05-22,Hampton,50-59,34,8,1
2020-05-22,Hampton,60-69,23,9,1
2020-05-22,Hampton,70-79,11,6,0
2020-05-22,Hampton,80+,3,2,1
2020-05-22,Hampton,Missing,1,0,0
2020-05-22,Henrico,0-9,37,0,0
2020-05-22,Henrico,19-Oct,39,1,0
2020-05-22,Henrico,20-29,144,8,0
2020-05-22,Henrico,30-39,178,6,0
2020-05-22,Henrico,40-49,197,14,0
2020-05-22,Henrico,50-59,190,22,6
2020-05-22,Henrico,60-69,174,30,20
2020-05-22,Henrico,70-79,155,39,32
2020-05-22,Henrico,80+,239,53,58
2020-05-22,Henrico,Missing,22,1,1
2020-05-22,Lenowisco,0-9,3,0,0
2020-05-22,Lenowisco,19-Oct,2,0,0
2020-05-22,Lenowisco,20-29,6,0,0
2020-05-22,Lenowisco,30-39,3,1,1
2020-05-22,Lenowisco,40-49,5,2,0
2020-05-22,Lenowisco,50-59,13,5,0
2020-05-22,Lenowisco,60-69,5,4,2
2020-05-22,Lenowisco,70-79,5,3,1
2020-05-22,Lenowisco,80+,0,0,0
2020-05-22,Lenowisco,Missing,0,0,0
2020-05-22,"Lord Fairfax",0-9,17,0,0
2020-05-22,"Lord Fairfax",19-Oct,51,0,0
2020-05-22,"Lord Fairfax",20-29,160,2,0
2020-05-22,"Lord Fairfax",30-39,157,9,0
2020-05-22,"Lord Fairfax",40-49,157,5,1
2020-05-22,"Lord Fairfax",50-59,192,12,1
2020-05-22,"Lord Fairfax",60-69,143,28,7
2020-05-22,"Lord Fairfax",70-79,76,18,7
2020-05-22,"Lord Fairfax",80+,77,22,21
2020-05-22,"Lord Fairfax",Missing,1,0,0
2020-05-22,Loudoun,0-9,51,1,0
2020-05-22,Loudoun,19-Oct,89,0,0
2020-05-22,Loudoun,20-29,260,2,0
2020-05-22,Loudoun,30-39,316,13,0
2020-05-22,Loudoun,40-49,405,19,0
2020-05-22,Loudoun,50-59,315,23,1
2020-05-22,Loudoun,60-69,148,25,3
2020-05-22,Loudoun,70-79,79,29,10
2020-05-22,Loudoun,80+,134,37,37
2020-05-22,Loudoun,Missing,10,0,0
2020-05-22,"Mount Rogers",0-9,16,1,0
2020-05-22,"Mount Rogers",19-Oct,16,0,0
2020-05-22,"Mount Rogers",20-29,38,0,0
2020-05-22,"Mount Rogers",30-39,51,4,0
2020-05-22,"Mount Rogers",40-49,39,0,0
2020-05-22,"Mount Rogers",50-59,41,3,0
2020-05-22,"Mount Rogers",60-69,28,2,0
2020-05-22,"Mount Rogers",70-79,16,6,1
2020-05-22,"Mount Rogers",80+,17,4,5
2020-05-22,"Mount Rogers",Missing,0,0,0
2020-05-22,"New River",0-9,2,0,0
2020-05-22,"New River",19-Oct,3,0,0
2020-05-22,"New River",20-29,23,0,0
2020-05-22,"New River",30-39,6,0,0
2020-05-22,"New River",40-49,13,1,0
2020-05-22,"New River",50-59,15,2,0
2020-05-22,"New River",60-69,15,2,0
2020-05-22,"New River",70-79,9,5,1
2020-05-22,"New River",80+,4,2,0
2020-05-22,"New River",Missing,0,0,0
2020-05-22,Norfolk,0-9,5,0,0
2020-05-22,Norfolk,19-Oct,16,1,0
2020-05-22,Norfolk,20-29,82,1,0
2020-05-22,Norfolk,30-39,82,7,0
2020-05-22,Norfolk,40-49,70,9,0
2020-05-22,Norfolk,50-59,62,8,0
2020-05-22,Norfolk,60-69,40,14,1
2020-05-22,Norfolk,70-79,18,13,2
2020-05-22,Norfolk,80+,9,6,3
2020-05-22,Norfolk,Missing,4,0,0
2020-05-22,Peninsula,0-9,13,0,0
2020-05-22,Peninsula,19-Oct,9,1,0
2020-05-22,Peninsula,20-29,62,1,0
2020-05-22,Peninsula,30-39,63,6,1
2020-05-22,Peninsula,40-49,63,5,1
2020-05-22,Peninsula,50-59,98,15,2
2020-05-22,Peninsula,60-69,98,26,3
2020-05-22,Peninsula,70-79,76,36,10
2020-05-22,Peninsula,80+,44,23,15
2020-05-22,Peninsula,Missing,6,0,0
2020-05-22,Piedmont,0-9,2,0,0
2020-05-22,Piedmont,19-Oct,8,0,0
2020-05-22,Piedmont,20-29,98,0,0
2020-05-22,Piedmont,30-39,118,1,0
2020-05-22,Piedmont,40-49,128,4,0
2020-05-22,Piedmont,50-59,132,11,0
2020-05-22,Piedmont,60-69,98,12,2
2020-05-22,Piedmont,70-79,36,12,2
2020-05-22,Piedmont,80+,14,3,1
2020-05-22,Piedmont,Missing,1,0,0
2020-05-22,Pittsylvania-Danville,0-9,1,0,0
2020-05-22,Pittsylvania-Danville,19-Oct,1,0,0
2020-05-22,Pittsylvania-Danville,20-29,8,0,0
2020-05-22,Pittsylvania-Danville,30-39,9,0,0
2020-05-22,Pittsylvania-Danville,40-49,14,4,0
2020-05-22,Pittsylvania-Danville,50-59,17,6,0
2020-05-22,Pittsylvania-Danville,60-69,10,5,1
2020-05-22,Pittsylvania-Danville,70-79,10,7,0
2020-05-22,Pittsylvania-Danville,80+,3,2,2
2020-05-22,Pittsylvania-Danville,Missing,0,0,0
2020-05-22,Portsmouth,0-9,2,1,0
2020-05-22,Portsmouth,19-Oct,3,0,0
2020-05-22,Portsmouth,20-29,36,2,0
2020-05-22,Portsmouth,30-39,62,3,0
2020-05-22,Portsmouth,40-49,41,3,0
2020-05-22,Portsmouth,50-59,45,12,1
2020-05-22,Portsmouth,60-69,30,9,4
2020-05-22,Portsmouth,70-79,17,5,3
2020-05-22,Portsmouth,80+,14,5,3
2020-05-22,Portsmouth,Missing,1,0,0
2020-05-22,"Prince William",0-9,151,3,0
2020-05-22,"Prince William",19-Oct,317,3,0
2020-05-22,"Prince William",20-29,912,31,0
2020-05-22,"Prince William",30-39,1022,64,2
2020-05-22,"Prince William",40-49,1160,96,2
2020-05-22,"Prince William",50-59,882,117,5
2020-05-22,"Prince William",60-69,484,88,15
2020-05-22,"Prince William",70-79,168,50,25
2020-05-22,"Prince William",80+,132,44,42
2020-05-22,"Prince William",Missing,79,0,0
2020-05-22,Rappahannock,0-9,35,1,0
2020-05-22,Rappahannock,19-Oct,81,1,0
2020-05-22,Rappahannock,20-29,201,7,0
2020-05-22,Rappahannock,30-39,240,10,0
2020-05-22,Rappahannock,40-49,213,25,2
2020-05-22,Rappahannock,50-59,185,28,1
2020-05-22,Rappahannock,60-69,110,33,4
2020-05-22,Rappahannock,70-79,33,15,4
2020-05-22,Rappahannock,80+,19,11,3
2020-05-22,Rappahannock,Missing,12,0,0
2020-05-22,"Rappahannock Rapidan",0-9,38,1,0
2020-05-22,"Rappahannock Rapidan",19-Oct,74,1,0
2020-05-22,"Rappahannock Rapidan",20-29,175,2,0
2020-05-22,"Rappahannock Rapidan",30-39,210,11,1
2020-05-22,"Rappahannock Rapidan",40-49,191,12,1
2020-05-22,"Rappahannock Rapidan",50-59,132,18,0
2020-05-22,"Rappahannock Rapidan",60-69,67,9,1
2020-05-22,"Rappahannock Rapidan",70-79,26,6,4
2020-05-22,"Rappahannock Rapidan",80+,19,11,4
2020-05-22,"Rappahannock Rapidan",Missing,2,0,0
2020-05-22,Richmond,0-9,25,2,0
2020-05-22,Richmond,19-Oct,49,2,0
2020-05-22,Richmond,20-29,165,7,0
2020-05-22,Richmond,30-39,192,10,0
2020-05-22,Richmond,40-49,185,13,0
2020-05-22,Richmond,50-59,138,27,0
2020-05-22,Richmond,60-69,105,35,6
2020-05-22,Richmond,70-79,41,19,7
2020-05-22,Richmond,80+,24,12,7
2020-05-22,Richmond,Missing,10,0,0
2020-05-22,Roanoke,0-9,5,0,0
2020-05-22,Roanoke,19-Oct,4,0,0
2020-05-22,Roanoke,20-29,17,0,0
2020-05-22,Roanoke,30-39,25,0,0
2020-05-22,Roanoke,40-49,17,0,0
2020-05-22,Roanoke,50-59,15,1,0
2020-05-22,Roanoke,60-69,10,1,0
2020-05-22,Roanoke,70-79,8,2,0
2020-05-22,Roanoke,80+,36,3,9
2020-05-22,Roanoke,Missing,3,0,0
2020-05-22,Southside,0-9,1,0,0
2020-05-22,Southside,19-Oct,3,0,0
2020-05-22,Southside,20-29,24,2,0
2020-05-22,Southside,30-39,18,0,0
2020-05-22,Southside,40-49,19,3,0
2020-05-22,Southside,50-59,37,5,0
2020-05-22,Southside,60-69,37,9,3
2020-05-22,Southside,70-79,40,9,10
2020-05-22,Southside,80+,63,6,8
2020-05-22,Southside,Missing,0,0,0
2020-05-22,"Thomas Jefferson",0-9,6,1,0
2020-05-22,"Thomas Jefferson",19-Oct,12,0,0
2020-05-22,"Thomas Jefferson",20-29,51,0,0
2020-05-22,"Thomas Jefferson",30-39,62,4,0
2020-05-22,"Thomas Jefferson",40-49,49,5,0
2020-05-22,"Thomas Jefferson",50-59,64,8,1
2020-05-22,"Thomas Jefferson",60-69,49,14,2
2020-05-22,"Thomas Jefferson",70-79,48,15,1
2020-05-22,"Thomas Jefferson",80+,60,21,10
2020-05-22,"Thomas Jefferson",Missing,0,0,0
2020-05-22,"Three Rivers",0-9,2,0,0
2020-05-22,"Three Rivers",19-Oct,12,0,0
2020-05-22,"Three Rivers",20-29,70,1,0
2020-05-22,"Three Rivers",30-39,99,2,0
2020-05-22,"Three Rivers",40-49,96,8,1
2020-05-22,"Three Rivers",50-59,63,3,0
2020-05-22,"Three Rivers",60-69,65,10,0
2020-05-22,"Three Rivers",70-79,21,4,2
2020-05-22,"Three Rivers",80+,22,5,3
2020-05-22,"Three Rivers",Missing,1,0,0
2020-05-22,"Virginia Beach",0-9,4,0,0
2020-05-22,"Virginia Beach",19-Oct,18,0,0
2020-05-22,"Virginia Beach",20-29,74,2,0
2020-05-22,"Virginia Beach",30-39,87,7,0
2020-05-22,"Virginia Beach",40-49,88,14,1
2020-05-22,"Virginia Beach",50-59,97,12,0
2020-05-22,"Virginia Beach",60-69,92,14,1
2020-05-22,"Virginia Beach",70-79,51,22,5
2020-05-22,"Virginia Beach",80+,67,19,12
2020-05-22,"Virginia Beach",Missing,13,0,0
2020-05-22,"West Piedmont",0-9,3,0,0
2020-05-22,"West Piedmont",19-Oct,11,0,0
2020-05-22,"West Piedmont",20-29,13,0,0
2020-05-22,"West Piedmont",30-39,17,0,0
2020-05-22,"West Piedmont",40-49,21,2,1
2020-05-22,"West Piedmont",50-59,26,2,0
2020-05-22,"West Piedmont",60-69,20,1,0
2020-05-22,"West Piedmont",70-79,11,6,2
2020-05-22,"West Piedmont",80+,5,2,0
2020-05-22,"West Piedmont",Missing,0,0,0
2020-05-22,"Western Tidewater",0-9,5,0,0
2020-05-22,"Western Tidewater",19-Oct,6,0,0
2020-05-22,"Western Tidewater",20-29,40,1,0
2020-05-22,"Western Tidewater",30-39,49,2,0
2020-05-22,"Western Tidewater",40-49,76,3,0
2020-05-22,"Western Tidewater",50-59,101,6,0
2020-05-22,"Western Tidewater",60-69,97,10,4
2020-05-22,"Western Tidewater",70-79,73,17,10
2020-05-22,"Western Tidewater",80+,127,21,17
2020-05-22,"Western Tidewater",Missing,2,0,0
2020-05-23,Alexandria,0-9,86,1,0
2020-05-23,Alexandria,19-Oct,110,1,0
2020-05-23,Alexandria,20-29,249,5,1
2020-05-23,Alexandria,30-39,394,22,0
2020-05-23,Alexandria,40-49,328,27,0
2020-05-23,Alexandria,50-59,227,35,7
2020-05-23,Alexandria,60-69,147,29,1
2020-05-23,Alexandria,70-79,83,32,12
2020-05-23,Alexandria,80+,73,23,17
2020-05-23,Alexandria,Missing,6,0,0
2020-05-23,Alleghany,0-9,0,0,0
2020-05-23,Alleghany,19-Oct,2,0,0
2020-05-23,Alleghany,20-29,31,1,0
2020-05-23,Alleghany,30-39,15,2,0
2020-05-23,Alleghany,40-49,19,0,0
2020-05-23,Alleghany,50-59,39,4,1
2020-05-23,Alleghany,60-69,26,6,1
2020-05-23,Alleghany,70-79,21,4,7
2020-05-23,Alleghany,80+,21,7,5
2020-05-23,Alleghany,Missing,0,0,0
2020-05-23,Arlington,0-9,29,2,0
2020-05-23,Arlington,19-Oct,51,6,0
2020-05-23,Arlington,20-29,278,20,0
2020-05-23,Arlington,30-39,330,37,0
2020-05-23,Arlington,40-49,297,41,3
2020-05-23,Arlington,50-59,293,51,4
2020-05-23,Arlington,60-69,224,64,16
2020-05-23,Arlington,70-79,138,62,26
2020-05-23,Arlington,80+,160,63,46
2020-05-23,Arlington,Missing,4,0,0
2020-05-23,"Central Shenandoah",0-9,32,0,0
2020-05-23,"Central Shenandoah",19-Oct,67,1,0
2020-05-23,"Central Shenandoah",20-29,247,5,0
2020-05-23,"Central Shenandoah",30-39,216,5,0
2020-05-23,"Central Shenandoah",40-49,231,7,0
2020-05-23,"Central Shenandoah",50-59,243,20,1
2020-05-23,"Central Shenandoah",60-69,174,29,6
2020-05-23,"Central Shenandoah",70-79,78,23,11
2020-05-23,"Central Shenandoah",80+,69,16,10
2020-05-23,"Central Shenandoah",Missing,1,0,0
2020-05-23,"Central Virginia",0-9,3,0,0
2020-05-23,"Central Virginia",19-Oct,12,1,0
2020-05-23,"Central Virginia",20-29,26,2,0
2020-05-23,"Central Virginia",30-39,32,1,0
2020-05-23,"Central Virginia",40-49,27,0,0
2020-05-23,"Central Virginia",50-59,31,2,1
2020-05-23,"Central Virginia",60-69,33,3,1
2020-05-23,"Central Virginia",70-79,13,4,2
2020-05-23,"Central Virginia",80+,5,2,0
2020-05-23,"Central Virginia",Missing,0,0,0
2020-05-23,Chesapeake,0-9,9,1,0
2020-05-23,Chesapeake,19-Oct,11,0,0
2020-05-23,Chesapeake,20-29,48,3,0
2020-05-23,Chesapeake,30-39,77,3,0
2020-05-23,Chesapeake,40-49,67,12,0
2020-05-23,Chesapeake,50-59,84,16,1
2020-05-23,Chesapeake,60-69,57,17,4
2020-05-23,Chesapeake,70-79,36,18,2
2020-05-23,Chesapeake,80+,34,12,6
2020-05-23,Chesapeake,Missing,3,0,0
2020-05-23,Chesterfield,0-9,22,0,0
2020-05-23,Chesterfield,19-Oct,97,0,0
2020-05-23,Chesterfield,20-29,172,4,0
2020-05-23,Chesterfield,30-39,251,1,0
2020-05-23,Chesterfield,40-49,239,9,2
2020-05-23,Chesterfield,50-59,200,17,1
2020-05-23,Chesterfield,60-69,134,18,8
2020-05-23,Chesterfield,70-79,72,13,7
2020-05-23,Chesterfield,80+,96,13,19
2020-05-23,Chesterfield,Missing,22,0,0
2020-05-23,Chickahominy,0-9,5,0,0
2020-05-23,Chickahominy,19-Oct,13,0,0
2020-05-23,Chickahominy,20-29,47,0,0
2020-05-23,Chickahominy,30-39,49,0,0
2020-05-23,Chickahominy,40-49,52,7,1
2020-05-23,Chickahominy,50-59,75,15,0
2020-05-23,Chickahominy,60-69,46,14,4
2020-05-23,Chickahominy,70-79,39,17,4
2020-05-23,Chickahominy,80+,65,24,17
2020-05-23,Chickahominy,Missing,5,0,0
2020-05-23,Crater,0-9,8,1,0
2020-05-23,Crater,19-Oct,16,0,0
2020-05-23,Crater,20-29,70,6,0
2020-05-23,Crater,30-39,68,1,0
2020-05-23,Crater,40-49,74,11,1
2020-05-23,Crater,50-59,87,17,1
2020-05-23,Crater,60-69,80,23,8
2020-05-23,Crater,70-79,54,16,4
2020-05-23,Crater,80+,40,7,0
2020-05-23,Crater,Missing,0,0,0
2020-05-23,"Cumberland Plateau",0-9,0,0,0
2020-05-23,"Cumberland Plateau",19-Oct,12,0,0
2020-05-23,"Cumberland Plateau",20-29,1,0,0
2020-05-23,"Cumberland Plateau",30-39,5,0,0
2020-05-23,"Cumberland Plateau",40-49,5,0,0
2020-05-23,"Cumberland Plateau",50-59,3,1,0
2020-05-23,"Cumberland Plateau",60-69,4,1,0
2020-05-23,"Cumberland Plateau",70-79,2,0,0
2020-05-23,"Cumberland Plateau",80+,0,0,0
2020-05-23,"Cumberland Plateau",Missing,0,0,0
2020-05-23,"Eastern Shore",0-9,10,1,0
2020-05-23,"Eastern Shore",19-Oct,40,0,0
2020-05-23,"Eastern Shore",20-29,127,2,0
2020-05-23,"Eastern Shore",30-39,165,6,0
2020-05-23,"Eastern Shore",40-49,167,6,2
2020-05-23,"Eastern Shore",50-59,206,9,5
2020-05-23,"Eastern Shore",60-69,133,13,5
2020-05-23,"Eastern Shore",70-79,41,9,4
2020-05-23,"Eastern Shore",80+,43,14,11
2020-05-23,"Eastern Shore",Missing,0,0,0
2020-05-23,Fairfax,0-9,193,8,0
2020-05-23,Fairfax,19-Oct,408,12,0
2020-05-23,Fairfax,20-29,1327,55,1
2020-05-23,Fairfax,30-39,1749,122,3
2020-05-23,Fairfax,40-49,1730,174,5
2020-05-23,Fairfax,50-59,1483,211,18
2020-05-23,Fairfax,60-69,1009,222,37
2020-05-23,Fairfax,70-79,483,176,67
2020-05-23,Fairfax,80+,619,227,203
2020-05-23,Fairfax,Missing,43,1,0
2020-05-23,Hampton,0-9,6,0,0
2020-05-23,Hampton,19-Oct,7,0,0
2020-05-23,Hampton,20-29,30,1,0
2020-05-23,Hampton,30-39,30,2,0
2020-05-23,Hampton,40-49,24,2,0
2020-05-23,Hampton,50-59,35,8,1
2020-05-23,Hampton,60-69,23,9,1
2020-05-23,Hampton,70-79,12,6,0
2020-05-23,Hampton,80+,3,2,1
2020-05-23,Hampton,Missing,2,0,0
2020-05-23,Henrico,0-9,39,0,0
2020-05-23,Henrico,19-Oct,40,1,0
2020-05-23,Henrico,20-29,148,8,0
2020-05-23,Henrico,30-39,183,6,0
2020-05-23,Henrico,40-49,204,14,0
2020-05-23,Henrico,50-59,191,22,6
2020-05-23,Henrico,60-69,180,32,21
2020-05-23,Henrico,70-79,158,39,32
2020-05-23,Henrico,80+,245,53,58
2020-05-23,Henrico,Missing,23,1,1
2020-05-23,Lenowisco,0-9,3,0,0
2020-05-23,Lenowisco,19-Oct,2,0,0
2020-05-23,Lenowisco,20-29,6,0,0
2020-05-23,Lenowisco,30-39,3,1,1
2020-05-23,Lenowisco,40-49,5,2,0
2020-05-23,Lenowisco,50-59,13,5,0
2020-05-23,Lenowisco,60-69,5,4,2
2020-05-23,Lenowisco,70-79,5,3,1
2020-05-23,Lenowisco,80+,0,0,0
2020-05-23,Lenowisco,Missing,0,0,0
2020-05-23,"Lord Fairfax",0-9,17,0,0
2020-05-23,"Lord Fairfax",19-Oct,52,0,0
2020-05-23,"Lord Fairfax",20-29,163,2,0
2020-05-23,"Lord Fairfax",30-39,166,9,0
2020-05-23,"Lord Fairfax",40-49,162,7,1
2020-05-23,"Lord Fairfax",50-59,195,14,2
2020-05-23,"Lord Fairfax",60-69,145,27,7
2020-05-23,"Lord Fairfax",70-79,80,19,9
2020-05-23,"Lord Fairfax",80+,84,22,24
2020-05-23,"Lord Fairfax",Missing,1,0,0
2020-05-23,Loudoun,0-9,51,1,0
2020-05-23,Loudoun,19-Oct,88,0,0
2020-05-23,Loudoun,20-29,271,2,0
2020-05-23,Loudoun,30-39,322,13,0
2020-05-23,Loudoun,40-49,409,19,0
2020-05-23,Loudoun,50-59,316,23,1
2020-05-23,Loudoun,60-69,148,25,3
2020-05-23,Loudoun,70-79,79,29,10
2020-05-23,Loudoun,80+,136,37,38
2020-05-23,Loudoun,Missing,11,0,0
2020-05-23,"Mount Rogers",0-9,17,1,0
2020-05-23,"Mount Rogers",19-Oct,17,0,0
2020-05-23,"Mount Rogers",20-29,37,0,0
2020-05-23,"Mount Rogers",30-39,52,4,0
2020-05-23,"Mount Rogers",40-49,39,0,0
2020-05-23,"Mount Rogers",50-59,41,3,0
2020-05-23,"Mount Rogers",60-69,28,2,0
2020-05-23,"Mount Rogers",70-79,16,6,1
2020-05-23,"Mount Rogers",80+,17,4,5
2020-05-23,"Mount Rogers",Missing,0,0,0
2020-05-23,"New River",0-9,2,0,0
2020-05-23,"New River",19-Oct,3,0,0
2020-05-23,"New River",20-29,25,0,0
2020-05-23,"New River",30-39,6,0,0
2020-05-23,"New River",40-49,13,1,0
2020-05-23,"New River",50-59,15,2,0
2020-05-23,"New River",60-69,15,2,0
2020-05-23,"New River",70-79,9,5,1
2020-05-23,"New River",80+,4,2,0
2020-05-23,"New River",Missing,0,0,0
2020-05-23,Norfolk,0-9,5,0,0
2020-05-23,Norfolk,19-Oct,16,1,0
2020-05-23,Norfolk,20-29,82,1,0
2020-05-23,Norfolk,30-39,84,7,0
2020-05-23,Norfolk,40-49,71,10,0
2020-05-23,Norfolk,50-59,63,9,0
2020-05-23,Norfolk,60-69,40,14,1
2020-05-23,Norfolk,70-79,18,13,2
2020-05-23,Norfolk,80+,9,6,3
2020-05-23,Norfolk,Missing,5,0,0
2020-05-23,Peninsula,0-9,14,0,0
2020-05-23,Peninsula,19-Oct,10,1,0
2020-05-23,Peninsula,20-29,65,1,0
2020-05-23,Peninsula,30-39,65,6,1
2020-05-23,Peninsula,40-49,63,5,1
2020-05-23,Peninsula,50-59,98,15,2
2020-05-23,Peninsula,60-69,99,26,3
2020-05-23,Peninsula,70-79,76,36,10
2020-05-23,Peninsula,80+,45,23,15
2020-05-23,Peninsula,Missing,8,0,0
2020-05-23,Piedmont,0-9,3,0,0
2020-05-23,Piedmont,19-Oct,8,0,0
2020-05-23,Piedmont,20-29,99,0,0
2020-05-23,Piedmont,30-39,122,1,0
2020-05-23,Piedmont,40-49,130,4,0
2020-05-23,Piedmont,50-59,132,11,0
2020-05-23,Piedmont,60-69,99,12,2
2020-05-23,Piedmont,70-79,36,12,2
2020-05-23,Piedmont,80+,14,3,1
2020-05-23,Piedmont,Missing,1,0,0
2020-05-23,Pittsylvania-Danville,0-9,1,0,0
2020-05-23,Pittsylvania-Danville,19-Oct,1,0,0
2020-05-23,Pittsylvania-Danville,20-29,8,0,0
2020-05-23,Pittsylvania-Danville,30-39,9,0,0
2020-05-23,Pittsylvania-Danville,40-49,15,5,0
2020-05-23,Pittsylvania-Danville,50-59,17,6,0
2020-05-23,Pittsylvania-Danville,60-69,10,5,1
2020-05-23,Pittsylvania-Danville,70-79,10,7,0
2020-05-23,Pittsylvania-Danville,80+,3,2,2
2020-05-23,Pittsylvania-Danville,Missing,0,0,0
2020-05-23,Portsmouth,0-9,2,1,0
2020-05-23,Portsmouth,19-Oct,3,0,0
2020-05-23,Portsmouth,20-29,37,2,0
2020-05-23,Portsmouth,30-39,62,3,0
2020-05-23,Portsmouth,40-49,41,3,0
2020-05-23,Portsmouth,50-59,46,12,1
2020-05-23,Portsmouth,60-69,30,9,4
2020-05-23,Portsmouth,70-79,17,5,3
2020-05-23,Portsmouth,80+,14,5,3
2020-05-23,Portsmouth,Missing,1,0,0
2020-05-23,"Prince William",0-9,158,3,0
2020-05-23,"Prince William",19-Oct,327,3,0
2020-05-23,"Prince William",20-29,935,31,0
2020-05-23,"Prince William",30-39,1047,65,2
2020-05-23,"Prince William",40-49,1189,96,2
2020-05-23,"Prince William",50-59,898,119,5
2020-05-23,"Prince William",60-69,492,89,16
2020-05-23,"Prince William",70-79,169,50,27
2020-05-23,"Prince William",80+,134,45,43
2020-05-23,"Prince William",Missing,81,0,0
2020-05-23,Rappahannock,0-9,35,1,0
2020-05-23,Rappahannock,19-Oct,82,1,0
2020-05-23,Rappahannock,20-29,212,8,0
2020-05-23,Rappahannock,30-39,246,10,0
2020-05-23,Rappahannock,40-49,222,25,2
2020-05-23,Rappahannock,50-59,189,28,1
2020-05-23,Rappahannock,60-69,112,34,4
2020-05-23,Rappahannock,70-79,35,15,4
2020-05-23,Rappahannock,80+,20,11,3
2020-05-23,Rappahannock,Missing,13,0,0
2020-05-23,"Rappahannock Rapidan",0-9,43,1,0
2020-05-23,"Rappahannock Rapidan",19-Oct,84,1,0
2020-05-23,"Rappahannock Rapidan",20-29,177,2,0
2020-05-23,"Rappahannock Rapidan",30-39,213,11,1
2020-05-23,"Rappahannock Rapidan",40-49,192,12,1
2020-05-23,"Rappahannock Rapidan",50-59,135,18,0
2020-05-23,"Rappahannock Rapidan",60-69,68,9,1
2020-05-23,"Rappahannock Rapidan",70-79,26,6,4
2020-05-23,"Rappahannock Rapidan",80+,19,11,4
2020-05-23,"Rappahannock Rapidan",Missing,2,0,0
2020-05-23,Richmond,0-9,27,2,0
2020-05-23,Richmond,19-Oct,53,2,0
2020-05-23,Richmond,20-29,179,7,0
2020-05-23,Richmond,30-39,200,12,0
2020-05-23,Richmond,40-49,188,13,0
2020-05-23,Richmond,50-59,144,28,0
2020-05-23,Richmond,60-69,110,34,5
2020-05-23,Richmond,70-79,43,20,7
2020-05-23,Richmond,80+,25,12,7
2020-05-23,Richmond,Missing,10,0,0
2020-05-23,Roanoke,0-9,5,0,0
2020-05-23,Roanoke,19-Oct,4,0,0
2020-05-23,Roanoke,20-29,17,0,0
2020-05-23,Roanoke,30-39,26,0,0
2020-05-23,Roanoke,40-49,17,0,0
2020-05-23,Roanoke,50-59,15,1,0
2020-05-23,Roanoke,60-69,10,1,0
2020-05-23,Roanoke,70-79,8,2,0
2020-05-23,Roanoke,80+,36,3,9
2020-05-23,Roanoke,Missing,3,0,0
2020-05-23,Southside,0-9,1,0,0
2020-05-23,Southside,19-Oct,3,0,0
2020-05-23,Southside,20-29,24,2,0
2020-05-23,Southside,30-39,18,0,0
2020-05-23,Southside,40-49,19,5,0
2020-05-23,Southside,50-59,37,5,0
2020-05-23,Southside,60-69,37,10,3
2020-05-23,Southside,70-79,41,9,10
2020-05-23,Southside,80+,63,6,8
2020-05-23,Southside,Missing,0,0,0
2020-05-23,"Thomas Jefferson",0-9,6,1,0
2020-05-23,"Thomas Jefferson",19-Oct,12,0,0
2020-05-23,"Thomas Jefferson",20-29,51,0,0
2020-05-23,"Thomas Jefferson",30-39,63,4,0
2020-05-23,"Thomas Jefferson",40-49,49,5,0
2020-05-23,"Thomas Jefferson",50-59,64,8,1
2020-05-23,"Thomas Jefferson",60-69,49,14,2
2020-05-23,"Thomas Jefferson",70-79,48,15,1
2020-05-23,"Thomas Jefferson",80+,60,21,12
2020-05-23,"Thomas Jefferson",Missing,0,0,0
2020-05-23,"Three Rivers",0-9,3,0,0
2020-05-23,"Three Rivers",19-Oct,13,0,0
2020-05-23,"Three Rivers",20-29,74,1,0
2020-05-23,"Three Rivers",30-39,102,2,0
2020-05-23,"Three Rivers",40-49,103,8,1
2020-05-23,"Three Rivers",50-59,65,3,0
2020-05-23,"Three Rivers",60-69,65,10,0
2020-05-23,"Three Rivers",70-79,21,4,2
2020-05-23,"Three Rivers",80+,22,5,3
2020-05-23,"Three Rivers",Missing,1,0,0
2020-05-23,"Virginia Beach",0-9,4,0,0
2020-05-23,"Virginia Beach",19-Oct,19,0,0
2020-05-23,"Virginia Beach",20-29,75,2,0
2020-05-23,"Virginia Beach",30-39,87,7,0
2020-05-23,"Virginia Beach",40-49,89,14,1
2020-05-23,"Virginia Beach",50-59,99,12,0
2020-05-23,"Virginia Beach",60-69,92,14,1
2020-05-23,"Virginia Beach",70-79,52,22,5
2020-05-23,"Virginia Beach",80+,67,19,12
2020-05-23,"Virginia Beach",Missing,14,0,0
2020-05-23,"West Piedmont",0-9,2,0,0
2020-05-23,"West Piedmont",19-Oct,12,0,0
2020-05-23,"West Piedmont",20-29,12,0,0
2020-05-23,"West Piedmont",30-39,17,1,0
2020-05-23,"West Piedmont",40-49,22,2,1
2020-05-23,"West Piedmont",50-59,28,3,1
2020-05-23,"West Piedmont",60-69,20,1,0
2020-05-23,"West Piedmont",70-79,13,6,2
2020-05-23,"West Piedmont",80+,5,2,0
2020-05-23,"West Piedmont",Missing,1,0,0
2020-05-23,"Western Tidewater",0-9,5,0,0
2020-05-23,"Western Tidewater",19-Oct,8,0,0
2020-05-23,"Western Tidewater",20-29,43,1,0
2020-05-23,"Western Tidewater",30-39,52,2,0
2020-05-23,"Western Tidewater",40-49,79,3,0
2020-05-23,"Western Tidewater",50-59,105,6,0
2020-05-23,"Western Tidewater",60-69,98,10,4
2020-05-23,"Western Tidewater",70-79,74,17,10
2020-05-23,"Western Tidewater",80+,127,21,17
2020-05-23,"Western Tidewater",Missing,2,0,0
2020-05-24,Alexandria,0-9,89,1,0
2020-05-24,Alexandria,19-Oct,114,1,0
2020-05-24,Alexandria,20-29,252,5,1
2020-05-24,Alexandria,30-39,403,22,0
2020-05-24,Alexandria,40-49,332,27,0
2020-05-24,Alexandria,50-59,230,35,7
2020-05-24,Alexandria,60-69,149,29,1
2020-05-24,Alexandria,70-79,85,32,12
2020-05-24,Alexandria,80+,73,23,17
2020-05-24,Alexandria,Missing,6,0,0
2020-05-24,Alleghany,0-9,0,0,0
2020-05-24,Alleghany,19-Oct,2,0,0
2020-05-24,Alleghany,20-29,31,1,0
2020-05-24,Alleghany,30-39,15,2,0
2020-05-24,Alleghany,40-49,19,0,0
2020-05-24,Alleghany,50-59,39,4,1
2020-05-24,Alleghany,60-69,26,6,1
2020-05-24,Alleghany,70-79,21,4,7
2020-05-24,Alleghany,80+,21,7,5
2020-05-24,Alleghany,Missing,0,0,0
2020-05-24,Arlington,0-9,31,2,0
2020-05-24,Arlington,19-Oct,53,6,0
2020-05-24,Arlington,20-29,286,21,0
2020-05-24,Arlington,30-39,338,40,0
2020-05-24,Arlington,40-49,310,43,3
2020-05-24,Arlington,50-59,301,56,4
2020-05-24,Arlington,60-69,233,67,16
2020-05-24,Arlington,70-79,143,63,28
2020-05-24,Arlington,80+,174,66,47
2020-05-24,Arlington,Missing,4,0,0
2020-05-24,"Central Shenandoah",0-9,34,0,0
2020-05-24,"Central Shenandoah",19-Oct,67,1,0
2020-05-24,"Central Shenandoah",20-29,251,5,0
2020-05-24,"Central Shenandoah",30-39,216,5,0
2020-05-24,"Central Shenandoah",40-49,231,7,0
2020-05-24,"Central Shenandoah",50-59,242,20,1
2020-05-24,"Central Shenandoah",60-69,175,30,6
2020-05-24,"Central Shenandoah",70-79,81,25,11
2020-05-24,"Central Shenandoah",80+,69,16,10
2020-05-24,"Central Shenandoah",Missing,1,0,0
2020-05-24,"Central Virginia",0-9,3,0,0
2020-05-24,"Central Virginia",19-Oct,12,1,0
2020-05-24,"Central Virginia",20-29,26,2,0
2020-05-24,"Central Virginia",30-39,32,1,0
2020-05-24,"Central Virginia",40-49,27,0,0
2020-05-24,"Central Virginia",50-59,31,2,1
2020-05-24,"Central Virginia",60-69,33,3,1
2020-05-24,"Central Virginia",70-79,13,4,2
2020-05-24,"Central Virginia",80+,5,2,0
2020-05-24,"Central Virginia",Missing,0,0,0
2020-05-24,Chesapeake,0-9,9,1,0
2020-05-24,Chesapeake,19-Oct,11,0,0
2020-05-24,Chesapeake,20-29,49,3,0
2020-05-24,Chesapeake,30-39,78,3,0
2020-05-24,Chesapeake,40-49,68,12,0
2020-05-24,Chesapeake,50-59,84,16,1
2020-05-24,Chesapeake,60-69,60,17,4
2020-05-24,Chesapeake,70-79,36,18,2
2020-05-24,Chesapeake,80+,35,12,6
2020-05-24,Chesapeake,Missing,3,0,0
2020-05-24,Chesterfield,0-9,22,0,0
2020-05-24,Chesterfield,19-Oct,97,0,0
2020-05-24,Chesterfield,20-29,172,4,0
2020-05-24,Chesterfield,30-39,251,1,0
2020-05-24,Chesterfield,40-49,239,9,2
2020-05-24,Chesterfield,50-59,200,17,1
2020-05-24,Chesterfield,60-69,134,18,8
2020-05-24,Chesterfield,70-79,72,13,7
2020-05-24,Chesterfield,80+,96,13,19
2020-05-24,Chesterfield,Missing,22,0,0
2020-05-24,Chickahominy,0-9,5,0,0
2020-05-24,Chickahominy,19-Oct,13,0,0
2020-05-24,Chickahominy,20-29,48,0,0
2020-05-24,Chickahominy,30-39,49,0,0
2020-05-24,Chickahominy,40-49,51,7,1
2020-05-24,Chickahominy,50-59,75,15,0
2020-05-24,Chickahominy,60-69,46,14,4
2020-05-24,Chickahominy,70-79,39,17,4
2020-05-24,Chickahominy,80+,65,24,17
2020-05-24,Chickahominy,Missing,5,0,0
2020-05-24,Crater,0-9,8,1,0
2020-05-24,Crater,19-Oct,16,0,0
2020-05-24,Crater,20-29,69,6,0
2020-05-24,Crater,30-39,68,1,0
2020-05-24,Crater,40-49,74,11,1
2020-05-24,Crater,50-59,86,17,1
2020-05-24,Crater,60-69,80,23,8
2020-05-24,Crater,70-79,54,16,4
2020-05-24,Crater,80+,40,7,0
2020-05-24,Crater,Missing,0,0,0
2020-05-24,"Cumberland Plateau",0-9,0,0,0
2020-05-24,"Cumberland Plateau",19-Oct,12,0,0
2020-05-24,"Cumberland Plateau",20-29,1,0,0
2020-05-24,"Cumberland Plateau",30-39,5,0,0
2020-05-24,"Cumberland Plateau",40-49,5,0,0
2020-05-24,"Cumberland Plateau",50-59,3,1,0
2020-05-24,"Cumberland Plateau",60-69,4,1,0
2020-05-24,"Cumberland Plateau",70-79,2,0,0
2020-05-24,"Cumberland Plateau",80+,0,0,0
2020-05-24,"Cumberland Plateau",Missing,0,0,0
2020-05-24,"Eastern Shore",0-9,10,1,0
2020-05-24,"Eastern Shore",19-Oct,40,0,0
2020-05-24,"Eastern Shore",20-29,127,2,0
2020-05-24,"Eastern Shore",30-39,167,6,0
2020-05-24,"Eastern Shore",40-49,169,6,2
2020-05-24,"Eastern Shore",50-59,209,9,5
2020-05-24,"Eastern Shore",60-69,134,13,5
2020-05-24,"Eastern Shore",70-79,41,9,4
2020-05-24,"Eastern Shore",80+,43,14,11
2020-05-24,"Eastern Shore",Missing,0,0,0
2020-05-24,Fairfax,0-9,197,8,0
2020-05-24,Fairfax,19-Oct,410,12,0
2020-05-24,Fairfax,20-29,1338,55,1
2020-05-24,Fairfax,30-39,1761,122,3
2020-05-24,Fairfax,40-49,1734,174,5
2020-05-24,Fairfax,50-59,1492,211,18
2020-05-24,Fairfax,60-69,1010,223,37
2020-05-24,Fairfax,70-79,482,176,67
2020-05-24,Fairfax,80+,620,228,204
2020-05-24,Fairfax,Missing,44,1,0
2020-05-24,Hampton,0-9,6,0,0
2020-05-24,Hampton,19-Oct,7,0,0
2020-05-24,Hampton,20-29,30,1,0
2020-05-24,Hampton,30-39,30,2,0
2020-05-24,Hampton,40-49,25,2,0
2020-05-24,Hampton,50-59,35,8,1
2020-05-24,Hampton,60-69,24,9,1
2020-05-24,Hampton,70-79,12,6,0
2020-05-24,Hampton,80+,3,2,1
2020-05-24,Hampton,Missing,2,0,0
2020-05-24,Henrico,0-9,39,0,0
2020-05-24,Henrico,19-Oct,42,1,0
2020-05-24,Henrico,20-29,157,8,0
2020-05-24,Henrico,30-39,189,6,0
2020-05-24,Henrico,40-49,209,14,0
2020-05-24,Henrico,50-59,196,22,6
2020-05-24,Henrico,60-69,181,32,21
2020-05-24,Henrico,70-79,159,39,32
2020-05-24,Henrico,80+,251,53,58
2020-05-24,Henrico,Missing,23,1,1
2020-05-24,Lenowisco,0-9,3,0,0
2020-05-24,Lenowisco,19-Oct,2,0,0
2020-05-24,Lenowisco,20-29,6,0,0
2020-05-24,Lenowisco,30-39,3,1,1
2020-05-24,Lenowisco,40-49,5,2,0
2020-05-24,Lenowisco,50-59,13,5,0
2020-05-24,Lenowisco,60-69,5,4,2
2020-05-24,Lenowisco,70-79,5,3,1
2020-05-24,Lenowisco,80+,0,0,0
2020-05-24,Lenowisco,Missing,0,0,0
2020-05-24,"Lord Fairfax",0-9,18,0,0
2020-05-24,"Lord Fairfax",19-Oct,51,0,0
2020-05-24,"Lord Fairfax",20-29,174,2,0
2020-05-24,"Lord Fairfax",30-39,173,9,0
2020-05-24,"Lord Fairfax",40-49,170,8,1
2020-05-24,"Lord Fairfax",50-59,198,14,2
2020-05-24,"Lord Fairfax",60-69,147,27,7
2020-05-24,"Lord Fairfax",70-79,81,19,9
2020-05-24,"Lord Fairfax",80+,84,22,24
2020-05-24,"Lord Fairfax",Missing,1,0,0
2020-05-24,Loudoun,0-9,51,1,0
2020-05-24,Loudoun,19-Oct,88,0,0
2020-05-24,Loudoun,20-29,274,3,0
2020-05-24,Loudoun,30-39,321,13,0
2020-05-24,Loudoun,40-49,401,19,0
2020-05-24,Loudoun,50-59,314,23,1
2020-05-24,Loudoun,60-69,147,25,3
2020-05-24,Loudoun,70-79,79,29,10
2020-05-24,Loudoun,80+,136,37,38
2020-05-24,Loudoun,Missing,10,0,0
2020-05-24,"Mount Rogers",0-9,17,1,0
2020-05-24,"Mount Rogers",19-Oct,19,0,0
2020-05-24,"Mount Rogers",20-29,40,0,0
2020-05-24,"Mount Rogers",30-39,56,4,0
2020-05-24,"Mount Rogers",40-49,39,0,0
2020-05-24,"Mount Rogers",50-59,42,3,0
2020-05-24,"Mount Rogers",60-69,29,2,0
2020-05-24,"Mount Rogers",70-79,16,6,1
2020-05-24,"Mount Rogers",80+,17,4,5
2020-05-24,"Mount Rogers",Missing,0,0,0
2020-05-24,"New River",0-9,2,0,0
2020-05-24,"New River",19-Oct,3,0,0
2020-05-24,"New River",20-29,25,0,0
2020-05-24,"New River",30-39,8,1,0
2020-05-24,"New River",40-49,13,1,0
2020-05-24,"New River",50-59,15,2,0
2020-05-24,"New River",60-69,15,2,0
2020-05-24,"New River",70-79,9,5,1
2020-05-24,"New River",80+,4,2,0
2020-05-24,"New River",Missing,0,0,0
2020-05-24,Norfolk,0-9,6,0,0
2020-05-24,Norfolk,19-Oct,17,1,0
2020-05-24,Norfolk,20-29,84,1,0
2020-05-24,Norfolk,30-39,85,7,0
2020-05-24,Norfolk,40-49,72,10,0
2020-05-24,Norfolk,50-59,63,9,0
2020-05-24,Norfolk,60-69,40,14,1
2020-05-24,Norfolk,70-79,18,13,2
2020-05-24,Norfolk,80+,9,6,3
2020-05-24,Norfolk,Missing,5,0,0
2020-05-24,Peninsula,0-9,16,0,0
2020-05-24,Peninsula,19-Oct,11,1,0
2020-05-24,Peninsula,20-29,65,1,0
2020-05-24,Peninsula,30-39,68,6,1
2020-05-24,Peninsula,40-49,64,5,1
2020-05-24,Peninsula,50-59,98,15,2
2020-05-24,Peninsula,60-69,100,26,3
2020-05-24,Peninsula,70-79,76,36,10
2020-05-24,Peninsula,80+,45,23,15
2020-05-24,Peninsula,Missing,8,0,0
2020-05-24,Piedmont,0-9,3,0,0
2020-05-24,Piedmont,19-Oct,8,0,0
2020-05-24,Piedmont,20-29,99,0,0
2020-05-24,Piedmont,30-39,123,1,0
2020-05-24,Piedmont,40-49,129,4,0
2020-05-24,Piedmont,50-59,132,11,0
2020-05-24,Piedmont,60-69,98,12,2
2020-05-24,Piedmont,70-79,36,12,2
2020-05-24,Piedmont,80+,14,3,1
2020-05-24,Piedmont,Missing,1,0,0
2020-05-24,Pittsylvania-Danville,0-9,1,0,0
2020-05-24,Pittsylvania-Danville,19-Oct,1,0,0
2020-05-24,Pittsylvania-Danville,20-29,8,0,0
2020-05-24,Pittsylvania-Danville,30-39,9,0,0
2020-05-24,Pittsylvania-Danville,40-49,17,5,0
2020-05-24,Pittsylvania-Danville,50-59,19,6,0
2020-05-24,Pittsylvania-Danville,60-69,10,5,1
2020-05-24,Pittsylvania-Danville,70-79,10,7,0
2020-05-24,Pittsylvania-Danville,80+,3,2,2
2020-05-24,Pittsylvania-Danville,Missing,0,0,0
2020-05-24,Portsmouth,0-9,2,1,0
2020-05-24,Portsmouth,19-Oct,3,0,0
2020-05-24,Portsmouth,20-29,38,2,0
2020-05-24,Portsmouth,30-39,63,3,0
2020-05-24,Portsmouth,40-49,42,3,0
2020-05-24,Portsmouth,50-59,49,12,1
2020-05-24,Portsmouth,60-69,32,9,4
2020-05-24,Portsmouth,70-79,17,5,3
2020-05-24,Portsmouth,80+,15,5,3
2020-05-24,Portsmouth,Missing,1,0,0
2020-05-24,"Prince William",0-9,162,3,0
2020-05-24,"Prince William",19-Oct,340,3,0
2020-05-24,"Prince William",20-29,948,31,0
2020-05-24,"Prince William",30-39,1060,65,2
2020-05-24,"Prince William",40-49,1211,96,2
2020-05-24,"Prince William",50-59,914,119,5
2020-05-24,"Prince William",60-69,494,89,16
2020-05-24,"Prince William",70-79,169,50,27
2020-05-24,"Prince William",80+,134,45,43
2020-05-24,"Prince William",Missing,81,0,0
2020-05-24,Rappahannock,0-9,36,1,0
2020-05-24,Rappahannock,19-Oct,81,1,0
2020-05-24,Rappahannock,20-29,221,8,0
2020-05-24,Rappahannock,30-39,252,10,0
2020-05-24,Rappahannock,40-49,228,26,2
2020-05-24,Rappahannock,50-59,193,28,1
2020-05-24,Rappahannock,60-69,118,34,4
2020-05-24,Rappahannock,70-79,38,16,5
2020-05-24,Rappahannock,80+,21,11,3
2020-05-24,Rappahannock,Missing,13,0,0
2020-05-24,"Rappahannock Rapidan",0-9,44,1,0
2020-05-24,"Rappahannock Rapidan",19-Oct,86,1,0
2020-05-24,"Rappahannock Rapidan",20-29,194,2,0
2020-05-24,"Rappahannock Rapidan",30-39,217,11,1
2020-05-24,"Rappahannock Rapidan",40-49,201,13,1
2020-05-24,"Rappahannock Rapidan",50-59,140,18,0
2020-05-24,"Rappahannock Rapidan",60-69,70,9,1
2020-05-24,"Rappahannock Rapidan",70-79,27,6,4
2020-05-24,"Rappahannock Rapidan",80+,19,11,4
2020-05-24,"Rappahannock Rapidan",Missing,2,0,0
2020-05-24,Richmond,0-9,27,2,0
2020-05-24,Richmond,19-Oct,55,2,0
2020-05-24,Richmond,20-29,189,7,0
2020-05-24,Richmond,30-39,206,12,0
2020-05-24,Richmond,40-49,196,12,0
2020-05-24,Richmond,50-59,147,28,0
2020-05-24,Richmond,60-69,111,34,5
2020-05-24,Richmond,70-79,45,21,7
2020-05-24,Richmond,80+,25,12,7
2020-05-24,Richmond,Missing,11,0,0
2020-05-24,Roanoke,0-9,5,0,0
2020-05-24,Roanoke,19-Oct,4,0,0
2020-05-24,Roanoke,20-29,17,0,0
2020-05-24,Roanoke,30-39,26,0,0
2020-05-24,Roanoke,40-49,16,0,0
2020-05-24,Roanoke,50-59,15,1,0
2020-05-24,Roanoke,60-69,10,1,0
2020-05-24,Roanoke,70-79,8,2,0
2020-05-24,Roanoke,80+,36,3,9
2020-05-24,Roanoke,Missing,3,0,0
2020-05-24,Southside,0-9,1,0,0
2020-05-24,Southside,19-Oct,3,0,0
2020-05-24,Southside,20-29,24,2,0
2020-05-24,Southside,30-39,19,0,0
2020-05-24,Southside,40-49,19,5,0
2020-05-24,Southside,50-59,37,5,0
2020-05-24,Southside,60-69,37,10,3
2020-05-24,Southside,70-79,44,9,10
2020-05-24,Southside,80+,66,6,8
2020-05-24,Southside,Missing,0,0,0
2020-05-24,"Thomas Jefferson",0-9,8,1,0
2020-05-24,"Thomas Jefferson",19-Oct,12,0,0
2020-05-24,"Thomas Jefferson",20-29,52,0,0
2020-05-24,"Thomas Jefferson",30-39,68,4,0
2020-05-24,"Thomas Jefferson",40-49,50,5,0
2020-05-24,"Thomas Jefferson",50-59,65,8,1
2020-05-24,"Thomas Jefferson",60-69,49,14,2
2020-05-24,"Thomas Jefferson",70-79,50,15,2
2020-05-24,"Thomas Jefferson",80+,61,21,14
2020-05-24,"Thomas Jefferson",Missing,1,0,0
2020-05-24,"Three Rivers",0-9,3,0,0
2020-05-24,"Three Rivers",19-Oct,13,0,0
2020-05-24,"Three Rivers",20-29,77,1,0
2020-05-24,"Three Rivers",30-39,102,2,0
2020-05-24,"Three Rivers",40-49,103,8,1
2020-05-24,"Three Rivers",50-59,65,3,0
2020-05-24,"Three Rivers",60-69,65,10,0
2020-05-24,"Three Rivers",70-79,21,4,2
2020-05-24,"Three Rivers",80+,22,5,3
2020-05-24,"Three Rivers",Missing,1,0,0
2020-05-24,"Virginia Beach",0-9,4,0,0
2020-05-24,"Virginia Beach",19-Oct,19,0,0
2020-05-24,"Virginia Beach",20-29,77,2,0
2020-05-24,"Virginia Beach",30-39,87,7,0
2020-05-24,"Virginia Beach",40-49,91,14,1
2020-05-24,"Virginia Beach",50-59,100,12,0
2020-05-24,"Virginia Beach",60-69,92,14,1
2020-05-24,"Virginia Beach",70-79,52,22,5
2020-05-24,"Virginia Beach",80+,67,19,12
2020-05-24,"Virginia Beach",Missing,14,0,0
2020-05-24,"West Piedmont",0-9,1,0,0
2020-05-24,"West Piedmont",19-Oct,12,0,0
2020-05-24,"West Piedmont",20-29,12,0,0
2020-05-24,"West Piedmont",30-39,18,1,0
2020-05-24,"West Piedmont",40-49,22,2,1
2020-05-24,"West Piedmont",50-59,30,3,1
2020-05-24,"West Piedmont",60-69,22,1,0
2020-05-24,"West Piedmont",70-79,13,6,2
2020-05-24,"West Piedmont",80+,6,2,0
2020-05-24,"West Piedmont",Missing,1,0,0
2020-05-24,"Western Tidewater",0-9,5,0,0
2020-05-24,"Western Tidewater",19-Oct,8,0,0
2020-05-24,"Western Tidewater",20-29,43,1,0
2020-05-24,"Western Tidewater",30-39,55,3,0
2020-05-24,"Western Tidewater",40-49,80,4,1
2020-05-24,"Western Tidewater",50-59,107,7,0
2020-05-24,"Western Tidewater",60-69,99,11,4
2020-05-24,"Western Tidewater",70-79,74,17,11
2020-05-24,"Western Tidewater",80+,127,21,19
2020-05-24,"Western Tidewater",Missing,2,0,0
2020-05-25,Alexandria,0-9,91,1,0
2020-05-25,Alexandria,19-Oct,115,1,0
2020-05-25,Alexandria,20-29,258,5,1
2020-05-25,Alexandria,30-39,410,22,0
2020-05-25,Alexandria,40-49,334,27,0
2020-05-25,Alexandria,50-59,231,35,7
2020-05-25,Alexandria,60-69,151,29,1
2020-05-25,Alexandria,70-79,85,32,12
2020-05-25,Alexandria,80+,73,23,17
2020-05-25,Alexandria,Missing,6,0,0
2020-05-25,Alleghany,0-9,0,0,0
2020-05-25,Alleghany,19-Oct,2,0,0
2020-05-25,Alleghany,20-29,31,1,0
2020-05-25,Alleghany,30-39,15,2,0
2020-05-25,Alleghany,40-49,20,0,0
2020-05-25,Alleghany,50-59,39,4,1
2020-05-25,Alleghany,60-69,26,6,1
2020-05-25,Alleghany,70-79,23,4,8
2020-05-25,Alleghany,80+,23,7,6
2020-05-25,Alleghany,Missing,0,0,0
2020-05-25,Arlington,0-9,30,2,0
2020-05-25,Arlington,19-Oct,53,6,0
2020-05-25,Arlington,20-29,294,21,0
2020-05-25,Arlington,30-39,342,41,0
2020-05-25,Arlington,40-49,315,43,3
2020-05-25,Arlington,50-59,302,56,4
2020-05-25,Arlington,60-69,238,69,16
2020-05-25,Arlington,70-79,144,63,28
2020-05-25,Arlington,80+,175,67,50
2020-05-25,Arlington,Missing,4,0,0
2020-05-25,"Central Shenandoah",0-9,35,0,0
2020-05-25,"Central Shenandoah",19-Oct,69,1,0
2020-05-25,"Central Shenandoah",20-29,260,5,0
2020-05-25,"Central Shenandoah",30-39,223,5,0
2020-05-25,"Central Shenandoah",40-49,234,7,0
2020-05-25,"Central Shenandoah",50-59,244,20,1
2020-05-25,"Central Shenandoah",60-69,180,31,6
2020-05-25,"Central Shenandoah",70-79,83,25,11
2020-05-25,"Central Shenandoah",80+,69,16,10
2020-05-25,"Central Shenandoah",Missing,1,0,0
2020-05-25,"Central Virginia",0-9,3,0,0
2020-05-25,"Central Virginia",19-Oct,12,1,0
2020-05-25,"Central Virginia",20-29,26,2,0
2020-05-25,"Central Virginia",30-39,32,1,0
2020-05-25,"Central Virginia",40-49,27,0,0
2020-05-25,"Central Virginia",50-59,31,2,1
2020-05-25,"Central Virginia",60-69,33,3,1
2020-05-25,"Central Virginia",70-79,14,4,2
2020-05-25,"Central Virginia",80+,5,2,0
2020-05-25,"Central Virginia",Missing,0,0,0
2020-05-25,Chesapeake,0-9,10,1,0
2020-05-25,Chesapeake,19-Oct,11,0,0
2020-05-25,Chesapeake,20-29,51,3,0
2020-05-25,Chesapeake,30-39,81,3,0
2020-05-25,Chesapeake,40-49,70,12,0
2020-05-25,Chesapeake,50-59,85,16,1
2020-05-25,Chesapeake,60-69,63,17,4
2020-05-25,Chesapeake,70-79,38,18,2
2020-05-25,Chesapeake,80+,36,12,7
2020-05-25,Chesapeake,Missing,4,0,0
2020-05-25,Chesterfield,0-9,22,0,0
2020-05-25,Chesterfield,19-Oct,97,0,0
2020-05-25,Chesterfield,20-29,173,4,0
2020-05-25,Chesterfield,30-39,252,1,0
2020-05-25,Chesterfield,40-49,242,10,2
2020-05-25,Chesterfield,50-59,200,17,1
2020-05-25,Chesterfield,60-69,135,18,8
2020-05-25,Chesterfield,70-79,72,13,7
2020-05-25,Chesterfield,80+,97,13,20
2020-05-25,Chesterfield,Missing,22,0,0
2020-05-25,Chickahominy,0-9,6,0,0
2020-05-25,Chickahominy,19-Oct,13,0,0
2020-05-25,Chickahominy,20-29,50,0,0
2020-05-25,Chickahominy,30-39,54,0,0
2020-05-25,Chickahominy,40-49,54,7,1
2020-05-25,Chickahominy,50-59,79,15,0
2020-05-25,Chickahominy,60-69,51,14,5
2020-05-25,Chickahominy,70-79,42,17,4
2020-05-25,Chickahominy,80+,69,24,17
2020-05-25,Chickahominy,Missing,6,0,0
2020-05-25,Crater,0-9,8,1,0
2020-05-25,Crater,19-Oct,16,0,0
2020-05-25,Crater,20-29,69,6,0
2020-05-25,Crater,30-39,68,1,0
2020-05-25,Crater,40-49,75,11,1
2020-05-25,Crater,50-59,86,17,1
2020-05-25,Crater,60-69,82,23,10
2020-05-25,Crater,70-79,55,16,4
2020-05-25,Crater,80+,40,7,0
2020-05-25,Crater,Missing,0,0,0
2020-05-25,"Cumberland Plateau",0-9,0,0,0
2020-05-25,"Cumberland Plateau",19-Oct,12,0,0
2020-05-25,"Cumberland Plateau",20-29,1,0,0
2020-05-25,"Cumberland Plateau",30-39,5,0,0
2020-05-25,"Cumberland Plateau",40-49,5,0,0
2020-05-25,"Cumberland Plateau",50-59,3,1,0
2020-05-25,"Cumberland Plateau",60-69,4,1,0
2020-05-25,"Cumberland Plateau",70-79,2,0,0
2020-05-25,"Cumberland Plateau",80+,0,0,0
2020-05-25,"Cumberland Plateau",Missing,0,0,0
2020-05-25,"Eastern Shore",0-9,10,1,0
2020-05-25,"Eastern Shore",19-Oct,41,0,0
2020-05-25,"Eastern Shore",20-29,129,2,0
2020-05-25,"Eastern Shore",30-39,168,6,0
2020-05-25,"Eastern Shore",40-49,169,6,2
2020-05-25,"Eastern Shore",50-59,210,9,5
2020-05-25,"Eastern Shore",60-69,135,14,5
2020-05-25,"Eastern Shore",70-79,41,9,5
2020-05-25,"Eastern Shore",80+,44,15,11
2020-05-25,"Eastern Shore",Missing,0,0,0
2020-05-25,Fairfax,0-9,222,8,0
2020-05-25,Fairfax,19-Oct,452,12,0
2020-05-25,Fairfax,20-29,1420,56,1
2020-05-25,Fairfax,30-39,1868,123,3
2020-05-25,Fairfax,40-49,1822,182,5
2020-05-25,Fairfax,50-59,1553,213,18
2020-05-25,Fairfax,60-69,1048,226,38
2020-05-25,Fairfax,70-79,507,180,67
2020-05-25,Fairfax,80+,640,234,207
2020-05-25,Fairfax,Missing,55,1,0
2020-05-25,Hampton,0-9,6,0,0
2020-05-25,Hampton,19-Oct,7,0,0
2020-05-25,Hampton,20-29,30,1,0
2020-05-25,Hampton,30-39,31,2,0
2020-05-25,Hampton,40-49,27,2,0
2020-05-25,Hampton,50-59,37,8,1
2020-05-25,Hampton,60-69,24,9,1
2020-05-25,Hampton,70-79,13,6,0
2020-05-25,Hampton,80+,3,2,1
2020-05-25,Hampton,Missing,3,0,0
2020-05-25,Henrico,0-9,41,0,0
2020-05-25,Henrico,19-Oct,44,1,0
2020-05-25,Henrico,20-29,161,8,0
2020-05-25,Henrico,30-39,195,6,0
2020-05-25,Henrico,40-49,211,14,0
2020-05-25,Henrico,50-59,204,22,6
2020-05-25,Henrico,60-69,186,32,21
2020-05-25,Henrico,70-79,163,39,32
2020-05-25,Henrico,80+,263,54,58
2020-05-25,Henrico,Missing,24,1,1
2020-05-25,Lenowisco,0-9,3,0,0
2020-05-25,Lenowisco,19-Oct,2,0,0
2020-05-25,Lenowisco,20-29,6,0,0
2020-05-25,Lenowisco,30-39,3,1,1
2020-05-25,Lenowisco,40-49,5,2,0
2020-05-25,Lenowisco,50-59,13,5,0
2020-05-25,Lenowisco,60-69,5,4,2
2020-05-25,Lenowisco,70-79,5,3,1
2020-05-25,Lenowisco,80+,0,0,0
2020-05-25,Lenowisco,Missing,0,0,0
2020-05-25,"Lord Fairfax",0-9,18,0,0
2020-05-25,"Lord Fairfax",19-Oct,51,0,0
2020-05-25,"Lord Fairfax",20-29,177,3,0
2020-05-25,"Lord Fairfax",30-39,181,9,0
2020-05-25,"Lord Fairfax",40-49,172,8,1
2020-05-25,"Lord Fairfax",50-59,205,14,2
2020-05-25,"Lord Fairfax",60-69,153,27,8
2020-05-25,"Lord Fairfax",70-79,83,19,9
2020-05-25,"Lord Fairfax",80+,87,23,25
2020-05-25,"Lord Fairfax",Missing,1,0,0
2020-05-25,Loudoun,0-9,64,1,0
2020-05-25,Loudoun,19-Oct,112,0,0
2020-05-25,Loudoun,20-29,320,3,0
2020-05-25,Loudoun,30-39,369,13,0
2020-05-25,Loudoun,40-49,441,19,0
2020-05-25,Loudoun,50-59,339,23,1
2020-05-25,Loudoun,60-69,164,25,3
2020-05-25,Loudoun,70-79,85,29,10
2020-05-25,Loudoun,80+,139,37,38
2020-05-25,Loudoun,Missing,14,0,0
2020-05-25,"Mount Rogers",0-9,17,1,0
2020-05-25,"Mount Rogers",19-Oct,21,0,0
2020-05-25,"Mount Rogers",20-29,44,0,0
2020-05-25,"Mount Rogers",30-39,57,4,0
2020-05-25,"Mount Rogers",40-49,41,0,0
2020-05-25,"Mount Rogers",50-59,45,3,0
2020-05-25,"Mount Rogers",60-69,30,2,0
2020-05-25,"Mount Rogers",70-79,18,6,1
2020-05-25,"Mount Rogers",80+,17,4,5
2020-05-25,"Mount Rogers",Missing,0,0,0
2020-05-25,"New River",0-9,2,0,0
2020-05-25,"New River",19-Oct,3,0,0
2020-05-25,"New River",20-29,26,0,0
2020-05-25,"New River",30-39,8,1,0
2020-05-25,"New River",40-49,13,1,0
2020-05-25,"New River",50-59,16,2,0
2020-05-25,"New River",60-69,16,2,0
2020-05-25,"New River",70-79,9,5,1
2020-05-25,"New River",80+,4,2,0
2020-05-25,"New River",Missing,0,0,0
2020-05-25,Norfolk,0-9,7,0,0
2020-05-25,Norfolk,19-Oct,20,1,0
2020-05-25,Norfolk,20-29,94,1,0
2020-05-25,Norfolk,30-39,92,7,0
2020-05-25,Norfolk,40-49,78,10,0
2020-05-25,Norfolk,50-59,66,9,0
2020-05-25,Norfolk,60-69,42,14,1
2020-05-25,Norfolk,70-79,19,13,2
2020-05-25,Norfolk,80+,9,6,3
2020-05-25,Norfolk,Missing,5,0,0
2020-05-25,Peninsula,0-9,16,0,0
2020-05-25,Peninsula,19-Oct,14,1,0
2020-05-25,Peninsula,20-29,66,1,0
2020-05-25,Peninsula,30-39,69,6,1
2020-05-25,Peninsula,40-49,65,5,1
2020-05-25,Peninsula,50-59,99,15,2
2020-05-25,Peninsula,60-69,100,26,3
2020-05-25,Peninsula,70-79,76,36,10
2020-05-25,Peninsula,80+,45,23,15
2020-05-25,Peninsula,Missing,11,0,0
2020-05-25,Piedmont,0-9,3,0,0
2020-05-25,Piedmont,19-Oct,8,0,0
2020-05-25,Piedmont,20-29,101,0,0
2020-05-25,Piedmont,30-39,123,2,0
2020-05-25,Piedmont,40-49,129,4,0
2020-05-25,Piedmont,50-59,132,11,0
2020-05-25,Piedmont,60-69,98,12,2
2020-05-25,Piedmont,70-79,36,12,2
2020-05-25,Piedmont,80+,14,3,2
2020-05-25,Piedmont,Missing,1,0,0
2020-05-25,Pittsylvania-Danville,0-9,1,0,0
2020-05-25,Pittsylvania-Danville,19-Oct,1,0,0
2020-05-25,Pittsylvania-Danville,20-29,8,0,0
2020-05-25,Pittsylvania-Danville,30-39,10,0,0
2020-05-25,Pittsylvania-Danville,40-49,19,5,0
2020-05-25,Pittsylvania-Danville,50-59,21,6,0
2020-05-25,Pittsylvania-Danville,60-69,10,5,1
2020-05-25,Pittsylvania-Danville,70-79,10,7,0
2020-05-25,Pittsylvania-Danville,80+,3,2,2
2020-05-25,Pittsylvania-Danville,Missing,0,0,0
2020-05-25,Portsmouth,0-9,2,1,0
2020-05-25,Portsmouth,19-Oct,3,0,0
2020-05-25,Portsmouth,20-29,44,2,0
2020-05-25,Portsmouth,30-39,64,3,0
2020-05-25,Portsmouth,40-49,44,3,0
2020-05-25,Portsmouth,50-59,50,12,1
2020-05-25,Portsmouth,60-69,32,9,4
2020-05-25,Portsmouth,70-79,17,5,3
2020-05-25,Portsmouth,80+,15,5,3
2020-05-25,Portsmouth,Missing,1,0,0
2020-05-25,"Prince William",0-9,180,3,0
2020-05-25,"Prince William",19-Oct,363,3,0
2020-05-25,"Prince William",20-29,1008,32,0
2020-05-25,"Prince William",30-39,1110,65,2
2020-05-25,"Prince William",40-49,1265,97,3
2020-05-25,"Prince William",50-59,960,120,6
2020-05-25,"Prince William",60-69,522,93,21
2020-05-25,"Prince William",70-79,180,51,29
2020-05-25,"Prince William",80+,138,48,47
2020-05-25,"Prince William",Missing,86,0,0
2020-05-25,Rappahannock,0-9,39,1,0
2020-05-25,Rappahannock,19-Oct,86,1,0
2020-05-25,Rappahannock,20-29,228,8,0
2020-05-25,Rappahannock,30-39,262,11,0
2020-05-25,Rappahannock,40-49,239,26,2
2020-05-25,Rappahannock,50-59,201,28,1
2020-05-25,Rappahannock,60-69,120,34,4
2020-05-25,Rappahannock,70-79,39,16,6
2020-05-25,Rappahannock,80+,21,12,3
2020-05-25,Rappahannock,Missing,14,0,0
2020-05-25,"Rappahannock Rapidan",0-9,45,1,0
2020-05-25,"Rappahannock Rapidan",19-Oct,90,1,0
2020-05-25,"Rappahannock Rapidan",20-29,198,2,0
2020-05-25,"Rappahannock Rapidan",30-39,219,11,1
2020-05-25,"Rappahannock Rapidan",40-49,206,13,1
2020-05-25,"Rappahannock Rapidan",50-59,144,18,0
2020-05-25,"Rappahannock Rapidan",60-69,74,9,1
2020-05-25,"Rappahannock Rapidan",70-79,27,7,4
2020-05-25,"Rappahannock Rapidan",80+,19,11,4
2020-05-25,"Rappahannock Rapidan",Missing,3,0,0
2020-05-25,Richmond,0-9,28,2,0
2020-05-25,Richmond,19-Oct,57,2,0
2020-05-25,Richmond,20-29,198,7,0
2020-05-25,Richmond,30-39,214,13,0
2020-05-25,Richmond,40-49,200,12,0
2020-05-25,Richmond,50-59,148,30,1
2020-05-25,Richmond,60-69,114,35,5
2020-05-25,Richmond,70-79,45,21,7
2020-05-25,Richmond,80+,26,12,7
2020-05-25,Richmond,Missing,10,0,0
2020-05-25,Roanoke,0-9,5,0,0
2020-05-25,Roanoke,19-Oct,4,0,0
2020-05-25,Roanoke,20-29,17,0,0
2020-05-25,Roanoke,30-39,26,0,0
2020-05-25,Roanoke,40-49,16,0,0
2020-05-25,Roanoke,50-59,15,1,0
2020-05-25,Roanoke,60-69,10,1,0
2020-05-25,Roanoke,70-79,8,2,0
2020-05-25,Roanoke,80+,36,3,9
2020-05-25,Roanoke,Missing,3,0,0
2020-05-25,Southside,0-9,1,0,0
2020-05-25,Southside,19-Oct,3,0,0
2020-05-25,Southside,20-29,24,2,0
2020-05-25,Southside,30-39,20,0,0
2020-05-25,Southside,40-49,19,5,0
2020-05-25,Southside,50-59,38,5,0
2020-05-25,Southside,60-69,38,10,3
2020-05-25,Southside,70-79,45,9,10
2020-05-25,Southside,80+,67,6,8
2020-05-25,Southside,Missing,0,0,0
2020-05-25,"Thomas Jefferson",0-9,9,1,0
2020-05-25,"Thomas Jefferson",19-Oct,12,0,0
2020-05-25,"Thomas Jefferson",20-29,52,0,0
2020-05-25,"Thomas Jefferson",30-39,70,4,0
2020-05-25,"Thomas Jefferson",40-49,51,5,0
2020-05-25,"Thomas Jefferson",50-59,66,8,1
2020-05-25,"Thomas Jefferson",60-69,49,14,2
2020-05-25,"Thomas Jefferson",70-79,51,15,2
2020-05-25,"Thomas Jefferson",80+,61,21,14
2020-05-25,"Thomas Jefferson",Missing,1,0,0
2020-05-25,"Three Rivers",0-9,3,0,0
2020-05-25,"Three Rivers",19-Oct,14,0,0
2020-05-25,"Three Rivers",20-29,78,1,0
2020-05-25,"Three Rivers",30-39,106,2,0
2020-05-25,"Three Rivers",40-49,104,8,1
2020-05-25,"Three Rivers",50-59,66,3,0
2020-05-25,"Three Rivers",60-69,65,10,0
2020-05-25,"Three Rivers",70-79,21,4,2
2020-05-25,"Three Rivers",80+,22,5,3
2020-05-25,"Three Rivers",Missing,1,0,0
2020-05-25,"Virginia Beach",0-9,4,0,0
2020-05-25,"Virginia Beach",19-Oct,19,0,0
2020-05-25,"Virginia Beach",20-29,82,2,0
2020-05-25,"Virginia Beach",30-39,90,7,0
2020-05-25,"Virginia Beach",40-49,93,14,1
2020-05-25,"Virginia Beach",50-59,103,12,0
2020-05-25,"Virginia Beach",60-69,92,14,1
2020-05-25,"Virginia Beach",70-79,54,22,6
2020-05-25,"Virginia Beach",80+,67,19,12
2020-05-25,"Virginia Beach",Missing,14,0,0
2020-05-25,"West Piedmont",0-9,1,0,0
2020-05-25,"West Piedmont",19-Oct,14,0,0
2020-05-25,"West Piedmont",20-29,15,0,0
2020-05-25,"West Piedmont",30-39,19,1,0
2020-05-25,"West Piedmont",40-49,23,2,1
2020-05-25,"West Piedmont",50-59,32,3,1
2020-05-25,"West Piedmont",60-69,22,1,0
2020-05-25,"West Piedmont",70-79,15,6,3
2020-05-25,"West Piedmont",80+,6,2,0
2020-05-25,"West Piedmont",Missing,1,0,0
2020-05-25,"Western Tidewater",0-9,5,0,0
2020-05-25,"Western Tidewater",19-Oct,8,0,0
2020-05-25,"Western Tidewater",20-29,43,1,0
2020-05-25,"Western Tidewater",30-39,57,3,0
2020-05-25,"Western Tidewater",40-49,80,4,1
2020-05-25,"Western Tidewater",50-59,109,7,1
2020-05-25,"Western Tidewater",60-69,100,11,4
2020-05-25,"Western Tidewater",70-79,76,17,12
2020-05-25,"Western Tidewater",80+,127,21,19
2020-05-25,"Western Tidewater",Missing,2,0,0
2020-05-26,Alexandria,0-9,93,1,0
2020-05-26,Alexandria,19-Oct,119,1,0
2020-05-26,Alexandria,20-29,265,5,1
2020-05-26,Alexandria,30-39,419,22,0
2020-05-26,Alexandria,40-49,339,27,0
2020-05-26,Alexandria,50-59,230,35,7
2020-05-26,Alexandria,60-69,153,29,1
2020-05-26,Alexandria,70-79,87,32,14
2020-05-26,Alexandria,80+,74,23,18
2020-05-26,Alexandria,Missing,6,0,0
2020-05-26,Alleghany,0-9,0,0,0
2020-05-26,Alleghany,19-Oct,2,0,0
2020-05-26,Alleghany,20-29,31,1,0
2020-05-26,Alleghany,30-39,16,2,0
2020-05-26,Alleghany,40-49,21,0,0
2020-05-26,Alleghany,50-59,40,4,1
2020-05-26,Alleghany,60-69,26,6,1
2020-05-26,Alleghany,70-79,23,4,8
2020-05-26,Alleghany,80+,25,7,6
2020-05-26,Alleghany,Missing,0,0,0
2020-05-26,Arlington,0-9,31,2,0
2020-05-26,Arlington,19-Oct,54,6,0
2020-05-26,Arlington,20-29,300,20,0
2020-05-26,Arlington,30-39,348,41,0
2020-05-26,Arlington,40-49,326,43,3
2020-05-26,Arlington,50-59,306,56,4
2020-05-26,Arlington,60-69,238,69,16
2020-05-26,Arlington,70-79,149,63,29
2020-05-26,Arlington,80+,179,67,52
2020-05-26,Arlington,Missing,4,0,0
2020-05-26,"Central Shenandoah",0-9,37,0,0
2020-05-26,"Central Shenandoah",19-Oct,71,1,0
2020-05-26,"Central Shenandoah",20-29,266,5,0
2020-05-26,"Central Shenandoah",30-39,228,5,0
2020-05-26,"Central Shenandoah",40-49,243,7,0
2020-05-26,"Central Shenandoah",50-59,250,21,1
2020-05-26,"Central Shenandoah",60-69,183,32,6
2020-05-26,"Central Shenandoah",70-79,87,27,11
2020-05-26,"Central Shenandoah",80+,70,16,10
2020-05-26,"Central Shenandoah",Missing,1,0,0
2020-05-26,"Central Virginia",0-9,4,0,0
2020-05-26,"Central Virginia",19-Oct,12,1,0
2020-05-26,"Central Virginia",20-29,26,2,0
2020-05-26,"Central Virginia",30-39,34,2,0
2020-05-26,"Central Virginia",40-49,30,0,0
2020-05-26,"Central Virginia",50-59,31,2,1
2020-05-26,"Central Virginia",60-69,33,3,1
2020-05-26,"Central Virginia",70-79,14,4,2
2020-05-26,"Central Virginia",80+,5,2,0
2020-05-26,"Central Virginia",Missing,0,0,0
2020-05-26,Chesapeake,0-9,10,1,0
2020-05-26,Chesapeake,19-Oct,12,0,0
2020-05-26,Chesapeake,20-29,54,3,0
2020-05-26,Chesapeake,30-39,83,4,0
2020-05-26,Chesapeake,40-49,71,12,0
2020-05-26,Chesapeake,50-59,85,16,1
2020-05-26,Chesapeake,60-69,65,17,4
2020-05-26,Chesapeake,70-79,39,19,2
2020-05-26,Chesapeake,80+,36,12,7
2020-05-26,Chesapeake,Missing,4,0,0
2020-05-26,Chesterfield,0-9,22,0,0
2020-05-26,Chesterfield,19-Oct,98,0,0
2020-05-26,Chesterfield,20-29,175,4,0
2020-05-26,Chesterfield,30-39,255,1,0
2020-05-26,Chesterfield,40-49,244,10,2
2020-05-26,Chesterfield,50-59,201,17,1
2020-05-26,Chesterfield,60-69,137,18,8
2020-05-26,Chesterfield,70-79,72,13,7
2020-05-26,Chesterfield,80+,101,13,24
2020-05-26,Chesterfield,Missing,22,0,0
2020-05-26,Chickahominy,0-9,6,0,0
2020-05-26,Chickahominy,19-Oct,16,0,0
2020-05-26,Chickahominy,20-29,54,0,0
2020-05-26,Chickahominy,30-39,61,0,0
2020-05-26,Chickahominy,40-49,59,7,1
2020-05-26,Chickahominy,50-59,85,15,0
2020-05-26,Chickahominy,60-69,53,14,5
2020-05-26,Chickahominy,70-79,44,17,4
2020-05-26,Chickahominy,80+,71,24,17
2020-05-26,Chickahominy,Missing,7,0,0
2020-05-26,Crater,0-9,10,1,0
2020-05-26,Crater,19-Oct,17,0,0
2020-05-26,Crater,20-29,76,6,0
2020-05-26,Crater,30-39,78,1,0
2020-05-26,Crater,40-49,82,11,1
2020-05-26,Crater,50-59,96,17,1
2020-05-26,Crater,60-69,87,23,10
2020-05-26,Crater,70-79,64,16,4
2020-05-26,Crater,80+,44,7,0
2020-05-26,Crater,Missing,2,0,0
2020-05-26,"Cumberland Plateau",0-9,0,0,0
2020-05-26,"Cumberland Plateau",19-Oct,12,0,0
2020-05-26,"Cumberland Plateau",20-29,1,0,0
2020-05-26,"Cumberland Plateau",30-39,5,0,0
2020-05-26,"Cumberland Plateau",40-49,5,0,0
2020-05-26,"Cumberland Plateau",50-59,3,1,0
2020-05-26,"Cumberland Plateau",60-69,5,1,0
2020-05-26,"Cumberland Plateau",70-79,2,0,0
2020-05-26,"Cumberland Plateau",80+,0,0,0
2020-05-26,"Cumberland Plateau",Missing,0,0,0
2020-05-26,"Eastern Shore",0-9,11,1,0
2020-05-26,"Eastern Shore",19-Oct,41,0,0
2020-05-26,"Eastern Shore",20-29,135,2,0
2020-05-26,"Eastern Shore",30-39,173,6,0
2020-05-26,"Eastern Shore",40-49,177,7,2
2020-05-26,"Eastern Shore",50-59,220,9,5
2020-05-26,"Eastern Shore",60-69,137,14,5
2020-05-26,"Eastern Shore",70-79,41,9,5
2020-05-26,"Eastern Shore",80+,44,15,11
2020-05-26,"Eastern Shore",Missing,0,0,0
2020-05-26,Fairfax,0-9,234,8,0
2020-05-26,Fairfax,19-Oct,479,14,0
2020-05-26,Fairfax,20-29,1484,54,1
2020-05-26,Fairfax,30-39,1941,129,3
2020-05-26,Fairfax,40-49,1892,188,5
2020-05-26,Fairfax,50-59,1611,218,20
2020-05-26,Fairfax,60-69,1074,227,38
2020-05-26,Fairfax,70-79,518,183,71
2020-05-26,Fairfax,80+,658,241,212
2020-05-26,Fairfax,Missing,56,1,0
2020-05-26,Hampton,0-9,6,0,0
2020-05-26,Hampton,19-Oct,7,0,0
2020-05-26,Hampton,20-29,31,1,0
2020-05-26,Hampton,30-39,31,2,0
2020-05-26,Hampton,40-49,28,2,0
2020-05-26,Hampton,50-59,37,8,1
2020-05-26,Hampton,60-69,24,9,1
2020-05-26,Hampton,70-79,13,6,0
2020-05-26,Hampton,80+,3,2,1
2020-05-26,Hampton,Missing,3,0,0
2020-05-26,Henrico,0-9,44,0,0
2020-05-26,Henrico,19-Oct,47,1,0
2020-05-26,Henrico,20-29,173,8,0
2020-05-26,Henrico,30-39,206,6,0
2020-05-26,Henrico,40-49,220,14,0
2020-05-26,Henrico,50-59,208,22,6
2020-05-26,Henrico,60-69,196,33,21
2020-05-26,Henrico,70-79,164,40,32
2020-05-26,Henrico,80+,264,54,58
2020-05-26,Henrico,Missing,24,1,1
2020-05-26,Lenowisco,0-9,3,0,0
2020-05-26,Lenowisco,19-Oct,2,0,0
2020-05-26,Lenowisco,20-29,6,0,0
2020-05-26,Lenowisco,30-39,3,1,1
2020-05-26,Lenowisco,40-49,5,2,0
2020-05-26,Lenowisco,50-59,13,5,0
2020-05-26,Lenowisco,60-69,5,4,2
2020-05-26,Lenowisco,70-79,5,3,1
2020-05-26,Lenowisco,80+,0,0,0
2020-05-26,Lenowisco,Missing,0,0,0
2020-05-26,"Lord Fairfax",0-9,18,0,0
2020-05-26,"Lord Fairfax",19-Oct,52,0,0
2020-05-26,"Lord Fairfax",20-29,179,3,0
2020-05-26,"Lord Fairfax",30-39,182,9,0
2020-05-26,"Lord Fairfax",40-49,172,8,1
2020-05-26,"Lord Fairfax",50-59,207,14,2
2020-05-26,"Lord Fairfax",60-69,153,27,8
2020-05-26,"Lord Fairfax",70-79,84,20,9
2020-05-26,"Lord Fairfax",80+,87,23,25
2020-05-26,"Lord Fairfax",Missing,1,0,0
2020-05-26,Loudoun,0-9,73,1,0
2020-05-26,Loudoun,19-Oct,127,0,0
2020-05-26,Loudoun,20-29,353,3,0
2020-05-26,Loudoun,30-39,393,13,0
2020-05-26,Loudoun,40-49,467,20,0
2020-05-26,Loudoun,50-59,359,23,1
2020-05-26,Loudoun,60-69,172,26,3
2020-05-26,Loudoun,70-79,89,29,10
2020-05-26,Loudoun,80+,139,38,38
2020-05-26,Loudoun,Missing,14,0,0
2020-05-26,"Mount Rogers",0-9,18,1,0
2020-05-26,"Mount Rogers",19-Oct,24,0,0
2020-05-26,"Mount Rogers",20-29,49,0,0
2020-05-26,"Mount Rogers",30-39,62,4,0
2020-05-26,"Mount Rogers",40-49,43,0,0
2020-05-26,"Mount Rogers",50-59,45,3,0
2020-05-26,"Mount Rogers",60-69,33,3,0
2020-05-26,"Mount Rogers",70-79,19,6,1
2020-05-26,"Mount Rogers",80+,17,4,5
2020-05-26,"Mount Rogers",Missing,0,0,0
2020-05-26,"New River",0-9,2,0,0
2020-05-26,"New River",19-Oct,3,0,0
2020-05-26,"New River",20-29,27,0,0
2020-05-26,"New River",30-39,8,1,0
2020-05-26,"New River",40-49,13,1,0
2020-05-26,"New River",50-59,16,2,0
2020-05-26,"New River",60-69,16,2,0
2020-05-26,"New River",70-79,9,5,1
2020-05-26,"New River",80+,4,2,0
2020-05-26,"New River",Missing,0,0,0
2020-05-26,Norfolk,0-9,7,0,0
2020-05-26,Norfolk,19-Oct,22,1,0
2020-05-26,Norfolk,20-29,95,1,0
2020-05-26,Norfolk,30-39,98,7,0
2020-05-26,Norfolk,40-49,82,10,0
2020-05-26,Norfolk,50-59,68,9,0
2020-05-26,Norfolk,60-69,45,14,1
2020-05-26,Norfolk,70-79,19,13,2
2020-05-26,Norfolk,80+,9,6,3
2020-05-26,Norfolk,Missing,5,0,0
2020-05-26,Peninsula,0-9,16,0,0
2020-05-26,Peninsula,19-Oct,15,1,0
2020-05-26,Peninsula,20-29,70,1,0
2020-05-26,Peninsula,30-39,69,6,1
2020-05-26,Peninsula,40-49,67,5,1
2020-05-26,Peninsula,50-59,101,15,2
2020-05-26,Peninsula,60-69,100,26,3
2020-05-26,Peninsula,70-79,77,36,10
2020-05-26,Peninsula,80+,45,23,15
2020-05-26,Peninsula,Missing,11,0,0
2020-05-26,Piedmont,0-9,5,0,0
2020-05-26,Piedmont,19-Oct,10,0,0
2020-05-26,Piedmont,20-29,106,0,0
2020-05-26,Piedmont,30-39,126,1,0
2020-05-26,Piedmont,40-49,134,4,0
2020-05-26,Piedmont,50-59,140,11,0
2020-05-26,Piedmont,60-69,100,12,2
2020-05-26,Piedmont,70-79,38,12,2
2020-05-26,Piedmont,80+,14,3,2
2020-05-26,Piedmont,Missing,1,0,0
2020-05-26,Pittsylvania-Danville,0-9,1,0,0
2020-05-26,Pittsylvania-Danville,19-Oct,1,0,0
2020-05-26,Pittsylvania-Danville,20-29,8,0,0
2020-05-26,Pittsylvania-Danville,30-39,10,0,0
2020-05-26,Pittsylvania-Danville,40-49,19,5,0
2020-05-26,Pittsylvania-Danville,50-59,21,6,0
2020-05-26,Pittsylvania-Danville,60-69,10,5,1
2020-05-26,Pittsylvania-Danville,70-79,10,7,0
2020-05-26,Pittsylvania-Danville,80+,3,2,2
2020-05-26,Pittsylvania-Danville,Missing,0,0,0
2020-05-26,Portsmouth,0-9,2,1,0
2020-05-26,Portsmouth,19-Oct,4,0,0
2020-05-26,Portsmouth,20-29,46,2,0
2020-05-26,Portsmouth,30-39,66,3,0
2020-05-26,Portsmouth,40-49,45,3,0
2020-05-26,Portsmouth,50-59,51,12,1
2020-05-26,Portsmouth,60-69,32,9,4
2020-05-26,Portsmouth,70-79,18,5,3
2020-05-26,Portsmouth,80+,16,6,3
2020-05-26,Portsmouth,Missing,1,0,0
2020-05-26,"Prince William",0-9,200,3,0
2020-05-26,"Prince William",19-Oct,388,3,0
2020-05-26,"Prince William",20-29,1093,32,0
2020-05-26,"Prince William",30-39,1181,65,2
2020-05-26,"Prince William",40-49,1369,99,3
2020-05-26,"Prince William",50-59,1014,122,7
2020-05-26,"Prince William",60-69,555,97,23
2020-05-26,"Prince William",70-79,189,52,29
2020-05-26,"Prince William",80+,146,48,47
2020-05-26,"Prince William",Missing,90,0,0
2020-05-26,Rappahannock,0-9,46,1,0
2020-05-26,Rappahannock,19-Oct,95,1,0
2020-05-26,Rappahannock,20-29,241,8,0
2020-05-26,Rappahannock,30-39,285,12,0
2020-05-26,Rappahannock,40-49,263,27,2
2020-05-26,Rappahannock,50-59,215,28,1
2020-05-26,Rappahannock,60-69,133,34,4
2020-05-26,Rappahannock,70-79,40,16,6
2020-05-26,Rappahannock,80+,22,12,3
2020-05-26,Rappahannock,Missing,14,0,0
2020-05-26,"Rappahannock Rapidan",0-9,49,1,0
2020-05-26,"Rappahannock Rapidan",19-Oct,95,1,0
2020-05-26,"Rappahannock Rapidan",20-29,205,2,0
2020-05-26,"Rappahannock Rapidan",30-39,223,11,1
2020-05-26,"Rappahannock Rapidan",40-49,216,13,1
2020-05-26,"Rappahannock Rapidan",50-59,156,18,0
2020-05-26,"Rappahannock Rapidan",60-69,80,10,1
2020-05-26,"Rappahannock Rapidan",70-79,28,7,5
2020-05-26,"Rappahannock Rapidan",80+,19,11,4
2020-05-26,"Rappahannock Rapidan",Missing,3,0,0
2020-05-26,Richmond,0-9,29,2,0
2020-05-26,Richmond,19-Oct,64,2,0
2020-05-26,Richmond,20-29,210,7,0
2020-05-26,Richmond,30-39,222,13,0
2020-05-26,Richmond,40-49,206,12,0
2020-05-26,Richmond,50-59,154,30,1
2020-05-26,Richmond,60-69,120,35,5
2020-05-26,Richmond,70-79,47,21,7
2020-05-26,Richmond,80+,26,12,7
2020-05-26,Richmond,Missing,11,0,0
2020-05-26,Roanoke,0-9,5,0,0
2020-05-26,Roanoke,19-Oct,4,0,0
2020-05-26,Roanoke,20-29,19,0,0
2020-05-26,Roanoke,30-39,26,0,0
2020-05-26,Roanoke,40-49,19,1,0
2020-05-26,Roanoke,50-59,15,1,0
2020-05-26,Roanoke,60-69,10,1,0
2020-05-26,Roanoke,70-79,9,3,0
2020-05-26,Roanoke,80+,36,3,9
2020-05-26,Roanoke,Missing,3,0,0
2020-05-26,Southside,0-9,1,0,0
2020-05-26,Southside,19-Oct,3,0,0
2020-05-26,Southside,20-29,26,2,0
2020-05-26,Southside,30-39,20,0,0
2020-05-26,Southside,40-49,20,5,0
2020-05-26,Southside,50-59,38,5,0
2020-05-26,Southside,60-69,39,10,3
2020-05-26,Southside,70-79,46,9,10
2020-05-26,Southside,80+,69,6,8
2020-05-26,Southside,Missing,0,0,0
2020-05-26,"Thomas Jefferson",0-9,9,1,0
2020-05-26,"Thomas Jefferson",19-Oct,16,0,0
2020-05-26,"Thomas Jefferson",20-29,55,0,0
2020-05-26,"Thomas Jefferson",30-39,77,4,0
2020-05-26,"Thomas Jefferson",40-49,56,5,0
2020-05-26,"Thomas Jefferson",50-59,70,8,1
2020-05-26,"Thomas Jefferson",60-69,53,14,2
2020-05-26,"Thomas Jefferson",70-79,52,15,2
2020-05-26,"Thomas Jefferson",80+,62,21,14
2020-05-26,"Thomas Jefferson",Missing,1,0,0
2020-05-26,"Three Rivers",0-9,4,0,0
2020-05-26,"Three Rivers",19-Oct,16,0,0
2020-05-26,"Three Rivers",20-29,78,1,0
2020-05-26,"Three Rivers",30-39,107,2,0
2020-05-26,"Three Rivers",40-49,106,8,1
2020-05-26,"Three Rivers",50-59,68,3,0
2020-05-26,"Three Rivers",60-69,65,10,0
2020-05-26,"Three Rivers",70-79,22,4,2
2020-05-26,"Three Rivers",80+,22,5,3
2020-05-26,"Three Rivers",Missing,1,0,0
2020-05-26,"Virginia Beach",0-9,4,0,0
2020-05-26,"Virginia Beach",19-Oct,19,0,0
2020-05-26,"Virginia Beach",20-29,87,2,0
2020-05-26,"Virginia Beach",30-39,93,7,0
2020-05-26,"Virginia Beach",40-49,96,14,1
2020-05-26,"Virginia Beach",50-59,105,12,0
2020-05-26,"Virginia Beach",60-69,95,14,1
2020-05-26,"Virginia Beach",70-79,53,22,6
2020-05-26,"Virginia Beach",80+,71,19,15
2020-05-26,"Virginia Beach",Missing,15,0,0
2020-05-26,"West Piedmont",0-9,1,0,0
2020-05-26,"West Piedmont",19-Oct,14,0,0
2020-05-26,"West Piedmont",20-29,18,0,0
2020-05-26,"West Piedmont",30-39,20,1,0
2020-05-26,"West Piedmont",40-49,26,2,1
2020-05-26,"West Piedmont",50-59,35,3,1
2020-05-26,"West Piedmont",60-69,23,1,0
2020-05-26,"West Piedmont",70-79,15,6,3
2020-05-26,"West Piedmont",80+,6,2,0
2020-05-26,"West Piedmont",Missing,1,0,0
2020-05-26,"Western Tidewater",0-9,5,0,0
2020-05-26,"Western Tidewater",19-Oct,8,0,0
2020-05-26,"Western Tidewater",20-29,43,1,0
2020-05-26,"Western Tidewater",30-39,60,3,0
2020-05-26,"Western Tidewater",40-49,80,4,1
2020-05-26,"Western Tidewater",50-59,109,7,1
2020-05-26,"Western Tidewater",60-69,100,11,4
2020-05-26,"Western Tidewater",70-79,76,17,12
2020-05-26,"Western Tidewater",80+,127,21,19
2020-05-26,"Western Tidewater",Missing,2,0,0
2020-05-27,Alexandria,0-9,99,1,0
2020-05-27,Alexandria,19-Oct,120,1,0
2020-05-27,Alexandria,20-29,271,5,1
2020-05-27,Alexandria,30-39,429,22,0
2020-05-27,Alexandria,40-49,345,27,0
2020-05-27,Alexandria,50-59,236,35,8
2020-05-27,Alexandria,60-69,154,29,1
2020-05-27,Alexandria,70-79,88,32,14
2020-05-27,Alexandria,80+,74,23,18
2020-05-27,Alexandria,Missing,8,0,0
2020-05-27,Alleghany,0-9,0,0,0
2020-05-27,Alleghany,19-Oct,2,0,0
2020-05-27,Alleghany,20-29,31,1,0
2020-05-27,Alleghany,30-39,16,2,0
2020-05-27,Alleghany,40-49,21,0,0
2020-05-27,Alleghany,50-59,40,4,1
2020-05-27,Alleghany,60-69,26,6,1
2020-05-27,Alleghany,70-79,23,4,8
2020-05-27,Alleghany,80+,25,7,6
2020-05-27,Alleghany,Missing,0,0,0
2020-05-27,Arlington,0-9,32,2,0
2020-05-27,Arlington,19-Oct,55,6,0
2020-05-27,Arlington,20-29,315,20,0
2020-05-27,Arlington,30-39,359,41,0
2020-05-27,Arlington,40-49,336,45,3
2020-05-27,Arlington,50-59,316,56,4
2020-05-27,Arlington,60-69,242,69,17
2020-05-27,Arlington,70-79,151,63,29
2020-05-27,Arlington,80+,178,69,56
2020-05-27,Arlington,Missing,4,0,0
2020-05-27,"Central Shenandoah",0-9,36,0,0
2020-05-27,"Central Shenandoah",19-Oct,73,1,0
2020-05-27,"Central Shenandoah",20-29,270,5,0
2020-05-27,"Central Shenandoah",30-39,227,5,0
2020-05-27,"Central Shenandoah",40-49,245,7,0
2020-05-27,"Central Shenandoah",50-59,254,22,1
2020-05-27,"Central Shenandoah",60-69,183,33,6
2020-05-27,"Central Shenandoah",70-79,88,27,11
2020-05-27,"Central Shenandoah",80+,70,16,10
2020-05-27,"Central Shenandoah",Missing,1,0,0
2020-05-27,"Central Virginia",0-9,5,0,0
2020-05-27,"Central Virginia",19-Oct,12,1,0
2020-05-27,"Central Virginia",20-29,28,2,0
2020-05-27,"Central Virginia",30-39,37,2,0
2020-05-27,"Central Virginia",40-49,33,0,0
2020-05-27,"Central Virginia",50-59,31,2,1
2020-05-27,"Central Virginia",60-69,34,3,1
2020-05-27,"Central Virginia",70-79,14,4,2
2020-05-27,"Central Virginia",80+,5,2,0
2020-05-27,"Central Virginia",Missing,0,0,0
2020-05-27,Chesapeake,0-9,11,1,0
2020-05-27,Chesapeake,19-Oct,12,0,0
2020-05-27,Chesapeake,20-29,55,3,0
2020-05-27,Chesapeake,30-39,85,4,0
2020-05-27,Chesapeake,40-49,74,12,0
2020-05-27,Chesapeake,50-59,86,16,1
2020-05-27,Chesapeake,60-69,68,18,4
2020-05-27,Chesapeake,70-79,39,19,2
2020-05-27,Chesapeake,80+,36,12,7
2020-05-27,Chesapeake,Missing,6,0,0
2020-05-27,Chesterfield,0-9,22,0,0
2020-05-27,Chesterfield,19-Oct,103,0,0
2020-05-27,Chesterfield,20-29,183,4,0
2020-05-27,Chesterfield,30-39,265,1,0
2020-05-27,Chesterfield,40-49,254,10,2
2020-05-27,Chesterfield,50-59,211,18,1
2020-05-27,Chesterfield,60-69,143,18,8
2020-05-27,Chesterfield,70-79,73,12,7
2020-05-27,Chesterfield,80+,101,13,24
2020-05-27,Chesterfield,Missing,22,0,0
2020-05-27,Chickahominy,0-9,6,0,0
2020-05-27,Chickahominy,19-Oct,17,0,0
2020-05-27,Chickahominy,20-29,54,0,0
2020-05-27,Chickahominy,30-39,60,0,0
2020-05-27,Chickahominy,40-49,64,7,1
2020-05-27,Chickahominy,50-59,85,15,0
2020-05-27,Chickahominy,60-69,56,14,6
2020-05-27,Chickahominy,70-79,44,17,5
2020-05-27,Chickahominy,80+,72,25,18
2020-05-27,Chickahominy,Missing,7,0,0
2020-05-27,Crater,0-9,11,1,0
2020-05-27,Crater,19-Oct,18,0,0
2020-05-27,Crater,20-29,83,6,0
2020-05-27,Crater,30-39,82,1,0
2020-05-27,Crater,40-49,87,11,1
2020-05-27,Crater,50-59,106,17,2
2020-05-27,Crater,60-69,90,24,10
2020-05-27,Crater,70-79,67,16,4
2020-05-27,Crater,80+,46,7,0
2020-05-27,Crater,Missing,3,0,0
2020-05-27,"Cumberland Plateau",0-9,0,0,0
2020-05-27,"Cumberland Plateau",19-Oct,12,0,0
2020-05-27,"Cumberland Plateau",20-29,1,0,0
2020-05-27,"Cumberland Plateau",30-39,5,0,0
2020-05-27,"Cumberland Plateau",40-49,5,0,0
2020-05-27,"Cumberland Plateau",50-59,3,1,0
2020-05-27,"Cumberland Plateau",60-69,4,1,0
2020-05-27,"Cumberland Plateau",70-79,2,0,0
2020-05-27,"Cumberland Plateau",80+,0,0,0
2020-05-27,"Cumberland Plateau",Missing,0,0,0
2020-05-27,"Eastern Shore",0-9,11,1,0
2020-05-27,"Eastern Shore",19-Oct,42,0,0
2020-05-27,"Eastern Shore",20-29,141,2,0
2020-05-27,"Eastern Shore",30-39,182,6,0
2020-05-27,"Eastern Shore",40-49,179,7,2
2020-05-27,"Eastern Shore",50-59,226,9,5
2020-05-27,"Eastern Shore",60-69,139,14,6
2020-05-27,"Eastern Shore",70-79,41,10,5
2020-05-27,"Eastern Shore",80+,44,16,12
2020-05-27,"Eastern Shore",Missing,0,0,0
2020-05-27,Fairfax,0-9,248,8,0
2020-05-27,Fairfax,19-Oct,493,14,0
2020-05-27,Fairfax,20-29,1514,54,1
2020-05-27,Fairfax,30-39,1996,133,3
2020-05-27,Fairfax,40-49,1929,190,6
2020-05-27,Fairfax,50-59,1640,220,22
2020-05-27,Fairfax,60-69,1086,231,39
2020-05-27,Fairfax,70-79,535,187,75
2020-05-27,Fairfax,80+,684,247,230
2020-05-27,Fairfax,Missing,56,1,0
2020-05-27,Hampton,0-9,6,0,0
2020-05-27,Hampton,19-Oct,7,0,0
2020-05-27,Hampton,20-29,31,1,0
2020-05-27,Hampton,30-39,31,2,0
2020-05-27,Hampton,40-49,28,2,0
2020-05-27,Hampton,50-59,37,8,1
2020-05-27,Hampton,60-69,24,9,1
2020-05-27,Hampton,70-79,13,6,0
2020-05-27,Hampton,80+,3,2,1
2020-05-27,Hampton,Missing,3,0,0
2020-05-27,Henrico,0-9,48,0,0
2020-05-27,Henrico,19-Oct,50,1,0
2020-05-27,Henrico,20-29,180,8,0
2020-05-27,Henrico,30-39,210,6,0
2020-05-27,Henrico,40-49,226,14,1
2020-05-27,Henrico,50-59,212,22,6
2020-05-27,Henrico,60-69,200,33,21
2020-05-27,Henrico,70-79,166,41,32
2020-05-27,Henrico,80+,263,54,58
2020-05-27,Henrico,Missing,24,1,1
2020-05-27,Lenowisco,0-9,3,0,0
2020-05-27,Lenowisco,19-Oct,2,0,0
2020-05-27,Lenowisco,20-29,6,0,0
2020-05-27,Lenowisco,30-39,3,1,1
2020-05-27,Lenowisco,40-49,5,2,0
2020-05-27,Lenowisco,50-59,13,5,0
2020-05-27,Lenowisco,60-69,5,4,2
2020-05-27,Lenowisco,70-79,5,3,1
2020-05-27,Lenowisco,80+,0,0,0
2020-05-27,Lenowisco,Missing,0,0,0
2020-05-27,"Lord Fairfax",0-9,21,0,0
2020-05-27,"Lord Fairfax",19-Oct,55,0,0
2020-05-27,"Lord Fairfax",20-29,195,3,0
2020-05-27,"Lord Fairfax",30-39,192,9,0
2020-05-27,"Lord Fairfax",40-49,188,8,1
2020-05-27,"Lord Fairfax",50-59,217,16,2
2020-05-27,"Lord Fairfax",60-69,159,30,8
2020-05-27,"Lord Fairfax",70-79,87,23,9
2020-05-27,"Lord Fairfax",80+,91,23,25
2020-05-27,"Lord Fairfax",Missing,1,0,0
2020-05-27,Loudoun,0-9,74,1,0
2020-05-27,Loudoun,19-Oct,130,0,0
2020-05-27,Loudoun,20-29,359,3,0
2020-05-27,Loudoun,30-39,407,14,0
2020-05-27,Loudoun,40-49,489,20,0
2020-05-27,Loudoun,50-59,371,24,1
2020-05-27,Loudoun,60-69,181,26,3
2020-05-27,Loudoun,70-79,92,29,10
2020-05-27,Loudoun,80+,140,38,39
2020-05-27,Loudoun,Missing,31,0,0
2020-05-27,"Mount Rogers",0-9,18,1,0
2020-05-27,"Mount Rogers",19-Oct,26,0,0
2020-05-27,"Mount Rogers",20-29,49,0,0
2020-05-27,"Mount Rogers",30-39,62,4,0
2020-05-27,"Mount Rogers",40-49,44,0,0
2020-05-27,"Mount Rogers",50-59,45,3,0
2020-05-27,"Mount Rogers",60-69,34,3,0
2020-05-27,"Mount Rogers",70-79,19,6,1
2020-05-27,"Mount Rogers",80+,18,5,5
2020-05-27,"Mount Rogers",Missing,0,0,0
2020-05-27,"New River",0-9,2,0,0
2020-05-27,"New River",19-Oct,3,0,0
2020-05-27,"New River",20-29,27,0,0
2020-05-27,"New River",30-39,9,1,0
2020-05-27,"New River",40-49,13,1,0
2020-05-27,"New River",50-59,17,3,0
2020-05-27,"New River",60-69,17,2,0
2020-05-27,"New River",70-79,9,5,1
2020-05-27,"New River",80+,4,2,0
2020-05-27,"New River",Missing,0,0,0
2020-05-27,Norfolk,0-9,8,0,0
2020-05-27,Norfolk,19-Oct,22,1,0
2020-05-27,Norfolk,20-29,95,1,0
2020-05-27,Norfolk,30-39,98,7,0
2020-05-27,Norfolk,40-49,82,10,0
2020-05-27,Norfolk,50-59,68,10,0
2020-05-27,Norfolk,60-69,45,14,1
2020-05-27,Norfolk,70-79,19,13,2
2020-05-27,Norfolk,80+,9,6,3
2020-05-27,Norfolk,Missing,5,0,0
2020-05-27,Peninsula,0-9,16,0,0
2020-05-27,Peninsula,19-Oct,15,1,0
2020-05-27,Peninsula,20-29,71,1,0
2020-05-27,Peninsula,30-39,69,6,1
2020-05-27,Peninsula,40-49,68,5,1
2020-05-27,Peninsula,50-59,102,15,2
2020-05-27,Peninsula,60-69,100,26,3
2020-05-27,Peninsula,70-79,77,36,10
2020-05-27,Peninsula,80+,46,23,15
2020-05-27,Peninsula,Missing,11,0,0
2020-05-27,Piedmont,0-9,5,0,0
2020-05-27,Piedmont,19-Oct,11,0,0
2020-05-27,Piedmont,20-29,107,0,0
2020-05-27,Piedmont,30-39,128,1,0
2020-05-27,Piedmont,40-49,135,4,0
2020-05-27,Piedmont,50-59,141,11,0
2020-05-27,Piedmont,60-69,102,12,2
2020-05-27,Piedmont,70-79,39,12,2
2020-05-27,Piedmont,80+,14,3,2
2020-05-27,Piedmont,Missing,1,0,0
2020-05-27,Pittsylvania-Danville,0-9,1,0,0
2020-05-27,Pittsylvania-Danville,19-Oct,1,0,0
2020-05-27,Pittsylvania-Danville,20-29,8,0,0
2020-05-27,Pittsylvania-Danville,30-39,10,0,0
2020-05-27,Pittsylvania-Danville,40-49,19,5,0
2020-05-27,Pittsylvania-Danville,50-59,21,6,0
2020-05-27,Pittsylvania-Danville,60-69,10,5,1
2020-05-27,Pittsylvania-Danville,70-79,10,7,0
2020-05-27,Pittsylvania-Danville,80+,3,2,2
2020-05-27,Pittsylvania-Danville,Missing,0,0,0
2020-05-27,Portsmouth,0-9,2,1,0
2020-05-27,Portsmouth,19-Oct,4,0,0
2020-05-27,Portsmouth,20-29,46,2,0
2020-05-27,Portsmouth,30-39,65,3,0
2020-05-27,Portsmouth,40-49,46,3,0
2020-05-27,Portsmouth,50-59,53,12,1
2020-05-27,Portsmouth,60-69,32,9,4
2020-05-27,Portsmouth,70-79,17,5,3
2020-05-27,Portsmouth,80+,16,6,3
2020-05-27,Portsmouth,Missing,1,0,0
2020-05-27,"Prince William",0-9,205,3,0
2020-05-27,"Prince William",19-Oct,397,3,0
2020-05-27,"Prince William",20-29,1111,32,0
2020-05-27,"Prince William",30-39,1190,65,2
2020-05-27,"Prince William",40-49,1396,102,4
2020-05-27,"Prince William",50-59,1029,122,7
2020-05-27,"Prince William",60-69,561,97,24
2020-05-27,"Prince William",70-79,192,53,30
2020-05-27,"Prince William",80+,149,49,48
2020-05-27,"Prince William",Missing,90,0,0
2020-05-27,Rappahannock,0-9,50,1,0
2020-05-27,Rappahannock,19-Oct,99,1,0
2020-05-27,Rappahannock,20-29,242,8,0
2020-05-27,Rappahannock,30-39,290,12,0
2020-05-27,Rappahannock,40-49,270,27,2
2020-05-27,Rappahannock,50-59,219,28,1
2020-05-27,Rappahannock,60-69,133,34,4
2020-05-27,Rappahannock,70-79,40,16,6
2020-05-27,Rappahannock,80+,23,12,3
2020-05-27,Rappahannock,Missing,15,0,0
2020-05-27,"Rappahannock Rapidan",0-9,50,1,0
2020-05-27,"Rappahannock Rapidan",19-Oct,96,1,0
2020-05-27,"Rappahannock Rapidan",20-29,210,2,0
2020-05-27,"Rappahannock Rapidan",30-39,229,11,1
2020-05-27,"Rappahannock Rapidan",40-49,218,13,1
2020-05-27,"Rappahannock Rapidan",50-59,155,18,0
2020-05-27,"Rappahannock Rapidan",60-69,81,10,1
2020-05-27,"Rappahannock Rapidan",70-79,27,7,4
2020-05-27,"Rappahannock Rapidan",80+,19,11,4
2020-05-27,"Rappahannock Rapidan",Missing,4,0,0
2020-05-27,Richmond,0-9,30,2,0
2020-05-27,Richmond,19-Oct,66,2,0
2020-05-27,Richmond,20-29,218,7,0
2020-05-27,Richmond,30-39,231,13,0
2020-05-27,Richmond,40-49,206,14,0
2020-05-27,Richmond,50-59,154,30,1
2020-05-27,Richmond,60-69,123,35,5
2020-05-27,Richmond,70-79,48,22,8
2020-05-27,Richmond,80+,26,12,7
2020-05-27,Richmond,Missing,10,0,0
2020-05-27,Roanoke,0-9,5,0,0
2020-05-27,Roanoke,19-Oct,4,0,0
2020-05-27,Roanoke,20-29,19,0,0
2020-05-27,Roanoke,30-39,26,0,0
2020-05-27,Roanoke,40-49,19,1,0
2020-05-27,Roanoke,50-59,15,1,0
2020-05-27,Roanoke,60-69,10,1,0
2020-05-27,Roanoke,70-79,9,3,0
2020-05-27,Roanoke,80+,36,3,9
2020-05-27,Roanoke,Missing,3,0,0
2020-05-27,Southside,0-9,1,0,0
2020-05-27,Southside,19-Oct,3,0,0
2020-05-27,Southside,20-29,26,2,0
2020-05-27,Southside,30-39,20,0,0
2020-05-27,Southside,40-49,20,5,0
2020-05-27,Southside,50-59,38,5,0
2020-05-27,Southside,60-69,39,10,3
2020-05-27,Southside,70-79,46,9,10
2020-05-27,Southside,80+,70,6,9
2020-05-27,Southside,Missing,0,0,0
2020-05-27,"Thomas Jefferson",0-9,11,1,0
2020-05-27,"Thomas Jefferson",19-Oct,16,0,0
2020-05-27,"Thomas Jefferson",20-29,56,0,0
2020-05-27,"Thomas Jefferson",30-39,81,4,0
2020-05-27,"Thomas Jefferson",40-49,63,5,0
2020-05-27,"Thomas Jefferson",50-59,72,8,1
2020-05-27,"Thomas Jefferson",60-69,55,14,2
2020-05-27,"Thomas Jefferson",70-79,52,15,2
2020-05-27,"Thomas Jefferson",80+,63,21,14
2020-05-27,"Thomas Jefferson",Missing,1,0,0
2020-05-27,"Three Rivers",0-9,6,1,0
2020-05-27,"Three Rivers",19-Oct,16,0,0
2020-05-27,"Three Rivers",20-29,77,1,0
2020-05-27,"Three Rivers",30-39,108,2,0
2020-05-27,"Three Rivers",40-49,107,8,1
2020-05-27,"Three Rivers",50-59,67,3,0
2020-05-27,"Three Rivers",60-69,66,10,0
2020-05-27,"Three Rivers",70-79,22,4,2
2020-05-27,"Three Rivers",80+,24,5,3
2020-05-27,"Three Rivers",Missing,1,0,0
2020-05-27,"Virginia Beach",0-9,4,0,0
2020-05-27,"Virginia Beach",19-Oct,19,0,0
2020-05-27,"Virginia Beach",20-29,87,2,0
2020-05-27,"Virginia Beach",30-39,94,7,0
2020-05-27,"Virginia Beach",40-49,99,14,1
2020-05-27,"Virginia Beach",50-59,105,12,0
2020-05-27,"Virginia Beach",60-69,95,14,1
2020-05-27,"Virginia Beach",70-79,53,22,6
2020-05-27,"Virginia Beach",80+,70,19,14
2020-05-27,"Virginia Beach",Missing,20,0,0
2020-05-27,"West Piedmont",0-9,4,0,0
2020-05-27,"West Piedmont",19-Oct,14,0,0
2020-05-27,"West Piedmont",20-29,19,0,0
2020-05-27,"West Piedmont",30-39,23,1,0
2020-05-27,"West Piedmont",40-49,28,3,1
2020-05-27,"West Piedmont",50-59,37,4,1
2020-05-27,"West Piedmont",60-69,23,1,0
2020-05-27,"West Piedmont",70-79,15,6,4
2020-05-27,"West Piedmont",80+,7,3,0
2020-05-27,"West Piedmont",Missing,1,0,0
2020-05-27,"Western Tidewater",0-9,5,0,0
2020-05-27,"Western Tidewater",19-Oct,11,0,0
2020-05-27,"Western Tidewater",20-29,43,1,0
2020-05-27,"Western Tidewater",30-39,62,4,0
2020-05-27,"Western Tidewater",40-49,80,4,1
2020-05-27,"Western Tidewater",50-59,108,7,1
2020-05-27,"Western Tidewater",60-69,102,11,4
2020-05-27,"Western Tidewater",70-79,76,17,12
2020-05-27,"Western Tidewater",80+,127,21,19
2020-05-27,"Western Tidewater",Missing,2,0,0
2020-05-28,Alexandria,0-9,104,1,0
2020-05-28,Alexandria,19-Oct,127,1,0
2020-05-28,Alexandria,20-29,278,5,1
2020-05-28,Alexandria,30-39,440,23,0
2020-05-28,Alexandria,40-49,360,28,0
2020-05-28,Alexandria,50-59,248,35,9
2020-05-28,Alexandria,60-69,160,30,2
2020-05-28,Alexandria,70-79,88,33,13
2020-05-28,Alexandria,80+,74,24,19
2020-05-28,Alexandria,Missing,8,0,0
2020-05-28,Alleghany,0-9,0,0,0
2020-05-28,Alleghany,19-Oct,3,0,0
2020-05-28,Alleghany,20-29,32,1,0
2020-05-28,Alleghany,30-39,16,2,0
2020-05-28,Alleghany,40-49,21,0,0
2020-05-28,Alleghany,50-59,40,4,1
2020-05-28,Alleghany,60-69,26,6,1
2020-05-28,Alleghany,70-79,23,4,8
2020-05-28,Alleghany,80+,25,7,6
2020-05-28,Alleghany,Missing,0,0,0
2020-05-28,Arlington,0-9,33,2,0
2020-05-28,Arlington,19-Oct,59,6,0
2020-05-28,Arlington,20-29,318,20,0
2020-05-28,Arlington,30-39,367,41,0
2020-05-28,Arlington,40-49,347,45,3
2020-05-28,Arlington,50-59,321,56,4
2020-05-28,Arlington,60-69,249,71,17
2020-05-28,Arlington,70-79,154,63,29
2020-05-28,Arlington,80+,186,69,56
2020-05-28,Arlington,Missing,5,0,0
2020-05-28,"Central Shenandoah",0-9,38,0,0
2020-05-28,"Central Shenandoah",19-Oct,75,1,0
2020-05-28,"Central Shenandoah",20-29,272,5,0
2020-05-28,"Central Shenandoah",30-39,232,5,0
2020-05-28,"Central Shenandoah",40-49,249,7,0
2020-05-28,"Central Shenandoah",50-59,258,22,1
2020-05-28,"Central Shenandoah",60-69,181,34,7
2020-05-28,"Central Shenandoah",70-79,89,28,11
2020-05-28,"Central Shenandoah",80+,73,16,11
2020-05-28,"Central Shenandoah",Missing,1,0,0
2020-05-28,"Central Virginia",0-9,5,0,0
2020-05-28,"Central Virginia",19-Oct,12,1,0
2020-05-28,"Central Virginia",20-29,28,2,0
2020-05-28,"Central Virginia",30-39,37,2,0
2020-05-28,"Central Virginia",40-49,33,0,0
2020-05-28,"Central Virginia",50-59,31,2,1
2020-05-28,"Central Virginia",60-69,34,3,1
2020-05-28,"Central Virginia",70-79,16,4,2
2020-05-28,"Central Virginia",80+,5,2,0
2020-05-28,"Central Virginia",Missing,0,0,0
2020-05-28,Chesapeake,0-9,11,1,0
2020-05-28,Chesapeake,19-Oct,13,0,0
2020-05-28,Chesapeake,20-29,57,3,0
2020-05-28,Chesapeake,30-39,86,4,0
2020-05-28,Chesapeake,40-49,76,12,0
2020-05-28,Chesapeake,50-59,87,16,1
2020-05-28,Chesapeake,60-69,69,19,4
2020-05-28,Chesapeake,70-79,39,19,2
2020-05-28,Chesapeake,80+,36,12,7
2020-05-28,Chesapeake,Missing,7,0,0
2020-05-28,Chesterfield,0-9,24,0,0
2020-05-28,Chesterfield,19-Oct,114,0,0
2020-05-28,Chesterfield,20-29,191,4,0
2020-05-28,Chesterfield,30-39,278,1,0
2020-05-28,Chesterfield,40-49,265,10,2
2020-05-28,Chesterfield,50-59,220,18,1
2020-05-28,Chesterfield,60-69,148,18,8
2020-05-28,Chesterfield,70-79,79,12,10
2020-05-28,Chesterfield,80+,106,17,30
2020-05-28,Chesterfield,Missing,22,0,0
2020-05-28,Chickahominy,0-9,6,0,0
2020-05-28,Chickahominy,19-Oct,18,0,0
2020-05-28,Chickahominy,20-29,55,0,0
2020-05-28,Chickahominy,30-39,61,0,0
2020-05-28,Chickahominy,40-49,65,8,1
2020-05-28,Chickahominy,50-59,86,15,0
2020-05-28,Chickahominy,60-69,56,14,6
2020-05-28,Chickahominy,70-79,44,17,5
2020-05-28,Chickahominy,80+,74,25,20
2020-05-28,Chickahominy,Missing,7,0,0
2020-05-28,Crater,0-9,11,1,0
2020-05-28,Crater,19-Oct,19,0,0
2020-05-28,Crater,20-29,88,6,0
2020-05-28,Crater,30-39,87,2,0
2020-05-28,Crater,40-49,94,11,1
2020-05-28,Crater,50-59,113,17,2
2020-05-28,Crater,60-69,97,27,10
2020-05-28,Crater,70-79,71,17,4
2020-05-28,Crater,80+,47,7,1
2020-05-28,Crater,Missing,5,0,0
2020-05-28,"Cumberland Plateau",0-9,0,0,0
2020-05-28,"Cumberland Plateau",19-Oct,12,0,0
2020-05-28,"Cumberland Plateau",20-29,1,0,0
2020-05-28,"Cumberland Plateau",30-39,5,0,0
2020-05-28,"Cumberland Plateau",40-49,6,0,0
2020-05-28,"Cumberland Plateau",50-59,3,1,0
2020-05-28,"Cumberland Plateau",60-69,4,1,0
2020-05-28,"Cumberland Plateau",70-79,2,0,0
2020-05-28,"Cumberland Plateau",80+,0,0,0
2020-05-28,"Cumberland Plateau",Missing,0,0,0
2020-05-28,"Eastern Shore",0-9,11,1,0
2020-05-28,"Eastern Shore",19-Oct,43,0,0
2020-05-28,"Eastern Shore",20-29,148,2,0
2020-05-28,"Eastern Shore",30-39,185,6,0
2020-05-28,"Eastern Shore",40-49,184,8,2
2020-05-28,"Eastern Shore",50-59,234,9,5
2020-05-28,"Eastern Shore",60-69,143,14,6
2020-05-28,"Eastern Shore",70-79,41,10,6
2020-05-28,"Eastern Shore",80+,45,17,13
2020-05-28,"Eastern Shore",Missing,0,0,0
2020-05-28,Fairfax,0-9,282,10,0
2020-05-28,Fairfax,19-Oct,539,14,0
2020-05-28,Fairfax,20-29,1583,53,2
2020-05-28,Fairfax,30-39,2084,132,3
2020-05-28,Fairfax,40-49,2020,191,6
2020-05-28,Fairfax,50-59,1700,221,24
2020-05-28,Fairfax,60-69,1116,231,40
2020-05-28,Fairfax,70-79,549,189,76
2020-05-28,Fairfax,80+,689,245,234
2020-05-28,Fairfax,Missing,57,0,0
2020-05-28,Hampton,0-9,6,0,0
2020-05-28,Hampton,19-Oct,8,0,0
2020-05-28,Hampton,20-29,32,1,0
2020-05-28,Hampton,30-39,32,2,0
2020-05-28,Hampton,40-49,28,2,0
2020-05-28,Hampton,50-59,37,8,1
2020-05-28,Hampton,60-69,24,9,1
2020-05-28,Hampton,70-79,13,6,0
2020-05-28,Hampton,80+,3,2,1
2020-05-28,Hampton,Missing,7,0,0
2020-05-28,Henrico,0-9,49,0,0
2020-05-28,Henrico,19-Oct,51,1,0
2020-05-28,Henrico,20-29,189,9,0
2020-05-28,Henrico,30-39,219,6,0
2020-05-28,Henrico,40-49,233,15,2
2020-05-28,Henrico,50-59,215,23,7
2020-05-28,Henrico,60-69,203,33,23
2020-05-28,Henrico,70-79,171,41,35
2020-05-28,Henrico,80+,270,55,63
2020-05-28,Henrico,Missing,24,1,1
2020-05-28,Lenowisco,0-9,3,0,0
2020-05-28,Lenowisco,19-Oct,2,0,0
2020-05-28,Lenowisco,20-29,6,0,0
2020-05-28,Lenowisco,30-39,3,1,1
2020-05-28,Lenowisco,40-49,5,2,0
2020-05-28,Lenowisco,50-59,13,5,0
2020-05-28,Lenowisco,60-69,5,4,2
2020-05-28,Lenowisco,70-79,5,4,1
2020-05-28,Lenowisco,80+,0,0,0
2020-05-28,Lenowisco,Missing,0,0,0
2020-05-28,"Lord Fairfax",0-9,28,0,0
2020-05-28,"Lord Fairfax",19-Oct,66,0,0
2020-05-28,"Lord Fairfax",20-29,212,4,0
2020-05-28,"Lord Fairfax",30-39,201,9,0
2020-05-28,"Lord Fairfax",40-49,200,8,1
2020-05-28,"Lord Fairfax",50-59,225,17,2
2020-05-28,"Lord Fairfax",60-69,165,30,8
2020-05-28,"Lord Fairfax",70-79,88,24,11
2020-05-28,"Lord Fairfax",80+,93,26,26
2020-05-28,"Lord Fairfax",Missing,1,0,0
2020-05-28,Loudoun,0-9,77,1,0
2020-05-28,Loudoun,19-Oct,132,0,0
2020-05-28,Loudoun,20-29,362,3,0
2020-05-28,Loudoun,30-39,411,14,0
2020-05-28,Loudoun,40-49,490,21,0
2020-05-28,Loudoun,50-59,374,24,1
2020-05-28,Loudoun,60-69,183,26,3
2020-05-28,Loudoun,70-79,94,29,11
2020-05-28,Loudoun,80+,150,38,48
2020-05-28,Loudoun,Missing,45,0,0
2020-05-28,"Mount Rogers",0-9,18,1,0
2020-05-28,"Mount Rogers",19-Oct,26,0,0
2020-05-28,"Mount Rogers",20-29,49,0,0
2020-05-28,"Mount Rogers",30-39,62,4,0
2020-05-28,"Mount Rogers",40-49,45,0,0
2020-05-28,"Mount Rogers",50-59,45,3,0
2020-05-28,"Mount Rogers",60-69,35,3,0
2020-05-28,"Mount Rogers",70-79,19,6,1
2020-05-28,"Mount Rogers",80+,19,5,5
2020-05-28,"Mount Rogers",Missing,0,0,0
2020-05-28,"New River",0-9,3,0,0
2020-05-28,"New River",19-Oct,5,0,0
2020-05-28,"New River",20-29,27,0,0
2020-05-28,"New River",30-39,10,1,0
2020-05-28,"New River",40-49,13,1,0
2020-05-28,"New River",50-59,16,3,0
2020-05-28,"New River",60-69,17,2,0
2020-05-28,"New River",70-79,9,5,1
2020-05-28,"New River",80+,6,2,0
2020-05-28,"New River",Missing,0,0,0
2020-05-28,Norfolk,0-9,8,0,0
2020-05-28,Norfolk,19-Oct,22,1,0
2020-05-28,Norfolk,20-29,96,1,0
2020-05-28,Norfolk,30-39,99,7,0
2020-05-28,Norfolk,40-49,81,10,0
2020-05-28,Norfolk,50-59,68,10,0
2020-05-28,Norfolk,60-69,45,14,1
2020-05-28,Norfolk,70-79,19,13,2
2020-05-28,Norfolk,80+,9,6,3
2020-05-28,Norfolk,Missing,5,0,0
2020-05-28,Peninsula,0-9,16,0,0
2020-05-28,Peninsula,19-Oct,15,1,0
2020-05-28,Peninsula,20-29,73,1,0
2020-05-28,Peninsula,30-39,71,6,1
2020-05-28,Peninsula,40-49,70,5,1
2020-05-28,Peninsula,50-59,102,15,2
2020-05-28,Peninsula,60-69,100,26,3
2020-05-28,Peninsula,70-79,77,36,10
2020-05-28,Peninsula,80+,46,23,15
2020-05-28,Peninsula,Missing,12,0,0
2020-05-28,Piedmont,0-9,6,0,0
2020-05-28,Piedmont,19-Oct,11,0,0
2020-05-28,Piedmont,20-29,109,0,0
2020-05-28,Piedmont,30-39,131,1,0
2020-05-28,Piedmont,40-49,137,4,0
2020-05-28,Piedmont,50-59,143,11,0
2020-05-28,Piedmont,60-69,103,12,2
2020-05-28,Piedmont,70-79,39,12,2
2020-05-28,Piedmont,80+,15,4,2
2020-05-28,Piedmont,Missing,1,0,0
2020-05-28,Pittsylvania-Danville,0-9,1,0,0
2020-05-28,Pittsylvania-Danville,19-Oct,1,0,0
2020-05-28,Pittsylvania-Danville,20-29,8,0,0
2020-05-28,Pittsylvania-Danville,30-39,10,0,0
2020-05-28,Pittsylvania-Danville,40-49,20,5,0
2020-05-28,Pittsylvania-Danville,50-59,22,6,0
2020-05-28,Pittsylvania-Danville,60-69,11,6,1
2020-05-28,Pittsylvania-Danville,70-79,12,8,0
2020-05-28,Pittsylvania-Danville,80+,3,2,2
2020-05-28,Pittsylvania-Danville,Missing,0,0,0
2020-05-28,Portsmouth,0-9,2,1,0
2020-05-28,Portsmouth,19-Oct,4,0,0
2020-05-28,Portsmouth,20-29,47,2,0
2020-05-28,Portsmouth,30-39,65,3,0
2020-05-28,Portsmouth,40-49,46,4,0
2020-05-28,Portsmouth,50-59,53,12,1
2020-05-28,Portsmouth,60-69,32,9,4
2020-05-28,Portsmouth,70-79,18,5,3
2020-05-28,Portsmouth,80+,16,6,3
2020-05-28,Portsmouth,Missing,1,0,0
2020-05-28,"Prince William",0-9,210,5,0
2020-05-28,"Prince William",19-Oct,408,3,0
2020-05-28,"Prince William",20-29,1131,32,0
2020-05-28,"Prince William",30-39,1205,65,2
2020-05-28,"Prince William",40-49,1408,104,4
2020-05-28,"Prince William",50-59,1045,123,7
2020-05-28,"Prince William",60-69,568,98,24
2020-05-28,"Prince William",70-79,195,53,30
2020-05-28,"Prince William",80+,149,49,50
2020-05-28,"Prince William",Missing,90,0,0
2020-05-28,Rappahannock,0-9,52,1,0
2020-05-28,Rappahannock,19-Oct,106,1,0
2020-05-28,Rappahannock,20-29,247,9,0
2020-05-28,Rappahannock,30-39,296,13,0
2020-05-28,Rappahannock,40-49,274,28,2
2020-05-28,Rappahannock,50-59,229,29,1
2020-05-28,Rappahannock,60-69,136,34,4
2020-05-28,Rappahannock,70-79,41,16,6
2020-05-28,Rappahannock,80+,23,12,3
2020-05-28,Rappahannock,Missing,15,0,0
2020-05-28,"Rappahannock Rapidan",0-9,54,1,0
2020-05-28,"Rappahannock Rapidan",19-Oct,98,1,0
2020-05-28,"Rappahannock Rapidan",20-29,212,2,0
2020-05-28,"Rappahannock Rapidan",30-39,231,11,1
2020-05-28,"Rappahannock Rapidan",40-49,219,13,1
2020-05-28,"Rappahannock Rapidan",50-59,158,18,1
2020-05-28,"Rappahannock Rapidan",60-69,80,10,1
2020-05-28,"Rappahannock Rapidan",70-79,27,8,4
2020-05-28,"Rappahannock Rapidan",80+,19,11,4
2020-05-28,"Rappahannock Rapidan",Missing,4,0,0
2020-05-28,Richmond,0-9,31,2,0
2020-05-28,Richmond,19-Oct,69,2,0
2020-05-28,Richmond,20-29,223,7,0
2020-05-28,Richmond,30-39,233,12,0
2020-05-28,Richmond,40-49,212,14,0
2020-05-28,Richmond,50-59,156,32,1
2020-05-28,Richmond,60-69,123,35,5
2020-05-28,Richmond,70-79,49,22,8
2020-05-28,Richmond,80+,27,12,7
2020-05-28,Richmond,Missing,10,0,0
2020-05-28,Roanoke,0-9,5,0,0
2020-05-28,Roanoke,19-Oct,4,0,0
2020-05-28,Roanoke,20-29,19,0,0
2020-05-28,Roanoke,30-39,26,0,0
2020-05-28,Roanoke,40-49,20,1,0
2020-05-28,Roanoke,50-59,15,1,0
2020-05-28,Roanoke,60-69,10,1,0
2020-05-28,Roanoke,70-79,9,3,0
2020-05-28,Roanoke,80+,36,3,9
2020-05-28,Roanoke,Missing,3,0,0
2020-05-28,Southside,0-9,1,0,0
2020-05-28,Southside,19-Oct,3,0,0
2020-05-28,Southside,20-29,28,2,0
2020-05-28,Southside,30-39,21,0,0
2020-05-28,Southside,40-49,20,5,0
2020-05-28,Southside,50-59,38,5,0
2020-05-28,Southside,60-69,40,10,3
2020-05-28,Southside,70-79,46,9,10
2020-05-28,Southside,80+,71,7,9
2020-05-28,Southside,Missing,0,0,0
2020-05-28,"Thomas Jefferson",0-9,11,1,0
2020-05-28,"Thomas Jefferson",19-Oct,16,0,0
2020-05-28,"Thomas Jefferson",20-29,59,0,0
2020-05-28,"Thomas Jefferson",30-39,84,4,0
2020-05-28,"Thomas Jefferson",40-49,67,5,0
2020-05-28,"Thomas Jefferson",50-59,72,8,1
2020-05-28,"Thomas Jefferson",60-69,55,14,2
2020-05-28,"Thomas Jefferson",70-79,52,15,2
2020-05-28,"Thomas Jefferson",80+,63,21,14
2020-05-28,"Thomas Jefferson",Missing,1,0,0
2020-05-28,"Three Rivers",0-9,7,1,0
2020-05-28,"Three Rivers",19-Oct,16,0,0
2020-05-28,"Three Rivers",20-29,79,2,0
2020-05-28,"Three Rivers",30-39,109,2,0
2020-05-28,"Three Rivers",40-49,107,8,1
2020-05-28,"Three Rivers",50-59,70,3,0
2020-05-28,"Three Rivers",60-69,66,10,0
2020-05-28,"Three Rivers",70-79,24,5,4
2020-05-28,"Three Rivers",80+,25,5,3
2020-05-28,"Three Rivers",Missing,1,0,0
2020-05-28,"Virginia Beach",0-9,4,0,0
2020-05-28,"Virginia Beach",19-Oct,19,0,0
2020-05-28,"Virginia Beach",20-29,89,2,0
2020-05-28,"Virginia Beach",30-39,97,8,0
2020-05-28,"Virginia Beach",40-49,104,14,1
2020-05-28,"Virginia Beach",50-59,105,12,0
2020-05-28,"Virginia Beach",60-69,96,14,1
2020-05-28,"Virginia Beach",70-79,54,22,6
2020-05-28,"Virginia Beach",80+,70,19,14
2020-05-28,"Virginia Beach",Missing,24,0,0
2020-05-28,"West Piedmont",0-9,4,0,0
2020-05-28,"West Piedmont",19-Oct,18,0,0
2020-05-28,"West Piedmont",20-29,19,0,0
2020-05-28,"West Piedmont",30-39,24,1,0
2020-05-28,"West Piedmont",40-49,29,3,1
2020-05-28,"West Piedmont",50-59,40,5,1
2020-05-28,"West Piedmont",60-69,23,1,0
2020-05-28,"West Piedmont",70-79,14,6,3
2020-05-28,"West Piedmont",80+,7,3,0
2020-05-28,"West Piedmont",Missing,1,0,0
2020-05-28,"Western Tidewater",0-9,5,0,0
2020-05-28,"Western Tidewater",19-Oct,11,0,0
2020-05-28,"Western Tidewater",20-29,45,1,0
2020-05-28,"Western Tidewater",30-39,63,4,0
2020-05-28,"Western Tidewater",40-49,80,4,1
2020-05-28,"Western Tidewater",50-59,109,8,1
2020-05-28,"Western Tidewater",60-69,102,11,4
2020-05-28,"Western Tidewater",70-79,77,17,13
2020-05-28,"Western Tidewater",80+,127,21,19
2020-05-28,"Western Tidewater",Missing,2,0,0
2020-05-29,Alexandria,0-9,108,1,0
2020-05-29,Alexandria,19-Oct,130,1,0
2020-05-29,Alexandria,20-29,287,5,1
2020-05-29,Alexandria,30-39,453,23,0
2020-05-29,Alexandria,40-49,366,29,0
2020-05-29,Alexandria,50-59,256,35,9
2020-05-29,Alexandria,60-69,167,30,2
2020-05-29,Alexandria,70-79,90,33,13
2020-05-29,Alexandria,80+,74,24,19
2020-05-29,Alexandria,Missing,10,0,0
2020-05-29,Alleghany,0-9,1,0,0
2020-05-29,Alleghany,19-Oct,4,0,0
2020-05-29,Alleghany,20-29,35,1,0
2020-05-29,Alleghany,30-39,17,2,0
2020-05-29,Alleghany,40-49,22,0,0
2020-05-29,Alleghany,50-59,42,4,1
2020-05-29,Alleghany,60-69,26,6,1
2020-05-29,Alleghany,70-79,23,4,8
2020-05-29,Alleghany,80+,25,7,6
2020-05-29,Alleghany,Missing,0,0,0
2020-05-29,Arlington,0-9,37,2,0
2020-05-29,Arlington,19-Oct,70,6,0
2020-05-29,Arlington,20-29,323,19,0
2020-05-29,Arlington,30-39,373,41,0
2020-05-29,Arlington,40-49,359,45,3
2020-05-29,Arlington,50-59,327,56,6
2020-05-29,Arlington,60-69,255,71,17
2020-05-29,Arlington,70-79,155,63,29
2020-05-29,Arlington,80+,184,69,56
2020-05-29,Arlington,Missing,6,0,0
2020-05-29,"Central Shenandoah",0-9,38,0,0
2020-05-29,"Central Shenandoah",19-Oct,77,1,0
2020-05-29,"Central Shenandoah",20-29,278,5,0
2020-05-29,"Central Shenandoah",30-39,233,5,0
2020-05-29,"Central Shenandoah",40-49,250,7,0
2020-05-29,"Central Shenandoah",50-59,266,22,1
2020-05-29,"Central Shenandoah",60-69,185,34,7
2020-05-29,"Central Shenandoah",70-79,90,28,11
2020-05-29,"Central Shenandoah",80+,73,16,11
2020-05-29,"Central Shenandoah",Missing,1,0,0
2020-05-29,"Central Virginia",0-9,5,0,0
2020-05-29,"Central Virginia",19-Oct,12,1,0
2020-05-29,"Central Virginia",20-29,28,2,0
2020-05-29,"Central Virginia",30-39,37,2,0
2020-05-29,"Central Virginia",40-49,34,0,0
2020-05-29,"Central Virginia",50-59,31,2,1
2020-05-29,"Central Virginia",60-69,34,3,1
2020-05-29,"Central Virginia",70-79,16,4,2
2020-05-29,"Central Virginia",80+,5,2,0
2020-05-29,"Central Virginia",Missing,0,0,0
2020-05-29,Chesapeake,0-9,12,1,0
2020-05-29,Chesapeake,19-Oct,15,0,0
2020-05-29,Chesapeake,20-29,62,3,0
2020-05-29,Chesapeake,30-39,89,4,0
2020-05-29,Chesapeake,40-49,77,12,0
2020-05-29,Chesapeake,50-59,88,16,1
2020-05-29,Chesapeake,60-69,70,19,4
2020-05-29,Chesapeake,70-79,39,19,2
2020-05-29,Chesapeake,80+,36,12,8
2020-05-29,Chesapeake,Missing,6,0,0
2020-05-29,Chesterfield,0-9,28,0,0
2020-05-29,Chesterfield,19-Oct,119,0,0
2020-05-29,Chesterfield,20-29,209,4,0
2020-05-29,Chesterfield,30-39,289,1,0
2020-05-29,Chesterfield,40-49,275,10,2
2020-05-29,Chesterfield,50-59,229,19,1
2020-05-29,Chesterfield,60-69,155,18,8
2020-05-29,Chesterfield,70-79,83,16,12
2020-05-29,Chesterfield,80+,105,17,29
2020-05-29,Chesterfield,Missing,26,0,0
2020-05-29,Chickahominy,0-9,7,0,0
2020-05-29,Chickahominy,19-Oct,18,0,0
2020-05-29,Chickahominy,20-29,55,0,0
2020-05-29,Chickahominy,30-39,61,0,0
2020-05-29,Chickahominy,40-49,67,9,1
2020-05-29,Chickahominy,50-59,86,15,0
2020-05-29,Chickahominy,60-69,58,15,6
2020-05-29,Chickahominy,70-79,45,17,5
2020-05-29,Chickahominy,80+,74,25,20
2020-05-29,Chickahominy,Missing,7,0,0
2020-05-29,Crater,0-9,12,1,0
2020-05-29,Crater,19-Oct,19,0,0
2020-05-29,Crater,20-29,105,6,0
2020-05-29,Crater,30-39,102,2,0
2020-05-29,Crater,40-49,107,11,1
2020-05-29,Crater,50-59,123,17,2
2020-05-29,Crater,60-69,103,27,10
2020-05-29,Crater,70-79,76,18,4
2020-05-29,Crater,80+,50,8,1
2020-05-29,Crater,Missing,6,0,0
2020-05-29,"Cumberland Plateau",0-9,0,0,0
2020-05-29,"Cumberland Plateau",19-Oct,12,0,0
2020-05-29,"Cumberland Plateau",20-29,1,0,0
2020-05-29,"Cumberland Plateau",30-39,5,0,0
2020-05-29,"Cumberland Plateau",40-49,6,0,0
2020-05-29,"Cumberland Plateau",50-59,3,1,0
2020-05-29,"Cumberland Plateau",60-69,4,1,0
2020-05-29,"Cumberland Plateau",70-79,2,0,0
2020-05-29,"Cumberland Plateau",80+,0,0,0
2020-05-29,"Cumberland Plateau",Missing,0,0,0
2020-05-29,"Eastern Shore",0-9,11,1,0
2020-05-29,"Eastern Shore",19-Oct,43,0,0
2020-05-29,"Eastern Shore",20-29,152,4,0
2020-05-29,"Eastern Shore",30-39,189,6,0
2020-05-29,"Eastern Shore",40-49,191,8,2
2020-05-29,"Eastern Shore",50-59,237,11,5
2020-05-29,"Eastern Shore",60-69,146,17,6
2020-05-29,"Eastern Shore",70-79,41,11,6
2020-05-29,"Eastern Shore",80+,45,17,13
2020-05-29,"Eastern Shore",Missing,0,0,0
2020-05-29,Fairfax,0-9,291,10,0
2020-05-29,Fairfax,19-Oct,553,14,0
2020-05-29,Fairfax,20-29,1624,53,2
2020-05-29,Fairfax,30-39,2129,132,3
2020-05-29,Fairfax,40-49,2075,196,6
2020-05-29,Fairfax,50-59,1736,225,24
2020-05-29,Fairfax,60-69,1135,232,40
2020-05-29,Fairfax,70-79,557,192,79
2020-05-29,Fairfax,80+,697,246,238
2020-05-29,Fairfax,Missing,59,0,0
2020-05-29,Hampton,0-9,6,0,0
2020-05-29,Hampton,19-Oct,8,0,0
2020-05-29,Hampton,20-29,32,1,0
2020-05-29,Hampton,30-39,33,2,0
2020-05-29,Hampton,40-49,28,2,0
2020-05-29,Hampton,50-59,37,8,1
2020-05-29,Hampton,60-69,25,9,1
2020-05-29,Hampton,70-79,13,6,0
2020-05-29,Hampton,80+,3,2,1
2020-05-29,Hampton,Missing,7,0,0
2020-05-29,Henrico,0-9,51,0,0
2020-05-29,Henrico,19-Oct,56,1,0
2020-05-29,Henrico,20-29,198,9,0
2020-05-29,Henrico,30-39,227,7,0
2020-05-29,Henrico,40-49,239,16,2
2020-05-29,Henrico,50-59,221,25,7
2020-05-29,Henrico,60-69,210,33,23
2020-05-29,Henrico,70-79,174,43,35
2020-05-29,Henrico,80+,278,59,65
2020-05-29,Henrico,Missing,24,1,1
2020-05-29,Lenowisco,0-9,3,0,0
2020-05-29,Lenowisco,19-Oct,2,0,0
2020-05-29,Lenowisco,20-29,6,0,0
2020-05-29,Lenowisco,30-39,3,1,1
2020-05-29,Lenowisco,40-49,5,2,0
2020-05-29,Lenowisco,50-59,13,5,0
2020-05-29,Lenowisco,60-69,5,4,2
2020-05-29,Lenowisco,70-79,5,4,1
2020-05-29,Lenowisco,80+,0,0,0
2020-05-29,Lenowisco,Missing,0,0,0
2020-05-29,"Lord Fairfax",0-9,32,0,0
2020-05-29,"Lord Fairfax",19-Oct,69,0,0
2020-05-29,"Lord Fairfax",20-29,220,4,0
2020-05-29,"Lord Fairfax",30-39,209,9,1
2020-05-29,"Lord Fairfax",40-49,209,8,1
2020-05-29,"Lord Fairfax",50-59,230,17,2
2020-05-29,"Lord Fairfax",60-69,167,31,8
2020-05-29,"Lord Fairfax",70-79,91,24,11
2020-05-29,"Lord Fairfax",80+,93,26,27
2020-05-29,"Lord Fairfax",Missing,1,0,0
2020-05-29,Loudoun,0-9,83,1,0
2020-05-29,Loudoun,19-Oct,147,0,0
2020-05-29,Loudoun,20-29,374,3,0
2020-05-29,Loudoun,30-39,431,14,0
2020-05-29,Loudoun,40-49,511,22,0
2020-05-29,Loudoun,50-59,401,25,1
2020-05-29,Loudoun,60-69,187,26,3
2020-05-29,Loudoun,70-79,96,30,10
2020-05-29,Loudoun,80+,152,38,48
2020-05-29,Loudoun,Missing,47,0,0
2020-05-29,"Mount Rogers",0-9,18,1,0
2020-05-29,"Mount Rogers",19-Oct,26,0,0
2020-05-29,"Mount Rogers",20-29,50,0,0
2020-05-29,"Mount Rogers",30-39,62,4,0
2020-05-29,"Mount Rogers",40-49,46,0,0
2020-05-29,"Mount Rogers",50-59,45,3,0
2020-05-29,"Mount Rogers",60-69,35,3,0
2020-05-29,"Mount Rogers",70-79,21,8,1
2020-05-29,"Mount Rogers",80+,19,5,5
2020-05-29,"Mount Rogers",Missing,0,0,0
2020-05-29,"New River",0-9,3,0,0
2020-05-29,"New River",19-Oct,5,0,0
2020-05-29,"New River",20-29,27,0,0
2020-05-29,"New River",30-39,11,1,0
2020-05-29,"New River",40-49,13,1,0
2020-05-29,"New River",50-59,17,3,0
2020-05-29,"New River",60-69,17,2,0
2020-05-29,"New River",70-79,10,6,1
2020-05-29,"New River",80+,6,2,0
2020-05-29,"New River",Missing,0,0,0
2020-05-29,Norfolk,0-9,8,0,0
2020-05-29,Norfolk,19-Oct,23,1,0
2020-05-29,Norfolk,20-29,99,1,0
2020-05-29,Norfolk,30-39,104,7,0
2020-05-29,Norfolk,40-49,83,10,0
2020-05-29,Norfolk,50-59,73,12,0
2020-05-29,Norfolk,60-69,46,16,1
2020-05-29,Norfolk,70-79,19,13,2
2020-05-29,Norfolk,80+,9,6,3
2020-05-29,Norfolk,Missing,6,1,0
2020-05-29,Peninsula,0-9,16,0,0
2020-05-29,Peninsula,19-Oct,15,1,0
2020-05-29,Peninsula,20-29,73,1,0
2020-05-29,Peninsula,30-39,71,6,1
2020-05-29,Peninsula,40-49,70,5,1
2020-05-29,Peninsula,50-59,102,16,2
2020-05-29,Peninsula,60-69,100,26,3
2020-05-29,Peninsula,70-79,77,36,10
2020-05-29,Peninsula,80+,46,23,15
2020-05-29,Peninsula,Missing,12,0,0
2020-05-29,Piedmont,0-9,6,0,0
2020-05-29,Piedmont,19-Oct,11,0,0
2020-05-29,Piedmont,20-29,111,0,0
2020-05-29,Piedmont,30-39,132,1,0
2020-05-29,Piedmont,40-49,138,5,0
2020-05-29,Piedmont,50-59,144,12,0
2020-05-29,Piedmont,60-69,105,13,2
2020-05-29,Piedmont,70-79,40,12,2
2020-05-29,Piedmont,80+,15,4,2
2020-05-29,Piedmont,Missing,0,0,0
2020-05-29,Pittsylvania-Danville,0-9,1,0,0
2020-05-29,Pittsylvania-Danville,19-Oct,1,0,0
2020-05-29,Pittsylvania-Danville,20-29,9,0,0
2020-05-29,Pittsylvania-Danville,30-39,10,0,0
2020-05-29,Pittsylvania-Danville,40-49,20,5,0
2020-05-29,Pittsylvania-Danville,50-59,22,6,0
2020-05-29,Pittsylvania-Danville,60-69,12,7,1
2020-05-29,Pittsylvania-Danville,70-79,12,8,0
2020-05-29,Pittsylvania-Danville,80+,3,2,2
2020-05-29,Pittsylvania-Danville,Missing,0,0,0
2020-05-29,Portsmouth,0-9,2,1,0
2020-05-29,Portsmouth,19-Oct,5,0,0
2020-05-29,Portsmouth,20-29,49,2,0
2020-05-29,Portsmouth,30-39,69,3,0
2020-05-29,Portsmouth,40-49,47,4,0
2020-05-29,Portsmouth,50-59,53,12,1
2020-05-29,Portsmouth,60-69,32,9,4
2020-05-29,Portsmouth,70-79,18,6,3
2020-05-29,Portsmouth,80+,17,6,3
2020-05-29,Portsmouth,Missing,2,0,0
2020-05-29,"Prince William",0-9,218,5,0
2020-05-29,"Prince William",19-Oct,424,4,0
2020-05-29,"Prince William",20-29,1155,32,0
2020-05-29,"Prince William",30-39,1227,65,2
2020-05-29,"Prince William",40-49,1439,104,4
2020-05-29,"Prince William",50-59,1066,124,7
2020-05-29,"Prince William",60-69,583,100,24
2020-05-29,"Prince William",70-79,203,55,30
2020-05-29,"Prince William",80+,152,50,50
2020-05-29,"Prince William",Missing,94,0,0
2020-05-29,Rappahannock,0-9,52,1,0
2020-05-29,Rappahannock,19-Oct,110,1,0
2020-05-29,Rappahannock,20-29,249,9,0
2020-05-29,Rappahannock,30-39,303,15,0
2020-05-29,Rappahannock,40-49,279,28,2
2020-05-29,Rappahannock,50-59,235,31,2
2020-05-29,Rappahannock,60-69,138,34,4
2020-05-29,Rappahannock,70-79,42,16,6
2020-05-29,Rappahannock,80+,24,13,3
2020-05-29,Rappahannock,Missing,16,0,0
2020-05-29,"Rappahannock Rapidan",0-9,54,1,0
2020-05-29,"Rappahannock Rapidan",19-Oct,99,1,0
2020-05-29,"Rappahannock Rapidan",20-29,218,2,0
2020-05-29,"Rappahannock Rapidan",30-39,234,11,1
2020-05-29,"Rappahannock Rapidan",40-49,224,13,1
2020-05-29,"Rappahannock Rapidan",50-59,161,19,1
2020-05-29,"Rappahannock Rapidan",60-69,81,10,2
2020-05-29,"Rappahannock Rapidan",70-79,27,9,5
2020-05-29,"Rappahannock Rapidan",80+,19,11,4
2020-05-29,"Rappahannock Rapidan",Missing,6,0,0
2020-05-29,Richmond,0-9,35,2,0
2020-05-29,Richmond,19-Oct,74,2,0
2020-05-29,Richmond,20-29,237,7,0
2020-05-29,Richmond,30-39,249,13,0
2020-05-29,Richmond,40-49,224,16,0
2020-05-29,Richmond,50-59,168,32,1
2020-05-29,Richmond,60-69,125,36,5
2020-05-29,Richmond,70-79,52,23,8
2020-05-29,Richmond,80+,28,15,8
2020-05-29,Richmond,Missing,10,0,0
2020-05-29,Roanoke,0-9,5,0,0
2020-05-29,Roanoke,19-Oct,4,0,0
2020-05-29,Roanoke,20-29,21,0,0
2020-05-29,Roanoke,30-39,28,0,0
2020-05-29,Roanoke,40-49,20,1,0
2020-05-29,Roanoke,50-59,16,1,0
2020-05-29,Roanoke,60-69,10,1,0
2020-05-29,Roanoke,70-79,9,3,0
2020-05-29,Roanoke,80+,36,3,9
2020-05-29,Roanoke,Missing,3,0,0
2020-05-29,Southside,0-9,1,0,0
2020-05-29,Southside,19-Oct,3,0,0
2020-05-29,Southside,20-29,28,2,0
2020-05-29,Southside,30-39,21,0,0
2020-05-29,Southside,40-49,20,5,0
2020-05-29,Southside,50-59,39,5,0
2020-05-29,Southside,60-69,40,10,3
2020-05-29,Southside,70-79,46,9,10
2020-05-29,Southside,80+,71,7,9
2020-05-29,Southside,Missing,0,0,0
2020-05-29,"Thomas Jefferson",0-9,11,1,0
2020-05-29,"Thomas Jefferson",19-Oct,19,0,0
2020-05-29,"Thomas Jefferson",20-29,63,0,0
2020-05-29,"Thomas Jefferson",30-39,90,4,0
2020-05-29,"Thomas Jefferson",40-49,71,5,0
2020-05-29,"Thomas Jefferson",50-59,73,8,1
2020-05-29,"Thomas Jefferson",60-69,55,15,2
2020-05-29,"Thomas Jefferson",70-79,52,15,2
2020-05-29,"Thomas Jefferson",80+,63,21,14
2020-05-29,"Thomas Jefferson",Missing,1,0,0
2020-05-29,"Three Rivers",0-9,7,1,0
2020-05-29,"Three Rivers",19-Oct,16,0,0
2020-05-29,"Three Rivers",20-29,79,2,0
2020-05-29,"Three Rivers",30-39,109,2,0
2020-05-29,"Three Rivers",40-49,107,8,1
2020-05-29,"Three Rivers",50-59,71,3,0
2020-05-29,"Three Rivers",60-69,66,10,0
2020-05-29,"Three Rivers",70-79,24,5,4
2020-05-29,"Three Rivers",80+,25,5,3
2020-05-29,"Three Rivers",Missing,1,0,0
2020-05-29,"Virginia Beach",0-9,5,0,0
2020-05-29,"Virginia Beach",19-Oct,22,0,0
2020-05-29,"Virginia Beach",20-29,93,2,0
2020-05-29,"Virginia Beach",30-39,100,8,0
2020-05-29,"Virginia Beach",40-49,106,14,1
2020-05-29,"Virginia Beach",50-59,109,12,0
2020-05-29,"Virginia Beach",60-69,97,14,1
2020-05-29,"Virginia Beach",70-79,55,23,7
2020-05-29,"Virginia Beach",80+,69,19,14
2020-05-29,"Virginia Beach",Missing,24,0,0
2020-05-29,"West Piedmont",0-9,4,0,0
2020-05-29,"West Piedmont",19-Oct,18,0,0
2020-05-29,"West Piedmont",20-29,19,0,0
2020-05-29,"West Piedmont",30-39,25,1,0
2020-05-29,"West Piedmont",40-49,29,3,1
2020-05-29,"West Piedmont",50-59,41,5,1
2020-05-29,"West Piedmont",60-69,25,1,0
2020-05-29,"West Piedmont",70-79,14,6,3
2020-05-29,"West Piedmont",80+,7,3,0
2020-05-29,"West Piedmont",Missing,1,0,0
2020-05-29,"Western Tidewater",0-9,5,0,0
2020-05-29,"Western Tidewater",19-Oct,11,0,0
2020-05-29,"Western Tidewater",20-29,46,2,0
2020-05-29,"Western Tidewater",30-39,66,4,0
2020-05-29,"Western Tidewater",40-49,81,4,1
2020-05-29,"Western Tidewater",50-59,109,9,1
2020-05-29,"Western Tidewater",60-69,102,12,4
2020-05-29,"Western Tidewater",70-79,77,17,13
2020-05-29,"Western Tidewater",80+,127,22,20
2020-05-29,"Western Tidewater",Missing,2,0,0
2020-05-30,Alexandria,0-9,110,1,0
2020-05-30,Alexandria,19-Oct,132,1,0
2020-05-30,Alexandria,20-29,291,5,1
2020-05-30,Alexandria,30-39,456,23,0
2020-05-30,Alexandria,40-49,371,31,0
2020-05-30,Alexandria,50-59,255,37,9
2020-05-30,Alexandria,60-69,169,32,2
2020-05-30,Alexandria,70-79,91,33,13
2020-05-30,Alexandria,80+,75,24,19
2020-05-30,Alexandria,Missing,10,0,0
2020-05-30,Alleghany,0-9,1,0,0
2020-05-30,Alleghany,19-Oct,4,0,0
2020-05-30,Alleghany,20-29,36,1,0
2020-05-30,Alleghany,30-39,17,2,0
2020-05-30,Alleghany,40-49,23,0,0
2020-05-30,Alleghany,50-59,42,4,1
2020-05-30,Alleghany,60-69,27,6,1
2020-05-30,Alleghany,70-79,24,4,8
2020-05-30,Alleghany,80+,25,7,6
2020-05-30,Alleghany,Missing,0,0,0
2020-05-30,Arlington,0-9,37,2,0
2020-05-30,Arlington,19-Oct,70,5,0
2020-05-30,Arlington,20-29,328,19,0
2020-05-30,Arlington,30-39,376,41,0
2020-05-30,Arlington,40-49,361,45,3
2020-05-30,Arlington,50-59,331,56,6
2020-05-30,Arlington,60-69,255,70,17
2020-05-30,Arlington,70-79,157,63,29
2020-05-30,Arlington,80+,186,70,58
2020-05-30,Arlington,Missing,6,0,0
2020-05-30,"Central Shenandoah",0-9,39,0,0
2020-05-30,"Central Shenandoah",19-Oct,82,1,0
2020-05-30,"Central Shenandoah",20-29,280,5,0
2020-05-30,"Central Shenandoah",30-39,237,5,0
2020-05-30,"Central Shenandoah",40-49,254,7,0
2020-05-30,"Central Shenandoah",50-59,271,22,1
2020-05-30,"Central Shenandoah",60-69,187,34,7
2020-05-30,"Central Shenandoah",70-79,93,30,11
2020-05-30,"Central Shenandoah",80+,73,16,11
2020-05-30,"Central Shenandoah",Missing,1,0,0
2020-05-30,"Central Virginia",0-9,5,0,0
2020-05-30,"Central Virginia",19-Oct,13,1,0
2020-05-30,"Central Virginia",20-29,28,2,0
2020-05-30,"Central Virginia",30-39,37,2,0
2020-05-30,"Central Virginia",40-49,35,0,0
2020-05-30,"Central Virginia",50-59,32,2,1
2020-05-30,"Central Virginia",60-69,35,3,1
2020-05-30,"Central Virginia",70-79,16,4,2
2020-05-30,"Central Virginia",80+,6,2,0
2020-05-30,"Central Virginia",Missing,0,0,0
2020-05-30,Chesapeake,0-9,12,1,0
2020-05-30,Chesapeake,19-Oct,18,0,0
2020-05-30,Chesapeake,20-29,66,3,0
2020-05-30,Chesapeake,30-39,94,4,0
2020-05-30,Chesapeake,40-49,82,12,0
2020-05-30,Chesapeake,50-59,90,16,1
2020-05-30,Chesapeake,60-69,72,19,4
2020-05-30,Chesapeake,70-79,39,19,2
2020-05-30,Chesapeake,80+,36,12,8
2020-05-30,Chesapeake,Missing,11,1,0
2020-05-30,Chesterfield,0-9,33,0,0
2020-05-30,Chesterfield,19-Oct,127,0,0
2020-05-30,Chesterfield,20-29,221,4,0
2020-05-30,Chesterfield,30-39,296,2,0
2020-05-30,Chesterfield,40-49,288,10,2
2020-05-30,Chesterfield,50-59,237,19,1
2020-05-30,Chesterfield,60-69,163,18,8
2020-05-30,Chesterfield,70-79,85,16,12
2020-05-30,Chesterfield,80+,106,19,29
2020-05-30,Chesterfield,Missing,28,0,0
2020-05-30,Chickahominy,0-9,7,0,0
2020-05-30,Chickahominy,19-Oct,18,0,0
2020-05-30,Chickahominy,20-29,56,0,0
2020-05-30,Chickahominy,30-39,61,0,0
2020-05-30,Chickahominy,40-49,67,10,1
2020-05-30,Chickahominy,50-59,86,16,0
2020-05-30,Chickahominy,60-69,60,16,6
2020-05-30,Chickahominy,70-79,45,17,5
2020-05-30,Chickahominy,80+,74,25,20
2020-05-30,Chickahominy,Missing,7,0,0
2020-05-30,Crater,0-9,13,1,0
2020-05-30,Crater,19-Oct,21,0,0
2020-05-30,Crater,20-29,111,6,0
2020-05-30,Crater,30-39,108,2,0
2020-05-30,Crater,40-49,110,11,1
2020-05-30,Crater,50-59,125,17,2
2020-05-30,Crater,60-69,107,27,10
2020-05-30,Crater,70-79,79,18,4
2020-05-30,Crater,80+,52,8,1
2020-05-30,Crater,Missing,6,0,0
2020-05-30,"Cumberland Plateau",0-9,0,0,0
2020-05-30,"Cumberland Plateau",19-Oct,12,0,0
2020-05-30,"Cumberland Plateau",20-29,1,0,0
2020-05-30,"Cumberland Plateau",30-39,5,0,0
2020-05-30,"Cumberland Plateau",40-49,6,0,0
2020-05-30,"Cumberland Plateau",50-59,3,1,0
2020-05-30,"Cumberland Plateau",60-69,4,1,0
2020-05-30,"Cumberland Plateau",70-79,2,0,0
2020-05-30,"Cumberland Plateau",80+,0,0,0
2020-05-30,"Cumberland Plateau",Missing,0,0,0
2020-05-30,"Eastern Shore",0-9,11,1,0
2020-05-30,"Eastern Shore",19-Oct,44,0,0
2020-05-30,"Eastern Shore",20-29,154,4,0
2020-05-30,"Eastern Shore",30-39,195,6,0
2020-05-30,"Eastern Shore",40-49,206,8,2
2020-05-30,"Eastern Shore",50-59,244,12,5
2020-05-30,"Eastern Shore",60-69,153,17,6
2020-05-30,"Eastern Shore",70-79,42,11,6
2020-05-30,"Eastern Shore",80+,44,16,13
2020-05-30,"Eastern Shore",Missing,0,0,0
2020-05-30,Fairfax,0-9,296,11,0
2020-05-30,Fairfax,19-Oct,571,14,0
2020-05-30,Fairfax,20-29,1651,54,2
2020-05-30,Fairfax,30-39,2158,133,3
2020-05-30,Fairfax,40-49,2111,197,6
2020-05-30,Fairfax,50-59,1769,229,24
2020-05-30,Fairfax,60-69,1147,235,41
2020-05-30,Fairfax,70-79,561,194,81
2020-05-30,Fairfax,80+,702,252,240
2020-05-30,Fairfax,Missing,60,0,0
2020-05-30,Hampton,0-9,6,0,0
2020-05-30,Hampton,19-Oct,8,0,0
2020-05-30,Hampton,20-29,33,1,0
2020-05-30,Hampton,30-39,34,2,0
2020-05-30,Hampton,40-49,28,2,0
2020-05-30,Hampton,50-59,37,8,1
2020-05-30,Hampton,60-69,26,9,1
2020-05-30,Hampton,70-79,13,6,0
2020-05-30,Hampton,80+,4,2,1
2020-05-30,Hampton,Missing,8,0,0
2020-05-30,Henrico,0-9,57,1,0
2020-05-30,Henrico,19-Oct,59,2,0
2020-05-30,Henrico,20-29,212,9,0
2020-05-30,Henrico,30-39,247,8,0
2020-05-30,Henrico,40-49,251,17,2
2020-05-30,Henrico,50-59,227,25,7
2020-05-30,Henrico,60-69,218,34,23
2020-05-30,Henrico,70-79,174,44,35
2020-05-30,Henrico,80+,280,60,65
2020-05-30,Henrico,Missing,29,1,1
2020-05-30,Lenowisco,0-9,3,0,0
2020-05-30,Lenowisco,19-Oct,2,0,0
2020-05-30,Lenowisco,20-29,6,0,0
2020-05-30,Lenowisco,30-39,3,1,1
2020-05-30,Lenowisco,40-49,5,2,0
2020-05-30,Lenowisco,50-59,13,5,0
2020-05-30,Lenowisco,60-69,5,4,2
2020-05-30,Lenowisco,70-79,5,4,1
2020-05-30,Lenowisco,80+,0,0,0
2020-05-30,Lenowisco,Missing,0,0,0
2020-05-30,"Lord Fairfax",0-9,33,0,0
2020-05-30,"Lord Fairfax",19-Oct,72,0,0
2020-05-30,"Lord Fairfax",20-29,230,3,0
2020-05-30,"Lord Fairfax",30-39,214,9,1
2020-05-30,"Lord Fairfax",40-49,223,9,1
2020-05-30,"Lord Fairfax",50-59,236,16,2
2020-05-30,"Lord Fairfax",60-69,172,32,8
2020-05-30,"Lord Fairfax",70-79,93,24,11
2020-05-30,"Lord Fairfax",80+,99,26,27
2020-05-30,"Lord Fairfax",Missing,2,0,0
2020-05-30,Loudoun,0-9,87,1,0
2020-05-30,Loudoun,19-Oct,153,0,0
2020-05-30,Loudoun,20-29,391,3,0
2020-05-30,Loudoun,30-39,454,14,0
2020-05-30,Loudoun,40-49,543,22,0
2020-05-30,Loudoun,50-59,412,27,1
2020-05-30,Loudoun,60-69,188,27,3
2020-05-30,Loudoun,70-79,100,30,10
2020-05-30,Loudoun,80+,155,38,48
2020-05-30,Loudoun,Missing,46,0,0
2020-05-30,"Mount Rogers",0-9,18,1,0
2020-05-30,"Mount Rogers",19-Oct,27,0,0
2020-05-30,"Mount Rogers",20-29,51,0,0
2020-05-30,"Mount Rogers",30-39,65,4,0
2020-05-30,"Mount Rogers",40-49,48,0,0
2020-05-30,"Mount Rogers",50-59,45,3,0
2020-05-30,"Mount Rogers",60-69,36,3,0
2020-05-30,"Mount Rogers",70-79,22,9,1
2020-05-30,"Mount Rogers",80+,19,5,5
2020-05-30,"Mount Rogers",Missing,0,0,0
2020-05-30,"New River",0-9,3,0,0
2020-05-30,"New River",19-Oct,5,0,0
2020-05-30,"New River",20-29,27,0,0
2020-05-30,"New River",30-39,11,1,0
2020-05-30,"New River",40-49,13,1,0
2020-05-30,"New River",50-59,17,3,0
2020-05-30,"New River",60-69,17,2,0
2020-05-30,"New River",70-79,10,6,1
2020-05-30,"New River",80+,6,2,0
2020-05-30,"New River",Missing,0,0,0
2020-05-30,Norfolk,0-9,9,0,0
2020-05-30,Norfolk,19-Oct,28,1,0
2020-05-30,Norfolk,20-29,103,1,0
2020-05-30,Norfolk,30-39,108,8,0
2020-05-30,Norfolk,40-49,85,10,0
2020-05-30,Norfolk,50-59,76,13,0
2020-05-30,Norfolk,60-69,46,16,1
2020-05-30,Norfolk,70-79,19,13,2
2020-05-30,Norfolk,80+,9,6,3
2020-05-30,Norfolk,Missing,7,1,0
2020-05-30,Peninsula,0-9,16,0,0
2020-05-30,Peninsula,19-Oct,15,1,0
2020-05-30,Peninsula,20-29,73,1,0
2020-05-30,Peninsula,30-39,72,6,1
2020-05-30,Peninsula,40-49,71,5,1
2020-05-30,Peninsula,50-59,101,16,2
2020-05-30,Peninsula,60-69,101,27,3
2020-05-30,Peninsula,70-79,77,36,10
2020-05-30,Peninsula,80+,46,23,15
2020-05-30,Peninsula,Missing,11,0,0
2020-05-30,Piedmont,0-9,6,0,0
2020-05-30,Piedmont,19-Oct,12,0,0
2020-05-30,Piedmont,20-29,113,0,0
2020-05-30,Piedmont,30-39,133,1,0
2020-05-30,Piedmont,40-49,139,5,0
2020-05-30,Piedmont,50-59,148,12,0
2020-05-30,Piedmont,60-69,107,13,2
2020-05-30,Piedmont,70-79,41,12,2
2020-05-30,Piedmont,80+,17,4,2
2020-05-30,Piedmont,Missing,0,0,0
2020-05-30,Pittsylvania-Danville,0-9,1,0,0
2020-05-30,Pittsylvania-Danville,19-Oct,1,0,0
2020-05-30,Pittsylvania-Danville,20-29,9,0,0
2020-05-30,Pittsylvania-Danville,30-39,10,0,0
2020-05-30,Pittsylvania-Danville,40-49,20,5,0
2020-05-30,Pittsylvania-Danville,50-59,22,6,0
2020-05-30,Pittsylvania-Danville,60-69,12,7,1
2020-05-30,Pittsylvania-Danville,70-79,13,8,0
2020-05-30,Pittsylvania-Danville,80+,3,2,2
2020-05-30,Pittsylvania-Danville,Missing,0,0,0
2020-05-30,Portsmouth,0-9,3,1,0
2020-05-30,Portsmouth,19-Oct,8,0,0
2020-05-30,Portsmouth,20-29,55,2,0
2020-05-30,Portsmouth,30-39,71,3,0
2020-05-30,Portsmouth,40-49,47,4,0
2020-05-30,Portsmouth,50-59,53,12,1
2020-05-30,Portsmouth,60-69,32,10,4
2020-05-30,Portsmouth,70-79,19,6,3
2020-05-30,Portsmouth,80+,17,6,3
2020-05-30,Portsmouth,Missing,2,0,0
2020-05-30,"Prince William",0-9,225,5,0
2020-05-30,"Prince William",19-Oct,441,4,0
2020-05-30,"Prince William",20-29,1199,32,0
2020-05-30,"Prince William",30-39,1258,65,2
2020-05-30,"Prince William",40-49,1471,106,4
2020-05-30,"Prince William",50-59,1090,130,7
2020-05-30,"Prince William",60-69,595,102,24
2020-05-30,"Prince William",70-79,211,57,31
2020-05-30,"Prince William",80+,161,52,52
2020-05-30,"Prince William",Missing,106,0,0
2020-05-30,Rappahannock,0-9,56,1,0
2020-05-30,Rappahannock,19-Oct,114,1,0
2020-05-30,Rappahannock,20-29,259,9,0
2020-05-30,Rappahannock,30-39,321,15,0
2020-05-30,Rappahannock,40-49,289,27,2
2020-05-30,Rappahannock,50-59,245,31,2
2020-05-30,Rappahannock,60-69,145,35,4
2020-05-30,Rappahannock,70-79,43,17,6
2020-05-30,Rappahannock,80+,24,14,3
2020-05-30,Rappahannock,Missing,17,0,0
2020-05-30,"Rappahannock Rapidan",0-9,55,1,0
2020-05-30,"Rappahannock Rapidan",19-Oct,99,1,0
2020-05-30,"Rappahannock Rapidan",20-29,220,2,0
2020-05-30,"Rappahannock Rapidan",30-39,238,11,1
2020-05-30,"Rappahannock Rapidan",40-49,227,13,1
2020-05-30,"Rappahannock Rapidan",50-59,164,19,1
2020-05-30,"Rappahannock Rapidan",60-69,83,11,2
2020-05-30,"Rappahannock Rapidan",70-79,28,9,5
2020-05-30,"Rappahannock Rapidan",80+,19,11,4
2020-05-30,"Rappahannock Rapidan",Missing,7,0,0
2020-05-30,Richmond,0-9,37,2,0
2020-05-30,Richmond,19-Oct,75,2,0
2020-05-30,Richmond,20-29,247,7,0
2020-05-30,Richmond,30-39,260,13,0
2020-05-30,Richmond,40-49,234,18,1
2020-05-30,Richmond,50-59,175,32,1
2020-05-30,Richmond,60-69,130,37,6
2020-05-30,Richmond,70-79,52,23,8
2020-05-30,Richmond,80+,28,15,8
2020-05-30,Richmond,Missing,11,0,0
2020-05-30,Roanoke,0-9,5,0,0
2020-05-30,Roanoke,19-Oct,4,0,0
2020-05-30,Roanoke,20-29,21,0,0
2020-05-30,Roanoke,30-39,29,0,0
2020-05-30,Roanoke,40-49,21,1,0
2020-05-30,Roanoke,50-59,17,1,0
2020-05-30,Roanoke,60-69,10,1,0
2020-05-30,Roanoke,70-79,9,3,0
2020-05-30,Roanoke,80+,36,3,9
2020-05-30,Roanoke,Missing,3,0,0
2020-05-30,Southside,0-9,1,0,0
2020-05-30,Southside,19-Oct,3,0,0
2020-05-30,Southside,20-29,28,2,0
2020-05-30,Southside,30-39,21,0,0
2020-05-30,Southside,40-49,20,5,0
2020-05-30,Southside,50-59,40,5,0
2020-05-30,Southside,60-69,42,10,3
2020-05-30,Southside,70-79,46,9,10
2020-05-30,Southside,80+,71,7,9
2020-05-30,Southside,Missing,0,0,0
2020-05-30,"Thomas Jefferson",0-9,12,1,0
2020-05-30,"Thomas Jefferson",19-Oct,20,0,0
2020-05-30,"Thomas Jefferson",20-29,67,0,0
2020-05-30,"Thomas Jefferson",30-39,96,4,0
2020-05-30,"Thomas Jefferson",40-49,75,5,0
2020-05-30,"Thomas Jefferson",50-59,74,8,1
2020-05-30,"Thomas Jefferson",60-69,55,16,2
2020-05-30,"Thomas Jefferson",70-79,52,15,2
2020-05-30,"Thomas Jefferson",80+,63,21,14
2020-05-30,"Thomas Jefferson",Missing,1,0,0
2020-05-30,"Three Rivers",0-9,8,1,0
2020-05-30,"Three Rivers",19-Oct,17,0,0
2020-05-30,"Three Rivers",20-29,79,2,0
2020-05-30,"Three Rivers",30-39,109,2,0
2020-05-30,"Three Rivers",40-49,107,8,1
2020-05-30,"Three Rivers",50-59,74,5,0
2020-05-30,"Three Rivers",60-69,66,10,0
2020-05-30,"Three Rivers",70-79,24,5,4
2020-05-30,"Three Rivers",80+,25,5,3
2020-05-30,"Three Rivers",Missing,1,0,0
2020-05-30,"Virginia Beach",0-9,5,0,0
2020-05-30,"Virginia Beach",19-Oct,22,0,0
2020-05-30,"Virginia Beach",20-29,103,2,0
2020-05-30,"Virginia Beach",30-39,102,8,0
2020-05-30,"Virginia Beach",40-49,111,14,1
2020-05-30,"Virginia Beach",50-59,109,12,0
2020-05-30,"Virginia Beach",60-69,98,14,1
2020-05-30,"Virginia Beach",70-79,55,23,7
2020-05-30,"Virginia Beach",80+,70,19,14
2020-05-30,"Virginia Beach",Missing,24,0,0
2020-05-30,"West Piedmont",0-9,4,0,0
2020-05-30,"West Piedmont",19-Oct,18,0,0
2020-05-30,"West Piedmont",20-29,20,0,0
2020-05-30,"West Piedmont",30-39,25,1,0
2020-05-30,"West Piedmont",40-49,30,3,1
2020-05-30,"West Piedmont",50-59,45,5,1
2020-05-30,"West Piedmont",60-69,25,1,0
2020-05-30,"West Piedmont",70-79,14,6,3
2020-05-30,"West Piedmont",80+,7,3,0
2020-05-30,"West Piedmont",Missing,1,0,0
2020-05-30,"Western Tidewater",0-9,5,0,0
2020-05-30,"Western Tidewater",19-Oct,11,0,0
2020-05-30,"Western Tidewater",20-29,46,2,0
2020-05-30,"Western Tidewater",30-39,68,4,0
2020-05-30,"Western Tidewater",40-49,82,5,1
2020-05-30,"Western Tidewater",50-59,110,9,1
2020-05-30,"Western Tidewater",60-69,102,12,4
2020-05-30,"Western Tidewater",70-79,77,17,13
2020-05-30,"Western Tidewater",80+,127,22,20
2020-05-30,"Western Tidewater",Missing,2,0,0
2020-05-31,Alexandria,0-9,111,1,0
2020-05-31,Alexandria,19-Oct,133,2,0
2020-05-31,Alexandria,20-29,291,5,1
2020-05-31,Alexandria,30-39,458,23,0
2020-05-31,Alexandria,40-49,377,32,0
2020-05-31,Alexandria,50-59,257,38,9
2020-05-31,Alexandria,60-69,171,32,2
2020-05-31,Alexandria,70-79,90,33,13
2020-05-31,Alexandria,80+,76,24,19
2020-05-31,Alexandria,Missing,10,0,0
2020-05-31,Alleghany,0-9,1,0,0
2020-05-31,Alleghany,19-Oct,4,0,0
2020-05-31,Alleghany,20-29,37,1,0
2020-05-31,Alleghany,30-39,17,2,0
2020-05-31,Alleghany,40-49,23,0,0
2020-05-31,Alleghany,50-59,42,4,1
2020-05-31,Alleghany,60-69,27,6,1
2020-05-31,Alleghany,70-79,24,4,8
2020-05-31,Alleghany,80+,25,7,6
2020-05-31,Alleghany,Missing,0,0,0
2020-05-31,Arlington,0-9,37,2,0
2020-05-31,Arlington,19-Oct,71,5,0
2020-05-31,Arlington,20-29,328,20,0
2020-05-31,Arlington,30-39,378,40,0
2020-05-31,Arlington,40-49,363,43,3
2020-05-31,Arlington,50-59,333,56,6
2020-05-31,Arlington,60-69,256,70,17
2020-05-31,Arlington,70-79,156,64,29
2020-05-31,Arlington,80+,188,72,60
2020-05-31,Arlington,Missing,6,0,0
2020-05-31,"Central Shenandoah",0-9,39,0,0
2020-05-31,"Central Shenandoah",19-Oct,83,1,0
2020-05-31,"Central Shenandoah",20-29,282,5,0
2020-05-31,"Central Shenandoah",30-39,240,5,0
2020-05-31,"Central Shenandoah",40-49,255,7,0
2020-05-31,"Central Shenandoah",50-59,277,22,1
2020-05-31,"Central Shenandoah",60-69,190,34,7
2020-05-31,"Central Shenandoah",70-79,96,30,11
2020-05-31,"Central Shenandoah",80+,75,16,11
2020-05-31,"Central Shenandoah",Missing,1,0,0
2020-05-31,"Central Virginia",0-9,5,0,0
2020-05-31,"Central Virginia",19-Oct,13,1,0
2020-05-31,"Central Virginia",20-29,28,2,0
2020-05-31,"Central Virginia",30-39,37,2,0
2020-05-31,"Central Virginia",40-49,35,0,0
2020-05-31,"Central Virginia",50-59,34,2,1
2020-05-31,"Central Virginia",60-69,35,3,1
2020-05-31,"Central Virginia",70-79,18,4,2
2020-05-31,"Central Virginia",80+,8,2,0
2020-05-31,"Central Virginia",Missing,0,0,0
2020-05-31,Chesapeake,0-9,12,1,0
2020-05-31,Chesapeake,19-Oct,18,0,0
2020-05-31,Chesapeake,20-29,66,3,0
2020-05-31,Chesapeake,30-39,95,4,0
2020-05-31,Chesapeake,40-49,82,12,0
2020-05-31,Chesapeake,50-59,90,16,1
2020-05-31,Chesapeake,60-69,72,19,4
2020-05-31,Chesapeake,70-79,39,19,2
2020-05-31,Chesapeake,80+,36,12,8
2020-05-31,Chesapeake,Missing,11,1,0
2020-05-31,Chesterfield,0-9,39,0,0
2020-05-31,Chesterfield,19-Oct,136,0,0
2020-05-31,Chesterfield,20-29,234,4,0
2020-05-31,Chesterfield,30-39,311,2,0
2020-05-31,Chesterfield,40-49,305,10,2
2020-05-31,Chesterfield,50-59,251,19,1
2020-05-31,Chesterfield,60-69,173,18,8
2020-05-31,Chesterfield,70-79,89,16,12
2020-05-31,Chesterfield,80+,109,19,29
2020-05-31,Chesterfield,Missing,31,0,0
2020-05-31,Chickahominy,0-9,7,0,0
2020-05-31,Chickahominy,19-Oct,18,0,0
2020-05-31,Chickahominy,20-29,57,0,0
2020-05-31,Chickahominy,30-39,62,0,0
2020-05-31,Chickahominy,40-49,68,10,1
2020-05-31,Chickahominy,50-59,88,16,0
2020-05-31,Chickahominy,60-69,60,16,6
2020-05-31,Chickahominy,70-79,45,17,5
2020-05-31,Chickahominy,80+,76,26,20
2020-05-31,Chickahominy,Missing,7,0,0
2020-05-31,Crater,0-9,13,1,0
2020-05-31,Crater,19-Oct,21,0,0
2020-05-31,Crater,20-29,116,6,0
2020-05-31,Crater,30-39,108,2,0
2020-05-31,Crater,40-49,112,11,1
2020-05-31,Crater,50-59,127,17,2
2020-05-31,Crater,60-69,110,27,10
2020-05-31,Crater,70-79,79,18,4
2020-05-31,Crater,80+,53,8,1
2020-05-31,Crater,Missing,7,0,0
2020-05-31,"Cumberland Plateau",0-9,0,0,0
2020-05-31,"Cumberland Plateau",19-Oct,13,0,0
2020-05-31,"Cumberland Plateau",20-29,1,0,0
2020-05-31,"Cumberland Plateau",30-39,5,0,0
2020-05-31,"Cumberland Plateau",40-49,6,0,0
2020-05-31,"Cumberland Plateau",50-59,4,1,0
2020-05-31,"Cumberland Plateau",60-69,4,1,0
2020-05-31,"Cumberland Plateau",70-79,2,0,0
2020-05-31,"Cumberland Plateau",80+,0,0,0
2020-05-31,"Cumberland Plateau",Missing,0,0,0
2020-05-31,"Eastern Shore",0-9,11,1,0
2020-05-31,"Eastern Shore",19-Oct,49,0,0
2020-05-31,"Eastern Shore",20-29,165,4,0
2020-05-31,"Eastern Shore",30-39,203,6,0
2020-05-31,"Eastern Shore",40-49,217,8,2
2020-05-31,"Eastern Shore",50-59,254,12,5
2020-05-31,"Eastern Shore",60-69,161,17,7
2020-05-31,"Eastern Shore",70-79,42,12,7
2020-05-31,"Eastern Shore",80+,44,16,14
2020-05-31,"Eastern Shore",Missing,0,0,0
2020-05-31,Fairfax,0-9,311,12,0
2020-05-31,Fairfax,19-Oct,586,14,0
2020-05-31,Fairfax,20-29,1676,55,2
2020-05-31,Fairfax,30-39,2192,134,3
2020-05-31,Fairfax,40-49,2156,198,6
2020-05-31,Fairfax,50-59,1795,230,24
2020-05-31,Fairfax,60-69,1165,237,41
2020-05-31,Fairfax,70-79,566,196,81
2020-05-31,Fairfax,80+,707,254,240
2020-05-31,Fairfax,Missing,76,0,0
2020-05-31,Hampton,0-9,8,0,0
2020-05-31,Hampton,19-Oct,9,0,0
2020-05-31,Hampton,20-29,36,1,0
2020-05-31,Hampton,30-39,34,2,0
2020-05-31,Hampton,40-49,29,2,0
2020-05-31,Hampton,50-59,39,8,1
2020-05-31,Hampton,60-69,27,9,1
2020-05-31,Hampton,70-79,13,6,0
2020-05-31,Hampton,80+,4,2,1
2020-05-31,Hampton,Missing,8,0,0
2020-05-31,Henrico,0-9,60,1,0
2020-05-31,Henrico,19-Oct,67,2,0
2020-05-31,Henrico,20-29,223,10,0
2020-05-31,Henrico,30-39,257,8,0
2020-05-31,Henrico,40-49,257,17,2
2020-05-31,Henrico,50-59,235,26,7
2020-05-31,Henrico,60-69,226,34,23
2020-05-31,Henrico,70-79,178,44,35
2020-05-31,Henrico,80+,285,60,65
2020-05-31,Henrico,Missing,32,1,1
2020-05-31,Lenowisco,0-9,3,0,0
2020-05-31,Lenowisco,19-Oct,2,0,0
2020-05-31,Lenowisco,20-29,6,0,0
2020-05-31,Lenowisco,30-39,3,1,1
2020-05-31,Lenowisco,40-49,6,2,0
2020-05-31,Lenowisco,50-59,13,5,0
2020-05-31,Lenowisco,60-69,5,4,2
2020-05-31,Lenowisco,70-79,5,4,1
2020-05-31,Lenowisco,80+,0,0,0
2020-05-31,Lenowisco,Missing,0,0,0
2020-05-31,"Lord Fairfax",0-9,35,0,0
2020-05-31,"Lord Fairfax",19-Oct,73,0,0
2020-05-31,"Lord Fairfax",20-29,230,3,0
2020-05-31,"Lord Fairfax",30-39,216,9,1
2020-05-31,"Lord Fairfax",40-49,229,9,1
2020-05-31,"Lord Fairfax",50-59,239,16,2
2020-05-31,"Lord Fairfax",60-69,172,33,8
2020-05-31,"Lord Fairfax",70-79,94,24,11
2020-05-31,"Lord Fairfax",80+,100,26,27
2020-05-31,"Lord Fairfax",Missing,2,0,0
2020-05-31,Loudoun,0-9,88,1,0
2020-05-31,Loudoun,19-Oct,158,0,0
2020-05-31,Loudoun,20-29,400,3,0
2020-05-31,Loudoun,30-39,457,14,0
2020-05-31,Loudoun,40-49,550,23,0
2020-05-31,Loudoun,50-59,423,27,1
2020-05-31,Loudoun,60-69,189,27,3
2020-05-31,Loudoun,70-79,102,30,10
2020-05-31,Loudoun,80+,159,38,48
2020-05-31,Loudoun,Missing,49,0,0
2020-05-31,"Mount Rogers",0-9,18,1,0
2020-05-31,"Mount Rogers",19-Oct,27,0,0
2020-05-31,"Mount Rogers",20-29,54,0,0
2020-05-31,"Mount Rogers",30-39,66,4,0
2020-05-31,"Mount Rogers",40-49,52,0,0
2020-05-31,"Mount Rogers",50-59,47,3,0
2020-05-31,"Mount Rogers",60-69,37,4,0
2020-05-31,"Mount Rogers",70-79,27,14,1
2020-05-31,"Mount Rogers",80+,22,8,5
2020-05-31,"Mount Rogers",Missing,0,0,0
2020-05-31,"New River",0-9,3,0,0
2020-05-31,"New River",19-Oct,5,0,0
2020-05-31,"New River",20-29,27,0,0
2020-05-31,"New River",30-39,12,1,0
2020-05-31,"New River",40-49,15,1,0
2020-05-31,"New River",50-59,17,3,0
2020-05-31,"New River",60-69,17,2,0
2020-05-31,"New River",70-79,11,6,1
2020-05-31,"New River",80+,6,2,0
2020-05-31,"New River",Missing,0,0,0
2020-05-31,Norfolk,0-9,9,0,0
2020-05-31,Norfolk,19-Oct,29,1,0
2020-05-31,Norfolk,20-29,108,1,0
2020-05-31,Norfolk,30-39,112,8,0
2020-05-31,Norfolk,40-49,86,10,0
2020-05-31,Norfolk,50-59,76,13,0
2020-05-31,Norfolk,60-69,46,16,1
2020-05-31,Norfolk,70-79,20,13,2
2020-05-31,Norfolk,80+,9,6,3
2020-05-31,Norfolk,Missing,8,1,0
2020-05-31,Peninsula,0-9,19,0,0
2020-05-31,Peninsula,19-Oct,17,1,0
2020-05-31,Peninsula,20-29,76,1,0
2020-05-31,Peninsula,30-39,80,6,1
2020-05-31,Peninsula,40-49,74,5,1
2020-05-31,Peninsula,50-59,102,16,2
2020-05-31,Peninsula,60-69,101,27,3
2020-05-31,Peninsula,70-79,78,36,10
2020-05-31,Peninsula,80+,46,23,15
2020-05-31,Peninsula,Missing,11,0,0
2020-05-31,Piedmont,0-9,6,0,0
2020-05-31,Piedmont,19-Oct,13,0,0
2020-05-31,Piedmont,20-29,114,0,0
2020-05-31,Piedmont,30-39,133,1,0
2020-05-31,Piedmont,40-49,140,5,0
2020-05-31,Piedmont,50-59,149,12,0
2020-05-31,Piedmont,60-69,107,13,2
2020-05-31,Piedmont,70-79,41,12,2
2020-05-31,Piedmont,80+,17,4,2
2020-05-31,Piedmont,Missing,0,0,0
2020-05-31,Pittsylvania-Danville,0-9,1,0,0
2020-05-31,Pittsylvania-Danville,19-Oct,2,0,0
2020-05-31,Pittsylvania-Danville,20-29,11,0,0
2020-05-31,Pittsylvania-Danville,30-39,11,0,0
2020-05-31,Pittsylvania-Danville,40-49,21,5,0
2020-05-31,Pittsylvania-Danville,50-59,22,6,0
2020-05-31,Pittsylvania-Danville,60-69,15,6,1
2020-05-31,Pittsylvania-Danville,70-79,13,8,0
2020-05-31,Pittsylvania-Danville,80+,3,2,2
2020-05-31,Pittsylvania-Danville,Missing,0,0,0
2020-05-31,Portsmouth,0-9,3,1,0
2020-05-31,Portsmouth,19-Oct,8,0,0
2020-05-31,Portsmouth,20-29,55,2,0
2020-05-31,Portsmouth,30-39,71,3,0
2020-05-31,Portsmouth,40-49,47,4,0
2020-05-31,Portsmouth,50-59,53,12,1
2020-05-31,Portsmouth,60-69,33,10,4
2020-05-31,Portsmouth,70-79,19,6,3
2020-05-31,Portsmouth,80+,17,6,3
2020-05-31,Portsmouth,Missing,2,0,0
2020-05-31,"Prince William",0-9,230,5,0
2020-05-31,"Prince William",19-Oct,463,4,0
2020-05-31,"Prince William",20-29,1232,32,0
2020-05-31,"Prince William",30-39,1285,66,2
2020-05-31,"Prince William",40-49,1510,106,4
2020-05-31,"Prince William",50-59,1113,130,7
2020-05-31,"Prince William",60-69,607,103,24
2020-05-31,"Prince William",70-79,215,58,31
2020-05-31,"Prince William",80+,166,52,52
2020-05-31,"Prince William",Missing,109,0,0
2020-05-31,Rappahannock,0-9,60,1,0
2020-05-31,Rappahannock,19-Oct,121,1,0
2020-05-31,Rappahannock,20-29,267,9,0
2020-05-31,Rappahannock,30-39,331,17,0
2020-05-31,Rappahannock,40-49,302,28,2
2020-05-31,Rappahannock,50-59,250,32,2
2020-05-31,Rappahannock,60-69,149,35,4
2020-05-31,Rappahannock,70-79,45,17,6
2020-05-31,Rappahannock,80+,24,14,3
2020-05-31,Rappahannock,Missing,19,0,0
2020-05-31,"Rappahannock Rapidan",0-9,55,1,0
2020-05-31,"Rappahannock Rapidan",19-Oct,101,1,0
2020-05-31,"Rappahannock Rapidan",20-29,224,2,0
2020-05-31,"Rappahannock Rapidan",30-39,246,11,1
2020-05-31,"Rappahannock Rapidan",40-49,234,14,1
2020-05-31,"Rappahannock Rapidan",50-59,166,20,1
2020-05-31,"Rappahannock Rapidan",60-69,83,11,2
2020-05-31,"Rappahannock Rapidan",70-79,28,9,5
2020-05-31,"Rappahannock Rapidan",80+,19,11,4
2020-05-31,"Rappahannock Rapidan",Missing,6,0,0
2020-05-31,Richmond,0-9,39,2,0
2020-05-31,Richmond,19-Oct,82,2,0
2020-05-31,Richmond,20-29,256,7,0
2020-05-31,Richmond,30-39,268,13,0
2020-05-31,Richmond,40-49,255,19,1
2020-05-31,Richmond,50-59,182,33,1
2020-05-31,Richmond,60-69,137,37,6
2020-05-31,Richmond,70-79,55,23,8
2020-05-31,Richmond,80+,29,15,8
2020-05-31,Richmond,Missing,13,0,0
2020-05-31,Roanoke,0-9,5,0,0
2020-05-31,Roanoke,19-Oct,4,0,0
2020-05-31,Roanoke,20-29,22,0,0
2020-05-31,Roanoke,30-39,30,0,0
2020-05-31,Roanoke,40-49,21,1,0
2020-05-31,Roanoke,50-59,20,1,0
2020-05-31,Roanoke,60-69,10,1,0
2020-05-31,Roanoke,70-79,9,3,0
2020-05-31,Roanoke,80+,36,3,9
2020-05-31,Roanoke,Missing,3,0,0
2020-05-31,Southside,0-9,1,0,0
2020-05-31,Southside,19-Oct,3,0,0
2020-05-31,Southside,20-29,28,2,0
2020-05-31,Southside,30-39,21,0,0
2020-05-31,Southside,40-49,20,5,0
2020-05-31,Southside,50-59,40,5,0
2020-05-31,Southside,60-69,42,10,3
2020-05-31,Southside,70-79,46,9,10
2020-05-31,Southside,80+,71,7,9
2020-05-31,Southside,Missing,0,0,0
2020-05-31,"Thomas Jefferson",0-9,14,1,0
2020-05-31,"Thomas Jefferson",19-Oct,22,0,0
2020-05-31,"Thomas Jefferson",20-29,67,0,0
2020-05-31,"Thomas Jefferson",30-39,99,4,0
2020-05-31,"Thomas Jefferson",40-49,77,5,0
2020-05-31,"Thomas Jefferson",50-59,75,8,1
2020-05-31,"Thomas Jefferson",60-69,55,16,2
2020-05-31,"Thomas Jefferson",70-79,52,15,2
2020-05-31,"Thomas Jefferson",80+,63,21,14
2020-05-31,"Thomas Jefferson",Missing,1,0,0
2020-05-31,"Three Rivers",0-9,9,1,0
2020-05-31,"Three Rivers",19-Oct,17,0,0
2020-05-31,"Three Rivers",20-29,80,2,0
2020-05-31,"Three Rivers",30-39,113,2,0
2020-05-31,"Three Rivers",40-49,108,8,1
2020-05-31,"Three Rivers",50-59,74,5,0
2020-05-31,"Three Rivers",60-69,67,10,0
2020-05-31,"Three Rivers",70-79,24,5,4
2020-05-31,"Three Rivers",80+,25,5,3
2020-05-31,"Three Rivers",Missing,1,0,0
2020-05-31,"Virginia Beach",0-9,5,0,0
2020-05-31,"Virginia Beach",19-Oct,23,0,0
2020-05-31,"Virginia Beach",20-29,104,2,0
2020-05-31,"Virginia Beach",30-39,105,9,0
2020-05-31,"Virginia Beach",40-49,114,15,1
2020-05-31,"Virginia Beach",50-59,109,12,0
2020-05-31,"Virginia Beach",60-69,98,14,1
2020-05-31,"Virginia Beach",70-79,56,23,7
2020-05-31,"Virginia Beach",80+,70,19,14
2020-05-31,"Virginia Beach",Missing,24,0,0
2020-05-31,"West Piedmont",0-9,4,0,0
2020-05-31,"West Piedmont",19-Oct,18,0,0
2020-05-31,"West Piedmont",20-29,26,0,0
2020-05-31,"West Piedmont",30-39,27,1,0
2020-05-31,"West Piedmont",40-49,30,3,1
2020-05-31,"West Piedmont",50-59,45,5,1
2020-05-31,"West Piedmont",60-69,26,1,0
2020-05-31,"West Piedmont",70-79,14,6,3
2020-05-31,"West Piedmont",80+,8,3,0
2020-05-31,"West Piedmont",Missing,1,0,0
2020-05-31,"Western Tidewater",0-9,5,0,0
2020-05-31,"Western Tidewater",19-Oct,11,0,0
2020-05-31,"Western Tidewater",20-29,46,2,0
2020-05-31,"Western Tidewater",30-39,69,4,0
2020-05-31,"Western Tidewater",40-49,82,5,1
2020-05-31,"Western Tidewater",50-59,111,9,1
2020-05-31,"Western Tidewater",60-69,102,12,4
2020-05-31,"Western Tidewater",70-79,77,17,13
2020-05-31,"Western Tidewater",80+,127,22,20
2020-05-31,"Western Tidewater",Missing,2,0,0
2020-06-01,Alexandria,0-9,111,1,0
2020-06-01,Alexandria,19-Oct,133,2,0
2020-06-01,Alexandria,20-29,294,5,1
2020-06-01,Alexandria,30-39,458,24,0
2020-06-01,Alexandria,40-49,378,32,0
2020-06-01,Alexandria,50-59,258,38,9
2020-06-01,Alexandria,60-69,172,32,2
2020-06-01,Alexandria,70-79,90,33,13
2020-06-01,Alexandria,80+,77,25,20
2020-06-01,Alexandria,Missing,10,0,0
2020-06-01,Alleghany,0-9,1,0,0
2020-06-01,Alleghany,19-Oct,4,0,0
2020-06-01,Alleghany,20-29,40,1,0
2020-06-01,Alleghany,30-39,17,2,0
2020-06-01,Alleghany,40-49,24,0,0
2020-06-01,Alleghany,50-59,42,4,1
2020-06-01,Alleghany,60-69,27,6,1
2020-06-01,Alleghany,70-79,24,4,8
2020-06-01,Alleghany,80+,25,7,6
2020-06-01,Alleghany,Missing,0,0,0
2020-06-01,Arlington,0-9,37,2,0
2020-06-01,Arlington,19-Oct,71,5,0
2020-06-01,Arlington,20-29,329,20,0
2020-06-01,Arlington,30-39,378,40,0
2020-06-01,Arlington,40-49,364,43,3
2020-06-01,Arlington,50-59,335,57,6
2020-06-01,Arlington,60-69,257,71,17
2020-06-01,Arlington,70-79,156,64,29
2020-06-01,Arlington,80+,190,74,61
2020-06-01,Arlington,Missing,6,0,0
2020-06-01,"Central Shenandoah",0-9,39,0,0
2020-06-01,"Central Shenandoah",19-Oct,88,1,0
2020-06-01,"Central Shenandoah",20-29,294,6,0
2020-06-01,"Central Shenandoah",30-39,249,5,0
2020-06-01,"Central Shenandoah",40-49,262,7,0
2020-06-01,"Central Shenandoah",50-59,281,22,1
2020-06-01,"Central Shenandoah",60-69,196,34,7
2020-06-01,"Central Shenandoah",70-79,99,30,11
2020-06-01,"Central Shenandoah",80+,76,17,11
2020-06-01,"Central Shenandoah",Missing,1,0,0
2020-06-01,"Central Virginia",0-9,5,0,0
2020-06-01,"Central Virginia",19-Oct,13,1,0
2020-06-01,"Central Virginia",20-29,29,2,0
2020-06-01,"Central Virginia",30-39,37,2,0
2020-06-01,"Central Virginia",40-49,37,0,0
2020-06-01,"Central Virginia",50-59,34,2,1
2020-06-01,"Central Virginia",60-69,35,3,1
2020-06-01,"Central Virginia",70-79,18,4,2
2020-06-01,"Central Virginia",80+,8,2,0
2020-06-01,"Central Virginia",Missing,0,0,0
2020-06-01,Chesapeake,0-9,13,1,0
2020-06-01,Chesapeake,19-Oct,19,0,0
2020-06-01,Chesapeake,20-29,67,3,0
2020-06-01,Chesapeake,30-39,96,4,0
2020-06-01,Chesapeake,40-49,87,12,0
2020-06-01,Chesapeake,50-59,94,17,1
2020-06-01,Chesapeake,60-69,73,19,4
2020-06-01,Chesapeake,70-79,39,19,2
2020-06-01,Chesapeake,80+,36,12,8
2020-06-01,Chesapeake,Missing,11,1,0
2020-06-01,Chesterfield,0-9,39,0,0
2020-06-01,Chesterfield,19-Oct,140,0,0
2020-06-01,Chesterfield,20-29,235,4,0
2020-06-01,Chesterfield,30-39,317,2,0
2020-06-01,Chesterfield,40-49,307,10,2
2020-06-01,Chesterfield,50-59,251,19,1
2020-06-01,Chesterfield,60-69,175,18,8
2020-06-01,Chesterfield,70-79,90,16,12
2020-06-01,Chesterfield,80+,109,19,29
2020-06-01,Chesterfield,Missing,36,0,0
2020-06-01,Chickahominy,0-9,7,0,0
2020-06-01,Chickahominy,19-Oct,18,0,0
2020-06-01,Chickahominy,20-29,57,0,0
2020-06-01,Chickahominy,30-39,62,0,0
2020-06-01,Chickahominy,40-49,68,10,1
2020-06-01,Chickahominy,50-59,88,16,0
2020-06-01,Chickahominy,60-69,61,16,6
2020-06-01,Chickahominy,70-79,45,17,5
2020-06-01,Chickahominy,80+,76,26,20
2020-06-01,Chickahominy,Missing,7,0,0
2020-06-01,Crater,0-9,13,1,0
2020-06-01,Crater,19-Oct,23,0,0
2020-06-01,Crater,20-29,117,6,0
2020-06-01,Crater,30-39,111,2,0
2020-06-01,Crater,40-49,114,11,1
2020-06-01,Crater,50-59,129,19,2
2020-06-01,Crater,60-69,113,27,10
2020-06-01,Crater,70-79,83,18,5
2020-06-01,Crater,80+,59,8,2
2020-06-01,Crater,Missing,7,0,0
2020-06-01,"Cumberland Plateau",0-9,0,0,0
2020-06-01,"Cumberland Plateau",19-Oct,13,0,0
2020-06-01,"Cumberland Plateau",20-29,1,0,0
2020-06-01,"Cumberland Plateau",30-39,5,0,0
2020-06-01,"Cumberland Plateau",40-49,6,0,0
2020-06-01,"Cumberland Plateau",50-59,4,1,0
2020-06-01,"Cumberland Plateau",60-69,4,1,0
2020-06-01,"Cumberland Plateau",70-79,2,0,0
2020-06-01,"Cumberland Plateau",80+,0,0,0
2020-06-01,"Cumberland Plateau",Missing,0,0,0
2020-06-01,"Eastern Shore",0-9,11,1,0
2020-06-01,"Eastern Shore",19-Oct,51,0,0
2020-06-01,"Eastern Shore",20-29,166,4,0
2020-06-01,"Eastern Shore",30-39,205,6,0
2020-06-01,"Eastern Shore",40-49,218,8,2
2020-06-01,"Eastern Shore",50-59,256,12,5
2020-06-01,"Eastern Shore",60-69,163,17,7
2020-06-01,"Eastern Shore",70-79,43,12,7
2020-06-01,"Eastern Shore",80+,45,17,14
2020-06-01,"Eastern Shore",Missing,0,0,0
2020-06-01,Fairfax,0-9,318,12,0
2020-06-01,Fairfax,19-Oct,596,14,0
2020-06-01,Fairfax,20-29,1691,55,2
2020-06-01,Fairfax,30-39,2211,136,3
2020-06-01,Fairfax,40-49,2180,201,6
2020-06-01,Fairfax,50-59,1813,235,26
2020-06-01,Fairfax,60-69,1175,242,41
2020-06-01,Fairfax,70-79,569,196,81
2020-06-01,Fairfax,80+,708,256,242
2020-06-01,Fairfax,Missing,80,1,0
2020-06-01,Hampton,0-9,8,0,0
2020-06-01,Hampton,19-Oct,10,0,0
2020-06-01,Hampton,20-29,36,1,0
2020-06-01,Hampton,30-39,34,2,0
2020-06-01,Hampton,40-49,31,2,0
2020-06-01,Hampton,50-59,39,8,1
2020-06-01,Hampton,60-69,27,9,1
2020-06-01,Hampton,70-79,13,6,0
2020-06-01,Hampton,80+,4,2,1
2020-06-01,Hampton,Missing,8,0,0
2020-06-01,Henrico,0-9,63,1,0
2020-06-01,Henrico,19-Oct,71,2,0
2020-06-01,Henrico,20-29,227,10,0
2020-06-01,Henrico,30-39,264,8,0
2020-06-01,Henrico,40-49,258,17,2
2020-06-01,Henrico,50-59,237,26,7
2020-06-01,Henrico,60-69,229,34,23
2020-06-01,Henrico,70-79,183,44,35
2020-06-01,Henrico,80+,294,60,66
2020-06-01,Henrico,Missing,32,1,1
2020-06-01,Lenowisco,0-9,3,0,0
2020-06-01,Lenowisco,19-Oct,2,0,0
2020-06-01,Lenowisco,20-29,6,0,0
2020-06-01,Lenowisco,30-39,3,1,1
2020-06-01,Lenowisco,40-49,6,2,0
2020-06-01,Lenowisco,50-59,13,5,0
2020-06-01,Lenowisco,60-69,5,4,2
2020-06-01,Lenowisco,70-79,5,4,1
2020-06-01,Lenowisco,80+,0,0,0
2020-06-01,Lenowisco,Missing,0,0,0
2020-06-01,"Lord Fairfax",0-9,36,0,0
2020-06-01,"Lord Fairfax",19-Oct,74,0,0
2020-06-01,"Lord Fairfax",20-29,235,3,0
2020-06-01,"Lord Fairfax",30-39,222,9,1
2020-06-01,"Lord Fairfax",40-49,229,9,1
2020-06-01,"Lord Fairfax",50-59,241,17,2
2020-06-01,"Lord Fairfax",60-69,176,33,8
2020-06-01,"Lord Fairfax",70-79,95,24,11
2020-06-01,"Lord Fairfax",80+,108,26,27
2020-06-01,"Lord Fairfax",Missing,2,0,0
2020-06-01,Loudoun,0-9,89,1,0
2020-06-01,Loudoun,19-Oct,160,0,0
2020-06-01,Loudoun,20-29,402,3,0
2020-06-01,Loudoun,30-39,469,14,0
2020-06-01,Loudoun,40-49,560,23,0
2020-06-01,Loudoun,50-59,424,27,1
2020-06-01,Loudoun,60-69,191,27,3
2020-06-01,Loudoun,70-79,103,30,10
2020-06-01,Loudoun,80+,164,38,52
2020-06-01,Loudoun,Missing,49,0,0
2020-06-01,"Mount Rogers",0-9,18,1,0
2020-06-01,"Mount Rogers",19-Oct,27,0,0
2020-06-01,"Mount Rogers",20-29,54,0,0
2020-06-01,"Mount Rogers",30-39,67,4,0
2020-06-01,"Mount Rogers",40-49,52,0,0
2020-06-01,"Mount Rogers",50-59,48,3,0
2020-06-01,"Mount Rogers",60-69,37,4,0
2020-06-01,"Mount Rogers",70-79,27,14,1
2020-06-01,"Mount Rogers",80+,22,8,5
2020-06-01,"Mount Rogers",Missing,0,0,0
2020-06-01,"New River",0-9,3,0,0
2020-06-01,"New River",19-Oct,5,0,0
2020-06-01,"New River",20-29,28,0,0
2020-06-01,"New River",30-39,12,1,0
2020-06-01,"New River",40-49,15,1,0
2020-06-01,"New River",50-59,17,3,0
2020-06-01,"New River",60-69,17,2,0
2020-06-01,"New River",70-79,11,6,1
2020-06-01,"New River",80+,6,2,0
2020-06-01,"New River",Missing,0,0,0
2020-06-01,Norfolk,0-9,9,0,0
2020-06-01,Norfolk,19-Oct,31,1,0
2020-06-01,Norfolk,20-29,111,1,0
2020-06-01,Norfolk,30-39,115,8,0
2020-06-01,Norfolk,40-49,88,10,0
2020-06-01,Norfolk,50-59,83,13,0
2020-06-01,Norfolk,60-69,47,16,1
2020-06-01,Norfolk,70-79,20,13,2
2020-06-01,Norfolk,80+,9,6,3
2020-06-01,Norfolk,Missing,8,1,0
2020-06-01,Peninsula,0-9,19,0,0
2020-06-01,Peninsula,19-Oct,20,1,0
2020-06-01,Peninsula,20-29,79,1,0
2020-06-01,Peninsula,30-39,84,6,1
2020-06-01,Peninsula,40-49,76,5,1
2020-06-01,Peninsula,50-59,103,16,2
2020-06-01,Peninsula,60-69,101,27,3
2020-06-01,Peninsula,70-79,78,36,10
2020-06-01,Peninsula,80+,46,23,15
2020-06-01,Peninsula,Missing,11,0,0
2020-06-01,Piedmont,0-9,6,0,0
2020-06-01,Piedmont,19-Oct,13,0,0
2020-06-01,Piedmont,20-29,114,0,0
2020-06-01,Piedmont,30-39,135,1,0
2020-06-01,Piedmont,40-49,143,5,0
2020-06-01,Piedmont,50-59,151,13,0
2020-06-01,Piedmont,60-69,107,13,2
2020-06-01,Piedmont,70-79,42,12,2
2020-06-01,Piedmont,80+,20,4,2
2020-06-01,Piedmont,Missing,0,0,0
2020-06-01,Pittsylvania-Danville,0-9,1,0,0
2020-06-01,Pittsylvania-Danville,19-Oct,2,0,0
2020-06-01,Pittsylvania-Danville,20-29,11,0,0
2020-06-01,Pittsylvania-Danville,30-39,11,0,0
2020-06-01,Pittsylvania-Danville,40-49,21,5,0
2020-06-01,Pittsylvania-Danville,50-59,22,6,0
2020-06-01,Pittsylvania-Danville,60-69,16,7,1
2020-06-01,Pittsylvania-Danville,70-79,13,8,0
2020-06-01,Pittsylvania-Danville,80+,3,2,2
2020-06-01,Pittsylvania-Danville,Missing,0,0,0
2020-06-01,Portsmouth,0-9,4,1,0
2020-06-01,Portsmouth,19-Oct,8,0,0
2020-06-01,Portsmouth,20-29,55,2,0
2020-06-01,Portsmouth,30-39,71,3,0
2020-06-01,Portsmouth,40-49,49,4,0
2020-06-01,Portsmouth,50-59,54,12,1
2020-06-01,Portsmouth,60-69,34,10,4
2020-06-01,Portsmouth,70-79,19,6,3
2020-06-01,Portsmouth,80+,17,6,3
2020-06-01,Portsmouth,Missing,2,0,0
2020-06-01,"Prince William",0-9,235,5,0
2020-06-01,"Prince William",19-Oct,474,4,0
2020-06-01,"Prince William",20-29,1255,33,0
2020-06-01,"Prince William",30-39,1311,69,2
2020-06-01,"Prince William",40-49,1548,108,4
2020-06-01,"Prince William",50-59,1132,133,7
2020-06-01,"Prince William",60-69,617,106,24
2020-06-01,"Prince William",70-79,222,59,31
2020-06-01,"Prince William",80+,179,52,53
2020-06-01,"Prince William",Missing,112,0,0
2020-06-01,Rappahannock,0-9,60,1,0
2020-06-01,Rappahannock,19-Oct,123,1,0
2020-06-01,Rappahannock,20-29,270,9,0
2020-06-01,Rappahannock,30-39,339,17,0
2020-06-01,Rappahannock,40-49,307,28,2
2020-06-01,Rappahannock,50-59,256,33,2
2020-06-01,Rappahannock,60-69,151,36,4
2020-06-01,Rappahannock,70-79,47,18,6
2020-06-01,Rappahannock,80+,25,15,4
2020-06-01,Rappahannock,Missing,19,0,0
2020-06-01,"Rappahannock Rapidan",0-9,56,1,0
2020-06-01,"Rappahannock Rapidan",19-Oct,104,1,0
2020-06-01,"Rappahannock Rapidan",20-29,237,2,0
2020-06-01,"Rappahannock Rapidan",30-39,255,11,1
2020-06-01,"Rappahannock Rapidan",40-49,239,14,1
2020-06-01,"Rappahannock Rapidan",50-59,169,20,1
2020-06-01,"Rappahannock Rapidan",60-69,83,11,2
2020-06-01,"Rappahannock Rapidan",70-79,28,9,5
2020-06-01,"Rappahannock Rapidan",80+,19,11,4
2020-06-01,"Rappahannock Rapidan",Missing,6,0,0
2020-06-01,Richmond,0-9,40,2,0
2020-06-01,Richmond,19-Oct,88,2,0
2020-06-01,Richmond,20-29,271,7,0
2020-06-01,Richmond,30-39,291,13,0
2020-06-01,Richmond,40-49,266,19,1
2020-06-01,Richmond,50-59,192,33,1
2020-06-01,Richmond,60-69,148,37,6
2020-06-01,Richmond,70-79,58,23,9
2020-06-01,Richmond,80+,30,15,8
2020-06-01,Richmond,Missing,13,0,0
2020-06-01,Roanoke,0-9,5,0,0
2020-06-01,Roanoke,19-Oct,6,0,0
2020-06-01,Roanoke,20-29,24,0,0
2020-06-01,Roanoke,30-39,30,0,0
2020-06-01,Roanoke,40-49,23,1,0
2020-06-01,Roanoke,50-59,20,1,0
2020-06-01,Roanoke,60-69,11,1,0
2020-06-01,Roanoke,70-79,9,3,0
2020-06-01,Roanoke,80+,36,3,9
2020-06-01,Roanoke,Missing,3,0,0
2020-06-01,Southside,0-9,1,0,0
2020-06-01,Southside,19-Oct,3,0,0
2020-06-01,Southside,20-29,28,2,0
2020-06-01,Southside,30-39,22,0,0
2020-06-01,Southside,40-49,21,5,0
2020-06-01,Southside,50-59,40,5,0
2020-06-01,Southside,60-69,42,10,3
2020-06-01,Southside,70-79,46,9,10
2020-06-01,Southside,80+,72,7,9
2020-06-01,Southside,Missing,0,0,0
2020-06-01,"Thomas Jefferson",0-9,14,1,0
2020-06-01,"Thomas Jefferson",19-Oct,24,0,0
2020-06-01,"Thomas Jefferson",20-29,74,0,0
2020-06-01,"Thomas Jefferson",30-39,105,4,0
2020-06-01,"Thomas Jefferson",40-49,80,5,0
2020-06-01,"Thomas Jefferson",50-59,76,8,1
2020-06-01,"Thomas Jefferson",60-69,57,16,2
2020-06-01,"Thomas Jefferson",70-79,52,15,2
2020-06-01,"Thomas Jefferson",80+,63,21,14
2020-06-01,"Thomas Jefferson",Missing,1,0,0
2020-06-01,"Three Rivers",0-9,9,1,0
2020-06-01,"Three Rivers",19-Oct,18,0,0
2020-06-01,"Three Rivers",20-29,80,2,0
2020-06-01,"Three Rivers",30-39,118,2,0
2020-06-01,"Three Rivers",40-49,114,8,1
2020-06-01,"Three Rivers",50-59,77,5,0
2020-06-01,"Three Rivers",60-69,67,10,0
2020-06-01,"Three Rivers",70-79,24,5,4
2020-06-01,"Three Rivers",80+,25,5,3
2020-06-01,"Three Rivers",Missing,1,0,0
2020-06-01,"Virginia Beach",0-9,5,0,0
2020-06-01,"Virginia Beach",19-Oct,25,0,0
2020-06-01,"Virginia Beach",20-29,125,2,0
2020-06-01,"Virginia Beach",30-39,106,9,0
2020-06-01,"Virginia Beach",40-49,116,15,1
2020-06-01,"Virginia Beach",50-59,112,12,0
2020-06-01,"Virginia Beach",60-69,105,14,1
2020-06-01,"Virginia Beach",70-79,56,23,7
2020-06-01,"Virginia Beach",80+,71,19,14
2020-06-01,"Virginia Beach",Missing,24,0,0
2020-06-01,"West Piedmont",0-9,4,0,0
2020-06-01,"West Piedmont",19-Oct,18,0,0
2020-06-01,"West Piedmont",20-29,26,0,0
2020-06-01,"West Piedmont",30-39,27,1,0
2020-06-01,"West Piedmont",40-49,30,3,1
2020-06-01,"West Piedmont",50-59,45,5,1
2020-06-01,"West Piedmont",60-69,28,1,0
2020-06-01,"West Piedmont",70-79,14,6,3
2020-06-01,"West Piedmont",80+,8,3,0
2020-06-01,"West Piedmont",Missing,1,0,0
2020-06-01,"Western Tidewater",0-9,5,0,0
2020-06-01,"Western Tidewater",19-Oct,11,0,0
2020-06-01,"Western Tidewater",20-29,46,2,0
2020-06-01,"Western Tidewater",30-39,69,4,0
2020-06-01,"Western Tidewater",40-49,82,5,1
2020-06-01,"Western Tidewater",50-59,112,10,2
2020-06-01,"Western Tidewater",60-69,102,12,4
2020-06-01,"Western Tidewater",70-79,77,17,13
2020-06-01,"Western Tidewater",80+,127,22,20
2020-06-01,"Western Tidewater",Missing,2,0,0
2020-06-02,Alexandria,0-9,113,1,0
2020-06-02,Alexandria,19-Oct,132,2,0
2020-06-02,Alexandria,20-29,301,5,1
2020-06-02,Alexandria,30-39,463,24,0
2020-06-02,Alexandria,40-49,382,32,0
2020-06-02,Alexandria,50-59,259,39,9
2020-06-02,Alexandria,60-69,172,32,2
2020-06-02,Alexandria,70-79,90,33,13
2020-06-02,Alexandria,80+,78,25,19
2020-06-02,Alexandria,Missing,10,0,0
2020-06-02,Alleghany,0-9,2,0,0
2020-06-02,Alleghany,19-Oct,5,0,0
2020-06-02,Alleghany,20-29,42,1,0
2020-06-02,Alleghany,30-39,18,2,0
2020-06-02,Alleghany,40-49,25,0,0
2020-06-02,Alleghany,50-59,43,4,1
2020-06-02,Alleghany,60-69,27,6,1
2020-06-02,Alleghany,70-79,24,4,8
2020-06-02,Alleghany,80+,25,7,6
2020-06-02,Alleghany,Missing,0,0,0
2020-06-02,Arlington,0-9,37,2,0
2020-06-02,Arlington,19-Oct,73,5,0
2020-06-02,Arlington,20-29,332,20,0
2020-06-02,Arlington,30-39,382,40,0
2020-06-02,Arlington,40-49,364,43,3
2020-06-02,Arlington,50-59,333,57,6
2020-06-02,Arlington,60-69,258,71,17
2020-06-02,Arlington,70-79,157,64,29
2020-06-02,Arlington,80+,191,75,62
2020-06-02,Arlington,Missing,6,0,0
2020-06-02,"Central Shenandoah",0-9,38,0,0
2020-06-02,"Central Shenandoah",19-Oct,87,1,0
2020-06-02,"Central Shenandoah",20-29,297,5,0
2020-06-02,"Central Shenandoah",30-39,251,5,0
2020-06-02,"Central Shenandoah",40-49,264,7,0
2020-06-02,"Central Shenandoah",50-59,286,23,1
2020-06-02,"Central Shenandoah",60-69,195,34,8
2020-06-02,"Central Shenandoah",70-79,102,30,11
2020-06-02,"Central Shenandoah",80+,76,18,11
2020-06-02,"Central Shenandoah",Missing,1,0,0
2020-06-02,"Central Virginia",0-9,5,0,0
2020-06-02,"Central Virginia",19-Oct,14,1,0
2020-06-02,"Central Virginia",20-29,29,2,0
2020-06-02,"Central Virginia",30-39,37,2,0
2020-06-02,"Central Virginia",40-49,37,0,0
2020-06-02,"Central Virginia",50-59,35,2,1
2020-06-02,"Central Virginia",60-69,35,3,1
2020-06-02,"Central Virginia",70-79,18,4,2
2020-06-02,"Central Virginia",80+,8,2,0
2020-06-02,"Central Virginia",Missing,0,0,0
2020-06-02,Chesapeake,0-9,13,1,0
2020-06-02,Chesapeake,19-Oct,19,0,0
2020-06-02,Chesapeake,20-29,68,3,0
2020-06-02,Chesapeake,30-39,99,4,0
2020-06-02,Chesapeake,40-49,89,12,0
2020-06-02,Chesapeake,50-59,95,17,1
2020-06-02,Chesapeake,60-69,74,19,4
2020-06-02,Chesapeake,70-79,39,19,2
2020-06-02,Chesapeake,80+,36,13,8
2020-06-02,Chesapeake,Missing,9,1,0
2020-06-02,Chesterfield,0-9,44,0,0
2020-06-02,Chesterfield,19-Oct,143,0,0
2020-06-02,Chesterfield,20-29,247,4,0
2020-06-02,Chesterfield,30-39,334,2,0
2020-06-02,Chesterfield,40-49,316,10,2
2020-06-02,Chesterfield,50-59,254,19,1
2020-06-02,Chesterfield,60-69,179,18,8
2020-06-02,Chesterfield,70-79,91,16,13
2020-06-02,Chesterfield,80+,109,19,30
2020-06-02,Chesterfield,Missing,42,0,0
2020-06-02,Chickahominy,0-9,7,0,0
2020-06-02,Chickahominy,19-Oct,21,0,0
2020-06-02,Chickahominy,20-29,58,0,0
2020-06-02,Chickahominy,30-39,63,0,0
2020-06-02,Chickahominy,40-49,70,10,1
2020-06-02,Chickahominy,50-59,89,16,0
2020-06-02,Chickahominy,60-69,63,16,6
2020-06-02,Chickahominy,70-79,46,17,5
2020-06-02,Chickahominy,80+,76,26,20
2020-06-02,Chickahominy,Missing,8,0,0
2020-06-02,Crater,0-9,13,1,0
2020-06-02,Crater,19-Oct,25,0,0
2020-06-02,Crater,20-29,126,6,0
2020-06-02,Crater,30-39,117,2,0
2020-06-02,Crater,40-49,119,11,1
2020-06-02,Crater,50-59,137,19,2
2020-06-02,Crater,60-69,117,27,10
2020-06-02,Crater,70-79,88,18,5
2020-06-02,Crater,80+,60,8,2
2020-06-02,Crater,Missing,7,0,0
2020-06-02,"Cumberland Plateau",0-9,0,0,0
2020-06-02,"Cumberland Plateau",19-Oct,13,0,0
2020-06-02,"Cumberland Plateau",20-29,1,0,0
2020-06-02,"Cumberland Plateau",30-39,5,0,0
2020-06-02,"Cumberland Plateau",40-49,6,0,0
2020-06-02,"Cumberland Plateau",50-59,4,1,0
2020-06-02,"Cumberland Plateau",60-69,4,1,0
2020-06-02,"Cumberland Plateau",70-79,2,0,0
2020-06-02,"Cumberland Plateau",80+,0,0,0
2020-06-02,"Cumberland Plateau",Missing,0,0,0
2020-06-02,"Eastern Shore",0-9,11,1,0
2020-06-02,"Eastern Shore",19-Oct,51,0,0
2020-06-02,"Eastern Shore",20-29,173,4,0
2020-06-02,"Eastern Shore",30-39,211,6,0
2020-06-02,"Eastern Shore",40-49,224,8,2
2020-06-02,"Eastern Shore",50-59,260,12,5
2020-06-02,"Eastern Shore",60-69,163,17,7
2020-06-02,"Eastern Shore",70-79,44,12,7
2020-06-02,"Eastern Shore",80+,45,17,14
2020-06-02,"Eastern Shore",Missing,0,0,0
2020-06-02,Fairfax,0-9,327,12,0
2020-06-02,Fairfax,19-Oct,608,15,0
2020-06-02,Fairfax,20-29,1723,56,2
2020-06-02,Fairfax,30-39,2245,137,3
2020-06-02,Fairfax,40-49,2213,204,6
2020-06-02,Fairfax,50-59,1842,241,25
2020-06-02,Fairfax,60-69,1203,248,42
2020-06-02,Fairfax,70-79,584,203,82
2020-06-02,Fairfax,80+,721,260,245
2020-06-02,Fairfax,Missing,82,1,0
2020-06-02,Hampton,0-9,8,0,0
2020-06-02,Hampton,19-Oct,10,0,0
2020-06-02,Hampton,20-29,36,1,0
2020-06-02,Hampton,30-39,35,2,0
2020-06-02,Hampton,40-49,32,2,0
2020-06-02,Hampton,50-59,39,8,1
2020-06-02,Hampton,60-69,27,9,1
2020-06-02,Hampton,70-79,13,6,0
2020-06-02,Hampton,80+,4,2,1
2020-06-02,Hampton,Missing,8,0,0
2020-06-02,Henrico,0-9,67,1,0
2020-06-02,Henrico,19-Oct,76,2,0
2020-06-02,Henrico,20-29,237,11,0
2020-06-02,Henrico,30-39,273,8,0
2020-06-02,Henrico,40-49,266,17,2
2020-06-02,Henrico,50-59,244,26,7
2020-06-02,Henrico,60-69,237,36,23
2020-06-02,Henrico,70-79,187,44,35
2020-06-02,Henrico,80+,300,62,67
2020-06-02,Henrico,Missing,32,1,1
2020-06-02,Lenowisco,0-9,3,0,0
2020-06-02,Lenowisco,19-Oct,2,0,0
2020-06-02,Lenowisco,20-29,6,0,0
2020-06-02,Lenowisco,30-39,3,1,1
2020-06-02,Lenowisco,40-49,6,2,0
2020-06-02,Lenowisco,50-59,13,5,0
2020-06-02,Lenowisco,60-69,5,4,2
2020-06-02,Lenowisco,70-79,5,4,1
2020-06-02,Lenowisco,80+,0,0,0
2020-06-02,Lenowisco,Missing,0,0,0
2020-06-02,"Lord Fairfax",0-9,36,0,0
2020-06-02,"Lord Fairfax",19-Oct,77,0,0
2020-06-02,"Lord Fairfax",20-29,246,3,0
2020-06-02,"Lord Fairfax",30-39,229,9,1
2020-06-02,"Lord Fairfax",40-49,232,9,1
2020-06-02,"Lord Fairfax",50-59,248,18,2
2020-06-02,"Lord Fairfax",60-69,181,33,9
2020-06-02,"Lord Fairfax",70-79,96,25,12
2020-06-02,"Lord Fairfax",80+,109,26,29
2020-06-02,"Lord Fairfax",Missing,2,0,0
2020-06-02,Loudoun,0-9,88,1,0
2020-06-02,Loudoun,19-Oct,161,0,0
2020-06-02,Loudoun,20-29,403,3,0
2020-06-02,Loudoun,30-39,477,14,0
2020-06-02,Loudoun,40-49,566,23,0
2020-06-02,Loudoun,50-59,431,27,1
2020-06-02,Loudoun,60-69,192,27,3
2020-06-02,Loudoun,70-79,104,30,10
2020-06-02,Loudoun,80+,166,40,53
2020-06-02,Loudoun,Missing,48,0,0
2020-06-02,"Mount Rogers",0-9,19,1,0
2020-06-02,"Mount Rogers",19-Oct,27,0,0
2020-06-02,"Mount Rogers",20-29,57,0,0
2020-06-02,"Mount Rogers",30-39,70,4,0
2020-06-02,"Mount Rogers",40-49,53,0,0
2020-06-02,"Mount Rogers",50-59,49,3,0
2020-06-02,"Mount Rogers",60-69,37,4,0
2020-06-02,"Mount Rogers",70-79,27,14,1
2020-06-02,"Mount Rogers",80+,22,8,5
2020-06-02,"Mount Rogers",Missing,0,0,0
2020-06-02,"New River",0-9,3,0,0
2020-06-02,"New River",19-Oct,5,0,0
2020-06-02,"New River",20-29,30,0,0
2020-06-02,"New River",30-39,13,1,0
2020-06-02,"New River",40-49,15,1,0
2020-06-02,"New River",50-59,17,3,0
2020-06-02,"New River",60-69,18,2,0
2020-06-02,"New River",70-79,11,6,1
2020-06-02,"New River",80+,6,2,0
2020-06-02,"New River",Missing,0,0,0
2020-06-02,Norfolk,0-9,9,0,0
2020-06-02,Norfolk,19-Oct,32,1,0
2020-06-02,Norfolk,20-29,115,1,0
2020-06-02,Norfolk,30-39,117,8,0
2020-06-02,Norfolk,40-49,88,10,0
2020-06-02,Norfolk,50-59,84,13,0
2020-06-02,Norfolk,60-69,48,17,1
2020-06-02,Norfolk,70-79,20,13,2
2020-06-02,Norfolk,80+,9,6,3
2020-06-02,Norfolk,Missing,8,1,0
2020-06-02,Peninsula,0-9,19,0,0
2020-06-02,Peninsula,19-Oct,21,1,0
2020-06-02,Peninsula,20-29,82,1,0
2020-06-02,Peninsula,30-39,90,7,1
2020-06-02,Peninsula,40-49,79,5,1
2020-06-02,Peninsula,50-59,105,16,2
2020-06-02,Peninsula,60-69,105,27,3
2020-06-02,Peninsula,70-79,78,37,10
2020-06-02,Peninsula,80+,46,23,15
2020-06-02,Peninsula,Missing,5,0,0
2020-06-02,Piedmont,0-9,8,0,0
2020-06-02,Piedmont,19-Oct,16,0,0
2020-06-02,Piedmont,20-29,114,0,0
2020-06-02,Piedmont,30-39,136,1,0
2020-06-02,Piedmont,40-49,146,6,0
2020-06-02,Piedmont,50-59,153,13,0
2020-06-02,Piedmont,60-69,108,13,2
2020-06-02,Piedmont,70-79,44,12,2
2020-06-02,Piedmont,80+,26,6,2
2020-06-02,Piedmont,Missing,0,0,0
2020-06-02,Pittsylvania-Danville,0-9,1,0,0
2020-06-02,Pittsylvania-Danville,19-Oct,2,0,0
2020-06-02,Pittsylvania-Danville,20-29,11,0,0
2020-06-02,Pittsylvania-Danville,30-39,11,0,0
2020-06-02,Pittsylvania-Danville,40-49,22,5,0
2020-06-02,Pittsylvania-Danville,50-59,23,6,0
2020-06-02,Pittsylvania-Danville,60-69,16,7,1
2020-06-02,Pittsylvania-Danville,70-79,13,8,0
2020-06-02,Pittsylvania-Danville,80+,3,2,2
2020-06-02,Pittsylvania-Danville,Missing,0,0,0
2020-06-02,Portsmouth,0-9,4,1,0
2020-06-02,Portsmouth,19-Oct,10,0,0
2020-06-02,Portsmouth,20-29,56,3,0
2020-06-02,Portsmouth,30-39,75,3,0
2020-06-02,Portsmouth,40-49,50,4,0
2020-06-02,Portsmouth,50-59,55,13,1
2020-06-02,Portsmouth,60-69,35,10,4
2020-06-02,Portsmouth,70-79,21,7,3
2020-06-02,Portsmouth,80+,17,6,3
2020-06-02,Portsmouth,Missing,2,0,0
2020-06-02,"Prince William",0-9,240,5,0
2020-06-02,"Prince William",19-Oct,483,5,0
2020-06-02,"Prince William",20-29,1275,33,0
2020-06-02,"Prince William",30-39,1340,72,2
2020-06-02,"Prince William",40-49,1566,110,4
2020-06-02,"Prince William",50-59,1144,133,7
2020-06-02,"Prince William",60-69,620,109,24
2020-06-02,"Prince William",70-79,226,59,31
2020-06-02,"Prince William",80+,180,52,53
2020-06-02,"Prince William",Missing,112,0,0
2020-06-02,Rappahannock,0-9,60,1,0
2020-06-02,Rappahannock,19-Oct,130,1,0
2020-06-02,Rappahannock,20-29,275,9,0
2020-06-02,Rappahannock,30-39,349,17,0
2020-06-02,Rappahannock,40-49,312,28,2
2020-06-02,Rappahannock,50-59,262,33,2
2020-06-02,Rappahannock,60-69,154,36,4
2020-06-02,Rappahannock,70-79,48,18,6
2020-06-02,Rappahannock,80+,28,16,4
2020-06-02,Rappahannock,Missing,19,0,0
2020-06-02,"Rappahannock Rapidan",0-9,58,1,0
2020-06-02,"Rappahannock Rapidan",19-Oct,105,1,0
2020-06-02,"Rappahannock Rapidan",20-29,239,2,0
2020-06-02,"Rappahannock Rapidan",30-39,257,12,1
2020-06-02,"Rappahannock Rapidan",40-49,241,14,1
2020-06-02,"Rappahannock Rapidan",50-59,172,20,1
2020-06-02,"Rappahannock Rapidan",60-69,85,11,2
2020-06-02,"Rappahannock Rapidan",70-79,28,10,7
2020-06-02,"Rappahannock Rapidan",80+,20,12,4
2020-06-02,"Rappahannock Rapidan",Missing,6,0,0
2020-06-02,Richmond,0-9,41,2,0
2020-06-02,Richmond,19-Oct,93,2,0
2020-06-02,Richmond,20-29,283,7,0
2020-06-02,Richmond,30-39,298,15,0
2020-06-02,Richmond,40-49,269,20,1
2020-06-02,Richmond,50-59,197,35,1
2020-06-02,Richmond,60-69,151,38,6
2020-06-02,Richmond,70-79,59,24,8
2020-06-02,Richmond,80+,30,15,8
2020-06-02,Richmond,Missing,13,0,0
2020-06-02,Roanoke,0-9,5,0,0
2020-06-02,Roanoke,19-Oct,6,0,0
2020-06-02,Roanoke,20-29,27,0,0
2020-06-02,Roanoke,30-39,30,0,0
2020-06-02,Roanoke,40-49,23,1,0
2020-06-02,Roanoke,50-59,21,1,0
2020-06-02,Roanoke,60-69,11,1,0
2020-06-02,Roanoke,70-79,9,3,0
2020-06-02,Roanoke,80+,36,3,9
2020-06-02,Roanoke,Missing,3,0,0
2020-06-02,Southside,0-9,1,0,0
2020-06-02,Southside,19-Oct,3,0,0
2020-06-02,Southside,20-29,28,2,0
2020-06-02,Southside,30-39,22,0,0
2020-06-02,Southside,40-49,21,5,0
2020-06-02,Southside,50-59,40,5,0
2020-06-02,Southside,60-69,42,10,3
2020-06-02,Southside,70-79,46,9,10
2020-06-02,Southside,80+,73,8,10
2020-06-02,Southside,Missing,0,0,0
2020-06-02,"Thomas Jefferson",0-9,14,1,0
2020-06-02,"Thomas Jefferson",19-Oct,25,0,0
2020-06-02,"Thomas Jefferson",20-29,75,0,0
2020-06-02,"Thomas Jefferson",30-39,107,4,0
2020-06-02,"Thomas Jefferson",40-49,82,5,0
2020-06-02,"Thomas Jefferson",50-59,76,8,1
2020-06-02,"Thomas Jefferson",60-69,57,16,2
2020-06-02,"Thomas Jefferson",70-79,52,15,2
2020-06-02,"Thomas Jefferson",80+,63,21,14
2020-06-02,"Thomas Jefferson",Missing,1,0,0
2020-06-02,"Three Rivers",0-9,9,1,0
2020-06-02,"Three Rivers",19-Oct,18,0,0
2020-06-02,"Three Rivers",20-29,81,2,0
2020-06-02,"Three Rivers",30-39,118,2,0
2020-06-02,"Three Rivers",40-49,115,8,1
2020-06-02,"Three Rivers",50-59,77,5,0
2020-06-02,"Three Rivers",60-69,67,10,0
2020-06-02,"Three Rivers",70-79,24,5,4
2020-06-02,"Three Rivers",80+,25,5,3
2020-06-02,"Three Rivers",Missing,1,0,0
2020-06-02,"Virginia Beach",0-9,6,0,0
2020-06-02,"Virginia Beach",19-Oct,26,0,0
2020-06-02,"Virginia Beach",20-29,126,2,0
2020-06-02,"Virginia Beach",30-39,106,9,0
2020-06-02,"Virginia Beach",40-49,117,15,1
2020-06-02,"Virginia Beach",50-59,113,12,0
2020-06-02,"Virginia Beach",60-69,106,14,1
2020-06-02,"Virginia Beach",70-79,56,24,7
2020-06-02,"Virginia Beach",80+,71,19,14
2020-06-02,"Virginia Beach",Missing,25,0,0
2020-06-02,"West Piedmont",0-9,4,0,0
2020-06-02,"West Piedmont",19-Oct,20,0,0
2020-06-02,"West Piedmont",20-29,29,0,0
2020-06-02,"West Piedmont",30-39,31,1,0
2020-06-02,"West Piedmont",40-49,38,3,1
2020-06-02,"West Piedmont",50-59,50,7,1
2020-06-02,"West Piedmont",60-69,31,1,0
2020-06-02,"West Piedmont",70-79,16,6,3
2020-06-02,"West Piedmont",80+,8,3,0
2020-06-02,"West Piedmont",Missing,1,0,0
2020-06-02,"Western Tidewater",0-9,5,0,0
2020-06-02,"Western Tidewater",19-Oct,11,0,0
2020-06-02,"Western Tidewater",20-29,48,2,0
2020-06-02,"Western Tidewater",30-39,70,4,0
2020-06-02,"Western Tidewater",40-49,83,5,1
2020-06-02,"Western Tidewater",50-59,114,11,2
2020-06-02,"Western Tidewater",60-69,102,12,4
2020-06-02,"Western Tidewater",70-79,78,17,13
2020-06-02,"Western Tidewater",80+,127,22,20
2020-06-02,"Western Tidewater",Missing,2,0,0
2020-06-03,Alexandria,0-9,113,2,0
2020-06-03,Alexandria,19-Oct,133,2,0
2020-06-03,Alexandria,20-29,304,5,1
2020-06-03,Alexandria,30-39,469,24,0
2020-06-03,Alexandria,40-49,385,32,0
2020-06-03,Alexandria,50-59,261,40,9
2020-06-03,Alexandria,60-69,173,33,2
2020-06-03,Alexandria,70-79,90,34,13
2020-06-03,Alexandria,80+,78,25,21
2020-06-03,Alexandria,Missing,10,0,0
2020-06-03,Alleghany,0-9,2,0,0
2020-06-03,Alleghany,19-Oct,5,0,0
2020-06-03,Alleghany,20-29,47,1,0
2020-06-03,Alleghany,30-39,18,2,0
2020-06-03,Alleghany,40-49,25,0,0
2020-06-03,Alleghany,50-59,43,4,1
2020-06-03,Alleghany,60-69,27,6,1
2020-06-03,Alleghany,70-79,25,4,8
2020-06-03,Alleghany,80+,24,7,5
2020-06-03,Alleghany,Missing,0,0,0
2020-06-03,Arlington,0-9,37,2,0
2020-06-03,Arlington,19-Oct,73,5,0
2020-06-03,Arlington,20-29,336,20,0
2020-06-03,Arlington,30-39,385,40,0
2020-06-03,Arlington,40-49,365,43,3
2020-06-03,Arlington,50-59,332,57,6
2020-06-03,Arlington,60-69,257,71,17
2020-06-03,Arlington,70-79,159,64,29
2020-06-03,Arlington,80+,192,76,65
2020-06-03,Arlington,Missing,6,1,0
2020-06-03,"Central Shenandoah",0-9,38,0,0
2020-06-03,"Central Shenandoah",19-Oct,87,1,0
2020-06-03,"Central Shenandoah",20-29,300,5,0
2020-06-03,"Central Shenandoah",30-39,252,5,0
2020-06-03,"Central Shenandoah",40-49,266,7,0
2020-06-03,"Central Shenandoah",50-59,290,24,1
2020-06-03,"Central Shenandoah",60-69,197,35,8
2020-06-03,"Central Shenandoah",70-79,104,32,11
2020-06-03,"Central Shenandoah",80+,76,18,11
2020-06-03,"Central Shenandoah",Missing,1,0,0
2020-06-03,"Central Virginia",0-9,5,0,0
2020-06-03,"Central Virginia",19-Oct,14,1,0
2020-06-03,"Central Virginia",20-29,29,2,0
2020-06-03,"Central Virginia",30-39,37,2,0
2020-06-03,"Central Virginia",40-49,37,0,0
2020-06-03,"Central Virginia",50-59,35,2,1
2020-06-03,"Central Virginia",60-69,35,3,1
2020-06-03,"Central Virginia",70-79,18,4,2
2020-06-03,"Central Virginia",80+,8,2,0
2020-06-03,"Central Virginia",Missing,0,0,0
2020-06-03,Chesapeake,0-9,13,1,0
2020-06-03,Chesapeake,19-Oct,20,0,0
2020-06-03,Chesapeake,20-29,69,3,0
2020-06-03,Chesapeake,30-39,101,4,0
2020-06-03,Chesapeake,40-49,90,13,0
2020-06-03,Chesapeake,50-59,95,17,1
2020-06-03,Chesapeake,60-69,75,19,4
2020-06-03,Chesapeake,70-79,40,19,2
2020-06-03,Chesapeake,80+,36,13,8
2020-06-03,Chesapeake,Missing,9,1,0
2020-06-03,Chesterfield,0-9,46,0,0
2020-06-03,Chesterfield,19-Oct,143,0,0
2020-06-03,Chesterfield,20-29,254,4,0
2020-06-03,Chesterfield,30-39,342,3,0
2020-06-03,Chesterfield,40-49,319,12,2
2020-06-03,Chesterfield,50-59,257,21,1
2020-06-03,Chesterfield,60-69,183,20,8
2020-06-03,Chesterfield,70-79,93,16,13
2020-06-03,Chesterfield,80+,114,24,30
2020-06-03,Chesterfield,Missing,42,0,0
2020-06-03,Chickahominy,0-9,7,0,0
2020-06-03,Chickahominy,19-Oct,21,0,0
2020-06-03,Chickahominy,20-29,58,0,0
2020-06-03,Chickahominy,30-39,64,0,0
2020-06-03,Chickahominy,40-49,69,10,1
2020-06-03,Chickahominy,50-59,88,17,1
2020-06-03,Chickahominy,60-69,62,16,6
2020-06-03,Chickahominy,70-79,46,17,5
2020-06-03,Chickahominy,80+,76,27,20
2020-06-03,Chickahominy,Missing,8,0,0
2020-06-03,Crater,0-9,13,1,0
2020-06-03,Crater,19-Oct,26,0,0
2020-06-03,Crater,20-29,133,6,0
2020-06-03,Crater,30-39,136,2,0
2020-06-03,Crater,40-49,135,11,1
2020-06-03,Crater,50-59,147,21,2
2020-06-03,Crater,60-69,126,30,10
2020-06-03,Crater,70-79,89,18,5
2020-06-03,Crater,80+,61,9,2
2020-06-03,Crater,Missing,6,0,0
2020-06-03,"Cumberland Plateau",0-9,0,0,0
2020-06-03,"Cumberland Plateau",19-Oct,13,0,0
2020-06-03,"Cumberland Plateau",20-29,1,0,0
2020-06-03,"Cumberland Plateau",30-39,5,0,0
2020-06-03,"Cumberland Plateau",40-49,6,0,0
2020-06-03,"Cumberland Plateau",50-59,4,1,0
2020-06-03,"Cumberland Plateau",60-69,4,1,0
2020-06-03,"Cumberland Plateau",70-79,2,0,0
2020-06-03,"Cumberland Plateau",80+,0,0,0
2020-06-03,"Cumberland Plateau",Missing,0,0,0
2020-06-03,"Eastern Shore",0-9,11,1,0
2020-06-03,"Eastern Shore",19-Oct,51,0,0
2020-06-03,"Eastern Shore",20-29,180,4,0
2020-06-03,"Eastern Shore",30-39,215,7,0
2020-06-03,"Eastern Shore",40-49,228,8,2
2020-06-03,"Eastern Shore",50-59,261,13,5
2020-06-03,"Eastern Shore",60-69,163,18,7
2020-06-03,"Eastern Shore",70-79,44,12,7
2020-06-03,"Eastern Shore",80+,45,17,14
2020-06-03,"Eastern Shore",Missing,0,0,0
2020-06-03,Fairfax,0-9,342,12,0
2020-06-03,Fairfax,19-Oct,619,16,0
2020-06-03,Fairfax,20-29,1741,56,2
2020-06-03,Fairfax,30-39,2282,140,3
2020-06-03,Fairfax,40-49,2236,210,6
2020-06-03,Fairfax,50-59,1867,244,25
2020-06-03,Fairfax,60-69,1218,248,42
2020-06-03,Fairfax,70-79,591,207,85
2020-06-03,Fairfax,80+,727,262,247
2020-06-03,Fairfax,Missing,95,1,0
2020-06-03,Hampton,0-9,8,0,0
2020-06-03,Hampton,19-Oct,10,0,0
2020-06-03,Hampton,20-29,36,1,0
2020-06-03,Hampton,30-39,35,2,0
2020-06-03,Hampton,40-49,32,2,0
2020-06-03,Hampton,50-59,39,8,1
2020-06-03,Hampton,60-69,27,9,1
2020-06-03,Hampton,70-79,13,6,0
2020-06-03,Hampton,80+,4,2,1
2020-06-03,Hampton,Missing,8,0,0
2020-06-03,Henrico,0-9,69,1,0
2020-06-03,Henrico,19-Oct,78,2,0
2020-06-03,Henrico,20-29,236,13,0
2020-06-03,Henrico,30-39,280,8,0
2020-06-03,Henrico,40-49,270,18,2
2020-06-03,Henrico,50-59,246,27,7
2020-06-03,Henrico,60-69,237,37,23
2020-06-03,Henrico,70-79,186,44,34
2020-06-03,Henrico,80+,299,63,67
2020-06-03,Henrico,Missing,32,1,1
2020-06-03,Lenowisco,0-9,3,0,0
2020-06-03,Lenowisco,19-Oct,2,0,0
2020-06-03,Lenowisco,20-29,6,0,0
2020-06-03,Lenowisco,30-39,3,1,1
2020-06-03,Lenowisco,40-49,6,2,0
2020-06-03,Lenowisco,50-59,13,5,0
2020-06-03,Lenowisco,60-69,5,4,2
2020-06-03,Lenowisco,70-79,5,4,1
2020-06-03,Lenowisco,80+,0,0,0
2020-06-03,Lenowisco,Missing,0,0,0
2020-06-03,"Lord Fairfax",0-9,37,0,0
2020-06-03,"Lord Fairfax",19-Oct,81,0,0
2020-06-03,"Lord Fairfax",20-29,262,3,0
2020-06-03,"Lord Fairfax",30-39,244,10,1
2020-06-03,"Lord Fairfax",40-49,237,9,1
2020-06-03,"Lord Fairfax",50-59,253,18,2
2020-06-03,"Lord Fairfax",60-69,187,34,10
2020-06-03,"Lord Fairfax",70-79,96,25,12
2020-06-03,"Lord Fairfax",80+,106,26,29
2020-06-03,"Lord Fairfax",Missing,2,0,0
2020-06-03,Loudoun,0-9,89,2,0
2020-06-03,Loudoun,19-Oct,164,0,0
2020-06-03,Loudoun,20-29,406,4,0
2020-06-03,Loudoun,30-39,482,14,0
2020-06-03,Loudoun,40-49,574,25,0
2020-06-03,Loudoun,50-59,435,27,1
2020-06-03,Loudoun,60-69,192,28,3
2020-06-03,Loudoun,70-79,104,31,10
2020-06-03,Loudoun,80+,165,40,53
2020-06-03,Loudoun,Missing,48,0,0
2020-06-03,"Mount Rogers",0-9,19,1,0
2020-06-03,"Mount Rogers",19-Oct,32,0,0
2020-06-03,"Mount Rogers",20-29,59,0,0
2020-06-03,"Mount Rogers",30-39,71,4,0
2020-06-03,"Mount Rogers",40-49,58,0,0
2020-06-03,"Mount Rogers",50-59,51,3,0
2020-06-03,"Mount Rogers",60-69,40,4,0
2020-06-03,"Mount Rogers",70-79,27,14,2
2020-06-03,"Mount Rogers",80+,22,8,5
2020-06-03,"Mount Rogers",Missing,0,0,0
2020-06-03,"New River",0-9,3,0,0
2020-06-03,"New River",19-Oct,5,0,0
2020-06-03,"New River",20-29,30,0,0
2020-06-03,"New River",30-39,13,1,0
2020-06-03,"New River",40-49,15,1,0
2020-06-03,"New River",50-59,18,3,0
2020-06-03,"New River",60-69,18,2,0
2020-06-03,"New River",70-79,11,6,1
2020-06-03,"New River",80+,6,2,0
2020-06-03,"New River",Missing,0,0,0
2020-06-03,Norfolk,0-9,9,0,0
2020-06-03,Norfolk,19-Oct,34,1,0
2020-06-03,Norfolk,20-29,117,1,0
2020-06-03,Norfolk,30-39,119,8,0
2020-06-03,Norfolk,40-49,88,10,0
2020-06-03,Norfolk,50-59,85,13,0
2020-06-03,Norfolk,60-69,50,17,1
2020-06-03,Norfolk,70-79,20,13,2
2020-06-03,Norfolk,80+,9,6,3
2020-06-03,Norfolk,Missing,8,1,0
2020-06-03,Peninsula,0-9,19,0,0
2020-06-03,Peninsula,19-Oct,22,1,0
2020-06-03,Peninsula,20-29,82,1,0
2020-06-03,Peninsula,30-39,92,7,1
2020-06-03,Peninsula,40-49,79,5,1
2020-06-03,Peninsula,50-59,106,16,2
2020-06-03,Peninsula,60-69,105,27,3
2020-06-03,Peninsula,70-79,78,37,10
2020-06-03,Peninsula,80+,46,23,15
2020-06-03,Peninsula,Missing,4,0,0
2020-06-03,Piedmont,0-9,9,0,0
2020-06-03,Piedmont,19-Oct,16,0,0
2020-06-03,Piedmont,20-29,116,0,0
2020-06-03,Piedmont,30-39,138,1,0
2020-06-03,Piedmont,40-49,147,6,0
2020-06-03,Piedmont,50-59,154,15,0
2020-06-03,Piedmont,60-69,108,13,2
2020-06-03,Piedmont,70-79,45,12,2
2020-06-03,Piedmont,80+,26,7,2
2020-06-03,Piedmont,Missing,0,0,0
2020-06-03,Pittsylvania-Danville,0-9,1,0,0
2020-06-03,Pittsylvania-Danville,19-Oct,2,0,0
2020-06-03,Pittsylvania-Danville,20-29,12,0,0
2020-06-03,Pittsylvania-Danville,30-39,11,0,0
2020-06-03,Pittsylvania-Danville,40-49,22,5,0
2020-06-03,Pittsylvania-Danville,50-59,23,6,0
2020-06-03,Pittsylvania-Danville,60-69,16,7,1
2020-06-03,Pittsylvania-Danville,70-79,13,8,0
2020-06-03,Pittsylvania-Danville,80+,3,2,2
2020-06-03,Pittsylvania-Danville,Missing,0,0,0
2020-06-03,Portsmouth,0-9,4,1,0
2020-06-03,Portsmouth,19-Oct,9,0,0
2020-06-03,Portsmouth,20-29,52,3,0
2020-06-03,Portsmouth,30-39,75,3,0
2020-06-03,Portsmouth,40-49,51,4,0
2020-06-03,Portsmouth,50-59,55,13,1
2020-06-03,Portsmouth,60-69,36,10,4
2020-06-03,Portsmouth,70-79,21,7,3
2020-06-03,Portsmouth,80+,17,6,3
2020-06-03,Portsmouth,Missing,2,0,0
2020-06-03,"Prince William",0-9,245,5,0
2020-06-03,"Prince William",19-Oct,500,6,0
2020-06-03,"Prince William",20-29,1296,37,0
2020-06-03,"Prince William",30-39,1368,74,2
2020-06-03,"Prince William",40-49,1600,112,4
2020-06-03,"Prince William",50-59,1160,142,7
2020-06-03,"Prince William",60-69,629,115,25
2020-06-03,"Prince William",70-79,228,61,32
2020-06-03,"Prince William",80+,184,56,57
2020-06-03,"Prince William",Missing,113,0,0
2020-06-03,Rappahannock,0-9,60,1,0
2020-06-03,Rappahannock,19-Oct,133,1,0
2020-06-03,Rappahannock,20-29,277,9,0
2020-06-03,Rappahannock,30-39,350,17,0
2020-06-03,Rappahannock,40-49,315,28,2
2020-06-03,Rappahannock,50-59,263,33,2
2020-06-03,Rappahannock,60-69,153,37,4
2020-06-03,Rappahannock,70-79,48,18,6
2020-06-03,Rappahannock,80+,28,16,4
2020-06-03,Rappahannock,Missing,19,0,0
2020-06-03,"Rappahannock Rapidan",0-9,58,1,0
2020-06-03,"Rappahannock Rapidan",19-Oct,107,2,0
2020-06-03,"Rappahannock Rapidan",20-29,241,3,0
2020-06-03,"Rappahannock Rapidan",30-39,260,13,1
2020-06-03,"Rappahannock Rapidan",40-49,243,14,1
2020-06-03,"Rappahannock Rapidan",50-59,172,20,1
2020-06-03,"Rappahannock Rapidan",60-69,87,12,2
2020-06-03,"Rappahannock Rapidan",70-79,28,10,7
2020-06-03,"Rappahannock Rapidan",80+,20,12,4
2020-06-03,"Rappahannock Rapidan",Missing,6,0,0
2020-06-03,Richmond,0-9,43,2,0
2020-06-03,Richmond,19-Oct,95,2,0
2020-06-03,Richmond,20-29,289,7,0
2020-06-03,Richmond,30-39,303,15,0
2020-06-03,Richmond,40-49,270,21,1
2020-06-03,Richmond,50-59,202,36,1
2020-06-03,Richmond,60-69,151,38,6
2020-06-03,Richmond,70-79,58,25,8
2020-06-03,Richmond,80+,31,15,8
2020-06-03,Richmond,Missing,13,0,0
2020-06-03,Roanoke,0-9,5,0,0
2020-06-03,Roanoke,19-Oct,6,0,0
2020-06-03,Roanoke,20-29,27,0,0
2020-06-03,Roanoke,30-39,30,0,0
2020-06-03,Roanoke,40-49,25,1,0
2020-06-03,Roanoke,50-59,22,1,0
2020-06-03,Roanoke,60-69,12,2,0
2020-06-03,Roanoke,70-79,9,3,0
2020-06-03,Roanoke,80+,37,3,10
2020-06-03,Roanoke,Missing,3,0,0
2020-06-03,Southside,0-9,1,0,0
2020-06-03,Southside,19-Oct,4,0,0
2020-06-03,Southside,20-29,28,2,0
2020-06-03,Southside,30-39,22,0,0
2020-06-03,Southside,40-49,21,5,0
2020-06-03,Southside,50-59,42,5,0
2020-06-03,Southside,60-69,42,10,3
2020-06-03,Southside,70-79,46,9,11
2020-06-03,Southside,80+,73,9,11
2020-06-03,Southside,Missing,0,0,0
2020-06-03,"Thomas Jefferson",0-9,14,1,0
2020-06-03,"Thomas Jefferson",19-Oct,26,0,0
2020-06-03,"Thomas Jefferson",20-29,76,0,0
2020-06-03,"Thomas Jefferson",30-39,107,4,0
2020-06-03,"Thomas Jefferson",40-49,84,5,0
2020-06-03,"Thomas Jefferson",50-59,76,8,1
2020-06-03,"Thomas Jefferson",60-69,57,16,2
2020-06-03,"Thomas Jefferson",70-79,52,15,2
2020-06-03,"Thomas Jefferson",80+,63,21,14
2020-06-03,"Thomas Jefferson",Missing,1,0,0
2020-06-03,"Three Rivers",0-9,9,1,0
2020-06-03,"Three Rivers",19-Oct,18,0,0
2020-06-03,"Three Rivers",20-29,84,2,0
2020-06-03,"Three Rivers",30-39,120,2,0
2020-06-03,"Three Rivers",40-49,116,8,2
2020-06-03,"Three Rivers",50-59,77,5,0
2020-06-03,"Three Rivers",60-69,67,10,0
2020-06-03,"Three Rivers",70-79,24,5,4
2020-06-03,"Three Rivers",80+,25,5,3
2020-06-03,"Three Rivers",Missing,1,0,0
2020-06-03,"Virginia Beach",0-9,6,0,0
2020-06-03,"Virginia Beach",19-Oct,26,0,0
2020-06-03,"Virginia Beach",20-29,125,2,0
2020-06-03,"Virginia Beach",30-39,108,9,0
2020-06-03,"Virginia Beach",40-49,117,15,1
2020-06-03,"Virginia Beach",50-59,113,12,0
2020-06-03,"Virginia Beach",60-69,105,14,1
2020-06-03,"Virginia Beach",70-79,56,25,7
2020-06-03,"Virginia Beach",80+,71,20,14
2020-06-03,"Virginia Beach",Missing,25,0,0
2020-06-03,"West Piedmont",0-9,4,0,0
2020-06-03,"West Piedmont",19-Oct,21,0,0
2020-06-03,"West Piedmont",20-29,31,0,0
2020-06-03,"West Piedmont",30-39,32,1,0
2020-06-03,"West Piedmont",40-49,41,3,1
2020-06-03,"West Piedmont",50-59,53,7,1
2020-06-03,"West Piedmont",60-69,33,1,0
2020-06-03,"West Piedmont",70-79,16,6,3
2020-06-03,"West Piedmont",80+,8,3,0
2020-06-03,"West Piedmont",Missing,1,0,0
2020-06-03,"Western Tidewater",0-9,5,0,0
2020-06-03,"Western Tidewater",19-Oct,11,0,0
2020-06-03,"Western Tidewater",20-29,48,2,0
2020-06-03,"Western Tidewater",30-39,70,4,0
2020-06-03,"Western Tidewater",40-49,83,5,1
2020-06-03,"Western Tidewater",50-59,114,11,2
2020-06-03,"Western Tidewater",60-69,103,13,4
2020-06-03,"Western Tidewater",70-79,79,18,13
2020-06-03,"Western Tidewater",80+,127,22,20
2020-06-03,"Western Tidewater",Missing,3,0,0
2020-06-04,Alexandria,0-9,115,2,0
2020-06-04,Alexandria,19-Oct,133,2,0
2020-06-04,Alexandria,20-29,307,5,1
2020-06-04,Alexandria,30-39,474,24,0
2020-06-04,Alexandria,40-49,388,33,0
2020-06-04,Alexandria,50-59,262,40,9
2020-06-04,Alexandria,60-69,173,36,2
2020-06-04,Alexandria,70-79,90,34,13
2020-06-04,Alexandria,80+,79,26,21
2020-06-04,Alexandria,Missing,10,0,0
2020-06-04,Alleghany,0-9,2,0,0
2020-06-04,Alleghany,19-Oct,5,0,0
2020-06-04,Alleghany,20-29,47,1,0
2020-06-04,Alleghany,30-39,18,2,0
2020-06-04,Alleghany,40-49,25,0,0
2020-06-04,Alleghany,50-59,43,4,1
2020-06-04,Alleghany,60-69,27,6,1
2020-06-04,Alleghany,70-79,25,4,8
2020-06-04,Alleghany,80+,24,7,5
2020-06-04,Alleghany,Missing,0,0,0
2020-06-04,Arlington,0-9,37,2,0
2020-06-04,Arlington,19-Oct,74,5,0
2020-06-04,Arlington,20-29,339,20,0
2020-06-04,Arlington,30-39,385,40,0
2020-06-04,Arlington,40-49,365,43,3
2020-06-04,Arlington,50-59,333,60,6
2020-06-04,Arlington,60-69,258,71,17
2020-06-04,Arlington,70-79,160,65,29
2020-06-04,Arlington,80+,193,77,65
2020-06-04,Arlington,Missing,6,1,0
2020-06-04,"Central Shenandoah",0-9,39,0,0
2020-06-04,"Central Shenandoah",19-Oct,87,1,0
2020-06-04,"Central Shenandoah",20-29,303,5,0
2020-06-04,"Central Shenandoah",30-39,254,5,0
2020-06-04,"Central Shenandoah",40-49,268,7,0
2020-06-04,"Central Shenandoah",50-59,295,24,1
2020-06-04,"Central Shenandoah",60-69,201,35,8
2020-06-04,"Central Shenandoah",70-79,105,32,11
2020-06-04,"Central Shenandoah",80+,78,18,11
2020-06-04,"Central Shenandoah",Missing,1,0,0
2020-06-04,"Central Virginia",0-9,5,0,0
2020-06-04,"Central Virginia",19-Oct,14,1,0
2020-06-04,"Central Virginia",20-29,30,2,0
2020-06-04,"Central Virginia",30-39,37,2,0
2020-06-04,"Central Virginia",40-49,37,0,0
2020-06-04,"Central Virginia",50-59,35,2,1
2020-06-04,"Central Virginia",60-69,35,3,1
2020-06-04,"Central Virginia",70-79,18,4,2
2020-06-04,"Central Virginia",80+,8,2,0
2020-06-04,"Central Virginia",Missing,0,0,0
2020-06-04,Chesapeake,0-9,13,1,0
2020-06-04,Chesapeake,19-Oct,20,0,0
2020-06-04,Chesapeake,20-29,71,3,0
2020-06-04,Chesapeake,30-39,103,4,0
2020-06-04,Chesapeake,40-49,92,13,0
2020-06-04,Chesapeake,50-59,96,17,1
2020-06-04,Chesapeake,60-69,75,19,4
2020-06-04,Chesapeake,70-79,40,19,2
2020-06-04,Chesapeake,80+,36,13,8
2020-06-04,Chesapeake,Missing,8,1,0
2020-06-04,Chesterfield,0-9,46,0,0
2020-06-04,Chesterfield,19-Oct,151,0,0
2020-06-04,Chesterfield,20-29,263,4,0
2020-06-04,Chesterfield,30-39,354,3,0
2020-06-04,Chesterfield,40-49,328,12,2
2020-06-04,Chesterfield,50-59,272,21,1
2020-06-04,Chesterfield,60-69,189,20,8
2020-06-04,Chesterfield,70-79,94,16,13
2020-06-04,Chesterfield,80+,114,25,30
2020-06-04,Chesterfield,Missing,43,0,0
2020-06-04,Chickahominy,0-9,7,0,0
2020-06-04,Chickahominy,19-Oct,21,0,0
2020-06-04,Chickahominy,20-29,61,0,0
2020-06-04,Chickahominy,30-39,65,0,0
2020-06-04,Chickahominy,40-49,70,10,1
2020-06-04,Chickahominy,50-59,89,17,1
2020-06-04,Chickahominy,60-69,62,16,6
2020-06-04,Chickahominy,70-79,46,17,5
2020-06-04,Chickahominy,80+,76,27,20
2020-06-04,Chickahominy,Missing,8,0,0
2020-06-04,Crater,0-9,13,1,0
2020-06-04,Crater,19-Oct,29,0,0
2020-06-04,Crater,20-29,144,6,0
2020-06-04,Crater,30-39,162,3,0
2020-06-04,Crater,40-49,149,11,1
2020-06-04,Crater,50-59,170,21,2
2020-06-04,Crater,60-69,139,31,10
2020-06-04,Crater,70-79,94,21,6
2020-06-04,Crater,80+,65,10,2
2020-06-04,Crater,Missing,7,0,0
2020-06-04,"Cumberland Plateau",0-9,0,0,0
2020-06-04,"Cumberland Plateau",19-Oct,13,0,0
2020-06-04,"Cumberland Plateau",20-29,1,0,0
2020-06-04,"Cumberland Plateau",30-39,5,0,0
2020-06-04,"Cumberland Plateau",40-49,6,0,0
2020-06-04,"Cumberland Plateau",50-59,4,1,0
2020-06-04,"Cumberland Plateau",60-69,4,1,0
2020-06-04,"Cumberland Plateau",70-79,2,0,0
2020-06-04,"Cumberland Plateau",80+,0,0,0
2020-06-04,"Cumberland Plateau",Missing,0,0,0
2020-06-04,"Eastern Shore",0-9,12,1,0
2020-06-04,"Eastern Shore",19-Oct,53,0,0
2020-06-04,"Eastern Shore",20-29,181,4,0
2020-06-04,"Eastern Shore",30-39,216,7,0
2020-06-04,"Eastern Shore",40-49,230,8,2
2020-06-04,"Eastern Shore",50-59,266,15,5
2020-06-04,"Eastern Shore",60-69,165,18,7
2020-06-04,"Eastern Shore",70-79,44,12,7
2020-06-04,"Eastern Shore",80+,46,17,16
2020-06-04,"Eastern Shore",Missing,0,0,0
2020-06-04,Fairfax,0-9,350,12,0
2020-06-04,Fairfax,19-Oct,633,16,0
2020-06-04,Fairfax,20-29,1781,57,2
2020-06-04,Fairfax,30-39,2321,140,4
2020-06-04,Fairfax,40-49,2283,210,6
2020-06-04,Fairfax,50-59,1893,244,25
2020-06-04,Fairfax,60-69,1244,253,44
2020-06-04,Fairfax,70-79,597,209,86
2020-06-04,Fairfax,80+,736,263,250
2020-06-04,Fairfax,Missing,100,1,0
2020-06-04,Hampton,0-9,8,0,0
2020-06-04,Hampton,19-Oct,10,0,0
2020-06-04,Hampton,20-29,36,1,0
2020-06-04,Hampton,30-39,35,2,0
2020-06-04,Hampton,40-49,32,2,0
2020-06-04,Hampton,50-59,40,8,1
2020-06-04,Hampton,60-69,28,10,2
2020-06-04,Hampton,70-79,13,7,0
2020-06-04,Hampton,80+,4,2,1
2020-06-04,Hampton,Missing,8,0,0
2020-06-04,Henrico,0-9,69,1,0
2020-06-04,Henrico,19-Oct,79,2,0
2020-06-04,Henrico,20-29,236,13,0
2020-06-04,Henrico,30-39,284,9,0
2020-06-04,Henrico,40-49,278,19,2
2020-06-04,Henrico,50-59,247,27,7
2020-06-04,Henrico,60-69,238,37,23
2020-06-04,Henrico,70-79,186,45,34
2020-06-04,Henrico,80+,297,63,67
2020-06-04,Henrico,Missing,32,1,1
2020-06-04,Lenowisco,0-9,3,0,0
2020-06-04,Lenowisco,19-Oct,3,0,0
2020-06-04,Lenowisco,20-29,6,0,0
2020-06-04,Lenowisco,30-39,3,1,1
2020-06-04,Lenowisco,40-49,7,2,0
2020-06-04,Lenowisco,50-59,13,5,0
2020-06-04,Lenowisco,60-69,5,4,2
2020-06-04,Lenowisco,70-79,5,4,1
2020-06-04,Lenowisco,80+,0,0,0
2020-06-04,Lenowisco,Missing,0,0,0
2020-06-04,"Lord Fairfax",0-9,40,0,0
2020-06-04,"Lord Fairfax",19-Oct,85,0,0
2020-06-04,"Lord Fairfax",20-29,275,3,0
2020-06-04,"Lord Fairfax",30-39,254,10,1
2020-06-04,"Lord Fairfax",40-49,242,10,1
2020-06-04,"Lord Fairfax",50-59,260,18,2
2020-06-04,"Lord Fairfax",60-69,186,35,10
2020-06-04,"Lord Fairfax",70-79,98,25,12
2020-06-04,"Lord Fairfax",80+,106,26,29
2020-06-04,"Lord Fairfax",Missing,2,0,0
2020-06-04,Loudoun,0-9,95,2,0
2020-06-04,Loudoun,19-Oct,181,0,0
2020-06-04,Loudoun,20-29,433,4,0
2020-06-04,Loudoun,30-39,511,14,0
2020-06-04,Loudoun,40-49,592,25,0
2020-06-04,Loudoun,50-59,457,28,1
2020-06-04,Loudoun,60-69,194,28,3
2020-06-04,Loudoun,70-79,111,31,10
2020-06-04,Loudoun,80+,167,41,53
2020-06-04,Loudoun,Missing,53,0,0
2020-06-04,"Mount Rogers",0-9,21,1,0
2020-06-04,"Mount Rogers",19-Oct,32,0,0
2020-06-04,"Mount Rogers",20-29,61,0,0
2020-06-04,"Mount Rogers",30-39,77,4,0
2020-06-04,"Mount Rogers",40-49,59,0,0
2020-06-04,"Mount Rogers",50-59,58,3,0
2020-06-04,"Mount Rogers",60-69,43,4,0
2020-06-04,"Mount Rogers",70-79,32,14,2
2020-06-04,"Mount Rogers",80+,26,9,5
2020-06-04,"Mount Rogers",Missing,1,0,0
2020-06-04,"New River",0-9,3,0,0
2020-06-04,"New River",19-Oct,5,0,0
2020-06-04,"New River",20-29,31,0,0
2020-06-04,"New River",30-39,13,1,0
2020-06-04,"New River",40-49,15,1,0
2020-06-04,"New River",50-59,18,3,0
2020-06-04,"New River",60-69,18,2,0
2020-06-04,"New River",70-79,11,6,2
2020-06-04,"New River",80+,6,2,0
2020-06-04,"New River",Missing,0,0,0
2020-06-04,Norfolk,0-9,10,0,0
2020-06-04,Norfolk,19-Oct,35,1,0
2020-06-04,Norfolk,20-29,120,1,0
2020-06-04,Norfolk,30-39,123,8,0
2020-06-04,Norfolk,40-49,89,10,0
2020-06-04,Norfolk,50-59,86,13,0
2020-06-04,Norfolk,60-69,51,18,1
2020-06-04,Norfolk,70-79,22,13,2
2020-06-04,Norfolk,80+,9,6,3
2020-06-04,Norfolk,Missing,7,1,0
2020-06-04,Peninsula,0-9,19,0,0
2020-06-04,Peninsula,19-Oct,22,1,0
2020-06-04,Peninsula,20-29,82,1,0
2020-06-04,Peninsula,30-39,95,7,1
2020-06-04,Peninsula,40-49,83,5,1
2020-06-04,Peninsula,50-59,106,16,2
2020-06-04,Peninsula,60-69,105,27,3
2020-06-04,Peninsula,70-79,78,38,11
2020-06-04,Peninsula,80+,46,23,15
2020-06-04,Peninsula,Missing,4,0,0
2020-06-04,Piedmont,0-9,9,0,0
2020-06-04,Piedmont,19-Oct,16,0,0
2020-06-04,Piedmont,20-29,118,0,0
2020-06-04,Piedmont,30-39,138,1,0
2020-06-04,Piedmont,40-49,149,6,0
2020-06-04,Piedmont,50-59,155,16,0
2020-06-04,Piedmont,60-69,109,14,2
2020-06-04,Piedmont,70-79,45,12,2
2020-06-04,Piedmont,80+,27,8,2
2020-06-04,Piedmont,Missing,0,0,0
2020-06-04,Pittsylvania-Danville,0-9,1,0,0
2020-06-04,Pittsylvania-Danville,19-Oct,2,0,0
2020-06-04,Pittsylvania-Danville,20-29,12,0,0
2020-06-04,Pittsylvania-Danville,30-39,11,0,0
2020-06-04,Pittsylvania-Danville,40-49,22,5,0
2020-06-04,Pittsylvania-Danville,50-59,23,6,0
2020-06-04,Pittsylvania-Danville,60-69,16,7,1
2020-06-04,Pittsylvania-Danville,70-79,13,8,0
2020-06-04,Pittsylvania-Danville,80+,3,2,2
2020-06-04,Pittsylvania-Danville,Missing,0,0,0
2020-06-04,Portsmouth,0-9,4,1,0
2020-06-04,Portsmouth,19-Oct,9,0,0
2020-06-04,Portsmouth,20-29,53,3,0
2020-06-04,Portsmouth,30-39,75,3,0
2020-06-04,Portsmouth,40-49,52,4,0
2020-06-04,Portsmouth,50-59,56,13,1
2020-06-04,Portsmouth,60-69,36,10,4
2020-06-04,Portsmouth,70-79,21,7,3
2020-06-04,Portsmouth,80+,17,6,3
2020-06-04,Portsmouth,Missing,2,0,0
2020-06-04,"Prince William",0-9,246,5,0
2020-06-04,"Prince William",19-Oct,506,6,0
2020-06-04,"Prince William",20-29,1315,39,0
2020-06-04,"Prince William",30-39,1393,76,2
2020-06-04,"Prince William",40-49,1624,112,5
2020-06-04,"Prince William",50-59,1176,146,7
2020-06-04,"Prince William",60-69,638,121,25
2020-06-04,"Prince William",70-79,236,61,32
2020-06-04,"Prince William",80+,186,57,57
2020-06-04,"Prince William",Missing,117,0,0
2020-06-04,Rappahannock,0-9,61,1,0
2020-06-04,Rappahannock,19-Oct,137,1,0
2020-06-04,Rappahannock,20-29,281,9,0
2020-06-04,Rappahannock,30-39,355,17,0
2020-06-04,Rappahannock,40-49,318,29,3
2020-06-04,Rappahannock,50-59,264,36,2
2020-06-04,Rappahannock,60-69,152,37,4
2020-06-04,Rappahannock,70-79,48,18,7
2020-06-04,Rappahannock,80+,28,16,4
2020-06-04,Rappahannock,Missing,17,0,0
2020-06-04,"Rappahannock Rapidan",0-9,58,1,0
2020-06-04,"Rappahannock Rapidan",19-Oct,108,2,0
2020-06-04,"Rappahannock Rapidan",20-29,244,3,0
2020-06-04,"Rappahannock Rapidan",30-39,260,13,1
2020-06-04,"Rappahannock Rapidan",40-49,248,14,1
2020-06-04,"Rappahannock Rapidan",50-59,176,22,1
2020-06-04,"Rappahannock Rapidan",60-69,89,13,2
2020-06-04,"Rappahannock Rapidan",70-79,28,10,7
2020-06-04,"Rappahannock Rapidan",80+,20,12,4
2020-06-04,"Rappahannock Rapidan",Missing,6,0,0
2020-06-04,Richmond,0-9,46,2,0
2020-06-04,Richmond,19-Oct,102,2,0
2020-06-04,Richmond,20-29,291,7,0
2020-06-04,Richmond,30-39,307,15,0
2020-06-04,Richmond,40-49,280,23,1
2020-06-04,Richmond,50-59,209,36,1
2020-06-04,Richmond,60-69,152,38,6
2020-06-04,Richmond,70-79,57,25,8
2020-06-04,Richmond,80+,31,15,8
2020-06-04,Richmond,Missing,13,0,0
2020-06-04,Roanoke,0-9,5,0,0
2020-06-04,Roanoke,19-Oct,6,0,0
2020-06-04,Roanoke,20-29,27,0,0
2020-06-04,Roanoke,30-39,30,0,0
2020-06-04,Roanoke,40-49,25,1,0
2020-06-04,Roanoke,50-59,22,1,0
2020-06-04,Roanoke,60-69,12,2,0
2020-06-04,Roanoke,70-79,9,3,0
2020-06-04,Roanoke,80+,37,3,10
2020-06-04,Roanoke,Missing,3,0,0
2020-06-04,Southside,0-9,1,0,0
2020-06-04,Southside,19-Oct,4,0,0
2020-06-04,Southside,20-29,28,2,0
2020-06-04,Southside,30-39,22,0,0
2020-06-04,Southside,40-49,22,5,0
2020-06-04,Southside,50-59,42,5,0
2020-06-04,Southside,60-69,42,10,3
2020-06-04,Southside,70-79,47,9,11
2020-06-04,Southside,80+,73,9,11
2020-06-04,Southside,Missing,0,0,0
2020-06-04,"Thomas Jefferson",0-9,14,1,0
2020-06-04,"Thomas Jefferson",19-Oct,26,0,0
2020-06-04,"Thomas Jefferson",20-29,80,0,0
2020-06-04,"Thomas Jefferson",30-39,114,4,0
2020-06-04,"Thomas Jefferson",40-49,87,5,0
2020-06-04,"Thomas Jefferson",50-59,77,9,1
2020-06-04,"Thomas Jefferson",60-69,58,16,2
2020-06-04,"Thomas Jefferson",70-79,52,16,2
2020-06-04,"Thomas Jefferson",80+,64,21,14
2020-06-04,"Thomas Jefferson",Missing,1,0,0
2020-06-04,"Three Rivers",0-9,9,1,0
2020-06-04,"Three Rivers",19-Oct,19,0,0
2020-06-04,"Three Rivers",20-29,91,2,0
2020-06-04,"Three Rivers",30-39,125,2,0
2020-06-04,"Three Rivers",40-49,117,8,2
2020-06-04,"Three Rivers",50-59,79,5,0
2020-06-04,"Three Rivers",60-69,67,10,0
2020-06-04,"Three Rivers",70-79,24,5,4
2020-06-04,"Three Rivers",80+,25,5,3
2020-06-04,"Three Rivers",Missing,1,0,0
2020-06-04,"Virginia Beach",0-9,7,0,0
2020-06-04,"Virginia Beach",19-Oct,27,0,0
2020-06-04,"Virginia Beach",20-29,132,2,0
2020-06-04,"Virginia Beach",30-39,109,9,1
2020-06-04,"Virginia Beach",40-49,120,16,1
2020-06-04,"Virginia Beach",50-59,115,13,0
2020-06-04,"Virginia Beach",60-69,105,14,1
2020-06-04,"Virginia Beach",70-79,58,25,7
2020-06-04,"Virginia Beach",80+,71,21,14
2020-06-04,"Virginia Beach",Missing,26,0,0
2020-06-04,"West Piedmont",0-9,5,0,0
2020-06-04,"West Piedmont",19-Oct,21,0,0
2020-06-04,"West Piedmont",20-29,32,0,0
2020-06-04,"West Piedmont",30-39,33,1,0
2020-06-04,"West Piedmont",40-49,44,3,1
2020-06-04,"West Piedmont",50-59,55,7,1
2020-06-04,"West Piedmont",60-69,34,2,0
2020-06-04,"West Piedmont",70-79,17,6,3
2020-06-04,"West Piedmont",80+,8,3,0
2020-06-04,"West Piedmont",Missing,1,0,0
2020-06-04,"Western Tidewater",0-9,5,0,0
2020-06-04,"Western Tidewater",19-Oct,11,0,0
2020-06-04,"Western Tidewater",20-29,48,2,0
2020-06-04,"Western Tidewater",30-39,70,4,0
2020-06-04,"Western Tidewater",40-49,83,5,1
2020-06-04,"Western Tidewater",50-59,114,11,2
2020-06-04,"Western Tidewater",60-69,104,13,4
2020-06-04,"Western Tidewater",70-79,79,18,13
2020-06-04,"Western Tidewater",80+,127,22,20
2020-06-04,"Western Tidewater",Missing,4,0,0
2020-06-05,Alexandria,0-9,116,2,0
2020-06-05,Alexandria,19-Oct,134,2,0
2020-06-05,Alexandria,20-29,311,5,1
2020-06-05,Alexandria,30-39,479,24,0
2020-06-05,Alexandria,40-49,390,33,0
2020-06-05,Alexandria,50-59,264,40,9
2020-06-05,Alexandria,60-69,173,37,2
2020-06-05,Alexandria,70-79,90,34,13
2020-06-05,Alexandria,80+,78,26,20
2020-06-05,Alexandria,Missing,10,0,0
2020-06-05,Alleghany,0-9,2,0,0
2020-06-05,Alleghany,19-Oct,5,0,0
2020-06-05,Alleghany,20-29,48,1,0
2020-06-05,Alleghany,30-39,23,2,0
2020-06-05,Alleghany,40-49,25,0,0
2020-06-05,Alleghany,50-59,44,4,1
2020-06-05,Alleghany,60-69,27,6,1
2020-06-05,Alleghany,70-79,25,4,8
2020-06-05,Alleghany,80+,24,8,5
2020-06-05,Alleghany,Missing,1,0,0
2020-06-05,Arlington,0-9,37,2,0
2020-06-05,Arlington,19-Oct,74,5,0
2020-06-05,Arlington,20-29,348,20,0
2020-06-05,Arlington,30-39,387,40,0
2020-06-05,Arlington,40-49,370,43,3
2020-06-05,Arlington,50-59,335,60,6
2020-06-05,Arlington,60-69,259,71,17
2020-06-05,Arlington,70-79,161,66,30
2020-06-05,Arlington,80+,193,77,65
2020-06-05,Arlington,Missing,9,1,0
2020-06-05,"Central Shenandoah",0-9,40,0,0
2020-06-05,"Central Shenandoah",19-Oct,87,1,0
2020-06-05,"Central Shenandoah",20-29,303,5,0
2020-06-05,"Central Shenandoah",30-39,258,5,0
2020-06-05,"Central Shenandoah",40-49,272,7,0
2020-06-05,"Central Shenandoah",50-59,297,24,1
2020-06-05,"Central Shenandoah",60-69,202,35,8
2020-06-05,"Central Shenandoah",70-79,106,33,11
2020-06-05,"Central Shenandoah",80+,78,18,11
2020-06-05,"Central Shenandoah",Missing,1,0,0
2020-06-05,"Central Virginia",0-9,5,0,0
2020-06-05,"Central Virginia",19-Oct,14,1,0
2020-06-05,"Central Virginia",20-29,33,2,0
2020-06-05,"Central Virginia",30-39,41,2,0
2020-06-05,"Central Virginia",40-49,40,0,0
2020-06-05,"Central Virginia",50-59,41,2,1
2020-06-05,"Central Virginia",60-69,36,4,1
2020-06-05,"Central Virginia",70-79,19,4,2
2020-06-05,"Central Virginia",80+,10,2,0
2020-06-05,"Central Virginia",Missing,0,0,0
2020-06-05,Chesapeake,0-9,13,1,0
2020-06-05,Chesapeake,19-Oct,20,0,0
2020-06-05,Chesapeake,20-29,71,3,0
2020-06-05,Chesapeake,30-39,106,5,0
2020-06-05,Chesapeake,40-49,95,13,0
2020-06-05,Chesapeake,50-59,98,17,1
2020-06-05,Chesapeake,60-69,76,19,4
2020-06-05,Chesapeake,70-79,41,19,2
2020-06-05,Chesapeake,80+,36,13,8
2020-06-05,Chesapeake,Missing,7,1,0
2020-06-05,Chesterfield,0-9,50,0,0
2020-06-05,Chesterfield,19-Oct,155,0,0
2020-06-05,Chesterfield,20-29,267,4,0
2020-06-05,Chesterfield,30-39,360,3,0
2020-06-05,Chesterfield,40-49,337,12,2
2020-06-05,Chesterfield,50-59,279,21,1
2020-06-05,Chesterfield,60-69,195,20,8
2020-06-05,Chesterfield,70-79,95,16,13
2020-06-05,Chesterfield,80+,114,25,30
2020-06-05,Chesterfield,Missing,43,0,0
2020-06-05,Chickahominy,0-9,7,0,0
2020-06-05,Chickahominy,19-Oct,21,0,0
2020-06-05,Chickahominy,20-29,61,0,0
2020-06-05,Chickahominy,30-39,65,0,0
2020-06-05,Chickahominy,40-49,71,10,1
2020-06-05,Chickahominy,50-59,90,17,1
2020-06-05,Chickahominy,60-69,64,16,6
2020-06-05,Chickahominy,70-79,46,17,5
2020-06-05,Chickahominy,80+,76,27,20
2020-06-05,Chickahominy,Missing,8,0,0
2020-06-05,Crater,0-9,13,1,0
2020-06-05,Crater,19-Oct,29,0,0
2020-06-05,Crater,20-29,147,6,0
2020-06-05,Crater,30-39,166,3,0
2020-06-05,Crater,40-49,155,11,1
2020-06-05,Crater,50-59,175,21,2
2020-06-05,Crater,60-69,146,31,10
2020-06-05,Crater,70-79,99,21,6
2020-06-05,Crater,80+,66,10,2
2020-06-05,Crater,Missing,7,0,0
2020-06-05,"Cumberland Plateau",0-9,0,0,0
2020-06-05,"Cumberland Plateau",19-Oct,13,0,0
2020-06-05,"Cumberland Plateau",20-29,1,0,0
2020-06-05,"Cumberland Plateau",30-39,5,0,0
2020-06-05,"Cumberland Plateau",40-49,6,0,0
2020-06-05,"Cumberland Plateau",50-59,4,1,0
2020-06-05,"Cumberland Plateau",60-69,4,1,0
2020-06-05,"Cumberland Plateau",70-79,2,0,0
2020-06-05,"Cumberland Plateau",80+,0,0,0
2020-06-05,"Cumberland Plateau",Missing,0,0,0
2020-06-05,"Eastern Shore",0-9,12,1,0
2020-06-05,"Eastern Shore",19-Oct,54,1,0
2020-06-05,"Eastern Shore",20-29,181,4,0
2020-06-05,"Eastern Shore",30-39,217,8,0
2020-06-05,"Eastern Shore",40-49,232,8,2
2020-06-05,"Eastern Shore",50-59,267,15,5
2020-06-05,"Eastern Shore",60-69,165,18,7
2020-06-05,"Eastern Shore",70-79,44,12,7
2020-06-05,"Eastern Shore",80+,46,17,16
2020-06-05,"Eastern Shore",Missing,0,0,0
2020-06-05,Fairfax,0-9,352,12,0
2020-06-05,Fairfax,19-Oct,638,16,0
2020-06-05,Fairfax,20-29,1796,57,2
2020-06-05,Fairfax,30-39,2341,144,4
2020-06-05,Fairfax,40-49,2298,212,7
2020-06-05,Fairfax,50-59,1903,243,25
2020-06-05,Fairfax,60-69,1249,256,45
2020-06-05,Fairfax,70-79,602,211,87
2020-06-05,Fairfax,80+,743,267,253
2020-06-05,Fairfax,Missing,105,1,0
2020-06-05,Hampton,0-9,8,0,0
2020-06-05,Hampton,19-Oct,10,0,0
2020-06-05,Hampton,20-29,37,2,0
2020-06-05,Hampton,30-39,35,2,0
2020-06-05,Hampton,40-49,33,2,0
2020-06-05,Hampton,50-59,40,8,1
2020-06-05,Hampton,60-69,28,10,2
2020-06-05,Hampton,70-79,13,7,0
2020-06-05,Hampton,80+,4,2,1
2020-06-05,Hampton,Missing,7,0,0
2020-06-05,Henrico,0-9,71,1,0
2020-06-05,Henrico,19-Oct,82,2,0
2020-06-05,Henrico,20-29,243,13,0
2020-06-05,Henrico,30-39,296,9,0
2020-06-05,Henrico,40-49,283,19,2
2020-06-05,Henrico,50-59,252,27,7
2020-06-05,Henrico,60-69,241,38,23
2020-06-05,Henrico,70-79,186,45,34
2020-06-05,Henrico,80+,297,63,67
2020-06-05,Henrico,Missing,32,1,1
2020-06-05,Lenowisco,0-9,3,0,0
2020-06-05,Lenowisco,19-Oct,3,0,0
2020-06-05,Lenowisco,20-29,6,0,0
2020-06-05,Lenowisco,30-39,3,1,1
2020-06-05,Lenowisco,40-49,7,2,0
2020-06-05,Lenowisco,50-59,13,5,0
2020-06-05,Lenowisco,60-69,5,4,2
2020-06-05,Lenowisco,70-79,5,4,1
2020-06-05,Lenowisco,80+,0,0,0
2020-06-05,Lenowisco,Missing,0,0,0
2020-06-05,"Lord Fairfax",0-9,43,0,0
2020-06-05,"Lord Fairfax",19-Oct,85,0,0
2020-06-05,"Lord Fairfax",20-29,280,4,0
2020-06-05,"Lord Fairfax",30-39,258,11,1
2020-06-05,"Lord Fairfax",40-49,246,10,1
2020-06-05,"Lord Fairfax",50-59,262,20,2
2020-06-05,"Lord Fairfax",60-69,188,36,10
2020-06-05,"Lord Fairfax",70-79,99,25,12
2020-06-05,"Lord Fairfax",80+,106,26,30
2020-06-05,"Lord Fairfax",Missing,2,0,0
2020-06-05,Loudoun,0-9,98,2,0
2020-06-05,Loudoun,19-Oct,186,0,0
2020-06-05,Loudoun,20-29,437,4,0
2020-06-05,Loudoun,30-39,522,15,0
2020-06-05,Loudoun,40-49,600,25,0
2020-06-05,Loudoun,50-59,464,28,1
2020-06-05,Loudoun,60-69,196,29,3
2020-06-05,Loudoun,70-79,111,31,10
2020-06-05,Loudoun,80+,170,41,53
2020-06-05,Loudoun,Missing,53,0,0
2020-06-05,"Mount Rogers",0-9,21,1,0
2020-06-05,"Mount Rogers",19-Oct,32,0,0
2020-06-05,"Mount Rogers",20-29,61,0,0
2020-06-05,"Mount Rogers",30-39,77,4,0
2020-06-05,"Mount Rogers",40-49,59,0,0
2020-06-05,"Mount Rogers",50-59,58,3,0
2020-06-05,"Mount Rogers",60-69,43,4,0
2020-06-05,"Mount Rogers",70-79,32,14,2
2020-06-05,"Mount Rogers",80+,26,9,5
2020-06-05,"Mount Rogers",Missing,1,0,0
2020-06-05,"New River",0-9,3,0,0
2020-06-05,"New River",19-Oct,5,0,0
2020-06-05,"New River",20-29,32,0,0
2020-06-05,"New River",30-39,14,1,0
2020-06-05,"New River",40-49,16,1,0
2020-06-05,"New River",50-59,18,3,0
2020-06-05,"New River",60-69,18,2,0
2020-06-05,"New River",70-79,11,6,2
2020-06-05,"New River",80+,6,2,0
2020-06-05,"New River",Missing,0,0,0
2020-06-05,Norfolk,0-9,10,0,0
2020-06-05,Norfolk,19-Oct,36,1,0
2020-06-05,Norfolk,20-29,120,1,0
2020-06-05,Norfolk,30-39,124,8,0
2020-06-05,Norfolk,40-49,93,10,0
2020-06-05,Norfolk,50-59,88,13,0
2020-06-05,Norfolk,60-69,51,18,1
2020-06-05,Norfolk,70-79,23,13,2
2020-06-05,Norfolk,80+,9,6,3
2020-06-05,Norfolk,Missing,6,1,0
2020-06-05,Peninsula,0-9,21,0,0
2020-06-05,Peninsula,19-Oct,23,1,0
2020-06-05,Peninsula,20-29,87,1,0
2020-06-05,Peninsula,30-39,97,7,1
2020-06-05,Peninsula,40-49,84,5,1
2020-06-05,Peninsula,50-59,107,16,2
2020-06-05,Peninsula,60-69,105,27,3
2020-06-05,Peninsula,70-79,78,38,11
2020-06-05,Peninsula,80+,46,23,15
2020-06-05,Peninsula,Missing,4,0,0
2020-06-05,Piedmont,0-9,9,0,0
2020-06-05,Piedmont,19-Oct,16,0,0
2020-06-05,Piedmont,20-29,121,0,0
2020-06-05,Piedmont,30-39,140,1,0
2020-06-05,Piedmont,40-49,150,6,0
2020-06-05,Piedmont,50-59,157,16,0
2020-06-05,Piedmont,60-69,111,14,2
2020-06-05,Piedmont,70-79,46,12,2
2020-06-05,Piedmont,80+,29,8,2
2020-06-05,Piedmont,Missing,0,0,0
2020-06-05,Pittsylvania-Danville,0-9,1,0,0
2020-06-05,Pittsylvania-Danville,19-Oct,3,0,0
2020-06-05,Pittsylvania-Danville,20-29,12,0,0
2020-06-05,Pittsylvania-Danville,30-39,12,0,0
2020-06-05,Pittsylvania-Danville,40-49,23,5,0
2020-06-05,Pittsylvania-Danville,50-59,23,6,0
2020-06-05,Pittsylvania-Danville,60-69,17,7,1
2020-06-05,Pittsylvania-Danville,70-79,13,8,0
2020-06-05,Pittsylvania-Danville,80+,3,2,2
2020-06-05,Pittsylvania-Danville,Missing,0,0,0
2020-06-05,Portsmouth,0-9,4,1,0
2020-06-05,Portsmouth,19-Oct,9,0,0
2020-06-05,Portsmouth,20-29,53,3,0
2020-06-05,Portsmouth,30-39,75,3,0
2020-06-05,Portsmouth,40-49,52,4,0
2020-06-05,Portsmouth,50-59,56,13,1
2020-06-05,Portsmouth,60-69,36,10,4
2020-06-05,Portsmouth,70-79,21,7,3
2020-06-05,Portsmouth,80+,17,6,3
2020-06-05,Portsmouth,Missing,2,0,0
2020-06-05,"Prince William",0-9,252,5,0
2020-06-05,"Prince William",19-Oct,523,6,0
2020-06-05,"Prince William",20-29,1337,40,0
2020-06-05,"Prince William",30-39,1421,77,2
2020-06-05,"Prince William",40-49,1654,114,5
2020-06-05,"Prince William",50-59,1192,147,7
2020-06-05,"Prince William",60-69,643,122,25
2020-06-05,"Prince William",70-79,237,61,32
2020-06-05,"Prince William",80+,187,59,57
2020-06-05,"Prince William",Missing,117,0,0
2020-06-05,Rappahannock,0-9,62,1,0
2020-06-05,Rappahannock,19-Oct,139,1,0
2020-06-05,Rappahannock,20-29,289,9,0
2020-06-05,Rappahannock,30-39,370,17,0
2020-06-05,Rappahannock,40-49,324,29,2
2020-06-05,Rappahannock,50-59,270,36,2
2020-06-05,Rappahannock,60-69,153,37,4
2020-06-05,Rappahannock,70-79,49,18,7
2020-06-05,Rappahannock,80+,29,17,4
2020-06-05,Rappahannock,Missing,17,0,0
2020-06-05,"Rappahannock Rapidan",0-9,62,1,0
2020-06-05,"Rappahannock Rapidan",19-Oct,111,3,0
2020-06-05,"Rappahannock Rapidan",20-29,247,3,0
2020-06-05,"Rappahannock Rapidan",30-39,261,13,1
2020-06-05,"Rappahannock Rapidan",40-49,249,14,1
2020-06-05,"Rappahannock Rapidan",50-59,177,22,1
2020-06-05,"Rappahannock Rapidan",60-69,90,14,2
2020-06-05,"Rappahannock Rapidan",70-79,31,11,7
2020-06-05,"Rappahannock Rapidan",80+,20,12,4
2020-06-05,"Rappahannock Rapidan",Missing,6,0,0
2020-06-05,Richmond,0-9,50,2,0
2020-06-05,Richmond,19-Oct,109,2,0
2020-06-05,Richmond,20-29,298,8,0
2020-06-05,Richmond,30-39,319,16,0
2020-06-05,Richmond,40-49,282,23,1
2020-06-05,Richmond,50-59,214,36,2
2020-06-05,Richmond,60-69,153,38,6
2020-06-05,Richmond,70-79,58,25,8
2020-06-05,Richmond,80+,31,15,8
2020-06-05,Richmond,Missing,13,0,0
2020-06-05,Roanoke,0-9,6,0,0
2020-06-05,Roanoke,19-Oct,8,0,0
2020-06-05,Roanoke,20-29,30,0,0
2020-06-05,Roanoke,30-39,35,0,0
2020-06-05,Roanoke,40-49,26,1,0
2020-06-05,Roanoke,50-59,22,1,0
2020-06-05,Roanoke,60-69,12,2,0
2020-06-05,Roanoke,70-79,10,3,0
2020-06-05,Roanoke,80+,38,3,10
2020-06-05,Roanoke,Missing,3,0,0
2020-06-05,Southside,0-9,1,0,0
2020-06-05,Southside,19-Oct,4,0,0
2020-06-05,Southside,20-29,28,2,0
2020-06-05,Southside,30-39,22,0,0
2020-06-05,Southside,40-49,22,5,0
2020-06-05,Southside,50-59,44,6,0
2020-06-05,Southside,60-69,42,10,3
2020-06-05,Southside,70-79,47,9,11
2020-06-05,Southside,80+,73,9,11
2020-06-05,Southside,Missing,0,0,0
2020-06-05,"Thomas Jefferson",0-9,14,1,0
2020-06-05,"Thomas Jefferson",19-Oct,27,0,0
2020-06-05,"Thomas Jefferson",20-29,81,0,0
2020-06-05,"Thomas Jefferson",30-39,114,4,0
2020-06-05,"Thomas Jefferson",40-49,87,5,0
2020-06-05,"Thomas Jefferson",50-59,80,9,1
2020-06-05,"Thomas Jefferson",60-69,58,16,2
2020-06-05,"Thomas Jefferson",70-79,52,17,2
2020-06-05,"Thomas Jefferson",80+,65,21,14
2020-06-05,"Thomas Jefferson",Missing,1,0,0
2020-06-05,"Three Rivers",0-9,9,1,0
2020-06-05,"Three Rivers",19-Oct,19,0,0
2020-06-05,"Three Rivers",20-29,90,2,0
2020-06-05,"Three Rivers",30-39,127,2,0
2020-06-05,"Three Rivers",40-49,120,8,2
2020-06-05,"Three Rivers",50-59,78,5,0
2020-06-05,"Three Rivers",60-69,67,10,0
2020-06-05,"Three Rivers",70-79,24,5,4
2020-06-05,"Three Rivers",80+,25,5,3
2020-06-05,"Three Rivers",Missing,1,0,0
2020-06-05,"Virginia Beach",0-9,8,0,0
2020-06-05,"Virginia Beach",19-Oct,28,0,0
2020-06-05,"Virginia Beach",20-29,135,2,0
2020-06-05,"Virginia Beach",30-39,112,9,1
2020-06-05,"Virginia Beach",40-49,123,17,1
2020-06-05,"Virginia Beach",50-59,115,13,0
2020-06-05,"Virginia Beach",60-69,108,14,1
2020-06-05,"Virginia Beach",70-79,58,25,7
2020-06-05,"Virginia Beach",80+,71,22,15
2020-06-05,"Virginia Beach",Missing,26,0,0
2020-06-05,"West Piedmont",0-9,5,0,0
2020-06-05,"West Piedmont",19-Oct,21,0,0
2020-06-05,"West Piedmont",20-29,33,0,0
2020-06-05,"West Piedmont",30-39,34,1,0
2020-06-05,"West Piedmont",40-49,45,3,1
2020-06-05,"West Piedmont",50-59,57,7,1
2020-06-05,"West Piedmont",60-69,34,2,0
2020-06-05,"West Piedmont",70-79,19,6,3
2020-06-05,"West Piedmont",80+,8,3,0
2020-06-05,"West Piedmont",Missing,1,0,0
2020-06-05,"Western Tidewater",0-9,5,0,0
2020-06-05,"Western Tidewater",19-Oct,11,0,0
2020-06-05,"Western Tidewater",20-29,50,2,0
2020-06-05,"Western Tidewater",30-39,73,4,0
2020-06-05,"Western Tidewater",40-49,83,5,1
2020-06-05,"Western Tidewater",50-59,116,12,2
2020-06-05,"Western Tidewater",60-69,105,13,4
2020-06-05,"Western Tidewater",70-79,79,18,13
2020-06-05,"Western Tidewater",80+,127,23,20
2020-06-05,"Western Tidewater",Missing,4,0,0
2020-06-06,Alexandria,0-9,116,2,0
2020-06-06,Alexandria,19-Oct,136,2,0
2020-06-06,Alexandria,20-29,317,5,1
2020-06-06,Alexandria,30-39,484,26,0
2020-06-06,Alexandria,40-49,392,33,0
2020-06-06,Alexandria,50-59,270,40,9
2020-06-06,Alexandria,60-69,174,41,2
2020-06-06,Alexandria,70-79,91,34,13
2020-06-06,Alexandria,80+,79,26,20
2020-06-06,Alexandria,Missing,11,0,0
2020-06-06,Alleghany,0-9,3,0,0
2020-06-06,Alleghany,19-Oct,7,0,0
2020-06-06,Alleghany,20-29,52,1,0
2020-06-06,Alleghany,30-39,26,2,0
2020-06-06,Alleghany,40-49,26,0,0
2020-06-06,Alleghany,50-59,44,4,1
2020-06-06,Alleghany,60-69,27,6,1
2020-06-06,Alleghany,70-79,25,4,8
2020-06-06,Alleghany,80+,24,8,5
2020-06-06,Alleghany,Missing,1,0,0
2020-06-06,Arlington,0-9,39,2,0
2020-06-06,Arlington,19-Oct,75,5,0
2020-06-06,Arlington,20-29,352,20,0
2020-06-06,Arlington,30-39,391,40,0
2020-06-06,Arlington,40-49,376,43,3
2020-06-06,Arlington,50-59,339,60,6
2020-06-06,Arlington,60-69,261,72,17
2020-06-06,Arlington,70-79,161,69,30
2020-06-06,Arlington,80+,192,77,64
2020-06-06,Arlington,Missing,9,1,0
2020-06-06,"Central Shenandoah",0-9,40,0,0
2020-06-06,"Central Shenandoah",19-Oct,88,1,0
2020-06-06,"Central Shenandoah",20-29,305,5,0
2020-06-06,"Central Shenandoah",30-39,260,5,0
2020-06-06,"Central Shenandoah",40-49,278,7,0
2020-06-06,"Central Shenandoah",50-59,300,25,1
2020-06-06,"Central Shenandoah",60-69,205,35,8
2020-06-06,"Central Shenandoah",70-79,107,33,11
2020-06-06,"Central Shenandoah",80+,78,18,11
2020-06-06,"Central Shenandoah",Missing,1,0,0
2020-06-06,"Central Virginia",0-9,5,0,0
2020-06-06,"Central Virginia",19-Oct,14,1,0
2020-06-06,"Central Virginia",20-29,34,2,0
2020-06-06,"Central Virginia",30-39,41,2,0
2020-06-06,"Central Virginia",40-49,41,0,0
2020-06-06,"Central Virginia",50-59,42,2,1
2020-06-06,"Central Virginia",60-69,37,4,1
2020-06-06,"Central Virginia",70-79,20,4,2
2020-06-06,"Central Virginia",80+,10,2,0
2020-06-06,"Central Virginia",Missing,0,0,0
2020-06-06,Chesapeake,0-9,13,1,0
2020-06-06,Chesapeake,19-Oct,22,0,0
2020-06-06,Chesapeake,20-29,75,3,0
2020-06-06,Chesapeake,30-39,109,6,0
2020-06-06,Chesapeake,40-49,96,14,0
2020-06-06,Chesapeake,50-59,101,18,1
2020-06-06,Chesapeake,60-69,78,19,4
2020-06-06,Chesapeake,70-79,41,19,2
2020-06-06,Chesapeake,80+,36,13,8
2020-06-06,Chesapeake,Missing,6,1,0
2020-06-06,Chesterfield,0-9,51,0,0
2020-06-06,Chesterfield,19-Oct,156,0,0
2020-06-06,Chesterfield,20-29,269,4,0
2020-06-06,Chesterfield,30-39,372,3,0
2020-06-06,Chesterfield,40-49,344,12,2
2020-06-06,Chesterfield,50-59,287,21,1
2020-06-06,Chesterfield,60-69,201,20,8
2020-06-06,Chesterfield,70-79,98,16,13
2020-06-06,Chesterfield,80+,117,25,30
2020-06-06,Chesterfield,Missing,43,0,0
2020-06-06,Chickahominy,0-9,7,0,0
2020-06-06,Chickahominy,19-Oct,23,0,0
2020-06-06,Chickahominy,20-29,62,0,0
2020-06-06,Chickahominy,30-39,67,0,0
2020-06-06,Chickahominy,40-49,71,10,1
2020-06-06,Chickahominy,50-59,90,17,1
2020-06-06,Chickahominy,60-69,64,16,6
2020-06-06,Chickahominy,70-79,46,17,5
2020-06-06,Chickahominy,80+,77,28,20
2020-06-06,Chickahominy,Missing,8,0,0
2020-06-06,Crater,0-9,13,1,0
2020-06-06,Crater,19-Oct,30,0,0
2020-06-06,Crater,20-29,151,6,0
2020-06-06,Crater,30-39,170,3,0
2020-06-06,Crater,40-49,159,12,1
2020-06-06,Crater,50-59,180,21,2
2020-06-06,Crater,60-69,152,31,10
2020-06-06,Crater,70-79,103,22,6
2020-06-06,Crater,80+,68,10,2
2020-06-06,Crater,Missing,7,0,0
2020-06-06,"Cumberland Plateau",0-9,0,0,0
2020-06-06,"Cumberland Plateau",19-Oct,13,0,0
2020-06-06,"Cumberland Plateau",20-29,1,0,0
2020-06-06,"Cumberland Plateau",30-39,6,0,0
2020-06-06,"Cumberland Plateau",40-49,6,0,0
2020-06-06,"Cumberland Plateau",50-59,4,1,0
2020-06-06,"Cumberland Plateau",60-69,4,1,0
2020-06-06,"Cumberland Plateau",70-79,2,0,0
2020-06-06,"Cumberland Plateau",80+,0,0,0
2020-06-06,"Cumberland Plateau",Missing,0,0,0
2020-06-06,"Eastern Shore",0-9,12,1,0
2020-06-06,"Eastern Shore",19-Oct,54,1,0
2020-06-06,"Eastern Shore",20-29,183,4,0
2020-06-06,"Eastern Shore",30-39,217,8,0
2020-06-06,"Eastern Shore",40-49,233,8,2
2020-06-06,"Eastern Shore",50-59,267,16,5
2020-06-06,"Eastern Shore",60-69,165,19,8
2020-06-06,"Eastern Shore",70-79,44,12,7
2020-06-06,"Eastern Shore",80+,46,17,16
2020-06-06,"Eastern Shore",Missing,0,0,0
2020-06-06,Fairfax,0-9,358,12,0
2020-06-06,Fairfax,19-Oct,645,16,0
2020-06-06,Fairfax,20-29,1814,57,2
2020-06-06,Fairfax,30-39,2375,146,4
2020-06-06,Fairfax,40-49,2325,211,7
2020-06-06,Fairfax,50-59,1924,245,25
2020-06-06,Fairfax,60-69,1264,258,45
2020-06-06,Fairfax,70-79,611,211,88
2020-06-06,Fairfax,80+,750,270,255
2020-06-06,Fairfax,Missing,114,1,0
2020-06-06,Hampton,0-9,8,0,0
2020-06-06,Hampton,19-Oct,11,0,0
2020-06-06,Hampton,20-29,37,2,0
2020-06-06,Hampton,30-39,35,2,0
2020-06-06,Hampton,40-49,33,2,0
2020-06-06,Hampton,50-59,41,8,1
2020-06-06,Hampton,60-69,28,10,2
2020-06-06,Hampton,70-79,13,7,0
2020-06-06,Hampton,80+,4,2,1
2020-06-06,Hampton,Missing,5,0,0
2020-06-06,Henrico,0-9,74,1,0
2020-06-06,Henrico,19-Oct,85,2,0
2020-06-06,Henrico,20-29,254,13,0
2020-06-06,Henrico,30-39,312,10,0
2020-06-06,Henrico,40-49,287,19,2
2020-06-06,Henrico,50-59,257,27,7
2020-06-06,Henrico,60-69,246,38,23
2020-06-06,Henrico,70-79,186,44,33
2020-06-06,Henrico,80+,300,63,68
2020-06-06,Henrico,Missing,32,1,1
2020-06-06,Lenowisco,0-9,3,0,0
2020-06-06,Lenowisco,19-Oct,3,0,0
2020-06-06,Lenowisco,20-29,6,0,0
2020-06-06,Lenowisco,30-39,3,1,1
2020-06-06,Lenowisco,40-49,7,2,0
2020-06-06,Lenowisco,50-59,13,5,0
2020-06-06,Lenowisco,60-69,5,4,2
2020-06-06,Lenowisco,70-79,5,4,1
2020-06-06,Lenowisco,80+,0,0,0
2020-06-06,Lenowisco,Missing,0,0,0
2020-06-06,"Lord Fairfax",0-9,44,0,0
2020-06-06,"Lord Fairfax",19-Oct,87,0,0
2020-06-06,"Lord Fairfax",20-29,284,4,0
2020-06-06,"Lord Fairfax",30-39,266,11,1
2020-06-06,"Lord Fairfax",40-49,250,10,1
2020-06-06,"Lord Fairfax",50-59,263,20,2
2020-06-06,"Lord Fairfax",60-69,189,36,10
2020-06-06,"Lord Fairfax",70-79,100,25,12
2020-06-06,"Lord Fairfax",80+,106,26,30
2020-06-06,"Lord Fairfax",Missing,2,0,0
2020-06-06,Loudoun,0-9,105,2,0
2020-06-06,Loudoun,19-Oct,195,0,0
2020-06-06,Loudoun,20-29,463,4,0
2020-06-06,Loudoun,30-39,539,15,0
2020-06-06,Loudoun,40-49,620,25,0
2020-06-06,Loudoun,50-59,475,28,1
2020-06-06,Loudoun,60-69,202,30,3
2020-06-06,Loudoun,70-79,115,32,10
2020-06-06,Loudoun,80+,172,41,53
2020-06-06,Loudoun,Missing,53,0,0
2020-06-06,"Mount Rogers",0-9,22,1,0
2020-06-06,"Mount Rogers",19-Oct,33,0,0
2020-06-06,"Mount Rogers",20-29,64,0,0
2020-06-06,"Mount Rogers",30-39,78,4,0
2020-06-06,"Mount Rogers",40-49,60,0,0
2020-06-06,"Mount Rogers",50-59,61,3,0
2020-06-06,"Mount Rogers",60-69,44,4,0
2020-06-06,"Mount Rogers",70-79,32,15,2
2020-06-06,"Mount Rogers",80+,26,10,5
2020-06-06,"Mount Rogers",Missing,1,0,0
2020-06-06,"New River",0-9,3,0,0
2020-06-06,"New River",19-Oct,6,0,0
2020-06-06,"New River",20-29,34,0,0
2020-06-06,"New River",30-39,16,1,0
2020-06-06,"New River",40-49,17,1,0
2020-06-06,"New River",50-59,22,3,0
2020-06-06,"New River",60-69,18,2,0
2020-06-06,"New River",70-79,11,7,3
2020-06-06,"New River",80+,6,2,0
2020-06-06,"New River",Missing,0,0,0
2020-06-06,Norfolk,0-9,11,0,0
2020-06-06,Norfolk,19-Oct,36,1,0
2020-06-06,Norfolk,20-29,121,1,0
2020-06-06,Norfolk,30-39,124,8,0
2020-06-06,Norfolk,40-49,93,10,0
2020-06-06,Norfolk,50-59,88,13,0
2020-06-06,Norfolk,60-69,51,18,1
2020-06-06,Norfolk,70-79,23,13,3
2020-06-06,Norfolk,80+,9,6,3
2020-06-06,Norfolk,Missing,6,1,0
2020-06-06,Peninsula,0-9,22,0,0
2020-06-06,Peninsula,19-Oct,24,1,0
2020-06-06,Peninsula,20-29,89,1,0
2020-06-06,Peninsula,30-39,98,7,1
2020-06-06,Peninsula,40-49,84,5,1
2020-06-06,Peninsula,50-59,108,16,2
2020-06-06,Peninsula,60-69,105,27,3
2020-06-06,Peninsula,70-79,78,38,11
2020-06-06,Peninsula,80+,46,23,15
2020-06-06,Peninsula,Missing,6,0,0
2020-06-06,Piedmont,0-9,9,0,0
2020-06-06,Piedmont,19-Oct,17,0,0
2020-06-06,Piedmont,20-29,123,0,0
2020-06-06,Piedmont,30-39,141,1,0
2020-06-06,Piedmont,40-49,150,6,0
2020-06-06,Piedmont,50-59,157,16,0
2020-06-06,Piedmont,60-69,116,14,2
2020-06-06,Piedmont,70-79,47,12,2
2020-06-06,Piedmont,80+,30,9,2
2020-06-06,Piedmont,Missing,0,0,0
2020-06-06,Pittsylvania-Danville,0-9,1,0,0
2020-06-06,Pittsylvania-Danville,19-Oct,3,0,0
2020-06-06,Pittsylvania-Danville,20-29,12,0,0
2020-06-06,Pittsylvania-Danville,30-39,12,0,0
2020-06-06,Pittsylvania-Danville,40-49,23,5,0
2020-06-06,Pittsylvania-Danville,50-59,23,6,0
2020-06-06,Pittsylvania-Danville,60-69,17,7,1
2020-06-06,Pittsylvania-Danville,70-79,13,8,0
2020-06-06,Pittsylvania-Danville,80+,3,2,2
2020-06-06,Pittsylvania-Danville,Missing,0,0,0
2020-06-06,Portsmouth,0-9,4,1,0
2020-06-06,Portsmouth,19-Oct,10,0,0
2020-06-06,Portsmouth,20-29,55,3,0
2020-06-06,Portsmouth,30-39,76,3,0
2020-06-06,Portsmouth,40-49,53,4,0
2020-06-06,Portsmouth,50-59,59,13,1
2020-06-06,Portsmouth,60-69,37,10,4
2020-06-06,Portsmouth,70-79,21,7,3
2020-06-06,Portsmouth,80+,17,6,3
2020-06-06,Portsmouth,Missing,3,0,0
2020-06-06,"Prince William",0-9,253,5,0
2020-06-06,"Prince William",19-Oct,534,6,0
2020-06-06,"Prince William",20-29,1359,40,0
2020-06-06,"Prince William",30-39,1449,78,2
2020-06-06,"Prince William",40-49,1681,114,5
2020-06-06,"Prince William",50-59,1210,149,7
2020-06-06,"Prince William",60-69,649,122,25
2020-06-06,"Prince William",70-79,241,62,32
2020-06-06,"Prince William",80+,191,60,57
2020-06-06,"Prince William",Missing,119,0,0
2020-06-06,Rappahannock,0-9,67,1,0
2020-06-06,Rappahannock,19-Oct,144,1,0
2020-06-06,Rappahannock,20-29,295,9,0
2020-06-06,Rappahannock,30-39,376,18,0
2020-06-06,Rappahannock,40-49,330,29,2
2020-06-06,Rappahannock,50-59,279,36,2
2020-06-06,Rappahannock,60-69,160,37,4
2020-06-06,Rappahannock,70-79,51,18,7
2020-06-06,Rappahannock,80+,28,17,4
2020-06-06,Rappahannock,Missing,17,0,0
2020-06-06,"Rappahannock Rapidan",0-9,62,1,0
2020-06-06,"Rappahannock Rapidan",19-Oct,111,3,0
2020-06-06,"Rappahannock Rapidan",20-29,250,3,0
2020-06-06,"Rappahannock Rapidan",30-39,268,14,1
2020-06-06,"Rappahannock Rapidan",40-49,250,14,1
2020-06-06,"Rappahannock Rapidan",50-59,178,22,2
2020-06-06,"Rappahannock Rapidan",60-69,90,14,2
2020-06-06,"Rappahannock Rapidan",70-79,31,11,7
2020-06-06,"Rappahannock Rapidan",80+,20,12,4
2020-06-06,"Rappahannock Rapidan",Missing,6,0,0
2020-06-06,Richmond,0-9,54,2,0
2020-06-06,Richmond,19-Oct,115,2,0
2020-06-06,Richmond,20-29,310,8,0
2020-06-06,Richmond,30-39,332,17,0
2020-06-06,Richmond,40-49,290,24,1
2020-06-06,Richmond,50-59,223,36,2
2020-06-06,Richmond,60-69,164,38,6
2020-06-06,Richmond,70-79,58,25,8
2020-06-06,Richmond,80+,32,15,8
2020-06-06,Richmond,Missing,14,0,0
2020-06-06,Roanoke,0-9,6,0,0
2020-06-06,Roanoke,19-Oct,9,0,0
2020-06-06,Roanoke,20-29,31,0,0
2020-06-06,Roanoke,30-39,37,0,0
2020-06-06,Roanoke,40-49,27,1,0
2020-06-06,Roanoke,50-59,23,1,0
2020-06-06,Roanoke,60-69,13,2,0
2020-06-06,Roanoke,70-79,10,3,0
2020-06-06,Roanoke,80+,38,3,10
2020-06-06,Roanoke,Missing,3,0,0
2020-06-06,Southside,0-9,1,0,0
2020-06-06,Southside,19-Oct,4,0,0
2020-06-06,Southside,20-29,28,2,0
2020-06-06,Southside,30-39,23,0,0
2020-06-06,Southside,40-49,22,5,0
2020-06-06,Southside,50-59,44,6,0
2020-06-06,Southside,60-69,42,10,3
2020-06-06,Southside,70-79,48,9,11
2020-06-06,Southside,80+,73,9,11
2020-06-06,Southside,Missing,0,0,0
2020-06-06,"Thomas Jefferson",0-9,15,1,0
2020-06-06,"Thomas Jefferson",19-Oct,27,0,0
2020-06-06,"Thomas Jefferson",20-29,83,0,0
2020-06-06,"Thomas Jefferson",30-39,115,5,0
2020-06-06,"Thomas Jefferson",40-49,90,5,0
2020-06-06,"Thomas Jefferson",50-59,83,9,1
2020-06-06,"Thomas Jefferson",60-69,60,16,2
2020-06-06,"Thomas Jefferson",70-79,53,17,2
2020-06-06,"Thomas Jefferson",80+,66,21,14
2020-06-06,"Thomas Jefferson",Missing,1,0,0
2020-06-06,"Three Rivers",0-9,9,1,0
2020-06-06,"Three Rivers",19-Oct,20,0,0
2020-06-06,"Three Rivers",20-29,91,2,0
2020-06-06,"Three Rivers",30-39,127,2,0
2020-06-06,"Three Rivers",40-49,122,9,2
2020-06-06,"Three Rivers",50-59,78,5,0
2020-06-06,"Three Rivers",60-69,67,10,0
2020-06-06,"Three Rivers",70-79,25,6,5
2020-06-06,"Three Rivers",80+,25,5,3
2020-06-06,"Three Rivers",Missing,1,0,0
2020-06-06,"Virginia Beach",0-9,9,0,0
2020-06-06,"Virginia Beach",19-Oct,32,0,0
2020-06-06,"Virginia Beach",20-29,136,2,0
2020-06-06,"Virginia Beach",30-39,116,9,1
2020-06-06,"Virginia Beach",40-49,126,17,1
2020-06-06,"Virginia Beach",50-59,117,13,0
2020-06-06,"Virginia Beach",60-69,108,14,1
2020-06-06,"Virginia Beach",70-79,58,25,7
2020-06-06,"Virginia Beach",80+,72,22,15
2020-06-06,"Virginia Beach",Missing,24,0,0
2020-06-06,"West Piedmont",0-9,6,0,0
2020-06-06,"West Piedmont",19-Oct,25,0,0
2020-06-06,"West Piedmont",20-29,34,0,0
2020-06-06,"West Piedmont",30-39,38,1,0
2020-06-06,"West Piedmont",40-49,47,3,1
2020-06-06,"West Piedmont",50-59,59,8,1
2020-06-06,"West Piedmont",60-69,34,2,0
2020-06-06,"West Piedmont",70-79,19,6,3
2020-06-06,"West Piedmont",80+,9,3,0
2020-06-06,"West Piedmont",Missing,1,0,0
2020-06-06,"Western Tidewater",0-9,5,0,0
2020-06-06,"Western Tidewater",19-Oct,12,0,0
2020-06-06,"Western Tidewater",20-29,50,2,0
2020-06-06,"Western Tidewater",30-39,73,4,0
2020-06-06,"Western Tidewater",40-49,84,5,1
2020-06-06,"Western Tidewater",50-59,118,12,2
2020-06-06,"Western Tidewater",60-69,107,13,4
2020-06-06,"Western Tidewater",70-79,79,18,13
2020-06-06,"Western Tidewater",80+,127,23,20
2020-06-06,"Western Tidewater",Missing,4,0,0
2020-06-07,Alexandria,0-9,117,2,0
2020-06-07,Alexandria,19-Oct,138,2,0
2020-06-07,Alexandria,20-29,323,5,1
2020-06-07,Alexandria,30-39,488,26,0
2020-06-07,Alexandria,40-49,395,33,0
2020-06-07,Alexandria,50-59,273,40,9
2020-06-07,Alexandria,60-69,178,41,2
2020-06-07,Alexandria,70-79,93,33,13
2020-06-07,Alexandria,80+,79,26,20
2020-06-07,Alexandria,Missing,11,0,0
2020-06-07,Alleghany,0-9,3,0,0
2020-06-07,Alleghany,19-Oct,7,0,0
2020-06-07,Alleghany,20-29,53,1,0
2020-06-07,Alleghany,30-39,26,2,0
2020-06-07,Alleghany,40-49,26,0,0
2020-06-07,Alleghany,50-59,44,4,1
2020-06-07,Alleghany,60-69,27,6,1
2020-06-07,Alleghany,70-79,25,4,8
2020-06-07,Alleghany,80+,24,8,5
2020-06-07,Alleghany,Missing,1,0,0
2020-06-07,Arlington,0-9,39,2,0
2020-06-07,Arlington,19-Oct,77,5,0
2020-06-07,Arlington,20-29,357,20,0
2020-06-07,Arlington,30-39,401,41,0
2020-06-07,Arlington,40-49,381,44,3
2020-06-07,Arlington,50-59,344,60,6
2020-06-07,Arlington,60-69,262,73,18
2020-06-07,Arlington,70-79,161,69,30
2020-06-07,Arlington,80+,193,77,64
2020-06-07,Arlington,Missing,10,1,0
2020-06-07,"Central Shenandoah",0-9,41,0,0
2020-06-07,"Central Shenandoah",19-Oct,89,1,0
2020-06-07,"Central Shenandoah",20-29,307,5,0
2020-06-07,"Central Shenandoah",30-39,268,5,0
2020-06-07,"Central Shenandoah",40-49,282,7,0
2020-06-07,"Central Shenandoah",50-59,308,25,1
2020-06-07,"Central Shenandoah",60-69,208,38,8
2020-06-07,"Central Shenandoah",70-79,107,33,11
2020-06-07,"Central Shenandoah",80+,78,18,11
2020-06-07,"Central Shenandoah",Missing,1,0,0
2020-06-07,"Central Virginia",0-9,5,0,0
2020-06-07,"Central Virginia",19-Oct,14,1,0
2020-06-07,"Central Virginia",20-29,35,2,0
2020-06-07,"Central Virginia",30-39,42,2,0
2020-06-07,"Central Virginia",40-49,41,0,0
2020-06-07,"Central Virginia",50-59,42,2,1
2020-06-07,"Central Virginia",60-69,37,4,1
2020-06-07,"Central Virginia",70-79,20,4,2
2020-06-07,"Central Virginia",80+,11,2,0
2020-06-07,"Central Virginia",Missing,0,0,0
2020-06-07,Chesapeake,0-9,14,1,0
2020-06-07,Chesapeake,19-Oct,24,0,0
2020-06-07,Chesapeake,20-29,79,3,0
2020-06-07,Chesapeake,30-39,111,6,0
2020-06-07,Chesapeake,40-49,98,15,0
2020-06-07,Chesapeake,50-59,103,19,1
2020-06-07,Chesapeake,60-69,80,19,4
2020-06-07,Chesapeake,70-79,41,19,2
2020-06-07,Chesapeake,80+,36,13,8
2020-06-07,Chesapeake,Missing,6,1,0
2020-06-07,Chesterfield,0-9,52,0,0
2020-06-07,Chesterfield,19-Oct,163,0,0
2020-06-07,Chesterfield,20-29,273,4,0
2020-06-07,Chesterfield,30-39,379,3,0
2020-06-07,Chesterfield,40-49,349,12,2
2020-06-07,Chesterfield,50-59,292,21,1
2020-06-07,Chesterfield,60-69,204,20,8
2020-06-07,Chesterfield,70-79,100,16,13
2020-06-07,Chesterfield,80+,119,25,30
2020-06-07,Chesterfield,Missing,43,0,0
2020-06-07,Chickahominy,0-9,7,0,0
2020-06-07,Chickahominy,19-Oct,24,0,0
2020-06-07,Chickahominy,20-29,63,0,0
2020-06-07,Chickahominy,30-39,68,0,0
2020-06-07,Chickahominy,40-49,73,10,1
2020-06-07,Chickahominy,50-59,94,17,1
2020-06-07,Chickahominy,60-69,64,16,6
2020-06-07,Chickahominy,70-79,48,17,5
2020-06-07,Chickahominy,80+,78,28,20
2020-06-07,Chickahominy,Missing,8,0,0
2020-06-07,Crater,0-9,14,1,0
2020-06-07,Crater,19-Oct,31,0,0
2020-06-07,Crater,20-29,153,6,0
2020-06-07,Crater,30-39,176,3,0
2020-06-07,Crater,40-49,161,12,1
2020-06-07,Crater,50-59,187,21,2
2020-06-07,Crater,60-69,152,31,10
2020-06-07,Crater,70-79,106,22,6
2020-06-07,Crater,80+,68,10,2
2020-06-07,Crater,Missing,7,0,0
2020-06-07,"Cumberland Plateau",0-9,0,0,0
2020-06-07,"Cumberland Plateau",19-Oct,13,0,0
2020-06-07,"Cumberland Plateau",20-29,1,0,0
2020-06-07,"Cumberland Plateau",30-39,6,0,0
2020-06-07,"Cumberland Plateau",40-49,6,0,0
2020-06-07,"Cumberland Plateau",50-59,4,1,0
2020-06-07,"Cumberland Plateau",60-69,4,1,0
2020-06-07,"Cumberland Plateau",70-79,2,0,0
2020-06-07,"Cumberland Plateau",80+,0,0,0
2020-06-07,"Cumberland Plateau",Missing,0,0,0
2020-06-07,"Eastern Shore",0-9,12,1,0
2020-06-07,"Eastern Shore",19-Oct,54,1,0
2020-06-07,"Eastern Shore",20-29,187,4,0
2020-06-07,"Eastern Shore",30-39,224,8,0
2020-06-07,"Eastern Shore",40-49,237,8,2
2020-06-07,"Eastern Shore",50-59,267,16,5
2020-06-07,"Eastern Shore",60-69,166,19,8
2020-06-07,"Eastern Shore",70-79,45,13,8
2020-06-07,"Eastern Shore",80+,46,17,16
2020-06-07,"Eastern Shore",Missing,0,0,0
2020-06-07,Fairfax,0-9,383,12,0
2020-06-07,Fairfax,19-Oct,672,16,0
2020-06-07,Fairfax,20-29,1883,59,2
2020-06-07,Fairfax,30-39,2456,146,4
2020-06-07,Fairfax,40-49,2397,212,7
2020-06-07,Fairfax,50-59,1987,248,25
2020-06-07,Fairfax,60-69,1289,261,45
2020-06-07,Fairfax,70-79,625,214,89
2020-06-07,Fairfax,80+,764,272,255
2020-06-07,Fairfax,Missing,124,1,0
2020-06-07,Hampton,0-9,8,0,0
2020-06-07,Hampton,19-Oct,12,0,0
2020-06-07,Hampton,20-29,42,2,0
2020-06-07,Hampton,30-39,38,2,0
2020-06-07,Hampton,40-49,34,2,0
2020-06-07,Hampton,50-59,41,8,1
2020-06-07,Hampton,60-69,29,10,2
2020-06-07,Hampton,70-79,13,7,0
2020-06-07,Hampton,80+,4,2,1
2020-06-07,Hampton,Missing,5,0,0
2020-06-07,Henrico,0-9,76,1,0
2020-06-07,Henrico,19-Oct,87,2,0
2020-06-07,Henrico,20-29,271,13,0
2020-06-07,Henrico,30-39,324,10,0
2020-06-07,Henrico,40-49,300,19,2
2020-06-07,Henrico,50-59,263,27,7
2020-06-07,Henrico,60-69,251,38,23
2020-06-07,Henrico,70-79,191,44,33
2020-06-07,Henrico,80+,300,63,68
2020-06-07,Henrico,Missing,33,1,1
2020-06-07,Lenowisco,0-9,3,0,0
2020-06-07,Lenowisco,19-Oct,3,0,0
2020-06-07,Lenowisco,20-29,6,0,0
2020-06-07,Lenowisco,30-39,4,1,1
2020-06-07,Lenowisco,40-49,7,2,0
2020-06-07,Lenowisco,50-59,13,5,0
2020-06-07,Lenowisco,60-69,5,4,2
2020-06-07,Lenowisco,70-79,5,4,1
2020-06-07,Lenowisco,80+,0,0,0
2020-06-07,Lenowisco,Missing,0,0,0
2020-06-07,"Lord Fairfax",0-9,46,0,0
2020-06-07,"Lord Fairfax",19-Oct,90,0,0
2020-06-07,"Lord Fairfax",20-29,288,4,0
2020-06-07,"Lord Fairfax",30-39,270,11,1
2020-06-07,"Lord Fairfax",40-49,256,10,1
2020-06-07,"Lord Fairfax",50-59,271,20,2
2020-06-07,"Lord Fairfax",60-69,190,36,10
2020-06-07,"Lord Fairfax",70-79,100,25,12
2020-06-07,"Lord Fairfax",80+,108,26,30
2020-06-07,"Lord Fairfax",Missing,2,0,0
2020-06-07,Loudoun,0-9,113,2,0
2020-06-07,Loudoun,19-Oct,208,0,0
2020-06-07,Loudoun,20-29,491,4,0
2020-06-07,Loudoun,30-39,566,15,0
2020-06-07,Loudoun,40-49,656,26,0
2020-06-07,Loudoun,50-59,501,28,1
2020-06-07,Loudoun,60-69,207,30,3
2020-06-07,Loudoun,70-79,123,33,10
2020-06-07,Loudoun,80+,174,41,53
2020-06-07,Loudoun,Missing,55,0,0
2020-06-07,"Mount Rogers",0-9,22,1,0
2020-06-07,"Mount Rogers",19-Oct,34,0,0
2020-06-07,"Mount Rogers",20-29,68,0,0
2020-06-07,"Mount Rogers",30-39,78,3,0
2020-06-07,"Mount Rogers",40-49,62,0,0
2020-06-07,"Mount Rogers",50-59,65,3,0
2020-06-07,"Mount Rogers",60-69,50,4,0
2020-06-07,"Mount Rogers",70-79,33,16,2
2020-06-07,"Mount Rogers",80+,29,11,6
2020-06-07,"Mount Rogers",Missing,1,0,0
2020-06-07,"New River",0-9,3,0,0
2020-06-07,"New River",19-Oct,7,0,0
2020-06-07,"New River",20-29,34,0,0
2020-06-07,"New River",30-39,16,1,0
2020-06-07,"New River",40-49,19,1,0
2020-06-07,"New River",50-59,22,3,0
2020-06-07,"New River",60-69,18,2,0
2020-06-07,"New River",70-79,11,7,3
2020-06-07,"New River",80+,6,2,0
2020-06-07,"New River",Missing,0,0,0
2020-06-07,Norfolk,0-9,13,0,0
2020-06-07,Norfolk,19-Oct,37,1,0
2020-06-07,Norfolk,20-29,128,1,0
2020-06-07,Norfolk,30-39,124,8,0
2020-06-07,Norfolk,40-49,95,10,0
2020-06-07,Norfolk,50-59,91,13,0
2020-06-07,Norfolk,60-69,57,18,1
2020-06-07,Norfolk,70-79,23,13,3
2020-06-07,Norfolk,80+,9,6,3
2020-06-07,Norfolk,Missing,6,1,0
2020-06-07,Peninsula,0-9,22,0,0
2020-06-07,Peninsula,19-Oct,25,1,0
2020-06-07,Peninsula,20-29,95,1,0
2020-06-07,Peninsula,30-39,102,7,1
2020-06-07,Peninsula,40-49,86,5,1
2020-06-07,Peninsula,50-59,109,16,2
2020-06-07,Peninsula,60-69,106,27,3
2020-06-07,Peninsula,70-79,78,38,11
2020-06-07,Peninsula,80+,46,23,15
2020-06-07,Peninsula,Missing,8,0,0
2020-06-07,Piedmont,0-9,9,0,0
2020-06-07,Piedmont,19-Oct,17,0,0
2020-06-07,Piedmont,20-29,123,0,0
2020-06-07,Piedmont,30-39,142,1,0
2020-06-07,Piedmont,40-49,152,6,0
2020-06-07,Piedmont,50-59,157,16,0
2020-06-07,Piedmont,60-69,116,14,2
2020-06-07,Piedmont,70-79,48,13,2
2020-06-07,Piedmont,80+,30,9,2
2020-06-07,Piedmont,Missing,0,0,0
2020-06-07,Pittsylvania-Danville,0-9,1,0,0
2020-06-07,Pittsylvania-Danville,19-Oct,3,0,0
2020-06-07,Pittsylvania-Danville,20-29,12,0,0
2020-06-07,Pittsylvania-Danville,30-39,12,0,0
2020-06-07,Pittsylvania-Danville,40-49,25,5,0
2020-06-07,Pittsylvania-Danville,50-59,23,6,0
2020-06-07,Pittsylvania-Danville,60-69,17,7,1
2020-06-07,Pittsylvania-Danville,70-79,14,8,0
2020-06-07,Pittsylvania-Danville,80+,3,2,2
2020-06-07,Pittsylvania-Danville,Missing,0,0,0
2020-06-07,Portsmouth,0-9,4,1,0
2020-06-07,Portsmouth,19-Oct,11,0,0
2020-06-07,Portsmouth,20-29,56,3,0
2020-06-07,Portsmouth,30-39,77,3,0
2020-06-07,Portsmouth,40-49,53,4,0
2020-06-07,Portsmouth,50-59,61,13,1
2020-06-07,Portsmouth,60-69,38,11,4
2020-06-07,Portsmouth,70-79,22,7,3
2020-06-07,Portsmouth,80+,17,6,3
2020-06-07,Portsmouth,Missing,4,0,0
2020-06-07,"Prince William",0-9,257,5,0
2020-06-07,"Prince William",19-Oct,544,7,0
2020-06-07,"Prince William",20-29,1382,40,0
2020-06-07,"Prince William",30-39,1468,79,2
2020-06-07,"Prince William",40-49,1702,117,5
2020-06-07,"Prince William",50-59,1218,151,10
2020-06-07,"Prince William",60-69,657,124,27
2020-06-07,"Prince William",70-79,245,64,34
2020-06-07,"Prince William",80+,194,60,57
2020-06-07,"Prince William",Missing,123,0,0
2020-06-07,Rappahannock,0-9,77,1,0
2020-06-07,Rappahannock,19-Oct,152,1,0
2020-06-07,Rappahannock,20-29,316,9,0
2020-06-07,Rappahannock,30-39,397,19,0
2020-06-07,Rappahannock,40-49,356,30,2
2020-06-07,Rappahannock,50-59,300,37,2
2020-06-07,Rappahannock,60-69,170,39,4
2020-06-07,Rappahannock,70-79,57,18,7
2020-06-07,Rappahannock,80+,32,17,4
2020-06-07,Rappahannock,Missing,17,0,0
2020-06-07,"Rappahannock Rapidan",0-9,64,1,0
2020-06-07,"Rappahannock Rapidan",19-Oct,115,3,0
2020-06-07,"Rappahannock Rapidan",20-29,253,3,0
2020-06-07,"Rappahannock Rapidan",30-39,270,14,1
2020-06-07,"Rappahannock Rapidan",40-49,258,15,1
2020-06-07,"Rappahannock Rapidan",50-59,184,22,2
2020-06-07,"Rappahannock Rapidan",60-69,93,14,2
2020-06-07,"Rappahannock Rapidan",70-79,31,11,7
2020-06-07,"Rappahannock Rapidan",80+,20,12,4
2020-06-07,"Rappahannock Rapidan",Missing,6,0,0
2020-06-07,Richmond,0-9,57,2,0
2020-06-07,Richmond,19-Oct,116,2,0
2020-06-07,Richmond,20-29,312,8,0
2020-06-07,Richmond,30-39,344,17,1
2020-06-07,Richmond,40-49,294,24,1
2020-06-07,Richmond,50-59,226,36,2
2020-06-07,Richmond,60-69,165,39,6
2020-06-07,Richmond,70-79,60,26,8
2020-06-07,Richmond,80+,33,15,8
2020-06-07,Richmond,Missing,14,0,0
2020-06-07,Roanoke,0-9,6,0,0
2020-06-07,Roanoke,19-Oct,9,0,0
2020-06-07,Roanoke,20-29,31,0,0
2020-06-07,Roanoke,30-39,39,0,0
2020-06-07,Roanoke,40-49,27,1,0
2020-06-07,Roanoke,50-59,23,1,0
2020-06-07,Roanoke,60-69,13,2,0
2020-06-07,Roanoke,70-79,10,3,0
2020-06-07,Roanoke,80+,38,3,10
2020-06-07,Roanoke,Missing,3,0,0
2020-06-07,Southside,0-9,1,0,0
2020-06-07,Southside,19-Oct,4,0,0
2020-06-07,Southside,20-29,29,2,0
2020-06-07,Southside,30-39,25,0,0
2020-06-07,Southside,40-49,23,5,0
2020-06-07,Southside,50-59,44,6,0
2020-06-07,Southside,60-69,45,11,3
2020-06-07,Southside,70-79,49,9,11
2020-06-07,Southside,80+,75,11,11
2020-06-07,Southside,Missing,0,0,0
2020-06-07,"Thomas Jefferson",0-9,21,1,0
2020-06-07,"Thomas Jefferson",19-Oct,30,0,0
2020-06-07,"Thomas Jefferson",20-29,91,1,0
2020-06-07,"Thomas Jefferson",30-39,125,5,0
2020-06-07,"Thomas Jefferson",40-49,101,5,0
2020-06-07,"Thomas Jefferson",50-59,84,9,1
2020-06-07,"Thomas Jefferson",60-69,61,16,2
2020-06-07,"Thomas Jefferson",70-79,53,17,2
2020-06-07,"Thomas Jefferson",80+,67,22,14
2020-06-07,"Thomas Jefferson",Missing,1,0,0
2020-06-07,"Three Rivers",0-9,9,1,0
2020-06-07,"Three Rivers",19-Oct,21,0,0
2020-06-07,"Three Rivers",20-29,93,3,0
2020-06-07,"Three Rivers",30-39,128,2,0
2020-06-07,"Three Rivers",40-49,122,9,2
2020-06-07,"Three Rivers",50-59,78,5,0
2020-06-07,"Three Rivers",60-69,67,10,0
2020-06-07,"Three Rivers",70-79,25,6,5
2020-06-07,"Three Rivers",80+,25,5,3
2020-06-07,"Three Rivers",Missing,1,0,0
2020-06-07,"Virginia Beach",0-9,9,0,0
2020-06-07,"Virginia Beach",19-Oct,32,0,0
2020-06-07,"Virginia Beach",20-29,138,2,0
2020-06-07,"Virginia Beach",30-39,116,9,1
2020-06-07,"Virginia Beach",40-49,126,17,1
2020-06-07,"Virginia Beach",50-59,117,13,0
2020-06-07,"Virginia Beach",60-69,109,14,1
2020-06-07,"Virginia Beach",70-79,58,25,7
2020-06-07,"Virginia Beach",80+,72,22,15
2020-06-07,"Virginia Beach",Missing,24,0,0
2020-06-07,"West Piedmont",0-9,7,0,0
2020-06-07,"West Piedmont",19-Oct,26,0,0
2020-06-07,"West Piedmont",20-29,36,0,0
2020-06-07,"West Piedmont",30-39,39,1,0
2020-06-07,"West Piedmont",40-49,49,3,1
2020-06-07,"West Piedmont",50-59,62,8,1
2020-06-07,"West Piedmont",60-69,34,2,0
2020-06-07,"West Piedmont",70-79,19,6,3
2020-06-07,"West Piedmont",80+,9,3,0
2020-06-07,"West Piedmont",Missing,1,0,0
2020-06-07,"Western Tidewater",0-9,5,0,0
2020-06-07,"Western Tidewater",19-Oct,12,0,0
2020-06-07,"Western Tidewater",20-29,50,2,0
2020-06-07,"Western Tidewater",30-39,73,4,0
2020-06-07,"Western Tidewater",40-49,84,5,1
2020-06-07,"Western Tidewater",50-59,118,12,2
2020-06-07,"Western Tidewater",60-69,107,13,4
2020-06-07,"Western Tidewater",70-79,80,18,13
2020-06-07,"Western Tidewater",80+,127,23,20
2020-06-07,"Western Tidewater",Missing,4,0,0
2020-06-08,Alexandria,0-9,117,2,0
2020-06-08,Alexandria,19-Oct,138,2,0
2020-06-08,Alexandria,20-29,323,5,1
2020-06-08,Alexandria,30-39,489,26,0
2020-06-08,Alexandria,40-49,395,33,0
2020-06-08,Alexandria,50-59,274,40,9
2020-06-08,Alexandria,60-69,180,41,2
2020-06-08,Alexandria,70-79,94,33,13
2020-06-08,Alexandria,80+,81,26,20
2020-06-08,Alexandria,Missing,11,0,0
2020-06-08,Alleghany,0-9,3,0,0
2020-06-08,Alleghany,19-Oct,8,0,0
2020-06-08,Alleghany,20-29,53,1,0
2020-06-08,Alleghany,30-39,27,2,0
2020-06-08,Alleghany,40-49,26,0,0
2020-06-08,Alleghany,50-59,44,4,1
2020-06-08,Alleghany,60-69,27,6,1
2020-06-08,Alleghany,70-79,25,4,8
2020-06-08,Alleghany,80+,24,8,5
2020-06-08,Alleghany,Missing,1,0,0
2020-06-08,Arlington,0-9,39,2,0
2020-06-08,Arlington,19-Oct,78,5,0
2020-06-08,Arlington,20-29,367,20,0
2020-06-08,Arlington,30-39,409,41,0
2020-06-08,Arlington,40-49,385,44,3
2020-06-08,Arlington,50-59,349,60,6
2020-06-08,Arlington,60-69,264,73,18
2020-06-08,Arlington,70-79,162,69,31
2020-06-08,Arlington,80+,193,77,64
2020-06-08,Arlington,Missing,10,1,0
2020-06-08,"Central Shenandoah",0-9,43,0,0
2020-06-08,"Central Shenandoah",19-Oct,92,1,0
2020-06-08,"Central Shenandoah",20-29,309,5,0
2020-06-08,"Central Shenandoah",30-39,271,5,0
2020-06-08,"Central Shenandoah",40-49,282,7,0
2020-06-08,"Central Shenandoah",50-59,312,26,1
2020-06-08,"Central Shenandoah",60-69,213,38,8
2020-06-08,"Central Shenandoah",70-79,108,33,11
2020-06-08,"Central Shenandoah",80+,79,18,11
2020-06-08,"Central Shenandoah",Missing,0,0,0
2020-06-08,"Central Virginia",0-9,5,0,0
2020-06-08,"Central Virginia",19-Oct,14,1,0
2020-06-08,"Central Virginia",20-29,35,2,0
2020-06-08,"Central Virginia",30-39,42,2,0
2020-06-08,"Central Virginia",40-49,41,0,0
2020-06-08,"Central Virginia",50-59,42,2,1
2020-06-08,"Central Virginia",60-69,37,4,1
2020-06-08,"Central Virginia",70-79,20,4,2
2020-06-08,"Central Virginia",80+,11,2,0
2020-06-08,"Central Virginia",Missing,0,0,0
2020-06-08,Chesapeake,0-9,14,1,0
2020-06-08,Chesapeake,19-Oct,24,1,0
2020-06-08,Chesapeake,20-29,80,3,0
2020-06-08,Chesapeake,30-39,113,6,0
2020-06-08,Chesapeake,40-49,99,15,0
2020-06-08,Chesapeake,50-59,103,19,1
2020-06-08,Chesapeake,60-69,80,19,4
2020-06-08,Chesapeake,70-79,41,19,2
2020-06-08,Chesapeake,80+,36,13,8
2020-06-08,Chesapeake,Missing,6,1,0
2020-06-08,Chesterfield,0-9,53,0,0
2020-06-08,Chesterfield,19-Oct,167,0,0
2020-06-08,Chesterfield,20-29,282,4,0
2020-06-08,Chesterfield,30-39,384,3,0
2020-06-08,Chesterfield,40-49,358,12,2
2020-06-08,Chesterfield,50-59,299,21,1
2020-06-08,Chesterfield,60-69,205,20,8
2020-06-08,Chesterfield,70-79,101,16,13
2020-06-08,Chesterfield,80+,121,25,30
2020-06-08,Chesterfield,Missing,44,0,0
2020-06-08,Chickahominy,0-9,7,0,0
2020-06-08,Chickahominy,19-Oct,24,0,0
2020-06-08,Chickahominy,20-29,63,0,0
2020-06-08,Chickahominy,30-39,68,0,0
2020-06-08,Chickahominy,40-49,72,10,1
2020-06-08,Chickahominy,50-59,94,17,1
2020-06-08,Chickahominy,60-69,64,16,6
2020-06-08,Chickahominy,70-79,48,17,5
2020-06-08,Chickahominy,80+,78,28,20
2020-06-08,Chickahominy,Missing,8,0,0
2020-06-08,Crater,0-9,14,1,0
2020-06-08,Crater,19-Oct,31,0,0
2020-06-08,Crater,20-29,153,6,0
2020-06-08,Crater,30-39,177,3,0
2020-06-08,Crater,40-49,163,12,1
2020-06-08,Crater,50-59,189,21,2
2020-06-08,Crater,60-69,154,31,10
2020-06-08,Crater,70-79,106,22,6
2020-06-08,Crater,80+,68,10,2
2020-06-08,Crater,Missing,7,0,0
2020-06-08,"Cumberland Plateau",0-9,0,0,0
2020-06-08,"Cumberland Plateau",19-Oct,13,0,0
2020-06-08,"Cumberland Plateau",20-29,1,0,0
2020-06-08,"Cumberland Plateau",30-39,6,0,0
2020-06-08,"Cumberland Plateau",40-49,6,0,0
2020-06-08,"Cumberland Plateau",50-59,4,1,0
2020-06-08,"Cumberland Plateau",60-69,4,1,0
2020-06-08,"Cumberland Plateau",70-79,2,0,0
2020-06-08,"Cumberland Plateau",80+,0,0,0
2020-06-08,"Cumberland Plateau",Missing,0,0,0
2020-06-08,"Eastern Shore",0-9,12,1,0
2020-06-08,"Eastern Shore",19-Oct,54,1,0
2020-06-08,"Eastern Shore",20-29,187,4,0
2020-06-08,"Eastern Shore",30-39,224,8,0
2020-06-08,"Eastern Shore",40-49,237,8,2
2020-06-08,"Eastern Shore",50-59,267,16,5
2020-06-08,"Eastern Shore",60-69,166,19,8
2020-06-08,"Eastern Shore",70-79,45,13,8
2020-06-08,"Eastern Shore",80+,46,17,16
2020-06-08,"Eastern Shore",Missing,0,0,0
2020-06-08,Fairfax,0-9,392,12,0
2020-06-08,Fairfax,19-Oct,679,17,0
2020-06-08,Fairfax,20-29,1907,59,2
2020-06-08,Fairfax,30-39,2488,146,4
2020-06-08,Fairfax,40-49,2422,213,7
2020-06-08,Fairfax,50-59,2004,250,25
2020-06-08,Fairfax,60-69,1308,264,45
2020-06-08,Fairfax,70-79,631,215,89
2020-06-08,Fairfax,80+,770,272,255
2020-06-08,Fairfax,Missing,127,1,0
2020-06-08,Hampton,0-9,8,0,0
2020-06-08,Hampton,19-Oct,12,0,0
2020-06-08,Hampton,20-29,42,2,0
2020-06-08,Hampton,30-39,38,2,0
2020-06-08,Hampton,40-49,35,2,0
2020-06-08,Hampton,50-59,41,8,1
2020-06-08,Hampton,60-69,29,10,2
2020-06-08,Hampton,70-79,13,7,0
2020-06-08,Hampton,80+,4,2,1
2020-06-08,Hampton,Missing,5,0,0
2020-06-08,Henrico,0-9,79,1,0
2020-06-08,Henrico,19-Oct,89,2,0
2020-06-08,Henrico,20-29,278,13,0
2020-06-08,Henrico,30-39,330,10,0
2020-06-08,Henrico,40-49,306,19,2
2020-06-08,Henrico,50-59,268,27,7
2020-06-08,Henrico,60-69,254,39,23
2020-06-08,Henrico,70-79,190,43,33
2020-06-08,Henrico,80+,301,63,68
2020-06-08,Henrico,Missing,33,1,1
2020-06-08,Lenowisco,0-9,3,0,0
2020-06-08,Lenowisco,19-Oct,3,0,0
2020-06-08,Lenowisco,20-29,6,0,0
2020-06-08,Lenowisco,30-39,4,1,1
2020-06-08,Lenowisco,40-49,7,2,0
2020-06-08,Lenowisco,50-59,13,5,0
2020-06-08,Lenowisco,60-69,5,4,2
2020-06-08,Lenowisco,70-79,5,4,1
2020-06-08,Lenowisco,80+,0,0,0
2020-06-08,Lenowisco,Missing,0,0,0
2020-06-08,"Lord Fairfax",0-9,46,0,0
2020-06-08,"Lord Fairfax",19-Oct,91,0,0
2020-06-08,"Lord Fairfax",20-29,289,4,0
2020-06-08,"Lord Fairfax",30-39,270,10,1
2020-06-08,"Lord Fairfax",40-49,257,10,1
2020-06-08,"Lord Fairfax",50-59,273,20,2
2020-06-08,"Lord Fairfax",60-69,190,37,10
2020-06-08,"Lord Fairfax",70-79,101,26,12
2020-06-08,"Lord Fairfax",80+,109,27,32
2020-06-08,"Lord Fairfax",Missing,2,0,0
2020-06-08,Loudoun,0-9,116,2,0
2020-06-08,Loudoun,19-Oct,212,0,0
2020-06-08,Loudoun,20-29,495,4,0
2020-06-08,Loudoun,30-39,580,15,0
2020-06-08,Loudoun,40-49,669,26,0
2020-06-08,Loudoun,50-59,512,28,1
2020-06-08,Loudoun,60-69,209,31,3
2020-06-08,Loudoun,70-79,126,33,10
2020-06-08,Loudoun,80+,174,42,53
2020-06-08,Loudoun,Missing,54,0,0
2020-06-08,"Mount Rogers",0-9,22,1,0
2020-06-08,"Mount Rogers",19-Oct,34,0,0
2020-06-08,"Mount Rogers",20-29,68,0,0
2020-06-08,"Mount Rogers",30-39,78,3,0
2020-06-08,"Mount Rogers",40-49,62,0,0
2020-06-08,"Mount Rogers",50-59,65,3,0
2020-06-08,"Mount Rogers",60-69,53,4,0
2020-06-08,"Mount Rogers",70-79,34,16,2
2020-06-08,"Mount Rogers",80+,37,14,8
2020-06-08,"Mount Rogers",Missing,1,0,0
2020-06-08,"New River",0-9,3,0,0
2020-06-08,"New River",19-Oct,7,0,0
2020-06-08,"New River",20-29,34,0,0
2020-06-08,"New River",30-39,18,1,0
2020-06-08,"New River",40-49,20,1,0
2020-06-08,"New River",50-59,23,3,0
2020-06-08,"New River",60-69,19,2,0
2020-06-08,"New River",70-79,12,8,3
2020-06-08,"New River",80+,6,2,0
2020-06-08,"New River",Missing,0,0,0
2020-06-08,Norfolk,0-9,15,0,0
2020-06-08,Norfolk,19-Oct,37,1,0
2020-06-08,Norfolk,20-29,130,1,0
2020-06-08,Norfolk,30-39,124,8,0
2020-06-08,Norfolk,40-49,96,10,0
2020-06-08,Norfolk,50-59,92,13,0
2020-06-08,Norfolk,60-69,57,18,1
2020-06-08,Norfolk,70-79,23,13,3
2020-06-08,Norfolk,80+,9,6,3
2020-06-08,Norfolk,Missing,6,1,0
2020-06-08,Peninsula,0-9,22,0,0
2020-06-08,Peninsula,19-Oct,25,1,0
2020-06-08,Peninsula,20-29,95,1,0
2020-06-08,Peninsula,30-39,103,7,1
2020-06-08,Peninsula,40-49,87,5,1
2020-06-08,Peninsula,50-59,110,16,2
2020-06-08,Peninsula,60-69,106,27,3
2020-06-08,Peninsula,70-79,78,38,11
2020-06-08,Peninsula,80+,46,23,15
2020-06-08,Peninsula,Missing,8,0,0
2020-06-08,Piedmont,0-9,10,0,0
2020-06-08,Piedmont,19-Oct,19,0,0
2020-06-08,Piedmont,20-29,125,0,0
2020-06-08,Piedmont,30-39,144,1,0
2020-06-08,Piedmont,40-49,153,6,0
2020-06-08,Piedmont,50-59,157,16,0
2020-06-08,Piedmont,60-69,117,14,2
2020-06-08,Piedmont,70-79,48,13,2
2020-06-08,Piedmont,80+,30,9,2
2020-06-08,Piedmont,Missing,1,0,0
2020-06-08,Pittsylvania-Danville,0-9,1,0,0
2020-06-08,Pittsylvania-Danville,19-Oct,3,0,0
2020-06-08,Pittsylvania-Danville,20-29,12,0,0
2020-06-08,Pittsylvania-Danville,30-39,12,0,0
2020-06-08,Pittsylvania-Danville,40-49,25,5,0
2020-06-08,Pittsylvania-Danville,50-59,23,6,0
2020-06-08,Pittsylvania-Danville,60-69,17,7,1
2020-06-08,Pittsylvania-Danville,70-79,14,8,0
2020-06-08,Pittsylvania-Danville,80+,3,2,2
2020-06-08,Pittsylvania-Danville,Missing,0,0,0
2020-06-08,Portsmouth,0-9,4,1,0
2020-06-08,Portsmouth,19-Oct,11,0,0
2020-06-08,Portsmouth,20-29,56,3,0
2020-06-08,Portsmouth,30-39,77,3,0
2020-06-08,Portsmouth,40-49,53,4,0
2020-06-08,Portsmouth,50-59,61,13,1
2020-06-08,Portsmouth,60-69,38,11,4
2020-06-08,Portsmouth,70-79,22,7,3
2020-06-08,Portsmouth,80+,17,6,3
2020-06-08,Portsmouth,Missing,4,0,0
2020-06-08,"Prince William",0-9,260,5,0
2020-06-08,"Prince William",19-Oct,547,7,0
2020-06-08,"Prince William",20-29,1397,41,0
2020-06-08,"Prince William",30-39,1489,82,2
2020-06-08,"Prince William",40-49,1723,118,5
2020-06-08,"Prince William",50-59,1238,153,10
2020-06-08,"Prince William",60-69,662,125,27
2020-06-08,"Prince William",70-79,249,66,34
2020-06-08,"Prince William",80+,194,60,57
2020-06-08,"Prince William",Missing,126,1,0
2020-06-08,Rappahannock,0-9,76,1,0
2020-06-08,Rappahannock,19-Oct,155,1,0
2020-06-08,Rappahannock,20-29,318,9,0
2020-06-08,Rappahannock,30-39,402,20,0
2020-06-08,Rappahannock,40-49,357,30,2
2020-06-08,Rappahannock,50-59,303,37,2
2020-06-08,Rappahannock,60-69,171,39,4
2020-06-08,Rappahannock,70-79,58,18,7
2020-06-08,Rappahannock,80+,32,17,4
2020-06-08,Rappahannock,Missing,17,0,0
2020-06-08,"Rappahannock Rapidan",0-9,67,1,0
2020-06-08,"Rappahannock Rapidan",19-Oct,116,3,0
2020-06-08,"Rappahannock Rapidan",20-29,255,4,0
2020-06-08,"Rappahannock Rapidan",30-39,269,14,1
2020-06-08,"Rappahannock Rapidan",40-49,260,15,1
2020-06-08,"Rappahannock Rapidan",50-59,185,22,2
2020-06-08,"Rappahannock Rapidan",60-69,94,14,2
2020-06-08,"Rappahannock Rapidan",70-79,31,11,7
2020-06-08,"Rappahannock Rapidan",80+,20,12,4
2020-06-08,"Rappahannock Rapidan",Missing,6,0,0
2020-06-08,Richmond,0-9,59,2,0
2020-06-08,Richmond,19-Oct,120,2,0
2020-06-08,Richmond,20-29,318,9,0
2020-06-08,Richmond,30-39,350,18,1
2020-06-08,Richmond,40-49,300,25,1
2020-06-08,Richmond,50-59,228,36,2
2020-06-08,Richmond,60-69,166,39,6
2020-06-08,Richmond,70-79,63,28,8
2020-06-08,Richmond,80+,33,15,8
2020-06-08,Richmond,Missing,14,0,0
2020-06-08,Roanoke,0-9,6,0,0
2020-06-08,Roanoke,19-Oct,9,0,0
2020-06-08,Roanoke,20-29,31,0,0
2020-06-08,Roanoke,30-39,39,0,0
2020-06-08,Roanoke,40-49,27,1,0
2020-06-08,Roanoke,50-59,23,1,0
2020-06-08,Roanoke,60-69,13,2,0
2020-06-08,Roanoke,70-79,10,3,0
2020-06-08,Roanoke,80+,38,3,10
2020-06-08,Roanoke,Missing,3,0,0
2020-06-08,Southside,0-9,1,0,0
2020-06-08,Southside,19-Oct,4,0,0
2020-06-08,Southside,20-29,30,2,0
2020-06-08,Southside,30-39,25,0,0
2020-06-08,Southside,40-49,23,5,0
2020-06-08,Southside,50-59,44,6,0
2020-06-08,Southside,60-69,45,11,3
2020-06-08,Southside,70-79,49,9,11
2020-06-08,Southside,80+,76,11,11
2020-06-08,Southside,Missing,0,0,0
2020-06-08,"Thomas Jefferson",0-9,22,1,0
2020-06-08,"Thomas Jefferson",19-Oct,30,0,0
2020-06-08,"Thomas Jefferson",20-29,94,1,0
2020-06-08,"Thomas Jefferson",30-39,127,5,0
2020-06-08,"Thomas Jefferson",40-49,102,5,0
2020-06-08,"Thomas Jefferson",50-59,84,9,1
2020-06-08,"Thomas Jefferson",60-69,61,17,2
2020-06-08,"Thomas Jefferson",70-79,53,17,2
2020-06-08,"Thomas Jefferson",80+,70,22,14
2020-06-08,"Thomas Jefferson",Missing,1,0,0
2020-06-08,"Three Rivers",0-9,9,1,0
2020-06-08,"Three Rivers",19-Oct,21,0,0
2020-06-08,"Three Rivers",20-29,95,3,0
2020-06-08,"Three Rivers",30-39,128,2,0
2020-06-08,"Three Rivers",40-49,122,9,2
2020-06-08,"Three Rivers",50-59,78,5,0
2020-06-08,"Three Rivers",60-69,67,10,0
2020-06-08,"Three Rivers",70-79,25,6,5
2020-06-08,"Three Rivers",80+,25,5,3
2020-06-08,"Three Rivers",Missing,1,0,0
2020-06-08,"Virginia Beach",0-9,10,0,0
2020-06-08,"Virginia Beach",19-Oct,32,0,0
2020-06-08,"Virginia Beach",20-29,139,2,0
2020-06-08,"Virginia Beach",30-39,117,9,1
2020-06-08,"Virginia Beach",40-49,126,17,1
2020-06-08,"Virginia Beach",50-59,119,13,0
2020-06-08,"Virginia Beach",60-69,111,14,1
2020-06-08,"Virginia Beach",70-79,58,25,7
2020-06-08,"Virginia Beach",80+,74,22,15
2020-06-08,"Virginia Beach",Missing,24,0,0
2020-06-08,"West Piedmont",0-9,7,0,0
2020-06-08,"West Piedmont",19-Oct,26,0,0
2020-06-08,"West Piedmont",20-29,37,0,0
2020-06-08,"West Piedmont",30-39,40,1,0
2020-06-08,"West Piedmont",40-49,50,3,1
2020-06-08,"West Piedmont",50-59,64,8,1
2020-06-08,"West Piedmont",60-69,34,2,0
2020-06-08,"West Piedmont",70-79,19,6,3
2020-06-08,"West Piedmont",80+,9,3,0
2020-06-08,"West Piedmont",Missing,1,0,0
2020-06-08,"Western Tidewater",0-9,5,0,0
2020-06-08,"Western Tidewater",19-Oct,12,0,0
2020-06-08,"Western Tidewater",20-29,50,2,0
2020-06-08,"Western Tidewater",30-39,75,4,0
2020-06-08,"Western Tidewater",40-49,86,5,1
2020-06-08,"Western Tidewater",50-59,119,12,2
2020-06-08,"Western Tidewater",60-69,107,13,4
2020-06-08,"Western Tidewater",70-79,80,18,13
2020-06-08,"Western Tidewater",80+,127,23,20
2020-06-08,"Western Tidewater",Missing,4,0,0
2020-06-09,Alexandria,0-9,116,2,0
2020-06-09,Alexandria,19-Oct,139,2,0
2020-06-09,Alexandria,20-29,323,6,1
2020-06-09,Alexandria,30-39,492,27,0
2020-06-09,Alexandria,40-49,395,33,0
2020-06-09,Alexandria,50-59,277,41,9
2020-06-09,Alexandria,60-69,184,41,2
2020-06-09,Alexandria,70-79,95,34,14
2020-06-09,Alexandria,80+,83,26,21
2020-06-09,Alexandria,Missing,11,0,0
2020-06-09,Alleghany,0-9,3,0,0
2020-06-09,Alleghany,19-Oct,9,0,0
2020-06-09,Alleghany,20-29,52,1,0
2020-06-09,Alleghany,30-39,27,2,0
2020-06-09,Alleghany,40-49,27,0,0
2020-06-09,Alleghany,50-59,44,4,1
2020-06-09,Alleghany,60-69,29,6,1
2020-06-09,Alleghany,70-79,27,4,8
2020-06-09,Alleghany,80+,24,8,5
2020-06-09,Alleghany,Missing,1,0,0
2020-06-09,Arlington,0-9,39,2,0
2020-06-09,Arlington,19-Oct,78,5,0
2020-06-09,Arlington,20-29,369,20,0
2020-06-09,Arlington,30-39,411,41,0
2020-06-09,Arlington,40-49,388,44,3
2020-06-09,Arlington,50-59,351,61,6
2020-06-09,Arlington,60-69,264,74,18
2020-06-09,Arlington,70-79,162,70,31
2020-06-09,Arlington,80+,193,77,64
2020-06-09,Arlington,Missing,10,1,0
2020-06-09,"Central Shenandoah",0-9,42,0,0
2020-06-09,"Central Shenandoah",19-Oct,94,1,0
2020-06-09,"Central Shenandoah",20-29,309,5,0
2020-06-09,"Central Shenandoah",30-39,272,6,0
2020-06-09,"Central Shenandoah",40-49,286,7,0
2020-06-09,"Central Shenandoah",50-59,313,27,1
2020-06-09,"Central Shenandoah",60-69,215,38,8
2020-06-09,"Central Shenandoah",70-79,109,33,11
2020-06-09,"Central Shenandoah",80+,81,18,11
2020-06-09,"Central Shenandoah",Missing,0,0,0
2020-06-09,"Central Virginia",0-9,5,0,0
2020-06-09,"Central Virginia",19-Oct,14,1,0
2020-06-09,"Central Virginia",20-29,37,2,0
2020-06-09,"Central Virginia",30-39,42,2,0
2020-06-09,"Central Virginia",40-49,41,0,0
2020-06-09,"Central Virginia",50-59,42,2,1
2020-06-09,"Central Virginia",60-69,37,4,1
2020-06-09,"Central Virginia",70-79,20,4,2
2020-06-09,"Central Virginia",80+,12,2,0
2020-06-09,"Central Virginia",Missing,0,0,0
2020-06-09,Chesapeake,0-9,14,1,0
2020-06-09,Chesapeake,19-Oct,24,1,0
2020-06-09,Chesapeake,20-29,83,3,0
2020-06-09,Chesapeake,30-39,116,6,0
2020-06-09,Chesapeake,40-49,101,15,0
2020-06-09,Chesapeake,50-59,103,19,1
2020-06-09,Chesapeake,60-69,80,19,4
2020-06-09,Chesapeake,70-79,42,19,2
2020-06-09,Chesapeake,80+,36,13,8
2020-06-09,Chesapeake,Missing,6,1,0
2020-06-09,Chesterfield,0-9,59,0,0
2020-06-09,Chesterfield,19-Oct,175,0,0
2020-06-09,Chesterfield,20-29,294,4,0
2020-06-09,Chesterfield,30-39,402,3,0
2020-06-09,Chesterfield,40-49,374,12,2
2020-06-09,Chesterfield,50-59,305,21,1
2020-06-09,Chesterfield,60-69,208,21,8
2020-06-09,Chesterfield,70-79,101,17,13
2020-06-09,Chesterfield,80+,122,25,30
2020-06-09,Chesterfield,Missing,53,0,0
2020-06-09,Chickahominy,0-9,8,0,0
2020-06-09,Chickahominy,19-Oct,25,0,0
2020-06-09,Chickahominy,20-29,63,0,0
2020-06-09,Chickahominy,30-39,69,0,0
2020-06-09,Chickahominy,40-49,73,10,1
2020-06-09,Chickahominy,50-59,95,19,1
2020-06-09,Chickahominy,60-69,64,16,6
2020-06-09,Chickahominy,70-79,48,17,5
2020-06-09,Chickahominy,80+,78,28,20
2020-06-09,Chickahominy,Missing,9,0,0
2020-06-09,Crater,0-9,14,1,0
2020-06-09,Crater,19-Oct,31,0,0
2020-06-09,Crater,20-29,158,6,0
2020-06-09,Crater,30-39,183,3,0
2020-06-09,Crater,40-49,170,12,1
2020-06-09,Crater,50-59,195,21,2
2020-06-09,Crater,60-69,159,31,10
2020-06-09,Crater,70-79,108,22,6
2020-06-09,Crater,80+,68,10,2
2020-06-09,Crater,Missing,7,0,0
2020-06-09,"Cumberland Plateau",0-9,0,0,0
2020-06-09,"Cumberland Plateau",19-Oct,13,0,0
2020-06-09,"Cumberland Plateau",20-29,1,0,0
2020-06-09,"Cumberland Plateau",30-39,5,0,0
2020-06-09,"Cumberland Plateau",40-49,6,0,0
2020-06-09,"Cumberland Plateau",50-59,4,1,0
2020-06-09,"Cumberland Plateau",60-69,4,1,0
2020-06-09,"Cumberland Plateau",70-79,2,0,0
2020-06-09,"Cumberland Plateau",80+,0,0,0
2020-06-09,"Cumberland Plateau",Missing,0,0,0
2020-06-09,"Eastern Shore",0-9,12,1,0
2020-06-09,"Eastern Shore",19-Oct,54,1,0
2020-06-09,"Eastern Shore",20-29,187,4,0
2020-06-09,"Eastern Shore",30-39,224,8,0
2020-06-09,"Eastern Shore",40-49,236,8,2
2020-06-09,"Eastern Shore",50-59,268,16,5
2020-06-09,"Eastern Shore",60-69,166,20,8
2020-06-09,"Eastern Shore",70-79,45,13,8
2020-06-09,"Eastern Shore",80+,47,17,17
2020-06-09,"Eastern Shore",Missing,0,0,0
2020-06-09,Fairfax,0-9,394,12,0
2020-06-09,Fairfax,19-Oct,689,17,0
2020-06-09,Fairfax,20-29,1926,59,2
2020-06-09,Fairfax,30-39,2506,146,4
2020-06-09,Fairfax,40-49,2438,213,8
2020-06-09,Fairfax,50-59,2016,254,25
2020-06-09,Fairfax,60-69,1317,265,45
2020-06-09,Fairfax,70-79,634,215,89
2020-06-09,Fairfax,80+,772,273,256
2020-06-09,Fairfax,Missing,128,1,0
2020-06-09,Hampton,0-9,8,0,0
2020-06-09,Hampton,19-Oct,12,0,0
2020-06-09,Hampton,20-29,42,2,0
2020-06-09,Hampton,30-39,38,3,0
2020-06-09,Hampton,40-49,34,3,0
2020-06-09,Hampton,50-59,42,8,1
2020-06-09,Hampton,60-69,30,10,2
2020-06-09,Hampton,70-79,13,7,0
2020-06-09,Hampton,80+,4,2,1
2020-06-09,Hampton,Missing,5,0,0
2020-06-09,Henrico,0-9,83,1,0
2020-06-09,Henrico,19-Oct,90,2,0
2020-06-09,Henrico,20-29,283,13,0
2020-06-09,Henrico,30-39,333,10,0
2020-06-09,Henrico,40-49,308,20,2
2020-06-09,Henrico,50-59,268,28,7
2020-06-09,Henrico,60-69,256,39,23
2020-06-09,Henrico,70-79,190,43,33
2020-06-09,Henrico,80+,302,63,68
2020-06-09,Henrico,Missing,33,1,1
2020-06-09,Lenowisco,0-9,3,0,0
2020-06-09,Lenowisco,19-Oct,3,0,0
2020-06-09,Lenowisco,20-29,6,0,0
2020-06-09,Lenowisco,30-39,3,1,1
2020-06-09,Lenowisco,40-49,7,2,0
2020-06-09,Lenowisco,50-59,13,5,0
2020-06-09,Lenowisco,60-69,5,4,2
2020-06-09,Lenowisco,70-79,5,4,1
2020-06-09,Lenowisco,80+,0,0,0
2020-06-09,Lenowisco,Missing,0,0,0
2020-06-09,"Lord Fairfax",0-9,46,0,0
2020-06-09,"Lord Fairfax",19-Oct,91,0,0
2020-06-09,"Lord Fairfax",20-29,290,4,0
2020-06-09,"Lord Fairfax",30-39,275,10,1
2020-06-09,"Lord Fairfax",40-49,259,10,1
2020-06-09,"Lord Fairfax",50-59,276,20,2
2020-06-09,"Lord Fairfax",60-69,191,38,10
2020-06-09,"Lord Fairfax",70-79,102,27,12
2020-06-09,"Lord Fairfax",80+,109,27,32
2020-06-09,"Lord Fairfax",Missing,2,0,0
2020-06-09,Loudoun,0-9,116,2,0
2020-06-09,Loudoun,19-Oct,213,0,0
2020-06-09,Loudoun,20-29,499,4,0
2020-06-09,Loudoun,30-39,588,16,0
2020-06-09,Loudoun,40-49,673,26,0
2020-06-09,Loudoun,50-59,521,29,1
2020-06-09,Loudoun,60-69,210,32,3
2020-06-09,Loudoun,70-79,127,34,10
2020-06-09,Loudoun,80+,173,42,53
2020-06-09,Loudoun,Missing,54,0,0
2020-06-09,"Mount Rogers",0-9,23,1,0
2020-06-09,"Mount Rogers",19-Oct,34,0,0
2020-06-09,"Mount Rogers",20-29,68,0,0
2020-06-09,"Mount Rogers",30-39,79,3,0
2020-06-09,"Mount Rogers",40-49,63,0,0
2020-06-09,"Mount Rogers",50-59,65,3,1
2020-06-09,"Mount Rogers",60-69,53,4,0
2020-06-09,"Mount Rogers",70-79,37,17,2
2020-06-09,"Mount Rogers",80+,43,17,9
2020-06-09,"Mount Rogers",Missing,1,0,0
2020-06-09,"New River",0-9,3,0,0
2020-06-09,"New River",19-Oct,7,0,0
2020-06-09,"New River",20-29,34,0,0
2020-06-09,"New River",30-39,18,1,0
2020-06-09,"New River",40-49,20,1,0
2020-06-09,"New River",50-59,24,3,0
2020-06-09,"New River",60-69,19,2,0
2020-06-09,"New River",70-79,12,8,3
2020-06-09,"New River",80+,6,2,0
2020-06-09,"New River",Missing,0,0,0
2020-06-09,Norfolk,0-9,15,0,0
2020-06-09,Norfolk,19-Oct,38,1,0
2020-06-09,Norfolk,20-29,132,1,0
2020-06-09,Norfolk,30-39,125,8,0
2020-06-09,Norfolk,40-49,96,10,0
2020-06-09,Norfolk,50-59,94,14,0
2020-06-09,Norfolk,60-69,57,18,1
2020-06-09,Norfolk,70-79,23,13,3
2020-06-09,Norfolk,80+,10,7,3
2020-06-09,Norfolk,Missing,6,1,0
2020-06-09,Peninsula,0-9,22,0,0
2020-06-09,Peninsula,19-Oct,25,1,0
2020-06-09,Peninsula,20-29,96,1,0
2020-06-09,Peninsula,30-39,103,7,1
2020-06-09,Peninsula,40-49,88,5,1
2020-06-09,Peninsula,50-59,112,16,2
2020-06-09,Peninsula,60-69,108,27,3
2020-06-09,Peninsula,70-79,81,38,11
2020-06-09,Peninsula,80+,47,23,15
2020-06-09,Peninsula,Missing,8,0,0
2020-06-09,Piedmont,0-9,10,0,0
2020-06-09,Piedmont,19-Oct,19,0,0
2020-06-09,Piedmont,20-29,127,0,0
2020-06-09,Piedmont,30-39,145,1,0
2020-06-09,Piedmont,40-49,154,6,0
2020-06-09,Piedmont,50-59,158,17,0
2020-06-09,Piedmont,60-69,118,14,2
2020-06-09,Piedmont,70-79,48,13,2
2020-06-09,Piedmont,80+,30,9,2
2020-06-09,Piedmont,Missing,1,0,0
2020-06-09,Pittsylvania-Danville,0-9,1,0,0
2020-06-09,Pittsylvania-Danville,19-Oct,3,0,0
2020-06-09,Pittsylvania-Danville,20-29,12,0,0
2020-06-09,Pittsylvania-Danville,30-39,12,0,0
2020-06-09,Pittsylvania-Danville,40-49,25,5,0
2020-06-09,Pittsylvania-Danville,50-59,23,6,0
2020-06-09,Pittsylvania-Danville,60-69,17,7,1
2020-06-09,Pittsylvania-Danville,70-79,14,8,0
2020-06-09,Pittsylvania-Danville,80+,3,2,2
2020-06-09,Pittsylvania-Danville,Missing,0,0,0
2020-06-09,Portsmouth,0-9,4,1,0
2020-06-09,Portsmouth,19-Oct,11,0,0
2020-06-09,Portsmouth,20-29,58,3,0
2020-06-09,Portsmouth,30-39,79,3,0
2020-06-09,Portsmouth,40-49,53,4,0
2020-06-09,Portsmouth,50-59,63,13,1
2020-06-09,Portsmouth,60-69,39,11,4
2020-06-09,Portsmouth,70-79,22,7,3
2020-06-09,Portsmouth,80+,18,6,3
2020-06-09,Portsmouth,Missing,4,0,0
2020-06-09,"Prince William",0-9,262,5,0
2020-06-09,"Prince William",19-Oct,551,7,0
2020-06-09,"Prince William",20-29,1414,42,0
2020-06-09,"Prince William",30-39,1497,82,2
2020-06-09,"Prince William",40-49,1736,120,6
2020-06-09,"Prince William",50-59,1252,155,10
2020-06-09,"Prince William",60-69,667,129,27
2020-06-09,"Prince William",70-79,251,66,34
2020-06-09,"Prince William",80+,194,62,57
2020-06-09,"Prince William",Missing,125,1,0
2020-06-09,Rappahannock,0-9,77,1,0
2020-06-09,Rappahannock,19-Oct,157,1,0
2020-06-09,Rappahannock,20-29,319,9,0
2020-06-09,Rappahannock,30-39,408,20,0
2020-06-09,Rappahannock,40-49,361,31,2
2020-06-09,Rappahannock,50-59,304,39,2
2020-06-09,Rappahannock,60-69,170,39,5
2020-06-09,Rappahannock,70-79,60,20,8
2020-06-09,Rappahannock,80+,32,17,4
2020-06-09,Rappahannock,Missing,17,0,0
2020-06-09,"Rappahannock Rapidan",0-9,67,1,0
2020-06-09,"Rappahannock Rapidan",19-Oct,117,3,0
2020-06-09,"Rappahannock Rapidan",20-29,255,4,0
2020-06-09,"Rappahannock Rapidan",30-39,270,14,1
2020-06-09,"Rappahannock Rapidan",40-49,264,15,1
2020-06-09,"Rappahannock Rapidan",50-59,186,22,2
2020-06-09,"Rappahannock Rapidan",60-69,94,14,2
2020-06-09,"Rappahannock Rapidan",70-79,33,11,7
2020-06-09,"Rappahannock Rapidan",80+,20,12,4
2020-06-09,"Rappahannock Rapidan",Missing,6,0,0
2020-06-09,Richmond,0-9,59,2,0
2020-06-09,Richmond,19-Oct,121,2,0
2020-06-09,Richmond,20-29,322,9,0
2020-06-09,Richmond,30-39,353,18,1
2020-06-09,Richmond,40-49,301,25,1
2020-06-09,Richmond,50-59,231,36,2
2020-06-09,Richmond,60-69,168,39,6
2020-06-09,Richmond,70-79,64,30,9
2020-06-09,Richmond,80+,34,16,8
2020-06-09,Richmond,Missing,14,0,0
2020-06-09,Roanoke,0-9,6,0,0
2020-06-09,Roanoke,19-Oct,9,0,0
2020-06-09,Roanoke,20-29,34,0,0
2020-06-09,Roanoke,30-39,39,0,0
2020-06-09,Roanoke,40-49,28,1,0
2020-06-09,Roanoke,50-59,23,1,0
2020-06-09,Roanoke,60-69,14,2,0
2020-06-09,Roanoke,70-79,10,3,0
2020-06-09,Roanoke,80+,38,3,10
2020-06-09,Roanoke,Missing,3,0,0
2020-06-09,Southside,0-9,1,0,0
2020-06-09,Southside,19-Oct,4,0,0
2020-06-09,Southside,20-29,30,2,0
2020-06-09,Southside,30-39,25,0,0
2020-06-09,Southside,40-49,23,5,0
2020-06-09,Southside,50-59,44,6,0
2020-06-09,Southside,60-69,45,11,3
2020-06-09,Southside,70-79,49,9,11
2020-06-09,Southside,80+,76,11,12
2020-06-09,Southside,Missing,0,0,0
2020-06-09,"Thomas Jefferson",0-9,22,1,0
2020-06-09,"Thomas Jefferson",19-Oct,31,0,0
2020-06-09,"Thomas Jefferson",20-29,94,1,0
2020-06-09,"Thomas Jefferson",30-39,129,5,0
2020-06-09,"Thomas Jefferson",40-49,103,5,0
2020-06-09,"Thomas Jefferson",50-59,85,9,1
2020-06-09,"Thomas Jefferson",60-69,61,17,2
2020-06-09,"Thomas Jefferson",70-79,53,17,2
2020-06-09,"Thomas Jefferson",80+,70,22,14
2020-06-09,"Thomas Jefferson",Missing,1,0,0
2020-06-09,"Three Rivers",0-9,9,1,0
2020-06-09,"Three Rivers",19-Oct,20,0,0
2020-06-09,"Three Rivers",20-29,96,3,0
2020-06-09,"Three Rivers",30-39,126,2,0
2020-06-09,"Three Rivers",40-49,121,9,2
2020-06-09,"Three Rivers",50-59,78,5,0
2020-06-09,"Three Rivers",60-69,67,10,0
2020-06-09,"Three Rivers",70-79,24,5,4
2020-06-09,"Three Rivers",80+,25,5,3
2020-06-09,"Three Rivers",Missing,1,0,0
2020-06-09,"Virginia Beach",0-9,10,0,0
2020-06-09,"Virginia Beach",19-Oct,32,0,0
2020-06-09,"Virginia Beach",20-29,141,2,0
2020-06-09,"Virginia Beach",30-39,119,9,1
2020-06-09,"Virginia Beach",40-49,126,17,1
2020-06-09,"Virginia Beach",50-59,119,13,0
2020-06-09,"Virginia Beach",60-69,111,14,1
2020-06-09,"Virginia Beach",70-79,59,25,7
2020-06-09,"Virginia Beach",80+,74,24,17
2020-06-09,"Virginia Beach",Missing,24,0,0
2020-06-09,"West Piedmont",0-9,7,0,0
2020-06-09,"West Piedmont",19-Oct,26,0,0
2020-06-09,"West Piedmont",20-29,38,0,0
2020-06-09,"West Piedmont",30-39,40,1,0
2020-06-09,"West Piedmont",40-49,51,4,1
2020-06-09,"West Piedmont",50-59,66,9,1
2020-06-09,"West Piedmont",60-69,35,2,0
2020-06-09,"West Piedmont",70-79,19,6,3
2020-06-09,"West Piedmont",80+,10,4,0
2020-06-09,"West Piedmont",Missing,1,0,0
2020-06-09,"Western Tidewater",0-9,5,0,0
2020-06-09,"Western Tidewater",19-Oct,12,0,0
2020-06-09,"Western Tidewater",20-29,51,2,0
2020-06-09,"Western Tidewater",30-39,75,4,0
2020-06-09,"Western Tidewater",40-49,87,5,1
2020-06-09,"Western Tidewater",50-59,119,12,2
2020-06-09,"Western Tidewater",60-69,107,13,5
2020-06-09,"Western Tidewater",70-79,80,18,16
2020-06-09,"Western Tidewater",80+,129,23,22
2020-06-09,"Western Tidewater",Missing,4,0,0
2020-06-10,Alexandria,0-9,117,2,0
2020-06-10,Alexandria,19-Oct,139,2,0
2020-06-10,Alexandria,20-29,323,6,1
2020-06-10,Alexandria,30-39,493,28,0
2020-06-10,Alexandria,40-49,396,35,0
2020-06-10,Alexandria,50-59,281,42,9
2020-06-10,Alexandria,60-69,183,40,1
2020-06-10,Alexandria,70-79,98,35,15
2020-06-10,Alexandria,80+,83,26,21
2020-06-10,Alexandria,Missing,12,0,0
2020-06-10,Alleghany,0-9,3,0,0
2020-06-10,Alleghany,19-Oct,9,0,0
2020-06-10,Alleghany,20-29,52,1,0
2020-06-10,Alleghany,30-39,27,2,0
2020-06-10,Alleghany,40-49,28,0,0
2020-06-10,Alleghany,50-59,44,4,1
2020-06-10,Alleghany,60-69,29,6,1
2020-06-10,Alleghany,70-79,26,4,7
2020-06-10,Alleghany,80+,24,8,5
2020-06-10,Alleghany,Missing,1,0,0
2020-06-10,Arlington,0-9,38,2,0
2020-06-10,Arlington,19-Oct,80,5,0
2020-06-10,Arlington,20-29,375,20,0
2020-06-10,Arlington,30-39,415,41,0
2020-06-10,Arlington,40-49,391,44,3
2020-06-10,Arlington,50-59,352,61,6
2020-06-10,Arlington,60-69,264,74,18
2020-06-10,Arlington,70-79,163,70,31
2020-06-10,Arlington,80+,192,76,63
2020-06-10,Arlington,Missing,10,1,0
2020-06-10,"Central Shenandoah",0-9,42,0,0
2020-06-10,"Central Shenandoah",19-Oct,95,1,0
2020-06-10,"Central Shenandoah",20-29,312,5,0
2020-06-10,"Central Shenandoah",30-39,274,6,0
2020-06-10,"Central Shenandoah",40-49,287,7,0
2020-06-10,"Central Shenandoah",50-59,317,27,1
2020-06-10,"Central Shenandoah",60-69,215,38,8
2020-06-10,"Central Shenandoah",70-79,110,33,11
2020-06-10,"Central Shenandoah",80+,82,18,11
2020-06-10,"Central Shenandoah",Missing,0,0,0
2020-06-10,"Central Virginia",0-9,5,0,0
2020-06-10,"Central Virginia",19-Oct,15,1,0
2020-06-10,"Central Virginia",20-29,38,2,0
2020-06-10,"Central Virginia",30-39,44,2,0
2020-06-10,"Central Virginia",40-49,42,0,0
2020-06-10,"Central Virginia",50-59,42,2,1
2020-06-10,"Central Virginia",60-69,37,4,1
2020-06-10,"Central Virginia",70-79,19,4,2
2020-06-10,"Central Virginia",80+,12,2,0
2020-06-10,"Central Virginia",Missing,0,0,0
2020-06-10,Chesapeake,0-9,16,1,0
2020-06-10,Chesapeake,19-Oct,26,1,0
2020-06-10,Chesapeake,20-29,87,3,0
2020-06-10,Chesapeake,30-39,116,6,0
2020-06-10,Chesapeake,40-49,103,15,0
2020-06-10,Chesapeake,50-59,103,19,1
2020-06-10,Chesapeake,60-69,80,19,4
2020-06-10,Chesapeake,70-79,42,19,2
2020-06-10,Chesapeake,80+,38,13,8
2020-06-10,Chesapeake,Missing,6,1,0
2020-06-10,Chesterfield,0-9,61,0,0
2020-06-10,Chesterfield,19-Oct,183,0,0
2020-06-10,Chesterfield,20-29,306,4,0
2020-06-10,Chesterfield,30-39,416,3,0
2020-06-10,Chesterfield,40-49,383,12,2
2020-06-10,Chesterfield,50-59,310,22,2
2020-06-10,Chesterfield,60-69,213,21,8
2020-06-10,Chesterfield,70-79,101,17,13
2020-06-10,Chesterfield,80+,122,25,30
2020-06-10,Chesterfield,Missing,54,0,0
2020-06-10,Chickahominy,0-9,9,0,0
2020-06-10,Chickahominy,19-Oct,25,0,0
2020-06-10,Chickahominy,20-29,64,0,0
2020-06-10,Chickahominy,30-39,69,0,0
2020-06-10,Chickahominy,40-49,73,11,1
2020-06-10,Chickahominy,50-59,94,20,1
2020-06-10,Chickahominy,60-69,64,16,6
2020-06-10,Chickahominy,70-79,48,17,5
2020-06-10,Chickahominy,80+,78,31,21
2020-06-10,Chickahominy,Missing,9,0,0
2020-06-10,Crater,0-9,14,1,0
2020-06-10,Crater,19-Oct,33,0,0
2020-06-10,Crater,20-29,164,6,0
2020-06-10,Crater,30-39,192,3,0
2020-06-10,Crater,40-49,174,12,1
2020-06-10,Crater,50-59,197,22,2
2020-06-10,Crater,60-69,166,31,10
2020-06-10,Crater,70-79,111,22,6
2020-06-10,Crater,80+,68,10,2
2020-06-10,Crater,Missing,7,0,0
2020-06-10,"Cumberland Plateau",0-9,0,0,0
2020-06-10,"Cumberland Plateau",19-Oct,13,0,0
2020-06-10,"Cumberland Plateau",20-29,1,0,0
2020-06-10,"Cumberland Plateau",30-39,5,0,0
2020-06-10,"Cumberland Plateau",40-49,6,0,0
2020-06-10,"Cumberland Plateau",50-59,4,1,0
2020-06-10,"Cumberland Plateau",60-69,4,1,0
2020-06-10,"Cumberland Plateau",70-79,2,0,0
2020-06-10,"Cumberland Plateau",80+,0,0,0
2020-06-10,"Cumberland Plateau",Missing,0,0,0
2020-06-10,"Eastern Shore",0-9,13,1,0
2020-06-10,"Eastern Shore",19-Oct,54,1,0
2020-06-10,"Eastern Shore",20-29,187,4,0
2020-06-10,"Eastern Shore",30-39,224,8,0
2020-06-10,"Eastern Shore",40-49,237,8,2
2020-06-10,"Eastern Shore",50-59,268,16,5
2020-06-10,"Eastern Shore",60-69,166,20,8
2020-06-10,"Eastern Shore",70-79,45,13,8
2020-06-10,"Eastern Shore",80+,47,17,17
2020-06-10,"Eastern Shore",Missing,0,0,0
2020-06-10,Fairfax,0-9,391,12,0
2020-06-10,Fairfax,19-Oct,692,17,0
2020-06-10,Fairfax,20-29,1940,59,2
2020-06-10,Fairfax,30-39,2510,147,4
2020-06-10,Fairfax,40-49,2447,216,8
2020-06-10,Fairfax,50-59,2023,255,25
2020-06-10,Fairfax,60-69,1320,269,47
2020-06-10,Fairfax,70-79,636,215,88
2020-06-10,Fairfax,80+,779,278,262
2020-06-10,Fairfax,Missing,133,1,0
2020-06-10,Hampton,0-9,8,0,0
2020-06-10,Hampton,19-Oct,13,0,0
2020-06-10,Hampton,20-29,43,2,0
2020-06-10,Hampton,30-39,38,3,0
2020-06-10,Hampton,40-49,34,3,0
2020-06-10,Hampton,50-59,42,8,1
2020-06-10,Hampton,60-69,30,10,2
2020-06-10,Hampton,70-79,13,7,0
2020-06-10,Hampton,80+,5,3,2
2020-06-10,Hampton,Missing,5,0,0
2020-06-10,Henrico,0-9,85,1,0
2020-06-10,Henrico,19-Oct,91,2,0
2020-06-10,Henrico,20-29,284,13,0
2020-06-10,Henrico,30-39,337,11,0
2020-06-10,Henrico,40-49,309,20,2
2020-06-10,Henrico,50-59,271,28,7
2020-06-10,Henrico,60-69,260,41,24
2020-06-10,Henrico,70-79,190,43,33
2020-06-10,Henrico,80+,302,63,68
2020-06-10,Henrico,Missing,33,1,1
2020-06-10,Lenowisco,0-9,3,0,0
2020-06-10,Lenowisco,19-Oct,3,0,0
2020-06-10,Lenowisco,20-29,6,0,0
2020-06-10,Lenowisco,30-39,3,1,1
2020-06-10,Lenowisco,40-49,7,2,0
2020-06-10,Lenowisco,50-59,13,5,0
2020-06-10,Lenowisco,60-69,5,4,2
2020-06-10,Lenowisco,70-79,5,4,1
2020-06-10,Lenowisco,80+,0,0,0
2020-06-10,Lenowisco,Missing,0,0,0
2020-06-10,"Lord Fairfax",0-9,48,0,0
2020-06-10,"Lord Fairfax",19-Oct,94,0,0
2020-06-10,"Lord Fairfax",20-29,295,4,0
2020-06-10,"Lord Fairfax",30-39,279,10,1
2020-06-10,"Lord Fairfax",40-49,261,10,1
2020-06-10,"Lord Fairfax",50-59,278,20,2
2020-06-10,"Lord Fairfax",60-69,193,38,10
2020-06-10,"Lord Fairfax",70-79,103,27,13
2020-06-10,"Lord Fairfax",80+,109,27,33
2020-06-10,"Lord Fairfax",Missing,2,0,0
2020-06-10,Loudoun,0-9,116,2,0
2020-06-10,Loudoun,19-Oct,213,0,0
2020-06-10,Loudoun,20-29,502,5,0
2020-06-10,Loudoun,30-39,592,17,0
2020-06-10,Loudoun,40-49,672,27,0
2020-06-10,Loudoun,50-59,522,33,1
2020-06-10,Loudoun,60-69,211,35,3
2020-06-10,Loudoun,70-79,127,36,11
2020-06-10,Loudoun,80+,171,41,52
2020-06-10,Loudoun,Missing,54,0,0
2020-06-10,"Mount Rogers",0-9,23,1,0
2020-06-10,"Mount Rogers",19-Oct,37,0,0
2020-06-10,"Mount Rogers",20-29,70,0,0
2020-06-10,"Mount Rogers",30-39,82,3,0
2020-06-10,"Mount Rogers",40-49,65,0,0
2020-06-10,"Mount Rogers",50-59,67,3,1
2020-06-10,"Mount Rogers",60-69,55,4,0
2020-06-10,"Mount Rogers",70-79,38,17,6
2020-06-10,"Mount Rogers",80+,44,18,11
2020-06-10,"Mount Rogers",Missing,1,0,0
2020-06-10,"New River",0-9,3,0,0
2020-06-10,"New River",19-Oct,7,0,0
2020-06-10,"New River",20-29,34,0,0
2020-06-10,"New River",30-39,19,1,0
2020-06-10,"New River",40-49,20,1,0
2020-06-10,"New River",50-59,25,3,0
2020-06-10,"New River",60-69,19,2,0
2020-06-10,"New River",70-79,12,8,3
2020-06-10,"New River",80+,7,3,0
2020-06-10,"New River",Missing,0,0,0
2020-06-10,Norfolk,0-9,15,0,0
2020-06-10,Norfolk,19-Oct,39,1,0
2020-06-10,Norfolk,20-29,138,1,0
2020-06-10,Norfolk,30-39,126,8,0
2020-06-10,Norfolk,40-49,96,10,0
2020-06-10,Norfolk,50-59,95,15,0
2020-06-10,Norfolk,60-69,57,18,1
2020-06-10,Norfolk,70-79,23,13,3
2020-06-10,Norfolk,80+,10,7,3
2020-06-10,Norfolk,Missing,6,1,0
2020-06-10,Peninsula,0-9,25,0,0
2020-06-10,Peninsula,19-Oct,25,1,0
2020-06-10,Peninsula,20-29,97,1,0
2020-06-10,Peninsula,30-39,104,7,1
2020-06-10,Peninsula,40-49,88,5,1
2020-06-10,Peninsula,50-59,112,18,2
2020-06-10,Peninsula,60-69,108,27,3
2020-06-10,Peninsula,70-79,81,38,11
2020-06-10,Peninsula,80+,47,23,15
2020-06-10,Peninsula,Missing,8,0,0
2020-06-10,Piedmont,0-9,10,0,0
2020-06-10,Piedmont,19-Oct,20,0,0
2020-06-10,Piedmont,20-29,130,0,0
2020-06-10,Piedmont,30-39,150,1,0
2020-06-10,Piedmont,40-49,156,6,0
2020-06-10,Piedmont,50-59,161,17,0
2020-06-10,Piedmont,60-69,119,14,2
2020-06-10,Piedmont,70-79,49,14,2
2020-06-10,Piedmont,80+,31,9,3
2020-06-10,Piedmont,Missing,1,0,0
2020-06-10,Pittsylvania-Danville,0-9,1,0,0
2020-06-10,Pittsylvania-Danville,19-Oct,4,0,0
2020-06-10,Pittsylvania-Danville,20-29,12,0,0
2020-06-10,Pittsylvania-Danville,30-39,12,0,0
2020-06-10,Pittsylvania-Danville,40-49,26,5,0
2020-06-10,Pittsylvania-Danville,50-59,24,6,0
2020-06-10,Pittsylvania-Danville,60-69,17,7,1
2020-06-10,Pittsylvania-Danville,70-79,16,8,0
2020-06-10,Pittsylvania-Danville,80+,3,2,2
2020-06-10,Pittsylvania-Danville,Missing,0,0,0
2020-06-10,Portsmouth,0-9,4,1,0
2020-06-10,Portsmouth,19-Oct,11,0,0
2020-06-10,Portsmouth,20-29,58,3,0
2020-06-10,Portsmouth,30-39,80,3,0
2020-06-10,Portsmouth,40-49,54,4,0
2020-06-10,Portsmouth,50-59,63,13,1
2020-06-10,Portsmouth,60-69,40,12,4
2020-06-10,Portsmouth,70-79,22,7,3
2020-06-10,Portsmouth,80+,18,6,3
2020-06-10,Portsmouth,Missing,4,0,0
2020-06-10,"Prince William",0-9,262,5,0
2020-06-10,"Prince William",19-Oct,558,7,0
2020-06-10,"Prince William",20-29,1424,43,0
2020-06-10,"Prince William",30-39,1509,83,2
2020-06-10,"Prince William",40-49,1751,124,6
2020-06-10,"Prince William",50-59,1257,159,11
2020-06-10,"Prince William",60-69,668,132,27
2020-06-10,"Prince William",70-79,251,67,34
2020-06-10,"Prince William",80+,193,62,56
2020-06-10,"Prince William",Missing,125,1,0
2020-06-10,Rappahannock,0-9,80,1,0
2020-06-10,Rappahannock,19-Oct,160,1,0
2020-06-10,Rappahannock,20-29,326,9,0
2020-06-10,Rappahannock,30-39,413,20,0
2020-06-10,Rappahannock,40-49,363,31,2
2020-06-10,Rappahannock,50-59,305,39,2
2020-06-10,Rappahannock,60-69,170,39,5
2020-06-10,Rappahannock,70-79,63,21,9
2020-06-10,Rappahannock,80+,33,17,4
2020-06-10,Rappahannock,Missing,17,0,0
2020-06-10,"Rappahannock Rapidan",0-9,68,1,0
2020-06-10,"Rappahannock Rapidan",19-Oct,117,3,0
2020-06-10,"Rappahannock Rapidan",20-29,256,4,0
2020-06-10,"Rappahannock Rapidan",30-39,271,14,1
2020-06-10,"Rappahannock Rapidan",40-49,265,15,2
2020-06-10,"Rappahannock Rapidan",50-59,187,22,2
2020-06-10,"Rappahannock Rapidan",60-69,94,14,2
2020-06-10,"Rappahannock Rapidan",70-79,35,11,7
2020-06-10,"Rappahannock Rapidan",80+,20,12,4
2020-06-10,"Rappahannock Rapidan",Missing,6,0,0
2020-06-10,Richmond,0-9,59,2,0
2020-06-10,Richmond,19-Oct,123,2,0
2020-06-10,Richmond,20-29,335,10,0
2020-06-10,Richmond,30-39,354,20,1
2020-06-10,Richmond,40-49,304,25,1
2020-06-10,Richmond,50-59,229,35,1
2020-06-10,Richmond,60-69,169,39,6
2020-06-10,Richmond,70-79,65,31,9
2020-06-10,Richmond,80+,34,16,8
2020-06-10,Richmond,Missing,14,0,0
2020-06-10,Roanoke,0-9,6,0,0
2020-06-10,Roanoke,19-Oct,9,0,0
2020-06-10,Roanoke,20-29,35,0,0
2020-06-10,Roanoke,30-39,41,0,0
2020-06-10,Roanoke,40-49,28,1,0
2020-06-10,Roanoke,50-59,23,1,0
2020-06-10,Roanoke,60-69,14,2,0
2020-06-10,Roanoke,70-79,10,3,0
2020-06-10,Roanoke,80+,38,3,10
2020-06-10,Roanoke,Missing,3,0,0
2020-06-10,Southside,0-9,1,0,0
2020-06-10,Southside,19-Oct,4,0,0
2020-06-10,Southside,20-29,30,2,0
2020-06-10,Southside,30-39,26,0,0
2020-06-10,Southside,40-49,24,5,0
2020-06-10,Southside,50-59,44,6,0
2020-06-10,Southside,60-69,45,11,3
2020-06-10,Southside,70-79,49,9,11
2020-06-10,Southside,80+,76,11,12
2020-06-10,Southside,Missing,0,0,0
2020-06-10,"Thomas Jefferson",0-9,22,1,0
2020-06-10,"Thomas Jefferson",19-Oct,32,0,0
2020-06-10,"Thomas Jefferson",20-29,94,1,0
2020-06-10,"Thomas Jefferson",30-39,129,5,0
2020-06-10,"Thomas Jefferson",40-49,105,5,0
2020-06-10,"Thomas Jefferson",50-59,87,9,1
2020-06-10,"Thomas Jefferson",60-69,61,17,2
2020-06-10,"Thomas Jefferson",70-79,54,17,2
2020-06-10,"Thomas Jefferson",80+,70,22,14
2020-06-10,"Thomas Jefferson",Missing,1,0,0
2020-06-10,"Three Rivers",0-9,9,1,0
2020-06-10,"Three Rivers",19-Oct,20,0,0
2020-06-10,"Three Rivers",20-29,96,3,0
2020-06-10,"Three Rivers",30-39,126,3,0
2020-06-10,"Three Rivers",40-49,121,9,2
2020-06-10,"Three Rivers",50-59,79,6,0
2020-06-10,"Three Rivers",60-69,67,10,0
2020-06-10,"Three Rivers",70-79,25,5,4
2020-06-10,"Three Rivers",80+,25,5,3
2020-06-10,"Three Rivers",Missing,1,0,0
2020-06-10,"Virginia Beach",0-9,10,0,0
2020-06-10,"Virginia Beach",19-Oct,32,0,0
2020-06-10,"Virginia Beach",20-29,146,2,0
2020-06-10,"Virginia Beach",30-39,121,9,1
2020-06-10,"Virginia Beach",40-49,126,17,1
2020-06-10,"Virginia Beach",50-59,119,13,0
2020-06-10,"Virginia Beach",60-69,112,15,1
2020-06-10,"Virginia Beach",70-79,59,25,7
2020-06-10,"Virginia Beach",80+,74,24,17
2020-06-10,"Virginia Beach",Missing,24,0,0
2020-06-10,"West Piedmont",0-9,7,0,0
2020-06-10,"West Piedmont",19-Oct,27,0,0
2020-06-10,"West Piedmont",20-29,40,0,0
2020-06-10,"West Piedmont",30-39,42,1,0
2020-06-10,"West Piedmont",40-49,53,6,1
2020-06-10,"West Piedmont",50-59,68,9,1
2020-06-10,"West Piedmont",60-69,36,2,0
2020-06-10,"West Piedmont",70-79,19,6,3
2020-06-10,"West Piedmont",80+,10,4,0
2020-06-10,"West Piedmont",Missing,1,0,0
2020-06-10,"Western Tidewater",0-9,5,0,0
2020-06-10,"Western Tidewater",19-Oct,12,0,0
2020-06-10,"Western Tidewater",20-29,52,2,0
2020-06-10,"Western Tidewater",30-39,78,4,0
2020-06-10,"Western Tidewater",40-49,87,5,1
2020-06-10,"Western Tidewater",50-59,120,12,2
2020-06-10,"Western Tidewater",60-69,109,13,5
2020-06-10,"Western Tidewater",70-79,81,19,16
2020-06-10,"Western Tidewater",80+,128,22,21
2020-06-10,"Western Tidewater",Missing,4,0,0
2020-06-11,Alexandria,0-9,117,2,0
2020-06-11,Alexandria,19-Oct,141,2,0
2020-06-11,Alexandria,20-29,325,6,1
2020-06-11,Alexandria,30-39,496,28,0
2020-06-11,Alexandria,40-49,394,35,0
2020-06-11,Alexandria,50-59,280,43,9
2020-06-11,Alexandria,60-69,183,41,2
2020-06-11,Alexandria,70-79,98,35,15
2020-06-11,Alexandria,80+,82,26,21
2020-06-11,Alexandria,Missing,11,0,0
2020-06-11,Alleghany,0-9,3,0,0
2020-06-11,Alleghany,19-Oct,10,0,0
2020-06-11,Alleghany,20-29,53,1,0
2020-06-11,Alleghany,30-39,28,2,0
2020-06-11,Alleghany,40-49,30,0,0
2020-06-11,Alleghany,50-59,45,4,1
2020-06-11,Alleghany,60-69,30,6,1
2020-06-11,Alleghany,70-79,26,4,7
2020-06-11,Alleghany,80+,24,8,5
2020-06-11,Alleghany,Missing,1,0,0
2020-06-11,Arlington,0-9,38,2,0
2020-06-11,Arlington,19-Oct,81,5,0
2020-06-11,Arlington,20-29,378,20,0
2020-06-11,Arlington,30-39,418,41,0
2020-06-11,Arlington,40-49,393,45,3
2020-06-11,Arlington,50-59,356,61,6
2020-06-11,Arlington,60-69,266,74,19
2020-06-11,Arlington,70-79,163,70,31
2020-06-11,Arlington,80+,196,77,65
2020-06-11,Arlington,Missing,10,1,0
2020-06-11,"Central Shenandoah",0-9,43,0,0
2020-06-11,"Central Shenandoah",19-Oct,94,1,0
2020-06-11,"Central Shenandoah",20-29,310,5,0
2020-06-11,"Central Shenandoah",30-39,275,6,0
2020-06-11,"Central Shenandoah",40-49,290,8,0
2020-06-11,"Central Shenandoah",50-59,319,27,1
2020-06-11,"Central Shenandoah",60-69,217,38,8
2020-06-11,"Central Shenandoah",70-79,109,35,12
2020-06-11,"Central Shenandoah",80+,83,18,11
2020-06-11,"Central Shenandoah",Missing,0,0,0
2020-06-11,"Central Virginia",0-9,5,0,0
2020-06-11,"Central Virginia",19-Oct,15,1,0
2020-06-11,"Central Virginia",20-29,38,2,0
2020-06-11,"Central Virginia",30-39,44,2,0
2020-06-11,"Central Virginia",40-49,41,0,0
2020-06-11,"Central Virginia",50-59,42,2,1
2020-06-11,"Central Virginia",60-69,37,4,1
2020-06-11,"Central Virginia",70-79,19,4,2
2020-06-11,"Central Virginia",80+,12,2,0
2020-06-11,"Central Virginia",Missing,0,0,0
2020-06-11,Chesapeake,0-9,16,1,0
2020-06-11,Chesapeake,19-Oct,26,1,0
2020-06-11,Chesapeake,20-29,85,3,0
2020-06-11,Chesapeake,30-39,117,6,0
2020-06-11,Chesapeake,40-49,105,16,0
2020-06-11,Chesapeake,50-59,105,19,1
2020-06-11,Chesapeake,60-69,80,19,4
2020-06-11,Chesapeake,70-79,43,19,2
2020-06-11,Chesapeake,80+,39,13,8
2020-06-11,Chesapeake,Missing,6,1,0
2020-06-11,Chesterfield,0-9,63,0,0
2020-06-11,Chesterfield,19-Oct,185,0,0
2020-06-11,Chesterfield,20-29,321,4,0
2020-06-11,Chesterfield,30-39,422,3,0
2020-06-11,Chesterfield,40-49,391,14,2
2020-06-11,Chesterfield,50-59,318,27,2
2020-06-11,Chesterfield,60-69,217,26,8
2020-06-11,Chesterfield,70-79,102,18,13
2020-06-11,Chesterfield,80+,122,25,30
2020-06-11,Chesterfield,Missing,54,0,0
2020-06-11,Chickahominy,0-9,9,0,0
2020-06-11,Chickahominy,19-Oct,27,0,0
2020-06-11,Chickahominy,20-29,65,0,0
2020-06-11,Chickahominy,30-39,71,0,0
2020-06-11,Chickahominy,40-49,74,11,1
2020-06-11,Chickahominy,50-59,94,20,1
2020-06-11,Chickahominy,60-69,63,16,6
2020-06-11,Chickahominy,70-79,48,17,5
2020-06-11,Chickahominy,80+,78,32,21
2020-06-11,Chickahominy,Missing,10,0,0
2020-06-11,Crater,0-9,15,1,0
2020-06-11,Crater,19-Oct,33,0,0
2020-06-11,Crater,20-29,165,6,0
2020-06-11,Crater,30-39,195,3,0
2020-06-11,Crater,40-49,173,12,1
2020-06-11,Crater,50-59,200,22,2
2020-06-11,Crater,60-69,170,32,10
2020-06-11,Crater,70-79,112,22,6
2020-06-11,Crater,80+,69,10,2
2020-06-11,Crater,Missing,7,0,0
2020-06-11,"Cumberland Plateau",0-9,0,0,0
2020-06-11,"Cumberland Plateau",19-Oct,13,0,0
2020-06-11,"Cumberland Plateau",20-29,1,0,0
2020-06-11,"Cumberland Plateau",30-39,5,0,0
2020-06-11,"Cumberland Plateau",40-49,6,0,0
2020-06-11,"Cumberland Plateau",50-59,4,1,0
2020-06-11,"Cumberland Plateau",60-69,4,1,0
2020-06-11,"Cumberland Plateau",70-79,2,0,0
2020-06-11,"Cumberland Plateau",80+,0,0,0
2020-06-11,"Cumberland Plateau",Missing,0,0,0
2020-06-11,"Eastern Shore",0-9,13,1,0
2020-06-11,"Eastern Shore",19-Oct,55,1,0
2020-06-11,"Eastern Shore",20-29,187,4,0
2020-06-11,"Eastern Shore",30-39,224,8,0
2020-06-11,"Eastern Shore",40-49,237,8,2
2020-06-11,"Eastern Shore",50-59,269,17,5
2020-06-11,"Eastern Shore",60-69,166,20,8
2020-06-11,"Eastern Shore",70-79,45,13,8
2020-06-11,"Eastern Shore",80+,47,17,17
2020-06-11,"Eastern Shore",Missing,0,0,0
2020-06-11,Fairfax,0-9,393,12,0
2020-06-11,Fairfax,19-Oct,704,17,0
2020-06-11,Fairfax,20-29,1955,59,2
2020-06-11,Fairfax,30-39,2522,149,4
2020-06-11,Fairfax,40-49,2454,219,8
2020-06-11,Fairfax,50-59,2037,261,25
2020-06-11,Fairfax,60-69,1324,269,46
2020-06-11,Fairfax,70-79,639,216,89
2020-06-11,Fairfax,80+,772,275,258
2020-06-11,Fairfax,Missing,136,1,0
2020-06-11,Hampton,0-9,8,0,0
2020-06-11,Hampton,19-Oct,13,0,0
2020-06-11,Hampton,20-29,43,2,0
2020-06-11,Hampton,30-39,39,3,0
2020-06-11,Hampton,40-49,35,3,0
2020-06-11,Hampton,50-59,42,8,1
2020-06-11,Hampton,60-69,30,11,2
2020-06-11,Hampton,70-79,13,7,0
2020-06-11,Hampton,80+,5,3,2
2020-06-11,Hampton,Missing,5,0,0
2020-06-11,Henrico,0-9,85,1,0
2020-06-11,Henrico,19-Oct,93,2,0
2020-06-11,Henrico,20-29,285,14,0
2020-06-11,Henrico,30-39,338,12,0
2020-06-11,Henrico,40-49,312,21,1
2020-06-11,Henrico,50-59,273,29,7
2020-06-11,Henrico,60-69,260,42,25
2020-06-11,Henrico,70-79,190,43,33
2020-06-11,Henrico,80+,302,64,68
2020-06-11,Henrico,Missing,32,1,1
2020-06-11,Lenowisco,0-9,3,0,0
2020-06-11,Lenowisco,19-Oct,3,0,0
2020-06-11,Lenowisco,20-29,6,0,0
2020-06-11,Lenowisco,30-39,3,1,1
2020-06-11,Lenowisco,40-49,7,2,0
2020-06-11,Lenowisco,50-59,13,5,0
2020-06-11,Lenowisco,60-69,5,4,2
2020-06-11,Lenowisco,70-79,5,4,1
2020-06-11,Lenowisco,80+,0,0,0
2020-06-11,Lenowisco,Missing,0,0,0
2020-06-11,"Lord Fairfax",0-9,48,0,0
2020-06-11,"Lord Fairfax",19-Oct,95,0,0
2020-06-11,"Lord Fairfax",20-29,298,4,0
2020-06-11,"Lord Fairfax",30-39,280,10,1
2020-06-11,"Lord Fairfax",40-49,265,10,1
2020-06-11,"Lord Fairfax",50-59,279,20,2
2020-06-11,"Lord Fairfax",60-69,195,38,10
2020-06-11,"Lord Fairfax",70-79,104,28,13
2020-06-11,"Lord Fairfax",80+,109,27,33
2020-06-11,"Lord Fairfax",Missing,2,0,0
2020-06-11,Loudoun,0-9,118,2,0
2020-06-11,Loudoun,19-Oct,215,0,0
2020-06-11,Loudoun,20-29,519,6,0
2020-06-11,Loudoun,30-39,599,17,0
2020-06-11,Loudoun,40-49,683,28,0
2020-06-11,Loudoun,50-59,528,33,1
2020-06-11,Loudoun,60-69,215,36,3
2020-06-11,Loudoun,70-79,127,36,11
2020-06-11,Loudoun,80+,171,43,53
2020-06-11,Loudoun,Missing,54,0,1
2020-06-11,"Mount Rogers",0-9,24,1,0
2020-06-11,"Mount Rogers",19-Oct,39,0,0
2020-06-11,"Mount Rogers",20-29,74,0,0
2020-06-11,"Mount Rogers",30-39,84,3,0
2020-06-11,"Mount Rogers",40-49,66,0,0
2020-06-11,"Mount Rogers",50-59,68,3,1
2020-06-11,"Mount Rogers",60-69,59,5,0
2020-06-11,"Mount Rogers",70-79,41,20,6
2020-06-11,"Mount Rogers",80+,50,20,12
2020-06-11,"Mount Rogers",Missing,1,0,0
2020-06-11,"New River",0-9,3,0,0
2020-06-11,"New River",19-Oct,7,0,0
2020-06-11,"New River",20-29,34,0,0
2020-06-11,"New River",30-39,19,1,0
2020-06-11,"New River",40-49,20,1,0
2020-06-11,"New River",50-59,25,3,0
2020-06-11,"New River",60-69,19,2,0
2020-06-11,"New River",70-79,12,8,3
2020-06-11,"New River",80+,7,3,1
2020-06-11,"New River",Missing,0,0,0
2020-06-11,Norfolk,0-9,17,0,0
2020-06-11,Norfolk,19-Oct,40,1,0
2020-06-11,Norfolk,20-29,142,1,0
2020-06-11,Norfolk,30-39,126,8,0
2020-06-11,Norfolk,40-49,97,10,0
2020-06-11,Norfolk,50-59,97,15,0
2020-06-11,Norfolk,60-69,60,18,1
2020-06-11,Norfolk,70-79,23,13,3
2020-06-11,Norfolk,80+,11,7,3
2020-06-11,Norfolk,Missing,6,1,0
2020-06-11,Peninsula,0-9,26,0,0
2020-06-11,Peninsula,19-Oct,26,1,0
2020-06-11,Peninsula,20-29,101,1,0
2020-06-11,Peninsula,30-39,109,7,1
2020-06-11,Peninsula,40-49,90,5,1
2020-06-11,Peninsula,50-59,114,18,2
2020-06-11,Peninsula,60-69,108,27,3
2020-06-11,Peninsula,70-79,81,38,11
2020-06-11,Peninsula,80+,47,23,15
2020-06-11,Peninsula,Missing,8,0,0
2020-06-11,Piedmont,0-9,12,0,0
2020-06-11,Piedmont,19-Oct,22,0,0
2020-06-11,Piedmont,20-29,133,0,0
2020-06-11,Piedmont,30-39,163,1,0
2020-06-11,Piedmont,40-49,162,6,0
2020-06-11,Piedmont,50-59,164,17,0
2020-06-11,Piedmont,60-69,120,15,2
2020-06-11,Piedmont,70-79,49,15,2
2020-06-11,Piedmont,80+,31,9,3
2020-06-11,Piedmont,Missing,1,0,0
2020-06-11,Pittsylvania-Danville,0-9,1,0,0
2020-06-11,Pittsylvania-Danville,19-Oct,4,0,0
2020-06-11,Pittsylvania-Danville,20-29,12,0,0
2020-06-11,Pittsylvania-Danville,30-39,12,0,0
2020-06-11,Pittsylvania-Danville,40-49,26,5,0
2020-06-11,Pittsylvania-Danville,50-59,25,7,0
2020-06-11,Pittsylvania-Danville,60-69,17,7,1
2020-06-11,Pittsylvania-Danville,70-79,17,9,0
2020-06-11,Pittsylvania-Danville,80+,3,2,2
2020-06-11,Pittsylvania-Danville,Missing,0,0,0
2020-06-11,Portsmouth,0-9,4,1,0
2020-06-11,Portsmouth,19-Oct,11,0,0
2020-06-11,Portsmouth,20-29,60,3,0
2020-06-11,Portsmouth,30-39,82,4,0
2020-06-11,Portsmouth,40-49,54,6,0
2020-06-11,Portsmouth,50-59,64,16,1
2020-06-11,Portsmouth,60-69,43,12,4
2020-06-11,Portsmouth,70-79,23,8,3
2020-06-11,Portsmouth,80+,19,6,3
2020-06-11,Portsmouth,Missing,4,0,0
2020-06-11,"Prince William",0-9,263,6,0
2020-06-11,"Prince William",19-Oct,564,8,0
2020-06-11,"Prince William",20-29,1428,44,0
2020-06-11,"Prince William",30-39,1517,84,2
2020-06-11,"Prince William",40-49,1757,126,6
2020-06-11,"Prince William",50-59,1260,162,11
2020-06-11,"Prince William",60-69,672,134,27
2020-06-11,"Prince William",70-79,251,68,34
2020-06-11,"Prince William",80+,192,62,56
2020-06-11,"Prince William",Missing,124,1,0
2020-06-11,Rappahannock,0-9,86,1,0
2020-06-11,Rappahannock,19-Oct,160,1,0
2020-06-11,Rappahannock,20-29,328,9,0
2020-06-11,Rappahannock,30-39,416,20,0
2020-06-11,Rappahannock,40-49,367,31,2
2020-06-11,Rappahannock,50-59,308,40,2
2020-06-11,Rappahannock,60-69,170,39,5
2020-06-11,Rappahannock,70-79,65,22,9
2020-06-11,Rappahannock,80+,33,17,5
2020-06-11,Rappahannock,Missing,17,0,0
2020-06-11,"Rappahannock Rapidan",0-9,68,1,0
2020-06-11,"Rappahannock Rapidan",19-Oct,118,3,0
2020-06-11,"Rappahannock Rapidan",20-29,255,4,0
2020-06-11,"Rappahannock Rapidan",30-39,271,14,1
2020-06-11,"Rappahannock Rapidan",40-49,267,16,2
2020-06-11,"Rappahannock Rapidan",50-59,188,22,2
2020-06-11,"Rappahannock Rapidan",60-69,96,14,2
2020-06-11,"Rappahannock Rapidan",70-79,35,12,7
2020-06-11,"Rappahannock Rapidan",80+,20,12,4
2020-06-11,"Rappahannock Rapidan",Missing,6,0,0
2020-06-11,Richmond,0-9,62,2,0
2020-06-11,Richmond,19-Oct,127,2,0
2020-06-11,Richmond,20-29,337,10,0
2020-06-11,Richmond,30-39,362,22,1
2020-06-11,Richmond,40-49,308,25,1
2020-06-11,Richmond,50-59,230,35,1
2020-06-11,Richmond,60-69,170,40,6
2020-06-11,Richmond,70-79,65,32,9
2020-06-11,Richmond,80+,34,16,8
2020-06-11,Richmond,Missing,14,0,0
2020-06-11,Roanoke,0-9,7,0,0
2020-06-11,Roanoke,19-Oct,10,0,0
2020-06-11,Roanoke,20-29,39,0,0
2020-06-11,Roanoke,30-39,44,0,0
2020-06-11,Roanoke,40-49,29,1,0
2020-06-11,Roanoke,50-59,25,1,0
2020-06-11,Roanoke,60-69,17,2,0
2020-06-11,Roanoke,70-79,10,3,0
2020-06-11,Roanoke,80+,38,3,10
2020-06-11,Roanoke,Missing,3,0,0
2020-06-11,Southside,0-9,1,0,0
2020-06-11,Southside,19-Oct,4,0,0
2020-06-11,Southside,20-29,30,2,0
2020-06-11,Southside,30-39,26,0,0
2020-06-11,Southside,40-49,24,5,0
2020-06-11,Southside,50-59,45,6,0
2020-06-11,Southside,60-69,45,11,3
2020-06-11,Southside,70-79,50,9,11
2020-06-11,Southside,80+,76,11,12
2020-06-11,Southside,Missing,0,0,0
2020-06-11,"Thomas Jefferson",0-9,22,1,0
2020-06-11,"Thomas Jefferson",19-Oct,37,0,0
2020-06-11,"Thomas Jefferson",20-29,97,1,0
2020-06-11,"Thomas Jefferson",30-39,130,5,0
2020-06-11,"Thomas Jefferson",40-49,108,5,0
2020-06-11,"Thomas Jefferson",50-59,89,9,1
2020-06-11,"Thomas Jefferson",60-69,61,17,2
2020-06-11,"Thomas Jefferson",70-79,54,17,2
2020-06-11,"Thomas Jefferson",80+,70,23,14
2020-06-11,"Thomas Jefferson",Missing,1,0,0
2020-06-11,"Three Rivers",0-9,9,1,0
2020-06-11,"Three Rivers",19-Oct,20,0,0
2020-06-11,"Three Rivers",20-29,95,3,0
2020-06-11,"Three Rivers",30-39,126,3,0
2020-06-11,"Three Rivers",40-49,121,10,2
2020-06-11,"Three Rivers",50-59,79,6,0
2020-06-11,"Three Rivers",60-69,67,10,0
2020-06-11,"Three Rivers",70-79,26,5,4
2020-06-11,"Three Rivers",80+,26,5,3
2020-06-11,"Three Rivers",Missing,1,0,0
2020-06-11,"Virginia Beach",0-9,10,0,0
2020-06-11,"Virginia Beach",19-Oct,32,0,0
2020-06-11,"Virginia Beach",20-29,151,2,0
2020-06-11,"Virginia Beach",30-39,122,9,1
2020-06-11,"Virginia Beach",40-49,128,18,1
2020-06-11,"Virginia Beach",50-59,118,13,0
2020-06-11,"Virginia Beach",60-69,114,16,1
2020-06-11,"Virginia Beach",70-79,59,25,7
2020-06-11,"Virginia Beach",80+,74,24,17
2020-06-11,"Virginia Beach",Missing,24,0,0
2020-06-11,"West Piedmont",0-9,7,0,0
2020-06-11,"West Piedmont",19-Oct,29,1,0
2020-06-11,"West Piedmont",20-29,41,0,0
2020-06-11,"West Piedmont",30-39,45,1,0
2020-06-11,"West Piedmont",40-49,54,6,1
2020-06-11,"West Piedmont",50-59,70,9,1
2020-06-11,"West Piedmont",60-69,37,2,0
2020-06-11,"West Piedmont",70-79,19,6,3
2020-06-11,"West Piedmont",80+,10,4,0
2020-06-11,"West Piedmont",Missing,0,0,0
2020-06-11,"Western Tidewater",0-9,5,0,0
2020-06-11,"Western Tidewater",19-Oct,12,0,0
2020-06-11,"Western Tidewater",20-29,52,2,0
2020-06-11,"Western Tidewater",30-39,81,4,0
2020-06-11,"Western Tidewater",40-49,86,5,1
2020-06-11,"Western Tidewater",50-59,122,12,2
2020-06-11,"Western Tidewater",60-69,110,13,5
2020-06-11,"Western Tidewater",70-79,81,19,16
2020-06-11,"Western Tidewater",80+,128,22,21
2020-06-11,"Western Tidewater",Missing,4,0,0
2020-06-12,Alexandria,0-9,116,2,0
2020-06-12,Alexandria,19-Oct,142,2,0
2020-06-12,Alexandria,20-29,323,7,1
2020-06-12,Alexandria,30-39,496,28,0
2020-06-12,Alexandria,40-49,395,34,0
2020-06-12,Alexandria,50-59,280,44,9
2020-06-12,Alexandria,60-69,184,42,2
2020-06-12,Alexandria,70-79,99,36,15
2020-06-12,Alexandria,80+,82,27,21
2020-06-12,Alexandria,Missing,11,0,0
2020-06-12,Alleghany,0-9,3,0,0
2020-06-12,Alleghany,19-Oct,11,0,0
2020-06-12,Alleghany,20-29,54,1,0
2020-06-12,Alleghany,30-39,29,2,0
2020-06-12,Alleghany,40-49,30,0,0
2020-06-12,Alleghany,50-59,45,4,1
2020-06-12,Alleghany,60-69,32,7,1
2020-06-12,Alleghany,70-79,27,4,7
2020-06-12,Alleghany,80+,24,8,5
2020-06-12,Alleghany,Missing,1,0,0
2020-06-12,Arlington,0-9,38,2,0
2020-06-12,Arlington,19-Oct,82,5,0
2020-06-12,Arlington,20-29,379,20,0
2020-06-12,Arlington,30-39,418,41,0
2020-06-12,Arlington,40-49,394,45,3
2020-06-12,Arlington,50-59,357,62,6
2020-06-12,Arlington,60-69,268,74,19
2020-06-12,Arlington,70-79,165,70,32
2020-06-12,Arlington,80+,196,77,65
2020-06-12,Arlington,Missing,10,1,0
2020-06-12,"Central Shenandoah",0-9,43,0,0
2020-06-12,"Central Shenandoah",19-Oct,94,1,0
2020-06-12,"Central Shenandoah",20-29,317,5,0
2020-06-12,"Central Shenandoah",30-39,276,6,0
2020-06-12,"Central Shenandoah",40-49,292,8,0
2020-06-12,"Central Shenandoah",50-59,322,27,1
2020-06-12,"Central Shenandoah",60-69,218,38,8
2020-06-12,"Central Shenandoah",70-79,109,35,12
2020-06-12,"Central Shenandoah",80+,85,18,11
2020-06-12,"Central Shenandoah",Missing,0,0,0
2020-06-12,"Central Virginia",0-9,5,0,0
2020-06-12,"Central Virginia",19-Oct,15,1,0
2020-06-12,"Central Virginia",20-29,43,2,0
2020-06-12,"Central Virginia",30-39,44,2,0
2020-06-12,"Central Virginia",40-49,41,0,0
2020-06-12,"Central Virginia",50-59,43,2,1
2020-06-12,"Central Virginia",60-69,37,4,1
2020-06-12,"Central Virginia",70-79,19,4,2
2020-06-12,"Central Virginia",80+,12,2,0
2020-06-12,"Central Virginia",Missing,1,0,0
2020-06-12,Chesapeake,0-9,16,1,0
2020-06-12,Chesapeake,19-Oct,27,1,0
2020-06-12,Chesapeake,20-29,91,3,0
2020-06-12,Chesapeake,30-39,118,6,0
2020-06-12,Chesapeake,40-49,104,16,0
2020-06-12,Chesapeake,50-59,107,19,1
2020-06-12,Chesapeake,60-69,81,19,4
2020-06-12,Chesapeake,70-79,44,19,2
2020-06-12,Chesapeake,80+,40,14,9
2020-06-12,Chesapeake,Missing,8,1,0
2020-06-12,Chesterfield,0-9,68,0,0
2020-06-12,Chesterfield,19-Oct,191,0,0
2020-06-12,Chesterfield,20-29,328,5,0
2020-06-12,Chesterfield,30-39,439,4,0
2020-06-12,Chesterfield,40-49,406,14,2
2020-06-12,Chesterfield,50-59,326,28,2
2020-06-12,Chesterfield,60-69,227,31,8
2020-06-12,Chesterfield,70-79,105,19,13
2020-06-12,Chesterfield,80+,125,25,30
2020-06-12,Chesterfield,Missing,55,0,0
2020-06-12,Chickahominy,0-9,9,0,0
2020-06-12,Chickahominy,19-Oct,28,0,0
2020-06-12,Chickahominy,20-29,65,0,0
2020-06-12,Chickahominy,30-39,71,0,0
2020-06-12,Chickahominy,40-49,75,11,1
2020-06-12,Chickahominy,50-59,97,20,1
2020-06-12,Chickahominy,60-69,65,16,6
2020-06-12,Chickahominy,70-79,48,16,5
2020-06-12,Chickahominy,80+,78,32,21
2020-06-12,Chickahominy,Missing,10,0,0
2020-06-12,Crater,0-9,17,1,0
2020-06-12,Crater,19-Oct,34,0,0
2020-06-12,Crater,20-29,171,6,0
2020-06-12,Crater,30-39,198,3,0
2020-06-12,Crater,40-49,175,12,1
2020-06-12,Crater,50-59,204,22,2
2020-06-12,Crater,60-69,171,32,10
2020-06-12,Crater,70-79,113,22,6
2020-06-12,Crater,80+,69,11,2
2020-06-12,Crater,Missing,8,0,0
2020-06-12,"Cumberland Plateau",0-9,0,0,0
2020-06-12,"Cumberland Plateau",19-Oct,13,0,0
2020-06-12,"Cumberland Plateau",20-29,1,0,0
2020-06-12,"Cumberland Plateau",30-39,5,0,0
2020-06-12,"Cumberland Plateau",40-49,6,0,0
2020-06-12,"Cumberland Plateau",50-59,4,1,0
2020-06-12,"Cumberland Plateau",60-69,4,1,0
2020-06-12,"Cumberland Plateau",70-79,2,0,0
2020-06-12,"Cumberland Plateau",80+,0,0,0
2020-06-12,"Cumberland Plateau",Missing,0,0,0
2020-06-12,"Eastern Shore",0-9,13,1,0
2020-06-12,"Eastern Shore",19-Oct,55,1,0
2020-06-12,"Eastern Shore",20-29,187,4,0
2020-06-12,"Eastern Shore",30-39,224,8,0
2020-06-12,"Eastern Shore",40-49,237,8,2
2020-06-12,"Eastern Shore",50-59,270,17,5
2020-06-12,"Eastern Shore",60-69,168,22,8
2020-06-12,"Eastern Shore",70-79,45,13,8
2020-06-12,"Eastern Shore",80+,47,18,17
2020-06-12,"Eastern Shore",Missing,0,0,0
2020-06-12,Fairfax,0-9,396,12,0
2020-06-12,Fairfax,19-Oct,701,17,0
2020-06-12,Fairfax,20-29,1968,59,2
2020-06-12,Fairfax,30-39,2534,151,4
2020-06-12,Fairfax,40-49,2462,219,8
2020-06-12,Fairfax,50-59,2043,262,25
2020-06-12,Fairfax,60-69,1332,270,46
2020-06-12,Fairfax,70-79,641,216,89
2020-06-12,Fairfax,80+,774,275,261
2020-06-12,Fairfax,Missing,136,1,0
2020-06-12,Hampton,0-9,8,0,0
2020-06-12,Hampton,19-Oct,13,0,0
2020-06-12,Hampton,20-29,43,2,0
2020-06-12,Hampton,30-39,39,3,0
2020-06-12,Hampton,40-49,35,3,0
2020-06-12,Hampton,50-59,42,8,1
2020-06-12,Hampton,60-69,31,11,2
2020-06-12,Hampton,70-79,13,7,0
2020-06-12,Hampton,80+,5,3,2
2020-06-12,Hampton,Missing,5,0,0
2020-06-12,Henrico,0-9,85,1,0
2020-06-12,Henrico,19-Oct,97,2,0
2020-06-12,Henrico,20-29,290,15,0
2020-06-12,Henrico,30-39,345,12,0
2020-06-12,Henrico,40-49,314,22,1
2020-06-12,Henrico,50-59,274,29,7
2020-06-12,Henrico,60-69,261,42,26
2020-06-12,Henrico,70-79,192,43,33
2020-06-12,Henrico,80+,303,64,68
2020-06-12,Henrico,Missing,32,1,1
2020-06-12,Lenowisco,0-9,3,0,0
2020-06-12,Lenowisco,19-Oct,3,0,0
2020-06-12,Lenowisco,20-29,6,0,0
2020-06-12,Lenowisco,30-39,3,1,1
2020-06-12,Lenowisco,40-49,7,2,0
2020-06-12,Lenowisco,50-59,13,5,0
2020-06-12,Lenowisco,60-69,5,4,2
2020-06-12,Lenowisco,70-79,5,4,1
2020-06-12,Lenowisco,80+,0,0,0
2020-06-12,Lenowisco,Missing,0,0,0
2020-06-12,"Lord Fairfax",0-9,49,0,0
2020-06-12,"Lord Fairfax",19-Oct,97,0,0
2020-06-12,"Lord Fairfax",20-29,299,4,0
2020-06-12,"Lord Fairfax",30-39,287,10,1
2020-06-12,"Lord Fairfax",40-49,272,10,1
2020-06-12,"Lord Fairfax",50-59,283,21,2
2020-06-12,"Lord Fairfax",60-69,197,39,10
2020-06-12,"Lord Fairfax",70-79,106,28,13
2020-06-12,"Lord Fairfax",80+,111,27,34
2020-06-12,"Lord Fairfax",Missing,2,0,0
2020-06-12,Loudoun,0-9,120,2,0
2020-06-12,Loudoun,19-Oct,220,0,0
2020-06-12,Loudoun,20-29,527,6,0
2020-06-12,Loudoun,30-39,607,17,0
2020-06-12,Loudoun,40-49,697,29,0
2020-06-12,Loudoun,50-59,536,34,1
2020-06-12,Loudoun,60-69,215,36,3
2020-06-12,Loudoun,70-79,127,37,11
2020-06-12,Loudoun,80+,175,43,54
2020-06-12,Loudoun,Missing,56,0,1
2020-06-12,"Mount Rogers",0-9,24,1,0
2020-06-12,"Mount Rogers",19-Oct,39,0,0
2020-06-12,"Mount Rogers",20-29,74,0,0
2020-06-12,"Mount Rogers",30-39,85,3,0
2020-06-12,"Mount Rogers",40-49,67,0,0
2020-06-12,"Mount Rogers",50-59,71,5,1
2020-06-12,"Mount Rogers",60-69,59,5,0
2020-06-12,"Mount Rogers",70-79,44,22,7
2020-06-12,"Mount Rogers",80+,51,20,12
2020-06-12,"Mount Rogers",Missing,1,0,0
2020-06-12,"New River",0-9,3,0,0
2020-06-12,"New River",19-Oct,7,0,0
2020-06-12,"New River",20-29,34,0,0
2020-06-12,"New River",30-39,19,1,0
2020-06-12,"New River",40-49,20,1,0
2020-06-12,"New River",50-59,25,3,0
2020-06-12,"New River",60-69,19,2,0
2020-06-12,"New River",70-79,12,8,3
2020-06-12,"New River",80+,7,3,1
2020-06-12,"New River",Missing,0,0,0
2020-06-12,Norfolk,0-9,17,0,0
2020-06-12,Norfolk,19-Oct,41,1,0
2020-06-12,Norfolk,20-29,146,1,0
2020-06-12,Norfolk,30-39,129,8,0
2020-06-12,Norfolk,40-49,98,10,0
2020-06-12,Norfolk,50-59,98,15,0
2020-06-12,Norfolk,60-69,60,18,1
2020-06-12,Norfolk,70-79,23,13,3
2020-06-12,Norfolk,80+,12,7,3
2020-06-12,Norfolk,Missing,6,1,0
2020-06-12,Peninsula,0-9,27,0,0
2020-06-12,Peninsula,19-Oct,28,1,0
2020-06-12,Peninsula,20-29,111,1,0
2020-06-12,Peninsula,30-39,111,7,1
2020-06-12,Peninsula,40-49,92,5,1
2020-06-12,Peninsula,50-59,117,18,2
2020-06-12,Peninsula,60-69,108,27,3
2020-06-12,Peninsula,70-79,81,38,11
2020-06-12,Peninsula,80+,48,23,15
2020-06-12,Peninsula,Missing,8,0,0
2020-06-12,Piedmont,0-9,12,0,0
2020-06-12,Piedmont,19-Oct,22,0,0
2020-06-12,Piedmont,20-29,137,0,0
2020-06-12,Piedmont,30-39,165,1,0
2020-06-12,Piedmont,40-49,164,6,0
2020-06-12,Piedmont,50-59,165,17,0
2020-06-12,Piedmont,60-69,124,17,2
2020-06-12,Piedmont,70-79,51,16,2
2020-06-12,Piedmont,80+,32,11,3
2020-06-12,Piedmont,Missing,2,0,0
2020-06-12,Pittsylvania-Danville,0-9,1,0,0
2020-06-12,Pittsylvania-Danville,19-Oct,5,0,0
2020-06-12,Pittsylvania-Danville,20-29,13,0,0
2020-06-12,Pittsylvania-Danville,30-39,13,0,0
2020-06-12,Pittsylvania-Danville,40-49,27,5,0
2020-06-12,Pittsylvania-Danville,50-59,26,8,0
2020-06-12,Pittsylvania-Danville,60-69,17,7,1
2020-06-12,Pittsylvania-Danville,70-79,17,9,0
2020-06-12,Pittsylvania-Danville,80+,3,2,2
2020-06-12,Pittsylvania-Danville,Missing,0,0,0
2020-06-12,Portsmouth,0-9,4,1,0
2020-06-12,Portsmouth,19-Oct,11,0,0
2020-06-12,Portsmouth,20-29,62,3,0
2020-06-12,Portsmouth,30-39,83,4,0
2020-06-12,Portsmouth,40-49,55,6,0
2020-06-12,Portsmouth,50-59,64,16,1
2020-06-12,Portsmouth,60-69,43,12,4
2020-06-12,Portsmouth,70-79,23,8,3
2020-06-12,Portsmouth,80+,19,6,3
2020-06-12,Portsmouth,Missing,6,0,0
2020-06-12,"Prince William",0-9,265,6,0
2020-06-12,"Prince William",19-Oct,572,8,0
2020-06-12,"Prince William",20-29,1441,45,0
2020-06-12,"Prince William",30-39,1529,87,2
2020-06-12,"Prince William",40-49,1768,130,6
2020-06-12,"Prince William",50-59,1271,168,12
2020-06-12,"Prince William",60-69,676,141,27
2020-06-12,"Prince William",70-79,252,73,35
2020-06-12,"Prince William",80+,192,66,56
2020-06-12,"Prince William",Missing,124,1,0
2020-06-12,Rappahannock,0-9,89,1,0
2020-06-12,Rappahannock,19-Oct,162,1,0
2020-06-12,Rappahannock,20-29,337,9,0
2020-06-12,Rappahannock,30-39,423,20,0
2020-06-12,Rappahannock,40-49,375,33,2
2020-06-12,Rappahannock,50-59,309,40,2
2020-06-12,Rappahannock,60-69,173,40,5
2020-06-12,Rappahannock,70-79,68,22,9
2020-06-12,Rappahannock,80+,35,20,6
2020-06-12,Rappahannock,Missing,17,0,0
2020-06-12,"Rappahannock Rapidan",0-9,69,1,0
2020-06-12,"Rappahannock Rapidan",19-Oct,118,3,0
2020-06-12,"Rappahannock Rapidan",20-29,255,4,0
2020-06-12,"Rappahannock Rapidan",30-39,271,14,1
2020-06-12,"Rappahannock Rapidan",40-49,269,16,2
2020-06-12,"Rappahannock Rapidan",50-59,190,22,2
2020-06-12,"Rappahannock Rapidan",60-69,100,15,2
2020-06-12,"Rappahannock Rapidan",70-79,34,12,7
2020-06-12,"Rappahannock Rapidan",80+,20,12,4
2020-06-12,"Rappahannock Rapidan",Missing,6,0,0
2020-06-12,Richmond,0-9,65,2,0
2020-06-12,Richmond,19-Oct,126,2,0
2020-06-12,Richmond,20-29,343,10,0
2020-06-12,Richmond,30-39,368,22,1
2020-06-12,Richmond,40-49,314,25,1
2020-06-12,Richmond,50-59,233,36,2
2020-06-12,Richmond,60-69,168,40,6
2020-06-12,Richmond,70-79,68,32,10
2020-06-12,Richmond,80+,34,16,8
2020-06-12,Richmond,Missing,14,0,0
2020-06-12,Roanoke,0-9,7,0,0
2020-06-12,Roanoke,19-Oct,12,0,0
2020-06-12,Roanoke,20-29,42,1,0
2020-06-12,Roanoke,30-39,47,0,0
2020-06-12,Roanoke,40-49,29,1,0
2020-06-12,Roanoke,50-59,26,1,0
2020-06-12,Roanoke,60-69,18,2,0
2020-06-12,Roanoke,70-79,10,3,0
2020-06-12,Roanoke,80+,38,3,10
2020-06-12,Roanoke,Missing,3,0,0
2020-06-12,Southside,0-9,1,0,0
2020-06-12,Southside,19-Oct,4,0,0
2020-06-12,Southside,20-29,30,2,0
2020-06-12,Southside,30-39,26,0,0
2020-06-12,Southside,40-49,25,5,0
2020-06-12,Southside,50-59,45,6,0
2020-06-12,Southside,60-69,45,11,3
2020-06-12,Southside,70-79,50,9,11
2020-06-12,Southside,80+,76,11,12
2020-06-12,Southside,Missing,0,0,0
2020-06-12,"Thomas Jefferson",0-9,24,1,0
2020-06-12,"Thomas Jefferson",19-Oct,37,0,0
2020-06-12,"Thomas Jefferson",20-29,98,1,0
2020-06-12,"Thomas Jefferson",30-39,131,5,0
2020-06-12,"Thomas Jefferson",40-49,109,5,0
2020-06-12,"Thomas Jefferson",50-59,90,9,1
2020-06-12,"Thomas Jefferson",60-69,62,17,2
2020-06-12,"Thomas Jefferson",70-79,57,18,2
2020-06-12,"Thomas Jefferson",80+,71,23,14
2020-06-12,"Thomas Jefferson",Missing,1,0,0
2020-06-12,"Three Rivers",0-9,9,1,0
2020-06-12,"Three Rivers",19-Oct,20,0,0
2020-06-12,"Three Rivers",20-29,95,3,0
2020-06-12,"Three Rivers",30-39,126,3,0
2020-06-12,"Three Rivers",40-49,122,11,2
2020-06-12,"Three Rivers",50-59,79,6,0
2020-06-12,"Three Rivers",60-69,67,10,0
2020-06-12,"Three Rivers",70-79,27,6,4
2020-06-12,"Three Rivers",80+,26,5,3
2020-06-12,"Three Rivers",Missing,1,0,0
2020-06-12,"Virginia Beach",0-9,13,0,0
2020-06-12,"Virginia Beach",19-Oct,33,0,0
2020-06-12,"Virginia Beach",20-29,155,2,0
2020-06-12,"Virginia Beach",30-39,122,9,1
2020-06-12,"Virginia Beach",40-49,131,18,1
2020-06-12,"Virginia Beach",50-59,118,13,0
2020-06-12,"Virginia Beach",60-69,118,16,1
2020-06-12,"Virginia Beach",70-79,59,25,7
2020-06-12,"Virginia Beach",80+,74,24,17
2020-06-12,"Virginia Beach",Missing,24,0,0
2020-06-12,"West Piedmont",0-9,7,0,0
2020-06-12,"West Piedmont",19-Oct,29,1,0
2020-06-12,"West Piedmont",20-29,41,0,0
2020-06-12,"West Piedmont",30-39,46,1,0
2020-06-12,"West Piedmont",40-49,56,6,1
2020-06-12,"West Piedmont",50-59,72,9,1
2020-06-12,"West Piedmont",60-69,38,3,0
2020-06-12,"West Piedmont",70-79,19,6,3
2020-06-12,"West Piedmont",80+,12,6,0
2020-06-12,"West Piedmont",Missing,0,0,0
2020-06-12,"Western Tidewater",0-9,5,0,0
2020-06-12,"Western Tidewater",19-Oct,12,0,0
2020-06-12,"Western Tidewater",20-29,55,2,0
2020-06-12,"Western Tidewater",30-39,81,4,0
2020-06-12,"Western Tidewater",40-49,86,5,1
2020-06-12,"Western Tidewater",50-59,123,12,2
2020-06-12,"Western Tidewater",60-69,110,13,5
2020-06-12,"Western Tidewater",70-79,81,19,16
2020-06-12,"Western Tidewater",80+,128,22,21
2020-06-12,"Western Tidewater",Missing,4,0,0
2020-06-13,Alexandria,0-9,116,2,0
2020-06-13,Alexandria,19-Oct,144,2,0
2020-06-13,Alexandria,20-29,324,7,1
2020-06-13,Alexandria,30-39,496,28,0
2020-06-13,Alexandria,40-49,395,34,0
2020-06-13,Alexandria,50-59,283,44,9
2020-06-13,Alexandria,60-69,184,43,2
2020-06-13,Alexandria,70-79,99,36,15
2020-06-13,Alexandria,80+,82,27,21
2020-06-13,Alexandria,Missing,11,0,0
2020-06-13,Alleghany,0-9,4,0,0
2020-06-13,Alleghany,19-Oct,12,0,0
2020-06-13,Alleghany,20-29,55,1,0
2020-06-13,Alleghany,30-39,29,2,0
2020-06-13,Alleghany,40-49,30,0,0
2020-06-13,Alleghany,50-59,45,4,1
2020-06-13,Alleghany,60-69,34,7,1
2020-06-13,Alleghany,70-79,28,5,7
2020-06-13,Alleghany,80+,24,8,5
2020-06-13,Alleghany,Missing,1,0,0
2020-06-13,Arlington,0-9,38,2,0
2020-06-13,Arlington,19-Oct,83,5,0
2020-06-13,Arlington,20-29,382,20,0
2020-06-13,Arlington,30-39,419,41,0
2020-06-13,Arlington,40-49,397,45,3
2020-06-13,Arlington,50-59,359,62,6
2020-06-13,Arlington,60-69,270,75,19
2020-06-13,Arlington,70-79,166,70,32
2020-06-13,Arlington,80+,197,77,65
2020-06-13,Arlington,Missing,10,1,0
2020-06-13,"Central Shenandoah",0-9,43,0,0
2020-06-13,"Central Shenandoah",19-Oct,94,1,0
2020-06-13,"Central Shenandoah",20-29,318,5,0
2020-06-13,"Central Shenandoah",30-39,275,6,0
2020-06-13,"Central Shenandoah",40-49,296,9,0
2020-06-13,"Central Shenandoah",50-59,322,27,1
2020-06-13,"Central Shenandoah",60-69,222,38,8
2020-06-13,"Central Shenandoah",70-79,110,36,12
2020-06-13,"Central Shenandoah",80+,85,18,11
2020-06-13,"Central Shenandoah",Missing,0,0,0
2020-06-13,"Central Virginia",0-9,5,0,0
2020-06-13,"Central Virginia",19-Oct,15,1,0
2020-06-13,"Central Virginia",20-29,45,2,0
2020-06-13,"Central Virginia",30-39,44,2,0
2020-06-13,"Central Virginia",40-49,40,0,0
2020-06-13,"Central Virginia",50-59,44,2,1
2020-06-13,"Central Virginia",60-69,39,4,1
2020-06-13,"Central Virginia",70-79,20,4,2
2020-06-13,"Central Virginia",80+,14,2,0
2020-06-13,"Central Virginia",Missing,1,0,0
2020-06-13,Chesapeake,0-9,17,1,0
2020-06-13,Chesapeake,19-Oct,26,1,0
2020-06-13,Chesapeake,20-29,94,3,0
2020-06-13,Chesapeake,30-39,122,6,0
2020-06-13,Chesapeake,40-49,106,16,0
2020-06-13,Chesapeake,50-59,108,19,1
2020-06-13,Chesapeake,60-69,82,19,4
2020-06-13,Chesapeake,70-79,47,20,2
2020-06-13,Chesapeake,80+,40,14,9
2020-06-13,Chesapeake,Missing,8,1,0
2020-06-13,Chesterfield,0-9,70,0,0
2020-06-13,Chesterfield,19-Oct,198,0,0
2020-06-13,Chesterfield,20-29,336,5,0
2020-06-13,Chesterfield,30-39,451,4,0
2020-06-13,Chesterfield,40-49,412,14,2
2020-06-13,Chesterfield,50-59,331,28,2
2020-06-13,Chesterfield,60-69,227,32,8
2020-06-13,Chesterfield,70-79,108,19,13
2020-06-13,Chesterfield,80+,126,25,31
2020-06-13,Chesterfield,Missing,57,0,0
2020-06-13,Chickahominy,0-9,10,0,0
2020-06-13,Chickahominy,19-Oct,28,0,0
2020-06-13,Chickahominy,20-29,67,0,0
2020-06-13,Chickahominy,30-39,71,0,0
2020-06-13,Chickahominy,40-49,75,11,1
2020-06-13,Chickahominy,50-59,100,20,1
2020-06-13,Chickahominy,60-69,67,16,6
2020-06-13,Chickahominy,70-79,49,18,5
2020-06-13,Chickahominy,80+,79,32,21
2020-06-13,Chickahominy,Missing,10,0,0
2020-06-13,Crater,0-9,17,1,0
2020-06-13,Crater,19-Oct,39,0,0
2020-06-13,Crater,20-29,177,6,0
2020-06-13,Crater,30-39,211,3,0
2020-06-13,Crater,40-49,179,12,1
2020-06-13,Crater,50-59,212,22,2
2020-06-13,Crater,60-69,175,32,10
2020-06-13,Crater,70-79,117,25,6
2020-06-13,Crater,80+,74,12,2
2020-06-13,Crater,Missing,8,0,0
2020-06-13,"Cumberland Plateau",0-9,0,0,0
2020-06-13,"Cumberland Plateau",19-Oct,13,0,0
2020-06-13,"Cumberland Plateau",20-29,1,0,0
2020-06-13,"Cumberland Plateau",30-39,5,0,0
2020-06-13,"Cumberland Plateau",40-49,6,0,0
2020-06-13,"Cumberland Plateau",50-59,4,1,0
2020-06-13,"Cumberland Plateau",60-69,4,1,0
2020-06-13,"Cumberland Plateau",70-79,2,0,0
2020-06-13,"Cumberland Plateau",80+,0,0,0
2020-06-13,"Cumberland Plateau",Missing,0,0,0
2020-06-13,"Eastern Shore",0-9,13,1,0
2020-06-13,"Eastern Shore",19-Oct,56,1,0
2020-06-13,"Eastern Shore",20-29,187,4,0
2020-06-13,"Eastern Shore",30-39,226,8,0
2020-06-13,"Eastern Shore",40-49,237,8,2
2020-06-13,"Eastern Shore",50-59,270,17,5
2020-06-13,"Eastern Shore",60-69,168,22,8
2020-06-13,"Eastern Shore",70-79,46,14,9
2020-06-13,"Eastern Shore",80+,47,18,17
2020-06-13,"Eastern Shore",Missing,0,0,0
2020-06-13,Fairfax,0-9,403,12,0
2020-06-13,Fairfax,19-Oct,711,17,0
2020-06-13,Fairfax,20-29,1967,59,2
2020-06-13,Fairfax,30-39,2545,152,4
2020-06-13,Fairfax,40-49,2471,219,8
2020-06-13,Fairfax,50-59,2056,261,25
2020-06-13,Fairfax,60-69,1345,271,46
2020-06-13,Fairfax,70-79,644,218,89
2020-06-13,Fairfax,80+,784,276,262
2020-06-13,Fairfax,Missing,136,1,0
2020-06-13,Hampton,0-9,8,0,0
2020-06-13,Hampton,19-Oct,13,0,0
2020-06-13,Hampton,20-29,43,2,0
2020-06-13,Hampton,30-39,39,3,0
2020-06-13,Hampton,40-49,35,3,0
2020-06-13,Hampton,50-59,42,8,1
2020-06-13,Hampton,60-69,31,11,2
2020-06-13,Hampton,70-79,13,7,0
2020-06-13,Hampton,80+,5,3,2
2020-06-13,Hampton,Missing,5,0,0
2020-06-13,Henrico,0-9,87,1,0
2020-06-13,Henrico,19-Oct,106,2,0
2020-06-13,Henrico,20-29,297,15,0
2020-06-13,Henrico,30-39,352,12,0
2020-06-13,Henrico,40-49,319,23,1
2020-06-13,Henrico,50-59,282,29,7
2020-06-13,Henrico,60-69,262,43,26
2020-06-13,Henrico,70-79,194,43,33
2020-06-13,Henrico,80+,303,64,68
2020-06-13,Henrico,Missing,32,1,1
2020-06-13,Lenowisco,0-9,3,0,0
2020-06-13,Lenowisco,19-Oct,3,0,0
2020-06-13,Lenowisco,20-29,6,0,0
2020-06-13,Lenowisco,30-39,3,1,1
2020-06-13,Lenowisco,40-49,7,2,0
2020-06-13,Lenowisco,50-59,13,5,0
2020-06-13,Lenowisco,60-69,5,4,2
2020-06-13,Lenowisco,70-79,5,4,1
2020-06-13,Lenowisco,80+,0,0,0
2020-06-13,Lenowisco,Missing,0,0,0
2020-06-13,"Lord Fairfax",0-9,49,0,0
2020-06-13,"Lord Fairfax",19-Oct,99,0,0
2020-06-13,"Lord Fairfax",20-29,300,4,0
2020-06-13,"Lord Fairfax",30-39,289,11,1
2020-06-13,"Lord Fairfax",40-49,275,11,1
2020-06-13,"Lord Fairfax",50-59,285,21,2
2020-06-13,"Lord Fairfax",60-69,197,41,10
2020-06-13,"Lord Fairfax",70-79,108,30,13
2020-06-13,"Lord Fairfax",80+,113,28,34
2020-06-13,"Lord Fairfax",Missing,2,0,0
2020-06-13,Loudoun,0-9,124,2,0
2020-06-13,Loudoun,19-Oct,223,0,0
2020-06-13,Loudoun,20-29,532,6,0
2020-06-13,Loudoun,30-39,616,18,0
2020-06-13,Loudoun,40-49,704,29,0
2020-06-13,Loudoun,50-59,543,34,1
2020-06-13,Loudoun,60-69,219,36,3
2020-06-13,Loudoun,70-79,127,36,12
2020-06-13,Loudoun,80+,177,43,54
2020-06-13,Loudoun,Missing,56,0,1
2020-06-13,"Mount Rogers",0-9,24,1,0
2020-06-13,"Mount Rogers",19-Oct,41,0,0
2020-06-13,"Mount Rogers",20-29,78,0,0
2020-06-13,"Mount Rogers",30-39,87,3,0
2020-06-13,"Mount Rogers",40-49,68,0,0
2020-06-13,"Mount Rogers",50-59,72,5,1
2020-06-13,"Mount Rogers",60-69,61,5,0
2020-06-13,"Mount Rogers",70-79,50,23,7
2020-06-13,"Mount Rogers",80+,64,23,12
2020-06-13,"Mount Rogers",Missing,1,0,0
2020-06-13,"New River",0-9,3,0,0
2020-06-13,"New River",19-Oct,7,0,0
2020-06-13,"New River",20-29,34,0,0
2020-06-13,"New River",30-39,19,1,0
2020-06-13,"New River",40-49,21,1,0
2020-06-13,"New River",50-59,25,3,0
2020-06-13,"New River",60-69,19,2,0
2020-06-13,"New River",70-79,12,8,3
2020-06-13,"New River",80+,8,3,1
2020-06-13,"New River",Missing,0,0,0
2020-06-13,Norfolk,0-9,17,0,0
2020-06-13,Norfolk,19-Oct,42,1,0
2020-06-13,Norfolk,20-29,154,1,0
2020-06-13,Norfolk,30-39,132,9,0
2020-06-13,Norfolk,40-49,99,10,0
2020-06-13,Norfolk,50-59,98,16,0
2020-06-13,Norfolk,60-69,60,21,1
2020-06-13,Norfolk,70-79,23,14,3
2020-06-13,Norfolk,80+,12,7,3
2020-06-13,Norfolk,Missing,6,1,0
2020-06-13,Peninsula,0-9,27,0,0
2020-06-13,Peninsula,19-Oct,28,1,0
2020-06-13,Peninsula,20-29,113,1,0
2020-06-13,Peninsula,30-39,112,7,1
2020-06-13,Peninsula,40-49,96,6,1
2020-06-13,Peninsula,50-59,119,18,2
2020-06-13,Peninsula,60-69,108,27,3
2020-06-13,Peninsula,70-79,81,38,11
2020-06-13,Peninsula,80+,49,23,15
2020-06-13,Peninsula,Missing,6,0,0
2020-06-13,Piedmont,0-9,13,0,0
2020-06-13,Piedmont,19-Oct,21,0,0
2020-06-13,Piedmont,20-29,138,1,0
2020-06-13,Piedmont,30-39,166,1,0
2020-06-13,Piedmont,40-49,165,6,0
2020-06-13,Piedmont,50-59,167,17,0
2020-06-13,Piedmont,60-69,124,17,2
2020-06-13,Piedmont,70-79,52,16,2
2020-06-13,Piedmont,80+,32,12,3
2020-06-13,Piedmont,Missing,2,0,0
2020-06-13,Pittsylvania-Danville,0-9,1,0,0
2020-06-13,Pittsylvania-Danville,19-Oct,5,0,0
2020-06-13,Pittsylvania-Danville,20-29,13,0,0
2020-06-13,Pittsylvania-Danville,30-39,14,0,0
2020-06-13,Pittsylvania-Danville,40-49,27,5,0
2020-06-13,Pittsylvania-Danville,50-59,26,8,0
2020-06-13,Pittsylvania-Danville,60-69,17,7,1
2020-06-13,Pittsylvania-Danville,70-79,17,9,0
2020-06-13,Pittsylvania-Danville,80+,3,2,2
2020-06-13,Pittsylvania-Danville,Missing,0,0,0
2020-06-13,Portsmouth,0-9,4,1,0
2020-06-13,Portsmouth,19-Oct,11,0,0
2020-06-13,Portsmouth,20-29,63,3,0
2020-06-13,Portsmouth,30-39,84,4,0
2020-06-13,Portsmouth,40-49,56,6,0
2020-06-13,Portsmouth,50-59,64,17,2
2020-06-13,Portsmouth,60-69,43,12,4
2020-06-13,Portsmouth,70-79,24,8,3
2020-06-13,Portsmouth,80+,19,6,3
2020-06-13,Portsmouth,Missing,7,0,0
2020-06-13,"Prince William",0-9,273,6,0
2020-06-13,"Prince William",19-Oct,587,8,0
2020-06-13,"Prince William",20-29,1455,46,0
2020-06-13,"Prince William",30-39,1544,87,2
2020-06-13,"Prince William",40-49,1787,133,6
2020-06-13,"Prince William",50-59,1277,171,12
2020-06-13,"Prince William",60-69,685,146,27
2020-06-13,"Prince William",70-79,254,73,35
2020-06-13,"Prince William",80+,194,69,56
2020-06-13,"Prince William",Missing,124,2,0
2020-06-13,Rappahannock,0-9,91,1,0
2020-06-13,Rappahannock,19-Oct,165,1,0
2020-06-13,Rappahannock,20-29,346,9,0
2020-06-13,Rappahannock,30-39,424,20,0
2020-06-13,Rappahannock,40-49,384,33,2
2020-06-13,Rappahannock,50-59,313,40,3
2020-06-13,Rappahannock,60-69,174,41,5
2020-06-13,Rappahannock,70-79,70,22,9
2020-06-13,Rappahannock,80+,39,21,7
2020-06-13,Rappahannock,Missing,17,0,0
2020-06-13,"Rappahannock Rapidan",0-9,69,1,0
2020-06-13,"Rappahannock Rapidan",19-Oct,118,3,0
2020-06-13,"Rappahannock Rapidan",20-29,257,4,0
2020-06-13,"Rappahannock Rapidan",30-39,273,14,1
2020-06-13,"Rappahannock Rapidan",40-49,272,16,2
2020-06-13,"Rappahannock Rapidan",50-59,191,22,2
2020-06-13,"Rappahannock Rapidan",60-69,100,15,2
2020-06-13,"Rappahannock Rapidan",70-79,34,12,7
2020-06-13,"Rappahannock Rapidan",80+,20,12,4
2020-06-13,"Rappahannock Rapidan",Missing,6,0,0
2020-06-13,Richmond,0-9,69,3,0
2020-06-13,Richmond,19-Oct,135,2,0
2020-06-13,Richmond,20-29,356,10,0
2020-06-13,Richmond,30-39,379,22,1
2020-06-13,Richmond,40-49,321,25,1
2020-06-13,Richmond,50-59,239,36,2
2020-06-13,Richmond,60-69,171,40,6
2020-06-13,Richmond,70-79,70,32,10
2020-06-13,Richmond,80+,35,16,8
2020-06-13,Richmond,Missing,14,0,0
2020-06-13,Roanoke,0-9,7,0,0
2020-06-13,Roanoke,19-Oct,13,0,0
2020-06-13,Roanoke,20-29,46,1,0
2020-06-13,Roanoke,30-39,49,0,0
2020-06-13,Roanoke,40-49,32,1,0
2020-06-13,Roanoke,50-59,30,1,0
2020-06-13,Roanoke,60-69,19,2,0
2020-06-13,Roanoke,70-79,10,3,0
2020-06-13,Roanoke,80+,38,3,10
2020-06-13,Roanoke,Missing,3,0,0
2020-06-13,Southside,0-9,1,0,0
2020-06-13,Southside,19-Oct,4,0,0
2020-06-13,Southside,20-29,31,2,0
2020-06-13,Southside,30-39,27,0,0
2020-06-13,Southside,40-49,26,5,0
2020-06-13,Southside,50-59,46,6,0
2020-06-13,Southside,60-69,46,12,3
2020-06-13,Southside,70-79,50,9,11
2020-06-13,Southside,80+,76,11,12
2020-06-13,Southside,Missing,0,0,0
2020-06-13,"Thomas Jefferson",0-9,24,1,0
2020-06-13,"Thomas Jefferson",19-Oct,37,1,0
2020-06-13,"Thomas Jefferson",20-29,102,1,0
2020-06-13,"Thomas Jefferson",30-39,131,5,0
2020-06-13,"Thomas Jefferson",40-49,110,5,0
2020-06-13,"Thomas Jefferson",50-59,90,9,1
2020-06-13,"Thomas Jefferson",60-69,62,17,2
2020-06-13,"Thomas Jefferson",70-79,57,19,2
2020-06-13,"Thomas Jefferson",80+,71,23,14
2020-06-13,"Thomas Jefferson",Missing,1,0,0
2020-06-13,"Three Rivers",0-9,9,1,0
2020-06-13,"Three Rivers",19-Oct,20,0,0
2020-06-13,"Three Rivers",20-29,98,4,0
2020-06-13,"Three Rivers",30-39,126,3,0
2020-06-13,"Three Rivers",40-49,123,11,2
2020-06-13,"Three Rivers",50-59,79,6,0
2020-06-13,"Three Rivers",60-69,67,10,0
2020-06-13,"Three Rivers",70-79,27,6,4
2020-06-13,"Three Rivers",80+,27,5,3
2020-06-13,"Three Rivers",Missing,1,0,0
2020-06-13,"Virginia Beach",0-9,13,0,0
2020-06-13,"Virginia Beach",19-Oct,35,0,0
2020-06-13,"Virginia Beach",20-29,160,2,0
2020-06-13,"Virginia Beach",30-39,122,9,1
2020-06-13,"Virginia Beach",40-49,131,18,1
2020-06-13,"Virginia Beach",50-59,121,13,0
2020-06-13,"Virginia Beach",60-69,119,16,1
2020-06-13,"Virginia Beach",70-79,63,25,7
2020-06-13,"Virginia Beach",80+,81,24,17
2020-06-13,"Virginia Beach",Missing,24,0,0
2020-06-13,"West Piedmont",0-9,7,0,0
2020-06-13,"West Piedmont",19-Oct,30,1,0
2020-06-13,"West Piedmont",20-29,43,0,0
2020-06-13,"West Piedmont",30-39,47,1,0
2020-06-13,"West Piedmont",40-49,57,7,1
2020-06-13,"West Piedmont",50-59,73,9,1
2020-06-13,"West Piedmont",60-69,38,3,0
2020-06-13,"West Piedmont",70-79,19,6,3
2020-06-13,"West Piedmont",80+,12,6,0
2020-06-13,"West Piedmont",Missing,0,0,0
2020-06-13,"Western Tidewater",0-9,5,0,0
2020-06-13,"Western Tidewater",19-Oct,12,0,0
2020-06-13,"Western Tidewater",20-29,57,2,0
2020-06-13,"Western Tidewater",30-39,82,4,0
2020-06-13,"Western Tidewater",40-49,87,5,1
2020-06-13,"Western Tidewater",50-59,125,12,2
2020-06-13,"Western Tidewater",60-69,111,13,5
2020-06-13,"Western Tidewater",70-79,82,20,16
2020-06-13,"Western Tidewater",80+,128,22,21
2020-06-13,"Western Tidewater",Missing,5,0,0
2020-06-14,Alexandria,0-9,116,2,0
2020-06-14,Alexandria,19-Oct,147,2,0
2020-06-14,Alexandria,20-29,328,7,1
2020-06-14,Alexandria,30-39,501,28,0
2020-06-14,Alexandria,40-49,397,34,0
2020-06-14,Alexandria,50-59,284,44,9
2020-06-14,Alexandria,60-69,185,43,2
2020-06-14,Alexandria,70-79,99,36,15
2020-06-14,Alexandria,80+,83,27,21
2020-06-14,Alexandria,Missing,11,0,0
2020-06-14,Alleghany,0-9,4,0,0
2020-06-14,Alleghany,19-Oct,12,0,0
2020-06-14,Alleghany,20-29,56,1,0
2020-06-14,Alleghany,30-39,29,2,0
2020-06-14,Alleghany,40-49,30,0,0
2020-06-14,Alleghany,50-59,45,4,1
2020-06-14,Alleghany,60-69,34,7,1
2020-06-14,Alleghany,70-79,28,5,7
2020-06-14,Alleghany,80+,24,8,5
2020-06-14,Alleghany,Missing,1,0,0
2020-06-14,Arlington,0-9,40,2,0
2020-06-14,Arlington,19-Oct,84,5,0
2020-06-14,Arlington,20-29,386,20,0
2020-06-14,Arlington,30-39,421,40,0
2020-06-14,Arlington,40-49,402,45,4
2020-06-14,Arlington,50-59,361,63,5
2020-06-14,Arlington,60-69,271,75,19
2020-06-14,Arlington,70-79,166,70,32
2020-06-14,Arlington,80+,197,79,65
2020-06-14,Arlington,Missing,10,1,0
2020-06-14,"Central Shenandoah",0-9,46,0,0
2020-06-14,"Central Shenandoah",19-Oct,96,1,0
2020-06-14,"Central Shenandoah",20-29,321,5,0
2020-06-14,"Central Shenandoah",30-39,277,6,0
2020-06-14,"Central Shenandoah",40-49,298,9,0
2020-06-14,"Central Shenandoah",50-59,323,27,1
2020-06-14,"Central Shenandoah",60-69,225,39,8
2020-06-14,"Central Shenandoah",70-79,112,36,12
2020-06-14,"Central Shenandoah",80+,85,18,11
2020-06-14,"Central Shenandoah",Missing,0,0,0
2020-06-14,"Central Virginia",0-9,5,0,0
2020-06-14,"Central Virginia",19-Oct,15,1,0
2020-06-14,"Central Virginia",20-29,46,2,0
2020-06-14,"Central Virginia",30-39,44,2,0
2020-06-14,"Central Virginia",40-49,40,0,0
2020-06-14,"Central Virginia",50-59,45,2,1
2020-06-14,"Central Virginia",60-69,39,4,1
2020-06-14,"Central Virginia",70-79,20,4,2
2020-06-14,"Central Virginia",80+,14,2,0
2020-06-14,"Central Virginia",Missing,1,0,0
2020-06-14,Chesapeake,0-9,17,1,0
2020-06-14,Chesapeake,19-Oct,27,1,0
2020-06-14,Chesapeake,20-29,97,3,0
2020-06-14,Chesapeake,30-39,123,6,0
2020-06-14,Chesapeake,40-49,107,16,0
2020-06-14,Chesapeake,50-59,109,19,1
2020-06-14,Chesapeake,60-69,82,19,4
2020-06-14,Chesapeake,70-79,49,20,2
2020-06-14,Chesapeake,80+,40,14,9
2020-06-14,Chesapeake,Missing,8,1,0
2020-06-14,Chesterfield,0-9,70,0,0
2020-06-14,Chesterfield,19-Oct,203,0,0
2020-06-14,Chesterfield,20-29,343,5,0
2020-06-14,Chesterfield,30-39,459,4,0
2020-06-14,Chesterfield,40-49,414,14,2
2020-06-14,Chesterfield,50-59,337,28,2
2020-06-14,Chesterfield,60-69,229,32,8
2020-06-14,Chesterfield,70-79,108,19,13
2020-06-14,Chesterfield,80+,127,25,31
2020-06-14,Chesterfield,Missing,57,0,0
2020-06-14,Chickahominy,0-9,10,0,0
2020-06-14,Chickahominy,19-Oct,28,0,0
2020-06-14,Chickahominy,20-29,68,0,0
2020-06-14,Chickahominy,30-39,72,0,0
2020-06-14,Chickahominy,40-49,75,11,1
2020-06-14,Chickahominy,50-59,101,21,1
2020-06-14,Chickahominy,60-69,68,16,6
2020-06-14,Chickahominy,70-79,50,19,5
2020-06-14,Chickahominy,80+,79,32,21
2020-06-14,Chickahominy,Missing,10,0,0
2020-06-14,Crater,0-9,17,1,0
2020-06-14,Crater,19-Oct,39,0,0
2020-06-14,Crater,20-29,181,6,0
2020-06-14,Crater,30-39,217,3,0
2020-06-14,Crater,40-49,179,12,1
2020-06-14,Crater,50-59,216,22,2
2020-06-14,Crater,60-69,178,32,10
2020-06-14,Crater,70-79,117,25,6
2020-06-14,Crater,80+,76,12,2
2020-06-14,Crater,Missing,8,0,0
2020-06-14,"Cumberland Plateau",0-9,0,0,0
2020-06-14,"Cumberland Plateau",19-Oct,13,0,0
2020-06-14,"Cumberland Plateau",20-29,1,0,0
2020-06-14,"Cumberland Plateau",30-39,5,0,0
2020-06-14,"Cumberland Plateau",40-49,6,0,0
2020-06-14,"Cumberland Plateau",50-59,4,1,0
2020-06-14,"Cumberland Plateau",60-69,4,1,0
2020-06-14,"Cumberland Plateau",70-79,2,0,0
2020-06-14,"Cumberland Plateau",80+,0,0,0
2020-06-14,"Cumberland Plateau",Missing,0,0,0
2020-06-14,"Eastern Shore",0-9,13,1,0
2020-06-14,"Eastern Shore",19-Oct,56,1,0
2020-06-14,"Eastern Shore",20-29,188,4,0
2020-06-14,"Eastern Shore",30-39,226,8,0
2020-06-14,"Eastern Shore",40-49,237,8,2
2020-06-14,"Eastern Shore",50-59,272,17,5
2020-06-14,"Eastern Shore",60-69,169,22,8
2020-06-14,"Eastern Shore",70-79,46,14,9
2020-06-14,"Eastern Shore",80+,48,18,17
2020-06-14,"Eastern Shore",Missing,0,0,0
2020-06-14,Fairfax,0-9,410,12,0
2020-06-14,Fairfax,19-Oct,714,17,0
2020-06-14,Fairfax,20-29,1985,60,2
2020-06-14,Fairfax,30-39,2559,152,4
2020-06-14,Fairfax,40-49,2485,219,8
2020-06-14,Fairfax,50-59,2070,261,25
2020-06-14,Fairfax,60-69,1352,272,46
2020-06-14,Fairfax,70-79,645,219,89
2020-06-14,Fairfax,80+,783,277,262
2020-06-14,Fairfax,Missing,137,1,0
2020-06-14,Hampton,0-9,8,0,0
2020-06-14,Hampton,19-Oct,13,0,0
2020-06-14,Hampton,20-29,44,2,0
2020-06-14,Hampton,30-39,41,3,0
2020-06-14,Hampton,40-49,35,3,0
2020-06-14,Hampton,50-59,42,8,1
2020-06-14,Hampton,60-69,32,11,2
2020-06-14,Hampton,70-79,13,7,0
2020-06-14,Hampton,80+,5,3,2
2020-06-14,Hampton,Missing,5,0,0
2020-06-14,Henrico,0-9,91,1,0
2020-06-14,Henrico,19-Oct,111,2,0
2020-06-14,Henrico,20-29,300,15,0
2020-06-14,Henrico,30-39,361,12,0
2020-06-14,Henrico,40-49,320,23,1
2020-06-14,Henrico,50-59,285,30,7
2020-06-14,Henrico,60-69,264,43,26
2020-06-14,Henrico,70-79,196,45,33
2020-06-14,Henrico,80+,304,65,68
2020-06-14,Henrico,Missing,32,1,1
2020-06-14,Lenowisco,0-9,3,0,0
2020-06-14,Lenowisco,19-Oct,3,0,0
2020-06-14,Lenowisco,20-29,6,0,0
2020-06-14,Lenowisco,30-39,3,1,1
2020-06-14,Lenowisco,40-49,7,2,0
2020-06-14,Lenowisco,50-59,13,5,0
2020-06-14,Lenowisco,60-69,5,4,2
2020-06-14,Lenowisco,70-79,5,4,1
2020-06-14,Lenowisco,80+,0,0,0
2020-06-14,Lenowisco,Missing,0,0,0
2020-06-14,"Lord Fairfax",0-9,49,0,0
2020-06-14,"Lord Fairfax",19-Oct,101,0,0
2020-06-14,"Lord Fairfax",20-29,302,4,0
2020-06-14,"Lord Fairfax",30-39,291,11,1
2020-06-14,"Lord Fairfax",40-49,276,11,1
2020-06-14,"Lord Fairfax",50-59,286,21,2
2020-06-14,"Lord Fairfax",60-69,197,41,10
2020-06-14,"Lord Fairfax",70-79,108,30,13
2020-06-14,"Lord Fairfax",80+,114,28,34
2020-06-14,"Lord Fairfax",Missing,2,0,0
2020-06-14,Loudoun,0-9,125,2,0
2020-06-14,Loudoun,19-Oct,232,0,0
2020-06-14,Loudoun,20-29,548,6,0
2020-06-14,Loudoun,30-39,626,18,0
2020-06-14,Loudoun,40-49,711,29,0
2020-06-14,Loudoun,50-59,555,34,1
2020-06-14,Loudoun,60-69,223,36,3
2020-06-14,Loudoun,70-79,129,36,12
2020-06-14,Loudoun,80+,178,43,54
2020-06-14,Loudoun,Missing,57,0,1
2020-06-14,"Mount Rogers",0-9,25,1,0
2020-06-14,"Mount Rogers",19-Oct,43,0,0
2020-06-14,"Mount Rogers",20-29,80,0,0
2020-06-14,"Mount Rogers",30-39,88,3,0
2020-06-14,"Mount Rogers",40-49,69,0,0
2020-06-14,"Mount Rogers",50-59,72,5,1
2020-06-14,"Mount Rogers",60-69,64,6,0
2020-06-14,"Mount Rogers",70-79,53,24,9
2020-06-14,"Mount Rogers",80+,68,24,12
2020-06-14,"Mount Rogers",Missing,1,0,0
2020-06-14,"New River",0-9,3,0,0
2020-06-14,"New River",19-Oct,7,0,0
2020-06-14,"New River",20-29,34,0,0
2020-06-14,"New River",30-39,19,1,0
2020-06-14,"New River",40-49,21,1,0
2020-06-14,"New River",50-59,26,3,0
2020-06-14,"New River",60-69,19,2,0
2020-06-14,"New River",70-79,12,8,3
2020-06-14,"New River",80+,8,3,1
2020-06-14,"New River",Missing,0,0,0
2020-06-14,Norfolk,0-9,18,0,0
2020-06-14,Norfolk,19-Oct,42,1,0
2020-06-14,Norfolk,20-29,158,1,0
2020-06-14,Norfolk,30-39,134,9,0
2020-06-14,Norfolk,40-49,104,10,0
2020-06-14,Norfolk,50-59,102,16,0
2020-06-14,Norfolk,60-69,60,21,1
2020-06-14,Norfolk,70-79,24,14,3
2020-06-14,Norfolk,80+,12,7,3
2020-06-14,Norfolk,Missing,6,1,0
2020-06-14,Peninsula,0-9,27,0,0
2020-06-14,Peninsula,19-Oct,29,1,0
2020-06-14,Peninsula,20-29,117,1,0
2020-06-14,Peninsula,30-39,121,7,1
2020-06-14,Peninsula,40-49,98,6,1
2020-06-14,Peninsula,50-59,120,18,2
2020-06-14,Peninsula,60-69,109,27,3
2020-06-14,Peninsula,70-79,81,38,11
2020-06-14,Peninsula,80+,50,23,15
2020-06-14,Peninsula,Missing,6,0,0
2020-06-14,Piedmont,0-9,13,0,0
2020-06-14,Piedmont,19-Oct,21,0,0
2020-06-14,Piedmont,20-29,139,1,0
2020-06-14,Piedmont,30-39,167,1,0
2020-06-14,Piedmont,40-49,165,6,0
2020-06-14,Piedmont,50-59,168,17,0
2020-06-14,Piedmont,60-69,124,17,2
2020-06-14,Piedmont,70-79,53,17,2
2020-06-14,Piedmont,80+,32,12,3
2020-06-14,Piedmont,Missing,2,0,0
2020-06-14,Pittsylvania-Danville,0-9,1,0,0
2020-06-14,Pittsylvania-Danville,19-Oct,6,0,0
2020-06-14,Pittsylvania-Danville,20-29,13,0,0
2020-06-14,Pittsylvania-Danville,30-39,15,0,0
2020-06-14,Pittsylvania-Danville,40-49,32,5,0
2020-06-14,Pittsylvania-Danville,50-59,27,9,0
2020-06-14,Pittsylvania-Danville,60-69,18,7,1
2020-06-14,Pittsylvania-Danville,70-79,19,9,0
2020-06-14,Pittsylvania-Danville,80+,3,2,2
2020-06-14,Pittsylvania-Danville,Missing,0,0,0
2020-06-14,Portsmouth,0-9,4,1,0
2020-06-14,Portsmouth,19-Oct,11,0,0
2020-06-14,Portsmouth,20-29,63,3,0
2020-06-14,Portsmouth,30-39,84,4,0
2020-06-14,Portsmouth,40-49,56,6,0
2020-06-14,Portsmouth,50-59,64,17,2
2020-06-14,Portsmouth,60-69,43,12,4
2020-06-14,Portsmouth,70-79,24,8,3
2020-06-14,Portsmouth,80+,19,6,3
2020-06-14,Portsmouth,Missing,7,0,0
2020-06-14,"Prince William",0-9,278,6,0
2020-06-14,"Prince William",19-Oct,592,8,0
2020-06-14,"Prince William",20-29,1467,46,0
2020-06-14,"Prince William",30-39,1555,87,2
2020-06-14,"Prince William",40-49,1803,133,6
2020-06-14,"Prince William",50-59,1286,171,12
2020-06-14,"Prince William",60-69,690,146,27
2020-06-14,"Prince William",70-79,261,73,35
2020-06-14,"Prince William",80+,210,69,56
2020-06-14,"Prince William",Missing,125,2,0
2020-06-14,Rappahannock,0-9,92,1,0
2020-06-14,Rappahannock,19-Oct,167,1,0
2020-06-14,Rappahannock,20-29,358,9,0
2020-06-14,Rappahannock,30-39,428,20,0
2020-06-14,Rappahannock,40-49,396,33,2
2020-06-14,Rappahannock,50-59,324,40,3
2020-06-14,Rappahannock,60-69,185,41,5
2020-06-14,Rappahannock,70-79,81,23,10
2020-06-14,Rappahannock,80+,57,21,8
2020-06-14,Rappahannock,Missing,17,0,0
2020-06-14,"Rappahannock Rapidan",0-9,71,1,0
2020-06-14,"Rappahannock Rapidan",19-Oct,120,3,0
2020-06-14,"Rappahannock Rapidan",20-29,260,4,0
2020-06-14,"Rappahannock Rapidan",30-39,275,14,1
2020-06-14,"Rappahannock Rapidan",40-49,275,18,2
2020-06-14,"Rappahannock Rapidan",50-59,193,22,2
2020-06-14,"Rappahannock Rapidan",60-69,100,16,2
2020-06-14,"Rappahannock Rapidan",70-79,34,12,7
2020-06-14,"Rappahannock Rapidan",80+,20,12,4
2020-06-14,"Rappahannock Rapidan",Missing,6,0,0
2020-06-14,Richmond,0-9,70,3,0
2020-06-14,Richmond,19-Oct,136,2,0
2020-06-14,Richmond,20-29,362,10,0
2020-06-14,Richmond,30-39,386,22,1
2020-06-14,Richmond,40-49,323,25,1
2020-06-14,Richmond,50-59,243,38,2
2020-06-14,Richmond,60-69,173,40,6
2020-06-14,Richmond,70-79,71,32,11
2020-06-14,Richmond,80+,36,16,8
2020-06-14,Richmond,Missing,14,0,0
2020-06-14,Roanoke,0-9,7,0,0
2020-06-14,Roanoke,19-Oct,14,0,0
2020-06-14,Roanoke,20-29,46,1,0
2020-06-14,Roanoke,30-39,50,0,0
2020-06-14,Roanoke,40-49,33,1,0
2020-06-14,Roanoke,50-59,30,1,0
2020-06-14,Roanoke,60-69,19,2,0
2020-06-14,Roanoke,70-79,10,3,0
2020-06-14,Roanoke,80+,38,3,10
2020-06-14,Roanoke,Missing,3,0,0
2020-06-14,Southside,0-9,1,0,0
2020-06-14,Southside,19-Oct,4,0,0
2020-06-14,Southside,20-29,31,2,0
2020-06-14,Southside,30-39,27,0,0
2020-06-14,Southside,40-49,27,5,0
2020-06-14,Southside,50-59,46,6,0
2020-06-14,Southside,60-69,47,12,3
2020-06-14,Southside,70-79,50,9,11
2020-06-14,Southside,80+,76,11,12
2020-06-14,Southside,Missing,0,0,0
2020-06-14,"Thomas Jefferson",0-9,24,1,0
2020-06-14,"Thomas Jefferson",19-Oct,39,1,0
2020-06-14,"Thomas Jefferson",20-29,107,1,0
2020-06-14,"Thomas Jefferson",30-39,135,5,0
2020-06-14,"Thomas Jefferson",40-49,112,5,0
2020-06-14,"Thomas Jefferson",50-59,92,9,1
2020-06-14,"Thomas Jefferson",60-69,63,17,2
2020-06-14,"Thomas Jefferson",70-79,57,19,2
2020-06-14,"Thomas Jefferson",80+,71,23,14
2020-06-14,"Thomas Jefferson",Missing,1,0,0
2020-06-14,"Three Rivers",0-9,9,1,0
2020-06-14,"Three Rivers",19-Oct,20,0,0
2020-06-14,"Three Rivers",20-29,99,4,0
2020-06-14,"Three Rivers",30-39,127,3,0
2020-06-14,"Three Rivers",40-49,124,11,2
2020-06-14,"Three Rivers",50-59,80,6,0
2020-06-14,"Three Rivers",60-69,67,10,0
2020-06-14,"Three Rivers",70-79,27,6,4
2020-06-14,"Three Rivers",80+,27,5,3
2020-06-14,"Three Rivers",Missing,1,0,0
2020-06-14,"Virginia Beach",0-9,13,0,0
2020-06-14,"Virginia Beach",19-Oct,36,0,0
2020-06-14,"Virginia Beach",20-29,168,3,0
2020-06-14,"Virginia Beach",30-39,127,9,1
2020-06-14,"Virginia Beach",40-49,135,18,1
2020-06-14,"Virginia Beach",50-59,121,13,0
2020-06-14,"Virginia Beach",60-69,120,16,1
2020-06-14,"Virginia Beach",70-79,64,25,7
2020-06-14,"Virginia Beach",80+,81,24,17
2020-06-14,"Virginia Beach",Missing,25,0,0
2020-06-14,"West Piedmont",0-9,7,0,0
2020-06-14,"West Piedmont",19-Oct,30,1,0
2020-06-14,"West Piedmont",20-29,43,0,0
2020-06-14,"West Piedmont",30-39,47,1,0
2020-06-14,"West Piedmont",40-49,58,7,1
2020-06-14,"West Piedmont",50-59,73,9,1
2020-06-14,"West Piedmont",60-69,38,3,0
2020-06-14,"West Piedmont",70-79,19,6,3
2020-06-14,"West Piedmont",80+,12,6,0
2020-06-14,"West Piedmont",Missing,0,0,0
2020-06-14,"Western Tidewater",0-9,5,0,0
2020-06-14,"Western Tidewater",19-Oct,12,0,0
2020-06-14,"Western Tidewater",20-29,58,2,0
2020-06-14,"Western Tidewater",30-39,83,4,0
2020-06-14,"Western Tidewater",40-49,87,5,1
2020-06-14,"Western Tidewater",50-59,126,12,2
2020-06-14,"Western Tidewater",60-69,113,13,5
2020-06-14,"Western Tidewater",70-79,82,20,16
2020-06-14,"Western Tidewater",80+,128,22,21
2020-06-14,"Western Tidewater",Missing,5,0,0
2020-06-15,Alexandria,0-9,117,2,0
2020-06-15,Alexandria,19-Oct,150,3,0
2020-06-15,Alexandria,20-29,328,7,1
2020-06-15,Alexandria,30-39,503,28,0
2020-06-15,Alexandria,40-49,399,34,0
2020-06-15,Alexandria,50-59,284,44,9
2020-06-15,Alexandria,60-69,185,43,2
2020-06-15,Alexandria,70-79,100,37,15
2020-06-15,Alexandria,80+,83,27,21
2020-06-15,Alexandria,Missing,11,0,0
2020-06-15,Alleghany,0-9,4,0,0
2020-06-15,Alleghany,19-Oct,12,0,0
2020-06-15,Alleghany,20-29,56,1,0
2020-06-15,Alleghany,30-39,29,2,0
2020-06-15,Alleghany,40-49,30,0,0
2020-06-15,Alleghany,50-59,45,4,1
2020-06-15,Alleghany,60-69,34,7,1
2020-06-15,Alleghany,70-79,28,5,7
2020-06-15,Alleghany,80+,24,8,5
2020-06-15,Alleghany,Missing,1,0,0
2020-06-15,Arlington,0-9,41,2,0
2020-06-15,Arlington,19-Oct,87,5,0
2020-06-15,Arlington,20-29,389,20,0
2020-06-15,Arlington,30-39,421,41,0
2020-06-15,Arlington,40-49,402,45,4
2020-06-15,Arlington,50-59,362,65,5
2020-06-15,Arlington,60-69,271,76,19
2020-06-15,Arlington,70-79,166,71,32
2020-06-15,Arlington,80+,197,79,65
2020-06-15,Arlington,Missing,10,1,0
2020-06-15,"Central Shenandoah",0-9,46,0,0
2020-06-15,"Central Shenandoah",19-Oct,97,1,0
2020-06-15,"Central Shenandoah",20-29,323,5,0
2020-06-15,"Central Shenandoah",30-39,277,6,0
2020-06-15,"Central Shenandoah",40-49,298,10,0
2020-06-15,"Central Shenandoah",50-59,323,27,1
2020-06-15,"Central Shenandoah",60-69,225,39,8
2020-06-15,"Central Shenandoah",70-79,112,37,12
2020-06-15,"Central Shenandoah",80+,86,19,11
2020-06-15,"Central Shenandoah",Missing,0,0,0
2020-06-15,"Central Virginia",0-9,5,0,0
2020-06-15,"Central Virginia",19-Oct,15,1,0
2020-06-15,"Central Virginia",20-29,46,2,0
2020-06-15,"Central Virginia",30-39,44,2,0
2020-06-15,"Central Virginia",40-49,40,0,0
2020-06-15,"Central Virginia",50-59,45,2,1
2020-06-15,"Central Virginia",60-69,39,4,1
2020-06-15,"Central Virginia",70-79,20,4,2
2020-06-15,"Central Virginia",80+,14,2,0
2020-06-15,"Central Virginia",Missing,1,0,0
2020-06-15,Chesapeake,0-9,18,1,0
2020-06-15,Chesapeake,19-Oct,27,1,0
2020-06-15,Chesapeake,20-29,98,3,0
2020-06-15,Chesapeake,30-39,125,6,0
2020-06-15,Chesapeake,40-49,109,16,0
2020-06-15,Chesapeake,50-59,110,19,1
2020-06-15,Chesapeake,60-69,84,20,4
2020-06-15,Chesapeake,70-79,52,21,2
2020-06-15,Chesapeake,80+,41,14,9
2020-06-15,Chesapeake,Missing,8,1,0
2020-06-15,Chesterfield,0-9,70,0,0
2020-06-15,Chesterfield,19-Oct,206,0,0
2020-06-15,Chesterfield,20-29,346,5,0
2020-06-15,Chesterfield,30-39,462,4,0
2020-06-15,Chesterfield,40-49,416,14,2
2020-06-15,Chesterfield,50-59,339,28,2
2020-06-15,Chesterfield,60-69,229,32,8
2020-06-15,Chesterfield,70-79,108,19,13
2020-06-15,Chesterfield,80+,127,25,31
2020-06-15,Chesterfield,Missing,57,0,0
2020-06-15,Chickahominy,0-9,10,0,0
2020-06-15,Chickahominy,19-Oct,28,0,0
2020-06-15,Chickahominy,20-29,70,0,0
2020-06-15,Chickahominy,30-39,74,1,0
2020-06-15,Chickahominy,40-49,75,11,1
2020-06-15,Chickahominy,50-59,102,21,1
2020-06-15,Chickahominy,60-69,68,16,6
2020-06-15,Chickahominy,70-79,51,20,6
2020-06-15,Chickahominy,80+,80,32,21
2020-06-15,Chickahominy,Missing,10,0,0
2020-06-15,Crater,0-9,18,1,0
2020-06-15,Crater,19-Oct,40,0,0
2020-06-15,Crater,20-29,188,6,0
2020-06-15,Crater,30-39,220,3,0
2020-06-15,Crater,40-49,180,12,1
2020-06-15,Crater,50-59,219,22,2
2020-06-15,Crater,60-69,179,32,10
2020-06-15,Crater,70-79,119,25,6
2020-06-15,Crater,80+,76,12,2
2020-06-15,Crater,Missing,8,0,0
2020-06-15,"Cumberland Plateau",0-9,0,0,0
2020-06-15,"Cumberland Plateau",19-Oct,13,0,0
2020-06-15,"Cumberland Plateau",20-29,1,0,0
2020-06-15,"Cumberland Plateau",30-39,5,0,0
2020-06-15,"Cumberland Plateau",40-49,6,0,0
2020-06-15,"Cumberland Plateau",50-59,4,1,0
2020-06-15,"Cumberland Plateau",60-69,4,1,0
2020-06-15,"Cumberland Plateau",70-79,2,0,0
2020-06-15,"Cumberland Plateau",80+,0,0,0
2020-06-15,"Cumberland Plateau",Missing,0,0,0
2020-06-15,"Eastern Shore",0-9,13,1,0
2020-06-15,"Eastern Shore",19-Oct,56,1,0
2020-06-15,"Eastern Shore",20-29,190,4,0
2020-06-15,"Eastern Shore",30-39,226,8,0
2020-06-15,"Eastern Shore",40-49,237,8,2
2020-06-15,"Eastern Shore",50-59,273,17,5
2020-06-15,"Eastern Shore",60-69,169,22,8
2020-06-15,"Eastern Shore",70-79,46,14,9
2020-06-15,"Eastern Shore",80+,48,18,17
2020-06-15,"Eastern Shore",Missing,0,0,0
2020-06-15,Fairfax,0-9,413,14,0
2020-06-15,Fairfax,19-Oct,719,21,0
2020-06-15,Fairfax,20-29,1998,63,2
2020-06-15,Fairfax,30-39,2573,157,4
2020-06-15,Fairfax,40-49,2496,221,8
2020-06-15,Fairfax,50-59,2082,262,25
2020-06-15,Fairfax,60-69,1360,277,46
2020-06-15,Fairfax,70-79,650,221,89
2020-06-15,Fairfax,80+,786,280,262
2020-06-15,Fairfax,Missing,138,2,0
2020-06-15,Hampton,0-9,8,0,0
2020-06-15,Hampton,19-Oct,13,0,0
2020-06-15,Hampton,20-29,44,2,0
2020-06-15,Hampton,30-39,43,3,0
2020-06-15,Hampton,40-49,36,3,0
2020-06-15,Hampton,50-59,42,8,1
2020-06-15,Hampton,60-69,32,11,2
2020-06-15,Hampton,70-79,13,7,0
2020-06-15,Hampton,80+,5,3,2
2020-06-15,Hampton,Missing,5,0,0
2020-06-15,Henrico,0-9,92,1,0
2020-06-15,Henrico,19-Oct,112,2,0
2020-06-15,Henrico,20-29,304,15,0
2020-06-15,Henrico,30-39,368,13,0
2020-06-15,Henrico,40-49,327,23,1
2020-06-15,Henrico,50-59,285,30,7
2020-06-15,Henrico,60-69,267,43,26
2020-06-15,Henrico,70-79,197,45,33
2020-06-15,Henrico,80+,304,65,68
2020-06-15,Henrico,Missing,33,1,1
2020-06-15,Lenowisco,0-9,3,0,0
2020-06-15,Lenowisco,19-Oct,3,0,0
2020-06-15,Lenowisco,20-29,6,0,0
2020-06-15,Lenowisco,30-39,4,1,1
2020-06-15,Lenowisco,40-49,7,2,0
2020-06-15,Lenowisco,50-59,13,5,0
2020-06-15,Lenowisco,60-69,5,4,2
2020-06-15,Lenowisco,70-79,5,4,1
2020-06-15,Lenowisco,80+,0,0,0
2020-06-15,Lenowisco,Missing,0,0,0
2020-06-15,"Lord Fairfax",0-9,49,0,0
2020-06-15,"Lord Fairfax",19-Oct,101,0,0
2020-06-15,"Lord Fairfax",20-29,302,4,0
2020-06-15,"Lord Fairfax",30-39,295,11,1
2020-06-15,"Lord Fairfax",40-49,278,12,1
2020-06-15,"Lord Fairfax",50-59,286,21,2
2020-06-15,"Lord Fairfax",60-69,197,41,10
2020-06-15,"Lord Fairfax",70-79,108,30,13
2020-06-15,"Lord Fairfax",80+,114,28,34
2020-06-15,"Lord Fairfax",Missing,2,0,0
2020-06-15,Loudoun,0-9,128,2,0
2020-06-15,Loudoun,19-Oct,234,0,0
2020-06-15,Loudoun,20-29,552,6,0
2020-06-15,Loudoun,30-39,629,18,0
2020-06-15,Loudoun,40-49,717,29,0
2020-06-15,Loudoun,50-59,556,34,1
2020-06-15,Loudoun,60-69,223,36,3
2020-06-15,Loudoun,70-79,130,36,12
2020-06-15,Loudoun,80+,178,43,54
2020-06-15,Loudoun,Missing,57,0,1
2020-06-15,"Mount Rogers",0-9,27,1,0
2020-06-15,"Mount Rogers",19-Oct,43,0,0
2020-06-15,"Mount Rogers",20-29,80,0,0
2020-06-15,"Mount Rogers",30-39,89,3,0
2020-06-15,"Mount Rogers",40-49,69,0,0
2020-06-15,"Mount Rogers",50-59,72,5,1
2020-06-15,"Mount Rogers",60-69,64,6,0
2020-06-15,"Mount Rogers",70-79,55,24,9
2020-06-15,"Mount Rogers",80+,68,24,12
2020-06-15,"Mount Rogers",Missing,1,0,0
2020-06-15,"New River",0-9,3,0,0
2020-06-15,"New River",19-Oct,7,0,0
2020-06-15,"New River",20-29,33,0,0
2020-06-15,"New River",30-39,19,1,0
2020-06-15,"New River",40-49,21,1,0
2020-06-15,"New River",50-59,27,3,0
2020-06-15,"New River",60-69,19,2,0
2020-06-15,"New River",70-79,12,8,3
2020-06-15,"New River",80+,8,3,1
2020-06-15,"New River",Missing,0,0,0
2020-06-15,Norfolk,0-9,18,0,0
2020-06-15,Norfolk,19-Oct,42,1,0
2020-06-15,Norfolk,20-29,159,1,0
2020-06-15,Norfolk,30-39,135,9,0
2020-06-15,Norfolk,40-49,106,10,0
2020-06-15,Norfolk,50-59,102,17,0
2020-06-15,Norfolk,60-69,62,21,1
2020-06-15,Norfolk,70-79,25,15,3
2020-06-15,Norfolk,80+,13,7,3
2020-06-15,Norfolk,Missing,6,1,0
2020-06-15,Peninsula,0-9,27,0,0
2020-06-15,Peninsula,19-Oct,30,1,0
2020-06-15,Peninsula,20-29,120,1,0
2020-06-15,Peninsula,30-39,124,7,1
2020-06-15,Peninsula,40-49,101,6,1
2020-06-15,Peninsula,50-59,121,18,2
2020-06-15,Peninsula,60-69,109,27,3
2020-06-15,Peninsula,70-79,81,38,11
2020-06-15,Peninsula,80+,50,23,15
2020-06-15,Peninsula,Missing,6,0,0
2020-06-15,Piedmont,0-9,13,0,0
2020-06-15,Piedmont,19-Oct,22,0,0
2020-06-15,Piedmont,20-29,141,1,0
2020-06-15,Piedmont,30-39,168,1,0
2020-06-15,Piedmont,40-49,166,6,0
2020-06-15,Piedmont,50-59,169,17,0
2020-06-15,Piedmont,60-69,125,17,2
2020-06-15,Piedmont,70-79,58,17,2
2020-06-15,Piedmont,80+,33,12,3
2020-06-15,Piedmont,Missing,2,0,0
2020-06-15,Pittsylvania-Danville,0-9,1,0,0
2020-06-15,Pittsylvania-Danville,19-Oct,6,0,0
2020-06-15,Pittsylvania-Danville,20-29,14,0,0
2020-06-15,Pittsylvania-Danville,30-39,15,0,0
2020-06-15,Pittsylvania-Danville,40-49,33,5,0
2020-06-15,Pittsylvania-Danville,50-59,27,9,0
2020-06-15,Pittsylvania-Danville,60-69,18,7,1
2020-06-15,Pittsylvania-Danville,70-79,19,9,0
2020-06-15,Pittsylvania-Danville,80+,3,2,2
2020-06-15,Pittsylvania-Danville,Missing,0,0,0
2020-06-15,Portsmouth,0-9,4,1,0
2020-06-15,Portsmouth,19-Oct,13,0,0
2020-06-15,Portsmouth,20-29,65,3,0
2020-06-15,Portsmouth,30-39,86,4,0
2020-06-15,Portsmouth,40-49,58,6,0
2020-06-15,Portsmouth,50-59,64,17,2
2020-06-15,Portsmouth,60-69,45,13,4
2020-06-15,Portsmouth,70-79,24,8,3
2020-06-15,Portsmouth,80+,20,6,3
2020-06-15,Portsmouth,Missing,7,0,0
2020-06-15,"Prince William",0-9,281,6,0
2020-06-15,"Prince William",19-Oct,593,8,0
2020-06-15,"Prince William",20-29,1476,46,0
2020-06-15,"Prince William",30-39,1558,87,2
2020-06-15,"Prince William",40-49,1812,134,6
2020-06-15,"Prince William",50-59,1292,171,12
2020-06-15,"Prince William",60-69,694,148,28
2020-06-15,"Prince William",70-79,263,73,36
2020-06-15,"Prince William",80+,212,69,57
2020-06-15,"Prince William",Missing,125,2,0
2020-06-15,Rappahannock,0-9,94,1,0
2020-06-15,Rappahannock,19-Oct,171,1,0
2020-06-15,Rappahannock,20-29,363,10,0
2020-06-15,Rappahannock,30-39,434,20,0
2020-06-15,Rappahannock,40-49,397,33,2
2020-06-15,Rappahannock,50-59,326,40,3
2020-06-15,Rappahannock,60-69,188,41,5
2020-06-15,Rappahannock,70-79,87,24,11
2020-06-15,Rappahannock,80+,63,21,8
2020-06-15,Rappahannock,Missing,17,0,0
2020-06-15,"Rappahannock Rapidan",0-9,71,1,0
2020-06-15,"Rappahannock Rapidan",19-Oct,121,3,0
2020-06-15,"Rappahannock Rapidan",20-29,260,4,0
2020-06-15,"Rappahannock Rapidan",30-39,277,14,1
2020-06-15,"Rappahannock Rapidan",40-49,275,18,2
2020-06-15,"Rappahannock Rapidan",50-59,194,22,2
2020-06-15,"Rappahannock Rapidan",60-69,101,16,2
2020-06-15,"Rappahannock Rapidan",70-79,34,12,7
2020-06-15,"Rappahannock Rapidan",80+,20,12,4
2020-06-15,"Rappahannock Rapidan",Missing,6,0,0
2020-06-15,Richmond,0-9,71,3,0
2020-06-15,Richmond,19-Oct,137,2,0
2020-06-15,Richmond,20-29,367,10,0
2020-06-15,Richmond,30-39,389,22,1
2020-06-15,Richmond,40-49,323,25,1
2020-06-15,Richmond,50-59,245,38,2
2020-06-15,Richmond,60-69,175,40,6
2020-06-15,Richmond,70-79,72,32,11
2020-06-15,Richmond,80+,36,16,8
2020-06-15,Richmond,Missing,17,0,0
2020-06-15,Roanoke,0-9,7,0,0
2020-06-15,Roanoke,19-Oct,14,0,0
2020-06-15,Roanoke,20-29,46,1,0
2020-06-15,Roanoke,30-39,50,0,0
2020-06-15,Roanoke,40-49,33,1,0
2020-06-15,Roanoke,50-59,30,1,0
2020-06-15,Roanoke,60-69,19,2,0
2020-06-15,Roanoke,70-79,10,3,0
2020-06-15,Roanoke,80+,38,3,10
2020-06-15,Roanoke,Missing,3,0,0
2020-06-15,Southside,0-9,1,0,0
2020-06-15,Southside,19-Oct,5,0,0
2020-06-15,Southside,20-29,31,2,0
2020-06-15,Southside,30-39,28,0,0
2020-06-15,Southside,40-49,27,5,0
2020-06-15,Southside,50-59,46,6,0
2020-06-15,Southside,60-69,47,12,3
2020-06-15,Southside,70-79,51,9,11
2020-06-15,Southside,80+,76,11,12
2020-06-15,Southside,Missing,0,0,0
2020-06-15,"Thomas Jefferson",0-9,25,1,0
2020-06-15,"Thomas Jefferson",19-Oct,40,1,0
2020-06-15,"Thomas Jefferson",20-29,111,1,0
2020-06-15,"Thomas Jefferson",30-39,135,5,0
2020-06-15,"Thomas Jefferson",40-49,112,5,0
2020-06-15,"Thomas Jefferson",50-59,92,9,1
2020-06-15,"Thomas Jefferson",60-69,63,17,2
2020-06-15,"Thomas Jefferson",70-79,58,19,2
2020-06-15,"Thomas Jefferson",80+,71,23,14
2020-06-15,"Thomas Jefferson",Missing,1,0,0
2020-06-15,"Three Rivers",0-9,9,1,0
2020-06-15,"Three Rivers",19-Oct,20,0,0
2020-06-15,"Three Rivers",20-29,100,4,0
2020-06-15,"Three Rivers",30-39,128,3,0
2020-06-15,"Three Rivers",40-49,124,11,2
2020-06-15,"Three Rivers",50-59,80,6,0
2020-06-15,"Three Rivers",60-69,67,10,0
2020-06-15,"Three Rivers",70-79,27,6,4
2020-06-15,"Three Rivers",80+,28,5,3
2020-06-15,"Three Rivers",Missing,1,0,0
2020-06-15,"Virginia Beach",0-9,13,0,0
2020-06-15,"Virginia Beach",19-Oct,36,0,0
2020-06-15,"Virginia Beach",20-29,172,3,0
2020-06-15,"Virginia Beach",30-39,130,9,1
2020-06-15,"Virginia Beach",40-49,135,18,1
2020-06-15,"Virginia Beach",50-59,122,13,0
2020-06-15,"Virginia Beach",60-69,120,16,1
2020-06-15,"Virginia Beach",70-79,65,25,7
2020-06-15,"Virginia Beach",80+,81,24,17
2020-06-15,"Virginia Beach",Missing,25,0,0
2020-06-15,"West Piedmont",0-9,7,0,0
2020-06-15,"West Piedmont",19-Oct,31,1,0
2020-06-15,"West Piedmont",20-29,43,0,0
2020-06-15,"West Piedmont",30-39,49,1,0
2020-06-15,"West Piedmont",40-49,58,7,1
2020-06-15,"West Piedmont",50-59,73,9,1
2020-06-15,"West Piedmont",60-69,38,3,0
2020-06-15,"West Piedmont",70-79,20,6,3
2020-06-15,"West Piedmont",80+,12,6,0
2020-06-15,"West Piedmont",Missing,0,0,0
2020-06-15,"Western Tidewater",0-9,5,0,0
2020-06-15,"Western Tidewater",19-Oct,12,0,0
2020-06-15,"Western Tidewater",20-29,58,2,0
2020-06-15,"Western Tidewater",30-39,83,4,0
2020-06-15,"Western Tidewater",40-49,87,5,1
2020-06-15,"Western Tidewater",50-59,127,12,2
2020-06-15,"Western Tidewater",60-69,113,13,6
2020-06-15,"Western Tidewater",70-79,82,20,16
2020-06-15,"Western Tidewater",80+,128,22,21
2020-06-15,"Western Tidewater",Missing,5,0,0
2020-06-16,Alexandria,0-9,117,2,0
2020-06-16,Alexandria,19-Oct,151,3,0
2020-06-16,Alexandria,20-29,328,7,1
2020-06-16,Alexandria,30-39,506,28,0
2020-06-16,Alexandria,40-49,403,34,0
2020-06-16,Alexandria,50-59,285,44,9
2020-06-16,Alexandria,60-69,184,42,1
2020-06-16,Alexandria,70-79,100,37,15
2020-06-16,Alexandria,80+,83,27,21
2020-06-16,Alexandria,Missing,11,0,0
2020-06-16,Alleghany,0-9,4,0,0
2020-06-16,Alleghany,19-Oct,12,0,0
2020-06-16,Alleghany,20-29,60,1,0
2020-06-16,Alleghany,30-39,29,2,0
2020-06-16,Alleghany,40-49,36,0,0
2020-06-16,Alleghany,50-59,47,4,1
2020-06-16,Alleghany,60-69,35,7,1
2020-06-16,Alleghany,70-79,30,5,7
2020-06-16,Alleghany,80+,24,8,5
2020-06-16,Alleghany,Missing,1,0,0
2020-06-16,Arlington,0-9,41,2,0
2020-06-16,Arlington,19-Oct,87,5,0
2020-06-16,Arlington,20-29,393,20,0
2020-06-16,Arlington,30-39,428,41,0
2020-06-16,Arlington,40-49,403,46,4
2020-06-16,Arlington,50-59,363,66,6
2020-06-16,Arlington,60-69,273,77,19
2020-06-16,Arlington,70-79,168,71,32
2020-06-16,Arlington,80+,197,78,64
2020-06-16,Arlington,Missing,10,1,0
2020-06-16,"Central Shenandoah",0-9,46,0,0
2020-06-16,"Central Shenandoah",19-Oct,98,1,0
2020-06-16,"Central Shenandoah",20-29,322,5,0
2020-06-16,"Central Shenandoah",30-39,280,6,0
2020-06-16,"Central Shenandoah",40-49,300,10,0
2020-06-16,"Central Shenandoah",50-59,325,28,1
2020-06-16,"Central Shenandoah",60-69,225,39,7
2020-06-16,"Central Shenandoah",70-79,113,38,12
2020-06-16,"Central Shenandoah",80+,89,19,11
2020-06-16,"Central Shenandoah",Missing,0,0,0
2020-06-16,"Central Virginia",0-9,5,0,0
2020-06-16,"Central Virginia",19-Oct,15,1,0
2020-06-16,"Central Virginia",20-29,52,2,0
2020-06-16,"Central Virginia",30-39,46,2,0
2020-06-16,"Central Virginia",40-49,40,0,0
2020-06-16,"Central Virginia",50-59,46,2,1
2020-06-16,"Central Virginia",60-69,41,4,1
2020-06-16,"Central Virginia",70-79,20,4,2
2020-06-16,"Central Virginia",80+,14,2,0
2020-06-16,"Central Virginia",Missing,1,0,0
2020-06-16,Chesapeake,0-9,18,1,0
2020-06-16,Chesapeake,19-Oct,29,1,0
2020-06-16,Chesapeake,20-29,97,3,0
2020-06-16,Chesapeake,30-39,127,6,0
2020-06-16,Chesapeake,40-49,111,16,0
2020-06-16,Chesapeake,50-59,111,19,1
2020-06-16,Chesapeake,60-69,86,20,4
2020-06-16,Chesapeake,70-79,51,21,2
2020-06-16,Chesapeake,80+,41,14,9
2020-06-16,Chesapeake,Missing,7,1,0
2020-06-16,Chesterfield,0-9,71,0,0
2020-06-16,Chesterfield,19-Oct,212,0,0
2020-06-16,Chesterfield,20-29,361,5,0
2020-06-16,Chesterfield,30-39,477,4,0
2020-06-16,Chesterfield,40-49,428,15,2
2020-06-16,Chesterfield,50-59,347,28,2
2020-06-16,Chesterfield,60-69,236,32,8
2020-06-16,Chesterfield,70-79,108,19,13
2020-06-16,Chesterfield,80+,129,25,31
2020-06-16,Chesterfield,Missing,60,0,0
2020-06-16,Chickahominy,0-9,10,0,0
2020-06-16,Chickahominy,19-Oct,28,0,0
2020-06-16,Chickahominy,20-29,71,0,0
2020-06-16,Chickahominy,30-39,74,1,0
2020-06-16,Chickahominy,40-49,75,11,1
2020-06-16,Chickahominy,50-59,103,22,1
2020-06-16,Chickahominy,60-69,68,16,6
2020-06-16,Chickahominy,70-79,51,20,6
2020-06-16,Chickahominy,80+,80,32,21
2020-06-16,Chickahominy,Missing,10,0,0
2020-06-16,Crater,0-9,18,1,0
2020-06-16,Crater,19-Oct,41,0,0
2020-06-16,Crater,20-29,189,7,0
2020-06-16,Crater,30-39,222,3,0
2020-06-16,Crater,40-49,183,12,1
2020-06-16,Crater,50-59,218,23,2
2020-06-16,Crater,60-69,179,33,10
2020-06-16,Crater,70-79,119,26,6
2020-06-16,Crater,80+,76,12,2
2020-06-16,Crater,Missing,8,0,0
2020-06-16,"Cumberland Plateau",0-9,0,0,0
2020-06-16,"Cumberland Plateau",19-Oct,13,0,0
2020-06-16,"Cumberland Plateau",20-29,1,0,0
2020-06-16,"Cumberland Plateau",30-39,5,0,0
2020-06-16,"Cumberland Plateau",40-49,6,0,0
2020-06-16,"Cumberland Plateau",50-59,4,1,0
2020-06-16,"Cumberland Plateau",60-69,5,1,0
2020-06-16,"Cumberland Plateau",70-79,2,0,0
2020-06-16,"Cumberland Plateau",80+,0,0,0
2020-06-16,"Cumberland Plateau",Missing,0,0,0
2020-06-16,"Eastern Shore",0-9,15,1,0
2020-06-16,"Eastern Shore",19-Oct,57,1,0
2020-06-16,"Eastern Shore",20-29,191,5,0
2020-06-16,"Eastern Shore",30-39,226,8,0
2020-06-16,"Eastern Shore",40-49,238,9,2
2020-06-16,"Eastern Shore",50-59,275,19,5
2020-06-16,"Eastern Shore",60-69,170,24,8
2020-06-16,"Eastern Shore",70-79,46,15,9
2020-06-16,"Eastern Shore",80+,49,20,17
2020-06-16,"Eastern Shore",Missing,4,0,0
2020-06-16,Fairfax,0-9,422,14,0
2020-06-16,Fairfax,19-Oct,720,20,0
2020-06-16,Fairfax,20-29,1995,63,2
2020-06-16,Fairfax,30-39,2571,157,4
2020-06-16,Fairfax,40-49,2497,222,8
2020-06-16,Fairfax,50-59,2078,264,25
2020-06-16,Fairfax,60-69,1362,281,48
2020-06-16,Fairfax,70-79,650,222,89
2020-06-16,Fairfax,80+,788,282,265
2020-06-16,Fairfax,Missing,145,2,0
2020-06-16,Hampton,0-9,8,0,0
2020-06-16,Hampton,19-Oct,13,0,0
2020-06-16,Hampton,20-29,45,2,0
2020-06-16,Hampton,30-39,44,3,0
2020-06-16,Hampton,40-49,37,3,0
2020-06-16,Hampton,50-59,42,8,1
2020-06-16,Hampton,60-69,32,11,2
2020-06-16,Hampton,70-79,15,7,0
2020-06-16,Hampton,80+,5,3,2
2020-06-16,Hampton,Missing,5,0,0
2020-06-16,Henrico,0-9,94,1,0
2020-06-16,Henrico,19-Oct,114,3,0
2020-06-16,Henrico,20-29,309,15,0
2020-06-16,Henrico,30-39,375,13,0
2020-06-16,Henrico,40-49,332,23,1
2020-06-16,Henrico,50-59,285,30,7
2020-06-16,Henrico,60-69,267,44,26
2020-06-16,Henrico,70-79,199,45,34
2020-06-16,Henrico,80+,304,65,68
2020-06-16,Henrico,Missing,32,1,1
2020-06-16,Lenowisco,0-9,3,0,0
2020-06-16,Lenowisco,19-Oct,3,0,0
2020-06-16,Lenowisco,20-29,6,0,0
2020-06-16,Lenowisco,30-39,4,1,1
2020-06-16,Lenowisco,40-49,7,2,0
2020-06-16,Lenowisco,50-59,13,5,0
2020-06-16,Lenowisco,60-69,5,4,2
2020-06-16,Lenowisco,70-79,5,4,1
2020-06-16,Lenowisco,80+,0,0,0
2020-06-16,Lenowisco,Missing,0,0,0
2020-06-16,"Lord Fairfax",0-9,51,0,0
2020-06-16,"Lord Fairfax",19-Oct,104,0,0
2020-06-16,"Lord Fairfax",20-29,306,4,0
2020-06-16,"Lord Fairfax",30-39,299,11,1
2020-06-16,"Lord Fairfax",40-49,279,13,1
2020-06-16,"Lord Fairfax",50-59,285,21,2
2020-06-16,"Lord Fairfax",60-69,199,41,11
2020-06-16,"Lord Fairfax",70-79,110,30,13
2020-06-16,"Lord Fairfax",80+,114,28,34
2020-06-16,"Lord Fairfax",Missing,2,0,0
2020-06-16,Loudoun,0-9,130,2,0
2020-06-16,Loudoun,19-Oct,236,0,0
2020-06-16,Loudoun,20-29,558,6,0
2020-06-16,Loudoun,30-39,638,18,0
2020-06-16,Loudoun,40-49,719,29,0
2020-06-16,Loudoun,50-59,560,34,1
2020-06-16,Loudoun,60-69,228,37,4
2020-06-16,Loudoun,70-79,131,37,12
2020-06-16,Loudoun,80+,182,43,58
2020-06-16,Loudoun,Missing,57,0,1
2020-06-16,"Mount Rogers",0-9,27,1,0
2020-06-16,"Mount Rogers",19-Oct,43,0,0
2020-06-16,"Mount Rogers",20-29,82,0,0
2020-06-16,"Mount Rogers",30-39,89,3,0
2020-06-16,"Mount Rogers",40-49,70,0,0
2020-06-16,"Mount Rogers",50-59,73,5,1
2020-06-16,"Mount Rogers",60-69,65,6,0
2020-06-16,"Mount Rogers",70-79,55,24,9
2020-06-16,"Mount Rogers",80+,68,24,12
2020-06-16,"Mount Rogers",Missing,1,0,0
2020-06-16,"New River",0-9,3,0,0
2020-06-16,"New River",19-Oct,7,0,0
2020-06-16,"New River",20-29,34,0,0
2020-06-16,"New River",30-39,19,1,0
2020-06-16,"New River",40-49,21,1,0
2020-06-16,"New River",50-59,28,3,0
2020-06-16,"New River",60-69,19,2,0
2020-06-16,"New River",70-79,13,8,3
2020-06-16,"New River",80+,8,3,1
2020-06-16,"New River",Missing,0,0,0
2020-06-16,Norfolk,0-9,18,0,0
2020-06-16,Norfolk,19-Oct,41,1,0
2020-06-16,Norfolk,20-29,172,1,0
2020-06-16,Norfolk,30-39,136,10,0
2020-06-16,Norfolk,40-49,106,10,0
2020-06-16,Norfolk,50-59,102,17,0
2020-06-16,Norfolk,60-69,61,22,1
2020-06-16,Norfolk,70-79,25,15,3
2020-06-16,Norfolk,80+,13,7,3
2020-06-16,Norfolk,Missing,7,1,0
2020-06-16,Peninsula,0-9,30,0,0
2020-06-16,Peninsula,19-Oct,32,1,0
2020-06-16,Peninsula,20-29,123,1,0
2020-06-16,Peninsula,30-39,127,7,1
2020-06-16,Peninsula,40-49,103,7,1
2020-06-16,Peninsula,50-59,121,18,2
2020-06-16,Peninsula,60-69,112,28,3
2020-06-16,Peninsula,70-79,81,38,11
2020-06-16,Peninsula,80+,50,23,15
2020-06-16,Peninsula,Missing,6,0,0
2020-06-16,Piedmont,0-9,13,0,0
2020-06-16,Piedmont,19-Oct,22,0,0
2020-06-16,Piedmont,20-29,142,1,0
2020-06-16,Piedmont,30-39,172,2,0
2020-06-16,Piedmont,40-49,171,7,0
2020-06-16,Piedmont,50-59,171,17,0
2020-06-16,Piedmont,60-69,129,17,2
2020-06-16,Piedmont,70-79,58,17,2
2020-06-16,Piedmont,80+,33,12,3
2020-06-16,Piedmont,Missing,1,0,0
2020-06-16,Pittsylvania-Danville,0-9,1,0,0
2020-06-16,Pittsylvania-Danville,19-Oct,6,0,0
2020-06-16,Pittsylvania-Danville,20-29,14,0,0
2020-06-16,Pittsylvania-Danville,30-39,15,0,0
2020-06-16,Pittsylvania-Danville,40-49,33,5,0
2020-06-16,Pittsylvania-Danville,50-59,27,9,0
2020-06-16,Pittsylvania-Danville,60-69,18,7,1
2020-06-16,Pittsylvania-Danville,70-79,19,9,0
2020-06-16,Pittsylvania-Danville,80+,3,2,2
2020-06-16,Pittsylvania-Danville,Missing,0,0,0
2020-06-16,Portsmouth,0-9,4,1,0
2020-06-16,Portsmouth,19-Oct,13,0,0
2020-06-16,Portsmouth,20-29,67,3,0
2020-06-16,Portsmouth,30-39,85,4,0
2020-06-16,Portsmouth,40-49,59,6,0
2020-06-16,Portsmouth,50-59,64,17,2
2020-06-16,Portsmouth,60-69,44,13,4
2020-06-16,Portsmouth,70-79,24,8,3
2020-06-16,Portsmouth,80+,20,7,3
2020-06-16,Portsmouth,Missing,7,0,0
2020-06-16,"Prince William",0-9,284,6,0
2020-06-16,"Prince William",19-Oct,600,8,0
2020-06-16,"Prince William",20-29,1477,47,0
2020-06-16,"Prince William",30-39,1560,88,2
2020-06-16,"Prince William",40-49,1809,134,6
2020-06-16,"Prince William",50-59,1300,172,12
2020-06-16,"Prince William",60-69,695,150,28
2020-06-16,"Prince William",70-79,264,74,38
2020-06-16,"Prince William",80+,212,72,61
2020-06-16,"Prince William",Missing,125,2,0
2020-06-16,Rappahannock,0-9,95,1,0
2020-06-16,Rappahannock,19-Oct,175,1,0
2020-06-16,Rappahannock,20-29,366,10,0
2020-06-16,Rappahannock,30-39,436,20,0
2020-06-16,Rappahannock,40-49,401,33,2
2020-06-16,Rappahannock,50-59,331,40,3
2020-06-16,Rappahannock,60-69,190,42,5
2020-06-16,Rappahannock,70-79,88,24,11
2020-06-16,Rappahannock,80+,67,21,9
2020-06-16,Rappahannock,Missing,17,0,0
2020-06-16,"Rappahannock Rapidan",0-9,71,1,0
2020-06-16,"Rappahannock Rapidan",19-Oct,122,3,0
2020-06-16,"Rappahannock Rapidan",20-29,262,4,0
2020-06-16,"Rappahannock Rapidan",30-39,281,14,1
2020-06-16,"Rappahannock Rapidan",40-49,279,19,2
2020-06-16,"Rappahannock Rapidan",50-59,195,22,2
2020-06-16,"Rappahannock Rapidan",60-69,101,16,2
2020-06-16,"Rappahannock Rapidan",70-79,35,12,7
2020-06-16,"Rappahannock Rapidan",80+,20,12,4
2020-06-16,"Rappahannock Rapidan",Missing,6,0,0
2020-06-16,Richmond,0-9,71,3,0
2020-06-16,Richmond,19-Oct,141,2,0
2020-06-16,Richmond,20-29,371,10,0
2020-06-16,Richmond,30-39,395,23,1
2020-06-16,Richmond,40-49,326,26,1
2020-06-16,Richmond,50-59,245,39,2
2020-06-16,Richmond,60-69,175,40,6
2020-06-16,Richmond,70-79,72,32,11
2020-06-16,Richmond,80+,35,16,8
2020-06-16,Richmond,Missing,17,0,0
2020-06-16,Roanoke,0-9,7,0,0
2020-06-16,Roanoke,19-Oct,17,0,0
2020-06-16,Roanoke,20-29,51,1,0
2020-06-16,Roanoke,30-39,56,0,0
2020-06-16,Roanoke,40-49,36,1,0
2020-06-16,Roanoke,50-59,30,1,0
2020-06-16,Roanoke,60-69,22,2,0
2020-06-16,Roanoke,70-79,10,3,0
2020-06-16,Roanoke,80+,38,3,10
2020-06-16,Roanoke,Missing,3,0,0
2020-06-16,Southside,0-9,2,0,0
2020-06-16,Southside,19-Oct,5,0,0
2020-06-16,Southside,20-29,31,2,0
2020-06-16,Southside,30-39,33,0,0
2020-06-16,Southside,40-49,29,5,0
2020-06-16,Southside,50-59,47,6,0
2020-06-16,Southside,60-69,49,12,3
2020-06-16,Southside,70-79,51,9,11
2020-06-16,Southside,80+,76,11,12
2020-06-16,Southside,Missing,0,0,0
2020-06-16,"Thomas Jefferson",0-9,26,1,0
2020-06-16,"Thomas Jefferson",19-Oct,40,1,0
2020-06-16,"Thomas Jefferson",20-29,111,1,0
2020-06-16,"Thomas Jefferson",30-39,139,5,0
2020-06-16,"Thomas Jefferson",40-49,112,5,0
2020-06-16,"Thomas Jefferson",50-59,93,9,1
2020-06-16,"Thomas Jefferson",60-69,65,17,2
2020-06-16,"Thomas Jefferson",70-79,58,19,2
2020-06-16,"Thomas Jefferson",80+,72,23,14
2020-06-16,"Thomas Jefferson",Missing,1,0,0
2020-06-16,"Three Rivers",0-9,9,1,0
2020-06-16,"Three Rivers",19-Oct,20,0,0
2020-06-16,"Three Rivers",20-29,101,4,0
2020-06-16,"Three Rivers",30-39,128,3,0
2020-06-16,"Three Rivers",40-49,124,11,2
2020-06-16,"Three Rivers",50-59,80,6,0
2020-06-16,"Three Rivers",60-69,67,10,0
2020-06-16,"Three Rivers",70-79,27,6,4
2020-06-16,"Three Rivers",80+,29,5,4
2020-06-16,"Three Rivers",Missing,1,0,0
2020-06-16,"Virginia Beach",0-9,15,0,0
2020-06-16,"Virginia Beach",19-Oct,36,0,0
2020-06-16,"Virginia Beach",20-29,176,3,0
2020-06-16,"Virginia Beach",30-39,131,9,1
2020-06-16,"Virginia Beach",40-49,136,18,1
2020-06-16,"Virginia Beach",50-59,123,13,0
2020-06-16,"Virginia Beach",60-69,121,16,1
2020-06-16,"Virginia Beach",70-79,65,26,7
2020-06-16,"Virginia Beach",80+,81,25,17
2020-06-16,"Virginia Beach",Missing,25,0,0
2020-06-16,"West Piedmont",0-9,7,0,0
2020-06-16,"West Piedmont",19-Oct,31,1,0
2020-06-16,"West Piedmont",20-29,45,0,0
2020-06-16,"West Piedmont",30-39,51,1,0
2020-06-16,"West Piedmont",40-49,63,7,1
2020-06-16,"West Piedmont",50-59,74,9,1
2020-06-16,"West Piedmont",60-69,38,3,0
2020-06-16,"West Piedmont",70-79,20,6,3
2020-06-16,"West Piedmont",80+,12,6,0
2020-06-16,"West Piedmont",Missing,0,0,0
2020-06-16,"Western Tidewater",0-9,5,0,0
2020-06-16,"Western Tidewater",19-Oct,12,0,0
2020-06-16,"Western Tidewater",20-29,58,2,0
2020-06-16,"Western Tidewater",30-39,87,4,0
2020-06-16,"Western Tidewater",40-49,87,5,1
2020-06-16,"Western Tidewater",50-59,127,12,2
2020-06-16,"Western Tidewater",60-69,113,13,6
2020-06-16,"Western Tidewater",70-79,82,20,16
2020-06-16,"Western Tidewater",80+,128,22,21
2020-06-16,"Western Tidewater",Missing,5,0,0
2020-06-17,Alexandria,0-9,118,2,0
2020-06-17,Alexandria,19-Oct,152,3,0
2020-06-17,Alexandria,20-29,330,7,1
2020-06-17,Alexandria,30-39,507,28,0
2020-06-17,Alexandria,40-49,405,34,0
2020-06-17,Alexandria,50-59,284,44,9
2020-06-17,Alexandria,60-69,185,43,2
2020-06-17,Alexandria,70-79,100,37,15
2020-06-17,Alexandria,80+,83,27,21
2020-06-17,Alexandria,Missing,11,0,0
2020-06-17,Alleghany,0-9,4,0,0
2020-06-17,Alleghany,19-Oct,12,0,0
2020-06-17,Alleghany,20-29,63,1,0
2020-06-17,Alleghany,30-39,30,2,0
2020-06-17,Alleghany,40-49,38,1,0
2020-06-17,Alleghany,50-59,50,4,1
2020-06-17,Alleghany,60-69,35,7,1
2020-06-17,Alleghany,70-79,30,5,7
2020-06-17,Alleghany,80+,24,8,5
2020-06-17,Alleghany,Missing,1,0,0
2020-06-17,Arlington,0-9,41,2,0
2020-06-17,Arlington,19-Oct,87,5,0
2020-06-17,Arlington,20-29,395,20,0
2020-06-17,Arlington,30-39,430,41,0
2020-06-17,Arlington,40-49,404,46,4
2020-06-17,Arlington,50-59,363,66,6
2020-06-17,Arlington,60-69,271,76,19
2020-06-17,Arlington,70-79,171,72,32
2020-06-17,Arlington,80+,200,78,63
2020-06-17,Arlington,Missing,10,1,0
2020-06-17,"Central Shenandoah",0-9,46,0,0
2020-06-17,"Central Shenandoah",19-Oct,100,1,0
2020-06-17,"Central Shenandoah",20-29,329,5,0
2020-06-17,"Central Shenandoah",30-39,284,6,0
2020-06-17,"Central Shenandoah",40-49,301,10,0
2020-06-17,"Central Shenandoah",50-59,326,28,1
2020-06-17,"Central Shenandoah",60-69,227,39,8
2020-06-17,"Central Shenandoah",70-79,115,38,12
2020-06-17,"Central Shenandoah",80+,89,20,11
2020-06-17,"Central Shenandoah",Missing,0,0,0
2020-06-17,"Central Virginia",0-9,5,0,0
2020-06-17,"Central Virginia",19-Oct,15,1,0
2020-06-17,"Central Virginia",20-29,53,2,0
2020-06-17,"Central Virginia",30-39,46,2,0
2020-06-17,"Central Virginia",40-49,41,0,0
2020-06-17,"Central Virginia",50-59,46,2,1
2020-06-17,"Central Virginia",60-69,41,4,1
2020-06-17,"Central Virginia",70-79,20,4,2
2020-06-17,"Central Virginia",80+,14,2,0
2020-06-17,"Central Virginia",Missing,1,0,0
2020-06-17,Chesapeake,0-9,18,1,0
2020-06-17,Chesapeake,19-Oct,29,1,0
2020-06-17,Chesapeake,20-29,97,3,0
2020-06-17,Chesapeake,30-39,131,6,0
2020-06-17,Chesapeake,40-49,111,16,0
2020-06-17,Chesapeake,50-59,111,19,1
2020-06-17,Chesapeake,60-69,89,21,4
2020-06-17,Chesapeake,70-79,51,21,2
2020-06-17,Chesapeake,80+,41,14,9
2020-06-17,Chesapeake,Missing,6,1,0
2020-06-17,Chesterfield,0-9,72,0,0
2020-06-17,Chesterfield,19-Oct,219,0,0
2020-06-17,Chesterfield,20-29,372,5,0
2020-06-17,Chesterfield,30-39,494,4,0
2020-06-17,Chesterfield,40-49,439,15,2
2020-06-17,Chesterfield,50-59,355,28,3
2020-06-17,Chesterfield,60-69,238,32,8
2020-06-17,Chesterfield,70-79,110,19,13
2020-06-17,Chesterfield,80+,130,25,31
2020-06-17,Chesterfield,Missing,58,0,0
2020-06-17,Chickahominy,0-9,10,0,0
2020-06-17,Chickahominy,19-Oct,29,0,0
2020-06-17,Chickahominy,20-29,71,0,0
2020-06-17,Chickahominy,30-39,74,1,0
2020-06-17,Chickahominy,40-49,77,11,1
2020-06-17,Chickahominy,50-59,105,22,1
2020-06-17,Chickahominy,60-69,68,16,6
2020-06-17,Chickahominy,70-79,51,20,6
2020-06-17,Chickahominy,80+,80,32,21
2020-06-17,Chickahominy,Missing,10,0,0
2020-06-17,Crater,0-9,19,1,0
2020-06-17,Crater,19-Oct,42,0,0
2020-06-17,Crater,20-29,192,7,0
2020-06-17,Crater,30-39,222,3,0
2020-06-17,Crater,40-49,187,13,1
2020-06-17,Crater,50-59,217,23,2
2020-06-17,Crater,60-69,182,33,10
2020-06-17,Crater,70-79,122,27,6
2020-06-17,Crater,80+,81,15,2
2020-06-17,Crater,Missing,7,0,0
2020-06-17,"Cumberland Plateau",0-9,0,0,0
2020-06-17,"Cumberland Plateau",19-Oct,13,0,0
2020-06-17,"Cumberland Plateau",20-29,2,0,0
2020-06-17,"Cumberland Plateau",30-39,5,0,0
2020-06-17,"Cumberland Plateau",40-49,6,0,0
2020-06-17,"Cumberland Plateau",50-59,4,1,0
2020-06-17,"Cumberland Plateau",60-69,5,1,0
2020-06-17,"Cumberland Plateau",70-79,2,0,0
2020-06-17,"Cumberland Plateau",80+,0,0,0
2020-06-17,"Cumberland Plateau",Missing,0,0,0
2020-06-17,"Eastern Shore",0-9,15,1,0
2020-06-17,"Eastern Shore",19-Oct,57,1,0
2020-06-17,"Eastern Shore",20-29,191,6,0
2020-06-17,"Eastern Shore",30-39,226,8,0
2020-06-17,"Eastern Shore",40-49,238,10,2
2020-06-17,"Eastern Shore",50-59,275,19,5
2020-06-17,"Eastern Shore",60-69,171,25,8
2020-06-17,"Eastern Shore",70-79,46,15,9
2020-06-17,"Eastern Shore",80+,49,20,17
2020-06-17,"Eastern Shore",Missing,15,0,0
2020-06-17,Fairfax,0-9,424,15,0
2020-06-17,Fairfax,19-Oct,721,21,0
2020-06-17,Fairfax,20-29,2008,64,2
2020-06-17,Fairfax,30-39,2584,157,4
2020-06-17,Fairfax,40-49,2504,226,8
2020-06-17,Fairfax,50-59,2086,264,25
2020-06-17,Fairfax,60-69,1369,281,47
2020-06-17,Fairfax,70-79,649,222,89
2020-06-17,Fairfax,80+,788,283,268
2020-06-17,Fairfax,Missing,146,2,0
2020-06-17,Hampton,0-9,8,0,0
2020-06-17,Hampton,19-Oct,13,0,0
2020-06-17,Hampton,20-29,46,2,0
2020-06-17,Hampton,30-39,44,3,0
2020-06-17,Hampton,40-49,37,3,0
2020-06-17,Hampton,50-59,42,8,1
2020-06-17,Hampton,60-69,33,11,2
2020-06-17,Hampton,70-79,15,7,0
2020-06-17,Hampton,80+,5,3,2
2020-06-17,Hampton,Missing,5,0,0
2020-06-17,Henrico,0-9,96,1,0
2020-06-17,Henrico,19-Oct,117,3,0
2020-06-17,Henrico,20-29,310,15,0
2020-06-17,Henrico,30-39,380,13,0
2020-06-17,Henrico,40-49,338,23,1
2020-06-17,Henrico,50-59,289,31,8
2020-06-17,Henrico,60-69,267,44,26
2020-06-17,Henrico,70-79,199,45,35
2020-06-17,Henrico,80+,304,65,69
2020-06-17,Henrico,Missing,32,1,1
2020-06-17,Lenowisco,0-9,3,0,0
2020-06-17,Lenowisco,19-Oct,3,0,0
2020-06-17,Lenowisco,20-29,6,0,0
2020-06-17,Lenowisco,30-39,4,1,1
2020-06-17,Lenowisco,40-49,7,2,0
2020-06-17,Lenowisco,50-59,13,5,0
2020-06-17,Lenowisco,60-69,5,4,2
2020-06-17,Lenowisco,70-79,5,4,1
2020-06-17,Lenowisco,80+,0,0,0
2020-06-17,Lenowisco,Missing,0,0,0
2020-06-17,"Lord Fairfax",0-9,52,0,0
2020-06-17,"Lord Fairfax",19-Oct,107,0,0
2020-06-17,"Lord Fairfax",20-29,310,4,0
2020-06-17,"Lord Fairfax",30-39,301,11,1
2020-06-17,"Lord Fairfax",40-49,282,13,1
2020-06-17,"Lord Fairfax",50-59,286,21,2
2020-06-17,"Lord Fairfax",60-69,199,41,10
2020-06-17,"Lord Fairfax",70-79,110,30,14
2020-06-17,"Lord Fairfax",80+,115,29,34
2020-06-17,"Lord Fairfax",Missing,2,0,0
2020-06-17,Loudoun,0-9,132,2,0
2020-06-17,Loudoun,19-Oct,238,0,0
2020-06-17,Loudoun,20-29,564,6,0
2020-06-17,Loudoun,30-39,641,18,0
2020-06-17,Loudoun,40-49,721,29,0
2020-06-17,Loudoun,50-59,560,37,1
2020-06-17,Loudoun,60-69,229,40,4
2020-06-17,Loudoun,70-79,132,39,13
2020-06-17,Loudoun,80+,184,46,61
2020-06-17,Loudoun,Missing,57,0,1
2020-06-17,"Mount Rogers",0-9,28,1,0
2020-06-17,"Mount Rogers",19-Oct,45,0,0
2020-06-17,"Mount Rogers",20-29,85,0,0
2020-06-17,"Mount Rogers",30-39,90,3,0
2020-06-17,"Mount Rogers",40-49,72,0,0
2020-06-17,"Mount Rogers",50-59,75,5,1
2020-06-17,"Mount Rogers",60-69,65,6,0
2020-06-17,"Mount Rogers",70-79,55,24,9
2020-06-17,"Mount Rogers",80+,67,23,13
2020-06-17,"Mount Rogers",Missing,1,0,0
2020-06-17,"New River",0-9,3,0,0
2020-06-17,"New River",19-Oct,7,0,0
2020-06-17,"New River",20-29,34,0,0
2020-06-17,"New River",30-39,19,1,0
2020-06-17,"New River",40-49,21,1,0
2020-06-17,"New River",50-59,28,3,0
2020-06-17,"New River",60-69,19,2,0
2020-06-17,"New River",70-79,13,8,3
2020-06-17,"New River",80+,8,3,1
2020-06-17,"New River",Missing,0,0,0
2020-06-17,Norfolk,0-9,20,0,0
2020-06-17,Norfolk,19-Oct,41,1,0
2020-06-17,Norfolk,20-29,177,1,0
2020-06-17,Norfolk,30-39,138,10,0
2020-06-17,Norfolk,40-49,108,10,0
2020-06-17,Norfolk,50-59,105,17,0
2020-06-17,Norfolk,60-69,64,23,1
2020-06-17,Norfolk,70-79,25,15,3
2020-06-17,Norfolk,80+,13,7,3
2020-06-17,Norfolk,Missing,7,1,0
2020-06-17,Peninsula,0-9,30,0,0
2020-06-17,Peninsula,19-Oct,34,1,0
2020-06-17,Peninsula,20-29,127,1,0
2020-06-17,Peninsula,30-39,129,7,1
2020-06-17,Peninsula,40-49,104,7,1
2020-06-17,Peninsula,50-59,122,18,2
2020-06-17,Peninsula,60-69,112,28,3
2020-06-17,Peninsula,70-79,81,38,11
2020-06-17,Peninsula,80+,50,23,15
2020-06-17,Peninsula,Missing,6,0,0
2020-06-17,Piedmont,0-9,13,0,0
2020-06-17,Piedmont,19-Oct,22,0,0
2020-06-17,Piedmont,20-29,143,2,0
2020-06-17,Piedmont,30-39,173,2,0
2020-06-17,Piedmont,40-49,175,7,0
2020-06-17,Piedmont,50-59,173,18,0
2020-06-17,Piedmont,60-69,129,18,2
2020-06-17,Piedmont,70-79,58,17,2
2020-06-17,Piedmont,80+,33,12,3
2020-06-17,Piedmont,Missing,1,0,0
2020-06-17,Pittsylvania-Danville,0-9,1,0,0
2020-06-17,Pittsylvania-Danville,19-Oct,6,0,0
2020-06-17,Pittsylvania-Danville,20-29,14,0,0
2020-06-17,Pittsylvania-Danville,30-39,16,0,0
2020-06-17,Pittsylvania-Danville,40-49,33,5,0
2020-06-17,Pittsylvania-Danville,50-59,27,9,0
2020-06-17,Pittsylvania-Danville,60-69,19,7,1
2020-06-17,Pittsylvania-Danville,70-79,20,9,0
2020-06-17,Pittsylvania-Danville,80+,3,2,2
2020-06-17,Pittsylvania-Danville,Missing,0,0,0
2020-06-17,Portsmouth,0-9,7,1,0
2020-06-17,Portsmouth,19-Oct,13,0,0
2020-06-17,Portsmouth,20-29,70,3,0
2020-06-17,Portsmouth,30-39,86,4,0
2020-06-17,Portsmouth,40-49,59,6,0
2020-06-17,Portsmouth,50-59,64,17,2
2020-06-17,Portsmouth,60-69,44,13,4
2020-06-17,Portsmouth,70-79,25,9,4
2020-06-17,Portsmouth,80+,20,7,3
2020-06-17,Portsmouth,Missing,7,0,0
2020-06-17,"Prince William",0-9,286,6,0
2020-06-17,"Prince William",19-Oct,606,8,0
2020-06-17,"Prince William",20-29,1485,47,0
2020-06-17,"Prince William",30-39,1568,89,2
2020-06-17,"Prince William",40-49,1813,134,6
2020-06-17,"Prince William",50-59,1308,172,12
2020-06-17,"Prince William",60-69,700,151,28
2020-06-17,"Prince William",70-79,263,74,38
2020-06-17,"Prince William",80+,211,72,61
2020-06-17,"Prince William",Missing,124,2,0
2020-06-17,Rappahannock,0-9,96,1,0
2020-06-17,Rappahannock,19-Oct,179,1,0
2020-06-17,Rappahannock,20-29,371,10,0
2020-06-17,Rappahannock,30-39,437,20,0
2020-06-17,Rappahannock,40-49,405,33,2
2020-06-17,Rappahannock,50-59,334,41,3
2020-06-17,Rappahannock,60-69,192,42,5
2020-06-17,Rappahannock,70-79,87,24,11
2020-06-17,Rappahannock,80+,70,23,9
2020-06-17,Rappahannock,Missing,17,0,0
2020-06-17,"Rappahannock Rapidan",0-9,71,1,0
2020-06-17,"Rappahannock Rapidan",19-Oct,122,3,0
2020-06-17,"Rappahannock Rapidan",20-29,262,4,0
2020-06-17,"Rappahannock Rapidan",30-39,284,14,1
2020-06-17,"Rappahannock Rapidan",40-49,282,19,2
2020-06-17,"Rappahannock Rapidan",50-59,197,22,2
2020-06-17,"Rappahannock Rapidan",60-69,103,16,2
2020-06-17,"Rappahannock Rapidan",70-79,35,12,7
2020-06-17,"Rappahannock Rapidan",80+,20,12,4
2020-06-17,"Rappahannock Rapidan",Missing,6,0,0
2020-06-17,Richmond,0-9,71,4,0
2020-06-17,Richmond,19-Oct,148,2,0
2020-06-17,Richmond,20-29,376,10,0
2020-06-17,Richmond,30-39,401,23,1
2020-06-17,Richmond,40-49,327,26,1
2020-06-17,Richmond,50-59,248,39,1
2020-06-17,Richmond,60-69,175,42,6
2020-06-17,Richmond,70-79,72,33,11
2020-06-17,Richmond,80+,36,16,8
2020-06-17,Richmond,Missing,18,0,0
2020-06-17,Roanoke,0-9,7,0,0
2020-06-17,Roanoke,19-Oct,17,0,0
2020-06-17,Roanoke,20-29,52,1,0
2020-06-17,Roanoke,30-39,59,0,0
2020-06-17,Roanoke,40-49,38,1,0
2020-06-17,Roanoke,50-59,30,1,0
2020-06-17,Roanoke,60-69,23,3,0
2020-06-17,Roanoke,70-79,10,3,0
2020-06-17,Roanoke,80+,38,3,10
2020-06-17,Roanoke,Missing,3,0,0
2020-06-17,Southside,0-9,2,0,0
2020-06-17,Southside,19-Oct,5,0,0
2020-06-17,Southside,20-29,31,2,0
2020-06-17,Southside,30-39,35,0,0
2020-06-17,Southside,40-49,30,5,0
2020-06-17,Southside,50-59,48,7,0
2020-06-17,Southside,60-69,49,12,3
2020-06-17,Southside,70-79,52,9,11
2020-06-17,Southside,80+,77,11,12
2020-06-17,Southside,Missing,0,0,0
2020-06-17,"Thomas Jefferson",0-9,27,1,0
2020-06-17,"Thomas Jefferson",19-Oct,40,1,0
2020-06-17,"Thomas Jefferson",20-29,112,1,0
2020-06-17,"Thomas Jefferson",30-39,140,5,0
2020-06-17,"Thomas Jefferson",40-49,112,5,0
2020-06-17,"Thomas Jefferson",50-59,94,9,1
2020-06-17,"Thomas Jefferson",60-69,66,17,2
2020-06-17,"Thomas Jefferson",70-79,58,19,2
2020-06-17,"Thomas Jefferson",80+,72,23,14
2020-06-17,"Thomas Jefferson",Missing,1,0,0
2020-06-17,"Three Rivers",0-9,9,1,0
2020-06-17,"Three Rivers",19-Oct,20,0,0
2020-06-17,"Three Rivers",20-29,101,4,0
2020-06-17,"Three Rivers",30-39,128,3,0
2020-06-17,"Three Rivers",40-49,124,11,2
2020-06-17,"Three Rivers",50-59,80,6,0
2020-06-17,"Three Rivers",60-69,67,10,0
2020-06-17,"Three Rivers",70-79,27,6,4
2020-06-17,"Three Rivers",80+,29,5,4
2020-06-17,"Three Rivers",Missing,1,0,0
2020-06-17,"Virginia Beach",0-9,16,0,0
2020-06-17,"Virginia Beach",19-Oct,36,0,0
2020-06-17,"Virginia Beach",20-29,177,3,0
2020-06-17,"Virginia Beach",30-39,132,9,1
2020-06-17,"Virginia Beach",40-49,138,18,1
2020-06-17,"Virginia Beach",50-59,127,13,0
2020-06-17,"Virginia Beach",60-69,125,16,1
2020-06-17,"Virginia Beach",70-79,65,26,7
2020-06-17,"Virginia Beach",80+,82,27,18
2020-06-17,"Virginia Beach",Missing,25,0,0
2020-06-17,"West Piedmont",0-9,9,0,0
2020-06-17,"West Piedmont",19-Oct,31,0,0
2020-06-17,"West Piedmont",20-29,46,0,0
2020-06-17,"West Piedmont",30-39,52,1,0
2020-06-17,"West Piedmont",40-49,63,7,1
2020-06-17,"West Piedmont",50-59,77,9,1
2020-06-17,"West Piedmont",60-69,39,3,0
2020-06-17,"West Piedmont",70-79,20,6,3
2020-06-17,"West Piedmont",80+,12,6,0
2020-06-17,"West Piedmont",Missing,0,0,0
2020-06-17,"Western Tidewater",0-9,5,0,0
2020-06-17,"Western Tidewater",19-Oct,12,0,0
2020-06-17,"Western Tidewater",20-29,59,2,0
2020-06-17,"Western Tidewater",30-39,87,4,0
2020-06-17,"Western Tidewater",40-49,87,5,1
2020-06-17,"Western Tidewater",50-59,127,12,2
2020-06-17,"Western Tidewater",60-69,113,13,6
2020-06-17,"Western Tidewater",70-79,81,20,16
2020-06-17,"Western Tidewater",80+,128,22,21
2020-06-17,"Western Tidewater",Missing,5,0,0
2020-06-18,Alexandria,0-9,119,2,0
2020-06-18,Alexandria,19-Oct,155,3,0
2020-06-18,Alexandria,20-29,330,7,1
2020-06-18,Alexandria,30-39,510,28,0
2020-06-18,Alexandria,40-49,405,35,0
2020-06-18,Alexandria,50-59,287,47,9
2020-06-18,Alexandria,60-69,186,43,2
2020-06-18,Alexandria,70-79,100,37,15
2020-06-18,Alexandria,80+,83,27,21
2020-06-18,Alexandria,Missing,11,0,0
2020-06-18,Alleghany,0-9,4,0,0
2020-06-18,Alleghany,19-Oct,12,0,0
2020-06-18,Alleghany,20-29,63,1,0
2020-06-18,Alleghany,30-39,30,2,0
2020-06-18,Alleghany,40-49,39,1,0
2020-06-18,Alleghany,50-59,50,4,1
2020-06-18,Alleghany,60-69,35,7,1
2020-06-18,Alleghany,70-79,30,5,7
2020-06-18,Alleghany,80+,24,8,5
2020-06-18,Alleghany,Missing,1,0,0
2020-06-18,Arlington,0-9,42,2,0
2020-06-18,Arlington,19-Oct,88,5,0
2020-06-18,Arlington,20-29,396,20,0
2020-06-18,Arlington,30-39,433,41,0
2020-06-18,Arlington,40-49,406,46,4
2020-06-18,Arlington,50-59,363,66,6
2020-06-18,Arlington,60-69,271,76,19
2020-06-18,Arlington,70-79,171,72,32
2020-06-18,Arlington,80+,202,80,65
2020-06-18,Arlington,Missing,10,1,0
2020-06-18,"Central Shenandoah",0-9,46,0,0
2020-06-18,"Central Shenandoah",19-Oct,100,1,0
2020-06-18,"Central Shenandoah",20-29,336,5,0
2020-06-18,"Central Shenandoah",30-39,286,6,0
2020-06-18,"Central Shenandoah",40-49,303,10,0
2020-06-18,"Central Shenandoah",50-59,331,28,1
2020-06-18,"Central Shenandoah",60-69,231,39,8
2020-06-18,"Central Shenandoah",70-79,116,38,12
2020-06-18,"Central Shenandoah",80+,90,21,11
2020-06-18,"Central Shenandoah",Missing,0,0,0
2020-06-18,"Central Virginia",0-9,5,0,0
2020-06-18,"Central Virginia",19-Oct,15,1,0
2020-06-18,"Central Virginia",20-29,54,2,0
2020-06-18,"Central Virginia",30-39,47,2,0
2020-06-18,"Central Virginia",40-49,40,0,0
2020-06-18,"Central Virginia",50-59,46,2,1
2020-06-18,"Central Virginia",60-69,41,4,1
2020-06-18,"Central Virginia",70-79,20,4,2
2020-06-18,"Central Virginia",80+,14,2,0
2020-06-18,"Central Virginia",Missing,1,0,0
2020-06-18,Chesapeake,0-9,19,1,0
2020-06-18,Chesapeake,19-Oct,30,1,0
2020-06-18,Chesapeake,20-29,97,3,0
2020-06-18,Chesapeake,30-39,134,6,0
2020-06-18,Chesapeake,40-49,113,17,0
2020-06-18,Chesapeake,50-59,113,19,1
2020-06-18,Chesapeake,60-69,90,22,4
2020-06-18,Chesapeake,70-79,53,21,2
2020-06-18,Chesapeake,80+,42,14,9
2020-06-18,Chesapeake,Missing,6,1,0
2020-06-18,Chesterfield,0-9,77,0,0
2020-06-18,Chesterfield,19-Oct,226,0,0
2020-06-18,Chesterfield,20-29,387,5,0
2020-06-18,Chesterfield,30-39,507,4,0
2020-06-18,Chesterfield,40-49,447,15,2
2020-06-18,Chesterfield,50-59,364,28,3
2020-06-18,Chesterfield,60-69,241,32,8
2020-06-18,Chesterfield,70-79,110,19,13
2020-06-18,Chesterfield,80+,129,25,31
2020-06-18,Chesterfield,Missing,61,0,0
2020-06-18,Chickahominy,0-9,10,0,0
2020-06-18,Chickahominy,19-Oct,29,0,0
2020-06-18,Chickahominy,20-29,72,0,0
2020-06-18,Chickahominy,30-39,75,2,0
2020-06-18,Chickahominy,40-49,77,11,1
2020-06-18,Chickahominy,50-59,104,22,1
2020-06-18,Chickahominy,60-69,68,17,6
2020-06-18,Chickahominy,70-79,52,20,6
2020-06-18,Chickahominy,80+,80,32,21
2020-06-18,Chickahominy,Missing,11,0,0
2020-06-18,Crater,0-9,19,1,0
2020-06-18,Crater,19-Oct,42,0,0
2020-06-18,Crater,20-29,193,7,0
2020-06-18,Crater,30-39,222,3,0
2020-06-18,Crater,40-49,188,13,1
2020-06-18,Crater,50-59,218,24,2
2020-06-18,Crater,60-69,185,35,10
2020-06-18,Crater,70-79,122,27,6
2020-06-18,Crater,80+,83,16,2
2020-06-18,Crater,Missing,7,0,0
2020-06-18,"Cumberland Plateau",0-9,0,0,0
2020-06-18,"Cumberland Plateau",19-Oct,13,0,0
2020-06-18,"Cumberland Plateau",20-29,2,0,0
2020-06-18,"Cumberland Plateau",30-39,5,0,0
2020-06-18,"Cumberland Plateau",40-49,6,0,0
2020-06-18,"Cumberland Plateau",50-59,4,1,0
2020-06-18,"Cumberland Plateau",60-69,5,1,0
2020-06-18,"Cumberland Plateau",70-79,2,0,0
2020-06-18,"Cumberland Plateau",80+,0,0,0
2020-06-18,"Cumberland Plateau",Missing,0,0,0
2020-06-18,"Eastern Shore",0-9,15,1,0
2020-06-18,"Eastern Shore",19-Oct,57,1,0
2020-06-18,"Eastern Shore",20-29,191,6,0
2020-06-18,"Eastern Shore",30-39,227,8,0
2020-06-18,"Eastern Shore",40-49,238,10,2
2020-06-18,"Eastern Shore",50-59,275,18,5
2020-06-18,"Eastern Shore",60-69,172,26,8
2020-06-18,"Eastern Shore",70-79,46,15,9
2020-06-18,"Eastern Shore",80+,49,20,17
2020-06-18,"Eastern Shore",Missing,15,0,0
2020-06-18,Fairfax,0-9,426,16,0
2020-06-18,Fairfax,19-Oct,727,21,0
2020-06-18,Fairfax,20-29,2022,64,2
2020-06-18,Fairfax,30-39,2594,158,4
2020-06-18,Fairfax,40-49,2515,228,8
2020-06-18,Fairfax,50-59,2090,266,26
2020-06-18,Fairfax,60-69,1378,287,47
2020-06-18,Fairfax,70-79,650,223,91
2020-06-18,Fairfax,80+,786,282,266
2020-06-18,Fairfax,Missing,146,2,0
2020-06-18,Hampton,0-9,8,0,0
2020-06-18,Hampton,19-Oct,13,0,0
2020-06-18,Hampton,20-29,47,2,0
2020-06-18,Hampton,30-39,45,3,0
2020-06-18,Hampton,40-49,37,3,0
2020-06-18,Hampton,50-59,42,8,1
2020-06-18,Hampton,60-69,34,11,2
2020-06-18,Hampton,70-79,15,7,0
2020-06-18,Hampton,80+,5,3,2
2020-06-18,Hampton,Missing,5,0,0
2020-06-18,Henrico,0-9,96,1,0
2020-06-18,Henrico,19-Oct,119,3,0
2020-06-18,Henrico,20-29,313,15,0
2020-06-18,Henrico,30-39,384,13,0
2020-06-18,Henrico,40-49,338,23,1
2020-06-18,Henrico,50-59,287,31,8
2020-06-18,Henrico,60-69,269,44,26
2020-06-18,Henrico,70-79,200,45,35
2020-06-18,Henrico,80+,304,65,68
2020-06-18,Henrico,Missing,32,1,1
2020-06-18,Lenowisco,0-9,3,0,0
2020-06-18,Lenowisco,19-Oct,3,0,0
2020-06-18,Lenowisco,20-29,6,0,0
2020-06-18,Lenowisco,30-39,4,1,1
2020-06-18,Lenowisco,40-49,7,2,0
2020-06-18,Lenowisco,50-59,13,5,0
2020-06-18,Lenowisco,60-69,5,4,2
2020-06-18,Lenowisco,70-79,5,4,1
2020-06-18,Lenowisco,80+,0,0,0
2020-06-18,Lenowisco,Missing,0,0,0
2020-06-18,"Lord Fairfax",0-9,53,0,0
2020-06-18,"Lord Fairfax",19-Oct,110,0,0
2020-06-18,"Lord Fairfax",20-29,310,4,0
2020-06-18,"Lord Fairfax",30-39,308,11,1
2020-06-18,"Lord Fairfax",40-49,288,13,1
2020-06-18,"Lord Fairfax",50-59,289,21,2
2020-06-18,"Lord Fairfax",60-69,200,41,10
2020-06-18,"Lord Fairfax",70-79,111,30,14
2020-06-18,"Lord Fairfax",80+,115,29,34
2020-06-18,"Lord Fairfax",Missing,2,0,0
2020-06-18,Loudoun,0-9,132,2,0
2020-06-18,Loudoun,19-Oct,244,0,0
2020-06-18,Loudoun,20-29,574,5,0
2020-06-18,Loudoun,30-39,652,20,0
2020-06-18,Loudoun,40-49,728,32,0
2020-06-18,Loudoun,50-59,563,42,1
2020-06-18,Loudoun,60-69,233,41,4
2020-06-18,Loudoun,70-79,132,39,13
2020-06-18,Loudoun,80+,184,47,63
2020-06-18,Loudoun,Missing,57,0,1
2020-06-18,"Mount Rogers",0-9,30,1,0
2020-06-18,"Mount Rogers",19-Oct,45,0,0
2020-06-18,"Mount Rogers",20-29,85,0,0
2020-06-18,"Mount Rogers",30-39,90,3,0
2020-06-18,"Mount Rogers",40-49,74,0,0
2020-06-18,"Mount Rogers",50-59,76,5,1
2020-06-18,"Mount Rogers",60-69,66,6,0
2020-06-18,"Mount Rogers",70-79,55,24,9
2020-06-18,"Mount Rogers",80+,68,23,13
2020-06-18,"Mount Rogers",Missing,1,0,0
2020-06-18,"New River",0-9,3,0,0
2020-06-18,"New River",19-Oct,7,0,0
2020-06-18,"New River",20-29,34,0,0
2020-06-18,"New River",30-39,19,1,0
2020-06-18,"New River",40-49,21,1,0
2020-06-18,"New River",50-59,28,3,0
2020-06-18,"New River",60-69,20,2,0
2020-06-18,"New River",70-79,13,8,3
2020-06-18,"New River",80+,8,3,1
2020-06-18,"New River",Missing,0,0,0
2020-06-18,Norfolk,0-9,21,0,0
2020-06-18,Norfolk,19-Oct,42,1,0
2020-06-18,Norfolk,20-29,177,2,0
2020-06-18,Norfolk,30-39,138,10,0
2020-06-18,Norfolk,40-49,109,10,0
2020-06-18,Norfolk,50-59,107,17,0
2020-06-18,Norfolk,60-69,65,24,1
2020-06-18,Norfolk,70-79,25,16,3
2020-06-18,Norfolk,80+,13,7,3
2020-06-18,Norfolk,Missing,7,1,0
2020-06-18,Peninsula,0-9,30,0,0
2020-06-18,Peninsula,19-Oct,35,1,0
2020-06-18,Peninsula,20-29,129,1,0
2020-06-18,Peninsula,30-39,129,7,1
2020-06-18,Peninsula,40-49,104,7,1
2020-06-18,Peninsula,50-59,122,18,2
2020-06-18,Peninsula,60-69,113,28,3
2020-06-18,Peninsula,70-79,81,38,11
2020-06-18,Peninsula,80+,50,23,15
2020-06-18,Peninsula,Missing,6,0,0
2020-06-18,Piedmont,0-9,16,0,0
2020-06-18,Piedmont,19-Oct,23,0,0
2020-06-18,Piedmont,20-29,146,2,0
2020-06-18,Piedmont,30-39,178,2,0
2020-06-18,Piedmont,40-49,176,7,0
2020-06-18,Piedmont,50-59,174,19,0
2020-06-18,Piedmont,60-69,131,19,2
2020-06-18,Piedmont,70-79,60,17,2
2020-06-18,Piedmont,80+,34,12,3
2020-06-18,Piedmont,Missing,1,0,0
2020-06-18,Pittsylvania-Danville,0-9,1,0,0
2020-06-18,Pittsylvania-Danville,19-Oct,7,0,0
2020-06-18,Pittsylvania-Danville,20-29,14,0,0
2020-06-18,Pittsylvania-Danville,30-39,18,1,0
2020-06-18,Pittsylvania-Danville,40-49,33,5,0
2020-06-18,Pittsylvania-Danville,50-59,28,9,0
2020-06-18,Pittsylvania-Danville,60-69,20,7,1
2020-06-18,Pittsylvania-Danville,70-79,20,9,0
2020-06-18,Pittsylvania-Danville,80+,3,2,2
2020-06-18,Pittsylvania-Danville,Missing,0,0,0
2020-06-18,Portsmouth,0-9,7,1,0
2020-06-18,Portsmouth,19-Oct,13,0,0
2020-06-18,Portsmouth,20-29,73,3,0
2020-06-18,Portsmouth,30-39,85,4,0
2020-06-18,Portsmouth,40-49,58,6,0
2020-06-18,Portsmouth,50-59,65,17,2
2020-06-18,Portsmouth,60-69,46,13,4
2020-06-18,Portsmouth,70-79,27,9,4
2020-06-18,Portsmouth,80+,20,7,3
2020-06-18,Portsmouth,Missing,8,0,0
2020-06-18,"Prince William",0-9,289,6,0
2020-06-18,"Prince William",19-Oct,617,8,0
2020-06-18,"Prince William",20-29,1490,47,0
2020-06-18,"Prince William",30-39,1577,89,2
2020-06-18,"Prince William",40-49,1820,134,6
2020-06-18,"Prince William",50-59,1317,174,12
2020-06-18,"Prince William",60-69,703,151,28
2020-06-18,"Prince William",70-79,265,74,38
2020-06-18,"Prince William",80+,212,72,61
2020-06-18,"Prince William",Missing,124,2,0
2020-06-18,Rappahannock,0-9,95,1,0
2020-06-18,Rappahannock,19-Oct,185,1,0
2020-06-18,Rappahannock,20-29,374,10,0
2020-06-18,Rappahannock,30-39,442,20,0
2020-06-18,Rappahannock,40-49,404,33,2
2020-06-18,Rappahannock,50-59,341,41,3
2020-06-18,Rappahannock,60-69,193,42,5
2020-06-18,Rappahannock,70-79,88,25,11
2020-06-18,Rappahannock,80+,72,23,9
2020-06-18,Rappahannock,Missing,17,0,0
2020-06-18,"Rappahannock Rapidan",0-9,71,1,0
2020-06-18,"Rappahannock Rapidan",19-Oct,122,3,0
2020-06-18,"Rappahannock Rapidan",20-29,263,4,0
2020-06-18,"Rappahannock Rapidan",30-39,283,14,1
2020-06-18,"Rappahannock Rapidan",40-49,282,19,2
2020-06-18,"Rappahannock Rapidan",50-59,197,22,2
2020-06-18,"Rappahannock Rapidan",60-69,104,16,2
2020-06-18,"Rappahannock Rapidan",70-79,35,12,7
2020-06-18,"Rappahannock Rapidan",80+,20,12,4
2020-06-18,"Rappahannock Rapidan",Missing,6,0,0
2020-06-18,Richmond,0-9,72,4,0
2020-06-18,Richmond,19-Oct,151,2,0
2020-06-18,Richmond,20-29,380,12,0
2020-06-18,Richmond,30-39,406,23,1
2020-06-18,Richmond,40-49,330,26,1
2020-06-18,Richmond,50-59,253,39,1
2020-06-18,Richmond,60-69,176,43,6
2020-06-18,Richmond,70-79,72,33,11
2020-06-18,Richmond,80+,37,16,9
2020-06-18,Richmond,Missing,18,0,0
2020-06-18,Roanoke,0-9,7,0,0
2020-06-18,Roanoke,19-Oct,17,0,0
2020-06-18,Roanoke,20-29,52,1,0
2020-06-18,Roanoke,30-39,59,0,0
2020-06-18,Roanoke,40-49,38,1,0
2020-06-18,Roanoke,50-59,30,1,0
2020-06-18,Roanoke,60-69,23,3,0
2020-06-18,Roanoke,70-79,10,3,0
2020-06-18,Roanoke,80+,38,3,10
2020-06-18,Roanoke,Missing,3,0,0
2020-06-18,Southside,0-9,2,0,0
2020-06-18,Southside,19-Oct,5,0,0
2020-06-18,Southside,20-29,35,2,0
2020-06-18,Southside,30-39,38,0,0
2020-06-18,Southside,40-49,34,5,0
2020-06-18,Southside,50-59,51,7,0
2020-06-18,Southside,60-69,50,12,3
2020-06-18,Southside,70-79,52,9,11
2020-06-18,Southside,80+,77,11,12
2020-06-18,Southside,Missing,0,0,0
2020-06-18,"Thomas Jefferson",0-9,27,1,0
2020-06-18,"Thomas Jefferson",19-Oct,41,1,0
2020-06-18,"Thomas Jefferson",20-29,115,1,0
2020-06-18,"Thomas Jefferson",30-39,144,5,0
2020-06-18,"Thomas Jefferson",40-49,115,5,0
2020-06-18,"Thomas Jefferson",50-59,97,9,1
2020-06-18,"Thomas Jefferson",60-69,67,17,2
2020-06-18,"Thomas Jefferson",70-79,58,19,2
2020-06-18,"Thomas Jefferson",80+,72,23,14
2020-06-18,"Thomas Jefferson",Missing,1,0,0
2020-06-18,"Three Rivers",0-9,9,1,0
2020-06-18,"Three Rivers",19-Oct,20,0,0
2020-06-18,"Three Rivers",20-29,102,4,0
2020-06-18,"Three Rivers",30-39,130,3,0
2020-06-18,"Three Rivers",40-49,125,11,2
2020-06-18,"Three Rivers",50-59,81,6,0
2020-06-18,"Three Rivers",60-69,67,10,0
2020-06-18,"Three Rivers",70-79,27,6,4
2020-06-18,"Three Rivers",80+,28,5,3
2020-06-18,"Three Rivers",Missing,1,0,0
2020-06-18,"Virginia Beach",0-9,18,0,0
2020-06-18,"Virginia Beach",19-Oct,38,0,0
2020-06-18,"Virginia Beach",20-29,181,3,0
2020-06-18,"Virginia Beach",30-39,136,9,0
2020-06-18,"Virginia Beach",40-49,138,18,1
2020-06-18,"Virginia Beach",50-59,128,13,0
2020-06-18,"Virginia Beach",60-69,126,16,1
2020-06-18,"Virginia Beach",70-79,65,26,7
2020-06-18,"Virginia Beach",80+,81,27,18
2020-06-18,"Virginia Beach",Missing,25,0,0
2020-06-18,"West Piedmont",0-9,9,0,0
2020-06-18,"West Piedmont",19-Oct,32,0,0
2020-06-18,"West Piedmont",20-29,46,1,0
2020-06-18,"West Piedmont",30-39,52,1,0
2020-06-18,"West Piedmont",40-49,64,7,1
2020-06-18,"West Piedmont",50-59,77,9,1
2020-06-18,"West Piedmont",60-69,41,4,0
2020-06-18,"West Piedmont",70-79,21,6,3
2020-06-18,"West Piedmont",80+,12,6,0
2020-06-18,"West Piedmont",Missing,0,0,0
2020-06-18,"Western Tidewater",0-9,5,0,0
2020-06-18,"Western Tidewater",19-Oct,12,0,0
2020-06-18,"Western Tidewater",20-29,59,2,0
2020-06-18,"Western Tidewater",30-39,88,4,0
2020-06-18,"Western Tidewater",40-49,87,5,1
2020-06-18,"Western Tidewater",50-59,127,12,2
2020-06-18,"Western Tidewater",60-69,113,13,6
2020-06-18,"Western Tidewater",70-79,81,20,16
2020-06-18,"Western Tidewater",80+,128,22,21
2020-06-18,"Western Tidewater",Missing,5,0,0
2020-06-19,Alexandria,0-9,120,2,0
2020-06-19,Alexandria,19-Oct,155,3,0
2020-06-19,Alexandria,20-29,331,7,1
2020-06-19,Alexandria,30-39,514,28,0
2020-06-19,Alexandria,40-49,406,35,0
2020-06-19,Alexandria,50-59,289,47,9
2020-06-19,Alexandria,60-69,188,43,2
2020-06-19,Alexandria,70-79,100,37,15
2020-06-19,Alexandria,80+,84,28,21
2020-06-19,Alexandria,Missing,11,0,0
2020-06-19,Alleghany,0-9,5,0,0
2020-06-19,Alleghany,19-Oct,16,0,0
2020-06-19,Alleghany,20-29,68,1,0
2020-06-19,Alleghany,30-39,32,2,0
2020-06-19,Alleghany,40-49,40,1,0
2020-06-19,Alleghany,50-59,53,4,1
2020-06-19,Alleghany,60-69,35,7,1
2020-06-19,Alleghany,70-79,31,5,7
2020-06-19,Alleghany,80+,24,8,5
2020-06-19,Alleghany,Missing,1,0,0
2020-06-19,Arlington,0-9,42,2,0
2020-06-19,Arlington,19-Oct,88,5,0
2020-06-19,Arlington,20-29,397,20,0
2020-06-19,Arlington,30-39,436,41,0
2020-06-19,Arlington,40-49,411,46,4
2020-06-19,Arlington,50-59,367,66,6
2020-06-19,Arlington,60-69,273,76,19
2020-06-19,Arlington,70-79,171,72,32
2020-06-19,Arlington,80+,201,80,65
2020-06-19,Arlington,Missing,10,1,0
2020-06-19,"Central Shenandoah",0-9,46,0,0
2020-06-19,"Central Shenandoah",19-Oct,101,1,0
2020-06-19,"Central Shenandoah",20-29,340,5,0
2020-06-19,"Central Shenandoah",30-39,287,6,0
2020-06-19,"Central Shenandoah",40-49,304,10,0
2020-06-19,"Central Shenandoah",50-59,334,28,1
2020-06-19,"Central Shenandoah",60-69,232,39,8
2020-06-19,"Central Shenandoah",70-79,116,38,12
2020-06-19,"Central Shenandoah",80+,90,21,11
2020-06-19,"Central Shenandoah",Missing,0,0,0
2020-06-19,"Central Virginia",0-9,5,0,0
2020-06-19,"Central Virginia",19-Oct,15,1,0
2020-06-19,"Central Virginia",20-29,60,2,0
2020-06-19,"Central Virginia",30-39,48,2,0
2020-06-19,"Central Virginia",40-49,42,0,0
2020-06-19,"Central Virginia",50-59,47,2,1
2020-06-19,"Central Virginia",60-69,41,4,1
2020-06-19,"Central Virginia",70-79,20,4,2
2020-06-19,"Central Virginia",80+,14,2,0
2020-06-19,"Central Virginia",Missing,1,0,0
2020-06-19,Chesapeake,0-9,19,1,0
2020-06-19,Chesapeake,19-Oct,30,1,0
2020-06-19,Chesapeake,20-29,98,3,0
2020-06-19,Chesapeake,30-39,136,6,0
2020-06-19,Chesapeake,40-49,116,17,0
2020-06-19,Chesapeake,50-59,115,19,1
2020-06-19,Chesapeake,60-69,93,22,4
2020-06-19,Chesapeake,70-79,53,21,2
2020-06-19,Chesapeake,80+,42,14,9
2020-06-19,Chesapeake,Missing,7,1,0
2020-06-19,Chesterfield,0-9,83,0,0
2020-06-19,Chesterfield,19-Oct,234,0,0
2020-06-19,Chesterfield,20-29,407,5,0
2020-06-19,Chesterfield,30-39,518,4,0
2020-06-19,Chesterfield,40-49,465,15,2
2020-06-19,Chesterfield,50-59,382,29,4
2020-06-19,Chesterfield,60-69,246,32,9
2020-06-19,Chesterfield,70-79,113,19,14
2020-06-19,Chesterfield,80+,130,26,36
2020-06-19,Chesterfield,Missing,63,0,0
2020-06-19,Chickahominy,0-9,10,0,0
2020-06-19,Chickahominy,19-Oct,29,0,0
2020-06-19,Chickahominy,20-29,74,0,0
2020-06-19,Chickahominy,30-39,78,2,0
2020-06-19,Chickahominy,40-49,77,11,1
2020-06-19,Chickahominy,50-59,105,22,1
2020-06-19,Chickahominy,60-69,69,17,6
2020-06-19,Chickahominy,70-79,51,19,5
2020-06-19,Chickahominy,80+,80,32,21
2020-06-19,Chickahominy,Missing,12,0,0
2020-06-19,Crater,0-9,20,1,0
2020-06-19,Crater,19-Oct,42,0,0
2020-06-19,Crater,20-29,197,7,0
2020-06-19,Crater,30-39,224,3,0
2020-06-19,Crater,40-49,191,13,1
2020-06-19,Crater,50-59,221,24,2
2020-06-19,Crater,60-69,189,35,10
2020-06-19,Crater,70-79,123,27,6
2020-06-19,Crater,80+,85,16,2
2020-06-19,Crater,Missing,7,0,0
2020-06-19,"Cumberland Plateau",0-9,0,0,0
2020-06-19,"Cumberland Plateau",19-Oct,13,0,0
2020-06-19,"Cumberland Plateau",20-29,2,0,0
2020-06-19,"Cumberland Plateau",30-39,5,0,0
2020-06-19,"Cumberland Plateau",40-49,6,0,0
2020-06-19,"Cumberland Plateau",50-59,4,1,0
2020-06-19,"Cumberland Plateau",60-69,5,1,0
2020-06-19,"Cumberland Plateau",70-79,2,0,0
2020-06-19,"Cumberland Plateau",80+,0,0,0
2020-06-19,"Cumberland Plateau",Missing,0,0,0
2020-06-19,"Eastern Shore",0-9,15,1,0
2020-06-19,"Eastern Shore",19-Oct,57,1,0
2020-06-19,"Eastern Shore",20-29,193,6,0
2020-06-19,"Eastern Shore",30-39,228,8,0
2020-06-19,"Eastern Shore",40-49,238,10,2
2020-06-19,"Eastern Shore",50-59,275,18,5
2020-06-19,"Eastern Shore",60-69,172,26,8
2020-06-19,"Eastern Shore",70-79,46,15,9
2020-06-19,"Eastern Shore",80+,50,21,17
2020-06-19,"Eastern Shore",Missing,15,0,0
2020-06-19,Fairfax,0-9,427,17,0
2020-06-19,Fairfax,19-Oct,729,22,0
2020-06-19,Fairfax,20-29,2032,66,2
2020-06-19,Fairfax,30-39,2596,158,4
2020-06-19,Fairfax,40-49,2516,230,8
2020-06-19,Fairfax,50-59,2107,272,26
2020-06-19,Fairfax,60-69,1381,289,47
2020-06-19,Fairfax,70-79,651,225,92
2020-06-19,Fairfax,80+,784,284,266
2020-06-19,Fairfax,Missing,146,2,0
2020-06-19,Hampton,0-9,8,0,0
2020-06-19,Hampton,19-Oct,13,0,0
2020-06-19,Hampton,20-29,47,2,0
2020-06-19,Hampton,30-39,45,3,0
2020-06-19,Hampton,40-49,37,3,0
2020-06-19,Hampton,50-59,42,8,1
2020-06-19,Hampton,60-69,35,11,2
2020-06-19,Hampton,70-79,15,7,0
2020-06-19,Hampton,80+,5,3,2
2020-06-19,Hampton,Missing,5,0,0
2020-06-19,Henrico,0-9,97,1,0
2020-06-19,Henrico,19-Oct,118,3,0
2020-06-19,Henrico,20-29,316,15,0
2020-06-19,Henrico,30-39,392,13,0
2020-06-19,Henrico,40-49,343,23,1
2020-06-19,Henrico,50-59,290,32,8
2020-06-19,Henrico,60-69,271,44,26
2020-06-19,Henrico,70-79,201,44,34
2020-06-19,Henrico,80+,307,65,68
2020-06-19,Henrico,Missing,33,1,1
2020-06-19,Lenowisco,0-9,3,0,0
2020-06-19,Lenowisco,19-Oct,3,0,0
2020-06-19,Lenowisco,20-29,6,0,0
2020-06-19,Lenowisco,30-39,4,1,1
2020-06-19,Lenowisco,40-49,7,2,0
2020-06-19,Lenowisco,50-59,13,5,0
2020-06-19,Lenowisco,60-69,5,4,2
2020-06-19,Lenowisco,70-79,5,4,1
2020-06-19,Lenowisco,80+,0,0,0
2020-06-19,Lenowisco,Missing,0,0,0
2020-06-19,"Lord Fairfax",0-9,54,1,0
2020-06-19,"Lord Fairfax",19-Oct,115,1,0
2020-06-19,"Lord Fairfax",20-29,312,4,0
2020-06-19,"Lord Fairfax",30-39,309,11,1
2020-06-19,"Lord Fairfax",40-49,288,14,1
2020-06-19,"Lord Fairfax",50-59,290,22,2
2020-06-19,"Lord Fairfax",60-69,201,41,10
2020-06-19,"Lord Fairfax",70-79,111,31,14
2020-06-19,"Lord Fairfax",80+,116,30,34
2020-06-19,"Lord Fairfax",Missing,2,0,0
2020-06-19,Loudoun,0-9,132,2,0
2020-06-19,Loudoun,19-Oct,245,0,0
2020-06-19,Loudoun,20-29,575,6,0
2020-06-19,Loudoun,30-39,653,20,0
2020-06-19,Loudoun,40-49,730,34,0
2020-06-19,Loudoun,50-59,564,42,1
2020-06-19,Loudoun,60-69,233,42,4
2020-06-19,Loudoun,70-79,131,39,13
2020-06-19,Loudoun,80+,184,47,63
2020-06-19,Loudoun,Missing,57,0,1
2020-06-19,"Mount Rogers",0-9,31,1,0
2020-06-19,"Mount Rogers",19-Oct,46,0,0
2020-06-19,"Mount Rogers",20-29,92,0,0
2020-06-19,"Mount Rogers",30-39,93,4,0
2020-06-19,"Mount Rogers",40-49,79,0,0
2020-06-19,"Mount Rogers",50-59,77,5,1
2020-06-19,"Mount Rogers",60-69,71,6,0
2020-06-19,"Mount Rogers",70-79,55,24,9
2020-06-19,"Mount Rogers",80+,68,23,13
2020-06-19,"Mount Rogers",Missing,1,0,0
2020-06-19,"New River",0-9,3,0,0
2020-06-19,"New River",19-Oct,7,0,0
2020-06-19,"New River",20-29,34,0,0
2020-06-19,"New River",30-39,19,1,0
2020-06-19,"New River",40-49,21,1,0
2020-06-19,"New River",50-59,28,3,0
2020-06-19,"New River",60-69,20,2,0
2020-06-19,"New River",70-79,13,8,3
2020-06-19,"New River",80+,8,3,1
2020-06-19,"New River",Missing,0,0,0
2020-06-19,Norfolk,0-9,21,0,0
2020-06-19,Norfolk,19-Oct,42,1,0
2020-06-19,Norfolk,20-29,179,2,0
2020-06-19,Norfolk,30-39,139,10,0
2020-06-19,Norfolk,40-49,109,11,0
2020-06-19,Norfolk,50-59,107,17,0
2020-06-19,Norfolk,60-69,65,24,1
2020-06-19,Norfolk,70-79,25,16,3
2020-06-19,Norfolk,80+,13,7,3
2020-06-19,Norfolk,Missing,7,1,0
2020-06-19,Peninsula,0-9,30,0,0
2020-06-19,Peninsula,19-Oct,37,1,0
2020-06-19,Peninsula,20-29,131,1,0
2020-06-19,Peninsula,30-39,130,7,1
2020-06-19,Peninsula,40-49,104,7,1
2020-06-19,Peninsula,50-59,125,18,2
2020-06-19,Peninsula,60-69,114,28,3
2020-06-19,Peninsula,70-79,83,38,11
2020-06-19,Peninsula,80+,50,24,15
2020-06-19,Peninsula,Missing,7,0,0
2020-06-19,Piedmont,0-9,16,0,0
2020-06-19,Piedmont,19-Oct,24,0,0
2020-06-19,Piedmont,20-29,148,2,0
2020-06-19,Piedmont,30-39,179,2,0
2020-06-19,Piedmont,40-49,178,8,0
2020-06-19,Piedmont,50-59,174,19,0
2020-06-19,Piedmont,60-69,131,19,2
2020-06-19,Piedmont,70-79,60,17,2
2020-06-19,Piedmont,80+,36,12,3
2020-06-19,Piedmont,Missing,1,0,0
2020-06-19,Pittsylvania-Danville,0-9,1,0,0
2020-06-19,Pittsylvania-Danville,19-Oct,7,0,0
2020-06-19,Pittsylvania-Danville,20-29,14,0,0
2020-06-19,Pittsylvania-Danville,30-39,18,1,0
2020-06-19,Pittsylvania-Danville,40-49,33,5,0
2020-06-19,Pittsylvania-Danville,50-59,28,9,0
2020-06-19,Pittsylvania-Danville,60-69,20,7,1
2020-06-19,Pittsylvania-Danville,70-79,20,9,0
2020-06-19,Pittsylvania-Danville,80+,3,2,2
2020-06-19,Pittsylvania-Danville,Missing,0,0,0
2020-06-19,Portsmouth,0-9,7,1,0
2020-06-19,Portsmouth,19-Oct,13,0,0
2020-06-19,Portsmouth,20-29,75,3,0
2020-06-19,Portsmouth,30-39,85,4,0
2020-06-19,Portsmouth,40-49,57,6,0
2020-06-19,Portsmouth,50-59,66,17,2
2020-06-19,Portsmouth,60-69,46,13,4
2020-06-19,Portsmouth,70-79,28,9,4
2020-06-19,Portsmouth,80+,20,7,3
2020-06-19,Portsmouth,Missing,8,0,0
2020-06-19,"Prince William",0-9,291,7,0
2020-06-19,"Prince William",19-Oct,640,8,0
2020-06-19,"Prince William",20-29,1498,47,0
2020-06-19,"Prince William",30-39,1597,89,2
2020-06-19,"Prince William",40-49,1839,134,6
2020-06-19,"Prince William",50-59,1328,175,13
2020-06-19,"Prince William",60-69,712,153,31
2020-06-19,"Prince William",70-79,267,74,38
2020-06-19,"Prince William",80+,214,73,62
2020-06-19,"Prince William",Missing,124,2,0
2020-06-19,Rappahannock,0-9,96,1,0
2020-06-19,Rappahannock,19-Oct,188,2,0
2020-06-19,Rappahannock,20-29,374,10,0
2020-06-19,Rappahannock,30-39,447,20,0
2020-06-19,Rappahannock,40-49,406,34,2
2020-06-19,Rappahannock,50-59,343,42,4
2020-06-19,Rappahannock,60-69,194,43,5
2020-06-19,Rappahannock,70-79,89,26,11
2020-06-19,Rappahannock,80+,76,24,10
2020-06-19,Rappahannock,Missing,17,0,0
2020-06-19,"Rappahannock Rapidan",0-9,71,1,0
2020-06-19,"Rappahannock Rapidan",19-Oct,123,3,0
2020-06-19,"Rappahannock Rapidan",20-29,263,4,0
2020-06-19,"Rappahannock Rapidan",30-39,282,14,1
2020-06-19,"Rappahannock Rapidan",40-49,285,19,2
2020-06-19,"Rappahannock Rapidan",50-59,197,22,2
2020-06-19,"Rappahannock Rapidan",60-69,105,16,2
2020-06-19,"Rappahannock Rapidan",70-79,35,12,7
2020-06-19,"Rappahannock Rapidan",80+,20,12,4
2020-06-19,"Rappahannock Rapidan",Missing,6,0,0
2020-06-19,Richmond,0-9,74,4,0
2020-06-19,Richmond,19-Oct,153,2,0
2020-06-19,Richmond,20-29,387,13,0
2020-06-19,Richmond,30-39,416,24,1
2020-06-19,Richmond,40-49,339,26,1
2020-06-19,Richmond,50-59,256,39,1
2020-06-19,Richmond,60-69,177,43,6
2020-06-19,Richmond,70-79,72,33,11
2020-06-19,Richmond,80+,38,16,9
2020-06-19,Richmond,Missing,17,0,0
2020-06-19,Roanoke,0-9,8,0,0
2020-06-19,Roanoke,19-Oct,19,0,0
2020-06-19,Roanoke,20-29,56,1,0
2020-06-19,Roanoke,30-39,60,0,0
2020-06-19,Roanoke,40-49,41,1,0
2020-06-19,Roanoke,50-59,33,1,0
2020-06-19,Roanoke,60-69,23,3,0
2020-06-19,Roanoke,70-79,10,3,0
2020-06-19,Roanoke,80+,38,3,10
2020-06-19,Roanoke,Missing,3,0,0
2020-06-19,Southside,0-9,3,0,0
2020-06-19,Southside,19-Oct,5,0,0
2020-06-19,Southside,20-29,37,2,0
2020-06-19,Southside,30-39,42,0,0
2020-06-19,Southside,40-49,41,5,0
2020-06-19,Southside,50-59,53,7,0
2020-06-19,Southside,60-69,52,12,3
2020-06-19,Southside,70-79,52,9,11
2020-06-19,Southside,80+,78,12,12
2020-06-19,Southside,Missing,0,0,0
2020-06-19,"Thomas Jefferson",0-9,27,1,0
2020-06-19,"Thomas Jefferson",19-Oct,41,1,0
2020-06-19,"Thomas Jefferson",20-29,115,1,0
2020-06-19,"Thomas Jefferson",30-39,144,5,0
2020-06-19,"Thomas Jefferson",40-49,116,5,0
2020-06-19,"Thomas Jefferson",50-59,97,9,1
2020-06-19,"Thomas Jefferson",60-69,68,17,2
2020-06-19,"Thomas Jefferson",70-79,58,19,2
2020-06-19,"Thomas Jefferson",80+,72,23,14
2020-06-19,"Thomas Jefferson",Missing,1,0,0
2020-06-19,"Three Rivers",0-9,9,1,0
2020-06-19,"Three Rivers",19-Oct,20,0,0
2020-06-19,"Three Rivers",20-29,102,4,0
2020-06-19,"Three Rivers",30-39,131,3,0
2020-06-19,"Three Rivers",40-49,128,11,2
2020-06-19,"Three Rivers",50-59,81,6,0
2020-06-19,"Three Rivers",60-69,68,10,0
2020-06-19,"Three Rivers",70-79,29,8,6
2020-06-19,"Three Rivers",80+,29,5,3
2020-06-19,"Three Rivers",Missing,1,0,0
2020-06-19,"Virginia Beach",0-9,18,0,0
2020-06-19,"Virginia Beach",19-Oct,41,0,0
2020-06-19,"Virginia Beach",20-29,185,3,0
2020-06-19,"Virginia Beach",30-39,136,9,0
2020-06-19,"Virginia Beach",40-49,143,18,1
2020-06-19,"Virginia Beach",50-59,129,13,0
2020-06-19,"Virginia Beach",60-69,126,16,1
2020-06-19,"Virginia Beach",70-79,65,26,7
2020-06-19,"Virginia Beach",80+,82,27,18
2020-06-19,"Virginia Beach",Missing,25,0,0
2020-06-19,"West Piedmont",0-9,9,0,0
2020-06-19,"West Piedmont",19-Oct,33,0,0
2020-06-19,"West Piedmont",20-29,48,1,0
2020-06-19,"West Piedmont",30-39,55,1,0
2020-06-19,"West Piedmont",40-49,65,7,1
2020-06-19,"West Piedmont",50-59,81,10,1
2020-06-19,"West Piedmont",60-69,42,5,0
2020-06-19,"West Piedmont",70-79,21,6,3
2020-06-19,"West Piedmont",80+,13,6,0
2020-06-19,"West Piedmont",Missing,0,0,0
2020-06-19,"Western Tidewater",0-9,5,0,0
2020-06-19,"Western Tidewater",19-Oct,12,0,0
2020-06-19,"Western Tidewater",20-29,59,2,0
2020-06-19,"Western Tidewater",30-39,91,4,0
2020-06-19,"Western Tidewater",40-49,88,5,1
2020-06-19,"Western Tidewater",50-59,128,12,2
2020-06-19,"Western Tidewater",60-69,113,13,6
2020-06-19,"Western Tidewater",70-79,81,20,16
2020-06-19,"Western Tidewater",80+,128,22,21
2020-06-19,"Western Tidewater",Missing,5,0,0
2020-06-20,Alexandria,0-9,120,2,0
2020-06-20,Alexandria,19-Oct,158,3,0
2020-06-20,Alexandria,20-29,332,7,1
2020-06-20,Alexandria,30-39,518,28,0
2020-06-20,Alexandria,40-49,410,35,0
2020-06-20,Alexandria,50-59,293,47,9
2020-06-20,Alexandria,60-69,189,44,2
2020-06-20,Alexandria,70-79,100,37,15
2020-06-20,Alexandria,80+,86,28,22
2020-06-20,Alexandria,Missing,11,0,0
2020-06-20,Alleghany,0-9,7,0,0
2020-06-20,Alleghany,19-Oct,18,0,0
2020-06-20,Alleghany,20-29,70,1,0
2020-06-20,Alleghany,30-39,36,2,0
2020-06-20,Alleghany,40-49,42,1,0
2020-06-20,Alleghany,50-59,54,5,1
2020-06-20,Alleghany,60-69,35,7,1
2020-06-20,Alleghany,70-79,32,6,7
2020-06-20,Alleghany,80+,24,8,5
2020-06-20,Alleghany,Missing,1,0,0
2020-06-20,Arlington,0-9,42,2,0
2020-06-20,Arlington,19-Oct,90,5,0
2020-06-20,Arlington,20-29,398,20,0
2020-06-20,Arlington,30-39,437,41,0
2020-06-20,Arlington,40-49,412,46,4
2020-06-20,Arlington,50-59,369,66,6
2020-06-20,Arlington,60-69,274,76,19
2020-06-20,Arlington,70-79,171,72,32
2020-06-20,Arlington,80+,202,82,65
2020-06-20,Arlington,Missing,10,1,0
2020-06-20,"Central Shenandoah",0-9,49,0,0
2020-06-20,"Central Shenandoah",19-Oct,102,1,0
2020-06-20,"Central Shenandoah",20-29,347,5,0
2020-06-20,"Central Shenandoah",30-39,289,6,0
2020-06-20,"Central Shenandoah",40-49,305,10,0
2020-06-20,"Central Shenandoah",50-59,338,28,1
2020-06-20,"Central Shenandoah",60-69,234,39,8
2020-06-20,"Central Shenandoah",70-79,116,38,12
2020-06-20,"Central Shenandoah",80+,90,21,11
2020-06-20,"Central Shenandoah",Missing,0,0,0
2020-06-20,"Central Virginia",0-9,5,0,0
2020-06-20,"Central Virginia",19-Oct,18,1,0
2020-06-20,"Central Virginia",20-29,62,2,0
2020-06-20,"Central Virginia",30-39,50,2,0
2020-06-20,"Central Virginia",40-49,44,0,0
2020-06-20,"Central Virginia",50-59,48,2,1
2020-06-20,"Central Virginia",60-69,41,4,1
2020-06-20,"Central Virginia",70-79,20,4,2
2020-06-20,"Central Virginia",80+,14,2,0
2020-06-20,"Central Virginia",Missing,1,0,0
2020-06-20,Chesapeake,0-9,19,1,0
2020-06-20,Chesapeake,19-Oct,31,1,0
2020-06-20,Chesapeake,20-29,101,3,0
2020-06-20,Chesapeake,30-39,137,6,0
2020-06-20,Chesapeake,40-49,119,17,0
2020-06-20,Chesapeake,50-59,117,19,1
2020-06-20,Chesapeake,60-69,95,22,4
2020-06-20,Chesapeake,70-79,53,21,2
2020-06-20,Chesapeake,80+,42,14,9
2020-06-20,Chesapeake,Missing,7,1,0
2020-06-20,Chesterfield,0-9,89,0,0
2020-06-20,Chesterfield,19-Oct,247,0,0
2020-06-20,Chesterfield,20-29,429,5,0
2020-06-20,Chesterfield,30-39,540,4,0
2020-06-20,Chesterfield,40-49,481,15,2
2020-06-20,Chesterfield,50-59,387,29,4
2020-06-20,Chesterfield,60-69,251,32,9
2020-06-20,Chesterfield,70-79,115,19,14
2020-06-20,Chesterfield,80+,130,26,36
2020-06-20,Chesterfield,Missing,64,0,0
2020-06-20,Chickahominy,0-9,10,0,0
2020-06-20,Chickahominy,19-Oct,29,0,0
2020-06-20,Chickahominy,20-29,75,0,0
2020-06-20,Chickahominy,30-39,79,2,0
2020-06-20,Chickahominy,40-49,78,11,1
2020-06-20,Chickahominy,50-59,110,22,1
2020-06-20,Chickahominy,60-69,72,17,6
2020-06-20,Chickahominy,70-79,51,19,5
2020-06-20,Chickahominy,80+,81,32,21
2020-06-20,Chickahominy,Missing,12,0,0
2020-06-20,Crater,0-9,20,1,0
2020-06-20,Crater,19-Oct,42,0,0
2020-06-20,Crater,20-29,200,7,0
2020-06-20,Crater,30-39,226,3,0
2020-06-20,Crater,40-49,195,13,1
2020-06-20,Crater,50-59,224,24,2
2020-06-20,Crater,60-69,191,35,10
2020-06-20,Crater,70-79,123,27,6
2020-06-20,Crater,80+,86,16,2
2020-06-20,Crater,Missing,7,0,0
2020-06-20,"Cumberland Plateau",0-9,0,0,0
2020-06-20,"Cumberland Plateau",19-Oct,13,0,0
2020-06-20,"Cumberland Plateau",20-29,2,0,0
2020-06-20,"Cumberland Plateau",30-39,5,0,0
2020-06-20,"Cumberland Plateau",40-49,6,0,0
2020-06-20,"Cumberland Plateau",50-59,4,1,0
2020-06-20,"Cumberland Plateau",60-69,5,1,0
2020-06-20,"Cumberland Plateau",70-79,2,0,0
2020-06-20,"Cumberland Plateau",80+,0,0,0
2020-06-20,"Cumberland Plateau",Missing,0,0,0
2020-06-20,"Eastern Shore",0-9,15,1,0
2020-06-20,"Eastern Shore",19-Oct,57,1,0
2020-06-20,"Eastern Shore",20-29,193,6,0
2020-06-20,"Eastern Shore",30-39,229,8,0
2020-06-20,"Eastern Shore",40-49,239,10,2
2020-06-20,"Eastern Shore",50-59,276,18,5
2020-06-20,"Eastern Shore",60-69,172,26,8
2020-06-20,"Eastern Shore",70-79,46,15,9
2020-06-20,"Eastern Shore",80+,50,21,17
2020-06-20,"Eastern Shore",Missing,15,0,0
2020-06-20,Fairfax,0-9,432,17,0
2020-06-20,Fairfax,19-Oct,742,22,0
2020-06-20,Fairfax,20-29,2055,66,2
2020-06-20,Fairfax,30-39,2610,158,4
2020-06-20,Fairfax,40-49,2534,230,8
2020-06-20,Fairfax,50-59,2121,272,26
2020-06-20,Fairfax,60-69,1389,290,49
2020-06-20,Fairfax,70-79,652,225,93
2020-06-20,Fairfax,80+,787,284,266
2020-06-20,Fairfax,Missing,146,2,0
2020-06-20,Hampton,0-9,8,0,0
2020-06-20,Hampton,19-Oct,13,0,0
2020-06-20,Hampton,20-29,49,2,0
2020-06-20,Hampton,30-39,45,3,0
2020-06-20,Hampton,40-49,39,3,0
2020-06-20,Hampton,50-59,44,8,1
2020-06-20,Hampton,60-69,35,11,2
2020-06-20,Hampton,70-79,15,7,0
2020-06-20,Hampton,80+,5,3,2
2020-06-20,Hampton,Missing,5,0,0
2020-06-20,Henrico,0-9,98,1,0
2020-06-20,Henrico,19-Oct,118,3,0
2020-06-20,Henrico,20-29,321,15,0
2020-06-20,Henrico,30-39,396,13,0
2020-06-20,Henrico,40-49,346,23,1
2020-06-20,Henrico,50-59,291,32,8
2020-06-20,Henrico,60-69,272,44,26
2020-06-20,Henrico,70-79,201,44,34
2020-06-20,Henrico,80+,307,65,68
2020-06-20,Henrico,Missing,33,1,1
2020-06-20,Lenowisco,0-9,3,0,0
2020-06-20,Lenowisco,19-Oct,3,0,0
2020-06-20,Lenowisco,20-29,6,0,0
2020-06-20,Lenowisco,30-39,4,1,1
2020-06-20,Lenowisco,40-49,7,2,0
2020-06-20,Lenowisco,50-59,13,5,0
2020-06-20,Lenowisco,60-69,5,4,2
2020-06-20,Lenowisco,70-79,5,4,1
2020-06-20,Lenowisco,80+,0,0,0
2020-06-20,Lenowisco,Missing,0,0,0
2020-06-20,"Lord Fairfax",0-9,54,1,0
2020-06-20,"Lord Fairfax",19-Oct,115,1,0
2020-06-20,"Lord Fairfax",20-29,312,4,0
2020-06-20,"Lord Fairfax",30-39,311,11,1
2020-06-20,"Lord Fairfax",40-49,290,14,1
2020-06-20,"Lord Fairfax",50-59,292,22,2
2020-06-20,"Lord Fairfax",60-69,201,41,10
2020-06-20,"Lord Fairfax",70-79,111,31,14
2020-06-20,"Lord Fairfax",80+,117,30,34
2020-06-20,"Lord Fairfax",Missing,2,0,0
2020-06-20,Loudoun,0-9,132,2,0
2020-06-20,Loudoun,19-Oct,247,0,0
2020-06-20,Loudoun,20-29,590,6,0
2020-06-20,Loudoun,30-39,662,20,0
2020-06-20,Loudoun,40-49,735,34,0
2020-06-20,Loudoun,50-59,569,42,1
2020-06-20,Loudoun,60-69,234,42,4
2020-06-20,Loudoun,70-79,132,39,13
2020-06-20,Loudoun,80+,184,47,63
2020-06-20,Loudoun,Missing,58,0,1
2020-06-20,"Mount Rogers",0-9,31,1,0
2020-06-20,"Mount Rogers",19-Oct,47,0,0
2020-06-20,"Mount Rogers",20-29,96,0,0
2020-06-20,"Mount Rogers",30-39,93,4,0
2020-06-20,"Mount Rogers",40-49,83,0,0
2020-06-20,"Mount Rogers",50-59,79,5,1
2020-06-20,"Mount Rogers",60-69,72,6,0
2020-06-20,"Mount Rogers",70-79,56,24,9
2020-06-20,"Mount Rogers",80+,68,23,13
2020-06-20,"Mount Rogers",Missing,1,0,0
2020-06-20,"New River",0-9,3,0,0
2020-06-20,"New River",19-Oct,10,0,0
2020-06-20,"New River",20-29,36,0,0
2020-06-20,"New River",30-39,22,1,0
2020-06-20,"New River",40-49,25,1,0
2020-06-20,"New River",50-59,29,4,0
2020-06-20,"New River",60-69,21,2,0
2020-06-20,"New River",70-79,15,8,3
2020-06-20,"New River",80+,8,3,1
2020-06-20,"New River",Missing,0,0,0
2020-06-20,Norfolk,0-9,21,0,0
2020-06-20,Norfolk,19-Oct,43,1,0
2020-06-20,Norfolk,20-29,184,2,0
2020-06-20,Norfolk,30-39,140,10,0
2020-06-20,Norfolk,40-49,111,12,0
2020-06-20,Norfolk,50-59,109,17,0
2020-06-20,Norfolk,60-69,68,24,1
2020-06-20,Norfolk,70-79,25,16,3
2020-06-20,Norfolk,80+,14,7,3
2020-06-20,Norfolk,Missing,8,1,0
2020-06-20,Peninsula,0-9,32,0,0
2020-06-20,Peninsula,19-Oct,41,1,0
2020-06-20,Peninsula,20-29,136,1,0
2020-06-20,Peninsula,30-39,135,7,1
2020-06-20,Peninsula,40-49,108,7,1
2020-06-20,Peninsula,50-59,127,18,2
2020-06-20,Peninsula,60-69,116,28,3
2020-06-20,Peninsula,70-79,83,38,11
2020-06-20,Peninsula,80+,50,24,15
2020-06-20,Peninsula,Missing,7,0,0
2020-06-20,Piedmont,0-9,16,0,0
2020-06-20,Piedmont,19-Oct,24,0,0
2020-06-20,Piedmont,20-29,148,2,0
2020-06-20,Piedmont,30-39,180,2,0
2020-06-20,Piedmont,40-49,178,8,0
2020-06-20,Piedmont,50-59,174,19,0
2020-06-20,Piedmont,60-69,131,19,2
2020-06-20,Piedmont,70-79,60,17,2
2020-06-20,Piedmont,80+,36,12,3
2020-06-20,Piedmont,Missing,1,0,0
2020-06-20,Pittsylvania-Danville,0-9,3,0,0
2020-06-20,Pittsylvania-Danville,19-Oct,7,0,0
2020-06-20,Pittsylvania-Danville,20-29,15,0,0
2020-06-20,Pittsylvania-Danville,30-39,19,1,0
2020-06-20,Pittsylvania-Danville,40-49,36,5,0
2020-06-20,Pittsylvania-Danville,50-59,30,9,0
2020-06-20,Pittsylvania-Danville,60-69,21,7,1
2020-06-20,Pittsylvania-Danville,70-79,20,9,0
2020-06-20,Pittsylvania-Danville,80+,3,2,2
2020-06-20,Pittsylvania-Danville,Missing,0,0,0
2020-06-20,Portsmouth,0-9,7,1,0
2020-06-20,Portsmouth,19-Oct,13,0,0
2020-06-20,Portsmouth,20-29,75,3,0
2020-06-20,Portsmouth,30-39,85,4,0
2020-06-20,Portsmouth,40-49,57,6,0
2020-06-20,Portsmouth,50-59,66,17,2
2020-06-20,Portsmouth,60-69,46,13,4
2020-06-20,Portsmouth,70-79,28,9,4
2020-06-20,Portsmouth,80+,20,7,3
2020-06-20,Portsmouth,Missing,8,0,0
2020-06-20,"Prince William",0-9,293,7,0
2020-06-20,"Prince William",19-Oct,653,8,0
2020-06-20,"Prince William",20-29,1513,47,0
2020-06-20,"Prince William",30-39,1609,89,2
2020-06-20,"Prince William",40-49,1835,134,6
2020-06-20,"Prince William",50-59,1336,174,13
2020-06-20,"Prince William",60-69,712,153,31
2020-06-20,"Prince William",70-79,271,74,38
2020-06-20,"Prince William",80+,216,73,62
2020-06-20,"Prince William",Missing,129,2,0
2020-06-20,Rappahannock,0-9,97,1,0
2020-06-20,Rappahannock,19-Oct,191,2,0
2020-06-20,Rappahannock,20-29,375,10,0
2020-06-20,Rappahannock,30-39,448,20,0
2020-06-20,Rappahannock,40-49,408,35,2
2020-06-20,Rappahannock,50-59,347,42,4
2020-06-20,Rappahannock,60-69,199,43,5
2020-06-20,Rappahannock,70-79,92,26,12
2020-06-20,Rappahannock,80+,80,25,10
2020-06-20,Rappahannock,Missing,18,0,0
2020-06-20,"Rappahannock Rapidan",0-9,70,1,0
2020-06-20,"Rappahannock Rapidan",19-Oct,124,3,0
2020-06-20,"Rappahannock Rapidan",20-29,264,4,0
2020-06-20,"Rappahannock Rapidan",30-39,283,14,1
2020-06-20,"Rappahannock Rapidan",40-49,286,19,2
2020-06-20,"Rappahannock Rapidan",50-59,200,22,2
2020-06-20,"Rappahannock Rapidan",60-69,105,16,2
2020-06-20,"Rappahannock Rapidan",70-79,35,12,7
2020-06-20,"Rappahannock Rapidan",80+,20,12,4
2020-06-20,"Rappahannock Rapidan",Missing,6,0,0
2020-06-20,Richmond,0-9,75,4,0
2020-06-20,Richmond,19-Oct,160,2,0
2020-06-20,Richmond,20-29,394,13,0
2020-06-20,Richmond,30-39,421,23,1
2020-06-20,Richmond,40-49,340,26,1
2020-06-20,Richmond,50-59,262,39,1
2020-06-20,Richmond,60-69,181,43,6
2020-06-20,Richmond,70-79,72,33,11
2020-06-20,Richmond,80+,38,16,9
2020-06-20,Richmond,Missing,17,0,0
2020-06-20,Roanoke,0-9,9,0,0
2020-06-20,Roanoke,19-Oct,20,0,0
2020-06-20,Roanoke,20-29,63,2,0
2020-06-20,Roanoke,30-39,63,0,0
2020-06-20,Roanoke,40-49,44,1,0
2020-06-20,Roanoke,50-59,33,1,0
2020-06-20,Roanoke,60-69,25,3,0
2020-06-20,Roanoke,70-79,10,3,0
2020-06-20,Roanoke,80+,38,3,10
2020-06-20,Roanoke,Missing,3,0,0
2020-06-20,Southside,0-9,3,0,0
2020-06-20,Southside,19-Oct,5,0,0
2020-06-20,Southside,20-29,37,2,0
2020-06-20,Southside,30-39,42,0,0
2020-06-20,Southside,40-49,41,5,0
2020-06-20,Southside,50-59,53,7,0
2020-06-20,Southside,60-69,52,12,3
2020-06-20,Southside,70-79,52,9,11
2020-06-20,Southside,80+,78,12,12
2020-06-20,Southside,Missing,0,0,0
2020-06-20,"Thomas Jefferson",0-9,29,1,0
2020-06-20,"Thomas Jefferson",19-Oct,41,1,0
2020-06-20,"Thomas Jefferson",20-29,121,1,0
2020-06-20,"Thomas Jefferson",30-39,153,5,0
2020-06-20,"Thomas Jefferson",40-49,123,5,0
2020-06-20,"Thomas Jefferson",50-59,97,9,1
2020-06-20,"Thomas Jefferson",60-69,70,17,2
2020-06-20,"Thomas Jefferson",70-79,58,19,2
2020-06-20,"Thomas Jefferson",80+,72,23,14
2020-06-20,"Thomas Jefferson",Missing,1,0,0
2020-06-20,"Three Rivers",0-9,9,1,0
2020-06-20,"Three Rivers",19-Oct,22,0,0
2020-06-20,"Three Rivers",20-29,106,4,0
2020-06-20,"Three Rivers",30-39,136,3,0
2020-06-20,"Three Rivers",40-49,135,11,2
2020-06-20,"Three Rivers",50-59,83,6,0
2020-06-20,"Three Rivers",60-69,68,10,0
2020-06-20,"Three Rivers",70-79,31,8,6
2020-06-20,"Three Rivers",80+,29,5,3
2020-06-20,"Three Rivers",Missing,1,0,0
2020-06-20,"Virginia Beach",0-9,18,0,0
2020-06-20,"Virginia Beach",19-Oct,43,0,0
2020-06-20,"Virginia Beach",20-29,188,3,0
2020-06-20,"Virginia Beach",30-39,136,9,0
2020-06-20,"Virginia Beach",40-49,143,18,1
2020-06-20,"Virginia Beach",50-59,129,13,0
2020-06-20,"Virginia Beach",60-69,127,16,1
2020-06-20,"Virginia Beach",70-79,65,26,7
2020-06-20,"Virginia Beach",80+,82,27,18
2020-06-20,"Virginia Beach",Missing,25,0,0
2020-06-20,"West Piedmont",0-9,9,0,0
2020-06-20,"West Piedmont",19-Oct,33,0,0
2020-06-20,"West Piedmont",20-29,48,1,0
2020-06-20,"West Piedmont",30-39,55,1,0
2020-06-20,"West Piedmont",40-49,65,7,1
2020-06-20,"West Piedmont",50-59,84,10,1
2020-06-20,"West Piedmont",60-69,42,5,0
2020-06-20,"West Piedmont",70-79,21,6,3
2020-06-20,"West Piedmont",80+,13,6,0
2020-06-20,"West Piedmont",Missing,0,0,0
2020-06-20,"Western Tidewater",0-9,5,0,0
2020-06-20,"Western Tidewater",19-Oct,12,0,0
2020-06-20,"Western Tidewater",20-29,60,2,0
2020-06-20,"Western Tidewater",30-39,93,5,0
2020-06-20,"Western Tidewater",40-49,88,5,1
2020-06-20,"Western Tidewater",50-59,128,12,2
2020-06-20,"Western Tidewater",60-69,115,13,6
2020-06-20,"Western Tidewater",70-79,81,20,16
2020-06-20,"Western Tidewater",80+,128,22,21
2020-06-20,"Western Tidewater",Missing,5,0,0
2020-06-21,Alexandria,0-9,121,2,0
2020-06-21,Alexandria,19-Oct,159,3,0
2020-06-21,Alexandria,20-29,334,7,1
2020-06-21,Alexandria,30-39,522,28,0
2020-06-21,Alexandria,40-49,412,35,0
2020-06-21,Alexandria,50-59,293,47,9
2020-06-21,Alexandria,60-69,189,44,2
2020-06-21,Alexandria,70-79,100,37,15
2020-06-21,Alexandria,80+,86,28,22
2020-06-21,Alexandria,Missing,11,0,0
2020-06-21,Alleghany,0-9,7,0,0
2020-06-21,Alleghany,19-Oct,18,0,0
2020-06-21,Alleghany,20-29,70,1,0
2020-06-21,Alleghany,30-39,36,2,0
2020-06-21,Alleghany,40-49,42,1,0
2020-06-21,Alleghany,50-59,54,5,1
2020-06-21,Alleghany,60-69,35,7,1
2020-06-21,Alleghany,70-79,32,6,7
2020-06-21,Alleghany,80+,24,8,5
2020-06-21,Alleghany,Missing,1,0,0
2020-06-21,Arlington,0-9,43,2,0
2020-06-21,Arlington,19-Oct,91,5,0
2020-06-21,Arlington,20-29,403,20,0
2020-06-21,Arlington,30-39,439,41,0
2020-06-21,Arlington,40-49,413,46,4
2020-06-21,Arlington,50-59,370,66,6
2020-06-21,Arlington,60-69,276,77,19
2020-06-21,Arlington,70-79,171,72,32
2020-06-21,Arlington,80+,202,82,65
2020-06-21,Arlington,Missing,10,1,0
2020-06-21,"Central Shenandoah",0-9,49,0,0
2020-06-21,"Central Shenandoah",19-Oct,102,1,0
2020-06-21,"Central Shenandoah",20-29,350,5,0
2020-06-21,"Central Shenandoah",30-39,292,6,0
2020-06-21,"Central Shenandoah",40-49,307,10,0
2020-06-21,"Central Shenandoah",50-59,340,29,1
2020-06-21,"Central Shenandoah",60-69,236,39,8
2020-06-21,"Central Shenandoah",70-79,116,38,12
2020-06-21,"Central Shenandoah",80+,90,21,11
2020-06-21,"Central Shenandoah",Missing,0,0,0
2020-06-21,"Central Virginia",0-9,5,0,0
2020-06-21,"Central Virginia",19-Oct,18,1,0
2020-06-21,"Central Virginia",20-29,62,2,0
2020-06-21,"Central Virginia",30-39,50,2,0
2020-06-21,"Central Virginia",40-49,44,0,0
2020-06-21,"Central Virginia",50-59,49,2,1
2020-06-21,"Central Virginia",60-69,41,4,1
2020-06-21,"Central Virginia",70-79,20,4,2
2020-06-21,"Central Virginia",80+,14,2,0
2020-06-21,"Central Virginia",Missing,1,0,0
2020-06-21,Chesapeake,0-9,19,1,0
2020-06-21,Chesapeake,19-Oct,32,1,0
2020-06-21,Chesapeake,20-29,103,3,0
2020-06-21,Chesapeake,30-39,141,6,0
2020-06-21,Chesapeake,40-49,121,17,0
2020-06-21,Chesapeake,50-59,117,18,1
2020-06-21,Chesapeake,60-69,96,22,4
2020-06-21,Chesapeake,70-79,55,22,2
2020-06-21,Chesapeake,80+,42,14,9
2020-06-21,Chesapeake,Missing,7,1,0
2020-06-21,Chesterfield,0-9,90,0,0
2020-06-21,Chesterfield,19-Oct,248,0,0
2020-06-21,Chesterfield,20-29,429,5,0
2020-06-21,Chesterfield,30-39,544,4,0
2020-06-21,Chesterfield,40-49,489,15,2
2020-06-21,Chesterfield,50-59,389,29,4
2020-06-21,Chesterfield,60-69,252,32,9
2020-06-21,Chesterfield,70-79,115,19,14
2020-06-21,Chesterfield,80+,130,26,36
2020-06-21,Chesterfield,Missing,64,0,0
2020-06-21,Chickahominy,0-9,10,0,0
2020-06-21,Chickahominy,19-Oct,30,0,0
2020-06-21,Chickahominy,20-29,77,0,0
2020-06-21,Chickahominy,30-39,79,2,0
2020-06-21,Chickahominy,40-49,80,11,1
2020-06-21,Chickahominy,50-59,110,22,1
2020-06-21,Chickahominy,60-69,73,18,6
2020-06-21,Chickahominy,70-79,51,19,5
2020-06-21,Chickahominy,80+,82,32,21
2020-06-21,Chickahominy,Missing,12,0,0
2020-06-21,Crater,0-9,20,1,0
2020-06-21,Crater,19-Oct,42,0,0
2020-06-21,Crater,20-29,206,7,0
2020-06-21,Crater,30-39,235,3,0
2020-06-21,Crater,40-49,197,13,1
2020-06-21,Crater,50-59,228,24,2
2020-06-21,Crater,60-69,191,35,10
2020-06-21,Crater,70-79,124,27,6
2020-06-21,Crater,80+,86,16,2
2020-06-21,Crater,Missing,7,0,0
2020-06-21,"Cumberland Plateau",0-9,0,0,0
2020-06-21,"Cumberland Plateau",19-Oct,13,0,0
2020-06-21,"Cumberland Plateau",20-29,2,0,0
2020-06-21,"Cumberland Plateau",30-39,5,0,0
2020-06-21,"Cumberland Plateau",40-49,6,0,0
2020-06-21,"Cumberland Plateau",50-59,4,1,0
2020-06-21,"Cumberland Plateau",60-69,5,1,0
2020-06-21,"Cumberland Plateau",70-79,2,0,0
2020-06-21,"Cumberland Plateau",80+,0,0,0
2020-06-21,"Cumberland Plateau",Missing,0,0,0
2020-06-21,"Eastern Shore",0-9,17,1,0
2020-06-21,"Eastern Shore",19-Oct,57,1,0
2020-06-21,"Eastern Shore",20-29,197,6,0
2020-06-21,"Eastern Shore",30-39,234,8,0
2020-06-21,"Eastern Shore",40-49,245,10,2
2020-06-21,"Eastern Shore",50-59,276,18,5
2020-06-21,"Eastern Shore",60-69,172,26,8
2020-06-21,"Eastern Shore",70-79,47,15,9
2020-06-21,"Eastern Shore",80+,50,21,18
2020-06-21,"Eastern Shore",Missing,6,0,0
2020-06-21,Fairfax,0-9,435,17,0
2020-06-21,Fairfax,19-Oct,751,22,0
2020-06-21,Fairfax,20-29,2076,66,2
2020-06-21,Fairfax,30-39,2618,159,4
2020-06-21,Fairfax,40-49,2540,231,8
2020-06-21,Fairfax,50-59,2141,273,26
2020-06-21,Fairfax,60-69,1397,293,49
2020-06-21,Fairfax,70-79,653,224,93
2020-06-21,Fairfax,80+,787,285,266
2020-06-21,Fairfax,Missing,148,3,0
2020-06-21,Hampton,0-9,10,0,0
2020-06-21,Hampton,19-Oct,14,0,0
2020-06-21,Hampton,20-29,50,2,0
2020-06-21,Hampton,30-39,45,3,0
2020-06-21,Hampton,40-49,41,3,0
2020-06-21,Hampton,50-59,44,8,1
2020-06-21,Hampton,60-69,35,11,2
2020-06-21,Hampton,70-79,15,7,0
2020-06-21,Hampton,80+,5,3,2
2020-06-21,Hampton,Missing,5,0,0
2020-06-21,Henrico,0-9,98,1,0
2020-06-21,Henrico,19-Oct,124,3,0
2020-06-21,Henrico,20-29,326,14,0
2020-06-21,Henrico,30-39,405,13,0
2020-06-21,Henrico,40-49,351,23,1
2020-06-21,Henrico,50-59,295,32,8
2020-06-21,Henrico,60-69,273,44,26
2020-06-21,Henrico,70-79,201,44,34
2020-06-21,Henrico,80+,307,65,68
2020-06-21,Henrico,Missing,33,1,1
2020-06-21,Lenowisco,0-9,3,0,0
2020-06-21,Lenowisco,19-Oct,3,0,0
2020-06-21,Lenowisco,20-29,6,0,0
2020-06-21,Lenowisco,30-39,4,1,1
2020-06-21,Lenowisco,40-49,7,2,0
2020-06-21,Lenowisco,50-59,13,5,0
2020-06-21,Lenowisco,60-69,5,4,2
2020-06-21,Lenowisco,70-79,5,4,1
2020-06-21,Lenowisco,80+,0,0,0
2020-06-21,Lenowisco,Missing,0,0,0
2020-06-21,"Lord Fairfax",0-9,55,1,0
2020-06-21,"Lord Fairfax",19-Oct,117,1,0
2020-06-21,"Lord Fairfax",20-29,319,4,0
2020-06-21,"Lord Fairfax",30-39,312,11,1
2020-06-21,"Lord Fairfax",40-49,292,15,1
2020-06-21,"Lord Fairfax",50-59,299,22,2
2020-06-21,"Lord Fairfax",60-69,205,41,10
2020-06-21,"Lord Fairfax",70-79,115,31,14
2020-06-21,"Lord Fairfax",80+,128,30,34
2020-06-21,"Lord Fairfax",Missing,2,0,0
2020-06-21,Loudoun,0-9,134,3,0
2020-06-21,Loudoun,19-Oct,253,0,0
2020-06-21,Loudoun,20-29,599,6,0
2020-06-21,Loudoun,30-39,669,21,0
2020-06-21,Loudoun,40-49,742,43,1
2020-06-21,Loudoun,50-59,574,45,1
2020-06-21,Loudoun,60-69,235,43,4
2020-06-21,Loudoun,70-79,136,39,13
2020-06-21,Loudoun,80+,185,48,63
2020-06-21,Loudoun,Missing,58,0,1
2020-06-21,"Mount Rogers",0-9,32,1,0
2020-06-21,"Mount Rogers",19-Oct,47,0,0
2020-06-21,"Mount Rogers",20-29,96,0,0
2020-06-21,"Mount Rogers",30-39,93,4,0
2020-06-21,"Mount Rogers",40-49,86,1,0
2020-06-21,"Mount Rogers",50-59,80,5,1
2020-06-21,"Mount Rogers",60-69,73,6,0
2020-06-21,"Mount Rogers",70-79,56,24,9
2020-06-21,"Mount Rogers",80+,68,23,13
2020-06-21,"Mount Rogers",Missing,1,0,0
2020-06-21,"New River",0-9,3,0,0
2020-06-21,"New River",19-Oct,10,0,0
2020-06-21,"New River",20-29,39,0,0
2020-06-21,"New River",30-39,22,1,0
2020-06-21,"New River",40-49,26,1,0
2020-06-21,"New River",50-59,29,4,0
2020-06-21,"New River",60-69,21,2,0
2020-06-21,"New River",70-79,15,8,3
2020-06-21,"New River",80+,12,4,1
2020-06-21,"New River",Missing,0,0,0
2020-06-21,Norfolk,0-9,23,0,0
2020-06-21,Norfolk,19-Oct,43,1,0
2020-06-21,Norfolk,20-29,187,2,0
2020-06-21,Norfolk,30-39,141,10,0
2020-06-21,Norfolk,40-49,111,12,0
2020-06-21,Norfolk,50-59,112,17,0
2020-06-21,Norfolk,60-69,72,24,1
2020-06-21,Norfolk,70-79,26,16,3
2020-06-21,Norfolk,80+,15,7,3
2020-06-21,Norfolk,Missing,7,1,0
2020-06-21,Peninsula,0-9,32,0,0
2020-06-21,Peninsula,19-Oct,42,1,0
2020-06-21,Peninsula,20-29,140,1,0
2020-06-21,Peninsula,30-39,136,7,1
2020-06-21,Peninsula,40-49,111,7,1
2020-06-21,Peninsula,50-59,129,18,2
2020-06-21,Peninsula,60-69,118,28,3
2020-06-21,Peninsula,70-79,84,38,11
2020-06-21,Peninsula,80+,50,24,15
2020-06-21,Peninsula,Missing,7,0,0
2020-06-21,Piedmont,0-9,16,0,0
2020-06-21,Piedmont,19-Oct,24,0,0
2020-06-21,Piedmont,20-29,148,2,0
2020-06-21,Piedmont,30-39,180,2,0
2020-06-21,Piedmont,40-49,178,8,0
2020-06-21,Piedmont,50-59,174,19,0
2020-06-21,Piedmont,60-69,131,19,2
2020-06-21,Piedmont,70-79,60,17,2
2020-06-21,Piedmont,80+,36,12,3
2020-06-21,Piedmont,Missing,1,0,0
2020-06-21,Pittsylvania-Danville,0-9,3,0,0
2020-06-21,Pittsylvania-Danville,19-Oct,7,0,0
2020-06-21,Pittsylvania-Danville,20-29,15,0,0
2020-06-21,Pittsylvania-Danville,30-39,19,1,0
2020-06-21,Pittsylvania-Danville,40-49,39,5,0
2020-06-21,Pittsylvania-Danville,50-59,31,9,0
2020-06-21,Pittsylvania-Danville,60-69,21,7,1
2020-06-21,Pittsylvania-Danville,70-79,20,9,0
2020-06-21,Pittsylvania-Danville,80+,3,2,2
2020-06-21,Pittsylvania-Danville,Missing,0,0,0
2020-06-21,Portsmouth,0-9,7,1,0
2020-06-21,Portsmouth,19-Oct,13,0,0
2020-06-21,Portsmouth,20-29,75,3,0
2020-06-21,Portsmouth,30-39,86,4,0
2020-06-21,Portsmouth,40-49,57,6,0
2020-06-21,Portsmouth,50-59,66,17,2
2020-06-21,Portsmouth,60-69,46,13,4
2020-06-21,Portsmouth,70-79,28,9,4
2020-06-21,Portsmouth,80+,20,7,3
2020-06-21,Portsmouth,Missing,8,0,0
2020-06-21,"Prince William",0-9,297,7,0
2020-06-21,"Prince William",19-Oct,674,8,0
2020-06-21,"Prince William",20-29,1527,47,0
2020-06-21,"Prince William",30-39,1623,89,2
2020-06-21,"Prince William",40-49,1843,135,6
2020-06-21,"Prince William",50-59,1345,174,13
2020-06-21,"Prince William",60-69,716,153,33
2020-06-21,"Prince William",70-79,275,74,38
2020-06-21,"Prince William",80+,217,73,62
2020-06-21,"Prince William",Missing,135,2,0
2020-06-21,Rappahannock,0-9,97,1,0
2020-06-21,Rappahannock,19-Oct,194,2,0
2020-06-21,Rappahannock,20-29,382,10,0
2020-06-21,Rappahannock,30-39,450,20,0
2020-06-21,Rappahannock,40-49,411,35,2
2020-06-21,Rappahannock,50-59,350,42,4
2020-06-21,Rappahannock,60-69,199,43,5
2020-06-21,Rappahannock,70-79,93,26,12
2020-06-21,Rappahannock,80+,81,26,10
2020-06-21,Rappahannock,Missing,18,0,0
2020-06-21,"Rappahannock Rapidan",0-9,70,1,0
2020-06-21,"Rappahannock Rapidan",19-Oct,124,3,0
2020-06-21,"Rappahannock Rapidan",20-29,265,4,0
2020-06-21,"Rappahannock Rapidan",30-39,284,14,1
2020-06-21,"Rappahannock Rapidan",40-49,285,19,2
2020-06-21,"Rappahannock Rapidan",50-59,200,22,2
2020-06-21,"Rappahannock Rapidan",60-69,106,16,2
2020-06-21,"Rappahannock Rapidan",70-79,35,12,7
2020-06-21,"Rappahannock Rapidan",80+,20,12,4
2020-06-21,"Rappahannock Rapidan",Missing,6,0,0
2020-06-21,Richmond,0-9,77,4,0
2020-06-21,Richmond,19-Oct,161,2,0
2020-06-21,Richmond,20-29,399,13,0
2020-06-21,Richmond,30-39,429,23,1
2020-06-21,Richmond,40-49,344,26,1
2020-06-21,Richmond,50-59,263,39,1
2020-06-21,Richmond,60-69,184,43,6
2020-06-21,Richmond,70-79,73,33,11
2020-06-21,Richmond,80+,38,16,9
2020-06-21,Richmond,Missing,17,0,0
2020-06-21,Roanoke,0-9,9,0,0
2020-06-21,Roanoke,19-Oct,21,0,0
2020-06-21,Roanoke,20-29,64,2,0
2020-06-21,Roanoke,30-39,63,0,0
2020-06-21,Roanoke,40-49,45,1,0
2020-06-21,Roanoke,50-59,33,1,0
2020-06-21,Roanoke,60-69,27,3,0
2020-06-21,Roanoke,70-79,10,3,0
2020-06-21,Roanoke,80+,38,3,10
2020-06-21,Roanoke,Missing,3,0,0
2020-06-21,Southside,0-9,3,0,0
2020-06-21,Southside,19-Oct,5,0,0
2020-06-21,Southside,20-29,37,2,0
2020-06-21,Southside,30-39,42,0,0
2020-06-21,Southside,40-49,41,5,0
2020-06-21,Southside,50-59,54,7,0
2020-06-21,Southside,60-69,52,12,3
2020-06-21,Southside,70-79,52,9,11
2020-06-21,Southside,80+,78,12,12
2020-06-21,Southside,Missing,0,0,0
2020-06-21,"Thomas Jefferson",0-9,31,1,0
2020-06-21,"Thomas Jefferson",19-Oct,44,1,0
2020-06-21,"Thomas Jefferson",20-29,123,1,0
2020-06-21,"Thomas Jefferson",30-39,157,5,0
2020-06-21,"Thomas Jefferson",40-49,129,5,0
2020-06-21,"Thomas Jefferson",50-59,97,9,1
2020-06-21,"Thomas Jefferson",60-69,71,17,2
2020-06-21,"Thomas Jefferson",70-79,58,19,2
2020-06-21,"Thomas Jefferson",80+,73,23,14
2020-06-21,"Thomas Jefferson",Missing,1,0,0
2020-06-21,"Three Rivers",0-9,9,1,0
2020-06-21,"Three Rivers",19-Oct,22,0,0
2020-06-21,"Three Rivers",20-29,107,4,0
2020-06-21,"Three Rivers",30-39,136,3,0
2020-06-21,"Three Rivers",40-49,136,11,2
2020-06-21,"Three Rivers",50-59,84,6,0
2020-06-21,"Three Rivers",60-69,68,10,0
2020-06-21,"Three Rivers",70-79,32,8,6
2020-06-21,"Three Rivers",80+,29,5,3
2020-06-21,"Three Rivers",Missing,1,0,0
2020-06-21,"Virginia Beach",0-9,20,0,0
2020-06-21,"Virginia Beach",19-Oct,45,0,0
2020-06-21,"Virginia Beach",20-29,195,3,0
2020-06-21,"Virginia Beach",30-39,141,10,0
2020-06-21,"Virginia Beach",40-49,150,19,1
2020-06-21,"Virginia Beach",50-59,132,13,0
2020-06-21,"Virginia Beach",60-69,129,16,1
2020-06-21,"Virginia Beach",70-79,67,26,7
2020-06-21,"Virginia Beach",80+,84,28,18
2020-06-21,"Virginia Beach",Missing,25,0,0
2020-06-21,"West Piedmont",0-9,9,0,0
2020-06-21,"West Piedmont",19-Oct,33,0,0
2020-06-21,"West Piedmont",20-29,49,1,0
2020-06-21,"West Piedmont",30-39,58,1,0
2020-06-21,"West Piedmont",40-49,65,7,1
2020-06-21,"West Piedmont",50-59,83,10,1
2020-06-21,"West Piedmont",60-69,42,5,0
2020-06-21,"West Piedmont",70-79,21,6,3
2020-06-21,"West Piedmont",80+,13,6,0
2020-06-21,"West Piedmont",Missing,0,0,0
2020-06-21,"Western Tidewater",0-9,5,0,0
2020-06-21,"Western Tidewater",19-Oct,14,0,0
2020-06-21,"Western Tidewater",20-29,62,2,0
2020-06-21,"Western Tidewater",30-39,95,5,0
2020-06-21,"Western Tidewater",40-49,90,5,1
2020-06-21,"Western Tidewater",50-59,129,12,2
2020-06-21,"Western Tidewater",60-69,116,13,6
2020-06-21,"Western Tidewater",70-79,81,20,16
2020-06-21,"Western Tidewater",80+,128,22,21
2020-06-21,"Western Tidewater",Missing,5,0,0
2020-06-22,Alexandria,0-9,122,2,0
2020-06-22,Alexandria,19-Oct,159,3,0
2020-06-22,Alexandria,20-29,338,7,1
2020-06-22,Alexandria,30-39,524,28,0
2020-06-22,Alexandria,40-49,413,35,0
2020-06-22,Alexandria,50-59,293,47,9
2020-06-22,Alexandria,60-69,190,44,2
2020-06-22,Alexandria,70-79,100,37,15
2020-06-22,Alexandria,80+,86,28,22
2020-06-22,Alexandria,Missing,11,0,0
2020-06-22,Alleghany,0-9,7,0,0
2020-06-22,Alleghany,19-Oct,21,0,0
2020-06-22,Alleghany,20-29,70,1,0
2020-06-22,Alleghany,30-39,36,2,0
2020-06-22,Alleghany,40-49,46,1,0
2020-06-22,Alleghany,50-59,55,5,1
2020-06-22,Alleghany,60-69,35,7,1
2020-06-22,Alleghany,70-79,32,7,7
2020-06-22,Alleghany,80+,24,8,5
2020-06-22,Alleghany,Missing,1,0,0
2020-06-22,Arlington,0-9,43,2,0
2020-06-22,Arlington,19-Oct,91,5,0
2020-06-22,Arlington,20-29,406,20,0
2020-06-22,Arlington,30-39,439,41,0
2020-06-22,Arlington,40-49,415,46,4
2020-06-22,Arlington,50-59,371,66,6
2020-06-22,Arlington,60-69,276,77,19
2020-06-22,Arlington,70-79,171,72,32
2020-06-22,Arlington,80+,202,82,65
2020-06-22,Arlington,Missing,10,1,0
2020-06-22,"Central Shenandoah",0-9,49,0,0
2020-06-22,"Central Shenandoah",19-Oct,102,1,0
2020-06-22,"Central Shenandoah",20-29,358,5,0
2020-06-22,"Central Shenandoah",30-39,293,6,0
2020-06-22,"Central Shenandoah",40-49,307,10,0
2020-06-22,"Central Shenandoah",50-59,342,30,2
2020-06-22,"Central Shenandoah",60-69,240,39,8
2020-06-22,"Central Shenandoah",70-79,116,38,12
2020-06-22,"Central Shenandoah",80+,90,21,12
2020-06-22,"Central Shenandoah",Missing,0,0,0
2020-06-22,"Central Virginia",0-9,5,0,0
2020-06-22,"Central Virginia",19-Oct,18,1,0
2020-06-22,"Central Virginia",20-29,62,2,0
2020-06-22,"Central Virginia",30-39,50,2,0
2020-06-22,"Central Virginia",40-49,44,0,0
2020-06-22,"Central Virginia",50-59,49,2,1
2020-06-22,"Central Virginia",60-69,41,4,1
2020-06-22,"Central Virginia",70-79,20,4,2
2020-06-22,"Central Virginia",80+,14,2,0
2020-06-22,"Central Virginia",Missing,1,0,0
2020-06-22,Chesapeake,0-9,21,1,0
2020-06-22,Chesapeake,19-Oct,37,1,0
2020-06-22,Chesapeake,20-29,111,3,0
2020-06-22,Chesapeake,30-39,144,6,0
2020-06-22,Chesapeake,40-49,124,17,0
2020-06-22,Chesapeake,50-59,118,18,1
2020-06-22,Chesapeake,60-69,97,22,4
2020-06-22,Chesapeake,70-79,58,23,2
2020-06-22,Chesapeake,80+,42,14,9
2020-06-22,Chesapeake,Missing,7,1,0
2020-06-22,Chesterfield,0-9,92,0,0
2020-06-22,Chesterfield,19-Oct,250,0,0
2020-06-22,Chesterfield,20-29,434,5,0
2020-06-22,Chesterfield,30-39,546,4,0
2020-06-22,Chesterfield,40-49,490,15,2
2020-06-22,Chesterfield,50-59,393,29,4
2020-06-22,Chesterfield,60-69,256,32,9
2020-06-22,Chesterfield,70-79,115,19,14
2020-06-22,Chesterfield,80+,130,26,36
2020-06-22,Chesterfield,Missing,64,0,0
2020-06-22,Chickahominy,0-9,11,0,0
2020-06-22,Chickahominy,19-Oct,32,0,0
2020-06-22,Chickahominy,20-29,77,0,0
2020-06-22,Chickahominy,30-39,79,2,0
2020-06-22,Chickahominy,40-49,80,11,1
2020-06-22,Chickahominy,50-59,110,22,2
2020-06-22,Chickahominy,60-69,73,18,6
2020-06-22,Chickahominy,70-79,51,19,5
2020-06-22,Chickahominy,80+,82,32,21
2020-06-22,Chickahominy,Missing,12,0,0
2020-06-22,Crater,0-9,20,1,0
2020-06-22,Crater,19-Oct,42,0,0
2020-06-22,Crater,20-29,207,7,0
2020-06-22,Crater,30-39,239,3,0
2020-06-22,Crater,40-49,197,13,1
2020-06-22,Crater,50-59,232,24,2
2020-06-22,Crater,60-69,194,37,10
2020-06-22,Crater,70-79,124,27,6
2020-06-22,Crater,80+,88,16,2
2020-06-22,Crater,Missing,7,0,0
2020-06-22,"Cumberland Plateau",0-9,0,0,0
2020-06-22,"Cumberland Plateau",19-Oct,13,0,0
2020-06-22,"Cumberland Plateau",20-29,2,0,0
2020-06-22,"Cumberland Plateau",30-39,5,0,0
2020-06-22,"Cumberland Plateau",40-49,6,0,0
2020-06-22,"Cumberland Plateau",50-59,4,1,0
2020-06-22,"Cumberland Plateau",60-69,5,1,0
2020-06-22,"Cumberland Plateau",70-79,2,0,0
2020-06-22,"Cumberland Plateau",80+,0,0,0
2020-06-22,"Cumberland Plateau",Missing,0,0,0
2020-06-22,"Eastern Shore",0-9,17,1,0
2020-06-22,"Eastern Shore",19-Oct,57,1,0
2020-06-22,"Eastern Shore",20-29,197,6,0
2020-06-22,"Eastern Shore",30-39,234,8,0
2020-06-22,"Eastern Shore",40-49,246,10,2
2020-06-22,"Eastern Shore",50-59,276,18,5
2020-06-22,"Eastern Shore",60-69,173,26,8
2020-06-22,"Eastern Shore",70-79,47,15,9
2020-06-22,"Eastern Shore",80+,50,21,18
2020-06-22,"Eastern Shore",Missing,6,0,0
2020-06-22,Fairfax,0-9,441,18,0
2020-06-22,Fairfax,19-Oct,760,22,0
2020-06-22,Fairfax,20-29,2091,67,2
2020-06-22,Fairfax,30-39,2629,159,4
2020-06-22,Fairfax,40-49,2555,232,8
2020-06-22,Fairfax,50-59,2155,275,27
2020-06-22,Fairfax,60-69,1401,295,50
2020-06-22,Fairfax,70-79,657,225,93
2020-06-22,Fairfax,80+,788,285,268
2020-06-22,Fairfax,Missing,149,3,0
2020-06-22,Hampton,0-9,10,0,0
2020-06-22,Hampton,19-Oct,14,0,0
2020-06-22,Hampton,20-29,54,2,0
2020-06-22,Hampton,30-39,45,3,0
2020-06-22,Hampton,40-49,42,3,0
2020-06-22,Hampton,50-59,44,8,1
2020-06-22,Hampton,60-69,36,11,2
2020-06-22,Hampton,70-79,16,7,0
2020-06-22,Hampton,80+,5,3,2
2020-06-22,Hampton,Missing,5,0,0
2020-06-22,Henrico,0-9,99,1,0
2020-06-22,Henrico,19-Oct,125,3,0
2020-06-22,Henrico,20-29,327,14,0
2020-06-22,Henrico,30-39,411,13,0
2020-06-22,Henrico,40-49,351,23,1
2020-06-22,Henrico,50-59,298,32,8
2020-06-22,Henrico,60-69,274,44,26
2020-06-22,Henrico,70-79,201,44,34
2020-06-22,Henrico,80+,307,65,68
2020-06-22,Henrico,Missing,33,1,1
2020-06-22,Lenowisco,0-9,3,0,0
2020-06-22,Lenowisco,19-Oct,3,0,0
2020-06-22,Lenowisco,20-29,7,0,0
2020-06-22,Lenowisco,30-39,5,1,1
2020-06-22,Lenowisco,40-49,7,2,0
2020-06-22,Lenowisco,50-59,13,5,0
2020-06-22,Lenowisco,60-69,5,4,2
2020-06-22,Lenowisco,70-79,5,4,1
2020-06-22,Lenowisco,80+,0,0,0
2020-06-22,Lenowisco,Missing,0,0,0
2020-06-22,"Lord Fairfax",0-9,55,1,0
2020-06-22,"Lord Fairfax",19-Oct,121,1,0
2020-06-22,"Lord Fairfax",20-29,322,4,0
2020-06-22,"Lord Fairfax",30-39,315,11,1
2020-06-22,"Lord Fairfax",40-49,293,15,1
2020-06-22,"Lord Fairfax",50-59,306,22,2
2020-06-22,"Lord Fairfax",60-69,207,41,10
2020-06-22,"Lord Fairfax",70-79,119,33,14
2020-06-22,"Lord Fairfax",80+,128,30,34
2020-06-22,"Lord Fairfax",Missing,2,0,0
2020-06-22,Loudoun,0-9,136,3,0
2020-06-22,Loudoun,19-Oct,253,0,0
2020-06-22,Loudoun,20-29,606,6,0
2020-06-22,Loudoun,30-39,673,22,0
2020-06-22,Loudoun,40-49,746,44,1
2020-06-22,Loudoun,50-59,580,47,1
2020-06-22,Loudoun,60-69,238,44,4
2020-06-22,Loudoun,70-79,137,40,14
2020-06-22,Loudoun,80+,185,49,63
2020-06-22,Loudoun,Missing,58,0,1
2020-06-22,"Mount Rogers",0-9,32,1,0
2020-06-22,"Mount Rogers",19-Oct,48,0,0
2020-06-22,"Mount Rogers",20-29,96,0,0
2020-06-22,"Mount Rogers",30-39,93,4,0
2020-06-22,"Mount Rogers",40-49,87,1,0
2020-06-22,"Mount Rogers",50-59,80,5,1
2020-06-22,"Mount Rogers",60-69,74,7,0
2020-06-22,"Mount Rogers",70-79,56,24,9
2020-06-22,"Mount Rogers",80+,69,23,13
2020-06-22,"Mount Rogers",Missing,1,0,0
2020-06-22,"New River",0-9,3,0,0
2020-06-22,"New River",19-Oct,10,0,0
2020-06-22,"New River",20-29,39,0,0
2020-06-22,"New River",30-39,22,1,0
2020-06-22,"New River",40-49,26,1,0
2020-06-22,"New River",50-59,29,4,0
2020-06-22,"New River",60-69,21,2,0
2020-06-22,"New River",70-79,15,8,3
2020-06-22,"New River",80+,12,4,1
2020-06-22,"New River",Missing,0,0,0
2020-06-22,Norfolk,0-9,23,0,0
2020-06-22,Norfolk,19-Oct,44,1,0
2020-06-22,Norfolk,20-29,191,2,0
2020-06-22,Norfolk,30-39,143,10,0
2020-06-22,Norfolk,40-49,112,12,0
2020-06-22,Norfolk,50-59,113,18,0
2020-06-22,Norfolk,60-69,72,24,1
2020-06-22,Norfolk,70-79,26,16,3
2020-06-22,Norfolk,80+,15,7,3
2020-06-22,Norfolk,Missing,7,1,0
2020-06-22,Peninsula,0-9,32,0,0
2020-06-22,Peninsula,19-Oct,44,1,0
2020-06-22,Peninsula,20-29,147,1,0
2020-06-22,Peninsula,30-39,138,7,1
2020-06-22,Peninsula,40-49,114,7,1
2020-06-22,Peninsula,50-59,129,18,2
2020-06-22,Peninsula,60-69,118,28,3
2020-06-22,Peninsula,70-79,84,38,11
2020-06-22,Peninsula,80+,50,24,15
2020-06-22,Peninsula,Missing,7,0,0
2020-06-22,Piedmont,0-9,17,0,0
2020-06-22,Piedmont,19-Oct,30,0,0
2020-06-22,Piedmont,20-29,150,2,0
2020-06-22,Piedmont,30-39,186,2,0
2020-06-22,Piedmont,40-49,180,8,0
2020-06-22,Piedmont,50-59,176,19,0
2020-06-22,Piedmont,60-69,131,19,2
2020-06-22,Piedmont,70-79,62,17,2
2020-06-22,Piedmont,80+,44,12,3
2020-06-22,Piedmont,Missing,1,0,0
2020-06-22,Pittsylvania-Danville,0-9,3,0,0
2020-06-22,Pittsylvania-Danville,19-Oct,7,0,0
2020-06-22,Pittsylvania-Danville,20-29,16,0,0
2020-06-22,Pittsylvania-Danville,30-39,20,1,0
2020-06-22,Pittsylvania-Danville,40-49,39,5,0
2020-06-22,Pittsylvania-Danville,50-59,31,9,0
2020-06-22,Pittsylvania-Danville,60-69,21,7,1
2020-06-22,Pittsylvania-Danville,70-79,20,9,0
2020-06-22,Pittsylvania-Danville,80+,3,2,2
2020-06-22,Pittsylvania-Danville,Missing,0,0,0
2020-06-22,Portsmouth,0-9,9,1,0
2020-06-22,Portsmouth,19-Oct,13,0,0
2020-06-22,Portsmouth,20-29,80,4,0
2020-06-22,Portsmouth,30-39,88,4,0
2020-06-22,Portsmouth,40-49,58,6,0
2020-06-22,Portsmouth,50-59,67,17,2
2020-06-22,Portsmouth,60-69,48,14,4
2020-06-22,Portsmouth,70-79,28,9,4
2020-06-22,Portsmouth,80+,20,7,3
2020-06-22,Portsmouth,Missing,8,0,0
2020-06-22,"Prince William",0-9,298,7,0
2020-06-22,"Prince William",19-Oct,683,8,0
2020-06-22,"Prince William",20-29,1533,47,0
2020-06-22,"Prince William",30-39,1628,89,2
2020-06-22,"Prince William",40-49,1849,135,6
2020-06-22,"Prince William",50-59,1351,175,13
2020-06-22,"Prince William",60-69,716,153,33
2020-06-22,"Prince William",70-79,273,74,38
2020-06-22,"Prince William",80+,218,73,62
2020-06-22,"Prince William",Missing,135,2,0
2020-06-22,Rappahannock,0-9,98,1,0
2020-06-22,Rappahannock,19-Oct,199,2,0
2020-06-22,Rappahannock,20-29,386,11,0
2020-06-22,Rappahannock,30-39,451,20,0
2020-06-22,Rappahannock,40-49,413,35,2
2020-06-22,Rappahannock,50-59,352,42,4
2020-06-22,Rappahannock,60-69,200,43,5
2020-06-22,Rappahannock,70-79,93,26,13
2020-06-22,Rappahannock,80+,83,26,10
2020-06-22,Rappahannock,Missing,18,0,0
2020-06-22,"Rappahannock Rapidan",0-9,71,1,0
2020-06-22,"Rappahannock Rapidan",19-Oct,125,3,0
2020-06-22,"Rappahannock Rapidan",20-29,266,4,0
2020-06-22,"Rappahannock Rapidan",30-39,287,14,1
2020-06-22,"Rappahannock Rapidan",40-49,285,19,2
2020-06-22,"Rappahannock Rapidan",50-59,200,22,2
2020-06-22,"Rappahannock Rapidan",60-69,106,16,2
2020-06-22,"Rappahannock Rapidan",70-79,36,12,7
2020-06-22,"Rappahannock Rapidan",80+,20,12,4
2020-06-22,"Rappahannock Rapidan",Missing,6,0,0
2020-06-22,Richmond,0-9,81,4,0
2020-06-22,Richmond,19-Oct,165,2,0
2020-06-22,Richmond,20-29,403,13,0
2020-06-22,Richmond,30-39,437,23,1
2020-06-22,Richmond,40-49,346,26,1
2020-06-22,Richmond,50-59,263,39,1
2020-06-22,Richmond,60-69,185,43,6
2020-06-22,Richmond,70-79,73,33,11
2020-06-22,Richmond,80+,38,16,9
2020-06-22,Richmond,Missing,17,0,0
2020-06-22,Roanoke,0-9,9,0,0
2020-06-22,Roanoke,19-Oct,21,0,0
2020-06-22,Roanoke,20-29,66,2,0
2020-06-22,Roanoke,30-39,67,0,0
2020-06-22,Roanoke,40-49,48,1,0
2020-06-22,Roanoke,50-59,34,1,0
2020-06-22,Roanoke,60-69,28,3,0
2020-06-22,Roanoke,70-79,10,3,0
2020-06-22,Roanoke,80+,38,3,10
2020-06-22,Roanoke,Missing,3,0,0
2020-06-22,Southside,0-9,3,0,0
2020-06-22,Southside,19-Oct,5,0,0
2020-06-22,Southside,20-29,38,2,0
2020-06-22,Southside,30-39,42,0,0
2020-06-22,Southside,40-49,42,5,0
2020-06-22,Southside,50-59,54,7,0
2020-06-22,Southside,60-69,52,12,3
2020-06-22,Southside,70-79,52,9,11
2020-06-22,Southside,80+,78,12,12
2020-06-22,Southside,Missing,0,0,0
2020-06-22,"Thomas Jefferson",0-9,33,1,0
2020-06-22,"Thomas Jefferson",19-Oct,46,1,0
2020-06-22,"Thomas Jefferson",20-29,127,1,0
2020-06-22,"Thomas Jefferson",30-39,159,5,0
2020-06-22,"Thomas Jefferson",40-49,132,5,0
2020-06-22,"Thomas Jefferson",50-59,98,9,1
2020-06-22,"Thomas Jefferson",60-69,72,17,2
2020-06-22,"Thomas Jefferson",70-79,58,19,2
2020-06-22,"Thomas Jefferson",80+,73,23,14
2020-06-22,"Thomas Jefferson",Missing,1,0,0
2020-06-22,"Three Rivers",0-9,9,1,0
2020-06-22,"Three Rivers",19-Oct,22,0,0
2020-06-22,"Three Rivers",20-29,107,4,0
2020-06-22,"Three Rivers",30-39,136,3,0
2020-06-22,"Three Rivers",40-49,136,11,2
2020-06-22,"Three Rivers",50-59,84,6,0
2020-06-22,"Three Rivers",60-69,68,10,0
2020-06-22,"Three Rivers",70-79,33,8,6
2020-06-22,"Three Rivers",80+,29,5,3
2020-06-22,"Three Rivers",Missing,1,0,0
2020-06-22,"Virginia Beach",0-9,20,0,0
2020-06-22,"Virginia Beach",19-Oct,47,0,0
2020-06-22,"Virginia Beach",20-29,205,3,0
2020-06-22,"Virginia Beach",30-39,145,10,0
2020-06-22,"Virginia Beach",40-49,150,19,1
2020-06-22,"Virginia Beach",50-59,133,13,0
2020-06-22,"Virginia Beach",60-69,130,16,1
2020-06-22,"Virginia Beach",70-79,67,26,7
2020-06-22,"Virginia Beach",80+,84,28,18
2020-06-22,"Virginia Beach",Missing,25,0,0
2020-06-22,"West Piedmont",0-9,9,0,0
2020-06-22,"West Piedmont",19-Oct,34,0,0
2020-06-22,"West Piedmont",20-29,49,1,0
2020-06-22,"West Piedmont",30-39,59,1,0
2020-06-22,"West Piedmont",40-49,65,7,1
2020-06-22,"West Piedmont",50-59,83,10,1
2020-06-22,"West Piedmont",60-69,43,5,0
2020-06-22,"West Piedmont",70-79,21,6,3
2020-06-22,"West Piedmont",80+,13,6,0
2020-06-22,"West Piedmont",Missing,0,0,0
2020-06-22,"Western Tidewater",0-9,6,0,0
2020-06-22,"Western Tidewater",19-Oct,15,0,0
2020-06-22,"Western Tidewater",20-29,62,2,0
2020-06-22,"Western Tidewater",30-39,103,6,0
2020-06-22,"Western Tidewater",40-49,91,5,1
2020-06-22,"Western Tidewater",50-59,131,12,2
2020-06-22,"Western Tidewater",60-69,117,13,6
2020-06-22,"Western Tidewater",70-79,81,20,16
2020-06-22,"Western Tidewater",80+,128,22,21
2020-06-22,"Western Tidewater",Missing,5,0,0
2020-06-23,Alexandria,0-9,123,2,0
2020-06-23,Alexandria,19-Oct,160,3,0
2020-06-23,Alexandria,20-29,342,7,1
2020-06-23,Alexandria,30-39,526,28,0
2020-06-23,Alexandria,40-49,415,35,0
2020-06-23,Alexandria,50-59,293,47,9
2020-06-23,Alexandria,60-69,192,44,2
2020-06-23,Alexandria,70-79,100,37,15
2020-06-23,Alexandria,80+,86,28,22
2020-06-23,Alexandria,Missing,11,0,0
2020-06-23,Alleghany,0-9,7,0,0
2020-06-23,Alleghany,19-Oct,38,0,0
2020-06-23,Alleghany,20-29,73,1,0
2020-06-23,Alleghany,30-39,37,2,0
2020-06-23,Alleghany,40-49,51,1,0
2020-06-23,Alleghany,50-59,55,5,1
2020-06-23,Alleghany,60-69,36,7,1
2020-06-23,Alleghany,70-79,31,7,7
2020-06-23,Alleghany,80+,24,8,5
2020-06-23,Alleghany,Missing,1,0,0
2020-06-23,Arlington,0-9,43,2,0
2020-06-23,Arlington,19-Oct,91,5,0
2020-06-23,Arlington,20-29,407,20,0
2020-06-23,Arlington,30-39,439,41,0
2020-06-23,Arlington,40-49,415,46,4
2020-06-23,Arlington,50-59,374,66,6
2020-06-23,Arlington,60-69,277,77,19
2020-06-23,Arlington,70-79,171,72,32
2020-06-23,Arlington,80+,204,84,65
2020-06-23,Arlington,Missing,10,1,0
2020-06-23,"Central Shenandoah",0-9,49,0,0
2020-06-23,"Central Shenandoah",19-Oct,103,1,0
2020-06-23,"Central Shenandoah",20-29,359,6,0
2020-06-23,"Central Shenandoah",30-39,295,6,0
2020-06-23,"Central Shenandoah",40-49,309,10,0
2020-06-23,"Central Shenandoah",50-59,346,31,2
2020-06-23,"Central Shenandoah",60-69,243,39,8
2020-06-23,"Central Shenandoah",70-79,116,38,12
2020-06-23,"Central Shenandoah",80+,91,21,12
2020-06-23,"Central Shenandoah",Missing,0,0,0
2020-06-23,"Central Virginia",0-9,7,0,0
2020-06-23,"Central Virginia",19-Oct,21,1,0
2020-06-23,"Central Virginia",20-29,64,2,0
2020-06-23,"Central Virginia",30-39,51,2,0
2020-06-23,"Central Virginia",40-49,46,0,0
2020-06-23,"Central Virginia",50-59,50,2,1
2020-06-23,"Central Virginia",60-69,41,4,2
2020-06-23,"Central Virginia",70-79,20,4,2
2020-06-23,"Central Virginia",80+,15,2,0
2020-06-23,"Central Virginia",Missing,1,0,0
2020-06-23,Chesapeake,0-9,22,1,0
2020-06-23,Chesapeake,19-Oct,38,1,0
2020-06-23,Chesapeake,20-29,114,3,0
2020-06-23,Chesapeake,30-39,146,6,0
2020-06-23,Chesapeake,40-49,127,17,0
2020-06-23,Chesapeake,50-59,122,19,1
2020-06-23,Chesapeake,60-69,98,24,4
2020-06-23,Chesapeake,70-79,57,23,2
2020-06-23,Chesapeake,80+,43,14,9
2020-06-23,Chesapeake,Missing,7,1,0
2020-06-23,Chesterfield,0-9,99,0,0
2020-06-23,Chesterfield,19-Oct,263,0,0
2020-06-23,Chesterfield,20-29,452,5,0
2020-06-23,Chesterfield,30-39,560,4,0
2020-06-23,Chesterfield,40-49,501,15,2
2020-06-23,Chesterfield,50-59,405,29,4
2020-06-23,Chesterfield,60-69,258,32,9
2020-06-23,Chesterfield,70-79,117,21,14
2020-06-23,Chesterfield,80+,130,26,39
2020-06-23,Chesterfield,Missing,64,0,0
2020-06-23,Chickahominy,0-9,12,0,0
2020-06-23,Chickahominy,19-Oct,32,0,0
2020-06-23,Chickahominy,20-29,79,0,0
2020-06-23,Chickahominy,30-39,82,2,0
2020-06-23,Chickahominy,40-49,80,11,1
2020-06-23,Chickahominy,50-59,111,22,2
2020-06-23,Chickahominy,60-69,73,18,6
2020-06-23,Chickahominy,70-79,52,19,5
2020-06-23,Chickahominy,80+,82,32,21
2020-06-23,Chickahominy,Missing,12,0,0
2020-06-23,Crater,0-9,20,1,0
2020-06-23,Crater,19-Oct,42,0,0
2020-06-23,Crater,20-29,207,7,0
2020-06-23,Crater,30-39,237,3,0
2020-06-23,Crater,40-49,195,13,1
2020-06-23,Crater,50-59,236,25,2
2020-06-23,Crater,60-69,199,37,10
2020-06-23,Crater,70-79,124,27,6
2020-06-23,Crater,80+,88,16,2
2020-06-23,Crater,Missing,7,0,0
2020-06-23,"Cumberland Plateau",0-9,0,0,0
2020-06-23,"Cumberland Plateau",19-Oct,13,0,0
2020-06-23,"Cumberland Plateau",20-29,2,0,0
2020-06-23,"Cumberland Plateau",30-39,5,0,0
2020-06-23,"Cumberland Plateau",40-49,6,0,0
2020-06-23,"Cumberland Plateau",50-59,4,1,0
2020-06-23,"Cumberland Plateau",60-69,5,1,0
2020-06-23,"Cumberland Plateau",70-79,2,0,0
2020-06-23,"Cumberland Plateau",80+,0,0,0
2020-06-23,"Cumberland Plateau",Missing,0,0,0
2020-06-23,"Eastern Shore",0-9,17,1,0
2020-06-23,"Eastern Shore",19-Oct,57,1,0
2020-06-23,"Eastern Shore",20-29,197,6,0
2020-06-23,"Eastern Shore",30-39,234,8,0
2020-06-23,"Eastern Shore",40-49,246,11,2
2020-06-23,"Eastern Shore",50-59,276,18,5
2020-06-23,"Eastern Shore",60-69,174,27,8
2020-06-23,"Eastern Shore",70-79,47,15,9
2020-06-23,"Eastern Shore",80+,50,21,18
2020-06-23,"Eastern Shore",Missing,6,0,0
2020-06-23,Fairfax,0-9,444,18,0
2020-06-23,Fairfax,19-Oct,764,22,0
2020-06-23,Fairfax,20-29,2109,68,2
2020-06-23,Fairfax,30-39,2650,158,4
2020-06-23,Fairfax,40-49,2575,232,9
2020-06-23,Fairfax,50-59,2165,280,27
2020-06-23,Fairfax,60-69,1404,297,51
2020-06-23,Fairfax,70-79,657,225,96
2020-06-23,Fairfax,80+,788,285,270
2020-06-23,Fairfax,Missing,149,3,0
2020-06-23,Hampton,0-9,10,0,0
2020-06-23,Hampton,19-Oct,14,0,0
2020-06-23,Hampton,20-29,54,2,0
2020-06-23,Hampton,30-39,45,3,0
2020-06-23,Hampton,40-49,42,3,0
2020-06-23,Hampton,50-59,44,9,1
2020-06-23,Hampton,60-69,36,11,2
2020-06-23,Hampton,70-79,16,7,0
2020-06-23,Hampton,80+,5,3,2
2020-06-23,Hampton,Missing,5,0,0
2020-06-23,Henrico,0-9,99,1,0
2020-06-23,Henrico,19-Oct,129,3,0
2020-06-23,Henrico,20-29,329,14,0
2020-06-23,Henrico,30-39,417,13,0
2020-06-23,Henrico,40-49,357,24,1
2020-06-23,Henrico,50-59,301,32,8
2020-06-23,Henrico,60-69,275,44,26
2020-06-23,Henrico,70-79,201,43,34
2020-06-23,Henrico,80+,307,65,68
2020-06-23,Henrico,Missing,33,1,1
2020-06-23,Lenowisco,0-9,3,0,0
2020-06-23,Lenowisco,19-Oct,3,0,0
2020-06-23,Lenowisco,20-29,7,0,0
2020-06-23,Lenowisco,30-39,5,1,1
2020-06-23,Lenowisco,40-49,7,2,0
2020-06-23,Lenowisco,50-59,14,5,0
2020-06-23,Lenowisco,60-69,5,4,2
2020-06-23,Lenowisco,70-79,5,4,1
2020-06-23,Lenowisco,80+,0,0,0
2020-06-23,Lenowisco,Missing,0,0,0
2020-06-23,"Lord Fairfax",0-9,55,1,0
2020-06-23,"Lord Fairfax",19-Oct,121,1,0
2020-06-23,"Lord Fairfax",20-29,323,4,0
2020-06-23,"Lord Fairfax",30-39,317,11,1
2020-06-23,"Lord Fairfax",40-49,296,16,1
2020-06-23,"Lord Fairfax",50-59,311,22,2
2020-06-23,"Lord Fairfax",60-69,209,41,10
2020-06-23,"Lord Fairfax",70-79,120,33,14
2020-06-23,"Lord Fairfax",80+,128,31,34
2020-06-23,"Lord Fairfax",Missing,2,0,0
2020-06-23,Loudoun,0-9,137,3,0
2020-06-23,Loudoun,19-Oct,255,0,0
2020-06-23,Loudoun,20-29,611,6,0
2020-06-23,Loudoun,30-39,675,22,0
2020-06-23,Loudoun,40-49,753,44,1
2020-06-23,Loudoun,50-59,582,47,1
2020-06-23,Loudoun,60-69,240,44,4
2020-06-23,Loudoun,70-79,136,40,14
2020-06-23,Loudoun,80+,185,49,63
2020-06-23,Loudoun,Missing,58,0,1
2020-06-23,"Mount Rogers",0-9,32,1,0
2020-06-23,"Mount Rogers",19-Oct,48,0,0
2020-06-23,"Mount Rogers",20-29,98,0,0
2020-06-23,"Mount Rogers",30-39,94,4,0
2020-06-23,"Mount Rogers",40-49,90,1,0
2020-06-23,"Mount Rogers",50-59,81,5,1
2020-06-23,"Mount Rogers",60-69,76,7,0
2020-06-23,"Mount Rogers",70-79,57,24,9
2020-06-23,"Mount Rogers",80+,70,24,13
2020-06-23,"Mount Rogers",Missing,1,0,0
2020-06-23,"New River",0-9,3,0,0
2020-06-23,"New River",19-Oct,10,0,0
2020-06-23,"New River",20-29,40,0,0
2020-06-23,"New River",30-39,22,1,0
2020-06-23,"New River",40-49,27,1,0
2020-06-23,"New River",50-59,29,4,0
2020-06-23,"New River",60-69,22,2,0
2020-06-23,"New River",70-79,15,8,3
2020-06-23,"New River",80+,12,4,1
2020-06-23,"New River",Missing,0,0,0
2020-06-23,Norfolk,0-9,23,0,0
2020-06-23,Norfolk,19-Oct,44,1,0
2020-06-23,Norfolk,20-29,191,2,0
2020-06-23,Norfolk,30-39,143,10,0
2020-06-23,Norfolk,40-49,112,12,0
2020-06-23,Norfolk,50-59,112,18,0
2020-06-23,Norfolk,60-69,72,24,1
2020-06-23,Norfolk,70-79,27,17,3
2020-06-23,Norfolk,80+,16,7,3
2020-06-23,Norfolk,Missing,7,1,0
2020-06-23,Peninsula,0-9,32,0,0
2020-06-23,Peninsula,19-Oct,45,1,0
2020-06-23,Peninsula,20-29,153,1,0
2020-06-23,Peninsula,30-39,140,7,1
2020-06-23,Peninsula,40-49,115,7,1
2020-06-23,Peninsula,50-59,128,18,2
2020-06-23,Peninsula,60-69,119,28,3
2020-06-23,Peninsula,70-79,84,38,11
2020-06-23,Peninsula,80+,50,24,15
2020-06-23,Peninsula,Missing,7,0,0
2020-06-23,Piedmont,0-9,17,0,0
2020-06-23,Piedmont,19-Oct,31,0,0
2020-06-23,Piedmont,20-29,150,2,0
2020-06-23,Piedmont,30-39,186,2,0
2020-06-23,Piedmont,40-49,181,8,0
2020-06-23,Piedmont,50-59,176,19,0
2020-06-23,Piedmont,60-69,131,19,2
2020-06-23,Piedmont,70-79,62,17,2
2020-06-23,Piedmont,80+,47,14,6
2020-06-23,Piedmont,Missing,1,0,0
2020-06-23,Pittsylvania-Danville,0-9,3,0,0
2020-06-23,Pittsylvania-Danville,19-Oct,7,0,0
2020-06-23,Pittsylvania-Danville,20-29,16,0,0
2020-06-23,Pittsylvania-Danville,30-39,20,1,0
2020-06-23,Pittsylvania-Danville,40-49,39,5,0
2020-06-23,Pittsylvania-Danville,50-59,31,9,0
2020-06-23,Pittsylvania-Danville,60-69,21,7,1
2020-06-23,Pittsylvania-Danville,70-79,20,9,0
2020-06-23,Pittsylvania-Danville,80+,3,2,2
2020-06-23,Pittsylvania-Danville,Missing,0,0,0
2020-06-23,Portsmouth,0-9,9,1,0
2020-06-23,Portsmouth,19-Oct,13,0,0
2020-06-23,Portsmouth,20-29,80,5,0
2020-06-23,Portsmouth,30-39,88,4,0
2020-06-23,Portsmouth,40-49,58,6,0
2020-06-23,Portsmouth,50-59,68,18,2
2020-06-23,Portsmouth,60-69,48,14,5
2020-06-23,Portsmouth,70-79,29,11,5
2020-06-23,Portsmouth,80+,20,7,4
2020-06-23,Portsmouth,Missing,8,0,0
2020-06-23,"Prince William",0-9,299,7,0
2020-06-23,"Prince William",19-Oct,691,8,0
2020-06-23,"Prince William",20-29,1542,47,0
2020-06-23,"Prince William",30-39,1644,90,2
2020-06-23,"Prince William",40-49,1859,136,6
2020-06-23,"Prince William",50-59,1363,177,14
2020-06-23,"Prince William",60-69,719,154,33
2020-06-23,"Prince William",70-79,276,75,38
2020-06-23,"Prince William",80+,219,73,62
2020-06-23,"Prince William",Missing,133,2,0
2020-06-23,Rappahannock,0-9,101,1,0
2020-06-23,Rappahannock,19-Oct,203,2,0
2020-06-23,Rappahannock,20-29,390,11,0
2020-06-23,Rappahannock,30-39,452,21,0
2020-06-23,Rappahannock,40-49,414,36,2
2020-06-23,Rappahannock,50-59,353,43,4
2020-06-23,Rappahannock,60-69,200,43,5
2020-06-23,Rappahannock,70-79,94,26,14
2020-06-23,Rappahannock,80+,83,27,13
2020-06-23,Rappahannock,Missing,17,0,0
2020-06-23,"Rappahannock Rapidan",0-9,72,1,0
2020-06-23,"Rappahannock Rapidan",19-Oct,128,3,0
2020-06-23,"Rappahannock Rapidan",20-29,267,4,0
2020-06-23,"Rappahannock Rapidan",30-39,290,15,1
2020-06-23,"Rappahannock Rapidan",40-49,286,19,2
2020-06-23,"Rappahannock Rapidan",50-59,201,22,2
2020-06-23,"Rappahannock Rapidan",60-69,109,16,2
2020-06-23,"Rappahannock Rapidan",70-79,37,12,7
2020-06-23,"Rappahannock Rapidan",80+,20,12,4
2020-06-23,"Rappahannock Rapidan",Missing,7,0,0
2020-06-23,Richmond,0-9,81,4,0
2020-06-23,Richmond,19-Oct,167,2,0
2020-06-23,Richmond,20-29,408,13,0
2020-06-23,Richmond,30-39,445,23,0
2020-06-23,Richmond,40-49,347,26,1
2020-06-23,Richmond,50-59,266,39,1
2020-06-23,Richmond,60-69,187,43,6
2020-06-23,Richmond,70-79,74,34,12
2020-06-23,Richmond,80+,39,16,10
2020-06-23,Richmond,Missing,17,0,0
2020-06-23,Roanoke,0-9,10,0,0
2020-06-23,Roanoke,19-Oct,28,0,0
2020-06-23,Roanoke,20-29,70,2,0
2020-06-23,Roanoke,30-39,71,0,0
2020-06-23,Roanoke,40-49,49,1,0
2020-06-23,Roanoke,50-59,36,1,0
2020-06-23,Roanoke,60-69,28,3,0
2020-06-23,Roanoke,70-79,10,3,0
2020-06-23,Roanoke,80+,38,3,10
2020-06-23,Roanoke,Missing,3,0,0
2020-06-23,Southside,0-9,3,0,0
2020-06-23,Southside,19-Oct,5,0,0
2020-06-23,Southside,20-29,39,2,0
2020-06-23,Southside,30-39,42,0,0
2020-06-23,Southside,40-49,43,5,0
2020-06-23,Southside,50-59,54,7,0
2020-06-23,Southside,60-69,53,12,3
2020-06-23,Southside,70-79,53,9,11
2020-06-23,Southside,80+,78,12,12
2020-06-23,Southside,Missing,0,0,0
2020-06-23,"Thomas Jefferson",0-9,33,1,0
2020-06-23,"Thomas Jefferson",19-Oct,48,1,0
2020-06-23,"Thomas Jefferson",20-29,131,1,0
2020-06-23,"Thomas Jefferson",30-39,163,5,0
2020-06-23,"Thomas Jefferson",40-49,138,5,0
2020-06-23,"Thomas Jefferson",50-59,101,9,1
2020-06-23,"Thomas Jefferson",60-69,73,17,2
2020-06-23,"Thomas Jefferson",70-79,58,19,2
2020-06-23,"Thomas Jefferson",80+,73,23,14
2020-06-23,"Thomas Jefferson",Missing,1,0,0
2020-06-23,"Three Rivers",0-9,9,1,0
2020-06-23,"Three Rivers",19-Oct,22,0,0
2020-06-23,"Three Rivers",20-29,107,4,0
2020-06-23,"Three Rivers",30-39,137,3,1
2020-06-23,"Three Rivers",40-49,135,11,2
2020-06-23,"Three Rivers",50-59,85,7,0
2020-06-23,"Three Rivers",60-69,68,10,0
2020-06-23,"Three Rivers",70-79,33,8,6
2020-06-23,"Three Rivers",80+,29,5,3
2020-06-23,"Three Rivers",Missing,1,0,0
2020-06-23,"Virginia Beach",0-9,20,0,0
2020-06-23,"Virginia Beach",19-Oct,48,0,0
2020-06-23,"Virginia Beach",20-29,213,3,0
2020-06-23,"Virginia Beach",30-39,147,11,0
2020-06-23,"Virginia Beach",40-49,152,19,1
2020-06-23,"Virginia Beach",50-59,134,13,0
2020-06-23,"Virginia Beach",60-69,130,16,1
2020-06-23,"Virginia Beach",70-79,67,26,7
2020-06-23,"Virginia Beach",80+,84,28,18
2020-06-23,"Virginia Beach",Missing,25,0,0
2020-06-23,"West Piedmont",0-9,9,0,0
2020-06-23,"West Piedmont",19-Oct,34,0,0
2020-06-23,"West Piedmont",20-29,50,1,0
2020-06-23,"West Piedmont",30-39,59,1,0
2020-06-23,"West Piedmont",40-49,67,7,2
2020-06-23,"West Piedmont",50-59,84,10,1
2020-06-23,"West Piedmont",60-69,43,5,0
2020-06-23,"West Piedmont",70-79,22,6,3
2020-06-23,"West Piedmont",80+,13,6,0
2020-06-23,"West Piedmont",Missing,0,0,0
2020-06-23,"Western Tidewater",0-9,6,0,0
2020-06-23,"Western Tidewater",19-Oct,15,0,0
2020-06-23,"Western Tidewater",20-29,62,2,0
2020-06-23,"Western Tidewater",30-39,104,6,0
2020-06-23,"Western Tidewater",40-49,93,5,1
2020-06-23,"Western Tidewater",50-59,132,12,2
2020-06-23,"Western Tidewater",60-69,118,13,6
2020-06-23,"Western Tidewater",70-79,82,20,16
2020-06-23,"Western Tidewater",80+,128,22,21
2020-06-23,"Western Tidewater",Missing,5,0,0
2020-06-24,Alexandria,0-9,124,2,0
2020-06-24,Alexandria,19-Oct,159,3,0
2020-06-24,Alexandria,20-29,345,7,1
2020-06-24,Alexandria,30-39,529,28,0
2020-06-24,Alexandria,40-49,415,35,0
2020-06-24,Alexandria,50-59,295,47,9
2020-06-24,Alexandria,60-69,192,44,2
2020-06-24,Alexandria,70-79,101,37,16
2020-06-24,Alexandria,80+,87,28,22
2020-06-24,Alexandria,Missing,11,0,0
2020-06-24,Alleghany,0-9,8,0,0
2020-06-24,Alleghany,19-Oct,38,0,0
2020-06-24,Alleghany,20-29,75,1,0
2020-06-24,Alleghany,30-39,37,2,0
2020-06-24,Alleghany,40-49,52,1,0
2020-06-24,Alleghany,50-59,57,5,1
2020-06-24,Alleghany,60-69,37,7,1
2020-06-24,Alleghany,70-79,31,7,7
2020-06-24,Alleghany,80+,24,8,5
2020-06-24,Alleghany,Missing,1,0,0
2020-06-24,Arlington,0-9,43,2,0
2020-06-24,Arlington,19-Oct,91,5,0
2020-06-24,Arlington,20-29,410,20,0
2020-06-24,Arlington,30-39,441,42,0
2020-06-24,Arlington,40-49,416,46,4
2020-06-24,Arlington,50-59,374,66,6
2020-06-24,Arlington,60-69,277,77,19
2020-06-24,Arlington,70-79,172,72,32
2020-06-24,Arlington,80+,204,84,65
2020-06-24,Arlington,Missing,10,1,0
2020-06-24,"Central Shenandoah",0-9,51,0,0
2020-06-24,"Central Shenandoah",19-Oct,103,1,0
2020-06-24,"Central Shenandoah",20-29,364,6,0
2020-06-24,"Central Shenandoah",30-39,296,6,0
2020-06-24,"Central Shenandoah",40-49,313,12,0
2020-06-24,"Central Shenandoah",50-59,345,31,2
2020-06-24,"Central Shenandoah",60-69,244,40,8
2020-06-24,"Central Shenandoah",70-79,116,38,12
2020-06-24,"Central Shenandoah",80+,92,21,12
2020-06-24,"Central Shenandoah",Missing,0,0,0
2020-06-24,"Central Virginia",0-9,7,0,0
2020-06-24,"Central Virginia",19-Oct,22,1,0
2020-06-24,"Central Virginia",20-29,64,2,0
2020-06-24,"Central Virginia",30-39,50,1,0
2020-06-24,"Central Virginia",40-49,48,0,0
2020-06-24,"Central Virginia",50-59,50,2,1
2020-06-24,"Central Virginia",60-69,41,4,2
2020-06-24,"Central Virginia",70-79,20,4,2
2020-06-24,"Central Virginia",80+,16,2,0
2020-06-24,"Central Virginia",Missing,1,0,0
2020-06-24,Chesapeake,0-9,22,1,0
2020-06-24,Chesapeake,19-Oct,40,1,0
2020-06-24,Chesapeake,20-29,117,3,0
2020-06-24,Chesapeake,30-39,148,8,0
2020-06-24,Chesapeake,40-49,128,19,0
2020-06-24,Chesapeake,50-59,124,19,1
2020-06-24,Chesapeake,60-69,101,24,4
2020-06-24,Chesapeake,70-79,58,25,2
2020-06-24,Chesapeake,80+,44,15,9
2020-06-24,Chesapeake,Missing,10,1,0
2020-06-24,Chesterfield,0-9,102,0,0
2020-06-24,Chesterfield,19-Oct,270,0,0
2020-06-24,Chesterfield,20-29,465,5,0
2020-06-24,Chesterfield,30-39,575,4,0
2020-06-24,Chesterfield,40-49,516,15,2
2020-06-24,Chesterfield,50-59,411,29,4
2020-06-24,Chesterfield,60-69,263,32,9
2020-06-24,Chesterfield,70-79,120,21,14
2020-06-24,Chesterfield,80+,131,26,39
2020-06-24,Chesterfield,Missing,67,0,0
2020-06-24,Chickahominy,0-9,12,0,0
2020-06-24,Chickahominy,19-Oct,32,0,0
2020-06-24,Chickahominy,20-29,79,0,0
2020-06-24,Chickahominy,30-39,82,2,0
2020-06-24,Chickahominy,40-49,80,11,1
2020-06-24,Chickahominy,50-59,112,22,2
2020-06-24,Chickahominy,60-69,73,18,6
2020-06-24,Chickahominy,70-79,54,20,6
2020-06-24,Chickahominy,80+,82,32,21
2020-06-24,Chickahominy,Missing,12,0,0
2020-06-24,Crater,0-9,20,1,0
2020-06-24,Crater,19-Oct,44,0,0
2020-06-24,Crater,20-29,211,7,0
2020-06-24,Crater,30-39,244,3,0
2020-06-24,Crater,40-49,202,13,1
2020-06-24,Crater,50-59,245,28,2
2020-06-24,Crater,60-69,207,38,10
2020-06-24,Crater,70-79,126,27,6
2020-06-24,Crater,80+,91,16,2
2020-06-24,Crater,Missing,7,0,0
2020-06-24,"Cumberland Plateau",0-9,0,0,0
2020-06-24,"Cumberland Plateau",19-Oct,13,0,0
2020-06-24,"Cumberland Plateau",20-29,2,0,0
2020-06-24,"Cumberland Plateau",30-39,5,0,0
2020-06-24,"Cumberland Plateau",40-49,7,0,0
2020-06-24,"Cumberland Plateau",50-59,5,1,0
2020-06-24,"Cumberland Plateau",60-69,5,1,0
2020-06-24,"Cumberland Plateau",70-79,2,0,0
2020-06-24,"Cumberland Plateau",80+,0,0,0
2020-06-24,"Cumberland Plateau",Missing,0,0,0
2020-06-24,"Eastern Shore",0-9,18,1,0
2020-06-24,"Eastern Shore",19-Oct,57,1,0
2020-06-24,"Eastern Shore",20-29,197,6,0
2020-06-24,"Eastern Shore",30-39,234,8,0
2020-06-24,"Eastern Shore",40-49,245,10,2
2020-06-24,"Eastern Shore",50-59,276,18,5
2020-06-24,"Eastern Shore",60-69,174,27,8
2020-06-24,"Eastern Shore",70-79,47,15,9
2020-06-24,"Eastern Shore",80+,50,21,18
2020-06-24,"Eastern Shore",Missing,6,0,0
2020-06-24,Fairfax,0-9,444,18,0
2020-06-24,Fairfax,19-Oct,766,23,0
2020-06-24,Fairfax,20-29,2118,68,2
2020-06-24,Fairfax,30-39,2646,158,4
2020-06-24,Fairfax,40-49,2580,234,9
2020-06-24,Fairfax,50-59,2168,281,29
2020-06-24,Fairfax,60-69,1404,298,52
2020-06-24,Fairfax,70-79,654,228,97
2020-06-24,Fairfax,80+,785,286,271
2020-06-24,Fairfax,Missing,149,3,0
2020-06-24,Hampton,0-9,10,0,0
2020-06-24,Hampton,19-Oct,14,0,0
2020-06-24,Hampton,20-29,56,2,0
2020-06-24,Hampton,30-39,45,3,0
2020-06-24,Hampton,40-49,44,3,0
2020-06-24,Hampton,50-59,44,9,1
2020-06-24,Hampton,60-69,36,11,2
2020-06-24,Hampton,70-79,17,7,0
2020-06-24,Hampton,80+,5,3,2
2020-06-24,Hampton,Missing,5,0,0
2020-06-24,Henrico,0-9,101,1,0
2020-06-24,Henrico,19-Oct,131,3,0
2020-06-24,Henrico,20-29,329,14,0
2020-06-24,Henrico,30-39,420,13,0
2020-06-24,Henrico,40-49,360,24,1
2020-06-24,Henrico,50-59,303,32,8
2020-06-24,Henrico,60-69,276,44,26
2020-06-24,Henrico,70-79,202,43,34
2020-06-24,Henrico,80+,307,65,68
2020-06-24,Henrico,Missing,34,1,1
2020-06-24,Lenowisco,0-9,3,0,0
2020-06-24,Lenowisco,19-Oct,3,0,0
2020-06-24,Lenowisco,20-29,7,0,0
2020-06-24,Lenowisco,30-39,5,1,1
2020-06-24,Lenowisco,40-49,7,2,0
2020-06-24,Lenowisco,50-59,14,5,0
2020-06-24,Lenowisco,60-69,5,4,2
2020-06-24,Lenowisco,70-79,5,4,1
2020-06-24,Lenowisco,80+,0,0,0
2020-06-24,Lenowisco,Missing,0,0,0
2020-06-24,"Lord Fairfax",0-9,55,1,0
2020-06-24,"Lord Fairfax",19-Oct,123,1,0
2020-06-24,"Lord Fairfax",20-29,323,4,0
2020-06-24,"Lord Fairfax",30-39,317,11,1
2020-06-24,"Lord Fairfax",40-49,297,16,1
2020-06-24,"Lord Fairfax",50-59,311,22,2
2020-06-24,"Lord Fairfax",60-69,210,41,10
2020-06-24,"Lord Fairfax",70-79,120,33,14
2020-06-24,"Lord Fairfax",80+,128,31,34
2020-06-24,"Lord Fairfax",Missing,2,0,0
2020-06-24,Loudoun,0-9,138,3,0
2020-06-24,Loudoun,19-Oct,270,0,0
2020-06-24,Loudoun,20-29,620,6,0
2020-06-24,Loudoun,30-39,681,23,0
2020-06-24,Loudoun,40-49,761,45,1
2020-06-24,Loudoun,50-59,593,47,1
2020-06-24,Loudoun,60-69,240,45,4
2020-06-24,Loudoun,70-79,136,40,14
2020-06-24,Loudoun,80+,185,49,63
2020-06-24,Loudoun,Missing,59,0,1
2020-06-24,"Mount Rogers",0-9,32,1,0
2020-06-24,"Mount Rogers",19-Oct,49,0,0
2020-06-24,"Mount Rogers",20-29,100,0,0
2020-06-24,"Mount Rogers",30-39,95,4,0
2020-06-24,"Mount Rogers",40-49,93,1,1
2020-06-24,"Mount Rogers",50-59,82,5,1
2020-06-24,"Mount Rogers",60-69,77,7,0
2020-06-24,"Mount Rogers",70-79,57,24,9
2020-06-24,"Mount Rogers",80+,70,24,16
2020-06-24,"Mount Rogers",Missing,1,0,0
2020-06-24,"New River",0-9,3,0,0
2020-06-24,"New River",19-Oct,10,0,0
2020-06-24,"New River",20-29,45,0,0
2020-06-24,"New River",30-39,23,1,0
2020-06-24,"New River",40-49,28,1,0
2020-06-24,"New River",50-59,29,4,0
2020-06-24,"New River",60-69,23,3,0
2020-06-24,"New River",70-79,15,8,3
2020-06-24,"New River",80+,12,4,1
2020-06-24,"New River",Missing,0,0,0
2020-06-24,Norfolk,0-9,23,0,0
2020-06-24,Norfolk,19-Oct,46,1,0
2020-06-24,Norfolk,20-29,202,2,0
2020-06-24,Norfolk,30-39,144,10,0
2020-06-24,Norfolk,40-49,114,12,0
2020-06-24,Norfolk,50-59,114,18,0
2020-06-24,Norfolk,60-69,75,24,1
2020-06-24,Norfolk,70-79,29,18,3
2020-06-24,Norfolk,80+,17,7,3
2020-06-24,Norfolk,Missing,7,1,0
2020-06-24,Peninsula,0-9,33,0,0
2020-06-24,Peninsula,19-Oct,46,1,0
2020-06-24,Peninsula,20-29,159,1,0
2020-06-24,Peninsula,30-39,144,7,1
2020-06-24,Peninsula,40-49,116,7,1
2020-06-24,Peninsula,50-59,128,18,2
2020-06-24,Peninsula,60-69,119,28,3
2020-06-24,Peninsula,70-79,84,38,11
2020-06-24,Peninsula,80+,50,24,15
2020-06-24,Peninsula,Missing,7,0,0
2020-06-24,Piedmont,0-9,20,0,0
2020-06-24,Piedmont,19-Oct,31,0,0
2020-06-24,Piedmont,20-29,150,2,0
2020-06-24,Piedmont,30-39,186,2,0
2020-06-24,Piedmont,40-49,182,8,0
2020-06-24,Piedmont,50-59,177,19,0
2020-06-24,Piedmont,60-69,132,19,2
2020-06-24,Piedmont,70-79,63,17,2
2020-06-24,Piedmont,80+,47,14,6
2020-06-24,Piedmont,Missing,1,0,0
2020-06-24,Pittsylvania-Danville,0-9,3,0,0
2020-06-24,Pittsylvania-Danville,19-Oct,7,0,0
2020-06-24,Pittsylvania-Danville,20-29,16,0,0
2020-06-24,Pittsylvania-Danville,30-39,20,1,0
2020-06-24,Pittsylvania-Danville,40-49,39,5,0
2020-06-24,Pittsylvania-Danville,50-59,32,9,0
2020-06-24,Pittsylvania-Danville,60-69,21,7,1
2020-06-24,Pittsylvania-Danville,70-79,20,9,0
2020-06-24,Pittsylvania-Danville,80+,3,2,2
2020-06-24,Pittsylvania-Danville,Missing,0,0,0
2020-06-24,Portsmouth,0-9,9,1,0
2020-06-24,Portsmouth,19-Oct,13,0,0
2020-06-24,Portsmouth,20-29,82,5,0
2020-06-24,Portsmouth,30-39,89,4,0
2020-06-24,Portsmouth,40-49,58,6,0
2020-06-24,Portsmouth,50-59,70,18,2
2020-06-24,Portsmouth,60-69,49,14,5
2020-06-24,Portsmouth,70-79,29,11,5
2020-06-24,Portsmouth,80+,20,7,4
2020-06-24,Portsmouth,Missing,7,0,0
2020-06-24,"Prince William",0-9,301,7,0
2020-06-24,"Prince William",19-Oct,702,8,0
2020-06-24,"Prince William",20-29,1554,47,0
2020-06-24,"Prince William",30-39,1659,90,2
2020-06-24,"Prince William",40-49,1873,137,6
2020-06-24,"Prince William",50-59,1377,178,14
2020-06-24,"Prince William",60-69,723,155,34
2020-06-24,"Prince William",70-79,277,75,38
2020-06-24,"Prince William",80+,223,73,63
2020-06-24,"Prince William",Missing,135,2,0
2020-06-24,Rappahannock,0-9,102,1,0
2020-06-24,Rappahannock,19-Oct,205,2,0
2020-06-24,Rappahannock,20-29,397,11,0
2020-06-24,Rappahannock,30-39,456,21,0
2020-06-24,Rappahannock,40-49,418,36,2
2020-06-24,Rappahannock,50-59,356,43,4
2020-06-24,Rappahannock,60-69,200,43,5
2020-06-24,Rappahannock,70-79,94,26,14
2020-06-24,Rappahannock,80+,83,27,14
2020-06-24,Rappahannock,Missing,18,0,0
2020-06-24,"Rappahannock Rapidan",0-9,72,1,0
2020-06-24,"Rappahannock Rapidan",19-Oct,129,3,0
2020-06-24,"Rappahannock Rapidan",20-29,267,4,0
2020-06-24,"Rappahannock Rapidan",30-39,292,16,1
2020-06-24,"Rappahannock Rapidan",40-49,287,19,2
2020-06-24,"Rappahannock Rapidan",50-59,202,23,2
2020-06-24,"Rappahannock Rapidan",60-69,110,16,2
2020-06-24,"Rappahannock Rapidan",70-79,37,12,7
2020-06-24,"Rappahannock Rapidan",80+,20,12,4
2020-06-24,"Rappahannock Rapidan",Missing,7,0,0
2020-06-24,Richmond,0-9,88,4,0
2020-06-24,Richmond,19-Oct,170,2,0
2020-06-24,Richmond,20-29,418,13,0
2020-06-24,Richmond,30-39,449,23,1
2020-06-24,Richmond,40-49,362,26,1
2020-06-24,Richmond,50-59,270,41,1
2020-06-24,Richmond,60-69,185,43,6
2020-06-24,Richmond,70-79,75,34,12
2020-06-24,Richmond,80+,37,17,10
2020-06-24,Richmond,Missing,17,0,0
2020-06-24,Roanoke,0-9,10,0,0
2020-06-24,Roanoke,19-Oct,30,0,0
2020-06-24,Roanoke,20-29,74,3,0
2020-06-24,Roanoke,30-39,75,0,0
2020-06-24,Roanoke,40-49,53,1,0
2020-06-24,Roanoke,50-59,37,1,0
2020-06-24,Roanoke,60-69,28,3,0
2020-06-24,Roanoke,70-79,11,3,0
2020-06-24,Roanoke,80+,38,3,10
2020-06-24,Roanoke,Missing,3,0,0
2020-06-24,Southside,0-9,3,0,0
2020-06-24,Southside,19-Oct,5,0,0
2020-06-24,Southside,20-29,38,2,0
2020-06-24,Southside,30-39,42,0,0
2020-06-24,Southside,40-49,45,5,0
2020-06-24,Southside,50-59,54,7,0
2020-06-24,Southside,60-69,53,12,4
2020-06-24,Southside,70-79,53,9,12
2020-06-24,Southside,80+,78,12,12
2020-06-24,Southside,Missing,0,0,0
2020-06-24,"Thomas Jefferson",0-9,34,1,0
2020-06-24,"Thomas Jefferson",19-Oct,51,1,0
2020-06-24,"Thomas Jefferson",20-29,131,1,0
2020-06-24,"Thomas Jefferson",30-39,166,5,0
2020-06-24,"Thomas Jefferson",40-49,140,7,0
2020-06-24,"Thomas Jefferson",50-59,103,9,1
2020-06-24,"Thomas Jefferson",60-69,75,17,2
2020-06-24,"Thomas Jefferson",70-79,57,19,2
2020-06-24,"Thomas Jefferson",80+,74,23,14
2020-06-24,"Thomas Jefferson",Missing,1,0,0
2020-06-24,"Three Rivers",0-9,9,1,0
2020-06-24,"Three Rivers",19-Oct,21,0,0
2020-06-24,"Three Rivers",20-29,105,4,0
2020-06-24,"Three Rivers",30-39,131,3,0
2020-06-24,"Three Rivers",40-49,126,11,2
2020-06-24,"Three Rivers",50-59,83,7,0
2020-06-24,"Three Rivers",60-69,67,10,0
2020-06-24,"Three Rivers",70-79,32,7,5
2020-06-24,"Three Rivers",80+,32,5,3
2020-06-24,"Three Rivers",Missing,1,0,0
2020-06-24,"Virginia Beach",0-9,21,0,0
2020-06-24,"Virginia Beach",19-Oct,50,0,0
2020-06-24,"Virginia Beach",20-29,220,4,0
2020-06-24,"Virginia Beach",30-39,148,11,0
2020-06-24,"Virginia Beach",40-49,153,19,1
2020-06-24,"Virginia Beach",50-59,137,13,0
2020-06-24,"Virginia Beach",60-69,133,17,1
2020-06-24,"Virginia Beach",70-79,67,26,7
2020-06-24,"Virginia Beach",80+,84,28,18
2020-06-24,"Virginia Beach",Missing,25,0,0
2020-06-24,"West Piedmont",0-9,13,1,0
2020-06-24,"West Piedmont",19-Oct,35,0,0
2020-06-24,"West Piedmont",20-29,50,1,0
2020-06-24,"West Piedmont",30-39,60,1,0
2020-06-24,"West Piedmont",40-49,69,7,2
2020-06-24,"West Piedmont",50-59,85,10,1
2020-06-24,"West Piedmont",60-69,43,5,0
2020-06-24,"West Piedmont",70-79,24,7,3
2020-06-24,"West Piedmont",80+,13,6,1
2020-06-24,"West Piedmont",Missing,0,0,0
2020-06-24,"Western Tidewater",0-9,6,0,0
2020-06-24,"Western Tidewater",19-Oct,15,0,0
2020-06-24,"Western Tidewater",20-29,65,2,0
2020-06-24,"Western Tidewater",30-39,104,6,0
2020-06-24,"Western Tidewater",40-49,94,5,1
2020-06-24,"Western Tidewater",50-59,133,12,2
2020-06-24,"Western Tidewater",60-69,119,13,6
2020-06-24,"Western Tidewater",70-79,82,20,16
2020-06-24,"Western Tidewater",80+,128,22,21
2020-06-24,"Western Tidewater",Missing,5,0,0
2020-06-25,Alexandria,0-9,125,2,0
2020-06-25,Alexandria,19-Oct,162,3,0
2020-06-25,Alexandria,20-29,349,7,1
2020-06-25,Alexandria,30-39,529,28,0
2020-06-25,Alexandria,40-49,418,35,0
2020-06-25,Alexandria,50-59,296,47,9
2020-06-25,Alexandria,60-69,194,44,2
2020-06-25,Alexandria,70-79,100,37,16
2020-06-25,Alexandria,80+,87,28,22
2020-06-25,Alexandria,Missing,11,0,0
2020-06-25,Alleghany,0-9,8,0,0
2020-06-25,Alleghany,19-Oct,38,0,0
2020-06-25,Alleghany,20-29,75,1,0
2020-06-25,Alleghany,30-39,37,2,0
2020-06-25,Alleghany,40-49,51,1,0
2020-06-25,Alleghany,50-59,57,5,1
2020-06-25,Alleghany,60-69,37,7,1
2020-06-25,Alleghany,70-79,31,7,7
2020-06-25,Alleghany,80+,24,8,5
2020-06-25,Alleghany,Missing,1,0,0
2020-06-25,Arlington,0-9,43,2,0
2020-06-25,Arlington,19-Oct,91,5,0
2020-06-25,Arlington,20-29,414,20,0
2020-06-25,Arlington,30-39,440,42,0
2020-06-25,Arlington,40-49,418,47,4
2020-06-25,Arlington,50-59,375,66,6
2020-06-25,Arlington,60-69,278,77,19
2020-06-25,Arlington,70-79,172,72,32
2020-06-25,Arlington,80+,204,84,66
2020-06-25,Arlington,Missing,10,1,0
2020-06-25,"Central Shenandoah",0-9,52,0,0
2020-06-25,"Central Shenandoah",19-Oct,105,1,0
2020-06-25,"Central Shenandoah",20-29,366,6,0
2020-06-25,"Central Shenandoah",30-39,299,6,0
2020-06-25,"Central Shenandoah",40-49,317,12,0
2020-06-25,"Central Shenandoah",50-59,354,31,2
2020-06-25,"Central Shenandoah",60-69,248,40,8
2020-06-25,"Central Shenandoah",70-79,116,38,12
2020-06-25,"Central Shenandoah",80+,94,21,12
2020-06-25,"Central Shenandoah",Missing,0,0,0
2020-06-25,"Central Virginia",0-9,7,0,0
2020-06-25,"Central Virginia",19-Oct,29,1,0
2020-06-25,"Central Virginia",20-29,68,2,0
2020-06-25,"Central Virginia",30-39,50,1,0
2020-06-25,"Central Virginia",40-49,48,0,0
2020-06-25,"Central Virginia",50-59,50,2,1
2020-06-25,"Central Virginia",60-69,41,4,2
2020-06-25,"Central Virginia",70-79,21,4,2
2020-06-25,"Central Virginia",80+,16,2,0
2020-06-25,"Central Virginia",Missing,1,0,0
2020-06-25,Chesapeake,0-9,22,1,0
2020-06-25,Chesapeake,19-Oct,40,1,0
2020-06-25,Chesapeake,20-29,119,3,0
2020-06-25,Chesapeake,30-39,151,8,0
2020-06-25,Chesapeake,40-49,128,19,0
2020-06-25,Chesapeake,50-59,124,19,1
2020-06-25,Chesapeake,60-69,103,24,4
2020-06-25,Chesapeake,70-79,59,25,2
2020-06-25,Chesapeake,80+,44,15,9
2020-06-25,Chesapeake,Missing,10,1,0
2020-06-25,Chesterfield,0-9,102,0,0
2020-06-25,Chesterfield,19-Oct,274,0,0
2020-06-25,Chesterfield,20-29,469,5,0
2020-06-25,Chesterfield,30-39,579,4,0
2020-06-25,Chesterfield,40-49,526,15,2
2020-06-25,Chesterfield,50-59,414,30,4
2020-06-25,Chesterfield,60-69,266,32,9
2020-06-25,Chesterfield,70-79,122,21,14
2020-06-25,Chesterfield,80+,131,26,39
2020-06-25,Chesterfield,Missing,68,0,0
2020-06-25,Chickahominy,0-9,12,0,0
2020-06-25,Chickahominy,19-Oct,32,0,0
2020-06-25,Chickahominy,20-29,79,0,0
2020-06-25,Chickahominy,30-39,83,2,0
2020-06-25,Chickahominy,40-49,81,11,1
2020-06-25,Chickahominy,50-59,112,21,1
2020-06-25,Chickahominy,60-69,73,18,6
2020-06-25,Chickahominy,70-79,54,20,6
2020-06-25,Chickahominy,80+,83,32,21
2020-06-25,Chickahominy,Missing,12,0,0
2020-06-25,Crater,0-9,20,1,0
2020-06-25,Crater,19-Oct,47,0,0
2020-06-25,Crater,20-29,213,7,0
2020-06-25,Crater,30-39,246,3,0
2020-06-25,Crater,40-49,202,14,1
2020-06-25,Crater,50-59,247,28,2
2020-06-25,Crater,60-69,207,40,10
2020-06-25,Crater,70-79,128,27,6
2020-06-25,Crater,80+,91,16,2
2020-06-25,Crater,Missing,7,0,0
2020-06-25,"Cumberland Plateau",0-9,0,0,0
2020-06-25,"Cumberland Plateau",19-Oct,14,0,0
2020-06-25,"Cumberland Plateau",20-29,2,0,0
2020-06-25,"Cumberland Plateau",30-39,5,0,0
2020-06-25,"Cumberland Plateau",40-49,8,0,0
2020-06-25,"Cumberland Plateau",50-59,5,1,0
2020-06-25,"Cumberland Plateau",60-69,5,1,0
2020-06-25,"Cumberland Plateau",70-79,2,0,0
2020-06-25,"Cumberland Plateau",80+,0,0,0
2020-06-25,"Cumberland Plateau",Missing,0,0,0
2020-06-25,"Eastern Shore",0-9,18,1,0
2020-06-25,"Eastern Shore",19-Oct,57,1,0
2020-06-25,"Eastern Shore",20-29,197,6,0
2020-06-25,"Eastern Shore",30-39,234,8,0
2020-06-25,"Eastern Shore",40-49,245,10,2
2020-06-25,"Eastern Shore",50-59,276,18,5
2020-06-25,"Eastern Shore",60-69,176,28,8
2020-06-25,"Eastern Shore",70-79,47,16,9
2020-06-25,"Eastern Shore",80+,50,21,18
2020-06-25,"Eastern Shore",Missing,6,0,0
2020-06-25,Fairfax,0-9,445,18,0
2020-06-25,Fairfax,19-Oct,766,23,0
2020-06-25,Fairfax,20-29,2127,68,2
2020-06-25,Fairfax,30-39,2656,160,4
2020-06-25,Fairfax,40-49,2582,235,9
2020-06-25,Fairfax,50-59,2174,283,30
2020-06-25,Fairfax,60-69,1401,300,54
2020-06-25,Fairfax,70-79,654,228,97
2020-06-25,Fairfax,80+,782,286,275
2020-06-25,Fairfax,Missing,150,3,0
2020-06-25,Hampton,0-9,10,0,0
2020-06-25,Hampton,19-Oct,14,0,0
2020-06-25,Hampton,20-29,60,2,0
2020-06-25,Hampton,30-39,46,3,0
2020-06-25,Hampton,40-49,43,3,0
2020-06-25,Hampton,50-59,44,9,1
2020-06-25,Hampton,60-69,36,11,2
2020-06-25,Hampton,70-79,18,7,0
2020-06-25,Hampton,80+,5,3,2
2020-06-25,Hampton,Missing,5,0,0
2020-06-25,Henrico,0-9,101,1,0
2020-06-25,Henrico,19-Oct,138,3,0
2020-06-25,Henrico,20-29,336,14,0
2020-06-25,Henrico,30-39,425,13,0
2020-06-25,Henrico,40-49,364,24,1
2020-06-25,Henrico,50-59,306,32,8
2020-06-25,Henrico,60-69,282,45,27
2020-06-25,Henrico,70-79,205,44,34
2020-06-25,Henrico,80+,309,65,69
2020-06-25,Henrico,Missing,34,1,1
2020-06-25,Lenowisco,0-9,3,0,0
2020-06-25,Lenowisco,19-Oct,3,0,0
2020-06-25,Lenowisco,20-29,7,0,0
2020-06-25,Lenowisco,30-39,5,1,1
2020-06-25,Lenowisco,40-49,7,2,0
2020-06-25,Lenowisco,50-59,14,5,0
2020-06-25,Lenowisco,60-69,5,4,2
2020-06-25,Lenowisco,70-79,5,4,1
2020-06-25,Lenowisco,80+,0,0,0
2020-06-25,Lenowisco,Missing,0,0,0
2020-06-25,"Lord Fairfax",0-9,55,1,0
2020-06-25,"Lord Fairfax",19-Oct,124,1,0
2020-06-25,"Lord Fairfax",20-29,325,4,0
2020-06-25,"Lord Fairfax",30-39,321,11,1
2020-06-25,"Lord Fairfax",40-49,299,16,1
2020-06-25,"Lord Fairfax",50-59,312,24,2
2020-06-25,"Lord Fairfax",60-69,210,41,11
2020-06-25,"Lord Fairfax",70-79,122,33,14
2020-06-25,"Lord Fairfax",80+,129,31,34
2020-06-25,"Lord Fairfax",Missing,2,0,0
2020-06-25,Loudoun,0-9,138,3,0
2020-06-25,Loudoun,19-Oct,284,0,0
2020-06-25,Loudoun,20-29,627,6,0
2020-06-25,Loudoun,30-39,691,23,0
2020-06-25,Loudoun,40-49,769,45,1
2020-06-25,Loudoun,50-59,604,48,1
2020-06-25,Loudoun,60-69,243,46,4
2020-06-25,Loudoun,70-79,137,40,14
2020-06-25,Loudoun,80+,187,50,64
2020-06-25,Loudoun,Missing,59,0,1
2020-06-25,"Mount Rogers",0-9,33,1,0
2020-06-25,"Mount Rogers",19-Oct,49,0,0
2020-06-25,"Mount Rogers",20-29,101,0,0
2020-06-25,"Mount Rogers",30-39,98,4,0
2020-06-25,"Mount Rogers",40-49,94,3,1
2020-06-25,"Mount Rogers",50-59,85,5,1
2020-06-25,"Mount Rogers",60-69,78,7,0
2020-06-25,"Mount Rogers",70-79,57,24,9
2020-06-25,"Mount Rogers",80+,72,24,16
2020-06-25,"Mount Rogers",Missing,1,0,0
2020-06-25,"New River",0-9,3,0,0
2020-06-25,"New River",19-Oct,10,0,0
2020-06-25,"New River",20-29,45,0,0
2020-06-25,"New River",30-39,22,1,0
2020-06-25,"New River",40-49,28,1,0
2020-06-25,"New River",50-59,29,4,0
2020-06-25,"New River",60-69,24,4,0
2020-06-25,"New River",70-79,15,8,4
2020-06-25,"New River",80+,12,4,1
2020-06-25,"New River",Missing,0,0,0
2020-06-25,Norfolk,0-9,26,1,0
2020-06-25,Norfolk,19-Oct,47,1,0
2020-06-25,Norfolk,20-29,206,2,0
2020-06-25,Norfolk,30-39,148,10,0
2020-06-25,Norfolk,40-49,118,12,0
2020-06-25,Norfolk,50-59,120,18,1
2020-06-25,Norfolk,60-69,76,24,1
2020-06-25,Norfolk,70-79,30,19,3
2020-06-25,Norfolk,80+,17,7,3
2020-06-25,Norfolk,Missing,7,1,0
2020-06-25,Peninsula,0-9,33,0,0
2020-06-25,Peninsula,19-Oct,47,1,0
2020-06-25,Peninsula,20-29,161,1,0
2020-06-25,Peninsula,30-39,143,7,1
2020-06-25,Peninsula,40-49,118,7,1
2020-06-25,Peninsula,50-59,129,19,3
2020-06-25,Peninsula,60-69,119,29,3
2020-06-25,Peninsula,70-79,84,38,11
2020-06-25,Peninsula,80+,50,24,15
2020-06-25,Peninsula,Missing,7,0,0
2020-06-25,Piedmont,0-9,20,0,0
2020-06-25,Piedmont,19-Oct,31,0,0
2020-06-25,Piedmont,20-29,152,2,0
2020-06-25,Piedmont,30-39,186,2,0
2020-06-25,Piedmont,40-49,184,8,0
2020-06-25,Piedmont,50-59,177,19,0
2020-06-25,Piedmont,60-69,132,19,2
2020-06-25,Piedmont,70-79,63,17,2
2020-06-25,Piedmont,80+,47,14,6
2020-06-25,Piedmont,Missing,1,0,0
2020-06-25,Pittsylvania-Danville,0-9,3,0,0
2020-06-25,Pittsylvania-Danville,19-Oct,7,0,0
2020-06-25,Pittsylvania-Danville,20-29,17,0,0
2020-06-25,Pittsylvania-Danville,30-39,20,1,0
2020-06-25,Pittsylvania-Danville,40-49,40,5,0
2020-06-25,Pittsylvania-Danville,50-59,33,9,0
2020-06-25,Pittsylvania-Danville,60-69,22,8,1
2020-06-25,Pittsylvania-Danville,70-79,21,10,0
2020-06-25,Pittsylvania-Danville,80+,5,3,2
2020-06-25,Pittsylvania-Danville,Missing,0,0,0
2020-06-25,Portsmouth,0-9,11,1,0
2020-06-25,Portsmouth,19-Oct,14,0,0
2020-06-25,Portsmouth,20-29,87,5,0
2020-06-25,Portsmouth,30-39,93,4,0
2020-06-25,Portsmouth,40-49,61,6,0
2020-06-25,Portsmouth,50-59,70,18,2
2020-06-25,Portsmouth,60-69,50,15,5
2020-06-25,Portsmouth,70-79,29,11,5
2020-06-25,Portsmouth,80+,21,7,4
2020-06-25,Portsmouth,Missing,6,0,0
2020-06-25,"Prince William",0-9,306,7,0
2020-06-25,"Prince William",19-Oct,707,8,0
2020-06-25,"Prince William",20-29,1559,47,0
2020-06-25,"Prince William",30-39,1659,90,2
2020-06-25,"Prince William",40-49,1881,138,6
2020-06-25,"Prince William",50-59,1379,179,14
2020-06-25,"Prince William",60-69,726,156,34
2020-06-25,"Prince William",70-79,282,77,39
2020-06-25,"Prince William",80+,221,73,63
2020-06-25,"Prince William",Missing,135,2,0
2020-06-25,Rappahannock,0-9,102,1,0
2020-06-25,Rappahannock,19-Oct,207,2,0
2020-06-25,Rappahannock,20-29,400,11,0
2020-06-25,Rappahannock,30-39,462,21,0
2020-06-25,Rappahannock,40-49,418,36,2
2020-06-25,Rappahannock,50-59,358,43,4
2020-06-25,Rappahannock,60-69,201,43,5
2020-06-25,Rappahannock,70-79,94,27,14
2020-06-25,Rappahannock,80+,83,27,14
2020-06-25,Rappahannock,Missing,18,0,0
2020-06-25,"Rappahannock Rapidan",0-9,70,1,0
2020-06-25,"Rappahannock Rapidan",19-Oct,129,3,0
2020-06-25,"Rappahannock Rapidan",20-29,268,4,0
2020-06-25,"Rappahannock Rapidan",30-39,292,16,1
2020-06-25,"Rappahannock Rapidan",40-49,287,19,2
2020-06-25,"Rappahannock Rapidan",50-59,203,23,2
2020-06-25,"Rappahannock Rapidan",60-69,110,16,2
2020-06-25,"Rappahannock Rapidan",70-79,37,12,7
2020-06-25,"Rappahannock Rapidan",80+,20,12,4
2020-06-25,"Rappahannock Rapidan",Missing,7,0,0
2020-06-25,Richmond,0-9,88,4,0
2020-06-25,Richmond,19-Oct,173,2,0
2020-06-25,Richmond,20-29,421,13,0
2020-06-25,Richmond,30-39,454,24,1
2020-06-25,Richmond,40-49,364,26,1
2020-06-25,Richmond,50-59,270,42,1
2020-06-25,Richmond,60-69,188,44,6
2020-06-25,Richmond,70-79,77,34,12
2020-06-25,Richmond,80+,36,17,9
2020-06-25,Richmond,Missing,18,0,0
2020-06-25,Roanoke,0-9,10,0,0
2020-06-25,Roanoke,19-Oct,30,0,0
2020-06-25,Roanoke,20-29,74,3,0
2020-06-25,Roanoke,30-39,75,0,0
2020-06-25,Roanoke,40-49,53,1,0
2020-06-25,Roanoke,50-59,37,1,0
2020-06-25,Roanoke,60-69,28,3,0
2020-06-25,Roanoke,70-79,11,3,0
2020-06-25,Roanoke,80+,38,3,10
2020-06-25,Roanoke,Missing,3,0,0
2020-06-25,Southside,0-9,3,0,0
2020-06-25,Southside,19-Oct,6,0,0
2020-06-25,Southside,20-29,38,2,0
2020-06-25,Southside,30-39,43,0,0
2020-06-25,Southside,40-49,46,5,0
2020-06-25,Southside,50-59,54,7,0
2020-06-25,Southside,60-69,53,11,4
2020-06-25,Southside,70-79,54,9,12
2020-06-25,Southside,80+,78,12,12
2020-06-25,Southside,Missing,0,0,0
2020-06-25,"Thomas Jefferson",0-9,34,1,0
2020-06-25,"Thomas Jefferson",19-Oct,52,1,0
2020-06-25,"Thomas Jefferson",20-29,136,1,0
2020-06-25,"Thomas Jefferson",30-39,173,5,0
2020-06-25,"Thomas Jefferson",40-49,140,7,0
2020-06-25,"Thomas Jefferson",50-59,106,9,1
2020-06-25,"Thomas Jefferson",60-69,78,17,2
2020-06-25,"Thomas Jefferson",70-79,60,19,2
2020-06-25,"Thomas Jefferson",80+,74,23,14
2020-06-25,"Thomas Jefferson",Missing,1,0,0
2020-06-25,"Three Rivers",0-9,9,1,0
2020-06-25,"Three Rivers",19-Oct,22,0,0
2020-06-25,"Three Rivers",20-29,105,4,0
2020-06-25,"Three Rivers",30-39,132,3,0
2020-06-25,"Three Rivers",40-49,126,11,2
2020-06-25,"Three Rivers",50-59,83,7,0
2020-06-25,"Three Rivers",60-69,67,10,0
2020-06-25,"Three Rivers",70-79,32,7,5
2020-06-25,"Three Rivers",80+,32,5,3
2020-06-25,"Three Rivers",Missing,1,0,0
2020-06-25,"Virginia Beach",0-9,21,0,0
2020-06-25,"Virginia Beach",19-Oct,52,0,0
2020-06-25,"Virginia Beach",20-29,224,4,0
2020-06-25,"Virginia Beach",30-39,150,11,0
2020-06-25,"Virginia Beach",40-49,157,19,1
2020-06-25,"Virginia Beach",50-59,138,13,0
2020-06-25,"Virginia Beach",60-69,134,17,1
2020-06-25,"Virginia Beach",70-79,67,26,7
2020-06-25,"Virginia Beach",80+,85,28,18
2020-06-25,"Virginia Beach",Missing,25,0,0
2020-06-25,"West Piedmont",0-9,14,1,0
2020-06-25,"West Piedmont",19-Oct,35,0,0
2020-06-25,"West Piedmont",20-29,50,1,0
2020-06-25,"West Piedmont",30-39,60,1,0
2020-06-25,"West Piedmont",40-49,70,7,2
2020-06-25,"West Piedmont",50-59,86,10,1
2020-06-25,"West Piedmont",60-69,43,5,0
2020-06-25,"West Piedmont",70-79,23,7,3
2020-06-25,"West Piedmont",80+,13,6,1
2020-06-25,"West Piedmont",Missing,0,0,0
2020-06-25,"Western Tidewater",0-9,7,0,0
2020-06-25,"Western Tidewater",19-Oct,15,0,0
2020-06-25,"Western Tidewater",20-29,65,2,0
2020-06-25,"Western Tidewater",30-39,106,6,0
2020-06-25,"Western Tidewater",40-49,94,5,1
2020-06-25,"Western Tidewater",50-59,135,12,2
2020-06-25,"Western Tidewater",60-69,119,13,6
2020-06-25,"Western Tidewater",70-79,84,21,16
2020-06-25,"Western Tidewater",80+,128,22,21
2020-06-25,"Western Tidewater",Missing,5,0,0
2020-06-26,Alexandria,0-9,127,2,0
2020-06-26,Alexandria,19-Oct,163,3,0
2020-06-26,Alexandria,20-29,354,8,1
2020-06-26,Alexandria,30-39,529,30,0
2020-06-26,Alexandria,40-49,424,36,0
2020-06-26,Alexandria,50-59,297,48,10
2020-06-26,Alexandria,60-69,195,44,2
2020-06-26,Alexandria,70-79,100,38,18
2020-06-26,Alexandria,80+,87,28,25
2020-06-26,Alexandria,Missing,11,0,0
2020-06-26,Alleghany,0-9,8,0,0
2020-06-26,Alleghany,19-Oct,38,0,0
2020-06-26,Alleghany,20-29,75,1,0
2020-06-26,Alleghany,30-39,37,2,0
2020-06-26,Alleghany,40-49,51,1,0
2020-06-26,Alleghany,50-59,57,5,1
2020-06-26,Alleghany,60-69,37,7,1
2020-06-26,Alleghany,70-79,31,7,7
2020-06-26,Alleghany,80+,23,8,5
2020-06-26,Alleghany,Missing,1,0,0
2020-06-26,Arlington,0-9,43,2,0
2020-06-26,Arlington,19-Oct,91,5,0
2020-06-26,Arlington,20-29,416,20,0
2020-06-26,Arlington,30-39,441,43,0
2020-06-26,Arlington,40-49,418,47,6
2020-06-26,Arlington,50-59,376,66,6
2020-06-26,Arlington,60-69,278,77,19
2020-06-26,Arlington,70-79,172,72,32
2020-06-26,Arlington,80+,204,84,69
2020-06-26,Arlington,Missing,10,1,0
2020-06-26,"Central Shenandoah",0-9,53,0,0
2020-06-26,"Central Shenandoah",19-Oct,107,1,0
2020-06-26,"Central Shenandoah",20-29,371,7,0
2020-06-26,"Central Shenandoah",30-39,300,6,0
2020-06-26,"Central Shenandoah",40-49,323,13,0
2020-06-26,"Central Shenandoah",50-59,358,31,2
2020-06-26,"Central Shenandoah",60-69,249,42,8
2020-06-26,"Central Shenandoah",70-79,116,38,12
2020-06-26,"Central Shenandoah",80+,96,22,12
2020-06-26,"Central Shenandoah",Missing,0,0,0
2020-06-26,"Central Virginia",0-9,7,0,0
2020-06-26,"Central Virginia",19-Oct,37,1,0
2020-06-26,"Central Virginia",20-29,73,2,0
2020-06-26,"Central Virginia",30-39,53,1,0
2020-06-26,"Central Virginia",40-49,48,0,0
2020-06-26,"Central Virginia",50-59,55,2,1
2020-06-26,"Central Virginia",60-69,42,4,2
2020-06-26,"Central Virginia",70-79,21,4,2
2020-06-26,"Central Virginia",80+,16,2,0
2020-06-26,"Central Virginia",Missing,1,0,0
2020-06-26,Chesapeake,0-9,22,1,0
2020-06-26,Chesapeake,19-Oct,43,1,0
2020-06-26,Chesapeake,20-29,126,3,0
2020-06-26,Chesapeake,30-39,154,8,0
2020-06-26,Chesapeake,40-49,132,19,0
2020-06-26,Chesapeake,50-59,130,19,1
2020-06-26,Chesapeake,60-69,108,27,5
2020-06-26,Chesapeake,70-79,65,26,3
2020-06-26,Chesapeake,80+,56,19,9
2020-06-26,Chesapeake,Missing,10,1,0
2020-06-26,Chesterfield,0-9,108,0,0
2020-06-26,Chesterfield,19-Oct,282,0,0
2020-06-26,Chesterfield,20-29,477,5,0
2020-06-26,Chesterfield,30-39,591,4,0
2020-06-26,Chesterfield,40-49,533,15,2
2020-06-26,Chesterfield,50-59,418,29,4
2020-06-26,Chesterfield,60-69,267,33,9
2020-06-26,Chesterfield,70-79,123,21,14
2020-06-26,Chesterfield,80+,131,27,39
2020-06-26,Chesterfield,Missing,71,0,0
2020-06-26,Chickahominy,0-9,12,0,0
2020-06-26,Chickahominy,19-Oct,34,0,0
2020-06-26,Chickahominy,20-29,80,0,0
2020-06-26,Chickahominy,30-39,84,2,0
2020-06-26,Chickahominy,40-49,82,11,1
2020-06-26,Chickahominy,50-59,113,21,1
2020-06-26,Chickahominy,60-69,73,18,6
2020-06-26,Chickahominy,70-79,54,20,6
2020-06-26,Chickahominy,80+,83,34,21
2020-06-26,Chickahominy,Missing,12,0,0
2020-06-26,Crater,0-9,22,1,0
2020-06-26,Crater,19-Oct,47,0,0
2020-06-26,Crater,20-29,216,7,0
2020-06-26,Crater,30-39,253,4,0
2020-06-26,Crater,40-49,206,14,1
2020-06-26,Crater,50-59,249,29,2
2020-06-26,Crater,60-69,208,41,10
2020-06-26,Crater,70-79,128,28,6
2020-06-26,Crater,80+,91,16,2
2020-06-26,Crater,Missing,7,0,0
2020-06-26,"Cumberland Plateau",0-9,0,0,0
2020-06-26,"Cumberland Plateau",19-Oct,14,0,0
2020-06-26,"Cumberland Plateau",20-29,2,0,0
2020-06-26,"Cumberland Plateau",30-39,5,0,0
2020-06-26,"Cumberland Plateau",40-49,8,0,0
2020-06-26,"Cumberland Plateau",50-59,5,1,0
2020-06-26,"Cumberland Plateau",60-69,5,1,0
2020-06-26,"Cumberland Plateau",70-79,2,0,0
2020-06-26,"Cumberland Plateau",80+,0,0,0
2020-06-26,"Cumberland Plateau",Missing,0,0,0
2020-06-26,"Eastern Shore",0-9,18,1,0
2020-06-26,"Eastern Shore",19-Oct,57,1,0
2020-06-26,"Eastern Shore",20-29,197,6,0
2020-06-26,"Eastern Shore",30-39,234,8,0
2020-06-26,"Eastern Shore",40-49,245,10,2
2020-06-26,"Eastern Shore",50-59,276,19,5
2020-06-26,"Eastern Shore",60-69,176,28,8
2020-06-26,"Eastern Shore",70-79,47,16,9
2020-06-26,"Eastern Shore",80+,50,21,18
2020-06-26,"Eastern Shore",Missing,6,0,0
2020-06-26,Fairfax,0-9,448,18,0
2020-06-26,Fairfax,19-Oct,774,23,0
2020-06-26,Fairfax,20-29,2135,69,2
2020-06-26,Fairfax,30-39,2660,163,4
2020-06-26,Fairfax,40-49,2589,237,9
2020-06-26,Fairfax,50-59,2178,285,31
2020-06-26,Fairfax,60-69,1404,301,54
2020-06-26,Fairfax,70-79,656,229,101
2020-06-26,Fairfax,80+,784,288,276
2020-06-26,Fairfax,Missing,150,3,0
2020-06-26,Hampton,0-9,11,0,0
2020-06-26,Hampton,19-Oct,16,0,0
2020-06-26,Hampton,20-29,63,2,0
2020-06-26,Hampton,30-39,47,3,0
2020-06-26,Hampton,40-49,43,3,0
2020-06-26,Hampton,50-59,45,9,1
2020-06-26,Hampton,60-69,41,11,2
2020-06-26,Hampton,70-79,20,8,0
2020-06-26,Hampton,80+,5,3,2
2020-06-26,Hampton,Missing,5,0,0
2020-06-26,Henrico,0-9,101,1,0
2020-06-26,Henrico,19-Oct,150,3,0
2020-06-26,Henrico,20-29,343,14,0
2020-06-26,Henrico,30-39,437,14,0
2020-06-26,Henrico,40-49,373,25,1
2020-06-26,Henrico,50-59,311,32,8
2020-06-26,Henrico,60-69,283,44,27
2020-06-26,Henrico,70-79,207,45,34
2020-06-26,Henrico,80+,309,65,70
2020-06-26,Henrico,Missing,29,1,1
2020-06-26,Lenowisco,0-9,3,0,0
2020-06-26,Lenowisco,19-Oct,3,0,0
2020-06-26,Lenowisco,20-29,7,0,0
2020-06-26,Lenowisco,30-39,5,1,1
2020-06-26,Lenowisco,40-49,7,2,0
2020-06-26,Lenowisco,50-59,14,5,0
2020-06-26,Lenowisco,60-69,5,4,2
2020-06-26,Lenowisco,70-79,5,4,1
2020-06-26,Lenowisco,80+,0,0,0
2020-06-26,Lenowisco,Missing,0,0,0
2020-06-26,"Lord Fairfax",0-9,55,1,0
2020-06-26,"Lord Fairfax",19-Oct,125,1,0
2020-06-26,"Lord Fairfax",20-29,326,5,0
2020-06-26,"Lord Fairfax",30-39,319,11,1
2020-06-26,"Lord Fairfax",40-49,300,16,1
2020-06-26,"Lord Fairfax",50-59,313,24,2
2020-06-26,"Lord Fairfax",60-69,210,41,11
2020-06-26,"Lord Fairfax",70-79,123,34,14
2020-06-26,"Lord Fairfax",80+,129,31,35
2020-06-26,"Lord Fairfax",Missing,2,0,0
2020-06-26,Loudoun,0-9,146,3,0
2020-06-26,Loudoun,19-Oct,314,0,0
2020-06-26,Loudoun,20-29,629,6,0
2020-06-26,Loudoun,30-39,701,23,0
2020-06-26,Loudoun,40-49,780,45,1
2020-06-26,Loudoun,50-59,608,48,1
2020-06-26,Loudoun,60-69,244,46,4
2020-06-26,Loudoun,70-79,137,40,14
2020-06-26,Loudoun,80+,188,50,65
2020-06-26,Loudoun,Missing,59,0,1
2020-06-26,"Mount Rogers",0-9,33,1,0
2020-06-26,"Mount Rogers",19-Oct,49,0,0
2020-06-26,"Mount Rogers",20-29,103,0,0
2020-06-26,"Mount Rogers",30-39,98,4,0
2020-06-26,"Mount Rogers",40-49,96,3,1
2020-06-26,"Mount Rogers",50-59,85,5,1
2020-06-26,"Mount Rogers",60-69,79,8,0
2020-06-26,"Mount Rogers",70-79,57,25,9
2020-06-26,"Mount Rogers",80+,72,24,16
2020-06-26,"Mount Rogers",Missing,1,0,0
2020-06-26,"New River",0-9,3,0,0
2020-06-26,"New River",19-Oct,12,0,0
2020-06-26,"New River",20-29,47,0,0
2020-06-26,"New River",30-39,23,1,0
2020-06-26,"New River",40-49,29,1,0
2020-06-26,"New River",50-59,29,4,0
2020-06-26,"New River",60-69,24,4,0
2020-06-26,"New River",70-79,16,8,4
2020-06-26,"New River",80+,12,4,1
2020-06-26,"New River",Missing,0,0,0
2020-06-26,Norfolk,0-9,27,1,0
2020-06-26,Norfolk,19-Oct,48,1,0
2020-06-26,Norfolk,20-29,219,2,0
2020-06-26,Norfolk,30-39,153,10,0
2020-06-26,Norfolk,40-49,120,12,0
2020-06-26,Norfolk,50-59,121,18,1
2020-06-26,Norfolk,60-69,77,24,1
2020-06-26,Norfolk,70-79,33,21,3
2020-06-26,Norfolk,80+,17,7,3
2020-06-26,Norfolk,Missing,7,1,0
2020-06-26,Peninsula,0-9,33,0,0
2020-06-26,Peninsula,19-Oct,47,1,0
2020-06-26,Peninsula,20-29,168,1,0
2020-06-26,Peninsula,30-39,147,7,1
2020-06-26,Peninsula,40-49,119,7,1
2020-06-26,Peninsula,50-59,130,19,3
2020-06-26,Peninsula,60-69,119,29,3
2020-06-26,Peninsula,70-79,85,38,11
2020-06-26,Peninsula,80+,50,24,15
2020-06-26,Peninsula,Missing,7,0,0
2020-06-26,Piedmont,0-9,20,0,0
2020-06-26,Piedmont,19-Oct,31,0,0
2020-06-26,Piedmont,20-29,152,2,0
2020-06-26,Piedmont,30-39,187,2,0
2020-06-26,Piedmont,40-49,183,9,0
2020-06-26,Piedmont,50-59,177,19,0
2020-06-26,Piedmont,60-69,131,19,2
2020-06-26,Piedmont,70-79,63,17,2
2020-06-26,Piedmont,80+,47,14,6
2020-06-26,Piedmont,Missing,1,0,0
2020-06-26,Pittsylvania-Danville,0-9,3,0,0
2020-06-26,Pittsylvania-Danville,19-Oct,7,0,0
2020-06-26,Pittsylvania-Danville,20-29,19,0,0
2020-06-26,Pittsylvania-Danville,30-39,23,1,0
2020-06-26,Pittsylvania-Danville,40-49,42,5,0
2020-06-26,Pittsylvania-Danville,50-59,36,10,0
2020-06-26,Pittsylvania-Danville,60-69,23,8,1
2020-06-26,Pittsylvania-Danville,70-79,21,10,0
2020-06-26,Pittsylvania-Danville,80+,5,3,2
2020-06-26,Pittsylvania-Danville,Missing,0,0,0
2020-06-26,Portsmouth,0-9,12,1,0
2020-06-26,Portsmouth,19-Oct,14,0,0
2020-06-26,Portsmouth,20-29,88,5,0
2020-06-26,Portsmouth,30-39,94,4,0
2020-06-26,Portsmouth,40-49,62,6,0
2020-06-26,Portsmouth,50-59,72,18,2
2020-06-26,Portsmouth,60-69,51,15,5
2020-06-26,Portsmouth,70-79,29,11,5
2020-06-26,Portsmouth,80+,20,7,4
2020-06-26,Portsmouth,Missing,7,0,0
2020-06-26,"Prince William",0-9,309,7,0
2020-06-26,"Prince William",19-Oct,719,8,0
2020-06-26,"Prince William",20-29,1566,49,0
2020-06-26,"Prince William",30-39,1669,91,2
2020-06-26,"Prince William",40-49,1891,141,6
2020-06-26,"Prince William",50-59,1381,179,14
2020-06-26,"Prince William",60-69,729,157,34
2020-06-26,"Prince William",70-79,282,77,39
2020-06-26,"Prince William",80+,223,74,64
2020-06-26,"Prince William",Missing,136,2,0
2020-06-26,Rappahannock,0-9,103,1,0
2020-06-26,Rappahannock,19-Oct,212,2,0
2020-06-26,Rappahannock,20-29,404,11,0
2020-06-26,Rappahannock,30-39,471,21,0
2020-06-26,Rappahannock,40-49,421,37,2
2020-06-26,Rappahannock,50-59,359,45,4
2020-06-26,Rappahannock,60-69,203,43,5
2020-06-26,Rappahannock,70-79,96,27,14
2020-06-26,Rappahannock,80+,85,30,16
2020-06-26,Rappahannock,Missing,20,0,0
2020-06-26,"Rappahannock Rapidan",0-9,70,1,0
2020-06-26,"Rappahannock Rapidan",19-Oct,129,3,0
2020-06-26,"Rappahannock Rapidan",20-29,269,4,0
2020-06-26,"Rappahannock Rapidan",30-39,293,16,1
2020-06-26,"Rappahannock Rapidan",40-49,288,19,2
2020-06-26,"Rappahannock Rapidan",50-59,204,23,2
2020-06-26,"Rappahannock Rapidan",60-69,110,16,2
2020-06-26,"Rappahannock Rapidan",70-79,38,12,7
2020-06-26,"Rappahannock Rapidan",80+,20,13,4
2020-06-26,"Rappahannock Rapidan",Missing,7,0,0
2020-06-26,Richmond,0-9,92,4,0
2020-06-26,Richmond,19-Oct,181,2,0
2020-06-26,Richmond,20-29,430,13,0
2020-06-26,Richmond,30-39,461,24,1
2020-06-26,Richmond,40-49,367,26,1
2020-06-26,Richmond,50-59,275,43,1
2020-06-26,Richmond,60-69,192,45,6
2020-06-26,Richmond,70-79,81,37,13
2020-06-26,Richmond,80+,36,18,8
2020-06-26,Richmond,Missing,18,0,0
2020-06-26,Roanoke,0-9,10,0,0
2020-06-26,Roanoke,19-Oct,30,0,0
2020-06-26,Roanoke,20-29,74,3,0
2020-06-26,Roanoke,30-39,75,0,0
2020-06-26,Roanoke,40-49,53,1,0
2020-06-26,Roanoke,50-59,38,1,0
2020-06-26,Roanoke,60-69,28,3,0
2020-06-26,Roanoke,70-79,11,3,0
2020-06-26,Roanoke,80+,38,3,10
2020-06-26,Roanoke,Missing,3,0,0
2020-06-26,Southside,0-9,3,0,0
2020-06-26,Southside,19-Oct,6,0,0
2020-06-26,Southside,20-29,38,2,0
2020-06-26,Southside,30-39,44,0,0
2020-06-26,Southside,40-49,46,5,0
2020-06-26,Southside,50-59,54,7,0
2020-06-26,Southside,60-69,53,11,4
2020-06-26,Southside,70-79,54,9,12
2020-06-26,Southside,80+,78,12,12
2020-06-26,Southside,Missing,0,0,0
2020-06-26,"Thomas Jefferson",0-9,34,1,0
2020-06-26,"Thomas Jefferson",19-Oct,53,1,0
2020-06-26,"Thomas Jefferson",20-29,141,1,0
2020-06-26,"Thomas Jefferson",30-39,178,5,0
2020-06-26,"Thomas Jefferson",40-49,141,9,0
2020-06-26,"Thomas Jefferson",50-59,108,9,1
2020-06-26,"Thomas Jefferson",60-69,78,18,2
2020-06-26,"Thomas Jefferson",70-79,60,19,2
2020-06-26,"Thomas Jefferson",80+,74,24,14
2020-06-26,"Thomas Jefferson",Missing,1,0,0
2020-06-26,"Three Rivers",0-9,9,1,0
2020-06-26,"Three Rivers",19-Oct,22,0,0
2020-06-26,"Three Rivers",20-29,106,4,0
2020-06-26,"Three Rivers",30-39,134,3,0
2020-06-26,"Three Rivers",40-49,130,11,2
2020-06-26,"Three Rivers",50-59,89,7,0
2020-06-26,"Three Rivers",60-69,67,10,0
2020-06-26,"Three Rivers",70-79,32,7,4
2020-06-26,"Three Rivers",80+,33,5,3
2020-06-26,"Three Rivers",Missing,1,0,0
2020-06-26,"Virginia Beach",0-9,23,0,0
2020-06-26,"Virginia Beach",19-Oct,57,0,0
2020-06-26,"Virginia Beach",20-29,235,4,0
2020-06-26,"Virginia Beach",30-39,155,11,0
2020-06-26,"Virginia Beach",40-49,159,19,1
2020-06-26,"Virginia Beach",50-59,140,13,0
2020-06-26,"Virginia Beach",60-69,135,17,1
2020-06-26,"Virginia Beach",70-79,67,25,7
2020-06-26,"Virginia Beach",80+,85,28,19
2020-06-26,"Virginia Beach",Missing,26,0,0
2020-06-26,"West Piedmont",0-9,14,1,0
2020-06-26,"West Piedmont",19-Oct,38,0,0
2020-06-26,"West Piedmont",20-29,50,1,0
2020-06-26,"West Piedmont",30-39,61,1,0
2020-06-26,"West Piedmont",40-49,72,7,2
2020-06-26,"West Piedmont",50-59,86,10,1
2020-06-26,"West Piedmont",60-69,44,5,0
2020-06-26,"West Piedmont",70-79,23,7,3
2020-06-26,"West Piedmont",80+,13,6,1
2020-06-26,"West Piedmont",Missing,0,0,0
2020-06-26,"Western Tidewater",0-9,6,0,0
2020-06-26,"Western Tidewater",19-Oct,15,0,0
2020-06-26,"Western Tidewater",20-29,68,3,0
2020-06-26,"Western Tidewater",30-39,109,6,0
2020-06-26,"Western Tidewater",40-49,94,5,1
2020-06-26,"Western Tidewater",50-59,135,12,2
2020-06-26,"Western Tidewater",60-69,119,13,6
2020-06-26,"Western Tidewater",70-79,84,21,16
2020-06-26,"Western Tidewater",80+,128,22,21
2020-06-26,"Western Tidewater",Missing,5,0,0
2020-06-27,Alexandria,0-9,127,2,0
2020-06-27,Alexandria,19-Oct,164,3,0
2020-06-27,Alexandria,20-29,356,8,1
2020-06-27,Alexandria,30-39,535,30,0
2020-06-27,Alexandria,40-49,429,37,0
2020-06-27,Alexandria,50-59,298,48,10
2020-06-27,Alexandria,60-69,196,44,2
2020-06-27,Alexandria,70-79,100,38,19
2020-06-27,Alexandria,80+,87,28,25
2020-06-27,Alexandria,Missing,11,0,0
2020-06-27,Alleghany,0-9,8,0,0
2020-06-27,Alleghany,19-Oct,39,0,0
2020-06-27,Alleghany,20-29,75,1,0
2020-06-27,Alleghany,30-39,38,2,0
2020-06-27,Alleghany,40-49,51,1,0
2020-06-27,Alleghany,50-59,57,5,1
2020-06-27,Alleghany,60-69,37,7,1
2020-06-27,Alleghany,70-79,31,7,7
2020-06-27,Alleghany,80+,23,8,5
2020-06-27,Alleghany,Missing,1,0,0
2020-06-27,Arlington,0-9,43,2,0
2020-06-27,Arlington,19-Oct,91,5,0
2020-06-27,Arlington,20-29,417,20,0
2020-06-27,Arlington,30-39,443,43,0
2020-06-27,Arlington,40-49,418,47,6
2020-06-27,Arlington,50-59,378,66,6
2020-06-27,Arlington,60-69,278,77,19
2020-06-27,Arlington,70-79,172,72,32
2020-06-27,Arlington,80+,204,84,69
2020-06-27,Arlington,Missing,10,1,0
2020-06-27,"Central Shenandoah",0-9,55,0,0
2020-06-27,"Central Shenandoah",19-Oct,107,1,0
2020-06-27,"Central Shenandoah",20-29,376,7,0
2020-06-27,"Central Shenandoah",30-39,304,6,0
2020-06-27,"Central Shenandoah",40-49,329,13,0
2020-06-27,"Central Shenandoah",50-59,360,31,2
2020-06-27,"Central Shenandoah",60-69,251,44,8
2020-06-27,"Central Shenandoah",70-79,120,38,12
2020-06-27,"Central Shenandoah",80+,101,23,12
2020-06-27,"Central Shenandoah",Missing,0,0,0
2020-06-27,"Central Virginia",0-9,7,0,0
2020-06-27,"Central Virginia",19-Oct,37,1,0
2020-06-27,"Central Virginia",20-29,73,2,0
2020-06-27,"Central Virginia",30-39,53,1,0
2020-06-27,"Central Virginia",40-49,48,0,0
2020-06-27,"Central Virginia",50-59,55,2,1
2020-06-27,"Central Virginia",60-69,42,4,2
2020-06-27,"Central Virginia",70-79,21,4,2
2020-06-27,"Central Virginia",80+,16,2,0
2020-06-27,"Central Virginia",Missing,1,0,0
2020-06-27,Chesapeake,0-9,22,1,0
2020-06-27,Chesapeake,19-Oct,43,1,0
2020-06-27,Chesapeake,20-29,128,3,0
2020-06-27,Chesapeake,30-39,156,8,0
2020-06-27,Chesapeake,40-49,134,19,0
2020-06-27,Chesapeake,50-59,130,19,1
2020-06-27,Chesapeake,60-69,110,27,5
2020-06-27,Chesapeake,70-79,65,26,3
2020-06-27,Chesapeake,80+,56,20,11
2020-06-27,Chesapeake,Missing,10,1,0
2020-06-27,Chesterfield,0-9,112,0,0
2020-06-27,Chesterfield,19-Oct,290,0,0
2020-06-27,Chesterfield,20-29,482,5,0
2020-06-27,Chesterfield,30-39,603,4,0
2020-06-27,Chesterfield,40-49,546,15,2
2020-06-27,Chesterfield,50-59,426,29,4
2020-06-27,Chesterfield,60-69,273,33,9
2020-06-27,Chesterfield,70-79,126,21,14
2020-06-27,Chesterfield,80+,133,27,39
2020-06-27,Chesterfield,Missing,71,0,0
2020-06-27,Chickahominy,0-9,12,0,0
2020-06-27,Chickahominy,19-Oct,35,0,0
2020-06-27,Chickahominy,20-29,81,0,0
2020-06-27,Chickahominy,30-39,84,2,0
2020-06-27,Chickahominy,40-49,83,11,1
2020-06-27,Chickahominy,50-59,113,22,1
2020-06-27,Chickahominy,60-69,73,18,6
2020-06-27,Chickahominy,70-79,54,20,6
2020-06-27,Chickahominy,80+,83,34,22
2020-06-27,Chickahominy,Missing,12,0,0
2020-06-27,Crater,0-9,23,1,0
2020-06-27,Crater,19-Oct,49,0,0
2020-06-27,Crater,20-29,219,7,0
2020-06-27,Crater,30-39,256,4,0
2020-06-27,Crater,40-49,208,14,1
2020-06-27,Crater,50-59,257,29,3
2020-06-27,Crater,60-69,212,41,11
2020-06-27,Crater,70-79,129,29,9
2020-06-27,Crater,80+,96,17,2
2020-06-27,Crater,Missing,7,0,0
2020-06-27,"Cumberland Plateau",0-9,1,0,0
2020-06-27,"Cumberland Plateau",19-Oct,19,0,0
2020-06-27,"Cumberland Plateau",20-29,4,0,0
2020-06-27,"Cumberland Plateau",30-39,8,0,0
2020-06-27,"Cumberland Plateau",40-49,11,0,0
2020-06-27,"Cumberland Plateau",50-59,6,1,0
2020-06-27,"Cumberland Plateau",60-69,5,1,0
2020-06-27,"Cumberland Plateau",70-79,4,0,0
2020-06-27,"Cumberland Plateau",80+,0,0,0
2020-06-27,"Cumberland Plateau",Missing,0,0,0
2020-06-27,"Eastern Shore",0-9,19,1,0
2020-06-27,"Eastern Shore",19-Oct,57,1,0
2020-06-27,"Eastern Shore",20-29,198,6,0
2020-06-27,"Eastern Shore",30-39,234,8,0
2020-06-27,"Eastern Shore",40-49,245,10,2
2020-06-27,"Eastern Shore",50-59,276,19,5
2020-06-27,"Eastern Shore",60-69,176,28,8
2020-06-27,"Eastern Shore",70-79,47,16,9
2020-06-27,"Eastern Shore",80+,50,21,18
2020-06-27,"Eastern Shore",Missing,6,0,0
2020-06-27,Fairfax,0-9,456,18,0
2020-06-27,Fairfax,19-Oct,791,23,0
2020-06-27,Fairfax,20-29,2148,69,2
2020-06-27,Fairfax,30-39,2670,163,4
2020-06-27,Fairfax,40-49,2600,239,9
2020-06-27,Fairfax,50-59,2185,285,31
2020-06-27,Fairfax,60-69,1411,301,56
2020-06-27,Fairfax,70-79,658,231,103
2020-06-27,Fairfax,80+,784,291,277
2020-06-27,Fairfax,Missing,151,3,0
2020-06-27,Hampton,0-9,11,0,0
2020-06-27,Hampton,19-Oct,16,0,0
2020-06-27,Hampton,20-29,66,2,0
2020-06-27,Hampton,30-39,52,3,0
2020-06-27,Hampton,40-49,43,5,0
2020-06-27,Hampton,50-59,45,9,1
2020-06-27,Hampton,60-69,41,11,2
2020-06-27,Hampton,70-79,20,8,0
2020-06-27,Hampton,80+,6,3,2
2020-06-27,Hampton,Missing,5,0,0
2020-06-27,Henrico,0-9,102,1,0
2020-06-27,Henrico,19-Oct,151,3,0
2020-06-27,Henrico,20-29,346,14,0
2020-06-27,Henrico,30-39,439,15,0
2020-06-27,Henrico,40-49,377,25,1
2020-06-27,Henrico,50-59,313,34,8
2020-06-27,Henrico,60-69,285,45,27
2020-06-27,Henrico,70-79,207,45,34
2020-06-27,Henrico,80+,311,66,70
2020-06-27,Henrico,Missing,29,1,1
2020-06-27,Lenowisco,0-9,3,0,0
2020-06-27,Lenowisco,19-Oct,3,0,0
2020-06-27,Lenowisco,20-29,7,0,0
2020-06-27,Lenowisco,30-39,5,1,1
2020-06-27,Lenowisco,40-49,7,2,0
2020-06-27,Lenowisco,50-59,14,5,0
2020-06-27,Lenowisco,60-69,5,4,2
2020-06-27,Lenowisco,70-79,5,4,1
2020-06-27,Lenowisco,80+,0,0,0
2020-06-27,Lenowisco,Missing,0,0,0
2020-06-27,"Lord Fairfax",0-9,56,1,0
2020-06-27,"Lord Fairfax",19-Oct,132,1,0
2020-06-27,"Lord Fairfax",20-29,333,5,0
2020-06-27,"Lord Fairfax",30-39,321,11,1
2020-06-27,"Lord Fairfax",40-49,305,16,1
2020-06-27,"Lord Fairfax",50-59,319,25,2
2020-06-27,"Lord Fairfax",60-69,212,44,12
2020-06-27,"Lord Fairfax",70-79,126,37,15
2020-06-27,"Lord Fairfax",80+,135,31,35
2020-06-27,"Lord Fairfax",Missing,2,0,0
2020-06-27,Loudoun,0-9,148,3,0
2020-06-27,Loudoun,19-Oct,374,0,0
2020-06-27,Loudoun,20-29,632,6,0
2020-06-27,Loudoun,30-39,708,23,0
2020-06-27,Loudoun,40-49,785,45,1
2020-06-27,Loudoun,50-59,611,48,1
2020-06-27,Loudoun,60-69,246,46,4
2020-06-27,Loudoun,70-79,139,41,14
2020-06-27,Loudoun,80+,188,50,65
2020-06-27,Loudoun,Missing,59,0,1
2020-06-27,"Mount Rogers",0-9,33,1,0
2020-06-27,"Mount Rogers",19-Oct,50,0,0
2020-06-27,"Mount Rogers",20-29,104,0,0
2020-06-27,"Mount Rogers",30-39,98,4,0
2020-06-27,"Mount Rogers",40-49,97,3,1
2020-06-27,"Mount Rogers",50-59,88,5,1
2020-06-27,"Mount Rogers",60-69,79,8,0
2020-06-27,"Mount Rogers",70-79,58,26,9
2020-06-27,"Mount Rogers",80+,72,25,18
2020-06-27,"Mount Rogers",Missing,1,0,0
2020-06-27,"New River",0-9,3,0,0
2020-06-27,"New River",19-Oct,13,0,0
2020-06-27,"New River",20-29,49,0,0
2020-06-27,"New River",30-39,23,1,0
2020-06-27,"New River",40-49,29,1,0
2020-06-27,"New River",50-59,30,4,0
2020-06-27,"New River",60-69,24,4,0
2020-06-27,"New River",70-79,16,8,4
2020-06-27,"New River",80+,12,4,1
2020-06-27,"New River",Missing,0,0,0
2020-06-27,Norfolk,0-9,30,1,0
2020-06-27,Norfolk,19-Oct,49,1,0
2020-06-27,Norfolk,20-29,223,3,0
2020-06-27,Norfolk,30-39,159,11,0
2020-06-27,Norfolk,40-49,120,12,0
2020-06-27,Norfolk,50-59,122,20,2
2020-06-27,Norfolk,60-69,79,24,1
2020-06-27,Norfolk,70-79,33,21,3
2020-06-27,Norfolk,80+,20,7,3
2020-06-27,Norfolk,Missing,7,1,0
2020-06-27,Peninsula,0-9,33,0,0
2020-06-27,Peninsula,19-Oct,49,1,0
2020-06-27,Peninsula,20-29,175,1,0
2020-06-27,Peninsula,30-39,153,7,1
2020-06-27,Peninsula,40-49,121,7,1
2020-06-27,Peninsula,50-59,132,19,3
2020-06-27,Peninsula,60-69,121,29,3
2020-06-27,Peninsula,70-79,85,38,11
2020-06-27,Peninsula,80+,50,24,15
2020-06-27,Peninsula,Missing,7,0,0
2020-06-27,Piedmont,0-9,20,0,0
2020-06-27,Piedmont,19-Oct,31,0,0
2020-06-27,Piedmont,20-29,152,2,0
2020-06-27,Piedmont,30-39,189,2,0
2020-06-27,Piedmont,40-49,184,9,0
2020-06-27,Piedmont,50-59,181,19,0
2020-06-27,Piedmont,60-69,131,19,2
2020-06-27,Piedmont,70-79,63,17,2
2020-06-27,Piedmont,80+,47,14,6
2020-06-27,Piedmont,Missing,1,0,0
2020-06-27,Pittsylvania-Danville,0-9,4,0,0
2020-06-27,Pittsylvania-Danville,19-Oct,8,0,0
2020-06-27,Pittsylvania-Danville,20-29,20,0,0
2020-06-27,Pittsylvania-Danville,30-39,25,1,0
2020-06-27,Pittsylvania-Danville,40-49,43,6,0
2020-06-27,Pittsylvania-Danville,50-59,37,10,0
2020-06-27,Pittsylvania-Danville,60-69,23,8,1
2020-06-27,Pittsylvania-Danville,70-79,21,10,0
2020-06-27,Pittsylvania-Danville,80+,5,3,2
2020-06-27,Pittsylvania-Danville,Missing,0,0,0
2020-06-27,Portsmouth,0-9,13,1,0
2020-06-27,Portsmouth,19-Oct,15,0,0
2020-06-27,Portsmouth,20-29,91,5,0
2020-06-27,Portsmouth,30-39,94,4,0
2020-06-27,Portsmouth,40-49,63,6,0
2020-06-27,Portsmouth,50-59,72,18,2
2020-06-27,Portsmouth,60-69,51,16,5
2020-06-27,Portsmouth,70-79,29,11,5
2020-06-27,Portsmouth,80+,20,7,4
2020-06-27,Portsmouth,Missing,7,0,0
2020-06-27,"Prince William",0-9,309,7,0
2020-06-27,"Prince William",19-Oct,729,8,0
2020-06-27,"Prince William",20-29,1584,49,0
2020-06-27,"Prince William",30-39,1683,91,2
2020-06-27,"Prince William",40-49,1898,142,6
2020-06-27,"Prince William",50-59,1396,179,14
2020-06-27,"Prince William",60-69,732,157,34
2020-06-27,"Prince William",70-79,284,80,40
2020-06-27,"Prince William",80+,223,74,64
2020-06-27,"Prince William",Missing,132,2,0
2020-06-27,Rappahannock,0-9,108,1,0
2020-06-27,Rappahannock,19-Oct,219,2,0
2020-06-27,Rappahannock,20-29,406,11,0
2020-06-27,Rappahannock,30-39,479,21,0
2020-06-27,Rappahannock,40-49,426,37,2
2020-06-27,Rappahannock,50-59,365,45,4
2020-06-27,Rappahannock,60-69,204,44,5
2020-06-27,Rappahannock,70-79,98,28,14
2020-06-27,Rappahannock,80+,88,30,17
2020-06-27,Rappahannock,Missing,20,0,0
2020-06-27,"Rappahannock Rapidan",0-9,70,1,0
2020-06-27,"Rappahannock Rapidan",19-Oct,129,3,0
2020-06-27,"Rappahannock Rapidan",20-29,270,4,0
2020-06-27,"Rappahannock Rapidan",30-39,295,16,1
2020-06-27,"Rappahannock Rapidan",40-49,288,19,2
2020-06-27,"Rappahannock Rapidan",50-59,205,23,2
2020-06-27,"Rappahannock Rapidan",60-69,110,16,4
2020-06-27,"Rappahannock Rapidan",70-79,38,12,7
2020-06-27,"Rappahannock Rapidan",80+,20,13,4
2020-06-27,"Rappahannock Rapidan",Missing,7,0,0
2020-06-27,Richmond,0-9,95,4,0
2020-06-27,Richmond,19-Oct,183,2,0
2020-06-27,Richmond,20-29,438,13,0
2020-06-27,Richmond,30-39,468,24,1
2020-06-27,Richmond,40-49,369,26,1
2020-06-27,Richmond,50-59,277,44,1
2020-06-27,Richmond,60-69,193,45,6
2020-06-27,Richmond,70-79,82,38,13
2020-06-27,Richmond,80+,36,18,8
2020-06-27,Richmond,Missing,18,0,0
2020-06-27,Roanoke,0-9,10,0,0
2020-06-27,Roanoke,19-Oct,30,0,0
2020-06-27,Roanoke,20-29,76,3,0
2020-06-27,Roanoke,30-39,76,0,0
2020-06-27,Roanoke,40-49,53,1,0
2020-06-27,Roanoke,50-59,38,1,0
2020-06-27,Roanoke,60-69,28,3,0
2020-06-27,Roanoke,70-79,11,3,0
2020-06-27,Roanoke,80+,38,3,10
2020-06-27,Roanoke,Missing,3,0,0
2020-06-27,Southside,0-9,3,0,0
2020-06-27,Southside,19-Oct,7,0,0
2020-06-27,Southside,20-29,39,2,0
2020-06-27,Southside,30-39,49,0,0
2020-06-27,Southside,40-49,47,5,0
2020-06-27,Southside,50-59,56,7,0
2020-06-27,Southside,60-69,53,11,4
2020-06-27,Southside,70-79,55,9,12
2020-06-27,Southside,80+,79,12,12
2020-06-27,Southside,Missing,0,0,0
2020-06-27,"Thomas Jefferson",0-9,34,1,0
2020-06-27,"Thomas Jefferson",19-Oct,57,1,0
2020-06-27,"Thomas Jefferson",20-29,144,1,0
2020-06-27,"Thomas Jefferson",30-39,182,5,0
2020-06-27,"Thomas Jefferson",40-49,143,9,0
2020-06-27,"Thomas Jefferson",50-59,111,9,1
2020-06-27,"Thomas Jefferson",60-69,79,18,2
2020-06-27,"Thomas Jefferson",70-79,60,19,2
2020-06-27,"Thomas Jefferson",80+,75,25,14
2020-06-27,"Thomas Jefferson",Missing,1,0,0
2020-06-27,"Three Rivers",0-9,9,1,0
2020-06-27,"Three Rivers",19-Oct,24,0,0
2020-06-27,"Three Rivers",20-29,107,4,0
2020-06-27,"Three Rivers",30-39,135,3,0
2020-06-27,"Three Rivers",40-49,130,11,2
2020-06-27,"Three Rivers",50-59,92,7,0
2020-06-27,"Three Rivers",60-69,67,10,0
2020-06-27,"Three Rivers",70-79,32,7,4
2020-06-27,"Three Rivers",80+,30,5,3
2020-06-27,"Three Rivers",Missing,1,0,0
2020-06-27,"Virginia Beach",0-9,24,0,0
2020-06-27,"Virginia Beach",19-Oct,57,0,0
2020-06-27,"Virginia Beach",20-29,242,4,0
2020-06-27,"Virginia Beach",30-39,156,11,0
2020-06-27,"Virginia Beach",40-49,159,19,1
2020-06-27,"Virginia Beach",50-59,142,13,0
2020-06-27,"Virginia Beach",60-69,135,18,1
2020-06-27,"Virginia Beach",70-79,67,25,7
2020-06-27,"Virginia Beach",80+,85,28,20
2020-06-27,"Virginia Beach",Missing,25,0,0
2020-06-27,"West Piedmont",0-9,14,1,0
2020-06-27,"West Piedmont",19-Oct,44,0,0
2020-06-27,"West Piedmont",20-29,52,1,0
2020-06-27,"West Piedmont",30-39,62,1,0
2020-06-27,"West Piedmont",40-49,76,7,2
2020-06-27,"West Piedmont",50-59,86,10,1
2020-06-27,"West Piedmont",60-69,44,5,0
2020-06-27,"West Piedmont",70-79,23,7,3
2020-06-27,"West Piedmont",80+,13,6,1
2020-06-27,"West Piedmont",Missing,0,0,0
2020-06-27,"Western Tidewater",0-9,7,0,0
2020-06-27,"Western Tidewater",19-Oct,15,0,0
2020-06-27,"Western Tidewater",20-29,70,3,0
2020-06-27,"Western Tidewater",30-39,111,6,0
2020-06-27,"Western Tidewater",40-49,95,5,1
2020-06-27,"Western Tidewater",50-59,136,12,2
2020-06-27,"Western Tidewater",60-69,120,13,6
2020-06-27,"Western Tidewater",70-79,87,21,16
2020-06-27,"Western Tidewater",80+,130,23,21
2020-06-27,"Western Tidewater",Missing,5,0,0
2020-06-28,Alexandria,0-9,127,2,0
2020-06-28,Alexandria,19-Oct,165,3,0
2020-06-28,Alexandria,20-29,359,8,1
2020-06-28,Alexandria,30-39,537,30,0
2020-06-28,Alexandria,40-49,429,37,0
2020-06-28,Alexandria,50-59,299,48,10
2020-06-28,Alexandria,60-69,196,44,2
2020-06-28,Alexandria,70-79,100,38,19
2020-06-28,Alexandria,80+,89,28,25
2020-06-28,Alexandria,Missing,11,0,0
2020-06-28,Alleghany,0-9,8,0,0
2020-06-28,Alleghany,19-Oct,43,0,0
2020-06-28,Alleghany,20-29,75,1,0
2020-06-28,Alleghany,30-39,38,2,0
2020-06-28,Alleghany,40-49,53,1,0
2020-06-28,Alleghany,50-59,57,5,1
2020-06-28,Alleghany,60-69,40,7,1
2020-06-28,Alleghany,70-79,32,7,7
2020-06-28,Alleghany,80+,23,8,5
2020-06-28,Alleghany,Missing,1,0,0
2020-06-28,Arlington,0-9,43,2,0
2020-06-28,Arlington,19-Oct,91,5,0
2020-06-28,Arlington,20-29,419,20,0
2020-06-28,Arlington,30-39,446,43,0
2020-06-28,Arlington,40-49,421,47,6
2020-06-28,Arlington,50-59,378,66,6
2020-06-28,Arlington,60-69,279,77,19
2020-06-28,Arlington,70-79,172,72,32
2020-06-28,Arlington,80+,204,84,69
2020-06-28,Arlington,Missing,11,1,0
2020-06-28,"Central Shenandoah",0-9,55,0,0
2020-06-28,"Central Shenandoah",19-Oct,110,1,0
2020-06-28,"Central Shenandoah",20-29,383,7,0
2020-06-28,"Central Shenandoah",30-39,305,6,0
2020-06-28,"Central Shenandoah",40-49,330,13,0
2020-06-28,"Central Shenandoah",50-59,361,31,2
2020-06-28,"Central Shenandoah",60-69,254,44,8
2020-06-28,"Central Shenandoah",70-79,122,38,12
2020-06-28,"Central Shenandoah",80+,105,25,14
2020-06-28,"Central Shenandoah",Missing,0,0,0
2020-06-28,"Central Virginia",0-9,7,0,0
2020-06-28,"Central Virginia",19-Oct,39,1,0
2020-06-28,"Central Virginia",20-29,74,2,0
2020-06-28,"Central Virginia",30-39,54,1,0
2020-06-28,"Central Virginia",40-49,49,0,0
2020-06-28,"Central Virginia",50-59,56,2,1
2020-06-28,"Central Virginia",60-69,43,4,2
2020-06-28,"Central Virginia",70-79,21,4,2
2020-06-28,"Central Virginia",80+,16,2,0
2020-06-28,"Central Virginia",Missing,1,0,0
2020-06-28,Chesapeake,0-9,23,1,0
2020-06-28,Chesapeake,19-Oct,43,1,0
2020-06-28,Chesapeake,20-29,132,3,0
2020-06-28,Chesapeake,30-39,157,8,0
2020-06-28,Chesapeake,40-49,137,19,0
2020-06-28,Chesapeake,50-59,136,19,1
2020-06-28,Chesapeake,60-69,114,29,5
2020-06-28,Chesapeake,70-79,66,26,3
2020-06-28,Chesapeake,80+,59,21,11
2020-06-28,Chesapeake,Missing,12,1,0
2020-06-28,Chesterfield,0-9,113,0,0
2020-06-28,Chesterfield,19-Oct,291,0,0
2020-06-28,Chesterfield,20-29,486,5,0
2020-06-28,Chesterfield,30-39,604,4,0
2020-06-28,Chesterfield,40-49,552,15,2
2020-06-28,Chesterfield,50-59,427,29,4
2020-06-28,Chesterfield,60-69,273,33,9
2020-06-28,Chesterfield,70-79,126,21,14
2020-06-28,Chesterfield,80+,133,27,39
2020-06-28,Chesterfield,Missing,71,0,0
2020-06-28,Chickahominy,0-9,13,0,0
2020-06-28,Chickahominy,19-Oct,36,0,0
2020-06-28,Chickahominy,20-29,82,0,0
2020-06-28,Chickahominy,30-39,85,2,0
2020-06-28,Chickahominy,40-49,83,11,1
2020-06-28,Chickahominy,50-59,113,22,1
2020-06-28,Chickahominy,60-69,73,18,6
2020-06-28,Chickahominy,70-79,55,20,6
2020-06-28,Chickahominy,80+,83,34,22
2020-06-28,Chickahominy,Missing,12,0,0
2020-06-28,Crater,0-9,23,1,0
2020-06-28,Crater,19-Oct,49,0,0
2020-06-28,Crater,20-29,219,7,0
2020-06-28,Crater,30-39,257,4,0
2020-06-28,Crater,40-49,208,14,1
2020-06-28,Crater,50-59,257,29,3
2020-06-28,Crater,60-69,212,41,11
2020-06-28,Crater,70-79,129,29,9
2020-06-28,Crater,80+,96,17,2
2020-06-28,Crater,Missing,7,0,0
2020-06-28,"Cumberland Plateau",0-9,1,0,0
2020-06-28,"Cumberland Plateau",19-Oct,19,0,0
2020-06-28,"Cumberland Plateau",20-29,4,0,0
2020-06-28,"Cumberland Plateau",30-39,8,0,0
2020-06-28,"Cumberland Plateau",40-49,11,0,0
2020-06-28,"Cumberland Plateau",50-59,6,1,0
2020-06-28,"Cumberland Plateau",60-69,5,1,0
2020-06-28,"Cumberland Plateau",70-79,4,0,0
2020-06-28,"Cumberland Plateau",80+,0,0,0
2020-06-28,"Cumberland Plateau",Missing,0,0,0
2020-06-28,"Eastern Shore",0-9,19,1,0
2020-06-28,"Eastern Shore",19-Oct,57,1,0
2020-06-28,"Eastern Shore",20-29,198,6,0
2020-06-28,"Eastern Shore",30-39,234,8,0
2020-06-28,"Eastern Shore",40-49,245,10,2
2020-06-28,"Eastern Shore",50-59,276,19,5
2020-06-28,"Eastern Shore",60-69,176,28,8
2020-06-28,"Eastern Shore",70-79,47,16,9
2020-06-28,"Eastern Shore",80+,50,21,18
2020-06-28,"Eastern Shore",Missing,6,0,0
2020-06-28,Fairfax,0-9,462,18,0
2020-06-28,Fairfax,19-Oct,795,23,0
2020-06-28,Fairfax,20-29,2155,70,3
2020-06-28,Fairfax,30-39,2679,163,4
2020-06-28,Fairfax,40-49,2615,240,9
2020-06-28,Fairfax,50-59,2189,286,31
2020-06-28,Fairfax,60-69,1412,300,57
2020-06-28,Fairfax,70-79,659,231,103
2020-06-28,Fairfax,80+,787,291,280
2020-06-28,Fairfax,Missing,151,3,0
2020-06-28,Hampton,0-9,11,0,0
2020-06-28,Hampton,19-Oct,16,0,0
2020-06-28,Hampton,20-29,68,2,0
2020-06-28,Hampton,30-39,53,3,0
2020-06-28,Hampton,40-49,43,5,0
2020-06-28,Hampton,50-59,47,9,1
2020-06-28,Hampton,60-69,41,11,2
2020-06-28,Hampton,70-79,20,8,0
2020-06-28,Hampton,80+,6,3,2
2020-06-28,Hampton,Missing,5,0,0
2020-06-28,Henrico,0-9,103,1,0
2020-06-28,Henrico,19-Oct,155,3,0
2020-06-28,Henrico,20-29,353,14,0
2020-06-28,Henrico,30-39,441,15,0
2020-06-28,Henrico,40-49,379,25,1
2020-06-28,Henrico,50-59,315,34,8
2020-06-28,Henrico,60-69,286,46,27
2020-06-28,Henrico,70-79,207,45,34
2020-06-28,Henrico,80+,311,66,70
2020-06-28,Henrico,Missing,29,1,1
2020-06-28,Lenowisco,0-9,3,0,0
2020-06-28,Lenowisco,19-Oct,3,0,0
2020-06-28,Lenowisco,20-29,7,0,0
2020-06-28,Lenowisco,30-39,5,1,1
2020-06-28,Lenowisco,40-49,7,2,0
2020-06-28,Lenowisco,50-59,15,5,0
2020-06-28,Lenowisco,60-69,5,4,2
2020-06-28,Lenowisco,70-79,5,4,1
2020-06-28,Lenowisco,80+,0,0,0
2020-06-28,Lenowisco,Missing,0,0,0
2020-06-28,"Lord Fairfax",0-9,56,1,0
2020-06-28,"Lord Fairfax",19-Oct,135,1,0
2020-06-28,"Lord Fairfax",20-29,334,5,0
2020-06-28,"Lord Fairfax",30-39,324,11,1
2020-06-28,"Lord Fairfax",40-49,311,16,1
2020-06-28,"Lord Fairfax",50-59,320,25,2
2020-06-28,"Lord Fairfax",60-69,214,44,12
2020-06-28,"Lord Fairfax",70-79,126,37,15
2020-06-28,"Lord Fairfax",80+,136,31,35
2020-06-28,"Lord Fairfax",Missing,2,0,0
2020-06-28,Loudoun,0-9,149,3,0
2020-06-28,Loudoun,19-Oct,392,0,0
2020-06-28,Loudoun,20-29,637,6,0
2020-06-28,Loudoun,30-39,714,23,0
2020-06-28,Loudoun,40-49,786,45,1
2020-06-28,Loudoun,50-59,618,49,1
2020-06-28,Loudoun,60-69,249,47,5
2020-06-28,Loudoun,70-79,140,42,14
2020-06-28,Loudoun,80+,188,50,65
2020-06-28,Loudoun,Missing,59,0,1
2020-06-28,"Mount Rogers",0-9,35,1,0
2020-06-28,"Mount Rogers",19-Oct,51,0,0
2020-06-28,"Mount Rogers",20-29,109,0,0
2020-06-28,"Mount Rogers",30-39,99,4,0
2020-06-28,"Mount Rogers",40-49,101,3,1
2020-06-28,"Mount Rogers",50-59,89,5,1
2020-06-28,"Mount Rogers",60-69,79,8,0
2020-06-28,"Mount Rogers",70-79,59,26,9
2020-06-28,"Mount Rogers",80+,72,25,18
2020-06-28,"Mount Rogers",Missing,1,0,0
2020-06-28,"New River",0-9,5,0,0
2020-06-28,"New River",19-Oct,17,0,0
2020-06-28,"New River",20-29,55,0,0
2020-06-28,"New River",30-39,24,1,0
2020-06-28,"New River",40-49,31,1,0
2020-06-28,"New River",50-59,30,4,0
2020-06-28,"New River",60-69,25,4,0
2020-06-28,"New River",70-79,16,8,4
2020-06-28,"New River",80+,12,4,1
2020-06-28,"New River",Missing,0,0,0
2020-06-28,Norfolk,0-9,31,1,0
2020-06-28,Norfolk,19-Oct,50,1,0
2020-06-28,Norfolk,20-29,228,3,0
2020-06-28,Norfolk,30-39,162,11,0
2020-06-28,Norfolk,40-49,121,12,0
2020-06-28,Norfolk,50-59,124,20,2
2020-06-28,Norfolk,60-69,79,24,1
2020-06-28,Norfolk,70-79,33,21,3
2020-06-28,Norfolk,80+,20,7,3
2020-06-28,Norfolk,Missing,7,1,0
2020-06-28,Peninsula,0-9,33,0,0
2020-06-28,Peninsula,19-Oct,50,1,0
2020-06-28,Peninsula,20-29,184,1,0
2020-06-28,Peninsula,30-39,154,7,1
2020-06-28,Peninsula,40-49,125,7,1
2020-06-28,Peninsula,50-59,132,19,3
2020-06-28,Peninsula,60-69,121,29,3
2020-06-28,Peninsula,70-79,86,38,11
2020-06-28,Peninsula,80+,50,24,15
2020-06-28,Peninsula,Missing,7,0,0
2020-06-28,Piedmont,0-9,20,0,0
2020-06-28,Piedmont,19-Oct,31,0,0
2020-06-28,Piedmont,20-29,152,2,0
2020-06-28,Piedmont,30-39,189,2,0
2020-06-28,Piedmont,40-49,184,9,0
2020-06-28,Piedmont,50-59,181,19,0
2020-06-28,Piedmont,60-69,131,19,2
2020-06-28,Piedmont,70-79,63,17,2
2020-06-28,Piedmont,80+,47,14,6
2020-06-28,Piedmont,Missing,1,0,0
2020-06-28,Pittsylvania-Danville,0-9,4,0,0
2020-06-28,Pittsylvania-Danville,19-Oct,8,0,0
2020-06-28,Pittsylvania-Danville,20-29,20,0,0
2020-06-28,Pittsylvania-Danville,30-39,26,1,0
2020-06-28,Pittsylvania-Danville,40-49,42,6,0
2020-06-28,Pittsylvania-Danville,50-59,38,10,0
2020-06-28,Pittsylvania-Danville,60-69,23,8,1
2020-06-28,Pittsylvania-Danville,70-79,21,10,0
2020-06-28,Pittsylvania-Danville,80+,6,4,2
2020-06-28,Pittsylvania-Danville,Missing,0,0,0
2020-06-28,Portsmouth,0-9,13,1,0
2020-06-28,Portsmouth,19-Oct,16,0,0
2020-06-28,Portsmouth,20-29,92,5,0
2020-06-28,Portsmouth,30-39,94,4,0
2020-06-28,Portsmouth,40-49,65,6,0
2020-06-28,Portsmouth,50-59,72,18,2
2020-06-28,Portsmouth,60-69,51,16,5
2020-06-28,Portsmouth,70-79,29,11,5
2020-06-28,Portsmouth,80+,20,7,4
2020-06-28,Portsmouth,Missing,7,0,0
2020-06-28,"Prince William",0-9,312,7,0
2020-06-28,"Prince William",19-Oct,738,8,0
2020-06-28,"Prince William",20-29,1590,49,0
2020-06-28,"Prince William",30-39,1689,91,2
2020-06-28,"Prince William",40-49,1906,142,6
2020-06-28,"Prince William",50-59,1402,180,14
2020-06-28,"Prince William",60-69,736,157,34
2020-06-28,"Prince William",70-79,288,80,40
2020-06-28,"Prince William",80+,224,74,64
2020-06-28,"Prince William",Missing,134,2,0
2020-06-28,Rappahannock,0-9,111,1,0
2020-06-28,Rappahannock,19-Oct,219,2,0
2020-06-28,Rappahannock,20-29,408,11,0
2020-06-28,Rappahannock,30-39,481,21,0
2020-06-28,Rappahannock,40-49,434,37,2
2020-06-28,Rappahannock,50-59,370,45,4
2020-06-28,Rappahannock,60-69,204,44,5
2020-06-28,Rappahannock,70-79,99,28,14
2020-06-28,Rappahannock,80+,89,30,17
2020-06-28,Rappahannock,Missing,20,0,0
2020-06-28,"Rappahannock Rapidan",0-9,70,1,0
2020-06-28,"Rappahannock Rapidan",19-Oct,129,3,0
2020-06-28,"Rappahannock Rapidan",20-29,270,4,0
2020-06-28,"Rappahannock Rapidan",30-39,295,16,1
2020-06-28,"Rappahannock Rapidan",40-49,288,19,2
2020-06-28,"Rappahannock Rapidan",50-59,206,23,2
2020-06-28,"Rappahannock Rapidan",60-69,110,16,4
2020-06-28,"Rappahannock Rapidan",70-79,38,12,7
2020-06-28,"Rappahannock Rapidan",80+,20,13,4
2020-06-28,"Rappahannock Rapidan",Missing,7,0,0
2020-06-28,Richmond,0-9,97,4,0
2020-06-28,Richmond,19-Oct,184,2,0
2020-06-28,Richmond,20-29,445,13,0
2020-06-28,Richmond,30-39,471,24,1
2020-06-28,Richmond,40-49,372,26,1
2020-06-28,Richmond,50-59,282,44,1
2020-06-28,Richmond,60-69,195,45,6
2020-06-28,Richmond,70-79,84,38,13
2020-06-28,Richmond,80+,36,18,8
2020-06-28,Richmond,Missing,18,0,0
2020-06-28,Roanoke,0-9,10,0,0
2020-06-28,Roanoke,19-Oct,31,0,0
2020-06-28,Roanoke,20-29,77,3,0
2020-06-28,Roanoke,30-39,77,0,0
2020-06-28,Roanoke,40-49,53,1,0
2020-06-28,Roanoke,50-59,39,1,0
2020-06-28,Roanoke,60-69,29,3,0
2020-06-28,Roanoke,70-79,11,3,0
2020-06-28,Roanoke,80+,38,3,10
2020-06-28,Roanoke,Missing,3,0,0
2020-06-28,Southside,0-9,3,0,0
2020-06-28,Southside,19-Oct,7,0,0
2020-06-28,Southside,20-29,39,2,0
2020-06-28,Southside,30-39,51,1,0
2020-06-28,Southside,40-49,47,5,0
2020-06-28,Southside,50-59,57,8,0
2020-06-28,Southside,60-69,53,11,4
2020-06-28,Southside,70-79,55,9,12
2020-06-28,Southside,80+,79,12,12
2020-06-28,Southside,Missing,0,0,0
2020-06-28,"Thomas Jefferson",0-9,38,1,0
2020-06-28,"Thomas Jefferson",19-Oct,59,1,0
2020-06-28,"Thomas Jefferson",20-29,150,1,0
2020-06-28,"Thomas Jefferson",30-39,188,5,0
2020-06-28,"Thomas Jefferson",40-49,147,9,0
2020-06-28,"Thomas Jefferson",50-59,112,9,1
2020-06-28,"Thomas Jefferson",60-69,81,18,2
2020-06-28,"Thomas Jefferson",70-79,61,19,2
2020-06-28,"Thomas Jefferson",80+,75,25,14
2020-06-28,"Thomas Jefferson",Missing,1,0,0
2020-06-28,"Three Rivers",0-9,9,1,0
2020-06-28,"Three Rivers",19-Oct,24,0,0
2020-06-28,"Three Rivers",20-29,107,4,0
2020-06-28,"Three Rivers",30-39,137,3,0
2020-06-28,"Three Rivers",40-49,133,11,2
2020-06-28,"Three Rivers",50-59,94,7,0
2020-06-28,"Three Rivers",60-69,68,11,0
2020-06-28,"Three Rivers",70-79,32,7,4
2020-06-28,"Three Rivers",80+,30,5,3
2020-06-28,"Three Rivers",Missing,1,0,0
2020-06-28,"Virginia Beach",0-9,24,0,0
2020-06-28,"Virginia Beach",19-Oct,59,0,0
2020-06-28,"Virginia Beach",20-29,251,4,0
2020-06-28,"Virginia Beach",30-39,166,11,0
2020-06-28,"Virginia Beach",40-49,160,19,1
2020-06-28,"Virginia Beach",50-59,146,13,0
2020-06-28,"Virginia Beach",60-69,138,18,1
2020-06-28,"Virginia Beach",70-79,68,25,7
2020-06-28,"Virginia Beach",80+,86,28,20
2020-06-28,"Virginia Beach",Missing,25,0,0
2020-06-28,"West Piedmont",0-9,15,1,0
2020-06-28,"West Piedmont",19-Oct,47,0,0
2020-06-28,"West Piedmont",20-29,53,1,0
2020-06-28,"West Piedmont",30-39,67,1,0
2020-06-28,"West Piedmont",40-49,76,7,2
2020-06-28,"West Piedmont",50-59,89,10,1
2020-06-28,"West Piedmont",60-69,46,5,0
2020-06-28,"West Piedmont",70-79,23,7,3
2020-06-28,"West Piedmont",80+,13,6,1
2020-06-28,"West Piedmont",Missing,0,0,0
2020-06-28,"Western Tidewater",0-9,7,0,0
2020-06-28,"Western Tidewater",19-Oct,15,0,0
2020-06-28,"Western Tidewater",20-29,71,3,0
2020-06-28,"Western Tidewater",30-39,111,6,0
2020-06-28,"Western Tidewater",40-49,95,5,1
2020-06-28,"Western Tidewater",50-59,136,12,2
2020-06-28,"Western Tidewater",60-69,120,13,6
2020-06-28,"Western Tidewater",70-79,87,21,16
2020-06-28,"Western Tidewater",80+,130,23,21
2020-06-28,"Western Tidewater",Missing,5,0,0
2020-06-29,Alexandria,0-9,127,2,0
2020-06-29,Alexandria,19-Oct,166,3,0
2020-06-29,Alexandria,20-29,359,8,1
2020-06-29,Alexandria,30-39,537,30,0
2020-06-29,Alexandria,40-49,429,37,0
2020-06-29,Alexandria,50-59,301,48,10
2020-06-29,Alexandria,60-69,197,44,2
2020-06-29,Alexandria,70-79,101,38,19
2020-06-29,Alexandria,80+,89,28,25
2020-06-29,Alexandria,Missing,11,0,0
2020-06-29,Alleghany,0-9,8,0,0
2020-06-29,Alleghany,19-Oct,55,0,0
2020-06-29,Alleghany,20-29,81,1,0
2020-06-29,Alleghany,30-39,48,2,0
2020-06-29,Alleghany,40-49,60,1,0
2020-06-29,Alleghany,50-59,60,5,1
2020-06-29,Alleghany,60-69,45,7,1
2020-06-29,Alleghany,70-79,38,7,7
2020-06-29,Alleghany,80+,24,8,5
2020-06-29,Alleghany,Missing,1,0,0
2020-06-29,Arlington,0-9,44,2,0
2020-06-29,Arlington,19-Oct,91,5,0
2020-06-29,Arlington,20-29,419,20,0
2020-06-29,Arlington,30-39,446,43,0
2020-06-29,Arlington,40-49,421,47,6
2020-06-29,Arlington,50-59,379,66,6
2020-06-29,Arlington,60-69,279,78,19
2020-06-29,Arlington,70-79,172,72,32
2020-06-29,Arlington,80+,204,84,69
2020-06-29,Arlington,Missing,11,1,0
2020-06-29,"Central Shenandoah",0-9,55,0,0
2020-06-29,"Central Shenandoah",19-Oct,112,1,0
2020-06-29,"Central Shenandoah",20-29,387,7,0
2020-06-29,"Central Shenandoah",30-39,309,6,0
2020-06-29,"Central Shenandoah",40-49,333,13,0
2020-06-29,"Central Shenandoah",50-59,362,31,2
2020-06-29,"Central Shenandoah",60-69,256,44,8
2020-06-29,"Central Shenandoah",70-79,123,38,12
2020-06-29,"Central Shenandoah",80+,105,25,14
2020-06-29,"Central Shenandoah",Missing,0,0,0
2020-06-29,"Central Virginia",0-9,7,0,0
2020-06-29,"Central Virginia",19-Oct,44,1,0
2020-06-29,"Central Virginia",20-29,76,2,0
2020-06-29,"Central Virginia",30-39,55,1,0
2020-06-29,"Central Virginia",40-49,50,0,0
2020-06-29,"Central Virginia",50-59,57,2,1
2020-06-29,"Central Virginia",60-69,44,4,2
2020-06-29,"Central Virginia",70-79,21,4,2
2020-06-29,"Central Virginia",80+,16,2,0
2020-06-29,"Central Virginia",Missing,1,0,0
2020-06-29,Chesapeake,0-9,23,1,0
2020-06-29,Chesapeake,19-Oct,45,1,0
2020-06-29,Chesapeake,20-29,134,3,0
2020-06-29,Chesapeake,30-39,156,8,0
2020-06-29,Chesapeake,40-49,139,20,0
2020-06-29,Chesapeake,50-59,135,19,1
2020-06-29,Chesapeake,60-69,116,29,5
2020-06-29,Chesapeake,70-79,67,27,3
2020-06-29,Chesapeake,80+,61,21,11
2020-06-29,Chesapeake,Missing,11,1,0
2020-06-29,Chesterfield,0-9,114,0,0
2020-06-29,Chesterfield,19-Oct,292,0,0
2020-06-29,Chesterfield,20-29,492,5,0
2020-06-29,Chesterfield,30-39,605,4,0
2020-06-29,Chesterfield,40-49,551,15,2
2020-06-29,Chesterfield,50-59,430,29,4
2020-06-29,Chesterfield,60-69,274,33,9
2020-06-29,Chesterfield,70-79,128,21,14
2020-06-29,Chesterfield,80+,134,27,39
2020-06-29,Chesterfield,Missing,71,0,0
2020-06-29,Chickahominy,0-9,13,0,0
2020-06-29,Chickahominy,19-Oct,36,0,0
2020-06-29,Chickahominy,20-29,82,0,0
2020-06-29,Chickahominy,30-39,85,2,0
2020-06-29,Chickahominy,40-49,83,11,1
2020-06-29,Chickahominy,50-59,114,22,1
2020-06-29,Chickahominy,60-69,75,18,6
2020-06-29,Chickahominy,70-79,56,20,6
2020-06-29,Chickahominy,80+,83,34,22
2020-06-29,Chickahominy,Missing,12,0,0
2020-06-29,Crater,0-9,23,1,0
2020-06-29,Crater,19-Oct,49,0,0
2020-06-29,Crater,20-29,220,7,0
2020-06-29,Crater,30-39,260,4,0
2020-06-29,Crater,40-49,213,14,1
2020-06-29,Crater,50-59,259,29,3
2020-06-29,Crater,60-69,211,41,11
2020-06-29,Crater,70-79,128,30,9
2020-06-29,Crater,80+,96,17,4
2020-06-29,Crater,Missing,7,0,0
2020-06-29,"Cumberland Plateau",0-9,1,0,0
2020-06-29,"Cumberland Plateau",19-Oct,19,0,0
2020-06-29,"Cumberland Plateau",20-29,4,0,0
2020-06-29,"Cumberland Plateau",30-39,9,0,0
2020-06-29,"Cumberland Plateau",40-49,13,0,0
2020-06-29,"Cumberland Plateau",50-59,6,1,0
2020-06-29,"Cumberland Plateau",60-69,5,1,0
2020-06-29,"Cumberland Plateau",70-79,4,0,0
2020-06-29,"Cumberland Plateau",80+,0,0,0
2020-06-29,"Cumberland Plateau",Missing,0,0,0
2020-06-29,"Eastern Shore",0-9,19,1,0
2020-06-29,"Eastern Shore",19-Oct,57,1,0
2020-06-29,"Eastern Shore",20-29,198,6,0
2020-06-29,"Eastern Shore",30-39,234,8,0
2020-06-29,"Eastern Shore",40-49,245,10,2
2020-06-29,"Eastern Shore",50-59,276,19,5
2020-06-29,"Eastern Shore",60-69,176,28,8
2020-06-29,"Eastern Shore",70-79,47,16,9
2020-06-29,"Eastern Shore",80+,50,21,18
2020-06-29,"Eastern Shore",Missing,6,0,0
2020-06-29,Fairfax,0-9,464,18,0
2020-06-29,Fairfax,19-Oct,803,24,0
2020-06-29,Fairfax,20-29,2173,70,3
2020-06-29,Fairfax,30-39,2689,163,4
2020-06-29,Fairfax,40-49,2623,241,9
2020-06-29,Fairfax,50-59,2196,287,31
2020-06-29,Fairfax,60-69,1418,299,57
2020-06-29,Fairfax,70-79,661,231,105
2020-06-29,Fairfax,80+,788,291,284
2020-06-29,Fairfax,Missing,151,3,0
2020-06-29,Hampton,0-9,11,0,0
2020-06-29,Hampton,19-Oct,16,0,0
2020-06-29,Hampton,20-29,70,2,0
2020-06-29,Hampton,30-39,54,3,0
2020-06-29,Hampton,40-49,44,5,0
2020-06-29,Hampton,50-59,47,9,1
2020-06-29,Hampton,60-69,41,11,2
2020-06-29,Hampton,70-79,21,8,0
2020-06-29,Hampton,80+,7,3,2
2020-06-29,Hampton,Missing,5,0,0
2020-06-29,Henrico,0-9,103,1,0
2020-06-29,Henrico,19-Oct,156,3,0
2020-06-29,Henrico,20-29,354,14,0
2020-06-29,Henrico,30-39,444,16,0
2020-06-29,Henrico,40-49,378,25,1
2020-06-29,Henrico,50-59,316,34,8
2020-06-29,Henrico,60-69,286,46,27
2020-06-29,Henrico,70-79,207,45,34
2020-06-29,Henrico,80+,311,66,70
2020-06-29,Henrico,Missing,29,1,1
2020-06-29,Lenowisco,0-9,3,0,0
2020-06-29,Lenowisco,19-Oct,3,0,0
2020-06-29,Lenowisco,20-29,7,0,0
2020-06-29,Lenowisco,30-39,5,1,1
2020-06-29,Lenowisco,40-49,7,2,0
2020-06-29,Lenowisco,50-59,15,5,0
2020-06-29,Lenowisco,60-69,5,4,2
2020-06-29,Lenowisco,70-79,5,4,1
2020-06-29,Lenowisco,80+,0,0,0
2020-06-29,Lenowisco,Missing,0,0,0
2020-06-29,"Lord Fairfax",0-9,56,1,0
2020-06-29,"Lord Fairfax",19-Oct,135,1,0
2020-06-29,"Lord Fairfax",20-29,335,5,0
2020-06-29,"Lord Fairfax",30-39,325,11,1
2020-06-29,"Lord Fairfax",40-49,312,16,1
2020-06-29,"Lord Fairfax",50-59,322,25,2
2020-06-29,"Lord Fairfax",60-69,215,44,12
2020-06-29,"Lord Fairfax",70-79,127,37,15
2020-06-29,"Lord Fairfax",80+,136,32,35
2020-06-29,"Lord Fairfax",Missing,2,0,0
2020-06-29,Loudoun,0-9,149,3,0
2020-06-29,Loudoun,19-Oct,424,0,0
2020-06-29,Loudoun,20-29,638,6,0
2020-06-29,Loudoun,30-39,714,23,0
2020-06-29,Loudoun,40-49,787,46,1
2020-06-29,Loudoun,50-59,618,50,1
2020-06-29,Loudoun,60-69,249,48,5
2020-06-29,Loudoun,70-79,142,45,14
2020-06-29,Loudoun,80+,188,50,65
2020-06-29,Loudoun,Missing,59,0,1
2020-06-29,"Mount Rogers",0-9,35,1,0
2020-06-29,"Mount Rogers",19-Oct,51,0,0
2020-06-29,"Mount Rogers",20-29,109,0,0
2020-06-29,"Mount Rogers",30-39,102,4,0
2020-06-29,"Mount Rogers",40-49,101,3,1
2020-06-29,"Mount Rogers",50-59,89,5,1
2020-06-29,"Mount Rogers",60-69,81,8,0
2020-06-29,"Mount Rogers",70-79,59,26,9
2020-06-29,"Mount Rogers",80+,72,25,18
2020-06-29,"Mount Rogers",Missing,1,0,0
2020-06-29,"New River",0-9,5,0,0
2020-06-29,"New River",19-Oct,22,0,0
2020-06-29,"New River",20-29,58,0,0
2020-06-29,"New River",30-39,26,1,0
2020-06-29,"New River",40-49,35,1,0
2020-06-29,"New River",50-59,30,4,0
2020-06-29,"New River",60-69,26,4,0
2020-06-29,"New River",70-79,16,8,4
2020-06-29,"New River",80+,12,4,1
2020-06-29,"New River",Missing,0,0,0
2020-06-29,Norfolk,0-9,32,1,0
2020-06-29,Norfolk,19-Oct,53,1,0
2020-06-29,Norfolk,20-29,236,3,0
2020-06-29,Norfolk,30-39,169,11,0
2020-06-29,Norfolk,40-49,128,12,0
2020-06-29,Norfolk,50-59,125,20,2
2020-06-29,Norfolk,60-69,83,25,1
2020-06-29,Norfolk,70-79,36,23,3
2020-06-29,Norfolk,80+,20,7,3
2020-06-29,Norfolk,Missing,7,1,0
2020-06-29,Peninsula,0-9,34,0,0
2020-06-29,Peninsula,19-Oct,51,1,0
2020-06-29,Peninsula,20-29,189,1,0
2020-06-29,Peninsula,30-39,160,7,1
2020-06-29,Peninsula,40-49,128,7,1
2020-06-29,Peninsula,50-59,133,19,3
2020-06-29,Peninsula,60-69,122,29,3
2020-06-29,Peninsula,70-79,86,38,11
2020-06-29,Peninsula,80+,51,24,15
2020-06-29,Peninsula,Missing,7,0,0
2020-06-29,Piedmont,0-9,20,0,0
2020-06-29,Piedmont,19-Oct,31,0,0
2020-06-29,Piedmont,20-29,154,2,0
2020-06-29,Piedmont,30-39,191,3,0
2020-06-29,Piedmont,40-49,185,9,0
2020-06-29,Piedmont,50-59,182,19,0
2020-06-29,Piedmont,60-69,132,19,2
2020-06-29,Piedmont,70-79,64,17,2
2020-06-29,Piedmont,80+,48,15,6
2020-06-29,Piedmont,Missing,1,0,0
2020-06-29,Pittsylvania-Danville,0-9,4,0,0
2020-06-29,Pittsylvania-Danville,19-Oct,10,0,0
2020-06-29,Pittsylvania-Danville,20-29,22,0,0
2020-06-29,Pittsylvania-Danville,30-39,27,1,0
2020-06-29,Pittsylvania-Danville,40-49,44,6,0
2020-06-29,Pittsylvania-Danville,50-59,39,10,0
2020-06-29,Pittsylvania-Danville,60-69,23,8,1
2020-06-29,Pittsylvania-Danville,70-79,23,11,0
2020-06-29,Pittsylvania-Danville,80+,7,5,2
2020-06-29,Pittsylvania-Danville,Missing,0,0,0
2020-06-29,Portsmouth,0-9,13,1,0
2020-06-29,Portsmouth,19-Oct,17,0,0
2020-06-29,Portsmouth,20-29,96,5,0
2020-06-29,Portsmouth,30-39,97,4,0
2020-06-29,Portsmouth,40-49,66,6,0
2020-06-29,Portsmouth,50-59,71,18,2
2020-06-29,Portsmouth,60-69,53,16,5
2020-06-29,Portsmouth,70-79,30,11,5
2020-06-29,Portsmouth,80+,20,7,4
2020-06-29,Portsmouth,Missing,8,0,0
2020-06-29,"Prince William",0-9,312,8,0
2020-06-29,"Prince William",19-Oct,738,8,0
2020-06-29,"Prince William",20-29,1589,49,0
2020-06-29,"Prince William",30-39,1690,91,2
2020-06-29,"Prince William",40-49,1910,142,6
2020-06-29,"Prince William",50-59,1399,180,14
2020-06-29,"Prince William",60-69,737,157,34
2020-06-29,"Prince William",70-79,289,82,40
2020-06-29,"Prince William",80+,224,74,64
2020-06-29,"Prince William",Missing,134,2,0
2020-06-29,Rappahannock,0-9,111,1,0
2020-06-29,Rappahannock,19-Oct,220,2,0
2020-06-29,Rappahannock,20-29,407,11,0
2020-06-29,Rappahannock,30-39,482,21,0
2020-06-29,Rappahannock,40-49,436,37,2
2020-06-29,Rappahannock,50-59,371,45,4
2020-06-29,Rappahannock,60-69,206,44,5
2020-06-29,Rappahannock,70-79,100,28,14
2020-06-29,Rappahannock,80+,90,30,17
2020-06-29,Rappahannock,Missing,19,0,0
2020-06-29,"Rappahannock Rapidan",0-9,71,1,0
2020-06-29,"Rappahannock Rapidan",19-Oct,129,3,0
2020-06-29,"Rappahannock Rapidan",20-29,269,4,0
2020-06-29,"Rappahannock Rapidan",30-39,296,16,1
2020-06-29,"Rappahannock Rapidan",40-49,288,19,2
2020-06-29,"Rappahannock Rapidan",50-59,205,23,2
2020-06-29,"Rappahannock Rapidan",60-69,111,16,4
2020-06-29,"Rappahannock Rapidan",70-79,38,12,7
2020-06-29,"Rappahannock Rapidan",80+,20,13,4
2020-06-29,"Rappahannock Rapidan",Missing,7,0,0
2020-06-29,Richmond,0-9,97,4,0
2020-06-29,Richmond,19-Oct,186,2,0
2020-06-29,Richmond,20-29,451,13,0
2020-06-29,Richmond,30-39,471,24,1
2020-06-29,Richmond,40-49,372,26,1
2020-06-29,Richmond,50-59,284,46,1
2020-06-29,Richmond,60-69,195,45,6
2020-06-29,Richmond,70-79,85,39,13
2020-06-29,Richmond,80+,36,19,8
2020-06-29,Richmond,Missing,18,0,0
2020-06-29,Roanoke,0-9,11,0,0
2020-06-29,Roanoke,19-Oct,38,0,0
2020-06-29,Roanoke,20-29,86,3,0
2020-06-29,Roanoke,30-39,88,0,0
2020-06-29,Roanoke,40-49,57,1,0
2020-06-29,Roanoke,50-59,40,1,0
2020-06-29,Roanoke,60-69,30,3,0
2020-06-29,Roanoke,70-79,12,3,0
2020-06-29,Roanoke,80+,38,3,10
2020-06-29,Roanoke,Missing,3,0,0
2020-06-29,Southside,0-9,3,0,0
2020-06-29,Southside,19-Oct,8,0,0
2020-06-29,Southside,20-29,39,2,0
2020-06-29,Southside,30-39,51,1,0
2020-06-29,Southside,40-49,47,5,0
2020-06-29,Southside,50-59,57,8,0
2020-06-29,Southside,60-69,53,11,4
2020-06-29,Southside,70-79,55,9,12
2020-06-29,Southside,80+,79,12,12
2020-06-29,Southside,Missing,0,0,0
2020-06-29,"Thomas Jefferson",0-9,38,1,0
2020-06-29,"Thomas Jefferson",19-Oct,59,1,0
2020-06-29,"Thomas Jefferson",20-29,150,1,0
2020-06-29,"Thomas Jefferson",30-39,189,5,0
2020-06-29,"Thomas Jefferson",40-49,150,9,0
2020-06-29,"Thomas Jefferson",50-59,112,9,1
2020-06-29,"Thomas Jefferson",60-69,81,18,2
2020-06-29,"Thomas Jefferson",70-79,61,19,2
2020-06-29,"Thomas Jefferson",80+,75,25,14
2020-06-29,"Thomas Jefferson",Missing,1,0,0
2020-06-29,"Three Rivers",0-9,9,1,0
2020-06-29,"Three Rivers",19-Oct,24,0,0
2020-06-29,"Three Rivers",20-29,109,4,0
2020-06-29,"Three Rivers",30-39,139,3,0
2020-06-29,"Three Rivers",40-49,134,11,2
2020-06-29,"Three Rivers",50-59,95,7,0
2020-06-29,"Three Rivers",60-69,68,11,0
2020-06-29,"Three Rivers",70-79,32,7,4
2020-06-29,"Three Rivers",80+,30,5,3
2020-06-29,"Three Rivers",Missing,1,0,0
2020-06-29,"Virginia Beach",0-9,26,0,0
2020-06-29,"Virginia Beach",19-Oct,59,0,0
2020-06-29,"Virginia Beach",20-29,260,4,0
2020-06-29,"Virginia Beach",30-39,172,11,0
2020-06-29,"Virginia Beach",40-49,162,19,1
2020-06-29,"Virginia Beach",50-59,148,13,0
2020-06-29,"Virginia Beach",60-69,139,18,1
2020-06-29,"Virginia Beach",70-79,68,25,7
2020-06-29,"Virginia Beach",80+,86,28,20
2020-06-29,"Virginia Beach",Missing,25,0,0
2020-06-29,"West Piedmont",0-9,15,1,0
2020-06-29,"West Piedmont",19-Oct,48,0,0
2020-06-29,"West Piedmont",20-29,55,1,0
2020-06-29,"West Piedmont",30-39,67,1,0
2020-06-29,"West Piedmont",40-49,78,7,2
2020-06-29,"West Piedmont",50-59,92,10,1
2020-06-29,"West Piedmont",60-69,47,5,0
2020-06-29,"West Piedmont",70-79,23,7,3
2020-06-29,"West Piedmont",80+,13,6,1
2020-06-29,"West Piedmont",Missing,0,0,0
2020-06-29,"Western Tidewater",0-9,7,0,0
2020-06-29,"Western Tidewater",19-Oct,15,0,0
2020-06-29,"Western Tidewater",20-29,71,3,0
2020-06-29,"Western Tidewater",30-39,113,6,0
2020-06-29,"Western Tidewater",40-49,97,5,1
2020-06-29,"Western Tidewater",50-59,137,12,2
2020-06-29,"Western Tidewater",60-69,124,13,6
2020-06-29,"Western Tidewater",70-79,87,21,16
2020-06-29,"Western Tidewater",80+,130,23,21
2020-06-29,"Western Tidewater",Missing,5,0,0
2020-06-30,Alexandria,0-9,127,2,0
2020-06-30,Alexandria,19-Oct,167,3,0
2020-06-30,Alexandria,20-29,363,8,1
2020-06-30,Alexandria,30-39,539,30,0
2020-06-30,Alexandria,40-49,429,37,0
2020-06-30,Alexandria,50-59,302,48,10
2020-06-30,Alexandria,60-69,197,44,2
2020-06-30,Alexandria,70-79,101,38,19
2020-06-30,Alexandria,80+,89,28,25
2020-06-30,Alexandria,Missing,11,0,0
2020-06-30,Alleghany,0-9,9,0,0
2020-06-30,Alleghany,19-Oct,68,0,0
2020-06-30,Alleghany,20-29,87,1,0
2020-06-30,Alleghany,30-39,56,2,0
2020-06-30,Alleghany,40-49,65,1,0
2020-06-30,Alleghany,50-59,62,5,1
2020-06-30,Alleghany,60-69,49,7,1
2020-06-30,Alleghany,70-79,51,7,7
2020-06-30,Alleghany,80+,38,8,6
2020-06-30,Alleghany,Missing,1,0,0
2020-06-30,Arlington,0-9,44,2,0
2020-06-30,Arlington,19-Oct,93,5,0
2020-06-30,Arlington,20-29,419,20,0
2020-06-30,Arlington,30-39,449,43,0
2020-06-30,Arlington,40-49,426,47,6
2020-06-30,Arlington,50-59,381,66,6
2020-06-30,Arlington,60-69,280,78,19
2020-06-30,Arlington,70-79,172,72,32
2020-06-30,Arlington,80+,204,84,69
2020-06-30,Arlington,Missing,11,1,0
2020-06-30,"Central Shenandoah",0-9,55,0,0
2020-06-30,"Central Shenandoah",19-Oct,114,1,0
2020-06-30,"Central Shenandoah",20-29,391,7,0
2020-06-30,"Central Shenandoah",30-39,311,6,0
2020-06-30,"Central Shenandoah",40-49,334,13,0
2020-06-30,"Central Shenandoah",50-59,365,31,2
2020-06-30,"Central Shenandoah",60-69,257,45,8
2020-06-30,"Central Shenandoah",70-79,124,38,12
2020-06-30,"Central Shenandoah",80+,105,25,14
2020-06-30,"Central Shenandoah",Missing,1,0,0
2020-06-30,"Central Virginia",0-9,7,0,0
2020-06-30,"Central Virginia",19-Oct,48,1,0
2020-06-30,"Central Virginia",20-29,78,2,0
2020-06-30,"Central Virginia",30-39,56,1,0
2020-06-30,"Central Virginia",40-49,52,0,0
2020-06-30,"Central Virginia",50-59,59,2,1
2020-06-30,"Central Virginia",60-69,45,4,2
2020-06-30,"Central Virginia",70-79,22,4,2
2020-06-30,"Central Virginia",80+,18,2,0
2020-06-30,"Central Virginia",Missing,1,0,0
2020-06-30,Chesapeake,0-9,23,1,0
2020-06-30,Chesapeake,19-Oct,45,1,0
2020-06-30,Chesapeake,20-29,135,3,0
2020-06-30,Chesapeake,30-39,158,8,0
2020-06-30,Chesapeake,40-49,142,20,0
2020-06-30,Chesapeake,50-59,136,19,1
2020-06-30,Chesapeake,60-69,117,29,5
2020-06-30,Chesapeake,70-79,67,27,3
2020-06-30,Chesapeake,80+,61,21,11
2020-06-30,Chesapeake,Missing,11,1,0
2020-06-30,Chesterfield,0-9,115,0,0
2020-06-30,Chesterfield,19-Oct,296,0,0
2020-06-30,Chesterfield,20-29,496,5,0
2020-06-30,Chesterfield,30-39,615,5,0
2020-06-30,Chesterfield,40-49,552,15,2
2020-06-30,Chesterfield,50-59,433,29,4
2020-06-30,Chesterfield,60-69,278,33,9
2020-06-30,Chesterfield,70-79,129,21,14
2020-06-30,Chesterfield,80+,137,27,40
2020-06-30,Chesterfield,Missing,71,0,0
2020-06-30,Chickahominy,0-9,13,0,0
2020-06-30,Chickahominy,19-Oct,38,0,0
2020-06-30,Chickahominy,20-29,83,0,0
2020-06-30,Chickahominy,30-39,86,2,0
2020-06-30,Chickahominy,40-49,84,11,1
2020-06-30,Chickahominy,50-59,114,22,1
2020-06-30,Chickahominy,60-69,75,18,6
2020-06-30,Chickahominy,70-79,56,20,6
2020-06-30,Chickahominy,80+,83,34,22
2020-06-30,Chickahominy,Missing,12,0,0
2020-06-30,Crater,0-9,25,1,0
2020-06-30,Crater,19-Oct,50,0,0
2020-06-30,Crater,20-29,225,7,0
2020-06-30,Crater,30-39,265,4,0
2020-06-30,Crater,40-49,217,14,1
2020-06-30,Crater,50-59,265,31,3
2020-06-30,Crater,60-69,211,42,11
2020-06-30,Crater,70-79,132,32,10
2020-06-30,Crater,80+,95,17,5
2020-06-30,Crater,Missing,7,0,0
2020-06-30,"Cumberland Plateau",0-9,1,0,0
2020-06-30,"Cumberland Plateau",19-Oct,19,0,0
2020-06-30,"Cumberland Plateau",20-29,4,0,0
2020-06-30,"Cumberland Plateau",30-39,9,0,0
2020-06-30,"Cumberland Plateau",40-49,14,0,0
2020-06-30,"Cumberland Plateau",50-59,6,1,0
2020-06-30,"Cumberland Plateau",60-69,5,1,0
2020-06-30,"Cumberland Plateau",70-79,4,0,0
2020-06-30,"Cumberland Plateau",80+,0,0,0
2020-06-30,"Cumberland Plateau",Missing,0,0,0
2020-06-30,"Eastern Shore",0-9,20,2,0
2020-06-30,"Eastern Shore",19-Oct,57,1,0
2020-06-30,"Eastern Shore",20-29,197,6,0
2020-06-30,"Eastern Shore",30-39,235,8,0
2020-06-30,"Eastern Shore",40-49,247,10,2
2020-06-30,"Eastern Shore",50-59,276,19,5
2020-06-30,"Eastern Shore",60-69,176,28,8
2020-06-30,"Eastern Shore",70-79,47,16,9
2020-06-30,"Eastern Shore",80+,50,21,18
2020-06-30,"Eastern Shore",Missing,6,0,0
2020-06-30,Fairfax,0-9,465,18,0
2020-06-30,Fairfax,19-Oct,811,24,0
2020-06-30,Fairfax,20-29,2178,70,3
2020-06-30,Fairfax,30-39,2685,165,5
2020-06-30,Fairfax,40-49,2627,244,9
2020-06-30,Fairfax,50-59,2192,285,32
2020-06-30,Fairfax,60-69,1421,300,59
2020-06-30,Fairfax,70-79,662,231,107
2020-06-30,Fairfax,80+,784,291,288
2020-06-30,Fairfax,Missing,151,3,0
2020-06-30,Hampton,0-9,11,0,0
2020-06-30,Hampton,19-Oct,16,0,0
2020-06-30,Hampton,20-29,73,2,0
2020-06-30,Hampton,30-39,57,3,0
2020-06-30,Hampton,40-49,46,5,0
2020-06-30,Hampton,50-59,48,9,1
2020-06-30,Hampton,60-69,42,11,2
2020-06-30,Hampton,70-79,23,8,0
2020-06-30,Hampton,80+,7,3,2
2020-06-30,Hampton,Missing,5,0,0
2020-06-30,Henrico,0-9,104,2,0
2020-06-30,Henrico,19-Oct,160,3,0
2020-06-30,Henrico,20-29,355,14,0
2020-06-30,Henrico,30-39,442,16,0
2020-06-30,Henrico,40-49,379,26,1
2020-06-30,Henrico,50-59,317,35,8
2020-06-30,Henrico,60-69,288,46,27
2020-06-30,Henrico,70-79,206,45,34
2020-06-30,Henrico,80+,311,66,70
2020-06-30,Henrico,Missing,29,1,1
2020-06-30,Lenowisco,0-9,3,0,0
2020-06-30,Lenowisco,19-Oct,3,0,0
2020-06-30,Lenowisco,20-29,7,0,0
2020-06-30,Lenowisco,30-39,5,1,1
2020-06-30,Lenowisco,40-49,7,2,0
2020-06-30,Lenowisco,50-59,16,5,0
2020-06-30,Lenowisco,60-69,7,5,2
2020-06-30,Lenowisco,70-79,5,4,1
2020-06-30,Lenowisco,80+,0,0,0
2020-06-30,Lenowisco,Missing,0,0,0
2020-06-30,"Lord Fairfax",0-9,56,1,0
2020-06-30,"Lord Fairfax",19-Oct,137,1,0
2020-06-30,"Lord Fairfax",20-29,336,5,0
2020-06-30,"Lord Fairfax",30-39,326,11,1
2020-06-30,"Lord Fairfax",40-49,314,16,1
2020-06-30,"Lord Fairfax",50-59,324,27,2
2020-06-30,"Lord Fairfax",60-69,216,44,12
2020-06-30,"Lord Fairfax",70-79,127,37,16
2020-06-30,"Lord Fairfax",80+,136,32,35
2020-06-30,"Lord Fairfax",Missing,2,0,0
2020-06-30,Loudoun,0-9,148,3,0
2020-06-30,Loudoun,19-Oct,443,0,0
2020-06-30,Loudoun,20-29,643,7,0
2020-06-30,Loudoun,30-39,717,24,0
2020-06-30,Loudoun,40-49,786,46,1
2020-06-30,Loudoun,50-59,624,52,1
2020-06-30,Loudoun,60-69,250,48,5
2020-06-30,Loudoun,70-79,142,45,14
2020-06-30,Loudoun,80+,188,50,65
2020-06-30,Loudoun,Missing,59,0,1
2020-06-30,"Mount Rogers",0-9,35,1,0
2020-06-30,"Mount Rogers",19-Oct,53,0,0
2020-06-30,"Mount Rogers",20-29,107,0,0
2020-06-30,"Mount Rogers",30-39,103,4,0
2020-06-30,"Mount Rogers",40-49,102,3,1
2020-06-30,"Mount Rogers",50-59,91,5,1
2020-06-30,"Mount Rogers",60-69,83,8,0
2020-06-30,"Mount Rogers",70-79,60,26,9
2020-06-30,"Mount Rogers",80+,72,25,18
2020-06-30,"Mount Rogers",Missing,1,0,0
2020-06-30,"New River",0-9,7,0,0
2020-06-30,"New River",19-Oct,22,0,0
2020-06-30,"New River",20-29,58,0,0
2020-06-30,"New River",30-39,26,1,0
2020-06-30,"New River",40-49,35,1,0
2020-06-30,"New River",50-59,30,4,0
2020-06-30,"New River",60-69,26,4,0
2020-06-30,"New River",70-79,17,8,4
2020-06-30,"New River",80+,12,4,1
2020-06-30,"New River",Missing,0,0,0
2020-06-30,Norfolk,0-9,32,1,0
2020-06-30,Norfolk,19-Oct,54,1,0
2020-06-30,Norfolk,20-29,249,3,0
2020-06-30,Norfolk,30-39,177,11,0
2020-06-30,Norfolk,40-49,128,13,0
2020-06-30,Norfolk,50-59,126,20,2
2020-06-30,Norfolk,60-69,85,25,1
2020-06-30,Norfolk,70-79,37,23,3
2020-06-30,Norfolk,80+,20,7,3
2020-06-30,Norfolk,Missing,7,1,0
2020-06-30,Peninsula,0-9,34,0,0
2020-06-30,Peninsula,19-Oct,53,1,0
2020-06-30,Peninsula,20-29,192,1,0
2020-06-30,Peninsula,30-39,163,7,1
2020-06-30,Peninsula,40-49,132,7,1
2020-06-30,Peninsula,50-59,137,19,3
2020-06-30,Peninsula,60-69,124,29,3
2020-06-30,Peninsula,70-79,87,38,11
2020-06-30,Peninsula,80+,51,24,15
2020-06-30,Peninsula,Missing,7,0,0
2020-06-30,Piedmont,0-9,20,0,0
2020-06-30,Piedmont,19-Oct,32,0,0
2020-06-30,Piedmont,20-29,155,2,0
2020-06-30,Piedmont,30-39,191,3,0
2020-06-30,Piedmont,40-49,185,9,0
2020-06-30,Piedmont,50-59,183,21,0
2020-06-30,Piedmont,60-69,132,19,2
2020-06-30,Piedmont,70-79,64,17,2
2020-06-30,Piedmont,80+,48,15,6
2020-06-30,Piedmont,Missing,1,0,0
2020-06-30,Pittsylvania-Danville,0-9,6,0,0
2020-06-30,Pittsylvania-Danville,19-Oct,11,0,0
2020-06-30,Pittsylvania-Danville,20-29,23,0,0
2020-06-30,Pittsylvania-Danville,30-39,27,1,0
2020-06-30,Pittsylvania-Danville,40-49,45,6,0
2020-06-30,Pittsylvania-Danville,50-59,41,10,0
2020-06-30,Pittsylvania-Danville,60-69,24,8,1
2020-06-30,Pittsylvania-Danville,70-79,23,11,0
2020-06-30,Pittsylvania-Danville,80+,8,5,2
2020-06-30,Pittsylvania-Danville,Missing,0,0,0
2020-06-30,Portsmouth,0-9,15,1,0
2020-06-30,Portsmouth,19-Oct,19,0,0
2020-06-30,Portsmouth,20-29,100,5,0
2020-06-30,Portsmouth,30-39,98,4,0
2020-06-30,Portsmouth,40-49,66,6,0
2020-06-30,Portsmouth,50-59,72,18,2
2020-06-30,Portsmouth,60-69,53,16,5
2020-06-30,Portsmouth,70-79,30,11,5
2020-06-30,Portsmouth,80+,21,7,4
2020-06-30,Portsmouth,Missing,8,0,0
2020-06-30,"Prince William",0-9,320,8,0
2020-06-30,"Prince William",19-Oct,753,8,0
2020-06-30,"Prince William",20-29,1613,49,0
2020-06-30,"Prince William",30-39,1704,91,2
2020-06-30,"Prince William",40-49,1919,142,6
2020-06-30,"Prince William",50-59,1413,180,14
2020-06-30,"Prince William",60-69,738,159,36
2020-06-30,"Prince William",70-79,293,85,41
2020-06-30,"Prince William",80+,226,75,67
2020-06-30,"Prince William",Missing,134,2,0
2020-06-30,Rappahannock,0-9,111,1,0
2020-06-30,Rappahannock,19-Oct,220,2,0
2020-06-30,Rappahannock,20-29,414,11,0
2020-06-30,Rappahannock,30-39,482,21,0
2020-06-30,Rappahannock,40-49,437,37,2
2020-06-30,Rappahannock,50-59,372,45,4
2020-06-30,Rappahannock,60-69,207,45,5
2020-06-30,Rappahannock,70-79,100,29,14
2020-06-30,Rappahannock,80+,90,30,17
2020-06-30,Rappahannock,Missing,19,0,0
2020-06-30,"Rappahannock Rapidan",0-9,71,1,0
2020-06-30,"Rappahannock Rapidan",19-Oct,130,3,0
2020-06-30,"Rappahannock Rapidan",20-29,270,4,0
2020-06-30,"Rappahannock Rapidan",30-39,300,16,1
2020-06-30,"Rappahannock Rapidan",40-49,288,19,2
2020-06-30,"Rappahannock Rapidan",50-59,205,24,2
2020-06-30,"Rappahannock Rapidan",60-69,111,16,4
2020-06-30,"Rappahannock Rapidan",70-79,38,12,7
2020-06-30,"Rappahannock Rapidan",80+,20,13,4
2020-06-30,"Rappahannock Rapidan",Missing,7,0,0
2020-06-30,Richmond,0-9,97,5,0
2020-06-30,Richmond,19-Oct,188,2,0
2020-06-30,Richmond,20-29,458,13,0
2020-06-30,Richmond,30-39,474,25,1
2020-06-30,Richmond,40-49,372,27,1
2020-06-30,Richmond,50-59,286,46,1
2020-06-30,Richmond,60-69,195,45,6
2020-06-30,Richmond,70-79,85,38,13
2020-06-30,Richmond,80+,36,19,8
2020-06-30,Richmond,Missing,18,0,0
2020-06-30,Roanoke,0-9,11,0,0
2020-06-30,Roanoke,19-Oct,46,0,0
2020-06-30,Roanoke,20-29,94,3,0
2020-06-30,Roanoke,30-39,91,0,0
2020-06-30,Roanoke,40-49,62,1,0
2020-06-30,Roanoke,50-59,43,1,0
2020-06-30,Roanoke,60-69,32,3,0
2020-06-30,Roanoke,70-79,16,3,0
2020-06-30,Roanoke,80+,41,3,9
2020-06-30,Roanoke,Missing,3,0,0
2020-06-30,Southside,0-9,3,0,0
2020-06-30,Southside,19-Oct,8,0,0
2020-06-30,Southside,20-29,40,2,0
2020-06-30,Southside,30-39,51,1,0
2020-06-30,Southside,40-49,47,5,0
2020-06-30,Southside,50-59,58,8,0
2020-06-30,Southside,60-69,54,11,4
2020-06-30,Southside,70-79,56,9,12
2020-06-30,Southside,80+,79,12,12
2020-06-30,Southside,Missing,0,0,0
2020-06-30,"Thomas Jefferson",0-9,40,1,0
2020-06-30,"Thomas Jefferson",19-Oct,59,1,0
2020-06-30,"Thomas Jefferson",20-29,153,1,0
2020-06-30,"Thomas Jefferson",30-39,189,5,0
2020-06-30,"Thomas Jefferson",40-49,153,9,0
2020-06-30,"Thomas Jefferson",50-59,113,9,1
2020-06-30,"Thomas Jefferson",60-69,82,18,2
2020-06-30,"Thomas Jefferson",70-79,61,19,2
2020-06-30,"Thomas Jefferson",80+,75,25,15
2020-06-30,"Thomas Jefferson",Missing,1,0,0
2020-06-30,"Three Rivers",0-9,9,1,0
2020-06-30,"Three Rivers",19-Oct,24,0,0
2020-06-30,"Three Rivers",20-29,111,4,0
2020-06-30,"Three Rivers",30-39,140,3,0
2020-06-30,"Three Rivers",40-49,134,11,2
2020-06-30,"Three Rivers",50-59,95,7,0
2020-06-30,"Three Rivers",60-69,70,12,0
2020-06-30,"Three Rivers",70-79,32,7,4
2020-06-30,"Three Rivers",80+,31,5,3
2020-06-30,"Three Rivers",Missing,1,0,0
2020-06-30,"Virginia Beach",0-9,28,0,0
2020-06-30,"Virginia Beach",19-Oct,60,0,0
2020-06-30,"Virginia Beach",20-29,275,4,0
2020-06-30,"Virginia Beach",30-39,178,11,0
2020-06-30,"Virginia Beach",40-49,162,19,1
2020-06-30,"Virginia Beach",50-59,151,13,0
2020-06-30,"Virginia Beach",60-69,141,18,1
2020-06-30,"Virginia Beach",70-79,68,25,7
2020-06-30,"Virginia Beach",80+,88,28,20
2020-06-30,"Virginia Beach",Missing,25,0,0
2020-06-30,"West Piedmont",0-9,15,1,0
2020-06-30,"West Piedmont",19-Oct,63,0,0
2020-06-30,"West Piedmont",20-29,62,1,0
2020-06-30,"West Piedmont",30-39,70,1,0
2020-06-30,"West Piedmont",40-49,81,7,2
2020-06-30,"West Piedmont",50-59,92,10,1
2020-06-30,"West Piedmont",60-69,51,6,0
2020-06-30,"West Piedmont",70-79,24,7,3
2020-06-30,"West Piedmont",80+,14,7,1
2020-06-30,"West Piedmont",Missing,0,0,0
2020-06-30,"Western Tidewater",0-9,7,0,0
2020-06-30,"Western Tidewater",19-Oct,15,0,0
2020-06-30,"Western Tidewater",20-29,73,3,0
2020-06-30,"Western Tidewater",30-39,115,6,0
2020-06-30,"Western Tidewater",40-49,99,5,1
2020-06-30,"Western Tidewater",50-59,140,12,2
2020-06-30,"Western Tidewater",60-69,128,13,6
2020-06-30,"Western Tidewater",70-79,87,21,17
2020-06-30,"Western Tidewater",80+,131,23,22
2020-06-30,"Western Tidewater",Missing,5,0,0
2020-07-01,Alexandria,0-9,127,2,0
2020-07-01,Alexandria,19-Oct,167,3,0
2020-07-01,Alexandria,20-29,364,8,1
2020-07-01,Alexandria,30-39,539,30,0
2020-07-01,Alexandria,40-49,426,36,0
2020-07-01,Alexandria,50-59,303,48,10
2020-07-01,Alexandria,60-69,198,44,2
2020-07-01,Alexandria,70-79,101,38,19
2020-07-01,Alexandria,80+,89,28,25
2020-07-01,Alexandria,Missing,11,0,0
2020-07-01,Alleghany,0-9,9,0,0
2020-07-01,Alleghany,19-Oct,69,0,0
2020-07-01,Alleghany,20-29,89,1,0
2020-07-01,Alleghany,30-39,56,2,0
2020-07-01,Alleghany,40-49,64,1,0
2020-07-01,Alleghany,50-59,62,5,1
2020-07-01,Alleghany,60-69,49,7,1
2020-07-01,Alleghany,70-79,52,7,7
2020-07-01,Alleghany,80+,39,8,6
2020-07-01,Alleghany,Missing,1,0,0
2020-07-01,Arlington,0-9,44,2,0
2020-07-01,Arlington,19-Oct,93,5,0
2020-07-01,Arlington,20-29,423,20,0
2020-07-01,Arlington,30-39,449,43,0
2020-07-01,Arlington,40-49,426,47,6
2020-07-01,Arlington,50-59,380,66,6
2020-07-01,Arlington,60-69,282,78,19
2020-07-01,Arlington,70-79,172,72,32
2020-07-01,Arlington,80+,204,84,69
2020-07-01,Arlington,Missing,11,1,0
2020-07-01,"Central Shenandoah",0-9,54,0,0
2020-07-01,"Central Shenandoah",19-Oct,111,1,0
2020-07-01,"Central Shenandoah",20-29,392,6,0
2020-07-01,"Central Shenandoah",30-39,312,6,0
2020-07-01,"Central Shenandoah",40-49,334,13,0
2020-07-01,"Central Shenandoah",50-59,366,31,2
2020-07-01,"Central Shenandoah",60-69,259,45,9
2020-07-01,"Central Shenandoah",70-79,125,38,12
2020-07-01,"Central Shenandoah",80+,105,25,14
2020-07-01,"Central Shenandoah",Missing,1,0,0
2020-07-01,"Central Virginia",0-9,7,0,0
2020-07-01,"Central Virginia",19-Oct,49,1,0
2020-07-01,"Central Virginia",20-29,77,2,0
2020-07-01,"Central Virginia",30-39,57,1,0
2020-07-01,"Central Virginia",40-49,51,0,0
2020-07-01,"Central Virginia",50-59,59,2,1
2020-07-01,"Central Virginia",60-69,45,4,2
2020-07-01,"Central Virginia",70-79,21,4,2
2020-07-01,"Central Virginia",80+,18,2,0
2020-07-01,"Central Virginia",Missing,1,0,0
2020-07-01,Chesapeake,0-9,25,1,0
2020-07-01,Chesapeake,19-Oct,45,1,0
2020-07-01,Chesapeake,20-29,141,3,0
2020-07-01,Chesapeake,30-39,162,8,0
2020-07-01,Chesapeake,40-49,147,22,0
2020-07-01,Chesapeake,50-59,142,22,1
2020-07-01,Chesapeake,60-69,117,29,5
2020-07-01,Chesapeake,70-79,68,27,3
2020-07-01,Chesapeake,80+,65,23,11
2020-07-01,Chesapeake,Missing,13,1,0
2020-07-01,Chesterfield,0-9,116,0,0
2020-07-01,Chesterfield,19-Oct,298,0,0
2020-07-01,Chesterfield,20-29,499,5,0
2020-07-01,Chesterfield,30-39,616,5,0
2020-07-01,Chesterfield,40-49,555,15,2
2020-07-01,Chesterfield,50-59,438,30,4
2020-07-01,Chesterfield,60-69,282,34,9
2020-07-01,Chesterfield,70-79,129,22,15
2020-07-01,Chesterfield,80+,136,27,42
2020-07-01,Chesterfield,Missing,71,0,0
2020-07-01,Chickahominy,0-9,13,0,0
2020-07-01,Chickahominy,19-Oct,38,0,0
2020-07-01,Chickahominy,20-29,83,0,0
2020-07-01,Chickahominy,30-39,85,2,0
2020-07-01,Chickahominy,40-49,85,11,1
2020-07-01,Chickahominy,50-59,114,22,1
2020-07-01,Chickahominy,60-69,76,18,6
2020-07-01,Chickahominy,70-79,56,21,6
2020-07-01,Chickahominy,80+,83,35,23
2020-07-01,Chickahominy,Missing,12,0,0
2020-07-01,Crater,0-9,25,1,0
2020-07-01,Crater,19-Oct,50,0,0
2020-07-01,Crater,20-29,227,7,0
2020-07-01,Crater,30-39,268,5,0
2020-07-01,Crater,40-49,224,14,1
2020-07-01,Crater,50-59,266,31,3
2020-07-01,Crater,60-69,213,44,12
2020-07-01,Crater,70-79,133,32,10
2020-07-01,Crater,80+,96,18,6
2020-07-01,Crater,Missing,8,0,0
2020-07-01,"Cumberland Plateau",0-9,1,0,0
2020-07-01,"Cumberland Plateau",19-Oct,19,0,0
2020-07-01,"Cumberland Plateau",20-29,4,0,0
2020-07-01,"Cumberland Plateau",30-39,9,0,0
2020-07-01,"Cumberland Plateau",40-49,14,0,0
2020-07-01,"Cumberland Plateau",50-59,6,1,0
2020-07-01,"Cumberland Plateau",60-69,5,1,0
2020-07-01,"Cumberland Plateau",70-79,4,0,0
2020-07-01,"Cumberland Plateau",80+,0,0,0
2020-07-01,"Cumberland Plateau",Missing,0,0,0
2020-07-01,"Eastern Shore",0-9,20,2,0
2020-07-01,"Eastern Shore",19-Oct,57,1,0
2020-07-01,"Eastern Shore",20-29,197,6,0
2020-07-01,"Eastern Shore",30-39,235,8,0
2020-07-01,"Eastern Shore",40-49,247,10,2
2020-07-01,"Eastern Shore",50-59,276,19,5
2020-07-01,"Eastern Shore",60-69,177,29,8
2020-07-01,"Eastern Shore",70-79,47,16,9
2020-07-01,"Eastern Shore",80+,50,21,18
2020-07-01,"Eastern Shore",Missing,6,0,0
2020-07-01,Fairfax,0-9,467,18,0
2020-07-01,Fairfax,19-Oct,817,24,0
2020-07-01,Fairfax,20-29,2185,71,3
2020-07-01,Fairfax,30-39,2691,167,5
2020-07-01,Fairfax,40-49,2630,246,9
2020-07-01,Fairfax,50-59,2187,285,32
2020-07-01,Fairfax,60-69,1418,303,59
2020-07-01,Fairfax,70-79,663,231,107
2020-07-01,Fairfax,80+,782,292,288
2020-07-01,Fairfax,Missing,146,3,0
2020-07-01,Hampton,0-9,11,0,0
2020-07-01,Hampton,19-Oct,17,0,0
2020-07-01,Hampton,20-29,74,2,0
2020-07-01,Hampton,30-39,60,3,0
2020-07-01,Hampton,40-49,49,5,0
2020-07-01,Hampton,50-59,48,9,1
2020-07-01,Hampton,60-69,42,11,2
2020-07-01,Hampton,70-79,23,8,0
2020-07-01,Hampton,80+,7,3,2
2020-07-01,Hampton,Missing,5,0,0
2020-07-01,Henrico,0-9,104,2,0
2020-07-01,Henrico,19-Oct,161,3,0
2020-07-01,Henrico,20-29,357,14,0
2020-07-01,Henrico,30-39,445,16,0
2020-07-01,Henrico,40-49,381,26,2
2020-07-01,Henrico,50-59,319,37,8
2020-07-01,Henrico,60-69,288,46,28
2020-07-01,Henrico,70-79,208,46,36
2020-07-01,Henrico,80+,311,66,71
2020-07-01,Henrico,Missing,29,1,1
2020-07-01,Lenowisco,0-9,3,0,0
2020-07-01,Lenowisco,19-Oct,3,0,0
2020-07-01,Lenowisco,20-29,7,0,0
2020-07-01,Lenowisco,30-39,5,1,1
2020-07-01,Lenowisco,40-49,7,2,0
2020-07-01,Lenowisco,50-59,16,5,0
2020-07-01,Lenowisco,60-69,7,5,2
2020-07-01,Lenowisco,70-79,5,4,1
2020-07-01,Lenowisco,80+,0,0,0
2020-07-01,Lenowisco,Missing,0,0,0
2020-07-01,"Lord Fairfax",0-9,59,1,0
2020-07-01,"Lord Fairfax",19-Oct,142,1,0
2020-07-01,"Lord Fairfax",20-29,340,5,0
2020-07-01,"Lord Fairfax",30-39,335,11,1
2020-07-01,"Lord Fairfax",40-49,321,16,1
2020-07-01,"Lord Fairfax",50-59,330,27,2
2020-07-01,"Lord Fairfax",60-69,219,44,12
2020-07-01,"Lord Fairfax",70-79,130,38,16
2020-07-01,"Lord Fairfax",80+,136,32,35
2020-07-01,"Lord Fairfax",Missing,2,0,0
2020-07-01,Loudoun,0-9,148,3,0
2020-07-01,Loudoun,19-Oct,472,1,0
2020-07-01,Loudoun,20-29,654,7,0
2020-07-01,Loudoun,30-39,719,24,0
2020-07-01,Loudoun,40-49,789,47,1
2020-07-01,Loudoun,50-59,627,54,1
2020-07-01,Loudoun,60-69,249,48,5
2020-07-01,Loudoun,70-79,142,45,14
2020-07-01,Loudoun,80+,188,50,65
2020-07-01,Loudoun,Missing,59,0,1
2020-07-01,"Mount Rogers",0-9,37,1,0
2020-07-01,"Mount Rogers",19-Oct,56,0,0
2020-07-01,"Mount Rogers",20-29,110,0,0
2020-07-01,"Mount Rogers",30-39,103,4,0
2020-07-01,"Mount Rogers",40-49,104,3,1
2020-07-01,"Mount Rogers",50-59,94,6,1
2020-07-01,"Mount Rogers",60-69,87,8,0
2020-07-01,"Mount Rogers",70-79,61,27,9
2020-07-01,"Mount Rogers",80+,72,25,19
2020-07-01,"Mount Rogers",Missing,1,0,0
2020-07-01,"New River",0-9,7,0,0
2020-07-01,"New River",19-Oct,22,0,0
2020-07-01,"New River",20-29,59,0,0
2020-07-01,"New River",30-39,27,1,0
2020-07-01,"New River",40-49,36,1,0
2020-07-01,"New River",50-59,31,4,0
2020-07-01,"New River",60-69,26,4,0
2020-07-01,"New River",70-79,18,8,4
2020-07-01,"New River",80+,12,4,1
2020-07-01,"New River",Missing,0,0,0
2020-07-01,Norfolk,0-9,36,1,0
2020-07-01,Norfolk,19-Oct,56,1,0
2020-07-01,Norfolk,20-29,252,3,0
2020-07-01,Norfolk,30-39,182,11,0
2020-07-01,Norfolk,40-49,129,14,0
2020-07-01,Norfolk,50-59,128,20,2
2020-07-01,Norfolk,60-69,86,26,2
2020-07-01,Norfolk,70-79,37,23,3
2020-07-01,Norfolk,80+,20,7,3
2020-07-01,Norfolk,Missing,8,1,0
2020-07-01,Peninsula,0-9,36,0,0
2020-07-01,Peninsula,19-Oct,53,1,0
2020-07-01,Peninsula,20-29,200,1,0
2020-07-01,Peninsula,30-39,166,7,1
2020-07-01,Peninsula,40-49,132,7,1
2020-07-01,Peninsula,50-59,136,19,3
2020-07-01,Peninsula,60-69,128,29,3
2020-07-01,Peninsula,70-79,87,38,11
2020-07-01,Peninsula,80+,50,24,15
2020-07-01,Peninsula,Missing,7,0,0
2020-07-01,Piedmont,0-9,20,0,0
2020-07-01,Piedmont,19-Oct,32,0,0
2020-07-01,Piedmont,20-29,159,2,0
2020-07-01,Piedmont,30-39,191,3,0
2020-07-01,Piedmont,40-49,186,9,0
2020-07-01,Piedmont,50-59,185,21,0
2020-07-01,Piedmont,60-69,135,19,2
2020-07-01,Piedmont,70-79,66,18,2
2020-07-01,Piedmont,80+,48,15,7
2020-07-01,Piedmont,Missing,1,0,0
2020-07-01,Pittsylvania-Danville,0-9,6,0,0
2020-07-01,Pittsylvania-Danville,19-Oct,11,0,0
2020-07-01,Pittsylvania-Danville,20-29,23,0,0
2020-07-01,Pittsylvania-Danville,30-39,27,1,0
2020-07-01,Pittsylvania-Danville,40-49,46,6,0
2020-07-01,Pittsylvania-Danville,50-59,41,10,0
2020-07-01,Pittsylvania-Danville,60-69,24,8,1
2020-07-01,Pittsylvania-Danville,70-79,23,11,0
2020-07-01,Pittsylvania-Danville,80+,8,5,2
2020-07-01,Pittsylvania-Danville,Missing,0,0,0
2020-07-01,Portsmouth,0-9,18,1,0
2020-07-01,Portsmouth,19-Oct,21,0,0
2020-07-01,Portsmouth,20-29,101,5,0
2020-07-01,Portsmouth,30-39,103,4,0
2020-07-01,Portsmouth,40-49,66,6,0
2020-07-01,Portsmouth,50-59,73,18,2
2020-07-01,Portsmouth,60-69,54,17,5
2020-07-01,Portsmouth,70-79,31,11,5
2020-07-01,Portsmouth,80+,21,7,4
2020-07-01,Portsmouth,Missing,9,0,0
2020-07-01,"Prince William",0-9,324,9,0
2020-07-01,"Prince William",19-Oct,758,8,0
2020-07-01,"Prince William",20-29,1623,49,0
2020-07-01,"Prince William",30-39,1715,90,2
2020-07-01,"Prince William",40-49,1926,144,6
2020-07-01,"Prince William",50-59,1418,180,14
2020-07-01,"Prince William",60-69,742,159,36
2020-07-01,"Prince William",70-79,300,86,41
2020-07-01,"Prince William",80+,233,76,69
2020-07-01,"Prince William",Missing,136,2,0
2020-07-01,Rappahannock,0-9,112,1,0
2020-07-01,Rappahannock,19-Oct,222,2,0
2020-07-01,Rappahannock,20-29,414,11,0
2020-07-01,Rappahannock,30-39,483,21,0
2020-07-01,Rappahannock,40-49,436,38,2
2020-07-01,Rappahannock,50-59,371,45,4
2020-07-01,Rappahannock,60-69,206,45,5
2020-07-01,Rappahannock,70-79,101,29,14
2020-07-01,Rappahannock,80+,91,31,18
2020-07-01,Rappahannock,Missing,19,0,0
2020-07-01,"Rappahannock Rapidan",0-9,71,1,0
2020-07-01,"Rappahannock Rapidan",19-Oct,130,3,0
2020-07-01,"Rappahannock Rapidan",20-29,271,4,0
2020-07-01,"Rappahannock Rapidan",30-39,301,16,1
2020-07-01,"Rappahannock Rapidan",40-49,288,19,2
2020-07-01,"Rappahannock Rapidan",50-59,206,25,2
2020-07-01,"Rappahannock Rapidan",60-69,111,16,4
2020-07-01,"Rappahannock Rapidan",70-79,38,12,7
2020-07-01,"Rappahannock Rapidan",80+,21,13,5
2020-07-01,"Rappahannock Rapidan",Missing,7,0,0
2020-07-01,Richmond,0-9,97,5,0
2020-07-01,Richmond,19-Oct,185,2,0
2020-07-01,Richmond,20-29,460,14,0
2020-07-01,Richmond,30-39,476,25,1
2020-07-01,Richmond,40-49,374,28,1
2020-07-01,Richmond,50-59,285,47,1
2020-07-01,Richmond,60-69,198,45,6
2020-07-01,Richmond,70-79,84,37,12
2020-07-01,Richmond,80+,36,19,8
2020-07-01,Richmond,Missing,18,0,0
2020-07-01,Roanoke,0-9,11,0,0
2020-07-01,Roanoke,19-Oct,46,0,0
2020-07-01,Roanoke,20-29,93,3,0
2020-07-01,Roanoke,30-39,91,0,0
2020-07-01,Roanoke,40-49,61,1,0
2020-07-01,Roanoke,50-59,43,1,0
2020-07-01,Roanoke,60-69,32,3,0
2020-07-01,Roanoke,70-79,16,3,1
2020-07-01,Roanoke,80+,42,3,9
2020-07-01,Roanoke,Missing,3,0,0
2020-07-01,Southside,0-9,5,0,0
2020-07-01,Southside,19-Oct,8,0,0
2020-07-01,Southside,20-29,42,2,0
2020-07-01,Southside,30-39,51,1,0
2020-07-01,Southside,40-49,48,5,0
2020-07-01,Southside,50-59,58,8,0
2020-07-01,Southside,60-69,55,12,4
2020-07-01,Southside,70-79,56,9,12
2020-07-01,Southside,80+,79,12,12
2020-07-01,Southside,Missing,0,0,0
2020-07-01,"Thomas Jefferson",0-9,40,1,0
2020-07-01,"Thomas Jefferson",19-Oct,60,1,0
2020-07-01,"Thomas Jefferson",20-29,155,1,0
2020-07-01,"Thomas Jefferson",30-39,192,5,0
2020-07-01,"Thomas Jefferson",40-49,157,11,0
2020-07-01,"Thomas Jefferson",50-59,115,12,1
2020-07-01,"Thomas Jefferson",60-69,82,18,2
2020-07-01,"Thomas Jefferson",70-79,61,20,2
2020-07-01,"Thomas Jefferson",80+,75,25,17
2020-07-01,"Thomas Jefferson",Missing,1,0,0
2020-07-01,"Three Rivers",0-9,9,1,0
2020-07-01,"Three Rivers",19-Oct,25,0,0
2020-07-01,"Three Rivers",20-29,111,4,0
2020-07-01,"Three Rivers",30-39,140,3,0
2020-07-01,"Three Rivers",40-49,134,11,2
2020-07-01,"Three Rivers",50-59,95,7,0
2020-07-01,"Three Rivers",60-69,69,11,0
2020-07-01,"Three Rivers",70-79,32,7,4
2020-07-01,"Three Rivers",80+,32,5,3
2020-07-01,"Three Rivers",Missing,1,0,0
2020-07-01,"Virginia Beach",0-9,31,0,0
2020-07-01,"Virginia Beach",19-Oct,63,0,0
2020-07-01,"Virginia Beach",20-29,284,4,0
2020-07-01,"Virginia Beach",30-39,186,11,0
2020-07-01,"Virginia Beach",40-49,164,19,1
2020-07-01,"Virginia Beach",50-59,149,13,0
2020-07-01,"Virginia Beach",60-69,143,18,1
2020-07-01,"Virginia Beach",70-79,69,25,7
2020-07-01,"Virginia Beach",80+,89,29,20
2020-07-01,"Virginia Beach",Missing,25,0,0
2020-07-01,"West Piedmont",0-9,15,1,0
2020-07-01,"West Piedmont",19-Oct,64,0,0
2020-07-01,"West Piedmont",20-29,64,1,0
2020-07-01,"West Piedmont",30-39,73,1,0
2020-07-01,"West Piedmont",40-49,81,7,2
2020-07-01,"West Piedmont",50-59,92,10,1
2020-07-01,"West Piedmont",60-69,52,7,0
2020-07-01,"West Piedmont",70-79,24,7,3
2020-07-01,"West Piedmont",80+,15,7,1
2020-07-01,"West Piedmont",Missing,0,0,0
2020-07-01,"Western Tidewater",0-9,8,0,0
2020-07-01,"Western Tidewater",19-Oct,15,0,0
2020-07-01,"Western Tidewater",20-29,74,3,0
2020-07-01,"Western Tidewater",30-39,116,7,0
2020-07-01,"Western Tidewater",40-49,102,5,1
2020-07-01,"Western Tidewater",50-59,142,13,2
2020-07-01,"Western Tidewater",60-69,129,15,6
2020-07-01,"Western Tidewater",70-79,87,21,17
2020-07-01,"Western Tidewater",80+,132,23,24
2020-07-01,"Western Tidewater",Missing,5,0,0
2020-07-02,Alexandria,0-9,127,2,0
2020-07-02,Alexandria,19-Oct,166,3,0
2020-07-02,Alexandria,20-29,365,8,1
2020-07-02,Alexandria,30-39,539,30,0
2020-07-02,Alexandria,40-49,427,36,0
2020-07-02,Alexandria,50-59,303,48,10
2020-07-02,Alexandria,60-69,198,44,2
2020-07-02,Alexandria,70-79,101,38,19
2020-07-02,Alexandria,80+,89,28,25
2020-07-02,Alexandria,Missing,12,0,0
2020-07-02,Alleghany,0-9,9,0,0
2020-07-02,Alleghany,19-Oct,70,0,0
2020-07-02,Alleghany,20-29,92,1,0
2020-07-02,Alleghany,30-39,57,2,0
2020-07-02,Alleghany,40-49,65,1,0
2020-07-02,Alleghany,50-59,65,5,1
2020-07-02,Alleghany,60-69,49,7,1
2020-07-02,Alleghany,70-79,52,7,7
2020-07-02,Alleghany,80+,40,8,6
2020-07-02,Alleghany,Missing,1,0,0
2020-07-02,Arlington,0-9,44,2,0
2020-07-02,Arlington,19-Oct,94,5,0
2020-07-02,Arlington,20-29,429,21,0
2020-07-02,Arlington,30-39,452,43,0
2020-07-02,Arlington,40-49,429,48,6
2020-07-02,Arlington,50-59,380,66,6
2020-07-02,Arlington,60-69,282,79,19
2020-07-02,Arlington,70-79,172,72,32
2020-07-02,Arlington,80+,203,84,69
2020-07-02,Arlington,Missing,11,1,0
2020-07-02,"Central Shenandoah",0-9,54,0,0
2020-07-02,"Central Shenandoah",19-Oct,112,1,0
2020-07-02,"Central Shenandoah",20-29,395,6,0
2020-07-02,"Central Shenandoah",30-39,313,6,0
2020-07-02,"Central Shenandoah",40-49,340,14,0
2020-07-02,"Central Shenandoah",50-59,372,32,2
2020-07-02,"Central Shenandoah",60-69,262,46,9
2020-07-02,"Central Shenandoah",70-79,126,39,12
2020-07-02,"Central Shenandoah",80+,107,27,16
2020-07-02,"Central Shenandoah",Missing,1,0,0
2020-07-02,"Central Virginia",0-9,7,0,0
2020-07-02,"Central Virginia",19-Oct,50,1,0
2020-07-02,"Central Virginia",20-29,80,2,0
2020-07-02,"Central Virginia",30-39,58,1,0
2020-07-02,"Central Virginia",40-49,52,0,0
2020-07-02,"Central Virginia",50-59,61,2,1
2020-07-02,"Central Virginia",60-69,45,4,2
2020-07-02,"Central Virginia",70-79,21,4,2
2020-07-02,"Central Virginia",80+,18,2,0
2020-07-02,"Central Virginia",Missing,1,0,0
2020-07-02,Chesapeake,0-9,27,1,0
2020-07-02,Chesapeake,19-Oct,48,1,0
2020-07-02,Chesapeake,20-29,151,3,0
2020-07-02,Chesapeake,30-39,172,9,0
2020-07-02,Chesapeake,40-49,151,22,0
2020-07-02,Chesapeake,50-59,147,22,1
2020-07-02,Chesapeake,60-69,118,30,5
2020-07-02,Chesapeake,70-79,70,28,3
2020-07-02,Chesapeake,80+,65,23,12
2020-07-02,Chesapeake,Missing,10,1,0
2020-07-02,Chesterfield,0-9,118,0,0
2020-07-02,Chesterfield,19-Oct,304,0,0
2020-07-02,Chesterfield,20-29,507,5,0
2020-07-02,Chesterfield,30-39,619,5,0
2020-07-02,Chesterfield,40-49,558,19,2
2020-07-02,Chesterfield,50-59,440,32,4
2020-07-02,Chesterfield,60-69,284,37,9
2020-07-02,Chesterfield,70-79,129,23,16
2020-07-02,Chesterfield,80+,136,28,42
2020-07-02,Chesterfield,Missing,71,0,0
2020-07-02,Chickahominy,0-9,13,0,0
2020-07-02,Chickahominy,19-Oct,38,0,0
2020-07-02,Chickahominy,20-29,83,0,0
2020-07-02,Chickahominy,30-39,87,2,0
2020-07-02,Chickahominy,40-49,87,11,1
2020-07-02,Chickahominy,50-59,115,22,1
2020-07-02,Chickahominy,60-69,77,18,6
2020-07-02,Chickahominy,70-79,57,22,6
2020-07-02,Chickahominy,80+,83,35,23
2020-07-02,Chickahominy,Missing,12,0,0
2020-07-02,Crater,0-9,25,1,0
2020-07-02,Crater,19-Oct,52,0,0
2020-07-02,Crater,20-29,230,7,0
2020-07-02,Crater,30-39,269,5,0
2020-07-02,Crater,40-49,230,14,1
2020-07-02,Crater,50-59,274,31,3
2020-07-02,Crater,60-69,217,44,12
2020-07-02,Crater,70-79,135,32,10
2020-07-02,Crater,80+,99,18,7
2020-07-02,Crater,Missing,8,0,0
2020-07-02,"Cumberland Plateau",0-9,1,0,0
2020-07-02,"Cumberland Plateau",19-Oct,19,0,0
2020-07-02,"Cumberland Plateau",20-29,5,0,0
2020-07-02,"Cumberland Plateau",30-39,10,0,0
2020-07-02,"Cumberland Plateau",40-49,14,0,0
2020-07-02,"Cumberland Plateau",50-59,6,1,0
2020-07-02,"Cumberland Plateau",60-69,6,1,0
2020-07-02,"Cumberland Plateau",70-79,4,0,0
2020-07-02,"Cumberland Plateau",80+,0,0,0
2020-07-02,"Cumberland Plateau",Missing,0,0,0
2020-07-02,"Eastern Shore",0-9,20,2,0
2020-07-02,"Eastern Shore",19-Oct,57,1,0
2020-07-02,"Eastern Shore",20-29,197,6,0
2020-07-02,"Eastern Shore",30-39,235,8,0
2020-07-02,"Eastern Shore",40-49,247,10,2
2020-07-02,"Eastern Shore",50-59,275,19,5
2020-07-02,"Eastern Shore",60-69,179,29,8
2020-07-02,"Eastern Shore",70-79,47,16,9
2020-07-02,"Eastern Shore",80+,50,21,18
2020-07-02,"Eastern Shore",Missing,6,0,0
2020-07-02,Fairfax,0-9,473,18,0
2020-07-02,Fairfax,19-Oct,823,25,0
2020-07-02,Fairfax,20-29,2187,71,3
2020-07-02,Fairfax,30-39,2699,171,5
2020-07-02,Fairfax,40-49,2632,247,9
2020-07-02,Fairfax,50-59,2183,290,32
2020-07-02,Fairfax,60-69,1415,303,59
2020-07-02,Fairfax,70-79,664,237,109
2020-07-02,Fairfax,80+,781,293,290
2020-07-02,Fairfax,Missing,153,3,0
2020-07-02,Hampton,0-9,11,0,0
2020-07-02,Hampton,19-Oct,17,0,0
2020-07-02,Hampton,20-29,75,2,0
2020-07-02,Hampton,30-39,62,3,0
2020-07-02,Hampton,40-49,49,5,0
2020-07-02,Hampton,50-59,48,9,1
2020-07-02,Hampton,60-69,42,11,2
2020-07-02,Hampton,70-79,23,8,0
2020-07-02,Hampton,80+,7,3,2
2020-07-02,Hampton,Missing,5,0,0
2020-07-02,Henrico,0-9,105,2,0
2020-07-02,Henrico,19-Oct,163,3,0
2020-07-02,Henrico,20-29,361,14,0
2020-07-02,Henrico,30-39,447,16,0
2020-07-02,Henrico,40-49,382,26,2
2020-07-02,Henrico,50-59,324,38,8
2020-07-02,Henrico,60-69,286,46,28
2020-07-02,Henrico,70-79,207,45,36
2020-07-02,Henrico,80+,311,66,77
2020-07-02,Henrico,Missing,29,1,1
2020-07-02,Lenowisco,0-9,3,0,0
2020-07-02,Lenowisco,19-Oct,3,0,0
2020-07-02,Lenowisco,20-29,7,0,0
2020-07-02,Lenowisco,30-39,5,1,1
2020-07-02,Lenowisco,40-49,7,2,0
2020-07-02,Lenowisco,50-59,17,5,0
2020-07-02,Lenowisco,60-69,7,5,2
2020-07-02,Lenowisco,70-79,5,4,1
2020-07-02,Lenowisco,80+,0,0,0
2020-07-02,Lenowisco,Missing,0,0,0
2020-07-02,"Lord Fairfax",0-9,61,1,0
2020-07-02,"Lord Fairfax",19-Oct,145,1,0
2020-07-02,"Lord Fairfax",20-29,345,5,0
2020-07-02,"Lord Fairfax",30-39,341,11,1
2020-07-02,"Lord Fairfax",40-49,327,16,1
2020-07-02,"Lord Fairfax",50-59,337,27,2
2020-07-02,"Lord Fairfax",60-69,224,46,12
2020-07-02,"Lord Fairfax",70-79,130,38,16
2020-07-02,"Lord Fairfax",80+,136,33,35
2020-07-02,"Lord Fairfax",Missing,2,0,0
2020-07-02,Loudoun,0-9,149,3,0
2020-07-02,Loudoun,19-Oct,487,1,0
2020-07-02,Loudoun,20-29,658,6,0
2020-07-02,Loudoun,30-39,729,24,0
2020-07-02,Loudoun,40-49,790,47,1
2020-07-02,Loudoun,50-59,629,54,2
2020-07-02,Loudoun,60-69,251,48,5
2020-07-02,Loudoun,70-79,143,45,14
2020-07-02,Loudoun,80+,188,50,66
2020-07-02,Loudoun,Missing,59,0,1
2020-07-02,"Mount Rogers",0-9,37,1,0
2020-07-02,"Mount Rogers",19-Oct,56,0,0
2020-07-02,"Mount Rogers",20-29,113,0,0
2020-07-02,"Mount Rogers",30-39,105,4,0
2020-07-02,"Mount Rogers",40-49,104,3,1
2020-07-02,"Mount Rogers",50-59,96,6,1
2020-07-02,"Mount Rogers",60-69,89,8,0
2020-07-02,"Mount Rogers",70-79,61,27,9
2020-07-02,"Mount Rogers",80+,74,25,20
2020-07-02,"Mount Rogers",Missing,1,0,0
2020-07-02,"New River",0-9,7,0,0
2020-07-02,"New River",19-Oct,23,0,0
2020-07-02,"New River",20-29,61,0,0
2020-07-02,"New River",30-39,27,1,0
2020-07-02,"New River",40-49,36,1,0
2020-07-02,"New River",50-59,31,4,0
2020-07-02,"New River",60-69,27,4,0
2020-07-02,"New River",70-79,18,8,4
2020-07-02,"New River",80+,13,4,1
2020-07-02,"New River",Missing,0,0,0
2020-07-02,Norfolk,0-9,40,1,0
2020-07-02,Norfolk,19-Oct,58,1,0
2020-07-02,Norfolk,20-29,270,3,0
2020-07-02,Norfolk,30-39,193,11,0
2020-07-02,Norfolk,40-49,137,14,0
2020-07-02,Norfolk,50-59,130,20,2
2020-07-02,Norfolk,60-69,89,26,2
2020-07-02,Norfolk,70-79,40,24,4
2020-07-02,Norfolk,80+,22,7,3
2020-07-02,Norfolk,Missing,8,1,0
2020-07-02,Peninsula,0-9,36,0,0
2020-07-02,Peninsula,19-Oct,53,1,0
2020-07-02,Peninsula,20-29,205,1,0
2020-07-02,Peninsula,30-39,167,7,1
2020-07-02,Peninsula,40-49,133,7,1
2020-07-02,Peninsula,50-59,136,20,3
2020-07-02,Peninsula,60-69,129,29,3
2020-07-02,Peninsula,70-79,88,38,11
2020-07-02,Peninsula,80+,51,24,15
2020-07-02,Peninsula,Missing,7,0,0
2020-07-02,Piedmont,0-9,21,0,0
2020-07-02,Piedmont,19-Oct,32,0,0
2020-07-02,Piedmont,20-29,160,2,0
2020-07-02,Piedmont,30-39,193,3,0
2020-07-02,Piedmont,40-49,188,10,0
2020-07-02,Piedmont,50-59,187,22,0
2020-07-02,Piedmont,60-69,134,19,2
2020-07-02,Piedmont,70-79,66,18,2
2020-07-02,Piedmont,80+,48,15,8
2020-07-02,Piedmont,Missing,1,0,0
2020-07-02,Pittsylvania-Danville,0-9,6,0,0
2020-07-02,Pittsylvania-Danville,19-Oct,11,0,0
2020-07-02,Pittsylvania-Danville,20-29,24,0,0
2020-07-02,Pittsylvania-Danville,30-39,27,1,0
2020-07-02,Pittsylvania-Danville,40-49,47,6,0
2020-07-02,Pittsylvania-Danville,50-59,41,10,0
2020-07-02,Pittsylvania-Danville,60-69,25,8,1
2020-07-02,Pittsylvania-Danville,70-79,23,11,0
2020-07-02,Pittsylvania-Danville,80+,8,5,2
2020-07-02,Pittsylvania-Danville,Missing,0,0,0
2020-07-02,Portsmouth,0-9,19,1,0
2020-07-02,Portsmouth,19-Oct,21,0,0
2020-07-02,Portsmouth,20-29,106,5,0
2020-07-02,Portsmouth,30-39,106,5,1
2020-07-02,Portsmouth,40-49,67,6,0
2020-07-02,Portsmouth,50-59,76,19,2
2020-07-02,Portsmouth,60-69,55,17,5
2020-07-02,Portsmouth,70-79,32,11,5
2020-07-02,Portsmouth,80+,21,7,5
2020-07-02,Portsmouth,Missing,10,0,0
2020-07-02,"Prince William",0-9,334,9,0
2020-07-02,"Prince William",19-Oct,761,8,0
2020-07-02,"Prince William",20-29,1629,50,0
2020-07-02,"Prince William",30-39,1730,91,2
2020-07-02,"Prince William",40-49,1942,147,6
2020-07-02,"Prince William",50-59,1426,182,14
2020-07-02,"Prince William",60-69,745,159,36
2020-07-02,"Prince William",70-79,302,87,40
2020-07-02,"Prince William",80+,233,76,69
2020-07-02,"Prince William",Missing,136,2,0
2020-07-02,Rappahannock,0-9,112,1,0
2020-07-02,Rappahannock,19-Oct,226,2,0
2020-07-02,Rappahannock,20-29,419,11,0
2020-07-02,Rappahannock,30-39,483,21,0
2020-07-02,Rappahannock,40-49,442,38,2
2020-07-02,Rappahannock,50-59,375,45,4
2020-07-02,Rappahannock,60-69,209,45,5
2020-07-02,Rappahannock,70-79,102,30,14
2020-07-02,Rappahannock,80+,91,32,19
2020-07-02,Rappahannock,Missing,19,0,0
2020-07-02,"Rappahannock Rapidan",0-9,70,1,0
2020-07-02,"Rappahannock Rapidan",19-Oct,131,3,0
2020-07-02,"Rappahannock Rapidan",20-29,272,4,0
2020-07-02,"Rappahannock Rapidan",30-39,304,16,1
2020-07-02,"Rappahannock Rapidan",40-49,288,19,2
2020-07-02,"Rappahannock Rapidan",50-59,206,25,2
2020-07-02,"Rappahannock Rapidan",60-69,111,16,4
2020-07-02,"Rappahannock Rapidan",70-79,38,12,7
2020-07-02,"Rappahannock Rapidan",80+,21,13,6
2020-07-02,"Rappahannock Rapidan",Missing,7,0,0
2020-07-02,Richmond,0-9,97,5,0
2020-07-02,Richmond,19-Oct,186,2,0
2020-07-02,Richmond,20-29,464,14,0
2020-07-02,Richmond,30-39,481,25,1
2020-07-02,Richmond,40-49,378,29,1
2020-07-02,Richmond,50-59,285,49,1
2020-07-02,Richmond,60-69,198,45,6
2020-07-02,Richmond,70-79,84,37,12
2020-07-02,Richmond,80+,36,19,9
2020-07-02,Richmond,Missing,18,0,0
2020-07-02,Roanoke,0-9,11,0,0
2020-07-02,Roanoke,19-Oct,46,0,0
2020-07-02,Roanoke,20-29,95,3,0
2020-07-02,Roanoke,30-39,88,0,0
2020-07-02,Roanoke,40-49,60,1,0
2020-07-02,Roanoke,50-59,42,1,0
2020-07-02,Roanoke,60-69,33,3,0
2020-07-02,Roanoke,70-79,16,3,1
2020-07-02,Roanoke,80+,42,3,9
2020-07-02,Roanoke,Missing,3,0,0
2020-07-02,Southside,0-9,5,0,0
2020-07-02,Southside,19-Oct,8,0,0
2020-07-02,Southside,20-29,42,2,0
2020-07-02,Southside,30-39,52,1,0
2020-07-02,Southside,40-49,51,5,0
2020-07-02,Southside,50-59,60,8,0
2020-07-02,Southside,60-69,55,12,4
2020-07-02,Southside,70-79,58,9,13
2020-07-02,Southside,80+,79,12,13
2020-07-02,Southside,Missing,0,0,0
2020-07-02,"Thomas Jefferson",0-9,42,1,0
2020-07-02,"Thomas Jefferson",19-Oct,61,1,0
2020-07-02,"Thomas Jefferson",20-29,157,2,0
2020-07-02,"Thomas Jefferson",30-39,193,5,0
2020-07-02,"Thomas Jefferson",40-49,159,12,0
2020-07-02,"Thomas Jefferson",50-59,115,12,1
2020-07-02,"Thomas Jefferson",60-69,82,18,2
2020-07-02,"Thomas Jefferson",70-79,62,21,2
2020-07-02,"Thomas Jefferson",80+,76,25,18
2020-07-02,"Thomas Jefferson",Missing,1,0,0
2020-07-02,"Three Rivers",0-9,9,1,0
2020-07-02,"Three Rivers",19-Oct,25,0,0
2020-07-02,"Three Rivers",20-29,112,4,0
2020-07-02,"Three Rivers",30-39,140,3,0
2020-07-02,"Three Rivers",40-49,134,11,2
2020-07-02,"Three Rivers",50-59,95,7,0
2020-07-02,"Three Rivers",60-69,69,11,0
2020-07-02,"Three Rivers",70-79,32,7,4
2020-07-02,"Three Rivers",80+,32,5,3
2020-07-02,"Three Rivers",Missing,1,0,0
2020-07-02,"Virginia Beach",0-9,31,0,0
2020-07-02,"Virginia Beach",19-Oct,64,0,0
2020-07-02,"Virginia Beach",20-29,290,4,0
2020-07-02,"Virginia Beach",30-39,188,11,0
2020-07-02,"Virginia Beach",40-49,168,19,1
2020-07-02,"Virginia Beach",50-59,155,13,0
2020-07-02,"Virginia Beach",60-69,144,18,1
2020-07-02,"Virginia Beach",70-79,71,25,7
2020-07-02,"Virginia Beach",80+,89,31,21
2020-07-02,"Virginia Beach",Missing,25,0,0
2020-07-02,"West Piedmont",0-9,15,1,0
2020-07-02,"West Piedmont",19-Oct,66,0,0
2020-07-02,"West Piedmont",20-29,65,1,0
2020-07-02,"West Piedmont",30-39,75,1,0
2020-07-02,"West Piedmont",40-49,83,7,2
2020-07-02,"West Piedmont",50-59,93,10,1
2020-07-02,"West Piedmont",60-69,54,7,0
2020-07-02,"West Piedmont",70-79,26,9,3
2020-07-02,"West Piedmont",80+,15,7,1
2020-07-02,"West Piedmont",Missing,0,0,0
2020-07-02,"Western Tidewater",0-9,8,0,0
2020-07-02,"Western Tidewater",19-Oct,16,0,0
2020-07-02,"Western Tidewater",20-29,75,3,0
2020-07-02,"Western Tidewater",30-39,117,7,0
2020-07-02,"Western Tidewater",40-49,104,5,1
2020-07-02,"Western Tidewater",50-59,143,13,2
2020-07-02,"Western Tidewater",60-69,130,16,6
2020-07-02,"Western Tidewater",70-79,87,21,17
2020-07-02,"Western Tidewater",80+,132,23,26
2020-07-02,"Western Tidewater",Missing,5,0,0
2020-07-03,Alexandria,0-9,127,2,0
2020-07-03,Alexandria,19-Oct,169,3,0
2020-07-03,Alexandria,20-29,367,8,1
2020-07-03,Alexandria,30-39,541,30,0
2020-07-03,Alexandria,40-49,432,36,0
2020-07-03,Alexandria,50-59,303,49,10
2020-07-03,Alexandria,60-69,196,44,2
2020-07-03,Alexandria,70-79,101,38,19
2020-07-03,Alexandria,80+,90,28,25
2020-07-03,Alexandria,Missing,12,0,0
2020-07-03,Alleghany,0-9,10,0,0
2020-07-03,Alleghany,19-Oct,77,0,0
2020-07-03,Alleghany,20-29,97,1,0
2020-07-03,Alleghany,30-39,65,2,0
2020-07-03,Alleghany,40-49,68,1,0
2020-07-03,Alleghany,50-59,68,5,1
2020-07-03,Alleghany,60-69,52,7,1
2020-07-03,Alleghany,70-79,53,7,7
2020-07-03,Alleghany,80+,40,8,6
2020-07-03,Alleghany,Missing,1,0,0
2020-07-03,Arlington,0-9,44,2,0
2020-07-03,Arlington,19-Oct,95,5,0
2020-07-03,Arlington,20-29,432,21,0
2020-07-03,Arlington,30-39,452,43,0
2020-07-03,Arlington,40-49,430,48,6
2020-07-03,Arlington,50-59,380,66,6
2020-07-03,Arlington,60-69,281,79,19
2020-07-03,Arlington,70-79,172,72,32
2020-07-03,Arlington,80+,203,84,69
2020-07-03,Arlington,Missing,11,1,0
2020-07-03,"Central Shenandoah",0-9,54,0,0
2020-07-03,"Central Shenandoah",19-Oct,113,1,0
2020-07-03,"Central Shenandoah",20-29,403,6,0
2020-07-03,"Central Shenandoah",30-39,317,6,0
2020-07-03,"Central Shenandoah",40-49,344,14,0
2020-07-03,"Central Shenandoah",50-59,372,32,2
2020-07-03,"Central Shenandoah",60-69,263,47,10
2020-07-03,"Central Shenandoah",70-79,131,40,12
2020-07-03,"Central Shenandoah",80+,113,27,16
2020-07-03,"Central Shenandoah",Missing,1,0,0
2020-07-03,"Central Virginia",0-9,7,0,0
2020-07-03,"Central Virginia",19-Oct,59,1,0
2020-07-03,"Central Virginia",20-29,86,2,0
2020-07-03,"Central Virginia",30-39,62,1,0
2020-07-03,"Central Virginia",40-49,55,0,0
2020-07-03,"Central Virginia",50-59,62,2,1
2020-07-03,"Central Virginia",60-69,46,4,2
2020-07-03,"Central Virginia",70-79,22,4,2
2020-07-03,"Central Virginia",80+,18,2,0
2020-07-03,"Central Virginia",Missing,1,0,0
2020-07-03,Chesapeake,0-9,28,1,0
2020-07-03,Chesapeake,19-Oct,48,1,0
2020-07-03,Chesapeake,20-29,156,3,0
2020-07-03,Chesapeake,30-39,175,9,0
2020-07-03,Chesapeake,40-49,151,23,0
2020-07-03,Chesapeake,50-59,151,23,1
2020-07-03,Chesapeake,60-69,117,30,5
2020-07-03,Chesapeake,70-79,70,28,3
2020-07-03,Chesapeake,80+,66,24,12
2020-07-03,Chesapeake,Missing,10,1,0
2020-07-03,Chesterfield,0-9,119,0,0
2020-07-03,Chesterfield,19-Oct,305,0,0
2020-07-03,Chesterfield,20-29,521,5,0
2020-07-03,Chesterfield,30-39,624,5,0
2020-07-03,Chesterfield,40-49,565,19,2
2020-07-03,Chesterfield,50-59,443,32,4
2020-07-03,Chesterfield,60-69,287,37,9
2020-07-03,Chesterfield,70-79,131,23,16
2020-07-03,Chesterfield,80+,137,28,42
2020-07-03,Chesterfield,Missing,71,0,0
2020-07-03,Chickahominy,0-9,14,0,0
2020-07-03,Chickahominy,19-Oct,41,0,0
2020-07-03,Chickahominy,20-29,87,0,0
2020-07-03,Chickahominy,30-39,90,2,0
2020-07-03,Chickahominy,40-49,91,12,1
2020-07-03,Chickahominy,50-59,118,22,1
2020-07-03,Chickahominy,60-69,76,18,6
2020-07-03,Chickahominy,70-79,57,22,7
2020-07-03,Chickahominy,80+,83,35,24
2020-07-03,Chickahominy,Missing,12,0,0
2020-07-03,Crater,0-9,26,1,0
2020-07-03,Crater,19-Oct,52,0,0
2020-07-03,Crater,20-29,232,7,0
2020-07-03,Crater,30-39,277,5,0
2020-07-03,Crater,40-49,233,14,1
2020-07-03,Crater,50-59,275,32,3
2020-07-03,Crater,60-69,223,45,12
2020-07-03,Crater,70-79,135,32,14
2020-07-03,Crater,80+,100,18,8
2020-07-03,Crater,Missing,9,0,0
2020-07-03,"Cumberland Plateau",0-9,1,0,0
2020-07-03,"Cumberland Plateau",19-Oct,19,0,0
2020-07-03,"Cumberland Plateau",20-29,5,0,0
2020-07-03,"Cumberland Plateau",30-39,10,0,0
2020-07-03,"Cumberland Plateau",40-49,14,0,0
2020-07-03,"Cumberland Plateau",50-59,6,1,0
2020-07-03,"Cumberland Plateau",60-69,6,1,0
2020-07-03,"Cumberland Plateau",70-79,4,0,0
2020-07-03,"Cumberland Plateau",80+,0,0,0
2020-07-03,"Cumberland Plateau",Missing,0,0,0
2020-07-03,"Eastern Shore",0-9,20,2,0
2020-07-03,"Eastern Shore",19-Oct,57,1,0
2020-07-03,"Eastern Shore",20-29,197,6,0
2020-07-03,"Eastern Shore",30-39,235,8,0
2020-07-03,"Eastern Shore",40-49,247,10,2
2020-07-03,"Eastern Shore",50-59,275,19,5
2020-07-03,"Eastern Shore",60-69,179,29,8
2020-07-03,"Eastern Shore",70-79,47,16,9
2020-07-03,"Eastern Shore",80+,50,22,18
2020-07-03,"Eastern Shore",Missing,6,0,0
2020-07-03,Fairfax,0-9,476,18,0
2020-07-03,Fairfax,19-Oct,841,25,0
2020-07-03,Fairfax,20-29,2196,71,3
2020-07-03,Fairfax,30-39,2716,173,5
2020-07-03,Fairfax,40-49,2637,248,9
2020-07-03,Fairfax,50-59,2200,292,32
2020-07-03,Fairfax,60-69,1420,306,60
2020-07-03,Fairfax,70-79,669,238,109
2020-07-03,Fairfax,80+,782,294,291
2020-07-03,Fairfax,Missing,152,3,0
2020-07-03,Hampton,0-9,11,0,0
2020-07-03,Hampton,19-Oct,17,0,0
2020-07-03,Hampton,20-29,80,2,0
2020-07-03,Hampton,30-39,68,3,0
2020-07-03,Hampton,40-49,52,5,0
2020-07-03,Hampton,50-59,48,9,1
2020-07-03,Hampton,60-69,43,11,2
2020-07-03,Hampton,70-79,23,8,0
2020-07-03,Hampton,80+,7,3,2
2020-07-03,Hampton,Missing,5,0,0
2020-07-03,Henrico,0-9,104,2,0
2020-07-03,Henrico,19-Oct,169,3,0
2020-07-03,Henrico,20-29,364,14,0
2020-07-03,Henrico,30-39,449,17,0
2020-07-03,Henrico,40-49,384,26,2
2020-07-03,Henrico,50-59,326,38,8
2020-07-03,Henrico,60-69,285,46,30
2020-07-03,Henrico,70-79,206,45,38
2020-07-03,Henrico,80+,312,66,78
2020-07-03,Henrico,Missing,30,1,1
2020-07-03,Lenowisco,0-9,3,0,0
2020-07-03,Lenowisco,19-Oct,4,0,0
2020-07-03,Lenowisco,20-29,7,0,0
2020-07-03,Lenowisco,30-39,5,1,1
2020-07-03,Lenowisco,40-49,7,2,0
2020-07-03,Lenowisco,50-59,17,5,0
2020-07-03,Lenowisco,60-69,7,5,2
2020-07-03,Lenowisco,70-79,5,4,1
2020-07-03,Lenowisco,80+,0,0,0
2020-07-03,Lenowisco,Missing,0,0,0
2020-07-03,"Lord Fairfax",0-9,61,1,0
2020-07-03,"Lord Fairfax",19-Oct,146,1,0
2020-07-03,"Lord Fairfax",20-29,346,5,0
2020-07-03,"Lord Fairfax",30-39,342,11,1
2020-07-03,"Lord Fairfax",40-49,332,17,1
2020-07-03,"Lord Fairfax",50-59,336,27,2
2020-07-03,"Lord Fairfax",60-69,226,47,13
2020-07-03,"Lord Fairfax",70-79,132,39,16
2020-07-03,"Lord Fairfax",80+,137,35,36
2020-07-03,"Lord Fairfax",Missing,2,0,0
2020-07-03,Loudoun,0-9,151,3,0
2020-07-03,Loudoun,19-Oct,501,0,0
2020-07-03,Loudoun,20-29,663,6,0
2020-07-03,Loudoun,30-39,731,24,0
2020-07-03,Loudoun,40-49,792,47,1
2020-07-03,Loudoun,50-59,634,55,2
2020-07-03,Loudoun,60-69,250,48,6
2020-07-03,Loudoun,70-79,144,46,14
2020-07-03,Loudoun,80+,188,50,67
2020-07-03,Loudoun,Missing,59,0,1
2020-07-03,"Mount Rogers",0-9,37,1,0
2020-07-03,"Mount Rogers",19-Oct,56,0,0
2020-07-03,"Mount Rogers",20-29,114,0,0
2020-07-03,"Mount Rogers",30-39,105,4,0
2020-07-03,"Mount Rogers",40-49,107,3,1
2020-07-03,"Mount Rogers",50-59,98,6,1
2020-07-03,"Mount Rogers",60-69,90,8,0
2020-07-03,"Mount Rogers",70-79,61,27,10
2020-07-03,"Mount Rogers",80+,74,25,20
2020-07-03,"Mount Rogers",Missing,1,0,0
2020-07-03,"New River",0-9,7,0,0
2020-07-03,"New River",19-Oct,28,0,0
2020-07-03,"New River",20-29,63,0,0
2020-07-03,"New River",30-39,29,1,0
2020-07-03,"New River",40-49,36,1,0
2020-07-03,"New River",50-59,31,4,0
2020-07-03,"New River",60-69,27,4,0
2020-07-03,"New River",70-79,18,8,4
2020-07-03,"New River",80+,13,4,1
2020-07-03,"New River",Missing,0,0,0
2020-07-03,Norfolk,0-9,40,1,0
2020-07-03,Norfolk,19-Oct,59,1,0
2020-07-03,Norfolk,20-29,275,4,0
2020-07-03,Norfolk,30-39,197,12,0
2020-07-03,Norfolk,40-49,139,14,0
2020-07-03,Norfolk,50-59,131,20,2
2020-07-03,Norfolk,60-69,89,27,2
2020-07-03,Norfolk,70-79,40,24,4
2020-07-03,Norfolk,80+,22,7,3
2020-07-03,Norfolk,Missing,8,1,0
2020-07-03,Peninsula,0-9,36,0,0
2020-07-03,Peninsula,19-Oct,53,1,0
2020-07-03,Peninsula,20-29,209,1,0
2020-07-03,Peninsula,30-39,171,7,1
2020-07-03,Peninsula,40-49,134,7,1
2020-07-03,Peninsula,50-59,139,20,3
2020-07-03,Peninsula,60-69,130,29,3
2020-07-03,Peninsula,70-79,89,38,11
2020-07-03,Peninsula,80+,51,24,15
2020-07-03,Peninsula,Missing,7,0,0
2020-07-03,Piedmont,0-9,21,0,0
2020-07-03,Piedmont,19-Oct,34,0,0
2020-07-03,Piedmont,20-29,167,2,0
2020-07-03,Piedmont,30-39,206,3,0
2020-07-03,Piedmont,40-49,195,10,0
2020-07-03,Piedmont,50-59,192,22,0
2020-07-03,Piedmont,60-69,135,19,2
2020-07-03,Piedmont,70-79,66,18,3
2020-07-03,Piedmont,80+,48,15,8
2020-07-03,Piedmont,Missing,1,0,0
2020-07-03,Pittsylvania-Danville,0-9,6,0,0
2020-07-03,Pittsylvania-Danville,19-Oct,13,0,0
2020-07-03,Pittsylvania-Danville,20-29,24,0,0
2020-07-03,Pittsylvania-Danville,30-39,29,1,0
2020-07-03,Pittsylvania-Danville,40-49,48,6,0
2020-07-03,Pittsylvania-Danville,50-59,43,10,0
2020-07-03,Pittsylvania-Danville,60-69,29,8,1
2020-07-03,Pittsylvania-Danville,70-79,23,11,0
2020-07-03,Pittsylvania-Danville,80+,8,5,2
2020-07-03,Pittsylvania-Danville,Missing,0,0,0
2020-07-03,Portsmouth,0-9,21,1,0
2020-07-03,Portsmouth,19-Oct,21,0,0
2020-07-03,Portsmouth,20-29,109,6,0
2020-07-03,Portsmouth,30-39,112,5,1
2020-07-03,Portsmouth,40-49,68,6,0
2020-07-03,Portsmouth,50-59,77,20,2
2020-07-03,Portsmouth,60-69,55,17,5
2020-07-03,Portsmouth,70-79,32,11,5
2020-07-03,Portsmouth,80+,21,7,5
2020-07-03,Portsmouth,Missing,10,0,0
2020-07-03,"Prince William",0-9,339,9,0
2020-07-03,"Prince William",19-Oct,773,8,0
2020-07-03,"Prince William",20-29,1645,52,0
2020-07-03,"Prince William",30-39,1738,90,2
2020-07-03,"Prince William",40-49,1951,148,6
2020-07-03,"Prince William",50-59,1432,185,14
2020-07-03,"Prince William",60-69,754,161,38
2020-07-03,"Prince William",70-79,304,88,41
2020-07-03,"Prince William",80+,234,77,69
2020-07-03,"Prince William",Missing,136,2,0
2020-07-03,Rappahannock,0-9,112,1,0
2020-07-03,Rappahannock,19-Oct,227,2,0
2020-07-03,Rappahannock,20-29,425,12,0
2020-07-03,Rappahannock,30-39,482,21,0
2020-07-03,Rappahannock,40-49,442,37,2
2020-07-03,Rappahannock,50-59,379,46,4
2020-07-03,Rappahannock,60-69,210,45,5
2020-07-03,Rappahannock,70-79,102,30,14
2020-07-03,Rappahannock,80+,91,32,19
2020-07-03,Rappahannock,Missing,19,0,0
2020-07-03,"Rappahannock Rapidan",0-9,70,1,0
2020-07-03,"Rappahannock Rapidan",19-Oct,132,3,0
2020-07-03,"Rappahannock Rapidan",20-29,272,4,0
2020-07-03,"Rappahannock Rapidan",30-39,306,16,1
2020-07-03,"Rappahannock Rapidan",40-49,288,19,2
2020-07-03,"Rappahannock Rapidan",50-59,208,25,2
2020-07-03,"Rappahannock Rapidan",60-69,114,16,4
2020-07-03,"Rappahannock Rapidan",70-79,39,12,7
2020-07-03,"Rappahannock Rapidan",80+,21,13,6
2020-07-03,"Rappahannock Rapidan",Missing,7,0,0
2020-07-03,Richmond,0-9,98,5,0
2020-07-03,Richmond,19-Oct,192,2,0
2020-07-03,Richmond,20-29,466,14,0
2020-07-03,Richmond,30-39,484,25,1
2020-07-03,Richmond,40-49,382,29,1
2020-07-03,Richmond,50-59,289,50,1
2020-07-03,Richmond,60-69,199,45,6
2020-07-03,Richmond,70-79,84,38,12
2020-07-03,Richmond,80+,36,19,9
2020-07-03,Richmond,Missing,18,0,0
2020-07-03,Roanoke,0-9,13,0,0
2020-07-03,Roanoke,19-Oct,51,0,0
2020-07-03,Roanoke,20-29,104,3,0
2020-07-03,Roanoke,30-39,94,0,0
2020-07-03,Roanoke,40-49,66,1,0
2020-07-03,Roanoke,50-59,42,1,0
2020-07-03,Roanoke,60-69,34,3,0
2020-07-03,Roanoke,70-79,16,3,1
2020-07-03,Roanoke,80+,42,3,9
2020-07-03,Roanoke,Missing,3,0,0
2020-07-03,Southside,0-9,5,0,0
2020-07-03,Southside,19-Oct,8,0,0
2020-07-03,Southside,20-29,43,2,0
2020-07-03,Southside,30-39,53,1,0
2020-07-03,Southside,40-49,52,5,0
2020-07-03,Southside,50-59,60,8,0
2020-07-03,Southside,60-69,55,12,4
2020-07-03,Southside,70-79,58,9,13
2020-07-03,Southside,80+,80,12,13
2020-07-03,Southside,Missing,0,0,0
2020-07-03,"Thomas Jefferson",0-9,43,1,0
2020-07-03,"Thomas Jefferson",19-Oct,65,1,0
2020-07-03,"Thomas Jefferson",20-29,158,2,0
2020-07-03,"Thomas Jefferson",30-39,196,5,0
2020-07-03,"Thomas Jefferson",40-49,160,12,0
2020-07-03,"Thomas Jefferson",50-59,117,12,1
2020-07-03,"Thomas Jefferson",60-69,82,18,2
2020-07-03,"Thomas Jefferson",70-79,62,21,4
2020-07-03,"Thomas Jefferson",80+,76,27,18
2020-07-03,"Thomas Jefferson",Missing,1,0,0
2020-07-03,"Three Rivers",0-9,9,1,0
2020-07-03,"Three Rivers",19-Oct,25,0,0
2020-07-03,"Three Rivers",20-29,112,4,0
2020-07-03,"Three Rivers",30-39,140,3,0
2020-07-03,"Three Rivers",40-49,134,11,2
2020-07-03,"Three Rivers",50-59,95,8,0
2020-07-03,"Three Rivers",60-69,68,11,0
2020-07-03,"Three Rivers",70-79,32,7,4
2020-07-03,"Three Rivers",80+,32,5,3
2020-07-03,"Three Rivers",Missing,1,0,0
2020-07-03,"Virginia Beach",0-9,32,0,0
2020-07-03,"Virginia Beach",19-Oct,65,0,0
2020-07-03,"Virginia Beach",20-29,299,4,0
2020-07-03,"Virginia Beach",30-39,199,11,0
2020-07-03,"Virginia Beach",40-49,171,19,1
2020-07-03,"Virginia Beach",50-59,156,13,0
2020-07-03,"Virginia Beach",60-69,144,18,1
2020-07-03,"Virginia Beach",70-79,72,25,7
2020-07-03,"Virginia Beach",80+,90,31,21
2020-07-03,"Virginia Beach",Missing,26,0,0
2020-07-03,"West Piedmont",0-9,15,1,0
2020-07-03,"West Piedmont",19-Oct,67,0,0
2020-07-03,"West Piedmont",20-29,69,1,0
2020-07-03,"West Piedmont",30-39,76,1,0
2020-07-03,"West Piedmont",40-49,85,8,2
2020-07-03,"West Piedmont",50-59,94,11,1
2020-07-03,"West Piedmont",60-69,54,7,0
2020-07-03,"West Piedmont",70-79,26,9,3
2020-07-03,"West Piedmont",80+,15,7,1
2020-07-03,"West Piedmont",Missing,0,0,0
2020-07-03,"Western Tidewater",0-9,10,0,0
2020-07-03,"Western Tidewater",19-Oct,17,0,0
2020-07-03,"Western Tidewater",20-29,87,3,0
2020-07-03,"Western Tidewater",30-39,119,7,0
2020-07-03,"Western Tidewater",40-49,106,5,1
2020-07-03,"Western Tidewater",50-59,145,13,2
2020-07-03,"Western Tidewater",60-69,132,16,6
2020-07-03,"Western Tidewater",70-79,87,21,18
2020-07-03,"Western Tidewater",80+,132,23,28
2020-07-03,"Western Tidewater",Missing,6,0,0
2020-07-04,Alexandria,0-9,132,2,0
2020-07-04,Alexandria,19-Oct,169,3,0
2020-07-04,Alexandria,20-29,370,8,1
2020-07-04,Alexandria,30-39,547,30,0
2020-07-04,Alexandria,40-49,436,37,0
2020-07-04,Alexandria,50-59,303,49,10
2020-07-04,Alexandria,60-69,197,44,2
2020-07-04,Alexandria,70-79,101,38,19
2020-07-04,Alexandria,80+,90,28,25
2020-07-04,Alexandria,Missing,12,0,0
2020-07-04,Alleghany,0-9,10,0,0
2020-07-04,Alleghany,19-Oct,77,0,0
2020-07-04,Alleghany,20-29,98,1,0
2020-07-04,Alleghany,30-39,68,2,0
2020-07-04,Alleghany,40-49,68,1,0
2020-07-04,Alleghany,50-59,68,5,1
2020-07-04,Alleghany,60-69,53,7,1
2020-07-04,Alleghany,70-79,54,7,7
2020-07-04,Alleghany,80+,40,8,6
2020-07-04,Alleghany,Missing,1,0,0
2020-07-04,Arlington,0-9,45,2,0
2020-07-04,Arlington,19-Oct,101,5,0
2020-07-04,Arlington,20-29,436,21,0
2020-07-04,Arlington,30-39,457,43,0
2020-07-04,Arlington,40-49,433,48,6
2020-07-04,Arlington,50-59,380,66,6
2020-07-04,Arlington,60-69,280,80,19
2020-07-04,Arlington,70-79,173,72,32
2020-07-04,Arlington,80+,203,83,68
2020-07-04,Arlington,Missing,11,1,0
2020-07-04,"Central Shenandoah",0-9,54,0,0
2020-07-04,"Central Shenandoah",19-Oct,113,1,0
2020-07-04,"Central Shenandoah",20-29,410,6,0
2020-07-04,"Central Shenandoah",30-39,319,6,0
2020-07-04,"Central Shenandoah",40-49,347,14,0
2020-07-04,"Central Shenandoah",50-59,373,32,2
2020-07-04,"Central Shenandoah",60-69,268,47,10
2020-07-04,"Central Shenandoah",70-79,131,40,12
2020-07-04,"Central Shenandoah",80+,114,27,16
2020-07-04,"Central Shenandoah",Missing,1,0,0
2020-07-04,"Central Virginia",0-9,7,0,0
2020-07-04,"Central Virginia",19-Oct,61,1,0
2020-07-04,"Central Virginia",20-29,88,2,0
2020-07-04,"Central Virginia",30-39,63,1,0
2020-07-04,"Central Virginia",40-49,59,0,0
2020-07-04,"Central Virginia",50-59,63,2,1
2020-07-04,"Central Virginia",60-69,46,4,2
2020-07-04,"Central Virginia",70-79,23,4,2
2020-07-04,"Central Virginia",80+,19,2,0
2020-07-04,"Central Virginia",Missing,1,0,0
2020-07-04,Chesapeake,0-9,30,1,0
2020-07-04,Chesapeake,19-Oct,50,1,0
2020-07-04,Chesapeake,20-29,165,4,0
2020-07-04,Chesapeake,30-39,186,10,0
2020-07-04,Chesapeake,40-49,152,23,0
2020-07-04,Chesapeake,50-59,155,24,1
2020-07-04,Chesapeake,60-69,117,30,5
2020-07-04,Chesapeake,70-79,70,29,3
2020-07-04,Chesapeake,80+,67,24,12
2020-07-04,Chesapeake,Missing,11,1,0
2020-07-04,Chesterfield,0-9,119,0,0
2020-07-04,Chesterfield,19-Oct,305,0,0
2020-07-04,Chesterfield,20-29,524,5,0
2020-07-04,Chesterfield,30-39,624,5,0
2020-07-04,Chesterfield,40-49,565,19,2
2020-07-04,Chesterfield,50-59,441,32,4
2020-07-04,Chesterfield,60-69,284,37,9
2020-07-04,Chesterfield,70-79,130,23,16
2020-07-04,Chesterfield,80+,138,28,42
2020-07-04,Chesterfield,Missing,71,0,0
2020-07-04,Chickahominy,0-9,14,0,0
2020-07-04,Chickahominy,19-Oct,42,0,0
2020-07-04,Chickahominy,20-29,88,0,0
2020-07-04,Chickahominy,30-39,89,2,0
2020-07-04,Chickahominy,40-49,91,12,1
2020-07-04,Chickahominy,50-59,118,22,1
2020-07-04,Chickahominy,60-69,75,18,6
2020-07-04,Chickahominy,70-79,57,22,7
2020-07-04,Chickahominy,80+,83,35,24
2020-07-04,Chickahominy,Missing,12,0,0
2020-07-04,Crater,0-9,26,1,0
2020-07-04,Crater,19-Oct,52,0,0
2020-07-04,Crater,20-29,233,7,0
2020-07-04,Crater,30-39,280,5,0
2020-07-04,Crater,40-49,234,14,1
2020-07-04,Crater,50-59,278,32,3
2020-07-04,Crater,60-69,229,45,12
2020-07-04,Crater,70-79,136,32,14
2020-07-04,Crater,80+,106,18,8
2020-07-04,Crater,Missing,9,0,0
2020-07-04,"Cumberland Plateau",0-9,1,0,0
2020-07-04,"Cumberland Plateau",19-Oct,19,0,0
2020-07-04,"Cumberland Plateau",20-29,5,0,0
2020-07-04,"Cumberland Plateau",30-39,10,0,0
2020-07-04,"Cumberland Plateau",40-49,14,0,0
2020-07-04,"Cumberland Plateau",50-59,6,1,0
2020-07-04,"Cumberland Plateau",60-69,6,1,0
2020-07-04,"Cumberland Plateau",70-79,5,0,0
2020-07-04,"Cumberland Plateau",80+,0,0,0
2020-07-04,"Cumberland Plateau",Missing,0,0,0
2020-07-04,"Eastern Shore",0-9,20,2,0
2020-07-04,"Eastern Shore",19-Oct,57,1,0
2020-07-04,"Eastern Shore",20-29,197,6,0
2020-07-04,"Eastern Shore",30-39,236,8,0
2020-07-04,"Eastern Shore",40-49,247,10,2
2020-07-04,"Eastern Shore",50-59,275,19,5
2020-07-04,"Eastern Shore",60-69,179,29,8
2020-07-04,"Eastern Shore",70-79,47,16,9
2020-07-04,"Eastern Shore",80+,50,22,18
2020-07-04,"Eastern Shore",Missing,6,0,0
2020-07-04,Fairfax,0-9,481,18,0
2020-07-04,Fairfax,19-Oct,858,25,0
2020-07-04,Fairfax,20-29,2220,72,3
2020-07-04,Fairfax,30-39,2734,174,5
2020-07-04,Fairfax,40-49,2652,248,9
2020-07-04,Fairfax,50-59,2219,292,32
2020-07-04,Fairfax,60-69,1429,308,60
2020-07-04,Fairfax,70-79,669,238,109
2020-07-04,Fairfax,80+,784,296,292
2020-07-04,Fairfax,Missing,151,3,0
2020-07-04,Hampton,0-9,11,0,0
2020-07-04,Hampton,19-Oct,17,0,0
2020-07-04,Hampton,20-29,81,2,0
2020-07-04,Hampton,30-39,69,3,0
2020-07-04,Hampton,40-49,52,5,0
2020-07-04,Hampton,50-59,51,9,1
2020-07-04,Hampton,60-69,43,11,2
2020-07-04,Hampton,70-79,24,8,0
2020-07-04,Hampton,80+,7,3,2
2020-07-04,Hampton,Missing,5,0,0
2020-07-04,Henrico,0-9,105,2,0
2020-07-04,Henrico,19-Oct,173,3,0
2020-07-04,Henrico,20-29,369,15,0
2020-07-04,Henrico,30-39,457,17,0
2020-07-04,Henrico,40-49,388,26,2
2020-07-04,Henrico,50-59,331,38,8
2020-07-04,Henrico,60-69,288,47,30
2020-07-04,Henrico,70-79,209,46,39
2020-07-04,Henrico,80+,313,66,78
2020-07-04,Henrico,Missing,30,1,1
2020-07-04,Lenowisco,0-9,3,0,0
2020-07-04,Lenowisco,19-Oct,5,0,0
2020-07-04,Lenowisco,20-29,7,0,0
2020-07-04,Lenowisco,30-39,5,1,1
2020-07-04,Lenowisco,40-49,7,2,0
2020-07-04,Lenowisco,50-59,17,5,0
2020-07-04,Lenowisco,60-69,7,5,2
2020-07-04,Lenowisco,70-79,5,4,1
2020-07-04,Lenowisco,80+,0,0,0
2020-07-04,Lenowisco,Missing,0,0,0
2020-07-04,"Lord Fairfax",0-9,62,1,0
2020-07-04,"Lord Fairfax",19-Oct,147,1,0
2020-07-04,"Lord Fairfax",20-29,348,5,0
2020-07-04,"Lord Fairfax",30-39,343,11,1
2020-07-04,"Lord Fairfax",40-49,332,17,1
2020-07-04,"Lord Fairfax",50-59,338,27,2
2020-07-04,"Lord Fairfax",60-69,226,47,14
2020-07-04,"Lord Fairfax",70-79,132,39,17
2020-07-04,"Lord Fairfax",80+,138,35,36
2020-07-04,"Lord Fairfax",Missing,2,0,0
2020-07-04,Loudoun,0-9,152,3,0
2020-07-04,Loudoun,19-Oct,522,0,0
2020-07-04,Loudoun,20-29,674,6,0
2020-07-04,Loudoun,30-39,738,24,0
2020-07-04,Loudoun,40-49,802,47,1
2020-07-04,Loudoun,50-59,643,55,2
2020-07-04,Loudoun,60-69,253,48,6
2020-07-04,Loudoun,70-79,144,46,14
2020-07-04,Loudoun,80+,188,50,67
2020-07-04,Loudoun,Missing,59,0,1
2020-07-04,"Mount Rogers",0-9,37,1,0
2020-07-04,"Mount Rogers",19-Oct,56,0,0
2020-07-04,"Mount Rogers",20-29,116,0,0
2020-07-04,"Mount Rogers",30-39,107,4,0
2020-07-04,"Mount Rogers",40-49,107,3,1
2020-07-04,"Mount Rogers",50-59,99,6,1
2020-07-04,"Mount Rogers",60-69,90,8,0
2020-07-04,"Mount Rogers",70-79,62,27,10
2020-07-04,"Mount Rogers",80+,74,25,20
2020-07-04,"Mount Rogers",Missing,1,0,0
2020-07-04,"New River",0-9,7,0,0
2020-07-04,"New River",19-Oct,28,0,0
2020-07-04,"New River",20-29,64,0,0
2020-07-04,"New River",30-39,30,1,0
2020-07-04,"New River",40-49,36,1,0
2020-07-04,"New River",50-59,32,4,0
2020-07-04,"New River",60-69,27,4,0
2020-07-04,"New River",70-79,18,8,4
2020-07-04,"New River",80+,13,4,1
2020-07-04,"New River",Missing,0,0,0
2020-07-04,Norfolk,0-9,42,1,0
2020-07-04,Norfolk,19-Oct,60,1,0
2020-07-04,Norfolk,20-29,300,4,0
2020-07-04,Norfolk,30-39,211,12,0
2020-07-04,Norfolk,40-49,147,14,1
2020-07-04,Norfolk,50-59,139,20,2
2020-07-04,Norfolk,60-69,95,29,2
2020-07-04,Norfolk,70-79,43,24,4
2020-07-04,Norfolk,80+,22,7,3
2020-07-04,Norfolk,Missing,8,1,0
2020-07-04,Peninsula,0-9,39,0,0
2020-07-04,Peninsula,19-Oct,58,1,0
2020-07-04,Peninsula,20-29,217,1,0
2020-07-04,Peninsula,30-39,176,7,1
2020-07-04,Peninsula,40-49,135,7,1
2020-07-04,Peninsula,50-59,147,20,3
2020-07-04,Peninsula,60-69,132,29,3
2020-07-04,Peninsula,70-79,90,38,11
2020-07-04,Peninsula,80+,53,24,15
2020-07-04,Peninsula,Missing,7,0,0
2020-07-04,Piedmont,0-9,21,0,0
2020-07-04,Piedmont,19-Oct,34,0,0
2020-07-04,Piedmont,20-29,167,2,0
2020-07-04,Piedmont,30-39,206,3,0
2020-07-04,Piedmont,40-49,195,10,0
2020-07-04,Piedmont,50-59,192,22,0
2020-07-04,Piedmont,60-69,135,19,2
2020-07-04,Piedmont,70-79,66,18,3
2020-07-04,Piedmont,80+,48,15,8
2020-07-04,Piedmont,Missing,1,0,0
2020-07-04,Pittsylvania-Danville,0-9,6,0,0
2020-07-04,Pittsylvania-Danville,19-Oct,13,0,0
2020-07-04,Pittsylvania-Danville,20-29,24,0,0
2020-07-04,Pittsylvania-Danville,30-39,30,1,0
2020-07-04,Pittsylvania-Danville,40-49,51,6,0
2020-07-04,Pittsylvania-Danville,50-59,43,10,0
2020-07-04,Pittsylvania-Danville,60-69,29,9,1
2020-07-04,Pittsylvania-Danville,70-79,23,11,0
2020-07-04,Pittsylvania-Danville,80+,8,5,2
2020-07-04,Pittsylvania-Danville,Missing,0,0,0
2020-07-04,Portsmouth,0-9,21,1,0
2020-07-04,Portsmouth,19-Oct,21,0,0
2020-07-04,Portsmouth,20-29,114,6,0
2020-07-04,Portsmouth,30-39,114,5,1
2020-07-04,Portsmouth,40-49,69,6,0
2020-07-04,Portsmouth,50-59,78,20,2
2020-07-04,Portsmouth,60-69,56,17,5
2020-07-04,Portsmouth,70-79,32,11,5
2020-07-04,Portsmouth,80+,21,7,5
2020-07-04,Portsmouth,Missing,13,0,0
2020-07-04,"Prince William",0-9,340,9,0
2020-07-04,"Prince William",19-Oct,784,8,0
2020-07-04,"Prince William",20-29,1654,52,0
2020-07-04,"Prince William",30-39,1745,90,2
2020-07-04,"Prince William",40-49,1957,148,7
2020-07-04,"Prince William",50-59,1441,185,14
2020-07-04,"Prince William",60-69,757,162,38
2020-07-04,"Prince William",70-79,307,89,41
2020-07-04,"Prince William",80+,233,77,69
2020-07-04,"Prince William",Missing,136,2,0
2020-07-04,Rappahannock,0-9,114,1,0
2020-07-04,Rappahannock,19-Oct,234,2,0
2020-07-04,Rappahannock,20-29,430,12,0
2020-07-04,Rappahannock,30-39,485,21,0
2020-07-04,Rappahannock,40-49,449,37,2
2020-07-04,Rappahannock,50-59,383,47,4
2020-07-04,Rappahannock,60-69,210,45,5
2020-07-04,Rappahannock,70-79,103,30,14
2020-07-04,Rappahannock,80+,91,32,19
2020-07-04,Rappahannock,Missing,19,0,0
2020-07-04,"Rappahannock Rapidan",0-9,70,1,0
2020-07-04,"Rappahannock Rapidan",19-Oct,132,3,0
2020-07-04,"Rappahannock Rapidan",20-29,273,4,0
2020-07-04,"Rappahannock Rapidan",30-39,308,16,1
2020-07-04,"Rappahannock Rapidan",40-49,293,19,2
2020-07-04,"Rappahannock Rapidan",50-59,208,25,2
2020-07-04,"Rappahannock Rapidan",60-69,114,16,4
2020-07-04,"Rappahannock Rapidan",70-79,39,12,7
2020-07-04,"Rappahannock Rapidan",80+,22,13,6
2020-07-04,"Rappahannock Rapidan",Missing,7,0,0
2020-07-04,Richmond,0-9,97,5,0
2020-07-04,Richmond,19-Oct,191,2,0
2020-07-04,Richmond,20-29,471,14,0
2020-07-04,Richmond,30-39,488,25,1
2020-07-04,Richmond,40-49,386,29,1
2020-07-04,Richmond,50-59,292,50,1
2020-07-04,Richmond,60-69,198,45,6
2020-07-04,Richmond,70-79,85,37,11
2020-07-04,Richmond,80+,36,19,9
2020-07-04,Richmond,Missing,18,0,0
2020-07-04,Roanoke,0-9,13,0,0
2020-07-04,Roanoke,19-Oct,55,0,0
2020-07-04,Roanoke,20-29,107,3,0
2020-07-04,Roanoke,30-39,95,0,0
2020-07-04,Roanoke,40-49,67,1,0
2020-07-04,Roanoke,50-59,43,1,0
2020-07-04,Roanoke,60-69,35,3,0
2020-07-04,Roanoke,70-79,16,3,1
2020-07-04,Roanoke,80+,42,3,9
2020-07-04,Roanoke,Missing,3,0,0
2020-07-04,Southside,0-9,6,0,0
2020-07-04,Southside,19-Oct,8,0,0
2020-07-04,Southside,20-29,43,2,0
2020-07-04,Southside,30-39,54,1,0
2020-07-04,Southside,40-49,53,5,0
2020-07-04,Southside,50-59,61,8,0
2020-07-04,Southside,60-69,56,12,4
2020-07-04,Southside,70-79,59,10,13
2020-07-04,Southside,80+,80,12,13
2020-07-04,Southside,Missing,0,0,0
2020-07-04,"Thomas Jefferson",0-9,48,1,0
2020-07-04,"Thomas Jefferson",19-Oct,70,1,0
2020-07-04,"Thomas Jefferson",20-29,175,2,0
2020-07-04,"Thomas Jefferson",30-39,212,5,0
2020-07-04,"Thomas Jefferson",40-49,168,12,0
2020-07-04,"Thomas Jefferson",50-59,127,12,1
2020-07-04,"Thomas Jefferson",60-69,84,18,2
2020-07-04,"Thomas Jefferson",70-79,62,21,4
2020-07-04,"Thomas Jefferson",80+,78,27,18
2020-07-04,"Thomas Jefferson",Missing,1,0,0
2020-07-04,"Three Rivers",0-9,9,1,0
2020-07-04,"Three Rivers",19-Oct,25,0,0
2020-07-04,"Three Rivers",20-29,112,4,0
2020-07-04,"Three Rivers",30-39,140,3,0
2020-07-04,"Three Rivers",40-49,134,11,2
2020-07-04,"Three Rivers",50-59,95,8,0
2020-07-04,"Three Rivers",60-69,68,11,0
2020-07-04,"Three Rivers",70-79,33,7,4
2020-07-04,"Three Rivers",80+,32,5,3
2020-07-04,"Three Rivers",Missing,1,0,0
2020-07-04,"Virginia Beach",0-9,34,0,0
2020-07-04,"Virginia Beach",19-Oct,67,0,0
2020-07-04,"Virginia Beach",20-29,313,5,0
2020-07-04,"Virginia Beach",30-39,211,11,0
2020-07-04,"Virginia Beach",40-49,175,19,1
2020-07-04,"Virginia Beach",50-59,160,14,0
2020-07-04,"Virginia Beach",60-69,148,18,1
2020-07-04,"Virginia Beach",70-79,73,25,7
2020-07-04,"Virginia Beach",80+,91,31,21
2020-07-04,"Virginia Beach",Missing,28,0,0
2020-07-04,"West Piedmont",0-9,15,1,0
2020-07-04,"West Piedmont",19-Oct,67,0,0
2020-07-04,"West Piedmont",20-29,70,1,0
2020-07-04,"West Piedmont",30-39,79,1,0
2020-07-04,"West Piedmont",40-49,86,8,2
2020-07-04,"West Piedmont",50-59,94,11,1
2020-07-04,"West Piedmont",60-69,55,7,0
2020-07-04,"West Piedmont",70-79,26,9,3
2020-07-04,"West Piedmont",80+,14,7,1
2020-07-04,"West Piedmont",Missing,0,0,0
2020-07-04,"Western Tidewater",0-9,10,0,0
2020-07-04,"Western Tidewater",19-Oct,17,0,0
2020-07-04,"Western Tidewater",20-29,88,3,0
2020-07-04,"Western Tidewater",30-39,119,8,0
2020-07-04,"Western Tidewater",40-49,106,5,1
2020-07-04,"Western Tidewater",50-59,150,13,2
2020-07-04,"Western Tidewater",60-69,134,16,6
2020-07-04,"Western Tidewater",70-79,87,21,18
2020-07-04,"Western Tidewater",80+,132,23,28
2020-07-04,"Western Tidewater",Missing,6,0,0
2020-07-05,Alexandria,0-9,133,2,0
2020-07-05,Alexandria,19-Oct,170,3,0
2020-07-05,Alexandria,20-29,377,8,1
2020-07-05,Alexandria,30-39,549,30,0
2020-07-05,Alexandria,40-49,439,37,0
2020-07-05,Alexandria,50-59,305,49,10
2020-07-05,Alexandria,60-69,200,44,2
2020-07-05,Alexandria,70-79,101,38,19
2020-07-05,Alexandria,80+,90,28,25
2020-07-05,Alexandria,Missing,12,0,0
2020-07-05,Alleghany,0-9,10,0,0
2020-07-05,Alleghany,19-Oct,77,0,0
2020-07-05,Alleghany,20-29,98,1,0
2020-07-05,Alleghany,30-39,68,2,0
2020-07-05,Alleghany,40-49,68,1,0
2020-07-05,Alleghany,50-59,69,5,1
2020-07-05,Alleghany,60-69,58,7,1
2020-07-05,Alleghany,70-79,54,7,7
2020-07-05,Alleghany,80+,40,8,6
2020-07-05,Alleghany,Missing,1,0,0
2020-07-05,Arlington,0-9,45,2,0
2020-07-05,Arlington,19-Oct,101,5,0
2020-07-05,Arlington,20-29,441,21,0
2020-07-05,Arlington,30-39,462,43,0
2020-07-05,Arlington,40-49,435,48,6
2020-07-05,Arlington,50-59,381,66,6
2020-07-05,Arlington,60-69,281,80,19
2020-07-05,Arlington,70-79,173,72,32
2020-07-05,Arlington,80+,203,83,68
2020-07-05,Arlington,Missing,11,1,0
2020-07-05,"Central Shenandoah",0-9,54,0,0
2020-07-05,"Central Shenandoah",19-Oct,114,1,0
2020-07-05,"Central Shenandoah",20-29,413,6,0
2020-07-05,"Central Shenandoah",30-39,319,6,0
2020-07-05,"Central Shenandoah",40-49,349,14,0
2020-07-05,"Central Shenandoah",50-59,375,32,2
2020-07-05,"Central Shenandoah",60-69,269,47,10
2020-07-05,"Central Shenandoah",70-79,131,40,12
2020-07-05,"Central Shenandoah",80+,115,27,16
2020-07-05,"Central Shenandoah",Missing,1,0,0
2020-07-05,"Central Virginia",0-9,7,0,0
2020-07-05,"Central Virginia",19-Oct,61,1,0
2020-07-05,"Central Virginia",20-29,88,2,0
2020-07-05,"Central Virginia",30-39,63,1,0
2020-07-05,"Central Virginia",40-49,59,0,0
2020-07-05,"Central Virginia",50-59,63,2,1
2020-07-05,"Central Virginia",60-69,46,4,2
2020-07-05,"Central Virginia",70-79,23,4,2
2020-07-05,"Central Virginia",80+,19,2,0
2020-07-05,"Central Virginia",Missing,1,0,0
2020-07-05,Chesapeake,0-9,31,1,0
2020-07-05,Chesapeake,19-Oct,50,1,0
2020-07-05,Chesapeake,20-29,168,4,0
2020-07-05,Chesapeake,30-39,189,10,0
2020-07-05,Chesapeake,40-49,155,23,0
2020-07-05,Chesapeake,50-59,156,24,1
2020-07-05,Chesapeake,60-69,117,30,5
2020-07-05,Chesapeake,70-79,70,29,3
2020-07-05,Chesapeake,80+,68,24,12
2020-07-05,Chesapeake,Missing,11,1,0
2020-07-05,Chesterfield,0-9,120,0,0
2020-07-05,Chesterfield,19-Oct,309,0,0
2020-07-05,Chesterfield,20-29,539,5,0
2020-07-05,Chesterfield,30-39,633,5,0
2020-07-05,Chesterfield,40-49,568,19,2
2020-07-05,Chesterfield,50-59,447,32,4
2020-07-05,Chesterfield,60-69,285,37,9
2020-07-05,Chesterfield,70-79,133,23,16
2020-07-05,Chesterfield,80+,142,28,42
2020-07-05,Chesterfield,Missing,71,0,0
2020-07-05,Chickahominy,0-9,14,0,0
2020-07-05,Chickahominy,19-Oct,43,0,0
2020-07-05,Chickahominy,20-29,90,0,0
2020-07-05,Chickahominy,30-39,89,2,0
2020-07-05,Chickahominy,40-49,92,12,1
2020-07-05,Chickahominy,50-59,118,22,1
2020-07-05,Chickahominy,60-69,76,18,6
2020-07-05,Chickahominy,70-79,58,22,7
2020-07-05,Chickahominy,80+,83,35,24
2020-07-05,Chickahominy,Missing,12,0,0
2020-07-05,Crater,0-9,26,1,0
2020-07-05,Crater,19-Oct,53,0,0
2020-07-05,Crater,20-29,235,7,0
2020-07-05,Crater,30-39,280,5,0
2020-07-05,Crater,40-49,234,14,1
2020-07-05,Crater,50-59,278,32,3
2020-07-05,Crater,60-69,231,45,12
2020-07-05,Crater,70-79,136,32,14
2020-07-05,Crater,80+,108,19,8
2020-07-05,Crater,Missing,9,0,0
2020-07-05,"Cumberland Plateau",0-9,2,0,0
2020-07-05,"Cumberland Plateau",19-Oct,19,0,0
2020-07-05,"Cumberland Plateau",20-29,5,0,0
2020-07-05,"Cumberland Plateau",30-39,10,0,0
2020-07-05,"Cumberland Plateau",40-49,14,0,0
2020-07-05,"Cumberland Plateau",50-59,7,1,0
2020-07-05,"Cumberland Plateau",60-69,6,1,0
2020-07-05,"Cumberland Plateau",70-79,5,0,0
2020-07-05,"Cumberland Plateau",80+,0,0,0
2020-07-05,"Cumberland Plateau",Missing,0,0,0
2020-07-05,"Eastern Shore",0-9,20,2,0
2020-07-05,"Eastern Shore",19-Oct,59,1,0
2020-07-05,"Eastern Shore",20-29,197,6,0
2020-07-05,"Eastern Shore",30-39,236,8,0
2020-07-05,"Eastern Shore",40-49,247,10,2
2020-07-05,"Eastern Shore",50-59,275,19,5
2020-07-05,"Eastern Shore",60-69,179,29,8
2020-07-05,"Eastern Shore",70-79,47,16,9
2020-07-05,"Eastern Shore",80+,50,22,18
2020-07-05,"Eastern Shore",Missing,6,0,0
2020-07-05,Fairfax,0-9,481,18,0
2020-07-05,Fairfax,19-Oct,872,25,0
2020-07-05,Fairfax,20-29,2237,72,3
2020-07-05,Fairfax,30-39,2746,174,5
2020-07-05,Fairfax,40-49,2662,248,9
2020-07-05,Fairfax,50-59,2232,293,32
2020-07-05,Fairfax,60-69,1436,310,61
2020-07-05,Fairfax,70-79,670,238,109
2020-07-05,Fairfax,80+,786,296,292
2020-07-05,Fairfax,Missing,157,3,0
2020-07-05,Hampton,0-9,11,0,0
2020-07-05,Hampton,19-Oct,17,0,0
2020-07-05,Hampton,20-29,83,2,0
2020-07-05,Hampton,30-39,71,3,0
2020-07-05,Hampton,40-49,54,5,0
2020-07-05,Hampton,50-59,52,9,1
2020-07-05,Hampton,60-69,44,11,2
2020-07-05,Hampton,70-79,24,8,0
2020-07-05,Hampton,80+,8,3,2
2020-07-05,Hampton,Missing,5,0,0
2020-07-05,Henrico,0-9,105,2,0
2020-07-05,Henrico,19-Oct,175,3,0
2020-07-05,Henrico,20-29,374,15,0
2020-07-05,Henrico,30-39,459,18,0
2020-07-05,Henrico,40-49,392,26,2
2020-07-05,Henrico,50-59,334,38,8
2020-07-05,Henrico,60-69,288,47,30
2020-07-05,Henrico,70-79,209,46,39
2020-07-05,Henrico,80+,315,66,78
2020-07-05,Henrico,Missing,30,1,1
2020-07-05,Lenowisco,0-9,3,0,0
2020-07-05,Lenowisco,19-Oct,5,0,0
2020-07-05,Lenowisco,20-29,7,0,0
2020-07-05,Lenowisco,30-39,7,1,1
2020-07-05,Lenowisco,40-49,7,2,0
2020-07-05,Lenowisco,50-59,17,5,0
2020-07-05,Lenowisco,60-69,7,5,2
2020-07-05,Lenowisco,70-79,7,4,1
2020-07-05,Lenowisco,80+,0,0,0
2020-07-05,Lenowisco,Missing,0,0,0
2020-07-05,"Lord Fairfax",0-9,63,1,0
2020-07-05,"Lord Fairfax",19-Oct,150,1,0
2020-07-05,"Lord Fairfax",20-29,348,5,0
2020-07-05,"Lord Fairfax",30-39,345,11,1
2020-07-05,"Lord Fairfax",40-49,333,17,1
2020-07-05,"Lord Fairfax",50-59,342,27,2
2020-07-05,"Lord Fairfax",60-69,227,47,14
2020-07-05,"Lord Fairfax",70-79,134,40,17
2020-07-05,"Lord Fairfax",80+,145,35,39
2020-07-05,"Lord Fairfax",Missing,2,0,0
2020-07-05,Loudoun,0-9,153,3,0
2020-07-05,Loudoun,19-Oct,533,0,0
2020-07-05,Loudoun,20-29,678,6,0
2020-07-05,Loudoun,30-39,739,24,0
2020-07-05,Loudoun,40-49,810,47,1
2020-07-05,Loudoun,50-59,651,55,2
2020-07-05,Loudoun,60-69,252,47,5
2020-07-05,Loudoun,70-79,144,46,14
2020-07-05,Loudoun,80+,188,50,67
2020-07-05,Loudoun,Missing,59,0,1
2020-07-05,"Mount Rogers",0-9,37,1,0
2020-07-05,"Mount Rogers",19-Oct,58,0,0
2020-07-05,"Mount Rogers",20-29,118,0,0
2020-07-05,"Mount Rogers",30-39,111,4,0
2020-07-05,"Mount Rogers",40-49,110,3,1
2020-07-05,"Mount Rogers",50-59,102,6,1
2020-07-05,"Mount Rogers",60-69,91,9,0
2020-07-05,"Mount Rogers",70-79,63,27,10
2020-07-05,"Mount Rogers",80+,74,25,20
2020-07-05,"Mount Rogers",Missing,1,0,0
2020-07-05,"New River",0-9,7,0,0
2020-07-05,"New River",19-Oct,28,0,0
2020-07-05,"New River",20-29,66,0,0
2020-07-05,"New River",30-39,30,1,0
2020-07-05,"New River",40-49,37,1,0
2020-07-05,"New River",50-59,32,4,0
2020-07-05,"New River",60-69,27,4,0
2020-07-05,"New River",70-79,18,8,4
2020-07-05,"New River",80+,13,4,1
2020-07-05,"New River",Missing,0,0,0
2020-07-05,Norfolk,0-9,42,1,0
2020-07-05,Norfolk,19-Oct,60,1,0
2020-07-05,Norfolk,20-29,303,5,0
2020-07-05,Norfolk,30-39,212,12,0
2020-07-05,Norfolk,40-49,148,14,1
2020-07-05,Norfolk,50-59,139,20,2
2020-07-05,Norfolk,60-69,95,29,2
2020-07-05,Norfolk,70-79,43,24,4
2020-07-05,Norfolk,80+,22,7,3
2020-07-05,Norfolk,Missing,8,1,0
2020-07-05,Peninsula,0-9,41,0,0
2020-07-05,Peninsula,19-Oct,65,1,0
2020-07-05,Peninsula,20-29,226,1,0
2020-07-05,Peninsula,30-39,191,7,1
2020-07-05,Peninsula,40-49,142,7,1
2020-07-05,Peninsula,50-59,149,20,3
2020-07-05,Peninsula,60-69,132,29,3
2020-07-05,Peninsula,70-79,90,38,11
2020-07-05,Peninsula,80+,54,24,15
2020-07-05,Peninsula,Missing,7,0,0
2020-07-05,Piedmont,0-9,21,0,0
2020-07-05,Piedmont,19-Oct,34,0,0
2020-07-05,Piedmont,20-29,167,2,0
2020-07-05,Piedmont,30-39,206,3,0
2020-07-05,Piedmont,40-49,195,10,0
2020-07-05,Piedmont,50-59,192,22,0
2020-07-05,Piedmont,60-69,135,19,2
2020-07-05,Piedmont,70-79,66,18,3
2020-07-05,Piedmont,80+,48,15,8
2020-07-05,Piedmont,Missing,1,0,0
2020-07-05,Pittsylvania-Danville,0-9,6,0,0
2020-07-05,Pittsylvania-Danville,19-Oct,14,0,0
2020-07-05,Pittsylvania-Danville,20-29,25,0,0
2020-07-05,Pittsylvania-Danville,30-39,31,1,0
2020-07-05,Pittsylvania-Danville,40-49,52,6,0
2020-07-05,Pittsylvania-Danville,50-59,46,11,0
2020-07-05,Pittsylvania-Danville,60-69,30,9,1
2020-07-05,Pittsylvania-Danville,70-79,23,11,0
2020-07-05,Pittsylvania-Danville,80+,9,5,2
2020-07-05,Pittsylvania-Danville,Missing,0,0,0
2020-07-05,Portsmouth,0-9,21,1,0
2020-07-05,Portsmouth,19-Oct,21,0,0
2020-07-05,Portsmouth,20-29,120,6,0
2020-07-05,Portsmouth,30-39,115,5,1
2020-07-05,Portsmouth,40-49,70,6,0
2020-07-05,Portsmouth,50-59,80,20,2
2020-07-05,Portsmouth,60-69,56,17,5
2020-07-05,Portsmouth,70-79,32,11,5
2020-07-05,Portsmouth,80+,21,7,5
2020-07-05,Portsmouth,Missing,13,0,0
2020-07-05,"Prince William",0-9,343,9,0
2020-07-05,"Prince William",19-Oct,794,8,0
2020-07-05,"Prince William",20-29,1680,52,0
2020-07-05,"Prince William",30-39,1767,90,2
2020-07-05,"Prince William",40-49,1980,148,7
2020-07-05,"Prince William",50-59,1454,185,14
2020-07-05,"Prince William",60-69,769,162,38
2020-07-05,"Prince William",70-79,309,90,41
2020-07-05,"Prince William",80+,233,77,69
2020-07-05,"Prince William",Missing,136,2,0
2020-07-05,Rappahannock,0-9,114,1,0
2020-07-05,Rappahannock,19-Oct,234,2,0
2020-07-05,Rappahannock,20-29,436,12,0
2020-07-05,Rappahannock,30-39,486,21,0
2020-07-05,Rappahannock,40-49,453,37,2
2020-07-05,Rappahannock,50-59,385,47,4
2020-07-05,Rappahannock,60-69,210,46,5
2020-07-05,Rappahannock,70-79,103,30,14
2020-07-05,Rappahannock,80+,91,32,19
2020-07-05,Rappahannock,Missing,19,0,0
2020-07-05,"Rappahannock Rapidan",0-9,72,1,0
2020-07-05,"Rappahannock Rapidan",19-Oct,132,3,0
2020-07-05,"Rappahannock Rapidan",20-29,276,4,0
2020-07-05,"Rappahannock Rapidan",30-39,312,16,1
2020-07-05,"Rappahannock Rapidan",40-49,294,19,2
2020-07-05,"Rappahannock Rapidan",50-59,211,25,2
2020-07-05,"Rappahannock Rapidan",60-69,115,16,4
2020-07-05,"Rappahannock Rapidan",70-79,41,12,7
2020-07-05,"Rappahannock Rapidan",80+,24,13,6
2020-07-05,"Rappahannock Rapidan",Missing,7,0,0
2020-07-05,Richmond,0-9,97,5,0
2020-07-05,Richmond,19-Oct,193,2,0
2020-07-05,Richmond,20-29,478,14,0
2020-07-05,Richmond,30-39,491,24,1
2020-07-05,Richmond,40-49,385,29,1
2020-07-05,Richmond,50-59,292,52,1
2020-07-05,Richmond,60-69,200,46,6
2020-07-05,Richmond,70-79,85,37,11
2020-07-05,Richmond,80+,37,19,9
2020-07-05,Richmond,Missing,18,0,0
2020-07-05,Roanoke,0-9,15,0,0
2020-07-05,Roanoke,19-Oct,55,0,0
2020-07-05,Roanoke,20-29,108,3,0
2020-07-05,Roanoke,30-39,95,0,0
2020-07-05,Roanoke,40-49,67,1,0
2020-07-05,Roanoke,50-59,43,1,0
2020-07-05,Roanoke,60-69,35,3,0
2020-07-05,Roanoke,70-79,16,3,1
2020-07-05,Roanoke,80+,42,3,9
2020-07-05,Roanoke,Missing,3,0,0
2020-07-05,Southside,0-9,6,0,0
2020-07-05,Southside,19-Oct,8,0,0
2020-07-05,Southside,20-29,44,2,0
2020-07-05,Southside,30-39,55,1,0
2020-07-05,Southside,40-49,53,5,0
2020-07-05,Southside,50-59,62,8,0
2020-07-05,Southside,60-69,56,12,4
2020-07-05,Southside,70-79,59,10,13
2020-07-05,Southside,80+,80,12,13
2020-07-05,Southside,Missing,0,0,0
2020-07-05,"Thomas Jefferson",0-9,48,1,0
2020-07-05,"Thomas Jefferson",19-Oct,72,1,0
2020-07-05,"Thomas Jefferson",20-29,177,2,0
2020-07-05,"Thomas Jefferson",30-39,216,5,0
2020-07-05,"Thomas Jefferson",40-49,170,12,0
2020-07-05,"Thomas Jefferson",50-59,131,12,1
2020-07-05,"Thomas Jefferson",60-69,84,18,2
2020-07-05,"Thomas Jefferson",70-79,63,21,4
2020-07-05,"Thomas Jefferson",80+,78,27,18
2020-07-05,"Thomas Jefferson",Missing,1,0,0
2020-07-05,"Three Rivers",0-9,9,1,0
2020-07-05,"Three Rivers",19-Oct,26,0,0
2020-07-05,"Three Rivers",20-29,114,4,0
2020-07-05,"Three Rivers",30-39,142,3,0
2020-07-05,"Three Rivers",40-49,137,11,2
2020-07-05,"Three Rivers",50-59,98,8,0
2020-07-05,"Three Rivers",60-69,68,11,0
2020-07-05,"Three Rivers",70-79,33,7,4
2020-07-05,"Three Rivers",80+,33,5,3
2020-07-05,"Three Rivers",Missing,1,0,0
2020-07-05,"Virginia Beach",0-9,34,0,0
2020-07-05,"Virginia Beach",19-Oct,71,0,0
2020-07-05,"Virginia Beach",20-29,328,5,0
2020-07-05,"Virginia Beach",30-39,223,11,0
2020-07-05,"Virginia Beach",40-49,179,19,1
2020-07-05,"Virginia Beach",50-59,167,14,0
2020-07-05,"Virginia Beach",60-69,152,18,1
2020-07-05,"Virginia Beach",70-79,77,25,7
2020-07-05,"Virginia Beach",80+,91,31,21
2020-07-05,"Virginia Beach",Missing,28,0,0
2020-07-05,"West Piedmont",0-9,16,1,0
2020-07-05,"West Piedmont",19-Oct,68,0,0
2020-07-05,"West Piedmont",20-29,71,1,0
2020-07-05,"West Piedmont",30-39,81,1,0
2020-07-05,"West Piedmont",40-49,87,8,2
2020-07-05,"West Piedmont",50-59,96,11,1
2020-07-05,"West Piedmont",60-69,58,7,0
2020-07-05,"West Piedmont",70-79,27,9,3
2020-07-05,"West Piedmont",80+,14,7,1
2020-07-05,"West Piedmont",Missing,0,0,0
2020-07-05,"Western Tidewater",0-9,10,0,0
2020-07-05,"Western Tidewater",19-Oct,19,0,0
2020-07-05,"Western Tidewater",20-29,92,3,0
2020-07-05,"Western Tidewater",30-39,120,8,0
2020-07-05,"Western Tidewater",40-49,107,5,1
2020-07-05,"Western Tidewater",50-59,150,13,2
2020-07-05,"Western Tidewater",60-69,135,16,6
2020-07-05,"Western Tidewater",70-79,89,21,18
2020-07-05,"Western Tidewater",80+,133,24,29
2020-07-05,"Western Tidewater",Missing,6,0,0
2020-07-06,Alexandria,0-9,133,2,0
2020-07-06,Alexandria,19-Oct,170,3,0
2020-07-06,Alexandria,20-29,378,8,1
2020-07-06,Alexandria,30-39,548,30,0
2020-07-06,Alexandria,40-49,441,37,0
2020-07-06,Alexandria,50-59,306,49,10
2020-07-06,Alexandria,60-69,201,45,2
2020-07-06,Alexandria,70-79,101,38,19
2020-07-06,Alexandria,80+,90,28,25
2020-07-06,Alexandria,Missing,12,0,0
2020-07-06,Alleghany,0-9,11,0,0
2020-07-06,Alleghany,19-Oct,78,0,0
2020-07-06,Alleghany,20-29,98,1,0
2020-07-06,Alleghany,30-39,69,2,0
2020-07-06,Alleghany,40-49,70,1,0
2020-07-06,Alleghany,50-59,74,5,1
2020-07-06,Alleghany,60-69,59,7,1
2020-07-06,Alleghany,70-79,55,7,7
2020-07-06,Alleghany,80+,40,8,6
2020-07-06,Alleghany,Missing,1,0,0
2020-07-06,Arlington,0-9,45,2,0
2020-07-06,Arlington,19-Oct,102,5,0
2020-07-06,Arlington,20-29,440,21,0
2020-07-06,Arlington,30-39,462,43,0
2020-07-06,Arlington,40-49,434,48,6
2020-07-06,Arlington,50-59,381,66,6
2020-07-06,Arlington,60-69,282,80,19
2020-07-06,Arlington,70-79,173,72,32
2020-07-06,Arlington,80+,203,83,68
2020-07-06,Arlington,Missing,11,1,0
2020-07-06,"Central Shenandoah",0-9,53,0,0
2020-07-06,"Central Shenandoah",19-Oct,114,1,0
2020-07-06,"Central Shenandoah",20-29,413,6,0
2020-07-06,"Central Shenandoah",30-39,320,6,0
2020-07-06,"Central Shenandoah",40-49,350,14,0
2020-07-06,"Central Shenandoah",50-59,375,32,2
2020-07-06,"Central Shenandoah",60-69,271,47,10
2020-07-06,"Central Shenandoah",70-79,131,40,12
2020-07-06,"Central Shenandoah",80+,114,26,16
2020-07-06,"Central Shenandoah",Missing,1,0,0
2020-07-06,"Central Virginia",0-9,7,0,0
2020-07-06,"Central Virginia",19-Oct,61,1,0
2020-07-06,"Central Virginia",20-29,90,2,0
2020-07-06,"Central Virginia",30-39,63,1,0
2020-07-06,"Central Virginia",40-49,60,0,0
2020-07-06,"Central Virginia",50-59,64,2,1
2020-07-06,"Central Virginia",60-69,47,4,2
2020-07-06,"Central Virginia",70-79,24,4,2
2020-07-06,"Central Virginia",80+,19,2,0
2020-07-06,"Central Virginia",Missing,1,0,0
2020-07-06,Chesapeake,0-9,32,1,0
2020-07-06,Chesapeake,19-Oct,50,1,0
2020-07-06,Chesapeake,20-29,171,4,0
2020-07-06,Chesapeake,30-39,191,10,0
2020-07-06,Chesapeake,40-49,156,23,0
2020-07-06,Chesapeake,50-59,158,24,1
2020-07-06,Chesapeake,60-69,119,30,5
2020-07-06,Chesapeake,70-79,70,29,3
2020-07-06,Chesapeake,80+,68,24,12
2020-07-06,Chesapeake,Missing,11,1,0
2020-07-06,Chesterfield,0-9,120,0,0
2020-07-06,Chesterfield,19-Oct,310,0,0
2020-07-06,Chesterfield,20-29,544,5,0
2020-07-06,Chesterfield,30-39,635,5,0
2020-07-06,Chesterfield,40-49,567,19,2
2020-07-06,Chesterfield,50-59,451,32,4
2020-07-06,Chesterfield,60-69,285,37,9
2020-07-06,Chesterfield,70-79,133,23,16
2020-07-06,Chesterfield,80+,144,28,42
2020-07-06,Chesterfield,Missing,71,0,0
2020-07-06,Chickahominy,0-9,14,0,0
2020-07-06,Chickahominy,19-Oct,43,0,0
2020-07-06,Chickahominy,20-29,90,0,0
2020-07-06,Chickahominy,30-39,90,2,0
2020-07-06,Chickahominy,40-49,92,12,1
2020-07-06,Chickahominy,50-59,119,22,1
2020-07-06,Chickahominy,60-69,76,18,6
2020-07-06,Chickahominy,70-79,58,22,7
2020-07-06,Chickahominy,80+,83,35,24
2020-07-06,Chickahominy,Missing,12,0,0
2020-07-06,Crater,0-9,26,1,0
2020-07-06,Crater,19-Oct,53,0,0
2020-07-06,Crater,20-29,238,7,0
2020-07-06,Crater,30-39,282,5,0
2020-07-06,Crater,40-49,235,14,1
2020-07-06,Crater,50-59,280,32,3
2020-07-06,Crater,60-69,238,45,12
2020-07-06,Crater,70-79,141,34,14
2020-07-06,Crater,80+,110,20,8
2020-07-06,Crater,Missing,9,0,0
2020-07-06,"Cumberland Plateau",0-9,2,0,0
2020-07-06,"Cumberland Plateau",19-Oct,19,0,0
2020-07-06,"Cumberland Plateau",20-29,5,0,0
2020-07-06,"Cumberland Plateau",30-39,10,0,0
2020-07-06,"Cumberland Plateau",40-49,15,0,0
2020-07-06,"Cumberland Plateau",50-59,7,1,0
2020-07-06,"Cumberland Plateau",60-69,6,1,0
2020-07-06,"Cumberland Plateau",70-79,5,0,0
2020-07-06,"Cumberland Plateau",80+,0,0,0
2020-07-06,"Cumberland Plateau",Missing,0,0,0
2020-07-06,"Eastern Shore",0-9,20,2,0
2020-07-06,"Eastern Shore",19-Oct,59,1,0
2020-07-06,"Eastern Shore",20-29,197,6,0
2020-07-06,"Eastern Shore",30-39,236,8,0
2020-07-06,"Eastern Shore",40-49,247,10,2
2020-07-06,"Eastern Shore",50-59,275,19,5
2020-07-06,"Eastern Shore",60-69,179,29,8
2020-07-06,"Eastern Shore",70-79,47,16,9
2020-07-06,"Eastern Shore",80+,50,22,18
2020-07-06,"Eastern Shore",Missing,6,0,0
2020-07-06,Fairfax,0-9,483,18,0
2020-07-06,Fairfax,19-Oct,878,25,0
2020-07-06,Fairfax,20-29,2243,72,3
2020-07-06,Fairfax,30-39,2760,175,5
2020-07-06,Fairfax,40-49,2675,249,9
2020-07-06,Fairfax,50-59,2239,293,32
2020-07-06,Fairfax,60-69,1439,311,61
2020-07-06,Fairfax,70-79,671,238,109
2020-07-06,Fairfax,80+,786,295,291
2020-07-06,Fairfax,Missing,157,3,0
2020-07-06,Hampton,0-9,11,0,0
2020-07-06,Hampton,19-Oct,17,0,0
2020-07-06,Hampton,20-29,83,2,0
2020-07-06,Hampton,30-39,76,3,0
2020-07-06,Hampton,40-49,56,5,0
2020-07-06,Hampton,50-59,52,9,1
2020-07-06,Hampton,60-69,44,11,2
2020-07-06,Hampton,70-79,24,8,0
2020-07-06,Hampton,80+,8,3,2
2020-07-06,Hampton,Missing,5,0,0
2020-07-06,Henrico,0-9,105,2,0
2020-07-06,Henrico,19-Oct,175,4,0
2020-07-06,Henrico,20-29,375,15,0
2020-07-06,Henrico,30-39,460,18,0
2020-07-06,Henrico,40-49,391,26,2
2020-07-06,Henrico,50-59,334,38,8
2020-07-06,Henrico,60-69,288,47,30
2020-07-06,Henrico,70-79,211,47,39
2020-07-06,Henrico,80+,316,66,79
2020-07-06,Henrico,Missing,30,1,1
2020-07-06,Lenowisco,0-9,3,0,0
2020-07-06,Lenowisco,19-Oct,7,0,0
2020-07-06,Lenowisco,20-29,7,0,0
2020-07-06,Lenowisco,30-39,7,1,1
2020-07-06,Lenowisco,40-49,7,2,0
2020-07-06,Lenowisco,50-59,17,5,0
2020-07-06,Lenowisco,60-69,7,5,2
2020-07-06,Lenowisco,70-79,8,4,1
2020-07-06,Lenowisco,80+,0,0,0
2020-07-06,Lenowisco,Missing,0,0,0
2020-07-06,"Lord Fairfax",0-9,63,1,0
2020-07-06,"Lord Fairfax",19-Oct,149,1,0
2020-07-06,"Lord Fairfax",20-29,349,5,0
2020-07-06,"Lord Fairfax",30-39,346,11,1
2020-07-06,"Lord Fairfax",40-49,334,17,1
2020-07-06,"Lord Fairfax",50-59,343,27,2
2020-07-06,"Lord Fairfax",60-69,227,47,14
2020-07-06,"Lord Fairfax",70-79,135,40,17
2020-07-06,"Lord Fairfax",80+,145,35,39
2020-07-06,"Lord Fairfax",Missing,2,0,0
2020-07-06,Loudoun,0-9,152,3,0
2020-07-06,Loudoun,19-Oct,534,0,0
2020-07-06,Loudoun,20-29,682,6,0
2020-07-06,Loudoun,30-39,742,24,0
2020-07-06,Loudoun,40-49,811,47,1
2020-07-06,Loudoun,50-59,651,55,2
2020-07-06,Loudoun,60-69,253,47,5
2020-07-06,Loudoun,70-79,144,46,14
2020-07-06,Loudoun,80+,188,50,67
2020-07-06,Loudoun,Missing,59,0,1
2020-07-06,"Mount Rogers",0-9,37,1,0
2020-07-06,"Mount Rogers",19-Oct,58,0,0
2020-07-06,"Mount Rogers",20-29,118,0,0
2020-07-06,"Mount Rogers",30-39,112,4,0
2020-07-06,"Mount Rogers",40-49,112,3,1
2020-07-06,"Mount Rogers",50-59,102,6,1
2020-07-06,"Mount Rogers",60-69,92,9,0
2020-07-06,"Mount Rogers",70-79,64,27,10
2020-07-06,"Mount Rogers",80+,77,25,20
2020-07-06,"Mount Rogers",Missing,1,0,0
2020-07-06,"New River",0-9,7,0,0
2020-07-06,"New River",19-Oct,30,0,0
2020-07-06,"New River",20-29,66,0,0
2020-07-06,"New River",30-39,32,1,0
2020-07-06,"New River",40-49,38,1,0
2020-07-06,"New River",50-59,33,4,0
2020-07-06,"New River",60-69,27,4,0
2020-07-06,"New River",70-79,18,8,4
2020-07-06,"New River",80+,13,4,1
2020-07-06,"New River",Missing,0,0,0
2020-07-06,Norfolk,0-9,43,1,0
2020-07-06,Norfolk,19-Oct,62,1,0
2020-07-06,Norfolk,20-29,312,5,0
2020-07-06,Norfolk,30-39,217,12,0
2020-07-06,Norfolk,40-49,151,14,1
2020-07-06,Norfolk,50-59,142,20,2
2020-07-06,Norfolk,60-69,99,29,2
2020-07-06,Norfolk,70-79,44,24,4
2020-07-06,Norfolk,80+,26,8,3
2020-07-06,Norfolk,Missing,9,1,0
2020-07-06,Peninsula,0-9,41,0,0
2020-07-06,Peninsula,19-Oct,67,1,0
2020-07-06,Peninsula,20-29,229,1,0
2020-07-06,Peninsula,30-39,195,7,1
2020-07-06,Peninsula,40-49,146,7,1
2020-07-06,Peninsula,50-59,151,20,3
2020-07-06,Peninsula,60-69,132,29,3
2020-07-06,Peninsula,70-79,91,38,11
2020-07-06,Peninsula,80+,54,24,15
2020-07-06,Peninsula,Missing,7,0,0
2020-07-06,Piedmont,0-9,22,0,0
2020-07-06,Piedmont,19-Oct,34,0,0
2020-07-06,Piedmont,20-29,169,2,0
2020-07-06,Piedmont,30-39,206,3,0
2020-07-06,Piedmont,40-49,196,10,0
2020-07-06,Piedmont,50-59,194,22,0
2020-07-06,Piedmont,60-69,136,19,2
2020-07-06,Piedmont,70-79,67,18,3
2020-07-06,Piedmont,80+,48,15,8
2020-07-06,Piedmont,Missing,1,0,0
2020-07-06,Pittsylvania-Danville,0-9,6,0,0
2020-07-06,Pittsylvania-Danville,19-Oct,14,0,0
2020-07-06,Pittsylvania-Danville,20-29,25,0,0
2020-07-06,Pittsylvania-Danville,30-39,31,1,0
2020-07-06,Pittsylvania-Danville,40-49,52,6,0
2020-07-06,Pittsylvania-Danville,50-59,46,11,0
2020-07-06,Pittsylvania-Danville,60-69,30,9,1
2020-07-06,Pittsylvania-Danville,70-79,23,11,0
2020-07-06,Pittsylvania-Danville,80+,9,5,2
2020-07-06,Pittsylvania-Danville,Missing,0,0,0
2020-07-06,Portsmouth,0-9,21,1,0
2020-07-06,Portsmouth,19-Oct,22,0,0
2020-07-06,Portsmouth,20-29,120,6,0
2020-07-06,Portsmouth,30-39,115,5,1
2020-07-06,Portsmouth,40-49,70,6,0
2020-07-06,Portsmouth,50-59,80,20,2
2020-07-06,Portsmouth,60-69,56,17,5
2020-07-06,Portsmouth,70-79,32,11,5
2020-07-06,Portsmouth,80+,21,7,5
2020-07-06,Portsmouth,Missing,12,0,0
2020-07-06,"Prince William",0-9,342,9,0
2020-07-06,"Prince William",19-Oct,795,8,0
2020-07-06,"Prince William",20-29,1683,52,0
2020-07-06,"Prince William",30-39,1768,90,2
2020-07-06,"Prince William",40-49,1987,148,7
2020-07-06,"Prince William",50-59,1454,186,14
2020-07-06,"Prince William",60-69,769,163,38
2020-07-06,"Prince William",70-79,311,90,41
2020-07-06,"Prince William",80+,234,77,69
2020-07-06,"Prince William",Missing,136,2,0
2020-07-06,Rappahannock,0-9,114,1,0
2020-07-06,Rappahannock,19-Oct,235,2,0
2020-07-06,Rappahannock,20-29,436,13,0
2020-07-06,Rappahannock,30-39,486,21,0
2020-07-06,Rappahannock,40-49,454,38,2
2020-07-06,Rappahannock,50-59,385,47,4
2020-07-06,Rappahannock,60-69,210,46,5
2020-07-06,Rappahannock,70-79,104,30,14
2020-07-06,Rappahannock,80+,91,32,19
2020-07-06,Rappahannock,Missing,19,0,0
2020-07-06,"Rappahannock Rapidan",0-9,72,1,0
2020-07-06,"Rappahannock Rapidan",19-Oct,132,3,0
2020-07-06,"Rappahannock Rapidan",20-29,277,4,0
2020-07-06,"Rappahannock Rapidan",30-39,316,17,1
2020-07-06,"Rappahannock Rapidan",40-49,296,19,2
2020-07-06,"Rappahannock Rapidan",50-59,209,25,2
2020-07-06,"Rappahannock Rapidan",60-69,118,16,4
2020-07-06,"Rappahannock Rapidan",70-79,42,13,7
2020-07-06,"Rappahannock Rapidan",80+,24,13,6
2020-07-06,"Rappahannock Rapidan",Missing,7,0,0
2020-07-06,Richmond,0-9,97,5,0
2020-07-06,Richmond,19-Oct,193,2,0
2020-07-06,Richmond,20-29,482,14,0
2020-07-06,Richmond,30-39,495,24,1
2020-07-06,Richmond,40-49,387,29,1
2020-07-06,Richmond,50-59,292,52,1
2020-07-06,Richmond,60-69,202,46,6
2020-07-06,Richmond,70-79,85,37,11
2020-07-06,Richmond,80+,37,19,9
2020-07-06,Richmond,Missing,18,0,0
2020-07-06,Roanoke,0-9,16,0,0
2020-07-06,Roanoke,19-Oct,55,0,0
2020-07-06,Roanoke,20-29,112,3,0
2020-07-06,Roanoke,30-39,97,0,0
2020-07-06,Roanoke,40-49,69,1,0
2020-07-06,Roanoke,50-59,44,1,0
2020-07-06,Roanoke,60-69,37,3,0
2020-07-06,Roanoke,70-79,16,3,1
2020-07-06,Roanoke,80+,43,3,9
2020-07-06,Roanoke,Missing,3,0,0
2020-07-06,Southside,0-9,6,0,0
2020-07-06,Southside,19-Oct,8,0,0
2020-07-06,Southside,20-29,44,2,0
2020-07-06,Southside,30-39,56,1,0
2020-07-06,Southside,40-49,55,5,0
2020-07-06,Southside,50-59,62,8,0
2020-07-06,Southside,60-69,57,12,4
2020-07-06,Southside,70-79,59,10,13
2020-07-06,Southside,80+,80,12,13
2020-07-06,Southside,Missing,0,0,0
2020-07-06,"Thomas Jefferson",0-9,48,1,0
2020-07-06,"Thomas Jefferson",19-Oct,73,1,0
2020-07-06,"Thomas Jefferson",20-29,180,2,0
2020-07-06,"Thomas Jefferson",30-39,219,6,0
2020-07-06,"Thomas Jefferson",40-49,173,13,0
2020-07-06,"Thomas Jefferson",50-59,132,12,1
2020-07-06,"Thomas Jefferson",60-69,84,18,2
2020-07-06,"Thomas Jefferson",70-79,64,21,4
2020-07-06,"Thomas Jefferson",80+,78,27,18
2020-07-06,"Thomas Jefferson",Missing,1,0,0
2020-07-06,"Three Rivers",0-9,9,1,0
2020-07-06,"Three Rivers",19-Oct,26,0,0
2020-07-06,"Three Rivers",20-29,114,4,0
2020-07-06,"Three Rivers",30-39,142,3,0
2020-07-06,"Three Rivers",40-49,137,11,2
2020-07-06,"Three Rivers",50-59,98,8,0
2020-07-06,"Three Rivers",60-69,68,11,0
2020-07-06,"Three Rivers",70-79,33,7,4
2020-07-06,"Three Rivers",80+,33,5,3
2020-07-06,"Three Rivers",Missing,1,0,0
2020-07-06,"Virginia Beach",0-9,34,0,0
2020-07-06,"Virginia Beach",19-Oct,73,0,0
2020-07-06,"Virginia Beach",20-29,350,5,0
2020-07-06,"Virginia Beach",30-39,231,11,0
2020-07-06,"Virginia Beach",40-49,182,19,1
2020-07-06,"Virginia Beach",50-59,168,14,0
2020-07-06,"Virginia Beach",60-69,154,18,1
2020-07-06,"Virginia Beach",70-79,78,25,7
2020-07-06,"Virginia Beach",80+,94,31,21
2020-07-06,"Virginia Beach",Missing,28,0,0
2020-07-06,"West Piedmont",0-9,16,1,0
2020-07-06,"West Piedmont",19-Oct,71,0,0
2020-07-06,"West Piedmont",20-29,76,1,0
2020-07-06,"West Piedmont",30-39,84,1,0
2020-07-06,"West Piedmont",40-49,88,8,2
2020-07-06,"West Piedmont",50-59,97,11,1
2020-07-06,"West Piedmont",60-69,59,7,0
2020-07-06,"West Piedmont",70-79,27,9,3
2020-07-06,"West Piedmont",80+,14,7,1
2020-07-06,"West Piedmont",Missing,0,0,0
2020-07-06,"Western Tidewater",0-9,10,0,0
2020-07-06,"Western Tidewater",19-Oct,20,0,0
2020-07-06,"Western Tidewater",20-29,94,3,0
2020-07-06,"Western Tidewater",30-39,121,9,0
2020-07-06,"Western Tidewater",40-49,111,5,1
2020-07-06,"Western Tidewater",50-59,150,13,2
2020-07-06,"Western Tidewater",60-69,135,16,6
2020-07-06,"Western Tidewater",70-79,89,21,18
2020-07-06,"Western Tidewater",80+,133,24,29
2020-07-06,"Western Tidewater",Missing,6,0,0
2020-07-07,Alexandria,0-9,133,2,0
2020-07-07,Alexandria,19-Oct,173,3,0
2020-07-07,Alexandria,20-29,381,8,1
2020-07-07,Alexandria,30-39,552,30,0
2020-07-07,Alexandria,40-49,443,37,0
2020-07-07,Alexandria,50-59,309,50,10
2020-07-07,Alexandria,60-69,205,45,2
2020-07-07,Alexandria,70-79,101,38,19
2020-07-07,Alexandria,80+,90,28,25
2020-07-07,Alexandria,Missing,12,0,0
2020-07-07,Alleghany,0-9,12,0,0
2020-07-07,Alleghany,19-Oct,80,0,0
2020-07-07,Alleghany,20-29,100,1,0
2020-07-07,Alleghany,30-39,71,2,0
2020-07-07,Alleghany,40-49,76,1,0
2020-07-07,Alleghany,50-59,75,5,1
2020-07-07,Alleghany,60-69,62,7,1
2020-07-07,Alleghany,70-79,55,7,7
2020-07-07,Alleghany,80+,40,8,6
2020-07-07,Alleghany,Missing,1,0,0
2020-07-07,Arlington,0-9,49,2,0
2020-07-07,Arlington,19-Oct,101,5,0
2020-07-07,Arlington,20-29,450,21,0
2020-07-07,Arlington,30-39,462,43,0
2020-07-07,Arlington,40-49,435,48,6
2020-07-07,Arlington,50-59,381,66,6
2020-07-07,Arlington,60-69,283,80,19
2020-07-07,Arlington,70-79,175,72,32
2020-07-07,Arlington,80+,203,84,68
2020-07-07,Arlington,Missing,11,1,0
2020-07-07,"Central Shenandoah",0-9,53,0,0
2020-07-07,"Central Shenandoah",19-Oct,116,1,0
2020-07-07,"Central Shenandoah",20-29,418,6,0
2020-07-07,"Central Shenandoah",30-39,324,6,0
2020-07-07,"Central Shenandoah",40-49,354,14,0
2020-07-07,"Central Shenandoah",50-59,379,32,2
2020-07-07,"Central Shenandoah",60-69,273,47,11
2020-07-07,"Central Shenandoah",70-79,134,40,12
2020-07-07,"Central Shenandoah",80+,114,26,16
2020-07-07,"Central Shenandoah",Missing,1,0,0
2020-07-07,"Central Virginia",0-9,7,0,0
2020-07-07,"Central Virginia",19-Oct,60,1,0
2020-07-07,"Central Virginia",20-29,92,2,0
2020-07-07,"Central Virginia",30-39,64,1,0
2020-07-07,"Central Virginia",40-49,63,0,0
2020-07-07,"Central Virginia",50-59,67,2,2
2020-07-07,"Central Virginia",60-69,48,4,2
2020-07-07,"Central Virginia",70-79,23,4,2
2020-07-07,"Central Virginia",80+,19,2,0
2020-07-07,"Central Virginia",Missing,1,0,0
2020-07-07,Chesapeake,0-9,32,1,0
2020-07-07,Chesapeake,19-Oct,56,1,0
2020-07-07,Chesapeake,20-29,178,4,0
2020-07-07,Chesapeake,30-39,193,10,0
2020-07-07,Chesapeake,40-49,158,26,1
2020-07-07,Chesapeake,50-59,161,26,1
2020-07-07,Chesapeake,60-69,121,32,5
2020-07-07,Chesapeake,70-79,70,29,3
2020-07-07,Chesapeake,80+,67,24,12
2020-07-07,Chesapeake,Missing,10,1,0
2020-07-07,Chesterfield,0-9,121,0,0
2020-07-07,Chesterfield,19-Oct,314,0,0
2020-07-07,Chesterfield,20-29,546,7,0
2020-07-07,Chesterfield,30-39,645,7,0
2020-07-07,Chesterfield,40-49,575,20,2
2020-07-07,Chesterfield,50-59,455,35,4
2020-07-07,Chesterfield,60-69,294,39,10
2020-07-07,Chesterfield,70-79,132,23,17
2020-07-07,Chesterfield,80+,143,28,43
2020-07-07,Chesterfield,Missing,71,0,0
2020-07-07,Chickahominy,0-9,14,0,0
2020-07-07,Chickahominy,19-Oct,43,0,0
2020-07-07,Chickahominy,20-29,93,0,0
2020-07-07,Chickahominy,30-39,91,2,0
2020-07-07,Chickahominy,40-49,94,12,1
2020-07-07,Chickahominy,50-59,119,22,1
2020-07-07,Chickahominy,60-69,76,18,6
2020-07-07,Chickahominy,70-79,58,22,7
2020-07-07,Chickahominy,80+,82,34,26
2020-07-07,Chickahominy,Missing,13,0,0
2020-07-07,Crater,0-9,26,1,0
2020-07-07,Crater,19-Oct,54,0,0
2020-07-07,Crater,20-29,241,7,0
2020-07-07,Crater,30-39,288,5,0
2020-07-07,Crater,40-49,236,14,1
2020-07-07,Crater,50-59,285,32,3
2020-07-07,Crater,60-69,240,45,12
2020-07-07,Crater,70-79,147,36,15
2020-07-07,Crater,80+,114,21,9
2020-07-07,Crater,Missing,9,0,0
2020-07-07,"Cumberland Plateau",0-9,2,0,0
2020-07-07,"Cumberland Plateau",19-Oct,22,0,0
2020-07-07,"Cumberland Plateau",20-29,5,0,0
2020-07-07,"Cumberland Plateau",30-39,11,0,0
2020-07-07,"Cumberland Plateau",40-49,16,0,0
2020-07-07,"Cumberland Plateau",50-59,7,1,0
2020-07-07,"Cumberland Plateau",60-69,7,1,0
2020-07-07,"Cumberland Plateau",70-79,5,0,0
2020-07-07,"Cumberland Plateau",80+,0,0,0
2020-07-07,"Cumberland Plateau",Missing,0,0,0
2020-07-07,"Eastern Shore",0-9,20,2,0
2020-07-07,"Eastern Shore",19-Oct,59,1,0
2020-07-07,"Eastern Shore",20-29,197,6,0
2020-07-07,"Eastern Shore",30-39,234,8,0
2020-07-07,"Eastern Shore",40-49,247,10,2
2020-07-07,"Eastern Shore",50-59,275,19,5
2020-07-07,"Eastern Shore",60-69,179,29,8
2020-07-07,"Eastern Shore",70-79,47,16,9
2020-07-07,"Eastern Shore",80+,50,22,18
2020-07-07,"Eastern Shore",Missing,6,0,0
2020-07-07,Fairfax,0-9,484,18,0
2020-07-07,Fairfax,19-Oct,877,25,0
2020-07-07,Fairfax,20-29,2240,76,3
2020-07-07,Fairfax,30-39,2760,177,5
2020-07-07,Fairfax,40-49,2675,253,9
2020-07-07,Fairfax,50-59,2236,294,32
2020-07-07,Fairfax,60-69,1435,314,61
2020-07-07,Fairfax,70-79,671,242,109
2020-07-07,Fairfax,80+,783,296,291
2020-07-07,Fairfax,Missing,156,3,0
2020-07-07,Hampton,0-9,12,0,0
2020-07-07,Hampton,19-Oct,21,0,0
2020-07-07,Hampton,20-29,85,2,0
2020-07-07,Hampton,30-39,79,3,0
2020-07-07,Hampton,40-49,58,5,0
2020-07-07,Hampton,50-59,53,9,1
2020-07-07,Hampton,60-69,45,11,2
2020-07-07,Hampton,70-79,24,8,0
2020-07-07,Hampton,80+,8,3,2
2020-07-07,Hampton,Missing,5,0,0
2020-07-07,Henrico,0-9,104,2,0
2020-07-07,Henrico,19-Oct,178,4,0
2020-07-07,Henrico,20-29,379,15,0
2020-07-07,Henrico,30-39,465,18,0
2020-07-07,Henrico,40-49,394,26,2
2020-07-07,Henrico,50-59,339,38,8
2020-07-07,Henrico,60-69,289,48,30
2020-07-07,Henrico,70-79,211,47,39
2020-07-07,Henrico,80+,320,66,83
2020-07-07,Henrico,Missing,29,1,1
2020-07-07,Lenowisco,0-9,3,0,0
2020-07-07,Lenowisco,19-Oct,7,0,0
2020-07-07,Lenowisco,20-29,7,0,0
2020-07-07,Lenowisco,30-39,7,1,1
2020-07-07,Lenowisco,40-49,7,2,0
2020-07-07,Lenowisco,50-59,17,5,0
2020-07-07,Lenowisco,60-69,7,5,2
2020-07-07,Lenowisco,70-79,8,4,1
2020-07-07,Lenowisco,80+,0,0,0
2020-07-07,Lenowisco,Missing,0,0,0
2020-07-07,"Lord Fairfax",0-9,62,1,0
2020-07-07,"Lord Fairfax",19-Oct,150,1,0
2020-07-07,"Lord Fairfax",20-29,350,5,0
2020-07-07,"Lord Fairfax",30-39,349,11,1
2020-07-07,"Lord Fairfax",40-49,337,17,1
2020-07-07,"Lord Fairfax",50-59,344,27,2
2020-07-07,"Lord Fairfax",60-69,229,47,14
2020-07-07,"Lord Fairfax",70-79,136,41,17
2020-07-07,"Lord Fairfax",80+,147,36,39
2020-07-07,"Lord Fairfax",Missing,2,0,0
2020-07-07,Loudoun,0-9,156,3,0
2020-07-07,Loudoun,19-Oct,546,0,0
2020-07-07,Loudoun,20-29,687,6,0
2020-07-07,Loudoun,30-39,744,25,0
2020-07-07,Loudoun,40-49,817,47,1
2020-07-07,Loudoun,50-59,657,56,2
2020-07-07,Loudoun,60-69,253,47,5
2020-07-07,Loudoun,70-79,143,46,14
2020-07-07,Loudoun,80+,189,50,70
2020-07-07,Loudoun,Missing,60,0,1
2020-07-07,"Mount Rogers",0-9,37,1,0
2020-07-07,"Mount Rogers",19-Oct,58,0,0
2020-07-07,"Mount Rogers",20-29,118,0,0
2020-07-07,"Mount Rogers",30-39,112,4,0
2020-07-07,"Mount Rogers",40-49,113,3,1
2020-07-07,"Mount Rogers",50-59,105,6,1
2020-07-07,"Mount Rogers",60-69,92,9,0
2020-07-07,"Mount Rogers",70-79,68,27,11
2020-07-07,"Mount Rogers",80+,77,25,20
2020-07-07,"Mount Rogers",Missing,1,0,0
2020-07-07,"New River",0-9,7,0,0
2020-07-07,"New River",19-Oct,32,0,0
2020-07-07,"New River",20-29,66,0,0
2020-07-07,"New River",30-39,32,1,0
2020-07-07,"New River",40-49,40,1,0
2020-07-07,"New River",50-59,33,4,0
2020-07-07,"New River",60-69,27,4,0
2020-07-07,"New River",70-79,18,8,4
2020-07-07,"New River",80+,13,4,1
2020-07-07,"New River",Missing,0,0,0
2020-07-07,Norfolk,0-9,43,1,0
2020-07-07,Norfolk,19-Oct,62,1,0
2020-07-07,Norfolk,20-29,336,5,0
2020-07-07,Norfolk,30-39,229,12,0
2020-07-07,Norfolk,40-49,155,14,1
2020-07-07,Norfolk,50-59,144,20,2
2020-07-07,Norfolk,60-69,106,29,2
2020-07-07,Norfolk,70-79,48,24,4
2020-07-07,Norfolk,80+,30,9,3
2020-07-07,Norfolk,Missing,9,1,0
2020-07-07,Peninsula,0-9,41,0,0
2020-07-07,Peninsula,19-Oct,67,1,0
2020-07-07,Peninsula,20-29,240,1,0
2020-07-07,Peninsula,30-39,201,7,1
2020-07-07,Peninsula,40-49,150,7,1
2020-07-07,Peninsula,50-59,156,20,3
2020-07-07,Peninsula,60-69,134,29,3
2020-07-07,Peninsula,70-79,93,38,11
2020-07-07,Peninsula,80+,55,24,15
2020-07-07,Peninsula,Missing,7,0,0
2020-07-07,Piedmont,0-9,23,0,0
2020-07-07,Piedmont,19-Oct,34,0,0
2020-07-07,Piedmont,20-29,169,2,0
2020-07-07,Piedmont,30-39,208,4,0
2020-07-07,Piedmont,40-49,195,10,0
2020-07-07,Piedmont,50-59,194,22,0
2020-07-07,Piedmont,60-69,136,19,2
2020-07-07,Piedmont,70-79,68,18,3
2020-07-07,Piedmont,80+,48,15,9
2020-07-07,Piedmont,Missing,1,0,0
2020-07-07,Pittsylvania-Danville,0-9,6,0,0
2020-07-07,Pittsylvania-Danville,19-Oct,14,0,0
2020-07-07,Pittsylvania-Danville,20-29,25,0,0
2020-07-07,Pittsylvania-Danville,30-39,32,1,0
2020-07-07,Pittsylvania-Danville,40-49,52,6,0
2020-07-07,Pittsylvania-Danville,50-59,47,11,0
2020-07-07,Pittsylvania-Danville,60-69,30,9,1
2020-07-07,Pittsylvania-Danville,70-79,23,11,0
2020-07-07,Pittsylvania-Danville,80+,9,5,2
2020-07-07,Pittsylvania-Danville,Missing,0,0,0
2020-07-07,Portsmouth,0-9,22,1,0
2020-07-07,Portsmouth,19-Oct,24,0,0
2020-07-07,Portsmouth,20-29,128,6,0
2020-07-07,Portsmouth,30-39,121,6,1
2020-07-07,Portsmouth,40-49,70,6,0
2020-07-07,Portsmouth,50-59,82,20,2
2020-07-07,Portsmouth,60-69,58,18,5
2020-07-07,Portsmouth,70-79,32,11,5
2020-07-07,Portsmouth,80+,22,7,5
2020-07-07,Portsmouth,Missing,13,0,0
2020-07-07,"Prince William",0-9,349,10,0
2020-07-07,"Prince William",19-Oct,804,8,0
2020-07-07,"Prince William",20-29,1698,54,0
2020-07-07,"Prince William",30-39,1774,92,2
2020-07-07,"Prince William",40-49,1993,149,7
2020-07-07,"Prince William",50-59,1465,192,14
2020-07-07,"Prince William",60-69,775,164,39
2020-07-07,"Prince William",70-79,314,94,41
2020-07-07,"Prince William",80+,235,79,69
2020-07-07,"Prince William",Missing,136,2,0
2020-07-07,Rappahannock,0-9,114,1,0
2020-07-07,Rappahannock,19-Oct,238,2,0
2020-07-07,Rappahannock,20-29,442,13,0
2020-07-07,Rappahannock,30-39,493,22,0
2020-07-07,Rappahannock,40-49,455,38,2
2020-07-07,Rappahannock,50-59,390,48,4
2020-07-07,Rappahannock,60-69,213,46,5
2020-07-07,Rappahannock,70-79,104,30,14
2020-07-07,Rappahannock,80+,91,32,19
2020-07-07,Rappahannock,Missing,19,0,0
2020-07-07,"Rappahannock Rapidan",0-9,72,1,0
2020-07-07,"Rappahannock Rapidan",19-Oct,131,3,0
2020-07-07,"Rappahannock Rapidan",20-29,280,4,0
2020-07-07,"Rappahannock Rapidan",30-39,316,17,1
2020-07-07,"Rappahannock Rapidan",40-49,301,19,2
2020-07-07,"Rappahannock Rapidan",50-59,213,26,2
2020-07-07,"Rappahannock Rapidan",60-69,121,17,4
2020-07-07,"Rappahannock Rapidan",70-79,43,13,7
2020-07-07,"Rappahannock Rapidan",80+,25,13,7
2020-07-07,"Rappahannock Rapidan",Missing,7,0,0
2020-07-07,Richmond,0-9,98,5,0
2020-07-07,Richmond,19-Oct,193,2,0
2020-07-07,Richmond,20-29,487,14,0
2020-07-07,Richmond,30-39,497,24,1
2020-07-07,Richmond,40-49,389,29,1
2020-07-07,Richmond,50-59,294,52,1
2020-07-07,Richmond,60-69,204,46,6
2020-07-07,Richmond,70-79,85,37,11
2020-07-07,Richmond,80+,36,19,9
2020-07-07,Richmond,Missing,18,0,0
2020-07-07,Roanoke,0-9,16,0,0
2020-07-07,Roanoke,19-Oct,56,0,0
2020-07-07,Roanoke,20-29,114,3,0
2020-07-07,Roanoke,30-39,100,0,0
2020-07-07,Roanoke,40-49,70,1,0
2020-07-07,Roanoke,50-59,47,1,0
2020-07-07,Roanoke,60-69,37,3,0
2020-07-07,Roanoke,70-79,16,3,1
2020-07-07,Roanoke,80+,43,3,9
2020-07-07,Roanoke,Missing,3,0,0
2020-07-07,Southside,0-9,6,0,0
2020-07-07,Southside,19-Oct,9,0,0
2020-07-07,Southside,20-29,45,2,0
2020-07-07,Southside,30-39,58,2,0
2020-07-07,Southside,40-49,55,5,0
2020-07-07,Southside,50-59,62,8,0
2020-07-07,Southside,60-69,57,12,4
2020-07-07,Southside,70-79,60,10,13
2020-07-07,Southside,80+,81,12,13
2020-07-07,Southside,Missing,0,0,0
2020-07-07,"Thomas Jefferson",0-9,48,1,0
2020-07-07,"Thomas Jefferson",19-Oct,74,1,0
2020-07-07,"Thomas Jefferson",20-29,182,2,0
2020-07-07,"Thomas Jefferson",30-39,221,6,0
2020-07-07,"Thomas Jefferson",40-49,176,13,0
2020-07-07,"Thomas Jefferson",50-59,132,12,2
2020-07-07,"Thomas Jefferson",60-69,85,18,3
2020-07-07,"Thomas Jefferson",70-79,65,21,5
2020-07-07,"Thomas Jefferson",80+,79,27,19
2020-07-07,"Thomas Jefferson",Missing,1,0,0
2020-07-07,"Three Rivers",0-9,9,1,0
2020-07-07,"Three Rivers",19-Oct,27,0,0
2020-07-07,"Three Rivers",20-29,116,4,0
2020-07-07,"Three Rivers",30-39,142,3,0
2020-07-07,"Three Rivers",40-49,137,11,2
2020-07-07,"Three Rivers",50-59,100,8,0
2020-07-07,"Three Rivers",60-69,70,11,0
2020-07-07,"Three Rivers",70-79,33,7,4
2020-07-07,"Three Rivers",80+,35,7,4
2020-07-07,"Three Rivers",Missing,1,0,0
2020-07-07,"Virginia Beach",0-9,35,0,0
2020-07-07,"Virginia Beach",19-Oct,75,0,0
2020-07-07,"Virginia Beach",20-29,382,6,0
2020-07-07,"Virginia Beach",30-39,242,11,0
2020-07-07,"Virginia Beach",40-49,192,19,1
2020-07-07,"Virginia Beach",50-59,173,14,0
2020-07-07,"Virginia Beach",60-69,155,18,1
2020-07-07,"Virginia Beach",70-79,77,25,7
2020-07-07,"Virginia Beach",80+,94,31,21
2020-07-07,"Virginia Beach",Missing,30,0,0
2020-07-07,"West Piedmont",0-9,16,1,0
2020-07-07,"West Piedmont",19-Oct,73,0,0
2020-07-07,"West Piedmont",20-29,80,1,0
2020-07-07,"West Piedmont",30-39,86,1,0
2020-07-07,"West Piedmont",40-49,94,8,2
2020-07-07,"West Piedmont",50-59,101,11,1
2020-07-07,"West Piedmont",60-69,61,8,0
2020-07-07,"West Piedmont",70-79,26,9,4
2020-07-07,"West Piedmont",80+,14,7,1
2020-07-07,"West Piedmont",Missing,0,0,0
2020-07-07,"Western Tidewater",0-9,12,0,0
2020-07-07,"Western Tidewater",19-Oct,20,0,0
2020-07-07,"Western Tidewater",20-29,103,3,0
2020-07-07,"Western Tidewater",30-39,126,9,0
2020-07-07,"Western Tidewater",40-49,115,5,2
2020-07-07,"Western Tidewater",50-59,151,13,2
2020-07-07,"Western Tidewater",60-69,137,16,6
2020-07-07,"Western Tidewater",70-79,89,21,18
2020-07-07,"Western Tidewater",80+,133,24,29
2020-07-07,"Western Tidewater",Missing,6,0,0
2020-07-08,Alexandria,0-9,133,2,0
2020-07-08,Alexandria,19-Oct,175,3,0
2020-07-08,Alexandria,20-29,381,8,1
2020-07-08,Alexandria,30-39,554,30,0
2020-07-08,Alexandria,40-49,444,37,0
2020-07-08,Alexandria,50-59,310,50,10
2020-07-08,Alexandria,60-69,205,46,2
2020-07-08,Alexandria,70-79,102,38,19
2020-07-08,Alexandria,80+,93,28,25
2020-07-08,Alexandria,Missing,11,0,0
2020-07-08,Alleghany,0-9,12,0,0
2020-07-08,Alleghany,19-Oct,81,0,0
2020-07-08,Alleghany,20-29,100,1,0
2020-07-08,Alleghany,30-39,74,2,0
2020-07-08,Alleghany,40-49,77,1,0
2020-07-08,Alleghany,50-59,76,5,1
2020-07-08,Alleghany,60-69,62,7,1
2020-07-08,Alleghany,70-79,56,7,7
2020-07-08,Alleghany,80+,41,8,6
2020-07-08,Alleghany,Missing,1,0,0
2020-07-08,Arlington,0-9,49,2,0
2020-07-08,Arlington,19-Oct,102,5,0
2020-07-08,Arlington,20-29,454,21,0
2020-07-08,Arlington,30-39,464,43,0
2020-07-08,Arlington,40-49,434,48,6
2020-07-08,Arlington,50-59,381,66,6
2020-07-08,Arlington,60-69,285,80,19
2020-07-08,Arlington,70-79,175,72,32
2020-07-08,Arlington,80+,203,84,69
2020-07-08,Arlington,Missing,11,1,0
2020-07-08,"Central Shenandoah",0-9,55,0,0
2020-07-08,"Central Shenandoah",19-Oct,117,1,0
2020-07-08,"Central Shenandoah",20-29,424,8,0
2020-07-08,"Central Shenandoah",30-39,329,6,0
2020-07-08,"Central Shenandoah",40-49,359,14,0
2020-07-08,"Central Shenandoah",50-59,384,33,2
2020-07-08,"Central Shenandoah",60-69,275,47,11
2020-07-08,"Central Shenandoah",70-79,136,40,12
2020-07-08,"Central Shenandoah",80+,114,27,16
2020-07-08,"Central Shenandoah",Missing,1,0,0
2020-07-08,"Central Virginia",0-9,7,0,0
2020-07-08,"Central Virginia",19-Oct,60,1,0
2020-07-08,"Central Virginia",20-29,94,2,0
2020-07-08,"Central Virginia",30-39,64,1,0
2020-07-08,"Central Virginia",40-49,61,0,0
2020-07-08,"Central Virginia",50-59,68,2,2
2020-07-08,"Central Virginia",60-69,48,4,2
2020-07-08,"Central Virginia",70-79,22,4,2
2020-07-08,"Central Virginia",80+,20,2,0
2020-07-08,"Central Virginia",Missing,1,0,0
2020-07-08,Chesapeake,0-9,34,1,0
2020-07-08,Chesapeake,19-Oct,61,1,0
2020-07-08,Chesapeake,20-29,190,4,0
2020-07-08,Chesapeake,30-39,199,10,0
2020-07-08,Chesapeake,40-49,162,27,1
2020-07-08,Chesapeake,50-59,165,26,1
2020-07-08,Chesapeake,60-69,123,32,5
2020-07-08,Chesapeake,70-79,72,29,3
2020-07-08,Chesapeake,80+,68,24,12
2020-07-08,Chesapeake,Missing,14,1,0
2020-07-08,Chesterfield,0-9,121,0,0
2020-07-08,Chesterfield,19-Oct,315,0,0
2020-07-08,Chesterfield,20-29,551,7,0
2020-07-08,Chesterfield,30-39,647,7,0
2020-07-08,Chesterfield,40-49,577,20,2
2020-07-08,Chesterfield,50-59,459,35,4
2020-07-08,Chesterfield,60-69,298,40,10
2020-07-08,Chesterfield,70-79,132,24,19
2020-07-08,Chesterfield,80+,144,28,44
2020-07-08,Chesterfield,Missing,71,0,0
2020-07-08,Chickahominy,0-9,14,0,0
2020-07-08,Chickahominy,19-Oct,43,0,0
2020-07-08,Chickahominy,20-29,95,0,0
2020-07-08,Chickahominy,30-39,91,2,0
2020-07-08,Chickahominy,40-49,94,12,1
2020-07-08,Chickahominy,50-59,120,22,1
2020-07-08,Chickahominy,60-69,77,18,6
2020-07-08,Chickahominy,70-79,58,22,7
2020-07-08,Chickahominy,80+,82,34,26
2020-07-08,Chickahominy,Missing,13,0,0
2020-07-08,Crater,0-9,26,1,0
2020-07-08,Crater,19-Oct,55,0,0
2020-07-08,Crater,20-29,248,7,0
2020-07-08,Crater,30-39,291,7,0
2020-07-08,Crater,40-49,236,14,1
2020-07-08,Crater,50-59,287,32,3
2020-07-08,Crater,60-69,242,45,12
2020-07-08,Crater,70-79,148,36,17
2020-07-08,Crater,80+,114,21,11
2020-07-08,Crater,Missing,9,0,0
2020-07-08,"Cumberland Plateau",0-9,2,0,0
2020-07-08,"Cumberland Plateau",19-Oct,23,0,0
2020-07-08,"Cumberland Plateau",20-29,5,0,0
2020-07-08,"Cumberland Plateau",30-39,12,0,0
2020-07-08,"Cumberland Plateau",40-49,18,0,0
2020-07-08,"Cumberland Plateau",50-59,7,1,0
2020-07-08,"Cumberland Plateau",60-69,7,1,0
2020-07-08,"Cumberland Plateau",70-79,5,0,0
2020-07-08,"Cumberland Plateau",80+,0,0,0
2020-07-08,"Cumberland Plateau",Missing,0,0,0
2020-07-08,"Eastern Shore",0-9,20,2,0
2020-07-08,"Eastern Shore",19-Oct,59,1,0
2020-07-08,"Eastern Shore",20-29,197,6,0
2020-07-08,"Eastern Shore",30-39,234,8,0
2020-07-08,"Eastern Shore",40-49,247,10,2
2020-07-08,"Eastern Shore",50-59,275,19,5
2020-07-08,"Eastern Shore",60-69,179,29,8
2020-07-08,"Eastern Shore",70-79,47,16,9
2020-07-08,"Eastern Shore",80+,50,22,18
2020-07-08,"Eastern Shore",Missing,6,0,0
2020-07-08,Fairfax,0-9,488,18,0
2020-07-08,Fairfax,19-Oct,882,25,0
2020-07-08,Fairfax,20-29,2250,77,3
2020-07-08,Fairfax,30-39,2777,180,5
2020-07-08,Fairfax,40-49,2684,255,9
2020-07-08,Fairfax,50-59,2247,299,32
2020-07-08,Fairfax,60-69,1439,315,61
2020-07-08,Fairfax,70-79,671,243,109
2020-07-08,Fairfax,80+,784,298,291
2020-07-08,Fairfax,Missing,157,3,0
2020-07-08,Hampton,0-9,12,0,0
2020-07-08,Hampton,19-Oct,22,0,0
2020-07-08,Hampton,20-29,89,2,0
2020-07-08,Hampton,30-39,86,3,0
2020-07-08,Hampton,40-49,60,5,0
2020-07-08,Hampton,50-59,54,9,1
2020-07-08,Hampton,60-69,46,11,2
2020-07-08,Hampton,70-79,25,8,0
2020-07-08,Hampton,80+,10,3,2
2020-07-08,Hampton,Missing,5,0,0
2020-07-08,Henrico,0-9,104,2,0
2020-07-08,Henrico,19-Oct,180,4,0
2020-07-08,Henrico,20-29,381,15,0
2020-07-08,Henrico,30-39,466,18,0
2020-07-08,Henrico,40-49,397,26,2
2020-07-08,Henrico,50-59,341,38,8
2020-07-08,Henrico,60-69,292,48,30
2020-07-08,Henrico,70-79,212,47,40
2020-07-08,Henrico,80+,319,65,84
2020-07-08,Henrico,Missing,29,1,1
2020-07-08,Lenowisco,0-9,3,0,0
2020-07-08,Lenowisco,19-Oct,7,0,0
2020-07-08,Lenowisco,20-29,7,0,0
2020-07-08,Lenowisco,30-39,7,1,1
2020-07-08,Lenowisco,40-49,7,2,0
2020-07-08,Lenowisco,50-59,17,5,0
2020-07-08,Lenowisco,60-69,7,5,2
2020-07-08,Lenowisco,70-79,8,4,1
2020-07-08,Lenowisco,80+,0,0,0
2020-07-08,Lenowisco,Missing,0,0,0
2020-07-08,"Lord Fairfax",0-9,62,2,0
2020-07-08,"Lord Fairfax",19-Oct,149,1,0
2020-07-08,"Lord Fairfax",20-29,353,5,0
2020-07-08,"Lord Fairfax",30-39,351,11,1
2020-07-08,"Lord Fairfax",40-49,336,17,1
2020-07-08,"Lord Fairfax",50-59,345,27,2
2020-07-08,"Lord Fairfax",60-69,230,47,14
2020-07-08,"Lord Fairfax",70-79,136,41,17
2020-07-08,"Lord Fairfax",80+,154,37,39
2020-07-08,"Lord Fairfax",Missing,2,0,0
2020-07-08,Loudoun,0-9,156,3,0
2020-07-08,Loudoun,19-Oct,551,0,0
2020-07-08,Loudoun,20-29,689,6,0
2020-07-08,Loudoun,30-39,749,26,0
2020-07-08,Loudoun,40-49,829,48,1
2020-07-08,Loudoun,50-59,660,56,2
2020-07-08,Loudoun,60-69,255,48,6
2020-07-08,Loudoun,70-79,143,46,17
2020-07-08,Loudoun,80+,190,50,71
2020-07-08,Loudoun,Missing,60,0,1
2020-07-08,"Mount Rogers",0-9,37,1,0
2020-07-08,"Mount Rogers",19-Oct,58,0,0
2020-07-08,"Mount Rogers",20-29,118,0,0
2020-07-08,"Mount Rogers",30-39,113,4,0
2020-07-08,"Mount Rogers",40-49,114,3,1
2020-07-08,"Mount Rogers",50-59,106,6,1
2020-07-08,"Mount Rogers",60-69,96,10,0
2020-07-08,"Mount Rogers",70-79,69,27,11
2020-07-08,"Mount Rogers",80+,78,25,20
2020-07-08,"Mount Rogers",Missing,1,0,0
2020-07-08,"New River",0-9,7,0,0
2020-07-08,"New River",19-Oct,32,0,0
2020-07-08,"New River",20-29,67,0,0
2020-07-08,"New River",30-39,34,1,0
2020-07-08,"New River",40-49,40,1,0
2020-07-08,"New River",50-59,33,4,0
2020-07-08,"New River",60-69,27,4,0
2020-07-08,"New River",70-79,18,8,4
2020-07-08,"New River",80+,13,4,2
2020-07-08,"New River",Missing,0,0,0
2020-07-08,Norfolk,0-9,45,1,0
2020-07-08,Norfolk,19-Oct,62,1,0
2020-07-08,Norfolk,20-29,351,5,0
2020-07-08,Norfolk,30-39,235,12,0
2020-07-08,Norfolk,40-49,156,14,1
2020-07-08,Norfolk,50-59,146,20,3
2020-07-08,Norfolk,60-69,109,30,2
2020-07-08,Norfolk,70-79,50,24,4
2020-07-08,Norfolk,80+,31,11,4
2020-07-08,Norfolk,Missing,9,1,0
2020-07-08,Peninsula,0-9,41,0,0
2020-07-08,Peninsula,19-Oct,70,1,0
2020-07-08,Peninsula,20-29,247,1,0
2020-07-08,Peninsula,30-39,209,7,1
2020-07-08,Peninsula,40-49,158,7,1
2020-07-08,Peninsula,50-59,159,20,3
2020-07-08,Peninsula,60-69,137,29,3
2020-07-08,Peninsula,70-79,95,38,12
2020-07-08,Peninsula,80+,55,24,15
2020-07-08,Peninsula,Missing,7,0,0
2020-07-08,Piedmont,0-9,23,0,0
2020-07-08,Piedmont,19-Oct,34,0,0
2020-07-08,Piedmont,20-29,171,2,0
2020-07-08,Piedmont,30-39,209,4,0
2020-07-08,Piedmont,40-49,195,10,0
2020-07-08,Piedmont,50-59,195,22,0
2020-07-08,Piedmont,60-69,137,19,2
2020-07-08,Piedmont,70-79,71,20,3
2020-07-08,Piedmont,80+,48,18,10
2020-07-08,Piedmont,Missing,1,0,0
2020-07-08,Pittsylvania-Danville,0-9,6,0,0
2020-07-08,Pittsylvania-Danville,19-Oct,15,0,0
2020-07-08,Pittsylvania-Danville,20-29,26,0,0
2020-07-08,Pittsylvania-Danville,30-39,33,1,0
2020-07-08,Pittsylvania-Danville,40-49,55,6,0
2020-07-08,Pittsylvania-Danville,50-59,48,11,0
2020-07-08,Pittsylvania-Danville,60-69,32,9,1
2020-07-08,Pittsylvania-Danville,70-79,23,11,0
2020-07-08,Pittsylvania-Danville,80+,9,5,2
2020-07-08,Pittsylvania-Danville,Missing,0,0,0
2020-07-08,Portsmouth,0-9,23,1,0
2020-07-08,Portsmouth,19-Oct,27,0,0
2020-07-08,Portsmouth,20-29,132,7,0
2020-07-08,Portsmouth,30-39,128,7,1
2020-07-08,Portsmouth,40-49,75,7,0
2020-07-08,Portsmouth,50-59,83,20,2
2020-07-08,Portsmouth,60-69,58,18,5
2020-07-08,Portsmouth,70-79,32,11,5
2020-07-08,Portsmouth,80+,22,8,5
2020-07-08,Portsmouth,Missing,13,0,0
2020-07-08,"Prince William",0-9,351,10,0
2020-07-08,"Prince William",19-Oct,805,8,0
2020-07-08,"Prince William",20-29,1702,54,0
2020-07-08,"Prince William",30-39,1779,91,2
2020-07-08,"Prince William",40-49,2001,149,7
2020-07-08,"Prince William",50-59,1472,191,14
2020-07-08,"Prince William",60-69,780,164,40
2020-07-08,"Prince William",70-79,315,97,42
2020-07-08,"Prince William",80+,236,81,70
2020-07-08,"Prince William",Missing,136,2,0
2020-07-08,Rappahannock,0-9,114,1,0
2020-07-08,Rappahannock,19-Oct,241,2,0
2020-07-08,Rappahannock,20-29,444,13,0
2020-07-08,Rappahannock,30-39,495,23,0
2020-07-08,Rappahannock,40-49,458,40,2
2020-07-08,Rappahannock,50-59,393,50,4
2020-07-08,Rappahannock,60-69,216,46,5
2020-07-08,Rappahannock,70-79,105,30,14
2020-07-08,Rappahannock,80+,91,32,19
2020-07-08,Rappahannock,Missing,18,0,0
2020-07-08,"Rappahannock Rapidan",0-9,72,1,0
2020-07-08,"Rappahannock Rapidan",19-Oct,131,3,0
2020-07-08,"Rappahannock Rapidan",20-29,281,4,0
2020-07-08,"Rappahannock Rapidan",30-39,318,18,1
2020-07-08,"Rappahannock Rapidan",40-49,301,19,2
2020-07-08,"Rappahannock Rapidan",50-59,214,26,2
2020-07-08,"Rappahannock Rapidan",60-69,124,17,4
2020-07-08,"Rappahannock Rapidan",70-79,44,13,7
2020-07-08,"Rappahannock Rapidan",80+,25,13,7
2020-07-08,"Rappahannock Rapidan",Missing,7,0,0
2020-07-08,Richmond,0-9,99,5,0
2020-07-08,Richmond,19-Oct,193,2,0
2020-07-08,Richmond,20-29,490,14,0
2020-07-08,Richmond,30-39,505,24,1
2020-07-08,Richmond,40-49,390,29,1
2020-07-08,Richmond,50-59,297,52,1
2020-07-08,Richmond,60-69,206,47,6
2020-07-08,Richmond,70-79,86,37,11
2020-07-08,Richmond,80+,37,20,9
2020-07-08,Richmond,Missing,18,0,0
2020-07-08,Roanoke,0-9,17,0,0
2020-07-08,Roanoke,19-Oct,59,0,0
2020-07-08,Roanoke,20-29,121,3,0
2020-07-08,Roanoke,30-39,107,0,0
2020-07-08,Roanoke,40-49,72,1,0
2020-07-08,Roanoke,50-59,49,1,0
2020-07-08,Roanoke,60-69,38,3,0
2020-07-08,Roanoke,70-79,16,3,1
2020-07-08,Roanoke,80+,43,3,9
2020-07-08,Roanoke,Missing,3,0,0
2020-07-08,Southside,0-9,6,0,0
2020-07-08,Southside,19-Oct,9,0,0
2020-07-08,Southside,20-29,46,2,0
2020-07-08,Southside,30-39,58,2,0
2020-07-08,Southside,40-49,55,5,0
2020-07-08,Southside,50-59,64,9,0
2020-07-08,Southside,60-69,58,12,5
2020-07-08,Southside,70-79,60,10,13
2020-07-08,Southside,80+,81,12,13
2020-07-08,Southside,Missing,0,0,0
2020-07-08,"Thomas Jefferson",0-9,48,1,0
2020-07-08,"Thomas Jefferson",19-Oct,75,1,0
2020-07-08,"Thomas Jefferson",20-29,186,2,0
2020-07-08,"Thomas Jefferson",30-39,223,6,0
2020-07-08,"Thomas Jefferson",40-49,178,13,0
2020-07-08,"Thomas Jefferson",50-59,134,12,2
2020-07-08,"Thomas Jefferson",60-69,87,18,3
2020-07-08,"Thomas Jefferson",70-79,68,21,5
2020-07-08,"Thomas Jefferson",80+,95,27,19
2020-07-08,"Thomas Jefferson",Missing,1,0,0
2020-07-08,"Three Rivers",0-9,9,1,0
2020-07-08,"Three Rivers",19-Oct,27,0,0
2020-07-08,"Three Rivers",20-29,115,4,0
2020-07-08,"Three Rivers",30-39,141,3,0
2020-07-08,"Three Rivers",40-49,138,11,2
2020-07-08,"Three Rivers",50-59,100,9,0
2020-07-08,"Three Rivers",60-69,70,11,0
2020-07-08,"Three Rivers",70-79,33,8,4
2020-07-08,"Three Rivers",80+,35,7,4
2020-07-08,"Three Rivers",Missing,1,0,0
2020-07-08,"Virginia Beach",0-9,35,0,0
2020-07-08,"Virginia Beach",19-Oct,80,0,0
2020-07-08,"Virginia Beach",20-29,400,6,0
2020-07-08,"Virginia Beach",30-39,255,12,0
2020-07-08,"Virginia Beach",40-49,202,19,1
2020-07-08,"Virginia Beach",50-59,181,16,0
2020-07-08,"Virginia Beach",60-69,156,18,1
2020-07-08,"Virginia Beach",70-79,80,26,7
2020-07-08,"Virginia Beach",80+,94,31,21
2020-07-08,"Virginia Beach",Missing,37,0,0
2020-07-08,"West Piedmont",0-9,17,1,0
2020-07-08,"West Piedmont",19-Oct,73,0,0
2020-07-08,"West Piedmont",20-29,82,1,0
2020-07-08,"West Piedmont",30-39,88,2,0
2020-07-08,"West Piedmont",40-49,97,8,2
2020-07-08,"West Piedmont",50-59,102,11,1
2020-07-08,"West Piedmont",60-69,64,8,0
2020-07-08,"West Piedmont",70-79,28,10,4
2020-07-08,"West Piedmont",80+,17,8,1
2020-07-08,"West Piedmont",Missing,0,0,0
2020-07-08,"Western Tidewater",0-9,13,0,0
2020-07-08,"Western Tidewater",19-Oct,22,0,0
2020-07-08,"Western Tidewater",20-29,106,3,0
2020-07-08,"Western Tidewater",30-39,131,9,0
2020-07-08,"Western Tidewater",40-49,118,5,2
2020-07-08,"Western Tidewater",50-59,156,13,2
2020-07-08,"Western Tidewater",60-69,139,16,6
2020-07-08,"Western Tidewater",70-79,93,22,18
2020-07-08,"Western Tidewater",80+,134,25,29
2020-07-08,"Western Tidewater",Missing,6,0,0
2020-07-09,Alexandria,0-9,134,2,0
2020-07-09,Alexandria,19-Oct,176,3,0
2020-07-09,Alexandria,20-29,383,9,1
2020-07-09,Alexandria,30-39,554,30,0
2020-07-09,Alexandria,40-49,447,38,0
2020-07-09,Alexandria,50-59,311,50,10
2020-07-09,Alexandria,60-69,206,46,2
2020-07-09,Alexandria,70-79,104,38,19
2020-07-09,Alexandria,80+,93,28,25
2020-07-09,Alexandria,Missing,11,0,0
2020-07-09,Alleghany,0-9,12,0,0
2020-07-09,Alleghany,19-Oct,82,0,0
2020-07-09,Alleghany,20-29,104,1,0
2020-07-09,Alleghany,30-39,75,2,0
2020-07-09,Alleghany,40-49,78,1,0
2020-07-09,Alleghany,50-59,77,5,1
2020-07-09,Alleghany,60-69,62,7,1
2020-07-09,Alleghany,70-79,56,7,7
2020-07-09,Alleghany,80+,41,8,6
2020-07-09,Alleghany,Missing,1,0,0
2020-07-09,Arlington,0-9,49,2,0
2020-07-09,Arlington,19-Oct,104,5,0
2020-07-09,Arlington,20-29,455,21,0
2020-07-09,Arlington,30-39,465,43,0
2020-07-09,Arlington,40-49,436,48,6
2020-07-09,Arlington,50-59,383,67,6
2020-07-09,Arlington,60-69,286,80,19
2020-07-09,Arlington,70-79,175,72,32
2020-07-09,Arlington,80+,203,84,69
2020-07-09,Arlington,Missing,11,1,0
2020-07-09,"Central Shenandoah",0-9,56,0,0
2020-07-09,"Central Shenandoah",19-Oct,117,1,0
2020-07-09,"Central Shenandoah",20-29,426,8,0
2020-07-09,"Central Shenandoah",30-39,330,6,0
2020-07-09,"Central Shenandoah",40-49,361,14,0
2020-07-09,"Central Shenandoah",50-59,384,33,3
2020-07-09,"Central Shenandoah",60-69,273,47,11
2020-07-09,"Central Shenandoah",70-79,136,40,12
2020-07-09,"Central Shenandoah",80+,117,27,16
2020-07-09,"Central Shenandoah",Missing,1,0,0
2020-07-09,"Central Virginia",0-9,7,0,0
2020-07-09,"Central Virginia",19-Oct,60,1,0
2020-07-09,"Central Virginia",20-29,94,2,0
2020-07-09,"Central Virginia",30-39,64,1,0
2020-07-09,"Central Virginia",40-49,61,0,0
2020-07-09,"Central Virginia",50-59,68,2,2
2020-07-09,"Central Virginia",60-69,50,4,2
2020-07-09,"Central Virginia",70-79,22,4,2
2020-07-09,"Central Virginia",80+,20,2,0
2020-07-09,"Central Virginia",Missing,1,0,0
2020-07-09,Chesapeake,0-9,35,1,0
2020-07-09,Chesapeake,19-Oct,63,1,0
2020-07-09,Chesapeake,20-29,196,4,0
2020-07-09,Chesapeake,30-39,203,10,0
2020-07-09,Chesapeake,40-49,169,27,1
2020-07-09,Chesapeake,50-59,167,26,1
2020-07-09,Chesapeake,60-69,126,32,5
2020-07-09,Chesapeake,70-79,73,29,3
2020-07-09,Chesapeake,80+,68,24,12
2020-07-09,Chesapeake,Missing,17,1,0
2020-07-09,Chesterfield,0-9,121,0,0
2020-07-09,Chesterfield,19-Oct,315,0,0
2020-07-09,Chesterfield,20-29,559,7,0
2020-07-09,Chesterfield,30-39,652,10,0
2020-07-09,Chesterfield,40-49,586,20,3
2020-07-09,Chesterfield,50-59,461,35,4
2020-07-09,Chesterfield,60-69,300,41,10
2020-07-09,Chesterfield,70-79,132,24,20
2020-07-09,Chesterfield,80+,144,30,46
2020-07-09,Chesterfield,Missing,75,0,0
2020-07-09,Chickahominy,0-9,14,0,0
2020-07-09,Chickahominy,19-Oct,43,0,0
2020-07-09,Chickahominy,20-29,96,0,0
2020-07-09,Chickahominy,30-39,92,2,0
2020-07-09,Chickahominy,40-49,94,12,1
2020-07-09,Chickahominy,50-59,119,22,1
2020-07-09,Chickahominy,60-69,77,20,6
2020-07-09,Chickahominy,70-79,59,22,7
2020-07-09,Chickahominy,80+,82,34,26
2020-07-09,Chickahominy,Missing,15,0,0
2020-07-09,Crater,0-9,26,1,0
2020-07-09,Crater,19-Oct,57,0,0
2020-07-09,Crater,20-29,251,7,0
2020-07-09,Crater,30-39,290,7,0
2020-07-09,Crater,40-49,235,14,1
2020-07-09,Crater,50-59,287,32,3
2020-07-09,Crater,60-69,243,46,14
2020-07-09,Crater,70-79,150,37,18
2020-07-09,Crater,80+,113,20,12
2020-07-09,Crater,Missing,9,0,0
2020-07-09,"Cumberland Plateau",0-9,2,0,0
2020-07-09,"Cumberland Plateau",19-Oct,23,0,0
2020-07-09,"Cumberland Plateau",20-29,5,0,0
2020-07-09,"Cumberland Plateau",30-39,14,0,0
2020-07-09,"Cumberland Plateau",40-49,18,0,0
2020-07-09,"Cumberland Plateau",50-59,7,1,0
2020-07-09,"Cumberland Plateau",60-69,7,1,0
2020-07-09,"Cumberland Plateau",70-79,5,0,0
2020-07-09,"Cumberland Plateau",80+,0,0,0
2020-07-09,"Cumberland Plateau",Missing,0,0,0
2020-07-09,"Eastern Shore",0-9,20,2,0
2020-07-09,"Eastern Shore",19-Oct,59,1,0
2020-07-09,"Eastern Shore",20-29,197,6,0
2020-07-09,"Eastern Shore",30-39,234,8,0
2020-07-09,"Eastern Shore",40-49,247,10,2
2020-07-09,"Eastern Shore",50-59,275,19,5
2020-07-09,"Eastern Shore",60-69,179,29,8
2020-07-09,"Eastern Shore",70-79,47,16,9
2020-07-09,"Eastern Shore",80+,50,22,18
2020-07-09,"Eastern Shore",Missing,6,0,0
2020-07-09,Fairfax,0-9,494,18,0
2020-07-09,Fairfax,19-Oct,886,25,0
2020-07-09,Fairfax,20-29,2257,78,3
2020-07-09,Fairfax,30-39,2784,180,6
2020-07-09,Fairfax,40-49,2692,255,9
2020-07-09,Fairfax,50-59,2249,301,32
2020-07-09,Fairfax,60-69,1438,316,61
2020-07-09,Fairfax,70-79,670,243,109
2020-07-09,Fairfax,80+,784,298,291
2020-07-09,Fairfax,Missing,155,3,0
2020-07-09,Hampton,0-9,14,0,0
2020-07-09,Hampton,19-Oct,24,0,0
2020-07-09,Hampton,20-29,93,2,0
2020-07-09,Hampton,30-39,86,3,0
2020-07-09,Hampton,40-49,64,5,0
2020-07-09,Hampton,50-59,55,9,1
2020-07-09,Hampton,60-69,46,11,2
2020-07-09,Hampton,70-79,26,8,0
2020-07-09,Hampton,80+,9,2,1
2020-07-09,Hampton,Missing,7,0,0
2020-07-09,Henrico,0-9,100,2,0
2020-07-09,Henrico,19-Oct,180,3,0
2020-07-09,Henrico,20-29,383,15,0
2020-07-09,Henrico,30-39,465,18,0
2020-07-09,Henrico,40-49,399,26,2
2020-07-09,Henrico,50-59,344,38,8
2020-07-09,Henrico,60-69,294,50,33
2020-07-09,Henrico,70-79,212,47,41
2020-07-09,Henrico,80+,319,65,84
2020-07-09,Henrico,Missing,29,1,1
2020-07-09,Lenowisco,0-9,3,0,0
2020-07-09,Lenowisco,19-Oct,7,0,0
2020-07-09,Lenowisco,20-29,7,0,0
2020-07-09,Lenowisco,30-39,7,1,1
2020-07-09,Lenowisco,40-49,7,2,0
2020-07-09,Lenowisco,50-59,17,5,0
2020-07-09,Lenowisco,60-69,7,5,2
2020-07-09,Lenowisco,70-79,8,4,1
2020-07-09,Lenowisco,80+,1,0,0
2020-07-09,Lenowisco,Missing,0,0,0
2020-07-09,"Lord Fairfax",0-9,64,2,0
2020-07-09,"Lord Fairfax",19-Oct,149,1,0
2020-07-09,"Lord Fairfax",20-29,356,5,0
2020-07-09,"Lord Fairfax",30-39,353,11,1
2020-07-09,"Lord Fairfax",40-49,336,17,1
2020-07-09,"Lord Fairfax",50-59,349,27,2
2020-07-09,"Lord Fairfax",60-69,231,48,14
2020-07-09,"Lord Fairfax",70-79,136,41,17
2020-07-09,"Lord Fairfax",80+,152,36,39
2020-07-09,"Lord Fairfax",Missing,2,0,0
2020-07-09,Loudoun,0-9,157,3,0
2020-07-09,Loudoun,19-Oct,566,0,0
2020-07-09,Loudoun,20-29,695,6,0
2020-07-09,Loudoun,30-39,754,27,0
2020-07-09,Loudoun,40-49,838,48,1
2020-07-09,Loudoun,50-59,660,56,2
2020-07-09,Loudoun,60-69,257,50,6
2020-07-09,Loudoun,70-79,142,46,18
2020-07-09,Loudoun,80+,190,50,71
2020-07-09,Loudoun,Missing,60,0,1
2020-07-09,"Mount Rogers",0-9,37,1,0
2020-07-09,"Mount Rogers",19-Oct,59,0,0
2020-07-09,"Mount Rogers",20-29,118,0,0
2020-07-09,"Mount Rogers",30-39,115,4,0
2020-07-09,"Mount Rogers",40-49,116,3,1
2020-07-09,"Mount Rogers",50-59,106,6,1
2020-07-09,"Mount Rogers",60-69,96,10,0
2020-07-09,"Mount Rogers",70-79,71,28,12
2020-07-09,"Mount Rogers",80+,78,25,21
2020-07-09,"Mount Rogers",Missing,1,0,0
2020-07-09,"New River",0-9,7,0,0
2020-07-09,"New River",19-Oct,33,0,0
2020-07-09,"New River",20-29,68,0,0
2020-07-09,"New River",30-39,34,1,0
2020-07-09,"New River",40-49,40,1,0
2020-07-09,"New River",50-59,33,4,0
2020-07-09,"New River",60-69,28,5,0
2020-07-09,"New River",70-79,18,8,4
2020-07-09,"New River",80+,13,4,2
2020-07-09,"New River",Missing,0,0,0
2020-07-09,Norfolk,0-9,46,1,0
2020-07-09,Norfolk,19-Oct,67,1,0
2020-07-09,Norfolk,20-29,386,5,0
2020-07-09,Norfolk,30-39,257,12,0
2020-07-09,Norfolk,40-49,167,14,1
2020-07-09,Norfolk,50-59,151,20,3
2020-07-09,Norfolk,60-69,116,30,2
2020-07-09,Norfolk,70-79,54,25,4
2020-07-09,Norfolk,80+,32,11,4
2020-07-09,Norfolk,Missing,13,1,0
2020-07-09,Peninsula,0-9,43,0,0
2020-07-09,Peninsula,19-Oct,72,1,0
2020-07-09,Peninsula,20-29,257,1,0
2020-07-09,Peninsula,30-39,216,7,1
2020-07-09,Peninsula,40-49,167,7,1
2020-07-09,Peninsula,50-59,164,21,3
2020-07-09,Peninsula,60-69,139,29,3
2020-07-09,Peninsula,70-79,96,38,12
2020-07-09,Peninsula,80+,57,24,15
2020-07-09,Peninsula,Missing,9,0,0
2020-07-09,Piedmont,0-9,23,0,0
2020-07-09,Piedmont,19-Oct,35,0,0
2020-07-09,Piedmont,20-29,175,2,0
2020-07-09,Piedmont,30-39,216,4,0
2020-07-09,Piedmont,40-49,197,10,0
2020-07-09,Piedmont,50-59,197,22,1
2020-07-09,Piedmont,60-69,138,19,2
2020-07-09,Piedmont,70-79,70,20,4
2020-07-09,Piedmont,80+,48,20,10
2020-07-09,Piedmont,Missing,1,0,0
2020-07-09,Pittsylvania-Danville,0-9,6,0,0
2020-07-09,Pittsylvania-Danville,19-Oct,15,0,0
2020-07-09,Pittsylvania-Danville,20-29,26,0,0
2020-07-09,Pittsylvania-Danville,30-39,33,1,0
2020-07-09,Pittsylvania-Danville,40-49,56,6,0
2020-07-09,Pittsylvania-Danville,50-59,48,11,0
2020-07-09,Pittsylvania-Danville,60-69,32,9,1
2020-07-09,Pittsylvania-Danville,70-79,23,11,0
2020-07-09,Pittsylvania-Danville,80+,9,5,2
2020-07-09,Pittsylvania-Danville,Missing,0,0,0
2020-07-09,Portsmouth,0-9,25,2,0
2020-07-09,Portsmouth,19-Oct,27,0,0
2020-07-09,Portsmouth,20-29,136,8,0
2020-07-09,Portsmouth,30-39,129,7,1
2020-07-09,Portsmouth,40-49,77,7,0
2020-07-09,Portsmouth,50-59,85,21,2
2020-07-09,Portsmouth,60-69,61,18,5
2020-07-09,Portsmouth,70-79,32,11,5
2020-07-09,Portsmouth,80+,22,8,5
2020-07-09,Portsmouth,Missing,11,0,0
2020-07-09,"Prince William",0-9,352,10,0
2020-07-09,"Prince William",19-Oct,805,8,0
2020-07-09,"Prince William",20-29,1702,54,0
2020-07-09,"Prince William",30-39,1788,91,2
2020-07-09,"Prince William",40-49,2007,149,7
2020-07-09,"Prince William",50-59,1478,191,14
2020-07-09,"Prince William",60-69,781,164,42
2020-07-09,"Prince William",70-79,316,97,43
2020-07-09,"Prince William",80+,236,81,71
2020-07-09,"Prince William",Missing,137,2,0
2020-07-09,Rappahannock,0-9,114,1,0
2020-07-09,Rappahannock,19-Oct,241,3,0
2020-07-09,Rappahannock,20-29,450,13,0
2020-07-09,Rappahannock,30-39,492,23,0
2020-07-09,Rappahannock,40-49,464,41,2
2020-07-09,Rappahannock,50-59,399,51,4
2020-07-09,Rappahannock,60-69,218,46,6
2020-07-09,Rappahannock,70-79,105,30,14
2020-07-09,Rappahannock,80+,93,33,19
2020-07-09,Rappahannock,Missing,20,0,0
2020-07-09,"Rappahannock Rapidan",0-9,73,1,0
2020-07-09,"Rappahannock Rapidan",19-Oct,132,3,0
2020-07-09,"Rappahannock Rapidan",20-29,281,4,0
2020-07-09,"Rappahannock Rapidan",30-39,319,18,1
2020-07-09,"Rappahannock Rapidan",40-49,303,19,2
2020-07-09,"Rappahannock Rapidan",50-59,220,26,2
2020-07-09,"Rappahannock Rapidan",60-69,125,17,4
2020-07-09,"Rappahannock Rapidan",70-79,44,13,7
2020-07-09,"Rappahannock Rapidan",80+,25,13,8
2020-07-09,"Rappahannock Rapidan",Missing,7,0,0
2020-07-09,Richmond,0-9,99,5,0
2020-07-09,Richmond,19-Oct,195,2,0
2020-07-09,Richmond,20-29,494,15,0
2020-07-09,Richmond,30-39,505,25,1
2020-07-09,Richmond,40-49,392,29,3
2020-07-09,Richmond,50-59,297,54,1
2020-07-09,Richmond,60-69,210,48,6
2020-07-09,Richmond,70-79,86,37,12
2020-07-09,Richmond,80+,37,21,10
2020-07-09,Richmond,Missing,18,0,0
2020-07-09,Roanoke,0-9,17,0,0
2020-07-09,Roanoke,19-Oct,59,0,0
2020-07-09,Roanoke,20-29,126,3,0
2020-07-09,Roanoke,30-39,116,0,0
2020-07-09,Roanoke,40-49,75,1,0
2020-07-09,Roanoke,50-59,49,1,0
2020-07-09,Roanoke,60-69,38,3,0
2020-07-09,Roanoke,70-79,16,3,1
2020-07-09,Roanoke,80+,43,3,9
2020-07-09,Roanoke,Missing,3,0,0
2020-07-09,Southside,0-9,6,0,0
2020-07-09,Southside,19-Oct,9,0,0
2020-07-09,Southside,20-29,46,2,0
2020-07-09,Southside,30-39,60,3,0
2020-07-09,Southside,40-49,57,5,0
2020-07-09,Southside,50-59,64,9,0
2020-07-09,Southside,60-69,58,12,5
2020-07-09,Southside,70-79,60,10,13
2020-07-09,Southside,80+,81,12,13
2020-07-09,Southside,Missing,0,0,0
2020-07-09,"Thomas Jefferson",0-9,48,1,0
2020-07-09,"Thomas Jefferson",19-Oct,79,1,0
2020-07-09,"Thomas Jefferson",20-29,192,2,0
2020-07-09,"Thomas Jefferson",30-39,227,6,0
2020-07-09,"Thomas Jefferson",40-49,181,13,0
2020-07-09,"Thomas Jefferson",50-59,140,12,2
2020-07-09,"Thomas Jefferson",60-69,88,18,3
2020-07-09,"Thomas Jefferson",70-79,69,21,5
2020-07-09,"Thomas Jefferson",80+,98,27,19
2020-07-09,"Thomas Jefferson",Missing,1,0,0
2020-07-09,"Three Rivers",0-9,10,1,0
2020-07-09,"Three Rivers",19-Oct,35,0,0
2020-07-09,"Three Rivers",20-29,118,4,0
2020-07-09,"Three Rivers",30-39,145,3,0
2020-07-09,"Three Rivers",40-49,145,11,2
2020-07-09,"Three Rivers",50-59,104,9,0
2020-07-09,"Three Rivers",60-69,73,11,0
2020-07-09,"Three Rivers",70-79,37,8,4
2020-07-09,"Three Rivers",80+,36,8,4
2020-07-09,"Three Rivers",Missing,4,0,0
2020-07-09,"Virginia Beach",0-9,36,0,0
2020-07-09,"Virginia Beach",19-Oct,83,0,0
2020-07-09,"Virginia Beach",20-29,406,6,0
2020-07-09,"Virginia Beach",30-39,263,12,0
2020-07-09,"Virginia Beach",40-49,203,19,1
2020-07-09,"Virginia Beach",50-59,182,17,0
2020-07-09,"Virginia Beach",60-69,157,18,1
2020-07-09,"Virginia Beach",70-79,82,26,7
2020-07-09,"Virginia Beach",80+,94,32,21
2020-07-09,"Virginia Beach",Missing,41,0,0
2020-07-09,"West Piedmont",0-9,17,1,0
2020-07-09,"West Piedmont",19-Oct,75,0,0
2020-07-09,"West Piedmont",20-29,85,1,0
2020-07-09,"West Piedmont",30-39,90,3,0
2020-07-09,"West Piedmont",40-49,101,8,2
2020-07-09,"West Piedmont",50-59,107,13,1
2020-07-09,"West Piedmont",60-69,65,8,0
2020-07-09,"West Piedmont",70-79,31,11,4
2020-07-09,"West Piedmont",80+,17,8,1
2020-07-09,"West Piedmont",Missing,0,0,0
2020-07-09,"Western Tidewater",0-9,14,0,0
2020-07-09,"Western Tidewater",19-Oct,23,0,0
2020-07-09,"Western Tidewater",20-29,114,3,0
2020-07-09,"Western Tidewater",30-39,136,9,0
2020-07-09,"Western Tidewater",40-49,118,5,2
2020-07-09,"Western Tidewater",50-59,159,13,2
2020-07-09,"Western Tidewater",60-69,144,17,6
2020-07-09,"Western Tidewater",70-79,93,22,19
2020-07-09,"Western Tidewater",80+,138,26,32
2020-07-09,"Western Tidewater",Missing,8,0,0
2020-07-10,Alexandria,0-9,135,2,0
2020-07-10,Alexandria,19-Oct,178,3,0
2020-07-10,Alexandria,20-29,391,10,1
2020-07-10,Alexandria,30-39,558,30,0
2020-07-10,Alexandria,40-49,450,38,0
2020-07-10,Alexandria,50-59,312,51,10
2020-07-10,Alexandria,60-69,207,47,2
2020-07-10,Alexandria,70-79,104,38,19
2020-07-10,Alexandria,80+,93,28,25
2020-07-10,Alexandria,Missing,11,0,0
2020-07-10,Alleghany,0-9,13,0,0
2020-07-10,Alleghany,19-Oct,82,0,0
2020-07-10,Alleghany,20-29,108,1,0
2020-07-10,Alleghany,30-39,76,2,0
2020-07-10,Alleghany,40-49,80,1,0
2020-07-10,Alleghany,50-59,78,5,1
2020-07-10,Alleghany,60-69,63,7,1
2020-07-10,Alleghany,70-79,56,7,7
2020-07-10,Alleghany,80+,42,8,6
2020-07-10,Alleghany,Missing,2,0,0
2020-07-10,Arlington,0-9,50,2,0
2020-07-10,Arlington,19-Oct,109,5,0
2020-07-10,Arlington,20-29,458,21,0
2020-07-10,Arlington,30-39,466,43,0
2020-07-10,Arlington,40-49,438,49,6
2020-07-10,Arlington,50-59,385,68,6
2020-07-10,Arlington,60-69,287,80,19
2020-07-10,Arlington,70-79,175,72,33
2020-07-10,Arlington,80+,203,84,69
2020-07-10,Arlington,Missing,11,1,0
2020-07-10,"Central Shenandoah",0-9,56,0,0
2020-07-10,"Central Shenandoah",19-Oct,119,1,0
2020-07-10,"Central Shenandoah",20-29,433,8,0
2020-07-10,"Central Shenandoah",30-39,333,6,0
2020-07-10,"Central Shenandoah",40-49,365,14,0
2020-07-10,"Central Shenandoah",50-59,390,33,3
2020-07-10,"Central Shenandoah",60-69,274,47,11
2020-07-10,"Central Shenandoah",70-79,137,40,12
2020-07-10,"Central Shenandoah",80+,117,28,16
2020-07-10,"Central Shenandoah",Missing,1,0,0
2020-07-10,"Central Virginia",0-9,7,0,0
2020-07-10,"Central Virginia",19-Oct,62,1,0
2020-07-10,"Central Virginia",20-29,97,2,0
2020-07-10,"Central Virginia",30-39,66,1,0
2020-07-10,"Central Virginia",40-49,64,0,0
2020-07-10,"Central Virginia",50-59,70,2,2
2020-07-10,"Central Virginia",60-69,51,4,2
2020-07-10,"Central Virginia",70-79,23,4,2
2020-07-10,"Central Virginia",80+,20,2,0
2020-07-10,"Central Virginia",Missing,1,0,0
2020-07-10,Chesapeake,0-9,36,1,0
2020-07-10,Chesapeake,19-Oct,65,1,0
2020-07-10,Chesapeake,20-29,209,4,0
2020-07-10,Chesapeake,30-39,212,10,0
2020-07-10,Chesapeake,40-49,174,27,1
2020-07-10,Chesapeake,50-59,172,26,1
2020-07-10,Chesapeake,60-69,129,32,5
2020-07-10,Chesapeake,70-79,74,29,3
2020-07-10,Chesapeake,80+,71,25,12
2020-07-10,Chesapeake,Missing,20,1,0
2020-07-10,Chesterfield,0-9,122,0,0
2020-07-10,Chesterfield,19-Oct,319,0,0
2020-07-10,Chesterfield,20-29,565,7,0
2020-07-10,Chesterfield,30-39,657,10,0
2020-07-10,Chesterfield,40-49,591,20,3
2020-07-10,Chesterfield,50-59,465,36,4
2020-07-10,Chesterfield,60-69,303,42,11
2020-07-10,Chesterfield,70-79,133,25,20
2020-07-10,Chesterfield,80+,144,30,46
2020-07-10,Chesterfield,Missing,75,0,0
2020-07-10,Chickahominy,0-9,14,0,0
2020-07-10,Chickahominy,19-Oct,43,0,0
2020-07-10,Chickahominy,20-29,100,0,0
2020-07-10,Chickahominy,30-39,95,2,0
2020-07-10,Chickahominy,40-49,94,12,1
2020-07-10,Chickahominy,50-59,119,23,1
2020-07-10,Chickahominy,60-69,78,20,6
2020-07-10,Chickahominy,70-79,60,22,7
2020-07-10,Chickahominy,80+,82,34,26
2020-07-10,Chickahominy,Missing,15,0,0
2020-07-10,Crater,0-9,29,1,0
2020-07-10,Crater,19-Oct,58,0,0
2020-07-10,Crater,20-29,252,7,0
2020-07-10,Crater,30-39,290,7,0
2020-07-10,Crater,40-49,235,14,1
2020-07-10,Crater,50-59,289,32,3
2020-07-10,Crater,60-69,244,47,15
2020-07-10,Crater,70-79,151,37,18
2020-07-10,Crater,80+,114,20,12
2020-07-10,Crater,Missing,9,0,0
2020-07-10,"Cumberland Plateau",0-9,2,0,0
2020-07-10,"Cumberland Plateau",19-Oct,23,0,0
2020-07-10,"Cumberland Plateau",20-29,7,0,0
2020-07-10,"Cumberland Plateau",30-39,14,0,0
2020-07-10,"Cumberland Plateau",40-49,18,0,0
2020-07-10,"Cumberland Plateau",50-59,7,1,0
2020-07-10,"Cumberland Plateau",60-69,7,1,0
2020-07-10,"Cumberland Plateau",70-79,6,1,0
2020-07-10,"Cumberland Plateau",80+,2,1,0
2020-07-10,"Cumberland Plateau",Missing,0,0,0
2020-07-10,"Eastern Shore",0-9,20,2,0
2020-07-10,"Eastern Shore",19-Oct,59,1,0
2020-07-10,"Eastern Shore",20-29,198,6,0
2020-07-10,"Eastern Shore",30-39,234,8,0
2020-07-10,"Eastern Shore",40-49,247,10,2
2020-07-10,"Eastern Shore",50-59,275,19,5
2020-07-10,"Eastern Shore",60-69,179,29,8
2020-07-10,"Eastern Shore",70-79,47,16,9
2020-07-10,"Eastern Shore",80+,50,22,18
2020-07-10,"Eastern Shore",Missing,6,0,0
2020-07-10,Fairfax,0-9,498,18,0
2020-07-10,Fairfax,19-Oct,895,26,0
2020-07-10,Fairfax,20-29,2266,78,3
2020-07-10,Fairfax,30-39,2803,180,6
2020-07-10,Fairfax,40-49,2705,255,9
2020-07-10,Fairfax,50-59,2255,301,33
2020-07-10,Fairfax,60-69,1445,316,63
2020-07-10,Fairfax,70-79,674,244,109
2020-07-10,Fairfax,80+,782,297,290
2020-07-10,Fairfax,Missing,156,3,0
2020-07-10,Hampton,0-9,15,0,0
2020-07-10,Hampton,19-Oct,25,0,0
2020-07-10,Hampton,20-29,103,2,0
2020-07-10,Hampton,30-39,89,3,0
2020-07-10,Hampton,40-49,71,5,0
2020-07-10,Hampton,50-59,58,9,1
2020-07-10,Hampton,60-69,48,11,2
2020-07-10,Hampton,70-79,26,8,0
2020-07-10,Hampton,80+,11,2,1
2020-07-10,Hampton,Missing,8,0,0
2020-07-10,Henrico,0-9,101,2,0
2020-07-10,Henrico,19-Oct,182,3,0
2020-07-10,Henrico,20-29,395,15,0
2020-07-10,Henrico,30-39,481,18,0
2020-07-10,Henrico,40-49,410,26,2
2020-07-10,Henrico,50-59,353,39,8
2020-07-10,Henrico,60-69,297,51,33
2020-07-10,Henrico,70-79,214,48,42
2020-07-10,Henrico,80+,321,65,86
2020-07-10,Henrico,Missing,30,1,1
2020-07-10,Lenowisco,0-9,3,0,0
2020-07-10,Lenowisco,19-Oct,8,0,0
2020-07-10,Lenowisco,20-29,9,0,0
2020-07-10,Lenowisco,30-39,7,1,1
2020-07-10,Lenowisco,40-49,7,2,0
2020-07-10,Lenowisco,50-59,17,5,0
2020-07-10,Lenowisco,60-69,7,5,2
2020-07-10,Lenowisco,70-79,8,4,1
2020-07-10,Lenowisco,80+,2,0,0
2020-07-10,Lenowisco,Missing,0,0,0
2020-07-10,"Lord Fairfax",0-9,64,2,0
2020-07-10,"Lord Fairfax",19-Oct,150,1,0
2020-07-10,"Lord Fairfax",20-29,356,5,0
2020-07-10,"Lord Fairfax",30-39,354,11,1
2020-07-10,"Lord Fairfax",40-49,337,17,1
2020-07-10,"Lord Fairfax",50-59,352,27,2
2020-07-10,"Lord Fairfax",60-69,232,48,14
2020-07-10,"Lord Fairfax",70-79,136,41,17
2020-07-10,"Lord Fairfax",80+,153,37,40
2020-07-10,"Lord Fairfax",Missing,2,0,0
2020-07-10,Loudoun,0-9,157,3,0
2020-07-10,Loudoun,19-Oct,573,0,0
2020-07-10,Loudoun,20-29,702,6,0
2020-07-10,Loudoun,30-39,758,27,0
2020-07-10,Loudoun,40-49,839,48,1
2020-07-10,Loudoun,50-59,667,58,2
2020-07-10,Loudoun,60-69,258,50,6
2020-07-10,Loudoun,70-79,143,46,18
2020-07-10,Loudoun,80+,190,50,71
2020-07-10,Loudoun,Missing,62,0,1
2020-07-10,"Mount Rogers",0-9,37,1,0
2020-07-10,"Mount Rogers",19-Oct,62,0,0
2020-07-10,"Mount Rogers",20-29,122,0,0
2020-07-10,"Mount Rogers",30-39,115,4,0
2020-07-10,"Mount Rogers",40-49,117,3,1
2020-07-10,"Mount Rogers",50-59,106,6,1
2020-07-10,"Mount Rogers",60-69,98,10,0
2020-07-10,"Mount Rogers",70-79,71,28,12
2020-07-10,"Mount Rogers",80+,78,25,21
2020-07-10,"Mount Rogers",Missing,1,0,0
2020-07-10,"New River",0-9,7,0,0
2020-07-10,"New River",19-Oct,34,0,0
2020-07-10,"New River",20-29,71,0,0
2020-07-10,"New River",30-39,35,1,0
2020-07-10,"New River",40-49,41,1,0
2020-07-10,"New River",50-59,34,4,0
2020-07-10,"New River",60-69,28,5,0
2020-07-10,"New River",70-79,19,8,4
2020-07-10,"New River",80+,13,4,2
2020-07-10,"New River",Missing,0,0,0
2020-07-10,Norfolk,0-9,48,2,0
2020-07-10,Norfolk,19-Oct,73,1,0
2020-07-10,Norfolk,20-29,413,5,0
2020-07-10,Norfolk,30-39,264,13,1
2020-07-10,Norfolk,40-49,179,14,1
2020-07-10,Norfolk,50-59,158,21,3
2020-07-10,Norfolk,60-69,120,30,2
2020-07-10,Norfolk,70-79,54,25,4
2020-07-10,Norfolk,80+,32,11,4
2020-07-10,Norfolk,Missing,19,1,0
2020-07-10,Peninsula,0-9,44,0,0
2020-07-10,Peninsula,19-Oct,72,1,0
2020-07-10,Peninsula,20-29,266,1,0
2020-07-10,Peninsula,30-39,225,7,1
2020-07-10,Peninsula,40-49,174,7,1
2020-07-10,Peninsula,50-59,168,21,3
2020-07-10,Peninsula,60-69,141,29,3
2020-07-10,Peninsula,70-79,97,38,12
2020-07-10,Peninsula,80+,57,24,15
2020-07-10,Peninsula,Missing,9,0,0
2020-07-10,Piedmont,0-9,23,0,0
2020-07-10,Piedmont,19-Oct,35,0,0
2020-07-10,Piedmont,20-29,176,2,0
2020-07-10,Piedmont,30-39,218,5,0
2020-07-10,Piedmont,40-49,197,10,0
2020-07-10,Piedmont,50-59,198,22,1
2020-07-10,Piedmont,60-69,142,20,2
2020-07-10,Piedmont,70-79,71,23,4
2020-07-10,Piedmont,80+,49,21,11
2020-07-10,Piedmont,Missing,1,0,0
2020-07-10,Pittsylvania-Danville,0-9,7,0,0
2020-07-10,Pittsylvania-Danville,19-Oct,15,0,0
2020-07-10,Pittsylvania-Danville,20-29,26,0,0
2020-07-10,Pittsylvania-Danville,30-39,34,1,0
2020-07-10,Pittsylvania-Danville,40-49,56,6,0
2020-07-10,Pittsylvania-Danville,50-59,49,11,0
2020-07-10,Pittsylvania-Danville,60-69,32,9,1
2020-07-10,Pittsylvania-Danville,70-79,24,11,1
2020-07-10,Pittsylvania-Danville,80+,9,5,2
2020-07-10,Pittsylvania-Danville,Missing,0,0,0
2020-07-10,Portsmouth,0-9,28,3,0
2020-07-10,Portsmouth,19-Oct,30,0,0
2020-07-10,Portsmouth,20-29,138,8,0
2020-07-10,Portsmouth,30-39,133,7,1
2020-07-10,Portsmouth,40-49,80,7,0
2020-07-10,Portsmouth,50-59,92,21,2
2020-07-10,Portsmouth,60-69,64,17,5
2020-07-10,Portsmouth,70-79,32,12,5
2020-07-10,Portsmouth,80+,17,8,5
2020-07-10,Portsmouth,Missing,13,0,0
2020-07-10,"Prince William",0-9,354,10,0
2020-07-10,"Prince William",19-Oct,810,8,0
2020-07-10,"Prince William",20-29,1720,54,0
2020-07-10,"Prince William",30-39,1801,92,2
2020-07-10,"Prince William",40-49,2013,149,7
2020-07-10,"Prince William",50-59,1488,191,14
2020-07-10,"Prince William",60-69,788,164,42
2020-07-10,"Prince William",70-79,316,97,43
2020-07-10,"Prince William",80+,236,81,72
2020-07-10,"Prince William",Missing,143,2,0
2020-07-10,Rappahannock,0-9,115,2,0
2020-07-10,Rappahannock,19-Oct,246,3,0
2020-07-10,Rappahannock,20-29,456,13,0
2020-07-10,Rappahannock,30-39,500,23,0
2020-07-10,Rappahannock,40-49,469,43,2
2020-07-10,Rappahannock,50-59,403,51,4
2020-07-10,Rappahannock,60-69,220,46,6
2020-07-10,Rappahannock,70-79,105,30,14
2020-07-10,Rappahannock,80+,94,33,19
2020-07-10,Rappahannock,Missing,20,0,0
2020-07-10,"Rappahannock Rapidan",0-9,74,1,0
2020-07-10,"Rappahannock Rapidan",19-Oct,133,3,0
2020-07-10,"Rappahannock Rapidan",20-29,287,4,0
2020-07-10,"Rappahannock Rapidan",30-39,323,18,1
2020-07-10,"Rappahannock Rapidan",40-49,306,19,2
2020-07-10,"Rappahannock Rapidan",50-59,223,28,2
2020-07-10,"Rappahannock Rapidan",60-69,125,17,4
2020-07-10,"Rappahannock Rapidan",70-79,44,13,7
2020-07-10,"Rappahannock Rapidan",80+,25,13,8
2020-07-10,"Rappahannock Rapidan",Missing,7,0,0
2020-07-10,Richmond,0-9,101,5,0
2020-07-10,Richmond,19-Oct,195,2,0
2020-07-10,Richmond,20-29,506,16,0
2020-07-10,Richmond,30-39,512,25,1
2020-07-10,Richmond,40-49,393,29,3
2020-07-10,Richmond,50-59,299,54,1
2020-07-10,Richmond,60-69,212,48,6
2020-07-10,Richmond,70-79,87,37,14
2020-07-10,Richmond,80+,38,21,10
2020-07-10,Richmond,Missing,18,0,0
2020-07-10,Roanoke,0-9,17,0,0
2020-07-10,Roanoke,19-Oct,60,0,0
2020-07-10,Roanoke,20-29,127,3,0
2020-07-10,Roanoke,30-39,119,0,0
2020-07-10,Roanoke,40-49,79,1,0
2020-07-10,Roanoke,50-59,49,1,0
2020-07-10,Roanoke,60-69,38,3,0
2020-07-10,Roanoke,70-79,17,3,1
2020-07-10,Roanoke,80+,43,3,9
2020-07-10,Roanoke,Missing,3,0,0
2020-07-10,Southside,0-9,6,0,0
2020-07-10,Southside,19-Oct,10,0,0
2020-07-10,Southside,20-29,47,2,0
2020-07-10,Southside,30-39,64,4,0
2020-07-10,Southside,40-49,59,5,0
2020-07-10,Southside,50-59,64,9,0
2020-07-10,Southside,60-69,60,12,5
2020-07-10,Southside,70-79,61,10,13
2020-07-10,Southside,80+,81,12,13
2020-07-10,Southside,Missing,0,0,0
2020-07-10,"Thomas Jefferson",0-9,49,1,0
2020-07-10,"Thomas Jefferson",19-Oct,80,1,0
2020-07-10,"Thomas Jefferson",20-29,196,2,0
2020-07-10,"Thomas Jefferson",30-39,231,6,0
2020-07-10,"Thomas Jefferson",40-49,185,14,0
2020-07-10,"Thomas Jefferson",50-59,142,12,2
2020-07-10,"Thomas Jefferson",60-69,88,18,3
2020-07-10,"Thomas Jefferson",70-79,71,21,5
2020-07-10,"Thomas Jefferson",80+,101,27,19
2020-07-10,"Thomas Jefferson",Missing,1,0,0
2020-07-10,"Three Rivers",0-9,10,1,0
2020-07-10,"Three Rivers",19-Oct,35,0,0
2020-07-10,"Three Rivers",20-29,130,4,0
2020-07-10,"Three Rivers",30-39,163,3,0
2020-07-10,"Three Rivers",40-49,161,12,2
2020-07-10,"Three Rivers",50-59,108,9,1
2020-07-10,"Three Rivers",60-69,76,13,1
2020-07-10,"Three Rivers",70-79,37,8,5
2020-07-10,"Three Rivers",80+,36,8,4
2020-07-10,"Three Rivers",Missing,4,0,0
2020-07-10,"Virginia Beach",0-9,37,0,0
2020-07-10,"Virginia Beach",19-Oct,91,0,0
2020-07-10,"Virginia Beach",20-29,434,7,0
2020-07-10,"Virginia Beach",30-39,290,12,0
2020-07-10,"Virginia Beach",40-49,219,19,1
2020-07-10,"Virginia Beach",50-59,190,17,0
2020-07-10,"Virginia Beach",60-69,166,18,1
2020-07-10,"Virginia Beach",70-79,88,27,7
2020-07-10,"Virginia Beach",80+,95,33,21
2020-07-10,"Virginia Beach",Missing,53,0,0
2020-07-10,"West Piedmont",0-9,17,1,0
2020-07-10,"West Piedmont",19-Oct,75,0,0
2020-07-10,"West Piedmont",20-29,89,1,0
2020-07-10,"West Piedmont",30-39,93,3,0
2020-07-10,"West Piedmont",40-49,102,8,2
2020-07-10,"West Piedmont",50-59,109,14,1
2020-07-10,"West Piedmont",60-69,65,8,0
2020-07-10,"West Piedmont",70-79,31,12,4
2020-07-10,"West Piedmont",80+,18,9,1
2020-07-10,"West Piedmont",Missing,0,0,0
2020-07-10,"Western Tidewater",0-9,14,0,0
2020-07-10,"Western Tidewater",19-Oct,25,0,0
2020-07-10,"Western Tidewater",20-29,117,3,0
2020-07-10,"Western Tidewater",30-39,141,9,0
2020-07-10,"Western Tidewater",40-49,123,5,2
2020-07-10,"Western Tidewater",50-59,164,13,4
2020-07-10,"Western Tidewater",60-69,147,18,6
2020-07-10,"Western Tidewater",70-79,95,22,19
2020-07-10,"Western Tidewater",80+,145,26,33
2020-07-10,"Western Tidewater",Missing,9,0,0
2020-07-11,Alexandria,0-9,137,2,0
2020-07-11,Alexandria,19-Oct,179,3,0
2020-07-11,Alexandria,20-29,395,10,1
2020-07-11,Alexandria,30-39,561,31,0
2020-07-11,Alexandria,40-49,451,38,0
2020-07-11,Alexandria,50-59,314,51,10
2020-07-11,Alexandria,60-69,208,47,2
2020-07-11,Alexandria,70-79,104,38,19
2020-07-11,Alexandria,80+,93,28,25
2020-07-11,Alexandria,Missing,11,0,0
2020-07-11,Alleghany,0-9,13,0,0
2020-07-11,Alleghany,19-Oct,82,0,0
2020-07-11,Alleghany,20-29,108,1,0
2020-07-11,Alleghany,30-39,76,2,0
2020-07-11,Alleghany,40-49,81,1,0
2020-07-11,Alleghany,50-59,78,5,1
2020-07-11,Alleghany,60-69,64,7,1
2020-07-11,Alleghany,70-79,58,7,7
2020-07-11,Alleghany,80+,42,8,6
2020-07-11,Alleghany,Missing,2,0,0
2020-07-11,Arlington,0-9,50,2,0
2020-07-11,Arlington,19-Oct,111,5,0
2020-07-11,Arlington,20-29,466,21,0
2020-07-11,Arlington,30-39,469,43,0
2020-07-11,Arlington,40-49,438,49,7
2020-07-11,Arlington,50-59,386,68,6
2020-07-11,Arlington,60-69,287,80,19
2020-07-11,Arlington,70-79,176,72,33
2020-07-11,Arlington,80+,203,84,69
2020-07-11,Arlington,Missing,11,1,0
2020-07-11,"Central Shenandoah",0-9,59,0,0
2020-07-11,"Central Shenandoah",19-Oct,122,1,0
2020-07-11,"Central Shenandoah",20-29,436,8,0
2020-07-11,"Central Shenandoah",30-39,336,6,0
2020-07-11,"Central Shenandoah",40-49,370,14,0
2020-07-11,"Central Shenandoah",50-59,395,33,3
2020-07-11,"Central Shenandoah",60-69,277,47,11
2020-07-11,"Central Shenandoah",70-79,137,40,12
2020-07-11,"Central Shenandoah",80+,116,29,16
2020-07-11,"Central Shenandoah",Missing,1,0,0
2020-07-11,"Central Virginia",0-9,7,0,0
2020-07-11,"Central Virginia",19-Oct,64,1,0
2020-07-11,"Central Virginia",20-29,105,2,0
2020-07-11,"Central Virginia",30-39,73,1,0
2020-07-11,"Central Virginia",40-49,70,0,0
2020-07-11,"Central Virginia",50-59,75,2,2
2020-07-11,"Central Virginia",60-69,51,4,2
2020-07-11,"Central Virginia",70-79,25,4,2
2020-07-11,"Central Virginia",80+,20,2,0
2020-07-11,"Central Virginia",Missing,3,0,0
2020-07-11,Chesapeake,0-9,37,1,0
2020-07-11,Chesapeake,19-Oct,64,1,0
2020-07-11,Chesapeake,20-29,219,4,0
2020-07-11,Chesapeake,30-39,219,11,0
2020-07-11,Chesapeake,40-49,185,27,1
2020-07-11,Chesapeake,50-59,177,26,1
2020-07-11,Chesapeake,60-69,131,32,5
2020-07-11,Chesapeake,70-79,77,29,3
2020-07-11,Chesapeake,80+,72,25,12
2020-07-11,Chesapeake,Missing,23,1,0
2020-07-11,Chesterfield,0-9,124,0,0
2020-07-11,Chesterfield,19-Oct,320,0,0
2020-07-11,Chesterfield,20-29,573,7,0
2020-07-11,Chesterfield,30-39,663,10,0
2020-07-11,Chesterfield,40-49,600,20,3
2020-07-11,Chesterfield,50-59,470,38,4
2020-07-11,Chesterfield,60-69,307,43,11
2020-07-11,Chesterfield,70-79,133,25,20
2020-07-11,Chesterfield,80+,146,30,46
2020-07-11,Chesterfield,Missing,80,0,0
2020-07-11,Chickahominy,0-9,14,0,0
2020-07-11,Chickahominy,19-Oct,44,0,0
2020-07-11,Chickahominy,20-29,103,1,0
2020-07-11,Chickahominy,30-39,97,2,0
2020-07-11,Chickahominy,40-49,94,12,1
2020-07-11,Chickahominy,50-59,120,23,1
2020-07-11,Chickahominy,60-69,78,20,6
2020-07-11,Chickahominy,70-79,60,22,7
2020-07-11,Chickahominy,80+,82,34,26
2020-07-11,Chickahominy,Missing,15,0,0
2020-07-11,Crater,0-9,29,1,0
2020-07-11,Crater,19-Oct,62,0,0
2020-07-11,Crater,20-29,256,7,0
2020-07-11,Crater,30-39,294,7,0
2020-07-11,Crater,40-49,236,15,1
2020-07-11,Crater,50-59,292,32,3
2020-07-11,Crater,60-69,245,47,15
2020-07-11,Crater,70-79,152,37,18
2020-07-11,Crater,80+,116,20,12
2020-07-11,Crater,Missing,9,0,0
2020-07-11,"Cumberland Plateau",0-9,2,0,0
2020-07-11,"Cumberland Plateau",19-Oct,23,0,0
2020-07-11,"Cumberland Plateau",20-29,8,0,0
2020-07-11,"Cumberland Plateau",30-39,15,0,0
2020-07-11,"Cumberland Plateau",40-49,18,0,0
2020-07-11,"Cumberland Plateau",50-59,9,1,0
2020-07-11,"Cumberland Plateau",60-69,7,1,0
2020-07-11,"Cumberland Plateau",70-79,7,0,0
2020-07-11,"Cumberland Plateau",80+,2,1,0
2020-07-11,"Cumberland Plateau",Missing,0,0,0
2020-07-11,"Eastern Shore",0-9,20,2,0
2020-07-11,"Eastern Shore",19-Oct,59,1,0
2020-07-11,"Eastern Shore",20-29,199,6,0
2020-07-11,"Eastern Shore",30-39,234,8,0
2020-07-11,"Eastern Shore",40-49,247,10,2
2020-07-11,"Eastern Shore",50-59,275,19,5
2020-07-11,"Eastern Shore",60-69,179,29,8
2020-07-11,"Eastern Shore",70-79,47,16,9
2020-07-11,"Eastern Shore",80+,50,22,18
2020-07-11,"Eastern Shore",Missing,6,0,0
2020-07-11,Fairfax,0-9,503,18,0
2020-07-11,Fairfax,19-Oct,903,26,0
2020-07-11,Fairfax,20-29,2276,78,3
2020-07-11,Fairfax,30-39,2806,181,6
2020-07-11,Fairfax,40-49,2712,256,9
2020-07-11,Fairfax,50-59,2263,301,33
2020-07-11,Fairfax,60-69,1450,317,63
2020-07-11,Fairfax,70-79,677,245,109
2020-07-11,Fairfax,80+,783,297,289
2020-07-11,Fairfax,Missing,155,4,0
2020-07-11,Hampton,0-9,16,0,0
2020-07-11,Hampton,19-Oct,26,0,0
2020-07-11,Hampton,20-29,108,2,0
2020-07-11,Hampton,30-39,91,3,0
2020-07-11,Hampton,40-49,72,5,0
2020-07-11,Hampton,50-59,59,9,1
2020-07-11,Hampton,60-69,49,11,2
2020-07-11,Hampton,70-79,26,8,0
2020-07-11,Hampton,80+,12,2,1
2020-07-11,Hampton,Missing,10,0,0
2020-07-11,Henrico,0-9,100,2,0
2020-07-11,Henrico,19-Oct,185,3,0
2020-07-11,Henrico,20-29,405,15,0
2020-07-11,Henrico,30-39,490,18,0
2020-07-11,Henrico,40-49,415,26,2
2020-07-11,Henrico,50-59,360,39,8
2020-07-11,Henrico,60-69,298,51,34
2020-07-11,Henrico,70-79,214,48,42
2020-07-11,Henrico,80+,322,65,86
2020-07-11,Henrico,Missing,33,1,1
2020-07-11,Lenowisco,0-9,3,0,0
2020-07-11,Lenowisco,19-Oct,8,0,0
2020-07-11,Lenowisco,20-29,10,0,0
2020-07-11,Lenowisco,30-39,8,1,1
2020-07-11,Lenowisco,40-49,7,2,0
2020-07-11,Lenowisco,50-59,17,5,0
2020-07-11,Lenowisco,60-69,7,5,2
2020-07-11,Lenowisco,70-79,8,4,1
2020-07-11,Lenowisco,80+,2,0,0
2020-07-11,Lenowisco,Missing,0,0,0
2020-07-11,"Lord Fairfax",0-9,64,2,0
2020-07-11,"Lord Fairfax",19-Oct,151,1,0
2020-07-11,"Lord Fairfax",20-29,363,5,0
2020-07-11,"Lord Fairfax",30-39,359,11,1
2020-07-11,"Lord Fairfax",40-49,340,17,1
2020-07-11,"Lord Fairfax",50-59,356,27,2
2020-07-11,"Lord Fairfax",60-69,234,48,14
2020-07-11,"Lord Fairfax",70-79,136,41,17
2020-07-11,"Lord Fairfax",80+,153,37,40
2020-07-11,"Lord Fairfax",Missing,2,0,0
2020-07-11,Loudoun,0-9,158,3,0
2020-07-11,Loudoun,19-Oct,574,0,0
2020-07-11,Loudoun,20-29,704,6,0
2020-07-11,Loudoun,30-39,760,27,0
2020-07-11,Loudoun,40-49,844,48,1
2020-07-11,Loudoun,50-59,672,59,2
2020-07-11,Loudoun,60-69,260,50,6
2020-07-11,Loudoun,70-79,144,46,18
2020-07-11,Loudoun,80+,192,50,71
2020-07-11,Loudoun,Missing,65,0,1
2020-07-11,"Mount Rogers",0-9,37,1,0
2020-07-11,"Mount Rogers",19-Oct,65,0,0
2020-07-11,"Mount Rogers",20-29,123,0,0
2020-07-11,"Mount Rogers",30-39,117,4,0
2020-07-11,"Mount Rogers",40-49,119,3,1
2020-07-11,"Mount Rogers",50-59,109,7,1
2020-07-11,"Mount Rogers",60-69,98,10,0
2020-07-11,"Mount Rogers",70-79,71,28,12
2020-07-11,"Mount Rogers",80+,78,25,21
2020-07-11,"Mount Rogers",Missing,1,0,0
2020-07-11,"New River",0-9,7,0,0
2020-07-11,"New River",19-Oct,34,0,0
2020-07-11,"New River",20-29,74,0,0
2020-07-11,"New River",30-39,35,1,0
2020-07-11,"New River",40-49,42,1,0
2020-07-11,"New River",50-59,35,4,0
2020-07-11,"New River",60-69,28,5,0
2020-07-11,"New River",70-79,19,8,4
2020-07-11,"New River",80+,13,4,2
2020-07-11,"New River",Missing,0,0,0
2020-07-11,Norfolk,0-9,48,2,0
2020-07-11,Norfolk,19-Oct,76,1,0
2020-07-11,Norfolk,20-29,452,5,0
2020-07-11,Norfolk,30-39,289,15,1
2020-07-11,Norfolk,40-49,186,14,1
2020-07-11,Norfolk,50-59,161,21,3
2020-07-11,Norfolk,60-69,127,30,2
2020-07-11,Norfolk,70-79,55,25,4
2020-07-11,Norfolk,80+,33,11,4
2020-07-11,Norfolk,Missing,21,1,0
2020-07-11,Peninsula,0-9,45,0,0
2020-07-11,Peninsula,19-Oct,73,1,0
2020-07-11,Peninsula,20-29,270,1,0
2020-07-11,Peninsula,30-39,232,7,1
2020-07-11,Peninsula,40-49,177,8,1
2020-07-11,Peninsula,50-59,171,21,3
2020-07-11,Peninsula,60-69,143,29,3
2020-07-11,Peninsula,70-79,98,38,12
2020-07-11,Peninsula,80+,57,24,15
2020-07-11,Peninsula,Missing,10,0,0
2020-07-11,Piedmont,0-9,23,0,0
2020-07-11,Piedmont,19-Oct,35,0,0
2020-07-11,Piedmont,20-29,177,2,0
2020-07-11,Piedmont,30-39,220,5,0
2020-07-11,Piedmont,40-49,199,11,0
2020-07-11,Piedmont,50-59,198,23,1
2020-07-11,Piedmont,60-69,142,21,2
2020-07-11,Piedmont,70-79,73,24,4
2020-07-11,Piedmont,80+,49,21,11
2020-07-11,Piedmont,Missing,1,0,0
2020-07-11,Pittsylvania-Danville,0-9,8,0,0
2020-07-11,Pittsylvania-Danville,19-Oct,16,0,0
2020-07-11,Pittsylvania-Danville,20-29,30,0,0
2020-07-11,Pittsylvania-Danville,30-39,39,1,0
2020-07-11,Pittsylvania-Danville,40-49,59,6,0
2020-07-11,Pittsylvania-Danville,50-59,54,11,0
2020-07-11,Pittsylvania-Danville,60-69,33,9,1
2020-07-11,Pittsylvania-Danville,70-79,24,11,1
2020-07-11,Pittsylvania-Danville,80+,9,5,2
2020-07-11,Pittsylvania-Danville,Missing,0,0,0
2020-07-11,Portsmouth,0-9,27,3,0
2020-07-11,Portsmouth,19-Oct,32,0,0
2020-07-11,Portsmouth,20-29,148,9,0
2020-07-11,Portsmouth,30-39,142,7,1
2020-07-11,Portsmouth,40-49,83,7,0
2020-07-11,Portsmouth,50-59,96,21,2
2020-07-11,Portsmouth,60-69,69,19,6
2020-07-11,Portsmouth,70-79,33,12,5
2020-07-11,Portsmouth,80+,17,8,5
2020-07-11,Portsmouth,Missing,15,0,0
2020-07-11,"Prince William",0-9,355,10,0
2020-07-11,"Prince William",19-Oct,815,8,0
2020-07-11,"Prince William",20-29,1726,54,0
2020-07-11,"Prince William",30-39,1809,92,2
2020-07-11,"Prince William",40-49,2019,149,7
2020-07-11,"Prince William",50-59,1488,192,15
2020-07-11,"Prince William",60-69,792,164,42
2020-07-11,"Prince William",70-79,318,98,43
2020-07-11,"Prince William",80+,239,81,72
2020-07-11,"Prince William",Missing,147,2,0
2020-07-11,Rappahannock,0-9,117,2,0
2020-07-11,Rappahannock,19-Oct,247,3,0
2020-07-11,Rappahannock,20-29,459,13,0
2020-07-11,Rappahannock,30-39,503,24,0
2020-07-11,Rappahannock,40-49,474,43,2
2020-07-11,Rappahannock,50-59,408,51,4
2020-07-11,Rappahannock,60-69,222,46,6
2020-07-11,Rappahannock,70-79,106,30,14
2020-07-11,Rappahannock,80+,95,33,19
2020-07-11,Rappahannock,Missing,20,0,0
2020-07-11,"Rappahannock Rapidan",0-9,75,1,0
2020-07-11,"Rappahannock Rapidan",19-Oct,133,3,0
2020-07-11,"Rappahannock Rapidan",20-29,288,4,0
2020-07-11,"Rappahannock Rapidan",30-39,326,18,1
2020-07-11,"Rappahannock Rapidan",40-49,313,19,2
2020-07-11,"Rappahannock Rapidan",50-59,226,29,2
2020-07-11,"Rappahannock Rapidan",60-69,126,17,4
2020-07-11,"Rappahannock Rapidan",70-79,44,13,8
2020-07-11,"Rappahannock Rapidan",80+,27,13,8
2020-07-11,"Rappahannock Rapidan",Missing,8,0,0
2020-07-11,Richmond,0-9,102,5,0
2020-07-11,Richmond,19-Oct,198,2,0
2020-07-11,Richmond,20-29,511,16,0
2020-07-11,Richmond,30-39,518,25,1
2020-07-11,Richmond,40-49,398,29,3
2020-07-11,Richmond,50-59,301,54,1
2020-07-11,Richmond,60-69,213,48,6
2020-07-11,Richmond,70-79,87,37,14
2020-07-11,Richmond,80+,38,21,10
2020-07-11,Richmond,Missing,20,0,0
2020-07-11,Roanoke,0-9,17,0,0
2020-07-11,Roanoke,19-Oct,60,0,0
2020-07-11,Roanoke,20-29,128,3,0
2020-07-11,Roanoke,30-39,120,0,0
2020-07-11,Roanoke,40-49,80,1,0
2020-07-11,Roanoke,50-59,49,1,0
2020-07-11,Roanoke,60-69,39,3,0
2020-07-11,Roanoke,70-79,17,3,1
2020-07-11,Roanoke,80+,43,3,9
2020-07-11,Roanoke,Missing,4,0,0
2020-07-11,Southside,0-9,6,0,0
2020-07-11,Southside,19-Oct,11,0,0
2020-07-11,Southside,20-29,50,2,0
2020-07-11,Southside,30-39,66,4,0
2020-07-11,Southside,40-49,62,5,0
2020-07-11,Southside,50-59,66,9,0
2020-07-11,Southside,60-69,61,13,5
2020-07-11,Southside,70-79,61,10,13
2020-07-11,Southside,80+,81,12,13
2020-07-11,Southside,Missing,0,0,0
2020-07-11,"Thomas Jefferson",0-9,51,1,0
2020-07-11,"Thomas Jefferson",19-Oct,84,1,0
2020-07-11,"Thomas Jefferson",20-29,203,2,0
2020-07-11,"Thomas Jefferson",30-39,234,7,0
2020-07-11,"Thomas Jefferson",40-49,186,14,0
2020-07-11,"Thomas Jefferson",50-59,144,12,2
2020-07-11,"Thomas Jefferson",60-69,93,18,3
2020-07-11,"Thomas Jefferson",70-79,73,21,5
2020-07-11,"Thomas Jefferson",80+,103,27,19
2020-07-11,"Thomas Jefferson",Missing,2,0,0
2020-07-11,"Three Rivers",0-9,10,1,0
2020-07-11,"Three Rivers",19-Oct,36,0,0
2020-07-11,"Three Rivers",20-29,136,4,0
2020-07-11,"Three Rivers",30-39,171,3,0
2020-07-11,"Three Rivers",40-49,164,12,2
2020-07-11,"Three Rivers",50-59,110,9,1
2020-07-11,"Three Rivers",60-69,77,13,1
2020-07-11,"Three Rivers",70-79,37,8,5
2020-07-11,"Three Rivers",80+,36,8,4
2020-07-11,"Three Rivers",Missing,4,0,0
2020-07-11,"Virginia Beach",0-9,41,0,0
2020-07-11,"Virginia Beach",19-Oct,95,0,0
2020-07-11,"Virginia Beach",20-29,455,7,0
2020-07-11,"Virginia Beach",30-39,317,12,0
2020-07-11,"Virginia Beach",40-49,234,19,1
2020-07-11,"Virginia Beach",50-59,202,17,0
2020-07-11,"Virginia Beach",60-69,171,19,1
2020-07-11,"Virginia Beach",70-79,92,27,7
2020-07-11,"Virginia Beach",80+,96,33,21
2020-07-11,"Virginia Beach",Missing,56,0,0
2020-07-11,"West Piedmont",0-9,17,1,0
2020-07-11,"West Piedmont",19-Oct,76,0,0
2020-07-11,"West Piedmont",20-29,93,1,0
2020-07-11,"West Piedmont",30-39,98,3,0
2020-07-11,"West Piedmont",40-49,104,8,2
2020-07-11,"West Piedmont",50-59,113,15,1
2020-07-11,"West Piedmont",60-69,66,8,0
2020-07-11,"West Piedmont",70-79,31,12,4
2020-07-11,"West Piedmont",80+,18,9,1
2020-07-11,"West Piedmont",Missing,0,0,0
2020-07-11,"Western Tidewater",0-9,14,0,0
2020-07-11,"Western Tidewater",19-Oct,28,0,0
2020-07-11,"Western Tidewater",20-29,124,3,0
2020-07-11,"Western Tidewater",30-39,144,9,0
2020-07-11,"Western Tidewater",40-49,125,5,2
2020-07-11,"Western Tidewater",50-59,166,13,4
2020-07-11,"Western Tidewater",60-69,148,18,6
2020-07-11,"Western Tidewater",70-79,96,22,19
2020-07-11,"Western Tidewater",80+,146,26,33
2020-07-11,"Western Tidewater",Missing,9,0,0
2020-07-12,Alexandria,0-9,137,2,0
2020-07-12,Alexandria,19-Oct,180,4,0
2020-07-12,Alexandria,20-29,397,10,1
2020-07-12,Alexandria,30-39,560,31,0
2020-07-12,Alexandria,40-49,451,38,0
2020-07-12,Alexandria,50-59,314,51,10
2020-07-12,Alexandria,60-69,208,47,2
2020-07-12,Alexandria,70-79,104,38,19
2020-07-12,Alexandria,80+,93,28,25
2020-07-12,Alexandria,Missing,11,0,0
2020-07-12,Alleghany,0-9,14,0,0
2020-07-12,Alleghany,19-Oct,84,0,0
2020-07-12,Alleghany,20-29,115,1,0
2020-07-12,Alleghany,30-39,81,2,0
2020-07-12,Alleghany,40-49,86,1,0
2020-07-12,Alleghany,50-59,88,5,1
2020-07-12,Alleghany,60-69,68,7,1
2020-07-12,Alleghany,70-79,59,7,7
2020-07-12,Alleghany,80+,43,8,6
2020-07-12,Alleghany,Missing,2,0,0
2020-07-12,Arlington,0-9,52,2,0
2020-07-12,Arlington,19-Oct,113,5,0
2020-07-12,Arlington,20-29,470,21,0
2020-07-12,Arlington,30-39,472,43,0
2020-07-12,Arlington,40-49,438,49,7
2020-07-12,Arlington,50-59,391,68,6
2020-07-12,Arlington,60-69,289,80,19
2020-07-12,Arlington,70-79,176,72,33
2020-07-12,Arlington,80+,203,84,69
2020-07-12,Arlington,Missing,11,1,0
2020-07-12,"Central Shenandoah",0-9,59,0,0
2020-07-12,"Central Shenandoah",19-Oct,124,1,0
2020-07-12,"Central Shenandoah",20-29,438,8,0
2020-07-12,"Central Shenandoah",30-39,339,6,0
2020-07-12,"Central Shenandoah",40-49,375,14,0
2020-07-12,"Central Shenandoah",50-59,397,33,3
2020-07-12,"Central Shenandoah",60-69,278,47,11
2020-07-12,"Central Shenandoah",70-79,137,40,12
2020-07-12,"Central Shenandoah",80+,116,29,16
2020-07-12,"Central Shenandoah",Missing,1,0,0
2020-07-12,"Central Virginia",0-9,7,0,0
2020-07-12,"Central Virginia",19-Oct,65,1,0
2020-07-12,"Central Virginia",20-29,110,2,0
2020-07-12,"Central Virginia",30-39,75,1,0
2020-07-12,"Central Virginia",40-49,73,0,0
2020-07-12,"Central Virginia",50-59,76,2,2
2020-07-12,"Central Virginia",60-69,51,4,2
2020-07-12,"Central Virginia",70-79,25,4,2
2020-07-12,"Central Virginia",80+,20,2,0
2020-07-12,"Central Virginia",Missing,3,0,0
2020-07-12,Chesapeake,0-9,39,1,0
2020-07-12,Chesapeake,19-Oct,64,1,0
2020-07-12,Chesapeake,20-29,230,4,0
2020-07-12,Chesapeake,30-39,235,11,0
2020-07-12,Chesapeake,40-49,189,27,1
2020-07-12,Chesapeake,50-59,186,26,1
2020-07-12,Chesapeake,60-69,134,32,5
2020-07-12,Chesapeake,70-79,78,29,3
2020-07-12,Chesapeake,80+,72,25,12
2020-07-12,Chesapeake,Missing,26,1,0
2020-07-12,Chesterfield,0-9,124,0,0
2020-07-12,Chesterfield,19-Oct,320,0,0
2020-07-12,Chesterfield,20-29,578,7,0
2020-07-12,Chesterfield,30-39,669,11,0
2020-07-12,Chesterfield,40-49,601,20,3
2020-07-12,Chesterfield,50-59,473,38,4
2020-07-12,Chesterfield,60-69,306,43,11
2020-07-12,Chesterfield,70-79,133,25,20
2020-07-12,Chesterfield,80+,146,30,46
2020-07-12,Chesterfield,Missing,88,0,0
2020-07-12,Chickahominy,0-9,15,0,0
2020-07-12,Chickahominy,19-Oct,46,0,0
2020-07-12,Chickahominy,20-29,107,1,0
2020-07-12,Chickahominy,30-39,97,2,0
2020-07-12,Chickahominy,40-49,99,12,1
2020-07-12,Chickahominy,50-59,120,23,1
2020-07-12,Chickahominy,60-69,79,21,6
2020-07-12,Chickahominy,70-79,60,22,7
2020-07-12,Chickahominy,80+,82,34,26
2020-07-12,Chickahominy,Missing,15,0,0
2020-07-12,Crater,0-9,29,1,0
2020-07-12,Crater,19-Oct,62,0,0
2020-07-12,Crater,20-29,259,7,0
2020-07-12,Crater,30-39,294,7,0
2020-07-12,Crater,40-49,237,15,1
2020-07-12,Crater,50-59,297,32,3
2020-07-12,Crater,60-69,246,47,15
2020-07-12,Crater,70-79,153,37,18
2020-07-12,Crater,80+,117,20,12
2020-07-12,Crater,Missing,9,0,0
2020-07-12,"Cumberland Plateau",0-9,2,0,0
2020-07-12,"Cumberland Plateau",19-Oct,24,0,0
2020-07-12,"Cumberland Plateau",20-29,9,0,0
2020-07-12,"Cumberland Plateau",30-39,15,0,0
2020-07-12,"Cumberland Plateau",40-49,18,0,0
2020-07-12,"Cumberland Plateau",50-59,9,1,0
2020-07-12,"Cumberland Plateau",60-69,8,1,0
2020-07-12,"Cumberland Plateau",70-79,7,1,0
2020-07-12,"Cumberland Plateau",80+,4,2,0
2020-07-12,"Cumberland Plateau",Missing,0,0,0
2020-07-12,"Eastern Shore",0-9,20,2,0
2020-07-12,"Eastern Shore",19-Oct,59,1,0
2020-07-12,"Eastern Shore",20-29,199,6,0
2020-07-12,"Eastern Shore",30-39,234,8,0
2020-07-12,"Eastern Shore",40-49,247,10,2
2020-07-12,"Eastern Shore",50-59,275,19,5
2020-07-12,"Eastern Shore",60-69,179,29,8
2020-07-12,"Eastern Shore",70-79,47,16,9
2020-07-12,"Eastern Shore",80+,50,22,18
2020-07-12,"Eastern Shore",Missing,6,0,0
2020-07-12,Fairfax,0-9,503,18,0
2020-07-12,Fairfax,19-Oct,910,26,0
2020-07-12,Fairfax,20-29,2288,78,3
2020-07-12,Fairfax,30-39,2816,182,6
2020-07-12,Fairfax,40-49,2730,258,9
2020-07-12,Fairfax,50-59,2275,301,33
2020-07-12,Fairfax,60-69,1459,317,63
2020-07-12,Fairfax,70-79,681,246,110
2020-07-12,Fairfax,80+,790,298,290
2020-07-12,Fairfax,Missing,155,4,0
2020-07-12,Hampton,0-9,16,0,0
2020-07-12,Hampton,19-Oct,27,0,0
2020-07-12,Hampton,20-29,113,2,0
2020-07-12,Hampton,30-39,93,3,0
2020-07-12,Hampton,40-49,73,5,0
2020-07-12,Hampton,50-59,60,9,1
2020-07-12,Hampton,60-69,55,11,2
2020-07-12,Hampton,70-79,27,8,0
2020-07-12,Hampton,80+,12,2,1
2020-07-12,Hampton,Missing,12,0,0
2020-07-12,Henrico,0-9,104,2,0
2020-07-12,Henrico,19-Oct,190,3,0
2020-07-12,Henrico,20-29,413,15,0
2020-07-12,Henrico,30-39,497,18,0
2020-07-12,Henrico,40-49,423,26,2
2020-07-12,Henrico,50-59,361,39,8
2020-07-12,Henrico,60-69,300,51,34
2020-07-12,Henrico,70-79,216,48,42
2020-07-12,Henrico,80+,323,66,86
2020-07-12,Henrico,Missing,33,1,1
2020-07-12,Lenowisco,0-9,3,0,0
2020-07-12,Lenowisco,19-Oct,8,0,0
2020-07-12,Lenowisco,20-29,12,0,0
2020-07-12,Lenowisco,30-39,8,1,1
2020-07-12,Lenowisco,40-49,9,2,0
2020-07-12,Lenowisco,50-59,17,5,0
2020-07-12,Lenowisco,60-69,7,5,2
2020-07-12,Lenowisco,70-79,8,4,1
2020-07-12,Lenowisco,80+,6,0,0
2020-07-12,Lenowisco,Missing,0,0,0
2020-07-12,"Lord Fairfax",0-9,66,2,0
2020-07-12,"Lord Fairfax",19-Oct,154,1,0
2020-07-12,"Lord Fairfax",20-29,372,5,0
2020-07-12,"Lord Fairfax",30-39,363,11,1
2020-07-12,"Lord Fairfax",40-49,346,17,1
2020-07-12,"Lord Fairfax",50-59,358,27,2
2020-07-12,"Lord Fairfax",60-69,236,48,14
2020-07-12,"Lord Fairfax",70-79,137,41,17
2020-07-12,"Lord Fairfax",80+,153,37,40
2020-07-12,"Lord Fairfax",Missing,2,0,0
2020-07-12,Loudoun,0-9,159,3,0
2020-07-12,Loudoun,19-Oct,585,0,0
2020-07-12,Loudoun,20-29,715,6,0
2020-07-12,Loudoun,30-39,763,27,0
2020-07-12,Loudoun,40-49,846,48,1
2020-07-12,Loudoun,50-59,678,59,2
2020-07-12,Loudoun,60-69,260,50,6
2020-07-12,Loudoun,70-79,144,46,18
2020-07-12,Loudoun,80+,192,50,71
2020-07-12,Loudoun,Missing,65,0,1
2020-07-12,"Mount Rogers",0-9,39,1,0
2020-07-12,"Mount Rogers",19-Oct,65,0,0
2020-07-12,"Mount Rogers",20-29,128,0,0
2020-07-12,"Mount Rogers",30-39,120,4,0
2020-07-12,"Mount Rogers",40-49,122,3,1
2020-07-12,"Mount Rogers",50-59,111,7,1
2020-07-12,"Mount Rogers",60-69,98,10,0
2020-07-12,"Mount Rogers",70-79,71,28,12
2020-07-12,"Mount Rogers",80+,79,26,21
2020-07-12,"Mount Rogers",Missing,1,0,0
2020-07-12,"New River",0-9,8,0,0
2020-07-12,"New River",19-Oct,37,0,0
2020-07-12,"New River",20-29,77,0,0
2020-07-12,"New River",30-39,35,1,0
2020-07-12,"New River",40-49,43,1,0
2020-07-12,"New River",50-59,36,4,0
2020-07-12,"New River",60-69,28,5,0
2020-07-12,"New River",70-79,19,8,4
2020-07-12,"New River",80+,13,4,2
2020-07-12,"New River",Missing,0,0,0
2020-07-12,Norfolk,0-9,52,2,0
2020-07-12,Norfolk,19-Oct,79,1,0
2020-07-12,Norfolk,20-29,472,5,0
2020-07-12,Norfolk,30-39,300,15,1
2020-07-12,Norfolk,40-49,198,14,1
2020-07-12,Norfolk,50-59,174,23,3
2020-07-12,Norfolk,60-69,145,31,2
2020-07-12,Norfolk,70-79,64,25,4
2020-07-12,Norfolk,80+,43,11,5
2020-07-12,Norfolk,Missing,21,1,0
2020-07-12,Peninsula,0-9,46,0,0
2020-07-12,Peninsula,19-Oct,74,1,0
2020-07-12,Peninsula,20-29,287,1,0
2020-07-12,Peninsula,30-39,236,7,1
2020-07-12,Peninsula,40-49,183,8,1
2020-07-12,Peninsula,50-59,176,21,3
2020-07-12,Peninsula,60-69,147,29,3
2020-07-12,Peninsula,70-79,99,38,12
2020-07-12,Peninsula,80+,58,24,15
2020-07-12,Peninsula,Missing,12,0,0
2020-07-12,Piedmont,0-9,23,0,0
2020-07-12,Piedmont,19-Oct,35,0,0
2020-07-12,Piedmont,20-29,177,2,0
2020-07-12,Piedmont,30-39,222,5,0
2020-07-12,Piedmont,40-49,200,11,0
2020-07-12,Piedmont,50-59,198,23,1
2020-07-12,Piedmont,60-69,142,21,2
2020-07-12,Piedmont,70-79,73,24,4
2020-07-12,Piedmont,80+,49,21,11
2020-07-12,Piedmont,Missing,1,0,0
2020-07-12,Pittsylvania-Danville,0-9,11,0,0
2020-07-12,Pittsylvania-Danville,19-Oct,17,0,0
2020-07-12,Pittsylvania-Danville,20-29,38,0,0
2020-07-12,Pittsylvania-Danville,30-39,42,1,0
2020-07-12,Pittsylvania-Danville,40-49,62,6,0
2020-07-12,Pittsylvania-Danville,50-59,61,12,0
2020-07-12,Pittsylvania-Danville,60-69,40,10,1
2020-07-12,Pittsylvania-Danville,70-79,25,12,1
2020-07-12,Pittsylvania-Danville,80+,10,5,2
2020-07-12,Pittsylvania-Danville,Missing,0,0,0
2020-07-12,Portsmouth,0-9,27,3,0
2020-07-12,Portsmouth,19-Oct,34,0,0
2020-07-12,Portsmouth,20-29,151,9,0
2020-07-12,Portsmouth,30-39,149,7,1
2020-07-12,Portsmouth,40-49,90,7,0
2020-07-12,Portsmouth,50-59,97,21,2
2020-07-12,Portsmouth,60-69,72,19,6
2020-07-12,Portsmouth,70-79,34,12,5
2020-07-12,Portsmouth,80+,17,8,5
2020-07-12,Portsmouth,Missing,15,0,0
2020-07-12,"Prince William",0-9,359,10,0
2020-07-12,"Prince William",19-Oct,819,8,0
2020-07-12,"Prince William",20-29,1738,54,0
2020-07-12,"Prince William",30-39,1816,93,2
2020-07-12,"Prince William",40-49,2028,151,7
2020-07-12,"Prince William",50-59,1491,196,15
2020-07-12,"Prince William",60-69,797,166,42
2020-07-12,"Prince William",70-79,318,98,44
2020-07-12,"Prince William",80+,239,81,72
2020-07-12,"Prince William",Missing,147,2,0
2020-07-12,Rappahannock,0-9,117,2,0
2020-07-12,Rappahannock,19-Oct,249,3,0
2020-07-12,Rappahannock,20-29,463,13,0
2020-07-12,Rappahannock,30-39,505,24,0
2020-07-12,Rappahannock,40-49,476,43,2
2020-07-12,Rappahannock,50-59,409,51,4
2020-07-12,Rappahannock,60-69,223,46,6
2020-07-12,Rappahannock,70-79,108,30,14
2020-07-12,Rappahannock,80+,96,33,19
2020-07-12,Rappahannock,Missing,20,0,0
2020-07-12,"Rappahannock Rapidan",0-9,78,1,0
2020-07-12,"Rappahannock Rapidan",19-Oct,135,3,0
2020-07-12,"Rappahannock Rapidan",20-29,295,4,0
2020-07-12,"Rappahannock Rapidan",30-39,327,18,1
2020-07-12,"Rappahannock Rapidan",40-49,316,19,2
2020-07-12,"Rappahannock Rapidan",50-59,229,29,2
2020-07-12,"Rappahannock Rapidan",60-69,126,17,4
2020-07-12,"Rappahannock Rapidan",70-79,43,13,8
2020-07-12,"Rappahannock Rapidan",80+,27,14,8
2020-07-12,"Rappahannock Rapidan",Missing,8,0,0
2020-07-12,Richmond,0-9,105,5,0
2020-07-12,Richmond,19-Oct,200,2,0
2020-07-12,Richmond,20-29,519,16,0
2020-07-12,Richmond,30-39,524,25,1
2020-07-12,Richmond,40-49,398,29,3
2020-07-12,Richmond,50-59,307,54,1
2020-07-12,Richmond,60-69,215,48,6
2020-07-12,Richmond,70-79,87,37,14
2020-07-12,Richmond,80+,40,21,10
2020-07-12,Richmond,Missing,20,0,0
2020-07-12,Roanoke,0-9,17,0,0
2020-07-12,Roanoke,19-Oct,62,0,0
2020-07-12,Roanoke,20-29,135,3,0
2020-07-12,Roanoke,30-39,131,1,0
2020-07-12,Roanoke,40-49,83,1,0
2020-07-12,Roanoke,50-59,51,1,0
2020-07-12,Roanoke,60-69,39,3,0
2020-07-12,Roanoke,70-79,17,3,1
2020-07-12,Roanoke,80+,43,3,9
2020-07-12,Roanoke,Missing,4,0,0
2020-07-12,Southside,0-9,6,0,0
2020-07-12,Southside,19-Oct,11,0,0
2020-07-12,Southside,20-29,50,2,0
2020-07-12,Southside,30-39,67,4,0
2020-07-12,Southside,40-49,63,5,0
2020-07-12,Southside,50-59,67,10,0
2020-07-12,Southside,60-69,62,14,5
2020-07-12,Southside,70-79,63,10,13
2020-07-12,Southside,80+,81,12,13
2020-07-12,Southside,Missing,0,0,0
2020-07-12,"Thomas Jefferson",0-9,54,1,0
2020-07-12,"Thomas Jefferson",19-Oct,87,1,0
2020-07-12,"Thomas Jefferson",20-29,213,2,0
2020-07-12,"Thomas Jefferson",30-39,238,7,0
2020-07-12,"Thomas Jefferson",40-49,192,15,0
2020-07-12,"Thomas Jefferson",50-59,148,12,2
2020-07-12,"Thomas Jefferson",60-69,94,18,3
2020-07-12,"Thomas Jefferson",70-79,77,21,5
2020-07-12,"Thomas Jefferson",80+,103,27,19
2020-07-12,"Thomas Jefferson",Missing,2,0,0
2020-07-12,"Three Rivers",0-9,10,1,0
2020-07-12,"Three Rivers",19-Oct,36,0,0
2020-07-12,"Three Rivers",20-29,137,4,0
2020-07-12,"Three Rivers",30-39,171,3,0
2020-07-12,"Three Rivers",40-49,164,12,2
2020-07-12,"Three Rivers",50-59,110,9,1
2020-07-12,"Three Rivers",60-69,77,13,1
2020-07-12,"Three Rivers",70-79,37,8,5
2020-07-12,"Three Rivers",80+,36,8,4
2020-07-12,"Three Rivers",Missing,4,0,0
2020-07-12,"Virginia Beach",0-9,46,0,0
2020-07-12,"Virginia Beach",19-Oct,97,0,0
2020-07-12,"Virginia Beach",20-29,484,9,0
2020-07-12,"Virginia Beach",30-39,333,13,0
2020-07-12,"Virginia Beach",40-49,237,19,1
2020-07-12,"Virginia Beach",50-59,209,18,0
2020-07-12,"Virginia Beach",60-69,170,20,1
2020-07-12,"Virginia Beach",70-79,92,27,7
2020-07-12,"Virginia Beach",80+,96,33,21
2020-07-12,"Virginia Beach",Missing,57,0,0
2020-07-12,"West Piedmont",0-9,17,1,0
2020-07-12,"West Piedmont",19-Oct,76,0,0
2020-07-12,"West Piedmont",20-29,93,1,0
2020-07-12,"West Piedmont",30-39,98,3,0
2020-07-12,"West Piedmont",40-49,104,8,2
2020-07-12,"West Piedmont",50-59,113,15,1
2020-07-12,"West Piedmont",60-69,66,8,0
2020-07-12,"West Piedmont",70-79,31,12,4
2020-07-12,"West Piedmont",80+,18,9,1
2020-07-12,"West Piedmont",Missing,0,0,0
2020-07-12,"Western Tidewater",0-9,14,0,0
2020-07-12,"Western Tidewater",19-Oct,30,0,0
2020-07-12,"Western Tidewater",20-29,131,3,0
2020-07-12,"Western Tidewater",30-39,151,9,0
2020-07-12,"Western Tidewater",40-49,131,5,2
2020-07-12,"Western Tidewater",50-59,171,13,4
2020-07-12,"Western Tidewater",60-69,153,18,6
2020-07-12,"Western Tidewater",70-79,98,22,19
2020-07-12,"Western Tidewater",80+,146,26,33
2020-07-12,"Western Tidewater",Missing,9,0,0
2020-07-13,Alexandria,0-9,137,2,0
2020-07-13,Alexandria,19-Oct,180,4,0
2020-07-13,Alexandria,20-29,398,10,1
2020-07-13,Alexandria,30-39,560,31,0
2020-07-13,Alexandria,40-49,450,38,0
2020-07-13,Alexandria,50-59,314,51,10
2020-07-13,Alexandria,60-69,208,47,2
2020-07-13,Alexandria,70-79,104,38,19
2020-07-13,Alexandria,80+,94,28,25
2020-07-13,Alexandria,Missing,11,0,0
2020-07-13,Alleghany,0-9,14,0,0
2020-07-13,Alleghany,19-Oct,85,0,0
2020-07-13,Alleghany,20-29,117,1,0
2020-07-13,Alleghany,30-39,83,2,0
2020-07-13,Alleghany,40-49,86,1,0
2020-07-13,Alleghany,50-59,89,5,1
2020-07-13,Alleghany,60-69,68,7,1
2020-07-13,Alleghany,70-79,59,7,7
2020-07-13,Alleghany,80+,43,8,6
2020-07-13,Alleghany,Missing,2,0,0
2020-07-13,Arlington,0-9,52,2,0
2020-07-13,Arlington,19-Oct,114,5,0
2020-07-13,Arlington,20-29,479,22,0
2020-07-13,Arlington,30-39,473,42,0
2020-07-13,Arlington,40-49,440,49,7
2020-07-13,Arlington,50-59,390,66,6
2020-07-13,Arlington,60-69,288,80,19
2020-07-13,Arlington,70-79,176,72,33
2020-07-13,Arlington,80+,203,83,69
2020-07-13,Arlington,Missing,11,1,0
2020-07-13,"Central Shenandoah",0-9,62,0,0
2020-07-13,"Central Shenandoah",19-Oct,128,1,0
2020-07-13,"Central Shenandoah",20-29,443,8,0
2020-07-13,"Central Shenandoah",30-39,349,7,0
2020-07-13,"Central Shenandoah",40-49,379,14,0
2020-07-13,"Central Shenandoah",50-59,399,33,3
2020-07-13,"Central Shenandoah",60-69,281,47,11
2020-07-13,"Central Shenandoah",70-79,139,40,12
2020-07-13,"Central Shenandoah",80+,119,30,16
2020-07-13,"Central Shenandoah",Missing,1,0,0
2020-07-13,"Central Virginia",0-9,7,0,0
2020-07-13,"Central Virginia",19-Oct,68,1,0
2020-07-13,"Central Virginia",20-29,113,2,0
2020-07-13,"Central Virginia",30-39,76,1,0
2020-07-13,"Central Virginia",40-49,73,0,0
2020-07-13,"Central Virginia",50-59,78,2,2
2020-07-13,"Central Virginia",60-69,53,4,2
2020-07-13,"Central Virginia",70-79,26,4,2
2020-07-13,"Central Virginia",80+,20,2,0
2020-07-13,"Central Virginia",Missing,1,0,0
2020-07-13,Chesapeake,0-9,39,1,0
2020-07-13,Chesapeake,19-Oct,70,1,0
2020-07-13,Chesapeake,20-29,254,4,0
2020-07-13,Chesapeake,30-39,256,11,0
2020-07-13,Chesapeake,40-49,195,27,1
2020-07-13,Chesapeake,50-59,197,26,1
2020-07-13,Chesapeake,60-69,137,32,5
2020-07-13,Chesapeake,70-79,78,29,3
2020-07-13,Chesapeake,80+,74,25,12
2020-07-13,Chesapeake,Missing,26,1,0
2020-07-13,Chesterfield,0-9,125,0,0
2020-07-13,Chesterfield,19-Oct,321,0,0
2020-07-13,Chesterfield,20-29,586,7,0
2020-07-13,Chesterfield,30-39,676,11,0
2020-07-13,Chesterfield,40-49,608,20,3
2020-07-13,Chesterfield,50-59,474,38,4
2020-07-13,Chesterfield,60-69,308,43,11
2020-07-13,Chesterfield,70-79,133,25,20
2020-07-13,Chesterfield,80+,146,30,46
2020-07-13,Chesterfield,Missing,89,0,0
2020-07-13,Chickahominy,0-9,15,0,0
2020-07-13,Chickahominy,19-Oct,51,0,0
2020-07-13,Chickahominy,20-29,110,1,0
2020-07-13,Chickahominy,30-39,98,2,0
2020-07-13,Chickahominy,40-49,99,12,1
2020-07-13,Chickahominy,50-59,120,23,1
2020-07-13,Chickahominy,60-69,79,21,6
2020-07-13,Chickahominy,70-79,60,22,7
2020-07-13,Chickahominy,80+,82,34,26
2020-07-13,Chickahominy,Missing,15,0,0
2020-07-13,Crater,0-9,30,1,0
2020-07-13,Crater,19-Oct,65,0,0
2020-07-13,Crater,20-29,262,7,0
2020-07-13,Crater,30-39,297,7,0
2020-07-13,Crater,40-49,241,15,1
2020-07-13,Crater,50-59,302,33,3
2020-07-13,Crater,60-69,248,47,15
2020-07-13,Crater,70-79,153,38,18
2020-07-13,Crater,80+,118,20,12
2020-07-13,Crater,Missing,9,0,0
2020-07-13,"Cumberland Plateau",0-9,2,0,0
2020-07-13,"Cumberland Plateau",19-Oct,25,0,0
2020-07-13,"Cumberland Plateau",20-29,9,0,0
2020-07-13,"Cumberland Plateau",30-39,15,0,0
2020-07-13,"Cumberland Plateau",40-49,19,0,0
2020-07-13,"Cumberland Plateau",50-59,10,1,0
2020-07-13,"Cumberland Plateau",60-69,10,1,0
2020-07-13,"Cumberland Plateau",70-79,7,1,0
2020-07-13,"Cumberland Plateau",80+,4,2,0
2020-07-13,"Cumberland Plateau",Missing,0,0,0
2020-07-13,"Eastern Shore",0-9,20,2,0
2020-07-13,"Eastern Shore",19-Oct,59,1,0
2020-07-13,"Eastern Shore",20-29,199,6,0
2020-07-13,"Eastern Shore",30-39,234,8,0
2020-07-13,"Eastern Shore",40-49,247,10,2
2020-07-13,"Eastern Shore",50-59,275,19,5
2020-07-13,"Eastern Shore",60-69,178,29,8
2020-07-13,"Eastern Shore",70-79,47,16,9
2020-07-13,"Eastern Shore",80+,50,22,18
2020-07-13,"Eastern Shore",Missing,6,0,0
2020-07-13,Fairfax,0-9,506,18,0
2020-07-13,Fairfax,19-Oct,916,26,0
2020-07-13,Fairfax,20-29,2319,78,3
2020-07-13,Fairfax,30-39,2823,182,6
2020-07-13,Fairfax,40-49,2741,258,9
2020-07-13,Fairfax,50-59,2281,301,33
2020-07-13,Fairfax,60-69,1465,318,63
2020-07-13,Fairfax,70-79,683,246,110
2020-07-13,Fairfax,80+,792,298,290
2020-07-13,Fairfax,Missing,156,4,0
2020-07-13,Hampton,0-9,20,0,0
2020-07-13,Hampton,19-Oct,31,0,0
2020-07-13,Hampton,20-29,122,2,0
2020-07-13,Hampton,30-39,101,3,0
2020-07-13,Hampton,40-49,87,5,0
2020-07-13,Hampton,50-59,69,9,1
2020-07-13,Hampton,60-69,59,11,2
2020-07-13,Hampton,70-79,29,8,0
2020-07-13,Hampton,80+,14,2,1
2020-07-13,Hampton,Missing,12,0,0
2020-07-13,Henrico,0-9,105,2,0
2020-07-13,Henrico,19-Oct,197,3,0
2020-07-13,Henrico,20-29,416,15,0
2020-07-13,Henrico,30-39,502,18,0
2020-07-13,Henrico,40-49,426,26,2
2020-07-13,Henrico,50-59,367,40,8
2020-07-13,Henrico,60-69,303,51,34
2020-07-13,Henrico,70-79,218,48,42
2020-07-13,Henrico,80+,324,66,86
2020-07-13,Henrico,Missing,33,1,1
2020-07-13,Lenowisco,0-9,3,0,0
2020-07-13,Lenowisco,19-Oct,8,0,0
2020-07-13,Lenowisco,20-29,13,0,0
2020-07-13,Lenowisco,30-39,9,1,1
2020-07-13,Lenowisco,40-49,9,2,0
2020-07-13,Lenowisco,50-59,17,5,0
2020-07-13,Lenowisco,60-69,7,5,2
2020-07-13,Lenowisco,70-79,9,4,1
2020-07-13,Lenowisco,80+,5,0,0
2020-07-13,Lenowisco,Missing,0,0,0
2020-07-13,"Lord Fairfax",0-9,66,2,0
2020-07-13,"Lord Fairfax",19-Oct,156,1,0
2020-07-13,"Lord Fairfax",20-29,373,5,0
2020-07-13,"Lord Fairfax",30-39,365,11,1
2020-07-13,"Lord Fairfax",40-49,347,17,1
2020-07-13,"Lord Fairfax",50-59,361,27,2
2020-07-13,"Lord Fairfax",60-69,238,49,14
2020-07-13,"Lord Fairfax",70-79,138,41,17
2020-07-13,"Lord Fairfax",80+,154,37,40
2020-07-13,"Lord Fairfax",Missing,2,0,0
2020-07-13,Loudoun,0-9,160,3,0
2020-07-13,Loudoun,19-Oct,594,0,0
2020-07-13,Loudoun,20-29,719,6,0
2020-07-13,Loudoun,30-39,764,27,0
2020-07-13,Loudoun,40-49,849,48,1
2020-07-13,Loudoun,50-59,684,59,2
2020-07-13,Loudoun,60-69,260,50,6
2020-07-13,Loudoun,70-79,144,46,18
2020-07-13,Loudoun,80+,192,50,71
2020-07-13,Loudoun,Missing,65,0,1
2020-07-13,"Mount Rogers",0-9,39,1,0
2020-07-13,"Mount Rogers",19-Oct,65,0,0
2020-07-13,"Mount Rogers",20-29,128,0,0
2020-07-13,"Mount Rogers",30-39,120,4,0
2020-07-13,"Mount Rogers",40-49,125,3,1
2020-07-13,"Mount Rogers",50-59,111,7,1
2020-07-13,"Mount Rogers",60-69,100,10,0
2020-07-13,"Mount Rogers",70-79,71,28,12
2020-07-13,"Mount Rogers",80+,80,27,21
2020-07-13,"Mount Rogers",Missing,1,0,0
2020-07-13,"New River",0-9,8,0,0
2020-07-13,"New River",19-Oct,37,0,0
2020-07-13,"New River",20-29,85,0,0
2020-07-13,"New River",30-39,35,1,0
2020-07-13,"New River",40-49,45,1,0
2020-07-13,"New River",50-59,39,4,0
2020-07-13,"New River",60-69,28,5,0
2020-07-13,"New River",70-79,19,8,4
2020-07-13,"New River",80+,13,4,2
2020-07-13,"New River",Missing,0,0,0
2020-07-13,Norfolk,0-9,52,2,0
2020-07-13,Norfolk,19-Oct,80,1,0
2020-07-13,Norfolk,20-29,486,5,0
2020-07-13,Norfolk,30-39,305,15,1
2020-07-13,Norfolk,40-49,201,14,1
2020-07-13,Norfolk,50-59,175,23,3
2020-07-13,Norfolk,60-69,156,31,2
2020-07-13,Norfolk,70-79,68,26,4
2020-07-13,Norfolk,80+,44,11,5
2020-07-13,Norfolk,Missing,21,1,0
2020-07-13,Peninsula,0-9,55,0,0
2020-07-13,Peninsula,19-Oct,79,1,0
2020-07-13,Peninsula,20-29,329,1,0
2020-07-13,Peninsula,30-39,255,7,1
2020-07-13,Peninsula,40-49,201,8,1
2020-07-13,Peninsula,50-59,193,21,3
2020-07-13,Peninsula,60-69,158,29,3
2020-07-13,Peninsula,70-79,102,38,12
2020-07-13,Peninsula,80+,64,26,15
2020-07-13,Peninsula,Missing,12,0,0
2020-07-13,Piedmont,0-9,23,0,0
2020-07-13,Piedmont,19-Oct,37,0,0
2020-07-13,Piedmont,20-29,177,2,0
2020-07-13,Piedmont,30-39,222,5,0
2020-07-13,Piedmont,40-49,201,11,0
2020-07-13,Piedmont,50-59,201,23,1
2020-07-13,Piedmont,60-69,142,21,2
2020-07-13,Piedmont,70-79,73,24,4
2020-07-13,Piedmont,80+,49,21,11
2020-07-13,Piedmont,Missing,1,0,0
2020-07-13,Pittsylvania-Danville,0-9,11,0,0
2020-07-13,Pittsylvania-Danville,19-Oct,17,0,0
2020-07-13,Pittsylvania-Danville,20-29,39,0,0
2020-07-13,Pittsylvania-Danville,30-39,42,1,0
2020-07-13,Pittsylvania-Danville,40-49,65,6,0
2020-07-13,Pittsylvania-Danville,50-59,61,12,0
2020-07-13,Pittsylvania-Danville,60-69,41,10,1
2020-07-13,Pittsylvania-Danville,70-79,25,12,1
2020-07-13,Pittsylvania-Danville,80+,10,5,2
2020-07-13,Pittsylvania-Danville,Missing,0,0,0
2020-07-13,Portsmouth,0-9,27,3,0
2020-07-13,Portsmouth,19-Oct,34,0,0
2020-07-13,Portsmouth,20-29,161,9,0
2020-07-13,Portsmouth,30-39,155,7,1
2020-07-13,Portsmouth,40-49,94,7,0
2020-07-13,Portsmouth,50-59,99,21,2
2020-07-13,Portsmouth,60-69,75,19,6
2020-07-13,Portsmouth,70-79,36,12,5
2020-07-13,Portsmouth,80+,18,8,5
2020-07-13,Portsmouth,Missing,15,0,0
2020-07-13,"Prince William",0-9,362,10,0
2020-07-13,"Prince William",19-Oct,827,8,0
2020-07-13,"Prince William",20-29,1745,54,0
2020-07-13,"Prince William",30-39,1827,93,2
2020-07-13,"Prince William",40-49,2039,151,7
2020-07-13,"Prince William",50-59,1497,196,15
2020-07-13,"Prince William",60-69,800,166,42
2020-07-13,"Prince William",70-79,318,98,44
2020-07-13,"Prince William",80+,240,81,72
2020-07-13,"Prince William",Missing,147,2,0
2020-07-13,Rappahannock,0-9,117,2,0
2020-07-13,Rappahannock,19-Oct,251,3,0
2020-07-13,Rappahannock,20-29,464,13,0
2020-07-13,Rappahannock,30-39,507,24,0
2020-07-13,Rappahannock,40-49,477,44,2
2020-07-13,Rappahannock,50-59,412,51,4
2020-07-13,Rappahannock,60-69,223,47,6
2020-07-13,Rappahannock,70-79,111,31,14
2020-07-13,Rappahannock,80+,98,33,19
2020-07-13,Rappahannock,Missing,20,0,0
2020-07-13,"Rappahannock Rapidan",0-9,79,1,0
2020-07-13,"Rappahannock Rapidan",19-Oct,137,3,0
2020-07-13,"Rappahannock Rapidan",20-29,295,4,0
2020-07-13,"Rappahannock Rapidan",30-39,330,18,1
2020-07-13,"Rappahannock Rapidan",40-49,317,20,2
2020-07-13,"Rappahannock Rapidan",50-59,232,29,2
2020-07-13,"Rappahannock Rapidan",60-69,127,17,4
2020-07-13,"Rappahannock Rapidan",70-79,43,13,8
2020-07-13,"Rappahannock Rapidan",80+,27,15,8
2020-07-13,"Rappahannock Rapidan",Missing,8,0,0
2020-07-13,Richmond,0-9,108,6,0
2020-07-13,Richmond,19-Oct,201,2,0
2020-07-13,Richmond,20-29,525,16,0
2020-07-13,Richmond,30-39,527,25,1
2020-07-13,Richmond,40-49,400,29,3
2020-07-13,Richmond,50-59,308,54,1
2020-07-13,Richmond,60-69,215,48,6
2020-07-13,Richmond,70-79,87,37,14
2020-07-13,Richmond,80+,40,21,10
2020-07-13,Richmond,Missing,21,0,0
2020-07-13,Roanoke,0-9,17,0,0
2020-07-13,Roanoke,19-Oct,63,0,0
2020-07-13,Roanoke,20-29,135,3,0
2020-07-13,Roanoke,30-39,133,1,0
2020-07-13,Roanoke,40-49,83,1,0
2020-07-13,Roanoke,50-59,54,1,0
2020-07-13,Roanoke,60-69,39,3,0
2020-07-13,Roanoke,70-79,17,3,1
2020-07-13,Roanoke,80+,43,3,9
2020-07-13,Roanoke,Missing,4,0,0
2020-07-13,Southside,0-9,7,0,0
2020-07-13,Southside,19-Oct,12,0,0
2020-07-13,Southside,20-29,55,2,0
2020-07-13,Southside,30-39,72,4,0
2020-07-13,Southside,40-49,64,5,0
2020-07-13,Southside,50-59,69,10,0
2020-07-13,Southside,60-69,63,14,5
2020-07-13,Southside,70-79,63,10,13
2020-07-13,Southside,80+,82,12,13
2020-07-13,Southside,Missing,0,0,0
2020-07-13,"Thomas Jefferson",0-9,57,1,0
2020-07-13,"Thomas Jefferson",19-Oct,89,1,0
2020-07-13,"Thomas Jefferson",20-29,217,2,0
2020-07-13,"Thomas Jefferson",30-39,245,8,0
2020-07-13,"Thomas Jefferson",40-49,195,15,0
2020-07-13,"Thomas Jefferson",50-59,152,12,2
2020-07-13,"Thomas Jefferson",60-69,97,19,3
2020-07-13,"Thomas Jefferson",70-79,78,21,5
2020-07-13,"Thomas Jefferson",80+,104,27,19
2020-07-13,"Thomas Jefferson",Missing,2,0,0
2020-07-13,"Three Rivers",0-9,10,1,0
2020-07-13,"Three Rivers",19-Oct,37,0,0
2020-07-13,"Three Rivers",20-29,141,4,0
2020-07-13,"Three Rivers",30-39,174,3,0
2020-07-13,"Three Rivers",40-49,166,12,2
2020-07-13,"Three Rivers",50-59,113,9,1
2020-07-13,"Three Rivers",60-69,81,14,1
2020-07-13,"Three Rivers",70-79,37,8,5
2020-07-13,"Three Rivers",80+,36,8,4
2020-07-13,"Three Rivers",Missing,4,0,0
2020-07-13,"Virginia Beach",0-9,49,0,0
2020-07-13,"Virginia Beach",19-Oct,108,0,0
2020-07-13,"Virginia Beach",20-29,525,9,0
2020-07-13,"Virginia Beach",30-39,370,13,0
2020-07-13,"Virginia Beach",40-49,260,19,1
2020-07-13,"Virginia Beach",50-59,225,18,0
2020-07-13,"Virginia Beach",60-69,173,21,2
2020-07-13,"Virginia Beach",70-79,101,27,7
2020-07-13,"Virginia Beach",80+,107,33,22
2020-07-13,"Virginia Beach",Missing,60,0,0
2020-07-13,"West Piedmont",0-9,17,1,0
2020-07-13,"West Piedmont",19-Oct,76,0,0
2020-07-13,"West Piedmont",20-29,93,1,0
2020-07-13,"West Piedmont",30-39,98,3,0
2020-07-13,"West Piedmont",40-49,104,8,2
2020-07-13,"West Piedmont",50-59,113,15,1
2020-07-13,"West Piedmont",60-69,66,8,0
2020-07-13,"West Piedmont",70-79,31,12,4
2020-07-13,"West Piedmont",80+,18,9,1
2020-07-13,"West Piedmont",Missing,0,0,0
2020-07-13,"Western Tidewater",0-9,16,0,0
2020-07-13,"Western Tidewater",19-Oct,33,0,0
2020-07-13,"Western Tidewater",20-29,136,4,0
2020-07-13,"Western Tidewater",30-39,156,10,0
2020-07-13,"Western Tidewater",40-49,132,6,2
2020-07-13,"Western Tidewater",50-59,173,13,4
2020-07-13,"Western Tidewater",60-69,156,18,6
2020-07-13,"Western Tidewater",70-79,99,22,19
2020-07-13,"Western Tidewater",80+,150,26,33
2020-07-13,"Western Tidewater",Missing,9,0,0
2020-07-14,Alexandria,0-9,138,2,0
2020-07-14,Alexandria,19-Oct,181,4,0
2020-07-14,Alexandria,20-29,399,10,1
2020-07-14,Alexandria,30-39,563,31,0
2020-07-14,Alexandria,40-49,453,39,0
2020-07-14,Alexandria,50-59,315,51,10
2020-07-14,Alexandria,60-69,207,47,2
2020-07-14,Alexandria,70-79,104,38,19
2020-07-14,Alexandria,80+,94,28,25
2020-07-14,Alexandria,Missing,11,0,0
2020-07-14,Alleghany,0-9,14,0,0
2020-07-14,Alleghany,19-Oct,86,0,0
2020-07-14,Alleghany,20-29,122,1,0
2020-07-14,Alleghany,30-39,91,2,0
2020-07-14,Alleghany,40-49,90,1,0
2020-07-14,Alleghany,50-59,91,5,1
2020-07-14,Alleghany,60-69,68,8,1
2020-07-14,Alleghany,70-79,61,7,7
2020-07-14,Alleghany,80+,43,8,6
2020-07-14,Alleghany,Missing,2,0,0
2020-07-14,Arlington,0-9,53,2,0
2020-07-14,Arlington,19-Oct,116,5,0
2020-07-14,Arlington,20-29,497,22,0
2020-07-14,Arlington,30-39,479,42,0
2020-07-14,Arlington,40-49,443,49,7
2020-07-14,Arlington,50-59,394,66,6
2020-07-14,Arlington,60-69,288,80,19
2020-07-14,Arlington,70-79,176,72,33
2020-07-14,Arlington,80+,203,83,69
2020-07-14,Arlington,Missing,11,1,0
2020-07-14,"Central Shenandoah",0-9,61,0,0
2020-07-14,"Central Shenandoah",19-Oct,129,1,0
2020-07-14,"Central Shenandoah",20-29,447,8,0
2020-07-14,"Central Shenandoah",30-39,352,7,0
2020-07-14,"Central Shenandoah",40-49,379,14,0
2020-07-14,"Central Shenandoah",50-59,402,33,4
2020-07-14,"Central Shenandoah",60-69,281,47,13
2020-07-14,"Central Shenandoah",70-79,139,42,12
2020-07-14,"Central Shenandoah",80+,119,30,16
2020-07-14,"Central Shenandoah",Missing,1,0,0
2020-07-14,"Central Virginia",0-9,7,0,0
2020-07-14,"Central Virginia",19-Oct,68,1,0
2020-07-14,"Central Virginia",20-29,116,2,0
2020-07-14,"Central Virginia",30-39,76,1,0
2020-07-14,"Central Virginia",40-49,73,0,0
2020-07-14,"Central Virginia",50-59,80,2,2
2020-07-14,"Central Virginia",60-69,54,4,2
2020-07-14,"Central Virginia",70-79,26,4,2
2020-07-14,"Central Virginia",80+,20,2,0
2020-07-14,"Central Virginia",Missing,1,0,0
2020-07-14,Chesapeake,0-9,39,1,0
2020-07-14,Chesapeake,19-Oct,75,1,0
2020-07-14,Chesapeake,20-29,271,4,0
2020-07-14,Chesapeake,30-39,272,11,0
2020-07-14,Chesapeake,40-49,204,27,1
2020-07-14,Chesapeake,50-59,202,27,1
2020-07-14,Chesapeake,60-69,138,32,5
2020-07-14,Chesapeake,70-79,80,30,3
2020-07-14,Chesapeake,80+,74,25,13
2020-07-14,Chesapeake,Missing,24,1,0
2020-07-14,Chesterfield,0-9,130,0,0
2020-07-14,Chesterfield,19-Oct,328,0,0
2020-07-14,Chesterfield,20-29,602,7,0
2020-07-14,Chesterfield,30-39,689,11,0
2020-07-14,Chesterfield,40-49,621,20,3
2020-07-14,Chesterfield,50-59,481,38,4
2020-07-14,Chesterfield,60-69,311,43,12
2020-07-14,Chesterfield,70-79,137,27,21
2020-07-14,Chesterfield,80+,147,30,46
2020-07-14,Chesterfield,Missing,90,0,0
2020-07-14,Chickahominy,0-9,15,0,0
2020-07-14,Chickahominy,19-Oct,51,0,0
2020-07-14,Chickahominy,20-29,110,1,0
2020-07-14,Chickahominy,30-39,98,2,0
2020-07-14,Chickahominy,40-49,100,12,1
2020-07-14,Chickahominy,50-59,123,23,1
2020-07-14,Chickahominy,60-69,80,21,6
2020-07-14,Chickahominy,70-79,60,22,7
2020-07-14,Chickahominy,80+,82,34,26
2020-07-14,Chickahominy,Missing,15,0,0
2020-07-14,Crater,0-9,30,1,0
2020-07-14,Crater,19-Oct,67,0,0
2020-07-14,Crater,20-29,265,7,0
2020-07-14,Crater,30-39,298,7,0
2020-07-14,Crater,40-49,244,15,1
2020-07-14,Crater,50-59,304,34,3
2020-07-14,Crater,60-69,249,47,15
2020-07-14,Crater,70-79,153,38,18
2020-07-14,Crater,80+,119,21,12
2020-07-14,Crater,Missing,9,0,0
2020-07-14,"Cumberland Plateau",0-9,3,0,0
2020-07-14,"Cumberland Plateau",19-Oct,26,0,0
2020-07-14,"Cumberland Plateau",20-29,12,0,0
2020-07-14,"Cumberland Plateau",30-39,17,0,0
2020-07-14,"Cumberland Plateau",40-49,20,1,0
2020-07-14,"Cumberland Plateau",50-59,12,1,0
2020-07-14,"Cumberland Plateau",60-69,10,1,0
2020-07-14,"Cumberland Plateau",70-79,7,1,0
2020-07-14,"Cumberland Plateau",80+,4,2,0
2020-07-14,"Cumberland Plateau",Missing,0,0,0
2020-07-14,"Eastern Shore",0-9,20,2,0
2020-07-14,"Eastern Shore",19-Oct,60,1,0
2020-07-14,"Eastern Shore",20-29,199,6,0
2020-07-14,"Eastern Shore",30-39,236,8,0
2020-07-14,"Eastern Shore",40-49,247,10,2
2020-07-14,"Eastern Shore",50-59,276,19,5
2020-07-14,"Eastern Shore",60-69,178,29,8
2020-07-14,"Eastern Shore",70-79,47,16,9
2020-07-14,"Eastern Shore",80+,50,22,18
2020-07-14,"Eastern Shore",Missing,6,0,0
2020-07-14,Fairfax,0-9,504,18,0
2020-07-14,Fairfax,19-Oct,920,27,0
2020-07-14,Fairfax,20-29,2326,81,3
2020-07-14,Fairfax,30-39,2827,185,6
2020-07-14,Fairfax,40-49,2739,259,9
2020-07-14,Fairfax,50-59,2279,301,33
2020-07-14,Fairfax,60-69,1467,320,63
2020-07-14,Fairfax,70-79,686,247,110
2020-07-14,Fairfax,80+,796,297,290
2020-07-14,Fairfax,Missing,157,4,0
2020-07-14,Hampton,0-9,20,0,0
2020-07-14,Hampton,19-Oct,33,0,0
2020-07-14,Hampton,20-29,132,3,0
2020-07-14,Hampton,30-39,106,3,0
2020-07-14,Hampton,40-49,89,6,0
2020-07-14,Hampton,50-59,71,9,1
2020-07-14,Hampton,60-69,61,11,2
2020-07-14,Hampton,70-79,30,8,0
2020-07-14,Hampton,80+,14,2,1
2020-07-14,Hampton,Missing,12,0,0
2020-07-14,Henrico,0-9,108,2,0
2020-07-14,Henrico,19-Oct,200,3,0
2020-07-14,Henrico,20-29,425,15,0
2020-07-14,Henrico,30-39,509,18,0
2020-07-14,Henrico,40-49,428,26,2
2020-07-14,Henrico,50-59,373,40,8
2020-07-14,Henrico,60-69,306,51,34
2020-07-14,Henrico,70-79,220,48,42
2020-07-14,Henrico,80+,323,66,86
2020-07-14,Henrico,Missing,33,1,1
2020-07-14,Lenowisco,0-9,3,0,0
2020-07-14,Lenowisco,19-Oct,9,0,0
2020-07-14,Lenowisco,20-29,14,0,0
2020-07-14,Lenowisco,30-39,9,1,1
2020-07-14,Lenowisco,40-49,10,2,0
2020-07-14,Lenowisco,50-59,20,5,0
2020-07-14,Lenowisco,60-69,8,5,2
2020-07-14,Lenowisco,70-79,10,4,1
2020-07-14,Lenowisco,80+,6,1,0
2020-07-14,Lenowisco,Missing,0,0,0
2020-07-14,"Lord Fairfax",0-9,67,2,0
2020-07-14,"Lord Fairfax",19-Oct,156,1,0
2020-07-14,"Lord Fairfax",20-29,373,5,0
2020-07-14,"Lord Fairfax",30-39,365,11,1
2020-07-14,"Lord Fairfax",40-49,347,17,1
2020-07-14,"Lord Fairfax",50-59,366,27,2
2020-07-14,"Lord Fairfax",60-69,238,50,14
2020-07-14,"Lord Fairfax",70-79,140,41,17
2020-07-14,"Lord Fairfax",80+,155,37,40
2020-07-14,"Lord Fairfax",Missing,2,0,0
2020-07-14,Loudoun,0-9,160,3,0
2020-07-14,Loudoun,19-Oct,600,0,0
2020-07-14,Loudoun,20-29,729,7,0
2020-07-14,Loudoun,30-39,769,27,0
2020-07-14,Loudoun,40-49,853,53,1
2020-07-14,Loudoun,50-59,687,59,2
2020-07-14,Loudoun,60-69,258,51,6
2020-07-14,Loudoun,70-79,144,46,18
2020-07-14,Loudoun,80+,193,50,71
2020-07-14,Loudoun,Missing,65,0,1
2020-07-14,"Mount Rogers",0-9,39,1,0
2020-07-14,"Mount Rogers",19-Oct,66,0,0
2020-07-14,"Mount Rogers",20-29,128,0,0
2020-07-14,"Mount Rogers",30-39,121,4,0
2020-07-14,"Mount Rogers",40-49,128,5,1
2020-07-14,"Mount Rogers",50-59,114,7,1
2020-07-14,"Mount Rogers",60-69,100,10,0
2020-07-14,"Mount Rogers",70-79,71,28,13
2020-07-14,"Mount Rogers",80+,80,27,21
2020-07-14,"Mount Rogers",Missing,1,0,0
2020-07-14,"New River",0-9,8,0,0
2020-07-14,"New River",19-Oct,37,0,0
2020-07-14,"New River",20-29,86,0,0
2020-07-14,"New River",30-39,36,1,0
2020-07-14,"New River",40-49,46,1,0
2020-07-14,"New River",50-59,41,4,0
2020-07-14,"New River",60-69,28,5,0
2020-07-14,"New River",70-79,20,8,4
2020-07-14,"New River",80+,13,4,2
2020-07-14,"New River",Missing,0,0,0
2020-07-14,Norfolk,0-9,55,2,0
2020-07-14,Norfolk,19-Oct,83,1,0
2020-07-14,Norfolk,20-29,496,5,0
2020-07-14,Norfolk,30-39,309,16,1
2020-07-14,Norfolk,40-49,202,15,1
2020-07-14,Norfolk,50-59,175,23,3
2020-07-14,Norfolk,60-69,156,32,2
2020-07-14,Norfolk,70-79,68,26,4
2020-07-14,Norfolk,80+,44,11,5
2020-07-14,Norfolk,Missing,18,1,0
2020-07-14,Peninsula,0-9,59,0,0
2020-07-14,Peninsula,19-Oct,87,1,0
2020-07-14,Peninsula,20-29,348,1,0
2020-07-14,Peninsula,30-39,265,7,1
2020-07-14,Peninsula,40-49,216,8,1
2020-07-14,Peninsula,50-59,199,21,3
2020-07-14,Peninsula,60-69,161,29,3
2020-07-14,Peninsula,70-79,106,38,12
2020-07-14,Peninsula,80+,65,26,15
2020-07-14,Peninsula,Missing,12,0,0
2020-07-14,Piedmont,0-9,23,0,0
2020-07-14,Piedmont,19-Oct,38,0,0
2020-07-14,Piedmont,20-29,179,2,0
2020-07-14,Piedmont,30-39,222,5,0
2020-07-14,Piedmont,40-49,203,11,0
2020-07-14,Piedmont,50-59,201,23,1
2020-07-14,Piedmont,60-69,142,21,2
2020-07-14,Piedmont,70-79,74,25,4
2020-07-14,Piedmont,80+,50,22,11
2020-07-14,Piedmont,Missing,1,0,0
2020-07-14,Pittsylvania-Danville,0-9,11,0,0
2020-07-14,Pittsylvania-Danville,19-Oct,17,0,0
2020-07-14,Pittsylvania-Danville,20-29,39,0,0
2020-07-14,Pittsylvania-Danville,30-39,43,1,0
2020-07-14,Pittsylvania-Danville,40-49,66,6,0
2020-07-14,Pittsylvania-Danville,50-59,61,12,0
2020-07-14,Pittsylvania-Danville,60-69,41,10,1
2020-07-14,Pittsylvania-Danville,70-79,25,12,1
2020-07-14,Pittsylvania-Danville,80+,10,5,2
2020-07-14,Pittsylvania-Danville,Missing,0,0,0
2020-07-14,Portsmouth,0-9,27,3,0
2020-07-14,Portsmouth,19-Oct,39,0,0
2020-07-14,Portsmouth,20-29,176,9,0
2020-07-14,Portsmouth,30-39,165,8,1
2020-07-14,Portsmouth,40-49,98,7,0
2020-07-14,Portsmouth,50-59,103,21,2
2020-07-14,Portsmouth,60-69,80,20,6
2020-07-14,Portsmouth,70-79,38,12,5
2020-07-14,Portsmouth,80+,18,8,5
2020-07-14,Portsmouth,Missing,17,0,0
2020-07-14,"Prince William",0-9,368,10,0
2020-07-14,"Prince William",19-Oct,834,8,0
2020-07-14,"Prince William",20-29,1751,54,0
2020-07-14,"Prince William",30-39,1836,94,2
2020-07-14,"Prince William",40-49,2047,154,7
2020-07-14,"Prince William",50-59,1503,196,15
2020-07-14,"Prince William",60-69,801,167,42
2020-07-14,"Prince William",70-79,319,98,44
2020-07-14,"Prince William",80+,239,81,72
2020-07-14,"Prince William",Missing,147,2,0
2020-07-14,Rappahannock,0-9,118,2,0
2020-07-14,Rappahannock,19-Oct,252,3,0
2020-07-14,Rappahannock,20-29,467,13,0
2020-07-14,Rappahannock,30-39,512,24,0
2020-07-14,Rappahannock,40-49,480,44,2
2020-07-14,Rappahannock,50-59,417,51,4
2020-07-14,Rappahannock,60-69,225,47,6
2020-07-14,Rappahannock,70-79,111,32,15
2020-07-14,Rappahannock,80+,98,34,19
2020-07-14,Rappahannock,Missing,19,0,0
2020-07-14,"Rappahannock Rapidan",0-9,80,1,0
2020-07-14,"Rappahannock Rapidan",19-Oct,139,3,0
2020-07-14,"Rappahannock Rapidan",20-29,297,6,0
2020-07-14,"Rappahannock Rapidan",30-39,330,18,1
2020-07-14,"Rappahannock Rapidan",40-49,319,21,2
2020-07-14,"Rappahannock Rapidan",50-59,234,29,2
2020-07-14,"Rappahannock Rapidan",60-69,128,17,4
2020-07-14,"Rappahannock Rapidan",70-79,44,13,8
2020-07-14,"Rappahannock Rapidan",80+,27,15,8
2020-07-14,"Rappahannock Rapidan",Missing,8,0,0
2020-07-14,Richmond,0-9,108,6,0
2020-07-14,Richmond,19-Oct,201,2,0
2020-07-14,Richmond,20-29,536,16,0
2020-07-14,Richmond,30-39,531,25,1
2020-07-14,Richmond,40-49,405,29,3
2020-07-14,Richmond,50-59,310,55,1
2020-07-14,Richmond,60-69,218,49,7
2020-07-14,Richmond,70-79,87,37,14
2020-07-14,Richmond,80+,40,21,10
2020-07-14,Richmond,Missing,21,0,0
2020-07-14,Roanoke,0-9,17,0,0
2020-07-14,Roanoke,19-Oct,65,0,0
2020-07-14,Roanoke,20-29,141,3,0
2020-07-14,Roanoke,30-39,138,1,0
2020-07-14,Roanoke,40-49,90,1,0
2020-07-14,Roanoke,50-59,56,1,0
2020-07-14,Roanoke,60-69,40,3,0
2020-07-14,Roanoke,70-79,17,3,1
2020-07-14,Roanoke,80+,43,3,9
2020-07-14,Roanoke,Missing,4,0,0
2020-07-14,Southside,0-9,7,0,0
2020-07-14,Southside,19-Oct,12,0,0
2020-07-14,Southside,20-29,57,2,0
2020-07-14,Southside,30-39,75,4,0
2020-07-14,Southside,40-49,65,5,0
2020-07-14,Southside,50-59,69,10,0
2020-07-14,Southside,60-69,64,14,5
2020-07-14,Southside,70-79,64,10,13
2020-07-14,Southside,80+,82,12,13
2020-07-14,Southside,Missing,0,0,0
2020-07-14,"Thomas Jefferson",0-9,57,1,0
2020-07-14,"Thomas Jefferson",19-Oct,89,1,0
2020-07-14,"Thomas Jefferson",20-29,217,2,0
2020-07-14,"Thomas Jefferson",30-39,247,8,0
2020-07-14,"Thomas Jefferson",40-49,195,14,0
2020-07-14,"Thomas Jefferson",50-59,154,12,2
2020-07-14,"Thomas Jefferson",60-69,107,19,3
2020-07-14,"Thomas Jefferson",70-79,88,21,5
2020-07-14,"Thomas Jefferson",80+,121,27,19
2020-07-14,"Thomas Jefferson",Missing,2,0,0
2020-07-14,"Three Rivers",0-9,12,1,0
2020-07-14,"Three Rivers",19-Oct,38,0,0
2020-07-14,"Three Rivers",20-29,146,4,0
2020-07-14,"Three Rivers",30-39,178,3,0
2020-07-14,"Three Rivers",40-49,169,12,2
2020-07-14,"Three Rivers",50-59,114,9,1
2020-07-14,"Three Rivers",60-69,82,13,0
2020-07-14,"Three Rivers",70-79,37,8,5
2020-07-14,"Three Rivers",80+,36,7,4
2020-07-14,"Three Rivers",Missing,4,0,0
2020-07-14,"Virginia Beach",0-9,49,0,0
2020-07-14,"Virginia Beach",19-Oct,110,0,0
2020-07-14,"Virginia Beach",20-29,532,9,0
2020-07-14,"Virginia Beach",30-39,371,13,0
2020-07-14,"Virginia Beach",40-49,266,19,1
2020-07-14,"Virginia Beach",50-59,227,18,0
2020-07-14,"Virginia Beach",60-69,173,21,2
2020-07-14,"Virginia Beach",70-79,101,27,7
2020-07-14,"Virginia Beach",80+,107,33,22
2020-07-14,"Virginia Beach",Missing,57,0,0
2020-07-14,"West Piedmont",0-9,20,1,0
2020-07-14,"West Piedmont",19-Oct,80,0,0
2020-07-14,"West Piedmont",20-29,98,1,0
2020-07-14,"West Piedmont",30-39,103,3,0
2020-07-14,"West Piedmont",40-49,105,8,2
2020-07-14,"West Piedmont",50-59,120,15,1
2020-07-14,"West Piedmont",60-69,68,8,0
2020-07-14,"West Piedmont",70-79,33,13,4
2020-07-14,"West Piedmont",80+,19,10,1
2020-07-14,"West Piedmont",Missing,0,0,0
2020-07-14,"Western Tidewater",0-9,17,0,0
2020-07-14,"Western Tidewater",19-Oct,40,0,0
2020-07-14,"Western Tidewater",20-29,144,4,0
2020-07-14,"Western Tidewater",30-39,167,10,0
2020-07-14,"Western Tidewater",40-49,144,6,2
2020-07-14,"Western Tidewater",50-59,177,13,4
2020-07-14,"Western Tidewater",60-69,162,18,7
2020-07-14,"Western Tidewater",70-79,102,22,19
2020-07-14,"Western Tidewater",80+,151,26,33
2020-07-14,"Western Tidewater",Missing,9,0,0
2020-07-15,Alexandria,0-9,140,2,0
2020-07-15,Alexandria,19-Oct,184,4,0
2020-07-15,Alexandria,20-29,404,10,1
2020-07-15,Alexandria,30-39,571,32,0
2020-07-15,Alexandria,40-49,455,40,0
2020-07-15,Alexandria,50-59,315,52,10
2020-07-15,Alexandria,60-69,209,47,2
2020-07-15,Alexandria,70-79,104,38,19
2020-07-15,Alexandria,80+,93,28,25
2020-07-15,Alexandria,Missing,11,0,0
2020-07-15,Alleghany,0-9,14,0,0
2020-07-15,Alleghany,19-Oct,86,0,0
2020-07-15,Alleghany,20-29,122,1,0
2020-07-15,Alleghany,30-39,91,2,0
2020-07-15,Alleghany,40-49,91,1,0
2020-07-15,Alleghany,50-59,91,5,1
2020-07-15,Alleghany,60-69,68,8,1
2020-07-15,Alleghany,70-79,62,7,7
2020-07-15,Alleghany,80+,43,8,6
2020-07-15,Alleghany,Missing,2,0,0
2020-07-15,Arlington,0-9,54,2,0
2020-07-15,Arlington,19-Oct,117,5,0
2020-07-15,Arlington,20-29,502,22,0
2020-07-15,Arlington,30-39,479,42,0
2020-07-15,Arlington,40-49,447,49,7
2020-07-15,Arlington,50-59,398,66,6
2020-07-15,Arlington,60-69,288,80,19
2020-07-15,Arlington,70-79,177,72,33
2020-07-15,Arlington,80+,204,83,69
2020-07-15,Arlington,Missing,11,1,0
2020-07-15,"Central Shenandoah",0-9,62,0,0
2020-07-15,"Central Shenandoah",19-Oct,132,1,0
2020-07-15,"Central Shenandoah",20-29,454,8,0
2020-07-15,"Central Shenandoah",30-39,353,7,0
2020-07-15,"Central Shenandoah",40-49,385,15,0
2020-07-15,"Central Shenandoah",50-59,405,33,4
2020-07-15,"Central Shenandoah",60-69,287,47,13
2020-07-15,"Central Shenandoah",70-79,141,42,12
2020-07-15,"Central Shenandoah",80+,123,31,17
2020-07-15,"Central Shenandoah",Missing,1,0,0
2020-07-15,"Central Virginia",0-9,7,0,0
2020-07-15,"Central Virginia",19-Oct,69,1,0
2020-07-15,"Central Virginia",20-29,122,2,0
2020-07-15,"Central Virginia",30-39,77,1,0
2020-07-15,"Central Virginia",40-49,76,0,0
2020-07-15,"Central Virginia",50-59,82,2,2
2020-07-15,"Central Virginia",60-69,54,4,2
2020-07-15,"Central Virginia",70-79,27,4,2
2020-07-15,"Central Virginia",80+,20,2,0
2020-07-15,"Central Virginia",Missing,1,0,0
2020-07-15,Chesapeake,0-9,42,1,0
2020-07-15,Chesapeake,19-Oct,84,1,0
2020-07-15,Chesapeake,20-29,288,4,0
2020-07-15,Chesapeake,30-39,285,12,0
2020-07-15,Chesapeake,40-49,211,27,1
2020-07-15,Chesapeake,50-59,206,27,1
2020-07-15,Chesapeake,60-69,140,32,5
2020-07-15,Chesapeake,70-79,85,30,3
2020-07-15,Chesapeake,80+,75,25,13
2020-07-15,Chesapeake,Missing,25,1,0
2020-07-15,Chesterfield,0-9,132,0,0
2020-07-15,Chesterfield,19-Oct,334,0,0
2020-07-15,Chesterfield,20-29,619,7,0
2020-07-15,Chesterfield,30-39,696,11,0
2020-07-15,Chesterfield,40-49,629,20,3
2020-07-15,Chesterfield,50-59,483,38,4
2020-07-15,Chesterfield,60-69,314,43,12
2020-07-15,Chesterfield,70-79,140,28,21
2020-07-15,Chesterfield,80+,150,30,46
2020-07-15,Chesterfield,Missing,90,0,0
2020-07-15,Chickahominy,0-9,16,0,0
2020-07-15,Chickahominy,19-Oct,51,0,0
2020-07-15,Chickahominy,20-29,111,1,0
2020-07-15,Chickahominy,30-39,102,2,0
2020-07-15,Chickahominy,40-49,100,12,1
2020-07-15,Chickahominy,50-59,123,23,1
2020-07-15,Chickahominy,60-69,81,21,6
2020-07-15,Chickahominy,70-79,62,21,6
2020-07-15,Chickahominy,80+,83,34,26
2020-07-15,Chickahominy,Missing,15,0,0
2020-07-15,Crater,0-9,30,1,0
2020-07-15,Crater,19-Oct,67,0,0
2020-07-15,Crater,20-29,278,8,0
2020-07-15,Crater,30-39,301,7,0
2020-07-15,Crater,40-49,247,15,1
2020-07-15,Crater,50-59,306,34,3
2020-07-15,Crater,60-69,254,47,16
2020-07-15,Crater,70-79,155,40,18
2020-07-15,Crater,80+,120,23,12
2020-07-15,Crater,Missing,10,0,0
2020-07-15,"Cumberland Plateau",0-9,3,0,0
2020-07-15,"Cumberland Plateau",19-Oct,26,0,0
2020-07-15,"Cumberland Plateau",20-29,12,0,0
2020-07-15,"Cumberland Plateau",30-39,19,0,0
2020-07-15,"Cumberland Plateau",40-49,20,1,0
2020-07-15,"Cumberland Plateau",50-59,13,1,0
2020-07-15,"Cumberland Plateau",60-69,11,1,0
2020-07-15,"Cumberland Plateau",70-79,7,1,0
2020-07-15,"Cumberland Plateau",80+,4,2,0
2020-07-15,"Cumberland Plateau",Missing,0,0,0
2020-07-15,"Eastern Shore",0-9,20,2,0
2020-07-15,"Eastern Shore",19-Oct,60,1,0
2020-07-15,"Eastern Shore",20-29,199,6,0
2020-07-15,"Eastern Shore",30-39,236,8,0
2020-07-15,"Eastern Shore",40-49,248,10,2
2020-07-15,"Eastern Shore",50-59,276,19,5
2020-07-15,"Eastern Shore",60-69,178,29,8
2020-07-15,"Eastern Shore",70-79,47,16,9
2020-07-15,"Eastern Shore",80+,50,22,18
2020-07-15,"Eastern Shore",Missing,6,0,0
2020-07-15,Fairfax,0-9,509,18,0
2020-07-15,Fairfax,19-Oct,931,29,0
2020-07-15,Fairfax,20-29,2342,85,3
2020-07-15,Fairfax,30-39,2846,195,6
2020-07-15,Fairfax,40-49,2744,262,10
2020-07-15,Fairfax,50-59,2284,304,33
2020-07-15,Fairfax,60-69,1476,327,63
2020-07-15,Fairfax,70-79,689,247,111
2020-07-15,Fairfax,80+,803,297,290
2020-07-15,Fairfax,Missing,157,5,0
2020-07-15,Hampton,0-9,21,0,0
2020-07-15,Hampton,19-Oct,36,0,0
2020-07-15,Hampton,20-29,139,3,0
2020-07-15,Hampton,30-39,114,3,0
2020-07-15,Hampton,40-49,90,6,0
2020-07-15,Hampton,50-59,73,9,1
2020-07-15,Hampton,60-69,61,11,2
2020-07-15,Hampton,70-79,31,8,0
2020-07-15,Hampton,80+,14,2,1
2020-07-15,Hampton,Missing,13,0,0
2020-07-15,Henrico,0-9,108,2,0
2020-07-15,Henrico,19-Oct,205,3,0
2020-07-15,Henrico,20-29,430,15,0
2020-07-15,Henrico,30-39,512,18,0
2020-07-15,Henrico,40-49,430,26,2
2020-07-15,Henrico,50-59,374,41,8
2020-07-15,Henrico,60-69,306,51,34
2020-07-15,Henrico,70-79,224,49,43
2020-07-15,Henrico,80+,324,67,87
2020-07-15,Henrico,Missing,34,1,1
2020-07-15,Lenowisco,0-9,3,0,0
2020-07-15,Lenowisco,19-Oct,9,0,0
2020-07-15,Lenowisco,20-29,14,0,0
2020-07-15,Lenowisco,30-39,9,1,1
2020-07-15,Lenowisco,40-49,10,2,0
2020-07-15,Lenowisco,50-59,23,5,0
2020-07-15,Lenowisco,60-69,8,5,2
2020-07-15,Lenowisco,70-79,13,5,1
2020-07-15,Lenowisco,80+,6,1,0
2020-07-15,Lenowisco,Missing,0,0,0
2020-07-15,"Lord Fairfax",0-9,68,2,0
2020-07-15,"Lord Fairfax",19-Oct,159,1,0
2020-07-15,"Lord Fairfax",20-29,379,5,0
2020-07-15,"Lord Fairfax",30-39,367,11,1
2020-07-15,"Lord Fairfax",40-49,351,17,1
2020-07-15,"Lord Fairfax",50-59,370,29,3
2020-07-15,"Lord Fairfax",60-69,239,50,14
2020-07-15,"Lord Fairfax",70-79,143,41,17
2020-07-15,"Lord Fairfax",80+,155,38,41
2020-07-15,"Lord Fairfax",Missing,2,0,0
2020-07-15,Loudoun,0-9,161,4,0
2020-07-15,Loudoun,19-Oct,621,0,0
2020-07-15,Loudoun,20-29,735,9,0
2020-07-15,Loudoun,30-39,774,28,0
2020-07-15,Loudoun,40-49,861,53,1
2020-07-15,Loudoun,50-59,689,59,3
2020-07-15,Loudoun,60-69,259,51,6
2020-07-15,Loudoun,70-79,149,46,18
2020-07-15,Loudoun,80+,205,51,72
2020-07-15,Loudoun,Missing,65,0,1
2020-07-15,"Mount Rogers",0-9,39,1,0
2020-07-15,"Mount Rogers",19-Oct,66,0,0
2020-07-15,"Mount Rogers",20-29,132,0,0
2020-07-15,"Mount Rogers",30-39,121,4,0
2020-07-15,"Mount Rogers",40-49,129,5,1
2020-07-15,"Mount Rogers",50-59,118,8,1
2020-07-15,"Mount Rogers",60-69,104,10,0
2020-07-15,"Mount Rogers",70-79,74,28,13
2020-07-15,"Mount Rogers",80+,81,27,21
2020-07-15,"Mount Rogers",Missing,1,0,0
2020-07-15,"New River",0-9,8,0,0
2020-07-15,"New River",19-Oct,37,0,0
2020-07-15,"New River",20-29,87,0,0
2020-07-15,"New River",30-39,37,1,0
2020-07-15,"New River",40-49,46,1,0
2020-07-15,"New River",50-59,41,4,0
2020-07-15,"New River",60-69,28,5,0
2020-07-15,"New River",70-79,20,8,4
2020-07-15,"New River",80+,13,4,2
2020-07-15,"New River",Missing,0,0,0
2020-07-15,Norfolk,0-9,57,2,0
2020-07-15,Norfolk,19-Oct,94,1,0
2020-07-15,Norfolk,20-29,547,5,0
2020-07-15,Norfolk,30-39,342,16,1
2020-07-15,Norfolk,40-49,213,15,1
2020-07-15,Norfolk,50-59,188,23,3
2020-07-15,Norfolk,60-69,166,32,2
2020-07-15,Norfolk,70-79,71,27,6
2020-07-15,Norfolk,80+,45,11,5
2020-07-15,Norfolk,Missing,19,1,0
2020-07-15,Peninsula,0-9,62,0,0
2020-07-15,Peninsula,19-Oct,93,1,0
2020-07-15,Peninsula,20-29,364,1,0
2020-07-15,Peninsula,30-39,285,7,1
2020-07-15,Peninsula,40-49,227,10,1
2020-07-15,Peninsula,50-59,202,21,3
2020-07-15,Peninsula,60-69,162,30,3
2020-07-15,Peninsula,70-79,106,38,12
2020-07-15,Peninsula,80+,65,26,15
2020-07-15,Peninsula,Missing,12,0,0
2020-07-15,Piedmont,0-9,23,0,0
2020-07-15,Piedmont,19-Oct,38,0,0
2020-07-15,Piedmont,20-29,179,2,0
2020-07-15,Piedmont,30-39,222,5,0
2020-07-15,Piedmont,40-49,204,11,0
2020-07-15,Piedmont,50-59,203,24,1
2020-07-15,Piedmont,60-69,148,21,2
2020-07-15,Piedmont,70-79,77,25,4
2020-07-15,Piedmont,80+,51,22,11
2020-07-15,Piedmont,Missing,1,0,0
2020-07-15,Pittsylvania-Danville,0-9,11,0,0
2020-07-15,Pittsylvania-Danville,19-Oct,20,0,0
2020-07-15,Pittsylvania-Danville,20-29,41,0,0
2020-07-15,Pittsylvania-Danville,30-39,46,1,0
2020-07-15,Pittsylvania-Danville,40-49,69,6,0
2020-07-15,Pittsylvania-Danville,50-59,63,12,0
2020-07-15,Pittsylvania-Danville,60-69,45,10,1
2020-07-15,Pittsylvania-Danville,70-79,26,12,1
2020-07-15,Pittsylvania-Danville,80+,14,5,2
2020-07-15,Pittsylvania-Danville,Missing,0,0,0
2020-07-15,Portsmouth,0-9,29,3,0
2020-07-15,Portsmouth,19-Oct,41,0,0
2020-07-15,Portsmouth,20-29,188,10,0
2020-07-15,Portsmouth,30-39,167,8,1
2020-07-15,Portsmouth,40-49,103,7,0
2020-07-15,Portsmouth,50-59,107,21,2
2020-07-15,Portsmouth,60-69,84,20,6
2020-07-15,Portsmouth,70-79,39,12,5
2020-07-15,Portsmouth,80+,19,8,5
2020-07-15,Portsmouth,Missing,17,0,0
2020-07-15,"Prince William",0-9,370,10,0
2020-07-15,"Prince William",19-Oct,842,8,0
2020-07-15,"Prince William",20-29,1760,55,0
2020-07-15,"Prince William",30-39,1850,94,2
2020-07-15,"Prince William",40-49,2061,155,7
2020-07-15,"Prince William",50-59,1511,197,15
2020-07-15,"Prince William",60-69,804,167,42
2020-07-15,"Prince William",70-79,322,99,45
2020-07-15,"Prince William",80+,240,82,74
2020-07-15,"Prince William",Missing,147,2,0
2020-07-15,Rappahannock,0-9,118,2,0
2020-07-15,Rappahannock,19-Oct,255,3,0
2020-07-15,Rappahannock,20-29,472,13,0
2020-07-15,Rappahannock,30-39,516,25,0
2020-07-15,Rappahannock,40-49,482,45,2
2020-07-15,Rappahannock,50-59,417,51,4
2020-07-15,Rappahannock,60-69,226,47,6
2020-07-15,Rappahannock,70-79,113,32,15
2020-07-15,Rappahannock,80+,98,34,19
2020-07-15,Rappahannock,Missing,22,0,0
2020-07-15,"Rappahannock Rapidan",0-9,80,1,0
2020-07-15,"Rappahannock Rapidan",19-Oct,141,3,0
2020-07-15,"Rappahannock Rapidan",20-29,300,6,0
2020-07-15,"Rappahannock Rapidan",30-39,330,18,1
2020-07-15,"Rappahannock Rapidan",40-49,319,21,2
2020-07-15,"Rappahannock Rapidan",50-59,239,29,2
2020-07-15,"Rappahannock Rapidan",60-69,129,17,4
2020-07-15,"Rappahannock Rapidan",70-79,44,13,8
2020-07-15,"Rappahannock Rapidan",80+,28,15,8
2020-07-15,"Rappahannock Rapidan",Missing,8,0,0
2020-07-15,Richmond,0-9,108,6,0
2020-07-15,Richmond,19-Oct,202,2,0
2020-07-15,Richmond,20-29,543,16,0
2020-07-15,Richmond,30-39,534,27,1
2020-07-15,Richmond,40-49,408,31,3
2020-07-15,Richmond,50-59,311,55,2
2020-07-15,Richmond,60-69,219,51,7
2020-07-15,Richmond,70-79,88,37,14
2020-07-15,Richmond,80+,39,20,9
2020-07-15,Richmond,Missing,21,0,0
2020-07-15,Roanoke,0-9,17,0,0
2020-07-15,Roanoke,19-Oct,65,0,0
2020-07-15,Roanoke,20-29,141,3,0
2020-07-15,Roanoke,30-39,138,1,0
2020-07-15,Roanoke,40-49,90,1,0
2020-07-15,Roanoke,50-59,57,1,0
2020-07-15,Roanoke,60-69,40,3,0
2020-07-15,Roanoke,70-79,17,3,1
2020-07-15,Roanoke,80+,43,3,9
2020-07-15,Roanoke,Missing,4,0,0
2020-07-15,Southside,0-9,7,0,0
2020-07-15,Southside,19-Oct,13,0,0
2020-07-15,Southside,20-29,57,2,0
2020-07-15,Southside,30-39,76,4,0
2020-07-15,Southside,40-49,66,6,0
2020-07-15,Southside,50-59,69,10,0
2020-07-15,Southside,60-69,64,14,5
2020-07-15,Southside,70-79,64,10,13
2020-07-15,Southside,80+,83,12,13
2020-07-15,Southside,Missing,0,0,0
2020-07-15,"Thomas Jefferson",0-9,58,1,0
2020-07-15,"Thomas Jefferson",19-Oct,90,1,0
2020-07-15,"Thomas Jefferson",20-29,220,2,0
2020-07-15,"Thomas Jefferson",30-39,252,8,0
2020-07-15,"Thomas Jefferson",40-49,197,14,0
2020-07-15,"Thomas Jefferson",50-59,157,12,2
2020-07-15,"Thomas Jefferson",60-69,110,22,3
2020-07-15,"Thomas Jefferson",70-79,89,21,5
2020-07-15,"Thomas Jefferson",80+,123,28,19
2020-07-15,"Thomas Jefferson",Missing,2,0,0
2020-07-15,"Three Rivers",0-9,12,1,0
2020-07-15,"Three Rivers",19-Oct,39,0,0
2020-07-15,"Three Rivers",20-29,147,4,0
2020-07-15,"Three Rivers",30-39,179,3,0
2020-07-15,"Three Rivers",40-49,169,12,2
2020-07-15,"Three Rivers",50-59,115,9,0
2020-07-15,"Three Rivers",60-69,83,13,0
2020-07-15,"Three Rivers",70-79,38,8,5
2020-07-15,"Three Rivers",80+,38,8,4
2020-07-15,"Three Rivers",Missing,4,0,0
2020-07-15,"Virginia Beach",0-9,60,0,0
2020-07-15,"Virginia Beach",19-Oct,118,0,0
2020-07-15,"Virginia Beach",20-29,581,9,0
2020-07-15,"Virginia Beach",30-39,392,13,0
2020-07-15,"Virginia Beach",40-49,286,19,1
2020-07-15,"Virginia Beach",50-59,240,18,1
2020-07-15,"Virginia Beach",60-69,186,21,2
2020-07-15,"Virginia Beach",70-79,105,28,8
2020-07-15,"Virginia Beach",80+,110,34,22
2020-07-15,"Virginia Beach",Missing,59,0,0
2020-07-15,"West Piedmont",0-9,21,1,0
2020-07-15,"West Piedmont",19-Oct,82,0,0
2020-07-15,"West Piedmont",20-29,102,1,0
2020-07-15,"West Piedmont",30-39,107,3,0
2020-07-15,"West Piedmont",40-49,108,8,2
2020-07-15,"West Piedmont",50-59,125,16,1
2020-07-15,"West Piedmont",60-69,71,11,0
2020-07-15,"West Piedmont",70-79,34,13,4
2020-07-15,"West Piedmont",80+,21,11,1
2020-07-15,"West Piedmont",Missing,0,0,0
2020-07-15,"Western Tidewater",0-9,18,0,0
2020-07-15,"Western Tidewater",19-Oct,42,0,0
2020-07-15,"Western Tidewater",20-29,148,4,0
2020-07-15,"Western Tidewater",30-39,170,10,0
2020-07-15,"Western Tidewater",40-49,149,6,2
2020-07-15,"Western Tidewater",50-59,182,13,4
2020-07-15,"Western Tidewater",60-69,164,19,7
2020-07-15,"Western Tidewater",70-79,104,23,19
2020-07-15,"Western Tidewater",80+,153,27,33
2020-07-15,"Western Tidewater",Missing,9,0,0
2020-07-16,Alexandria,0-9,142,2,0
2020-07-16,Alexandria,19-Oct,186,4,0
2020-07-16,Alexandria,20-29,409,10,1
2020-07-16,Alexandria,30-39,575,32,0
2020-07-16,Alexandria,40-49,457,40,0
2020-07-16,Alexandria,50-59,320,52,10
2020-07-16,Alexandria,60-69,211,47,2
2020-07-16,Alexandria,70-79,103,38,18
2020-07-16,Alexandria,80+,93,28,25
2020-07-16,Alexandria,Missing,11,0,0
2020-07-16,Alleghany,0-9,14,0,0
2020-07-16,Alleghany,19-Oct,86,0,0
2020-07-16,Alleghany,20-29,124,1,0
2020-07-16,Alleghany,30-39,95,2,0
2020-07-16,Alleghany,40-49,94,2,0
2020-07-16,Alleghany,50-59,96,6,1
2020-07-16,Alleghany,60-69,70,8,1
2020-07-16,Alleghany,70-79,65,8,7
2020-07-16,Alleghany,80+,43,10,6
2020-07-16,Alleghany,Missing,2,0,0
2020-07-16,Arlington,0-9,54,2,0
2020-07-16,Arlington,19-Oct,120,5,0
2020-07-16,Arlington,20-29,505,22,0
2020-07-16,Arlington,30-39,482,42,0
2020-07-16,Arlington,40-49,450,50,7
2020-07-16,Arlington,50-59,397,66,6
2020-07-16,Arlington,60-69,291,82,19
2020-07-16,Arlington,70-79,177,73,33
2020-07-16,Arlington,80+,204,83,69
2020-07-16,Arlington,Missing,11,1,0
2020-07-16,"Central Shenandoah",0-9,62,0,0
2020-07-16,"Central Shenandoah",19-Oct,134,1,0
2020-07-16,"Central Shenandoah",20-29,455,9,0
2020-07-16,"Central Shenandoah",30-39,355,7,0
2020-07-16,"Central Shenandoah",40-49,387,15,0
2020-07-16,"Central Shenandoah",50-59,407,34,4
2020-07-16,"Central Shenandoah",60-69,290,48,13
2020-07-16,"Central Shenandoah",70-79,143,43,12
2020-07-16,"Central Shenandoah",80+,124,32,17
2020-07-16,"Central Shenandoah",Missing,1,0,0
2020-07-16,"Central Virginia",0-9,9,0,0
2020-07-16,"Central Virginia",19-Oct,70,1,0
2020-07-16,"Central Virginia",20-29,122,2,0
2020-07-16,"Central Virginia",30-39,78,1,0
2020-07-16,"Central Virginia",40-49,77,1,0
2020-07-16,"Central Virginia",50-59,84,2,2
2020-07-16,"Central Virginia",60-69,53,4,2
2020-07-16,"Central Virginia",70-79,27,4,2
2020-07-16,"Central Virginia",80+,21,2,0
2020-07-16,"Central Virginia",Missing,1,0,0
2020-07-16,Chesapeake,0-9,45,1,0
2020-07-16,Chesapeake,19-Oct,90,1,0
2020-07-16,Chesapeake,20-29,307,4,0
2020-07-16,Chesapeake,30-39,300,13,0
2020-07-16,Chesapeake,40-49,217,27,1
2020-07-16,Chesapeake,50-59,214,27,1
2020-07-16,Chesapeake,60-69,141,32,5
2020-07-16,Chesapeake,70-79,90,30,3
2020-07-16,Chesapeake,80+,78,25,14
2020-07-16,Chesapeake,Missing,27,1,0
2020-07-16,Chesterfield,0-9,131,0,0
2020-07-16,Chesterfield,19-Oct,340,0,0
2020-07-16,Chesterfield,20-29,623,8,0
2020-07-16,Chesterfield,30-39,699,12,0
2020-07-16,Chesterfield,40-49,633,22,3
2020-07-16,Chesterfield,50-59,489,41,4
2020-07-16,Chesterfield,60-69,316,48,12
2020-07-16,Chesterfield,70-79,144,30,21
2020-07-16,Chesterfield,80+,156,33,47
2020-07-16,Chesterfield,Missing,91,0,0
2020-07-16,Chickahominy,0-9,16,0,0
2020-07-16,Chickahominy,19-Oct,53,0,0
2020-07-16,Chickahominy,20-29,114,1,0
2020-07-16,Chickahominy,30-39,103,2,0
2020-07-16,Chickahominy,40-49,102,12,1
2020-07-16,Chickahominy,50-59,124,23,1
2020-07-16,Chickahominy,60-69,83,21,6
2020-07-16,Chickahominy,70-79,64,21,6
2020-07-16,Chickahominy,80+,83,34,26
2020-07-16,Chickahominy,Missing,15,0,0
2020-07-16,Crater,0-9,30,1,0
2020-07-16,Crater,19-Oct,72,0,0
2020-07-16,Crater,20-29,281,8,0
2020-07-16,Crater,30-39,305,8,0
2020-07-16,Crater,40-49,250,17,1
2020-07-16,Crater,50-59,310,35,3
2020-07-16,Crater,60-69,256,49,16
2020-07-16,Crater,70-79,155,40,18
2020-07-16,Crater,80+,121,23,12
2020-07-16,Crater,Missing,10,0,0
2020-07-16,"Cumberland Plateau",0-9,3,0,0
2020-07-16,"Cumberland Plateau",19-Oct,26,0,0
2020-07-16,"Cumberland Plateau",20-29,12,0,0
2020-07-16,"Cumberland Plateau",30-39,19,0,0
2020-07-16,"Cumberland Plateau",40-49,22,1,0
2020-07-16,"Cumberland Plateau",50-59,14,1,0
2020-07-16,"Cumberland Plateau",60-69,14,1,0
2020-07-16,"Cumberland Plateau",70-79,7,1,0
2020-07-16,"Cumberland Plateau",80+,4,2,0
2020-07-16,"Cumberland Plateau",Missing,0,0,0
2020-07-16,"Eastern Shore",0-9,20,2,0
2020-07-16,"Eastern Shore",19-Oct,60,1,0
2020-07-16,"Eastern Shore",20-29,199,6,0
2020-07-16,"Eastern Shore",30-39,237,8,0
2020-07-16,"Eastern Shore",40-49,248,11,2
2020-07-16,"Eastern Shore",50-59,276,19,5
2020-07-16,"Eastern Shore",60-69,178,29,8
2020-07-16,"Eastern Shore",70-79,47,16,9
2020-07-16,"Eastern Shore",80+,50,22,18
2020-07-16,"Eastern Shore",Missing,6,0,0
2020-07-16,Fairfax,0-9,511,18,0
2020-07-16,Fairfax,19-Oct,933,29,0
2020-07-16,Fairfax,20-29,2356,86,3
2020-07-16,Fairfax,30-39,2849,196,6
2020-07-16,Fairfax,40-49,2742,266,10
2020-07-16,Fairfax,50-59,2293,307,33
2020-07-16,Fairfax,60-69,1470,329,63
2020-07-16,Fairfax,70-79,694,248,114
2020-07-16,Fairfax,80+,811,299,294
2020-07-16,Fairfax,Missing,156,5,0
2020-07-16,Hampton,0-9,21,0,0
2020-07-16,Hampton,19-Oct,37,0,0
2020-07-16,Hampton,20-29,144,3,0
2020-07-16,Hampton,30-39,119,3,0
2020-07-16,Hampton,40-49,90,6,0
2020-07-16,Hampton,50-59,75,9,1
2020-07-16,Hampton,60-69,62,11,2
2020-07-16,Hampton,70-79,31,8,0
2020-07-16,Hampton,80+,14,2,1
2020-07-16,Hampton,Missing,14,0,0
2020-07-16,Henrico,0-9,108,2,0
2020-07-16,Henrico,19-Oct,210,3,0
2020-07-16,Henrico,20-29,435,15,0
2020-07-16,Henrico,30-39,511,18,0
2020-07-16,Henrico,40-49,432,27,2
2020-07-16,Henrico,50-59,375,43,8
2020-07-16,Henrico,60-69,307,51,34
2020-07-16,Henrico,70-79,227,51,43
2020-07-16,Henrico,80+,325,67,87
2020-07-16,Henrico,Missing,34,1,1
2020-07-16,Lenowisco,0-9,3,0,0
2020-07-16,Lenowisco,19-Oct,9,0,0
2020-07-16,Lenowisco,20-29,16,0,0
2020-07-16,Lenowisco,30-39,9,1,1
2020-07-16,Lenowisco,40-49,11,2,0
2020-07-16,Lenowisco,50-59,23,5,1
2020-07-16,Lenowisco,60-69,9,5,2
2020-07-16,Lenowisco,70-79,13,5,1
2020-07-16,Lenowisco,80+,6,1,0
2020-07-16,Lenowisco,Missing,0,0,0
2020-07-16,"Lord Fairfax",0-9,68,2,0
2020-07-16,"Lord Fairfax",19-Oct,160,1,0
2020-07-16,"Lord Fairfax",20-29,381,5,0
2020-07-16,"Lord Fairfax",30-39,371,11,1
2020-07-16,"Lord Fairfax",40-49,351,17,1
2020-07-16,"Lord Fairfax",50-59,368,31,3
2020-07-16,"Lord Fairfax",60-69,243,52,14
2020-07-16,"Lord Fairfax",70-79,145,42,17
2020-07-16,"Lord Fairfax",80+,163,38,43
2020-07-16,"Lord Fairfax",Missing,2,0,0
2020-07-16,Loudoun,0-9,165,4,0
2020-07-16,Loudoun,19-Oct,625,0,0
2020-07-16,Loudoun,20-29,743,9,0
2020-07-16,Loudoun,30-39,781,28,0
2020-07-16,Loudoun,40-49,867,57,1
2020-07-16,Loudoun,50-59,694,59,3
2020-07-16,Loudoun,60-69,260,51,6
2020-07-16,Loudoun,70-79,149,48,18
2020-07-16,Loudoun,80+,208,52,72
2020-07-16,Loudoun,Missing,65,0,1
2020-07-16,"Mount Rogers",0-9,40,1,0
2020-07-16,"Mount Rogers",19-Oct,68,0,0
2020-07-16,"Mount Rogers",20-29,137,0,0
2020-07-16,"Mount Rogers",30-39,127,4,0
2020-07-16,"Mount Rogers",40-49,131,5,1
2020-07-16,"Mount Rogers",50-59,121,8,1
2020-07-16,"Mount Rogers",60-69,106,11,0
2020-07-16,"Mount Rogers",70-79,76,29,13
2020-07-16,"Mount Rogers",80+,81,27,21
2020-07-16,"Mount Rogers",Missing,1,0,0
2020-07-16,"New River",0-9,8,0,0
2020-07-16,"New River",19-Oct,37,0,0
2020-07-16,"New River",20-29,90,0,0
2020-07-16,"New River",30-39,37,1,0
2020-07-16,"New River",40-49,46,2,0
2020-07-16,"New River",50-59,42,4,0
2020-07-16,"New River",60-69,29,5,0
2020-07-16,"New River",70-79,20,8,4
2020-07-16,"New River",80+,13,4,2
2020-07-16,"New River",Missing,0,0,0
2020-07-16,Norfolk,0-9,59,2,0
2020-07-16,Norfolk,19-Oct,101,1,0
2020-07-16,Norfolk,20-29,599,5,0
2020-07-16,Norfolk,30-39,373,16,1
2020-07-16,Norfolk,40-49,236,15,1
2020-07-16,Norfolk,50-59,203,24,3
2020-07-16,Norfolk,60-69,174,32,3
2020-07-16,Norfolk,70-79,73,27,6
2020-07-16,Norfolk,80+,50,11,5
2020-07-16,Norfolk,Missing,20,1,0
2020-07-16,Peninsula,0-9,65,0,0
2020-07-16,Peninsula,19-Oct,98,1,0
2020-07-16,Peninsula,20-29,383,1,0
2020-07-16,Peninsula,30-39,288,7,1
2020-07-16,Peninsula,40-49,234,10,1
2020-07-16,Peninsula,50-59,208,22,3
2020-07-16,Peninsula,60-69,163,30,3
2020-07-16,Peninsula,70-79,106,39,12
2020-07-16,Peninsula,80+,65,26,15
2020-07-16,Peninsula,Missing,12,0,0
2020-07-16,Piedmont,0-9,24,0,0
2020-07-16,Piedmont,19-Oct,39,0,0
2020-07-16,Piedmont,20-29,179,2,0
2020-07-16,Piedmont,30-39,222,5,0
2020-07-16,Piedmont,40-49,204,11,0
2020-07-16,Piedmont,50-59,204,25,1
2020-07-16,Piedmont,60-69,149,21,2
2020-07-16,Piedmont,70-79,77,26,4
2020-07-16,Piedmont,80+,51,22,11
2020-07-16,Piedmont,Missing,1,0,0
2020-07-16,Pittsylvania-Danville,0-9,11,0,0
2020-07-16,Pittsylvania-Danville,19-Oct,20,0,0
2020-07-16,Pittsylvania-Danville,20-29,45,0,0
2020-07-16,Pittsylvania-Danville,30-39,46,1,0
2020-07-16,Pittsylvania-Danville,40-49,70,6,0
2020-07-16,Pittsylvania-Danville,50-59,64,13,0
2020-07-16,Pittsylvania-Danville,60-69,45,10,1
2020-07-16,Pittsylvania-Danville,70-79,26,12,1
2020-07-16,Pittsylvania-Danville,80+,14,6,2
2020-07-16,Pittsylvania-Danville,Missing,0,0,0
2020-07-16,Portsmouth,0-9,32,3,0
2020-07-16,Portsmouth,19-Oct,42,0,0
2020-07-16,Portsmouth,20-29,192,11,0
2020-07-16,Portsmouth,30-39,174,8,1
2020-07-16,Portsmouth,40-49,108,8,0
2020-07-16,Portsmouth,50-59,114,22,2
2020-07-16,Portsmouth,60-69,87,22,6
2020-07-16,Portsmouth,70-79,39,13,5
2020-07-16,Portsmouth,80+,19,8,5
2020-07-16,Portsmouth,Missing,20,0,0
2020-07-16,"Prince William",0-9,371,10,0
2020-07-16,"Prince William",19-Oct,847,8,0
2020-07-16,"Prince William",20-29,1764,55,0
2020-07-16,"Prince William",30-39,1854,94,2
2020-07-16,"Prince William",40-49,2067,159,7
2020-07-16,"Prince William",50-59,1520,198,15
2020-07-16,"Prince William",60-69,804,169,42
2020-07-16,"Prince William",70-79,324,100,45
2020-07-16,"Prince William",80+,242,82,74
2020-07-16,"Prince William",Missing,148,2,0
2020-07-16,Rappahannock,0-9,120,2,0
2020-07-16,Rappahannock,19-Oct,261,3,0
2020-07-16,Rappahannock,20-29,480,13,0
2020-07-16,Rappahannock,30-39,520,25,0
2020-07-16,Rappahannock,40-49,487,45,2
2020-07-16,Rappahannock,50-59,418,51,4
2020-07-16,Rappahannock,60-69,227,47,6
2020-07-16,Rappahannock,70-79,115,33,15
2020-07-16,Rappahannock,80+,98,34,19
2020-07-16,Rappahannock,Missing,23,0,0
2020-07-16,"Rappahannock Rapidan",0-9,80,1,0
2020-07-16,"Rappahannock Rapidan",19-Oct,141,3,0
2020-07-16,"Rappahannock Rapidan",20-29,301,6,0
2020-07-16,"Rappahannock Rapidan",30-39,335,18,1
2020-07-16,"Rappahannock Rapidan",40-49,320,21,2
2020-07-16,"Rappahannock Rapidan",50-59,239,29,2
2020-07-16,"Rappahannock Rapidan",60-69,129,17,4
2020-07-16,"Rappahannock Rapidan",70-79,44,13,8
2020-07-16,"Rappahannock Rapidan",80+,28,16,8
2020-07-16,"Rappahannock Rapidan",Missing,9,0,0
2020-07-16,Richmond,0-9,109,6,0
2020-07-16,Richmond,19-Oct,203,2,0
2020-07-16,Richmond,20-29,552,16,0
2020-07-16,Richmond,30-39,539,29,1
2020-07-16,Richmond,40-49,410,31,3
2020-07-16,Richmond,50-59,314,55,2
2020-07-16,Richmond,60-69,220,53,7
2020-07-16,Richmond,70-79,91,37,14
2020-07-16,Richmond,80+,39,20,9
2020-07-16,Richmond,Missing,21,0,0
2020-07-16,Roanoke,0-9,17,0,0
2020-07-16,Roanoke,19-Oct,65,0,0
2020-07-16,Roanoke,20-29,142,3,0
2020-07-16,Roanoke,30-39,140,1,0
2020-07-16,Roanoke,40-49,91,1,0
2020-07-16,Roanoke,50-59,57,1,0
2020-07-16,Roanoke,60-69,41,3,0
2020-07-16,Roanoke,70-79,17,3,1
2020-07-16,Roanoke,80+,43,3,9
2020-07-16,Roanoke,Missing,4,0,0
2020-07-16,Southside,0-9,7,0,0
2020-07-16,Southside,19-Oct,15,0,0
2020-07-16,Southside,20-29,58,2,0
2020-07-16,Southside,30-39,77,4,0
2020-07-16,Southside,40-49,68,6,0
2020-07-16,Southside,50-59,72,10,0
2020-07-16,Southside,60-69,65,14,5
2020-07-16,Southside,70-79,64,10,13
2020-07-16,Southside,80+,83,12,13
2020-07-16,Southside,Missing,0,0,0
2020-07-16,"Thomas Jefferson",0-9,58,1,0
2020-07-16,"Thomas Jefferson",19-Oct,90,1,0
2020-07-16,"Thomas Jefferson",20-29,220,2,0
2020-07-16,"Thomas Jefferson",30-39,252,8,0
2020-07-16,"Thomas Jefferson",40-49,197,14,0
2020-07-16,"Thomas Jefferson",50-59,157,13,2
2020-07-16,"Thomas Jefferson",60-69,110,24,3
2020-07-16,"Thomas Jefferson",70-79,89,22,5
2020-07-16,"Thomas Jefferson",80+,123,28,19
2020-07-16,"Thomas Jefferson",Missing,2,0,0
2020-07-16,"Three Rivers",0-9,12,1,0
2020-07-16,"Three Rivers",19-Oct,39,0,0
2020-07-16,"Three Rivers",20-29,150,4,0
2020-07-16,"Three Rivers",30-39,179,3,0
2020-07-16,"Three Rivers",40-49,169,12,2
2020-07-16,"Three Rivers",50-59,116,10,0
2020-07-16,"Three Rivers",60-69,84,13,0
2020-07-16,"Three Rivers",70-79,38,8,5
2020-07-16,"Three Rivers",80+,38,8,4
2020-07-16,"Three Rivers",Missing,4,0,0
2020-07-16,"Virginia Beach",0-9,61,0,0
2020-07-16,"Virginia Beach",19-Oct,125,0,0
2020-07-16,"Virginia Beach",20-29,618,9,0
2020-07-16,"Virginia Beach",30-39,424,13,0
2020-07-16,"Virginia Beach",40-49,307,19,1
2020-07-16,"Virginia Beach",50-59,257,18,1
2020-07-16,"Virginia Beach",60-69,197,21,2
2020-07-16,"Virginia Beach",70-79,110,28,8
2020-07-16,"Virginia Beach",80+,112,34,22
2020-07-16,"Virginia Beach",Missing,61,0,0
2020-07-16,"West Piedmont",0-9,22,1,0
2020-07-16,"West Piedmont",19-Oct,83,0,0
2020-07-16,"West Piedmont",20-29,105,2,0
2020-07-16,"West Piedmont",30-39,109,3,0
2020-07-16,"West Piedmont",40-49,109,10,2
2020-07-16,"West Piedmont",50-59,128,18,1
2020-07-16,"West Piedmont",60-69,71,11,0
2020-07-16,"West Piedmont",70-79,35,14,4
2020-07-16,"West Piedmont",80+,23,13,1
2020-07-16,"West Piedmont",Missing,0,0,0
2020-07-16,"Western Tidewater",0-9,18,0,0
2020-07-16,"Western Tidewater",19-Oct,46,0,0
2020-07-16,"Western Tidewater",20-29,155,4,0
2020-07-16,"Western Tidewater",30-39,174,10,1
2020-07-16,"Western Tidewater",40-49,153,6,2
2020-07-16,"Western Tidewater",50-59,185,13,4
2020-07-16,"Western Tidewater",60-69,168,19,7
2020-07-16,"Western Tidewater",70-79,106,23,19
2020-07-16,"Western Tidewater",80+,153,28,35
2020-07-16,"Western Tidewater",Missing,10,0,0
2020-07-17,Alexandria,0-9,142,2,0
2020-07-17,Alexandria,19-Oct,188,4,0
2020-07-17,Alexandria,20-29,412,10,1
2020-07-17,Alexandria,30-39,579,32,0
2020-07-17,Alexandria,40-49,462,41,0
2020-07-17,Alexandria,50-59,322,52,10
2020-07-17,Alexandria,60-69,211,48,2
2020-07-17,Alexandria,70-79,103,38,18
2020-07-17,Alexandria,80+,93,28,25
2020-07-17,Alexandria,Missing,11,0,0
2020-07-17,Alleghany,0-9,14,0,0
2020-07-17,Alleghany,19-Oct,86,0,0
2020-07-17,Alleghany,20-29,126,1,0
2020-07-17,Alleghany,30-39,95,2,0
2020-07-17,Alleghany,40-49,96,2,0
2020-07-17,Alleghany,50-59,96,6,1
2020-07-17,Alleghany,60-69,70,8,1
2020-07-17,Alleghany,70-79,66,8,7
2020-07-17,Alleghany,80+,43,10,6
2020-07-17,Alleghany,Missing,2,0,0
2020-07-17,Arlington,0-9,54,2,0
2020-07-17,Arlington,19-Oct,121,5,0
2020-07-17,Arlington,20-29,511,22,0
2020-07-17,Arlington,30-39,484,42,0
2020-07-17,Arlington,40-49,452,50,8
2020-07-17,Arlington,50-59,398,66,6
2020-07-17,Arlington,60-69,292,82,19
2020-07-17,Arlington,70-79,177,73,33
2020-07-17,Arlington,80+,204,84,69
2020-07-17,Arlington,Missing,11,1,0
2020-07-17,"Central Shenandoah",0-9,62,0,0
2020-07-17,"Central Shenandoah",19-Oct,136,1,0
2020-07-17,"Central Shenandoah",20-29,458,9,0
2020-07-17,"Central Shenandoah",30-39,360,7,0
2020-07-17,"Central Shenandoah",40-49,388,15,0
2020-07-17,"Central Shenandoah",50-59,411,34,4
2020-07-17,"Central Shenandoah",60-69,295,48,13
2020-07-17,"Central Shenandoah",70-79,145,43,12
2020-07-17,"Central Shenandoah",80+,125,32,17
2020-07-17,"Central Shenandoah",Missing,1,0,0
2020-07-17,"Central Virginia",0-9,9,0,0
2020-07-17,"Central Virginia",19-Oct,72,1,0
2020-07-17,"Central Virginia",20-29,127,2,0
2020-07-17,"Central Virginia",30-39,79,1,0
2020-07-17,"Central Virginia",40-49,78,1,0
2020-07-17,"Central Virginia",50-59,86,2,2
2020-07-17,"Central Virginia",60-69,55,4,2
2020-07-17,"Central Virginia",70-79,30,4,2
2020-07-17,"Central Virginia",80+,27,2,0
2020-07-17,"Central Virginia",Missing,1,0,0
2020-07-17,Chesapeake,0-9,48,1,0
2020-07-17,Chesapeake,19-Oct,91,1,0
2020-07-17,Chesapeake,20-29,320,4,0
2020-07-17,Chesapeake,30-39,311,13,0
2020-07-17,Chesapeake,40-49,227,27,1
2020-07-17,Chesapeake,50-59,217,27,1
2020-07-17,Chesapeake,60-69,145,32,5
2020-07-17,Chesapeake,70-79,91,31,3
2020-07-17,Chesapeake,80+,79,26,14
2020-07-17,Chesapeake,Missing,31,1,0
2020-07-17,Chesterfield,0-9,131,0,0
2020-07-17,Chesterfield,19-Oct,343,0,0
2020-07-17,Chesterfield,20-29,632,9,0
2020-07-17,Chesterfield,30-39,708,12,0
2020-07-17,Chesterfield,40-49,639,22,3
2020-07-17,Chesterfield,50-59,496,42,4
2020-07-17,Chesterfield,60-69,319,48,12
2020-07-17,Chesterfield,70-79,146,30,21
2020-07-17,Chesterfield,80+,157,35,47
2020-07-17,Chesterfield,Missing,96,0,0
2020-07-17,Chickahominy,0-9,16,0,0
2020-07-17,Chickahominy,19-Oct,53,0,0
2020-07-17,Chickahominy,20-29,118,1,0
2020-07-17,Chickahominy,30-39,105,2,0
2020-07-17,Chickahominy,40-49,103,12,1
2020-07-17,Chickahominy,50-59,128,23,1
2020-07-17,Chickahominy,60-69,86,21,6
2020-07-17,Chickahominy,70-79,65,21,6
2020-07-17,Chickahominy,80+,83,34,26
2020-07-17,Chickahominy,Missing,15,0,0
2020-07-17,Crater,0-9,30,1,0
2020-07-17,Crater,19-Oct,73,0,0
2020-07-17,Crater,20-29,285,9,0
2020-07-17,Crater,30-39,309,9,0
2020-07-17,Crater,40-49,252,17,1
2020-07-17,Crater,50-59,311,35,3
2020-07-17,Crater,60-69,257,50,16
2020-07-17,Crater,70-79,156,40,18
2020-07-17,Crater,80+,122,23,12
2020-07-17,Crater,Missing,10,0,0
2020-07-17,"Cumberland Plateau",0-9,3,0,0
2020-07-17,"Cumberland Plateau",19-Oct,26,0,0
2020-07-17,"Cumberland Plateau",20-29,14,0,0
2020-07-17,"Cumberland Plateau",30-39,19,0,0
2020-07-17,"Cumberland Plateau",40-49,22,1,0
2020-07-17,"Cumberland Plateau",50-59,15,1,0
2020-07-17,"Cumberland Plateau",60-69,15,2,0
2020-07-17,"Cumberland Plateau",70-79,7,1,0
2020-07-17,"Cumberland Plateau",80+,4,2,0
2020-07-17,"Cumberland Plateau",Missing,0,0,0
2020-07-17,"Eastern Shore",0-9,21,2,0
2020-07-17,"Eastern Shore",19-Oct,61,1,0
2020-07-17,"Eastern Shore",20-29,199,6,0
2020-07-17,"Eastern Shore",30-39,239,8,0
2020-07-17,"Eastern Shore",40-49,248,11,2
2020-07-17,"Eastern Shore",50-59,276,19,5
2020-07-17,"Eastern Shore",60-69,178,29,8
2020-07-17,"Eastern Shore",70-79,47,16,9
2020-07-17,"Eastern Shore",80+,50,22,18
2020-07-17,"Eastern Shore",Missing,6,0,0
2020-07-17,Fairfax,0-9,513,19,0
2020-07-17,Fairfax,19-Oct,938,30,0
2020-07-17,Fairfax,20-29,2370,87,3
2020-07-17,Fairfax,30-39,2858,198,6
2020-07-17,Fairfax,40-49,2741,272,10
2020-07-17,Fairfax,50-59,2297,312,32
2020-07-17,Fairfax,60-69,1476,334,63
2020-07-17,Fairfax,70-79,694,248,115
2020-07-17,Fairfax,80+,813,301,293
2020-07-17,Fairfax,Missing,158,5,0
2020-07-17,Hampton,0-9,20,0,0
2020-07-17,Hampton,19-Oct,41,0,0
2020-07-17,Hampton,20-29,150,3,0
2020-07-17,Hampton,30-39,124,3,0
2020-07-17,Hampton,40-49,92,6,0
2020-07-17,Hampton,50-59,76,9,1
2020-07-17,Hampton,60-69,62,11,2
2020-07-17,Hampton,70-79,32,8,0
2020-07-17,Hampton,80+,14,2,1
2020-07-17,Hampton,Missing,14,0,0
2020-07-17,Henrico,0-9,111,2,0
2020-07-17,Henrico,19-Oct,213,3,0
2020-07-17,Henrico,20-29,442,15,0
2020-07-17,Henrico,30-39,513,18,0
2020-07-17,Henrico,40-49,436,27,2
2020-07-17,Henrico,50-59,376,43,8
2020-07-17,Henrico,60-69,308,51,34
2020-07-17,Henrico,70-79,227,51,43
2020-07-17,Henrico,80+,326,68,87
2020-07-17,Henrico,Missing,35,1,1
2020-07-17,Lenowisco,0-9,4,0,0
2020-07-17,Lenowisco,19-Oct,9,0,0
2020-07-17,Lenowisco,20-29,16,0,0
2020-07-17,Lenowisco,30-39,10,1,1
2020-07-17,Lenowisco,40-49,10,2,0
2020-07-17,Lenowisco,50-59,24,5,1
2020-07-17,Lenowisco,60-69,10,5,2
2020-07-17,Lenowisco,70-79,13,5,1
2020-07-17,Lenowisco,80+,6,1,0
2020-07-17,Lenowisco,Missing,0,0,0
2020-07-17,"Lord Fairfax",0-9,68,2,0
2020-07-17,"Lord Fairfax",19-Oct,164,1,0
2020-07-17,"Lord Fairfax",20-29,383,5,0
2020-07-17,"Lord Fairfax",30-39,374,11,1
2020-07-17,"Lord Fairfax",40-49,351,17,1
2020-07-17,"Lord Fairfax",50-59,371,31,3
2020-07-17,"Lord Fairfax",60-69,248,52,14
2020-07-17,"Lord Fairfax",70-79,148,44,17
2020-07-17,"Lord Fairfax",80+,164,39,44
2020-07-17,"Lord Fairfax",Missing,2,0,0
2020-07-17,Loudoun,0-9,165,4,0
2020-07-17,Loudoun,19-Oct,630,0,0
2020-07-17,Loudoun,20-29,747,10,0
2020-07-17,Loudoun,30-39,783,29,0
2020-07-17,Loudoun,40-49,866,58,1
2020-07-17,Loudoun,50-59,699,61,3
2020-07-17,Loudoun,60-69,263,52,6
2020-07-17,Loudoun,70-79,149,49,18
2020-07-17,Loudoun,80+,209,52,73
2020-07-17,Loudoun,Missing,65,0,1
2020-07-17,"Mount Rogers",0-9,40,1,0
2020-07-17,"Mount Rogers",19-Oct,68,0,0
2020-07-17,"Mount Rogers",20-29,141,0,0
2020-07-17,"Mount Rogers",30-39,135,4,0
2020-07-17,"Mount Rogers",40-49,133,5,1
2020-07-17,"Mount Rogers",50-59,124,8,1
2020-07-17,"Mount Rogers",60-69,108,11,0
2020-07-17,"Mount Rogers",70-79,78,29,13
2020-07-17,"Mount Rogers",80+,82,28,21
2020-07-17,"Mount Rogers",Missing,1,0,0
2020-07-17,"New River",0-9,8,0,0
2020-07-17,"New River",19-Oct,38,0,0
2020-07-17,"New River",20-29,93,0,0
2020-07-17,"New River",30-39,37,1,0
2020-07-17,"New River",40-49,47,2,0
2020-07-17,"New River",50-59,43,4,0
2020-07-17,"New River",60-69,30,5,0
2020-07-17,"New River",70-79,20,8,4
2020-07-17,"New River",80+,13,4,2
2020-07-17,"New River",Missing,0,0,0
2020-07-17,Norfolk,0-9,64,2,0
2020-07-17,Norfolk,19-Oct,106,1,0
2020-07-17,Norfolk,20-29,649,5,0
2020-07-17,Norfolk,30-39,400,16,1
2020-07-17,Norfolk,40-49,253,15,1
2020-07-17,Norfolk,50-59,217,24,3
2020-07-17,Norfolk,60-69,182,32,3
2020-07-17,Norfolk,70-79,77,29,6
2020-07-17,Norfolk,80+,51,12,5
2020-07-17,Norfolk,Missing,21,1,0
2020-07-17,Peninsula,0-9,68,0,0
2020-07-17,Peninsula,19-Oct,102,1,0
2020-07-17,Peninsula,20-29,410,1,0
2020-07-17,Peninsula,30-39,302,7,1
2020-07-17,Peninsula,40-49,241,10,1
2020-07-17,Peninsula,50-59,213,22,3
2020-07-17,Peninsula,60-69,165,30,3
2020-07-17,Peninsula,70-79,106,39,12
2020-07-17,Peninsula,80+,66,26,15
2020-07-17,Peninsula,Missing,13,0,0
2020-07-17,Piedmont,0-9,24,0,0
2020-07-17,Piedmont,19-Oct,39,0,0
2020-07-17,Piedmont,20-29,183,2,0
2020-07-17,Piedmont,30-39,222,5,0
2020-07-17,Piedmont,40-49,204,11,0
2020-07-17,Piedmont,50-59,204,25,1
2020-07-17,Piedmont,60-69,150,21,2
2020-07-17,Piedmont,70-79,79,26,4
2020-07-17,Piedmont,80+,54,23,12
2020-07-17,Piedmont,Missing,1,0,0
2020-07-17,Pittsylvania-Danville,0-9,11,0,0
2020-07-17,Pittsylvania-Danville,19-Oct,20,0,0
2020-07-17,Pittsylvania-Danville,20-29,46,0,0
2020-07-17,Pittsylvania-Danville,30-39,46,1,0
2020-07-17,Pittsylvania-Danville,40-49,72,7,0
2020-07-17,Pittsylvania-Danville,50-59,68,14,0
2020-07-17,Pittsylvania-Danville,60-69,48,10,1
2020-07-17,Pittsylvania-Danville,70-79,26,12,1
2020-07-17,Pittsylvania-Danville,80+,17,8,2
2020-07-17,Pittsylvania-Danville,Missing,0,0,0
2020-07-17,Portsmouth,0-9,32,3,0
2020-07-17,Portsmouth,19-Oct,44,0,0
2020-07-17,Portsmouth,20-29,207,11,0
2020-07-17,Portsmouth,30-39,189,9,1
2020-07-17,Portsmouth,40-49,113,8,0
2020-07-17,Portsmouth,50-59,117,22,2
2020-07-17,Portsmouth,60-69,89,22,6
2020-07-17,Portsmouth,70-79,42,13,5
2020-07-17,Portsmouth,80+,19,8,6
2020-07-17,Portsmouth,Missing,20,0,0
2020-07-17,"Prince William",0-9,373,10,0
2020-07-17,"Prince William",19-Oct,863,8,0
2020-07-17,"Prince William",20-29,1772,55,0
2020-07-17,"Prince William",30-39,1866,94,2
2020-07-17,"Prince William",40-49,2083,161,7
2020-07-17,"Prince William",50-59,1526,198,15
2020-07-17,"Prince William",60-69,809,169,43
2020-07-17,"Prince William",70-79,326,101,46
2020-07-17,"Prince William",80+,244,82,74
2020-07-17,"Prince William",Missing,151,3,0
2020-07-17,Rappahannock,0-9,122,2,0
2020-07-17,Rappahannock,19-Oct,266,3,0
2020-07-17,Rappahannock,20-29,488,13,0
2020-07-17,Rappahannock,30-39,523,25,0
2020-07-17,Rappahannock,40-49,491,45,2
2020-07-17,Rappahannock,50-59,422,51,4
2020-07-17,Rappahannock,60-69,229,47,6
2020-07-17,Rappahannock,70-79,115,33,15
2020-07-17,Rappahannock,80+,98,34,19
2020-07-17,Rappahannock,Missing,22,0,0
2020-07-17,"Rappahannock Rapidan",0-9,83,1,0
2020-07-17,"Rappahannock Rapidan",19-Oct,144,3,0
2020-07-17,"Rappahannock Rapidan",20-29,305,6,0
2020-07-17,"Rappahannock Rapidan",30-39,340,18,1
2020-07-17,"Rappahannock Rapidan",40-49,325,21,2
2020-07-17,"Rappahannock Rapidan",50-59,242,29,2
2020-07-17,"Rappahannock Rapidan",60-69,131,17,4
2020-07-17,"Rappahannock Rapidan",70-79,46,13,8
2020-07-17,"Rappahannock Rapidan",80+,28,16,8
2020-07-17,"Rappahannock Rapidan",Missing,9,0,0
2020-07-17,Richmond,0-9,110,6,0
2020-07-17,Richmond,19-Oct,205,2,0
2020-07-17,Richmond,20-29,560,16,0
2020-07-17,Richmond,30-39,545,29,1
2020-07-17,Richmond,40-49,411,31,3
2020-07-17,Richmond,50-59,316,55,2
2020-07-17,Richmond,60-69,220,53,7
2020-07-17,Richmond,70-79,91,37,14
2020-07-17,Richmond,80+,40,21,9
2020-07-17,Richmond,Missing,23,0,0
2020-07-17,Roanoke,0-9,17,0,0
2020-07-17,Roanoke,19-Oct,65,0,0
2020-07-17,Roanoke,20-29,143,3,0
2020-07-17,Roanoke,30-39,140,1,0
2020-07-17,Roanoke,40-49,91,1,0
2020-07-17,Roanoke,50-59,59,1,0
2020-07-17,Roanoke,60-69,43,3,0
2020-07-17,Roanoke,70-79,17,3,1
2020-07-17,Roanoke,80+,43,3,9
2020-07-17,Roanoke,Missing,4,0,0
2020-07-17,Southside,0-9,7,0,0
2020-07-17,Southside,19-Oct,17,0,0
2020-07-17,Southside,20-29,59,2,0
2020-07-17,Southside,30-39,78,4,0
2020-07-17,Southside,40-49,68,6,0
2020-07-17,Southside,50-59,72,10,0
2020-07-17,Southside,60-69,65,14,5
2020-07-17,Southside,70-79,65,11,13
2020-07-17,Southside,80+,83,12,13
2020-07-17,Southside,Missing,0,0,0
2020-07-17,"Thomas Jefferson",0-9,59,1,0
2020-07-17,"Thomas Jefferson",19-Oct,92,1,0
2020-07-17,"Thomas Jefferson",20-29,229,2,0
2020-07-17,"Thomas Jefferson",30-39,261,8,0
2020-07-17,"Thomas Jefferson",40-49,200,14,0
2020-07-17,"Thomas Jefferson",50-59,159,13,2
2020-07-17,"Thomas Jefferson",60-69,116,24,3
2020-07-17,"Thomas Jefferson",70-79,93,22,5
2020-07-17,"Thomas Jefferson",80+,124,28,19
2020-07-17,"Thomas Jefferson",Missing,2,0,0
2020-07-17,"Three Rivers",0-9,12,1,0
2020-07-17,"Three Rivers",19-Oct,40,0,0
2020-07-17,"Three Rivers",20-29,152,4,0
2020-07-17,"Three Rivers",30-39,178,3,0
2020-07-17,"Three Rivers",40-49,169,12,2
2020-07-17,"Three Rivers",50-59,118,10,0
2020-07-17,"Three Rivers",60-69,84,14,0
2020-07-17,"Three Rivers",70-79,40,8,5
2020-07-17,"Three Rivers",80+,39,8,4
2020-07-17,"Three Rivers",Missing,3,0,0
2020-07-17,"Virginia Beach",0-9,70,0,0
2020-07-17,"Virginia Beach",19-Oct,133,0,0
2020-07-17,"Virginia Beach",20-29,645,9,0
2020-07-17,"Virginia Beach",30-39,448,13,0
2020-07-17,"Virginia Beach",40-49,330,19,1
2020-07-17,"Virginia Beach",50-59,273,18,1
2020-07-17,"Virginia Beach",60-69,206,21,2
2020-07-17,"Virginia Beach",70-79,116,28,8
2020-07-17,"Virginia Beach",80+,115,34,22
2020-07-17,"Virginia Beach",Missing,60,0,0
2020-07-17,"West Piedmont",0-9,22,1,0
2020-07-17,"West Piedmont",19-Oct,84,0,0
2020-07-17,"West Piedmont",20-29,108,2,0
2020-07-17,"West Piedmont",30-39,109,4,0
2020-07-17,"West Piedmont",40-49,109,10,2
2020-07-17,"West Piedmont",50-59,130,19,1
2020-07-17,"West Piedmont",60-69,71,11,0
2020-07-17,"West Piedmont",70-79,35,14,4
2020-07-17,"West Piedmont",80+,23,13,1
2020-07-17,"West Piedmont",Missing,0,0,0
2020-07-17,"Western Tidewater",0-9,19,0,0
2020-07-17,"Western Tidewater",19-Oct,49,0,0
2020-07-17,"Western Tidewater",20-29,162,4,0
2020-07-17,"Western Tidewater",30-39,183,10,1
2020-07-17,"Western Tidewater",40-49,157,6,2
2020-07-17,"Western Tidewater",50-59,191,14,4
2020-07-17,"Western Tidewater",60-69,170,19,7
2020-07-17,"Western Tidewater",70-79,109,23,19
2020-07-17,"Western Tidewater",80+,154,28,35
2020-07-17,"Western Tidewater",Missing,11,0,0
2020-07-18,Alexandria,0-9,143,2,0
2020-07-18,Alexandria,19-Oct,189,4,0
2020-07-18,Alexandria,20-29,415,10,1
2020-07-18,Alexandria,30-39,585,32,0
2020-07-18,Alexandria,40-49,465,41,0
2020-07-18,Alexandria,50-59,325,52,10
2020-07-18,Alexandria,60-69,211,48,2
2020-07-18,Alexandria,70-79,103,38,18
2020-07-18,Alexandria,80+,93,28,25
2020-07-18,Alexandria,Missing,11,0,0
2020-07-18,Alleghany,0-9,14,0,0
2020-07-18,Alleghany,19-Oct,86,0,0
2020-07-18,Alleghany,20-29,126,1,0
2020-07-18,Alleghany,30-39,95,2,0
2020-07-18,Alleghany,40-49,95,2,0
2020-07-18,Alleghany,50-59,96,6,1
2020-07-18,Alleghany,60-69,70,8,1
2020-07-18,Alleghany,70-79,67,8,7
2020-07-18,Alleghany,80+,43,10,6
2020-07-18,Alleghany,Missing,2,0,0
2020-07-18,Arlington,0-9,57,2,0
2020-07-18,Arlington,19-Oct,126,5,0
2020-07-18,Arlington,20-29,516,22,0
2020-07-18,Arlington,30-39,488,42,0
2020-07-18,Arlington,40-49,453,50,8
2020-07-18,Arlington,50-59,401,66,6
2020-07-18,Arlington,60-69,293,82,19
2020-07-18,Arlington,70-79,177,73,33
2020-07-18,Arlington,80+,204,84,69
2020-07-18,Arlington,Missing,11,1,0
2020-07-18,"Central Shenandoah",0-9,63,0,0
2020-07-18,"Central Shenandoah",19-Oct,139,1,0
2020-07-18,"Central Shenandoah",20-29,467,9,0
2020-07-18,"Central Shenandoah",30-39,361,7,0
2020-07-18,"Central Shenandoah",40-49,392,15,0
2020-07-18,"Central Shenandoah",50-59,415,34,4
2020-07-18,"Central Shenandoah",60-69,298,48,13
2020-07-18,"Central Shenandoah",70-79,147,44,13
2020-07-18,"Central Shenandoah",80+,125,33,18
2020-07-18,"Central Shenandoah",Missing,1,0,0
2020-07-18,"Central Virginia",0-9,12,0,0
2020-07-18,"Central Virginia",19-Oct,72,1,0
2020-07-18,"Central Virginia",20-29,129,2,0
2020-07-18,"Central Virginia",30-39,81,1,0
2020-07-18,"Central Virginia",40-49,80,1,0
2020-07-18,"Central Virginia",50-59,88,2,2
2020-07-18,"Central Virginia",60-69,56,4,2
2020-07-18,"Central Virginia",70-79,31,4,2
2020-07-18,"Central Virginia",80+,26,2,0
2020-07-18,"Central Virginia",Missing,1,0,0
2020-07-18,Chesapeake,0-9,48,1,0
2020-07-18,Chesapeake,19-Oct,96,1,0
2020-07-18,Chesapeake,20-29,332,4,0
2020-07-18,Chesapeake,30-39,320,13,0
2020-07-18,Chesapeake,40-49,234,27,1
2020-07-18,Chesapeake,50-59,220,27,1
2020-07-18,Chesapeake,60-69,148,32,5
2020-07-18,Chesapeake,70-79,93,31,3
2020-07-18,Chesapeake,80+,81,27,14
2020-07-18,Chesapeake,Missing,40,1,0
2020-07-18,Chesterfield,0-9,133,0,0
2020-07-18,Chesterfield,19-Oct,343,0,0
2020-07-18,Chesterfield,20-29,636,9,0
2020-07-18,Chesterfield,30-39,716,12,0
2020-07-18,Chesterfield,40-49,641,24,3
2020-07-18,Chesterfield,50-59,498,44,4
2020-07-18,Chesterfield,60-69,320,51,12
2020-07-18,Chesterfield,70-79,147,31,22
2020-07-18,Chesterfield,80+,157,35,47
2020-07-18,Chesterfield,Missing,101,0,0
2020-07-18,Chickahominy,0-9,16,0,0
2020-07-18,Chickahominy,19-Oct,55,0,0
2020-07-18,Chickahominy,20-29,119,1,0
2020-07-18,Chickahominy,30-39,106,2,0
2020-07-18,Chickahominy,40-49,103,12,1
2020-07-18,Chickahominy,50-59,130,23,1
2020-07-18,Chickahominy,60-69,85,21,6
2020-07-18,Chickahominy,70-79,64,21,6
2020-07-18,Chickahominy,80+,83,34,26
2020-07-18,Chickahominy,Missing,15,0,0
2020-07-18,Crater,0-9,30,1,0
2020-07-18,Crater,19-Oct,75,0,0
2020-07-18,Crater,20-29,286,9,0
2020-07-18,Crater,30-39,312,9,0
2020-07-18,Crater,40-49,253,17,1
2020-07-18,Crater,50-59,316,36,3
2020-07-18,Crater,60-69,261,51,16
2020-07-18,Crater,70-79,156,40,18
2020-07-18,Crater,80+,123,23,12
2020-07-18,Crater,Missing,14,0,0
2020-07-18,"Cumberland Plateau",0-9,3,0,0
2020-07-18,"Cumberland Plateau",19-Oct,27,0,0
2020-07-18,"Cumberland Plateau",20-29,15,0,0
2020-07-18,"Cumberland Plateau",30-39,19,1,0
2020-07-18,"Cumberland Plateau",40-49,22,1,0
2020-07-18,"Cumberland Plateau",50-59,17,1,0
2020-07-18,"Cumberland Plateau",60-69,15,2,0
2020-07-18,"Cumberland Plateau",70-79,8,1,0
2020-07-18,"Cumberland Plateau",80+,4,2,0
2020-07-18,"Cumberland Plateau",Missing,0,0,0
2020-07-18,"Eastern Shore",0-9,21,2,0
2020-07-18,"Eastern Shore",19-Oct,61,1,0
2020-07-18,"Eastern Shore",20-29,199,6,0
2020-07-18,"Eastern Shore",30-39,239,8,0
2020-07-18,"Eastern Shore",40-49,250,12,2
2020-07-18,"Eastern Shore",50-59,276,20,5
2020-07-18,"Eastern Shore",60-69,179,29,8
2020-07-18,"Eastern Shore",70-79,48,16,9
2020-07-18,"Eastern Shore",80+,50,22,19
2020-07-18,"Eastern Shore",Missing,6,0,0
2020-07-18,Fairfax,0-9,519,19,0
2020-07-18,Fairfax,19-Oct,948,30,0
2020-07-18,Fairfax,20-29,2381,87,3
2020-07-18,Fairfax,30-39,2871,198,6
2020-07-18,Fairfax,40-49,2749,273,10
2020-07-18,Fairfax,50-59,2310,314,32
2020-07-18,Fairfax,60-69,1478,333,63
2020-07-18,Fairfax,70-79,695,248,115
2020-07-18,Fairfax,80+,816,301,293
2020-07-18,Fairfax,Missing,158,5,0
2020-07-18,Hampton,0-9,21,0,0
2020-07-18,Hampton,19-Oct,42,0,0
2020-07-18,Hampton,20-29,158,3,0
2020-07-18,Hampton,30-39,126,3,0
2020-07-18,Hampton,40-49,95,6,0
2020-07-18,Hampton,50-59,78,9,1
2020-07-18,Hampton,60-69,62,11,2
2020-07-18,Hampton,70-79,34,8,0
2020-07-18,Hampton,80+,14,2,1
2020-07-18,Hampton,Missing,15,0,0
2020-07-18,Henrico,0-9,112,2,0
2020-07-18,Henrico,19-Oct,218,3,0
2020-07-18,Henrico,20-29,445,15,0
2020-07-18,Henrico,30-39,517,19,0
2020-07-18,Henrico,40-49,437,27,2
2020-07-18,Henrico,50-59,379,45,8
2020-07-18,Henrico,60-69,308,51,34
2020-07-18,Henrico,70-79,228,51,43
2020-07-18,Henrico,80+,326,68,87
2020-07-18,Henrico,Missing,35,1,1
2020-07-18,Lenowisco,0-9,4,0,0
2020-07-18,Lenowisco,19-Oct,10,0,0
2020-07-18,Lenowisco,20-29,16,0,0
2020-07-18,Lenowisco,30-39,10,1,1
2020-07-18,Lenowisco,40-49,11,2,0
2020-07-18,Lenowisco,50-59,27,6,1
2020-07-18,Lenowisco,60-69,14,5,2
2020-07-18,Lenowisco,70-79,15,6,1
2020-07-18,Lenowisco,80+,6,1,0
2020-07-18,Lenowisco,Missing,0,0,0
2020-07-18,"Lord Fairfax",0-9,69,2,0
2020-07-18,"Lord Fairfax",19-Oct,168,1,0
2020-07-18,"Lord Fairfax",20-29,389,5,0
2020-07-18,"Lord Fairfax",30-39,377,11,1
2020-07-18,"Lord Fairfax",40-49,356,17,1
2020-07-18,"Lord Fairfax",50-59,372,31,3
2020-07-18,"Lord Fairfax",60-69,250,52,14
2020-07-18,"Lord Fairfax",70-79,150,44,17
2020-07-18,"Lord Fairfax",80+,165,39,44
2020-07-18,"Lord Fairfax",Missing,2,0,0
2020-07-18,Loudoun,0-9,166,4,0
2020-07-18,Loudoun,19-Oct,636,0,0
2020-07-18,Loudoun,20-29,750,10,0
2020-07-18,Loudoun,30-39,786,28,0
2020-07-18,Loudoun,40-49,865,58,1
2020-07-18,Loudoun,50-59,703,62,3
2020-07-18,Loudoun,60-69,264,53,7
2020-07-18,Loudoun,70-79,150,49,18
2020-07-18,Loudoun,80+,210,53,73
2020-07-18,Loudoun,Missing,66,0,1
2020-07-18,"Mount Rogers",0-9,40,1,0
2020-07-18,"Mount Rogers",19-Oct,68,0,0
2020-07-18,"Mount Rogers",20-29,146,0,0
2020-07-18,"Mount Rogers",30-39,138,4,0
2020-07-18,"Mount Rogers",40-49,136,5,1
2020-07-18,"Mount Rogers",50-59,132,9,1
2020-07-18,"Mount Rogers",60-69,112,12,0
2020-07-18,"Mount Rogers",70-79,79,29,13
2020-07-18,"Mount Rogers",80+,83,29,21
2020-07-18,"Mount Rogers",Missing,1,0,0
2020-07-18,"New River",0-9,8,0,0
2020-07-18,"New River",19-Oct,38,0,0
2020-07-18,"New River",20-29,97,0,0
2020-07-18,"New River",30-39,37,1,0
2020-07-18,"New River",40-49,49,3,0
2020-07-18,"New River",50-59,43,4,0
2020-07-18,"New River",60-69,30,5,0
2020-07-18,"New River",70-79,20,8,4
2020-07-18,"New River",80+,13,4,2
2020-07-18,"New River",Missing,0,0,0
2020-07-18,Norfolk,0-9,69,2,0
2020-07-18,Norfolk,19-Oct,108,1,0
2020-07-18,Norfolk,20-29,692,6,0
2020-07-18,Norfolk,30-39,420,16,1
2020-07-18,Norfolk,40-49,272,15,1
2020-07-18,Norfolk,50-59,227,24,3
2020-07-18,Norfolk,60-69,188,32,3
2020-07-18,Norfolk,70-79,79,29,6
2020-07-18,Norfolk,80+,53,12,5
2020-07-18,Norfolk,Missing,26,1,0
2020-07-18,Peninsula,0-9,70,0,0
2020-07-18,Peninsula,19-Oct,103,1,0
2020-07-18,Peninsula,20-29,428,1,0
2020-07-18,Peninsula,30-39,308,7,1
2020-07-18,Peninsula,40-49,251,12,1
2020-07-18,Peninsula,50-59,220,24,3
2020-07-18,Peninsula,60-69,168,31,3
2020-07-18,Peninsula,70-79,109,39,12
2020-07-18,Peninsula,80+,73,29,18
2020-07-18,Peninsula,Missing,17,0,0
2020-07-18,Piedmont,0-9,24,0,0
2020-07-18,Piedmont,19-Oct,39,0,0
2020-07-18,Piedmont,20-29,183,2,0
2020-07-18,Piedmont,30-39,222,5,0
2020-07-18,Piedmont,40-49,204,11,0
2020-07-18,Piedmont,50-59,204,25,1
2020-07-18,Piedmont,60-69,151,22,2
2020-07-18,Piedmont,70-79,79,26,4
2020-07-18,Piedmont,80+,54,23,12
2020-07-18,Piedmont,Missing,1,0,0
2020-07-18,Pittsylvania-Danville,0-9,11,0,0
2020-07-18,Pittsylvania-Danville,19-Oct,20,0,0
2020-07-18,Pittsylvania-Danville,20-29,49,0,0
2020-07-18,Pittsylvania-Danville,30-39,48,1,0
2020-07-18,Pittsylvania-Danville,40-49,75,7,0
2020-07-18,Pittsylvania-Danville,50-59,70,14,0
2020-07-18,Pittsylvania-Danville,60-69,52,10,1
2020-07-18,Pittsylvania-Danville,70-79,28,12,1
2020-07-18,Pittsylvania-Danville,80+,20,8,2
2020-07-18,Pittsylvania-Danville,Missing,0,0,0
2020-07-18,Portsmouth,0-9,32,3,0
2020-07-18,Portsmouth,19-Oct,52,0,0
2020-07-18,Portsmouth,20-29,220,11,0
2020-07-18,Portsmouth,30-39,196,9,1
2020-07-18,Portsmouth,40-49,122,8,0
2020-07-18,Portsmouth,50-59,123,22,2
2020-07-18,Portsmouth,60-69,95,22,6
2020-07-18,Portsmouth,70-79,45,13,5
2020-07-18,Portsmouth,80+,20,8,6
2020-07-18,Portsmouth,Missing,20,0,0
2020-07-18,"Prince William",0-9,383,10,0
2020-07-18,"Prince William",19-Oct,869,8,0
2020-07-18,"Prince William",20-29,1786,55,0
2020-07-18,"Prince William",30-39,1884,94,2
2020-07-18,"Prince William",40-49,2095,163,7
2020-07-18,"Prince William",50-59,1538,198,15
2020-07-18,"Prince William",60-69,816,169,43
2020-07-18,"Prince William",70-79,328,101,47
2020-07-18,"Prince William",80+,243,82,74
2020-07-18,"Prince William",Missing,153,3,0
2020-07-18,Rappahannock,0-9,124,2,0
2020-07-18,Rappahannock,19-Oct,274,3,0
2020-07-18,Rappahannock,20-29,492,13,0
2020-07-18,Rappahannock,30-39,524,25,0
2020-07-18,Rappahannock,40-49,498,46,2
2020-07-18,Rappahannock,50-59,424,51,4
2020-07-18,Rappahannock,60-69,231,47,6
2020-07-18,Rappahannock,70-79,119,35,15
2020-07-18,Rappahannock,80+,98,34,19
2020-07-18,Rappahannock,Missing,22,0,0
2020-07-18,"Rappahannock Rapidan",0-9,85,1,0
2020-07-18,"Rappahannock Rapidan",19-Oct,146,3,0
2020-07-18,"Rappahannock Rapidan",20-29,308,6,0
2020-07-18,"Rappahannock Rapidan",30-39,344,18,1
2020-07-18,"Rappahannock Rapidan",40-49,326,21,2
2020-07-18,"Rappahannock Rapidan",50-59,244,29,2
2020-07-18,"Rappahannock Rapidan",60-69,134,17,4
2020-07-18,"Rappahannock Rapidan",70-79,46,14,8
2020-07-18,"Rappahannock Rapidan",80+,28,16,8
2020-07-18,"Rappahannock Rapidan",Missing,12,0,0
2020-07-18,Richmond,0-9,111,6,0
2020-07-18,Richmond,19-Oct,209,2,0
2020-07-18,Richmond,20-29,568,16,0
2020-07-18,Richmond,30-39,546,29,1
2020-07-18,Richmond,40-49,414,31,3
2020-07-18,Richmond,50-59,319,55,2
2020-07-18,Richmond,60-69,220,53,7
2020-07-18,Richmond,70-79,91,37,14
2020-07-18,Richmond,80+,40,21,9
2020-07-18,Richmond,Missing,23,0,0
2020-07-18,Roanoke,0-9,17,0,0
2020-07-18,Roanoke,19-Oct,65,0,0
2020-07-18,Roanoke,20-29,142,3,0
2020-07-18,Roanoke,30-39,140,1,0
2020-07-18,Roanoke,40-49,91,1,0
2020-07-18,Roanoke,50-59,59,1,0
2020-07-18,Roanoke,60-69,43,3,0
2020-07-18,Roanoke,70-79,17,3,1
2020-07-18,Roanoke,80+,43,3,9
2020-07-18,Roanoke,Missing,4,0,0
2020-07-18,Southside,0-9,7,0,0
2020-07-18,Southside,19-Oct,17,0,0
2020-07-18,Southside,20-29,62,2,0
2020-07-18,Southside,30-39,79,4,0
2020-07-18,Southside,40-49,68,6,0
2020-07-18,Southside,50-59,73,10,0
2020-07-18,Southside,60-69,67,15,5
2020-07-18,Southside,70-79,65,11,14
2020-07-18,Southside,80+,83,12,13
2020-07-18,Southside,Missing,0,0,0
2020-07-18,"Thomas Jefferson",0-9,59,1,0
2020-07-18,"Thomas Jefferson",19-Oct,94,2,0
2020-07-18,"Thomas Jefferson",20-29,231,2,0
2020-07-18,"Thomas Jefferson",30-39,266,8,0
2020-07-18,"Thomas Jefferson",40-49,208,14,0
2020-07-18,"Thomas Jefferson",50-59,165,13,2
2020-07-18,"Thomas Jefferson",60-69,119,25,3
2020-07-18,"Thomas Jefferson",70-79,94,22,5
2020-07-18,"Thomas Jefferson",80+,125,28,19
2020-07-18,"Thomas Jefferson",Missing,2,0,0
2020-07-18,"Three Rivers",0-9,12,1,0
2020-07-18,"Three Rivers",19-Oct,40,0,0
2020-07-18,"Three Rivers",20-29,152,4,0
2020-07-18,"Three Rivers",30-39,181,3,0
2020-07-18,"Three Rivers",40-49,171,12,2
2020-07-18,"Three Rivers",50-59,119,10,0
2020-07-18,"Three Rivers",60-69,84,14,0
2020-07-18,"Three Rivers",70-79,41,9,5
2020-07-18,"Three Rivers",80+,39,8,4
2020-07-18,"Three Rivers",Missing,3,0,0
2020-07-18,"Virginia Beach",0-9,73,0,0
2020-07-18,"Virginia Beach",19-Oct,136,0,0
2020-07-18,"Virginia Beach",20-29,662,9,0
2020-07-18,"Virginia Beach",30-39,464,13,0
2020-07-18,"Virginia Beach",40-49,336,19,1
2020-07-18,"Virginia Beach",50-59,279,18,1
2020-07-18,"Virginia Beach",60-69,218,22,2
2020-07-18,"Virginia Beach",70-79,120,29,9
2020-07-18,"Virginia Beach",80+,115,34,23
2020-07-18,"Virginia Beach",Missing,61,0,0
2020-07-18,"West Piedmont",0-9,22,1,0
2020-07-18,"West Piedmont",19-Oct,86,0,0
2020-07-18,"West Piedmont",20-29,110,2,0
2020-07-18,"West Piedmont",30-39,110,4,0
2020-07-18,"West Piedmont",40-49,109,10,2
2020-07-18,"West Piedmont",50-59,131,21,1
2020-07-18,"West Piedmont",60-69,72,12,0
2020-07-18,"West Piedmont",70-79,35,14,4
2020-07-18,"West Piedmont",80+,24,14,1
2020-07-18,"West Piedmont",Missing,0,0,0
2020-07-18,"Western Tidewater",0-9,19,0,0
2020-07-18,"Western Tidewater",19-Oct,51,0,0
2020-07-18,"Western Tidewater",20-29,168,4,0
2020-07-18,"Western Tidewater",30-39,190,12,1
2020-07-18,"Western Tidewater",40-49,164,6,2
2020-07-18,"Western Tidewater",50-59,198,15,4
2020-07-18,"Western Tidewater",60-69,177,20,7
2020-07-18,"Western Tidewater",70-79,110,23,19
2020-07-18,"Western Tidewater",80+,156,29,35
2020-07-18,"Western Tidewater",Missing,14,0,0
2020-07-19,Alexandria,0-9,143,2,0
2020-07-19,Alexandria,19-Oct,190,4,0
2020-07-19,Alexandria,20-29,417,10,1
2020-07-19,Alexandria,30-39,584,32,0
2020-07-19,Alexandria,40-49,468,41,0
2020-07-19,Alexandria,50-59,324,52,10
2020-07-19,Alexandria,60-69,214,48,2
2020-07-19,Alexandria,70-79,102,38,18
2020-07-19,Alexandria,80+,94,28,25
2020-07-19,Alexandria,Missing,11,0,0
2020-07-19,Alleghany,0-9,15,0,0
2020-07-19,Alleghany,19-Oct,88,0,0
2020-07-19,Alleghany,20-29,126,1,0
2020-07-19,Alleghany,30-39,97,2,0
2020-07-19,Alleghany,40-49,98,2,0
2020-07-19,Alleghany,50-59,96,6,1
2020-07-19,Alleghany,60-69,72,8,1
2020-07-19,Alleghany,70-79,67,8,7
2020-07-19,Alleghany,80+,43,10,6
2020-07-19,Alleghany,Missing,2,0,0
2020-07-19,Arlington,0-9,56,2,0
2020-07-19,Arlington,19-Oct,126,5,0
2020-07-19,Arlington,20-29,520,22,0
2020-07-19,Arlington,30-39,492,43,0
2020-07-19,Arlington,40-49,454,51,8
2020-07-19,Arlington,50-59,401,67,6
2020-07-19,Arlington,60-69,293,82,19
2020-07-19,Arlington,70-79,177,73,33
2020-07-19,Arlington,80+,203,84,69
2020-07-19,Arlington,Missing,11,1,0
2020-07-19,"Central Shenandoah",0-9,63,0,0
2020-07-19,"Central Shenandoah",19-Oct,140,1,0
2020-07-19,"Central Shenandoah",20-29,467,9,0
2020-07-19,"Central Shenandoah",30-39,362,7,0
2020-07-19,"Central Shenandoah",40-49,392,15,0
2020-07-19,"Central Shenandoah",50-59,416,34,4
2020-07-19,"Central Shenandoah",60-69,297,47,13
2020-07-19,"Central Shenandoah",70-79,147,44,13
2020-07-19,"Central Shenandoah",80+,125,33,18
2020-07-19,"Central Shenandoah",Missing,1,0,0
2020-07-19,"Central Virginia",0-9,12,0,0
2020-07-19,"Central Virginia",19-Oct,73,1,0
2020-07-19,"Central Virginia",20-29,135,2,0
2020-07-19,"Central Virginia",30-39,84,1,0
2020-07-19,"Central Virginia",40-49,83,1,0
2020-07-19,"Central Virginia",50-59,90,2,2
2020-07-19,"Central Virginia",60-69,59,4,2
2020-07-19,"Central Virginia",70-79,32,4,2
2020-07-19,"Central Virginia",80+,26,2,0
2020-07-19,"Central Virginia",Missing,1,0,0
2020-07-19,Chesapeake,0-9,48,1,0
2020-07-19,Chesapeake,19-Oct,104,1,0
2020-07-19,Chesapeake,20-29,348,4,0
2020-07-19,Chesapeake,30-39,333,13,0
2020-07-19,Chesapeake,40-49,247,27,1
2020-07-19,Chesapeake,50-59,229,27,1
2020-07-19,Chesapeake,60-69,153,32,5
2020-07-19,Chesapeake,70-79,98,31,3
2020-07-19,Chesapeake,80+,81,27,14
2020-07-19,Chesapeake,Missing,44,1,0
2020-07-19,Chesterfield,0-9,133,0,0
2020-07-19,Chesterfield,19-Oct,345,0,0
2020-07-19,Chesterfield,20-29,644,9,0
2020-07-19,Chesterfield,30-39,718,12,0
2020-07-19,Chesterfield,40-49,643,24,3
2020-07-19,Chesterfield,50-59,501,44,4
2020-07-19,Chesterfield,60-69,322,51,12
2020-07-19,Chesterfield,70-79,149,31,22
2020-07-19,Chesterfield,80+,157,35,47
2020-07-19,Chesterfield,Missing,101,0,0
2020-07-19,Chickahominy,0-9,16,0,0
2020-07-19,Chickahominy,19-Oct,55,0,0
2020-07-19,Chickahominy,20-29,119,1,0
2020-07-19,Chickahominy,30-39,106,3,0
2020-07-19,Chickahominy,40-49,105,12,1
2020-07-19,Chickahominy,50-59,134,23,1
2020-07-19,Chickahominy,60-69,87,21,6
2020-07-19,Chickahominy,70-79,64,21,6
2020-07-19,Chickahominy,80+,83,34,26
2020-07-19,Chickahominy,Missing,15,0,0
2020-07-19,Crater,0-9,30,1,0
2020-07-19,Crater,19-Oct,78,0,0
2020-07-19,Crater,20-29,286,9,0
2020-07-19,Crater,30-39,316,9,0
2020-07-19,Crater,40-49,258,17,1
2020-07-19,Crater,50-59,320,36,3
2020-07-19,Crater,60-69,265,52,16
2020-07-19,Crater,70-79,157,40,18
2020-07-19,Crater,80+,125,24,12
2020-07-19,Crater,Missing,14,0,0
2020-07-19,"Cumberland Plateau",0-9,4,0,0
2020-07-19,"Cumberland Plateau",19-Oct,27,0,0
2020-07-19,"Cumberland Plateau",20-29,17,0,0
2020-07-19,"Cumberland Plateau",30-39,19,1,0
2020-07-19,"Cumberland Plateau",40-49,23,1,0
2020-07-19,"Cumberland Plateau",50-59,17,2,0
2020-07-19,"Cumberland Plateau",60-69,15,2,0
2020-07-19,"Cumberland Plateau",70-79,9,1,0
2020-07-19,"Cumberland Plateau",80+,4,2,0
2020-07-19,"Cumberland Plateau",Missing,0,0,0
2020-07-19,"Eastern Shore",0-9,21,2,0
2020-07-19,"Eastern Shore",19-Oct,61,1,0
2020-07-19,"Eastern Shore",20-29,199,6,0
2020-07-19,"Eastern Shore",30-39,239,8,0
2020-07-19,"Eastern Shore",40-49,250,12,2
2020-07-19,"Eastern Shore",50-59,276,20,5
2020-07-19,"Eastern Shore",60-69,179,29,8
2020-07-19,"Eastern Shore",70-79,49,16,9
2020-07-19,"Eastern Shore",80+,50,22,19
2020-07-19,"Eastern Shore",Missing,6,0,0
2020-07-19,Fairfax,0-9,523,20,0
2020-07-19,Fairfax,19-Oct,954,30,0
2020-07-19,Fairfax,20-29,2401,87,3
2020-07-19,Fairfax,30-39,2886,198,6
2020-07-19,Fairfax,40-49,2760,273,10
2020-07-19,Fairfax,50-59,2327,314,32
2020-07-19,Fairfax,60-69,1481,333,63
2020-07-19,Fairfax,70-79,697,248,115
2020-07-19,Fairfax,80+,817,302,293
2020-07-19,Fairfax,Missing,159,5,0
2020-07-19,Hampton,0-9,21,0,0
2020-07-19,Hampton,19-Oct,45,0,0
2020-07-19,Hampton,20-29,183,3,0
2020-07-19,Hampton,30-39,130,3,0
2020-07-19,Hampton,40-49,105,6,0
2020-07-19,Hampton,50-59,84,9,1
2020-07-19,Hampton,60-69,65,11,2
2020-07-19,Hampton,70-79,36,8,0
2020-07-19,Hampton,80+,16,2,1
2020-07-19,Hampton,Missing,16,0,0
2020-07-19,Henrico,0-9,115,2,0
2020-07-19,Henrico,19-Oct,222,4,0
2020-07-19,Henrico,20-29,455,15,0
2020-07-19,Henrico,30-39,522,19,0
2020-07-19,Henrico,40-49,443,28,2
2020-07-19,Henrico,50-59,381,45,8
2020-07-19,Henrico,60-69,309,51,34
2020-07-19,Henrico,70-79,229,51,43
2020-07-19,Henrico,80+,327,68,87
2020-07-19,Henrico,Missing,34,1,1
2020-07-19,Lenowisco,0-9,4,0,0
2020-07-19,Lenowisco,19-Oct,10,0,0
2020-07-19,Lenowisco,20-29,16,0,0
2020-07-19,Lenowisco,30-39,10,1,1
2020-07-19,Lenowisco,40-49,11,2,0
2020-07-19,Lenowisco,50-59,27,6,1
2020-07-19,Lenowisco,60-69,14,5,2
2020-07-19,Lenowisco,70-79,15,6,1
2020-07-19,Lenowisco,80+,6,1,0
2020-07-19,Lenowisco,Missing,0,0,0
2020-07-19,"Lord Fairfax",0-9,69,2,0
2020-07-19,"Lord Fairfax",19-Oct,170,1,0
2020-07-19,"Lord Fairfax",20-29,394,5,0
2020-07-19,"Lord Fairfax",30-39,379,11,1
2020-07-19,"Lord Fairfax",40-49,356,17,1
2020-07-19,"Lord Fairfax",50-59,373,31,3
2020-07-19,"Lord Fairfax",60-69,250,52,14
2020-07-19,"Lord Fairfax",70-79,150,44,17
2020-07-19,"Lord Fairfax",80+,167,39,44
2020-07-19,"Lord Fairfax",Missing,2,0,0
2020-07-19,Loudoun,0-9,167,4,0
2020-07-19,Loudoun,19-Oct,644,0,0
2020-07-19,Loudoun,20-29,758,10,0
2020-07-19,Loudoun,30-39,797,28,0
2020-07-19,Loudoun,40-49,870,58,1
2020-07-19,Loudoun,50-59,708,62,3
2020-07-19,Loudoun,60-69,269,53,7
2020-07-19,Loudoun,70-79,152,49,18
2020-07-19,Loudoun,80+,214,53,73
2020-07-19,Loudoun,Missing,68,0,1
2020-07-19,"Mount Rogers",0-9,40,1,0
2020-07-19,"Mount Rogers",19-Oct,69,0,0
2020-07-19,"Mount Rogers",20-29,153,0,0
2020-07-19,"Mount Rogers",30-39,140,4,0
2020-07-19,"Mount Rogers",40-49,137,5,1
2020-07-19,"Mount Rogers",50-59,138,9,1
2020-07-19,"Mount Rogers",60-69,116,12,0
2020-07-19,"Mount Rogers",70-79,80,29,13
2020-07-19,"Mount Rogers",80+,83,29,21
2020-07-19,"Mount Rogers",Missing,1,0,0
2020-07-19,"New River",0-9,8,0,0
2020-07-19,"New River",19-Oct,40,0,0
2020-07-19,"New River",20-29,100,0,0
2020-07-19,"New River",30-39,37,1,0
2020-07-19,"New River",40-49,50,3,0
2020-07-19,"New River",50-59,44,4,0
2020-07-19,"New River",60-69,30,5,0
2020-07-19,"New River",70-79,21,8,4
2020-07-19,"New River",80+,13,4,2
2020-07-19,"New River",Missing,0,0,0
2020-07-19,Norfolk,0-9,72,2,0
2020-07-19,Norfolk,19-Oct,114,1,0
2020-07-19,Norfolk,20-29,697,6,0
2020-07-19,Norfolk,30-39,421,16,1
2020-07-19,Norfolk,40-49,274,15,1
2020-07-19,Norfolk,50-59,227,24,3
2020-07-19,Norfolk,60-69,189,33,3
2020-07-19,Norfolk,70-79,79,29,6
2020-07-19,Norfolk,80+,53,13,5
2020-07-19,Norfolk,Missing,29,1,0
2020-07-19,Peninsula,0-9,79,0,0
2020-07-19,Peninsula,19-Oct,115,1,0
2020-07-19,Peninsula,20-29,482,1,0
2020-07-19,Peninsula,30-39,346,7,1
2020-07-19,Peninsula,40-49,279,12,1
2020-07-19,Peninsula,50-59,233,24,3
2020-07-19,Peninsula,60-69,176,31,3
2020-07-19,Peninsula,70-79,119,39,12
2020-07-19,Peninsula,80+,77,29,18
2020-07-19,Peninsula,Missing,18,0,0
2020-07-19,Piedmont,0-9,24,0,0
2020-07-19,Piedmont,19-Oct,39,0,0
2020-07-19,Piedmont,20-29,183,2,0
2020-07-19,Piedmont,30-39,222,5,0
2020-07-19,Piedmont,40-49,206,11,0
2020-07-19,Piedmont,50-59,204,25,1
2020-07-19,Piedmont,60-69,150,22,2
2020-07-19,Piedmont,70-79,80,26,4
2020-07-19,Piedmont,80+,54,23,12
2020-07-19,Piedmont,Missing,2,0,0
2020-07-19,Pittsylvania-Danville,0-9,13,0,0
2020-07-19,Pittsylvania-Danville,19-Oct,27,0,0
2020-07-19,Pittsylvania-Danville,20-29,53,0,0
2020-07-19,Pittsylvania-Danville,30-39,50,1,0
2020-07-19,Pittsylvania-Danville,40-49,79,7,0
2020-07-19,Pittsylvania-Danville,50-59,74,14,0
2020-07-19,Pittsylvania-Danville,60-69,55,10,1
2020-07-19,Pittsylvania-Danville,70-79,30,12,1
2020-07-19,Pittsylvania-Danville,80+,24,8,2
2020-07-19,Pittsylvania-Danville,Missing,0,0,0
2020-07-19,Portsmouth,0-9,33,3,0
2020-07-19,Portsmouth,19-Oct,56,0,0
2020-07-19,Portsmouth,20-29,230,11,0
2020-07-19,Portsmouth,30-39,203,9,1
2020-07-19,Portsmouth,40-49,128,8,0
2020-07-19,Portsmouth,50-59,129,22,2
2020-07-19,Portsmouth,60-69,101,22,6
2020-07-19,Portsmouth,70-79,46,13,5
2020-07-19,Portsmouth,80+,20,8,6
2020-07-19,Portsmouth,Missing,20,0,0
2020-07-19,"Prince William",0-9,384,10,0
2020-07-19,"Prince William",19-Oct,878,8,0
2020-07-19,"Prince William",20-29,1797,55,0
2020-07-19,"Prince William",30-39,1892,94,2
2020-07-19,"Prince William",40-49,2100,164,7
2020-07-19,"Prince William",50-59,1548,198,15
2020-07-19,"Prince William",60-69,823,169,43
2020-07-19,"Prince William",70-79,330,101,48
2020-07-19,"Prince William",80+,244,82,74
2020-07-19,"Prince William",Missing,155,3,0
2020-07-19,Rappahannock,0-9,125,2,0
2020-07-19,Rappahannock,19-Oct,279,3,0
2020-07-19,Rappahannock,20-29,494,13,0
2020-07-19,Rappahannock,30-39,528,25,0
2020-07-19,Rappahannock,40-49,501,46,2
2020-07-19,Rappahannock,50-59,428,51,4
2020-07-19,Rappahannock,60-69,233,47,6
2020-07-19,Rappahannock,70-79,119,35,15
2020-07-19,Rappahannock,80+,98,34,19
2020-07-19,Rappahannock,Missing,23,0,0
2020-07-19,"Rappahannock Rapidan",0-9,87,1,0
2020-07-19,"Rappahannock Rapidan",19-Oct,150,3,0
2020-07-19,"Rappahannock Rapidan",20-29,311,6,0
2020-07-19,"Rappahannock Rapidan",30-39,346,18,1
2020-07-19,"Rappahannock Rapidan",40-49,326,21,2
2020-07-19,"Rappahannock Rapidan",50-59,245,29,2
2020-07-19,"Rappahannock Rapidan",60-69,135,17,4
2020-07-19,"Rappahannock Rapidan",70-79,46,14,8
2020-07-19,"Rappahannock Rapidan",80+,28,16,8
2020-07-19,"Rappahannock Rapidan",Missing,12,0,0
2020-07-19,Richmond,0-9,112,6,0
2020-07-19,Richmond,19-Oct,211,2,0
2020-07-19,Richmond,20-29,577,16,0
2020-07-19,Richmond,30-39,549,29,1
2020-07-19,Richmond,40-49,418,31,3
2020-07-19,Richmond,50-59,320,55,2
2020-07-19,Richmond,60-69,222,53,7
2020-07-19,Richmond,70-79,92,37,14
2020-07-19,Richmond,80+,40,21,9
2020-07-19,Richmond,Missing,22,0,0
2020-07-19,Roanoke,0-9,17,0,0
2020-07-19,Roanoke,19-Oct,67,0,0
2020-07-19,Roanoke,20-29,146,3,0
2020-07-19,Roanoke,30-39,145,1,0
2020-07-19,Roanoke,40-49,92,1,0
2020-07-19,Roanoke,50-59,61,1,0
2020-07-19,Roanoke,60-69,45,3,0
2020-07-19,Roanoke,70-79,17,3,1
2020-07-19,Roanoke,80+,43,3,9
2020-07-19,Roanoke,Missing,4,0,0
2020-07-19,Southside,0-9,7,0,0
2020-07-19,Southside,19-Oct,17,0,0
2020-07-19,Southside,20-29,67,2,0
2020-07-19,Southside,30-39,80,4,0
2020-07-19,Southside,40-49,68,6,0
2020-07-19,Southside,50-59,76,10,0
2020-07-19,Southside,60-69,68,15,5
2020-07-19,Southside,70-79,67,11,14
2020-07-19,Southside,80+,83,12,13
2020-07-19,Southside,Missing,0,0,0
2020-07-19,"Thomas Jefferson",0-9,61,1,0
2020-07-19,"Thomas Jefferson",19-Oct,96,2,0
2020-07-19,"Thomas Jefferson",20-29,233,2,0
2020-07-19,"Thomas Jefferson",30-39,267,9,0
2020-07-19,"Thomas Jefferson",40-49,211,14,0
2020-07-19,"Thomas Jefferson",50-59,167,13,2
2020-07-19,"Thomas Jefferson",60-69,119,25,3
2020-07-19,"Thomas Jefferson",70-79,95,22,5
2020-07-19,"Thomas Jefferson",80+,125,28,19
2020-07-19,"Thomas Jefferson",Missing,2,0,0
2020-07-19,"Three Rivers",0-9,12,1,0
2020-07-19,"Three Rivers",19-Oct,43,0,0
2020-07-19,"Three Rivers",20-29,154,4,0
2020-07-19,"Three Rivers",30-39,182,3,0
2020-07-19,"Three Rivers",40-49,171,12,2
2020-07-19,"Three Rivers",50-59,121,10,0
2020-07-19,"Three Rivers",60-69,87,14,0
2020-07-19,"Three Rivers",70-79,42,9,5
2020-07-19,"Three Rivers",80+,40,8,4
2020-07-19,"Three Rivers",Missing,3,0,0
2020-07-19,"Virginia Beach",0-9,79,0,0
2020-07-19,"Virginia Beach",19-Oct,146,0,0
2020-07-19,"Virginia Beach",20-29,699,9,0
2020-07-19,"Virginia Beach",30-39,500,13,0
2020-07-19,"Virginia Beach",40-49,357,19,1
2020-07-19,"Virginia Beach",50-59,298,18,1
2020-07-19,"Virginia Beach",60-69,228,23,2
2020-07-19,"Virginia Beach",70-79,122,30,9
2020-07-19,"Virginia Beach",80+,118,36,24
2020-07-19,"Virginia Beach",Missing,63,0,0
2020-07-19,"West Piedmont",0-9,22,1,0
2020-07-19,"West Piedmont",19-Oct,86,0,0
2020-07-19,"West Piedmont",20-29,110,2,0
2020-07-19,"West Piedmont",30-39,110,4,0
2020-07-19,"West Piedmont",40-49,109,10,2
2020-07-19,"West Piedmont",50-59,131,21,1
2020-07-19,"West Piedmont",60-69,72,12,0
2020-07-19,"West Piedmont",70-79,35,14,4
2020-07-19,"West Piedmont",80+,24,14,1
2020-07-19,"West Piedmont",Missing,0,0,0
2020-07-19,"Western Tidewater",0-9,20,0,0
2020-07-19,"Western Tidewater",19-Oct,52,0,0
2020-07-19,"Western Tidewater",20-29,173,4,0
2020-07-19,"Western Tidewater",30-39,197,12,1
2020-07-19,"Western Tidewater",40-49,169,6,2
2020-07-19,"Western Tidewater",50-59,204,15,4
2020-07-19,"Western Tidewater",60-69,182,20,7
2020-07-19,"Western Tidewater",70-79,111,23,19
2020-07-19,"Western Tidewater",80+,156,29,35
2020-07-19,"Western Tidewater",Missing,16,0,0
2020-07-20,Alexandria,0-9,143,2,0
2020-07-20,Alexandria,19-Oct,192,4,0
2020-07-20,Alexandria,20-29,422,10,1
2020-07-20,Alexandria,30-39,587,32,0
2020-07-20,Alexandria,40-49,469,41,0
2020-07-20,Alexandria,50-59,325,52,10
2020-07-20,Alexandria,60-69,214,48,2
2020-07-20,Alexandria,70-79,102,38,18
2020-07-20,Alexandria,80+,94,28,25
2020-07-20,Alexandria,Missing,11,0,0
2020-07-20,Alleghany,0-9,15,0,0
2020-07-20,Alleghany,19-Oct,89,0,0
2020-07-20,Alleghany,20-29,129,1,0
2020-07-20,Alleghany,30-39,100,2,0
2020-07-20,Alleghany,40-49,99,2,0
2020-07-20,Alleghany,50-59,98,6,1
2020-07-20,Alleghany,60-69,72,8,1
2020-07-20,Alleghany,70-79,68,8,7
2020-07-20,Alleghany,80+,43,10,6
2020-07-20,Alleghany,Missing,2,0,0
2020-07-20,Arlington,0-9,56,2,0
2020-07-20,Arlington,19-Oct,127,5,0
2020-07-20,Arlington,20-29,520,22,0
2020-07-20,Arlington,30-39,493,43,0
2020-07-20,Arlington,40-49,454,51,8
2020-07-20,Arlington,50-59,402,67,6
2020-07-20,Arlington,60-69,294,82,19
2020-07-20,Arlington,70-79,177,73,33
2020-07-20,Arlington,80+,203,84,69
2020-07-20,Arlington,Missing,11,1,0
2020-07-20,"Central Shenandoah",0-9,65,0,0
2020-07-20,"Central Shenandoah",19-Oct,142,1,0
2020-07-20,"Central Shenandoah",20-29,470,10,0
2020-07-20,"Central Shenandoah",30-39,364,7,0
2020-07-20,"Central Shenandoah",40-49,396,15,0
2020-07-20,"Central Shenandoah",50-59,417,34,4
2020-07-20,"Central Shenandoah",60-69,298,47,13
2020-07-20,"Central Shenandoah",70-79,152,44,13
2020-07-20,"Central Shenandoah",80+,125,34,18
2020-07-20,"Central Shenandoah",Missing,1,0,0
2020-07-20,"Central Virginia",0-9,12,0,0
2020-07-20,"Central Virginia",19-Oct,82,1,0
2020-07-20,"Central Virginia",20-29,149,2,0
2020-07-20,"Central Virginia",30-39,88,1,0
2020-07-20,"Central Virginia",40-49,86,1,0
2020-07-20,"Central Virginia",50-59,94,2,2
2020-07-20,"Central Virginia",60-69,63,4,2
2020-07-20,"Central Virginia",70-79,34,4,2
2020-07-20,"Central Virginia",80+,27,2,0
2020-07-20,"Central Virginia",Missing,1,0,0
2020-07-20,Chesapeake,0-9,52,1,0
2020-07-20,Chesapeake,19-Oct,112,1,0
2020-07-20,Chesapeake,20-29,368,4,0
2020-07-20,Chesapeake,30-39,342,13,0
2020-07-20,Chesapeake,40-49,260,30,1
2020-07-20,Chesapeake,50-59,244,29,1
2020-07-20,Chesapeake,60-69,159,32,5
2020-07-20,Chesapeake,70-79,99,31,3
2020-07-20,Chesapeake,80+,82,27,14
2020-07-20,Chesapeake,Missing,40,1,0
2020-07-20,Chesterfield,0-9,134,1,0
2020-07-20,Chesterfield,19-Oct,349,0,0
2020-07-20,Chesterfield,20-29,646,9,0
2020-07-20,Chesterfield,30-39,721,12,0
2020-07-20,Chesterfield,40-49,649,24,3
2020-07-20,Chesterfield,50-59,504,44,4
2020-07-20,Chesterfield,60-69,328,51,12
2020-07-20,Chesterfield,70-79,149,31,22
2020-07-20,Chesterfield,80+,158,35,47
2020-07-20,Chesterfield,Missing,101,0,0
2020-07-20,Chickahominy,0-9,17,0,0
2020-07-20,Chickahominy,19-Oct,57,0,0
2020-07-20,Chickahominy,20-29,119,1,0
2020-07-20,Chickahominy,30-39,108,3,0
2020-07-20,Chickahominy,40-49,106,12,1
2020-07-20,Chickahominy,50-59,134,23,1
2020-07-20,Chickahominy,60-69,87,21,6
2020-07-20,Chickahominy,70-79,64,21,6
2020-07-20,Chickahominy,80+,83,34,26
2020-07-20,Chickahominy,Missing,15,0,0
2020-07-20,Crater,0-9,30,1,0
2020-07-20,Crater,19-Oct,79,0,0
2020-07-20,Crater,20-29,288,9,0
2020-07-20,Crater,30-39,317,9,0
2020-07-20,Crater,40-49,259,18,1
2020-07-20,Crater,50-59,322,36,3
2020-07-20,Crater,60-69,267,52,16
2020-07-20,Crater,70-79,159,40,18
2020-07-20,Crater,80+,125,24,12
2020-07-20,Crater,Missing,14,0,0
2020-07-20,"Cumberland Plateau",0-9,4,0,0
2020-07-20,"Cumberland Plateau",19-Oct,27,0,0
2020-07-20,"Cumberland Plateau",20-29,18,0,0
2020-07-20,"Cumberland Plateau",30-39,19,1,0
2020-07-20,"Cumberland Plateau",40-49,23,1,0
2020-07-20,"Cumberland Plateau",50-59,18,2,0
2020-07-20,"Cumberland Plateau",60-69,16,2,0
2020-07-20,"Cumberland Plateau",70-79,9,1,0
2020-07-20,"Cumberland Plateau",80+,5,3,0
2020-07-20,"Cumberland Plateau",Missing,0,0,0
2020-07-20,"Eastern Shore",0-9,21,2,0
2020-07-20,"Eastern Shore",19-Oct,61,1,0
2020-07-20,"Eastern Shore",20-29,199,6,0
2020-07-20,"Eastern Shore",30-39,241,9,0
2020-07-20,"Eastern Shore",40-49,250,12,2
2020-07-20,"Eastern Shore",50-59,276,20,5
2020-07-20,"Eastern Shore",60-69,179,29,8
2020-07-20,"Eastern Shore",70-79,49,16,9
2020-07-20,"Eastern Shore",80+,50,22,19
2020-07-20,"Eastern Shore",Missing,6,0,0
2020-07-20,Fairfax,0-9,524,20,0
2020-07-20,Fairfax,19-Oct,960,29,0
2020-07-20,Fairfax,20-29,2412,87,3
2020-07-20,Fairfax,30-39,2897,199,6
2020-07-20,Fairfax,40-49,2765,273,10
2020-07-20,Fairfax,50-59,2338,315,32
2020-07-20,Fairfax,60-69,1486,333,63
2020-07-20,Fairfax,70-79,697,249,115
2020-07-20,Fairfax,80+,819,302,293
2020-07-20,Fairfax,Missing,164,5,0
2020-07-20,Hampton,0-9,21,0,0
2020-07-20,Hampton,19-Oct,46,0,0
2020-07-20,Hampton,20-29,190,3,0
2020-07-20,Hampton,30-39,134,3,0
2020-07-20,Hampton,40-49,107,6,0
2020-07-20,Hampton,50-59,87,10,1
2020-07-20,Hampton,60-69,67,11,2
2020-07-20,Hampton,70-79,37,8,0
2020-07-20,Hampton,80+,16,2,1
2020-07-20,Hampton,Missing,18,0,0
2020-07-20,Henrico,0-9,116,2,0
2020-07-20,Henrico,19-Oct,227,4,0
2020-07-20,Henrico,20-29,457,15,0
2020-07-20,Henrico,30-39,527,19,0
2020-07-20,Henrico,40-49,444,28,2
2020-07-20,Henrico,50-59,383,45,8
2020-07-20,Henrico,60-69,312,52,34
2020-07-20,Henrico,70-79,230,51,43
2020-07-20,Henrico,80+,328,68,87
2020-07-20,Henrico,Missing,34,1,1
2020-07-20,Lenowisco,0-9,5,0,0
2020-07-20,Lenowisco,19-Oct,10,0,0
2020-07-20,Lenowisco,20-29,17,0,0
2020-07-20,Lenowisco,30-39,10,1,1
2020-07-20,Lenowisco,40-49,12,2,0
2020-07-20,Lenowisco,50-59,29,6,1
2020-07-20,Lenowisco,60-69,15,5,2
2020-07-20,Lenowisco,70-79,15,6,1
2020-07-20,Lenowisco,80+,6,1,0
2020-07-20,Lenowisco,Missing,0,0,0
2020-07-20,"Lord Fairfax",0-9,70,2,0
2020-07-20,"Lord Fairfax",19-Oct,173,2,0
2020-07-20,"Lord Fairfax",20-29,398,5,0
2020-07-20,"Lord Fairfax",30-39,382,11,1
2020-07-20,"Lord Fairfax",40-49,363,18,1
2020-07-20,"Lord Fairfax",50-59,376,31,3
2020-07-20,"Lord Fairfax",60-69,255,52,14
2020-07-20,"Lord Fairfax",70-79,153,44,17
2020-07-20,"Lord Fairfax",80+,167,39,44
2020-07-20,"Lord Fairfax",Missing,2,0,0
2020-07-20,Loudoun,0-9,168,4,0
2020-07-20,Loudoun,19-Oct,646,0,0
2020-07-20,Loudoun,20-29,763,10,0
2020-07-20,Loudoun,30-39,800,28,0
2020-07-20,Loudoun,40-49,873,58,1
2020-07-20,Loudoun,50-59,713,62,3
2020-07-20,Loudoun,60-69,271,53,7
2020-07-20,Loudoun,70-79,154,49,18
2020-07-20,Loudoun,80+,214,53,73
2020-07-20,Loudoun,Missing,68,0,1
2020-07-20,"Mount Rogers",0-9,40,1,0
2020-07-20,"Mount Rogers",19-Oct,70,0,0
2020-07-20,"Mount Rogers",20-29,158,0,0
2020-07-20,"Mount Rogers",30-39,141,4,0
2020-07-20,"Mount Rogers",40-49,138,5,1
2020-07-20,"Mount Rogers",50-59,140,9,1
2020-07-20,"Mount Rogers",60-69,119,14,0
2020-07-20,"Mount Rogers",70-79,81,29,13
2020-07-20,"Mount Rogers",80+,84,30,21
2020-07-20,"Mount Rogers",Missing,1,0,0
2020-07-20,"New River",0-9,8,0,0
2020-07-20,"New River",19-Oct,41,0,0
2020-07-20,"New River",20-29,100,0,0
2020-07-20,"New River",30-39,40,1,0
2020-07-20,"New River",40-49,50,3,0
2020-07-20,"New River",50-59,44,4,0
2020-07-20,"New River",60-69,30,5,0
2020-07-20,"New River",70-79,21,8,4
2020-07-20,"New River",80+,14,4,2
2020-07-20,"New River",Missing,0,0,0
2020-07-20,Norfolk,0-9,72,2,0
2020-07-20,Norfolk,19-Oct,117,1,0
2020-07-20,Norfolk,20-29,724,6,0
2020-07-20,Norfolk,30-39,433,16,1
2020-07-20,Norfolk,40-49,278,15,1
2020-07-20,Norfolk,50-59,230,24,3
2020-07-20,Norfolk,60-69,194,35,4
2020-07-20,Norfolk,70-79,81,29,6
2020-07-20,Norfolk,80+,56,13,5
2020-07-20,Norfolk,Missing,29,1,0
2020-07-20,Peninsula,0-9,79,0,0
2020-07-20,Peninsula,19-Oct,119,1,0
2020-07-20,Peninsula,20-29,510,1,0
2020-07-20,Peninsula,30-39,361,7,1
2020-07-20,Peninsula,40-49,294,12,1
2020-07-20,Peninsula,50-59,243,24,3
2020-07-20,Peninsula,60-69,179,32,4
2020-07-20,Peninsula,70-79,120,39,12
2020-07-20,Peninsula,80+,79,29,18
2020-07-20,Peninsula,Missing,21,0,0
2020-07-20,Piedmont,0-9,25,0,0
2020-07-20,Piedmont,19-Oct,39,0,0
2020-07-20,Piedmont,20-29,184,2,0
2020-07-20,Piedmont,30-39,224,5,0
2020-07-20,Piedmont,40-49,208,11,0
2020-07-20,Piedmont,50-59,205,25,1
2020-07-20,Piedmont,60-69,153,22,2
2020-07-20,Piedmont,70-79,82,26,4
2020-07-20,Piedmont,80+,55,23,12
2020-07-20,Piedmont,Missing,2,0,0
2020-07-20,Pittsylvania-Danville,0-9,14,0,0
2020-07-20,Pittsylvania-Danville,19-Oct,30,0,0
2020-07-20,Pittsylvania-Danville,20-29,54,0,0
2020-07-20,Pittsylvania-Danville,30-39,53,1,0
2020-07-20,Pittsylvania-Danville,40-49,82,8,1
2020-07-20,Pittsylvania-Danville,50-59,79,16,0
2020-07-20,Pittsylvania-Danville,60-69,57,10,1
2020-07-20,Pittsylvania-Danville,70-79,32,13,1
2020-07-20,Pittsylvania-Danville,80+,27,8,2
2020-07-20,Pittsylvania-Danville,Missing,0,0,0
2020-07-20,Portsmouth,0-9,34,3,0
2020-07-20,Portsmouth,19-Oct,62,0,0
2020-07-20,Portsmouth,20-29,244,11,0
2020-07-20,Portsmouth,30-39,209,9,1
2020-07-20,Portsmouth,40-49,137,8,0
2020-07-20,Portsmouth,50-59,134,22,2
2020-07-20,Portsmouth,60-69,102,23,6
2020-07-20,Portsmouth,70-79,47,13,5
2020-07-20,Portsmouth,80+,20,8,6
2020-07-20,Portsmouth,Missing,20,0,0
2020-07-20,"Prince William",0-9,387,10,0
2020-07-20,"Prince William",19-Oct,883,8,0
2020-07-20,"Prince William",20-29,1809,55,0
2020-07-20,"Prince William",30-39,1896,94,2
2020-07-20,"Prince William",40-49,2108,164,7
2020-07-20,"Prince William",50-59,1552,198,15
2020-07-20,"Prince William",60-69,826,169,43
2020-07-20,"Prince William",70-79,333,101,48
2020-07-20,"Prince William",80+,245,82,74
2020-07-20,"Prince William",Missing,154,3,0
2020-07-20,Rappahannock,0-9,126,2,0
2020-07-20,Rappahannock,19-Oct,281,3,0
2020-07-20,Rappahannock,20-29,496,13,0
2020-07-20,Rappahannock,30-39,530,25,0
2020-07-20,Rappahannock,40-49,503,46,2
2020-07-20,Rappahannock,50-59,433,51,4
2020-07-20,Rappahannock,60-69,233,47,6
2020-07-20,Rappahannock,70-79,120,35,15
2020-07-20,Rappahannock,80+,98,34,19
2020-07-20,Rappahannock,Missing,23,0,0
2020-07-20,"Rappahannock Rapidan",0-9,88,1,0
2020-07-20,"Rappahannock Rapidan",19-Oct,151,3,0
2020-07-20,"Rappahannock Rapidan",20-29,313,6,0
2020-07-20,"Rappahannock Rapidan",30-39,346,18,1
2020-07-20,"Rappahannock Rapidan",40-49,327,21,2
2020-07-20,"Rappahannock Rapidan",50-59,246,29,2
2020-07-20,"Rappahannock Rapidan",60-69,135,18,4
2020-07-20,"Rappahannock Rapidan",70-79,46,14,8
2020-07-20,"Rappahannock Rapidan",80+,30,17,8
2020-07-20,"Rappahannock Rapidan",Missing,12,0,0
2020-07-20,Richmond,0-9,112,6,0
2020-07-20,Richmond,19-Oct,212,2,0
2020-07-20,Richmond,20-29,589,16,0
2020-07-20,Richmond,30-39,553,29,1
2020-07-20,Richmond,40-49,422,31,3
2020-07-20,Richmond,50-59,320,55,2
2020-07-20,Richmond,60-69,224,54,7
2020-07-20,Richmond,70-79,94,38,14
2020-07-20,Richmond,80+,40,21,9
2020-07-20,Richmond,Missing,22,0,0
2020-07-20,Roanoke,0-9,18,0,0
2020-07-20,Roanoke,19-Oct,68,0,0
2020-07-20,Roanoke,20-29,148,3,0
2020-07-20,Roanoke,30-39,151,1,0
2020-07-20,Roanoke,40-49,99,1,0
2020-07-20,Roanoke,50-59,63,1,0
2020-07-20,Roanoke,60-69,47,3,0
2020-07-20,Roanoke,70-79,18,3,1
2020-07-20,Roanoke,80+,43,3,9
2020-07-20,Roanoke,Missing,4,0,0
2020-07-20,Southside,0-9,7,0,0
2020-07-20,Southside,19-Oct,17,0,0
2020-07-20,Southside,20-29,68,2,0
2020-07-20,Southside,30-39,85,4,0
2020-07-20,Southside,40-49,68,6,0
2020-07-20,Southside,50-59,77,10,0
2020-07-20,Southside,60-69,69,15,5
2020-07-20,Southside,70-79,68,11,14
2020-07-20,Southside,80+,83,12,13
2020-07-20,Southside,Missing,0,0,0
2020-07-20,"Thomas Jefferson",0-9,63,1,0
2020-07-20,"Thomas Jefferson",19-Oct,101,2,0
2020-07-20,"Thomas Jefferson",20-29,244,2,0
2020-07-20,"Thomas Jefferson",30-39,270,9,0
2020-07-20,"Thomas Jefferson",40-49,216,14,0
2020-07-20,"Thomas Jefferson",50-59,170,13,2
2020-07-20,"Thomas Jefferson",60-69,120,25,3
2020-07-20,"Thomas Jefferson",70-79,101,22,5
2020-07-20,"Thomas Jefferson",80+,127,28,19
2020-07-20,"Thomas Jefferson",Missing,2,0,0
2020-07-20,"Three Rivers",0-9,13,1,0
2020-07-20,"Three Rivers",19-Oct,43,0,0
2020-07-20,"Three Rivers",20-29,155,4,0
2020-07-20,"Three Rivers",30-39,185,3,0
2020-07-20,"Three Rivers",40-49,173,12,2
2020-07-20,"Three Rivers",50-59,125,10,0
2020-07-20,"Three Rivers",60-69,89,14,0
2020-07-20,"Three Rivers",70-79,44,9,5
2020-07-20,"Three Rivers",80+,41,8,5
2020-07-20,"Three Rivers",Missing,5,0,0
2020-07-20,"Virginia Beach",0-9,86,0,0
2020-07-20,"Virginia Beach",19-Oct,161,0,0
2020-07-20,"Virginia Beach",20-29,739,9,0
2020-07-20,"Virginia Beach",30-39,516,14,0
2020-07-20,"Virginia Beach",40-49,373,19,1
2020-07-20,"Virginia Beach",50-59,302,18,1
2020-07-20,"Virginia Beach",60-69,236,23,2
2020-07-20,"Virginia Beach",70-79,125,30,9
2020-07-20,"Virginia Beach",80+,118,36,24
2020-07-20,"Virginia Beach",Missing,64,0,0
2020-07-20,"West Piedmont",0-9,22,1,0
2020-07-20,"West Piedmont",19-Oct,86,0,0
2020-07-20,"West Piedmont",20-29,110,2,0
2020-07-20,"West Piedmont",30-39,110,4,0
2020-07-20,"West Piedmont",40-49,109,10,2
2020-07-20,"West Piedmont",50-59,131,21,1
2020-07-20,"West Piedmont",60-69,72,12,0
2020-07-20,"West Piedmont",70-79,35,14,4
2020-07-20,"West Piedmont",80+,24,14,1
2020-07-20,"West Piedmont",Missing,0,0,0
2020-07-20,"Western Tidewater",0-9,21,0,0
2020-07-20,"Western Tidewater",19-Oct,55,0,0
2020-07-20,"Western Tidewater",20-29,179,4,0
2020-07-20,"Western Tidewater",30-39,207,12,1
2020-07-20,"Western Tidewater",40-49,180,6,2
2020-07-20,"Western Tidewater",50-59,210,16,4
2020-07-20,"Western Tidewater",60-69,189,20,7
2020-07-20,"Western Tidewater",70-79,114,24,19
2020-07-20,"Western Tidewater",80+,160,30,35
2020-07-20,"Western Tidewater",Missing,16,0,0
2020-07-21,Norfolk,0-9,74,2,0
2020-07-21,"Cumberland Plateau",40-49,24,1,0
2020-07-21,"Eastern Shore",19-Oct,61,1,0
2020-07-21,"Mount Rogers",19-Oct,71,0,0
2020-07-21,"Rappahannock Rapidan",0-9,88,1,0
2020-07-21,"Three Rivers",0-9,13,1,0
2020-07-21,Henrico,40-49,447,28,2
2020-07-21,Alexandria,50-59,334,52,10
2020-07-21,Arlington,0-9,56,2,0
2020-07-21,Chickahominy,Missing,15,0,0
2020-07-21,"New River",20-29,100,0,0
2020-07-21,"Virginia Beach",20-29,771,9,0
2020-07-21,Chesapeake,50-59,250,31,1
2020-07-21,Alleghany,80+,43,10,6
2020-07-21,Fairfax,19-Oct,968,29,0
2020-07-21,Chesapeake,60-69,165,33,5
2020-07-21,"West Piedmont",Missing,0,0,0
2020-07-21,Peninsula,80+,80,29,18
2020-07-21,Crater,40-49,260,18,1
2020-07-21,Chesapeake,40-49,263,30,1
2020-07-21,"Thomas Jefferson",20-29,248,2,0
2020-07-21,"Lord Fairfax",20-29,398,5,0
2020-07-21,Norfolk,20-29,754,6,0
2020-07-21,Arlington,30-39,501,43,0
2020-07-21,"West Piedmont",60-69,77,12,0
2020-07-21,Henrico,50-59,391,47,9
2020-07-21,"West Piedmont",50-59,139,22,1
2020-07-21,"Cumberland Plateau",20-29,18,0,0
2020-07-21,Alexandria,70-79,102,38,18
2020-07-21,Portsmouth,20-29,254,11,0
2020-07-21,"Western Tidewater",30-39,212,12,1
2020-07-21,"Central Shenandoah",0-9,66,0,0
2020-07-21,Henrico,80+,330,68,88
2020-07-21,Alexandria,0-9,143,2,0
2020-07-21,Pittsylvania-Danville,40-49,82,8,1
2020-07-21,Henrico,20-29,468,15,0
2020-07-21,Roanoke,60-69,47,3,0
2020-07-21,Peninsula,30-39,375,8,1
2020-07-21,Alleghany,60-69,72,8,1
2020-07-21,"Prince William",70-79,334,101,48
2020-07-21,Norfolk,60-69,208,36,4
2020-07-21,Southside,40-49,69,6,0
2020-07-21,Chesterfield,30-39,729,14,0
2020-07-21,Loudoun,70-79,153,50,18
2020-07-21,"Central Virginia",40-49,92,1,0
2020-07-21,"New River",Missing,0,0,0
2020-07-21,Chickahominy,20-29,123,1,0
2020-07-21,"New River",0-9,8,0,0
2020-07-21,"Cumberland Plateau",0-9,4,0,0
2020-07-21,"Three Rivers",70-79,43,9,5
2020-07-21,"Rappahannock Rapidan",40-49,329,21,2
2020-07-21,Hampton,0-9,21,0,0
2020-07-21,Piedmont,50-59,207,25,1
2020-07-21,Rappahannock,20-29,500,13,0
2020-07-21,Crater,Missing,14,0,0
2020-07-21,Arlington,50-59,402,68,6
2020-07-21,Piedmont,70-79,82,26,4
2020-07-21,Alexandria,60-69,215,48,2
2020-07-21,Portsmouth,30-39,220,9,1
2020-07-21,Lenowisco,20-29,17,0,0
2020-07-21,"Central Virginia",30-39,93,1,0
2020-07-21,Norfolk,19-Oct,123,1,0
2020-07-21,"New River",19-Oct,41,0,0
2020-07-21,"Central Virginia",20-29,159,2,0
2020-07-21,Rappahannock,50-59,438,52,4
2020-07-21,Rappahannock,60-69,237,47,7
2020-07-21,Piedmont,20-29,186,2,0
2020-07-21,"New River",60-69,30,5,0
2020-07-21,Roanoke,40-49,100,1,0
2020-07-21,"Three Rivers",20-29,158,4,0
2020-07-21,Rappahannock,40-49,509,46,2
2020-07-21,Portsmouth,80+,20,8,6
2020-07-21,"Central Shenandoah",Missing,1,0,0
2020-07-21,"Eastern Shore",70-79,49,17,9
2020-07-21,"Mount Rogers",70-79,83,29,13
2020-07-21,"Cumberland Plateau",70-79,9,1,0
2020-07-21,Piedmont,19-Oct,39,0,0
2020-07-21,Southside,20-29,70,2,0
2020-07-21,Chesterfield,50-59,511,45,4
2020-07-21,"Rappahannock Rapidan",20-29,317,6,0
2020-07-21,"Cumberland Plateau",60-69,16,2,0
2020-07-21,Roanoke,70-79,18,3,1
2020-07-21,"Central Shenandoah",20-29,471,10,0
2020-07-21,Pittsylvania-Danville,80+,27,8,2
2020-07-21,"Virginia Beach",80+,125,39,24
2020-07-21,"Central Shenandoah",50-59,419,34,4
2020-07-21,Lenowisco,Missing,0,0,0
2020-07-21,Fairfax,30-39,2902,199,6
2020-07-21,Lenowisco,60-69,17,5,2
2020-07-21,Loudoun,30-39,802,29,0
2020-07-21,"West Piedmont",80+,25,15,2
2020-07-21,Roanoke,80+,43,3,9
2020-07-21,Fairfax,40-49,2776,274,10
2020-07-21,"Thomas Jefferson",80+,128,28,19
2020-07-21,Roanoke,20-29,149,3,0
2020-07-21,Henrico,60-69,314,55,34
2020-07-21,"Lord Fairfax",40-49,364,18,1
2020-07-21,"Western Tidewater",Missing,17,0,0
2020-07-21,Chickahominy,60-69,91,22,6
2020-07-21,Chesapeake,20-29,371,4,0
2020-07-21,"Three Rivers",Missing,6,0,0
2020-07-21,"West Piedmont",20-29,121,2,0
2020-07-21,Arlington,70-79,177,73,33
2020-07-21,Chickahominy,50-59,137,23,1
2020-07-21,Alleghany,40-49,99,2,0
2020-07-21,"Prince William",50-59,1560,198,15
2020-07-21,"Mount Rogers",0-9,40,1,0
2020-07-21,"Eastern Shore",0-9,21,2,0
2020-07-21,"Thomas Jefferson",60-69,123,25,4
2020-07-21,Pittsylvania-Danville,70-79,32,13,1
2020-07-21,Chesterfield,80+,158,35,47
2020-07-21,Richmond,0-9,113,6,0
2020-07-21,Chesapeake,80+,83,28,14
2020-07-21,Peninsula,40-49,300,13,1
2020-07-21,Henrico,0-9,118,2,0
2020-07-21,Lenowisco,80+,7,1,0
2020-07-21,Piedmont,60-69,155,22,2
2020-07-21,"West Piedmont",0-9,22,1,0
2020-07-21,"Rappahannock Rapidan",70-79,48,14,8
2020-07-21,"Central Shenandoah",70-79,153,44,13
2020-07-21,Chesapeake,30-39,351,13,0
2020-07-21,Chickahominy,0-9,20,0,0
2020-07-21,"Prince William",0-9,394,10,0
2020-07-21,"Eastern Shore",50-59,278,20,5
2020-07-21,"Mount Rogers",50-59,141,10,1
2020-07-21,Loudoun,19-Oct,652,0,0
2020-07-21,Southside,80+,83,12,13
2020-07-21,"Central Virginia",80+,29,3,0
2020-07-21,Rappahannock,Missing,23,0,0
2020-07-21,"Rappahannock Rapidan",30-39,349,18,1
2020-07-21,"New River",50-59,44,4,0
2020-07-21,Richmond,80+,40,21,9
2020-07-21,"Mount Rogers",20-29,160,0,0
2020-07-21,"Eastern Shore",20-29,200,6,0
2020-07-21,Hampton,19-Oct,49,0,0
2020-07-21,Portsmouth,0-9,35,3,0
2020-07-21,Crater,70-79,160,40,18
2020-07-21,Chesterfield,40-49,665,26,3
2020-07-21,Alexandria,Missing,11,0,0
2020-07-21,Southside,30-39,86,4,0
2020-07-21,"Prince William",Missing,154,3,0
2020-07-21,Hampton,60-69,71,11,2
2020-07-21,Fairfax,20-29,2428,86,3
2020-07-21,"Thomas Jefferson",0-9,67,1,0
2020-07-21,Lenowisco,40-49,15,2,0
2020-07-21,Fairfax,80+,820,302,293
2020-07-21,"Central Virginia",19-Oct,83,1,0
2020-07-21,Lenowisco,70-79,17,7,1
2020-07-21,"Virginia Beach",0-9,88,0,0
2020-07-21,Lenowisco,50-59,30,6,1
2020-07-21,Chesapeake,70-79,101,32,3
2020-07-21,"Western Tidewater",80+,161,30,35
2020-07-21,"Thomas Jefferson",19-Oct,106,2,0
2020-07-21,Richmond,40-49,426,31,3
2020-07-21,"Lord Fairfax",50-59,377,31,3
2020-07-21,"Lord Fairfax",19-Oct,173,2,0
2020-07-21,"Rappahannock Rapidan",19-Oct,152,3,0
2020-07-21,Crater,50-59,323,36,3
2020-07-21,Arlington,Missing,11,1,0
2020-07-21,Roanoke,50-59,63,1,0
2020-07-21,Rappahannock,19-Oct,284,3,0
2020-07-21,Roanoke,19-Oct,69,0,0
2020-07-21,"Eastern Shore",Missing,6,0,0
2020-07-21,"Mount Rogers",Missing,1,0,0
2020-07-21,"Prince William",60-69,828,171,44
2020-07-21,Alleghany,70-79,68,8,7
2020-07-21,Crater,20-29,291,9,0
2020-07-21,Loudoun,60-69,273,55,7
2020-07-21,Fairfax,0-9,527,20,0
2020-07-21,Roanoke,Missing,4,0,0
2020-07-21,Alexandria,20-29,428,10,1
2020-07-21,Portsmouth,70-79,49,14,6
2020-07-21,Alleghany,30-39,100,2,0
2020-07-21,"Prince William",20-29,1821,55,0
2020-07-21,Southside,70-79,68,11,14
2020-07-21,Piedmont,Missing,2,0,0
2020-07-21,Rappahannock,0-9,127,2,0
2020-07-21,Henrico,30-39,532,20,0
2020-07-21,"Prince William",19-Oct,887,8,0
2020-07-21,Chickahominy,19-Oct,60,0,0
2020-07-21,"Lord Fairfax",0-9,70,2,0
2020-07-21,"Central Virginia",Missing,1,0,0
2020-07-21,Fairfax,60-69,1490,333,64
2020-07-21,Hampton,20-29,199,3,0
2020-07-21,"Central Shenandoah",40-49,398,15,0
2020-07-21,Pittsylvania-Danville,0-9,14,0,0
2020-07-21,Crater,30-39,321,9,0
2020-07-21,"Virginia Beach",70-79,132,31,10
2020-07-21,"Virginia Beach",30-39,537,14,0
2020-07-21,Piedmont,0-9,25,0,0
2020-07-21,"Central Shenandoah",30-39,366,7,0
2020-07-21,Hampton,50-59,90,10,1
2020-07-21,Peninsula,70-79,121,40,12
2020-07-21,Arlington,20-29,521,22,0
2020-07-21,"West Piedmont",70-79,35,14,4
2020-07-21,Richmond,20-29,600,16,0
2020-07-21,Roanoke,0-9,19,0,0
2020-07-21,Hampton,30-39,137,3,0
2020-07-21,"Thomas Jefferson",30-39,274,9,0
2020-07-21,"Western Tidewater",40-49,184,6,2
2020-07-21,Richmond,50-59,324,55,1
2020-07-21,"Western Tidewater",50-59,217,16,4
2020-07-21,Henrico,19-Oct,233,4,0
2020-07-21,"Mount Rogers",30-39,143,4,0
2020-07-21,"Eastern Shore",30-39,241,9,0
2020-07-21,Chesterfield,0-9,137,1,0
2020-07-21,"Central Shenandoah",19-Oct,144,1,0
2020-07-21,Crater,0-9,31,1,0
2020-07-21,Fairfax,70-79,697,249,115
2020-07-21,Rappahannock,80+,99,34,19
2020-07-21,Alexandria,19-Oct,193,4,0
2020-07-21,Portsmouth,40-49,139,10,0
2020-07-21,"Three Rivers",50-59,128,10,0
2020-07-21,Alleghany,Missing,2,0,0
2020-07-21,Alexandria,30-39,591,32,0
2020-07-21,Southside,Missing,0,0,0
2020-07-21,Portsmouth,60-69,102,23,6
2020-07-21,Roanoke,30-39,153,1,0
2020-07-21,"Three Rivers",60-69,91,14,0
2020-07-21,Fairfax,50-59,2348,316,32
2020-07-21,Portsmouth,50-59,144,23,2
2020-07-21,Chickahominy,80+,83,34,26
2020-07-21,"Rappahannock Rapidan",50-59,252,29,2
2020-07-21,Hampton,Missing,18,0,0
2020-07-21,"Cumberland Plateau",80+,5,3,0
2020-07-21,Alleghany,50-59,98,6,1
2020-07-21,"Prince William",40-49,2116,167,8
2020-07-21,Fairfax,Missing,165,5,0
2020-07-21,"Virginia Beach",40-49,382,19,1
2020-07-21,Richmond,Missing,22,0,0
2020-07-21,Norfolk,40-49,288,15,1
2020-07-21,Piedmont,80+,56,23,12
2020-07-21,"Virginia Beach",60-69,242,24,2
2020-07-21,"West Piedmont",40-49,118,10,2
2020-07-21,Arlington,19-Oct,128,5,0
2020-07-21,Lenowisco,0-9,6,0,0
2020-07-21,Pittsylvania-Danville,50-59,79,16,0
2020-07-21,"Virginia Beach",50-59,318,18,1
2020-07-21,Chesapeake,Missing,39,1,0
2020-07-21,"Central Shenandoah",80+,125,34,18
2020-07-21,"Thomas Jefferson",40-49,215,14,0
2020-07-21,"Rappahannock Rapidan",60-69,138,18,4
2020-07-21,Norfolk,30-39,460,16,1
2020-07-21,"Rappahannock Rapidan",Missing,12,0,0
2020-07-21,"Lord Fairfax",80+,168,40,45
2020-07-21,"Three Rivers",19-Oct,43,0,0
2020-07-21,Piedmont,40-49,209,11,0
2020-07-21,Norfolk,80+,59,13,5
2020-07-21,Peninsula,20-29,523,1,0
2020-07-21,Norfolk,50-59,248,26,4
2020-07-21,"Thomas Jefferson",50-59,173,13,2
2020-07-21,Richmond,70-79,95,39,14
2020-07-21,Chesterfield,70-79,151,31,22
2020-07-21,Piedmont,30-39,224,5,0
2020-07-21,"Prince William",30-39,1906,94,2
2020-07-21,Alleghany,20-29,130,1,0
2020-07-21,Alleghany,0-9,16,0,0
2020-07-21,"Mount Rogers",40-49,141,5,1
2020-07-21,"Eastern Shore",40-49,252,12,2
2020-07-21,"Central Virginia",60-69,68,4,2
2020-07-21,Richmond,19-Oct,212,2,0
2020-07-21,Pittsylvania-Danville,60-69,57,10,1
2020-07-21,Pittsylvania-Danville,Missing,0,0,0
2020-07-21,Chesterfield,60-69,333,55,12
2020-07-21,Southside,19-Oct,18,0,0
2020-07-21,"New River",80+,14,4,2
2020-07-21,"Central Virginia",50-59,96,2,2
2020-07-21,Hampton,70-79,37,8,0
2020-07-21,Pittsylvania-Danville,19-Oct,30,0,0
2020-07-21,Richmond,60-69,224,54,7
2020-07-21,Chickahominy,40-49,107,12,1
2020-07-21,"Three Rivers",80+,41,8,5
2020-07-21,Rappahannock,30-39,539,25,0
2020-07-21,"Lord Fairfax",60-69,255,52,14
2020-07-21,"Western Tidewater",0-9,21,0,0
2020-07-21,Rappahannock,70-79,121,36,15
2020-07-21,"Prince William",80+,248,82,74
2020-07-21,Hampton,80+,16,2,1
2020-07-21,Alexandria,80+,94,28,25
2020-07-21,"Mount Rogers",60-69,119,14,0
2020-07-21,"Eastern Shore",60-69,180,29,8
2020-07-21,"Lord Fairfax",70-79,155,44,18
2020-07-21,"New River",30-39,40,1,0
2020-07-21,Chesapeake,19-Oct,115,1,0
2020-07-21,Hampton,40-49,113,6,0
2020-07-21,Peninsula,Missing,21,0,0
2020-07-21,Henrico,70-79,230,51,43
2020-07-21,"Western Tidewater",20-29,186,4,0
2020-07-21,Peninsula,0-9,79,0,0
2020-07-21,Loudoun,40-49,878,59,1
2020-07-21,Pittsylvania-Danville,30-39,53,1,0
2020-07-21,Loudoun,20-29,769,10,0
2020-07-21,Crater,60-69,267,53,16
2020-07-21,Loudoun,80+,215,55,76
2020-07-21,Arlington,80+,203,84,69
2020-07-21,"Virginia Beach",19-Oct,168,0,0
2020-07-21,"Mount Rogers",80+,85,32,21
2020-07-21,"Eastern Shore",80+,50,22,19
2020-07-21,Crater,19-Oct,81,0,0
2020-07-21,Lenowisco,30-39,12,1,1
2020-07-21,Norfolk,Missing,30,1,0
2020-07-21,Henrico,Missing,34,1,1
2020-07-21,"New River",40-49,50,3,0
2020-07-21,"Central Virginia",0-9,12,0,0
2020-07-21,"New River",70-79,21,8,4
2020-07-21,Loudoun,0-9,171,4,0
2020-07-21,"Central Virginia",70-79,37,4,2
2020-07-21,Southside,0-9,7,0,0
2020-07-21,"Three Rivers",40-49,175,12,2
2020-07-21,Chickahominy,30-39,111,3,0
2020-07-21,"Central Shenandoah",60-69,300,47,14
2020-07-21,"Western Tidewater",60-69,189,20,8
2020-07-21,"Cumberland Plateau",30-39,22,1,0
2020-07-21,Portsmouth,19-Oct,64,0,0
2020-07-21,Chesterfield,Missing,101,0,0
2020-07-21,Alexandria,40-49,471,41,0
2020-07-21,"Thomas Jefferson",70-79,104,22,5
2020-07-21,"Three Rivers",30-39,188,3,0
2020-07-21,"Western Tidewater",70-79,116,24,19
2020-07-21,Arlington,60-69,294,82,19
2020-07-21,"Cumberland Plateau",19-Oct,27,0,0
2020-07-21,"West Piedmont",30-39,112,3,0
2020-07-21,Peninsula,19-Oct,125,1,0
2020-07-21,Lenowisco,19-Oct,12,0,0
2020-07-21,Chesapeake,0-9,52,1,0
2020-07-21,Peninsula,50-59,247,24,3
2020-07-21,"Cumberland Plateau",Missing,0,0,0
2020-07-21,Peninsula,60-69,180,33,4
2020-07-21,"Lord Fairfax",30-39,382,11,1
2020-07-21,"Virginia Beach",Missing,66,0,0
2020-07-21,Arlington,40-49,457,51,8
2020-07-21,"West Piedmont",19-Oct,86,0,0
2020-07-21,Chickahominy,70-79,65,21,6
2020-07-21,Pittsylvania-Danville,20-29,54,0,0
2020-07-21,Loudoun,50-59,714,62,3
2020-07-21,Richmond,30-39,567,30,1
2020-07-21,"Thomas Jefferson",Missing,2,0,0
2020-07-21,"Rappahannock Rapidan",80+,30,17,8
2020-07-21,"Lord Fairfax",Missing,2,0,0
2020-07-21,"Cumberland Plateau",50-59,18,2,0
2020-07-21,Loudoun,Missing,68,0,1
2020-07-21,Southside,50-59,80,10,0
2020-07-21,Chesterfield,20-29,665,10,0
2020-07-21,Norfolk,70-79,85,29,6
2020-07-21,Alleghany,19-Oct,89,0,0
2020-07-21,Crater,80+,125,25,12
2020-07-21,Portsmouth,Missing,19,0,0
2020-07-21,"Western Tidewater",19-Oct,60,0,0
2020-07-21,Chesterfield,19-Oct,360,0,0
2020-07-21,Southside,60-69,69,15,5
2020-07-22,Norfolk,0-9,78,2,0
2020-07-22,"Cumberland Plateau",40-49,27,1,0
2020-07-22,"Eastern Shore",19-Oct,61,1,0
2020-07-22,"Mount Rogers",19-Oct,74,0,0
2020-07-22,"Rappahannock Rapidan",0-9,88,1,0
2020-07-22,"Three Rivers",0-9,13,1,0
2020-07-22,Henrico,40-49,452,30,2
2020-07-22,Alexandria,50-59,336,52,10
2020-07-22,Arlington,0-9,57,2,0
2020-07-22,Chickahominy,Missing,15,0,0
2020-07-22,"New River",20-29,101,0,0
2020-07-22,"Virginia Beach",20-29,817,9,0
2020-07-22,Chesapeake,50-59,257,31,1
2020-07-22,Alleghany,80+,44,10,6
2020-07-22,Fairfax,19-Oct,974,29,0
2020-07-22,Chesapeake,60-69,169,33,5
2020-07-22,"West Piedmont",Missing,0,0,0
2020-07-22,Peninsula,80+,82,29,18
2020-07-22,Crater,40-49,264,18,1
2020-07-22,Chesapeake,40-49,273,31,1
2020-07-22,"Thomas Jefferson",20-29,249,2,0
2020-07-22,"Lord Fairfax",20-29,401,5,0
2020-07-22,Norfolk,20-29,779,7,0
2020-07-22,Arlington,30-39,502,43,0
2020-07-22,"West Piedmont",60-69,80,12,0
2020-07-22,Henrico,50-59,391,48,9
2020-07-22,"West Piedmont",50-59,143,22,1
2020-07-22,"Cumberland Plateau",20-29,20,0,0
2020-07-22,Alexandria,70-79,104,39,18
2020-07-22,Portsmouth,20-29,261,11,0
2020-07-22,"Western Tidewater",30-39,214,13,1
2020-07-22,"Central Shenandoah",0-9,68,0,0
2020-07-22,Henrico,80+,330,68,88
2020-07-22,Alexandria,0-9,150,2,0
2020-07-22,Pittsylvania-Danville,40-49,85,8,1
2020-07-22,Henrico,20-29,473,15,0
2020-07-22,Roanoke,60-69,47,3,0
2020-07-22,Peninsula,30-39,383,8,1
2020-07-22,Alleghany,60-69,72,8,1
2020-07-22,"Prince William",70-79,335,102,48
2020-07-22,Norfolk,60-69,214,36,3
2020-07-22,Southside,40-49,69,6,0
2020-07-22,Chesterfield,30-39,735,14,0
2020-07-22,Loudoun,70-79,152,50,18
2020-07-22,"Central Virginia",40-49,102,1,0
2020-07-22,"New River",Missing,0,0,0
2020-07-22,Chickahominy,20-29,123,1,0
2020-07-22,"New River",0-9,8,0,0
2020-07-22,"Cumberland Plateau",0-9,4,0,0
2020-07-22,"Three Rivers",70-79,44,9,5
2020-07-22,"Rappahannock Rapidan",40-49,331,21,2
2020-07-22,Hampton,0-9,21,0,0
2020-07-22,Piedmont,50-59,208,25,1
2020-07-22,Rappahannock,20-29,507,14,0
2020-07-22,Crater,Missing,14,0,0
2020-07-22,Arlington,50-59,405,68,6
2020-07-22,Piedmont,70-79,82,26,4
2020-07-22,Alexandria,60-69,215,48,2
2020-07-22,Portsmouth,30-39,228,9,1
2020-07-22,Lenowisco,20-29,20,0,0
2020-07-22,"Central Virginia",30-39,102,1,0
2020-07-22,Norfolk,19-Oct,125,1,0
2020-07-22,"New River",19-Oct,41,0,0
2020-07-22,"Central Virginia",20-29,169,2,0
2020-07-22,Rappahannock,50-59,450,51,4
2020-07-22,Rappahannock,60-69,238,47,7
2020-07-22,Piedmont,20-29,186,2,0
2020-07-22,"New River",60-69,30,5,0
2020-07-22,Roanoke,40-49,102,1,0
2020-07-22,"Three Rivers",20-29,160,4,0
2020-07-22,Rappahannock,40-49,518,46,2
2020-07-22,Portsmouth,80+,20,8,6
2020-07-22,"Central Shenandoah",Missing,1,0,0
2020-07-22,"Eastern Shore",70-79,50,18,9
2020-07-22,"Mount Rogers",70-79,84,29,13
2020-07-22,"Cumberland Plateau",70-79,10,1,0
2020-07-22,Piedmont,19-Oct,39,0,0
2020-07-22,Southside,20-29,71,2,0
2020-07-22,Chesterfield,50-59,512,45,4
2020-07-22,"Rappahannock Rapidan",20-29,325,6,0
2020-07-22,"Cumberland Plateau",60-69,16,2,0
2020-07-22,Roanoke,70-79,19,3,1
2020-07-22,"Central Shenandoah",20-29,479,10,0
2020-07-22,Pittsylvania-Danville,80+,28,8,2
2020-07-22,"Virginia Beach",80+,125,41,24
2020-07-22,"Central Shenandoah",50-59,420,34,4
2020-07-22,Lenowisco,Missing,0,0,0
2020-07-22,Fairfax,30-39,2912,199,6
2020-07-22,Lenowisco,60-69,19,5,2
2020-07-22,Loudoun,30-39,806,29,0
2020-07-22,"West Piedmont",80+,28,18,2
2020-07-22,Roanoke,80+,43,3,9
2020-07-22,Fairfax,40-49,2799,274,10
2020-07-22,"Thomas Jefferson",80+,129,29,19
2020-07-22,Roanoke,20-29,152,3,0
2020-07-22,Henrico,60-69,312,56,34
2020-07-22,"Lord Fairfax",40-49,368,18,1
2020-07-22,"Western Tidewater",Missing,17,0,0
2020-07-22,Chickahominy,60-69,90,22,6
2020-07-22,Chesapeake,20-29,382,4,0
2020-07-22,"Three Rivers",Missing,6,0,0
2020-07-22,Henrico,19-Oct,235,4,0
2020-07-22,"Mount Rogers",30-39,143,4,0
2020-07-22,"Eastern Shore",30-39,243,10,0
2020-07-22,Chesterfield,0-9,140,1,0
2020-07-22,"Central Shenandoah",19-Oct,144,1,0
2020-07-22,Crater,0-9,31,1,0
2020-07-22,Fairfax,70-79,697,248,115
2020-07-22,Rappahannock,80+,99,35,19
2020-07-22,Alexandria,19-Oct,194,4,0
2020-07-22,Portsmouth,40-49,146,11,0
2020-07-22,"Three Rivers",50-59,132,10,0
2020-07-22,Alleghany,Missing,2,0,0
2020-07-22,Alexandria,30-39,598,32,0
2020-07-22,Southside,Missing,0,0,0
2020-07-22,Portsmouth,60-69,106,23,6
2020-07-22,Roanoke,30-39,157,1,0
2020-07-22,"Three Rivers",60-69,93,14,0
2020-07-22,Fairfax,50-59,2362,316,32
2020-07-22,Portsmouth,50-59,150,23,2
2020-07-22,Chickahominy,80+,84,35,26
2020-07-22,"Rappahannock Rapidan",50-59,256,30,2
2020-07-22,Fairfax,80+,822,302,293
2020-07-22,Hampton,Missing,19,0,0
2020-07-22,"Cumberland Plateau",80+,5,3,0
2020-07-22,Alleghany,50-59,99,6,1
2020-07-22,"Prince William",40-49,2121,172,8
2020-07-22,Fairfax,Missing,165,5,0
2020-07-22,"Virginia Beach",40-49,401,20,1
2020-07-22,Richmond,Missing,22,0,0
2020-07-22,Norfolk,40-49,299,17,1
2020-07-22,Piedmont,80+,56,23,12
2020-07-22,"Virginia Beach",60-69,252,32,3
2020-07-22,"West Piedmont",40-49,122,11,2
2020-07-22,Arlington,19-Oct,130,5,0
2020-07-22,Lenowisco,0-9,6,0,0
2020-07-22,Pittsylvania-Danville,50-59,91,16,0
2020-07-22,"Virginia Beach",50-59,340,20,1
2020-07-22,Chesapeake,Missing,40,1,0
2020-07-22,"Central Shenandoah",80+,127,34,18
2020-07-22,"Thomas Jefferson",40-49,219,15,0
2020-07-22,"Rappahannock Rapidan",60-69,139,18,4
2020-07-22,Norfolk,30-39,469,16,1
2020-07-22,"Rappahannock Rapidan",Missing,12,0,0
2020-07-22,"Lord Fairfax",80+,171,40,45
2020-07-22,"Three Rivers",19-Oct,43,0,0
2020-07-22,Piedmont,40-49,211,11,0
2020-07-22,Norfolk,80+,59,13,5
2020-07-22,Peninsula,20-29,539,1,0
2020-07-22,Norfolk,50-59,252,26,4
2020-07-22,"Thomas Jefferson",50-59,178,16,2
2020-07-22,Richmond,70-79,98,42,14
2020-07-22,Chesterfield,70-79,151,31,22
2020-07-22,Piedmont,30-39,226,5,0
2020-07-22,"Prince William",30-39,1916,97,2
2020-07-22,Alleghany,20-29,131,1,0
2020-07-22,Alleghany,0-9,16,0,0
2020-07-22,"Mount Rogers",40-49,144,5,1
2020-07-22,"Eastern Shore",40-49,252,12,2
2020-07-22,"Central Virginia",60-69,70,4,2
2020-07-22,Richmond,19-Oct,216,2,0
2020-07-22,Pittsylvania-Danville,60-69,59,10,1
2020-07-22,Pittsylvania-Danville,Missing,0,0,0
2020-07-22,Chesterfield,60-69,335,55,12
2020-07-22,Southside,19-Oct,18,0,0
2020-07-22,"New River",80+,14,4,2
2020-07-22,"Central Virginia",50-59,102,2,2
2020-07-22,Hampton,70-79,38,8,0
2020-07-22,Pittsylvania-Danville,19-Oct,31,0,0
2020-07-22,Richmond,60-69,228,56,7
2020-07-22,"Virginia Beach",0-9,90,0,0
2020-07-22,Lenowisco,50-59,30,6,1
2020-07-22,Chesapeake,70-79,103,32,3
2020-07-22,"Western Tidewater",80+,161,30,35
2020-07-22,"Thomas Jefferson",19-Oct,108,2,0
2020-07-22,Richmond,40-49,427,31,3
2020-07-22,"Lord Fairfax",50-59,379,31,3
2020-07-22,"Lord Fairfax",19-Oct,175,2,0
2020-07-22,"Rappahannock Rapidan",19-Oct,152,3,0
2020-07-22,Crater,50-59,323,36,3
2020-07-22,Arlington,Missing,11,1,0
2020-07-22,Roanoke,50-59,65,1,0
2020-07-22,Rappahannock,19-Oct,290,3,0
2020-07-22,Roanoke,19-Oct,70,0,0
2020-07-22,"Eastern Shore",Missing,6,0,0
2020-07-22,"Mount Rogers",Missing,1,0,0
2020-07-22,"Prince William",60-69,833,175,45
2020-07-22,Alleghany,70-79,70,8,7
2020-07-22,Crater,20-29,294,9,0
2020-07-22,Loudoun,60-69,275,55,7
2020-07-22,Fairfax,0-9,527,20,0
2020-07-22,Roanoke,Missing,4,0,0
2020-07-22,Alexandria,20-29,434,10,1
2020-07-22,Portsmouth,70-79,53,15,6
2020-07-22,Alleghany,30-39,101,2,0
2020-07-22,"Prince William",20-29,1829,55,0
2020-07-22,Southside,70-79,68,11,14
2020-07-22,Piedmont,Missing,2,0,0
2020-07-22,Rappahannock,0-9,128,2,0
2020-07-22,Henrico,30-39,535,20,0
2020-07-22,"Prince William",19-Oct,890,8,0
2020-07-22,Chickahominy,19-Oct,61,0,0
2020-07-22,"Lord Fairfax",0-9,72,2,0
2020-07-22,"Central Virginia",Missing,1,0,0
2020-07-22,Fairfax,60-69,1497,333,64
2020-07-22,Hampton,20-29,205,3,0
2020-07-22,"Central Shenandoah",40-49,407,15,0
2020-07-22,Pittsylvania-Danville,0-9,15,0,0
2020-07-22,Crater,30-39,323,9,0
2020-07-22,"Virginia Beach",70-79,134,33,10
2020-07-22,"Virginia Beach",30-39,563,15,0
2020-07-22,Piedmont,0-9,25,0,0
2020-07-22,"Central Shenandoah",30-39,367,8,0
2020-07-22,Hampton,50-59,93,10,1
2020-07-22,Peninsula,70-79,122,40,12
2020-07-22,Arlington,20-29,527,22,0
2020-07-22,"West Piedmont",70-79,37,16,4
2020-07-22,Richmond,20-29,605,16,0
2020-07-22,Roanoke,0-9,20,0,0
2020-07-22,Hampton,30-39,141,3,0
2020-07-22,"Thomas Jefferson",30-39,275,10,0
2020-07-22,"Western Tidewater",40-49,188,6,2
2020-07-22,Richmond,50-59,323,57,1
2020-07-22,"Western Tidewater",50-59,221,16,4
2020-07-22,Chickahominy,40-49,109,12,1
2020-07-22,"Three Rivers",80+,41,8,5
2020-07-22,Rappahannock,30-39,548,25,0
2020-07-22,"Lord Fairfax",60-69,253,52,14
2020-07-22,"Western Tidewater",0-9,21,0,0
2020-07-22,Rappahannock,70-79,122,37,16
2020-07-22,"Prince William",80+,249,83,74
2020-07-22,Hampton,80+,18,2,1
2020-07-22,Alexandria,80+,94,28,25
2020-07-22,"Mount Rogers",60-69,121,15,1
2020-07-22,"Eastern Shore",60-69,181,29,8
2020-07-22,"Lord Fairfax",70-79,157,44,18
2020-07-22,"New River",30-39,41,1,0
2020-07-22,Chesapeake,19-Oct,118,1,0
2020-07-22,Hampton,40-49,115,6,0
2020-07-22,Peninsula,Missing,23,0,0
2020-07-22,Henrico,70-79,230,51,43
2020-07-22,"Western Tidewater",20-29,190,4,0
2020-07-22,Peninsula,0-9,79,0,0
2020-07-22,Loudoun,40-49,886,59,1
2020-07-22,Pittsylvania-Danville,30-39,62,1,0
2020-07-22,Loudoun,20-29,780,10,0
2020-07-22,Crater,60-69,269,53,16
2020-07-22,Loudoun,80+,216,55,76
2020-07-22,Arlington,80+,202,84,69
2020-07-22,"Virginia Beach",19-Oct,180,0,0
2020-07-22,"Mount Rogers",80+,87,33,21
2020-07-22,"Eastern Shore",80+,50,22,19
2020-07-22,Crater,19-Oct,83,0,0
2020-07-22,Lenowisco,30-39,15,1,1
2020-07-22,Norfolk,Missing,29,1,0
2020-07-22,Henrico,Missing,36,1,1
2020-07-22,"New River",40-49,50,3,0
2020-07-22,"Central Virginia",0-9,12,0,0
2020-07-22,"New River",70-79,21,8,4
2020-07-22,Loudoun,0-9,175,4,0
2020-07-22,"Central Virginia",70-79,38,4,2
2020-07-22,Southside,0-9,7,0,0
2020-07-22,"Three Rivers",40-49,176,12,2
2020-07-22,Chickahominy,30-39,111,3,0
2020-07-22,"Central Shenandoah",60-69,303,47,14
2020-07-22,"Western Tidewater",60-69,191,20,8
2020-07-22,"Cumberland Plateau",30-39,23,1,0
2020-07-22,Portsmouth,19-Oct,65,0,0
2020-07-22,Chesterfield,Missing,101,0,0
2020-07-22,Alexandria,40-49,482,41,0
2020-07-22,"Thomas Jefferson",70-79,104,23,5
2020-07-22,"Three Rivers",30-39,189,3,0
2020-07-22,"Western Tidewater",70-79,118,24,19
2020-07-22,Arlington,60-69,294,82,19
2020-07-22,"Cumberland Plateau",19-Oct,28,0,0
2020-07-22,"West Piedmont",30-39,113,3,0
2020-07-22,Peninsula,19-Oct,127,1,0
2020-07-22,"West Piedmont",20-29,122,2,0
2020-07-22,Arlington,70-79,177,73,33
2020-07-22,Chickahominy,50-59,137,23,1
2020-07-22,Alleghany,40-49,104,2,0
2020-07-22,"Prince William",50-59,1565,204,15
2020-07-22,"Mount Rogers",0-9,40,1,0
2020-07-22,"Eastern Shore",0-9,21,2,0
2020-07-22,"Thomas Jefferson",60-69,127,26,4
2020-07-22,Pittsylvania-Danville,70-79,33,13,1
2020-07-22,Chesterfield,80+,158,35,47
2020-07-22,Richmond,0-9,115,6,0
2020-07-22,Chesapeake,80+,85,29,14
2020-07-22,Peninsula,40-49,310,14,1
2020-07-22,Henrico,0-9,118,2,0
2020-07-22,Lenowisco,80+,7,1,0
2020-07-22,Piedmont,60-69,157,23,2
2020-07-22,"West Piedmont",0-9,24,1,0
2020-07-22,"Rappahannock Rapidan",70-79,48,14,8
2020-07-22,"Central Shenandoah",70-79,153,44,13
2020-07-22,Chesapeake,30-39,367,13,0
2020-07-22,Chickahominy,0-9,20,0,0
2020-07-22,"Prince William",0-9,395,10,0
2020-07-22,"Eastern Shore",50-59,277,20,5
2020-07-22,"Mount Rogers",50-59,141,10,1
2020-07-22,Loudoun,19-Oct,660,0,0
2020-07-22,Southside,80+,83,12,13
2020-07-22,"Central Virginia",80+,29,3,0
2020-07-22,Rappahannock,Missing,23,0,0
2020-07-22,"Rappahannock Rapidan",30-39,351,18,1
2020-07-22,"New River",50-59,45,4,0
2020-07-22,Richmond,80+,40,21,9
2020-07-22,"Mount Rogers",20-29,162,0,0
2020-07-22,"Eastern Shore",20-29,201,6,0
2020-07-22,Hampton,19-Oct,50,0,0
2020-07-22,Portsmouth,0-9,36,3,0
2020-07-22,Crater,70-79,160,40,18
2020-07-22,Chesterfield,40-49,671,27,3
2020-07-22,Alexandria,Missing,11,0,0
2020-07-22,Southside,30-39,88,4,0
2020-07-22,"Prince William",Missing,154,3,0
2020-07-22,Hampton,60-69,72,11,2
2020-07-22,Fairfax,20-29,2451,86,3
2020-07-22,"Thomas Jefferson",0-9,67,1,0
2020-07-22,Lenowisco,40-49,15,2,0
2020-07-22,"Central Virginia",19-Oct,86,1,0
2020-07-22,Lenowisco,70-79,18,7,1
2020-07-22,Lenowisco,19-Oct,15,0,0
2020-07-22,Chesapeake,0-9,56,1,0
2020-07-22,Peninsula,50-59,257,24,3
2020-07-22,"Cumberland Plateau",Missing,0,0,0
2020-07-22,Peninsula,60-69,182,34,4
2020-07-22,"Lord Fairfax",30-39,392,11,1
2020-07-22,"Virginia Beach",Missing,66,0,0
2020-07-22,Arlington,40-49,458,51,8
2020-07-22,"West Piedmont",19-Oct,88,0,0
2020-07-22,Chickahominy,70-79,66,21,6
2020-07-22,Pittsylvania-Danville,20-29,58,0,0
2020-07-22,Loudoun,50-59,720,62,3
2020-07-22,Richmond,30-39,569,30,1
2020-07-22,"Thomas Jefferson",Missing,2,0,0
2020-07-22,"Rappahannock Rapidan",80+,30,17,8
2020-07-22,"Lord Fairfax",Missing,2,0,0
2020-07-22,"Cumberland Plateau",50-59,27,2,0
2020-07-22,Loudoun,Missing,68,0,1
2020-07-22,Southside,50-59,81,10,0
2020-07-22,Chesterfield,20-29,673,10,0
2020-07-22,Norfolk,70-79,85,30,6
2020-07-22,Alleghany,19-Oct,94,0,0
2020-07-22,Crater,80+,126,26,12
2020-07-22,Portsmouth,Missing,20,0,0
2020-07-22,"Western Tidewater",19-Oct,65,0,0
2020-07-22,Chesterfield,19-Oct,361,0,0
2020-07-22,Southside,60-69,69,15,5
2020-07-23,Norfolk,0-9,80,2,0
2020-07-23,"Cumberland Plateau",40-49,27,1,0
2020-07-23,"Eastern Shore",19-Oct,61,1,0
2020-07-23,"Mount Rogers",19-Oct,78,0,0
2020-07-23,"Rappahannock Rapidan",0-9,89,1,0
2020-07-23,"Three Rivers",0-9,13,1,0
2020-07-23,Henrico,40-49,456,31,2
2020-07-23,Alexandria,50-59,338,52,10
2020-07-23,Arlington,0-9,57,2,0
2020-07-23,Chickahominy,Missing,15,0,0
2020-07-23,"New River",20-29,102,0,0
2020-07-23,"Virginia Beach",20-29,837,9,0
2020-07-23,Chesapeake,50-59,257,32,1
2020-07-23,Alleghany,80+,44,10,6
2020-07-23,Fairfax,19-Oct,976,29,0
2020-07-23,Chesapeake,60-69,171,34,5
2020-07-23,"West Piedmont",Missing,0,0,0
2020-07-23,Peninsula,80+,82,30,18
2020-07-23,Crater,40-49,269,18,1
2020-07-23,Chesapeake,40-49,276,31,1
2020-07-23,"Thomas Jefferson",20-29,261,2,0
2020-07-23,"Lord Fairfax",20-29,401,5,0
2020-07-23,Norfolk,20-29,817,7,0
2020-07-23,Arlington,30-39,506,43,0
2020-07-23,"West Piedmont",60-69,81,12,1
2020-07-23,Henrico,50-59,396,48,9
2020-07-23,"West Piedmont",50-59,145,22,1
2020-07-23,"Cumberland Plateau",20-29,22,0,0
2020-07-23,Alexandria,70-79,105,39,18
2020-07-23,Portsmouth,20-29,262,11,0
2020-07-23,"Western Tidewater",30-39,224,15,1
2020-07-23,"Central Shenandoah",0-9,67,0,0
2020-07-23,Henrico,80+,332,70,88
2020-07-23,Alexandria,0-9,150,2,0
2020-07-23,Pittsylvania-Danville,40-49,88,8,1
2020-07-23,Henrico,20-29,482,16,0
2020-07-23,Roanoke,60-69,48,3,0
2020-07-23,Peninsula,30-39,388,12,1
2020-07-23,Alleghany,60-69,73,8,1
2020-07-23,"Prince William",70-79,336,105,48
2020-07-23,Norfolk,60-69,226,37,3
2020-07-23,Southside,40-49,72,6,0
2020-07-23,Chesterfield,30-39,740,14,0
2020-07-23,Loudoun,70-79,155,50,18
2020-07-23,"Central Virginia",40-49,102,1,0
2020-07-23,"New River",Missing,0,0,0
2020-07-23,Chickahominy,20-29,124,1,0
2020-07-23,"New River",0-9,8,0,0
2020-07-23,"Cumberland Plateau",0-9,4,0,0
2020-07-23,"Three Rivers",70-79,44,9,5
2020-07-23,"Rappahannock Rapidan",40-49,333,21,2
2020-07-23,Hampton,0-9,21,0,0
2020-07-23,Piedmont,50-59,208,25,1
2020-07-23,Rappahannock,20-29,522,14,0
2020-07-23,"West Piedmont",20-29,124,2,0
2020-07-23,Arlington,70-79,177,73,33
2020-07-23,Chickahominy,50-59,138,23,1
2020-07-23,Alleghany,40-49,105,2,0
2020-07-23,"Prince William",50-59,1571,206,15
2020-07-23,"Mount Rogers",0-9,41,1,0
2020-07-23,"Eastern Shore",0-9,21,2,0
2020-07-23,"Thomas Jefferson",60-69,132,28,4
2020-07-23,Pittsylvania-Danville,70-79,35,13,1
2020-07-23,Chesterfield,80+,159,35,47
2020-07-23,Richmond,0-9,116,6,0
2020-07-23,Chesapeake,80+,88,29,14
2020-07-23,Peninsula,40-49,315,14,1
2020-07-23,Henrico,0-9,118,2,0
2020-07-23,Lenowisco,80+,8,1,0
2020-07-23,Piedmont,60-69,157,23,2
2020-07-23,Hampton,20-29,206,3,0
2020-07-23,"Central Shenandoah",40-49,408,15,0
2020-07-23,Pittsylvania-Danville,0-9,17,0,0
2020-07-23,Crater,30-39,328,9,0
2020-07-23,"Virginia Beach",70-79,135,34,10
2020-07-23,"Virginia Beach",30-39,579,15,0
2020-07-23,Piedmont,0-9,25,0,0
2020-07-23,"Central Shenandoah",30-39,371,8,0
2020-07-23,Hampton,50-59,97,11,1
2020-07-23,Peninsula,70-79,123,40,12
2020-07-23,Arlington,20-29,530,22,0
2020-07-23,"West Piedmont",70-79,38,16,4
2020-07-23,Richmond,20-29,619,17,0
2020-07-23,Roanoke,0-9,20,0,0
2020-07-23,Hampton,30-39,145,3,0
2020-07-23,"Thomas Jefferson",30-39,281,11,0
2020-07-23,"Western Tidewater",40-49,194,6,2
2020-07-23,Richmond,50-59,325,57,1
2020-07-23,"Western Tidewater",50-59,226,17,4
2020-07-23,Crater,Missing,14,0,0
2020-07-23,Arlington,50-59,402,68,6
2020-07-23,Piedmont,70-79,82,26,4
2020-07-23,Alexandria,60-69,216,48,2
2020-07-23,Portsmouth,30-39,234,10,1
2020-07-23,Lenowisco,20-29,20,0,0
2020-07-23,"Central Virginia",30-39,103,1,0
2020-07-23,Norfolk,19-Oct,130,1,0
2020-07-23,"New River",19-Oct,41,0,0
2020-07-23,"Central Virginia",20-29,169,2,0
2020-07-23,Rappahannock,50-59,455,54,4
2020-07-23,Rappahannock,60-69,239,48,7
2020-07-23,Piedmont,20-29,190,2,0
2020-07-23,"New River",60-69,30,5,0
2020-07-23,Roanoke,40-49,103,1,0
2020-07-23,"Three Rivers",20-29,159,4,0
2020-07-23,Rappahannock,40-49,525,47,2
2020-07-23,Portsmouth,80+,22,8,6
2020-07-23,"Central Shenandoah",Missing,1,0,0
2020-07-23,"Eastern Shore",70-79,50,18,9
2020-07-23,"Mount Rogers",70-79,84,29,13
2020-07-23,"Cumberland Plateau",70-79,10,1,0
2020-07-23,Piedmont,19-Oct,39,0,0
2020-07-23,Southside,20-29,71,2,0
2020-07-23,Chesterfield,50-59,518,45,4
2020-07-23,"Rappahannock Rapidan",20-29,327,6,0
2020-07-23,"Cumberland Plateau",60-69,16,2,0
2020-07-23,Roanoke,70-79,19,3,1
2020-07-23,"Central Shenandoah",20-29,481,10,0
2020-07-23,Pittsylvania-Danville,80+,34,9,2
2020-07-23,"Virginia Beach",80+,125,41,24
2020-07-23,"Central Shenandoah",50-59,422,35,4
2020-07-23,Lenowisco,Missing,0,0,0
2020-07-23,Fairfax,30-39,2923,199,6
2020-07-23,Lenowisco,60-69,23,5,2
2020-07-23,Loudoun,30-39,807,29,0
2020-07-23,"West Piedmont",80+,28,18,2
2020-07-23,Roanoke,80+,43,3,9
2020-07-23,Fairfax,40-49,2808,275,10
2020-07-23,"Thomas Jefferson",80+,134,29,19
2020-07-23,Roanoke,20-29,152,3,0
2020-07-23,Henrico,60-69,315,57,34
2020-07-23,"Lord Fairfax",40-49,368,18,1
2020-07-23,"Western Tidewater",Missing,17,0,0
2020-07-23,Chickahominy,60-69,91,22,6
2020-07-23,Chesapeake,20-29,383,4,0
2020-07-23,"Three Rivers",Missing,6,0,0
2020-07-23,Henrico,19-Oct,237,4,0
2020-07-23,"Mount Rogers",30-39,144,4,0
2020-07-23,"Eastern Shore",30-39,245,10,0
2020-07-23,Chesterfield,0-9,143,1,0
2020-07-23,"Central Shenandoah",19-Oct,147,1,0
2020-07-23,Crater,0-9,31,1,0
2020-07-23,Fairfax,70-79,698,248,115
2020-07-23,Rappahannock,80+,101,35,20
2020-07-23,Alexandria,19-Oct,194,4,0
2020-07-23,Portsmouth,40-49,149,11,0
2020-07-23,"Three Rivers",50-59,133,11,0
2020-07-23,Alleghany,Missing,2,0,0
2020-07-23,Alexandria,30-39,605,32,0
2020-07-23,Southside,Missing,0,0,0
2020-07-23,Portsmouth,60-69,108,24,6
2020-07-23,Roanoke,30-39,159,1,0
2020-07-23,"Three Rivers",60-69,93,14,0
2020-07-23,Fairfax,50-59,2374,316,32
2020-07-23,Portsmouth,50-59,152,24,2
2020-07-23,Chickahominy,80+,84,35,26
2020-07-23,"Rappahannock Rapidan",50-59,257,31,2
2020-07-23,Fairfax,80+,821,304,294
2020-07-23,Hampton,Missing,20,0,0
2020-07-23,"Cumberland Plateau",80+,5,3,0
2020-07-23,Alleghany,50-59,100,6,1
2020-07-23,"Prince William",40-49,2131,173,8
2020-07-23,Fairfax,Missing,161,5,0
2020-07-23,"Virginia Beach",40-49,407,21,1
2020-07-23,Richmond,Missing,22,0,0
2020-07-23,Norfolk,40-49,313,17,1
2020-07-23,Piedmont,80+,56,23,12
2020-07-23,"Virginia Beach",60-69,259,34,3
2020-07-23,"West Piedmont",40-49,126,11,2
2020-07-23,Arlington,19-Oct,131,5,0
2020-07-23,Lenowisco,0-9,7,0,0
2020-07-23,Pittsylvania-Danville,50-59,94,16,0
2020-07-23,"Virginia Beach",50-59,348,20,1
2020-07-23,Chesapeake,Missing,40,1,0
2020-07-23,"Central Shenandoah",80+,128,34,18
2020-07-23,"Thomas Jefferson",40-49,227,17,0
2020-07-23,"Rappahannock Rapidan",60-69,140,18,4
2020-07-23,Norfolk,30-39,489,17,1
2020-07-23,"Rappahannock Rapidan",Missing,12,0,0
2020-07-23,"Lord Fairfax",80+,171,40,45
2020-07-23,"Three Rivers",19-Oct,43,0,0
2020-07-23,Piedmont,40-49,213,12,0
2020-07-23,Norfolk,80+,60,14,5
2020-07-23,Peninsula,20-29,553,1,0
2020-07-23,Norfolk,50-59,260,26,4
2020-07-23,"Thomas Jefferson",50-59,183,16,2
2020-07-23,Richmond,70-79,99,43,14
2020-07-23,Chesterfield,70-79,152,32,22
2020-07-23,Piedmont,30-39,226,5,0
2020-07-23,"Prince William",30-39,1929,101,2
2020-07-23,Alleghany,20-29,133,1,0
2020-07-23,Alleghany,0-9,16,0,0
2020-07-23,"Mount Rogers",40-49,146,5,1
2020-07-23,"Eastern Shore",40-49,254,12,2
2020-07-23,"Central Virginia",60-69,71,4,2
2020-07-23,Richmond,19-Oct,217,2,0
2020-07-23,Pittsylvania-Danville,60-69,60,10,1
2020-07-23,Pittsylvania-Danville,Missing,0,0,0
2020-07-23,Chesterfield,60-69,341,58,12
2020-07-23,Southside,19-Oct,19,0,0
2020-07-23,"New River",80+,14,4,2
2020-07-23,"Central Virginia",50-59,105,2,2
2020-07-23,Hampton,70-79,39,10,0
2020-07-23,Pittsylvania-Danville,19-Oct,31,0,0
2020-07-23,Richmond,60-69,229,56,7
2020-07-23,Chickahominy,40-49,110,13,1
2020-07-23,"Three Rivers",80+,41,8,5
2020-07-23,Rappahannock,30-39,552,25,0
2020-07-23,"Lord Fairfax",60-69,253,52,14
2020-07-23,"Western Tidewater",0-9,25,0,0
2020-07-23,Rappahannock,70-79,122,37,16
2020-07-23,"Prince William",80+,253,86,74
2020-07-23,Hampton,80+,18,2,1
2020-07-23,Alexandria,80+,94,28,25
2020-07-23,"Mount Rogers",60-69,125,16,1
2020-07-23,"Eastern Shore",60-69,181,29,8
2020-07-23,"Lord Fairfax",70-79,158,44,18
2020-07-23,"New River",30-39,43,1,0
2020-07-23,Chesapeake,19-Oct,119,1,0
2020-07-23,Hampton,40-49,116,6,0
2020-07-23,Peninsula,Missing,33,0,0
2020-07-23,"West Piedmont",0-9,24,1,0
2020-07-23,"Rappahannock Rapidan",70-79,49,14,8
2020-07-23,"Central Shenandoah",70-79,154,47,13
2020-07-23,Chesapeake,30-39,373,14,0
2020-07-23,Chickahominy,0-9,20,0,0
2020-07-23,"Prince William",0-9,398,10,0
2020-07-23,"Eastern Shore",50-59,279,20,5
2020-07-23,"Mount Rogers",50-59,142,10,1
2020-07-23,Loudoun,19-Oct,662,0,0
2020-07-23,Southside,80+,83,12,13
2020-07-23,"Central Virginia",80+,29,3,0
2020-07-23,Rappahannock,Missing,23,0,0
2020-07-23,"Rappahannock Rapidan",30-39,352,18,1
2020-07-23,"New River",50-59,48,4,0
2020-07-23,Richmond,80+,40,21,9
2020-07-23,"Mount Rogers",20-29,167,0,0
2020-07-23,"Eastern Shore",20-29,201,6,0
2020-07-23,Hampton,19-Oct,52,0,0
2020-07-23,Portsmouth,0-9,37,3,0
2020-07-23,Crater,70-79,164,40,18
2020-07-23,Chesterfield,40-49,678,30,3
2020-07-23,Alexandria,Missing,11,0,0
2020-07-23,Southside,30-39,88,4,0
2020-07-23,"Prince William",Missing,160,3,0
2020-07-23,Hampton,60-69,72,11,2
2020-07-23,Fairfax,20-29,2465,87,3
2020-07-23,"Thomas Jefferson",0-9,67,1,0
2020-07-23,Lenowisco,40-49,16,2,0
2020-07-23,"Central Virginia",19-Oct,87,1,0
2020-07-23,Lenowisco,70-79,18,8,1
2020-07-23,"Virginia Beach",0-9,90,0,0
2020-07-23,Lenowisco,50-59,30,6,1
2020-07-23,Chesapeake,70-79,105,32,3
2020-07-23,"Western Tidewater",80+,161,30,35
2020-07-23,"Thomas Jefferson",19-Oct,111,2,0
2020-07-23,Richmond,40-49,427,31,3
2020-07-23,"Lord Fairfax",50-59,379,32,3
2020-07-23,"Lord Fairfax",19-Oct,175,3,0
2020-07-23,"Rappahannock Rapidan",19-Oct,152,3,0
2020-07-23,Crater,50-59,326,36,3
2020-07-23,Arlington,Missing,11,1,0
2020-07-23,Roanoke,50-59,66,1,0
2020-07-23,Rappahannock,19-Oct,292,3,0
2020-07-23,Roanoke,19-Oct,70,0,0
2020-07-23,"Eastern Shore",Missing,6,0,0
2020-07-23,"Mount Rogers",Missing,1,0,0
2020-07-23,"Prince William",60-69,837,177,45
2020-07-23,Alleghany,70-79,70,8,7
2020-07-23,Crater,20-29,298,9,0
2020-07-23,Loudoun,60-69,275,55,7
2020-07-23,Fairfax,0-9,530,20,0
2020-07-23,Roanoke,Missing,4,0,0
2020-07-23,Alexandria,20-29,440,10,1
2020-07-23,Portsmouth,70-79,55,16,6
2020-07-23,Alleghany,30-39,102,2,0
2020-07-23,"Prince William",20-29,1844,55,0
2020-07-23,Southside,70-79,68,12,14
2020-07-23,Piedmont,Missing,2,0,0
2020-07-23,Rappahannock,0-9,130,2,0
2020-07-23,Henrico,30-39,537,20,0
2020-07-23,"Prince William",19-Oct,894,8,0
2020-07-23,Chickahominy,19-Oct,63,0,0
2020-07-23,"Lord Fairfax",0-9,72,2,0
2020-07-23,"Central Virginia",Missing,1,0,0
2020-07-23,Fairfax,60-69,1499,333,64
2020-07-23,Henrico,70-79,231,51,43
2020-07-23,"Western Tidewater",20-29,196,5,0
2020-07-23,Peninsula,0-9,83,0,0
2020-07-23,Loudoun,40-49,891,59,1
2020-07-23,Pittsylvania-Danville,30-39,62,1,0
2020-07-23,Loudoun,20-29,787,10,0
2020-07-23,Crater,60-69,272,53,16
2020-07-23,Loudoun,80+,216,55,76
2020-07-23,Arlington,80+,202,84,69
2020-07-23,"Virginia Beach",19-Oct,182,0,0
2020-07-23,"Mount Rogers",80+,87,33,21
2020-07-23,"Eastern Shore",80+,50,22,19
2020-07-23,Crater,19-Oct,85,0,0
2020-07-23,Lenowisco,30-39,18,1,1
2020-07-23,Norfolk,Missing,29,1,0
2020-07-23,Henrico,Missing,35,1,1
2020-07-23,"New River",40-49,51,3,0
2020-07-23,"Central Virginia",0-9,12,0,0
2020-07-23,"New River",70-79,22,8,4
2020-07-23,Loudoun,0-9,175,4,0
2020-07-23,"Central Virginia",70-79,39,4,2
2020-07-23,Southside,0-9,7,0,0
2020-07-23,"Three Rivers",40-49,177,12,2
2020-07-23,Chickahominy,30-39,113,3,0
2020-07-23,"Central Shenandoah",60-69,305,47,14
2020-07-23,"Western Tidewater",60-69,197,20,8
2020-07-23,"Cumberland Plateau",30-39,25,1,0
2020-07-23,Portsmouth,19-Oct,76,0,0
2020-07-23,Chesterfield,Missing,102,0,0
2020-07-23,Alexandria,40-49,486,41,0
2020-07-23,"Thomas Jefferson",70-79,107,23,5
2020-07-23,"Three Rivers",30-39,191,4,0
2020-07-23,"Western Tidewater",70-79,119,24,19
2020-07-23,Arlington,60-69,296,82,19
2020-07-23,"Cumberland Plateau",19-Oct,28,0,0
2020-07-23,"West Piedmont",30-39,113,3,0
2020-07-23,Peninsula,19-Oct,130,1,0
2020-07-23,Lenowisco,19-Oct,17,0,0
2020-07-23,Chesapeake,0-9,55,1,0
2020-07-23,Peninsula,50-59,260,24,3
2020-07-23,"Cumberland Plateau",Missing,0,0,0
2020-07-23,Peninsula,60-69,184,34,4
2020-07-23,"Lord Fairfax",30-39,393,11,1
2020-07-23,"Virginia Beach",Missing,68,0,0
2020-07-23,Arlington,40-49,464,51,8
2020-07-23,"West Piedmont",19-Oct,89,0,0
2020-07-23,Chickahominy,70-79,68,21,6
2020-07-23,Pittsylvania-Danville,20-29,61,0,0
2020-07-23,Loudoun,50-59,722,63,3
2020-07-23,Richmond,30-39,576,30,1
2020-07-23,"Thomas Jefferson",Missing,2,0,0
2020-07-23,"Rappahannock Rapidan",80+,30,17,8
2020-07-23,"Lord Fairfax",Missing,2,0,0
2020-07-23,"Cumberland Plateau",50-59,27,2,0
2020-07-23,Loudoun,Missing,68,0,1
2020-07-23,Southside,50-59,82,11,0
2020-07-23,Chesterfield,20-29,687,10,0
2020-07-23,Norfolk,70-79,85,30,6
2020-07-23,Alleghany,19-Oct,97,0,0
2020-07-23,Crater,80+,127,26,12
2020-07-23,Portsmouth,Missing,20,0,0
2020-07-23,"Western Tidewater",19-Oct,68,0,0
2020-07-23,Chesterfield,19-Oct,365,0,0
2020-07-23,Southside,60-69,69,15,5
2020-07-24,Norfolk,0-9,85,2,0
2020-07-24,"Cumberland Plateau",40-49,28,1,0
2020-07-24,"Eastern Shore",19-Oct,62,1,0
2020-07-24,"Mount Rogers",19-Oct,80,0,0
2020-07-24,"Rappahannock Rapidan",0-9,91,1,0
2020-07-24,"Three Rivers",0-9,13,1,0
2020-07-24,Henrico,40-49,463,31,2
2020-07-24,Alexandria,50-59,338,53,10
2020-07-24,Arlington,0-9,59,2,0
2020-07-24,Chickahominy,Missing,15,0,0
2020-07-24,"New River",20-29,103,0,0
2020-07-24,"Virginia Beach",20-29,860,9,0
2020-07-24,Chesapeake,50-59,270,32,1
2020-07-24,Alleghany,80+,44,10,6
2020-07-24,Fairfax,19-Oct,994,31,0
2020-07-24,Chesapeake,60-69,180,35,5
2020-07-24,"West Piedmont",Missing,0,0,0
2020-07-24,Peninsula,80+,84,30,18
2020-07-24,Crater,40-49,272,18,1
2020-07-24,Chesapeake,40-49,288,31,1
2020-07-24,"Thomas Jefferson",20-29,273,2,0
2020-07-24,"Lord Fairfax",20-29,403,5,0
2020-07-24,Norfolk,20-29,846,7,0
2020-07-24,Arlington,30-39,505,43,0
2020-07-24,"West Piedmont",60-69,84,13,1
2020-07-24,Henrico,50-59,405,48,9
2020-07-24,"West Piedmont",50-59,152,22,1
2020-07-24,"Cumberland Plateau",20-29,24,0,0
2020-07-24,Alexandria,70-79,106,40,18
2020-07-24,Portsmouth,20-29,265,11,0
2020-07-24,"Western Tidewater",30-39,229,15,1
2020-07-24,"Central Shenandoah",0-9,69,0,0
2020-07-24,Henrico,80+,334,70,88
2020-07-24,Alexandria,0-9,150,2,0
2020-07-24,Pittsylvania-Danville,40-49,89,8,1
2020-07-24,Henrico,20-29,491,16,0
2020-07-24,Roanoke,60-69,49,3,0
2020-07-24,Peninsula,30-39,403,12,1
2020-07-24,Alleghany,60-69,75,8,1
2020-07-24,"Prince William",70-79,336,106,50
2020-07-24,Norfolk,60-69,239,37,3
2020-07-24,Southside,40-49,73,6,0
2020-07-24,Chesterfield,30-39,751,14,0
2020-07-24,Loudoun,70-79,155,50,18
2020-07-24,"Central Virginia",40-49,106,1,0
2020-07-24,"New River",Missing,0,0,0
2020-07-24,Chickahominy,20-29,128,1,0
2020-07-24,"New River",0-9,8,0,0
2020-07-24,"Cumberland Plateau",0-9,4,0,0
2020-07-24,"Three Rivers",70-79,46,9,5
2020-07-24,"Rappahannock Rapidan",40-49,334,21,2
2020-07-24,Hampton,0-9,21,0,0
2020-07-24,Piedmont,50-59,208,25,1
2020-07-24,Rappahannock,20-29,525,14,0
2020-07-24,"West Piedmont",20-29,127,2,0
2020-07-24,Arlington,70-79,178,73,33
2020-07-24,Chickahominy,50-59,140,23,1
2020-07-24,Alleghany,40-49,109,2,0
2020-07-24,"Prince William",50-59,1580,206,15
2020-07-24,"Mount Rogers",0-9,41,1,0
2020-07-24,"Eastern Shore",0-9,21,2,0
2020-07-24,"Thomas Jefferson",60-69,140,28,4
2020-07-24,Pittsylvania-Danville,70-79,35,13,1
2020-07-24,Chesterfield,80+,159,36,47
2020-07-24,Richmond,0-9,116,6,0
2020-07-24,Chesapeake,80+,91,29,14
2020-07-24,Peninsula,40-49,323,14,1
2020-07-24,Henrico,0-9,121,3,0
2020-07-24,Lenowisco,80+,8,1,0
2020-07-24,Piedmont,60-69,157,23,2
2020-07-24,Henrico,19-Oct,241,4,0
2020-07-24,"Mount Rogers",30-39,153,4,0
2020-07-24,"Eastern Shore",30-39,245,10,0
2020-07-24,Chesterfield,0-9,150,1,0
2020-07-24,"Central Shenandoah",19-Oct,148,1,0
2020-07-24,Crater,0-9,33,1,0
2020-07-24,Fairfax,70-79,701,248,115
2020-07-24,Rappahannock,80+,101,35,20
2020-07-24,Alexandria,19-Oct,198,5,0
2020-07-24,Portsmouth,40-49,159,11,0
2020-07-24,"Three Rivers",50-59,132,11,0
2020-07-24,Alleghany,Missing,2,0,0
2020-07-24,Alexandria,30-39,614,32,0
2020-07-24,Southside,Missing,0,0,0
2020-07-24,Portsmouth,60-69,112,24,6
2020-07-24,Roanoke,30-39,160,1,0
2020-07-24,"Three Rivers",60-69,95,14,0
2020-07-24,Fairfax,50-59,2394,326,32
2020-07-24,Portsmouth,50-59,155,24,2
2020-07-24,Chickahominy,80+,85,35,26
2020-07-24,"Rappahannock Rapidan",50-59,258,31,2
2020-07-24,Fairfax,80+,826,305,296
2020-07-24,Hampton,Missing,21,0,0
2020-07-24,"Cumberland Plateau",80+,6,3,1
2020-07-24,Alleghany,50-59,100,6,1
2020-07-24,"Prince William",40-49,2133,173,8
2020-07-24,Fairfax,Missing,159,5,0
2020-07-24,"Virginia Beach",40-49,418,21,1
2020-07-24,Richmond,Missing,23,0,0
2020-07-24,Norfolk,40-49,322,18,1
2020-07-24,Piedmont,80+,56,23,12
2020-07-24,"Virginia Beach",60-69,266,34,3
2020-07-24,"West Piedmont",40-49,129,11,2
2020-07-24,Arlington,19-Oct,131,5,0
2020-07-24,Lenowisco,0-9,7,0,0
2020-07-24,Pittsylvania-Danville,50-59,95,16,0
2020-07-24,"Virginia Beach",50-59,356,20,1
2020-07-24,Chesapeake,Missing,43,1,0
2020-07-24,"Central Shenandoah",80+,128,34,19
2020-07-24,"Thomas Jefferson",40-49,232,17,0
2020-07-24,"Rappahannock Rapidan",60-69,143,20,4
2020-07-24,Norfolk,30-39,502,18,1
2020-07-24,"Rappahannock Rapidan",Missing,12,0,0
2020-07-24,"Lord Fairfax",80+,176,40,45
2020-07-24,"Three Rivers",19-Oct,44,0,0
2020-07-24,Piedmont,40-49,214,12,0
2020-07-24,Norfolk,80+,61,14,5
2020-07-24,Peninsula,20-29,580,1,0
2020-07-24,Norfolk,50-59,272,27,4
2020-07-24,"Thomas Jefferson",50-59,187,16,2
2020-07-24,Richmond,70-79,100,44,15
2020-07-24,Chesterfield,70-79,153,32,22
2020-07-24,Piedmont,30-39,226,5,0
2020-07-24,"Prince William",30-39,1938,101,2
2020-07-24,Alleghany,20-29,135,1,0
2020-07-24,Alleghany,0-9,17,0,0
2020-07-24,"Mount Rogers",40-49,154,5,1
2020-07-24,"Eastern Shore",40-49,255,13,2
2020-07-24,"Central Virginia",60-69,72,5,2
2020-07-24,Richmond,19-Oct,220,2,0
2020-07-24,Pittsylvania-Danville,60-69,60,10,1
2020-07-24,Pittsylvania-Danville,Missing,0,0,0
2020-07-24,Chesterfield,60-69,349,58,13
2020-07-24,Southside,19-Oct,19,0,0
2020-07-24,"New River",80+,14,4,2
2020-07-24,"Central Virginia",50-59,109,2,2
2020-07-24,Hampton,70-79,41,12,0
2020-07-24,Pittsylvania-Danville,19-Oct,31,0,0
2020-07-24,Richmond,60-69,230,56,7
2020-07-24,Chickahominy,40-49,110,13,1
2020-07-24,"Three Rivers",80+,41,8,5
2020-07-24,Rappahannock,30-39,552,25,0
2020-07-24,"Lord Fairfax",60-69,256,52,14
2020-07-24,"Western Tidewater",0-9,25,0,0
2020-07-24,Rappahannock,70-79,122,37,16
2020-07-24,"Prince William",80+,253,86,74
2020-07-24,Hampton,80+,19,2,1
2020-07-24,Alexandria,80+,95,29,25
2020-07-24,"Mount Rogers",60-69,129,17,1
2020-07-24,"Eastern Shore",60-69,181,29,8
2020-07-24,"Lord Fairfax",70-79,161,44,18
2020-07-24,"New River",30-39,45,1,0
2020-07-24,Chesapeake,19-Oct,124,1,0
2020-07-24,Hampton,40-49,119,6,0
2020-07-24,Peninsula,Missing,35,0,0
2020-07-24,"West Piedmont",0-9,24,1,0
2020-07-24,"Rappahannock Rapidan",70-79,47,13,8
2020-07-24,"Central Shenandoah",70-79,155,48,13
2020-07-24,Chesapeake,30-39,392,14,0
2020-07-24,Chickahominy,0-9,20,0,0
2020-07-24,"Prince William",0-9,408,10,0
2020-07-24,"Eastern Shore",50-59,279,20,5
2020-07-24,"Mount Rogers",50-59,149,10,2
2020-07-24,Loudoun,19-Oct,661,1,0
2020-07-24,Southside,80+,83,12,13
2020-07-24,"Central Virginia",80+,29,3,0
2020-07-24,Rappahannock,Missing,23,0,0
2020-07-24,"Rappahannock Rapidan",30-39,353,18,1
2020-07-24,"New River",50-59,49,4,0
2020-07-24,Richmond,80+,40,21,9
2020-07-24,"Mount Rogers",20-29,174,0,0
2020-07-24,"Eastern Shore",20-29,201,6,0
2020-07-24,Hampton,19-Oct,55,0,0
2020-07-24,Portsmouth,0-9,38,3,0
2020-07-24,Crater,70-79,165,40,18
2020-07-24,Chesterfield,40-49,687,30,3
2020-07-24,Alexandria,Missing,11,0,0
2020-07-24,Southside,30-39,92,4,0
2020-07-24,"Prince William",Missing,172,3,0
2020-07-24,Hampton,60-69,74,11,2
2020-07-24,Fairfax,20-29,2490,95,3
2020-07-24,"Thomas Jefferson",0-9,67,1,0
2020-07-24,Lenowisco,40-49,18,2,0
2020-07-24,"Central Virginia",19-Oct,88,1,0
2020-07-24,Lenowisco,70-79,18,8,2
2020-07-24,"Virginia Beach",0-9,96,0,0
2020-07-24,Lenowisco,50-59,32,6,1
2020-07-24,Chesapeake,70-79,109,32,3
2020-07-24,"Western Tidewater",80+,161,30,35
2020-07-24,"Thomas Jefferson",19-Oct,113,2,0
2020-07-24,Richmond,40-49,429,32,3
2020-07-24,"Lord Fairfax",50-59,383,32,3
2020-07-24,"Lord Fairfax",19-Oct,177,3,0
2020-07-24,"Rappahannock Rapidan",19-Oct,152,3,0
2020-07-24,Crater,50-59,330,36,3
2020-07-24,Arlington,Missing,11,1,0
2020-07-24,Roanoke,50-59,69,1,0
2020-07-24,Rappahannock,19-Oct,295,3,0
2020-07-24,Roanoke,19-Oct,70,0,0
2020-07-24,"Eastern Shore",Missing,6,0,0
2020-07-24,"Mount Rogers",Missing,1,0,0
2020-07-24,"Prince William",60-69,842,180,45
2020-07-24,Alleghany,70-79,71,8,7
2020-07-24,Crater,20-29,303,9,0
2020-07-24,Loudoun,60-69,277,55,7
2020-07-24,Fairfax,0-9,533,21,0
2020-07-24,Roanoke,Missing,4,0,0
2020-07-24,Alexandria,20-29,444,11,1
2020-07-24,Portsmouth,70-79,58,16,6
2020-07-24,Alleghany,30-39,102,2,0
2020-07-24,"Prince William",20-29,1851,55,0
2020-07-24,Southside,70-79,68,12,14
2020-07-24,Piedmont,Missing,2,0,0
2020-07-24,Rappahannock,0-9,132,2,0
2020-07-24,Henrico,30-39,549,19,0
2020-07-24,"Prince William",19-Oct,898,8,0
2020-07-24,Chickahominy,19-Oct,65,0,0
2020-07-24,"Lord Fairfax",0-9,74,2,0
2020-07-24,"Central Virginia",Missing,1,0,0
2020-07-24,Fairfax,60-69,1504,337,64
2020-07-24,Hampton,20-29,220,3,0
2020-07-24,"Central Shenandoah",40-49,411,16,0
2020-07-24,Pittsylvania-Danville,0-9,18,0,0
2020-07-24,Crater,30-39,330,9,0
2020-07-24,"Virginia Beach",70-79,139,38,11
2020-07-24,"Virginia Beach",30-39,594,15,0
2020-07-24,Piedmont,0-9,25,0,0
2020-07-24,"Central Shenandoah",30-39,373,8,0
2020-07-24,Hampton,50-59,100,11,1
2020-07-24,Peninsula,70-79,124,40,12
2020-07-24,Arlington,20-29,535,22,0
2020-07-24,"West Piedmont",70-79,42,16,4
2020-07-24,Richmond,20-29,624,17,0
2020-07-24,Roanoke,0-9,20,0,0
2020-07-24,Hampton,30-39,152,3,0
2020-07-24,"Thomas Jefferson",30-39,287,11,0
2020-07-24,"Western Tidewater",40-49,204,7,2
2020-07-24,Richmond,50-59,326,57,1
2020-07-24,"Western Tidewater",50-59,234,17,4
2020-07-24,Crater,Missing,18,0,0
2020-07-24,Arlington,50-59,402,68,6
2020-07-24,Piedmont,70-79,82,26,4
2020-07-24,Alexandria,60-69,217,48,2
2020-07-24,Portsmouth,30-39,240,10,1
2020-07-24,Lenowisco,20-29,20,0,0
2020-07-24,"Central Virginia",30-39,104,1,0
2020-07-24,Norfolk,19-Oct,138,1,0
2020-07-24,"New River",19-Oct,41,0,0
2020-07-24,"Central Virginia",20-29,174,2,0
2020-07-24,Rappahannock,50-59,457,54,4
2020-07-24,Rappahannock,60-69,241,49,7
2020-07-24,Piedmont,20-29,191,2,0
2020-07-24,"New River",60-69,30,5,0
2020-07-24,Roanoke,40-49,104,1,0
2020-07-24,"Three Rivers",20-29,163,4,0
2020-07-24,Rappahannock,40-49,525,47,2
2020-07-24,Portsmouth,80+,22,8,6
2020-07-24,"Central Shenandoah",Missing,1,0,0
2020-07-24,"Eastern Shore",70-79,51,18,9
2020-07-24,"Mount Rogers",70-79,88,29,13
2020-07-24,"Cumberland Plateau",70-79,10,1,0
2020-07-24,Piedmont,19-Oct,39,0,0
2020-07-24,Southside,20-29,76,2,0
2020-07-24,Chesterfield,50-59,523,45,4
2020-07-24,"Rappahannock Rapidan",20-29,329,6,0
2020-07-24,"Cumberland Plateau",60-69,16,2,0
2020-07-24,Roanoke,70-79,19,3,1
2020-07-24,"Central Shenandoah",20-29,486,10,0
2020-07-24,Pittsylvania-Danville,80+,34,9,2
2020-07-24,"Virginia Beach",80+,127,40,25
2020-07-24,"Central Shenandoah",50-59,428,35,4
2020-07-24,Lenowisco,Missing,0,0,0
2020-07-24,Fairfax,30-39,2933,203,6
2020-07-24,Lenowisco,60-69,23,5,2
2020-07-24,Loudoun,30-39,812,29,0
2020-07-24,"West Piedmont",80+,33,18,2
2020-07-24,Roanoke,80+,43,3,9
2020-07-24,Fairfax,40-49,2825,286,10
2020-07-24,"Thomas Jefferson",80+,138,29,19
2020-07-24,Roanoke,20-29,152,3,0
2020-07-24,Henrico,60-69,319,57,34
2020-07-24,"Lord Fairfax",40-49,370,18,1
2020-07-24,"Western Tidewater",Missing,18,0,0
2020-07-24,Chickahominy,60-69,92,22,6
2020-07-24,Chesapeake,20-29,396,4,0
2020-07-24,"Three Rivers",Missing,6,0,0
2020-07-24,Henrico,70-79,232,51,43
2020-07-24,"Western Tidewater",20-29,210,5,0
2020-07-24,Peninsula,0-9,86,0,0
2020-07-24,Loudoun,40-49,892,59,1
2020-07-24,Pittsylvania-Danville,30-39,64,1,0
2020-07-24,Loudoun,20-29,792,10,0
2020-07-24,Crater,60-69,274,54,16
2020-07-24,Loudoun,80+,216,55,76
2020-07-24,Arlington,80+,203,84,69
2020-07-24,"Virginia Beach",19-Oct,189,0,0
2020-07-24,"Mount Rogers",80+,88,33,22
2020-07-24,"Eastern Shore",80+,50,22,19
2020-07-24,Crater,19-Oct,88,0,0
2020-07-24,Lenowisco,30-39,20,1,1
2020-07-24,Norfolk,Missing,29,1,0
2020-07-24,Henrico,Missing,35,1,1
2020-07-24,"New River",40-49,51,3,0
2020-07-24,"Central Virginia",0-9,15,0,0
2020-07-24,"New River",70-79,22,8,4
2020-07-24,Loudoun,0-9,176,4,0
2020-07-24,"Central Virginia",70-79,40,4,2
2020-07-24,Southside,0-9,7,0,0
2020-07-24,"Three Rivers",40-49,178,12,2
2020-07-24,Chickahominy,30-39,113,3,0
2020-07-24,"Central Shenandoah",60-69,306,47,14
2020-07-24,"Western Tidewater",60-69,202,20,8
2020-07-24,"Cumberland Plateau",30-39,25,1,0
2020-07-24,Portsmouth,19-Oct,96,0,0
2020-07-24,Chesterfield,Missing,108,1,0
2020-07-24,Alexandria,40-49,489,42,0
2020-07-24,"Thomas Jefferson",70-79,112,23,5
2020-07-24,"Three Rivers",30-39,191,4,0
2020-07-24,"Western Tidewater",70-79,123,26,19
2020-07-24,Arlington,60-69,296,82,19
2020-07-24,"Cumberland Plateau",19-Oct,28,0,0
2020-07-24,"West Piedmont",30-39,115,3,0
2020-07-24,Peninsula,19-Oct,134,1,0
2020-07-24,Lenowisco,19-Oct,18,0,0
2020-07-24,Chesapeake,0-9,60,1,0
2020-07-24,Peninsula,50-59,274,24,3
2020-07-24,"Cumberland Plateau",Missing,0,0,0
2020-07-24,Peninsula,60-69,188,34,4
2020-07-24,"Lord Fairfax",30-39,393,11,1
2020-07-24,"Virginia Beach",Missing,74,0,0
2020-07-24,Arlington,40-49,463,51,8
2020-07-24,"West Piedmont",19-Oct,89,0,0
2020-07-24,Chickahominy,70-79,70,21,6
2020-07-24,Pittsylvania-Danville,20-29,61,0,0
2020-07-24,Loudoun,50-59,721,63,3
2020-07-24,Richmond,30-39,578,30,1
2020-07-24,"Thomas Jefferson",Missing,2,0,0
2020-07-24,"Rappahannock Rapidan",80+,30,17,8
2020-07-24,"Lord Fairfax",Missing,2,0,0
2020-07-24,"Cumberland Plateau",50-59,28,2,0
2020-07-24,Loudoun,Missing,67,0,1
2020-07-24,Southside,50-59,82,11,0
2020-07-24,Chesterfield,20-29,697,10,0
2020-07-24,Norfolk,70-79,88,30,6
2020-07-24,Alleghany,19-Oct,100,0,0
2020-07-24,Crater,80+,128,27,12
2020-07-24,Portsmouth,Missing,20,0,0
2020-07-24,"Western Tidewater",19-Oct,71,0,0
2020-07-24,Chesterfield,19-Oct,377,0,0
2020-07-24,Southside,60-69,71,15,5
2020-07-25,"Virginia Beach",0-9,104,0,0
2020-07-25,Lenowisco,50-59,32,6,1
2020-07-25,Chesapeake,70-79,113,32,3
2020-07-25,"Western Tidewater",80+,162,30,35
2020-07-25,"Thomas Jefferson",19-Oct,115,2,0
2020-07-25,Richmond,40-49,429,32,3
2020-07-25,"Lord Fairfax",50-59,385,32,3
2020-07-25,"Lord Fairfax",19-Oct,180,3,0
2020-07-25,"Rappahannock Rapidan",19-Oct,154,3,0
2020-07-25,Crater,50-59,335,36,3
2020-07-25,Arlington,Missing,11,1,0
2020-07-25,Roanoke,50-59,71,1,0
2020-07-25,Rappahannock,19-Oct,297,3,0
2020-07-25,Roanoke,19-Oct,70,0,0
2020-07-25,"Eastern Shore",Missing,6,0,0
2020-07-25,"Mount Rogers",Missing,0,0,0
2020-07-25,"Prince William",60-69,847,180,45
2020-07-25,Alleghany,70-79,71,8,7
2020-07-25,Crater,20-29,304,9,0
2020-07-25,Loudoun,60-69,276,55,7
2020-07-25,Fairfax,0-9,533,21,0
2020-07-25,Roanoke,Missing,4,0,0
2020-07-25,Alexandria,20-29,451,11,1
2020-07-25,Portsmouth,70-79,59,17,6
2020-07-25,Alleghany,30-39,102,2,0
2020-07-25,"Prince William",20-29,1867,55,0
2020-07-25,Southside,70-79,68,12,14
2020-07-25,Piedmont,Missing,2,0,0
2020-07-25,Rappahannock,0-9,133,2,0
2020-07-25,Henrico,30-39,564,19,0
2020-07-25,"Prince William",19-Oct,900,8,0
2020-07-25,Chickahominy,19-Oct,66,0,0
2020-07-25,"Lord Fairfax",0-9,74,2,0
2020-07-25,"Central Virginia",Missing,1,0,0
2020-07-25,Fairfax,60-69,1507,339,64
2020-07-25,Hampton,20-29,224,3,0
2020-07-25,"Central Shenandoah",40-49,418,16,0
2020-07-25,Pittsylvania-Danville,0-9,18,0,0
2020-07-25,Crater,30-39,333,9,0
2020-07-25,"Virginia Beach",70-79,156,38,12
2020-07-25,"Virginia Beach",30-39,677,15,0
2020-07-25,Piedmont,0-9,25,0,0
2020-07-25,"Central Shenandoah",30-39,376,8,0
2020-07-25,Hampton,50-59,105,11,1
2020-07-25,Peninsula,70-79,126,41,12
2020-07-25,Arlington,20-29,545,22,0
2020-07-25,"West Piedmont",70-79,42,16,4
2020-07-25,Richmond,20-29,629,17,0
2020-07-25,Roanoke,0-9,21,0,0
2020-07-25,Hampton,30-39,159,3,0
2020-07-25,"Thomas Jefferson",30-39,296,11,0
2020-07-25,"Western Tidewater",40-49,211,7,2
2020-07-25,Richmond,50-59,327,57,1
2020-07-25,"Western Tidewater",50-59,241,17,4
2020-07-25,Crater,Missing,19,0,0
2020-07-25,Chesapeake,0-9,61,1,0
2020-07-25,Peninsula,50-59,274,24,3
2020-07-25,"Cumberland Plateau",Missing,0,0,0
2020-07-25,Peninsula,60-69,195,34,4
2020-07-25,"Lord Fairfax",30-39,394,11,1
2020-07-25,"Virginia Beach",Missing,74,0,0
2020-07-25,Arlington,40-49,463,51,8
2020-07-25,"West Piedmont",19-Oct,89,0,0
2020-07-25,Chickahominy,70-79,73,22,6
2020-07-25,Pittsylvania-Danville,20-29,64,0,0
2020-07-25,Loudoun,50-59,725,63,3
2020-07-25,Richmond,30-39,581,30,1
2020-07-25,"Thomas Jefferson",Missing,2,0,0
2020-07-25,"Rappahannock Rapidan",80+,30,17,8
2020-07-25,"Lord Fairfax",Missing,2,0,0
2020-07-25,"Cumberland Plateau",50-59,29,2,0
2020-07-25,Loudoun,Missing,65,0,1
2020-07-25,Southside,50-59,85,11,0
2020-07-25,Chesterfield,20-29,708,10,0
2020-07-25,Norfolk,70-79,92,30,6
2020-07-25,Alleghany,19-Oct,101,0,0
2020-07-25,Crater,80+,129,27,12
2020-07-25,Portsmouth,Missing,20,0,0
2020-07-25,"Western Tidewater",19-Oct,75,0,0
2020-07-25,Chesterfield,19-Oct,378,0,0
2020-07-25,Southside,60-69,72,15,5
2020-07-25,Chickahominy,50-59,145,23,1
2020-07-25,Alleghany,40-49,109,2,0
2020-07-25,"Prince William",50-59,1588,206,15
2020-07-25,"Mount Rogers",0-9,44,1,0
2020-07-25,"Eastern Shore",0-9,21,2,0
2020-07-25,"Thomas Jefferson",60-69,142,28,4
2020-07-25,Pittsylvania-Danville,70-79,35,13,1
2020-07-25,Chesterfield,80+,159,36,47
2020-07-25,Richmond,0-9,116,6,0
2020-07-25,Chesapeake,80+,98,29,14
2020-07-25,Peninsula,40-49,332,14,1
2020-07-25,Henrico,0-9,123,4,0
2020-07-25,Lenowisco,80+,9,2,0
2020-07-25,Piedmont,60-69,157,23,2
2020-07-25,"West Piedmont",0-9,25,1,0
2020-07-25,"Rappahannock Rapidan",70-79,47,13,8
2020-07-25,"Central Shenandoah",70-79,155,48,13
2020-07-25,Chesapeake,30-39,422,14,0
2020-07-25,Chickahominy,0-9,20,0,0
2020-07-25,"Prince William",0-9,409,10,0
2020-07-25,"Eastern Shore",50-59,279,20,5
2020-07-25,"Mount Rogers",50-59,153,10,2
2020-07-25,Loudoun,19-Oct,664,1,0
2020-07-25,Southside,80+,83,12,13
2020-07-25,"Central Virginia",80+,29,3,0
2020-07-25,Rappahannock,Missing,23,0,0
2020-07-25,"Rappahannock Rapidan",30-39,353,18,1
2020-07-25,"New River",50-59,49,4,0
2020-07-25,Richmond,80+,40,21,9
2020-07-25,"Mount Rogers",20-29,175,0,0
2020-07-25,"Eastern Shore",20-29,202,6,0
2020-07-25,Hampton,19-Oct,55,0,0
2020-07-25,Portsmouth,0-9,38,3,0
2020-07-25,Crater,70-79,167,40,18
2020-07-25,Chesterfield,40-49,691,31,3
2020-07-25,Alexandria,Missing,11,0,0
2020-07-25,Southside,30-39,94,4,0
2020-07-25,"Prince William",Missing,173,3,0
2020-07-25,Hampton,60-69,76,11,2
2020-07-25,Fairfax,20-29,2504,95,3
2020-07-25,"Thomas Jefferson",0-9,67,1,0
2020-07-25,Lenowisco,40-49,20,3,0
2020-07-25,"Central Virginia",19-Oct,90,1,0
2020-07-25,Lenowisco,70-79,18,9,2
2020-07-25,Arlington,50-59,403,68,6
2020-07-25,Piedmont,70-79,83,26,4
2020-07-25,Alexandria,60-69,219,48,2
2020-07-25,Portsmouth,30-39,251,10,1
2020-07-25,Lenowisco,20-29,21,0,0
2020-07-25,"Central Virginia",30-39,107,1,0
2020-07-25,Norfolk,19-Oct,143,1,0
2020-07-25,"New River",19-Oct,41,0,0
2020-07-25,"Central Virginia",20-29,181,2,0
2020-07-25,Rappahannock,50-59,457,54,4
2020-07-25,Rappahannock,60-69,241,50,7
2020-07-25,Piedmont,20-29,194,2,0
2020-07-25,"New River",60-69,30,5,0
2020-07-25,Roanoke,40-49,105,1,0
2020-07-25,"Three Rivers",20-29,163,4,0
2020-07-25,Rappahannock,40-49,528,48,2
2020-07-25,Portsmouth,80+,23,8,6
2020-07-25,"Central Shenandoah",Missing,1,0,0
2020-07-25,"Eastern Shore",70-79,52,18,9
2020-07-25,"Mount Rogers",70-79,90,30,13
2020-07-25,"Cumberland Plateau",70-79,12,2,0
2020-07-25,Piedmont,19-Oct,39,0,0
2020-07-25,Southside,20-29,78,2,0
2020-07-25,Chesterfield,50-59,525,47,4
2020-07-25,"Rappahannock Rapidan",20-29,331,6,0
2020-07-25,"Cumberland Plateau",60-69,17,2,0
2020-07-25,Roanoke,70-79,19,3,1
2020-07-25,"Central Shenandoah",20-29,492,10,0
2020-07-25,Pittsylvania-Danville,80+,36,9,2
2020-07-25,"Virginia Beach",80+,133,41,25
2020-07-25,"Central Shenandoah",50-59,432,35,4
2020-07-25,Lenowisco,Missing,0,0,0
2020-07-25,Fairfax,30-39,2943,203,6
2020-07-25,Lenowisco,60-69,25,5,2
2020-07-25,Loudoun,30-39,817,29,0
2020-07-25,"West Piedmont",80+,37,20,2
2020-07-25,Roanoke,80+,43,3,9
2020-07-25,Fairfax,40-49,2826,287,10
2020-07-25,"Thomas Jefferson",80+,139,29,19
2020-07-25,Roanoke,20-29,154,3,0
2020-07-25,Henrico,60-69,323,57,34
2020-07-25,"Lord Fairfax",40-49,372,18,1
2020-07-25,"Western Tidewater",Missing,18,0,0
2020-07-25,Chickahominy,60-69,93,22,6
2020-07-25,Chesapeake,20-29,422,4,0
2020-07-25,"Three Rivers",Missing,6,0,0
2020-07-25,Henrico,19-Oct,246,4,0
2020-07-25,"Mount Rogers",30-39,158,4,0
2020-07-25,"Eastern Shore",30-39,245,10,0
2020-07-25,"Lord Fairfax",60-69,257,52,14
2020-07-25,"Western Tidewater",0-9,25,0,0
2020-07-25,Rappahannock,70-79,122,39,16
2020-07-25,"Prince William",80+,253,86,74
2020-07-25,Hampton,80+,19,2,1
2020-07-25,Alexandria,80+,95,29,25
2020-07-25,"Mount Rogers",60-69,133,17,1
2020-07-25,"Eastern Shore",60-69,181,29,8
2020-07-25,"Lord Fairfax",70-79,162,44,18
2020-07-25,"New River",30-39,46,2,0
2020-07-25,Chesapeake,19-Oct,136,1,0
2020-07-25,Hampton,40-49,124,6,0
2020-07-25,Peninsula,Missing,35,0,0
2020-07-25,Henrico,70-79,232,51,43
2020-07-25,"Western Tidewater",20-29,213,5,0
2020-07-25,Peninsula,0-9,88,0,0
2020-07-25,Loudoun,40-49,897,58,1
2020-07-25,Pittsylvania-Danville,30-39,65,1,0
2020-07-25,Loudoun,20-29,796,10,0
2020-07-25,Crater,60-69,277,55,16
2020-07-25,Loudoun,80+,218,55,76
2020-07-25,Arlington,80+,204,84,69
2020-07-25,"Virginia Beach",19-Oct,217,0,0
2020-07-25,"Mount Rogers",80+,89,33,22
2020-07-25,"Eastern Shore",80+,50,22,19
2020-07-25,Crater,19-Oct,88,0,0
2020-07-25,Lenowisco,30-39,20,1,1
2020-07-25,Norfolk,Missing,29,1,0
2020-07-25,Henrico,Missing,35,1,1
2020-07-25,"New River",40-49,52,3,0
2020-07-25,"Central Virginia",0-9,18,0,0
2020-07-25,"New River",70-79,23,8,4
2020-07-25,Loudoun,0-9,180,4,0
2020-07-25,"Central Virginia",70-79,41,4,2
2020-07-25,Southside,0-9,7,0,0
2020-07-25,"Three Rivers",40-49,179,12,2
2020-07-25,Chickahominy,30-39,114,3,0
2020-07-25,"Central Shenandoah",60-69,309,47,14
2020-07-25,"Western Tidewater",60-69,204,20,8
2020-07-25,"Cumberland Plateau",30-39,25,1,0
2020-07-25,Portsmouth,19-Oct,103,0,0
2020-07-25,Chesterfield,Missing,108,1,0
2020-07-25,Alexandria,40-49,496,43,0
2020-07-25,"Thomas Jefferson",70-79,113,23,5
2020-07-25,"Three Rivers",30-39,192,4,0
2020-07-25,"Western Tidewater",70-79,126,26,19
2020-07-25,Arlington,60-69,296,82,19
2020-07-25,"Cumberland Plateau",19-Oct,31,0,0
2020-07-25,"West Piedmont",30-39,115,3,0
2020-07-25,Peninsula,19-Oct,135,1,0
2020-07-25,Lenowisco,19-Oct,18,0,0
2020-07-25,Norfolk,0-9,88,2,0
2020-07-25,"Cumberland Plateau",40-49,29,1,0
2020-07-25,"Eastern Shore",19-Oct,62,1,0
2020-07-25,"Mount Rogers",19-Oct,85,0,0
2020-07-25,"Rappahannock Rapidan",0-9,93,1,0
2020-07-25,"Three Rivers",0-9,13,1,0
2020-07-25,Henrico,40-49,478,31,2
2020-07-25,Alexandria,50-59,339,53,11
2020-07-25,Arlington,0-9,60,2,0
2020-07-25,Chickahominy,Missing,15,0,0
2020-07-25,"New River",20-29,105,0,0
2020-07-25,"Virginia Beach",20-29,925,9,0
2020-07-25,Chesapeake,50-59,286,33,1
2020-07-25,Alleghany,80+,44,10,6
2020-07-25,Fairfax,19-Oct,995,31,0
2020-07-25,Chesapeake,60-69,190,35,5
2020-07-25,"West Piedmont",Missing,1,0,0
2020-07-25,Peninsula,80+,85,30,19
2020-07-25,Crater,40-49,274,19,1
2020-07-25,Chesapeake,40-49,307,31,1
2020-07-25,"Thomas Jefferson",20-29,274,2,0
2020-07-25,"Lord Fairfax",20-29,405,6,0
2020-07-25,Norfolk,20-29,870,8,0
2020-07-25,Arlington,30-39,507,43,0
2020-07-25,"West Piedmont",60-69,85,13,1
2020-07-25,Henrico,50-59,418,48,9
2020-07-25,"West Piedmont",50-59,152,22,2
2020-07-25,"Cumberland Plateau",20-29,24,0,0
2020-07-25,Alexandria,70-79,107,41,18
2020-07-25,Portsmouth,20-29,278,11,0
2020-07-25,"Western Tidewater",30-39,239,15,1
2020-07-25,"Central Shenandoah",0-9,72,0,0
2020-07-25,Henrico,80+,334,70,88
2020-07-25,Alexandria,0-9,152,2,0
2020-07-25,Pittsylvania-Danville,40-49,90,8,1
2020-07-25,Henrico,20-29,508,16,0
2020-07-25,Roanoke,60-69,49,3,0
2020-07-25,Peninsula,30-39,412,13,1
2020-07-25,Alleghany,60-69,75,8,1
2020-07-25,"Prince William",70-79,337,106,50
2020-07-25,Norfolk,60-69,249,38,3
2020-07-25,Southside,40-49,77,6,0
2020-07-25,Chesterfield,30-39,760,14,0
2020-07-25,Loudoun,70-79,158,50,18
2020-07-25,"Central Virginia",40-49,113,1,0
2020-07-25,"New River",Missing,0,0,0
2020-07-25,Chickahominy,20-29,130,1,0
2020-07-25,"New River",0-9,9,0,0
2020-07-25,"Cumberland Plateau",0-9,5,0,0
2020-07-25,"Three Rivers",70-79,51,11,6
2020-07-25,"Rappahannock Rapidan",40-49,334,21,2
2020-07-25,Hampton,0-9,23,0,0
2020-07-25,Piedmont,50-59,210,25,1
2020-07-25,Rappahannock,20-29,528,14,0
2020-07-25,"West Piedmont",20-29,129,2,0
2020-07-25,Arlington,70-79,178,73,33
2020-07-25,Chesterfield,0-9,151,2,0
2020-07-25,"Central Shenandoah",19-Oct,150,1,0
2020-07-25,Crater,0-9,33,1,0
2020-07-25,Fairfax,70-79,700,247,116
2020-07-25,Rappahannock,80+,104,38,20
2020-07-25,Alexandria,19-Oct,201,5,0
2020-07-25,Portsmouth,40-49,174,11,0
2020-07-25,"Three Rivers",50-59,134,11,0
2020-07-25,Alleghany,Missing,2,0,0
2020-07-25,Alexandria,30-39,616,32,0
2020-07-25,Southside,Missing,0,0,0
2020-07-25,Portsmouth,60-69,117,24,6
2020-07-25,Roanoke,30-39,162,1,0
2020-07-25,"Three Rivers",60-69,98,15,0
2020-07-25,Fairfax,50-59,2401,329,33
2020-07-25,Portsmouth,50-59,162,25,2
2020-07-25,Chickahominy,80+,85,36,26
2020-07-25,"Rappahannock Rapidan",50-59,259,31,2
2020-07-25,Fairfax,80+,826,312,296
2020-07-25,Hampton,Missing,21,0,0
2020-07-25,"Cumberland Plateau",80+,6,3,1
2020-07-25,Alleghany,50-59,100,6,1
2020-07-25,"Prince William",40-49,2138,173,8
2020-07-25,Fairfax,Missing,159,5,0
2020-07-25,"Virginia Beach",40-49,474,22,1
2020-07-25,Richmond,Missing,22,0,0
2020-07-25,Norfolk,40-49,332,17,1
2020-07-25,Piedmont,80+,57,23,12
2020-07-25,"Virginia Beach",60-69,296,35,4
2020-07-25,"West Piedmont",40-49,130,11,2
2020-07-25,Arlington,19-Oct,134,5,0
2020-07-25,Lenowisco,0-9,8,0,0
2020-07-25,Pittsylvania-Danville,50-59,100,16,0
2020-07-25,"Virginia Beach",50-59,392,20,1
2020-07-25,Chesapeake,Missing,44,1,0
2020-07-25,"Central Shenandoah",80+,129,34,19
2020-07-25,"Thomas Jefferson",40-49,234,17,0
2020-07-25,"Rappahannock Rapidan",60-69,144,20,4
2020-07-25,Norfolk,30-39,518,18,1
2020-07-25,"Rappahannock Rapidan",Missing,12,0,0
2020-07-25,"Lord Fairfax",80+,177,41,45
2020-07-25,"Three Rivers",19-Oct,45,0,0
2020-07-25,Piedmont,40-49,215,12,0
2020-07-25,Norfolk,80+,62,15,5
2020-07-25,Peninsula,20-29,596,1,0
2020-07-25,Norfolk,50-59,278,27,4
2020-07-25,"Thomas Jefferson",50-59,193,16,2
2020-07-25,Richmond,70-79,100,44,15
2020-07-25,Chesterfield,70-79,153,32,22
2020-07-25,Piedmont,30-39,231,5,0
2020-07-25,"Prince William",30-39,1948,101,2
2020-07-25,Alleghany,20-29,135,1,0
2020-07-25,Alleghany,0-9,17,0,0
2020-07-25,"Mount Rogers",40-49,156,5,1
2020-07-25,"Eastern Shore",40-49,255,13,2
2020-07-25,"Central Virginia",60-69,75,5,2
2020-07-25,Richmond,19-Oct,221,2,0
2020-07-25,Pittsylvania-Danville,60-69,63,10,1
2020-07-25,Pittsylvania-Danville,Missing,0,0,0
2020-07-25,Chesterfield,60-69,351,60,13
2020-07-25,Southside,19-Oct,19,0,0
2020-07-25,"New River",80+,14,4,2
2020-07-25,"Central Virginia",50-59,114,2,2
2020-07-25,Hampton,70-79,42,12,0
2020-07-25,Pittsylvania-Danville,19-Oct,33,0,0
2020-07-25,Richmond,60-69,230,56,7
2020-07-25,Chickahominy,40-49,111,14,1
2020-07-25,"Three Rivers",80+,41,8,5
2020-07-25,Rappahannock,30-39,556,25,0
2020-07-26,Crater,Missing,19,0,0
2020-07-26,Arlington,50-59,404,68,6
2020-07-26,Piedmont,70-79,84,26,4
2020-07-26,Alexandria,60-69,220,49,2
2020-07-26,Portsmouth,30-39,257,10,1
2020-07-26,Lenowisco,20-29,23,0,0
2020-07-26,"Central Virginia",30-39,112,1,0
2020-07-26,Norfolk,19-Oct,152,1,0
2020-07-26,"New River",19-Oct,42,0,0
2020-07-26,"Central Virginia",20-29,184,2,0
2020-07-26,Rappahannock,50-59,463,55,4
2020-07-26,Rappahannock,60-69,243,50,7
2020-07-26,Piedmont,20-29,200,2,0
2020-07-26,"New River",60-69,31,5,0
2020-07-26,Roanoke,40-49,105,1,0
2020-07-26,"Three Rivers",20-29,163,4,0
2020-07-26,Rappahannock,40-49,535,48,2
2020-07-26,Portsmouth,80+,23,8,6
2020-07-26,"Central Shenandoah",Missing,1,0,0
2020-07-26,"Eastern Shore",70-79,52,18,9
2020-07-26,"Mount Rogers",70-79,93,30,13
2020-07-26,"Cumberland Plateau",70-79,15,2,0
2020-07-26,Piedmont,19-Oct,39,0,0
2020-07-26,Southside,20-29,79,2,0
2020-07-26,Chesterfield,50-59,528,47,4
2020-07-26,"Rappahannock Rapidan",20-29,333,6,0
2020-07-26,"Cumberland Plateau",60-69,18,2,0
2020-07-26,Roanoke,70-79,20,3,1
2020-07-26,"Central Shenandoah",20-29,494,10,0
2020-07-26,Pittsylvania-Danville,80+,36,9,2
2020-07-26,"Virginia Beach",80+,139,42,25
2020-07-26,"Central Shenandoah",50-59,436,35,4
2020-07-26,Lenowisco,Missing,0,0,0
2020-07-26,Fairfax,30-39,2952,203,6
2020-07-26,Lenowisco,60-69,26,5,2
2020-07-26,Loudoun,30-39,823,29,0
2020-07-26,"West Piedmont",80+,42,21,2
2020-07-26,Roanoke,80+,44,3,9
2020-07-26,Fairfax,40-49,2830,288,10
2020-07-26,"Thomas Jefferson",80+,141,29,19
2020-07-26,Roanoke,20-29,159,3,0
2020-07-26,Henrico,60-69,326,57,34
2020-07-26,"Lord Fairfax",40-49,374,18,1
2020-07-26,"Western Tidewater",Missing,18,0,0
2020-07-26,Chickahominy,60-69,95,22,6
2020-07-26,Chesapeake,20-29,437,4,0
2020-07-26,"Three Rivers",Missing,7,0,0
2020-07-26,Chickahominy,40-49,111,14,1
2020-07-26,"Three Rivers",80+,41,8,5
2020-07-26,Rappahannock,30-39,561,25,0
2020-07-26,"Lord Fairfax",60-69,258,52,14
2020-07-26,"Western Tidewater",0-9,27,0,0
2020-07-26,Rappahannock,70-79,122,39,16
2020-07-26,"Prince William",80+,254,86,74
2020-07-26,Hampton,80+,19,2,1
2020-07-26,Alexandria,80+,95,29,25
2020-07-26,"Mount Rogers",60-69,135,17,1
2020-07-26,"Eastern Shore",60-69,182,29,8
2020-07-26,"Lord Fairfax",70-79,163,44,18
2020-07-26,"New River",30-39,48,2,0
2020-07-26,Chesapeake,19-Oct,143,1,0
2020-07-26,Hampton,40-49,126,6,0
2020-07-26,Peninsula,Missing,35,0,0
2020-07-26,Henrico,70-79,232,51,43
2020-07-26,"Western Tidewater",20-29,219,5,0
2020-07-26,Peninsula,0-9,88,0,0
2020-07-26,Loudoun,40-49,901,58,1
2020-07-26,Pittsylvania-Danville,30-39,68,1,0
2020-07-26,Loudoun,20-29,801,10,0
2020-07-26,Crater,60-69,278,55,16
2020-07-26,Loudoun,80+,218,55,76
2020-07-26,Arlington,80+,204,84,69
2020-07-26,"Virginia Beach",19-Oct,225,0,0
2020-07-26,"Mount Rogers",80+,92,36,22
2020-07-26,"Eastern Shore",80+,50,22,19
2020-07-26,Crater,19-Oct,91,0,0
2020-07-26,Lenowisco,30-39,22,1,1
2020-07-26,Norfolk,Missing,29,1,0
2020-07-26,Henrico,Missing,35,1,1
2020-07-26,"New River",40-49,54,3,0
2020-07-26,"Central Virginia",0-9,18,0,0
2020-07-26,"New River",70-79,23,8,4
2020-07-26,Loudoun,0-9,180,4,0
2020-07-26,"Central Virginia",70-79,45,4,2
2020-07-26,Southside,0-9,7,0,0
2020-07-26,"Three Rivers",40-49,180,12,2
2020-07-26,Chickahominy,30-39,116,3,0
2020-07-26,"Central Shenandoah",60-69,309,47,14
2020-07-26,"Western Tidewater",60-69,206,20,8
2020-07-26,"Cumberland Plateau",30-39,25,1,0
2020-07-26,Portsmouth,19-Oct,108,0,0
2020-07-26,Chesterfield,Missing,109,1,0
2020-07-26,Alexandria,40-49,501,43,0
2020-07-26,"Thomas Jefferson",70-79,116,23,5
2020-07-26,"Three Rivers",30-39,195,5,0
2020-07-26,"Western Tidewater",70-79,131,26,19
2020-07-26,Arlington,60-69,296,82,19
2020-07-26,"Cumberland Plateau",19-Oct,33,0,0
2020-07-26,"West Piedmont",30-39,118,3,0
2020-07-26,Peninsula,19-Oct,137,1,0
2020-07-26,"West Piedmont",20-29,132,3,0
2020-07-26,Arlington,70-79,178,73,33
2020-07-26,Chickahominy,50-59,147,23,1
2020-07-26,Alleghany,40-49,112,2,0
2020-07-26,"Prince William",50-59,1597,207,15
2020-07-26,"Mount Rogers",0-9,49,1,0
2020-07-26,"Eastern Shore",0-9,21,2,0
2020-07-26,"Thomas Jefferson",60-69,147,28,4
2020-07-26,Pittsylvania-Danville,70-79,35,13,1
2020-07-26,Chesterfield,80+,159,36,47
2020-07-26,Richmond,0-9,116,6,0
2020-07-26,Chesapeake,80+,101,29,15
2020-07-26,Peninsula,40-49,339,14,1
2020-07-26,Henrico,0-9,123,4,0
2020-07-26,Lenowisco,80+,10,2,0
2020-07-26,Piedmont,60-69,158,23,2
2020-07-26,"West Piedmont",0-9,25,1,0
2020-07-26,"Rappahannock Rapidan",70-79,47,13,8
2020-07-26,"Central Shenandoah",70-79,155,48,13
2020-07-26,Chesapeake,30-39,433,14,0
2020-07-26,Chickahominy,0-9,20,0,0
2020-07-26,"Prince William",0-9,410,10,0
2020-07-26,"Eastern Shore",50-59,279,20,5
2020-07-26,"Mount Rogers",50-59,156,11,2
2020-07-26,Loudoun,19-Oct,667,1,0
2020-07-26,Southside,80+,83,12,13
2020-07-26,"Central Virginia",80+,29,3,0
2020-07-26,Rappahannock,Missing,23,0,0
2020-07-26,"Rappahannock Rapidan",30-39,355,18,1
2020-07-26,"New River",50-59,51,4,0
2020-07-26,Richmond,80+,41,21,9
2020-07-26,"Mount Rogers",20-29,177,0,0
2020-07-26,"Eastern Shore",20-29,202,6,0
2020-07-26,Hampton,19-Oct,55,0,0
2020-07-26,Portsmouth,0-9,39,3,0
2020-07-26,Crater,70-79,169,41,18
2020-07-26,Chesterfield,40-49,696,31,3
2020-07-26,Alexandria,Missing,11,0,0
2020-07-26,Southside,30-39,97,4,0
2020-07-26,"Prince William",Missing,173,3,0
2020-07-26,Hampton,60-69,80,11,2
2020-07-26,Fairfax,20-29,2517,95,3
2020-07-26,"Thomas Jefferson",0-9,68,1,0
2020-07-26,Lenowisco,40-49,21,3,0
2020-07-26,"Central Virginia",19-Oct,93,1,0
2020-07-26,Lenowisco,70-79,18,9,2
2020-07-26,Henrico,19-Oct,248,4,0
2020-07-26,"Mount Rogers",30-39,161,4,0
2020-07-26,"Eastern Shore",30-39,245,10,0
2020-07-26,Chesterfield,0-9,152,2,0
2020-07-26,"Central Shenandoah",19-Oct,151,1,0
2020-07-26,Crater,0-9,35,1,0
2020-07-26,Fairfax,70-79,701,247,116
2020-07-26,Rappahannock,80+,104,38,21
2020-07-26,Alexandria,19-Oct,201,5,0
2020-07-26,Portsmouth,40-49,181,11,0
2020-07-26,"Three Rivers",50-59,134,11,0
2020-07-26,Alleghany,Missing,2,0,0
2020-07-26,Alexandria,30-39,617,32,0
2020-07-26,Southside,Missing,0,0,0
2020-07-26,Portsmouth,60-69,122,24,6
2020-07-26,Roanoke,30-39,167,2,0
2020-07-26,"Three Rivers",60-69,100,15,0
2020-07-26,Fairfax,50-59,2405,330,33
2020-07-26,Portsmouth,50-59,168,25,2
2020-07-26,Chickahominy,80+,85,36,26
2020-07-26,"Rappahannock Rapidan",50-59,260,31,2
2020-07-26,Fairfax,80+,827,312,296
2020-07-26,Hampton,Missing,22,0,0
2020-07-26,"Cumberland Plateau",80+,6,3,1
2020-07-26,Alleghany,50-59,102,6,1
2020-07-26,"Prince William",40-49,2143,173,8
2020-07-26,Fairfax,Missing,159,5,0
2020-07-26,"Virginia Beach",40-49,483,22,1
2020-07-26,Richmond,Missing,23,0,0
2020-07-26,Norfolk,40-49,347,17,1
2020-07-26,Piedmont,80+,57,23,12
2020-07-26,"Virginia Beach",60-69,304,35,4
2020-07-26,"West Piedmont",40-49,131,11,2
2020-07-26,Arlington,19-Oct,134,5,0
2020-07-26,Lenowisco,0-9,11,0,0
2020-07-26,Pittsylvania-Danville,50-59,104,16,0
2020-07-26,"Virginia Beach",50-59,408,20,1
2020-07-26,Chesapeake,Missing,44,1,0
2020-07-26,"Central Shenandoah",80+,130,34,19
2020-07-26,"Thomas Jefferson",40-49,237,17,0
2020-07-26,"Rappahannock Rapidan",60-69,144,20,4
2020-07-26,Norfolk,30-39,541,18,1
2020-07-26,"Rappahannock Rapidan",Missing,12,0,0
2020-07-26,"Lord Fairfax",80+,177,41,45
2020-07-26,"Three Rivers",19-Oct,48,0,0
2020-07-26,Piedmont,40-49,216,12,0
2020-07-26,Norfolk,80+,63,15,5
2020-07-26,Peninsula,20-29,610,1,0
2020-07-26,Norfolk,50-59,294,27,4
2020-07-26,"Thomas Jefferson",50-59,198,16,2
2020-07-26,Richmond,70-79,100,44,15
2020-07-26,Chesterfield,70-79,154,33,22
2020-07-26,Piedmont,30-39,236,5,0
2020-07-26,"Prince William",30-39,1961,101,2
2020-07-26,Alleghany,20-29,141,1,0
2020-07-26,Alleghany,0-9,18,0,0
2020-07-26,"Mount Rogers",40-49,159,5,1
2020-07-26,"Eastern Shore",40-49,256,13,2
2020-07-26,"Central Virginia",60-69,79,5,2
2020-07-26,Richmond,19-Oct,223,2,0
2020-07-26,Pittsylvania-Danville,60-69,64,10,1
2020-07-26,Pittsylvania-Danville,Missing,0,0,0
2020-07-26,Chesterfield,60-69,352,60,13
2020-07-26,Southside,19-Oct,19,0,0
2020-07-26,"New River",80+,15,4,2
2020-07-26,"Central Virginia",50-59,120,2,2
2020-07-26,Hampton,70-79,44,12,0
2020-07-26,Pittsylvania-Danville,19-Oct,34,0,0
2020-07-26,Richmond,60-69,232,57,7
2020-07-26,"Virginia Beach",0-9,106,0,0
2020-07-26,Lenowisco,50-59,33,6,1
2020-07-26,Chesapeake,70-79,118,33,3
2020-07-26,"Western Tidewater",80+,162,30,35
2020-07-26,"Thomas Jefferson",19-Oct,117,2,0
2020-07-26,Richmond,40-49,430,32,3
2020-07-26,"Lord Fairfax",50-59,385,32,3
2020-07-26,"Lord Fairfax",19-Oct,181,3,0
2020-07-26,"Rappahannock Rapidan",19-Oct,155,3,0
2020-07-26,Crater,50-59,337,36,3
2020-07-26,Arlington,Missing,11,1,0
2020-07-26,Roanoke,50-59,75,1,0
2020-07-26,Rappahannock,19-Oct,300,3,0
2020-07-26,Roanoke,19-Oct,74,0,0
2020-07-26,"Eastern Shore",Missing,6,0,0
2020-07-26,"Mount Rogers",Missing,0,0,0
2020-07-26,"Prince William",60-69,852,180,45
2020-07-26,Alleghany,70-79,73,8,7
2020-07-26,Crater,20-29,312,9,0
2020-07-26,Loudoun,60-69,276,55,7
2020-07-26,Fairfax,0-9,534,21,0
2020-07-26,Roanoke,Missing,4,0,0
2020-07-26,Alexandria,20-29,452,11,1
2020-07-26,Portsmouth,70-79,63,17,6
2020-07-26,Alleghany,30-39,105,2,0
2020-07-26,"Prince William",20-29,1879,56,0
2020-07-26,Southside,70-79,68,12,14
2020-07-26,Piedmont,Missing,2,0,0
2020-07-26,Rappahannock,0-9,134,2,0
2020-07-26,Henrico,30-39,573,19,0
2020-07-26,"Prince William",19-Oct,901,8,0
2020-07-26,Chickahominy,19-Oct,66,0,0
2020-07-26,"Lord Fairfax",0-9,75,2,0
2020-07-26,"Central Virginia",Missing,1,0,0
2020-07-26,Fairfax,60-69,1513,339,64
2020-07-26,Hampton,20-29,231,3,0
2020-07-26,"Central Shenandoah",40-49,421,16,0
2020-07-26,Pittsylvania-Danville,0-9,18,0,0
2020-07-26,Crater,30-39,337,9,0
2020-07-26,"Virginia Beach",70-79,163,40,12
2020-07-26,"Virginia Beach",30-39,698,15,0
2020-07-26,Piedmont,0-9,25,0,0
2020-07-26,"Central Shenandoah",30-39,378,8,0
2020-07-26,Hampton,50-59,111,11,1
2020-07-26,Peninsula,70-79,132,41,12
2020-07-26,Arlington,20-29,547,22,0
2020-07-26,"West Piedmont",70-79,45,16,4
2020-07-26,Richmond,20-29,636,17,0
2020-07-26,Roanoke,0-9,25,0,0
2020-07-26,Hampton,30-39,162,3,0
2020-07-26,"Thomas Jefferson",30-39,300,11,0
2020-07-26,"Western Tidewater",40-49,218,7,2
2020-07-26,Richmond,50-59,328,57,1
2020-07-26,"Western Tidewater",50-59,247,17,4
2020-07-26,Lenowisco,19-Oct,18,0,0
2020-07-26,Chesapeake,0-9,65,1,0
2020-07-26,Peninsula,50-59,280,24,3
2020-07-26,"Cumberland Plateau",Missing,0,0,0
2020-07-26,Peninsula,60-69,205,34,4
2020-07-26,"Lord Fairfax",30-39,397,11,1
2020-07-26,"Virginia Beach",Missing,75,0,0
2020-07-26,Arlington,40-49,464,51,8
2020-07-26,"West Piedmont",19-Oct,89,0,0
2020-07-26,Chickahominy,70-79,74,23,6
2020-07-26,Pittsylvania-Danville,20-29,67,0,0
2020-07-26,Loudoun,50-59,729,63,3
2020-07-26,Richmond,30-39,583,29,1
2020-07-26,"Thomas Jefferson",Missing,2,0,0
2020-07-26,"Rappahannock Rapidan",80+,30,17,8
2020-07-26,"Lord Fairfax",Missing,2,0,0
2020-07-26,"Cumberland Plateau",50-59,31,2,0
2020-07-26,Loudoun,Missing,66,0,1
2020-07-26,Southside,50-59,86,11,0
2020-07-26,Chesterfield,20-29,716,10,0
2020-07-26,Norfolk,70-79,97,30,6
2020-07-26,Alleghany,19-Oct,101,0,0
2020-07-26,Crater,80+,130,27,12
2020-07-26,Portsmouth,Missing,21,0,0
2020-07-26,"Western Tidewater",19-Oct,78,0,0
2020-07-26,Chesterfield,19-Oct,381,0,0
2020-07-26,Southside,60-69,73,15,5
2020-07-26,Norfolk,0-9,97,2,0
2020-07-26,"Cumberland Plateau",40-49,32,2,0
2020-07-26,"Eastern Shore",19-Oct,63,1,0
2020-07-26,"Mount Rogers",19-Oct,88,0,0
2020-07-26,"Rappahannock Rapidan",0-9,93,1,0
2020-07-26,"Three Rivers",0-9,13,1,0
2020-07-26,Henrico,40-49,484,31,2
2020-07-26,Alexandria,50-59,339,53,11
2020-07-26,Arlington,0-9,60,2,0
2020-07-26,Chickahominy,Missing,15,0,0
2020-07-26,"New River",20-29,105,0,0
2020-07-26,"Virginia Beach",20-29,947,9,0
2020-07-26,Chesapeake,50-59,290,33,1
2020-07-26,Alleghany,80+,45,10,6
2020-07-26,Fairfax,19-Oct,995,31,0
2020-07-26,Chesapeake,60-69,202,36,5
2020-07-26,"West Piedmont",Missing,1,0,0
2020-07-26,Peninsula,80+,86,30,19
2020-07-26,Crater,40-49,276,19,1
2020-07-26,Chesapeake,40-49,318,31,1
2020-07-26,"Thomas Jefferson",20-29,274,2,0
2020-07-26,"Lord Fairfax",20-29,405,6,0
2020-07-26,Norfolk,20-29,886,8,0
2020-07-26,Arlington,30-39,509,43,0
2020-07-26,"West Piedmont",60-69,86,13,1
2020-07-26,Henrico,50-59,424,48,10
2020-07-26,"West Piedmont",50-59,154,22,2
2020-07-26,"Cumberland Plateau",20-29,24,0,0
2020-07-26,Alexandria,70-79,107,41,18
2020-07-26,Portsmouth,20-29,285,11,0
2020-07-26,"Western Tidewater",30-39,244,15,1
2020-07-26,"Central Shenandoah",0-9,74,0,0
2020-07-26,Henrico,80+,335,70,88
2020-07-26,Alexandria,0-9,152,2,0
2020-07-26,Pittsylvania-Danville,40-49,91,8,1
2020-07-26,Henrico,20-29,510,16,0
2020-07-26,Roanoke,60-69,51,3,0
2020-07-26,Peninsula,30-39,422,13,1
2020-07-26,Alleghany,60-69,76,8,1
2020-07-26,"Prince William",70-79,338,106,50
2020-07-26,Norfolk,60-69,265,38,3
2020-07-26,Southside,40-49,79,6,0
2020-07-26,Chesterfield,30-39,766,14,0
2020-07-26,Loudoun,70-79,159,50,18
2020-07-26,"Central Virginia",40-49,116,1,0
2020-07-26,"New River",Missing,0,0,0
2020-07-26,Chickahominy,20-29,130,1,0
2020-07-26,"New River",0-9,10,0,0
2020-07-26,"Cumberland Plateau",0-9,6,0,0
2020-07-26,"Three Rivers",70-79,54,11,6
2020-07-26,"Rappahannock Rapidan",40-49,335,21,2
2020-07-26,Hampton,0-9,23,0,0
2020-07-26,Piedmont,50-59,210,25,1
2020-07-26,Rappahannock,20-29,531,14,0
2020-07-27,"West Piedmont",20-29,132,3,0
2020-07-27,Arlington,70-79,178,73,33
2020-07-27,Chickahominy,50-59,150,23,1
2020-07-27,Alleghany,40-49,113,2,0
2020-07-27,"Prince William",50-59,1622,207,15
2020-07-27,"Mount Rogers",0-9,49,1,0
2020-07-27,"Eastern Shore",0-9,21,2,0
2020-07-27,"Thomas Jefferson",60-69,150,28,4
2020-07-27,Pittsylvania-Danville,70-79,37,13,1
2020-07-27,Chesterfield,80+,160,36,47
2020-07-27,Richmond,0-9,117,6,0
2020-07-27,Chesapeake,80+,103,30,15
2020-07-27,Peninsula,40-49,349,14,1
2020-07-27,Henrico,0-9,126,4,0
2020-07-27,Lenowisco,80+,10,2,0
2020-07-27,Piedmont,60-69,158,23,2
2020-07-27,"West Piedmont",0-9,25,1,0
2020-07-27,"Rappahannock Rapidan",70-79,47,13,8
2020-07-27,"Central Shenandoah",70-79,155,48,13
2020-07-27,Chesapeake,30-39,451,14,0
2020-07-27,Chickahominy,0-9,21,0,0
2020-07-27,"Prince William",0-9,415,10,0
2020-07-27,"Eastern Shore",50-59,279,20,5
2020-07-27,"Mount Rogers",50-59,159,11,2
2020-07-27,Loudoun,19-Oct,678,1,0
2020-07-27,Southside,80+,83,12,13
2020-07-27,"Central Virginia",80+,30,3,0
2020-07-27,Rappahannock,Missing,23,0,0
2020-07-27,"Rappahannock Rapidan",30-39,359,18,1
2020-07-27,"New River",50-59,53,5,0
2020-07-27,Richmond,80+,41,21,9
2020-07-27,"Mount Rogers",20-29,177,0,0
2020-07-27,"Eastern Shore",20-29,202,6,0
2020-07-27,Hampton,19-Oct,56,0,0
2020-07-27,Portsmouth,0-9,39,3,0
2020-07-27,Crater,70-79,172,41,18
2020-07-27,Chesterfield,40-49,702,31,3
2020-07-27,Alexandria,Missing,11,0,0
2020-07-27,Southside,30-39,97,4,0
2020-07-27,"Prince William",Missing,173,3,0
2020-07-27,Hampton,60-69,84,11,2
2020-07-27,Fairfax,20-29,2552,95,3
2020-07-27,"Thomas Jefferson",0-9,73,1,0
2020-07-27,Lenowisco,40-49,25,4,0
2020-07-27,"Central Virginia",19-Oct,103,1,0
2020-07-27,Lenowisco,70-79,19,10,2
2020-07-27,"Virginia Beach",0-9,109,0,0
2020-07-27,Lenowisco,50-59,35,6,1
2020-07-27,Chesapeake,70-79,119,35,3
2020-07-27,"Western Tidewater",80+,165,32,35
2020-07-27,"Thomas Jefferson",19-Oct,121,2,0
2020-07-27,Richmond,40-49,437,32,3
2020-07-27,"Lord Fairfax",50-59,387,32,3
2020-07-27,"Lord Fairfax",19-Oct,182,3,0
2020-07-27,"Rappahannock Rapidan",19-Oct,155,3,0
2020-07-27,Crater,50-59,341,36,3
2020-07-27,Arlington,Missing,11,1,0
2020-07-27,Roanoke,50-59,75,1,0
2020-07-27,Rappahannock,19-Oct,307,3,0
2020-07-27,Roanoke,19-Oct,75,0,0
2020-07-27,"Eastern Shore",Missing,6,0,0
2020-07-27,"Mount Rogers",Missing,0,0,0
2020-07-27,"Prince William",60-69,857,180,45
2020-07-27,Alleghany,70-79,74,8,7
2020-07-27,Crater,20-29,319,9,0
2020-07-27,Loudoun,60-69,281,55,7
2020-07-27,Fairfax,0-9,539,21,0
2020-07-27,Roanoke,Missing,4,0,0
2020-07-27,Alexandria,20-29,461,11,1
2020-07-27,Portsmouth,70-79,65,17,6
2020-07-27,Alleghany,30-39,105,2,0
2020-07-27,"Prince William",20-29,1915,56,0
2020-07-27,Southside,70-79,69,12,14
2020-07-27,Piedmont,Missing,2,0,0
2020-07-27,Rappahannock,0-9,134,2,0
2020-07-27,Henrico,30-39,598,19,0
2020-07-27,"Prince William",19-Oct,920,8,0
2020-07-27,Chickahominy,19-Oct,66,0,0
2020-07-27,"Lord Fairfax",0-9,75,2,0
2020-07-27,"Central Virginia",Missing,1,0,0
2020-07-27,Fairfax,60-69,1529,340,65
2020-07-27,Hampton,20-29,244,3,0
2020-07-27,"Central Shenandoah",40-49,422,16,0
2020-07-27,Pittsylvania-Danville,0-9,18,0,0
2020-07-27,Crater,30-39,347,9,0
2020-07-27,"Virginia Beach",70-79,167,41,12
2020-07-27,"Virginia Beach",30-39,737,15,0
2020-07-27,Piedmont,0-9,25,0,0
2020-07-27,"Central Shenandoah",30-39,384,8,0
2020-07-27,Hampton,50-59,119,11,1
2020-07-27,Peninsula,70-79,135,41,12
2020-07-27,Arlington,20-29,556,22,0
2020-07-27,"West Piedmont",70-79,45,16,4
2020-07-27,Richmond,20-29,658,17,0
2020-07-27,Roanoke,0-9,25,0,0
2020-07-27,Hampton,30-39,168,3,0
2020-07-27,"Thomas Jefferson",30-39,304,11,0
2020-07-27,"Western Tidewater",40-49,228,8,2
2020-07-27,Richmond,50-59,332,57,1
2020-07-27,"Western Tidewater",50-59,261,19,4
2020-07-27,Chickahominy,40-49,111,14,1
2020-07-27,"Three Rivers",80+,42,8,5
2020-07-27,Rappahannock,30-39,570,25,0
2020-07-27,"Lord Fairfax",60-69,258,52,14
2020-07-27,"Western Tidewater",0-9,29,0,0
2020-07-27,Rappahannock,70-79,124,41,16
2020-07-27,"Prince William",80+,256,87,74
2020-07-27,Hampton,80+,20,2,1
2020-07-27,Alexandria,80+,95,29,25
2020-07-27,"Mount Rogers",60-69,137,17,1
2020-07-27,"Eastern Shore",60-69,183,29,8
2020-07-27,"Lord Fairfax",70-79,163,45,18
2020-07-27,"New River",30-39,49,2,0
2020-07-27,Chesapeake,19-Oct,151,1,0
2020-07-27,Hampton,40-49,135,6,0
2020-07-27,Peninsula,Missing,35,0,0
2020-07-27,Henrico,70-79,233,51,43
2020-07-27,"Western Tidewater",20-29,225,5,0
2020-07-27,Peninsula,0-9,90,0,0
2020-07-27,Loudoun,40-49,921,58,1
2020-07-27,Pittsylvania-Danville,30-39,71,1,0
2020-07-27,Loudoun,20-29,824,10,0
2020-07-27,Crater,60-69,288,56,16
2020-07-27,Loudoun,80+,219,55,76
2020-07-27,Arlington,80+,204,84,69
2020-07-27,"Virginia Beach",19-Oct,244,0,0
2020-07-27,"Mount Rogers",80+,92,36,22
2020-07-27,"Eastern Shore",80+,50,22,19
2020-07-27,Crater,19-Oct,92,0,0
2020-07-27,Lenowisco,30-39,25,1,1
2020-07-27,Norfolk,Missing,29,1,0
2020-07-27,Henrico,Missing,35,1,1
2020-07-27,"New River",40-49,58,3,0
2020-07-27,"Central Virginia",0-9,23,0,0
2020-07-27,"New River",70-79,25,9,4
2020-07-27,Loudoun,0-9,181,4,0
2020-07-27,"Central Virginia",70-79,48,4,2
2020-07-27,Southside,0-9,7,0,0
2020-07-27,"Three Rivers",40-49,179,12,2
2020-07-27,Chickahominy,30-39,118,3,0
2020-07-27,"Central Shenandoah",60-69,310,47,14
2020-07-27,"Western Tidewater",60-69,211,23,8
2020-07-27,"Cumberland Plateau",30-39,27,1,0
2020-07-27,Portsmouth,19-Oct,110,0,0
2020-07-27,Chesterfield,Missing,109,1,0
2020-07-27,Alexandria,40-49,507,43,0
2020-07-27,"Thomas Jefferson",70-79,121,24,5
2020-07-27,"Three Rivers",30-39,196,5,0
2020-07-27,"Western Tidewater",70-79,134,27,19
2020-07-27,Arlington,60-69,296,82,19
2020-07-27,"Cumberland Plateau",19-Oct,34,0,0
2020-07-27,"West Piedmont",30-39,118,3,0
2020-07-27,Peninsula,19-Oct,141,1,0
2020-07-27,Norfolk,0-9,97,2,0
2020-07-27,"Cumberland Plateau",40-49,32,2,0
2020-07-27,"Eastern Shore",19-Oct,64,1,0
2020-07-27,"Mount Rogers",19-Oct,88,0,0
2020-07-27,"Rappahannock Rapidan",0-9,93,1,0
2020-07-27,"Three Rivers",0-9,14,1,0
2020-07-27,Henrico,40-49,499,32,2
2020-07-27,Alexandria,50-59,342,53,11
2020-07-27,Arlington,0-9,60,2,0
2020-07-27,Chickahominy,Missing,15,0,0
2020-07-27,"New River",20-29,111,0,0
2020-07-27,"Virginia Beach",20-29,1010,9,0
2020-07-27,Chesapeake,50-59,306,37,1
2020-07-27,Alleghany,80+,45,10,6
2020-07-27,Fairfax,19-Oct,1001,31,0
2020-07-27,Chesapeake,60-69,209,36,5
2020-07-27,"West Piedmont",Missing,1,0,0
2020-07-27,Peninsula,80+,86,30,19
2020-07-27,Crater,40-49,281,19,1
2020-07-27,Chesapeake,40-49,334,32,1
2020-07-27,"Thomas Jefferson",20-29,284,2,0
2020-07-27,"Lord Fairfax",20-29,410,6,0
2020-07-27,Norfolk,20-29,891,8,0
2020-07-27,Arlington,30-39,512,43,0
2020-07-27,"West Piedmont",60-69,86,13,1
2020-07-27,Henrico,50-59,435,49,10
2020-07-27,"West Piedmont",50-59,154,22,2
2020-07-27,"Cumberland Plateau",20-29,25,0,0
2020-07-27,Alexandria,70-79,107,41,18
2020-07-27,Portsmouth,20-29,291,11,0
2020-07-27,"Western Tidewater",30-39,247,15,1
2020-07-27,"Central Shenandoah",0-9,74,0,0
2020-07-27,Henrico,80+,335,70,88
2020-07-27,Alexandria,0-9,154,2,0
2020-07-27,Pittsylvania-Danville,40-49,101,8,1
2020-07-27,Henrico,20-29,527,16,0
2020-07-27,Roanoke,60-69,51,3,0
2020-07-27,Peninsula,30-39,438,13,1
2020-07-27,Alleghany,60-69,77,8,1
2020-07-27,"Prince William",70-79,340,106,50
2020-07-27,Norfolk,60-69,265,39,3
2020-07-27,Southside,40-49,81,6,0
2020-07-27,Chesterfield,30-39,780,14,0
2020-07-27,Loudoun,70-79,161,50,18
2020-07-27,"Central Virginia",40-49,124,1,0
2020-07-27,"New River",Missing,3,0,0
2020-07-27,Chickahominy,20-29,137,1,0
2020-07-27,"New River",0-9,11,0,0
2020-07-27,"Cumberland Plateau",0-9,6,0,0
2020-07-27,"Three Rivers",70-79,55,10,6
2020-07-27,"Rappahannock Rapidan",40-49,337,21,2
2020-07-27,Hampton,0-9,23,0,0
2020-07-27,Piedmont,50-59,210,25,1
2020-07-27,Rappahannock,20-29,541,14,0
2020-07-27,Crater,Missing,19,0,0
2020-07-27,Arlington,50-59,405,68,6
2020-07-27,Piedmont,70-79,84,26,4
2020-07-27,Alexandria,60-69,224,50,2
2020-07-27,Portsmouth,30-39,259,10,1
2020-07-27,Lenowisco,20-29,27,0,0
2020-07-27,"Central Virginia",30-39,114,1,0
2020-07-27,Norfolk,19-Oct,153,1,0
2020-07-27,"New River",19-Oct,45,0,0
2020-07-27,"Central Virginia",20-29,197,2,0
2020-07-27,Rappahannock,50-59,468,57,4
2020-07-27,Rappahannock,60-69,247,52,7
2020-07-27,Piedmont,20-29,200,2,0
2020-07-27,"New River",60-69,32,5,0
2020-07-27,Roanoke,40-49,106,1,0
2020-07-27,"Three Rivers",20-29,161,4,0
2020-07-27,Rappahannock,40-49,543,48,2
2020-07-27,Portsmouth,80+,23,8,6
2020-07-27,"Central Shenandoah",Missing,1,0,0
2020-07-27,"Eastern Shore",70-79,52,18,9
2020-07-27,"Mount Rogers",70-79,93,30,13
2020-07-27,"Cumberland Plateau",70-79,15,2,0
2020-07-27,Piedmont,19-Oct,39,0,0
2020-07-27,Southside,20-29,79,2,0
2020-07-27,Chesterfield,50-59,534,48,4
2020-07-27,"Rappahannock Rapidan",20-29,341,6,0
2020-07-27,"Cumberland Plateau",60-69,19,3,0
2020-07-27,Roanoke,70-79,21,3,1
2020-07-27,"Central Shenandoah",20-29,503,10,0
2020-07-27,Pittsylvania-Danville,80+,44,9,2
2020-07-27,"Virginia Beach",80+,142,42,25
2020-07-27,"Central Shenandoah",50-59,438,35,4
2020-07-27,Lenowisco,Missing,0,0,0
2020-07-27,Fairfax,30-39,2979,203,6
2020-07-27,Lenowisco,60-69,27,5,2
2020-07-27,Loudoun,30-39,843,30,0
2020-07-27,"West Piedmont",80+,42,21,2
2020-07-27,Roanoke,80+,45,3,9
2020-07-27,Fairfax,40-49,2857,288,10
2020-07-27,"Thomas Jefferson",80+,144,31,19
2020-07-27,Roanoke,20-29,162,3,0
2020-07-27,Henrico,60-69,331,57,34
2020-07-27,"Lord Fairfax",40-49,376,18,1
2020-07-27,"Western Tidewater",Missing,18,0,0
2020-07-27,Chickahominy,60-69,96,22,6
2020-07-27,Chesapeake,20-29,463,4,0
2020-07-27,"Three Rivers",Missing,7,0,0
2020-07-27,Henrico,19-Oct,252,4,0
2020-07-27,"Mount Rogers",30-39,166,4,0
2020-07-27,"Eastern Shore",30-39,246,10,0
2020-07-27,Chesterfield,0-9,154,2,0
2020-07-27,"Central Shenandoah",19-Oct,153,1,0
2020-07-27,Crater,0-9,35,1,0
2020-07-27,Fairfax,70-79,709,247,116
2020-07-27,Rappahannock,80+,107,40,21
2020-07-27,Alexandria,19-Oct,205,5,0
2020-07-27,Portsmouth,40-49,188,11,0
2020-07-27,"Three Rivers",50-59,136,11,0
2020-07-27,Alleghany,Missing,2,0,0
2020-07-27,Alexandria,30-39,629,32,0
2020-07-27,Southside,Missing,0,0,0
2020-07-27,Portsmouth,60-69,124,24,6
2020-07-27,Roanoke,30-39,173,2,0
2020-07-27,"Three Rivers",60-69,100,15,0
2020-07-27,Fairfax,50-59,2432,331,33
2020-07-27,Portsmouth,50-59,171,25,2
2020-07-27,Chickahominy,80+,86,36,26
2020-07-27,"Rappahannock Rapidan",50-59,267,31,2
2020-07-27,Fairfax,80+,829,314,297
2020-07-27,Hampton,Missing,22,0,0
2020-07-27,"Cumberland Plateau",80+,7,3,1
2020-07-27,Alleghany,50-59,109,6,1
2020-07-27,"Prince William",40-49,2165,173,8
2020-07-27,Fairfax,Missing,159,5,0
2020-07-27,"Virginia Beach",40-49,501,22,1
2020-07-27,Richmond,Missing,23,0,0
2020-07-27,Norfolk,40-49,348,17,1
2020-07-27,Piedmont,80+,57,23,12
2020-07-27,"Virginia Beach",60-69,327,38,4
2020-07-27,"West Piedmont",40-49,131,11,2
2020-07-27,Arlington,19-Oct,136,5,0
2020-07-27,Lenowisco,0-9,12,0,0
2020-07-27,Pittsylvania-Danville,50-59,111,16,0
2020-07-27,"Virginia Beach",50-59,428,21,1
2020-07-27,Chesapeake,Missing,44,1,0
2020-07-27,"Central Shenandoah",80+,131,34,19
2020-07-27,"Thomas Jefferson",40-49,247,18,0
2020-07-27,"Rappahannock Rapidan",60-69,148,20,4
2020-07-27,Norfolk,30-39,541,18,1
2020-07-27,"Rappahannock Rapidan",Missing,12,0,0
2020-07-27,"Lord Fairfax",80+,177,41,45
2020-07-27,"Three Rivers",19-Oct,49,0,0
2020-07-27,Piedmont,40-49,216,12,0
2020-07-27,Norfolk,80+,63,15,5
2020-07-27,Peninsula,20-29,630,1,0
2020-07-27,Norfolk,50-59,295,27,4
2020-07-27,"Thomas Jefferson",50-59,202,16,2
2020-07-27,Richmond,70-79,101,45,15
2020-07-27,Chesterfield,70-79,154,33,22
2020-07-27,Piedmont,30-39,236,5,0
2020-07-27,"Prince William",30-39,1978,101,2
2020-07-27,Alleghany,20-29,146,1,0
2020-07-27,Alleghany,0-9,19,0,0
2020-07-27,"Mount Rogers",40-49,162,5,1
2020-07-27,"Eastern Shore",40-49,259,13,2
2020-07-27,"Central Virginia",60-69,86,5,2
2020-07-27,Richmond,19-Oct,227,2,0
2020-07-27,Pittsylvania-Danville,60-69,70,10,1
2020-07-27,Pittsylvania-Danville,Missing,0,0,0
2020-07-27,Chesterfield,60-69,352,61,14
2020-07-27,Southside,19-Oct,20,0,0
2020-07-27,"New River",80+,15,4,2
2020-07-27,"Central Virginia",50-59,130,2,2
2020-07-27,Hampton,70-79,45,12,0
2020-07-27,Pittsylvania-Danville,19-Oct,37,0,0
2020-07-27,Richmond,60-69,235,57,7
2020-07-27,Lenowisco,19-Oct,18,0,0
2020-07-27,Chesapeake,0-9,66,1,0
2020-07-27,Peninsula,50-59,285,24,3
2020-07-27,"Cumberland Plateau",Missing,0,0,0
2020-07-27,Peninsula,60-69,215,34,4
2020-07-27,"Lord Fairfax",30-39,397,11,1
2020-07-27,"Virginia Beach",Missing,77,0,0
2020-07-27,Arlington,40-49,465,51,8
2020-07-27,"West Piedmont",19-Oct,89,0,0
2020-07-27,Chickahominy,70-79,75,23,6
2020-07-27,Pittsylvania-Danville,20-29,71,0,0
2020-07-27,Loudoun,50-59,741,64,3
2020-07-27,Richmond,30-39,591,29,1
2020-07-27,"Thomas Jefferson",Missing,2,0,0
2020-07-27,"Rappahannock Rapidan",80+,30,17,9
2020-07-27,"Lord Fairfax",Missing,2,0,0
2020-07-27,"Cumberland Plateau",50-59,33,2,0
2020-07-27,Loudoun,Missing,65,0,1
2020-07-27,Southside,50-59,87,11,0
2020-07-27,Chesterfield,20-29,725,10,0
2020-07-27,Norfolk,70-79,97,30,6
2020-07-27,Alleghany,19-Oct,103,0,0
2020-07-27,Crater,80+,130,27,12
2020-07-27,Portsmouth,Missing,21,0,0
2020-07-27,"Western Tidewater",19-Oct,80,0,0
2020-07-27,Chesterfield,19-Oct,381,0,0
2020-07-27,Southside,60-69,74,15,5
2020-07-28,Norfolk,0-9,98,2,0
2020-07-28,"Cumberland Plateau",40-49,33,2,0
2020-07-28,"Eastern Shore",19-Oct,65,1,0
2020-07-28,"Mount Rogers",19-Oct,90,0,0
2020-07-28,"Rappahannock Rapidan",0-9,93,1,0
2020-07-28,"Three Rivers",0-9,15,1,0
2020-07-28,Henrico,40-49,509,32,2
2020-07-28,Alexandria,50-59,343,53,11
2020-07-28,Arlington,0-9,62,2,0
2020-07-28,Chickahominy,Missing,15,0,0
2020-07-28,"New River",20-29,112,0,0
2020-07-28,"Virginia Beach",20-29,1023,9,0
2020-07-28,Chesapeake,50-59,307,38,1
2020-07-28,Alleghany,80+,45,10,6
2020-07-28,Fairfax,19-Oct,1010,32,0
2020-07-28,Chesapeake,60-69,215,36,5
2020-07-28,"West Piedmont",Missing,1,0,0
2020-07-28,Peninsula,80+,85,30,19
2020-07-28,Crater,40-49,292,19,1
2020-07-28,Chesapeake,40-49,340,32,1
2020-07-28,"Thomas Jefferson",20-29,287,2,0
2020-07-28,"Lord Fairfax",20-29,411,6,0
2020-07-28,Norfolk,20-29,899,10,0
2020-07-28,Arlington,30-39,515,43,0
2020-07-28,"West Piedmont",60-69,90,14,1
2020-07-28,Henrico,50-59,444,49,10
2020-07-28,"West Piedmont",50-59,156,22,2
2020-07-28,"Cumberland Plateau",20-29,28,0,0
2020-07-28,Alexandria,70-79,107,41,18
2020-07-28,Portsmouth,20-29,310,11,0
2020-07-28,"Western Tidewater",30-39,256,15,1
2020-07-28,"Central Shenandoah",0-9,75,0,0
2020-07-28,Henrico,80+,335,71,88
2020-07-28,Alexandria,0-9,157,2,0
2020-07-28,Pittsylvania-Danville,40-49,101,8,1
2020-07-28,Henrico,20-29,540,16,0
2020-07-28,Roanoke,60-69,51,3,0
2020-07-28,Peninsula,30-39,443,13,1
2020-07-28,Alleghany,60-69,77,8,1
2020-07-28,"Prince William",70-79,342,107,50
2020-07-28,Norfolk,60-69,268,40,3
2020-07-28,Southside,40-49,84,6,0
2020-07-28,Chesterfield,30-39,789,15,0
2020-07-28,Loudoun,70-79,163,51,18
2020-07-28,"Central Virginia",40-49,128,1,0
2020-07-28,"New River",Missing,3,0,0
2020-07-28,Chickahominy,20-29,139,1,0
2020-07-28,"New River",0-9,11,0,0
2020-07-28,"Cumberland Plateau",0-9,6,0,0
2020-07-28,"Three Rivers",70-79,55,10,6
2020-07-28,"Rappahannock Rapidan",40-49,339,21,2
2020-07-28,Hampton,0-9,23,0,0
2020-07-28,Piedmont,50-59,216,25,1
2020-07-28,Rappahannock,20-29,554,14,0
2020-07-28,"West Piedmont",20-29,140,3,0
2020-07-28,Arlington,70-79,178,73,33
2020-07-28,Arlington,50-59,408,68,6
2020-07-28,Piedmont,70-79,85,26,4
2020-07-28,Alexandria,60-69,224,50,2
2020-07-28,Portsmouth,30-39,269,11,1
2020-07-28,Lenowisco,20-29,28,0,0
2020-07-28,"Central Virginia",30-39,123,1,0
2020-07-28,Norfolk,19-Oct,155,1,0
2020-07-28,"New River",19-Oct,45,0,0
2020-07-28,"Central Virginia",20-29,204,2,0
2020-07-28,Rappahannock,50-59,471,57,4
2020-07-28,Rappahannock,60-69,251,52,7
2020-07-28,Piedmont,20-29,213,2,0
2020-07-28,"New River",60-69,33,5,0
2020-07-28,Roanoke,40-49,107,1,0
2020-07-28,"Three Rivers",20-29,165,4,0
2020-07-28,Rappahannock,40-49,547,48,2
2020-07-28,Portsmouth,80+,26,8,6
2020-07-28,"Central Shenandoah",Missing,1,0,0
2020-07-28,"Eastern Shore",70-79,52,18,9
2020-07-28,"Mount Rogers",70-79,93,30,13
2020-07-28,"Cumberland Plateau",70-79,15,2,0
2020-07-28,Piedmont,19-Oct,42,0,0
2020-07-28,Southside,20-29,80,2,0
2020-07-28,Chesterfield,50-59,538,48,4
2020-07-28,"Rappahannock Rapidan",20-29,343,6,0
2020-07-28,"Cumberland Plateau",60-69,20,3,0
2020-07-28,Roanoke,70-79,21,3,1
2020-07-28,"Central Shenandoah",20-29,509,10,0
2020-07-28,Pittsylvania-Danville,80+,44,10,2
2020-07-28,"Virginia Beach",80+,141,43,25
2020-07-28,"Central Shenandoah",50-59,443,35,4
2020-07-28,Lenowisco,Missing,0,0,0
2020-07-28,Fairfax,30-39,2992,202,6
2020-07-28,Lenowisco,60-69,27,5,2
2020-07-28,Loudoun,30-39,847,30,0
2020-07-28,"West Piedmont",80+,49,24,2
2020-07-28,Roanoke,80+,45,3,9
2020-07-28,Fairfax,40-49,2860,290,10
2020-07-28,"Thomas Jefferson",80+,144,31,19
2020-07-28,Roanoke,20-29,162,3,0
2020-07-28,Henrico,60-69,334,57,34
2020-07-28,"Lord Fairfax",40-49,377,18,1
2020-07-28,"Western Tidewater",Missing,18,0,0
2020-07-28,Chickahominy,60-69,96,22,6
2020-07-28,Chesapeake,20-29,467,5,0
2020-07-28,"Three Rivers",Missing,7,0,0
2020-07-28,Henrico,19-Oct,258,4,0
2020-07-28,"Mount Rogers",30-39,167,4,0
2020-07-28,"Eastern Shore",30-39,246,10,0
2020-07-28,"Lord Fairfax",60-69,259,52,14
2020-07-28,"Western Tidewater",0-9,30,0,0
2020-07-28,Rappahannock,70-79,125,41,16
2020-07-28,"Prince William",80+,256,87,74
2020-07-28,Hampton,80+,21,2,1
2020-07-28,Alexandria,80+,95,29,25
2020-07-28,"Mount Rogers",60-69,137,17,1
2020-07-28,"Eastern Shore",60-69,183,29,8
2020-07-28,"Lord Fairfax",70-79,163,45,18
2020-07-28,"New River",30-39,49,2,0
2020-07-28,Chesapeake,19-Oct,157,1,0
2020-07-28,Hampton,40-49,139,6,0
2020-07-28,Peninsula,Missing,34,0,0
2020-07-28,Henrico,70-79,234,51,43
2020-07-28,"Western Tidewater",20-29,229,5,0
2020-07-28,Peninsula,0-9,90,0,0
2020-07-28,Loudoun,40-49,925,58,1
2020-07-28,Pittsylvania-Danville,30-39,71,1,0
2020-07-28,Loudoun,20-29,830,10,0
2020-07-28,Crater,60-69,290,56,17
2020-07-28,Loudoun,80+,219,55,78
2020-07-28,Arlington,80+,204,84,69
2020-07-28,"Virginia Beach",19-Oct,249,0,0
2020-07-28,"Mount Rogers",80+,92,36,22
2020-07-28,"Eastern Shore",80+,50,22,19
2020-07-28,Crater,19-Oct,92,0,0
2020-07-28,Lenowisco,30-39,26,1,1
2020-07-28,Norfolk,Missing,33,1,0
2020-07-28,Henrico,Missing,36,1,1
2020-07-28,"New River",40-49,60,3,0
2020-07-28,"Central Virginia",0-9,23,0,0
2020-07-28,"New River",70-79,25,9,4
2020-07-28,Loudoun,0-9,182,4,0
2020-07-28,"Central Virginia",70-79,50,4,2
2020-07-28,Southside,0-9,7,0,0
2020-07-28,"Three Rivers",40-49,182,12,2
2020-07-28,Chickahominy,30-39,118,3,0
2020-07-28,"Central Shenandoah",60-69,312,47,14
2020-07-28,"Western Tidewater",60-69,216,23,8
2020-07-28,"Cumberland Plateau",30-39,30,1,0
2020-07-28,Portsmouth,19-Oct,116,0,0
2020-07-28,Chesterfield,Missing,108,1,0
2020-07-28,Alexandria,40-49,507,43,0
2020-07-28,"Thomas Jefferson",70-79,121,24,5
2020-07-28,"Three Rivers",30-39,196,5,0
2020-07-28,"Western Tidewater",70-79,136,27,19
2020-07-28,Arlington,60-69,297,82,19
2020-07-28,"Cumberland Plateau",19-Oct,36,0,0
2020-07-28,"West Piedmont",30-39,122,3,0
2020-07-28,Peninsula,19-Oct,142,1,0
2020-07-28,Lenowisco,19-Oct,18,0,0
2020-07-28,"Virginia Beach",0-9,111,0,0
2020-07-28,Lenowisco,50-59,35,6,1
2020-07-28,Chesapeake,70-79,120,36,3
2020-07-28,"Western Tidewater",80+,168,32,38
2020-07-28,"Thomas Jefferson",19-Oct,125,2,0
2020-07-28,Richmond,40-49,441,32,3
2020-07-28,"Lord Fairfax",50-59,387,32,3
2020-07-28,"Lord Fairfax",19-Oct,182,3,0
2020-07-28,"Rappahannock Rapidan",19-Oct,157,3,0
2020-07-28,Crater,50-59,345,36,3
2020-07-28,Arlington,Missing,11,1,0
2020-07-28,Roanoke,50-59,75,1,0
2020-07-28,Rappahannock,19-Oct,309,3,0
2020-07-28,Roanoke,19-Oct,75,0,0
2020-07-28,"Eastern Shore",Missing,6,0,0
2020-07-28,"Mount Rogers",Missing,0,0,0
2020-07-28,"Prince William",60-69,865,181,45
2020-07-28,Alleghany,70-79,74,8,7
2020-07-28,Crater,20-29,323,9,0
2020-07-28,Loudoun,60-69,282,55,7
2020-07-28,Fairfax,0-9,538,21,0
2020-07-28,Roanoke,Missing,4,0,0
2020-07-28,Alexandria,20-29,468,11,1
2020-07-28,Portsmouth,70-79,69,18,6
2020-07-28,Alleghany,30-39,105,2,0
2020-07-28,"Prince William",20-29,1938,56,0
2020-07-28,Southside,70-79,70,12,14
2020-07-28,Piedmont,Missing,1,0,0
2020-07-28,Rappahannock,0-9,134,2,0
2020-07-28,Henrico,30-39,619,19,0
2020-07-28,"Prince William",19-Oct,925,8,0
2020-07-28,Chickahominy,19-Oct,67,0,0
2020-07-28,"Lord Fairfax",0-9,75,2,0
2020-07-28,"Central Virginia",Missing,1,0,0
2020-07-28,Fairfax,60-69,1533,340,65
2020-07-28,Hampton,20-29,250,3,0
2020-07-28,"Central Shenandoah",40-49,424,16,0
2020-07-28,Pittsylvania-Danville,0-9,18,0,0
2020-07-28,Crater,30-39,354,9,0
2020-07-28,"Virginia Beach",70-79,169,41,12
2020-07-28,"Virginia Beach",30-39,746,15,0
2020-07-28,Piedmont,0-9,25,0,0
2020-07-28,"Central Shenandoah",30-39,386,8,0
2020-07-28,Hampton,50-59,123,11,1
2020-07-28,Peninsula,70-79,136,41,12
2020-07-28,Arlington,20-29,562,22,0
2020-07-28,"West Piedmont",70-79,50,18,4
2020-07-28,Richmond,20-29,676,17,0
2020-07-28,Roanoke,0-9,25,0,0
2020-07-28,Hampton,30-39,171,3,0
2020-07-28,"Thomas Jefferson",30-39,305,11,0
2020-07-28,"Western Tidewater",40-49,234,8,2
2020-07-28,Richmond,50-59,334,57,1
2020-07-28,"Western Tidewater",50-59,264,19,4
2020-07-28,Crater,Missing,20,0,0
2020-07-28,Chesapeake,0-9,70,1,0
2020-07-28,Peninsula,50-59,290,24,3
2020-07-28,"Cumberland Plateau",Missing,0,0,0
2020-07-28,Peninsula,60-69,217,34,4
2020-07-28,"Lord Fairfax",30-39,398,11,1
2020-07-28,"Virginia Beach",Missing,76,0,0
2020-07-28,Arlington,40-49,466,51,8
2020-07-28,"West Piedmont",19-Oct,90,0,0
2020-07-28,Chickahominy,70-79,75,24,7
2020-07-28,Pittsylvania-Danville,20-29,71,0,0
2020-07-28,Loudoun,50-59,745,64,3
2020-07-28,Richmond,30-39,592,29,1
2020-07-28,"Thomas Jefferson",Missing,2,0,0
2020-07-28,"Rappahannock Rapidan",80+,30,17,9
2020-07-28,"Lord Fairfax",Missing,2,0,0
2020-07-28,"Cumberland Plateau",50-59,34,2,0
2020-07-28,Loudoun,Missing,65,0,1
2020-07-28,Southside,50-59,90,11,0
2020-07-28,Chesterfield,20-29,733,10,0
2020-07-28,Norfolk,70-79,99,31,6
2020-07-28,Alleghany,19-Oct,103,0,0
2020-07-28,Crater,80+,131,28,13
2020-07-28,Portsmouth,Missing,21,0,0
2020-07-28,"Western Tidewater",19-Oct,80,0,0
2020-07-28,Chesterfield,19-Oct,383,0,0
2020-07-28,Southside,60-69,74,15,5
2020-07-28,Chickahominy,50-59,151,23,1
2020-07-28,Alleghany,40-49,113,2,0
2020-07-28,"Prince William",50-59,1630,207,15
2020-07-28,"Mount Rogers",0-9,50,1,0
2020-07-28,"Eastern Shore",0-9,21,2,0
2020-07-28,"Thomas Jefferson",60-69,153,28,4
2020-07-28,Pittsylvania-Danville,70-79,37,13,1
2020-07-28,Chesterfield,80+,163,36,47
2020-07-28,Richmond,0-9,118,6,0
2020-07-28,Chesapeake,80+,104,31,16
2020-07-28,Peninsula,40-49,355,14,1
2020-07-28,Henrico,0-9,127,4,0
2020-07-28,Lenowisco,80+,10,2,0
2020-07-28,Piedmont,60-69,162,23,2
2020-07-28,"West Piedmont",0-9,25,1,0
2020-07-28,"Rappahannock Rapidan",70-79,47,13,8
2020-07-28,"Central Shenandoah",70-79,157,50,13
2020-07-28,Chesapeake,30-39,452,14,0
2020-07-28,Chickahominy,0-9,21,0,0
2020-07-28,"Prince William",0-9,418,10,0
2020-07-28,"Eastern Shore",50-59,281,20,5
2020-07-28,"Mount Rogers",50-59,161,11,2
2020-07-28,Loudoun,19-Oct,681,1,0
2020-07-28,Southside,80+,83,12,13
2020-07-28,"Central Virginia",80+,32,4,0
2020-07-28,Rappahannock,Missing,23,0,0
2020-07-28,"Rappahannock Rapidan",30-39,360,18,1
2020-07-28,"New River",50-59,54,5,0
2020-07-28,Richmond,80+,41,21,9
2020-07-28,"Mount Rogers",20-29,179,0,0
2020-07-28,"Eastern Shore",20-29,202,6,0
2020-07-28,Hampton,19-Oct,58,0,0
2020-07-28,Portsmouth,0-9,39,3,0
2020-07-28,Crater,70-79,174,43,18
2020-07-28,Chesterfield,40-49,709,31,3
2020-07-28,Alexandria,Missing,11,0,0
2020-07-28,Southside,30-39,97,4,0
2020-07-28,"Prince William",Missing,173,3,0
2020-07-28,Hampton,60-69,84,11,2
2020-07-28,Fairfax,20-29,2569,95,3
2020-07-28,"Thomas Jefferson",0-9,75,1,0
2020-07-28,Lenowisco,40-49,26,4,0
2020-07-28,"Central Virginia",19-Oct,106,1,0
2020-07-28,Lenowisco,70-79,19,10,2
2020-07-28,Chesterfield,0-9,154,2,0
2020-07-28,"Central Shenandoah",19-Oct,155,1,0
2020-07-28,Crater,0-9,36,1,0
2020-07-28,Fairfax,70-79,711,247,117
2020-07-28,Rappahannock,80+,107,40,21
2020-07-28,Alexandria,19-Oct,206,5,0
2020-07-28,Portsmouth,40-49,200,11,0
2020-07-28,"Three Rivers",50-59,141,11,0
2020-07-28,Alleghany,Missing,2,0,0
2020-07-28,Alexandria,30-39,631,32,0
2020-07-28,Southside,Missing,0,0,0
2020-07-28,Portsmouth,60-69,135,24,6
2020-07-28,Roanoke,30-39,174,2,0
2020-07-28,"Three Rivers",60-69,102,15,0
2020-07-28,Fairfax,50-59,2438,331,33
2020-07-28,Portsmouth,50-59,182,25,2
2020-07-28,Chickahominy,80+,86,36,26
2020-07-28,"Rappahannock Rapidan",50-59,269,31,2
2020-07-28,Fairfax,80+,829,315,298
2020-07-28,Hampton,Missing,22,0,0
2020-07-28,"Cumberland Plateau",80+,7,3,1
2020-07-28,Alleghany,50-59,109,6,1
2020-07-28,"Prince William",40-49,2188,174,8
2020-07-28,Fairfax,Missing,159,5,0
2020-07-28,"Virginia Beach",40-49,506,22,1
2020-07-28,Richmond,Missing,23,0,0
2020-07-28,Norfolk,40-49,350,17,1
2020-07-28,Piedmont,80+,59,23,12
2020-07-28,"Virginia Beach",60-69,332,39,4
2020-07-28,"West Piedmont",40-49,140,11,2
2020-07-28,Arlington,19-Oct,140,5,0
2020-07-28,Lenowisco,0-9,12,0,0
2020-07-28,Pittsylvania-Danville,50-59,111,16,0
2020-07-28,"Virginia Beach",50-59,435,22,1
2020-07-28,Chesapeake,Missing,44,1,0
2020-07-28,"Central Shenandoah",80+,132,35,19
2020-07-28,"Thomas Jefferson",40-49,248,18,0
2020-07-28,"Rappahannock Rapidan",60-69,149,20,4
2020-07-28,Norfolk,30-39,549,18,1
2020-07-28,"Rappahannock Rapidan",Missing,12,0,0
2020-07-28,"Lord Fairfax",80+,177,41,45
2020-07-28,"Three Rivers",19-Oct,51,0,0
2020-07-28,Piedmont,40-49,226,12,0
2020-07-28,Norfolk,80+,63,15,5
2020-07-28,Peninsula,20-29,641,1,0
2020-07-28,Norfolk,50-59,300,27,4
2020-07-28,"Thomas Jefferson",50-59,203,16,2
2020-07-28,Richmond,70-79,101,45,16
2020-07-28,Chesterfield,70-79,155,34,22
2020-07-28,Piedmont,30-39,249,5,0
2020-07-28,"Prince William",30-39,2000,101,2
2020-07-28,Alleghany,20-29,146,1,0
2020-07-28,Alleghany,0-9,19,0,0
2020-07-28,"Mount Rogers",40-49,162,5,2
2020-07-28,"Eastern Shore",40-49,261,13,2
2020-07-28,"Central Virginia",60-69,87,6,2
2020-07-28,Richmond,19-Oct,231,2,0
2020-07-28,Pittsylvania-Danville,60-69,71,10,1
2020-07-28,Pittsylvania-Danville,Missing,0,0,0
2020-07-28,Chesterfield,60-69,355,61,14
2020-07-28,Southside,19-Oct,22,0,0
2020-07-28,"New River",80+,15,4,2
2020-07-28,"Central Virginia",50-59,136,2,2
2020-07-28,Hampton,70-79,47,12,0
2020-07-28,Pittsylvania-Danville,19-Oct,37,0,0
2020-07-28,Richmond,60-69,237,57,7
2020-07-28,Chickahominy,40-49,112,14,1
2020-07-28,"Three Rivers",80+,42,8,5
2020-07-28,Rappahannock,30-39,578,25,0
2020-07-29,"Virginia Beach",0-9,117,0,0
2020-07-29,Lenowisco,50-59,38,6,1
2020-07-29,Chesapeake,70-79,125,38,4
2020-07-29,"Western Tidewater",80+,169,32,40
2020-07-29,"Thomas Jefferson",19-Oct,126,2,0
2020-07-29,Richmond,40-49,445,34,4
2020-07-29,"Lord Fairfax",50-59,388,32,3
2020-07-29,"Lord Fairfax",19-Oct,183,3,0
2020-07-29,"Rappahannock Rapidan",19-Oct,157,3,0
2020-07-29,Crater,50-59,347,36,3
2020-07-29,Arlington,Missing,12,1,0
2020-07-29,Roanoke,50-59,76,1,0
2020-07-29,Rappahannock,19-Oct,315,3,0
2020-07-29,Roanoke,19-Oct,81,0,0
2020-07-29,"Eastern Shore",Missing,6,0,0
2020-07-29,"Mount Rogers",Missing,0,0,0
2020-07-29,"Prince William",60-69,870,183,46
2020-07-29,Alleghany,70-79,76,8,8
2020-07-29,Crater,20-29,326,9,0
2020-07-29,Loudoun,60-69,285,55,7
2020-07-29,Fairfax,0-9,537,21,0
2020-07-29,Roanoke,Missing,4,0,0
2020-07-29,Alexandria,20-29,471,11,1
2020-07-29,Portsmouth,70-79,71,18,6
2020-07-29,Alleghany,30-39,107,2,0
2020-07-29,"Prince William",20-29,1955,56,0
2020-07-29,Southside,70-79,70,12,15
2020-07-29,Piedmont,Missing,1,0,0
2020-07-29,Rappahannock,0-9,137,2,0
2020-07-29,Henrico,30-39,621,19,0
2020-07-29,"Prince William",19-Oct,932,8,0
2020-07-29,Chickahominy,19-Oct,67,0,0
2020-07-29,"Lord Fairfax",0-9,75,2,0
2020-07-29,"Central Virginia",Missing,1,0,0
2020-07-29,Fairfax,60-69,1542,343,65
2020-07-29,Hampton,20-29,258,3,0
2020-07-29,"Central Shenandoah",40-49,426,16,0
2020-07-29,Pittsylvania-Danville,0-9,18,0,0
2020-07-29,Crater,30-39,356,9,0
2020-07-29,"Virginia Beach",70-79,177,41,12
2020-07-29,"Virginia Beach",30-39,763,15,0
2020-07-29,Piedmont,0-9,26,0,0
2020-07-29,"Central Shenandoah",30-39,386,8,0
2020-07-29,Hampton,50-59,128,11,1
2020-07-29,Peninsula,70-79,137,41,12
2020-07-29,Arlington,20-29,566,22,0
2020-07-29,"West Piedmont",70-79,50,18,5
2020-07-29,Richmond,20-29,684,17,0
2020-07-29,Roanoke,0-9,26,0,0
2020-07-29,Hampton,30-39,174,3,0
2020-07-29,"Thomas Jefferson",30-39,308,12,0
2020-07-29,"Western Tidewater",40-49,238,8,2
2020-07-29,Richmond,50-59,337,57,1
2020-07-29,"Western Tidewater",50-59,266,19,4
2020-07-29,Crater,Missing,20,0,0
2020-07-29,Arlington,50-59,408,68,6
2020-07-29,Piedmont,70-79,85,26,5
2020-07-29,Alexandria,60-69,224,50,2
2020-07-29,Portsmouth,30-39,273,12,1
2020-07-29,Lenowisco,20-29,28,0,0
2020-07-29,"Central Virginia",30-39,130,1,0
2020-07-29,Norfolk,19-Oct,169,1,0
2020-07-29,"New River",19-Oct,45,0,0
2020-07-29,"Central Virginia",20-29,220,2,0
2020-07-29,Rappahannock,50-59,475,57,4
2020-07-29,Rappahannock,60-69,251,52,7
2020-07-29,Piedmont,20-29,217,2,0
2020-07-29,"New River",60-69,33,5,0
2020-07-29,Roanoke,40-49,112,1,0
2020-07-29,"Three Rivers",20-29,165,4,0
2020-07-29,Rappahannock,40-49,553,48,2
2020-07-29,Portsmouth,80+,26,8,6
2020-07-29,"Central Shenandoah",Missing,1,0,0
2020-07-29,"Eastern Shore",70-79,52,18,9
2020-07-29,"Mount Rogers",70-79,99,33,13
2020-07-29,"Cumberland Plateau",70-79,17,2,0
2020-07-29,Piedmont,19-Oct,42,0,0
2020-07-29,Southside,20-29,80,2,0
2020-07-29,Chesterfield,50-59,547,49,5
2020-07-29,"Rappahannock Rapidan",20-29,344,6,0
2020-07-29,"Cumberland Plateau",60-69,21,3,0
2020-07-29,Roanoke,70-79,22,3,1
2020-07-29,"Central Shenandoah",20-29,514,10,0
2020-07-29,Pittsylvania-Danville,80+,44,10,3
2020-07-29,"Virginia Beach",80+,144,43,25
2020-07-29,"Central Shenandoah",50-59,443,35,4
2020-07-29,Lenowisco,Missing,0,0,0
2020-07-29,Fairfax,30-39,3000,203,6
2020-07-29,Lenowisco,60-69,28,5,2
2020-07-29,Loudoun,30-39,851,30,0
2020-07-29,"West Piedmont",80+,51,26,2
2020-07-29,Roanoke,80+,46,4,9
2020-07-29,Fairfax,40-49,2870,291,10
2020-07-29,"Thomas Jefferson",80+,144,31,19
2020-07-29,Roanoke,20-29,171,3,0
2020-07-29,Henrico,60-69,338,57,34
2020-07-29,"Lord Fairfax",40-49,378,19,1
2020-07-29,"Western Tidewater",Missing,18,0,0
2020-07-29,Chickahominy,60-69,98,22,6
2020-07-29,Chesapeake,20-29,479,5,0
2020-07-29,"Three Rivers",Missing,7,0,0
2020-07-29,Henrico,19-Oct,259,4,0
2020-07-29,"Mount Rogers",30-39,172,4,0
2020-07-29,"Eastern Shore",30-39,246,10,0
2020-07-29,Norfolk,0-9,103,2,0
2020-07-29,"Cumberland Plateau",40-49,34,2,0
2020-07-29,"Eastern Shore",19-Oct,66,1,0
2020-07-29,"Mount Rogers",19-Oct,94,0,0
2020-07-29,"Rappahannock Rapidan",0-9,93,1,0
2020-07-29,"Three Rivers",0-9,15,1,0
2020-07-29,Henrico,40-49,518,32,2
2020-07-29,Alexandria,50-59,344,53,11
2020-07-29,Arlington,0-9,63,2,0
2020-07-29,Chickahominy,Missing,15,0,0
2020-07-29,"New River",20-29,113,0,0
2020-07-29,"Virginia Beach",20-29,1047,10,0
2020-07-29,Chesapeake,50-59,314,38,1
2020-07-29,Alleghany,80+,45,10,6
2020-07-29,Fairfax,19-Oct,1021,32,0
2020-07-29,Chesapeake,60-69,223,36,5
2020-07-29,"West Piedmont",Missing,1,0,0
2020-07-29,Peninsula,80+,86,30,19
2020-07-29,Crater,40-49,292,19,1
2020-07-29,Chesapeake,40-49,356,32,1
2020-07-29,"Thomas Jefferson",20-29,287,2,0
2020-07-29,"Lord Fairfax",20-29,411,6,0
2020-07-29,Norfolk,20-29,934,10,0
2020-07-29,Arlington,30-39,519,43,0
2020-07-29,"West Piedmont",60-69,90,14,1
2020-07-29,Henrico,50-59,447,50,9
2020-07-29,"West Piedmont",50-59,158,22,2
2020-07-29,"Cumberland Plateau",20-29,34,0,0
2020-07-29,Alexandria,70-79,107,41,18
2020-07-29,Portsmouth,20-29,313,11,0
2020-07-29,"Western Tidewater",30-39,259,15,1
2020-07-29,"Central Shenandoah",0-9,74,0,0
2020-07-29,Henrico,80+,336,71,88
2020-07-29,Alexandria,0-9,157,2,0
2020-07-29,Pittsylvania-Danville,40-49,105,8,1
2020-07-29,Henrico,20-29,547,17,0
2020-07-29,Roanoke,60-69,54,3,0
2020-07-29,Peninsula,30-39,447,13,1
2020-07-29,Alleghany,60-69,78,8,1
2020-07-29,"Prince William",70-79,345,107,50
2020-07-29,Norfolk,60-69,281,42,4
2020-07-29,Southside,40-49,85,6,0
2020-07-29,Chesterfield,30-39,799,15,0
2020-07-29,Loudoun,70-79,161,51,18
2020-07-29,"Central Virginia",40-49,137,1,0
2020-07-29,"New River",Missing,3,0,0
2020-07-29,Chickahominy,20-29,140,2,0
2020-07-29,"New River",0-9,11,0,0
2020-07-29,"Cumberland Plateau",0-9,6,0,0
2020-07-29,"Three Rivers",70-79,55,10,6
2020-07-29,"Rappahannock Rapidan",40-49,342,21,2
2020-07-29,Hampton,0-9,23,0,0
2020-07-29,Piedmont,50-59,216,25,1
2020-07-29,Rappahannock,20-29,564,14,0
2020-07-29,"West Piedmont",20-29,140,3,0
2020-07-29,Arlington,70-79,179,73,33
2020-07-29,Chickahominy,50-59,152,23,1
2020-07-29,Alleghany,40-49,116,2,0
2020-07-29,"Prince William",50-59,1636,207,15
2020-07-29,"Mount Rogers",0-9,51,1,0
2020-07-29,"Eastern Shore",0-9,22,2,0
2020-07-29,"Thomas Jefferson",60-69,154,29,4
2020-07-29,Pittsylvania-Danville,70-79,38,13,1
2020-07-29,Chesterfield,80+,163,36,48
2020-07-29,Richmond,0-9,118,6,0
2020-07-29,Chesapeake,80+,109,33,16
2020-07-29,Peninsula,40-49,357,14,1
2020-07-29,Henrico,0-9,127,4,0
2020-07-29,Lenowisco,80+,11,3,0
2020-07-29,Piedmont,60-69,162,23,2
2020-07-29,"West Piedmont",0-9,25,1,0
2020-07-29,"Rappahannock Rapidan",70-79,47,13,8
2020-07-29,"Central Shenandoah",70-79,159,50,13
2020-07-29,Chesapeake,30-39,466,14,0
2020-07-29,Chickahominy,0-9,21,0,0
2020-07-29,"Prince William",0-9,422,10,0
2020-07-29,"Eastern Shore",50-59,281,20,5
2020-07-29,"Mount Rogers",50-59,163,11,2
2020-07-29,Loudoun,19-Oct,689,1,0
2020-07-29,Southside,80+,84,12,13
2020-07-29,"Central Virginia",80+,34,4,1
2020-07-29,Rappahannock,Missing,23,0,0
2020-07-29,"Rappahannock Rapidan",30-39,362,18,1
2020-07-29,"New River",50-59,56,5,0
2020-07-29,Richmond,80+,41,21,9
2020-07-29,"Mount Rogers",20-29,184,0,0
2020-07-29,"Eastern Shore",20-29,202,6,0
2020-07-29,Hampton,19-Oct,61,0,0
2020-07-29,Portsmouth,0-9,40,3,0
2020-07-29,Crater,70-79,175,43,18
2020-07-29,Chesterfield,40-49,715,31,3
2020-07-29,Alexandria,Missing,11,0,0
2020-07-29,Southside,30-39,104,4,0
2020-07-29,"Prince William",Missing,173,3,0
2020-07-29,Hampton,60-69,87,11,2
2020-07-29,Fairfax,20-29,2592,96,3
2020-07-29,"Thomas Jefferson",0-9,75,1,0
2020-07-29,Lenowisco,40-49,28,4,0
2020-07-29,"Central Virginia",19-Oct,113,1,0
2020-07-29,Lenowisco,70-79,20,10,2
2020-07-29,Chesterfield,0-9,154,2,0
2020-07-29,"Central Shenandoah",19-Oct,158,1,0
2020-07-29,Crater,0-9,37,1,0
2020-07-29,Fairfax,70-79,715,248,117
2020-07-29,Rappahannock,80+,108,40,21
2020-07-29,Alexandria,19-Oct,206,5,0
2020-07-29,Portsmouth,40-49,206,11,0
2020-07-29,"Three Rivers",50-59,141,11,0
2020-07-29,Alleghany,Missing,2,0,0
2020-07-29,Alexandria,30-39,636,32,0
2020-07-29,Southside,Missing,0,0,0
2020-07-29,Portsmouth,60-69,137,25,6
2020-07-29,Roanoke,30-39,188,2,0
2020-07-29,"Three Rivers",60-69,102,15,1
2020-07-29,Fairfax,50-59,2442,332,33
2020-07-29,Portsmouth,50-59,186,26,2
2020-07-29,Chickahominy,80+,86,36,26
2020-07-29,"Rappahannock Rapidan",50-59,269,31,2
2020-07-29,Fairfax,80+,830,316,298
2020-07-29,Hampton,Missing,22,0,0
2020-07-29,"Cumberland Plateau",80+,7,3,1
2020-07-29,Alleghany,50-59,112,6,1
2020-07-29,"Prince William",40-49,2200,175,8
2020-07-29,Fairfax,Missing,154,5,0
2020-07-29,"Virginia Beach",40-49,519,22,1
2020-07-29,Richmond,Missing,23,0,0
2020-07-29,Norfolk,40-49,365,17,1
2020-07-29,Piedmont,80+,59,23,14
2020-07-29,"Virginia Beach",60-69,340,39,4
2020-07-29,"West Piedmont",40-49,142,11,2
2020-07-29,Arlington,19-Oct,140,5,0
2020-07-29,Lenowisco,0-9,12,0,0
2020-07-29,Pittsylvania-Danville,50-59,113,16,0
2020-07-29,"Virginia Beach",50-59,456,22,1
2020-07-29,Chesapeake,Missing,44,1,0
2020-07-29,"Central Shenandoah",80+,134,35,20
2020-07-29,"Thomas Jefferson",40-49,248,18,0
2020-07-29,"Rappahannock Rapidan",60-69,150,20,4
2020-07-29,Norfolk,30-39,567,18,1
2020-07-29,"Rappahannock Rapidan",Missing,12,0,0
2020-07-29,"Lord Fairfax",80+,179,43,45
2020-07-29,"Three Rivers",19-Oct,52,0,0
2020-07-29,Piedmont,40-49,226,12,0
2020-07-29,Norfolk,80+,63,15,6
2020-07-29,Peninsula,20-29,657,1,0
2020-07-29,Norfolk,50-59,315,27,4
2020-07-29,"Thomas Jefferson",50-59,204,16,2
2020-07-29,Richmond,70-79,102,45,17
2020-07-29,Chesterfield,70-79,156,34,22
2020-07-29,Piedmont,30-39,250,5,0
2020-07-29,"Prince William",30-39,2011,101,2
2020-07-29,Alleghany,20-29,147,1,0
2020-07-29,Alleghany,0-9,19,0,0
2020-07-29,"Mount Rogers",40-49,164,5,2
2020-07-29,"Eastern Shore",40-49,261,13,2
2020-07-29,"Central Virginia",60-69,90,6,2
2020-07-29,Richmond,19-Oct,235,2,0
2020-07-29,Pittsylvania-Danville,60-69,74,10,1
2020-07-29,Pittsylvania-Danville,Missing,0,0,0
2020-07-29,Chesterfield,60-69,356,61,15
2020-07-29,Southside,19-Oct,22,0,0
2020-07-29,"New River",80+,15,5,3
2020-07-29,"Central Virginia",50-59,140,4,4
2020-07-29,Hampton,70-79,47,12,0
2020-07-29,Pittsylvania-Danville,19-Oct,38,0,0
2020-07-29,Richmond,60-69,242,57,7
2020-07-29,Chickahominy,40-49,113,14,1
2020-07-29,"Three Rivers",80+,42,8,6
2020-07-29,Rappahannock,30-39,582,25,0
2020-07-29,"Lord Fairfax",60-69,261,52,14
2020-07-29,"Western Tidewater",0-9,30,0,0
2020-07-29,Rappahannock,70-79,126,41,16
2020-07-29,"Prince William",80+,259,87,74
2020-07-29,Hampton,80+,21,3,1
2020-07-29,Alexandria,80+,95,29,25
2020-07-29,"Mount Rogers",60-69,139,18,1
2020-07-29,"Eastern Shore",60-69,183,30,8
2020-07-29,"Lord Fairfax",70-79,164,45,18
2020-07-29,"New River",30-39,50,2,0
2020-07-29,Chesapeake,19-Oct,159,1,0
2020-07-29,Hampton,40-49,142,6,0
2020-07-29,Peninsula,Missing,34,0,0
2020-07-29,Henrico,70-79,237,51,43
2020-07-29,"Western Tidewater",20-29,234,6,0
2020-07-29,Peninsula,0-9,90,0,0
2020-07-29,Loudoun,40-49,929,58,1
2020-07-29,Pittsylvania-Danville,30-39,72,1,0
2020-07-29,Loudoun,20-29,834,10,0
2020-07-29,Crater,60-69,291,56,18
2020-07-29,Loudoun,80+,220,55,78
2020-07-29,Arlington,80+,205,84,69
2020-07-29,"Virginia Beach",19-Oct,258,0,0
2020-07-29,"Mount Rogers",80+,91,35,23
2020-07-29,"Eastern Shore",80+,50,22,19
2020-07-29,Crater,19-Oct,92,0,0
2020-07-29,Lenowisco,30-39,29,1,1
2020-07-29,Norfolk,Missing,35,1,0
2020-07-29,Henrico,Missing,36,1,1
2020-07-29,"New River",40-49,60,3,0
2020-07-29,"Central Virginia",0-9,27,0,0
2020-07-29,"New River",70-79,25,9,4
2020-07-29,Loudoun,0-9,182,4,0
2020-07-29,"Central Virginia",70-79,52,5,2
2020-07-29,Southside,0-9,7,0,0
2020-07-29,"Three Rivers",40-49,181,12,2
2020-07-29,Chickahominy,30-39,119,3,0
2020-07-29,"Central Shenandoah",60-69,314,47,14
2020-07-29,"Western Tidewater",60-69,217,23,8
2020-07-29,"Cumberland Plateau",30-39,32,1,0
2020-07-29,Portsmouth,19-Oct,117,0,0
2020-07-29,Chesterfield,Missing,108,1,0
2020-07-29,Alexandria,40-49,508,43,0
2020-07-29,"Thomas Jefferson",70-79,121,24,5
2020-07-29,"Three Rivers",30-39,196,5,0
2020-07-29,"Western Tidewater",70-79,139,27,20
2020-07-29,Arlington,60-69,297,82,19
2020-07-29,"Cumberland Plateau",19-Oct,37,1,0
2020-07-29,"West Piedmont",30-39,124,3,0
2020-07-29,Peninsula,19-Oct,144,1,0
2020-07-29,Lenowisco,19-Oct,18,0,0
2020-07-29,Chesapeake,0-9,73,1,0
2020-07-29,Peninsula,50-59,298,24,3
2020-07-29,"Cumberland Plateau",Missing,0,0,0
2020-07-29,Peninsula,60-69,223,34,4
2020-07-29,"Lord Fairfax",30-39,398,11,1
2020-07-29,"Virginia Beach",Missing,87,0,0
2020-07-29,Arlington,40-49,468,51,8
2020-07-29,"West Piedmont",19-Oct,90,0,0
2020-07-29,Chickahominy,70-79,75,24,7
2020-07-29,Pittsylvania-Danville,20-29,72,0,0
2020-07-29,Loudoun,50-59,749,64,4
2020-07-29,Richmond,30-39,604,31,1
2020-07-29,"Thomas Jefferson",Missing,2,0,0
2020-07-29,"Rappahannock Rapidan",80+,30,17,9
2020-07-29,"Lord Fairfax",Missing,2,0,0
2020-07-29,"Cumberland Plateau",50-59,36,3,0
2020-07-29,Loudoun,Missing,65,0,1
2020-07-29,Southside,50-59,92,11,0
2020-07-29,Chesterfield,20-29,737,10,0
2020-07-29,Norfolk,70-79,105,31,6
2020-07-29,Alleghany,19-Oct,104,0,0
2020-07-29,Crater,80+,131,29,15
2020-07-29,Portsmouth,Missing,21,0,0
2020-07-29,"Western Tidewater",19-Oct,81,0,0
2020-07-29,Chesterfield,19-Oct,387,0,0
2020-07-29,Southside,60-69,75,15,5
2020-07-30,Norfolk,0-9,105,2,0
2020-07-30,"Cumberland Plateau",40-49,34,2,0
2020-07-30,"Eastern Shore",19-Oct,67,1,0
2020-07-30,"Mount Rogers",19-Oct,97,0,0
2020-07-30,"Rappahannock Rapidan",0-9,94,1,0
2020-07-30,"Three Rivers",0-9,15,1,0
2020-07-30,Henrico,40-49,523,32,2
2020-07-30,Alexandria,50-59,346,53,11
2020-07-30,Arlington,0-9,63,2,0
2020-07-30,Chickahominy,Missing,15,0,0
2020-07-30,"New River",20-29,116,0,0
2020-07-30,"Virginia Beach",20-29,1067,10,0
2020-07-30,Chesapeake,50-59,320,38,1
2020-07-30,Alleghany,80+,46,10,6
2020-07-30,Fairfax,19-Oct,1031,32,0
2020-07-30,Chesapeake,60-69,227,36,5
2020-07-30,"West Piedmont",Missing,1,0,0
2020-07-30,Peninsula,80+,86,30,19
2020-07-30,Crater,40-49,297,19,1
2020-07-30,Chesapeake,40-49,368,32,1
2020-07-30,"Thomas Jefferson",20-29,289,2,0
2020-07-30,"Lord Fairfax",20-29,413,6,0
2020-07-30,Norfolk,20-29,976,10,0
2020-07-30,Arlington,30-39,520,43,0
2020-07-30,"West Piedmont",60-69,93,15,1
2020-07-30,Henrico,50-59,451,50,9
2020-07-30,"West Piedmont",50-59,158,24,2
2020-07-30,"Cumberland Plateau",20-29,36,0,0
2020-07-30,Alexandria,70-79,107,41,18
2020-07-30,Portsmouth,20-29,323,11,0
2020-07-30,"Western Tidewater",30-39,261,15,1
2020-07-30,"Central Shenandoah",0-9,74,0,0
2020-07-30,Henrico,80+,338,73,89
2020-07-30,Alexandria,0-9,158,2,0
2020-07-30,Pittsylvania-Danville,40-49,109,8,1
2020-07-30,Henrico,20-29,559,17,0
2020-07-30,Roanoke,60-69,55,3,0
2020-07-30,Peninsula,30-39,453,13,2
2020-07-30,Alleghany,60-69,79,8,1
2020-07-30,"Prince William",70-79,345,107,50
2020-07-30,Norfolk,60-69,298,43,4
2020-07-30,Southside,40-49,86,6,0
2020-07-30,Chesterfield,30-39,811,15,1
2020-07-30,Loudoun,70-79,161,51,18
2020-07-30,"Central Virginia",40-49,137,1,0
2020-07-30,"New River",Missing,2,0,0
2020-07-30,Chickahominy,20-29,142,2,0
2020-07-30,"New River",0-9,12,0,0
2020-07-30,"Cumberland Plateau",0-9,7,0,0
2020-07-30,"Three Rivers",70-79,55,10,6
2020-07-30,"Rappahannock Rapidan",40-49,342,21,2
2020-07-30,Hampton,0-9,25,0,0
2020-07-30,Piedmont,50-59,217,25,1
2020-07-30,Rappahannock,20-29,571,14,0
2020-07-30,"West Piedmont",20-29,140,3,0
2020-07-30,Arlington,70-79,180,73,33
2020-07-30,Chickahominy,50-59,153,23,1
2020-07-30,Alleghany,40-49,117,2,0
2020-07-30,"Prince William",50-59,1649,207,15
2020-07-30,"Mount Rogers",0-9,51,1,0
2020-07-30,"Eastern Shore",0-9,22,2,0
2020-07-30,"Thomas Jefferson",60-69,153,29,4
2020-07-30,Pittsylvania-Danville,70-79,38,13,1
2020-07-30,Chesterfield,80+,164,36,48
2020-07-30,Richmond,0-9,121,6,0
2020-07-30,Chesapeake,80+,109,33,16
2020-07-30,Peninsula,40-49,364,14,1
2020-07-30,Henrico,0-9,131,4,0
2020-07-30,Lenowisco,80+,11,3,0
2020-07-30,Piedmont,60-69,164,23,3
2020-07-30,"West Piedmont",0-9,25,1,0
2020-07-30,"Rappahannock Rapidan",70-79,47,13,8
2020-07-30,"Central Shenandoah",70-79,161,50,14
2020-07-30,Chesapeake,30-39,476,14,0
2020-07-30,Chickahominy,0-9,22,0,0
2020-07-30,"Prince William",0-9,426,10,0
2020-07-30,"Eastern Shore",50-59,281,20,5
2020-07-30,"Mount Rogers",50-59,166,11,2
2020-07-30,Loudoun,19-Oct,693,1,0
2020-07-30,Southside,80+,85,12,13
2020-07-30,"Central Virginia",80+,35,5,1
2020-07-30,Rappahannock,Missing,24,0,0
2020-07-30,"Rappahannock Rapidan",30-39,362,18,1
2020-07-30,"New River",50-59,56,5,0
2020-07-30,Richmond,80+,41,21,9
2020-07-30,"Mount Rogers",20-29,189,0,0
2020-07-30,"Eastern Shore",20-29,203,6,0
2020-07-30,Hampton,19-Oct,62,0,0
2020-07-30,Portsmouth,0-9,42,3,0
2020-07-30,Crater,70-79,178,43,18
2020-07-30,Chesterfield,40-49,721,31,3
2020-07-30,Alexandria,Missing,11,0,0
2020-07-30,Southside,30-39,108,4,0
2020-07-30,"Prince William",Missing,176,3,0
2020-07-30,Hampton,60-69,87,11,3
2020-07-30,Fairfax,20-29,2603,96,3
2020-07-30,"Thomas Jefferson",0-9,78,1,0
2020-07-30,Lenowisco,40-49,28,4,0
2020-07-30,"Central Virginia",19-Oct,113,1,0
2020-07-30,Lenowisco,70-79,20,10,2
2020-07-30,"Virginia Beach",0-9,117,0,0
2020-07-30,Lenowisco,50-59,39,6,1
2020-07-30,Chesapeake,70-79,125,38,4
2020-07-30,"Western Tidewater",80+,169,32,40
2020-07-30,"Thomas Jefferson",19-Oct,129,2,0
2020-07-30,Richmond,40-49,449,36,4
2020-07-30,"Lord Fairfax",50-59,389,32,3
2020-07-30,"Lord Fairfax",19-Oct,185,3,0
2020-07-30,"Rappahannock Rapidan",19-Oct,158,3,0
2020-07-30,Crater,50-59,349,36,3
2020-07-30,Arlington,Missing,13,1,0
2020-07-30,Roanoke,50-59,79,1,0
2020-07-30,Rappahannock,19-Oct,320,3,0
2020-07-30,Roanoke,19-Oct,89,0,0
2020-07-30,"Eastern Shore",Missing,6,0,0
2020-07-30,"Mount Rogers",Missing,0,0,0
2020-07-30,"Prince William",60-69,875,183,47
2020-07-30,Alleghany,70-79,76,8,10
2020-07-30,Crater,20-29,325,9,0
2020-07-30,Loudoun,60-69,285,55,7
2020-07-30,Fairfax,0-9,538,21,0
2020-07-30,Roanoke,Missing,4,0,0
2020-07-30,Alexandria,20-29,479,11,1
2020-07-30,Portsmouth,70-79,72,20,6
2020-07-30,Alleghany,30-39,109,2,0
2020-07-30,"Prince William",20-29,1969,56,0
2020-07-30,Southside,70-79,70,12,15
2020-07-30,Piedmont,Missing,1,0,0
2020-07-30,Rappahannock,0-9,138,2,0
2020-07-30,Henrico,30-39,629,19,0
2020-07-30,"Prince William",19-Oct,939,8,0
2020-07-30,Chickahominy,19-Oct,67,0,0
2020-07-30,"Lord Fairfax",0-9,76,2,0
2020-07-30,"Central Virginia",Missing,1,0,0
2020-07-30,Chesapeake,20-29,482,5,0
2020-07-30,"Three Rivers",Missing,7,0,0
2020-07-30,Henrico,19-Oct,262,4,0
2020-07-30,"Mount Rogers",30-39,176,5,0
2020-07-30,"Eastern Shore",30-39,244,10,0
2020-07-30,Chesterfield,0-9,158,2,0
2020-07-30,"Central Shenandoah",19-Oct,159,1,0
2020-07-30,Crater,0-9,40,1,0
2020-07-30,Fairfax,70-79,718,249,117
2020-07-30,Rappahannock,80+,109,40,21
2020-07-30,Alexandria,19-Oct,208,5,0
2020-07-30,Portsmouth,40-49,214,13,0
2020-07-30,"Three Rivers",50-59,142,11,0
2020-07-30,Alleghany,Missing,2,0,0
2020-07-30,Alexandria,30-39,638,32,0
2020-07-30,Southside,Missing,0,0,0
2020-07-30,Portsmouth,60-69,138,26,7
2020-07-30,Roanoke,30-39,193,2,0
2020-07-30,"Three Rivers",60-69,105,15,1
2020-07-30,Fairfax,50-59,2441,332,33
2020-07-30,Portsmouth,50-59,187,28,2
2020-07-30,Chickahominy,80+,86,36,26
2020-07-30,"Rappahannock Rapidan",50-59,270,31,2
2020-07-30,Fairfax,80+,834,318,298
2020-07-30,Hampton,Missing,22,0,0
2020-07-30,"Cumberland Plateau",80+,7,3,1
2020-07-30,Alleghany,50-59,116,6,1
2020-07-30,"Prince William",40-49,2211,176,8
2020-07-30,Fairfax,Missing,153,5,0
2020-07-30,"Virginia Beach",40-49,526,22,1
2020-07-30,Richmond,Missing,23,0,0
2020-07-30,Norfolk,40-49,380,17,1
2020-07-30,Piedmont,80+,61,23,15
2020-07-30,"Virginia Beach",60-69,345,40,4
2020-07-30,"West Piedmont",40-49,142,11,2
2020-07-30,Arlington,19-Oct,140,5,0
2020-07-30,Lenowisco,0-9,12,0,0
2020-07-30,Pittsylvania-Danville,50-59,116,17,0
2020-07-30,"Virginia Beach",50-59,461,22,1
2020-07-30,Chesapeake,Missing,45,1,0
2020-07-30,"Central Shenandoah",80+,136,35,20
2020-07-30,"Thomas Jefferson",40-49,251,18,0
2020-07-30,"Rappahannock Rapidan",60-69,151,21,4
2020-07-30,Norfolk,30-39,586,18,1
2020-07-30,"Rappahannock Rapidan",Missing,12,0,0
2020-07-30,"Lord Fairfax",80+,179,43,45
2020-07-30,"Three Rivers",19-Oct,53,0,0
2020-07-30,Piedmont,40-49,228,12,0
2020-07-30,Norfolk,80+,68,15,6
2020-07-30,Peninsula,20-29,670,1,0
2020-07-30,Norfolk,50-59,334,27,4
2020-07-30,"Thomas Jefferson",50-59,205,16,2
2020-07-30,Richmond,70-79,101,44,16
2020-07-30,Chesterfield,70-79,156,34,22
2020-07-30,Piedmont,30-39,255,5,0
2020-07-30,"Prince William",30-39,2025,101,2
2020-07-30,Alleghany,20-29,151,1,0
2020-07-30,Alleghany,0-9,19,0,0
2020-07-30,"Mount Rogers",40-49,166,5,2
2020-07-30,"Eastern Shore",40-49,258,13,2
2020-07-30,"Central Virginia",60-69,90,6,2
2020-07-30,Richmond,19-Oct,234,2,0
2020-07-30,Pittsylvania-Danville,60-69,77,11,1
2020-07-30,Pittsylvania-Danville,Missing,0,0,0
2020-07-30,Chesterfield,60-69,358,62,17
2020-07-30,Southside,19-Oct,22,0,0
2020-07-30,"New River",80+,15,5,3
2020-07-30,"Central Virginia",50-59,143,4,4
2020-07-30,Hampton,70-79,47,12,0
2020-07-30,Pittsylvania-Danville,19-Oct,41,0,0
2020-07-30,Richmond,60-69,243,59,7
2020-07-30,Chickahominy,40-49,114,14,1
2020-07-30,"Three Rivers",80+,42,8,6
2020-07-30,Rappahannock,30-39,590,26,0
2020-07-30,"Lord Fairfax",60-69,261,52,14
2020-07-30,"Western Tidewater",0-9,30,0,0
2020-07-30,Rappahannock,70-79,128,41,16
2020-07-30,"Prince William",80+,260,87,74
2020-07-30,Hampton,80+,21,3,1
2020-07-30,Alexandria,80+,96,29,25
2020-07-30,"Mount Rogers",60-69,141,20,2
2020-07-30,"Eastern Shore",60-69,183,30,8
2020-07-30,"Lord Fairfax",70-79,164,45,18
2020-07-30,"New River",30-39,50,2,0
2020-07-30,Chesapeake,19-Oct,165,1,0
2020-07-30,Hampton,40-49,143,6,0
2020-07-30,Fairfax,60-69,1545,345,65
2020-07-30,Hampton,20-29,261,3,0
2020-07-30,"Central Shenandoah",40-49,427,16,0
2020-07-30,Pittsylvania-Danville,0-9,19,0,0
2020-07-30,Crater,30-39,361,9,0
2020-07-30,"Virginia Beach",70-79,181,41,12
2020-07-30,"Virginia Beach",30-39,782,15,0
2020-07-30,Piedmont,0-9,26,0,0
2020-07-30,"Central Shenandoah",30-39,386,8,0
2020-07-30,Hampton,50-59,129,11,1
2020-07-30,Peninsula,70-79,139,41,12
2020-07-30,Arlington,20-29,571,22,0
2020-07-30,"West Piedmont",70-79,50,18,5
2020-07-30,Richmond,20-29,693,17,0
2020-07-30,Roanoke,0-9,27,0,0
2020-07-30,Hampton,30-39,176,3,0
2020-07-30,"Thomas Jefferson",30-39,313,12,0
2020-07-30,"Western Tidewater",40-49,238,8,2
2020-07-30,Richmond,50-59,338,57,1
2020-07-30,"Western Tidewater",50-59,273,19,4
2020-07-30,Crater,Missing,20,0,0
2020-07-30,Arlington,50-59,411,69,6
2020-07-30,Piedmont,70-79,85,26,6
2020-07-30,Alexandria,60-69,224,50,2
2020-07-30,Portsmouth,30-39,275,13,1
2020-07-30,Lenowisco,20-29,31,0,0
2020-07-30,"Central Virginia",30-39,133,1,0
2020-07-30,Norfolk,19-Oct,184,1,0
2020-07-30,"New River",19-Oct,45,0,0
2020-07-30,"Central Virginia",20-29,224,2,0
2020-07-30,Rappahannock,50-59,480,57,4
2020-07-30,Rappahannock,60-69,253,52,7
2020-07-30,Piedmont,20-29,221,2,0
2020-07-30,"New River",60-69,33,5,0
2020-07-30,Roanoke,40-49,114,1,0
2020-07-30,"Three Rivers",20-29,168,4,0
2020-07-30,Rappahannock,40-49,560,48,2
2020-07-30,Portsmouth,80+,26,8,6
2020-07-30,"Central Shenandoah",Missing,1,0,0
2020-07-30,"Eastern Shore",70-79,52,18,9
2020-07-30,"Mount Rogers",70-79,102,35,13
2020-07-30,"Cumberland Plateau",70-79,17,2,0
2020-07-30,Piedmont,19-Oct,42,0,0
2020-07-30,Southside,20-29,82,2,0
2020-07-30,Chesterfield,50-59,555,50,5
2020-07-30,"Rappahannock Rapidan",20-29,346,6,0
2020-07-30,"Cumberland Plateau",60-69,21,3,0
2020-07-30,Roanoke,70-79,22,3,1
2020-07-30,"Central Shenandoah",20-29,515,11,0
2020-07-30,Pittsylvania-Danville,80+,44,10,4
2020-07-30,"Virginia Beach",80+,150,43,25
2020-07-30,"Central Shenandoah",50-59,443,35,4
2020-07-30,Lenowisco,Missing,0,0,0
2020-07-30,Fairfax,30-39,3006,203,6
2020-07-30,Lenowisco,60-69,29,5,2
2020-07-30,Loudoun,30-39,852,31,0
2020-07-30,"West Piedmont",80+,57,28,2
2020-07-30,Roanoke,80+,48,4,9
2020-07-30,Fairfax,40-49,2879,291,10
2020-07-30,"Thomas Jefferson",80+,144,31,20
2020-07-30,Roanoke,20-29,174,4,0
2020-07-30,Henrico,60-69,340,57,34
2020-07-30,"Lord Fairfax",40-49,378,19,1
2020-07-30,"Western Tidewater",Missing,19,0,0
2020-07-30,Chickahominy,60-69,98,22,6
2020-07-30,Peninsula,Missing,34,0,0
2020-07-30,Henrico,70-79,238,51,43
2020-07-30,"Western Tidewater",20-29,239,6,0
2020-07-30,Peninsula,0-9,91,0,0
2020-07-30,Loudoun,40-49,932,59,1
2020-07-30,Pittsylvania-Danville,30-39,81,1,0
2020-07-30,Loudoun,20-29,840,10,0
2020-07-30,Crater,60-69,295,56,18
2020-07-30,Loudoun,80+,221,55,78
2020-07-30,Arlington,80+,205,84,69
2020-07-30,"Virginia Beach",19-Oct,262,0,0
2020-07-30,"Mount Rogers",80+,91,35,23
2020-07-30,"Eastern Shore",80+,50,22,19
2020-07-30,Crater,19-Oct,93,0,0
2020-07-30,Lenowisco,30-39,30,1,1
2020-07-30,Norfolk,Missing,36,1,0
2020-07-30,Henrico,Missing,38,1,1
2020-07-30,"New River",40-49,60,3,0
2020-07-30,"Central Virginia",0-9,27,0,0
2020-07-30,"New River",70-79,26,9,4
2020-07-30,Loudoun,0-9,182,4,0
2020-07-30,"Central Virginia",70-79,54,5,2
2020-07-30,Southside,0-9,8,0,0
2020-07-30,"Three Rivers",40-49,181,12,2
2020-07-30,Chickahominy,30-39,120,3,0
2020-07-30,"Central Shenandoah",60-69,316,47,14
2020-07-30,"Western Tidewater",60-69,218,23,8
2020-07-30,"Cumberland Plateau",30-39,34,2,0
2020-07-30,Portsmouth,19-Oct,119,0,0
2020-07-30,Chesterfield,Missing,108,1,0
2020-07-30,Alexandria,40-49,512,43,0
2020-07-30,"Thomas Jefferson",70-79,121,24,5
2020-07-30,"Three Rivers",30-39,196,5,0
2020-07-30,"Western Tidewater",70-79,142,27,20
2020-07-30,Arlington,60-69,300,82,19
2020-07-30,"Cumberland Plateau",19-Oct,37,1,0
2020-07-30,"West Piedmont",30-39,125,3,0
2020-07-30,Peninsula,19-Oct,148,1,0
2020-07-30,Lenowisco,19-Oct,18,0,0
2020-07-30,Chesapeake,0-9,74,1,0
2020-07-30,Peninsula,50-59,298,24,3
2020-07-30,"Cumberland Plateau",Missing,0,0,0
2020-07-30,Peninsula,60-69,226,34,4
2020-07-30,"Lord Fairfax",30-39,399,11,1
2020-07-30,"Virginia Beach",Missing,88,0,0
2020-07-30,Arlington,40-49,471,52,8
2020-07-30,"West Piedmont",19-Oct,91,0,0
2020-07-30,Chickahominy,70-79,75,24,7
2020-07-30,Pittsylvania-Danville,20-29,75,0,0
2020-07-30,Loudoun,50-59,754,65,4
2020-07-30,Richmond,30-39,614,31,1
2020-07-30,"Thomas Jefferson",Missing,2,0,0
2020-07-30,"Rappahannock Rapidan",80+,30,17,9
2020-07-30,"Lord Fairfax",Missing,2,0,0
2020-07-30,"Cumberland Plateau",50-59,38,3,0
2020-07-30,Loudoun,Missing,65,0,1
2020-07-30,Southside,50-59,94,12,0
2020-07-30,Chesterfield,20-29,750,10,0
2020-07-30,Norfolk,70-79,113,31,6
2020-07-30,Alleghany,19-Oct,104,0,0
2020-07-30,Crater,80+,134,30,15
2020-07-30,Portsmouth,Missing,21,0,0
2020-07-30,"Western Tidewater",19-Oct,81,0,0
2020-07-30,Chesterfield,19-Oct,393,0,0
2020-07-30,Southside,60-69,75,15,5
2020-07-31,Pittsylvania-Danville,70-79,39,13,1
2020-07-31,Chesterfield,80+,163,36,48
2020-07-31,Richmond,0-9,120,6,0
2020-07-31,Chesapeake,80+,110,33,17
2020-07-31,Peninsula,40-49,376,15,1
2020-07-31,Henrico,0-9,131,4,0
2020-07-31,Lenowisco,80+,11,3,0
2020-07-31,Piedmont,60-69,165,23,3
2020-07-31,"West Piedmont",0-9,25,1,0
2020-07-31,"Rappahannock Rapidan",70-79,47,13,8
2020-07-31,"Central Shenandoah",70-79,163,50,14
2020-07-31,Chesapeake,30-39,489,14,0
2020-07-31,Chickahominy,0-9,22,0,0
2020-07-31,"Prince William",0-9,429,11,0
2020-07-31,"Eastern Shore",50-59,281,20,5
2020-07-31,"Mount Rogers",50-59,174,13,2
2020-07-31,Loudoun,19-Oct,692,1,0
2020-07-31,Southside,80+,85,12,13
2020-07-31,"Central Virginia",80+,40,5,1
2020-07-31,Rappahannock,Missing,24,0,0
2020-07-31,"Rappahannock Rapidan",30-39,362,18,1
2020-07-31,"New River",50-59,59,5,0
2020-07-31,Richmond,80+,42,22,9
2020-07-31,"Mount Rogers",20-29,193,0,0
2020-07-31,"Eastern Shore",20-29,203,6,0
2020-07-31,Hampton,19-Oct,63,0,0
2020-07-31,Portsmouth,0-9,43,3,0
2020-07-31,Crater,70-79,180,43,19
2020-07-31,Chesterfield,40-49,731,31,3
2020-07-31,Alexandria,Missing,11,0,0
2020-07-31,Southside,30-39,108,4,0
2020-07-31,"Prince William",Missing,178,3,0
2020-07-31,Hampton,60-69,91,11,3
2020-07-31,Fairfax,20-29,2605,97,3
2020-07-31,"Thomas Jefferson",0-9,79,1,0
2020-07-31,Lenowisco,40-49,29,4,0
2020-07-31,"Central Virginia",19-Oct,120,1,0
2020-07-31,Lenowisco,70-79,21,10,3
2020-07-31,"Virginia Beach",0-9,122,0,0
2020-07-31,Lenowisco,50-59,42,6,1
2020-07-31,Chesapeake,70-79,126,38,4
2020-07-31,"Western Tidewater",80+,171,32,41
2020-07-31,"Thomas Jefferson",19-Oct,130,2,0
2020-07-31,Richmond,40-49,456,35,4
2020-07-31,"Lord Fairfax",50-59,393,33,3
2020-07-31,"Lord Fairfax",19-Oct,185,3,0
2020-07-31,"Rappahannock Rapidan",19-Oct,161,3,0
2020-07-31,Crater,50-59,351,36,3
2020-07-31,Arlington,Missing,13,1,0
2020-07-31,Roanoke,50-59,79,1,0
2020-07-31,Rappahannock,19-Oct,321,3,0
2020-07-31,Roanoke,19-Oct,90,0,0
2020-07-31,"Eastern Shore",Missing,6,0,0
2020-07-31,"Mount Rogers",Missing,0,0,0
2020-07-31,"Prince William",60-69,879,184,48
2020-07-31,Alleghany,70-79,78,8,10
2020-07-31,Crater,20-29,326,9,0
2020-07-31,Loudoun,60-69,286,56,8
2020-07-31,Fairfax,0-9,543,21,0
2020-07-31,Roanoke,Missing,4,0,0
2020-07-31,Alexandria,20-29,483,11,1
2020-07-31,Portsmouth,70-79,74,20,6
2020-07-31,Alleghany,30-39,110,2,0
2020-07-31,"Prince William",20-29,1986,57,0
2020-07-31,Southside,70-79,70,13,16
2020-07-31,Piedmont,Missing,1,0,0
2020-07-31,Rappahannock,0-9,138,2,0
2020-07-31,Henrico,30-39,630,19,0
2020-07-31,"Prince William",19-Oct,946,8,0
2020-07-31,Chickahominy,19-Oct,68,0,0
2020-07-31,"Lord Fairfax",0-9,76,2,0
2020-07-31,"Central Virginia",Missing,1,0,0
2020-07-31,Fairfax,60-69,1544,349,63
2020-07-31,Hampton,20-29,267,3,0
2020-07-31,"Central Shenandoah",40-49,428,16,0
2020-07-31,Pittsylvania-Danville,0-9,19,0,0
2020-07-31,Crater,30-39,368,9,0
2020-07-31,"Virginia Beach",70-79,184,45,12
2020-07-31,"Virginia Beach",30-39,796,15,0
2020-07-31,Piedmont,0-9,26,0,0
2020-07-31,"Central Shenandoah",30-39,386,8,0
2020-07-31,Hampton,50-59,134,11,1
2020-07-31,Peninsula,70-79,141,42,12
2020-07-31,Arlington,20-29,576,22,0
2020-07-31,"West Piedmont",70-79,53,19,5
2020-07-31,Richmond,20-29,708,18,0
2020-07-31,Roanoke,0-9,29,0,0
2020-07-31,Hampton,30-39,182,3,0
2020-07-31,"Thomas Jefferson",30-39,312,12,0
2020-07-31,"Western Tidewater",40-49,249,8,2
2020-07-31,Richmond,50-59,341,58,1
2020-07-31,"Western Tidewater",50-59,284,19,4
2020-07-31,Crater,Missing,20,0,0
2020-07-31,Arlington,50-59,413,70,6
2020-07-31,Piedmont,70-79,86,26,6
2020-07-31,Alexandria,60-69,225,51,3
2020-07-31,Portsmouth,30-39,282,13,1
2020-07-31,Lenowisco,20-29,35,0,0
2020-07-31,"Central Virginia",30-39,143,1,0
2020-07-31,Norfolk,19-Oct,195,1,0
2020-07-31,"New River",19-Oct,45,0,0
2020-07-31,"Central Virginia",20-29,240,2,0
2020-07-31,Pittsylvania-Danville,30-39,82,1,0
2020-07-31,Loudoun,20-29,841,10,0
2020-07-31,Crater,60-69,296,56,18
2020-07-31,Loudoun,80+,221,55,78
2020-07-31,Arlington,80+,205,84,70
2020-07-31,"Virginia Beach",19-Oct,273,0,0
2020-07-31,"Mount Rogers",80+,92,35,26
2020-07-31,"Eastern Shore",80+,50,22,19
2020-07-31,Crater,19-Oct,93,0,0
2020-07-31,Lenowisco,30-39,31,1,1
2020-07-31,Norfolk,Missing,37,1,0
2020-07-31,Henrico,Missing,38,1,1
2020-07-31,"New River",40-49,60,3,0
2020-07-31,"Central Virginia",0-9,29,0,0
2020-07-31,"New River",70-79,26,9,4
2020-07-31,Loudoun,0-9,182,4,0
2020-07-31,"Central Virginia",70-79,61,6,3
2020-07-31,Southside,0-9,8,0,0
2020-07-31,"Three Rivers",40-49,182,12,2
2020-07-31,Chickahominy,30-39,121,3,0
2020-07-31,"Central Shenandoah",60-69,317,48,14
2020-07-31,"Western Tidewater",60-69,220,23,8
2020-07-31,"Cumberland Plateau",30-39,34,2,0
2020-07-31,Portsmouth,19-Oct,123,0,0
2020-07-31,Chesterfield,Missing,108,1,0
2020-07-31,Alexandria,40-49,514,44,0
2020-07-31,"Thomas Jefferson",70-79,122,24,7
2020-07-31,"Three Rivers",30-39,197,5,0
2020-07-31,"Western Tidewater",70-79,144,27,20
2020-07-31,Arlington,60-69,303,82,19
2020-07-31,"Cumberland Plateau",19-Oct,39,1,0
2020-07-31,"West Piedmont",30-39,126,3,0
2020-07-31,Peninsula,19-Oct,154,1,0
2020-07-31,Lenowisco,19-Oct,19,0,0
2020-07-31,Chesapeake,0-9,76,1,0
2020-07-31,Peninsula,50-59,301,24,3
2020-07-31,"Cumberland Plateau",Missing,0,0,0
2020-07-31,Peninsula,60-69,230,35,4
2020-07-31,"Lord Fairfax",30-39,400,11,1
2020-07-31,"Virginia Beach",Missing,91,0,0
2020-07-31,Arlington,40-49,475,52,8
2020-07-31,"West Piedmont",19-Oct,92,0,0
2020-07-31,Chickahominy,70-79,75,24,7
2020-07-31,Pittsylvania-Danville,20-29,76,0,0
2020-07-31,Loudoun,50-59,758,67,4
2020-07-31,Richmond,30-39,621,32,1
2020-07-31,"Thomas Jefferson",Missing,2,0,0
2020-07-31,"Rappahannock Rapidan",80+,30,17,9
2020-07-31,"Lord Fairfax",Missing,2,0,0
2020-07-31,"Cumberland Plateau",50-59,39,3,0
2020-07-31,Loudoun,Missing,65,0,1
2020-07-31,Southside,50-59,94,12,0
2020-07-31,Chesterfield,20-29,764,10,0
2020-07-31,Norfolk,70-79,118,32,6
2020-07-31,Alleghany,19-Oct,105,0,0
2020-07-31,Crater,80+,137,30,16
2020-07-31,Norfolk,0-9,110,2,0
2020-07-31,"Cumberland Plateau",40-49,36,2,0
2020-07-31,"Eastern Shore",19-Oct,67,1,0
2020-07-31,"Mount Rogers",19-Oct,99,0,0
2020-07-31,"Rappahannock Rapidan",0-9,94,1,0
2020-07-31,"Three Rivers",0-9,15,1,0
2020-07-31,Henrico,40-49,529,33,2
2020-07-31,Alexandria,50-59,351,54,11
2020-07-31,Arlington,0-9,64,2,0
2020-07-31,Chickahominy,Missing,15,0,0
2020-07-31,"New River",20-29,122,0,0
2020-07-31,"Virginia Beach",20-29,1076,10,0
2020-07-31,Chesapeake,50-59,335,38,1
2020-07-31,Alleghany,80+,46,10,6
2020-07-31,Fairfax,19-Oct,1030,33,0
2020-07-31,Chesapeake,60-69,235,37,5
2020-07-31,"West Piedmont",Missing,1,0,0
2020-07-31,Peninsula,80+,86,30,19
2020-07-31,Crater,40-49,299,19,1
2020-07-31,Chesapeake,40-49,371,33,1
2020-07-31,"Thomas Jefferson",20-29,293,2,0
2020-07-31,"Lord Fairfax",20-29,412,6,0
2020-07-31,Norfolk,20-29,1017,10,0
2020-07-31,Arlington,30-39,525,43,0
2020-07-31,"West Piedmont",60-69,95,15,1
2020-07-31,Henrico,50-59,457,50,10
2020-07-31,"West Piedmont",50-59,160,24,2
2020-07-31,"Cumberland Plateau",20-29,37,0,0
2020-07-31,Alexandria,70-79,107,41,18
2020-07-31,Portsmouth,20-29,331,11,0
2020-07-31,"Western Tidewater",30-39,264,16,1
2020-07-31,"Central Shenandoah",0-9,77,0,0
2020-07-31,Henrico,80+,339,74,89
2020-07-31,Alexandria,0-9,161,2,0
2020-07-31,Pittsylvania-Danville,40-49,111,8,1
2020-07-31,Henrico,20-29,567,17,0
2020-07-31,Roanoke,60-69,55,3,0
2020-07-31,Peninsula,30-39,461,13,2
2020-07-31,Alleghany,60-69,80,8,1
2020-07-31,"Prince William",70-79,346,108,50
2020-07-31,Norfolk,60-69,307,44,5
2020-07-31,Southside,40-49,86,6,0
2020-07-31,Chesterfield,30-39,823,15,1
2020-07-31,Loudoun,70-79,163,51,18
2020-07-31,"Central Virginia",40-49,141,1,0
2020-07-31,"New River",Missing,4,0,0
2020-07-31,Chickahominy,20-29,144,3,0
2020-07-31,"New River",0-9,12,0,0
2020-07-31,"Cumberland Plateau",0-9,8,0,0
2020-07-31,"Three Rivers",70-79,54,10,6
2020-07-31,"Rappahannock Rapidan",40-49,343,21,2
2020-07-31,Hampton,0-9,25,0,0
2020-07-31,Piedmont,50-59,224,25,1
2020-07-31,Rappahannock,20-29,574,14,0
2020-07-31,"West Piedmont",20-29,142,3,0
2020-07-31,Arlington,70-79,180,73,33
2020-07-31,Chickahominy,50-59,154,23,1
2020-07-31,Alleghany,40-49,119,2,0
2020-07-31,"Prince William",50-59,1655,207,15
2020-07-31,"Mount Rogers",0-9,54,1,0
2020-07-31,"Eastern Shore",0-9,22,2,0
2020-07-31,"Thomas Jefferson",60-69,158,30,4
2020-07-31,Rappahannock,50-59,488,58,4
2020-07-31,Rappahannock,60-69,257,52,7
2020-07-31,Piedmont,20-29,230,2,0
2020-07-31,"New River",60-69,34,5,0
2020-07-31,Roanoke,40-49,114,1,0
2020-07-31,"Three Rivers",20-29,169,4,0
2020-07-31,Rappahannock,40-49,565,48,2
2020-07-31,Portsmouth,80+,26,8,6
2020-07-31,"Central Shenandoah",Missing,1,0,0
2020-07-31,"Eastern Shore",70-79,52,18,9
2020-07-31,"Mount Rogers",70-79,104,36,15
2020-07-31,"Cumberland Plateau",70-79,17,2,0
2020-07-31,Piedmont,19-Oct,43,0,0
2020-07-31,Southside,20-29,82,2,0
2020-07-31,Chesterfield,50-59,565,50,5
2020-07-31,"Rappahannock Rapidan",20-29,348,6,0
2020-07-31,"Cumberland Plateau",60-69,23,3,0
2020-07-31,Roanoke,70-79,22,3,1
2020-07-31,"Central Shenandoah",20-29,518,11,0
2020-07-31,Pittsylvania-Danville,80+,49,10,4
2020-07-31,"Virginia Beach",80+,154,43,25
2020-07-31,"Central Shenandoah",50-59,444,35,4
2020-07-31,Lenowisco,Missing,0,0,0
2020-07-31,Fairfax,30-39,3009,207,6
2020-07-31,Lenowisco,60-69,32,5,2
2020-07-31,Loudoun,30-39,855,31,0
2020-07-31,"West Piedmont",80+,57,28,2
2020-07-31,Roanoke,80+,48,4,10
2020-07-31,Fairfax,40-49,2875,298,10
2020-07-31,"Thomas Jefferson",80+,150,31,21
2020-07-31,Roanoke,20-29,181,4,0
2020-07-31,Henrico,60-69,344,57,35
2020-07-31,"Lord Fairfax",40-49,381,19,1
2020-07-31,"Western Tidewater",Missing,19,0,0
2020-07-31,Chickahominy,60-69,99,25,6
2020-07-31,Chesapeake,20-29,489,5,0
2020-07-31,"Three Rivers",Missing,7,0,0
2020-07-31,Henrico,19-Oct,266,4,0
2020-07-31,"Mount Rogers",30-39,180,6,0
2020-07-31,"Eastern Shore",30-39,244,10,0
2020-07-31,Chesterfield,0-9,162,2,0
2020-07-31,"Central Shenandoah",19-Oct,159,1,0
2020-07-31,Crater,0-9,43,2,0
2020-07-31,Fairfax,70-79,718,252,118
2020-07-31,Rappahannock,80+,110,40,21
2020-07-31,Alexandria,19-Oct,208,5,0
2020-07-31,Portsmouth,40-49,225,13,0
2020-07-31,"Three Rivers",50-59,143,11,0
2020-07-31,Alleghany,Missing,2,0,0
2020-07-31,Alexandria,30-39,642,32,0
2020-07-31,Southside,Missing,0,0,0
2020-07-31,Portsmouth,60-69,144,26,7
2020-07-31,Roanoke,30-39,192,2,0
2020-07-31,"Three Rivers",60-69,105,15,1
2020-07-31,Fairfax,50-59,2440,338,33
2020-07-31,Portsmouth,50-59,193,28,2
2020-07-31,Chickahominy,80+,86,37,27
2020-07-31,"Rappahannock Rapidan",50-59,272,32,2
2020-07-31,Fairfax,80+,837,320,300
2020-07-31,Hampton,Missing,22,0,0
2020-07-31,"Cumberland Plateau",80+,7,3,1
2020-07-31,Alleghany,50-59,118,6,1
2020-07-31,"Prince William",40-49,2223,176,8
2020-07-31,Fairfax,Missing,154,5,0
2020-07-31,"Virginia Beach",40-49,537,22,2
2020-07-31,Richmond,Missing,23,0,0
2020-07-31,Norfolk,40-49,390,17,1
2020-07-31,Piedmont,80+,61,23,16
2020-07-31,"Virginia Beach",60-69,354,43,5
2020-07-31,"West Piedmont",40-49,144,11,2
2020-07-31,Arlington,19-Oct,143,5,0
2020-07-31,Lenowisco,0-9,12,0,0
2020-07-31,Pittsylvania-Danville,50-59,118,17,0
2020-07-31,"Virginia Beach",50-59,468,22,1
2020-07-31,Chesapeake,Missing,47,1,0
2020-07-31,"Central Shenandoah",80+,139,35,20
2020-07-31,"Thomas Jefferson",40-49,253,18,0
2020-07-31,"Rappahannock Rapidan",60-69,151,21,4
2020-07-31,Norfolk,30-39,598,18,1
2020-07-31,"Rappahannock Rapidan",Missing,12,0,0
2020-07-31,"Lord Fairfax",80+,181,43,47
2020-07-31,"Three Rivers",19-Oct,53,0,0
2020-07-31,Piedmont,40-49,228,12,0
2020-07-31,Norfolk,80+,69,15,7
2020-07-31,Peninsula,20-29,681,1,0
2020-07-31,Norfolk,50-59,339,28,4
2020-07-31,"Thomas Jefferson",50-59,206,16,2
2020-07-31,Richmond,70-79,102,44,17
2020-07-31,Chesterfield,70-79,158,34,23
2020-07-31,Piedmont,30-39,266,5,0
2020-07-31,"Prince William",30-39,2037,101,2
2020-07-31,Alleghany,20-29,152,1,0
2020-07-31,Alleghany,0-9,19,0,0
2020-07-31,"Mount Rogers",40-49,169,5,2
2020-07-31,"Eastern Shore",40-49,258,13,2
2020-07-31,"Central Virginia",60-69,101,6,2
2020-07-31,Richmond,19-Oct,236,2,0
2020-07-31,Pittsylvania-Danville,60-69,79,11,1
2020-07-31,Pittsylvania-Danville,Missing,0,0,0
2020-07-31,Chesterfield,60-69,362,62,17
2020-07-31,Southside,19-Oct,22,0,0
2020-07-31,"New River",80+,16,5,3
2020-07-31,"Central Virginia",50-59,156,5,4
2020-07-31,Hampton,70-79,52,12,0
2020-07-31,Pittsylvania-Danville,19-Oct,43,0,0
2020-07-31,Richmond,60-69,244,59,7
2020-07-31,Chickahominy,40-49,114,14,1
2020-07-31,"Three Rivers",80+,42,8,6
2020-07-31,Rappahannock,30-39,594,26,0
2020-07-31,"Lord Fairfax",60-69,262,52,14
2020-07-31,"Western Tidewater",0-9,30,0,0
2020-07-31,Rappahannock,70-79,130,41,16
2020-07-31,"Prince William",80+,260,87,74
2020-07-31,Hampton,80+,21,3,1
2020-07-31,Alexandria,80+,96,29,25
2020-07-31,"Mount Rogers",60-69,142,20,2
2020-07-31,"Eastern Shore",60-69,183,30,8
2020-07-31,"Lord Fairfax",70-79,164,45,18
2020-07-31,"New River",30-39,51,2,0
2020-07-31,Chesapeake,19-Oct,172,1,0
2020-07-31,Hampton,40-49,150,6,0
2020-07-31,Peninsula,Missing,34,0,0
2020-07-31,Henrico,70-79,240,51,43
2020-07-31,"Western Tidewater",20-29,244,6,0
2020-07-31,Peninsula,0-9,91,0,0
2020-07-31,Loudoun,40-49,932,60,1
2020-07-31,Portsmouth,Missing,21,0,0
2020-07-31,"Western Tidewater",19-Oct,87,0,0
2020-07-31,Chesterfield,19-Oct,401,0,0
2020-07-31,Southside,60-69,75,15,5
2020-08-01,Norfolk,0-9,110,2,0
2020-08-01,"Cumberland Plateau",40-49,36,2,0
2020-08-01,"Eastern Shore",19-Oct,67,1,0
2020-08-01,"Mount Rogers",19-Oct,99,0,0
2020-08-01,"Rappahannock Rapidan",0-9,95,1,0
2020-08-01,"Three Rivers",0-9,15,1,0
2020-08-01,Henrico,40-49,539,33,2
2020-08-01,Alexandria,50-59,352,54,11
2020-08-01,Arlington,0-9,64,2,0
2020-08-01,Chickahominy,Missing,15,0,0
2020-08-01,"New River",20-29,122,0,0
2020-08-01,"Virginia Beach",20-29,1107,10,0
2020-08-01,Chesapeake,50-59,335,38,1
2020-08-01,Alleghany,80+,47,11,7
2020-08-01,Fairfax,19-Oct,1039,33,0
2020-08-01,Chesapeake,60-69,236,39,5
2020-08-01,"West Piedmont",Missing,1,0,0
2020-08-01,Peninsula,80+,86,30,19
2020-08-01,Crater,40-49,301,19,1
2020-08-01,Chesapeake,40-49,375,33,1
2020-08-01,"Thomas Jefferson",20-29,297,2,0
2020-08-01,"Lord Fairfax",20-29,413,7,0
2020-08-01,Norfolk,20-29,1022,10,0
2020-08-01,Arlington,30-39,527,43,0
2020-08-01,"West Piedmont",60-69,96,15,1
2020-08-01,Henrico,50-59,465,51,11
2020-08-01,"West Piedmont",50-59,166,25,2
2020-08-01,"Cumberland Plateau",20-29,38,0,0
2020-08-01,Alexandria,70-79,107,41,18
2020-08-01,Portsmouth,20-29,336,12,0
2020-08-01,"Western Tidewater",30-39,271,16,1
2020-08-01,"Central Shenandoah",0-9,77,0,0
2020-08-01,Henrico,80+,340,74,89
2020-08-01,Alexandria,0-9,161,2,0
2020-08-01,Pittsylvania-Danville,40-49,118,8,1
2020-08-01,Henrico,20-29,582,18,0
2020-08-01,Roanoke,60-69,56,3,0
2020-08-01,Peninsula,30-39,466,13,2
2020-08-01,Alleghany,60-69,80,8,1
2020-08-01,"Prince William",70-79,349,108,50
2020-08-01,Norfolk,60-69,307,44,5
2020-08-01,Southside,40-49,90,6,0
2020-08-01,Chesterfield,30-39,831,15,1
2020-08-01,Loudoun,70-79,166,52,19
2020-08-01,"Central Virginia",40-49,146,1,0
2020-08-01,"New River",Missing,3,0,0
2020-08-01,Chickahominy,20-29,145,3,0
2020-08-01,"New River",0-9,12,0,0
2020-08-01,"Cumberland Plateau",0-9,8,0,0
2020-08-01,"Three Rivers",70-79,55,10,6
2020-08-01,"Rappahannock Rapidan",40-49,344,21,2
2020-08-01,Hampton,0-9,25,0,0
2020-08-01,Piedmont,50-59,227,25,1
2020-08-01,Rappahannock,20-29,589,14,0
2020-08-01,"West Piedmont",20-29,150,3,0
2020-08-01,Arlington,70-79,180,73,33
2020-08-01,Chickahominy,50-59,156,23,1
2020-08-01,Alleghany,40-49,121,2,0
2020-08-01,"Prince William",50-59,1664,208,16
2020-08-01,"Mount Rogers",0-9,54,1,0
2020-08-01,"Eastern Shore",0-9,22,2,0
2020-08-01,"Thomas Jefferson",60-69,159,30,4
2020-08-01,Pittsylvania-Danville,70-79,39,13,1
2020-08-01,Chesterfield,80+,163,36,48
2020-08-01,Richmond,0-9,120,6,0
2020-08-01,Chesapeake,80+,110,34,18
2020-08-01,Peninsula,40-49,380,15,1
2020-08-01,Henrico,0-9,133,4,0
2020-08-01,Lenowisco,80+,11,4,0
2020-08-01,Piedmont,60-69,167,23,3
2020-08-01,Hampton,20-29,267,3,0
2020-08-01,"Central Shenandoah",40-49,429,16,0
2020-08-01,Pittsylvania-Danville,0-9,19,0,0
2020-08-01,Crater,30-39,371,9,0
2020-08-01,"Virginia Beach",70-79,184,45,12
2020-08-01,"Virginia Beach",30-39,829,15,0
2020-08-01,Piedmont,0-9,26,0,0
2020-08-01,"Central Shenandoah",30-39,387,8,0
2020-08-01,Hampton,50-59,134,11,1
2020-08-01,Peninsula,70-79,141,42,12
2020-08-01,Arlington,20-29,580,22,0
2020-08-01,"West Piedmont",70-79,57,22,5
2020-08-01,Richmond,20-29,727,20,0
2020-08-01,Roanoke,0-9,30,0,0
2020-08-01,Hampton,30-39,183,3,0
2020-08-01,"Thomas Jefferson",30-39,316,12,0
2020-08-01,"Western Tidewater",40-49,254,9,2
2020-08-01,Richmond,50-59,344,58,1
2020-08-01,"Western Tidewater",50-59,285,19,4
2020-08-01,Crater,Missing,20,0,0
2020-08-01,Arlington,50-59,417,70,6
2020-08-01,Piedmont,70-79,87,26,6
2020-08-01,Alexandria,60-69,225,51,3
2020-08-01,Portsmouth,30-39,285,13,1
2020-08-01,Lenowisco,20-29,36,0,0
2020-08-01,"Central Virginia",30-39,148,1,0
2020-08-01,Norfolk,19-Oct,194,1,0
2020-08-01,"New River",19-Oct,45,0,0
2020-08-01,"Central Virginia",20-29,245,2,0
2020-08-01,Rappahannock,50-59,495,58,4
2020-08-01,Rappahannock,60-69,260,52,7
2020-08-01,Piedmont,20-29,233,2,0
2020-08-01,"New River",60-69,34,5,0
2020-08-01,Roanoke,40-49,118,1,0
2020-08-01,"Three Rivers",20-29,174,4,0
2020-08-01,Rappahannock,40-49,566,48,2
2020-08-01,Portsmouth,80+,28,8,6
2020-08-01,"Central Shenandoah",Missing,1,0,0
2020-08-01,"Eastern Shore",70-79,53,18,9
2020-08-01,"Mount Rogers",70-79,104,36,15
2020-08-01,"Cumberland Plateau",70-79,17,2,0
2020-08-01,Piedmont,19-Oct,44,0,0
2020-08-01,Southside,20-29,86,2,0
2020-08-01,Chesterfield,50-59,569,50,5
2020-08-01,"Rappahannock Rapidan",20-29,350,6,0
2020-08-01,"Cumberland Plateau",60-69,24,3,0
2020-08-01,Roanoke,70-79,26,3,1
2020-08-01,"Central Shenandoah",20-29,520,11,0
2020-08-01,Pittsylvania-Danville,80+,52,10,5
2020-08-01,"Virginia Beach",80+,154,43,26
2020-08-01,"Central Shenandoah",50-59,449,35,4
2020-08-01,Lenowisco,Missing,0,0,0
2020-08-01,Fairfax,30-39,3027,206,6
2020-08-01,Lenowisco,60-69,36,6,2
2020-08-01,Loudoun,30-39,857,31,0
2020-08-01,"West Piedmont",80+,60,30,3
2020-08-01,Roanoke,80+,48,4,10
2020-08-01,Fairfax,40-49,2884,299,10
2020-08-01,"Thomas Jefferson",80+,152,31,23
2020-08-01,Roanoke,20-29,197,4,0
2020-08-01,Henrico,60-69,348,57,35
2020-08-01,"Lord Fairfax",40-49,385,19,1
2020-08-01,"Western Tidewater",Missing,20,0,0
2020-08-01,Chickahominy,60-69,101,25,8
2020-08-01,Chesapeake,20-29,493,5,0
2020-08-01,"Three Rivers",Missing,7,0,0
2020-08-01,Henrico,19-Oct,269,4,0
2020-08-01,"Mount Rogers",30-39,182,6,0
2020-08-01,"Eastern Shore",30-39,244,11,0
2020-08-01,Chesterfield,0-9,166,2,0
2020-08-01,"Central Shenandoah",19-Oct,159,1,0
2020-08-01,Crater,0-9,44,2,0
2020-08-01,Fairfax,70-79,720,254,119
2020-08-01,Rappahannock,80+,112,41,23
2020-08-01,Alexandria,19-Oct,209,5,0
2020-08-01,Portsmouth,40-49,231,14,1
2020-08-01,"Three Rivers",50-59,144,11,0
2020-08-01,Alleghany,Missing,2,0,0
2020-08-01,Alexandria,30-39,647,33,0
2020-08-01,Southside,Missing,0,0,0
2020-08-01,Portsmouth,60-69,148,26,7
2020-08-01,Roanoke,30-39,202,2,0
2020-08-01,"Three Rivers",60-69,105,15,1
2020-08-01,Fairfax,50-59,2450,338,33
2020-08-01,Portsmouth,50-59,196,28,2
2020-08-01,Chickahominy,80+,86,37,27
2020-08-01,"Rappahannock Rapidan",50-59,273,32,2
2020-08-01,Fairfax,80+,842,317,300
2020-08-01,Hampton,Missing,22,0,0
2020-08-01,"Cumberland Plateau",80+,7,3,1
2020-08-01,Alleghany,50-59,118,7,1
2020-08-01,"Prince William",40-49,2232,177,8
2020-08-01,Fairfax,Missing,151,5,0
2020-08-01,"Virginia Beach",40-49,551,22,2
2020-08-01,Richmond,Missing,23,0,0
2020-08-01,Norfolk,40-49,390,17,1
2020-08-01,Piedmont,80+,61,23,17
2020-08-01,"Virginia Beach",60-69,367,44,5
2020-08-01,"West Piedmont",40-49,150,11,2
2020-08-01,Arlington,19-Oct,143,5,0
2020-08-01,Lenowisco,0-9,12,0,0
2020-08-01,Pittsylvania-Danville,50-59,123,17,0
2020-08-01,"Virginia Beach",50-59,484,22,1
2020-08-01,Chesapeake,Missing,47,1,0
2020-08-01,"Central Shenandoah",80+,141,35,20
2020-08-01,"Thomas Jefferson",40-49,256,18,0
2020-08-01,"Rappahannock Rapidan",60-69,151,21,4
2020-08-01,Norfolk,30-39,598,19,1
2020-08-01,"Rappahannock Rapidan",Missing,12,0,0
2020-08-01,"Lord Fairfax",80+,187,43,48
2020-08-01,"Three Rivers",19-Oct,54,0,0
2020-08-01,Piedmont,40-49,233,12,0
2020-08-01,Norfolk,80+,69,15,8
2020-08-01,Peninsula,20-29,690,1,0
2020-08-01,Norfolk,50-59,340,29,4
2020-08-01,"Thomas Jefferson",50-59,205,16,2
2020-08-01,Richmond,70-79,104,44,17
2020-08-01,Chesterfield,70-79,159,34,24
2020-08-01,Piedmont,30-39,272,5,0
2020-08-01,"Prince William",30-39,2048,101,2
2020-08-01,Alleghany,20-29,154,1,0
2020-08-01,Alleghany,0-9,19,0,0
2020-08-01,"Mount Rogers",40-49,170,5,2
2020-08-01,"Eastern Shore",40-49,258,13,2
2020-08-01,"Central Virginia",60-69,102,6,2
2020-08-01,Richmond,19-Oct,237,2,0
2020-08-01,Pittsylvania-Danville,60-69,81,12,2
2020-08-01,Pittsylvania-Danville,Missing,0,0,0
2020-08-01,Chesterfield,60-69,363,63,19
2020-08-01,Southside,19-Oct,22,0,0
2020-08-01,"New River",80+,16,5,3
2020-08-01,"Central Virginia",50-59,159,5,4
2020-08-01,Hampton,70-79,52,12,0
2020-08-01,Pittsylvania-Danville,19-Oct,44,0,0
2020-08-01,Richmond,60-69,247,59,7
2020-08-01,Chickahominy,40-49,114,14,1
2020-08-01,"Three Rivers",80+,42,8,6
2020-08-01,Rappahannock,30-39,600,26,0
2020-08-01,"Lord Fairfax",60-69,263,52,14
2020-08-01,"Western Tidewater",0-9,34,0,0
2020-08-01,Rappahannock,70-79,131,42,16
2020-08-01,"Prince William",80+,260,89,75
2020-08-01,Hampton,80+,21,3,1
2020-08-01,Alexandria,80+,97,29,26
2020-08-01,"Mount Rogers",60-69,146,20,2
2020-08-01,"Eastern Shore",60-69,184,30,8
2020-08-01,"Lord Fairfax",70-79,167,45,19
2020-08-01,"New River",30-39,53,2,0
2020-08-01,Chesapeake,19-Oct,172,1,0
2020-08-01,Hampton,40-49,150,6,0
2020-08-01,Peninsula,Missing,34,0,0
2020-08-01,"West Piedmont",0-9,27,1,0
2020-08-01,"Rappahannock Rapidan",70-79,47,13,8
2020-08-01,"Central Shenandoah",70-79,165,51,15
2020-08-01,Chesapeake,30-39,491,14,0
2020-08-01,Chickahominy,0-9,22,0,0
2020-08-01,"Prince William",0-9,435,11,0
2020-08-01,"Eastern Shore",50-59,281,20,5
2020-08-01,"Mount Rogers",50-59,178,13,2
2020-08-01,Loudoun,19-Oct,694,1,0
2020-08-01,Southside,80+,85,12,13
2020-08-01,"Central Virginia",80+,42,5,1
2020-08-01,Rappahannock,Missing,24,0,0
2020-08-01,"Rappahannock Rapidan",30-39,365,18,1
2020-08-01,"New River",50-59,59,5,0
2020-08-01,Richmond,80+,44,22,9
2020-08-01,"Mount Rogers",20-29,195,0,0
2020-08-01,"Eastern Shore",20-29,204,6,0
2020-08-01,Hampton,19-Oct,63,0,0
2020-08-01,Portsmouth,0-9,43,3,0
2020-08-01,Crater,70-79,182,43,20
2020-08-01,Chesterfield,40-49,737,31,3
2020-08-01,Alexandria,Missing,11,0,0
2020-08-01,Southside,30-39,111,4,0
2020-08-01,"Prince William",Missing,177,3,0
2020-08-01,Hampton,60-69,92,11,3
2020-08-01,Fairfax,20-29,2620,97,3
2020-08-01,"Thomas Jefferson",0-9,79,1,0
2020-08-01,Lenowisco,40-49,31,4,0
2020-08-01,"Central Virginia",19-Oct,123,1,0
2020-08-01,Lenowisco,70-79,22,10,3
2020-08-01,"Virginia Beach",0-9,124,0,0
2020-08-01,Lenowisco,50-59,43,6,1
2020-08-01,Chesapeake,70-79,126,38,4
2020-08-01,"Western Tidewater",80+,171,32,42
2020-08-01,"Thomas Jefferson",19-Oct,132,2,0
2020-08-01,Richmond,40-49,461,35,4
2020-08-01,"Lord Fairfax",50-59,395,34,3
2020-08-01,"Lord Fairfax",19-Oct,186,3,0
2020-08-01,"Rappahannock Rapidan",19-Oct,162,3,0
2020-08-01,Crater,50-59,354,36,3
2020-08-01,Arlington,Missing,13,1,0
2020-08-01,Roanoke,50-59,85,1,0
2020-08-01,Rappahannock,19-Oct,331,3,0
2020-08-01,Roanoke,19-Oct,95,0,0
2020-08-01,"Eastern Shore",Missing,6,0,0
2020-08-01,"Mount Rogers",Missing,0,0,0
2020-08-01,"Prince William",60-69,884,185,48
2020-08-01,Alleghany,70-79,79,8,11
2020-08-01,Crater,20-29,329,9,0
2020-08-01,Loudoun,60-69,288,56,8
2020-08-01,Fairfax,0-9,547,21,0
2020-08-01,Roanoke,Missing,4,0,0
2020-08-01,Alexandria,20-29,487,11,1
2020-08-01,Portsmouth,70-79,77,20,7
2020-08-01,Alleghany,30-39,111,2,0
2020-08-01,"Prince William",20-29,2000,57,0
2020-08-01,Southside,70-79,71,13,16
2020-08-01,Piedmont,Missing,1,0,0
2020-08-01,Rappahannock,0-9,138,2,0
2020-08-01,Henrico,30-39,645,19,0
2020-08-01,"Prince William",19-Oct,949,8,0
2020-08-01,Chickahominy,19-Oct,68,0,0
2020-08-01,"Lord Fairfax",0-9,76,2,0
2020-08-01,"Central Virginia",Missing,1,0,0
2020-08-01,Fairfax,60-69,1548,351,64
2020-08-01,Henrico,70-79,243,51,44
2020-08-01,"Western Tidewater",20-29,249,6,0
2020-08-01,Peninsula,0-9,91,0,0
2020-08-01,Loudoun,40-49,934,60,1
2020-08-01,Pittsylvania-Danville,30-39,86,1,0
2020-08-01,Loudoun,20-29,842,10,0
2020-08-01,Crater,60-69,300,56,18
2020-08-01,Loudoun,80+,221,55,79
2020-08-01,Arlington,80+,205,85,70
2020-08-01,"Virginia Beach",19-Oct,287,0,0
2020-08-01,"Mount Rogers",80+,92,35,28
2020-08-01,"Eastern Shore",80+,50,22,19
2020-08-01,Crater,19-Oct,93,0,0
2020-08-01,Lenowisco,30-39,33,1,1
2020-08-01,Norfolk,Missing,37,1,0
2020-08-01,Henrico,Missing,37,1,1
2020-08-01,"New River",40-49,61,3,0
2020-08-01,"Central Virginia",0-9,30,0,0
2020-08-01,"New River",70-79,26,9,4
2020-08-01,Loudoun,0-9,184,4,0
2020-08-01,"Central Virginia",70-79,62,6,3
2020-08-01,Southside,0-9,8,0,0
2020-08-01,"Three Rivers",40-49,183,12,2
2020-08-01,Chickahominy,30-39,122,3,0
2020-08-01,"Central Shenandoah",60-69,322,49,14
2020-08-01,"Western Tidewater",60-69,223,23,8
2020-08-01,"Cumberland Plateau",30-39,34,2,0
2020-08-01,Portsmouth,19-Oct,127,0,0
2020-08-01,Chesterfield,Missing,108,1,0
2020-08-01,Alexandria,40-49,515,44,0
2020-08-01,"Thomas Jefferson",70-79,122,24,8
2020-08-01,"Three Rivers",30-39,199,6,0
2020-08-01,"Western Tidewater",70-79,147,27,20
2020-08-01,Arlington,60-69,301,82,19
2020-08-01,"Cumberland Plateau",19-Oct,39,1,0
2020-08-01,"West Piedmont",30-39,133,3,0
2020-08-01,Peninsula,19-Oct,155,1,0
2020-08-01,Lenowisco,19-Oct,21,0,0
2020-08-01,Chesapeake,0-9,77,1,0
2020-08-01,Peninsula,50-59,307,24,3
2020-08-01,"Cumberland Plateau",Missing,0,0,0
2020-08-01,Peninsula,60-69,233,35,4
2020-08-01,"Lord Fairfax",30-39,401,11,1
2020-08-01,"Virginia Beach",Missing,91,0,0
2020-08-01,Arlington,40-49,476,52,8
2020-08-01,"West Piedmont",19-Oct,97,0,0
2020-08-01,Chickahominy,70-79,76,24,7
2020-08-01,Pittsylvania-Danville,20-29,81,0,0
2020-08-01,Loudoun,50-59,763,67,4
2020-08-01,Richmond,30-39,629,32,1
2020-08-01,"Thomas Jefferson",Missing,2,0,0
2020-08-01,"Rappahannock Rapidan",80+,30,17,9
2020-08-01,"Lord Fairfax",Missing,2,0,0
2020-08-01,"Cumberland Plateau",50-59,43,4,0
2020-08-01,Loudoun,Missing,65,0,1
2020-08-01,Southside,50-59,96,12,0
2020-08-01,Chesterfield,20-29,771,11,0
2020-08-01,Norfolk,70-79,118,32,7
2020-08-01,Alleghany,19-Oct,106,0,0
2020-08-01,Crater,80+,142,30,19
2020-08-01,Portsmouth,Missing,21,0,0
2020-08-01,"Western Tidewater",19-Oct,92,0,0
2020-08-01,Chesterfield,19-Oct,404,0,0
2020-08-01,Southside,60-69,75,15,5
2020-08-02,Norfolk,0-9,109,2,0
2020-08-02,"Cumberland Plateau",40-49,37,2,0
2020-08-02,"Eastern Shore",19-Oct,67,1,0
2020-08-02,"Mount Rogers",19-Oct,103,0,0
2020-08-02,"Rappahannock Rapidan",0-9,95,1,0
2020-08-02,"Three Rivers",0-9,15,1,0
2020-08-02,Henrico,40-49,539,33,2
2020-08-02,Alexandria,50-59,353,54,11
2020-08-02,Arlington,0-9,64,2,0
2020-08-02,Chickahominy,Missing,15,0,0
2020-08-02,"New River",20-29,123,0,0
2020-08-02,"Virginia Beach",20-29,1134,10,0
2020-08-02,Chesapeake,50-59,345,38,1
2020-08-02,Alleghany,80+,47,11,7
2020-08-02,Fairfax,19-Oct,1051,33,0
2020-08-02,Chesapeake,60-69,242,39,5
2020-08-02,"West Piedmont",Missing,1,0,0
2020-08-02,Peninsula,80+,87,30,19
2020-08-02,Crater,40-49,306,20,1
2020-08-02,Chesapeake,40-49,388,33,1
2020-08-02,"Thomas Jefferson",20-29,305,2,0
2020-08-02,"Lord Fairfax",20-29,415,7,0
2020-08-02,Norfolk,20-29,1037,11,0
2020-08-02,Arlington,30-39,530,43,0
2020-08-02,"West Piedmont",60-69,97,15,1
2020-08-02,Henrico,50-59,464,51,11
2020-08-02,"West Piedmont",50-59,167,25,2
2020-08-02,"Cumberland Plateau",20-29,39,0,0
2020-08-02,Alexandria,70-79,107,40,18
2020-08-02,Portsmouth,20-29,341,12,0
2020-08-03,Chesapeake,80+,119,35,18
2020-08-02,"Western Tidewater",30-39,281,16,1
2020-08-02,"Central Shenandoah",0-9,79,0,0
2020-08-02,Henrico,80+,340,74,89
2020-08-02,Alexandria,0-9,161,2,0
2020-08-02,Pittsylvania-Danville,40-49,126,8,1
2020-08-02,Henrico,20-29,584,18,0
2020-08-02,Roanoke,60-69,59,3,0
2020-08-02,Peninsula,30-39,478,13,2
2020-08-02,Alleghany,60-69,82,8,1
2020-08-02,"Prince William",70-79,350,110,50
2020-08-02,Norfolk,60-69,309,44,5
2020-08-02,Southside,40-49,92,6,0
2020-08-02,Chesterfield,30-39,844,15,1
2020-08-02,Loudoun,70-79,166,52,19
2020-08-02,"Central Virginia",40-49,150,1,0
2020-08-02,"New River",Missing,3,0,0
2020-08-02,Chickahominy,20-29,145,3,0
2020-08-02,"New River",0-9,12,0,0
2020-08-02,"Cumberland Plateau",0-9,9,0,0
2020-08-02,"Three Rivers",70-79,55,10,6
2020-08-02,"Rappahannock Rapidan",40-49,344,21,2
2020-08-02,Hampton,0-9,27,0,0
2020-08-02,Piedmont,50-59,230,25,1
2020-08-02,Rappahannock,20-29,594,14,0
2020-08-02,"West Piedmont",20-29,155,3,0
2020-08-02,Arlington,70-79,180,73,33
2020-08-02,Chickahominy,50-59,156,23,1
2020-08-02,Alleghany,40-49,125,2,0
2020-08-02,"Prince William",50-59,1667,209,16
2020-08-02,"Mount Rogers",0-9,54,1,0
2020-08-02,"Eastern Shore",0-9,23,2,0
2020-08-02,"Thomas Jefferson",60-69,160,30,4
2020-08-02,Pittsylvania-Danville,70-79,41,13,1
2020-08-02,Chesterfield,80+,163,36,48
2020-08-02,Richmond,0-9,121,6,0
2020-08-02,Chesapeake,80+,114,34,18
2020-08-02,Peninsula,40-49,387,15,1
2020-08-02,Henrico,0-9,133,4,0
2020-08-02,Lenowisco,80+,11,4,0
2020-08-02,Piedmont,60-69,169,23,3
2020-08-02,"West Piedmont",0-9,27,1,0
2020-08-02,"Rappahannock Rapidan",70-79,48,13,8
2020-08-02,"Central Shenandoah",70-79,165,51,15
2020-08-02,Chesapeake,30-39,501,14,0
2020-08-02,Chickahominy,0-9,22,0,0
2020-08-02,"Prince William",0-9,436,11,0
2020-08-02,"Eastern Shore",50-59,281,20,5
2020-08-02,"Mount Rogers",50-59,181,13,2
2020-08-02,Loudoun,19-Oct,698,1,0
2020-08-02,Southside,80+,85,12,13
2020-08-02,"Central Virginia",80+,44,6,1
2020-08-02,Rappahannock,Missing,25,0,0
2020-08-02,"Rappahannock Rapidan",30-39,365,18,1
2020-08-02,"New River",50-59,60,5,0
2020-08-02,Richmond,80+,44,22,9
2020-08-02,"Mount Rogers",20-29,200,0,0
2020-08-02,"Eastern Shore",20-29,204,6,0
2020-08-02,Hampton,19-Oct,64,0,0
2020-08-02,Portsmouth,0-9,46,3,0
2020-08-02,Crater,70-79,185,43,20
2020-08-02,Chesterfield,40-49,750,31,3
2020-08-02,Alexandria,Missing,11,0,0
2020-08-02,Southside,30-39,111,4,0
2020-08-02,"Prince William",Missing,178,3,0
2020-08-02,Hampton,60-69,98,11,3
2020-08-02,Fairfax,20-29,2633,97,3
2020-08-02,"Thomas Jefferson",0-9,79,1,0
2020-08-02,Lenowisco,40-49,31,4,0
2020-08-02,"Central Virginia",19-Oct,129,1,0
2020-08-02,Lenowisco,70-79,22,10,3
2020-08-02,"Virginia Beach",0-9,128,0,0
2020-08-02,Lenowisco,50-59,43,6,1
2020-08-02,Chesapeake,70-79,130,40,4
2020-08-02,"Western Tidewater",80+,172,32,42
2020-08-02,"Thomas Jefferson",19-Oct,135,2,0
2020-08-02,Richmond,40-49,463,35,4
2020-08-02,"Lord Fairfax",50-59,395,34,3
2020-08-02,"Lord Fairfax",19-Oct,187,3,0
2020-08-02,"Rappahannock Rapidan",19-Oct,165,3,0
2020-08-02,Crater,50-59,356,36,3
2020-08-02,Arlington,Missing,13,1,0
2020-08-02,Roanoke,50-59,94,1,0
2020-08-02,Rappahannock,19-Oct,337,3,0
2020-08-02,Roanoke,19-Oct,102,0,0
2020-08-02,"Eastern Shore",Missing,6,0,0
2020-08-02,"Mount Rogers",Missing,0,0,0
2020-08-02,"Prince William",60-69,884,185,48
2020-08-02,Alleghany,70-79,80,8,11
2020-08-02,Crater,20-29,336,9,0
2020-08-02,Loudoun,60-69,288,56,8
2020-08-02,Fairfax,0-9,554,21,0
2020-08-02,Roanoke,Missing,4,0,0
2020-08-02,Alexandria,20-29,487,10,1
2020-08-02,Portsmouth,70-79,77,20,7
2020-08-02,Alleghany,30-39,113,2,0
2020-08-02,"Prince William",20-29,2002,59,0
2020-08-02,Southside,70-79,71,13,16
2020-08-02,Piedmont,Missing,1,0,0
2020-08-02,Rappahannock,0-9,140,2,0
2020-08-02,Henrico,30-39,651,19,0
2020-08-02,"Prince William",19-Oct,951,8,0
2020-08-02,Chickahominy,19-Oct,68,0,0
2020-08-02,"Lord Fairfax",0-9,76,2,0
2020-08-02,"Central Virginia",Missing,1,0,0
2020-08-02,Fairfax,60-69,1551,351,64
2020-08-02,Hampton,20-29,272,3,0
2020-08-02,"Central Shenandoah",40-49,430,16,0
2020-08-02,Pittsylvania-Danville,0-9,20,0,0
2020-08-02,Crater,30-39,373,9,0
2020-08-02,"Virginia Beach",70-79,189,46,12
2020-08-02,"Virginia Beach",30-39,849,15,0
2020-08-02,Piedmont,0-9,27,0,0
2020-08-02,"Central Shenandoah",30-39,389,8,0
2020-08-02,Hampton,50-59,138,11,1
2020-08-02,Peninsula,70-79,143,42,12
2020-08-02,Arlington,20-29,586,22,0
2020-08-02,"West Piedmont",70-79,61,25,5
2020-08-02,Richmond,20-29,728,20,0
2020-08-02,Roanoke,0-9,34,0,0
2020-08-02,Hampton,30-39,192,3,0
2020-08-02,"Thomas Jefferson",30-39,321,12,0
2020-08-02,"Western Tidewater",40-49,258,9,2
2020-08-02,Richmond,50-59,347,58,1
2020-08-02,"Western Tidewater",50-59,294,19,4
2020-08-02,Crater,Missing,20,0,0
2020-08-02,Arlington,50-59,418,70,6
2020-08-02,Piedmont,70-79,88,26,6
2020-08-02,Alexandria,60-69,227,52,3
2020-08-02,Portsmouth,30-39,298,13,1
2020-08-02,Lenowisco,20-29,36,0,0
2020-08-02,"Central Virginia",30-39,154,6,0
2020-08-02,Norfolk,19-Oct,196,1,0
2020-08-02,"New River",19-Oct,47,0,0
2020-08-02,"Central Virginia",20-29,252,3,0
2020-08-02,Rappahannock,50-59,496,58,4
2020-08-02,Rappahannock,60-69,262,53,7
2020-08-02,Piedmont,20-29,235,2,0
2020-08-02,"New River",60-69,34,5,0
2020-08-02,Roanoke,40-49,124,1,0
2020-08-02,"Three Rivers",20-29,174,4,0
2020-08-02,Rappahannock,40-49,571,48,2
2020-08-02,Portsmouth,80+,29,8,6
2020-08-02,"Central Shenandoah",Missing,1,0,0
2020-08-02,"Eastern Shore",70-79,53,18,9
2020-08-02,"Mount Rogers",70-79,106,37,15
2020-08-02,"Cumberland Plateau",70-79,17,2,0
2020-08-02,Piedmont,19-Oct,44,0,0
2020-08-02,Southside,20-29,87,2,0
2020-08-02,Chesterfield,50-59,580,50,5
2020-08-02,"Rappahannock Rapidan",20-29,352,6,0
2020-08-02,"Cumberland Plateau",60-69,25,4,0
2020-08-02,Roanoke,70-79,27,3,1
2020-08-02,"Central Shenandoah",20-29,524,11,0
2020-08-02,Pittsylvania-Danville,80+,54,10,5
2020-08-02,"Virginia Beach",80+,156,43,27
2020-08-02,"Central Shenandoah",50-59,449,35,4
2020-08-02,Lenowisco,Missing,0,0,0
2020-08-02,Fairfax,30-39,3048,206,6
2020-08-02,Lenowisco,60-69,37,7,2
2020-08-02,Loudoun,30-39,858,31,0
2020-08-02,"West Piedmont",80+,63,32,3
2020-08-02,Roanoke,80+,48,4,10
2020-08-02,Fairfax,40-49,2898,300,10
2020-08-02,"Thomas Jefferson",80+,154,31,23
2020-08-02,Roanoke,20-29,202,4,0
2020-08-02,Henrico,60-69,349,57,35
2020-08-02,"Lord Fairfax",40-49,385,19,1
2020-08-02,"Western Tidewater",Missing,20,0,0
2020-08-02,Chickahominy,60-69,102,25,8
2020-08-02,Chesapeake,20-29,513,5,0
2020-08-02,"Three Rivers",Missing,7,0,0
2020-08-02,Henrico,19-Oct,269,4,0
2020-08-02,"Mount Rogers",30-39,183,6,0
2020-08-02,"Eastern Shore",30-39,244,11,0
2020-08-02,Chesterfield,0-9,166,2,0
2020-08-02,"Central Shenandoah",19-Oct,161,1,0
2020-08-02,Crater,0-9,44,2,0
2020-08-02,Fairfax,70-79,724,255,119
2020-08-02,Rappahannock,80+,112,42,23
2020-08-02,Alexandria,19-Oct,209,5,0
2020-08-02,Portsmouth,40-49,240,15,1
2020-08-02,"Three Rivers",50-59,145,11,0
2020-08-02,Alleghany,Missing,2,0,0
2020-08-02,Alexandria,30-39,648,33,0
2020-08-02,Southside,Missing,0,0,0
2020-08-02,Portsmouth,60-69,155,26,7
2020-08-02,Roanoke,30-39,209,2,0
2020-08-02,"Three Rivers",60-69,106,15,1
2020-08-02,Fairfax,50-59,2455,338,33
2020-08-02,Portsmouth,50-59,200,28,2
2020-08-02,Chickahominy,80+,86,37,27
2020-08-02,"Rappahannock Rapidan",50-59,275,32,2
2020-08-02,Fairfax,80+,843,317,301
2020-08-02,Hampton,Missing,22,0,0
2020-08-02,"Cumberland Plateau",80+,9,4,1
2020-08-02,Alleghany,50-59,120,7,1
2020-08-02,"Prince William",40-49,2236,177,8
2020-08-02,Fairfax,Missing,151,5,0
2020-08-02,"Virginia Beach",40-49,569,22,2
2020-08-02,Richmond,Missing,23,0,0
2020-08-02,Norfolk,40-49,391,17,1
2020-08-02,Piedmont,80+,61,23,17
2020-08-02,"Virginia Beach",60-69,376,44,5
2020-08-02,"West Piedmont",40-49,153,11,2
2020-08-02,Arlington,19-Oct,148,5,0
2020-08-02,Lenowisco,0-9,12,0,0
2020-08-02,Pittsylvania-Danville,50-59,128,19,0
2020-08-02,"Virginia Beach",50-59,499,22,1
2020-08-02,Chesapeake,Missing,47,1,0
2020-08-02,"Central Shenandoah",80+,143,35,20
2020-08-02,"Thomas Jefferson",40-49,259,18,0
2020-08-02,"Rappahannock Rapidan",60-69,152,21,4
2020-08-02,Norfolk,30-39,601,19,1
2020-08-02,"Rappahannock Rapidan",Missing,12,0,0
2020-08-02,"Lord Fairfax",80+,191,43,48
2020-08-02,"Three Rivers",19-Oct,55,1,0
2020-08-02,Piedmont,40-49,239,12,0
2020-08-02,Norfolk,80+,69,15,8
2020-08-02,Peninsula,20-29,706,1,0
2020-08-02,Norfolk,50-59,342,30,4
2020-08-02,"Thomas Jefferson",50-59,210,16,2
2020-08-02,Richmond,70-79,104,44,17
2020-08-02,Chesterfield,70-79,160,34,24
2020-08-02,Piedmont,30-39,274,5,0
2020-08-02,"Prince William",30-39,2052,101,2
2020-08-02,Alleghany,20-29,160,1,0
2020-08-02,Alleghany,0-9,22,0,0
2020-08-02,"Mount Rogers",40-49,178,5,2
2020-08-02,"Eastern Shore",40-49,258,13,2
2020-08-02,"Central Virginia",60-69,103,11,2
2020-08-02,Richmond,19-Oct,238,2,0
2020-08-02,Pittsylvania-Danville,60-69,86,12,2
2020-08-02,Pittsylvania-Danville,Missing,0,0,0
2020-08-02,Chesterfield,60-69,366,63,19
2020-08-02,Southside,19-Oct,22,0,0
2020-08-02,"New River",80+,16,5,3
2020-08-02,"Central Virginia",50-59,165,6,4
2020-08-02,Hampton,70-79,56,12,0
2020-08-02,Pittsylvania-Danville,19-Oct,47,0,0
2020-08-02,Richmond,60-69,247,59,7
2020-08-02,Chickahominy,40-49,114,14,1
2020-08-02,"Three Rivers",80+,43,8,6
2020-08-02,Rappahannock,30-39,602,26,0
2020-08-02,"Lord Fairfax",60-69,263,52,14
2020-08-02,"Western Tidewater",0-9,36,0,0
2020-08-02,Rappahannock,70-79,132,42,16
2020-08-02,"Prince William",80+,260,88,75
2020-08-02,Hampton,80+,22,3,1
2020-08-02,Alexandria,80+,97,29,26
2020-08-02,"Mount Rogers",60-69,151,20,2
2020-08-02,"Eastern Shore",60-69,185,30,8
2020-08-02,"Lord Fairfax",70-79,167,45,19
2020-08-02,"New River",30-39,56,2,0
2020-08-02,Chesapeake,19-Oct,179,1,0
2020-08-02,Hampton,40-49,157,6,0
2020-08-02,Peninsula,Missing,34,0,0
2020-08-02,Henrico,70-79,243,51,44
2020-08-02,"Western Tidewater",20-29,257,6,0
2020-08-02,Peninsula,0-9,95,0,0
2020-08-02,Loudoun,40-49,940,60,1
2020-08-02,Pittsylvania-Danville,30-39,93,1,0
2020-08-02,Loudoun,20-29,846,10,0
2020-08-02,Crater,60-69,300,56,18
2020-08-02,Loudoun,80+,221,55,79
2020-08-02,Arlington,80+,205,85,70
2020-08-02,"Virginia Beach",19-Oct,300,0,0
2020-08-02,"Mount Rogers",80+,92,35,29
2020-08-02,"Eastern Shore",80+,50,22,19
2020-08-02,Crater,19-Oct,95,1,0
2020-08-02,Lenowisco,30-39,33,1,1
2020-08-02,Norfolk,Missing,37,1,0
2020-08-02,Henrico,Missing,37,1,1
2020-08-02,"New River",40-49,61,3,0
2020-08-02,"Central Virginia",0-9,31,0,0
2020-08-02,"New River",70-79,28,10,4
2020-08-02,Loudoun,0-9,184,4,0
2020-08-02,"Central Virginia",70-79,64,10,3
2020-08-02,Southside,0-9,9,0,0
2020-08-02,"Three Rivers",40-49,183,12,2
2020-08-02,Chickahominy,30-39,122,3,0
2020-08-02,"Central Shenandoah",60-69,323,49,14
2020-08-02,"Western Tidewater",60-69,231,23,8
2020-08-02,"Cumberland Plateau",30-39,35,2,0
2020-08-02,Portsmouth,19-Oct,132,0,0
2020-08-02,Chesterfield,Missing,110,1,0
2020-08-02,Alexandria,40-49,520,43,0
2020-08-02,"Thomas Jefferson",70-79,124,24,8
2020-08-02,"Three Rivers",30-39,199,6,0
2020-08-02,"Western Tidewater",70-79,148,27,20
2020-08-02,Arlington,60-69,303,82,19
2020-08-02,"Cumberland Plateau",19-Oct,39,1,0
2020-08-02,"West Piedmont",30-39,133,3,0
2020-08-02,Peninsula,19-Oct,160,1,0
2020-08-02,Lenowisco,19-Oct,21,0,0
2020-08-02,Chesapeake,0-9,79,1,0
2020-08-02,Peninsula,50-59,318,24,3
2020-08-02,"Cumberland Plateau",Missing,0,0,0
2020-08-02,Peninsula,60-69,237,35,4
2020-08-02,"Lord Fairfax",30-39,403,11,1
2020-08-02,"Virginia Beach",Missing,99,0,0
2020-08-02,Arlington,40-49,478,52,8
2020-08-02,"West Piedmont",19-Oct,98,0,0
2020-08-02,Chickahominy,70-79,78,24,7
2020-08-02,Pittsylvania-Danville,20-29,89,0,0
2020-08-02,Loudoun,50-59,768,67,4
2020-08-02,Richmond,30-39,631,32,1
2020-08-02,"Thomas Jefferson",Missing,2,0,0
2020-08-02,"Rappahannock Rapidan",80+,30,17,9
2020-08-02,"Lord Fairfax",Missing,2,0,0
2020-08-02,"Cumberland Plateau",50-59,42,4,0
2020-08-02,Loudoun,Missing,65,0,1
2020-08-02,Southside,50-59,96,12,0
2020-08-02,Chesterfield,20-29,786,11,0
2020-08-02,Norfolk,70-79,119,32,7
2020-08-02,Alleghany,19-Oct,106,0,0
2020-08-02,Crater,80+,142,30,19
2020-08-02,Portsmouth,Missing,21,0,0
2020-08-02,"Western Tidewater",19-Oct,97,0,0
2020-08-02,Chesterfield,19-Oct,406,0,0
2020-08-02,Southside,60-69,77,16,5
2020-08-03,Norfolk,0-9,111,2,0
2020-08-03,"Cumberland Plateau",40-49,37,2,0
2020-08-03,"Eastern Shore",19-Oct,67,1,0
2020-08-03,"Mount Rogers",19-Oct,105,0,0
2020-08-03,"Rappahannock Rapidan",0-9,95,1,0
2020-08-03,"Three Rivers",0-9,15,1,0
2020-08-03,Henrico,40-49,545,35,2
2020-08-03,Alexandria,50-59,355,54,11
2020-08-03,Arlington,0-9,65,2,0
2020-08-03,Chickahominy,Missing,15,0,0
2020-08-03,"New River",20-29,128,0,0
2020-08-03,"Virginia Beach",20-29,1160,10,0
2020-08-03,Chesapeake,50-59,356,38,1
2020-08-03,Alleghany,80+,47,11,7
2020-08-03,Fairfax,19-Oct,1071,33,0
2020-08-03,Chesapeake,60-69,250,42,5
2020-08-03,"West Piedmont",Missing,1,0,0
2020-08-03,Peninsula,80+,89,30,19
2020-08-03,Crater,40-49,310,20,1
2020-08-03,Chesapeake,40-49,396,33,1
2020-08-03,"Thomas Jefferson",20-29,316,2,0
2020-08-03,"Lord Fairfax",20-29,416,7,0
2020-08-03,Norfolk,20-29,1106,11,0
2020-08-03,Arlington,30-39,535,43,0
2020-08-03,"West Piedmont",60-69,97,15,1
2020-08-03,Henrico,50-59,470,52,11
2020-08-03,"West Piedmont",50-59,167,25,2
2020-08-03,"Cumberland Plateau",20-29,39,0,0
2020-08-03,Alexandria,70-79,108,40,18
2020-08-03,Portsmouth,20-29,341,12,0
2020-08-03,"Western Tidewater",30-39,288,16,1
2020-08-03,"Central Shenandoah",0-9,80,0,0
2020-08-03,Henrico,80+,343,75,89
2020-08-03,Alexandria,0-9,162,2,0
2020-08-03,Pittsylvania-Danville,40-49,131,8,1
2020-08-03,Henrico,20-29,589,18,0
2020-08-03,Roanoke,60-69,60,3,0
2020-08-03,Peninsula,30-39,491,13,2
2020-08-03,Alleghany,60-69,82,8,1
2020-08-03,"Prince William",70-79,352,111,50
2020-08-03,Norfolk,60-69,318,45,5
2020-08-03,Southside,40-49,92,6,0
2020-08-03,Chesterfield,30-39,865,16,1
2020-08-03,Loudoun,70-79,168,53,19
2020-08-03,"Central Virginia",40-49,156,3,0
2020-08-03,"New River",Missing,3,0,0
2020-08-03,Chickahominy,20-29,147,3,0
2020-08-03,"New River",0-9,13,0,0
2020-08-03,"Cumberland Plateau",0-9,9,0,0
2020-08-03,"Three Rivers",70-79,55,10,6
2020-08-03,"Rappahannock Rapidan",40-49,345,21,2
2020-08-03,Hampton,0-9,27,0,0
2020-08-03,Piedmont,50-59,231,25,1
2020-08-03,Rappahannock,20-29,607,14,0
2020-08-03,"West Piedmont",20-29,155,3,0
2020-08-03,Arlington,70-79,180,73,33
2020-08-03,Chickahominy,50-59,159,23,1
2020-08-03,Alleghany,40-49,126,2,0
2020-08-03,"Prince William",50-59,1678,209,16
2020-08-03,"Mount Rogers",0-9,54,1,0
2020-08-03,"Eastern Shore",0-9,24,2,0
2020-08-03,"Thomas Jefferson",60-69,161,30,4
2020-08-03,Pittsylvania-Danville,70-79,43,13,1
2020-08-03,Chesterfield,80+,163,36,48
2020-08-03,Richmond,0-9,122,6,0
2020-08-03,Peninsula,40-49,393,15,1
2020-08-03,Henrico,0-9,134,4,0
2020-08-03,Lenowisco,80+,11,4,0
2020-08-03,Piedmont,60-69,169,23,3
2020-08-03,"West Piedmont",0-9,27,1,0
2020-08-03,"Rappahannock Rapidan",70-79,48,13,8
2020-08-03,"Central Shenandoah",70-79,166,51,15
2020-08-03,Chesapeake,30-39,514,15,0
2020-08-03,Chickahominy,0-9,22,0,0
2020-08-03,"Prince William",0-9,439,11,0
2020-08-03,"Eastern Shore",50-59,282,20,5
2020-08-03,"Mount Rogers",50-59,187,14,2
2020-08-03,Loudoun,19-Oct,703,1,0
2020-08-03,Southside,80+,86,12,13
2020-08-03,"Central Virginia",80+,46,8,1
2020-08-03,Rappahannock,Missing,25,0,0
2020-08-03,"Rappahannock Rapidan",30-39,366,18,1
2020-08-03,"New River",50-59,60,5,0
2020-08-03,Richmond,80+,46,22,9
2020-08-03,"Mount Rogers",20-29,202,0,0
2020-08-03,"Eastern Shore",20-29,204,6,0
2020-08-03,Hampton,19-Oct,64,0,0
2020-08-03,Portsmouth,0-9,46,3,0
2020-08-03,Crater,70-79,187,43,20
2020-08-03,Chesterfield,40-49,765,31,3
2020-08-03,Alexandria,Missing,11,0,0
2020-08-03,Southside,30-39,114,4,0
2020-08-03,"Prince William",Missing,178,3,0
2020-08-03,Hampton,60-69,99,11,3
2020-08-03,Fairfax,20-29,2668,97,3
2020-08-03,"Thomas Jefferson",0-9,79,1,0
2020-08-03,Lenowisco,40-49,32,4,0
2020-08-03,"Central Virginia",19-Oct,130,2,0
2020-08-03,Lenowisco,70-79,24,10,3
2020-08-03,Chickahominy,40-49,116,14,1
2020-08-03,"Three Rivers",80+,43,8,6
2020-08-03,Rappahannock,30-39,610,26,0
2020-08-03,"Lord Fairfax",60-69,264,52,14
2020-08-03,"Western Tidewater",0-9,42,0,0
2020-08-03,Rappahannock,70-79,134,42,16
2020-08-03,"Prince William",80+,261,89,76
2020-08-03,Hampton,80+,23,3,1
2020-08-03,Alexandria,80+,97,29,26
2020-08-03,"Mount Rogers",60-69,156,21,2
2020-08-03,"Eastern Shore",60-69,185,30,8
2020-08-03,"Lord Fairfax",70-79,169,45,19
2020-08-03,"New River",30-39,57,2,0
2020-08-03,Chesapeake,19-Oct,187,1,0
2020-08-03,Hampton,40-49,159,6,0
2020-08-03,Peninsula,Missing,35,0,0
2020-08-03,Henrico,70-79,245,52,44
2020-08-03,"Western Tidewater",20-29,269,6,0
2020-08-03,Peninsula,0-9,96,0,0
2020-08-03,Loudoun,40-49,944,60,1
2020-08-03,Pittsylvania-Danville,30-39,106,1,0
2020-08-03,Loudoun,20-29,851,10,0
2020-08-03,Crater,60-69,306,57,18
2020-08-03,Loudoun,80+,221,56,79
2020-08-03,Arlington,80+,205,85,70
2020-08-03,"Virginia Beach",19-Oct,314,0,0
2020-08-03,"Mount Rogers",80+,92,35,29
2020-08-03,"Eastern Shore",80+,50,22,19
2020-08-03,Crater,19-Oct,97,1,0
2020-08-03,Lenowisco,30-39,40,1,1
2020-08-03,Norfolk,Missing,39,1,0
2020-08-03,Henrico,Missing,39,1,1
2020-08-03,"New River",40-49,61,3,0
2020-08-03,"Central Virginia",0-9,31,0,0
2020-08-03,"New River",70-79,31,10,4
2020-08-03,Loudoun,0-9,186,4,0
2020-08-03,"Central Virginia",70-79,66,11,3
2020-08-03,Southside,0-9,9,0,0
2020-08-03,"Three Rivers",40-49,185,12,2
2020-08-03,Chickahominy,30-39,123,3,0
2020-08-03,"Central Shenandoah",60-69,323,49,14
2020-08-03,"Western Tidewater",60-69,237,23,8
2020-08-03,"Cumberland Plateau",30-39,37,2,0
2020-08-03,Portsmouth,19-Oct,132,0,0
2020-08-03,Chesterfield,Missing,110,1,0
2020-08-03,Alexandria,40-49,523,43,0
2020-08-03,"Thomas Jefferson",70-79,126,24,8
2020-08-03,"Three Rivers",30-39,202,6,0
2020-08-03,"Western Tidewater",70-79,151,27,20
2020-08-03,Arlington,60-69,306,82,19
2020-08-03,"Cumberland Plateau",19-Oct,40,1,0
2020-08-03,"West Piedmont",30-39,133,3,0
2020-08-03,Peninsula,19-Oct,166,1,0
2020-08-03,Crater,Missing,20,0,0
2020-08-03,Arlington,50-59,420,70,6
2020-08-03,Piedmont,70-79,87,26,6
2020-08-03,Alexandria,60-69,229,53,3
2020-08-03,Portsmouth,30-39,298,13,1
2020-08-03,Lenowisco,20-29,37,0,0
2020-08-03,"Central Virginia",30-39,158,8,0
2020-08-03,Norfolk,19-Oct,209,1,0
2020-08-03,"New River",19-Oct,48,0,0
2020-08-03,"Central Virginia",20-29,261,3,0
2020-08-03,Rappahannock,50-59,507,58,4
2020-08-03,Rappahannock,60-69,262,53,7
2020-08-03,Piedmont,20-29,237,2,0
2020-08-03,"New River",60-69,35,6,0
2020-08-03,Roanoke,40-49,126,2,0
2020-08-03,"Three Rivers",20-29,175,4,0
2020-08-03,Rappahannock,40-49,578,48,2
2020-08-03,Portsmouth,80+,29,8,6
2020-08-03,"Central Shenandoah",Missing,1,0,0
2020-08-03,"Eastern Shore",70-79,53,18,9
2020-08-03,"Mount Rogers",70-79,106,37,15
2020-08-03,"Cumberland Plateau",70-79,20,2,0
2020-08-03,Piedmont,19-Oct,44,0,0
2020-08-03,Southside,20-29,89,2,0
2020-08-03,Chesterfield,50-59,587,50,5
2020-08-03,"Rappahannock Rapidan",20-29,353,6,0
2020-08-03,"Cumberland Plateau",60-69,28,5,0
2020-08-03,Roanoke,70-79,27,3,1
2020-08-03,"Central Shenandoah",20-29,527,11,0
2020-08-03,Pittsylvania-Danville,80+,54,10,5
2020-08-03,"Virginia Beach",80+,171,44,27
2020-08-03,"Central Shenandoah",50-59,451,35,4
2020-08-03,Lenowisco,Missing,0,0,0
2020-08-03,Fairfax,30-39,3077,207,6
2020-08-03,Lenowisco,60-69,41,7,2
2020-08-03,Loudoun,30-39,862,31,0
2020-08-03,"West Piedmont",80+,63,32,3
2020-08-03,Roanoke,80+,48,4,10
2020-08-03,Fairfax,40-49,2915,300,10
2020-08-03,"Thomas Jefferson",80+,154,31,23
2020-08-03,Roanoke,20-29,203,4,0
2020-08-03,Henrico,60-69,355,57,35
2020-08-03,"Lord Fairfax",40-49,388,19,1
2020-08-03,"Western Tidewater",Missing,20,0,0
2020-08-03,Chickahominy,60-69,103,25,8
2020-08-03,Chesapeake,20-29,531,5,0
2020-08-03,"Three Rivers",Missing,7,0,0
2020-08-03,Henrico,19-Oct,272,4,0
2020-08-03,"Mount Rogers",30-39,186,6,0
2020-08-03,"Eastern Shore",30-39,244,11,0
2020-08-03,Chesterfield,0-9,169,2,0
2020-08-03,"Central Shenandoah",19-Oct,161,1,0
2020-08-03,Crater,0-9,46,2,0
2020-08-03,Fairfax,70-79,724,255,119
2020-08-03,Rappahannock,80+,115,43,22
2020-08-03,Alexandria,19-Oct,210,5,0
2020-08-03,Portsmouth,40-49,240,15,1
2020-08-03,"Three Rivers",50-59,148,11,0
2020-08-03,Alleghany,Missing,2,0,0
2020-08-03,Alexandria,30-39,655,33,0
2020-08-03,Southside,Missing,0,0,0
2020-08-03,Portsmouth,60-69,155,26,7
2020-08-03,Roanoke,30-39,209,2,0
2020-08-03,"Three Rivers",60-69,106,15,1
2020-08-03,Fairfax,50-59,2478,338,33
2020-08-03,Portsmouth,50-59,201,28,2
2020-08-03,Chickahominy,80+,86,37,27
2020-08-03,"Rappahannock Rapidan",50-59,279,32,2
2020-08-03,Fairfax,80+,844,317,301
2020-08-03,Hampton,Missing,24,0,0
2020-08-03,"Cumberland Plateau",80+,11,5,1
2020-08-03,Alleghany,50-59,125,7,1
2020-08-03,"Prince William",40-49,2252,177,8
2020-08-03,Fairfax,Missing,158,5,0
2020-08-03,"Virginia Beach",40-49,582,23,2
2020-08-03,Richmond,Missing,23,0,0
2020-08-03,Norfolk,40-49,398,17,1
2020-08-03,Piedmont,80+,61,23,17
2020-08-03,"Virginia Beach",60-69,392,46,5
2020-08-03,"West Piedmont",40-49,154,11,2
2020-08-03,Arlington,19-Oct,149,5,0
2020-08-03,Lenowisco,0-9,12,0,0
2020-08-03,Pittsylvania-Danville,50-59,131,20,0
2020-08-03,"Virginia Beach",50-59,507,23,1
2020-08-03,Chesapeake,Missing,47,1,0
2020-08-03,"Central Shenandoah",80+,143,35,20
2020-08-03,"Thomas Jefferson",40-49,268,19,0
2020-08-03,"Rappahannock Rapidan",60-69,154,21,4
2020-08-03,Norfolk,30-39,617,19,1
2020-08-03,"Rappahannock Rapidan",Missing,12,0,0
2020-08-03,"Lord Fairfax",80+,190,43,47
2020-08-03,"Three Rivers",19-Oct,56,1,0
2020-08-03,Piedmont,40-49,240,12,0
2020-08-03,Norfolk,80+,71,15,8
2020-08-03,Peninsula,20-29,720,1,0
2020-08-03,Norfolk,50-59,356,30,4
2020-08-03,"Thomas Jefferson",50-59,213,16,2
2020-08-03,Richmond,70-79,105,45,17
2020-08-03,Chesterfield,70-79,164,34,24
2020-08-03,Piedmont,30-39,276,5,0
2020-08-03,"Prince William",30-39,2070,103,2
2020-08-03,Alleghany,20-29,162,1,0
2020-08-03,Alleghany,0-9,22,0,0
2020-08-03,"Mount Rogers",40-49,182,5,2
2020-08-03,"Eastern Shore",40-49,259,13,2
2020-08-03,"Central Virginia",60-69,104,15,2
2020-08-03,Richmond,19-Oct,244,2,0
2020-08-03,Pittsylvania-Danville,60-69,94,13,2
2020-08-03,Pittsylvania-Danville,Missing,0,0,0
2020-08-03,Chesterfield,60-69,372,63,19
2020-08-03,Southside,19-Oct,22,0,0
2020-08-03,"New River",80+,16,6,3
2020-08-03,"Central Virginia",50-59,169,6,4
2020-08-03,Hampton,70-79,57,12,0
2020-08-03,Pittsylvania-Danville,19-Oct,47,0,0
2020-08-03,Richmond,60-69,252,59,7
2020-08-03,"Virginia Beach",0-9,130,0,0
2020-08-03,Lenowisco,50-59,47,6,1
2020-08-03,Chesapeake,70-79,135,42,4
2020-08-03,"Western Tidewater",80+,172,32,42
2020-08-03,"Thomas Jefferson",19-Oct,142,2,0
2020-08-03,Richmond,40-49,472,37,4
2020-08-03,"Lord Fairfax",50-59,397,34,3
2020-08-03,"Lord Fairfax",19-Oct,188,3,0
2020-08-03,"Rappahannock Rapidan",19-Oct,166,3,0
2020-08-03,Crater,50-59,366,36,4
2020-08-03,Arlington,Missing,13,1,0
2020-08-03,Roanoke,50-59,96,1,0
2020-08-03,Rappahannock,19-Oct,339,3,0
2020-08-03,Roanoke,19-Oct,102,0,0
2020-08-03,"Eastern Shore",Missing,6,0,0
2020-08-03,"Mount Rogers",Missing,0,0,0
2020-08-03,"Prince William",60-69,888,185,48
2020-08-03,Alleghany,70-79,80,8,11
2020-08-03,Crater,20-29,341,9,0
2020-08-03,Loudoun,60-69,289,56,8
2020-08-03,Fairfax,0-9,556,21,0
2020-08-03,Roanoke,Missing,4,0,0
2020-08-03,Alexandria,20-29,494,10,1
2020-08-03,Portsmouth,70-79,77,20,7
2020-08-03,Alleghany,30-39,119,2,0
2020-08-03,"Prince William",20-29,2021,59,0
2020-08-03,Southside,70-79,71,13,16
2020-08-03,Piedmont,Missing,1,0,0
2020-08-03,Rappahannock,0-9,146,2,0
2020-08-03,Henrico,30-39,662,19,0
2020-08-03,"Prince William",19-Oct,961,8,0
2020-08-03,Chickahominy,19-Oct,68,0,0
2020-08-03,"Lord Fairfax",0-9,76,2,0
2020-08-03,"Central Virginia",Missing,1,0,0
2020-08-03,Fairfax,60-69,1557,351,64
2020-08-03,Hampton,20-29,280,3,0
2020-08-03,"Central Shenandoah",40-49,435,16,0
2020-08-03,Pittsylvania-Danville,0-9,20,0,0
2020-08-03,Crater,30-39,384,9,0
2020-08-03,"Virginia Beach",70-79,196,46,12
2020-08-03,"Virginia Beach",30-39,867,16,0
2020-08-03,Piedmont,0-9,27,0,0
2020-08-03,"Central Shenandoah",30-39,394,8,0
2020-08-03,Hampton,50-59,141,11,1
2020-08-03,Peninsula,70-79,147,42,12
2020-08-03,Arlington,20-29,591,22,0
2020-08-03,"West Piedmont",70-79,62,26,5
2020-08-03,Richmond,20-29,742,20,0
2020-08-03,Roanoke,0-9,34,0,0
2020-08-03,Hampton,30-39,196,3,0
2020-08-03,"Thomas Jefferson",30-39,332,12,0
2020-08-03,"Western Tidewater",40-49,260,9,2
2020-08-03,Richmond,50-59,349,58,1
2020-08-03,"Western Tidewater",50-59,307,19,4
2020-08-03,Lenowisco,19-Oct,23,0,0
2020-08-03,Chesapeake,0-9,82,1,0
2020-08-03,Peninsula,50-59,327,24,3
2020-08-03,"Cumberland Plateau",Missing,0,0,0
2020-08-03,Peninsula,60-69,240,35,4
2020-08-03,"Lord Fairfax",30-39,403,11,1
2020-08-03,"Virginia Beach",Missing,108,0,0
2020-08-03,Arlington,40-49,481,53,8
2020-08-03,"West Piedmont",19-Oct,98,0,0
2020-08-03,Chickahominy,70-79,78,24,7
2020-08-03,Pittsylvania-Danville,20-29,93,0,0
2020-08-03,Loudoun,50-59,770,68,4
2020-08-03,Richmond,30-39,637,34,1
2020-08-03,"Thomas Jefferson",Missing,2,0,0
2020-08-03,"Rappahannock Rapidan",80+,34,17,9
2020-08-03,"Lord Fairfax",Missing,2,0,0
2020-08-03,"Cumberland Plateau",50-59,48,4,0
2020-08-03,Loudoun,Missing,65,0,1
2020-08-03,Southside,50-59,98,12,0
2020-08-03,Chesterfield,20-29,799,11,0
2020-08-03,Norfolk,70-79,120,32,7
2020-08-03,Alleghany,19-Oct,106,0,0
2020-08-03,Crater,80+,145,32,19
2020-08-03,Portsmouth,Missing,21,0,0
2020-08-03,"Western Tidewater",19-Oct,107,0,0
2020-08-03,Chesterfield,19-Oct,416,1,0
2020-08-03,Southside,60-69,81,16,5
2020-08-04,Norfolk,0-9,117,2,0
2020-08-04,"Cumberland Plateau",40-49,37,2,0
2020-08-04,"Eastern Shore",19-Oct,67,1,0
2020-08-04,"Mount Rogers",19-Oct,106,0,0
2020-08-04,"Rappahannock Rapidan",0-9,95,1,0
2020-08-04,"Three Rivers",0-9,16,1,0
2020-08-04,Henrico,40-49,549,36,2
2020-08-04,Alexandria,50-59,357,54,11
2020-08-04,Arlington,0-9,66,2,0
2020-08-04,Chickahominy,Missing,15,0,0
2020-08-04,"New River",20-29,131,0,0
2020-08-04,"Virginia Beach",20-29,1177,10,0
2020-08-04,Chesapeake,50-59,368,38,1
2020-08-04,Alleghany,80+,44,11,5
2020-08-04,Fairfax,19-Oct,1079,33,0
2020-08-04,Chesapeake,60-69,260,44,5
2020-08-04,"West Piedmont",Missing,1,0,0
2020-08-04,Peninsula,80+,91,30,20
2020-08-04,Crater,40-49,312,22,1
2020-08-04,Chesapeake,40-49,407,33,1
2020-08-04,"Thomas Jefferson",20-29,322,2,0
2020-08-04,"Lord Fairfax",20-29,417,7,0
2020-08-04,Norfolk,20-29,1119,12,0
2020-08-04,Arlington,30-39,552,43,0
2020-08-04,"West Piedmont",60-69,99,16,1
2020-08-04,Henrico,50-59,471,52,11
2020-08-04,"West Piedmont",50-59,170,25,2
2020-08-04,"Cumberland Plateau",20-29,41,0,0
2020-08-04,Alexandria,70-79,108,41,18
2020-08-04,Portsmouth,20-29,362,12,0
2020-08-04,"Western Tidewater",30-39,299,16,1
2020-08-04,"Central Shenandoah",0-9,80,0,0
2020-08-04,Henrico,80+,344,76,89
2020-08-04,Alexandria,0-9,162,2,0
2020-08-04,Pittsylvania-Danville,40-49,133,8,1
2020-08-04,Henrico,20-29,599,19,0
2020-08-04,Roanoke,60-69,60,3,0
2020-08-04,Peninsula,30-39,506,13,2
2020-08-04,Alleghany,60-69,82,8,1
2020-08-04,"Prince William",70-79,358,111,50
2020-08-04,Norfolk,60-69,330,46,5
2020-08-04,Southside,40-49,92,6,0
2020-08-04,Chesterfield,30-39,881,17,1
2020-08-04,Loudoun,70-79,168,53,19
2020-08-04,"Central Virginia",40-49,159,3,0
2020-08-04,"New River",Missing,3,0,0
2020-08-04,Chickahominy,20-29,149,3,0
2020-08-04,"New River",0-9,13,0,0
2020-08-04,"Cumberland Plateau",0-9,10,0,0
2020-08-04,"Three Rivers",70-79,57,11,6
2020-08-04,"Rappahannock Rapidan",40-49,347,21,2
2020-08-04,Hampton,0-9,27,0,0
2020-08-04,Piedmont,50-59,232,25,3
2020-08-04,Rappahannock,20-29,615,14,0
2020-08-04,"West Piedmont",20-29,156,3,0
2020-08-04,Arlington,70-79,180,73,33
2020-08-04,Chickahominy,50-59,160,23,1
2020-08-04,Alleghany,40-49,126,2,0
2020-08-04,"Prince William",50-59,1694,210,16
2020-08-04,"Mount Rogers",0-9,54,1,0
2020-08-04,"Eastern Shore",0-9,25,2,0
2020-08-04,"Thomas Jefferson",60-69,167,30,4
2020-08-04,Pittsylvania-Danville,70-79,43,14,1
2020-08-04,Chesterfield,80+,164,36,48
2020-08-04,Richmond,0-9,123,6,0
2020-08-04,Chesapeake,80+,123,35,19
2020-08-04,Peninsula,40-49,403,15,1
2020-08-04,Henrico,0-9,136,4,0
2020-08-04,Lenowisco,80+,11,4,0
2020-08-04,Piedmont,60-69,169,23,3
2020-08-04,Hampton,20-29,289,3,0
2020-08-04,"Central Shenandoah",40-49,438,16,0
2020-08-04,Pittsylvania-Danville,0-9,22,0,0
2020-08-04,Crater,30-39,386,9,0
2020-08-04,"Virginia Beach",70-79,204,49,13
2020-08-04,"Virginia Beach",30-39,883,17,0
2020-08-04,Piedmont,0-9,28,0,0
2020-08-04,"Central Shenandoah",30-39,399,8,0
2020-08-04,Hampton,50-59,146,11,1
2020-08-04,Peninsula,70-79,149,45,13
2020-08-04,Arlington,20-29,596,22,0
2020-08-04,"West Piedmont",70-79,64,26,5
2020-08-04,Richmond,20-29,744,19,0
2020-08-04,Roanoke,0-9,34,0,0
2020-08-04,Hampton,30-39,204,3,0
2020-08-04,"Thomas Jefferson",30-39,335,12,0
2020-08-04,"Western Tidewater",40-49,268,9,2
2020-08-04,Richmond,50-59,354,58,1
2020-08-04,"Western Tidewater",50-59,312,19,4
2020-08-04,Crater,Missing,20,0,0
2020-08-04,Arlington,50-59,421,70,6
2020-08-04,Piedmont,70-79,89,27,6
2020-08-04,Alexandria,60-69,232,54,3
2020-08-04,Portsmouth,30-39,309,13,1
2020-08-04,Lenowisco,20-29,37,0,0
2020-08-04,"Central Virginia",30-39,164,8,0
2020-08-04,Norfolk,19-Oct,217,1,0
2020-08-04,"New River",19-Oct,53,0,0
2020-08-04,"Central Virginia",20-29,270,3,0
2020-08-04,Rappahannock,50-59,513,59,4
2020-08-04,Peninsula,60-69,248,36,4
2020-08-04,Rappahannock,60-69,264,54,8
2020-08-04,Piedmont,20-29,237,2,0
2020-08-04,"New River",60-69,35,6,0
2020-08-04,Roanoke,40-49,126,2,0
2020-08-04,"Three Rivers",20-29,176,4,0
2020-08-04,Rappahannock,40-49,582,48,2
2020-08-04,Portsmouth,80+,37,9,6
2020-08-04,"Central Shenandoah",Missing,1,0,0
2020-08-04,"Eastern Shore",70-79,53,19,10
2020-08-04,"Mount Rogers",70-79,107,37,15
2020-08-04,"Cumberland Plateau",70-79,22,2,0
2020-08-04,Piedmont,19-Oct,45,0,0
2020-08-04,Southside,20-29,89,2,0
2020-08-04,Chesterfield,50-59,592,54,5
2020-08-04,"Rappahannock Rapidan",20-29,355,6,0
2020-08-04,"Cumberland Plateau",60-69,28,5,0
2020-08-04,Roanoke,70-79,28,3,2
2020-08-04,"Central Shenandoah",20-29,533,11,0
2020-08-04,Pittsylvania-Danville,80+,54,10,5
2020-08-04,"Virginia Beach",80+,178,45,28
2020-08-04,"Central Shenandoah",50-59,453,36,4
2020-08-04,Lenowisco,Missing,0,0,0
2020-08-04,Fairfax,30-39,3092,207,6
2020-08-04,Lenowisco,60-69,43,7,2
2020-08-04,Loudoun,30-39,869,31,0
2020-08-04,"West Piedmont",80+,64,32,3
2020-08-04,Roanoke,80+,51,4,12
2020-08-04,Fairfax,40-49,2916,301,10
2020-08-04,"Thomas Jefferson",80+,157,31,24
2020-08-04,Roanoke,20-29,204,4,0
2020-08-04,Henrico,60-69,357,57,35
2020-08-04,"Lord Fairfax",40-49,390,19,1
2020-08-04,"Western Tidewater",Missing,20,0,0
2020-08-04,Chickahominy,60-69,105,26,8
2020-08-04,Chesapeake,20-29,549,5,0
2020-08-04,"Three Rivers",Missing,7,0,0
2020-08-04,Henrico,70-79,247,53,44
2020-08-04,"Western Tidewater",20-29,276,6,0
2020-08-04,Peninsula,0-9,100,0,0
2020-08-04,Loudoun,40-49,951,60,1
2020-08-04,Pittsylvania-Danville,30-39,107,1,0
2020-08-04,Loudoun,20-29,856,10,0
2020-08-04,Crater,60-69,308,58,18
2020-08-04,Loudoun,80+,221,56,80
2020-08-04,Arlington,80+,205,85,70
2020-08-04,"Virginia Beach",19-Oct,326,0,0
2020-08-04,"Mount Rogers",80+,92,36,30
2020-08-04,"Eastern Shore",80+,50,23,19
2020-08-04,Crater,19-Oct,98,1,0
2020-08-04,Lenowisco,30-39,42,1,1
2020-08-04,Norfolk,Missing,40,1,0
2020-08-04,Henrico,Missing,40,1,1
2020-08-04,"New River",40-49,61,3,0
2020-08-04,"Central Virginia",0-9,32,0,0
2020-08-04,"New River",70-79,32,10,4
2020-08-04,Loudoun,0-9,190,4,0
2020-08-04,"Central Virginia",70-79,67,11,3
2020-08-04,Southside,0-9,9,0,0
2020-08-04,"Three Rivers",40-49,187,12,2
2020-08-04,Chickahominy,30-39,123,3,0
2020-08-04,"Central Shenandoah",60-69,325,49,14
2020-08-04,"Western Tidewater",60-69,240,23,8
2020-08-04,"Cumberland Plateau",30-39,39,2,0
2020-08-04,Portsmouth,19-Oct,138,0,0
2020-08-04,Chesterfield,Missing,110,1,0
2020-08-04,Alexandria,40-49,529,44,0
2020-08-04,"Thomas Jefferson",70-79,128,24,9
2020-08-04,"Three Rivers",30-39,205,6,0
2020-08-04,"Western Tidewater",70-79,158,27,20
2020-08-04,Arlington,60-69,308,82,19
2020-08-04,"Cumberland Plateau",19-Oct,40,1,0
2020-08-04,"West Piedmont",30-39,138,3,0
2020-08-04,Peninsula,19-Oct,170,1,0
2020-08-04,Lenowisco,19-Oct,26,0,0
2020-08-04,Chesapeake,0-9,82,1,0
2020-08-04,Peninsula,50-59,336,24,3
2020-08-04,"Cumberland Plateau",Missing,0,0,0
2020-08-04,"Lord Fairfax",30-39,404,11,1
2020-08-04,"Virginia Beach",Missing,108,0,0
2020-08-04,Arlington,40-49,482,53,8
2020-08-04,"West Piedmont",19-Oct,99,0,0
2020-08-04,Chickahominy,70-79,79,24,7
2020-08-04,Pittsylvania-Danville,20-29,93,0,0
2020-08-04,Loudoun,50-59,777,68,4
2020-08-04,Richmond,30-39,643,34,1
2020-08-04,"Thomas Jefferson",Missing,2,0,0
2020-08-04,"Rappahannock Rapidan",80+,35,17,9
2020-08-04,"Lord Fairfax",Missing,2,0,0
2020-08-04,"Cumberland Plateau",50-59,49,5,0
2020-08-04,Loudoun,Missing,65,0,1
2020-08-04,Southside,50-59,98,12,0
2020-08-04,Chesterfield,20-29,813,12,0
2020-08-04,Norfolk,70-79,127,34,7
2020-08-04,Alleghany,19-Oct,106,0,0
2020-08-04,Crater,80+,146,33,21
2020-08-04,Portsmouth,Missing,21,0,0
2020-08-04,"Western Tidewater",19-Oct,111,0,0
2020-08-04,Chesterfield,19-Oct,422,1,0
2020-08-04,Southside,60-69,82,16,6
2020-08-04,"West Piedmont",0-9,29,1,0
2020-08-04,"Rappahannock Rapidan",70-79,48,13,8
2020-08-04,"Central Shenandoah",70-79,173,51,16
2020-08-04,Chesapeake,30-39,519,16,0
2020-08-04,Chickahominy,0-9,22,0,0
2020-08-04,"Prince William",0-9,447,11,0
2020-08-04,"Eastern Shore",50-59,282,21,5
2020-08-04,"Mount Rogers",50-59,187,14,2
2020-08-04,Loudoun,19-Oct,706,1,0
2020-08-04,Southside,80+,86,12,13
2020-08-04,"Central Virginia",80+,49,8,2
2020-08-04,Rappahannock,Missing,26,0,0
2020-08-04,"Rappahannock Rapidan",30-39,367,19,1
2020-08-04,"New River",50-59,62,5,0
2020-08-04,Richmond,80+,46,22,9
2020-08-04,"Mount Rogers",20-29,203,0,0
2020-08-04,"Eastern Shore",20-29,205,6,0
2020-08-04,Hampton,19-Oct,65,0,0
2020-08-04,Portsmouth,0-9,46,3,0
2020-08-04,Crater,70-79,187,43,21
2020-08-04,Chesterfield,40-49,767,32,3
2020-08-04,Alexandria,Missing,11,0,0
2020-08-04,Southside,30-39,114,4,0
2020-08-04,"Prince William",Missing,178,3,0
2020-08-04,Hampton,60-69,103,11,3
2020-08-04,Fairfax,20-29,2691,96,3
2020-08-04,"Thomas Jefferson",0-9,79,1,0
2020-08-04,Lenowisco,40-49,33,4,0
2020-08-04,"Central Virginia",19-Oct,131,2,0
2020-08-04,Lenowisco,70-79,25,10,3
2020-08-04,"Virginia Beach",0-9,134,0,0
2020-08-04,Lenowisco,50-59,48,6,1
2020-08-04,Chesapeake,70-79,142,43,4
2020-08-04,"Western Tidewater",80+,174,32,42
2020-08-04,"Thomas Jefferson",19-Oct,146,2,0
2020-08-04,Richmond,40-49,475,37,4
2020-08-04,"Lord Fairfax",50-59,400,34,3
2020-08-04,"Lord Fairfax",19-Oct,188,3,0
2020-08-04,"Rappahannock Rapidan",19-Oct,167,3,0
2020-08-04,Crater,50-59,367,36,4
2020-08-04,Arlington,Missing,13,1,0
2020-08-04,Roanoke,50-59,95,2,0
2020-08-04,Rappahannock,19-Oct,343,3,0
2020-08-04,Roanoke,19-Oct,102,0,0
2020-08-04,"Eastern Shore",Missing,6,0,0
2020-08-04,"Mount Rogers",Missing,0,0,0
2020-08-04,"Prince William",60-69,899,185,48
2020-08-04,Alleghany,70-79,79,9,10
2020-08-04,Crater,20-29,345,9,0
2020-08-04,Loudoun,60-69,290,56,8
2020-08-04,Fairfax,0-9,561,21,0
2020-08-04,Roanoke,Missing,4,0,0
2020-08-04,Alexandria,20-29,499,11,1
2020-08-04,Portsmouth,70-79,82,22,7
2020-08-04,Alleghany,30-39,120,2,0
2020-08-04,"Prince William",20-29,2039,59,0
2020-08-04,Southside,70-79,73,13,16
2020-08-04,Piedmont,Missing,1,0,0
2020-08-04,Rappahannock,0-9,146,2,0
2020-08-04,Henrico,30-39,667,19,0
2020-08-04,"Prince William",19-Oct,972,8,0
2020-08-04,Chickahominy,19-Oct,71,0,0
2020-08-04,"Lord Fairfax",0-9,76,2,0
2020-08-04,"Central Virginia",Missing,1,0,0
2020-08-04,Fairfax,60-69,1565,352,65
2020-08-04,Henrico,19-Oct,280,4,0
2020-08-04,"Mount Rogers",30-39,186,6,0
2020-08-04,"Eastern Shore",30-39,245,11,0
2020-08-04,Chesterfield,0-9,171,2,0
2020-08-04,"Central Shenandoah",19-Oct,164,1,0
2020-08-04,Crater,0-9,46,2,0
2020-08-04,Fairfax,70-79,725,255,120
2020-08-04,Rappahannock,80+,116,44,22
2020-08-04,Alexandria,19-Oct,211,5,0
2020-08-04,Portsmouth,40-49,248,15,1
2020-08-04,"Three Rivers",50-59,148,11,0
2020-08-04,Alleghany,Missing,2,0,0
2020-08-04,Alexandria,30-39,661,33,0
2020-08-04,Southside,Missing,0,0,0
2020-08-04,Portsmouth,60-69,172,26,7
2020-08-04,Roanoke,30-39,209,3,0
2020-08-04,"Three Rivers",60-69,107,15,1
2020-08-04,Fairfax,50-59,2495,339,34
2020-08-04,Portsmouth,50-59,216,29,2
2020-08-04,Chickahominy,80+,86,37,27
2020-08-04,"Rappahannock Rapidan",50-59,283,32,2
2020-08-04,Fairfax,80+,845,318,302
2020-08-04,Hampton,Missing,24,0,0
2020-08-04,"Cumberland Plateau",80+,11,5,1
2020-08-04,Alleghany,50-59,129,7,1
2020-08-04,"Prince William",40-49,2269,177,8
2020-08-04,Fairfax,Missing,158,5,0
2020-08-04,"Virginia Beach",40-49,596,23,2
2020-08-04,Richmond,Missing,23,0,0
2020-08-04,Norfolk,40-49,408,17,1
2020-08-04,Piedmont,80+,61,23,17
2020-08-04,"Virginia Beach",60-69,400,47,5
2020-08-04,"West Piedmont",40-49,158,11,2
2020-08-04,Arlington,19-Oct,150,5,0
2020-08-04,Lenowisco,0-9,14,0,0
2020-08-04,Pittsylvania-Danville,50-59,131,20,0
2020-08-04,"Virginia Beach",50-59,523,24,1
2020-08-04,Chesapeake,Missing,45,1,0
2020-08-04,"Central Shenandoah",80+,143,35,20
2020-08-04,"Thomas Jefferson",40-49,270,19,0
2020-08-04,"Rappahannock Rapidan",60-69,154,21,4
2020-08-04,Norfolk,30-39,623,19,1
2020-08-04,"Rappahannock Rapidan",Missing,12,0,0
2020-08-04,"Lord Fairfax",80+,190,43,47
2020-08-04,"Three Rivers",19-Oct,56,1,0
2020-08-04,Piedmont,40-49,242,12,0
2020-08-04,Norfolk,80+,74,15,8
2020-08-04,Peninsula,20-29,738,1,0
2020-08-04,Norfolk,50-59,370,31,4
2020-08-04,"Thomas Jefferson",50-59,218,16,2
2020-08-04,Richmond,70-79,106,45,17
2020-08-04,Chesterfield,70-79,165,34,24
2020-08-04,Piedmont,30-39,277,5,0
2020-08-04,"Prince William",30-39,2088,103,2
2020-08-04,Alleghany,20-29,162,1,0
2020-08-04,Alleghany,0-9,22,0,0
2020-08-04,"Mount Rogers",40-49,184,5,2
2020-08-04,"Eastern Shore",40-49,259,13,2
2020-08-04,"Central Virginia",60-69,108,15,2
2020-08-04,Richmond,19-Oct,245,2,0
2020-08-04,Pittsylvania-Danville,60-69,97,13,2
2020-08-04,Pittsylvania-Danville,Missing,0,0,0
2020-08-04,Chesterfield,60-69,375,63,19
2020-08-04,Southside,19-Oct,23,0,0
2020-08-04,"New River",80+,16,6,3
2020-08-04,"Central Virginia",50-59,174,6,4
2020-08-04,Hampton,70-79,57,12,2
2020-08-04,Pittsylvania-Danville,19-Oct,47,0,0
2020-08-04,Richmond,60-69,256,59,7
2020-08-04,Chickahominy,40-49,119,14,1
2020-08-04,"Three Rivers",80+,43,8,6
2020-08-04,Rappahannock,30-39,617,26,0
2020-08-04,"Lord Fairfax",60-69,268,52,14
2020-08-04,"Western Tidewater",0-9,43,0,0
2020-08-04,Rappahannock,70-79,134,43,16
2020-08-04,"Prince William",80+,261,89,76
2020-08-04,Hampton,80+,23,3,1
2020-08-04,Alexandria,80+,97,29,27
2020-08-04,"Mount Rogers",60-69,157,22,2
2020-08-04,"Eastern Shore",60-69,185,30,8
2020-08-04,"Lord Fairfax",70-79,170,46,19
2020-08-04,"New River",30-39,57,2,0
2020-08-04,Chesapeake,19-Oct,194,1,0
2020-08-04,Hampton,40-49,165,6,0
2020-08-04,Peninsula,Missing,35,0,0
2020-08-05,Norfolk,0-9,118,2,0
2020-08-05,"Cumberland Plateau",40-49,39,3,0
2020-08-05,"Eastern Shore",19-Oct,67,1,0
2020-08-05,"Mount Rogers",19-Oct,107,0,0
2020-08-05,"Rappahannock Rapidan",0-9,95,1,0
2020-08-05,"Three Rivers",0-9,16,1,0
2020-08-05,Henrico,40-49,548,36,2
2020-08-05,Alexandria,50-59,359,55,11
2020-08-05,Arlington,0-9,68,2,0
2020-08-05,Chickahominy,Missing,15,0,0
2020-08-05,"New River",20-29,134,0,0
2020-08-05,"Virginia Beach",20-29,1190,10,0
2020-08-05,Chesapeake,50-59,374,38,1
2020-08-05,Alleghany,80+,45,11,6
2020-08-05,Fairfax,19-Oct,1087,33,0
2020-08-05,Chesapeake,60-69,267,47,6
2020-08-05,"West Piedmont",Missing,1,0,0
2020-08-05,Peninsula,80+,91,30,21
2020-08-05,Crater,40-49,312,22,1
2020-08-05,Chesapeake,40-49,410,33,1
2020-08-05,"Thomas Jefferson",20-29,322,2,0
2020-08-05,"Lord Fairfax",20-29,419,7,0
2020-08-05,Norfolk,20-29,1133,12,0
2020-08-05,Arlington,30-39,558,43,0
2020-08-05,"West Piedmont",60-69,100,15,1
2020-08-05,Henrico,50-59,472,52,11
2020-08-05,"West Piedmont",50-59,173,27,2
2020-08-05,"Cumberland Plateau",20-29,41,0,0
2020-08-05,Alexandria,70-79,108,41,18
2020-08-05,Portsmouth,20-29,365,12,0
2020-08-05,"Western Tidewater",30-39,306,16,1
2020-08-05,"Central Shenandoah",0-9,80,0,0
2020-08-05,Henrico,80+,345,77,89
2020-08-05,Alexandria,0-9,162,2,0
2020-08-05,Pittsylvania-Danville,40-49,134,8,1
2020-08-05,Henrico,20-29,606,19,0
2020-08-05,Roanoke,60-69,63,3,0
2020-08-05,Peninsula,30-39,510,13,2
2020-08-05,Alleghany,60-69,83,8,1
2020-08-05,"Prince William",70-79,359,112,50
2020-08-05,Norfolk,60-69,335,46,6
2020-08-05,Southside,40-49,97,6,0
2020-08-05,Chesterfield,30-39,883,17,1
2020-08-05,Loudoun,70-79,168,53,19
2020-08-05,"Central Virginia",40-49,164,3,0
2020-08-05,"New River",Missing,3,0,0
2020-08-05,Chickahominy,20-29,149,3,0
2020-08-05,"New River",0-9,13,0,0
2020-08-05,"Cumberland Plateau",0-9,10,0,0
2020-08-05,"Three Rivers",70-79,57,11,7
2020-08-05,"Rappahannock Rapidan",40-49,348,21,2
2020-08-05,Hampton,0-9,27,0,0
2020-08-05,Piedmont,50-59,232,25,3
2020-08-05,Rappahannock,20-29,623,14,0
2020-08-05,"West Piedmont",20-29,158,3,0
2020-08-05,Arlington,70-79,181,73,32
2020-08-05,Chickahominy,50-59,162,23,1
2020-08-05,Alleghany,40-49,126,2,0
2020-08-05,"Prince William",50-59,1697,214,17
2020-08-05,"Mount Rogers",0-9,57,1,0
2020-08-05,"Eastern Shore",0-9,25,2,0
2020-08-05,"Thomas Jefferson",60-69,167,30,4
2020-08-05,Pittsylvania-Danville,70-79,44,15,1
2020-08-05,Chesterfield,80+,165,36,48
2020-08-05,Richmond,0-9,124,6,0
2020-08-05,Chesapeake,80+,123,35,21
2020-08-05,Peninsula,40-49,408,15,1
2020-08-05,Henrico,0-9,139,4,0
2020-08-05,Lenowisco,80+,12,4,0
2020-08-05,Piedmont,60-69,170,23,3
2020-08-05,Henrico,70-79,247,53,44
2020-08-05,"Western Tidewater",20-29,281,6,0
2020-08-05,Peninsula,0-9,100,0,0
2020-08-05,Loudoun,40-49,956,60,1
2020-08-05,Pittsylvania-Danville,30-39,109,1,0
2020-08-05,Loudoun,20-29,860,10,0
2020-08-05,Crater,60-69,311,58,18
2020-08-05,Loudoun,80+,221,56,80
2020-08-05,Arlington,80+,205,85,70
2020-08-05,"Virginia Beach",19-Oct,332,0,0
2020-08-05,"Mount Rogers",80+,92,36,30
2020-08-05,"Eastern Shore",80+,50,23,19
2020-08-05,Crater,19-Oct,99,1,0
2020-08-05,Lenowisco,30-39,44,1,1
2020-08-05,Norfolk,Missing,39,1,0
2020-08-05,Henrico,Missing,40,1,1
2020-08-05,"New River",40-49,61,3,0
2020-08-05,"Central Virginia",0-9,34,0,0
2020-08-05,"New River",70-79,33,10,4
2020-08-05,Loudoun,0-9,191,4,0
2020-08-05,"Central Virginia",70-79,70,11,3
2020-08-05,Southside,0-9,9,0,0
2020-08-05,"Three Rivers",40-49,188,12,2
2020-08-05,Chickahominy,30-39,123,3,0
2020-08-05,"Central Shenandoah",60-69,325,49,14
2020-08-05,"Western Tidewater",60-69,244,23,8
2020-08-05,"Cumberland Plateau",30-39,40,2,0
2020-08-05,Portsmouth,19-Oct,143,0,0
2020-08-05,Chesterfield,Missing,110,1,0
2020-08-05,Alexandria,40-49,530,44,0
2020-08-05,"Thomas Jefferson",70-79,129,24,10
2020-08-05,"Three Rivers",30-39,206,6,0
2020-08-05,"Western Tidewater",70-79,160,27,20
2020-08-05,Arlington,60-69,309,82,19
2020-08-05,"Cumberland Plateau",19-Oct,41,1,0
2020-08-05,"West Piedmont",30-39,138,3,0
2020-08-05,Peninsula,19-Oct,171,1,0
2020-08-05,Lenowisco,19-Oct,27,0,0
2020-08-05,Chesapeake,0-9,84,1,0
2020-08-05,Peninsula,50-59,340,24,3
2020-08-05,"Cumberland Plateau",Missing,0,0,0
2020-08-05,Peninsula,60-69,251,36,4
2020-08-05,"Lord Fairfax",30-39,405,11,1
2020-08-05,"Virginia Beach",Missing,109,0,0
2020-08-05,Arlington,40-49,484,53,8
2020-08-05,"West Piedmont",19-Oct,100,0,0
2020-08-05,Chickahominy,70-79,80,24,7
2020-08-05,Pittsylvania-Danville,20-29,94,0,0
2020-08-05,Loudoun,50-59,778,68,4
2020-08-05,Richmond,30-39,651,35,1
2020-08-05,"Thomas Jefferson",Missing,2,0,0
2020-08-05,"Rappahannock Rapidan",80+,35,17,9
2020-08-05,"Lord Fairfax",Missing,2,0,0
2020-08-05,"Cumberland Plateau",50-59,50,5,0
2020-08-05,Loudoun,Missing,65,0,1
2020-08-05,Southside,50-59,102,12,0
2020-08-05,Chesterfield,20-29,822,12,0
2020-08-05,Norfolk,70-79,131,34,7
2020-08-05,Alleghany,19-Oct,107,0,0
2020-08-05,Crater,80+,146,33,23
2020-08-05,Portsmouth,Missing,21,0,0
2020-08-05,"Western Tidewater",19-Oct,112,0,0
2020-08-05,Chesterfield,19-Oct,427,1,0
2020-08-05,Southside,60-69,85,16,6
2020-08-05,"West Piedmont",0-9,29,1,0
2020-08-05,"Rappahannock Rapidan",70-79,49,13,8
2020-08-05,"Central Shenandoah",70-79,175,51,16
2020-08-05,Chesapeake,30-39,520,17,0
2020-08-05,Chickahominy,0-9,22,0,0
2020-08-05,"Prince William",0-9,453,11,0
2020-08-05,"Eastern Shore",50-59,282,21,5
2020-08-05,"Mount Rogers",50-59,188,14,2
2020-08-05,Loudoun,19-Oct,712,1,0
2020-08-05,Southside,80+,86,12,13
2020-08-05,"Central Virginia",80+,53,9,4
2020-08-05,Rappahannock,Missing,26,0,0
2020-08-05,"Rappahannock Rapidan",30-39,372,19,1
2020-08-05,"New River",50-59,62,5,0
2020-08-05,Richmond,80+,46,22,9
2020-08-05,"Mount Rogers",20-29,206,0,0
2020-08-05,"Eastern Shore",20-29,205,6,0
2020-08-05,Hampton,19-Oct,65,0,0
2020-08-05,Portsmouth,0-9,49,3,0
2020-08-05,Crater,70-79,191,44,22
2020-08-05,Chesterfield,40-49,774,32,3
2020-08-05,Alexandria,Missing,11,0,0
2020-08-05,Southside,30-39,123,4,0
2020-08-05,"Prince William",Missing,177,3,0
2020-08-05,Hampton,60-69,105,11,3
2020-08-05,Fairfax,20-29,2695,95,3
2020-08-05,"Thomas Jefferson",0-9,79,1,0
2020-08-05,Lenowisco,40-49,34,4,0
2020-08-05,"Central Virginia",19-Oct,137,2,0
2020-08-05,Lenowisco,70-79,28,11,3
2020-08-05,"Virginia Beach",0-9,133,0,0
2020-08-05,Lenowisco,50-59,50,6,1
2020-08-05,Chesapeake,70-79,143,43,4
2020-08-05,"Western Tidewater",80+,175,32,42
2020-08-05,"Thomas Jefferson",19-Oct,147,2,0
2020-08-05,Richmond,40-49,480,37,4
2020-08-05,"Lord Fairfax",50-59,400,34,3
2020-08-05,"Lord Fairfax",19-Oct,190,3,0
2020-08-05,"Rappahannock Rapidan",19-Oct,168,3,0
2020-08-05,Crater,50-59,369,37,4
2020-08-05,Arlington,Missing,13,1,0
2020-08-05,Roanoke,50-59,98,2,0
2020-08-05,Rappahannock,19-Oct,344,3,0
2020-08-05,Roanoke,19-Oct,102,0,0
2020-08-05,"Eastern Shore",Missing,6,0,0
2020-08-05,"Mount Rogers",Missing,0,0,0
2020-08-05,"Prince William",60-69,903,186,48
2020-08-05,Alleghany,70-79,79,9,10
2020-08-05,Crater,20-29,352,9,0
2020-08-05,Loudoun,60-69,294,57,8
2020-08-05,Fairfax,0-9,561,21,0
2020-08-05,Roanoke,Missing,4,0,0
2020-08-05,Alexandria,20-29,499,11,1
2020-08-05,Portsmouth,70-79,82,22,7
2020-08-05,Alleghany,30-39,123,2,0
2020-08-05,"Prince William",20-29,2048,59,0
2020-08-05,Southside,70-79,73,13,16
2020-08-05,Piedmont,Missing,1,0,0
2020-08-05,Rappahannock,0-9,146,2,0
2020-08-05,Henrico,30-39,674,19,0
2020-08-05,"Prince William",19-Oct,981,8,0
2020-08-05,Chickahominy,19-Oct,73,0,0
2020-08-05,"Lord Fairfax",0-9,77,2,0
2020-08-05,"Central Virginia",Missing,1,0,0
2020-08-05,Fairfax,60-69,1565,352,66
2020-08-05,Hampton,20-29,301,3,0
2020-08-05,"Central Shenandoah",40-49,439,16,0
2020-08-05,Pittsylvania-Danville,0-9,22,0,0
2020-08-05,Crater,30-39,387,9,0
2020-08-05,"Virginia Beach",70-79,205,49,13
2020-08-05,"Virginia Beach",30-39,893,17,0
2020-08-05,Piedmont,0-9,29,0,0
2020-08-05,"Central Shenandoah",30-39,400,8,0
2020-08-05,Hampton,50-59,148,11,1
2020-08-05,Peninsula,70-79,151,45,13
2020-08-05,Arlington,20-29,606,22,0
2020-08-05,"West Piedmont",70-79,66,26,5
2020-08-05,Richmond,20-29,746,19,0
2020-08-05,Roanoke,0-9,35,0,0
2020-08-05,Hampton,30-39,208,3,0
2020-08-05,"Thomas Jefferson",30-39,335,12,0
2020-08-05,"Western Tidewater",40-49,273,9,2
2020-08-05,Richmond,50-59,355,60,1
2020-08-05,"Western Tidewater",50-59,319,19,4
2020-08-05,Crater,Missing,20,0,0
2020-08-05,Arlington,50-59,422,70,6
2020-08-05,Piedmont,70-79,90,28,6
2020-08-05,Alexandria,60-69,232,54,3
2020-08-05,Portsmouth,30-39,317,13,1
2020-08-05,Lenowisco,20-29,37,0,0
2020-08-05,"Central Virginia",30-39,170,8,0
2020-08-05,Norfolk,19-Oct,223,1,0
2020-08-05,"New River",19-Oct,54,0,0
2020-08-05,"Central Virginia",20-29,277,3,0
2020-08-05,Rappahannock,50-59,518,59,4
2020-08-05,Rappahannock,60-69,269,54,8
2020-08-05,Piedmont,20-29,249,3,0
2020-08-05,"New River",60-69,35,6,0
2020-08-05,Roanoke,40-49,130,2,0
2020-08-05,"Three Rivers",20-29,178,4,0
2020-08-05,Rappahannock,40-49,588,48,2
2020-08-05,Portsmouth,80+,37,9,6
2020-08-05,"Central Shenandoah",Missing,1,0,0
2020-08-05,"Eastern Shore",70-79,55,20,10
2020-08-05,"Mount Rogers",70-79,110,37,16
2020-08-05,"Cumberland Plateau",70-79,25,2,0
2020-08-05,Piedmont,19-Oct,47,0,0
2020-08-05,Southside,20-29,90,2,0
2020-08-05,Chesterfield,50-59,597,54,5
2020-08-05,"Rappahannock Rapidan",20-29,358,6,0
2020-08-05,"Cumberland Plateau",60-69,36,6,1
2020-08-05,Roanoke,70-79,28,3,2
2020-08-05,"Central Shenandoah",20-29,537,11,0
2020-08-05,Pittsylvania-Danville,80+,54,10,5
2020-08-05,"Virginia Beach",80+,181,47,28
2020-08-05,"Central Shenandoah",50-59,454,36,4
2020-08-05,Lenowisco,Missing,0,0,0
2020-08-05,Fairfax,30-39,3091,205,6
2020-08-05,Lenowisco,60-69,45,8,2
2020-08-05,Loudoun,30-39,872,31,0
2020-08-05,"West Piedmont",80+,64,32,4
2020-08-05,Roanoke,80+,52,4,12
2020-08-05,Fairfax,40-49,2921,301,10
2020-08-05,"Thomas Jefferson",80+,158,31,25
2020-08-05,Roanoke,20-29,212,4,0
2020-08-05,Henrico,60-69,359,57,35
2020-08-05,"Lord Fairfax",40-49,391,19,1
2020-08-05,"Western Tidewater",Missing,20,0,0
2020-08-05,Chickahominy,60-69,105,26,8
2020-08-05,Chesapeake,20-29,554,5,0
2020-08-05,"Three Rivers",Missing,7,0,0
2020-08-05,Henrico,19-Oct,284,4,0
2020-08-05,"Mount Rogers",30-39,189,6,0
2020-08-05,"Eastern Shore",30-39,246,11,0
2020-08-05,Chesterfield,0-9,174,2,0
2020-08-05,"Central Shenandoah",19-Oct,164,1,0
2020-08-05,Crater,0-9,46,2,0
2020-08-05,Fairfax,70-79,726,255,120
2020-08-05,Rappahannock,80+,116,44,23
2020-08-05,Alexandria,19-Oct,211,5,0
2020-08-05,Portsmouth,40-49,251,15,1
2020-08-05,"Three Rivers",50-59,150,11,0
2020-08-05,Alleghany,Missing,2,0,0
2020-08-05,Alexandria,30-39,663,33,0
2020-08-05,Southside,Missing,0,0,0
2020-08-05,Portsmouth,60-69,176,27,8
2020-08-05,Roanoke,30-39,208,3,0
2020-08-05,"Three Rivers",60-69,108,15,1
2020-08-05,Fairfax,50-59,2498,340,34
2020-08-05,Portsmouth,50-59,222,30,2
2020-08-05,Chickahominy,80+,86,37,28
2020-08-05,"Rappahannock Rapidan",50-59,286,32,2
2020-08-05,Fairfax,80+,846,318,303
2020-08-05,Hampton,Missing,26,0,0
2020-08-05,"Cumberland Plateau",80+,16,5,2
2020-08-05,Alleghany,50-59,132,7,1
2020-08-05,"Prince William",40-49,2283,178,8
2020-08-05,Fairfax,Missing,170,5,0
2020-08-05,"Virginia Beach",40-49,600,23,2
2020-08-05,Richmond,Missing,23,0,0
2020-08-05,Norfolk,40-49,422,17,2
2020-08-05,Piedmont,80+,61,23,17
2020-08-05,"Virginia Beach",60-69,407,48,5
2020-08-05,"West Piedmont",40-49,162,11,3
2020-08-05,Arlington,19-Oct,151,5,0
2020-08-05,Lenowisco,0-9,14,0,0
2020-08-05,Pittsylvania-Danville,50-59,131,20,0
2020-08-05,"Virginia Beach",50-59,533,25,1
2020-08-05,Chesapeake,Missing,42,1,0
2020-08-05,"Central Shenandoah",80+,144,35,21
2020-08-05,"Thomas Jefferson",40-49,271,19,0
2020-08-05,"Rappahannock Rapidan",60-69,155,21,5
2020-08-05,Norfolk,30-39,638,19,1
2020-08-05,"Rappahannock Rapidan",Missing,12,0,0
2020-08-05,"Lord Fairfax",80+,190,43,47
2020-08-05,"Three Rivers",19-Oct,56,1,0
2020-08-05,Piedmont,40-49,250,12,0
2020-08-05,Norfolk,80+,75,15,8
2020-08-05,Peninsula,20-29,743,1,0
2020-08-05,Norfolk,50-59,379,32,4
2020-08-05,"Thomas Jefferson",50-59,218,16,2
2020-08-05,Richmond,70-79,107,45,17
2020-08-05,Chesterfield,70-79,166,34,24
2020-08-05,Piedmont,30-39,286,5,0
2020-08-05,"Prince William",30-39,2101,104,2
2020-08-05,Alleghany,20-29,163,1,0
2020-08-05,Alleghany,0-9,22,0,0
2020-08-05,"Mount Rogers",40-49,187,5,2
2020-08-05,"Eastern Shore",40-49,259,13,2
2020-08-05,"Central Virginia",60-69,110,16,2
2020-08-05,Richmond,19-Oct,244,2,0
2020-08-05,Pittsylvania-Danville,60-69,100,14,2
2020-08-05,Pittsylvania-Danville,Missing,0,0,0
2020-08-05,Chesterfield,60-69,375,63,19
2020-08-05,Southside,19-Oct,24,0,0
2020-08-05,"New River",80+,16,6,3
2020-08-05,"Central Virginia",50-59,181,6,4
2020-08-05,Hampton,70-79,58,12,2
2020-08-05,Pittsylvania-Danville,19-Oct,49,0,0
2020-08-05,Richmond,60-69,258,60,7
2020-08-05,Chickahominy,40-49,121,14,1
2020-08-05,"Three Rivers",80+,43,8,6
2020-08-05,Rappahannock,30-39,623,26,0
2020-08-05,"Lord Fairfax",60-69,268,52,14
2020-08-05,"Western Tidewater",0-9,46,0,0
2020-08-05,Rappahannock,70-79,134,43,18
2020-08-05,"Prince William",80+,262,89,77
2020-08-05,Hampton,80+,23,3,1
2020-08-05,Alexandria,80+,97,29,27
2020-08-05,"Mount Rogers",60-69,159,23,2
2020-08-05,"Eastern Shore",60-69,185,30,8
2020-08-05,"Lord Fairfax",70-79,171,48,19
2020-08-05,"New River",30-39,57,2,0
2020-08-05,Chesapeake,19-Oct,197,1,0
2020-08-05,Hampton,40-49,168,6,0
2020-08-05,Peninsula,Missing,37,0,0
2020-08-06,"Virginia Beach",0-9,138,0,0
2020-08-06,Lenowisco,50-59,51,6,1
2020-08-06,Chesapeake,70-79,143,43,4
2020-08-06,"Western Tidewater",80+,178,32,42
2020-08-06,"Thomas Jefferson",19-Oct,149,2,0
2020-08-06,Richmond,40-49,485,37,4
2020-08-06,"Lord Fairfax",50-59,401,34,3
2020-08-06,"Lord Fairfax",19-Oct,191,3,0
2020-08-06,"Rappahannock Rapidan",19-Oct,171,3,0
2020-08-06,Crater,50-59,374,38,4
2020-08-06,Arlington,Missing,13,1,0
2020-08-06,Roanoke,50-59,103,2,0
2020-08-06,Rappahannock,19-Oct,354,3,0
2020-08-06,Roanoke,19-Oct,104,0,0
2020-08-06,"Eastern Shore",Missing,6,0,0
2020-08-06,"Mount Rogers",Missing,0,0,0
2020-08-06,"Prince William",60-69,905,186,48
2020-08-06,Alleghany,70-79,80,9,10
2020-08-06,Crater,20-29,358,9,0
2020-08-06,Loudoun,60-69,295,58,9
2020-08-06,Fairfax,0-9,566,21,0
2020-08-06,Roanoke,Missing,4,0,0
2020-08-06,Alexandria,20-29,502,11,1
2020-08-06,Portsmouth,70-79,82,22,7
2020-08-06,Alleghany,30-39,122,3,0
2020-08-06,"Prince William",20-29,2054,59,0
2020-08-06,Southside,70-79,75,14,16
2020-08-06,Piedmont,Missing,1,0,0
2020-08-06,Rappahannock,0-9,148,2,0
2020-08-06,Henrico,30-39,679,20,0
2020-08-06,"Prince William",19-Oct,985,8,0
2020-08-06,Chickahominy,19-Oct,76,0,0
2020-08-06,"Lord Fairfax",0-9,77,2,0
2020-08-06,"Central Virginia",Missing,1,0,0
2020-08-06,Fairfax,60-69,1574,352,65
2020-08-06,Hampton,20-29,301,3,0
2020-08-06,"Central Shenandoah",40-49,442,16,0
2020-08-06,Pittsylvania-Danville,0-9,22,0,0
2020-08-06,Crater,30-39,391,9,0
2020-08-06,"Virginia Beach",70-79,206,50,15
2020-08-06,"Virginia Beach",30-39,911,17,0
2020-08-06,Piedmont,0-9,29,0,0
2020-08-06,"Central Shenandoah",30-39,402,8,0
2020-08-06,Hampton,50-59,148,11,1
2020-08-06,Peninsula,70-79,151,45,13
2020-08-06,Arlington,20-29,612,22,0
2020-08-06,"West Piedmont",70-79,68,27,5
2020-08-06,Richmond,20-29,761,19,0
2020-08-06,Roanoke,0-9,39,0,0
2020-08-06,Hampton,30-39,208,3,0
2020-08-06,"Thomas Jefferson",30-39,338,12,0
2020-08-06,"Western Tidewater",40-49,278,9,2
2020-08-06,Richmond,50-59,358,61,2
2020-08-06,"Western Tidewater",50-59,324,19,4
2020-08-06,Crater,Missing,20,0,0
2020-08-06,"Lord Fairfax",60-69,267,52,14
2020-08-06,"Western Tidewater",0-9,46,0,0
2020-08-06,Rappahannock,70-79,136,44,18
2020-08-06,"Prince William",80+,262,89,78
2020-08-06,Hampton,80+,23,3,1
2020-08-06,Alexandria,80+,97,29,27
2020-08-06,"Mount Rogers",60-69,161,23,2
2020-08-06,"Eastern Shore",60-69,185,30,8
2020-08-06,"Lord Fairfax",70-79,171,48,19
2020-08-06,"New River",30-39,59,2,0
2020-08-06,Chesapeake,19-Oct,204,1,0
2020-08-06,Hampton,40-49,169,6,0
2020-08-06,Peninsula,Missing,37,0,0
2020-08-06,Henrico,70-79,248,55,44
2020-08-06,"Western Tidewater",20-29,285,6,0
2020-08-06,Peninsula,0-9,101,0,0
2020-08-06,Loudoun,40-49,966,60,1
2020-08-06,Pittsylvania-Danville,30-39,110,1,0
2020-08-06,Loudoun,20-29,868,10,0
2020-08-06,Crater,60-69,313,58,19
2020-08-06,Loudoun,80+,221,56,81
2020-08-06,Arlington,80+,205,85,70
2020-08-06,"Virginia Beach",19-Oct,338,0,0
2020-08-06,"Mount Rogers",80+,93,36,30
2020-08-06,"Eastern Shore",80+,50,23,19
2020-08-06,Crater,19-Oct,101,1,0
2020-08-06,Lenowisco,30-39,46,1,1
2020-08-06,Norfolk,Missing,39,1,0
2020-08-06,Henrico,Missing,40,1,1
2020-08-06,"New River",40-49,62,3,0
2020-08-06,"Central Virginia",0-9,37,0,0
2020-08-06,"New River",70-79,34,11,4
2020-08-06,Loudoun,0-9,192,4,0
2020-08-06,"Central Virginia",70-79,74,13,3
2020-08-06,Southside,0-9,9,0,0
2020-08-06,"Three Rivers",40-49,188,12,2
2020-08-06,Chickahominy,30-39,124,3,0
2020-08-06,"Central Shenandoah",60-69,323,50,15
2020-08-06,"Western Tidewater",60-69,246,23,8
2020-08-06,"Cumberland Plateau",30-39,42,2,0
2020-08-06,Portsmouth,19-Oct,141,0,0
2020-08-06,Chesterfield,Missing,110,1,0
2020-08-06,Alexandria,40-49,534,44,0
2020-08-06,"Thomas Jefferson",70-79,129,24,10
2020-08-06,"Three Rivers",30-39,207,6,0
2020-08-06,"Western Tidewater",70-79,160,27,20
2020-08-06,Arlington,60-69,312,82,19
2020-08-06,"Cumberland Plateau",19-Oct,41,1,0
2020-08-06,"West Piedmont",30-39,142,4,0
2020-08-06,Peninsula,19-Oct,172,1,0
2020-08-06,Lenowisco,19-Oct,27,0,0
2020-08-06,Norfolk,0-9,118,2,0
2020-08-06,"Cumberland Plateau",40-49,40,3,0
2020-08-06,"Eastern Shore",19-Oct,67,1,0
2020-08-06,"Mount Rogers",19-Oct,109,0,0
2020-08-06,"Rappahannock Rapidan",0-9,95,1,0
2020-08-06,"Three Rivers",0-9,16,1,0
2020-08-06,Henrico,40-49,550,36,2
2020-08-06,Alexandria,50-59,360,55,11
2020-08-06,Arlington,0-9,68,2,0
2020-08-06,Chickahominy,Missing,15,0,0
2020-08-06,"New River",20-29,140,0,0
2020-08-06,"Virginia Beach",20-29,1214,10,0
2020-08-06,Chesapeake,50-59,381,39,1
2020-08-06,Alleghany,80+,46,11,6
2020-08-06,Fairfax,19-Oct,1096,33,0
2020-08-06,Chesapeake,60-69,274,47,8
2020-08-06,"West Piedmont",Missing,1,0,0
2020-08-06,Peninsula,80+,91,30,21
2020-08-06,Crater,40-49,318,22,1
2020-08-06,Chesapeake,40-49,418,33,1
2020-08-06,"Thomas Jefferson",20-29,327,2,0
2020-08-06,"Lord Fairfax",20-29,419,7,0
2020-08-06,Norfolk,20-29,1135,12,0
2020-08-06,Arlington,30-39,559,43,0
2020-08-06,"West Piedmont",60-69,104,16,1
2020-08-06,Henrico,50-59,477,53,11
2020-08-06,"West Piedmont",50-59,178,29,2
2020-08-06,"Cumberland Plateau",20-29,41,0,0
2020-08-06,Alexandria,70-79,108,41,18
2020-08-06,Portsmouth,20-29,372,12,0
2020-08-06,"Western Tidewater",30-39,309,16,1
2020-08-06,"Central Shenandoah",0-9,80,0,0
2020-08-06,Henrico,80+,347,77,89
2020-08-06,Alexandria,0-9,162,2,0
2020-08-06,Pittsylvania-Danville,40-49,138,8,1
2020-08-06,Henrico,20-29,616,19,0
2020-08-06,Roanoke,60-69,66,4,0
2020-08-06,Peninsula,30-39,511,13,2
2020-08-06,Alleghany,60-69,87,9,1
2020-08-06,"Prince William",70-79,360,112,51
2020-08-06,Norfolk,60-69,334,46,6
2020-08-06,Southside,40-49,108,6,0
2020-08-06,Chesterfield,30-39,896,17,2
2020-08-06,Loudoun,70-79,170,53,19
2020-08-06,"Central Virginia",40-49,166,3,0
2020-08-06,"New River",Missing,3,0,0
2020-08-06,Chickahominy,20-29,151,3,0
2020-08-06,"New River",0-9,13,0,0
2020-08-06,"Cumberland Plateau",0-9,10,0,0
2020-08-06,"Three Rivers",70-79,57,11,7
2020-08-06,"Rappahannock Rapidan",40-49,351,21,2
2020-08-06,Hampton,0-9,28,0,0
2020-08-06,Piedmont,50-59,232,25,3
2020-08-06,Rappahannock,20-29,637,14,0
2020-08-06,"West Piedmont",20-29,161,4,0
2020-08-06,Arlington,70-79,182,73,32
2020-08-06,Chesterfield,0-9,174,2,0
2020-08-06,"Central Shenandoah",19-Oct,163,1,0
2020-08-06,Crater,0-9,47,2,0
2020-08-06,Fairfax,70-79,729,255,120
2020-08-06,Rappahannock,80+,119,44,23
2020-08-06,Alexandria,19-Oct,211,5,0
2020-08-06,Portsmouth,40-49,252,15,1
2020-08-06,"Three Rivers",50-59,150,11,0
2020-08-06,Alleghany,Missing,2,0,0
2020-08-06,Alexandria,30-39,669,33,0
2020-08-06,Southside,Missing,0,0,0
2020-08-06,Portsmouth,60-69,177,27,8
2020-08-06,Roanoke,30-39,216,2,0
2020-08-06,"Three Rivers",60-69,108,15,1
2020-08-06,Fairfax,50-59,2505,344,34
2020-08-06,Portsmouth,50-59,224,31,2
2020-08-06,Chickahominy,80+,87,37,28
2020-08-06,"Rappahannock Rapidan",50-59,291,32,2
2020-08-06,Fairfax,80+,846,318,302
2020-08-06,Hampton,Missing,26,0,0
2020-08-06,"Cumberland Plateau",80+,16,5,2
2020-08-06,Alleghany,50-59,138,7,1
2020-08-06,"Prince William",40-49,2284,178,8
2020-08-06,Fairfax,Missing,170,5,0
2020-08-06,"Virginia Beach",40-49,608,23,2
2020-08-06,Richmond,Missing,23,0,0
2020-08-06,Norfolk,40-49,421,17,2
2020-08-06,Piedmont,80+,63,23,18
2020-08-06,"Virginia Beach",60-69,414,49,5
2020-08-06,"West Piedmont",40-49,165,12,3
2020-08-06,Arlington,19-Oct,154,5,0
2020-08-06,Lenowisco,0-9,14,0,0
2020-08-06,Pittsylvania-Danville,50-59,132,20,0
2020-08-06,"Virginia Beach",50-59,538,25,1
2020-08-06,Chesapeake,Missing,42,1,0
2020-08-06,"Central Shenandoah",80+,144,35,21
2020-08-06,"Thomas Jefferson",40-49,271,19,0
2020-08-06,"Rappahannock Rapidan",60-69,158,21,5
2020-08-06,Norfolk,30-39,640,20,1
2020-08-06,"Rappahannock Rapidan",Missing,12,0,0
2020-08-06,"Lord Fairfax",80+,192,43,48
2020-08-06,"Three Rivers",19-Oct,56,1,0
2020-08-06,Piedmont,40-49,251,12,0
2020-08-06,Norfolk,80+,75,15,8
2020-08-06,Peninsula,20-29,745,1,0
2020-08-06,Norfolk,50-59,381,33,4
2020-08-06,"Thomas Jefferson",50-59,221,16,2
2020-08-06,Richmond,70-79,108,46,18
2020-08-06,Chesterfield,70-79,172,34,24
2020-08-06,Piedmont,30-39,286,5,0
2020-08-06,"Prince William",30-39,2105,104,2
2020-08-06,Alleghany,20-29,167,1,0
2020-08-06,Alleghany,0-9,28,0,0
2020-08-06,"Mount Rogers",40-49,191,5,2
2020-08-06,"Eastern Shore",40-49,259,13,2
2020-08-06,"Central Virginia",60-69,117,16,2
2020-08-06,Richmond,19-Oct,244,2,0
2020-08-06,Pittsylvania-Danville,60-69,104,16,2
2020-08-06,Pittsylvania-Danville,Missing,0,0,0
2020-08-06,Chesterfield,60-69,378,62,20
2020-08-06,Southside,19-Oct,24,0,0
2020-08-06,"New River",80+,16,6,3
2020-08-06,"Central Virginia",50-59,186,6,4
2020-08-06,Hampton,70-79,58,12,2
2020-08-06,Pittsylvania-Danville,19-Oct,50,0,0
2020-08-06,Richmond,60-69,257,60,7
2020-08-06,Chickahominy,40-49,121,14,1
2020-08-06,"Three Rivers",80+,44,8,6
2020-08-06,Rappahannock,30-39,634,26,0
2020-08-06,Chickahominy,50-59,164,23,1
2020-08-06,Alleghany,40-49,129,2,0
2020-08-06,"Prince William",50-59,1701,214,17
2020-08-06,"Mount Rogers",0-9,57,1,0
2020-08-06,"Eastern Shore",0-9,25,2,0
2020-08-06,"Thomas Jefferson",60-69,167,30,4
2020-08-06,Pittsylvania-Danville,70-79,46,15,1
2020-08-06,Chesterfield,80+,166,36,48
2020-08-06,Richmond,0-9,126,6,0
2020-08-06,Chesapeake,80+,124,36,23
2020-08-06,Peninsula,40-49,408,15,1
2020-08-06,Henrico,0-9,139,4,0
2020-08-06,Lenowisco,80+,13,4,0
2020-08-06,Piedmont,60-69,169,25,4
2020-08-06,"West Piedmont",0-9,29,1,0
2020-08-06,"Rappahannock Rapidan",70-79,51,14,8
2020-08-06,"Central Shenandoah",70-79,170,52,17
2020-08-06,Chesapeake,30-39,528,17,0
2020-08-06,Chickahominy,0-9,22,0,0
2020-08-06,"Prince William",0-9,460,11,0
2020-08-06,"Eastern Shore",50-59,282,21,5
2020-08-06,"Mount Rogers",50-59,196,15,2
2020-08-06,Loudoun,19-Oct,715,1,0
2020-08-06,Southside,80+,86,12,13
2020-08-06,"Central Virginia",80+,53,9,4
2020-08-06,Rappahannock,Missing,25,0,0
2020-08-06,"Rappahannock Rapidan",30-39,373,19,1
2020-08-06,"New River",50-59,62,5,0
2020-08-06,Richmond,80+,46,22,9
2020-08-06,"Mount Rogers",20-29,209,0,0
2020-08-06,"Eastern Shore",20-29,205,6,0
2020-08-06,Hampton,19-Oct,65,0,0
2020-08-06,Portsmouth,0-9,50,3,0
2020-08-06,Crater,70-79,193,44,23
2020-08-06,Chesterfield,40-49,777,32,3
2020-08-06,Alexandria,Missing,11,0,0
2020-08-06,Southside,30-39,132,4,0
2020-08-06,"Prince William",Missing,178,3,0
2020-08-06,Hampton,60-69,105,11,3
2020-08-06,Fairfax,20-29,2708,96,3
2020-08-06,"Thomas Jefferson",0-9,80,1,0
2020-08-06,Lenowisco,40-49,34,4,0
2020-08-06,"Central Virginia",19-Oct,140,2,0
2020-08-06,Lenowisco,70-79,28,11,3
2020-08-06,Arlington,50-59,422,70,6
2020-08-06,Piedmont,70-79,90,28,6
2020-08-06,Alexandria,60-69,233,54,3
2020-08-06,Portsmouth,30-39,319,13,1
2020-08-06,Lenowisco,20-29,38,0,0
2020-08-06,"Central Virginia",30-39,176,8,0
2020-08-06,Norfolk,19-Oct,222,1,0
2020-08-06,"New River",19-Oct,55,0,0
2020-08-06,"Central Virginia",20-29,281,3,0
2020-08-06,Rappahannock,50-59,525,59,4
2020-08-06,Rappahannock,60-69,270,54,8
2020-08-06,Piedmont,20-29,253,3,0
2020-08-06,"New River",60-69,36,6,0
2020-08-06,Roanoke,40-49,143,2,0
2020-08-06,"Three Rivers",20-29,179,4,0
2020-08-06,Rappahannock,40-49,596,48,2
2020-08-06,Portsmouth,80+,38,9,6
2020-08-06,"Central Shenandoah",Missing,1,0,0
2020-08-06,"Eastern Shore",70-79,55,20,11
2020-08-06,"Mount Rogers",70-79,111,38,16
2020-08-06,"Cumberland Plateau",70-79,26,2,0
2020-08-06,Piedmont,19-Oct,48,0,0
2020-08-06,Southside,20-29,91,2,0
2020-08-06,Chesterfield,50-59,601,54,5
2020-08-06,"Rappahannock Rapidan",20-29,359,6,0
2020-08-06,"Cumberland Plateau",60-69,41,7,1
2020-08-06,Roanoke,70-79,28,3,2
2020-08-06,"Central Shenandoah",20-29,541,11,0
2020-08-06,Pittsylvania-Danville,80+,56,10,5
2020-08-06,"Virginia Beach",80+,182,48,29
2020-08-06,"Central Shenandoah",50-59,457,37,4
2020-08-06,Lenowisco,Missing,0,0,0
2020-08-06,Fairfax,30-39,3104,207,6
2020-08-06,Lenowisco,60-69,45,8,2
2020-08-06,Loudoun,30-39,876,32,0
2020-08-06,"West Piedmont",80+,68,36,4
2020-08-06,Roanoke,80+,53,4,12
2020-08-06,Fairfax,40-49,2930,302,10
2020-08-06,"Thomas Jefferson",80+,161,32,28
2020-08-06,Roanoke,20-29,217,4,0
2020-08-06,Henrico,60-69,360,57,35
2020-08-06,"Lord Fairfax",40-49,392,19,1
2020-08-06,"Western Tidewater",Missing,20,0,0
2020-08-06,Chickahominy,60-69,105,26,8
2020-08-06,Chesapeake,20-29,561,5,0
2020-08-06,"Three Rivers",Missing,7,0,0
2020-08-06,Henrico,19-Oct,286,5,0
2020-08-06,"Mount Rogers",30-39,190,6,0
2020-08-06,"Eastern Shore",30-39,246,11,0
2020-08-06,Chesapeake,0-9,86,1,0
2020-08-06,Peninsula,50-59,342,24,3
2020-08-06,"Cumberland Plateau",Missing,0,0,0
2020-08-06,Peninsula,60-69,251,36,4
2020-08-06,"Lord Fairfax",30-39,405,11,1
2020-08-06,"Virginia Beach",Missing,109,0,0
2020-08-06,Arlington,40-49,486,53,8
2020-08-06,"West Piedmont",19-Oct,100,0,0
2020-08-06,Chickahominy,70-79,80,24,7
2020-08-06,Pittsylvania-Danville,20-29,96,0,0
2020-08-06,Loudoun,50-59,782,68,4
2020-08-06,Richmond,30-39,659,36,1
2020-08-06,"Thomas Jefferson",Missing,2,0,0
2020-08-06,"Rappahannock Rapidan",80+,35,17,9
2020-08-06,"Lord Fairfax",Missing,2,0,0
2020-08-06,"Cumberland Plateau",50-59,52,5,0
2020-08-06,Loudoun,Missing,65,0,1
2020-08-06,Southside,50-59,110,12,0
2020-08-06,Chesterfield,20-29,834,12,0
2020-08-06,Norfolk,70-79,131,35,8
2020-08-06,Alleghany,19-Oct,113,0,0
2020-08-06,Crater,80+,146,33,23
2020-08-06,Portsmouth,Missing,21,0,0
2020-08-06,"Western Tidewater",19-Oct,115,0,0
2020-08-06,Chesterfield,19-Oct,432,1,0
2020-08-06,Southside,60-69,86,16,6
2020-08-07,Lenowisco,19-Oct,30,0,0
2020-08-07,Chesapeake,0-9,88,1,0
2020-08-07,Peninsula,50-59,359,24,3
2020-08-07,"Cumberland Plateau",Missing,0,0,0
2020-08-07,Peninsula,60-69,258,36,4
2020-08-07,"Lord Fairfax",30-39,408,11,1
2020-08-07,"Virginia Beach",Missing,113,0,0
2020-08-07,Arlington,40-49,490,53,8
2020-08-07,"West Piedmont",19-Oct,106,0,0
2020-08-07,Chickahominy,70-79,81,24,7
2020-08-07,Pittsylvania-Danville,20-29,110,0,0
2020-08-07,Loudoun,50-59,787,68,4
2020-08-07,Richmond,30-39,667,36,1
2020-08-07,"Thomas Jefferson",Missing,2,0,0
2020-08-07,"Rappahannock Rapidan",80+,36,18,9
2020-08-07,"Lord Fairfax",Missing,2,0,0
2020-08-07,"Cumberland Plateau",50-59,58,5,0
2020-08-07,Loudoun,Missing,65,0,1
2020-08-07,Southside,50-59,117,12,0
2020-08-07,Chesterfield,20-29,847,12,2
2020-08-07,Norfolk,70-79,135,36,8
2020-08-07,Alleghany,19-Oct,119,0,0
2020-08-07,Crater,80+,147,33,23
2020-08-07,Portsmouth,Missing,21,0,0
2020-08-07,"Western Tidewater",19-Oct,122,0,0
2020-08-07,Chesterfield,19-Oct,441,1,0
2020-08-07,Southside,60-69,92,16,6
2020-08-07,Norfolk,0-9,120,2,0
2020-08-07,"Cumberland Plateau",40-49,44,3,0
2020-08-07,"Eastern Shore",19-Oct,67,1,0
2020-08-07,"Mount Rogers",19-Oct,113,0,0
2020-08-07,"Rappahannock Rapidan",0-9,96,1,0
2020-08-07,"Three Rivers",0-9,21,1,0
2020-08-07,Henrico,40-49,560,37,2
2020-08-07,Alexandria,50-59,362,55,11
2020-08-07,Arlington,0-9,68,2,0
2020-08-07,Chickahominy,Missing,15,0,0
2020-08-07,"New River",20-29,153,0,0
2020-08-07,"Virginia Beach",20-29,1240,10,0
2020-08-07,Chesapeake,50-59,394,40,1
2020-08-07,Alleghany,80+,47,11,6
2020-08-07,Fairfax,19-Oct,1112,33,0
2020-08-07,Chesapeake,60-69,282,47,8
2020-08-07,"West Piedmont",Missing,1,0,0
2020-08-07,Peninsula,80+,96,30,21
2020-08-07,Crater,40-49,333,22,1
2020-08-07,Chesapeake,40-49,430,33,1
2020-08-07,"Thomas Jefferson",20-29,335,2,0
2020-08-07,"Lord Fairfax",20-29,421,7,0
2020-08-07,Norfolk,20-29,1180,13,0
2020-08-07,Arlington,30-39,568,43,0
2020-08-07,"West Piedmont",60-69,114,18,1
2020-08-07,Henrico,50-59,486,55,11
2020-08-07,"West Piedmont",50-59,190,31,2
2020-08-07,"Cumberland Plateau",20-29,45,0,0
2020-08-07,Alexandria,70-79,108,41,18
2020-08-07,Portsmouth,20-29,383,12,0
2020-08-07,"Western Tidewater",30-39,325,16,1
2020-08-07,"Central Shenandoah",0-9,81,0,0
2020-08-07,Henrico,80+,352,78,90
2020-08-07,Alexandria,0-9,164,2,0
2020-08-07,Pittsylvania-Danville,40-49,143,9,1
2020-08-07,Henrico,20-29,627,19,0
2020-08-07,Roanoke,60-69,68,4,0
2020-08-07,Peninsula,30-39,525,14,2
2020-08-07,Alleghany,60-69,92,10,1
2020-08-07,"Prince William",70-79,366,113,51
2020-08-07,Norfolk,60-69,348,46,6
2020-08-07,Southside,40-49,120,6,0
2020-08-07,Chesterfield,30-39,913,17,2
2020-08-07,Loudoun,70-79,170,55,19
2020-08-07,"Central Virginia",40-49,173,3,0
2020-08-07,"New River",Missing,3,0,0
2020-08-07,Chickahominy,20-29,154,3,0
2020-08-07,"New River",0-9,14,0,0
2020-08-07,"Cumberland Plateau",0-9,11,0,0
2020-08-07,"Three Rivers",70-79,58,11,7
2020-08-07,"Rappahannock Rapidan",40-49,354,22,2
2020-08-07,Hampton,0-9,28,0,0
2020-08-07,Piedmont,50-59,234,25,3
2020-08-07,Rappahannock,20-29,657,14,0
2020-08-07,"West Piedmont",20-29,172,4,0
2020-08-07,Arlington,70-79,182,73,32
2020-08-07,Chickahominy,50-59,171,25,1
2020-08-07,Alleghany,40-49,132,3,0
2020-08-07,"Prince William",50-59,1732,219,17
2020-08-07,"Mount Rogers",0-9,59,1,0
2020-08-07,"Eastern Shore",0-9,25,2,0
2020-08-07,"Thomas Jefferson",60-69,177,31,4
2020-08-07,Pittsylvania-Danville,70-79,47,15,1
2020-08-07,Chesterfield,80+,166,36,48
2020-08-07,Richmond,0-9,127,6,0
2020-08-07,Chesapeake,80+,125,36,23
2020-08-07,Peninsula,40-49,419,16,1
2020-08-07,Henrico,0-9,144,4,0
2020-08-07,Lenowisco,80+,14,4,0
2020-08-07,Piedmont,60-69,173,26,4
2020-08-07,"West Piedmont",0-9,30,1,0
2020-08-07,"Rappahannock Rapidan",70-79,52,14,8
2020-08-07,"Central Shenandoah",70-79,172,52,17
2020-08-07,Chesapeake,30-39,543,17,0
2020-08-07,Chickahominy,0-9,22,0,0
2020-08-07,"Prince William",0-9,469,12,0
2020-08-07,"Eastern Shore",50-59,282,21,5
2020-08-07,"Mount Rogers",50-59,205,15,2
2020-08-07,Loudoun,19-Oct,721,1,0
2020-08-07,Southside,80+,87,12,13
2020-08-07,"Central Virginia",80+,55,9,5
2020-08-07,Rappahannock,Missing,26,0,0
2020-08-07,"Rappahannock Rapidan",30-39,378,19,1
2020-08-07,"New River",50-59,62,5,0
2020-08-07,Richmond,80+,47,23,9
2020-08-07,"Mount Rogers",20-29,220,0,0
2020-08-07,"Eastern Shore",20-29,206,6,0
2020-08-07,Hampton,19-Oct,67,0,0
2020-08-07,Portsmouth,0-9,51,3,0
2020-08-07,Crater,70-79,192,44,23
2020-08-07,Chesterfield,40-49,785,32,3
2020-08-07,Alexandria,Missing,11,0,0
2020-08-07,Southside,30-39,140,4,0
2020-08-07,"Prince William",Missing,181,3,0
2020-08-07,Hampton,60-69,106,11,3
2020-08-07,Fairfax,20-29,2735,97,3
2020-08-07,"Thomas Jefferson",0-9,83,1,0
2020-08-07,Lenowisco,40-49,38,4,0
2020-08-07,"Central Virginia",19-Oct,150,2,0
2020-08-07,Lenowisco,70-79,32,12,3
2020-08-07,Crater,Missing,24,0,0
2020-08-07,Arlington,50-59,422,70,6
2020-08-07,Piedmont,70-79,91,28,7
2020-08-07,Alexandria,60-69,237,54,3
2020-08-07,Portsmouth,30-39,325,13,1
2020-08-07,Lenowisco,20-29,41,0,0
2020-08-07,"Central Virginia",30-39,188,8,0
2020-08-07,Norfolk,19-Oct,233,1,0
2020-08-07,"New River",19-Oct,63,0,0
2020-08-07,"Central Virginia",20-29,302,3,0
2020-08-07,Rappahannock,50-59,540,62,4
2020-08-07,Rappahannock,60-69,276,55,8
2020-08-07,Piedmont,20-29,255,3,0
2020-08-07,"New River",60-69,36,6,1
2020-08-07,Roanoke,40-49,147,2,0
2020-08-07,"Three Rivers",20-29,189,4,0
2020-08-07,Rappahannock,40-49,604,48,2
2020-08-07,Portsmouth,80+,42,9,6
2020-08-07,"Central Shenandoah",Missing,1,0,0
2020-08-07,"Eastern Shore",70-79,55,20,11
2020-08-07,"Mount Rogers",70-79,113,39,16
2020-08-07,"Cumberland Plateau",70-79,26,2,0
2020-08-07,Piedmont,19-Oct,51,0,0
2020-08-07,Southside,20-29,97,2,0
2020-08-07,Chesterfield,50-59,612,55,5
2020-08-07,"Rappahannock Rapidan",20-29,364,6,0
2020-08-07,"Cumberland Plateau",60-69,44,7,1
2020-08-07,Roanoke,70-79,28,3,2
2020-08-07,"Central Shenandoah",20-29,543,11,0
2020-08-07,Pittsylvania-Danville,80+,57,10,5
2020-08-07,"Virginia Beach",80+,185,49,29
2020-08-07,"Central Shenandoah",50-59,460,38,5
2020-08-07,Lenowisco,Missing,0,0,0
2020-08-07,Fairfax,30-39,3137,209,6
2020-08-07,Lenowisco,60-69,52,8,2
2020-08-07,Loudoun,30-39,881,32,0
2020-08-07,"West Piedmont",80+,67,36,4
2020-08-07,Roanoke,80+,52,4,12
2020-08-07,Fairfax,40-49,2949,303,10
2020-08-07,"Thomas Jefferson",80+,165,33,28
2020-08-07,Roanoke,20-29,225,4,0
2020-08-07,Henrico,60-69,365,57,36
2020-08-07,"Lord Fairfax",40-49,392,19,1
2020-08-07,"Western Tidewater",Missing,20,0,0
2020-08-07,Chickahominy,60-69,107,26,8
2020-08-07,Chesapeake,20-29,572,5,0
2020-08-07,"Three Rivers",Missing,7,0,0
2020-08-07,Chickahominy,40-49,127,14,1
2020-08-07,"Three Rivers",80+,45,9,6
2020-08-07,Rappahannock,30-39,648,26,0
2020-08-07,"Lord Fairfax",60-69,268,53,14
2020-08-07,"Western Tidewater",0-9,47,0,0
2020-08-07,Rappahannock,70-79,141,44,18
2020-08-07,"Prince William",80+,264,89,78
2020-08-07,Hampton,80+,24,3,1
2020-08-07,Alexandria,80+,98,29,27
2020-08-07,"Mount Rogers",60-69,166,23,2
2020-08-07,"Eastern Shore",60-69,186,30,8
2020-08-07,"Lord Fairfax",70-79,173,48,19
2020-08-07,"New River",30-39,60,2,0
2020-08-07,Chesapeake,19-Oct,209,1,0
2020-08-07,Hampton,40-49,180,6,0
2020-08-07,Peninsula,Missing,38,0,0
2020-08-07,Henrico,70-79,251,55,44
2020-08-07,"Western Tidewater",20-29,294,6,0
2020-08-07,Peninsula,0-9,106,0,0
2020-08-07,Loudoun,40-49,976,61,1
2020-08-07,Pittsylvania-Danville,30-39,117,1,0
2020-08-07,Loudoun,20-29,875,10,0
2020-08-07,Crater,60-69,313,57,19
2020-08-07,Loudoun,80+,223,57,81
2020-08-07,Arlington,80+,205,85,70
2020-08-07,"Virginia Beach",19-Oct,350,0,0
2020-08-07,"Mount Rogers",80+,95,36,30
2020-08-07,"Eastern Shore",80+,50,23,19
2020-08-07,Crater,19-Oct,111,1,0
2020-08-07,Lenowisco,30-39,52,1,1
2020-08-07,Norfolk,Missing,40,1,0
2020-08-07,Henrico,Missing,42,1,1
2020-08-07,"New River",40-49,66,3,0
2020-08-07,"Central Virginia",0-9,38,0,0
2020-08-07,"New River",70-79,34,11,4
2020-08-07,Loudoun,0-9,197,4,0
2020-08-07,"Central Virginia",70-79,82,13,3
2020-08-07,Southside,0-9,10,0,0
2020-08-07,"Three Rivers",40-49,196,12,2
2020-08-07,Chickahominy,30-39,129,3,0
2020-08-07,"Central Shenandoah",60-69,327,51,15
2020-08-07,"Western Tidewater",60-69,260,23,8
2020-08-07,"Cumberland Plateau",30-39,45,2,0
2020-08-07,Portsmouth,19-Oct,142,0,0
2020-08-07,Chesterfield,Missing,115,1,0
2020-08-07,Alexandria,40-49,536,44,0
2020-08-07,"Thomas Jefferson",70-79,134,25,10
2020-08-07,"Three Rivers",30-39,211,6,0
2020-08-07,"Western Tidewater",70-79,162,27,20
2020-08-07,Arlington,60-69,310,82,19
2020-08-07,"Cumberland Plateau",19-Oct,44,1,0
2020-08-07,"West Piedmont",30-39,147,4,0
2020-08-07,Peninsula,19-Oct,176,1,0
2020-08-07,"Virginia Beach",0-9,144,0,0
2020-08-07,Lenowisco,50-59,57,6,1
2020-08-07,Chesapeake,70-79,145,44,4
2020-08-07,"Western Tidewater",80+,182,32,42
2020-08-07,"Thomas Jefferson",19-Oct,153,2,0
2020-08-07,Richmond,40-49,493,38,4
2020-08-07,"Lord Fairfax",50-59,403,34,3
2020-08-07,"Lord Fairfax",19-Oct,192,3,0
2020-08-07,"Rappahannock Rapidan",19-Oct,177,4,0
2020-08-07,Crater,50-59,382,39,4
2020-08-07,Arlington,Missing,14,1,0
2020-08-07,Roanoke,50-59,109,2,0
2020-08-07,Rappahannock,19-Oct,363,3,0
2020-08-07,Roanoke,19-Oct,105,0,0
2020-08-07,"Eastern Shore",Missing,6,0,0
2020-08-07,"Mount Rogers",Missing,0,0,0
2020-08-07,"Prince William",60-69,921,187,49
2020-08-07,Alleghany,70-79,85,9,10
2020-08-07,Crater,20-29,370,9,0
2020-08-07,Loudoun,60-69,301,58,9
2020-08-07,Fairfax,0-9,572,22,0
2020-08-07,Roanoke,Missing,4,0,0
2020-08-07,Alexandria,20-29,513,11,1
2020-08-07,Portsmouth,70-79,85,22,7
2020-08-07,Alleghany,30-39,130,3,0
2020-08-07,"Prince William",20-29,2096,59,0
2020-08-07,Southside,70-79,75,14,16
2020-08-07,Piedmont,Missing,1,0,0
2020-08-07,Rappahannock,0-9,150,2,0
2020-08-07,Henrico,30-39,690,20,0
2020-08-07,"Prince William",19-Oct,996,8,0
2020-08-07,Chickahominy,19-Oct,76,0,0
2020-08-07,"Lord Fairfax",0-9,78,2,0
2020-08-07,"Central Virginia",Missing,1,0,0
2020-08-07,Fairfax,60-69,1587,353,66
2020-08-07,Hampton,20-29,313,3,0
2020-08-07,"Central Shenandoah",40-49,446,16,0
2020-08-07,Pittsylvania-Danville,0-9,24,0,0
2020-08-07,Crater,30-39,404,9,0
2020-08-07,"Virginia Beach",70-79,214,53,15
2020-08-07,"Virginia Beach",30-39,936,19,1
2020-08-07,Piedmont,0-9,30,0,0
2020-08-07,"Central Shenandoah",30-39,406,8,0
2020-08-07,Hampton,50-59,155,11,1
2020-08-07,Peninsula,70-79,156,45,13
2020-08-07,Arlington,20-29,623,22,0
2020-08-07,"West Piedmont",70-79,71,28,5
2020-08-07,Richmond,20-29,770,20,0
2020-08-07,Roanoke,0-9,41,0,0
2020-08-07,Hampton,30-39,215,3,0
2020-08-07,"Thomas Jefferson",30-39,344,12,0
2020-08-07,"Western Tidewater",40-49,288,9,2
2020-08-07,Richmond,50-59,365,61,2
2020-08-07,"Western Tidewater",50-59,340,19,4
2020-08-07,Henrico,19-Oct,294,5,0
2020-08-07,"Mount Rogers",30-39,197,6,0
2020-08-07,"Eastern Shore",30-39,246,11,0
2020-08-07,Chesterfield,0-9,178,2,1
2020-08-07,"Central Shenandoah",19-Oct,163,1,0
2020-08-07,Crater,0-9,47,2,0
2020-08-07,Fairfax,70-79,739,257,120
2020-08-07,Rappahannock,80+,127,45,23
2020-08-07,Alexandria,19-Oct,212,5,0
2020-08-07,Portsmouth,40-49,259,16,1
2020-08-07,"Three Rivers",50-59,153,12,0
2020-08-07,Alleghany,Missing,2,0,0
2020-08-07,Alexandria,30-39,676,34,0
2020-08-07,Southside,Missing,0,0,0
2020-08-07,Portsmouth,60-69,186,27,8
2020-08-07,Roanoke,30-39,221,2,0
2020-08-07,"Three Rivers",60-69,108,15,1
2020-08-07,Fairfax,50-59,2525,349,34
2020-08-07,Portsmouth,50-59,232,31,2
2020-08-07,Chickahominy,80+,89,38,28
2020-08-07,"Rappahannock Rapidan",50-59,298,32,2
2020-08-07,Fairfax,80+,851,319,304
2020-08-07,Hampton,Missing,26,0,0
2020-08-07,"Cumberland Plateau",80+,16,5,2
2020-08-07,Alleghany,50-59,144,7,1
2020-08-07,"Prince William",40-49,2324,178,8
2020-08-07,Fairfax,Missing,178,5,0
2020-08-07,"Virginia Beach",40-49,621,23,2
2020-08-07,Richmond,Missing,24,0,0
2020-08-07,Norfolk,40-49,436,19,2
2020-08-07,Piedmont,80+,63,25,20
2020-08-07,"Virginia Beach",60-69,429,50,5
2020-08-07,"West Piedmont",40-49,173,12,3
2020-08-07,Arlington,19-Oct,155,5,0
2020-08-07,Lenowisco,0-9,14,0,0
2020-08-07,Pittsylvania-Danville,50-59,141,21,0
2020-08-07,"Virginia Beach",50-59,549,25,1
2020-08-07,Chesapeake,Missing,40,1,0
2020-08-07,"Central Shenandoah",80+,147,37,22
2020-08-07,"Thomas Jefferson",40-49,273,19,0
2020-08-07,"Rappahannock Rapidan",60-69,160,21,5
2020-08-07,Norfolk,30-39,659,21,1
2020-08-07,"Rappahannock Rapidan",Missing,12,0,0
2020-08-07,"Lord Fairfax",80+,193,43,48
2020-08-07,"Three Rivers",19-Oct,56,1,0
2020-08-07,Piedmont,40-49,257,12,0
2020-08-07,Norfolk,80+,80,15,9
2020-08-07,Peninsula,20-29,770,1,0
2020-08-07,Norfolk,50-59,398,33,4
2020-08-07,"Thomas Jefferson",50-59,228,16,2
2020-08-07,Richmond,70-79,113,49,18
2020-08-07,Chesterfield,70-79,172,34,24
2020-08-07,Piedmont,30-39,289,5,0
2020-08-07,"Prince William",30-39,2134,104,2
2020-08-07,Alleghany,20-29,172,1,0
2020-08-07,Alleghany,0-9,30,0,0
2020-08-07,"Mount Rogers",40-49,199,5,2
2020-08-07,"Eastern Shore",40-49,259,13,2
2020-08-07,"Central Virginia",60-69,126,18,2
2020-08-07,Richmond,19-Oct,245,2,0
2020-08-07,Pittsylvania-Danville,60-69,111,17,2
2020-08-07,Pittsylvania-Danville,Missing,0,0,0
2020-08-07,Chesterfield,60-69,390,66,20
2020-08-07,Southside,19-Oct,25,0,0
2020-08-07,"New River",80+,16,6,3
2020-08-07,"Central Virginia",50-59,206,6,4
2020-08-07,Hampton,70-79,59,12,2
2020-08-07,Pittsylvania-Danville,19-Oct,54,0,0
2020-08-07,Richmond,60-69,261,61,7
2020-08-08,Hampton,20-29,322,3,0
2020-08-08,"Central Shenandoah",40-49,453,16,0
2020-08-08,Pittsylvania-Danville,0-9,24,0,0
2020-08-08,Crater,30-39,412,9,0
2020-08-08,"Virginia Beach",70-79,218,54,16
2020-08-08,"Virginia Beach",30-39,952,19,1
2020-08-08,Piedmont,0-9,31,0,0
2020-08-08,"Central Shenandoah",30-39,410,8,0
2020-08-08,Hampton,50-59,161,11,1
2020-08-08,Peninsula,70-79,157,45,13
2020-08-08,Arlington,20-29,632,22,0
2020-08-08,"West Piedmont",70-79,78,30,5
2020-08-08,Richmond,20-29,778,20,0
2020-08-08,Roanoke,0-9,41,0,0
2020-08-08,Hampton,30-39,225,3,0
2020-08-08,"Thomas Jefferson",30-39,352,12,0
2020-08-08,"Western Tidewater",40-49,294,9,2
2020-08-08,Richmond,50-59,369,62,2
2020-08-08,"Western Tidewater",50-59,348,19,4
2020-08-08,Crater,Missing,24,0,0
2020-08-08,Arlington,50-59,426,70,6
2020-08-08,Piedmont,70-79,91,28,7
2020-08-08,Alexandria,60-69,238,55,3
2020-08-08,Portsmouth,30-39,332,13,1
2020-08-08,Lenowisco,20-29,44,0,0
2020-08-08,"Central Virginia",30-39,198,8,0
2020-08-08,Norfolk,19-Oct,237,1,0
2020-08-08,"New River",19-Oct,64,0,0
2020-08-08,"Central Virginia",20-29,323,3,0
2020-08-08,Rappahannock,50-59,549,63,4
2020-08-08,Rappahannock,60-69,277,55,8
2020-08-08,Piedmont,20-29,257,3,0
2020-08-08,"New River",60-69,36,6,1
2020-08-08,Roanoke,40-49,147,2,0
2020-08-08,"Three Rivers",20-29,194,4,0
2020-08-08,Rappahannock,40-49,617,48,2
2020-08-08,Portsmouth,80+,44,9,6
2020-08-08,"Central Shenandoah",Missing,1,0,0
2020-08-08,"Eastern Shore",70-79,56,21,11
2020-08-08,"Mount Rogers",70-79,116,40,16
2020-08-08,"Cumberland Plateau",70-79,26,2,0
2020-08-08,Piedmont,19-Oct,55,0,0
2020-08-08,Southside,20-29,107,2,0
2020-08-08,Chesterfield,50-59,629,55,5
2020-08-08,"Rappahannock Rapidan",20-29,373,6,0
2020-08-08,"Cumberland Plateau",60-69,45,7,1
2020-08-08,Roanoke,70-79,29,3,2
2020-08-08,"Central Shenandoah",20-29,548,11,0
2020-08-08,Pittsylvania-Danville,80+,58,11,5
2020-08-08,"Virginia Beach",80+,186,49,29
2020-08-08,"Central Shenandoah",50-59,463,38,5
2020-08-08,Lenowisco,Missing,0,0,0
2020-08-08,Fairfax,30-39,3149,211,6
2020-08-08,Lenowisco,60-69,54,8,2
2020-08-08,Loudoun,30-39,894,32,0
2020-08-08,"West Piedmont",80+,78,40,4
2020-08-08,Roanoke,80+,52,4,12
2020-08-08,Fairfax,40-49,2967,303,10
2020-08-08,"Thomas Jefferson",80+,167,34,28
2020-08-08,Roanoke,20-29,228,4,0
2020-08-08,Henrico,60-69,366,57,36
2020-08-08,"Lord Fairfax",40-49,395,19,1
2020-08-08,"Western Tidewater",Missing,20,0,0
2020-08-08,Chickahominy,60-69,107,26,8
2020-08-08,Chesapeake,20-29,576,5,0
2020-08-08,"Three Rivers",Missing,7,0,0
2020-08-08,Henrico,19-Oct,296,5,0
2020-08-08,Norfolk,0-9,121,2,0
2020-08-08,"Cumberland Plateau",40-49,47,3,0
2020-08-08,"Eastern Shore",19-Oct,68,1,0
2020-08-08,"Mount Rogers",19-Oct,114,0,0
2020-08-08,"Rappahannock Rapidan",0-9,96,1,0
2020-08-08,"Three Rivers",0-9,25,1,0
2020-08-08,Henrico,40-49,565,37,2
2020-08-08,Alexandria,50-59,368,55,11
2020-08-08,Arlington,0-9,68,2,0
2020-08-08,Chickahominy,Missing,15,0,0
2020-08-08,"New River",20-29,157,0,0
2020-08-08,"Virginia Beach",20-29,1272,10,0
2020-08-08,Chesapeake,50-59,401,41,1
2020-08-08,Alleghany,80+,47,11,6
2020-08-08,Fairfax,19-Oct,1123,33,0
2020-08-08,Chesapeake,60-69,291,47,8
2020-08-08,"West Piedmont",Missing,1,0,0
2020-08-08,Peninsula,80+,97,30,21
2020-08-08,Crater,40-49,339,22,1
2020-08-08,Chesapeake,40-49,441,33,1
2020-08-08,"Thomas Jefferson",20-29,344,2,0
2020-08-08,"Lord Fairfax",20-29,421,7,0
2020-08-08,Norfolk,20-29,1207,13,0
2020-08-08,Arlington,30-39,571,43,0
2020-08-08,"West Piedmont",60-69,116,18,1
2020-08-08,Henrico,50-59,495,55,11
2020-08-08,"West Piedmont",50-59,192,31,2
2020-08-08,"Cumberland Plateau",20-29,47,0,0
2020-08-08,Alexandria,70-79,109,41,18
2020-08-08,Portsmouth,20-29,391,12,0
2020-08-08,"Western Tidewater",30-39,333,16,1
2020-08-08,"Central Shenandoah",0-9,81,0,0
2020-08-08,Henrico,80+,354,78,90
2020-08-08,Alexandria,0-9,164,2,0
2020-08-08,Pittsylvania-Danville,40-49,147,9,1
2020-08-08,Henrico,20-29,631,19,0
2020-08-08,Roanoke,60-69,69,5,1
2020-08-08,Peninsula,30-39,534,14,2
2020-08-08,Alleghany,60-69,93,10,1
2020-08-08,"Prince William",70-79,369,113,52
2020-08-08,Norfolk,60-69,356,48,6
2020-08-08,Southside,40-49,137,6,0
2020-08-08,Chesterfield,30-39,922,19,2
2020-08-08,Loudoun,70-79,171,56,19
2020-08-08,"Central Virginia",40-49,179,3,0
2020-08-08,"New River",Missing,4,0,0
2020-08-08,Chickahominy,20-29,155,3,0
2020-08-08,"New River",0-9,16,0,0
2020-08-08,"Cumberland Plateau",0-9,13,0,0
2020-08-08,"Three Rivers",70-79,61,11,7
2020-08-08,"Rappahannock Rapidan",40-49,356,23,2
2020-08-08,Hampton,0-9,29,0,0
2020-08-08,Piedmont,50-59,234,25,3
2020-08-08,Rappahannock,20-29,669,14,0
2020-08-08,"West Piedmont",20-29,173,4,0
2020-08-08,Arlington,70-79,182,73,32
2020-08-08,Chickahominy,50-59,171,25,1
2020-08-08,Alleghany,40-49,135,3,0
2020-08-08,"Prince William",50-59,1747,219,16
2020-08-08,"Mount Rogers",0-9,59,1,0
2020-08-08,"Eastern Shore",0-9,25,2,0
2020-08-08,"Thomas Jefferson",60-69,181,31,4
2020-08-08,Pittsylvania-Danville,70-79,47,15,1
2020-08-08,Chesterfield,80+,168,37,49
2020-08-08,Richmond,0-9,129,6,0
2020-08-08,Chesapeake,80+,128,36,23
2020-08-08,Peninsula,40-49,422,16,1
2020-08-08,Henrico,0-9,144,4,0
2020-08-08,Lenowisco,80+,14,4,0
2020-08-08,Piedmont,60-69,174,26,4
2020-08-08,"West Piedmont",0-9,32,1,0
2020-08-08,"Mount Rogers",30-39,203,7,0
2020-08-08,"Eastern Shore",30-39,247,11,0
2020-08-08,Chesterfield,0-9,181,2,0
2020-08-08,"Central Shenandoah",19-Oct,164,1,0
2020-08-08,Crater,0-9,49,2,0
2020-08-08,Fairfax,70-79,739,257,119
2020-08-08,Rappahannock,80+,130,45,23
2020-08-08,Alexandria,19-Oct,213,5,0
2020-08-08,Portsmouth,40-49,261,16,1
2020-08-08,"Three Rivers",50-59,156,12,0
2020-08-08,Alleghany,Missing,2,0,0
2020-08-08,Alexandria,30-39,680,34,0
2020-08-08,Southside,Missing,0,0,0
2020-08-08,Portsmouth,60-69,189,27,8
2020-08-08,Roanoke,30-39,223,3,0
2020-08-08,"Three Rivers",60-69,109,15,2
2020-08-08,Fairfax,50-59,2532,349,34
2020-08-08,Portsmouth,50-59,236,31,2
2020-08-08,Chickahominy,80+,89,38,28
2020-08-08,"Rappahannock Rapidan",50-59,301,32,2
2020-08-08,Fairfax,80+,852,321,304
2020-08-08,Hampton,Missing,26,0,0
2020-08-08,"Cumberland Plateau",80+,17,5,2
2020-08-08,Alleghany,50-59,144,7,1
2020-08-08,"Prince William",40-49,2338,178,8
2020-08-08,Fairfax,Missing,179,5,0
2020-08-08,"Virginia Beach",40-49,638,23,2
2020-08-08,Richmond,Missing,24,0,0
2020-08-08,Norfolk,40-49,445,20,2
2020-08-08,Piedmont,80+,63,25,20
2020-08-08,"Virginia Beach",60-69,441,50,5
2020-08-08,"West Piedmont",40-49,175,12,3
2020-08-08,Arlington,19-Oct,158,5,0
2020-08-08,Lenowisco,0-9,14,0,0
2020-08-08,Pittsylvania-Danville,50-59,143,21,0
2020-08-08,"Virginia Beach",50-59,566,25,1
2020-08-08,Chesapeake,Missing,39,1,0
2020-08-08,"Central Shenandoah",80+,147,37,22
2020-08-08,"Thomas Jefferson",40-49,280,20,0
2020-08-08,"Rappahannock Rapidan",60-69,164,21,5
2020-08-08,Norfolk,30-39,670,21,1
2020-08-08,"Rappahannock Rapidan",Missing,12,0,0
2020-08-08,"Lord Fairfax",80+,198,44,49
2020-08-08,"Three Rivers",19-Oct,57,1,0
2020-08-08,Piedmont,40-49,261,12,0
2020-08-08,Norfolk,80+,81,15,9
2020-08-08,Peninsula,20-29,785,1,0
2020-08-08,Norfolk,50-59,407,34,4
2020-08-08,"Thomas Jefferson",50-59,232,16,2
2020-08-08,Richmond,70-79,114,49,18
2020-08-08,Chesterfield,70-79,172,34,24
2020-08-08,Piedmont,30-39,301,5,0
2020-08-08,"Prince William",30-39,2153,104,2
2020-08-08,Alleghany,20-29,169,1,0
2020-08-08,Alleghany,0-9,30,0,0
2020-08-08,"Mount Rogers",40-49,204,5,2
2020-08-08,"Eastern Shore",40-49,260,13,2
2020-08-08,"Central Virginia",60-69,137,18,2
2020-08-08,Richmond,19-Oct,244,2,0
2020-08-08,Pittsylvania-Danville,60-69,115,18,2
2020-08-08,Pittsylvania-Danville,Missing,0,0,0
2020-08-08,Chesterfield,60-69,393,66,20
2020-08-08,Southside,19-Oct,25,0,0
2020-08-08,"New River",80+,16,6,3
2020-08-08,"Central Virginia",50-59,214,6,4
2020-08-08,Hampton,70-79,60,12,2
2020-08-08,Pittsylvania-Danville,19-Oct,54,0,0
2020-08-08,Richmond,60-69,262,63,7
2020-08-08,Chickahominy,40-49,128,14,1
2020-08-08,"Three Rivers",80+,45,9,6
2020-08-08,Rappahannock,30-39,654,26,0
2020-08-08,"Lord Fairfax",60-69,271,53,14
2020-08-08,"Western Tidewater",0-9,47,0,0
2020-08-08,Rappahannock,70-79,143,44,18
2020-08-08,"Prince William",80+,267,89,78
2020-08-08,Hampton,80+,25,3,1
2020-08-08,Alexandria,80+,99,30,27
2020-08-08,"Mount Rogers",60-69,170,24,2
2020-08-08,"Eastern Shore",60-69,188,30,8
2020-08-08,"Lord Fairfax",70-79,174,49,19
2020-08-08,"New River",30-39,61,2,0
2020-08-08,Chesapeake,19-Oct,211,1,0
2020-08-08,Hampton,40-49,184,7,0
2020-08-08,Peninsula,Missing,39,0,0
2020-08-08,Henrico,70-79,250,56,44
2020-08-08,"Western Tidewater",20-29,303,6,0
2020-08-08,Peninsula,0-9,106,0,0
2020-08-08,Loudoun,40-49,985,61,1
2020-08-08,"Rappahannock Rapidan",70-79,52,14,8
2020-08-08,"Central Shenandoah",70-79,175,52,17
2020-08-08,Chesapeake,30-39,550,17,0
2020-08-08,Chickahominy,0-9,22,0,0
2020-08-08,"Prince William",0-9,479,12,0
2020-08-08,"Eastern Shore",50-59,283,21,5
2020-08-08,"Mount Rogers",50-59,206,15,2
2020-08-08,Loudoun,19-Oct,730,1,0
2020-08-08,Southside,80+,87,12,13
2020-08-08,"Central Virginia",80+,63,9,5
2020-08-08,Rappahannock,Missing,27,0,0
2020-08-08,"Rappahannock Rapidan",30-39,381,19,1
2020-08-08,"New River",50-59,67,6,0
2020-08-08,Richmond,80+,50,23,9
2020-08-08,"Mount Rogers",20-29,223,0,0
2020-08-08,"Eastern Shore",20-29,207,6,0
2020-08-08,Hampton,19-Oct,71,0,0
2020-08-08,Portsmouth,0-9,51,3,0
2020-08-08,Crater,70-79,193,44,23
2020-08-08,Chesterfield,40-49,794,32,3
2020-08-08,Alexandria,Missing,11,0,0
2020-08-08,Southside,30-39,158,4,0
2020-08-08,"Prince William",Missing,180,3,0
2020-08-08,Hampton,60-69,107,11,3
2020-08-08,Fairfax,20-29,2741,99,3
2020-08-08,"Thomas Jefferson",0-9,86,1,0
2020-08-08,Lenowisco,40-49,43,4,0
2020-08-08,"Central Virginia",19-Oct,153,2,0
2020-08-08,Lenowisco,70-79,33,12,3
2020-08-08,"Virginia Beach",0-9,145,0,0
2020-08-08,Lenowisco,50-59,59,6,1
2020-08-08,Chesapeake,70-79,145,44,4
2020-08-08,"Western Tidewater",80+,183,32,43
2020-08-08,"Thomas Jefferson",19-Oct,157,2,0
2020-08-08,Richmond,40-49,494,38,4
2020-08-08,"Lord Fairfax",50-59,405,34,3
2020-08-08,"Lord Fairfax",19-Oct,192,3,0
2020-08-08,"Rappahannock Rapidan",19-Oct,180,4,0
2020-08-08,Crater,50-59,388,40,4
2020-08-08,Arlington,Missing,14,1,0
2020-08-08,Roanoke,50-59,109,2,0
2020-08-08,Rappahannock,19-Oct,367,3,0
2020-08-08,Roanoke,19-Oct,107,0,0
2020-08-08,"Eastern Shore",Missing,6,0,0
2020-08-08,"Mount Rogers",Missing,0,0,0
2020-08-08,"Prince William",60-69,923,186,49
2020-08-08,Alleghany,70-79,87,9,10
2020-08-08,Crater,20-29,371,9,0
2020-08-08,Loudoun,60-69,304,59,9
2020-08-08,Fairfax,0-9,577,22,0
2020-08-08,Roanoke,Missing,4,0,0
2020-08-08,Alexandria,20-29,523,11,1
2020-08-08,Portsmouth,70-79,89,22,7
2020-08-08,Alleghany,30-39,132,3,0
2020-08-08,"Prince William",20-29,2116,59,0
2020-08-08,Southside,70-79,77,14,16
2020-08-08,Piedmont,Missing,1,0,0
2020-08-08,Rappahannock,0-9,151,2,0
2020-08-08,Henrico,30-39,695,21,0
2020-08-08,"Prince William",19-Oct,1012,8,0
2020-08-08,Chickahominy,19-Oct,78,0,0
2020-08-08,"Lord Fairfax",0-9,78,2,0
2020-08-08,"Central Virginia",Missing,1,0,0
2020-08-08,Fairfax,60-69,1588,353,66
2020-08-08,Pittsylvania-Danville,30-39,118,1,0
2020-08-08,Loudoun,20-29,890,10,0
2020-08-08,Crater,60-69,320,57,19
2020-08-08,Loudoun,80+,223,58,81
2020-08-08,Arlington,80+,205,85,70
2020-08-08,"Virginia Beach",19-Oct,359,0,0
2020-08-08,"Mount Rogers",80+,96,36,31
2020-08-08,"Eastern Shore",80+,51,23,19
2020-08-08,Crater,19-Oct,112,1,0
2020-08-08,Lenowisco,30-39,57,2,1
2020-08-08,Norfolk,Missing,38,1,0
2020-08-08,Henrico,Missing,43,1,1
2020-08-08,"New River",40-49,65,2,0
2020-08-08,"Central Virginia",0-9,40,0,0
2020-08-08,"New River",70-79,34,11,4
2020-08-08,Loudoun,0-9,200,4,0
2020-08-08,"Central Virginia",70-79,85,13,3
2020-08-08,Southside,0-9,10,0,0
2020-08-08,"Three Rivers",40-49,200,12,2
2020-08-08,Chickahominy,30-39,134,3,0
2020-08-08,"Central Shenandoah",60-69,331,51,15
2020-08-08,"Western Tidewater",60-69,266,23,8
2020-08-08,"Cumberland Plateau",30-39,47,2,0
2020-08-08,Portsmouth,19-Oct,144,0,0
2020-08-08,Chesterfield,Missing,118,1,0
2020-08-08,Alexandria,40-49,544,45,0
2020-08-08,"Thomas Jefferson",70-79,138,26,10
2020-08-08,"Three Rivers",30-39,217,6,0
2020-08-08,"Western Tidewater",70-79,166,27,20
2020-08-08,Arlington,60-69,311,83,19
2020-08-08,"Cumberland Plateau",19-Oct,45,1,0
2020-08-08,"West Piedmont",30-39,150,4,0
2020-08-08,Peninsula,19-Oct,179,1,0
2020-08-08,Lenowisco,19-Oct,30,0,0
2020-08-08,Chesapeake,0-9,90,1,0
2020-08-08,Peninsula,50-59,365,24,3
2020-08-08,"Cumberland Plateau",Missing,0,0,0
2020-08-08,Peninsula,60-69,260,36,4
2020-08-08,"Lord Fairfax",30-39,412,11,1
2020-08-08,"Virginia Beach",Missing,118,0,0
2020-08-08,Arlington,40-49,495,53,8
2020-08-08,"West Piedmont",19-Oct,108,0,0
2020-08-08,Chickahominy,70-79,82,24,7
2020-08-08,Pittsylvania-Danville,20-29,113,0,0
2020-08-08,Loudoun,50-59,791,68,4
2020-08-08,Richmond,30-39,668,36,1
2020-08-08,"Thomas Jefferson",Missing,2,0,0
2020-08-08,"Rappahannock Rapidan",80+,36,18,9
2020-08-08,"Lord Fairfax",Missing,2,0,0
2020-08-08,"Cumberland Plateau",50-59,59,6,0
2020-08-08,Loudoun,Missing,66,0,1
2020-08-08,Southside,50-59,125,12,0
2020-08-08,Chesterfield,20-29,859,12,2
2020-08-08,Norfolk,70-79,138,36,8
2020-08-08,Alleghany,19-Oct,119,0,0
2020-08-08,Crater,80+,148,33,23
2020-08-08,Portsmouth,Missing,21,0,0
2020-08-08,"Western Tidewater",19-Oct,123,0,0
2020-08-08,Chesterfield,19-Oct,455,1,0
2020-08-08,Southside,60-69,94,16,6
2020-08-09,"West Piedmont",20-29,178,4,0
2020-08-09,Arlington,70-79,183,73,32
2020-08-09,Chickahominy,50-59,173,25,1
2020-08-09,Alleghany,40-49,135,2,0
2020-08-09,"Prince William",50-59,1755,220,16
2020-08-09,"Mount Rogers",0-9,59,1,0
2020-08-09,"Eastern Shore",0-9,25,2,0
2020-08-09,"Thomas Jefferson",60-69,182,31,4
2020-08-09,Pittsylvania-Danville,70-79,49,15,1
2020-08-09,Chesterfield,80+,168,37,49
2020-08-09,Richmond,0-9,130,6,0
2020-08-09,Chesapeake,80+,131,38,23
2020-08-09,Peninsula,40-49,425,16,1
2020-08-09,Henrico,0-9,146,4,0
2020-08-09,Lenowisco,80+,14,4,0
2020-08-09,Piedmont,60-69,174,26,4
2020-08-09,"West Piedmont",0-9,33,1,0
2020-08-09,"Rappahannock Rapidan",70-79,53,14,8
2020-08-09,"Central Shenandoah",70-79,175,52,17
2020-08-09,Chesapeake,30-39,557,17,0
2020-08-09,Chickahominy,0-9,22,0,0
2020-08-09,"Prince William",0-9,481,12,0
2020-08-09,"Eastern Shore",50-59,283,21,5
2020-08-09,"Mount Rogers",50-59,210,15,2
2020-08-09,Loudoun,19-Oct,732,1,0
2020-08-09,Southside,80+,87,12,13
2020-08-09,"Central Virginia",80+,63,9,5
2020-08-09,Rappahannock,Missing,26,0,0
2020-08-09,"Rappahannock Rapidan",30-39,382,19,1
2020-08-09,"New River",50-59,68,6,0
2020-08-09,Richmond,80+,53,23,9
2020-08-09,"Mount Rogers",20-29,228,0,0
2020-08-09,"Eastern Shore",20-29,208,6,0
2020-08-09,Hampton,19-Oct,76,0,0
2020-08-09,Portsmouth,0-9,51,3,0
2020-08-09,Crater,70-79,194,44,23
2020-08-09,Chesterfield,40-49,794,32,3
2020-08-09,Alexandria,Missing,11,0,0
2020-08-09,Southside,30-39,159,4,0
2020-08-09,"Prince William",Missing,180,3,0
2020-08-09,Hampton,60-69,108,11,3
2020-08-09,Fairfax,20-29,2760,99,3
2020-08-09,"Thomas Jefferson",0-9,90,1,0
2020-08-09,Lenowisco,40-49,45,4,0
2020-08-09,"Central Virginia",19-Oct,154,2,0
2020-08-09,Lenowisco,70-79,33,12,3
2020-08-09,Crater,Missing,25,0,0
2020-08-09,Arlington,50-59,428,70,6
2020-08-09,Piedmont,70-79,91,28,7
2020-08-09,Alexandria,60-69,238,55,3
2020-08-09,Portsmouth,30-39,332,13,1
2020-08-09,Lenowisco,20-29,45,0,0
2020-08-09,"Central Virginia",30-39,203,8,0
2020-08-09,Norfolk,19-Oct,236,1,0
2020-08-09,"New River",19-Oct,64,0,0
2020-08-09,"Central Virginia",20-29,344,3,0
2020-08-09,Rappahannock,50-59,555,63,4
2020-08-09,Rappahannock,60-69,279,55,8
2020-08-09,Piedmont,20-29,257,3,0
2020-08-09,"New River",60-69,36,6,1
2020-08-09,Roanoke,40-49,147,2,0
2020-08-09,"Three Rivers",20-29,195,4,0
2020-08-09,Rappahannock,40-49,622,48,2
2020-08-09,Portsmouth,80+,44,9,6
2020-08-09,"Central Shenandoah",Missing,1,0,0
2020-08-09,"Eastern Shore",70-79,57,21,11
2020-08-09,"Mount Rogers",70-79,123,40,16
2020-08-09,"Cumberland Plateau",70-79,26,2,0
2020-08-09,Piedmont,19-Oct,55,0,0
2020-08-09,Southside,20-29,109,2,0
2020-08-09,Chesterfield,50-59,629,55,5
2020-08-09,"Rappahannock Rapidan",20-29,376,6,0
2020-08-09,"Cumberland Plateau",60-69,46,7,1
2020-08-09,Roanoke,70-79,29,3,2
2020-08-09,"Central Shenandoah",20-29,550,11,0
2020-08-09,Pittsylvania-Danville,80+,59,11,5
2020-08-09,"Virginia Beach",80+,188,52,29
2020-08-09,"Central Shenandoah",50-59,464,38,5
2020-08-09,Lenowisco,Missing,0,0,0
2020-08-09,Fairfax,30-39,3166,211,6
2020-08-09,Lenowisco,60-69,54,8,2
2020-08-09,Loudoun,30-39,898,32,0
2020-08-09,"West Piedmont",80+,78,40,4
2020-08-09,Roanoke,80+,52,4,12
2020-08-09,Fairfax,40-49,2981,305,10
2020-08-09,"Thomas Jefferson",80+,168,34,28
2020-08-09,Roanoke,20-29,231,5,0
2020-08-09,Henrico,60-69,368,58,37
2020-08-09,"Lord Fairfax",40-49,396,19,1
2020-08-09,"Western Tidewater",Missing,20,0,0
2020-08-09,Chickahominy,60-69,107,26,8
2020-08-09,Chesapeake,20-29,581,5,0
2020-08-09,"Three Rivers",Missing,7,0,0
2020-08-09,Lenowisco,19-Oct,30,0,0
2020-08-09,Chesapeake,0-9,90,1,0
2020-08-09,Peninsula,50-59,368,24,3
2020-08-09,"Cumberland Plateau",Missing,0,0,0
2020-08-09,Peninsula,60-69,262,36,4
2020-08-09,"Lord Fairfax",30-39,413,11,1
2020-08-09,"Virginia Beach",Missing,124,0,0
2020-08-09,Arlington,40-49,496,53,8
2020-08-09,"West Piedmont",19-Oct,110,0,0
2020-08-09,Chickahominy,70-79,82,24,7
2020-08-09,Pittsylvania-Danville,20-29,124,0,0
2020-08-09,Loudoun,50-59,793,68,4
2020-08-09,Richmond,30-39,671,36,1
2020-08-09,"Thomas Jefferson",Missing,2,0,0
2020-08-09,"Rappahannock Rapidan",80+,36,18,9
2020-08-09,"Lord Fairfax",Missing,2,0,0
2020-08-09,"Cumberland Plateau",50-59,62,6,0
2020-08-09,Loudoun,Missing,66,0,1
2020-08-09,Southside,50-59,125,12,0
2020-08-09,Chesterfield,20-29,863,12,2
2020-08-09,Norfolk,70-79,138,36,8
2020-08-09,Alleghany,19-Oct,120,0,0
2020-08-09,Crater,80+,151,33,23
2020-08-09,Portsmouth,Missing,21,0,0
2020-08-09,"Western Tidewater",19-Oct,129,0,0
2020-08-09,Chesterfield,19-Oct,458,1,0
2020-08-09,Southside,60-69,97,17,6
2020-08-09,"Virginia Beach",0-9,145,0,0
2020-08-09,Lenowisco,50-59,59,6,1
2020-08-09,Chesapeake,70-79,148,44,4
2020-08-09,"Western Tidewater",80+,184,32,43
2020-08-09,"Thomas Jefferson",19-Oct,160,2,0
2020-08-09,Richmond,40-49,500,39,4
2020-08-09,"Lord Fairfax",50-59,407,34,3
2020-08-09,"Lord Fairfax",19-Oct,192,3,0
2020-08-09,"Rappahannock Rapidan",19-Oct,182,4,0
2020-08-09,Crater,50-59,394,40,4
2020-08-09,Arlington,Missing,14,1,0
2020-08-09,Roanoke,50-59,111,2,0
2020-08-09,Rappahannock,19-Oct,372,3,0
2020-08-09,Roanoke,19-Oct,107,0,0
2020-08-09,"Eastern Shore",Missing,6,0,0
2020-08-09,"Mount Rogers",Missing,0,0,0
2020-08-09,"Prince William",60-69,929,186,49
2020-08-09,Alleghany,70-79,87,9,10
2020-08-09,Crater,20-29,381,9,0
2020-08-09,Loudoun,60-69,305,59,9
2020-08-09,Fairfax,0-9,583,22,0
2020-08-09,Roanoke,Missing,4,0,0
2020-08-09,Alexandria,20-29,528,11,1
2020-08-09,Portsmouth,70-79,89,22,7
2020-08-09,Alleghany,30-39,132,3,0
2020-08-09,"Prince William",20-29,2129,59,0
2020-08-09,Southside,70-79,78,15,16
2020-08-09,Piedmont,Missing,1,0,0
2020-08-09,Rappahannock,0-9,154,2,0
2020-08-09,Henrico,30-39,701,21,0
2020-08-09,"Prince William",19-Oct,1016,8,0
2020-08-09,Chickahominy,19-Oct,78,0,0
2020-08-09,"Lord Fairfax",0-9,78,2,0
2020-08-09,"Central Virginia",Missing,1,0,0
2020-08-09,Fairfax,60-69,1592,354,66
2020-08-09,Hampton,20-29,328,3,0
2020-08-09,"Central Shenandoah",40-49,452,16,0
2020-08-09,Pittsylvania-Danville,0-9,25,0,0
2020-08-09,Crater,30-39,423,9,0
2020-08-09,"Virginia Beach",70-79,224,54,16
2020-08-09,"Virginia Beach",30-39,964,19,1
2020-08-09,Piedmont,0-9,31,0,0
2020-08-09,"Central Shenandoah",30-39,410,8,0
2020-08-09,Hampton,50-59,163,11,1
2020-08-09,Peninsula,70-79,159,45,13
2020-08-09,Arlington,20-29,639,22,0
2020-08-09,"West Piedmont",70-79,79,30,5
2020-08-09,Richmond,20-29,786,20,0
2020-08-09,Roanoke,0-9,41,0,0
2020-08-09,Hampton,30-39,225,3,0
2020-08-09,"Thomas Jefferson",30-39,359,12,0
2020-08-09,"Western Tidewater",40-49,298,9,2
2020-08-09,Richmond,50-59,372,62,2
2020-08-09,"Western Tidewater",50-59,352,19,4
2020-08-09,Chickahominy,40-49,129,14,1
2020-08-09,"Three Rivers",80+,45,9,6
2020-08-09,Rappahannock,30-39,658,26,0
2020-08-09,"Lord Fairfax",60-69,271,53,14
2020-08-09,"Western Tidewater",0-9,48,0,0
2020-08-09,Rappahannock,70-79,143,44,18
2020-08-09,"Prince William",80+,267,89,78
2020-08-09,Hampton,80+,26,3,1
2020-08-09,Alexandria,80+,99,30,27
2020-08-09,"Mount Rogers",60-69,175,24,2
2020-08-09,"Eastern Shore",60-69,191,30,8
2020-08-09,"Lord Fairfax",70-79,179,49,19
2020-08-09,"New River",30-39,73,2,0
2020-08-09,Chesapeake,19-Oct,217,2,0
2020-08-09,Hampton,40-49,186,7,0
2020-08-09,Peninsula,Missing,39,0,0
2020-08-09,Henrico,70-79,253,56,44
2020-08-09,"Western Tidewater",20-29,311,6,0
2020-08-09,Peninsula,0-9,107,0,0
2020-08-09,Loudoun,40-49,994,61,1
2020-08-09,Pittsylvania-Danville,30-39,133,1,0
2020-08-09,Loudoun,20-29,896,10,0
2020-08-09,Crater,60-69,325,58,19
2020-08-09,Loudoun,80+,223,58,81
2020-08-09,Arlington,80+,205,85,70
2020-08-09,"Virginia Beach",19-Oct,363,0,0
2020-08-09,"Mount Rogers",80+,96,36,31
2020-08-09,"Eastern Shore",80+,51,23,19
2020-08-09,Crater,19-Oct,114,1,0
2020-08-09,Lenowisco,30-39,60,2,1
2020-08-09,Norfolk,Missing,38,1,0
2020-08-09,Henrico,Missing,43,1,1
2020-08-09,"New River",40-49,67,2,0
2020-08-09,"Central Virginia",0-9,40,0,0
2020-08-09,"New River",70-79,34,11,4
2020-08-09,Loudoun,0-9,200,4,0
2020-08-09,"Central Virginia",70-79,89,13,3
2020-08-09,Southside,0-9,10,0,0
2020-08-09,"Three Rivers",40-49,202,12,2
2020-08-09,Chickahominy,30-39,134,3,0
2020-08-09,"Central Shenandoah",60-69,331,51,15
2020-08-09,"Western Tidewater",60-69,268,23,8
2020-08-09,"Cumberland Plateau",30-39,48,2,0
2020-08-09,Portsmouth,19-Oct,145,0,0
2020-08-09,Chesterfield,Missing,118,1,0
2020-08-09,Alexandria,40-49,548,45,0
2020-08-09,"Thomas Jefferson",70-79,139,26,10
2020-08-09,"Three Rivers",30-39,220,6,0
2020-08-09,"Western Tidewater",70-79,167,27,20
2020-08-09,Arlington,60-69,311,83,19
2020-08-09,"Cumberland Plateau",19-Oct,46,1,0
2020-08-09,"West Piedmont",30-39,153,4,0
2020-08-09,Peninsula,19-Oct,184,1,0
2020-08-09,Norfolk,0-9,122,2,0
2020-08-09,"Cumberland Plateau",40-49,47,3,0
2020-08-09,"Eastern Shore",19-Oct,68,1,0
2020-08-09,"Mount Rogers",19-Oct,116,0,0
2020-08-09,"Rappahannock Rapidan",0-9,96,1,0
2020-08-09,"Three Rivers",0-9,26,1,0
2020-08-09,Henrico,40-49,570,37,2
2020-08-09,Alexandria,50-59,371,55,11
2020-08-09,Arlington,0-9,68,2,0
2020-08-09,Chickahominy,Missing,16,0,0
2020-08-09,"New River",20-29,165,0,0
2020-08-09,"Virginia Beach",20-29,1294,10,0
2020-08-09,Chesapeake,50-59,406,42,1
2020-08-09,Alleghany,80+,48,12,6
2020-08-09,Fairfax,19-Oct,1125,33,0
2020-08-09,Chesapeake,60-69,297,47,8
2020-08-09,"West Piedmont",Missing,1,0,0
2020-08-09,Peninsula,80+,97,30,21
2020-08-09,Crater,40-49,344,22,1
2020-08-09,Chesapeake,40-49,445,33,1
2020-08-09,"Thomas Jefferson",20-29,346,2,0
2020-08-09,"Lord Fairfax",20-29,422,7,0
2020-08-09,Norfolk,20-29,1209,13,0
2020-08-09,Arlington,30-39,574,43,0
2020-08-09,"West Piedmont",60-69,119,18,1
2020-08-09,Henrico,50-59,499,56,11
2020-08-09,"West Piedmont",50-59,195,31,2
2020-08-09,"Cumberland Plateau",20-29,48,0,0
2020-08-09,Alexandria,70-79,109,41,18
2020-08-09,Portsmouth,20-29,391,12,0
2020-08-09,"Western Tidewater",30-39,340,16,1
2020-08-09,"Central Shenandoah",0-9,81,0,0
2020-08-09,Henrico,80+,356,78,90
2020-08-09,Alexandria,0-9,165,2,0
2020-08-09,Pittsylvania-Danville,40-49,165,9,1
2020-08-09,Henrico,20-29,636,19,0
2020-08-09,Roanoke,60-69,69,5,1
2020-08-09,Peninsula,30-39,539,14,2
2020-08-09,Alleghany,60-69,94,10,1
2020-08-09,"Prince William",70-79,372,114,52
2020-08-09,Norfolk,60-69,356,49,6
2020-08-09,Southside,40-49,137,6,0
2020-08-09,Chesterfield,30-39,927,19,2
2020-08-09,Loudoun,70-79,173,56,19
2020-08-09,"Central Virginia",40-49,190,3,0
2020-08-09,"New River",Missing,5,0,0
2020-08-09,Chickahominy,20-29,157,3,0
2020-08-09,"New River",0-9,17,0,0
2020-08-09,"Cumberland Plateau",0-9,13,0,0
2020-08-09,"Three Rivers",70-79,62,12,7
2020-08-09,"Rappahannock Rapidan",40-49,360,23,2
2020-08-09,Hampton,0-9,29,0,0
2020-08-09,Piedmont,50-59,234,25,3
2020-08-09,Rappahannock,20-29,675,15,0
2020-08-09,Henrico,19-Oct,299,5,0
2020-08-09,"Mount Rogers",30-39,210,7,0
2020-08-09,"Eastern Shore",30-39,247,11,0
2020-08-09,Chesterfield,0-9,183,2,0
2020-08-09,"Central Shenandoah",19-Oct,164,1,0
2020-08-09,Crater,0-9,50,2,0
2020-08-09,Fairfax,70-79,740,258,119
2020-08-09,Rappahannock,80+,131,46,25
2020-08-09,Alexandria,19-Oct,213,5,0
2020-08-09,Portsmouth,40-49,261,16,1
2020-08-09,"Three Rivers",50-59,159,12,0
2020-08-09,Alleghany,Missing,2,0,0
2020-08-09,Alexandria,30-39,682,34,0
2020-08-09,Southside,Missing,0,0,0
2020-08-09,Portsmouth,60-69,189,27,8
2020-08-09,Roanoke,30-39,226,3,0
2020-08-09,"Three Rivers",60-69,112,15,1
2020-08-09,Fairfax,50-59,2544,349,34
2020-08-09,Portsmouth,50-59,236,31,2
2020-08-09,Chickahominy,80+,89,38,28
2020-08-09,"Rappahannock Rapidan",50-59,302,32,2
2020-08-09,Fairfax,80+,853,321,304
2020-08-09,Hampton,Missing,26,0,0
2020-08-09,"Cumberland Plateau",80+,17,5,2
2020-08-09,Alleghany,50-59,145,8,1
2020-08-09,"Prince William",40-49,2355,179,8
2020-08-09,Fairfax,Missing,180,5,0
2020-08-09,"Virginia Beach",40-49,647,23,2
2020-08-09,Richmond,Missing,24,0,0
2020-08-09,Norfolk,40-49,445,20,2
2020-08-09,Piedmont,80+,63,25,20
2020-08-09,"Virginia Beach",60-69,446,54,5
2020-08-09,"West Piedmont",40-49,180,12,3
2020-08-09,Arlington,19-Oct,159,5,0
2020-08-09,Lenowisco,0-9,14,0,0
2020-08-09,Pittsylvania-Danville,50-59,162,21,0
2020-08-09,"Virginia Beach",50-59,578,26,1
2020-08-09,Chesapeake,Missing,40,1,0
2020-08-09,"Central Shenandoah",80+,147,37,22
2020-08-09,"Thomas Jefferson",40-49,284,20,0
2020-08-09,"Rappahannock Rapidan",60-69,165,21,5
2020-08-09,Norfolk,30-39,671,22,1
2020-08-09,"Rappahannock Rapidan",Missing,12,0,0
2020-08-09,"Lord Fairfax",80+,208,44,50
2020-08-09,"Three Rivers",19-Oct,59,1,0
2020-08-09,Piedmont,40-49,260,12,0
2020-08-09,Norfolk,80+,81,16,10
2020-08-09,Peninsula,20-29,791,1,0
2020-08-09,Norfolk,50-59,407,34,4
2020-08-09,"Thomas Jefferson",50-59,235,16,2
2020-08-09,Richmond,70-79,117,50,18
2020-08-09,Chesterfield,70-79,173,34,24
2020-08-09,Piedmont,30-39,301,5,0
2020-08-09,"Prince William",30-39,2173,104,2
2020-08-09,Alleghany,20-29,170,1,0
2020-08-09,Alleghany,0-9,30,0,0
2020-08-09,"Mount Rogers",40-49,210,5,2
2020-08-09,"Eastern Shore",40-49,260,13,2
2020-08-09,"Central Virginia",60-69,144,18,2
2020-08-09,Richmond,19-Oct,247,2,0
2020-08-09,Pittsylvania-Danville,60-69,119,20,2
2020-08-09,Pittsylvania-Danville,Missing,0,0,0
2020-08-09,Chesterfield,60-69,393,66,20
2020-08-09,Southside,19-Oct,25,0,0
2020-08-09,"New River",80+,17,6,3
2020-08-09,"Central Virginia",50-59,221,6,4
2020-08-09,Hampton,70-79,61,12,2
2020-08-09,Pittsylvania-Danville,19-Oct,56,0,0
2020-08-09,Richmond,60-69,265,64,7
2020-08-10,"West Piedmont",20-29,183,4,0
2020-08-10,Arlington,70-79,184,73,32
2020-08-10,Chickahominy,50-59,174,25,1
2020-08-10,Alleghany,40-49,135,3,0
2020-08-10,"Prince William",50-59,1759,220,16
2020-08-10,"Mount Rogers",0-9,59,1,0
2020-08-10,"Eastern Shore",0-9,25,2,0
2020-08-10,"Thomas Jefferson",60-69,182,31,4
2020-08-10,Pittsylvania-Danville,70-79,49,15,1
2020-08-10,Chesterfield,80+,169,38,49
2020-08-10,Richmond,0-9,130,6,0
2020-08-10,Chesapeake,80+,134,38,23
2020-08-10,Peninsula,40-49,429,16,1
2020-08-10,Henrico,0-9,146,4,0
2020-08-10,Lenowisco,80+,14,4,0
2020-08-10,Piedmont,60-69,174,26,4
2020-08-10,"West Piedmont",0-9,33,1,0
2020-08-10,"Rappahannock Rapidan",70-79,53,14,8
2020-08-10,"Central Shenandoah",70-79,175,52,17
2020-08-10,Chesapeake,30-39,564,17,0
2020-08-10,Chickahominy,0-9,23,0,0
2020-08-10,"Prince William",0-9,483,12,0
2020-08-10,"Eastern Shore",50-59,284,21,5
2020-08-10,"Mount Rogers",50-59,213,15,2
2020-08-10,Loudoun,19-Oct,737,1,0
2020-08-10,Southside,80+,88,12,13
2020-08-10,"Central Virginia",80+,63,9,5
2020-08-10,Rappahannock,Missing,26,0,0
2020-08-10,"Rappahannock Rapidan",30-39,385,19,1
2020-08-10,"New River",50-59,68,6,0
2020-08-10,Richmond,80+,58,23,9
2020-08-10,"Mount Rogers",20-29,229,0,0
2020-08-10,"Eastern Shore",20-29,208,6,0
2020-08-10,Hampton,19-Oct,77,0,0
2020-08-10,Portsmouth,0-9,51,3,0
2020-08-10,Crater,70-79,194,44,23
2020-08-10,Chesterfield,40-49,796,32,3
2020-08-10,Alexandria,Missing,11,0,0
2020-08-10,Southside,30-39,161,4,0
2020-08-10,"Prince William",Missing,180,3,0
2020-08-10,Hampton,60-69,109,11,3
2020-08-10,Fairfax,20-29,2777,99,3
2020-08-10,"Thomas Jefferson",0-9,90,1,0
2020-08-10,Lenowisco,40-49,53,4,0
2020-08-10,"Central Virginia",19-Oct,156,2,0
2020-08-10,Lenowisco,70-79,39,13,3
2020-08-10,Crater,Missing,25,0,0
2020-08-10,Arlington,50-59,429,70,6
2020-08-10,Piedmont,70-79,91,28,7
2020-08-10,Alexandria,60-69,238,55,3
2020-08-10,Portsmouth,30-39,334,13,1
2020-08-10,Lenowisco,20-29,49,0,0
2020-08-10,"Central Virginia",30-39,205,8,0
2020-08-10,Norfolk,19-Oct,236,1,0
2020-08-10,"New River",19-Oct,65,0,0
2020-08-10,"Central Virginia",20-29,350,3,0
2020-08-10,Rappahannock,50-59,562,63,4
2020-08-10,Rappahannock,60-69,280,55,8
2020-08-10,Piedmont,20-29,257,3,0
2020-08-10,"New River",60-69,36,6,1
2020-08-10,Roanoke,40-49,147,2,0
2020-08-10,"Three Rivers",20-29,197,4,0
2020-08-10,Rappahannock,40-49,627,48,2
2020-08-10,Portsmouth,80+,44,9,6
2020-08-10,"Central Shenandoah",Missing,1,0,0
2020-08-10,"Eastern Shore",70-79,57,21,11
2020-08-10,"Mount Rogers",70-79,124,40,16
2020-08-10,"Cumberland Plateau",70-79,29,2,0
2020-08-10,Piedmont,19-Oct,55,0,0
2020-08-10,Southside,20-29,110,2,0
2020-08-10,Chesterfield,50-59,632,55,5
2020-08-10,"Rappahannock Rapidan",20-29,377,6,0
2020-08-10,"Cumberland Plateau",60-69,48,7,1
2020-08-10,Roanoke,70-79,28,3,2
2020-08-10,"Central Shenandoah",20-29,555,11,0
2020-08-10,Pittsylvania-Danville,80+,59,11,5
2020-08-10,"Virginia Beach",80+,189,52,29
2020-08-10,"Central Shenandoah",50-59,466,39,5
2020-08-10,Lenowisco,Missing,0,0,0
2020-08-10,Fairfax,30-39,3182,211,6
2020-08-10,Lenowisco,60-69,56,8,2
2020-08-10,Loudoun,30-39,903,32,0
2020-08-10,"West Piedmont",80+,78,40,4
2020-08-10,Roanoke,80+,52,4,12
2020-08-10,Fairfax,40-49,2986,305,10
2020-08-10,"Thomas Jefferson",80+,169,34,28
2020-08-10,Roanoke,20-29,230,5,0
2020-08-10,Henrico,60-69,368,58,37
2020-08-10,"Lord Fairfax",40-49,396,19,1
2020-08-10,"Western Tidewater",Missing,20,0,0
2020-08-10,Chickahominy,60-69,110,26,8
2020-08-10,Chesapeake,20-29,585,5,0
2020-08-10,"Three Rivers",Missing,9,0,0
2020-08-10,Lenowisco,19-Oct,34,0,0
2020-08-10,Chesapeake,0-9,91,1,0
2020-08-10,Peninsula,50-59,371,24,3
2020-08-10,"Cumberland Plateau",Missing,0,0,0
2020-08-10,Peninsula,60-69,267,36,4
2020-08-10,"Lord Fairfax",30-39,413,11,1
2020-08-10,"Virginia Beach",Missing,126,0,0
2020-08-10,Arlington,40-49,498,53,8
2020-08-10,"West Piedmont",19-Oct,110,0,0
2020-08-10,Chickahominy,70-79,82,24,7
2020-08-10,Pittsylvania-Danville,20-29,128,0,0
2020-08-10,Loudoun,50-59,799,68,4
2020-08-10,Richmond,30-39,673,36,1
2020-08-10,"Thomas Jefferson",Missing,2,0,0
2020-08-10,"Rappahannock Rapidan",80+,36,18,9
2020-08-10,"Lord Fairfax",Missing,2,0,0
2020-08-10,"Cumberland Plateau",50-59,64,6,0
2020-08-10,Loudoun,Missing,66,0,1
2020-08-10,Southside,50-59,126,12,0
2020-08-10,Chesterfield,20-29,864,12,2
2020-08-10,Norfolk,70-79,138,37,9
2020-08-10,Alleghany,19-Oct,120,0,0
2020-08-10,Crater,80+,153,33,23
2020-08-10,Portsmouth,Missing,21,0,0
2020-08-10,"Western Tidewater",19-Oct,132,0,0
2020-08-10,Chesterfield,19-Oct,458,1,0
2020-08-10,Southside,60-69,97,17,6
2020-08-10,"Virginia Beach",0-9,152,0,0
2020-08-10,Lenowisco,50-59,60,6,1
2020-08-10,Chesapeake,70-79,150,44,4
2020-08-10,"Western Tidewater",80+,185,32,43
2020-08-10,"Thomas Jefferson",19-Oct,161,2,0
2020-08-10,Richmond,40-49,507,39,4
2020-08-10,"Lord Fairfax",50-59,408,34,3
2020-08-10,"Lord Fairfax",19-Oct,192,3,0
2020-08-10,"Rappahannock Rapidan",19-Oct,183,4,0
2020-08-10,Crater,50-59,399,41,4
2020-08-10,Arlington,Missing,14,1,0
2020-08-10,Roanoke,50-59,111,2,0
2020-08-10,Rappahannock,19-Oct,378,3,0
2020-08-10,Roanoke,19-Oct,107,0,0
2020-08-10,"Eastern Shore",Missing,6,0,0
2020-08-10,"Mount Rogers",Missing,0,0,0
2020-08-10,"Prince William",60-69,933,186,49
2020-08-10,Alleghany,70-79,88,9,10
2020-08-10,Crater,20-29,386,9,0
2020-08-10,Loudoun,60-69,306,59,9
2020-08-10,Fairfax,0-9,592,22,0
2020-08-10,Roanoke,Missing,4,0,0
2020-08-10,Alexandria,20-29,531,11,1
2020-08-10,Portsmouth,70-79,90,22,7
2020-08-10,Alleghany,30-39,132,3,0
2020-08-10,"Prince William",20-29,2140,59,0
2020-08-10,Southside,70-79,78,15,16
2020-08-10,Piedmont,Missing,1,0,0
2020-08-10,Rappahannock,0-9,154,2,0
2020-08-10,Henrico,30-39,708,21,0
2020-08-10,"Prince William",19-Oct,1018,8,0
2020-08-10,Chickahominy,19-Oct,79,0,0
2020-08-10,"Lord Fairfax",0-9,78,2,0
2020-08-10,"Central Virginia",Missing,1,0,0
2020-08-10,Fairfax,60-69,1596,354,66
2020-08-10,Hampton,20-29,333,3,0
2020-08-10,"Central Shenandoah",40-49,453,16,0
2020-08-10,Pittsylvania-Danville,0-9,25,0,0
2020-08-10,Crater,30-39,427,9,0
2020-08-10,"Virginia Beach",70-79,225,54,16
2020-08-10,"Virginia Beach",30-39,981,19,1
2020-08-10,Piedmont,0-9,31,0,0
2020-08-10,"Central Shenandoah",30-39,415,8,0
2020-08-10,Hampton,50-59,165,11,1
2020-08-10,Peninsula,70-79,163,46,13
2020-08-10,Arlington,20-29,644,22,0
2020-08-10,"West Piedmont",70-79,79,30,5
2020-08-10,Richmond,20-29,792,20,0
2020-08-10,Roanoke,0-9,41,0,0
2020-08-10,Hampton,30-39,229,3,0
2020-08-10,"Thomas Jefferson",30-39,360,12,0
2020-08-10,"Western Tidewater",40-49,298,9,2
2020-08-10,Richmond,50-59,371,62,2
2020-08-10,"Western Tidewater",50-59,354,19,4
2020-08-10,Henrico,19-Oct,303,5,0
2020-08-10,"Mount Rogers",30-39,211,7,0
2020-08-10,"Eastern Shore",30-39,247,11,0
2020-08-10,Chesterfield,0-9,183,2,0
2020-08-10,"Central Shenandoah",19-Oct,165,1,0
2020-08-10,Crater,0-9,50,2,0
2020-08-10,Fairfax,70-79,742,258,119
2020-08-10,Rappahannock,80+,132,46,25
2020-08-10,Alexandria,19-Oct,215,5,0
2020-08-10,Portsmouth,40-49,270,16,1
2020-08-10,"Three Rivers",50-59,162,12,0
2020-08-10,Alleghany,Missing,2,0,0
2020-08-10,Alexandria,30-39,686,34,0
2020-08-10,Southside,Missing,0,0,0
2020-08-10,Portsmouth,60-69,193,27,8
2020-08-10,Roanoke,30-39,226,3,0
2020-08-10,"Three Rivers",60-69,114,15,1
2020-08-10,Fairfax,50-59,2555,351,34
2020-08-10,Portsmouth,50-59,239,31,2
2020-08-10,Chickahominy,80+,89,38,28
2020-08-10,"Rappahannock Rapidan",50-59,303,32,2
2020-08-10,Fairfax,80+,854,321,304
2020-08-10,Hampton,Missing,26,0,0
2020-08-10,"Cumberland Plateau",80+,22,5,2
2020-08-10,Alleghany,50-59,145,9,1
2020-08-10,"Prince William",40-49,2361,179,8
2020-08-10,Fairfax,Missing,180,5,0
2020-08-10,"Virginia Beach",40-49,656,23,2
2020-08-10,Richmond,Missing,24,0,0
2020-08-10,Norfolk,40-49,445,20,2
2020-08-10,Piedmont,80+,63,25,20
2020-08-10,"Virginia Beach",60-69,453,56,5
2020-08-10,"West Piedmont",40-49,180,12,3
2020-08-10,Arlington,19-Oct,159,5,0
2020-08-10,Lenowisco,0-9,14,0,0
2020-08-10,Pittsylvania-Danville,50-59,165,21,0
2020-08-10,"Virginia Beach",50-59,590,28,1
2020-08-10,Chesapeake,Missing,40,1,0
2020-08-10,"Central Shenandoah",80+,150,37,22
2020-08-10,"Thomas Jefferson",40-49,288,20,0
2020-08-10,"Rappahannock Rapidan",60-69,165,21,5
2020-08-10,Norfolk,30-39,671,22,1
2020-08-10,"Rappahannock Rapidan",Missing,12,0,0
2020-08-10,"Lord Fairfax",80+,208,44,50
2020-08-10,"Three Rivers",19-Oct,59,1,0
2020-08-10,Piedmont,40-49,260,12,0
2020-08-10,Norfolk,80+,81,16,10
2020-08-10,Peninsula,20-29,795,1,0
2020-08-10,Norfolk,50-59,407,34,4
2020-08-10,"Thomas Jefferson",50-59,236,17,2
2020-08-10,Richmond,70-79,121,51,18
2020-08-10,Chesterfield,70-79,173,34,24
2020-08-10,Piedmont,30-39,301,5,0
2020-08-10,"Prince William",30-39,2179,104,2
2020-08-10,Alleghany,20-29,170,1,0
2020-08-10,Alleghany,0-9,30,0,0
2020-08-10,"Mount Rogers",40-49,210,5,2
2020-08-10,"Eastern Shore",40-49,260,13,2
2020-08-10,"Central Virginia",60-69,144,18,2
2020-08-10,Richmond,19-Oct,247,3,0
2020-08-10,Pittsylvania-Danville,60-69,120,20,2
2020-08-10,Pittsylvania-Danville,Missing,1,0,0
2020-08-10,Chesterfield,60-69,394,67,20
2020-08-10,Southside,19-Oct,25,0,0
2020-08-10,"New River",80+,17,6,3
2020-08-10,"Central Virginia",50-59,224,6,4
2020-08-10,Hampton,70-79,61,13,2
2020-08-10,Pittsylvania-Danville,19-Oct,56,0,0
2020-08-10,Richmond,60-69,267,64,7
2020-08-10,Norfolk,0-9,122,2,0
2020-08-10,"Cumberland Plateau",40-49,49,3,0
2020-08-10,"Eastern Shore",19-Oct,68,1,0
2020-08-10,"Mount Rogers",19-Oct,116,0,0
2020-08-10,"Rappahannock Rapidan",0-9,96,1,0
2020-08-10,"Three Rivers",0-9,27,1,0
2020-08-10,Henrico,40-49,577,38,2
2020-08-10,Alexandria,50-59,371,55,11
2020-08-10,Arlington,0-9,69,2,0
2020-08-10,Chickahominy,Missing,16,0,0
2020-08-10,"New River",20-29,165,0,0
2020-08-10,"Virginia Beach",20-29,1308,10,0
2020-08-10,Chesapeake,50-59,414,42,1
2020-08-10,Alleghany,80+,48,12,6
2020-08-10,Fairfax,19-Oct,1132,33,0
2020-08-10,Chesapeake,60-69,302,47,8
2020-08-10,"West Piedmont",Missing,1,0,0
2020-08-10,Peninsula,80+,98,30,21
2020-08-10,Crater,40-49,352,22,1
2020-08-10,Chesapeake,40-49,448,33,1
2020-08-10,"Thomas Jefferson",20-29,348,2,0
2020-08-10,"Lord Fairfax",20-29,422,7,0
2020-08-10,Norfolk,20-29,1209,13,0
2020-08-10,Arlington,30-39,576,43,0
2020-08-10,"West Piedmont",60-69,122,19,1
2020-08-10,Henrico,50-59,503,56,11
2020-08-10,"West Piedmont",50-59,195,31,2
2020-08-10,"Cumberland Plateau",20-29,49,0,0
2020-08-10,Alexandria,70-79,109,41,18
2020-08-10,Portsmouth,20-29,399,12,0
2020-08-10,"Western Tidewater",30-39,343,16,1
2020-08-10,"Central Shenandoah",0-9,81,0,0
2020-08-10,Henrico,80+,357,78,90
2020-08-10,Alexandria,0-9,165,2,0
2020-08-10,Pittsylvania-Danville,40-49,165,9,1
2020-08-10,Henrico,20-29,644,19,0
2020-08-10,Roanoke,60-69,69,5,1
2020-08-10,Peninsula,30-39,548,14,2
2020-08-10,Alleghany,60-69,94,10,1
2020-08-10,"Prince William",70-79,374,115,52
2020-08-10,Norfolk,60-69,356,49,6
2020-08-10,Southside,40-49,137,6,0
2020-08-10,Chesterfield,30-39,927,19,2
2020-08-10,Loudoun,70-79,173,56,19
2020-08-10,"Central Virginia",40-49,192,3,0
2020-08-10,"New River",Missing,5,0,0
2020-08-10,Chickahominy,20-29,159,3,0
2020-08-10,"New River",0-9,17,0,0
2020-08-10,"Cumberland Plateau",0-9,14,0,0
2020-08-10,"Three Rivers",70-79,62,12,7
2020-08-10,"Rappahannock Rapidan",40-49,361,23,2
2020-08-10,Hampton,0-9,30,0,0
2020-08-10,Piedmont,50-59,234,25,3
2020-08-10,Rappahannock,20-29,680,15,0
2020-08-10,Chickahominy,40-49,131,14,1
2020-08-10,"Three Rivers",80+,46,9,6
2020-08-10,Rappahannock,30-39,666,26,0
2020-08-10,"Lord Fairfax",60-69,271,53,14
2020-08-10,"Western Tidewater",0-9,49,0,0
2020-08-10,Rappahannock,70-79,144,44,18
2020-08-10,"Prince William",80+,266,89,78
2020-08-10,Hampton,80+,27,3,1
2020-08-10,Alexandria,80+,100,30,27
2020-08-10,"Mount Rogers",60-69,177,24,2
2020-08-10,"Eastern Shore",60-69,192,30,8
2020-08-10,"Lord Fairfax",70-79,179,49,19
2020-08-10,"New River",30-39,73,2,0
2020-08-10,Chesapeake,19-Oct,221,2,0
2020-08-10,Hampton,40-49,188,7,0
2020-08-10,Peninsula,Missing,39,0,0
2020-08-10,Henrico,70-79,255,56,44
2020-08-10,"Western Tidewater",20-29,314,6,0
2020-08-10,Peninsula,0-9,111,0,0
2020-08-10,Loudoun,40-49,999,61,1
2020-08-10,Pittsylvania-Danville,30-39,136,1,0
2020-08-10,Loudoun,20-29,899,10,0
2020-08-10,Crater,60-69,328,58,19
2020-08-10,Loudoun,80+,223,58,81
2020-08-10,Arlington,80+,205,85,70
2020-08-10,"Virginia Beach",19-Oct,370,0,0
2020-08-10,"Mount Rogers",80+,96,36,31
2020-08-10,"Eastern Shore",80+,51,23,19
2020-08-10,Crater,19-Oct,115,1,0
2020-08-10,Lenowisco,30-39,64,2,1
2020-08-10,Norfolk,Missing,38,1,0
2020-08-10,Henrico,Missing,43,1,1
2020-08-10,"New River",40-49,67,2,0
2020-08-10,"Central Virginia",0-9,40,0,0
2020-08-10,"New River",70-79,34,11,4
2020-08-10,Loudoun,0-9,201,4,0
2020-08-10,"Central Virginia",70-79,89,13,3
2020-08-10,Southside,0-9,10,0,0
2020-08-10,"Three Rivers",40-49,204,12,2
2020-08-10,Chickahominy,30-39,135,3,0
2020-08-10,"Central Shenandoah",60-69,332,51,15
2020-08-10,"Western Tidewater",60-69,269,23,8
2020-08-10,"Cumberland Plateau",30-39,48,2,0
2020-08-10,Portsmouth,19-Oct,147,0,0
2020-08-10,Chesterfield,Missing,118,1,0
2020-08-10,Alexandria,40-49,550,45,0
2020-08-10,"Thomas Jefferson",70-79,140,26,10
2020-08-10,"Three Rivers",30-39,222,6,0
2020-08-10,"Western Tidewater",70-79,169,27,20
2020-08-10,Arlington,60-69,313,83,19
2020-08-10,"Cumberland Plateau",19-Oct,47,1,0
2020-08-10,"West Piedmont",30-39,155,4,0
2020-08-10,Peninsula,19-Oct,188,1,0
2020-08-11,"Rappahannock Rapidan",19-Oct,182,4,0
2020-08-11,Crater,50-59,405,41,4
2020-08-11,Arlington,Missing,14,1,0
2020-08-11,Roanoke,50-59,118,2,0
2020-08-11,Rappahannock,19-Oct,382,3,0
2020-08-11,Roanoke,19-Oct,110,0,0
2020-08-11,"Eastern Shore",Missing,6,0,0
2020-08-11,"Mount Rogers",Missing,0,0,0
2020-08-11,"Prince William",60-69,935,186,49
2020-08-11,Alleghany,70-79,89,10,10
2020-08-11,Crater,20-29,399,9,0
2020-08-11,Loudoun,60-69,309,59,9
2020-08-11,Fairfax,0-9,604,22,0
2020-08-11,Roanoke,Missing,4,0,0
2020-08-11,Alexandria,20-29,536,11,1
2020-08-11,Portsmouth,70-79,93,22,7
2020-08-11,Alleghany,30-39,134,3,0
2020-08-11,"Prince William",20-29,2161,60,0
2020-08-11,Southside,70-79,80,15,16
2020-08-11,Piedmont,Missing,1,0,0
2020-08-11,Rappahannock,0-9,157,2,0
2020-08-11,Henrico,30-39,715,20,0
2020-08-11,"Prince William",19-Oct,1024,8,0
2020-08-11,Chickahominy,19-Oct,80,0,0
2020-08-11,"Lord Fairfax",0-9,79,2,0
2020-08-11,"Central Virginia",Missing,1,0,0
2020-08-11,Fairfax,60-69,1600,355,66
2020-08-11,Hampton,20-29,338,3,0
2020-08-11,"Central Shenandoah",40-49,454,16,0
2020-08-11,Pittsylvania-Danville,0-9,26,0,0
2020-08-11,Crater,30-39,438,9,0
2020-08-11,"Virginia Beach",70-79,227,57,16
2020-08-11,"Virginia Beach",30-39,997,20,1
2020-08-11,Piedmont,0-9,31,0,0
2020-08-11,"Central Shenandoah",30-39,416,8,0
2020-08-11,Hampton,50-59,165,11,1
2020-08-11,Peninsula,70-79,163,46,14
2020-08-11,Arlington,20-29,649,22,0
2020-08-11,"West Piedmont",70-79,80,30,5
2020-08-11,Richmond,20-29,803,20,0
2020-08-11,Roanoke,0-9,41,0,0
2020-08-11,Hampton,30-39,231,3,0
2020-08-11,"Thomas Jefferson",30-39,363,12,0
2020-08-11,"Western Tidewater",40-49,305,9,2
2020-08-11,Richmond,50-59,374,65,2
2020-08-11,"Western Tidewater",50-59,362,19,4
2020-08-11,Crater,Missing,25,0,0
2020-08-11,Arlington,50-59,429,70,6
2020-08-11,Piedmont,70-79,92,28,8
2020-08-11,Alexandria,60-69,238,56,3
2020-08-11,Portsmouth,30-39,336,13,1
2020-08-11,Lenowisco,20-29,54,0,0
2020-08-11,"Central Virginia",30-39,210,8,0
2020-08-11,Norfolk,19-Oct,238,1,0
2020-08-11,"New River",19-Oct,66,0,0
2020-08-11,"Central Virginia",20-29,363,3,0
2020-08-11,Pittsylvania-Danville,30-39,140,1,0
2020-08-11,Loudoun,20-29,906,11,0
2020-08-11,Crater,60-69,330,58,19
2020-08-11,Loudoun,80+,223,58,81
2020-08-11,Arlington,80+,205,85,70
2020-08-11,"Virginia Beach",19-Oct,372,0,0
2020-08-11,"Mount Rogers",80+,97,36,31
2020-08-11,"Eastern Shore",80+,52,23,19
2020-08-11,Crater,19-Oct,117,1,0
2020-08-11,Lenowisco,30-39,71,3,1
2020-08-11,Norfolk,Missing,38,1,0
2020-08-11,Henrico,Missing,44,1,1
2020-08-11,"New River",40-49,67,2,0
2020-08-11,"Central Virginia",0-9,41,0,0
2020-08-11,"New River",70-79,35,11,4
2020-08-11,Loudoun,0-9,202,4,0
2020-08-11,"Central Virginia",70-79,91,14,4
2020-08-11,Southside,0-9,10,0,0
2020-08-11,"Three Rivers",40-49,205,12,2
2020-08-11,Chickahominy,30-39,134,3,0
2020-08-11,"Central Shenandoah",60-69,336,51,15
2020-08-11,"Western Tidewater",60-69,273,23,8
2020-08-11,"Cumberland Plateau",30-39,49,2,0
2020-08-11,Portsmouth,19-Oct,151,0,0
2020-08-11,Chesterfield,Missing,119,1,0
2020-08-11,Alexandria,40-49,553,45,0
2020-08-11,"Thomas Jefferson",70-79,142,26,10
2020-08-11,"Three Rivers",30-39,224,6,0
2020-08-11,"Western Tidewater",70-79,170,27,20
2020-08-11,Arlington,60-69,314,83,19
2020-08-11,"Cumberland Plateau",19-Oct,48,1,0
2020-08-11,"West Piedmont",30-39,157,4,0
2020-08-11,Peninsula,19-Oct,188,1,0
2020-08-11,Lenowisco,19-Oct,38,0,0
2020-08-11,Chesapeake,0-9,91,1,0
2020-08-11,Peninsula,50-59,373,24,3
2020-08-11,"Cumberland Plateau",Missing,0,0,0
2020-08-11,Peninsula,60-69,268,36,4
2020-08-11,"Lord Fairfax",30-39,414,11,1
2020-08-11,"Virginia Beach",Missing,129,0,0
2020-08-11,Arlington,40-49,502,53,8
2020-08-11,"West Piedmont",19-Oct,110,0,0
2020-08-11,Chickahominy,70-79,82,24,7
2020-08-11,Pittsylvania-Danville,20-29,128,0,0
2020-08-11,Loudoun,50-59,803,68,4
2020-08-11,Richmond,30-39,682,37,1
2020-08-11,"Thomas Jefferson",Missing,2,0,0
2020-08-11,"Rappahannock Rapidan",80+,37,18,9
2020-08-11,"Lord Fairfax",Missing,2,0,0
2020-08-11,"Cumberland Plateau",50-59,68,6,0
2020-08-11,Loudoun,Missing,66,0,1
2020-08-11,Southside,50-59,126,12,0
2020-08-11,Chesterfield,20-29,878,12,2
2020-08-11,Norfolk,70-79,146,37,9
2020-08-11,Alleghany,19-Oct,120,0,0
2020-08-11,Crater,80+,154,34,23
2020-08-11,Pittsylvania-Danville,70-79,50,15,1
2020-08-11,Chesterfield,80+,171,38,49
2020-08-11,Richmond,0-9,131,6,0
2020-08-11,Chesapeake,80+,134,39,23
2020-08-11,Peninsula,40-49,430,16,1
2020-08-11,Henrico,0-9,148,4,0
2020-08-11,Lenowisco,80+,16,5,0
2020-08-11,Piedmont,60-69,178,26,5
2020-08-11,"West Piedmont",0-9,34,1,0
2020-08-11,"Rappahannock Rapidan",70-79,54,14,8
2020-08-11,"Central Shenandoah",70-79,176,52,17
2020-08-11,Chesapeake,30-39,565,19,0
2020-08-11,Chickahominy,0-9,23,0,0
2020-08-11,"Prince William",0-9,486,12,0
2020-08-11,"Eastern Shore",50-59,286,21,5
2020-08-11,"Mount Rogers",50-59,213,15,2
2020-08-11,Loudoun,19-Oct,750,1,0
2020-08-11,Southside,80+,88,12,13
2020-08-11,"Central Virginia",80+,66,10,6
2020-08-11,Rappahannock,Missing,27,0,0
2020-08-11,"Rappahannock Rapidan",30-39,387,19,1
2020-08-11,"New River",50-59,68,6,0
2020-08-11,Richmond,80+,58,23,9
2020-08-11,"Mount Rogers",20-29,231,0,0
2020-08-11,"Eastern Shore",20-29,209,6,0
2020-08-11,Hampton,19-Oct,78,0,0
2020-08-11,Portsmouth,0-9,53,3,0
2020-08-11,Crater,70-79,194,44,23
2020-08-11,Chesterfield,40-49,811,34,3
2020-08-11,Alexandria,Missing,11,0,0
2020-08-11,Southside,30-39,161,4,0
2020-08-11,"Prince William",Missing,182,3,0
2020-08-11,Hampton,60-69,110,11,3
2020-08-11,Fairfax,20-29,2801,99,3
2020-08-11,"Thomas Jefferson",0-9,93,1,0
2020-08-11,Lenowisco,40-49,55,4,0
2020-08-11,"Central Virginia",19-Oct,157,2,0
2020-08-11,Lenowisco,70-79,47,14,3
2020-08-11,"Virginia Beach",0-9,154,0,0
2020-08-11,Lenowisco,50-59,64,7,1
2020-08-11,Chesapeake,70-79,151,46,5
2020-08-11,"Western Tidewater",80+,187,32,44
2020-08-11,"Thomas Jefferson",19-Oct,165,2,0
2020-08-11,Richmond,40-49,515,40,4
2020-08-11,"Lord Fairfax",50-59,415,35,3
2020-08-11,"Lord Fairfax",19-Oct,193,3,0
2020-08-11,Rappahannock,50-59,569,63,4
2020-08-11,Rappahannock,60-69,284,55,8
2020-08-11,Piedmont,20-29,259,3,0
2020-08-11,"New River",60-69,37,6,1
2020-08-11,Roanoke,40-49,150,3,0
2020-08-11,"Three Rivers",20-29,201,4,0
2020-08-11,Rappahannock,40-49,630,48,2
2020-08-11,Portsmouth,80+,45,9,6
2020-08-11,"Central Shenandoah",Missing,1,0,0
2020-08-11,"Eastern Shore",70-79,57,21,11
2020-08-11,"Mount Rogers",70-79,125,40,18
2020-08-11,"Cumberland Plateau",70-79,29,2,0
2020-08-11,Piedmont,19-Oct,55,0,0
2020-08-11,Southside,20-29,112,2,0
2020-08-11,Chesterfield,50-59,643,55,5
2020-08-11,"Rappahannock Rapidan",20-29,379,6,0
2020-08-11,"Cumberland Plateau",60-69,49,9,2
2020-08-11,Roanoke,70-79,26,4,2
2020-08-11,"Central Shenandoah",20-29,559,11,0
2020-08-11,Pittsylvania-Danville,80+,60,11,5
2020-08-11,"Virginia Beach",80+,192,55,29
2020-08-11,"Central Shenandoah",50-59,468,39,5
2020-08-11,Lenowisco,Missing,0,0,0
2020-08-11,Fairfax,30-39,3208,211,6
2020-08-11,Lenowisco,60-69,64,9,2
2020-08-11,Loudoun,30-39,911,33,0
2020-08-11,"West Piedmont",80+,79,42,5
2020-08-11,Roanoke,80+,53,4,12
2020-08-11,Fairfax,40-49,2999,305,10
2020-08-11,"Thomas Jefferson",80+,170,34,28
2020-08-11,Roanoke,20-29,231,5,0
2020-08-11,Henrico,60-69,372,58,37
2020-08-11,"Lord Fairfax",40-49,399,20,1
2020-08-11,"Western Tidewater",Missing,20,0,0
2020-08-11,Chickahominy,60-69,111,26,8
2020-08-11,Chesapeake,20-29,589,5,0
2020-08-11,"Three Rivers",Missing,9,0,0
2020-08-11,Henrico,19-Oct,306,5,0
2020-08-11,"Mount Rogers",30-39,214,7,0
2020-08-11,"Eastern Shore",30-39,247,11,0
2020-08-11,Chesterfield,0-9,188,2,0
2020-08-11,"Central Shenandoah",19-Oct,167,1,0
2020-08-11,Crater,0-9,52,2,0
2020-08-11,Fairfax,70-79,743,258,119
2020-08-11,Rappahannock,80+,134,46,25
2020-08-11,Alexandria,19-Oct,217,5,0
2020-08-11,Portsmouth,40-49,277,16,1
2020-08-11,"Three Rivers",50-59,164,12,0
2020-08-11,Alleghany,Missing,2,0,0
2020-08-11,Alexandria,30-39,689,34,0
2020-08-11,Southside,Missing,0,0,0
2020-08-11,Portsmouth,60-69,204,27,8
2020-08-11,Roanoke,30-39,227,3,0
2020-08-11,"Three Rivers",60-69,115,16,2
2020-08-11,Fairfax,50-59,2559,352,34
2020-08-11,Portsmouth,50-59,245,31,2
2020-08-11,Chickahominy,80+,89,38,28
2020-08-11,"Rappahannock Rapidan",50-59,303,32,2
2020-08-11,Fairfax,80+,855,321,304
2020-08-11,Hampton,Missing,27,0,0
2020-08-11,"Cumberland Plateau",80+,22,5,2
2020-08-11,Portsmouth,Missing,21,0,0
2020-08-11,"Western Tidewater",19-Oct,135,0,0
2020-08-11,Chesterfield,19-Oct,468,2,0
2020-08-11,Southside,60-69,99,17,6
2020-08-11,Norfolk,0-9,124,2,0
2020-08-11,"Cumberland Plateau",40-49,51,3,0
2020-08-11,"Eastern Shore",19-Oct,68,1,0
2020-08-11,"Mount Rogers",19-Oct,118,0,0
2020-08-11,"Rappahannock Rapidan",0-9,96,1,0
2020-08-11,"Three Rivers",0-9,27,1,0
2020-08-11,Henrico,40-49,584,37,2
2020-08-11,Alexandria,50-59,374,55,11
2020-08-11,Arlington,0-9,69,2,0
2020-08-11,Chickahominy,Missing,17,0,0
2020-08-11,"New River",20-29,169,0,0
2020-08-11,"Virginia Beach",20-29,1328,10,0
2020-08-11,Chesapeake,50-59,417,43,1
2020-08-11,Alleghany,80+,48,12,6
2020-08-11,Fairfax,19-Oct,1146,33,0
2020-08-11,Chesapeake,60-69,301,49,8
2020-08-11,"West Piedmont",Missing,1,0,0
2020-08-11,Peninsula,80+,99,30,22
2020-08-11,Crater,40-49,361,22,1
2020-08-11,Chesapeake,40-49,449,33,1
2020-08-11,"Thomas Jefferson",20-29,349,2,0
2020-08-11,"Lord Fairfax",20-29,423,7,0
2020-08-11,Norfolk,20-29,1243,14,0
2020-08-11,Arlington,30-39,580,43,0
2020-08-11,"West Piedmont",60-69,123,19,1
2020-08-11,Henrico,50-59,508,57,11
2020-08-11,"West Piedmont",50-59,197,32,3
2020-08-11,"Cumberland Plateau",20-29,50,0,0
2020-08-11,Alexandria,70-79,110,42,18
2020-08-11,Portsmouth,20-29,408,12,0
2020-08-11,"Western Tidewater",30-39,346,16,1
2020-08-11,"Central Shenandoah",0-9,85,0,0
2020-08-11,Henrico,80+,359,78,90
2020-08-11,Alexandria,0-9,166,2,0
2020-08-11,Pittsylvania-Danville,40-49,167,9,1
2020-08-11,Henrico,20-29,657,19,0
2020-08-11,Roanoke,60-69,72,5,1
2020-08-11,Peninsula,30-39,549,14,2
2020-08-11,Alleghany,60-69,94,10,1
2020-08-11,"Prince William",70-79,375,116,52
2020-08-11,Norfolk,60-69,360,49,6
2020-08-11,Southside,40-49,138,6,0
2020-08-11,Chesterfield,30-39,938,18,2
2020-08-11,Loudoun,70-79,173,56,19
2020-08-11,"Central Virginia",40-49,194,3,0
2020-08-11,"New River",Missing,5,0,0
2020-08-11,Chickahominy,20-29,159,3,0
2020-08-11,"New River",0-9,17,0,0
2020-08-11,"Cumberland Plateau",0-9,14,0,0
2020-08-11,"Three Rivers",70-79,64,13,7
2020-08-11,"Rappahannock Rapidan",40-49,365,23,2
2020-08-11,Hampton,0-9,30,0,0
2020-08-11,Piedmont,50-59,234,25,3
2020-08-11,Rappahannock,20-29,692,15,0
2020-08-11,"West Piedmont",20-29,183,4,0
2020-08-11,Arlington,70-79,184,73,32
2020-08-11,Chickahominy,50-59,175,25,1
2020-08-11,Alleghany,40-49,135,3,0
2020-08-11,"Prince William",50-59,1763,220,16
2020-08-11,"Mount Rogers",0-9,60,1,0
2020-08-11,"Eastern Shore",0-9,25,2,0
2020-08-11,"Thomas Jefferson",60-69,184,31,4
2020-08-11,Alleghany,50-59,144,10,1
2020-08-11,"Prince William",40-49,2369,179,8
2020-08-11,Fairfax,Missing,180,5,0
2020-08-11,"Virginia Beach",40-49,664,23,2
2020-08-11,Richmond,Missing,26,0,0
2020-08-11,Norfolk,40-49,449,21,2
2020-08-11,Piedmont,80+,64,25,20
2020-08-11,"Virginia Beach",60-69,455,56,5
2020-08-11,"West Piedmont",40-49,183,13,3
2020-08-11,Arlington,19-Oct,159,5,0
2020-08-11,Lenowisco,0-9,16,0,0
2020-08-11,Pittsylvania-Danville,50-59,172,21,0
2020-08-11,"Virginia Beach",50-59,593,31,1
2020-08-11,Chesapeake,Missing,39,1,0
2020-08-11,"Central Shenandoah",80+,150,37,22
2020-08-11,"Thomas Jefferson",40-49,290,20,0
2020-08-11,"Rappahannock Rapidan",60-69,164,22,5
2020-08-11,Norfolk,30-39,687,22,1
2020-08-11,"Rappahannock Rapidan",Missing,12,0,0
2020-08-11,"Lord Fairfax",80+,208,45,51
2020-08-11,"Three Rivers",19-Oct,59,1,0
2020-08-11,Piedmont,40-49,272,12,0
2020-08-11,Norfolk,80+,83,17,10
2020-08-11,Peninsula,20-29,799,1,0
2020-08-11,Norfolk,50-59,419,37,4
2020-08-11,"Thomas Jefferson",50-59,239,17,2
2020-08-11,Richmond,70-79,122,51,18
2020-08-11,Chesterfield,70-79,173,34,24
2020-08-11,Piedmont,30-39,304,5,0
2020-08-11,"Prince William",30-39,2186,104,2
2020-08-11,Alleghany,20-29,172,1,0
2020-08-11,Alleghany,0-9,30,0,0
2020-08-11,"Mount Rogers",40-49,210,5,2
2020-08-11,"Eastern Shore",40-49,260,13,2
2020-08-11,"Central Virginia",60-69,149,18,2
2020-08-11,Richmond,19-Oct,249,3,0
2020-08-11,Pittsylvania-Danville,60-69,120,20,2
2020-08-11,Pittsylvania-Danville,Missing,1,0,0
2020-08-11,Chesterfield,60-69,399,67,20
2020-08-11,Southside,19-Oct,26,0,0
2020-08-11,"New River",80+,17,6,3
2020-08-11,"Central Virginia",50-59,228,6,4
2020-08-11,Hampton,70-79,62,13,2
2020-08-11,Pittsylvania-Danville,19-Oct,58,0,0
2020-08-11,Richmond,60-69,269,64,7
2020-08-11,Chickahominy,40-49,132,14,1
2020-08-11,"Three Rivers",80+,47,10,6
2020-08-11,Rappahannock,30-39,670,26,0
2020-08-11,"Lord Fairfax",60-69,271,53,14
2020-08-11,"Western Tidewater",0-9,50,0,0
2020-08-11,Rappahannock,70-79,145,44,18
2020-08-11,"Prince William",80+,267,89,78
2020-08-11,Hampton,80+,27,3,1
2020-08-11,Alexandria,80+,101,31,27
2020-08-11,"Mount Rogers",60-69,178,24,2
2020-08-11,"Eastern Shore",60-69,192,30,8
2020-08-11,"Lord Fairfax",70-79,179,50,20
2020-08-11,"New River",30-39,75,2,0
2020-08-11,Chesapeake,19-Oct,222,2,0
2020-08-11,Hampton,40-49,189,7,0
2020-08-11,Peninsula,Missing,39,0,0
2020-08-11,Henrico,70-79,255,57,45
2020-08-11,"Western Tidewater",20-29,317,6,0
2020-08-11,Peninsula,0-9,111,0,0
2020-08-11,Loudoun,40-49,1003,62,1
2020-08-12,Norfolk,0-9,125,2,0
2020-08-12,"Cumberland Plateau",40-49,51,3,0
2020-08-12,"Eastern Shore",19-Oct,68,1,0
2020-08-12,"Mount Rogers",19-Oct,119,0,0
2020-08-12,"Rappahannock Rapidan",0-9,96,1,0
2020-08-12,"Three Rivers",0-9,27,1,0
2020-08-12,Henrico,40-49,589,39,2
2020-08-12,Alexandria,50-59,375,55,11
2020-08-12,Arlington,0-9,69,2,0
2020-08-12,Chickahominy,Missing,17,0,0
2020-08-12,"New River",20-29,178,0,0
2020-08-12,"Virginia Beach",20-29,1339,10,0
2020-08-12,Chesapeake,50-59,427,43,1
2020-08-12,Alleghany,80+,49,12,6
2020-08-12,Fairfax,19-Oct,1153,34,0
2020-08-12,Chesapeake,60-69,302,49,8
2020-08-12,"West Piedmont",Missing,1,0,0
2020-08-12,Peninsula,80+,99,30,22
2020-08-12,Crater,40-49,369,23,1
2020-08-12,Chesapeake,40-49,460,33,1
2020-08-12,"Thomas Jefferson",20-29,355,2,0
2020-08-12,"Lord Fairfax",20-29,424,7,0
2020-08-12,Norfolk,20-29,1241,15,0
2020-08-12,Arlington,30-39,583,43,0
2020-08-12,"West Piedmont",60-69,127,19,1
2020-08-12,Henrico,50-59,509,59,11
2020-08-12,"West Piedmont",50-59,199,32,3
2020-08-12,"Cumberland Plateau",20-29,52,0,0
2020-08-12,Alexandria,70-79,110,42,18
2020-08-12,Portsmouth,20-29,413,12,0
2020-08-12,"Western Tidewater",30-39,350,16,1
2020-08-12,"Central Shenandoah",0-9,85,0,0
2020-08-12,Henrico,80+,358,78,90
2020-08-12,Alexandria,0-9,171,2,0
2020-08-12,Pittsylvania-Danville,40-49,168,9,1
2020-08-12,Henrico,20-29,659,19,0
2020-08-12,Roanoke,60-69,73,5,1
2020-08-12,Peninsula,30-39,551,15,2
2020-08-12,Alleghany,60-69,94,10,1
2020-08-12,"Prince William",70-79,377,116,52
2020-08-12,Norfolk,60-69,363,51,6
2020-08-12,Southside,40-49,139,6,0
2020-08-12,Chesterfield,30-39,943,18,2
2020-08-12,Loudoun,70-79,173,56,19
2020-08-12,"Central Virginia",40-49,197,3,0
2020-08-12,"New River",Missing,5,0,0
2020-08-12,Chickahominy,20-29,159,3,0
2020-08-12,"New River",0-9,17,0,0
2020-08-12,"Cumberland Plateau",0-9,15,0,0
2020-08-12,"Three Rivers",70-79,64,13,7
2020-08-12,"Rappahannock Rapidan",40-49,365,23,2
2020-08-12,Hampton,0-9,30,0,0
2020-08-12,Piedmont,50-59,235,25,3
2020-08-12,Rappahannock,20-29,705,16,0
2020-08-12,"West Piedmont",20-29,185,4,0
2020-08-12,Arlington,70-79,184,73,32
2020-08-12,Chickahominy,50-59,175,25,1
2020-08-12,Alleghany,40-49,135,3,0
2020-08-12,"Prince William",50-59,1771,220,16
2020-08-12,"Mount Rogers",0-9,60,1,0
2020-08-12,"Eastern Shore",0-9,25,2,0
2020-08-12,"Thomas Jefferson",60-69,185,31,4
2020-08-12,Pittsylvania-Danville,70-79,50,15,1
2020-08-12,Chesterfield,80+,172,38,49
2020-08-12,Richmond,0-9,131,6,0
2020-08-12,Chesapeake,80+,134,39,23
2020-08-12,Peninsula,40-49,430,16,1
2020-08-12,Henrico,0-9,149,4,0
2020-08-12,Lenowisco,80+,16,5,0
2020-08-12,Piedmont,60-69,180,26,5
2020-08-12,Henrico,19-Oct,307,5,0
2020-08-12,"Mount Rogers",30-39,215,8,0
2020-08-12,"Eastern Shore",30-39,247,11,0
2020-08-12,Chesterfield,0-9,192,2,0
2020-08-12,"Central Shenandoah",19-Oct,168,1,0
2020-08-12,Crater,0-9,51,2,0
2020-08-12,Fairfax,70-79,743,258,119
2020-08-12,Rappahannock,80+,133,47,25
2020-08-12,Alexandria,19-Oct,219,5,0
2020-08-12,Portsmouth,40-49,279,16,1
2020-08-12,"Three Rivers",50-59,166,12,0
2020-08-12,Alleghany,Missing,3,0,0
2020-08-12,Alexandria,30-39,692,34,0
2020-08-12,Southside,Missing,0,0,0
2020-08-12,Portsmouth,60-69,206,27,8
2020-08-12,Roanoke,30-39,227,3,0
2020-08-12,"Three Rivers",60-69,116,16,2
2020-08-12,Fairfax,50-59,2574,354,34
2020-08-12,Portsmouth,50-59,247,31,2
2020-08-12,Chickahominy,80+,89,38,29
2020-08-12,"Rappahannock Rapidan",50-59,304,32,2
2020-08-12,Fairfax,80+,856,322,304
2020-08-12,Hampton,Missing,27,0,0
2020-08-12,"Cumberland Plateau",80+,22,5,2
2020-08-12,Alleghany,50-59,144,10,1
2020-08-12,"Prince William",40-49,2374,179,8
2020-08-12,Fairfax,Missing,182,5,0
2020-08-12,"Virginia Beach",40-49,668,23,2
2020-08-12,Richmond,Missing,26,0,0
2020-08-12,Norfolk,40-49,452,21,2
2020-08-12,Piedmont,80+,64,25,20
2020-08-12,"Virginia Beach",60-69,461,58,5
2020-08-12,"West Piedmont",40-49,185,13,3
2020-08-12,Arlington,19-Oct,158,5,0
2020-08-12,Lenowisco,0-9,17,0,0
2020-08-12,Pittsylvania-Danville,50-59,175,21,0
2020-08-12,"Virginia Beach",50-59,595,32,1
2020-08-12,Chesapeake,Missing,42,1,0
2020-08-12,"Central Shenandoah",80+,150,38,22
2020-08-12,"Thomas Jefferson",40-49,296,20,0
2020-08-12,"Rappahannock Rapidan",60-69,164,22,5
2020-08-12,Norfolk,30-39,688,23,1
2020-08-12,"Rappahannock Rapidan",Missing,12,0,0
2020-08-12,"Lord Fairfax",80+,208,45,51
2020-08-12,"Three Rivers",19-Oct,59,1,0
2020-08-12,Piedmont,40-49,272,13,0
2020-08-12,Norfolk,80+,84,18,10
2020-08-12,Peninsula,20-29,803,1,0
2020-08-12,Norfolk,50-59,423,37,4
2020-08-12,"Thomas Jefferson",50-59,243,17,2
2020-08-12,Richmond,70-79,122,52,18
2020-08-12,Chesterfield,70-79,175,36,25
2020-08-12,Piedmont,30-39,303,5,0
2020-08-12,"Prince William",30-39,2198,105,2
2020-08-12,Alleghany,20-29,172,1,0
2020-08-12,Alleghany,0-9,30,0,0
2020-08-12,"Mount Rogers",40-49,212,6,2
2020-08-12,"Eastern Shore",40-49,259,13,2
2020-08-12,"Central Virginia",60-69,152,19,2
2020-08-12,Richmond,19-Oct,251,3,0
2020-08-12,Pittsylvania-Danville,60-69,121,20,2
2020-08-12,Pittsylvania-Danville,Missing,1,0,0
2020-08-12,Chesterfield,60-69,403,68,20
2020-08-12,Southside,19-Oct,26,0,0
2020-08-12,"New River",80+,17,6,3
2020-08-12,"Central Virginia",50-59,229,6,4
2020-08-12,Hampton,70-79,63,13,2
2020-08-12,Pittsylvania-Danville,19-Oct,62,0,0
2020-08-12,Richmond,60-69,272,66,7
2020-08-12,Chickahominy,40-49,132,14,1
2020-08-12,"Three Rivers",80+,47,10,6
2020-08-12,Rappahannock,30-39,678,26,0
2020-08-12,"Lord Fairfax",60-69,271,54,14
2020-08-12,"Western Tidewater",0-9,53,0,0
2020-08-12,Rappahannock,70-79,145,44,18
2020-08-12,"Prince William",80+,267,89,79
2020-08-12,Hampton,80+,27,3,1
2020-08-12,Alexandria,80+,101,31,27
2020-08-12,"Mount Rogers",60-69,182,24,2
2020-08-12,"Eastern Shore",60-69,194,31,8
2020-08-12,"Lord Fairfax",70-79,180,51,20
2020-08-12,"New River",30-39,79,2,0
2020-08-12,Chesapeake,19-Oct,222,2,0
2020-08-12,Hampton,40-49,189,7,0
2020-08-12,Peninsula,Missing,41,0,0
2020-08-12,"West Piedmont",0-9,34,1,0
2020-08-12,"Rappahannock Rapidan",70-79,55,14,8
2020-08-12,"Central Shenandoah",70-79,179,53,17
2020-08-12,Chesapeake,30-39,573,20,0
2020-08-12,Chickahominy,0-9,24,0,0
2020-08-12,"Prince William",0-9,488,12,0
2020-08-12,"Eastern Shore",50-59,287,21,5
2020-08-12,"Mount Rogers",50-59,217,15,2
2020-08-12,Loudoun,19-Oct,753,1,0
2020-08-12,Southside,80+,88,12,13
2020-08-12,"Central Virginia",80+,66,10,6
2020-08-12,Rappahannock,Missing,27,0,0
2020-08-12,"Rappahannock Rapidan",30-39,387,19,1
2020-08-12,"New River",50-59,72,6,0
2020-08-12,Richmond,80+,60,24,9
2020-08-12,"Mount Rogers",20-29,233,0,0
2020-08-12,"Eastern Shore",20-29,209,6,0
2020-08-12,Hampton,19-Oct,79,0,0
2020-08-12,Portsmouth,0-9,58,3,0
2020-08-12,Crater,70-79,197,45,23
2020-08-12,Chesterfield,40-49,817,34,3
2020-08-12,Alexandria,Missing,11,0,0
2020-08-12,Southside,30-39,161,4,0
2020-08-12,"Prince William",Missing,182,3,0
2020-08-12,Hampton,60-69,111,11,3
2020-08-12,Fairfax,20-29,2828,100,3
2020-08-12,"Thomas Jefferson",0-9,92,1,0
2020-08-12,Lenowisco,40-49,55,4,0
2020-08-12,"Central Virginia",19-Oct,158,2,0
2020-08-12,Lenowisco,70-79,47,15,3
2020-08-12,"Virginia Beach",0-9,157,0,0
2020-08-12,Lenowisco,50-59,68,7,1
2020-08-12,Chesapeake,70-79,153,46,5
2020-08-12,"Western Tidewater",80+,187,33,45
2020-08-12,"Thomas Jefferson",19-Oct,168,2,0
2020-08-12,Richmond,40-49,520,40,4
2020-08-12,"Lord Fairfax",50-59,416,35,3
2020-08-12,"Lord Fairfax",19-Oct,194,3,0
2020-08-12,"Rappahannock Rapidan",19-Oct,182,4,0
2020-08-12,Crater,50-59,416,42,4
2020-08-12,Arlington,Missing,14,1,0
2020-08-12,Roanoke,50-59,118,2,0
2020-08-12,Rappahannock,19-Oct,391,3,0
2020-08-12,Roanoke,19-Oct,111,0,0
2020-08-12,"Eastern Shore",Missing,6,0,0
2020-08-12,"Mount Rogers",Missing,0,0,0
2020-08-12,"Prince William",60-69,937,186,49
2020-08-12,Alleghany,70-79,90,10,10
2020-08-12,Crater,20-29,412,9,0
2020-08-12,Loudoun,60-69,314,59,9
2020-08-12,Fairfax,0-9,613,24,0
2020-08-12,Roanoke,Missing,4,0,0
2020-08-12,Alexandria,20-29,540,11,1
2020-08-12,Portsmouth,70-79,93,22,7
2020-08-12,Alleghany,30-39,135,3,0
2020-08-12,"Prince William",20-29,2170,60,0
2020-08-12,Southside,70-79,80,15,16
2020-08-12,Piedmont,Missing,1,0,0
2020-08-12,Rappahannock,0-9,164,2,0
2020-08-12,Henrico,30-39,720,21,0
2020-08-12,"Prince William",19-Oct,1029,8,0
2020-08-12,Chickahominy,19-Oct,81,0,0
2020-08-12,"Lord Fairfax",0-9,79,2,0
2020-08-12,"Central Virginia",Missing,1,0,0
2020-08-12,Fairfax,60-69,1609,355,66
2020-08-12,Hampton,20-29,342,3,0
2020-08-12,"Central Shenandoah",40-49,457,16,0
2020-08-12,Pittsylvania-Danville,0-9,28,0,0
2020-08-12,Crater,30-39,450,9,0
2020-08-12,"Virginia Beach",70-79,227,58,16
2020-08-12,"Virginia Beach",30-39,995,21,1
2020-08-12,Piedmont,0-9,31,0,0
2020-08-12,"Central Shenandoah",30-39,418,8,0
2020-08-12,Hampton,50-59,171,12,1
2020-08-12,Peninsula,70-79,166,46,14
2020-08-12,Arlington,20-29,652,22,0
2020-08-12,"West Piedmont",70-79,82,30,5
2020-08-12,Richmond,20-29,803,21,0
2020-08-12,Roanoke,0-9,41,0,0
2020-08-12,Hampton,30-39,234,3,0
2020-08-12,"Thomas Jefferson",30-39,365,12,0
2020-08-12,"Western Tidewater",40-49,308,9,3
2020-08-12,Richmond,50-59,378,65,2
2020-08-12,"Western Tidewater",50-59,372,20,4
2020-08-12,Crater,Missing,25,0,0
2020-08-12,Arlington,50-59,430,70,6
2020-08-12,Piedmont,70-79,93,28,8
2020-08-12,Alexandria,60-69,238,56,3
2020-08-12,Portsmouth,30-39,339,13,1
2020-08-12,Lenowisco,20-29,58,0,0
2020-08-12,"Central Virginia",30-39,212,8,0
2020-08-12,Norfolk,19-Oct,239,1,0
2020-08-12,"New River",19-Oct,68,0,0
2020-08-12,"Central Virginia",20-29,365,3,0
2020-08-12,Rappahannock,50-59,576,63,4
2020-08-12,Rappahannock,60-69,287,56,8
2020-08-12,Piedmont,20-29,262,3,0
2020-08-12,"New River",60-69,37,6,1
2020-08-12,Roanoke,40-49,151,4,0
2020-08-12,"Three Rivers",20-29,203,4,0
2020-08-12,Rappahannock,40-49,639,48,2
2020-08-12,Portsmouth,80+,45,9,6
2020-08-12,"Central Shenandoah",Missing,1,0,0
2020-08-12,"Eastern Shore",70-79,57,21,12
2020-08-12,"Mount Rogers",70-79,127,41,18
2020-08-12,"Cumberland Plateau",70-79,29,3,0
2020-08-12,Piedmont,19-Oct,55,0,0
2020-08-12,Southside,20-29,112,2,0
2020-08-12,Chesterfield,50-59,650,56,5
2020-08-12,"Rappahannock Rapidan",20-29,379,6,0
2020-08-12,"Cumberland Plateau",60-69,50,9,2
2020-08-12,Roanoke,70-79,26,4,2
2020-08-12,"Central Shenandoah",20-29,562,11,0
2020-08-12,Pittsylvania-Danville,80+,60,11,5
2020-08-12,"Virginia Beach",80+,196,56,29
2020-08-12,"Central Shenandoah",50-59,469,40,5
2020-08-12,Lenowisco,Missing,0,0,0
2020-08-12,Fairfax,30-39,3228,211,6
2020-08-12,Lenowisco,60-69,67,9,2
2020-08-12,Loudoun,30-39,917,33,0
2020-08-12,"West Piedmont",80+,85,42,5
2020-08-12,Roanoke,80+,53,4,12
2020-08-12,Fairfax,40-49,3009,310,10
2020-08-12,"Thomas Jefferson",80+,171,34,28
2020-08-12,Roanoke,20-29,232,5,0
2020-08-12,Henrico,60-69,375,60,37
2020-08-12,"Lord Fairfax",40-49,399,20,1
2020-08-12,"Western Tidewater",Missing,20,0,0
2020-08-12,Chickahominy,60-69,113,26,8
2020-08-12,Chesapeake,20-29,601,5,0
2020-08-12,"Three Rivers",Missing,10,0,0
2020-08-12,Henrico,70-79,258,58,45
2020-08-12,"Western Tidewater",20-29,325,6,0
2020-08-12,Peninsula,0-9,112,0,0
2020-08-12,Loudoun,40-49,1008,63,1
2020-08-12,Pittsylvania-Danville,30-39,141,1,0
2020-08-12,Loudoun,20-29,909,11,0
2020-08-12,Crater,60-69,334,58,19
2020-08-12,Loudoun,80+,223,58,81
2020-08-12,Arlington,80+,205,85,70
2020-08-12,"Virginia Beach",19-Oct,374,0,0
2020-08-12,"Mount Rogers",80+,98,37,31
2020-08-12,"Eastern Shore",80+,52,24,19
2020-08-12,Crater,19-Oct,119,1,0
2020-08-12,Lenowisco,30-39,72,3,1
2020-08-12,Norfolk,Missing,38,1,0
2020-08-12,Henrico,Missing,44,1,1
2020-08-12,"New River",40-49,69,2,0
2020-08-12,"Central Virginia",0-9,41,0,0
2020-08-12,"New River",70-79,35,11,4
2020-08-12,Loudoun,0-9,204,4,0
2020-08-12,"Central Virginia",70-79,92,14,4
2020-08-12,Southside,0-9,10,0,0
2020-08-12,"Three Rivers",40-49,206,12,2
2020-08-12,Chickahominy,30-39,136,3,0
2020-08-12,"Central Shenandoah",60-69,339,51,15
2020-08-12,"Western Tidewater",60-69,280,23,8
2020-08-12,"Cumberland Plateau",30-39,49,2,0
2020-08-12,Portsmouth,19-Oct,154,0,0
2020-08-12,Chesterfield,Missing,119,1,0
2020-08-12,Alexandria,40-49,557,45,0
2020-08-12,"Thomas Jefferson",70-79,143,26,10
2020-08-12,"Three Rivers",30-39,225,6,0
2020-08-12,"Western Tidewater",70-79,172,27,20
2020-08-12,Arlington,60-69,318,83,19
2020-08-12,"Cumberland Plateau",19-Oct,49,1,0
2020-08-12,"West Piedmont",30-39,159,4,0
2020-08-12,Peninsula,19-Oct,189,1,0
2020-08-12,Lenowisco,19-Oct,43,0,0
2020-08-12,Chesapeake,0-9,94,1,0
2020-08-12,Peninsula,50-59,378,24,3
2020-08-12,"Cumberland Plateau",Missing,0,0,0
2020-08-12,Peninsula,60-69,271,36,4
2020-08-12,"Lord Fairfax",30-39,416,12,1
2020-08-12,"Virginia Beach",Missing,127,0,0
2020-08-12,Arlington,40-49,505,53,8
2020-08-12,"West Piedmont",19-Oct,110,0,0
2020-08-12,Chickahominy,70-79,83,24,7
2020-08-12,Pittsylvania-Danville,20-29,129,0,0
2020-08-12,Loudoun,50-59,805,68,4
2020-08-12,Richmond,30-39,685,38,1
2020-08-12,"Thomas Jefferson",Missing,2,0,0
2020-08-12,"Rappahannock Rapidan",80+,37,18,9
2020-08-12,"Lord Fairfax",Missing,2,0,0
2020-08-12,"Cumberland Plateau",50-59,69,6,0
2020-08-12,Loudoun,Missing,66,0,1
2020-08-12,Southside,50-59,128,13,1
2020-08-12,Chesterfield,20-29,885,12,2
2020-08-12,Norfolk,70-79,149,39,10
2020-08-12,Alleghany,19-Oct,121,0,0
2020-08-12,Crater,80+,153,34,23
2020-08-12,Portsmouth,Missing,21,0,0
2020-08-12,"Western Tidewater",19-Oct,141,0,0
2020-08-12,Chesterfield,19-Oct,473,2,0
2020-08-12,Southside,60-69,101,17,6
2020-08-13,Fairfax,60-69,1611,355,66
2020-08-13,Hampton,20-29,344,3,0
2020-08-13,"Central Shenandoah",40-49,467,16,0
2020-08-13,Pittsylvania-Danville,0-9,32,0,0
2020-08-13,Crater,30-39,453,9,0
2020-08-13,"Virginia Beach",70-79,228,58,16
2020-08-13,"Virginia Beach",30-39,1009,21,1
2020-08-13,Piedmont,0-9,31,0,0
2020-08-13,"Central Shenandoah",30-39,420,8,0
2020-08-13,Hampton,50-59,176,12,1
2020-08-13,Peninsula,70-79,166,47,15
2020-08-13,Arlington,20-29,656,22,0
2020-08-13,"West Piedmont",70-79,86,30,5
2020-08-13,Richmond,20-29,808,21,0
2020-08-13,Roanoke,0-9,42,0,0
2020-08-13,Hampton,30-39,236,3,0
2020-08-13,"Thomas Jefferson",30-39,370,12,0
2020-08-13,"Western Tidewater",40-49,310,9,3
2020-08-13,Richmond,50-59,382,67,2
2020-08-13,"Western Tidewater",50-59,381,20,4
2020-08-13,Crater,Missing,25,0,0
2020-08-13,Arlington,50-59,432,70,6
2020-08-13,Piedmont,70-79,91,28,8
2020-08-13,Alexandria,60-69,238,56,3
2020-08-13,Portsmouth,30-39,344,13,1
2020-08-13,Lenowisco,20-29,58,0,0
2020-08-13,"Central Virginia",30-39,217,8,0
2020-08-13,Norfolk,19-Oct,241,1,0
2020-08-13,"New River",19-Oct,68,0,0
2020-08-13,"Central Virginia",20-29,378,3,0
2020-08-13,Rappahannock,50-59,583,63,5
2020-08-13,Rappahannock,60-69,291,56,8
2020-08-13,Piedmont,20-29,263,3,0
2020-08-13,"New River",60-69,39,6,1
2020-08-13,Roanoke,40-49,151,4,0
2020-08-13,"Three Rivers",20-29,207,4,0
2020-08-13,Rappahannock,40-49,648,48,2
2020-08-13,Portsmouth,80+,46,9,6
2020-08-13,"Central Shenandoah",Missing,1,0,0
2020-08-13,"Eastern Shore",70-79,58,21,12
2020-08-13,"Mount Rogers",70-79,130,42,18
2020-08-13,"Cumberland Plateau",70-79,29,3,0
2020-08-13,Piedmont,19-Oct,53,0,0
2020-08-13,Southside,20-29,112,2,0
2020-08-13,Chesterfield,50-59,657,57,5
2020-08-13,"Rappahannock Rapidan",20-29,380,6,0
2020-08-13,"Cumberland Plateau",60-69,51,9,2
2020-08-13,Roanoke,70-79,26,4,2
2020-08-13,"Central Shenandoah",20-29,564,11,0
2020-08-13,Pittsylvania-Danville,80+,61,12,6
2020-08-13,"Virginia Beach",80+,197,56,29
2020-08-13,"Central Shenandoah",50-59,472,41,5
2020-08-13,Lenowisco,Missing,0,0,0
2020-08-13,Fairfax,30-39,3235,211,6
2020-08-13,Lenowisco,60-69,67,9,2
2020-08-13,Loudoun,30-39,924,33,0
2020-08-13,"West Piedmont",80+,94,42,5
2020-08-13,Roanoke,80+,53,4,12
2020-08-13,Fairfax,40-49,3025,310,11
2020-08-13,"Thomas Jefferson",80+,170,35,28
2020-08-13,Roanoke,20-29,232,5,0
2020-08-13,Henrico,60-69,378,60,37
2020-08-13,"Lord Fairfax",40-49,401,20,1
2020-08-13,"Western Tidewater",Missing,21,0,0
2020-08-13,Chickahominy,60-69,115,26,8
2020-08-13,"West Piedmont",0-9,35,1,0
2020-08-13,"Rappahannock Rapidan",70-79,56,14,8
2020-08-13,"Central Shenandoah",70-79,179,53,18
2020-08-13,Chesapeake,30-39,584,20,0
2020-08-13,Chickahominy,0-9,24,0,0
2020-08-13,"Prince William",0-9,494,12,0
2020-08-13,"Eastern Shore",50-59,287,23,5
2020-08-13,"Mount Rogers",50-59,220,15,2
2020-08-13,Loudoun,19-Oct,757,1,0
2020-08-13,Southside,80+,88,12,13
2020-08-13,"Central Virginia",80+,68,10,6
2020-08-13,Rappahannock,Missing,27,0,0
2020-08-13,"Rappahannock Rapidan",30-39,391,19,1
2020-08-13,"New River",50-59,72,6,0
2020-08-13,Richmond,80+,60,25,9
2020-08-13,"Mount Rogers",20-29,237,0,0
2020-08-13,"Eastern Shore",20-29,209,6,0
2020-08-13,Hampton,19-Oct,80,0,0
2020-08-13,Portsmouth,0-9,59,3,0
2020-08-13,Crater,70-79,197,46,23
2020-08-13,Chesterfield,40-49,826,34,3
2020-08-13,Alexandria,Missing,11,0,0
2020-08-13,Southside,30-39,162,4,0
2020-08-13,"Prince William",Missing,183,3,0
2020-08-13,Hampton,60-69,114,11,3
2020-08-13,Fairfax,20-29,2850,100,3
2020-08-13,"Thomas Jefferson",0-9,93,1,0
2020-08-13,Lenowisco,40-49,64,4,0
2020-08-13,"Central Virginia",19-Oct,162,2,0
2020-08-13,Lenowisco,70-79,49,15,4
2020-08-13,"Virginia Beach",0-9,160,0,0
2020-08-13,Lenowisco,50-59,70,7,1
2020-08-13,Chesapeake,70-79,161,46,5
2020-08-13,"Western Tidewater",80+,191,34,45
2020-08-13,"Thomas Jefferson",19-Oct,172,2,0
2020-08-13,Richmond,40-49,527,40,4
2020-08-13,"Lord Fairfax",50-59,420,35,3
2020-08-13,"Lord Fairfax",19-Oct,193,3,0
2020-08-13,"Rappahannock Rapidan",19-Oct,183,4,0
2020-08-13,Crater,50-59,420,42,4
2020-08-13,Arlington,Missing,14,1,0
2020-08-13,Roanoke,50-59,118,2,0
2020-08-13,Rappahannock,19-Oct,400,3,0
2020-08-13,Roanoke,19-Oct,112,0,0
2020-08-13,Alleghany,0-9,30,0,0
2020-08-13,"Eastern Shore",Missing,6,0,0
2020-08-13,"Mount Rogers",Missing,0,0,0
2020-08-13,"Prince William",60-69,946,187,49
2020-08-13,Alleghany,70-79,90,10,10
2020-08-13,Crater,20-29,417,9,0
2020-08-13,Loudoun,60-69,315,59,9
2020-08-13,Fairfax,0-9,616,24,0
2020-08-13,Roanoke,Missing,4,0,0
2020-08-13,Alexandria,20-29,544,11,1
2020-08-13,Portsmouth,70-79,96,22,7
2020-08-13,Alleghany,30-39,135,3,0
2020-08-13,"Prince William",20-29,2188,60,0
2020-08-13,Southside,70-79,80,15,16
2020-08-13,Piedmont,Missing,1,0,0
2020-08-13,Rappahannock,0-9,170,2,0
2020-08-13,Henrico,30-39,720,21,0
2020-08-13,"Prince William",19-Oct,1034,9,0
2020-08-13,Chickahominy,19-Oct,83,0,0
2020-08-13,"Lord Fairfax",0-9,82,2,0
2020-08-13,"Central Virginia",Missing,1,0,0
2020-08-13,Chesapeake,20-29,612,5,0
2020-08-13,"Three Rivers",Missing,10,0,0
2020-08-13,Henrico,19-Oct,311,5,0
2020-08-13,"Mount Rogers",30-39,219,8,0
2020-08-13,"Eastern Shore",30-39,247,11,0
2020-08-13,Chesterfield,0-9,192,2,0
2020-08-13,"Central Shenandoah",19-Oct,169,1,0
2020-08-13,Crater,0-9,51,2,0
2020-08-13,Fairfax,70-79,745,260,119
2020-08-13,Rappahannock,80+,136,48,25
2020-08-13,Alexandria,19-Oct,219,5,0
2020-08-13,Portsmouth,40-49,291,16,1
2020-08-13,"Three Rivers",50-59,167,12,0
2020-08-13,Alleghany,Missing,3,0,0
2020-08-13,Alexandria,30-39,692,34,0
2020-08-13,Southside,Missing,0,0,0
2020-08-13,Portsmouth,60-69,211,27,8
2020-08-13,Roanoke,30-39,229,3,0
2020-08-13,"Three Rivers",60-69,117,16,2
2020-08-13,Fairfax,50-59,2577,354,34
2020-08-13,Portsmouth,50-59,255,31,2
2020-08-13,Chickahominy,80+,89,38,29
2020-08-13,"Rappahannock Rapidan",50-59,305,32,2
2020-08-13,Fairfax,80+,857,322,304
2020-08-13,Hampton,Missing,28,0,0
2020-08-13,"Cumberland Plateau",80+,24,6,2
2020-08-13,Alleghany,50-59,145,10,1
2020-08-13,"Prince William",40-49,2390,181,8
2020-08-13,Fairfax,Missing,184,5,0
2020-08-13,"Virginia Beach",40-49,682,24,2
2020-08-13,Richmond,Missing,27,0,0
2020-08-13,Norfolk,40-49,457,23,2
2020-08-13,Piedmont,80+,62,24,19
2020-08-13,"Virginia Beach",60-69,466,58,5
2020-08-13,"West Piedmont",40-49,188,13,3
2020-08-13,Arlington,19-Oct,157,5,0
2020-08-13,Lenowisco,0-9,21,0,0
2020-08-13,Pittsylvania-Danville,50-59,178,21,0
2020-08-13,"Virginia Beach",50-59,603,32,1
2020-08-13,Chesapeake,Missing,42,1,0
2020-08-13,"Central Shenandoah",80+,152,38,22
2020-08-13,"Thomas Jefferson",40-49,302,20,0
2020-08-13,"Rappahannock Rapidan",60-69,165,22,5
2020-08-13,Norfolk,30-39,700,24,1
2020-08-13,"Rappahannock Rapidan",Missing,12,0,0
2020-08-13,"Lord Fairfax",80+,208,45,51
2020-08-13,"Three Rivers",19-Oct,61,1,0
2020-08-13,Piedmont,40-49,275,13,0
2020-08-13,Norfolk,80+,85,19,10
2020-08-13,Peninsula,20-29,813,1,0
2020-08-13,Norfolk,50-59,425,38,4
2020-08-13,"Thomas Jefferson",50-59,244,18,2
2020-08-13,Richmond,70-79,124,54,18
2020-08-13,Chesterfield,70-79,177,36,25
2020-08-13,Piedmont,30-39,311,5,0
2020-08-13,"Prince William",30-39,2214,106,2
2020-08-13,Alleghany,20-29,173,1,0
2020-08-13,"Mount Rogers",40-49,214,6,2
2020-08-13,"Eastern Shore",40-49,260,13,2
2020-08-13,"Central Virginia",60-69,156,19,2
2020-08-13,Richmond,19-Oct,253,3,0
2020-08-13,Pittsylvania-Danville,60-69,124,20,2
2020-08-13,Pittsylvania-Danville,Missing,1,0,0
2020-08-13,Chesterfield,60-69,406,68,20
2020-08-13,Southside,19-Oct,26,0,0
2020-08-13,"New River",80+,16,5,3
2020-08-13,"Central Virginia",50-59,244,7,4
2020-08-13,Hampton,70-79,66,13,2
2020-08-13,Pittsylvania-Danville,19-Oct,62,0,0
2020-08-13,Richmond,60-69,275,67,7
2020-08-13,Chickahominy,40-49,136,14,1
2020-08-13,"Three Rivers",80+,48,11,6
2020-08-13,Rappahannock,30-39,693,26,0
2020-08-13,"Lord Fairfax",60-69,271,54,14
2020-08-13,"Western Tidewater",0-9,54,0,0
2020-08-13,Rappahannock,70-79,145,44,18
2020-08-13,"Prince William",80+,271,90,80
2020-08-13,Hampton,80+,27,3,1
2020-08-13,Alexandria,80+,101,31,27
2020-08-13,"Mount Rogers",60-69,182,24,2
2020-08-13,"Eastern Shore",60-69,196,31,8
2020-08-13,"Lord Fairfax",70-79,183,51,20
2020-08-13,"New River",30-39,90,2,0
2020-08-13,Chesapeake,19-Oct,226,2,0
2020-08-13,Hampton,40-49,191,7,0
2020-08-13,Norfolk,0-9,128,2,0
2020-08-13,"Cumberland Plateau",40-49,53,3,0
2020-08-13,"Eastern Shore",19-Oct,68,1,0
2020-08-13,"Mount Rogers",19-Oct,119,0,0
2020-08-13,"Rappahannock Rapidan",0-9,98,1,0
2020-08-13,"Three Rivers",0-9,27,1,0
2020-08-13,Henrico,40-49,593,39,2
2020-08-13,Alexandria,50-59,377,55,11
2020-08-13,Arlington,0-9,70,2,0
2020-08-13,Chickahominy,Missing,17,0,0
2020-08-13,"New River",20-29,182,0,0
2020-08-13,"Virginia Beach",20-29,1351,10,0
2020-08-13,Chesapeake,50-59,437,44,1
2020-08-13,Alleghany,80+,49,12,6
2020-08-13,Fairfax,19-Oct,1158,34,0
2020-08-13,Chesapeake,60-69,319,54,10
2020-08-13,"West Piedmont",Missing,0,0,0
2020-08-13,Peninsula,80+,100,30,22
2020-08-13,Crater,40-49,370,23,1
2020-08-13,Chesapeake,40-49,464,33,1
2020-08-13,"Thomas Jefferson",20-29,362,2,0
2020-08-13,"Lord Fairfax",20-29,427,7,0
2020-08-13,Norfolk,20-29,1271,16,0
2020-08-13,Arlington,30-39,587,43,0
2020-08-13,"West Piedmont",60-69,143,22,1
2020-08-13,Henrico,50-59,512,59,11
2020-08-13,"West Piedmont",50-59,209,33,3
2020-08-13,"Cumberland Plateau",20-29,53,0,0
2020-08-13,Alexandria,70-79,110,42,18
2020-08-13,Portsmouth,20-29,425,12,0
2020-08-13,"Western Tidewater",30-39,354,16,1
2020-08-13,"Central Shenandoah",0-9,86,0,0
2020-08-13,Henrico,80+,361,80,90
2020-08-13,Alexandria,0-9,171,2,0
2020-08-13,Pittsylvania-Danville,40-49,172,9,1
2020-08-13,Henrico,20-29,669,20,0
2020-08-13,Roanoke,60-69,74,5,1
2020-08-13,Peninsula,30-39,557,15,2
2020-08-13,Alleghany,60-69,94,10,1
2020-08-13,"Prince William",70-79,380,116,52
2020-08-13,Norfolk,60-69,364,52,6
2020-08-13,Southside,40-49,140,6,0
2020-08-13,Chesterfield,30-39,954,18,2
2020-08-13,Loudoun,70-79,174,56,19
2020-08-13,"Central Virginia",40-49,207,3,0
2020-08-13,"New River",Missing,6,0,0
2020-08-13,Chickahominy,20-29,164,3,0
2020-08-13,"New River",0-9,17,0,0
2020-08-13,"Cumberland Plateau",0-9,15,0,0
2020-08-13,"Three Rivers",70-79,64,13,7
2020-08-13,"Rappahannock Rapidan",40-49,365,23,2
2020-08-13,Hampton,0-9,29,0,0
2020-08-13,Piedmont,50-59,236,26,3
2020-08-13,Rappahannock,20-29,723,17,0
2020-08-13,"West Piedmont",20-29,186,4,0
2020-08-13,Arlington,70-79,185,73,32
2020-08-13,Chickahominy,50-59,177,25,1
2020-08-13,Alleghany,40-49,140,3,0
2020-08-13,"Prince William",50-59,1785,222,16
2020-08-13,"Mount Rogers",0-9,60,1,0
2020-08-13,"Eastern Shore",0-9,25,2,0
2020-08-13,"Thomas Jefferson",60-69,188,32,4
2020-08-13,Pittsylvania-Danville,70-79,50,15,1
2020-08-13,Chesterfield,80+,171,37,49
2020-08-13,Richmond,0-9,132,6,0
2020-08-13,Chesapeake,80+,139,41,24
2020-08-13,Peninsula,40-49,433,16,1
2020-08-13,Henrico,0-9,151,4,0
2020-08-13,Lenowisco,80+,17,5,0
2020-08-13,Piedmont,60-69,180,26,5
2020-08-13,Peninsula,Missing,41,0,0
2020-08-13,Henrico,70-79,260,58,46
2020-08-13,"Western Tidewater",20-29,332,6,0
2020-08-13,Peninsula,0-9,115,0,0
2020-08-13,Loudoun,40-49,1018,65,1
2020-08-13,Pittsylvania-Danville,30-39,150,1,0
2020-08-13,Loudoun,20-29,916,11,0
2020-08-13,Crater,60-69,335,58,19
2020-08-13,Loudoun,80+,223,58,81
2020-08-13,Arlington,80+,205,85,70
2020-08-13,"Virginia Beach",19-Oct,380,0,0
2020-08-13,"Mount Rogers",80+,100,37,32
2020-08-13,"Eastern Shore",80+,52,24,19
2020-08-13,Crater,19-Oct,120,2,0
2020-08-13,Lenowisco,30-39,75,3,1
2020-08-13,Norfolk,Missing,37,1,0
2020-08-13,Henrico,Missing,44,1,1
2020-08-13,"New River",40-49,73,2,0
2020-08-13,"Central Virginia",0-9,42,0,0
2020-08-13,"New River",70-79,36,11,4
2020-08-13,Loudoun,0-9,205,4,0
2020-08-13,"Central Virginia",70-79,99,14,4
2020-08-13,Southside,0-9,10,0,0
2020-08-13,"Three Rivers",40-49,209,12,2
2020-08-13,Chickahominy,30-39,141,3,0
2020-08-13,"Central Shenandoah",60-69,347,51,15
2020-08-13,"Western Tidewater",60-69,285,23,8
2020-08-13,"Cumberland Plateau",30-39,49,2,0
2020-08-13,Portsmouth,19-Oct,159,0,0
2020-08-13,Chesterfield,Missing,119,1,0
2020-08-13,Alexandria,40-49,557,45,0
2020-08-13,"Thomas Jefferson",70-79,144,26,10
2020-08-13,"Three Rivers",30-39,231,6,0
2020-08-13,"Western Tidewater",70-79,174,27,20
2020-08-13,Arlington,60-69,320,83,19
2020-08-13,"Cumberland Plateau",19-Oct,49,1,0
2020-08-13,"West Piedmont",30-39,165,4,0
2020-08-13,Peninsula,19-Oct,193,1,0
2020-08-13,Lenowisco,19-Oct,48,0,0
2020-08-13,Chesapeake,0-9,98,1,0
2020-08-13,Peninsula,50-59,384,24,3
2020-08-13,"Cumberland Plateau",Missing,0,0,0
2020-08-13,Peninsula,60-69,277,36,4
2020-08-13,"Lord Fairfax",30-39,418,13,1
2020-08-13,"Virginia Beach",Missing,128,0,0
2020-08-13,Arlington,40-49,508,53,8
2020-08-13,"West Piedmont",19-Oct,111,0,0
2020-08-13,Chickahominy,70-79,84,24,7
2020-08-13,Pittsylvania-Danville,20-29,130,0,0
2020-08-13,Loudoun,50-59,805,69,4
2020-08-13,Richmond,30-39,692,38,1
2020-08-13,"Thomas Jefferson",Missing,2,0,0
2020-08-13,"Rappahannock Rapidan",80+,39,18,9
2020-08-13,"Lord Fairfax",Missing,2,0,0
2020-08-13,"Cumberland Plateau",50-59,69,6,0
2020-08-13,Loudoun,Missing,66,0,1
2020-08-13,Southside,50-59,130,13,1
2020-08-13,Chesterfield,20-29,893,12,2
2020-08-13,Norfolk,70-79,150,39,10
2020-08-13,Alleghany,19-Oct,121,0,0
2020-08-13,Crater,80+,154,35,23
2020-08-13,Portsmouth,Missing,21,0,0
2020-08-13,"Western Tidewater",19-Oct,143,0,0
2020-08-13,Chesterfield,19-Oct,477,2,0
2020-08-13,Southside,60-69,101,17,6
2020-08-14,Arlington,50-59,439,70,6
2020-08-14,Piedmont,70-79,91,28,8
2020-08-14,Alexandria,60-69,241,56,3
2020-08-14,Portsmouth,30-39,352,13,1
2020-08-14,Lenowisco,20-29,58,0,0
2020-08-14,"Central Virginia",30-39,220,8,0
2020-08-14,Norfolk,19-Oct,243,2,0
2020-08-14,"New River",19-Oct,73,0,0
2020-08-14,"Central Virginia",20-29,392,3,0
2020-08-14,Rappahannock,50-59,587,64,5
2020-08-14,Rappahannock,60-69,296,59,8
2020-08-14,Piedmont,20-29,270,3,0
2020-08-14,"New River",60-69,38,6,1
2020-08-14,Roanoke,40-49,153,4,0
2020-08-14,"Three Rivers",20-29,208,4,0
2020-08-14,Rappahannock,40-49,653,49,2
2020-08-14,Portsmouth,80+,47,9,6
2020-08-14,"Central Shenandoah",Missing,1,0,0
2020-08-14,"Eastern Shore",70-79,59,21,12
2020-08-14,"Mount Rogers",70-79,135,44,18
2020-08-14,"Cumberland Plateau",70-79,29,3,0
2020-08-14,Piedmont,19-Oct,53,0,0
2020-08-14,Southside,20-29,114,2,0
2020-08-14,Chesterfield,50-59,668,57,5
2020-08-14,"Rappahannock Rapidan",20-29,382,6,0
2020-08-14,"Cumberland Plateau",60-69,51,10,2
2020-08-14,Roanoke,70-79,26,5,2
2020-08-14,"Central Shenandoah",20-29,570,11,0
2020-08-14,Pittsylvania-Danville,80+,62,13,6
2020-08-14,"Virginia Beach",80+,200,56,30
2020-08-14,"Central Shenandoah",50-59,476,41,5
2020-08-14,Lenowisco,Missing,0,0,0
2020-08-14,Fairfax,30-39,3253,210,7
2020-08-14,Lenowisco,60-69,70,10,2
2020-08-14,Loudoun,30-39,929,34,0
2020-08-14,"West Piedmont",80+,95,42,5
2020-08-14,Roanoke,80+,53,4,12
2020-08-14,Fairfax,40-49,3053,311,12
2020-08-14,"Thomas Jefferson",80+,170,35,28
2020-08-14,Roanoke,20-29,233,5,0
2020-08-14,Henrico,60-69,380,62,37
2020-08-14,"Lord Fairfax",40-49,401,20,1
2020-08-14,"Western Tidewater",Missing,21,0,0
2020-08-14,Chickahominy,60-69,115,26,8
2020-08-14,Chesapeake,20-29,625,6,0
2020-08-14,"Three Rivers",Missing,10,1,0
2020-08-14,Henrico,19-Oct,315,5,0
2020-08-14,"Mount Rogers",30-39,220,8,0
2020-08-14,"Eastern Shore",30-39,248,11,0
2020-08-14,"Virginia Beach",0-9,162,0,0
2020-08-14,Lenowisco,50-59,74,8,1
2020-08-14,Chesapeake,70-79,161,46,5
2020-08-14,"Western Tidewater",80+,191,34,45
2020-08-14,"Thomas Jefferson",19-Oct,173,2,0
2020-08-14,Richmond,40-49,531,40,4
2020-08-14,"Lord Fairfax",50-59,424,35,3
2020-08-14,"Lord Fairfax",19-Oct,199,3,0
2020-08-14,"Rappahannock Rapidan",19-Oct,183,4,0
2020-08-14,Crater,50-59,433,42,4
2020-08-14,Arlington,Missing,14,1,0
2020-08-14,Roanoke,50-59,121,3,0
2020-08-14,Rappahannock,19-Oct,404,3,0
2020-08-14,Roanoke,19-Oct,115,0,0
2020-08-14,"Eastern Shore",Missing,6,0,0
2020-08-14,"Mount Rogers",Missing,0,0,0
2020-08-14,"Prince William",60-69,953,187,49
2020-08-14,Alleghany,70-79,90,10,10
2020-08-14,Crater,20-29,429,9,0
2020-08-14,Loudoun,60-69,320,59,9
2020-08-14,Fairfax,0-9,623,24,0
2020-08-14,Roanoke,Missing,4,0,0
2020-08-14,Alexandria,20-29,552,11,1
2020-08-14,Portsmouth,70-79,98,22,7
2020-08-14,Alleghany,30-39,136,3,0
2020-08-14,"Prince William",20-29,2211,61,0
2020-08-14,Southside,70-79,83,15,16
2020-08-14,Piedmont,Missing,1,0,0
2020-08-14,Rappahannock,0-9,171,2,0
2020-08-14,Henrico,30-39,726,21,0
2020-08-14,"Prince William",19-Oct,1052,9,0
2020-08-14,Chickahominy,19-Oct,86,0,0
2020-08-14,"Lord Fairfax",0-9,83,2,0
2020-08-14,"Central Virginia",Missing,1,0,0
2020-08-14,Fairfax,60-69,1619,357,66
2020-08-14,Hampton,20-29,348,3,0
2020-08-14,"Central Shenandoah",40-49,468,16,0
2020-08-14,Pittsylvania-Danville,0-9,33,0,0
2020-08-14,Crater,30-39,465,9,0
2020-08-14,"Virginia Beach",70-79,233,59,16
2020-08-14,"Virginia Beach",30-39,1018,21,1
2020-08-14,Piedmont,0-9,31,0,0
2020-08-14,"Central Shenandoah",30-39,421,8,0
2020-08-14,Hampton,50-59,179,12,1
2020-08-14,Peninsula,70-79,168,47,15
2020-08-14,Arlington,20-29,670,22,0
2020-08-14,"West Piedmont",70-79,88,30,5
2020-08-14,Richmond,20-29,812,21,0
2020-08-14,Roanoke,0-9,42,0,0
2020-08-14,Hampton,30-39,241,3,0
2020-08-14,"Thomas Jefferson",30-39,374,12,0
2020-08-14,"Western Tidewater",40-49,320,9,3
2020-08-14,Richmond,50-59,389,71,2
2020-08-14,"Western Tidewater",50-59,387,21,4
2020-08-14,Crater,Missing,27,0,0
2020-08-14,Chesapeake,0-9,102,1,0
2020-08-14,Peninsula,50-59,390,24,3
2020-08-14,"Cumberland Plateau",Missing,0,0,0
2020-08-14,Peninsula,60-69,280,36,4
2020-08-14,"Lord Fairfax",30-39,423,13,1
2020-08-14,"Virginia Beach",Missing,130,0,0
2020-08-14,Arlington,40-49,512,53,8
2020-08-14,"West Piedmont",19-Oct,114,0,0
2020-08-14,Chickahominy,70-79,84,24,7
2020-08-14,Pittsylvania-Danville,20-29,135,0,0
2020-08-14,Loudoun,50-59,810,70,4
2020-08-14,Richmond,30-39,697,38,1
2020-08-14,"Thomas Jefferson",Missing,2,0,0
2020-08-14,"Rappahannock Rapidan",80+,40,18,9
2020-08-14,"Lord Fairfax",Missing,2,0,0
2020-08-14,"Cumberland Plateau",50-59,70,6,0
2020-08-14,Loudoun,Missing,66,0,1
2020-08-14,Southside,50-59,135,13,1
2020-08-14,Chesterfield,20-29,895,12,2
2020-08-14,Norfolk,70-79,153,40,10
2020-08-14,Alleghany,19-Oct,122,0,0
2020-08-14,Crater,80+,154,35,23
2020-08-14,Portsmouth,Missing,21,0,0
2020-08-14,"Western Tidewater",19-Oct,148,0,0
2020-08-14,Chesterfield,19-Oct,479,2,0
2020-08-14,Southside,60-69,104,17,6
2020-08-14,Chickahominy,50-59,182,25,1
2020-08-14,Alleghany,40-49,141,3,0
2020-08-14,"Prince William",50-59,1799,222,16
2020-08-14,"Mount Rogers",0-9,60,1,0
2020-08-14,"Eastern Shore",0-9,26,3,0
2020-08-14,"Thomas Jefferson",60-69,191,32,4
2020-08-14,Pittsylvania-Danville,70-79,54,15,1
2020-08-14,Chesterfield,80+,171,37,49
2020-08-14,Richmond,0-9,133,6,0
2020-08-14,Chesapeake,80+,142,41,24
2020-08-14,Peninsula,40-49,439,16,1
2020-08-14,Henrico,0-9,154,4,0
2020-08-14,Lenowisco,80+,18,5,0
2020-08-14,Piedmont,60-69,181,26,5
2020-08-14,"West Piedmont",0-9,36,1,0
2020-08-14,"Rappahannock Rapidan",70-79,56,14,8
2020-08-14,"Central Shenandoah",70-79,179,53,18
2020-08-14,Chesapeake,30-39,608,20,0
2020-08-14,Chickahominy,0-9,26,0,0
2020-08-14,"Prince William",0-9,494,12,0
2020-08-14,"Eastern Shore",50-59,288,23,5
2020-08-14,"Mount Rogers",50-59,225,16,3
2020-08-14,Loudoun,19-Oct,767,1,0
2020-08-14,Southside,80+,88,12,13
2020-08-14,"Central Virginia",80+,71,10,6
2020-08-14,Rappahannock,Missing,27,0,0
2020-08-14,"Rappahannock Rapidan",30-39,394,19,1
2020-08-14,"New River",50-59,74,6,0
2020-08-14,Richmond,80+,64,26,9
2020-08-14,"Mount Rogers",20-29,242,0,0
2020-08-14,"Eastern Shore",20-29,210,6,0
2020-08-14,Hampton,19-Oct,81,0,0
2020-08-14,Portsmouth,0-9,63,3,0
2020-08-14,Crater,70-79,198,46,23
2020-08-14,Chesterfield,40-49,835,34,3
2020-08-14,Alexandria,Missing,11,0,0
2020-08-14,Southside,30-39,163,4,0
2020-08-14,"Prince William",Missing,185,3,0
2020-08-14,Hampton,60-69,115,11,3
2020-08-14,Fairfax,20-29,2869,100,3
2020-08-14,"Thomas Jefferson",0-9,96,1,0
2020-08-14,Lenowisco,40-49,65,4,0
2020-08-14,"Central Virginia",19-Oct,166,2,0
2020-08-14,Lenowisco,70-79,51,16,5
2020-08-14,Chesterfield,0-9,193,2,0
2020-08-14,"Central Shenandoah",19-Oct,171,1,0
2020-08-14,Crater,0-9,51,2,0
2020-08-14,Fairfax,70-79,746,260,119
2020-08-14,Rappahannock,80+,136,48,25
2020-08-14,Alexandria,19-Oct,224,5,0
2020-08-14,Portsmouth,40-49,297,16,1
2020-08-14,"Three Rivers",50-59,169,12,0
2020-08-14,Alleghany,Missing,3,0,0
2020-08-14,Alexandria,30-39,696,34,0
2020-08-14,Southside,Missing,1,0,0
2020-08-14,Portsmouth,60-69,217,27,8
2020-08-14,Roanoke,30-39,229,3,0
2020-08-14,"Three Rivers",60-69,120,16,2
2020-08-14,Fairfax,50-59,2594,353,33
2020-08-14,Portsmouth,50-59,262,32,2
2020-08-14,Chickahominy,80+,89,38,29
2020-08-14,"Rappahannock Rapidan",50-59,307,32,2
2020-08-14,Fairfax,80+,862,322,304
2020-08-14,Hampton,Missing,28,0,0
2020-08-14,"Cumberland Plateau",80+,24,6,3
2020-08-14,Alleghany,50-59,148,10,1
2020-08-14,"Prince William",40-49,2415,181,8
2020-08-14,Fairfax,Missing,182,5,0
2020-08-14,"Virginia Beach",40-49,694,24,2
2020-08-14,Richmond,Missing,27,0,0
2020-08-14,Norfolk,40-49,461,23,2
2020-08-14,Piedmont,80+,62,24,19
2020-08-14,"Virginia Beach",60-69,469,58,5
2020-08-14,"West Piedmont",40-49,194,14,3
2020-08-14,Arlington,19-Oct,162,5,0
2020-08-14,Lenowisco,0-9,22,0,0
2020-08-14,Pittsylvania-Danville,50-59,184,21,0
2020-08-14,"Virginia Beach",50-59,614,33,1
2020-08-14,Chesapeake,Missing,41,1,0
2020-08-14,"Central Shenandoah",80+,153,40,22
2020-08-14,"Thomas Jefferson",40-49,304,20,0
2020-08-14,"Rappahannock Rapidan",60-69,168,22,5
2020-08-14,Norfolk,30-39,703,24,1
2020-08-14,"Rappahannock Rapidan",Missing,12,0,0
2020-08-14,"Lord Fairfax",80+,208,45,51
2020-08-14,"Three Rivers",19-Oct,61,1,0
2020-08-14,Piedmont,40-49,275,13,0
2020-08-14,Norfolk,80+,86,19,10
2020-08-14,Peninsula,20-29,833,1,0
2020-08-14,Norfolk,50-59,431,43,4
2020-08-14,"Thomas Jefferson",50-59,246,19,2
2020-08-14,Richmond,70-79,126,54,18
2020-08-14,Chesterfield,70-79,177,36,25
2020-08-14,Piedmont,30-39,314,5,0
2020-08-14,"Prince William",30-39,2230,106,2
2020-08-14,Alleghany,20-29,177,1,0
2020-08-14,Alleghany,0-9,31,0,0
2020-08-14,"Mount Rogers",40-49,214,6,2
2020-08-14,"Eastern Shore",40-49,260,13,2
2020-08-14,"Central Virginia",60-69,163,19,2
2020-08-14,Richmond,19-Oct,253,3,0
2020-08-14,Pittsylvania-Danville,60-69,128,21,2
2020-08-14,Pittsylvania-Danville,Missing,1,0,0
2020-08-14,Chesterfield,60-69,409,68,20
2020-08-14,Southside,19-Oct,27,0,0
2020-08-14,"New River",80+,16,5,3
2020-08-14,"Central Virginia",50-59,249,7,4
2020-08-14,Hampton,70-79,67,13,2
2020-08-14,Pittsylvania-Danville,19-Oct,70,0,0
2020-08-14,Richmond,60-69,276,68,7
2020-08-14,Chickahominy,40-49,136,14,1
2020-08-14,"Three Rivers",80+,49,11,6
2020-08-14,Rappahannock,30-39,702,26,0
2020-08-14,Norfolk,0-9,129,2,0
2020-08-14,"Cumberland Plateau",40-49,55,3,0
2020-08-14,"Eastern Shore",19-Oct,68,1,0
2020-08-14,"Mount Rogers",19-Oct,122,0,0
2020-08-14,"Rappahannock Rapidan",0-9,98,1,0
2020-08-14,"Three Rivers",0-9,27,1,0
2020-08-14,Henrico,40-49,601,39,2
2020-08-14,Alexandria,50-59,380,56,12
2020-08-14,Arlington,0-9,70,2,0
2020-08-14,Chickahominy,Missing,17,0,0
2020-08-14,"New River",20-29,183,0,0
2020-08-14,"Virginia Beach",20-29,1369,10,0
2020-08-14,Chesapeake,50-59,449,45,1
2020-08-14,Alleghany,80+,49,12,6
2020-08-14,Fairfax,19-Oct,1171,34,0
2020-08-14,Chesapeake,60-69,327,55,10
2020-08-14,"West Piedmont",Missing,0,0,0
2020-08-14,Peninsula,80+,105,30,22
2020-08-14,Crater,40-49,380,23,1
2020-08-14,Chesapeake,40-49,474,33,1
2020-08-14,"Thomas Jefferson",20-29,367,2,0
2020-08-14,"Lord Fairfax",20-29,429,7,0
2020-08-14,Norfolk,20-29,1282,16,0
2020-08-14,Arlington,30-39,596,43,0
2020-08-14,"West Piedmont",60-69,147,23,1
2020-08-14,Henrico,50-59,517,60,11
2020-08-14,"West Piedmont",50-59,219,34,3
2020-08-14,"Cumberland Plateau",20-29,55,0,0
2020-08-14,Alexandria,70-79,110,42,18
2020-08-14,Portsmouth,20-29,430,12,0
2020-08-14,"Western Tidewater",30-39,363,16,1
2020-08-14,"Central Shenandoah",0-9,87,0,0
2020-08-14,Henrico,80+,364,81,90
2020-08-14,Alexandria,0-9,172,2,0
2020-08-14,Pittsylvania-Danville,40-49,175,9,1
2020-08-14,Henrico,20-29,675,19,0
2020-08-14,Roanoke,60-69,75,5,1
2020-08-14,Peninsula,30-39,571,15,2
2020-08-14,Alleghany,60-69,94,10,1
2020-08-14,"Prince William",70-79,381,116,52
2020-08-14,Norfolk,60-69,368,53,6
2020-08-14,Southside,40-49,140,6,0
2020-08-14,Chesterfield,30-39,957,18,2
2020-08-14,Loudoun,70-79,174,56,19
2020-08-14,"Central Virginia",40-49,215,3,0
2020-08-14,"New River",Missing,6,0,0
2020-08-14,Chickahominy,20-29,167,3,0
2020-08-14,"New River",0-9,17,0,0
2020-08-14,"Cumberland Plateau",0-9,15,0,0
2020-08-14,"Three Rivers",70-79,64,12,7
2020-08-14,"Rappahannock Rapidan",40-49,367,23,2
2020-08-14,Hampton,0-9,31,0,0
2020-08-14,Piedmont,50-59,238,26,3
2020-08-14,Rappahannock,20-29,726,17,0
2020-08-14,"West Piedmont",20-29,189,4,0
2020-08-14,Arlington,70-79,185,73,32
2020-08-14,"Lord Fairfax",60-69,272,55,14
2020-08-14,"Western Tidewater",0-9,58,0,0
2020-08-14,Rappahannock,70-79,146,45,18
2020-08-14,"Prince William",80+,272,90,80
2020-08-14,Hampton,80+,27,3,1
2020-08-14,Alexandria,80+,102,31,27
2020-08-14,"Mount Rogers",60-69,185,24,2
2020-08-14,"Eastern Shore",60-69,197,31,8
2020-08-14,"Lord Fairfax",70-79,183,51,20
2020-08-14,"New River",30-39,91,3,0
2020-08-14,Chesapeake,19-Oct,229,2,0
2020-08-14,Hampton,40-49,192,7,0
2020-08-14,Peninsula,Missing,40,0,0
2020-08-14,Henrico,70-79,266,58,46
2020-08-14,"Western Tidewater",20-29,346,6,0
2020-08-14,Peninsula,0-9,117,0,0
2020-08-14,Loudoun,40-49,1025,65,1
2020-08-14,Pittsylvania-Danville,30-39,152,1,0
2020-08-14,Loudoun,20-29,919,11,0
2020-08-14,Crater,60-69,339,58,19
2020-08-14,Loudoun,80+,223,58,81
2020-08-14,Arlington,80+,206,85,70
2020-08-14,"Virginia Beach",19-Oct,388,0,0
2020-08-14,"Mount Rogers",80+,103,37,33
2020-08-14,"Eastern Shore",80+,52,24,19
2020-08-14,Crater,19-Oct,125,2,0
2020-08-14,Lenowisco,30-39,75,3,1
2020-08-14,Norfolk,Missing,39,1,0
2020-08-14,Henrico,Missing,44,1,1
2020-08-14,"New River",40-49,73,2,0
2020-08-14,"Central Virginia",0-9,44,0,0
2020-08-14,"New River",70-79,36,11,4
2020-08-14,Loudoun,0-9,208,4,0
2020-08-14,"Central Virginia",70-79,103,14,4
2020-08-14,Southside,0-9,10,0,0
2020-08-14,"Three Rivers",40-49,215,12,2
2020-08-14,Chickahominy,30-39,144,3,0
2020-08-14,"Central Shenandoah",60-69,348,51,15
2020-08-14,"Western Tidewater",60-69,292,23,8
2020-08-14,"Cumberland Plateau",30-39,50,2,0
2020-08-14,Portsmouth,19-Oct,165,0,0
2020-08-14,Chesterfield,Missing,121,1,0
2020-08-14,Alexandria,40-49,562,45,0
2020-08-14,"Thomas Jefferson",70-79,144,26,10
2020-08-14,"Three Rivers",30-39,232,7,0
2020-08-14,"Western Tidewater",70-79,175,28,20
2020-08-14,Arlington,60-69,322,83,19
2020-08-14,"Cumberland Plateau",19-Oct,50,1,0
2020-08-14,"West Piedmont",30-39,169,5,0
2020-08-14,Peninsula,19-Oct,195,1,0
2020-08-14,Lenowisco,19-Oct,49,0,0
2020-08-15,Chickahominy,50-59,186,25,1
2020-08-15,Alleghany,40-49,141,3,0
2020-08-15,"Prince William",50-59,1806,222,16
2020-08-15,"Mount Rogers",0-9,62,1,0
2020-08-15,"Eastern Shore",0-9,26,3,0
2020-08-15,"Thomas Jefferson",60-69,193,32,4
2020-08-15,Pittsylvania-Danville,70-79,55,16,1
2020-08-15,Chesterfield,80+,173,37,49
2020-08-15,Richmond,0-9,133,6,0
2020-08-15,Chesapeake,80+,142,41,24
2020-08-15,Peninsula,40-49,447,16,1
2020-08-15,Henrico,0-9,155,4,0
2020-08-15,Lenowisco,80+,20,5,0
2020-08-15,Piedmont,60-69,182,26,5
2020-08-15,"West Piedmont",0-9,36,1,0
2020-08-15,"Rappahannock Rapidan",70-79,56,14,8
2020-08-15,"Central Shenandoah",70-79,179,53,18
2020-08-15,Chesapeake,30-39,615,20,0
2020-08-15,Chickahominy,0-9,26,0,0
2020-08-15,"Prince William",0-9,497,12,0
2020-08-15,"Eastern Shore",50-59,290,23,5
2020-08-15,"Mount Rogers",50-59,229,16,3
2020-08-15,Loudoun,19-Oct,769,1,0
2020-08-15,Southside,80+,88,12,13
2020-08-15,"Central Virginia",80+,72,10,6
2020-08-15,Rappahannock,Missing,27,0,0
2020-08-15,"Rappahannock Rapidan",30-39,397,19,1
2020-08-15,"New River",50-59,75,6,0
2020-08-15,Richmond,80+,66,26,9
2020-08-15,"Mount Rogers",20-29,250,0,0
2020-08-15,"Eastern Shore",20-29,210,6,0
2020-08-15,Hampton,19-Oct,80,0,0
2020-08-15,Portsmouth,0-9,63,3,0
2020-08-15,Crater,70-79,198,46,23
2020-08-15,Chesterfield,40-49,846,34,3
2020-08-15,Alexandria,Missing,11,0,0
2020-08-15,Southside,30-39,164,4,0
2020-08-15,"Prince William",Missing,186,3,0
2020-08-15,Hampton,60-69,116,11,3
2020-08-15,Fairfax,20-29,2883,100,3
2020-08-15,"Thomas Jefferson",0-9,96,1,0
2020-08-15,Lenowisco,40-49,69,5,0
2020-08-15,"Central Virginia",19-Oct,173,2,0
2020-08-15,Lenowisco,70-79,56,17,6
2020-08-15,Arlington,50-59,443,70,6
2020-08-15,Piedmont,70-79,91,28,8
2020-08-15,Alexandria,60-69,245,56,3
2020-08-15,Portsmouth,30-39,355,14,1
2020-08-15,Lenowisco,20-29,61,0,0
2020-08-15,"Central Virginia",30-39,222,8,0
2020-08-15,Norfolk,19-Oct,249,2,0
2020-08-15,"New River",19-Oct,73,0,0
2020-08-15,"Central Virginia",20-29,399,3,0
2020-08-15,Rappahannock,50-59,592,64,5
2020-08-15,Rappahannock,60-69,299,59,8
2020-08-15,Piedmont,20-29,279,3,0
2020-08-15,"New River",60-69,40,6,1
2020-08-15,Roanoke,40-49,153,4,0
2020-08-15,"Three Rivers",20-29,212,4,0
2020-08-15,Rappahannock,40-49,657,49,2
2020-08-15,Portsmouth,80+,47,9,6
2020-08-15,"Central Shenandoah",Missing,2,0,0
2020-08-15,"Eastern Shore",70-79,59,22,12
2020-08-15,"Mount Rogers",70-79,136,45,18
2020-08-15,"Cumberland Plateau",70-79,30,3,0
2020-08-15,Piedmont,19-Oct,53,0,0
2020-08-15,Southside,20-29,117,2,0
2020-08-15,Chesterfield,50-59,673,57,5
2020-08-15,"Rappahannock Rapidan",20-29,382,6,0
2020-08-15,"Cumberland Plateau",60-69,51,10,2
2020-08-15,Roanoke,70-79,26,5,2
2020-08-15,"Central Shenandoah",20-29,574,11,0
2020-08-15,Pittsylvania-Danville,80+,62,13,6
2020-08-15,"Virginia Beach",80+,201,57,30
2020-08-15,"Central Shenandoah",50-59,482,41,5
2020-08-15,Lenowisco,Missing,0,0,0
2020-08-15,Fairfax,30-39,3265,214,7
2020-08-15,Lenowisco,60-69,73,10,2
2020-08-15,Loudoun,30-39,940,34,0
2020-08-15,"West Piedmont",80+,95,42,5
2020-08-15,Roanoke,80+,52,4,12
2020-08-15,Fairfax,40-49,3059,313,12
2020-08-15,"Thomas Jefferson",80+,170,35,28
2020-08-15,Roanoke,20-29,236,5,0
2020-08-15,Henrico,60-69,381,62,37
2020-08-15,"Lord Fairfax",40-49,402,20,1
2020-08-15,"Western Tidewater",Missing,21,0,0
2020-08-15,Chickahominy,60-69,115,26,8
2020-08-15,Chesapeake,20-29,629,6,0
2020-08-15,"Three Rivers",Missing,10,1,0
2020-08-15,Henrico,19-Oct,315,5,0
2020-08-15,"Mount Rogers",30-39,221,8,0
2020-08-15,"Eastern Shore",30-39,248,11,0
2020-08-15,Chesterfield,0-9,194,2,0
2020-08-15,"Central Shenandoah",19-Oct,171,1,0
2020-08-15,Crater,0-9,51,2,0
2020-08-15,Fairfax,70-79,749,262,119
2020-08-15,Rappahannock,80+,142,48,25
2020-08-15,Alexandria,19-Oct,226,5,0
2020-08-15,Portsmouth,40-49,295,16,1
2020-08-15,"Three Rivers",50-59,169,12,0
2020-08-15,Alleghany,Missing,3,0,0
2020-08-15,Alexandria,30-39,701,34,0
2020-08-15,Southside,Missing,1,0,0
2020-08-15,Portsmouth,60-69,224,28,8
2020-08-15,Roanoke,30-39,229,4,0
2020-08-15,"Three Rivers",60-69,120,16,2
2020-08-15,Fairfax,50-59,2611,354,34
2020-08-15,Portsmouth,50-59,265,32,2
2020-08-15,Chickahominy,80+,89,38,29
2020-08-15,"Rappahannock Rapidan",50-59,310,32,2
2020-08-15,Fairfax,80+,862,322,304
2020-08-15,Hampton,Missing,28,0,0
2020-08-15,"Cumberland Plateau",80+,24,7,3
2020-08-15,Alleghany,50-59,149,10,1
2020-08-15,"Prince William",40-49,2427,181,8
2020-08-15,Fairfax,Missing,180,6,0
2020-08-15,"Virginia Beach",40-49,699,24,2
2020-08-15,Richmond,Missing,26,0,0
2020-08-15,Norfolk,40-49,465,24,2
2020-08-15,Piedmont,80+,62,24,19
2020-08-15,"Virginia Beach",60-69,474,59,5
2020-08-15,"West Piedmont",40-49,199,14,3
2020-08-15,Arlington,19-Oct,162,5,0
2020-08-15,Lenowisco,0-9,23,0,0
2020-08-15,Pittsylvania-Danville,50-59,185,21,0
2020-08-15,"Virginia Beach",50-59,617,33,1
2020-08-15,Chesapeake,Missing,41,1,0
2020-08-15,"Central Shenandoah",80+,154,40,22
2020-08-15,"Thomas Jefferson",40-49,308,20,0
2020-08-15,"Rappahannock Rapidan",60-69,168,22,5
2020-08-15,Norfolk,30-39,709,26,1
2020-08-15,"Rappahannock Rapidan",Missing,12,0,0
2020-08-15,"Lord Fairfax",80+,208,45,52
2020-08-15,"Three Rivers",19-Oct,63,1,0
2020-08-15,Piedmont,40-49,277,13,0
2020-08-15,Norfolk,80+,89,19,10
2020-08-15,Peninsula,20-29,841,1,0
2020-08-15,Norfolk,50-59,438,43,4
2020-08-15,"Thomas Jefferson",50-59,248,19,2
2020-08-15,Richmond,70-79,131,54,19
2020-08-15,Chesterfield,70-79,177,36,25
2020-08-15,Piedmont,30-39,319,5,0
2020-08-15,"Prince William",30-39,2238,106,2
2020-08-15,Alleghany,20-29,178,1,0
2020-08-15,Alleghany,0-9,31,0,0
2020-08-15,"Mount Rogers",40-49,216,6,2
2020-08-15,"Eastern Shore",40-49,260,13,2
2020-08-15,"Central Virginia",60-69,169,19,2
2020-08-15,Richmond,19-Oct,254,3,0
2020-08-15,Pittsylvania-Danville,60-69,132,21,2
2020-08-15,Pittsylvania-Danville,Missing,1,0,0
2020-08-15,Chesterfield,60-69,413,68,20
2020-08-15,Southside,19-Oct,27,0,0
2020-08-15,"New River",80+,16,5,3
2020-08-15,"Central Virginia",50-59,259,7,4
2020-08-15,Hampton,70-79,67,13,3
2020-08-15,Pittsylvania-Danville,19-Oct,71,0,0
2020-08-15,Richmond,60-69,282,68,7
2020-08-15,Chickahominy,40-49,137,14,1
2020-08-15,"Three Rivers",80+,50,11,6
2020-08-15,Rappahannock,30-39,707,26,0
2020-08-15,Chesapeake,0-9,102,1,0
2020-08-15,Peninsula,50-59,392,24,3
2020-08-15,"Cumberland Plateau",Missing,0,0,0
2020-08-15,Peninsula,60-69,279,36,4
2020-08-15,"Lord Fairfax",30-39,427,13,1
2020-08-15,"Virginia Beach",Missing,130,0,0
2020-08-15,Arlington,40-49,516,53,8
2020-08-15,"West Piedmont",19-Oct,114,0,0
2020-08-15,Chickahominy,70-79,84,24,7
2020-08-15,Pittsylvania-Danville,20-29,136,0,0
2020-08-15,Loudoun,50-59,815,70,4
2020-08-15,Richmond,30-39,702,38,1
2020-08-15,"Thomas Jefferson",Missing,2,0,0
2020-08-15,"Rappahannock Rapidan",80+,40,18,9
2020-08-15,"Lord Fairfax",Missing,2,0,0
2020-08-15,"Cumberland Plateau",50-59,73,7,0
2020-08-15,Loudoun,Missing,66,0,1
2020-08-15,Southside,50-59,135,13,1
2020-08-15,Chesterfield,20-29,909,12,2
2020-08-15,Norfolk,70-79,152,42,11
2020-08-15,Alleghany,19-Oct,122,0,0
2020-08-15,Crater,80+,154,35,23
2020-08-15,Portsmouth,Missing,21,0,0
2020-08-15,"Western Tidewater",19-Oct,148,0,0
2020-08-15,Chesterfield,19-Oct,486,2,0
2020-08-15,Southside,60-69,104,17,6
2020-08-15,Norfolk,0-9,132,2,0
2020-08-15,"Cumberland Plateau",40-49,58,3,0
2020-08-15,"Eastern Shore",19-Oct,68,1,0
2020-08-15,"Mount Rogers",19-Oct,125,0,0
2020-08-15,"Rappahannock Rapidan",0-9,99,1,0
2020-08-15,"Three Rivers",0-9,27,1,0
2020-08-15,Henrico,40-49,603,39,2
2020-08-15,Alexandria,50-59,389,56,12
2020-08-15,Arlington,0-9,71,2,0
2020-08-15,Chickahominy,Missing,17,0,0
2020-08-15,"New River",20-29,186,0,0
2020-08-15,"Virginia Beach",20-29,1383,10,0
2020-08-15,Chesapeake,50-59,457,45,1
2020-08-15,Alleghany,80+,48,12,6
2020-08-15,Fairfax,19-Oct,1183,34,0
2020-08-15,Chesapeake,60-69,331,56,10
2020-08-15,"West Piedmont",Missing,0,0,0
2020-08-15,Peninsula,80+,106,30,22
2020-08-15,Crater,40-49,386,23,1
2020-08-15,Chesapeake,40-49,479,34,1
2020-08-15,"Thomas Jefferson",20-29,373,2,0
2020-08-15,"Lord Fairfax",20-29,432,7,0
2020-08-15,Norfolk,20-29,1298,16,0
2020-08-15,Arlington,30-39,598,43,0
2020-08-15,"West Piedmont",60-69,150,23,1
2020-08-15,Henrico,50-59,523,60,11
2020-08-15,"West Piedmont",50-59,227,35,3
2020-08-15,"Cumberland Plateau",20-29,56,0,0
2020-08-15,Alexandria,70-79,111,42,18
2020-08-15,Portsmouth,20-29,431,13,0
2020-08-15,"Western Tidewater",30-39,371,16,1
2020-08-15,"Central Shenandoah",0-9,88,0,0
2020-08-15,Henrico,80+,366,82,90
2020-08-15,Alexandria,0-9,172,2,0
2020-08-15,Pittsylvania-Danville,40-49,179,9,1
2020-08-15,Henrico,20-29,682,19,0
2020-08-15,Roanoke,60-69,76,5,1
2020-08-15,Peninsula,30-39,582,15,2
2020-08-15,Alleghany,60-69,94,11,1
2020-08-15,"Prince William",70-79,382,116,52
2020-08-15,Norfolk,60-69,373,54,6
2020-08-15,Southside,40-49,141,6,0
2020-08-15,Chesterfield,30-39,970,18,2
2020-08-15,Loudoun,70-79,176,56,19
2020-08-15,"Central Virginia",40-49,223,3,0
2020-08-15,"New River",Missing,6,0,0
2020-08-15,Chickahominy,20-29,169,3,0
2020-08-15,"New River",0-9,17,0,0
2020-08-15,"Cumberland Plateau",0-9,15,0,0
2020-08-15,"Three Rivers",70-79,65,12,7
2020-08-15,"Rappahannock Rapidan",40-49,368,23,2
2020-08-15,Hampton,0-9,32,0,0
2020-08-15,Piedmont,50-59,238,26,3
2020-08-15,Rappahannock,20-29,738,17,0
2020-08-15,"West Piedmont",20-29,191,4,0
2020-08-15,Arlington,70-79,185,73,32
2020-08-15,"Virginia Beach",0-9,165,0,0
2020-08-15,Lenowisco,50-59,74,8,1
2020-08-15,Chesapeake,70-79,165,47,5
2020-08-15,"Western Tidewater",80+,191,34,45
2020-08-15,"Thomas Jefferson",19-Oct,177,2,0
2020-08-15,Richmond,40-49,534,40,4
2020-08-15,"Lord Fairfax",50-59,427,35,4
2020-08-15,"Lord Fairfax",19-Oct,203,3,0
2020-08-15,"Rappahannock Rapidan",19-Oct,183,4,0
2020-08-15,Crater,50-59,437,44,4
2020-08-15,Arlington,Missing,14,1,0
2020-08-15,Roanoke,50-59,121,3,0
2020-08-15,Rappahannock,19-Oct,409,3,0
2020-08-15,Roanoke,19-Oct,117,0,0
2020-08-15,"Eastern Shore",Missing,6,0,0
2020-08-15,"Mount Rogers",Missing,0,0,0
2020-08-15,"Prince William",60-69,961,187,49
2020-08-15,Alleghany,70-79,90,11,10
2020-08-15,Crater,20-29,443,9,0
2020-08-15,Loudoun,60-69,322,61,9
2020-08-15,Fairfax,0-9,629,24,0
2020-08-15,Roanoke,Missing,4,0,0
2020-08-15,Alexandria,20-29,560,11,1
2020-08-15,Portsmouth,70-79,98,22,7
2020-08-15,Alleghany,30-39,135,3,0
2020-08-15,"Prince William",20-29,2226,62,0
2020-08-15,Southside,70-79,85,15,16
2020-08-15,Piedmont,Missing,1,0,0
2020-08-15,Rappahannock,0-9,174,2,0
2020-08-15,Henrico,30-39,731,21,0
2020-08-15,"Prince William",19-Oct,1056,9,0
2020-08-15,Chickahominy,19-Oct,86,0,0
2020-08-15,"Lord Fairfax",0-9,83,2,0
2020-08-15,"Central Virginia",Missing,1,0,0
2020-08-15,Fairfax,60-69,1621,358,67
2020-08-15,Hampton,20-29,354,3,0
2020-08-15,"Central Shenandoah",40-49,472,16,0
2020-08-15,Pittsylvania-Danville,0-9,34,0,0
2020-08-15,Crater,30-39,467,9,0
2020-08-15,"Virginia Beach",70-79,234,61,16
2020-08-15,"Virginia Beach",30-39,1026,21,1
2020-08-15,Piedmont,0-9,31,0,0
2020-08-15,"Central Shenandoah",30-39,423,8,0
2020-08-15,Hampton,50-59,182,12,1
2020-08-15,Peninsula,70-79,172,47,15
2020-08-15,Arlington,20-29,679,22,0
2020-08-15,"West Piedmont",70-79,88,31,6
2020-08-15,Richmond,20-29,820,21,0
2020-08-15,Roanoke,0-9,42,0,0
2020-08-15,Hampton,30-39,241,3,0
2020-08-15,"Thomas Jefferson",30-39,378,13,0
2020-08-15,"Western Tidewater",40-49,323,9,3
2020-08-15,Richmond,50-59,391,71,2
2020-08-15,"Western Tidewater",50-59,393,21,4
2020-08-15,Crater,Missing,27,0,0
2020-08-15,"Lord Fairfax",60-69,272,55,14
2020-08-15,"Western Tidewater",0-9,61,0,0
2020-08-15,Rappahannock,70-79,147,45,18
2020-08-15,"Prince William",80+,271,90,80
2020-08-15,Hampton,80+,27,4,2
2020-08-15,Alexandria,80+,106,32,27
2020-08-15,"Mount Rogers",60-69,186,24,2
2020-08-15,"Eastern Shore",60-69,197,31,8
2020-08-15,"Lord Fairfax",70-79,183,51,20
2020-08-15,"New River",30-39,90,3,0
2020-08-15,Chesapeake,19-Oct,236,2,0
2020-08-15,Hampton,40-49,194,7,0
2020-08-15,Peninsula,Missing,41,0,0
2020-08-15,Henrico,70-79,268,58,46
2020-08-15,"Western Tidewater",20-29,354,6,0
2020-08-15,Peninsula,0-9,117,0,0
2020-08-15,Loudoun,40-49,1029,65,1
2020-08-15,Pittsylvania-Danville,30-39,156,1,0
2020-08-15,Loudoun,20-29,928,11,0
2020-08-15,Crater,60-69,340,58,19
2020-08-15,Loudoun,80+,223,58,81
2020-08-15,Arlington,80+,206,85,70
2020-08-15,"Virginia Beach",19-Oct,393,0,0
2020-08-15,"Mount Rogers",80+,104,38,33
2020-08-15,"Eastern Shore",80+,54,25,19
2020-08-15,Crater,19-Oct,130,2,0
2020-08-15,Lenowisco,30-39,80,3,1
2020-08-15,Norfolk,Missing,39,1,0
2020-08-15,Henrico,Missing,44,1,1
2020-08-15,"New River",40-49,76,2,0
2020-08-15,"Central Virginia",0-9,45,0,0
2020-08-15,"New River",70-79,38,11,4
2020-08-15,Loudoun,0-9,214,4,0
2020-08-15,"Central Virginia",70-79,105,14,5
2020-08-15,Southside,0-9,10,0,0
2020-08-15,"Three Rivers",40-49,217,12,2
2020-08-15,Chickahominy,30-39,145,3,0
2020-08-15,"Central Shenandoah",60-69,351,51,15
2020-08-15,"Western Tidewater",60-69,295,23,8
2020-08-15,"Cumberland Plateau",30-39,51,2,0
2020-08-15,Portsmouth,19-Oct,165,0,0
2020-08-15,Chesterfield,Missing,121,1,0
2020-08-15,Alexandria,40-49,561,45,0
2020-08-15,"Thomas Jefferson",70-79,144,26,10
2020-08-15,"Three Rivers",30-39,234,7,0
2020-08-15,"Western Tidewater",70-79,179,29,20
2020-08-15,Arlington,60-69,322,83,19
2020-08-15,"Cumberland Plateau",19-Oct,52,1,0
2020-08-15,"West Piedmont",30-39,170,5,0
2020-08-15,Peninsula,19-Oct,198,1,0
2020-08-15,Lenowisco,19-Oct,54,0,0
2020-08-16,Crater,Missing,27,0,0
2020-08-16,Arlington,50-59,446,70,6
2020-08-16,Piedmont,70-79,91,28,8
2020-08-16,Alexandria,60-69,246,56,3
2020-08-16,Portsmouth,30-39,356,14,1
2020-08-16,Lenowisco,20-29,63,0,0
2020-08-16,"Central Virginia",30-39,230,8,0
2020-08-16,Norfolk,19-Oct,252,2,0
2020-08-16,"New River",19-Oct,74,0,0
2020-08-16,"Central Virginia",20-29,410,3,0
2020-08-16,Rappahannock,50-59,595,64,5
2020-08-16,Rappahannock,60-69,303,59,8
2020-08-16,Piedmont,20-29,282,3,0
2020-08-16,"New River",60-69,41,6,1
2020-08-16,Roanoke,40-49,155,4,0
2020-08-16,"Three Rivers",20-29,213,4,0
2020-08-16,Rappahannock,40-49,663,50,2
2020-08-16,Portsmouth,80+,47,9,6
2020-08-16,"Central Shenandoah",Missing,2,0,0
2020-08-16,"Eastern Shore",70-79,59,22,12
2020-08-16,"Mount Rogers",70-79,139,47,18
2020-08-16,"Cumberland Plateau",70-79,31,3,0
2020-08-16,Piedmont,19-Oct,53,0,0
2020-08-16,Southside,20-29,118,2,0
2020-08-16,Chesterfield,50-59,677,57,5
2020-08-16,"Rappahannock Rapidan",20-29,386,6,0
2020-08-16,"Cumberland Plateau",60-69,53,10,2
2020-08-16,Roanoke,70-79,27,5,2
2020-08-16,"Central Shenandoah",20-29,577,11,0
2020-08-16,Pittsylvania-Danville,80+,62,13,6
2020-08-16,"Virginia Beach",80+,202,57,30
2020-08-16,"Central Shenandoah",50-59,485,41,5
2020-08-16,Lenowisco,Missing,0,0,0
2020-08-16,Fairfax,30-39,3281,214,7
2020-08-16,Lenowisco,60-69,75,10,2
2020-08-16,Loudoun,30-39,945,34,0
2020-08-16,"West Piedmont",80+,95,42,5
2020-08-16,Roanoke,80+,52,4,12
2020-08-16,Fairfax,40-49,3079,314,12
2020-08-16,"Thomas Jefferson",80+,171,35,28
2020-08-16,Roanoke,20-29,238,5,0
2020-08-16,Henrico,60-69,381,62,37
2020-08-16,"Lord Fairfax",40-49,404,20,1
2020-08-16,"Western Tidewater",Missing,21,0,0
2020-08-16,Chickahominy,60-69,116,26,8
2020-08-16,Chesapeake,20-29,640,6,0
2020-08-16,"Three Rivers",Missing,10,1,0
2020-08-16,"West Piedmont",20-29,191,4,0
2020-08-16,Arlington,70-79,185,73,32
2020-08-16,Chickahominy,50-59,190,25,1
2020-08-16,Alleghany,40-49,141,3,0
2020-08-16,"Prince William",50-59,1817,222,16
2020-08-16,"Mount Rogers",0-9,63,1,0
2020-08-16,"Eastern Shore",0-9,26,3,0
2020-08-16,"Thomas Jefferson",60-69,197,33,4
2020-08-16,Pittsylvania-Danville,70-79,55,17,1
2020-08-16,Chesterfield,80+,173,37,49
2020-08-16,Richmond,0-9,134,6,0
2020-08-16,Chesapeake,80+,145,42,24
2020-08-16,Peninsula,40-49,455,16,1
2020-08-16,Henrico,0-9,155,4,0
2020-08-16,Lenowisco,80+,21,5,0
2020-08-16,Piedmont,60-69,182,26,5
2020-08-16,"West Piedmont",0-9,36,1,0
2020-08-16,"Rappahannock Rapidan",70-79,57,14,8
2020-08-16,"Central Shenandoah",70-79,181,53,18
2020-08-16,Chesapeake,30-39,630,21,0
2020-08-16,Chickahominy,0-9,27,0,0
2020-08-16,"Prince William",0-9,506,12,0
2020-08-16,"Eastern Shore",50-59,291,23,5
2020-08-16,"Mount Rogers",50-59,236,17,3
2020-08-16,Loudoun,19-Oct,772,1,0
2020-08-16,Southside,80+,88,12,13
2020-08-16,"Central Virginia",80+,74,11,6
2020-08-16,Rappahannock,Missing,27,0,0
2020-08-16,"Rappahannock Rapidan",30-39,399,19,1
2020-08-16,"New River",50-59,76,6,0
2020-08-16,Richmond,80+,69,26,9
2020-08-16,"Mount Rogers",20-29,254,0,0
2020-08-16,"Eastern Shore",20-29,211,6,0
2020-08-16,Hampton,19-Oct,82,0,0
2020-08-16,Portsmouth,0-9,63,3,0
2020-08-16,Crater,70-79,198,46,23
2020-08-16,Chesterfield,40-49,849,34,3
2020-08-16,Alexandria,Missing,11,0,0
2020-08-16,Southside,30-39,164,4,0
2020-08-16,"Prince William",Missing,186,3,0
2020-08-16,Hampton,60-69,118,11,3
2020-08-16,Fairfax,20-29,2913,100,3
2020-08-16,"Thomas Jefferson",0-9,97,1,0
2020-08-16,Lenowisco,40-49,73,5,0
2020-08-16,"Central Virginia",19-Oct,179,2,0
2020-08-16,Lenowisco,70-79,57,17,6
2020-08-16,Henrico,19-Oct,319,5,0
2020-08-16,"Mount Rogers",30-39,223,10,0
2020-08-16,"Eastern Shore",30-39,248,11,0
2020-08-16,Chesterfield,0-9,195,2,0
2020-08-16,"Central Shenandoah",19-Oct,174,1,0
2020-08-16,Crater,0-9,52,2,0
2020-08-16,Fairfax,70-79,750,262,119
2020-08-16,Rappahannock,80+,143,48,25
2020-08-16,Alexandria,19-Oct,227,5,0
2020-08-16,Portsmouth,40-49,295,16,1
2020-08-16,"Three Rivers",50-59,169,12,0
2020-08-16,Alleghany,Missing,3,0,0
2020-08-16,Alexandria,30-39,709,34,0
2020-08-16,Southside,Missing,1,0,0
2020-08-16,Portsmouth,60-69,224,28,8
2020-08-16,Roanoke,30-39,229,4,0
2020-08-16,"Three Rivers",60-69,120,16,2
2020-08-16,Fairfax,50-59,2634,354,34
2020-08-16,Portsmouth,50-59,265,32,2
2020-08-16,Chickahominy,80+,89,38,29
2020-08-16,"Rappahannock Rapidan",50-59,312,32,2
2020-08-16,Fairfax,80+,863,322,304
2020-08-16,Hampton,Missing,28,0,0
2020-08-16,"Cumberland Plateau",80+,26,7,3
2020-08-16,Alleghany,50-59,149,10,1
2020-08-16,"Prince William",40-49,2440,181,8
2020-08-16,Fairfax,Missing,180,6,0
2020-08-16,"Virginia Beach",40-49,704,24,2
2020-08-16,Richmond,Missing,27,0,0
2020-08-16,Norfolk,40-49,470,25,2
2020-08-16,Piedmont,80+,62,24,19
2020-08-16,"Virginia Beach",60-69,479,59,5
2020-08-16,"West Piedmont",40-49,199,14,3
2020-08-16,Arlington,19-Oct,166,5,0
2020-08-16,Lenowisco,0-9,24,0,0
2020-08-16,Pittsylvania-Danville,50-59,192,21,0
2020-08-16,"Virginia Beach",50-59,626,33,1
2020-08-16,Chesapeake,Missing,41,1,0
2020-08-16,"Central Shenandoah",80+,157,40,22
2020-08-16,"Thomas Jefferson",40-49,310,20,0
2020-08-16,"Rappahannock Rapidan",60-69,169,22,5
2020-08-16,Norfolk,30-39,714,26,1
2020-08-16,"Rappahannock Rapidan",Missing,12,0,0
2020-08-16,"Lord Fairfax",80+,209,45,52
2020-08-16,"Three Rivers",19-Oct,63,1,0
2020-08-16,Piedmont,40-49,279,13,0
2020-08-16,Norfolk,80+,91,19,10
2020-08-16,Peninsula,20-29,845,1,0
2020-08-16,Norfolk,50-59,445,46,4
2020-08-16,"Thomas Jefferson",50-59,251,19,2
2020-08-16,Richmond,70-79,132,55,19
2020-08-16,Chesterfield,70-79,177,36,25
2020-08-16,Piedmont,30-39,319,5,0
2020-08-16,"Prince William",30-39,2245,106,2
2020-08-16,Alleghany,20-29,178,1,0
2020-08-16,Alleghany,0-9,30,0,0
2020-08-16,"Mount Rogers",40-49,220,6,2
2020-08-16,"Eastern Shore",40-49,260,13,2
2020-08-16,"Central Virginia",60-69,171,19,2
2020-08-16,Richmond,19-Oct,254,3,0
2020-08-16,Pittsylvania-Danville,60-69,137,21,2
2020-08-16,Pittsylvania-Danville,Missing,1,0,0
2020-08-16,Chesterfield,60-69,418,68,20
2020-08-16,Southside,19-Oct,27,0,0
2020-08-16,"New River",80+,16,5,3
2020-08-16,"Central Virginia",50-59,273,7,4
2020-08-16,Hampton,70-79,67,13,3
2020-08-16,Pittsylvania-Danville,19-Oct,70,0,0
2020-08-16,Richmond,60-69,282,69,7
2020-08-16,"Virginia Beach",0-9,176,0,0
2020-08-16,Lenowisco,50-59,77,9,1
2020-08-16,Chesapeake,70-79,168,47,5
2020-08-16,"Western Tidewater",80+,193,34,45
2020-08-16,"Thomas Jefferson",19-Oct,180,2,0
2020-08-16,Richmond,40-49,536,40,4
2020-08-16,"Lord Fairfax",50-59,428,35,4
2020-08-16,"Lord Fairfax",19-Oct,203,3,0
2020-08-16,"Rappahannock Rapidan",19-Oct,184,4,0
2020-08-16,Crater,50-59,442,44,4
2020-08-16,Arlington,Missing,14,1,0
2020-08-16,Roanoke,50-59,122,3,0
2020-08-16,Rappahannock,19-Oct,412,3,0
2020-08-16,Roanoke,19-Oct,117,0,0
2020-08-16,"Eastern Shore",Missing,6,0,0
2020-08-16,"Mount Rogers",Missing,0,0,0
2020-08-16,"Prince William",60-69,969,189,49
2020-08-16,Alleghany,70-79,91,11,10
2020-08-16,Crater,20-29,446,9,0
2020-08-16,Loudoun,60-69,325,61,9
2020-08-16,Fairfax,0-9,633,24,0
2020-08-16,Roanoke,Missing,4,0,0
2020-08-16,Alexandria,20-29,564,11,1
2020-08-16,Portsmouth,70-79,98,22,7
2020-08-16,Alleghany,30-39,135,3,0
2020-08-16,"Prince William",20-29,2253,62,0
2020-08-16,Southside,70-79,86,15,16
2020-08-16,Piedmont,Missing,1,0,0
2020-08-16,Rappahannock,0-9,175,2,0
2020-08-16,Henrico,30-39,739,21,0
2020-08-16,"Prince William",19-Oct,1064,9,0
2020-08-16,Chickahominy,19-Oct,86,0,0
2020-08-16,"Lord Fairfax",0-9,83,2,0
2020-08-16,"Central Virginia",Missing,1,0,0
2020-08-16,Fairfax,60-69,1632,358,67
2020-08-16,Hampton,20-29,356,3,0
2020-08-16,"Central Shenandoah",40-49,475,16,0
2020-08-16,Pittsylvania-Danville,0-9,38,0,0
2020-08-16,Crater,30-39,471,9,0
2020-08-16,"Virginia Beach",70-79,235,62,16
2020-08-16,"Virginia Beach",30-39,1039,21,1
2020-08-16,Piedmont,0-9,31,0,0
2020-08-16,"Central Shenandoah",30-39,427,8,0
2020-08-16,Hampton,50-59,183,12,1
2020-08-16,Peninsula,70-79,172,47,15
2020-08-16,Arlington,20-29,694,22,0
2020-08-16,"West Piedmont",70-79,88,31,6
2020-08-16,Richmond,20-29,822,21,0
2020-08-16,Roanoke,0-9,43,0,0
2020-08-16,Hampton,30-39,247,3,0
2020-08-16,"Thomas Jefferson",30-39,383,13,0
2020-08-16,"Western Tidewater",40-49,326,9,3
2020-08-16,Richmond,50-59,392,73,2
2020-08-16,"Western Tidewater",50-59,398,21,4
2020-08-16,Lenowisco,19-Oct,54,0,0
2020-08-16,Chesapeake,0-9,102,1,0
2020-08-16,Peninsula,50-59,394,24,3
2020-08-16,"Cumberland Plateau",Missing,0,0,0
2020-08-16,Peninsula,60-69,280,36,4
2020-08-16,"Lord Fairfax",30-39,430,13,1
2020-08-16,"Virginia Beach",Missing,130,0,0
2020-08-16,Arlington,40-49,520,53,8
2020-08-16,"West Piedmont",19-Oct,114,0,0
2020-08-16,Chickahominy,70-79,84,24,7
2020-08-16,Pittsylvania-Danville,20-29,137,0,0
2020-08-16,Loudoun,50-59,821,70,4
2020-08-16,Richmond,30-39,706,39,1
2020-08-16,"Thomas Jefferson",Missing,2,0,0
2020-08-16,"Rappahannock Rapidan",80+,40,18,9
2020-08-16,"Lord Fairfax",Missing,2,0,0
2020-08-16,"Cumberland Plateau",50-59,73,7,0
2020-08-16,Loudoun,Missing,66,0,1
2020-08-16,Southside,50-59,135,13,1
2020-08-16,Chesterfield,20-29,916,12,2
2020-08-16,Norfolk,70-79,153,43,11
2020-08-16,Alleghany,19-Oct,122,0,0
2020-08-16,Crater,80+,154,35,23
2020-08-16,Portsmouth,Missing,21,0,0
2020-08-16,"Western Tidewater",19-Oct,154,0,0
2020-08-16,Chesterfield,19-Oct,488,2,0
2020-08-16,Southside,60-69,104,17,6
2020-08-16,Norfolk,0-9,136,2,0
2020-08-16,"Cumberland Plateau",40-49,59,3,0
2020-08-16,"Eastern Shore",19-Oct,69,1,0
2020-08-16,"Mount Rogers",19-Oct,129,0,0
2020-08-16,"Rappahannock Rapidan",0-9,100,1,0
2020-08-16,"Three Rivers",0-9,28,1,0
2020-08-16,Henrico,40-49,609,39,2
2020-08-16,Alexandria,50-59,392,57,12
2020-08-16,Arlington,0-9,72,2,0
2020-08-16,Chickahominy,Missing,17,0,0
2020-08-16,"New River",20-29,190,0,0
2020-08-16,"Virginia Beach",20-29,1405,10,0
2020-08-16,Chesapeake,50-59,465,45,1
2020-08-16,Alleghany,80+,48,12,6
2020-08-16,Fairfax,19-Oct,1195,34,0
2020-08-16,Chesapeake,60-69,336,57,10
2020-08-16,"West Piedmont",Missing,0,0,0
2020-08-16,Peninsula,80+,107,30,22
2020-08-16,Crater,40-49,388,23,1
2020-08-16,Chesapeake,40-49,489,35,1
2020-08-16,"Thomas Jefferson",20-29,378,3,0
2020-08-16,"Lord Fairfax",20-29,435,7,0
2020-08-16,Norfolk,20-29,1305,16,0
2020-08-16,Arlington,30-39,604,43,0
2020-08-16,"West Piedmont",60-69,150,23,1
2020-08-16,Henrico,50-59,531,61,11
2020-08-16,"West Piedmont",50-59,227,35,3
2020-08-16,"Cumberland Plateau",20-29,57,0,0
2020-08-16,Alexandria,70-79,112,42,18
2020-08-16,Portsmouth,20-29,431,13,0
2020-08-16,"Western Tidewater",30-39,375,16,1
2020-08-16,"Central Shenandoah",0-9,90,0,0
2020-08-16,Henrico,80+,370,82,90
2020-08-16,Alexandria,0-9,174,2,0
2020-08-16,Pittsylvania-Danville,40-49,180,9,1
2020-08-16,Henrico,20-29,690,19,0
2020-08-16,Roanoke,60-69,77,5,1
2020-08-16,Peninsula,30-39,592,15,2
2020-08-16,Alleghany,60-69,94,11,1
2020-08-16,"Prince William",70-79,383,116,52
2020-08-16,Norfolk,60-69,377,54,6
2020-08-16,Southside,40-49,142,6,0
2020-08-16,Chesterfield,30-39,980,18,2
2020-08-16,Loudoun,70-79,177,56,19
2020-08-16,"Central Virginia",40-49,228,3,0
2020-08-16,"New River",Missing,6,0,0
2020-08-16,Chickahominy,20-29,169,3,0
2020-08-16,"New River",0-9,17,0,0
2020-08-16,"Cumberland Plateau",0-9,15,0,0
2020-08-16,"Three Rivers",70-79,65,12,7
2020-08-16,"Rappahannock Rapidan",40-49,371,23,2
2020-08-16,Hampton,0-9,33,0,0
2020-08-16,Piedmont,50-59,239,26,3
2020-08-16,Rappahannock,20-29,748,17,0
2020-08-16,Chickahominy,40-49,137,14,1
2020-08-16,"Three Rivers",80+,50,12,6
2020-08-16,Rappahannock,30-39,713,26,0
2020-08-16,"Lord Fairfax",60-69,275,56,14
2020-08-16,"Western Tidewater",0-9,65,1,0
2020-08-16,Rappahannock,70-79,147,45,18
2020-08-16,"Prince William",80+,272,90,80
2020-08-16,Hampton,80+,27,4,2
2020-08-16,Alexandria,80+,106,32,27
2020-08-16,"Mount Rogers",60-69,191,24,2
2020-08-16,"Eastern Shore",60-69,198,31,8
2020-08-16,"Lord Fairfax",70-79,186,51,20
2020-08-16,"New River",30-39,89,3,0
2020-08-16,Chesapeake,19-Oct,242,2,0
2020-08-16,Hampton,40-49,196,7,0
2020-08-16,Peninsula,Missing,42,0,0
2020-08-16,Henrico,70-79,271,58,46
2020-08-16,"Western Tidewater",20-29,358,6,0
2020-08-16,Peninsula,0-9,118,0,0
2020-08-16,Loudoun,40-49,1036,65,1
2020-08-16,Pittsylvania-Danville,30-39,160,1,0
2020-08-16,Loudoun,20-29,932,11,0
2020-08-16,Crater,60-69,342,58,19
2020-08-16,Loudoun,80+,223,58,81
2020-08-16,Arlington,80+,206,85,70
2020-08-16,"Virginia Beach",19-Oct,398,0,0
2020-08-16,"Mount Rogers",80+,104,38,33
2020-08-16,"Eastern Shore",80+,54,25,19
2020-08-16,Crater,19-Oct,131,2,0
2020-08-16,Lenowisco,30-39,83,3,1
2020-08-16,Norfolk,Missing,39,1,0
2020-08-16,Henrico,Missing,44,1,1
2020-08-16,"New River",40-49,81,2,0
2020-08-16,"Central Virginia",0-9,47,0,0
2020-08-16,"New River",70-79,39,11,4
2020-08-16,Loudoun,0-9,214,4,0
2020-08-16,"Central Virginia",70-79,110,15,5
2020-08-16,Southside,0-9,10,0,0
2020-08-16,"Three Rivers",40-49,217,12,2
2020-08-16,Chickahominy,30-39,147,3,0
2020-08-16,"Central Shenandoah",60-69,353,51,15
2020-08-16,"Western Tidewater",60-69,297,23,8
2020-08-16,"Cumberland Plateau",30-39,51,2,0
2020-08-16,Portsmouth,19-Oct,165,0,0
2020-08-16,Chesterfield,Missing,121,1,0
2020-08-16,Alexandria,40-49,563,45,0
2020-08-16,"Thomas Jefferson",70-79,147,26,10
2020-08-16,"Three Rivers",30-39,234,7,0
2020-08-16,"Western Tidewater",70-79,182,30,20
2020-08-16,Arlington,60-69,322,83,19
2020-08-16,"Cumberland Plateau",19-Oct,52,1,0
2020-08-16,"West Piedmont",30-39,170,5,0
2020-08-16,Peninsula,19-Oct,203,1,0
2020-08-17,Norfolk,0-9,136,2,0
2020-08-17,"Cumberland Plateau",40-49,59,3,0
2020-08-17,"Eastern Shore",19-Oct,70,1,0
2020-08-17,"Mount Rogers",19-Oct,130,0,0
2020-08-17,"Rappahannock Rapidan",0-9,102,1,0
2020-08-17,"Three Rivers",0-9,28,1,0
2020-08-17,Henrico,40-49,614,39,2
2020-08-17,Alexandria,50-59,400,57,12
2020-08-17,Arlington,0-9,75,2,0
2020-08-17,Chickahominy,Missing,17,0,0
2020-08-17,"New River",20-29,190,0,0
2020-08-17,"Virginia Beach",20-29,1414,10,0
2020-08-17,Chesapeake,50-59,471,45,1
2020-08-17,Alleghany,80+,48,12,6
2020-08-17,Fairfax,19-Oct,1200,34,0
2020-08-17,Chesapeake,60-69,345,57,10
2020-08-17,"West Piedmont",Missing,0,0,0
2020-08-17,Peninsula,80+,107,30,22
2020-08-17,Crater,40-49,390,23,1
2020-08-17,Chesapeake,40-49,496,35,1
2020-08-17,"Thomas Jefferson",20-29,380,3,0
2020-08-17,"Lord Fairfax",20-29,436,7,0
2020-08-17,Norfolk,20-29,1310,16,0
2020-08-17,Arlington,30-39,606,43,0
2020-08-17,"West Piedmont",60-69,150,23,1
2020-08-17,Henrico,50-59,533,61,11
2020-08-17,"West Piedmont",50-59,228,35,3
2020-08-17,"Cumberland Plateau",20-29,58,0,0
2020-08-17,Alexandria,70-79,112,42,18
2020-08-17,Portsmouth,20-29,439,13,0
2020-08-17,"Western Tidewater",30-39,375,16,1
2020-08-17,"Central Shenandoah",0-9,92,0,0
2020-08-17,Henrico,80+,373,83,90
2020-08-17,Alexandria,0-9,174,2,0
2020-08-17,Pittsylvania-Danville,40-49,181,9,1
2020-08-17,Henrico,20-29,701,19,0
2020-08-17,Roanoke,60-69,78,5,1
2020-08-17,Peninsula,30-39,598,15,2
2020-08-17,Alleghany,60-69,96,11,1
2020-08-17,"Prince William",70-79,383,116,52
2020-08-17,Norfolk,60-69,378,54,6
2020-08-17,Southside,40-49,142,6,0
2020-08-17,Chesterfield,30-39,982,18,2
2020-08-17,Loudoun,70-79,177,56,19
2020-08-17,"Central Virginia",40-49,229,3,0
2020-08-17,"New River",Missing,7,0,0
2020-08-17,Chickahominy,20-29,169,3,0
2020-08-17,"New River",0-9,17,0,0
2020-08-17,"Cumberland Plateau",0-9,16,0,0
2020-08-17,"Three Rivers",70-79,65,12,7
2020-08-17,"Rappahannock Rapidan",40-49,372,23,2
2020-08-17,Hampton,0-9,33,0,0
2020-08-17,Piedmont,50-59,241,26,3
2020-08-17,Rappahannock,20-29,758,17,0
2020-08-17,Crater,Missing,27,0,0
2020-08-17,Arlington,50-59,449,70,6
2020-08-17,Piedmont,70-79,92,28,8
2020-08-17,Alexandria,60-69,247,56,3
2020-08-17,Portsmouth,30-39,357,14,1
2020-08-17,Lenowisco,20-29,65,0,0
2020-08-17,"Central Virginia",30-39,231,8,0
2020-08-17,Norfolk,19-Oct,253,2,0
2020-08-17,"New River",19-Oct,77,0,0
2020-08-17,"Central Virginia",20-29,410,3,0
2020-08-17,Rappahannock,50-59,597,64,5
2020-08-17,Rappahannock,60-69,305,60,8
2020-08-17,Piedmont,20-29,282,3,0
2020-08-17,"New River",60-69,44,6,1
2020-08-17,Roanoke,40-49,156,4,0
2020-08-17,"Three Rivers",20-29,215,4,0
2020-08-17,Rappahannock,40-49,669,50,2
2020-08-17,Portsmouth,80+,48,9,6
2020-08-17,"Central Shenandoah",Missing,2,0,0
2020-08-17,"Eastern Shore",70-79,59,22,12
2020-08-17,"Mount Rogers",70-79,145,47,18
2020-08-17,"Cumberland Plateau",70-79,32,3,0
2020-08-17,Piedmont,19-Oct,54,0,0
2020-08-17,Southside,20-29,118,2,0
2020-08-17,Chesterfield,50-59,677,57,5
2020-08-17,"Rappahannock Rapidan",20-29,388,6,0
2020-08-17,"Cumberland Plateau",60-69,53,10,2
2020-08-17,Roanoke,70-79,29,5,2
2020-08-17,"Central Shenandoah",20-29,580,11,0
2020-08-17,Pittsylvania-Danville,80+,63,13,7
2020-08-17,"Virginia Beach",80+,204,57,30
2020-08-17,"Central Shenandoah",50-59,488,41,5
2020-08-17,Lenowisco,Missing,0,0,0
2020-08-17,Fairfax,30-39,3298,214,7
2020-08-17,Lenowisco,60-69,76,10,2
2020-08-17,Loudoun,30-39,946,34,0
2020-08-17,"West Piedmont",80+,95,42,5
2020-08-17,Roanoke,80+,54,4,12
2020-08-17,Fairfax,40-49,3092,314,12
2020-08-17,"Thomas Jefferson",80+,172,35,28
2020-08-17,Roanoke,20-29,242,5,0
2020-08-17,Henrico,60-69,383,62,37
2020-08-17,"Lord Fairfax",40-49,404,20,1
2020-08-17,"Western Tidewater",Missing,21,0,0
2020-08-17,Chickahominy,60-69,116,26,8
2020-08-17,Chesapeake,20-29,644,6,0
2020-08-17,"Three Rivers",Missing,10,1,0
2020-08-17,Lenowisco,19-Oct,56,0,0
2020-08-17,Chesapeake,0-9,106,1,0
2020-08-17,Peninsula,50-59,395,24,3
2020-08-17,"Cumberland Plateau",Missing,0,0,0
2020-08-17,Peninsula,60-69,285,36,4
2020-08-17,"Lord Fairfax",30-39,431,13,1
2020-08-17,"Virginia Beach",Missing,130,0,0
2020-08-17,Arlington,40-49,524,53,8
2020-08-17,"West Piedmont",19-Oct,114,0,0
2020-08-17,Chickahominy,70-79,85,25,7
2020-08-17,Pittsylvania-Danville,20-29,138,0,0
2020-08-17,Loudoun,50-59,824,70,4
2020-08-17,Richmond,30-39,713,39,1
2020-08-17,"Thomas Jefferson",Missing,2,0,0
2020-08-17,"Rappahannock Rapidan",80+,40,18,9
2020-08-17,"Lord Fairfax",Missing,2,0,0
2020-08-17,"Cumberland Plateau",50-59,73,7,0
2020-08-17,Loudoun,Missing,66,0,1
2020-08-17,Southside,50-59,135,13,1
2020-08-17,Chesterfield,20-29,916,12,2
2020-08-17,Norfolk,70-79,155,43,11
2020-08-17,Alleghany,19-Oct,124,0,0
2020-08-17,Crater,80+,157,35,23
2020-08-17,Portsmouth,Missing,21,0,0
2020-08-17,"Western Tidewater",19-Oct,156,0,0
2020-08-17,Chesterfield,19-Oct,488,2,0
2020-08-17,Southside,60-69,105,17,6
2020-08-17,"Virginia Beach",0-9,179,0,0
2020-08-17,Lenowisco,50-59,79,9,1
2020-08-17,Chesapeake,70-79,170,47,5
2020-08-17,"Western Tidewater",80+,196,35,45
2020-08-17,"Thomas Jefferson",19-Oct,181,2,0
2020-08-17,Richmond,40-49,542,40,4
2020-08-17,"Lord Fairfax",50-59,428,35,4
2020-08-17,"Lord Fairfax",19-Oct,203,3,0
2020-08-17,"Rappahannock Rapidan",19-Oct,186,4,0
2020-08-17,Crater,50-59,444,46,4
2020-08-17,Arlington,Missing,14,1,0
2020-08-17,Roanoke,50-59,126,4,0
2020-08-17,Rappahannock,19-Oct,413,3,0
2020-08-17,Roanoke,19-Oct,119,0,0
2020-08-17,"Eastern Shore",Missing,6,0,0
2020-08-17,"Mount Rogers",Missing,0,0,0
2020-08-17,"Prince William",60-69,971,189,49
2020-08-17,Alleghany,70-79,91,11,10
2020-08-17,Crater,20-29,450,9,0
2020-08-17,Loudoun,60-69,325,61,9
2020-08-17,Fairfax,0-9,635,24,0
2020-08-17,Roanoke,Missing,3,0,0
2020-08-17,Alexandria,20-29,565,11,1
2020-08-17,Portsmouth,70-79,100,22,7
2020-08-17,Alleghany,30-39,139,4,0
2020-08-17,"Prince William",20-29,2267,62,0
2020-08-17,Southside,70-79,87,15,16
2020-08-17,Piedmont,Missing,1,0,0
2020-08-17,Rappahannock,0-9,175,2,0
2020-08-17,Henrico,30-39,744,21,0
2020-08-17,"Prince William",19-Oct,1072,9,0
2020-08-17,Chickahominy,19-Oct,86,0,0
2020-08-17,"Lord Fairfax",0-9,83,2,0
2020-08-17,"Central Virginia",Missing,1,0,0
2020-08-17,Fairfax,60-69,1637,358,68
2020-08-17,Hampton,20-29,357,3,0
2020-08-17,"Central Shenandoah",40-49,484,17,0
2020-08-17,Pittsylvania-Danville,0-9,39,0,0
2020-08-17,Crater,30-39,473,9,0
2020-08-17,"Virginia Beach",70-79,236,63,16
2020-08-17,"Virginia Beach",30-39,1049,21,1
2020-08-17,Piedmont,0-9,31,0,0
2020-08-17,"Central Shenandoah",30-39,427,8,0
2020-08-17,Hampton,50-59,183,12,1
2020-08-17,Peninsula,70-79,175,47,15
2020-08-17,Arlington,20-29,699,22,0
2020-08-17,"West Piedmont",70-79,88,31,6
2020-08-17,Richmond,20-29,830,21,0
2020-08-17,Roanoke,0-9,46,0,0
2020-08-17,Hampton,30-39,251,3,0
2020-08-17,"Thomas Jefferson",30-39,385,13,0
2020-08-17,"Western Tidewater",40-49,331,9,3
2020-08-17,Richmond,50-59,400,73,2
2020-08-17,"Western Tidewater",50-59,404,21,4
2020-08-17,Chickahominy,40-49,137,14,1
2020-08-17,"Three Rivers",80+,51,12,6
2020-08-17,Rappahannock,30-39,715,26,0
2020-08-17,"Lord Fairfax",60-69,275,56,14
2020-08-17,"Western Tidewater",0-9,68,1,0
2020-08-17,Rappahannock,70-79,148,45,18
2020-08-17,"Prince William",80+,274,90,80
2020-08-17,Hampton,80+,27,4,2
2020-08-17,Alexandria,80+,106,32,27
2020-08-17,"Mount Rogers",60-69,196,25,2
2020-08-17,"Eastern Shore",60-69,199,31,8
2020-08-17,"Lord Fairfax",70-79,187,52,20
2020-08-17,"New River",30-39,90,3,0
2020-08-17,Chesapeake,19-Oct,246,2,0
2020-08-17,Hampton,40-49,198,7,0
2020-08-17,Peninsula,Missing,42,0,0
2020-08-17,Henrico,70-79,273,59,46
2020-08-17,"Western Tidewater",20-29,359,6,0
2020-08-17,Peninsula,0-9,119,0,0
2020-08-17,Loudoun,40-49,1038,65,1
2020-08-17,Pittsylvania-Danville,30-39,162,1,0
2020-08-17,Loudoun,20-29,936,11,0
2020-08-17,Crater,60-69,344,58,19
2020-08-17,Loudoun,80+,224,59,81
2020-08-17,Arlington,80+,206,85,70
2020-08-17,"Virginia Beach",19-Oct,403,0,0
2020-08-17,"Mount Rogers",80+,111,41,34
2020-08-17,"Eastern Shore",80+,54,25,19
2020-08-17,Crater,19-Oct,133,2,0
2020-08-17,Lenowisco,30-39,85,3,1
2020-08-17,Norfolk,Missing,40,1,0
2020-08-17,Henrico,Missing,44,1,1
2020-08-17,"New River",40-49,82,2,0
2020-08-17,"Central Virginia",0-9,47,0,0
2020-08-17,"New River",70-79,39,11,4
2020-08-17,Loudoun,0-9,216,4,0
2020-08-17,"Central Virginia",70-79,111,15,5
2020-08-17,Southside,0-9,10,0,0
2020-08-17,"Three Rivers",40-49,220,13,2
2020-08-17,Chickahominy,30-39,150,3,0
2020-08-17,"Central Shenandoah",60-69,354,51,15
2020-08-17,"Western Tidewater",60-69,303,24,8
2020-08-17,"Cumberland Plateau",30-39,54,2,0
2020-08-17,Portsmouth,19-Oct,167,0,0
2020-08-17,Chesterfield,Missing,121,1,0
2020-08-17,Alexandria,40-49,568,45,0
2020-08-17,"Thomas Jefferson",70-79,147,26,10
2020-08-17,"Three Rivers",30-39,235,7,0
2020-08-17,"Western Tidewater",70-79,183,30,20
2020-08-17,Arlington,60-69,322,83,19
2020-08-17,"Cumberland Plateau",19-Oct,53,1,0
2020-08-17,"West Piedmont",30-39,170,5,0
2020-08-17,Peninsula,19-Oct,205,1,0
2020-08-17,"West Piedmont",20-29,191,4,0
2020-08-17,Arlington,70-79,185,73,32
2020-08-17,Chickahominy,50-59,191,25,1
2020-08-17,Alleghany,40-49,145,3,0
2020-08-17,"Prince William",50-59,1817,222,16
2020-08-17,"Mount Rogers",0-9,63,1,0
2020-08-17,"Eastern Shore",0-9,26,3,0
2020-08-17,"Thomas Jefferson",60-69,199,33,4
2020-08-17,Pittsylvania-Danville,70-79,56,17,1
2020-08-17,Chesterfield,80+,173,37,49
2020-08-17,Richmond,0-9,134,6,0
2020-08-17,Chesapeake,80+,146,42,24
2020-08-17,Peninsula,40-49,460,16,1
2020-08-17,Henrico,0-9,157,4,0
2020-08-17,Lenowisco,80+,21,5,0
2020-08-17,Piedmont,60-69,183,26,5
2020-08-17,"West Piedmont",0-9,36,1,0
2020-08-17,"Rappahannock Rapidan",70-79,57,14,8
2020-08-17,"Central Shenandoah",70-79,181,55,18
2020-08-17,Chesapeake,30-39,640,21,0
2020-08-17,Chickahominy,0-9,27,0,0
2020-08-17,"Prince William",0-9,509,12,0
2020-08-17,"Eastern Shore",50-59,291,23,5
2020-08-17,"Mount Rogers",50-59,240,17,3
2020-08-17,Loudoun,19-Oct,776,1,0
2020-08-17,Southside,80+,88,12,13
2020-08-17,"Central Virginia",80+,74,11,6
2020-08-17,Rappahannock,Missing,27,0,0
2020-08-17,"Rappahannock Rapidan",30-39,402,19,1
2020-08-17,"New River",50-59,76,6,0
2020-08-17,Richmond,80+,71,27,9
2020-08-17,"Mount Rogers",20-29,255,0,0
2020-08-17,"Eastern Shore",20-29,211,6,0
2020-08-17,Hampton,19-Oct,84,0,0
2020-08-17,Portsmouth,0-9,63,3,0
2020-08-17,Crater,70-79,202,46,23
2020-08-17,Chesterfield,40-49,849,34,3
2020-08-17,Alexandria,Missing,11,0,0
2020-08-17,Southside,30-39,164,4,0
2020-08-17,"Prince William",Missing,186,3,0
2020-08-17,Hampton,60-69,120,11,3
2020-08-17,Fairfax,20-29,2932,100,3
2020-08-17,"Thomas Jefferson",0-9,98,1,0
2020-08-17,Lenowisco,40-49,74,5,0
2020-08-17,"Central Virginia",19-Oct,179,2,0
2020-08-17,Lenowisco,70-79,57,17,6
2020-08-17,Henrico,19-Oct,327,5,0
2020-08-17,"Mount Rogers",30-39,224,10,0
2020-08-17,"Eastern Shore",30-39,249,11,0
2020-08-17,Chesterfield,0-9,195,2,0
2020-08-17,"Central Shenandoah",19-Oct,178,1,0
2020-08-17,Crater,0-9,53,2,0
2020-08-17,Fairfax,70-79,754,263,119
2020-08-17,Rappahannock,80+,146,49,25
2020-08-17,Alexandria,19-Oct,229,5,0
2020-08-17,Portsmouth,40-49,300,16,1
2020-08-17,"Three Rivers",50-59,173,13,0
2020-08-17,Alleghany,Missing,3,0,0
2020-08-17,Alexandria,30-39,718,34,0
2020-08-17,Southside,Missing,1,0,0
2020-08-17,Portsmouth,60-69,228,28,8
2020-08-17,Roanoke,30-39,229,4,0
2020-08-17,"Three Rivers",60-69,122,16,2
2020-08-17,Fairfax,50-59,2645,354,35
2020-08-17,Portsmouth,50-59,272,32,2
2020-08-17,Chickahominy,80+,90,38,29
2020-08-17,"Rappahannock Rapidan",50-59,312,32,2
2020-08-17,Fairfax,80+,863,322,304
2020-08-17,Hampton,Missing,28,0,0
2020-08-17,"Cumberland Plateau",80+,26,7,3
2020-08-17,Alleghany,50-59,150,10,1
2020-08-17,"Prince William",40-49,2447,181,8
2020-08-17,Fairfax,Missing,180,6,0
2020-08-17,"Virginia Beach",40-49,716,24,2
2020-08-17,Richmond,Missing,27,0,0
2020-08-17,Norfolk,40-49,471,25,2
2020-08-17,Piedmont,80+,63,24,19
2020-08-17,"Virginia Beach",60-69,481,59,5
2020-08-17,"West Piedmont",40-49,199,14,3
2020-08-17,Arlington,19-Oct,166,5,0
2020-08-17,Lenowisco,0-9,24,0,0
2020-08-17,Pittsylvania-Danville,50-59,198,21,0
2020-08-17,"Virginia Beach",50-59,632,33,1
2020-08-17,Chesapeake,Missing,39,1,0
2020-08-17,"Central Shenandoah",80+,158,41,22
2020-08-17,"Thomas Jefferson",40-49,315,20,0
2020-08-17,"Rappahannock Rapidan",60-69,170,22,5
2020-08-17,Norfolk,30-39,718,26,1
2020-08-17,"Rappahannock Rapidan",Missing,12,0,0
2020-08-17,"Lord Fairfax",80+,210,46,52
2020-08-17,"Three Rivers",19-Oct,65,1,0
2020-08-17,Piedmont,40-49,282,13,0
2020-08-17,Norfolk,80+,93,19,10
2020-08-17,Peninsula,20-29,851,1,0
2020-08-17,Norfolk,50-59,448,46,4
2020-08-17,"Thomas Jefferson",50-59,255,19,2
2020-08-17,Richmond,70-79,137,55,19
2020-08-17,Chesterfield,70-79,177,36,25
2020-08-17,Piedmont,30-39,320,5,0
2020-08-17,"Prince William",30-39,2252,106,2
2020-08-17,Alleghany,20-29,181,1,0
2020-08-17,Alleghany,0-9,30,0,0
2020-08-17,"Mount Rogers",40-49,222,6,2
2020-08-17,"Eastern Shore",40-49,261,13,2
2020-08-17,"Central Virginia",60-69,173,19,2
2020-08-17,Richmond,19-Oct,257,3,0
2020-08-17,Pittsylvania-Danville,60-69,139,21,2
2020-08-17,Pittsylvania-Danville,Missing,1,0,0
2020-08-17,Chesterfield,60-69,419,68,20
2020-08-17,Southside,19-Oct,27,0,0
2020-08-17,"New River",80+,16,5,3
2020-08-17,"Central Virginia",50-59,271,7,4
2020-08-17,Hampton,70-79,68,13,3
2020-08-17,Pittsylvania-Danville,19-Oct,71,0,0
2020-08-17,Richmond,60-69,293,72,7
2020-08-18,"West Piedmont",20-29,200,4,0
2020-08-18,Arlington,70-79,185,74,32
2020-08-18,Chickahominy,50-59,193,25,1
2020-08-18,Alleghany,40-49,146,4,0
2020-08-18,"Prince William",50-59,1825,223,17
2020-08-18,"Mount Rogers",0-9,63,1,0
2020-08-18,"Eastern Shore",0-9,26,3,0
2020-08-18,"Thomas Jefferson",60-69,200,34,4
2020-08-18,Pittsylvania-Danville,70-79,58,17,1
2020-08-18,Chesterfield,80+,173,38,50
2020-08-18,Richmond,0-9,134,6,0
2020-08-18,Chesapeake,80+,146,43,24
2020-08-18,Peninsula,40-49,464,16,1
2020-08-18,Henrico,0-9,158,4,0
2020-08-18,Lenowisco,80+,21,5,0
2020-08-18,Piedmont,60-69,183,26,5
2020-08-18,"West Piedmont",0-9,37,1,0
2020-08-18,"Rappahannock Rapidan",70-79,57,14,8
2020-08-18,"Central Shenandoah",70-79,183,57,18
2020-08-18,Chesapeake,30-39,643,22,0
2020-08-18,Chickahominy,0-9,28,0,0
2020-08-18,"Prince William",0-9,512,12,0
2020-08-18,"Eastern Shore",50-59,291,23,5
2020-08-18,"Mount Rogers",50-59,244,17,3
2020-08-18,Loudoun,19-Oct,777,1,0
2020-08-18,Southside,80+,88,12,13
2020-08-18,"Central Virginia",80+,75,11,6
2020-08-18,Rappahannock,Missing,31,0,0
2020-08-18,"Rappahannock Rapidan",30-39,406,19,1
2020-08-18,"New River",50-59,77,6,0
2020-08-18,Richmond,80+,71,28,9
2020-08-18,"Mount Rogers",20-29,259,0,0
2020-08-18,"Eastern Shore",20-29,211,6,0
2020-08-18,Hampton,19-Oct,84,0,0
2020-08-18,Portsmouth,0-9,67,3,0
2020-08-18,Crater,70-79,203,47,23
2020-08-18,Chesterfield,40-49,863,34,3
2020-08-18,Alexandria,Missing,11,0,0
2020-08-18,Southside,30-39,165,4,0
2020-08-18,"Prince William",Missing,186,3,0
2020-08-18,Hampton,60-69,123,11,3
2020-08-18,Fairfax,20-29,2952,100,3
2020-08-18,"Thomas Jefferson",0-9,99,1,0
2020-08-18,Lenowisco,40-49,76,5,0
2020-08-18,"Central Virginia",19-Oct,184,2,0
2020-08-18,Lenowisco,70-79,57,17,6
2020-08-18,Crater,Missing,27,0,0
2020-08-18,Arlington,50-59,451,70,6
2020-08-18,Piedmont,70-79,91,28,8
2020-08-18,Alexandria,60-69,247,56,3
2020-08-18,Portsmouth,30-39,361,15,1
2020-08-18,Lenowisco,20-29,71,0,0
2020-08-18,"Central Virginia",30-39,238,9,0
2020-08-18,Norfolk,19-Oct,255,2,0
2020-08-18,"New River",19-Oct,79,0,0
2020-08-18,"Central Virginia",20-29,424,3,0
2020-08-18,Rappahannock,50-59,608,64,5
2020-08-18,Rappahannock,60-69,310,61,8
2020-08-18,Piedmont,20-29,283,3,0
2020-08-18,"New River",60-69,44,6,1
2020-08-18,Roanoke,40-49,156,4,0
2020-08-18,"Three Rivers",20-29,212,4,0
2020-08-18,Rappahannock,40-49,676,50,2
2020-08-18,Portsmouth,80+,49,9,6
2020-08-18,"Central Shenandoah",Missing,2,0,0
2020-08-18,"Eastern Shore",70-79,59,22,12
2020-08-18,"Mount Rogers",70-79,149,48,19
2020-08-18,"Cumberland Plateau",70-79,33,4,0
2020-08-18,Piedmont,19-Oct,54,0,0
2020-08-18,Southside,20-29,119,2,0
2020-08-18,Chesterfield,50-59,688,58,5
2020-08-18,"Rappahannock Rapidan",20-29,389,6,0
2020-08-18,"Cumberland Plateau",60-69,54,10,2
2020-08-18,Roanoke,70-79,29,5,2
2020-08-18,"Central Shenandoah",20-29,584,11,0
2020-08-18,Pittsylvania-Danville,80+,63,13,7
2020-08-18,"Virginia Beach",80+,204,58,31
2020-08-18,"Central Shenandoah",50-59,488,42,5
2020-08-18,Lenowisco,Missing,0,0,0
2020-08-18,Fairfax,30-39,3313,214,7
2020-08-18,Lenowisco,60-69,80,10,2
2020-08-18,Loudoun,30-39,952,34,0
2020-08-18,"West Piedmont",80+,102,43,5
2020-08-18,Roanoke,80+,54,4,12
2020-08-18,Fairfax,40-49,3105,315,12
2020-08-18,"Thomas Jefferson",80+,172,35,28
2020-08-18,Roanoke,20-29,244,5,0
2020-08-18,Henrico,60-69,383,62,37
2020-08-18,"Lord Fairfax",40-49,405,20,1
2020-08-18,"Western Tidewater",Missing,21,0,0
2020-08-18,Chickahominy,60-69,117,26,8
2020-08-18,Chesapeake,20-29,647,6,0
2020-08-18,"Three Rivers",Missing,10,1,0
2020-08-18,Lenowisco,19-Oct,56,0,0
2020-08-18,Chesapeake,0-9,107,1,0
2020-08-18,Peninsula,50-59,398,24,3
2020-08-18,"Cumberland Plateau",Missing,0,0,0
2020-08-18,Peninsula,60-69,289,36,4
2020-08-18,"Lord Fairfax",30-39,436,13,1
2020-08-18,"Virginia Beach",Missing,131,0,0
2020-08-18,Arlington,40-49,528,53,8
2020-08-18,"West Piedmont",19-Oct,116,0,0
2020-08-18,Chickahominy,70-79,87,25,7
2020-08-18,Pittsylvania-Danville,20-29,142,0,0
2020-08-18,Loudoun,50-59,827,70,4
2020-08-18,Richmond,30-39,719,40,1
2020-08-18,"Thomas Jefferson",Missing,2,0,0
2020-08-18,"Rappahannock Rapidan",80+,40,19,9
2020-08-18,"Lord Fairfax",Missing,2,0,0
2020-08-18,"Cumberland Plateau",50-59,74,7,0
2020-08-18,Loudoun,Missing,66,0,1
2020-08-18,Southside,50-59,136,13,1
2020-08-18,Chesterfield,20-29,927,12,2
2020-08-18,Norfolk,70-79,156,45,11
2020-08-18,Alleghany,19-Oct,125,0,0
2020-08-18,Crater,80+,158,35,23
2020-08-18,Portsmouth,Missing,21,0,0
2020-08-18,"Western Tidewater",19-Oct,161,0,0
2020-08-18,Chesterfield,19-Oct,492,2,0
2020-08-18,Southside,60-69,106,17,6
2020-08-18,Norfolk,0-9,137,2,0
2020-08-18,"Cumberland Plateau",40-49,62,3,0
2020-08-18,"Eastern Shore",19-Oct,70,1,0
2020-08-18,"Mount Rogers",19-Oct,133,0,0
2020-08-18,"Rappahannock Rapidan",0-9,104,1,0
2020-08-18,"Three Rivers",0-9,28,1,0
2020-08-18,Henrico,40-49,621,40,2
2020-08-18,Alexandria,50-59,402,59,12
2020-08-18,Arlington,0-9,76,2,0
2020-08-18,Chickahominy,Missing,17,0,0
2020-08-18,"New River",20-29,191,0,0
2020-08-18,"Virginia Beach",20-29,1418,10,0
2020-08-18,Chesapeake,50-59,473,47,1
2020-08-18,Alleghany,80+,48,12,6
2020-08-18,Fairfax,19-Oct,1216,34,0
2020-08-18,Chesapeake,60-69,347,63,10
2020-08-18,"West Piedmont",Missing,0,0,0
2020-08-18,Peninsula,80+,108,30,22
2020-08-18,Crater,40-49,390,23,1
2020-08-18,Chesapeake,40-49,500,35,1
2020-08-18,"Thomas Jefferson",20-29,383,3,0
2020-08-18,"Lord Fairfax",20-29,440,7,0
2020-08-18,Norfolk,20-29,1324,16,0
2020-08-18,Arlington,30-39,610,43,0
2020-08-18,"West Piedmont",60-69,158,24,1
2020-08-18,Henrico,50-59,540,61,11
2020-08-18,"West Piedmont",50-59,236,37,3
2020-08-18,"Cumberland Plateau",20-29,61,0,0
2020-08-18,Alexandria,70-79,114,42,18
2020-08-18,Portsmouth,20-29,442,13,0
2020-08-18,"Western Tidewater",30-39,381,17,1
2020-08-18,"Central Shenandoah",0-9,92,0,0
2020-08-18,Henrico,80+,374,83,90
2020-08-18,Alexandria,0-9,174,2,0
2020-08-18,Pittsylvania-Danville,40-49,182,9,1
2020-08-18,Henrico,20-29,715,19,0
2020-08-18,Roanoke,60-69,77,6,1
2020-08-18,Peninsula,30-39,603,15,2
2020-08-18,Alleghany,60-69,97,11,1
2020-08-18,"Prince William",70-79,387,117,52
2020-08-18,Norfolk,60-69,381,55,6
2020-08-18,Southside,40-49,145,6,0
2020-08-18,Chesterfield,30-39,994,18,2
2020-08-18,Loudoun,70-79,177,56,19
2020-08-18,"Central Virginia",40-49,234,3,0
2020-08-18,"New River",Missing,7,0,0
2020-08-18,Chickahominy,20-29,171,3,0
2020-08-18,"New River",0-9,18,0,0
2020-08-18,"Cumberland Plateau",0-9,17,0,0
2020-08-18,"Three Rivers",70-79,66,12,7
2020-08-18,"Rappahannock Rapidan",40-49,375,23,2
2020-08-18,Hampton,0-9,33,0,0
2020-08-18,Piedmont,50-59,244,26,3
2020-08-18,Rappahannock,20-29,770,17,0
2020-08-18,Chickahominy,40-49,141,14,1
2020-08-18,"Three Rivers",80+,52,13,6
2020-08-18,Rappahannock,30-39,723,26,0
2020-08-18,"Lord Fairfax",60-69,275,56,14
2020-08-18,"Western Tidewater",0-9,69,1,0
2020-08-18,Rappahannock,70-79,148,45,18
2020-08-18,"Prince William",80+,274,91,80
2020-08-18,Hampton,80+,28,4,2
2020-08-18,Alexandria,80+,107,32,27
2020-08-18,"Mount Rogers",60-69,197,25,2
2020-08-18,"Eastern Shore",60-69,199,31,8
2020-08-18,"Lord Fairfax",70-79,187,52,20
2020-08-18,"New River",30-39,94,3,0
2020-08-18,Chesapeake,19-Oct,247,2,0
2020-08-18,Hampton,40-49,201,7,0
2020-08-18,Peninsula,Missing,43,0,0
2020-08-18,Henrico,70-79,274,60,46
2020-08-18,"Western Tidewater",20-29,361,6,0
2020-08-18,Peninsula,0-9,122,0,0
2020-08-18,Loudoun,40-49,1044,65,1
2020-08-18,Pittsylvania-Danville,30-39,164,1,0
2020-08-18,Loudoun,20-29,943,11,0
2020-08-18,Crater,60-69,346,58,19
2020-08-18,Loudoun,80+,224,59,81
2020-08-18,Arlington,80+,206,85,70
2020-08-18,"Virginia Beach",19-Oct,405,0,0
2020-08-18,"Mount Rogers",80+,113,42,35
2020-08-18,"Eastern Shore",80+,54,25,19
2020-08-18,Crater,19-Oct,133,2,0
2020-08-18,Lenowisco,30-39,88,3,1
2020-08-18,Norfolk,Missing,41,1,0
2020-08-18,Henrico,Missing,44,1,1
2020-08-18,"New River",40-49,83,2,0
2020-08-18,"Central Virginia",0-9,49,0,0
2020-08-18,"New River",70-79,39,11,4
2020-08-18,Loudoun,0-9,218,4,0
2020-08-18,"Central Virginia",70-79,113,15,5
2020-08-18,Southside,0-9,10,0,0
2020-08-18,"Three Rivers",40-49,220,13,2
2020-08-18,Chickahominy,30-39,148,3,0
2020-08-18,"Central Shenandoah",60-69,355,51,15
2020-08-18,"Western Tidewater",60-69,306,29,10
2020-08-18,"Cumberland Plateau",30-39,54,2,0
2020-08-18,Portsmouth,19-Oct,169,0,0
2020-08-18,Chesterfield,Missing,121,1,0
2020-08-18,Alexandria,40-49,569,45,0
2020-08-18,"Thomas Jefferson",70-79,147,26,10
2020-08-18,"Three Rivers",30-39,235,7,0
2020-08-18,"Western Tidewater",70-79,187,31,20
2020-08-18,Arlington,60-69,323,83,19
2020-08-18,"Cumberland Plateau",19-Oct,53,1,0
2020-08-18,"West Piedmont",30-39,171,5,0
2020-08-18,Peninsula,19-Oct,206,1,0
2020-08-18,"Virginia Beach",0-9,181,0,0
2020-08-18,Lenowisco,50-59,81,10,1
2020-08-18,Chesapeake,70-79,169,47,5
2020-08-18,"Western Tidewater",80+,196,36,46
2020-08-18,"Thomas Jefferson",19-Oct,183,2,0
2020-08-18,Richmond,40-49,545,40,4
2020-08-18,"Lord Fairfax",50-59,430,35,4
2020-08-18,"Lord Fairfax",19-Oct,211,3,0
2020-08-18,"Rappahannock Rapidan",19-Oct,187,4,0
2020-08-18,Crater,50-59,446,48,4
2020-08-18,Arlington,Missing,14,1,0
2020-08-18,Roanoke,50-59,124,4,0
2020-08-18,Rappahannock,19-Oct,416,3,0
2020-08-18,Roanoke,19-Oct,119,0,0
2020-08-18,"Eastern Shore",Missing,6,0,0
2020-08-18,"Mount Rogers",Missing,0,0,0
2020-08-18,"Prince William",60-69,974,189,49
2020-08-18,Alleghany,70-79,91,12,10
2020-08-18,Crater,20-29,451,9,0
2020-08-18,Loudoun,60-69,324,61,9
2020-08-18,Fairfax,0-9,642,24,0
2020-08-18,Roanoke,Missing,3,0,0
2020-08-18,Alexandria,20-29,568,11,1
2020-08-18,Portsmouth,70-79,102,22,7
2020-08-18,Alleghany,30-39,140,4,0
2020-08-18,"Prince William",20-29,2290,62,0
2020-08-18,Southside,70-79,87,15,17
2020-08-18,Piedmont,Missing,1,0,0
2020-08-18,Rappahannock,0-9,175,2,0
2020-08-18,Henrico,30-39,751,22,0
2020-08-18,"Prince William",19-Oct,1089,9,0
2020-08-18,Chickahominy,19-Oct,87,0,0
2020-08-18,"Lord Fairfax",0-9,83,2,0
2020-08-18,"Central Virginia",Missing,1,0,0
2020-08-18,Fairfax,60-69,1646,359,68
2020-08-18,Hampton,20-29,362,3,0
2020-08-18,"Central Shenandoah",40-49,484,17,0
2020-08-18,Pittsylvania-Danville,0-9,43,0,0
2020-08-18,Crater,30-39,477,9,0
2020-08-18,"Virginia Beach",70-79,239,63,16
2020-08-18,"Virginia Beach",30-39,1052,21,1
2020-08-18,Piedmont,0-9,32,0,0
2020-08-18,"Central Shenandoah",30-39,427,8,0
2020-08-18,Hampton,50-59,183,12,1
2020-08-18,Peninsula,70-79,175,47,15
2020-08-18,Arlington,20-29,705,22,0
2020-08-18,"West Piedmont",70-79,93,32,6
2020-08-18,Richmond,20-29,836,21,0
2020-08-18,Roanoke,0-9,47,0,0
2020-08-18,Hampton,30-39,252,3,0
2020-08-18,"Thomas Jefferson",30-39,389,13,0
2020-08-18,"Western Tidewater",40-49,340,9,3
2020-08-18,Richmond,50-59,403,75,2
2020-08-18,"Western Tidewater",50-59,408,22,4
2020-08-18,Henrico,19-Oct,329,5,0
2020-08-18,"Mount Rogers",30-39,226,10,0
2020-08-18,"Eastern Shore",30-39,249,11,0
2020-08-18,Chesterfield,0-9,196,2,0
2020-08-18,"Central Shenandoah",19-Oct,179,1,0
2020-08-18,Crater,0-9,53,2,0
2020-08-18,Fairfax,70-79,754,264,119
2020-08-18,Rappahannock,80+,147,49,25
2020-08-18,Alexandria,19-Oct,230,5,0
2020-08-18,Portsmouth,40-49,303,16,1
2020-08-18,"Three Rivers",50-59,173,13,0
2020-08-18,Alleghany,Missing,3,0,0
2020-08-18,Alexandria,30-39,724,35,0
2020-08-18,Southside,Missing,1,0,0
2020-08-18,Portsmouth,60-69,232,29,8
2020-08-18,Roanoke,30-39,231,4,0
2020-08-18,"Three Rivers",60-69,123,17,2
2020-08-18,Fairfax,50-59,2649,356,36
2020-08-18,Portsmouth,50-59,276,32,2
2020-08-18,Chickahominy,80+,91,39,29
2020-08-18,"Rappahannock Rapidan",50-59,312,32,2
2020-08-18,Fairfax,80+,862,323,305
2020-08-18,Hampton,Missing,27,0,0
2020-08-18,"Cumberland Plateau",80+,28,8,3
2020-08-18,Alleghany,50-59,150,10,1
2020-08-18,"Prince William",40-49,2456,183,8
2020-08-18,Fairfax,Missing,180,6,0
2020-08-18,"Virginia Beach",40-49,716,24,2
2020-08-18,Richmond,Missing,26,0,0
2020-08-18,Norfolk,40-49,474,25,2
2020-08-18,Piedmont,80+,64,24,19
2020-08-18,"Virginia Beach",60-69,489,59,5
2020-08-18,"West Piedmont",40-49,210,14,3
2020-08-18,Arlington,19-Oct,166,5,0
2020-08-18,Lenowisco,0-9,27,0,0
2020-08-18,Pittsylvania-Danville,50-59,203,21,0
2020-08-18,"Virginia Beach",50-59,635,33,1
2020-08-18,Chesapeake,Missing,40,2,0
2020-08-18,"Central Shenandoah",80+,158,42,22
2020-08-18,"Thomas Jefferson",40-49,320,20,0
2020-08-18,"Rappahannock Rapidan",60-69,171,22,5
2020-08-18,Norfolk,30-39,719,26,1
2020-08-18,"Rappahannock Rapidan",Missing,12,0,0
2020-08-18,"Lord Fairfax",80+,211,46,52
2020-08-18,"Three Rivers",19-Oct,65,1,0
2020-08-18,Piedmont,40-49,283,13,0
2020-08-18,Norfolk,80+,93,19,10
2020-08-18,Peninsula,20-29,857,1,0
2020-08-18,Norfolk,50-59,452,46,4
2020-08-18,"Thomas Jefferson",50-59,258,21,2
2020-08-18,Richmond,70-79,137,57,19
2020-08-18,Chesterfield,70-79,179,37,25
2020-08-18,Piedmont,30-39,321,5,0
2020-08-18,"Prince William",30-39,2259,106,2
2020-08-18,Alleghany,20-29,183,1,0
2020-08-18,Alleghany,0-9,32,0,0
2020-08-18,"Mount Rogers",40-49,227,6,2
2020-08-18,"Eastern Shore",40-49,262,13,2
2020-08-18,"Central Virginia",60-69,178,19,2
2020-08-18,Richmond,19-Oct,259,3,0
2020-08-18,Pittsylvania-Danville,60-69,140,21,2
2020-08-18,Pittsylvania-Danville,Missing,1,0,0
2020-08-18,Chesterfield,60-69,427,68,20
2020-08-18,Southside,19-Oct,28,0,0
2020-08-18,"New River",80+,17,5,3
2020-08-18,"Central Virginia",50-59,278,7,4
2020-08-18,Hampton,70-79,69,13,3
2020-08-18,Pittsylvania-Danville,19-Oct,72,0,0
2020-08-18,Richmond,60-69,295,72,7
2020-08-19,Norfolk,0-9,140,2,0
2020-08-19,"Cumberland Plateau",40-49,65,4,0
2020-08-19,"Eastern Shore",19-Oct,70,1,0
2020-08-19,"Mount Rogers",19-Oct,133,0,0
2020-08-19,"Rappahannock Rapidan",0-9,106,1,0
2020-08-19,"Three Rivers",0-9,28,1,0
2020-08-19,Henrico,40-49,625,41,2
2020-08-19,Alexandria,50-59,409,59,12
2020-08-19,Arlington,0-9,77,2,0
2020-08-19,Chickahominy,Missing,18,0,0
2020-08-19,"New River",20-29,193,0,0
2020-08-19,"Virginia Beach",20-29,1430,11,0
2020-08-19,Chesapeake,50-59,484,47,1
2020-08-19,Alleghany,80+,48,12,6
2020-08-19,Fairfax,19-Oct,1228,35,0
2020-08-19,Chesapeake,60-69,354,64,10
2020-08-19,"West Piedmont",Missing,0,0,0
2020-08-19,Peninsula,80+,108,30,22
2020-08-19,Crater,40-49,393,24,1
2020-08-19,Chesapeake,40-49,506,34,1
2020-08-19,"Thomas Jefferson",20-29,384,3,0
2020-08-19,"Lord Fairfax",20-29,445,7,0
2020-08-19,Norfolk,20-29,1329,16,0
2020-08-19,Arlington,30-39,617,43,0
2020-08-19,"West Piedmont",60-69,159,27,2
2020-08-19,Henrico,50-59,539,60,11
2020-08-19,"West Piedmont",50-59,240,40,3
2020-08-19,"Cumberland Plateau",20-29,62,0,0
2020-08-19,Alexandria,70-79,114,42,18
2020-08-19,Portsmouth,20-29,444,13,0
2020-08-19,"Western Tidewater",30-39,384,17,1
2020-08-19,"Central Shenandoah",0-9,92,0,0
2020-08-19,Henrico,80+,374,83,90
2020-08-19,Alexandria,0-9,174,2,0
2020-08-19,Pittsylvania-Danville,40-49,183,9,1
2020-08-19,Henrico,20-29,715,19,0
2020-08-19,Roanoke,60-69,77,6,1
2020-08-19,Peninsula,30-39,608,15,2
2020-08-19,Alleghany,60-69,95,10,1
2020-08-19,"Prince William",70-79,389,118,52
2020-08-19,Norfolk,60-69,383,57,8
2020-08-19,Southside,40-49,145,6,0
2020-08-19,Chesterfield,30-39,997,19,1
2020-08-19,Loudoun,70-79,177,56,19
2020-08-19,"Central Virginia",40-49,241,3,0
2020-08-19,"New River",Missing,5,0,0
2020-08-19,Chickahominy,20-29,171,3,0
2020-08-19,"New River",0-9,19,0,0
2020-08-19,"Cumberland Plateau",0-9,17,0,0
2020-08-19,"Three Rivers",70-79,65,13,8
2020-08-19,"Rappahannock Rapidan",40-49,378,23,3
2020-08-19,Hampton,0-9,34,0,0
2020-08-19,Piedmont,50-59,244,26,3
2020-08-19,Rappahannock,20-29,779,17,0
2020-08-19,"West Piedmont",20-29,202,4,0
2020-08-19,Arlington,70-79,188,74,32
2020-08-19,Chickahominy,50-59,197,25,1
2020-08-19,Alleghany,40-49,147,4,0
2020-08-19,"Prince William",50-59,1829,223,17
2020-08-19,"Mount Rogers",0-9,63,1,0
2020-08-19,"Eastern Shore",0-9,26,3,0
2020-08-19,"Thomas Jefferson",60-69,201,34,4
2020-08-19,Pittsylvania-Danville,70-79,58,17,1
2020-08-19,Chesterfield,80+,173,39,50
2020-08-19,Richmond,0-9,136,6,0
2020-08-19,Chesapeake,80+,147,43,24
2020-08-19,Peninsula,40-49,467,16,1
2020-08-19,Henrico,0-9,159,4,0
2020-08-19,Lenowisco,80+,21,5,0
2020-08-19,Piedmont,60-69,183,26,5
2020-08-19,Henrico,19-Oct,333,5,0
2020-08-19,"Mount Rogers",30-39,228,10,0
2020-08-19,"Eastern Shore",30-39,250,11,0
2020-08-19,Chesterfield,0-9,200,2,0
2020-08-19,"Central Shenandoah",19-Oct,179,1,0
2020-08-19,Crater,0-9,55,2,0
2020-08-19,Fairfax,70-79,754,264,119
2020-08-19,Rappahannock,80+,148,50,25
2020-08-19,Alexandria,19-Oct,231,5,0
2020-08-19,Portsmouth,40-49,302,16,1
2020-08-19,"Three Rivers",50-59,174,13,0
2020-08-19,Alleghany,Missing,3,0,0
2020-08-19,Alexandria,30-39,729,35,0
2020-08-19,Southside,Missing,1,0,0
2020-08-19,Portsmouth,60-69,232,30,8
2020-08-19,Roanoke,30-39,231,4,0
2020-08-19,"Three Rivers",60-69,124,18,2
2020-08-19,Fairfax,50-59,2659,358,36
2020-08-19,Portsmouth,50-59,276,32,2
2020-08-19,Chickahominy,80+,91,39,29
2020-08-19,"Rappahannock Rapidan",50-59,314,32,2
2020-08-19,Fairfax,80+,863,324,306
2020-08-19,Hampton,Missing,29,0,0
2020-08-19,"Cumberland Plateau",80+,28,8,4
2020-08-19,Alleghany,50-59,152,10,1
2020-08-19,"Prince William",40-49,2460,184,8
2020-08-19,Fairfax,Missing,180,6,0
2020-08-19,"Virginia Beach",40-49,723,26,2
2020-08-19,Richmond,Missing,27,0,0
2020-08-19,Norfolk,40-49,478,25,2
2020-08-19,Piedmont,80+,64,24,19
2020-08-19,"Virginia Beach",60-69,496,61,6
2020-08-19,"West Piedmont",40-49,212,14,3
2020-08-19,Arlington,19-Oct,169,5,0
2020-08-19,Lenowisco,0-9,28,0,0
2020-08-19,Pittsylvania-Danville,50-59,208,21,0
2020-08-19,"Virginia Beach",50-59,642,35,2
2020-08-19,Chesapeake,Missing,41,2,0
2020-08-19,"Central Shenandoah",80+,159,42,22
2020-08-19,"Thomas Jefferson",40-49,324,20,0
2020-08-19,"Rappahannock Rapidan",60-69,174,23,5
2020-08-19,Norfolk,30-39,725,26,1
2020-08-19,"Rappahannock Rapidan",Missing,12,0,0
2020-08-19,"Lord Fairfax",80+,211,46,52
2020-08-19,"Three Rivers",19-Oct,65,1,0
2020-08-19,Piedmont,40-49,282,13,0
2020-08-19,Norfolk,80+,96,20,10
2020-08-19,Peninsula,20-29,863,1,0
2020-08-19,Norfolk,50-59,457,46,4
2020-08-19,"Thomas Jefferson",50-59,260,21,2
2020-08-19,Richmond,70-79,138,58,19
2020-08-19,Chesterfield,70-79,181,37,25
2020-08-19,Piedmont,30-39,318,5,0
2020-08-19,"Prince William",30-39,2270,106,2
2020-08-19,Alleghany,20-29,183,1,0
2020-08-19,Alleghany,0-9,32,0,0
2020-08-19,"Mount Rogers",40-49,229,6,2
2020-08-19,"Eastern Shore",40-49,262,13,2
2020-08-19,"Central Virginia",60-69,184,19,2
2020-08-19,Richmond,19-Oct,263,4,0
2020-08-19,Pittsylvania-Danville,60-69,143,21,2
2020-08-19,Pittsylvania-Danville,Missing,1,0,0
2020-08-19,Chesterfield,60-69,429,68,18
2020-08-19,Southside,19-Oct,28,0,0
2020-08-19,"New River",80+,17,5,3
2020-08-19,"Central Virginia",50-59,284,8,4
2020-08-19,Hampton,70-79,69,13,3
2020-08-19,Pittsylvania-Danville,19-Oct,72,0,0
2020-08-19,Richmond,60-69,298,73,7
2020-08-19,Chickahominy,40-49,141,14,1
2020-08-19,"Three Rivers",80+,52,13,6
2020-08-19,Rappahannock,30-39,729,26,0
2020-08-19,"Lord Fairfax",60-69,275,56,14
2020-08-19,"Western Tidewater",0-9,70,1,0
2020-08-19,Rappahannock,70-79,148,45,18
2020-08-19,"Prince William",80+,274,92,80
2020-08-19,Hampton,80+,28,4,2
2020-08-19,Alexandria,80+,107,32,27
2020-08-19,"Mount Rogers",60-69,204,25,2
2020-08-19,"Eastern Shore",60-69,199,31,8
2020-08-19,"Lord Fairfax",70-79,187,52,20
2020-08-19,"New River",30-39,95,3,0
2020-08-19,Chesapeake,19-Oct,248,2,0
2020-08-19,Hampton,40-49,202,7,0
2020-08-19,Peninsula,Missing,43,0,0
2020-08-19,Hampton,20-29,366,3,0
2020-08-19,"Central Shenandoah",40-49,486,17,0
2020-08-19,Pittsylvania-Danville,0-9,44,0,0
2020-08-19,Crater,30-39,481,9,0
2020-08-19,"Virginia Beach",70-79,242,65,18
2020-08-19,"Virginia Beach",30-39,1060,22,1
2020-08-19,Piedmont,0-9,32,0,0
2020-08-19,"Central Shenandoah",30-39,433,8,0
2020-08-19,Hampton,50-59,184,12,1
2020-08-19,Peninsula,70-79,175,47,15
2020-08-19,Arlington,20-29,715,22,0
2020-08-19,"West Piedmont",70-79,95,32,8
2020-08-19,Richmond,20-29,845,21,0
2020-08-19,Roanoke,0-9,47,0,0
2020-08-19,Hampton,30-39,254,3,0
2020-08-19,"Thomas Jefferson",30-39,392,13,0
2020-08-19,"Western Tidewater",40-49,343,9,3
2020-08-19,Richmond,50-59,407,75,2
2020-08-19,"Western Tidewater",50-59,416,22,4
2020-08-19,Crater,Missing,29,0,0
2020-08-19,Arlington,50-59,452,71,6
2020-08-19,Piedmont,70-79,91,28,8
2020-08-19,Alexandria,60-69,247,56,3
2020-08-19,Portsmouth,30-39,361,15,1
2020-08-19,Lenowisco,20-29,71,0,0
2020-08-19,"Central Virginia",30-39,239,9,0
2020-08-19,Norfolk,19-Oct,256,2,0
2020-08-19,"New River",19-Oct,84,0,0
2020-08-19,"Central Virginia",20-29,425,3,0
2020-08-19,Rappahannock,50-59,609,64,5
2020-08-19,Rappahannock,60-69,311,61,8
2020-08-19,Piedmont,20-29,283,3,0
2020-08-19,"New River",60-69,45,7,1
2020-08-19,Roanoke,40-49,156,5,0
2020-08-19,"Three Rivers",20-29,214,4,0
2020-08-19,Rappahannock,40-49,678,50,2
2020-08-19,Portsmouth,80+,49,9,6
2020-08-19,"Central Shenandoah",Missing,2,0,0
2020-08-19,"Eastern Shore",70-79,59,22,12
2020-08-19,"Mount Rogers",70-79,158,48,20
2020-08-19,"Cumberland Plateau",70-79,33,4,0
2020-08-19,Piedmont,19-Oct,54,0,0
2020-08-19,Southside,20-29,119,2,0
2020-08-19,Chesterfield,50-59,693,59,5
2020-08-19,"Rappahannock Rapidan",20-29,390,6,0
2020-08-19,"Cumberland Plateau",60-69,54,11,2
2020-08-19,Roanoke,70-79,29,6,2
2020-08-19,"Central Shenandoah",20-29,588,11,0
2020-08-19,Pittsylvania-Danville,80+,66,13,7
2020-08-19,"Virginia Beach",80+,205,62,31
2020-08-19,"Central Shenandoah",50-59,493,42,5
2020-08-19,Lenowisco,Missing,0,0,0
2020-08-19,Fairfax,30-39,3330,217,7
2020-08-19,Lenowisco,60-69,82,10,2
2020-08-19,Loudoun,30-39,959,34,0
2020-08-19,"West Piedmont",80+,102,43,9
2020-08-19,Roanoke,80+,54,5,12
2020-08-19,Fairfax,40-49,3116,316,12
2020-08-19,"Thomas Jefferson",80+,173,36,28
2020-08-19,Roanoke,20-29,244,5,0
2020-08-19,Henrico,60-69,383,63,37
2020-08-19,"Lord Fairfax",40-49,407,20,1
2020-08-19,"Western Tidewater",Missing,21,0,0
2020-08-19,Chickahominy,60-69,118,26,8
2020-08-19,Chesapeake,20-29,650,6,0
2020-08-19,"Three Rivers",Missing,10,1,0
2020-08-19,"West Piedmont",0-9,37,1,0
2020-08-19,"Rappahannock Rapidan",70-79,58,14,8
2020-08-19,"Central Shenandoah",70-79,183,57,18
2020-08-19,Chesapeake,30-39,650,22,0
2020-08-19,Chickahominy,0-9,29,0,0
2020-08-19,"Prince William",0-9,515,12,0
2020-08-19,"Eastern Shore",50-59,291,23,5
2020-08-19,"Mount Rogers",50-59,249,18,3
2020-08-19,Loudoun,19-Oct,778,1,0
2020-08-19,Southside,80+,88,12,13
2020-08-19,"Central Virginia",80+,75,11,6
2020-08-19,Rappahannock,Missing,30,0,0
2020-08-19,"Rappahannock Rapidan",30-39,410,19,1
2020-08-19,"New River",50-59,77,6,0
2020-08-19,Richmond,80+,72,30,10
2020-08-19,"Mount Rogers",20-29,261,0,0
2020-08-19,"Eastern Shore",20-29,211,6,0
2020-08-19,Hampton,19-Oct,85,0,0
2020-08-19,Portsmouth,0-9,67,3,0
2020-08-19,Crater,70-79,204,48,23
2020-08-19,Chesterfield,40-49,869,34,3
2020-08-19,Alexandria,Missing,11,0,0
2020-08-19,Southside,30-39,166,4,0
2020-08-19,"Prince William",Missing,186,3,0
2020-08-19,Hampton,60-69,126,11,3
2020-08-19,Fairfax,20-29,2968,100,3
2020-08-19,"Thomas Jefferson",0-9,100,1,0
2020-08-19,Lenowisco,40-49,77,5,0
2020-08-19,"Central Virginia",19-Oct,191,2,0
2020-08-19,Lenowisco,70-79,58,18,6
2020-08-19,"Virginia Beach",0-9,183,0,0
2020-08-19,Lenowisco,50-59,82,10,1
2020-08-19,Chesapeake,70-79,170,48,5
2020-08-19,"Western Tidewater",80+,196,36,46
2020-08-19,"Thomas Jefferson",19-Oct,184,2,0
2020-08-19,Richmond,40-49,547,41,4
2020-08-19,"Lord Fairfax",50-59,431,35,4
2020-08-19,"Lord Fairfax",19-Oct,213,3,0
2020-08-19,"Rappahannock Rapidan",19-Oct,187,4,0
2020-08-19,Crater,50-59,452,47,4
2020-08-19,Arlington,Missing,15,1,0
2020-08-19,Roanoke,50-59,124,4,0
2020-08-19,Rappahannock,19-Oct,417,4,0
2020-08-19,Roanoke,19-Oct,120,1,0
2020-08-19,"Eastern Shore",Missing,6,0,0
2020-08-19,"Mount Rogers",Missing,0,0,0
2020-08-19,"Prince William",60-69,981,190,50
2020-08-19,Alleghany,70-79,90,12,10
2020-08-19,Crater,20-29,456,9,0
2020-08-19,Loudoun,60-69,326,61,9
2020-08-19,Fairfax,0-9,647,25,0
2020-08-19,Roanoke,Missing,3,0,0
2020-08-19,Alexandria,20-29,571,11,1
2020-08-19,Portsmouth,70-79,102,22,7
2020-08-19,Alleghany,30-39,139,4,0
2020-08-19,"Prince William",20-29,2305,62,0
2020-08-19,Southside,70-79,87,15,17
2020-08-19,Piedmont,Missing,1,0,0
2020-08-19,Rappahannock,0-9,176,2,0
2020-08-19,Henrico,30-39,752,22,0
2020-08-19,"Prince William",19-Oct,1096,10,0
2020-08-19,Chickahominy,19-Oct,88,0,0
2020-08-19,"Lord Fairfax",0-9,82,2,0
2020-08-19,"Central Virginia",Missing,1,0,0
2020-08-19,Fairfax,60-69,1651,362,68
2020-08-19,Henrico,70-79,275,60,46
2020-08-19,"Western Tidewater",20-29,365,6,0
2020-08-19,Peninsula,0-9,123,0,0
2020-08-19,Loudoun,40-49,1049,65,1
2020-08-19,Pittsylvania-Danville,30-39,164,1,0
2020-08-19,Loudoun,20-29,951,11,0
2020-08-19,Crater,60-69,353,58,19
2020-08-19,Loudoun,80+,225,59,81
2020-08-19,Arlington,80+,206,85,70
2020-08-19,"Virginia Beach",19-Oct,410,0,0
2020-08-19,"Mount Rogers",80+,135,43,34
2020-08-19,"Eastern Shore",80+,55,25,20
2020-08-19,Crater,19-Oct,135,2,0
2020-08-19,Lenowisco,30-39,90,3,1
2020-08-19,Norfolk,Missing,41,1,0
2020-08-19,Henrico,Missing,47,1,1
2020-08-19,"New River",40-49,82,2,0
2020-08-19,"Central Virginia",0-9,49,0,0
2020-08-19,"New River",70-79,39,11,4
2020-08-19,Loudoun,0-9,219,4,0
2020-08-19,"Central Virginia",70-79,114,15,5
2020-08-19,Southside,0-9,10,0,0
2020-08-19,"Three Rivers",40-49,219,13,2
2020-08-19,Chickahominy,30-39,148,3,0
2020-08-19,"Central Shenandoah",60-69,356,51,15
2020-08-19,"Western Tidewater",60-69,310,29,10
2020-08-19,"Cumberland Plateau",30-39,55,2,0
2020-08-19,Portsmouth,19-Oct,169,0,0
2020-08-19,Chesterfield,Missing,126,1,0
2020-08-19,Alexandria,40-49,572,45,0
2020-08-19,"Thomas Jefferson",70-79,147,26,9
2020-08-19,"Three Rivers",30-39,236,7,0
2020-08-19,"Western Tidewater",70-79,189,31,20
2020-08-19,Arlington,60-69,325,83,19
2020-08-19,"Cumberland Plateau",19-Oct,54,1,0
2020-08-19,"West Piedmont",30-39,173,5,0
2020-08-19,Peninsula,19-Oct,208,1,0
2020-08-19,Lenowisco,19-Oct,56,0,0
2020-08-19,Chesapeake,0-9,108,1,0
2020-08-19,Peninsula,50-59,402,24,3
2020-08-19,"Cumberland Plateau",Missing,0,0,0
2020-08-19,Peninsula,60-69,289,36,4
2020-08-19,"Lord Fairfax",30-39,436,13,1
2020-08-19,"Virginia Beach",Missing,131,0,0
2020-08-19,Arlington,40-49,529,56,8
2020-08-19,"West Piedmont",19-Oct,119,0,0
2020-08-19,Chickahominy,70-79,89,25,7
2020-08-19,Pittsylvania-Danville,20-29,145,0,0
2020-08-19,Loudoun,50-59,830,70,4
2020-08-19,Richmond,30-39,722,40,1
2020-08-19,"Thomas Jefferson",Missing,2,0,0
2020-08-19,"Rappahannock Rapidan",80+,41,19,9
2020-08-19,"Lord Fairfax",Missing,3,1,0
2020-08-19,"Cumberland Plateau",50-59,74,7,0
2020-08-19,Loudoun,Missing,66,0,1
2020-08-19,Southside,50-59,136,13,1
2020-08-19,Chesterfield,20-29,933,12,0
2020-08-19,Norfolk,70-79,157,46,12
2020-08-19,Alleghany,19-Oct,124,0,0
2020-08-19,Crater,80+,164,35,22
2020-08-19,Portsmouth,Missing,22,1,0
2020-08-19,"Western Tidewater",19-Oct,163,0,0
2020-08-19,Chesterfield,19-Oct,497,2,0
2020-08-19,Southside,60-69,109,17,6
2020-08-20,"West Piedmont",0-9,38,1,0
2020-08-20,"Rappahannock Rapidan",70-79,58,14,8
2020-08-20,"Central Shenandoah",70-79,184,57,18
2020-08-20,Chesapeake,30-39,654,22,0
2020-08-20,Chickahominy,0-9,29,0,0
2020-08-20,"Prince William",0-9,519,12,0
2020-08-20,"Eastern Shore",50-59,291,23,5
2020-08-20,"Mount Rogers",50-59,253,18,3
2020-08-20,Loudoun,19-Oct,782,1,0
2020-08-20,Southside,80+,89,12,13
2020-08-20,"Central Virginia",80+,75,11,6
2020-08-20,Rappahannock,Missing,28,0,0
2020-08-20,"Rappahannock Rapidan",30-39,412,19,1
2020-08-20,"New River",50-59,79,6,0
2020-08-20,Richmond,80+,72,29,10
2020-08-20,"Mount Rogers",20-29,262,0,0
2020-08-20,"Eastern Shore",20-29,211,6,0
2020-08-20,Hampton,19-Oct,87,0,0
2020-08-20,Portsmouth,0-9,70,3,0
2020-08-20,Crater,70-79,207,48,23
2020-08-20,Chesterfield,40-49,875,34,3
2020-08-20,Alexandria,Missing,11,0,0
2020-08-20,Southside,30-39,169,4,0
2020-08-20,"Prince William",Missing,186,3,0
2020-08-20,Hampton,60-69,127,11,3
2020-08-20,Fairfax,20-29,2991,101,3
2020-08-20,"Thomas Jefferson",0-9,101,1,0
2020-08-20,Lenowisco,40-49,78,5,0
2020-08-20,"Central Virginia",19-Oct,197,2,0
2020-08-20,Lenowisco,70-79,59,19,6
2020-08-20,"Virginia Beach",0-9,183,0,0
2020-08-20,Lenowisco,50-59,84,10,1
2020-08-20,Chesapeake,70-79,173,50,5
2020-08-20,"Western Tidewater",80+,196,36,46
2020-08-20,"Thomas Jefferson",19-Oct,188,2,0
2020-08-20,Richmond,40-49,549,41,4
2020-08-20,"Lord Fairfax",50-59,433,35,4
2020-08-20,"Lord Fairfax",19-Oct,216,4,0
2020-08-20,"Rappahannock Rapidan",19-Oct,188,4,0
2020-08-20,Crater,50-59,454,47,4
2020-08-20,Arlington,Missing,15,1,0
2020-08-20,Roanoke,50-59,126,4,0
2020-08-20,Rappahannock,19-Oct,423,4,0
2020-08-20,Roanoke,19-Oct,120,1,0
2020-08-20,"Eastern Shore",Missing,6,0,0
2020-08-20,"Mount Rogers",Missing,0,0,0
2020-08-20,"Prince William",60-69,988,190,50
2020-08-20,Alleghany,70-79,91,12,10
2020-08-20,Crater,20-29,457,9,0
2020-08-20,Loudoun,60-69,328,61,9
2020-08-20,Fairfax,0-9,649,27,0
2020-08-20,Roanoke,Missing,3,0,0
2020-08-20,Alexandria,20-29,576,11,1
2020-08-20,Portsmouth,70-79,106,25,7
2020-08-20,Alleghany,30-39,142,5,0
2020-08-20,"Prince William",20-29,2324,62,0
2020-08-20,Southside,70-79,88,15,17
2020-08-20,Piedmont,Missing,1,0,0
2020-08-20,Rappahannock,0-9,181,2,0
2020-08-20,Henrico,30-39,755,22,0
2020-08-20,"Prince William",19-Oct,1101,10,0
2020-08-20,Chickahominy,19-Oct,88,0,0
2020-08-20,"Lord Fairfax",0-9,85,2,0
2020-08-20,"Central Virginia",Missing,1,0,0
2020-08-20,Fairfax,60-69,1658,366,69
2020-08-20,Norfolk,0-9,142,2,0
2020-08-20,"Cumberland Plateau",40-49,66,4,0
2020-08-20,"Eastern Shore",19-Oct,70,1,0
2020-08-20,"Mount Rogers",19-Oct,133,0,0
2020-08-20,"Rappahannock Rapidan",0-9,107,1,0
2020-08-20,"Three Rivers",0-9,28,1,0
2020-08-20,Henrico,40-49,628,41,2
2020-08-20,Alexandria,50-59,410,59,12
2020-08-20,Arlington,0-9,77,2,0
2020-08-20,Chickahominy,Missing,18,0,0
2020-08-20,"New River",20-29,198,0,0
2020-08-20,"Virginia Beach",20-29,1439,11,0
2020-08-20,Chesapeake,50-59,487,47,1
2020-08-20,Alleghany,80+,47,12,6
2020-08-20,Fairfax,19-Oct,1234,35,0
2020-08-20,Chesapeake,60-69,360,65,10
2020-08-20,"West Piedmont",Missing,0,0,0
2020-08-20,Peninsula,80+,109,30,22
2020-08-20,Crater,40-49,396,24,1
2020-08-20,Chesapeake,40-49,511,36,1
2020-08-20,"Thomas Jefferson",20-29,388,3,0
2020-08-20,"Lord Fairfax",20-29,446,7,0
2020-08-20,Norfolk,20-29,1344,16,0
2020-08-20,Arlington,30-39,624,44,0
2020-08-20,"West Piedmont",60-69,162,27,2
2020-08-20,Henrico,50-59,542,60,11
2020-08-20,"West Piedmont",50-59,245,40,3
2020-08-20,"Cumberland Plateau",20-29,64,0,0
2020-08-20,Alexandria,70-79,115,42,18
2020-08-20,Portsmouth,20-29,446,13,0
2020-08-20,"Western Tidewater",30-39,384,18,2
2020-08-20,"Central Shenandoah",0-9,92,0,0
2020-08-20,Henrico,80+,375,84,90
2020-08-20,Alexandria,0-9,177,2,0
2020-08-20,Pittsylvania-Danville,40-49,189,9,1
2020-08-20,Henrico,20-29,720,19,0
2020-08-20,Roanoke,60-69,77,6,1
2020-08-20,Peninsula,30-39,615,15,2
2020-08-20,Alleghany,60-69,96,11,1
2020-08-20,"Prince William",70-79,390,118,53
2020-08-20,Norfolk,60-69,384,58,9
2020-08-20,Southside,40-49,147,6,0
2020-08-20,Chesterfield,30-39,1005,20,1
2020-08-20,Loudoun,70-79,177,56,19
2020-08-20,"Central Virginia",40-49,250,3,0
2020-08-20,"New River",Missing,5,0,0
2020-08-20,Chickahominy,20-29,171,3,0
2020-08-20,"New River",0-9,18,0,0
2020-08-20,"Cumberland Plateau",0-9,18,0,0
2020-08-20,"Three Rivers",70-79,65,13,8
2020-08-20,"Rappahannock Rapidan",40-49,381,24,3
2020-08-20,Hampton,0-9,34,0,0
2020-08-20,Piedmont,50-59,250,26,3
2020-08-20,Rappahannock,20-29,789,17,0
2020-08-20,"West Piedmont",20-29,211,4,0
2020-08-20,Arlington,70-79,188,74,33
2020-08-20,Chickahominy,50-59,200,25,1
2020-08-20,Alleghany,40-49,148,4,0
2020-08-20,"Prince William",50-59,1841,224,17
2020-08-20,"Mount Rogers",0-9,64,1,0
2020-08-20,"Eastern Shore",0-9,26,3,0
2020-08-20,"Thomas Jefferson",60-69,203,35,4
2020-08-20,Pittsylvania-Danville,70-79,58,18,1
2020-08-20,Chesterfield,80+,173,39,50
2020-08-20,Richmond,0-9,136,6,0
2020-08-20,Chesapeake,80+,147,43,24
2020-08-20,Peninsula,40-49,471,16,1
2020-08-20,Henrico,0-9,160,4,0
2020-08-20,Lenowisco,80+,21,5,0
2020-08-20,Piedmont,60-69,186,26,5
2020-08-20,Hampton,20-29,368,3,0
2020-08-20,"Central Shenandoah",40-49,487,17,0
2020-08-20,Pittsylvania-Danville,0-9,45,0,0
2020-08-20,Crater,30-39,487,9,0
2020-08-20,"Virginia Beach",70-79,243,66,18
2020-08-20,"Virginia Beach",30-39,1074,22,1
2020-08-20,Piedmont,0-9,32,0,0
2020-08-20,"Central Shenandoah",30-39,436,8,0
2020-08-20,Hampton,50-59,184,12,1
2020-08-20,Peninsula,70-79,176,47,15
2020-08-20,Arlington,20-29,719,22,0
2020-08-20,"West Piedmont",70-79,99,35,9
2020-08-20,Richmond,20-29,854,21,0
2020-08-20,Roanoke,0-9,47,0,0
2020-08-20,Hampton,30-39,255,3,0
2020-08-20,"Thomas Jefferson",30-39,395,13,0
2020-08-20,"Western Tidewater",40-49,345,9,3
2020-08-20,Richmond,50-59,407,76,2
2020-08-20,"Western Tidewater",50-59,417,23,4
2020-08-20,Crater,Missing,29,0,0
2020-08-20,Arlington,50-59,452,72,6
2020-08-20,Piedmont,70-79,92,28,8
2020-08-20,Alexandria,60-69,249,56,3
2020-08-20,Portsmouth,30-39,364,16,1
2020-08-20,Lenowisco,20-29,74,0,0
2020-08-20,"Central Virginia",30-39,246,9,0
2020-08-20,Norfolk,19-Oct,254,2,0
2020-08-20,"New River",19-Oct,84,0,0
2020-08-20,"Central Virginia",20-29,443,3,0
2020-08-20,Rappahannock,50-59,616,64,5
2020-08-20,Rappahannock,60-69,312,61,8
2020-08-20,Piedmont,20-29,284,3,0
2020-08-20,"New River",60-69,47,8,1
2020-08-20,Roanoke,40-49,163,5,0
2020-08-20,"Three Rivers",20-29,217,4,0
2020-08-20,Rappahannock,40-49,682,51,2
2020-08-20,Portsmouth,80+,50,10,7
2020-08-20,"Central Shenandoah",Missing,2,0,0
2020-08-20,"Eastern Shore",70-79,61,22,12
2020-08-20,"Mount Rogers",70-79,159,48,20
2020-08-20,"Cumberland Plateau",70-79,33,4,0
2020-08-20,Piedmont,19-Oct,57,0,0
2020-08-20,Southside,20-29,123,2,0
2020-08-20,Chesterfield,50-59,696,59,5
2020-08-20,"Rappahannock Rapidan",20-29,392,6,0
2020-08-20,"Cumberland Plateau",60-69,56,11,2
2020-08-20,Roanoke,70-79,30,6,2
2020-08-20,"Central Shenandoah",20-29,590,11,0
2020-08-20,Pittsylvania-Danville,80+,69,14,7
2020-08-20,"Virginia Beach",80+,205,63,32
2020-08-20,"Central Shenandoah",50-59,494,42,5
2020-08-20,Lenowisco,Missing,0,0,0
2020-08-20,Fairfax,30-39,3351,220,7
2020-08-20,Lenowisco,60-69,84,10,2
2020-08-20,Loudoun,30-39,967,34,0
2020-08-20,"West Piedmont",80+,102,43,9
2020-08-20,Roanoke,80+,55,5,12
2020-08-20,Fairfax,40-49,3136,318,12
2020-08-20,"Thomas Jefferson",80+,173,36,28
2020-08-20,Roanoke,20-29,247,5,0
2020-08-20,Henrico,60-69,384,63,37
2020-08-20,"Lord Fairfax",40-49,410,20,1
2020-08-20,"Western Tidewater",Missing,21,0,0
2020-08-20,Chickahominy,60-69,119,26,8
2020-08-20,Chesapeake,20-29,651,6,0
2020-08-20,"Three Rivers",Missing,10,1,0
2020-08-20,Henrico,70-79,276,60,47
2020-08-20,"Western Tidewater",20-29,368,6,0
2020-08-20,Peninsula,0-9,123,0,0
2020-08-20,Loudoun,40-49,1056,65,1
2020-08-20,Pittsylvania-Danville,30-39,165,1,0
2020-08-20,Loudoun,20-29,956,12,0
2020-08-20,Crater,60-69,356,59,19
2020-08-20,Loudoun,80+,225,59,81
2020-08-20,Arlington,80+,208,85,71
2020-08-20,"Virginia Beach",19-Oct,415,0,0
2020-08-20,"Mount Rogers",80+,135,43,35
2020-08-20,"Eastern Shore",80+,55,25,20
2020-08-20,Crater,19-Oct,135,2,0
2020-08-20,Lenowisco,30-39,92,3,1
2020-08-20,Norfolk,Missing,41,1,0
2020-08-20,Henrico,Missing,48,1,1
2020-08-20,"New River",40-49,82,2,0
2020-08-20,"Central Virginia",0-9,50,0,0
2020-08-20,"New River",70-79,39,11,4
2020-08-20,Loudoun,0-9,220,4,0
2020-08-20,"Central Virginia",70-79,119,15,5
2020-08-20,Southside,0-9,11,0,0
2020-08-20,"Three Rivers",40-49,217,13,2
2020-08-20,Chickahominy,30-39,148,3,0
2020-08-20,"Central Shenandoah",60-69,358,51,15
2020-08-20,"Western Tidewater",60-69,310,30,11
2020-08-20,"Cumberland Plateau",30-39,57,2,0
2020-08-20,Portsmouth,19-Oct,172,0,0
2020-08-20,Chesterfield,Missing,126,1,0
2020-08-20,Alexandria,40-49,577,45,0
2020-08-20,"Thomas Jefferson",70-79,148,26,9
2020-08-20,"Three Rivers",30-39,237,7,0
2020-08-20,"Western Tidewater",70-79,191,31,20
2020-08-20,Arlington,60-69,326,85,19
2020-08-20,"Cumberland Plateau",19-Oct,58,1,0
2020-08-20,"West Piedmont",30-39,178,5,0
2020-08-20,Peninsula,19-Oct,209,1,0
2020-08-20,Lenowisco,19-Oct,57,0,0
2020-08-20,Chesapeake,0-9,108,1,0
2020-08-20,Peninsula,50-59,405,24,3
2020-08-20,"Cumberland Plateau",Missing,0,0,0
2020-08-20,Peninsula,60-69,290,36,4
2020-08-20,"Lord Fairfax",30-39,439,13,1
2020-08-20,"Virginia Beach",Missing,131,0,0
2020-08-20,Arlington,40-49,531,57,8
2020-08-20,"West Piedmont",19-Oct,119,0,0
2020-08-20,Chickahominy,70-79,91,25,7
2020-08-20,Pittsylvania-Danville,20-29,148,0,0
2020-08-20,Loudoun,50-59,837,71,4
2020-08-20,Richmond,30-39,730,41,1
2020-08-20,"Thomas Jefferson",Missing,3,0,0
2020-08-20,"Rappahannock Rapidan",80+,42,19,9
2020-08-20,"Lord Fairfax",Missing,2,0,0
2020-08-20,"Cumberland Plateau",50-59,74,7,0
2020-08-20,Loudoun,Missing,66,0,1
2020-08-20,Southside,50-59,140,13,1
2020-08-20,Chesterfield,20-29,938,12,0
2020-08-20,Norfolk,70-79,159,46,12
2020-08-20,Alleghany,19-Oct,124,0,0
2020-08-20,Crater,80+,169,35,22
2020-08-20,Portsmouth,Missing,22,1,0
2020-08-20,"Western Tidewater",19-Oct,165,0,0
2020-08-20,Chesterfield,19-Oct,502,2,0
2020-08-20,Southside,60-69,109,17,6
2020-08-20,Henrico,19-Oct,336,5,0
2020-08-20,"Mount Rogers",30-39,231,10,0
2020-08-20,"Eastern Shore",30-39,250,11,0
2020-08-20,Chesterfield,0-9,202,2,0
2020-08-20,"Central Shenandoah",19-Oct,180,1,0
2020-08-20,Crater,0-9,55,2,0
2020-08-20,Fairfax,70-79,758,265,119
2020-08-20,Rappahannock,80+,151,52,25
2020-08-20,Alexandria,19-Oct,232,5,0
2020-08-20,Portsmouth,40-49,305,18,1
2020-08-20,"Three Rivers",50-59,176,13,0
2020-08-20,Alleghany,Missing,3,0,0
2020-08-20,Alexandria,30-39,732,35,0
2020-08-20,Southside,Missing,1,0,0
2020-08-20,Portsmouth,60-69,233,31,8
2020-08-20,Roanoke,30-39,236,4,0
2020-08-20,"Three Rivers",60-69,125,18,2
2020-08-20,Fairfax,50-59,2675,361,36
2020-08-20,Portsmouth,50-59,277,35,4
2020-08-20,Chickahominy,80+,94,39,29
2020-08-20,"Rappahannock Rapidan",50-59,315,32,2
2020-08-20,Fairfax,80+,867,326,307
2020-08-20,Hampton,Missing,29,0,0
2020-08-20,"Cumberland Plateau",80+,28,8,4
2020-08-20,Alleghany,50-59,152,10,1
2020-08-20,"Prince William",40-49,2469,185,8
2020-08-20,Fairfax,Missing,180,6,0
2020-08-20,"Virginia Beach",40-49,724,26,2
2020-08-20,Richmond,Missing,28,0,0
2020-08-20,Norfolk,40-49,481,25,2
2020-08-20,Piedmont,80+,64,24,20
2020-08-20,"Virginia Beach",60-69,502,61,6
2020-08-20,"West Piedmont",40-49,215,14,3
2020-08-20,Arlington,19-Oct,170,5,0
2020-08-20,Lenowisco,0-9,28,0,0
2020-08-20,Pittsylvania-Danville,50-59,213,21,0
2020-08-20,"Virginia Beach",50-59,646,35,2
2020-08-20,Chesapeake,Missing,43,2,0
2020-08-20,"Central Shenandoah",80+,161,43,22
2020-08-20,"Thomas Jefferson",40-49,328,20,0
2020-08-20,"Rappahannock Rapidan",60-69,174,23,5
2020-08-20,Norfolk,30-39,730,27,1
2020-08-20,"Rappahannock Rapidan",Missing,12,0,0
2020-08-20,"Lord Fairfax",80+,211,46,52
2020-08-20,"Three Rivers",19-Oct,65,1,0
2020-08-20,Piedmont,40-49,282,13,0
2020-08-20,Norfolk,80+,96,20,10
2020-08-20,Peninsula,20-29,872,1,0
2020-08-20,Norfolk,50-59,460,47,5
2020-08-20,"Thomas Jefferson",50-59,261,21,2
2020-08-20,Richmond,70-79,138,59,19
2020-08-20,Chesterfield,70-79,181,37,25
2020-08-20,Piedmont,30-39,319,5,0
2020-08-20,"Prince William",30-39,2289,106,2
2020-08-20,Alleghany,20-29,186,1,0
2020-08-20,Alleghany,0-9,32,0,0
2020-08-20,"Mount Rogers",40-49,233,6,2
2020-08-20,"Eastern Shore",40-49,263,13,2
2020-08-20,"Central Virginia",60-69,190,19,2
2020-08-20,Richmond,19-Oct,266,4,0
2020-08-20,Pittsylvania-Danville,60-69,145,22,2
2020-08-20,Pittsylvania-Danville,Missing,1,0,0
2020-08-20,Chesterfield,60-69,433,68,18
2020-08-20,Southside,19-Oct,28,0,0
2020-08-20,"New River",80+,17,5,3
2020-08-20,"Central Virginia",50-59,293,8,4
2020-08-20,Hampton,70-79,70,13,3
2020-08-20,Pittsylvania-Danville,19-Oct,76,0,0
2020-08-20,Richmond,60-69,300,73,7
2020-08-20,Chickahominy,40-49,141,14,1
2020-08-20,"Three Rivers",80+,52,13,6
2020-08-20,Rappahannock,30-39,738,26,0
2020-08-20,"Lord Fairfax",60-69,278,56,14
2020-08-20,"Western Tidewater",0-9,71,1,0
2020-08-20,Rappahannock,70-79,149,45,18
2020-08-20,"Prince William",80+,273,92,80
2020-08-20,Hampton,80+,29,4,2
2020-08-20,Alexandria,80+,107,32,27
2020-08-20,"Mount Rogers",60-69,203,25,2
2020-08-20,"Eastern Shore",60-69,199,31,8
2020-08-20,"Lord Fairfax",70-79,187,52,20
2020-08-20,"New River",30-39,98,4,0
2020-08-20,Chesapeake,19-Oct,250,2,0
2020-08-20,Hampton,40-49,205,7,0
2020-08-20,Peninsula,Missing,43,0,0
2020-08-21,Norfolk,0-9,142,2,0
2020-08-21,"Cumberland Plateau",40-49,66,4,0
2020-08-21,"Eastern Shore",19-Oct,71,1,0
2020-08-21,"Mount Rogers",19-Oct,139,0,0
2020-08-21,"Rappahannock Rapidan",0-9,107,1,0
2020-08-21,"Three Rivers",0-9,28,1,0
2020-08-21,Henrico,40-49,633,41,2
2020-08-21,Alexandria,50-59,414,59,12
2020-08-21,Arlington,0-9,78,2,0
2020-08-21,Chickahominy,Missing,18,0,0
2020-08-21,"New River",20-29,214,0,0
2020-08-21,"Virginia Beach",20-29,1450,11,0
2020-08-21,Chesapeake,50-59,491,47,1
2020-08-21,Alleghany,80+,47,12,6
2020-08-21,Fairfax,19-Oct,1243,35,0
2020-08-21,Chesapeake,60-69,363,66,10
2020-08-21,"West Piedmont",Missing,0,0,0
2020-08-21,Peninsula,80+,111,30,22
2020-08-21,Crater,40-49,401,25,1
2020-08-21,Chesapeake,40-49,515,37,1
2020-08-21,"Thomas Jefferson",20-29,399,3,0
2020-08-21,"Lord Fairfax",20-29,446,7,0
2020-08-21,Norfolk,20-29,1355,16,0
2020-08-21,Arlington,30-39,628,44,0
2020-08-21,"West Piedmont",60-69,165,28,2
2020-08-21,Henrico,50-59,546,61,11
2020-08-21,"West Piedmont",50-59,245,40,3
2020-08-21,"Cumberland Plateau",20-29,65,0,0
2020-08-21,Alexandria,70-79,116,42,18
2020-08-21,Portsmouth,20-29,447,13,0
2020-08-21,"Western Tidewater",30-39,392,18,2
2020-08-21,"Central Shenandoah",0-9,93,0,0
2020-08-21,Henrico,80+,378,84,90
2020-08-21,Alexandria,0-9,178,2,0
2020-08-21,Pittsylvania-Danville,40-49,194,10,1
2020-08-21,Henrico,20-29,725,19,0
2020-08-21,Roanoke,60-69,77,6,1
2020-08-21,Peninsula,30-39,624,15,2
2020-08-21,Alleghany,60-69,100,11,1
2020-08-21,"Prince William",70-79,397,119,53
2020-08-21,Norfolk,60-69,385,62,9
2020-08-21,Southside,40-49,147,6,0
2020-08-21,Chesterfield,30-39,1011,21,1
2020-08-21,Loudoun,70-79,177,56,19
2020-08-21,"Central Virginia",40-49,254,3,0
2020-08-21,"New River",Missing,5,0,0
2020-08-21,Chickahominy,20-29,173,3,0
2020-08-21,"New River",0-9,18,0,0
2020-08-21,"Cumberland Plateau",0-9,18,0,0
2020-08-21,"Three Rivers",70-79,65,13,8
2020-08-21,"Rappahannock Rapidan",40-49,385,24,3
2020-08-21,Hampton,0-9,35,0,0
2020-08-21,Piedmont,50-59,251,26,3
2020-08-21,Rappahannock,20-29,803,18,0
2020-08-21,"West Piedmont",20-29,213,4,0
2020-08-21,Arlington,70-79,188,74,33
2020-08-21,Chickahominy,50-59,205,25,1
2020-08-21,Alleghany,40-49,150,5,0
2020-08-21,"Prince William",50-59,1854,225,17
2020-08-21,"Mount Rogers",0-9,64,1,0
2020-08-21,"Eastern Shore",0-9,27,3,0
2020-08-21,"Thomas Jefferson",60-69,203,35,4
2020-08-21,Pittsylvania-Danville,70-79,58,19,2
2020-08-21,Chesterfield,80+,174,39,50
2020-08-21,Richmond,0-9,137,6,0
2020-08-21,Chesapeake,80+,148,44,24
2020-08-21,Peninsula,40-49,476,16,1
2020-08-21,Henrico,0-9,163,4,0
2020-08-21,Lenowisco,80+,21,5,0
2020-08-21,Piedmont,60-69,187,26,5
2020-08-21,"West Piedmont",0-9,42,1,0
2020-08-21,"Rappahannock Rapidan",70-79,60,14,8
2020-08-21,"Central Shenandoah",70-79,184,57,18
2020-08-21,Chesapeake,30-39,659,22,0
2020-08-21,Chickahominy,0-9,30,0,0
2020-08-21,"Prince William",0-9,523,12,0
2020-08-21,"Eastern Shore",50-59,291,23,5
2020-08-21,"Mount Rogers",50-59,254,18,3
2020-08-21,Loudoun,19-Oct,788,1,0
2020-08-21,Southside,80+,89,12,13
2020-08-21,"Central Virginia",80+,75,11,6
2020-08-21,Rappahannock,Missing,29,0,0
2020-08-21,"Rappahannock Rapidan",30-39,414,19,1
2020-08-21,"New River",50-59,79,6,0
2020-08-21,Richmond,80+,73,29,10
2020-08-21,"Mount Rogers",20-29,265,0,0
2020-08-21,"Eastern Shore",20-29,211,6,0
2020-08-21,Hampton,19-Oct,89,0,0
2020-08-21,Portsmouth,0-9,71,4,0
2020-08-21,Crater,70-79,209,49,23
2020-08-21,Chesterfield,40-49,877,35,3
2020-08-21,Alexandria,Missing,11,0,0
2020-08-21,Southside,30-39,170,4,0
2020-08-21,"Prince William",Missing,186,3,0
2020-08-21,Hampton,60-69,131,11,3
2020-08-21,Fairfax,20-29,3012,101,3
2020-08-21,"Thomas Jefferson",0-9,102,1,0
2020-08-21,Lenowisco,40-49,79,5,0
2020-08-21,"Central Virginia",19-Oct,203,2,0
2020-08-21,Lenowisco,70-79,61,19,6
2020-08-21,"Virginia Beach",0-9,189,0,0
2020-08-21,Lenowisco,50-59,85,10,1
2020-08-21,Chesapeake,70-79,175,50,5
2020-08-21,"Western Tidewater",80+,196,36,46
2020-08-21,"Thomas Jefferson",19-Oct,195,2,0
2020-08-21,Richmond,40-49,548,41,4
2020-08-21,"Lord Fairfax",50-59,433,35,4
2020-08-21,"Lord Fairfax",19-Oct,216,4,0
2020-08-21,"Rappahannock Rapidan",19-Oct,189,4,0
2020-08-21,Crater,50-59,458,47,4
2020-08-21,Arlington,Missing,15,1,0
2020-08-21,Roanoke,50-59,126,5,0
2020-08-21,Rappahannock,19-Oct,426,4,0
2020-08-21,Roanoke,19-Oct,122,2,0
2020-08-21,"Eastern Shore",Missing,6,0,0
2020-08-21,"Mount Rogers",Missing,0,0,0
2020-08-21,"Prince William",60-69,996,191,50
2020-08-21,Alleghany,70-79,93,12,10
2020-08-21,Crater,20-29,460,9,0
2020-08-21,Loudoun,60-69,331,61,9
2020-08-21,Fairfax,0-9,653,27,0
2020-08-21,Roanoke,Missing,3,0,0
2020-08-21,Alexandria,20-29,580,11,1
2020-08-21,Portsmouth,70-79,106,25,7
2020-08-21,Alleghany,30-39,143,5,0
2020-08-21,"Prince William",20-29,2346,63,0
2020-08-21,Southside,70-79,88,15,17
2020-08-21,Piedmont,Missing,1,0,0
2020-08-21,Rappahannock,0-9,182,2,0
2020-08-21,Henrico,30-39,765,22,0
2020-08-21,"Prince William",19-Oct,1107,10,0
2020-08-21,Chickahominy,19-Oct,88,0,0
2020-08-21,"Lord Fairfax",0-9,88,2,0
2020-08-21,"Central Virginia",Missing,1,0,0
2020-08-21,Peninsula,Missing,43,0,0
2020-08-21,Henrico,70-79,275,60,47
2020-08-21,"Western Tidewater",20-29,376,6,0
2020-08-21,Peninsula,0-9,123,0,0
2020-08-21,Loudoun,40-49,1066,66,1
2020-08-21,Pittsylvania-Danville,30-39,170,1,0
2020-08-21,Loudoun,20-29,963,12,0
2020-08-21,Crater,60-69,365,59,19
2020-08-21,Loudoun,80+,225,59,81
2020-08-21,Arlington,80+,208,86,71
2020-08-21,"Virginia Beach",19-Oct,426,1,0
2020-08-21,"Mount Rogers",80+,135,43,35
2020-08-21,"Eastern Shore",80+,55,25,20
2020-08-21,Crater,19-Oct,135,2,0
2020-08-21,Lenowisco,30-39,95,3,1
2020-08-21,Norfolk,Missing,41,1,0
2020-08-21,Henrico,Missing,47,1,1
2020-08-21,"New River",40-49,84,2,0
2020-08-21,"Central Virginia",0-9,50,0,0
2020-08-21,"New River",70-79,39,11,4
2020-08-21,Loudoun,0-9,221,4,0
2020-08-21,"Central Virginia",70-79,123,15,5
2020-08-21,Southside,0-9,14,0,0
2020-08-21,"Three Rivers",40-49,219,13,2
2020-08-21,Chickahominy,30-39,147,3,0
2020-08-21,"Central Shenandoah",60-69,362,51,15
2020-08-21,"Western Tidewater",60-69,323,31,11
2020-08-21,"Cumberland Plateau",30-39,60,2,0
2020-08-21,Portsmouth,19-Oct,173,0,0
2020-08-21,Chesterfield,Missing,124,1,0
2020-08-21,Alexandria,40-49,581,45,0
2020-08-21,"Thomas Jefferson",70-79,149,27,9
2020-08-21,"Three Rivers",30-39,237,7,0
2020-08-21,"Western Tidewater",70-79,191,32,20
2020-08-21,Arlington,60-69,327,85,19
2020-08-21,"Cumberland Plateau",19-Oct,59,1,0
2020-08-21,"West Piedmont",30-39,180,5,0
2020-08-21,Peninsula,19-Oct,212,1,0
2020-08-21,Lenowisco,19-Oct,57,0,0
2020-08-21,Chesapeake,0-9,109,1,0
2020-08-21,Peninsula,50-59,409,24,3
2020-08-21,"Cumberland Plateau",Missing,0,0,0
2020-08-21,Peninsula,60-69,296,36,4
2020-08-21,"Lord Fairfax",30-39,439,13,1
2020-08-21,"Virginia Beach",Missing,131,0,0
2020-08-21,Arlington,40-49,535,57,8
2020-08-21,"West Piedmont",19-Oct,121,0,0
2020-08-21,Chickahominy,70-79,91,25,7
2020-08-21,Pittsylvania-Danville,20-29,151,0,0
2020-08-21,Loudoun,50-59,840,71,4
2020-08-21,Richmond,30-39,735,42,1
2020-08-21,"Thomas Jefferson",Missing,3,0,0
2020-08-21,"Rappahannock Rapidan",80+,47,20,9
2020-08-21,"Lord Fairfax",Missing,2,0,0
2020-08-21,"Cumberland Plateau",50-59,75,7,0
2020-08-21,Loudoun,Missing,66,0,1
2020-08-21,Southside,50-59,144,13,1
2020-08-21,Chesterfield,20-29,942,12,0
2020-08-21,Norfolk,70-79,161,46,12
2020-08-21,Alleghany,19-Oct,125,0,0
2020-08-21,Crater,80+,171,35,22
2020-08-21,Portsmouth,Missing,22,1,0
2020-08-21,"Western Tidewater",19-Oct,176,0,0
2020-08-21,Chesterfield,19-Oct,509,2,0
2020-08-21,Southside,60-69,110,17,6
2020-08-21,Fairfax,60-69,1671,367,69
2020-08-21,Hampton,20-29,376,3,0
2020-08-21,"Central Shenandoah",40-49,488,17,0
2020-08-21,Pittsylvania-Danville,0-9,46,0,0
2020-08-21,Crater,30-39,489,9,0
2020-08-21,"Virginia Beach",70-79,244,68,18
2020-08-21,"Virginia Beach",30-39,1085,24,1
2020-08-21,Piedmont,0-9,33,0,0
2020-08-21,"Central Shenandoah",30-39,436,8,0
2020-08-21,Hampton,50-59,189,12,2
2020-08-21,Peninsula,70-79,180,48,15
2020-08-21,Arlington,20-29,725,22,0
2020-08-21,"West Piedmont",70-79,99,36,9
2020-08-21,Richmond,20-29,864,21,0
2020-08-21,Roanoke,0-9,48,0,0
2020-08-21,Hampton,30-39,258,3,0
2020-08-21,"Thomas Jefferson",30-39,399,13,0
2020-08-21,"Western Tidewater",40-49,350,9,3
2020-08-21,Richmond,50-59,409,77,2
2020-08-21,"Western Tidewater",50-59,428,24,4
2020-08-21,Crater,Missing,29,0,0
2020-08-21,Arlington,50-59,458,72,6
2020-08-21,Piedmont,70-79,94,28,8
2020-08-21,Alexandria,60-69,251,56,3
2020-08-21,Portsmouth,30-39,367,16,1
2020-08-21,Lenowisco,20-29,75,0,0
2020-08-21,"Central Virginia",30-39,254,9,0
2020-08-21,Norfolk,19-Oct,255,2,0
2020-08-21,"New River",19-Oct,96,0,0
2020-08-21,"Central Virginia",20-29,452,3,0
2020-08-21,Rappahannock,50-59,616,64,5
2020-08-21,Rappahannock,60-69,311,61,8
2020-08-21,Piedmont,20-29,284,3,0
2020-08-21,"New River",60-69,48,8,1
2020-08-21,Roanoke,40-49,164,5,0
2020-08-21,"Three Rivers",20-29,218,4,0
2020-08-21,Rappahannock,40-49,689,51,2
2020-08-21,Portsmouth,80+,50,11,7
2020-08-21,"Central Shenandoah",Missing,2,0,0
2020-08-21,"Eastern Shore",70-79,61,22,12
2020-08-21,"Mount Rogers",70-79,160,48,20
2020-08-21,"Cumberland Plateau",70-79,34,4,0
2020-08-21,Piedmont,19-Oct,61,0,0
2020-08-21,Southside,20-29,124,2,0
2020-08-21,Chesterfield,50-59,702,60,5
2020-08-21,"Rappahannock Rapidan",20-29,393,6,0
2020-08-21,"Cumberland Plateau",60-69,57,11,2
2020-08-21,Roanoke,70-79,31,6,2
2020-08-21,"Central Shenandoah",20-29,595,11,0
2020-08-21,Pittsylvania-Danville,80+,70,14,8
2020-08-21,"Virginia Beach",80+,205,66,32
2020-08-21,"Central Shenandoah",50-59,496,42,5
2020-08-21,Lenowisco,Missing,0,0,0
2020-08-21,Fairfax,30-39,3365,221,7
2020-08-21,Lenowisco,60-69,86,12,2
2020-08-21,Loudoun,30-39,970,34,0
2020-08-21,"West Piedmont",80+,102,44,10
2020-08-21,Roanoke,80+,61,5,12
2020-08-21,Fairfax,40-49,3146,319,12
2020-08-21,"Thomas Jefferson",80+,174,36,28
2020-08-21,Roanoke,20-29,251,5,0
2020-08-21,Henrico,60-69,385,63,37
2020-08-21,"Lord Fairfax",40-49,411,20,1
2020-08-21,"Western Tidewater",Missing,21,0,0
2020-08-21,Chickahominy,60-69,120,26,8
2020-08-21,Chesapeake,20-29,656,6,0
2020-08-21,"Three Rivers",Missing,10,1,0
2020-08-21,Henrico,19-Oct,342,5,0
2020-08-21,"Mount Rogers",30-39,236,10,0
2020-08-21,"Eastern Shore",30-39,250,11,0
2020-08-21,Chesterfield,0-9,202,2,0
2020-08-21,"Central Shenandoah",19-Oct,183,1,0
2020-08-21,Crater,0-9,57,2,0
2020-08-21,Fairfax,70-79,760,265,119
2020-08-21,Rappahannock,80+,153,56,25
2020-08-21,Alexandria,19-Oct,231,5,0
2020-08-21,Portsmouth,40-49,306,18,1
2020-08-21,"Three Rivers",50-59,180,13,0
2020-08-21,Alleghany,Missing,3,0,0
2020-08-21,Alexandria,30-39,732,35,0
2020-08-21,Southside,Missing,1,0,0
2020-08-21,Portsmouth,60-69,236,32,10
2020-08-21,Roanoke,30-39,239,4,0
2020-08-21,"Three Rivers",60-69,126,18,2
2020-08-21,Fairfax,50-59,2689,361,36
2020-08-21,Portsmouth,50-59,279,36,4
2020-08-21,Chickahominy,80+,93,39,29
2020-08-21,"Rappahannock Rapidan",50-59,320,33,2
2020-08-21,Fairfax,80+,870,326,307
2020-08-21,Hampton,Missing,30,0,0
2020-08-21,"Cumberland Plateau",80+,28,8,4
2020-08-21,Alleghany,50-59,159,10,1
2020-08-21,"Prince William",40-49,2490,185,8
2020-08-21,Fairfax,Missing,180,6,0
2020-08-21,"Virginia Beach",40-49,732,27,2
2020-08-21,Richmond,Missing,28,0,0
2020-08-21,Norfolk,40-49,484,25,2
2020-08-21,Piedmont,80+,66,24,20
2020-08-21,"Virginia Beach",60-69,505,63,6
2020-08-21,"West Piedmont",40-49,217,14,3
2020-08-21,Arlington,19-Oct,172,5,0
2020-08-21,Lenowisco,0-9,28,0,0
2020-08-21,Pittsylvania-Danville,50-59,220,22,1
2020-08-21,"Virginia Beach",50-59,656,38,2
2020-08-21,Chesapeake,Missing,43,2,0
2020-08-21,"Central Shenandoah",80+,162,43,22
2020-08-21,"Thomas Jefferson",40-49,329,20,0
2020-08-21,"Rappahannock Rapidan",60-69,174,23,5
2020-08-21,Norfolk,30-39,733,28,1
2020-08-21,"Rappahannock Rapidan",Missing,12,0,0
2020-08-21,"Lord Fairfax",80+,211,46,52
2020-08-21,"Three Rivers",19-Oct,66,1,0
2020-08-21,Piedmont,40-49,286,13,0
2020-08-21,Norfolk,80+,98,20,10
2020-08-21,Peninsula,20-29,878,1,0
2020-08-21,Norfolk,50-59,465,49,5
2020-08-21,"Thomas Jefferson",50-59,264,21,2
2020-08-21,Richmond,70-79,141,59,19
2020-08-21,Chesterfield,70-79,182,37,25
2020-08-21,Piedmont,30-39,320,5,0
2020-08-21,"Prince William",30-39,2301,108,2
2020-08-21,Alleghany,20-29,193,1,0
2020-08-21,Alleghany,0-9,32,0,0
2020-08-21,"Mount Rogers",40-49,236,6,2
2020-08-21,"Eastern Shore",40-49,263,13,2
2020-08-21,"Central Virginia",60-69,195,19,2
2020-08-21,Richmond,19-Oct,265,4,0
2020-08-21,Pittsylvania-Danville,60-69,147,23,4
2020-08-21,Pittsylvania-Danville,Missing,1,0,0
2020-08-21,Chesterfield,60-69,436,69,18
2020-08-21,Southside,19-Oct,28,0,0
2020-08-21,"New River",80+,17,5,3
2020-08-21,"Central Virginia",50-59,297,8,4
2020-08-21,Hampton,70-79,72,13,3
2020-08-21,Pittsylvania-Danville,19-Oct,76,0,0
2020-08-21,Richmond,60-69,302,73,7
2020-08-21,Chickahominy,40-49,142,14,1
2020-08-21,"Three Rivers",80+,53,13,6
2020-08-21,Rappahannock,30-39,743,26,0
2020-08-21,"Lord Fairfax",60-69,279,56,14
2020-08-21,"Western Tidewater",0-9,73,1,0
2020-08-21,Rappahannock,70-79,151,45,18
2020-08-21,"Prince William",80+,276,92,80
2020-08-21,Hampton,80+,31,4,2
2020-08-21,Alexandria,80+,109,33,27
2020-08-21,"Mount Rogers",60-69,208,25,2
2020-08-21,"Eastern Shore",60-69,201,31,8
2020-08-21,"Lord Fairfax",70-79,187,52,20
2020-08-21,"New River",30-39,100,4,0
2020-08-21,Chesapeake,19-Oct,253,2,0
2020-08-21,Hampton,40-49,206,7,0
2020-08-22,"West Piedmont",0-9,42,1,0
2020-08-22,"Rappahannock Rapidan",70-79,62,14,8
2020-08-22,"Central Shenandoah",70-79,184,57,18
2020-08-22,Chesapeake,30-39,665,22,0
2020-08-22,Chickahominy,0-9,30,0,0
2020-08-22,"Prince William",0-9,530,12,0
2020-08-22,"Eastern Shore",50-59,291,23,5
2020-08-22,"Mount Rogers",50-59,258,19,3
2020-08-22,Loudoun,19-Oct,791,1,0
2020-08-22,Southside,80+,90,12,13
2020-08-22,"Central Virginia",80+,81,12,7
2020-08-22,Rappahannock,Missing,29,0,0
2020-08-22,"Rappahannock Rapidan",30-39,414,19,1
2020-08-22,"New River",50-59,77,6,0
2020-08-22,Richmond,80+,77,29,10
2020-08-22,"Mount Rogers",20-29,275,0,0
2020-08-22,"Eastern Shore",20-29,211,6,0
2020-08-22,Hampton,19-Oct,91,0,0
2020-08-22,Portsmouth,0-9,71,4,0
2020-08-22,Crater,70-79,210,50,23
2020-08-22,Chesterfield,40-49,881,36,3
2020-08-22,Alexandria,Missing,11,0,0
2020-08-22,Southside,30-39,172,4,0
2020-08-22,"Prince William",Missing,186,3,0
2020-08-22,Hampton,60-69,133,11,3
2020-08-22,Fairfax,20-29,3038,101,3
2020-08-22,"Thomas Jefferson",0-9,103,1,0
2020-08-22,Lenowisco,40-49,80,5,0
2020-08-22,"Central Virginia",19-Oct,207,2,0
2020-08-22,Lenowisco,70-79,61,19,6
2020-08-22,"Virginia Beach",0-9,190,1,0
2020-08-22,Lenowisco,50-59,88,10,1
2020-08-22,Chesapeake,70-79,178,51,5
2020-08-22,"Western Tidewater",80+,197,36,46
2020-08-22,"Thomas Jefferson",19-Oct,201,2,0
2020-08-22,Richmond,40-49,549,40,4
2020-08-22,"Lord Fairfax",50-59,435,35,4
2020-08-22,"Lord Fairfax",19-Oct,220,4,0
2020-08-22,"Rappahannock Rapidan",19-Oct,192,4,0
2020-08-22,Crater,50-59,475,48,4
2020-08-22,Arlington,Missing,15,1,0
2020-08-22,Roanoke,50-59,126,5,0
2020-08-22,Rappahannock,19-Oct,434,4,0
2020-08-22,Roanoke,19-Oct,121,2,0
2020-08-22,"Eastern Shore",Missing,6,0,0
2020-08-22,"Mount Rogers",Missing,0,0,0
2020-08-22,"Prince William",60-69,1003,191,50
2020-08-22,Alleghany,70-79,94,13,10
2020-08-22,Crater,20-29,472,9,0
2020-08-22,Loudoun,60-69,333,62,9
2020-08-22,Fairfax,0-9,661,27,0
2020-08-22,Roanoke,Missing,3,0,0
2020-08-22,Alexandria,20-29,586,11,1
2020-08-22,Portsmouth,70-79,107,26,7
2020-08-22,Alleghany,30-39,146,5,0
2020-08-22,"Prince William",20-29,2377,63,0
2020-08-22,Southside,70-79,88,15,17
2020-08-22,Piedmont,Missing,1,0,0
2020-08-22,Rappahannock,0-9,183,2,0
2020-08-22,Henrico,30-39,770,22,0
2020-08-22,"Prince William",19-Oct,1115,10,0
2020-08-22,Chickahominy,19-Oct,88,0,0
2020-08-22,"Lord Fairfax",0-9,89,2,0
2020-08-22,"Central Virginia",Missing,1,0,0
2020-08-22,Chesapeake,20-29,665,6,0
2020-08-22,"Three Rivers",Missing,10,1,0
2020-08-22,Henrico,19-Oct,346,5,0
2020-08-22,"Mount Rogers",30-39,239,11,0
2020-08-22,"Eastern Shore",30-39,250,11,0
2020-08-22,Chesterfield,0-9,203,2,0
2020-08-22,"Central Shenandoah",19-Oct,186,1,0
2020-08-22,Crater,0-9,57,2,0
2020-08-22,Fairfax,70-79,760,265,119
2020-08-22,Rappahannock,80+,155,59,26
2020-08-22,Alexandria,19-Oct,234,5,0
2020-08-22,Portsmouth,40-49,310,18,1
2020-08-22,"Three Rivers",50-59,181,13,0
2020-08-22,Alleghany,Missing,3,0,0
2020-08-22,Alexandria,30-39,742,37,0
2020-08-22,Southside,Missing,1,0,0
2020-08-22,Portsmouth,60-69,243,33,10
2020-08-22,Roanoke,30-39,239,4,0
2020-08-22,"Three Rivers",60-69,128,19,2
2020-08-22,Fairfax,50-59,2706,361,36
2020-08-22,Portsmouth,50-59,282,36,4
2020-08-22,Chickahominy,80+,93,39,29
2020-08-22,"Rappahannock Rapidan",50-59,322,33,2
2020-08-22,Fairfax,80+,870,326,307
2020-08-22,Hampton,Missing,30,0,0
2020-08-22,"Cumberland Plateau",80+,28,8,4
2020-08-22,Alleghany,50-59,161,10,1
2020-08-22,"Prince William",40-49,2512,185,8
2020-08-22,Fairfax,Missing,182,6,0
2020-08-22,"Virginia Beach",40-49,744,27,2
2020-08-22,Richmond,Missing,28,0,0
2020-08-22,Norfolk,40-49,489,25,2
2020-08-22,Piedmont,80+,66,24,20
2020-08-22,"Virginia Beach",60-69,510,66,7
2020-08-22,"West Piedmont",40-49,226,15,3
2020-08-22,Arlington,19-Oct,173,5,0
2020-08-22,Lenowisco,0-9,28,0,0
2020-08-22,Pittsylvania-Danville,50-59,224,22,1
2020-08-22,"Virginia Beach",50-59,659,41,2
2020-08-22,Chesapeake,Missing,43,2,0
2020-08-22,"Central Shenandoah",80+,162,43,22
2020-08-22,"Thomas Jefferson",40-49,336,20,0
2020-08-22,"Rappahannock Rapidan",60-69,175,23,5
2020-08-22,Norfolk,30-39,739,28,1
2020-08-22,"Rappahannock Rapidan",Missing,13,0,0
2020-08-22,"Lord Fairfax",80+,212,46,52
2020-08-22,"Three Rivers",19-Oct,67,1,0
2020-08-22,Piedmont,40-49,288,13,0
2020-08-22,Norfolk,80+,99,20,10
2020-08-22,Peninsula,20-29,895,1,0
2020-08-22,Norfolk,50-59,467,50,5
2020-08-22,"Thomas Jefferson",50-59,269,21,2
2020-08-22,Richmond,70-79,141,59,19
2020-08-22,Chesterfield,70-79,184,38,25
2020-08-22,Piedmont,30-39,327,5,0
2020-08-22,"Prince William",30-39,2314,108,2
2020-08-22,Alleghany,20-29,197,1,0
2020-08-22,Alleghany,0-9,33,0,0
2020-08-22,"Mount Rogers",40-49,240,7,2
2020-08-22,"Eastern Shore",40-49,263,13,2
2020-08-22,"Central Virginia",60-69,201,19,2
2020-08-22,Richmond,19-Oct,277,5,0
2020-08-22,Pittsylvania-Danville,60-69,149,23,4
2020-08-22,Pittsylvania-Danville,Missing,1,0,0
2020-08-22,Chesterfield,60-69,439,70,18
2020-08-22,Southside,19-Oct,28,0,0
2020-08-22,"New River",80+,17,5,3
2020-08-22,"Central Virginia",50-59,308,8,4
2020-08-22,Hampton,70-79,73,13,3
2020-08-22,Pittsylvania-Danville,19-Oct,76,0,0
2020-08-22,Richmond,60-69,307,73,7
2020-08-22,Chickahominy,40-49,143,14,1
2020-08-22,"Three Rivers",80+,53,13,6
2020-08-22,Rappahannock,30-39,750,26,0
2020-08-22,"Lord Fairfax",60-69,282,56,14
2020-08-22,"Western Tidewater",0-9,73,1,0
2020-08-22,Rappahannock,70-79,155,45,18
2020-08-22,"Prince William",80+,277,93,81
2020-08-22,Hampton,80+,31,4,2
2020-08-22,Alexandria,80+,110,33,27
2020-08-22,"Mount Rogers",60-69,210,25,2
2020-08-22,"Eastern Shore",60-69,202,31,8
2020-08-22,"Lord Fairfax",70-79,186,52,20
2020-08-22,"New River",30-39,106,4,0
2020-08-22,Chesapeake,19-Oct,260,2,0
2020-08-22,Hampton,40-49,206,7,0
2020-08-22,Norfolk,0-9,145,2,0
2020-08-22,"Cumberland Plateau",40-49,67,4,0
2020-08-22,"Eastern Shore",19-Oct,71,1,0
2020-08-22,"Mount Rogers",19-Oct,143,0,0
2020-08-22,"Rappahannock Rapidan",0-9,108,1,0
2020-08-22,"Three Rivers",0-9,28,1,0
2020-08-22,Henrico,40-49,639,41,2
2020-08-22,Alexandria,50-59,417,60,12
2020-08-22,Arlington,0-9,84,2,0
2020-08-22,Chickahominy,Missing,18,0,0
2020-08-22,"New River",20-29,232,0,0
2020-08-22,"Virginia Beach",20-29,1461,11,0
2020-08-22,Chesapeake,50-59,497,48,1
2020-08-22,Alleghany,80+,50,12,6
2020-08-22,Fairfax,19-Oct,1255,35,0
2020-08-22,Chesapeake,60-69,370,70,11
2020-08-22,"West Piedmont",Missing,0,0,0
2020-08-22,Peninsula,80+,111,31,22
2020-08-22,Crater,40-49,411,25,1
2020-08-22,Chesapeake,40-49,520,37,1
2020-08-22,"Thomas Jefferson",20-29,406,3,0
2020-08-22,"Lord Fairfax",20-29,447,7,0
2020-08-22,Norfolk,20-29,1373,16,0
2020-08-22,Arlington,30-39,630,44,0
2020-08-22,"West Piedmont",60-69,167,29,2
2020-08-22,Henrico,50-59,555,61,11
2020-08-22,"West Piedmont",50-59,250,40,3
2020-08-22,"Cumberland Plateau",20-29,68,0,0
2020-08-22,Alexandria,70-79,117,42,18
2020-08-22,Portsmouth,20-29,450,13,0
2020-08-22,"Western Tidewater",30-39,407,18,2
2020-08-22,"Central Shenandoah",0-9,95,0,0
2020-08-22,Henrico,80+,380,84,90
2020-08-22,Alexandria,0-9,184,2,0
2020-08-22,Pittsylvania-Danville,40-49,198,10,1
2020-08-22,Henrico,20-29,728,19,0
2020-08-22,Roanoke,60-69,77,7,1
2020-08-22,Peninsula,30-39,645,15,2
2020-08-22,Alleghany,60-69,102,11,1
2020-08-22,"Prince William",70-79,402,119,53
2020-08-22,Norfolk,60-69,387,63,9
2020-08-22,Southside,40-49,148,6,0
2020-08-22,Chesterfield,30-39,1017,21,1
2020-08-22,Loudoun,70-79,179,56,19
2020-08-22,"Central Virginia",40-49,263,3,0
2020-08-22,"New River",Missing,5,0,0
2020-08-22,Chickahominy,20-29,175,3,0
2020-08-22,"New River",0-9,18,0,0
2020-08-22,"Cumberland Plateau",0-9,18,0,0
2020-08-22,"Three Rivers",70-79,67,14,8
2020-08-22,"Rappahannock Rapidan",40-49,386,24,3
2020-08-22,Hampton,0-9,35,0,0
2020-08-22,Piedmont,50-59,252,26,3
2020-08-22,Rappahannock,20-29,814,18,0
2020-08-22,"West Piedmont",20-29,217,4,0
2020-08-22,Arlington,70-79,188,74,33
2020-08-22,Chickahominy,50-59,205,25,1
2020-08-22,Alleghany,40-49,152,5,0
2020-08-22,"Prince William",50-59,1860,226,18
2020-08-22,"Mount Rogers",0-9,65,1,0
2020-08-22,"Eastern Shore",0-9,27,3,0
2020-08-22,"Thomas Jefferson",60-69,204,37,4
2020-08-22,Pittsylvania-Danville,70-79,58,19,2
2020-08-22,Chesterfield,80+,177,40,50
2020-08-22,Richmond,0-9,138,6,0
2020-08-22,Chesapeake,80+,151,48,24
2020-08-22,Peninsula,40-49,485,16,1
2020-08-22,Henrico,0-9,164,4,0
2020-08-22,Lenowisco,80+,21,5,0
2020-08-22,Piedmont,60-69,191,26,5
2020-08-22,Fairfax,60-69,1677,368,69
2020-08-22,Hampton,20-29,383,3,0
2020-08-22,"Central Shenandoah",40-49,490,17,0
2020-08-22,Pittsylvania-Danville,0-9,47,0,0
2020-08-22,Crater,30-39,503,9,0
2020-08-22,"Virginia Beach",70-79,247,69,18
2020-08-22,"Virginia Beach",30-39,1095,24,1
2020-08-22,Piedmont,0-9,34,0,0
2020-08-22,"Central Shenandoah",30-39,441,8,0
2020-08-22,Hampton,50-59,193,12,2
2020-08-22,Peninsula,70-79,181,49,15
2020-08-22,Arlington,20-29,731,22,0
2020-08-22,"West Piedmont",70-79,101,36,9
2020-08-22,Richmond,20-29,873,21,0
2020-08-22,Roanoke,0-9,48,0,0
2020-08-22,Hampton,30-39,262,3,0
2020-08-22,"Thomas Jefferson",30-39,402,13,0
2020-08-22,"Western Tidewater",40-49,356,9,3
2020-08-22,Richmond,50-59,415,77,2
2020-08-22,"Western Tidewater",50-59,438,24,4
2020-08-22,Crater,Missing,29,0,0
2020-08-22,Arlington,50-59,463,73,6
2020-08-22,Piedmont,70-79,95,28,8
2020-08-22,Alexandria,60-69,252,57,3
2020-08-22,Portsmouth,30-39,373,16,1
2020-08-22,Lenowisco,20-29,75,0,0
2020-08-22,"Central Virginia",30-39,259,9,0
2020-08-22,Norfolk,19-Oct,259,2,0
2020-08-22,"New River",19-Oct,102,0,0
2020-08-22,"Central Virginia",20-29,464,3,0
2020-08-22,Rappahannock,50-59,618,64,5
2020-08-22,Rappahannock,60-69,314,61,8
2020-08-22,Piedmont,20-29,293,3,0
2020-08-22,"New River",60-69,48,8,1
2020-08-22,Roanoke,40-49,165,6,0
2020-08-22,"Three Rivers",20-29,217,4,0
2020-08-22,Rappahannock,40-49,692,51,2
2020-08-22,Portsmouth,80+,50,12,7
2020-08-22,"Central Shenandoah",Missing,2,0,0
2020-08-22,"Eastern Shore",70-79,62,23,12
2020-08-22,"Mount Rogers",70-79,163,48,20
2020-08-22,"Cumberland Plateau",70-79,34,4,0
2020-08-22,Piedmont,19-Oct,61,0,0
2020-08-22,Southside,20-29,127,2,0
2020-08-22,Chesterfield,50-59,710,61,5
2020-08-22,"Rappahannock Rapidan",20-29,395,6,0
2020-08-22,"Cumberland Plateau",60-69,57,11,2
2020-08-22,Roanoke,70-79,31,6,2
2020-08-22,"Central Shenandoah",20-29,599,11,0
2020-08-22,Pittsylvania-Danville,80+,72,15,8
2020-08-22,"Virginia Beach",80+,205,66,33
2020-08-22,"Central Shenandoah",50-59,506,42,5
2020-08-22,Lenowisco,Missing,0,0,0
2020-08-22,Fairfax,30-39,3384,221,7
2020-08-22,Lenowisco,60-69,87,12,2
2020-08-22,Loudoun,30-39,975,34,0
2020-08-22,"West Piedmont",80+,102,44,10
2020-08-22,Roanoke,80+,61,5,12
2020-08-22,Fairfax,40-49,3168,319,12
2020-08-22,"Thomas Jefferson",80+,174,37,28
2020-08-22,Roanoke,20-29,250,5,0
2020-08-22,Henrico,60-69,387,63,37
2020-08-22,"Lord Fairfax",40-49,413,20,1
2020-08-22,"Western Tidewater",Missing,21,0,0
2020-08-22,Chickahominy,60-69,121,26,8
2020-08-22,Peninsula,Missing,43,0,0
2020-08-22,Henrico,70-79,278,60,47
2020-08-22,"Western Tidewater",20-29,379,6,0
2020-08-22,Peninsula,0-9,126,0,0
2020-08-22,Loudoun,40-49,1073,66,1
2020-08-22,Pittsylvania-Danville,30-39,178,1,0
2020-08-22,Loudoun,20-29,971,12,0
2020-08-22,Crater,60-69,371,60,19
2020-08-22,Loudoun,80+,225,59,81
2020-08-22,Arlington,80+,208,86,71
2020-08-22,"Virginia Beach",19-Oct,428,1,0
2020-08-22,"Mount Rogers",80+,137,44,35
2020-08-22,"Eastern Shore",80+,55,25,20
2020-08-22,Crater,19-Oct,138,2,0
2020-08-22,Lenowisco,30-39,96,3,1
2020-08-22,Norfolk,Missing,41,1,0
2020-08-22,Henrico,Missing,47,1,1
2020-08-22,"New River",40-49,84,2,0
2020-08-22,"Central Virginia",0-9,55,0,0
2020-08-22,"New River",70-79,40,12,4
2020-08-22,Loudoun,0-9,223,4,0
2020-08-22,"Central Virginia",70-79,124,15,5
2020-08-22,Southside,0-9,14,0,0
2020-08-22,"Three Rivers",40-49,219,13,2
2020-08-22,Chickahominy,30-39,149,3,0
2020-08-22,"Central Shenandoah",60-69,367,51,15
2020-08-22,"Western Tidewater",60-69,330,31,11
2020-08-22,"Cumberland Plateau",30-39,60,2,0
2020-08-22,Portsmouth,19-Oct,177,0,0
2020-08-22,Chesterfield,Missing,124,1,0
2020-08-22,Alexandria,40-49,585,45,0
2020-08-22,"Thomas Jefferson",70-79,149,28,9
2020-08-22,"Three Rivers",30-39,238,7,0
2020-08-22,"Western Tidewater",70-79,197,32,20
2020-08-22,Arlington,60-69,328,85,19
2020-08-22,"Cumberland Plateau",19-Oct,76,1,0
2020-08-22,"West Piedmont",30-39,184,5,0
2020-08-22,Peninsula,19-Oct,214,1,0
2020-08-22,Lenowisco,19-Oct,57,0,0
2020-08-22,Chesapeake,0-9,113,1,0
2020-08-22,Peninsula,50-59,424,24,3
2020-08-22,"Cumberland Plateau",Missing,0,0,0
2020-08-22,Peninsula,60-69,298,36,4
2020-08-22,"Lord Fairfax",30-39,441,13,1
2020-08-22,"Virginia Beach",Missing,129,0,0
2020-08-22,Arlington,40-49,537,57,8
2020-08-22,"West Piedmont",19-Oct,121,0,0
2020-08-22,Chickahominy,70-79,92,26,7
2020-08-22,Pittsylvania-Danville,20-29,157,0,0
2020-08-22,Loudoun,50-59,848,71,4
2020-08-22,Richmond,30-39,743,42,1
2020-08-22,"Thomas Jefferson",Missing,3,0,0
2020-08-22,"Rappahannock Rapidan",80+,52,19,9
2020-08-22,"Lord Fairfax",Missing,2,0,0
2020-08-22,"Cumberland Plateau",50-59,76,8,0
2020-08-22,Loudoun,Missing,66,0,1
2020-08-22,Southside,50-59,144,13,1
2020-08-22,Chesterfield,20-29,955,13,0
2020-08-22,Norfolk,70-79,165,48,12
2020-08-22,Alleghany,19-Oct,127,0,0
2020-08-22,Crater,80+,172,35,22
2020-08-22,Portsmouth,Missing,22,1,0
2020-08-22,"Western Tidewater",19-Oct,177,0,0
2020-08-22,Chesterfield,19-Oct,516,2,0
2020-08-22,Southside,60-69,113,17,6
2020-08-23,Norfolk,0-9,145,2,0
2020-08-23,"Cumberland Plateau",40-49,68,4,0
2020-08-23,"Eastern Shore",19-Oct,71,1,0
2020-08-23,"Mount Rogers",19-Oct,143,0,0
2020-08-23,"Rappahannock Rapidan",0-9,108,1,0
2020-08-23,"Three Rivers",0-9,28,1,0
2020-08-23,Henrico,40-49,645,41,2
2020-08-23,Alexandria,50-59,421,60,12
2020-08-23,Arlington,0-9,86,2,0
2020-08-23,Chickahominy,Missing,18,0,0
2020-08-23,"New River",20-29,254,0,0
2020-08-23,"Virginia Beach",20-29,1463,11,0
2020-08-23,Chesapeake,50-59,507,51,1
2020-08-23,Alleghany,80+,50,12,6
2020-08-23,Fairfax,19-Oct,1274,35,0
2020-08-23,Chesapeake,60-69,380,71,11
2020-08-23,"West Piedmont",Missing,0,0,0
2020-08-23,Peninsula,80+,111,31,23
2020-08-23,Crater,40-49,420,25,1
2020-08-23,Chesapeake,40-49,529,37,1
2020-08-23,"Thomas Jefferson",20-29,409,3,0
2020-08-23,"Lord Fairfax",20-29,452,7,0
2020-08-23,Norfolk,20-29,1373,16,0
2020-08-23,Arlington,30-39,634,44,0
2020-08-23,"West Piedmont",60-69,171,29,2
2020-08-23,Henrico,50-59,557,61,11
2020-08-23,"West Piedmont",50-59,252,40,3
2020-08-23,"Cumberland Plateau",20-29,69,0,0
2020-08-23,Alexandria,70-79,117,42,18
2020-08-23,Portsmouth,20-29,450,13,0
2020-08-23,"Western Tidewater",30-39,415,18,2
2020-08-23,"Central Shenandoah",0-9,95,0,0
2020-08-23,Henrico,80+,381,84,91
2020-08-23,Alexandria,0-9,185,2,0
2020-08-23,Pittsylvania-Danville,40-49,199,11,1
2020-08-23,Henrico,20-29,731,19,0
2020-08-23,Roanoke,60-69,78,7,1
2020-08-23,Peninsula,30-39,651,15,2
2020-08-23,Alleghany,60-69,102,11,1
2020-08-23,"Prince William",70-79,404,121,54
2020-08-23,Norfolk,60-69,387,63,10
2020-08-23,Southside,40-49,148,6,0
2020-08-23,Chesterfield,30-39,1020,21,1
2020-08-23,Loudoun,70-79,180,56,19
2020-08-23,"Central Virginia",40-49,270,3,0
2020-08-23,"New River",Missing,5,0,0
2020-08-23,Chickahominy,20-29,179,3,0
2020-08-23,"New River",0-9,19,0,0
2020-08-23,"Cumberland Plateau",0-9,18,0,0
2020-08-23,"Three Rivers",70-79,67,14,8
2020-08-23,"Rappahannock Rapidan",40-49,390,24,3
2020-08-23,Hampton,0-9,37,0,0
2020-08-23,Piedmont,50-59,252,26,3
2020-08-23,Rappahannock,20-29,821,18,0
2020-08-23,"West Piedmont",20-29,219,4,0
2020-08-23,Arlington,70-79,194,74,33
2020-08-23,Chickahominy,50-59,207,25,1
2020-08-23,Alleghany,40-49,152,5,0
2020-08-23,"Prince William",50-59,1869,226,18
2020-08-23,"Mount Rogers",0-9,66,1,0
2020-08-23,"Eastern Shore",0-9,27,3,0
2020-08-23,"Thomas Jefferson",60-69,206,37,4
2020-08-23,Pittsylvania-Danville,70-79,58,19,2
2020-08-23,Chesterfield,80+,178,41,50
2020-08-23,Richmond,0-9,137,6,0
2020-08-23,Chesapeake,80+,152,48,24
2020-08-23,Peninsula,40-49,490,16,1
2020-08-23,Henrico,0-9,167,4,0
2020-08-23,Lenowisco,80+,21,5,0
2020-08-23,Piedmont,60-69,191,26,5
2020-08-23,Hampton,20-29,385,3,0
2020-08-23,"Central Shenandoah",40-49,492,17,0
2020-08-23,Pittsylvania-Danville,0-9,47,0,0
2020-08-23,Crater,30-39,519,9,0
2020-08-23,"Virginia Beach",70-79,250,69,19
2020-08-23,"Virginia Beach",30-39,1102,24,1
2020-08-23,Piedmont,0-9,34,0,0
2020-08-23,"Central Shenandoah",30-39,442,8,0
2020-08-23,Hampton,50-59,195,12,3
2020-08-23,Peninsula,70-79,184,49,15
2020-08-23,Arlington,20-29,737,22,0
2020-08-23,"West Piedmont",70-79,101,36,9
2020-08-23,Richmond,20-29,888,21,0
2020-08-23,Roanoke,0-9,48,0,0
2020-08-23,Hampton,30-39,264,3,0
2020-08-23,"Thomas Jefferson",30-39,403,13,0
2020-08-23,"Western Tidewater",40-49,360,9,3
2020-08-23,Richmond,50-59,415,77,2
2020-08-23,"Western Tidewater",50-59,444,24,4
2020-08-23,Crater,Missing,29,0,0
2020-08-23,Arlington,50-59,465,73,6
2020-08-23,Piedmont,70-79,95,28,8
2020-08-23,Alexandria,60-69,254,57,3
2020-08-23,Portsmouth,30-39,373,16,1
2020-08-23,Lenowisco,20-29,78,0,0
2020-08-23,"Central Virginia",30-39,262,9,0
2020-08-23,Norfolk,19-Oct,259,2,0
2020-08-23,"New River",19-Oct,115,0,0
2020-08-23,"Central Virginia",20-29,472,3,0
2020-08-23,Rappahannock,50-59,626,64,5
2020-08-23,Rappahannock,60-69,316,61,8
2020-08-23,Piedmont,20-29,293,3,0
2020-08-23,"New River",60-69,50,8,1
2020-08-23,Roanoke,40-49,166,6,0
2020-08-23,"Three Rivers",20-29,217,4,0
2020-08-23,Rappahannock,40-49,697,51,2
2020-08-23,Portsmouth,80+,50,12,7
2020-08-23,"Central Shenandoah",Missing,2,0,0
2020-08-23,"Eastern Shore",70-79,62,23,12
2020-08-23,"Mount Rogers",70-79,163,48,20
2020-08-23,"Cumberland Plateau",70-79,34,4,0
2020-08-23,Piedmont,19-Oct,61,0,0
2020-08-23,Southside,20-29,129,2,0
2020-08-23,Chesterfield,50-59,714,61,5
2020-08-23,"Rappahannock Rapidan",20-29,398,6,0
2020-08-23,"Cumberland Plateau",60-69,57,11,2
2020-08-23,Roanoke,70-79,31,6,2
2020-08-23,"Central Shenandoah",20-29,607,11,0
2020-08-23,Pittsylvania-Danville,80+,73,15,8
2020-08-23,"Virginia Beach",80+,206,66,33
2020-08-23,"Central Shenandoah",50-59,507,42,5
2020-08-23,Lenowisco,Missing,0,0,0
2020-08-23,Fairfax,30-39,3407,221,7
2020-08-23,Lenowisco,60-69,88,12,2
2020-08-23,Loudoun,30-39,980,35,0
2020-08-23,"West Piedmont",80+,102,44,11
2020-08-23,Roanoke,80+,61,5,12
2020-08-23,Fairfax,40-49,3179,319,12
2020-08-23,"Thomas Jefferson",80+,175,37,29
2020-08-23,Roanoke,20-29,250,5,0
2020-08-23,Henrico,60-69,389,63,37
2020-08-23,"Lord Fairfax",40-49,415,20,1
2020-08-23,"Western Tidewater",Missing,21,0,0
2020-08-23,Chickahominy,60-69,122,27,9
2020-08-23,Chesapeake,20-29,678,6,0
2020-08-23,"Three Rivers",Missing,10,1,0
2020-08-23,Henrico,19-Oct,348,5,0
2020-08-23,"Mount Rogers",30-39,241,12,0
2020-08-23,"Eastern Shore",30-39,250,11,0
2020-08-23,Chesterfield,0-9,205,2,0
2020-08-23,"Central Shenandoah",19-Oct,188,1,0
2020-08-23,Crater,0-9,57,2,0
2020-08-23,Fairfax,70-79,764,265,119
2020-08-23,Rappahannock,80+,157,61,26
2020-08-23,Alexandria,19-Oct,235,5,0
2020-08-23,Portsmouth,40-49,310,18,1
2020-08-23,"Three Rivers",50-59,180,13,0
2020-08-23,Alleghany,Missing,3,0,0
2020-08-23,Alexandria,30-39,745,37,0
2020-08-23,Southside,Missing,1,0,0
2020-08-23,Portsmouth,60-69,243,33,10
2020-08-23,Roanoke,30-39,239,4,0
2020-08-23,"Three Rivers",60-69,128,19,2
2020-08-23,Fairfax,50-59,2720,364,37
2020-08-23,Portsmouth,50-59,283,36,4
2020-08-23,Chickahominy,80+,93,39,29
2020-08-23,"Rappahannock Rapidan",50-59,322,33,2
2020-08-23,Fairfax,80+,872,327,307
2020-08-23,Hampton,Missing,30,0,0
2020-08-23,"Cumberland Plateau",80+,28,8,4
2020-08-23,Alleghany,50-59,162,10,1
2020-08-23,"Prince William",40-49,2523,185,8
2020-08-23,Fairfax,Missing,182,6,0
2020-08-23,"Virginia Beach",40-49,750,27,2
2020-08-23,Richmond,Missing,28,0,0
2020-08-23,Norfolk,40-49,489,26,2
2020-08-23,Piedmont,80+,66,24,20
2020-08-23,"Virginia Beach",60-69,511,67,7
2020-08-23,"West Piedmont",40-49,230,15,3
2020-08-23,Arlington,19-Oct,173,5,0
2020-08-23,Lenowisco,0-9,28,0,0
2020-08-23,Pittsylvania-Danville,50-59,232,22,1
2020-08-23,"Virginia Beach",50-59,661,41,2
2020-08-23,Chesapeake,Missing,43,2,0
2020-08-23,"Central Shenandoah",80+,162,43,22
2020-08-23,"Thomas Jefferson",40-49,338,20,0
2020-08-23,"Rappahannock Rapidan",60-69,184,23,5
2020-08-23,Norfolk,30-39,739,28,1
2020-08-23,"Rappahannock Rapidan",Missing,13,0,0
2020-08-23,"Lord Fairfax",80+,213,46,52
2020-08-23,"Three Rivers",19-Oct,69,1,0
2020-08-23,Piedmont,40-49,288,13,0
2020-08-23,Norfolk,80+,99,20,10
2020-08-23,Peninsula,20-29,904,1,0
2020-08-23,Norfolk,50-59,467,50,5
2020-08-23,"Thomas Jefferson",50-59,268,21,2
2020-08-23,Richmond,70-79,142,59,19
2020-08-23,Chesterfield,70-79,187,38,25
2020-08-23,Piedmont,30-39,327,5,0
2020-08-23,"Prince William",30-39,2328,108,2
2020-08-23,Alleghany,20-29,197,1,0
2020-08-23,Alleghany,0-9,33,0,0
2020-08-23,"Mount Rogers",40-49,240,7,2
2020-08-23,"Eastern Shore",40-49,263,13,2
2020-08-23,"Central Virginia",60-69,207,19,2
2020-08-23,Richmond,19-Oct,294,5,0
2020-08-23,Pittsylvania-Danville,60-69,150,23,4
2020-08-23,Pittsylvania-Danville,Missing,1,0,0
2020-08-23,Chesterfield,60-69,445,70,18
2020-08-23,Southside,19-Oct,28,0,0
2020-08-23,"New River",80+,17,5,3
2020-08-23,"Central Virginia",50-59,313,8,4
2020-08-23,Hampton,70-79,73,13,3
2020-08-23,Pittsylvania-Danville,19-Oct,77,0,0
2020-08-23,Richmond,60-69,307,72,7
2020-08-23,Chickahominy,40-49,144,14,1
2020-08-23,"Three Rivers",80+,54,14,6
2020-08-23,Rappahannock,30-39,751,26,0
2020-08-23,"Lord Fairfax",60-69,282,56,14
2020-08-23,"Western Tidewater",0-9,73,1,0
2020-08-23,Rappahannock,70-79,156,46,19
2020-08-23,"Prince William",80+,279,93,81
2020-08-23,Hampton,80+,32,4,2
2020-08-23,Alexandria,80+,110,33,27
2020-08-23,"Mount Rogers",60-69,213,25,2
2020-08-23,"Eastern Shore",60-69,202,31,8
2020-08-23,"Lord Fairfax",70-79,186,52,20
2020-08-23,"New River",30-39,106,4,0
2020-08-23,Chesapeake,19-Oct,267,2,0
2020-08-23,Hampton,40-49,212,7,0
2020-08-23,Peninsula,Missing,43,0,0
2020-08-23,"West Piedmont",0-9,42,1,0
2020-08-23,"Rappahannock Rapidan",70-79,72,14,8
2020-08-23,"Central Shenandoah",70-79,184,57,18
2020-08-23,Chesapeake,30-39,668,22,0
2020-08-23,Chickahominy,0-9,30,0,0
2020-08-23,"Prince William",0-9,532,12,0
2020-08-23,"Eastern Shore",50-59,291,24,5
2020-08-24,Henrico,80+,382,85,91
2020-08-23,"Mount Rogers",50-59,260,21,3
2020-08-23,Loudoun,19-Oct,796,1,0
2020-08-23,Southside,80+,91,12,13
2020-08-23,"Central Virginia",80+,87,12,7
2020-08-23,Rappahannock,Missing,29,0,0
2020-08-23,"Rappahannock Rapidan",30-39,417,19,1
2020-08-23,"New River",50-59,80,6,0
2020-08-23,Richmond,80+,77,30,10
2020-08-23,"Mount Rogers",20-29,285,0,0
2020-08-23,"Eastern Shore",20-29,211,6,0
2020-08-23,Hampton,19-Oct,92,0,0
2020-08-23,Portsmouth,0-9,71,4,0
2020-08-23,Crater,70-79,213,50,23
2020-08-23,Chesterfield,40-49,889,36,3
2020-08-23,Alexandria,Missing,11,0,0
2020-08-23,Southside,30-39,174,4,0
2020-08-23,"Prince William",Missing,187,3,0
2020-08-23,Hampton,60-69,134,11,3
2020-08-23,Fairfax,20-29,3064,101,3
2020-08-23,"Thomas Jefferson",0-9,103,1,0
2020-08-23,Lenowisco,40-49,81,5,0
2020-08-23,"Central Virginia",19-Oct,212,2,0
2020-08-23,Lenowisco,70-79,63,20,6
2020-08-23,"Virginia Beach",0-9,191,1,0
2020-08-23,Lenowisco,50-59,90,10,1
2020-08-23,Chesapeake,70-79,185,53,5
2020-08-23,"Western Tidewater",80+,197,36,48
2020-08-23,"Thomas Jefferson",19-Oct,207,2,0
2020-08-23,Richmond,40-49,553,41,4
2020-08-23,"Lord Fairfax",50-59,437,35,4
2020-08-23,"Lord Fairfax",19-Oct,223,4,0
2020-08-23,"Rappahannock Rapidan",19-Oct,193,4,0
2020-08-23,Crater,50-59,491,48,4
2020-08-23,Arlington,Missing,15,1,0
2020-08-23,Roanoke,50-59,126,5,0
2020-08-23,Rappahannock,19-Oct,437,4,0
2020-08-23,Roanoke,19-Oct,121,2,0
2020-08-23,"Eastern Shore",Missing,6,0,0
2020-08-23,"Mount Rogers",Missing,0,0,0
2020-08-23,"Prince William",60-69,1009,191,50
2020-08-23,Alleghany,70-79,94,13,11
2020-08-23,Crater,20-29,476,9,0
2020-08-23,Loudoun,60-69,333,62,9
2020-08-23,Fairfax,0-9,664,27,0
2020-08-23,Roanoke,Missing,3,0,0
2020-08-23,Alexandria,20-29,588,11,1
2020-08-23,Portsmouth,70-79,107,26,7
2020-08-23,Alleghany,30-39,146,5,0
2020-08-23,"Prince William",20-29,2393,63,0
2020-08-23,Southside,70-79,88,15,17
2020-08-23,Piedmont,Missing,1,0,0
2020-08-23,Rappahannock,0-9,184,2,0
2020-08-23,Henrico,30-39,775,22,0
2020-08-23,"Prince William",19-Oct,1123,10,0
2020-08-23,Chickahominy,19-Oct,88,0,0
2020-08-23,"Lord Fairfax",0-9,89,2,0
2020-08-23,"Central Virginia",Missing,1,0,0
2020-08-23,Fairfax,60-69,1691,371,71
2020-08-23,Henrico,70-79,279,61,47
2020-08-23,"Western Tidewater",20-29,383,6,0
2020-08-23,Peninsula,0-9,130,0,0
2020-08-23,Loudoun,40-49,1080,66,1
2020-08-23,Pittsylvania-Danville,30-39,184,2,0
2020-08-23,Loudoun,20-29,978,12,0
2020-08-23,Crater,60-69,380,60,20
2020-08-23,Loudoun,80+,225,59,81
2020-08-23,Arlington,80+,211,86,71
2020-08-23,"Virginia Beach",19-Oct,431,1,0
2020-08-23,"Mount Rogers",80+,137,44,37
2020-08-23,"Eastern Shore",80+,55,25,20
2020-08-23,Crater,19-Oct,139,2,0
2020-08-23,Lenowisco,30-39,97,3,1
2020-08-23,Norfolk,Missing,41,1,0
2020-08-23,Henrico,Missing,47,1,1
2020-08-23,"New River",40-49,85,2,0
2020-08-23,"Central Virginia",0-9,57,0,0
2020-08-23,"New River",70-79,40,12,4
2020-08-23,Loudoun,0-9,223,4,0
2020-08-23,"Central Virginia",70-79,126,15,5
2020-08-23,Southside,0-9,14,0,0
2020-08-23,"Three Rivers",40-49,219,14,2
2020-08-23,Chickahominy,30-39,151,3,0
2020-08-23,"Central Shenandoah",60-69,367,52,15
2020-08-23,"Western Tidewater",60-69,333,31,11
2020-08-23,"Cumberland Plateau",30-39,60,2,0
2020-08-23,Portsmouth,19-Oct,177,0,0
2020-08-23,Chesterfield,Missing,124,1,0
2020-08-23,Alexandria,40-49,591,45,0
2020-08-23,"Thomas Jefferson",70-79,149,28,10
2020-08-23,"Three Rivers",30-39,238,7,0
2020-08-23,"Western Tidewater",70-79,198,32,20
2020-08-23,Arlington,60-69,329,85,19
2020-08-23,"Cumberland Plateau",19-Oct,77,1,0
2020-08-23,"West Piedmont",30-39,186,5,0
2020-08-23,Peninsula,19-Oct,217,1,0
2020-08-23,Lenowisco,19-Oct,57,0,0
2020-08-23,Chesapeake,0-9,114,1,0
2020-08-23,Peninsula,50-59,427,24,3
2020-08-23,"Cumberland Plateau",Missing,0,0,0
2020-08-23,Peninsula,60-69,301,36,4
2020-08-23,"Lord Fairfax",30-39,446,13,1
2020-08-23,"Virginia Beach",Missing,128,0,0
2020-08-23,Arlington,40-49,539,57,8
2020-08-23,"West Piedmont",19-Oct,122,0,0
2020-08-23,Chickahominy,70-79,93,27,7
2020-08-23,Pittsylvania-Danville,20-29,162,0,0
2020-08-23,Loudoun,50-59,851,71,4
2020-08-23,Richmond,30-39,747,42,1
2020-08-23,"Thomas Jefferson",Missing,3,0,0
2020-08-23,"Rappahannock Rapidan",80+,68,19,10
2020-08-23,"Lord Fairfax",Missing,2,0,0
2020-08-23,"Cumberland Plateau",50-59,76,8,0
2020-08-23,Loudoun,Missing,66,0,1
2020-08-23,Southside,50-59,145,13,1
2020-08-23,Chesterfield,20-29,967,13,0
2020-08-23,Norfolk,70-79,165,48,15
2020-08-23,Alleghany,19-Oct,127,0,0
2020-08-23,Crater,80+,176,36,22
2020-08-23,Portsmouth,Missing,22,1,0
2020-08-23,"Western Tidewater",19-Oct,179,0,0
2020-08-23,Chesterfield,19-Oct,517,2,0
2020-08-23,Southside,60-69,113,17,6
2020-08-24,Norfolk,0-9,145,2,0
2020-08-24,"Cumberland Plateau",40-49,68,4,0
2020-08-24,"Eastern Shore",19-Oct,71,1,0
2020-08-24,"Mount Rogers",19-Oct,145,0,0
2020-08-24,"Rappahannock Rapidan",0-9,108,1,0
2020-08-24,"Three Rivers",0-9,28,1,0
2020-08-24,Henrico,40-49,654,41,2
2020-08-24,Alexandria,50-59,427,60,12
2020-08-24,Arlington,0-9,86,2,0
2020-08-24,Chickahominy,Missing,18,0,0
2020-08-24,"New River",20-29,287,0,0
2020-08-24,"Virginia Beach",20-29,1471,11,0
2020-08-24,Chesapeake,50-59,516,52,1
2020-08-24,Alleghany,80+,50,12,6
2020-08-24,Fairfax,19-Oct,1285,35,0
2020-08-24,Chesapeake,60-69,380,73,12
2020-08-24,"West Piedmont",Missing,0,0,0
2020-08-24,Peninsula,80+,111,33,23
2020-08-24,Crater,40-49,422,25,1
2020-08-24,Chesapeake,40-49,530,39,1
2020-08-24,"Thomas Jefferson",20-29,411,3,0
2020-08-24,"Lord Fairfax",20-29,453,7,0
2020-08-24,Norfolk,20-29,1373,16,0
2020-08-24,Arlington,30-39,638,44,0
2020-08-24,"West Piedmont",60-69,171,29,2
2020-08-24,Henrico,50-59,559,61,11
2020-08-24,"West Piedmont",50-59,253,40,3
2020-08-24,"Cumberland Plateau",20-29,69,0,0
2020-08-24,Alexandria,70-79,117,43,18
2020-08-24,Portsmouth,20-29,450,13,0
2020-08-24,"Western Tidewater",30-39,417,18,2
2020-08-24,"Central Shenandoah",0-9,97,0,0
2020-08-24,Alexandria,0-9,188,2,0
2020-08-24,Pittsylvania-Danville,40-49,200,11,1
2020-08-24,Henrico,20-29,739,19,0
2020-08-24,Roanoke,60-69,78,7,1
2020-08-24,Peninsula,30-39,657,16,2
2020-08-24,Alleghany,60-69,103,11,1
2020-08-24,"Prince William",70-79,404,121,54
2020-08-24,Norfolk,60-69,387,63,10
2020-08-24,Southside,40-49,149,6,0
2020-08-24,Chesterfield,30-39,1025,21,1
2020-08-24,Loudoun,70-79,182,56,19
2020-08-24,"Central Virginia",40-49,272,3,0
2020-08-24,"New River",Missing,5,0,0
2020-08-24,Chickahominy,20-29,179,3,0
2020-08-24,"New River",0-9,19,0,0
2020-08-24,"Cumberland Plateau",0-9,18,0,0
2020-08-24,"Three Rivers",70-79,68,14,8
2020-08-24,"Rappahannock Rapidan",40-49,389,24,3
2020-08-24,Hampton,0-9,39,0,0
2020-08-24,Piedmont,50-59,252,26,3
2020-08-24,Rappahannock,20-29,834,18,0
2020-08-24,"West Piedmont",20-29,219,4,0
2020-08-24,Arlington,70-79,194,74,33
2020-08-24,Chickahominy,50-59,207,25,1
2020-08-24,Alleghany,40-49,154,5,0
2020-08-24,"Prince William",50-59,1878,226,18
2020-08-24,"Mount Rogers",0-9,66,1,0
2020-08-24,"Eastern Shore",0-9,27,3,0
2020-08-24,"Thomas Jefferson",60-69,207,37,4
2020-08-24,Pittsylvania-Danville,70-79,58,19,2
2020-08-24,Chesterfield,80+,178,41,50
2020-08-24,Richmond,0-9,139,6,0
2020-08-24,Chesapeake,80+,153,48,24
2020-08-24,Peninsula,40-49,492,16,1
2020-08-24,Henrico,0-9,168,4,0
2020-08-24,Lenowisco,80+,21,5,0
2020-08-24,Piedmont,60-69,191,26,5
2020-08-24,Hampton,20-29,387,3,0
2020-08-24,"Central Shenandoah",40-49,494,17,0
2020-08-24,Pittsylvania-Danville,0-9,47,0,0
2020-08-24,Crater,30-39,522,9,0
2020-08-24,"Virginia Beach",70-79,253,69,19
2020-08-24,"Virginia Beach",30-39,1113,24,1
2020-08-24,Piedmont,0-9,34,0,0
2020-08-24,"Central Shenandoah",30-39,446,8,0
2020-08-24,Hampton,50-59,196,12,3
2020-08-24,Peninsula,70-79,189,50,15
2020-08-24,Arlington,20-29,741,22,0
2020-08-24,"West Piedmont",70-79,101,36,9
2020-08-24,Richmond,20-29,895,21,0
2020-08-24,Roanoke,0-9,48,0,0
2020-08-24,Hampton,30-39,264,3,0
2020-08-24,"Thomas Jefferson",30-39,405,13,0
2020-08-24,"Western Tidewater",40-49,364,10,3
2020-08-24,Richmond,50-59,415,77,2
2020-08-24,"Western Tidewater",50-59,449,25,4
2020-08-24,Crater,Missing,29,0,0
2020-08-24,Arlington,50-59,467,73,6
2020-08-24,Piedmont,70-79,95,28,8
2020-08-24,Alexandria,60-69,254,57,3
2020-08-24,Portsmouth,30-39,373,16,1
2020-08-24,Lenowisco,20-29,79,0,0
2020-08-24,"Central Virginia",30-39,266,9,0
2020-08-24,Norfolk,19-Oct,259,2,0
2020-08-24,"New River",19-Oct,124,0,0
2020-08-24,"Central Virginia",20-29,478,3,0
2020-08-24,Rappahannock,50-59,629,64,5
2020-08-24,Rappahannock,60-69,322,61,8
2020-08-24,Piedmont,20-29,293,3,0
2020-08-24,"New River",60-69,51,8,1
2020-08-24,Roanoke,40-49,166,6,0
2020-08-24,"Three Rivers",20-29,222,4,0
2020-08-24,Rappahannock,40-49,703,51,2
2020-08-24,Portsmouth,80+,50,12,7
2020-08-24,"Central Shenandoah",Missing,2,0,0
2020-08-24,"Eastern Shore",70-79,62,23,12
2020-08-24,"Mount Rogers",70-79,168,49,20
2020-08-24,Fairfax,60-69,1696,371,71
2020-08-24,"Cumberland Plateau",70-79,34,4,0
2020-08-24,Piedmont,19-Oct,61,0,0
2020-08-24,Southside,20-29,130,2,0
2020-08-24,Chesterfield,50-59,716,61,5
2020-08-24,"Rappahannock Rapidan",20-29,398,6,0
2020-08-24,"Cumberland Plateau",60-69,57,11,2
2020-08-24,Roanoke,70-79,31,6,2
2020-08-24,"Central Shenandoah",20-29,612,11,0
2020-08-24,Pittsylvania-Danville,80+,73,15,8
2020-08-24,"Virginia Beach",80+,207,66,33
2020-08-24,"Central Shenandoah",50-59,507,42,5
2020-08-24,Lenowisco,Missing,0,0,0
2020-08-24,Fairfax,30-39,3420,222,7
2020-08-24,Lenowisco,60-69,90,12,2
2020-08-24,Loudoun,30-39,985,35,0
2020-08-24,"West Piedmont",80+,102,44,11
2020-08-24,Roanoke,80+,61,6,12
2020-08-24,Fairfax,40-49,3199,319,12
2020-08-24,"Thomas Jefferson",80+,175,37,29
2020-08-24,Roanoke,20-29,253,5,0
2020-08-24,Henrico,60-69,392,64,37
2020-08-24,"Lord Fairfax",40-49,415,20,1
2020-08-24,"Western Tidewater",Missing,21,0,0
2020-08-24,Chickahominy,60-69,123,27,9
2020-08-24,Chesapeake,20-29,687,6,0
2020-08-24,"Three Rivers",Missing,10,1,0
2020-08-24,Henrico,70-79,282,62,47
2020-08-24,"Western Tidewater",20-29,385,6,0
2020-08-24,Peninsula,0-9,131,0,0
2020-08-24,Loudoun,40-49,1085,66,1
2020-08-24,Pittsylvania-Danville,30-39,185,2,0
2020-08-24,Loudoun,20-29,984,12,0
2020-08-24,Crater,60-69,382,60,20
2020-08-24,Loudoun,80+,225,59,81
2020-08-24,Arlington,80+,214,86,71
2020-08-24,"Virginia Beach",19-Oct,439,1,0
2020-08-24,"Mount Rogers",80+,141,46,37
2020-08-24,"Eastern Shore",80+,55,25,20
2020-08-24,Crater,19-Oct,140,2,0
2020-08-24,Lenowisco,30-39,100,3,1
2020-08-24,Norfolk,Missing,41,1,0
2020-08-24,Henrico,Missing,47,1,1
2020-08-24,"New River",40-49,87,2,0
2020-08-24,"Central Virginia",0-9,57,0,0
2020-08-24,"New River",70-79,42,12,4
2020-08-24,Loudoun,0-9,224,4,0
2020-08-24,"Central Virginia",70-79,126,15,5
2020-08-24,Southside,0-9,14,0,0
2020-08-24,"Three Rivers",40-49,220,15,2
2020-08-24,Chickahominy,30-39,153,3,0
2020-08-24,"Central Shenandoah",60-69,367,52,15
2020-08-24,"Western Tidewater",60-69,336,31,11
2020-08-24,"Cumberland Plateau",30-39,60,2,0
2020-08-24,Portsmouth,19-Oct,177,0,0
2020-08-24,Chesterfield,Missing,124,1,0
2020-08-24,Alexandria,40-49,593,45,0
2020-08-24,"Thomas Jefferson",70-79,149,28,10
2020-08-24,"Three Rivers",30-39,238,7,0
2020-08-24,"Western Tidewater",70-79,199,33,20
2020-08-24,Arlington,60-69,329,85,19
2020-08-24,"Cumberland Plateau",19-Oct,77,1,0
2020-08-24,"West Piedmont",30-39,187,5,0
2020-08-24,Peninsula,19-Oct,219,1,0
2020-08-24,Lenowisco,19-Oct,57,0,0
2020-08-24,Chesapeake,0-9,117,1,0
2020-08-24,Peninsula,50-59,432,24,3
2020-08-24,"Cumberland Plateau",Missing,0,0,0
2020-08-24,Peninsula,60-69,305,36,4
2020-08-24,"Lord Fairfax",30-39,448,13,1
2020-08-24,"Virginia Beach",Missing,128,0,0
2020-08-24,Arlington,40-49,541,57,8
2020-08-24,"West Piedmont",19-Oct,123,0,0
2020-08-24,Chickahominy,70-79,93,27,7
2020-08-24,Pittsylvania-Danville,20-29,161,0,0
2020-08-24,Loudoun,50-59,853,71,4
2020-08-24,Richmond,30-39,749,42,1
2020-08-24,"Thomas Jefferson",Missing,3,0,0
2020-08-24,"Rappahannock Rapidan",80+,68,19,10
2020-08-24,"Lord Fairfax",Missing,2,0,0
2020-08-24,"Cumberland Plateau",50-59,76,8,0
2020-08-24,Loudoun,Missing,66,0,1
2020-08-24,Southside,50-59,146,13,1
2020-08-24,Chesterfield,20-29,968,13,0
2020-08-24,Norfolk,70-79,165,48,15
2020-08-24,Alleghany,19-Oct,129,0,0
2020-08-24,Crater,80+,176,37,23
2020-08-24,Portsmouth,Missing,22,1,0
2020-08-24,"Western Tidewater",19-Oct,184,0,0
2020-08-24,Chesterfield,19-Oct,518,2,0
2020-08-24,Southside,60-69,113,17,6
2020-08-24,"West Piedmont",0-9,42,1,0
2020-08-24,"Rappahannock Rapidan",70-79,72,14,8
2020-08-24,"Central Shenandoah",70-79,184,57,18
2020-08-24,Chesapeake,30-39,675,22,0
2020-08-24,Chickahominy,0-9,31,0,0
2020-08-24,"Prince William",0-9,535,12,0
2020-08-24,"Eastern Shore",50-59,291,24,5
2020-08-24,"Mount Rogers",50-59,260,21,3
2020-08-24,Loudoun,19-Oct,796,1,0
2020-08-24,Southside,80+,92,12,13
2020-08-24,"Central Virginia",80+,87,12,7
2020-08-24,Rappahannock,Missing,29,0,0
2020-08-24,"Rappahannock Rapidan",30-39,418,19,1
2020-08-24,"New River",50-59,81,6,0
2020-08-24,Richmond,80+,79,31,10
2020-08-24,"Mount Rogers",20-29,285,0,0
2020-08-24,"Eastern Shore",20-29,211,6,0
2020-08-24,Hampton,19-Oct,93,0,0
2020-08-24,Portsmouth,0-9,71,4,0
2020-08-24,Crater,70-79,214,50,23
2020-08-24,Chesterfield,40-49,891,36,3
2020-08-24,Alexandria,Missing,11,0,0
2020-08-24,Southside,30-39,176,4,0
2020-08-24,"Prince William",Missing,187,3,0
2020-08-24,Hampton,60-69,136,11,3
2020-08-24,Fairfax,20-29,3081,101,3
2020-08-24,"Thomas Jefferson",0-9,104,1,0
2020-08-24,Lenowisco,40-49,83,5,0
2020-08-24,"Central Virginia",19-Oct,212,2,0
2020-08-24,Lenowisco,70-79,64,20,6
2020-08-24,"Virginia Beach",0-9,192,1,0
2020-08-24,Lenowisco,50-59,91,10,1
2020-08-24,Chesapeake,70-79,188,54,5
2020-08-24,"Western Tidewater",80+,197,36,48
2020-08-24,"Thomas Jefferson",19-Oct,208,2,0
2020-08-24,Richmond,40-49,558,42,4
2020-08-24,"Lord Fairfax",50-59,437,35,4
2020-08-24,"Lord Fairfax",19-Oct,227,4,0
2020-08-24,"Rappahannock Rapidan",19-Oct,196,4,0
2020-08-24,Crater,50-59,491,48,4
2020-08-24,Arlington,Missing,15,1,0
2020-08-24,Roanoke,50-59,127,5,0
2020-08-24,Rappahannock,19-Oct,440,4,0
2020-08-24,Roanoke,19-Oct,121,2,0
2020-08-24,"Eastern Shore",Missing,6,0,0
2020-08-24,"Mount Rogers",Missing,0,0,0
2020-08-24,"Prince William",60-69,1011,192,50
2020-08-24,Alleghany,70-79,94,13,11
2020-08-24,Crater,20-29,481,9,0
2020-08-24,Loudoun,60-69,335,62,9
2020-08-24,Fairfax,0-9,668,27,0
2020-08-24,Roanoke,Missing,3,0,0
2020-08-24,Alexandria,20-29,588,11,1
2020-08-24,Portsmouth,70-79,107,26,7
2020-08-24,Alleghany,30-39,146,5,0
2020-08-24,"Prince William",20-29,2404,63,0
2020-08-24,Southside,70-79,88,15,17
2020-08-24,Piedmont,Missing,1,0,0
2020-08-24,Rappahannock,0-9,184,2,0
2020-08-24,Henrico,30-39,786,22,0
2020-08-24,"Prince William",19-Oct,1132,10,0
2020-08-24,Chickahominy,19-Oct,88,0,0
2020-08-24,"Lord Fairfax",0-9,89,2,0
2020-08-24,"Central Virginia",Missing,1,0,0
2020-08-24,Henrico,19-Oct,350,5,0
2020-08-24,"Mount Rogers",30-39,241,12,0
2020-08-24,"Eastern Shore",30-39,250,11,0
2020-08-24,Chesterfield,0-9,205,2,0
2020-08-24,"Central Shenandoah",19-Oct,194,1,0
2020-08-24,Crater,0-9,58,2,0
2020-08-24,Fairfax,70-79,764,265,119
2020-08-24,Rappahannock,80+,157,61,26
2020-08-24,Alexandria,19-Oct,235,5,0
2020-08-24,Portsmouth,40-49,310,18,2
2020-08-24,"Three Rivers",50-59,185,13,0
2020-08-24,Alleghany,Missing,3,0,0
2020-08-24,Alexandria,30-39,747,37,0
2020-08-24,Southside,Missing,1,0,0
2020-08-24,Portsmouth,60-69,243,33,10
2020-08-24,Roanoke,30-39,241,4,0
2020-08-24,"Three Rivers",60-69,130,19,2
2020-08-24,Fairfax,50-59,2732,364,38
2020-08-24,Portsmouth,50-59,283,36,4
2020-08-24,Chickahominy,80+,94,39,29
2020-08-24,"Rappahannock Rapidan",50-59,323,33,2
2020-08-24,Fairfax,80+,872,327,307
2020-08-24,Hampton,Missing,30,0,0
2020-08-24,"Cumberland Plateau",80+,28,8,4
2020-08-24,Alleghany,50-59,162,10,1
2020-08-24,"Prince William",40-49,2535,185,8
2020-08-24,Fairfax,Missing,182,6,0
2020-08-24,"Virginia Beach",40-49,758,27,2
2020-08-24,Richmond,Missing,28,0,0
2020-08-24,Norfolk,40-49,489,27,2
2020-08-24,Piedmont,80+,66,24,20
2020-08-24,"Virginia Beach",60-69,513,67,7
2020-08-24,"West Piedmont",40-49,232,15,3
2020-08-24,Arlington,19-Oct,175,5,0
2020-08-24,Lenowisco,0-9,28,0,0
2020-08-24,Pittsylvania-Danville,50-59,234,22,1
2020-08-24,"Virginia Beach",50-59,665,41,2
2020-08-24,Chesapeake,Missing,42,2,0
2020-08-24,"Central Shenandoah",80+,162,43,22
2020-08-24,"Thomas Jefferson",40-49,339,20,0
2020-08-24,"Rappahannock Rapidan",60-69,186,23,5
2020-08-24,Norfolk,30-39,739,28,1
2020-08-24,"Rappahannock Rapidan",Missing,13,0,0
2020-08-24,"Lord Fairfax",80+,213,46,52
2020-08-24,"Three Rivers",19-Oct,69,1,0
2020-08-24,Piedmont,40-49,288,13,0
2020-08-24,Norfolk,80+,99,20,10
2020-08-24,Peninsula,20-29,912,1,0
2020-08-24,Norfolk,50-59,467,50,5
2020-08-24,"Thomas Jefferson",50-59,268,21,2
2020-08-24,Richmond,70-79,143,59,19
2020-08-24,Chesterfield,70-79,189,38,25
2020-08-24,Piedmont,30-39,327,5,0
2020-08-24,"Prince William",30-39,2337,108,2
2020-08-24,Alleghany,20-29,205,1,0
2020-08-24,Alleghany,0-9,33,0,0
2020-08-24,"Mount Rogers",40-49,240,7,2
2020-08-24,"Eastern Shore",40-49,263,13,2
2020-08-24,"Central Virginia",60-69,208,19,2
2020-08-24,Richmond,19-Oct,299,5,0
2020-08-24,Pittsylvania-Danville,60-69,152,23,4
2020-08-24,Pittsylvania-Danville,Missing,1,0,0
2020-08-24,Chesterfield,60-69,446,71,18
2020-08-24,Southside,19-Oct,28,0,0
2020-08-24,"New River",80+,17,5,3
2020-08-24,"Central Virginia",50-59,315,8,4
2020-08-24,Hampton,70-79,72,13,3
2020-08-24,Pittsylvania-Danville,19-Oct,77,0,0
2020-08-24,Richmond,60-69,310,74,7
2020-08-24,Chickahominy,40-49,145,14,1
2020-08-24,"Three Rivers",80+,54,14,6
2020-08-24,Rappahannock,30-39,758,26,0
2020-08-24,"Lord Fairfax",60-69,282,56,14
2020-08-24,"Western Tidewater",0-9,73,1,0
2020-08-24,Rappahannock,70-79,162,46,19
2020-08-24,"Prince William",80+,279,93,81
2020-08-24,Hampton,80+,32,4,2
2020-08-24,Alexandria,80+,110,33,27
2020-08-24,"Mount Rogers",60-69,215,25,2
2020-08-24,"Eastern Shore",60-69,202,31,8
2020-08-24,"Lord Fairfax",70-79,186,52,20
2020-08-24,"New River",30-39,108,4,0
2020-08-24,Chesapeake,19-Oct,276,2,0
2020-08-24,Hampton,40-49,214,7,0
2020-08-24,Peninsula,Missing,43,0,0
2020-08-25,"Virginia Beach",0-9,194,1,0
2020-08-25,Lenowisco,50-59,99,10,1
2020-08-25,Chesapeake,70-79,190,56,5
2020-08-25,"Western Tidewater",80+,199,36,48
2020-08-25,"Thomas Jefferson",19-Oct,211,2,0
2020-08-25,Richmond,40-49,561,42,4
2020-08-25,"Lord Fairfax",50-59,440,35,4
2020-08-25,"Lord Fairfax",19-Oct,231,4,0
2020-08-25,"Rappahannock Rapidan",19-Oct,198,4,0
2020-08-25,Crater,50-59,495,48,4
2020-08-25,Arlington,Missing,15,1,0
2020-08-25,Roanoke,50-59,127,6,0
2020-08-25,Rappahannock,19-Oct,440,4,0
2020-08-25,Roanoke,19-Oct,121,1,0
2020-08-25,"Eastern Shore",Missing,6,0,0
2020-08-25,"Mount Rogers",Missing,0,0,0
2020-08-25,"Prince William",60-69,1021,194,50
2020-08-25,Alleghany,70-79,94,13,11
2020-08-25,Crater,20-29,482,9,0
2020-08-25,Loudoun,60-69,337,64,9
2020-08-25,Fairfax,0-9,670,26,0
2020-08-25,Roanoke,Missing,3,0,0
2020-08-25,Alexandria,20-29,597,11,1
2020-08-25,Portsmouth,70-79,111,26,7
2020-08-25,Alleghany,30-39,147,5,0
2020-08-25,"Prince William",20-29,2418,64,0
2020-08-25,Southside,70-79,88,15,17
2020-08-25,Piedmont,Missing,2,0,0
2020-08-25,Rappahannock,0-9,185,2,0
2020-08-25,Henrico,30-39,789,22,0
2020-08-25,"Prince William",19-Oct,1143,10,0
2020-08-25,Chickahominy,19-Oct,88,0,0
2020-08-25,"Lord Fairfax",0-9,90,2,0
2020-08-25,"Central Virginia",Missing,1,0,0
2020-08-25,Fairfax,60-69,1695,373,72
2020-08-25,Hampton,20-29,388,3,0
2020-08-25,"Central Shenandoah",40-49,499,17,0
2020-08-25,Pittsylvania-Danville,0-9,47,0,0
2020-08-25,Crater,30-39,522,9,0
2020-08-25,"Virginia Beach",70-79,254,70,19
2020-08-25,"Virginia Beach",30-39,1127,24,1
2020-08-25,Piedmont,0-9,36,0,0
2020-08-25,"Central Shenandoah",30-39,450,8,0
2020-08-25,Hampton,50-59,196,12,4
2020-08-25,Peninsula,70-79,189,50,16
2020-08-25,Arlington,20-29,748,22,0
2020-08-25,"West Piedmont",70-79,103,37,9
2020-08-25,Richmond,20-29,916,21,0
2020-08-25,Roanoke,0-9,48,0,0
2020-08-25,Hampton,30-39,271,3,0
2020-08-25,"Thomas Jefferson",30-39,410,13,0
2020-08-25,"Western Tidewater",40-49,365,10,3
2020-08-25,Richmond,50-59,418,77,2
2020-08-25,"Western Tidewater",50-59,454,25,4
2020-08-25,Henrico,19-Oct,354,5,0
2020-08-25,"Mount Rogers",30-39,245,12,0
2020-08-25,"Eastern Shore",30-39,250,11,0
2020-08-25,Chesterfield,0-9,204,2,0
2020-08-25,"Central Shenandoah",19-Oct,198,1,0
2020-08-25,Crater,0-9,59,2,0
2020-08-25,Fairfax,70-79,765,265,120
2020-08-25,Rappahannock,80+,158,61,26
2020-08-25,Alexandria,19-Oct,238,5,0
2020-08-25,Portsmouth,40-49,322,18,2
2020-08-25,"Three Rivers",50-59,186,13,0
2020-08-25,Alleghany,Missing,3,0,0
2020-08-25,Alexandria,30-39,753,37,0
2020-08-25,Southside,Missing,1,0,0
2020-08-25,Portsmouth,60-69,246,33,10
2020-08-25,Roanoke,30-39,241,4,0
2020-08-25,"Three Rivers",60-69,130,19,2
2020-08-25,Fairfax,50-59,2740,364,38
2020-08-25,Portsmouth,50-59,294,37,4
2020-08-25,Chickahominy,80+,94,39,29
2020-08-25,"Rappahannock Rapidan",50-59,325,34,2
2020-08-25,Fairfax,80+,874,327,309
2020-08-25,Hampton,Missing,31,0,0
2020-08-25,"Cumberland Plateau",80+,28,8,4
2020-08-25,Alleghany,50-59,162,10,1
2020-08-25,"Prince William",40-49,2554,185,8
2020-08-25,Fairfax,Missing,182,6,0
2020-08-25,"Virginia Beach",40-49,769,27,2
2020-08-25,Richmond,Missing,29,0,0
2020-08-25,Norfolk,40-49,500,27,2
2020-08-25,Piedmont,80+,66,24,20
2020-08-25,"Virginia Beach",60-69,514,68,7
2020-08-25,"West Piedmont",40-49,235,15,3
2020-08-25,Arlington,19-Oct,177,5,0
2020-08-25,Lenowisco,0-9,28,0,0
2020-08-25,Pittsylvania-Danville,50-59,243,22,1
2020-08-25,"Virginia Beach",50-59,669,41,2
2020-08-25,Chesapeake,Missing,42,2,0
2020-08-25,"Central Shenandoah",80+,163,43,23
2020-08-25,"Thomas Jefferson",40-49,348,20,0
2020-08-25,"Rappahannock Rapidan",60-69,188,23,5
2020-08-25,Norfolk,30-39,754,28,1
2020-08-25,"Rappahannock Rapidan",Missing,13,0,0
2020-08-25,"Lord Fairfax",80+,213,47,53
2020-08-25,"Three Rivers",19-Oct,69,1,0
2020-08-25,Piedmont,40-49,293,13,0
2020-08-25,Norfolk,80+,101,22,10
2020-08-25,Peninsula,20-29,916,1,0
2020-08-25,Norfolk,50-59,474,50,5
2020-08-25,"Thomas Jefferson",50-59,270,21,2
2020-08-25,Richmond,70-79,143,60,19
2020-08-25,Chesterfield,70-79,191,39,25
2020-08-25,Piedmont,30-39,332,6,0
2020-08-25,"Prince William",30-39,2359,108,2
2020-08-25,Alleghany,20-29,206,1,0
2020-08-25,Alleghany,0-9,34,0,0
2020-08-25,"Mount Rogers",40-49,246,7,2
2020-08-25,"Eastern Shore",40-49,263,13,2
2020-08-25,"Central Virginia",60-69,212,19,2
2020-08-25,Richmond,19-Oct,300,5,0
2020-08-25,Pittsylvania-Danville,60-69,154,23,4
2020-08-25,Pittsylvania-Danville,Missing,1,0,0
2020-08-25,Chesterfield,60-69,449,71,18
2020-08-25,Southside,19-Oct,28,0,0
2020-08-25,"New River",80+,17,5,3
2020-08-25,"Central Virginia",50-59,321,8,4
2020-08-25,Hampton,70-79,72,13,4
2020-08-25,Pittsylvania-Danville,19-Oct,79,0,0
2020-08-25,Richmond,60-69,308,74,7
2020-08-25,"West Piedmont",20-29,223,4,0
2020-08-25,Arlington,70-79,194,75,34
2020-08-25,Chickahominy,50-59,208,25,1
2020-08-25,Alleghany,40-49,156,5,0
2020-08-25,"Prince William",50-59,1882,226,18
2020-08-25,"Mount Rogers",0-9,66,1,0
2020-08-25,"Eastern Shore",0-9,27,3,0
2020-08-25,"Thomas Jefferson",60-69,207,38,4
2020-08-25,Pittsylvania-Danville,70-79,61,19,2
2020-08-25,Chesterfield,80+,178,41,50
2020-08-25,Richmond,0-9,139,7,0
2020-08-25,Chesapeake,80+,154,48,24
2020-08-25,Peninsula,40-49,495,16,1
2020-08-25,Henrico,0-9,170,4,0
2020-08-25,Lenowisco,80+,21,5,0
2020-08-25,Piedmont,60-69,194,26,5
2020-08-25,"West Piedmont",0-9,42,1,0
2020-08-25,"Rappahannock Rapidan",70-79,73,14,8
2020-08-25,"Central Shenandoah",70-79,184,57,18
2020-08-25,Chesapeake,30-39,679,22,0
2020-08-25,Chickahominy,0-9,31,0,0
2020-08-25,"Prince William",0-9,538,12,0
2020-08-25,"Eastern Shore",50-59,291,24,5
2020-08-25,"Mount Rogers",50-59,264,22,3
2020-08-25,Loudoun,19-Oct,803,1,0
2020-08-25,Southside,80+,92,12,13
2020-08-25,"Central Virginia",80+,87,12,7
2020-08-25,Rappahannock,Missing,29,0,0
2020-08-25,"Rappahannock Rapidan",30-39,423,19,1
2020-08-25,"New River",50-59,81,6,0
2020-08-25,Richmond,80+,79,31,10
2020-08-25,"Mount Rogers",20-29,290,0,0
2020-08-25,"Eastern Shore",20-29,211,6,0
2020-08-25,Hampton,19-Oct,93,0,0
2020-08-25,Portsmouth,0-9,70,4,0
2020-08-25,Crater,70-79,216,50,23
2020-08-25,Chesterfield,40-49,895,38,3
2020-08-25,Alexandria,Missing,11,0,0
2020-08-25,Southside,30-39,177,4,0
2020-08-25,"Prince William",Missing,188,3,0
2020-08-25,Hampton,60-69,136,11,5
2020-08-25,Fairfax,20-29,3092,101,3
2020-08-25,"Thomas Jefferson",0-9,104,1,0
2020-08-25,Lenowisco,40-49,93,5,0
2020-08-25,"Central Virginia",19-Oct,221,2,0
2020-08-25,Lenowisco,70-79,65,21,7
2020-08-25,Crater,Missing,29,0,0
2020-08-25,Arlington,50-59,469,74,6
2020-08-25,Piedmont,70-79,98,28,8
2020-08-25,Alexandria,60-69,259,57,3
2020-08-25,Portsmouth,30-39,379,16,1
2020-08-25,Lenowisco,20-29,84,0,0
2020-08-25,"Central Virginia",30-39,273,9,0
2020-08-25,Norfolk,19-Oct,265,2,0
2020-08-25,"New River",19-Oct,135,0,0
2020-08-25,"Central Virginia",20-29,497,3,0
2020-08-25,Rappahannock,50-59,631,64,5
2020-08-25,Rappahannock,60-69,323,61,8
2020-08-25,Piedmont,20-29,294,3,0
2020-08-25,"New River",60-69,52,8,1
2020-08-25,Roanoke,40-49,166,6,0
2020-08-25,"Three Rivers",20-29,220,4,0
2020-08-25,Rappahannock,40-49,704,51,2
2020-08-25,Portsmouth,80+,50,12,7
2020-08-25,"Central Shenandoah",Missing,2,0,0
2020-08-25,"Eastern Shore",70-79,62,23,12
2020-08-25,"Mount Rogers",70-79,175,50,20
2020-08-25,"Cumberland Plateau",70-79,35,4,0
2020-08-25,Piedmont,19-Oct,65,0,0
2020-08-25,Southside,20-29,133,2,0
2020-08-25,Chesterfield,50-59,722,61,6
2020-08-25,"Rappahannock Rapidan",20-29,401,6,0
2020-08-25,"Cumberland Plateau",60-69,58,11,2
2020-08-25,Roanoke,70-79,31,6,2
2020-08-25,"Central Shenandoah",20-29,620,11,0
2020-08-25,Pittsylvania-Danville,80+,74,15,8
2020-08-25,"Virginia Beach",80+,207,66,33
2020-08-25,"Central Shenandoah",50-59,509,44,5
2020-08-25,Lenowisco,Missing,0,0,0
2020-08-25,Fairfax,30-39,3432,221,7
2020-08-25,Lenowisco,60-69,91,12,2
2020-08-25,Loudoun,30-39,992,35,0
2020-08-25,"West Piedmont",80+,102,44,11
2020-08-25,Roanoke,80+,61,6,12
2020-08-25,Fairfax,40-49,3212,319,12
2020-08-25,"Thomas Jefferson",80+,177,37,30
2020-08-25,Roanoke,20-29,253,5,0
2020-08-25,Henrico,60-69,396,64,37
2020-08-25,"Lord Fairfax",40-49,417,20,1
2020-08-25,"Western Tidewater",Missing,21,0,0
2020-08-25,Chickahominy,60-69,124,27,9
2020-08-25,Chesapeake,20-29,687,6,0
2020-08-25,"Three Rivers",Missing,10,1,0
2020-08-25,Lenowisco,19-Oct,57,0,0
2020-08-25,Chesapeake,0-9,118,1,0
2020-08-25,Peninsula,50-59,437,24,3
2020-08-25,"Cumberland Plateau",Missing,0,0,0
2020-08-25,Peninsula,60-69,305,36,4
2020-08-25,"Lord Fairfax",30-39,448,13,1
2020-08-25,"Virginia Beach",Missing,126,0,0
2020-08-25,Arlington,40-49,542,57,8
2020-08-25,"West Piedmont",19-Oct,125,0,0
2020-08-25,Chickahominy,70-79,93,28,7
2020-08-25,Pittsylvania-Danville,20-29,164,0,0
2020-08-25,Loudoun,50-59,857,71,4
2020-08-25,Richmond,30-39,769,42,1
2020-08-25,"Thomas Jefferson",Missing,3,0,0
2020-08-25,"Rappahannock Rapidan",80+,68,19,10
2020-08-25,"Lord Fairfax",Missing,2,0,0
2020-08-25,"Cumberland Plateau",50-59,79,8,0
2020-08-25,Loudoun,Missing,66,0,1
2020-08-25,Southside,50-59,146,13,1
2020-08-25,Chesterfield,20-29,975,13,0
2020-08-25,Norfolk,70-79,168,50,16
2020-08-25,Alleghany,19-Oct,130,1,0
2020-08-25,Crater,80+,176,37,23
2020-08-25,Portsmouth,Missing,22,1,0
2020-08-25,"Western Tidewater",19-Oct,184,0,0
2020-08-25,Chesterfield,19-Oct,518,2,0
2020-08-25,Southside,60-69,116,17,6
2020-08-25,Norfolk,0-9,150,2,0
2020-08-25,"Cumberland Plateau",40-49,73,4,0
2020-08-25,"Eastern Shore",19-Oct,71,1,0
2020-08-25,"Mount Rogers",19-Oct,146,0,0
2020-08-25,"Rappahannock Rapidan",0-9,109,1,0
2020-08-25,"Three Rivers",0-9,29,1,0
2020-08-25,Henrico,40-49,660,41,2
2020-08-25,Alexandria,50-59,431,60,12
2020-08-25,Arlington,0-9,86,2,0
2020-08-25,Chickahominy,Missing,18,0,0
2020-08-25,"New River",20-29,307,0,0
2020-08-25,"Virginia Beach",20-29,1483,11,0
2020-08-25,Chesapeake,50-59,520,52,1
2020-08-25,Alleghany,80+,50,12,6
2020-08-25,Fairfax,19-Oct,1294,34,0
2020-08-25,Chesapeake,60-69,384,74,12
2020-08-25,"West Piedmont",Missing,0,0,0
2020-08-25,Peninsula,80+,111,34,24
2020-08-25,Crater,40-49,423,25,1
2020-08-25,Chesapeake,40-49,531,39,1
2020-08-25,"Thomas Jefferson",20-29,416,3,0
2020-08-25,"Lord Fairfax",20-29,458,7,0
2020-08-25,Norfolk,20-29,1399,16,0
2020-08-25,Arlington,30-39,640,44,0
2020-08-25,"West Piedmont",60-69,178,30,3
2020-08-25,Henrico,50-59,566,62,11
2020-08-25,"West Piedmont",50-59,261,40,3
2020-08-25,"Cumberland Plateau",20-29,69,0,0
2020-08-25,Alexandria,70-79,118,44,18
2020-08-25,Portsmouth,20-29,458,13,0
2020-08-25,"Western Tidewater",30-39,420,18,2
2020-08-25,"Central Shenandoah",0-9,98,0,0
2020-08-25,Henrico,80+,384,86,91
2020-08-25,Alexandria,0-9,190,2,0
2020-08-25,Pittsylvania-Danville,40-49,202,11,1
2020-08-25,Henrico,20-29,748,19,0
2020-08-25,Roanoke,60-69,78,7,1
2020-08-25,Peninsula,30-39,661,16,2
2020-08-25,Alleghany,60-69,104,11,1
2020-08-25,"Prince William",70-79,409,121,54
2020-08-25,Norfolk,60-69,392,63,10
2020-08-25,Southside,40-49,152,6,0
2020-08-25,Chesterfield,30-39,1029,21,1
2020-08-25,Loudoun,70-79,182,56,19
2020-08-25,"Central Virginia",40-49,278,3,0
2020-08-25,"New River",Missing,5,0,0
2020-08-25,Chickahominy,20-29,179,3,0
2020-08-25,"New River",0-9,19,0,0
2020-08-25,"Cumberland Plateau",0-9,18,0,0
2020-08-25,"Three Rivers",70-79,68,14,8
2020-08-25,"Rappahannock Rapidan",40-49,393,24,3
2020-08-25,Hampton,0-9,39,0,0
2020-08-25,Piedmont,50-59,255,27,4
2020-08-25,Rappahannock,20-29,847,18,0
2020-08-25,Chickahominy,40-49,148,14,1
2020-08-25,"Three Rivers",80+,54,14,6
2020-08-25,Rappahannock,30-39,762,28,0
2020-08-25,"Lord Fairfax",60-69,282,56,14
2020-08-25,"Western Tidewater",0-9,74,1,0
2020-08-25,Rappahannock,70-79,163,46,19
2020-08-25,"Prince William",80+,281,94,81
2020-08-25,Hampton,80+,32,4,2
2020-08-25,Alexandria,80+,111,33,27
2020-08-25,"Mount Rogers",60-69,218,25,2
2020-08-25,"Eastern Shore",60-69,202,31,8
2020-08-25,"Lord Fairfax",70-79,189,53,20
2020-08-25,"New River",30-39,110,4,0
2020-08-25,Chesapeake,19-Oct,277,3,0
2020-08-25,Hampton,40-49,216,8,0
2020-08-25,Peninsula,Missing,44,0,0
2020-08-25,Henrico,70-79,287,64,47
2020-08-25,"Western Tidewater",20-29,387,6,0
2020-08-25,Peninsula,0-9,131,1,0
2020-08-25,Loudoun,40-49,1089,66,1
2020-08-25,Pittsylvania-Danville,30-39,188,2,0
2020-08-25,Loudoun,20-29,993,12,0
2020-08-25,Crater,60-69,386,60,20
2020-08-25,Loudoun,80+,225,60,81
2020-08-25,Arlington,80+,214,87,71
2020-08-25,"Virginia Beach",19-Oct,445,1,0
2020-08-25,"Mount Rogers",80+,144,47,41
2020-08-25,"Eastern Shore",80+,55,25,20
2020-08-25,Crater,19-Oct,141,2,0
2020-08-25,Lenowisco,30-39,109,3,1
2020-08-25,Norfolk,Missing,42,1,0
2020-08-25,Henrico,Missing,49,1,1
2020-08-25,"New River",40-49,88,2,0
2020-08-25,"Central Virginia",0-9,61,0,0
2020-08-25,"New River",70-79,43,12,4
2020-08-25,Loudoun,0-9,225,4,0
2020-08-25,"Central Virginia",70-79,130,15,5
2020-08-25,Southside,0-9,15,0,0
2020-08-25,"Three Rivers",40-49,220,15,2
2020-08-25,Chickahominy,30-39,153,3,0
2020-08-25,"Central Shenandoah",60-69,368,53,15
2020-08-25,"Western Tidewater",60-69,340,31,11
2020-08-25,"Cumberland Plateau",30-39,60,2,0
2020-08-25,Portsmouth,19-Oct,183,0,0
2020-08-25,Chesterfield,Missing,125,1,0
2020-08-25,Alexandria,40-49,601,45,0
2020-08-25,"Thomas Jefferson",70-79,148,28,10
2020-08-25,"Three Rivers",30-39,240,7,0
2020-08-25,"Western Tidewater",70-79,200,33,20
2020-08-25,Arlington,60-69,330,85,19
2020-08-25,"Cumberland Plateau",19-Oct,79,1,0
2020-08-25,"West Piedmont",30-39,191,5,0
2020-08-25,Peninsula,19-Oct,219,1,0
2020-08-26,Hampton,20-29,388,3,0
2020-08-26,"Central Shenandoah",40-49,498,17,0
2020-08-26,Pittsylvania-Danville,0-9,48,0,0
2020-08-26,Crater,30-39,527,9,0
2020-08-26,"Virginia Beach",70-79,255,72,19
2020-08-26,"Virginia Beach",30-39,1130,24,1
2020-08-26,Piedmont,0-9,36,0,0
2020-08-26,"Central Shenandoah",30-39,453,8,0
2020-08-26,Hampton,50-59,199,12,4
2020-08-26,Peninsula,70-79,190,50,16
2020-08-26,Arlington,20-29,751,22,0
2020-08-26,"West Piedmont",70-79,107,38,9
2020-08-26,Richmond,20-29,947,21,0
2020-08-26,Roanoke,0-9,48,0,0
2020-08-26,Hampton,30-39,273,3,0
2020-08-26,"Thomas Jefferson",30-39,414,13,0
2020-08-26,"Western Tidewater",40-49,370,10,3
2020-08-26,Richmond,50-59,422,76,3
2020-08-26,"Western Tidewater",50-59,458,25,4
2020-08-26,Crater,Missing,30,0,0
2020-08-26,Arlington,50-59,472,74,6
2020-08-26,Piedmont,70-79,99,28,8
2020-08-26,Alexandria,60-69,259,57,3
2020-08-26,Portsmouth,30-39,380,16,1
2020-08-26,Lenowisco,20-29,85,0,0
2020-08-26,"Central Virginia",30-39,274,9,0
2020-08-26,Norfolk,19-Oct,266,2,0
2020-08-26,"New River",19-Oct,153,0,0
2020-08-26,"Central Virginia",20-29,500,3,0
2020-08-26,Rappahannock,50-59,631,64,5
2020-08-26,Rappahannock,60-69,326,61,8
2020-08-26,Piedmont,20-29,295,3,0
2020-08-26,"New River",60-69,55,8,1
2020-08-26,Roanoke,40-49,166,6,0
2020-08-26,"Three Rivers",20-29,220,4,0
2020-08-26,Rappahannock,40-49,705,52,2
2020-08-26,Portsmouth,80+,50,12,7
2020-08-26,"Central Shenandoah",Missing,2,0,0
2020-08-26,"Eastern Shore",70-79,62,23,12
2020-08-26,"Mount Rogers",70-79,177,51,20
2020-08-26,"Cumberland Plateau",70-79,37,5,0
2020-08-26,Piedmont,19-Oct,66,0,0
2020-08-26,Southside,20-29,133,2,0
2020-08-26,Chesterfield,50-59,726,61,6
2020-08-26,"Rappahannock Rapidan",20-29,404,6,0
2020-08-26,"Cumberland Plateau",60-69,58,12,2
2020-08-26,Roanoke,70-79,32,6,2
2020-08-26,"Central Shenandoah",20-29,624,11,0
2020-08-26,Pittsylvania-Danville,80+,75,15,8
2020-08-26,"Virginia Beach",80+,209,66,34
2020-08-26,"Central Shenandoah",50-59,509,44,5
2020-08-26,Lenowisco,Missing,0,0,0
2020-08-26,Fairfax,30-39,3454,221,7
2020-08-26,Lenowisco,60-69,92,12,2
2020-08-26,Loudoun,30-39,995,35,0
2020-08-26,"West Piedmont",80+,105,45,12
2020-08-26,Roanoke,80+,61,6,12
2020-08-26,Fairfax,40-49,3229,319,12
2020-08-26,"Thomas Jefferson",80+,177,38,30
2020-08-26,Roanoke,20-29,257,5,0
2020-08-26,Henrico,60-69,397,64,37
2020-08-26,"Lord Fairfax",40-49,418,20,1
2020-08-26,"Western Tidewater",Missing,22,0,0
2020-08-26,Chickahominy,60-69,124,27,9
2020-08-26,Chesapeake,20-29,694,6,0
2020-08-26,"Three Rivers",Missing,10,1,0
2020-08-26,Norfolk,0-9,150,3,0
2020-08-26,"Cumberland Plateau",40-49,75,4,0
2020-08-26,"Eastern Shore",19-Oct,71,1,0
2020-08-26,"Mount Rogers",19-Oct,146,0,0
2020-08-26,"Rappahannock Rapidan",0-9,109,1,0
2020-08-26,"Three Rivers",0-9,30,1,0
2020-08-26,Henrico,40-49,663,42,2
2020-08-26,Alexandria,50-59,430,61,12
2020-08-26,Arlington,0-9,87,2,0
2020-08-26,Chickahominy,Missing,18,0,0
2020-08-26,"New River",20-29,332,0,0
2020-08-26,"Virginia Beach",20-29,1494,11,0
2020-08-26,Chesapeake,50-59,527,52,1
2020-08-26,Alleghany,80+,50,12,6
2020-08-26,Fairfax,19-Oct,1302,34,0
2020-08-26,Chesapeake,60-69,390,74,13
2020-08-26,"West Piedmont",Missing,0,0,0
2020-08-26,Peninsula,80+,111,34,24
2020-08-26,Crater,40-49,424,25,1
2020-08-26,Chesapeake,40-49,540,40,1
2020-08-26,"Thomas Jefferson",20-29,418,3,0
2020-08-26,"Lord Fairfax",20-29,459,7,0
2020-08-26,Norfolk,20-29,1404,16,0
2020-08-26,Arlington,30-39,642,44,0
2020-08-26,"West Piedmont",60-69,182,30,3
2020-08-26,Henrico,50-59,569,64,11
2020-08-26,"West Piedmont",50-59,265,42,3
2020-08-26,"Cumberland Plateau",20-29,69,0,0
2020-08-26,Alexandria,70-79,118,44,18
2020-08-26,Portsmouth,20-29,461,14,0
2020-08-26,"Western Tidewater",30-39,424,18,2
2020-08-26,"Central Shenandoah",0-9,100,0,0
2020-08-26,Henrico,80+,383,86,91
2020-08-26,Alexandria,0-9,196,2,0
2020-08-26,Pittsylvania-Danville,40-49,207,11,1
2020-08-26,Henrico,20-29,752,20,1
2020-08-26,Roanoke,60-69,79,7,1
2020-08-26,Peninsula,30-39,664,16,2
2020-08-26,Alleghany,60-69,104,11,1
2020-08-26,"Prince William",70-79,412,121,54
2020-08-26,Norfolk,60-69,394,64,10
2020-08-26,Southside,40-49,154,6,0
2020-08-26,Chesterfield,30-39,1038,21,1
2020-08-26,Loudoun,70-79,182,56,19
2020-08-26,"Central Virginia",40-49,279,3,0
2020-08-26,"New River",Missing,6,0,0
2020-08-26,Chickahominy,20-29,185,3,0
2020-08-26,"New River",0-9,19,0,0
2020-08-26,"Cumberland Plateau",0-9,18,0,0
2020-08-26,"Three Rivers",70-79,69,15,8
2020-08-26,"Rappahannock Rapidan",40-49,394,24,3
2020-08-26,Hampton,0-9,39,0,0
2020-08-26,Piedmont,50-59,257,27,4
2020-08-26,Rappahannock,20-29,847,18,0
2020-08-26,"West Piedmont",20-29,226,4,0
2020-08-26,Arlington,70-79,196,75,34
2020-08-26,Chickahominy,50-59,210,25,1
2020-08-26,Alleghany,40-49,156,5,0
2020-08-26,"Prince William",50-59,1886,226,18
2020-08-26,"Mount Rogers",0-9,66,1,0
2020-08-26,"Eastern Shore",0-9,28,3,0
2020-08-26,"Thomas Jefferson",60-69,210,38,4
2020-08-26,Pittsylvania-Danville,70-79,63,19,2
2020-08-26,Chesterfield,80+,178,41,50
2020-08-26,Richmond,0-9,138,6,0
2020-08-26,Chesapeake,80+,154,48,24
2020-08-26,Peninsula,40-49,500,17,1
2020-08-26,Henrico,0-9,171,4,0
2020-08-26,Lenowisco,80+,21,5,0
2020-08-26,Piedmont,60-69,194,26,5
2020-08-26,Henrico,19-Oct,360,5,0
2020-08-26,"Mount Rogers",30-39,249,12,0
2020-08-26,"Eastern Shore",30-39,250,11,0
2020-08-26,Chesterfield,0-9,205,2,0
2020-08-26,"Central Shenandoah",19-Oct,200,1,0
2020-08-26,Crater,0-9,61,2,0
2020-08-26,Fairfax,70-79,766,265,120
2020-08-26,Rappahannock,80+,160,62,26
2020-08-26,Alexandria,19-Oct,238,5,0
2020-08-26,Portsmouth,40-49,322,18,2
2020-08-26,"Three Rivers",50-59,186,13,0
2020-08-26,Alleghany,Missing,2,0,0
2020-08-26,Alexandria,30-39,757,37,0
2020-08-26,Southside,Missing,1,0,0
2020-08-26,Portsmouth,60-69,245,33,10
2020-08-26,Roanoke,30-39,242,5,0
2020-08-26,"Three Rivers",60-69,130,19,2
2020-08-26,Fairfax,50-59,2759,366,40
2020-08-26,Portsmouth,50-59,296,37,4
2020-08-26,Chickahominy,80+,95,39,29
2020-08-26,"Rappahannock Rapidan",50-59,329,35,2
2020-08-26,Fairfax,80+,877,328,309
2020-08-26,Hampton,Missing,32,0,0
2020-08-26,"Cumberland Plateau",80+,28,10,5
2020-08-26,Alleghany,50-59,164,10,1
2020-08-26,"Prince William",40-49,2562,187,8
2020-08-26,Fairfax,Missing,182,6,0
2020-08-26,"Virginia Beach",40-49,772,28,2
2020-08-26,Richmond,Missing,28,0,0
2020-08-26,Norfolk,40-49,502,30,2
2020-08-26,Piedmont,80+,67,24,21
2020-08-26,"Virginia Beach",60-69,517,69,7
2020-08-26,"West Piedmont",40-49,237,17,3
2020-08-26,Arlington,19-Oct,179,5,0
2020-08-26,Lenowisco,0-9,28,0,0
2020-08-26,Pittsylvania-Danville,50-59,244,23,1
2020-08-26,"Virginia Beach",50-59,672,42,3
2020-08-26,Chesapeake,Missing,43,2,0
2020-08-26,"Central Shenandoah",80+,163,43,23
2020-08-26,"Thomas Jefferson",40-49,348,20,0
2020-08-26,"Rappahannock Rapidan",60-69,188,24,5
2020-08-26,Norfolk,30-39,755,28,1
2020-08-26,"Rappahannock Rapidan",Missing,13,0,0
2020-08-26,"Lord Fairfax",80+,213,47,53
2020-08-26,"Three Rivers",19-Oct,70,1,0
2020-08-26,Piedmont,40-49,295,13,0
2020-08-26,Norfolk,80+,102,24,12
2020-08-26,Peninsula,20-29,917,1,0
2020-08-26,Norfolk,50-59,477,50,5
2020-08-26,"Thomas Jefferson",50-59,271,21,2
2020-08-26,Richmond,70-79,145,61,19
2020-08-26,Chesterfield,70-79,191,39,25
2020-08-26,Piedmont,30-39,332,6,0
2020-08-26,"Prince William",30-39,2369,108,2
2020-08-26,Alleghany,20-29,218,1,0
2020-08-26,Alleghany,0-9,34,0,0
2020-08-26,"Mount Rogers",40-49,250,7,2
2020-08-26,"Eastern Shore",40-49,263,13,2
2020-08-26,"Central Virginia",60-69,214,20,2
2020-08-26,Richmond,19-Oct,311,5,0
2020-08-26,Pittsylvania-Danville,60-69,157,23,4
2020-08-26,Pittsylvania-Danville,Missing,1,0,0
2020-08-26,Chesterfield,60-69,450,72,18
2020-08-26,Southside,19-Oct,30,0,0
2020-08-26,"New River",80+,27,5,3
2020-08-26,"Central Virginia",50-59,321,8,4
2020-08-26,Hampton,70-79,73,13,4
2020-08-26,Pittsylvania-Danville,19-Oct,81,0,0
2020-08-26,Richmond,60-69,312,76,7
2020-08-26,Chickahominy,40-49,149,14,1
2020-08-26,"Three Rivers",80+,54,14,6
2020-08-26,Rappahannock,30-39,767,28,0
2020-08-26,"Lord Fairfax",60-69,282,56,14
2020-08-26,"Western Tidewater",0-9,76,1,0
2020-08-26,Rappahannock,70-79,164,46,19
2020-08-26,"Prince William",80+,279,96,81
2020-08-26,Hampton,80+,32,4,2
2020-08-26,Alexandria,80+,112,34,27
2020-08-26,"Mount Rogers",60-69,221,26,3
2020-08-26,"Eastern Shore",60-69,202,31,8
2020-08-26,"Lord Fairfax",70-79,189,53,20
2020-08-26,"New River",30-39,112,4,0
2020-08-26,Chesapeake,19-Oct,284,3,0
2020-08-26,Hampton,40-49,217,8,0
2020-08-26,Peninsula,Missing,44,0,0
2020-08-26,"West Piedmont",0-9,43,1,0
2020-08-26,"Rappahannock Rapidan",70-79,73,14,8
2020-08-26,"Central Shenandoah",70-79,184,57,18
2020-08-26,Chesapeake,30-39,682,22,0
2020-08-26,Chickahominy,0-9,32,0,0
2020-08-26,"Prince William",0-9,539,12,0
2020-08-26,"Eastern Shore",50-59,291,24,5
2020-08-26,"Mount Rogers",50-59,264,22,3
2020-08-26,Loudoun,19-Oct,806,1,0
2020-08-26,Southside,80+,92,12,13
2020-08-26,"Central Virginia",80+,87,12,7
2020-08-26,Rappahannock,Missing,33,0,0
2020-08-26,"Rappahannock Rapidan",30-39,423,20,1
2020-08-26,"New River",50-59,83,6,0
2020-08-26,Richmond,80+,81,31,10
2020-08-26,"Mount Rogers",20-29,294,0,0
2020-08-26,"Eastern Shore",20-29,211,6,0
2020-08-26,Hampton,19-Oct,93,0,0
2020-08-26,Portsmouth,0-9,70,4,0
2020-08-26,Crater,70-79,219,51,23
2020-08-26,Chesterfield,40-49,901,39,3
2020-08-26,Alexandria,Missing,11,0,0
2020-08-26,Southside,30-39,180,4,0
2020-08-26,"Prince William",Missing,192,3,0
2020-08-26,Hampton,60-69,137,11,5
2020-08-26,Fairfax,20-29,3103,102,3
2020-08-26,"Thomas Jefferson",0-9,104,1,0
2020-08-26,Lenowisco,40-49,93,5,0
2020-08-26,"Central Virginia",19-Oct,220,2,0
2020-08-26,Lenowisco,70-79,66,21,7
2020-08-26,"Virginia Beach",0-9,198,1,0
2020-08-26,Lenowisco,50-59,100,10,1
2020-08-26,Chesapeake,70-79,193,58,6
2020-08-26,"Western Tidewater",80+,201,36,48
2020-08-26,"Thomas Jefferson",19-Oct,215,2,0
2020-08-26,Richmond,40-49,567,43,4
2020-08-26,"Lord Fairfax",50-59,442,35,4
2020-08-26,"Lord Fairfax",19-Oct,232,4,0
2020-08-26,"Rappahannock Rapidan",19-Oct,200,4,0
2020-08-26,Crater,50-59,503,48,4
2020-08-26,Arlington,Missing,16,1,0
2020-08-26,Roanoke,50-59,127,6,0
2020-08-26,Rappahannock,19-Oct,442,4,0
2020-08-26,Roanoke,19-Oct,125,1,0
2020-08-26,"Eastern Shore",Missing,6,0,0
2020-08-26,"Mount Rogers",Missing,0,0,0
2020-08-26,"Prince William",60-69,1024,194,50
2020-08-26,Alleghany,70-79,94,13,11
2020-08-26,Crater,20-29,490,9,0
2020-08-26,Loudoun,60-69,338,64,9
2020-08-26,Fairfax,0-9,676,26,0
2020-08-26,Roanoke,Missing,3,0,0
2020-08-26,Alexandria,20-29,600,11,1
2020-08-26,Portsmouth,70-79,112,28,10
2020-08-26,Alleghany,30-39,153,5,0
2020-08-26,"Prince William",20-29,2429,64,0
2020-08-26,Southside,70-79,90,15,17
2020-08-26,Piedmont,Missing,2,0,0
2020-08-26,Rappahannock,0-9,187,2,0
2020-08-26,Henrico,30-39,793,22,0
2020-08-26,"Prince William",19-Oct,1146,10,0
2020-08-26,Chickahominy,19-Oct,119,0,0
2020-08-26,"Lord Fairfax",0-9,90,2,0
2020-08-26,"Central Virginia",Missing,1,0,0
2020-08-26,Fairfax,60-69,1705,374,72
2020-08-26,Henrico,70-79,290,64,47
2020-08-26,"Western Tidewater",20-29,389,6,0
2020-08-26,Peninsula,0-9,132,1,0
2020-08-26,Loudoun,40-49,1091,66,1
2020-08-26,Pittsylvania-Danville,30-39,192,2,0
2020-08-26,Loudoun,20-29,992,12,0
2020-08-26,Crater,60-69,390,60,20
2020-08-26,Loudoun,80+,227,61,83
2020-08-26,Arlington,80+,214,87,71
2020-08-26,"Virginia Beach",19-Oct,448,1,0
2020-08-26,"Mount Rogers",80+,144,47,41
2020-08-26,"Eastern Shore",80+,55,25,20
2020-08-26,Crater,19-Oct,144,2,0
2020-08-26,Lenowisco,30-39,109,3,1
2020-08-26,Norfolk,Missing,42,1,0
2020-08-26,Henrico,Missing,50,1,1
2020-08-26,"New River",40-49,91,2,0
2020-08-26,"Central Virginia",0-9,61,0,0
2020-08-26,"New River",70-79,47,12,4
2020-08-26,Loudoun,0-9,228,4,0
2020-08-26,"Central Virginia",70-79,131,15,5
2020-08-26,Southside,0-9,15,0,0
2020-08-26,"Three Rivers",40-49,221,15,2
2020-08-26,Chickahominy,30-39,155,3,0
2020-08-26,"Central Shenandoah",60-69,369,53,15
2020-08-26,"Western Tidewater",60-69,345,32,11
2020-08-26,"Cumberland Plateau",30-39,61,2,0
2020-08-26,Portsmouth,19-Oct,184,0,0
2020-08-26,Chesterfield,Missing,125,1,0
2020-08-26,Alexandria,40-49,603,45,0
2020-08-26,"Thomas Jefferson",70-79,150,28,11
2020-08-26,"Three Rivers",30-39,241,7,0
2020-08-26,"Western Tidewater",70-79,201,33,20
2020-08-26,Arlington,60-69,330,85,19
2020-08-26,"Cumberland Plateau",19-Oct,79,1,0
2020-08-26,"West Piedmont",30-39,194,6,0
2020-08-26,Peninsula,19-Oct,219,1,0
2020-08-26,Lenowisco,19-Oct,58,0,0
2020-08-26,Chesapeake,0-9,118,1,0
2020-08-26,Peninsula,50-59,443,25,3
2020-08-26,"Cumberland Plateau",Missing,0,0,0
2020-08-26,Peninsula,60-69,306,36,4
2020-08-26,"Lord Fairfax",30-39,448,13,1
2020-08-26,"Virginia Beach",Missing,126,0,0
2020-08-26,Arlington,40-49,548,57,8
2020-08-26,"West Piedmont",19-Oct,125,0,0
2020-08-26,Chickahominy,70-79,93,28,7
2020-08-26,Pittsylvania-Danville,20-29,168,0,0
2020-08-26,Loudoun,50-59,862,71,4
2020-08-26,Richmond,30-39,784,43,1
2020-08-26,"Thomas Jefferson",Missing,2,0,0
2020-08-26,"Rappahannock Rapidan",80+,69,19,10
2020-08-26,"Lord Fairfax",Missing,2,0,0
2020-08-26,"Cumberland Plateau",50-59,80,9,0
2020-08-26,Loudoun,Missing,66,0,1
2020-08-26,Southside,50-59,145,13,1
2020-08-26,Chesterfield,20-29,978,13,0
2020-08-26,Norfolk,70-79,168,51,17
2020-08-26,Alleghany,19-Oct,133,1,0
2020-08-26,Crater,80+,176,36,23
2020-08-26,Portsmouth,Missing,22,1,0
2020-08-26,"Western Tidewater",19-Oct,188,0,0
2020-08-26,Chesterfield,19-Oct,522,2,0
2020-08-26,Southside,60-69,117,17,6
2020-08-27,Norfolk,0-9,151,3,0
2020-08-27,"Cumberland Plateau",40-49,77,4,0
2020-08-27,"Eastern Shore",19-Oct,71,1,0
2020-08-27,"Mount Rogers",19-Oct,148,1,0
2020-08-27,"Rappahannock Rapidan",0-9,109,1,0
2020-08-27,"Three Rivers",0-9,30,1,0
2020-08-27,Henrico,40-49,669,42,2
2020-08-27,Alexandria,50-59,430,61,12
2020-08-27,Arlington,0-9,87,2,0
2020-08-27,Chickahominy,Missing,18,0,0
2020-08-27,"New River",20-29,352,0,0
2020-08-27,"Virginia Beach",20-29,1503,11,0
2020-08-27,Chesapeake,50-59,536,52,2
2020-08-27,Alleghany,80+,53,12,6
2020-08-27,Fairfax,19-Oct,1309,34,0
2020-08-27,Chesapeake,60-69,396,76,13
2020-08-27,"West Piedmont",Missing,0,0,0
2020-08-27,Peninsula,80+,114,34,24
2020-08-27,Crater,40-49,432,25,1
2020-08-27,Chesapeake,40-49,542,40,1
2020-08-27,"Thomas Jefferson",20-29,420,3,0
2020-08-27,"Lord Fairfax",20-29,459,7,0
2020-08-27,Norfolk,20-29,1411,16,0
2020-08-27,Arlington,30-39,649,44,0
2020-08-27,"West Piedmont",60-69,190,32,3
2020-08-27,Henrico,50-59,571,65,11
2020-08-27,"West Piedmont",50-59,271,43,3
2020-08-27,"Cumberland Plateau",20-29,70,0,0
2020-08-27,Alexandria,70-79,119,44,18
2020-08-27,Portsmouth,20-29,463,15,0
2020-08-27,"Western Tidewater",30-39,426,18,2
2020-08-27,"Central Shenandoah",0-9,100,0,0
2020-08-27,Henrico,80+,385,88,92
2020-08-27,Alexandria,0-9,199,2,0
2020-08-27,Pittsylvania-Danville,40-49,213,11,1
2020-08-27,Henrico,20-29,759,20,1
2020-08-27,Roanoke,60-69,81,8,1
2020-08-27,Peninsula,30-39,667,16,2
2020-08-27,Alleghany,60-69,107,11,1
2020-08-27,"Prince William",70-79,411,122,54
2020-08-27,Norfolk,60-69,399,64,11
2020-08-27,Southside,40-49,155,6,0
2020-08-27,Chesterfield,30-39,1047,21,1
2020-08-27,Loudoun,70-79,182,56,19
2020-08-27,"Central Virginia",40-49,287,3,0
2020-08-27,"New River",Missing,7,0,0
2020-08-27,Chickahominy,20-29,186,3,0
2020-08-27,"New River",0-9,19,0,0
2020-08-27,"Cumberland Plateau",0-9,18,0,0
2020-08-27,"Three Rivers",70-79,69,15,8
2020-08-27,"Rappahannock Rapidan",40-49,397,24,3
2020-08-27,Hampton,0-9,41,0,0
2020-08-27,Piedmont,50-59,257,27,4
2020-08-27,Rappahannock,20-29,861,18,0
2020-08-27,"West Piedmont",20-29,231,4,0
2020-08-27,Arlington,70-79,196,75,34
2020-08-27,Arlington,50-59,473,75,6
2020-08-27,Piedmont,70-79,101,28,8
2020-08-27,Alexandria,60-69,260,57,3
2020-08-27,Portsmouth,30-39,382,18,1
2020-08-27,Lenowisco,20-29,85,0,0
2020-08-27,"Central Virginia",30-39,286,9,0
2020-08-27,Norfolk,19-Oct,269,2,0
2020-08-27,"New River",19-Oct,167,0,0
2020-08-27,"Central Virginia",20-29,517,3,0
2020-08-27,Rappahannock,50-59,640,64,5
2020-08-27,Rappahannock,60-69,330,63,9
2020-08-27,Piedmont,20-29,297,3,0
2020-08-27,"New River",60-69,55,8,1
2020-08-27,Roanoke,40-49,171,6,0
2020-08-27,"Three Rivers",20-29,225,4,0
2020-08-27,Rappahannock,40-49,709,52,2
2020-08-27,Portsmouth,80+,51,12,7
2020-08-27,"Central Shenandoah",Missing,2,0,0
2020-08-27,"Eastern Shore",70-79,62,23,12
2020-08-27,"Mount Rogers",70-79,185,53,20
2020-08-27,"Cumberland Plateau",70-79,37,5,0
2020-08-27,Piedmont,19-Oct,67,0,0
2020-08-27,Southside,20-29,137,2,0
2020-08-27,Chesterfield,50-59,733,62,6
2020-08-27,"Rappahannock Rapidan",20-29,408,6,0
2020-08-27,"Cumberland Plateau",60-69,58,12,2
2020-08-27,Roanoke,70-79,35,7,2
2020-08-27,"Central Shenandoah",20-29,643,11,0
2020-08-27,Pittsylvania-Danville,80+,75,15,8
2020-08-27,"Virginia Beach",80+,210,66,33
2020-08-27,"Central Shenandoah",50-59,514,44,5
2020-08-27,Lenowisco,Missing,0,0,0
2020-08-27,Fairfax,30-39,3472,222,7
2020-08-27,Lenowisco,60-69,93,12,2
2020-08-27,Loudoun,30-39,997,35,0
2020-08-27,"West Piedmont",80+,112,45,13
2020-08-27,Roanoke,80+,61,6,12
2020-08-27,Fairfax,40-49,3241,322,12
2020-08-27,"Thomas Jefferson",80+,178,38,30
2020-08-27,Roanoke,20-29,260,5,0
2020-08-27,Henrico,60-69,402,64,37
2020-08-27,"Lord Fairfax",40-49,420,20,1
2020-08-27,"Western Tidewater",Missing,23,0,0
2020-08-27,Chickahominy,60-69,124,27,9
2020-08-27,Chesapeake,20-29,695,6,0
2020-08-27,"Three Rivers",Missing,10,1,0
2020-08-27,Henrico,19-Oct,368,5,0
2020-08-27,"Mount Rogers",30-39,253,12,0
2020-08-27,"Eastern Shore",30-39,251,11,0
2020-08-27,Chesterfield,0-9,206,2,0
2020-08-27,"Central Shenandoah",19-Oct,212,1,0
2020-08-27,Crater,0-9,61,2,0
2020-08-27,Fairfax,70-79,769,265,120
2020-08-27,Rappahannock,80+,165,62,26
2020-08-27,Alexandria,19-Oct,239,5,0
2020-08-27,Portsmouth,40-49,323,18,2
2020-08-27,"Three Rivers",50-59,189,13,0
2020-08-27,Alleghany,Missing,2,0,0
2020-08-27,Alexandria,30-39,758,37,0
2020-08-27,Southside,Missing,1,0,0
2020-08-27,Portsmouth,60-69,250,33,10
2020-08-27,Roanoke,30-39,247,5,0
2020-08-27,"Three Rivers",60-69,136,19,3
2020-08-27,Fairfax,50-59,2771,371,40
2020-08-27,Portsmouth,50-59,301,38,4
2020-08-27,Chickahominy,80+,95,39,29
2020-08-27,"Rappahannock Rapidan",50-59,333,35,2
2020-08-27,Fairfax,80+,881,329,309
2020-08-27,Hampton,Missing,32,0,0
2020-08-27,"Cumberland Plateau",80+,28,10,5
2020-08-27,Alleghany,50-59,168,10,1
2020-08-27,"Prince William",40-49,2574,188,8
2020-08-27,Fairfax,Missing,184,6,0
2020-08-27,"Virginia Beach",40-49,783,28,2
2020-08-27,Richmond,Missing,28,0,0
2020-08-27,Norfolk,40-49,507,30,2
2020-08-27,Piedmont,80+,67,24,21
2020-08-27,"Virginia Beach",60-69,522,69,7
2020-08-27,"West Piedmont",40-49,242,17,3
2020-08-27,Arlington,19-Oct,182,5,0
2020-08-27,Lenowisco,0-9,28,0,0
2020-08-27,Pittsylvania-Danville,50-59,250,23,1
2020-08-27,Piedmont,0-9,37,0,0
2020-08-27,"Virginia Beach",50-59,680,42,3
2020-08-27,Chesapeake,Missing,45,2,0
2020-08-27,"Central Shenandoah",80+,165,43,23
2020-08-27,"Thomas Jefferson",40-49,350,20,0
2020-08-27,"Rappahannock Rapidan",60-69,190,24,5
2020-08-27,Norfolk,30-39,763,30,1
2020-08-27,"Rappahannock Rapidan",Missing,13,0,0
2020-08-27,"Lord Fairfax",80+,213,47,53
2020-08-27,"Three Rivers",19-Oct,71,1,0
2020-08-27,Piedmont,40-49,299,13,0
2020-08-27,Norfolk,80+,103,26,13
2020-08-27,Peninsula,20-29,925,1,0
2020-08-27,Norfolk,50-59,481,50,5
2020-08-27,"Thomas Jefferson",50-59,275,21,2
2020-08-27,Richmond,70-79,147,62,19
2020-08-27,Chesterfield,70-79,192,39,26
2020-08-27,Piedmont,30-39,334,6,0
2020-08-27,"Prince William",30-39,2389,109,2
2020-08-27,Alleghany,20-29,226,1,0
2020-08-27,Alleghany,0-9,35,0,0
2020-08-27,"Mount Rogers",40-49,257,7,2
2020-08-27,"Eastern Shore",40-49,264,13,2
2020-08-27,"Central Virginia",60-69,222,20,2
2020-08-27,Richmond,19-Oct,317,5,0
2020-08-27,Pittsylvania-Danville,60-69,164,24,4
2020-08-27,Pittsylvania-Danville,Missing,1,0,0
2020-08-27,Chesterfield,60-69,452,74,18
2020-08-27,Southside,19-Oct,33,0,0
2020-08-27,"New River",80+,27,5,3
2020-08-27,"Central Virginia",50-59,326,8,4
2020-08-27,Hampton,70-79,74,13,4
2020-08-27,Pittsylvania-Danville,19-Oct,82,0,0
2020-08-27,Richmond,60-69,313,77,7
2020-08-27,Chickahominy,40-49,151,14,1
2020-08-27,"Three Rivers",80+,54,14,6
2020-08-27,Rappahannock,30-39,780,28,0
2020-08-27,"Virginia Beach",0-9,199,1,0
2020-08-27,Lenowisco,50-59,102,10,1
2020-08-27,Chesapeake,70-79,198,58,6
2020-08-27,"Western Tidewater",80+,204,36,49
2020-08-27,"Thomas Jefferson",19-Oct,224,2,0
2020-08-27,Richmond,40-49,568,44,5
2020-08-27,"Lord Fairfax",50-59,443,35,4
2020-08-27,"Lord Fairfax",19-Oct,229,4,0
2020-08-27,"Rappahannock Rapidan",19-Oct,203,4,0
2020-08-27,Crater,50-59,512,48,4
2020-08-27,Arlington,Missing,16,1,0
2020-08-27,Roanoke,50-59,131,6,0
2020-08-27,Rappahannock,19-Oct,448,4,0
2020-08-27,Roanoke,19-Oct,129,1,0
2020-08-27,"Eastern Shore",Missing,6,0,0
2020-08-27,"Mount Rogers",Missing,0,0,0
2020-08-27,"Prince William",60-69,1027,194,50
2020-08-27,Alleghany,70-79,97,13,11
2020-08-27,Crater,20-29,494,9,0
2020-08-27,Loudoun,60-69,341,66,9
2020-08-27,Fairfax,0-9,682,26,0
2020-08-27,Roanoke,Missing,3,0,0
2020-08-27,Alexandria,20-29,603,12,1
2020-08-27,Portsmouth,70-79,113,28,10
2020-08-27,Alleghany,30-39,154,5,0
2020-08-27,"Prince William",20-29,2439,63,0
2020-08-27,Southside,70-79,92,15,17
2020-08-27,Piedmont,Missing,2,0,0
2020-08-27,Rappahannock,0-9,190,2,0
2020-08-27,Henrico,30-39,803,22,0
2020-08-27,"Prince William",19-Oct,1158,10,0
2020-08-27,Chickahominy,19-Oct,121,0,0
2020-08-27,"Lord Fairfax",0-9,90,2,0
2020-08-27,"Central Virginia",Missing,1,0,0
2020-08-27,Fairfax,60-69,1713,377,72
2020-08-27,Hampton,20-29,391,3,0
2020-08-27,"Central Shenandoah",40-49,499,17,0
2020-08-27,Pittsylvania-Danville,0-9,48,0,0
2020-08-27,Crater,30-39,533,9,0
2020-08-27,"Virginia Beach",70-79,260,72,19
2020-08-27,"Virginia Beach",30-39,1138,24,1
2020-08-27,"Central Shenandoah",30-39,455,8,0
2020-08-27,Hampton,50-59,201,12,4
2020-08-27,Peninsula,70-79,193,50,16
2020-08-27,Arlington,20-29,753,22,0
2020-08-27,"West Piedmont",70-79,115,41,10
2020-08-27,Richmond,20-29,960,21,0
2020-08-27,Roanoke,0-9,51,0,0
2020-08-27,Hampton,30-39,280,3,0
2020-08-27,"Thomas Jefferson",30-39,416,13,0
2020-08-27,"Western Tidewater",40-49,377,10,3
2020-08-27,Richmond,50-59,424,76,3
2020-08-27,"Western Tidewater",50-59,467,25,4
2020-08-27,Crater,Missing,30,0,0
2020-08-27,Chesapeake,0-9,118,1,0
2020-08-27,Peninsula,50-59,447,25,3
2020-08-27,"Cumberland Plateau",Missing,0,0,0
2020-08-27,Peninsula,60-69,310,36,4
2020-08-27,"Lord Fairfax",30-39,451,13,1
2020-08-27,"Virginia Beach",Missing,126,0,0
2020-08-27,Arlington,40-49,553,57,8
2020-08-27,"West Piedmont",19-Oct,126,0,0
2020-08-27,Chickahominy,70-79,93,28,7
2020-08-27,Pittsylvania-Danville,20-29,173,0,0
2020-08-27,Loudoun,50-59,868,71,4
2020-08-27,Richmond,30-39,790,43,1
2020-08-27,"Thomas Jefferson",Missing,2,0,0
2020-08-27,"Rappahannock Rapidan",80+,71,19,10
2020-08-27,"Lord Fairfax",Missing,2,0,0
2020-08-27,"Cumberland Plateau",50-59,82,11,0
2020-08-27,Loudoun,Missing,66,0,1
2020-08-27,Southside,50-59,148,13,1
2020-08-27,Chesterfield,20-29,983,13,0
2020-08-27,Norfolk,70-79,171,54,17
2020-08-27,Alleghany,19-Oct,133,1,0
2020-08-27,Crater,80+,176,36,23
2020-08-27,Portsmouth,Missing,22,1,0
2020-08-27,"Western Tidewater",19-Oct,189,0,0
2020-08-27,Chesterfield,19-Oct,528,2,0
2020-08-27,Southside,60-69,121,17,6
2020-08-27,Chickahominy,50-59,211,25,1
2020-08-27,Alleghany,40-49,159,5,0
2020-08-27,"Prince William",50-59,1897,227,18
2020-08-27,"Mount Rogers",0-9,66,1,0
2020-08-27,"Eastern Shore",0-9,28,3,0
2020-08-27,"Thomas Jefferson",60-69,212,38,4
2020-08-27,Pittsylvania-Danville,70-79,67,19,2
2020-08-27,Chesterfield,80+,178,42,50
2020-08-27,Richmond,0-9,139,6,0
2020-08-27,Chesapeake,80+,157,49,25
2020-08-27,Peninsula,40-49,511,17,1
2020-08-27,Henrico,0-9,172,4,0
2020-08-27,Lenowisco,80+,22,5,0
2020-08-27,Piedmont,60-69,195,26,5
2020-08-27,"West Piedmont",0-9,45,1,0
2020-08-27,"Rappahannock Rapidan",70-79,76,15,8
2020-08-27,"Central Shenandoah",70-79,185,57,18
2020-08-27,Chesapeake,30-39,687,22,0
2020-08-27,Chickahominy,0-9,32,0,0
2020-08-27,"Prince William",0-9,543,12,0
2020-08-27,"Eastern Shore",50-59,291,24,5
2020-08-27,"Mount Rogers",50-59,266,22,3
2020-08-27,Loudoun,19-Oct,816,1,0
2020-08-27,Southside,80+,94,12,13
2020-08-27,"Central Virginia",80+,87,12,7
2020-08-27,Rappahannock,Missing,30,0,0
2020-08-27,"Rappahannock Rapidan",30-39,425,20,1
2020-08-27,"New River",50-59,83,6,0
2020-08-27,Richmond,80+,81,31,10
2020-08-27,"Mount Rogers",20-29,297,0,0
2020-08-27,"Eastern Shore",20-29,212,6,0
2020-08-27,Hampton,19-Oct,94,0,0
2020-08-27,Portsmouth,0-9,71,4,0
2020-08-27,Crater,70-79,223,51,23
2020-08-27,Chesterfield,40-49,903,40,3
2020-08-27,Alexandria,Missing,11,0,0
2020-08-27,Southside,30-39,180,4,0
2020-08-27,"Prince William",Missing,192,3,0
2020-08-27,Hampton,60-69,141,11,5
2020-08-27,Fairfax,20-29,3112,102,3
2020-08-27,"Thomas Jefferson",0-9,106,1,0
2020-08-27,Lenowisco,40-49,98,5,0
2020-08-27,"Central Virginia",19-Oct,232,2,0
2020-08-27,Lenowisco,70-79,68,22,7
2020-08-27,"Lord Fairfax",60-69,282,56,14
2020-08-27,"Western Tidewater",0-9,77,1,0
2020-08-27,Rappahannock,70-79,167,46,19
2020-08-27,"Prince William",80+,280,96,81
2020-08-27,Hampton,80+,33,4,2
2020-08-27,Alexandria,80+,112,34,27
2020-08-27,"Mount Rogers",60-69,227,26,3
2020-08-27,"Eastern Shore",60-69,202,31,8
2020-08-27,"Lord Fairfax",70-79,189,53,20
2020-08-27,"New River",30-39,112,4,0
2020-08-27,Chesapeake,19-Oct,286,3,0
2020-08-27,Hampton,40-49,218,8,0
2020-08-27,Peninsula,Missing,44,0,0
2020-08-27,Henrico,70-79,288,63,47
2020-08-27,"Western Tidewater",20-29,395,6,0
2020-08-27,Peninsula,0-9,134,1,0
2020-08-27,Loudoun,40-49,1100,67,1
2020-08-27,Pittsylvania-Danville,30-39,197,2,0
2020-08-27,Loudoun,20-29,997,12,0
2020-08-27,Crater,60-69,392,60,20
2020-08-27,Loudoun,80+,228,61,83
2020-08-27,Arlington,80+,215,88,71
2020-08-27,"Virginia Beach",19-Oct,455,1,0
2020-08-27,"Mount Rogers",80+,145,47,41
2020-08-27,"Eastern Shore",80+,55,25,20
2020-08-27,Crater,19-Oct,144,2,0
2020-08-27,Lenowisco,30-39,111,3,1
2020-08-27,Norfolk,Missing,42,1,0
2020-08-27,Henrico,Missing,50,1,1
2020-08-27,"New River",40-49,93,2,0
2020-08-27,"Central Virginia",0-9,63,0,0
2020-08-27,"New River",70-79,48,12,4
2020-08-27,Loudoun,0-9,230,4,0
2020-08-27,"Central Virginia",70-79,134,15,5
2020-08-27,Southside,0-9,16,0,0
2020-08-27,"Three Rivers",40-49,223,15,2
2020-08-27,Chickahominy,30-39,156,3,0
2020-08-27,"Central Shenandoah",60-69,370,53,15
2020-08-27,"Western Tidewater",60-69,347,32,11
2020-08-27,"Cumberland Plateau",30-39,62,2,0
2020-08-27,Portsmouth,19-Oct,185,0,0
2020-08-27,Chesterfield,Missing,125,1,0
2020-08-27,Alexandria,40-49,602,45,0
2020-08-27,"Thomas Jefferson",70-79,153,28,12
2020-08-27,"Three Rivers",30-39,243,8,0
2020-08-27,"Western Tidewater",70-79,205,33,20
2020-08-27,Arlington,60-69,333,85,19
2020-08-27,"Cumberland Plateau",19-Oct,82,1,0
2020-08-27,"West Piedmont",30-39,202,6,0
2020-08-27,Peninsula,19-Oct,223,1,0
2020-08-27,Lenowisco,19-Oct,59,0,0
2020-08-28,Arlington,50-59,478,77,6
2020-08-28,Piedmont,70-79,101,28,8
2020-08-28,Alexandria,60-69,263,57,3
2020-08-28,Portsmouth,30-39,382,18,1
2020-08-28,Lenowisco,20-29,88,0,0
2020-08-28,"Central Virginia",30-39,291,10,0
2020-08-28,Norfolk,19-Oct,272,2,0
2020-08-28,"New River",19-Oct,187,0,0
2020-08-28,"Central Virginia",20-29,530,3,0
2020-08-28,Rappahannock,50-59,644,64,5
2020-08-28,Rappahannock,60-69,336,64,9
2020-08-28,Piedmont,20-29,301,3,0
2020-08-28,"New River",60-69,55,8,1
2020-08-28,Roanoke,40-49,170,6,0
2020-08-28,"Three Rivers",20-29,228,4,0
2020-08-28,Rappahannock,40-49,717,52,2
2020-08-28,Portsmouth,80+,52,13,7
2020-08-28,"Central Shenandoah",Missing,2,0,0
2020-08-28,"Eastern Shore",70-79,62,23,12
2020-08-28,"Mount Rogers",70-79,188,54,21
2020-08-28,"Cumberland Plateau",70-79,37,5,0
2020-08-28,Piedmont,19-Oct,67,0,0
2020-08-28,Southside,20-29,138,2,0
2020-08-28,Chesterfield,50-59,740,62,7
2020-08-28,"Rappahannock Rapidan",20-29,415,6,0
2020-08-28,"Cumberland Plateau",60-69,60,12,2
2020-08-28,Roanoke,70-79,36,7,2
2020-08-28,"Central Shenandoah",20-29,662,11,0
2020-08-28,Pittsylvania-Danville,80+,76,15,8
2020-08-28,"Virginia Beach",80+,210,66,33
2020-08-28,"Central Shenandoah",50-59,518,44,5
2020-08-28,Lenowisco,Missing,0,0,0
2020-08-28,Fairfax,30-39,3494,224,8
2020-08-28,Lenowisco,60-69,95,12,2
2020-08-28,Loudoun,30-39,1004,35,0
2020-08-28,"West Piedmont",80+,112,45,13
2020-08-28,Roanoke,80+,62,6,12
2020-08-28,Fairfax,40-49,3260,324,12
2020-08-28,"Thomas Jefferson",80+,181,38,31
2020-08-28,Roanoke,20-29,262,5,0
2020-08-28,Henrico,60-69,402,64,37
2020-08-28,"Lord Fairfax",40-49,420,20,1
2020-08-28,"Western Tidewater",Missing,22,0,0
2020-08-28,Chickahominy,60-69,125,27,9
2020-08-28,Chesapeake,20-29,699,6,0
2020-08-28,"Three Rivers",Missing,10,1,0
2020-08-28,Henrico,19-Oct,373,5,0
2020-08-28,"Mount Rogers",30-39,255,13,0
2020-08-28,"Eastern Shore",30-39,252,11,0
2020-08-28,"Virginia Beach",0-9,196,1,0
2020-08-28,Lenowisco,50-59,104,10,1
2020-08-28,Chesapeake,70-79,201,59,6
2020-08-28,"Western Tidewater",80+,205,36,49
2020-08-28,"Thomas Jefferson",19-Oct,238,2,0
2020-08-28,Richmond,40-49,570,44,5
2020-08-28,"Lord Fairfax",50-59,445,35,4
2020-08-28,"Lord Fairfax",19-Oct,228,4,0
2020-08-28,"Rappahannock Rapidan",19-Oct,204,4,0
2020-08-28,Crater,50-59,518,48,4
2020-08-28,Arlington,Missing,16,1,0
2020-08-28,Roanoke,50-59,134,6,0
2020-08-28,Rappahannock,19-Oct,451,4,0
2020-08-28,Roanoke,19-Oct,131,1,0
2020-08-28,"Eastern Shore",Missing,6,0,0
2020-08-28,"Mount Rogers",Missing,0,0,0
2020-08-28,"Prince William",60-69,1031,194,50
2020-08-28,Alleghany,70-79,97,13,11
2020-08-28,Crater,20-29,499,9,0
2020-08-28,Loudoun,60-69,347,66,9
2020-08-28,Fairfax,0-9,691,26,0
2020-08-28,Roanoke,Missing,3,0,0
2020-08-28,Alexandria,20-29,603,12,1
2020-08-28,Portsmouth,70-79,117,30,10
2020-08-28,Alleghany,30-39,156,5,0
2020-08-28,"Prince William",20-29,2457,63,0
2020-08-28,Southside,70-79,93,15,17
2020-08-28,Piedmont,Missing,2,0,0
2020-08-28,Rappahannock,0-9,190,2,0
2020-08-28,Henrico,30-39,811,22,0
2020-08-28,"Prince William",19-Oct,1170,10,0
2020-08-28,Chickahominy,19-Oct,123,0,0
2020-08-28,"Lord Fairfax",0-9,90,2,0
2020-08-28,"Central Virginia",Missing,2,0,0
2020-08-28,Fairfax,60-69,1720,380,73
2020-08-28,Hampton,20-29,396,3,0
2020-08-28,"Central Shenandoah",40-49,500,17,0
2020-08-28,Pittsylvania-Danville,0-9,48,0,0
2020-08-28,Crater,30-39,535,9,0
2020-08-28,"Virginia Beach",70-79,264,73,19
2020-08-28,"Virginia Beach",30-39,1140,24,1
2020-08-28,Piedmont,0-9,38,0,0
2020-08-28,"Central Shenandoah",30-39,458,8,0
2020-08-28,Hampton,50-59,203,12,4
2020-08-28,Peninsula,70-79,195,50,16
2020-08-28,Arlington,20-29,760,22,0
2020-08-28,"West Piedmont",70-79,116,44,11
2020-08-28,Richmond,20-29,972,21,0
2020-08-28,Roanoke,0-9,49,0,0
2020-08-28,Hampton,30-39,282,3,0
2020-08-28,"Thomas Jefferson",30-39,419,13,0
2020-08-28,"Western Tidewater",40-49,382,10,3
2020-08-28,Richmond,50-59,427,76,3
2020-08-28,"Western Tidewater",50-59,477,25,4
2020-08-28,Crater,Missing,30,0,0
2020-08-28,Chesapeake,0-9,122,1,0
2020-08-28,Peninsula,50-59,452,25,3
2020-08-28,"Cumberland Plateau",Missing,0,0,0
2020-08-28,Peninsula,60-69,312,36,4
2020-08-28,"Lord Fairfax",30-39,452,13,1
2020-08-28,"Virginia Beach",Missing,126,0,0
2020-08-28,Arlington,40-49,562,59,8
2020-08-28,"West Piedmont",19-Oct,126,0,0
2020-08-28,Chickahominy,70-79,94,28,7
2020-08-28,Pittsylvania-Danville,20-29,178,0,0
2020-08-28,Loudoun,50-59,874,71,4
2020-08-28,Richmond,30-39,789,44,1
2020-08-28,"Thomas Jefferson",Missing,3,0,0
2020-08-28,"Rappahannock Rapidan",80+,73,19,10
2020-08-28,"Lord Fairfax",Missing,2,0,0
2020-08-28,"Cumberland Plateau",50-59,83,11,0
2020-08-28,Loudoun,Missing,66,0,1
2020-08-28,Southside,50-59,150,13,1
2020-08-28,Chesterfield,20-29,991,13,0
2020-08-28,Norfolk,70-79,172,55,17
2020-08-28,Alleghany,19-Oct,134,1,0
2020-08-28,Crater,80+,176,36,23
2020-08-28,Portsmouth,Missing,22,1,0
2020-08-28,"Western Tidewater",19-Oct,193,0,0
2020-08-28,Chesterfield,19-Oct,530,2,0
2020-08-28,Southside,60-69,122,17,6
2020-08-28,Norfolk,0-9,153,3,0
2020-08-28,"Cumberland Plateau",40-49,80,4,0
2020-08-28,"Eastern Shore",19-Oct,71,1,0
2020-08-28,"Mount Rogers",19-Oct,152,1,0
2020-08-28,"Rappahannock Rapidan",0-9,109,1,0
2020-08-28,"Three Rivers",0-9,30,1,0
2020-08-28,Henrico,40-49,672,42,2
2020-08-28,Alexandria,50-59,432,61,13
2020-08-28,Arlington,0-9,88,2,0
2020-08-28,Chickahominy,Missing,18,0,0
2020-08-28,"New River",20-29,378,0,0
2020-08-28,"Virginia Beach",20-29,1511,12,0
2020-08-28,Chesapeake,50-59,537,53,2
2020-08-28,Alleghany,80+,54,12,6
2020-08-28,Fairfax,19-Oct,1319,34,0
2020-08-28,Chesapeake,60-69,398,77,13
2020-08-28,"West Piedmont",Missing,0,0,0
2020-08-28,Peninsula,80+,114,34,24
2020-08-28,Crater,40-49,433,25,1
2020-08-28,Chesapeake,40-49,550,40,1
2020-08-28,"Thomas Jefferson",20-29,425,3,0
2020-08-28,"Lord Fairfax",20-29,458,7,0
2020-08-28,Norfolk,20-29,1416,16,0
2020-08-28,Arlington,30-39,656,44,0
2020-08-28,"West Piedmont",60-69,192,33,3
2020-08-28,Henrico,50-59,577,66,12
2020-08-28,"West Piedmont",50-59,278,44,3
2020-08-28,"Cumberland Plateau",20-29,71,0,0
2020-08-28,Alexandria,70-79,119,44,18
2020-08-28,Portsmouth,20-29,467,16,0
2020-08-28,"Western Tidewater",30-39,428,18,2
2020-08-28,"Central Shenandoah",0-9,102,0,0
2020-08-28,Henrico,80+,389,89,93
2020-08-28,Alexandria,0-9,201,2,0
2020-08-28,Pittsylvania-Danville,40-49,218,11,1
2020-08-28,Henrico,20-29,773,20,1
2020-08-28,Roanoke,60-69,82,8,1
2020-08-28,Peninsula,30-39,671,16,2
2020-08-28,Alleghany,60-69,109,11,1
2020-08-28,"Prince William",70-79,410,123,54
2020-08-28,Norfolk,60-69,400,67,12
2020-08-28,Southside,40-49,156,6,0
2020-08-28,Chesterfield,30-39,1050,22,1
2020-08-28,Loudoun,70-79,182,56,19
2020-08-28,"Central Virginia",40-49,293,3,0
2020-08-28,"New River",Missing,7,0,0
2020-08-28,Chickahominy,20-29,187,3,0
2020-08-28,"New River",0-9,19,0,0
2020-08-28,"Cumberland Plateau",0-9,18,0,0
2020-08-28,"Three Rivers",70-79,69,15,8
2020-08-28,"Rappahannock Rapidan",40-49,397,24,3
2020-08-28,Hampton,0-9,41,0,0
2020-08-28,Piedmont,50-59,262,27,4
2020-08-28,Rappahannock,20-29,875,18,0
2020-08-28,"West Piedmont",20-29,233,4,0
2020-08-28,Arlington,70-79,197,75,34
2020-08-28,"Lord Fairfax",60-69,282,56,14
2020-08-28,"Western Tidewater",0-9,79,1,0
2020-08-28,Rappahannock,70-79,169,46,19
2020-08-28,"Prince William",80+,282,96,81
2020-08-28,Hampton,80+,34,4,2
2020-08-28,Alexandria,80+,112,34,27
2020-08-28,"Mount Rogers",60-69,228,26,3
2020-08-28,"Eastern Shore",60-69,202,31,8
2020-08-28,"Lord Fairfax",70-79,189,53,20
2020-08-28,"New River",30-39,114,4,0
2020-08-28,Chesapeake,19-Oct,286,3,0
2020-08-28,Hampton,40-49,220,8,0
2020-08-28,Peninsula,Missing,44,0,0
2020-08-28,Henrico,70-79,289,63,47
2020-08-28,"Western Tidewater",20-29,399,6,0
2020-08-28,Peninsula,0-9,134,1,0
2020-08-28,Loudoun,40-49,1105,67,1
2020-08-28,Pittsylvania-Danville,30-39,203,2,0
2020-08-28,Loudoun,20-29,1019,12,0
2020-08-28,Crater,60-69,399,62,21
2020-08-28,Loudoun,80+,228,62,84
2020-08-28,Arlington,80+,215,88,70
2020-08-28,"Virginia Beach",19-Oct,457,1,0
2020-08-28,"Mount Rogers",80+,148,48,41
2020-08-28,"Eastern Shore",80+,55,25,20
2020-08-28,Crater,19-Oct,147,2,0
2020-08-28,Lenowisco,30-39,112,3,1
2020-08-28,Norfolk,Missing,42,1,0
2020-08-28,Henrico,Missing,50,1,1
2020-08-28,"New River",40-49,93,2,0
2020-08-28,"Central Virginia",0-9,63,0,0
2020-08-28,"New River",70-79,49,12,4
2020-08-28,Loudoun,0-9,232,4,0
2020-08-28,"Central Virginia",70-79,136,15,5
2020-08-28,Southside,0-9,16,0,0
2020-08-28,"Three Rivers",40-49,226,15,2
2020-08-28,Chickahominy,30-39,157,3,0
2020-08-28,"Central Shenandoah",60-69,370,53,15
2020-08-28,"Western Tidewater",60-69,350,32,11
2020-08-28,"Cumberland Plateau",30-39,63,2,0
2020-08-28,Portsmouth,19-Oct,186,0,0
2020-08-28,Chesterfield,Missing,125,1,0
2020-08-28,Alexandria,40-49,605,45,1
2020-08-28,"Thomas Jefferson",70-79,155,28,12
2020-08-28,"Three Rivers",30-39,242,8,0
2020-08-28,"Western Tidewater",70-79,208,33,20
2020-08-28,Arlington,60-69,334,85,19
2020-08-28,"Cumberland Plateau",19-Oct,83,1,0
2020-08-28,"West Piedmont",30-39,203,6,0
2020-08-28,Peninsula,19-Oct,226,1,0
2020-08-28,Lenowisco,19-Oct,59,0,0
2020-08-28,Chickahominy,50-59,213,25,1
2020-08-28,Alleghany,40-49,162,5,0
2020-08-28,"Prince William",50-59,1908,228,18
2020-08-28,"Mount Rogers",0-9,67,1,0
2020-08-28,"Eastern Shore",0-9,28,3,0
2020-08-28,"Thomas Jefferson",60-69,213,39,4
2020-08-28,Pittsylvania-Danville,70-79,68,19,2
2020-08-28,Chesterfield,80+,178,43,51
2020-08-28,Richmond,0-9,139,6,0
2020-08-28,Chesapeake,80+,160,49,25
2020-08-28,Peninsula,40-49,518,17,1
2020-08-28,Henrico,0-9,174,4,0
2020-08-28,Lenowisco,80+,22,5,1
2020-08-28,Piedmont,60-69,198,26,5
2020-08-28,"West Piedmont",0-9,45,1,0
2020-08-28,"Rappahannock Rapidan",70-79,76,15,8
2020-08-28,"Central Shenandoah",70-79,186,57,18
2020-08-28,Chesapeake,30-39,687,23,0
2020-08-28,Chickahominy,0-9,31,0,0
2020-08-28,"Prince William",0-9,554,12,0
2020-08-28,"Eastern Shore",50-59,291,24,6
2020-08-28,"Mount Rogers",50-59,271,22,3
2020-08-28,Loudoun,19-Oct,821,1,0
2020-08-28,Southside,80+,94,12,13
2020-08-28,"Central Virginia",80+,91,13,7
2020-08-28,Rappahannock,Missing,28,0,0
2020-08-28,"Rappahannock Rapidan",30-39,430,20,1
2020-08-28,"New River",50-59,83,6,0
2020-08-28,Richmond,80+,82,32,11
2020-08-28,"Mount Rogers",20-29,301,0,0
2020-08-28,"Eastern Shore",20-29,213,6,0
2020-08-28,Hampton,19-Oct,94,0,0
2020-08-28,Portsmouth,0-9,73,4,0
2020-08-28,Crater,70-79,225,51,23
2020-08-28,Chesterfield,40-49,908,40,3
2020-08-28,Alexandria,Missing,11,0,0
2020-08-28,Southside,30-39,181,4,0
2020-08-28,"Prince William",Missing,192,3,0
2020-08-28,Hampton,60-69,142,11,6
2020-08-28,Fairfax,20-29,3150,103,3
2020-08-28,"Thomas Jefferson",0-9,107,1,0
2020-08-28,Lenowisco,40-49,98,5,0
2020-08-28,"Central Virginia",19-Oct,239,2,0
2020-08-28,Lenowisco,70-79,68,22,7
2020-08-28,Chesterfield,0-9,210,2,0
2020-08-28,"Central Shenandoah",19-Oct,217,1,0
2020-08-28,Crater,0-9,61,2,0
2020-08-28,Fairfax,70-79,770,267,120
2020-08-28,Rappahannock,80+,167,64,26
2020-08-28,Alexandria,19-Oct,239,5,0
2020-08-28,Portsmouth,40-49,325,18,2
2020-08-28,"Three Rivers",50-59,188,14,0
2020-08-28,Alleghany,Missing,2,0,0
2020-08-28,Alexandria,30-39,767,37,1
2020-08-28,Southside,Missing,1,0,0
2020-08-28,Portsmouth,60-69,257,34,10
2020-08-28,Roanoke,30-39,250,5,0
2020-08-28,"Three Rivers",60-69,137,20,3
2020-08-28,Fairfax,50-59,2787,374,39
2020-08-28,Portsmouth,50-59,305,38,4
2020-08-28,Chickahominy,80+,95,39,29
2020-08-28,"Rappahannock Rapidan",50-59,335,35,2
2020-08-28,Fairfax,80+,885,329,309
2020-08-28,Hampton,Missing,32,0,0
2020-08-28,"Cumberland Plateau",80+,28,10,5
2020-08-28,Alleghany,50-59,176,10,1
2020-08-28,"Prince William",40-49,2585,188,8
2020-08-28,Fairfax,Missing,184,6,0
2020-08-28,"Virginia Beach",40-49,788,30,2
2020-08-28,Richmond,Missing,28,1,0
2020-08-28,Norfolk,40-49,509,30,2
2020-08-28,Piedmont,80+,66,24,21
2020-08-28,"Virginia Beach",60-69,525,70,7
2020-08-28,"West Piedmont",40-49,245,17,3
2020-08-28,Arlington,19-Oct,186,5,0
2020-08-28,Lenowisco,0-9,28,0,0
2020-08-28,Pittsylvania-Danville,50-59,251,23,1
2020-08-28,"Virginia Beach",50-59,689,42,3
2020-08-28,Chesapeake,Missing,45,2,0
2020-08-28,"Central Shenandoah",80+,165,43,23
2020-08-28,"Thomas Jefferson",40-49,353,20,0
2020-08-28,"Rappahannock Rapidan",60-69,191,24,5
2020-08-28,Norfolk,30-39,775,31,1
2020-08-28,"Rappahannock Rapidan",Missing,13,0,0
2020-08-28,"Lord Fairfax",80+,213,47,53
2020-08-28,"Three Rivers",19-Oct,71,1,0
2020-08-28,Piedmont,40-49,300,13,0
2020-08-28,Norfolk,80+,103,26,15
2020-08-28,Peninsula,20-29,931,1,0
2020-08-28,Norfolk,50-59,486,50,5
2020-08-28,"Thomas Jefferson",50-59,278,22,2
2020-08-28,Richmond,70-79,148,64,19
2020-08-28,Chesterfield,70-79,192,39,28
2020-08-28,Piedmont,30-39,335,6,0
2020-08-28,"Prince William",30-39,2399,109,2
2020-08-28,Alleghany,20-29,234,1,0
2020-08-28,Alleghany,0-9,37,0,0
2020-08-28,"Mount Rogers",40-49,260,7,2
2020-08-28,"Eastern Shore",40-49,264,13,2
2020-08-28,"Central Virginia",60-69,228,20,2
2020-08-28,Richmond,19-Oct,325,5,0
2020-08-28,Pittsylvania-Danville,60-69,167,24,4
2020-08-28,Pittsylvania-Danville,Missing,1,0,0
2020-08-28,Chesterfield,60-69,454,74,18
2020-08-28,Southside,19-Oct,33,0,0
2020-08-28,"New River",80+,27,5,3
2020-08-28,"Central Virginia",50-59,333,8,4
2020-08-28,Hampton,70-79,75,13,4
2020-08-28,Pittsylvania-Danville,19-Oct,86,0,0
2020-08-28,Richmond,60-69,315,79,8
2020-08-28,Chickahominy,40-49,152,14,1
2020-08-28,"Three Rivers",80+,54,14,7
2020-08-28,Rappahannock,30-39,782,28,0
2020-08-29,Hampton,20-29,397,3,0
2020-08-29,"Central Shenandoah",40-49,504,17,0
2020-08-29,Pittsylvania-Danville,0-9,50,0,0
2020-08-29,Crater,30-39,553,9,0
2020-08-29,"Virginia Beach",70-79,266,73,20
2020-08-29,"Virginia Beach",30-39,1147,24,1
2020-08-29,Piedmont,0-9,38,0,0
2020-08-29,"Central Shenandoah",30-39,460,8,0
2020-08-29,Hampton,50-59,204,12,4
2020-08-29,Peninsula,70-79,199,50,16
2020-08-29,Arlington,20-29,764,22,0
2020-08-29,"West Piedmont",70-79,123,44,11
2020-08-29,Richmond,20-29,978,21,0
2020-08-29,Roanoke,0-9,49,0,0
2020-08-29,Hampton,30-39,284,3,0
2020-08-29,"Thomas Jefferson",30-39,425,13,0
2020-08-29,"Western Tidewater",40-49,389,10,3
2020-08-29,Richmond,50-59,428,76,3
2020-08-29,"Western Tidewater",50-59,491,25,4
2020-08-29,Crater,Missing,30,0,0
2020-08-29,Arlington,50-59,479,77,6
2020-08-29,Piedmont,70-79,102,28,8
2020-08-29,Alexandria,60-69,263,57,3
2020-08-29,Portsmouth,30-39,384,18,1
2020-08-29,Lenowisco,20-29,89,0,0
2020-08-29,"Central Virginia",30-39,297,11,0
2020-08-29,Norfolk,19-Oct,274,2,0
2020-08-29,"New River",19-Oct,211,0,0
2020-08-29,"Central Virginia",20-29,549,3,0
2020-08-29,Rappahannock,50-59,646,64,5
2020-08-29,Rappahannock,60-69,339,64,9
2020-08-29,Piedmont,20-29,306,3,0
2020-08-29,"New River",60-69,58,8,2
2020-08-29,Roanoke,40-49,170,6,0
2020-08-29,"Three Rivers",20-29,232,4,0
2020-08-29,Rappahannock,40-49,728,52,2
2020-08-29,Portsmouth,80+,52,13,7
2020-08-29,"Central Shenandoah",Missing,2,0,0
2020-08-29,"Eastern Shore",70-79,62,23,12
2020-08-29,"Mount Rogers",70-79,195,56,21
2020-08-29,"Cumberland Plateau",70-79,38,5,0
2020-08-29,Piedmont,19-Oct,69,0,0
2020-08-29,Southside,20-29,138,2,0
2020-08-29,Chesterfield,50-59,744,63,7
2020-08-29,"Rappahannock Rapidan",20-29,420,6,0
2020-08-29,"Cumberland Plateau",60-69,60,12,2
2020-08-29,Roanoke,70-79,36,7,2
2020-08-29,"Central Shenandoah",20-29,701,11,0
2020-08-29,Pittsylvania-Danville,80+,76,15,10
2020-08-29,"Virginia Beach",80+,210,66,34
2020-08-29,"Central Shenandoah",50-59,521,44,5
2020-08-29,Lenowisco,Missing,0,0,0
2020-08-29,Fairfax,30-39,3519,225,8
2020-08-29,Lenowisco,60-69,97,12,2
2020-08-29,Loudoun,30-39,1009,36,0
2020-08-29,"West Piedmont",80+,119,45,14
2020-08-29,Roanoke,80+,62,6,12
2020-08-29,Fairfax,40-49,3271,324,14
2020-08-29,"Thomas Jefferson",80+,181,38,31
2020-08-29,Roanoke,20-29,266,5,0
2020-08-29,Henrico,60-69,405,65,37
2020-08-29,"Lord Fairfax",40-49,422,20,1
2020-08-29,"Western Tidewater",Missing,22,0,0
2020-08-29,Chickahominy,60-69,128,27,9
2020-08-29,Chesapeake,20-29,705,6,0
2020-08-29,"Three Rivers",Missing,10,1,0
2020-08-29,Norfolk,0-9,153,3,0
2020-08-29,"Cumberland Plateau",40-49,81,4,0
2020-08-29,"Eastern Shore",19-Oct,72,1,0
2020-08-29,"Mount Rogers",19-Oct,155,1,0
2020-08-29,"Rappahannock Rapidan",0-9,110,1,0
2020-08-29,"Three Rivers",0-9,30,1,0
2020-08-29,Henrico,40-49,679,42,2
2020-08-29,Alexandria,50-59,433,61,12
2020-08-29,Arlington,0-9,88,2,0
2020-08-29,Chickahominy,Missing,18,0,0
2020-08-29,"New River",20-29,424,0,0
2020-08-29,"Virginia Beach",20-29,1523,12,0
2020-08-29,Chesapeake,50-59,541,53,2
2020-08-29,Alleghany,80+,51,12,6
2020-08-29,Fairfax,19-Oct,1338,34,0
2020-08-29,Chesapeake,60-69,411,77,13
2020-08-29,"West Piedmont",Missing,0,0,0
2020-08-29,Peninsula,80+,115,34,25
2020-08-29,Crater,40-49,444,25,1
2020-08-29,Chesapeake,40-49,557,41,1
2020-08-29,"Thomas Jefferson",20-29,441,3,0
2020-08-29,"Lord Fairfax",20-29,462,8,0
2020-08-29,Norfolk,20-29,1419,16,0
2020-08-29,Arlington,30-39,662,44,0
2020-08-29,"West Piedmont",60-69,196,35,3
2020-08-29,Henrico,50-59,581,66,12
2020-08-29,"West Piedmont",50-59,283,44,3
2020-08-29,"Cumberland Plateau",20-29,71,0,0
2020-08-29,Alexandria,70-79,120,44,18
2020-08-29,Portsmouth,20-29,467,16,0
2020-08-29,"Western Tidewater",30-39,432,18,2
2020-08-29,"Central Shenandoah",0-9,102,0,0
2020-08-29,Henrico,80+,389,88,92
2020-08-29,Alexandria,0-9,200,2,0
2020-08-29,Pittsylvania-Danville,40-49,220,11,1
2020-08-29,Henrico,20-29,785,21,1
2020-08-29,Roanoke,60-69,81,8,1
2020-08-29,Peninsula,30-39,683,16,3
2020-08-29,Alleghany,60-69,107,11,1
2020-08-29,"Prince William",70-79,411,123,54
2020-08-29,Norfolk,60-69,400,67,12
2020-08-29,Southside,40-49,156,6,0
2020-08-29,Chesterfield,30-39,1055,22,1
2020-08-29,Loudoun,70-79,182,58,19
2020-08-29,"Central Virginia",40-49,299,3,0
2020-08-29,"New River",Missing,7,0,0
2020-08-29,Chickahominy,20-29,193,3,0
2020-08-29,"New River",0-9,19,0,0
2020-08-29,"Cumberland Plateau",0-9,18,0,0
2020-08-29,"Three Rivers",70-79,69,15,8
2020-08-29,"Rappahannock Rapidan",40-49,401,24,3
2020-08-29,Hampton,0-9,41,0,0
2020-08-29,Piedmont,50-59,264,27,4
2020-08-29,Rappahannock,20-29,887,18,0
2020-08-29,"West Piedmont",20-29,239,4,0
2020-08-29,Arlington,70-79,200,75,34
2020-08-29,Chickahominy,50-59,218,25,1
2020-08-29,Alleghany,40-49,161,5,0
2020-08-29,"Prince William",50-59,1924,228,19
2020-08-29,"Mount Rogers",0-9,71,1,0
2020-08-29,"Eastern Shore",0-9,28,3,0
2020-08-29,"Thomas Jefferson",60-69,215,39,4
2020-08-29,Pittsylvania-Danville,70-79,69,19,2
2020-08-29,Chesterfield,80+,178,43,51
2020-08-29,Richmond,0-9,140,6,0
2020-08-29,Chesapeake,80+,164,49,25
2020-08-29,Peninsula,40-49,531,17,1
2020-08-29,Henrico,0-9,175,4,0
2020-08-29,Lenowisco,80+,23,5,1
2020-08-29,Piedmont,60-69,199,26,5
2020-08-29,"West Piedmont",0-9,45,1,0
2020-08-29,"Rappahannock Rapidan",70-79,78,15,9
2020-08-29,"Central Shenandoah",70-79,187,57,18
2020-08-29,Chesapeake,30-39,693,23,0
2020-08-29,Chickahominy,0-9,31,0,0
2020-08-29,"Prince William",0-9,560,12,0
2020-08-29,"Eastern Shore",50-59,291,24,6
2020-08-29,"Mount Rogers",50-59,275,22,3
2020-08-29,Loudoun,19-Oct,829,2,0
2020-08-29,Southside,80+,94,12,13
2020-08-29,"Central Virginia",80+,95,13,7
2020-08-29,Rappahannock,Missing,28,0,0
2020-08-29,"Rappahannock Rapidan",30-39,432,20,1
2020-08-29,"New River",50-59,89,6,0
2020-08-29,Richmond,80+,84,32,11
2020-08-29,"Mount Rogers",20-29,304,0,0
2020-08-29,"Eastern Shore",20-29,214,6,0
2020-08-29,Hampton,19-Oct,97,0,0
2020-08-29,Portsmouth,0-9,73,4,0
2020-08-29,Crater,70-79,227,51,23
2020-08-29,Chesterfield,40-49,912,42,3
2020-08-29,Alexandria,Missing,11,0,0
2020-08-29,Southside,30-39,183,4,0
2020-08-29,"Prince William",Missing,193,3,0
2020-08-29,Hampton,60-69,142,11,6
2020-08-29,Fairfax,20-29,3188,104,3
2020-08-29,"Thomas Jefferson",0-9,109,1,0
2020-08-29,Lenowisco,40-49,100,5,0
2020-08-29,"Central Virginia",19-Oct,244,2,0
2020-08-29,Lenowisco,70-79,69,23,7
2020-08-29,"Virginia Beach",0-9,198,1,0
2020-08-29,Lenowisco,50-59,106,10,1
2020-08-29,Chesapeake,70-79,205,60,6
2020-08-29,"Western Tidewater",80+,205,36,50
2020-08-29,"Thomas Jefferson",19-Oct,257,2,0
2020-08-29,Richmond,40-49,571,44,5
2020-08-29,"Lord Fairfax",50-59,445,35,4
2020-08-29,"Lord Fairfax",19-Oct,230,4,0
2020-08-29,"Rappahannock Rapidan",19-Oct,205,4,0
2020-08-29,Crater,50-59,533,51,4
2020-08-29,Arlington,Missing,16,1,0
2020-08-29,Roanoke,50-59,134,6,0
2020-08-29,Rappahannock,19-Oct,452,4,0
2020-08-29,Roanoke,19-Oct,135,1,0
2020-08-29,"Eastern Shore",Missing,6,0,0
2020-08-29,"Mount Rogers",Missing,0,0,0
2020-08-29,"Prince William",60-69,1039,196,50
2020-08-29,Alleghany,70-79,96,13,11
2020-08-29,Crater,20-29,511,9,0
2020-08-29,Loudoun,60-69,349,66,9
2020-08-29,Fairfax,0-9,700,26,0
2020-08-29,Roanoke,Missing,3,0,0
2020-08-29,Alexandria,20-29,602,12,1
2020-08-29,Portsmouth,70-79,118,30,10
2020-08-29,Alleghany,30-39,156,5,0
2020-08-29,"Prince William",20-29,2470,63,0
2020-08-29,Southside,70-79,95,15,17
2020-08-29,Piedmont,Missing,2,0,0
2020-08-29,Rappahannock,0-9,190,2,0
2020-08-29,Henrico,30-39,822,22,0
2020-08-29,"Prince William",19-Oct,1180,10,0
2020-08-29,Chickahominy,19-Oct,126,0,0
2020-08-29,"Lord Fairfax",0-9,91,2,0
2020-08-29,"Central Virginia",Missing,2,0,0
2020-08-29,Fairfax,60-69,1724,380,73
2020-08-29,Henrico,70-79,289,63,47
2020-08-29,"Western Tidewater",20-29,403,6,0
2020-08-29,Peninsula,0-9,135,1,0
2020-08-29,Loudoun,40-49,1110,67,1
2020-08-29,Pittsylvania-Danville,30-39,207,2,0
2020-08-29,Loudoun,20-29,1038,12,0
2020-08-29,Crater,60-69,403,64,21
2020-08-29,Loudoun,80+,228,63,84
2020-08-29,Arlington,80+,215,90,70
2020-08-29,"Virginia Beach",19-Oct,461,1,0
2020-08-29,"Mount Rogers",80+,151,48,41
2020-08-29,"Eastern Shore",80+,55,25,20
2020-08-29,Crater,19-Oct,150,2,0
2020-08-29,Lenowisco,30-39,113,3,1
2020-08-29,Norfolk,Missing,42,1,0
2020-08-29,Henrico,Missing,50,1,1
2020-08-29,"New River",40-49,98,2,0
2020-08-29,"Central Virginia",0-9,65,0,0
2020-08-29,"New River",70-79,49,12,4
2020-08-29,Loudoun,0-9,234,4,0
2020-08-29,"Central Virginia",70-79,136,16,5
2020-08-29,Southside,0-9,16,0,0
2020-08-29,"Three Rivers",40-49,227,15,2
2020-08-29,Chickahominy,30-39,157,3,0
2020-08-29,"Central Shenandoah",60-69,370,53,15
2020-08-29,"Western Tidewater",60-69,361,32,11
2020-08-29,"Cumberland Plateau",30-39,65,2,0
2020-08-29,Portsmouth,19-Oct,187,0,0
2020-08-29,Chesterfield,Missing,125,1,0
2020-08-29,Alexandria,40-49,605,45,0
2020-08-29,"Thomas Jefferson",70-79,156,28,13
2020-08-29,"Three Rivers",30-39,243,8,0
2020-08-29,"Western Tidewater",70-79,214,33,20
2020-08-29,Arlington,60-69,335,85,19
2020-08-29,"Cumberland Plateau",19-Oct,83,1,0
2020-08-29,"West Piedmont",30-39,211,6,0
2020-08-29,Peninsula,19-Oct,235,1,0
2020-08-29,Lenowisco,19-Oct,61,0,0
2020-08-29,Chesapeake,0-9,124,1,0
2020-08-29,Peninsula,50-59,468,25,3
2020-08-29,"Cumberland Plateau",Missing,0,0,0
2020-08-29,Peninsula,60-69,318,36,5
2020-08-29,"Lord Fairfax",30-39,455,14,1
2020-08-29,"Virginia Beach",Missing,126,0,0
2020-08-29,Arlington,40-49,566,60,8
2020-08-29,"West Piedmont",19-Oct,127,0,0
2020-08-29,Chickahominy,70-79,95,28,7
2020-08-29,Pittsylvania-Danville,20-29,179,0,0
2020-08-29,Loudoun,50-59,879,71,4
2020-08-29,Richmond,30-39,793,44,1
2020-08-29,"Thomas Jefferson",Missing,3,0,0
2020-08-29,"Rappahannock Rapidan",80+,74,19,10
2020-08-29,"Lord Fairfax",Missing,2,0,0
2020-08-29,"Cumberland Plateau",50-59,84,11,0
2020-08-29,Loudoun,Missing,66,0,1
2020-08-29,Southside,50-59,151,13,1
2020-08-29,Chesterfield,20-29,1003,13,0
2020-08-29,Norfolk,70-79,173,55,17
2020-08-29,Alleghany,19-Oct,134,1,0
2020-08-29,Crater,80+,178,36,24
2020-08-29,Portsmouth,Missing,22,1,0
2020-08-29,"Western Tidewater",19-Oct,197,0,0
2020-08-29,Chesterfield,19-Oct,534,2,0
2020-08-29,Southside,60-69,126,17,6
2020-08-29,Henrico,19-Oct,378,5,0
2020-08-29,"Mount Rogers",30-39,260,13,0
2020-08-29,"Eastern Shore",30-39,252,11,0
2020-08-29,Chesterfield,0-9,213,2,0
2020-08-29,"Central Shenandoah",19-Oct,224,1,0
2020-08-29,Crater,0-9,61,2,0
2020-08-29,Fairfax,70-79,773,270,121
2020-08-29,Rappahannock,80+,170,66,27
2020-08-29,Alexandria,19-Oct,237,5,0
2020-08-29,Portsmouth,40-49,328,19,2
2020-08-29,"Three Rivers",50-59,190,14,0
2020-08-29,Alleghany,Missing,2,0,0
2020-08-29,Alexandria,30-39,775,37,1
2020-08-29,Southside,Missing,1,0,0
2020-08-29,Portsmouth,60-69,258,34,10
2020-08-29,Roanoke,30-39,250,5,0
2020-08-29,"Three Rivers",60-69,140,20,3
2020-08-29,Fairfax,50-59,2796,376,40
2020-08-29,Portsmouth,50-59,309,38,4
2020-08-29,Chickahominy,80+,98,40,30
2020-08-29,"Rappahannock Rapidan",50-59,337,35,2
2020-08-29,Fairfax,80+,885,330,310
2020-08-29,Hampton,Missing,32,0,0
2020-08-29,"Cumberland Plateau",80+,28,10,5
2020-08-29,Alleghany,50-59,174,10,1
2020-08-29,"Prince William",40-49,2600,189,8
2020-08-29,Fairfax,Missing,184,6,0
2020-08-29,"Virginia Beach",40-49,796,31,2
2020-08-29,Richmond,Missing,28,1,0
2020-08-29,Norfolk,40-49,509,30,2
2020-08-29,Piedmont,80+,66,24,21
2020-08-29,"Virginia Beach",60-69,527,70,7
2020-08-29,"West Piedmont",40-49,249,17,3
2020-08-29,Arlington,19-Oct,188,5,0
2020-08-29,Lenowisco,0-9,28,0,0
2020-08-29,Pittsylvania-Danville,50-59,254,24,1
2020-08-29,"Virginia Beach",50-59,694,42,3
2020-08-29,Chesapeake,Missing,45,2,0
2020-08-29,"Central Shenandoah",80+,166,43,23
2020-08-29,"Thomas Jefferson",40-49,356,20,0
2020-08-29,"Rappahannock Rapidan",60-69,191,24,5
2020-08-29,Norfolk,30-39,775,33,1
2020-08-29,"Rappahannock Rapidan",Missing,13,0,0
2020-08-29,"Lord Fairfax",80+,213,47,53
2020-08-29,"Three Rivers",19-Oct,72,1,0
2020-08-29,Piedmont,40-49,302,13,0
2020-08-29,Norfolk,80+,103,26,15
2020-08-29,Peninsula,20-29,947,1,0
2020-08-29,Norfolk,50-59,486,50,5
2020-08-29,"Thomas Jefferson",50-59,281,22,2
2020-08-29,Richmond,70-79,151,64,19
2020-08-29,Chesterfield,70-79,196,40,28
2020-08-29,Piedmont,30-39,339,6,0
2020-08-29,"Prince William",30-39,2415,110,2
2020-08-29,Alleghany,20-29,234,1,0
2020-08-29,Alleghany,0-9,37,0,0
2020-08-29,"Mount Rogers",40-49,271,7,2
2020-08-29,"Eastern Shore",40-49,264,13,2
2020-08-29,"Central Virginia",60-69,233,20,2
2020-08-29,Richmond,19-Oct,342,5,0
2020-08-29,Pittsylvania-Danville,60-69,172,24,4
2020-08-29,Pittsylvania-Danville,Missing,1,0,0
2020-08-29,Chesterfield,60-69,457,74,18
2020-08-29,Southside,19-Oct,33,0,0
2020-08-29,"New River",80+,30,5,3
2020-08-29,"Central Virginia",50-59,338,9,4
2020-08-29,Hampton,70-79,75,13,4
2020-08-29,Pittsylvania-Danville,19-Oct,90,0,0
2020-08-29,Richmond,60-69,316,79,8
2020-08-29,Chickahominy,40-49,152,14,1
2020-08-29,"Three Rivers",80+,55,14,7
2020-08-29,Rappahannock,30-39,786,28,0
2020-08-29,"Lord Fairfax",60-69,282,56,14
2020-08-29,"Western Tidewater",0-9,80,1,0
2020-08-29,Rappahannock,70-79,172,47,19
2020-08-29,"Prince William",80+,281,96,81
2020-08-29,Hampton,80+,34,4,2
2020-08-29,Alexandria,80+,112,34,27
2020-08-29,"Mount Rogers",60-69,232,26,3
2020-08-29,"Eastern Shore",60-69,203,31,8
2020-08-29,"Lord Fairfax",70-79,189,53,20
2020-08-29,"New River",30-39,117,4,0
2020-08-29,Chesapeake,19-Oct,291,4,0
2020-08-29,Hampton,40-49,223,8,0
2020-08-29,Peninsula,Missing,44,0,0
2020-08-30,Norfolk,0-9,155,3,0
2020-08-30,"Cumberland Plateau",40-49,83,4,0
2020-08-30,"Eastern Shore",19-Oct,72,1,0
2020-08-30,"Mount Rogers",19-Oct,156,1,0
2020-08-30,"Rappahannock Rapidan",0-9,110,1,0
2020-08-30,"Three Rivers",0-9,30,1,0
2020-08-30,Henrico,40-49,683,42,2
2020-08-30,Alexandria,50-59,434,61,12
2020-08-30,Arlington,0-9,88,2,0
2020-08-30,Chickahominy,Missing,18,0,0
2020-08-30,"New River",20-29,475,0,0
2020-08-30,"Virginia Beach",20-29,1535,12,0
2020-08-30,Chesapeake,50-59,549,54,2
2020-08-30,Alleghany,80+,51,12,6
2020-08-30,Fairfax,19-Oct,1356,35,0
2020-08-30,Chesapeake,60-69,418,78,13
2020-08-30,"West Piedmont",Missing,0,0,0
2020-08-30,Peninsula,80+,115,34,25
2020-08-30,Crater,40-49,448,25,1
2020-08-30,Chesapeake,40-49,566,42,1
2020-08-30,"Thomas Jefferson",20-29,449,3,0
2020-08-30,"Lord Fairfax",20-29,462,8,0
2020-08-30,Norfolk,20-29,1427,16,0
2020-08-30,Arlington,30-39,668,45,0
2020-08-30,"West Piedmont",60-69,198,35,3
2020-08-30,Henrico,50-59,582,66,12
2020-08-30,"West Piedmont",50-59,284,44,3
2020-08-30,"Cumberland Plateau",20-29,71,0,0
2020-08-30,Alexandria,70-79,120,44,18
2020-08-30,Portsmouth,20-29,469,16,0
2020-08-30,"Western Tidewater",30-39,435,18,2
2020-08-30,"Central Shenandoah",0-9,103,0,0
2020-08-30,Henrico,80+,392,89,92
2020-08-30,Alexandria,0-9,203,2,0
2020-08-30,Pittsylvania-Danville,40-49,231,11,1
2020-08-30,Henrico,20-29,792,21,1
2020-08-30,Roanoke,60-69,81,8,1
2020-08-30,Peninsula,30-39,689,16,3
2020-08-30,Alleghany,60-69,107,11,1
2020-08-30,"Prince William",70-79,410,123,54
2020-08-30,Norfolk,60-69,401,67,12
2020-08-30,Southside,40-49,156,6,0
2020-08-30,Chesterfield,30-39,1063,22,1
2020-08-30,Loudoun,70-79,182,58,19
2020-08-30,"Central Virginia",40-49,304,3,0
2020-08-30,"New River",Missing,7,0,0
2020-08-30,Chickahominy,20-29,194,3,0
2020-08-30,"New River",0-9,19,0,0
2020-08-30,"Cumberland Plateau",0-9,18,0,0
2020-08-30,"Three Rivers",70-79,69,15,8
2020-08-30,"Rappahannock Rapidan",40-49,401,24,3
2020-08-30,Hampton,0-9,41,0,0
2020-08-30,Piedmont,50-59,264,27,4
2020-08-30,Rappahannock,20-29,892,18,0
2020-08-30,"West Piedmont",20-29,241,4,0
2020-08-30,Arlington,70-79,200,77,34
2020-08-30,"Lord Fairfax",60-69,282,56,14
2020-08-30,"Western Tidewater",0-9,80,1,0
2020-08-30,Rappahannock,70-79,175,47,19
2020-08-30,"Prince William",80+,281,96,81
2020-08-30,Hampton,80+,34,4,2
2020-08-30,Alexandria,80+,112,34,27
2020-08-30,"Mount Rogers",60-69,239,27,3
2020-08-30,"Eastern Shore",60-69,203,31,8
2020-08-30,"Lord Fairfax",70-79,189,53,20
2020-08-30,"New River",30-39,119,4,0
2020-08-30,Chesapeake,19-Oct,294,4,0
2020-08-30,Hampton,40-49,224,8,0
2020-08-30,Peninsula,Missing,44,0,0
2020-08-30,Henrico,70-79,290,63,47
2020-08-30,"Western Tidewater",20-29,408,6,0
2020-08-30,Peninsula,0-9,137,1,0
2020-08-30,Loudoun,40-49,1117,67,1
2020-08-30,Pittsylvania-Danville,30-39,218,2,0
2020-08-30,Loudoun,20-29,1047,13,0
2020-08-30,Crater,60-69,409,64,21
2020-08-30,Loudoun,80+,228,63,84
2020-08-30,Arlington,80+,216,90,70
2020-08-30,"Virginia Beach",19-Oct,463,1,0
2020-08-30,"Mount Rogers",80+,153,48,41
2020-08-30,"Eastern Shore",80+,55,25,20
2020-08-30,Crater,19-Oct,153,2,0
2020-08-30,Lenowisco,30-39,113,3,1
2020-08-30,Norfolk,Missing,42,1,0
2020-08-30,Henrico,Missing,50,1,1
2020-08-30,"New River",40-49,99,2,0
2020-08-30,"Central Virginia",0-9,69,0,0
2020-08-30,"New River",70-79,49,12,4
2020-08-30,Loudoun,0-9,234,4,0
2020-08-30,"Central Virginia",70-79,137,17,5
2020-08-30,Southside,0-9,16,0,0
2020-08-30,"Three Rivers",40-49,228,15,2
2020-08-30,Chickahominy,30-39,158,3,0
2020-08-30,"Central Shenandoah",60-69,370,53,15
2020-08-30,"Western Tidewater",60-69,364,32,11
2020-08-30,"Cumberland Plateau",30-39,65,2,0
2020-08-30,Portsmouth,19-Oct,187,0,0
2020-08-30,Chesterfield,Missing,124,1,0
2020-08-30,Alexandria,40-49,606,46,0
2020-08-30,"Thomas Jefferson",70-79,156,28,13
2020-08-30,"Three Rivers",30-39,243,8,0
2020-08-30,"Western Tidewater",70-79,216,33,20
2020-08-30,Arlington,60-69,336,86,19
2020-08-30,"Cumberland Plateau",19-Oct,83,1,0
2020-08-30,"West Piedmont",30-39,213,6,0
2020-08-30,Peninsula,19-Oct,237,1,0
2020-08-30,Lenowisco,19-Oct,63,0,0
2020-08-30,Chickahominy,50-59,223,25,1
2020-08-30,Alleghany,40-49,162,5,0
2020-08-30,"Prince William",50-59,1932,229,19
2020-08-30,"Mount Rogers",0-9,72,1,0
2020-08-30,"Eastern Shore",0-9,28,3,0
2020-08-30,"Thomas Jefferson",60-69,216,40,4
2020-08-30,Pittsylvania-Danville,70-79,69,19,2
2020-08-30,Chesterfield,80+,178,43,51
2020-08-30,Richmond,0-9,141,6,0
2020-08-30,Chesapeake,80+,165,49,25
2020-08-30,Peninsula,40-49,537,17,1
2020-08-30,Henrico,0-9,176,5,0
2020-08-30,Lenowisco,80+,23,5,1
2020-08-30,Piedmont,60-69,199,26,5
2020-08-30,"West Piedmont",0-9,46,2,0
2020-08-30,"Rappahannock Rapidan",70-79,78,15,9
2020-08-30,"Central Shenandoah",70-79,189,57,18
2020-08-30,Chesapeake,30-39,699,23,0
2020-08-30,Chickahominy,0-9,31,0,0
2020-08-30,"Prince William",0-9,563,12,0
2020-08-30,"Eastern Shore",50-59,291,24,6
2020-08-30,"Mount Rogers",50-59,277,22,3
2020-08-30,Loudoun,19-Oct,831,2,0
2020-08-30,Southside,80+,94,12,13
2020-08-30,"Central Virginia",80+,96,13,7
2020-08-30,Rappahannock,Missing,29,1,0
2020-08-30,"Rappahannock Rapidan",30-39,437,20,1
2020-08-30,"New River",50-59,89,6,0
2020-08-30,Richmond,80+,84,32,11
2020-08-30,"Mount Rogers",20-29,306,0,0
2020-08-30,"Eastern Shore",20-29,214,6,0
2020-08-30,Hampton,19-Oct,97,0,0
2020-08-30,Portsmouth,0-9,73,4,0
2020-08-30,Crater,70-79,230,51,23
2020-08-30,Chesterfield,40-49,912,42,3
2020-08-30,Alexandria,Missing,11,0,0
2020-08-30,Southside,30-39,183,4,0
2020-08-30,"Prince William",Missing,193,3,0
2020-08-30,Hampton,60-69,143,11,6
2020-08-30,Fairfax,20-29,3224,104,3
2020-08-30,"Thomas Jefferson",0-9,109,1,0
2020-08-30,Lenowisco,40-49,105,5,0
2020-08-30,"Central Virginia",19-Oct,248,2,0
2020-08-30,Lenowisco,70-79,71,24,7
2020-08-30,Arlington,50-59,481,77,6
2020-08-30,Piedmont,70-79,102,28,8
2020-08-30,Alexandria,60-69,263,57,3
2020-08-30,Portsmouth,30-39,387,18,1
2020-08-30,Lenowisco,20-29,90,0,0
2020-08-30,"Central Virginia",30-39,302,11,0
2020-08-30,Norfolk,19-Oct,274,2,0
2020-08-30,"New River",19-Oct,242,0,0
2020-08-30,"Central Virginia",20-29,552,3,0
2020-08-30,Rappahannock,50-59,650,64,5
2020-08-30,Rappahannock,60-69,343,66,9
2020-08-30,Piedmont,20-29,306,3,0
2020-08-30,"New River",60-69,58,8,2
2020-08-30,Roanoke,40-49,170,6,0
2020-08-30,"Three Rivers",20-29,235,4,0
2020-08-30,Rappahannock,40-49,732,52,2
2020-08-30,Portsmouth,80+,54,13,7
2020-08-30,"Central Shenandoah",Missing,2,0,0
2020-08-30,"Eastern Shore",70-79,62,23,12
2020-08-30,"Mount Rogers",70-79,199,58,21
2020-08-30,"Cumberland Plateau",70-79,38,5,0
2020-08-30,Piedmont,19-Oct,69,0,0
2020-08-30,Southside,20-29,139,2,0
2020-08-30,Chesterfield,50-59,746,64,7
2020-08-30,"Rappahannock Rapidan",20-29,420,6,0
2020-08-30,"Cumberland Plateau",60-69,60,12,2
2020-08-30,Roanoke,70-79,36,7,2
2020-08-30,"Central Shenandoah",20-29,738,11,0
2020-08-30,Pittsylvania-Danville,80+,77,15,10
2020-08-30,"Virginia Beach",80+,210,66,34
2020-08-30,"Central Shenandoah",50-59,522,44,5
2020-08-30,Lenowisco,Missing,0,0,0
2020-08-30,Fairfax,30-39,3537,226,8
2020-08-30,Lenowisco,60-69,98,12,2
2020-08-30,Loudoun,30-39,1011,36,0
2020-08-30,"West Piedmont",80+,119,45,14
2020-08-30,Roanoke,80+,62,6,12
2020-08-30,Fairfax,40-49,3283,324,14
2020-08-30,"Thomas Jefferson",80+,181,38,31
2020-08-30,Roanoke,20-29,267,5,0
2020-08-30,Henrico,60-69,405,65,37
2020-08-30,"Lord Fairfax",40-49,422,20,1
2020-08-30,"Western Tidewater",Missing,22,0,0
2020-08-30,Chickahominy,60-69,129,27,9
2020-08-30,Chesapeake,20-29,711,6,0
2020-08-30,"Three Rivers",Missing,10,1,0
2020-08-30,Henrico,19-Oct,382,5,0
2020-08-30,"Mount Rogers",30-39,264,13,0
2020-08-30,"Eastern Shore",30-39,252,11,0
2020-08-30,Chesapeake,0-9,125,1,0
2020-08-30,Peninsula,50-59,476,25,3
2020-08-30,"Cumberland Plateau",Missing,0,0,0
2020-08-30,Peninsula,60-69,319,36,5
2020-08-30,"Lord Fairfax",30-39,458,14,1
2020-08-30,"Virginia Beach",Missing,126,0,0
2020-08-30,Arlington,40-49,573,60,8
2020-08-30,"West Piedmont",19-Oct,128,0,0
2020-08-30,Chickahominy,70-79,96,28,7
2020-08-30,Pittsylvania-Danville,20-29,189,0,0
2020-08-30,Loudoun,50-59,880,72,4
2020-08-30,Richmond,30-39,799,44,1
2020-08-30,"Thomas Jefferson",Missing,3,0,0
2020-08-30,"Rappahannock Rapidan",80+,74,20,10
2020-08-30,"Lord Fairfax",Missing,2,0,0
2020-08-30,"Cumberland Plateau",50-59,84,11,0
2020-08-30,Loudoun,Missing,66,0,1
2020-08-30,Southside,50-59,151,13,1
2020-08-30,Chesterfield,20-29,1005,13,0
2020-08-30,Norfolk,70-79,175,55,17
2020-08-30,Alleghany,19-Oct,134,1,0
2020-08-30,Crater,80+,183,36,24
2020-08-30,Portsmouth,Missing,22,1,0
2020-08-30,"Western Tidewater",19-Oct,200,0,0
2020-08-30,Chesterfield,19-Oct,535,2,0
2020-08-30,Southside,60-69,126,17,6
2020-08-30,"Virginia Beach",0-9,199,1,0
2020-08-30,Lenowisco,50-59,108,11,1
2020-08-30,Chesapeake,70-79,207,61,6
2020-08-30,"Western Tidewater",80+,205,36,50
2020-08-30,"Thomas Jefferson",19-Oct,279,2,0
2020-08-30,Richmond,40-49,573,44,5
2020-08-30,"Lord Fairfax",50-59,446,35,4
2020-08-30,"Lord Fairfax",19-Oct,232,4,0
2020-08-30,"Rappahannock Rapidan",19-Oct,206,4,0
2020-08-30,Crater,50-59,540,51,4
2020-08-30,Arlington,Missing,16,1,0
2020-08-30,Roanoke,50-59,134,6,0
2020-08-30,Rappahannock,19-Oct,453,4,0
2020-08-30,Roanoke,19-Oct,135,1,0
2020-08-30,"Eastern Shore",Missing,6,0,0
2020-08-30,"Mount Rogers",Missing,0,0,0
2020-08-30,"Prince William",60-69,1042,197,50
2020-08-30,Alleghany,70-79,97,13,11
2020-08-30,Crater,20-29,516,9,0
2020-08-30,Loudoun,60-69,349,68,9
2020-08-30,Fairfax,0-9,714,26,0
2020-08-30,Roanoke,Missing,3,0,0
2020-08-30,Alexandria,20-29,603,12,1
2020-08-30,Portsmouth,70-79,118,30,10
2020-08-30,Alleghany,30-39,157,5,0
2020-08-30,"Prince William",20-29,2481,63,0
2020-08-30,Southside,70-79,96,15,17
2020-08-30,Piedmont,Missing,2,0,0
2020-08-30,Rappahannock,0-9,192,2,0
2020-08-30,Henrico,30-39,827,22,0
2020-08-30,"Prince William",19-Oct,1187,10,0
2020-08-30,Chickahominy,19-Oct,126,0,0
2020-08-30,"Lord Fairfax",0-9,91,2,0
2020-08-30,"Central Virginia",Missing,2,0,0
2020-08-30,Fairfax,60-69,1734,381,73
2020-08-30,Hampton,20-29,404,3,0
2020-08-30,"Central Shenandoah",40-49,505,17,0
2020-08-30,Pittsylvania-Danville,0-9,52,0,0
2020-08-30,Crater,30-39,558,9,0
2020-08-30,"Virginia Beach",70-79,268,74,21
2020-08-30,"Virginia Beach",30-39,1154,24,1
2020-08-30,Piedmont,0-9,38,0,0
2020-08-30,"Central Shenandoah",30-39,463,8,0
2020-08-30,Hampton,50-59,206,12,4
2020-08-30,Peninsula,70-79,201,50,16
2020-08-30,Arlington,20-29,774,23,0
2020-08-30,"West Piedmont",70-79,124,44,11
2020-08-30,Richmond,20-29,999,21,0
2020-08-30,Roanoke,0-9,49,0,0
2020-08-30,Hampton,30-39,286,3,0
2020-08-30,"Thomas Jefferson",30-39,425,13,0
2020-08-30,"Western Tidewater",40-49,391,10,3
2020-08-30,Richmond,50-59,432,76,3
2020-08-30,"Western Tidewater",50-59,498,25,4
2020-08-30,Crater,Missing,30,0,0
2020-08-30,Chesterfield,0-9,213,2,0
2020-08-30,"Central Shenandoah",19-Oct,236,1,0
2020-08-30,Crater,0-9,62,2,0
2020-08-30,Fairfax,70-79,774,270,121
2020-08-30,Rappahannock,80+,170,66,27
2020-08-30,Alexandria,19-Oct,239,5,0
2020-08-30,Portsmouth,40-49,331,19,2
2020-08-30,"Three Rivers",50-59,191,14,0
2020-08-30,Alleghany,Missing,2,0,0
2020-08-30,Alexandria,30-39,778,37,1
2020-08-30,Southside,Missing,1,0,0
2020-08-30,Portsmouth,60-69,259,35,10
2020-08-30,Roanoke,30-39,252,5,0
2020-08-30,"Three Rivers",60-69,141,20,3
2020-08-30,Fairfax,50-59,2804,376,40
2020-08-30,Portsmouth,50-59,313,39,4
2020-08-30,Chickahominy,80+,99,40,30
2020-08-30,"Rappahannock Rapidan",50-59,341,35,2
2020-08-30,Fairfax,80+,886,330,310
2020-08-30,Hampton,Missing,32,0,0
2020-08-30,"Cumberland Plateau",80+,28,10,5
2020-08-30,Alleghany,50-59,174,10,1
2020-08-30,"Prince William",40-49,2610,189,8
2020-08-30,Fairfax,Missing,184,6,0
2020-08-30,"Virginia Beach",40-49,799,31,2
2020-08-30,Richmond,Missing,28,1,0
2020-08-30,Norfolk,40-49,511,31,2
2020-08-30,Piedmont,80+,66,24,21
2020-08-30,"Virginia Beach",60-69,530,70,7
2020-08-30,"West Piedmont",40-49,253,17,3
2020-08-30,Arlington,19-Oct,188,5,0
2020-08-30,Lenowisco,0-9,28,0,0
2020-08-30,Pittsylvania-Danville,50-59,264,24,1
2020-08-30,"Virginia Beach",50-59,701,42,3
2020-08-30,Chesapeake,Missing,44,1,0
2020-08-30,"Central Shenandoah",80+,166,43,23
2020-08-30,"Thomas Jefferson",40-49,357,20,0
2020-08-30,"Rappahannock Rapidan",60-69,195,25,5
2020-08-30,Norfolk,30-39,777,34,1
2020-08-30,"Rappahannock Rapidan",Missing,13,0,0
2020-08-30,"Lord Fairfax",80+,214,48,53
2020-08-30,"Three Rivers",19-Oct,73,1,0
2020-08-30,Piedmont,40-49,302,13,0
2020-08-30,Norfolk,80+,104,26,15
2020-08-30,Peninsula,20-29,955,1,0
2020-08-30,Norfolk,50-59,495,50,5
2020-08-30,"Thomas Jefferson",50-59,283,22,2
2020-08-30,Richmond,70-79,151,65,19
2020-08-30,Chesterfield,70-79,197,41,28
2020-08-30,Piedmont,30-39,339,6,0
2020-08-30,"Prince William",30-39,2425,111,2
2020-08-30,Alleghany,20-29,235,1,0
2020-08-30,Alleghany,0-9,37,0,0
2020-08-30,"Mount Rogers",40-49,272,7,2
2020-08-30,"Eastern Shore",40-49,264,13,2
2020-08-30,"Central Virginia",60-69,234,20,2
2020-08-30,Richmond,19-Oct,353,5,0
2020-08-30,Pittsylvania-Danville,60-69,179,24,4
2020-08-30,Pittsylvania-Danville,Missing,1,0,0
2020-08-30,Chesterfield,60-69,460,74,18
2020-08-30,Southside,19-Oct,34,0,0
2020-08-30,"New River",80+,30,5,3
2020-08-30,"Central Virginia",50-59,342,9,4
2020-08-30,Hampton,70-79,75,13,4
2020-08-30,Pittsylvania-Danville,19-Oct,92,0,0
2020-08-30,Richmond,60-69,319,79,8
2020-08-30,Chickahominy,40-49,152,14,1
2020-08-30,"Three Rivers",80+,56,14,7
2020-08-30,Rappahannock,30-39,789,28,0
2020-08-31,Norfolk,0-9,156,3,0
2020-08-31,"Cumberland Plateau",40-49,89,5,0
2020-08-31,"Eastern Shore",10-19,72,1,0
2020-08-31,"Mount Rogers",10-19,158,1,0
2020-08-31,"Rappahannock Rapidan",0-9,111,1,0
2020-08-31,"Three Rivers",0-9,30,1,0
2020-08-31,Henrico,40-49,688,42,2
2020-08-31,Alexandria,50-59,436,61,12
2020-08-31,Arlington,0-9,88,2,0
2020-08-31,Chickahominy,Missing,18,0,0
2020-08-31,"New River",20-29,491,0,0
2020-08-31,"Virginia Beach",20-29,1543,12,0
2020-08-31,Chesapeake,50-59,556,54,2
2020-08-31,Alleghany,80+,51,12,6
2020-08-31,Fairfax,10-19,1368,35,0
2020-08-31,Chesapeake,60-69,419,80,13
2020-08-31,"West Piedmont",Missing,0,0,0
2020-08-31,Peninsula,80+,115,34,27
2020-08-31,Crater,40-49,463,25,1
2020-08-31,Chesapeake,40-49,570,42,1
2020-08-31,"Thomas Jefferson",20-29,457,3,0
2020-08-31,"Lord Fairfax",20-29,464,8,0
2020-08-31,Norfolk,20-29,1433,16,0
2020-08-31,Arlington,30-39,672,45,0
2020-08-31,"West Piedmont",60-69,198,35,3
2020-08-31,Henrico,50-59,584,66,12
2020-08-31,"West Piedmont",50-59,284,44,3
2020-08-31,"Cumberland Plateau",20-29,73,0,0
2020-08-31,Alexandria,70-79,120,44,18
2020-08-31,Portsmouth,20-29,469,16,0
2020-08-31,"Western Tidewater",30-39,437,18,2
2020-08-31,"Central Shenandoah",0-9,104,0,0
2020-08-31,Henrico,80+,392,89,92
2020-08-31,Alexandria,0-9,204,2,0
2020-08-31,Pittsylvania-Danville,40-49,231,11,1
2020-08-31,Henrico,20-29,799,21,1
2020-08-31,Roanoke,60-69,82,8,1
2020-08-31,Peninsula,30-39,693,16,3
2020-08-31,Alleghany,60-69,108,11,1
2020-08-31,"Prince William",70-79,412,123,54
2020-08-31,Norfolk,60-69,406,67,12
2020-08-31,Southside,40-49,157,6,0
2020-08-31,Chesterfield,30-39,1068,22,1
2020-08-31,Loudoun,70-79,182,58,19
2020-08-31,"Central Virginia",40-49,308,3,0
2020-08-31,"New River",Missing,7,0,0
2020-08-31,Chickahominy,20-29,194,3,0
2020-08-31,"New River",0-9,20,0,0
2020-08-31,"Cumberland Plateau",0-9,19,0,0
2020-08-31,"Three Rivers",70-79,69,15,8
2020-08-31,"Rappahannock Rapidan",40-49,405,24,3
2020-08-31,Hampton,0-9,41,0,0
2020-08-31,Piedmont,50-59,264,27,4
2020-08-31,Rappahannock,20-29,900,18,0
2020-08-31,"Virginia Beach",0-9,202,1,0
2020-08-31,Lenowisco,50-59,108,11,1
2020-08-31,Chesapeake,70-79,208,61,6
2020-08-31,"Western Tidewater",80+,205,36,50
2020-08-31,"Thomas Jefferson",10-19,285,2,0
2020-08-31,Richmond,40-49,574,44,5
2020-08-31,"Lord Fairfax",50-59,447,35,4
2020-08-31,"Lord Fairfax",10-19,232,4,0
2020-08-31,"Rappahannock Rapidan",10-19,207,4,0
2020-08-31,Crater,50-59,546,52,4
2020-08-31,Arlington,Missing,16,1,0
2020-08-31,Roanoke,50-59,135,6,0
2020-08-31,Rappahannock,10-19,458,4,0
2020-08-31,Roanoke,10-19,137,1,0
2020-08-31,"Eastern Shore",Missing,6,0,0
2020-08-31,"Mount Rogers",Missing,0,0,0
2020-08-31,"Prince William",60-69,1046,197,51
2020-08-31,Alleghany,70-79,97,13,11
2020-08-31,Crater,20-29,519,9,0
2020-08-31,Loudoun,60-69,351,68,9
2020-08-31,Fairfax,0-9,718,26,0
2020-08-31,Roanoke,Missing,3,0,0
2020-08-31,Alexandria,20-29,607,12,1
2020-08-31,Portsmouth,70-79,118,30,10
2020-08-31,Alleghany,30-39,163,5,0
2020-08-31,"Prince William",20-29,2498,63,0
2020-08-31,Southside,70-79,99,15,17
2020-08-31,Piedmont,Missing,2,0,0
2020-08-31,Rappahannock,0-9,193,2,0
2020-08-31,Henrico,30-39,835,22,0
2020-08-31,"Prince William",10-19,1199,10,0
2020-08-31,Chickahominy,10-19,129,0,0
2020-08-31,"Lord Fairfax",0-9,91,2,0
2020-08-31,"Central Virginia",Missing,2,0,0
2020-08-31,Fairfax,60-69,1741,382,74
2020-08-31,Hampton,20-29,405,3,0
2020-08-31,"Central Shenandoah",40-49,508,17,0
2020-08-31,Pittsylvania-Danville,0-9,53,0,0
2020-08-31,Crater,30-39,571,9,0
2020-08-31,"Virginia Beach",70-79,271,74,21
2020-08-31,"Virginia Beach",30-39,1162,24,1
2020-08-31,Piedmont,0-9,38,0,0
2020-08-31,"Central Shenandoah",30-39,464,8,0
2020-08-31,Hampton,50-59,207,12,4
2020-08-31,Peninsula,70-79,203,50,16
2020-08-31,Arlington,20-29,777,23,0
2020-08-31,"West Piedmont",70-79,124,44,11
2020-08-31,Richmond,20-29,1009,21,0
2020-08-31,Roanoke,0-9,49,0,0
2020-08-31,Hampton,30-39,288,3,0
2020-08-31,"Thomas Jefferson",30-39,427,13,0
2020-08-31,"Western Tidewater",40-49,391,10,3
2020-08-31,Richmond,50-59,434,76,3
2020-08-31,"Western Tidewater",50-59,501,25,4
2020-08-31,Lenowisco,10-19,63,0,0
2020-08-31,Chesapeake,0-9,126,1,0
2020-08-31,Peninsula,50-59,480,25,3
2020-08-31,"Cumberland Plateau",Missing,0,0,0
2020-08-31,Peninsula,60-69,323,36,5
2020-08-31,"Lord Fairfax",30-39,458,14,1
2020-08-31,"Virginia Beach",Missing,126,0,0
2020-08-31,Arlington,40-49,576,61,9
2020-08-31,"West Piedmont",10-19,128,0,0
2020-08-31,Chickahominy,70-79,97,28,7
2020-08-31,Pittsylvania-Danville,20-29,190,0,0
2020-08-31,Loudoun,50-59,884,72,4
2020-08-31,Richmond,30-39,802,44,1
2020-08-31,"Thomas Jefferson",Missing,3,0,0
2020-08-31,"Rappahannock Rapidan",80+,75,20,10
2020-08-31,"Lord Fairfax",Missing,2,0,0
2020-08-31,"Cumberland Plateau",50-59,88,12,0
2020-08-31,Loudoun,Missing,66,0,1
2020-08-31,Southside,50-59,156,13,1
2020-08-31,Chesterfield,20-29,1013,13,0
2020-08-31,Norfolk,70-79,178,55,17
2020-08-31,Alleghany,10-19,140,1,0
2020-08-31,Crater,80+,184,36,24
2020-08-31,Portsmouth,Missing,22,1,0
2020-08-31,"Western Tidewater",10-19,200,0,0
2020-08-31,Chesterfield,10-19,536,2,0
2020-08-31,Southside,60-69,131,17,6
2020-08-31,Crater,Missing,30,0,0
2020-08-31,Arlington,50-59,482,77,6
2020-08-31,Piedmont,70-79,102,28,8
2020-08-31,Alexandria,60-69,263,57,3
2020-08-31,Portsmouth,30-39,387,18,1
2020-08-31,Lenowisco,20-29,90,0,0
2020-08-31,"Central Virginia",30-39,305,11,0
2020-08-31,Norfolk,10-19,276,2,0
2020-08-31,"New River",10-19,255,0,0
2020-08-31,"Central Virginia",20-29,558,3,0
2020-08-31,Rappahannock,50-59,651,64,5
2020-08-31,Rappahannock,60-69,343,66,9
2020-08-31,Piedmont,20-29,306,3,0
2020-08-31,"New River",60-69,59,8,2
2020-08-31,Roanoke,40-49,174,6,0
2020-08-31,"Three Rivers",20-29,235,4,0
2020-08-31,Rappahannock,40-49,737,52,2
2020-08-31,Portsmouth,80+,54,13,7
2020-08-31,"Central Shenandoah",Missing,2,0,0
2020-08-31,"Eastern Shore",70-79,64,23,12
2020-08-31,"Mount Rogers",70-79,201,58,21
2020-08-31,"Cumberland Plateau",70-79,38,5,0
2020-08-31,Piedmont,10-19,69,0,0
2020-08-31,Southside,20-29,140,2,0
2020-08-31,Chesterfield,50-59,750,64,7
2020-08-31,"Rappahannock Rapidan",20-29,423,6,0
2020-08-31,"Cumberland Plateau",60-69,62,13,2
2020-08-31,Roanoke,70-79,38,7,2
2020-08-31,"Central Shenandoah",20-29,777,11,0
2020-08-31,Pittsylvania-Danville,80+,78,15,12
2020-08-31,"Virginia Beach",80+,212,66,34
2020-08-31,"Central Shenandoah",50-59,526,44,6
2020-08-31,Lenowisco,Missing,0,0,0
2020-08-31,Fairfax,30-39,3555,226,9
2020-08-31,Lenowisco,60-69,101,12,2
2020-08-31,Loudoun,30-39,1014,36,0
2020-08-31,"West Piedmont",80+,120,45,14
2020-08-31,Roanoke,80+,61,6,12
2020-08-31,Fairfax,40-49,3299,325,15
2020-08-31,"Thomas Jefferson",80+,181,38,31
2020-08-31,Roanoke,20-29,268,5,0
2020-08-31,Henrico,60-69,406,65,37
2020-08-31,"Lord Fairfax",40-49,424,20,1
2020-08-31,"Western Tidewater",Missing,22,0,0
2020-08-31,Chickahominy,60-69,129,27,9
2020-08-31,Chesapeake,20-29,713,6,0
2020-08-31,"Three Rivers",Missing,10,1,0
2020-08-31,Henrico,10-19,387,5,0
2020-08-31,"Mount Rogers",30-39,266,13,0
2020-08-31,"Eastern Shore",30-39,252,11,0
2020-08-31,Chesterfield,0-9,213,2,0
2020-08-31,"Central Shenandoah",10-19,260,1,0
2020-08-31,Crater,0-9,62,2,0
2020-08-31,Fairfax,70-79,775,270,121
2020-08-31,Rappahannock,80+,172,66,27
2020-08-31,Alexandria,10-19,241,5,0
2020-08-31,Portsmouth,40-49,331,19,2
2020-08-31,"Three Rivers",50-59,197,14,0
2020-08-31,Alleghany,Missing,2,0,0
2020-08-31,Alexandria,30-39,778,37,1
2020-08-31,Southside,Missing,1,0,0
2020-08-31,Portsmouth,60-69,259,35,10
2020-08-31,Roanoke,30-39,253,5,0
2020-08-31,"Three Rivers",60-69,143,20,3
2020-08-31,Fairfax,50-59,2820,376,40
2020-08-31,Portsmouth,50-59,313,39,4
2020-08-31,Chickahominy,80+,99,40,30
2020-08-31,"Rappahannock Rapidan",50-59,341,35,2
2020-08-31,Fairfax,80+,888,330,310
2020-08-31,Hampton,Missing,32,0,0
2020-08-31,"Cumberland Plateau",80+,29,10,5
2020-08-31,Alleghany,50-59,177,10,1
2020-08-31,"Prince William",40-49,2633,189,8
2020-08-31,Fairfax,Missing,184,6,0
2020-08-31,"Virginia Beach",40-49,809,31,2
2020-08-31,Richmond,Missing,28,1,0
2020-08-31,Norfolk,40-49,518,31,2
2020-08-31,Piedmont,80+,66,24,21
2020-08-31,"Virginia Beach",60-69,532,70,7
2020-08-31,"West Piedmont",40-49,254,17,3
2020-08-31,Arlington,10-19,189,5,0
2020-08-31,Lenowisco,0-9,28,0,0
2020-08-31,Pittsylvania-Danville,50-59,264,24,1
2020-08-31,"Virginia Beach",50-59,706,42,3
2020-08-31,Chesapeake,Missing,43,1,0
2020-08-31,"Central Shenandoah",80+,166,43,23
2020-08-31,"Thomas Jefferson",40-49,357,20,0
2020-08-31,"Rappahannock Rapidan",60-69,195,25,5
2020-08-31,Norfolk,30-39,779,34,1
2020-08-31,"Rappahannock Rapidan",Missing,13,0,0
2020-08-31,"Lord Fairfax",80+,214,48,53
2020-08-31,"Three Rivers",10-19,75,1,0
2020-08-31,Piedmont,40-49,302,13,0
2020-08-31,Norfolk,80+,105,26,15
2020-08-31,Peninsula,20-29,961,1,0
2020-08-31,Norfolk,50-59,501,50,5
2020-08-31,"Thomas Jefferson",50-59,284,23,2
2020-08-31,Richmond,70-79,151,65,19
2020-08-31,Chesterfield,70-79,198,41,28
2020-08-31,Piedmont,30-39,339,6,0
2020-08-31,"Prince William",30-39,2435,111,2
2020-08-31,Alleghany,20-29,239,1,0
2020-08-31,Alleghany,0-9,37,0,0
2020-08-31,"Mount Rogers",40-49,273,7,2
2020-08-31,"Eastern Shore",40-49,264,13,2
2020-08-31,"Central Virginia",60-69,239,20,2
2020-08-31,Richmond,10-19,352,5,0
2020-08-31,Pittsylvania-Danville,60-69,180,24,4
2020-08-31,Pittsylvania-Danville,Missing,1,0,0
2020-08-31,Chesterfield,60-69,462,74,18
2020-08-31,Southside,10-19,37,0,0
2020-08-31,"New River",80+,30,5,3
2020-08-31,"Central Virginia",50-59,344,9,4
2020-08-31,Hampton,70-79,75,13,4
2020-08-31,Pittsylvania-Danville,10-19,92,0,0
2020-08-31,Richmond,60-69,321,80,8
2020-08-31,"West Piedmont",20-29,241,4,0
2020-08-31,Arlington,70-79,202,77,34
2020-08-31,Chickahominy,50-59,225,25,1
2020-08-31,Alleghany,40-49,164,5,0
2020-08-31,"Prince William",50-59,1943,229,19
2020-08-31,"Mount Rogers",0-9,72,1,0
2020-08-31,"Eastern Shore",0-9,28,3,0
2020-08-31,"Thomas Jefferson",60-69,216,40,4
2020-08-31,Pittsylvania-Danville,70-79,69,19,2
2020-08-31,Chesterfield,80+,178,43,51
2020-08-31,Richmond,0-9,141,6,0
2020-08-31,Chesapeake,80+,165,49,25
2020-08-31,Peninsula,40-49,542,17,1
2020-08-31,Henrico,0-9,176,5,0
2020-08-31,Lenowisco,80+,23,5,1
2020-08-31,Piedmont,60-69,199,26,5
2020-08-31,"West Piedmont",0-9,46,2,0
2020-08-31,"Rappahannock Rapidan",70-79,78,15,9
2020-08-31,"Central Shenandoah",70-79,189,57,18
2020-08-31,Chesapeake,30-39,704,24,0
2020-08-31,Chickahominy,0-9,32,0,0
2020-08-31,"Prince William",0-9,565,12,0
2020-08-31,"Eastern Shore",50-59,291,24,6
2020-08-31,"Mount Rogers",50-59,282,22,3
2020-08-31,Loudoun,10-19,840,2,0
2020-08-31,Southside,80+,94,12,13
2020-08-31,"Central Virginia",80+,97,13,7
2020-08-31,Rappahannock,Missing,29,1,0
2020-08-31,"Rappahannock Rapidan",30-39,437,20,1
2020-08-31,"New River",50-59,89,6,0
2020-08-31,Richmond,80+,85,33,11
2020-08-31,"Mount Rogers",20-29,307,0,0
2020-08-31,"Eastern Shore",20-29,214,6,0
2020-08-31,Hampton,10-19,98,0,0
2020-08-31,Portsmouth,0-9,73,4,0
2020-08-31,Crater,70-79,232,51,23
2020-08-31,Chesterfield,40-49,913,42,3
2020-08-31,Alexandria,Missing,11,0,0
2020-08-31,Southside,30-39,187,4,0
2020-08-31,"Prince William",Missing,193,3,0
2020-08-31,Hampton,60-69,148,11,6
2020-08-31,Fairfax,20-29,3255,104,3
2020-08-31,"Thomas Jefferson",0-9,109,1,0
2020-08-31,Lenowisco,40-49,107,5,0
2020-08-31,"Central Virginia",10-19,252,2,0
2020-08-31,Lenowisco,70-79,73,24,7
2020-08-31,Chickahominy,40-49,152,14,1
2020-08-31,"Three Rivers",80+,56,14,7
2020-08-31,Rappahannock,30-39,792,28,0
2020-08-31,"Lord Fairfax",60-69,284,56,14
2020-08-31,"Western Tidewater",0-9,83,1,0
2020-08-31,Rappahannock,70-79,175,47,19
2020-08-31,"Prince William",80+,282,96,81
2020-08-31,Hampton,80+,34,4,2
2020-08-31,Alexandria,80+,112,34,27
2020-08-31,"Mount Rogers",60-69,240,27,3
2020-08-31,"Eastern Shore",60-69,203,31,8
2020-08-31,"Lord Fairfax",70-79,189,53,20
2020-08-31,"New River",30-39,122,4,0
2020-08-31,Chesapeake,10-19,297,4,0
2020-08-31,Hampton,40-49,226,8,0
2020-08-31,Peninsula,Missing,44,0,0
2020-08-31,Henrico,70-79,291,63,47
2020-08-31,"Western Tidewater",20-29,409,6,0
2020-08-31,Peninsula,0-9,140,1,0
2020-08-31,Loudoun,40-49,1121,68,1
2020-08-31,Pittsylvania-Danville,30-39,218,2,0
2020-08-31,Loudoun,20-29,1059,13,0
2020-08-31,Crater,60-69,411,64,21
2020-08-31,Loudoun,80+,228,63,84
2020-08-31,Arlington,80+,216,90,70
2020-08-31,"Virginia Beach",10-19,465,1,0
2020-08-31,"Mount Rogers",80+,156,48,41
2020-08-31,"Eastern Shore",80+,55,25,20
2020-08-31,Crater,10-19,156,2,0
2020-08-31,Lenowisco,30-39,116,3,1
2020-08-31,Norfolk,Missing,42,1,0
2020-08-31,Henrico,Missing,50,1,1
2020-08-31,"New River",40-49,101,2,0
2020-08-31,"Central Virginia",0-9,71,0,0
2020-08-31,"New River",70-79,49,12,4
2020-08-31,Loudoun,0-9,234,4,0
2020-08-31,"Central Virginia",70-79,139,17,5
2020-08-31,Southside,0-9,17,0,0
2020-08-31,"Three Rivers",40-49,229,15,2
2020-08-31,Chickahominy,30-39,160,3,0
2020-08-31,"Central Shenandoah",60-69,370,53,15
2020-08-31,"Western Tidewater",60-69,368,32,11
2020-08-31,"Cumberland Plateau",30-39,66,2,0
2020-08-31,Portsmouth,10-19,187,0,0
2020-08-31,Chesterfield,Missing,124,1,0
2020-08-31,Alexandria,40-49,606,46,0
2020-08-31,"Thomas Jefferson",70-79,156,28,13
2020-08-31,"Three Rivers",30-39,243,8,0
2020-08-31,"Western Tidewater",70-79,220,33,21
2020-08-31,Arlington,60-69,337,86,19
2020-08-31,"Cumberland Plateau",10-19,84,1,0
2020-08-31,"West Piedmont",30-39,213,6,0
2020-08-31,Peninsula,10-19,242,1,0